,y_proba,y_test,Neg,Pos,TN,FP,FN,TP,FP/P,Prec
0,0.491702,0,1,0,1,605609,0,107956,5.609776205120605,0.1512910526721462
1,0.491783,0,6,0,7,605603,0,107956,5.609720626922079,0.15129232481126298
2,0.491793,0,1,0,8,605602,0,107956,5.609711363888992,0.15129253683652905
3,0.491798,0,1,0,9,605601,0,107956,5.6097021008559045,0.15129274886238941
4,0.4918,0,1,0,10,605600,0,107956,5.609692837822816,0.15129296088884403
5,0.491827,0,2,0,12,605598,0,107956,5.609674311756642,0.15129338494353617
6,0.491832,0,2,0,14,605596,0,107956,5.6096557856904665,0.15129380900060543
7,0.491845,0,1,0,15,605595,0,107956,5.609646522657379,0.15129402103003148
8,0.491847,0,3,0,18,605592,0,107956,5.609618733558117,0.15129465712187548
9,0.491859,0,2,0,20,605590,0,107956,5.609600207491941,0.1512950811860763
10,0.491866,0,2,0,22,605588,0,107956,5.609581681425766,0.15129550525265437
11,0.491874,0,1,0,23,605587,0,107956,5.609572418392679,0.15129571728683486
12,0.49188,0,2,0,25,605585,0,107956,5.609553892326503,0.15129614135697877
13,0.491886,0,1,0,26,605584,0,107956,5.609544629293416,0.15129635339294223
14,0.491897,0,4,0,30,605580,0,107956,5.609507577161065,0.15129720154273926
15,0.491899,0,1,0,31,605579,0,107956,5.609498314127978,0.15129741358167434
16,0.4919,0,1,0,32,605578,0,107956,5.609489051094891,0.15129762562120375
17,0.491922,0,1,0,33,605577,0,107956,5.609479788061803,0.1512978376613275
18,0.491926,0,2,0,35,605575,0,107956,5.6094612619956274,0.15129826174335803
19,0.491937,0,3,0,38,605572,0,107956,5.609433472896365,0.1512988978708614
20,0.49194,0,7,0,45,605565,0,107956,5.609368631664752,0.15130038218917172
21,0.491947,0,1,0,46,605564,0,107956,5.609359368631665,0.15130059423702208
22,0.49195,0,1,0,47,605563,0,107956,5.609350105598577,0.15130080628546683
23,0.491953,0,7,0,54,605556,0,107956,5.609285264366965,0.15130229064122258
24,0.491958,0,6,0,60,605550,0,107956,5.609229686168439,0.15130356296933734
25,0.491961,0,1,0,61,605549,0,107956,5.609220423135351,0.15130377502610354
26,0.491962,0,3,0,64,605546,0,107956,5.609192634036089,0.1513044111999686
27,0.491967,0,1,0,65,605545,0,107956,5.6091833710030015,0.15130462325911245
28,0.491968,0,2,0,67,605543,0,107956,5.609164844936826,0.15130504737918343
29,0.491972,0,2,0,69,605541,0,107956,5.609146318870651,0.1513054715016321
30,0.49198,0,2,0,71,605539,0,107956,5.609127792804476,0.1513058956264585
31,0.491982,0,2,0,73,605537,0,107956,5.609109266738301,0.15130631975366263
32,0.491987,0,1,0,74,605536,0,107956,5.609100003705214,0.15130653181815634
33,0.491991,0,1,0,75,605535,0,107956,5.6090907406721255,0.1513067438832445
34,0.491995,0,1,0,76,605534,0,107956,5.609081477639038,0.1513069559489271
35,0.492005,0,6,0,82,605528,0,107956,5.609025899440513,0.15130822835550622
36,0.492014,0,4,0,86,605524,0,107956,5.608988847308162,0.15130907663844817
37,0.492015,0,1,0,87,605523,0,107956,5.608979584275075,0.15130928871066984
38,0.492018,0,8,0,95,605515,0,107956,5.608905480010375,0.1513109853098444
39,0.49202,0,2,0,97,605513,0,107956,5.608886953944199,0.15131140946558294
40,0.492021,0,1,0,98,605512,0,107956,5.608877690911112,0.15131162154434397
41,0.492025,0,3,0,101,605509,0,107956,5.608849901811849,0.15131225778419405
42,0.492026,0,2,0,103,605507,0,107956,5.608831375745674,0.15131268194706662
43,0.492027,0,3,0,106,605504,0,107956,5.608803586646411,0.15131331819583438
44,0.49203,0,3,0,109,605501,0,107956,5.608775797547149,0.15131395444995283
45,0.492031,0,3,0,112,605498,0,107956,5.608748008447886,0.15131459070942205
46,0.492033,0,1,0,113,605497,0,107956,5.608738745414799,0.15131480279710086
47,0.492034,0,2,0,115,605495,0,107956,5.608720219348624,0.1513152269742421
48,0.49204,0,3,0,118,605492,0,107956,5.608692430249361,0.15131586324441304
49,0.492043,1,6,1,124,605486,1,107955,5.608636852050836,0.15131594623802108
50,0.492047,0,3,0,127,605483,1,107955,5.608609062951573,0.15131658252013488
51,0.492048,1,3,1,130,605480,2,107954,5.60858127385231,0.15131602923325774
52,0.492049,0,4,0,134,605476,2,107954,5.60854422171996,0.15131687761938803
53,0.49205,0,3,0,137,605473,2,107954,5.608516432620697,0.15131751391522888
54,0.492051,0,1,0,138,605472,2,107954,5.60850716958761,0.15131772601503168
55,0.492052,1,1,1,139,605471,3,107953,5.608497906554522,0.15131674852542107
56,0.492053,0,2,0,141,605469,3,107953,5.6084793804883475,0.15131717272525938
57,0.492057,0,1,0,142,605468,3,107953,5.608470117455259,0.15131738482607043
58,0.492059,0,1,0,143,605467,3,107953,5.608460854422172,0.1513175969274761
59,0.492061,0,1,0,144,605466,3,107953,5.608451591389084,0.15131780902947636
60,0.492062,0,1,0,145,605465,3,107953,5.608442328355997,0.15131802113207124
61,0.492063,0,2,0,147,605463,3,107953,5.608423802289821,0.15131844533904482
62,0.492066,0,1,0,148,605462,3,107953,5.608414539256734,0.15131865744342354
63,0.492069,0,1,0,149,605461,3,107953,5.608405276223647,0.15131886954839685
64,0.49207,0,1,0,150,605460,3,107953,5.608396013190559,0.15131908165396482
65,0.492075,0,4,0,154,605456,3,107953,5.608358961058209,0.15131993008218286
66,0.492076,0,2,0,156,605454,3,107953,5.608340434992034,0.15132035429985968
67,0.492078,0,2,0,158,605452,3,107953,5.608321908925858,0.15132077851991504
68,0.492079,0,1,0,159,605451,3,107953,5.608312645892771,0.1513209906308347
69,0.49208,0,1,0,160,605450,3,107953,5.608303382859684,0.151321202742349
70,0.492082,0,1,0,161,605449,3,107953,5.608294119826596,0.15132141485445794
71,0.492083,0,3,0,164,605446,3,107953,5.608266330727333,0.15132205119435266
72,0.492086,0,2,0,166,605444,3,107953,5.608247804661159,0.15132247542392244
73,0.492087,0,5,0,171,605439,3,107953,5.608201489495721,0.15132353600825352
74,0.49209,1,4,1,175,605435,4,107952,5.60816443736337,0.1513231948437524
75,0.492091,0,2,0,177,605433,4,107952,5.608145911297195,0.1513236190836645
76,0.492093,0,6,0,183,605427,4,107952,5.60809033309867,0.15132489181767336
77,0.492095,0,9,0,192,605418,4,107952,5.6080069658008815,0.15132680095882922
78,0.492096,0,1,0,193,605417,4,107952,5.607997702767794,0.15132701308859792
79,0.492099,0,4,0,197,605413,4,107952,5.6079606506354445,0.15132786161361997
80,0.4921,0,4,0,201,605409,4,107952,5.607923598503094,0.1513287101481578
81,0.492101,0,1,0,202,605408,4,107952,5.6079143354700065,0.15132892228327913
82,0.492104,0,2,0,204,605406,4,107952,5.607895809403831,0.15132934655530603
83,0.492106,0,3,0,207,605403,4,107952,5.6078680203045685,0.15132998296780706
84,0.492107,0,1,0,208,605402,4,107952,5.607858757271481,0.15133019510649692
85,0.492108,0,1,0,209,605401,4,107952,5.607849494238393,0.15133040724578153
86,0.492109,0,1,0,210,605400,4,107952,5.607840231205306,0.15133061938566095
87,0.49211,0,3,0,213,605397,4,107952,5.607812442106043,0.15133125580886775
88,0.492111,0,1,0,214,605396,4,107952,5.607803179072955,0.15133146795112623
89,0.492112,0,1,0,215,605395,4,107952,5.607793916039868,0.15133168009397951
90,0.492113,0,3,0,218,605392,4,107952,5.607766126940605,0.151332316526108
91,0.492114,0,3,0,221,605389,4,107952,5.607738337841343,0.15133295296358965
92,0.492115,0,7,0,228,605382,4,107952,5.6076734966097295,0.15133443800519814
93,0.492116,0,6,0,234,605376,4,107952,5.607617918411204,0.15133571092120315
94,0.492119,0,1,0,235,605375,4,107952,5.607608655378117,0.15133592307595253
95,0.492121,0,2,0,237,605373,4,107952,5.607590129311942,0.15133634738723584
96,0.492122,0,1,0,238,605372,4,107952,5.607580866278854,0.15133655954376973
97,0.492123,0,5,0,243,605367,4,107952,5.6075345511134165,0.15133762033536188
98,0.492126,0,1,0,244,605366,4,107952,5.607525288080329,0.15133783249546487
99,0.492127,0,4,0,248,605362,4,107952,5.6074882359479785,0.15133868114182533
100,0.492128,1,7,1,255,605355,5,107951,5.607423394716366,0.15133897654022258
101,0.492129,0,3,0,258,605352,5,107951,5.6073956056171035,0.1513396130396199
102,0.49213,0,3,0,261,605349,5,107951,5.607367816517841,0.15134024954437122
103,0.492132,0,2,0,263,605347,5,107951,5.6073492904516655,0.1513406738838466
104,0.492138,0,1,0,264,605346,5,107951,5.607340027418578,0.1513408860544766
105,0.492139,1,2,1,266,605344,6,107950,5.607321501352403,0.15134012062347363
106,0.49214,0,2,0,268,605342,6,107950,5.607302975286228,0.15134054496615693
107,0.492141,0,1,0,269,605341,6,107950,5.60729371225314,0.15134075713839093
108,0.492144,1,4,1,273,605337,7,107949,5.60725666012079,0.1513404160462984
109,0.492149,0,1,0,274,605336,7,107949,5.607247397087702,0.15134062822013641
110,0.49215,1,6,1,280,605330,8,107948,5.607191818889177,0.15134071147574998
111,0.492151,0,4,0,284,605326,8,107948,5.6071547667568264,0.15134156018584724
112,0.492152,0,1,0,285,605325,8,107948,5.607145503723739,0.1513417723648589
113,0.492153,0,3,0,288,605322,8,107948,5.607117714624477,0.15134240890546358
114,0.492155,0,6,0,294,605316,8,107948,5.607062136425951,0.1513436820027367
115,0.492156,0,1,0,295,605315,8,107948,5.607052873392864,0.15134389418769795
116,0.492159,0,1,0,296,605314,8,107948,5.607043610359776,0.15134410637325416
117,0.492161,1,1,1,297,605313,9,107947,5.607034347326689,0.15134312873286038
118,0.492163,0,2,0,299,605311,9,107947,5.6070158212605135,0.15134355310420633
119,0.492167,0,5,0,304,605306,9,107947,5.6069695060950755,0.15134461404298336
120,0.492168,0,2,0,306,605304,9,107947,5.606950980028901,0.15134503842265906
121,0.492169,0,1,0,307,605303,9,107947,5.606941716995813,0.1513452506133894
122,0.492173,0,1,0,308,605302,9,107947,5.606932453962726,0.15134546280471475
123,0.492174,1,5,1,313,605297,10,107946,5.606886138797288,0.15134533391845417
124,0.492175,0,4,0,317,605293,10,107946,5.606849086664938,0.1513461826961229
125,0.492176,0,3,0,320,605290,10,107946,5.606821297565675,0.15134681928562216
126,0.492177,0,2,0,322,605288,10,107946,5.6068027714995,0.15134724368159677
127,0.492178,0,2,0,324,605286,10,107946,5.6067842454333245,0.15134766807995154
128,0.492179,1,4,1,328,605282,11,107945,5.606747193300975,0.1513473270080914
129,0.49218,0,1,0,329,605281,11,107945,5.606737930267887,0.15134753920917074
130,0.492181,1,8,1,337,605273,12,107944,5.606663826003187,0.15134804694784337
131,0.492182,0,1,0,338,605272,12,107944,5.606654562970099,0.1513482591529074
132,0.492183,0,2,0,340,605270,12,107944,5.606636036903923,0.15134868356482065
133,0.492185,0,1,0,341,605269,12,107944,5.606626773870836,0.1513488957716699
134,0.492186,0,4,0,345,605265,12,107944,5.606589721738486,0.1513497446050176
135,0.492188,0,9,0,354,605256,12,107944,5.606506354440698,0.1513516545148626
136,0.49219,2,9,2,363,605247,14,107942,5.60642298714291,0.15135118460884842
137,0.492191,0,2,0,365,605245,14,107942,5.606404461076735,0.15135160904503306
138,0.492193,0,3,0,368,605242,14,107942,5.606376671977472,0.1513522457037735
139,0.492194,0,7,0,375,605235,14,107942,5.6063118307458595,0.15135373126166435
140,0.492196,0,1,0,376,605234,14,107942,5.606302567712772,0.15135394348660078
141,0.492197,0,6,0,382,605228,14,107942,5.606246989514246,0.1513552168487177
142,0.492198,0,7,0,389,605221,14,107942,5.606182148282634,0.15135670246493438
143,0.492199,0,3,0,392,605218,14,107942,5.606154359183371,0.15135733916652644
144,0.4922,0,2,0,394,605216,14,107942,5.606135833117196,0.15135776363723047
145,0.492201,0,1,0,395,605215,14,107942,5.6061265700841085,0.15135797587347527
146,0.492202,0,6,0,401,605209,14,107942,5.606070991885583,0.15135924930344344
147,0.492203,0,5,0,406,605204,14,107942,5.606024676720145,0.15136031051145207
148,0.492207,0,1,0,407,605203,14,107942,5.606015413687057,0.15136052275483947
149,0.492208,0,1,0,408,605202,14,107942,5.60600615065397,0.1513607349988221
150,0.49221,1,5,1,413,605197,15,107941,5.605959835488532,0.15136060622207764
151,0.492211,0,1,0,414,605196,15,107941,5.605950572455445,0.15136081846826066
152,0.492212,0,9,0,423,605187,15,107941,5.605867205157657,0.15136272871069428
153,0.492215,0,2,0,425,605185,15,107941,5.605848679091482,0.1513631532155608
154,0.492216,1,2,1,427,605183,16,107940,5.605830153025306,0.1513623876946894
155,0.492218,0,3,0,430,605180,16,107940,5.605802363926044,0.15136302445591204
156,0.492219,0,4,0,434,605176,16,107940,5.605765311793694,0.15136387347920954
157,0.49222,0,5,0,439,605171,16,107940,5.605718996628256,0.15136493477172558
158,0.492222,0,5,0,444,605166,16,107940,5.605672681462818,0.1513659960791243
159,0.492223,0,5,0,449,605161,16,107940,5.60562636629738,0.15136705740140596
160,0.492224,1,2,1,451,605159,17,107939,5.6056078402312055,0.15136629187012163
161,0.492227,0,4,0,455,605155,17,107939,5.605570788098855,0.15136714093794085
162,0.492228,0,2,0,457,605153,17,107939,5.60555226203268,0.15136756547542252
163,0.492229,0,2,0,459,605151,17,107939,5.605533735966505,0.1513679900152856
164,0.49223,0,4,0,463,605147,17,107939,5.605496683834154,0.15136883910215598
165,0.492231,0,2,0,465,605145,17,107939,5.60547815776798,0.15136926364916337
166,0.492233,0,4,0,469,605141,17,107939,5.605441105635629,0.15137011275032256
167,0.492234,0,1,0,470,605140,17,107939,5.605431842602542,0.1513703250271008
168,0.492235,0,1,0,471,605139,17,107939,5.6054225795694546,0.15137053730447442
169,0.492238,0,4,0,475,605135,17,107939,5.605385527437104,0.15137138641992276
170,0.492239,0,2,0,477,605133,17,107939,5.6053670013709285,0.1513718109812193
171,0.49224,1,3,1,480,605130,18,107938,5.605339212271666,0.15137125772016133
172,0.492241,0,1,0,481,605129,18,107938,5.605329949238579,0.15137147000211762
173,0.492242,0,4,0,485,605125,18,107938,5.605292897106229,0.15137231913589683
174,0.492243,1,6,1,491,605119,19,107937,5.605237318907703,0.15137240272853744
175,0.492244,0,5,0,496,605114,19,107937,5.605191003742266,0.15137346417016453
176,0.492245,0,1,0,497,605113,19,107937,5.6051817407091775,0.15137367646027627
177,0.492246,0,4,0,501,605109,19,107937,5.605144688576828,0.15137452562667766
178,0.492248,2,6,2,507,605103,21,107935,5.6050891103783025,0.15137341908846372
179,0.492249,0,1,0,508,605102,21,107935,5.605079847345214,0.1513736313823827
180,0.49225,0,2,0,510,605100,21,107935,5.60506132127904,0.15137405597200698
181,0.492252,1,1,1,511,605099,22,107934,5.605052058245952,0.15137307810437947
182,0.492254,0,1,0,512,605098,22,107934,5.6050427952128645,0.15137329039930886
183,0.492255,0,3,0,515,605095,22,107934,5.605015006113602,0.15137392728766993
184,0.492256,0,4,0,519,605091,22,107934,5.604977953981251,0.15137477648048805
185,0.492257,0,4,0,523,605087,22,107934,5.604940901848901,0.15137562568283403
186,0.492258,0,1,0,524,605086,22,107934,5.604931638815814,0.15137583798490925
187,0.492261,0,12,0,536,605074,22,107934,5.604820482418763,0.1513783856562619
188,0.492262,0,1,0,537,605073,22,107934,5.604811219385676,0.1513785979660789
189,0.492263,0,10,0,547,605063,22,107934,5.6047185890548,0.1513807210970032
190,0.492264,0,2,0,549,605061,22,107934,5.604700062988625,0.1513811457303347
191,0.492266,0,5,0,554,605056,22,107934,5.604653747823187,0.1513822073240859
192,0.492267,0,4,0,558,605052,22,107934,5.604616695690837,0.1513830566098072
193,0.492268,0,2,0,560,605050,22,107934,5.604598169624662,0.15138348125624138
194,0.492269,0,2,0,562,605048,22,107934,5.604579643558487,0.1513839059050579
195,0.492273,0,6,0,568,605042,22,107934,5.6045240653599615,0.15138517986580194
196,0.492274,0,2,0,570,605040,22,107934,5.604505539293786,0.15138560452414815
197,0.492275,0,3,0,573,605037,22,107934,5.6044777501945235,0.15138624151613458
198,0.492278,1,1,1,574,605036,23,107933,5.604468487161436,0.15138526359491086
199,0.492279,0,2,0,576,605034,23,107933,5.604449961095261,0.1513856882576613
200,0.49228,0,3,0,579,605031,23,107933,5.604422171995998,0.15138632525625417
201,0.492281,0,5,0,584,605026,23,107933,5.60437585683056,0.1513873869324884
202,0.492282,0,5,0,589,605021,23,107933,5.604329541665122,0.15138844862361386
203,0.492283,0,2,0,591,605019,23,107933,5.604311015598948,0.15138887330423367
204,0.492284,2,15,2,606,605004,25,107931,5.604172070102634,0.15138967788087274
205,0.492285,0,6,0,612,604998,25,107931,5.604116491904109,0.15139095197417976
206,0.492286,0,3,0,615,604995,25,107931,5.604088702804846,0.15139158902887537
207,0.492287,0,2,0,617,604993,25,107931,5.604070176738671,0.15139201373498437
208,0.492288,1,4,1,621,604989,26,107930,5.604033124606321,0.15139167282678678
209,0.49229,0,2,0,623,604987,26,107930,5.604014598540146,0.15139209753730098
210,0.492291,6,65,6,688,604922,32,107924,5.603412501389455,0.15139875933932434
211,0.492292,1,2,1,690,604920,33,107923,5.6033939753232795,0.15139799366760984
212,0.492293,0,8,0,698,604912,33,107923,5.603319871058579,0.1513996927760281
213,0.492295,0,2,0,700,604910,33,107923,5.6033013449924045,0.1514001175590917
214,0.492297,6,107,6,807,604803,39,107917,5.602310200452036,0.15141570322146145
215,0.492298,0,1,0,808,604802,39,107917,5.602300937418948,0.15141591566942933
216,0.492301,0,7,0,815,604795,39,107917,5.602236096187336,0.1514174028218972
217,0.492302,0,5,0,820,604790,39,107917,5.602189781021898,0.15141846509154533
218,0.492304,1,61,1,881,604729,40,107916,5.601624736003557,0.1514302352503701
219,0.492305,0,3,0,884,604726,40,107916,5.601596946904294,0.1514308727243132
220,0.492306,0,4,0,888,604722,40,107916,5.6015598947719445,0.15143172269791957
221,0.492307,0,7,0,895,604715,40,107916,5.601495053540331,0.1514332101746907
222,0.492308,4,51,4,946,604664,44,107912,5.601022638852866,0.15143928507275015
223,0.49231,0,3,0,949,604661,44,107912,5.6009948497536035,0.15143992264652184
224,0.492311,0,3,0,952,604658,44,107912,5.600967060654341,0.15144056022566205
225,0.492312,0,2,0,954,604656,44,107912,5.6009485345881656,0.15144098528140473
226,0.492313,3,69,3,1023,604587,47,107909,5.600309385305124,0.15145207832745727
227,0.492315,0,2,0,1025,604585,47,107909,5.6002908592389495,0.15145250345967826
228,0.492317,0,11,0,1036,604574,47,107909,5.600188965874986,0.15145484172955706
229,0.492318,0,4,0,1040,604570,47,107909,5.600151913742636,0.15145569202741413
230,0.492319,0,6,0,1046,604564,47,107909,5.6000963355441105,0.15145696749210147
231,0.49232,0,5,0,1051,604559,47,107909,5.6000500203786725,0.15145803039575112
232,0.492321,0,5,0,1056,604554,47,107909,5.600003705213235,0.15145909331431948
233,0.492322,0,6,0,1062,604548,47,107909,5.599948127014709,0.15146036883629468
234,0.492324,4,75,4,1137,604473,51,107905,5.5992533995331435,0.15147155021631775
235,0.492325,0,10,0,1147,604463,51,107905,5.599160769202268,0.151473676526739
236,0.492326,1,85,1,1232,604378,52,107904,5.598373411389826,0.15149056132262223
237,0.492327,1,0,1,1232,604378,53,107903,5.598373411389826,0.1514893700660273
238,0.492328,2,4,2,1236,604374,55,107901,5.598336359257475,0.15148783826471518
239,0.492329,0,1,0,1237,604373,55,107901,5.598327096224388,0.15148805094668624
240,0.492331,0,7,0,1244,604366,55,107901,5.5982622549927745,0.1514895397372053
241,0.492332,0,1,0,1245,604365,55,107901,5.598252991959687,0.15148975242395396
242,0.492333,0,6,0,1251,604359,55,107901,5.598197413761162,0.15149102855698762
243,0.492334,0,4,0,1255,604355,55,107901,5.598160361628811,0.1514918793242879
244,0.492335,0,4,0,1259,604351,55,107901,5.5981233094964615,0.15149273010114397
245,0.492337,1,126,1,1385,604225,56,107900,5.59695616732743,0.1515183429875373
246,0.492339,0,4,0,1389,604221,56,107900,5.59691911519508,0.15151919406954717
247,0.49234,0,13,0,1402,604208,56,107900,5.596798695764941,0.15152196015211175
248,0.492341,0,2,0,1404,604206,56,107900,5.596780169698766,0.15152238571223947
249,0.492342,0,2,0,1406,604204,56,107900,5.596761643632591,0.1515228112747576
250,0.492343,0,1,0,1407,604203,56,107900,5.596752380599503,0.15152302405691312
251,0.492345,0,6,0,1413,604197,56,107900,5.596696802400978,0.15152430076239615
252,0.492346,1,21,1,1434,604176,57,107899,5.596502278706139,0.15152757785345644
253,0.492347,0,3,0,1437,604173,57,107899,5.5964744896068765,0.15152821624779517
254,0.492348,0,3,0,1440,604170,57,107899,5.596446700507614,0.1515288546475131
255,0.49235,0,3,0,1443,604167,57,107899,5.596418911408351,0.1515294930526103
256,0.492352,0,8,0,1451,604159,57,107899,5.596344807143651,0.15153119549250202
257,0.492353,0,4,0,1455,604155,57,107899,5.596307755011301,0.15153204672679318
258,0.492354,0,3,0,1458,604152,57,107899,5.596279965912038,0.1515326851587878
259,0.492355,1,15,1,1473,604137,58,107898,5.596141020415725,0.15153468579493987
260,0.492356,0,2,0,1475,604135,58,107898,5.59612249434955,0.15153511143444195
261,0.492357,0,2,0,1477,604133,58,107898,5.596103968283375,0.15153553707633516
262,0.492358,0,2,0,1479,604131,58,107898,5.596085442217199,0.15153596272061953
263,0.492359,0,3,0,1482,604128,58,107898,5.596057653117937,0.15153660119152954
264,0.49236,0,2,0,1484,604126,58,107898,5.596039127051762,0.15153702684179185
265,0.492361,0,17,0,1501,604109,58,107898,5.595881655489273,0.15154064496556915
266,0.492362,1,11,1,1512,604098,59,107897,5.595779762125311,0.151541794535074
267,0.492363,0,3,0,1515,604095,59,107897,5.595751973026047,0.15154243306104562
268,0.492364,0,11,0,1526,604084,59,107897,5.595650079662085,0.15154477436897895
269,0.492365,0,9,0,1535,604075,59,107897,5.595566712364296,0.1515466900383723
270,0.492366,0,6,0,1541,604069,59,107897,5.595511134165771,0.15154796717820795
271,0.492367,1,4,1,1545,604065,60,107896,5.595474082033421,0.15154762690652998
272,0.492368,0,1,0,1546,604064,60,107896,5.595464819000333,0.151547839766279
273,0.492369,0,7,0,1553,604057,60,107896,5.595399977768721,0.15154932980126498
274,0.49237,0,12,0,1565,604045,60,107896,5.59528882137167,0.15155188421512455
275,0.492371,1,5,1,1570,604040,61,107895,5.595242506206232,0.15155175683173325
276,0.492372,1,34,1,1604,604006,62,107894,5.594927563081256,0.15155780306222785
277,0.492373,0,8,0,1612,603998,62,107894,5.594853458816555,0.15155950621723518
278,0.492374,0,3,0,1615,603995,62,107894,5.5948256697172924,0.1515601449102318
279,0.492375,1,5,1,1620,603990,63,107893,5.5947793545518545,0.1515600175871597
280,0.492376,0,6,0,1626,603984,63,107893,5.594723776353329,0.15156129499899562
281,0.492377,3,60,3,1686,603924,66,107890,5.5941679943680755,0.1515704945393038
282,0.492379,0,1,0,1687,603923,66,107890,5.594158731334988,0.15157070747513743
283,0.492381,0,3,0,1690,603920,66,107890,5.594130942235726,0.15157134628622806
284,0.492382,3,49,3,1739,603871,69,107887,5.593677053614435,0.151578204951683
285,0.492383,0,2,0,1741,603869,69,107887,5.593658527548261,0.1515786308791215
286,0.492384,1,2,1,1743,603867,70,107886,5.593640001482085,0.15157786479298296
287,0.492385,0,5,0,1748,603862,70,107886,5.593593686316647,0.15157892962115804
288,0.492386,0,5,0,1753,603857,70,107886,5.593547371151209,0.151579994464294
289,0.492387,0,2,0,1755,603855,70,107886,5.593528845085035,0.1515804204057375
290,0.492389,0,19,0,1774,603836,70,107886,5.593352847456371,0.1515844669688446
291,0.49239,0,5,0,1779,603831,70,107886,5.593306532290933,0.15158553188978202
292,0.492391,0,6,0,1785,603825,70,107886,5.593250954092408,0.1515868098146579
293,0.492392,0,9,0,1794,603816,70,107886,5.59316758679462,0.1515887267423725
294,0.492393,0,1,0,1795,603815,70,107886,5.593158323761532,0.1515889397373335
295,0.492394,1,6,1,1801,603809,71,107885,5.593102745563007,0.15158902562056165
296,0.492395,3,106,3,1907,603703,74,107882,5.592120864055726,0.1516080299612836
297,0.492396,2,26,2,1933,603677,76,107880,5.59188002519545,0.15161118504912466
298,0.492397,1,6,1,1939,603671,77,107879,5.591824446996925,0.15161127116857565
299,0.492398,6,78,6,2017,603593,83,107873,5.591101930416095,0.1516207380254292
300,0.492399,0,45,0,2062,603548,83,107873,5.5906850939271555,0.1516303285958666
301,0.4924,0,35,0,2097,603513,83,107873,5.590360887769091,0.15163778876727965
302,0.492401,0,1,0,2098,603512,83,107873,5.5903516247360034,0.15163800192582075
303,0.492402,1,23,1,2121,603489,84,107872,5.59013857497499,0.1516417121545882
304,0.492403,2,73,2,2194,603416,86,107870,5.5894623735595985,0.15165488987552123
305,0.492404,0,5,0,2199,603411,86,107870,5.589416058394161,0.1516559559442752
306,0.492405,0,1,0,2200,603410,86,107870,5.589406795361073,0.15165616915982455
307,0.492406,0,1,0,2201,603409,86,107870,5.589397532327985,0.15165638237597343
308,0.492407,0,1,0,2202,603408,86,107870,5.589388269294898,0.15165659559272182
309,0.492408,0,7,0,2209,603401,86,107870,5.589323428063285,0.15165808812674775
310,0.492409,0,1,0,2210,603400,86,107870,5.589314165030197,0.1516583013482925
311,0.49241,0,7,0,2217,603393,86,107870,5.589249323798585,0.15165979391589327
312,0.492411,0,3,0,2220,603390,86,107870,5.589221534699322,0.1516604335967157
313,0.492412,0,3,0,2223,603387,86,107870,5.589193745600059,0.1516610732829343
314,0.492413,0,12,0,2235,603375,86,107870,5.5890825892030085,0.1516636320817721
315,0.492414,0,1,0,2236,603374,86,107870,5.589073326169921,0.15166384531890603
316,0.492415,0,4,0,2240,603370,86,107870,5.5890362740375705,0.15166469827343793
317,0.492416,0,2,0,2242,603368,86,107870,5.589017747971396,0.15166512475430166
318,0.492417,0,1,0,2243,603367,86,107870,5.589008484938308,0.15166533799563295
319,0.492418,5,112,5,2355,603255,91,107865,5.587971025232502,0.15168326020924738
320,0.492419,0,6,0,2361,603249,91,107865,5.587915447033977,0.15168454003155613
321,0.49242,0,21,0,2382,603228,91,107865,5.5877209233391385,0.15168901957971742
322,0.492421,0,6,0,2388,603222,91,107865,5.587665345140612,0.1516902994992174
323,0.492423,0,2,0,2390,603220,91,107865,5.587646819074438,0.1516907261438506
324,0.492424,5,59,5,2449,603161,96,107860,5.587100300122272,0.151697347898304
325,0.492425,2,34,2,2483,603127,98,107858,5.586785356997296,0.15170221593985808
326,0.492426,2,14,2,2497,603113,100,107856,5.58665567453407,0.15170281685980683
327,0.492427,1,67,1,2564,603046,101,107855,5.586035051317204,0.15171592106355175
328,0.492428,1,6,1,2570,603040,102,107854,5.585979473118678,0.1517160082937822
329,0.492429,1,1,1,2571,603039,103,107853,5.58597021008559,0.15171502844313906
330,0.49243,1,8,1,2579,603031,104,107852,5.58589610582089,0.151715542501368
331,0.492431,0,8,0,2587,603023,104,107852,5.585822001556189,0.15171724986812027
332,0.492433,0,1,0,2588,603022,104,107852,5.585812738523102,0.15171746329166633
333,0.492434,0,16,0,2604,603006,104,107852,5.585664529993701,0.15172087815006655
334,0.492435,1,25,1,2629,602981,105,107851,5.585432954166512,0.1517250208206721
335,0.492436,0,24,0,2653,602957,105,107851,5.585210641372411,0.15173014372376226
336,0.492437,0,4,0,2657,602953,105,107851,5.5851735892400605,0.15173099757457753
337,0.492438,3,22,3,2679,602931,108,107848,5.584969802512134,0.15173211363869782
338,0.492439,0,18,0,2697,602913,108,107848,5.584803067916559,0.1517359562497098
339,0.49244,0,16,0,2713,602897,108,107848,5.584654859387157,0.15173937206733779
340,0.492441,0,9,0,2722,602888,108,107848,5.58457149208937,0.1517412935323383
341,0.492442,1,39,1,2761,602849,109,107847,5.584210233798955,0.15174842689419948
342,0.492444,0,1,0,2762,602848,109,107847,5.584200970765868,0.15174864041536806
343,0.492445,1,6,1,2768,602842,110,107846,5.5841453925673425,0.15174872799315592
344,0.492446,0,5,0,2773,602837,110,107846,5.584099077401905,0.15174979561914384
345,0.492448,0,2,0,2775,602835,110,107846,5.584080551335729,0.15175022267374533
346,0.492449,0,1,0,2776,602834,110,107846,5.584071288302642,0.15175043620194742
347,0.49245,0,7,0,2783,602827,110,107846,5.584006447071029,0.15175193091618788
348,0.492451,0,9,0,2792,602818,110,107846,5.583923079773241,0.15175385273490707
349,0.492452,3,48,3,2840,602770,113,107843,5.583478454185038,0.15176052225332212
350,0.492453,0,12,0,2852,602758,113,107843,5.583367297787988,0.15176308505054173
351,0.492454,1,15,1,2867,602743,114,107842,5.583228352291674,0.15176509495697207
352,0.492455,0,6,0,2873,602737,114,107842,5.583172774093149,0.1517663764338659
353,0.492456,0,6,0,2879,602731,114,107842,5.583117195894624,0.15176765793240105
354,0.492457,0,4,0,2883,602727,114,107842,5.583080143762274,0.151768512276781
355,0.492458,1,3,1,2886,602724,115,107841,5.58305235466301,0.15176795929999368
356,0.49246,1,12,1,2898,602712,116,107840,5.58294119826596,0.151769328634639
357,0.492461,2,37,2,2935,602675,118,107838,5.582598466041721,0.15177484437300937
358,0.492462,0,4,0,2939,602671,118,107838,5.582561413909371,0.1517756988299937
359,0.492463,2,46,2,2985,602625,120,107836,5.582135314387343,0.1517831379906849
360,0.492464,0,1,0,2986,602624,120,107836,5.582126051354256,0.15178335163133744
361,0.492465,1,3,1,2989,602621,121,107835,5.582098262254993,0.1517827986532593
362,0.492466,1,5,1,2994,602616,122,107834,5.582051947089555,0.1517826729537617
363,0.492467,0,2,0,2996,602614,122,107834,5.58203342102338,0.15178310024097472
364,0.492468,0,4,0,3000,602610,122,107834,5.58199636889103,0.15178395482261797
365,0.492469,7,66,7,3066,602544,129,107827,5.581385008707251,0.1517896986222692
366,0.49247,2,15,2,3081,602529,131,107825,5.581246063210938,0.1517905157147
367,0.492471,0,36,0,3117,602493,131,107825,5.580912594019786,0.15179820868962915
368,0.492472,0,6,0,3123,602487,131,107825,5.580857015821261,0.15179949092793027
369,0.492473,0,4,0,3127,602483,131,107825,5.58081996368891,0.15180034576549892
370,0.492475,2,14,2,3141,602469,133,107823,5.580690281225684,0.15180094946866923
371,0.492476,0,32,0,3173,602437,133,107823,5.580393864166883,0.15180778869709685
372,0.492477,2,9,2,3182,602428,135,107821,5.580310496869095,0.15180732391034693
373,0.492478,1,5,1,3187,602423,136,107820,5.580264181703657,0.15180719838139906
374,0.492479,0,14,0,3201,602409,136,107820,5.580134499240431,0.15181019079761598
375,0.49248,1,30,1,3231,602379,137,107819,5.5798566082478045,0.15181540922390657
376,0.492481,0,2,0,3233,602377,137,107819,5.579838082181629,0.151815836754924
377,0.492482,0,8,0,3241,602369,137,107819,5.5797639779169295,0.15181754690307356
378,0.492483,1,3,1,3244,602366,138,107818,5.579736188817667,0.1518169939058047
379,0.492484,0,5,0,3249,602361,138,107818,5.579689873652229,0.15181806277009036
380,0.492485,0,9,0,3258,602352,138,107818,5.579606506354441,0.15181998676373262
381,0.492486,1,13,1,3271,602339,139,107817,5.579486086924303,0.15182157159835305
382,0.492488,0,3,0,3274,602336,139,107817,5.57945829782504,0.1518222129597425
383,0.492489,4,49,4,3323,602287,143,107813,5.579004409203749,0.15182791156175188
384,0.49249,2,6,2,3329,602281,145,107811,5.578948831005224,0.1518268055406905
385,0.492491,0,27,0,3356,602254,145,107811,5.578698729111861,0.1518325787075831
386,0.492492,1,27,1,3383,602227,146,107810,5.5784486272184965,0.15183715778191842
387,0.492493,2,7,2,3390,602220,148,107808,5.578383785986883,0.15183626561206037
388,0.492494,0,70,0,3460,602150,148,107808,5.5777353736707544,0.15185123627031458
389,0.492495,0,2,0,3462,602148,148,107808,5.57771684760458,0.151851664046786
390,0.492496,0,15,0,3477,602133,148,107808,5.577577902108266,0.15185487244714702
391,0.492497,1,5,1,3482,602128,149,107807,5.577531586942828,0.15185474726559473
392,0.492498,0,20,0,3502,602108,149,107807,5.577346326281077,0.15185902537627743
393,0.492499,0,10,0,3512,602098,149,107807,5.577253695950202,0.1518611645220135
394,0.4925,3,58,3,3570,602040,152,107804,5.576716440031124,0.15186998833546525
395,0.492501,0,9,0,3579,602031,152,107804,5.576633072733336,0.15187191389548274
396,0.492502,0,11,0,3590,602020,152,107804,5.576531179369373,0.1518742674240375
397,0.492503,0,13,0,3603,602007,152,107804,5.576410759939234,0.15187704896092058
398,0.492504,0,1,0,3604,602006,152,107804,5.576401496906147,0.15187726292951634
399,0.492505,0,7,0,3611,601999,152,107804,5.576336655674534,0.1518787607265678
400,0.492506,3,58,3,3669,601941,155,107801,5.575799399755456,0.15188758732046292
401,0.492507,0,5,0,3674,601936,155,107801,5.575753084590018,0.15188865734772175
402,0.492508,0,12,0,3686,601924,155,107801,5.575641928192968,0.15189122547465567
403,0.492509,1,47,1,3733,601877,156,107800,5.575206565637853,0.15190008975914396
404,0.49251,0,12,0,3745,601865,156,107800,5.575095409240801,0.1519026582965202
405,0.492511,0,3,0,3748,601862,156,107800,5.575067620141539,0.15190330044443692
406,0.492512,0,6,0,3754,601856,156,107800,5.575012041943014,0.1519045847565581
407,0.492513,1,6,1,3760,601850,157,107799,5.574956463744488,0.15190467400080884
408,0.492514,1,30,1,3790,601820,158,107798,5.5746785727518615,0.15190990081987774
409,0.492515,0,5,0,3795,601815,158,107798,5.5746322575864244,0.1519109711913395
410,0.492516,2,76,2,3871,601739,160,107796,5.57392826707177,0.15192485219192853
411,0.492517,0,13,0,3884,601726,160,107796,5.573807847641632,0.15192763578860133
412,0.492518,1,41,1,3925,601685,161,107795,5.573428063285042,0.15193522016124486
413,0.492519,2,8,2,3933,601677,163,107793,5.573353959020341,0.15193454268679438
414,0.49252,1,80,1,4013,601597,164,107792,5.5726129163733376,0.15195048132970768
415,0.492521,0,1,0,4014,601596,164,107792,5.572603653340249,0.15195069552910395
416,0.492522,1,5,1,4019,601591,165,107791,5.572557338174812,0.15195057106044416
417,0.492523,0,30,0,4049,601561,165,107791,5.5722794471821855,0.1519569973722496
418,0.492524,2,78,2,4127,601483,167,107789,5.571556930601356,0.1519713170687691
419,0.492525,0,4,0,4131,601479,167,107789,5.571519878469006,0.15197217412882014
420,0.492526,1,59,1,4190,601420,168,107788,5.57097335951684,0.1519836211661459
421,0.492527,0,11,0,4201,601409,168,107788,5.5708714661528775,0.15198597850808732
422,0.492528,0,7,0,4208,601402,168,107788,5.570806624921264,0.15198747867285212
423,0.492529,3,71,3,4279,601331,171,107785,5.570148949572048,0.15199910874948527
424,0.49253,0,22,0,4301,601309,171,107785,5.569945162844122,0.15200382459871328
425,0.492531,2,56,2,4357,601253,173,107783,5.569426432991219,0.1520134379636577
426,0.492532,7,141,7,4498,601112,180,107776,5.568120345325873,0.1520353003577434
427,0.492533,5,58,5,4556,601054,185,107771,5.567583089406796,0.15204175924946214
428,0.492534,2,14,2,4570,601040,187,107769,5.56745340694357,0.15204236966517073
429,0.492535,3,6,3,4576,601034,190,107766,5.567397828745044,0.1520400677200903
430,0.492536,1,10,1,4586,601024,191,107765,5.567305198414169,0.1520410164378962
431,0.492537,0,15,0,4601,601009,191,107765,5.567166252917856,0.15204423412822704
432,0.492538,2,70,2,4671,600939,193,107763,5.566517840601727,0.15205685887721496
433,0.492539,0,3,0,4674,600936,193,107763,5.566490051502464,0.1520575025504481
434,0.49254,2,69,2,4743,600867,195,107761,5.565850902219423,0.15206991538578774
435,0.492541,0,15,0,4758,600852,195,107761,5.565711956723109,0.15207313441892825
436,0.492542,1,9,1,4767,600843,196,107760,5.565628589425321,0.15207386928929176
437,0.492543,2,53,2,4820,600790,198,107758,5.565137648671681,0.1520828511265292
438,0.492544,0,13,0,4833,600777,198,107758,5.565017229241543,0.1520856414997142
439,0.492545,2,16,2,4849,600761,200,107756,5.564869020712142,0.1520866824649232
440,0.492546,0,16,0,4865,600745,200,107756,5.564720812182741,0.15209011702171205
441,0.492547,0,11,0,4876,600734,200,107756,5.564618918818778,0.15209247836949005
442,0.492548,0,3,0,4879,600731,200,107756,5.564591129719515,0.1520931223861553
443,0.492549,4,117,4,4996,600614,204,107752,5.563507354848271,0.15211345547358288
444,0.49255,5,55,5,5051,600559,209,107747,5.562997888028456,0.15211928177934395
445,0.492551,2,32,2,5083,600527,211,107745,5.562701470969654,0.1521237603632503
446,0.492552,0,4,0,5087,600523,211,107745,5.562664418837304,0.15212461949431572
447,0.492553,1,17,1,5104,600506,212,107744,5.562506947274816,0.1521270737733851
448,0.492554,0,7,0,5111,600499,212,107744,5.5624421060432025,0.15212857733856883
449,0.492555,2,47,2,5158,600452,214,107742,5.562006743488087,0.15213627904218335
450,0.492556,3,135,3,5293,600317,217,107739,5.560756234021268,0.15216169342537877
451,0.492557,0,9,0,5302,600308,217,107739,5.56067286672348,0.15216362755579785
452,0.492558,8,105,8,5407,600203,225,107731,5.559700248249286,0.15217661533419782
453,0.492559,2,88,2,5495,600115,227,107729,5.558885101337582,0.1521931386011607
454,0.49256,8,122,8,5617,599993,235,107721,5.5577550113009,0.15220979096075532
455,0.492561,0,12,0,5629,599981,235,107721,5.55764385490385,0.15221237187403738
456,0.492562,6,54,6,5683,599927,241,107715,5.557143651117122,0.15221679888983414
457,0.492563,0,10,0,5693,599917,241,107715,5.557051020786246,0.15221894996269247
458,0.492564,0,17,0,5710,599900,241,107715,5.556893549223758,0.1522226069260827
459,0.492565,2,79,2,5789,599821,243,107713,5.556161769609841,0.1522372069752125
460,0.492566,2,23,2,5812,599798,245,107711,5.5559487198488275,0.15223975949422552
461,0.492567,3,94,3,5906,599704,248,107708,5.555077994738597,0.1522563937281245
462,0.492568,3,84,3,5990,599620,251,107705,5.554299899959243,0.15227087972289965
463,0.492569,1,78,1,6068,599542,252,107704,5.553577383378413,0.1522864745788594
464,0.49257,0,17,0,6085,599525,252,107704,5.553419911815925,0.15229013516131268
465,0.492571,2,71,2,6156,599454,254,107702,5.552762236466709,0.1523030279033198
466,0.492572,4,42,4,6198,599412,258,107698,5.552373189077032,0.15230727892407123
467,0.492573,0,24,0,6222,599388,258,107698,5.55215087628293,0.1523124485564698
468,0.492574,0,8,0,6230,599380,258,107698,5.552076772018229,0.1523141718452561
469,0.492575,0,6,0,6236,599374,258,107698,5.552021193819704,0.15231546433743665
470,0.492576,3,13,3,6249,599361,261,107695,5.5519007743895665,0.15231466814509742
471,0.492577,0,6,0,6255,599355,261,107695,5.55184519619104,0.1523159606817057
472,0.492579,4,184,4,6439,599171,265,107691,5.550140798102931,0.1523508124641019
473,0.49258,0,7,0,6446,599164,265,107691,5.550075956871318,0.15235232119741673
474,0.492581,0,11,0,6457,599153,265,107691,5.549974063507355,0.15235469212442915
475,0.492582,5,64,5,6521,599089,270,107686,5.549381229389751,0.15236249159916523
476,0.492583,0,79,0,6600,599010,270,107686,5.5486494497758345,0.15237952386882053
477,0.492584,5,80,5,6680,598930,275,107681,5.54790840712883,0.15239077795279157
478,0.492585,2,14,2,6694,598916,277,107679,5.547778724665604,0.15239139818424982
479,0.492586,2,6,2,6700,598910,279,107677,5.547723146467079,0.15239029305662288
480,0.492587,1,23,1,6723,598887,280,107676,5.547510096706065,0.15239405403339829
481,0.492588,6,94,6,6817,598793,286,107670,5.546639371595836,0.15240713243297951
482,0.492589,1,34,1,6851,598759,287,107669,5.546324428470858,0.1524132678772642
483,0.49259,0,12,0,6863,598747,287,107669,5.546213272073808,0.15241585694548254
484,0.492591,4,67,4,6930,598680,291,107665,5.545592648856942,0.1524255144440748
485,0.492592,0,33,0,6963,598647,291,107665,5.545286968765052,0.15243263600221998
486,0.492593,0,19,0,6982,598628,291,107665,5.545110971136389,0.15243673659515244
487,0.492594,7,61,7,7043,598567,298,107658,5.544545926118048,0.15244150235406564
488,0.492595,2,51,2,7094,598516,300,107656,5.544073511430583,0.15245011130432812
489,0.492596,4,98,4,7192,598418,304,107652,5.543165734188003,0.1524664693302364
490,0.492597,2,90,2,7282,598328,306,107650,5.542332061210122,0.1524835051517186
491,0.492598,0,38,0,7320,598290,306,107650,5.541980065952796,0.15249171317675722
492,0.492599,0,13,0,7333,598277,306,107650,5.541859646522657,0.15249452138818886
493,0.4926,9,233,9,7566,598044,315,107641,5.539701359813257,0.15253406264834876
494,0.492601,0,2,0,7568,598042,315,107641,5.539682833747082,0.1525344949502822
495,0.492602,2,51,2,7619,597991,317,107639,5.539210419059617,0.1525431174978388
496,0.492603,0,14,0,7633,597977,317,107639,5.539080736596391,0.15254614407836556
497,0.492604,3,110,3,7743,597867,320,107636,5.5380618029567605,0.15256632501917072
498,0.492605,0,17,0,7760,597850,320,107636,5.537904331394272,0.1525700013891133
499,0.492606,1,9,1,7769,597841,321,107635,5.5378209640964835,0.15257074655976957
500,0.492607,0,37,0,7806,597804,321,107635,5.537478231872244,0.1525787488358313
501,0.492608,3,20,3,7826,597784,324,107632,5.537292971210493,0.15257947083706636
502,0.492609,0,7,0,7833,597777,324,107632,5.53722812997888,0.15258098493214575
503,0.49261,0,18,0,7851,597759,324,107632,5.537061395383304,0.15258487845747962
504,0.492611,0,1,0,7852,597758,324,107632,5.537052132350217,0.15258509477026894
505,0.492612,0,8,0,7860,597750,324,107632,5.5369780280855165,0.15258682529466303
506,0.492613,1,29,1,7889,597721,325,107631,5.536709400125977,0.15259189737889733
507,0.492614,0,49,0,7938,597672,325,107631,5.536255511504687,0.1526024985006444
508,0.492615,1,19,1,7957,597653,326,107630,5.5360795138760235,0.15260540804187822
509,0.492616,0,25,0,7982,597628,326,107630,5.535847938048835,0.15261081760150186
510,0.492617,6,113,6,8095,597515,332,107624,5.534801215309941,0.1526280634031021
511,0.492618,2,54,2,8149,597461,334,107622,5.534301011523213,0.1526373490780518
512,0.492619,0,3,0,8152,597458,334,107622,5.53427322242395,0.15263799852499008
513,0.49262,3,95,3,8247,597363,337,107619,5.5333932342806325,0.15265496140326987
514,0.492621,10,144,10,8391,597219,347,107609,5.532059357516025,0.1526741275885748
515,0.492622,6,67,6,8458,597152,353,107603,5.531438734299159,0.15268142829777726
516,0.492623,0,26,0,8484,597126,353,107603,5.531197895438883,0.15268706126752268
517,0.492624,3,17,3,8501,597109,356,107600,5.531040423876394,0.15268713752768873
518,0.492625,0,30,0,8531,597079,356,107600,5.5307625328837675,0.152693637812394
519,0.492626,1,12,1,8543,597067,357,107599,5.530651376486717,0.1526950356622854
520,0.492627,0,9,0,8552,597058,357,107599,5.530568009188928,0.15269698590945666
521,0.492628,6,62,6,8614,596996,363,107593,5.5299937011375,0.15270320711790847
522,0.492629,0,11,0,8625,596985,363,107593,5.529891807773537,0.15270559114817664
523,0.49263,3,30,3,8655,596955,366,107590,5.529613916780911,0.15270848561837783
524,0.492631,10,214,10,8869,596741,376,107580,5.527631627700174,0.1527428544655065
525,0.492632,0,30,0,8899,596711,376,107580,5.527353736707547,0.1527493607045951
526,0.492633,4,37,4,8936,596674,380,107576,5.527011004483308,0.1527525736599219
527,0.492634,8,152,8,9088,596522,388,107568,5.525603023454,0.15277592353250294
528,0.492635,2,102,2,9190,596420,390,107566,5.524658194079069,0.15279565218626506
529,0.492636,1,5,1,9195,596415,391,107565,5.524611878913632,0.15279553396403306
530,0.492637,9,153,9,9348,596262,400,107556,5.523194634851236,0.15281791599532835
531,0.492638,4,53,4,9401,596209,404,107552,5.522703694097595,0.15282460949100618
532,0.492639,0,1,0,9402,596208,404,107552,5.522694431064508,0.1528248266454473
533,0.49264,0,2,0,9404,596206,404,107552,5.522675904998333,0.15282526095618096
534,0.492641,5,77,5,9481,596129,409,107547,5.521962651450591,0.15283596427901477
535,0.492642,2,64,2,9545,596065,411,107545,5.521369817332988,0.15284745810889555
536,0.492643,1,47,1,9592,596018,412,107544,5.520934454777873,0.1528564646754657
537,0.492644,1,92,1,9684,595926,413,107543,5.520082255733818,0.1528752510771619
538,0.492645,3,46,3,9730,595880,416,107540,5.51965615621179,0.15288163543828723
539,0.492646,0,30,0,9760,595850,416,107540,5.519378265219164,0.15288815593056485
540,0.492647,2,58,2,9818,595792,418,107538,5.518841009300085,0.15289835496850696
541,0.492648,14,194,14,10012,595598,432,107524,5.5170439808811,0.1529236746965676
542,0.492649,5,55,5,10067,595543,437,107519,5.516534514061284,0.15292961360449006
543,0.49265,1,93,1,10160,595450,438,107518,5.515673051984142,0.1529486406209102
544,0.492651,1,12,1,10172,595438,439,107517,5.515561895587091,0.15295004658904196
545,0.492652,0,17,0,10189,595421,439,107517,5.515404424024602,0.1529537455650427
546,0.492653,1,42,1,10231,595379,440,107516,5.515015376634925,0.15296167990951706
547,0.492654,3,131,3,10362,595248,443,107513,5.513801919300456,0.15298657722895836
548,0.492655,0,7,0,10369,595241,443,107513,5.513737078068843,0.15298810109938898
549,0.492656,1,54,1,10423,595187,444,107512,5.513236874282115,0.15299865233905272
550,0.492657,2,29,2,10452,595158,446,107510,5.5129682463225755,0.15300255597237955
551,0.492658,2,50,2,10502,595108,448,107508,5.512505094668198,0.15301103305361677
552,0.492659,0,58,0,10560,595050,448,107508,5.51196783874912,0.1530236649500824
553,0.49266,2,43,2,10603,595007,450,107506,5.511569528326355,0.1530306200739346
554,0.492661,6,106,6,10709,594901,456,107500,5.510587646819075,0.1530464791479511
555,0.492662,3,67,3,10776,594834,459,107497,5.509967023602209,0.15305746151031352
556,0.492664,1,15,1,10791,594819,460,107496,5.509828078105895,0.1530595245723073
557,0.492665,11,215,11,11006,594604,471,107485,5.5078365259920705,0.15309312637001862
558,0.492666,6,116,6,11122,594488,477,107479,5.506762014153915,0.15311118613837973
559,0.492667,2,26,2,11148,594462,479,107477,5.5065211752936385,0.15311444441753486
560,0.492668,3,85,3,11233,594377,482,107474,5.505733817481196,0.1531293679142724
561,0.492669,0,14,0,11247,594363,482,107474,5.50560413501797,0.15313242248556289
562,0.49267,2,33,2,11280,594330,484,107472,5.505298454926081,0.1531372096403259
563,0.492671,1,67,1,11347,594263,485,107471,5.504677831709214,0.15315062402562796
564,0.492672,1,20,1,11367,594243,486,107470,5.5044925710474635,0.15315378224430787
565,0.492673,6,118,6,11485,594125,492,107464,5.503399533143132,0.1531722988815389
566,0.492674,0,13,0,11498,594112,492,107464,5.503279113712995,0.15317513711985586
567,0.492675,12,262,12,11760,593850,504,107452,5.500852199044055,0.15321787190112104
568,0.492676,0,9,0,11769,593841,504,107452,5.500768831746267,0.15321983821312918
569,0.492677,6,95,6,11864,593746,510,107446,5.49988884360295,0.15323335120765783
570,0.492678,2,107,2,11971,593639,512,107444,5.498897699062581,0.15325432224144644
571,0.492679,1,41,1,12012,593598,513,107443,5.4985179147059915,0.15326207739632916
572,0.49268,1,25,1,12037,593573,514,107442,5.498286338878803,0.15326633524246985
573,0.492681,0,42,0,12079,593531,514,107442,5.497897291489125,0.15327551845791493
574,0.492682,1,30,1,12109,593501,515,107441,5.497619400496498,0.1532808705998499
575,0.492683,0,33,0,12142,593468,515,107441,5.497313720404609,0.15328808732660018
576,0.492684,2,34,2,12176,593434,517,107439,5.496998777279632,0.15329310731045426
577,0.492685,0,3,0,12179,593431,517,107439,5.49697098818037,0.15329376346540727
578,0.492686,7,70,7,12249,593361,524,107432,5.496322575864241,0.15330061801416395
579,0.492687,11,137,11,12386,593224,535,107421,5.495053540331246,0.15331730048740802
580,0.492688,1,54,1,12440,593170,536,107420,5.494553336544518,0.15332790933356172
581,0.492689,2,20,2,12460,593150,538,107418,5.494368075882767,0.1533298694773384
582,0.49269,2,43,2,12503,593107,540,107416,5.493969765460002,0.1533368640287328
583,0.492691,0,5,0,12508,593102,540,107416,5.493923450294565,0.1533379584821518
584,0.492692,2,25,2,12533,593077,542,107414,5.493691874467376,0.1533410136604182
585,0.492693,1,30,1,12563,593047,543,107413,5.493413983474749,0.15334637238386203
586,0.492694,0,16,0,12579,593031,543,107413,5.493265774945348,0.15334987522200205
587,0.492695,0,47,0,12626,592984,543,107413,5.492830412390233,0.15336016573457625
588,0.492696,2,62,2,12688,592922,545,107411,5.4922561043388045,0.153371324784067
589,0.492697,2,44,2,12732,592878,547,107409,5.491848530882952,0.15337854336864742
590,0.492698,2,41,2,12773,592837,549,107407,5.491468746526363,0.153385105763134
591,0.492699,3,109,3,12882,592728,552,107404,5.490459075919819,0.15340535784680603
592,0.4927,4,45,4,12927,592683,556,107400,5.490042239430879,0.1534103813404982
593,0.492701,1,64,1,12991,592619,557,107399,5.489449405313276,0.1534231976892023
594,0.492702,3,73,3,13064,592546,560,107396,5.4887732038978845,0.15343557037583114
595,0.492703,5,80,5,13144,592466,565,107391,5.48803216125088,0.15344706132824276
596,0.492704,1,67,1,13211,592399,566,107390,5.487411538034014,0.15346054310656498
597,0.492705,0,20,0,13231,592379,566,107390,5.487226277372263,0.1534649291409022
598,0.492706,4,46,4,13277,592333,570,107386,5.4868001778502355,0.1534701787431812
599,0.492707,2,23,2,13300,592310,572,107384,5.486587128089221,0.15347280382567235
600,0.492708,2,3,2,13303,592307,574,107382,5.4865593389899585,0.15347104213443402
601,0.492709,1,13,1,13316,592294,575,107381,5.486438919559821,0.15347268374602493
602,0.49271,2,99,2,13415,592195,577,107379,5.4855218792841525,0.15349198226349178
603,0.492711,8,139,8,13554,592056,585,107371,5.484234317684983,0.1535128040524601
604,0.492712,4,58,4,13612,591998,589,107367,5.483697061765905,0.15352069377220764
605,0.492713,4,21,4,13633,591977,593,107363,5.483502538071066,0.15352046215002718
606,0.492714,6,106,6,13739,591871,599,107357,5.482520656563786,0.1535364716515929
607,0.492715,11,152,11,13891,591719,610,107346,5.481112675534477,0.1535565362305365
608,0.492716,7,79,7,13970,591640,617,107339,5.48038089592056,0.1535654146977234
609,0.492717,0,4,0,13974,591636,617,107339,5.48034384378821,0.1535662935011982
610,0.492718,5,44,5,14018,591592,622,107334,5.479936270332358,0.1535699058269402
611,0.492719,2,10,2,14028,591582,624,107332,5.479843640001482,0.15356968096217846
612,0.49272,1,44,1,14072,591538,625,107331,5.47943606654563,0.15357813839217363
613,0.492721,2,42,2,14114,591496,627,107329,5.479047019155953,0.1535849461596251
614,0.492722,15,130,15,14244,591366,642,107314,5.47784282485457,0.1535953512337551
615,0.492723,3,41,3,14285,591325,645,107311,5.47746304049798,0.153600730566418
616,0.492724,1,26,1,14311,591299,646,107310,5.477222201637704,0.15360523554663624
617,0.492725,2,7,2,14318,591292,648,107308,5.477157360406092,0.1536043515602634
618,0.492726,0,14,0,14332,591278,648,107308,5.477027677942866,0.1536074298654711
619,0.492727,7,130,7,14462,591148,655,107301,5.475823483641483,0.15362753758685316
620,0.492728,5,94,5,14556,591054,660,107296,5.474952758531254,0.15364215651177776
621,0.492729,5,29,5,14585,591025,665,107291,5.474684130571714,0.1536424770447763
622,0.49273,1,52,1,14637,590973,666,107290,5.474202452851162,0.15365270678812998
623,0.492731,3,69,3,14706,590904,669,107287,5.47356330356812,0.1536642551966439
624,0.492732,10,116,10,14822,590788,679,107277,5.4724887917299645,0.1536776661199172
625,0.492733,1,103,1,14925,590685,680,107276,5.471534699321946,0.15369913218646888
626,0.492734,1,11,1,14936,590674,681,107275,5.471432805957983,0.15370034200206606
627,0.492735,0,5,0,14941,590669,681,107275,5.471386490792545,0.15370144309572115
628,0.492736,17,203,17,15144,590466,698,107258,5.469506095075771,0.15372554190482196
629,0.492737,0,11,0,15155,590455,698,107258,5.469404201711808,0.15372796551017395
630,0.492738,4,122,4,15277,590333,702,107254,5.468274111675127,0.1537499982081088
631,0.492739,8,138,8,15415,590195,710,107246,5.466995813109045,0.15377071322162017
632,0.49274,6,22,6,15437,590173,716,107240,5.4667920263811185,0.15376828364254752
633,0.492741,2,52,2,15489,590121,718,107238,5.466310348660565,0.15377732272760514
634,0.492742,1,26,1,15515,590095,719,107237,5.466069509800289,0.1537818427951105
635,0.492743,3,70,3,15585,590025,722,107234,5.46542109748416,0.15379364052669095
636,0.492744,8,125,8,15710,589900,730,107226,5.464263218348216,0.15381150609789335
637,0.492745,1,40,1,15750,589860,731,107225,5.463892697024714,0.15381911818501331
638,0.492746,1,48,1,15798,589812,732,107224,5.4634480714365115,0.1538284966630131
639,0.492747,2,63,2,15861,589749,734,107222,5.462864500351995,0.15383997325570217
640,0.492748,5,80,5,15941,589669,739,107217,5.462123457704991,0.15385156252242116
641,0.492749,1,22,1,15963,589647,740,107216,5.461919670977065,0.15385520539905262
642,0.49275,3,83,3,16046,589564,743,107213,5.461150839230798,0.15386988950553765
643,0.492751,2,26,2,16072,589538,745,107211,5.4609100003705215,0.1538732025449624
644,0.492752,2,76,2,16148,589462,747,107209,5.460206009855868,0.153887559551065
645,0.492753,3,43,3,16191,589419,750,107206,5.459807699433102,0.15389341467791137
646,0.492754,5,87,5,16278,589332,755,107201,5.459001815554485,0.1539065629338452
647,0.492755,7,111,7,16389,589221,762,107194,5.457973618881766,0.1539225892607138
648,0.492756,6,104,6,16493,589117,768,107188,5.457010263440661,0.15393828853735073
649,0.492757,1,10,1,16503,589107,769,107187,5.456917633109786,0.15393928426785236
650,0.492758,0,13,0,16516,589094,769,107187,5.456797213679647,0.1539421584101821
651,0.492759,14,128,14,16644,588966,783,107173,5.45561154544444,0.15395344895200527
652,0.49276,0,35,0,16679,588931,783,107173,5.455287339286376,0.15396118970728512
653,0.492761,4,67,4,16746,588864,787,107169,5.45466671606951,0.1539711479197107
654,0.492762,1,32,1,16778,588832,788,107168,5.454370299010708,0.15397701149425289
655,0.492763,4,33,4,16811,588799,792,107164,5.454064618918819,0.15397945005697142
656,0.492764,6,125,6,16936,588674,798,107158,5.4529067397828745,0.1539998160475517
657,0.492765,7,122,7,17058,588552,805,107151,5.451776649746193,0.15401830953725942
658,0.492766,2,56,2,17114,588496,807,107149,5.45125791989329,0.1540282759165954
659,0.492767,3,29,3,17143,588467,810,107146,5.450989291933751,0.15403104887343969
660,0.492768,10,169,10,17312,588298,820,107136,5.4494238393419545,0.1540563159120779
661,0.492769,7,91,7,17403,588207,827,107129,5.448580903330987,0.15406796138845105
662,0.49277,4,34,4,17437,588173,831,107125,5.44826596020601,0.1540706287088414
663,0.492771,0,52,0,17489,588121,831,107125,5.447784282485457,0.1540821522166255
664,0.492772,1,12,1,17501,588109,832,107124,5.447673126088406,0.1540835949962099
665,0.492773,1,64,1,17565,588045,833,107123,5.447080291970803,0.15409656370834102
666,0.492774,4,47,4,17612,587998,837,107119,5.446644929415688,0.1541021151834871
667,0.492775,10,135,10,17747,587863,847,107109,5.445394419948868,0.15411987821092074
668,0.492776,6,89,6,17836,587774,853,107103,5.4445700100040755,0.15413231406421568
669,0.492777,5,85,5,17921,587689,858,107098,5.443782652191634,0.1541450833133032
670,0.492778,4,65,4,17986,587624,862,107094,5.443180555040943,0.15415463540602087
671,0.492779,9,162,9,18148,587462,871,107085,5.441679943680759,0.15417963075213054
672,0.49278,0,21,0,18169,587441,871,107085,5.44148541998592,0.15418429259667746
673,0.492781,6,109,6,18278,587332,877,107079,5.4404757493793765,0.1542011863291336
674,0.492782,2,53,2,18331,587279,879,107077,5.439984808625736,0.15421052025185927
675,0.492783,9,208,9,18539,587071,888,107068,5.438058097743525,0.15424576345659874
676,0.492784,1,19,1,18558,587052,889,107067,5.437882100114861,0.15424876714223354
677,0.492785,0,55,0,18613,586997,889,107067,5.4373726332950465,0.1542609903409484
678,0.492786,13,146,13,18759,586851,902,107054,5.436020230464263,0.15427760284188757
679,0.492787,2,20,2,18779,586831,904,107052,5.435834969802512,0.15427961198069415
680,0.492788,0,19,0,18798,586812,904,107052,5.435658972173848,0.1542838366019854
681,0.492789,4,52,4,18850,586760,908,107048,5.435177294453296,0.15429052417960012
682,0.49279,13,199,13,19049,586561,921,107035,5.433333950868873,0.15431894070900062
683,0.492791,8,110,8,19159,586451,929,107027,5.432315017229241,0.15433366307222435
684,0.492792,5,44,5,19203,586407,934,107022,5.431907443773389,0.15433735825874026
685,0.492793,1,26,1,19229,586381,935,107021,5.431666604913112,0.15434192575158423
686,0.492794,3,29,3,19258,586352,938,107018,5.431397976953574,0.15434472215411685
687,0.492795,1,58,1,19316,586294,939,107017,5.430860721034495,0.15435641436527042
688,0.492796,8,193,8,19509,586101,947,107009,5.429072955648597,0.15438963512285206
689,0.492797,3,74,3,19583,586027,950,107006,5.428387491200119,0.15440245991172138
690,0.492798,1,56,1,19639,585971,951,107005,5.427868761347216,0.15441371706956664
691,0.492799,3,112,3,19751,585859,954,107002,5.42683130164141,0.15443501654733055
692,0.4928,9,97,9,19848,585762,963,106993,5.4259327874319165,0.15444565539043384
693,0.492801,2,120,2,19968,585642,965,106991,5.42482122346141,0.15446997183212466
694,0.492802,6,45,6,20013,585597,971,106985,5.42440438697247,0.15447268337900782
695,0.492803,7,60,7,20073,585537,978,106978,5.423848604987217,0.15447752034251966
696,0.492804,3,70,3,20143,585467,981,106975,5.423200192671088,0.15448947348658804
697,0.492805,4,40,4,20183,585427,985,106971,5.422829671347586,0.15449351384608273
698,0.492806,5,73,5,20256,585354,990,106966,5.422153469932194,0.15450369771204067
699,0.492807,0,35,0,20291,585319,990,106966,5.42182926377413,0.15451150898835017
700,0.492808,3,44,3,20335,585275,993,106963,5.421421690318278,0.15451766588947732
701,0.492809,6,110,6,20445,585165,999,106957,5.420402756678647,0.1545348941371608
702,0.49281,11,240,11,20685,584925,1010,106946,5.418179628737634,0.15457505806718305
703,0.492811,5,40,5,20725,584885,1015,106941,5.417809107414132,0.15457788519078497
704,0.492812,2,57,2,20782,584828,1017,106939,5.417281114528141,0.1545881778113151
705,0.492813,3,84,3,20866,584744,1020,106936,5.416503019748786,0.1546032847559565
706,0.492814,9,67,9,20933,584677,1029,106927,5.41588239653192,0.1546072608024245
707,0.492815,3,60,3,20993,584617,1032,106924,5.415326614546667,0.1546170075237766
708,0.492816,14,222,14,21215,584395,1046,106910,5.4132702212012305,0.15464953963879907
709,0.492817,2,77,2,21292,584318,1048,106908,5.412556967653488,0.15466432107588546
710,0.492818,0,51,0,21343,584267,1048,106908,5.412084552966023,0.15467573335262416
711,0.492819,9,119,9,21462,584148,1057,106899,5.410982252028604,0.15469135963255756
712,0.49282,11,98,11,21560,584050,1068,106888,5.410074474786024,0.15469984282236612
713,0.492821,3,77,3,21637,583973,1071,106885,5.4093612212382824,0.15471341433405997
714,0.492822,1,6,1,21643,583967,1072,106884,5.409305643039757,0.1547135344669111
715,0.492823,6,92,6,21735,583875,1078,106878,5.408453443995702,0.1547267981463707
716,0.492824,1,29,1,21764,583846,1079,106877,5.4081848160361625,0.15473207059848884
717,0.492825,2,74,2,21838,583772,1081,106875,5.407499351587684,0.1547462017499533
718,0.492826,2,58,2,21896,583714,1083,106873,5.4069620956686055,0.1547567504166745
719,0.492827,6,46,6,21942,583668,1089,106867,5.406535996146578,0.1547597152932147
720,0.492828,4,159,4,22101,583509,1093,106863,5.405063173885657,0.15479046079504963
721,0.492829,5,126,5,22227,583383,1098,106858,5.403896031716625,0.15481259444165155
722,0.49283,3,127,3,22354,583256,1101,106855,5.402719626514506,0.15483741021371925
723,0.492831,0,29,0,22383,583227,1101,106855,5.402450998554967,0.154843917099707
724,0.492832,6,102,6,22485,583125,1107,106849,5.401506169180037,0.15485945847234822
725,0.492833,6,71,6,22556,583054,1113,106843,5.40084849383082,0.15486804551983846
726,0.492834,2,38,2,22594,583016,1115,106841,5.400496498573493,0.15487412608700063
727,0.492835,3,38,3,22632,582978,1118,106838,5.400144503316166,0.154878982221346
728,0.492836,7,40,7,22672,582938,1125,106831,5.399773981992664,0.15487938715714972
729,0.492837,2,17,2,22689,582921,1127,106829,5.399616510430175,0.15488075389633926
730,0.492838,11,118,11,22807,582803,1138,106818,5.398523472525844,0.15489377498655058
731,0.492839,10,187,10,22994,582616,1148,106808,5.396791285338471,0.15492353036737916
732,0.49284,7,163,7,23157,582453,1155,106801,5.3952814109452,0.15495158533719064
733,0.492841,6,121,6,23278,582332,1161,106795,5.394160583941606,0.1549714348733978
734,0.492842,1,58,1,23336,582274,1162,106794,5.393623328022528,0.15498325274138403
735,0.492843,1,110,1,23446,582164,1163,106793,5.3926043943828965,0.15500677110472788
736,0.492844,2,37,2,23483,582127,1165,106791,5.392261662158657,0.1550126430141178
737,0.492845,5,107,5,23590,582020,1170,106786,5.391270517618289,0.15503058916443818
738,0.492846,9,264,9,23854,581756,1179,106777,5.388825076883174,0.1550789867733282
739,0.492847,4,54,4,23908,581702,1183,106773,5.388324873096447,0.15508624133047677
740,0.492848,4,41,4,23949,581661,1187,106769,5.387945088739857,0.15509056839475327
741,0.492849,7,43,7,23992,581618,1194,106762,5.387546778317092,0.15509166448763764
742,0.49285,5,178,5,24170,581440,1199,106757,5.385897958427507,0.15512563989671563
743,0.492851,6,65,6,24235,581375,1205,106751,5.385295861276816,0.15513292623734606
744,0.492852,1,20,1,24255,581355,1206,106750,5.385110600615065,0.15513620741020628
745,0.492853,3,63,3,24318,581292,1209,106747,5.38452702953055,0.15514672860114034
746,0.492854,3,66,3,24384,581226,1212,106744,5.383915669346771,0.1551579283980406
747,0.492855,9,175,9,24559,581051,1221,106735,5.3822946385564485,0.15518635156865654
748,0.492856,3,97,3,24656,580954,1224,106732,5.381396124346956,0.15520455556751192
749,0.492857,4,64,4,24720,580890,1228,106728,5.380803290229353,0.15521408689126812
750,0.492858,13,286,13,25006,580604,1241,106715,5.3781540627663125,0.15526269461487316
751,0.492859,10,128,10,25134,580476,1251,106705,5.376968394531105,0.15527932233283517
752,0.49286,6,77,6,25211,580399,1257,106699,5.376255140983363,0.15528934737111735
753,0.492861,5,130,5,25341,580269,1262,106694,5.375050946681982,0.15531258597624617
754,0.492862,6,189,6,25530,580080,1268,106688,5.373300233428433,0.15534794865223772
755,0.492863,3,29,3,25559,580051,1271,106685,5.373031605468895,0.1553508189464365
756,0.492864,8,55,8,25614,579996,1279,106677,5.372522138649079,0.1553534214975687
757,0.492865,2,78,2,25692,579918,1281,106675,5.3717996220682505,0.15536860993339577
758,0.492866,10,191,10,25883,579727,1291,106665,5.370030382748527,0.15539953845615917
759,0.492867,3,72,3,25955,579655,1294,106662,5.369363444366224,0.15541214919636262
760,0.492868,3,52,3,26007,579603,1297,106659,5.3688817666456705,0.1554202330888203
761,0.492869,14,153,14,26160,579450,1311,106645,5.3674645225832744,0.15543765805027002
762,0.49287,9,136,9,26296,579314,1320,106636,5.366204750083368,0.15545739485385232
763,0.492871,4,71,4,26367,579243,1324,106632,5.365547074734151,0.15546856205576817
764,0.492872,3,121,3,26488,579122,1327,106629,5.364426247730557,0.15549229968312114
765,0.492873,12,305,12,26793,578817,1339,106617,5.361601022638853,0.1555467047155525
766,0.492874,5,68,5,26861,578749,1344,106612,5.360971136388899,0.1555559770690191
767,0.492875,3,64,3,26925,578685,1347,106609,5.360378302271296,0.15556680782262794
768,0.492876,4,138,4,27063,578547,1351,106605,5.359100003705214,0.15559321143337537
769,0.492877,7,170,7,27233,578377,1358,106598,5.357525288080329,0.15562319792693163
770,0.492878,4,109,4,27342,578268,1362,106594,5.356515617473786,0.1556430346551568
771,0.492879,7,173,7,27515,578095,1369,106587,5.354913112749639,0.15567372882593672
772,0.49288,6,131,6,27646,577964,1375,106581,5.353699655415169,0.15569611932013236
773,0.492881,5,90,5,27736,577874,1380,106576,5.352865982437289,0.15571042442837316
774,0.492882,4,87,4,27823,577787,1384,106572,5.352060098558672,0.15572528453633253
775,0.492883,9,121,9,27944,577666,1393,106563,5.350939271555078,0.15574171805053572
776,0.492884,5,42,5,27986,577624,1398,106558,5.350550224165401,0.15574510875761127
777,0.492885,0,56,0,28042,577568,1398,106558,5.350031494312498,0.15575785747069984
778,0.492886,2,50,2,28092,577518,1400,106556,5.34956834265812,0.1557667737700892
779,0.492887,3,79,3,28171,577439,1403,106553,5.348836563044204,0.15578106176680429
780,0.492888,3,125,3,28296,577314,1406,106550,5.347678683908259,0.15580583273867318
781,0.492889,7,162,7,28458,577152,1413,106543,5.346178072548075,0.15583410731393385
782,0.49289,8,164,8,28622,576988,1421,106535,5.344658935121716,0.15586161694632075
783,0.492891,2,93,2,28715,576895,1423,106533,5.343797473044574,0.15588035608725426
784,0.492892,4,100,4,28815,576795,1427,106529,5.342871169735818,0.15589822690261135
785,0.492893,3,37,3,28852,576758,1430,106526,5.342528437511579,0.1559029627504815
786,0.492894,5,120,5,28972,576638,1435,106521,5.341416873541072,0.15592416992237532
787,0.492895,7,79,7,29051,576559,1442,106514,5.3406850939271555,0.1559335532219836
788,0.492896,18,229,18,29280,576330,1460,106496,5.3385638593501055,0.1559635983398406
789,0.492897,2,17,2,29297,576313,1462,106494,5.338406387787617,0.1559650091460691
790,0.492898,11,139,11,29436,576174,1473,106483,5.337118826188447,0.15598316577724977
791,0.492899,10,102,10,29538,576072,1483,106473,5.336173996813517,0.15599411027844318
792,0.4929,9,240,9,29778,575832,1492,106464,5.3339508688725035,0.1560378486756481
793,0.492901,5,139,5,29917,575693,1497,106459,5.332663307273333,0.15606345799763102
794,0.492902,1,31,1,29948,575662,1498,106458,5.332376153247619,0.15606931331730486
795,0.492903,5,138,5,30086,575524,1503,106453,5.331097854681537,0.156094707006248
796,0.492904,1,154,1,30240,575370,1504,106452,5.3296713475860535,0.1561287256791362
797,0.492905,7,199,7,30439,575171,1511,106445,5.32782800400163,0.15616564165160443
798,0.492906,4,114,4,30553,575057,1515,106441,5.326772018229649,0.15618681199357884
799,0.492907,4,188,4,30741,574869,1519,106437,5.325030568009189,0.15622495618708773
800,0.492908,6,157,6,30898,574712,1525,106431,5.323576271814443,0.15625353266494701
801,0.492909,8,154,8,31052,574558,1533,106423,5.32214976471896,0.15627895638791683
802,0.49291,9,226,9,31278,574332,1542,106414,5.320056319241172,0.15631968458132695
803,0.492911,1,63,1,31341,574269,1543,106413,5.319472748156657,0.15633291316650066
804,0.492912,7,139,7,31480,574130,1550,106406,5.3181851865574865,0.15635616631596272
805,0.492913,2,112,2,31592,574018,1552,106404,5.3171477268516805,0.15637942335785732
806,0.492914,4,59,4,31651,573959,1556,106400,5.316601207899515,0.15638802455762327
807,0.492915,2,18,2,31669,573941,1558,106398,5.316434473303938,0.15638968220254904
808,0.492916,1,34,1,31703,573907,1559,106397,5.316119530178962,0.15639625814341823
809,0.492917,0,40,0,31743,573867,1559,106397,5.31574900885546,0.1564054543530159
810,0.492918,5,125,5,31868,573742,1564,106392,5.314591129719515,0.15642799801215643
811,0.492919,6,103,6,31971,573639,1570,106386,5.313637037311497,0.15644424837322157
812,0.49292,16,304,16,32275,573335,1586,106370,5.310821075252881,0.1564943615244849
813,0.492921,6,81,6,32356,573254,1592,106364,5.310070769572789,0.15650556636228
814,0.492922,11,176,11,32532,573078,1603,106353,5.3084404757493795,0.15653245141890787
815,0.492923,11,153,11,32685,572925,1614,106342,5.307023231686983,0.15655405017467358
816,0.492924,16,224,16,32909,572701,1630,106326,5.304948312275371,0.1565858205932901
817,0.492925,5,137,5,33046,572564,1635,106321,5.303679276742376,0.15661120808384335
818,0.492926,4,101,4,33147,572463,1639,106317,5.3027437104005335,0.1566295412357465
819,0.492927,7,142,7,33289,572321,1646,106310,5.301428359702101,0.15665361588256357
820,0.492928,9,195,9,33484,572126,1655,106301,5.299622068250028,0.15668745495093797
821,0.492929,2,151,2,33635,571975,1657,106299,5.298223350253807,0.15671985067981375
822,0.49293,5,61,5,33696,571914,1662,106294,5.297658305235466,0.15672772954609795
823,0.492931,2,29,2,33725,571885,1664,106292,5.297389677275927,0.15673194461033035
824,0.492932,6,101,6,33826,571784,1670,106286,5.296454110934084,0.1567478283952984
825,0.492933,4,102,4,33928,571682,1674,106282,5.295509281559154,0.15676643597595152
826,0.492934,20,310,20,34238,571372,1694,106262,5.292637741302012,0.1568132649778494
827,0.492935,4,60,4,34298,571312,1698,106258,5.292081959316759,0.15682217335478252
828,0.492936,3,144,3,34442,571168,1701,106255,5.290748082552151,0.1568517750356867
829,0.492937,4,56,4,34498,571112,1705,106251,5.290229352699248,0.156859763524137
830,0.492938,18,268,18,34766,570844,1723,106233,5.287746859831783,0.1568994368439631
831,0.492939,9,120,9,34886,570724,1732,106224,5.286635295861277,0.15691604081849714
832,0.49294,15,289,15,35175,570435,1747,106209,5.283958279298973,0.15696437122031673
833,0.492941,8,193,8,35368,570242,1755,106201,5.2821705139130755,0.15699918544504118
834,0.492942,17,179,17,35547,570063,1772,106184,5.280512430990403,0.15701955054883793
835,0.492943,2,29,2,35576,570034,1774,106182,5.2802438030308645,0.15702379121464147
836,0.492944,6,67,6,35643,569967,1780,106176,5.279623179813998,0.1570318704771032
837,0.492945,3,78,3,35721,569889,1783,106173,5.278900663233169,0.15704624723767938
838,0.492946,3,76,3,35797,569813,1786,106170,5.278196672718515,0.15706016275557225
839,0.492947,4,52,4,35849,569761,1790,106166,5.277714994997962,0.15706725726298845
840,0.492948,2,72,2,35921,569689,1792,106164,5.277048056615659,0.1570814955323125
841,0.492949,6,63,6,35984,569626,1798,106158,5.276464485531142,0.15708865554674276
842,0.49295,4,86,4,36070,569540,1802,106154,5.275667864685612,0.15710365934875847
843,0.492951,4,101,4,36171,569439,1806,106150,5.274732298343769,0.15712215563012424
844,0.492952,0,34,0,36205,569405,1806,106150,5.274417355218793,0.15713006342932848
845,0.492953,1,45,1,36250,569360,1807,106149,5.274000518729853,0.15713928311835965
846,0.492954,5,146,5,36396,569214,1812,106144,5.27264811589907,0.15716701364313446
847,0.492955,11,167,11,36563,569047,1823,106133,5.271101189373448,0.1571921561657632
848,0.492956,0,16,0,36579,569031,1823,106133,5.270952980844047,0.15719588129698858
849,0.492957,17,278,17,36857,568753,1840,106116,5.268377857645707,0.1572394049808185
850,0.492958,5,98,5,36955,568655,1845,106111,5.267470080403127,0.15725599689373798
851,0.492959,4,66,4,37021,568589,1849,106107,5.266858720219348,0.15726638367501808
852,0.49296,26,280,26,37301,568309,1875,106081,5.264265070954833,0.15729918889663252
853,0.492961,5,76,5,37377,568233,1880,106076,5.263561080440179,0.15731066914426473
854,0.492962,13,271,13,37648,567962,1893,106063,5.261050798473452,0.15735766477504542
855,0.492963,1,56,1,37704,567906,1894,106062,5.260532068620549,0.15736948935261022
856,0.492964,5,46,5,37750,567860,1899,106057,5.260105969098522,0.15737397928825064
857,0.492965,5,113,5,37863,567747,1904,106052,5.259059246359628,0.15739411901768924
858,0.492966,3,20,3,37883,567727,1907,106049,5.258873985697877,0.15739503930089524
859,0.492967,3,71,3,37954,567656,1910,106046,5.2582163103486605,0.15740787469830875
860,0.492968,5,88,5,38042,567568,1915,106041,5.257401163436956,0.15742218408602024
861,0.492969,14,179,14,38221,567389,1929,106027,5.255743080514284,0.15744651151739786
862,0.49297,5,76,5,38297,567313,1934,106022,5.255039089999629,0.1574580260939948
863,0.492971,10,229,10,38526,567084,1944,106012,5.25291785542258,0.15749907888324993
864,0.492972,7,144,7,38670,566940,1951,106005,5.251583978657972,0.1575240175645855
865,0.492973,5,105,5,38775,566835,1956,106000,5.250611360183779,0.15754233950374164
866,0.492974,8,112,8,38887,566723,1964,105992,5.249573900477973,0.15755855005462938
867,0.492975,15,253,15,39140,566470,1979,105977,5.247230353106821,0.15759903754496637
868,0.492976,2,32,2,39172,566438,1981,105975,5.24693393604802,0.15760403204578138
869,0.492977,5,43,5,39215,566395,1986,105970,5.246535625625254,0.15760784692837967
870,0.492978,13,223,13,39438,566172,1999,105957,5.2444699692467305,0.15764384515472477
871,0.492979,1,24,1,39462,566148,2000,105956,5.244247656452629,0.15764822110863794
872,0.49298,3,57,3,39519,566091,2003,105953,5.2437196635666385,0.1576578319276714
873,0.492981,7,89,7,39608,566002,2010,105946,5.242895253621846,0.15766993874526006
874,0.492982,4,104,4,39712,565898,2014,105942,5.241931898180741,0.15768933079304595
875,0.492983,8,98,8,39810,565800,2022,105934,5.24102412093816,0.1577023047813569
876,0.492984,4,81,4,39891,565719,2026,105930,5.240273815258068,0.15771630717830296
877,0.492985,7,101,7,39992,565618,2033,105923,5.2393382489162255,0.15773124798039137
878,0.492986,14,113,14,40105,565505,2047,105909,5.238291526177331,0.15774023180928606
879,0.492987,12,246,12,40351,565259,2059,105897,5.236012820037793,0.157782989349719
880,0.492988,0,22,0,40373,565237,2059,105897,5.235809033309867,0.15778816152959022
881,0.492989,12,213,12,40586,565024,2071,105885,5.233836007262218,0.1578231921169637
882,0.49299,5,50,5,40636,564974,2076,105880,5.23337285560784,0.15782867807302334
883,0.492991,1,93,1,40729,564881,2077,105879,5.2325113935306975,0.1578493052656688
884,0.492992,5,99,5,40828,564782,2082,105874,5.23159435325503,0.157866327893883
885,0.492993,4,67,4,40895,564715,2086,105870,5.230973730038164,0.15787707747712817
886,0.492994,21,148,21,41043,564567,2107,105849,5.229602801141206,0.15788555165747833
887,0.492995,7,143,7,41186,564424,2114,105842,5.2282781874096855,0.15791044152620004
888,0.492996,10,107,10,41293,564317,2124,105832,5.2272870428693174,0.1579230887459356
889,0.492997,9,147,9,41440,564170,2133,105823,5.225925377005447,0.1579464263059465
890,0.492998,4,120,4,41560,564050,2137,105819,5.22481381303494,0.1579696925816839
891,0.492999,3,53,3,41613,563997,2140,105816,5.2243228722812995,0.15797842084283226
892,0.493,4,84,4,41697,563913,2144,105812,5.223544777501945,0.15799320616671023
893,0.493001,10,188,10,41885,563725,2154,105802,5.221803327281485,0.15802499376425447
894,0.493002,5,152,5,42037,563573,2159,105797,5.220395346252177,0.1580545886430524
895,0.493003,9,177,9,42214,563396,2168,105788,5.218755789395679,0.15808507077276204
896,0.493004,7,77,7,42291,563319,2175,105781,5.218042535847938,0.15809445523837992
897,0.493005,1,118,1,42409,563201,2176,105780,5.216949497943607,0.15812108266154046
898,0.493006,8,213,8,42622,562988,2184,105772,5.214976471895958,0.15816137328787608
899,0.493007,2,32,2,42654,562956,2186,105770,5.214680054837156,0.15816642391652186
900,0.493008,3,89,3,42743,562867,2189,105767,5.213855644892363,0.1581836999015904
901,0.493009,6,112,6,42855,562755,2195,105761,5.212818185186557,0.1582026458603833
902,0.49301,1,36,1,42891,562719,2196,105760,5.212484715995406,0.15820990636953441
903,0.493011,7,67,7,42958,562652,2203,105753,5.21186409277854,0.15821694930468802
904,0.493012,5,129,5,43087,562523,2208,105748,5.2106691615102445,0.1582411925700801
905,0.493013,14,135,14,43222,562388,2222,105734,5.209418652043425,0.15825552818197874
906,0.493014,11,180,11,43402,562208,2233,105723,5.2077513060876655,0.15828431379888042
907,0.493015,3,111,3,43513,562097,2236,105720,5.206723109414947,0.15830684154491426
908,0.493016,8,84,8,43597,562013,2244,105712,5.205945014635592,0.15831667228275112
909,0.493017,7,110,7,43707,561903,2251,105705,5.204926080995961,0.15833393248732788
910,0.493018,8,180,8,43887,561723,2259,105697,5.203258735040202,0.15836654580324233
911,0.493019,3,20,3,43907,561703,2262,105694,5.20307347437845,0.15836750839455377
912,0.49302,7,97,7,44004,561606,2269,105687,5.202174960168958,0.15838170039248126
913,0.493021,7,128,7,44132,561478,2276,105680,5.200989291933751,0.1584032567997386
914,0.493022,6,99,6,44231,561379,2282,105674,5.200072251658083,0.15841919607587404
915,0.493023,10,157,10,44388,561222,2292,105664,5.1986179554633365,0.15844387196612314
916,0.493024,5,127,5,44515,561095,2297,105659,5.1974415502612175,0.1584677407259649
917,0.493025,6,108,6,44623,560987,2303,105653,5.196441142687761,0.15848583943357733
918,0.493026,9,146,9,44769,560841,2312,105644,5.1950887398569785,0.15850919375529832
919,0.493027,4,168,4,44937,560673,2316,105640,5.193532550298269,0.15854410764910784
920,0.493028,10,173,10,45110,560500,2326,105630,5.191930045574122,0.15857265098404216
921,0.493029,4,112,4,45222,560388,2330,105626,5.190892585868316,0.15859426378424477
922,0.49303,2,121,2,45343,560267,2332,105624,5.1897717588647225,0.15862055501576083
923,0.493031,3,90,3,45433,560177,2335,105621,5.188938085886843,0.1586382055818732
924,0.493032,5,81,5,45514,560096,2340,105616,5.188187780206751,0.15865118850193477
925,0.493033,14,119,14,45633,559977,2354,105602,5.187085479269332,0.15866185681940084
926,0.493034,3,91,3,45724,559886,2357,105599,5.1862425432583645,0.15867975987437732
927,0.493035,7,128,7,45852,559758,2364,105592,5.185056875023157,0.1587014353347862
928,0.493036,2,63,2,45915,559695,2366,105590,5.184473303938642,0.1587139346295197
929,0.493037,9,162,9,46077,559533,2375,105581,5.182972692578458,0.15874120827407032
930,0.493038,5,99,5,46176,559434,2380,105576,5.18205565230279,0.15875851490955023
931,0.493039,6,86,6,46262,559348,2386,105570,5.181259031457261,0.15877145753310934
932,0.49304,11,218,11,46480,559130,2397,105559,5.179239690244174,0.15880960870422106
933,0.493041,6,185,6,46665,558945,2403,105553,5.177526029122976,0.15884622677570134
934,0.493042,1,30,1,46695,558915,2404,105552,5.1772481381303495,0.15885213261155182
935,0.493043,12,198,12,46893,558717,2416,105540,5.1754140575790135,0.15888428725628786
936,0.493044,12,197,12,47090,558520,2428,105528,5.173589240060766,0.15891622292364407
937,0.493045,2,39,2,47129,558481,2430,105526,5.173227981770351,0.15892302340186173
938,0.493046,3,71,3,47200,558410,2433,105523,5.172570306421134,0.15893621796175217
939,0.493047,6,52,6,47252,558358,2439,105517,5.172088628700582,0.1589410657126718
940,0.493048,9,98,9,47350,558260,2448,105508,5.1711808514580015,0.15895312820141977
941,0.493049,5,220,5,47570,558040,2453,105503,5.169142984178739,0.1589994921203298
942,0.49305,5,79,5,47649,557961,2458,105498,5.168411204564823,0.15901208665494024
943,0.493051,21,272,21,47921,557689,2479,105477,5.165891659565008,0.15905067509492343
944,0.493052,11,154,11,48075,557535,2490,105466,5.164465152469525,0.15907366655555571
945,0.493053,3,73,3,48148,557462,2493,105463,5.1637889510541335,0.15908737790851152
946,0.493054,11,206,11,48354,557256,2504,105452,5.161880766238097,0.15912287161162986
947,0.493055,1,27,1,48381,557229,2505,105451,5.161630664344733,0.15912808595400496
948,0.493056,8,148,8,48529,557081,2513,105443,5.160259735447775,0.1591534797229987
949,0.493057,3,104,3,48633,556977,2516,105440,5.159296380006669,0.1591746588629217
950,0.493058,8,122,8,48755,556855,2524,105432,5.158166289969988,0.15919382382562242
951,0.493059,2,92,2,48847,556763,2526,105430,5.157314090925933,0.1592134015309736
952,0.49306,9,163,9,49010,556600,2535,105421,5.155804216532662,0.15924117210783345
953,0.493061,10,74,10,49084,556526,2545,105411,5.155118752084182,0.15924627268153918
954,0.493062,9,125,9,49209,556401,2554,105402,5.153960872948238,0.15926491720345784
955,0.493063,3,131,3,49340,556270,2557,105399,5.152747415613769,0.15929263725518347
956,0.493064,11,104,11,49444,556166,2568,105388,5.1517840601726625,0.15930370007588193
957,0.493065,5,77,5,49521,556089,2573,105383,5.151070806624921,0.15931588941028493
958,0.493066,7,73,7,49594,556016,2580,105376,5.15039460520953,0.15932457604567338
959,0.493067,9,185,9,49779,555831,2589,105367,5.1486809440883325,0.1593577113058418
960,0.493068,18,204,18,49983,555627,2607,105349,5.146791285338471,0.15938400183970372
961,0.493069,6,135,6,50118,555492,2613,105343,5.145540775871652,0.15940892961177905
962,0.49307,1,32,1,50150,555460,2614,105342,5.14524435881285,0.1594153770721033
963,0.493071,4,63,4,50213,555397,2618,105338,5.144660787728334,0.159425488281989
964,0.493072,5,131,5,50344,555266,2623,105333,5.143447330393864,0.15945074091846945
965,0.493073,16,296,16,50640,554970,2639,105317,5.140705472599948,0.15950185298211234
966,0.493074,11,249,11,50889,554721,2650,105306,5.138398977361147,0.15954801849015268
967,0.493075,5,78,5,50967,554643,2655,105301,5.137676460780318,0.1595605081643291
968,0.493076,4,151,4,51118,554492,2659,105297,5.136277742784097,0.1595919301473653
969,0.493077,5,151,5,51269,554341,2664,105292,5.134879024787876,0.15962209289104698
970,0.493078,5,62,5,51331,554279,2669,105287,5.134304716736448,0.15963072687191274
971,0.493079,3,105,3,51436,554174,2672,105284,5.133332098262255,0.15965232054202086
972,0.49308,6,102,6,51538,554072,2678,105278,5.132387268887324,0.15966937135057252
973,0.493081,6,108,6,51646,553964,2684,105272,5.131386861313868,0.15968788112299692
974,0.493082,9,88,9,51734,553876,2693,105263,5.130571714402164,0.15969772688310052
975,0.493083,8,222,8,51956,553654,2701,105255,5.128515321056727,0.1597413299863866
976,0.493084,8,109,8,52065,553545,2709,105247,5.127505650450184,0.1597575562544779
977,0.493085,12,177,12,52242,553368,2721,105235,5.125866093593686,0.15978518166482691
978,0.493086,4,58,4,52300,553310,2725,105231,5.1253288376746085,0.15979415100958028
979,0.493087,6,58,6,52358,553252,2731,105225,5.12479158175553,0.15980057010343565
980,0.493088,6,142,6,52500,553110,2737,105219,5.123476231057097,0.15982738114225561
981,0.493089,7,93,7,52593,553017,2744,105212,5.122614768979955,0.15984102797050875
982,0.49309,16,160,16,52753,552857,2760,105196,5.121132683685946,0.1598594642072903
983,0.493091,25,294,25,53047,552563,2785,105171,5.1184093519582055,0.15989898652038667
984,0.493092,11,256,11,53303,552307,2796,105160,5.116038015487791,0.15994719126587342
985,0.493093,3,78,3,53381,552229,2799,105157,5.115315498906962,0.1599623356749307
986,0.493094,16,222,16,53603,552007,2815,105141,5.113259105561525,0.15999592177104702
987,0.493095,15,185,15,53788,551822,2830,105126,5.111545444440328,0.16002179776785985
988,0.493096,13,90,13,53878,551732,2843,105113,5.110711771462448,0.1600270992395466
989,0.493097,6,116,6,53994,551616,2849,105107,5.109637259624291,0.1600476913401845
990,0.493098,11,105,11,54099,551511,2860,105096,5.108664641150098,0.16005921350214056
991,0.493099,3,75,3,54174,551436,2863,105093,5.107969913668532,0.16007366011250074
992,0.4931,11,129,11,54303,551307,2874,105082,5.106774982400237,0.16009104357324697
993,0.493101,7,152,7,54455,551155,2881,105075,5.1053670013709285,0.16011916553647348
994,0.493102,5,204,5,54659,550951,2886,105070,5.103477342621068,0.16016255577184266
995,0.493103,6,71,6,54730,550880,2892,105064,5.102819667271851,0.16017220982278976
996,0.493104,8,173,8,54903,550707,2900,105056,5.101217162547704,0.16020422012220878
997,0.493105,19,200,19,55103,550507,2919,105037,5.099364555930194,0.16022875657469215
998,0.493106,3,111,3,55214,550396,2922,105034,5.098336359257475,0.16025204827365241
999,0.493107,3,112,3,55326,550284,2925,105031,5.097298899551669,0.16027559265391453
1000,0.493108,1,38,1,55364,550246,2926,105030,5.0969469042943425,0.16028360568676406
1001,0.493109,9,101,9,55465,550145,2935,105021,5.0960113379525,0.1602967797474228
1002,0.49311,11,56,11,55521,550089,2946,105010,5.095492608099596,0.16029638268414392
1003,0.493111,4,39,4,55560,550050,2950,105006,5.095131349809182,0.16030079871033928
1004,0.493112,10,127,10,55687,549923,2960,104996,5.093954944607062,0.16031906235732968
1005,0.493113,13,172,13,55859,549751,2973,104983,5.092361702916003,0.16034450631859656
1006,0.493114,3,97,3,55956,549654,2976,104980,5.09146318870651,0.1603644173690948
1007,0.493115,8,126,8,56082,549528,2984,104972,5.090296046537478,0.16038502673796792
1008,0.493116,17,289,17,56371,549239,3001,104955,5.087619029975175,0.1604340608443367
1009,0.493117,16,210,16,56581,549029,3017,104939,5.085673793026789,0.16046503804467496
1010,0.493118,15,160,15,56741,548869,3032,104924,5.08419170773278,0.16048504649024997
1011,0.493119,7,64,7,56805,548805,3039,104917,5.083598873615177,0.16049176867231024
1012,0.49312,4,113,4,56918,548692,3043,104913,5.082552150876283,0.16051437794998508
1013,0.493121,8,169,8,57087,548523,3051,104905,5.0809866982844865,0.16054561481907723
1014,0.493122,10,235,10,57322,548288,3061,104895,5.078809885508911,0.1605905236357958
1015,0.493123,5,71,5,57393,548217,3066,104890,5.078152210159694,0.16060155533473075
1016,0.493124,14,256,14,57649,547961,3080,104876,5.075780873689281,0.16064653198271545
1017,0.493125,4,101,4,57750,547860,3084,104872,5.074845307347438,0.16066624587119982
1018,0.493126,4,98,4,57848,547762,3088,104868,5.073937530104858,0.16068522746426
1019,0.493127,7,213,7,58061,547549,3095,104861,5.071964504057209,0.16072868288346284
1020,0.493128,5,64,5,58125,547485,3100,104856,5.071371669939605,0.1607380189195528
1021,0.493129,8,112,8,58237,547373,3108,104848,5.070334210233799,0.16075532679873847
1022,0.49313,17,266,17,58503,547107,3125,104831,5.06787024343251,0.16079903303688386
1023,0.493131,22,336,22,58839,546771,3147,104809,5.064757864315092,0.16085361736087664
1024,0.493132,20,152,20,58991,546619,3167,104789,5.063349883285783,0.16086538697713262
1025,0.493133,7,62,7,59053,546557,3174,104782,5.062775575234355,0.160871681259682
1026,0.493134,3,92,3,59145,546465,3177,104779,5.0619233761902995,0.16089054179385914
1027,0.493135,9,142,9,59287,546323,3186,104770,5.0606080254918675,0.16091403225038511
1028,0.493136,28,322,28,59609,546001,3214,104742,5.057625328837674,0.160957551598711
1029,0.493137,12,212,12,59821,545789,3226,104730,5.055661565823113,0.16099452898378064
1030,0.493138,3,75,3,59896,545714,3229,104727,5.054966838341547,0.16100922297333656
1031,0.493139,3,64,3,59960,545650,3232,104724,5.054374004223943,0.1610211970343218
1032,0.49314,18,218,18,60178,545432,3250,104706,5.052354663010856,0.16105196127591373
1033,0.493141,9,192,9,60370,545240,3259,104697,5.0505761606580455,0.1610879208292496
1034,0.493142,2,38,2,60408,545202,3261,104695,5.050224165400719,0.16109475809243617
1035,0.493143,2,71,2,60479,545131,3263,104693,5.049566490051502,0.16110977741665436
1036,0.493144,3,19,3,60498,545112,3266,104690,5.049390492422839,0.16111061523356346
1037,0.493145,6,84,6,60582,545028,3272,104684,5.048612397643485,0.16112369788460118
1038,0.493146,12,123,12,60705,544905,3284,104672,5.0474730445737155,0.16113871026837465
1039,0.493147,17,214,17,60919,544691,3301,104655,5.045490755492978,0.16116985397615446
1040,0.493148,8,101,8,61020,544590,3309,104647,5.0445551891511355,0.16118459052703404
1041,0.493149,6,83,6,61103,544507,3315,104641,5.043786357404868,0.16119744649910345
1042,0.49315,3,64,3,61167,544443,3318,104638,5.043193523287266,0.161209463841955
1043,0.493151,4,186,4,61353,544257,3322,104634,5.04147059913298,0.16125050278089847
1044,0.493152,12,111,12,61464,544146,3334,104622,5.040442402460261,0.16126257768570584
1045,0.493153,9,164,9,61628,543982,3343,104613,5.038923265033903,0.16129171516894208
1046,0.493154,11,203,11,61831,543779,3354,104602,5.037042869317129,0.1613279846263231
1047,0.493155,9,193,9,62024,543586,3363,104593,5.035255103931231,0.1613643761985501
1048,0.493156,0,44,0,62068,543542,3363,104593,5.034847530475379,0.16137533075670962
1049,0.493157,25,385,25,62453,543157,3388,104568,5.0312812627366705,0.1614388822416921
1050,0.493158,11,125,11,62578,543032,3399,104557,5.030123383600726,0.16145579989777467
1051,0.493159,7,162,7,62740,542870,3406,104550,5.028622772240542,0.16148713354545735
1052,0.49316,6,151,6,62891,542719,3412,104544,5.027224054244321,0.16151703403407888
1053,0.493161,12,129,12,63020,542590,3424,104532,5.026029122976027,0.1615336829840432
1054,0.493162,5,144,5,63164,542446,3429,104527,5.02469524621142,0.16156315642229274
1055,0.493163,13,109,13,63273,542337,3442,104514,5.023685575604876,0.1615735308440429
1056,0.493164,2,41,2,63314,542296,3444,104512,5.023305791248286,0.16158118019566858
1057,0.493165,7,182,7,63496,542114,3451,104505,5.021619919226351,0.1616175831517478
1058,0.493166,10,128,10,63624,541986,3461,104495,5.020434250991144,0.16163661422377457
1059,0.493167,11,205,11,63829,541781,3472,104484,5.018535329208196,0.16167361685995682
1060,0.493168,11,142,11,63971,541639,3483,104473,5.017219978509763,0.16169487643009262
1061,0.493169,5,80,5,64051,541559,3488,104468,5.016478935862759,0.16170841156793755
1062,0.49317,14,172,14,64223,541387,3502,104454,5.014885694171699,0.16173330587559476
1063,0.493171,4,136,4,64359,541251,3506,104450,5.013625921671792,0.16176217785011948
1064,0.493172,3,115,3,64474,541136,3509,104447,5.012560672866724,0.16178709786348153
1065,0.493173,15,223,15,64697,540913,3524,104432,5.010495016488199,0.16182352075246573
1066,0.493174,10,160,10,64857,540753,3534,104422,5.00901293119419,0.16185066067346068
1067,0.493175,4,100,4,64957,540653,3538,104418,5.008086627885435,0.16187055378400206
1068,0.493176,1,48,1,65005,540605,3539,104417,5.007642002297232,0.1618813001727073
1069,0.493177,6,112,6,65117,540493,3545,104411,5.006604542591426,0.1619016163646062
1070,0.493178,7,232,7,65349,540261,3552,104404,5.004455518915114,0.16195078063800578
1071,0.493179,14,121,14,65470,540140,3566,104390,5.00333469191152,0.16196298077669
1072,0.49318,10,170,10,65640,539970,3576,104380,5.001759976286635,0.1619927058275782
1073,0.493181,13,139,13,65779,539831,3589,104367,5.000472414687465,0.1620107482482094
1074,0.493182,11,138,11,65917,539693,3600,104356,4.999194116121383,0.16203114980381927
1075,0.493183,7,192,7,66109,539501,3607,104349,4.997415613768572,0.16207035800264036
1076,0.493184,6,70,6,66179,539431,3613,104343,4.996767201452443,0.16208017099168343
1077,0.493185,12,137,12,66316,539294,3625,104331,4.995498165919448,0.16209904835890465
1078,0.493186,4,71,4,66387,539223,3629,104327,4.994840490570232,0.16211172403076685
1079,0.493187,16,178,16,66565,539045,3645,104311,4.993191670680647,0.16213573822269475
1080,0.493188,2,47,2,66612,538998,3647,104309,4.992756308125533,0.16214497899136804
1081,0.493189,3,45,3,66657,538953,3650,104306,4.992339471636592,0.16215241450177922
1082,0.49319,10,161,10,66818,538792,3660,104296,4.990848123309497,0.16217998158883387
1083,0.493191,13,248,13,67066,538544,3673,104283,4.988550891103783,0.1622256065784418
1084,0.493192,7,82,7,67148,538462,3680,104276,4.987791322390604,0.16223717906829843
1085,0.493193,0,41,0,67189,538421,3680,104276,4.987411538034014,0.16224752877327886
1086,0.493194,5,93,5,67282,538328,3685,104271,4.986550075956871,0.16226449154138117
1087,0.493195,21,331,21,67613,537997,3706,104250,4.983484012004891,0.1623207270722946
1088,0.493196,10,165,10,67778,537832,3716,104240,4.981955611545445,0.16234939383745126
1089,0.493197,6,111,6,67889,537721,3722,104234,4.980927414872726,0.16236963650100084
1090,0.493198,12,124,12,68013,537597,3734,104222,4.979778798769869,0.16238534540111776
1091,0.493199,29,344,29,68357,537253,3763,104193,4.976592315387751,0.1624345619116808
1092,0.4932,13,105,13,68462,537148,3776,104180,4.975619696913557,0.16244417832996533
1093,0.493201,6,86,6,68548,537062,3782,104174,4.974823076068028,0.16245812774080057
1094,0.493202,14,87,14,68635,536975,3796,104160,4.97401719218941,0.16246188400258915
1095,0.493203,3,71,3,68706,536904,3799,104157,4.973359516840194,0.1624759578261663
1096,0.493204,6,67,6,68773,536837,3805,104151,4.972738893623328,0.16248510112513806
1097,0.493205,2,58,2,68831,536779,3807,104149,4.9722016377042495,0.16249719157222028
1098,0.493206,10,100,10,68931,536679,3817,104139,4.971275334395495,0.16250948007078453
1099,0.493207,13,204,13,69135,536475,3830,104126,4.969385675645634,0.16254423580356572
1100,0.493208,5,65,5,69200,536410,3835,104121,4.968783578494943,0.1625541933177317
1101,0.493209,8,172,8,69372,536238,3843,104113,4.967190336803883,0.16258739347639029
1102,0.49321,18,296,18,69668,535942,3861,104095,4.964448479009967,0.16263903493079307
1103,0.493211,4,68,4,69736,535874,3865,104091,4.963818592760013,0.16265108248107318
1104,0.493212,8,133,8,69869,535741,3873,104083,4.962586609359368,0.16267442296631573
1105,0.493213,13,127,13,69996,535614,3886,104070,4.961410204157249,0.16268970304087643
1106,0.493214,13,97,13,70093,535517,3899,104057,4.960511689947756,0.1626973579288714
1107,0.493215,1,48,1,70141,535469,3900,104056,4.960067064359554,0.16270826003674602
1108,0.493216,13,243,13,70384,535226,3913,104043,4.957816147319278,0.16275308203588787
1109,0.493217,4,37,4,70421,535189,3917,104039,4.957473415095039,0.1627572634490354
1110,0.493218,18,235,18,70656,534954,3935,104021,4.955296602319463,0.16279353652333817
1111,0.493219,8,197,8,70853,534757,3943,104013,4.9534717848012155,0.16283325766707893
1112,0.49322,16,208,16,71061,534549,3959,103997,4.951545073919004,0.1628653221537681
1113,0.493221,10,123,10,71184,534426,3969,103987,4.9504057208492345,0.162883587896863
1114,0.493222,6,124,6,71308,534302,3975,103981,4.949257104746378,0.16290736240821077
1115,0.493223,5,74,5,71382,534228,3980,103976,4.948571640297899,0.1629196933895745
1116,0.493224,1,53,1,71435,534175,3981,103975,4.948080699544259,0.16293191255974301
1117,0.493225,3,83,3,71518,534092,3984,103972,4.947311867797992,0.16294917124301012
1118,0.493226,1,69,1,71587,534023,3985,103971,4.94667271851495,0.16296548243400408
1119,0.493227,2,40,2,71627,533983,3987,103969,4.946302197191448,0.16297307634430178
1120,0.493228,19,144,19,71771,533839,4006,103950,4.944968320426841,0.16298493702462727
1121,0.493229,5,77,5,71848,533762,4011,103945,4.944255066879099,0.16299805396522227
1122,0.49323,12,152,12,72000,533610,4023,103933,4.942847085849791,0.163021160925616
1123,0.493231,13,249,13,72249,533361,4036,103920,4.94054059061099,0.16306778328555221
1124,0.493232,8,109,8,72358,533252,4044,103912,4.939530920004446,0.16308517116472368
1125,0.493233,0,18,0,72376,533234,4044,103912,4.93936418540887,0.16308977848091333
1126,0.493234,13,139,13,72515,533095,4057,103899,4.9380766238097005,0.16310828673425495
1127,0.493235,3,101,3,72616,532994,4060,103896,4.937141057467858,0.16313021086843882
1128,0.493236,10,178,10,72794,532816,4070,103886,4.935492237578273,0.16316267264748657
1129,0.493237,10,61,10,72855,532755,4080,103876,4.934927192559932,0.1631651616085299
1130,0.493238,3,25,3,72880,532730,4083,103873,4.934695616732743,0.16316762566308987
1131,0.493239,2,53,2,72933,532677,4085,103871,4.934204675979102,0.16317858197653595
1132,0.49324,11,236,11,73169,532441,4096,103860,4.93201860017044,0.16322463739645232
1133,0.493241,6,178,6,73347,532263,4102,103854,4.930369780280855,0.16326241870599276
1134,0.493242,9,77,9,73424,532186,4111,103845,4.929656526733114,0.16327034374110697
1135,0.493243,4,55,4,73479,532131,4115,103841,4.929147059913298,0.16327920097111193
1136,0.493244,3,56,3,73535,532075,4118,103838,4.928628330060395,0.1632896323868202
1137,0.493245,14,171,14,73706,531904,4132,103824,4.927044351402423,0.1633151284826215
1138,0.493246,13,209,13,73915,531695,4145,103811,4.925108377487124,0.1633517228790916
1139,0.493247,9,73,9,73988,531622,4154,103802,4.924432176071733,0.16335863927078612
1140,0.493248,21,132,21,74120,531490,4175,103781,4.923209455704176,0.16336492614962747
1141,0.493249,4,37,4,74157,531453,4179,103777,4.922866723479936,0.16336917337027534
1142,0.49325,14,209,14,74366,531244,4193,103763,4.920930749564637,0.1634044979031727
1143,0.493251,13,140,13,74506,531104,4206,103750,4.91963392493238,0.16342340128596497
1144,0.493252,12,80,12,74586,531024,4218,103738,4.918892882285376,0.16342818253140548
1145,0.493253,2,81,2,74667,530943,4220,103736,4.918142576605284,0.1634464036150558
1146,0.493254,7,88,7,74755,530855,4227,103729,4.917327429693579,0.16345984140791447
1147,0.493255,1,81,1,74836,530774,4228,103728,4.916577124013487,0.1634793901358861
1148,0.493256,2,42,2,74878,530732,4230,103726,4.9161880766238095,0.16348757522168528
1149,0.493257,10,167,10,75045,530565,4240,103716,4.914641150098189,0.16351743154847773
1150,0.493258,11,135,11,75180,530430,4251,103705,4.913390640631368,0.16353773250175435
1151,0.493259,7,145,7,75325,530285,4258,103698,4.912047500833673,0.1635659000320198
1152,0.49326,9,150,9,75475,530135,4267,103689,4.91065804587054,0.16359273236734487
1153,0.493261,4,105,4,75580,530030,4271,103685,4.909685427396346,0.163614558594952
1154,0.493262,1,29,1,75609,530001,4272,103684,4.909416799436808,0.16362072638613823
1155,0.493263,2,123,2,75732,529878,4274,103682,4.908277446367038,0.16364985163204748
1156,0.493264,19,266,19,75998,529612,4293,103663,4.905813479565749,0.16369349808534997
1157,0.493265,20,211,20,76209,529401,4313,103643,4.903858979584275,0.16372163704260684
1158,0.493266,20,246,20,76455,529155,4333,103623,4.901580273444737,0.16375885381603025
1159,0.493267,13,129,13,76584,529026,4346,103610,4.900385342176442,0.16377506180489254
1160,0.493268,9,105,9,76689,528921,4355,103601,4.899412723702249,0.16379035037516482
1161,0.493269,5,78,5,76767,528843,4360,103596,4.89869020712142,0.1638039399847258
1162,0.49327,10,261,10,77028,528582,4370,103586,4.896272555485568,0.16385834145353767
1163,0.493271,10,85,10,77113,528497,4380,103576,4.895485197673126,0.1638671482566096
1164,0.493272,20,272,20,77385,528225,4400,103556,4.892965652673311,0.16391122873274125
1165,0.493273,5,103,5,77488,528122,4405,103551,4.892011560265293,0.16393133789159897
1166,0.493274,7,96,7,77584,528026,4412,103544,4.891122309088888,0.16394698924901435
1167,0.493275,7,69,7,77653,527957,4419,103537,4.8904831598058465,0.1639556353662901
1168,0.493276,5,84,5,77737,527873,4424,103532,4.889705065026492,0.16397082696526002
1169,0.493277,2,46,2,77783,527827,4426,103530,4.889278965504465,0.16398012534904974
1170,0.493278,4,88,4,77871,527739,4430,103526,4.88846381859276,0.1639976871836709
1171,0.493279,18,302,18,78173,527437,4448,103508,4.885666382600319,0.164052334197117
1172,0.49328,6,71,6,78244,527366,4454,103502,4.885008707251102,0.16406284674448537
1173,0.493281,9,45,9,78289,527321,4463,103493,4.884591870762162,0.16406262384791714
1174,0.493282,12,80,12,78369,527241,4475,103481,4.8838508281151585,0.1640675289588757
1175,0.493283,4,68,4,78437,527173,4479,103477,4.883220941865204,0.16407991754538967
1176,0.493284,4,96,4,78533,527077,4483,103473,4.882331690688799,0.1640995955911506
1177,0.493285,7,93,7,78626,526984,4490,103466,4.881470228611657,0.164114521373622
1178,0.493286,14,166,14,78792,526818,4504,103452,4.879932565119122,0.16413917844733208
1179,0.493287,6,117,6,78909,526701,4510,103446,4.878848790247879,0.16416169560435898
1180,0.493288,11,208,11,79117,526493,4521,103435,4.876922079365667,0.16420130554603066
1181,0.493289,8,111,8,79228,526382,4529,103427,4.8758938826929485,0.16421962849054236
1182,0.49329,7,164,7,79392,526218,4536,103420,4.87437474526659,0.16425311051747193
1183,0.493291,10,116,10,79508,526102,4546,103410,4.873300233428433,0.16427010128480474
1184,0.493292,1,47,1,79555,526055,4547,103409,4.872864870873319,0.16428103910628725
1185,0.493293,9,95,9,79650,525960,4556,103400,4.871984882730001,0.1642938858522944
1186,0.493294,7,100,7,79750,525860,4563,103393,4.871058579421246,0.16431069855844946
1187,0.493295,5,107,5,79857,525753,4568,103388,4.870067434880878,0.16433200188828895
1188,0.493296,8,190,8,80047,525563,4576,103380,4.868307458594242,0.1643710161334175
1189,0.493297,4,139,4,80186,525424,4580,103376,4.867019896995072,0.16440203562340966
1190,0.493298,9,82,9,80268,525342,4589,103367,4.866260328281893,0.16441151629768302
1191,0.493299,10,153,10,80421,525189,4599,103357,4.864843084219497,0.16443824318347425
1192,0.4933,7,181,7,80602,525008,4606,103350,4.863166475230649,0.16447630172608607
1193,0.493301,2,87,2,80689,524921,4608,103348,4.862360591352032,0.1644964179356295
1194,0.493302,11,225,11,80914,524696,4619,103337,4.860276408907333,0.16454071680946702
1195,0.493303,16,130,16,81044,524566,4635,103321,4.85907221460595,0.16455349449821385
1196,0.493304,3,63,3,81107,524503,4638,103318,4.858488643521435,0.16456601483543876
1197,0.493305,2,90,2,81197,524413,4640,103316,4.857654970543555,0.16458694755220804
1198,0.493306,7,112,7,81309,524301,4647,103309,4.856617510837749,0.16460700116314272
1199,0.493307,4,108,4,81417,524193,4651,103305,4.855617103264293,0.16463000678886625
1200,0.493308,7,94,7,81511,524099,4658,103298,4.854746378154063,0.16464535214545176
1201,0.493309,10,215,10,81726,523884,4668,103288,4.852754826040239,0.16468847461302483
1202,0.49331,9,65,9,81791,523819,4677,103279,4.852152728889547,0.1646935566689736
1203,0.493311,8,101,8,81892,523718,4685,103271,4.851217162547704,0.16470942871406039
1204,0.493312,2,71,2,81963,523647,4687,103269,4.850559487198488,0.16472541775931704
1205,0.493313,8,150,8,82113,523497,4695,103261,4.849170032235355,0.16475417944405976
1206,0.493314,9,161,9,82274,523336,4704,103252,4.847678683908259,0.16478451550300996
1207,0.493315,7,143,7,82417,523193,4711,103245,4.846354070176739,0.16481279871272178
1208,0.493316,7,92,7,82509,523101,4718,103238,4.845501871132684,0.1648276731929514
1209,0.493317,6,81,6,82590,523020,4724,103232,4.844751565452592,0.16484099052777476
1210,0.493318,17,226,17,82816,522794,4741,103215,4.842658119974804,0.16487782124538145
1211,0.493319,14,129,14,82945,522665,4755,103201,4.84146318870651,0.1648931240872647
1212,0.49332,0,47,0,82992,522618,4755,103201,4.841027826151395,0.16490550782254934
1213,0.493321,2,64,2,83056,522554,4757,103199,4.840434992033791,0.16491970473972958
1214,0.493322,9,100,9,83156,522454,4766,103190,4.8395086887250365,0.16493405195286776
1215,0.493323,13,55,13,83211,522399,4779,103177,4.838999221905221,0.16493119940662684
1216,0.493324,6,119,6,83330,522280,4785,103171,4.837896920967801,0.16495456878316606
1217,0.493325,7,93,7,83423,522187,4792,103164,4.837035458890659,0.16496975298672265
1218,0.493326,17,138,17,83561,522049,4809,103147,4.835757160324577,0.1649834611865719
1219,0.493327,4,71,4,83632,521978,4813,103143,4.83509948497536,0.1649968566085606
1220,0.493328,15,78,15,83710,521900,4828,103128,4.8343769683945315,0.1649974081161164
1221,0.493329,6,126,6,83836,521774,4834,103122,4.8332098262255,0.16502265977058583
1222,0.49333,7,143,7,83979,521631,4841,103115,4.831885212493979,0.16505107675759428
1223,0.493331,1,61,1,84040,521570,4842,103114,4.8313201674756385,0.1650658572974496
1224,0.493332,13,113,13,84153,521457,4855,103101,4.830273444736744,0.16507834340445562
1225,0.493333,7,208,7,84361,521249,4862,103094,4.828346733854533,0.1651239783260163
1226,0.493334,1,52,1,84413,521197,4863,103093,4.82786505613398,0.16513639494465712
1227,0.493335,7,95,7,84508,521102,4870,103086,4.8269850679906625,0.16515216569366922
1228,0.493336,8,169,8,84677,520933,4878,103078,4.825419615398866,0.16518619062804982
1229,0.493337,8,69,8,84746,520864,4886,103070,4.824780466115825,0.16519375446761997
1230,0.493338,12,133,12,84879,520731,4898,103058,4.82354848271518,0.16521291654710166
1231,0.493339,7,56,7,84935,520675,4905,103051,4.823029752862277,0.16521838114813236
1232,0.49334,5,85,5,85020,520590,4910,103046,4.822242395049835,0.16523420713364848
1233,0.493341,5,119,5,85139,520471,4915,103041,4.821140094112416,0.16525904874324793
1234,0.493342,1,61,1,85200,520410,4916,103040,4.820575049094075,0.16527387922046677
1235,0.493343,7,132,7,85332,520278,4923,103033,4.819352328726518,0.16529950538334795
1236,0.493344,10,142,10,85474,520136,4933,103023,4.818036978028085,0.165323777719651
1237,0.493345,3,82,3,85556,520054,4936,103020,4.817277409314906,0.1653415164169906
1238,0.493346,5,63,5,85619,519991,4941,103015,4.81669383823039,0.16535153754538479
1239,0.493347,6,117,6,85736,519874,4947,103009,4.815610063359146,0.165374556698449
1240,0.493348,9,126,9,85862,519748,4956,103000,4.814442921190114,0.1653959547039894
1241,0.493349,7,78,7,85940,519670,4963,102993,4.813720404609286,0.16540729094229142
1242,0.49335,3,106,3,86046,519564,4966,102990,4.812738523102005,0.16543143245405217
1243,0.493351,5,115,5,86161,519449,4971,102985,4.811673274296936,0.1654552932519753
1244,0.493352,5,100,5,86261,519349,4976,102980,4.8107469709881805,0.16547517470662623
1245,0.493353,15,203,15,86464,519146,4991,102965,4.808866575271407,0.16550904902822808
1246,0.493354,2,128,2,86592,519018,4993,102963,4.8076809070362,0.1655404264760499
1247,0.493355,3,80,3,86672,518938,4996,102960,4.806939864389196,0.16555769595657166
1248,0.493356,5,69,5,86741,518869,5001,102955,4.806300715106154,0.16556935724578015
1249,0.493357,10,91,10,86832,518778,5011,102945,4.805457779095187,0.16558016994706645
1250,0.493358,2,27,2,86859,518751,5013,102943,4.805207677201823,0.16558467670590354
1251,0.493359,5,104,5,86963,518647,5018,102938,4.804244321760717,0.16560566937747853
1252,0.49336,2,78,2,87041,518569,5020,102936,4.803521805179888,0.16562376811127827
1253,0.493361,3,39,3,87080,518530,5023,102933,4.803160546889473,0.16563013405464203
1254,0.493362,17,173,17,87253,518357,5040,102916,4.801558042165326,0.16565342450098428
1255,0.493363,6,103,6,87356,518254,5046,102910,4.800603949757309,0.16567283358340149
1256,0.493364,1,65,1,87421,518189,5047,102909,4.800001852606617,0.16568882849405409
1257,0.493365,11,203,11,87624,517986,5058,102898,4.798121456889844,0.1657282197640783
1258,0.493366,5,67,5,87691,517919,5063,102893,4.797500833672978,0.16573938648093142
1259,0.493367,2,64,2,87755,517855,5065,102891,4.7969079995553745,0.16575378657293
1260,0.493368,9,99,9,87854,517756,5074,102882,4.795990959279707,0.16576812892539614
1261,0.493369,12,195,12,88049,517561,5086,102870,4.794184667827634,0.16580409425060966
1262,0.49337,4,38,4,88087,517523,5090,102866,4.793832672570306,0.1658088715306042
1263,0.493371,6,74,6,88161,517449,5096,102860,4.793147208121828,0.16582058296752103
1264,0.493372,10,102,10,88263,517347,5106,102850,4.792202378746897,0.1658344042296238
1265,0.493373,13,129,13,88392,517218,5119,102837,4.791007447478602,0.16585141640660908
1266,0.493374,8,209,8,88601,517009,5127,102829,4.789071473563304,0.1658965729755194
1267,0.493375,7,108,7,88709,516901,5134,102822,4.788071065989848,0.16591606249889063
1268,0.493376,1,55,1,88764,516846,5135,102821,4.787561599170032,0.16592944274908944
1269,0.493377,4,92,4,88856,516754,5139,102817,4.786709400125977,0.165948696759532
1270,0.493378,9,56,9,88912,516698,5148,102808,4.786190670273074,0.16595158077565028
1271,0.493379,2,38,2,88950,516660,5150,102806,4.785838675015747,0.16595906797144638
1272,0.49338,4,49,4,88999,516611,5154,102802,4.785384786394457,0.16596681051253365
1273,0.493381,15,121,15,89120,516490,5169,102787,4.784263959390863,0.16597903684457843
1274,0.493382,3,48,3,89168,516442,5172,102784,4.7838193338026604,0.1659878622667653
1275,0.493383,6,85,6,89253,516357,5178,102778,4.783031975990219,0.1660025680990414
1276,0.493384,7,54,7,89307,516303,5185,102771,4.78253177220349,0.16600761782920942
1277,0.493385,2,43,2,89350,516260,5187,102769,4.782133461780726,0.16601645480260213
1278,0.493386,13,122,13,89472,516138,5200,102756,4.781003371744044,0.166031662934202
1279,0.493387,6,80,6,89552,516058,5206,102750,4.78026232909704,0.16604504143449988
1280,0.493388,8,72,8,89624,515986,5214,102742,4.779595390714736,0.16605358089499747
1281,0.493389,10,197,10,89821,515789,5224,102732,4.777770573196487,0.16609298633352787
1282,0.49339,1,76,1,89897,515713,5225,102731,4.777066582681833,0.16611204894865178
1283,0.493391,21,264,21,90161,515449,5246,102710,4.774621141946719,0.16615466247357072
1284,0.493392,5,138,5,90299,515311,5251,102705,4.773342843380637,0.16618501786361517
1285,0.493393,3,38,3,90337,515273,5254,102702,4.772990848123309,0.16619118896395485
1286,0.493394,7,98,7,90435,515175,5261,102695,4.772083070880729,0.16620810202793468
1287,0.493395,6,104,6,90539,515071,5267,102689,4.771119715439624,0.16622798497798497
1288,0.493396,4,57,4,90596,515014,5271,102685,4.770591722553633,0.16623792494402614
1289,0.493397,13,109,13,90705,514905,5284,102672,4.76958205194709,0.16624971461048582
1290,0.493398,3,95,3,90800,514810,5287,102669,4.768702063803772,0.1662712416130751
1291,0.493399,5,88,5,90888,514722,5292,102664,4.767886916892067,0.16628818923655542
1292,0.4934,1,83,1,90971,514639,5293,102663,4.7671180851458,0.16630919711907624
1293,0.493401,5,67,5,91038,514572,5298,102658,4.766497461928934,0.16632049641138635
1294,0.493402,4,92,4,91130,514480,5302,102654,4.765645262884879,0.16633988728541937
1295,0.493403,3,26,3,91156,514454,5305,102651,4.765404424024602,0.16634284279012485
1296,0.493404,12,153,12,91309,514301,5317,102639,4.763987179962207,0.16636788018283788
1297,0.493405,9,93,9,91402,514208,5326,102630,4.763125717885064,0.16638080014525694
1298,0.493406,14,127,14,91529,514081,5340,102616,4.761949312682945,0.1663961394331414
1299,0.493407,3,25,3,91554,514056,5343,102613,4.761717736855756,0.16639882984226545
1300,0.493408,2,59,2,91613,513997,5345,102611,4.76117121790359,0.16641204784887642
1301,0.493409,3,58,3,91671,513939,5348,102608,4.760633961984512,0.16642364653465186
1302,0.49341,1,59,1,91730,513880,5349,102607,4.760087443032346,0.16643822173054745
1303,0.493411,4,62,4,91792,513818,5353,102603,4.759513134980918,0.16644955314630747
1304,0.493412,7,63,7,91855,513755,5360,102596,4.758929563896403,0.16645709993169477
1305,0.493413,7,99,7,91954,513656,5367,102589,4.758012523620734,0.16647437301722529
1306,0.493414,4,88,4,92042,513568,5371,102585,4.75719737670903,0.1664927380050085
1307,0.493415,12,145,12,92187,513423,5383,102573,4.755854236911334,0.16651569166033545
1308,0.493416,6,98,6,92285,513325,5389,102567,4.754946459668754,0.16653406766121334
1309,0.493417,3,84,3,92369,513241,5392,102564,4.7541683648893995,0.1665527236706425
1310,0.493418,12,165,12,92534,513076,5404,102552,4.752639964429953,0.16658111716816
1311,0.493419,5,87,5,92621,512989,5409,102547,4.751834080551336,0.16659789191858804
1312,0.49342,10,133,10,92754,512856,5419,102537,4.750602097150691,0.16662035479766588
1313,0.493421,0,60,0,92814,512796,5419,102537,4.750046315165438,0.16663660164496297
1314,0.493422,4,43,4,92857,512753,5423,102533,4.749648004742673,0.1666428295134295
1315,0.493423,2,34,2,92891,512719,5425,102531,4.749333061617696,0.16664932954083705
1316,0.493424,5,103,5,92994,512616,5430,102526,4.748378969209678,0.1666704598287875
1317,0.493425,8,159,8,93153,512457,5438,102518,4.746906146948757,0.1667027114923371
1318,0.493426,6,65,6,93218,512392,5444,102512,4.7463040497980655,0.1667122022299416
1319,0.493427,11,69,11,93287,512323,5455,102501,4.745664900515025,0.16671600327898717
1320,0.493428,3,70,3,93357,512253,5458,102498,4.745016488198896,0.16673092032383843
1321,0.493429,6,53,6,93410,512200,5464,102492,4.744525547445256,0.1667371626765925
1322,0.49343,16,240,16,93650,511960,5480,102476,4.7423024195042425,0.16678059228300426
1323,0.493431,29,214,29,93864,511746,5509,102447,4.740320130423506,0.16679936111287494
1324,0.493432,5,155,5,94019,511591,5514,102442,4.738884360294935,0.16683468152363146
1325,0.493433,7,76,7,94095,511515,5521,102435,4.738180369780281,0.16684583435133155
1326,0.493434,5,90,5,94185,511425,5526,102430,4.737346696802401,0.16686351011232295
1327,0.493435,7,100,7,94285,511325,5533,102423,4.7364203934936455,0.1668811955395374
1328,0.493436,9,116,9,94401,511209,5542,102414,4.73534588165549,0.1669005236114031
1329,0.493437,5,67,5,94468,511142,5547,102409,4.7347252584386235,0.1669119600489609
1330,0.493438,3,54,3,94522,511088,5550,102406,4.734225054651895,0.16692257788992232
1331,0.493439,9,140,9,94662,510948,5559,102397,4.732928230019637,0.16694845478482745
1332,0.49344,7,110,7,94772,510838,5566,102390,4.731909296380007,0.16696889248370916
1333,0.493441,2,41,2,94813,510797,5568,102388,4.731529512023417,0.16697733962833403
1334,0.493442,14,163,14,94976,510634,5582,102374,4.7300196376301455,0.16700271448333465
1335,0.493443,4,50,4,95026,510584,5586,102370,4.729556485975768,0.16701090130743906
1336,0.493444,2,66,2,95092,510518,5588,102368,4.72894512579199,0.1670261679986164
1337,0.493445,7,97,7,95189,510421,5595,102361,4.728046611582497,0.16704309199682757
1338,0.493446,8,59,8,95248,510362,5603,102353,4.727500092630331,0.16704830141256538
1339,0.493447,2,33,2,95281,510329,5605,102351,4.7271944125384415,0.1670545798785663
1340,0.493448,2,46,2,95327,510283,5607,102349,4.726768313016414,0.16706440407944737
1341,0.493449,9,80,9,95407,510203,5616,102340,4.72602727036941,0.16707398501003196
1342,0.49345,0,27,0,95434,510176,5616,102340,4.7257771684760455,0.167081349711681
1343,0.493451,2,51,2,95485,510125,5618,102338,4.72530475378858,0.16709254273319368
1344,0.493452,6,70,6,95555,510055,5624,102332,4.724656341472452,0.1671034819485064
1345,0.493453,11,93,11,95648,509962,5635,102321,4.723794879395309,0.1671138999449601
1346,0.493454,2,139,2,95787,509823,5637,102319,4.722507317796139,0.16714912552969735
1347,0.493455,3,65,3,95852,509758,5640,102316,4.721905220645448,0.16716279404124337
1348,0.493456,9,47,9,95899,509711,5649,102307,4.721469858090333,0.16716338408347467
1349,0.493457,3,77,3,95976,509634,5652,102304,4.720756604542592,0.1671803352627227
1350,0.493458,3,74,3,96050,509560,5655,102301,4.720071140094112,0.16719647109392494
1351,0.493459,11,90,11,96140,509470,5666,102290,4.7192374671162325,0.16720609389302996
1352,0.49346,10,87,10,96227,509383,5676,102280,4.718431583237615,0.167216261241893
1353,0.493461,4,167,4,96394,509216,5680,102276,4.7168846567119935,0.16725648086974154
1354,0.493462,1,49,1,96443,509167,5681,102275,4.716430768090704,0.16726852260721375
1355,0.493463,0,35,0,96478,509132,5681,102275,4.716106561932639,0.16727809789550988
1356,0.493464,5,74,5,96552,509058,5686,102270,4.71542109748416,0.1672915358040201
1357,0.493465,10,187,10,96739,508871,5696,102260,4.713688910296788,0.16732909965293857
1358,0.493466,8,100,8,96839,508771,5704,102252,4.712762606988032,0.1673455827358381
1359,0.493467,5,126,5,96965,508645,5709,102247,4.711595464819,0.16737328365734042
1360,0.493468,1,13,1,96978,508632,5710,102246,4.7114750453888625,0.1673754825022345
1361,0.493469,8,63,8,97041,508569,5718,102238,4.710891474304346,0.16738184074511261
1362,0.49347,2,51,2,97092,508518,5720,102236,4.710419059616881,0.16739309116272671
1363,0.493471,7,74,7,97166,508444,5727,102229,4.709733595168402,0.16740383151048105
1364,0.493472,2,53,2,97219,508391,5729,102227,4.709242654414761,0.16741563465210654
1365,0.493473,9,116,9,97335,508275,5738,102218,4.708168142576605,0.16743517124684476
1366,0.493474,3,56,3,97391,508219,5741,102215,4.707649412723702,0.1674464397461478
1367,0.493475,15,214,15,97605,508005,5756,102200,4.705667123642965,0.16748469776550504
1368,0.493476,3,14,3,97619,507991,5759,102197,4.7055374411797395,0.16748444741620616
1369,0.493477,7,68,7,97687,507923,5766,102190,4.704907554929786,0.16749356266789922
1370,0.493478,7,81,7,97768,507842,5773,102183,4.704157249249694,0.16750624974386297
1371,0.493479,6,62,6,97830,507780,5779,102177,4.703582941198266,0.16751508712909272
1372,0.49348,2,28,2,97858,507752,5781,102175,4.703323576271814,0.167520047481092
1373,0.493481,9,135,9,97993,507617,5790,102166,4.702073066804995,0.16754484792130972
1374,0.493482,5,146,5,98139,507471,5795,102161,4.700720663974212,0.16757814550417302
1375,0.493483,1,32,1,98171,507439,5796,102160,4.70042424691541,0.16758557674799335
1376,0.493484,6,64,6,98235,507375,5802,102154,4.699831412797806,0.16759497907400633
1377,0.493485,12,56,12,98291,507319,5814,102142,4.699312682944903,0.16759398878681325
1378,0.493486,3,35,3,98326,507284,5817,102139,4.698988476786839,0.16759951626374456
1379,0.493487,6,70,6,98396,507214,5823,102133,4.6983400644707105,0.16761057328582893
1380,0.493488,3,145,3,98541,507069,5826,102130,4.696996924673015,0.1676463684280506
1381,0.493489,4,37,4,98578,507032,5830,102126,4.696654192448776,0.16765108559684022
1382,0.49349,1,26,1,98604,507006,5831,102125,4.696413353588499,0.16765687512210017
1383,0.493491,3,146,3,98750,506860,5834,102122,4.695060950757716,0.1676929695787396
1384,0.493492,0,45,0,98795,506815,5834,102122,4.694644114268776,0.1677053619668373
1385,0.493493,7,76,7,98871,506739,5841,102115,4.693940123754122,0.1677167268343478
1386,0.493494,0,37,0,98908,506702,5841,102115,4.693597391529883,0.16772691958338876
1387,0.493495,9,116,9,99024,506586,5850,102106,4.692522879691726,0.16774657790803887
1388,0.493496,1,86,1,99110,506500,5851,102105,4.691726258846197,0.16776891415614398
1389,0.493497,3,43,3,99153,506457,5854,102102,4.691327948423432,0.1677766658614859
1390,0.493498,2,65,2,99218,506392,5856,102100,4.690725851272741,0.16779185264555654
1391,0.493499,12,106,12,99324,506286,5868,102088,4.68974396976546,0.16780467278351804
1392,0.4935,3,50,3,99374,506236,5871,102085,4.689280818111082,0.16781436116787024
1393,0.493501,5,19,5,99393,506217,5876,102080,4.689104820482418,0.16781276251567903
1394,0.493502,5,59,5,99452,506158,5881,102075,4.688558301530253,0.16782219971622717
1395,0.493503,2,61,2,99513,506097,5883,102073,4.687993256511913,0.1678362957725636
1396,0.493504,7,43,7,99556,506054,5890,102066,4.687594946089147,0.1678385844899033
1397,0.493505,4,39,4,99595,506015,5894,102062,4.687233687798733,0.16784387503556292
1398,0.493506,5,65,5,99660,505950,5899,102057,4.686631590648042,0.16785497535390217
1399,0.493507,10,124,10,99784,505826,5909,102047,4.685482974545185,0.16787552663138516
1400,0.493508,11,105,11,99889,505721,5920,102036,4.684510356070992,0.16788946898184637
1401,0.493509,3,49,3,99938,505672,5923,102033,4.684056467449702,0.16789889831414914
1402,0.49351,1,20,1,99958,505652,5924,102032,4.68387120678795,0.16790305487720592
1403,0.493511,7,89,7,100047,505563,5931,102025,4.683046796843159,0.16791806289788475
1404,0.493512,7,124,7,100171,505439,5938,102018,4.681898180740301,0.1679427515033986
1405,0.493513,2,39,2,100210,505400,5940,102016,4.681536922449887,0.16795079484241443
1406,0.493514,4,54,4,100264,505346,5944,102012,4.681036718663159,0.16796024749818064
1407,0.493515,7,74,7,100338,505272,5951,102005,4.68035125421468,0.16797112355646598
1408,0.493516,5,60,5,100398,505212,5956,102000,4.679795472229427,0.16798086994328176
1409,0.493517,5,34,5,100432,505178,5961,101995,4.67948052910445,0.1679834248229088
1410,0.493518,4,59,4,100491,505119,5965,101991,4.678934010152284,0.1679942679250877
1411,0.493519,11,61,11,100552,505058,5976,101980,4.678368965133943,0.16799607273350267
1412,0.49352,8,82,8,100634,504976,5984,101972,4.677609396420764,0.16800780297488419
1413,0.493521,3,73,3,100707,504903,5987,101969,4.676933195005373,0.1680238996032112
1414,0.493522,3,59,3,100766,504844,5990,101966,4.676386676053207,0.16803612333349813
1415,0.493523,17,129,17,100895,504715,6007,101949,4.675191744784913,0.16804854087270713
1416,0.493524,5,91,5,100986,504624,6012,101944,4.674348808773945,0.16806689439601166
1417,0.493525,4,30,4,101016,504594,6016,101940,4.674070917781318,0.1680697207411291
1418,0.493526,15,112,15,101128,504482,6031,101925,4.673033458075512,0.1680801837709657
1419,0.493527,1,33,1,101161,504449,6032,101924,4.672727777983623,0.16808795906150176
1420,0.493528,19,112,19,101273,504337,6051,101905,4.6716903182778164,0.16809293978312292
1421,0.493529,4,45,4,101318,504292,6055,101901,4.671273481788877,0.16809992857060374
1422,0.49353,3,55,3,101373,504237,6058,101898,4.670764014969062,0.16811106436684897
1423,0.493531,11,117,11,101490,504120,6069,101887,4.669680240097818,0.16812842095883382
1424,0.493532,6,74,6,101564,504046,6075,101881,4.668994775649338,0.1681407166209791
1425,0.493533,3,30,3,101594,504016,6078,101878,4.668716884656712,0.1681449230393435
1426,0.493534,5,60,5,101654,503956,6083,101873,4.6681611026714585,0.16815471032254975
1427,0.493535,8,118,8,101772,503838,6091,101865,4.667068064767127,0.1681764825335189
1428,0.493536,4,48,4,101820,503790,6095,101861,4.666623439178925,0.16818431737089512
1429,0.493537,4,26,4,101846,503764,6099,101857,4.666382600318649,0.16818604374683177
1430,0.493538,12,120,12,101966,503644,6111,101845,4.665271036348142,0.1682028905562281
1431,0.493539,5,41,5,102007,503603,6116,101840,4.664891251991552,0.16820741176295703
1432,0.49354,2,70,2,102077,503533,6118,101838,4.664242839675423,0.1682241138078963
1433,0.493541,2,89,2,102166,503444,6120,101836,4.663418429730631,0.16824610097805975
1434,0.493542,5,27,5,102193,503417,6125,101831,4.663168327837267,0.16824673522258646
1435,0.493543,5,88,5,102281,503329,6130,101826,4.662353180925562,0.16826432897356874
1436,0.493544,10,62,10,102343,503267,6140,101816,4.661778872874134,0.1682678244141713
1437,0.493545,5,40,5,102383,503227,6145,101811,4.661408351550632,0.1682720754729455
1438,0.493546,3,68,3,102451,503159,6148,101808,4.660778465300678,0.16828686523397143
1439,0.493547,9,98,9,102549,503061,6157,101799,4.659870688058097,0.16830175577819662
1440,0.493548,2,77,2,102626,502984,6159,101797,4.659157434510356,0.16832043334694707
1441,0.493549,3,39,3,102665,502945,6162,101794,4.6587961762199415,0.16832716262718297
1442,0.49355,13,136,13,102801,502809,6175,101781,4.657536403720034,0.16834714434575498
1443,0.493551,2,24,2,102825,502785,6177,101779,4.657314090925933,0.1683510761474385
1444,0.493552,2,58,2,102883,502727,6179,101777,4.656776835006855,0.16836447732355783
1445,0.493553,8,40,8,102923,502687,6187,101769,4.656406313683353,0.16836461214712073
1446,0.493554,11,69,11,102992,502618,6198,101758,4.655767164400311,0.16836869763193774
1447,0.493555,3,45,3,103037,502573,6201,101755,4.655350327911371,0.1683771064719821
1448,0.493556,9,109,9,103146,502464,6210,101746,4.654340657304828,0.16839509442081396
1449,0.493557,5,57,5,103203,502407,6215,101741,4.653812664418838,0.16840409965769976
1450,0.493558,7,54,7,103257,502353,6222,101734,4.653312460632109,0.1684095171721954
1451,0.493559,9,113,9,103370,502240,6231,101725,4.652265737893216,0.16842863410959244
1452,0.49356,3,23,3,103393,502217,6234,101722,4.652052688132202,0.16843091769201857
1453,0.493561,14,86,14,103479,502131,6248,101708,4.651256067286672,0.16843562605263987
1454,0.493562,5,56,5,103535,502075,6253,101703,4.650737337433769,0.16844436200060287
1455,0.493563,3,19,3,103554,502056,6256,101700,4.6505613398051056,0.1684455309760897
1456,0.493564,10,83,10,103637,501973,6266,101690,4.649792508058839,0.16845491607072158
1457,0.493565,8,94,8,103731,501879,6274,101682,4.648921782948609,0.16847012977975714
1458,0.493566,4,74,4,103805,501805,6278,101678,4.64823631850013,0.16848527630438637
1459,0.493567,2,38,2,103843,501767,6280,101676,4.647884323242803,0.16849313025422452
1460,0.493568,2,58,2,103901,501709,6282,101674,4.647347067323724,0.1685065704535925
1461,0.493569,8,57,8,103958,501652,6290,101666,4.646819074437734,0.16851146493225794
1462,0.49357,7,100,7,104058,501552,6297,101659,4.645892771128978,0.1685297516126198
1463,0.493571,9,104,9,104162,501448,6306,101650,4.644929415687873,0.16854640539348498
1464,0.493572,3,45,3,104207,501403,6309,101647,4.644512579198933,0.168554846198491
1465,0.493573,6,96,6,104303,501307,6315,101641,4.643623328022528,0.16857340931556286
1466,0.493574,8,102,8,104405,501205,6323,101633,4.642678498647597,0.16859089838397712
1467,0.493575,9,77,9,104482,501128,6332,101624,4.641965245099856,0.1686000212359312
1468,0.493576,0,28,0,104510,501100,6332,101624,4.641705880173404,0.16860785367763687
1469,0.493577,7,33,7,104543,501067,6339,101617,4.641400200081515,0.16860742943233933
1470,0.493578,3,62,3,104605,501005,6342,101614,4.640825892030087,0.1686206375836142
1471,0.493579,3,31,3,104636,500974,6345,101611,4.6405387380043726,0.16862517321207796
1472,0.49358,3,43,3,104679,500931,6348,101608,4.640140427581607,0.1686330677350346
1473,0.493581,2,44,2,104723,500887,6350,101606,4.6397328541257545,0.16864262323379692
1474,0.493582,4,45,4,104768,500842,6354,101602,4.639316017636815,0.1686497002210994
1475,0.493583,6,39,6,104807,500803,6360,101596,4.6389547593464,0.16865233840029614
1476,0.493584,3,52,3,104859,500751,6363,101593,4.638473081625848,0.16866275749405654
1477,0.493585,4,58,4,104917,500693,6367,101589,4.637935825706769,0.16867347853663234
1478,0.493586,17,198,17,105115,500495,6384,101572,4.636101745155433,0.16870547630081037
1479,0.493587,2,19,2,105134,500476,6386,101570,4.635925747526771,0.16870803892061403
1480,0.493588,5,43,5,105177,500433,6391,101565,4.635527437104005,0.1687131850936382
1481,0.493589,6,54,6,105231,500379,6397,101559,4.6350272333172775,0.16872003428924573
1482,0.49359,5,86,5,105317,500293,6402,101554,4.634230612471748,0.16873723720480455
1483,0.493591,0,38,0,105355,500255,6402,101554,4.633878617214421,0.16874789177297117
1484,0.493592,4,98,4,105453,500157,6406,101550,4.632970839971841,0.16876984977738335
1485,0.493593,3,59,3,105512,500098,6409,101547,4.632424321019674,0.16878225531667346
1486,0.493594,1,37,1,105549,500061,6410,101546,4.632081588795435,0.16879125409112594
1487,0.493595,0,40,0,105589,500021,6410,101546,4.631711067471933,0.16880247752951874
1488,0.493596,4,59,4,105648,499962,6414,101542,4.631164548519767,0.168813507474597
1489,0.493597,2,46,2,105694,499916,6416,101540,4.6307384489977395,0.16882365459817508
1490,0.493598,5,81,5,105775,499835,6421,101535,4.6299881433176475,0.16883948318007216
1491,0.493599,5,44,5,105819,499791,6426,101530,4.629580569861796,0.16884492642033125
1492,0.4936,2,43,2,105862,499748,6428,101528,4.62918225943903,0.16885423665671007
1493,0.493601,13,97,13,105959,499651,6441,101515,4.628283745229538,0.1688635085816563
1494,0.493602,2,36,2,105995,499615,6443,101513,4.627950276038386,0.16887085612382055
1495,0.493603,7,83,7,106078,499532,6450,101506,4.627181444292119,0.16888449648774287
1496,0.493604,5,82,5,106160,499450,6455,101501,4.62642187557894,0.16890062584137475
1497,0.493605,7,92,7,106252,499358,6462,101494,4.625569676534885,0.16891680480384522
1498,0.493606,1,53,1,106305,499305,6463,101493,4.625078735781244,0.16893032267084776
1499,0.493607,12,108,12,106413,499197,6475,101481,4.624078328207788,0.16894409317471257
1500,0.493608,9,99,9,106512,499098,6484,101472,4.6231612879321204,0.16895948848593836
1501,0.493609,4,41,4,106553,499057,6488,101468,4.62278150357553,0.16896548853086882
1502,0.49361,9,89,9,106642,498968,6497,101459,4.621957093630739,0.16897807726834402
1503,0.493611,3,66,3,106708,498902,6500,101456,4.62134573344696,0.16899250114098588
1504,0.493612,16,146,16,106854,498756,6516,101440,4.619993330616177,0.1690114562576225
1505,0.493613,1,50,1,106904,498706,6517,101439,4.619530178961799,0.16902415249648
1506,0.493614,3,45,3,106949,498661,6520,101436,4.619113342472859,0.16903267305119005
1507,0.493615,4,43,4,106992,498618,6524,101432,4.618715032050095,0.1690392467294392
1508,0.493616,4,28,4,107020,498590,6528,101428,4.6184556671236425,0.1690415954188041
1509,0.493617,0,22,0,107042,498568,6528,101428,4.618251880395717,0.16904779365195768
1510,0.493618,2,42,2,107084,498526,6530,101426,4.61786283300604,0.1690568578819639
1511,0.493619,6,63,6,107147,498463,6536,101420,4.6172792619215235,0.16906630126207944
1512,0.49362,1,52,1,107199,498411,6537,101419,4.616797584200971,0.16907957254555459
1513,0.493621,2,48,2,107247,498363,6539,101417,4.616352958612768,0.16909033312214478
1514,0.493622,3,45,3,107292,498318,6542,101414,4.615936122123828,0.16909886415932449
1515,0.493623,4,23,4,107315,498295,6546,101410,4.615723072362814,0.1690998074053076
1516,0.493624,3,72,3,107387,498223,6549,101407,4.61505613398051,0.16911595483881728
1517,0.493625,1,28,1,107415,498195,6550,101406,4.614796769054059,0.16912246644018272
1518,0.493626,12,156,12,107571,498039,6562,101394,4.613351735892401,0.16914984660504176
1519,0.493627,1,27,1,107598,498012,6563,101393,4.613101633999037,0.1691560797791143
1520,0.493628,0,31,0,107629,497981,6563,101393,4.612814479973323,0.16916482863787885
1521,0.493629,4,52,4,107681,497929,6567,101389,4.612332802252769,0.16917396106908186
1522,0.49363,4,76,4,107757,497853,6571,101385,4.6116288117381155,0.16918987113634315
1523,0.493631,11,120,11,107877,497733,6582,101374,4.610517247767609,0.169208505325426
1524,0.493632,6,57,6,107934,497676,6588,101368,4.609989254881619,0.16921628461348415
1525,0.493633,0,36,0,107970,497640,6588,101368,4.6096557856904665,0.16922645440461564
1526,0.493634,5,29,5,107999,497611,6593,101363,4.609387157730928,0.16922771272208811
1527,0.493635,3,39,3,108038,497572,6596,101360,4.609025899440513,0.16923457086948102
1528,0.493636,5,81,5,108119,497491,6601,101355,4.608275593760421,0.16925052517675662
1529,0.493637,10,91,10,108210,497400,6611,101345,4.607432657749453,0.1692623737985286
1530,0.493638,2,56,2,108266,497344,6613,101343,4.60691392789655,0.16927543106832119
1531,0.493639,4,28,4,108294,497316,6617,101339,4.606654562970099,0.16927779772991122
1532,0.49364,8,83,8,108377,497233,6625,101331,4.6058857312238315,0.16929016780160516
1533,0.493641,5,95,5,108472,497138,6630,101326,4.605005743080515,0.16931010052400813
1534,0.493642,1,20,1,108492,497118,6631,101325,4.604820482418763,0.16931437079220577
1535,0.493643,7,113,7,108605,497005,6638,101318,4.60377375967987,0.1693366292119808
1536,0.493644,2,32,2,108637,496973,6640,101316,4.603477342621068,0.16934290953034403
1537,0.493645,4,74,4,108711,496899,6644,101312,4.602791878172589,0.1693583033411288
1538,0.493646,2,31,2,108742,496868,6646,101310,4.602504724146875,0.16936430293324062
1539,0.493647,3,48,3,108790,496820,6649,101307,4.602060098558672,0.16937372832191155
1540,0.493648,5,81,5,108871,496739,6654,101302,4.60130979287858,0.1693897241159051
1541,0.493649,6,54,6,108925,496685,6660,101296,4.600809589091853,0.16939668651679568
1542,0.49365,2,45,2,108970,496640,6662,101294,4.600392752602913,0.16940665692200144
1543,0.493651,9,80,9,109050,496560,6671,101285,4.599651709955908,0.16941682208599218
1544,0.493652,4,47,4,109097,496513,6675,101281,4.599216347400793,0.16942458438860208
1545,0.493653,3,43,3,109140,496470,6678,101278,4.598818036978028,0.1694326037059095
1546,0.493654,4,50,4,109190,496420,6682,101274,4.59835488532365,0.16944121908535137
1547,0.493655,10,140,10,109330,496280,6692,101264,4.597058060691393,0.16946701832835742
1548,0.493656,2,30,2,109360,496250,6694,101262,4.596780169698766,0.1694727469908554
1549,0.493657,6,73,6,109433,496177,6700,101256,4.596103968283375,0.16948511381192535
1550,0.493658,5,35,5,109468,496142,6705,101251,4.595779762125311,0.16948809242826748
1551,0.493659,6,50,6,109518,496092,6711,101245,4.595316610470933,0.16949393725819764
1552,0.49366,0,47,0,109565,496045,6711,101245,4.594881247915818,0.16950727452326342
1553,0.493661,6,44,6,109609,496001,6717,101239,4.594473674459965,0.1695114191949635
1554,0.493662,5,51,5,109660,495950,6722,101234,4.5940012597725,0.16951894223555888
1555,0.493663,6,85,6,109745,495865,6728,101228,4.593213901960058,0.1695347290958025
1556,0.493664,12,74,12,109819,495791,6740,101216,4.592528437511579,0.16953905063089714
1557,0.493665,1,37,1,109856,495754,6741,101215,4.592185705287339,0.1695481674927844
1558,0.493666,0,17,0,109873,495737,6741,101215,4.592028233724851,0.16955299588576636
1559,0.493667,2,27,2,109900,495710,6743,101213,4.591778131831487,0.1695578826749849
1560,0.493668,1,40,1,109940,495670,6744,101212,4.591407610507985,0.16956785428275606
1561,0.493669,4,62,4,110002,495608,6748,101208,4.590833302456557,0.16957990402402082
1562,0.49367,2,31,2,110033,495577,6750,101206,4.5905461484308425,0.1695859298941156
1563,0.493671,2,60,2,110093,495517,6752,101204,4.589990366445589,0.16960019841768598
1564,0.493672,4,41,4,110134,495476,6756,101200,4.589610582089,0.1696062854882717
1565,0.493673,4,79,4,110213,495397,6760,101196,4.588878802475082,0.16962317693972273
1566,0.493674,2,42,2,110255,495355,6762,101194,4.588489755085405,0.16963233531528843
1567,0.493675,8,75,8,110330,495280,6770,101186,4.587795027603838,0.16964252782220612
1568,0.493676,2,22,2,110352,495258,6772,101184,4.587591240875913,0.169646000784653
1569,0.493677,5,73,5,110425,495185,6777,101179,4.586915039460521,0.1696598050854847
1570,0.493678,2,26,2,110451,495159,6779,101177,4.586674200600244,0.16966441737543936
1571,0.493679,2,42,2,110493,495117,6781,101175,4.586285153210567,0.16967358274134148
1572,0.49368,1,31,1,110524,495086,6782,101174,4.585997999184853,0.16968101163921778
1573,0.493681,6,74,6,110598,495012,6788,101168,4.585312534736374,0.16969371666275285
1574,0.493682,5,40,5,110638,494972,6793,101163,4.5849420134128716,0.16969813884438928
1575,0.493683,3,25,3,110663,494947,6796,101160,4.584710437585683,0.16970107715561134
1576,0.493684,7,86,7,110749,494861,6803,101153,4.583913816740154,0.1697158120446835
1577,0.493685,1,22,1,110771,494839,6804,101152,4.583710030012227,0.1697206837015995
1578,0.493686,2,64,2,110835,494775,6806,101150,4.583117195894624,0.1697361245123128
1579,0.493687,3,66,3,110901,494709,6809,101147,4.582505835710845,0.16975074514647834
1580,0.493688,7,79,7,110980,494630,6816,101140,4.581774056096928,0.16976349933699247
1581,0.493689,3,49,3,111029,494581,6819,101137,4.5813201674756385,0.16977328198912908
1582,0.49369,4,45,4,111074,494536,6823,101133,4.580903330986699,0.1697805324769293
1583,0.493691,3,42,3,111116,494494,6826,101130,4.580514283597021,0.1697883228345399
1584,0.493692,2,41,2,111157,494453,6828,101128,4.580134499240431,0.16979722321564994
1585,0.493693,6,77,6,111234,494376,6834,101122,4.579421245692689,0.16981081380625965
1586,0.493694,2,61,2,111295,494315,6836,101120,4.578856200674349,0.16982542175048493
1587,0.493695,0,22,0,111317,494293,6836,101120,4.578652413946423,0.16983169665425513
1588,0.493696,4,50,4,111367,494243,6840,101116,4.578189262292045,0.16984038202160376
1589,0.493697,2,21,2,111388,494222,6842,101114,4.577994738597206,0.16984358412728273
1590,0.493698,3,73,3,111461,494149,6845,101111,4.577318537181815,0.16986022914356752
1591,0.493699,5,103,5,111564,494046,6850,101106,4.576364444773796,0.1698826518267602
1592,0.4937,0,36,0,111600,494010,6850,101106,4.576030975582645,0.1698929284374811
1593,0.493701,0,35,0,111635,493975,6850,101106,4.57570676942458,0.16990292077885197
1594,0.493702,3,42,3,111677,493933,6853,101103,4.575317722034903,0.16991072809040125
1595,0.493703,1,30,1,111707,493903,6854,101102,4.575039831042276,0.16991789984958108
1596,0.493704,5,102,5,111809,493801,6859,101097,4.574095001667346,0.1699400569509395
1597,0.493705,1,36,1,111845,493765,6860,101096,4.573761532476194,0.1699489460563056
1598,0.493706,2,71,2,111916,493694,6862,101094,4.573103857126978,0.16996644182465012
1599,0.493707,0,25,0,111941,493669,6862,101094,4.572872281299789,0.16997358611749555
1600,0.493708,1,31,1,111972,493638,6863,101093,4.572585127274075,0.16998105025633437
1601,0.493709,3,52,3,112024,493586,6866,101090,4.572103449553522,0.16999172658725087
1602,0.49371,6,45,6,112069,493541,6872,101084,4.571686613064582,0.16999621610258567
1603,0.493711,5,66,5,112135,493475,6877,101079,4.571075252880803,0.1700081069171177
1604,0.493712,4,58,4,112193,493417,6881,101075,4.5705379969617255,0.1700191087516737
1605,0.493713,3,47,3,112240,493370,6884,101072,4.57010263440661,0.17002836273345423
1606,0.493714,1,33,1,112273,493337,6885,101071,4.569796954314721,0.17003640597030995
1607,0.493715,6,26,6,112299,493311,6891,101065,4.569556115454445,0.17003546576577788
1608,0.493716,4,28,4,112327,493283,6895,101061,4.569296750527993,0.17003789051458415
1609,0.493717,3,24,3,112351,493259,6898,101058,4.569074437733891,0.17004056757588965
1610,0.493718,4,62,4,112413,493197,6902,101054,4.568500129682463,0.17005272182966458
1611,0.493719,0,18,0,112431,493179,6902,101054,4.568333395086888,0.170057872921901
1612,0.49372,3,74,3,112505,493105,6905,101051,4.567647930638408,0.17007486249402515
1613,0.493721,4,22,4,112527,493083,6909,101047,4.567444143910482,0.17007557268611248
1614,0.493722,6,58,6,112585,493025,6915,101041,4.566906887991404,0.17008379540320437
1615,0.493723,0,70,0,112655,492955,6915,101041,4.5662584756752755,0.17010383908309146
1616,0.493724,9,135,9,112790,492820,6924,101032,4.565007966208455,0.17012993136336999
1617,0.493725,3,25,3,112815,492795,6927,101029,4.564776390381266,0.17013290133103412
1618,0.493726,6,68,6,112883,492727,6933,101023,4.564146504131313,0.170144
1619,0.493727,1,32,1,112915,492695,6934,101022,4.563850087072511,0.1701517726458902
1620,0.493728,2,29,2,112944,492666,6936,101020,4.563581459112972,0.17015728853299555
1621,0.493729,3,53,3,112997,492613,6939,101017,4.563090518359331,0.17016828664319525
1622,0.49373,2,32,2,113029,492581,6941,101015,4.56279410130053,0.1701746642497591
1623,0.493731,5,101,5,113130,492480,6946,101010,4.561858534958687,0.17019663347318403
1624,0.493732,8,78,8,113208,492402,6954,101002,4.561136018377858,0.17020781794527842
1625,0.493733,5,78,5,113286,492324,6959,100997,4.560413501797028,0.17022320126879043
1626,0.493734,6,43,6,113329,492281,6965,100991,4.560015191374264,0.1702271470758775
1627,0.493735,3,36,3,113365,492245,6968,100988,4.559681722183112,0.17023328102111648
1628,0.493736,7,60,7,113425,492185,6975,100981,4.559125940197858,0.17024070833459773
1629,0.493737,4,49,4,113474,492136,6979,100977,4.558672051576568,0.17024917680104804
1630,0.493738,9,87,9,113561,492049,6988,100968,4.557866167697951,0.17026156079842567
1631,0.493739,3,19,3,113580,492030,6991,100965,4.557690170069288,0.17026281840487695
1632,0.49374,5,34,5,113614,491996,6996,100960,4.557375226944311,0.1702655846302255
1633,0.493741,3,55,3,113669,491941,6999,100957,4.556865760124495,0.17027718089789476
1634,0.493742,4,86,4,113755,491855,7003,100953,4.556069139278965,0.17029628480047504
1635,0.493743,3,38,3,113793,491817,7006,100950,4.555717144021639,0.17030300269751858
1636,0.493744,3,25,3,113818,491792,7009,100947,4.55548556819445,0.17030598627726537
1637,0.493745,1,59,1,113877,491733,7010,100946,4.554939049242284,0.17032153999045013
1638,0.493746,5,32,5,113909,491701,7015,100941,4.554642632183482,0.17032373675844775
1639,0.493747,3,18,3,113927,491683,7018,100938,4.554475897587906,0.17032471005921154
1640,0.493748,8,55,8,113982,491628,7026,100930,4.5539664307680905,0.17032931797393672
1641,0.493749,3,66,3,114048,491562,7029,100927,4.553355070584312,0.17034409077636883
1642,0.49375,1,34,1,114082,491528,7030,100926,4.553040127459336,0.17035246618302854
1643,0.493751,3,18,3,114100,491510,7033,100923,4.552873392863759,0.17035344081102843
1644,0.493752,1,32,1,114132,491478,7034,100922,4.552576975804958,0.17036124240378123
1645,0.493753,2,54,2,114186,491424,7036,100920,4.552076772018229,0.17037397188120418
1646,0.493754,6,51,6,114237,491373,7042,100914,4.551604357330764,0.17038023795896245
1647,0.493755,3,35,3,114272,491338,7045,100911,4.5512801511727,0.17038610449321148
1648,0.493756,6,41,6,114313,491297,7051,100905,4.55090036681611,0.17038949547620574
1649,0.493757,4,58,4,114371,491239,7055,100901,4.550363110897032,0.17040058094369576
1650,0.493758,3,14,3,114385,491225,7058,100898,4.550233428433806,0.17040040667226236
1651,0.493759,6,57,6,114442,491168,7064,100892,4.549705435547816,0.17040840455359255
1652,0.49376,2,28,2,114470,491140,7066,100890,4.549446070621364,0.17041366146985795
1653,0.493761,4,47,4,114517,491093,7070,100886,4.549010708066249,0.1704215859008512
1654,0.493762,6,56,6,114573,491037,7076,100880,4.548491978213346,0.1704293000538927
1655,0.493763,2,14,2,114587,491023,7078,100878,4.54836229575012,0.17043052807817524
1656,0.493764,6,98,6,114685,490925,7084,100872,4.54745451850754,0.17045034023491162
1657,0.493765,2,46,2,114731,490879,7086,100870,4.547028418985513,0.17046078658350078
1658,0.493766,3,72,3,114803,490807,7089,100867,4.546361480603209,0.17047732366134052
1659,0.493767,4,49,4,114852,490758,7093,100863,4.545907591981918,0.1704858346813247
1660,0.493768,2,32,2,114884,490726,7095,100861,4.545611174923117,0.1704922521962112
1661,0.493769,9,91,9,114975,490635,7104,100852,4.544768238912149,0.17050586065289686
1662,0.49377,3,17,3,114992,490618,7107,100849,4.544610767349661,0.17050655404274456
1663,0.493771,7,69,7,115061,490549,7114,100842,4.54397161806662,0.17051662943805368
1664,0.493772,2,14,2,115075,490535,7116,100840,4.543841935603394,0.17051786091735363
1665,0.493773,3,24,3,115099,490511,7119,100837,4.543619622809293,0.17052057333414503
1666,0.493774,1,23,1,115122,490488,7120,100836,4.543406573048279,0.17052580311301418
1667,0.493775,4,38,4,115160,490450,7124,100832,4.543054577790952,0.17053115095673468
1668,0.493776,2,15,2,115175,490435,7126,100830,4.542915632294639,0.1705326714755651
1669,0.493777,6,69,6,115244,490366,7132,100824,4.542276483011597,0.17054415670089143
1670,0.493778,1,55,1,115299,490311,7133,100823,4.541767016191782,0.17055862122632093
1671,0.493779,3,64,3,115363,490247,7136,100820,4.541174182074179,0.17057287921673855
1672,0.49378,2,43,2,115406,490204,7138,100818,4.540775871651413,0.17058248254718097
1673,0.493781,3,36,3,115442,490168,7141,100815,4.540442402460261,0.17058866329488326
1674,0.493782,4,52,4,115494,490116,7145,100811,4.539960724739709,0.17059806033570982
1675,0.493783,4,60,4,115554,490056,7149,100807,4.539404942754455,0.17060976910045136
1676,0.493784,4,30,4,115584,490026,7153,100803,4.539127051761829,0.17061281690641455
1677,0.493785,1,7,1,115591,490019,7154,100802,4.539062210530216,0.1706134345258547
1678,0.493786,4,45,4,115636,489974,7158,100798,4.538645374041276,0.17062081479826396
1679,0.493787,4,28,4,115664,489946,7162,100794,4.5383860091148245,0.17062328604800758
1680,0.493788,0,20,0,115684,489926,7162,100794,4.5382007484530735,0.17062906283856988
1681,0.493789,4,52,4,115736,489874,7166,100790,4.53771907073252,0.17063846789376025
1682,0.49379,3,27,3,115763,489847,7169,100787,4.537468968839157,0.1706420558247578
1683,0.493791,2,59,2,115822,489788,7171,100785,4.536922449886991,0.17065629481876077
1684,0.493792,5,57,5,115879,489731,7176,100780,4.536394457001,0.17066574543065244
1685,0.493793,4,24,4,115903,489707,7180,100776,4.536172144206899,0.17066706408143842
1686,0.493794,1,33,1,115936,489674,7181,100775,4.53586646411501,0.170675198027264
1687,0.493795,1,39,1,115975,489635,7182,100774,4.535505205824595,0.17068506747017745
1688,0.493796,0,14,0,115989,489621,7182,100774,4.5353755233613695,0.17068911491459107
1689,0.493797,4,35,4,116024,489586,7186,100770,4.535051317203305,0.1706936153778398
1690,0.493798,3,16,3,116040,489570,7189,100767,4.5349031086739044,0.17069402730982472
1691,0.493799,2,62,2,116102,489508,7191,100765,4.534328800622476,0.17070914644579713
1692,0.4938,1,87,1,116189,489421,7192,100764,4.533522916743858,0.17073290578377967
1693,0.493801,0,14,0,116203,489407,7192,100764,4.5333932342806325,0.17073695589922244
1694,0.493802,4,46,4,116249,489361,7196,100760,4.532967134758605,0.17074464389506558
1695,0.493803,5,36,5,116285,489325,7201,100755,4.532633665567453,0.170748034164859
1696,0.493804,1,40,1,116325,489285,7202,100754,4.532263144243951,0.1707582041187108
1697,0.493805,2,21,2,116346,489264,7204,100752,4.532068620549112,0.17076147087536608
1698,0.493806,8,62,8,116408,489202,7212,100744,4.531494312497684,0.17076817200218325
1699,0.493807,9,93,9,116501,489109,7221,100735,4.530632850420542,0.1707824441716793
1700,0.493808,2,10,2,116511,489099,7223,100733,4.530540220089666,0.17078252790625126
1701,0.493809,1,25,1,116536,489074,7224,100732,4.530308644262477,0.17078836091867494
1702,0.49381,6,32,6,116568,489042,7230,100726,4.530012227203676,0.17078919168215298
1703,0.493811,6,48,6,116616,488994,7236,100720,4.529567601615473,0.17079465639275987
1704,0.493812,3,29,3,116645,488965,7239,100717,4.5292989736559335,0.17079883733944737
1705,0.493813,1,32,1,116677,488933,7240,100716,4.529002556597132,0.1708067002572717
1706,0.493814,9,99,9,116776,488834,7249,100707,4.528085516321465,0.1708227247977664
1707,0.493815,1,20,1,116796,488814,7250,100706,4.527900255659714,0.17082711358393268
1708,0.493816,14,85,14,116881,488729,7264,100692,4.527112897847271,0.1708320538290967
1709,0.493817,2,64,2,116945,488665,7266,100690,4.526520063729667,0.17084779122939484
1710,0.493818,4,45,4,116990,488620,7270,100686,4.5261032272407276,0.17085520934794488
1711,0.493819,10,30,10,117020,488590,7280,100676,4.525825336248101,0.17084983691575623
1712,0.49382,5,43,5,117063,488547,7285,100671,4.525427025825336,0.1708552691872957
1713,0.493821,4,24,4,117087,488523,7289,100667,4.5252047130312345,0.17085659973862422
1714,0.493822,2,36,2,117123,488487,7291,100665,4.524871243840083,0.17086422519146163
1715,0.493823,10,77,10,117200,488410,7301,100655,4.524157990292341,0.17087248436080907
1716,0.493824,4,44,4,117244,488366,7305,100651,4.523750416836489,0.17087961807553942
1717,0.493825,4,23,4,117267,488343,7309,100647,4.523537367075475,0.17088066011307493
1718,0.493826,6,42,6,117309,488301,7315,100641,4.523148319685798,0.17088439948246176
1719,0.493827,3,34,3,117343,488267,7318,100638,4.522833376560821,0.17089004168753874
1720,0.493828,1,38,1,117381,488229,7319,100637,4.522481381303494,0.1708996613830651
1721,0.493829,4,75,4,117456,488154,7323,100633,4.521786653821928,0.17091579807298735
1722,0.49383,2,37,2,117493,488117,7325,100631,4.521443921597688,0.17092372288313507
1723,0.493831,2,16,2,117509,488101,7327,100629,4.521295713068287,0.17092555161109507
1724,0.493832,5,44,5,117553,488057,7332,100624,4.520888139612435,0.17093128536507887
1725,0.493833,4,58,4,117611,487999,7336,100620,4.520350883693356,0.17094249421102614
1726,0.493834,5,44,5,117655,487955,7341,100615,4.519943310237504,0.17094823045687005
1727,0.493835,3,59,3,117714,487896,7344,100612,4.519396791285338,0.17096114241437668
1728,0.493836,4,85,4,117799,487811,7348,100608,4.518609433472896,0.17098020288263976
1729,0.493837,7,111,7,117910,487700,7355,100601,4.5175812368001775,0.17100259900969061
1730,0.493838,7,50,7,117960,487650,7362,100594,4.5171180851458,0.17100726909241742
1731,0.493839,3,24,3,117984,487626,7365,100591,4.516895772351699,0.1710100184115726
1732,0.49384,3,68,3,118052,487558,7368,100588,4.5162658861017455,0.17102556168026306
1733,0.493841,3,34,3,118086,487524,7371,100585,4.515950942976768,0.17103122040302052
1734,0.493842,9,33,9,118119,487491,7380,100576,4.515645262884879,0.17102813114832152
1735,0.493843,9,70,9,118189,487421,7389,100567,4.5149968505687506,0.17103580345177113
1736,0.493844,3,38,3,118227,487383,7392,100564,4.514644855311423,0.17104262799197886
1737,0.493845,1,19,1,118246,487364,7393,100563,4.514468857682759,0.17104674559936864
1738,0.493846,8,52,8,118298,487312,7401,100555,4.513987179962207,0.17105059477739012
1739,0.493847,4,48,4,118346,487264,7405,100551,4.513542554374005,0.17105892159948283
1740,0.493848,6,32,6,118378,487232,7411,100545,4.513246137315202,0.17105977266888633
1741,0.493849,9,50,9,118428,487182,7420,100536,4.512782985660825,0.171061631598828
1742,0.49385,0,24,0,118452,487158,7420,100536,4.512560672866724,0.1710686173416778
1743,0.493851,5,60,5,118512,487098,7425,100531,4.51200489088147,0.17107903115741394
1744,0.493852,5,44,5,118556,487054,7430,100526,4.511597317425617,0.17108478845433814
1745,0.493853,2,35,2,118591,487019,7432,100524,4.5112731112675535,0.17109215836117528
1746,0.493854,4,26,4,118617,486993,7436,100520,4.511032272407277,0.17109408642872584
1747,0.493855,4,27,4,118644,486966,7440,100516,4.510782170513913,0.17109630592937317
1748,0.493856,5,23,5,118667,486943,7445,100511,4.5105691207528995,0.17109594964031227
1749,0.493857,10,102,10,118769,486841,7455,100501,4.5096242913779685,0.17111154999982975
1750,0.493858,2,65,2,118834,486776,7457,100499,4.509022194227278,0.1711276659146056
1751,0.493859,11,63,11,118897,486713,7468,100488,4.508438623142762,0.17113049875596262
1752,0.49386,6,38,6,118935,486675,7474,100482,4.508086627885435,0.17113310409311308
1753,0.493861,2,53,2,118988,486622,7476,100480,4.507595687131794,0.1711457293621892
1754,0.493862,5,24,5,119012,486598,7481,100475,4.507373374337693,0.17114566672287773
1755,0.493863,2,39,2,119051,486559,7483,100473,4.507012116047279,0.17115421305823192
1756,0.493864,3,26,3,119077,486533,7486,100470,4.506771277187002,0.17115755796818755
1757,0.493865,6,80,6,119157,486453,7492,100464,4.506030234539998,0.17117241449813175
1758,0.493866,5,67,5,119224,486386,7497,100459,4.505409611323132,0.17118489550051547
1759,0.493867,6,44,6,119268,486342,7503,100453,4.505002037867279,0.17118925689550865
1760,0.493868,1,12,1,119280,486330,7504,100452,4.504890881470229,0.17119134533779154
1761,0.493869,3,32,3,119312,486298,7507,100449,4.504594464411427,0.1711964441232763
1762,0.49387,3,30,3,119342,486268,7510,100446,4.504316573418801,0.17120095992255172
1763,0.493871,6,75,6,119417,486193,7516,100440,4.503621845937234,0.17121437082468938
1764,0.493872,4,38,4,119455,486155,7520,100436,4.5032698506799065,0.171219810736953
1765,0.493873,7,87,7,119542,486068,7527,100429,4.502463966801289,0.17123531748670495
1766,0.493874,5,31,5,119573,486037,7532,100424,4.502176812775575,0.17123730307727197
1767,0.493875,0,19,0,119592,486018,7532,100424,4.5020008151469115,0.17124285095542272
1768,0.493876,5,63,5,119655,485955,7537,100419,4.501417244062396,0.17125418248421656
1769,0.493877,4,49,4,119704,485906,7541,100415,4.5009633554411055,0.17126284066236755
1770,0.493878,10,68,10,119772,485838,7551,100405,4.500333469191152,0.17126856951810085
1771,0.493879,17,143,17,119915,485695,7568,100388,4.499008855459632,0.1712863195144715
1772,0.49388,4,31,4,119946,485664,7572,100384,4.498721701433918,0.1712897237086382
1773,0.493881,5,41,5,119987,485623,7577,100379,4.498341917077328,0.1712946372196682
1774,0.493882,6,57,6,120044,485566,7583,100373,4.4978139241913375,0.17130281479812745
1775,0.493883,10,68,10,120112,485498,7593,100363,4.497184037941383,0.17130855271130865
1776,0.493884,2,22,2,120134,485476,7595,100361,4.496980251213457,0.1713121567944667
1777,0.493885,7,109,7,120243,485367,7602,100354,4.495970580606914,0.17133413348676246
1778,0.493886,2,28,2,120271,485339,7604,100352,4.495711215680463,0.17133949471649726
1779,0.493887,11,33,11,120304,485306,7615,100341,4.495405535588573,0.17133358490694905
1780,0.493888,3,27,3,120331,485279,7618,100338,4.495155433695209,0.17133723918533786
1781,0.493889,2,24,2,120355,485255,7620,100336,4.494933120901107,0.1713414311353829
1782,0.49389,3,64,3,120419,485191,7623,100333,4.494340286783505,0.1713559136773215
1783,0.493891,3,29,3,120448,485162,7626,100330,4.494071658823965,0.17136015521988346
1784,0.493892,3,29,3,120477,485133,7629,100327,4.493803030864426,0.1713643972261128
1785,0.493893,1,16,1,120493,485117,7630,100326,4.493654822335025,0.1713676651697945
1786,0.493894,3,70,3,120563,485047,7633,100323,4.4930064100188964,0.1713839110306302
1787,0.493895,1,14,1,120577,485033,7634,100322,4.492876727555671,0.17138659445977228
1788,0.493896,1,30,1,120607,485003,7635,100321,4.492598836563044,0.17139396300168797
1789,0.493897,1,53,1,120660,484950,7636,100320,4.492107895809403,0.17140806807114664
1790,0.493898,15,96,15,120756,484854,7651,100305,4.4912186446329985,0.1714149487575172
1791,0.493899,7,85,7,120841,484769,7658,100298,4.490431286820557,0.1714299387933348
1792,0.4939,7,90,7,120931,484679,7665,100291,4.489597613842677,0.17144639896063046
1793,0.493901,0,19,0,120950,484660,7665,100291,4.489421616214013,0.1714519677716595
1794,0.493902,11,111,11,121061,484549,7676,100280,4.4883934195412944,0.17146892510460324
1795,0.493903,3,37,3,121098,484512,7679,100277,4.488050687317055,0.17147552365041066
1796,0.493904,2,58,2,121156,484454,7681,100275,4.487513431397977,0.17148969864672353
1797,0.493905,6,67,6,121223,484387,7687,100269,4.486892808181111,0.1715008483621138
1798,0.493906,5,107,5,121330,484280,7692,100264,4.4859016636407425,0.17152515465046259
1799,0.493907,9,62,9,121392,484218,7701,100255,4.485327355589314,0.1715305925166774
1800,0.493908,5,58,5,121450,484160,7706,100250,4.484790099670236,0.17154052805393474
1801,0.493909,5,88,5,121538,484072,7711,100245,4.4839749527585315,0.17155927347655467
1802,0.49391,10,70,10,121608,484002,7721,100235,4.483326540442403,0.1715656488719475
1803,0.493911,3,23,3,121631,483979,7724,100232,4.483113490681388,0.17156814917897814
1804,0.493912,4,38,4,121669,483941,7728,100228,4.482761495424062,0.17157363708105017
1805,0.493913,6,60,6,121729,483881,7734,100222,4.482205713438808,0.1715827516722222
1806,0.493914,14,110,14,121839,483771,7748,100208,4.481186779799177,0.1715952114716454
1807,0.493915,8,69,8,121908,483702,7756,100200,4.480547630516136,0.1716041390507311
1808,0.493916,14,106,14,122014,483596,7770,100186,4.479565749008856,0.17161543178789343
1809,0.493917,3,38,3,122052,483558,7773,100183,4.479213753751528,0.17162234621176173
1810,0.493918,3,23,3,122075,483535,7776,100180,4.479000703990515,0.17162485116880669
1811,0.493919,1,24,1,122099,483511,7777,100179,4.478778391196413,0.17163048878685605
1812,0.49392,8,61,8,122160,483450,7785,100171,4.478213346178072,0.17163707268929665
1813,0.493921,1,17,1,122177,483433,7786,100170,4.478055874615584,0.17164065297813755
1814,0.493922,12,50,12,122227,483383,7798,100158,4.477592722961206,0.17163832532761195
1815,0.493923,3,17,3,122244,483366,7801,100155,4.477435251398718,0.17163906697445336
1816,0.493924,4,11,4,122255,483355,7805,100151,4.4773333580347545,0.1716366241306859
1817,0.493925,3,29,3,122284,483326,7808,100148,4.477064730075216,0.17164089573828484
1818,0.493926,5,80,5,122364,483246,7813,100143,4.476323687428211,0.17165733327162494
1819,0.493927,9,73,9,122437,483173,7822,100134,4.47564748601282,0.17166603520958945
1820,0.493928,0,20,0,122457,483153,7822,100134,4.475462225351069,0.1716719213697545
1821,0.493929,0,12,0,122469,483141,7822,100134,4.475351068954018,0.17167545325961167
1822,0.49393,12,92,12,122561,483049,7834,100122,4.474498869909963,0.1716854919054617
1823,0.493931,5,43,5,122604,483006,7839,100117,4.474100559487199,0.17169104974422206
1824,0.493932,2,49,2,122653,482957,7841,100115,4.473646670865908,0.17170263706712036
1825,0.493933,6,62,6,122715,482895,7847,100109,4.47307236281448,0.17171237247085783
1826,0.493934,3,49,3,122764,482846,7850,100106,4.47261847419319,0.17172254319395078
1827,0.493935,4,38,4,122802,482808,7854,100102,4.472266478935863,0.17172805407352765
1828,0.493936,3,46,3,122848,482762,7857,100099,4.471840379413835,0.17173734389502815
1829,0.493937,4,61,4,122909,482701,7861,100095,4.471275334395495,0.171749634520484
1830,0.493938,3,58,3,122967,482643,7864,100092,4.470738078476416,0.17176246492831218
1831,0.493939,2,31,2,122998,482612,7866,100090,4.470450924450702,0.1717687600179852
1832,0.49394,0,17,0,123015,482595,7866,100090,4.470293452888214,0.17177377142023564
1833,0.493941,4,49,4,123064,482546,7870,100086,4.469839564266923,0.17178253168380728
1834,0.493942,2,40,2,123104,482506,7872,100084,4.469469042943421,0.17179148286101717
1835,0.493943,1,35,1,123139,482471,7873,100083,4.469144836785357,0.17180038245381543
1836,0.493944,16,160,16,123299,482311,7889,100067,4.467662751491348,0.1718248285477817
1837,0.493945,1,29,1,123328,482282,7890,100066,4.467394123531809,0.17183196301867612
1838,0.493946,7,59,7,123387,482223,7897,100059,4.466847604579644,0.171839418013952
1839,0.493947,0,18,0,123405,482205,7897,100059,4.466680869984067,0.17184473022546473
1840,0.493948,2,34,2,123439,482171,7899,100057,4.4663659268590905,0.17185192055346016
1841,0.493949,6,73,6,123512,482098,7905,100051,4.465689725443699,0.1718649349221591
1842,0.49395,1,50,1,123562,482048,7906,100050,4.465226573789321,0.17187827479221712
1843,0.493951,15,140,15,123702,481908,7921,100035,4.463929749157064,0.1718982786973982
1844,0.493952,1,4,1,123706,481904,7922,100034,4.463892697024714,0.17189803724795424
1845,0.493953,3,26,3,123732,481878,7925,100031,4.463651858164438,0.1719014485082719
1846,0.493954,0,12,0,123744,481866,7925,100031,4.4635407017673865,0.1719049934954124
1847,0.493955,3,15,3,123759,481851,7928,100028,4.4634017562710735,0.17190515553921004
1848,0.493956,6,70,6,123829,481781,7934,100022,4.462753343954945,0.17191729846700687
1849,0.493957,7,31,7,123860,481750,7941,100015,4.462466189929231,0.1719164954921661
1850,0.493958,1,19,1,123879,481731,7942,100014,4.462290192300567,0.171920686898899
1851,0.493959,6,55,6,123934,481676,7948,100008,4.461780725480751,0.17192840098747775
1852,0.49396,3,43,3,123977,481633,7951,100005,4.461382415057987,0.17193684044027385
1853,0.493961,5,58,5,124035,481575,7956,100000,4.460845159138908,0.17194686841765894
1854,0.493962,4,48,4,124083,481527,7960,99996,4.460400533550706,0.1719553654799552
1855,0.493963,4,34,4,124117,481493,7964,99992,4.460085590425729,0.1719597238105884
1856,0.493964,3,46,3,124163,481447,7967,99989,4.459659490903702,0.1719690559236098
1857,0.493965,5,40,5,124203,481407,7972,99984,4.459288969580199,0.1719737663637724
1858,0.493966,0,18,0,124221,481389,7972,99984,4.459122234984624,0.1719790908762533
1859,0.493967,1,38,1,124259,481351,7973,99983,4.458770239727296,0.17198890826960062
1860,0.493968,2,34,2,124293,481317,7975,99981,4.458455296602319,0.17199611903017042
1861,0.493969,17,119,17,124412,481198,7992,99964,4.457352995664901,0.17200711677638938
1862,0.49397,3,28,3,124440,481170,7995,99961,4.457093630738449,0.17201113002059776
1863,0.493971,5,20,5,124460,481150,8000,99956,4.456908370076698,0.17200992589992187
1864,0.493972,0,23,0,124483,481127,8000,99956,4.456695320315684,0.17201673427031938
1865,0.493973,6,54,6,124537,481073,8006,99950,4.456195116528956,0.17202417116017782
1866,0.493974,4,31,4,124568,481042,8010,99946,4.455907962503242,0.17202764945231228
1867,0.493975,3,34,3,124602,481008,8013,99943,4.455593019378266,0.17203344171883686
1868,0.493976,1,25,1,124627,480983,8014,99942,4.455361443551077,0.17203941989069158
1869,0.493977,8,62,8,124689,480921,8022,99934,4.454787135499648,0.17204637990548416
1870,0.493978,7,32,7,124721,480889,8029,99927,4.454490718440846,0.1720458802787802
1871,0.493979,5,33,5,124754,480856,8034,99922,4.454185038348957,0.17204852800898104
1872,0.49398,2,37,2,124791,480819,8036,99920,4.453842306124717,0.17205663817997413
1873,0.493981,6,125,6,124916,480694,8042,99914,4.452684426988773,0.1720851245590829
1874,0.493982,5,39,5,124955,480655,8047,99909,4.452323168698358,0.1720895542954782
1875,0.493983,8,90,8,125045,480565,8055,99901,4.4514894957204785,0.17210482612246022
1876,0.493984,9,86,9,125131,480479,8064,99892,4.4506928748749495,0.17211749036392238
1877,0.493985,4,48,4,125179,480431,8068,99888,4.450248249286746,0.17212602034398322
1878,0.493986,6,49,6,125228,480382,8074,99882,4.449794360665456,0.1721319950918892
1879,0.493987,2,52,2,125280,480330,8076,99880,4.449312682944903,0.17214456834594372
1880,0.493988,3,42,3,125322,480288,8079,99877,4.448923635555226,0.1721527496488068
1881,0.493989,5,105,5,125427,480183,8084,99872,4.447951017081033,0.17217677634017464
1882,0.49399,3,48,3,125475,480135,8087,99869,4.447506391492831,0.17218674353969973
1883,0.493991,2,25,2,125500,480110,8089,99867,4.447274815665642,0.17219131103474794
1884,0.493992,8,77,8,125577,480033,8097,99859,4.4465615621179,0.17220275499575782
1885,0.493993,1,35,1,125612,479998,8098,99858,4.446237355959836,0.17221172153086284
1886,0.493994,2,41,2,125653,479957,8100,99856,4.445857571603246,0.17222104368132485
1887,0.493995,9,50,9,125703,479907,8109,99847,4.445394419948868,0.1722230463265454
1888,0.493996,8,75,8,125778,479832,8117,99839,4.444699692467301,0.1722339050944415
1889,0.493997,3,60,3,125838,479772,8120,99836,4.444143910482048,0.1722474500006901
1890,0.493998,4,67,4,125905,479705,8124,99832,4.443523287265182,0.17226165024838794
1891,0.493999,5,57,5,125962,479648,8129,99827,4.442995294379192,0.17227145260796412
1892,0.494,5,28,5,125990,479620,8134,99822,4.44273592945274,0.17227263470718382
1893,0.494001,3,61,3,126051,479559,8137,99819,4.4421708844343994,0.1722864865424645
1894,0.494002,6,68,6,126119,479491,8143,99813,4.441540998184445,0.17229813707483463
1895,0.494003,5,45,5,126164,479446,8148,99808,4.441124161695505,0.17230437769959292
1896,0.494004,6,77,6,126241,479369,8154,99802,4.440410908147764,0.17231871070892707
1897,0.494005,3,43,3,126284,479326,8157,99799,4.440012597724999,0.17232721778545218
1898,0.494006,3,31,3,126315,479295,8160,99796,4.439725443699285,0.17233215504989716
1899,0.494007,2,18,2,126333,479277,8162,99794,4.439558709103709,0.17233465326358943
1900,0.494008,8,47,8,126380,479230,8170,99786,4.439123346548594,0.1723372065711483
1901,0.494009,2,11,2,126391,479219,8172,99784,4.439021453184631,0.1723376217394383
1902,0.49401,6,57,6,126448,479162,8178,99778,4.43849346029864,0.17234601167651226
1903,0.494011,3,50,3,126498,479112,8181,99775,4.4380303086442625,0.1723566084572637
1904,0.494012,4,70,4,126568,479042,8185,99771,4.437381896328134,0.17237173318498375
1905,0.494013,4,79,4,126647,478963,8189,99767,4.436650116714217,0.17238954261918338
1906,0.494014,4,63,4,126710,478900,8193,99763,4.436066545629701,0.17240259010857786
1907,0.494015,3,56,3,126766,478844,8196,99760,4.435547815776798,0.17241498503294136
1908,0.494016,8,50,8,126816,478794,8204,99752,4.43508466412242,0.17241844209449206
1909,0.494017,2,33,2,126849,478761,8206,99750,4.434778984030531,0.1724254162842193
1910,0.494018,10,43,10,126892,478718,8216,99740,4.434380673607766,0.17242392706125595
1911,0.494019,2,3,2,126895,478715,8218,99738,4.434352884508503,0.17242195995180248
1912,0.49402,8,73,8,126968,478642,8226,99730,4.433676683093112,0.1724322754213551
1913,0.494021,6,49,6,127017,478593,8232,99724,4.433222794471821,0.17243829941018507
1914,0.494022,2,67,2,127084,478526,8234,99722,4.432602171254956,0.1724554170528908
1915,0.494023,1,25,1,127109,478501,8235,99721,4.432370595427767,0.17246144214505849
1916,0.494024,12,121,12,127230,478380,8247,99709,4.4312497684241725,0.17248036202038095
1917,0.494025,4,57,4,127287,478323,8251,99705,4.430721775538182,0.1724916440034047
1918,0.494026,3,26,3,127313,478297,8254,99702,4.430480936677906,0.17249510812302443
1919,0.494027,9,100,9,127413,478197,8263,99693,4.4295546333691505,0.1725120697710637
1920,0.494028,4,23,4,127436,478174,8267,99689,4.429341583608137,0.172513208147952
1921,0.494029,4,42,4,127478,478132,8271,99685,4.42895253621846,0.17252001931407349
1922,0.49403,10,55,10,127533,478077,8281,99675,4.428443069398644,0.17252212021767124
1923,0.494031,7,68,7,127601,478009,8288,99668,4.42781318314869,0.17253240132461567
1924,0.494032,10,104,10,127705,477905,8298,99658,4.426849827707585,0.1725491418252208
1925,0.494033,10,64,10,127769,477841,8308,99648,4.426256993589981,0.1725539360922892
1926,0.494034,3,61,3,127830,477780,8311,99645,4.42569194857164,0.17256786595661774
1927,0.494035,3,24,3,127854,477756,8314,99642,4.425469635777539,0.17257073976702378
1928,0.494036,5,92,5,127946,477664,8319,99637,4.424617436733484,0.17259107467335064
1929,0.494037,9,50,9,127996,477614,8328,99628,4.424154285079107,0.1725931238544666
1930,0.494038,9,74,9,128070,477540,8337,99619,4.423468820630627,0.17260235047881087
1931,0.494039,11,116,11,128186,477424,8348,99608,4.422394308792471,0.17262127576980132
1932,0.49404,1,38,1,128224,477386,8349,99607,4.422042313535144,0.17263121043062915
1933,0.494041,1,28,1,128252,477358,8350,99606,4.421782948608692,0.17263815420026207
1934,0.494042,2,24,2,128276,477334,8352,99604,4.421560635814591,0.17264246764817018
1935,0.494043,3,58,3,128334,477276,8355,99601,4.421023379895513,0.1726555227544173
1936,0.494044,2,37,2,128371,477239,8357,99599,4.420680647671274,0.1726637288112087
1937,0.494045,7,53,7,128424,477186,8364,99592,4.4201897069176335,0.17266955397050512
1938,0.494046,12,67,12,128491,477119,8376,99580,4.419569083700767,0.17267239929321881
1939,0.494047,2,38,2,128529,477081,8378,99578,4.41921708844344,0.17268090847450573
1940,0.494048,5,52,5,128581,477029,8383,99573,4.418735410722887,0.17268930735585378
1941,0.494049,1,37,1,128618,476992,8384,99572,4.418392678498647,0.17269895449594494
1942,0.49405,15,116,15,128734,476876,8399,99557,4.4173181666604915,0.1727121799064245
1943,0.494051,4,32,4,128766,476844,8403,99553,4.417021749601689,0.17271602732144686
1944,0.494052,7,48,7,128814,476796,8410,99546,4.416577124013487,0.17272036395057103
1945,0.494053,6,32,6,128846,476764,8416,99540,4.416280706954685,0.17272134151420085
1946,0.494054,2,23,2,128869,476741,8418,99538,4.416067657193672,0.17272536392962437
1947,0.494055,5,80,5,128949,476661,8423,99533,4.415326614546667,0.1727421667007987
1948,0.494056,11,69,11,129018,476592,8434,99522,4.414687465263626,0.17274706047761382
1949,0.494057,8,66,8,129084,476526,8442,99514,4.414076105079848,0.1727553642108187
1950,0.494058,12,79,12,129163,476447,8454,99502,4.41334432546593,0.1727618243976463
1951,0.494059,5,58,5,129221,476389,8459,99497,4.412807069546853,0.17277204168880647
1952,0.49406,2,28,2,129249,476361,8461,99495,4.412547704620401,0.1727775693923481
1953,0.494061,6,65,6,129314,476296,8467,99489,4.41194560746971,0.1727884540236373
1954,0.494062,1,18,1,129332,476278,8468,99488,4.411778872874134,0.17279241914249885
1955,0.494063,6,46,6,129378,476232,8474,99482,4.411352773352107,0.17279760436605676
1956,0.494064,2,37,2,129415,476195,8476,99480,4.4110100411278665,0.17280583662656882
1957,0.494065,10,148,10,129563,476047,8486,99470,4.409639112230909,0.17283590232782003
1958,0.494066,3,22,3,129585,476025,8489,99467,4.409435325502983,0.17283819757702973
1959,0.494067,10,102,10,129687,475923,8499,99457,4.408490496128052,0.17285446139942298
1960,0.494068,1,47,1,129734,475876,8500,99456,4.408055133572937,0.17286714453567678
1961,0.494069,8,95,8,129829,475781,8508,99448,4.407175145429619,0.17288419047023013
1962,0.49407,2,77,2,129906,475704,8510,99446,4.406461891881878,0.1729044597061636
1963,0.494071,8,89,8,129995,475615,8518,99438,4.405637481937085,0.17291971348727855
1964,0.494072,4,43,4,130038,475572,8522,99434,4.405239171514321,0.17292689119765706
1965,0.494073,6,44,6,130082,475528,8528,99428,4.404831598058468,0.17293149388822796
1966,0.494074,3,33,3,130115,475495,8531,99425,4.404525917966579,0.17293710429277118
1967,0.494075,7,65,7,130180,475430,8538,99418,4.403923820815888,0.17294658761968382
1968,0.494076,7,96,7,130276,475334,8545,99411,4.403034569639483,0.1729654020478647
1969,0.494077,4,29,4,130305,475305,8549,99407,4.402765941679943,0.17296837372457857
1970,0.494078,5,33,5,130338,475272,8554,99402,4.402460261588055,0.17297111057747522
1971,0.494079,12,158,12,130496,475114,8566,99390,4.400996702360221,0.17300140643059056
1972,0.49408,3,28,3,130524,475086,8569,99387,4.400737337433769,0.17300551984166357
1973,0.494081,9,63,9,130587,475023,8578,99378,4.400153766349254,0.17301153723618168
1974,0.494082,7,72,7,130659,474951,8585,99371,4.39948682796695,0.17302314729367846
1975,0.494083,7,73,7,130732,474878,8592,99364,4.398810626551558,0.17303506187286893
1976,0.494084,13,121,13,130853,474757,8605,99351,4.397689799547964,0.1730528053955005
1977,0.494085,3,41,3,130894,474716,8608,99348,4.397310015191374,0.17306084339028402
1978,0.494086,5,51,5,130945,474665,8613,99343,4.396837600503909,0.1730690164597009
1979,0.494087,3,28,3,130973,474637,8616,99340,4.396578235577458,0.1730731370769212
1980,0.494088,7,135,7,131108,474502,8623,99333,4.395327726110637,0.17310376676222258
1981,0.494089,4,58,4,131166,474444,8627,99329,4.39479047019156,0.1731155003808126
1982,0.49409,3,24,3,131190,474420,8630,99326,4.394568157397458,0.1731184182547678
1983,0.494091,7,56,7,131246,474364,8637,99319,4.394049427544555,0.1731252276954346
1984,0.494092,1,26,1,131272,474338,8638,99318,4.393808588684279,0.17313163289497538
1985,0.494093,16,96,16,131368,474242,8654,99302,4.392919337507873,0.17313754480911664
1986,0.494094,7,69,7,131437,474173,8661,99295,4.392280188224833,0.1731482837752063
1987,0.494095,3,28,3,131465,474145,8664,99292,4.392020823298381,0.1731524125579619
1988,0.494096,9,101,9,131566,474044,8673,99283,4.391085256956538,0.17316993617952756
1989,0.494097,0,29,0,131595,474015,8673,99283,4.3908166289969985,0.173178695896375
1990,0.494098,9,73,9,131668,473942,8682,99274,4.390140427581607,0.17318776865963267
1991,0.494099,7,65,7,131733,473877,8689,99267,4.389538330430916,0.17319731167036556
1992,0.4941,9,100,9,131833,473777,8698,99258,4.388612027122161,0.1732145505946408
1993,0.494101,4,46,4,131879,473731,8702,99254,4.388185927600134,0.17322268471251429
1994,0.494102,12,93,12,131972,473638,8714,99242,4.387324465522991,0.17323348694316437
1995,0.494103,1,35,1,132007,473603,8715,99241,4.387000259364926,0.1732426280104182
1996,0.494104,2,29,2,132036,473574,8717,99239,4.386731631405388,0.17324851216714704
1997,0.494105,4,74,4,132110,473500,8721,99235,4.386046166956908,0.17326512261342505
1998,0.494106,2,13,2,132123,473487,8723,99233,4.385925747526771,0.17326616845928203
1999,0.494107,1,31,1,132154,473456,8724,99232,4.385638593501056,0.17327410387505937
2000,0.494108,2,32,2,132186,473424,8726,99230,4.385342176442254,0.17328089911185462
2001,0.494109,1,36,1,132222,473388,8727,99229,4.385008707251102,0.173290349395844
2002,0.49411,3,60,3,132282,473328,8730,99226,4.384452925265849,0.17330417742256626
2003,0.494111,5,27,5,132309,473301,8735,99221,4.384202823372485,0.17330513063253464
2004,0.494112,13,138,13,132447,473163,8748,99208,4.382924524806403,0.1733281385674676
2005,0.494113,5,45,5,132492,473118,8753,99203,4.382507688317463,0.17333454477469812
2006,0.494114,9,83,9,132575,473035,8762,99194,4.381738856571196,0.17334668463150243
2007,0.494115,6,79,6,132654,472956,8768,99188,4.381007076957279,0.17336195083755138
2008,0.494116,13,79,13,132733,472877,8781,99175,4.3802752973433625,0.17336710648682288
2009,0.494117,7,56,7,132789,472821,8788,99168,4.3797565674904595,0.17337396348531178
2010,0.494118,6,88,6,132877,472733,8794,99162,4.378941420578754,0.17339196880546254
2011,0.494119,13,85,13,132962,472648,8807,99149,4.3781540627663125,0.17339895102632577
2012,0.49412,7,126,7,133088,472522,8814,99142,4.376986920597281,0.17342704805620085
2013,0.494121,4,58,4,133146,472464,8818,99138,4.376449664678202,0.17343886130559374
2014,0.494122,13,75,13,133221,472389,8831,99125,4.3757549371966356,0.17344282029836539
2015,0.494123,3,36,3,133257,472353,8834,99122,4.3754214680054835,0.1734494072356621
2016,0.494124,11,70,11,133327,472283,8845,99111,4.374773055689355,0.17345474401201272
2017,0.494125,5,49,5,133376,472234,8850,99106,4.374319167068065,0.17346238666993383
2018,0.494126,3,25,3,133401,472209,8853,99103,4.374087591240876,0.17346563698994594
2019,0.494127,12,73,12,133474,472136,8865,99091,4.373411389825485,0.17347044169830908
2020,0.494128,4,82,4,133556,472054,8869,99087,4.372651821112305,0.1734895586203757
2021,0.494129,14,113,14,133669,471941,8883,99073,4.371605098373411,0.1735036268813024
2022,0.49413,8,53,8,133722,471888,8891,99065,4.371114157619771,0.17350815215963486
2023,0.494131,3,33,3,133755,471855,8894,99062,4.3708084775278815,0.1735138382637056
2024,0.494132,12,98,12,133853,471757,8906,99050,4.369900700285301,0.1735262531818986
2025,0.494133,6,90,6,133943,471667,8912,99044,4.3690670273074215,0.17354492904464783
2026,0.494134,2,37,2,133980,471630,8914,99042,4.368724295083182,0.17355328454874253
2027,0.494135,6,32,6,134012,471598,8920,99036,4.36842787802438,0.17355432729209966
2028,0.494136,8,72,8,134084,471526,8928,99028,4.367760939642077,0.17356464068256466
2029,0.494137,8,78,8,134162,471448,8936,99020,4.367038423061247,0.1735767825715027
2030,0.494138,4,96,4,134258,471352,8940,99016,4.3661491718848415,0.17360020197486534
2031,0.494139,8,95,8,134353,471257,8948,99008,4.365269183741525,0.17361752869280073
2032,0.49414,5,60,5,134413,471197,8953,99003,4.364713401756271,0.17362855138547878
2033,0.494141,7,43,7,134456,471154,8960,98996,4.3643150913335065,0.1736315004823292
2034,0.494142,21,112,21,134568,471042,8981,98975,4.3632776316277,0.1736351722843354
2035,0.494143,7,108,7,134676,470934,8988,98968,4.362277224054244,0.1736579271523876
2036,0.494144,8,51,8,134727,470883,8996,98960,4.361804809366779,0.17366186826897936
2037,0.494145,6,35,6,134762,470848,9002,98954,4.361480603208714,0.1736638341037764
2038,0.494146,3,41,3,134803,470807,9005,98951,4.361100818852125,0.17367198003362833
2039,0.494147,7,58,7,134861,470749,9012,98944,4.360563562933047,0.173679508085934
2040,0.494148,8,102,8,134963,470647,9020,98936,4.359618733558117,0.17369900435932956
2041,0.494149,5,54,5,135017,470593,9025,98931,4.359118529771388,0.17370821949557877
2042,0.49415,4,20,4,135037,470573,9029,98927,4.358933269109637,0.1737085162423178
2043,0.494151,2,32,2,135069,470541,9031,98925,4.358636852050836,0.1737153754570071
2044,0.494152,4,65,4,135134,470476,9035,98921,4.358034754900144,0.17372940145452118
2045,0.494153,12,92,12,135226,470384,9047,98909,4.35718255585609,0.1737400600393822
2046,0.494154,11,103,11,135329,470281,9058,98898,4.356228463448072,0.1737555320909591
2047,0.494155,14,182,14,135511,470099,9072,98884,4.354542591426137,0.173790781095393
2048,0.494156,3,41,3,135552,470058,9075,98881,4.354162807069547,0.17379894856917877
2049,0.494157,10,124,10,135676,469934,9085,98871,4.35301419096669,0.17382231168854
2050,0.494158,16,73,16,135749,469861,9101,98855,4.352337989551299,0.17382138009129336
2051,0.494159,10,75,10,135824,469786,9111,98845,4.351643262069732,0.173829777131391
2052,0.49416,0,26,0,135850,469760,9111,98845,4.351402423209456,0.17383772566192698
2053,0.494161,15,93,15,135943,469667,9126,98830,4.350540961132313,0.17384436505381734
2054,0.494162,3,60,3,136003,469607,9129,98827,4.34998517914706,0.17385835470784647
2055,0.494163,4,92,4,136095,469515,9133,98823,4.349132980103005,0.17388068367767068
2056,0.494164,6,48,6,136143,469467,9139,98817,4.3486883545148025,0.17388664822518318
2057,0.494165,6,114,6,136257,469353,9145,98811,4.347632368742821,0.1739128139058441
2058,0.494166,4,42,4,136299,469311,9149,98807,4.347243321353144,0.17391985467807744
2059,0.494167,3,31,3,136330,469280,9152,98804,4.34695616732743,0.17392498292506037
2060,0.494168,6,65,6,136395,469215,9158,98798,4.346354070176739,0.173936159911833
2061,0.494169,5,56,5,136451,469159,9163,98793,4.345835340323836,0.1739460376933262
2062,0.49417,9,54,9,136505,469105,9172,98784,4.345335136537107,0.173949486607418
2063,0.494171,12,86,12,136591,469019,9184,98772,4.344538515691578,0.17395837552902388
2064,0.494172,3,41,3,136632,468978,9187,98769,4.344158731334988,0.1739665731390919
2065,0.494173,6,55,6,136687,468923,9193,98763,4.3436492645151725,0.17397469727983428
2066,0.494174,5,57,5,136744,468866,9198,98758,4.343121271629182,0.17398489140698772
2067,0.494175,13,120,13,136864,468746,9211,98745,4.342009707658676,0.17400275951512886
2068,0.494176,5,78,5,136942,468668,9216,98740,4.341287191077846,0.1740194005019316
2069,0.494177,9,95,9,137037,468573,9225,98731,4.340407202934529,0.174035437789968
2070,0.494178,9,91,9,137128,468482,9234,98722,4.339564266923562,0.1740502535243052
2071,0.494179,18,91,18,137219,468391,9252,98704,4.338721330912594,0.17405196660171576
2072,0.49418,6,93,6,137312,468298,9258,98698,4.3378598688354515,0.1740717747567884
2073,0.494181,4,70,4,137382,468228,9262,98694,4.337211456519323,0.1740874406002942
2074,0.494182,7,69,7,137451,468159,9269,98687,4.336572307236281,0.17409843237845904
2075,0.494183,5,94,5,137545,468065,9274,98682,4.335701582126052,0.174120021808673
2076,0.494184,9,79,9,137624,467986,9283,98673,4.334969802512134,0.17413117942183923
2077,0.494185,7,88,7,137712,467898,9290,98666,4.33415465560043,0.1741480221122415
2078,0.494186,4,58,4,137770,467840,9294,98662,4.333617399681351,0.17416002061775598
2079,0.494187,5,56,5,137826,467784,9299,98657,4.333098669828448,0.1741699488561033
2080,0.494188,7,67,7,137893,467717,9306,98650,4.332478046611582,0.17418034595942208
2081,0.494189,11,57,11,137950,467660,9317,98639,4.331950053725592,0.17418183680352606
2082,0.49419,14,102,14,138052,467558,9331,98625,4.331005224350662,0.1741927963220372
2083,0.494191,12,78,12,138130,467480,9343,98613,4.3302827077698325,0.1741992923424243
2084,0.494192,6,68,6,138198,467412,9349,98607,4.329652821519878,0.17421146639953783
2085,0.494193,11,131,11,138329,467281,9360,98596,4.328439364185409,0.17423574381005058
2086,0.494194,11,75,11,138404,467206,9371,98585,4.327744636703843,0.1742427857636477
2087,0.494195,2,38,2,138442,467168,9373,98583,4.327392641446515,0.17425157003699507
2088,0.494196,2,49,2,138491,467119,9375,98581,4.326938752825225,0.17426374403394024
2089,0.494197,3,49,3,138540,467070,9378,98578,4.326484864203935,0.17427446044182954
2090,0.494198,5,75,5,138615,466995,9383,98573,4.325790136722368,0.17429027101957678
2091,0.494199,17,152,17,138767,466843,9400,98556,4.32438215569306,0.17431229980951504
2092,0.4942,0,16,0,138783,466827,9400,98556,4.324233947163659,0.17431723274311395
2093,0.494201,6,59,6,138842,466768,9406,98550,4.323687428211493,0.1743266621618275
2094,0.494202,5,56,5,138898,466712,9411,98545,4.32316869835859,0.17433662917929366
2095,0.494203,10,113,10,139011,466599,9421,98535,4.322121975619697,0.1743568781917209
2096,0.494204,6,87,6,139098,466512,9427,98529,4.32131609174108,0.17437495686153748
2097,0.494205,6,58,6,139156,466454,9433,98523,4.320778835822002,0.17438408997180416
2098,0.494206,15,116,15,139272,466338,9448,98508,4.319704323983845,0.17439797750183236
2099,0.494207,14,94,14,139366,466244,9462,98494,4.318833598873615,0.1744065389614299
2100,0.494208,13,103,13,139469,466141,9475,98481,4.317879506465597,0.17441934604035975
2101,0.494209,5,43,5,139512,466098,9480,98476,4.3174811960428325,0.17442531891302115
2102,0.49421,20,139,20,139651,465959,9500,98456,4.316193634443662,0.1744390209331786
2103,0.494211,9,49,9,139700,465910,9509,98447,4.3157397458223725,0.1744410009975955
2104,0.494212,12,103,12,139803,465807,9521,98435,4.314785653414354,0.1744552869158978
2105,0.494213,2,59,2,139862,465748,9523,98433,4.314239134462189,0.17447060429188505
2106,0.494214,6,69,6,139931,465679,9529,98427,4.313599985179147,0.17448316451163434
2107,0.494215,6,39,6,139970,465640,9535,98421,4.313238726888732,0.17448644738778252
2108,0.494216,18,109,18,140079,465531,9553,98403,4.312229056282189,0.1744938237453319
2109,0.494217,12,82,12,140161,465449,9565,98391,4.31146948756901,0.17450163166855845
2110,0.494218,7,106,7,140267,465343,9572,98384,4.310487606061729,0.1745241934482471
2111,0.494219,19,123,19,140390,465220,9591,98365,4.30934825299196,0.17453445354294383
2112,0.49422,19,160,19,140550,465060,9610,98346,4.307866167697951,0.17455618151031405
2113,0.494221,11,65,11,140615,464995,9621,98335,4.30726407054726,0.17456020449825146
2114,0.494222,4,59,4,140674,464936,9625,98331,4.306717551595094,0.17457262719101244
2115,0.494223,5,59,5,140733,464877,9630,98326,4.306171032642928,0.17458358709026764
2116,0.494224,2,27,2,140760,464850,9632,98324,4.305920930749565,0.17458902577178634
2117,0.494225,6,13,6,140773,464837,9638,98318,4.305800511319426,0.17458426188171997
2118,0.494226,8,51,8,140824,464786,9646,98310,4.305328096631961,0.1745883472800375
2119,0.494227,10,80,10,140904,464706,9656,98300,4.304587053984957,0.17459849450982762
2120,0.494228,16,102,16,141006,464604,9672,98284,4.3036422246100265,0.17460667130939014
2121,0.494229,2,43,2,141049,464561,9674,98282,4.303243914187261,0.17461707794180614
2122,0.49423,7,54,7,141103,464507,9681,98275,4.3027437104005335,0.1746235664964409
2123,0.494231,7,64,7,141167,464443,9688,98268,4.30215087628293,0.17463315982804672
2124,0.494232,14,72,14,141239,464371,9702,98254,4.301483937900626,0.1746349700066652
2125,0.494233,6,75,6,141314,464296,9708,98248,4.30078921041906,0.17464944964305015
2126,0.494234,4,53,4,141367,464243,9712,98244,4.3002982696654195,0.17466003658751225
2127,0.494235,8,124,8,141491,464119,9720,98236,4.299149653562562,0.17468680815499107
2128,0.494236,7,73,7,141564,464046,9727,98229,4.298473452147171,0.17469921301854074
2129,0.494237,4,80,4,141644,463966,9731,98225,4.297732409500167,0.17471820075383632
2130,0.494238,5,90,5,141734,463876,9736,98220,4.296898736522287,0.17473883464746234
2131,0.494239,7,63,7,141797,463813,9743,98213,4.296315165437771,0.1747481433243302
2132,0.49424,6,81,6,141878,463732,9749,98207,4.295564859757679,0.17476452070420456
2133,0.494241,6,100,6,141978,463632,9755,98201,4.294638556448923,0.17478681387529746
2134,0.494242,4,40,4,142018,463592,9759,98197,4.294268035125421,0.1747933832809115
2135,0.494243,18,148,18,142166,463444,9777,98179,4.292897106228463,0.17481299733094977
2136,0.494244,5,101,5,142267,463343,9782,98174,4.29196153988662,0.17483709308890025
2137,0.494245,11,112,11,142379,463231,9793,98163,4.290924080180814,0.17485580537020345
2138,0.494246,10,99,10,142478,463132,9803,98153,4.290007039905147,0.17487194562477174
2139,0.494247,3,66,3,142544,463066,9806,98150,4.289395679721368,0.1748881001254419
2140,0.494248,12,122,12,142666,462944,9818,98138,4.288265589684686,0.1749084804003693
2141,0.494249,10,112,10,142778,462832,9828,98128,4.28722812997888,0.1749286936679977
2142,0.49425,7,69,7,142847,462763,9835,98121,4.286588980695839,0.174939916275023
2143,0.494251,8,88,8,142935,462675,9843,98113,4.285773833784134,0.1749555981939699
2144,0.494252,13,114,13,143049,462561,9856,98100,4.2847178480121535,0.17497204192908014
2145,0.494253,6,79,6,143128,462482,9862,98094,4.283986068398236,0.1749878696198196
2146,0.494254,8,137,8,143265,462345,9870,98086,4.282717032865241,0.17501886940586797
2147,0.494255,17,67,17,143332,462278,9887,98069,4.282096409648375,0.17501476763505472
2148,0.494256,9,105,9,143437,462173,9896,98060,4.281123791174182,0.17503431607920275
2149,0.494257,10,111,10,143548,462062,9906,98050,4.280095594501463,0.17505427485931385
2150,0.494258,8,77,8,143625,461985,9914,98042,4.279382340953722,0.17506655929089132
2151,0.494259,9,66,9,143691,461919,9923,98033,4.278770980769943,0.17507393490870646
2152,0.49426,13,99,13,143790,461820,9936,98020,4.277853940494276,0.1750857387825093
2153,0.494261,12,83,12,143873,461737,9948,98008,4.277085108748008,0.17509401602515431
2154,0.494262,8,110,8,143983,461627,9956,98000,4.276066175108378,0.17511664019069845
2155,0.494263,8,77,8,144060,461550,9964,97992,4.275352921560636,0.17512894474409427
2156,0.494264,9,79,9,144139,461471,9973,97983,4.274621141946719,0.17514040475177584
2157,0.494265,6,51,6,144190,461420,9979,97977,4.274148727259254,0.17514752492415941
2158,0.494266,9,64,9,144254,461356,9988,97968,4.27355589314165,0.17515429339702926
2159,0.494267,13,114,13,144368,461242,10001,97955,4.272499907369669,0.17517082530843334
2160,0.494268,12,94,12,144462,461148,10013,97943,4.271629182259439,0.17518257314104502
2161,0.494269,9,88,9,144550,461060,10022,97934,4.270814035347734,0.17519687152277127
2162,0.49427,8,84,8,144634,460976,10030,97926,4.27003594056838,0.175211396631252
2163,0.494271,5,60,5,144694,460916,10035,97921,4.269480158583127,0.1752228288391785
2164,0.494272,8,72,8,144766,460844,10043,97913,4.268813220200823,0.17523359886319098
2165,0.494273,20,91,20,144857,460753,10063,97893,4.267970284189855,0.17523261600369464
2166,0.494274,8,65,8,144922,460688,10071,97885,4.267368187039164,0.17524119497362028
2167,0.494275,25,143,25,145065,460545,10096,97860,4.266043573307644,0.17524914712439896
2168,0.494276,5,74,5,145139,460471,10101,97855,4.265358108859165,0.17526498855507355
2169,0.494277,15,162,15,145301,460309,10116,97840,4.263857497498981,0.17529369397777297
2170,0.494278,19,102,19,145403,460207,10135,97821,4.26291266812405,0.17529765531478708
2171,0.494279,2,42,2,145445,460165,10137,97819,4.262523620734373,0.1753078941331651
2172,0.49428,11,73,11,145518,460092,10148,97808,4.261847419318982,0.17531457250403298
2173,0.494281,15,158,15,145676,459934,10163,97793,4.2603838600911486,0.17534205803197622
2174,0.494282,14,109,14,145785,459825,10177,97779,4.259374189484605,0.17535562872576238
2175,0.494283,6,74,6,145859,459751,10183,97773,4.258688725036126,0.1753700289135535
2176,0.494284,4,48,4,145907,459703,10187,97769,4.258244099447923,0.17537921187073072
2177,0.494285,14,144,14,146051,459559,10201,97755,4.256910222683316,0.17540381185471746
2178,0.494286,7,62,7,146113,459497,10208,97748,4.256335914631887,0.17541296916078206
2179,0.494287,10,80,10,146193,459417,10218,97738,4.255594871984883,0.1754233561576222
2180,0.494288,13,102,13,146295,459315,10231,97725,4.254650042609952,0.175436234381732
2181,0.494289,4,92,4,146387,459223,10235,97721,4.253797843565898,0.175459292137091
2182,0.49429,7,87,7,146474,459136,10242,97714,4.25299195968728,0.1754763401275029
2183,0.494291,6,53,6,146527,459083,10248,97708,4.252501018933639,0.17548415832870862
2184,0.494292,17,77,17,146604,459006,10265,97691,4.251787765385898,0.17548325211021434
2185,0.494293,9,85,9,146689,458921,10274,97682,4.251000407573456,0.1754967184869647
2186,0.494294,7,101,7,146790,458820,10281,97675,4.250064841231613,0.17551819872595442
2187,0.494295,8,87,8,146877,458733,10289,97667,4.249258957352995,0.1755337886412653
2188,0.494296,10,100,10,146977,458633,10299,97657,4.2483326540442405,0.17555052220963885
2189,0.494297,16,179,16,147156,458454,10315,97641,4.246674571121568,0.17558330860734228
2190,0.494298,23,199,23,147355,458255,10338,97618,4.244831227537145,0.1756120552716178
2191,0.494299,8,68,8,147423,458187,10346,97610,4.244201341287191,0.17562167482012317
2192,0.4943,4,65,4,147488,458122,10350,97606,4.2435992441365,0.17563628249791266
2193,0.494301,11,108,11,147596,458014,10361,97595,4.242598836563044,0.17565410207538035
2194,0.494302,7,87,7,147683,457927,10368,97588,4.241792952684427,0.17567122399935195
2195,0.494303,5,78,5,147761,457849,10373,97583,4.241070436103597,0.17568847311642108
2196,0.494304,10,56,10,147817,457793,10383,97573,4.240551706250694,0.17569134588721672
2197,0.494305,17,151,17,147968,457642,10400,97556,4.239152988254474,0.17571388945925598
2198,0.494306,27,216,27,148184,457426,10427,97529,4.237152173107562,0.17574217729365443
2199,0.494307,10,90,10,148274,457336,10437,97519,4.236318500129682,0.17575582809923312
2200,0.494308,8,44,8,148318,457292,10445,97511,4.23591092667383,0.1757578816264512
2201,0.494309,13,129,13,148447,457163,10458,97498,4.234715995405535,0.17577944005437557
2202,0.49431,6,95,6,148542,457068,10464,97492,4.233836007262218,0.1758006347374495
2203,0.494311,7,131,7,148673,456937,10471,97485,4.232622549927749,0.1758317671376677
2204,0.494312,6,69,6,148742,456868,10477,97479,4.231983400644707,0.17584473263136627
2205,0.494313,3,55,3,148797,456813,10480,97476,4.2314739338248915,0.17585772043103867
2206,0.494314,9,147,9,148944,456666,10489,97467,4.2301122679610215,0.1758909864599293
2207,0.494315,12,90,12,149034,456576,10501,97455,4.229278594983141,0.17590170947113068
2208,0.494316,10,73,10,149107,456503,10511,97445,4.2286023935677495,0.17591001321423672
2209,0.494317,6,121,6,149228,456382,10517,97439,4.227481566564156,0.17593951836423682
2210,0.494318,8,99,8,149327,456283,10525,97431,4.226564526288488,0.1759590691223267
2211,0.494319,15,153,15,149480,456130,10540,97416,4.225147282226092,0.17598537429590314
2212,0.49432,8,64,8,149544,456066,10548,97408,4.2245544481084885,0.17599381362087468
2213,0.494321,13,81,13,149625,455985,10561,97395,4.2238041424283965,0.1760002168491814
2214,0.494322,13,171,13,149796,455814,10574,97382,4.222220163770425,0.17603525694328953
2215,0.494323,14,100,14,149896,455714,10588,97368,4.221293860461669,0.1760462282265559
2216,0.494324,5,74,5,149970,455640,10593,97363,4.220608396013191,0.17606233600902707
2217,0.494325,4,74,4,150044,455566,10597,97359,4.219922931564712,0.17607993850883935
2218,0.494326,18,148,18,150192,455418,10615,97341,4.218552002667754,0.17610025345584604
2219,0.494327,13,128,13,150320,455290,10628,97328,4.217366334432547,0.17612166089414388
2220,0.494328,8,89,8,150409,455201,10636,97320,4.216541924487754,0.17613810153822207
2221,0.494329,7,70,7,150479,455131,10643,97313,4.2158935121716254,0.17614998081253486
2222,0.49433,2,44,2,150523,455087,10645,97311,4.215485938715773,0.1761610288234208
2223,0.494331,5,60,5,150583,455027,10650,97306,4.21493015673052,0.1761727074065826
2224,0.494332,13,100,13,150683,454927,10663,97293,4.214003853421764,0.17618521603708667
2225,0.494333,14,158,14,150841,454769,10677,97279,4.212540294193931,0.1762147494420775
2226,0.494334,6,59,6,150900,454710,10683,97273,4.2119937752417655,0.17622463010636197
2227,0.494335,14,101,14,151001,454609,10697,97259,4.211058208899922,0.17623598396718057
2228,0.494336,12,72,12,151073,454537,10709,97247,4.2103912705176185,0.17624106534441014
2229,0.494337,11,113,11,151186,454424,10720,97236,4.209344547778724,0.17626074031106115
2230,0.494338,14,136,14,151322,454288,10734,97222,4.2080847752788175,0.17628329495385398
2231,0.494339,8,81,8,151403,454207,10742,97214,4.207334469598726,0.1762972393144258
2232,0.49434,10,94,10,151497,454113,10752,97204,4.206463744488495,0.17631235750031288
2233,0.494341,17,107,17,151604,454006,10769,97187,4.205472599948127,0.1763211796956783
2234,0.494342,10,105,10,151709,453901,10779,97177,4.2044999814739334,0.17633982848163055
2235,0.494343,6,116,6,151825,453785,10785,97171,4.203425469635778,0.1763679858282694
2236,0.494344,10,84,10,151909,453701,10795,97161,4.202647374856423,0.17637992818528053
2237,0.494345,11,161,11,152070,453540,10806,97150,4.201156026529326,0.17641504294612215
2238,0.494346,10,176,10,152246,453364,10816,97140,4.199525732705918,0.17645648351328963
2239,0.494347,8,103,8,152349,453261,10824,97132,4.198571640297899,0.1764775351430705
2240,0.494348,8,119,8,152468,453142,10832,97124,4.19746933936048,0.17650372728825695
2241,0.494349,5,114,5,152582,453028,10837,97119,4.196413353588499,0.17653281759238895
2242,0.49435,9,73,9,152655,452955,10846,97110,4.195737152173107,0.1765427722178288
2243,0.494351,15,151,15,152806,452804,10861,97095,4.194338434176887,0.17656878808653953
2244,0.494352,10,117,10,152923,452687,10871,97085,4.1932546593056435,0.17659138697496415
2245,0.494353,5,64,5,152987,452623,10876,97080,4.19266182518804,0.17660445731604157
2246,0.494354,4,53,4,153040,452570,10880,97076,4.1921708844343994,0.17661549433635468
2247,0.494355,9,110,9,153150,452460,10889,97067,4.191151950794768,0.17663736267735708
2248,0.494356,9,86,9,153236,452374,10898,97058,4.190355329949239,0.176651523755442
2249,0.494357,8,39,8,153275,452335,10906,97050,4.189994071658824,0.17665207459249888
2250,0.494358,8,108,8,153383,452227,10914,97042,4.188993664085368,0.17667481689299777
2251,0.494359,10,107,10,153490,452120,10924,97032,4.188002519545,0.17669424858691218
2252,0.49436,12,99,12,153589,452021,10936,97020,4.187085479269332,0.17670811469453102
2253,0.494361,4,104,4,153693,451917,10940,97016,4.186122123828226,0.17673559432571917
2254,0.494362,12,98,12,153791,451819,10952,97004,4.185214346585646,0.1767491522767814
2255,0.494363,6,82,6,153873,451737,10958,96998,4.184454777872467,0.17676656309511876
2256,0.494364,10,49,10,153922,451688,10968,96988,4.184000889251176,0.17676734539145142
2257,0.494365,6,81,6,154003,451607,10974,96982,4.183250583571085,0.1767844415400236
2258,0.494366,14,144,14,154147,451463,10988,96968,4.181916706806477,0.17680984481183595
2259,0.494367,6,51,6,154198,451412,10994,96962,4.181444292119012,0.17681728163625554
2260,0.494368,13,82,13,154280,451330,11007,96949,4.180684723405832,0.17682420811302274
2261,0.494369,14,123,14,154403,451207,11021,96935,4.179545370336063,0.17684286188615359
2262,0.49437,5,67,5,154470,451140,11026,96930,4.178924747119197,0.17685697082489463
2263,0.494371,26,204,26,154674,450936,11052,96904,4.177035088369336,0.17688376168224298
2264,0.494372,31,256,31,154930,450680,11083,96873,4.174663751898922,0.1769198598126574
2265,0.494373,10,102,10,155032,450578,11093,96863,4.1737189225239915,0.1769377887297444
2266,0.494374,3,73,3,155105,450505,11096,96860,4.1730427211086,0.1769568752112393
2267,0.494375,22,169,22,155274,450336,11118,96838,4.171477268516803,0.17697843830298954
2268,0.494376,19,122,19,155396,450214,11137,96819,4.170347178480122,0.17698932239919712
2269,0.494377,10,106,10,155502,450108,11147,96809,4.169365296972841,0.17700857716984478
2270,0.494378,9,103,9,155605,450005,11156,96800,4.168411204564823,0.17702837391757573
2271,0.494379,19,158,19,155763,449847,11175,96781,4.16694764533699,0.17705093774925543
2272,0.49438,10,84,10,155847,449763,11185,96771,4.166169550557634,0.17706309214065363
2273,0.494381,11,93,11,155940,449670,11196,96760,4.165308088480492,0.17707666123748697
2274,0.494382,6,81,6,156021,449589,11202,96754,4.1645577828004,0.17709387692347114
2275,0.494383,9,127,9,156148,449462,11211,96745,4.163381377598281,0.17712149423204024
2276,0.494384,17,127,17,156275,449335,11228,96728,4.162204972396162,0.17713707026478628
2277,0.494385,22,126,22,156401,449209,11250,96706,4.161037830227129,0.1771447936033998
2278,0.494386,11,156,11,156557,449053,11261,96695,4.159592797065471,0.17717884444835344
2279,0.494387,9,77,9,156634,448976,11270,96686,4.158879543517729,0.17719027529862807
2280,0.494388,10,137,10,156771,448839,11280,96676,4.157610507984734,0.17721969148419384
2281,0.494389,6,61,6,156832,448778,11286,96670,4.157045462966393,0.17723046009885451
2282,0.49439,0,86,0,156918,448692,11286,96670,4.156248842120864,0.1772584081765873
2283,0.494391,8,110,8,157028,448582,11294,96662,4.155229908481233,0.1772820975563234
2284,0.494392,18,198,18,157226,448384,11312,96644,4.153395827929898,0.1773193303830262
2285,0.494393,9,65,9,157291,448319,11321,96635,4.152793730779206,0.1773268936460692
2286,0.494394,21,152,21,157443,448167,11342,96614,4.151385749749898,0.17734465776155922
2287,0.494395,3,30,3,157473,448137,11345,96611,4.151107858757271,0.17734989389589315
2288,0.494396,17,164,17,157637,447973,11362,96594,4.149588721330913,0.17737762295548573
2289,0.494397,8,69,8,157706,447904,11370,96586,4.148949572047871,0.17738801447225844
2290,0.494398,10,120,10,157826,447784,11380,96576,4.147838008077365,0.1774120067602322
2291,0.494399,14,97,14,157923,447687,11394,96562,4.1469394938678725,0.1774224665548306
2292,0.4944,18,131,18,158054,447556,11412,96544,4.145726036533403,0.17743797096122035
2293,0.494401,19,137,19,158191,447419,11431,96525,4.144457001000408,0.1774539290809348
2294,0.494402,8,80,8,158271,447339,11439,96517,4.143715958353403,0.1774679326880645
2295,0.494403,17,115,17,158386,447224,11456,96500,4.1426507095483345,0.17747975075589822
2296,0.494404,12,126,12,158512,447098,11468,96488,4.141483567379303,0.17750273185843637
2297,0.494405,8,81,8,158593,447017,11476,96480,4.140733261699211,0.1775170792111088
2298,0.494406,17,118,17,158711,446899,11493,96463,4.1396402237948795,0.17752989719560808
2299,0.494407,24,162,24,158873,446737,11517,96439,4.138139612434696,0.17754650426381136
2300,0.494408,7,102,7,158975,446635,11524,96432,4.1371947830597655,0.17756925020301362
2301,0.494409,9,85,9,159060,446550,11533,96423,4.136407425247323,0.17758341574995443
2302,0.49441,18,120,18,159180,446430,11551,96405,4.135295861276816,0.1775954019177098
2303,0.494411,13,127,13,159307,446303,11564,96392,4.134119456074697,0.1776172619979915
2304,0.494412,22,196,22,159503,446107,11586,96370,4.132303901589537,0.17764808461925574
2305,0.494413,18,179,18,159682,445928,11604,96352,4.130645818666864,0.17767942760197683
2306,0.494414,21,98,21,159780,445830,11625,96331,4.129738041424284,0.17767969293254218
2307,0.494415,15,135,15,159915,445695,11640,96316,4.1284875319574645,0.17770119056624312
2308,0.494416,16,116,16,160031,445579,11656,96300,4.127413020119308,0.17771495112377486
2309,0.494417,13,116,13,160147,445463,11669,96287,4.126338508281152,0.1777332718043378
2310,0.494418,16,109,16,160256,445354,11685,96271,4.1253288376746085,0.17774474959612277
2311,0.494419,15,76,15,160332,445278,11700,96256,4.1246248471599545,0.17774691893768443
2312,0.49442,2,49,2,160381,445229,11702,96254,4.124170958538664,0.17775996661021676
2313,0.494421,12,128,12,160509,445101,11714,96242,4.122985290303457,0.17778377110260962
2314,0.494422,16,153,16,160662,444948,11730,96226,4.1215680462410615,0.1778097247835262
2315,0.494423,12,137,12,160799,444811,11742,96214,4.120299010708067,0.17783651402430573
2316,0.494424,20,159,20,160958,444652,11762,96194,4.118826188447145,0.17785839222255503
2317,0.494425,10,87,10,161045,444565,11772,96184,4.118020304568528,0.17787180373888808
2318,0.494426,14,87,14,161132,444478,11786,96170,4.117214420689911,0.17787913762743968
2319,0.494427,8,95,8,161227,444383,11794,96162,4.116334432546593,0.1778982323395832
2320,0.494428,9,90,9,161317,444293,11803,96153,4.115500759568713,0.17791416718784114
2321,0.494429,7,46,7,161363,444247,11810,96146,4.115074660046686,0.1779186628990383
2322,0.49443,11,78,11,161441,444169,11821,96135,4.114352143465856,0.17792761112262725
2323,0.494431,13,112,13,161553,444057,11834,96122,4.11331468376005,0.17794471832485156
2324,0.494432,10,112,10,161665,443945,11844,96112,4.112277224054244,0.17796639984297954
2325,0.494433,4,73,4,161738,443872,11848,96108,4.111601022638853,0.17798436979147375
2326,0.494434,7,156,7,161894,443716,11855,96101,4.110155989477194,0.17802514555858745
2327,0.494435,6,85,6,161979,443631,11861,96095,4.109368631664752,0.17804404457076367
2328,0.494436,12,163,12,162142,443468,11873,96083,4.107858757271481,0.17807955133064343
2329,0.494437,23,195,23,162337,443273,11896,96060,4.106052465819408,0.17810888634665412
2330,0.494438,17,95,17,162432,443178,11913,96043,4.10517247767609,0.17811435385491292
2331,0.494439,22,175,22,162607,443003,11935,96021,4.103551446885768,0.17813863575647837
2332,0.49444,20,160,20,162767,442843,11955,96001,4.102069361591759,0.17816102619682134
2333,0.494441,21,183,21,162950,442660,11976,95980,4.100374226536737,0.1781895143323927
2334,0.494442,13,119,13,163069,442541,11989,95967,4.099271925599318,0.1782090516761125
2335,0.494443,13,80,13,163149,442461,12002,95954,4.098530882952314,0.17821568864166118
2336,0.494444,8,88,8,163237,442373,12010,95946,4.097715736040609,0.17823260928928758
2337,0.494445,15,79,15,163316,442294,12025,95931,4.096983956426692,0.17823586789911283
2338,0.494446,14,135,14,163451,442159,12039,95917,4.095733446959873,0.1782592050193653
2339,0.494447,19,128,19,163579,442031,12058,95898,4.094547778724666,0.1782725973130283
2340,0.494448,9,60,9,163639,441971,12067,95889,4.093991996739413,0.17827873424311158
2341,0.494449,7,69,7,163708,441902,12074,95882,4.093352847456371,0.17829091233655148
2342,0.49445,6,80,6,163788,441822,12080,95876,4.0926118048093665,0.17830826969786015
2343,0.494451,19,169,19,163957,441653,12099,95857,4.09104635221757,0.17833528678536215
2344,0.494452,7,78,7,164035,441575,12106,95850,4.090323835636741,0.17835046750709402
2345,0.494453,23,161,23,164196,441414,12129,95827,4.088832487309645,0.1783687395414721
2346,0.494454,23,113,23,164309,441301,12152,95804,4.087785764570751,0.1783710820044498
2347,0.494455,18,131,18,164440,441170,12170,95786,4.086572307236281,0.17838705592264542
2348,0.494456,9,92,9,164532,441078,12179,95777,4.085720108192226,0.17840385206433768
2349,0.494457,21,144,21,164676,440934,12200,95756,4.084386231427619,0.17841957181985876
2350,0.494458,8,60,8,164736,440874,12208,95748,4.083830449442366,0.17842727282891868
2351,0.494459,14,116,14,164852,440758,12222,95734,4.082755937604209,0.17844441296421942
2352,0.49446,11,73,11,164925,440685,12233,95723,4.082079736188818,0.17845185008426423
2353,0.494461,16,191,16,165116,440494,12249,95707,4.080310496869095,0.17849090173274573
2354,0.494462,6,124,6,165240,440370,12255,95701,4.079161880766238,0.17852299415562492
2355,0.494463,4,61,4,165301,440309,12259,95697,4.078596835747898,0.17853718055394902
2356,0.494464,11,102,11,165403,440207,12270,95686,4.077652006372967,0.1785543009518691
2357,0.494465,25,191,25,165594,440016,12295,95661,4.075882767053244,0.1785796291421883
2358,0.494466,10,68,10,165662,439948,12305,95651,4.075252880803291,0.17858696524825476
2359,0.494467,15,137,15,165799,439811,12320,95636,4.073983845270296,0.17860964764019596
2360,0.494468,12,83,12,165882,439728,12332,95624,4.073215013524028,0.17861892735994261
2361,0.494469,12,166,12,166048,439562,12344,95612,4.071677350031495,0.17865591377757514
2362,0.49447,10,121,10,166169,439441,12354,95602,4.0705565230279,0.17868096582891468
2363,0.494471,12,120,12,166289,439321,12366,95590,4.069444959057393,0.17870262529654465
2364,0.494472,6,155,6,166444,439166,12372,95584,4.068009188928823,0.17874520804114072
2365,0.494473,14,105,14,166549,439061,12386,95570,4.06703657045463,0.1787588074765586
2366,0.494474,11,103,11,166652,438958,12397,95559,4.066082478046612,0.17877635323104785
2367,0.494475,13,160,13,166812,438798,12410,95546,4.064600392752603,0.17880990522958992
2368,0.494476,7,118,7,166930,438680,12417,95539,4.063507354848271,0.1788386410816538
2369,0.494477,11,89,11,167019,438591,12428,95528,4.06268294490348,0.17885152934083978
2370,0.494478,20,176,20,167195,438415,12448,95508,4.06105265108007,0.17887972610282757
2371,0.494479,8,103,8,167298,438312,12456,95500,4.060098558672052,0.1789019355128772
2372,0.49448,13,135,13,167433,438177,12469,95487,4.058848049205232,0.1789271901421119
2373,0.494481,12,151,12,167584,438026,12481,95475,4.057449331209011,0.17895936464973825
2374,0.494482,6,89,6,167673,437937,12487,95469,4.056624921264219,0.17897998897650194
2375,0.494483,21,150,21,167823,437787,12508,95448,4.0552354663010854,0.17899800275675828
2376,0.494484,8,125,8,167948,437662,12516,95440,4.054077587165142,0.17902765324459485
2377,0.494485,21,148,21,168096,437514,12537,95419,4.052706658268184,0.1790450206686394
2378,0.494486,11,111,11,168207,437403,12548,95408,4.051678461595465,0.17906537214884827
2379,0.494487,11,99,11,168306,437304,12559,95397,4.050761421319797,0.1790816987390675
2380,0.494488,16,160,16,168466,437144,12575,95381,4.049279336025788,0.17911083986667292
2381,0.494489,12,77,12,168543,437067,12587,95369,4.048566082478047,0.17911824144122487
2382,0.49449,12,160,12,168703,436907,12599,95357,4.047083997184038,0.1791535779237371
2383,0.494491,7,128,7,168831,436779,12606,95350,4.045898328948831,0.1791858741019565
2384,0.494492,19,178,19,169009,436601,12625,95331,4.044249509059246,0.17921651639683267
2385,0.494493,14,103,14,169112,436498,12639,95317,4.043295416651229,0.17922961932250878
2386,0.494494,13,171,13,169283,436327,12652,95304,4.041711437993256,0.17926719848917763
2387,0.494495,14,135,14,169418,436192,12666,95290,4.040460928526437,0.179291114280446
2388,0.494496,12,123,12,169541,436069,12678,95278,4.039321575456667,0.17931408288745396
2389,0.494497,6,52,6,169593,436017,12684,95272,4.038839897736115,0.17932236504049584
2390,0.494498,10,86,10,169679,435931,12694,95262,4.038043276890585,0.17933594757461035
2391,0.494499,16,123,16,169802,435808,12710,95246,4.036903923820816,0.17935275885314864
2392,0.4945,4,99,4,169901,435709,12714,95242,4.0359868835451485,0.17938001811843277
2393,0.494501,13,146,13,170047,435563,12727,95229,4.034634480714365,0.1794092601244932
2394,0.494502,21,215,21,170262,435348,12748,95208,4.0326429286005405,0.179449483183679
2395,0.494503,15,156,15,170418,435192,12763,95193,4.031197895438883,0.17947905766565797
2396,0.494504,13,93,13,170511,435099,12776,95180,4.03033643336174,0.17949041919442407
2397,0.494505,25,207,25,170718,434892,12801,95155,4.028418985512617,0.17952181598990277
2398,0.494506,16,173,16,170891,434719,12817,95139,4.02681648078847,0.17955565453385625
2399,0.494507,6,59,6,170950,434660,12823,95133,4.026269961836304,0.1795663589364148
2400,0.494508,9,103,9,171053,434557,12832,95124,4.025315869428286,0.17958733652896744
2401,0.494509,8,82,8,171135,434475,12840,95116,4.024556300715106,0.17960275004673418
2402,0.49451,17,153,17,171288,434322,12857,95099,4.0231390566527105,0.1796283109283538
2403,0.494511,10,132,10,171420,434190,12867,95089,4.0219163362851535,0.1796576096916749
2404,0.494512,7,64,7,171484,434126,12874,95082,4.02132350216755,0.17966848573717706
2405,0.494513,5,86,5,171570,434040,12879,95077,4.02052688132202,0.17968993625228447
2406,0.494514,24,158,24,171728,433882,12903,95053,4.019063322094187,0.17970639114446954
2407,0.494515,18,175,18,171903,433707,12921,95035,4.0174422913038645,0.17973794402563065
2408,0.494516,10,79,10,171982,433628,12931,95025,4.016710511689948,0.17974928733971055
2409,0.494517,10,110,10,172092,433518,12941,95015,4.015691578050316,0.17977117795861375
2410,0.494518,16,140,16,172232,433378,12957,94999,4.014394753418059,0.17979397286407242
2411,0.494519,15,142,15,172374,433236,12972,94984,4.013079402719627,0.17981901480443754
2412,0.49452,20,174,20,172548,433062,12992,94964,4.011467634962392,0.1798472044937181
2413,0.494521,12,123,12,172671,432939,13004,94952,4.010328281892623,0.17987046568325657
2414,0.494522,13,143,13,172814,432796,13017,94939,4.009003668161102,0.17989900234018968
2415,0.494523,16,158,16,172972,432638,13033,94923,4.007540108933269,0.17992800832510364
2416,0.494524,15,162,15,173134,432476,13048,94908,4.006039497573085,0.1799599532788253
2417,0.494525,7,113,7,173247,432363,13055,94901,4.004992774834192,0.1799876342780846
2418,0.494526,17,197,17,173444,432166,13072,94884,4.003167957315943,0.18002846029788444
2419,0.494527,11,93,11,173537,432073,13083,94873,4.002306495238801,0.18004311637245562
2420,0.494528,14,91,14,173628,431982,13097,94859,4.001463559227833,0.18005242568440952
2421,0.494529,17,122,17,173750,431860,13114,94842,4.000333469191152,0.18006766634643498
2422,0.49453,16,103,16,173853,431757,13130,94826,3.999379376783134,0.18007797441239082
2423,0.494531,12,90,12,173943,431667,13142,94814,3.998545703805254,0.18009006972711267
2424,0.494532,7,106,7,174049,431561,13149,94807,3.9975638222979732,0.18011543254909113
2425,0.494533,17,134,17,174183,431427,13166,94790,3.996322575864241,0.18013481130408177
2426,0.494534,10,75,10,174258,431352,13176,94780,3.9956278483826746,0.1801449066013852
2427,0.494535,15,138,15,174396,431214,13191,94765,3.994349549816592,0.18016879000872657
2428,0.494536,9,83,9,174479,431131,13200,94756,3.993580718070325,0.1801831952491695
2429,0.494537,12,74,12,174553,431057,13212,94744,3.992895253621846,0.18018984368610938
2430,0.494538,18,176,18,174729,430881,13230,94726,3.9912649597984364,0.18022210510895023
2431,0.494539,8,58,8,174787,430823,13238,94718,3.990727703879358,0.1802295158703127
2432,0.49454,13,144,13,174931,430679,13251,94705,3.9893938271147507,0.1802586298783366
2433,0.494541,7,85,7,175016,430594,13258,94698,3.9886064693023084,0.18027687457642608
2434,0.494542,18,108,18,175124,430486,13276,94680,3.9876060617288527,0.1802858524733132
2435,0.494543,12,128,12,175252,430358,13288,94668,3.9864203934936455,0.18031107030889898
2436,0.494544,18,122,18,175374,430236,13306,94650,3.985290303456964,0.18032487054331797
2437,0.494545,19,226,19,175600,430010,13325,94631,3.9831968579791766,0.1803728644921003
2438,0.494546,15,124,15,175724,429886,13340,94616,3.98204824187632,0.18039206714178402
2439,0.494547,10,92,10,175816,429794,13350,94606,3.981196042832265,0.18040808543096873
2440,0.494548,18,130,18,175946,429664,13368,94588,3.979991848530883,0.18042468126015732
2441,0.494549,15,124,15,176070,429540,13383,94573,3.978843232428026,0.18044391190449388
2442,0.49455,19,135,19,176205,429405,13402,94554,3.9775927229612065,0.18046068490091782
2443,0.494551,12,176,12,176381,429229,13414,94542,3.975962429137797,0.1805025478692024
2444,0.494552,23,150,23,176531,429079,13437,94519,3.974572974174664,0.18051826019197934
2445,0.494553,19,166,19,176697,428913,13456,94500,3.9730353106821297,0.18054576405247863
2446,0.494554,10,72,10,176769,428841,13466,94490,3.972368372299826,0.18055494514943699
2447,0.494555,19,90,19,176859,428751,13485,94471,3.971534699321946,0.18055624572361254
2448,0.494556,17,142,17,177001,428609,13502,94454,3.9702193486235133,0.18057863010765435
2449,0.494557,16,204,16,177205,428405,13518,94438,3.968329689873652,0.1806240114145164
2450,0.494558,12,114,12,177319,428291,13530,94426,3.9672737041016712,0.1806445935372295
2451,0.494559,16,157,16,177476,428134,13546,94410,3.965819407906925,0.1806737805811568
2452,0.49456,10,82,10,177558,428052,13556,94400,3.9650598391937457,0.1806864554064297
2453,0.494561,8,71,8,177629,427981,13564,94392,3.9644021638445293,0.18069846642150342
2454,0.494562,12,120,12,177749,427861,13576,94380,3.9632905998740227,0.18072116130292337
2455,0.494563,8,74,8,177823,427787,13584,94372,3.9626051354255436,0.18073422080247586
2456,0.494564,15,127,15,177950,427660,13599,94357,3.9614287302234246,0.18075464975278582
2457,0.494565,18,250,18,178200,427410,13617,94339,3.959112971951536,0.1808129962874869
2458,0.494566,12,112,12,178312,427298,13629,94327,3.95807551224573,0.18083297387970285
2459,0.494567,15,122,15,178434,427176,13644,94312,3.9569454222090483,0.18085171662626945
2460,0.494568,15,192,15,178626,426984,13659,94297,3.9551669198562376,0.1808947573381727
2461,0.494569,13,163,13,178789,426821,13672,94284,3.9536570454629665,0.18093090643920132
2462,0.49457,16,131,16,178920,426690,13688,94268,3.9524435881284967,0.18095124750939615
2463,0.494571,13,107,13,179027,426583,13701,94255,3.9514524435881286,0.1809679785269124
2464,0.494572,12,99,12,179126,426484,13713,94243,3.9505354033124607,0.18098350959331858
2465,0.494573,25,251,25,179377,426233,13738,94218,3.9482103820074843,0.18103145156796702
2466,0.494574,31,215,31,179592,426018,13769,94187,3.9462188298936605,0.18105746772906836
2467,0.494575,6,59,6,179651,425959,13775,94181,3.945672310941495,0.18106855846502865
2468,0.494576,10,84,10,179735,425875,13785,94171,3.9448942161621403,0.18108205812562736
2469,0.494577,16,114,16,179849,425761,13801,94155,3.943838230390159,0.18109656175228306
2470,0.494578,12,83,12,179932,425678,13813,94143,3.943069398643892,0.1811065732242445
2471,0.494579,24,177,24,180109,425501,13837,94119,3.9414298417873947,0.18113044147646357
2472,0.49458,19,179,19,180288,425322,13856,94100,3.9397717588647225,0.18116290800158638
2473,0.494581,21,119,21,180407,425203,13877,94079,3.9386694579273036,0.18117130961596975
2474,0.494582,11,128,11,180535,425075,13888,94068,3.937483789692097,0.18119862927940855
2475,0.494583,17,203,17,180738,424872,13905,94051,3.9356033939753234,0.18124268918510067
2476,0.494584,16,148,16,180886,424724,13921,94035,3.9342324650783653,0.1812691442461721
2477,0.494585,18,110,18,180996,424614,13939,94017,3.933213531438734,0.1812791753674578
2478,0.494586,13,128,13,181124,424486,13952,94004,3.9320278632035275,0.1813034002584428
2479,0.494587,18,84,18,181208,424402,13970,93986,3.931249768424173,0.1813043511809687
2480,0.494588,35,199,35,181407,424203,14005,93951,3.9294064248397493,0.1813186813186813
2481,0.494589,15,160,15,181567,424043,14020,93936,3.927924339545741,0.18135098141044328
2482,0.49459,20,182,20,181749,423861,14040,93916,3.926238467523806,0.18138310508191752
2483,0.494591,19,131,19,181880,423730,14059,93897,3.9250250101893362,0.18139896102792166
2484,0.494592,8,93,8,181973,423637,14067,93889,3.924163548112194,0.1814189045574522
2485,0.494593,12,70,12,182043,423567,14079,93877,3.923515135796065,0.18142446332356738
2486,0.494594,12,129,12,182172,423438,14091,93865,3.9223202045277707,0.18145071650464042
2487,0.494595,14,116,14,182288,423322,14105,93851,3.9212456926896144,0.18146925690242915
2488,0.494596,13,98,13,182386,423224,14118,93838,3.920337915447034,0.18148307166258593
2489,0.494597,15,198,15,182584,423026,14133,93823,3.918503834895698,0.18152884111220105
2490,0.494598,20,132,20,182716,422894,14153,93803,3.917281114528141,0.18154353518599875
2491,0.494599,4,58,4,182774,422836,14157,93799,3.916743858609063,0.18155757933550767
2492,0.4946,13,107,13,182881,422729,14170,93786,3.9157527140686947,0.18157459125098013
2493,0.494601,12,96,12,182977,422633,14182,93774,3.9148634628922894,0.18158932779764797
2494,0.494602,4,115,4,183092,422518,14186,93770,3.9137982140872207,0.18162343498202554
2495,0.494603,17,137,17,183229,422381,14203,93753,3.9125291785542258,0.18164468916986673
2496,0.494604,16,134,16,183363,422247,14219,93737,3.9112879321204934,0.18166648578250488
2497,0.494605,13,104,13,183467,422143,14232,93724,3.910324576679388,0.18168248792809
2498,0.494606,26,185,26,183652,421958,14258,93698,3.9086109155581905,0.18170640892377865
2499,0.494607,15,155,15,183807,421803,14273,93683,3.9071751454296195,0.1817372343768793
2500,0.494608,22,104,22,183911,421699,14295,93661,3.906211789988514,0.18173897857808133
2501,0.494609,25,188,25,184099,421511,14320,93636,3.9044703397680536,0.18176559312196325
2502,0.49461,19,179,19,184278,421332,14339,93617,3.9028122568453814,0.18179858587937833
2503,0.494611,20,108,20,184386,421224,14359,93597,3.9018118492719256,0.18180493802700357
2504,0.494612,19,148,19,184534,421076,14378,93578,3.9004409203749675,0.18182701387728453
2505,0.494613,12,118,12,184652,420958,14390,93566,3.8993478824706362,0.18184963189277856
2506,0.494614,28,220,28,184872,420738,14418,93538,3.8973100151913744,0.18188288000995576
2507,0.494615,17,113,17,184985,420625,14435,93521,3.8962632924524807,0.1818958039156193
2508,0.494616,14,138,14,185123,420487,14449,93507,3.894984993886398,0.181922357070316
2509,0.494617,27,223,27,185346,420264,14476,93480,3.8929193375078737,0.18195832944034382
2510,0.494618,17,157,17,185503,420107,14493,93463,3.8914650413131278,0.18198687618046225
2511,0.494619,16,220,16,185723,419887,14509,93447,3.8894271740338655,0.182039373974839
2512,0.49462,15,73,15,185796,419814,14524,93432,3.888750972618474,0.1820413602833729
2513,0.494621,15,143,15,185939,419671,14539,93417,3.887426358886954,0.1820681832356243
2514,0.494622,15,107,15,186046,419564,14554,93402,3.8864352143465855,0.182082243267585
2515,0.494623,9,127,9,186173,419437,14563,93393,3.8852588091444664,0.18211298090985317
2516,0.494624,13,114,13,186287,419323,14576,93380,3.884202823372485,0.1821327357163894
2517,0.494625,12,139,12,186426,419184,14588,93368,3.882915261773315,0.18216298053660898
2518,0.494626,15,121,15,186547,419063,14603,93353,3.881794434769721,0.18218205520514583
2519,0.494627,15,142,15,186689,418921,14618,93338,3.8804790840712884,0.1822086093167714
2520,0.494628,11,75,11,186764,418846,14629,93327,3.8797843565897217,0.18221772721326582
2521,0.494629,25,136,25,186900,418710,14654,93302,3.8785245840898144,0.1822261978234885
2522,0.49463,42,214,42,187114,418496,14696,93260,3.8765422950090778,0.18223528400253244
2523,0.494631,17,158,17,187272,418338,14713,93243,3.875078735781244,0.18226439214904386
2524,0.494632,19,137,19,187409,418201,14732,93224,3.873809700248249,0.18228283717065064
2525,0.494633,5,70,5,187479,418131,14737,93219,3.8731612879321204,0.18229979466119098
2526,0.494634,21,153,21,187632,417978,14758,93198,3.871744043869725,0.1823207662331565
2527,0.494635,11,147,11,187779,417831,14769,93187,3.8703823780058544,0.18235561173970388
2528,0.494636,12,180,12,187959,417651,14781,93175,3.8687150320500945,0.18240066089040102
2529,0.494637,11,90,11,188049,417561,14792,93164,3.8678813590722148,0.18241519408683735
2530,0.494638,21,140,21,188189,417421,14813,93143,3.866584534439957,0.18243158546235144
2531,0.494639,23,260,23,188449,417161,14836,93120,3.864176145837193,0.1824876881561336
2532,0.49464,15,132,15,188581,417029,14851,93105,3.8629534254696356,0.18251086969306105
2533,0.494641,8,74,8,188655,416955,14859,93097,3.8622679610211565,0.18252452691098162
2534,0.494642,22,161,22,188816,416794,14881,93075,3.8607766126940604,0.18254688949514483
2535,0.494643,15,123,15,188939,416671,14896,93060,3.859637259624291,0.18256688331688675
2536,0.494644,18,127,18,189066,416544,14914,93042,3.858460854422172,0.1825835089661019
2537,0.494645,9,142,9,189208,416402,14923,93033,3.857145503723739,0.1826199613297084
2538,0.494646,8,107,8,189315,416295,14931,93025,3.856154359183371,0.18264548810178277
2539,0.494647,29,203,29,189518,416092,14960,92996,3.8542739634665977,0.18267175812433215
2540,0.494648,30,227,30,189745,415865,14990,92966,3.8521712549557225,0.18270506317421698
2541,0.494649,13,75,13,189820,415790,15003,92953,3.8514765274741563,0.18271111346986593
2542,0.49465,8,76,8,189896,415714,15011,92945,3.850772536959502,0.18272555877316632
2543,0.494651,39,269,39,190165,415445,15050,92906,3.84828078105895,0.18275954999596736
2544,0.494652,9,107,9,190272,415338,15059,92897,3.847289636518582,0.18278355485159425
2545,0.494653,22,146,22,190418,415192,15081,92875,3.8459372336877986,0.18280069360930742
2546,0.494654,14,113,14,190531,415079,15095,92861,3.8448905109489053,0.18281883687049652
2547,0.494655,20,200,20,190731,414879,15115,92841,3.8430379043313945,0.18285866225478611
2548,0.494656,12,137,12,190868,414742,15127,92829,3.8417688687983995,0.18288869931497267
2549,0.494657,17,138,17,191006,414604,15144,92812,3.840490570232317,0.18291106311192395
2550,0.494658,29,139,29,191145,414465,15173,92783,3.839203008633147,0.18291447181654732
2551,0.494659,25,187,25,191332,414278,15198,92758,3.8374708214457742,0.1829416451691793
2552,0.49466,22,172,22,191504,414106,15220,92736,3.835877579754715,0.18296826229870453
2553,0.494661,22,139,22,191643,413967,15242,92714,3.834590018155545,0.1829829814024998
2554,0.494662,25,140,25,191783,413827,15267,92689,3.8332931935232875,0.1829932321979957
2555,0.494663,8,113,8,191896,413714,15275,92681,3.8322464707843937,0.18302115937163677
2556,0.494664,23,121,23,192017,413593,15298,92658,3.8311256437807995,0.18302778661177954
2557,0.494665,10,79,10,192096,413514,15308,92648,3.830393864166883,0.1830402124221099
2558,0.494666,6,90,6,192186,413424,15314,92642,3.829560191189003,0.18306307872886146
2559,0.494667,15,117,15,192303,413307,15329,92627,3.828476416317759,0.18308119240849596
2560,0.494668,15,132,15,192435,413175,15344,92612,3.827253695950202,0.18310474567357404
2561,0.494669,24,112,24,192547,413063,15368,92588,3.8262162362443957,0.18310652999796304
2562,0.49467,11,117,11,192664,412946,15379,92577,3.825132461373152,0.183131133499366
2563,0.494671,15,76,15,192740,412870,15394,92562,3.8244284708584977,0.1831344275787841
2564,0.494672,28,183,28,192923,412687,15422,92534,3.8227333358034756,0.18315549036956105
2565,0.494673,11,98,11,193021,412589,15433,92523,3.8218255585608953,0.183173236826684
2566,0.494674,16,155,16,193176,412434,15449,92507,3.8203897884323244,0.18320358220069274
2567,0.494675,19,190,19,193366,412244,15468,92488,3.818629812145689,0.18324179960850512
2568,0.494676,16,196,16,193562,412048,15484,92472,3.8168142576605284,0.1832870847538254
2569,0.494677,22,154,22,193716,411894,15506,92450,3.815387750565045,0.18330742509081102
2570,0.494678,19,134,19,193850,411760,15525,92431,3.8141465041313127,0.1833253667756862
2571,0.494679,27,198,27,194048,411562,15552,92404,3.8123124235799772,0.18335363893595996
2572,0.49468,13,99,13,194147,411463,15565,92391,3.8113953833043093,0.18336859487073637
2573,0.494681,14,139,14,194286,411324,15579,92377,3.810107821705139,0.18339649911356143
2574,0.494682,16,98,16,194384,411226,15595,92361,3.8092000444625587,0.18340624360835367
2575,0.494683,8,146,8,194530,411080,15603,92353,3.807847641631776,0.18344645662878675
2576,0.494684,19,209,19,194739,410871,15622,92334,3.8059116677164773,0.18349181745014456
2577,0.494685,14,139,14,194878,410732,15636,92320,3.804624106117307,0.1835197951702806
2578,0.494686,11,94,11,194972,410638,15647,92309,3.803753381007077,0.18353623741666616
2579,0.494687,20,108,20,195080,410530,15667,92289,3.802752973433621,0.18354318353125082
2580,0.494688,14,217,14,195297,410313,15681,92275,3.800742895253622,0.1835996880148352
2581,0.494689,23,159,23,195456,410154,15704,92252,3.7992700729927007,0.18362041854595684
2582,0.49469,19,125,19,195581,410029,15723,92233,3.7981121938567566,0.18363523420047703
2583,0.494691,9,103,9,195684,409926,15732,92224,3.7971581014487383,0.18365826944140198
2584,0.494692,11,113,11,195797,409813,15743,92213,3.7961113787098446,0.18368172166381821
2585,0.494693,11,80,11,195877,409733,15754,92202,3.7953703360628404,0.18369310767330432
2586,0.494694,6,73,6,195950,409660,15760,92196,3.794694134647449,0.18371006822674232
2587,0.494695,16,81,16,196031,409579,15776,92180,3.793943828967357,0.18371369522021527
2588,0.494696,23,202,23,196233,409377,15799,92157,3.7920726962836713,0.18375025422005287
2589,0.494697,17,166,17,196399,409211,15816,92140,3.790535032791137,0.1837834172067075
2590,0.494698,21,222,21,196621,408989,15837,92119,3.7884786394457,0.18383063132099267
2591,0.494699,16,154,16,196775,408835,15853,92103,3.7870521323502166,0.18386107662026038
2592,0.4947,19,160,19,196935,408675,15872,92084,3.785570047056208,0.18388885671550587
2593,0.494701,16,180,16,197115,408495,15888,92068,3.7839027011004482,0.18392889606303303
2594,0.494702,17,115,17,197230,408380,15905,92051,3.7828374522953796,0.18394344075407
2595,0.494703,12,115,12,197345,408265,15917,92039,3.781772203490311,0.18396614858166235
2596,0.494704,9,83,9,197428,408182,15926,92030,3.7810033717440437,0.18398199163554652
2597,0.494705,26,230,26,197658,407952,15952,92004,3.7788728741339064,0.18402419412908336
2598,0.494706,12,125,12,197783,407827,15964,91992,3.7777149949979623,0.18405062632673028
2599,0.494707,21,123,21,197906,407704,15985,91971,3.776575641928193,0.18406164006604292
2600,0.494708,22,302,22,198208,407402,16007,91949,3.7737782059357516,0.18413700983877074
2601,0.494709,19,99,19,198307,407303,16026,91930,3.7728611656600837,0.18414247455596885
2602,0.49471,9,96,9,198403,407207,16035,91921,3.7719719144836787,0.18416318058694364
2603,0.494711,18,116,18,198519,407091,16053,91903,3.7708974026455224,0.18417656324524945
2604,0.494712,16,168,16,198687,406923,16069,91887,3.7693412130868134,0.1842124255728634
2605,0.494713,16,140,16,198827,406783,16085,91871,3.7680443884545554,0.18423796861150216
2606,0.494714,13,153,13,198980,406630,16098,91858,3.7666271443921597,0.18427324228466885
2607,0.494715,16,110,16,199090,406520,16114,91842,3.7656082107525286,0.18428772659231643
2608,0.494716,16,210,16,199300,406310,16130,91826,3.7636629738041423,0.18433921659948288
2609,0.494717,18,111,18,199411,406199,16148,91808,3.762634777131424,0.1843508223779987
2610,0.494718,24,172,24,199583,406027,16172,91784,3.7610415354403646,0.1843751946019674
2611,0.494719,24,282,24,199865,405745,16196,91760,3.758429360109674,0.18444035738334288
2612,0.49472,10,84,10,199949,405661,16206,91750,3.7576512653303196,0.1844551085520827
2613,0.494721,11,111,11,200060,405550,16217,91739,3.756623068657601,0.18447824102282576
2614,0.494722,17,64,17,200124,405486,16234,91722,3.7560302345399976,0.18447410339334847
2615,0.494723,13,149,13,200273,405337,16247,91709,3.7546500426099523,0.18450807369941616
2616,0.494724,18,127,18,200400,405210,16265,91691,3.753473637407833,0.18452569022803336
2617,0.494725,10,92,10,200492,405118,16275,91681,3.7526214383637777,0.18454344714864562
2618,0.494726,30,167,30,200659,404951,16305,91651,3.7510745118381563,0.18455624423582667
2619,0.494727,15,95,15,200754,404856,16320,91636,3.7501945236948386,0.1845669215213941
2620,0.494728,22,130,22,200884,404726,16342,91614,3.7489903293934566,0.18457911915219405
2621,0.494729,20,174,20,201058,404552,16362,91594,3.7473785616362223,0.1846109814449779
2622,0.49473,12,109,12,201167,404443,16374,91582,3.746368891029679,0.1846318229927927
2623,0.494731,22,157,22,201324,404286,16396,91560,3.744914594834933,0.18465410631526724
2624,0.494732,19,152,19,201476,404134,16415,91541,3.7435066138056245,0.18467947748020377
2625,0.494733,11,92,11,201568,404042,16426,91530,3.7426544147615695,0.18469566480753555
2626,0.494734,12,88,12,201656,403954,16438,91518,3.7418392678498646,0.18470872218813575
2627,0.494735,11,129,11,201785,403825,16449,91507,3.7406443365815703,0.1847387206964218
2628,0.494736,17,119,17,201904,403706,16466,91490,3.7395420356441513,0.1847551272627404
2629,0.494737,21,209,21,202113,403497,16487,91469,3.7376060617288527,0.18479855181972096
2630,0.494738,17,174,17,202287,403323,16504,91452,3.735994293971618,0.18483553130210703
2631,0.494739,18,197,18,202484,403126,16522,91434,3.7341694764533697,0.18487948883856356
2632,0.49474,16,84,16,202568,403042,16538,91418,3.733391381674015,0.1848845204869959
2633,0.494741,15,151,15,202719,402891,16553,91403,3.7319926636777945,0.18491626440944053
2634,0.494742,16,172,16,202891,402719,16569,91387,3.730399421986735,0.18495424058805196
2635,0.494743,28,171,28,203062,402548,16597,91359,3.7288154433287635,0.18497206964064086
2636,0.494744,23,169,23,203231,402379,16620,91336,3.7272499907369667,0.18499741753845841
2637,0.494745,14,126,14,203357,402253,16634,91322,3.726082848567935,0.1850215266170288
2638,0.494746,20,113,20,203470,402140,16654,91302,3.7250361258290416,0.18503086482301873
2639,0.494747,22,178,22,203648,401962,16676,91280,3.7233873059394567,0.18506128837365837
2640,0.494748,27,125,27,203773,401837,16703,91253,3.7222294268035125,0.1850635786570403
2641,0.494749,11,116,11,203889,401721,16714,91242,3.721154914965356,0.1850889417664206
2642,0.49475,6,105,6,203994,401616,16720,91236,3.720182296491163,0.18511845340994862
2643,0.494751,14,99,14,204093,401517,16734,91222,3.719265256215495,0.18513249407901547
2644,0.494752,15,112,15,204205,401405,16749,91207,3.718227796509689,0.1851497730465356
2645,0.494753,13,150,13,204355,401255,16762,91194,3.716838341546556,0.18518465871592793
2646,0.494754,12,99,12,204454,401156,16774,91182,3.715921301270888,0.18520203599965876
2647,0.494755,17,119,17,204573,401037,16791,91165,3.714819000333469,0.18521867038329792
2648,0.494756,25,208,25,204781,400829,16816,91140,3.7128922894512577,0.1852555750463952
2649,0.494757,17,159,17,204940,400670,16833,91123,3.711419467190337,0.18528730583802536
2650,0.494758,17,143,17,205083,400527,16850,91106,3.7100948534588167,0.18531302821413534
2651,0.494759,11,176,11,205259,400351,16861,91095,3.708464559635407,0.1853611587030925
2652,0.49476,8,110,8,205369,400241,16869,91087,3.707445625995776,0.18538939364335028
2653,0.494761,14,141,14,205510,400100,16883,91073,3.7061395383304307,0.1854193939813467
2654,0.494762,12,185,12,205695,399915,16895,91061,3.7044258772092333,0.1854693508440331
2655,0.494763,19,160,19,205855,399755,16914,91042,3.702943791915225,0.18549828136683802
2656,0.494764,18,171,18,206026,399584,16932,91024,3.701359813257253,0.18553305286501648
2657,0.494765,9,174,9,206200,399410,16941,91015,3.6997480455000185,0.18558393230361422
2658,0.494766,16,156,16,206356,399254,16957,90999,3.6983030123383602,0.1856164062229094
2659,0.494767,8,82,8,206438,399172,16965,90991,3.6975434436251806,0.18563416659356174
2660,0.494768,29,210,29,206648,398962,16994,90962,3.6955982066767943,0.18566553179676848
2661,0.494769,16,119,16,206767,398843,17010,90946,3.6944959057393754,0.18568403945372394
2662,0.49477,25,224,25,206991,398619,17035,90921,3.6924209863277633,0.18572741757568328
2663,0.494771,16,108,16,207099,398511,17051,90905,3.6914205787543075,0.1857417820422708
2664,0.494772,10,63,10,207162,398448,17061,90895,3.6908370076697916,0.18574905536607247
2665,0.494773,19,212,19,207374,398236,17080,90876,3.68887324465523,0.18579793585109342
2666,0.494774,9,78,9,207452,398158,17089,90867,3.6881507280744006,0.18581258626859568
2667,0.494775,16,117,16,207569,398041,17105,90851,3.687066953203157,0.18583040835194686
2668,0.494776,18,145,18,207714,397896,17123,90833,3.6857238134054615,0.18585555594204559
2669,0.494777,29,203,29,207917,397693,17152,90804,3.683843417688688,0.18588445783699797
2670,0.494778,15,127,15,208044,397566,17167,90789,3.6826670124865686,0.18590779248702277
2671,0.494779,17,85,17,208129,397481,17184,90772,3.6818796546741264,0.18591181211380164
2672,0.49478,18,91,18,208220,397390,17202,90754,3.681036718663159,0.1859164508833459
2673,0.494781,17,157,17,208377,397233,17219,90737,3.679582422468413,0.18594790663360453
2674,0.494782,30,148,30,208525,397085,17249,90707,3.678211493571455,0.18595425919244268
2675,0.494783,24,169,24,208694,396916,17273,90683,3.676646040979658,0.1859786422859768
2676,0.494784,16,127,16,208821,396789,17289,90667,3.675469635777539,0.18600037746996653
2677,0.494785,19,183,19,209004,396606,17308,90648,3.6737745007225167,0.18603849327045033
2678,0.494786,20,181,20,209185,396425,17328,90628,3.672097891733669,0.18607420547661138
2679,0.494787,18,148,18,209333,396277,17346,90610,3.6707269628367114,0.1861006763376307
2680,0.494788,25,159,25,209492,396118,17371,90585,3.66925414057579,0.18611966640846678
2681,0.494789,16,149,16,209641,395969,17387,90569,3.6678739486457443,0.18614989990504338
2682,0.49479,25,132,25,209773,395837,17412,90544,3.6666512282781873,0.18615858760930218
2683,0.494791,21,160,21,209933,395677,17433,90523,3.665169142984179,0.1861846976552859
2684,0.494792,14,109,14,210042,395568,17447,90509,3.6641594723776354,0.18620300898828787
2685,0.494793,11,147,11,210189,395421,17458,90498,3.662797806513765,0.18624091669599255
2686,0.494794,31,190,31,210379,395231,17489,90467,3.6610378302271296,0.18626183348500508
2687,0.494795,7,79,7,210458,395152,17496,90460,3.6603060506132126,0.1862804049323328
2688,0.494796,11,136,11,210594,395016,17507,90449,3.6590462781133053,0.18631415241057542
2689,0.494797,17,109,17,210703,394907,17524,90432,3.658036607506762,0.18632749480260188
2690,0.494798,21,196,21,210899,394711,17545,90411,3.6562210530216013,0.18636755290421791
2691,0.494799,12,93,12,210992,394618,17557,90399,3.655359590944459,0.18638315770375058
2692,0.4948,28,190,28,211182,394428,17585,90371,3.6535996146578236,0.1864092128902906
2693,0.494801,19,140,19,211322,394288,17604,90352,3.652302790025566,0.18643116540112248
2694,0.494802,16,166,16,211488,394122,17620,90336,3.650765126533032,0.18646817680789665
2695,0.494803,16,118,16,211606,394004,17636,90320,3.6496720886287006,0.18648673202236518
2696,0.494804,17,114,17,211720,393890,17653,90303,3.6486161028567192,0.1865020766512527
2697,0.494805,15,137,15,211857,393753,17668,90288,3.6473470673237243,0.18652965347976722
2698,0.494806,35,257,35,212114,393496,17703,90253,3.644966467820223,0.18656989471812863
2699,0.494807,12,151,12,212265,393345,17715,90241,3.6435677498240024,0.18660796631829707
2700,0.494808,21,185,21,212450,393160,17736,90220,3.641854088702805,0.18664404816086722
2701,0.494809,18,148,18,212598,393012,17754,90202,3.640483159805847,0.18667091599167243
2702,0.49481,31,202,31,212800,392810,17785,90171,3.6386120271221607,0.18669678517374388
2703,0.494811,19,106,19,212906,392704,17804,90152,3.6376301456148803,0.18670576735092864
2704,0.494812,21,166,21,213072,392538,17825,90131,3.636092482122346,0.18673459451508176
2705,0.494813,18,165,18,213237,392373,17843,90113,3.6345640816628997,0.18676811347894032
2706,0.494814,19,162,19,213399,392211,17862,90094,3.633063470302716,0.18679880988171385
2707,0.494815,24,162,24,213561,392049,17886,90070,3.631562858942532,0.18682109603645572
2708,0.494816,14,97,14,213658,391952,17900,90056,3.6306643447330393,0.18683507327679208
2709,0.494817,14,92,14,213750,391860,17914,90042,3.6298121456889842,0.18684711829376097
2710,0.494818,23,148,23,213898,391712,17937,90019,3.6284412167920266,0.18686569890665122
2711,0.494819,17,127,17,214025,391585,17954,90002,3.627264811589907,0.18688627392350707
2712,0.49482,5,80,5,214105,391505,17959,89997,3.626523768942903,0.186908880959996
2713,0.494821,11,104,11,214209,391401,17970,89986,3.625560413501797,0.18693068155143366
2714,0.494822,8,90,8,214299,391311,17978,89978,3.624726740523917,0.18695212232151576
2715,0.494823,17,119,17,214418,391192,17995,89961,3.6236244395864983,0.18696963335986683
2716,0.494824,35,240,35,214658,390952,18030,89926,3.621401311645485,0.18700377226656242
2717,0.494825,20,163,20,214821,390789,18050,89906,3.619891437252214,0.18703335795046755
2718,0.494826,15,113,15,214934,390676,18065,89891,3.6188447145133202,0.18705196153710096
2719,0.494827,24,176,24,215110,390500,18089,89867,3.6172144206899106,0.18707987850955624
2720,0.494828,19,173,19,215283,390327,18108,89848,3.615611915965764,0.18711511428125163
2721,0.494829,19,170,19,215453,390157,18127,89829,3.6140372003408796,0.1871492085185818
2722,0.49483,21,152,21,215605,390005,18148,89808,3.612629219311571,0.18717291944986902
2723,0.494831,12,151,12,215756,389854,18160,89796,3.6112305013153505,0.1872115083915355
2724,0.494832,37,186,37,215942,389668,18197,89759,3.6095075771610654,0.18722141222751326
2725,0.494833,21,179,21,216121,389489,18218,89738,3.6078494942383936,0.18725572640940516
2726,0.494834,9,64,9,216185,389425,18227,89729,3.60725666012079,0.1872654720611745
2727,0.494835,15,176,15,216361,389249,18242,89714,3.6056263662973804,0.1873088317886768
2728,0.494836,14,100,14,216461,389149,18256,89700,3.6047000629886248,0.18732418779197618
2729,0.494837,20,100,20,216561,389049,18276,89680,3.6037737596798696,0.18732936588341212
2730,0.494838,14,144,14,216705,388905,18290,89666,3.6024398829152617,0.18736195883160492
2731,0.494839,12,123,12,216828,388782,18302,89654,3.6013005298454925,0.18738974491886062
2732,0.49484,15,137,15,216965,388645,18317,89639,3.6000314943124976,0.18741793578710558
2733,0.494841,43,333,43,217298,388312,18360,89596,3.596946904294342,0.18747541367794637
2734,0.494842,12,60,12,217358,388252,18372,89584,3.5963911223090888,0.18747854912564144
2735,0.494843,18,177,18,217535,388075,18390,89566,3.594751565452592,0.18751740323799673
2736,0.494844,20,135,20,217670,387940,18410,89546,3.593501055985772,0.18753638850144297
2737,0.494845,24,199,24,217869,387741,18434,89522,3.5916577124013487,0.18757372769311678
2738,0.494846,18,224,18,218093,387517,18452,89504,3.5895827929897366,0.1876311525069127
2739,0.494847,38,203,38,218296,387314,18490,89466,3.587702397272963,0.18764629388816645
2740,0.494848,20,196,20,218492,387118,18510,89446,3.5858868427878026,0.18768937645311018
2741,0.494849,7,71,7,218563,387047,18517,89439,3.585229167438586,0.18770541002254001
2742,0.49485,12,102,12,218665,386945,18529,89427,3.5842843380636555,0.18772513917694575
2743,0.494851,11,67,11,218732,386878,18540,89416,3.5836637148467894,0.18773278689212966
2744,0.494852,47,317,47,219049,386561,18587,89369,3.580727333358035,0.18777761435505222
2745,0.494853,13,104,13,219153,386457,18600,89356,3.579763977916929,0.18779646625880336
2746,0.494854,13,102,13,219255,386355,18613,89343,3.5788191485419985,0.18781453779498758
2747,0.494855,30,206,30,219461,386149,18643,89313,3.5769109637259624,0.18784466476816233
2748,0.494856,30,178,30,219639,385971,18673,89283,3.575262143836378,0.18786375285636733
2749,0.494857,29,215,29,219854,385756,18702,89254,3.5732705917225536,0.1878992021220606
2750,0.494858,16,122,16,219976,385634,18718,89238,3.572140501685872,0.18792011320945434
2751,0.494859,28,182,28,220158,385452,18746,89210,3.5704546296639372,0.18794426349697257
2752,0.49486,19,151,19,220309,385301,18765,89191,3.5690559116677165,0.18797155694932685
2753,0.494861,21,218,21,220527,385083,18786,89170,3.5670365704546296,0.1880220051322817
2754,0.494862,22,112,22,220639,384971,18808,89148,3.5659991107488236,0.18802874383857218
2755,0.494863,14,89,14,220728,384882,18822,89134,3.565174700804031,0.18804006615810437
2756,0.494864,18,161,18,220889,384721,18840,89116,3.563683352476935,0.18807311375008706
2757,0.494865,11,99,11,220988,384622,18851,89105,3.5627663122012674,0.18809356443690142
2758,0.494866,22,139,22,221127,384483,18873,89083,3.561478750602097,0.18811105527001515
2759,0.494867,12,102,12,221229,384381,18885,89071,3.5605339212271665,0.188131003776518
2760,0.494868,14,114,14,221343,384267,18899,89057,3.5594779354551855,0.18815230159467933
2761,0.494869,25,179,25,221522,384088,18924,89032,3.5578198525325133,0.1881805884342239
2762,0.49487,34,171,34,221693,383917,18958,88998,3.5562358738745417,0.18819026674983877
2763,0.494871,10,141,10,221834,383776,18968,88988,3.5549297862091964,0.188229222191199
2764,0.494872,38,278,38,222112,383498,19006,88950,3.5523546630108562,0.18827468843131942
2765,0.494873,20,125,20,222237,383373,19026,88930,3.551196783874912,0.18829014425061877
2766,0.494874,17,127,17,222364,383246,19043,88913,3.5500203786727926,0.18831156453652265
2767,0.494875,31,252,31,222616,382994,19074,88882,3.547686094334729,0.18835880612703337
2768,0.494876,30,167,30,222783,382827,19104,88852,3.546139167809107,0.18837387290933028
2769,0.494877,11,82,11,222865,382745,19115,88841,3.545379599095928,0.18838769598758232
2770,0.494878,19,112,19,222977,382633,19134,88822,3.544342139390122,0.1883997412266282
2771,0.494879,10,120,10,223097,382513,19144,88812,3.5432305754196154,0.18843048851641647
2772,0.49488,18,138,18,223235,382375,19162,88794,3.5419522768535328,0.18845467337621957
2773,0.494881,19,141,19,223376,382234,19181,88775,3.540646189188188,0.18847835179370245
2774,0.494882,26,171,26,223547,382063,19207,88749,3.539062210530216,0.1885019923026601
2775,0.494883,18,176,18,223723,381887,19225,88731,3.5374319167068067,0.18854144975330311
2776,0.494884,15,98,15,223821,381789,19240,88716,3.536524139464226,0.18855485063920682
2777,0.494885,28,188,28,224009,381601,19268,88688,3.534782689243766,0.18858191452489853
2778,0.494886,19,156,19,224165,381445,19287,88669,3.5333376560821077,0.188611698439102
2779,0.494887,19,186,19,224351,381259,19306,88650,3.5316147319278226,0.18865354781457686
2780,0.494888,11,66,11,224417,381193,19317,88639,3.5310033717440437,0.18866105331267347
2781,0.494889,12,89,12,224506,381104,19329,88627,3.5301789617992516,0.18867607204974762
2782,0.49489,19,161,19,224667,380943,19348,88608,3.5286876134721554,0.18870793587916967
2783,0.494891,14,83,14,224750,380860,19362,88594,3.527918781725888,0.1887171054032983
2784,0.494892,27,149,27,224899,380711,19389,88567,3.526538589795843,0.1887303474699432
2785,0.494893,18,151,18,225050,380560,19407,88549,3.525139871799622,0.1887599683655611
2786,0.494894,13,115,13,225165,380445,19420,88536,3.5240746229945534,0.18878376735944527
2787,0.494895,11,126,11,225291,380319,19431,88525,3.5229074808255216,0.188815469537842
2788,0.494896,26,183,26,225474,380136,19457,88499,3.521212345770499,0.18884419644286066
2789,0.494897,18,155,18,225629,379981,19475,88481,3.519776575641928,0.18887551178110498
2790,0.494898,23,158,23,225787,379823,19498,88458,3.5183130164140946,0.18889940014649323
2791,0.494899,14,114,14,225901,379709,19512,88444,3.5172570306421136,0.18892114330144205
2792,0.4949,30,177,30,226078,379532,19542,88414,3.5156174737856163,0.18894060425775625
2793,0.494901,23,96,23,226174,379436,19565,88391,3.5147282226092114,0.1889395011403788
2794,0.494902,12,165,12,226339,379271,19577,88379,3.513199822149765,0.18898535229338181
2795,0.494903,8,65,8,226404,379206,19585,88371,3.5125977249990736,0.18899774796450639
2796,0.494904,17,122,17,226526,379084,19602,88354,3.511467634962392,0.18901758094121573
2797,0.494905,19,155,19,226681,378929,19621,88335,3.510031864833821,0.1890473051636762
2798,0.494906,24,182,24,226863,378747,19645,88311,3.5083459928118863,0.18907930064360315
2799,0.494907,16,109,16,226972,378638,19661,88295,3.507336322205343,0.18909565183870064
2800,0.494908,11,102,11,227074,378536,19672,88284,3.5063914928304123,0.18911786127415278
2801,0.494909,22,157,22,227231,378379,19694,88262,3.5049371966356664,0.18914326002215837
2802,0.49491,20,168,20,227399,378211,19714,88242,3.5033810070769573,0.18917661586483525
2803,0.494911,16,119,16,227518,378092,19730,88226,3.5022787061395384,0.1891970715262975
2804,0.494912,24,137,24,227655,377955,19754,88202,3.5010096706065434,0.18921093108115936
2805,0.494913,17,119,17,227774,377836,19771,88185,3.4999073696691245,0.18922966990757928
2806,0.494914,30,266,30,228040,377570,19801,88155,3.497443402867835,0.18928552257233347
2807,0.494915,34,203,34,228243,377367,19835,88121,3.4955630071510617,0.18930885436359263
2808,0.494916,13,132,13,228375,377235,19848,88108,3.4943402867835043,0.18933990626269226
2809,0.494917,20,171,20,228546,377064,19868,88088,3.4927563081255326,0.18937465602641718
2810,0.494918,22,156,22,228702,376908,19890,88066,3.4913112749638744,0.1893998374102638
2811,0.494919,27,156,27,228858,376752,19917,88039,3.4898662418022157,0.18941631830220465
2812,0.49492,18,157,18,229015,376595,19935,88021,3.48841194560747,0.18944892125970694
2813,0.494921,6,117,6,229132,376478,19941,88015,3.487328170736226,0.18948617094337267
2814,0.494922,20,152,20,229284,376326,19961,87995,3.4859201897069174,0.1895132892977057
2815,0.494923,22,156,22,229440,376170,19983,87973,3.484475156545259,0.18953856893241952
2816,0.494924,18,127,18,229567,376043,20001,87955,3.4832987513431397,0.18955900671985654
2817,0.494925,12,84,12,229651,375959,20013,87943,3.482520656563785,0.18957236657742368
2818,0.494926,10,136,10,229787,375823,20023,87933,3.481260884063878,0.18961048482391601
2819,0.494927,31,206,31,229993,375617,20054,87902,3.479352699247842,0.18964055410889305
2820,0.494928,27,222,27,230215,375395,20081,87875,3.4772963059024047,0.1896842014376066
2821,0.494929,30,253,30,230468,375142,20111,87845,3.4749527585312534,0.189735348940683
2822,0.49493,19,188,19,230656,374954,20130,87826,3.4732113083107934,0.18977916072431825
2823,0.494931,22,165,22,230821,374789,20152,87804,3.471682907851347,0.18980831962437825
2824,0.494932,27,256,27,231077,374533,20179,87777,3.469311571380933,0.189866107157535
2825,0.494933,31,259,31,231336,374274,20210,87746,3.4669124458112566,0.18991818535994112
2826,0.494934,17,119,17,231455,374155,20227,87729,3.4658101448738377,0.1899373002745278
2827,0.494935,37,276,37,231731,373879,20264,87692,3.4632535477416724,0.18998593932461094
2828,0.494936,32,208,32,231939,373671,20296,87660,3.4613268368594614,0.19001541192766147
2829,0.494937,26,176,26,232115,373495,20322,87634,3.459696543036052,0.190042265830169
2830,0.494938,13,119,13,232234,373376,20335,87621,3.458594242098633,0.19006848200747511
2831,0.494939,14,165,14,232399,373211,20349,87607,3.4570658416391864,0.1901119313915689
2832,0.49494,22,139,22,232538,373072,20371,87585,3.455778280040016,0.19013061779154555
2833,0.494941,31,198,31,232736,372874,20402,87554,3.4539441994886806,0.19015785312795921
2834,0.494942,35,201,35,232937,372673,20437,87519,3.452082329838082,0.190179316459217
2835,0.494943,27,187,27,233124,372486,20464,87492,3.4503501426507097,0.19020909695681099
2836,0.494944,20,125,20,233249,372361,20484,87472,3.449192263514765,0.19022558189603617
2837,0.494945,20,144,20,233393,372217,20504,87452,3.4478583867501573,0.19024994071821244
2838,0.494946,19,149,19,233542,372068,20523,87433,3.446478194820112,0.19027814955788996
2839,0.494947,17,135,17,233677,371933,20540,87416,3.445227685353292,0.19030410428671882
2840,0.494948,11,93,11,233770,371840,20551,87405,3.4443662232761496,0.19032324793955296
2841,0.494949,23,140,23,233910,371700,20574,87382,3.443069398643892,0.1903407234437421
2842,0.49495,20,184,20,234094,371516,20594,87362,3.441365000555782,0.19038175724266582
2843,0.494951,23,202,23,234296,371314,20617,87339,3.439493867872096,0.19042500539623636
2844,0.494952,22,163,22,234459,371151,20639,87317,3.4379839934788246,0.19045385937513631
2845,0.494953,16,138,16,234597,371013,20655,87301,3.4367056949127424,0.19048294400781995
2846,0.494954,19,125,19,234722,370888,20674,87282,3.435547815776798,0.1905013422965275
2847,0.494955,28,206,28,234928,370682,20702,87254,3.4336396309607617,0.19053754236399847
2848,0.494956,22,179,22,235107,370503,20724,87232,3.4319815480380895,0.19057314821894764
2849,0.494957,23,162,23,235269,370341,20747,87209,3.4304809366779057,0.19059993443339526
2850,0.494958,19,179,19,235448,370162,20766,87190,3.4288228537552334,0.1906409067851458
2851,0.494959,27,166,27,235614,369996,20793,87163,3.4272851902626997,0.19066232973648117
2852,0.49496,50,316,50,235930,369680,20843,87113,3.4243580718070326,0.19070563690774595
2853,0.494961,24,141,24,236071,369539,20867,87089,3.4230519841416873,0.1907219881391417
2854,0.494962,38,274,38,236345,369265,20905,87051,3.4205139130756974,0.19076911613881609
2855,0.494963,6,120,6,236465,369145,20911,87045,3.419402349105191,0.19080865428878319
2856,0.494964,26,202,26,236667,368943,20937,87019,3.417531216421505,0.19084704427123314
2857,0.494965,16,131,16,236798,368812,20953,87003,3.4163177590870353,0.19087349034147624
2858,0.494966,22,126,22,236924,368686,20975,86981,3.4151506169180035,0.19088720491060357
2859,0.494967,11,125,11,237049,368561,20986,86970,3.4139927377820594,0.1909200471537612
2860,0.494968,20,124,20,237173,368437,21006,86950,3.4128441216792025,0.19093650016359712
2861,0.494969,12,84,12,237257,368353,21018,86938,3.412066026899848,0.19095040314875542
2862,0.49497,30,244,30,237501,368109,21048,86908,3.409805846826485,0.19099945716313896
2863,0.494971,24,155,24,237656,367954,21072,86884,3.408370076697914,0.19102185833197755
2864,0.494972,27,124,27,237780,367830,21099,86857,3.407221460595057,0.19102591453021528
2865,0.494973,11,140,11,237920,367690,21110,86846,3.4059246359627995,0.19106517415562244
2866,0.494974,28,230,28,238150,367460,21138,86818,3.403794138352662,0.19111205033041442
2867,0.494975,30,245,30,238395,367215,21168,86788,3.4015246952462115,0.19116173241145984
2868,0.494976,23,174,23,238569,367041,21191,86765,3.3999129274889768,0.1911940344552518
2869,0.494977,10,146,10,238715,366895,21201,86755,3.398560524658194,0.19123773834453875
2870,0.494978,24,175,24,238890,366720,21225,86731,3.396939493867872,0.19126873686462265
2871,0.494979,32,220,32,239110,366500,21257,86699,3.3949016265886103,0.19130448213698617
2872,0.49498,31,303,31,239413,366197,21288,86668,3.392094927563081,0.19137712121713976
2873,0.494981,12,141,12,239554,366056,21300,86656,3.390788839897736,0.19141529272473448
2874,0.494982,23,169,23,239723,365887,21323,86633,3.3892233873059396,0.19144568195880846
2875,0.494983,14,84,14,239807,365803,21337,86619,3.388445292526585,0.1914562068157605
2876,0.494984,12,120,12,239927,365683,21349,86607,3.3873337285560785,0.1914855513055783
2877,0.494985,23,170,23,240097,365513,21372,86584,3.385759012931194,0.19151642236068808
2878,0.494986,15,126,15,240223,365387,21387,86569,3.3845918707621623,0.19154298206020054
2879,0.494987,29,121,29,240344,365266,21416,86540,3.3834710437585684,0.1915423876619611
2880,0.494988,23,155,23,240499,365111,21439,86517,3.3820352736299975,0.19156695333327428
2881,0.494989,29,127,29,240626,364984,21468,86488,3.380858868427878,0.1915689123577985
2882,0.49499,19,160,19,240786,364824,21487,86469,3.3793767831338695,0.19160279463674376
2883,0.494991,17,170,17,240956,364654,21504,86452,3.377802067508985,0.19164453587405178
2884,0.494992,15,136,15,241092,364518,21519,86437,3.3765422950090778,0.19167544433480058
2885,0.494993,9,64,9,241156,364454,21528,86428,3.375949460891474,0.19168651664958902
2886,0.494994,33,253,33,241409,364201,21561,86395,3.373605913520323,0.1917349466040533
2887,0.494995,15,154,15,241563,364047,21576,86380,3.3721794064248396,0.19177358373276912
2888,0.494996,25,184,25,241747,363863,21601,86355,3.37047500833673,0.19180708012562803
2889,0.494997,22,188,22,241935,363675,21623,86333,3.3687335581162694,0.1918477004853247
2890,0.494998,26,160,26,242095,363515,21649,86307,3.367251472822261,0.19186922827251668
2891,0.494999,26,195,26,242290,363320,21675,86281,3.365445181370188,0.19190571195348766
2892,0.495,22,217,22,242507,363103,21697,86259,3.363435103190189,0.19195882161820538
2893,0.495001,28,161,28,242668,362942,21725,86231,3.361943754863092,0.191977255979322
2894,0.495002,20,152,20,242820,362790,21745,86211,3.360535773833784,0.19200625388362164
2895,0.495003,13,142,13,242962,362648,21758,86198,3.3592204231353513,0.1920435962445917
2896,0.495004,19,152,19,243114,362496,21777,86179,3.3578124421060433,0.19207444141082075
2897,0.495005,25,173,25,243287,362323,21802,86154,3.3562099373818963,0.1921034969463317
2898,0.495006,20,139,20,243426,362184,21822,86134,3.3549223757827265,0.19212701698348048
2899,0.495007,28,230,28,243656,361954,21850,86106,3.3527918781725887,0.1921751551131545
2900,0.495008,13,129,13,243785,361825,21863,86093,3.3515969469042943,0.192207055755741
2901,0.495009,18,160,18,243945,361665,21881,86075,3.350114861610286,0.19224326618126591
2902,0.49501,27,197,27,244142,361468,21908,86048,3.3482900440920376,0.1922791587339894
2903,0.495011,23,129,23,244271,361339,21931,86025,3.347095112823743,0.1922930767786411
2904,0.495012,17,160,17,244431,361179,21948,86008,3.345613027529734,0.19233117241780284
2905,0.495013,8,105,8,244536,361074,21956,86000,3.344640409055541,0.19236189087265196
2906,0.495014,20,147,20,244683,360927,21976,85980,3.3432787431916706,0.19238902053447363
2907,0.495015,32,120,32,244803,360807,22008,85948,3.342167179221164,0.19238284966032837
2908,0.495016,9,84,9,244887,360723,22017,85939,3.3413890844418095,0.19240275644670915
2909,0.495017,19,139,19,245026,360584,22036,85920,3.3401015228426396,0.192428287316575
2910,0.495018,25,199,25,245225,360385,22061,85895,3.3382581792582164,0.19246885363448957
2911,0.495019,24,144,24,245369,360241,22085,85871,3.3369243024936086,0.19248753676206873
2912,0.49502,22,137,22,245506,360104,22107,85849,3.3356552669606137,0.19250683367978239
2913,0.495021,16,108,16,245614,359996,22123,85833,3.334654859387158,0.19252448808848235
2914,0.495022,37,223,37,245837,359773,22160,85796,3.332589203008633,0.19255379077090193
2915,0.495023,33,227,33,246064,359546,22193,85763,3.3304864944977584,0.19259211019763806
2916,0.495024,26,168,26,246232,359378,22219,85737,3.3289303049390493,0.1926176381384586
2917,0.495025,21,118,21,246350,359260,22240,85716,3.327837267034718,0.19263061378591204
2918,0.495026,36,215,36,246565,359045,22276,85680,3.3258457149208938,0.19265838439485075
2919,0.495027,17,161,17,246726,358884,22293,85663,3.3243543665937976,0.19269728510146283
2920,0.495028,29,233,29,246959,358651,22322,85634,3.3221960798843972,0.192745647501041
2921,0.495029,39,206,39,247165,358445,22361,85595,3.320287895068361,0.19276416539050537
2922,0.49503,20,160,20,247325,358285,22381,85575,3.3188058097743527,0.1927972784211238
2923,0.495031,25,216,25,247541,358069,22406,85550,3.3168049946274407,0.19284566260687663
2924,0.495032,17,85,17,247626,357984,22423,85533,3.3160176368149985,0.19285168325002197
2925,0.495033,8,147,8,247773,357837,22431,85525,3.314655970951128,0.19290106053292794
2926,0.495034,12,132,12,247905,357705,22443,85513,3.313433250583571,0.19293665870970944
2927,0.495035,31,185,31,248090,357520,22474,85482,3.3117195894623737,0.19296075412752087
2928,0.495036,20,158,20,248248,357362,22494,85462,3.31025603023454,0.19299315303596914
2929,0.495037,52,261,52,248509,357101,22546,85410,3.3078383785986882,0.19301215111036787
2930,0.495038,15,171,15,248680,356930,22561,85395,3.3062543999407166,0.19305940202339908
2931,0.495039,28,224,28,248904,356706,22589,85367,3.3041794805291045,0.1931061159582241
2932,0.49504,14,113,14,249017,356593,22603,85353,3.3031327577902108,0.19312992990093814
2933,0.495041,10,83,10,249100,356510,22613,85343,3.302363926043944,0.19314794739426913
2934,0.495042,37,206,37,249306,356304,22650,85306,3.300455741227908,0.19317044450986165
2935,0.495043,13,168,13,249474,356136,22663,85293,3.2988995516691983,0.19322020075708665
2936,0.495044,21,162,21,249636,355974,22684,85272,3.297398940309015,0.19325274336764525
2937,0.495045,29,211,29,249847,355763,22713,85243,3.295444440327541,0.1932921547552641
2938,0.495046,11,84,11,249931,355679,22724,85232,3.2946663455481864,0.19330885371424164
2939,0.495047,32,179,32,250110,355500,22756,85200,3.293008262625514,0.1933287950987066
2940,0.495048,39,249,39,250359,355251,22795,85161,3.290701767386713,0.1933666657584262
2941,0.495049,25,221,25,250580,355030,22820,85136,3.2886546370743637,0.1934179377780201
2942,0.49505,13,99,13,250679,354931,22833,85123,3.2877375967986957,0.19343762356438074
2943,0.495051,27,159,27,250838,354772,22860,85096,3.2862647745377744,0.19345803741122336
2944,0.495052,11,129,11,250967,354643,22871,85085,3.28506984326948,0.1934946148528181
2945,0.495053,22,111,22,251078,354532,22893,85063,3.2840416465967617,0.19350311081791194
2946,0.495054,13,97,13,251175,354435,22906,85050,3.283143132387269,0.19352196320693538
2947,0.495055,17,105,17,251280,354330,22923,85033,3.282170513913076,0.19353700698511253
2948,0.495056,17,166,17,251446,354164,22940,85016,3.2806328504205418,0.1935789425747985
2949,0.495057,34,160,34,251606,354004,22974,84982,3.2791507651265333,0.19358703922220755
2950,0.495058,29,161,29,251767,353843,23003,84953,3.2776594167994366,0.1936047730608301
2951,0.495059,43,248,43,252015,353595,23046,84910,3.2753621845937233,0.193635192301114
2952,0.49506,32,176,32,252191,353419,23078,84878,3.2737318907703137,0.1936540747484012
2953,0.495061,24,80,24,252271,353339,23102,84854,3.2729908481233094,0.19364526589881628
2954,0.495062,26,159,26,252430,353180,23128,84828,3.2715180258623886,0.19366769556720426
2955,0.495063,19,158,19,252588,353022,23147,84809,3.270054466634555,0.19370259300963158
2956,0.495064,33,226,33,252814,352796,23180,84776,3.2679610211567676,0.19374182991599098
2957,0.495065,22,127,22,252941,352669,23202,84754,3.266784615954648,0.1937575298966904
2958,0.495066,37,243,37,253184,352426,23239,84717,3.2645336989143727,0.19379699549117793
2959,0.495067,16,101,16,253285,352325,23255,84701,3.2635981325725294,0.19381226746234778
2960,0.495068,33,214,33,253499,352111,23288,84668,3.261615843491793,0.19384631587141324
2961,0.495069,22,221,22,253720,351890,23310,84646,3.2595687131794433,0.19390382465592756
2962,0.49507,38,263,38,253983,351627,23348,84608,3.2571325354774165,0.1939505083269339
2963,0.495071,27,256,27,254239,351371,23375,84581,3.2547611990070027,0.1940144786582009
2964,0.495072,20,177,20,254416,351194,23395,84561,3.253121642150506,0.19405629310048078
2965,0.495073,23,123,23,254539,351071,23418,84538,3.2519822890807366,0.19406853393754492
2966,0.495074,19,134,19,254673,350937,23437,84519,3.2507410426470043,0.19409308862433863
2967,0.495075,6,59,6,254732,350878,23443,84513,3.2501945236948386,0.19410828427781007
2968,0.495076,31,231,31,254963,350647,23474,84482,3.2480547630516137,0.1941539175738689
2969,0.495077,34,211,34,255174,350436,23508,84448,3.2461002630701397,0.19418511603094157
2970,0.495078,21,138,21,255312,350298,23529,84427,3.244821964504057,0.19420783253781126
2971,0.495079,33,199,33,255511,350099,23562,84394,3.242978620919634,0.1942355803200512
2972,0.49508,12,105,12,255616,349994,23574,84382,3.2420060024454407,0.19426027220656758
2973,0.495081,13,88,13,255704,349906,23587,84369,3.241190855533736,0.19427551666570722
2974,0.495082,35,219,35,255923,349687,23622,84334,3.2391622512875617,0.19430857032263416
2975,0.495083,31,165,31,256088,349522,23653,84303,3.2376338508281153,0.1943249005935573
2976,0.495084,20,109,20,256197,349413,23673,84283,3.236624180221572,0.1943365859957205
2977,0.495085,19,132,19,256329,349281,23692,84264,3.2354014598540144,0.19436044701242086
2978,0.495086,12,91,12,256420,349190,23704,84252,3.234558523843047,0.19437894804841246
2979,0.495087,31,163,31,256583,349027,23735,84221,3.233048649449776,0.19439443459635128
2980,0.495088,32,185,32,256768,348842,23767,84189,3.2313349883285785,0.19441795160161743
2981,0.495089,28,195,28,256963,348647,23795,84161,3.229528696876505,0.19445342969630874
2982,0.49509,50,287,50,257250,348360,23845,84111,3.226870206380377,0.1944893414818566
2983,0.495091,24,148,24,257398,348212,23869,84087,3.225499277483419,0.19451120636411373
2984,0.495092,32,230,32,257628,347982,23901,84055,3.2233687798732817,0.19455509597557616
2985,0.495093,51,282,51,257910,347700,23952,84004,3.2207566045425913,0.19458703185516002
2986,0.495094,18,142,18,258052,347558,23970,83986,3.219441253844159,0.1946174665850991
2987,0.495095,13,98,13,258150,347460,23983,83973,3.2185334766015785,0.19463740603987179
2988,0.495096,15,157,15,258307,347303,23998,83958,3.2170791804068326,0.19468025163416122
2989,0.495097,15,108,15,258415,347195,24013,83943,3.2160787728333764,0.19470100060769405
2990,0.495098,24,202,24,258617,346993,24037,83919,3.2142076401496906,0.1947474194267043
2991,0.495099,23,138,23,258755,346855,24060,83896,3.212929341583608,0.1947668142383883
2992,0.4951,54,297,54,259052,346558,24114,83842,3.2101782207566045,0.19480018587360595
2993,0.495101,34,186,34,259238,346372,24148,83808,3.2084552966023194,0.19482077269980008
2994,0.495102,13,111,13,259349,346261,24161,83795,3.207427099929601,0.1948467176367729
2995,0.495103,12,156,12,259505,346105,24173,83783,3.2059820667679424,0.19489494938216465
2996,0.495104,24,161,24,259666,345944,24197,83759,3.204490718440846,0.19492300495923928
2997,0.495105,25,167,25,259833,345777,24222,83734,3.202943791915225,0.19495193371066166
2998,0.495106,29,206,29,260039,345571,24251,83705,3.2010356070991888,0.1949911012961358
2999,0.495107,20,143,20,260182,345428,24271,83685,3.199710993367668,0.19501856154439506
3000,0.495108,29,157,29,260339,345271,24300,83656,3.1982566971729223,0.1950355188645154
3001,0.495109,33,217,33,260556,345054,24333,83623,3.196246618992923,0.1950722805282299
3002,0.49511,40,254,40,260810,344800,24373,83583,3.193893808588684,0.19511278458762368
3003,0.495111,17,106,17,260916,344694,24390,83566,3.1929119270814037,0.19512912716574043
3004,0.495112,17,142,17,261058,344552,24407,83549,3.191596576382971,0.19516188936722875
3005,0.495113,53,243,53,261301,344309,24460,83496,3.189345659342695,0.1951730344432627
3006,0.495114,38,246,38,261547,344063,24498,83458,3.187066953203157,0.19521380236292485
3007,0.495115,27,133,27,261680,343930,24525,83431,3.1858349698025124,0.1952237101654105
3008,0.495116,46,256,46,261936,343674,24571,83385,3.1834636333320985,0.1952540515479126
3009,0.495117,34,268,34,262204,343406,24605,83351,3.1809811404646338,0.19531255492001304
3010,0.495118,11,144,11,262348,343262,24616,83340,3.179647263700026,0.1953577339065452
3011,0.495119,21,198,21,262546,343064,24637,83319,3.17781318314869,0.1954088225843901
3012,0.49512,45,265,45,262811,342799,24682,83274,3.1753584793804883,0.19544538142524873
3013,0.495121,21,109,21,262920,342690,24703,83253,3.174348808773945,0.1954557299920412
3014,0.495122,25,169,25,263089,342521,24728,83228,3.172783356182148,0.1954860727799713
3015,0.495123,26,164,26,263253,342357,24754,83202,3.1712642187557893,0.1955122556449282
3016,0.495124,18,162,18,263415,342195,24772,83184,3.1697636073956055,0.19555267185263026
3017,0.495125,25,180,25,263595,342015,24797,83159,3.168096261439846,0.19558815920070372
3018,0.495126,10,119,10,263714,341896,24807,83149,3.166993960502427,0.19562399275370843
3019,0.495127,25,164,25,263878,341732,24832,83124,3.165474823076068,0.1956521739130435
3020,0.495128,22,132,22,264010,341600,24854,83102,3.164252102708511,0.19567131777104887
3021,0.495129,27,165,27,264175,341435,24881,83075,3.1627237022490644,0.19569621445902335
3022,0.49513,48,310,48,264485,341125,24929,83027,3.1598521619919224,0.1957482223353892
3023,0.495131,62,311,62,264796,340814,24991,82965,3.156971358701693,0.19577421250227123
3024,0.495132,24,216,24,265012,340598,25015,82941,3.1549705435547817,0.19582848332739133
3025,0.495133,38,266,38,265278,340332,25053,82903,3.1525065767534923,0.1958793578035843
3026,0.495134,29,204,29,265482,340128,25082,82874,3.150616918003631,0.1959186954198798
3027,0.495135,19,107,19,265589,340021,25101,82855,3.1496257734632627,0.1959321408639885
3028,0.495136,23,176,23,265765,339845,25124,82832,3.1479954796398535,0.19596997234294744
3029,0.495137,29,240,29,266005,339605,25153,82803,3.1457723516988403,0.19602611692960362
3030,0.495138,16,164,16,266169,339441,25169,82787,3.1442532142724815,0.19607179059654972
3031,0.495139,20,135,20,266304,339306,25189,82767,3.1430027048056615,0.19609640986274887
3032,0.49514,17,168,17,266472,339138,25206,82750,3.1414465152469524,0.19614210406553398
3033,0.495141,32,220,32,266692,338918,25238,82718,3.1394086479676906,0.19618343784686318
3034,0.495142,14,120,14,266812,338798,25252,82704,3.138297083997184,0.19621259211106945
3035,0.495143,24,126,24,266938,338672,25276,82680,3.137129941828152,0.19622548368110274
3036,0.495144,27,213,27,267151,338459,25303,82653,3.1351569157805033,0.1962732004787325
3037,0.495145,16,137,16,267288,338322,25319,82637,3.1338878802475083,0.19630652866431172
3038,0.495146,21,190,21,267478,338132,25340,82616,3.132127903960873,0.19635506288799948
3039,0.495147,26,175,26,267653,337957,25366,82590,3.130506873170551,0.19638708634231133
3040,0.495148,12,70,12,267723,337887,25378,82578,3.129858460854422,0.19639684634868537
3041,0.495149,22,179,22,267902,337708,25400,82556,3.12820037793175,0.19643842917785012
3042,0.49515,44,290,44,268192,337418,25444,82512,3.1255140983363594,0.19648989117233825
3043,0.495151,26,173,26,268365,337245,25470,82486,3.1239115936122124,0.19652110518403454
3044,0.495152,34,164,34,268529,337081,25504,82452,3.1223924561858536,0.19653281148324447
3045,0.495153,29,143,29,268672,336938,25533,82423,3.1210678424543334,0.1965442661573203
3046,0.495154,22,188,22,268860,336750,25555,82401,3.119326392233873,0.196590250291661
3047,0.495155,37,224,37,269084,336526,25592,82364,3.117251472822261,0.19662441213683785
3048,0.495156,23,184,23,269268,336342,25615,82341,3.115547074734151,0.19666669055108518
3049,0.495157,40,181,40,269449,336161,25655,82301,3.1138704657453036,0.19667496690261002
3050,0.495158,26,175,26,269624,335986,25681,82275,3.1122494349549816,0.19670731911414166
3051,0.495159,34,266,34,269890,335720,25715,82241,3.1097854681536923,0.1967671624864521
3052,0.49516,39,268,39,270158,335452,25754,82202,3.1073029752862276,0.19681841907416187
3053,0.495161,11,70,11,270228,335382,25765,82191,3.106654562970099,0.19683025482969446
3054,0.495162,7,103,7,270331,335279,25772,82184,3.105700470562081,0.19686535094128102
3055,0.495163,22,158,22,270489,335121,25794,82162,3.1042369113342474,0.19689754914530427
3056,0.495164,31,255,31,270744,334866,25825,82131,3.1018748378969208,0.19695825149821222
3057,0.495165,25,126,25,270870,334740,25850,82106,3.100707695727889,0.1969696242737126
3058,0.495166,19,118,19,270988,334622,25869,82087,3.0996146578235577,0.19698878593934857
3059,0.495167,48,242,48,271230,334380,25917,82039,3.0973730038163696,0.19701070316195946
3060,0.495168,35,239,35,271469,334141,25952,82004,3.095159138908444,0.19705631450576122
3061,0.495169,16,94,16,271563,334047,25968,81988,3.094288413798214,0.19706995805641353
3062,0.49517,29,229,29,271792,333818,25997,81959,3.092167179221164,0.19712249595335962
3063,0.495171,30,215,30,272007,333603,26027,81929,3.09017562710734,0.1971665238778241
3064,0.495172,30,272,30,272279,333331,26057,81899,3.087656082107525,0.19723767550514174
3065,0.495173,25,175,25,272454,333156,26082,81874,3.0860350513172032,0.19727248632628966
3066,0.495174,22,129,22,272583,333027,26104,81852,3.084840120048909,0.19729125841510417
3067,0.495175,28,180,28,272763,332847,26132,81824,3.083172774093149,0.1973226967885384
3068,0.495176,28,144,28,272907,332703,26160,81796,3.081838897328541,0.1973370261448158
3069,0.495177,16,129,16,273036,332574,26176,81780,3.0806439660602467,0.19736746839658842
3070,0.495178,29,189,29,273225,332385,26205,81751,3.078893252806699,0.1974013367589391
3071,0.495179,26,183,26,273408,332202,26231,81725,3.0771981177516765,0.19743819562386605
3072,0.49518,31,205,31,273613,331997,26262,81694,3.075299195968728,0.19747589384347256
3073,0.495181,38,299,38,273912,331698,26300,81656,3.0725295490755493,0.19754496146160433
3074,0.495182,13,83,13,273995,331615,26313,81643,3.0717607173292825,0.19755939388953148
3075,0.495183,23,191,23,274186,331424,26336,81620,3.0699914780095594,0.19760606618181115
3076,0.495184,27,170,27,274356,331254,26363,81593,3.0684167623846754,0.19763495919795954
3077,0.495185,20,201,20,274557,331053,26383,81573,3.066554892734077,0.19769234124849136
3078,0.495186,53,357,53,274914,330696,26436,81520,3.06324798992182,0.19776039746152502
3079,0.495187,12,127,12,275041,330569,26448,81508,3.0620715847197006,0.19779798435729246
3080,0.495188,32,168,32,275209,330401,26480,81476,3.0605153951609916,0.19781633837286375
3081,0.495189,23,134,23,275343,330267,26503,81453,3.0592741487272592,0.19783590789857183
3082,0.49519,32,167,32,275510,330100,26535,81421,3.057727222201638,0.19785381547964745
3083,0.495191,37,185,37,275695,329915,26572,81384,3.05601356108044,0.19787064884670277
3084,0.495192,13,162,13,275857,329753,26585,81371,3.0545129497202566,0.19792325429797336
3085,0.495193,28,141,28,275998,329612,26613,81343,3.0532068620549113,0.19793651373021376
3086,0.495194,36,235,36,276233,329377,26649,81307,3.051030049279336,0.19797946839906108
3087,0.495195,20,173,20,276406,329204,26669,81287,3.049427544555189,0.19802382999870885
3088,0.495196,25,152,25,276558,329052,26694,81262,3.048019563525881,0.1980483239665232
3089,0.495197,36,197,36,276755,328855,26730,81226,3.046194746007633,0.19807306361426158
3090,0.495198,32,267,32,277022,328588,26762,81194,3.043721516173256,0.1981394985626504
3091,0.495199,16,133,16,277155,328455,26778,81178,3.042489532772611,0.19817251051551021
3092,0.4952,54,337,54,277492,328118,26832,81124,3.0393678906221053,0.19822989820204182
3093,0.495201,41,202,41,277694,327916,26873,81083,3.0374967579384196,0.19824742847782023
3094,0.495202,12,98,12,277792,327818,26885,81071,3.036588980695839,0.19827141351320285
3095,0.495203,34,242,34,278034,327576,26919,81037,3.034347326688651,0.1983221287624231
3096,0.495204,22,162,22,278196,327414,26941,81015,3.0328467153284673,0.19835760927847926
3097,0.495205,20,132,20,278328,327282,26961,80995,3.03162399496091,0.1983824707245326
3098,0.495206,15,80,15,278408,327202,26976,80980,3.0308829523139056,0.19839189381207403
3099,0.495207,11,101,11,278509,327101,26987,80969,3.0299473859720627,0.19841938883034774
3100,0.495208,31,258,31,278767,326843,27018,80938,3.027557523435474,0.19848399018100402
3101,0.495209,31,210,31,278977,326633,27049,80907,3.025612286487087,0.1985252981302449
3102,0.49521,20,242,20,279219,326391,27069,80887,3.023370632479899,0.19860390200305442
3103,0.495211,21,222,21,279441,326169,27090,80866,3.0213142391344623,0.19867087596889701
3104,0.495212,24,123,24,279564,326046,27114,80842,3.020174886064693,0.19868366724995576
3105,0.495213,23,156,23,279720,325890,27137,80819,3.0187298529030344,0.19871456004170057
3106,0.495214,20,190,20,279910,325700,27157,80799,3.0169698766163995,0.19876801664948746
3107,0.495215,49,277,49,280187,325423,27206,80750,3.014404016451147,0.19880691232553616
3108,0.495216,20,136,20,280323,325287,27226,80730,3.0131442439512393,0.19883403896881166
3109,0.495217,18,139,18,280462,325148,27244,80712,3.0118566823520694,0.19886660424777017
3110,0.495218,23,190,23,280652,324958,27267,80689,3.010096706065434,0.1989143269887365
3111,0.495219,24,177,24,280829,324781,27291,80665,3.008457149208937,0.1989537447650242
3112,0.49522,34,203,34,281032,324578,27325,80631,3.0065767534921637,0.19898620218208382
3113,0.495221,43,287,43,281319,324291,27368,80588,3.0039182629960353,0.19904218297318457
3114,0.495222,22,163,22,281482,324128,27390,80566,3.002408388602764,0.19907881016274023
3115,0.495223,33,231,33,281713,323897,27423,80533,3.000268627959539,0.19912716662957744
3116,0.495224,44,227,44,281940,323670,27467,80489,2.998165919448664,0.19915181896233908
3117,0.495225,24,156,24,282096,323514,27491,80465,2.996720886287006,0.19918114555459565
3118,0.495226,18,105,18,282201,323409,27509,80447,2.9957482678128127,0.19919723861970604
3119,0.495227,20,163,20,282364,323246,27529,80427,2.994238393419541,0.19923799709170542
3120,0.495228,27,107,27,282471,323139,27556,80400,2.993247248879173,0.19923724844438828
3121,0.495229,14,129,14,282600,323010,27570,80386,2.9920523176108786,0.19927317078007714
3122,0.49523,33,153,33,282753,322857,27603,80353,2.9906350735484826,0.19928325190347462
3123,0.495231,35,250,35,283003,322607,27638,80318,2.9883193152765943,0.19933734565986225
3124,0.495232,67,392,67,283395,322215,27705,80251,2.9846882063062727,0.19939821003513342
3125,0.495233,21,142,21,283537,322073,27726,80230,2.9833728556078403,0.19942680019786083
3126,0.495234,34,151,34,283688,321922,27760,80196,2.9819741376116196,0.19943399698595934
3127,0.495235,27,122,27,283810,321800,27787,80169,2.980844047574938,0.19944075289387989
3128,0.495236,24,231,24,284041,321569,27811,80145,2.978704286931713,0.19950760989161442
3129,0.495237,36,257,36,284298,321312,27847,80109,2.9763236874282115,0.1995635504868953
3130,0.495238,18,206,18,284504,321106,27865,80091,2.9744155026121755,0.19963010690508654
3131,0.495239,39,231,39,284735,320875,27904,80052,2.9722757419689505,0.19966727109922755
3132,0.49524,14,67,14,284802,320808,27918,80038,2.9716551187520843,0.1996726922558788
3133,0.495241,48,211,48,285013,320597,27966,79990,2.9697006187706103,0.19968196671384744
3134,0.495242,19,140,19,285153,320457,27985,79971,2.9684037941383528,0.19971380622733675
3135,0.495243,30,150,30,285303,320307,28015,79941,2.9670143391752197,0.19972866822570007
3136,0.495244,22,151,22,285454,320156,28037,79919,2.965615621178999,0.19976004499156408
3137,0.495245,10,125,10,285579,320031,28047,79909,2.9644577420430545,0.1998024703705556
3138,0.495246,29,120,29,285699,319911,28076,79880,2.963346178072548,0.19980439779784936
3139,0.495247,29,177,29,285876,319734,28105,79851,2.961706621216051,0.1998348286347085
3140,0.495248,20,196,20,286072,319538,28125,79831,2.9598910667308904,0.19989283094080912
3141,0.495249,29,206,29,286278,319332,28154,79802,2.9579828819148544,0.19993786547876152
3142,0.49525,23,172,23,286450,319160,28177,79779,2.956389640223795,0.1999779414898017
3143,0.495251,39,254,39,286704,318906,28216,79740,2.954036829819556,0.20002709170542285
3144,0.495252,26,142,26,286846,318764,28242,79714,2.9527214791211236,0.20004617569853292
3145,0.495253,5,74,5,286920,318690,28247,79709,2.9520360146726445,0.20007329335666002
3146,0.495254,32,192,32,287112,318498,28279,79677,2.950257512319834,0.20010548125824074
3147,0.495255,30,166,30,287278,318332,28309,79647,2.9487198488273,0.20012865000414595
3148,0.495256,22,94,22,287372,318238,28331,79625,2.94784912371707,0.20013170362662525
3149,0.495257,28,218,28,287590,318020,28359,79597,2.945829782503983,0.20018510274963092
3150,0.495258,17,106,17,287696,317914,28376,79580,2.9448479009967024,0.20020427981302863
3151,0.495259,19,179,19,287875,317735,28395,79561,2.94318981807403,0.20025623212919336
3152,0.49526,33,228,33,288103,317507,28428,79528,2.9410778465300678,0.2003047590262823
3153,0.495261,31,195,31,288298,317312,28459,79497,2.939271555077995,0.200340718078471
3154,0.495262,24,150,24,288448,317162,28483,79473,2.9378821001148614,0.2003680966127548
3155,0.495263,32,229,32,288677,316933,28515,79441,2.935760865537812,0.20041930096323168
3156,0.495264,35,189,35,288866,316744,28550,79406,2.934010152284264,0.20044427615802096
3157,0.495265,42,385,42,289251,316359,28592,79364,2.9304438845455554,0.2005544282237828
3158,0.495266,37,265,37,289516,316094,28629,79327,2.9279891807773537,0.2006140290981005
3159,0.495267,28,148,28,289664,315946,28657,79299,2.9266182518803956,0.20063251907044996
3160,0.495268,20,108,20,289772,315838,28677,79279,2.92561784430694,0.2006468969950673
3161,0.495269,35,165,35,289937,315673,28712,79244,2.9240894438474934,0.20065988549492678
3162,0.49527,35,176,35,290113,315497,28747,79209,2.9224591500240837,0.20067847967854555
3163,0.495271,12,120,12,290233,315377,28759,79197,2.9213475860535776,0.2007152017112126
3164,0.495272,22,123,22,290356,315254,28781,79175,2.9202082329838084,0.20073321180744824
3165,0.495273,19,161,19,290517,315093,28800,79156,2.918716884656712,0.20077666652293347
3166,0.495274,27,203,27,290720,314890,28827,79129,2.9168364889399383,0.20082534090995613
3167,0.495275,18,98,18,290818,314792,28845,79111,2.915928711697358,0.20083878518315423
3168,0.495276,20,151,20,290969,314641,28865,79091,2.9145299937011373,0.2008752146129855
3169,0.495277,23,197,23,291166,314444,28888,79068,2.9127051761828895,0.20092906950741019
3170,0.495278,19,103,19,291269,314341,28907,79049,2.9117510837748712,0.2009430844708813
3171,0.495279,6,95,6,291364,314246,28913,79043,2.9108710956315536,0.20097943242755328
3172,0.49528,35,195,35,291559,314051,28948,79008,2.9090648041794807,0.20100799116672052
3173,0.495281,20,185,20,291744,313866,28968,78988,2.907351143058283,0.2010619721321407
3174,0.495282,36,250,36,291994,313616,29004,78952,2.9050353847863946,0.20111674920013858
3175,0.495283,16,136,16,292130,313480,29020,78936,2.9037756122864873,0.20115387751773628
3176,0.495284,30,134,30,292264,313346,29050,78906,2.902534365852755,0.2011614982205317
3177,0.495285,28,205,28,292469,313141,29078,78878,2.900635444069806,0.20120963524727117
3178,0.495286,37,214,37,292683,312927,29115,78841,2.8986531549890695,0.2012441036531825
3179,0.495287,28,162,28,292845,312765,29143,78813,2.8971525436288856,0.20127024500865728
3180,0.495288,21,263,21,293108,312502,29164,78792,2.894716365926859,0.20136265825696278
3181,0.495289,17,136,17,293244,312366,29181,78775,2.8934565934269516,0.20139796134897645
3182,0.49529,20,188,20,293432,312178,29201,78755,2.8917151432064916,0.20145395758352455
3183,0.495291,25,228,25,293660,311950,29226,78730,2.8896031716625292,0.20152042592402988
3184,0.495292,22,194,22,293854,311756,29248,78708,2.8878061432435436,0.2015755613833798
3185,0.495293,38,203,38,294057,311553,29286,78670,2.88592574752677,0.20160267334319096
3186,0.495294,38,200,38,294257,311353,29324,78632,2.8840731409092593,0.20162826775388798
3187,0.495295,23,129,23,294386,311224,29347,78609,2.882878209640965,0.2016478851200386
3188,0.495296,17,154,17,294540,311070,29364,78592,2.8814517025454816,0.2016927491005025
3189,0.495297,25,196,25,294736,310874,29389,78567,2.879636148060321,0.2017430111364751
3190,0.495298,25,178,25,294914,310696,29414,78542,2.8779873281707364,0.20178399847907963
3191,0.495299,13,92,13,295006,310604,29427,78529,2.8771351291266813,0.20180503838019392
3192,0.4953,22,156,22,295162,310448,29449,78507,2.8756900959650227,0.20184082991605712
3193,0.495301,32,167,32,295329,310281,29481,78475,2.8741431694394013,0.20186183621603268
3194,0.495302,30,172,30,295501,310109,29511,78445,2.872549927748342,0.20188957004689181
3195,0.495303,18,156,18,295657,309953,29529,78427,2.8711048945866833,0.20193367320665329
3196,0.495304,35,233,35,295890,309720,29564,78392,2.8689466078772834,0.20198293276167703
3197,0.495305,21,172,21,296062,309548,29585,78371,2.867353366186224,0.2020292896197402
3198,0.495306,27,200,27,296262,309348,29612,78344,2.865500759568713,0.20207793815709377
3199,0.495307,24,129,24,296391,309219,29636,78320,2.864305828300419,0.20209578906897113
3200,0.495308,15,110,15,296501,309109,29651,78305,2.8632868946607877,0.20212227746028796
3201,0.495309,31,199,31,296700,308910,29682,78274,2.8614435510763645,0.20216227943303441
3202,0.49531,24,139,24,296839,308771,29706,78250,2.8601559894771946,0.20218541112756155
3203,0.495311,22,152,22,296991,308619,29728,78228,2.8587480084478862,0.20221948212083848
3204,0.495312,22,129,22,297120,308490,29750,78206,2.857553077179592,0.20224155408900016
3205,0.495313,46,282,46,297402,308208,29796,78160,2.8549409018489014,0.20229418585390094
3206,0.495314,27,182,27,297584,308026,29823,78133,2.8532550298269665,0.20233375371284884
3207,0.495315,11,99,11,297683,307927,29834,78122,2.8523379895512986,0.20236291248002197
3208,0.495316,25,158,25,297841,307769,29859,78097,2.850874430323465,0.20239409535952896
3209,0.495317,32,188,32,298029,307581,29891,78065,2.849132980103005,0.2024265777422818
3210,0.495318,32,153,32,298182,307428,29923,78033,2.8477157360406093,0.202440713846537
3211,0.495319,55,371,55,298553,307057,29978,77978,2.8442791507651264,0.20252184866310854
3212,0.49532,20,92,20,298645,306965,29998,77958,2.8434269517210717,0.20252881745180204
3213,0.495321,15,97,15,298742,306868,30013,77943,2.8425284375115787,0.20254878368861598
3214,0.495322,10,112,10,298854,306756,30023,77933,2.8414909778057726,0.20258702484344496
3215,0.495323,34,271,34,299125,306485,30057,77899,2.8389806958390453,0.20265931984681984
3216,0.495324,26,207,26,299332,306278,30083,77873,2.8370632479899216,0.20271455755679407
3217,0.495325,15,142,15,299474,306136,30098,77858,2.835747897291489,0.2027583764329651
3218,0.495326,26,141,26,299615,305995,30124,77832,2.834441809626144,0.2027788560992322
3219,0.495327,42,258,42,299873,305737,30166,77790,2.832051947089555,0.20282796256847627
3220,0.495328,45,291,45,300164,305446,30211,77745,2.829356404461077,0.20288837681469554
3221,0.495329,28,232,28,300396,305214,30239,77717,2.827207380784764,0.20295301242260355
3222,0.49533,28,174,28,300570,305040,30267,77689,2.82559561302753,0.20298696989253492
3223,0.495331,33,259,33,300829,304781,30300,77656,2.823196487457853,0.20305566668497033
3224,0.495332,22,152,22,300981,304629,30322,77634,2.821788506428545,0.20309054237527566
3225,0.495333,38,243,38,301224,304386,30360,77596,2.8195375893882693,0.20314046211601594
3226,0.495334,23,176,23,301400,304210,30383,77573,2.8179072955648596,0.20318610310045235
3227,0.495335,29,168,29,301568,304042,30412,77544,2.8163511060061506,0.20321500264684764
3228,0.495336,25,179,25,301747,303863,30437,77519,2.8146930230834784,0.20325815062063757
3229,0.495337,19,178,19,301925,303685,30456,77500,2.813044203193894,0.20331335178456655
3230,0.495338,37,311,37,302236,303374,30493,77463,2.8101633999036646,0.20340198037480603
3231,0.495339,14,101,14,302337,303273,30507,77449,2.8092278335618213,0.20342664726493348
3232,0.49534,34,194,34,302531,303079,30541,77415,2.807430805142836,0.20345918726707912
3233,0.495341,13,112,13,302643,302967,30554,77402,2.80639334543703,0.20349187236604455
3234,0.495342,21,169,21,302812,302798,30575,77381,2.8048278928452333,0.20353833325880705
3235,0.495343,20,183,20,302995,302615,30595,77361,2.8031327577902108,0.2035944375434238
3236,0.495344,17,105,17,303100,302510,30612,77344,2.8021601393160176,0.20361507315968766
3237,0.495345,31,193,31,303293,302317,30643,77313,2.8003723739301196,0.2036535574111635
3238,0.495346,39,202,39,303495,302115,30682,77274,2.798501241246434,0.20368012778441125
3239,0.495347,27,161,27,303656,301954,30709,77247,2.7970098929193377,0.20370990582830742
3240,0.495348,25,191,25,303847,301763,30734,77222,2.7952406535996146,0.2037600432734805
3241,0.495349,33,185,33,304032,301578,30767,77189,2.793526992478417,0.2037901929154335
3242,0.49535,17,120,17,304152,301458,30784,77172,2.7924154285079106,0.20381903177244276
3243,0.495351,52,326,52,304478,301132,30836,77120,2.789395679721368,0.20388524052747903
3244,0.495352,35,262,35,304740,300870,30871,77085,2.786968765052429,0.20395285152994405
3245,0.495353,25,192,25,304932,300678,30896,77060,2.7851902626996186,0.20400383334480512
3246,0.495354,37,261,37,305193,300417,30933,77023,2.7827726110637667,0.20406687155574396
3247,0.495355,38,188,38,305381,300229,30971,76985,2.7810311608433067,0.2040883954466165
3248,0.495356,27,117,27,305498,300112,30998,76958,2.7799473859720627,0.20409473042140716
3249,0.495357,32,130,32,305628,299982,31030,76926,2.7787431916706806,0.20409755165716834
3250,0.495358,38,155,38,305783,299827,31068,76888,2.7773074215421096,0.20410124364572688
3251,0.495359,60,267,60,306050,299560,31128,76828,2.7748341917077326,0.20411915363932961
3252,0.49536,25,201,25,306251,299359,31153,76803,2.7729723220571345,0.20417532871475588
3253,0.495361,19,129,19,306380,299230,31172,76784,2.77177739078884,0.20420516257373394
3254,0.495362,23,140,23,306520,299090,31195,76761,2.770480566156582,0.20423252831574215
3255,0.495363,10,83,10,306603,299007,31205,76751,2.7697117344103153,0.20425646293625152
3256,0.495364,28,180,28,306783,298827,31233,76723,2.7680443884545554,0.20429503395020637
3257,0.495365,46,249,46,307032,298578,31279,76677,2.7657378932157544,0.20433305352360395
3258,0.495366,41,225,41,307257,298353,31320,76636,2.763653710771055,0.20436866148073676
3259,0.495367,41,217,41,307474,298136,31361,76595,2.761643632591056,0.20439995623527277
3260,0.495368,40,224,40,307698,297912,31401,76555,2.7595687131794433,0.20443724013063902
3261,0.495369,35,140,35,307838,297772,31436,76520,2.7582718885471857,0.20443931475959945
3262,0.49537,18,144,18,307982,297628,31454,76502,2.756938011782578,0.2044797262983455
3263,0.495371,27,187,27,308169,297441,31481,76475,2.7552058245952056,0.20452454561987185
3264,0.495372,47,306,47,308475,297135,31528,76428,2.752371336470414,0.20459199653070567
3265,0.495373,14,95,14,308570,297040,31542,76414,2.751491348327096,0.20461422290295458
3266,0.495374,25,212,25,308782,296828,31567,76389,2.749527585312535,0.2046771717258324
3267,0.495375,38,218,38,309000,296610,31605,76351,2.747508244099448,0.204715774571604
3268,0.495376,34,210,34,309210,296400,31639,76317,2.7455630071510617,0.20475857017522678
3269,0.495377,28,164,28,309374,296236,31667,76289,2.7440438697247025,0.20478894033957454
3270,0.495378,23,130,23,309504,296106,31690,76266,2.7428396754233204,0.20481131771454353
3271,0.495379,28,143,28,309647,295963,31718,76238,2.7415150616918003,0.20483018584044643
3272,0.49538,27,172,27,309819,295791,31745,76211,2.739921820000741,0.2048671781334509
3273,0.495381,19,91,19,309910,295700,31764,76192,2.7390788839897735,0.20487668462887074
3274,0.495382,44,326,44,310236,295374,31808,76148,2.736059135203231,0.2049622902546821
3275,0.495383,23,138,23,310374,295236,31831,76125,2.7347808366371487,0.20498921534571482
3276,0.495384,35,248,35,310622,294988,31866,76090,2.732483604431435,0.2050512291216402
3277,0.495385,10,70,10,310692,294918,31876,76080,2.731835192115306,0.2050684909352611
3278,0.495386,25,182,25,310874,294736,31901,76055,2.7301493200933713,0.20511555026955886
3279,0.495387,23,160,23,311034,294576,31924,76032,2.728667234799363,0.20515477269783708
3280,0.495388,40,228,40,311262,294348,31964,75992,2.7265552632554004,0.2051952260085327
3281,0.495389,32,194,32,311456,294154,31996,75960,2.7247582348364148,0.20523406301842134
3282,0.49539,22,131,22,311587,294023,32018,75938,2.7235447775019455,0.20525947329583388
3283,0.495391,31,209,31,311796,293814,32049,75907,2.7216088035866464,0.2053088680383316
3284,0.495392,24,195,24,311991,293619,32073,75883,2.7198025121345735,0.20536560018619657
3285,0.495393,28,174,28,312165,293445,32101,75855,2.7181907443773388,0.20540211210398052
3286,0.495394,33,180,33,312345,293265,32134,75822,2.7165233984215793,0.20543123978899283
3287,0.495395,20,205,20,312550,293060,32154,75802,2.7146244766386305,0.20550232878420657
3288,0.495396,50,257,50,312807,292803,32204,75752,2.712243877135129,0.205537843741097
3289,0.495397,29,214,29,313021,292589,32233,75723,2.7102615880543923,0.20559471317795783
3290,0.495398,36,143,36,313164,292446,32269,75687,2.708936974322872,0.20559689025433742
3291,0.495399,20,139,20,313303,292307,32289,75667,2.7076494127237023,0.20563137612983526
3292,0.4954,37,151,37,313454,292156,32326,75630,2.7062506947274816,0.2056358860859304
3293,0.495401,40,155,40,313609,292001,32366,75590,2.7048149245989106,0.20563615540097555
3294,0.495402,22,108,22,313717,291893,32388,75568,2.703814517025455,0.20564903486356376
3295,0.495403,36,267,36,313984,291626,32424,75532,2.701341287191078,0.20572069790117606
3296,0.495404,20,142,20,314126,291484,32444,75512,2.7000259364926453,0.20575701097559645
3297,0.495405,36,282,36,314408,291202,32480,75476,2.697413761161955,0.20583727412061809
3298,0.495406,28,112,28,314520,291090,32508,75448,2.696376301456149,0.2058395036803824
3299,0.495407,43,240,43,314760,290850,32551,75405,2.6941531735151356,0.2058811483802269
3300,0.495408,23,146,23,314906,290704,32574,75382,2.692800770684353,0.20591336461924248
3301,0.495409,38,242,38,315148,290462,32612,75344,2.6905591166771647,0.20596709731387675
3302,0.49541,30,211,30,315359,290251,32642,75314,2.6886046166956907,0.20602081709135175
3303,0.495411,20,129,20,315488,290122,32662,75294,2.6874096854273963,0.2060500908553539
3304,0.495412,19,158,19,315646,289964,32681,75275,2.6859461261995627,0.20609792492039458
3305,0.495413,34,215,34,315861,289749,32715,75241,2.6839545740857385,0.2061453738458588
3306,0.495414,44,206,44,316067,289543,32759,75197,2.6820463892697024,0.2061660360804957
3307,0.495415,18,82,18,316149,289461,32777,75179,2.6812868205565232,0.20617321193505925
3308,0.495416,22,158,22,316307,289303,32799,75157,2.6798232613286896,0.20621467376392472
3309,0.495417,34,208,34,316515,289095,32833,75123,2.6778965504464782,0.20625833978551308
3310,0.495418,39,170,39,316685,288925,32872,75084,2.676321834821594,0.20626962520157469
3311,0.495419,13,103,13,316788,288822,32885,75071,2.675367742413576,0.20629965401917597
3312,0.49542,31,194,31,316982,288628,32916,75040,2.6735707139945903,0.20634204824180297
3313,0.495421,21,176,21,317158,288452,32937,75019,2.6719404201711807,0.20639610863039967
3314,0.495422,32,142,32,317300,288310,32969,74987,2.6706250694727482,0.2064068792200321
3315,0.495423,20,173,20,317473,288137,32989,74967,2.6690225647486012,0.2064615096501278
3316,0.495424,38,214,38,317687,287923,33027,74929,2.6670402756678646,0.20650017086856348
3317,0.495425,21,129,21,317816,287794,33048,74908,2.66584534439957,0.20652767285540197
3318,0.495426,23,183,23,317999,287611,33071,74885,2.6641502093445477,0.2065815898658192
3319,0.495427,35,234,35,318233,287377,33106,74850,2.66198265960206,0.20663837869623192
3320,0.495428,20,151,20,318384,287226,33126,74830,2.6605839416058394,0.20668073447201538
3321,0.495429,35,198,35,318582,287028,33161,74795,2.6587498610545035,0.206717096480876
3322,0.49543,25,146,25,318728,286882,33186,74770,2.6573974582237208,0.2067457113468196
3323,0.495431,27,140,27,318868,286742,33213,74743,2.656100633591463,0.20676653249789065
3324,0.495432,19,126,19,318994,286616,33232,74724,2.6549334914224314,0.20679692256600432
3325,0.495433,31,257,31,319251,286359,33263,74693,2.65255289191893,0.20687601785892337
3326,0.495434,20,141,20,319392,286218,33283,74673,2.6512468042535846,0.20691289059577544
3327,0.495435,14,120,14,319512,286098,33297,74659,2.6501352402830785,0.2069509392749136
3328,0.495436,26,171,26,319683,285927,33323,74633,2.6485512616251063,0.20699190148657642
3329,0.495437,23,150,23,319833,285777,33346,74610,2.6471618066619733,0.2070274454960917
3330,0.495438,31,126,31,319959,285651,33377,74579,2.6459946644929415,0.20703161868806041
3331,0.495439,34,244,34,320203,285407,33411,74545,2.6437344844195785,0.20709705738542916
3332,0.49544,14,55,14,320258,285352,33425,74531,2.6432250175997627,0.2070978623608228
3333,0.495441,29,153,29,320411,285199,33454,74502,2.641807773537367,0.20712202634966265
3334,0.495442,21,149,21,320560,285050,33475,74481,2.6404275816073217,0.20716155213319576
3335,0.495443,41,207,41,320767,284843,33516,74440,2.638510133758198,0.20719043205495388
3336,0.495444,41,209,41,320976,284634,33557,74399,2.636574159842899,0.20722050619302404
3337,0.495445,14,98,14,321074,284536,33571,74385,2.6356663826003186,0.20724616280462832
3338,0.495446,22,127,22,321201,284409,33593,74363,2.634489977398199,0.2072709130032444
3339,0.495447,28,191,28,321392,284218,33621,74335,2.6327207380784765,0.20731942000206385
3340,0.495448,28,200,28,321592,284018,33649,74307,2.6308681314609657,0.20737319472545873
3341,0.495449,17,120,17,321712,283898,33666,74290,2.629756567490459,0.2074050498620836
3342,0.49545,22,137,22,321849,283761,33688,74268,2.628487531957464,0.20743571051507
3343,0.495451,32,173,32,322022,283588,33720,74236,2.626885027233317,0.20746512251833304
3344,0.495452,18,90,18,322112,283498,33738,74218,2.6260513542554373,0.2074774402039607
3345,0.495453,19,115,19,322227,283383,33757,74199,2.6249861054503687,0.2075020554725909
3346,0.495454,27,140,27,322367,283243,33784,74172,2.623689280818111,0.20752346711805605
3347,0.495455,26,172,26,322539,283071,33810,74146,2.622096039127052,0.20756570935873714
3348,0.495456,26,173,26,322712,282898,33836,74120,2.620493534402905,0.20760857995955387
3349,0.495457,19,123,19,322835,282775,33855,74101,2.6193541813331356,0.20763794707405372
3350,0.495458,32,251,32,323086,282524,33887,74069,2.6170291600281597,0.20771299492698958
3351,0.495459,38,272,38,323358,282252,33925,74031,2.6145096150283447,0.20778706814526654
3352,0.49546,43,203,43,323561,282049,33968,73988,2.612629219311571,0.2078098624581153
3353,0.495461,44,238,44,323799,281811,34012,73944,2.6104246174367334,0.20785090863093983
3354,0.495462,25,165,25,323964,281646,34037,73919,2.608896216977287,0.2078916653776384
3355,0.495463,29,130,29,324094,281516,34066,73890,2.607692022675905,0.20790307423059826
3356,0.495464,16,127,16,324221,281389,34082,73874,2.606515617473786,0.20794172204817277
3357,0.495465,23,101,23,324322,281288,34105,73851,2.6055800511319425,0.20794956341038298
3358,0.495466,32,155,32,324477,281133,34137,73819,2.604144281003372,0.20796896481777818
3359,0.495467,18,122,18,324599,281011,34155,73801,2.60301419096669,0.2080002931129725
3360,0.495468,45,207,45,324806,280804,34200,73756,2.6010967431175662,0.20802120938628157
3361,0.495469,28,192,28,324998,280612,34228,73728,2.599318240764756,0.20807134390698198
3362,0.49547,28,167,28,325165,280445,34256,73700,2.5977713142391345,0.20810684888957912
3363,0.495471,30,223,30,325388,280222,34286,73670,2.5957056578606097,0.2081708543849536
3364,0.495472,16,140,16,325528,280082,34302,73654,2.594408833228352,0.20821742768618404
3365,0.495473,13,111,13,325639,279971,34315,73641,2.593380636555634,0.2082536791737837
3366,0.495474,29,170,29,325809,279801,34344,73612,2.5918059209307494,0.20828888580782257
3367,0.495475,23,192,23,326001,279609,34367,73589,2.590027418577939,0.2083505569114208
3368,0.495476,20,164,20,326165,279445,34387,73569,2.5885082811515803,0.2084024996175789
3369,0.495477,27,138,27,326303,279307,34414,73542,2.5872299825854976,0.208423433253318
3370,0.495478,16,230,16,326533,279077,34430,73526,2.5850994849753604,0.20852346690186982
3371,0.495479,32,128,32,326661,278949,34462,73494,2.583913816740153,0.20852733633523718
3372,0.49548,17,102,17,326763,278847,34479,73477,2.582968987365223,0.20854951692192414
3373,0.495481,23,145,23,326908,278702,34502,73454,2.5816258475675276,0.20858369586206113
3374,0.495482,14,155,14,327063,278547,34516,73440,2.5801900774389566,0.20864406924119358
3375,0.495483,31,214,31,327277,278333,34547,73409,2.57820778835822,0.20870126399463243
3376,0.495484,39,238,39,327515,278095,34586,73370,2.576003186483382,0.20875478354885976
3377,0.495485,33,165,33,327680,277930,34619,73337,2.5744747860239356,0.2087785075170739
3378,0.495486,25,141,25,327821,277789,34644,73312,2.5731686983585904,0.20880601308455402
3379,0.495487,32,127,32,327948,277662,34676,73280,2.5719922931564714,0.20880943289774379
3380,0.495488,37,258,37,328206,277404,34713,73243,2.569602430619882,0.2088795854520358
3381,0.495489,20,95,20,328301,277309,34733,73223,2.5687224424765644,0.20889105702189814
3382,0.49549,45,260,45,328561,277049,34778,73178,2.5663140538738003,0.20894448457714568
3383,0.495491,28,186,28,328747,276863,34806,73150,2.564591129719515,0.20899223743118112
3384,0.495492,29,162,29,328909,276701,34835,73121,2.5630905183593318,0.2090234462097867
3385,0.495493,26,176,26,329085,276525,34861,73095,2.561460224535922,0.20906984726274241
3386,0.495494,36,159,36,329244,276366,34897,73059,2.559987402275001,0.20908349431208414
3387,0.495495,25,135,25,329379,276231,34922,73034,2.5587368928081813,0.20910769759351783
3388,0.495496,33,177,33,329556,276054,34955,73001,2.557097335951684,0.20913896090873932
3389,0.495497,42,205,42,329761,275849,34997,72959,2.5551984141687356,0.2091666475539552
3390,0.495498,26,222,26,329983,275627,35023,72933,2.5531420208232984,0.20924087675005737
3391,0.495499,24,187,24,330170,275440,35047,72909,2.5514098336359257,0.20929872053601417
3392,0.4955,35,203,35,330373,275237,35082,72874,2.549529437919152,0.209341273329484
3393,0.495501,29,195,29,330568,275042,35111,72845,2.5477231464670793,0.20939270510251892
3394,0.495502,32,202,32,330770,274840,35143,72813,2.545852013783393,0.20944159837539156
3395,0.495503,30,180,30,330950,274660,35173,72783,2.5441846678276336,0.2094818430649056
3396,0.495504,15,131,15,331081,274529,35188,72768,2.542971210493164,0.20952671632637196
3397,0.495505,41,223,41,331304,274306,35229,72727,2.5409055541146395,0.2095679661588379
3398,0.495506,24,120,24,331424,274186,35253,72703,2.539793990144133,0.20958577527681765
3399,0.495507,18,171,18,331595,274015,35271,72685,2.538210011486161,0.20964811075858092
3400,0.495508,27,206,27,331801,273809,35298,72658,2.5363018266701247,0.20971117018359614
3401,0.495509,17,151,17,331952,273658,35315,72641,2.534903108673904,0.20976381681725909
3402,0.49551,47,215,47,332167,273443,35362,72594,2.53291155656008,0.2097868147047859
3403,0.495511,30,137,30,332304,273306,35392,72564,2.531642521027085,0.20980137045710817
3404,0.495512,26,109,26,332413,273197,35418,72538,2.5306328504205418,0.2098080900111357
3405,0.495513,25,142,25,332555,273055,35443,72513,2.529317499722109,0.209837137697935
3406,0.495514,28,160,28,332715,272895,35471,72485,2.5278354144281003,0.2098702877989461
3407,0.495515,31,179,31,332894,272716,35502,72454,2.526177331505428,0.20990816119593245
3408,0.495516,29,158,29,333052,272558,35531,72425,2.5247137722775945,0.20993788099703464
3409,0.495517,17,111,17,333163,272447,35548,72408,2.523685575604876,0.20996650766264083
3410,0.495518,33,207,33,333370,272240,35581,72375,2.5217681277557524,0.2100169754653744
3411,0.495519,35,184,35,333554,272056,35616,72340,2.5200637296676422,0.21004889719973519
3412,0.49552,22,170,22,333724,271886,35638,72318,2.5184890140427583,0.21010214872575567
3413,0.495521,21,185,21,333909,271701,35659,72297,2.516775352921561,0.2101669195751138
3414,0.495522,34,144,34,334053,271557,35693,72263,2.515441476156953,0.21017683671688675
3415,0.495523,31,191,31,334244,271366,35724,72232,2.51367223683723,0.21022241107340556
3416,0.495524,28,165,28,334409,271201,35752,72204,2.5121438363777835,0.21025902360186952
3417,0.495525,28,166,28,334575,271035,35780,72176,2.5106061728852493,0.21029629003732397
3418,0.495526,19,100,19,334675,270935,35799,72157,2.509679869576494,0.21031385167826705
3419,0.495527,39,154,39,334829,270781,35838,72118,2.508253362481011,0.21031849028431113
3420,0.495528,25,140,25,334969,270641,35863,72093,2.5069565378487533,0.21034679955884156
3421,0.495529,22,74,22,335043,270567,35885,72071,2.506271073400274,0.2103415266257683
3422,0.49553,34,180,34,335223,270387,35919,72037,2.5046037274445143,0.21037368876013363
3423,0.495531,41,208,41,335431,270179,35960,71996,2.5026770165623033,0.21040695550522392
3424,0.495532,22,164,22,335595,270015,35982,71974,2.501157879135944,0.21045706148443372
3425,0.495533,35,277,35,335872,269738,36017,71939,2.4985920189706916,0.2105468029747393
3426,0.495534,23,171,23,336043,269567,36040,71916,2.49700804031272,0.21059906349657231
3427,0.495535,30,151,30,336194,269416,36070,71886,2.4956093223164992,0.21062285014444684
3428,0.495536,32,225,32,336419,269191,36102,71854,2.4935251398717995,0.21068773915465702
3429,0.495537,20,93,20,336512,269098,36122,71834,2.492663677794657,0.21069890770006922
3430,0.495538,27,171,27,336683,268927,36149,71807,2.4910796991366855,0.21074210381118408
3431,0.495539,23,153,23,336836,268774,36172,71784,2.4896624550742894,0.2107834788787813
3432,0.49554,24,186,24,337022,268588,36196,71760,2.4879395309200043,0.2108430194976906
3433,0.495541,41,182,41,337204,268406,36237,71719,2.4862536588980695,0.21086071297317163
3434,0.495542,21,183,21,337387,268223,36258,71698,2.484558523843047,0.21092547974382284
3435,0.495543,17,166,17,337553,268057,36275,71681,2.4830208603505133,0.2109890562727749
3436,0.495544,15,117,15,337670,267940,36290,71666,2.4819370854792693,0.21102689587345336
3437,0.495545,20,122,20,337792,267818,36310,71646,2.4808069954425878,0.21105625338769354
3438,0.495546,35,223,35,338015,267595,36345,71611,2.4787413390640634,0.2111136005848953
3439,0.495547,23,135,23,338150,267460,36368,71588,2.4774908295972433,0.2111441447818598
3440,0.495548,47,240,47,338390,267220,36415,71541,2.47526770165623,0.211184286266719
3441,0.495549,31,204,31,338594,267016,36446,71510,2.4733780429063694,0.21123931396702172
3442,0.49555,36,172,36,338766,266844,36482,71474,2.47178480121531,0.21126277644109978
3443,0.495551,37,163,37,338929,266681,36519,71437,2.4702749268220385,0.21127831112215262
3444,0.495552,16,129,16,339058,266552,36535,71421,2.469079995553744,0.21132161444849146
3445,0.495553,28,238,28,339296,266314,36563,71393,2.4668753936789063,0.21140515298764906
3446,0.495554,27,199,27,339495,266115,36590,71366,2.465032050094483,0.21146671960791866
3447,0.495555,35,179,35,339674,265936,36625,71331,2.463373967171811,0.2114971224578746
3448,0.495556,17,111,17,339785,265825,36642,71314,2.462345770499092,0.21152699628343205
3449,0.495557,20,140,20,339925,265685,36662,71294,2.4610489458668345,0.21156807991002408
3450,0.495558,51,312,51,340237,265373,36713,71243,2.4581588795435176,0.21164472277015947
3451,0.495559,24,108,24,340345,265265,36737,71219,2.457158471970062,0.2116564234852177
3452,0.49556,42,178,42,340523,265087,36779,71177,2.4555096520804773,0.2116699973830086
3453,0.495561,49,268,49,340791,264819,36828,71128,2.4530271592130126,0.21172387311093716
3454,0.495562,44,291,44,341082,264528,36872,71084,2.4503316165845344,0.21180410712370237
3455,0.495563,11,77,11,341159,264451,36883,71073,2.4496183630367927,0.21182687378548182
3456,0.495564,38,225,38,341384,264226,36921,71035,2.447534180592093,0.21187969969665424
3457,0.495565,18,144,18,341528,264082,36939,71017,2.446200303827485,0.2119284151847663
3458,0.495566,23,93,23,341621,263989,36962,70994,2.4453388417503428,0.21193314287590714
3459,0.495567,30,134,30,341755,263855,36992,70964,2.4440975953166104,0.21194735065811676
3460,0.495568,35,154,35,341909,263701,37027,70929,2.442671088221127,0.21196246600723187
3461,0.495569,29,156,29,342065,263545,37056,70900,2.441226055059469,0.21199300333388152
3462,0.49557,23,113,23,342178,263432,37079,70877,2.440179332320575,0.2120104454262374
3463,0.495571,17,157,17,342335,263275,37096,70860,2.4387250361258292,0.21206997171801817
3464,0.495572,40,208,40,342543,263067,37136,70820,2.436798325243618,0.21210768912835778
3465,0.495573,12,150,12,342693,262917,37148,70808,2.435408870280485,0.2121746947336879
3466,0.495574,18,116,18,342809,262801,37166,70790,2.4343343584423285,0.21220596478921794
3467,0.495575,28,186,28,342995,262615,37194,70762,2.4326114342880434,0.21225819417656286
3468,0.495576,24,165,24,343160,262450,37218,70738,2.431083033828597,0.2123065656626289
3469,0.495577,31,197,31,343357,262253,37249,70707,2.4292582163103487,0.21235884190293128
3470,0.495578,29,182,29,343539,262071,37278,70678,2.427572344288414,0.21240634832862007
3471,0.495579,10,77,10,343616,261994,37288,70668,2.426859090740672,0.21243183772117044
3472,0.49558,30,200,30,343816,261794,37318,70638,2.4250064841231613,0.2124885690908216
3473,0.495581,27,146,27,343962,261648,37345,70611,2.4236540812923786,0.2125179453378238
3474,0.495582,36,141,36,344103,261507,37381,70575,2.4223479936270333,0.21252281063110917
3475,0.495583,15,96,15,344199,261411,37396,70560,2.421458742450628,0.2125486864816505
3476,0.495584,37,230,37,344429,261181,37433,70523,2.4193282448404907,0.2126082290234667
3477,0.495585,35,179,35,344608,261002,37468,70488,2.4176701619178185,0.2126398986394763
3478,0.495586,47,209,47,344817,260793,37515,70441,2.4157341880025194,0.21266234746433035
3479,0.495587,9,64,9,344881,260729,37524,70432,2.4151413538849162,0.2126820489127645
3480,0.495588,42,251,42,345132,260478,37566,70390,2.41281633257994,0.2127434505603443
3481,0.495589,42,234,42,345366,260244,37608,70348,2.4106487828374523,0.21279401800406544
3482,0.49559,35,187,35,345553,260057,37643,70313,2.4089165956500795,0.2128310681962648
3483,0.495591,35,216,35,345769,259841,37678,70278,2.406915780503168,0.21288686806878732
3484,0.495592,30,167,30,345936,259674,37708,70248,2.4053688539775466,0.21292305454016403
3485,0.495593,36,171,36,346107,259503,37744,70212,2.4037848753195745,0.21294754560757018
3486,0.495594,41,203,41,346310,259300,37785,70171,2.401904479602801,0.21298080862959107
3487,0.495595,26,152,26,346462,259148,37811,70145,2.400496498573493,0.21301697880003523
3488,0.495596,19,142,19,346604,259006,37830,70126,2.39918114787506,0.21306345174580413
3489,0.495597,32,156,32,346760,258850,37862,70094,2.397736114713402,0.21308794202052628
3490,0.495598,20,119,20,346879,258731,37882,70074,2.3966338137759826,0.2131171971229148
3491,0.495599,41,204,41,347083,258527,37923,70033,2.394744155026122,0.21315132700267836
3492,0.4956,35,165,35,347248,258362,37958,69998,2.3932157545666755,0.21317456450237543
3493,0.495601,30,185,30,347433,258177,37988,69968,2.3915020934454776,0.2132228130856786
3494,0.495602,32,241,32,347674,257936,38020,69936,2.389269702471377,0.21330275229357798
3495,0.495603,63,284,63,347958,257652,38083,69873,2.3866390010745118,0.21333638653537898
3496,0.495604,22,99,22,348057,257553,38105,69851,2.385721960798844,0.21334803484380155
3497,0.495605,19,131,19,348188,257422,38124,69832,2.3845085034643745,0.21338776607772555
3498,0.495606,19,131,19,348319,257291,38143,69813,2.3832950461299047,0.2134275337507337
3499,0.495607,18,88,18,348407,257203,38161,69795,2.3824798992182,0.21344167242613105
3500,0.495608,18,155,18,348562,257048,38179,69777,2.381044129089629,0.21349957928555038
3501,0.495609,28,170,28,348732,256878,38207,69749,2.379469413464745,0.21354327719386335
3502,0.49561,34,164,34,348896,256714,38241,69715,2.377950276038386,0.21356864739346076
3503,0.495611,25,116,25,349012,256598,38266,69690,2.37687576420023,0.21358431814838424
3504,0.495612,31,143,31,349155,256455,38297,69659,2.3755511504687097,0.21360321850641187
3505,0.495613,33,243,33,349398,256212,38330,69626,2.373300233428434,0.21368287308417067
3506,0.495614,33,214,33,349612,255998,38363,69593,2.3713179443476973,0.2137436231345461
3507,0.495615,20,158,20,349770,255840,38383,69573,2.3698543851198637,0.2137990799384167
3508,0.495616,31,181,31,349951,255659,38414,69542,2.3681777761310165,0.21384313086368123
3509,0.495617,48,211,48,350162,255448,38462,69494,2.3662232761495425,0.21386585913793846
3510,0.495618,14,136,14,350298,255312,38476,69480,2.3649635036496353,0.21392152516071825
3511,0.495619,33,203,33,350501,255109,38509,69447,2.3630831079328614,0.21397540023909586
3512,0.49562,21,126,21,350627,254983,38530,69426,2.3619159657638296,0.21400762617559932
3513,0.495621,32,231,32,350858,254752,38562,69394,2.3597762051206046,0.21408254305158786
3514,0.495622,42,207,42,351065,254545,38604,69352,2.357858757271481,0.21411745091803877
3515,0.495623,23,206,23,351271,254339,38627,69329,2.355950572455445,0.21419788178009566
3516,0.495624,27,119,27,351390,254220,38654,69302,2.354848271518026,0.21421108919949802
3517,0.495625,23,202,23,351592,254018,38677,69279,2.35297713883434,0.21428902835473265
3518,0.495626,45,272,45,351864,253746,38722,69234,2.350457593834525,0.214360022292402
3519,0.495627,43,345,43,352209,253401,38765,69191,2.347261847419319,0.21448455014383494
3520,0.495628,27,156,27,352365,253245,38792,69164,2.3458168142576605,0.21452254744749683
3521,0.495629,18,157,18,352522,253088,38810,69146,2.3443625180629146,0.21458319109715301
3522,0.49563,20,148,20,352670,252940,38830,69126,2.3429915891659565,0.21463302552892885
3523,0.495631,29,147,29,352817,252793,38859,69097,2.341629923302086,0.21466028767591414
3524,0.495632,15,92,15,352909,252701,38874,69082,2.340777724258031,0.21468505172740635
3525,0.495633,17,128,17,353037,252573,38891,69065,2.3395920560228243,0.21472898102836108
3526,0.495634,19,108,19,353145,252465,38910,69046,2.338591648449368,0.21475470512672973
3527,0.495635,27,145,27,353290,252320,38937,69019,2.337248508651673,0.2147856313737206
3528,0.495636,22,150,22,353440,252170,38959,68997,2.33585905368854,0.21483215897025534
3529,0.495637,22,142,22,353582,252028,38981,68975,2.334543702990107,0.21487338124565813
3530,0.495638,40,188,40,353770,251840,39021,68935,2.332802252769647,0.2149014106460915
3531,0.495639,30,207,30,353977,251633,39051,68905,2.3308848049205233,0.2149667122150884
3532,0.49564,32,158,32,354135,251475,39083,68873,2.3294212456926897,0.2149943186784372
3533,0.495641,46,193,46,354328,251282,39129,68827,2.3276334803067917,0.21501113683151676
3534,0.495642,15,141,15,354469,251141,39144,68812,2.3263273926414465,0.21506908827234
3535,0.495643,50,240,50,354709,250901,39194,68762,2.3241042647004333,0.21510778538648515
3536,0.495644,47,239,47,354948,250662,39241,68715,2.321890399792508,0.21515325148648776
3537,0.495645,34,190,34,355138,250472,39275,68681,2.320130423505873,0.2151977264822828
3538,0.495646,27,135,27,355273,250337,39302,68654,2.318879914039053,0.21522237304500755
3539,0.495647,23,122,23,355395,250215,39325,68631,2.3177498240023713,0.21524811350934306
3540,0.495648,23,114,23,355509,250101,39348,68608,2.3166938382303903,0.21526847374878025
3541,0.495649,49,251,49,355760,249850,39397,68559,2.314368816925414,0.2153174062290953
3542,0.49565,20,117,20,355877,249733,39417,68539,2.3132850420541704,0.2153472501508144
3543,0.495651,34,238,34,356115,249495,39451,68505,2.311080440179332,0.2154245283018868
3544,0.495652,19,168,19,356283,249327,39470,68486,2.309524250620623,0.21549149971838785
3545,0.495653,26,163,26,356446,249164,39496,68460,2.308014376227352,0.2155378686749112
3546,0.495654,32,144,32,356590,249020,39528,68428,2.306680499462744,0.21555656359466746
3547,0.495655,23,140,23,356730,248880,39551,68405,2.3053836748304866,0.2155948122350568
3548,0.495656,38,214,38,356944,248666,39589,68367,2.30340138574975,0.21564632073001863
3549,0.495657,39,193,39,357137,248473,39628,68328,2.301613620363852,0.21568113737014719
3550,0.495658,30,169,30,357306,248304,39658,68298,2.3000481677720552,0.2157219474292645
3551,0.495659,32,143,32,357449,248161,39690,68266,2.298723554040535,0.21574012331438214
3552,0.49566,47,290,47,357739,247871,39737,68219,2.2960372744451445,0.21582144325983105
3553,0.495661,41,184,41,357923,247687,39778,68178,2.2943328763570343,0.21584537698067213
3554,0.495662,41,240,41,358163,247447,39819,68137,2.2921097484160216,0.21590765057797606
3555,0.495663,41,247,41,358410,247200,39860,68096,2.2898217792433955,0.21597483000101492
3556,0.495664,40,183,40,358593,247017,39900,68056,2.288126644188373,0.21600073633729328
3557,0.495665,20,137,20,358730,246880,39920,68036,2.286857608655378,0.21604491356425207
3558,0.495666,36,184,36,358914,246696,39956,68000,2.2851532105672683,0.21608155171975493
3559,0.495667,38,213,38,359127,246483,39994,67962,2.283180184519619,0.21613318704383916
3560,0.495668,41,221,41,359348,246262,40035,67921,2.2811330542072694,0.2161829252378391
3561,0.495669,32,133,32,359481,246129,40067,67889,2.2799010708066247,0.2161946130476597
3562,0.49567,39,168,39,359649,245961,40106,67850,2.2783448812479157,0.2162129434595983
3563,0.495671,53,245,53,359894,245716,40159,67797,2.276075438141465,0.2162494059257511
3564,0.495672,15,130,15,360024,245586,40174,67782,2.274871243840083,0.21630160067396798
3565,0.495673,37,167,37,360191,245419,40211,67745,2.2733243173144615,0.21632435401259403
3566,0.495674,19,146,19,360337,245273,40230,67726,2.2719719144836787,0.21637768810762972
3567,0.495675,36,237,36,360574,245036,40266,67690,2.269776575641928,0.21645146230246287
3568,0.495676,40,172,40,360746,244864,40306,67650,2.268183333950869,0.21647030213046456
3569,0.495677,15,106,15,360852,244758,40321,67635,2.267201452443588,0.2165061316994939
3570,0.495678,27,129,27,360981,244629,40348,67608,2.2660065211752936,0.21652782982157784
3571,0.495679,34,228,34,361209,244401,40382,67574,2.263894549631331,0.21660068915778508
3572,0.49568,35,190,35,361399,244211,40417,67539,2.262134573344696,0.21664474739374498
3573,0.495681,36,186,36,361585,244025,40453,67503,2.2604116491904107,0.2166835725841658
3574,0.495682,28,148,28,361733,243877,40481,67475,2.259040720293453,0.216716128369177
3575,0.495683,46,224,46,361957,243653,40527,67429,2.256965800881841,0.21675635363023255
3576,0.495684,23,185,23,362142,243468,40550,67406,2.255252139760643,0.21682739630847225
3577,0.495685,24,168,24,362310,243300,40574,67382,2.253695950201934,0.21688414520313376
3578,0.495686,28,135,28,362445,243165,40602,67354,2.2524454407351144,0.2169078220656385
3579,0.495687,14,72,14,362517,243093,40616,67340,2.2517785023528103,0.21692281426265894
3580,0.495688,27,193,27,362710,242900,40643,67313,2.2499907369669123,0.21698961681167456
3581,0.495689,42,230,42,362940,242670,40685,67271,2.247860239356775,0.21704453428233114
3582,0.49569,26,160,26,363100,242510,40711,67245,2.2463781540627665,0.21709092670013397
3583,0.495691,22,132,22,363232,242378,40733,67223,2.245155433695209,0.21712785165422593
3584,0.495692,45,315,45,363547,242063,40778,67178,2.2422375782726296,0.21723510142574884
3585,0.495693,20,114,20,363661,241949,40798,67158,2.2411815925006486,0.21726457181493786
3586,0.495694,34,154,34,363815,241795,40832,67124,2.239755085405165,0.21728673212071772
3587,0.495695,33,157,33,363972,241638,40865,67091,2.238300789210419,0.21731356626685538
3588,0.495696,33,168,33,364140,241470,40898,67058,2.23674459965171,0.21734818233677333
3589,0.495697,27,151,27,364291,241319,40925,67031,2.235345881655489,0.21738608723852765
3590,0.495698,19,109,19,364400,241210,40944,67012,2.2343362110489458,0.21741472055855846
3591,0.495699,33,156,33,364556,241054,40977,66979,2.2328911778872875,0.21744098846552154
3592,0.4957,26,152,26,364708,240902,41003,66953,2.231483196857979,0.2174822562570041
3593,0.495701,43,285,43,364993,240617,41046,66910,2.228843232428026,0.21757439184201713
3594,0.495702,12,87,12,365080,240530,41058,66898,2.228037348549409,0.21760542305840716
3595,0.495703,24,148,24,365228,240382,41082,66874,2.226666419652451,0.21764912646132215
3596,0.495704,22,127,22,365355,240255,41104,66852,2.225490014450332,0.21768308765348884
3597,0.495705,20,114,20,365469,240141,41124,66832,2.2244340286783504,0.21771295846866012
3598,0.495706,29,180,29,365649,239961,41153,66803,2.2227666827225905,0.21776675229166395
3599,0.495707,60,228,60,365877,239733,41213,66743,2.220654711178628,0.21777561701405657
3600,0.495708,18,132,18,366009,239601,41231,66725,2.219431990811071,0.21782349523057135
3601,0.495709,23,157,23,366166,239444,41254,66702,2.217977694616325,0.21787643803936685
3602,0.49571,32,187,32,366353,239257,41286,66670,2.2162455074289524,0.2179278063067333
3603,0.495711,19,156,19,366509,239101,41305,66651,2.214800474267294,0.21799039744629634
3604,0.495712,17,106,17,366615,238995,41322,66634,2.2138185927600134,0.21802250440894025
3605,0.495713,20,195,20,366810,238800,41342,66614,2.2120123013079405,0.2181104991912617
3606,0.495714,61,311,61,367121,238489,41403,66553,2.209131498017711,0.218176513398155
3607,0.495715,39,238,39,367359,238251,41442,66514,2.206926896142873,0.21824684593047103
3608,0.495716,21,116,21,367475,238135,41463,66493,2.2058523843047166,0.21827606129443125
3609,0.495717,24,118,24,367593,238017,41487,66469,2.2047593464003854,0.21829903509520962
3610,0.495718,38,168,38,367761,237849,41525,66431,2.2032031568416763,0.21832194031812804
3611,0.495719,18,207,18,367968,237642,41543,66413,2.2012857089925526,0.2184242982355166
3612,0.49572,58,334,58,368302,237308,41601,66355,2.1981918559413094,0.21851526198450255
3613,0.495721,21,114,21,368416,237194,41622,66334,2.1971358701693284,0.2185432645423157
3614,0.495722,36,203,36,368619,236991,41658,66298,2.1952554744525545,0.21859678392556275
3615,0.495723,23,149,23,368768,236842,41681,66275,2.193875282522509,0.21864494568104065
3616,0.495724,22,120,22,368888,236722,41703,66253,2.1927637185520026,0.21867480815248783
3617,0.495725,36,230,36,369118,236492,41739,66217,2.1906332209418653,0.21874803854526956
3618,0.495726,16,68,16,369186,236424,41755,66201,2.1900033346919114,0.2187558859975217
3619,0.495727,17,98,17,369284,236326,41772,66184,2.189095557449331,0.21878285015371393
3620,0.495728,42,230,42,369514,236096,41814,66142,2.186965059839194,0.21884078110628047
3621,0.495729,39,130,39,369644,235966,41853,66103,2.185760865537812,0.21883410743902884
3622,0.49573,27,136,27,369780,235830,41880,66076,2.1845010930379045,0.21886282485276876
3623,0.495731,31,233,31,370013,235597,41911,66045,2.182342806328504,0.21895160488260917
3624,0.495732,47,147,47,370160,235450,41958,65998,2.1809811404646338,0.2189365993471511
3625,0.495733,17,110,17,370270,235340,41975,65981,2.1799622068250026,0.21897245794352202
3626,0.495734,28,188,28,370458,235152,42003,65953,2.1782207566045426,0.21903654871224323
3627,0.495735,25,172,25,370630,234980,42028,65928,2.1766275149134833,0.2190968668164356
3628,0.495736,28,153,28,370783,234827,42056,65900,2.1752102708510876,0.21913562799482586
3629,0.495737,28,210,28,370993,234617,42084,65872,2.1732650339027013,0.21921601123502024
3630,0.495738,20,149,20,371142,234468,42104,65852,2.1718848419726555,0.2192727757059137
3631,0.495739,15,172,15,371314,234296,42119,65837,2.170291600281596,0.21935941732498593
3632,0.49574,24,125,24,371439,234171,42143,65813,2.169133721145652,0.21938836737959358
3633,0.495741,31,194,31,371633,233977,42174,65782,2.1673366927266664,0.21944962453170713
3634,0.495742,39,187,39,371820,233790,42213,65743,2.1656045055392936,0.2194849983140422
3635,0.495743,26,211,26,372031,233579,42239,65717,2.16365000555782,0.21957192879290066
3636,0.495744,30,178,30,372209,233401,42269,65687,2.162001185668235,0.21962432461349168
3637,0.495745,34,143,34,372352,233258,42303,65653,2.160676571936715,0.21964062881593518
3638,0.495746,35,202,35,372554,233056,42338,65618,2.158805439253029,0.21969773063607814
3639,0.495747,21,151,21,372705,232905,42359,65597,2.1574067212568084,0.21975397149767842
3640,0.495748,24,143,24,372848,232762,42383,65573,2.1560821075252883,0.21979653744951144
3641,0.495749,28,180,28,373028,232582,42411,65545,2.1544147615695284,0.21985596742327934
3642,0.49575,22,118,22,373146,232464,42433,65523,2.153321723665197,0.21988543124364485
3643,0.495751,52,208,52,373354,232256,42485,65471,2.1513950127829857,0.21990279685752384
3644,0.495752,43,198,43,373552,232058,42528,65428,2.14956093223165,0.2199364003684207
3645,0.495753,22,93,22,373645,231965,42550,65406,2.1486994701545075,0.2199474730219154
3646,0.495754,38,294,38,373939,231671,42588,65368,2.1459761384267666,0.22006537862031586
3647,0.495755,26,170,26,374109,231501,42614,65342,2.144401422801882,0.2201230953736487
3648,0.495756,43,251,43,374360,231250,42657,65299,2.1420764014969063,0.2201963250592651
3649,0.495757,38,187,38,374547,231063,42695,65261,2.1403442143095335,0.2202352830010394
3650,0.495758,33,209,33,374756,230854,42728,65228,2.138408240394235,0.22030383474848184
3651,0.495759,32,112,32,374868,230742,42760,65196,2.137370780688429,0.22030290128337693
3652,0.49576,19,137,19,375005,230605,42779,65177,2.136101745155434,0.22035485594119994
3653,0.495761,13,94,13,375099,230511,42792,65164,2.135231020045204,0.2203906316056481
3654,0.495762,28,187,28,375286,230324,42820,65136,2.133498832857831,0.22045623773099574
3655,0.495763,34,93,34,375379,230231,42854,65102,2.1326373707806883,0.22043591471322202
3656,0.495764,35,139,35,375518,230092,42889,65067,2.1313498091815184,0.22044728434504793
3657,0.495765,29,203,29,375721,229889,42918,65038,2.129469413464745,0.22052236655172297
3658,0.495766,21,161,21,375882,229728,42939,65017,2.1279780651376488,0.22058728731615465
3659,0.495767,55,238,55,376120,229490,42994,64962,2.125773463262811,0.22061999918492659
3660,0.495768,46,215,46,376335,229275,43040,64916,2.1237819111489866,0.2206593675537321
3661,0.495769,30,112,30,376447,229163,43070,64886,2.1227444514431806,0.2206639029549497
3662,0.49577,43,212,43,376659,228951,43113,64843,2.120780688428619,0.2207090682587119
3663,0.495771,20,168,20,376827,228783,43133,64823,2.11922449886991,0.22078227284183566
3664,0.495772,30,179,30,377006,228604,43163,64793,2.1175664159472376,0.22083729554153586
3665,0.495773,56,231,56,377237,228373,43219,64737,2.1154266553040126,0.22086247483879773
3666,0.495774,27,190,27,377427,228183,43246,64710,2.1136666790173773,0.2209339246755641
3667,0.495775,27,154,27,377581,228029,43273,64683,2.112240171921894,0.22097829948891742
3668,0.495776,28,130,28,377711,227899,43301,64655,2.111035977620512,0.2210019346855623
3669,0.495777,37,160,37,377871,227739,43338,64618,2.1095538923265034,0.2210242956385515
3670,0.495778,46,217,46,378088,227522,43384,64572,2.107543814146504,0.2210658212767123
3671,0.495779,23,165,23,378253,227357,43407,64549,2.1060154136870577,0.2211294046713668
3672,0.49578,21,180,21,378433,227177,43428,64528,2.104348067731298,0.2212097838569788
3673,0.495781,36,159,36,378592,227018,43464,64492,2.102875245470377,0.22123426297554113
3674,0.495782,38,233,38,378825,226785,43502,64454,2.1007169587609766,0.2213096460295496
3675,0.495783,34,165,34,378990,226620,43536,64420,2.09918855830153,0.2213441451346894
3676,0.495784,35,193,35,379183,226427,43571,64385,2.097400792915632,0.22139732885850652
3677,0.495785,38,172,38,379355,226255,43609,64347,2.095807551224573,0.22142655590808047
3678,0.495786,26,117,26,379472,226138,43635,64321,2.0947237763533293,0.2214460560698756
3679,0.495787,26,148,26,379620,225990,43661,64295,2.093352847456371,0.2214892261053792
3680,0.495788,32,195,32,379815,225795,43693,64263,2.091546556004298,0.22155224127588274
3681,0.495789,22,143,22,379958,225652,43715,64241,2.0902219422727777,0.2216024533189832
3682,0.49579,53,254,53,380212,225398,43768,64188,2.087869131868539,0.22165436174400696
3683,0.495791,19,109,19,380321,225289,43787,64169,2.0868594612619957,0.22168673866329486
3684,0.495792,23,135,23,380456,225154,43810,64146,2.0856089517951757,0.2217283097131006
3685,0.495793,60,363,60,380819,224791,43870,64086,2.0822464707843937,0.22184528363282643
3686,0.495794,60,280,60,381099,224511,43930,64026,2.0796528215198786,0.22189875128666342
3687,0.495795,41,197,41,381296,224314,43971,63985,2.0778280040016304,0.22193972230219322
3688,0.495796,23,146,23,381442,224168,43994,63962,2.076475601170847,0.22199007392496442
3689,0.495797,42,236,42,381678,223932,44036,63920,2.0742895253621847,0.22205855787001655
3690,0.495798,48,248,48,381926,223684,44084,63872,2.0719922931564714,0.2221202131063167
3691,0.495799,28,152,28,382078,223532,44112,63844,2.070584312127163,0.22216190635265298
3692,0.4958,30,224,30,382302,223308,44142,63814,2.068509392715551,0.22225395476487347
3693,0.495801,32,154,32,382456,223154,44174,63782,2.0670828856200676,0.22228650291354168
3694,0.495802,20,100,20,382556,223054,44194,63762,2.066156582311312,0.2223097735133326
3695,0.495803,31,202,31,382758,222852,44225,63731,2.064285449627626,0.22238234647554112
3696,0.495804,18,103,18,382861,222749,44243,63713,2.063331357219608,0.2224134440170075
3697,0.495805,62,295,62,383156,222454,44305,63651,2.0605987624587794,0.22247426644064242
3698,0.495806,7,69,7,383225,222385,44312,63644,2.0599596131757383,0.22250890643955684
3699,0.495807,24,171,24,383396,222214,44336,63620,2.0583756345177666,0.2225767403457951
3700,0.495808,21,120,21,383516,222094,44357,63599,2.05726407054726,0.22261308467480828
3701,0.495809,39,203,39,383719,221891,44396,63560,2.0553836748304866,0.2226651859688703
3702,0.49581,25,169,25,383888,221722,44421,63535,2.05381822223869,0.22272897772885503
3703,0.495811,21,111,21,383999,221611,44442,63514,2.0527900255659715,0.2227584392810171
3704,0.495812,36,140,36,384139,221471,44478,63478,2.051493200933714,0.22276968861094443
3705,0.495813,31,110,31,384249,221361,44509,63447,2.0504742672940828,0.22277113002443752
3706,0.495814,29,161,29,384410,221200,44538,63418,2.0489829189669866,0.2228179524836799
3707,0.495815,33,204,33,384614,220996,44571,63385,2.0470932602171255,0.22288760500877344
3708,0.495816,37,269,37,384883,220727,44608,63348,2.0446015043165735,0.22299744785708
3709,0.495817,54,330,54,385213,220397,44662,63294,2.0415447033976806,0.22310894600110684
3710,0.495818,37,164,37,385377,220233,44699,63257,2.040025565971322,0.22313661857561112
3711,0.495819,33,180,33,385557,220053,44732,63224,2.038358220015562,0.22318790441864322
3712,0.49582,34,214,34,385771,219839,44766,63190,2.0363759309348253,0.22326334050574323
3713,0.495821,49,301,49,386072,219538,44815,63141,2.0335877579754715,0.22336643330420725
3714,0.495822,31,205,31,386277,219333,44846,63110,2.0316888361925227,0.22344331422623326
3715,0.495823,46,270,46,386547,219063,44892,63064,2.029187817258883,0.22353053766566122
3716,0.495824,51,270,51,386817,218793,44943,63013,2.0266867983252435,0.22360418160010787
3717,0.495825,44,153,44,386970,218640,44987,62969,2.025269554262848,0.22360435923567784
3718,0.495826,34,216,34,387186,218424,45021,62935,2.0232687391159363,0.22368219960975125
3719,0.495827,14,134,14,387320,218290,45035,62921,2.022027492682204,0.2237501377968856
3720,0.495828,31,91,31,387411,218199,45066,62890,2.0211845566712365,0.2237369658720192
3721,0.495829,34,237,34,387648,217962,45100,62856,2.018989217829486,0.22383180565348376
3722,0.49583,26,107,26,387755,217855,45126,62830,2.017998073289118,0.2238452357625096
3723,0.495831,21,128,21,387883,217727,45147,62809,2.0168124050539107,0.22388926911341148
3724,0.495832,36,207,36,388090,217520,45183,62773,2.014894957204787,0.22395493287381418
3725,0.495833,43,265,43,388355,217255,45226,62730,2.0124402534365853,0.22404771684197367
3726,0.495834,56,256,56,388611,216999,45282,62674,2.0100689169661714,0.22409742806777916
3727,0.495835,43,267,43,388878,216732,45325,62631,2.0075956871317944,0.2241921800667948
3728,0.495836,41,254,41,389132,216478,45366,62590,2.005242876727556,0.22428225378760733
3729,0.495837,20,123,20,389255,216355,45386,62570,2.0041035236577867,0.22432553553822712
3730,0.495838,44,221,44,389476,216134,45430,62526,2.002056393345437,0.22438096605181942
3731,0.495839,41,177,41,389653,215957,45471,62485,2.00041683648894,0.22440939226122497
3732,0.49584,32,134,32,389787,215823,45503,62453,1.9991755900552077,0.22442826546306544
3733,0.495841,18,114,18,389901,215709,45521,62435,1.9981196042832265,0.22447005867464334
3734,0.495842,35,159,35,390060,215550,45556,62400,1.9966467820223053,0.22450080949811116
3735,0.495843,30,174,30,390234,215376,45586,62370,1.995035014265071,0.22455768939966733
3736,0.495844,35,208,35,390442,215168,45621,62335,1.9931083033828596,0.2246282022176337
3737,0.495845,30,168,30,390610,215000,45651,62305,1.9915521138241505,0.22468040605109896
3738,0.495846,29,98,29,390708,214902,45680,62276,1.9906443365815703,0.22467872630583957
3739,0.495847,29,188,29,390896,214714,45709,62247,1.98890288636111,0.224750055061904
3740,0.495848,42,164,42,391060,214550,45751,62205,1.9873837489347512,0.2247655868909324
3741,0.495849,30,195,30,391255,214355,45781,62175,1.985577457482678,0.2248399811955303
3742,0.49585,41,117,41,391372,214238,45822,62134,1.9844936826114343,0.22482016991591044
3743,0.495851,18,163,18,391535,214075,45840,62116,1.982983808218163,0.22490233208178398
3744,0.495852,55,255,55,391790,213820,45895,62061,1.9806217347808366,0.22495568741595107
3745,0.495853,23,138,23,391928,213682,45918,62038,1.9793434362147542,0.22500362686783693
3746,0.495854,39,198,39,392126,213484,45957,61999,1.9775093556634185,0.22505562956697872
3747,0.495855,22,157,22,392283,213327,45979,61977,1.9760550594686723,0.22512204690088047
3748,0.495856,50,282,50,392565,213045,46029,61927,1.973442884137982,0.22521202158765255
3749,0.495857,46,222,46,392787,212823,46075,61881,1.9713864907925451,0.22526428446618907
3750,0.495858,35,175,35,392962,212648,46110,61846,1.9697654600022232,0.22530911422471894
3751,0.495859,19,97,19,393059,212551,46129,61827,1.9688669457927304,0.2253351216205381
3752,0.49586,21,144,21,393203,212407,46150,61806,1.9675330690281225,0.22539412792245445
3753,0.495861,26,174,26,393377,212233,46176,61780,1.965921301270888,0.2254637553692708
3754,0.495862,52,341,52,393718,211892,46228,61728,1.9627626069880322,0.22559754403917842
3755,0.495863,26,189,26,393907,211703,46254,61702,1.9610118937344845,0.22567985223386552
3756,0.495864,36,212,36,394119,211491,46290,61666,1.959048130719923,0.22575295526016173
3757,0.495865,40,232,40,394351,211259,46330,61626,1.9568991070436104,0.2258313941770343
3758,0.495866,35,173,35,394524,211086,46365,61591,1.9552966023194636,0.22587530301418896
3759,0.495867,24,114,24,394638,210972,46389,61567,1.9542406165474824,0.22590161408092052
3760,0.495868,20,136,20,394774,210836,46409,61547,1.9529808440475749,0.22595756710220535
3761,0.495869,30,122,30,394896,210714,46439,61517,1.9518507540108934,0.22597352983311966
3762,0.49587,38,217,38,395113,210497,46477,61479,1.9498406758308942,0.2260456805012207
3763,0.495871,14,99,14,395212,210398,46491,61465,1.9489236355552262,0.22608813998227048
3764,0.495872,36,189,36,395401,210209,46527,61429,1.9471729223016785,0.22614288133471752
3765,0.495873,39,190,39,395591,210019,46566,61390,1.945412946015043,0.2261899936995457
3766,0.495874,18,99,18,395690,209920,46584,61372,1.9444959057393754,0.22622119340046887
3767,0.495875,39,156,39,395846,209764,46623,61333,1.943050872577717,0.22624005429790814
3768,0.495876,26,171,26,396017,209593,46649,61307,1.941466893919745,0.22630860095976374
3769,0.495877,26,134,26,396151,209459,46675,61281,1.940225647486013,0.22634631011302356
3770,0.495878,33,167,33,396318,209292,46708,61248,1.9386787209603913,0.22639166112220005
3771,0.495879,40,230,40,396548,209062,46748,61208,1.9365482233502538,0.22646982646982647
3772,0.49588,40,189,40,396737,208873,46788,61168,1.934797510096706,0.22651375161549542
3773,0.495881,33,175,33,396912,208698,46821,61135,1.9331764793063841,0.22656606123046477
3774,0.495882,29,106,29,397018,208592,46850,61106,1.9321945977991033,0.22657194343302509
3775,0.495883,28,135,28,397153,208457,46878,61078,1.9309440883322835,0.2266050791177398
3776,0.495884,43,229,43,397382,208228,46921,61035,1.9288228537552337,0.22667429242042167
3777,0.495885,29,165,29,397547,208063,46950,61006,1.9272944532957872,0.2267299465936247
3778,0.495886,73,383,73,397930,207680,47023,60933,1.9237467116232538,0.22684307907658974
3779,0.495887,55,265,55,398195,207415,47078,60878,1.9212920078550522,0.22690864092615162
3780,0.495888,27,176,27,398371,207239,47105,60851,1.9196617140316425,0.22697974560781828
3781,0.495889,23,141,23,398512,207098,47128,60828,1.9183556263662973,0.2270328374252592
3782,0.49589,23,129,23,398641,206969,47151,60805,1.917160695098003,0.22707581766713722
3783,0.495891,23,110,23,398751,206859,47174,60782,1.916141761458372,0.2271027234242885
3784,0.495892,42,189,42,398940,206670,47216,60740,1.914391048204824,0.22714184211510416
3785,0.495893,29,190,29,399130,206480,47245,60711,1.912631071918189,0.2272194796980437
3786,0.495894,53,165,53,399295,206315,47298,60658,1.9111026714587425,0.227206496537103
3787,0.495895,42,207,42,399502,206108,47340,60616,1.9091852236096187,0.22726113885514615
3788,0.495896,30,157,30,399659,205951,47370,60586,1.9077309274148728,0.22730802852887216
3789,0.495897,51,198,51,399857,205753,47421,60535,1.9058968468635369,0.22732905726131106
3790,0.495898,22,158,22,400015,205595,47443,60513,1.9044332876357035,0.22740015332120794
3791,0.495899,48,248,48,400263,205347,47491,60465,1.90213605542999,0.22747280032504175
3792,0.4959,32,129,32,400392,205218,47523,60433,1.9009411241616956,0.22749020331186406
3793,0.495901,31,149,31,400541,205069,47554,60402,1.89956093223165,0.2275276772227475
3794,0.495902,24,177,24,400718,204892,47578,60378,1.897921375375153,0.2276096053077996
3795,0.495903,26,117,26,400835,204775,47604,60352,1.896837600503909,0.2276343035601806
3796,0.495904,21,126,21,400961,204649,47625,60331,1.8956704583348771,0.22768133444033511
3797,0.495905,20,82,20,401043,204567,47645,60311,1.8949108896216977,0.22769350417928252
3798,0.495906,32,189,32,401232,204378,47677,60279,1.89316017636815,0.227762726850225
3799,0.495907,18,124,18,401356,204254,47695,60261,1.8920115602652932,0.2278169479991683
3800,0.495908,29,153,29,401509,204101,47724,60232,1.8905943162028975,0.22786409566720764
3801,0.495909,34,167,34,401676,203934,47758,60198,1.889047389677276,0.22790877288628414
3802,0.49591,24,209,24,401885,203725,47782,60174,1.887111415761977,0.2280190527436633
3803,0.495911,22,157,22,402042,203568,47804,60152,1.8856571195672311,0.22809039890793265
3804,0.495912,10,68,10,402110,203500,47814,60142,1.8850272333172775,0.22811995053898848
3805,0.495913,46,199,46,402309,203301,47860,60096,1.883183889732854,0.2281574960990444
3806,0.495914,39,161,39,402470,203140,47899,60057,1.881692541405758,0.22818269205196107
3807,0.495915,49,276,49,402746,202864,47948,60008,1.8791359442735929,0.2282784016555586
3808,0.495916,26,129,26,402875,202735,47974,59982,1.8779410130052985,0.22831411747241329
3809,0.495917,26,133,26,403008,202602,48000,59956,1.8767090296046538,0.22835335430647705
3810,0.495918,72,245,72,403253,202357,48072,59884,1.874439586498203,0.22835483391231728
3811,0.495919,30,215,30,403468,202142,48102,59854,1.8724480343843788,0.22845386952472557
3812,0.49592,29,215,29,403683,201927,48131,59825,1.8704564822705547,0.22855603777621566
3813,0.495921,16,96,16,403779,201831,48147,59809,1.8695672310941496,0.22859272282525608
3814,0.495922,32,185,32,403964,201646,48179,59777,1.867853569972952,0.228660064340169
3815,0.495923,42,266,42,404230,201380,48221,59735,1.8653896031716626,0.22876893322865405
3816,0.495924,49,213,49,404443,201167,48270,59686,1.8634165771240134,0.2288108628231226
3817,0.495925,47,232,47,404675,200935,48317,59639,1.861267553447701,0.22887548258843937
3818,0.495926,29,205,29,404880,200730,48346,59610,1.8593686316647524,0.2289698087116847
3819,0.495927,44,248,44,405128,200482,48390,59566,1.8570713994590389,0.22905771242232204
3820,0.495928,27,158,27,405286,200324,48417,59539,1.8556078402312053,0.22911688081796946
3821,0.495929,24,150,24,405436,200174,48441,59515,1.8542183852680723,0.22917797827401237
3822,0.49593,36,220,36,405656,199954,48477,59479,1.8521805179888102,0.22926535945696963
3823,0.495931,14,69,14,405725,199885,48491,59465,1.851541368705769,0.2292847503373819
3824,0.495932,34,163,34,405888,199722,48525,59431,1.8500314943124976,0.22932784879974377
3825,0.495933,46,180,46,406068,199542,48571,59385,1.848364148356738,0.22935035743665202
3826,0.495934,32,135,32,406203,199407,48603,59353,1.847113638889918,0.22937471015612923
3827,0.495935,45,165,45,406368,199242,48648,59308,1.8455852384304716,0.22938696577064396
3828,0.495936,24,116,24,406484,199126,48672,59284,1.8445107265923153,0.2294183661623002
3829,0.495937,29,148,29,406632,198978,48701,59255,1.8431397976953574,0.22946331413878165
3830,0.495938,19,91,19,406723,198887,48720,59236,1.84229686168439,0.22948749239703553
3831,0.495939,46,153,46,406876,198734,48766,59190,1.8408796176219941,0.2294862052387525
3832,0.49594,28,187,28,407063,198547,48794,59162,1.8391474304346216,0.22956901000741145
3833,0.495941,31,129,31,407192,198418,48825,59131,1.837952499166327,0.22959126224524265
3834,0.495942,36,162,36,407354,198256,48861,59095,1.8364518878061433,0.22962801776561972
3835,0.495943,42,143,42,407497,198113,48903,59053,1.835127274074623,0.22962988886555766
3836,0.495944,27,157,27,407654,197956,48930,59026,1.833672977879877,0.2296892389350227
3837,0.495945,29,201,29,407855,197755,48959,58997,1.8318111082292785,0.2297820464884402
3838,0.495946,30,128,30,407983,197627,48989,58967,1.8306254399940716,0.22980662057569545
3839,0.495947,40,164,40,408147,197463,49029,58927,1.8291063025677128,0.22983345684309062
3840,0.495948,38,171,38,408318,197292,49067,58889,1.827522323909741,0.22987262911769413
3841,0.495949,28,160,28,408478,197132,49095,58861,1.8260402386157324,0.2299320684549968
3842,0.49595,27,157,27,408635,196975,49122,58834,1.8245859424209863,0.22999190802512812
3843,0.495951,23,140,23,408775,196835,49145,58811,1.8232891177887287,0.2300485828059113
3844,0.495952,104,386,104,409161,196449,49249,58707,1.8197135870169328,0.23008277289187792
3845,0.495953,22,130,22,409291,196319,49271,58685,1.8185093927155507,0.23013364496243197
3846,0.495954,18,119,18,409410,196200,49289,58667,1.8174070917781318,0.23018672484079933
3847,0.495955,31,147,31,409557,196053,49320,58636,1.8160454259142613,0.23022588333222085
3848,0.495956,24,101,24,409658,195952,49344,58612,1.8151098595724184,0.23024465360380886
3849,0.495957,42,149,42,409807,195803,49386,58570,1.8137296676423729,0.23025242458908768
3850,0.495958,21,90,21,409897,195713,49407,58549,1.812895994664493,0.23027035105521076
3851,0.495959,19,135,19,410032,195578,49426,58530,1.811645485197673,0.23033513309301556
3852,0.49596,37,274,37,410306,195304,49463,58493,1.8091074141316832,0.23047159737900763
3853,0.495961,22,80,22,410386,195224,49485,58471,1.808366371484679,0.2304775419302706
3854,0.495962,27,94,27,410480,195130,49512,58444,1.807495646374449,0.23048104300914132
3855,0.495963,26,196,26,410676,194934,49538,58418,1.8056800918892881,0.23058037828791564
3856,0.495964,47,211,47,410887,194723,49585,58371,1.8037255919078143,0.2306297265047769
3857,0.495965,34,124,34,411011,194599,49619,58337,1.8025769758049577,0.23063937122434133
3858,0.495966,28,140,28,411151,194459,49647,58309,1.8012801511727,0.23068189011267248
3859,0.495967,34,201,34,411352,194258,49681,58275,1.7994182815221016,0.23076192022428751
3860,0.495968,26,145,26,411497,194113,49707,58249,1.7980751417244063,0.23081525744763476
3861,0.495969,34,131,34,411628,193982,49741,58215,1.7968616843899365,0.2308314531893718
3862,0.49597,25,129,25,411757,193853,49766,58190,1.7956667531216421,0.23087330336490203
3863,0.495971,46,194,46,411951,193659,49812,58144,1.7938697247026567,0.2309106722318638
3864,0.495972,41,190,41,412141,193469,49853,58103,1.7921097484160213,0.23095972524764283
3865,0.495973,24,151,24,412292,193318,49877,58079,1.7907110304198006,0.2310250321205106
3866,0.495974,29,170,29,412462,193148,49906,58050,1.7891363147949164,0.23109260424047962
3867,0.495975,28,187,28,412649,192961,49934,58022,1.7874041276075439,0.23117900415565995
3868,0.495976,43,180,43,412829,192781,49977,57979,1.785736781651784,0.23121311213909715
3869,0.495977,30,195,30,413024,192586,50007,57949,1.783930490199711,0.23130101582613208
3870,0.495978,62,237,62,413261,192349,50069,57887,1.7817351513579607,0.23132962483415656
3871,0.495979,26,113,26,413374,192236,50095,57861,1.780688428619067,0.2313542345569919
3872,0.49598,22,127,22,413501,192109,50117,57839,1.7795120234169477,0.23140413205946836
3873,0.495981,38,171,38,413672,191938,50155,57801,1.7779280447589758,0.23144562923692336
3874,0.495982,20,75,20,413747,191863,50175,57781,1.7772333172774093,0.23145358991203474
3875,0.495983,33,164,33,413911,191699,50208,57748,1.7757141798510505,0.23150408704053366
3876,0.495984,24,138,24,414049,191561,50232,57724,1.7744358812849679,0.2315582566139158
3877,0.495985,30,116,30,414165,191445,50262,57694,1.7733613694468118,0.23157353926924326
3878,0.495986,28,167,28,414332,191278,50290,57666,1.7718144429211902,0.2316424577415001
3879,0.495987,24,104,24,414436,191174,50314,57642,1.7708510874800845,0.23166516622725228
3880,0.495988,40,199,40,414635,190975,50354,57602,1.7690077438956613,0.231726990027235
3881,0.495989,40,217,40,414852,190758,50394,57562,1.7669976657156619,0.23180573453608247
3882,0.49599,32,146,32,414998,190612,50426,57530,1.765645262884879,0.23184305760411378
3883,0.495991,43,213,43,415211,190399,50469,57487,1.76367223683723,0.23190902269591668
3884,0.495992,36,133,36,415344,190266,50505,57451,1.7624402534365853,0.23192191089024977
3885,0.495993,35,148,35,415492,190118,50540,57416,1.7610693245396272,0.2319519742742411
3886,0.495994,15,86,15,415578,190032,50555,57401,1.7602727036940975,0.2319860325825577
3887,0.495995,21,101,21,415679,189931,50576,57380,1.7593371373522546,0.23201555935643783
3888,0.495996,22,84,22,415763,189847,50598,57358,1.7585590425729,0.23202605125300862
3889,0.495997,61,295,61,416058,189552,50659,57297,1.7558264478120715,0.2321135593014353
3890,0.495998,40,210,40,416268,189342,50699,57257,1.7538812108636852,0.2321866674236311
3891,0.495999,20,109,20,416377,189233,50719,57237,1.7528715402571418,0.2322270458879377
3892,0.496,29,160,29,416537,189073,50748,57208,1.751389454963133,0.23228750898364064
3893,0.496001,18,67,18,416604,189006,50766,57190,1.750768831746267,0.2322945945506832
3894,0.496002,22,110,22,416714,188896,50788,57168,1.749749898106636,0.23232980037713766
3895,0.496003,20,87,20,416801,188809,50808,57148,1.7489440142280188,0.23234955703639254
3896,0.496004,33,136,33,416937,188673,50841,57115,1.7476842417281115,0.23237505492538285
3897,0.496005,50,185,50,417122,188488,50891,57065,1.745970580606914,0.23239382129316277
3898,0.496006,33,92,33,417214,188396,50924,57032,1.745118381562859,0.23237772381309385
3899,0.496007,32,140,32,417354,188256,50956,57000,1.7438215569306013,0.2324102162638223
3900,0.496008,25,79,25,417433,188177,50981,56975,1.7430897773166847,0.23240683331157813
3901,0.496009,57,232,57,417665,187945,51038,56918,1.740940753640372,0.23244834866843908
3902,0.49601,31,105,31,417770,187840,51069,56887,1.7399681351661789,0.23245085339991092
3903,0.496011,35,98,35,417868,187742,51104,56852,1.7390603579235986,0.23243415619352886
3904,0.496012,23,136,23,418004,187606,51127,56829,1.737800585423691,0.23249125534395648
3905,0.496013,38,190,38,418194,187416,51165,56791,1.736040609137056,0.2325527114292383
3906,0.496014,49,262,49,418456,187154,51214,56742,1.7336136944681166,0.23264834191622658
3907,0.496015,43,187,43,418643,186967,51257,56699,1.731881507280744,0.23269147111209607
3908,0.496016,29,144,29,418787,186823,51286,56670,1.7305476305161362,0.23273769677157044
3909,0.496017,44,158,44,418945,186665,51330,56626,1.7290840712883027,0.2327500811785064
3910,0.496018,19,140,19,419085,186525,51349,56607,1.727787246656045,0.23282414490893835
3911,0.496019,29,178,29,419263,186347,51378,56578,1.7261384267664603,0.23290315941134096
3912,0.49602,41,173,41,419436,186174,51419,56537,1.7245359220423135,0.23293958658651648
3913,0.496021,57,212,57,419648,185962,51476,56480,1.722572159027752,0.23296293546497718
3914,0.496022,19,79,19,419727,185883,51495,56461,1.7218403794138353,0.23297874096325885
3915,0.496023,36,138,36,419865,185745,51531,56425,1.7205620808477529,0.23299748110831234
3916,0.496024,35,139,35,420004,185606,51566,56390,1.7192745192485828,0.23302038050215707
3917,0.496025,33,191,33,420195,185415,51599,56357,1.71750527992886,0.23309977995797693
3918,0.496026,27,82,27,420277,185333,51626,56330,1.7167457112156805,0.23309319175877152
3919,0.496027,21,160,21,420437,185173,51647,56309,1.7152636259216718,0.23318094102251927
3920,0.496028,37,223,37,420660,184950,51684,56272,1.7131979695431472,0.23327888832693536
3921,0.496029,46,235,46,420895,184715,51730,56226,1.711021156767572,0.2333600341992438
3922,0.49603,29,138,29,421033,184577,51759,56197,1.7097428582014895,0.23340144700009138
3923,0.496031,23,119,23,421152,184458,51782,56174,1.7086405572640706,0.2334435985238871
3924,0.496032,30,113,30,421265,184345,51812,56144,1.7075938345251769,0.23345766334426937
3925,0.496033,35,184,35,421449,184161,51847,56109,1.705889436437067,0.23352478461730553
3926,0.496034,35,207,35,421656,183954,51882,56074,1.7039719885879432,0.23361441165197394
3927,0.496035,49,258,49,421914,183696,51931,56025,1.7015821260513542,0.2337091869298059
3928,0.496036,11,93,11,422007,183603,51942,56014,1.7007206639742116,0.23376471619292455
3929,0.496037,26,123,26,422130,183480,51968,55988,1.6995813109044426,0.23380159353233
3930,0.496038,17,85,17,422215,183395,51985,55971,1.6987939530920004,0.23383020144882732
3931,0.496039,31,155,31,422370,183240,52016,55940,1.6973581829634294,0.2338824316414416
3932,0.49604,62,235,62,422605,183005,52078,55878,1.6951813701878544,0.23391367322078171
3933,0.496041,35,206,35,422811,182799,52113,55843,1.6932731853718181,0.23400323497121212
3934,0.496042,22,149,22,422960,182650,52135,55821,1.6918929934417726,0.23407877687433692
3935,0.496043,39,154,39,423114,182496,52174,55782,1.6904664863462893,0.23410470123133484
3936,0.496044,47,192,47,423306,182304,52221,55735,1.6886879839934787,0.2341423044123022
3937,0.496045,25,95,25,423401,182209,52246,55710,1.6878079958501613,0.23415532176917353
3938,0.496046,27,135,27,423536,182074,52273,55683,1.6865574863833415,0.23420130637583753
3939,0.496047,26,104,26,423640,181970,52299,55657,1.6855941309422358,0.23422001708560053
3940,0.496048,30,98,30,423738,181872,52329,55627,1.6846863536996555,0.23421993355761497
3941,0.496049,31,112,31,423850,181760,52360,55596,1.6836488939938494,0.2342304386659701
3942,0.49605,39,150,39,424000,181610,52399,55557,1.6822594390307162,0.23425265741017934
3943,0.496051,59,215,59,424215,181395,52458,55498,1.680267886916892,0.2342745458920272
3944,0.496052,48,235,48,424450,181160,52506,55450,1.6780910741413169,0.23435188707155236
3945,0.496053,58,199,58,424649,180961,52564,55392,1.6762477305568935,0.23436131548996628
3946,0.496054,30,264,30,424913,180697,52594,55362,1.6738022898217793,0.23452611423415332
3947,0.496055,40,211,40,425124,180486,52634,55322,1.6718477898403052,0.23460612023341024
3948,0.496056,32,146,32,425270,180340,52666,55290,1.6704953870095225,0.23464754063574247
3949,0.496057,22,146,22,425416,180194,52688,55268,1.6691429841787395,0.23472152619106268
3950,0.496058,38,198,38,425614,179996,52726,55230,1.6673089036274038,0.2347954732895173
3951,0.496059,26,111,26,425725,179885,52752,55204,1.6662807069546852,0.23482170582205036
3952,0.49606,25,110,25,425835,179775,52777,55179,1.6652617733150543,0.23485022600168542
3953,0.496061,21,95,21,425930,179680,52798,55158,1.6643817851717366,0.23487680869365266
3954,0.496062,15,110,15,426040,179570,52813,55143,1.6633628515321057,0.23493798809610034
3955,0.496063,19,104,19,426144,179466,52832,55124,1.662399496091,0.23498017818321326
3956,0.496064,33,194,33,426338,179272,52865,55091,1.6606024676720146,0.23506696876213395
3957,0.496065,21,162,21,426500,179110,52886,55070,1.6591018563118307,0.2351609872747459
3958,0.496066,43,148,43,426648,178962,52929,55027,1.6577309274148728,0.23516917461931972
3959,0.496067,27,139,27,426787,178823,52956,55000,1.6564433658157027,0.23522065836123907
3960,0.496068,21,88,21,426875,178735,52977,54979,1.655628218903998,0.23524050762898244
3961,0.496069,23,147,23,427022,178588,53000,54956,1.6542665530401275,0.23531326002808892
3962,0.49607,21,72,21,427094,178516,53021,54935,1.6535996146578236,0.23531704726045294
3963,0.496071,25,117,25,427211,178399,53046,54910,1.6525158397865798,0.2353531153963199
3964,0.496072,15,90,15,427301,178309,53061,54895,1.6516821668086998,0.2353947616678959
3965,0.496073,23,125,23,427426,178184,53084,54872,1.6505242876727555,0.2354455581491144
3966,0.496074,45,159,45,427585,178025,53129,54827,1.6490514654118344,0.2354585745452047
3967,0.496075,32,235,32,427820,177790,53161,54795,1.6468746526362592,0.2355912892060967
3968,0.496076,32,190,32,428010,177600,53193,54763,1.6451146763496238,0.23567865796189583
3969,0.496077,56,263,56,428273,177337,53249,54707,1.642678498647597,0.23576132112875145
3970,0.496078,35,119,35,428392,177218,53284,54672,1.6415761977101782,0.23576695847168916
3971,0.496079,22,129,22,428521,177089,53306,54650,1.6403812664418838,0.23582564868235387
3972,0.49608,27,112,27,428633,176977,53333,54623,1.6393438067360777,0.23585060449050085
3973,0.496081,60,294,60,428927,176683,53393,54563,1.6366204750083366,0.23595218944327687
3974,0.496082,37,199,37,429126,176484,53430,54526,1.6347771314239135,0.23603307216137828
3975,0.496083,29,154,29,429280,176330,53459,54497,1.6333506243284301,0.2360945643273967
3976,0.496084,9,67,9,429347,176263,53468,54488,1.632730001111564,0.2361333211990414
3977,0.496085,26,128,26,429475,176135,53494,54462,1.631544332876357,0.23617826771380374
3978,0.496086,41,163,41,429638,175972,53535,54421,1.6300344584830857,0.23620943344632866
3979,0.496087,17,94,17,429732,175878,53552,54404,1.6291637333728557,0.23624946804352923
3980,0.496088,54,231,54,429963,175647,53606,54350,1.6270239727296305,0.2363074300969143
3981,0.496089,14,69,14,430032,175578,53620,54336,1.6263848234465894,0.23633184582061117
3982,0.49609,16,71,16,430103,175507,53636,54320,1.625727148097373,0.23635169061946595
3983,0.496091,31,214,31,430317,175293,53667,54289,1.6237448590166363,0.23646888693364462
3984,0.496092,25,128,25,430445,175165,53692,54264,1.6225591907814294,0.23651761547145303
3985,0.496093,36,197,36,430642,174968,53728,54228,1.6207343732631814,0.23660098780083422
3986,0.496094,37,213,37,430855,174755,53765,54191,1.6187613472155322,0.23669773658417267
3987,0.496095,18,84,18,430939,174671,53783,54173,1.6179832524361777,0.23672458093723234
3988,0.496096,41,199,41,431138,174472,53824,54132,1.6161399088517545,0.23679375688964321
3989,0.496097,38,174,38,431312,174298,53862,54094,1.61452814109452,0.23684717503240044
3990,0.496098,28,181,28,431493,174117,53890,54066,1.6128515321056727,0.23694140229552596
3991,0.496099,16,119,16,431612,173998,53906,54050,1.6117492311682537,0.23701150634954044
3992,0.4961,24,106,24,431718,173892,53930,54026,1.610767349660973,0.2370413920796076
3993,0.496101,21,129,21,431847,173763,53951,54005,1.6095724183926785,0.2371053001299568
3994,0.496102,28,136,28,431983,173627,53979,53977,1.6083126458927712,0.23715312560411944
3995,0.496103,40,221,40,432204,173406,54019,53937,1.6062655155804217,0.23724944247238755
3996,0.496104,29,121,29,432325,173285,54048,53908,1.6051446885768277,0.23727843727579634
3997,0.496105,21,171,21,432496,173114,54069,53887,1.6035607099188558,0.2373866194422051
3998,0.496106,32,130,32,432626,172984,54101,53855,1.6023565156174737,0.2374150829442909
3999,0.496107,34,195,34,432821,172789,54135,53821,1.6005502241654008,0.23750496447641323
4000,0.496108,26,109,26,432930,172680,54161,53795,1.5995405535588574,0.23753173639474556
4001,0.496109,24,81,24,433011,172599,54185,53771,1.5987902478787654,0.23753589256526925
4002,0.49611,50,189,50,433200,172410,54235,53721,1.5970395346252177,0.2375658357323852
4003,0.496111,44,163,44,433363,172247,54279,53677,1.5955296602319464,0.23758874665816823
4004,0.496112,37,136,37,433499,172111,54316,53640,1.594269887732039,0.2376069208995752
4005,0.496113,24,114,24,433613,171997,54340,53616,1.5932139019600577,0.23764588033490977
4006,0.496114,24,123,24,433736,171874,54364,53592,1.5920745488902885,0.2376943752051307
4007,0.496115,44,220,44,433956,171654,54408,53548,1.5900366816110267,0.23777763963019866
4008,0.496116,44,203,44,434159,171451,54452,53504,1.5881562858942533,0.23784312418039164
4009,0.496117,24,107,24,434266,171344,54476,53480,1.587165141353885,0.23787495996868663
4010,0.496118,26,127,26,434393,171217,54502,53454,1.5859887361517655,0.23792122703864763
4011,0.496119,27,119,27,434512,171098,54529,53427,1.5848864352143466,0.23795568422224697
4012,0.49612,25,117,25,434629,170981,54554,53402,1.5838026603431028,0.23799485700788384
4013,0.496121,39,149,39,434778,170832,54593,53363,1.5824224684130572,0.23802047324873435
4014,0.496122,37,136,37,434914,170696,54630,53326,1.5811626959131497,0.23803912115774345
4015,0.496123,58,259,58,435173,170437,54688,53268,1.5787635703434733,0.23811716322835877
4016,0.496124,20,104,20,435277,170333,54708,53248,1.5778002149023675,0.23815977207365563
4017,0.496125,28,168,28,435445,170165,54736,53220,1.5762440253436585,0.2382433914542158
4018,0.496126,24,87,24,435532,170078,54760,53196,1.5754381414650414,0.2382543421983751
4019,0.496127,27,101,27,435633,169977,54787,53169,1.5745025751231982,0.23827001156193703
4020,0.496128,37,166,37,435799,169811,54824,53132,1.5729649116306643,0.23832100581763052
4021,0.496129,18,113,18,435912,169698,54842,53114,1.5719181888917708,0.23838033858140495
4022,0.49613,21,122,21,436034,169576,54863,53093,1.570788098855089,0.2384391181529535
4023,0.496131,37,147,37,436181,169429,54900,53056,1.5694264329912186,0.23847000921410433
4024,0.496132,15,89,15,436270,169340,54915,53041,1.5686020230464264,0.23851408168863347
4025,0.496133,17,136,17,436406,169204,54932,53024,1.5673422505465189,0.23860179635329481
4026,0.496134,25,120,25,436526,169084,54957,52999,1.5662306865760125,0.2386450110994538
4027,0.496135,8,46,8,436572,169038,54965,52991,1.565804587053985,0.23866702097473752
4028,0.496136,29,151,29,436723,168887,54994,52962,1.5644058690577642,0.23872994694589564
4029,0.496137,28,174,28,436897,168713,55022,52934,1.5627941013005298,0.23882118864681226
4030,0.496138,26,118,26,437015,168595,55048,52908,1.5617010633961985,0.23885906737154802
4031,0.496139,12,54,12,437069,168541,55060,52896,1.5612008596094704,0.23887606858835697
4032,0.49614,31,157,31,437226,168384,55091,52865,1.5597465634147245,0.23893893305732455
4033,0.496141,23,154,23,437380,168230,55114,52842,1.5583200563192412,0.2390261996091771
4034,0.496142,24,131,24,437511,168099,55138,52818,1.5571065989847717,0.23908526731758986
4035,0.496143,26,116,26,437627,167983,55164,52792,1.5560320871466153,0.23912127731853697
4036,0.496144,77,296,77,437923,167687,55241,52715,1.5532902293526993,0.2391765954936888
4037,0.496145,56,226,56,438149,167461,55297,52659,1.551196783874912,0.23922860258041068
4038,0.496146,39,158,39,438307,167303,55336,52620,1.5497332246470785,0.23926556112821307
4039,0.496147,33,172,33,438479,167131,55369,52587,1.5481399829560192,0.23933860675957364
4040,0.496148,49,161,49,438640,166970,55418,52538,1.546648634628923,0.23934435191428102
4041,0.496149,21,85,21,438725,166885,55439,52517,1.5458612768164808,0.2393642719756429
4042,0.49615,18,113,18,438838,166772,55457,52499,1.544814554077587,0.23942518618513164
4043,0.496151,22,108,22,438946,166664,55479,52477,1.5438141465041313,0.23946682729384278
4044,0.496152,30,172,30,439118,166492,55509,52447,1.542220904813072,0.23955074244424246
4045,0.496153,9,45,9,439163,166447,55518,52438,1.541804068324132,0.23956872330219064
4046,0.496154,19,91,19,439254,166356,55537,52419,1.5409611323131647,0.2396023311621529
4047,0.496155,33,124,33,439378,166232,55570,52386,1.539812516210308,0.23962345278064937
4048,0.496156,29,132,29,439510,166100,55599,52357,1.5385897958427508,0.2396673029474908
4049,0.496157,17,78,17,439588,166022,55616,52340,1.5378672792619215,0.23969371960322766
4050,0.496158,26,142,26,439730,165880,55642,52314,1.5365519285634888,0.23975911344949907
4051,0.496159,26,75,26,439805,165805,55668,52288,1.5358572010819223,0.239750931941878
4052,0.49616,15,77,15,439882,165728,55683,52273,1.5351439475341806,0.2397833037463131
4053,0.496161,18,75,18,439957,165653,55701,52255,1.534449220052614,0.23980303614369367
4054,0.496162,35,156,35,440113,165497,55736,52220,1.5330041868909556,0.2398526527556415
4055,0.496163,28,134,28,440247,165363,55764,52192,1.5317629404572233,0.2399025533773069
4056,0.496164,26,139,26,440386,165224,55790,52166,1.5304753788580532,0.23996503979023875
4057,0.496165,26,100,26,440486,165124,55816,52140,1.5295490755492978,0.239984534943663
4058,0.496166,23,90,23,440576,165034,55839,52117,1.528715402571418,0.2400034998687549
4059,0.496167,18,94,18,440670,164940,55857,52099,1.5278446774611878,0.24004441598053805
4060,0.496168,43,188,43,440858,164752,55900,52056,1.5261032272407278,0.2401018412604701
4061,0.496169,42,188,42,441046,164564,55942,52014,1.5243617770202675,0.2401628974318721
4062,0.49617,49,237,49,441283,164327,55991,51965,1.5221664381785172,0.24025391600244114
4063,0.496171,14,59,14,441342,164268,56005,51951,1.5216199192263515,0.24027028152012542
4064,0.496172,40,113,40,441455,164155,56045,51911,1.5205731964874578,0.24025529236437015
4065,0.496173,30,118,30,441573,164037,56075,51881,1.5194801585831264,0.24028103261423317
4066,0.496174,20,105,20,441678,163932,56095,51861,1.5185075401089332,0.24032753611099525
4067,0.496175,30,147,30,441825,163785,56125,51831,1.5171458742450628,0.2403856856634016
4068,0.496176,25,117,25,441942,163668,56150,51806,1.516062099373819,0.24042807948986886
4069,0.496177,24,133,24,442075,163535,56174,51782,1.5148301159731743,0.24049192585815332
4070,0.496178,30,125,30,442200,163410,56204,51752,1.51367223683723,0.24052574339335012
4071,0.496179,25,110,25,442310,163300,56229,51727,1.512653303197599,0.24056048775270084
4072,0.49618,26,110,26,442420,163190,56255,51701,1.5116343695579681,0.2405917418598266
4073,0.496181,24,111,24,442531,163079,56279,51677,1.5106061728852496,0.24063122799828643
4074,0.496182,23,119,23,442650,162960,56302,51654,1.5095038719478306,0.24068327322541866
4075,0.496183,23,143,23,442793,162817,56325,51631,1.5081792582163103,0.24076232932925465
4076,0.496184,44,163,44,442956,162654,56369,51587,1.506669383823039,0.24078957809196186
4077,0.496185,57,204,57,443160,162450,56426,51530,1.504779725073178,0.2408168987755865
4078,0.496186,25,122,25,443282,162328,56451,51505,1.5036496350364963,0.24086553525414692
4079,0.496187,30,79,30,443361,162249,56481,51475,1.5029178554225795,0.24084800958245214
4080,0.496188,18,131,18,443492,162118,56499,51457,1.50170439808811,0.2409317569940302
4081,0.496189,31,143,31,443635,161975,56530,51426,1.5003797843565898,0.240982938224282
4082,0.49619,48,190,48,443825,161785,56578,51378,1.4986198080699544,0.24102681985147517
4083,0.496191,15,84,15,443909,161701,56593,51363,1.4978417132906,0.2410684113693538
4084,0.496192,25,136,25,444045,161565,56618,51338,1.4965819407906924,0.2411332860504549
4085,0.496193,17,119,17,444164,161446,56635,51321,1.4954796398532735,0.2412075180831614
4086,0.496194,36,141,36,444305,161305,56671,51285,1.4941735521879285,0.24123900465685122
4087,0.496195,15,93,15,444398,161212,56686,51270,1.493312090110786,0.2412910270046404
4088,0.496196,25,152,25,444550,161060,56711,51245,1.4919041090814777,0.2413744377193189
4089,0.496197,25,83,25,444633,160977,56736,51220,1.4911352773352107,0.24137947284834377
4090,0.496198,13,71,13,444704,160906,56749,51207,1.4904776019859942,0.24141377473327896
4091,0.496199,24,112,24,444816,160794,56773,51183,1.4894401422801882,0.24145544092047722
4092,0.4962,25,122,25,444938,160672,56798,51158,1.4883100522435067,0.2415049804088184
4093,0.496201,36,174,36,445112,160498,56834,51122,1.4866982844862722,0.24157452036669502
4094,0.496202,22,88,22,445200,160410,56856,51100,1.4858831375745674,0.24159614202638174
4095,0.496203,22,134,22,445334,160276,56878,51078,1.4846418911408352,0.2416703729288303
4096,0.496204,27,115,27,445449,160161,56905,51051,1.4835766423357664,0.24170501676041134
4097,0.496205,17,111,17,445560,160050,56922,51034,1.482548445663048,0.24177104849254324
4098,0.496206,26,120,26,445680,159930,56948,51008,1.4814368816925414,0.24181513051228323
4099,0.496207,29,162,29,445842,159768,56977,50979,1.4799362703323575,0.24189668180329968
4100,0.496208,23,122,23,445964,159646,57000,50956,1.478806180295676,0.2419540175306977
4101,0.496209,18,82,18,446046,159564,57018,50938,1.4780466115824966,0.24198344908836972
4102,0.49621,35,151,35,446197,159413,57053,50903,1.476647893586276,0.24203103900796896
4103,0.496211,35,139,35,446336,159274,57088,50868,1.4753603319871058,0.24206488945570137
4104,0.496212,12,119,12,446455,159155,57100,50856,1.474258031049687,0.24215874406578702
4105,0.496213,27,186,27,446641,158969,57127,50829,1.4725351068954018,0.24227590348811714
4106,0.496214,38,150,38,446791,158819,57165,50791,1.4711456519322688,0.2423119125995897
4107,0.496215,27,120,27,446911,158699,57192,50764,1.4700340879617622,0.24235306474174437
4108,0.496216,16,101,16,447012,158598,57208,50748,1.4690985216199193,0.24241208334527528
4109,0.496217,26,107,26,447119,158491,57234,50722,1.468107377079551,0.24244191326542805
4110,0.496218,25,138,25,447257,158353,57259,50697,1.4668290785134686,0.24251136091844055
4111,0.496219,24,104,24,447361,158249,57283,50673,1.4658657230723628,0.24254506466528178
4112,0.49622,21,118,21,447479,158131,57304,50652,1.4647726851680314,0.24260595929745238
4113,0.496221,13,71,13,447550,158060,57317,50639,1.4641150098188151,0.2426413159622231
4114,0.496222,34,122,34,447672,157938,57351,50605,1.4629849197821334,0.2426597871901718
4115,0.496223,12,106,12,447778,157832,57363,50593,1.4620030382748528,0.2427395945783855
4116,0.496224,59,307,59,448085,157525,57422,50534,1.4591592871169736,0.24288302837175993
4117,0.496225,23,92,23,448177,157433,57445,50511,1.4583070880729185,0.24290674412341784
4118,0.496226,36,187,36,448364,157246,57481,50475,1.456574900885546,0.24299420857785203
4119,0.496227,18,110,18,448474,157136,57499,50457,1.455555967245915,0.24305732852263803
4120,0.496228,25,76,25,448550,157060,57524,50432,1.4548519767312609,0.24305515393364563
4121,0.496229,6,62,6,448612,156998,57530,50426,1.4542776686798324,0.24310590867016352
4122,0.49623,13,106,13,448718,156892,57543,50413,1.4532957871725518,0.24318275005426787
4123,0.496231,41,130,41,448848,156762,57584,50372,1.4520915928711697,0.24318557069336758
4124,0.496232,20,74,20,448922,156688,57604,50352,1.4514061284226907,0.24319938176197836
4125,0.496233,13,64,13,448986,156624,57617,50339,1.4508132943050873,0.2432270502456961
4126,0.496234,24,148,24,449134,156476,57641,50315,1.4494423654081292,0.243313297000353
4127,0.496235,29,139,29,449273,156337,57670,50286,1.4481548038089591,0.24337077672863136
4128,0.496236,23,108,23,449381,156229,57693,50263,1.4471543962355033,0.24341378842763883
4129,0.496237,26,141,26,449522,156088,57719,50237,1.4458483085701581,0.24348479340845752
4130,0.496238,27,107,27,449629,155981,57746,50210,1.4448571640297898,0.24351208345660091
4131,0.496239,4,35,4,449664,155946,57750,50206,1.4445329578717254,0.243538748108192
4132,0.49624,30,137,30,449801,155809,57780,50176,1.4432639223387307,0.2435905527101488
4133,0.496241,11,61,11,449862,155748,57791,50165,1.4426988773203897,0.24362230650808836
4134,0.496242,23,119,23,449981,155629,57814,50142,1.4415965763829708,0.24367865248261417
4135,0.496243,7,22,7,450003,155607,57821,50135,1.4413927896550447,0.24367897658232154
4136,0.496244,24,78,24,450081,155529,57845,50111,1.4406702730742154,0.24368313557673604
4137,0.496245,16,93,16,450174,155436,57861,50095,1.4398088109970728,0.2437345217996312
4138,0.496246,31,103,31,450277,155333,57892,50064,1.4388547185890548,0.24374260578294718
4139,0.496247,41,164,41,450441,155169,57933,50023,1.437335581162696,0.24378630745838045
4140,0.496248,22,109,22,450550,155060,57955,50001,1.4363259105561526,0.24383476136369178
4141,0.496249,14,63,14,450613,154997,57969,49987,1.4357423394716367,0.2438580572142216
4142,0.49625,25,116,25,450729,154881,57994,49962,1.4346678276334803,0.2439038678402484
4143,0.496251,23,80,23,450809,154801,58017,49939,1.433926784986476,0.24391423268535703
4144,0.496252,29,146,29,450955,154655,58046,49910,1.432574382155693,0.2439811306919561
4145,0.496253,17,117,17,451072,154538,58063,49893,1.4314906072844493,0.24405789728563673
4146,0.496254,24,159,24,451231,154379,58087,49869,1.430017785023528,0.24415906153303826
4147,0.496255,16,87,16,451318,154292,58103,49853,1.429211901144911,0.2442038746969066
4148,0.496256,28,142,28,451460,154150,58131,49825,1.4278965504464782,0.2442701311435225
4149,0.496257,17,58,17,451518,154092,58148,49808,1.4273592945274,0.24427660617949976
4150,0.496258,23,102,23,451620,153990,58171,49785,1.4264144651524695,0.2443135811556864
4151,0.496259,23,116,23,451736,153874,58194,49762,1.4253399533143132,0.2443674006560726
4152,0.49626,22,71,22,451807,153803,58216,49740,1.424682277965097,0.24437096829662527
4153,0.496261,29,132,29,451939,153671,58245,49711,1.4234595575975397,0.2444218269070026
4154,0.496262,31,103,31,452042,153568,58276,49680,1.4225054651895217,0.24443044950011808
4155,0.496263,10,110,10,452152,153458,58286,49670,1.4214865315498908,0.24452561931393013
4156,0.496264,39,136,39,452288,153322,58325,49631,1.4202267590499833,0.24454430336087665
4157,0.496265,33,101,33,452389,153221,58358,49598,1.4192911927081404,0.24454316410198257
4158,0.496266,14,78,14,452467,153143,58372,49584,1.418568676127311,0.24458508240145616
4159,0.496267,21,81,21,452548,153062,58393,49563,1.4178183704472191,0.24460456508328193
4160,0.496268,15,55,15,452603,153007,58408,49548,1.4173089036274038,0.2446150428278739
4161,0.496269,16,97,16,452700,152910,58424,49532,1.416410389417911,0.2446725481866411
4162,0.49627,26,143,26,452843,152767,58450,49506,1.4150857756863908,0.2447484340470552
4163,0.496271,15,86,15,452929,152681,58465,49491,1.4142891548408612,0.2447965099024593
4164,0.496272,22,80,22,453009,152601,58487,49469,1.4135481121938567,0.24481120403820458
4165,0.496273,17,82,17,453091,152519,58504,49452,1.4127885434806773,0.2448470324947641
4166,0.496274,13,61,13,453152,152458,58517,49439,1.4122234984623365,0.24487238542425097
4167,0.496275,33,129,33,453281,152329,58550,49406,1.4110285671940421,0.24490544526234911
4168,0.496276,15,78,15,453359,152251,58565,49391,1.4103060506132128,0.2449440096805229
4169,0.496277,18,111,18,453470,152140,58583,49373,1.4092778539404942,0.24501148809257964
4170,0.496278,38,206,38,453676,151934,58621,49335,1.4073696691244582,0.2451197154057505
4171,0.496279,16,135,16,453811,151799,58637,49319,1.4061191596576383,0.24522419674022217
4172,0.49628,9,82,9,453893,151717,58646,49310,1.405359590944459,0.24529043362334413
4173,0.496281,5,46,5,453939,151671,58651,49305,1.4049334914224314,0.2453278003343683
4174,0.496282,9,32,9,453971,151639,58660,49296,1.4046370743636296,0.2453330679075323
4175,0.496283,18,88,18,454059,151551,58678,49278,1.4038219274519248,0.24537292920843104
4176,0.496284,18,85,18,454144,151466,58696,49260,1.4030345696394828,0.24540916473202276
4177,0.496285,19,118,19,454262,151348,58715,49241,1.4019415317351513,0.24548205534700307
4178,0.496286,17,81,17,454343,151267,58732,49224,1.4011912260550594,0.24551725513863465
4179,0.496287,31,133,31,454476,151134,58763,49193,1.3999592426544147,0.2455635036714971
4180,0.496288,17,105,17,454581,151029,58780,49176,1.3989866241802216,0.24562823106316026
4181,0.496289,41,235,41,454816,150794,58821,49135,1.3968098114046463,0.245762245597187
4182,0.49629,15,95,15,454911,150699,58836,49120,1.3959298232613286,0.24582246933474794
4183,0.496291,24,78,24,454989,150621,58860,49096,1.3952073066804995,0.24582784640265976
4184,0.496292,23,87,23,455076,150534,58883,49073,1.3944014228018822,0.2458480914997971
4185,0.496293,18,104,18,455180,150430,58901,49055,1.3934380673607767,0.24590821365014914
4186,0.496294,22,90,22,455270,150340,58923,49033,1.3926043943828967,0.24593600938943588
4187,0.496295,15,59,15,455329,150281,58938,49018,1.3920578754307311,0.24595206197723019
4188,0.496296,26,122,26,455451,150159,58964,48992,1.3909277853940494,0.24600428820342354
4189,0.496297,21,76,21,455527,150083,58985,48971,1.3902237948793954,0.24601866830106403
4190,0.496298,14,108,14,455635,149975,58999,48957,1.3892233873059394,0.24609916956547967
4191,0.496299,39,122,39,455757,149853,59038,48918,1.388093297269258,0.24610229862505092
4192,0.4963,24,102,24,455859,149751,59062,48894,1.3871484678943273,0.24613758211885525
4193,0.496301,20,106,20,455965,149645,59082,48874,1.3861665863870465,0.2461930596063853
4194,0.496302,24,96,24,456061,149549,59106,48850,1.3852773352106413,0.2462209990977777
4195,0.496303,30,93,30,456154,149456,59136,48820,1.3844158731334988,0.24622243741047833
4196,0.496304,15,84,15,456238,149372,59151,48805,1.3836377783541443,0.24626974875994692
4197,0.496305,15,52,15,456290,149320,59166,48790,1.3831561006335915,0.24627732068043007
4198,0.496306,15,62,15,456352,149258,59181,48775,1.382581792582163,0.24629733428267006
4199,0.496307,15,58,15,456410,149200,59196,48760,1.382044536663085,0.24631238634067487
4200,0.496308,18,64,18,456474,149136,59214,48742,1.3814517025454816,0.24632349225280223
4201,0.496309,9,45,9,456519,149091,59223,48733,1.3810348660565415,0.24634523616952442
4202,0.49631,16,77,16,456596,149014,59239,48717,1.3803216125087998,0.2463801831781562
4203,0.496311,21,94,21,456690,148920,59260,48696,1.3794508873985698,0.246417294146223
4204,0.496312,10,45,10,456735,148875,59270,48686,1.37903405090963,0.2464352782178669
4205,0.496313,27,86,27,456821,148789,59297,48659,1.3782374300641003,0.2464395688991532
4206,0.496314,31,83,31,456904,148706,59328,48628,1.3774685983178332,0.24642484315931365
4207,0.496315,33,150,33,457054,148556,59361,48595,1.3760791433547002,0.24648619586002607
4208,0.496316,29,120,29,457174,148436,59390,48566,1.3749675793841936,0.24652541598562452
4209,0.496317,21,117,21,457291,148319,59411,48545,1.3738838045129498,0.2465915555916775
4210,0.496318,18,110,18,457401,148209,59429,48527,1.3728648708733187,0.24666049934938192
4211,0.496319,18,82,18,457483,148127,59447,48509,1.3721053021601393,0.2466943998047153
4212,0.49632,21,75,21,457558,148052,59468,48488,1.3714105746785727,0.24670804925206066
4213,0.496321,29,130,29,457688,147922,59497,48459,1.3702063803771907,0.2467601244519582
4214,0.496322,18,95,18,457783,147827,59515,48441,1.369326392233873,0.2468104836244319
4215,0.496323,31,119,31,457902,147708,59546,48410,1.368224091296454,0.2468411874483729
4216,0.496324,28,81,28,457983,147627,59574,48382,1.3674737856163621,0.24683560448754904
4217,0.496325,33,116,33,458099,147511,59607,48349,1.366399273778206,0.24685489635453894
4218,0.496326,18,98,18,458197,147413,59625,48331,1.3654914965356255,0.2469092283799248
4219,0.496327,13,51,13,458248,147362,59638,48318,1.3650190818481605,0.24692354865085855
4220,0.496328,44,187,44,458435,147175,59682,48274,1.3632868946607877,0.24699026344468378
4221,0.496329,33,104,33,458539,147071,59715,48241,1.3623235392196822,0.2469945523060539
4222,0.49633,20,70,20,458609,147001,59735,48221,1.3616751269035532,0.2470059726875045
4223,0.496331,28,106,28,458715,146895,59763,48193,1.3606932453962726,0.24703210858689412
4224,0.496332,12,46,12,458761,146849,59775,48181,1.360267145874245,0.24704404450597345
4225,0.496333,17,56,17,458817,146793,59792,48164,1.359748416021342,0.24704934934370143
4226,0.496334,30,112,30,458929,146681,59822,48134,1.358710956315536,0.24707543053666298
4227,0.496335,21,110,21,459039,146571,59843,48113,1.357692022675905,0.24713381685192415
4228,0.496336,18,100,18,459139,146471,59861,48095,1.3567657193671496,0.24719118448238644
4229,0.496337,22,69,22,459208,146402,59883,48073,1.3561265700841083,0.24719372670009
4230,0.496338,22,40,22,459248,146362,59905,48051,1.3557560487606062,0.24715939777689763
4231,0.496339,28,145,28,459393,146217,59933,48023,1.3544129089629109,0.24723537891268535
4232,0.49634,28,85,28,459478,146132,59961,47995,1.3536255511504687,0.24723505746238286
4233,0.496341,27,98,27,459576,146034,59988,47968,1.3527177739078884,0.2472551829362584
4234,0.496342,25,108,25,459684,145926,60013,47943,1.3517173663344326,0.24729585441715798
4235,0.496343,27,116,27,459800,145810,60040,47916,1.3506428544962763,0.2473390252211887
4236,0.496344,9,61,9,459861,145749,60049,47907,1.3500778094779355,0.24738195563266824
4237,0.496345,9,37,9,459898,145712,60058,47898,1.349735077253696,0.24739424616497083
4238,0.496346,30,116,30,460014,145596,60088,47868,1.3486605654155397,0.24742587768266963
4239,0.496347,41,141,41,460155,145455,60129,47827,1.3473544777501945,0.2474467358574518
4240,0.496348,12,62,12,460217,145393,60141,47815,1.3467801696987662,0.24747940043890523
4241,0.496349,42,187,42,460404,145206,60183,47773,1.3450479825113935,0.24755543349276346
4242,0.49635,19,94,19,460498,145112,60202,47754,1.3441772574011635,0.24760196198396814
4243,0.496351,16,59,16,460557,145053,60218,47738,1.3436307384489978,0.24761529324501663
4244,0.496352,24,105,24,460662,144948,60242,47714,1.3426581199748044,0.24765651763191496
4245,0.496353,20,43,20,460705,144905,60262,47694,1.3422598095520397,0.2476336844947274
4246,0.496354,16,67,16,460772,144838,60278,47678,1.3416391863351735,0.24765733757194208
4247,0.496355,29,90,29,460862,144748,60307,47649,1.3408055133572938,0.2476597867950124
4248,0.496356,14,106,14,460968,144642,60321,47635,1.339823631850013,0.24774153954971215
4249,0.496357,18,66,18,461034,144576,60339,47617,1.3392122716662345,0.24775616177488255
4250,0.496358,35,113,35,461147,144463,60374,47582,1.3381655489273407,0.24776484678070243
4251,0.496359,32,153,32,461300,144310,60406,47550,1.336748304864945,0.24783696445324715
4252,0.49636,14,54,14,461354,144256,60420,47536,1.336248101078217,0.24785183949278386
4253,0.496361,40,123,40,461477,144133,60460,47496,1.3351087480084478,0.2478539260759071
4254,0.496362,19,74,19,461551,144059,60479,47477,1.334423283559969,0.24787507309330883
4255,0.496363,34,154,34,461705,143905,60513,47443,1.3329967764644854,0.24794092438907123
4256,0.496364,16,72,16,461777,143833,60529,47427,1.3323298380821815,0.2479713479033776
4257,0.496365,11,69,11,461846,143764,60540,47416,1.3316906887991404,0.24801757506015273
4258,0.496366,21,149,21,461995,143615,60561,47395,1.3303104968690949,0.24812837024239567
4259,0.496367,36,139,36,462134,143476,60597,47359,1.3290229352699248,0.2481672649147169
4260,0.496368,30,100,30,462234,143376,60627,47329,1.3280966319611693,0.24817912482630242
4261,0.496369,23,94,23,462328,143282,60650,47306,1.3272259068509393,0.24821080026024722
4262,0.49637,28,118,28,462446,143164,60678,47278,1.3261328689466079,0.24825406160405794
4263,0.496371,15,54,15,462500,143110,60693,47263,1.32563266515988,0.24826524769794037
4264,0.496372,10,33,10,462533,143077,60703,47253,1.3253269850679907,0.24826879630116114
4265,0.496373,11,51,11,462584,143026,60714,47242,1.3248545703805255,0.24829188302814978
4266,0.496374,13,44,13,462628,142982,60727,47229,1.324446996924673,0.24829794281087844
4267,0.496375,11,36,11,462664,142946,60738,47218,1.324113527733521,0.24830146610294274
4268,0.496376,26,100,26,462764,142846,60764,47192,1.3231872244247656,0.24832928151211864
4269,0.496377,33,147,33,462911,142699,60797,47159,1.3218255585608951,0.24839090267463051
4270,0.496378,30,109,30,463020,142590,60827,47129,1.3208158879543517,0.24841476077778188
4271,0.496379,17,59,17,463079,142531,60844,47112,1.320269369002186,0.24842467161983306
4272,0.49638,50,219,50,463298,142312,60894,47062,1.3182407647560117,0.24851352350375447
4273,0.496381,20,99,20,463397,142213,60914,47042,1.3173237244803437,0.24856410662862274
4274,0.496382,15,77,15,463474,142136,60929,47027,1.316610470932602,0.24860569984616443
4275,0.496383,18,73,18,463547,142063,60947,47009,1.3159342695172107,0.24863015147668613
4276,0.496384,12,56,12,463603,142007,60959,46997,1.3154155396643077,0.24865611309813548
4277,0.496385,26,82,26,463685,141925,60985,46971,1.3146559709511283,0.24866063865830934
4278,0.496386,26,94,26,463779,141831,61011,46945,1.313785245840898,0.24868097639530448
4279,0.496387,25,115,25,463894,141716,61036,46920,1.3127199970358294,0.24873300960580164
4280,0.496388,24,126,24,464020,141590,61060,46896,1.3115528548667976,0.24880362467238945
4281,0.496389,55,218,55,464238,141372,61115,46841,1.3095335136537107,0.2488722883116469
4282,0.49639,23,103,23,464341,141269,61138,46818,1.3085794212456927,0.24891672470718337
4283,0.496391,17,66,17,464407,141203,61155,46801,1.3079680610619142,0.2489361928469607
4284,0.496392,9,43,9,464450,141160,61164,46792,1.3075697506391493,0.24895718055673788
4285,0.496393,26,99,26,464549,141061,61190,46766,1.3066527103634815,0.24898443780713103
4286,0.496394,22,97,22,464646,140964,61212,46744,1.3057541961539887,0.2490250815095787
4287,0.496395,23,134,23,464780,140830,61235,46721,1.3045129497202563,0.24911090849955478
4288,0.496396,22,67,22,464847,140763,61257,46699,1.3038923265033904,0.2491118199955191
4289,0.496397,22,149,22,464996,140614,61279,46677,1.3025121345733448,0.24922179923221083
4290,0.496398,13,33,13,465029,140581,61292,46664,1.3022064544814553,0.24921359715880265
4291,0.496399,30,67,30,465096,140514,61322,46634,1.3015858312645894,0.2491824652146964
4292,0.4964,19,82,19,465178,140432,61341,46615,1.3008262625514098,0.24921543783113334
4293,0.496401,27,135,27,465313,140297,61368,46588,1.29957575308459,0.24928699467587018
4294,0.496402,21,59,21,465372,140238,61389,46567,1.2990292341324243,0.24928133615267256
4295,0.496403,26,149,26,465521,140089,61415,46541,1.2976490422023788,0.24937577024058297
4296,0.496404,28,94,28,465615,139995,61443,46513,1.2967783170921487,0.2493887661655264
4297,0.496405,27,146,27,465761,139849,61470,46486,1.2954259142613658,0.2494754071967156
4298,0.496406,24,89,24,465850,139760,61494,46462,1.2946015043165735,0.2494979110953593
4299,0.496407,8,44,8,465894,139716,61502,46454,1.294193930860721,0.24952462802814632
4300,0.496408,12,57,12,465951,139659,61514,46442,1.2936659379747304,0.2495526622640394
4301,0.496409,14,75,14,466026,139584,61528,46428,1.2929712104931639,0.2495968002064383
4302,0.49641,12,58,12,466084,139526,61540,46416,1.2924339545740857,0.24962622753331684
4303,0.496411,19,92,19,466176,139434,61559,46397,1.2915817555300309,0.24967309006570487
4304,0.496412,20,109,20,466285,139325,61579,46377,1.2905720849234874,0.24973882887637183
4305,0.496413,13,72,13,466357,139253,61592,46364,1.2899051465411835,0.24978315563768405
4306,0.496414,8,38,8,466395,139215,61600,46356,1.2895531512838563,0.24980196259113763
4307,0.496415,24,64,24,466459,139151,61624,46332,1.288960317166253,0.24979108597553415
4308,0.496416,26,90,26,466549,139061,61650,46306,1.288126644188373,0.2498071393505856
4309,0.496417,13,71,13,466620,138990,61663,46293,1.2874689688391567,0.24985022910898463
4310,0.496418,13,73,13,466693,138917,61676,46280,1.2867927674237651,0.2498960566315869
4311,0.496419,31,164,31,466857,138753,61707,46249,1.2852736299974064,0.24999189197954616
4312,0.49642,20,78,20,466935,138675,61727,46229,1.284551113416577,0.2500162246354865
4313,0.496421,37,200,37,467135,138475,61764,46192,1.2826985067990664,0.2501367326051758
4314,0.496422,19,75,19,467210,138400,61783,46173,1.2820037793174996,0.25016118283822664
4315,0.496423,11,96,11,467306,138304,61794,46162,1.2811145281410945,0.25024665792070083
4316,0.496424,18,79,18,467385,138225,61812,46144,1.2803827485271777,0.25028068710032597
4317,0.496425,20,75,20,467460,138150,61832,46124,1.2796880210456112,0.2503011819355959
4318,0.496426,29,113,29,467573,138037,61861,46095,1.2786412983067175,0.2503367149653509
4319,0.496427,22,72,22,467645,137965,61883,46073,1.2779743599244135,0.2503450374379204
4320,0.496428,15,73,15,467718,137892,61898,46058,1.2772981585090222,0.2503832563196521
4321,0.496429,11,62,11,467780,137830,61909,46047,1.2767238504575937,0.2504228370051719
4322,0.49643,10,72,10,467852,137758,61919,46037,1.27605691207529,0.2504801545199815
4323,0.496431,30,104,30,467956,137654,61949,46007,1.2750935566341843,0.250499561692466
4324,0.496432,19,90,19,468046,137564,61968,45988,1.2742598836563044,0.2505448047419805
4325,0.496433,18,73,18,468119,137491,61986,45970,1.273583682240913,0.2505709660363783
4326,0.496434,15,61,15,468180,137430,62001,45955,1.2730186372225722,0.25059301469585843
4327,0.496435,35,115,35,468295,137315,62036,45920,1.2719533884175034,0.2506071438316915
4328,0.496436,21,101,21,468396,137214,62057,45899,1.2710178220756605,0.2506594288772507
4329,0.496437,21,90,21,468486,137124,62078,45878,1.2701841490977805,0.25069671369711805
4330,0.496438,30,124,30,468610,137000,62108,45848,1.2690355329949239,0.25074378718935947
4331,0.496439,16,88,16,468698,136912,62124,45832,1.268220386083219,0.2507989318390754
4332,0.49644,14,54,14,468752,136858,62138,45818,1.2677201822964912,0.2508156517550198
4333,0.496441,19,104,19,468856,136754,62157,45799,1.2667568268553855,0.2508805661917361
4334,0.496442,30,121,30,468977,136633,62187,45769,1.2656359998517914,0.25092378373044155
4335,0.496443,16,79,16,469056,136554,62203,45753,1.2649042202378746,0.2509667758231993
4336,0.496444,11,62,11,469118,136492,62214,45742,1.2643299121864464,0.251006947111955
4337,0.496445,23,109,23,469227,136383,62237,45719,1.263320241579903,0.25106259129498854
4338,0.496446,16,81,16,469308,136302,62253,45703,1.262569935899811,0.25110848603060354
4339,0.496447,17,84,17,469392,136218,62270,45686,1.2617918411204565,0.25115445509719414
4340,0.496448,32,115,32,469507,136103,62302,45654,1.2607265923153876,0.25118152258234894
4341,0.496449,23,102,23,469609,136001,62325,45631,1.2597817629404573,0.25122775722339674
4342,0.49645,15,94,15,469703,135907,62340,45616,1.258911037830227,0.2512959790219421
4343,0.496451,15,67,15,469770,135840,62355,45601,1.258290414613361,0.251326877607597
4344,0.496452,13,98,13,469868,135742,62368,45588,1.2573826373707806,0.25140903325428776
4345,0.496453,16,76,16,469944,135666,62384,45572,1.2566786468561266,0.2514483717542679
4346,0.496454,9,69,9,470013,135597,62393,45563,1.2560394975730853,0.2515069551777434
4347,0.496455,27,99,27,470112,135498,62420,45536,1.2551224572974176,0.25153286123048707
4348,0.496456,34,108,34,470220,135390,62454,45502,1.2541220497239616,0.25154235676536274
4349,0.496457,25,113,25,470333,135277,62479,45477,1.253075326985068,0.25159609192604315
4350,0.496458,35,127,35,470460,135150,62514,45442,1.2518989217829486,0.2516279790909896
4351,0.496459,32,108,32,470568,135042,62546,45410,1.2508985142094928,0.25164586704497593
4352,0.49646,14,69,14,470637,134973,62560,45396,1.2502593649264515,0.2516840477022105
4353,0.496461,19,69,19,470706,134904,62579,45377,1.2496202156434102,0.25170151041984457
4354,0.496462,21,85,21,470791,134819,62600,45356,1.2488328578309682,0.2517330373248231
4355,0.496463,11,66,11,470857,134753,62611,45345,1.2482214976471897,0.25177958666947997
4356,0.496464,22,80,22,470937,134673,62633,45323,1.2474804550001852,0.2518000400008889
4357,0.496465,24,96,24,471033,134577,62657,45299,1.24659120382378,0.25183459716693724
4358,0.496466,18,76,18,471109,134501,62675,45281,1.2458872133091259,0.251866149002681
4359,0.496467,9,38,9,471147,134463,62684,45272,1.245535218051799,0.2518819372965755
4360,0.496468,26,105,26,471252,134358,62710,45246,1.2445625995776057,0.25192089263045364
4361,0.496469,39,166,39,471418,134192,62749,45207,1.2430249360850716,0.25199137118936005
4362,0.49647,13,76,13,471494,134116,62762,45194,1.2423209455704176,0.25204394623835813
4363,0.496471,14,56,14,471550,134060,62776,45180,1.2418022157175146,0.2520642713679982
4364,0.496472,22,94,22,471644,133966,62798,45158,1.2409314906072844,0.2521046872557558
4365,0.496473,21,85,21,471729,133881,62819,45137,1.2401441327948424,0.25213665664905205
4366,0.496474,15,59,15,471788,133822,62834,45122,1.2395976138426767,0.25215709942775394
4367,0.496475,29,77,29,471865,133745,62863,45093,1.2388843602949349,0.25214439884140954
4368,0.496476,15,70,15,471935,133675,62878,45078,1.238235947978806,0.25218038298657924
4369,0.496477,17,71,17,472006,133604,62895,45061,1.2375782726295899,0.25220944225225983
4370,0.496478,12,64,12,472070,133540,62907,45049,1.2369854385119863,0.2522495786414617
4371,0.496479,19,58,19,472128,133482,62926,45030,1.2364481825929081,0.25225194944877655
4372,0.49648,19,85,19,472213,133397,62945,45011,1.2356608247804661,0.25229249809425586
4373,0.496481,10,40,10,472253,133357,62955,45001,1.235290303456964,0.25230715751466154
4374,0.496482,15,56,15,472309,133301,62970,44986,1.234771573604061,0.25232350087218924
4375,0.496483,30,97,30,472406,133204,63000,44956,1.2338730593945682,0.2523349797934441
4376,0.496484,21,124,21,472530,133080,63021,44935,1.2327244432917115,0.25242254866162966
4377,0.496485,23,65,23,472595,133015,63044,44912,1.2321223461410205,0.25241812653503964
4378,0.496486,27,112,27,472707,132903,63071,44885,1.2310848864352144,0.2524636083425203
4379,0.496487,29,124,29,472831,132779,63100,44856,1.2299362703323575,0.2525178033608242
4380,0.496488,17,66,17,472897,132713,63117,44839,1.229324910148579,0.2525401009281788
4381,0.496489,27,112,27,473009,132601,63144,44812,1.228287450442773,0.25258577443592073
4382,0.49649,24,75,24,473084,132526,63168,44788,1.2275927229612065,0.252591447939813
4383,0.496491,9,50,9,473134,132476,63177,44779,1.2271295713068286,0.25262474965445264
4384,0.496492,22,57,22,473191,132419,63199,44757,1.2266015784208382,0.25261322075224635
4385,0.496493,23,112,23,473303,132307,63222,44734,1.2255641187150321,0.25267593382323866
4386,0.496494,23,103,23,473406,132204,63245,44711,1.2246100263070139,0.25272588531215556
4387,0.496495,24,99,24,473505,132105,63269,44687,1.2236929860313461,0.2527659622607358
4388,0.496496,19,68,19,473573,132037,63288,44668,1.2230630997813925,0.2527828867321242
4389,0.496497,17,68,17,473641,131969,63305,44651,1.2224332135314386,0.25280828898199526
4390,0.496498,31,108,31,473749,131861,63336,44620,1.2214328059579829,0.2528317495934407
4391,0.496499,24,101,24,473850,131760,63360,44596,1.22049723961614,0.2528748667468076
4392,0.4965,30,139,30,473989,131621,63390,44566,1.2192096780169699,0.2529471527411217
4393,0.496501,17,79,17,474068,131542,63407,44549,1.218477898403053,0.2529885116218319
4394,0.496502,21,106,21,474174,131436,63428,44528,1.2174960168957722,0.25305176058739287
4395,0.496503,18,79,18,474253,131357,63446,44510,1.2167642372818557,0.253088982014818
4396,0.496504,17,39,17,474292,131318,63463,44493,1.216402978991441,0.2530729021506049
4397,0.496505,20,82,20,474374,131236,63483,44473,1.2156434102782616,0.25310598774109466
4398,0.496506,18,70,18,474444,131166,63501,44455,1.2149949979621326,0.253130320405874
4399,0.496507,11,44,11,474488,131122,63512,44444,1.2145874245062804,0.25314696467425357
4400,0.496508,18,72,18,474560,131050,63530,44426,1.2139204861239765,0.2531742232556019
4401,0.496509,31,142,31,474702,130908,63561,44395,1.2126051354255438,0.25324723478776745
4402,0.49651,44,168,44,474870,130740,63605,44351,1.2110489458668345,0.2533025683787288
4403,0.496511,15,71,15,474941,130669,63620,44336,1.2103912705176183,0.2533413331047684
4404,0.496512,27,94,27,475035,130575,63647,44309,1.2095205454073883,0.2533622286772947
4405,0.496513,34,172,34,475207,130403,63681,44275,1.207927303716329,0.25346637813576983
4406,0.496514,10,65,10,475272,130338,63691,44265,1.207325206565638,0.2535179807907081
4407,0.496515,20,68,20,475340,130270,63711,44245,1.2066953203156843,0.2535312150817981
4408,0.496516,31,148,31,475488,130122,63742,44214,1.2053243914187262,0.2536137114537445
4409,0.496517,19,88,19,475576,130034,63761,44195,1.2045092445070213,0.2536604124456893
4410,0.496518,12,76,12,475652,129958,63773,44183,1.2038052539923672,0.2537196869203691
4411,0.496519,18,80,18,475732,129878,63791,44165,1.203064211345363,0.25375912849123494
4412,0.49652,28,126,28,475858,129752,63819,44137,1.201897069176331,0.2538228410077693
4413,0.496521,31,145,31,476003,129607,63850,44106,1.2005539293786358,0.25390155025818445
4414,0.496522,19,73,19,476076,129534,63869,44087,1.1998777279632442,0.253926656337655
4415,0.496523,28,107,28,476183,129427,63897,44059,1.198886583422876,0.25396285579239825
4416,0.496524,25,77,25,476260,129350,63922,44034,1.1981733298751343,0.2539680708715914
4417,0.496525,13,71,13,476331,129279,63935,44021,1.197515654525918,0.25401615695326024
4418,0.496526,17,65,17,476396,129214,63952,44004,1.196913557375227,0.2540382639217633
4419,0.496527,28,147,28,476543,129067,63980,43976,1.1955518915113565,0.2541333656952318
4420,0.496528,20,60,20,476603,129007,64000,43956,1.1949961095261032,0.25413527748709264
4421,0.496529,34,133,34,476736,128874,64034,43922,1.1937641261254586,0.25418412463251466
4422,0.49653,14,52,14,476788,128822,64048,43908,1.1932824484049056,0.2542001968389973
4423,0.496531,23,93,23,476881,128729,64071,43885,1.192420986327763,0.2542377790909196
4424,0.496532,34,134,34,477015,128595,64105,43851,1.191179739894031,0.25428829894575694
4425,0.496533,37,139,37,477154,128456,64142,43814,1.1898921782948608,0.25433331398386255
4426,0.496534,21,99,21,477253,128357,64163,43793,1.188975138019193,0.25438861458030787
4427,0.496535,28,85,28,477338,128272,64191,43765,1.1881877802067509,0.25439295035370296
4428,0.496536,34,123,34,477461,128149,64225,43731,1.1870484271369817,0.2544275075634163
4429,0.496537,13,50,13,477511,128099,64238,43718,1.186585275482604,0.25444513639511807
4430,0.496538,26,91,26,477602,128008,64264,43692,1.1857423394716367,0.25446709376820037
4431,0.496539,20,50,20,477652,127958,64284,43672,1.1852791878172588,0.2544543494727029
4432,0.49654,26,163,26,477815,127795,64310,43646,1.1837693134239875,0.2545832093839863
4433,0.496541,13,53,13,477868,127742,64323,43633,1.183278372670347,0.25460539752005834
4434,0.496542,30,91,30,477959,127651,64353,43603,1.1824354366593797,0.25461011129667044
4435,0.496543,20,43,20,478002,127608,64373,43583,1.182037126236615,0.25458698179226713
4436,0.496544,13,63,13,478065,127545,64386,43570,1.181453555152099,0.2546240832188879
4437,0.496545,37,127,37,478192,127418,64423,43533,1.1802771499499796,0.2546519178010073
4438,0.496546,33,124,33,478316,127294,64456,43500,1.179128533847123,0.2546927878028502
4439,0.496547,19,91,19,478407,127203,64475,43481,1.1782855978361555,0.2547456117738042
4440,0.496548,19,47,19,478454,127156,64494,43462,1.1778502352810405,0.2547327948985453
4441,0.496549,32,158,32,478612,126998,64526,43430,1.176386676053207,0.25482901870584646
4442,0.49655,29,109,29,478721,126889,64555,43401,1.1753770054466635,0.254865229901932
4443,0.496551,32,84,32,478805,126805,64587,43369,1.174598910667309,0.25485091729641424
4444,0.496552,18,91,18,478896,126714,64605,43351,1.1737559746563415,0.25490841736982917
4445,0.496553,32,111,32,479007,126603,64637,43319,1.172727777983623,0.25493461705959203
4446,0.496554,29,106,29,479113,126497,64666,43290,1.1717458964763423,0.2549665168711385
4447,0.496555,16,75,16,479188,126422,64682,43274,1.1710511689947756,0.2550089571940411
4448,0.496556,21,66,21,479254,126356,64703,43253,1.170439808810997,0.255015948446132
4449,0.496557,11,48,11,479302,126308,64714,43242,1.1699951832227944,0.25503981126511355
4450,0.496558,15,62,15,479364,126246,64729,43227,1.1694208751713662,0.2550671788426475
4451,0.496559,31,105,31,479469,126141,64760,43196,1.168448256697173,0.2550889646090341
4452,0.49656,20,59,20,479528,126082,64780,43176,1.1679017377450072,0.25508986281298374
4453,0.496561,32,102,32,479630,125980,64812,43144,1.1669569083700766,0.2551027648352688
4454,0.496562,30,111,30,479741,125869,64842,43114,1.1659287116973582,0.25513809081386885
4455,0.496563,27,100,27,479841,125769,64869,43087,1.1650024083886028,0.2551700857535415
4456,0.496564,16,69,16,479910,125700,64885,43071,1.1643632591055615,0.2552037968608351
4457,0.496565,16,69,16,479979,125631,64901,43055,1.1637241098225204,0.25523754194183274
4458,0.496566,15,91,15,480070,125540,64916,43040,1.1628811738115528,0.25530905208209753
4459,0.496567,25,132,25,480202,125408,64941,43015,1.1616584534439958,0.2553986094535782
4460,0.496568,10,85,10,480287,125323,64951,43005,1.1608710956315536,0.25548334204648065
4461,0.496569,26,65,26,480352,125258,64977,42979,1.1602689984808625,0.25546699002003126
4462,0.49657,11,58,11,480410,125200,64988,42968,1.1597317425617844,0.2555063983635412
4463,0.496571,18,68,18,480478,125132,65006,42950,1.1591018563118307,0.25553003890957987
4464,0.496572,31,117,31,480595,125015,65037,42919,1.158018081440587,0.25557064084699943
4465,0.496573,36,140,36,480735,124875,65073,42883,1.1567212568083294,0.2556241729157477
4466,0.496574,23,82,23,480817,124793,65096,42860,1.15596168809515,0.25564708057714447
4467,0.496575,18,105,18,480922,124688,65114,42842,1.1549890696209566,0.2557273324180744
4468,0.496576,15,94,15,481016,124594,65129,42827,1.1541183445107266,0.2558042300547721
4469,0.496577,11,77,11,481093,124517,65140,42816,1.153405090962985,0.25587301966736986
4470,0.496578,16,61,16,481154,124456,65156,42800,1.1528400459446442,0.2558951547328646
4471,0.496579,20,92,20,481246,124364,65176,42780,1.151987846900589,0.2559469678839803
4472,0.49658,26,91,26,481337,124273,65202,42754,1.1511449108896217,0.2559705915810019
4473,0.496581,12,59,12,481396,124214,65214,42742,1.150598391937456,0.2560075708569923
4474,0.496582,33,96,33,481492,124118,65247,42709,1.149709140761051,0.25600772057280896
4475,0.496583,20,68,20,481560,124050,65267,42689,1.149079254511097,0.2560228860674467
4476,0.496584,27,89,27,481649,123961,65294,42662,1.1482548445663048,0.25603908223954674
4477,0.496585,24,84,24,481733,123877,65318,42638,1.1474767497869502,0.25606101552412697
4478,0.496586,40,127,40,481860,123750,65358,42598,1.1463003445848308,0.25607762041022436
4479,0.496587,16,67,16,481927,123683,65374,42582,1.1456797213679648,0.2561092232279794
4480,0.496588,22,77,22,482004,123606,65396,42560,1.1449664678202232,0.2561294127559188
4481,0.496589,27,76,27,482080,123530,65423,42533,1.144262477305569,0.25612568723918033
4482,0.49659,16,125,16,482205,123405,65439,42517,1.1431045981696246,0.2562469111992382
4483,0.496591,15,59,15,482264,123346,65454,42502,1.142558079217459,0.2562708021803097
4484,0.496592,9,46,9,482310,123300,65463,42493,1.1421319796954315,0.2563015326340678
4485,0.496593,22,73,22,482383,123227,65485,42471,1.14145577828004,0.2563157068884356
4486,0.496594,18,75,18,482458,123152,65503,42453,1.1407610507984733,0.25635095558708976
4487,0.496595,23,82,23,482540,123070,65526,42430,1.140001482085294,0.25637462235649544
4488,0.496596,22,100,22,482640,122970,65548,42408,1.1390751787765385,0.2564307223451729
4489,0.496597,16,76,16,482716,122894,65564,42392,1.1383711882618845,0.25647665259005603
4490,0.496598,30,122,30,482838,122772,65594,42362,1.1372410982252028,0.2565310596243051
4491,0.496599,28,99,28,482937,122673,65622,42334,1.136324057949535,0.25655881265643277
4492,0.4966,30,149,30,483086,122524,65652,42304,1.1349438660194895,0.25665542262237
4493,0.496601,16,64,16,483150,122460,65668,42288,1.134351031901886,0.2566829339354651
4494,0.496602,18,56,18,483206,122404,65686,42270,1.1338323020489829,0.2566889733655586
4495,0.496603,11,46,11,483252,122358,65697,42259,1.1334062025269553,0.25671103227491693
4496,0.496604,28,115,28,483367,122243,65725,42231,1.1323409537218867,0.25676398701314496
4497,0.496605,20,74,20,483441,122169,65745,42211,1.1316554892734076,0.2567891470981871
4498,0.496606,14,85,14,483526,122084,65759,42197,1.1308681314609657,0.2568586750750239
4499,0.496607,14,60,14,483586,122024,65773,42183,1.1303123494757124,0.2568891703764151
4500,0.496608,26,84,26,483670,121940,65799,42157,1.1295342546963578,0.2569029293649488
4501,0.496609,22,87,22,483757,121853,65821,42135,1.1287283708177405,0.2569395321608898
4502,0.49661,21,83,21,483840,121770,65842,42114,1.1279595390714736,0.2569744453393864
4503,0.496611,26,105,26,483945,121665,65868,42088,1.1269869205972805,0.2570212454122978
4504,0.496612,22,92,22,484037,121573,65890,42066,1.1261347215532254,0.2570658583833927
4505,0.496613,32,92,32,484129,121481,65922,42034,1.1252825225091705,0.2570651010610647
4506,0.496614,28,169,28,484298,121312,65950,42006,1.1237170699173737,0.2572037374937239
4507,0.496615,29,191,29,484489,121121,65979,41977,1.121947830597651,0.2573728678463255
4508,0.496616,30,102,30,484591,121019,66009,41947,1.1210030012227203,0.2573972485058233
4509,0.496617,10,36,10,484627,120983,66019,41937,1.1206695320315685,0.25740854407070957
4510,0.496618,40,138,40,484765,120845,66059,41897,1.1193912334654859,0.25744429833724547
4511,0.496619,24,61,24,484826,120784,66083,41873,1.118826188447145,0.2574312817769909
4512,0.49662,19,94,19,484920,120690,66102,41854,1.117955463336915,0.2574933556452407
4513,0.496621,34,152,34,485072,120538,66136,41820,1.1165474823076067,0.25757893051158554
4514,0.496622,32,106,32,485178,120432,66168,41788,1.115565600800326,0.2576007890519048
4515,0.496623,24,82,24,485260,120350,66192,41764,1.1148060320871467,0.25762118015717334
4516,0.496624,27,110,27,485370,120240,66219,41737,1.1137870984475156,0.25767238558560784
4517,0.496625,34,89,34,485459,120151,66253,41703,1.1129626885027233,0.25765813634510115
4518,0.496626,20,83,20,485542,120068,66273,41683,1.1121938567564564,0.2576985613690178
4519,0.496627,25,91,25,485633,119977,66298,41658,1.1113509207454888,0.25772883348284714
4520,0.496628,19,64,19,485697,119913,66317,41639,1.1107580866278854,0.25774363672377937
4521,0.496629,27,100,27,485797,119813,66344,41612,1.10983178331913,0.2577791544060709
4522,0.49663,25,100,25,485897,119713,66369,41587,1.1089054800103746,0.25782393056416614
4523,0.496631,6,61,6,485958,119652,66375,41581,1.1083404349920338,0.2578938554762363
4524,0.496632,18,57,18,486015,119595,66393,41563,1.1078124421060431,0.2579021829508929
4525,0.496633,18,34,18,486049,119561,66411,41545,1.1074974989810664,0.25787369806214544
4526,0.496634,29,72,29,486121,119489,66440,41516,1.1068305605987625,0.25785534610726374
4527,0.496635,32,139,32,486260,119350,66472,41484,1.1055429989995924,0.257930537075494
4528,0.496636,28,89,28,486349,119261,66500,41456,1.1047185890548001,0.25794408805540175
4529,0.496637,9,62,9,486411,119199,66509,41447,1.1041442810033717,0.2580020666558769
4530,0.496638,17,54,17,486465,119145,66526,41430,1.1036440772166438,0.25801027557216255
4531,0.496639,25,124,25,486589,119021,66551,41405,1.1024954611137872,0.258094074526573
4532,0.49664,20,86,20,486675,118935,66571,41385,1.1016988402682575,0.25813997005988026
4533,0.496641,14,96,14,486771,118839,66585,41371,1.1008095890918523,0.25822982335684413
4534,0.496642,27,113,27,486884,118726,66612,41344,1.0997628663529586,0.25828699943774597
4535,0.496643,31,75,31,486959,118651,66643,41313,1.099068138871392,0.2582643594808832
4536,0.496644,32,110,32,487069,118541,66675,41281,1.0980492052317612,0.2582936016318154
4537,0.496645,30,121,30,487190,118420,66705,41251,1.0969283782281671,0.2583499821507976
4538,0.496646,22,91,22,487281,118329,66727,41229,1.0960854422171995,0.25839506637084947
4539,0.496647,33,156,33,487437,118173,66760,41196,1.094640409055541,0.2584944374376447
4540,0.496648,17,58,17,487495,118115,66777,41179,1.0941031531364631,0.2585094228282296
4541,0.496649,29,158,29,487653,117957,66806,41150,1.0926395939086295,0.25863098418045716
4542,0.49665,32,135,32,487788,117822,66838,41118,1.0913890844418097,0.2587013967534919
4543,0.496651,18,60,18,487848,117762,66856,41100,1.0908333024565564,0.2587151112286135
4544,0.496652,32,119,32,487967,117643,66888,41068,1.0897310015191375,0.2587596322876171
4545,0.496653,22,92,22,488059,117551,66910,41046,1.0888788024750824,0.2588069131194159
4546,0.496654,27,99,27,488158,117452,66937,41019,1.0879617621994147,0.2588423118425453
4547,0.496655,64,152,64,488310,117300,67001,40955,1.0865537811701063,0.2587911914315503
4548,0.496656,17,115,17,488425,117185,67018,40938,1.0854885323650376,0.25889971730867745
4549,0.496657,21,78,21,488503,117107,67039,40917,1.0847660157842083,0.25892902343947755
4550,0.496658,22,90,22,488593,117017,67061,40895,1.0839323428063286,0.258973352246821
4551,0.496659,23,73,23,488666,116944,67084,40872,1.083256141390937,0.25898514726010036
4552,0.49666,39,131,39,488797,116813,67123,40833,1.0820426840564674,0.259017038174137
4553,0.496661,15,85,15,488882,116728,67138,40818,1.0812553262440254,0.2590862351313267
4554,0.496662,35,110,35,488992,116618,67173,40783,1.0802363926043943,0.25910254699779545
4555,0.496663,22,125,22,489117,116493,67195,40761,1.0790785134684502,0.25920485329466975
4556,0.496664,23,103,23,489220,116390,67218,40738,1.078124421060432,0.2592663306348964
4557,0.496665,33,83,33,489303,116307,67251,40705,1.077355589314165,0.25924770081267673
4558,0.496666,34,116,34,489419,116191,67285,40671,1.0762810774760088,0.25927885657456873
4559,0.496667,23,87,23,489506,116104,67308,40648,1.0754751935973916,0.2593140757374707
4560,0.496668,38,121,38,489627,115983,67346,40610,1.0743543665937976,0.25933470844801493
4561,0.496669,18,67,18,489694,115916,67364,40592,1.0737337433769314,0.25936054386996193
4562,0.49667,33,161,33,489855,115755,67397,40559,1.0722423950498352,0.2594713205471039
4563,0.496671,52,172,52,490027,115583,67449,40507,1.0706491533587759,0.2595105387917227
4564,0.496672,26,80,26,490107,115503,67475,40481,1.0699081107117714,0.25952020720073854
4565,0.496673,35,118,35,490225,115385,67510,40446,1.0688150728074401,0.25955041038047627
4566,0.496674,26,111,26,490336,115274,67536,40420,1.0677868761347216,0.25961180263850886
4567,0.496675,35,138,35,490474,115136,67571,40385,1.0665085775686391,0.2596755422097337
4568,0.496676,25,104,25,490578,115032,67596,40360,1.0655452221275334,0.2597302306425041
4569,0.496677,32,114,32,490692,114918,67628,40328,1.0644892363555523,0.2597683676229983
4570,0.496678,38,117,38,490809,114801,67666,40290,1.0634054614843085,0.25978296612956264
4571,0.496679,43,157,43,490966,114644,67709,40247,1.0619511652895623,0.25984079126611614
4572,0.49668,30,79,30,491045,114565,67739,40217,1.0612193856756456,0.2598299543874611
4573,0.496681,40,82,40,491127,114483,67779,40177,1.0604598169624662,0.259776283460494
4574,0.496682,35,147,35,491274,114336,67814,40142,1.0590981510985957,0.25985577234298735
4575,0.496683,17,84,17,491358,114252,67831,40125,1.0583200563192412,0.2599156610116792
4576,0.496684,53,148,53,491506,114104,67884,40072,1.056949127422283,0.2599107513491075
4577,0.496685,39,130,39,491636,113974,67923,40033,1.055744933120901,0.2599427298759147
4578,0.496686,37,111,37,491747,113863,67960,39996,1.0547167364481826,0.2599522939834524
4579,0.496687,22,77,22,491824,113786,67982,39974,1.054003482900441,0.25997658688865766
4580,0.496688,50,106,50,491930,113680,68032,39924,1.0530216013931601,0.2599151063774381
4581,0.496689,19,137,19,492067,113543,68051,39905,1.0517525658601652,0.2600555236953235
4582,0.49669,30,121,30,492188,113422,68081,39875,1.0506317388565711,0.2601159840049055
4583,0.496691,47,123,47,492311,113299,68128,39828,1.049492385786802,0.2600978272936843
4584,0.496692,49,167,49,492478,113132,68177,39779,1.0479454592611805,0.26014479010666336
4585,0.496693,42,112,42,492590,113020,68219,39737,1.0469079995553745,0.2601321052390398
4586,0.496694,66,190,66,492780,112830,68285,39671,1.0451480232687391,0.26013599910820256
4587,0.496695,43,124,43,492904,112706,68328,39628,1.0439994071658825,0.2601389053001956
4588,0.496696,30,107,30,493011,112599,68358,39598,1.0430082626255142,0.2601759561620794
4589,0.496697,16,73,16,493084,112526,68374,39582,1.0423320612101226,0.2602229994477608
4590,0.496698,33,81,33,493165,112445,68407,39549,1.0415817555300309,0.2602010605681803
4591,0.496699,24,69,24,493234,112376,68431,39525,1.0409426062469895,0.260202368648001
4592,0.4967,17,68,17,493302,112308,68448,39508,1.040312719997036,0.2602360752489856
4593,0.496701,41,153,41,493455,112155,68489,39467,1.03889547593464,0.26029863740090486
4594,0.496702,23,86,23,493541,112069,68512,39444,1.0380988550891104,0.2603340967441738
4595,0.496703,19,62,19,493603,112007,68531,39425,1.037524547037682,0.26034787891594907
4596,0.496704,32,136,32,493739,111871,68563,39393,1.0362647745377747,0.26042548127776605
4597,0.496705,27,144,27,493883,111727,68590,39366,1.0349308977731668,0.26054152078521176
4598,0.496706,36,120,36,494003,111607,68626,39330,1.0338193338026604,0.26057229175086294
4599,0.496707,34,147,34,494150,111460,68660,39296,1.0324576679387898,0.2606596089044549
4600,0.496708,34,121,34,494271,111339,68694,39262,1.0313368409351957,0.2607021201718448
4601,0.496709,24,115,24,494386,111224,68718,39238,1.030271592130127,0.26078345362948785
4602,0.49671,19,66,19,494452,111158,68737,39219,1.0296602319463486,0.26080451132819515
4603,0.496711,30,122,30,494574,111036,68767,39189,1.0285301419096669,0.26086869695456816
4604,0.496712,51,203,51,494777,110833,68818,39138,1.0266497461928934,0.260970454287829
4605,0.496713,36,151,36,494928,110682,68854,39102,1.0252510281966727,0.2610559205255568
4606,0.496714,31,112,31,495040,110570,68885,39071,1.0242135684908666,0.2610982284267012
4607,0.496715,40,120,40,495160,110450,68925,39031,1.02310200452036,0.2611101076390979
4608,0.496716,10,81,10,495241,110369,68935,39021,1.0223516988402683,0.2612022223709753
4609,0.496717,39,140,39,495381,110229,68974,38982,1.0210548742080108,0.26125419707662306
4610,0.496718,43,114,43,495495,110115,69017,38939,1.0199988884360296,0.26124089256242705
4611,0.496719,29,96,29,495591,110019,69046,38910,1.0191096372596242,0.2612654352073807
4612,0.49672,13,58,13,495649,109961,69059,38897,1.018572381340546,0.2613027180265757
4613,0.496721,29,104,29,495753,109857,69088,38868,1.0176090258994406,0.26134140191628846
4614,0.496722,33,88,33,495841,109769,69121,38835,1.0167938789877358,0.26133213103281205
4615,0.496723,63,193,63,496034,109576,69184,38772,1.0150061136018378,0.2613584274813277
4616,0.496724,21,64,21,496098,109512,69205,38751,1.0144132794842342,0.2613666255235629
4617,0.496725,18,73,18,496171,109439,69223,38733,1.0137370780688428,0.2614056636881462
4618,0.496726,33,103,33,496274,109336,69256,38700,1.0127829856608248,0.2614228971331298
4619,0.496727,42,139,42,496413,109197,69298,38658,1.0114954240616547,0.26145886172263366
4620,0.496728,34,149,34,496562,109048,69332,38624,1.0101152321316091,0.26155263015331276
4621,0.496729,43,160,43,496722,108888,69375,38581,1.0086331468376004,0.26162108646563004
4622,0.49673,32,85,32,496807,108803,69407,38549,1.0078457890251584,0.2616116510125414
4623,0.496731,26,109,26,496916,108694,69433,38523,1.006836118418615,0.26167494243192024
4624,0.496732,31,87,31,497003,108607,69464,38492,1.0060302345399978,0.2616741106329751
4625,0.496733,22,76,22,497079,108531,69486,38470,1.0053262440253437,0.2616989000074829
4626,0.496734,49,165,49,497244,108366,69535,38421,1.0037978435658972,0.26174661243843117
4627,0.496735,20,97,20,497341,108269,69555,38401,1.0028993293564044,0.2618190495670553
4628,0.496736,14,61,14,497402,108208,69569,38387,1.0023342843380636,0.26185749855042806
4629,0.496737,17,59,17,497461,108149,69586,38370,1.001787765385898,0.2618772991898662
4630,0.496738,36,101,36,497562,108048,69622,38334,1.000852199044055,0.2618764602205189
4631,0.496739,34,146,34,497708,107902,69656,38300,0.9994997962132721,0.26196632057017005
4632,0.49674,40,171,40,497879,107731,69696,38260,0.9979158175553003,0.26207094957908367
4633,0.496741,27,101,27,497980,107630,69723,38233,0.9969802512134573,0.2621158210101259
4634,0.496742,30,112,30,498092,107518,69753,38203,0.9959427915076513,0.26216537081134494
4635,0.496743,38,101,38,498193,107417,69791,38165,0.9950072251658083,0.26215466197744225
4636,0.496744,39,105,39,498298,107312,69830,38126,0.9940346066916151,0.26214606911536187
4637,0.496745,31,107,31,498405,107205,69861,38095,0.9930434621512468,0.2621816930488644
4638,0.496746,23,83,23,498488,107122,69884,38072,0.9922746304049798,0.2622146920671653
4639,0.496747,13,63,13,498551,107059,69897,38059,0.9916910593204639,0.26226243470830635
4640,0.496748,31,119,31,498670,106940,69928,38028,0.9905887583830449,0.2623199602670934
4641,0.496749,39,133,39,498803,106807,69967,37989,0.9893567749824003,0.26236221995082737
4642,0.49675,35,122,35,498925,106685,70002,37954,0.9882266849457186,0.2624050221586156
4643,0.496751,33,90,33,499015,106595,70035,37921,0.9873930119678388,0.26240001107143845
4644,0.496752,20,74,20,499089,106521,70055,37901,0.9867075475193597,0.2624323164060877
4645,0.496753,20,85,20,499174,106436,70075,37881,0.9859201897069176,0.26248466916579477
4646,0.496754,49,124,49,499298,106312,70124,37832,0.9847715736040609,0.26245976245976244
4647,0.496755,19,71,19,499369,106241,70143,37813,0.9841138982548445,0.2624918433365266
4648,0.496756,14,47,14,499416,106194,70157,37799,0.9836785356997295,0.26250581625495684
4649,0.496757,29,114,29,499530,106080,70186,37770,0.9826225499277483,0.26256517205422314
4650,0.496758,21,93,21,499623,105987,70207,37749,0.9817610878506058,0.26262731674737017
4651,0.496759,25,138,25,499761,105849,70232,37724,0.9804827892845234,0.262751352970266
4652,0.49676,28,64,28,499825,105785,70260,37696,0.9798899551669199,0.26272468131669
4653,0.496761,44,139,44,499964,105646,70304,37652,0.9786023935677498,0.2627531437982386
4654,0.496762,42,130,42,500094,105516,70346,37610,0.9773981992663677,0.2627754565906963
4655,0.496763,43,116,43,500210,105400,70389,37567,0.9763236874282115,0.2627669322291158
4656,0.496764,42,147,42,500357,105253,70431,37525,0.974962021564341,0.2628206026138481
4657,0.496765,14,59,14,500416,105194,70445,37511,0.9744155026121754,0.2628569426439158
4658,0.496766,18,65,18,500481,105129,70463,37493,0.9738134054614843,0.2628837065810324
4659,0.496767,29,98,29,500579,105031,70492,37464,0.972905628218904,0.2629144882276571
4660,0.496768,28,127,28,500706,104904,70520,37436,0.9717292230167847,0.26300407475059717
4661,0.496769,23,93,23,500799,104811,70543,37413,0.9708677609396421,0.2630568680391495
4662,0.49677,18,81,18,500880,104730,70561,37395,0.9701174552595502,0.26311345646437995
4663,0.496771,39,159,39,501039,104571,70600,37356,0.968644632998629,0.26320573252446683
4664,0.496772,52,183,52,501222,104388,70652,37304,0.9669494979436066,0.26327527312762894
4665,0.496773,27,113,27,501335,104275,70679,37277,0.965902775204713,0.2633449191816435
4666,0.496774,46,178,46,501513,104097,70725,37231,0.9642539553151284,0.2634368278048228
4667,0.496775,23,100,23,501613,103997,70748,37208,0.9633276520063729,0.263503417017811
4668,0.496776,24,88,24,501701,103909,70772,37184,0.9625125050946682,0.26354248616160975
4669,0.496777,36,117,36,501818,103792,70808,37148,0.9614287302234243,0.26357315169575707
4670,0.496778,34,103,34,501921,103689,70842,37114,0.9604746378154063,0.2635881337755588
4671,0.496779,32,174,32,502095,103515,70874,37082,0.9588628700581718,0.2637467371281037
4672,0.49678,30,137,30,502232,103378,70904,37052,0.9575938345251769,0.2638467563910845
4673,0.496781,38,120,38,502352,103258,70942,37014,0.9564822705546704,0.26387304665221856
4674,0.496782,44,139,44,502491,103119,70986,36970,0.9551947089555004,0.2639036612439235
4675,0.496783,30,89,30,502580,103030,71016,36940,0.954370299010708,0.2639136957919554
4676,0.496784,33,111,33,502691,102919,71049,36907,0.9533421023379895,0.2639494800680846
4677,0.496785,21,75,21,502766,102844,71070,36886,0.952647374856423,0.26398053388678167
4678,0.496786,33,159,33,502925,102685,71103,36853,0.9511745525955019,0.2641072682710086
4679,0.496787,14,39,14,502964,102646,71117,36839,0.9508132943050872,0.26410725167580745
4680,0.496788,50,152,50,503116,102494,71167,36789,0.949405313275779,0.26413130102022503
4681,0.496789,18,51,18,503167,102443,71185,36771,0.9489328985883138,0.2641329176663267
4682,0.49679,40,132,40,503299,102311,71225,36731,0.9477101782207566,0.2641719768127616
4683,0.496791,40,121,40,503420,102190,71265,36691,0.9465893512171626,0.264190206003701
4684,0.496792,47,127,47,503547,102063,71312,36644,0.9454129460150432,0.2641827737605168
4685,0.496793,42,132,42,503679,101931,71354,36602,0.944190225647486,0.26421141533064324
4686,0.496794,32,115,32,503794,101816,71386,36570,0.9431249768424173,0.26426083563366237
4687,0.496795,33,122,33,503916,101694,71419,36537,0.9419948868057356,0.26431842350847495
4688,0.496796,23,95,23,504011,101599,71442,36514,0.941114898662418,0.2643777196932946
4689,0.496797,27,135,27,504146,101464,71469,36487,0.9398643891955982,0.2644924647157324
4690,0.496798,38,138,38,504284,101326,71507,36449,0.9385860906295157,0.26455452730901835
4691,0.496799,37,120,37,504404,101206,71544,36412,0.9374745266590092,0.2645874812887849
4692,0.4968,24,59,24,504463,101147,71568,36388,0.9369280077068435,0.2645726542334678
4693,0.496801,22,79,22,504542,101068,71590,36366,0.9361962280929268,0.2646070113654554
4694,0.496802,41,158,41,504700,100910,71631,36325,0.9347326688650932,0.26469195176157684
4695,0.496803,46,189,46,504889,100721,71677,36279,0.9329819556115454,0.2648102189781022
4696,0.496804,31,85,31,504974,100636,71708,36248,0.9321945977991033,0.2648081587329418
4697,0.496805,30,151,30,505125,100485,71738,36218,0.9307958798028827,0.26493932100978035
4698,0.496806,23,104,23,505229,100381,71761,36195,0.929832524361777,0.26501727975632616
4699,0.496807,31,92,31,505321,100289,71792,36164,0.928980325317722,0.2650289843389299
4700,0.496808,24,49,24,505370,100240,71816,36140,0.9285264366964319,0.26499486728259275
4701,0.496809,20,76,20,505446,100164,71836,36120,0.9278224461817778,0.265034780311702
4702,0.49681,34,117,34,505563,100047,71870,36086,0.9267386713105339,0.2650790036214584
4703,0.496811,28,94,28,505657,99953,71898,36058,0.9258679462003039,0.2651109101469734
4704,0.496812,32,120,32,505777,99833,71930,36026,0.9247563822297973,0.26517197977314716
4705,0.496813,31,87,31,505864,99746,71961,35995,0.9239504983511801,0.26517411835775484
4706,0.496814,32,118,32,505982,99628,71993,35963,0.9228574604468487,0.2652314681652912
4707,0.496815,23,75,23,506057,99553,72016,35940,0.9221627329652822,0.26525355553423424
4708,0.496816,11,64,11,506121,99489,72027,35929,0.9215698988476787,0.265319233779852
4709,0.496817,65,149,65,506270,99340,72092,35864,0.9201897069176331,0.26525842430697316
4710,0.496818,21,88,21,506358,99252,72113,35843,0.9193745600059283,0.2653169991487472
4711,0.496819,19,75,19,506433,99177,72132,35824,0.9186798325243618,0.26536099732594576
4712,0.49682,29,67,29,506500,99110,72161,35795,0.9180592093074956,0.26533486527556427
4713,0.496821,31,107,31,506607,99003,72192,35764,0.9170680647671273,0.2653765387669088
4714,0.496822,27,121,27,506728,98882,72219,35737,0.9159472377635333,0.26546772743817737
4715,0.496823,29,122,29,506850,98760,72248,35708,0.9148171477268516,0.26555016806972664
4716,0.496824,20,89,20,506939,98671,72268,35688,0.9139927377820594,0.2656167432029116
4717,0.496825,44,165,44,507104,98506,72312,35644,0.9124643373226129,0.26570257174804324
4718,0.496826,23,61,23,507165,98445,72335,35621,0.9118992923042721,0.26569749227992184
4719,0.496827,29,91,29,507256,98354,72364,35592,0.9110563562933047,0.26571902109805445
4720,0.496828,36,108,36,507364,98246,72400,35556,0.9100559487198489,0.2657359381773068
4721,0.496829,59,178,59,507542,98068,72459,35497,0.9084071288302642,0.2657657320405795
4722,0.49683,48,140,48,507682,97928,72507,35449,0.9071103041980066,0.2657804569003651
4723,0.496831,34,186,34,507868,97742,72541,35415,0.9053873800437215,0.265964237704364
4724,0.496832,25,87,25,507955,97655,72566,35390,0.9045814961651043,0.266000225487617
4725,0.496833,16,111,16,508066,97544,72582,35374,0.9035532994923858,0.2661340074331543
4726,0.496834,47,172,47,508238,97372,72629,35327,0.9019600578013265,0.2662190370688551
4727,0.496835,37,145,37,508383,97227,72666,35290,0.9006169180036311,0.26630545514915066
4728,0.496836,28,97,28,508480,97130,72694,35262,0.8997184037941384,0.26634539851350536
4729,0.496837,24,80,24,508560,97050,72718,35238,0.898977361147134,0.2663733671988389
4730,0.496838,29,89,29,508649,96961,72747,35209,0.8981529512023417,0.26639176817734733
4731,0.496839,42,141,42,508790,96820,72789,35167,0.8968468635369966,0.26644290725601766
4732,0.49684,23,79,23,508869,96741,72812,35144,0.8961150839230798,0.26647458012662545
4733,0.496841,22,112,22,508981,96629,72834,35122,0.8950776242172737,0.266578621794142
4734,0.496842,28,103,28,509084,96526,72862,35094,0.8941235318092556,0.2666312110621486
4735,0.496843,39,131,39,509215,96395,72901,35055,0.892910074474786,0.26667934575884367
4736,0.496844,28,84,28,509299,96311,72929,35027,0.8921319796954315,0.2666935692640363
4737,0.496845,33,102,33,509401,96209,72962,34994,0.891187150320501,0.26671646227601503
4738,0.496846,24,78,24,509479,96131,72986,34970,0.8904646337396717,0.2667409096803228
4739,0.496847,22,82,22,509561,96049,73008,34948,0.8897050650264923,0.2667847355282945
4740,0.496848,51,144,51,509705,95905,73059,34897,0.8883711882618844,0.26679255668873564
4741,0.496849,20,60,20,509765,95845,73079,34877,0.8878154062766312,0.2668028334939796
4742,0.49685,27,113,27,509878,95732,73106,34850,0.8867686835377376,0.2668821123891501
4743,0.496851,37,113,37,509991,95619,73143,34813,0.885721960798844,0.2669053606476938
4744,0.496852,42,127,42,510118,95492,73185,34771,0.8845455555967245,0.26692921243944945
4745,0.496853,23,95,23,510213,95397,73208,34748,0.883665567453407,0.26699450612778053
4746,0.496854,16,69,16,510282,95328,73224,34732,0.8830264181703658,0.2670459787790251
4747,0.496855,42,153,42,510435,95175,73266,34690,0.8816091741079699,0.26712355138027954
4748,0.496856,55,125,55,510560,95050,73321,34635,0.8804512949720257,0.2670702085823341
4749,0.496857,64,235,64,510795,94815,73385,34571,0.8782744821964504,0.2671927411002736
4750,0.496858,41,215,41,511010,94600,73426,34530,0.8762829300826263,0.2674049407573763
4751,0.496859,43,165,43,511175,94435,73469,34487,0.8747545296231798,0.2675028311692341
4752,0.49686,23,96,23,511271,94339,73492,34464,0.8738652784467746,0.2675714074982726
4753,0.496861,16,62,16,511333,94277,73508,34448,0.8732909703953462,0.26760924451349777
4754,0.496862,54,178,54,511511,94099,73562,34394,0.8716421505057617,0.2676721689119252
4755,0.496863,20,67,20,511578,94032,73582,34374,0.8710215272888955,0.26769777113219007
4756,0.496864,43,151,43,511729,93881,73625,34331,0.8696228092926748,0.26776744766480515
4757,0.496865,32,93,32,511822,93788,73657,34299,0.8687613472155322,0.267778931507491
4758,0.496866,25,115,25,511937,93673,73682,34274,0.8676960984104635,0.26787654263093313
4759,0.496867,35,111,35,512048,93562,73717,34239,0.866667901737745,0.267908701809845
4760,0.496868,44,190,44,512238,93372,73761,34195,0.8649079254511097,0.26805521804228366
4761,0.496869,30,97,30,512335,93275,73791,34165,0.864009411241617,0.26808694287507845
4762,0.49687,28,60,28,512395,93215,73819,34137,0.8634536292563637,0.26805232740750046
4763,0.496871,40,145,40,512540,93070,73859,34097,0.8621104894586683,0.2681277375419724
4764,0.496872,49,161,49,512701,92909,73908,34048,0.8606191411315721,0.2681852910828076
4765,0.496873,28,113,28,512814,92796,73936,34020,0.8595724183926785,0.26826267978803936
4766,0.496874,27,95,27,512909,92701,73963,33993,0.8586924302493608,0.26830789145500183
4767,0.496875,39,167,39,513076,92534,74002,33954,0.8571455037237393,0.2684365315286826
4768,0.496876,39,84,39,513160,92450,74041,33915,0.8563674089443848,0.26838919004471173
4769,0.496877,49,164,49,513324,92286,74090,33866,0.8548482715180259,0.26845392859407696
4770,0.496878,38,95,38,513419,92191,74128,33828,0.8539682833747082,0.26843571207516326
4771,0.496879,32,113,32,513532,92078,74160,33796,0.8529215606358146,0.26849071293515736
4772,0.49688,43,149,43,513681,91929,74203,33753,0.851541368705769,0.26855874349548864
4773,0.496881,18,99,18,513780,91830,74221,33735,0.8506243284301012,0.26866563134631466
4774,0.496882,36,108,36,513888,91722,74257,33699,0.8496239208566453,0.2686870619752673
4775,0.496883,39,132,39,514020,91590,74296,33660,0.8484012004890882,0.26874251497005985
4776,0.496884,73,231,73,514251,91359,74369,33587,0.8462614398458631,0.26881212683879435
4777,0.496885,33,130,33,514381,91229,74402,33554,0.8450572455444811,0.26889880833126306
4778,0.496886,41,167,41,514548,91062,74443,33513,0.8435103190188595,0.26901866345574954
4779,0.496887,32,114,32,514662,90948,74475,33481,0.8424543332468784,0.2690771443955991
4780,0.496888,68,212,68,514874,90736,74543,33413,0.8404905702323169,0.26913627979282956
4781,0.496889,26,56,26,514930,90680,74569,33387,0.8399718403794139,0.26910459670984227
4782,0.49689,45,196,45,515126,90484,74614,33342,0.8381562858942532,0.2692649362815564
4783,0.496891,35,126,35,515252,90358,74649,33307,0.8369891437252214,0.26933247078801603
4784,0.496892,28,83,28,515335,90275,74677,33279,0.8362203119789544,0.26934781553005166
4785,0.496893,48,141,48,515476,90134,74725,33231,0.8349142243136093,0.26937137761925994
4786,0.496894,18,96,18,515572,90038,74743,33213,0.834024973137204,0.26947448702241766
4787,0.496895,31,92,31,515664,89946,74774,33182,0.833172774093149,0.26949191085699437
4788,0.496896,44,150,44,515814,89796,74818,33138,0.8317833191300159,0.26955927570891697
4789,0.496897,36,132,36,515946,89664,74854,33102,0.8305605987624588,0.2696349152045355
4790,0.496898,23,61,23,516007,89603,74877,33079,0.8299955537441179,0.2696320568624574
4791,0.496899,27,84,27,516091,89519,74904,33052,0.8292174589647634,0.26965595450799945
4792,0.4969,25,112,25,516203,89407,74929,33027,0.8281799992589574,0.26975349984481434
4793,0.496901,53,167,53,516370,89240,74982,32974,0.8266330727333357,0.2698054232739293
4794,0.496902,29,123,29,516493,89117,75011,32945,0.8254937196635667,0.26990381937048386
4795,0.496903,36,143,36,516636,88974,75047,32909,0.8241691059320464,0.270004840707892
4796,0.496904,29,72,29,516708,88902,75076,32880,0.8235021675497425,0.26999063901069126
4797,0.496905,35,125,35,516833,88777,75111,32845,0.8223442884137983,0.2700580487082929
4798,0.496906,50,149,50,516982,88628,75161,32795,0.8209640964837527,0.2700888629007684
4799,0.496907,30,95,30,517077,88533,75191,32765,0.820084108340435,0.27011987007205396
4800,0.496908,42,159,42,517236,88374,75233,32723,0.8186112860795138,0.2702213927677812
4801,0.496909,41,146,41,517382,88228,75274,32682,0.817258883248731,0.2703002233065917
4802,0.49691,51,158,51,517540,88070,75325,32631,0.8157953240208974,0.27034573035848913
4803,0.496911,60,155,60,517695,87915,75385,32571,0.8143595538923265,0.270330162840496
4804,0.496912,30,95,30,517790,87820,75415,32541,0.8134795657490088,0.27036166200014955
4805,0.496913,57,165,57,517955,87655,75472,32484,0.8119511652895625,0.27038680195440284
4806,0.496914,37,124,37,518079,87531,75509,32447,0.8108025491867057,0.27044124756205307
4807,0.496915,40,109,40,518188,87422,75549,32407,0.8097928785801622,0.2704437156281034
4808,0.496916,20,80,20,518268,87342,75569,32387,0.809051835933158,0.2705025515956869
4809,0.496917,50,155,50,518423,87187,75619,32337,0.807616065804587,0.27054817442522006
4810,0.496918,42,109,42,518532,87078,75661,32295,0.8066063951980437,0.2705385639968837
4811,0.496919,31,103,31,518635,86975,75692,32264,0.8056523027900255,0.27058261139392314
4812,0.49692,38,98,38,518733,86877,75730,32226,0.8047445255474452,0.27057252965920253
4813,0.496921,18,77,18,518810,86800,75748,32208,0.8040312719997036,0.27063726808281796
4814,0.496922,34,137,34,518947,86663,75782,32174,0.8027622364667086,0.27074059425936364
4815,0.496923,53,132,53,519079,86531,75835,32121,0.8015395160991515,0.27071604355594514
4816,0.496924,41,149,41,519228,86382,75876,32080,0.800159324169106,0.2708041397241309
4817,0.496925,39,158,39,519386,86224,75915,32041,0.7986957649412724,0.27092546400033823
4818,0.496926,55,172,55,519558,86052,75970,31986,0.797102523250213,0.27098053169318354
4819,0.496927,50,173,50,519731,85879,76020,31936,0.7955000185260662,0.27106904893264866
4820,0.496928,41,163,41,519894,85716,76061,31895,0.7939901441327949,0.27119061992500704
4821,0.496929,58,214,58,520108,85502,76119,31837,0.7920078550520583,0.271324964419332
4822,0.49693,65,171,65,520279,85331,76184,31772,0.7904238763940865,0.27131670409810166
4823,0.496931,31,123,31,520402,85208,76215,31741,0.7892845233243173,0.27140890473625257
4824,0.496932,43,141,43,520543,85067,76258,31698,0.7879784356589722,0.27146833383291225
4825,0.496933,21,77,21,520620,84990,76279,31677,0.7872651821112305,0.271516367096094
4826,0.496934,18,87,18,520707,84903,76297,31659,0.7864592982326133,0.27160652699850724
4827,0.496935,27,85,27,520792,84818,76324,31632,0.7856719404201712,0.271635895234006
4828,0.496936,41,142,41,520934,84676,76365,31591,0.7843565897217385,0.27171080358141175
4829,0.496937,54,205,54,521139,84471,76419,31537,0.7824576679387899,0.27185194124543133
4830,0.496938,69,187,69,521326,84284,76488,31468,0.7807254807514172,0.2718570737438662
4831,0.496939,68,156,68,521482,84128,76556,31400,0.7792804475897588,0.2717955820234056
4832,0.49694,23,74,23,521556,84054,76579,31377,0.7785949831412797,0.2718247264599631
4833,0.496941,44,161,44,521717,83893,76623,31333,0.7771036348141835,0.2719264749275337
4834,0.496942,39,170,39,521887,83723,76662,31294,0.7755289191892993,0.27208151838423883
4835,0.496943,17,72,17,521959,83651,76679,31277,0.7748619808069954,0.2721442990393986
4836,0.496944,31,117,31,522076,83534,76710,31246,0.7737782059357516,0.27222512632862866
4837,0.496945,44,164,44,522240,83370,76754,31202,0.7722590685093927,0.27233530007331636
4838,0.496946,39,167,39,522407,83203,76793,31163,0.7707121419837711,0.27248482940734137
4839,0.496947,41,112,41,522519,83091,76834,31122,0.7696746822779651,0.272490872317512
4840,0.496948,20,94,20,522613,82997,76854,31102,0.768803957167735,0.27258784038422773
4841,0.496949,64,164,64,522777,82833,76918,31038,0.7672848197413761,0.27257159417235294
4842,0.49695,49,202,49,522979,82631,76967,30989,0.7654136870576902,0.272742474916388
4843,0.496951,22,84,22,523063,82547,76989,30967,0.7646355922783357,0.2728033546522896
4844,0.496952,34,121,34,523184,82426,77023,30933,0.7635147652747416,0.27287643680695844
4845,0.496953,45,192,45,523376,82234,77068,30888,0.7617362629219312,0.2730503350365093
4846,0.496954,55,132,55,523508,82102,77123,30833,0.760513542554374,0.2730154513658299
4847,0.496955,47,123,47,523631,81979,77170,30786,0.7593741894846049,0.27301024253979517
4848,0.496956,23,86,23,523717,81893,77193,30763,0.7585775686390752,0.27307023150120724
4849,0.496957,27,80,27,523797,81813,77220,30736,0.7578365259920709,0.2730899430470284
4850,0.496958,33,120,33,523917,81693,77253,30703,0.7567249620215644,0.2731680842734617
4851,0.496959,40,132,40,524049,81561,77293,30663,0.7555022416540071,0.2732303250641574
4852,0.49696,31,100,31,524149,81461,77324,30632,0.7545759383452517,0.2732730857413041
4853,0.496961,35,108,35,524257,81353,77359,30597,0.753575530771796,0.27330951317552477
4854,0.496962,58,154,58,524411,81199,77417,30539,0.7521490236763125,0.27330899067461384
4855,0.496963,47,142,47,524553,81057,77464,30492,0.7508336729778798,0.27335072479358846
4856,0.496964,38,143,38,524696,80914,77502,30454,0.7495090592463596,0.2734537748724948
4857,0.496965,45,123,45,524819,80791,77547,30409,0.7483697061765905,0.27346223021582733
4858,0.496966,19,87,19,524906,80704,77566,30390,0.7475638222979732,0.27355212702756226
4859,0.496967,36,89,36,524995,80615,77602,30354,0.746739412353181,0.27353585235516226
4860,0.496968,24,122,24,525117,80493,77626,30330,0.7456093223164993,0.27367965133591404
4861,0.496969,18,87,18,525204,80406,77644,30312,0.7448034384378821,0.2737766216875305
4862,0.49697,40,104,40,525308,80302,77684,30272,0.7438400829967765,0.2737714110007778
4863,0.496971,39,107,39,525415,80195,77723,30233,0.7428489384564082,0.27378020067374215
4864,0.496972,43,144,43,525559,80051,77766,30190,0.7415150616918004,0.2738545550203645
4865,0.496973,36,151,36,525710,79900,77802,30154,0.7401163436955797,0.27399276718701726
4866,0.496974,39,106,39,525816,79794,77841,30115,0.7391344621882989,0.2739993995032254
4867,0.496975,39,87,39,525903,79707,77880,30076,0.7383285783096817,0.2739586274741991
4868,0.496976,50,134,50,526037,79573,77930,30026,0.7370873318759494,0.27396235367111016
4869,0.496977,29,114,29,526151,79459,77959,29997,0.7360313461039683,0.27405532816839645
4870,0.496978,30,77,30,526228,79382,77989,29967,0.7353180925562266,0.2740491453968486
4871,0.496979,41,173,41,526401,79209,78030,29926,0.7337155878320797,0.27421083978558664
4872,0.49698,52,136,52,526537,79073,78082,29874,0.7324558153321724,0.2742067243705655
4873,0.496981,21,123,21,526660,78950,78103,29853,0.7313164622624032,0.2743766256445135
4874,0.496982,27,108,27,526768,78842,78130,29826,0.7303160546889473,0.27446902491993963
4875,0.496983,35,98,35,526866,78744,78165,29791,0.729408277446367,0.2744828857050721
4876,0.496984,61,194,61,527060,78550,78226,29730,0.7276112490273815,0.2745659401551533
4877,0.496985,52,155,52,527215,78395,78278,29678,0.7261754788988106,0.274610679818271
4878,0.496986,42,94,42,527309,78301,78320,29636,0.7253047537885805,0.2745675718243049
4879,0.496987,35,122,35,527431,78179,78355,29601,0.7241746637518989,0.2746427908702913
4880,0.496988,48,130,48,527561,78049,78403,29553,0.7229704694505169,0.2746510287912864
4881,0.496989,28,86,28,527647,77963,78431,29525,0.7221738486049872,0.27468182494790117
4882,0.49699,39,159,39,527806,77804,78470,29486,0.7207010263440661,0.2748252400037282
4883,0.496991,19,102,19,527908,77702,78489,29467,0.7197561969691356,0.274958243521914
4884,0.496992,59,209,59,528117,77493,78548,29408,0.7178202230538367,0.2750956492455637
4885,0.496993,43,86,43,528203,77407,78591,29365,0.7170236022083071,0.27502528752856553
4886,0.496994,17,66,17,528269,77341,78608,29348,0.7164122420245285,0.2750799051448603
4887,0.496995,35,85,35,528354,77256,78643,29313,0.7156248842120864,0.27506122793682963
4888,0.496996,24,88,24,528442,77168,78667,29289,0.7148097373003817,0.2751251679081695
4889,0.496997,34,138,34,528580,77030,78701,29255,0.7135314387342991,0.2752505057157642
4890,0.496998,44,131,44,528711,76899,78745,29211,0.7123179813998296,0.2752897936104043
4891,0.496999,47,175,47,528886,76724,78792,29164,0.7106969506095075,0.27542308854638864
4892,0.497,54,143,54,529029,76581,78846,29110,0.7093723368779873,0.2754255329214408
4893,0.497001,28,71,28,529100,76510,78874,29082,0.7087146615287709,0.2754185923175998
4894,0.497002,39,119,39,529219,76391,78913,29043,0.707612360591352,0.2754614261054309
4895,0.497003,31,117,31,529336,76274,78944,29012,0.7065285857201082,0.275554204737572
4896,0.497004,39,134,39,529470,76140,78983,28973,0.7052873392863759,0.27563669574648236
4897,0.497005,24,66,24,529536,76074,79007,28949,0.7046759791025974,0.27564438265903657
4898,0.497006,39,109,39,529645,75965,79046,28910,0.7036663084960539,0.27566150178784266
4899,0.497007,26,87,26,529732,75878,79072,28884,0.7028604246174367,0.275710658444856
4900,0.497008,46,115,46,529847,75763,79118,28838,0.701795175812368,0.27569526103956943
4901,0.497009,31,133,31,529980,75630,79149,28807,0.7005631924117233,0.2758313624481745
4902,0.49701,27,128,27,530108,75502,79176,28780,0.6993775241765163,0.27598243225101166
4903,0.497011,18,52,18,530160,75450,79194,28762,0.6988958464559636,0.2759950869381645
4904,0.497012,25,78,25,530238,75372,79219,28737,0.6981733298751344,0.276028009105841
4905,0.497013,25,73,25,530311,75299,79244,28712,0.6974971284597429,0.2760477257213179
4906,0.497014,61,121,61,530432,75178,79305,28651,0.6963763014561488,0.27594410039584316
4907,0.497015,50,160,50,530592,75018,79355,28601,0.6948942161621401,0.27602080699485615
4908,0.497016,38,109,38,530701,74909,79393,28563,0.6938845455555968,0.27604569352095254
4909,0.497017,38,133,38,530834,74776,79431,28525,0.692652562154952,0.2761347905634989
4910,0.497018,36,85,36,530919,74691,79467,28489,0.6918652043425099,0.276109711184338
4911,0.497019,31,64,31,530983,74627,79498,28458,0.6912723702249064,0.2760634427899306
4912,0.49702,23,68,23,531051,74559,79521,28435,0.6906424839749528,0.2760840437307028
4913,0.497021,23,97,23,531148,74462,79544,28412,0.68974396976546,0.27618251453234055
4914,0.497022,31,107,31,531255,74355,79575,28381,0.6887528252250917,0.2762517520635415
4915,0.497023,21,77,21,531332,74278,79596,28360,0.6880395716773501,0.2763109179835928
4916,0.497024,33,81,33,531413,74197,79629,28327,0.6872892659972581,0.27629628184620186
4917,0.497025,54,132,54,531545,74065,79683,28273,0.686066545629701,0.27627078895424967
4918,0.497026,63,160,63,531705,73905,79746,28210,0.6845844603356923,0.27625716104392106
4919,0.497027,45,116,45,531821,73789,79791,28165,0.683509948497536,0.27625203523157504
4920,0.497028,12,46,12,531867,73743,79803,28153,0.6830838489755086,0.27629151291512916
4921,0.497029,22,84,22,531951,73659,79825,28131,0.682305754196154,0.2763631005010315
4922,0.49703,54,174,54,532125,73485,79879,28077,0.6806939864389195,0.27645182253204936
4923,0.497031,73,189,73,532314,73296,79952,28004,0.6789432731853718,0.2764461994076999
4924,0.497032,39,79,39,532393,73217,79991,27965,0.678211493571455,0.2763831511533672
4925,0.497033,34,95,34,532488,73122,80025,27931,0.6773315054281374,0.2763995131267751
4926,0.497034,27,95,27,532583,73027,80052,27904,0.6764515172848198,0.2764661006033825
4927,0.497035,39,114,39,532697,72913,80091,27865,0.6753955315128386,0.27649883903232847
4928,0.497036,30,75,30,532772,72838,80121,27835,0.674700804031272,0.2764892274989322
4929,0.497037,45,126,45,532898,72712,80166,27790,0.6735336618622402,0.27651191021074206
4930,0.497038,26,78,26,532976,72634,80192,27764,0.672811145281411,0.27653937329428874
4931,0.497039,58,169,58,533145,72465,80250,27706,0.6712456926896143,0.27658703616815244
4932,0.49704,34,105,34,533250,72360,80284,27672,0.6702730742154211,0.27663147792706333
4933,0.497041,43,140,43,533390,72220,80327,27629,0.6689762495831635,0.2767078288215205
4934,0.497042,35,93,35,533483,72127,80362,27594,0.6681147875060209,0.2767120265540859
4935,0.497043,39,98,39,533581,72029,80401,27555,0.6672070102634406,0.2767010764781491
4936,0.497044,40,121,40,533702,71908,80441,27515,0.6660861832598466,0.27674682920451005
4937,0.497045,33,93,33,533795,71815,80474,27482,0.665224721182704,0.2767656626081352
4938,0.497046,36,115,36,533910,71700,80510,27446,0.6641594723776353,0.27682407762289957
4939,0.497047,58,199,58,534109,71501,80568,27388,0.662316128793212,0.27695699218315484
4940,0.497048,37,89,37,534198,71412,80605,27351,0.6614917188484197,0.2769356945414781
4941,0.497049,20,72,20,534270,71340,80625,27331,0.6608247804661158,0.27699121322374354
4942,0.49705,32,134,32,534404,71206,80657,27299,0.6595835340323836,0.27713314044972337
4943,0.497051,39,104,39,534508,71102,80696,27260,0.658620178591278,0.2771395457595413
4944,0.497052,44,106,44,534614,70996,80740,27216,0.6576382970839972,0.27711481285382644
4945,0.497053,40,103,40,534717,70893,80780,27176,0.6566842046759791,0.27711101367404584
4946,0.497054,81,262,81,534979,70631,80861,27095,0.6542572900070399,0.27725477355053924
4947,0.497055,31,98,31,535077,70533,80892,27064,0.6533495127644596,0.2773036056436161
4948,0.497056,37,66,37,535143,70467,80929,27027,0.652738152580681,0.27721705951135456
4949,0.497057,44,121,44,535264,70346,80973,26983,0.651617325577087,0.2772349453914044
4950,0.497058,54,186,54,535450,70160,81027,26929,0.6498944014228019,0.2773640680200641
4951,0.497059,27,61,27,535511,70099,81054,26902,0.6493293564044611,0.2773373470376594
4952,0.49706,22,68,22,535579,70031,81076,26880,0.6486994701545074,0.27736789425349034
4953,0.497061,47,138,47,535717,69893,81123,26833,0.6474211715884249,0.2774124847507392
4954,0.497062,38,142,38,535859,69751,81161,26795,0.6461058208899922,0.2775360967828807
4955,0.497063,26,51,26,535910,69700,81187,26769,0.645633406202527,0.2774881049870943
4956,0.497064,46,135,46,536045,69565,81233,26723,0.6443828967357071,0.2775319873712197
4957,0.497065,22,76,22,536121,69489,81255,26701,0.6436789062210531,0.27758602765360224
4958,0.497066,30,100,30,536221,69389,81285,26671,0.6427526029122976,0.2776493858005413
4959,0.497067,31,98,31,536319,69291,81316,26640,0.6418448256697173,0.2776995965850455
4960,0.497068,41,144,41,536463,69147,81357,26599,0.6405109489051095,0.277807950201575
4961,0.497069,23,74,23,536537,69073,81380,26576,0.6398254844566305,0.2778492195422848
4962,0.49707,56,147,56,536684,68926,81436,26520,0.63846381859276,0.2778534459275402
4963,0.497071,50,83,50,536767,68843,81486,26470,0.6376949868464931,0.2777165759130444
4964,0.497072,36,84,36,536851,68759,81522,26434,0.6369168920671384,0.2776884854978833
4965,0.497073,38,134,38,536985,68625,81560,26396,0.6356756456334062,0.27779122509761
4966,0.497074,40,133,40,537118,68492,81600,26356,0.6344436622327615,0.2778761808367072
4967,0.497075,29,101,29,537219,68391,81629,26327,0.6335080958909185,0.27795139255474144
4968,0.497076,27,124,27,537343,68267,81656,26300,0.6323594797880618,0.27810970000105745
4969,0.497077,23,67,23,537410,68200,81679,26277,0.6317388565711957,0.2781311853678673
4970,0.497078,28,74,28,537484,68126,81707,26249,0.6310533921227167,0.2781350993377483
4971,0.497079,37,160,37,537644,67966,81744,26212,0.629571306828708,0.27832402471914885
4972,0.49708,55,127,55,537771,67839,81799,26157,0.6283949016265886,0.27827779905527894
4973,0.497081,35,89,35,537860,67750,81834,26122,0.6275704916817962,0.2782725413328788
4974,0.497082,44,154,44,538014,67596,81878,26078,0.6261439845863129,0.2783910156500203
4975,0.497083,50,126,50,538140,67470,81928,26028,0.6249768424172811,0.2783802862093307
4976,0.497084,45,120,45,538260,67350,81973,25983,0.6238652784467746,0.2783902799652856
4977,0.497085,51,118,51,538378,67232,82024,25932,0.6227722405424432,0.2783478596882916
4978,0.497086,42,113,42,538491,67119,82066,25890,0.6217255178035496,0.2783601586943199
4979,0.497087,58,161,58,538652,66958,82124,25832,0.6202341694764534,0.2783920681107878
4980,0.497088,40,137,40,538789,66821,82164,25792,0.6189651339434584,0.27849222031464266
4981,0.497089,32,103,32,538892,66718,82196,25760,0.6180110415354404,0.27855273686714677
4982,0.49709,31,98,31,538990,66620,82227,25729,0.61710326429286,0.27860615707804093
4983,0.497091,32,107,32,539097,66513,82259,25697,0.6161121197524918,0.2786791020496692
4984,0.497092,26,113,26,539210,66400,82285,25671,0.6150653970135981,0.2788174343713004
4985,0.497093,49,111,49,539321,66289,82334,25622,0.6140372003408796,0.2787696793637323
4986,0.497094,40,90,40,539411,66199,82374,25582,0.6132035273629998,0.2787287129144376
4987,0.497095,45,101,45,539512,66098,82419,25537,0.6122679610211568,0.27868172641457956
4988,0.497096,25,77,25,539589,66021,82444,25512,0.6115547074734151,0.2787191504703222
4989,0.497097,31,79,31,539668,65942,82475,25481,0.6108229278594983,0.2787154217210111
4990,0.497098,42,147,42,539815,65795,82517,25439,0.6094612619956279,0.27883245281364405
4991,0.497099,47,134,47,539949,65661,82564,25392,0.6082200155618955,0.2788705479226385
4992,0.4971,24,108,24,540057,65553,82588,25368,0.6072196079884398,0.27901144950011547
4993,0.497101,33,67,33,540124,65486,82621,25335,0.6065989847715736,0.2789553076931547
4994,0.497102,47,168,47,540292,65318,82668,25288,0.6050427952128645,0.2790985144471669
4995,0.497103,58,179,58,540471,65139,82726,25230,0.6033847122901923,0.27918865982803837
4996,0.497104,59,219,59,540690,64920,82785,25171,0.601356108044018,0.2793952781076911
4997,0.497105,31,95,31,540785,64825,82816,25140,0.6004761199007003,0.2794420052242539
4998,0.497106,50,136,50,540921,64689,82866,25090,0.5992163474007929,0.2794640171977857
4999,0.497107,20,53,20,540974,64636,82886,25070,0.5987254066471526,0.27946848594296925
5000,0.497108,18,102,18,541076,64534,82904,25052,0.597780577272222,0.27964190833389146
5001,0.497109,45,133,45,541209,64401,82949,25007,0.5965485938715773,0.2796953292770222
5002,0.49711,35,115,35,541324,64286,82984,24972,0.5954833450665086,0.27977324161419703
5003,0.497111,40,112,40,541436,64174,83024,24932,0.5944458853607025,0.27980158462954235
5004,0.497112,23,65,23,541501,64109,83047,24909,0.5938437882100115,0.27981981172347165
5005,0.497113,50,157,50,541658,63952,83097,24859,0.5923894920152655,0.2799090202790195
5006,0.497114,43,102,43,541760,63850,83140,24816,0.5914446626403349,0.27988180362258364
5007,0.497115,39,135,39,541895,63715,83179,24777,0.5901941531735151,0.27999141165303076
5008,0.497116,20,66,20,541961,63649,83199,24757,0.5895827929897366,0.2800375540121711
5009,0.497117,31,76,31,542037,63573,83230,24726,0.5888788024750824,0.2800258213569803
5010,0.497118,40,118,40,542155,63455,83270,24686,0.587785764570751,0.2800739723851556
5011,0.497119,30,138,30,542293,63317,83300,24656,0.5865074660046685,0.2802678094415332
5012,0.49712,37,140,37,542433,63177,83337,24619,0.585210641372411,0.2804114082646134
5013,0.497121,43,122,43,542555,63055,83380,24576,0.5840805513357293,0.2804486996610788
5014,0.497122,32,105,32,542660,62950,83412,24544,0.5831079328615362,0.2805220929435161
5015,0.497123,40,116,40,542776,62834,83452,24504,0.5820334210233798,0.28056516064027115
5016,0.497124,41,101,41,542877,62733,83493,24463,0.581097854681537,0.28055186017707234
5017,0.497125,58,164,58,543041,62569,83551,24405,0.5795787172551781,0.280601099179065
5018,0.497126,48,153,48,543194,62416,83599,24357,0.5781614731927822,0.280697912945271
5019,0.497127,29,97,29,543291,62319,83628,24328,0.5772629589832895,0.2807714058190128
5020,0.497128,31,139,31,543430,62180,83659,24297,0.5759753973841194,0.28096488083536664
5021,0.497129,14,27,14,543457,62153,83673,24283,0.5757252954907555,0.2809361839974085
5022,0.49713,26,105,26,543562,62048,83699,24257,0.5747526770165623,0.28106135218121775
5023,0.497131,48,180,48,543742,61868,83747,24209,0.5730853310608025,0.2812481847648036
5024,0.497132,36,113,36,543855,61755,83783,24173,0.5720386083219089,0.2813169164882227
5025,0.497133,40,128,40,543983,61627,83823,24133,0.570852940086702,0.28140158582089553
5026,0.497134,22,84,22,544067,61543,83845,24111,0.5700748453073474,0.2814929833983235
5027,0.497135,33,152,33,544219,61391,83878,24078,0.5686668642780393,0.281716177795458
5028,0.497136,21,40,21,544259,61351,83899,24057,0.568296342954537,0.2816715061820907
5029,0.497137,29,88,29,544347,61263,83928,24028,0.5674811960428323,0.28171788348125826
5030,0.497138,17,53,17,544400,61210,83945,24011,0.5669902552891919,0.28174980345220074
5031,0.497139,34,69,34,544469,61141,83979,23977,0.5663511060061507,0.2816912991376677
5032,0.49714,16,55,16,544524,61086,83995,23961,0.5658416391863351,0.2817383329217962
5033,0.497141,36,99,36,544623,60987,84031,23925,0.5649245989106673,0.2817622950819672
5034,0.497142,37,121,37,544744,60866,84068,23888,0.5638037719070732,0.2818510040824032
5035,0.497143,41,109,41,544853,60757,84109,23847,0.5627941013005299,0.2818661056214836
5036,0.497144,29,145,29,544998,60612,84138,23818,0.5614509615028345,0.28210351770697617
5037,0.497145,27,82,27,545080,60530,84165,23791,0.5606913927896551,0.28214798211596165
5038,0.497146,25,95,25,545175,60435,84190,23766,0.5598114046463374,0.28225317989097515
5039,0.497147,39,98,39,545273,60337,84229,23727,0.5589036274037571,0.282249238675295
5040,0.497148,25,56,25,545329,60281,84254,23702,0.5583848975508541,0.28222378338473264
5041,0.497149,28,121,28,545450,60160,84282,23674,0.55726407054726,0.2823913925137772
5042,0.49715,14,86,14,545536,60074,84296,23660,0.5564674497017303,0.2825614445744859
5043,0.497151,30,100,30,545636,59974,84326,23630,0.5555411463929749,0.2826419788526865
5044,0.497152,44,109,44,545745,59865,84370,23586,0.5545314757864315,0.2826329223136931
5045,0.497153,31,102,31,545847,59763,84401,23555,0.553586646411501,0.2827120190114981
5046,0.497154,33,109,33,545956,59654,84434,23522,0.5525769758049576,0.2827979224776378
5047,0.497155,31,100,31,546056,59554,84465,23491,0.5516506724962021,0.28287073273526403
5048,0.497156,54,171,54,546227,59383,84519,23437,0.5500666938382304,0.2829872011591403
5049,0.497157,15,54,15,546281,59329,84534,23422,0.5495664900515025,0.28304189677466135
5050,0.497158,32,109,32,546390,59220,84566,23390,0.548556819444959,0.2831376346689263
5051,0.497159,27,105,27,546495,59115,84593,23363,0.5475842009707659,0.28326341569873176
5052,0.49716,45,129,45,546624,58986,84638,23318,0.5463892697024714,0.2833155132192846
5053,0.497161,26,60,26,546684,58926,84664,23292,0.5458334877172182,0.28329562869444647
5054,0.497162,38,116,38,546800,58810,84702,23254,0.5447589758790619,0.28336420354845
5055,0.497163,29,89,29,546889,58721,84731,23225,0.5439345659342695,0.28341834866863547
5056,0.497164,29,90,29,546979,58631,84760,23196,0.5431008929563896,0.2834761142410207
5057,0.497165,37,115,37,547094,58516,84797,23159,0.5420356441513209,0.28355065809611263
5058,0.497166,57,162,57,547256,58354,84854,23102,0.5405350327911371,0.2836132390493027
5059,0.497167,26,91,26,547347,58263,84880,23076,0.5396920967801697,0.28370154538413306
5060,0.497168,32,113,32,547460,58150,84912,23044,0.5386453740412761,0.2838140749316452
5061,0.497169,27,95,27,547555,58055,84939,23017,0.5377653858979584,0.28390813104401025
5062,0.49717,31,67,31,547622,57988,84970,22986,0.5371447626810923,0.28386889618890015
5063,0.497171,33,112,33,547734,57876,85003,22953,0.5361073029752862,0.2839698623018966
5064,0.497172,38,133,38,547867,57743,85041,22915,0.5348753195746415,0.28410077115723176
5065,0.497173,32,87,32,547954,57656,85073,22883,0.5340694356960243,0.28412321980655336
5066,0.497174,40,117,40,548071,57539,85113,22843,0.5329856608247805,0.28418053793137765
5067,0.497175,20,71,20,548142,57468,85133,22823,0.5323279854755641,0.2842535277926542
5068,0.497176,44,94,44,548236,57374,85177,22779,0.531457260365334,0.28419397901513355
5069,0.497177,18,69,18,548305,57305,85195,22761,0.5308181110822928,0.2842779706741938
5070,0.497178,23,82,23,548387,57223,85218,22738,0.5300585423691133,0.2843636272682933
5071,0.497179,26,52,26,548439,57171,85244,22712,0.5295768646485606,0.284315811874867
5072,0.49718,41,112,41,548551,57059,85285,22671,0.5285394049427544,0.2843471717045027
5073,0.497181,39,114,39,548665,56945,85324,22632,0.5274834191707732,0.2844037850132576
5074,0.497182,41,86,41,548751,56859,85365,22591,0.5266867983252436,0.28434235368156074
5075,0.497183,49,111,49,548862,56748,85414,22542,0.5256586016525251,0.28429814604615966
5076,0.497184,50,153,50,549015,56595,85464,22492,0.5242413575901294,0.28439566553289414
5077,0.497185,48,138,48,549153,56457,85512,22444,0.5229630590240468,0.28445773817822334
5078,0.497186,21,67,21,549220,56390,85533,22423,0.5223424358071806,0.2845089008158552
5079,0.497187,36,94,36,549314,56296,85569,22387,0.5214717106969506,0.28452143410901976
5080,0.497188,28,84,28,549398,56212,85597,22359,0.5206936159175961,0.2845706431125988
5081,0.497189,23,66,23,549464,56146,85620,22336,0.5200822557338175,0.2846002905124742
5082,0.49719,19,70,19,549534,56076,85639,22317,0.5194338434176887,0.2846810301940224
5083,0.497191,35,55,35,549589,56021,85674,22282,0.5189243765978732,0.2845612556351608
5084,0.497192,27,57,27,549646,55964,85701,22255,0.5183963837118826,0.28452166353443537
5085,0.497193,29,94,29,549740,55870,85730,22226,0.5175256586016526,0.2845984429420201
5086,0.497194,21,68,21,549808,55802,85751,22205,0.5168957723516988,0.28465394131295907
5087,0.497195,23,69,23,549877,55733,85774,22182,0.5162566230686576,0.28469485978309694
5088,0.497196,45,139,45,550016,55594,85819,22137,0.5149690614694876,0.2847898521825269
5089,0.497197,25,60,25,550076,55534,85844,22112,0.5144132794842343,0.2847796409344976
5090,0.497198,61,141,61,550217,55393,85905,22051,0.5131071918188892,0.284734776096276
5091,0.497199,36,85,36,550302,55308,85941,22015,0.5123198340064471,0.28471476792157574
5092,0.4972,29,56,29,550358,55252,85970,21986,0.5118011041535441,0.284652632124084
5093,0.497201,15,48,15,550406,55204,85985,21971,0.5113564785653414,0.28469063816002593
5094,0.497202,40,108,40,550514,55096,86025,21931,0.5103560709918856,0.28471834551520897
5095,0.497203,35,107,35,550621,54989,86060,21896,0.5093649264515173,0.2847889705404175
5096,0.497204,35,102,35,550723,54887,86095,21861,0.5084200970765868,0.28484129879605985
5097,0.497205,39,132,39,550855,54755,86134,21822,0.5071973767090296,0.2849680713530172
5098,0.497206,8,63,8,550918,54692,86142,21814,0.5066138056245136,0.28512796381983113
5099,0.497207,31,110,31,551028,54582,86173,21783,0.5055948719848827,0.28524847770575523
5100,0.497208,39,103,39,551131,54479,86212,21744,0.5046407795768646,0.28526822612597247
5101,0.497209,23,86,23,551217,54393,86235,21721,0.503844158731335,0.2853745697243608
5102,0.49721,14,48,14,551265,54345,86249,21707,0.5033995331431323,0.28542313154157684
5103,0.497211,23,81,23,551346,54264,86272,21684,0.5026492274630405,0.2855111392005056
5104,0.497212,34,72,34,551418,54192,86306,21650,0.5019822890807366,0.2854618812795021
5105,0.497213,43,169,43,551587,54023,86349,21607,0.50041683648894,0.28569350786724845
5106,0.497214,56,160,56,551747,53863,86405,21551,0.49893475119493125,0.28576922056912507
5107,0.497215,16,57,16,551804,53806,86421,21535,0.49840675830894066,0.28583374258371935
5108,0.497216,53,133,53,551937,53673,86474,21482,0.497174774908296,0.2858359390592775
5109,0.497217,30,80,30,552017,53593,86504,21452,0.4964337322612916,0.28585515357452196
5110,0.497218,48,150,48,552167,53443,86552,21404,0.49504427729815853,0.28597004555960825
5111,0.497219,34,105,34,552272,53338,86586,21370,0.4940716588239653,0.2860470096910639
5112,0.49722,40,78,40,552350,53260,86626,21330,0.4933491422431361,0.28596326585333154
5113,0.497221,49,143,49,552493,53117,86675,21281,0.4920245285116158,0.2860426355547192
5114,0.497222,44,132,44,552625,52985,86719,21237,0.4908018081440587,0.28612810217994666
5115,0.497223,27,90,27,552715,52895,86746,21210,0.4899681351661788,0.2862155050266514
5116,0.497224,38,80,38,552795,52815,86784,21172,0.48922709251917446,0.28615837917471987
5117,0.497225,25,62,25,552857,52753,86809,21147,0.4886527844677461,0.2861569688768606
5118,0.497226,28,63,28,552920,52690,86837,21119,0.4880692133832302,0.2861304176997385
5119,0.497227,42,131,42,553051,52559,86879,21077,0.4868557560487606,0.2862322776902602
5120,0.497228,38,138,38,553189,52421,86917,21039,0.4855774574826781,0.28640076231962974
5121,0.497229,31,83,31,553272,52338,86948,21008,0.48480862573641115,0.28642325416518966
5122,0.49723,29,79,29,553351,52259,86977,20979,0.48407684612249435,0.286449657281739
5123,0.497231,41,110,41,553461,52149,87018,20938,0.4830579124828634,0.28648049584741475
5124,0.497232,9,32,9,553493,52117,87027,20929,0.48276149542406166,0.28651808449470195
5125,0.497233,31,92,31,553585,52025,87058,20898,0.4819092963800067,0.2865762516627127
5126,0.497234,30,75,30,553660,51950,87088,20868,0.4812145688984401,0.28657749457551707
5127,0.497235,60,167,60,553827,51783,87148,20808,0.47966764237281856,0.28664710501301816
5128,0.497236,7,31,7,553858,51752,87155,20801,0.4793804883471044,0.28670075668821415
5129,0.497237,30,115,30,553973,51637,87185,20771,0.47831523954203564,0.2868605678930505
5130,0.497238,22,62,22,554035,51575,87207,20749,0.47774093149060726,0.28688955256899507
5131,0.497239,21,72,21,554107,51503,87228,20728,0.4770739931083034,0.2869681992496297
5132,0.49724,12,45,12,554152,51458,87240,20716,0.4766571566193634,0.28702856984509656
5133,0.497241,29,100,29,554252,51358,87269,20687,0.47573085331060805,0.2871399819557221
5134,0.497242,30,83,30,554335,51275,87299,20657,0.47496202156434103,0.2871739976644609
5135,0.497243,37,105,37,554440,51170,87336,20620,0.47398940309014786,0.2872266332358267
5136,0.497244,23,83,23,554523,51087,87359,20597,0.47322057134388085,0.2873305061101501
5137,0.497245,31,97,31,554620,50990,87390,20566,0.4723220571343881,0.28741125831516573
5138,0.497246,25,98,25,554718,50892,87415,20541,0.4714142798918078,0.2875561715173659
5139,0.497247,22,66,22,554784,50826,87437,20519,0.4708029197080292,0.2876024949190553
5140,0.497248,40,99,40,554883,50727,87477,20479,0.4698858794323613,0.2876021683565992
5141,0.497249,37,118,37,555001,50609,87514,20442,0.4687928415280299,0.2877088288694037
5142,0.49725,16,47,16,555048,50562,87530,20426,0.4683574789729149,0.287738772750324
5143,0.497251,44,123,44,555171,50439,87574,20382,0.4672181259031457,0.2877959927140255
5144,0.497252,17,77,17,555248,50362,87591,20365,0.46650487235540405,0.28793812829612453
5145,0.497253,39,86,39,555334,50276,87630,20326,0.4657082515098744,0.2878955270388941
5146,0.497254,29,71,29,555405,50205,87659,20297,0.46505057616065804,0.28789254205554454
5147,0.497255,25,82,25,555487,50123,87684,20272,0.4642910074474786,0.2879749982243057
5148,0.497256,14,39,14,555526,50084,87698,20258,0.463929749157064,0.2879929487361747
5149,0.497257,26,81,26,555607,50003,87724,20232,0.4631794434769721,0.2880615077952588
5150,0.497258,58,158,58,555765,49845,87782,20174,0.46171588424913856,0.28812179551264655
5151,0.497259,40,117,40,555882,49728,87822,20134,0.46063210937789467,0.2881967306976611
5152,0.49726,25,85,25,555967,49643,87847,20109,0.45984475156545257,0.28829280880834957
5153,0.497261,19,64,19,556031,49579,87866,20090,0.4592519174478491,0.2883635476323759
5154,0.497262,20,87,20,556118,49492,87886,20070,0.4584460335692319,0.28851959403122396
5155,0.497263,24,64,24,556182,49428,87910,20046,0.45785319945162845,0.28853959754728387
5156,0.497264,36,117,36,556299,49311,87946,20010,0.4567694245803846,0.2886571168909854
5157,0.497265,40,114,40,556413,49197,87986,19970,0.4557134388084034,0.28872150013734876
5158,0.497266,51,148,51,556561,49049,88037,19919,0.4543425099114454,0.2888151026563044
5159,0.497267,29,70,29,556631,48979,88066,19890,0.4536940975953166,0.28880918845924874
5160,0.497268,16,41,16,556672,48938,88082,19874,0.4533143132387269,0.2888159042027553
5161,0.497269,32,106,32,556778,48832,88114,19842,0.45233243173144616,0.28893030841366457
5162,0.49727,24,35,24,556813,48797,88138,19818,0.45200822557338177,0.2888289732565765
5163,0.497271,10,59,10,556872,48738,88148,19808,0.45146170662121604,0.2889738277944738
5164,0.497272,32,112,32,556984,48626,88180,19776,0.45042424691541,0.28911435338148006
5165,0.497273,23,69,23,557053,48557,88203,19753,0.44978509763236874,0.28916703264529353
5166,0.497274,31,89,31,557142,48468,88234,19722,0.4489606876875764,0.28922129344478664
5167,0.497275,41,108,41,557250,48360,88275,19681,0.4479602801141206,0.28925206860569364
5168,0.497276,37,131,37,557381,48229,88312,19644,0.44674682277965094,0.28942289275558764
5169,0.497277,28,63,28,557444,48166,88340,19616,0.44616325169513504,0.28939836534773244
5170,0.497278,25,54,25,557498,48112,88365,19591,0.4456630479084071,0.2893667931997105
5171,0.497279,40,128,40,557626,47984,88405,19551,0.44447737967320017,0.2894943362700822
5172,0.49728,53,159,53,557785,47825,88458,19498,0.44300455741227907,0.28961870386049343
5173,0.497281,15,43,15,557828,47782,88473,19483,0.44260624698951423,0.2896454322455958
5174,0.497282,22,85,22,557913,47697,88495,19461,0.4418188891770721,0.2897793263646922
5175,0.497283,35,80,35,557993,47617,88530,19426,0.4410778465300678,0.28975433676893936
5176,0.497284,68,180,68,558173,47437,88598,19358,0.439410500574308,0.28981211168500637
5177,0.497285,28,66,28,558239,47371,88626,19330,0.4387991403905295,0.2898007526124046
5178,0.497286,37,81,37,558320,47290,88663,19293,0.4380488347104376,0.28975864710211313
5179,0.497287,18,64,18,558384,47226,88681,19275,0.4374560005928341,0.28984526548472955
5180,0.497288,30,83,30,558467,47143,88711,19245,0.4366871688465671,0.2898867265168404
5181,0.497289,22,64,22,558531,47079,88733,19223,0.43609433472896364,0.28993092214412836
5182,0.49729,12,49,12,558580,47030,88745,19211,0.4356404461076735,0.2900167569934029
5183,0.497291,23,69,23,558649,46961,88768,19188,0.43500129682463223,0.2900724122813648
5184,0.497292,30,96,30,558745,46865,88798,19158,0.43411204564822703,0.29017160686427457
5185,0.497293,41,132,41,558877,46733,88839,19117,0.4328893252806699,0.2903113135914958
5186,0.497294,23,85,23,558962,46648,88862,19094,0.4321019674682278,0.29043838033524993
5187,0.497295,39,83,39,559045,46565,88901,19055,0.4313331357219608,0.2903840292593721
5188,0.497296,38,89,38,559134,46476,88939,19017,0.4305087257771685,0.2903669094407036
5189,0.497297,29,63,29,559197,46413,88968,18988,0.4299251546926526,0.290331952110824
5190,0.497298,50,136,50,559333,46277,89018,18938,0.4286653821927452,0.29039331442152877
5191,0.497299,29,84,29,559417,46193,89047,18909,0.42788728741339066,0.29045190623943967
5192,0.4973,43,126,43,559543,46067,89090,18866,0.4267201452443588,0.2905456393513314
5193,0.497301,22,75,22,559618,45992,89112,18844,0.42602541776279224,0.29064100191251774
5194,0.497302,18,59,18,559677,45933,89130,18826,0.42547889881062656,0.2907086273722571
5195,0.497303,21,57,21,559734,45876,89151,18805,0.42495090592463597,0.29073452791391596
5196,0.497304,32,97,32,559831,45779,89183,18773,0.4240523917151432,0.290819804188871
5197,0.497305,43,124,43,559955,45655,89226,18730,0.4229037756122865,0.29090626698765243
5198,0.497306,22,57,22,560012,45598,89248,18708,0.4223757827262959,0.29092153142786054
5199,0.497307,16,67,16,560079,45531,89264,18692,0.42175515950942977,0.2910483783068371
5200,0.497308,27,64,27,560143,45467,89291,18665,0.4211623253918263,0.2910403542693195
5201,0.497309,43,97,43,560240,45370,89334,18622,0.4202638111823335,0.2910051256407051
5202,0.49731,20,55,20,560295,45315,89354,18602,0.4197543443625181,0.2910336843093387
5203,0.497311,24,50,24,560345,45265,89378,18578,0.41929119270814036,0.29099509734818224
5204,0.497312,40,82,40,560427,45183,89418,18538,0.4185316239949609,0.29092449898777484
5205,0.497313,31,70,31,560497,45113,89449,18507,0.41788321167883213,0.29089908833700096
5206,0.497314,26,70,26,560567,45043,89475,18481,0.4172347993627033,0.29092941250550974
5207,0.497315,19,68,19,560635,44975,89494,18462,0.41660491311274966,0.2910288948090231
5208,0.497316,32,89,32,560724,44886,89526,18430,0.41578050316795734,0.29107966390801693
5209,0.497317,34,96,34,560820,44790,89560,18396,0.41489125199155213,0.2911404425030861
5210,0.497318,48,141,48,560961,44649,89608,18348,0.41358516432620696,0.29125196437925616
5211,0.497319,20,62,20,561023,44587,89628,18328,0.4130108562747786,0.29131367718350154
5212,0.49732,47,103,47,561126,44484,89675,18281,0.41205676386676054,0.29126105313470885
5213,0.497321,25,87,25,561213,44397,89700,18256,0.4112508799881433,0.29138269516224286
5214,0.497322,33,81,33,561294,44316,89733,18223,0.4105005743080514,0.29138617502678327
5215,0.497323,21,64,21,561358,44252,89754,18202,0.40990774019044796,0.2914465046274058
5216,0.497324,35,85,35,561443,44167,89789,18167,0.40912038237800585,0.29144608079057976
5217,0.497325,35,108,35,561551,44059,89824,18132,0.40811997480455,0.2915534402083903
5218,0.497326,16,60,16,561611,43999,89840,18116,0.40756419281929673,0.29165257989213556
5219,0.497327,31,84,31,561695,43915,89871,18085,0.4067860980399422,0.29169354838709677
5220,0.497328,14,55,14,561750,43860,89885,18071,0.4062766312201267,0.29179247872632447
5221,0.497329,31,84,31,561834,43776,89916,18040,0.40549853644077216,0.291833829429274
5222,0.49733,18,54,18,561888,43722,89934,18022,0.4049983326540442,0.2918826120756673
5223,0.497331,22,62,22,561950,43660,89956,18000,0.4044240246026159,0.2919234511839118
5224,0.497332,39,96,39,562046,43564,89995,17961,0.4035347734262107,0.2919301097114994
5225,0.497333,22,57,22,562103,43507,90017,17939,0.4030067805402201,0.29194740096995736
5226,0.497334,19,48,19,562151,43459,90036,17920,0.40256215495201747,0.2919565323644895
5227,0.497335,34,105,34,562256,43354,90070,17886,0.4015895364778243,0.2920640104506858
5228,0.497336,16,36,16,562292,43318,90086,17870,0.40125606728667235,0.29205072890109174
5229,0.497337,48,84,48,562376,43234,90134,17822,0.4004779725073178,0.291895964360587
5230,0.497338,42,114,42,562490,43120,90176,17780,0.39942198673533663,0.29195402298850576
5231,0.497339,41,123,41,562613,42997,90217,17739,0.39828263366556743,0.2920673076923077
5232,0.49734,30,91,30,562704,42906,90247,17709,0.3974396976546,0.2921554070774561
5233,0.497341,32,59,32,562763,42847,90279,17677,0.39689317870243435,0.29206595730619256
5234,0.497342,37,92,37,562855,42755,90316,17640,0.39604097965837937,0.29207715870519085
5235,0.497343,23,49,23,562904,42706,90339,17617,0.39558709103708917,0.2920444938083318
5236,0.497344,21,74,21,562978,42632,90360,17596,0.39490162658861017,0.29215647207279005
5237,0.497345,36,70,36,563048,42562,90396,17560,0.3942532142724814,0.2920727853364825
5238,0.497346,19,62,19,563110,42500,90415,17541,0.393678906221053,0.2921503639179894
5239,0.497347,15,67,15,563177,42433,90430,17526,0.3930582830041869,0.2922997381544055
5240,0.497348,35,66,35,563243,42367,90465,17491,0.39244692282040833,0.2922082261351866
5241,0.497349,27,66,27,563309,42301,90492,17464,0.3918355626366297,0.29221116037814776
5242,0.49735,38,104,38,563413,42197,90530,17426,0.3908722071955241,0.2922697616691545
5243,0.497351,14,29,14,563442,42168,90544,17412,0.39060357923598504,0.292245720040282
5244,0.497352,16,55,16,563497,42113,90560,17396,0.39009411241616954,0.2923255305920113
5245,0.497353,16,63,16,563560,42050,90576,17380,0.38951054133165364,0.29244489315160693
5246,0.497354,25,61,25,563621,41989,90601,17355,0.3889454963133128,0.29244742518198974
5247,0.497355,31,96,31,563717,41893,90632,17324,0.3880562451369076,0.29255112552138746
5248,0.497356,22,77,22,563794,41816,90654,17302,0.38734299158916596,0.29266889948915725
5249,0.497357,31,91,31,563885,41725,90685,17271,0.3865000555781985,0.2927486609261645
5250,0.497358,46,113,46,563998,41612,90731,17225,0.3854533328393049,0.2927579584275201
5251,0.497359,17,30,17,564028,41582,90748,17208,0.3851754418466783,0.2927028406191529
5252,0.49736,33,88,33,564116,41494,90781,17175,0.38436029493497353,0.2927440385893743
5253,0.497361,6,40,6,564156,41454,90787,17169,0.38398977361147135,0.29287139859781997
5254,0.497362,31,63,31,564219,41391,90818,17138,0.38340620252695545,0.2928121102359514
5255,0.497363,48,115,48,564334,41276,90866,17090,0.3823409537218867,0.2928074563958469
5256,0.497364,25,67,25,564401,41209,90891,17065,0.3817203305050206,0.29284071798743866
5257,0.497365,12,34,12,564435,41175,90903,17053,0.3814053873800437,0.2928659751322388
5258,0.497366,24,48,24,564483,41127,90927,17029,0.38096076179184113,0.29281587454432906
5259,0.497367,23,55,23,564538,41072,90950,17006,0.3804512949720256,0.2928131133992217
5260,0.497368,38,80,38,564618,40992,90988,16968,0.3797102523250213,0.2927536231884058
5261,0.497369,19,44,19,564662,40948,91007,16949,0.3793026788691689,0.29274401091593694
5262,0.49737,25,72,25,564734,40876,91032,16924,0.37863574048686505,0.29280276816608997
5263,0.497371,12,38,12,564772,40838,91044,16912,0.37828374522953795,0.29284848484848486
5264,0.497372,34,81,34,564853,40757,91078,16878,0.37753343954944607,0.2928428906046673
5265,0.497373,18,39,18,564892,40718,91096,16860,0.37717218125903146,0.292820174372156
5266,0.497374,17,46,17,564938,40672,91113,16843,0.37674608173700397,0.29284534469268886
5267,0.497375,33,73,33,565011,40599,91146,16810,0.3760698803216125,0.2928112316884112
5268,0.497376,36,104,36,565115,40495,91182,16774,0.3751065248805069,0.292898426723009
5269,0.497377,24,54,24,565169,40441,91206,16750,0.37460632109377895,0.2928782500743124
5270,0.497378,41,116,41,565285,40325,91247,16709,0.3735318092556227,0.2929655994669846
5271,0.497379,22,60,22,565345,40265,91269,16687,0.37297602727036944,0.29300112375333615
5272,0.49738,28,81,28,565426,40184,91297,16659,0.3722257215902775,0.29307038685502174
5273,0.497381,16,50,16,565476,40134,91313,16643,0.3717625699358998,0.29312926008771156
5274,0.497382,38,79,38,565555,40055,91351,16605,0.37103079032198305,0.2930638898693964
5275,0.497383,35,89,35,565644,39966,91386,16570,0.3702063803771907,0.29308759020800906
5276,0.497384,36,74,36,565718,39892,91422,16534,0.3695209159287117,0.29302094779002585
5277,0.497385,15,47,15,565765,39845,91437,16519,0.36908555337359666,0.2930771414377972
5278,0.497386,41,116,41,565881,39729,91478,16478,0.36801104153544034,0.2931663315957087
5279,0.497387,26,51,26,565932,39678,91504,16452,0.3675386268479751,0.2931052912880812
5280,0.497388,32,100,32,566032,39578,91536,16420,0.3666123235392197,0.2932247580270724
5281,0.497389,15,59,15,566091,39519,91551,16405,0.366065804587054,0.29334453901723767
5282,0.49739,24,36,24,566127,39483,91575,16381,0.36573233539590205,0.2932299871115566
5283,0.497391,29,113,29,566240,39370,91604,16352,0.3646856126570084,0.2934568034169628
5284,0.497392,30,126,30,566366,39244,91634,16322,0.3635184704879766,0.29374077673397403
5285,0.497393,21,70,21,566436,39174,91655,16301,0.3628700581718478,0.2938440739071654
5286,0.497394,19,57,19,566493,39117,91674,16282,0.3623420652858572,0.2939042220978718
5287,0.497395,23,53,23,566546,39064,91697,16259,0.36185112453221685,0.2938922328868644
5288,0.497396,7,39,7,566585,39025,91704,16252,0.36148986624180224,0.2940101669772238
5289,0.497397,29,77,29,566662,38948,91733,16223,0.36077661269406053,0.29404941001613166
5290,0.497398,18,41,18,566703,38907,91751,16205,0.36039682833747083,0.2940375961678037
5291,0.497399,33,61,33,566764,38846,91784,16172,0.35983178331913,0.293940165036897
5292,0.4974,13,44,13,566808,38802,91797,16159,0.3594242098632776,0.2940084787394698
5293,0.497401,23,70,23,566878,38732,91820,16136,0.35877579754714883,0.29408762849019465
5294,0.497402,17,43,17,566921,38689,91837,16119,0.358377487124384,0.29409940154721936
5295,0.497403,24,41,24,566962,38648,91861,16095,0.3579977027677943,0.2940101930840473
5296,0.497404,12,55,12,567017,38593,91873,16083,0.3574882359479788,0.29415099860999344
5297,0.497405,24,49,24,567066,38544,91897,16059,0.35703434732668865,0.29410471952090544
5298,0.497406,19,33,19,567099,38511,91916,16040,0.35672866723479935,0.29403677292808567
5299,0.497407,17,49,17,567148,38462,91933,16023,0.3562747786135092,0.29408093970817656
5300,0.497408,20,63,20,567211,38399,91953,16003,0.3556912075289933,0.2941619793389949
5301,0.497409,41,90,41,567301,38309,91994,15962,0.3548575345511134,0.29411656317370233
5302,0.49741,27,86,27,567387,38223,92021,15935,0.35406091370558374,0.29423169245540826
5303,0.497411,25,48,25,567435,38175,92046,15910,0.35361628811738116,0.2941665896274383
5304,0.497412,13,46,13,567481,38129,92059,15897,0.35319018859535367,0.2942472143042239
5305,0.497413,30,71,30,567552,38058,92089,15867,0.3525325132461373,0.29424200278164114
5306,0.497414,19,43,19,567595,38015,92108,15848,0.3521342028233725,0.2942279486846258
5307,0.497415,39,71,39,567666,37944,92147,15809,0.35147652747415614,0.29410451509683183
5308,0.497416,23,67,23,567733,37877,92170,15786,0.35085590425729,0.2941691668374858
5309,0.497417,31,77,31,567810,37800,92201,15755,0.3501426507095483,0.29418354962188403
5310,0.497418,24,45,24,567855,37755,92225,15731,0.3497258142206084,0.2941143476797667
5311,0.497419,21,51,21,567906,37704,92246,15710,0.3492533995331431,0.29411764705882354
5312,0.49742,22,61,22,567967,37643,92268,15688,0.34868835451480235,0.2941628696255461
5313,0.497421,38,69,38,568036,37574,92306,15650,0.3480492052317611,0.29404028257928755
5314,0.497422,19,57,19,568093,37517,92325,15631,0.3475212123457705,0.29410325882441485
5315,0.497423,19,69,19,568162,37448,92344,15612,0.3468820630627293,0.2942329438371655
5316,0.497424,32,69,32,568231,37379,92376,15580,0.346242913779688,0.2941898449744142
5317,0.497425,29,63,29,568294,37316,92405,15551,0.3456593426951721,0.29415325250156055
5318,0.497426,20,49,20,568343,37267,92425,15531,0.345205454073882,0.29415886965415355
5319,0.497427,10,41,10,568384,37226,92435,15521,0.3448256697172922,0.29425370163232034
5320,0.497428,12,46,12,568430,37180,92447,15509,0.34439957019526474,0.2943498642980508
5321,0.497429,36,103,36,568533,37077,92483,15473,0.34344547778724666,0.2944433872502379
5322,0.49743,34,86,34,568619,36991,92517,15439,0.342648856941717,0.2944688155636086
5323,0.497431,22,67,22,568686,36924,92539,15417,0.34202823372485086,0.2945492061672494
5324,0.497432,15,33,15,568719,36891,92554,15402,0.34172255363296156,0.2945327290459526
5325,0.497433,15,45,15,568764,36846,92569,15387,0.34130571714402164,0.29458388375165123
5326,0.497434,19,44,19,568808,36802,92588,15368,0.34089814368816923,0.2945754264903201
5327,0.497435,26,60,26,568868,36742,92614,15342,0.340342361702916,0.2945626295983411
5328,0.497436,28,66,28,568934,36676,92642,15314,0.33973100151913743,0.29455664550875166
5329,0.497437,25,67,25,569001,36609,92667,15289,0.3391103783022713,0.2945970943003584
5330,0.497438,16,52,16,569053,36557,92683,15273,0.33862870058171846,0.2946748987073124
5331,0.497439,47,154,47,569207,36403,92730,15226,0.33720219348623515,0.294911774390362
5332,0.49744,8,58,8,569265,36345,92738,15218,0.336664937567157,0.2951341077904699
5333,0.497441,8,33,8,569298,36312,92746,15210,0.3363592574752677,0.29521369512053103
5334,0.497442,22,69,22,569367,36243,92768,15188,0.3357201081922265,0.2953082771091365
5335,0.497443,22,41,22,569408,36202,92790,15166,0.3353403238356367,0.29524217411618126
5336,0.497444,33,79,33,569487,36123,92823,15133,0.33460854422172,0.29524348368971437
5337,0.497445,19,47,19,569534,36076,92842,15114,0.3341731816666049,0.29525297909748
5338,0.497446,27,57,27,569591,36019,92869,15087,0.33364518878061433,0.29520995577818654
5339,0.497447,45,134,45,569725,35885,92914,15042,0.3324039423468821,0.2953639523239146
5340,0.497448,20,51,20,569776,35834,92934,15022,0.3319315276594168,0.2953830423155577
5341,0.497449,20,70,20,569846,35764,92954,15002,0.331283115343288,0.2955127447504235
5342,0.49745,18,41,18,569887,35723,92972,14984,0.3309033309866983,0.29550160727315755
5343,0.497451,12,23,12,569910,35700,92984,14972,0.33069028122568456,0.2954688980107357
5344,0.497452,21,49,21,569959,35651,93005,14951,0.33023639260439436,0.29546262993557565
5345,0.497453,21,80,21,570039,35571,93026,14930,0.32949534995739005,0.2956377101443536
5346,0.497454,21,71,21,570110,35500,93047,14909,0.3288376746081737,0.29576067765676767
5347,0.497455,8,30,8,570140,35470,93055,14901,0.32855978361554705,0.295824978658355
5348,0.497456,38,109,38,570249,35361,93093,14863,0.32755011300900366,0.2959342147180631
5349,0.497457,14,46,14,570295,35315,93107,14849,0.3271240134869762,0.29600909018419586
5350,0.497458,11,34,11,570329,35281,93118,14838,0.32680907036199935,0.2960553881761408
5351,0.497459,22,64,22,570393,35217,93140,14816,0.3262162362443959,0.29612455779185737
5352,0.49746,18,57,18,570450,35160,93158,14798,0.3256882433584053,0.29620881540494015
5353,0.497461,18,44,18,570494,35116,93176,14780,0.3252806699025529,0.29621612954946286
5354,0.497462,14,42,14,570536,35074,93190,14766,0.3248916225128756,0.2962680577849117
5355,0.497463,20,75,20,570611,34999,93210,14746,0.32419689503130905,0.296431802191175
5356,0.497464,24,49,24,570660,34950,93234,14722,0.3237430064100189,0.2963842808825898
5357,0.497465,18,67,18,570727,34883,93252,14704,0.3231223831931528,0.2965293322846714
5358,0.497466,20,52,20,570779,34831,93272,14684,0.32264070547259993,0.2965565990104009
5359,0.497467,22,48,22,570827,34783,93294,14662,0.32219607988439736,0.2965314996460714
5360,0.497468,15,53,15,570880,34730,93309,14647,0.321705139130757,0.2966360856269113
5361,0.497469,9,20,9,570900,34710,93318,14638,0.32151987846900587,0.2966280295047418
5362,0.49747,23,86,23,570986,34624,93341,14615,0.32072325762347625,0.2968175633136335
5363,0.497471,15,65,15,571051,34559,93356,14600,0.3201211604727852,0.2969954636994243
5364,0.497472,35,71,35,571122,34488,93391,14565,0.31946348512356887,0.29692373555134244
5365,0.497473,15,32,15,571154,34456,93406,14550,0.31916706806476713,0.29690242011182305
5366,0.497474,26,54,26,571208,34402,93432,14524,0.3186668642780392,0.29685647712872504
5367,0.497475,23,49,23,571257,34353,93455,14501,0.31821297565674905,0.29682318745650305
5368,0.497476,18,37,18,571294,34316,93473,14483,0.3178702434325095,0.29678886862435705
5369,0.497477,15,59,15,571353,34257,93488,14468,0.31732372448034385,0.29693175987685994
5370,0.497478,36,50,36,571403,34207,93524,14432,0.31686057282596614,0.2967166265753819
5371,0.497479,13,56,13,571459,34151,93537,14419,0.3163418429730631,0.2968704961910644
5372,0.49748,25,50,25,571509,34101,93562,14394,0.3158786913186854,0.2968141045468605
5373,0.497481,19,78,19,571587,34023,93581,14375,0.3151561747378562,0.29701640563659654
5374,0.497482,31,88,31,571675,33935,93612,14344,0.3143410278261514,0.29710640236956026
5375,0.497483,24,63,24,571738,33872,93636,14320,0.31375745674163547,0.29714475431606907
5376,0.497484,23,44,23,571782,33828,93659,14297,0.3133498832857831,0.2970805194805195
5377,0.497485,12,41,12,571823,33787,93671,14285,0.31297009892919336,0.29715842902313194
5378,0.497486,24,68,24,571891,33719,93695,14261,0.31234021267923967,0.2972280116715298
5379,0.497487,8,32,8,571923,33687,93703,14253,0.31204379562043794,0.29730913642052564
5380,0.497488,16,50,16,571973,33637,93719,14237,0.3115806439660602,0.2973848017713164
5381,0.497489,21,51,21,572024,33586,93740,14216,0.311108229278595,0.2973934145014853
5382,0.49749,22,77,22,572101,33509,93762,14194,0.3103949757308533,0.29754942037188437
5383,0.497491,36,93,36,572194,33416,93798,14158,0.3095335136537108,0.2975995291545802
5384,0.497492,16,62,16,572256,33354,93814,14142,0.3089592056022824,0.29775138959070235
5385,0.497493,30,84,30,572340,33270,93844,14112,0.3081811108229279,0.29783462074205397
5386,0.497494,19,48,19,572388,33222,93863,14093,0.30773648523472524,0.29785480291662264
5387,0.497495,27,61,27,572449,33161,93890,14066,0.30717144021638443,0.29783810108624303
5388,0.497496,19,54,19,572503,33107,93909,14047,0.30667123642965655,0.29789625482461723
5389,0.497497,12,43,12,572546,33064,93921,14035,0.3062729260068917,0.2979893415996093
5390,0.497498,15,51,15,572597,33013,93936,14020,0.3058005113194264,0.29808857610613826
5391,0.497499,11,42,11,572639,32971,93947,14009,0.30541146392974916,0.2981907194550873
5392,0.4975,22,57,22,572696,32914,93969,13987,0.30488347104375857,0.2982239184665572
5393,0.497501,16,42,16,572738,32872,93985,13971,0.3044944236540813,0.29825160642998955
5394,0.497502,10,58,10,572796,32814,93995,13961,0.30395716773500314,0.2984714056654196
5395,0.497503,36,85,36,572881,32729,94031,13925,0.30316980992256104,0.2984738714794016
5396,0.497504,18,37,18,572918,32692,94049,13907,0.3028270776983215,0.29843988068413485
5397,0.497505,21,69,21,572987,32623,94070,13886,0.3021879284152803,0.29856586897159687
5398,0.497506,19,85,19,573072,32538,94089,13867,0.3014005706028382,0.29882555759077684
5399,0.497507,18,47,18,573119,32491,94107,13849,0.30096520804772314,0.29885627967198963
5400,0.497508,17,42,17,573161,32449,94124,13832,0.3005761606580459,0.2988699466303667
5401,0.497509,44,90,44,573251,32359,94168,13788,0.299742487680166,0.298784319674085
5402,0.49751,27,51,27,573302,32308,94195,13761,0.29927007299270075,0.29870411773643885
5403,0.497511,22,52,22,573354,32256,94217,13739,0.2987883952721479,0.29870638112838355
5404,0.497512,24,72,24,573426,32184,94241,13715,0.298121456889844,0.29880825290311336
5405,0.497513,26,50,26,573476,32134,94267,13689,0.2976583052354663,0.29873644239792246
5406,0.497514,26,76,26,573552,32058,94293,13663,0.2969543147208122,0.2988342337219221
5407,0.497515,16,58,16,573610,32000,94309,13647,0.296417058801734,0.29896816877341337
5408,0.497516,15,36,15,573646,31964,94324,13632,0.29608358961058207,0.29897359417492764
5409,0.497517,55,117,55,573763,31847,94379,13577,0.29499981473933823,0.29889485734413523
5410,0.497518,28,76,28,573839,31771,94407,13549,0.29429582422468414,0.2989629302736099
5411,0.497519,16,48,16,573887,31723,94423,13533,0.2938511986364815,0.29903217252960934
5412,0.49752,12,20,12,573907,31703,94435,13521,0.29366593797473045,0.29897841853882895
5413,0.497521,37,110,37,574017,31593,94472,13484,0.2926470043350995,0.29913259533686803
5414,0.497522,17,45,17,574062,31548,94489,13467,0.29223016784615957,0.2991669443518827
5415,0.497523,24,92,24,574154,31456,94513,13443,0.29137796880210454,0.2994053319673044
5416,0.497524,21,32,21,574186,31424,94534,13422,0.2910815517433028,0.2992909066583419
5417,0.497525,21,59,21,574245,31365,94555,13401,0.2905350327911371,0.2993566546039405
5418,0.497526,20,41,20,574286,31324,94575,13381,0.29015524843454743,0.29931774969242814
5419,0.497527,34,88,34,574374,31236,94609,13347,0.2893401015228426,0.29937420092860506
5420,0.497528,14,15,14,574389,31221,94623,13333,0.28920115602652935,0.2992548368272209
5421,0.497529,13,34,13,574423,31187,94636,13320,0.2888862129015525,0.29927876513806817
5422,0.49753,10,33,10,574456,31154,94646,13310,0.28858053280966317,0.2993432889528607
5423,0.497531,16,68,16,574524,31086,94662,13294,0.28795064655970953,0.29954934655250115
5424,0.497532,17,31,17,574555,31055,94679,13277,0.2876634925339953,0.29949021023188666
5425,0.497533,22,55,22,574610,31000,94701,13255,0.28715402571417986,0.29951417918879225
5426,0.497534,30,66,30,574676,30934,94731,13225,0.28654266553040125,0.2994859485042687
5427,0.497535,29,79,29,574755,30855,94760,13196,0.2858108859164845,0.29956187146716307
5428,0.497536,19,43,19,574798,30812,94779,13177,0.2854125754937197,0.2995521607674646
5429,0.497537,31,63,31,574861,30749,94810,13146,0.2848290044092037,0.2994874131450051
5430,0.497538,20,83,20,574944,30666,94830,13126,0.28406017266293676,0.2997351114358787
5431,0.497539,16,41,16,574985,30625,94846,13110,0.283680388306347,0.2997599176860638
5432,0.49754,15,45,15,575030,30580,94861,13095,0.2832635518174071,0.2998282770463652
5433,0.497541,19,42,19,575072,30538,94880,13076,0.2828745044277298,0.2998119869766589
5434,0.497542,27,90,27,575162,30448,94907,13049,0.2820408314498499,0.2999977009908729
5435,0.497543,39,75,39,575237,30373,94946,13010,0.28134610396828336,0.29988705253209785
5436,0.497544,25,60,25,575297,30313,94971,12985,0.2807903219830301,0.299898378677999
5437,0.497545,34,65,34,575362,30248,95005,12951,0.28018822483233913,0.29979860644922335
5438,0.497546,20,88,20,575450,30160,95025,12931,0.2793730779206343,0.30008586479775357
5439,0.497547,20,42,20,575492,30118,95045,12911,0.27898403053095705,0.300053452322852
5440,0.497548,15,57,15,575549,30061,95060,12896,0.27845603764496646,0.3002071839281142
5441,0.497549,28,66,28,575615,29995,95088,12868,0.2778446774611879,0.30021230431840984
5442,0.49755,21,62,21,575677,29933,95109,12847,0.2772703694097595,0.30030388031790556
5443,0.497551,17,47,17,575724,29886,95126,12830,0.27683500685464446,0.3003558385616631
5444,0.497552,10,38,10,575762,29848,95136,12820,0.2764830115973174,0.30045936064497986
5445,0.497553,17,52,17,575814,29796,95153,12803,0.2760013338767646,0.3005469611962722
5446,0.497554,27,58,27,575872,29738,95180,12776,0.27546407795768646,0.30051277226325446
5447,0.497555,28,37,28,575909,29701,95208,12748,0.275121345733447,0.30031331715705906
5448,0.497556,32,54,32,575963,29647,95240,12716,0.27462114194671905,0.3001675990841064
5449,0.497557,18,87,18,576050,29560,95258,12698,0.2738152580681018,0.30048748166027733
5450,0.497558,15,67,15,576117,29493,95273,12683,0.2731946348512357,0.30071604704097116
5451,0.497559,19,60,19,576177,29433,95292,12664,0.27263885286598244,0.3008290376986484
5452,0.49756,28,60,28,576237,29373,95320,12636,0.2720830708807292,0.3007926872812969
5453,0.497561,13,22,13,576259,29351,95333,12623,0.271879284152803,0.30073378758278935
5454,0.497562,24,35,24,576294,29316,95357,12599,0.2715550779947386,0.3005845162829536
5455,0.497563,13,44,13,576338,29272,95370,12586,0.2711475045388862,0.30068326245878924
5456,0.497564,16,74,16,576412,29198,95386,12570,0.2704620400904072,0.30094809423482094
5457,0.497565,10,35,10,576447,29163,95396,12560,0.2701378339323428,0.301033003379431
5458,0.497566,8,39,8,576486,29124,95404,12552,0.2697765756419282,0.30118053556003455
5459,0.497567,8,25,8,576511,29099,95412,12544,0.26954499981473934,0.30122709699109096
5460,0.497568,19,49,19,576560,29050,95431,12525,0.2690911111934492,0.30126277811184604
5461,0.497569,18,48,18,576608,29002,95449,12507,0.26864648560524657,0.3013081500397504
5462,0.49757,12,19,12,576627,28983,95461,12495,0.26847048797658307,0.3012440329813395
5463,0.497571,18,41,18,576668,28942,95479,12477,0.2680907036199933,0.3012385620126029
5464,0.497572,12,44,12,576712,28898,95491,12465,0.26768313016414097,0.30135628460218067
5465,0.497573,12,36,12,576748,28862,95503,12453,0.267349660972989,0.3014159506232603
5466,0.497574,24,34,24,576782,28828,95527,12429,0.26703471784801214,0.30125796834476576
5467,0.497575,34,61,34,576843,28767,95561,12395,0.2664696728296713,0.3011272532918711
5468,0.497576,32,104,32,576947,28663,95593,12363,0.2655063173885657,0.301345488226978
5469,0.497577,7,21,7,576968,28642,95600,12356,0.2653117936937271,0.30138055514903167
5470,0.497578,18,40,18,577008,28602,95618,12338,0.2649412723702249,0.30136785539814365
5471,0.497579,15,39,15,577047,28563,95633,12323,0.2645800140798103,0.30139901188670937
5472,0.49758,19,66,19,577113,28497,95652,12304,0.2639686538960317,0.3015612362442097
5473,0.497581,16,45,16,577158,28452,95668,12288,0.26355181740709177,0.301620029455081
5474,0.497582,21,33,21,577191,28419,95689,12267,0.26324613731520247,0.3015042029199233
5475,0.497583,15,47,15,577238,28372,95704,12252,0.26281077476008746,0.30159511618747536
5476,0.497584,17,65,17,577303,28307,95721,12235,0.2622086776093964,0.3017858023777811
5477,0.497585,11,27,11,577330,28280,95732,12224,0.2619585757160325,0.3017973533478175
5478,0.497586,15,42,15,577372,28238,95747,12209,0.26156952832635516,0.301851806067199
5479,0.497587,6,16,6,577388,28222,95753,12203,0.2614213197969543,0.3018676561533704
5480,0.497588,26,62,26,577450,28160,95779,12177,0.26084701174552594,0.3018816471229888
5481,0.497589,6,29,6,577479,28131,95785,12171,0.2605783837859869,0.30199493821646567
5482,0.49759,7,25,7,577504,28106,95792,12164,0.26034680795879805,0.3020610876583064
5483,0.497591,16,32,16,577536,28074,95808,12148,0.2600503908999963,0.3020237680871165
5484,0.497592,24,42,24,577578,28032,95832,12124,0.259661343510319,0.3019225022412591
5485,0.497593,27,45,27,577623,27987,95859,12097,0.2592445070213791,0.30179123839936134
5486,0.497594,31,68,31,577691,27919,95890,12066,0.2586146207714254,0.30176316118544455
5487,0.497595,35,96,35,577787,27823,95925,12031,0.2577253695950202,0.3018768505043408
5488,0.497596,19,41,19,577828,27782,95944,12012,0.2573455852384305,0.3018545509373272
5489,0.497597,9,36,9,577864,27746,95953,12003,0.2570121160472785,0.30196986087700317
5490,0.497598,29,78,29,577942,27668,95982,11974,0.2562895994664493,0.3020533777306897
5491,0.497599,13,39,13,577981,27629,95995,11961,0.2559283411760347,0.30212174791614044
5492,0.4976,21,53,21,578034,27576,96016,11940,0.2554374004223943,0.3021560886729426
5493,0.497601,19,35,19,578069,27541,96035,11921,0.25511319426432993,0.30208808473974963
5494,0.497602,15,27,15,578096,27514,96050,11906,0.25486309237096594,0.3020294266869609
5495,0.497603,9,24,9,578120,27490,96059,11897,0.25464077957686465,0.3020539772005992
5496,0.497604,21,52,21,578172,27438,96080,11876,0.25415910185631185,0.3020806837258992
5497,0.497605,17,53,17,578225,27385,96097,11859,0.2536681611026715,0.3021863214758944
5498,0.497606,11,26,11,578251,27359,96108,11848,0.25342732224239506,0.30219093529216723
5499,0.497607,16,50,16,578301,27309,96124,11832,0.25296417058801735,0.30229171457039933
5500,0.497608,16,41,16,578342,27268,96140,11816,0.2525843862314276,0.30232320130999896
5501,0.497609,25,96,25,578438,27172,96165,11791,0.2516951350550224,0.30262043477144984
5502,0.49761,7,21,7,578459,27151,96172,11784,0.25150061136018376,0.30265827661487094
5503,0.497611,29,80,29,578539,27071,96201,11755,0.25075956871317945,0.30276103641889457
5504,0.497612,12,26,12,578565,27045,96213,11743,0.250518729852903,0.30274827266164794
5505,0.497613,15,30,15,578595,27015,96228,11728,0.2502408388602764,0.3027127481093359
5506,0.497614,11,14,11,578609,27001,96239,11717,0.25011115639705067,0.30262410248463245
5507,0.497615,27,56,27,578665,26945,96266,11690,0.24959242654414762,0.3025753850135887
5508,0.497616,15,24,15,578689,26921,96281,11675,0.2493701137500463,0.30249248626800707
5509,0.497617,14,35,14,578724,26886,96295,11661,0.24904590759198192,0.30251381430461516
5510,0.497618,16,51,16,578775,26835,96311,11645,0.24857349290451666,0.3026247401247401
5511,0.497619,6,22,6,578797,26813,96317,11639,0.24836970617659046,0.3026890668885884
5512,0.49762,18,41,18,578838,26772,96335,11621,0.24798992182000074,0.30268538535670564
5513,0.497621,24,43,24,578881,26729,96359,11597,0.2475916113972359,0.3025883212440641
5514,0.497622,11,40,11,578921,26689,96370,11586,0.24722109007373375,0.30270411495754407
5515,0.497623,14,37,14,578958,26652,96384,11572,0.24687835784949425,0.30274173294265383
5516,0.497624,13,32,13,578990,26620,96397,11559,0.2465819407906925,0.3027580607140051
5517,0.497625,17,45,17,579035,26575,96414,11542,0.24616510430175256,0.30280452291628407
5518,0.497626,19,35,19,579070,26540,96433,11523,0.24584089814368817,0.30273493944250324
5519,0.497627,12,42,12,579112,26498,96445,11511,0.24545185075401088,0.30284932515983054
5520,0.497628,5,29,5,579141,26469,96450,11506,0.24518322279447183,0.3029888084265964
5521,0.497629,19,50,19,579191,26419,96469,11487,0.24472007114009411,0.30303909671292145
5522,0.49763,6,17,6,579208,26402,96475,11481,0.2445625995776057,0.3030646992054484
5523,0.497631,21,84,21,579292,26318,96496,11460,0.24378450479825114,0.3033511567579014
5524,0.497632,17,46,17,579338,26272,96513,11443,0.24335840527622365,0.30340713244067347
5525,0.497633,12,20,12,579358,26252,96525,11431,0.24317314461447256,0.30334633654433035
5526,0.497634,12,35,12,579393,26217,96537,11419,0.24284893845640818,0.3034063131044744
5527,0.497635,18,57,18,579450,26160,96555,11401,0.24232094557041758,0.3035329197838183
5528,0.497636,13,25,13,579475,26135,96568,11388,0.24208936974322873,0.3034938571009781
5529,0.497637,14,41,14,579516,26094,96582,11374,0.241709585386639,0.30356570940535926
5530,0.497638,29,47,29,579563,26047,96611,11345,0.24127422283152394,0.3034071459135644
5531,0.497639,6,31,6,579594,26016,96617,11339,0.24098706880580978,0.3035470485878731
5532,0.49764,30,58,30,579652,25958,96647,11309,0.24044981288673162,0.3034588241607857
5533,0.497641,10,29,10,579681,25929,96657,11299,0.24018118492719256,0.30350811217363277
5534,0.497642,12,36,12,579717,25893,96669,11287,0.2398477157360406,0.3035771920387305
5535,0.497643,12,46,12,579763,25847,96681,11275,0.23942161621401312,0.30372824740046334
5536,0.497644,14,40,14,579803,25807,96695,11261,0.23905109489051096,0.3037930290277328
5537,0.497645,27,48,27,579851,25759,96722,11234,0.23860646930230836,0.3036790744194848
5538,0.497646,11,20,11,579871,25739,96733,11223,0.23842120864055727,0.3036361668740869
5539,0.497647,12,36,12,579907,25703,96745,11211,0.2380877394494053,0.3037059110364631
5540,0.497648,14,27,14,579934,25676,96759,11197,0.23783763755604134,0.3036639275350527
5541,0.497649,15,31,15,579965,25645,96774,11182,0.23755048353032718,0.3036359192983409
5542,0.49765,31,77,31,580042,25568,96805,11151,0.2368372299825855,0.3036847408698494
5543,0.497651,24,45,24,580087,25523,96829,11127,0.23642039349364555,0.30360163710777627
5544,0.497652,20,44,20,580131,25479,96849,11107,0.23601282003779317,0.3035860711747663
5545,0.497653,10,27,10,580158,25452,96859,11097,0.2357627181444292,0.3036197980792908
5546,0.497654,13,28,13,580186,25424,96872,11084,0.2355033532179777,0.3036046893831489
5547,0.497655,23,36,23,580222,25388,96895,11061,0.23516988402682573,0.3034651156410327
5548,0.497656,34,69,34,580291,25319,96929,11027,0.2345307347437845,0.303389643977329
5549,0.497657,33,78,33,580369,25241,96962,10994,0.23380821816295527,0.3034083068856078
5550,0.497658,33,71,33,580440,25170,96995,10961,0.23315054281373893,0.3033682986908749
5551,0.497659,26,41,26,580481,25129,97021,10935,0.2327707584571492,0.303210958296362
5552,0.49766,12,44,12,580525,25085,97033,10923,0.23236318500129682,0.3033492557209509
5553,0.497661,32,59,32,580584,25026,97065,10891,0.23181666604913112,0.303226884205251
5554,0.497662,5,34,5,580618,24992,97070,10886,0.23150172292415427,0.30341713584926694
5555,0.497663,17,32,17,580650,24960,97087,10869,0.23120530586535254,0.30335761533952943
5556,0.497664,23,52,23,580702,24908,97110,10846,0.23072362814479974,0.3033506740504559
5557,0.497665,3,16,3,580718,24892,97113,10843,0.23057541961539887,0.3034280117531832
5558,0.497666,28,47,28,580765,24845,97141,10815,0.23014005706028381,0.3032809871003926
5559,0.497667,12,25,12,580790,24820,97153,10803,0.22990848123309496,0.30325913033714175
5560,0.497668,19,47,19,580837,24773,97172,10784,0.22947311867797993,0.30328767893804315
5561,0.497669,17,62,17,580899,24711,97189,10767,0.22889881062655157,0.3034838491459496
5562,0.49767,28,56,28,580955,24655,97217,10739,0.22838008077364852,0.3034130078544386
5563,0.497671,9,32,9,580987,24623,97226,10730,0.22808366371484678,0.3035103102989845
5564,0.497672,15,73,15,581060,24550,97241,10715,0.22740746229945533,0.303842336594357
5565,0.497673,10,50,10,581110,24500,97251,10705,0.2269443106450776,0.30407612555034796
5566,0.497674,16,44,16,581154,24456,97267,10689,0.22653673718922523,0.3041399914639351
5567,0.497675,17,26,17,581180,24430,97284,10672,0.22629589832894884,0.3040282604979773
5568,0.497676,10,39,10,581219,24391,97294,10662,0.22593464003853422,0.30416797421048125
5569,0.497677,9,25,9,581244,24366,97303,10653,0.22570306421134537,0.30420628801507754
5570,0.497678,18,54,18,581298,24312,97321,10635,0.22520286042461743,0.3043179672074856
5571,0.497679,20,32,20,581330,24280,97341,10615,0.2249064433658157,0.30419830921335433
5572,0.49768,12,20,12,581350,24260,97353,10603,0.22472118270406463,0.3041333218598514
5573,0.497681,28,40,28,581390,24220,97381,10575,0.22435066138056245,0.30392297743928726
5574,0.497682,27,66,27,581456,24154,97408,10548,0.22373930119678387,0.3039594259696847
5575,0.497683,19,44,19,581500,24110,97427,10529,0.2233317277409315,0.3039637402927336
5576,0.497684,18,58,18,581558,24052,97445,10511,0.22279447182185336,0.3041113329282759
5577,0.497685,18,47,18,581605,24005,97463,10493,0.2223591092667383,0.3041625601484144
5578,0.497686,19,22,19,581627,23983,97482,10474,0.22215532253881212,0.30397306788170764
5579,0.497687,11,43,11,581670,23940,97493,10463,0.2217570121160473,0.3041304537394995
5580,0.497688,10,52,10,581722,23888,97503,10453,0.22127533439549446,0.30438834046766255
5581,0.497689,24,72,24,581794,23816,97527,10429,0.22060839601319057,0.30454080887720836
5582,0.49769,8,33,8,581827,23783,97535,10421,0.22030271592130127,0.30467196819085485
5583,0.497691,36,81,36,581908,23702,97571,10385,0.2195524102412094,0.30466160119693725
5584,0.497692,9,44,9,581952,23658,97580,10376,0.219144836785357,0.30487159898924604
5585,0.497693,14,49,14,582001,23609,97594,10362,0.21869094816406684,0.3050248741573695
5586,0.497694,15,52,15,582053,23557,97609,10347,0.21820927044351401,0.3051852288815479
5587,0.497695,5,34,5,582087,23523,97614,10342,0.2178943273185372,0.30538904473645356
5588,0.497696,9,24,9,582111,23499,97623,10333,0.21767201452443588,0.305420903286829
5589,0.497697,12,41,12,582152,23458,97635,10321,0.21729223016784616,0.30554486515290563
5590,0.497698,16,60,16,582212,23398,97651,10305,0.2167364481825929,0.3057591312346082
5591,0.497699,30,74,30,582286,23324,97681,10275,0.2160509837341139,0.3058126729962201
5592,0.4977,17,55,17,582341,23269,97698,10258,0.21554151691429843,0.3059623586959764
5593,0.497701,19,45,19,582386,23224,97717,10239,0.21512468042535848,0.30597973881600576
5594,0.497702,20,49,20,582435,23175,97737,10219,0.2146707918040683,0.30601305623764746
5595,0.497703,20,60,20,582495,23115,97757,10199,0.21411500981881507,0.30614756558804107
5596,0.497704,23,55,23,582550,23060,97780,10176,0.2136055429989996,0.3061740281622337
5597,0.497705,39,71,39,582621,22989,97819,10137,0.21294786764978324,0.3060134033689549
5598,0.497706,13,36,13,582657,22953,97832,10124,0.21261439845863128,0.306073706805333
5599,0.497707,7,31,7,582688,22922,97839,10117,0.21232724443291712,0.30621386845848847
5600,0.497708,11,29,11,582717,22893,97850,10106,0.21205861647337804,0.306251704597109
5601,0.497709,16,29,16,582746,22864,97866,10090,0.21178998851383898,0.3061843782241913
5602,0.49771,13,37,13,582783,22827,97879,10077,0.21144725628959946,0.3062545587162655
5603,0.497711,11,53,11,582836,22774,97890,10066,0.2109563155359591,0.30651644336175393
5604,0.497712,12,48,12,582884,22726,97902,10054,0.2105116899477565,0.30671140939597313
5605,0.497713,37,73,37,582957,22653,97939,10017,0.20983548853236503,0.3066115702479339
5606,0.497714,11,40,11,582997,22613,97950,10006,0.20946496720886287,0.3067537324872007
5607,0.497715,16,36,16,583033,22577,97966,9990,0.20913149801771092,0.30675223385635764
5608,0.497716,10,58,10,583091,22519,97976,9980,0.20859424209863278,0.3070863718883658
5609,0.497717,14,47,14,583138,22472,97990,9966,0.20815887954351772,0.3072322584622973
5610,0.497718,30,62,30,583200,22410,98020,9936,0.20758457149208936,0.3071786310517529
5611,0.497719,24,42,24,583242,22368,98044,9912,0.2071955241024121,0.3070631970260223
5612,0.49772,17,58,17,583300,22310,98061,9895,0.20665826818333394,0.3072504269523366
5613,0.497721,6,38,6,583338,22272,98067,9889,0.2063062729260069,0.30748422001803427
5614,0.497722,21,39,21,583377,22233,98088,9868,0.20594501463559228,0.30740475374598925
5615,0.497723,24,57,24,583434,22176,98112,9844,0.2054170217496017,0.30743285446595875
5616,0.497724,6,12,6,583446,22164,98118,9838,0.20530586535255105,0.30741828635710267
5617,0.497725,12,62,12,583508,22102,98130,9826,0.2047315573011227,0.3077549486344275
5618,0.497726,14,29,14,583537,22073,98144,9812,0.2044629293415836,0.30773090795044694
5619,0.497727,33,66,33,583603,22007,98177,9779,0.20385156915780503,0.3076511671805197
5620,0.497728,18,37,18,583640,21970,98195,9761,0.20350883693356553,0.30761715672370865
5621,0.497729,13,41,13,583681,21929,98208,9748,0.2031290525769758,0.3077311614104871
5622,0.49773,15,51,15,583732,21878,98223,9733,0.20265663788951055,0.30789914903040083
5623,0.497731,12,28,12,583760,21850,98235,9721,0.202397272963059,0.3079091571378797
5624,0.497732,11,21,11,583781,21829,98246,9710,0.20220274926822038,0.3078727924157392
5625,0.497733,10,31,10,583812,21798,98256,9700,0.2019155952425062,0.30795606070226683
5626,0.497734,8,22,8,583834,21776,98264,9692,0.20171180851458,0.3079954239227151
5627,0.497735,10,39,10,583873,21737,98274,9682,0.2013505502241654,0.30815748432477164
5628,0.497736,20,36,20,583909,21701,98294,9662,0.20101708103301344,0.3080700188119759
5629,0.497737,19,45,19,583954,21656,98313,9643,0.20060024454407352,0.30809291031662356
5630,0.497738,14,39,14,583993,21617,98327,9629,0.2002389862536589,0.30816744543301544
5631,0.497739,14,57,14,584050,21560,98341,9615,0.19971099336766832,0.30842020850040097
5632,0.49774,7,34,7,584084,21526,98348,9608,0.19939605024269147,0.30860152887518466
5633,0.497741,12,36,12,584120,21490,98360,9596,0.1990625810515395,0.3086920156983851
5634,0.497742,9,33,9,584153,21457,98369,9587,0.19875690095965023,0.30881973972426235
5635,0.497743,22,36,22,584189,21421,98391,9565,0.19842343176849828,0.30868779448783323
5636,0.497744,12,30,12,584219,21391,98403,9553,0.19814554077587165,0.30871897621509825
5637,0.497745,12,35,12,584254,21356,98415,9541,0.19782133461780727,0.3088002071398518
5638,0.497746,25,73,25,584327,21283,98440,9516,0.1971451332024158,0.3089710704893016
5639,0.497747,14,31,14,584358,21252,98454,9502,0.19685797917670161,0.3089679391298693
5640,0.497748,8,37,8,584395,21215,98462,9494,0.1965152469524621,0.309160181054414
5641,0.497749,11,36,11,584431,21179,98473,9483,0.19618177776131016,0.30927532450590306
5642,0.49775,4,23,4,584454,21156,98477,9479,0.1959687280002964,0.30941733311571734
5643,0.497751,11,23,11,584477,21133,98488,9468,0.19575567823928267,0.30940165354073396
5644,0.497752,17,36,17,584513,21097,98505,9451,0.1954222090481307,0.3093819562655493
5645,0.497753,15,54,15,584567,21043,98520,9436,0.1949220052614028,0.30959020965254763
5646,0.497754,18,35,18,584602,21008,98538,9418,0.1945977991033384,0.3095378952211924
5647,0.497755,6,23,6,584625,20985,98544,9412,0.19438474934232466,0.3096358193242754
5648,0.497756,22,53,22,584678,20932,98566,9390,0.19389380858868427,0.3096761427346481
5649,0.497757,8,22,8,584700,20910,98574,9382,0.1936900218607581,0.30971873762049384
5650,0.497758,3,36,3,584736,20874,98577,9379,0.19335655266960614,0.3100188411066671
5651,0.497759,22,60,22,584796,20814,98599,9357,0.1928007706843529,0.31013224619667895
5652,0.49776,10,22,10,584818,20792,98609,9347,0.1925969839564267,0.31012973224061846
5653,0.497761,8,16,8,584834,20776,98617,9339,0.19244877542702582,0.31011124024572473
5654,0.497762,7,38,7,584872,20738,98624,9332,0.19209678016969878,0.31034253408713003
5655,0.497763,13,27,13,584899,20711,98637,9319,0.1918466782763348,0.3103230103230103
5656,0.497764,6,25,6,584924,20686,98643,9313,0.19161510244914595,0.31044368145604856
5657,0.497765,6,24,6,584948,20662,98649,9307,0.19139278965504464,0.3105542393806934
5658,0.497766,16,30,16,584978,20632,98665,9291,0.19111489866241801,0.31049694215152224
5659,0.497767,13,20,13,584998,20612,98678,9278,0.19092963800066695,0.31040481766477085
5660,0.497768,25,68,25,585066,20544,98703,9253,0.19029975175071326,0.3105346175789509
5661,0.497769,9,21,9,585087,20523,98712,9244,0.19010522805587463,0.3105452346558269
5662,0.49777,12,22,12,585109,20501,98724,9232,0.18990144132794842,0.3104967544479198
5663,0.497771,14,40,14,585149,20461,98738,9218,0.18953092000444627,0.3105899794467469
5664,0.497772,10,50,10,585199,20411,98748,9208,0.18906776835006855,0.3108815287484385
5665,0.497773,17,50,17,585249,20361,98765,9191,0.18860461669569084,0.3110110990795885
5666,0.497774,19,37,19,585286,20324,98784,9172,0.18826188447145134,0.31095741795497694
5667,0.497775,10,23,10,585309,20301,98794,9162,0.1880488347104376,0.3109662967111292
5668,0.497776,8,21,8,585330,20280,98802,9154,0.18785431101559893,0.3110008833322009
5669,0.497777,10,16,10,585346,20264,98812,9144,0.18770610248619807,0.3109357997823721
5670,0.497778,12,28,12,585374,20236,98824,9132,0.18744673755974656,0.3109506946336148
5671,0.497779,16,18,16,585392,20218,98840,9116,0.18728000296417058,0.3107656644167178
5672,0.49778,11,35,11,585427,20183,98851,9105,0.1869557968061062,0.31087817536192297
5673,0.497781,12,20,12,585447,20163,98863,9093,0.1867705361443551,0.31080803937653817
5674,0.497782,32,58,32,585505,20105,98895,9061,0.18623328022527696,0.3106699581704725
5675,0.497783,8,34,8,585539,20071,98903,9053,0.18591833710030012,0.3108432907567642
5676,0.497784,12,28,12,585567,20043,98915,9041,0.1856589721738486,0.31085820382340806
5677,0.497785,13,30,13,585597,20013,98928,9028,0.18538108118122198,0.31087083778106817
5678,0.497786,36,75,36,585672,19938,98964,8992,0.18468635369965541,0.3108192188040097
5679,0.497787,10,15,10,585687,19923,98974,8982,0.1845474082033421,0.3107420861442657
5680,0.497788,10,50,10,585737,19873,98984,8972,0.1840842565489644,0.3110417750043335
5681,0.497789,16,16,16,585753,19857,99000,8956,0.18393604801956354,0.31083191614896055
5682,0.49779,6,30,6,585783,19827,99006,8950,0.1836581570269369,0.31101226674079996
5683,0.497791,8,13,8,585796,19814,99014,8942,0.1835377375967987,0.31096119070802614
5684,0.497792,3,20,3,585816,19794,99017,8939,0.1833524769350476,0.31110569728187104
5685,0.497793,8,29,8,585845,19765,99025,8931,0.18308384897550853,0.31122804572065793
5686,0.497794,6,26,6,585871,19739,99031,8925,0.18284301011523213,0.311366173597544
5687,0.497795,7,15,7,585886,19724,99038,8918,0.18270406461891883,0.31136093848194957
5688,0.497796,16,27,16,585913,19697,99054,8902,0.18245396272555486,0.3112696248120564
5689,0.497797,14,39,14,585952,19658,99068,8888,0.18209270443514025,0.3113571078259651
5690,0.497798,8,24,8,585976,19634,99076,8880,0.18187039164103894,0.311425966192046
5691,0.497799,20,31,20,586007,19603,99096,8860,0.18158323761532477,0.3112813125812458
5692,0.4978,8,25,8,586032,19578,99104,8852,0.18135166178813591,0.3113612381287372
5693,0.497801,15,37,15,586069,19541,99119,8837,0.18100892956389641,0.31140319966170976
5694,0.497802,13,22,13,586091,19519,99132,8824,0.1808051428359702,0.31132907596231874
5695,0.497803,12,29,12,586120,19490,99144,8812,0.18053651487643113,0.31135608790898167
5696,0.497804,10,41,10,586161,19449,99154,8802,0.1801567305198414,0.3115641924179675
5697,0.497805,13,33,13,586194,19416,99167,8789,0.17985105042795213,0.31161141641552914
5698,0.497806,6,17,6,586211,19399,99173,8783,0.17969357886546372,0.31165282804627065
5699,0.497807,25,37,25,586248,19362,99198,8758,0.1793508466412242,0.31145092460881935
5700,0.497808,9,15,9,586263,19347,99207,8749,0.1792119011449109,0.3113966400911162
5701,0.497809,9,17,9,586280,19330,99216,8740,0.17905442958242246,0.3113644460277877
5702,0.49781,6,24,6,586304,19306,99222,8734,0.17883211678832117,0.3114835948644793
5703,0.497811,12,54,12,586358,19252,99234,8722,0.17833191300159323,0.31178951883892186
5704,0.497812,11,20,11,586378,19232,99245,8711,0.17814665233984217,0.3117417600114519
5705,0.497813,28,73,28,586451,19159,99273,8683,0.1774704509244507,0.31186696358020255
5706,0.497814,22,46,22,586497,19113,99295,8661,0.17704435140242322,0.3118384100237632
5707,0.497815,15,17,15,586514,19096,99310,8646,0.17688687983993479,0.31165741475019826
5708,0.497816,18,43,18,586557,19053,99328,8628,0.17648856941716995,0.3116939416928579
5709,0.497817,3,18,3,586575,19035,99331,8625,0.17632183482159397,0.31182212581344904
5710,0.497818,19,49,19,586624,18986,99350,8606,0.17586794620030383,0.3119020005798782
5711,0.497819,13,46,13,586670,18940,99363,8593,0.17544184667827634,0.3120982094214216
5712,0.49782,24,51,24,586721,18889,99387,8569,0.17496943199081108,0.3120766261198922
5713,0.497821,18,39,18,586760,18850,99405,8551,0.17460817370039647,0.3120689025947958
5714,0.497822,11,24,11,586784,18826,99416,8540,0.17438586090629515,0.3120660673828839
5715,0.497823,11,29,11,586813,18797,99427,8529,0.17411723294675607,0.31212032496523456
5716,0.497824,1,5,1,586818,18792,99428,8528,0.1740709177813183,0.3121522693997072
5717,0.497825,15,26,15,586844,18766,99443,8513,0.1738300789210419,0.312071556875252
5718,0.497826,6,11,6,586855,18755,99449,8507,0.1737281855570788,0.3120460714547722
5719,0.497827,21,42,21,586897,18713,99470,8486,0.17333913816740154,0.3119967645869333
5720,0.497828,2,22,2,586919,18691,99472,8484,0.17313535143947534,0.31219871205151795
5721,0.497829,10,26,10,586945,18665,99482,8474,0.17289451257919894,0.3122443715685913
5722,0.49783,22,66,22,587011,18599,99504,8452,0.17228315239542036,0.3124468596355033
5723,0.497831,21,50,21,587061,18549,99525,8431,0.17182000074104264,0.31249073387694587
5724,0.497832,7,20,7,587081,18529,99532,8424,0.17163474007929155,0.31254405817534225
5725,0.497833,16,35,16,587116,18494,99548,8408,0.17131053392122716,0.31254181845215967
5726,0.497834,8,43,8,587159,18451,99556,8400,0.17091222349846233,0.31283751070723625
5727,0.497835,2,13,2,587172,18438,99558,8398,0.17079180406832414,0.31293784468624236
5728,0.497836,13,23,13,587195,18415,99571,8385,0.1705787543073104,0.3128731343283582
5729,0.497837,20,43,20,587238,18372,99591,8365,0.17018044388454556,0.3128623256161873
5730,0.497838,5,25,5,587263,18347,99596,8360,0.1699488680573567,0.3130265473471375
5731,0.497839,14,55,14,587318,18292,99610,8346,0.16943940123754123,0.31331181019596066
5732,0.49784,10,36,10,587354,18256,99620,8336,0.16910593204638927,0.3134777376654633
5733,0.497841,7,14,7,587368,18242,99627,8329,0.1689762495831635,0.3134620450867487
5734,0.497842,4,13,4,587381,18229,99631,8325,0.1688558301530253,0.3135120885742261
5735,0.497843,8,41,8,587422,18188,99639,8317,0.16847604579643558,0.3137898509715148
5736,0.497844,11,22,11,587444,18166,99650,8306,0.1682722590685094,0.31376548806285887
5737,0.497845,15,28,15,587472,18138,99665,8291,0.1680128941420579,0.313708426349843
5738,0.497846,5,12,5,587484,18126,99670,8286,0.16790173774500722,0.313721035892776
5739,0.497847,8,41,8,587525,18085,99678,8278,0.1675219533884175,0.31400068277510146
5740,0.497848,7,13,7,587538,18072,99685,8271,0.1674015339582793,0.31397335155449263
5741,0.497849,18,32,18,587570,18040,99703,8253,0.16710511689947757,0.31388582512455787
5742,0.49785,10,28,10,587598,18012,99713,8243,0.16684575197302604,0.31395924585793183
5743,0.497851,9,19,9,587617,17993,99722,8234,0.16666975434436251,0.3139512715903458
5744,0.497852,6,46,6,587663,17947,99728,8228,0.16624365482233502,0.31434574976122254
5745,0.497853,13,33,13,587696,17914,99741,8215,0.16593797473044575,0.3144016227180527
5746,0.497854,14,19,14,587715,17895,99755,8201,0.1657619771017822,0.3142627222562845
5747,0.497855,7,28,7,587743,17867,99762,8194,0.1655026121753307,0.31441617742987604
5748,0.497856,14,57,14,587800,17810,99776,8180,0.1649746192893401,0.3147364370911889
5749,0.497857,6,18,6,587818,17792,99782,8174,0.16480788469376412,0.3147962720480629
5750,0.497858,13,23,13,587841,17769,99795,8161,0.16459483493275037,0.3147319706903201
5751,0.497859,21,36,21,587877,17733,99816,8140,0.16426136574159844,0.314613689947049
5752,0.49786,2,20,2,587897,17713,99818,8138,0.16407610507984735,0.31480406947506867
5753,0.497861,2,15,2,587912,17698,99820,8136,0.16393715958353403,0.31493380815978944
5754,0.497862,8,11,8,587923,17687,99828,8128,0.16383526621957092,0.3148557040480341
5755,0.497863,17,80,17,588003,17607,99845,8111,0.1630942235725666,0.3153822225678513
5756,0.497864,12,27,12,588030,17580,99857,8099,0.16284412167920265,0.31539390163168346
5757,0.497865,7,31,7,588061,17549,99864,8092,0.16255696765348845,0.31558831558831557
5758,0.497866,22,59,22,588120,17490,99886,8070,0.16201044870132275,0.31572769953051644
5759,0.497867,22,24,22,588144,17466,99908,8048,0.16178813590722146,0.3154346633220977
5760,0.497868,21,50,21,588194,17416,99929,8027,0.16132498425284375,0.31548952560625715
5761,0.497869,9,40,9,588234,17376,99938,8018,0.1609544629293416,0.31574387650626135
5762,0.49787,9,26,9,588260,17350,99947,8009,0.16071362406906517,0.31582475649670727
5763,0.497871,10,27,10,588287,17323,99957,7999,0.1604635221757012,0.3158913198009636
5764,0.497872,16,19,16,588306,17304,99973,7983,0.16028752454703768,0.315695812077352
5765,0.497873,6,25,6,588331,17279,99979,7977,0.16005594871984882,0.3158457396262274
5766,0.497874,8,29,8,588360,17250,99987,7969,0.15978732076030974,0.31599191086085887
5767,0.497875,8,18,8,588378,17232,99995,7961,0.1596205861647338,0.31600047632278805
5768,0.497876,23,50,23,588428,17182,100018,7938,0.15915743451035608,0.3160031847133758
5769,0.497877,17,65,17,588493,17117,100035,7921,0.15855533735966504,0.31635913411614347
5770,0.497878,26,50,26,588543,17067,100061,7895,0.15809218570528735,0.31628074673503725
5771,0.497879,9,24,9,588567,17043,100070,7886,0.15786987291118604,0.31633840105900757
5772,0.49788,8,14,8,588581,17029,100078,7878,0.15774019044796028,0.3162966234391938
5773,0.497881,12,31,12,588612,16998,100090,7866,0.1574530364222461,0.31636100386100385
5774,0.497882,6,26,6,588638,16972,100096,7860,0.1572121975619697,0.3165270618556701
5775,0.497883,17,21,17,588659,16951,100113,7843,0.15701767386713106,0.3163265306122449
5776,0.497884,26,54,26,588713,16897,100139,7817,0.15651747008040312,0.31629845431739095
5777,0.497885,8,38,8,588751,16859,100147,7809,0.15616547482307608,0.31656396951516136
5778,0.497886,11,35,11,588786,16824,100158,7798,0.15584126866501166,0.31670863455446346
5779,0.497887,13,35,13,588821,16789,100171,7785,0.15551706250694727,0.3167982420444372
5780,0.497888,7,29,7,588850,16760,100178,7778,0.1552484345474082,0.316977748797783
5781,0.497889,9,21,9,588871,16739,100187,7769,0.15505391085256956,0.31699853109188836
5782,0.49789,7,19,7,588890,16720,100194,7762,0.15487791322390604,0.3170492606813169
5783,0.497891,10,14,10,588904,16706,100204,7752,0.15474823076068028,0.31695150870880695
5784,0.497892,11,47,11,588951,16659,100215,7741,0.15431286820556522,0.3172540983606557
5785,0.497893,13,37,13,588988,16622,100228,7728,0.15397013598132572,0.3173716632443532
5786,0.497894,13,32,13,589020,16590,100241,7715,0.153673718922524,0.3174243982719605
5787,0.497895,6,21,6,589041,16569,100247,7709,0.15347919522768536,0.3175302743224318
5788,0.497896,10,27,10,589068,16542,100257,7699,0.1532290933343214,0.3176024091415371
5789,0.497897,8,22,8,589090,16520,100265,7691,0.1530253066063952,0.31766552393540126
5790,0.497898,3,16,3,589106,16504,100268,7688,0.15287709807699434,0.3177910052910053
5791,0.497899,19,45,19,589151,16459,100287,7669,0.1524602615880544,0.3178464854111406
5792,0.4979,7,42,7,589193,16417,100294,7662,0.15207121419837713,0.31820258316375266
5793,0.497901,23,38,23,589231,16379,100317,7639,0.15171921894105006,0.3180531268215505
5794,0.497902,15,22,15,589253,16357,100332,7624,0.15151543221312386,0.3179183520286894
5795,0.497903,10,26,10,589279,16331,100342,7614,0.15127459335284746,0.3179787011902276
5796,0.497904,4,24,4,589303,16307,100346,7610,0.15105228055874614,0.3181837186938161
5797,0.497905,5,14,5,589317,16293,100351,7605,0.1509225980955204,0.3182274667336179
5798,0.497906,15,33,15,589350,16260,100366,7590,0.1506169180036311,0.3182389937106918
5799,0.497907,15,29,15,589379,16231,100381,7575,0.15034829004409203,0.3181970931697891
5800,0.497908,7,12,7,589391,16219,100388,7568,0.1502371336470414,0.31815697649976876
5801,0.497909,18,34,18,589425,16185,100406,7550,0.14992219052206454,0.31809563935116913
5802,0.49791,4,15,4,589440,16170,100410,7546,0.14978324502575124,0.3181818181818182
5803,0.497911,9,20,9,589460,16150,100419,7537,0.14959798436400015,0.31819141301135645
5804,0.497912,21,29,21,589489,16121,100440,7516,0.14932935640446107,0.31797605449084065
5805,0.497913,25,56,25,589545,16065,100465,7491,0.14881062655155805,0.31800815078960776
5806,0.497914,11,24,11,589569,16041,100476,7480,0.14858831375745674,0.31801368989413714
5807,0.497915,21,75,21,589644,15966,100497,7459,0.14789358627589017,0.31842049092849517
5808,0.497916,14,29,14,589673,15937,100511,7445,0.1476249583163511,0.3184073218715251
5809,0.497917,13,43,13,589716,15894,100524,7432,0.14722664789358628,0.3186144216753837
5810,0.497918,30,58,30,589774,15836,100554,7402,0.14668939197450814,0.3185299939753851
5811,0.497919,21,59,21,589833,15777,100575,7381,0.14614287302234244,0.3187235512565852
5812,0.49792,10,26,10,589859,15751,100585,7371,0.145902034162066,0.31878730213649337
5813,0.497921,9,30,9,589889,15721,100594,7362,0.1456241431694394,0.3189360135164407
5814,0.497922,5,17,5,589906,15704,100599,7357,0.14546667160695098,0.3190234595204024
5815,0.497923,6,23,6,589929,15681,100605,7351,0.14525362184593724,0.3191646405001737
5816,0.497924,7,6,7,589935,15675,100612,7344,0.1451980436474119,0.31904079238889615
5817,0.497925,16,48,16,589983,15627,100628,7328,0.1447534180592093,0.31923328250925725
5818,0.497926,6,21,6,590004,15606,100634,7322,0.14455889436437067,0.31934752267969296
5819,0.497927,19,41,19,590045,15565,100653,7303,0.14417911000778094,0.31935455658562184
5820,0.497928,7,16,7,590061,15549,100660,7296,0.14403090147838007,0.31936966513460274
5821,0.497929,21,49,21,590110,15500,100681,7275,0.14357701285708993,0.3194291986827662
5822,0.49793,3,15,3,590125,15485,100684,7272,0.1434380673607766,0.3195500285626401
5823,0.497931,8,11,8,590136,15474,100692,7264,0.1433361739968135,0.3194652124197379
5824,0.497932,13,31,13,590167,15443,100705,7251,0.14304901997109934,0.31951176522428837
5825,0.497933,16,41,16,590208,15402,100721,7235,0.14266923561450962,0.31960948888987056
5826,0.497934,8,25,8,590233,15377,100729,7227,0.14243765978732076,0.31972217306671386
5827,0.497935,14,39,14,590272,15338,100743,7213,0.14207640149690615,0.31985277814731056
5828,0.497936,15,43,15,590315,15295,100758,7198,0.1416780910741413,0.3200106699862179
5829,0.497937,14,40,14,590355,15255,100772,7184,0.14130756975063916,0.320156869735728
5830,0.497938,7,18,7,590373,15237,100779,7177,0.14114083515506318,0.3202016596769876
5831,0.497939,14,35,14,590408,15202,100793,7163,0.1408166289969988,0.32027721886876814
5832,0.49794,10,36,10,590444,15166,100803,7153,0.14048315980584683,0.3204892692324925
5833,0.497941,11,39,11,590483,15127,100814,7142,0.14012190151543222,0.32071489514571827
5834,0.497942,7,23,7,590506,15104,100821,7135,0.13990885175441847,0.32083277125770043
5835,0.497943,8,25,8,590531,15079,100829,7127,0.13967727592722962,0.32094929298387825
5836,0.497944,6,14,6,590545,15065,100835,7121,0.13954759346400386,0.3209681781303525
5837,0.497945,21,39,21,590584,15026,100856,7100,0.13918633517358925,0.3208894513242339
5838,0.497946,5,16,5,590600,15010,100861,7095,0.13903812664418838,0.3209681067631758
5839,0.497947,21,27,21,590627,14983,100882,7074,0.1387880247508244,0.32071451239969173
5840,0.497948,9,24,9,590651,14959,100891,7065,0.1385657119567231,0.32078641482019615
5841,0.497949,9,41,9,590692,14918,100900,7056,0.1381859276001334,0.3211067625375444
5842,0.49795,9,22,9,590714,14896,100909,7047,0.1379821408722072,0.32115025292804084
5843,0.497951,6,17,6,590731,14879,100915,7041,0.13782466930971876,0.321213503649635
5844,0.497952,13,14,13,590745,14865,100928,7028,0.137694986846493,0.32101584981500936
5845,0.497953,9,16,9,590761,14849,100937,7019,0.13754677831709214,0.3209712822388879
5846,0.497954,9,23,9,590784,14826,100946,7010,0.1373337285560784,0.3210294925810588
5847,0.497955,8,12,8,590796,14814,100954,7002,0.13722257215902775,0.320957095709571
5848,0.497956,5,12,5,590808,14802,100959,6997,0.1371114157619771,0.32097802651497775
5849,0.497957,3,12,3,590820,14790,100962,6994,0.13700025936492646,0.3210613294160852
5850,0.497958,15,16,15,590836,14774,100977,6979,0.1368520508355256,0.320829310899646
5851,0.497959,15,44,15,590880,14730,100992,6964,0.1364444773796732,0.3210104176269936
5852,0.49796,4,19,4,590899,14711,100996,6960,0.13626847975100967,0.3211665359235845
5853,0.497961,13,25,13,590924,14686,101009,6947,0.1360369039238208,0.32112975546618594
5854,0.497962,7,11,7,590935,14675,101016,6940,0.1359350105598577,0.3210733287069165
5855,0.497963,15,17,15,590952,14658,101031,6925,0.1357775389973693,0.3208543761293611
5856,0.497964,12,22,12,590974,14636,101043,6913,0.1355737522694431,0.3208037495939487
5857,0.497965,18,36,18,591010,14600,101061,6895,0.13524028307829117,0.3207722726215399
5858,0.497966,3,14,3,591024,14586,101064,6892,0.13511060061506538,0.32088648849986035
5859,0.497967,6,18,6,591042,14568,101070,6886,0.13494386601948943,0.32096578726577796
5860,0.497968,4,9,4,591051,14559,101074,6882,0.13486049872170144,0.32097383517559813
5861,0.497969,14,34,14,591085,14525,101088,6868,0.1345455555967246,0.3210395923900341
5862,0.49797,9,31,9,591116,14494,101097,6859,0.1342584015710104,0.32121950077272515
5863,0.497971,9,35,9,591151,14459,101106,6850,0.13393419541294602,0.32146041578675677
5864,0.497972,10,20,10,591171,14439,101116,6840,0.13374893475119493,0.3214436768645143
5865,0.497973,3,11,3,591182,14428,101119,6837,0.13364704138723182,0.32151422525276274
5866,0.497974,28,56,28,591238,14372,101147,6809,0.1331283115343288,0.3214673528162032
5867,0.497975,5,6,5,591244,14366,101152,6804,0.13307273333580347,0.3213982050070855
5868,0.497976,8,43,8,591287,14323,101160,6796,0.13267442291303866,0.3217955395615323
5869,0.497977,8,11,8,591298,14312,101168,6788,0.13257252954907556,0.32170616113744077
5870,0.497978,8,23,8,591321,14289,101176,6780,0.1323594797880618,0.32179980065499075
5871,0.497979,4,13,4,591334,14276,101180,6776,0.1322390603579236,0.3218696560896827
5872,0.49798,12,30,12,591364,14246,101192,6764,0.13196116936529698,0.3219419324131366
5873,0.497981,20,27,20,591391,14219,101212,6744,0.131711067471933,0.3217096789581644
5874,0.497982,21,36,21,591427,14183,101233,6723,0.13137759828078105,0.3215823208648235
5875,0.497983,6,12,6,591439,14171,101239,6717,0.1312664418837304,0.3215721945614707
5876,0.497984,9,33,9,591472,14138,101248,6708,0.13096076179184113,0.3217883526815696
5877,0.497985,16,23,16,591495,14115,101264,6692,0.13074771203082738,0.3216225308790311
5878,0.497986,3,20,3,591515,14095,101267,6689,0.1305624513690763,0.32183410315627403
5879,0.497987,8,20,8,591535,14075,101275,6681,0.1303771907073252,0.3218828290614762
5880,0.497988,18,24,18,591559,14051,101293,6663,0.13015487791322392,0.32166650574490685
5881,0.497989,14,23,14,591582,14028,101307,6649,0.12994182815221017,0.3215650239396431
5882,0.49799,10,22,10,591604,14006,101317,6639,0.12973804142428397,0.32157907483652215
5883,0.497991,17,21,17,591625,13985,101334,6622,0.12954351772944533,0.32134711505799
5884,0.497992,15,26,15,591651,13959,101349,6607,0.1293026788691689,0.32125838763006903
5885,0.497993,2,12,2,591663,13947,101351,6605,0.12919152247211826,0.3213799143635656
5886,0.497994,8,12,8,591675,13935,101359,6597,0.12908036607506762,0.3213033313851549
5887,0.497995,18,23,18,591698,13912,101377,6579,0.12886731631405388,0.3210677858572056
5888,0.497996,6,17,6,591715,13895,101383,6573,0.12870984475156547,0.32113543091655267
5889,0.497997,7,12,7,591727,13883,101390,6566,0.1285986883545148,0.32109149591667074
5890,0.497998,14,25,14,591752,13858,101404,6552,0.12836711252732594,0.32101910828025476
5891,0.497999,9,34,9,591786,13824,101413,6543,0.1280521694023491,0.3212549712770658
5892,0.498,3,30,3,591816,13794,101416,6540,0.12777427840972247,0.3216287990557687
5893,0.498001,6,14,6,591830,13780,101422,6534,0.12764459594649671,0.3216500935315546
5894,0.498002,14,16,14,591846,13764,101436,6520,0.12749638741709585,0.32143561427726286
5895,0.498003,19,31,19,591877,13733,101455,6501,0.12720923339138168,0.3212908965108234
5896,0.498004,5,8,5,591885,13725,101460,6496,0.12713512912668123,0.321250185450769
5897,0.498005,7,12,7,591897,13713,101467,6489,0.1270239727296306,0.3212058212058212
5898,0.498006,3,7,3,591904,13706,101470,6486,0.1269591314980177,0.32121632329635497
5899,0.498007,14,36,14,591940,13670,101484,6472,0.12662566230686575,0.32131863767252505
5900,0.498008,7,26,7,591966,13644,101491,6465,0.12638482344658936,0.3214978367894972
5901,0.498009,6,24,6,591990,13620,101497,6459,0.12616251065248804,0.3216793665023159
5902,0.49801,10,17,10,592007,13603,101507,6449,0.12600503908999963,0.3216138041093158
5903,0.498011,7,18,7,592025,13585,101514,6442,0.12583830449442365,0.32166575123583163
5904,0.498012,18,38,18,592063,13547,101532,6424,0.12548630923709658,0.3216664163036403
5905,0.498013,23,52,23,592115,13495,101555,6401,0.12500463151654378,0.3217229593888219
5906,0.498014,5,22,5,592137,13473,101560,6396,0.12480084478861758,0.3219085006794504
5907,0.498015,9,26,9,592163,13447,101569,6387,0.12456000592834117,0.32202278914994453
5908,0.498016,6,22,6,592185,13425,101575,6381,0.12435621920041498,0.32217509845501363
5909,0.498017,9,13,9,592198,13412,101584,6372,0.12423579977027678,0.32207844723008494
5910,0.498018,13,21,13,592219,13391,101597,6359,0.12404127607543815,0.3219746835443038
5911,0.498019,14,24,14,592243,13367,101611,6345,0.12381896328133685,0.3218851461038961
5912,0.49802,5,7,5,592250,13360,101616,6340,0.12375412204972396,0.3218274111675127
5913,0.498021,7,9,7,592259,13351,101623,6333,0.12367075475193598,0.3217333875228612
5914,0.498022,1,7,1,592266,13344,101624,6332,0.12360591352032309,0.3218133767025818
5915,0.498023,8,46,8,592312,13298,101632,6324,0.1231798139982956,0.32229130567730097
5916,0.498024,13,29,13,592341,13269,101645,6311,0.12291118603875653,0.32231869254341167
5917,0.498025,5,8,5,592349,13261,101650,6306,0.1228370817740561,0.32227730362344764
5918,0.498026,23,37,23,592386,13224,101673,6283,0.1224943495498166,0.32208950633106065
5919,0.498027,3,17,3,592403,13207,101676,6280,0.12233687798732817,0.3222661261353723
5920,0.498028,3,16,3,592419,13191,101679,6277,0.1221886694579273,0.32242654612697763
5921,0.498029,8,16,8,592435,13175,101687,6269,0.12204046092852644,0.32241308372762806
5922,0.49803,10,24,10,592459,13151,101697,6259,0.12181814813442514,0.322462648119526
5923,0.498031,11,25,11,592484,13126,101708,6248,0.12158657230723628,0.3224940642097657
5924,0.498032,12,44,12,592528,13082,101720,6236,0.1211789988513839,0.32280774407288537
5925,0.498033,12,24,12,592552,13058,101732,6224,0.1209566860572826,0.3227880925215227
5926,0.498034,6,9,6,592561,13049,101738,6218,0.12087331875949461,0.3227279804847667
5927,0.498035,15,23,15,592584,13026,101753,6203,0.12066026899848087,0.3225856778823652
5928,0.498036,4,11,4,592595,13015,101757,6199,0.12055837563451777,0.32262933277818256
5929,0.498037,11,39,11,592634,12976,101768,6188,0.12019711734410315,0.32289709872677935
5930,0.498038,9,14,9,592648,12962,101777,6179,0.1200674348808774,0.3228148999529805
5931,0.498039,13,42,13,592690,12920,101790,6166,0.11967838749120012,0.3230640259876349
5932,0.49804,14,16,14,592706,12904,101804,6152,0.11953017896179925,0.3228379513014274
5933,0.498041,16,14,16,592720,12890,101820,6136,0.1194004964985735,0.322506044360349
5934,0.498042,12,28,12,592748,12862,101832,6124,0.11914113157212197,0.3225534604445381
5935,0.498043,13,26,13,592774,12836,101845,6111,0.11890029271184557,0.32253127144138916
5936,0.498044,16,35,16,592809,12801,101861,6095,0.11857608655378117,0.32255503810330227
5937,0.498045,6,14,6,592823,12787,101867,6089,0.11844640409055542,0.32257893621529987
5938,0.498046,15,25,15,592848,12762,101882,6074,0.11821482826336656,0.3224676152049267
5939,0.498047,8,18,8,592866,12744,101890,6066,0.11804809366779058,0.32248803827751193
5940,0.498048,5,11,5,592877,12733,101895,6061,0.11794620030382749,0.32249654144939877
5941,0.498049,13,36,13,592913,12697,101908,6048,0.11761273111267553,0.32264603894371835
5942,0.49805,36,62,36,592975,12635,101944,6012,0.11703842306124718,0.322411111706977
5943,0.498051,8,29,8,593004,12606,101952,6004,0.11676979510170811,0.322622246104245
5944,0.498052,7,20,7,593024,12586,101959,5997,0.11658453443995702,0.32271430877683904
5945,0.498053,5,17,5,593041,12569,101964,5992,0.1164270628774686,0.32282743386670976
5946,0.498054,3,12,3,593053,12557,101967,5989,0.11631590648041795,0.32292677666343145
5947,0.498055,10,14,10,593067,12543,101977,5979,0.11618622401719218,0.32280531260123096
5948,0.498056,1,14,1,593081,12529,101978,5978,0.11605654155396643,0.32301291403252824
5949,0.498057,4,5,4,593086,12524,101982,5974,0.11601022638852866,0.32295383284679424
5950,0.498058,5,9,5,593095,12515,101987,5969,0.11592685909074067,0.3229279376758277
5951,0.498059,6,14,6,593109,12501,101993,5963,0.11579717662751492,0.32295277296360486
5952,0.49806,16,27,16,593136,12474,102009,5947,0.11554707473415095,0.322838065251615
5953,0.498061,5,28,5,593164,12446,102014,5942,0.11528770980769944,0.3231455296932782
5954,0.498062,8,12,8,593176,12434,102022,5934,0.11517655341064878,0.32306184668989546
5955,0.498063,4,10,4,593186,12424,102026,5930,0.11508392307977323,0.3230903345319821
5956,0.498064,14,30,14,593216,12394,102040,5916,0.11480603208714661,0.32310212998361554
5957,0.498065,3,10,3,593226,12384,102043,5913,0.11471340175627108,0.32316773241515
5958,0.498066,8,23,8,593249,12361,102051,5905,0.11450035199525732,0.3232782218329136
5959,0.498067,7,8,7,593257,12353,102058,5898,0.11442624773055689,0.32316037477398496
5960,0.498068,13,30,13,593287,12323,102071,5885,0.11414835673793026,0.3232095782073814
5961,0.498069,8,24,8,593311,12299,102079,5877,0.11392604394382896,0.32333846830985913
5962,0.49807,11,11,11,593322,12288,102090,5866,0.11382415057986588,0.32312438030186186
5963,0.498071,4,5,4,593327,12283,102094,5862,0.1137778354144281,0.3230642050151557
5964,0.498072,8,16,8,593343,12267,102102,5854,0.11362962688502723,0.32305060427128746
5965,0.498073,15,32,15,593375,12235,102117,5839,0.1133332098262255,0.3230607502489764
5966,0.498074,6,14,6,593389,12221,102123,5833,0.11320352736299974,0.3230862966655589
5967,0.498075,7,12,7,593401,12209,102130,5826,0.1130923709659491,0.32303853617965067
5968,0.498076,6,18,6,593419,12191,102136,5820,0.11292563637037312,0.3231358614180223
5969,0.498077,3,15,3,593434,12176,102139,5817,0.1127866908740598,0.3232923914855777
5970,0.498078,12,36,12,593470,12140,102151,5805,0.11245322168290785,0.3234884368904987
5971,0.498079,36,64,36,593534,12076,102187,5769,0.11186038756530438,0.32328383300644437
5972,0.49808,20,43,20,593577,12033,102207,5749,0.11146207714253956,0.3233044651895175
5973,0.498081,3,9,3,593586,12024,102210,5746,0.11137870984475157,0.3233539673607203
5974,0.498082,10,29,10,593615,11995,102220,5736,0.1111100818852125,0.32350121256556313
5975,0.498083,7,20,7,593635,11975,102227,5729,0.11092482122346141,0.32359918662449166
5976,0.498084,6,22,6,593657,11953,102233,5723,0.11072103449553522,0.3237723466847703
5977,0.498085,5,16,5,593673,11937,102238,5718,0.11057282596613435,0.32387425658453695
5978,0.498086,6,10,6,593683,11927,102244,5712,0.11048019563525881,0.3238278813991723
5979,0.498087,3,5,3,593688,11922,102247,5709,0.11043388046982104,0.3238046622426408
5980,0.498088,6,21,6,593709,11901,102253,5703,0.1102393567749824,0.32396046353101565
5981,0.498089,12,34,12,593743,11867,102265,5691,0.10992441365000556,0.32412575464175875
5982,0.49809,10,18,10,593761,11849,102275,5681,0.10975767905442958,0.32407301768397034
5983,0.498091,15,39,15,593800,11810,102290,5666,0.10939642076401497,0.32421606775005724
5984,0.498092,3,9,3,593809,11801,102293,5663,0.10931305346622698,0.32426706367384334
5985,0.498093,9,13,9,593822,11788,102302,5654,0.10919263403608878,0.3241600733860796
5986,0.498094,8,14,8,593836,11774,102310,5646,0.10906295157286301,0.3241102181400689
5987,0.498095,4,8,4,593844,11766,102314,5642,0.10898884730816258,0.32410386029411764
5988,0.498096,21,53,21,593897,11713,102335,5621,0.10849790655452221,0.32427598938502367
5989,0.498097,9,22,9,593919,11691,102344,5612,0.10829411982659602,0.3243368202045888
5990,0.498098,24,42,24,593961,11649,102368,5588,0.10790507243691874,0.3241863433312061
5991,0.498099,7,13,7,593974,11636,102375,5581,0.10778465300678054,0.32415635708892376
5992,0.4981,2,10,2,593984,11626,102377,5579,0.107692022675905,0.32426620168555653
5993,0.498101,17,27,17,594011,11599,102394,5562,0.10744192078254104,0.32410698677233263
5994,0.498102,3,11,3,594022,11588,102397,5559,0.10734002741857794,0.3241966524756517
5995,0.498103,20,49,20,594071,11539,102417,5539,0.10688613879728778,0.3243354022719288
5996,0.498104,21,39,21,594110,11500,102438,5518,0.10652488050687317,0.32424491714655074
5997,0.498105,3,3,3,594113,11497,102441,5515,0.1064970914076105,0.3241829296966847
5998,0.498106,13,20,13,594133,11477,102454,5502,0.10631183074585943,0.3240473526120502
5999,0.498107,14,21,14,594154,11456,102468,5488,0.10611730705102079,0.323890462700661
6000,0.498108,6,14,6,594168,11442,102474,5482,0.10598762458779502,0.32391869534389034
6001,0.498109,12,32,12,594200,11410,102486,5470,0.10569120752899329,0.3240521327014218
6002,0.49811,7,10,7,594210,11400,102493,5463,0.10559857719811776,0.32396370752535136
6003,0.498111,7,22,7,594232,11378,102500,5456,0.10539479047019155,0.3241059760009505
6004,0.498112,10,11,10,594243,11367,102510,5446,0.10529289710622847,0.32391601736751324
6005,0.498113,12,37,12,594280,11330,102522,5434,0.10495016488198895,0.3241469816272966
6006,0.498114,9,18,9,594298,11312,102531,5425,0.10478343028641299,0.32413216227519864
6007,0.498115,12,21,12,594319,11291,102543,5413,0.10458890659157434,0.32405411877394635
6008,0.498116,2,8,2,594327,11283,102545,5411,0.1045148023268739,0.32412842937582365
6009,0.498117,12,15,12,594342,11268,102557,5399,0.1043758568305606,0.3239335213295734
6010,0.498118,6,21,6,594363,11247,102563,5393,0.10418133313572196,0.32409855769230766
6011,0.498119,0,9,0,594372,11238,102563,5393,0.10409796583793397,0.32427394624496425
6012,0.49812,9,4,9,594376,11234,102572,5384,0.10406091370558376,0.3239860392345649
6013,0.498121,10,15,10,594391,11219,102582,5374,0.10392196820927044,0.32387151208340864
6014,0.498122,5,7,5,594398,11212,102587,5369,0.10385712697765756,0.323804354381521
6015,0.498123,5,21,5,594419,11191,102592,5364,0.10366260328281893,0.32401087284808217
6016,0.498124,6,21,6,594440,11170,102598,5358,0.1034680795879803,0.3241771539206196
6017,0.498125,2,11,2,594451,11159,102600,5356,0.10336618622401719,0.32431123221313957
6018,0.498126,3,7,3,594458,11152,102603,5353,0.10330134499240431,0.32432596182974854
6019,0.498127,8,4,8,594462,11148,102611,5345,0.10326429286005409,0.3240768811010732
6020,0.498128,6,8,6,594470,11140,102617,5339,0.10319018859535366,0.3239881060743977
6021,0.498129,7,14,7,594484,11126,102624,5332,0.1030605061321279,0.323976181796087
6022,0.49813,3,7,3,594491,11119,102627,5329,0.10299566490051502,0.32399075875486383
6023,0.498131,7,28,7,594519,11091,102634,5322,0.10273629997406351,0.3242551635898373
6024,0.498132,1,11,1,594530,11080,102635,5321,0.10263440661010041,0.32443143710749345
6025,0.498133,6,19,6,594549,11061,102641,5315,0.10245840898143688,0.3245603321934538
6026,0.498134,13,24,13,594573,11037,102654,5302,0.10223609618733558,0.3244996633820919
6027,0.498135,8,16,8,594589,11021,102662,5294,0.10208788765793471,0.32448666870977627
6028,0.498136,9,16,9,594605,11005,102671,5285,0.10193967912853384,0.32443216697360344
6029,0.498137,8,16,8,594621,10989,102679,5277,0.10179147059913297,0.32441903356694946
6030,0.498138,6,25,6,594646,10964,102685,5271,0.10155989477194413,0.3246689251616877
6031,0.498139,3,8,3,594654,10956,102688,5268,0.1014857905072437,0.32470414201183434
6032,0.49814,2,4,2,594658,10952,102690,5266,0.10144873837489347,0.32470094956221485
6033,0.498141,5,19,5,594677,10933,102695,5261,0.10127274074622994,0.32487340990490304
6034,0.498142,5,15,5,594692,10918,102700,5256,0.10113379524991663,0.32496599480647953
6035,0.498143,18,30,18,594722,10888,102718,5238,0.10085590425729,0.32481706560833434
6036,0.498144,7,11,7,594733,10877,102725,5231,0.10075401089332692,0.32474546809038984
6037,0.498145,2,12,2,594745,10865,102727,5229,0.10064285449627626,0.3249036908164533
6038,0.498146,12,17,12,594762,10848,102739,5217,0.10048538293378784,0.3247432306255836
6039,0.498147,5,4,5,594766,10844,102744,5212,0.10044833080143763,0.32461385151968114
6040,0.498148,0,1,0,594767,10843,102744,5212,0.10043906776835007,0.32463407038305825
6041,0.498149,3,5,3,594772,10838,102747,5209,0.10039275260291229,0.3246089611765439
6042,0.49815,6,8,6,594780,10830,102753,5203,0.10031864833821186,0.32451818125116944
6043,0.498151,3,4,3,594784,10826,102756,5200,0.10028159620586165,0.32447273181080744
6044,0.498152,9,25,9,594809,10801,102765,5191,0.10005002037867279,0.32459979989994997
6045,0.498153,1,8,1,594817,10793,102766,5190,0.09997591611397236,0.32472001501595443
6046,0.498154,5,28,5,594845,10765,102771,5185,0.09971655118752085,0.3250783699059561
6047,0.498155,3,14,3,594859,10751,102774,5182,0.09958686872429508,0.32523692964287954
6048,0.498156,9,23,9,594882,10728,102783,5173,0.09937381896328133,0.3253254512294824
6049,0.498157,8,35,8,594917,10693,102791,5165,0.09904961280521694,0.325703115146929
6050,0.498158,6,23,6,594940,10670,102797,5159,0.0988365630442032,0.3259207783182766
6051,0.498159,4,8,4,594948,10662,102801,5155,0.09876245877950277,0.3259151545805146
6052,0.49816,7,6,7,594954,10656,102808,5148,0.09870688058097743,0.32574031890660593
6053,0.498161,5,5,5,594959,10651,102813,5143,0.09866056541553966,0.32562998607065974
6054,0.498162,4,12,4,594971,10639,102817,5139,0.09854940901848902,0.325706680187603
6055,0.498163,7,12,7,594983,10627,102824,5132,0.09843825262143836,0.32565518116631764
6056,0.498164,10,16,10,594999,10611,102834,5122,0.0982900440920375,0.325557744867476
6057,0.498165,6,10,6,595009,10601,102840,5116,0.09819741376116195,0.3255074123560476
6058,0.498166,4,10,4,595019,10591,102844,5112,0.09810478343028642,0.3255428898936509
6059,0.498167,1,6,1,595025,10585,102845,5111,0.09804920523176108,0.32562436289500507
6060,0.498168,6,9,6,595034,10576,102851,5105,0.0979658379339731,0.3255532172693068
6061,0.498169,8,11,8,595045,10565,102859,5097,0.09786394457001,0.32543736432128717
6062,0.49817,4,10,4,595055,10555,102863,5093,0.09777131423913446,0.32547290388548056
6063,0.498171,15,32,15,595087,10523,102878,5078,0.09747489718033273,0.32549195564386896
6064,0.498172,15,43,15,595130,10480,102893,5063,0.0970765867575679,0.32574149134658686
6065,0.498173,1,10,1,595140,10470,102894,5062,0.09698395642669236,0.32590780324491375
6066,0.498174,4,20,4,595160,10450,102898,5058,0.09679869576494127,0.32615424297136963
6067,0.498175,10,28,10,595188,10422,102908,5048,0.09653933083848976,0.32630898513251455
6068,0.498176,3,12,3,595200,10410,102911,5045,0.0964281744414391,0.32643157554189584
6069,0.498177,26,40,26,595240,10370,102937,5019,0.09605765311793693,0.326142049515888
6070,0.498178,8,36,8,595276,10334,102945,5011,0.09572418392678499,0.3265558813945911
6071,0.498179,2,5,2,595281,10329,102947,5009,0.09567786876134722,0.326574520798018
6072,0.49818,4,14,4,595295,10315,102951,5005,0.09554818629812145,0.3266971279373368
6073,0.498181,3,11,3,595306,10304,102954,5002,0.09544629293415836,0.3267999477329152
6074,0.498182,5,9,5,595315,10295,102959,4997,0.09536292563637037,0.3267721684540936
6075,0.498183,7,9,7,595324,10286,102966,4990,0.09527955833858238,0.3266561927206075
6076,0.498184,12,29,12,595353,10257,102978,4978,0.09501093037904332,0.3267476206104365
6077,0.498185,4,7,4,595360,10250,102982,4974,0.09494608914743044,0.3267209668943773
6078,0.498186,2,11,2,595371,10239,102984,4972,0.09484419578346734,0.3268687134310696
6079,0.498187,6,13,6,595384,10226,102990,4966,0.09472377635332914,0.32688256977356506
6080,0.498188,5,5,5,595389,10221,102995,4961,0.09467746118789136,0.32676854169411146
6081,0.498189,6,20,6,595409,10201,103001,4955,0.09449220052614028,0.32693322776458167
6082,0.49819,8,16,8,595425,10185,103009,4947,0.09434399199673942,0.3269230769230769
6083,0.498191,8,12,8,595437,10173,103017,4939,0.09423283559968876,0.32682636315510855
6084,0.498192,1,12,1,595449,10161,103018,4938,0.09412167920263811,0.3270415259288695
6085,0.498193,4,9,4,595458,10152,103022,4934,0.09403831190485012,0.3270581996553096
6086,0.498194,7,14,7,595472,10138,103029,4927,0.09390862944162437,0.3270494523730501
6087,0.498195,6,18,6,595490,10120,103035,4921,0.09374189484604839,0.32717239545243004
6088,0.498196,9,10,9,595500,10110,103044,4912,0.09364926451517284,0.3269870856077753
6089,0.498197,5,7,5,595507,10103,103049,4907,0.09358442328355997,0.3269153897401732
6090,0.498198,11,5,11,595512,10098,103060,4896,0.0935381081181222,0.32653061224489793
6091,0.498199,3,7,3,595519,10091,103063,4893,0.09347326688650932,0.3265483182060865
6092,0.4982,3,9,3,595528,10082,103066,4890,0.09338989958872133,0.3266096713865883
6093,0.498201,1,11,1,595539,10071,103067,4889,0.09328800622475823,0.3268048128342246
6094,0.498202,6,19,6,595558,10052,103073,4883,0.09311200859609471,0.3269501171744225
6095,0.498203,13,23,13,595581,10029,103086,4870,0.09289895883508095,0.3268675750050339
6096,0.498204,6,11,6,595592,10018,103092,4864,0.09279706547111786,0.3268377906195404
6097,0.498205,9,21,9,595613,9997,103101,4855,0.09260254177627922,0.326892001077296
6098,0.498206,1,11,1,595624,9986,103102,4854,0.09250064841231613,0.327088948787062
6099,0.498207,3,7,3,595631,9979,103105,4851,0.09243580718070325,0.32710721510451785
6100,0.498208,12,18,12,595649,9961,103117,4839,0.09226907258512727,0.3269594594594595
6101,0.498209,14,23,14,595672,9938,103131,4825,0.09205602282411353,0.32683058998848474
6102,0.49821,4,15,4,595687,9923,103135,4821,0.09191707732780022,0.32698046663049374
6103,0.498211,6,7,6,595694,9916,103141,4815,0.09185223609618734,0.32686172018192927
6104,0.498212,5,12,5,595706,9904,103146,4810,0.09174107969913668,0.3268995514476009
6105,0.498213,8,2,8,595708,9902,103154,4802,0.09172255363296157,0.3265778019586507
6106,0.498214,5,12,5,595720,9890,103159,4797,0.09161139723591093,0.32661537414039626
6107,0.498215,12,26,12,595746,9864,103171,4785,0.09137055837563451,0.3266434568912554
6108,0.498216,13,16,13,595762,9848,103184,4772,0.09122234984623365,0.3264021887824897
6109,0.498217,2,8,2,595770,9840,103186,4770,0.09114824558153321,0.3264887063655031
6110,0.498218,18,18,18,595788,9822,103204,4752,0.09098151098595725,0.32606010703993416
6111,0.498219,9,29,9,595817,9793,103213,4743,0.09071288302641817,0.32629334067143645
6112,0.49822,2,6,2,595823,9787,103215,4741,0.09065730482789285,0.3263353524229075
6113,0.498221,3,9,3,595832,9778,103218,4738,0.09057393753010486,0.3263984568751722
6114,0.498222,4,0,4,595832,9778,103222,4734,0.09057393753010486,0.326212789415656
6115,0.498223,9,21,9,595853,9757,103231,4725,0.09037941383526622,0.32626709018091427
6116,0.498224,11,26,11,595879,9731,103242,4714,0.09013857497498981,0.32634129456559363
6117,0.498225,17,34,17,595913,9697,103259,4697,0.08982363185001296,0.32631652077254414
6118,0.498226,1,11,1,595924,9686,103260,4696,0.08972173848604988,0.32651926018634403
6119,0.498227,6,4,6,595928,9682,103266,4690,0.08968468635369965,0.3263289730030615
6120,0.498228,10,24,10,595952,9658,103276,4680,0.08946237355959835,0.32640535639559215
6121,0.498229,8,12,8,595964,9646,103284,4672,0.08935121716254771,0.3263025562229362
6122,0.49823,3,18,3,595982,9628,103287,4669,0.08918448256697173,0.3265720081135903
6123,0.498231,3,6,3,595988,9622,103290,4666,0.08912890436844641,0.32656774916013437
6124,0.498232,5,23,5,596011,9599,103295,4661,0.08891585460743266,0.3268583450210379
6125,0.498233,7,41,7,596052,9558,103302,4654,0.08853607025084294,0.3274697438784126
6126,0.498234,2,7,2,596059,9551,103304,4652,0.08847122901923006,0.32753643596423293
6127,0.498235,7,17,7,596076,9534,103311,4645,0.08831375745674164,0.3275971507158474
6128,0.498236,9,24,9,596100,9510,103320,4636,0.08809144466264034,0.32772515198642727
6129,0.498237,8,20,8,596120,9490,103328,4628,0.08790618400088925,0.3278084714548803
6130,0.498238,4,3,4,596123,9487,103332,4624,0.08787839490162659,0.3276876195875558
6131,0.498239,2,5,2,596128,9482,103334,4622,0.08783207973618881,0.32770845150311967
6132,0.49824,8,4,8,596132,9478,103342,4614,0.0877950276038386,0.3274198126596651
6133,0.498241,14,51,14,596183,9427,103356,4600,0.08732261291637333,0.3279389748342482
6134,0.498242,13,20,13,596203,9407,103369,4587,0.08713735225462226,0.32778333571530655
6135,0.498243,2,12,2,596215,9395,103371,4585,0.0870261958575716,0.3279685264663805
6136,0.498244,1,4,1,596219,9391,103372,4584,0.08698914372522139,0.3280143112701252
6137,0.498245,8,16,8,596235,9375,103380,4576,0.08684093519582052,0.32800516092036414
6138,0.498246,14,26,14,596261,9349,103394,4562,0.08660009633554411,0.3279419164689814
6139,0.498247,2,5,2,596266,9344,103396,4560,0.08655378117010634,0.32796317606444186
6140,0.498248,2,7,2,596273,9337,103398,4558,0.08648893993849346,0.32803166606693057
6141,0.498249,11,32,11,596305,9305,103409,4547,0.08619252287969173,0.3282558475310424
6142,0.49825,13,22,13,596327,9283,103422,4534,0.08598873615176554,0.3281464862126366
6143,0.498251,2,5,2,596332,9278,103424,4532,0.08594242098632776,0.3281679942070963
6144,0.498252,12,21,12,596353,9257,103436,4520,0.08574789729148913,0.328083036945634
6145,0.498253,2,11,2,596364,9246,103438,4518,0.08564600392752603,0.3282476024411508
6146,0.498254,5,13,5,596377,9233,103443,4513,0.08552558449738783,0.32831369125563803
6147,0.498255,15,29,15,596406,9204,103458,4498,0.08525695653784875,0.32827324478178366
6148,0.498256,6,18,6,596424,9186,103464,4492,0.08509022194227278,0.3284105863430326
6149,0.498257,15,27,15,596451,9159,103479,4477,0.08484012004890881,0.32832208858902906
6150,0.498258,13,20,13,596471,9139,103492,4464,0.08465485938715774,0.32816290524149083
6151,0.498259,4,1,4,596472,9138,103496,4460,0.08464559635407018,0.3279894102073834
6152,0.49826,10,22,10,596494,9116,103506,4450,0.08444180962614399,0.32802594722099365
6153,0.498261,7,12,7,596506,9104,103513,4443,0.08433065322909333,0.3279692920941906
6154,0.498262,20,37,20,596543,9067,103533,4423,0.08398792100485383,0.3278724981467754
6155,0.498263,3,7,3,596550,9060,103536,4420,0.08392307977324096,0.327893175074184
6156,0.498264,10,29,10,596579,9031,103546,4410,0.08365445181370187,0.32810058775388734
6157,0.498265,1,9,1,596588,9022,103547,4409,0.08357108451591388,0.3282704191795101
6158,0.498266,7,13,7,596601,9009,103554,4402,0.08345066508577569,0.3282380135709492
6159,0.498267,15,41,15,596642,8968,103569,4387,0.08307088072918596,0.32849120179707975
6160,0.498268,1,5,1,596647,8963,103570,4386,0.0830245655637482,0.328563937373586
6161,0.498269,21,34,21,596681,8929,103591,4365,0.08270962243877135,0.3283436136602979
6162,0.49827,17,35,17,596716,8894,103608,4348,0.08238541628070696,0.32834919196496
6163,0.498271,6,15,6,596731,8879,103614,4342,0.08224647078439364,0.32841691248770893
6164,0.498272,3,7,3,596738,8872,103617,4339,0.08218162955278076,0.3284384225266823
6165,0.498273,2,7,2,596745,8865,103619,4337,0.08211678832116788,0.3285108316921678
6166,0.498274,14,28,14,596773,8837,103633,4323,0.08185742339471637,0.3284954407294833
6167,0.498275,2,9,2,596782,8828,103635,4321,0.08177405609692838,0.3286181458666058
6168,0.498276,11,27,11,596809,8801,103646,4310,0.08152395420356441,0.3287315994203341
6169,0.498277,2,13,2,596822,8788,103648,4308,0.08140353477342621,0.3289554062309102
6170,0.498278,12,14,12,596836,8774,103660,4296,0.08127385231020046,0.32869166029074215
6171,0.498279,4,12,4,596848,8762,103664,4292,0.0811626959131498,0.32878811092385474
6172,0.49828,6,19,6,596867,8743,103670,4286,0.08098669828448628,0.32895847724307314
6173,0.498281,3,6,3,596873,8737,103673,4283,0.08093112008596094,0.32895545314900154
6174,0.498282,5,27,5,596900,8710,103678,4278,0.08068101819259699,0.3293809670465045
6175,0.498283,3,16,3,596916,8694,103681,4275,0.08053280966319612,0.3296321998612075
6176,0.498284,10,32,10,596948,8662,103691,4265,0.08023639260439439,0.3299296047033341
6177,0.498285,3,11,3,596959,8651,103694,4262,0.08013449924043128,0.3300549833501123
6178,0.498286,3,24,3,596983,8627,103697,4259,0.07991218644632998,0.33051373583734284
6179,0.498287,1,4,1,596987,8623,103698,4258,0.07987513431397977,0.33056439717413244
6180,0.498288,9,13,9,597000,8610,103707,4249,0.07975471488384156,0.3304300489929232
6181,0.498289,5,16,5,597016,8594,103712,4244,0.07960650635444069,0.33058108739679076
6182,0.49829,6,18,6,597034,8576,103718,4238,0.07943977175886473,0.3307320118620259
6183,0.498291,10,22,10,597056,8554,103728,4228,0.07923598503093852,0.3307776560788609
6184,0.498292,4,7,4,597063,8547,103732,4224,0.07917114379932565,0.330749354005168
6185,0.498293,7,20,7,597083,8527,103739,4217,0.07898588313757457,0.3309008160703076
6186,0.498294,9,17,9,597100,8510,103748,4208,0.07882841157508615,0.3308696335901871
6187,0.498295,1,4,1,597104,8506,103749,4207,0.07879135944273592,0.3309211043813419
6188,0.498296,6,17,6,597121,8489,103755,4201,0.07863388788024751,0.33104806934594166
6189,0.498297,8,16,8,597137,8473,103763,4193,0.07848567935084665,0.33104373914416546
6190,0.498298,3,8,3,597145,8465,103766,4190,0.07841157508614621,0.3310944290794153
6191,0.498299,3,7,3,597152,8458,103769,4187,0.07834673385453333,0.3311190193752471
6192,0.4983,0,4,0,597156,8454,103769,4187,0.07830968172218311,0.33122379558579224
6193,0.498301,11,15,11,597171,8439,103780,4176,0.0781707362258698,0.3310344827586207
6194,0.498302,4,10,4,597181,8429,103784,4172,0.07807810589499425,0.3310848345369415
6195,0.498303,3,6,3,597187,8423,103787,4169,0.07802252769646893,0.33108322744599744
6196,0.498304,9,19,9,597206,8404,103796,4160,0.0778465300678054,0.33110474371219356
6197,0.498305,11,10,11,597216,8394,103807,4149,0.07775389973692987,0.3307821095431715
6198,0.498306,4,7,4,597223,8387,103811,4145,0.07768905850531697,0.3307532716246409
6199,0.498307,12,22,12,597245,8365,103823,4133,0.07748527177739079,0.33069291086573854
6200,0.498308,15,25,15,597270,8340,103838,4118,0.07725369595020193,0.3305506501846203
6201,0.498309,8,9,8,597279,8331,103846,4110,0.07717032865241395,0.33035929587653723
6202,0.49831,2,8,2,597287,8323,103848,4108,0.07709622438771352,0.33046416217520713
6203,0.498311,11,13,11,597300,8310,103859,4097,0.0769758049575753,0.330216813089385
6204,0.498312,8,21,8,597321,8289,103867,4089,0.07678128126273667,0.33034415899175956
6205,0.498313,6,4,6,597325,8285,103873,4083,0.07674422913038645,0.3301261319534282
6206,0.498314,4,1,4,597326,8284,103877,4079,0.07673496609729889,0.32993609965218795
6207,0.498315,5,12,5,597338,8272,103882,4074,0.07662380970024825,0.32998542037907014
6208,0.498316,0,5,0,597343,8267,103882,4074,0.07657749453481048,0.3301191151446398
6209,0.498317,8,10,8,597353,8257,103890,4066,0.07648486420393494,0.32995212204820257
6210,0.498318,10,11,10,597364,8246,103900,4056,0.07638297083997184,0.3297024874004227
6211,0.498319,12,21,12,597385,8225,103912,4044,0.0761884471451332,0.3296112152579672
6212,0.49832,4,4,4,597389,8221,103916,4040,0.07615139501278298,0.329500040779708
6213,0.498321,6,9,6,597398,8212,103922,4034,0.076068027714995,0.32941368610158417
6214,0.498322,3,6,3,597404,8206,103925,4031,0.07601244951646967,0.3294108033014628
6215,0.498323,10,14,10,597418,8192,103935,4021,0.07588276705324391,0.32923933513469256
6216,0.498324,2,9,2,597427,8183,103937,4019,0.07579939975545592,0.32937223405999017
6217,0.498325,12,22,12,597449,8161,103949,4007,0.07559561302752973,0.3293063773833005
6218,0.498326,4,6,4,597455,8155,103953,4003,0.07554003482900441,0.32924823161704225
6219,0.498327,2,2,2,597457,8153,103955,4001,0.0755215087628293,0.3291920355438539
6220,0.498328,5,19,5,597476,8134,103960,3996,0.07534551113416577,0.32943116240725473
6221,0.498329,7,21,7,597497,8113,103967,3989,0.07515098743932713,0.3296149396793918
6222,0.49833,8,6,8,597503,8107,103975,3981,0.07509540924080181,0.3293348775645268
6223,0.498331,8,26,8,597529,8081,103983,3973,0.0748545703805254,0.32960013273602123
6224,0.498332,6,11,6,597540,8070,103989,3967,0.0747526770165623,0.32956716789897816
6225,0.498333,13,22,13,597562,8048,104002,3954,0.07454889028863611,0.3294450924845859
6226,0.498334,5,3,5,597565,8045,104007,3949,0.07452110118937345,0.3292479573119893
6227,0.498335,10,17,10,597582,8028,104017,3939,0.07436362962688503,0.32915517673602407
6228,0.498336,1,4,1,597586,8024,104018,3938,0.0743265774945348,0.3292091623474335
6229,0.498337,1,9,1,597595,8015,104019,3937,0.07424321019674682,0.32940093708165996
6230,0.498338,1,3,1,597598,8012,104020,3936,0.07421542109748416,0.3294275192500837
6231,0.498339,7,17,7,597615,7995,104027,3929,0.07405794953499574,0.3295035223079503
6232,0.49834,4,7,4,597622,7988,104031,3925,0.07399310830338286,0.3294720053722824
6233,0.498341,2,10,2,597632,7978,104033,3923,0.07390047797250732,0.3296361650281489
6234,0.498342,2,8,2,597640,7970,104035,3921,0.07382637370780688,0.3297451854343621
6235,0.498343,20,15,20,597655,7955,104055,3901,0.07368742821149357,0.32903171390013497
6236,0.498344,12,13,12,597668,7942,104067,3889,0.07356700878135537,0.3287127039134477
6237,0.498345,8,7,8,597675,7935,104075,3881,0.07350216754974248,0.3284529451591063
6238,0.498346,7,5,7,597680,7930,104082,3874,0.07345585238430472,0.32819383259911894
6239,0.498347,2,7,2,597687,7923,104084,3872,0.07339101115269184,0.32827469266638404
6240,0.498348,5,11,5,597698,7912,104089,3867,0.07328911778872874,0.32829612021394006
6241,0.498349,10,29,10,597727,7883,104099,3857,0.07302048982918967,0.3285349233390119
6242,0.49835,9,24,9,597751,7859,104108,3848,0.07279817703508837,0.32869223541470916
6243,0.498351,7,13,7,597764,7846,104115,3841,0.07267775760495017,0.32865577136989815
6244,0.498352,8,20,8,597784,7826,104123,3833,0.07249249694319908,0.3287588987048632
6245,0.498353,5,6,5,597790,7820,104128,3828,0.07243691874467376,0.3286401098901099
6246,0.498354,6,16,6,597806,7804,104134,3822,0.07228871021527289,0.3287459143299501
6247,0.498355,1,1,1,597807,7803,104135,3821,0.07227944718218533,0.3287164487267722
6248,0.498356,5,13,5,597820,7790,104140,3816,0.07215902775204713,0.328795450628985
6249,0.498357,16,27,16,597847,7763,104156,3800,0.07190892585868316,0.32863443742973275
6250,0.498358,5,7,5,597854,7756,104161,3795,0.07184408462707029,0.3285429832914899
6251,0.498359,0,3,0,597857,7753,104161,3795,0.07181629552780762,0.3286283339106339
6252,0.49836,8,21,8,597878,7732,104169,3787,0.07162177183296899,0.32876117718551956
6253,0.498361,4,3,4,597881,7729,104173,3783,0.07159398273370632,0.32861362056984017
6254,0.498362,2,4,2,597885,7725,104175,3781,0.07155693060135611,0.3286111593950982
6255,0.498363,2,8,2,597893,7717,104177,3779,0.07148282633665567,0.328723034098817
6256,0.498364,7,4,7,597897,7713,104184,3772,0.07144577420430545,0.3284283848498041
6257,0.498365,4,5,4,597902,7708,104188,3768,0.07139945903886769,0.3283373997908679
6258,0.498366,6,12,6,597914,7696,104194,3762,0.07128830264181704,0.32832955140513176
6259,0.498367,3,10,3,597924,7686,104197,3759,0.0711956723109415,0.3284403669724771
6260,0.498368,9,14,9,597938,7672,104206,3750,0.07106598984771574,0.32831378042374365
6261,0.498369,5,5,5,597943,7667,104211,3745,0.07101967468227796,0.3281633368384157
6262,0.49837,16,43,16,597986,7624,104227,3729,0.07062136425951314,0.32845943803399985
6263,0.498371,4,17,4,598003,7607,104231,3725,0.07046389269702472,0.32871514295799503
6264,0.498372,10,21,10,598024,7586,104241,3715,0.07026936900218607,0.3287319706220688
6265,0.498373,10,18,10,598042,7568,104251,3705,0.0701026344066101,0.3286614033531447
6266,0.498374,3,10,3,598052,7558,104254,3702,0.07001000407573456,0.32877442273534635
6267,0.498375,3,14,3,598066,7544,104257,3699,0.0698803216125088,0.3290047140442942
6268,0.498376,3,5,3,598071,7539,104260,3696,0.06983400644707102,0.32897196261682243
6269,0.498377,5,8,5,598079,7531,104265,3691,0.06975990218237059,0.3289075031188736
6270,0.498378,3,2,3,598081,7529,104268,3688,0.06974137611619549,0.3287866631006508
6271,0.498379,5,8,5,598089,7521,104273,3683,0.06966727185149506,0.32872188504105676
6272,0.49838,5,10,5,598099,7511,104278,3678,0.06957464152061951,0.3287157029225132
6273,0.498381,3,16,3,598115,7495,104281,3675,0.06942643299121865,0.329006266786034
6274,0.498382,8,11,8,598126,7484,104289,3667,0.06932453962725554,0.3288494305443458
6275,0.498383,6,7,6,598133,7477,104295,3661,0.06925969839564267,0.3286945591668163
6276,0.498384,12,26,12,598159,7451,104307,3649,0.06901885953536627,0.3287387387387387
6277,0.498385,1,10,1,598169,7441,104308,3648,0.06892622920449072,0.3289746595725494
6278,0.498386,1,20,1,598189,7421,104309,3647,0.06874096854273963,0.32950849295265633
6279,0.498387,3,13,3,598202,7408,104312,3644,0.06862054911260143,0.32971407889974663
6280,0.498388,5,12,5,598214,7396,104317,3639,0.06850939271555077,0.3297689170820118
6281,0.498389,7,16,7,598230,7380,104324,3632,0.0683611841861499,0.32982201235016345
6282,0.49839,3,6,3,598236,7374,104327,3629,0.06830560598762458,0.3298191402344815
6283,0.498391,6,22,6,598258,7352,104333,3623,0.0681018192596984,0.3301138952164009
6284,0.498392,6,22,6,598280,7330,104339,3617,0.0678980325317722,0.3304101580341646
6285,0.498393,7,13,7,598293,7317,104346,3610,0.067777613101634,0.3303743021872426
6286,0.498394,9,14,9,598307,7303,104355,3601,0.06764793063840824,0.33024578136463684
6287,0.498395,3,7,3,598314,7296,104358,3598,0.06758308940679536,0.33027354507068113
6288,0.498396,11,18,11,598332,7278,104369,3587,0.06741635481121938,0.3301426599171652
6289,0.498397,17,29,17,598361,7249,104386,3570,0.06714772685168031,0.32997504390424254
6290,0.498398,2,3,2,598364,7246,104388,3568,0.06711993775241765,0.3299426669132606
6291,0.498399,4,4,4,598368,7242,104392,3564,0.06708288562006744,0.32981676846196556
6292,0.4984,6,12,6,598380,7230,104398,3558,0.06697172922301678,0.3298109010011123
6293,0.498401,2,12,2,598392,7218,104400,3556,0.06686057282596614,0.33005383330239463
6294,0.498402,3,10,3,598402,7208,104403,3553,0.06676794249509059,0.330173775671406
6295,0.498403,8,8,8,598410,7200,104411,3545,0.06669383823039016,0.32992089343880876
6296,0.498404,7,9,7,598419,7191,104418,3538,0.06661047093260217,0.32976046229844347
6297,0.498405,4,21,4,598440,7170,104422,3534,0.06641594723776353,0.3301569506726457
6298,0.498406,15,33,15,598473,7137,104437,3519,0.06611026714587424,0.3302364864864865
6299,0.498407,0,1,0,598474,7136,104437,3519,0.06610100411278669,0.33026748005631157
6300,0.498408,1,5,1,598479,7131,104438,3518,0.06605468894734892,0.33035965818386703
6301,0.498409,3,10,3,598489,7121,104441,3515,0.06596205861647338,0.33048138397893945
6302,0.49841,2,14,2,598503,7107,104443,3513,0.06583237615324762,0.3307909604519774
6303,0.498411,3,19,3,598522,7088,104446,3510,0.06565637852458409,0.33119456501226646
6304,0.498412,3,15,3,598537,7073,104449,3507,0.06551743302827077,0.3314744801512287
6305,0.498413,17,38,17,598575,7035,104466,3490,0.06516543777094372,0.3315914489311164
6306,0.498414,5,34,5,598609,7001,104471,3485,0.06485049464596687,0.3323478924279992
6307,0.498415,7,24,7,598633,6977,104478,3478,0.06462818185186557,0.33266379722620754
6308,0.498416,3,4,3,598637,6973,104481,3475,0.06459112971951536,0.33259954058192953
6309,0.498417,26,62,26,598699,6911,104507,3449,0.064016821668087,0.33291505791505793
6310,0.498418,1,3,1,598702,6908,104508,3448,0.06398903256882434,0.33294708381614524
6311,0.498419,2,12,2,598714,6896,104510,3446,0.06387787617177368,0.33320440920518274
6312,0.49842,0,2,0,598716,6894,104510,3446,0.06385935010559858,0.33326885880077367
6313,0.498421,4,25,4,598741,6869,104514,3442,0.06362777427840972,0.33381825235185725
6314,0.498422,2,6,2,598747,6863,104516,3440,0.0635721960798844,0.33388333495098516
6315,0.498423,3,7,3,598754,6856,104519,3437,0.06350735484827152,0.33391625376469447
6316,0.498424,8,9,8,598763,6847,104527,3429,0.06342398755048353,0.3336901518100428
6317,0.498425,7,33,7,598796,6814,104534,3422,0.06311830745859424,0.3343102774521297
6318,0.498426,2,7,2,598803,6807,104536,3420,0.06305346622698137,0.3344089175711352
6319,0.498427,4,22,4,598825,6785,104540,3416,0.06284967949905516,0.3348691304774042
6320,0.498428,4,8,4,598833,6777,104544,3412,0.06277557523435473,0.3348709392482089
6321,0.498429,18,31,18,598864,6746,104562,3394,0.06248842120864056,0.3347140039447732
6322,0.49843,11,23,11,598887,6723,104573,3383,0.062275371447626814,0.33475163269344943
6323,0.498431,8,12,8,598899,6711,104581,3375,0.06216421505057616,0.334622248661511
6324,0.498432,2,6,2,598905,6705,104583,3373,0.062108636852050834,0.33468942250446515
6325,0.498433,5,15,5,598920,6690,104588,3368,0.06196969135573752,0.33485782461722013
6326,0.498434,12,20,12,598940,6670,104600,3356,0.06178443069398644,0.33472970277279074
6327,0.498435,3,10,3,598950,6660,104603,3353,0.0616918003631109,0.3348646759213023
6328,0.498436,0,4,0,598954,6656,104603,3353,0.061654748230760684,0.3349985013487861
6329,0.498437,19,35,19,598989,6621,104622,3334,0.06133054207269628,0.33490708186840784
6330,0.498438,8,5,8,598994,6616,104630,3326,0.061284226907258516,0.33454033393683363
6331,0.498439,8,12,8,599006,6604,104638,3318,0.061173070510207865,0.33440838540616813
6332,0.49844,5,23,5,599029,6581,104643,3313,0.06096002074919411,0.33484940367899735
6333,0.498441,12,29,12,599058,6552,104655,3301,0.060691392789655046,0.3350248655231909
6334,0.498442,8,3,8,599061,6549,104663,3293,0.06066360369039238,0.33458646616541354
6335,0.498443,5,27,5,599088,6522,104668,3288,0.06041350179702842,0.3351681957186544
6336,0.498444,7,25,7,599113,6497,104675,3281,0.06018192596983957,0.3355491920638167
6337,0.498445,2,10,2,599123,6487,104677,3279,0.06008929563896402,0.3357567069424534
6338,0.498446,1,10,1,599133,6477,104678,3278,0.05999666530808848,0.33603280369041516
6339,0.498447,4,10,4,599143,6467,104682,3274,0.05990403497721294,0.3361051226773432
6340,0.498448,5,17,5,599160,6450,104687,3269,0.059746563414724514,0.33635147648935076
6341,0.498449,6,8,6,599168,6442,104693,3263,0.05967245915002408,0.3362184441009789
6342,0.49845,3,4,3,599172,6438,104696,3260,0.059635407017673864,0.3361517838729635
6343,0.498451,18,30,18,599202,6408,104714,3242,0.05935751602504724,0.33595854922279794
6344,0.498452,8,11,8,599213,6397,104722,3234,0.05925562266108415,0.33579067594226975
6345,0.498453,12,14,12,599227,6383,104734,3222,0.059125940197858384,0.335450286309214
6346,0.498454,3,9,3,599236,6374,104737,3219,0.0590425729000704,0.3355571771083081
6347,0.498455,8,22,8,599258,6352,104745,3211,0.058838786172144206,0.33577329289971763
6348,0.498456,4,8,4,599266,6344,104749,3207,0.05876468190744377,0.3357763584964925
6349,0.498457,4,12,4,599278,6332,104753,3203,0.05865352551039312,0.3359202936549554
6350,0.498458,13,18,13,599296,6314,104766,3190,0.05848679091481715,0.33564814814814814
6351,0.498459,7,17,7,599313,6297,104773,3183,0.058329319352328726,0.3357594936708861
6352,0.49846,5,14,5,599327,6283,104778,3178,0.05819963688910297,0.33590529542331676
6353,0.498461,4,13,4,599340,6270,104782,3174,0.058079217458964764,0.3360864040660737
6354,0.498462,2,13,2,599353,6257,104784,3172,0.05795879802882656,0.33640895110828295
6355,0.498463,6,12,6,599365,6245,104790,3166,0.05784764163177591,0.33641483370523856
6356,0.498464,10,3,10,599368,6242,104800,3156,0.05781985253251325,0.33581613109172165
6357,0.498465,1,3,1,599371,6239,104801,3155,0.057792063433250586,0.3358526719182457
6358,0.498466,3,5,3,599376,6234,104804,3152,0.05774574826781281,0.3358193053483912
6359,0.498467,1,8,1,599384,6226,104805,3151,0.05767164400311238,0.33603497920443637
6360,0.498468,1,4,1,599388,6222,104806,3150,0.05763459187076216,0.3361075544174136
6361,0.498469,5,15,5,599403,6207,104811,3145,0.05749564637444885,0.3362917023096664
6362,0.49847,0,5,0,599408,6202,104811,3145,0.05744933120901108,0.3364715951642238
6363,0.498471,7,7,7,599415,6195,104818,3138,0.0573844899773982,0.336226293796207
6364,0.498472,1,8,1,599423,6187,104819,3137,0.05731038571269777,0.33644358644358646
6365,0.498473,4,8,4,599431,6179,104823,3133,0.057236281447997334,0.33644759450171824
6366,0.498474,9,12,9,599443,6167,104832,3124,0.05712512505094668,0.33623937143472177
6367,0.498475,1,12,1,599455,6155,104833,3123,0.05701396865389603,0.33660271610260833
6368,0.498476,1,7,1,599462,6148,104834,3122,0.056949127422283155,0.33678532901833874
6369,0.498477,4,3,4,599465,6145,104838,3118,0.05692133832302049,0.336608010363813
6370,0.498478,3,3,3,599468,6142,104841,3115,0.056893549223757826,0.33650210651398943
6371,0.498479,5,7,5,599475,6135,104846,3110,0.05682870799214495,0.3363980530016225
6372,0.49848,14,23,14,599498,6112,104860,3096,0.056615658231131204,0.3362293657688966
6373,0.498481,6,8,6,599506,6104,104866,3090,0.05654155396643077,0.3360887535349141
6374,0.498482,1,5,1,599511,6099,104867,3089,0.056495238800993,0.33619939050936004
6375,0.498483,3,19,3,599530,6080,104870,3086,0.05631924117232947,0.3366790312022693
6376,0.498484,7,20,7,599550,6060,104877,3079,0.056133980510578385,0.3369077579603895
6377,0.498485,5,4,5,599554,6056,104882,3074,0.05609692837822817,0.3366922234392114
6378,0.498486,7,7,7,599561,6049,104889,3067,0.05603208714661529,0.33644142167617375
6379,0.498487,6,14,6,599575,6035,104895,3061,0.05590240468338953,0.3365215479331574
6380,0.498488,8,12,8,599587,6023,104903,3053,0.05579124828633888,0.3363816659321287
6381,0.498489,4,3,4,599590,6020,104907,3049,0.05576345918707622,0.33620024258462894
6382,0.49849,9,12,9,599602,6008,104916,3040,0.055652302790025567,0.3359858532272325
6383,0.498491,6,1,6,599603,6007,104922,3034,0.05564303975693801,0.3355823470854994
6384,0.498492,10,9,10,599612,5998,104932,3024,0.05555967245915002,0.3351806694746176
6385,0.498493,1,6,1,599618,5992,104933,3023,0.0555040942606247,0.3353300055463117
6386,0.498494,3,4,3,599622,5988,104936,3020,0.05546704212827448,0.3352575488454707
6387,0.498495,2,3,2,599625,5985,104938,3018,0.05543925302901182,0.3352215928023992
6388,0.498496,1,4,1,599629,5981,104939,3017,0.055402200896661605,0.3352967326072461
6389,0.498497,2,3,2,599632,5978,104941,3015,0.05537441179739894,0.33526075836761926
6390,0.498498,6,5,6,599637,5973,104947,3009,0.05532809663196117,0.3350033400133601
6391,0.498499,12,10,12,599647,5963,104959,2997,0.055235466301085626,0.33448660714285716
6392,0.4985,3,5,3,599652,5958,104962,2994,0.05518915113564786,0.3344504021447721
6393,0.498501,2,4,2,599656,5954,104964,2992,0.05515209900329764,0.3344511513525598
6394,0.498502,1,1,1,599657,5953,104965,2991,0.05514283597021009,0.33441413237924866
6395,0.498503,4,22,4,599679,5931,104969,2987,0.05493904924228389,0.3349405696344472
6396,0.498504,5,13,5,599692,5918,104974,2982,0.05481862981214569,0.3350561797752809
6397,0.498505,9,20,9,599712,5898,104983,2973,0.05463336915039461,0.33513696313831587
6398,0.498506,8,9,8,599721,5889,104991,2965,0.05455000185260662,0.33487689180031627
6399,0.498507,1,5,1,599726,5884,104992,2964,0.054503686687168845,0.33499095840867993
6400,0.498508,8,25,8,599751,5859,105000,2956,0.05427211085997999,0.3353374929098128
6401,0.498509,4,13,4,599764,5846,105004,2952,0.05415169142984179,0.3355308024551034
6402,0.49851,5,6,5,599770,5840,105009,2947,0.05409611323131646,0.33538181404347334
6403,0.498511,20,30,20,599800,5810,105029,2927,0.05381822223868984,0.335012017855099
6404,0.498512,2,19,2,599819,5791,105031,2925,0.05364222461002631,0.33558972005507115
6405,0.498513,7,9,7,599828,5782,105038,2918,0.05355885731223832,0.3354022988505747
6406,0.498514,10,18,10,599846,5764,105048,2908,0.05339212271666234,0.3353321033210332
6407,0.498515,6,8,6,599854,5756,105054,2902,0.05331801845196191,0.3351813351813352
6408,0.498516,2,2,2,599856,5754,105056,2900,0.0532994923857868,0.3351051536861567
6409,0.498517,11,15,11,599871,5739,105067,2889,0.05316054688947349,0.3348400556328234
6410,0.498518,0,8,0,599879,5731,105067,2889,0.05308644262477306,0.3351508120649652
6411,0.498519,2,5,2,599884,5726,105069,2887,0.053040127459335284,0.33519099036340416
6412,0.49852,7,21,7,599905,5705,105076,2880,0.052845603764496644,0.33546884100174723
6413,0.498521,1,11,1,599916,5694,105077,2879,0.05274371040053355,0.3358217660095649
6414,0.498522,2,12,2,599928,5682,105079,2877,0.0526325540034829,0.33613739922888186
6415,0.498523,1,3,1,599931,5679,105080,2876,0.05260476490422024,0.3361776738749269
6416,0.498524,1,3,1,599934,5676,105081,2875,0.05257697580495758,0.3362179862004444
6417,0.498525,18,47,18,599981,5629,105099,2857,0.052141613249842525,0.3366721659203394
6418,0.498526,1,8,1,599989,5621,105100,2856,0.0520675089851421,0.33691164327002476
6419,0.498527,6,16,6,600005,5605,105106,2850,0.05191930045574123,0.33707865168539325
6420,0.498528,7,11,7,600016,5594,105113,2843,0.05181740709177813,0.33696811662913356
6421,0.498529,8,6,8,600022,5588,105121,2835,0.05176182889325281,0.33657841624124424
6422,0.49853,4,3,4,600025,5585,105125,2831,0.05173403979399015,0.3363830798479088
6423,0.498531,7,13,7,600038,5572,105132,2824,0.05161362036385194,0.3363506431634111
6424,0.498532,4,14,4,600052,5558,105136,2820,0.05148393790062618,0.33659584626402483
6425,0.498533,7,11,7,600063,5547,105143,2813,0.051382044536663084,0.3364832535885168
6426,0.498534,1,8,1,600071,5539,105144,2812,0.05130794027196265,0.3367261405819662
6427,0.498535,5,2,5,600073,5537,105149,2807,0.051289414205787545,0.33640939597315433
6428,0.498536,2,9,2,600082,5528,105151,2805,0.051206046907999556,0.33661346453858154
6429,0.498537,4,13,4,600095,5515,105155,2801,0.05108562747786135,0.3368205868205868
6430,0.498538,1,11,1,600106,5504,105156,2800,0.050983734113898255,0.3371868978805395
6431,0.498539,11,12,11,600118,5492,105167,2789,0.050872577716847604,0.33679507305880935
6432,0.49854,4,2,4,600120,5490,105171,2785,0.0508540516506725,0.3365558912386707
6433,0.498541,0,4,0,600124,5486,105171,2785,0.05081699951832228,0.33671865554346514
6434,0.498542,13,15,13,600139,5471,105184,2772,0.050678054022008964,0.3362853330098265
6435,0.498543,6,18,6,600157,5453,105190,2766,0.05051131942643299,0.3365372916413189
6436,0.498544,3,5,3,600162,5448,105193,2763,0.05046500426099522,0.33649981731823164
6437,0.498545,24,24,24,600186,5424,105217,2739,0.05024269146689392,0.33553840499816245
6438,0.498546,9,12,9,600198,5412,105226,2730,0.05013153506984327,0.3352984524686809
6439,0.498547,8,10,8,600208,5402,105234,2722,0.05003890473896773,0.3350566223535204
6440,0.498548,3,5,3,600213,5397,105237,2719,0.04999258957352996,0.3350172498767866
6441,0.498549,1,7,1,600220,5390,105238,2718,0.04992774834191708,0.33522446965959546
6442,0.49855,8,4,8,600224,5386,105246,2710,0.04989069620956686,0.33473320158102765
6443,0.498551,15,23,15,600247,5363,105261,2695,0.04967764644855312,0.33445023579051875
6444,0.498552,2,13,2,600260,5350,105263,2693,0.04955722701841491,0.33482531393758547
6445,0.498553,0,12,0,600272,5338,105263,2693,0.04944607062136426,0.33532561324866145
6446,0.498554,3,5,3,600277,5333,105266,2690,0.04939975545592649,0.33528605259877853
6447,0.498555,0,9,0,600286,5324,105266,2690,0.0493163881581385,0.3356625904666833
6448,0.498556,2,8,2,600294,5316,105268,2688,0.049242283893438064,0.335832083958021
6449,0.498557,2,4,2,600298,5312,105270,2686,0.04920523176108785,0.3358339584896224
6450,0.498558,4,8,4,600306,5304,105274,2682,0.049131127496387414,0.33583771600300527
6451,0.498559,7,18,7,600324,5286,105281,2675,0.04896439290081144,0.33601306368546663
6452,0.49856,6,9,6,600333,5277,105287,2669,0.04888102560302345,0.3358922728416813
6453,0.498561,8,11,8,600344,5266,105295,2661,0.04877913223906036,0.335688154408982
6454,0.498562,8,19,8,600363,5247,105303,2653,0.04860313461039683,0.33582278481012656
6455,0.498563,2,1,2,600364,5246,105305,2651,0.048593871577309274,0.33569710016461946
6456,0.498564,5,17,5,600381,5229,105310,2646,0.04843640001482085,0.336
6457,0.498565,2,5,2,600386,5224,105312,2644,0.048390084849383085,0.3360447381799695
6458,0.498566,4,17,4,600403,5207,105316,2640,0.04823261328689466,0.3364343061042437
6459,0.498567,10,26,10,600429,5181,105326,2630,0.04799177442661825,0.3367046472922801
6460,0.498568,11,20,11,600449,5161,105337,2619,0.04780651376486717,0.3366323907455013
6461,0.498569,3,12,3,600461,5149,105340,2616,0.04769535736781652,0.33689632968448163
6462,0.49857,9,35,9,600496,5114,105349,2607,0.04737115120975212,0.3376505633985235
6463,0.498571,4,12,4,600508,5102,105353,2603,0.04725999481270147,0.33783257624918883
6464,0.498572,2,10,2,600518,5092,105355,2601,0.04716736448182593,0.33809957103860655
6465,0.498573,2,3,2,600521,5089,105357,2599,0.04713957538256327,0.3380593132154006
6466,0.498574,0,8,0,600529,5081,105357,2599,0.047065471117862835,0.33841145833333336
6467,0.498575,9,21,9,600550,5060,105366,2590,0.046870947423024195,0.338562091503268
6468,0.498576,1,4,1,600554,5056,105367,2589,0.04683389529067398,0.33865271419228254
6469,0.498577,1,4,1,600558,5052,105368,2588,0.04679684315832376,0.3387434554973822
6470,0.498578,21,35,21,600593,5017,105389,2567,0.046472637000259366,0.3384757383966245
6471,0.498579,8,30,8,600623,4987,105397,2559,0.046194746007632737,0.3391200636098595
6472,0.49858,6,10,6,600633,4977,105403,2553,0.0461021156767572,0.3390438247011952
6473,0.498581,8,13,8,600646,4964,105411,2545,0.04598169624661899,0.33892662138766816
6474,0.498582,5,8,5,600654,4956,105416,2540,0.04590759198191856,0.33884738527214514
6475,0.498583,6,4,6,600658,4952,105422,2534,0.04587053984956834,0.3384985305904355
6476,0.498584,3,6,3,600664,4946,105425,2531,0.04581496165104302,0.3385047478935402
6477,0.498585,4,3,4,600667,4943,105429,2527,0.04578717255178035,0.33828647925033467
6478,0.498586,6,16,6,600683,4927,105435,2521,0.04563896402237949,0.33848012889366275
6479,0.498587,9,14,9,600697,4913,105444,2512,0.04550928155915373,0.3383164983164983
6480,0.498588,2,12,2,600709,4901,105446,2510,0.04539812516210308,0.3386857374173526
6481,0.498589,2,7,2,600716,4894,105448,2508,0.0453332839304902,0.3388273439610916
6482,0.49859,18,30,18,600746,4864,105466,2490,0.04505539293786357,0.338591242861028
6483,0.498591,4,10,4,600756,4854,105470,2486,0.04496276260698803,0.33869209809264306
6484,0.498592,1,3,1,600759,4851,105471,2485,0.04493497350772537,0.3387404580152672
6485,0.498593,7,17,7,600776,4834,105478,2478,0.04477750194523695,0.3388949671772429
6486,0.498594,7,15,7,600791,4819,105485,2471,0.04463855644892364,0.33895747599451304
6487,0.498595,3,2,3,600793,4817,105488,2468,0.044620030382748525,0.3387783115991764
6488,0.498596,11,22,11,600815,4795,105499,2457,0.044416243654822336,0.3388030888030888
6489,0.498597,0,16,0,600831,4779,105499,2457,0.04426803512542147,0.33955223880597013
6490,0.498598,3,8,3,600839,4771,105502,2454,0.044193930860721035,0.33965397923875434
6491,0.498599,7,3,7,600842,4768,105509,2447,0.044166141761458375,0.33915453915453914
6492,0.4986,8,30,8,600872,4738,105517,2439,0.043888250768831745,0.3398355858994009
6493,0.498601,8,8,8,600880,4730,105525,2431,0.04381414650413131,0.33947772657450076
6494,0.498602,7,14,7,600894,4716,105532,2424,0.043684464040905556,0.33949579831932775
6495,0.498603,11,17,11,600911,4699,105543,2413,0.04352699247841713,0.3392857142857143
6496,0.498604,6,7,6,600918,4692,105549,2407,0.043462151246804255,0.3390618396957318
6497,0.498605,1,2,1,600920,4690,105550,2406,0.04344362518062914,0.3390642615558061
6498,0.498606,3,4,3,600924,4686,105553,2403,0.043406573048278926,0.3389758781210326
6499,0.498607,2,10,2,600934,4676,105555,2401,0.04331394271740339,0.33926805143422356
6500,0.498608,5,2,5,600936,4674,105560,2396,0.043295416651228276,0.3388967468175389
6501,0.498609,9,32,9,600968,4642,105569,2387,0.04299899959242654,0.3395931142410016
6502,0.49861,3,14,3,600982,4628,105572,2384,0.042869317129200786,0.3399885909868796
6503,0.498611,12,29,12,601011,4599,105584,2372,0.04260068916966171,0.3402668196815378
6504,0.498612,1,6,1,601017,4593,105585,2371,0.04254511097113639,0.34046524985640436
6505,0.498613,8,30,8,601047,4563,105593,2363,0.04226721997850976,0.34117816921744154
6506,0.498614,2,10,2,601057,4553,105595,2361,0.04217458964763422,0.3414810529360717
6507,0.498615,7,12,7,601069,4541,105602,2354,0.04206343325058357,0.34140681653372007
6508,0.498616,0,4,0,601073,4537,105602,2354,0.042026381118233355,0.34160499201857497
6509,0.498617,9,18,9,601091,4519,105611,2345,0.041859646522657376,0.34163752913752915
6510,0.498618,4,13,4,601104,4506,105615,2341,0.04173922709251918,0.34190156272820216
6511,0.498619,8,24,8,601128,4482,105623,2333,0.041516914298417876,0.34233308877476154
6512,0.49862,3,11,3,601139,4471,105626,2330,0.04141502093445478,0.3425966769592707
6513,0.498621,4,14,4,601153,4457,105630,2326,0.04128533847122902,0.34291611381394665
6514,0.498622,0,1,0,601154,4456,105630,2326,0.04127607543814146,0.34296667649660867
6515,0.498623,5,23,5,601177,4433,105635,2321,0.04106302567712772,0.34364820846905536
6516,0.498624,5,8,5,601185,4425,105640,2316,0.040988921412427284,0.34356920338228747
6517,0.498625,11,40,11,601225,4385,105651,2305,0.040618400088925116,0.3445440956651719
6518,0.498626,3,4,3,601229,4381,105654,2302,0.0405813479565749,0.34445608259763577
6519,0.498627,2,15,2,601244,4366,105656,2300,0.04044240246026159,0.34503450345034503
6520,0.498628,1,7,1,601251,4359,105657,2299,0.04037756122864871,0.34529888855512164
6521,0.498629,4,7,4,601258,4352,105661,2295,0.04031271999703583,0.3452685421994885
6522,0.49863,4,2,4,601260,4350,105665,2291,0.04029419393086072,0.34497816593886466
6523,0.498631,4,12,4,601272,4338,105669,2287,0.04018303753381007,0.34520754716981134
6524,0.498632,11,21,11,601293,4317,105680,2276,0.03998851383897143,0.34521462156833005
6525,0.498633,5,15,5,601308,4302,105685,2271,0.03984956834265812,0.3455043359196714
6526,0.498634,9,20,9,601328,4282,105694,2262,0.039664307680907035,0.3456601466992665
6527,0.498635,2,5,2,601333,4277,105696,2260,0.03961799251546926,0.34572433838152056
6528,0.498636,1,1,1,601334,4276,105697,2259,0.03960872948238171,0.34567712318286153
6529,0.498637,3,16,3,601350,4260,105700,2256,0.039460520952980846,0.3462246777163904
6530,0.498638,1,3,1,601353,4257,105701,2255,0.03943273185371818,0.34628378378378377
6531,0.498639,9,12,9,601365,4245,105710,2246,0.039321575456667535,0.3460175627792328
6532,0.49864,8,9,8,601374,4236,105718,2238,0.039238208158879545,0.3456904541241891
6533,0.498641,3,3,3,601377,4233,105721,2235,0.039210419059616884,0.3455473098330241
6534,0.498642,6,12,6,601389,4221,105727,2229,0.039099262662566234,0.3455813953488372
6535,0.498643,2,15,2,601404,4206,105729,2227,0.038960317166252915,0.3461837400901601
6536,0.498644,1,7,1,601411,4199,105730,2226,0.03889547593464004,0.3464591439688716
6537,0.498645,15,27,15,601438,4172,105745,2211,0.038645374041276076,0.34638884537051545
6538,0.498646,3,12,3,601450,4160,105748,2208,0.038534217644225426,0.34673366834170855
6539,0.498647,1,11,1,601461,4149,105749,2207,0.03843232428026233,0.3472309628697294
6540,0.498648,6,9,6,601470,4140,105755,2201,0.03834895698247434,0.3471061346790727
6541,0.498649,4,10,4,601480,4130,105759,2197,0.0382563266515988,0.34724197882092617
6542,0.49865,9,11,9,601491,4119,105768,2188,0.0381544332876357,0.34691612494054225
6543,0.498651,13,25,13,601516,4094,105781,2175,0.03792285746044685,0.3469452863295581
6544,0.498652,5,18,5,601534,4076,105786,2170,0.03775612286487087,0.34742235030419466
6545,0.498653,2,8,2,601542,4068,105788,2168,0.03768201860017044,0.34765875561257215
6546,0.498654,11,25,11,601567,4043,105799,2157,0.03745044277298158,0.3479032258064516
6547,0.498655,4,5,4,601572,4038,105803,2153,0.037404127607543816,0.34776288160232594
6548,0.498656,13,22,13,601594,4016,105816,2140,0.03720034087961762,0.3476283300844704
6549,0.498657,1,6,1,601600,4010,105817,2139,0.0371447626810923,0.34786144088469667
6550,0.498658,6,4,6,601604,4006,105823,2133,0.03710771054874208,0.34745072487375794
6551,0.498659,13,18,13,601622,3988,105836,2120,0.0369409759531661,0.3470857891290111
6552,0.49866,1,4,1,601626,3984,105837,2119,0.036903923820815886,0.3472062919875471
6553,0.498661,15,26,15,601652,3958,105852,2104,0.03666308496053948,0.34708017156054105
6554,0.498662,2,6,2,601658,3952,105854,2102,0.03660750676201415,0.347208457218368
6555,0.498663,2,4,2,601662,3948,105856,2100,0.036570454629663934,0.3472222222222222
6556,0.498664,6,5,6,601667,3943,105862,2094,0.03652413946422617,0.3468610236872619
6557,0.498665,1,6,1,601673,3937,105863,2093,0.03646856126570084,0.3470978441127695
6558,0.498666,3,6,3,601679,3931,105866,2090,0.03641298306717552,0.3471184188672978
6559,0.498667,8,20,8,601699,3911,105874,2082,0.036227722405424434,0.34740530619055565
6560,0.498668,0,6,0,601705,3905,105874,2082,0.036172144206899105,0.3477534658426591
6561,0.498669,5,7,5,601712,3898,105879,2077,0.03610730297528623,0.3476150627615063
6562,0.49867,4,9,4,601721,3889,105883,2073,0.03602393567749824,0.3477021133847702
6563,0.498671,3,3,3,601724,3886,105886,2070,0.03599614657823558,0.3475486903962391
6564,0.498672,18,21,18,601745,3865,105904,2052,0.03580162288339694,0.3467973635288153
6565,0.498673,6,3,6,601748,3862,105910,2046,0.035773833784134276,0.34631008801624913
6566,0.498674,11,17,11,601765,3845,105921,2035,0.03561636222164585,0.3460884353741497
6567,0.498675,6,12,6,601777,3833,105927,2029,0.0355052058245952,0.34612760150119415
6568,0.498676,3,2,3,601779,3831,105930,2026,0.0354866797584201,0.34591087587502134
6569,0.498677,3,9,3,601788,3822,105933,2023,0.03540331246063211,0.3461077844311377
6570,0.498678,4,8,4,601796,3814,105937,2019,0.035329208195931674,0.34613406480370307
6571,0.498679,3,8,3,601804,3806,105940,2016,0.03525510393123124,0.34627275850223294
6572,0.49868,11,13,11,601817,3793,105951,2005,0.035134684501093034,0.34580889962055883
6573,0.498681,5,6,5,601823,3787,105956,2000,0.03507910630256771,0.34560221185415585
6574,0.498682,12,28,12,601851,3759,105968,1988,0.034819741376116195,0.3459196102314251
6575,0.498683,7,13,7,601864,3746,105975,1981,0.03469932194597799,0.3459053605727257
6576,0.498684,3,6,3,601870,3740,105978,1978,0.03464374374745267,0.3459251486533753
6577,0.498685,4,7,4,601877,3733,105982,1974,0.03457890251583979,0.3458910110390748
6578,0.498686,5,5,5,601882,3728,105987,1969,0.034532587350402016,0.3456205020186063
6579,0.498687,10,16,10,601898,3712,105997,1959,0.03438437882100115,0.34544172103685417
6580,0.498688,2,4,2,601902,3708,105999,1957,0.03434732668865093,0.34545454545454546
6581,0.498689,1,0,1,601902,3708,106000,1956,0.03434732668865093,0.3453389830508475
6582,0.49869,4,4,4,601906,3704,106004,1952,0.034310274556300716,0.3451202263083451
6583,0.498691,0,8,0,601914,3696,106004,1952,0.03423617029160028,0.34560906515580736
6584,0.498692,10,21,10,601935,3675,106014,1942,0.03404164659676164,0.34573615809150793
6585,0.498693,1,6,1,601941,3669,106015,1941,0.03398606839823632,0.34598930481283424
6586,0.498694,3,9,3,601950,3660,106018,1938,0.03390270110044833,0.3461950696677385
6587,0.498695,3,11,3,601961,3649,106021,1935,0.033800807736485236,0.34652578796561606
6588,0.498696,3,4,3,601965,3645,106024,1932,0.03376375560413502,0.3464228079612695
6589,0.498697,8,5,8,601970,3640,106032,1924,0.033717440438697246,0.34579439252336447
6590,0.498698,13,11,13,601981,3629,106045,1911,0.03361554707473415,0.3449458483754513
6591,0.498699,3,13,3,601994,3616,106048,1908,0.033495127644595946,0.3454018826937002
6592,0.4987,9,12,9,602006,3604,106057,1899,0.033383971247545295,0.3450844993639833
6593,0.498701,9,28,9,602034,3576,106066,1890,0.03312460632109378,0.34577387486278816
6594,0.498702,9,14,9,602048,3562,106075,1881,0.03299492385786802,0.34558148080102885
6595,0.498703,6,10,6,602058,3552,106081,1875,0.03290229352699248,0.3454947484798231
6596,0.498704,3,2,3,602060,3550,106084,1872,0.03288376746081737,0.34526005164146073
6597,0.498705,4,4,4,602064,3546,106088,1868,0.032846715328467155,0.3450314000738825
6598,0.498706,4,5,4,602069,3541,106092,1864,0.03280040016302938,0.3448658649398705
6599,0.498707,5,14,5,602083,3527,106097,1859,0.03267071769980363,0.34515410323059786
6600,0.498708,0,2,0,602085,3525,106097,1859,0.032652191633628515,0.3452823179791976
6601,0.498709,3,3,3,602088,3522,106100,1856,0.032624402534365854,0.34510970621048714
6602,0.49871,6,14,6,602102,3508,106106,1850,0.03249472007114009,0.3452780888391191
6603,0.498711,6,12,6,602114,3496,106112,1844,0.03238356367408944,0.3453183520599251
6604,0.498712,3,10,3,602124,3486,106115,1841,0.0322909333432139,0.3455978975032852
6605,0.498713,7,15,7,602139,3471,106122,1834,0.03215198784690059,0.3457115928369463
6606,0.498714,2,3,2,602142,3468,106124,1832,0.03212419874763792,0.3456603773584906
6607,0.498715,1,13,1,602155,3455,106125,1831,0.032003779317499724,0.34638668180098375
6608,0.498716,0,2,0,602157,3453,106125,1831,0.03198525325132461,0.34651778955336865
6609,0.498717,1,10,1,602167,3443,106126,1830,0.031892622920449074,0.34705101460269294
6610,0.498718,11,11,11,602178,3432,106137,1819,0.03179072955648598,0.3464102075795087
6611,0.498719,12,15,12,602193,3417,106149,1807,0.03165178406017266,0.34590352220520676
6612,0.49872,6,12,6,602205,3405,106155,1801,0.03154062766312201,0.34594698424894355
6613,0.498721,3,2,3,602207,3403,106158,1798,0.031522101596946905,0.3457027494712555
6614,0.498722,2,16,2,602223,3387,106160,1796,0.03137389306754604,0.34651746092996333
6615,0.498723,5,17,5,602240,3370,106165,1791,0.031216421505057615,0.3470257701995737
6616,0.498724,3,5,3,602245,3365,106168,1788,0.031170106339619846,0.3469823403842422
6617,0.498725,13,35,13,602280,3330,106181,1775,0.03084590018155545,0.3476983349657199
6618,0.498726,4,17,4,602297,3313,106185,1771,0.030688428619067027,0.3483477576711251
6619,0.498727,11,10,11,602307,3303,106196,1760,0.030595798288191485,0.3476199881493186
6620,0.498728,4,1,4,602308,3302,106200,1756,0.030586535255103933,0.3471727955713721
6621,0.498729,2,5,2,602313,3297,106202,1754,0.03054022008966616,0.34725796871906556
6622,0.49873,1,4,1,602317,3293,106203,1753,0.030503167957315943,0.34740388426476415
6623,0.498731,2,11,2,602328,3282,106205,1751,0.03040127459335285,0.34790383469103914
6624,0.498732,0,1,0,602329,3281,106205,1751,0.030392011560265293,0.34797297297297297
6625,0.498733,1,9,1,602338,3272,106206,1750,0.030308644262477306,0.34846674631620866
6626,0.498734,1,8,1,602346,3264,106207,1749,0.030234539997776873,0.34889287851585876
6627,0.498735,3,12,3,602358,3252,106210,1746,0.030123383600726222,0.34933973589435774
6628,0.498736,2,2,2,602360,3250,106212,1744,0.030104857534551114,0.3492190628754505
6629,0.498737,1,6,1,602366,3244,106213,1743,0.03004927933602579,0.3495087226789653
6630,0.498738,5,5,5,602371,3239,106218,1738,0.030002964170588016,0.3492063492063492
6631,0.498739,1,4,1,602375,3235,106219,1737,0.0299659120382378,0.3493563958165728
6632,0.49874,7,15,7,602390,3220,106226,1730,0.029826966541924488,0.34949494949494947
6633,0.498741,3,4,3,602394,3216,106229,1727,0.02978991440957427,0.3493829658102367
6634,0.498742,6,12,6,602406,3204,106235,1721,0.02967875801252362,0.3494416243654822
6635,0.498743,1,10,1,602416,3194,106236,1720,0.02958612768164808,0.35002035002035004
6636,0.498744,0,1,0,602417,3193,106236,1720,0.029576864648560526,0.35009159373091797
6637,0.498745,4,25,4,602442,3168,106240,1716,0.02934528882137167,0.35135135135135137
6638,0.498746,4,4,4,602446,3164,106244,1712,0.029308236689021452,0.35110746513535684
6639,0.498747,5,9,5,602455,3155,106249,1707,0.029224869391233466,0.351090086384204
6640,0.498748,5,8,5,602463,3147,106254,1702,0.029150765126533033,0.35100020622808825
6641,0.498749,0,3,0,602466,3144,106254,1702,0.02912297602727037,0.3512174989682212
6642,0.49875,2,5,2,602471,3139,106256,1700,0.0290766608618326,0.3513122545980574
6643,0.498751,5,15,5,602486,3124,106261,1695,0.028937715365519284,0.3517327246316663
6644,0.498752,5,19,5,602505,3105,106266,1690,0.028761717736855756,0.3524504692387904
6645,0.498753,6,8,6,602513,3097,106272,1684,0.028687613472155322,0.35222756745450745
6646,0.498754,0,1,0,602514,3096,106272,1684,0.02867835043906777,0.3523012552301255
6647,0.498755,10,11,10,602525,3085,106282,1674,0.028576457075104672,0.3517545702878756
6648,0.498756,2,9,2,602534,3076,106284,1672,0.028493089777316686,0.35214827295703455
6649,0.498757,7,1,7,602535,3075,106291,1665,0.02848382674422913,0.3512658227848101
6650,0.498758,3,7,3,602542,3068,106294,1662,0.028418985512616252,0.3513742071881607
6651,0.498759,0,6,0,602548,3062,106294,1662,0.028363407314090927,0.35182049110922947
6652,0.49876,11,24,11,602572,3038,106305,1651,0.028141094519989626,0.35210066112177435
6653,0.498761,2,9,2,602581,3029,106307,1649,0.028057727222201637,0.35250106883283455
6654,0.498762,16,22,16,602603,3007,106323,1633,0.027853940494275444,0.35193965517241377
6655,0.498763,6,9,6,602612,2998,106329,1627,0.027770573196487458,0.3517837837837838
6656,0.498764,8,28,8,602640,2970,106337,1619,0.02751120827003594,0.3528001743299194
6657,0.498765,4,4,4,602644,2966,106341,1615,0.027474156137685724,0.3525431128574547
6658,0.498766,8,26,8,602670,2940,106349,1607,0.027233317277409314,0.3534198372553332
6659,0.498767,8,26,8,602696,2914,106357,1599,0.026992478417132905,0.35430977177044093
6660,0.498768,1,3,1,602699,2911,106358,1598,0.026964689317870244,0.3544023064981149
6661,0.498769,0,2,0,602701,2909,106358,1598,0.026946163251695136,0.35455957399600624
6662,0.49877,4,6,4,602707,2903,106362,1594,0.02689058505316981,0.3544585279074939
6663,0.498771,4,12,4,602719,2891,106366,1590,0.02677942865611916,0.3548315108234769
6664,0.498772,2,6,2,602725,2885,106368,1588,0.026723850457593835,0.3550190029063269
6665,0.498773,3,12,3,602737,2873,106371,1585,0.026612694060543184,0.35554060116644237
6666,0.498774,1,23,1,602760,2850,106372,1584,0.02639964429952944,0.3572395128552097
6667,0.498775,8,23,8,602783,2827,106380,1576,0.02618659453851569,0.3579377697024756
6668,0.498776,1,2,1,602785,2825,106381,1575,0.026168068472340583,0.35795454545454547
6669,0.498777,2,1,2,602786,2824,106383,1573,0.02615880543925303,0.35774391630657265
6670,0.498778,8,6,8,602792,2818,106391,1565,0.026103227240727705,0.3570613734884782
6671,0.498779,8,11,8,602803,2807,106399,1557,0.026001333876764607,0.35678276810265813
6672,0.49878,7,4,7,602807,2803,106406,1550,0.02596428174441439,0.3560762692396049
6673,0.498781,3,5,3,602812,2798,106409,1547,0.02591796657897662,0.3560414269275029
6674,0.498782,8,26,8,602838,2772,106417,1539,0.02567712771870021,0.3569937369519833
6675,0.498783,3,5,3,602843,2767,106420,1536,0.02563081255326244,0.3569602602835231
6676,0.498784,10,10,10,602853,2757,106430,1526,0.025538182222386897,0.3562923184683633
6677,0.498785,0,3,0,602856,2754,106430,1526,0.025510393123124236,0.35654205607476636
6678,0.498786,7,8,7,602864,2746,106437,1519,0.025436288858423802,0.35615474794841734
6679,0.498787,4,11,4,602875,2735,106441,1515,0.025334395494460708,0.3564705882352941
6680,0.498788,13,17,13,602892,2718,106454,1502,0.025176923931972284,0.35592417061611376
6681,0.498789,3,7,3,602899,2711,106457,1499,0.025112082700359407,0.3560570071258907
6682,0.49879,3,1,3,602900,2710,106460,1496,0.02510281966727185,0.35568235853542557
6683,0.498791,4,11,4,602911,2699,106464,1492,0.025000926303308756,0.35600095442615126
6684,0.498792,12,40,12,602951,2659,106476,1480,0.024630404979806588,0.3575742933075622
6685,0.498793,5,3,5,602954,2656,106481,1475,0.024602615880543924,0.3570564028080368
6686,0.498794,4,0,4,602954,2656,106485,1471,0.024602615880543924,0.35643324448752123
6687,0.498795,1,1,1,602955,2655,106486,1470,0.02459335284745637,0.3563636363636364
6688,0.498796,1,4,1,602959,2651,106487,1469,0.024556300715106155,0.3565533980582524
6689,0.498797,4,2,4,602961,2649,106491,1465,0.024537774648931046,0.3561011181332037
6690,0.498798,2,3,2,602964,2646,106493,1463,0.024509985549668382,0.35604770017035775
6691,0.498799,4,2,4,602966,2644,106497,1459,0.024491459483493273,0.3555934681940044
6692,0.4988,5,14,5,602980,2630,106502,1454,0.024361777020267518,0.35602350636630753
6693,0.498801,1,3,1,602983,2627,106503,1453,0.024333987921004854,0.35612745098039217
6694,0.498802,2,5,2,602988,2622,106505,1451,0.024287672755567084,0.3562484655045421
6695,0.498803,6,25,6,603013,2597,106511,1445,0.024056096928378227,0.3574962889658585
6696,0.498804,14,19,14,603032,2578,106525,1431,0.0238800992997147,0.35694686954352706
6697,0.498805,5,12,5,603044,2566,106530,1426,0.02376894290266405,0.3572144288577154
6698,0.498806,7,11,7,603055,2555,106537,1419,0.02366704953870095,0.3570709612481127
6699,0.498807,3,5,3,603060,2550,106540,1416,0.02362073437326318,0.35703479576399394
6700,0.498808,10,42,10,603102,2508,106550,1406,0.023231686983585905,0.3592233009708738
6701,0.498809,3,7,3,603109,2501,106553,1403,0.023166845751973027,0.359375
6702,0.49881,3,4,3,603113,2497,106556,1400,0.02312979361962281,0.359250705671029
6703,0.498811,2,7,2,603120,2490,106558,1398,0.02306495238800993,0.3595679012345679
6704,0.498812,6,15,6,603135,2475,106564,1392,0.022926006891696618,0.3599689681923972
6705,0.498813,20,36,20,603171,2439,106584,1372,0.022592537700544667,0.360010495932826
6706,0.498814,3,9,3,603180,2430,106587,1369,0.022509170402756677,0.3603579889444591
6707,0.498815,3,13,3,603193,2417,106590,1366,0.022388750972618474,0.36108908273856727
6708,0.498816,6,4,6,603197,2413,106596,1360,0.022351698840268257,0.36045587065995227
6709,0.498817,1,2,1,603199,2411,106597,1359,0.02233317277409315,0.36047745358090183
6710,0.498818,7,8,7,603207,2403,106604,1352,0.022259068509392715,0.36005326231691076
6711,0.498819,3,14,3,603221,2389,106607,1349,0.022129386046166957,0.3608881754949171
6712,0.49882,7,20,7,603241,2369,106614,1342,0.021944125384415872,0.36162759364052816
6713,0.498821,16,23,16,603264,2346,106630,1326,0.021731075623402128,0.3611111111111111
6714,0.498822,16,10,16,603274,2336,106646,1310,0.021638445292526585,0.35929786066922653
6715,0.498823,5,8,5,603282,2328,106651,1305,0.021564341027826152,0.3592072667217176
6716,0.498824,5,5,5,603287,2323,106656,1300,0.02151802586238838,0.35881865857024564
6717,0.498825,15,31,15,603318,2292,106671,1285,0.0212308718366742,0.3592395862454571
6718,0.498826,4,8,4,603326,2284,106675,1281,0.021156767571973767,0.3593267882187938
6719,0.498827,10,15,10,603341,2269,106685,1271,0.021017822075660456,0.35903954802259885
6720,0.498828,0,5,0,603346,2264,106685,1271,0.020971506910222683,0.35954738330975955
6721,0.498829,1,2,1,603348,2262,106686,1270,0.020952980844047574,0.3595696489241223
6722,0.49883,6,5,6,603353,2257,106692,1264,0.020906665678609805,0.3589889236012496
6723,0.498831,5,10,5,603363,2247,106697,1259,0.020814035347734263,0.35909868796349115
6724,0.498832,7,6,7,603369,2241,106704,1252,0.020758457149208938,0.35843114801030634
6725,0.498833,7,11,7,603380,2230,106711,1245,0.02065656378524584,0.35827338129496406
6726,0.498834,4,3,4,603383,2227,106715,1241,0.02062877468598318,0.35784313725490197
6727,0.498835,4,13,4,603396,2214,106719,1237,0.020508355255844973,0.35844682700666475
6728,0.498836,2,1,2,603397,2213,106721,1235,0.02049909222275742,0.3581786542923434
6729,0.498837,1,1,1,603398,2212,106722,1234,0.020489829189669864,0.3580963435867673
6730,0.498838,0,2,0,603400,2210,106722,1234,0.020471303123494756,0.35830429732868757
6731,0.498839,7,15,7,603415,2195,106729,1227,0.020332357627181444,0.358562244301578
6732,0.49884,0,1,0,603416,2194,106729,1227,0.02032309459409389,0.35866705641625257
6733,0.498841,3,8,3,603424,2186,106732,1224,0.020248990329393455,0.3589442815249267
6734,0.498842,3,10,3,603434,2176,106735,1221,0.020156359998517916,0.35943479540771267
6735,0.498843,2,7,2,603441,2169,106737,1219,0.020091518766905035,0.3597992916174734
6736,0.498844,6,15,6,603456,2154,106743,1213,0.019952573270591724,0.36026136026136024
6737,0.498845,9,21,9,603477,2133,106752,1204,0.019758049575753084,0.36080311657177105
6738,0.498846,4,8,4,603485,2125,106756,1200,0.01968394531105265,0.3609022556390977
6739,0.498847,8,5,8,603490,2120,106764,1192,0.01963763014561488,0.35990338164251207
6740,0.498848,0,4,0,603494,2116,106764,1192,0.019600578013264664,0.3603385731559855
6741,0.498849,3,6,3,603500,2110,106767,1189,0.01954499981473934,0.36041224613519246
6742,0.49885,7,25,7,603525,2085,106774,1182,0.019313423987550482,0.36179981634527086
6743,0.498851,2,3,2,603528,2082,106776,1180,0.01928563488828782,0.36174126302881665
6744,0.498852,1,4,1,603532,2078,106777,1179,0.019248582755937604,0.3619895609456555
6745,0.498853,8,19,8,603551,2059,106785,1171,0.019072585127274076,0.3625386996904025
6746,0.498854,4,14,4,603565,2045,106789,1167,0.018942902664048317,0.3633250311332503
6747,0.498855,8,18,8,603583,2027,106797,1159,0.01877616806847234,0.3637790332705587
6748,0.498856,0,2,0,603585,2025,106797,1159,0.018757642002297233,0.3640075376884422
6749,0.498857,6,2,6,603587,2023,106803,1153,0.018739115936122125,0.3630352644836272
6750,0.498858,7,6,7,603593,2017,106810,1146,0.0186835377375968,0.3623142586152387
6751,0.498859,3,4,3,603597,2013,106813,1143,0.018646485605246583,0.36216730038022815
6752,0.49886,2,7,2,603604,2006,106815,1141,0.0185816443736337,0.36256752462662856
6753,0.498861,3,6,3,603610,2000,106818,1138,0.018526066175108376,0.36265137029955385
6754,0.498862,1,10,1,603620,1990,106819,1137,0.018433435844232834,0.3636072913335465
6755,0.498863,5,8,5,603628,1982,106824,1132,0.0183593315795324,0.363519588953115
6756,0.498864,9,11,9,603639,1971,106833,1123,0.018257438215569306,0.36296056884292177
6757,0.498865,4,6,4,603645,1965,106837,1119,0.01820186001704398,0.36284046692607
6758,0.498866,6,9,6,603654,1956,106843,1113,0.01811849271925599,0.3626588465298143
6759,0.498867,8,6,8,603660,1950,106851,1105,0.01806291452073067,0.3617021276595745
6760,0.498868,1,0,1,603660,1950,106852,1104,0.01806291452073067,0.3614931237721022
6761,0.498869,0,5,0,603665,1945,106852,1104,0.018016599355292897,0.3620859298130535
6762,0.49887,0,3,0,603668,1942,106852,1104,0.017988810256030236,0.3624425476034143
6763,0.498871,2,7,2,603675,1935,106854,1102,0.017923969024417355,0.3628580836351663
6764,0.498872,8,24,8,603699,1911,106862,1094,0.017701656230316054,0.36405990016638934
6765,0.498873,2,13,2,603712,1898,106864,1092,0.01758123680017785,0.3652173913043478
6766,0.498874,2,2,2,603714,1896,106866,1090,0.017562710734002743,0.3650368385800402
6767,0.498875,4,12,4,603726,1884,106870,1086,0.017451554336952092,0.3656565656565657
6768,0.498876,4,12,4,603738,1872,106874,1082,0.017340397939901442,0.3662830060934326
6769,0.498877,1,3,1,603741,1869,106875,1081,0.017312608840638778,0.3664406779661017
6770,0.498878,2,5,2,603746,1864,106877,1079,0.017266293675201008,0.3666326877336052
6771,0.498879,0,1,0,603747,1863,106877,1079,0.017257030642113452,0.3667573079537729
6772,0.49888,2,6,2,603753,1857,106879,1077,0.017201452443588127,0.3670756646216769
6773,0.498881,4,1,4,603754,1856,106883,1073,0.017192189410500575,0.36633663366336633
6774,0.498882,5,2,5,603756,1854,106888,1068,0.017173663344325466,0.3655030800821355
6775,0.498884,6,7,6,603763,1847,106894,1062,0.017108822112712585,0.3650739085596425
6776,0.498885,3,1,3,603764,1846,106897,1059,0.017099559079625033,0.36454388984509467
6777,0.498886,10,17,10,603781,1829,106907,1049,0.016942087517136613,0.36448922863099376
6778,0.498887,1,2,1,603783,1827,106908,1048,0.016923561450961504,0.3645217391304348
6779,0.498888,9,5,9,603788,1822,106917,1039,0.01687724628552373,0.36315973435861587
6780,0.498889,2,5,2,603793,1817,106919,1037,0.016830931120085962,0.36334968465311845
6781,0.49889,0,4,0,603797,1813,106919,1037,0.016793878987735746,0.363859649122807
6782,0.498891,0,1,0,603798,1812,106919,1037,0.01678461595464819,0.363987363987364
6783,0.498892,1,4,1,603802,1808,106920,1036,0.016747563822297973,0.36427566807313644
6784,0.498893,3,1,3,603803,1807,106923,1033,0.01673830078921042,0.3637323943661972
6785,0.498894,2,0,2,603803,1807,106925,1031,0.01673830078921042,0.36328400281888656
6786,0.498895,1,1,1,603804,1806,106926,1030,0.016729037756122864,0.3631875881523272
6787,0.498896,8,12,8,603816,1794,106934,1022,0.016617881359072214,0.36292613636363635
6788,0.498897,7,9,7,603825,1785,106941,1015,0.016534514061284228,0.3625
6789,0.498898,4,6,4,603831,1779,106945,1011,0.016478935862758903,0.36236559139784946
6790,0.498899,10,21,10,603852,1758,106955,1001,0.016284412167920263,0.362812613265676
6791,0.4989,2,2,2,603854,1756,106957,999,0.016265886101745154,0.3626134301270417
6792,0.498901,6,20,6,603874,1736,106963,993,0.01608062543999407,0.36386954928545256
6793,0.498902,2,1,2,603875,1735,106965,991,0.016071362406906518,0.363536316947909
6794,0.498903,3,3,3,603878,1732,106968,988,0.016043573307643853,0.36323529411764705
6795,0.498904,4,11,4,603889,1721,106972,984,0.01594167994368076,0.3637707948243993
6796,0.498905,4,6,4,603895,1715,106976,980,0.015886101745155434,0.36363636363636365
6797,0.498906,1,4,1,603899,1711,106977,979,0.015849049612805217,0.36394052044609665
6798,0.498907,1,1,1,603900,1710,106978,978,0.015839786579717664,0.3638392857142857
6799,0.498908,6,11,6,603911,1699,106984,972,0.015737893215754566,0.3639086484462748
6800,0.498909,1,3,1,603914,1696,106985,971,0.015710104116491905,0.364079490063742
6801,0.49891,5,4,5,603918,1692,106990,966,0.01567305198414169,0.36343115124153497
6802,0.498911,3,12,3,603930,1680,106993,963,0.015561895587091036,0.36435868331441545
6803,0.498912,3,1,3,603931,1679,106996,960,0.015552632554003482,0.36377415687760517
6804,0.498913,0,2,0,603933,1677,106996,960,0.015534106487828374,0.3640500568828214
6805,0.498914,2,7,2,603940,1670,106998,958,0.015469265256215494,0.3645357686453577
6806,0.498915,1,4,1,603944,1666,106999,957,0.015432213123865278,0.3648494090735799
6807,0.498916,0,8,0,603952,1658,106999,957,0.015358108859164846,0.3659655831739962
6808,0.498917,6,18,6,603970,1640,107005,951,0.01519137426358887,0.3670397529911231
6809,0.498918,4,6,4,603976,1634,107009,947,0.015135796065063545,0.3669120495931809
6810,0.498919,2,8,2,603984,1626,107011,945,0.015061691800363111,0.367561260210035
6811,0.49892,5,11,5,603995,1615,107016,940,0.014959798436400015,0.3679060665362035
6812,0.498921,3,8,3,604003,1607,107019,937,0.014885694171699581,0.3683176100628931
6813,0.498922,4,1,4,604004,1606,107023,933,0.014876431138612027,0.36746750689247737
6814,0.498923,1,5,1,604009,1601,107024,932,0.014830115973174256,0.36794315041452824
6815,0.498924,3,5,3,604014,1596,107027,929,0.014783800807736485,0.3679207920792079
6816,0.498926,1,1,1,604015,1595,107028,928,0.01477453777464893,0.367816091954023
6817,0.498927,7,11,7,604026,1584,107035,921,0.014672644410685835,0.36766467065868264
6818,0.498928,1,3,1,604029,1581,107036,920,0.014644855311423172,0.3678528588564574
6819,0.498929,1,1,1,604030,1580,107037,919,0.014635592278335618,0.3677470988395358
6820,0.49893,8,15,8,604045,1565,107045,911,0.014496646782022305,0.36793214862681745
6821,0.498931,1,3,1,604048,1562,107046,910,0.014468857682759642,0.3681229773462783
6822,0.498932,3,0,3,604048,1562,107049,907,0.014468857682759642,0.3673552045362495
6823,0.498933,4,4,4,604052,1558,107053,903,0.014431805550409425,0.3669240146281999
6824,0.498934,6,8,6,604060,1550,107059,897,0.014357701285708993,0.36657131181038005
6825,0.498935,3,3,3,604063,1547,107062,894,0.01432991218644633,0.3662433428922573
6826,0.498937,9,19,9,604082,1528,107071,885,0.014153914557782801,0.3667633651056776
6827,0.498938,3,2,3,604084,1526,107074,882,0.014135388491607693,0.36627906976744184
6828,0.498939,12,13,12,604097,1513,107086,870,0.014014969061469488,0.36508602601762485
6829,0.49894,5,9,5,604106,1504,107091,865,0.0139316017636815,0.3651329674968341
6830,0.498941,2,6,2,604112,1498,107093,863,0.013876023565156175,0.3655230834392207
6831,0.498942,4,3,4,604115,1495,107097,859,0.013848234465893512,0.364910790144435
6832,0.498943,5,12,5,604127,1483,107102,854,0.013737078068842862,0.3654257595207531
6833,0.498944,1,6,1,604133,1477,107103,853,0.013681499870317537,0.3660944206008584
6834,0.498945,2,6,2,604139,1471,107105,851,0.013625921671792211,0.3664944013781223
6835,0.498946,0,1,0,604140,1470,107105,851,0.013616658638704657,0.36665230504093066
6836,0.498947,3,9,3,604149,1461,107108,848,0.01353329134091667,0.3672585534863577
6837,0.498948,2,1,2,604150,1460,107110,846,0.013524028307829115,0.3668690372940156
6838,0.498949,0,3,0,604153,1457,107110,846,0.013496239208566452,0.3673469387755102
6839,0.49895,2,8,2,604161,1449,107112,844,0.013422134943866019,0.3680767553423463
6840,0.498951,3,3,3,604164,1446,107115,841,0.013394345844603356,0.36773065150852646
6841,0.498952,5,15,5,604179,1431,107120,836,0.013255400348290045,0.36876929863255403
6842,0.498953,6,6,6,604185,1425,107126,830,0.01319982214976472,0.36807095343680707
6843,0.498954,0,1,0,604186,1424,107126,830,0.013190559116677165,0.3682342502218279
6844,0.498955,6,9,6,604195,1415,107132,824,0.013107191818889178,0.3680214381420277
6845,0.498956,6,6,6,604201,1409,107138,818,0.013051613620363852,0.3673102828917827
6846,0.498957,2,5,2,604206,1404,107140,816,0.013005298454926081,0.3675675675675676
6847,0.498958,8,14,8,604220,1390,107148,808,0.012875615991700323,0.36760691537761603
6848,0.498959,1,2,1,604222,1388,107149,807,0.012857089925525214,0.3676537585421412
6849,0.49896,4,6,4,604228,1382,107153,803,0.012801511726999889,0.3675057208237986
6850,0.498961,10,24,10,604252,1358,107163,793,0.012579198932898588,0.36866573686657367
6851,0.498962,7,11,7,604263,1347,107170,786,0.012477305568935492,0.36849507735583686
6852,0.498963,5,7,5,604270,1340,107175,781,0.012412464337322612,0.3682225365393682
6853,0.498964,0,3,0,604273,1337,107175,781,0.01238467523805995,0.3687440982058546
6854,0.498965,1,3,1,604276,1334,107176,780,0.012356886138797287,0.36896877956480606
6855,0.498966,2,7,2,604283,1327,107178,778,0.012292044907184408,0.3695961995249406
6856,0.498967,15,13,15,604296,1314,107193,763,0.012171625477046205,0.3673567645642754
6857,0.498968,0,2,0,604298,1312,107193,763,0.012153099410871096,0.36771084337349397
6858,0.498969,1,0,1,604298,1312,107194,762,0.012153099410871096,0.3674059787849566
6859,0.49897,4,11,4,604309,1301,107198,758,0.012051206046908,0.36813987372510926
6860,0.498971,1,4,1,604313,1297,107199,757,0.012014153914557783,0.3685491723466407
6861,0.498972,2,11,2,604324,1286,107201,755,0.011912260550594687,0.3699167074963253
6862,0.498973,3,1,3,604325,1285,107204,752,0.011902997517507133,0.36917034855179187
6863,0.498974,2,6,2,604331,1279,107206,750,0.011847419318981808,0.3696402168555939
6864,0.498975,2,4,2,604335,1275,107208,748,0.01181036718663159,0.3697478991596639
6865,0.498976,7,5,7,604340,1270,107215,741,0.01176405202119382,0.3684733963202387
6866,0.498978,1,3,1,604343,1267,107216,740,0.011736262921931157,0.3687095166915795
6867,0.498979,0,7,0,604350,1260,107216,740,0.011671421690318278,0.37
6868,0.49898,7,5,7,604355,1255,107223,733,0.011625106524880507,0.3687122736418511
6869,0.498981,6,18,6,604373,1237,107229,727,0.011458371929304531,0.37016293279022405
6870,0.498982,2,8,2,604381,1229,107231,725,0.011384267664604097,0.3710337768679631
6871,0.498983,1,3,1,604384,1226,107232,724,0.011356478565341435,0.3712820512820513
6872,0.498984,0,9,0,604393,1217,107232,724,0.011273111267553447,0.37300360638845953
6873,0.498985,2,8,2,604401,1209,107234,722,0.011199007002853013,0.37389953392024855
6874,0.498986,1,1,1,604402,1208,107235,721,0.01118974396976546,0.3737687921202696
6875,0.498987,2,2,2,604404,1206,107237,719,0.01117121790359035,0.3735064935064935
6876,0.498988,6,23,6,604427,1183,107243,713,0.010958168142576606,0.3760548523206751
6877,0.498989,0,3,0,604430,1180,107243,713,0.010930379043313943,0.37665081880612783
6878,0.49899,4,8,4,604438,1172,107247,709,0.01085627477861351,0.3769271664008506
6879,0.498991,9,11,9,604449,1161,107256,700,0.010754381414650413,0.37614185921547555
6880,0.498992,4,8,4,604457,1153,107260,696,0.01068027714994998,0.37641968631692807
6881,0.498994,1,2,1,604459,1151,107261,695,0.010661751083774871,0.376489707475623
6882,0.498995,13,25,13,604484,1126,107274,682,0.010430175256586016,0.377212389380531
6883,0.498996,3,4,3,604488,1122,107277,679,0.0103931231242358,0.3770127706829539
6884,0.498997,4,3,4,604491,1119,107281,675,0.010365334024973137,0.3762541806020067
6885,0.498998,2,6,2,604497,1113,107283,673,0.010309755826447812,0.37681970884658456
6886,0.498999,0,1,0,604498,1112,107283,673,0.010300492793360257,0.37703081232492996
6887,0.499,10,9,10,604507,1103,107293,663,0.01021712549557227,0.3754246885617214
6888,0.499001,1,3,1,604510,1100,107294,662,0.010189336396309607,0.3757094211123723
6889,0.499002,9,14,9,604524,1086,107303,653,0.01005965393308385,0.3755031627372053
6890,0.499003,3,2,3,604526,1084,107306,650,0.010041127866908741,0.3748558246828143
6891,0.499004,9,18,9,604544,1066,107315,641,0.009874393271332766,0.37551259519625074
6892,0.499005,9,13,9,604557,1053,107324,632,0.009753973841194561,0.37507418397626113
6893,0.499006,5,6,5,604563,1047,107329,627,0.009698395642669236,0.37455197132616486
6894,0.499007,1,1,1,604564,1046,107330,626,0.009689132609581682,0.37440191387559807
6895,0.499008,5,16,5,604580,1030,107335,621,0.009540924080180814,0.37613567534827375
6896,0.499009,3,3,3,604583,1027,107338,618,0.009513134980918152,0.3756838905775076
6897,0.49901,3,7,3,604590,1020,107341,615,0.009448293749305272,0.3761467889908257
6898,0.499011,0,1,0,604591,1019,107341,615,0.009439030716217718,0.3763769889840881
6899,0.499012,2,11,2,604602,1008,107343,613,0.009337137352254622,0.37816162862430597
6900,0.499013,1,8,1,604610,1000,107344,612,0.009263033087554188,0.37965260545905705
6901,0.499014,0,1,0,604611,999,107344,612,0.009253770054466634,0.37988826815642457
6902,0.499015,6,9,6,604620,990,107350,606,0.009170402756678646,0.37969924812030076
6903,0.499016,4,3,4,604623,987,107354,602,0.009142613657415984,0.3788546255506608
6904,0.499017,6,6,6,604629,981,107360,596,0.009087035458890658,0.3779327837666455
6905,0.499018,3,4,3,604633,977,107363,593,0.009049983326540442,0.3777070063694268
6906,0.49902,4,10,4,604643,967,107367,589,0.008957352995664901,0.37853470437017994
6907,0.499021,0,1,0,604644,966,107367,589,0.008948089962577347,0.3787781350482315
6908,0.499022,5,13,5,604657,953,107372,584,0.008827670532439142,0.37996096291476905
6909,0.499023,3,3,3,604660,950,107375,581,0.00879988143317648,0.37949052906597
6910,0.499025,1,2,1,604662,948,107376,580,0.008781355367001371,0.3795811518324607
6911,0.499026,0,1,0,604663,947,107376,580,0.008772092333913817,0.3798297314996726
6912,0.499027,2,1,2,604664,946,107378,578,0.008762829300826263,0.37926509186351703
6913,0.499028,1,6,1,604670,940,107379,577,0.008707251102300938,0.3803559657218194
6914,0.499029,4,2,4,604672,938,107383,573,0.00868872503612583,0.37921906022501656
6915,0.49903,4,2,4,604674,936,107387,569,0.008670198969950721,0.3780730897009967
6916,0.499031,7,15,7,604689,921,107394,562,0.008531253473637408,0.3789615643964936
6917,0.499032,5,14,5,604703,907,107399,557,0.008401571010411649,0.38046448087431695
6918,0.499033,0,1,0,604704,906,107399,557,0.008392307977324095,0.38072453861927547
6919,0.499034,2,2,2,604706,904,107401,555,0.008373781911148986,0.38039753255654557
6920,0.499035,1,8,1,604714,896,107402,554,0.008299677646448553,0.3820689655172414
6921,0.499036,4,1,4,604715,895,107406,550,0.008290414613360999,0.3806228373702422
6922,0.499037,13,18,13,604733,877,107419,537,0.008123680017785023,0.3797736916548798
6923,0.499039,3,2,3,604735,875,107422,534,0.008105153951609914,0.37899219304471254
6924,0.49904,7,11,7,604746,864,107429,527,0.008003260587646818,0.3788641265276779
6925,0.499041,7,15,7,604761,849,107436,520,0.007864315091333507,0.3798392987582177
6926,0.499042,6,12,6,604773,837,107442,514,0.007753158694282856,0.3804589193190229
6927,0.499043,6,8,6,604781,829,107448,508,0.007679054429582423,0.37995512341062077
6928,0.499045,5,11,5,604792,818,107453,503,0.007577161065619327,0.380772142316427
6929,0.499046,3,1,3,604793,817,107456,500,0.007567898032531772,0.37965072133637057
6930,0.499047,1,1,1,604794,816,107457,499,0.007558634999444218,0.379467680608365
6931,0.499048,2,3,2,604797,813,107459,497,0.007530845900181556,0.3793893129770992
6932,0.49905,3,6,3,604803,807,107462,494,0.00747526770165623,0.3797079169869331
6933,0.499051,4,4,4,604807,803,107466,490,0.0074382155693060135,0.37896365042536734
6934,0.499052,2,4,2,604811,799,107468,488,0.007401163436955797,0.3791763791763792
6935,0.499054,0,1,0,604812,798,107468,488,0.0073919004038682425,0.37947122861586313
6936,0.499055,6,1,6,604813,797,107474,482,0.007382637370780688,0.37685691946833466
6937,0.499056,1,1,1,604814,796,107475,481,0.007373374337693134,0.3766640563821457
6938,0.499057,1,3,1,604817,793,107476,480,0.0073455852384304715,0.3770620581304006
6939,0.499058,5,6,5,604823,787,107481,475,0.007290007039905146,0.3763866877971474
6940,0.499059,0,2,0,604825,785,107481,475,0.007271480973730038,0.376984126984127
6941,0.49906,3,13,3,604838,772,107484,472,0.007151061543591834,0.37942122186495175
6942,0.499061,6,5,6,604843,767,107490,466,0.007104746378154063,0.37793998377939986
6943,0.499062,3,15,3,604858,752,107493,463,0.00696580088184075,0.38106995884773665
6944,0.499063,2,11,2,604869,741,107495,461,0.006863907517877654,0.38352745424292845
6945,0.499064,3,6,3,604875,735,107498,458,0.0068083293193523286,0.38390611902766136
6946,0.499066,6,7,6,604882,728,107504,452,0.006743488087739449,0.38305084745762713
6947,0.499067,0,2,0,604884,726,107504,452,0.006724962021564341,0.3837011884550085
6948,0.499068,8,14,8,604898,712,107512,444,0.006595279558338583,0.38408304498269896
6949,0.499069,1,2,1,604900,710,107513,443,0.006576753492163474,0.3842150910667823
6950,0.49907,1,2,1,604902,708,107514,442,0.006558227425988366,0.3843478260869565
6951,0.499071,5,6,5,604908,702,107519,437,0.006502649227463041,0.38366988586479367
6952,0.499072,5,8,5,604916,694,107524,432,0.006428544962762607,0.3836589698046181
6953,0.499073,2,6,2,604922,688,107526,430,0.006372966764237282,0.38461538461538464
6954,0.499074,11,12,11,604934,676,107537,419,0.006261810367186631,0.382648401826484
6955,0.499075,1,5,1,604939,671,107538,418,0.00621549520174886,0.3838383838383838
6956,0.499076,3,2,3,604941,669,107541,415,0.006196969135573752,0.3828413284132841
6957,0.499077,0,2,0,604943,667,107541,415,0.0061784430693986436,0.3835489833641405
6958,0.499078,6,17,6,604960,650,107547,409,0.006020971506910223,0.3862134088762984
6959,0.499079,2,1,2,604961,649,107549,407,0.006011708473822669,0.3854166666666667
6960,0.49908,0,1,0,604962,648,107549,407,0.0060024454407351146,0.385781990521327
6961,0.499081,2,1,2,604963,647,107551,405,0.00599318240764756,0.3849809885931559
6962,0.499082,3,3,3,604966,644,107554,402,0.005965393308384898,0.384321223709369
6963,0.499083,2,4,2,604970,640,107556,400,0.005928341176034681,0.38461538461538464
6964,0.499086,2,2,2,604972,638,107558,398,0.0059098151098595725,0.3841698841698842
6965,0.499087,0,1,0,604973,637,107558,398,0.005900552076772018,0.38454106280193234
6966,0.499089,8,7,8,604980,630,107566,390,0.005835710845159139,0.38235294117647056
6967,0.49909,1,0,1,604980,630,107567,389,0.005835710845159139,0.3817468105986261
6968,0.499091,5,6,5,604986,624,107572,384,0.005780132646633814,0.38095238095238093
6969,0.499092,2,7,2,604993,617,107574,382,0.005715291415020934,0.38238238238238237
6970,0.499095,1,2,1,604995,615,107575,381,0.005696765348845826,0.3825301204819277
6971,0.499096,8,10,8,605005,605,107583,373,0.005604135017970284,0.38139059304703476
6972,0.499097,2,7,2,605012,598,107585,371,0.005539293786357405,0.3828689370485036
6973,0.499098,0,1,0,605013,597,107585,371,0.005530030753269851,0.38326446280991733
6974,0.4991,6,6,6,605019,591,107591,365,0.005474452554744526,0.3817991631799163
6975,0.499101,4,7,4,605026,584,107595,361,0.005409611323131646,0.382010582010582
6976,0.499102,2,1,2,605027,583,107597,359,0.005400348290044092,0.38110403397027603
6977,0.499103,2,2,2,605029,581,107599,357,0.005381822223868984,0.3805970149253731
6978,0.499104,0,1,0,605030,580,107599,357,0.0053725591907814296,0.3810032017075774
6979,0.499105,1,0,1,605030,580,107600,356,0.0053725591907814296,0.3803418803418803
6980,0.499106,1,2,1,605032,578,107601,355,0.005354033124606321,0.3804930332261522
6981,0.499107,1,3,1,605035,575,107602,354,0.0053262440253436585,0.38105489773950485
6982,0.499108,13,12,13,605047,563,107615,341,0.005215087628293008,0.377212389380531
6983,0.499109,4,5,4,605052,558,107619,337,0.005168772462855237,0.376536312849162
6984,0.499111,3,5,3,605057,553,107622,334,0.005122457297417466,0.3765501691093574
6985,0.499112,2,6,2,605063,547,107624,332,0.005066879098892141,0.37770193401592717
6986,0.499113,10,19,10,605082,528,107634,322,0.004890881470228612,0.3788235294117647
6987,0.499114,1,1,1,605083,527,107635,321,0.004881618437141058,0.3785377358490566
6988,0.499115,1,1,1,605084,526,107636,320,0.004872355404053503,0.37825059101654845
6989,0.499116,17,18,17,605102,508,107653,303,0.004705620808477528,0.37361282367447596
6990,0.499117,4,12,4,605114,496,107657,299,0.004594464411426877,0.37610062893081764
6991,0.499118,0,1,0,605115,495,107657,299,0.004585201378339323,0.3765743073047859
6992,0.49912,0,1,0,605116,494,107657,299,0.004575938345251769,0.3770491803278688
6993,0.499121,1,0,1,605116,494,107658,298,0.004575938345251769,0.37626262626262624
6994,0.499123,2,1,2,605117,493,107660,296,0.004566675312164215,0.37515842839036756
6995,0.499125,4,7,4,605124,486,107664,292,0.004501834080551336,0.37532133676092544
6996,0.499126,0,4,0,605128,482,107664,292,0.004464781948201119,0.3772609819121447
6997,0.499129,1,6,1,605134,476,107665,291,0.004409203749675794,0.379400260756193
6998,0.49913,3,4,3,605138,472,107668,288,0.004372151617325577,0.37894736842105264
6999,0.499131,10,20,10,605158,452,107678,278,0.004186890955574493,0.38082191780821917
7000,0.499133,0,8,0,605166,444,107678,278,0.00411278669087406,0.3850415512465374
7001,0.499134,4,4,4,605170,440,107682,274,0.004075734558523843,0.38375350140056025
7002,0.499135,0,4,0,605174,436,107682,274,0.004038682426173626,0.38591549295774646
7003,0.499136,2,4,2,605178,432,107684,272,0.004001630293823409,0.38636363636363635
7004,0.499137,6,14,6,605192,418,107690,266,0.0038719478305976507,0.3888888888888889
7005,0.499138,1,2,1,605194,416,107691,265,0.0038534217644225427,0.3891336270190896
7006,0.499139,1,1,1,605195,415,107692,264,0.0038441587313349885,0.38880706921944036
7007,0.49914,3,3,3,605198,412,107695,261,0.003816369632072326,0.38781575037147104
7008,0.499141,0,2,0,605200,410,107695,261,0.0037978435658972175,0.3889716840536513
7009,0.499142,1,7,1,605207,403,107696,260,0.003733002334284338,0.39215686274509803
7010,0.499145,1,1,1,605208,402,107697,259,0.003723739301196784,0.3918305597579425
7011,0.499146,2,1,2,605209,401,107699,257,0.0037144762681092297,0.3905775075987842
7012,0.49915,0,2,0,605211,399,107699,257,0.0036959502019341213,0.39176829268292684
7013,0.499152,2,3,2,605214,396,107701,255,0.0036681611026714587,0.391705069124424
7014,0.499153,6,6,6,605220,390,107707,249,0.0036125829041461334,0.38967136150234744
7015,0.499154,9,15,9,605235,375,107716,240,0.003473637407832821,0.3902439024390244
7016,0.499155,4,4,4,605239,371,107720,236,0.003436585275482604,0.38879736408566723
7017,0.499156,3,6,3,605245,365,107723,233,0.0033810070769572788,0.3896321070234114
7018,0.499157,3,2,3,605247,363,107726,230,0.0033624810107821704,0.38785834738617203
7019,0.499158,1,4,1,605251,359,107727,229,0.0033254288784319535,0.38945578231292516
7020,0.499159,0,1,0,605252,358,107727,229,0.0033161658453443998,0.3901192504258944
7021,0.499162,6,7,6,605259,351,107733,223,0.0032513246137315203,0.3885017421602787
7022,0.499163,0,1,0,605260,350,107733,223,0.003242061580643966,0.38917975567190227
7023,0.499164,2,3,2,605263,347,107735,221,0.0032142724813813035,0.3890845070422535
7024,0.499165,3,6,3,605269,341,107738,218,0.0031586942828559783,0.38998211091234347
7025,0.499166,0,1,0,605270,340,107738,218,0.003149431249768424,0.3906810035842294
7026,0.499167,2,0,2,605270,340,107740,216,0.003149431249768424,0.38848920863309355
7027,0.499168,2,5,2,605275,335,107742,214,0.003103116084330653,0.38979963570127507
7028,0.499169,3,7,3,605282,328,107745,211,0.003038274852717774,0.3914656771799629
7029,0.49917,0,1,0,605283,327,107745,211,0.00302901181963022,0.39219330855018586
7030,0.499172,2,4,2,605287,323,107747,209,0.002991959687280003,0.39285714285714285
7031,0.499173,2,2,2,605289,321,107749,207,0.0029734336211048947,0.39204545454545453
7032,0.499174,1,1,1,605290,320,107750,206,0.0029641705880173405,0.3916349809885932
7033,0.499175,1,0,1,605290,320,107751,205,0.0029641705880173405,0.3904761904761905
7034,0.499176,3,0,3,605290,320,107754,202,0.0029641705880173405,0.38697318007662834
7035,0.499177,1,3,1,605293,317,107755,201,0.002936381488754678,0.38803088803088803
7036,0.499178,1,0,1,605293,317,107756,200,0.002936381488754678,0.38684719535783363
7037,0.499179,5,2,5,605295,315,107761,195,0.0029178554225795694,0.38235294117647056
7038,0.499181,0,1,0,605296,314,107761,195,0.0029085923894920152,0.3831041257367387
7039,0.499184,1,0,1,605296,314,107762,194,0.0029085923894920152,0.38188976377952755
7040,0.499185,5,1,5,605297,313,107767,189,0.002899329356404461,0.37649402390438247
7041,0.499187,0,2,0,605299,311,107767,189,0.0028808032902293526,0.378
7042,0.499188,2,2,2,605301,309,107769,187,0.0028622772240542442,0.37701612903225806
7043,0.499189,0,1,0,605302,308,107769,187,0.00285301419096669,0.37777777777777777
7044,0.49919,0,1,0,605303,307,107769,187,0.002843751157879136,0.3785425101214575
7045,0.499192,4,3,4,605306,304,107773,183,0.002815962058616473,0.3757700205338809
7046,0.499194,2,0,2,605306,304,107775,181,0.002815962058616473,0.3731958762886598
7047,0.499195,0,1,0,605307,303,107775,181,0.002806699025528919,0.3739669421487603
7048,0.499196,5,7,5,605314,296,107780,176,0.00274185779391604,0.3728813559322034
7049,0.499197,1,3,1,605317,293,107781,175,0.0027140686946533774,0.37393162393162394
7050,0.499198,0,4,0,605321,289,107781,175,0.0026770165623031606,0.3771551724137931
7051,0.499199,1,1,1,605322,288,107782,174,0.0026677535292156064,0.37662337662337664
7052,0.4992,1,2,1,605324,286,107783,173,0.002649227463040498,0.3769063180827887
7053,0.499202,1,0,1,605324,286,107784,172,0.002649227463040498,0.37554585152838427
7054,0.499203,1,0,1,605324,286,107785,171,0.002649227463040498,0.3741794310722101
7055,0.499204,1,2,1,605326,284,107786,170,0.0026307013968653896,0.3744493392070485
7056,0.499205,1,7,1,605333,277,107787,169,0.00256586016525251,0.3789237668161435
7057,0.499206,0,2,0,605335,275,107787,169,0.0025473340990774017,0.38063063063063063
7058,0.499207,7,9,7,605344,266,107794,162,0.0024639668012894143,0.37850467289719625
7059,0.499208,0,1,0,605345,265,107794,162,0.00245470376820186,0.3793911007025761
7060,0.499209,1,1,1,605346,264,107795,161,0.002445440735114306,0.3788235294117647
7061,0.49921,1,0,1,605346,264,107796,160,0.002445440735114306,0.37735849056603776
7062,0.499211,1,3,1,605349,261,107797,159,0.0024176516358516433,0.37857142857142856
7063,0.499213,3,0,3,605349,261,107800,156,0.0024176516358516433,0.37410071942446044
7064,0.499214,3,5,3,605354,256,107803,153,0.0023713364704138723,0.3740831295843521
7065,0.499215,2,1,2,605355,255,107805,151,0.002362073437326318,0.37192118226600984
7066,0.499216,4,6,4,605361,249,107809,147,0.002306495238800993,0.3712121212121212
7067,0.499217,2,4,2,605365,245,107811,145,0.002269443106450776,0.3717948717948718
7068,0.499218,3,3,3,605368,242,107814,142,0.002241654007188114,0.3697916666666667
7069,0.499219,0,1,0,605369,241,107814,142,0.0022323909741005597,0.370757180156658
7070,0.499221,0,1,0,605370,240,107814,142,0.0022231279410130055,0.3717277486910995
7071,0.499222,1,2,1,605372,238,107815,141,0.002204601874837897,0.3720316622691293
7072,0.499224,4,9,4,605381,229,107819,137,0.002121234577049909,0.3743169398907104
7073,0.499225,3,8,3,605389,221,107822,134,0.0020471303123494756,0.37746478873239436
7074,0.499226,1,1,1,605390,220,107823,133,0.0020378672792619214,0.37677053824362605
7075,0.49923,0,1,0,605391,219,107823,133,0.002028604246174367,0.3778409090909091
7076,0.499231,1,0,1,605391,219,107824,132,0.002028604246174367,0.37606837606837606
7077,0.499233,0,1,0,605392,218,107824,132,0.002019341213086813,0.37714285714285717
7078,0.499234,1,0,1,605392,218,107825,131,0.002019341213086813,0.3753581661891118
7079,0.499235,0,3,0,605395,215,107825,131,0.001991552113824151,0.3786127167630058
7080,0.499236,1,0,1,605395,215,107826,130,0.001991552113824151,0.37681159420289856
7081,0.499238,1,4,1,605399,211,107827,129,0.001954499981473934,0.37941176470588234
7082,0.499239,4,9,4,605408,202,107831,125,0.0018711326836859461,0.382262996941896
7083,0.499241,3,1,3,605409,201,107834,122,0.001861869650598392,0.37770897832817335
7084,0.499242,7,3,7,605412,198,107841,115,0.0018340805513357293,0.36741214057507987
7085,0.499243,0,1,0,605413,197,107841,115,0.0018248175182481751,0.3685897435897436
7086,0.499245,1,1,1,605414,196,107842,114,0.001815554485160621,0.36774193548387096
7087,0.499246,2,5,2,605419,191,107844,112,0.0017692393197228501,0.3696369636963696
7088,0.499247,8,10,8,605429,181,107852,104,0.001676608988847308,0.3649122807017544
7089,0.499251,1,1,1,605430,180,107853,103,0.0016673459557597539,0.36395759717314485
7090,0.499252,0,2,0,605432,178,107853,103,0.0016488198895846457,0.3665480427046263
7091,0.499254,0,1,0,605433,177,107853,103,0.0016395568564970915,0.3678571428571429
7092,0.499255,1,1,1,605434,176,107854,102,0.0016302938234095373,0.3669064748201439
7093,0.499256,1,0,1,605434,176,107855,101,0.0016302938234095373,0.36462093862815886
7094,0.499258,5,10,5,605444,166,107860,96,0.0015376634925339952,0.366412213740458
7095,0.49926,2,0,2,605444,166,107862,94,0.0015376634925339952,0.36153846153846153
7096,0.499262,0,1,0,605445,165,107862,94,0.0015284004594464412,0.36293436293436293
7097,0.499264,1,5,1,605450,160,107863,93,0.0014820852940086702,0.3675889328063241
7098,0.499267,0,1,0,605451,159,107863,93,0.001472822260921116,0.36904761904761907
7099,0.499268,0,2,0,605453,157,107863,93,0.0014542961947460076,0.372
7100,0.499269,1,4,1,605457,153,107864,92,0.0014172440623957908,0.37551020408163266
7101,0.49927,1,0,1,605457,153,107865,91,0.0014172440623957908,0.3729508196721312
7102,0.499271,1,0,1,605457,153,107866,90,0.0014172440623957908,0.37037037037037035
7103,0.499272,0,1,0,605458,152,107866,90,0.0014079810293082366,0.371900826446281
7104,0.499273,1,3,1,605461,149,107867,89,0.0013801919300455742,0.3739495798319328
7105,0.499274,0,1,0,605462,148,107867,89,0.00137092889695802,0.3755274261603376
7106,0.499276,1,3,1,605465,145,107868,88,0.0013431397976953574,0.3776824034334764
7107,0.49928,2,4,2,605469,141,107870,86,0.0013060876653451406,0.3788546255506608
7108,0.499281,5,4,5,605473,137,107875,81,0.0012690355329949238,0.37155963302752293
7109,0.499285,2,3,2,605476,134,107877,79,0.0012412464337322614,0.37089201877934275
7110,0.499287,3,7,3,605483,127,107880,76,0.001176405202119382,0.37438423645320196
7111,0.499288,0,2,0,605485,125,107880,76,0.0011578791359442735,0.3781094527363184
7112,0.499289,2,3,2,605488,122,107882,74,0.0011300900366816111,0.37755102040816324
7113,0.49929,1,2,1,605490,120,107883,73,0.0011115639705065027,0.37823834196891193
7114,0.499293,0,4,0,605494,116,107883,73,0.001074511838156286,0.3862433862433862
7115,0.499295,2,1,2,605495,115,107885,71,0.0010652488050687317,0.3817204301075269
7116,0.499296,2,12,2,605507,103,107887,69,0.0009540924080180815,0.4011627906976744
7117,0.499297,1,2,1,605509,101,107888,68,0.0009355663418429731,0.40236686390532544
7118,0.499299,5,2,5,605511,99,107893,63,0.0009170402756678647,0.3888888888888889
7119,0.499306,1,4,1,605515,95,107894,62,0.000879988143317648,0.39490445859872614
7120,0.499308,2,3,2,605518,92,107896,60,0.0008521990440549853,0.39473684210526316
7121,0.499311,4,5,4,605523,87,107900,56,0.0008058838786172144,0.3916083916083916
7122,0.499313,3,9,3,605532,78,107903,53,0.0007225165808292267,0.40458015267175573
7123,0.499317,1,0,1,605532,78,107904,52,0.0007225165808292267,0.4
7124,0.499321,1,3,1,605535,75,107905,51,0.0006947274815665642,0.40476190476190477
7125,0.499332,4,13,4,605548,62,107909,47,0.0005743080514283597,0.43119266055045874
7126,0.499335,2,3,2,605551,59,107911,45,0.0005465189521656972,0.4326923076923077
7127,0.499337,1,2,1,605553,57,107912,44,0.0005279928859905888,0.43564356435643564
7128,0.499339,0,1,0,605554,56,107912,44,0.0005187298529030345,0.44
7129,0.499341,1,2,1,605556,54,107913,43,0.0005002037867279261,0.44329896907216493
7130,0.499342,0,1,0,605557,53,107913,43,0.000490940753640372,0.4479166666666667
7131,0.499343,1,2,1,605559,51,107914,42,0.00047241468746526364,0.45161290322580644
7132,0.499346,1,6,1,605565,45,107915,41,0.00041683648893993847,0.47674418604651164
7133,0.499352,1,1,1,605566,44,107916,40,0.0004075734558523843,0.47619047619047616
7134,0.499354,2,1,2,605567,43,107918,38,0.0003983104227648301,0.4691358024691358
7135,0.499359,3,2,3,605569,41,107921,35,0.00037978435658972176,0.4605263157894737
7136,0.499364,0,2,0,605571,39,107921,35,0.00036125829041461335,0.47297297297297297
7137,0.499371,2,1,2,605572,38,107923,33,0.00035199525732705915,0.4647887323943662
7138,0.499375,1,0,1,605572,38,107924,32,0.00035199525732705915,0.45714285714285713
7139,0.499378,0,1,0,605573,37,107924,32,0.000342732224239505,0.463768115942029
7140,0.49938,2,1,2,605574,36,107926,30,0.0003334691911519508,0.45454545454545453
7141,0.499382,1,1,1,605575,35,107927,29,0.0003242061580643966,0.453125
7142,0.499385,2,4,2,605579,31,107929,27,0.00028715402571417983,0.46551724137931033
7143,0.499386,1,2,1,605581,29,107930,26,0.0002686279595390715,0.4727272727272727
7144,0.499392,1,0,1,605581,29,107931,25,0.0002686279595390715,0.46296296296296297
7145,0.499394,1,4,1,605585,25,107932,24,0.00023157582718885472,0.4897959183673469
7146,0.499396,1,1,1,605586,24,107933,23,0.00022231279410130054,0.48936170212765956
7147,0.499403,0,1,0,605587,23,107933,23,0.00021304976101374634,0.5
7148,0.499407,4,5,4,605592,18,107937,19,0.0001667345955759754,0.5135135135135135
7149,0.499409,2,1,2,605593,17,107939,17,0.00015747156248842122,0.5
7150,0.499413,5,3,5,605596,14,107944,12,0.00012968246322575864,0.46153846153846156
7151,0.499433,0,1,0,605597,13,107944,12,0.00012041943013820446,0.48
7152,0.499434,0,2,0,605599,11,107944,12,0.00010189336396309608,0.5217391304347826
7153,0.499435,0,2,0,605601,9,107944,12,8.33672977879877e-05,0.5714285714285714
7154,0.499442,1,0,1,605601,9,107945,11,8.33672977879877e-05,0.55
7155,0.499446,1,0,1,605601,9,107946,10,8.33672977879877e-05,0.5263157894736842
7156,0.499447,0,1,0,605602,8,107946,10,7.410426470043351e-05,0.5555555555555556
7157,0.499463,1,1,1,605603,7,107947,9,6.484123161287932e-05,0.5625
7158,0.499496,0,1,0,605604,6,107947,9,5.5578198525325135e-05,0.6
7159,0.499503,1,0,1,605604,6,107948,8,5.5578198525325135e-05,0.5714285714285714
7160,0.499523,1,0,1,605604,6,107949,7,5.5578198525325135e-05,0.5384615384615384
7161,0.499524,1,0,1,605604,6,107950,6,5.5578198525325135e-05,0.5
7162,0.499543,0,1,0,605605,5,107950,6,4.6315165437770945e-05,0.5454545454545454
7163,0.499578,1,1,1,605606,4,107951,5,3.7052132350216754e-05,0.5555555555555556
7164,0.499621,0,1,0,605607,3,107951,5,2.7789099262662567e-05,0.625
7165,0.499624,1,0,1,605607,3,107952,4,2.7789099262662567e-05,0.5714285714285714
7166,0.499651,0,1,0,605608,2,107952,4,1.8526066175108377e-05,0.6666666666666666
7167,0.499667,1,0,1,605608,2,107953,3,1.8526066175108377e-05,0.6
7168,0.499674,0,1,0,605609,1,107953,3,9.263033087554189e-06,0.75
7169,0.499681,0,1,0,605610,0,107953,3,0.0,1.0
7170,0.499709,1,0,1,605610,0,107954,2,0.0,1.0
7171,0.499736,1,0,1,605610,0,107955,1,0.0,1.0
7172,0.499745,1,0,1,605610,0,107956,0,0.0,
