,y_proba,y_test,Neg,Pos,TN,FP,FN,TP,FP/P,Prec
0,0.48864,0,1,0,1,605609,0,107956,5.609776205120605,0.1512910526721462
1,0.48889,0,1,0,2,605608,0,107956,5.609766942087517,0.15129126469384666
2,0.48904,0,2,0,4,605606,0,107956,5.609748416021342,0.15129168873903037
3,0.48907,0,1,0,5,605605,0,107956,5.609739152988254,0.15129190076251364
4,0.4891,0,1,0,6,605604,0,107956,5.609729889955167,0.1512921127865912
5,0.48914,1,0,1,6,605604,1,107955,5.609729889955167,0.15129092338545236
6,0.48916,0,4,0,10,605600,1,107955,5.609692837822816,0.1512917714822263
7,0.48928,0,2,0,12,605598,1,107955,5.609674311756642,0.15129219553417897
8,0.48938,0,1,0,13,605597,1,107955,5.609665048723554,0.1512924075610467
9,0.4895,0,1,0,14,605596,1,107955,5.6096557856904665,0.15129261958850873
10,0.48951,0,3,0,17,605593,1,107955,5.609627996591204,0.15129325567446059
11,0.48952,0,1,0,18,605592,1,107955,5.609618733558117,0.1512934677042998
12,0.48953,0,2,0,20,605590,1,107955,5.609600207491941,0.1512938917657611
13,0.48954,0,2,0,22,605588,1,107955,5.609581681425766,0.15129431582959962
14,0.48955,0,1,0,23,605587,1,107955,5.609572418392679,0.15129452786241035
15,0.48957,0,1,0,24,605586,1,107955,5.609563155359591,0.15129473989581538
16,0.48961,0,1,0,25,605585,1,107955,5.609553892326503,0.15129495192981474
17,0.48962,0,1,0,26,605584,1,107955,5.609544629293416,0.1512951639644084
18,0.48963,0,2,0,28,605582,1,107955,5.609526103227241,0.15129558803537868
19,0.48964,0,3,0,31,605579,1,107955,5.609498314127978,0.15129622414629157
20,0.48966,0,1,0,32,605578,1,107955,5.609489051094891,0.15129643618445118
21,0.48968,0,2,0,34,605576,1,107955,5.609470525028716,0.1512968602625534
22,0.4897,0,3,0,37,605573,1,107955,5.609442735929453,0.15129749638416432
23,0.48973,0,1,0,38,605572,1,107955,5.609433472896365,0.15129770842589
24,0.48974,0,3,0,41,605569,1,107955,5.609405683797102,0.15129834455463306
25,0.48975,0,3,0,44,605566,1,107955,5.60937789469784,0.15129898068872535
26,0.48976,0,3,0,47,605563,1,107955,5.609350105598577,0.15129961682816692
27,0.48977,0,2,0,49,605561,1,107955,5.609331579532402,0.15130004092409982
28,0.48978,0,2,0,51,605559,1,107955,5.609313053466227,0.1513004650224102
29,0.48979,0,1,0,52,605558,1,107955,5.609303790433139,0.15130067707245698
30,0.4898,0,4,0,56,605554,1,107955,5.609266738300789,0.15130152527858792
31,0.48981,0,5,0,61,605549,1,107955,5.609220423135351,0.1513025855496255
32,0.48982,0,1,0,62,605548,1,107955,5.609211160102264,0.15130279760561624
33,0.48983,0,5,0,67,605543,1,107955,5.609164844936826,0.15130385789448603
34,0.48984,0,5,0,72,605538,1,107955,5.609118529771388,0.15130491819821637
35,0.48985,0,6,0,78,605532,1,107955,5.609062951572863,0.15130619058230912
36,0.48986,0,2,0,80,605530,1,107955,5.609044425506688,0.15130661471509563
37,0.48987,0,4,0,84,605526,1,107955,5.609007373374338,0.15130746298780207
38,0.48988,0,4,0,88,605522,1,107955,5.608970321241988,0.15130831127001992
39,0.48989,1,3,1,91,605519,2,107954,5.608942532142724,0.15130775796701487
40,0.4899,0,2,0,93,605517,2,107954,5.60892400607655,0.15130818211251754
41,0.48991,0,2,0,95,605515,2,107954,5.608905480010375,0.15130860626039813
42,0.48992,0,8,0,103,605507,2,107954,5.608831375745674,0.15131030287570027
43,0.48993,0,4,0,107,605503,2,107954,5.608794323613324,0.15131115119761948
44,0.48994,0,4,0,111,605499,2,107954,5.6087572714809735,0.15131199952905097
45,0.48995,0,6,0,117,605493,2,107954,5.608701693282448,0.1513132720440341
46,0.48996,0,5,0,122,605488,2,107954,5.60865537811701,0.15131433248953663
47,0.48997,0,1,0,123,605487,2,107954,5.608646115083923,0.15131454458042082
48,0.48998,0,7,0,130,605480,2,107954,5.60858127385231,0.15131602923325774
49,0.48999,0,3,0,133,605477,2,107954,5.608553484753047,0.15131666552196357
50,0.49,0,3,0,136,605474,2,107954,5.608525695653785,0.15131730181602068
51,0.49001,0,9,0,145,605465,2,107954,5.608442328355997,0.15131921073030014
52,0.49002,0,7,0,152,605458,2,107954,5.608377487124384,0.15132069547470467
53,0.49003,0,6,0,158,605452,2,107954,5.608321908925858,0.15132196813595625
54,0.49004,1,3,1,161,605449,3,107953,5.608294119826596,0.15132141485445794
55,0.49005,0,7,0,168,605442,3,107953,5.608229278594983,0.15132289965587087
56,0.49006,0,5,0,173,605437,3,107953,5.608182963429545,0.15132396024614866
57,0.49007,0,5,0,178,605432,3,107953,5.608136648264107,0.15132502085129348
58,0.49008,0,4,0,182,605428,3,107953,5.6080995961317575,0.15132586934611378
59,0.49009,0,5,0,187,605423,3,107953,5.6080532809663195,0.15132692997802
60,0.4901,0,2,0,189,605421,3,107953,5.608034754900144,0.15132735423494548
61,0.49011,1,4,1,193,605417,4,107952,5.607997702767794,0.15132701308859792
62,0.49012,0,4,0,197,605413,4,107952,5.6079606506354445,0.15132786161361997
63,0.49013,1,7,1,204,605406,5,107951,5.607895809403831,0.1513281568695618
64,0.49014,0,12,0,216,605394,5,107951,5.607784653006781,0.15133070253523892
65,0.49015,0,6,0,222,605388,5,107951,5.6077290748082556,0.1513319754001954
66,0.49016,1,5,1,227,605383,6,107950,5.607682759642818,0.15133184641675065
67,0.49017,0,12,0,239,605371,6,107950,5.607571603245767,0.15133439223014603
68,0.49018,0,13,0,252,605358,6,107950,5.607451183815629,0.15133715029131875
69,0.49019,0,9,0,261,605349,6,107950,5.607367816517841,0.15133905977717618
70,0.4902,2,5,2,266,605344,8,107948,5.607321501352403,0.15133774106537015
71,0.49021,0,6,0,272,605338,8,107948,5.607265923153878,0.15133901408411213
72,0.49022,0,10,0,282,605328,8,107948,5.607173292823002,0.15134113582960873
73,0.49023,0,3,0,285,605325,8,107948,5.607145503723739,0.1513417723648589
74,0.49024,0,6,0,291,605319,8,107948,5.607089925525214,0.15134304545142283
75,0.49025,1,7,1,298,605312,9,107947,5.607025084293601,0.15134334091823587
76,0.49026,0,18,0,316,605294,9,107947,5.606858349698025,0.15134716035673776
77,0.49027,0,20,0,336,605274,9,107947,5.606673089036274,0.15135140440340372
78,0.49028,0,15,0,351,605259,9,107947,5.606534143539961,0.15135458759460801
79,0.49029,0,15,0,366,605244,9,107947,5.606395198043647,0.15135777091971156
80,0.4903,0,12,0,378,605232,9,107947,5.606284041646597,0.15136031767620753
81,0.49031,0,11,0,389,605221,9,107947,5.606182148282634,0.15136265227828505
82,0.49032,0,10,0,399,605211,9,107947,5.606089517951758,0.15136477470630633
83,0.49033,0,15,0,414,605196,9,107947,5.605950572455445,0.15136795845994422
84,0.49034,0,13,0,427,605183,9,107947,5.605830153025306,0.15137071782143507
85,0.49035,0,10,0,437,605173,9,107947,5.605737522694431,0.15137284047565627
86,0.49036,0,20,0,457,605153,9,107947,5.60555226203268,0.15137708596269808
87,0.49037,0,9,0,466,605144,9,107947,5.605468894734892,0.15137899650956188
88,0.49038,1,10,1,476,605134,10,107946,5.605376264404017,0.15137992932069333
89,0.49039,0,21,0,497,605113,10,107946,5.6051817407091775,0.1513843875471735
90,0.4904,0,11,0,508,605102,10,107946,5.605079847345214,0.15138672291346444
91,0.49041,1,15,1,523,605087,11,107945,5.604940901848901,0.15138871747691549
92,0.49042,0,25,0,548,605062,11,107945,5.6047093260217125,0.15139402558460155
93,0.49043,1,12,1,560,605050,12,107944,5.604598169624662,0.1513953834113611
94,0.49044,0,10,0,570,605040,12,107944,5.604505539293786,0.15139750681642225
95,0.49045,0,19,0,589,605021,12,107944,5.604329541665122,0.1514015414501413
96,0.49046,0,16,0,605,605005,12,107944,5.604181333135722,0.15140493920322493
97,0.49047,0,24,0,629,604981,12,107944,5.6039590203416205,0.15141003611880632
98,0.49048,0,17,0,646,604964,12,107944,5.603801548779132,0.1514136466416424
99,0.49049,0,23,0,669,604941,12,107944,5.603588499018119,0.1514185317407436
100,0.4905,1,21,1,690,604920,13,107943,5.6033939753232795,0.1514218019451143
101,0.49051,2,20,2,710,604900,15,107941,5.603208714661529,0.15142366951395894
102,0.49052,0,19,0,729,604881,15,107941,5.603032717032865,0.15142770565442706
103,0.49053,0,26,0,755,604855,15,107941,5.602791878172589,0.15143322914270002
104,0.49054,0,10,0,765,604845,15,107941,5.602699247841714,0.1514353536685625
105,0.49055,0,28,0,793,604817,15,107941,5.602439882915262,0.1514413026581252
106,0.49056,0,26,0,819,604791,15,107941,5.602199044054985,0.15144682713839142
107,0.49057,0,20,0,839,604771,15,107941,5.602013783393234,0.15145107701287477
108,0.49058,0,23,0,862,604748,15,107941,5.601800733632221,0.15145596466340858
109,0.49059,0,28,0,890,604720,15,107941,5.601541368705769,0.1514619152724788
110,0.4906,0,25,0,915,604695,15,107941,5.60130979287858,0.15146722871143192
111,0.49061,2,22,2,937,604673,17,107939,5.601106006150654,0.15146952338720088
112,0.49062,0,31,0,968,604642,17,107939,5.60081885212494,0.15147611289102572
113,0.49063,1,26,1,994,604616,18,107938,5.600578013264664,0.151480449201043
114,0.49064,0,26,0,1020,604590,18,107938,5.600337174404387,0.15148597669144231
115,0.49065,0,21,0,1041,604569,18,107938,5.600142650709548,0.15149044149741686
116,0.49066,0,25,0,1066,604544,18,107938,5.5999110748823595,0.15149575708579305
117,0.49067,1,30,1,1096,604514,19,107937,5.599633183889733,0.15150094532816993
118,0.49068,1,25,1,1121,604489,20,107936,5.599401608062544,0.15150507070919747
119,0.49069,0,31,0,1152,604458,20,107936,5.59911445403683,0.1515116634895858
120,0.4907,0,26,0,1178,604432,20,107936,5.5988736151765535,0.1515171933607349
121,0.49071,1,29,1,1207,604403,21,107935,5.598604987217015,0.1515221706549419
122,0.49072,1,30,1,1237,604373,22,107934,5.598327096224388,0.15152736109570733
123,0.49073,0,26,0,1263,604347,22,107934,5.598086257364112,0.15153289221529143
124,0.49074,3,41,3,1304,604306,25,107931,5.597706473007522,0.15153804141037322
125,0.49075,2,39,2,1343,604267,27,107929,5.597345214717107,0.15154395700060097
126,0.49076,1,32,1,1375,604235,28,107928,5.597048797658306,0.15154957502706543
127,0.49077,0,36,0,1411,604199,28,107928,5.596715328467154,0.15155723627948386
128,0.49078,1,33,1,1444,604166,29,107927,5.596409648375264,0.1515630683070891
129,0.49079,1,30,1,1474,604136,30,107926,5.596131757382637,0.15156826231423667
130,0.4908,1,42,1,1516,604094,31,107925,5.59574270999296,0.15157601131430481
131,0.49081,2,40,2,1556,604054,33,107923,5.595372188669458,0.15158214380520718
132,0.49082,1,38,1,1594,604016,34,107922,5.595020193412131,0.15158904286609226
133,0.49083,4,39,4,1633,603977,38,107918,5.594658935121716,0.15159258036648662
134,0.49084,0,37,0,1670,603940,38,107918,5.594316202897477,0.151600459642232
135,0.49085,2,50,2,1720,603890,40,107916,5.593853051243099,0.15160872484918644
136,0.49086,1,45,1,1765,603845,41,107915,5.593436214754159,0.15161711812970663
137,0.49087,2,48,2,1813,603797,43,107913,5.5929915891659565,0.15162495960433323
138,0.49088,4,49,4,1862,603748,47,107909,5.592537700544666,0.15163063104838426
139,0.49089,2,53,2,1915,603695,49,107907,5.592046759791026,0.15163954007998853
140,0.4909,0,67,0,1982,603628,49,107907,5.59142613657416,0.15165381885641604
141,0.49091,1,43,1,2025,603585,50,107906,5.591027826151395,0.15166179192709395
142,0.49092,1,55,1,2080,603530,51,107905,5.59051835933158,0.15167232424606605
143,0.49093,3,61,3,2141,603469,54,107902,5.589953314313239,0.15168175255949426
144,0.49094,3,55,3,2196,603414,57,107899,5.589443847493423,0.1516899030384655
145,0.49095,0,57,0,2253,603357,57,107899,5.588915854607433,0.15170205945538595
146,0.49096,3,59,3,2312,603298,60,107896,5.588369335655267,0.15171106617884852
147,0.49097,0,53,0,2365,603245,60,107896,5.587878394901627,0.15172237291901325
148,0.49098,3,50,3,2415,603195,63,107893,5.587415243247249,0.15172946245752986
149,0.49099,3,60,3,2475,603135,66,107890,5.586859461261995,0.15173868710664182
150,0.491,0,70,0,2545,603065,66,107890,5.5862110489458665,0.15175362716346322
151,0.49101,3,62,3,2607,603003,69,107887,5.585636740894438,0.15176328264569763
152,0.49102,1,65,1,2672,602938,70,107886,5.5850346437437475,0.1517759670466951
153,0.49103,1,69,1,2741,602869,71,107885,5.584395494460706,0.15178950804357064
154,0.49104,1,56,1,2797,602813,72,107884,5.583876764607803,0.1518002749413604
155,0.49105,3,68,3,2865,602745,75,107881,5.5832468783578495,0.15181121996662097
156,0.49106,2,59,2,2924,602686,77,107879,5.582700359405684,0.15182143786986413
157,0.49107,0,88,0,3012,602598,77,107879,5.581885212493979,0.15184024254127862
158,0.49108,2,74,2,3086,602524,79,107877,5.5811997480455,0.15185367137715178
159,0.49109,3,79,3,3165,602445,82,107874,5.580467968431583,0.15186697807604752
160,0.4911,2,83,2,3248,602362,84,107872,5.579699136685316,0.15188233737050041
161,0.49111,2,71,2,3319,602291,86,107870,5.5790414613361,0.1518951336387101
162,0.49112,3,80,3,3399,602211,89,107867,5.578300418689095,0.15190866355527138
163,0.49113,4,109,4,3508,602102,93,107863,5.577290748082552,0.1519272076792518
164,0.49114,1,86,1,3594,602016,94,107862,5.576494127237022,0.1519444186184105
165,0.49115,0,91,0,3685,601925,94,107862,5.575651191226055,0.1519638990288636
166,0.49116,2,93,2,3778,601832,96,107860,5.574789729148913,0.15198142292712896
167,0.49117,3,104,3,3882,601728,99,107857,5.573826373707807,0.1520001127419548
168,0.49118,1,85,1,3967,601643,100,107856,5.573039015895365,0.15201712757875627
169,0.49119,1,111,1,4078,601532,101,107855,5.572010819222646,0.15203971879947054
170,0.4912,2,100,2,4178,601432,103,107853,5.571084515913891,0.15205876340258148
171,0.49121,0,94,0,4272,601338,103,107853,5.570213790803661,0.15207891809117713
172,0.49122,5,98,5,4370,601240,108,107848,5.56930601356108,0.1520939573085428
173,0.49123,4,94,4,4464,601146,112,107844,5.568435288450851,0.15210933863665213
174,0.49124,3,99,3,4563,601047,115,107841,5.567518248175182,0.15212699326268747
175,0.49125,5,114,5,4677,600933,120,107836,5.566462262403201,0.15214548040334722
176,0.49126,2,127,2,4804,600806,122,107834,5.565285857201082,0.15217035448182434
177,0.49127,2,99,2,4903,600707,124,107832,5.564368816925414,0.15218922317614134
178,0.49128,5,148,5,5051,600559,129,107827,5.562997888028456,0.15221503530561023
179,0.49129,0,121,0,5172,600438,129,107827,5.561877061024862,0.15224103972383218
180,0.4913,5,113,5,5285,600325,134,107822,5.560830338285968,0.15225934728241453
181,0.49131,4,156,4,5441,600169,138,107818,5.55938530512431,0.15228810698501527
182,0.49132,7,122,7,5563,600047,145,107811,5.5582552150876285,0.15230597097157905
183,0.49133,5,147,5,5710,599900,150,107806,5.556893549223758,0.15233161793174002
184,0.49134,4,131,4,5841,599769,154,107802,5.555680091889288,0.15235502868263398
185,0.49135,4,163,4,6004,599606,158,107798,5.554170217496017,0.15238534133253417
186,0.49136,4,138,4,6142,599468,162,107794,5.552891918929935,0.15241028077289603
187,0.49137,5,151,5,6293,599317,167,107789,5.551493200933714,0.15243683408145314
188,0.49138,7,161,7,6454,599156,174,107782,5.550001852606617,0.15246315801385693
189,0.49139,0,180,0,6634,598976,174,107782,5.548334506650858,0.15250198795061393
190,0.4914,1,153,1,6787,598823,175,107781,5.546917262588462,0.15253380960198357
191,0.49141,5,152,5,6939,598671,180,107776,5.545509281559154,0.1525606308753523
192,0.49142,7,163,7,7102,598508,187,107769,5.543999407165883,0.15258744090491408
193,0.49143,4,166,4,7268,598342,191,107765,5.542461743673348,0.15261851249173283
194,0.49144,6,185,6,7453,598157,197,107759,5.540748082552151,0.15265130695436852
195,0.49145,3,160,3,7613,597997,200,107756,5.539265997258142,0.1526823123670746
196,0.49146,10,198,10,7811,597799,210,107746,5.537431916706806,0.15271315082666592
197,0.49147,7,179,7,7990,597620,217,107739,5.535773833784134,0.15274349657408498
198,0.49148,8,181,8,8171,597439,225,107731,5.534097224795287,0.1527730901768368
199,0.49149,8,171,8,8342,597268,233,107723,5.532513246137315,0.15280053220537568
200,0.4915,4,209,4,8551,597059,237,107719,5.530577272222017,0.1528410364682212
201,0.49151,3,192,3,8743,596867,240,107716,5.528798769869206,0.1528790788310249
202,0.49152,13,180,13,8923,596687,253,107703,5.527131423913446,0.15290251139283637
203,0.49153,3,191,3,9114,596496,256,107700,5.525362184593724,0.15294037455481144
204,0.49154,3,187,3,9301,596309,259,107697,5.523629997406351,0.15297738939724945
205,0.49155,11,202,11,9503,596107,270,107686,5.521758864722665,0.15300805776698545
206,0.49156,10,225,10,9728,595882,280,107676,5.519674682277965,0.15304495151785638
207,0.49157,5,200,5,9928,595682,285,107671,5.517822075660455,0.15308244935331192
208,0.49158,6,219,6,10147,595463,291,107665,5.51579347141428,0.1531229022311727
209,0.49159,5,245,5,10392,595218,296,107660,5.513524028307829,0.1531702514518878
210,0.4916,4,199,4,10591,595019,300,107656,5.511680684723406,0.15320880919343935
211,0.49161,8,249,8,10840,594770,308,107648,5.509374189484605,0.15325347585056193
212,0.49162,7,283,7,11123,594487,315,107641,5.506752751120827,0.15330680445730693
213,0.49163,6,218,6,11341,594269,321,107635,5.5047334099077405,0.1533471813809296
214,0.49164,6,263,6,11604,594006,327,107629,5.502297232205714,0.1533974217363729
215,0.49165,5,244,5,11848,593762,332,107624,5.50003705213235,0.15344475082194398
216,0.49166,6,258,6,12106,593504,338,107618,5.497647189595761,0.1534939710920496
217,0.49167,8,241,8,12347,593263,346,107610,5.495414798621661,0.15353708874503655
218,0.49168,7,274,7,12621,592989,353,107603,5.492876727555671,0.15358867928837325
219,0.49169,4,281,4,12902,592708,357,107599,5.490273815258068,0.15364547262843295
220,0.4917,8,289,8,13191,592419,365,107591,5.4875967986957646,0.1536992328681019
221,0.49171,5,283,5,13474,592136,370,107586,5.484975360331987,0.15375534855271095
222,0.49172,8,263,8,13737,591873,378,107578,5.48253918262996,0.15380348301739508
223,0.49173,2,304,2,14041,591569,380,107576,5.479723220571344,0.1538679386965508
224,0.49174,6,267,6,14308,591302,386,107570,5.477249990736967,0.15391945878501356
225,0.49175,8,293,8,14601,591009,394,107562,5.474535922042313,0.15397432759161203
226,0.49176,9,313,9,14914,590696,403,107553,5.471636592685909,0.15403244401352525
227,0.49177,5,295,5,15209,590401,408,107548,5.46890399792508,0.15409148806001585
228,0.49178,3,319,3,15528,590082,411,107545,5.465949090370151,0.15415831095986823
229,0.49179,12,285,12,15813,589797,423,107533,5.463309125940198,0.15420676007055484
230,0.4918,10,328,10,16141,589469,433,107523,5.46027085108748,0.1542671938845783
231,0.49181,8,286,8,16427,589183,441,107515,5.45762162362444,0.15432081045158735
232,0.49182,11,329,11,16756,588854,452,107504,5.454574085738634,0.15438036182538292
233,0.49183,13,375,13,17131,588479,465,107491,5.451100448330801,0.15444774918459128
234,0.49184,18,346,18,17477,588133,483,107473,5.447895438882508,0.1545026926162224
235,0.49185,12,327,12,17804,587806,495,107461,5.444866427062878,0.15456076586404935
236,0.49186,12,353,12,18157,587453,507,107449,5.441596576382971,0.15462468089025502
237,0.49187,17,357,17,18514,587096,524,107432,5.438289673570714,0.1546834684850719
238,0.49188,10,319,10,18833,586777,534,107422,5.435334766015784,0.15474237214401057
239,0.49189,12,356,12,19189,586421,546,107410,5.432037126236615,0.1548071504444166
240,0.4919,11,373,11,19562,586048,557,107399,5.428582014894957,0.15487701295124212
241,0.49191,9,398,9,19960,585650,566,107390,5.4248953277261105,0.15495498095348031
242,0.49192,17,361,17,20321,585289,583,107373,5.4215513727815035,0.1550150001010594
243,0.49193,15,389,15,20710,584900,598,107358,5.417948052910445,0.15508379823707347
244,0.49194,12,388,12,21098,584512,610,107346,5.414353996072474,0.15515611585036235
245,0.49195,17,416,17,21514,584096,627,107329,5.410500574308052,0.15522869436309072
246,0.49196,11,399,11,21913,583697,638,107318,5.406804624106117,0.15530487760757725
247,0.49197,28,394,28,22307,583303,666,107290,5.403154989069621,0.1553592347446325
248,0.49198,18,399,18,22706,582904,684,107272,5.399459038867687,0.1554270215133531
249,0.49199,14,389,14,23095,582515,698,107258,5.3958557189966285,0.15549753324644486
250,0.492,23,414,23,23509,582101,721,107235,5.392020823298381,0.15556274443812595
251,0.49201,19,424,19,23933,581677,740,107216,5.388093297269258,0.15563520024154695
252,0.49202,27,363,27,24296,581314,767,107189,5.384730816258475,0.15568414371469697
253,0.49203,16,446,16,24742,580868,783,107173,5.3805995035014265,0.15576542676962565
254,0.49204,21,360,21,25102,580508,804,107152,5.377264811589907,0.15582119070470873
255,0.49205,14,383,14,25485,580125,818,107138,5.373717069917373,0.15589083073001164
256,0.49206,16,421,16,25906,579704,834,107122,5.369817332987513,0.15596672228482905
257,0.49207,14,405,14,26311,579299,848,107108,5.366065804587054,0.15604153221048153
258,0.49208,16,443,16,26754,578856,864,107092,5.3619622809292675,0.15612262153982517
259,0.49209,15,505,15,27259,578351,879,107077,5.357284449220052,0.1562191798409169
260,0.4921,17,477,17,27736,577874,896,107060,5.352865982437289,0.156307031042407
261,0.49211,19,416,19,28152,577458,915,107041,5.3490125606728665,0.15637860683507207
262,0.49212,14,475,14,28627,576983,929,107027,5.344612619956279,0.15646993465007822
263,0.49213,19,494,19,29121,576489,948,107008,5.340036681611027,0.15655957524319786
264,0.49214,14,433,14,29554,576056,962,106994,5.336025788284116,0.15664153429470756
265,0.49215,11,407,11,29961,575649,973,106983,5.332255733817481,0.15672133741166544
266,0.49216,20,431,20,30392,575218,993,106963,5.328263366556746,0.15679563048516448
267,0.49217,17,422,17,30814,574796,1010,106946,5.324354366593798,0.1568716611269366
268,0.49218,20,465,20,31279,574331,1030,106926,5.320047056208085,0.1569539835920952
269,0.49219,17,498,17,31777,573833,1047,106909,5.315434065730483,0.15704775083658715
270,0.4922,22,495,22,32272,573338,1069,106887,5.310848864352144,0.15713477158293213
271,0.49221,7,449,7,32721,572889,1076,106880,5.306689762495831,0.15722988250420364
272,0.49222,29,487,29,33208,572402,1105,106851,5.3021786653821925,0.15730662948857052
273,0.49223,27,475,27,33683,571927,1132,106824,5.297778724665604,0.1573831935422563
274,0.49224,24,506,24,34189,571421,1156,106800,5.293091629923302,0.15747079491788074
275,0.49225,21,468,21,34657,570953,1177,106779,5.288756530438326,0.15755342819875703
276,0.49226,16,502,16,35159,570451,1193,106763,5.2841064878283746,0.1576503143762533
277,0.49227,18,505,18,35664,569946,1211,106745,5.279428656119159,0.15774555890354683
278,0.49228,17,529,17,36193,569417,1228,106728,5.274528511615843,0.15784779891887096
279,0.49229,18,481,18,36674,568936,1246,106710,5.2700729927007295,0.1579377366253926
280,0.4923,16,524,16,37198,568412,1262,106694,5.265219163362851,0.15804036699422017
281,0.49231,28,520,28,37718,567892,1290,106666,5.260402386157323,0.1581272477681682
282,0.49232,20,484,20,38202,567408,1310,106646,5.255919078142947,0.15821581060271137
283,0.49233,24,526,24,38728,566882,1334,106622,5.251046722738893,0.15830937900888487
284,0.49234,16,468,16,39196,566414,1350,106606,5.246711623253918,0.15839945321090013
285,0.49235,19,545,19,39741,565869,1369,106587,5.241663270221201,0.15850405082265606
286,0.49236,27,561,27,40302,565308,1396,106560,5.2364667086590835,0.15860258265016342
287,0.49237,27,516,27,40818,564792,1423,106533,5.231686983585905,0.1586906490894872
288,0.49238,21,502,21,41320,564290,1444,106512,5.227036940975953,0.15878306862531716
289,0.49239,25,475,25,41795,563815,1469,106487,5.222637000259365,0.15886421344408938
290,0.4924,26,543,26,42338,563272,1495,106461,5.217607173292823,0.1589603618158281
291,0.49241,27,547,27,42885,562725,1522,106434,5.212540294193931,0.15905636776909524
292,0.49242,28,572,28,43457,562153,1550,106406,5.20724183926785,0.15915723219641048
293,0.49243,34,570,34,44027,561583,1584,106372,5.2019619104079435,0.15925024889401232
294,0.49244,25,538,25,44565,561045,1609,106347,5.19697839860684,0.15934713032220943
295,0.49245,26,608,26,45173,560437,1635,106321,5.191346474489607,0.15945965402739826
296,0.49246,26,548,26,45721,559889,1661,106295,5.186270332357627,0.1595580200064847
297,0.49247,31,534,31,46255,559355,1692,106264,5.181323872688873,0.15964688507990307
298,0.49248,25,558,25,46813,558797,1717,106239,5.176155100226018,0.15974924665732382
299,0.49249,22,576,22,47389,558221,1739,106217,5.170819593167587,0.15985991168476216
300,0.4925,24,578,24,47967,557643,1763,106193,5.16546556004298,0.1599687272157581
301,0.49251,35,546,35,48513,557097,1798,106158,5.160407943977176,0.16005608702535223
302,0.49252,30,537,30,49050,556560,1828,106128,5.155433695209159,0.1601477618426771
303,0.49253,35,546,35,49596,556014,1863,106093,5.150376079143355,0.16023543022502404
304,0.49254,38,584,38,50180,555430,1901,106055,5.144966467820223,0.16032865446684355
305,0.49255,28,566,28,50746,554864,1929,106027,5.139723591092667,0.16043038867226214
306,0.49256,28,615,28,51361,554249,1957,105999,5.134026825743821,0.16054421974773114
307,0.49257,30,575,30,51936,553674,1987,105969,5.128700581718478,0.1606459857832191
308,0.49258,32,584,32,52520,553090,2019,105937,5.123290970395346,0.16074758697291613
309,0.49259,38,606,38,53126,552484,2057,105899,5.117677572344288,0.16084710571202476
310,0.4926,24,606,24,53732,551878,2081,105875,5.112064174293231,0.16096467823027794
311,0.49261,30,674,30,54406,551204,2111,105845,5.105820889992219,0.16109148632750372
312,0.49262,26,607,26,55013,550597,2137,105819,5.100198228908074,0.1612072222493053
313,0.49263,21,629,21,55642,549968,2158,105798,5.094371781096002,0.16133498839525073
314,0.49264,37,579,37,56221,549389,2195,105761,5.089008484938308,0.161430206822865
315,0.49265,35,638,35,56859,548751,2230,105726,5.083098669828448,0.16154272801030442
316,0.49266,38,638,38,57497,548113,2268,105688,5.077188854718589,0.16165163405990507
317,0.49267,39,605,39,58102,547508,2307,105649,5.071584719700619,0.16175130940952942
318,0.49268,29,598,29,58700,546910,2336,105620,5.066045425914261,0.16186228985640508
319,0.49269,40,640,40,59340,546270,2376,105580,5.060117084738227,0.16196977832323387
320,0.4927,36,623,36,59963,545647,2412,105544,5.0543462151246805,0.16207840710329227
321,0.49271,37,633,37,60596,545014,2449,105507,5.048482715180259,0.1621884612487529
322,0.49272,38,719,38,61315,544295,2487,105469,5.041822594390307,0.16231893425920796
323,0.49273,43,692,43,62007,543603,2530,105426,5.035412575493719,0.16243650129655224
324,0.49274,31,673,31,62680,542930,2561,105395,5.029178554225796,0.16256507153048239
325,0.49275,37,646,37,63326,542284,2598,105358,5.023194634851236,0.1626793815101553
326,0.49276,35,679,35,64005,541605,2633,105323,5.016905035384786,0.16280482526649023
327,0.49277,31,664,31,64669,540941,2664,105292,5.0107543814146505,0.16293194559856894
328,0.49278,32,631,32,65300,540310,2696,105260,5.004909407536403,0.16304970800997567
329,0.49279,27,606,27,65906,539704,2723,105233,4.999296009485346,0.16316787531185217
330,0.4928,36,660,36,66566,539044,2759,105197,4.99318240764756,0.16328827255638806
331,0.49281,38,676,38,67242,538368,2797,105159,4.986920597280373,0.163410393037122
332,0.49282,30,678,30,67920,537690,2827,105129,4.980640260847012,0.16354370359307985
333,0.49283,42,691,42,68611,536999,2869,105087,4.974239504983512,0.16366499191697062
334,0.49284,42,676,42,69287,536323,2911,105045,4.967977694616325,0.16378272692120593
335,0.49285,41,664,41,69951,535659,2952,105004,4.961827040646189,0.16389896092017175
336,0.49286,37,696,37,70647,534963,2989,104967,4.955379969617251,0.16402887815854858
337,0.49287,51,729,51,71376,534234,3040,104916,4.948627218496425,0.1641492607369162
338,0.49288,49,700,49,72076,533534,3089,104867,4.942143095335137,0.16426509356971558
339,0.49289,45,636,45,72712,532898,3134,104822,4.936251806291452,0.1643699429216584
340,0.4929,42,727,42,73439,532171,3176,104780,4.929517581236801,0.1645024499529791
341,0.49291,31,686,31,74125,531485,3207,104749,4.923163140538738,0.16463911076742205
342,0.49292,44,729,44,74854,530756,3251,104705,4.916410389417911,0.16477014325033323
343,0.49293,33,704,33,75558,530052,3284,104672,4.909889214124273,0.16490947246362198
344,0.49294,38,754,38,76312,529298,3322,104634,4.902904887176257,0.1650555580093764
345,0.49295,42,719,42,77031,528579,3364,104592,4.896244766386306,0.16518760334885838
346,0.49296,42,687,42,77718,527892,3406,104550,4.889881062655156,0.16531160169628203
347,0.49297,53,808,53,78526,527084,3459,104497,4.882396531920412,0.1654530456109351
348,0.49298,40,672,40,79198,526412,3499,104457,4.876171773685575,0.16557637163975406
349,0.49299,43,775,43,79973,525637,3542,104414,4.868992923042721,0.1657230922576109
350,0.493,33,679,33,80652,524958,3575,104381,4.862703323576272,0.16585814640440208
351,0.49301,42,749,42,81401,524209,3617,104339,4.855765311793694,0.1660000509109885
352,0.49302,46,779,46,82180,523430,3663,104293,4.848549409018489,0.16614493972659916
353,0.49303,45,759,45,82939,522671,3708,104248,4.841518766905035,0.16628623474483945
354,0.49304,50,763,50,83702,521908,3758,104198,4.834451072659231,0.1664222990995135
355,0.49305,43,782,43,84484,521126,3801,104155,4.827207380784764,0.16657310873031486
356,0.49306,29,758,29,85242,520368,3830,104126,4.820186001704398,0.16673658994321802
357,0.49307,36,762,36,86004,519606,3866,104090,4.813127570491682,0.16689220389420487
358,0.49308,42,793,42,86797,518813,3908,104048,4.805781985253251,0.16704850680970554
359,0.49309,47,771,47,87568,518042,3955,104001,4.798640186742747,0.16719262173193813
360,0.4931,51,734,51,88302,517308,4006,103950,4.791841120456482,0.16732178901519176
361,0.49311,52,763,52,89065,516545,4058,103898,4.784773426210679,0.1674577680786148
362,0.49312,49,864,49,89929,515681,4107,103849,4.776770165623032,0.1676254580084903
363,0.49313,37,772,37,90701,514909,4144,103812,4.76961910407944,0.16778483355179474
364,0.49314,50,807,50,91508,514102,4194,103762,4.762143836377784,0.1679366333044165
365,0.49315,54,825,54,92333,513277,4248,103708,4.754501834080552,0.16808836519526407
366,0.49316,34,770,34,93103,512507,4282,103674,4.747369298603134,0.16825251022021126
367,0.49317,60,739,60,93842,511768,4342,103614,4.740523917151432,0.16837346558722874
368,0.49318,41,857,41,94699,510911,4383,103573,4.732585497795398,0.1685528020257647
369,0.49319,54,845,54,95544,510066,4437,103519,4.724758234836415,0.1687117514280825
370,0.4932,74,860,74,96404,509206,4511,103445,4.7167920263811185,0.16884816967572075
371,0.49321,45,863,45,97267,508343,4556,103400,4.708798028826559,0.16902522791433658
372,0.49322,66,846,66,98113,507497,4622,103334,4.700961502834488,0.16916954116605085
373,0.49323,59,799,59,98912,506698,4681,103275,4.693560339397532,0.1693107727719096
374,0.49324,63,843,63,99755,505855,4744,103212,4.685751602504724,0.1694591892189201
375,0.49325,62,831,62,100586,505024,4806,103150,4.678054022008967,0.16960606668486322
376,0.49326,40,843,40,101429,504181,4846,103110,4.670245285116159,0.16978680731313325
377,0.49327,54,839,54,102268,503342,4900,103056,4.662473600355701,0.16994779006527067
378,0.49328,63,922,63,103190,502420,4963,102993,4.653933083848975,0.17012023197387569
379,0.49329,56,827,56,104017,501593,5019,102937,4.646272555485568,0.17027608224571156
380,0.4933,48,794,48,104811,500799,5067,102889,4.63891770721405,0.17043406527875327
381,0.49331,70,822,70,105633,499977,5137,102819,4.63130349401608,0.17057014313300023
382,0.49332,47,859,47,106492,499118,5184,102772,4.623346548593871,0.17074880792171326
383,0.49333,73,845,73,107337,498273,5257,102699,4.615519285634888,0.1708881611788902
384,0.49334,59,836,59,108173,497437,5316,102640,4.607775389973693,0.17104471592812256
385,0.49335,80,940,80,109113,496497,5396,102560,4.599068138871392,0.17120240644880202
386,0.49336,48,862,48,109975,495635,5444,102512,4.59108340434992,0.1713826199914068
387,0.49337,64,909,64,110884,494726,5508,102448,4.582663307273333,0.17155468925304854
388,0.49338,60,920,60,111804,493806,5568,102388,4.574141316832784,0.17173604564957043
389,0.49339,57,950,57,112754,492856,5625,102331,4.565341435399607,0.17193083854318056
390,0.4934,65,973,65,113727,491883,5690,102266,4.556328504205417,0.17212180782934922
391,0.49341,62,897,62,114624,490986,5752,102204,4.548019563525881,0.17229555454407525
392,0.49342,57,924,57,115548,490062,5809,102147,4.539460520952981,0.17248471401143853
393,0.49343,66,907,66,116455,489155,5875,102081,4.531058949942569,0.17265694240540155
394,0.49344,76,944,76,117399,488211,5951,102005,4.522314646707918,0.17282655841251338
395,0.49345,78,965,78,118364,487246,6029,101927,4.513375819778428,0.17300012050789837
396,0.49346,78,952,78,119316,486294,6107,101849,4.504557412279077,0.1731704704468131
397,0.49347,64,904,64,120220,485390,6171,101785,4.496183630367928,0.1733469578915996
398,0.49348,65,851,65,121071,484539,6236,101720,4.488300789210419,0.17350693123687652
399,0.49349,72,903,72,121974,483636,6308,101648,4.479936270332358,0.1736729519344455
400,0.4935,72,909,72,122883,482727,6380,101576,4.471516173255771,0.17384131178515258
401,0.49351,76,871,76,123754,481856,6456,101500,4.4634480714365115,0.17399323911985135
402,0.49352,58,996,58,124750,480860,6514,101442,4.4542220904813075,0.17420857218419308
403,0.49353,58,922,58,125672,479938,6572,101384,4.445681573974582,0.17440248261720698
404,0.49354,73,926,73,126598,479012,6645,101311,4.437104005335507,0.1745769166481425
405,0.49355,76,967,76,127565,478045,6721,101235,4.4281466523398425,0.1747600469548405
406,0.49356,68,946,68,128511,477099,6789,101167,4.419383823039016,0.17494889894961835
407,0.49357,77,1021,77,129532,476078,6866,101090,4.409926266256623,0.17514831037063733
408,0.49358,72,1008,72,130540,475070,6938,101018,4.400589128904368,0.17535168238185833
409,0.49359,78,986,78,131526,474084,7016,100940,4.39145577828004,0.1755404991791647
410,0.4936,68,990,68,132516,473094,7084,100872,4.382285375523361,0.1757456016558472
411,0.49361,67,935,67,133451,472159,7151,100805,4.373624439586498,0.17593600994128775
412,0.49362,81,960,81,134411,471199,7232,100724,4.364731927822446,0.17611461682778976
413,0.49363,74,1013,74,135424,470186,7306,100650,4.355348475304754,0.1763203441969322
414,0.49364,82,966,82,136390,469220,7388,100568,4.346400385342177,0.17650073360618335
415,0.49365,69,991,69,137381,468229,7457,100499,4.33722071955241,0.17670837377445808
416,0.49366,90,980,90,138361,467249,7547,100409,4.328142947126607,0.17688291189413344
417,0.49367,71,980,71,139341,466269,7618,100338,4.319065174700804,0.17708570490657546
418,0.49368,87,936,87,140277,465333,7705,100251,4.310394975730853,0.17725218535177797
419,0.49369,80,1002,80,141279,464331,7785,100171,4.301113416577124,0.17745021275389636
420,0.4937,74,965,74,142244,463366,7859,100097,4.292174589647634,0.17764609211252558
421,0.49371,79,977,79,143221,462389,7938,100018,4.283124606321094,0.1778391805222908
422,0.49372,88,1032,88,144253,461357,8026,99930,4.273565156174738,0.17803726079527943
423,0.49373,76,969,76,145222,460388,8102,99854,4.264589277112898,0.17823369186887095
424,0.49374,71,1115,71,146337,459273,8173,99783,4.254260995220275,0.17848480295355026
425,0.49375,87,1060,87,147397,458213,8260,99696,4.244442180147468,0.17869580881469918
426,0.49376,72,1032,72,148429,457181,8332,99624,4.234882730001112,0.17892080710482125
427,0.49377,76,1093,76,149522,456088,8408,99548,4.224758234836415,0.17916045756574447
428,0.49378,82,1098,82,150620,454990,8490,99466,4.214587424506281,0.1793938563204294
429,0.49379,88,1125,88,151745,453865,8578,99378,4.204166512282782,0.17962812001236347
430,0.4938,77,1049,77,152794,452816,8655,99301,4.194449590573938,0.17985499450297673
431,0.49381,78,1020,78,153814,451796,8733,99223,4.185001296824632,0.18007183055393733
432,0.49382,91,1080,91,154894,450716,8824,99132,4.174997221090074,0.18028982555178885
433,0.49383,98,1100,98,155994,449616,8922,99034,4.164807884693764,0.18050487560375467
434,0.49384,110,1050,110,157044,448566,9032,98924,4.1550816999518325,0.18068640523114576
435,0.49385,75,1097,75,158141,447469,9107,98849,4.144920152654786,0.18093674380122932
436,0.49386,96,1073,96,159214,446396,9203,98753,4.1349809181518395,0.18114864009656076
437,0.49387,88,1118,88,160332,445278,9291,98665,4.1246248471599545,0.1813884910735132
438,0.49388,91,1070,91,161402,444208,9382,98574,4.114713401756271,0.18160882269493092
439,0.49389,102,1110,102,162512,443098,9484,98472,4.104431435029086,0.1818269106486696
440,0.4939,89,1080,89,163592,442018,9573,98383,4.094427359294527,0.18205554763962317
441,0.49391,96,1132,96,164724,440886,9669,98287,4.083941605839416,0.18229213999959196
442,0.49392,110,1127,110,165851,439759,9779,98177,4.0735021675497425,0.18250684096249367
443,0.49393,105,1080,105,166931,438679,9884,98072,4.063498091815184,0.18271414492008398
444,0.49394,73,1107,73,168038,437572,9957,97999,4.053243914187261,0.1829804078264133
445,0.49395,113,1111,113,169149,436461,10070,97886,4.0429526844269885,0.18318807815894914
446,0.49396,110,1089,110,170238,435372,10180,97776,4.032865241394642,0.18339372932093903
447,0.49397,87,1043,87,171281,434329,10267,97689,4.023203897884323,0.18361972715208885
448,0.49398,123,1108,123,172389,433221,10390,97566,4.012940457223313,0.1838138462321044
449,0.49399,89,1172,89,173561,432049,10479,97477,4.002084182444699,0.18408350109343072
450,0.494,97,1154,97,174715,430895,10576,97380,3.991394642261662,0.18433580994747054
451,0.49401,98,1146,98,175861,429749,10674,97282,3.980779206343325,0.184584967487681
452,0.49402,110,1193,110,177054,428556,10784,97172,3.969728407869873,0.1848332217420415
453,0.49403,102,1156,102,178210,427400,10886,97070,3.9590203416206604,0.18508208286460617
454,0.49404,92,1121,92,179331,426279,10978,96978,3.948636481529512,0.18533531323995667
455,0.49405,119,1182,119,180513,425097,11097,96859,3.9376875764200228,0.1855692817019059
456,0.49406,106,1153,106,181666,423944,11203,96753,3.927007299270073,0.18581439877702388
457,0.49407,92,1123,92,182789,422821,11295,96661,3.91660491311275,0.18607189469510013
458,0.49408,117,1139,117,183928,421682,11412,96544,3.9060543184260252,0.18629709817724313
459,0.49409,112,1123,112,185051,420559,11524,96432,3.895651932268702,0.18652549077256664
460,0.4941,103,1188,103,186239,419371,11627,96329,3.8846474489606875,0.1867927089393058
461,0.49411,93,1219,93,187458,418152,11720,96236,3.873355811626959,0.18708834576234282
462,0.49412,107,1178,107,188636,416974,11827,96129,3.8624439586498203,0.18734834916186419
463,0.49413,126,1186,126,189822,415788,11953,96003,3.851458001407981,0.18758243110957404
464,0.49414,114,1175,114,190997,414613,12067,95889,3.8405739375301047,0.18783276069437535
465,0.49415,119,1212,119,192209,413401,12186,95770,3.829347141427989,0.188090052261421
466,0.49416,119,1204,119,193413,412197,12305,95651,3.8181944495905737,0.1883457254926671
467,0.49417,107,1235,107,194648,410962,12412,95544,3.8067546037274447,0.1886335008864653
468,0.49418,107,1188,107,195836,409774,12519,95437,3.79575012041943,0.18890522969610718
469,0.49419,109,1219,109,197055,408555,12628,95328,3.7844584830857015,0.18918677550145568
470,0.4942,111,1191,111,198246,407364,12739,95217,3.7734262106784247,0.1894560279835489
471,0.49421,116,1220,116,199466,406144,12855,95101,3.7621253103116086,0.1897295733623278
472,0.49422,93,1220,93,200686,404924,12948,95008,3.7508244099447925,0.19004184569101398
473,0.49423,134,1250,134,201936,403674,13082,94874,3.7392456185853495,0.19030063303834335
474,0.49424,119,1258,119,203194,402416,13201,94755,3.7275927229612065,0.19058834887795145
475,0.49425,126,1280,126,204474,401136,13327,94629,3.715736040609137,0.19087470878339535
476,0.49426,120,1187,120,205661,399949,13447,94509,3.70474082033421,0.19113655760448814
477,0.49427,130,1210,130,206871,398739,13577,94379,3.69353255029827,0.1913923239468038
478,0.49428,101,1186,101,208057,397553,13678,94278,3.6825465930564305,0.19168779519794402
479,0.49429,118,1239,118,209296,396314,13796,94160,3.6710696950609507,0.19197755640462083
480,0.4943,146,1219,146,210515,395095,13942,94014,3.6597780577272223,0.19221482328070022
481,0.49431,140,1282,140,211797,393813,14082,93874,3.6479028493089776,0.19248821477710087
482,0.49432,126,1229,126,213026,392584,14208,93748,3.6365185816443737,0.19276543595732956
483,0.49433,129,1289,129,214315,391295,14337,93619,3.624578531994516,0.19306309984863296
484,0.49434,146,1356,146,215671,389939,14483,93473,3.6120178591277927,0.19336094263278528
485,0.49435,112,1279,112,216950,388660,14595,93361,3.600170439808811,0.19368658211986614
486,0.49436,149,1278,149,218228,387382,14744,93212,3.5883322835229166,0.19395165149793797
487,0.49437,141,1281,141,219509,386101,14885,93071,3.57646633813776,0.19423296853739366
488,0.49438,139,1364,139,220873,384737,15024,92932,3.563831561006336,0.19455313198051372
489,0.49439,116,1232,116,222105,383505,15140,92816,3.552419504242469,0.19486018882224382
490,0.4944,129,1288,129,223393,382217,15269,92687,3.540488717625699,0.1951699711941782
491,0.49441,151,1341,151,224734,380876,15420,92536,3.5280669902552892,0.19546610563314828
492,0.49442,139,1289,139,226023,379587,15559,92397,3.5161269406054316,0.19576299196582936
493,0.49443,145,1353,145,227376,378234,15704,92252,3.503594056837971,0.19607809796678327
494,0.49444,164,1226,164,228602,377008,15868,92088,3.4922375782726296,0.1963094974163071
495,0.49445,147,1324,147,229926,375684,16015,91941,3.479973322464708,0.19661267040898156
496,0.49446,144,1252,144,231178,374432,16159,91797,3.46837600503909,0.19689251419366877
497,0.49447,136,1286,136,232464,373146,16295,91661,3.456463744488495,0.19720227965585715
498,0.49448,124,1293,124,233757,371853,16419,91537,3.4444866427062877,0.19753771121517513
499,0.49449,143,1318,143,235075,370535,16562,91394,3.4322779650968913,0.19785291679024267
500,0.4945,126,1348,126,236423,369187,16688,91268,3.419791396494868,0.19821263749986426
501,0.49451,156,1291,156,237714,367896,16844,91112,3.407832820778836,0.19849762967094256
502,0.49452,154,1358,154,239072,366538,16998,90958,3.3952536218459373,0.19881703883749804
503,0.49453,164,1338,164,240410,365200,17162,90794,3.38285968357479,0.19911226902108362
504,0.49454,131,1413,131,241823,363787,17293,90663,3.3697710178220754,0.19950049510397183
505,0.49455,161,1295,161,243118,362492,17454,90502,3.357775389973693,0.19978631063546096
506,0.49456,135,1367,135,244485,361125,17589,90367,3.3451128237430066,0.20015194067668973
507,0.49457,142,1338,142,245823,359787,17731,90225,3.332718885471859,0.2004946534759073
508,0.49458,166,1337,166,247160,358450,17897,90059,3.320334210233799,0.20079641657135086
509,0.49459,159,1419,159,248579,357031,18056,89900,3.3071899662825595,0.20114961817372257
510,0.4946,152,1368,152,249947,355663,18208,89748,3.2945181370187853,0.2014947991854714
511,0.49461,151,1369,151,251316,354294,18359,89597,3.281837044721924,0.20184459698439483
512,0.49462,163,1332,163,252648,352962,18522,89434,3.2694986846493017,0.20215824736209187
513,0.49463,162,1358,162,254006,351604,18684,89272,3.256919485716403,0.20248777434017728
514,0.49464,139,1428,139,255434,350176,18823,89133,3.2436918744673755,0.2028936352316934
515,0.49465,165,1392,165,256826,348784,18988,88968,3.2307977324095,0.20323836327418265
516,0.49466,168,1344,168,258170,347440,19156,88800,3.218348215939827,0.2035576746744911
517,0.49467,177,1445,177,259615,345995,19333,88623,3.2049631331283117,0.20391010036399781
518,0.49468,184,1401,184,261016,344594,19517,88439,3.191985623772648,0.20423154817300299
519,0.49469,150,1407,150,262423,343187,19667,88289,3.178952536218459,0.20462088273739443
520,0.4947,153,1380,153,263803,341807,19820,88136,3.1661695505576346,0.20499461556531912
521,0.49471,165,1437,165,265240,340370,19985,87971,3.1528585720108193,0.20537609054468287
522,0.49472,165,1451,165,266691,338919,20150,87806,3.1394179110007783,0.2057671802683227
523,0.49473,171,1426,171,268117,337493,20321,87635,3.1262088258179257,0.2061379161099716
524,0.49474,165,1366,165,269483,336127,20486,87470,3.113555522620327,0.20649343597806405
525,0.49475,175,1368,175,270851,334759,20661,87295,3.1008836933565527,0.2068337226989911
526,0.49476,180,1457,180,272308,333302,20841,87115,3.0873874541479864,0.20721093580897063
527,0.49477,177,1474,177,273782,331828,21018,86938,3.0737337433769314,0.20760520195049265
528,0.49478,155,1374,155,275156,330454,21173,86783,3.061006335914632,0.20799449713232526
529,0.49479,187,1373,187,276529,329081,21360,86596,3.04828819148542,0.2083252140484078
530,0.4948,179,1422,179,277951,327659,21539,86417,3.035116158434918,0.20869840319168462
531,0.49481,195,1345,195,279296,326314,21734,86222,3.0226573789321574,0.20900478988500398
532,0.49482,198,1373,198,280669,324941,21932,86024,3.0099392345029456,0.20932196172423442
533,0.49483,176,1460,176,282129,323481,22108,85848,2.9964152061951164,0.20972860461877854
534,0.49484,189,1405,189,283534,322076,22297,85659,2.983400644707103,0.21008498166701411
535,0.49485,183,1369,183,284903,320707,22480,85476,2.970719552410241,0.2104371674836219
536,0.49486,205,1393,205,286296,319314,22685,85271,2.9578161473192783,0.21076164464821978
537,0.49487,178,1402,178,287698,317912,22863,85093,2.9448293749305274,0.21114626369399883
538,0.49488,169,1381,169,289079,316531,23032,84924,2.9320371262366147,0.21154052135357637
539,0.49489,186,1482,186,290561,315049,23218,84738,2.9183093112008596,0.2119578675644781
540,0.4949,186,1360,186,291921,313689,23404,84552,2.905711586201786,0.2123136492726766
541,0.49491,194,1398,194,293319,312291,23598,84358,2.8927618659453853,0.21267669904626005
542,0.49492,177,1383,177,294702,310908,23775,84181,2.8799510911852977,0.21306844786870807
543,0.49493,187,1467,187,296169,309441,23962,83994,2.8663622216458555,0.21348888634717297
544,0.49494,200,1457,200,297626,307984,24162,83794,2.8528659824372893,0.2138813307536411
545,0.49495,183,1454,183,299080,306530,24345,83611,2.8393975323279856,0.21430969828856747
546,0.49496,178,1430,178,300510,305100,24523,83433,2.826151395012783,0.2147385164194547
547,0.49497,210,1477,210,301987,303623,24733,83223,2.8124698951424656,0.21513211975825006
548,0.49498,185,1462,185,303449,302161,24918,83038,2.7989273407684614,0.2155716915152947
549,0.49499,191,1394,191,304843,300767,25109,82847,2.7860146726444106,0.21596448513349356
550,0.495,181,1444,181,306287,299323,25290,82666,2.7726388528659824,0.21640937304477353
551,0.49501,182,1514,182,307801,297809,25472,82484,2.7586146207714255,0.2168959197250541
552,0.49502,200,1415,200,309216,296394,25672,82284,2.745507428952536,0.2172927922931884
553,0.49503,162,1365,162,310581,295029,25834,82122,2.732863388788025,0.21774302600284767
554,0.49504,187,1418,187,311999,293611,26021,81935,2.719728407869873,0.21817566955845621
555,0.49505,219,1354,219,313353,292257,26240,81716,2.7071862610693245,0.2185077532335222
556,0.49506,200,1375,200,314728,290882,26440,81516,2.6944495905739374,0.2188948383181435
557,0.49507,203,1434,203,316162,289448,26643,81313,2.6811664011263847,0.21931378974595495
558,0.49508,188,1418,188,317580,288030,26831,81125,2.668031420208233,0.2197586379705002
559,0.49509,209,1464,209,319044,286566,27040,80916,2.6544703397680536,0.22019037667151045
560,0.4951,187,1475,187,320519,285091,27227,80729,2.6408073659639113,0.22067956918703188
561,0.49511,220,1444,220,321963,283647,27447,80509,2.627431546185483,0.22108382121947737
562,0.49512,207,1467,207,323430,282180,27654,80302,2.613842676646041,0.22153375891768418
563,0.49513,220,1384,220,324814,280796,27874,80082,2.601022638852866,0.22190878911986878
564,0.49514,186,1309,186,326123,279487,28060,79896,2.5888973285412575,0.22231435543695724
565,0.49515,218,1389,218,327512,278098,28278,79678,2.5760309755826447,0.22270359107374446
566,0.49516,225,1413,225,328925,276685,28503,79453,2.5629423098299307,0.22309610319595213
567,0.49517,222,1469,222,330394,275216,28725,79231,2.5493349142243136,0.22353412498906747
568,0.49518,215,1451,215,331845,273765,28940,79016,2.5358942532142725,0.22398031640025964
569,0.49519,202,1428,202,333273,272337,29142,78814,2.522666641965245,0.22444475453579799
570,0.4952,212,1414,212,334687,270923,29354,78602,2.5095687131794433,0.22488234031900436
571,0.49521,205,1401,205,336088,269522,29559,78397,2.49659120382378,0.22533118340763222
572,0.49522,214,1399,214,337487,268123,29773,78183,2.483632220534292,0.22576276472252862
573,0.49523,210,1398,210,338885,266725,29983,77973,2.470682500277891,0.22620670848104718
574,0.49524,193,1380,193,340265,265345,30176,77780,2.457899514617066,0.22668123861566483
575,0.49525,193,1388,193,341653,263957,30369,77587,2.445042424691541,0.22716546037992177
576,0.49526,217,1398,217,343051,262559,30586,77370,2.4320927044351404,0.22760635309138086
577,0.49527,227,1401,227,344452,261158,30813,77143,2.4191151950794767,0.22803065908761724
578,0.49528,206,1395,206,345847,259763,31019,76937,2.4061932639223387,0.2285031185031185
579,0.49529,207,1403,207,347250,258360,31226,76730,2.3931972285005,0.22898325822913246
580,0.4953,219,1448,219,348698,256912,31445,76511,2.3797843565897217,0.22947127222777072
581,0.49531,221,1431,221,350129,255481,31666,76290,2.3665289562414316,0.229947765175377
582,0.49532,222,1396,222,351525,254085,31888,76068,2.353597762051206,0.23040226803936356
583,0.49533,243,1360,243,352885,252725,32131,75825,2.341000037052132,0.23078679044285497
584,0.49534,217,1454,217,354339,251271,32348,75608,2.3275315869428286,0.23130271446009074
585,0.49535,222,1321,222,355660,249950,32570,75386,2.3152951202341696,0.23171736297243464
586,0.49536,219,1416,219,357076,248534,32789,75167,2.302178665382193,0.2322112072560789
587,0.49537,250,1333,250,358409,247201,33039,74917,2.289831042276483,0.23257626087334454
588,0.49538,201,1429,201,359838,245772,33240,74716,2.276594167994368,0.23313197374004643
589,0.49539,213,1394,213,361232,244378,33453,74503,2.2636814998703176,0.23363888096186353
590,0.4954,219,1380,219,362612,242998,33672,74284,2.2508985142094926,0.2341261086352204
591,0.49541,243,1449,243,364061,241549,33915,74041,2.237476379265627,0.2346113628441966
592,0.49542,194,1412,194,365473,240137,34109,73847,2.224396976546,0.2351935130452507
593,0.49543,234,1413,234,366886,238724,34343,73613,2.211308310793286,0.23568453305244016
594,0.49544,219,1384,219,368270,237340,34562,73394,2.198488273000111,0.2361955885097865
595,0.49545,218,1323,218,369593,236017,34780,73176,2.186233280225277,0.23666771239969858
596,0.49546,242,1335,242,370928,234682,35022,72934,2.173867131053392,0.2370942993862478
597,0.49547,209,1382,209,372310,233300,35231,72725,2.161065619326392,0.23764398333469489
598,0.49548,254,1340,254,373650,231960,35485,72471,2.1486531549890695,0.2380539432580782
599,0.49549,228,1416,228,375066,230544,35713,72243,2.135536700137093,0.23859346669440895
600,0.4955,213,1320,213,376386,229224,35926,72030,2.1233094964615216,0.2391005596606186
601,0.49551,231,1343,231,377729,227881,36157,71799,2.1108692430249363,0.239585557928457
602,0.49552,243,1378,243,379107,226503,36400,71556,2.0981047834302866,0.24007327408331908
603,0.49553,234,1422,234,380529,225081,36634,71322,2.0849327503797843,0.24062509488770356
604,0.49554,242,1367,242,381896,223714,36876,71080,2.072270184149098,0.2411175261368956
605,0.49555,225,1357,225,383253,222357,37101,70855,2.0597002482492868,0.24165109204261762
606,0.49556,231,1379,231,384632,220978,37332,70624,2.0469265256215494,0.24219312624741943
607,0.49557,261,1381,261,386013,219597,37593,70363,2.034134276927637,0.24266450544902746
608,0.49558,266,1332,266,387345,218265,37859,70097,2.021795916855015,0.24308681449012007
609,0.49559,236,1351,236,388696,216914,38095,69861,2.009281559153729,0.24360910121175136
610,0.4956,245,1410,245,390106,215504,38340,69616,1.996220682500278,0.2441638608305275
611,0.49561,243,1405,243,391511,214099,38583,69373,1.9832061210122642,0.24472611051532425
612,0.49562,242,1328,242,392839,212771,38825,69131,1.9709048130719924,0.24523061205667218
613,0.49563,224,1314,224,394153,211457,39049,68907,1.958733187594946,0.2457769185772781
614,0.49564,232,1280,232,395433,210177,39281,68675,1.9468765052428767,0.24627759528351958
615,0.49565,243,1370,243,396803,208807,39524,68432,1.9341861499129276,0.24683395914716183
616,0.49566,221,1303,221,398106,207504,39745,68211,1.9221164177998444,0.2473967684021544
617,0.49567,230,1320,230,399426,206184,39975,67981,1.909889214124273,0.24795652253205186
618,0.49568,229,1315,229,400741,204869,40204,67752,1.8977083256141392,0.24852084028743202
619,0.49569,235,1317,235,402058,203552,40439,67517,1.8855089110378302,0.24907680332313914
620,0.4957,259,1297,259,403355,202255,40698,67258,1.8734947571232725,0.2495538248618805
621,0.49571,249,1383,249,404738,200872,40947,67009,1.860683982363185,0.2501446537828364
622,0.49572,255,1320,255,406058,199552,41202,66754,1.8484567786876134,0.2506665264770602
623,0.49573,239,1374,239,407432,198178,41441,66515,1.835729371225314,0.25129111838998386
624,0.49574,235,1311,235,408743,196867,41676,66280,1.8235855348475305,0.2518744276013027
625,0.49575,213,1297,213,410040,195570,41889,66067,1.8115713809329728,0.2525139792919197
626,0.49576,263,1241,263,411281,194329,42152,65804,1.800075956871318,0.2529629074358117
627,0.49577,219,1217,219,412498,193112,42371,65585,1.7888028456037646,0.2535205278762413
628,0.49578,255,1272,255,413770,191840,42626,65330,1.7770202675163955,0.25403429637982655
629,0.49579,257,1296,257,415066,190544,42883,65073,1.7650153766349252,0.254572270232418
630,0.4958,259,1293,259,416359,189251,43142,64814,1.7530382748527178,0.25510794481727117
631,0.49581,247,1159,247,417518,188092,43389,64567,1.7423024195042425,0.25554997051361716
632,0.49582,246,1313,246,418831,186779,43635,64321,1.7301400570602838,0.2561569095977698
633,0.49583,215,1219,215,420050,185560,43850,64106,1.7188484197265552,0.256767040766464
634,0.49584,218,1270,218,421320,184290,44068,63888,1.7070843677053615,0.2574281362570413
635,0.49585,258,1216,258,422536,183074,44326,63630,1.6958205194708955,0.25792042285491923
636,0.49586,271,1271,271,423807,181803,44597,63359,1.6840472044166142,0.2584372782078789
637,0.49587,258,1265,258,425072,180538,44855,63101,1.6723294675608582,0.25899383924576935
638,0.49588,239,1260,239,426332,179278,45094,62862,1.6606580458705398,0.25961014289254153
639,0.49589,235,1226,235,427558,178052,45329,62627,1.6493015673051985,0.2602096568458403
640,0.4959,238,1245,238,428803,176807,45567,62389,1.6377690911111935,0.26082794026655964
641,0.49591,233,1272,233,430075,175535,45800,62156,1.6259865130238245,0.2614991732964227
642,0.49592,247,1192,247,431267,174343,46047,61909,1.61494497758346,0.2620464588659567
643,0.49593,253,1128,253,432395,173215,46300,61656,1.604496276260699,0.2625100587130808
644,0.49594,229,1220,229,433615,171995,46529,61427,1.5931953758938826,0.26315857117152625
645,0.49595,233,1210,233,434825,170785,46762,61194,1.5819871058579422,0.2637911190237047
646,0.49596,243,1214,243,436039,169571,47005,60951,1.5707417836896513,0.26440426510268
647,0.49597,248,1248,248,437287,168323,47253,60703,1.5591815183963837,0.2650485097761826
648,0.49598,256,1151,256,438438,167172,47509,60447,1.5485197673126088,0.2655621894481568
649,0.49599,247,1241,247,439679,165931,47756,60200,1.537024343250954,0.2662173695778111
650,0.496,238,1138,238,440817,164793,47994,59962,1.5264830115973174,0.26678828057217857
651,0.49601,241,1201,241,442018,163592,48235,59721,1.5153581088591648,0.26743181095592283
652,0.49602,238,1155,238,443173,162437,48473,59483,1.5046593056430397,0.2680380317231435
653,0.49603,246,1209,246,444382,161228,48719,59237,1.4934602986401868,0.26869117547002924
654,0.49604,237,1163,237,445545,160065,48956,59000,1.4826873911593612,0.2693264556181955
655,0.49605,223,1153,223,446698,158912,49179,58777,1.4720071140094113,0.27000445589809313
656,0.49606,233,1210,233,447908,157702,49412,58544,1.4607988439734707,0.27072870712059416
657,0.49607,257,1103,257,449011,156599,49669,58287,1.4505817184778984,0.27124614912092926
658,0.49608,250,1110,250,450121,155489,49919,58037,1.4402997517507132,0.27180296544683086
659,0.49609,233,1161,233,451282,154328,50152,57804,1.4295453703360628,0.27249071332943636
660,0.4961,251,1156,251,452438,153172,50403,57553,1.4188373040868503,0.2731189939494602
661,0.49611,247,1117,247,453555,152055,50650,57306,1.4084904961280522,0.2737186008855518
662,0.49612,272,1105,272,454660,150950,50922,57034,1.3982548445663048,0.2742230171551658
663,0.49613,259,1150,259,455810,149800,51181,56775,1.3876023565156175,0.2748396466174513
664,0.49614,255,1117,255,456927,148683,51436,56520,1.3772555485568194,0.27543456967003405
665,0.49615,247,1109,247,458036,147574,51683,56273,1.366982844862722,0.27605508052608085
666,0.49616,265,1081,265,459117,146493,51948,56008,1.3569695060950757,0.27658135021555447
667,0.49617,258,1119,258,460236,145374,52206,55750,1.3466041720701027,0.2771921799486884
668,0.49618,232,1092,232,461328,144282,52438,55518,1.3364889399384934,0.2778678678678679
669,0.49619,244,1116,244,462444,143166,52682,55274,1.326151395012783,0.2785426325337634
670,0.4962,232,1101,232,463545,142065,52914,55042,1.3159527955833858,0.2792493417280969
671,0.49621,285,1091,285,464636,140974,53199,54757,1.3058468264848642,0.2797564003658082
672,0.49622,211,1063,211,465699,139911,53410,54546,1.296000222312794,0.2805041731591046
673,0.49623,222,1083,222,466782,138828,53632,54324,1.2859683574789729,0.28125
674,0.49624,230,1086,230,467868,137742,53862,54094,1.2759087035458891,0.28198044162722324
675,0.49625,255,1084,255,468952,136658,54117,53839,1.2658675756789803,0.2826238733418374
676,0.49626,229,1026,229,469978,135632,54346,53610,1.2563637037311497,0.2832880650172795
677,0.49627,209,1056,209,471034,134576,54555,53401,1.2465819407906924,0.28408262712991483
678,0.49628,236,982,236,472016,133594,54791,53165,1.2374856422987144,0.28467168918231517
679,0.49629,252,1012,252,473028,132582,55043,52913,1.2281114528141095,0.28525297177821507
680,0.4963,223,1042,223,474070,131540,55266,52690,1.218459372336878,0.28600119415947456
681,0.49631,249,1028,249,475098,130512,55515,52441,1.2089369743228722,0.28663645854399766
682,0.49632,269,970,269,476068,129542,55784,52172,1.1999518322279448,0.2871105143247081
683,0.49633,250,990,250,477058,128552,56034,51922,1.190781429471266,0.28769795095138356
684,0.49634,249,995,249,478053,127557,56283,51673,1.1815647115491497,0.28830552920827984
685,0.49635,240,1020,240,479073,126537,56523,51433,1.1721164177998444,0.2889981457549025
686,0.49636,222,1017,222,480090,125520,56745,51211,1.1626959131498018,0.2897680655912092
687,0.49637,224,966,224,481056,124554,56969,50987,1.1537478231872245,0.2904563606223048
688,0.49638,232,941,232,481997,123613,57201,50755,1.145031309051836,0.2910797852817031
689,0.49639,232,945,232,482942,122668,57433,50523,1.1362777427840973,0.2917183918332939
690,0.4964,242,969,242,483911,121699,57675,50281,1.1273018637222572,0.2923653913245726
691,0.49641,244,927,244,484838,120772,57919,50037,1.1187150320500945,0.2929412384593318
692,0.49642,234,979,234,485817,119793,58153,49803,1.1096465226573788,0.293656690016274
693,0.49643,237,944,237,486761,118849,58390,49566,1.1009022194227278,0.294308701718968
694,0.49644,256,936,256,487697,117913,58646,49310,1.0922320204527771,0.2948757048970536
695,0.49645,199,877,199,488574,117036,58845,49111,1.084108340434992,0.29558764226859346
696,0.49646,209,925,209,489499,116111,59054,48902,1.0755400348290045,0.29635240859811046
697,0.49647,216,942,216,490441,115169,59270,48686,1.0668142576605284,0.29712855878673217
698,0.49648,232,951,232,491392,114218,59502,48454,1.0580051131942643,0.2978631848136127
699,0.49649,244,897,244,492289,113321,59746,48210,1.0496961725147282,0.2984566429973194
700,0.4965,251,862,251,493151,112459,59997,47959,1.0417114379932566,0.29896270992033314
701,0.49651,238,919,238,494070,111540,60235,47721,1.0331987105857943,0.2996402132348786
702,0.49652,235,926,235,494996,110614,60470,47486,1.024621141946719,0.3003542061986085
703,0.49653,231,875,231,495871,109739,60701,47255,1.0165159879951091,0.30099876428398536
704,0.49654,232,863,232,496734,108876,60933,47023,1.0085219904405498,0.3016247698830653
705,0.49655,223,883,223,497617,107993,61156,46800,1.0003427322242395,0.30233925306699916
706,0.49656,205,871,205,498488,107122,61361,46595,0.9922746304049798,0.303121970894566
707,0.49657,198,861,198,499349,106261,61559,46397,0.9842991589165957,0.3039277338888234
708,0.49658,224,858,224,500207,105403,61783,46173,0.9763514765274741,0.3046194648229271
709,0.49659,257,821,257,501028,104582,62040,45916,0.9687465263625922,0.30509375539874284
710,0.4966,214,853,214,501881,103729,62254,45702,0.9608451591389084,0.30584015364951045
711,0.49661,239,840,239,502721,102889,62493,45463,0.9530642113453629,0.30645356988783434
712,0.49662,196,819,196,503540,102070,62689,45267,0.9454777872466561,0.30723443534210687
713,0.49663,256,849,256,504389,101221,62945,45011,0.9376134721553225,0.30780540510968873
714,0.49664,231,888,231,505277,100333,63176,44780,0.9293878987735744,0.3085871010867393
715,0.49665,232,827,232,506104,99506,63408,44548,0.9217273704101671,0.30924514418204285
716,0.49666,198,802,198,506906,98704,63606,44350,0.9142984178739486,0.3100227885973129
717,0.49667,216,739,216,507645,97965,63822,44134,0.9074530364222461,0.3105862813953652
718,0.49668,202,821,202,508466,97144,64024,43932,0.8998480862573641,0.3114066177096033
719,0.49669,242,811,242,509277,96333,64266,43690,0.8923357664233577,0.3120201681152382
720,0.4967,246,785,246,510062,95548,64512,43444,0.8850642854496277,0.3125647519281685
721,0.49671,238,835,238,510897,94713,64750,43206,0.8773296528215199,0.31327083288016877
722,0.49672,202,743,202,511640,93970,64952,43004,0.8704472192374672,0.313957393373925
723,0.49673,218,796,218,512436,93174,65170,42786,0.863073844899774,0.3146954986760812
724,0.49674,232,787,232,513223,92387,65402,42554,0.8557838378598689,0.3153526355962976
725,0.49675,235,715,235,513938,91672,65637,42319,0.8491607692022676,0.3158346456105261
726,0.49676,227,784,227,514722,90888,65864,42092,0.8418985512616252,0.3165288013235073
727,0.49677,225,742,225,515464,90146,66089,41867,0.8350253807106599,0.3171430086430882
728,0.49678,205,749,205,516213,89397,66294,41662,0.8280873689280818,0.3178873637064223
729,0.49679,209,792,209,517005,88605,66503,41453,0.8207510467227389,0.31872702947915543
730,0.4968,189,702,189,517707,87903,66692,41264,0.8142483974952759,0.31946240138735127
731,0.49681,230,769,230,518476,87134,66922,41034,0.8071251250509467,0.32015791773297547
732,0.49682,221,707,221,519183,86427,67143,40813,0.8005761606580458,0.3207560515561144
733,0.49683,234,766,234,519949,85661,67377,40579,0.7934806773129793,0.32144328263624844
734,0.49684,217,715,217,520664,84946,67594,40362,0.7868576086553781,0.3221023398346474
735,0.49685,230,674,230,521338,84272,67824,40132,0.7806143243543666,0.32259412880614774
736,0.49686,192,623,192,521961,83649,68016,39940,0.7748434547408203,0.3231679194750342
737,0.49687,190,722,190,522683,82927,68206,39750,0.7681555448516062,0.32402161774415744
738,0.49688,195,711,195,523394,82216,68401,39555,0.7615695283263552,0.3248310353039722
739,0.49689,213,735,213,524129,81481,68614,39342,0.7547611990070029,0.32561681136869636
740,0.4969,226,690,226,524819,80791,68840,39116,0.7483697061765905,0.32621948676891255
741,0.49691,217,699,217,525518,80092,69057,38899,0.7418948460483901,0.32690707700582394
742,0.49692,191,668,191,526186,79424,69248,38708,0.7357071399459039,0.32766735516202217
743,0.49693,207,670,207,526856,78754,69455,38501,0.7295009077772426,0.32835273549102384
744,0.49694,183,640,183,527496,78114,69638,38318,0.723572566601208,0.3291019650955064
745,0.49695,202,638,202,528134,77476,69840,38116,0.7176627514913483,0.3297460031836113
746,0.49696,205,671,205,528805,76805,70045,37911,0.7114472562895995,0.33047700407964015
747,0.49697,194,680,194,529485,76125,70239,37717,0.7051483937900627,0.3313100613130479
748,0.49698,223,616,223,530101,75509,70462,37494,0.6994423654081292,0.33179650097785013
749,0.49699,193,696,193,530797,74813,70655,37301,0.6929952943791915,0.33270599568296555
750,0.497,181,643,181,531440,74170,70836,37120,0.6870391641038942,0.33354299577679936
751,0.49701,205,638,205,532078,73532,71041,36915,0.6811293489940347,0.3342327089011019
752,0.49702,178,748,178,532826,72784,71219,36737,0.6742006002445441,0.33543338720428045
753,0.49703,194,698,194,533524,72086,71413,36543,0.6677350031494312,0.33640188163381785
754,0.49704,189,596,189,534120,71490,71602,36354,0.662214235429249,0.33709803048848336
755,0.49705,188,628,188,534748,70862,71790,36166,0.6563970506502649,0.33791157454124154
756,0.49706,170,599,170,535347,70263,71960,35996,0.65084849383082,0.3387571876264599
757,0.49707,197,601,197,535948,69662,72157,35799,0.6452814109451999,0.3394524990280767
758,0.49708,195,622,195,536570,69040,72352,35604,0.6395198043647412,0.34023928748901033
759,0.49709,170,558,170,537128,68482,72522,35434,0.6343510319018859,0.3409869509988837
760,0.4971,183,584,183,537712,67898,72705,35251,0.6289414205787544,0.3417483446276745
761,0.49711,184,556,184,538268,67342,72889,35067,0.6237911741820742,0.3424210762725932
762,0.49712,190,516,190,538784,66826,73079,34877,0.6190114491088963,0.34292990373931936
763,0.49713,182,580,182,539364,66246,73261,34695,0.6136388899181148,0.3437156358664963
764,0.49714,176,562,176,539926,65684,73437,34519,0.6084330653229093,0.3444906839116593
765,0.49715,181,569,181,540495,65115,73618,34338,0.603162399496091,0.34526861934783265
766,0.49716,201,597,201,541092,64518,73819,34137,0.5976323687428211,0.3460240231108408
767,0.49717,214,584,214,541676,63934,74033,33923,0.5922227574196895,0.34665890023197116
768,0.49718,187,542,187,542218,63392,74220,33736,0.5872021934862351,0.3473354748373281
769,0.49719,194,555,194,542773,62837,74414,33542,0.5820612101226426,0.34802187198456097
770,0.4972,180,545,180,543318,62292,74594,33362,0.5770128570899256,0.3487778869676124
771,0.49721,169,536,169,543854,61756,74763,33193,0.5720478713549965,0.34958767338255275
772,0.49722,189,498,189,544352,61258,74952,33004,0.5674348808773945,0.3501304873650039
773,0.49723,193,547,193,544899,60711,75145,32811,0.5623680017785023,0.35083723615833706
774,0.49724,176,508,176,545407,60203,75321,32635,0.5576623809700249,0.3515263146556367
775,0.49725,194,522,194,545929,59681,75515,32441,0.5528270776983215,0.3521525802739845
776,0.49726,169,498,169,546427,59183,75684,32272,0.5482140872207195,0.35287299764911706
777,0.49727,177,486,177,546913,58697,75861,32095,0.5437122531401682,0.35350030839721563
778,0.49728,168,518,168,547431,58179,76029,31927,0.5389140020008152,0.3543271258295785
779,0.49729,173,485,173,547916,57694,76202,31754,0.5344214309533514,0.35499955281280743
780,0.4973,162,452,162,548368,57242,76364,31592,0.5302345399977769,0.3556296012787897
781,0.49731,173,556,173,548924,56686,76537,31419,0.5250842936010968,0.3566085920208842
782,0.49732,175,470,175,549394,56216,76712,31244,0.5207306680499463,0.35723759432883606
783,0.49733,177,537,177,549931,55679,76889,31067,0.5157564192819297,0.35813755101099765
784,0.49734,178,466,178,550397,55213,77067,30889,0.5114398458631294,0.358748925692783
785,0.49735,154,483,154,550880,54730,77221,30735,0.5069658008818407,0.35962089744339787
786,0.49736,168,510,168,551390,54220,77389,30567,0.5022416540071881,0.3605151733166641
787,0.49737,178,480,178,551870,53740,77567,30389,0.4977953981251621,0.36121908022203997
788,0.49738,168,474,168,552344,53266,77735,30221,0.4934047204416614,0.3619845005809288
789,0.49739,160,446,160,552790,52820,77895,30061,0.48927340768461225,0.3627007396146282
790,0.4974,169,445,169,553235,52375,78064,29892,0.4851513579606506,0.36335347101510934
791,0.49741,169,448,169,553683,51927,78233,29723,0.48100151913742634,0.3640293937538273
792,0.49742,146,449,146,554132,51478,78379,29577,0.47684241728111454,0.3649003762877059
793,0.49743,163,464,163,554596,51014,78542,29414,0.47254436992848936,0.36571840652509074
794,0.49744,151,451,151,555047,50563,78693,29263,0.4683667420060024,0.3665848219878235
795,0.49745,160,455,160,555502,50108,78853,29103,0.46415206195116526,0.3674110918938026
796,0.49746,144,424,144,555926,49684,78997,28959,0.4602245359220423,0.36823366351741416
797,0.49747,155,397,155,556323,49287,79152,28804,0.4565471117862833,0.36885172427040247
798,0.49748,151,432,151,556755,48855,79303,28653,0.4525454814924599,0.36967796872580894
799,0.49749,172,394,172,557149,48461,79475,28481,0.44889584645596353,0.37016194016271997
800,0.4975,168,436,168,557585,48025,79643,28313,0.4448571640297899,0.37088998925829864
801,0.49751,192,407,192,557992,47618,79835,28121,0.44108710956315533,0.3712882398764177
802,0.49752,134,402,134,558394,47216,79969,27987,0.4373633702619586,0.3721527066739359
803,0.49753,149,387,149,558781,46829,80118,27838,0.4337785764570751,0.37282869272905034
804,0.49754,146,417,146,559198,46412,80264,27692,0.429915891659565,0.37369102882435495
805,0.49755,146,384,146,559582,46028,80410,27546,0.4263588869539442,0.37439856471035965
806,0.49756,136,417,136,559999,45611,80546,27410,0.4224962021564341,0.37537146848166963
807,0.49757,172,362,172,560361,45249,80718,27238,0.41914298417873946,0.37576393008401504
808,0.49758,156,387,156,560748,44862,80874,27082,0.415558190373856,0.37643166907594794
809,0.49759,137,349,137,561097,44513,81011,26945,0.4123253918262996,0.3770746452461586
810,0.4976,143,370,143,561467,44143,81154,26802,0.40889806958390457,0.377785608570019
811,0.49761,157,387,157,561854,43756,81311,26645,0.4053132757790211,0.37847473757475036
812,0.49762,164,406,164,562260,43350,81475,26481,0.4015524843454741,0.3792155346479357
813,0.49763,149,359,149,562619,42991,81624,26332,0.3982270554670421,0.3798450730637739
814,0.49764,163,347,163,562966,42644,81787,26169,0.39501278298566084,0.3802915146847253
815,0.49765,134,356,134,563322,42288,81921,26035,0.39171514320649153,0.3810576233479209
816,0.49766,120,350,120,563672,41938,82041,25915,0.3884730816258476,0.38192858090283405
817,0.49767,155,347,155,564019,41591,82196,25760,0.38525880914446625,0.3824739053614646
818,0.49768,174,359,174,564378,41232,82370,25586,0.3819333802660343,0.38292076985243495
819,0.49769,144,367,144,564745,40865,82514,25442,0.37853384712290195,0.38370006183359223
820,0.4977,160,370,160,565115,40495,82674,25282,0.3751065248805069,0.3843592745184487
821,0.49771,136,327,136,565442,40168,82810,25146,0.37207751306087666,0.38500168417184677
822,0.49772,141,349,141,565791,39819,82951,25005,0.36884471451332024,0.3857367641614217
823,0.49773,157,329,157,566120,39490,83108,24848,0.36579717662751493,0.38621032671205197
824,0.49774,122,307,122,566427,39183,83230,24726,0.36295342546963577,0.3868938647138901
825,0.49775,128,334,128,566761,38849,83358,24598,0.35985957241839267,0.3876936655791448
826,0.49776,140,321,140,567082,38528,83498,24458,0.3568861387972878,0.38830851300288954
827,0.49777,148,298,148,567380,38230,83646,24310,0.3541257549371966,0.3887112248161177
828,0.49778,132,312,132,567692,37918,83778,24178,0.3512356886138797,0.3893648544189642
829,0.49779,126,308,126,568000,37610,83904,24052,0.34838267442291304,0.39006195063410204
830,0.4978,114,312,114,568312,37298,84018,23938,0.34549260809959614,0.39091384153112546
831,0.49781,142,309,142,568621,36989,84160,23796,0.3426303308755419,0.3914781607304434
832,0.49782,127,306,127,568927,36683,84287,23669,0.3397958427507503,0.39218252916224816
833,0.49783,145,292,145,569219,36391,84432,23524,0.3370910370891845,0.3926228824167571
834,0.49784,131,300,131,569519,36091,84563,23393,0.33431212716291825,0.39326541591016073
835,0.49785,119,278,119,569797,35813,84682,23274,0.33173700396457817,0.39389374989422377
836,0.49786,139,295,139,570092,35518,84821,23135,0.3290044092037497,0.39443847714524405
837,0.49787,145,325,145,570417,35193,84966,22990,0.32599392345029454,0.39513259886908547
838,0.49788,118,306,118,570723,34887,85084,22872,0.323159435325503,0.3959902352880071
839,0.49789,130,268,130,570991,34619,85214,22742,0.32067694245803846,0.39647147016265405
840,0.4979,122,293,122,571284,34326,85336,22620,0.31796287376338506,0.3972184174481087
841,0.49791,115,291,115,571575,34035,85451,22505,0.3152673311349068,0.39803678811460913
842,0.49792,139,298,139,571873,33737,85590,22366,0.31250694727481565,0.39865960822059426
843,0.49793,111,303,111,572176,33434,85701,22255,0.30970024824928677,0.39963008852735726
844,0.49794,125,284,125,572460,33150,85826,22130,0.3070695468524214,0.40032561505065123
845,0.49795,133,259,133,572719,32891,85959,21997,0.3046704212827448,0.40076155079434483
846,0.49796,133,269,133,572988,32622,86092,21864,0.30217866538219273,0.40127739235766985
847,0.49797,155,258,155,573246,32364,86247,21709,0.2997888028456038,0.40147578273815027
848,0.49798,124,280,124,573526,32084,86371,21585,0.2971951535810886,0.4021874825318154
849,0.49799,107,293,107,573819,31791,86478,21478,0.2944810848864352,0.40319885862321425
850,0.498,108,264,108,574083,31527,86586,21370,0.2920356441513209,0.40399266499045317
851,0.49801,142,270,142,574353,31257,86728,21228,0.28953462521768125,0.404458416690483
852,0.49802,125,266,125,574619,30991,86853,21103,0.28707065841639184,0.40509463661842054
853,0.49803,130,229,130,574848,30762,86983,20973,0.28494942383934196,0.40539286749782544
854,0.49804,114,266,114,575114,30496,87097,20859,0.28248545703805256,0.4061727193067861
855,0.49805,108,247,108,575361,30249,87205,20751,0.28019748786542664,0.4068823529411765
856,0.49806,108,240,108,575601,30009,87313,20643,0.27797435992441366,0.40754560530679934
857,0.49807,105,242,105,575843,29767,87418,20538,0.27573270591722554,0.408269555710168
858,0.49808,119,245,119,576088,29522,87537,20419,0.27346326281077477,0.4088624577000861
859,0.49809,111,230,111,576318,29292,87648,20308,0.2713327652006373,0.40943548387096773
860,0.4981,122,226,122,576544,29066,87770,20186,0.26923931972285003,0.4098513765938439
861,0.49811,116,240,116,576784,28826,87886,20070,0.26701619178183705,0.4104630235602094
862,0.49812,110,214,110,576998,28612,87996,19960,0.26503390270110044,0.41093634192538914
863,0.49813,97,264,97,577262,28348,88093,19863,0.2625884619659861,0.412001410466491
864,0.49814,93,221,93,577483,28127,88186,19770,0.2605413316536367,0.4127607157024448
865,0.49815,108,225,108,577708,27902,88294,19662,0.258457149208937,0.4133798671263981
866,0.49816,120,215,120,577923,27687,88414,19542,0.2564655970951128,0.4137711998983675
867,0.49817,138,191,138,578114,27496,88552,19404,0.25469635777538996,0.4137313432835821
868,0.49818,114,227,114,578341,27269,88666,19290,0.25259364926451516,0.41431302218690264
869,0.49819,115,208,115,578549,27061,88781,19175,0.2506669383823039,0.4147201314992646
870,0.4982,85,228,85,578777,26833,88866,19090,0.24855496683834155,0.41569583868649695
871,0.49821,108,194,108,578971,26639,88974,18982,0.24675793841935603,0.41608031389053285
872,0.49822,93,198,93,579169,26441,89067,18889,0.24492385786802032,0.4166997573350982
873,0.49823,103,226,103,579395,26215,89170,18786,0.24283041239023306,0.4174573898357814
874,0.49824,98,232,98,579627,25983,89268,18688,0.24068138871392047,0.4183474737525464
875,0.49825,105,209,105,579836,25774,89373,18583,0.23874541479862166,0.4189417679283991
876,0.49826,85,195,85,580031,25579,89458,18498,0.2369391233465486,0.419674660253647
877,0.49827,128,203,128,580234,25376,89586,18370,0.2350587276297751,0.41992410734695745
878,0.49828,110,212,110,580446,25164,89696,18260,0.23309496461521362,0.4205047899778924
879,0.49829,90,185,90,580631,24979,89786,18170,0.2313813034940161,0.4210989825951934
880,0.4983,90,198,90,580829,24781,89876,18080,0.22954722294268035,0.42182870208347917
881,0.49831,113,210,113,581039,24571,89989,17967,0.22760198599429396,0.4223752879778081
882,0.49832,107,202,107,581241,24369,90096,17860,0.22573085331060802,0.42293210826683086
883,0.49833,108,200,108,581441,24169,90204,17752,0.2238782466930972,0.42346318074473416
884,0.49834,91,187,91,581628,23982,90295,17661,0.22214605950572455,0.4241048915784165
885,0.49835,101,197,101,581825,23785,90396,17560,0.22032124198747638,0.4247188293626799
886,0.49836,107,181,107,582006,23604,90503,17453,0.21864463299862907,0.42509194534427747
887,0.49837,118,213,118,582219,23391,90621,17335,0.21667160695098003,0.42564946225998135
888,0.49838,123,202,123,582421,23189,90744,17212,0.2148004742672941,0.4260290586866662
889,0.49839,110,166,110,582587,23023,90854,17102,0.2132628107747601,0.42621806853582556
890,0.4984,96,175,96,582762,22848,90950,17006,0.21164177998443812,0.4267074823104331
891,0.49841,91,169,91,582931,22679,91041,16915,0.21007632739264145,0.4272111936151942
892,0.49842,91,152,91,583083,22527,91132,16824,0.2086683463633332,0.4275367843256842
893,0.49843,91,192,91,583275,22335,91223,16733,0.2068898440105228,0.42830449472714244
894,0.49844,107,178,107,583453,22157,91330,16626,0.20524102412093817,0.4286929840393987
895,0.49845,86,159,86,583612,21998,91416,16540,0.20376820186001704,0.42918677668794436
896,0.49846,70,168,70,583780,21830,91486,16470,0.20221201230130795,0.4300261096605744
897,0.49847,103,162,103,583942,21668,91589,16367,0.20071140094112416,0.4303141843039306
898,0.49848,84,189,84,584131,21479,91673,16283,0.1989606876875764,0.4312006779301944
899,0.49849,106,184,106,584315,21295,91779,16177,0.19725628959946645,0.4317090093936806
900,0.4985,115,197,115,584512,21098,91894,16062,0.19543147208121828,0.4322389666307858
901,0.49851,90,168,90,584680,20930,91984,15972,0.19387528252250916,0.43282206926453853
902,0.49852,106,162,106,584842,20768,92090,15866,0.1923746711623254,0.4330949391275864
903,0.49853,102,184,102,585026,20584,92192,15764,0.1906702730742154,0.4336964894904809
904,0.49854,95,209,95,585235,20375,92287,15669,0.1887342991589166,0.4347186771723449
905,0.49855,88,143,88,585378,20232,92375,15581,0.18740968542739633,0.4350654790159998
906,0.49856,83,198,83,585576,20034,92458,15498,0.18557560487606062,0.43617021276595747
907,0.49857,80,186,80,585762,19848,92538,15418,0.18385268072177555,0.43719162933136735
908,0.49858,96,133,96,585895,19715,92634,15322,0.18262069732113084,0.4373091303479179
909,0.49859,108,187,108,586082,19528,92742,15214,0.1808885101337582,0.4379137643198434
910,0.4986,77,177,77,586259,19351,92819,15137,0.17924895327726112,0.43890628624449085
911,0.49861,108,157,108,586416,19194,92927,15029,0.1777946570825151,0.43914911024749437
912,0.49862,82,156,82,586572,19038,93009,14947,0.17634962392085665,0.439811681624246
913,0.49863,99,162,99,586734,18876,93108,14848,0.17484901256067287,0.4402799193452734
914,0.49864,110,154,110,586888,18722,93218,14738,0.17342250546518953,0.4404662283323371
915,0.49865,105,159,105,587047,18563,93323,14633,0.1719496832042684,0.44080612121942403
916,0.49866,94,150,94,587197,18413,93417,14539,0.1705602282411353,0.44121752852634133
917,0.49867,93,165,93,587362,18248,93510,14446,0.16903182778168885,0.44185477457637484
918,0.49868,89,135,89,587497,18113,93599,14357,0.16778131831486903,0.4421619956883277
919,0.49869,94,143,94,587640,17970,93693,14263,0.16645670458334877,0.4424968200291627
920,0.4987,88,152,88,587792,17818,93781,14175,0.16504872355404054,0.4430656706154471
921,0.49871,93,150,93,587942,17668,93874,14082,0.1636592685909074,0.4435275590551181
922,0.49872,86,151,86,588093,17517,93960,13996,0.16226055059468672,0.4441341668517755
923,0.49873,77,146,77,588239,17371,94037,13919,0.1609081477639038,0.44483860658357305
924,0.49874,87,117,87,588356,17254,94124,13832,0.15982437289265997,0.4449591455960883
925,0.49875,94,142,94,588498,17112,94218,13738,0.15850902219422727,0.4453160453808752
926,0.49876,93,147,93,588645,16965,94311,13645,0.1571473563303568,0.44576935641947074
927,0.49877,101,133,101,588778,16832,94412,13544,0.1559153729297121,0.44587832499341584
928,0.49878,89,139,89,588917,16693,94501,13455,0.15462781133054207,0.44629826190792093
929,0.49879,95,164,95,589081,16529,94596,13360,0.15310867390418317,0.4469871859212419
930,0.4988,102,141,102,589222,16388,94698,13258,0.15180258623883805,0.4472104162450246
931,0.49881,83,116,83,589338,16272,94781,13175,0.15072807440068176,0.44741399803035964
932,0.49882,87,143,87,589481,16129,94868,13088,0.14940346066916152,0.44795838039497554
933,0.49883,83,130,83,589611,15999,94951,13005,0.14819926636777947,0.4483864294580058
934,0.49884,81,145,81,589756,15854,95032,12924,0.1468561265700841,0.4490930571964695
935,0.49885,79,130,79,589886,15724,95111,12845,0.14565193226870207,0.4496132171234555
936,0.49886,86,123,86,590009,15601,95197,12759,0.1445125791989329,0.44989421720733425
937,0.49887,89,149,89,590158,15452,95286,12670,0.14313238726888733,0.45053694616314627
938,0.49888,80,136,80,590294,15316,95366,12590,0.14187261476897994,0.45115745717766786
939,0.49889,84,114,84,590408,15202,95450,12506,0.1408166289969988,0.4513497906741735
940,0.4989,85,131,85,590539,15071,95535,12421,0.13960317166252917,0.45180416121053396
941,0.49891,87,130,87,590669,14941,95622,12334,0.13839897736114715,0.4522089825847846
942,0.49892,85,152,85,590821,14789,95707,12249,0.1369909963318389,0.45302907019749983
943,0.49893,75,135,75,590956,14654,95782,12174,0.13574048686501908,0.4537796332190249
944,0.49894,62,120,62,591076,14534,95844,12112,0.1346289228945126,0.454552278015462
945,0.49895,84,124,84,591200,14410,95928,12028,0.13348030679165587,0.45495120659656557
946,0.49896,84,128,84,591328,14282,96012,11944,0.13229463855644893,0.45542591321589265
947,0.49897,79,117,79,591445,14165,96091,11865,0.13121086368520507,0.45582020745293894
948,0.49898,78,101,78,591546,14064,96169,11787,0.1302752973433621,0.45595915051642105
949,0.49899,82,113,82,591659,13951,96251,11705,0.1292285746044685,0.4562285625194886
950,0.499,83,128,83,591787,13823,96334,11622,0.12804290636926155,0.45674985262330514
951,0.49901,66,131,66,591918,13692,96400,11556,0.12682944903479196,0.45769961977186313
952,0.49902,77,127,77,592045,13565,96477,11479,0.12565304383267256,0.4583532981951765
953,0.49903,70,120,70,592165,13445,96547,11409,0.12454147986216607,0.4590407982618492
954,0.49904,82,120,82,592285,13325,96629,11327,0.12342991589165957,0.4594759045919195
955,0.49905,88,115,88,592400,13210,96717,11239,0.12236466708659083,0.45969160292854516
956,0.49906,94,125,94,592525,13085,96811,11145,0.12120678795064656,0.4599669830788279
957,0.49907,68,120,68,592645,12965,96879,11077,0.12009522398014005,0.4607353797521005
958,0.49908,85,127,85,592772,12838,96964,10992,0.11891881877802067,0.4612673101133026
959,0.49909,91,108,91,592880,12730,97055,10901,0.11791841120456482,0.46130083365071306
960,0.4991,69,112,69,592992,12618,97124,10832,0.11688095149875875,0.46191897654584224
961,0.49911,59,119,59,593111,12499,97183,10773,0.1157786505613398,0.46291680990030937
962,0.49912,83,119,83,593230,12380,97266,10690,0.11467634962392086,0.4633723450368444
963,0.49913,72,127,72,593357,12253,97338,10618,0.11349994442180147,0.4642560447728565
964,0.49914,88,94,88,593451,12159,97426,10530,0.11262921931157138,0.4641015470051567
965,0.49915,91,114,91,593565,12045,97517,10439,0.1115732335395902,0.4642857142857143
966,0.49916,72,107,72,593672,11938,97589,10367,0.11058208899922191,0.46478368078906074
967,0.49917,89,123,89,593795,11815,97678,10278,0.10944273592945274,0.4652152265423437
968,0.49918,71,107,71,593902,11708,97749,10207,0.10845159138908445,0.46575404973762263
969,0.49919,88,110,88,594012,11598,97837,10119,0.10743265774945349,0.4659483354054427
970,0.4992,79,95,79,594107,11503,97916,10040,0.10655266960613584,0.46604465487629393
971,0.49921,68,114,68,594221,11389,97984,9972,0.10549668383415466,0.4668320771499462
972,0.49922,71,115,71,594336,11274,98055,9901,0.10443143502908592,0.46757969303423846
973,0.49923,69,125,69,594461,11149,98124,9832,0.10327355589314165,0.46861446070254037
974,0.49924,67,107,67,594568,11042,98191,9765,0.10228241135277336,0.4693132118998414
975,0.49925,73,118,73,594686,10924,98264,9692,0.10118937344844196,0.47012029491656965
976,0.49926,68,106,68,594792,10818,98332,9624,0.10020749194116121,0.47079542119166423
977,0.49927,82,107,82,594899,10711,98414,9542,0.09921634740079291,0.47114007801313385
978,0.49928,75,90,75,594989,10621,98489,9467,0.09838267442291304,0.4712763839107925
979,0.49929,73,105,73,595094,10516,98562,9394,0.09741005594871985,0.4718232044198895
980,0.4993,84,108,84,595202,10408,98646,9310,0.096409648375264,0.47215741961659397
981,0.49931,81,96,81,595298,10312,98727,9229,0.0955203971988588,0.47228903331456934
982,0.49932,82,99,82,595397,10213,98809,9147,0.09460335692319093,0.4724690082644628
983,0.49933,74,90,74,595487,10123,98883,9073,0.09376968394531106,0.47265055219837465
984,0.49934,72,102,72,595589,10021,98955,9001,0.09282485457038052,0.4731889391231206
985,0.49935,58,87,58,595676,9934,99013,8943,0.0920189706917633,0.47375112570853417
986,0.49936,62,91,62,595767,9843,99075,8881,0.09117603468079588,0.47431104464857937
987,0.49937,64,112,64,595879,9731,99139,8817,0.09013857497498981,0.47536122492991156
988,0.49938,65,87,65,595966,9644,99204,8752,0.0893326910963726,0.47575559904327025
989,0.49939,60,110,60,596076,9534,99264,8692,0.08831375745674164,0.476901130253484
990,0.4994,59,113,59,596189,9421,99323,8633,0.08726703471784801,0.4781765813670101
991,0.49941,72,100,72,596289,9321,99395,8561,0.0863407314090926,0.4787495805838273
992,0.49942,77,87,77,596376,9234,99472,8484,0.08553484753047538,0.47883508296647476
993,0.49943,69,93,69,596469,9141,99541,8415,0.08467338545333283,0.4793233082706767
994,0.49944,68,96,68,596565,9045,99609,8347,0.08378413427692764,0.4799333026678933
995,0.49945,74,86,74,596651,8959,99683,8273,0.08298751343139797,0.48009517177344474
996,0.49946,74,93,74,596744,8866,99757,8199,0.08212605135425544,0.48045707588631703
997,0.49947,68,85,68,596829,8781,99825,8131,0.08133869354181333,0.480782876064333
998,0.49948,66,89,66,596918,8692,99891,8065,0.08051428359702101,0.48129140060870085
999,0.49949,73,101,73,597019,8591,99964,7992,0.07957871725517804,0.48193933546402945
1000,0.4995,58,88,58,597107,8503,100022,7934,0.07876357034347327,0.48269148871448564
1001,0.49951,60,93,60,597200,8410,100082,7874,0.07790210826633073,0.483542127241464
1002,0.49952,73,93,73,597293,8317,100155,7801,0.07704064618918818,0.483993051247053
1003,0.49953,65,73,65,597366,8244,100220,7736,0.07636444477379674,0.4841051314142678
1004,0.49954,65,82,65,597448,8162,100285,7671,0.07560487606061729,0.48449441040864016
1005,0.49955,75,92,75,597540,8070,100360,7596,0.0747526770165623,0.48487169666794333
1006,0.49956,74,86,74,597626,7984,100434,7522,0.07395605617103264,0.4851025409518896
1007,0.49957,65,77,65,597703,7907,100499,7457,0.07324280262329097,0.4853553762041135
1008,0.49958,55,84,55,597787,7823,100554,7402,0.07246470784393642,0.48617405582922824
1009,0.49959,81,93,81,597880,7730,100635,7321,0.07160324576679387,0.4864128629326955
1010,0.4996,72,87,72,597967,7643,100707,7249,0.07079736188817666,0.486771420897126
1011,0.49961,64,92,64,598059,7551,100771,7185,0.06994516284412168,0.4875814332247557
1012,0.49962,72,67,72,598126,7484,100843,7113,0.06932453962725554,0.4872919092964308
1013,0.49963,59,88,59,598214,7396,100902,7054,0.06850939271555077,0.4881660899653979
1014,0.49964,64,69,64,598283,7327,100966,6990,0.06787024343250954,0.4882307746036181
1015,0.49965,69,87,69,598370,7240,101035,6921,0.06706435955389232,0.48873667113904384
1016,0.49966,71,88,71,598458,7152,101106,6850,0.06624921264218755,0.48921582631052707
1017,0.49967,56,98,56,598556,7054,101162,6794,0.06534143539960725,0.4906123627960716
1018,0.49968,69,80,69,598636,6974,101231,6725,0.06460039275260292,0.4909117453828747
1019,0.49969,81,85,81,598721,6889,101312,6644,0.0638130349401608,0.4909480529077071
1020,0.4997,76,77,76,598798,6812,101388,6568,0.06309978139241913,0.49088191330343794
1021,0.49971,61,79,61,598877,6733,101449,6507,0.06236800177850235,0.49146525679758307
1022,0.49972,76,76,76,598953,6657,101525,6431,0.06166401126384823,0.4913661369193154
1023,0.49973,61,83,61,599036,6574,101586,6370,0.060895179517581235,0.49211990111248455
1024,0.49974,53,64,53,599100,6510,101639,6317,0.060302345399977766,0.4924768067357917
1025,0.49975,78,82,78,599182,6428,101717,6239,0.059542776686798325,0.492539670008684
1026,0.49976,45,90,45,599272,6338,101762,6194,0.05870910370891845,0.494254707947654
1027,0.49977,76,80,76,599352,6258,101838,6118,0.057968061061914114,0.49434389140271495
1028,0.49978,57,78,57,599430,6180,101895,6061,0.05724554448108489,0.49513928600604523
1029,0.49979,56,65,56,599495,6115,101951,6005,0.056643447330393865,0.4954620462046205
1030,0.4998,63,81,63,599576,6034,102014,5942,0.05589314165030197,0.49615898463593855
1031,0.49981,69,80,69,599656,5954,102083,5873,0.05515209900329764,0.4965756320284096
1032,0.49982,68,76,68,599732,5878,102151,5805,0.054448108488643523,0.4968758024480014
1033,0.49983,76,80,76,599812,5798,102227,5729,0.05370706584163919,0.4970070269801336
1034,0.49984,62,77,62,599889,5721,102289,5667,0.05299381229389751,0.4976290832455216
1035,0.49985,68,70,68,599959,5651,102357,5599,0.05234539997776872,0.4976888888888889
1036,0.49986,52,74,52,600033,5577,102409,5547,0.05165993552928971,0.4986515641855448
1037,0.49987,61,67,61,600100,5510,102470,5486,0.05103931231242358,0.4989086940705711
1038,0.49988,63,60,63,600160,5450,102533,5423,0.05048353032717033,0.49875839234801805
1039,0.49989,67,63,67,600223,5387,102600,5356,0.04989995924265442,0.4985572000372335
1040,0.4999,53,76,53,600299,5311,102653,5303,0.0491959687280003,0.4996231392500471
1041,0.49991,62,78,62,600377,5233,102715,5241,0.04847345214717107,0.5003818980332251
1042,0.49992,53,61,53,600438,5172,102768,5188,0.047908407128830266,0.5007722007722007
1043,0.49993,60,64,60,600502,5108,102828,5128,0.0473155730112268,0.5009769441187965
1044,0.49994,78,72,78,600574,5036,102906,5050,0.046648634628922894,0.5006940313305572
1045,0.49995,63,78,63,600652,4958,102969,4987,0.04592611804809367,0.5014580191050779
1046,0.49996,65,66,65,600718,4892,103034,4922,0.04531475786431509,0.5015284287752191
1047,0.49997,50,67,50,600785,4825,103084,4872,0.04469413464744896,0.5024234299267815
1048,0.49998,46,63,46,600848,4762,103130,4826,0.044110563562933046,0.5033375052148519
1049,0.49999,55,75,55,600923,4687,103185,4771,0.04341583608136648,0.5044406851342779
1050,0.5,52,60,52,600983,4627,103237,4719,0.04286005409611323,0.5049218917183822
1051,0.50001,57,77,57,601060,4550,103294,4662,0.04214680054837156,0.506079027355623
1052,0.50002,57,54,57,601114,4496,103351,4605,0.04164659676164363,0.5059883529282496
1053,0.50003,50,63,50,601177,4433,103401,4555,0.04106302567712772,0.5067868268802849
1054,0.50004,57,61,57,601238,4372,103458,4498,0.04049798065878691,0.5071025930101466
1055,0.50005,60,79,60,601317,4293,103518,4438,0.03976620104487013,0.5083037452754553
1056,0.50006,55,46,55,601363,4247,103573,4383,0.03934010152284264,0.5078794901506373
1057,0.50007,45,48,45,601411,4199,103618,4338,0.03889547593464004,0.5081410331498184
1058,0.50008,56,53,56,601464,4146,103674,4282,0.03840453518099966,0.5080683436165164
1059,0.50009,55,49,55,601513,4097,103729,4227,0.03795064655970951,0.5078087457952907
1060,0.5001,49,68,49,601581,4029,103778,4178,0.03732076030975583,0.5090776166686974
1061,0.50011,51,58,51,601639,3971,103829,4127,0.036783504390677686,0.509632007903186
1062,0.50012,51,62,51,601701,3909,103880,4076,0.03620919633924932,0.5104571070757671
1063,0.50013,66,42,66,601743,3867,103946,4010,0.03582014894957205,0.5090770597943379
1064,0.50014,62,44,62,601787,3823,104008,3948,0.035412575493719664,0.50804272294428
1065,0.50015,57,64,57,601851,3759,104065,3891,0.034819741376116195,0.5086274509803922
1066,0.50016,54,46,54,601897,3713,104119,3837,0.034393641854088705,0.5082119205298014
1067,0.50017,48,60,48,601957,3653,104167,3789,0.03383785986883545,0.5091373286750873
1068,0.50018,53,61,53,602018,3592,104220,3736,0.033272814850494645,0.509825327510917
1069,0.50019,39,41,39,602059,3551,104259,3697,0.03289303049390493,0.5100717439293598
1070,0.5002,41,70,41,602129,3481,104300,3656,0.03224461817777613,0.5122600532436598
1071,0.50021,48,41,48,602170,3440,104348,3608,0.03186483382118641,0.5119182746878547
1072,0.50022,65,55,65,602225,3385,104413,3543,0.031355367001370926,0.5114030023094688
1073,0.50023,36,57,36,602282,3328,104449,3507,0.030827374115380342,0.5130943672275055
1074,0.50024,45,40,45,602322,3288,104494,3462,0.030456852791878174,0.5128888888888888
1075,0.50025,50,51,50,602373,3237,104544,3412,0.029984438104412908,0.5131598736652128
1076,0.50026,45,44,45,602417,3193,104589,3367,0.029576864648560526,0.5132621951219513
1077,0.50027,30,50,30,602467,3143,104619,3337,0.029113712994182816,0.5149691358024692
1078,0.50028,41,41,41,602508,3102,104660,3296,0.028733928637593092,0.5151609878086902
1079,0.50029,37,41,37,602549,3061,104697,3259,0.02835414428100337,0.5156645569620253
1080,0.5003,40,42,40,602591,3019,104737,3219,0.027965096891326095,0.516030779095864
1081,0.50031,48,43,48,602634,2976,104785,3171,0.027566786468561266,0.5158613958028306
1082,0.50032,39,34,39,602668,2942,104824,3132,0.027251843343584423,0.5156404346394469
1083,0.50033,56,33,56,602701,2909,104880,3076,0.026946163251695136,0.5139515455304929
1084,0.50034,52,43,52,602744,2866,104932,3024,0.026547852828930307,0.5134125636672326
1085,0.50035,31,37,31,602781,2829,104963,2993,0.0262051206046908,0.5140845070422535
1086,0.50036,39,37,39,602818,2792,105002,2954,0.025862388380451296,0.5140967629655413
1087,0.50037,38,37,38,602855,2755,105040,2916,0.02551965615621179,0.5141950273320403
1088,0.50038,37,47,37,602902,2708,105077,2879,0.025084293601096742,0.5153033828530518
1089,0.50039,42,41,42,602943,2667,105119,2837,0.024704509244507022,0.5154433139534884
1090,0.5004,38,41,38,602984,2626,105157,2799,0.0243247248879173,0.5159447004608295
1091,0.50041,33,43,33,603027,2583,105190,2766,0.02392641446515247,0.517106001121705
1092,0.50042,43,39,43,603066,2544,105233,2723,0.023565156174737856,0.5169925954053541
1093,0.50043,48,36,48,603102,2508,105281,2675,0.023231686983585905,0.5161103607949065
1094,0.50044,29,40,29,603142,2468,105310,2646,0.022861165660083737,0.5174032068830661
1095,0.50045,39,42,39,603184,2426,105349,2607,0.02247211827040646,0.5179813232664415
1096,0.50046,35,50,35,603234,2376,105384,2572,0.022008966616028754,0.5198059822150364
1097,0.50047,44,31,44,603265,2345,105428,2528,0.02172181259031457,0.5187769341268212
1098,0.50048,41,34,41,603299,2311,105469,2487,0.02140686946533773,0.5183409754064193
1099,0.50049,28,40,28,603339,2271,105497,2459,0.021036348141835564,0.5198731501057082
1100,0.5005,18,34,18,603373,2237,105515,2441,0.02072140501685872,0.5218041898247114
1101,0.50051,30,43,30,603416,2194,105545,2411,0.02032309459409389,0.5235613463626493
1102,0.50052,40,28,40,603444,2166,105585,2371,0.020063729667642374,0.5225920211593564
1103,0.50053,23,31,23,603475,2135,105608,2348,0.019776575641928192,0.5237564131162168
1104,0.50054,32,33,32,603508,2102,105640,2316,0.019470895550038905,0.5242191036668176
1105,0.50055,44,31,44,603539,2071,105684,2272,0.019183741524324723,0.5231406861616394
1106,0.50056,37,29,37,603568,2042,105721,2235,0.018915113564785653,0.5225625438391396
1107,0.50057,35,29,35,603597,2013,105756,2200,0.018646485605246583,0.5221932114882507
1108,0.50058,43,37,43,603634,1976,105799,2157,0.018303753381007076,0.5218969271715461
1109,0.50059,21,30,21,603664,1946,105820,2136,0.018025862388380453,0.5232729054385106
1110,0.5006,23,35,23,603699,1911,105843,2113,0.017701656230316054,0.5250994035785288
1111,0.50061,23,30,23,603729,1881,105866,2090,0.017423765237689428,0.5263157894736842
1112,0.50062,24,20,24,603749,1861,105890,2066,0.017238504575938344,0.5261013496307614
1113,0.50063,35,33,35,603782,1828,105925,2031,0.016932824484049057,0.5263021508162736
1114,0.50064,28,25,28,603807,1803,105953,2003,0.016701248656860204,0.5262743037309511
1115,0.50065,27,24,27,603831,1779,105980,1976,0.016478935862758903,0.5262316910785619
1116,0.50066,34,32,34,603863,1747,106014,1942,0.016182518803957168,0.5264299268094335
1117,0.50067,22,25,22,603888,1722,106036,1920,0.015950942976768315,0.5271828665568369
1118,0.50068,20,29,20,603917,1693,106056,1900,0.01568231501722924,0.528806011689396
1119,0.50069,32,34,32,603951,1659,106088,1868,0.0153673718922524,0.5296285795293451
1120,0.5007,35,17,35,603968,1642,106123,1833,0.015209900329763978,0.5274820143884892
1121,0.50071,26,32,26,604000,1610,106149,1807,0.014913483270962244,0.5288264559555166
1122,0.50072,28,29,28,604029,1581,106177,1779,0.014644855311423172,0.5294642857142857
1123,0.50073,35,35,35,604064,1546,106212,1744,0.014320649153358777,0.5300911854103344
1124,0.50074,21,30,21,604094,1516,106233,1723,0.01404275816073215,0.531954306884841
1125,0.50075,32,29,32,604123,1487,106265,1691,0.013774130201193079,0.5320956576463184
1126,0.50076,31,28,31,604151,1459,106296,1660,0.01351476527474156,0.5322218659826867
1127,0.50077,18,27,18,604178,1432,106314,1642,0.013264663381377599,0.5341574495770982
1128,0.50078,40,25,40,604203,1407,106354,1602,0.013033087554188744,0.5324027916251246
1129,0.50079,27,31,27,604234,1376,106381,1575,0.012745933528474564,0.5337173839376482
1130,0.5008,26,22,26,604256,1354,106407,1549,0.012542146800548371,0.5335859455735447
1131,0.50081,28,28,28,604284,1326,106435,1521,0.012282781874096853,0.5342465753424658
1132,0.50082,25,27,25,604311,1299,106460,1496,0.012032679980732892,0.5352415026833631
1133,0.50083,28,38,28,604349,1261,106488,1468,0.011680684723405832,0.537925980212532
1134,0.50084,32,22,32,604371,1239,106520,1436,0.01147689799547964,0.536822429906542
1135,0.50085,18,26,18,604397,1213,106538,1418,0.01123605913520323,0.5389585708855948
1136,0.50086,22,27,22,604424,1186,106560,1396,0.010985957241839268,0.5406661502711076
1137,0.50087,31,25,31,604449,1161,106591,1365,0.010754381414650413,0.5403800475059383
1138,0.50088,25,21,25,604470,1140,106616,1340,0.010559857719811775,0.5403225806451613
1139,0.50089,21,25,21,604495,1115,106637,1319,0.01032828189262292,0.5419063270336894
1140,0.5009,31,19,31,604514,1096,106668,1288,0.01015228426395939,0.540268456375839
1141,0.50091,19,13,19,604527,1083,106687,1269,0.010031864833821187,0.5395408163265306
1142,0.50092,19,20,19,604547,1063,106706,1250,0.009846604172070103,0.5404236921746649
1143,0.50093,29,24,29,604571,1039,106735,1221,0.009624291377968802,0.5402654867256638
1144,0.50094,27,20,27,604591,1019,106762,1194,0.009439030716217718,0.5395390872119296
1145,0.50095,29,20,29,604611,999,106791,1165,0.009253770054466634,0.538354898336414
1146,0.50096,16,20,16,604631,979,106807,1149,0.00906850939271555,0.5399436090225563
1147,0.50097,21,17,21,604648,962,106828,1128,0.00891103783022713,0.539712918660287
1148,0.50098,19,19,19,604667,943,106847,1109,0.0087350402015636,0.5404483430799221
1149,0.50099,15,22,15,604689,921,106862,1094,0.008531253473637408,0.5429280397022332
1150,0.501,25,23,25,604712,898,106887,1069,0.008318203712623661,0.543467208947636
1151,0.50101,24,20,24,604732,878,106911,1045,0.008132943050872577,0.5434217368694748
1152,0.50102,11,28,11,604760,850,106922,1034,0.007873578124421061,0.5488322717622081
1153,0.50103,20,16,20,604776,834,106942,1014,0.007725369595020193,0.5487012987012987
1154,0.50104,20,22,20,604798,812,106962,994,0.007521582867094001,0.5503875968992248
1155,0.50105,21,16,21,604814,796,106983,973,0.007373374337693134,0.5500282645562464
1156,0.50106,15,18,15,604832,778,106998,958,0.0072066397421171585,0.5518433179723502
1157,0.50107,13,10,13,604842,768,107011,945,0.007114009411241617,0.5516637478108581
1158,0.50108,26,19,26,604861,749,107037,919,0.006938011782578087,0.5509592326139089
1159,0.50109,26,22,26,604883,727,107063,893,0.006734225054651895,0.5512345679012346
1160,0.5011,28,20,28,604903,707,107091,865,0.006548964392900812,0.5502544529262087
1161,0.50111,26,18,26,604921,689,107117,839,0.006382229797324836,0.5490837696335078
1162,0.50112,18,18,18,604939,671,107135,821,0.00621549520174886,0.5502680965147453
1163,0.50113,15,19,15,604958,652,107150,806,0.006039497573085331,0.5528120713305898
1164,0.50114,8,13,8,604971,639,107158,798,0.005919078142947127,0.5553235908141962
1165,0.50115,19,16,19,604987,623,107177,779,0.0057708696135462595,0.5556348074179743
1166,0.50116,13,14,13,605001,609,107190,766,0.005641187150320501,0.5570909090909091
1167,0.50117,13,14,13,605015,595,107203,753,0.005511504687094743,0.5586053412462908
1168,0.50118,11,8,11,605023,587,107214,742,0.005437400422394309,0.5583145221971407
1169,0.50119,21,10,21,605033,577,107235,721,0.005344770091518767,0.5554699537750385
1170,0.5012,6,15,6,605048,562,107241,715,0.005205824595205454,0.5599060297572436
1171,0.50121,20,12,20,605060,550,107261,695,0.0050946681981548034,0.5582329317269076
1172,0.50122,13,10,13,605070,540,107274,682,0.005002037867279262,0.55810147299509
1173,0.50123,12,16,12,605086,524,107286,670,0.004853829337878395,0.5611390284757118
1174,0.50124,12,9,12,605095,515,107298,658,0.004770462040090407,0.5609548167092924
1175,0.50125,17,14,17,605109,501,107315,641,0.004640779576864648,0.5612959719789843
1176,0.50126,12,14,12,605123,487,107327,629,0.00451109711363889,0.5636200716845878
1177,0.50127,16,7,16,605130,480,107343,613,0.004446255882026011,0.5608417200365965
1178,0.50128,17,9,17,605139,471,107360,596,0.004362888584238023,0.5585754451733833
1179,0.50129,16,9,16,605148,462,107376,580,0.004279521286450035,0.5566218809980806
1180,0.5013,9,12,9,605160,450,107385,571,0.004168364889399385,0.5592556317335945
1181,0.50131,11,13,11,605173,437,107396,560,0.00404794545926118,0.5616850551654965
1182,0.50132,7,15,7,605188,422,107403,553,0.003908999962947868,0.5671794871794872
1183,0.50133,19,10,19,605198,412,107422,534,0.003816369632072326,0.5644820295983086
1184,0.50134,11,8,11,605206,404,107433,523,0.0037422653673718923,0.564185544768069
1185,0.50135,9,10,9,605216,394,107442,514,0.0036496350364963502,0.566079295154185
1186,0.50136,10,10,10,605226,384,107452,504,0.0035570047056208086,0.5675675675675675
1187,0.50137,14,12,14,605238,372,107466,490,0.003445848308570158,0.568445475638051
1188,0.50138,9,11,9,605249,361,107475,481,0.003343954944607062,0.5712589073634204
1189,0.50139,11,11,11,605260,350,107486,470,0.003242061580643966,0.573170731707317
1190,0.5014,7,8,7,605268,342,107493,463,0.0031679573159435325,0.5751552795031056
1191,0.50141,19,7,19,605275,335,107512,444,0.003103116084330653,0.5699614890885751
1192,0.50142,10,11,10,605286,324,107522,434,0.0030012227203675573,0.5725593667546174
1193,0.50143,5,6,5,605292,318,107527,429,0.002945644521842232,0.5742971887550201
1194,0.50144,5,8,5,605300,310,107532,424,0.0028715402571417984,0.5776566757493188
1195,0.50145,12,11,12,605311,299,107544,412,0.0027696468931787026,0.5794655414908579
1196,0.50146,15,8,15,605319,291,107559,397,0.002695542628478269,0.5770348837209303
1197,0.50147,7,3,7,605322,288,107566,390,0.0026677535292156064,0.5752212389380531
1198,0.50148,8,9,8,605331,279,107574,382,0.0025843862314276185,0.5779122541603631
1199,0.50149,15,7,15,605338,272,107589,367,0.0025195449998147395,0.5743348982785602
1200,0.5015,9,10,9,605348,262,107598,358,0.0024269146689391975,0.5774193548387097
1201,0.50151,8,4,8,605352,258,107606,350,0.0023898625365889807,0.5756578947368421
1202,0.50152,6,3,6,605355,255,107612,344,0.002362073437326318,0.5742904841402338
1203,0.50153,12,7,12,605362,248,107624,332,0.0022972322057134387,0.5724137931034483
1204,0.50154,9,5,9,605367,243,107633,323,0.002250917040275668,0.5706713780918727
1205,0.50155,8,4,8,605371,239,107641,315,0.0022138649079254513,0.5685920577617328
1206,0.50156,8,8,8,605379,231,107649,307,0.0021397606432250176,0.570631970260223
1207,0.50157,4,5,4,605384,226,107653,303,0.0020934454777872466,0.5727788279773157
1208,0.50158,9,1,9,605385,225,107662,294,0.0020841824446996924,0.5664739884393064
1209,0.50159,8,6,8,605391,219,107670,286,0.002028604246174367,0.5663366336633663
1210,0.5016,10,6,10,605397,213,107680,276,0.0019730260476490424,0.5644171779141104
1211,0.50161,8,7,8,605404,206,107688,268,0.001908184816036163,0.5654008438818565
1212,0.50162,7,3,7,605407,203,107695,261,0.0018803957167735003,0.5625
1213,0.50163,4,4,4,605411,199,107699,257,0.0018433435844232835,0.5635964912280702
1214,0.50164,10,3,10,605414,196,107709,247,0.001815554485160621,0.5575620767494357
1215,0.50165,5,5,5,605419,191,107714,242,0.0017692393197228501,0.558891454965358
1216,0.50166,4,3,4,605422,188,107718,238,0.0017414502204601875,0.5586854460093896
1217,0.50167,5,10,5,605432,178,107723,233,0.0016488198895846457,0.5669099756690997
1218,0.50168,6,6,6,605438,172,107729,227,0.0015932416910593205,0.568922305764411
1219,0.50169,5,8,5,605446,164,107734,222,0.001519137426358887,0.5751295336787565
1220,0.5017,8,1,8,605447,163,107742,214,0.0015098743932713328,0.5676392572944297
1221,0.50171,5,3,5,605450,160,107747,209,0.0014820852940086702,0.5663956639566395
1222,0.50172,5,3,5,605453,157,107752,204,0.0014542961947460076,0.5650969529085873
1223,0.50173,7,4,7,605457,153,107759,197,0.0014172440623957908,0.5628571428571428
1224,0.50174,3,6,3,605463,147,107762,194,0.0013616658638704658,0.5689149560117303
1225,0.50175,5,5,5,605468,142,107767,189,0.0013153506984326948,0.5709969788519638
1226,0.50176,4,3,4,605471,139,107771,185,0.0012875615991700322,0.5709876543209876
1227,0.50177,4,8,4,605479,131,107775,181,0.0012134573344695988,0.5801282051282052
1228,0.50178,2,6,2,605485,125,107777,179,0.0011578791359442735,0.5888157894736842
1229,0.50179,5,2,5,605487,123,107782,174,0.0011393530697691651,0.5858585858585859
1230,0.5018,3,5,3,605492,118,107785,171,0.0010930379043313943,0.5916955017301038
1231,0.50181,5,5,5,605497,113,107790,166,0.0010467227388936233,0.5949820788530465
1232,0.50182,2,3,2,605500,110,107792,164,0.0010189336396309607,0.5985401459854015
1233,0.50183,5,3,5,605503,107,107797,159,0.0009911445403682983,0.5977443609022557
1234,0.50184,6,1,6,605504,106,107803,153,0.000981881507280744,0.5907335907335908
1235,0.50185,5,0,5,605504,106,107808,148,0.000981881507280744,0.5826771653543307
1236,0.50186,4,4,4,605508,102,107812,144,0.0009448293749305273,0.5853658536585366
1237,0.50187,1,1,1,605509,101,107813,143,0.0009355663418429731,0.5860655737704918
1238,0.50188,4,3,4,605512,98,107817,139,0.0009077772425803105,0.5864978902953587
1239,0.50189,4,3,4,605515,95,107821,135,0.000879988143317648,0.5869565217391305
1240,0.5019,2,5,2,605520,90,107823,133,0.0008336729778798769,0.5964125560538116
1241,0.50191,0,1,0,605521,89,107823,133,0.0008244099447923228,0.5990990990990991
1242,0.50192,2,3,2,605524,86,107825,131,0.0007966208455296602,0.6036866359447005
1243,0.50193,2,3,2,605527,83,107827,129,0.0007688317462669976,0.6084905660377359
1244,0.50194,3,1,3,605528,82,107830,126,0.0007595687131794435,0.6057692307692307
1245,0.50195,3,1,3,605529,81,107833,123,0.0007503056800918893,0.6029411764705882
1246,0.50196,3,1,3,605530,80,107836,120,0.0007410426470043351,0.6
1247,0.50197,2,2,2,605532,78,107838,118,0.0007225165808292267,0.6020408163265306
1248,0.50198,6,0,6,605532,78,107844,112,0.0007225165808292267,0.5894736842105263
1249,0.50199,5,3,5,605535,75,107849,107,0.0006947274815665642,0.5879120879120879
1250,0.502,2,3,2,605538,72,107851,105,0.0006669383823039016,0.5932203389830508
1251,0.50201,4,3,4,605541,69,107855,101,0.000639149283041239,0.5941176470588235
1252,0.50202,0,1,0,605542,68,107855,101,0.0006298862499536849,0.5976331360946746
1253,0.50203,3,3,3,605545,65,107858,98,0.0006020971506910223,0.6012269938650306
1254,0.50204,1,1,1,605546,64,107859,97,0.0005928341176034681,0.6024844720496895
1255,0.50205,5,0,5,605546,64,107864,92,0.0005928341176034681,0.5897435897435898
1256,0.50206,2,2,2,605548,62,107866,90,0.0005743080514283597,0.5921052631578947
1257,0.50207,4,1,4,605549,61,107870,86,0.0005650450183408056,0.5850340136054422
1258,0.50208,2,2,2,605551,59,107872,84,0.0005465189521656972,0.5874125874125874
1259,0.50209,5,3,5,605554,56,107877,79,0.0005187298529030345,0.5851851851851851
1260,0.5021,4,1,4,605555,55,107881,75,0.0005094668198154803,0.5769230769230769
1261,0.50211,3,2,3,605557,53,107884,72,0.000490940753640372,0.576
1262,0.50212,2,1,2,605558,52,107886,70,0.00048167772055281784,0.5737704918032787
1263,0.50213,1,2,1,605560,50,107887,69,0.00046315165437770943,0.5798319327731093
1264,0.50214,0,1,0,605561,49,107887,69,0.00045388862129015523,0.5847457627118644
1265,0.50215,1,1,1,605562,48,107888,68,0.0004446255882026011,0.5862068965517241
1266,0.50216,0,2,0,605564,46,107888,68,0.00042609952202749267,0.5964912280701754
1267,0.50217,3,2,3,605566,44,107891,65,0.0004075734558523843,0.5963302752293578
1268,0.50218,2,2,2,605568,42,107893,63,0.0003890473896772759,0.6
1269,0.50219,1,0,1,605568,42,107894,62,0.0003890473896772759,0.5961538461538461
1270,0.5022,1,1,1,605569,41,107895,61,0.00037978435658972176,0.5980392156862745
1271,0.50221,1,0,1,605569,41,107896,60,0.00037978435658972176,0.594059405940594
1272,0.50222,2,0,2,605569,41,107898,58,0.00037978435658972176,0.5858585858585859
1273,0.50223,2,3,2,605572,38,107900,56,0.00035199525732705915,0.5957446808510638
1274,0.50224,2,0,2,605572,38,107902,54,0.00035199525732705915,0.5869565217391305
1275,0.50225,1,4,1,605576,34,107903,53,0.00031494312497684244,0.6091954022988506
1276,0.50226,3,0,3,605576,34,107906,50,0.00031494312497684244,0.5952380952380952
1277,0.50227,4,3,4,605579,31,107910,46,0.00028715402571417983,0.5974025974025974
1278,0.50228,1,0,1,605579,31,107911,45,0.00028715402571417983,0.5921052631578947
1279,0.50229,1,2,1,605581,29,107912,44,0.0002686279595390715,0.6027397260273972
1280,0.5023,2,0,2,605581,29,107914,42,0.0002686279595390715,0.5915492957746479
1281,0.50231,2,3,2,605584,26,107916,40,0.00024083886027640892,0.6060606060606061
1282,0.50234,1,2,1,605586,24,107917,39,0.00022231279410130054,0.6190476190476191
1283,0.50235,1,1,1,605587,23,107918,38,0.00021304976101374634,0.6229508196721312
1284,0.50236,1,0,1,605587,23,107919,37,0.00021304976101374634,0.6166666666666667
1285,0.50237,1,1,1,605588,22,107920,36,0.00020378672792619216,0.6206896551724138
1286,0.50238,0,2,0,605590,20,107920,36,0.00018526066175108378,0.6428571428571429
1287,0.50239,2,0,2,605590,20,107922,34,0.00018526066175108378,0.6296296296296297
1288,0.50241,1,1,1,605591,19,107923,33,0.00017599762866352957,0.6346153846153846
1289,0.50242,2,0,2,605591,19,107925,31,0.00017599762866352957,0.62
1290,0.50243,1,2,1,605593,17,107926,30,0.00015747156248842122,0.6382978723404256
1291,0.50244,1,0,1,605593,17,107927,29,0.00015747156248842122,0.6304347826086957
1292,0.50245,2,2,2,605595,15,107929,27,0.00013894549631331284,0.6428571428571429
1293,0.50246,2,1,2,605596,14,107931,25,0.00012968246322575864,0.6410256410256411
1294,0.50247,2,0,2,605596,14,107933,23,0.00012968246322575864,0.6216216216216216
1295,0.50249,1,3,1,605599,11,107934,22,0.00010189336396309608,0.6666666666666666
1296,0.50251,1,2,1,605601,9,107935,21,8.33672977879877e-05,0.7
1297,0.50252,1,0,1,605601,9,107936,20,8.33672977879877e-05,0.6896551724137931
1298,0.50255,0,2,0,605603,7,107936,20,6.484123161287932e-05,0.7407407407407407
1299,0.50256,1,1,1,605604,6,107937,19,5.5578198525325135e-05,0.76
1300,0.50257,1,0,1,605604,6,107938,18,5.5578198525325135e-05,0.75
1301,0.50258,2,0,2,605604,6,107940,16,5.5578198525325135e-05,0.7272727272727273
1302,0.5026,0,2,0,605606,4,107940,16,3.7052132350216754e-05,0.8
1303,0.50261,1,0,1,605606,4,107941,15,3.7052132350216754e-05,0.7894736842105263
1304,0.50264,1,0,1,605606,4,107942,14,3.7052132350216754e-05,0.7777777777777778
1305,0.50267,1,0,1,605606,4,107943,13,3.7052132350216754e-05,0.7647058823529411
1306,0.50268,2,0,2,605606,4,107945,11,3.7052132350216754e-05,0.7333333333333333
1307,0.50269,1,0,1,605606,4,107946,10,3.7052132350216754e-05,0.7142857142857143
1308,0.50272,1,1,1,605607,3,107947,9,2.7789099262662567e-05,0.75
1309,0.50274,1,0,1,605607,3,107948,8,2.7789099262662567e-05,0.7272727272727273
1310,0.50275,1,0,1,605607,3,107949,7,2.7789099262662567e-05,0.7
1311,0.50277,1,0,1,605607,3,107950,6,2.7789099262662567e-05,0.6666666666666666
1312,0.50279,0,1,0,605608,2,107950,6,1.8526066175108377e-05,0.75
1313,0.50286,1,0,1,605608,2,107951,5,1.8526066175108377e-05,0.7142857142857143
1314,0.50287,1,0,1,605608,2,107952,4,1.8526066175108377e-05,0.6666666666666666
1315,0.5029,1,1,1,605609,1,107953,3,9.263033087554189e-06,0.75
1316,0.50295,1,0,1,605609,1,107954,2,9.263033087554189e-06,0.6666666666666666
1317,0.503,1,0,1,605609,1,107955,1,9.263033087554189e-06,0.5
1318,0.50317,0,1,0,605610,0,107955,1,0.0,1.0
1319,0.50379,1,0,1,605610,0,107956,0,0.0,
