,y_proba,y_test,Neg,Pos,TN,FP,FN,TP,FP/P,Prec
0,0.0,2150,75995,2150,75995,529615,2150,105806,4.905841268665012,0.16651322509013708
1,0.02,0,1,0,75996,529614,2150,105806,4.9058320056319245,0.16651348714236253
2,0.025,0,2,0,75998,529612,2150,105806,4.905813479565749,0.16651401124928786
3,0.0333333333333333,1,23,1,76021,529589,2151,105805,4.9056004298047355,0.16651872696311265
4,0.05,8,174,8,76195,529415,2159,105797,4.9039886620475,0.16655384344124483
5,0.06,0,5,0,76200,529410,2159,105797,4.903942346882063,0.16655515446145902
6,0.0666666666666666,2,77,2,76277,529333,2161,105795,4.903229093334321,0.16657272234888085
7,0.075,0,33,0,76310,529300,2161,105795,4.902923413242432,0.16658137758917957
8,0.08,1,10,1,76320,529290,2162,105794,4.902830782911557,0.16658268827430703
9,0.0833333333333333,1,2,1,76322,529288,2163,105793,4.902812256845381,0.1665819005764619
10,0.0857142857142857,0,1,0,76323,529287,2163,105793,4.902802993812294,0.16658216287711786
11,0.1,4468,96163,4468,172486,433124,6631,101325,4.012041943013821,0.1895877810604941
12,0.11,0,1,0,172487,433123,6631,101325,4.012032679980733,0.18958813579618597
13,0.1166666666666666,0,3,0,172490,433120,6631,101325,4.01200489088147,0.1895892000112266
14,0.125,0,1,0,172491,433119,6631,101325,4.011995627848383,0.1895895547522285
15,0.1333333333333333,2,52,2,172543,433067,6633,101323,4.01151395012783,0.1896049701528846
16,0.1399999999999999,0,3,0,172546,433064,6633,101323,4.011486161028567,0.18960603457793695
17,0.15,24,355,24,172901,432709,6657,101299,4.008197784282485,0.1896956599901125
18,0.16,1,11,1,172912,432698,6658,101298,4.008095890918522,0.18969805017266048
19,0.1666666666666666,11,181,11,173093,432517,6669,101287,4.006419281929675,0.18974567444230467
20,0.1714285714285714,0,1,0,173094,432516,6669,101287,4.006410018896587,0.18974602990241718
21,0.175,1,75,1,173169,432441,6670,101286,4.005715291415021,0.18977117515134143
22,0.18,0,24,0,173193,432417,6670,101286,4.00549297862092,0.18977970893924148
23,0.1833333333333333,0,9,0,173202,432408,6670,101286,4.005409611323132,0.18978290930758074
24,0.1857142857142857,0,1,0,173203,432407,6670,101286,4.005400348290044,0.18978326491072584
25,0.195,0,1,0,173204,432406,6670,101286,4.0053910852569565,0.18978362051520353
26,0.2,7333,99090,7333,272294,333316,14003,93953,3.087517136611212,0.219891918206095
27,0.2083333333333333,0,1,0,272295,333315,14003,93953,3.0875078735781245,0.21989243285244858
28,0.2166666666666666,0,3,0,272298,333312,14003,93953,3.087480084478862,0.2198939768059635
29,0.225,0,6,0,272304,333306,14003,93953,3.0874245062803363,0.2198970647780386
30,0.2299999999999999,0,1,0,272305,333305,14003,93953,3.087415243247249,0.21989757944848312
31,0.2333333333333333,5,72,5,272377,333233,14008,93948,3.086748304864945,0.21992551166835603
32,0.24,0,3,0,272380,333230,14008,93948,3.0867205157656823,0.2199270561686229
33,0.2416666666666666,0,1,0,272381,333229,14008,93948,3.0867112527325946,0.219927571006866
34,0.25,42,476,42,272857,332753,14050,93906,3.082302048982919,0.2200961423525579
35,0.2523809523809524,0,1,0,272858,332752,14050,93906,3.0822927859498312,0.22009665821336996
36,0.255,0,1,0,272859,332751,14050,93906,3.082283522916744,0.22009717407660018
37,0.2583333333333333,0,1,0,272860,332750,14050,93906,3.0822742598836563,0.22009768994224857
38,0.26,2,11,2,272871,332739,14052,93904,3.082172366519693,0.2200997086557145
39,0.2666666666666666,23,208,23,273079,332531,14075,93881,3.0802456556374818,0.22016500473720252
40,0.275,7,105,7,273184,332426,14082,93874,3.0792730371632886,0.22020642739854562
41,0.2799999999999999,2,24,2,273208,332402,14084,93872,3.0790507243691874,0.22021516677066863
42,0.2833333333333333,3,16,3,273224,332386,14087,93869,3.0789025158397867,0.2202179446575407
43,0.2857142857142857,0,1,0,273225,332385,14087,93869,3.078893252806699,0.22021846129303185
44,0.3,9964,91210,9964,364435,241175,24051,83905,2.2340120048908814,0.25810569705918546
45,0.3166666666666666,0,11,0,364446,241164,24051,83905,2.233910111526918,0.25811443109001475
46,0.325,2,4,2,364450,241160,24053,83903,2.2338730593945684,0.2581130427024915
47,0.3333333333333333,7,62,7,364512,241098,24060,83896,2.2332987513431397,0.2581463042394629
48,0.3399999999999999,0,1,0,364513,241097,24060,83896,2.233289488310052,0.2581470985528919
49,0.3416666666666667,0,1,0,364514,241096,24060,83896,2.233280225276965,0.25814789287120915
50,0.35,62,502,62,365016,240594,24122,83834,2.2286301826670125,0.2584055630216874
51,0.36,4,12,4,365028,240582,24126,83830,2.2285190262699617,0.25840597758405975
52,0.3607142857142857,1,0,1,365028,240582,24127,83829,2.2285190262699617,0.2584036916134163
53,0.3666666666666666,39,291,39,365319,240291,24166,83790,2.2258234836414834,0.25854647449248797
54,0.3714285714285714,1,0,1,365319,240291,24167,83789,2.2258234836414834,0.25854418662058753
55,0.375,16,103,16,365422,240188,24183,83773,2.2248693912334656,0.25858976852151955
56,0.38,4,29,4,365451,240159,24187,83769,2.2246007632739264,0.25860376379936284
57,0.3833333333333333,1,10,1,365461,240149,24188,83768,2.224508132943051,0.25860945859587486
58,0.385,0,1,0,365462,240148,24188,83768,2.2244988699099633,0.25861025698020473
59,0.3857142857142857,0,4,0,365466,240144,24188,83768,2.224461817777613,0.2586134505668206
60,0.4,12252,78285,12252,443751,161859,36440,71516,1.4993052725184335,0.3064424209962507
61,0.4166666666666666,4,12,4,443763,161847,36444,71512,1.4991941161213829,0.30644629090800013
62,0.4166666666666667,0,5,0,443768,161842,36444,71512,1.499147800955945,0.30645285703266284
63,0.4183333333333333,0,1,0,443769,161841,36444,71512,1.4991385379228575,0.3064541702913612
64,0.42,0,2,0,443771,161839,36444,71512,1.4991200118566823,0.3064567968425248
65,0.425,2,13,2,443784,161826,36446,71510,1.4989995924265442,0.3064679260808448
66,0.4333333333333333,12,42,12,443826,161784,36458,71498,1.498610545036867,0.30648742723399147
67,0.4333333333333334,3,24,3,443850,161760,36461,71495,1.4983882322427655,0.30651004265717774
68,0.44,2,2,2,443852,161758,36463,71493,1.4983697061765904,0.30650672451565053
69,0.4416666666666666,2,4,2,443856,161754,36465,71491,1.4983326540442403,0.30650603442731894
70,0.4416666666666667,0,2,0,443858,161752,36465,71491,1.4983141279780652,0.30650866263939325
71,0.4428571428571429,0,1,0,443859,161751,36465,71491,1.4983048649449775,0.30650997676233266
72,0.4433333333333333,0,1,0,443860,161750,36465,71491,1.49829560191189,0.3065112908965405
73,0.4466666666666666,0,1,0,443861,161749,36465,71491,1.4982863388788026,0.30651260504201683
74,0.45,83,428,83,444289,161321,36548,71408,1.4943217607173294,0.30682897275371784
75,0.4571428571428571,1,0,1,444289,161321,36549,71407,1.4943217607173294,0.30682599429376783
76,0.4583333333333333,0,1,0,444290,161320,36549,71407,1.4943124976842417,0.3068273126882571
77,0.4599999999999999,4,6,4,444296,161314,36553,71403,1.4942569194857165,0.3068233089976237
78,0.4600000000000001,1,1,1,444297,161313,36554,71402,1.4942476564526288,0.3068216487978858
79,0.4666666666666666,32,176,32,444473,161137,36586,71370,1.4926173626292194,0.3069585001741883
80,0.4666666666666667,9,44,9,444517,161093,36595,71361,1.492209789173367,0.3069897700190145
81,0.475,17,80,17,444597,161013,36612,71344,1.4914687465263625,0.30704476301553213
82,0.48,11,30,11,444627,160983,36623,71333,1.4911908555337359,0.3070516021281358
83,0.4833333333333333,0,4,0,444631,160979,36623,71333,1.4911538034013858,0.3070568890113296
84,0.4833333333333334,0,7,0,444638,160972,36623,71333,1.491088962169773,0.3070661414950173
85,0.4857142857142857,0,1,0,444639,160971,36623,71333,1.4910796991366853,0.3070674633239204
86,0.49,0,1,0,444640,160970,36623,71333,1.4910704361035978,0.30706878516420366
87,0.4916666666666666,1,1,1,444641,160969,36624,71332,1.4910611730705101,0.30706712411913856
88,0.4933333333333333,0,1,0,444642,160968,36624,71332,1.4910519100374227,0.3070684459750323
89,0.5,13509,60315,13509,504957,100653,50133,57823,0.9323520693615918,0.3648691284484717
90,0.5083333333333333,0,1,0,504958,100652,50133,57823,0.9323428063285042,0.36487143082505125
91,0.51,0,1,0,504959,100651,50133,57823,0.9323335432954166,0.36487373323068767
92,0.5166666666666666,0,8,0,504967,100643,50133,57823,0.9322594390307162,0.36489215352189114
93,0.5166666666666667,1,7,1,504974,100636,50134,57822,0.9321945977991033,0.36490426485251615
94,0.525,3,9,3,504983,100627,50137,57819,0.9321112305013154,0.36491296719387045
95,0.53,1,1,1,504984,100626,50138,57818,0.9321019674682278,0.36491126202317536
96,0.5333333333333333,3,27,3,505011,100599,50141,57815,0.9318518655748639,0.3649614301766258
97,0.5333333333333334,4,15,4,505026,100584,50145,57811,0.9317129200785506,0.36497995517535275
98,0.5349999999999999,0,1,0,505027,100583,50145,57811,0.931703657045463,0.3649822594290188
99,0.5399999999999999,1,0,1,505027,100583,50146,57810,0.931703657045463,0.36497825030146536
100,0.5416666666666666,0,3,0,505030,100580,50146,57810,0.9316758679462003,0.3649851632047478
101,0.5416666666666667,1,4,1,505034,100576,50147,57809,0.9316388158138501,0.36499037156296366
102,0.55,100,381,100,505415,100195,50247,57709,0.9281096002074919,0.3654688924916405
103,0.5566666666666668,0,1,0,505416,100194,50247,57709,0.9281003371744044,0.36547120700683333
104,0.5571428571428572,0,1,0,505417,100193,50247,57709,0.9280910741413169,0.365473521551342
105,0.5583333333333333,1,3,1,505420,100190,50248,57708,0.9280632850420542,0.36547644682009905
106,0.5599999999999999,2,7,2,505427,100183,50250,57706,0.9279984438104413,0.3654846126075914
107,0.5666666666666667,52,162,52,505589,100021,50302,57654,0.9264978324502575,0.3656508641192326
108,0.5714285714285714,1,1,1,505590,100020,50303,57653,0.92648856941717,0.3656491599703183
109,0.5733333333333334,0,2,0,505592,100018,50303,57653,0.9264700433509948,0.36565379809857235
110,0.575,24,76,24,505668,99942,50327,57629,0.9257660528363407,0.3657335423396437
111,0.58,4,20,4,505688,99922,50331,57625,0.9255807921745897,0.3657638672903959
112,0.5816666666666668,0,1,0,505689,99921,50331,57625,0.9255715291415021,0.3657661889226004
113,0.5833333333333333,2,6,2,505695,99915,50333,57623,0.9255159509429768,0.3657720676916046
114,0.5833333333333334,2,11,2,505706,99904,50335,57621,0.9254140575790136,0.36578955721314077
115,0.5857142857142856,1,0,1,505706,99904,50336,57620,0.9254140575790136,0.3657855310936746
116,0.5916666666666666,0,3,0,505709,99901,50336,57620,0.925386268479751,0.36579249750826875
117,0.5916666666666667,0,2,0,505711,99899,50336,57620,0.9253677424135759,0.3657971419320844
118,0.6,13902,42559,13902,548270,57340,64238,43718,0.5311423172403572,0.4326030596291239
119,0.6000000000000001,1,1,1,548271,57339,64239,43717,0.5311330542072696,0.43260172577580747
120,0.605,0,3,0,548274,57336,64239,43717,0.5311052651080069,0.4326145685927187
121,0.6083333333333333,0,3,0,548277,57333,64239,43717,0.5310774760087443,0.43262741217219197
122,0.6125,1,0,1,548277,57333,64240,43716,0.5310774760087443,0.4326217973458421
123,0.6166666666666666,6,12,6,548289,57321,64246,43710,0.5309663196116936,0.4326394868901624
124,0.6166666666666667,0,8,0,548297,57313,64246,43710,0.5308922153469933,0.43267374756243626
125,0.625,3,9,3,548306,57304,64249,43707,0.5308088480492053,0.43269544901050383
126,0.63,0,3,0,548309,57301,64249,43707,0.5307810589499425,0.4327083003326469
127,0.6333333333333333,11,21,11,548330,57280,64260,43696,0.5305865352551039,0.4327364918396451
128,0.6333333333333334,6,16,6,548346,57264,64266,43690,0.530438326725703,0.43277136121401827
129,0.635,0,1,0,548347,57263,64266,43690,0.5304290636926156,0.43277564807385616
130,0.64,0,2,0,548349,57261,64266,43690,0.5304105376264404,0.43278422204832045
131,0.6416666666666666,1,6,1,548355,57255,64267,43689,0.5303549594279151,0.43280432715168804
132,0.6416666666666667,0,3,0,548358,57252,64267,43689,0.5303271703286524,0.43281719023984305
133,0.6466666666666666,1,0,1,548358,57252,64268,43688,0.5303271703286524,0.4328115712304339
134,0.65,111,247,111,548605,57005,64379,43577,0.5280392011560265,0.4332484937662803
135,0.6571428571428571,0,2,0,548607,57003,64379,43577,0.5280206750898514,0.433257108769139
136,0.6583333333333334,1,0,1,548607,57003,64380,43576,0.5280206750898514,0.4332514739657384
137,0.6599999999999999,2,2,2,548609,57001,64382,43574,0.5280021490236763,0.43324881928908776
138,0.6666666666666666,27,90,27,548699,56911,64409,43547,0.5271684760457964,0.4334846403472098
139,0.6666666666666667,16,63,16,548762,56848,64425,43531,0.5265849049612805,0.4336664043275984
140,0.67,0,1,0,548763,56847,64425,43531,0.526575641928193,0.43367072466078227
141,0.6714285714285715,0,1,0,548764,56846,64425,43531,0.5265663788951054,0.4336750450800482
142,0.675,16,47,16,548811,56799,64441,43515,0.5261310163399904,0.43378790597523775
143,0.6795238095238095,1,1,1,548812,56798,64442,43514,0.5261217533069028,0.4337865858521413
144,0.6799999999999999,6,13,6,548825,56785,64448,43508,0.5260013338767646,0.43380893980636737
145,0.6833333333333333,4,17,4,548842,56768,64452,43504,0.5258438623142762,0.43385990106909206
146,0.6857142857142857,0,2,0,548844,56766,64452,43504,0.5258253362481011,0.43386855490176524
147,0.6916666666666667,3,2,3,548846,56764,64455,43501,0.525806810181926,0.4338602702837481
148,0.6966666666666667,0,1,0,548847,56763,64455,43501,0.5257975471488384,0.43386459746269845
149,0.7,13372,27710,13372,576557,29053,77827,30129,0.26911890029271185,0.5090906018721909
150,0.7000000000000001,0,1,0,576558,29052,77827,30129,0.2691096372596243,0.5090992041364627
151,0.7083333333333333,0,1,0,576559,29051,77827,30129,0.26910037422653676,0.5091078066914498
152,0.7083333333333334,1,1,1,576560,29050,77828,30128,0.2690911111934492,0.5091081145020109
153,0.71,0,4,0,576564,29046,77828,30128,0.26905405906109897,0.5091425288133302
154,0.7166666666666666,9,13,9,576577,29033,77837,30119,0.2689336396309608,0.5091797403299972
155,0.7166666666666667,2,7,2,576584,29026,77839,30117,0.2688687983993479,0.5092234076729283
156,0.7214285714285713,0,2,0,576586,29024,77839,30117,0.26885027233317277,0.5092406283289089
157,0.725,4,7,4,576593,29017,77843,30113,0.2687854311015599,0.5092677152037882
158,0.73,0,2,0,576595,29015,77843,30113,0.2687669050353848,0.5092849411446354
159,0.7333333333333332,1,1,1,576596,29014,77844,30112,0.26875764200229724,0.5092852552176708
160,0.7333333333333333,15,18,15,576614,28996,77859,30097,0.26859090740672126,0.5093158242092972
161,0.7333333333333334,7,6,7,576620,28990,77866,30090,0.26853532920819595,0.5093094109681787
162,0.7366666666666666,0,1,0,576621,28989,77866,30090,0.2685260661751084,0.509318031787945
163,0.74,1,0,1,576621,28989,77867,30089,0.2685260661751084,0.5093097261247842
164,0.7416666666666666,2,1,2,576622,28988,77869,30087,0.2685168031420208,0.5093017350825222
165,0.7416666666666667,2,3,2,576625,28985,77871,30085,0.26848901404275816,0.5093109869646183
166,0.7466666666666667,2,1,2,576626,28984,77873,30083,0.2684797510096706,0.5093029949040919
167,0.7499999999999999,1,0,1,576626,28984,77874,30082,0.2684797510096706,0.5092946872989537
168,0.75,92,175,92,576801,28809,77966,29990,0.26685872021934864,0.510042687800813
169,0.755,0,2,0,576803,28807,77966,29990,0.2668401941531735,0.5100600370767217
170,0.7571428571428571,0,1,0,576804,28806,77966,29990,0.26683093112008593,0.5100687121572897
171,0.7583333333333333,2,0,2,576804,28806,77968,29988,0.26683093112008593,0.5100520461271558
172,0.76,5,9,5,576813,28797,77973,29983,0.266747563822298,0.5100884654644436
173,0.7630952380952382,0,1,0,576814,28796,77973,29983,0.2667383007892104,0.510097143537658
174,0.7633333333333333,1,0,1,576814,28796,77974,29982,0.2667383007892104,0.5100888087379631
175,0.7666666666666666,24,53,24,576867,28743,77998,29958,0.26624736003557004,0.5103490570859099
176,0.7666666666666667,27,43,27,576910,28700,78025,29931,0.2658490496128052,0.5104978594941243
177,0.7714285714285715,0,1,0,576911,28699,78025,29931,0.2658397865797177,0.5105065666041276
178,0.775,22,40,22,576951,28659,78047,29909,0.2654692652562155,0.5106713563720803
179,0.78,7,11,7,576962,28648,78054,29902,0.2653673718922524,0.5107087959009393
180,0.7816666666666666,2,0,2,576962,28648,78056,29900,0.2653673718922524,0.5106920817107331
181,0.7833333333333333,4,7,4,576969,28641,78060,29896,0.2653025306606395,0.5107197157353469
182,0.7833333333333334,4,5,4,576974,28636,78064,29892,0.26525621549520173,0.5107299070530344
183,0.7883333333333333,0,1,0,576975,28635,78064,29892,0.2652469524621142,0.5107386334512276
184,0.7916666666666666,0,1,0,576976,28634,78064,29892,0.26523768942902665,0.5107473601476267
185,0.7916666666666667,1,0,1,576976,28634,78065,29891,0.26523768942902665,0.5107390004271679
186,0.7925,0,1,0,576977,28633,78065,29891,0.2652284263959391,0.5107477274280637
187,0.7999999999999999,0,1,0,576978,28632,78065,29891,0.2652191633628515,0.5107564547272013
188,0.8,12466,16380,12466,593358,12252,90531,17425,0.11349068138871392,0.5871550358863766
189,0.8083333333333332,2,1,2,593359,12251,90533,17423,0.11348141835562636,0.5871469973714363
190,0.8083333333333333,0,1,0,593360,12250,90533,17423,0.1134721553225388,0.587166784619014
191,0.8133333333333335,0,1,0,593361,12249,90533,17423,0.11346289228945126,0.5871865732003235
192,0.8166666666666667,6,6,6,593367,12243,90539,17417,0.11340731409092593,0.5872218476062037
193,0.8166666666666668,2,9,2,593376,12234,90541,17415,0.11332394679313794,0.58737225538804
194,0.8233333333333333,1,0,1,593376,12234,90542,17414,0.11332394679313794,0.587358337830545
195,0.825,6,5,6,593381,12229,90548,17408,0.11327763162770017,0.5873738907446773
196,0.8300000000000001,2,0,2,593381,12229,90550,17406,0.11327763162770017,0.5873460435296103
197,0.8333333333333333,5,15,5,593396,12214,90555,17401,0.11313868613138686,0.5875738645956441
198,0.8333333333333334,3,5,3,593401,12209,90558,17398,0.1130923709659491,0.5876313034079779
199,0.835,0,1,0,593402,12208,90558,17398,0.11308310793286154,0.5876511517935553
200,0.8383333333333333,1,0,1,593402,12208,90559,17397,0.11308310793286154,0.5876372234419861
201,0.8399999999999999,0,2,0,593404,12206,90559,17397,0.11306458186668643,0.5876769246360166
202,0.8400000000000001,0,2,0,593406,12204,90559,17397,0.11304605580051132,0.587716631194892
203,0.8416666666666666,2,3,2,593409,12201,90561,17395,0.11301826670124866,0.5877483443708609
204,0.8416666666666668,2,0,2,593409,12201,90563,17393,0.11301826670124866,0.5877204838818679
205,0.845,0,2,0,593411,12199,90563,17393,0.11299974063507355,0.5877602054609354
206,0.8466666666666667,1,2,1,593413,12197,90564,17392,0.11298121456889844,0.5877860015546318
207,0.85,68,91,68,593504,12106,90632,17324,0.11213827855793101,0.5886510363574584
208,0.8516666666666666,0,1,0,593505,12105,90632,17324,0.11212901552484346,0.58867103877128
209,0.8549999999999999,1,0,1,593505,12105,90633,17323,0.11212901552484346,0.5886570613021612
210,0.8550000000000001,0,3,0,593508,12102,90633,17323,0.11210122642558079,0.5887170773152082
211,0.8583333333333332,1,1,1,593509,12101,90634,17322,0.11209196339249324,0.5887231077728308
212,0.8583333333333334,0,1,0,593510,12100,90634,17322,0.11208270035940568,0.5887431173951465
213,0.86,1,2,1,593512,12098,90635,17321,0.11206417429323058,0.5887691627859547
214,0.8666666666666666,26,32,26,593544,12066,90661,17295,0.11176775723442885,0.5890466945948708
215,0.8666666666666668,22,22,22,593566,12044,90683,17273,0.11156397050650264,0.589180339052427
216,0.8714285714285716,0,1,0,593567,12043,90683,17273,0.1115547074734151,0.58920043662164
217,0.875,16,18,16,593585,12025,90699,17257,0.11138797287783912,0.5893381599617512
218,0.8766666666666666,0,1,0,593586,12024,90699,17257,0.11137870984475157,0.5893582869437519
219,0.8799999999999999,0,1,0,593587,12023,90699,17257,0.11136944681166401,0.5893784153005465
220,0.8800000000000001,5,10,5,593597,12013,90704,17252,0.11127681648078847,0.5895096531693149
221,0.8833333333333332,4,4,4,593601,12009,90708,17248,0.11123976434843826,0.5895341285846122
222,0.8833333333333334,0,1,0,593602,12008,90708,17248,0.1112305013153507,0.5895542794640416
223,0.8857142857142858,1,0,1,593602,12008,90709,17247,0.1112305013153507,0.5895402495299948
224,0.8883333333333333,0,1,0,593603,12007,90709,17247,0.11122123828226314,0.5895604019963082
225,0.8916666666666666,1,0,1,593603,12007,90710,17246,0.11122123828226314,0.589546371312344
226,0.9,10420,8587,10420,602190,3420,101130,6826,0.03167957315943533,0.666211204372438
227,0.91,1,0,1,602190,3420,101131,6825,0.03167957315943533,0.6661786237188873
228,0.9166666666666666,2,4,2,602194,3416,101133,6823,0.03164252102708511,0.666373669303643
229,0.9166666666666669,2,2,2,602196,3414,101135,6821,0.03162399496091,0.666438690766976
230,0.925,1,4,1,602200,3410,101136,6820,0.03158694282855978,0.6666666666666666
231,0.9266666666666664,1,0,1,602200,3410,101137,6819,0.03158694282855978,0.6666340795776713
232,0.9333333333333332,5,4,5,602204,3406,101142,6814,0.031549890696209566,0.6667318982387476
233,0.9357142857142856,1,0,1,602204,3406,101143,6813,0.031549890696209566,0.6666992856443879
234,0.9399999999999998,1,0,1,602204,3406,101144,6812,0.031549890696209566,0.6666666666666666
235,0.94,0,1,0,602205,3405,101144,6812,0.03154062766312201,0.666731917392581
236,0.9416666666666668,4,4,4,602209,3401,101148,6808,0.031503575530771794,0.6668625722401802
237,0.9466666666666668,0,2,0,602211,3399,101148,6808,0.03148504946459669,0.666993239933379
238,0.95,46,39,46,602250,3360,101194,6762,0.031123791174182073,0.6680497925311203
239,0.9523809523809524,0,1,0,602251,3359,101194,6762,0.03111452814109452,0.6681157988341073
240,0.96,5,2,5,602253,3357,101199,6757,0.031096002074919412,0.6680838441763892
241,0.9607142857142856,1,0,1,602253,3357,101200,6756,0.031096002074919412,0.6680510234351824
242,0.9633333333333332,1,0,1,602253,3357,101201,6755,0.031096002074919412,0.6680181962025317
243,0.9666666666666666,9,6,9,602259,3351,101210,6746,0.031040423876394087,0.6681192433396058
244,0.9666666666666668,13,8,13,602267,3343,101223,6733,0.030966319611693653,0.6682215164747916
245,0.975,11,5,11,602272,3338,101234,6722,0.03092000444625588,0.6681908548707753
246,0.98,4,3,4,602275,3335,101238,6718,0.03089221534699322,0.6682582313737193
247,0.9833333333333332,1,1,1,602276,3334,101239,6717,0.030882952313905664,0.6682917122674361
248,0.9833333333333334,1,0,1,602276,3334,101240,6716,0.030882952313905664,0.6682587064676617
249,0.9857142857142858,1,0,1,602276,3334,101241,6715,0.030882952313905664,0.6682256940989153
250,0.9875,2,1,2,602277,3333,101243,6713,0.03087368928081811,0.6682261596655386
251,1.0,6713,3333,6713,605610,0,107956,0,0.0,
