,y_proba,y_test,Neg,Pos,TN,FP,FN,TP,FP/P,Prec
0,0.0,1901,27874,1901,27874,577736,1901,106055,5.351587683871207,0.15509856081755974
1,0.0032,0,4,0,27878,577732,1901,106055,5.351550631738856,0.15509946810922115
2,0.0034,0,4,0,27882,577728,1901,106055,5.3515135796065065,0.15510037541149752
3,0.0036,0,5,0,27887,577723,1901,106055,5.351467264441069,0.15510150955427054
4,0.0038,0,3,0,27890,577720,1901,106055,5.351439475341806,0.15510219004789588
5,0.0042,0,1,0,27891,577719,1901,106055,5.351430212308719,0.15510241688043125
6,0.0043,0,8,0,27899,577711,1901,106055,5.351356108044018,0.1551042315645996
7,0.0044,0,2,0,27901,577709,1901,106055,5.351337581977843,0.15510468524227658
8,0.0045,0,1,0,27902,577708,1901,106055,5.351328318944756,0.15510491208211033
9,0.0048,0,8,0,27910,577700,1901,106055,5.351254214680055,0.15510672682466672
10,0.005,0,1,0,27911,577699,1901,106055,5.351244951646967,0.15510695367047214
11,0.0053,0,4,0,27915,577695,1901,106055,5.351207899514617,0.15510786106032906
12,0.0056,2,18,2,27933,577677,1903,106053,5.3510411649190415,0.15510947303760256
13,0.0059,1,9,1,27942,577668,1904,106052,5.350957797621253,0.15511027906160416
14,0.0062,1,16,1,27958,577652,1905,106051,5.350809589091853,0.15511267319289224
15,0.0067,0,8,0,27966,577644,1905,106051,5.350735484827152,0.15511448818552132
16,0.0071,1,8,1,27974,577636,1906,106050,5.350661380562451,0.1551150674432415
17,0.0077,0,18,0,27992,577618,1906,106050,5.350494645966875,0.1551191514009724
18,0.008,0,1,0,27993,577617,1906,106050,5.350485382933788,0.15511937829381847
19,0.0083,0,20,0,28013,577597,1906,106050,5.350300122272037,0.1551239162901322
20,0.0087,0,4,0,28017,577593,1906,106050,5.350263070139687,0.15512482392125715
21,0.0091,0,32,0,28049,577561,1906,106050,5.349966653080885,0.15513208535263476
22,0.0093,0,1,0,28050,577560,1906,106050,5.3499573900477975,0.15513231228331945
23,0.0095,0,4,0,28054,577556,1906,106050,5.349920337915447,0.15513322001269736
24,0.01,7,62,7,28116,577494,1913,106043,5.3493460298640185,0.15513863916657036
25,0.0101,0,1,0,28117,577493,1913,106043,5.349336766830931,0.15513886613141079
26,0.0103,0,10,0,28127,577483,1913,106043,5.349244136500055,0.15514113581634056
27,0.0105,0,2,0,28129,577481,1913,106043,5.349225610433881,0.15514158976129588
28,0.0109,0,5,0,28134,577476,1913,106043,5.349179295268443,0.1551427246353064
29,0.0111,5,70,5,28204,577406,1918,106038,5.348530882952314,0.1551524338497375
30,0.0118,1,7,1,28211,577399,1919,106037,5.348466041720701,0.15515278680081238
31,0.0119,0,2,0,28213,577397,1919,106037,5.3484475156545255,0.15515324083964216
32,0.012,0,2,0,28215,577395,1919,106037,5.348428989588351,0.15515369488112937
33,0.0125,11,121,11,28336,577274,1930,106026,5.347308162584757,0.1551675691497146
34,0.0128,0,3,0,28339,577271,1930,106026,5.347280373485494,0.155168250409412
35,0.013,0,8,0,28347,577263,1930,106026,5.347206269220794,0.1551700671311846
36,0.0133,0,35,0,28382,577228,1930,106026,5.346882063062729,0.15517801578915016
37,0.0136,0,6,0,28388,577222,1930,106026,5.346826484864204,0.1551793784979978
38,0.0138,0,1,0,28389,577221,1930,106026,5.346817221831117,0.15517960561846594
39,0.0139,0,2,0,28391,577219,1930,106026,5.346798695764941,0.1551800598613967
40,0.0141,0,1,0,28392,577218,1930,106026,5.346789432731854,0.15518028698385936
41,0.0143,9,138,9,28530,577080,1939,106017,5.345511134165771,0.15520050593107568
42,0.0144,0,3,0,28533,577077,1939,106017,5.3454833450665085,0.15520118753787912
43,0.0149,0,2,0,28535,577075,1939,106017,5.345464819000333,0.15520164194574085
44,0.015,1,8,1,28543,577067,1940,106016,5.345390714735633,0.15520222286310742
45,0.0153,0,1,0,28544,577066,1940,106016,5.345381451702545,0.1552024500718801
46,0.0154,0,11,0,28555,577055,1940,106016,5.345279558338582,0.15520494941228657
47,0.0158,0,1,0,28556,577054,1940,106016,5.345270295305495,0.1552051766290424
48,0.0159,0,2,0,28558,577052,1940,106016,5.3452517692393196,0.15520563106454993
49,0.016,0,3,0,28561,577049,1940,106016,5.345223980140057,0.15520631272280092
50,0.0162,0,1,0,28562,577048,1940,106016,5.34521471710697,0.1552065399435485
51,0.0165,0,4,0,28566,577044,1940,106016,5.345177664974619,0.15520744883319182
52,0.0167,13,231,13,28797,576813,1953,106003,5.3430379043313945,0.15524387243415502
53,0.0171,0,4,0,28801,576809,1953,106003,5.343000852199044,0.15524478187260915
54,0.0172,0,4,0,28805,576805,1953,106003,5.342963800066694,0.15524569132171856
55,0.0174,0,13,0,28818,576792,1953,106003,5.342843380636555,0.15524864710491437
56,0.0175,0,3,0,28821,576789,1953,106003,5.342815591537293,0.15524932922471266
57,0.0176,0,8,0,28829,576781,1953,106003,5.342741487272592,0.15525114824014621
58,0.0177,0,2,0,28831,576779,1953,106003,5.342722961206418,0.15525160300066493
59,0.0179,1,30,1,28861,576749,1954,106002,5.342445070213791,0.15525718746658737
60,0.018,0,1,0,28862,576748,1954,106002,5.342435807180704,0.15525741486634934
61,0.0182,5,46,5,28908,576702,1959,105997,5.342009707658676,0.15526168926569395
62,0.0183,0,1,0,28909,576701,1959,105997,5.342000444625588,0.1552619166893707
63,0.0184,0,1,0,28910,576700,1959,105997,5.3419911815925,0.1552621441137137
64,0.0187,1,1,1,28911,576699,1960,105996,5.341981918559413,0.15526113418144266
65,0.0188,0,9,0,28920,576690,1960,105996,5.341898551261625,0.15526318102319367
66,0.0189,0,4,0,28924,576686,1960,105996,5.3418614991292745,0.1552640907479617
67,0.019,1,13,1,28937,576673,1961,105995,5.341741079699137,0.15526581002771478
68,0.0191,0,1,0,28938,576672,1961,105995,5.341731816666049,0.15526603746775514
69,0.0196,0,2,0,28940,576670,1961,105995,5.341713290599874,0.15526649234983483
70,0.02,34,388,34,29328,576282,1995,105961,5.338119233761903,0.1553126965025658
71,0.0204,0,1,0,29329,576281,1995,105961,5.338109970728816,0.15531292415301315
72,0.0208,1,28,1,29357,576253,1996,105960,5.337850605802364,0.15531806048843982
73,0.021,0,1,0,29358,576252,1996,105960,5.337841342769276,0.15531828815676066
74,0.0211,0,4,0,29362,576248,1996,105960,5.337804290636926,0.1553191988367184
75,0.0212,0,1,0,29363,576247,1996,105960,5.337795027603838,0.1553194265083765
76,0.0213,0,4,0,29367,576243,1996,105960,5.337757975471488,0.15532033720168337
77,0.0214,0,6,0,29373,576237,1996,105960,5.337702397272963,0.1553217032616678
78,0.0217,1,4,1,29377,576233,1997,105959,5.337665345140612,0.15532137580036118
79,0.022,0,1,0,29378,576232,1997,105959,5.337656082107525,0.15532160348055016
80,0.0222,1,70,1,29448,576162,1998,105958,5.337007669791396,0.15533630446255792
81,0.0225,0,3,0,29451,576159,1998,105958,5.336979880692134,0.15533698764288237
82,0.0227,0,1,0,29452,576158,1998,105958,5.336970617659047,0.15533721537099263
83,0.0229,0,6,0,29458,576152,1998,105958,5.336915039460521,0.1553385817536761
84,0.023,0,1,0,29459,576151,1998,105958,5.336905776427433,0.15533880948646037
85,0.0231,4,19,4,29478,576132,2002,105954,5.3367297787987695,0.1553381831616541
86,0.0233,1,41,1,29519,576091,2003,105953,5.33634999444218,0.15534628264452147
87,0.0235,1,11,1,29530,576080,2004,105952,5.336248101078217,0.15534754967508857
88,0.0236,3,37,3,29567,576043,2007,105949,5.335905368853978,0.155352262196624
89,0.0237,0,1,0,29568,576042,2007,105949,5.33589610582089,0.15535248998887083
90,0.0238,0,1,0,29569,576041,2007,105949,5.335886842787803,0.15535271778178567
91,0.024,0,3,0,29572,576038,2007,105949,5.33585905368854,0.15535340116453833
92,0.0241,1,5,1,29577,576033,2008,105948,5.335812738523102,0.15535330163157038
93,0.0244,0,1,0,29578,576032,2008,105948,5.335803475490015,0.1553535294290155
94,0.025,53,684,53,30262,575348,2061,105895,5.329467560858127,0.15544379905554992
95,0.0253,0,1,0,30263,575347,2061,105895,5.32945829782504,0.15544402723261339
96,0.0254,0,1,0,30264,575346,2061,105895,5.329449034791952,0.1554442554103467
97,0.0255,0,2,0,30266,575344,2061,105895,5.329430508725777,0.15544471176782304
98,0.0256,1,2,1,30268,575342,2062,105894,5.329411982659602,0.15544392838898707
99,0.0258,0,3,0,30271,575339,2062,105894,5.329384193560339,0.15544461292979053
100,0.026,0,3,0,30274,575336,2062,105894,5.329356404461077,0.15544529747662317
101,0.0261,0,11,0,30285,575325,2062,105894,5.329254511097114,0.15544780753326023
102,0.0262,1,31,1,30316,575294,2063,105893,5.3289673570714,0.15545364195147587
103,0.0263,0,19,0,30335,575275,2063,105893,5.328791359442736,0.1554579780612125
104,0.0265,0,3,0,30338,575272,2063,105893,5.328763570343473,0.1554586627322308
105,0.0267,1,31,1,30369,575241,2064,105892,5.328476416317759,0.15546449812298038
106,0.0268,0,1,0,30370,575240,2064,105892,5.328467153284672,0.1554647263672827
107,0.0269,0,2,0,30372,575238,2064,105892,5.3284486272184965,0.1554651828578979
108,0.027,0,1,0,30373,575237,2064,105892,5.328439364185409,0.1554654111042108
109,0.0271,0,15,0,30388,575222,2064,105892,5.328300418689095,0.15546883487933003
110,0.0273,5,49,5,30437,575173,2069,105887,5.327846530067806,0.15547382022141956
111,0.0275,0,4,0,30441,575169,2069,105887,5.327809477935455,0.15547473335526008
112,0.0278,0,4,0,30445,575165,2069,105887,5.327772425803105,0.15547564649982673
113,0.0279,1,26,1,30471,575139,2070,105886,5.327531586942828,0.15548034213134612
114,0.028,0,1,0,30472,575138,2070,105886,5.327522323909741,0.1554805704351095
115,0.0282,0,4,0,30476,575134,2070,105886,5.327485271777391,0.15548148365686765
116,0.0283,0,2,0,30478,575132,2070,105886,5.327466745711216,0.15548194027176962
117,0.0286,24,221,24,30699,574911,2094,105862,5.325419615398866,0.15550264184977958
118,0.0289,3,23,3,30722,574888,2097,105859,5.325206565637853,0.15550417409110873
119,0.0293,0,1,0,30723,574887,2097,105859,5.3251973026047645,0.15550440252311434
120,0.0294,1,14,1,30737,574873,2098,105858,5.325067620141539,0.1555063600746844
121,0.0296,0,2,0,30739,574871,2098,105858,5.325049094075364,0.1555068169565275
122,0.0297,0,2,0,30741,574869,2098,105858,5.325030568009189,0.15550727384105523
123,0.0298,0,3,0,30744,574866,2098,105858,5.325002778909926,0.15550795917288063
124,0.03,6,79,6,30823,574787,2104,105852,5.32427099929601,0.1555185641727847
125,0.0301,0,2,0,30825,574785,2104,105852,5.324252473229834,0.15551902115224414
126,0.0302,0,5,0,30830,574780,2104,105852,5.3242061580643965,0.15552016361264237
127,0.0303,0,1,0,30831,574779,2104,105852,5.324196895031309,0.15552039210673624
128,0.0306,1,3,1,30834,574776,2105,105851,5.324169105932047,0.15551983685631043
129,0.0308,2,43,2,30877,574733,2107,105849,5.323770795509281,0.15552718114789987
130,0.031,0,28,0,30905,574705,2107,105849,5.32351143058283,0.15553357999512163
131,0.0311,0,1,0,30906,574704,2107,105849,5.3235021675497425,0.15553380853511775
132,0.0312,1,28,1,30934,574676,2108,105848,5.323242802623291,0.15553896703128767
133,0.0313,0,26,0,30960,574650,2108,105848,5.323001963763015,0.155544909757266
134,0.0316,1,5,1,30965,574645,2109,105847,5.322955648597577,0.15554481169506768
135,0.0317,0,32,0,30997,574613,2109,105847,5.322659231538775,0.15555212650265995
136,0.0318,0,5,0,31002,574608,2109,105847,5.3226129163733376,0.155553269503494
137,0.0319,0,3,0,31005,574605,2109,105847,5.322585127274075,0.1555539553120573
138,0.0321,1,25,1,31030,574580,2110,105846,5.322353551446886,0.1555584295720622
139,0.0322,0,2,0,31032,574578,2110,105846,5.322335025380711,0.15555888681175267
140,0.0324,1,27,1,31059,574551,2111,105845,5.322084923487346,0.1555638187173352
141,0.0325,0,3,0,31062,574548,2111,105845,5.322057134388084,0.15556450463188187
142,0.0328,1,25,1,31087,574523,2112,105844,5.321825558560895,0.15556897968302402
143,0.0329,0,1,0,31088,574522,2112,105844,5.321816295527808,0.1555692083378652
144,0.0331,0,1,0,31089,574521,2112,105844,5.32180703249472,0.15556943699337855
145,0.0333,85,1042,85,32131,573479,2197,105759,5.312154952017488,0.15570241947594216
146,0.0334,0,1,0,32132,573478,2197,105759,5.312145688984401,0.15570264870729952
147,0.0338,0,1,0,32133,573477,2197,105759,5.312136425951313,0.15570287793933182
148,0.0339,0,1,0,32134,573476,2197,105759,5.312127162918226,0.15570310717203914
149,0.034,0,6,0,32140,573470,2197,105759,5.312071584719701,0.15570448258245748
150,0.0342,0,2,0,32142,573468,2197,105759,5.312053058653525,0.15570494105799682
151,0.0343,1,11,1,32153,573457,2198,105758,5.311951165289562,0.15570621968007184
152,0.0344,0,4,0,32157,573453,2198,105758,5.311914113157212,0.15570713666298103
153,0.0345,0,2,0,32159,573451,2198,105758,5.311895587091037,0.15570759515848584
154,0.0346,1,23,1,32182,573428,2199,105757,5.311682537330023,0.15571162496227095
155,0.0349,2,49,2,32231,573379,2201,105755,5.311228648708733,0.1557203732989366
156,0.035,0,3,0,32234,573376,2201,105755,5.31120085960947,0.1557210611796546
157,0.0351,2,26,2,32260,573350,2203,105753,5.310960020749194,0.15572453663140937
158,0.0352,0,1,0,32261,573349,2203,105753,5.310950757716107,0.15572476594090431
159,0.0353,2,11,2,32272,573338,2205,105751,5.310848864352144,0.1557248019037269
160,0.0354,0,4,0,32276,573334,2205,105751,5.310811812219793,0.15572571916623104
161,0.0355,0,1,0,32277,573333,2205,105751,5.310802549186706,0.15572594848354548
162,0.0357,0,28,0,32305,573305,2205,105751,5.310543184260254,0.15573236964256262
163,0.0358,1,28,1,32333,573277,2206,105750,5.310283819333803,0.15573754799146425
164,0.0359,0,1,0,32334,573276,2206,105750,5.310274556300715,0.15573777734578648
165,0.0361,0,5,0,32339,573271,2206,105750,5.3102282411352775,0.15573892412753065
166,0.0364,6,71,6,32410,573200,2212,105744,5.309570565786061,0.1557477494461988
167,0.0365,0,1,0,32411,573199,2212,105744,5.309561302752973,0.1557479788435848
168,0.0367,3,9,3,32420,573190,2215,105741,5.3094779354551855,0.1557463129537464
169,0.0368,0,6,0,32426,573184,2215,105741,5.30942235725666,0.15574768936185882
170,0.0369,0,1,0,32427,573183,2215,105741,5.309413094223572,0.15574791876557612
171,0.0371,0,15,0,32442,573168,2215,105741,5.309274148727259,0.1557513599024317
172,0.0372,0,33,0,32475,573135,2215,105741,5.30896846863537,0.15575893093878707
173,0.0373,0,2,0,32477,573133,2215,105741,5.308949942569195,0.15575938981313175
174,0.0374,0,3,0,32480,573130,2215,105741,5.308922153469932,0.15576007812971832
175,0.0375,5,105,5,32585,573025,2220,105736,5.307949534995739,0.15577795424309882
176,0.0376,0,2,0,32587,573023,2220,105736,5.307931008929564,0.15577841325124234
177,0.0377,0,9,0,32596,573014,2220,105736,5.307847641631776,0.1557804788213628
178,0.0378,0,1,0,32597,573013,2220,105736,5.307838378598689,0.1557807083325353
179,0.0379,1,2,1,32599,573011,2221,105735,5.307819852532513,0.1557799235649271
180,0.0381,1,11,1,32610,573000,2222,105734,5.30771795916855,0.15578120441881502
181,0.0382,0,31,0,32641,572969,2222,105734,5.307430805142836,0.15578831978052254
182,0.0383,0,4,0,32645,572965,2222,105734,5.307393753010485,0.15578923793905694
183,0.0384,0,2,0,32647,572963,2222,105734,5.307375226944311,0.1557896970223826
184,0.0385,1,20,1,32667,572943,2223,105733,5.30718996628256,0.1557930441035192
185,0.0386,0,5,0,32672,572938,2223,105733,5.307143651117122,0.15579419188384358
186,0.0387,1,46,1,32718,572892,2224,105732,5.306717551595094,0.15580350827556938
187,0.0388,0,28,0,32746,572864,2224,105732,5.306458186668642,0.15580993698754486
188,0.0389,3,24,3,32770,572840,2227,105729,5.306235873874542,0.15581171553666612
189,0.0391,0,1,0,32771,572839,2227,105729,5.3062266108414535,0.1558119451550913
190,0.0393,2,10,2,32781,572829,2229,105727,5.3061339805105785,0.1558117531935463
191,0.0396,0,4,0,32785,572825,2229,105727,5.306096928378228,0.15581267168912627
192,0.0398,1,21,1,32806,572804,2230,105726,5.30590240468339,0.1558162498342004
193,0.04,35,388,35,33194,572416,2265,105691,5.302308347845418,0.15586183301455375
194,0.0402,0,16,0,33210,572400,2265,105691,5.302160139316018,0.15586551067629567
195,0.0403,0,14,0,33224,572386,2265,105691,5.302030456852792,0.155868728772691
196,0.0404,0,5,0,33229,572381,2265,105691,5.301984141687354,0.15586987812503686
197,0.0405,0,26,0,33255,572355,2265,105691,5.301743302827077,0.15587585503048465
198,0.0406,1,1,1,33256,572354,2266,105690,5.30173403979399,0.1558748399808862
199,0.0407,0,8,0,33264,572346,2266,105690,5.3016599355292895,0.1558766791143833
200,0.0408,0,3,0,33267,572343,2266,105690,5.301632146430027,0.1558773688006336
201,0.0409,2,12,2,33279,572331,2268,105688,5.3015209900329765,0.15587763764732257
202,0.041,0,1,0,33280,572330,2268,105688,5.301511726999889,0.1558778675492391
203,0.0411,0,37,0,33317,572293,2268,105688,5.301168994775649,0.15588637439692263
204,0.0412,1,14,1,33331,572279,2269,105687,5.301039312312423,0.15588834838325225
205,0.0414,0,6,0,33337,572273,2269,105687,5.300983734113898,0.15588972800755208
206,0.0415,1,23,1,33360,572250,2270,105686,5.300770684352885,0.15589377168346275
207,0.0416,0,7,0,33367,572243,2270,105686,5.300705843121271,0.15589538137474573
208,0.0417,3,38,3,33405,572205,2273,105683,5.300353847863945,0.15590038472432025
209,0.0418,1,14,1,33419,572191,2274,105682,5.300224165400719,0.1559023592914897
210,0.0419,0,1,0,33420,572190,2274,105682,5.300214902367631,0.155902589279392
211,0.0421,2,20,2,33440,572170,2276,105680,5.30002964170588,0.1559046986796489
212,0.0422,0,2,0,33442,572168,2276,105680,5.300011115639705,0.15590515867864183
213,0.0423,0,2,0,33444,572166,2276,105680,5.29999258957353,0.15590561868034922
214,0.0424,1,5,1,33449,572161,2277,105679,5.299946274408092,0.1559055234273575
215,0.0425,1,12,1,33461,572149,2278,105678,5.299835118011042,0.15590703822656812
216,0.0427,0,7,0,33468,572142,2278,105678,5.299770276779428,0.1559086483137116
217,0.0429,17,218,17,33686,571924,2295,105661,5.2977509355663415,0.1559376314410738
218,0.043,0,1,0,33687,571923,2295,105661,5.297741672533254,0.1559378615787858
219,0.0432,0,3,0,33690,571920,2295,105661,5.297713883433992,0.15593855199599752
220,0.0433,1,43,1,33733,571877,2296,105660,5.297315573011227,0.15594720288338496
221,0.0435,0,21,0,33754,571856,2296,105660,5.297121049316388,0.15595203655707024
222,0.0436,0,3,0,33757,571853,2296,105660,5.2970932602171255,0.15595272710634334
223,0.0438,2,35,2,33792,571818,2298,105658,5.2967690540590615,0.15595829224946714
224,0.044,2,22,2,33814,571796,2300,105656,5.296565267331135,0.15596086512402355
225,0.0441,0,3,0,33817,571793,2300,105656,5.296537478231873,0.1559615557776305
226,0.0443,0,11,0,33828,571782,2300,105656,5.296435584867909,0.15596408822652405
227,0.0444,6,60,6,33888,571722,2306,105650,5.295879802882656,0.1559704268850794
228,0.0448,0,11,0,33899,571711,2306,105650,5.2957779095186925,0.15597295976591508
229,0.045,1,70,1,33969,571641,2307,105649,5.295129497202564,0.15598783386732418
230,0.0452,3,17,3,33986,571624,2310,105646,5.294972025640075,0.15598801068997592
231,0.0454,0,7,0,33993,571617,2310,105646,5.294907184408463,0.15598962293820864
232,0.0455,3,31,3,34024,571586,2313,105643,5.294620030382749,0.1559930245160795
233,0.0456,2,15,2,34039,571571,2315,105641,5.294481084886435,0.15599398711186452
234,0.0458,1,19,1,34058,571552,2316,105640,5.294305087257771,0.15599711750877152
235,0.0459,1,46,1,34104,571506,2317,105639,5.293878987735744,0.15600646833396098
236,0.046,3,8,3,34112,571498,2320,105636,5.293804883471044,0.15600457221170402
237,0.0462,4,47,4,34159,571451,2324,105632,5.293369520915928,0.15601041526666598
238,0.0464,0,3,0,34162,571448,2324,105632,5.293341731816666,0.1560111065162167
239,0.0467,1,16,1,34178,571432,2325,105631,5.293193523287266,0.15601354674528073
240,0.0468,0,1,0,34179,571431,2325,105631,5.293184260254177,0.15601377717254844
241,0.0469,1,5,1,34184,571426,2326,105630,5.2931379450887395,0.15601368276774744
242,0.047,1,12,1,34196,571414,2327,105629,5.293026788691689,0.15601520139784328
243,0.0471,0,3,0,34199,571411,2327,105629,5.2929989995924265,0.1560158927094411
244,0.0472,0,2,0,34201,571409,2327,105629,5.292980473526251,0.15601635358724325
245,0.0473,1,3,1,34204,571406,2328,105628,5.2929526844269885,0.1560157983203207
246,0.0474,3,21,3,34225,571385,2331,105625,5.29275816073215,0.15601689783016498
247,0.0475,4,23,4,34248,571362,2335,105621,5.292545110971137,0.15601721165819527
248,0.0476,4,36,4,34284,571326,2339,105617,5.292211641779985,0.15602052166873726
249,0.0477,2,23,2,34307,571303,2341,105615,5.29199859201897,0.15602332926587859
250,0.0478,3,11,3,34318,571292,2344,105612,5.291896698655008,0.1560221242598655
251,0.048,0,3,0,34321,571289,2344,105612,5.2918689095557445,0.15602281574410437
252,0.0481,2,6,2,34327,571283,2346,105610,5.291813331357219,0.15602170505530416
253,0.0482,0,1,0,34328,571282,2346,105610,5.291804068324132,0.15602193555249583
254,0.0483,2,14,2,34342,571268,2348,105608,5.291674385860906,0.1560226688492427
255,0.0484,1,7,1,34349,571261,2349,105607,5.291609544629293,0.15602303551061655
256,0.0485,0,4,0,34353,571257,2349,105607,5.291572492496943,0.15602395754538578
257,0.0486,0,36,0,34389,571221,2349,105607,5.291239023305791,0.1560322563487326
258,0.0489,0,5,0,34394,571216,2349,105607,5.291192708140353,0.15603340903013047
259,0.049,0,3,0,34397,571213,2349,105607,5.2911649190410905,0.156034100647144
260,0.0491,1,24,1,34421,571189,2350,105606,5.29094260624699,0.15603838680841317
261,0.0492,1,14,1,34435,571175,2351,105605,5.290812923783764,0.1560403676231567
262,0.0493,1,18,1,34453,571157,2352,105604,5.2906461891881875,0.15604327081495536
263,0.0494,2,16,2,34469,571141,2354,105602,5.290497980658787,0.15604446591985435
264,0.05,194,2261,194,36730,568880,2548,105408,5.2695542628478265,0.15632489381391929
265,0.0501,1,23,1,36753,568857,2549,105407,5.269341213086813,0.15632897500088985
266,0.0503,1,2,1,36755,568855,2550,105406,5.269322687020638,0.15632818745263333
267,0.0504,2,29,2,36784,568826,2552,105404,5.269054059061099,0.15633240882191538
268,0.0505,0,3,0,36787,568823,2552,105404,5.269026269961836,0.15633310442922044
269,0.0507,2,47,2,36834,568776,2554,105402,5.268590907406721,0.1563415003159403
270,0.051,0,3,0,36837,568773,2554,105402,5.268563118307458,0.15634219601735455
271,0.0511,0,10,0,36847,568763,2554,105402,5.268470487976583,0.15634451506678632
272,0.0514,0,5,0,36852,568758,2554,105402,5.268424172811145,0.15634567461730153
273,0.0515,1,12,1,36864,568746,2555,105401,5.268313016414095,0.15634720617313436
274,0.0518,0,47,0,36911,568699,2555,105401,5.26787765385898,0.15635810710577067
275,0.0519,1,14,1,36925,568685,2556,105400,5.267747971395754,0.1563601029543752
276,0.052,0,7,0,36932,568678,2556,105400,5.267683130164141,0.15636172668444898
277,0.0521,0,2,0,36934,568676,2556,105400,5.267664604097966,0.15636219061352133
278,0.0522,1,7,1,36941,568669,2557,105399,5.267599762866353,0.15636256282748923
279,0.0524,1,11,1,36952,568658,2558,105398,5.26749786950239,0.15636386294313825
280,0.0526,4,19,4,36971,568639,2562,105394,5.267321871873726,0.1563632641131814
281,0.0529,0,18,0,36989,568621,2562,105394,5.26715513727815,0.15636743989377092
282,0.053,0,3,0,36992,568618,2562,105394,5.267127348178888,0.15636813587888643
283,0.0531,1,44,1,37036,568574,2563,105393,5.266719774723035,0.15637709264696936
284,0.0533,6,57,6,37093,568517,2569,105387,5.266191781837045,0.15638280823381373
285,0.0534,1,0,1,37093,568517,2570,105386,5.266191781837045,0.15638155639609855
286,0.0536,0,53,0,37146,568464,2570,105386,5.2657008410834045,0.15639385619945093
287,0.0537,0,6,0,37152,568458,2570,105386,5.265645262884879,0.15639524875193664
288,0.0538,3,27,3,37179,568431,2573,105383,5.265395160991515,0.1563977596191234
289,0.0542,1,16,1,37195,568415,2574,105382,5.265246952462114,0.1564002214316775
290,0.0543,1,8,1,37203,568407,2575,105381,5.265172848197413,0.15640082637268696
291,0.0545,6,51,6,37254,568356,2581,105375,5.264700433509948,0.15640515279837205
292,0.0546,0,1,0,37255,568355,2581,105375,5.264691170476861,0.15640538494649192
293,0.0547,1,12,1,37267,568343,2582,105374,5.264580014079811,0.1564069186320072
294,0.0548,0,9,0,37276,568334,2582,105374,5.264496646782022,0.156409008056903
295,0.0549,0,1,0,37277,568333,2582,105374,5.264487383748935,0.15640924021867073
296,0.055,1,6,1,37283,568327,2583,105373,5.26443180555041,0.1564093810301321
297,0.0552,1,8,1,37291,568319,2584,105372,5.264357701285709,0.15640998618060803
298,0.0553,2,31,2,37322,568288,2586,105370,5.264070547259995,0.1564146792586149
299,0.0554,0,15,0,37337,568273,2586,105370,5.263931601763682,0.15641816214226228
300,0.0556,13,101,13,37438,568172,2599,105357,5.262996035421838,0.15642533580588217
301,0.0557,0,1,0,37439,568171,2599,105357,5.262986772388751,0.15642556805359242
302,0.0558,0,1,0,37440,568170,2599,105357,5.262977509355664,0.15642580030199235
303,0.0559,1,24,1,37464,568146,2600,105356,5.262755196561562,0.15643012195954875
304,0.056,1,11,1,37475,568135,2601,105355,5.262653303197599,0.1564314243715571
305,0.0561,1,16,1,37491,568119,2602,105354,5.262505094668198,0.15643388821823592
306,0.0562,4,40,4,37531,568079,2606,105350,5.262134573344696,0.156438169428403
307,0.0564,0,5,0,37536,568074,2606,105350,5.262088258179258,0.1564393309415762
308,0.0565,3,62,3,37598,568012,2609,105347,5.26151395012783,0.1564499769068209
309,0.0566,1,15,1,37613,567997,2610,105346,5.261375004631517,0.15645220934946974
310,0.0567,4,20,4,37633,567977,2614,105342,5.261189743969766,0.1564518452620526
311,0.0568,0,1,0,37634,567976,2614,105342,5.261180480936678,0.1564520776215696
312,0.0569,1,7,1,37641,567969,2615,105341,5.261115639705065,0.15645245132257057
313,0.0571,15,227,15,37868,567742,2630,105326,5.25901293119419,0.1564864174199338
314,0.0572,2,15,2,37883,567727,2632,105324,5.258873985697877,0.1564873984289452
315,0.0573,0,1,0,37884,567726,2632,105324,5.258864722664789,0.15648763093380877
316,0.0574,0,5,0,37889,567721,2632,105324,5.258818407499351,0.1564887934684902
317,0.0575,1,6,1,37895,567715,2633,105323,5.258762829300826,0.15648893524585536
318,0.0576,0,4,0,37899,567711,2633,105323,5.258725777168476,0.15648986529655262
319,0.0577,0,7,0,37906,567704,2633,105323,5.258660935936863,0.15649149291187425
320,0.0578,1,31,1,37937,567673,2634,105322,5.258373781911149,0.1564974479750964
321,0.0579,0,8,0,37945,567665,2634,105322,5.258299677646448,0.1564993083075899
322,0.058,0,8,0,37953,567657,2634,105322,5.258225573381748,0.15650116868431257
323,0.0581,1,21,1,37974,567636,2635,105321,5.25803104968691,0.15650479896932493
324,0.0582,0,2,0,37976,567634,2635,105321,5.258012523620734,0.1565052640964106
325,0.0583,13,112,13,38088,567522,2648,105308,5.256975063914928,0.1565150186525571
326,0.0585,0,1,0,38089,567521,2648,105308,5.256965800881841,0.156515251274841
327,0.0586,2,25,2,38114,567496,2650,105306,5.256734225054652,0.15651855969512576
328,0.0587,1,17,1,38131,567479,2651,105305,5.256576753492164,0.15652126090989085
329,0.0588,4,21,4,38152,567458,2655,105301,5.256382229797325,0.15652113163852138
330,0.0589,0,9,0,38161,567449,2655,105301,5.256298862499537,0.15652322556670384
331,0.0591,1,40,1,38201,567409,2656,105300,5.255928341176035,0.15653127875500403
332,0.0593,0,2,0,38203,567407,2656,105300,5.2559098151098596,0.1565317441322894
333,0.0594,0,34,0,38237,567373,2656,105300,5.255594871984883,0.15653965596954242
334,0.0595,2,9,2,38246,567364,2658,105298,5.255511504687095,0.15653924259137575
335,0.0597,3,30,3,38276,567334,2661,105295,5.255233613694468,0.15654246248674974
336,0.0598,1,24,1,38300,567310,2662,105294,5.2550113009003665,0.15654679425040588
337,0.0599,0,11,0,38311,567299,2662,105294,5.254909407536403,0.15654935451305618
338,0.06,32,349,32,38660,566950,2694,105262,5.251676608988848,0.1565904803841645
339,0.0601,0,1,0,38661,566949,2694,105262,5.2516673459557595,0.1565907133325697
340,0.0603,1,7,1,38668,566942,2695,105261,5.251602504724147,0.15659108929891713
341,0.0605,0,11,0,38679,566931,2695,105261,5.251500611360184,0.1565936518137675
342,0.0606,7,57,7,38736,566874,2702,105254,5.250972618474194,0.1565981479718149
343,0.0607,0,18,0,38754,566856,2702,105254,5.250805883878617,0.15660234187856154
344,0.0608,0,2,0,38756,566854,2702,105254,5.250787357812442,0.15660280788206657
345,0.061,0,2,0,38758,566852,2702,105254,5.250768831746267,0.156603273888345
346,0.0611,0,28,0,38786,566824,2702,105254,5.250509466819816,0.156609798267463
347,0.0613,0,17,0,38803,566807,2702,105254,5.250351995257327,0.15661375976287867
348,0.0614,1,5,1,38808,566802,2703,105253,5.2503056800918895,0.15661367001212698
349,0.0615,1,27,1,38835,566775,2704,105252,5.250055578198525,0.15661870728408234
350,0.0616,1,14,1,38849,566761,2705,105251,5.249925895735299,0.15662071510627787
351,0.0617,0,6,0,38855,566755,2705,105251,5.249870317536774,0.1566221134930343
352,0.0618,0,6,0,38861,566749,2705,105251,5.249814739338249,0.1566235119047619
353,0.0619,2,21,2,38882,566728,2707,105249,5.24962021564341,0.15662589642205016
354,0.062,0,4,0,38886,566724,2707,105249,5.24958316351106,0.15662682875651254
355,0.0621,1,3,1,38889,566721,2708,105248,5.2495553744117975,0.15662627293818612
356,0.0622,0,10,0,38899,566711,2708,105248,5.249462744080922,0.1566286038285074
357,0.0623,1,16,1,38915,566695,2709,105247,5.249314535551521,0.15663107827758943
358,0.0624,0,2,0,38917,566693,2709,105247,5.249296009485346,0.15663154448313837
359,0.0625,9,143,9,39060,566550,2718,105238,5.247971395753826,0.15665358714356314
360,0.0627,0,19,0,39079,566531,2718,105238,5.247795398125162,0.15665801786030614
361,0.0628,0,14,0,39093,566517,2718,105238,5.247665715661936,0.15666128275933935
362,0.0629,2,10,2,39103,566507,2720,105236,5.2475730853310605,0.1566611040234137
363,0.063,0,5,0,39108,566502,2720,105236,5.247526770165623,0.15666227011126363
364,0.0631,0,2,0,39110,566500,2720,105236,5.247508244099448,0.1566627365512642
365,0.0632,0,5,0,39115,566495,2720,105236,5.24746192893401,0.15666390266341734
366,0.0633,1,33,1,39148,566462,2721,105235,5.247156248842121,0.156670343919952
367,0.0634,1,1,1,39149,566461,2722,105234,5.247146985809033,0.15666932164151884
368,0.0635,0,13,0,39162,566448,2722,105234,5.247026566378895,0.1566723538817476
369,0.0636,4,43,4,39205,566405,2726,105230,5.24662825595613,0.15667736195999316
370,0.0638,0,2,0,39207,566403,2726,105230,5.246609729889955,0.15667782851646658
371,0.0639,1,7,1,39214,566396,2727,105229,5.246544888658343,0.156678205844035
372,0.064,0,21,0,39235,566375,2727,105229,5.2463503649635035,0.156683104924926
373,0.0641,0,29,0,39264,566346,2727,105229,5.246081737003965,0.15668987082604324
374,0.0643,5,52,5,39316,566294,2732,105224,5.2456000592834116,0.15669572520766384
375,0.0644,0,17,0,39333,566277,2732,105224,5.245442587720923,0.1566996921821412
376,0.0647,1,11,1,39344,566266,2733,105223,5.24534069435696,0.15670100329268238
377,0.0649,0,1,0,39345,566265,2733,105223,5.245331431323873,0.15670123665650018
378,0.065,4,44,4,39389,566221,2737,105219,5.24492385786802,0.1567064815918027
379,0.0652,1,13,1,39402,566208,2738,105218,5.244803438437882,0.15670825973376068
380,0.0653,0,3,0,39405,566205,2738,105218,5.244775649338619,0.15670895992541214
381,0.0654,0,11,0,39416,566194,2738,105218,5.244673755974656,0.15671152734833455
382,0.0655,0,1,0,39417,566193,2738,105218,5.244664492941569,0.15671176075458995
383,0.0656,0,38,0,39455,566155,2738,105218,5.244312497684242,0.15672063070752026
384,0.0657,1,48,1,39503,566107,2739,105217,5.243867872096039,0.15673058016695365
385,0.0658,0,6,0,39509,566101,2739,105217,5.243812293897514,0.15673198096878083
386,0.0659,0,2,0,39511,566099,2739,105217,5.243793767831339,0.1567324479082876
387,0.066,1,16,1,39527,566083,2740,105216,5.243645559301938,0.15673492735725808
388,0.0662,0,5,0,39532,566078,2740,105216,5.2435992441365,0.1567360947662276
389,0.0663,0,1,0,39533,566077,2740,105216,5.243589981103413,0.1567363282501084
390,0.0664,3,38,3,39571,566039,2743,105213,5.243237985846085,0.15674143242776187
391,0.0665,1,42,1,39613,565997,2744,105212,5.242848938456408,0.15674998398412418
392,0.0666,0,8,0,39621,565989,2744,105212,5.2427748341917075,0.15675185227673977
393,0.0667,125,1422,125,41043,564567,2869,105087,5.229602801141206,0.15692730872958274
394,0.0668,0,5,0,41048,564562,2869,105087,5.229556485975768,0.1569284804427394
395,0.0669,2,16,2,41064,564546,2871,105085,5.229408277446367,0.15692971203543443
396,0.067,0,2,0,41066,564544,2871,105085,5.229389751380192,0.15693018074187348
397,0.0672,0,1,0,41067,564543,2871,105085,5.229380488347104,0.15693041509614294
398,0.0674,3,49,3,41116,564494,2874,105082,5.228926599725814,0.15693812203543736
399,0.0675,2,16,2,41132,564478,2876,105080,5.228778391196413,0.15693935402160827
400,0.0676,2,21,2,41153,564457,2878,105078,5.228583867501575,0.1569417580858357
401,0.0678,0,8,0,41161,564449,2878,105078,5.228509763236874,0.1569436333411498
402,0.0679,0,35,0,41196,564414,2878,105078,5.22818555707881,0.15695183811008945
403,0.0681,0,7,0,41203,564407,2878,105078,5.228120715847197,0.15695347916682226
404,0.0682,0,37,0,41240,564370,2878,105078,5.227777983622958,0.15696215389395443
405,0.0683,1,30,1,41270,564340,2879,105077,5.227500092630331,0.1569679288096956
406,0.0684,3,24,3,41294,564316,2882,105074,5.227277779836229,0.15696977845501128
407,0.0685,1,4,1,41298,564312,2883,105073,5.2272407277038795,0.1569694570389238
408,0.0686,1,32,1,41330,564280,2884,105072,5.226944310645077,0.15697570187285614
409,0.0687,0,37,0,41367,564243,2884,105072,5.226601578420838,0.15698437955222877
410,0.0688,3,13,3,41380,564230,2887,105069,5.2264811589907,0.15698365005774698
411,0.069,2,16,2,41396,564214,2889,105067,5.226332950461299,0.15698488377826353
412,0.0692,1,22,1,41418,564192,2890,105066,5.226129163733373,0.15698878459428203
413,0.0693,0,1,0,41419,564191,2890,105066,5.226119900700286,0.1569890191660304
414,0.0694,1,6,1,41425,564185,2891,105065,5.22606432250176,0.1569891669779604
415,0.0695,0,1,0,41426,564184,2891,105065,5.226055059468672,0.15698940155308413
416,0.0696,0,13,0,41439,564171,2891,105065,5.225934640038534,0.1569924510934857
417,0.0697,2,2,2,41441,564169,2893,105063,5.225916113972359,0.15699040093719369
418,0.0698,0,23,0,41464,564146,2893,105063,5.225703064211346,0.1569957965299331
419,0.0699,1,19,1,41483,564127,2894,105062,5.225527066582682,0.15699899430504685
420,0.07,8,163,8,41646,563964,2902,105054,5.22401719218941,0.15702716518838059
421,0.0701,1,15,1,41661,563949,2903,105053,5.223878246693097,0.15702942592099875
422,0.0702,1,17,1,41678,563932,2904,105052,5.223720775130609,0.15703215622496203
423,0.0703,0,1,0,41679,563931,2904,105052,5.2237115120975215,0.15703239095761776
424,0.0704,0,2,0,41681,563929,2904,105052,5.223692986031346,0.1570328604250345
425,0.0705,0,9,0,41690,563920,2904,105052,5.223609618733558,0.15703497306314765
426,0.0706,1,9,1,41699,563911,2905,105051,5.2235262514357705,0.1570358256522792
427,0.0708,4,38,4,41737,563873,2909,105047,5.223174256178443,0.15703970579441487
428,0.0709,1,5,1,41742,563868,2910,105046,5.223127941013005,0.15703961944285813
429,0.071,0,3,0,41745,563865,2910,105046,5.2231001519137426,0.1570403237500953
430,0.0711,4,35,4,41780,563830,2914,105042,5.222775945755679,0.1570435001016637
431,0.0712,0,13,0,41793,563817,2914,105042,5.22265552632554,0.15704655241239185
432,0.0713,0,13,0,41806,563804,2914,105042,5.222535106895402,0.15704960484177224
433,0.0714,14,168,14,41974,563636,2928,105028,5.2209789173366925,0.1570714140435256
434,0.0715,0,2,0,41976,563634,2928,105028,5.220960391270518,0.15707188385163207
435,0.0716,0,2,0,41978,563632,2928,105028,5.220941865204343,0.15707235366254899
436,0.0717,0,10,0,41988,563622,2928,105028,5.220849234873467,0.1570747027592911
437,0.0718,1,4,1,41992,563618,2929,105027,5.220812182741117,0.15707438177209132
438,0.0719,0,6,0,41998,563612,2929,105027,5.220756604542592,0.15707579127152319
439,0.0721,1,3,1,42001,563609,2930,105026,5.220728815443329,0.15707523536757723
440,0.0722,3,61,3,42062,563548,2933,105023,5.220163770424988,0.15708578445669943
441,0.0723,2,30,2,42092,563518,2935,105021,5.219885879432361,0.1570903118591436
442,0.0724,0,14,0,42106,563504,2935,105021,5.2197561969691355,0.1570936015855802
443,0.0725,2,18,2,42124,563486,2937,105019,5.21958946237356,0.15709530968354762
444,0.0726,2,42,2,42166,563444,2939,105017,5.219200414983883,0.1571026581954669
445,0.0727,6,21,6,42187,563423,2945,105011,5.219005891289044,0.15710002782623267
446,0.0728,1,16,1,42203,563407,2946,105010,5.2188576827596425,0.1571025273145357
447,0.0729,1,26,1,42229,563381,2947,105009,5.218616843899366,0.15710737742934514
448,0.073,0,6,0,42235,563375,2947,105009,5.218561265700841,0.15710878776272322
449,0.0731,0,10,0,42245,563365,2947,105009,5.218468635369965,0.1571111383746226
450,0.0733,3,57,3,42302,563308,2950,105006,5.217940642483975,0.15712075461534547
451,0.0734,0,52,0,42354,563256,2950,105006,5.217458964763422,0.15713298077700064
452,0.0735,0,40,0,42394,563216,2950,105006,5.21708844343992,0.1571423868115686
453,0.0736,1,21,1,42415,563195,2951,105005,5.216893919745082,0.15714606405267884
454,0.0737,1,15,1,42430,563180,2952,105004,5.216754974248768,0.15714833040000958
455,0.0738,0,67,0,42497,563113,2952,105004,5.216134351031902,0.15716408952324218
456,0.0739,2,35,2,42532,563078,2954,105002,5.215810144873838,0.15716980002394923
457,0.074,1,8,1,42540,563070,2955,105001,5.215736040609137,0.15717042050919738
458,0.0741,1,12,1,42552,563058,2956,105000,5.215624884212087,0.1571719820734128
459,0.0742,1,5,1,42557,563053,2957,104999,5.215578569046649,0.1571718967984528
460,0.0743,1,6,1,42563,563047,2958,104998,5.2155229908481235,0.15717204679325494
461,0.0744,2,41,2,42604,563006,2960,104996,5.2151432064915335,0.15717917012224514
462,0.0745,1,21,1,42625,562985,2961,104995,5.214948682796695,0.15718284978592173
463,0.0746,0,2,0,42627,562983,2961,104995,5.21493015673052,0.157183320408756
464,0.0747,5,34,5,42661,562949,2966,104990,5.214615213605543,0.1571850124038273
465,0.0748,0,30,0,42691,562919,2966,104990,5.214337322612916,0.15719207257276066
466,0.0749,2,28,2,42719,562891,2968,104988,5.214077957686465,0.157196138821553
467,0.075,80,750,80,43469,562141,3048,104908,5.207130682870799,0.15727180462005041
468,0.0753,2,58,2,43527,562083,3050,104906,5.206593426951721,0.15728295369188997
469,0.0754,0,2,0,43529,562081,3050,104906,5.2065749008855455,0.15728342531413655
470,0.0755,0,3,0,43532,562078,3050,104906,5.206547111786283,0.15728413275280967
471,0.0756,3,56,3,43588,562022,3053,104903,5.20602838193338,0.15729354874985943
472,0.0758,1,22,1,43610,562000,3054,104902,5.2058245952054545,0.15729747399168093
473,0.076,0,37,0,43647,561963,3054,104902,5.205481862981214,0.15730620140508197
474,0.0761,1,31,1,43678,561932,3055,104901,5.2051947089555,0.15731225059347692
475,0.0762,2,80,2,43758,561852,3057,104899,5.204453666308496,0.15732859793236156
476,0.0763,5,31,5,43789,561821,3062,104894,5.204166512282782,0.15732959360446366
477,0.0764,0,29,0,43818,561792,3062,104894,5.203897884323243,0.15733643724331994
478,0.0765,2,34,2,43852,561758,3064,104892,5.203582941198266,0.1573419335483387
479,0.0767,0,11,0,43863,561747,3064,104892,5.203481047834303,0.1573445297979866
480,0.0768,1,23,1,43886,561724,3065,104891,5.203267998073289,0.1573486945238256
481,0.0769,1,19,1,43905,561705,3066,104890,5.2030920004446255,0.15735191533089807
482,0.077,0,18,0,43923,561687,3066,104890,5.20292526584905,0.15735616440411235
483,0.0771,0,3,0,43926,561684,3066,104890,5.202897476749787,0.15735687260529213
484,0.0772,0,10,0,43936,561674,3066,104890,5.202804846418911,0.15735923332193158
485,0.0773,1,35,1,43971,561639,3067,104889,5.2024806402608474,0.15736623217629267
486,0.0774,1,4,1,43975,561635,3068,104888,5.202443588128497,0.15736591235411232
487,0.0775,0,22,0,43997,561613,3068,104888,5.20223980140057,0.15737110672001992
488,0.0776,3,40,3,44037,561573,3071,104885,5.2018692800770685,0.1573767589255437
489,0.0777,3,24,3,44061,561549,3074,104882,5.201646967282967,0.15737863334688812
490,0.0778,5,82,5,44143,561467,3079,104877,5.200887398569788,0.15739167757194483
491,0.078,4,68,4,44211,561399,3083,104873,5.200257512319834,0.15740268238797367
492,0.0782,4,46,4,44257,561353,3087,104869,5.199831412797806,0.15740849146380637
493,0.0783,5,66,5,44323,561287,3092,104864,5.199220052614028,0.15741776263940158
494,0.0785,3,113,3,44436,561174,3095,104861,5.198173329875134,0.15744067503960002
495,0.0786,4,47,4,44483,561127,3099,104857,5.19773796732002,0.1574467254468576
496,0.0788,1,26,1,44509,561101,3100,104856,5.197497128459743,0.15745160723590262
497,0.0789,3,19,3,44528,561082,3103,104853,5.197321130831079,0.15745230390353412
498,0.0791,0,12,0,44540,561070,3103,104853,5.1972099744340285,0.15745514121001977
499,0.0792,0,4,0,44544,561066,3103,104853,5.197172922301679,0.15745608700157226
500,0.0793,3,31,3,44575,561035,3106,104850,5.196885768275965,0.15745962140609865
501,0.0794,0,2,0,44577,561033,3106,104850,5.196867242209789,0.15746009434089772
502,0.0795,1,2,1,44579,561031,3107,104849,5.196848716143614,0.15745930197633207
503,0.0796,2,27,2,44606,561004,3109,104847,5.1965986142502505,0.1574631561715759
504,0.0797,0,10,0,44616,560994,3109,104847,5.196505983919375,0.15746552104781772
505,0.0798,0,14,0,44630,560980,3109,104847,5.196376301456149,0.1574688319938963
506,0.0799,1,9,1,44639,560971,3110,104846,5.196292934158361,0.15746969512643866
507,0.08,43,387,43,45026,560584,3153,104803,5.192708140353477,0.15750683436857046
508,0.0801,0,8,0,45034,560576,3153,104803,5.192634036088777,0.15750872810834127
509,0.0802,4,13,4,45047,560563,3157,104799,5.192513616658639,0.15750674069153334
510,0.0803,2,15,2,45062,560548,3159,104797,5.192374671162326,0.15750775913248014
511,0.0804,1,66,1,45128,560482,3160,104796,5.191763310978547,0.15752211857298754
512,0.0805,2,17,2,45145,560465,3162,104794,5.1916058394160585,0.1575236111048479
513,0.0806,1,19,1,45164,560446,3163,104793,5.191429841787395,0.15752684373586034
514,0.0807,2,45,2,45209,560401,3165,104791,5.191013005298455,0.15753496734777328
515,0.0808,2,15,2,45224,560386,3167,104789,5.190874059802142,0.15753598677039876
516,0.0809,0,1,0,45225,560385,3167,104789,5.190864796769054,0.1575362236046508
517,0.081,4,27,4,45252,560358,3171,104785,5.19061469487569,0.157537552075268
518,0.0811,1,18,1,45270,560340,3172,104784,5.190447960280114,0.1575405488299926
519,0.0812,0,8,0,45278,560332,3172,104784,5.190373856015413,0.15754244372410225
520,0.0813,1,1,1,45279,560331,3173,104783,5.190364592982326,0.15754141395309676
521,0.0814,3,55,3,45334,560276,3176,104780,5.18985512616251,0.15755064235192223
522,0.0815,4,19,4,45353,560257,3180,104776,5.1896791285338475,0.15755007646237104
523,0.0816,1,35,1,45388,560222,3181,104775,5.189354922375783,0.15755710176136134
524,0.0817,1,31,1,45419,560191,3182,104774,5.1890677683500686,0.15756318001699338
525,0.0818,4,31,4,45450,560160,3186,104770,5.1887806143243544,0.15756545801813726
526,0.0819,2,4,2,45454,560156,3188,104768,5.188743562192004,0.15756387196130686
527,0.082,0,2,0,45456,560154,3188,104768,5.188725036125829,0.1575643458932025
528,0.0821,0,33,0,45489,560121,3188,104768,5.18841935603394,0.15757216618112196
529,0.0822,0,6,0,45495,560115,3188,104768,5.188363777835415,0.15757358813505534
530,0.0823,0,1,0,45496,560114,3188,104768,5.1883545148023265,0.15757382512987267
531,0.0824,0,47,0,45543,560067,3188,104768,5.187919152247212,0.1575849646904871
532,0.0825,3,23,3,45566,560044,3191,104765,5.187706102486198,0.15758661510298447
533,0.0826,7,18,7,45584,560026,3198,104758,5.187539367890622,0.15758201160076055
534,0.0827,0,12,0,45596,560014,3198,104758,5.187428211493572,0.15758485616121015
535,0.0829,0,5,0,45601,560009,3198,104758,5.187381896328134,0.15758604142504065
536,0.083,0,17,0,45618,559992,3198,104758,5.187224424765645,0.15759007145543438
537,0.0832,0,6,0,45624,559986,3198,104758,5.18716884656712,0.15759149386831622
538,0.0833,51,481,51,46105,559505,3249,104707,5.1827133276520065,0.1576409339186886
539,0.0834,0,1,0,46106,559504,3249,104707,5.182704064618918,0.15764117125431526
540,0.0835,2,34,2,46140,559470,3251,104705,5.182389121493942,0.1576467045582866
541,0.0836,0,10,0,46150,559460,3251,104705,5.182296491163067,0.15764907816581722
542,0.0837,2,36,2,46186,559424,3253,104703,5.181963021971915,0.15765508705413273
543,0.0838,5,56,5,46242,559368,3258,104698,5.181444292119012,0.15766203961654413
544,0.0839,0,53,0,46295,559315,3258,104698,5.180953351365371,0.1576746238401959
545,0.084,0,2,0,46297,559313,3258,104698,5.180934825299196,0.1576750987558941
546,0.0841,1,24,1,46321,559289,3259,104697,5.180712512505095,0.1576795293876678
547,0.0842,1,35,1,46356,559254,3260,104696,5.18038830634703,0.15768657278409517
548,0.0843,3,33,3,46389,559221,3263,104693,5.180082626255141,0.1576906045060053
549,0.0844,1,9,1,46398,559212,3264,104692,5.179999258957353,0.15769147346604329
550,0.0845,6,78,6,46476,559134,3270,104686,5.179276742376524,0.15770238920189208
551,0.0846,0,9,0,46485,559125,3270,104686,5.179193375078736,0.15770452734287319
552,0.0848,2,27,2,46512,559098,3272,104684,5.1789432731853715,0.15770840426525576
553,0.085,2,83,2,46595,559015,3274,104682,5.178174441439105,0.1577255886345727
554,0.0851,0,12,0,46607,559003,3274,104682,5.178063285042054,0.15772844044991224
555,0.0852,2,28,2,46635,558975,3276,104680,5.177803920115602,0.157732556825459
556,0.0853,4,17,4,46652,558958,3280,104676,5.177646448553114,0.15773152068760793
557,0.0854,3,18,3,46670,558940,3283,104673,5.177479713957538,0.15773199138654606
558,0.0855,0,19,0,46689,558921,3283,104673,5.177303716328875,0.15773650756335952
559,0.0856,2,8,2,46697,558913,3285,104671,5.177229612064174,0.1577358706659594
560,0.0857,14,169,14,46866,558744,3299,104657,5.175664159472378,0.15775827892933536
561,0.0859,1,1,1,46867,558743,3300,104656,5.17565489643929,0.1577572471468905
562,0.086,0,11,0,46878,558732,3300,104656,5.175553003075327,0.15775986300626482
563,0.0861,1,16,1,46894,558716,3301,104655,5.175404794545926,0.15776239841657233
564,0.0862,0,15,0,46909,558701,3301,104655,5.175265849049612,0.15776596578609375
565,0.0863,0,4,0,46913,558697,3301,104655,5.175228796917263,0.15776691711188026
566,0.0864,0,26,0,46939,558671,3301,104655,5.174987958056986,0.1577731010091569
567,0.0865,1,53,1,46992,558618,3302,104654,5.174497017303346,0.1577844383601298
568,0.0866,2,32,2,47024,558586,3304,104652,5.174200600244544,0.15778951145742554
569,0.0867,9,58,9,47082,558528,3313,104643,5.173663344325466,0.157791881731861
570,0.0869,1,13,1,47095,558515,3314,104642,5.173542924895328,0.15779370495976067
571,0.087,0,13,0,47108,558502,3314,104642,5.173422505465189,0.15779679828212273
572,0.0871,1,72,1,47180,558430,3315,104641,5.172755567082886,0.15781266259570997
573,0.0872,3,19,3,47199,558411,3318,104638,5.172579569454222,0.15781337427550604
574,0.0873,0,3,0,47202,558408,3318,104638,5.17255178035496,0.15781408831363133
575,0.0874,0,10,0,47212,558398,3318,104638,5.172459150024084,0.1578164684873823
576,0.0875,5,105,5,47317,558293,3323,104633,5.171486531549891,0.15783511281802193
577,0.0876,2,83,2,47400,558210,3325,104631,5.170717699803624,0.15785233562800127
578,0.0877,2,32,2,47432,558178,3327,104629,5.170421282744822,0.15785741550707824
579,0.0878,1,62,1,47494,558116,3328,104628,5.169846974693393,0.15787091244884902
580,0.0879,2,60,2,47554,558056,3330,104626,5.16929119270814,0.1578826646868332
581,0.088,0,6,0,47560,558050,3330,104626,5.169235614509615,0.15788409418780822
582,0.0881,3,18,3,47578,558032,3333,104623,5.169068879914039,0.15788457040239642
583,0.0882,2,30,2,47608,558002,3335,104621,5.168790988921413,0.15788917680189188
584,0.0883,3,26,3,47634,557976,3338,104618,5.168550150061136,0.15789155953721284
585,0.0884,0,11,0,47645,557965,3338,104618,5.168448256697173,0.1578941808045181
586,0.0885,0,21,0,47666,557944,3338,104618,5.168253733002334,0.15789918528379232
587,0.0886,4,52,4,47718,557892,3342,104614,5.167772055281781,0.15790649443174853
588,0.0889,14,75,14,47793,557817,3356,104600,5.167077327800215,0.15790657546530357
589,0.089,1,37,1,47830,557780,3357,104599,5.166734595575975,0.1579141246929628
590,0.0891,0,16,0,47846,557764,3357,104599,5.166586387046575,0.15791793925687275
591,0.0892,0,13,0,47859,557751,3357,104599,5.166465967616436,0.15792103872574922
592,0.0893,12,96,12,47955,557655,3369,104587,5.1655767164400315,0.1579286726000465
593,0.0894,1,82,1,48037,557573,3370,104586,5.164817147726851,0.157946958358944
594,0.0895,0,6,0,48043,557567,3370,104586,5.164761569528326,0.1579483895715945
595,0.0896,2,4,2,48047,557563,3372,104584,5.164724517395976,0.1579468003328566
596,0.0897,0,26,0,48073,557537,3372,104584,5.164483678535699,0.15795300254787267
597,0.0898,0,25,0,48098,557512,3372,104584,5.164252102708511,0.15795896667552742
598,0.09,12,154,12,48252,557358,3384,104572,5.162825595613027,0.15798045110510175
599,0.0901,1,18,1,48270,557340,3385,104571,5.1626588610174515,0.15798347511976685
600,0.0902,2,6,2,48276,557334,3387,104569,5.162603282818926,0.15798236297463525
601,0.0903,1,6,1,48282,557328,3388,104568,5.162547704620401,0.15798252293411655
602,0.0904,0,3,0,48285,557325,3388,104568,5.1625199155211385,0.1579832389827359
603,0.0905,0,24,0,48309,557301,3388,104568,5.162297602727037,0.15798896760537207
604,0.0906,1,40,1,48349,557261,3389,104567,5.161927081403535,0.15799724399692971
605,0.0907,0,1,0,48350,557260,3389,104567,5.161917818370447,0.1579974827258483
606,0.0908,0,7,0,48357,557253,3389,104567,5.161852977138834,0.15799915384847843
607,0.0909,4,109,4,48466,557144,3393,104563,5.160843306532291,0.15802009046299947
608,0.091,0,1,0,48467,557143,3393,104563,5.160834043499204,0.1580203292700988
609,0.0911,2,14,2,48481,557129,3395,104561,5.160704361035978,0.158021127718418
610,0.0912,0,11,0,48492,557118,3395,104561,5.160602467672015,0.15802375472094474
611,0.0913,1,17,1,48509,557101,3396,104560,5.1604449961095264,0.15802654229280552
612,0.0914,0,3,0,48512,557098,3396,104560,5.160417207010264,0.1580272587953293
613,0.0915,1,16,1,48528,557082,3397,104559,5.160268998480863,0.15802980770538705
614,0.0917,10,116,10,48644,556966,3407,104549,5.159194486642706,0.1580447911234061
615,0.0918,2,6,2,48650,556960,3409,104547,5.159138908444181,0.15804367905403874
616,0.0919,0,4,0,48654,556956,3409,104547,5.159101856311831,0.1580446347182099
617,0.092,1,5,1,48659,556951,3410,104546,5.159055541146393,0.1580445565134838
618,0.0921,1,15,1,48674,556936,3411,104545,5.15891659565008,0.1580468675593101
619,0.0922,7,84,7,48758,556852,3418,104538,5.1581385008707255,0.15805802930192472
620,0.0923,0,47,0,48805,556805,3418,104538,5.15770313831561,0.15806926209243918
621,0.0924,2,10,2,48815,556795,3420,104536,5.157610507984734,0.15806910609059607
622,0.0925,2,34,2,48849,556761,3422,104534,5.157295564859758,0.15807468678880077
623,0.0926,3,27,3,48876,556734,3425,104531,5.157045462966393,0.15807732149743295
624,0.0927,1,8,1,48884,556726,3426,104530,5.156971358701694,0.15807796072927882
625,0.0928,0,1,0,48885,556725,3426,104530,5.1569620956686055,0.1580781997867691
626,0.0929,5,39,5,48924,556686,3431,104525,5.156600837378191,0.1580811571495332
627,0.093,1,27,1,48951,556659,3432,104524,5.1563507354848275,0.15808633918294934
628,0.0931,2,0,2,48951,556659,3434,104522,5.1563507354848275,0.15808379248647497
629,0.0933,5,113,5,49064,556546,3439,104517,5.155304012745933,0.15810444692865885
630,0.0934,0,13,0,49077,556533,3439,104517,5.155183593315796,0.1581075561606535
631,0.0935,3,24,3,49101,556509,3442,104514,5.154961280521694,0.15810947576710643
632,0.0936,1,18,1,49119,556491,3443,104513,5.154794545926118,0.15811250763989326
633,0.0938,5,31,5,49150,556460,3448,104508,5.154507391900404,0.1581135546652788
634,0.0939,1,6,1,49156,556454,3449,104507,5.154451813701878,0.15811371624044385
635,0.094,0,4,0,49160,556450,3449,104507,5.154414761569528,0.1581146731179184
636,0.0941,0,24,0,49184,556426,3449,104507,5.154192448775427,0.15812041462599083
637,0.0942,0,1,0,49185,556425,3449,104507,5.1541831857423395,0.1581206538645428
638,0.0943,9,59,9,49244,556366,3458,104498,5.153636666790174,0.15812330524888632
639,0.0944,2,26,2,49270,556340,3460,104496,5.153395827929898,0.1581269785544371
640,0.0945,3,37,3,49307,556303,3463,104493,5.1530530957056575,0.15813201048432496
641,0.0946,6,67,6,49374,556236,3469,104487,5.152432472488791,0.15814040074282262
642,0.0947,2,5,2,49379,556231,3471,104485,5.152386157323354,0.15813904915273733
643,0.0948,1,3,1,49382,556228,3472,104484,5.152358368224092,0.15813849301965152
644,0.0949,0,8,0,49390,556220,3472,104484,5.152284263959391,0.15814040780742966
645,0.095,4,45,4,49435,556175,3476,104480,5.151867427470451,0.15814608229711422
646,0.0952,1,28,1,49463,556147,3477,104479,5.151608062544,0.15815151083971868
647,0.0954,0,25,0,49488,556122,3477,104479,5.151376486716811,0.1581574959771481
648,0.0955,1,9,1,49497,556113,3478,104478,5.151293119419022,0.15815837636298405
649,0.0956,0,13,0,49510,556100,3478,104478,5.1511726999888845,0.15816148887792206
650,0.0957,3,23,3,49533,556077,3481,104475,5.150959650227871,0.15816317261926388
651,0.0958,4,41,4,49574,556036,3485,104471,5.150579865871281,0.15816789224035477
652,0.0959,0,38,0,49612,555998,3485,104471,5.1502278706139535,0.158176992409939
653,0.0961,1,3,1,49615,555995,3486,104470,5.150200081514691,0.15817643629866837
654,0.0962,1,17,1,49632,555978,3487,104469,5.1500426099522025,0.15817923315572635
655,0.0963,3,15,3,49647,555963,3490,104466,5.1499036644558895,0.15817900183062827
656,0.0964,3,66,3,49713,555897,3493,104463,5.149292304272111,0.15819098673450846
657,0.0965,5,23,5,49736,555874,3498,104458,5.149079254511097,0.15819012254441706
658,0.0966,0,8,0,49744,555866,3498,104458,5.1490051502463965,0.15819203905961315
659,0.0967,1,24,1,49768,555842,3499,104457,5.148782837452296,0.15819651400350448
660,0.0968,9,103,9,49871,555739,3508,104448,5.1478287450442775,0.15820971936739137
661,0.0969,0,23,0,49894,555716,3508,104448,5.147615695283264,0.15821523136675128
662,0.097,0,16,0,49910,555700,3508,104448,5.147467486753863,0.15821906602761804
663,0.0971,6,25,6,49935,555675,3514,104442,5.147235910926674,0.15821740691422884
664,0.0972,0,13,0,49948,555662,3514,104442,5.147115491496535,0.1582205228267061
665,0.0973,2,24,2,49972,555638,3516,104440,5.146893178702435,0.1582237250749154
666,0.0974,1,9,1,49981,555629,3517,104439,5.146809811404647,0.15822460716168638
667,0.0975,4,16,4,49997,555613,3521,104435,5.146661602875246,0.15822334133275157
668,0.0976,0,12,0,50009,555601,3521,104435,5.146550446478195,0.15822621796386863
669,0.0977,2,16,2,50025,555585,3523,104433,5.146402237948794,0.15822750288628493
670,0.0978,0,35,0,50060,555550,3523,104433,5.146078031790729,0.1582358939548443
671,0.098,0,11,0,50071,555539,3523,104433,5.145976138426766,0.15823853133163224
672,0.0982,0,6,0,50077,555533,3523,104433,5.145920560228241,0.15823996993784528
673,0.0983,5,44,5,50121,555489,3528,104428,5.145512986772388,0.1582441428240218
674,0.0984,0,18,0,50139,555471,3528,104428,5.145346252176813,0.15824845923391306
675,0.0985,0,27,0,50166,555444,3528,104428,5.1450961502834485,0.15825493429028661
676,0.0986,1,15,1,50181,555429,3529,104427,5.1449572047871355,0.15825725612860989
677,0.0987,0,37,0,50218,555392,3529,104427,5.144614472562896,0.15826613056004754
678,0.0989,1,2,1,50220,555390,3530,104426,5.144595946496721,0.1582653345781248
679,0.0991,4,74,4,50294,555316,3534,104422,5.143910482048242,0.158277983078131
680,0.0992,11,68,11,50362,555248,3545,104411,5.143280595798288,0.1582802629843601
681,0.0993,0,6,0,50368,555242,3545,104411,5.143225017599763,0.15828170265275834
682,0.0994,3,32,3,50400,555210,3548,104408,5.142928600540961,0.15828555315349188
683,0.0995,0,3,0,50403,555207,3548,104408,5.142900811441699,0.15828627305322043
684,0.0996,0,3,0,50406,555204,3548,104408,5.142873022342436,0.1582869929594974
685,0.0997,3,12,3,50418,555192,3551,104405,5.142761865945385,0.1582860443573879
686,0.0998,3,9,3,50427,555183,3554,104402,5.142678498647597,0.15828437578174154
687,0.0999,2,6,2,50433,555177,3556,104400,5.142622920449072,0.15828326336424708
688,0.1,614,6610,614,57043,548567,4170,103786,5.081394271740339,0.1590948458886523
689,0.1001,0,4,0,57047,548563,4170,103786,5.081357219607988,0.1590958214084792
690,0.1003,0,1,0,57048,548562,4170,103786,5.081347956574901,0.15909606529030518
691,0.1004,0,55,0,57103,548507,4170,103786,5.080838489755085,0.15910947994229588
692,0.1005,1,33,1,57136,548474,4171,103785,5.080532809663196,0.15911624063447188
693,0.1006,1,5,1,57141,548469,4172,103784,5.080486494497758,0.15911617117897503
694,0.1007,0,32,0,57173,548437,4172,103784,5.080190077438957,0.15912397791546118
695,0.1008,1,13,1,57186,548424,4173,103783,5.080069658008818,0.15912586034801834
696,0.1009,3,7,3,57193,548417,4176,103780,5.080004816777206,0.15912370035434079
697,0.101,4,41,4,57234,548376,4180,103776,5.079625032420616,0.15912854671916976
698,0.1011,0,18,0,57252,548358,4180,103776,5.07945829782504,0.15913293893586286
699,0.1012,2,10,2,57262,548348,4182,103774,5.079365667494164,0.15913280030423754
700,0.1013,0,21,0,57283,548327,4182,103774,5.079171143799326,0.1591379249533431
701,0.1014,0,11,0,57294,548316,4182,103774,5.079069250435363,0.15914060942507935
702,0.1015,2,57,2,57351,548259,4184,103772,5.078541257549372,0.15915194216225917
703,0.1016,2,50,2,57401,548209,4186,103770,5.078078105894995,0.15916156808731569
704,0.1017,1,15,1,57416,548194,4187,103769,5.077939160398681,0.1591639402849548
705,0.1018,1,24,1,57440,548170,4188,103768,5.07771684760458,0.15916850988897718
706,0.1019,4,58,4,57498,548112,4192,103764,5.077179591685502,0.15917751228761298
707,0.102,1,33,1,57531,548079,4193,103763,5.076873911593612,0.15918428085333564
708,0.1021,0,19,0,57550,548060,4193,103763,5.076697913964948,0.15918892091871567
709,0.1022,1,51,1,57601,548009,4194,103762,5.076225499277483,0.15920008714717285
710,0.1023,0,2,0,57603,548007,4194,103762,5.076206973211308,0.1592005756640773
711,0.1024,1,32,1,57635,547975,4195,103761,5.075910556152507,0.1592071022622657
712,0.1025,5,51,5,57686,547924,4200,103756,5.075438141465042,0.15921311072919225
713,0.1026,2,39,2,57725,547885,4202,103754,5.075076883174627,0.15922005895902486
714,0.1027,4,14,4,57739,547871,4206,103750,5.074947200711401,0.15921831862386265
715,0.1028,2,7,2,57746,547864,4208,103748,5.074882359479788,0.15921744842022553
716,0.1029,1,53,1,57799,547811,4209,103747,5.074391418726147,0.15922910930416018
717,0.103,4,64,4,57863,547747,4213,103743,5.073798584608544,0.15923958924925938
718,0.1031,3,26,3,57889,547721,4216,103740,5.073557745748268,0.15924207281786631
719,0.1032,0,3,0,57892,547718,4216,103740,5.073529956649005,0.15924280613638944
720,0.1033,5,63,5,57955,547655,4221,103735,5.07294638556449,0.1592517539415711
721,0.1034,0,1,0,57956,547654,4221,103735,5.0729371225314015,0.15925199842183396
722,0.1035,0,24,0,57980,547630,4221,103735,5.072714809737301,0.15925786617334367
723,0.1036,2,79,2,58059,547551,4223,103733,5.071983030123383,0.1592746021704817
724,0.1038,0,36,0,58095,547515,4223,103733,5.071649560932232,0.15928340662850404
725,0.1039,1,27,1,58122,547488,4224,103732,5.071399459038868,0.15928871963391789
726,0.104,2,50,2,58172,547438,4226,103730,5.07093630738449,0.1592983684701951
727,0.1042,1,36,1,58208,547402,4227,103729,5.070602838193338,0.15930588468372725
728,0.1043,1,23,1,58231,547379,4228,103728,5.070389788432324,0.15931022090071217
729,0.1044,1,25,1,58256,547354,4229,103727,5.070158212605135,0.15931504682213118
730,0.1045,3,49,3,58305,547305,4232,103724,5.069704323983845,0.15932316379147474
731,0.1046,0,3,0,58308,547302,4232,103724,5.069676534884582,0.15932389797028076
732,0.1047,1,24,1,58332,547278,4233,103723,5.0694542220904815,0.1593284802941931
733,0.1048,1,17,1,58349,547261,4234,103722,5.069296750527993,0.15933134966658116
734,0.1049,0,1,0,58350,547260,4234,103722,5.069287487494905,0.1593315944219656
735,0.105,7,53,7,58403,547207,4241,103715,5.068796546741265,0.15933552714457339
736,0.1051,0,4,0,58407,547203,4241,103715,5.068759494608915,0.15933650628804244
737,0.1052,0,40,0,58447,547163,4241,103715,5.068388973285413,0.1593462983846435
738,0.1053,0,2,0,58449,547161,4241,103715,5.0683704472192375,0.159346788021067
739,0.1054,2,11,2,58460,547150,4243,103713,5.068268553855274,0.15934689788788117
740,0.1055,0,23,0,58483,547127,4243,103713,5.068055504094261,0.15935252903939523
741,0.1056,3,31,3,58514,547096,4246,103710,5.067768350068547,0.15935624441077678
742,0.1057,0,5,0,58519,547091,4246,103710,5.067722034903109,0.15935746871931666
743,0.1058,1,4,1,58523,547087,4247,103709,5.067684982770759,0.15935715646684984
744,0.1059,0,14,0,58537,547073,4247,103709,5.067555300307533,0.15936058465046668
745,0.106,6,37,6,58574,547036,4253,103703,5.067212568083293,0.1593618947074019
746,0.1061,2,25,2,58599,547011,4255,103701,5.066980992256104,0.1593654335558588
747,0.1062,0,6,0,58605,547005,4255,103701,5.066925414057579,0.1593669030253294
748,0.1063,1,9,1,58614,546996,4256,103700,5.066842046759791,0.15936781538537198
749,0.1064,2,39,2,58653,546957,4258,103698,5.066480788469376,0.15937478387163703
750,0.1065,0,11,0,58664,546946,4258,103698,5.066378895105413,0.15937747831379373
751,0.1066,3,59,3,58723,546887,4261,103695,5.0658323761532476,0.1593880556178929
752,0.1067,13,99,13,58822,546788,4274,103682,5.06491533587758,0.1593955140129445
753,0.1068,0,42,0,58864,546746,4274,103682,5.064526288487903,0.15940580663809062
754,0.1069,0,42,0,58906,546704,4274,103682,5.0641372410982255,0.1594161005925712
755,0.107,0,1,0,58907,546703,4274,103682,5.064127978065137,0.1594163457029298
756,0.1071,8,53,8,58960,546650,4282,103674,5.063637037311497,0.1594189972998075
757,0.1072,0,25,0,58985,546625,4282,103674,5.063405461484308,0.1594251259805105
758,0.1073,1,25,1,59010,546600,4283,103673,5.06317388565712,0.15942996249267616
759,0.1075,0,2,0,59012,546598,4283,103673,5.063155359590945,0.15943045284196897
760,0.1076,0,10,0,59022,546588,4283,103673,5.063062729260069,0.15943290463367787
761,0.1077,4,48,4,59070,546540,4287,103669,5.062618103671866,0.15943950329817028
762,0.1078,3,19,3,59089,546521,4290,103666,5.0624421060432025,0.15944028410288116
763,0.1079,0,10,0,59099,546511,4290,103666,5.0623494757123275,0.15944273636255973
764,0.108,0,26,0,59125,546485,4290,103666,5.0621086368520505,0.15944911259076738
765,0.1081,0,41,0,59166,546444,4290,103666,5.061728852495461,0.15945916844841643
766,0.1082,1,9,1,59175,546435,4291,103665,5.0616454851976735,0.15946008306414397
767,0.1083,15,176,15,59351,546259,4306,103650,5.060015191374264,0.15948386620280686
768,0.1084,1,23,1,59374,546236,4307,103649,5.0598021416132495,0.15948821714611047
769,0.1086,3,44,3,59418,546192,4310,103646,5.059394568157398,0.15949513571074636
770,0.1087,7,110,7,59528,546082,4317,103639,5.058375634517766,0.15951308330806607
771,0.1089,3,12,3,59540,546070,4320,103636,5.058264478120716,0.15951214857181556
772,0.109,1,34,1,59574,546036,4321,103635,5.057949534995739,0.15951920279649237
773,0.1091,0,35,0,59609,546001,4321,103635,5.057625328837674,0.15952779710484025
774,0.1092,0,31,0,59640,545970,4321,103635,5.05733817481196,0.15953540997991086
775,0.1093,0,33,0,59673,545937,4321,103635,5.0570324947200715,0.1595435148066727
776,0.1094,4,53,4,59726,545884,4325,103631,5.056541553966431,0.15955135755140373
777,0.1095,0,10,0,59736,545874,4325,103631,5.056448923635555,0.15955381405839833
778,0.1096,0,24,0,59760,545850,4325,103631,5.0562266108414535,0.15955970998381785
779,0.1097,1,5,1,59765,545845,4326,103630,5.0561802956760165,0.15955964432811118
780,0.1098,0,7,0,59772,545838,4326,103630,5.056115454444403,0.1595613640702852
781,0.11,5,128,5,59900,545710,4331,103625,5.054929786209196,0.15958634603093935
782,0.1101,0,36,0,59936,545674,4331,103625,5.054596317018045,0.1595951942017468
783,0.1102,1,16,1,59952,545658,4332,103624,5.054448108488644,0.15959783268287123
784,0.1103,3,22,3,59974,545636,4335,103621,5.054244321760717,0.15959935741932701
785,0.1104,0,31,0,60005,545605,4335,103621,5.053957167735003,0.15960697815552674
786,0.1105,3,17,3,60022,545588,4338,103618,5.053799696172515,0.15960727411638218
787,0.1106,4,64,4,60086,545524,4342,103614,5.053206862054911,0.15961783164750792
788,0.1107,1,35,1,60121,545489,4343,103613,5.0528826558968465,0.1596251436600103
789,0.1108,4,70,4,60191,545419,4347,103609,5.052234243580718,0.1596371805222579
790,0.111,0,24,0,60215,545395,4347,103609,5.052011930786617,0.1596430838638899
791,0.1111,4,58,4,60273,545337,4351,103605,5.0514746748675385,0.15965217230507503
792,0.1112,0,25,0,60298,545312,4351,103605,5.05124309904035,0.15965832302128008
793,0.1113,1,13,1,60311,545299,4352,103604,5.051122679610212,0.15966022656699075
794,0.1114,1,19,1,60330,545280,4353,103603,5.050946681981548,0.15966360653615522
795,0.1115,3,31,3,60361,545249,4356,103600,5.050659527955834,0.1596673494141164
796,0.1116,0,5,0,60366,545244,4356,103600,5.050613212790396,0.15966857981271307
797,0.1117,8,54,8,60420,545190,4364,103592,5.0501130090036686,0.15967150753257642
798,0.1118,4,50,4,60470,545140,4368,103588,5.049649857349291,0.1596786326472728
799,0.1119,3,71,3,60541,545069,4371,103585,5.048992182000074,0.15969222420581697
800,0.1121,6,35,6,60576,545034,4377,103579,5.04866797584201,0.15969306813153605
801,0.1122,2,50,2,60626,544984,4379,103577,5.048204824187632,0.15970278817258515
802,0.1123,0,2,0,60628,544982,4379,103577,5.048186298121457,0.15970328065758088
803,0.1125,8,98,8,60726,544884,4387,103569,5.047278520878876,0.15971704965510222
804,0.1127,7,121,7,60847,544763,4394,103562,5.046157693875283,0.15973778583272277
805,0.1128,2,11,2,60858,544752,4396,103560,5.046055800511319,0.15973790397216156
806,0.1129,0,6,0,60864,544746,4396,103560,5.046000222312794,0.15973938232871515
807,0.113,0,1,0,60865,544745,4396,103560,5.045990959279707,0.15973962872413447
808,0.1132,0,59,0,60924,544686,4396,103560,5.0454444403275405,0.1597541673994132
809,0.1133,5,106,5,61030,544580,4401,103555,5.0444625588202605,0.15977381255448325
810,0.1134,3,102,3,61132,544478,4404,103552,5.0435177294453295,0.15979507121583877
811,0.1135,0,29,0,61161,544449,4404,103552,5.043249101485791,0.15980222252743437
812,0.1136,1,19,1,61180,544430,4405,103551,5.043073103857127,0.15980561158429027
813,0.1137,1,33,1,61213,544397,4406,103550,5.042767423765238,0.15981245379637532
814,0.1138,0,11,0,61224,544386,4406,103550,5.042665530401274,0.15981516693006717
815,0.1139,1,2,1,61226,544384,4407,103549,5.042647004335099,0.1598143635221543
816,0.114,2,33,2,61259,544351,4409,103547,5.0423413242432105,0.15981990992409298
817,0.1141,3,10,3,61269,544341,4412,103544,5.0422486939123345,0.15981848630544002
818,0.1142,1,25,1,61294,544316,4413,103543,5.042017118085146,0.15982335662543856
819,0.1143,4,101,4,61395,544215,4417,103539,5.041081551743303,0.15984308857992385
820,0.1144,4,6,4,61401,544209,4421,103535,5.0410259735447775,0.15983938099002074
821,0.1145,1,65,1,61466,544144,4422,103534,5.040423876394087,0.15985412504361735
822,0.1146,3,28,3,61494,544116,4425,103531,5.040164511467635,0.15985714440119386
823,0.1147,2,35,2,61529,544081,4427,103529,5.03984030530957,0.15986318926514415
824,0.1148,0,1,0,61530,544080,4427,103529,5.039831042276483,0.15986343611654563
825,0.1149,3,55,3,61585,544025,4430,103526,5.039321575456667,0.15987312196259446
826,0.115,3,49,3,61634,543976,4433,103523,5.038867686835378,0.15988132800205096
827,0.1151,0,9,0,61643,543967,4433,103523,5.038784319537589,0.15988355032510154
828,0.1152,3,36,3,61679,543931,4436,103520,5.038450850346438,0.15988854755031656
829,0.1153,0,4,0,61683,543927,4436,103520,5.038413798214087,0.15988953535965106
830,0.1154,0,4,0,61687,543923,4436,103520,5.038376746081737,0.15989052318119124
831,0.1155,1,4,1,61691,543919,4437,103519,5.0383396939493865,0.15989021342584156
832,0.1156,1,1,1,61692,543918,4438,103518,5.038330430916299,0.1598891627898356
833,0.1157,1,11,1,61703,543907,4439,103517,5.038228537552336,0.1598905817516805
834,0.1158,0,7,0,61710,543900,4439,103517,5.038163696320724,0.159892310520113
835,0.1159,1,1,1,61711,543899,4440,103516,5.038154433287636,0.15989125985650626
836,0.116,6,92,6,61803,543807,4446,103510,5.0373022342435805,0.15990619742722653
837,0.1161,1,37,1,61840,543770,4447,103509,5.036959502019341,0.15991404015888047
838,0.1162,4,105,4,61945,543665,4451,103505,5.0359868835451485,0.15993479302192623
839,0.1164,4,16,4,61961,543649,4455,103501,5.035838675015747,0.15993355481727575
840,0.1165,0,1,0,61962,543648,4455,103501,5.035829411982659,0.1599338019528733
841,0.1166,0,11,0,61973,543637,4455,103501,5.035727518618697,0.15993652049485582
842,0.1167,46,407,46,62380,543230,4501,103455,5.031957464152062,0.15997742332047288
843,0.1168,0,24,0,62404,543206,4501,103455,5.03173515135796,0.1599833606789338
844,0.1169,3,18,3,62422,543188,4504,103452,5.031568416762385,0.15998391686255103
845,0.117,1,45,1,62467,543143,4505,103451,5.031151580273445,0.15999375187521073
846,0.1171,3,38,3,62505,543105,4508,103448,5.030799585016117,0.159999257601465
847,0.1172,0,5,0,62510,543100,4508,103448,5.03075326985068,0.16000049493618418
848,0.1173,2,15,2,62525,543085,4510,103446,5.030614324354366,0.16000160858489385
849,0.1174,1,47,1,62572,543038,4511,103445,5.030178961799251,0.16001194153597234
850,0.1175,5,30,5,62602,543008,4516,103440,5.029901070806625,0.16001287033141104
851,0.1176,3,16,3,62618,542992,4519,103437,5.029752862277224,0.160012932588111
852,0.1177,1,14,1,62632,542978,4520,103436,5.029623179813998,0.16001509868288744
853,0.1178,4,52,4,62684,542926,4524,103432,5.029141502093445,0.16002277375695823
854,0.1179,5,49,5,62733,542877,4529,103427,5.028687613472155,0.16002840768430954
855,0.118,0,1,0,62734,542876,4529,103427,5.028678350439068,0.16002865529016574
856,0.1181,1,21,1,62755,542855,4530,103426,5.028483826744229,0.16003255549830492
857,0.1182,4,32,4,62787,542823,4534,103422,5.028187409685428,0.1600352807371817
858,0.1183,8,60,8,62847,542763,4542,103414,5.027631627700174,0.16003974143307484
859,0.1184,1,1,1,62848,542762,4543,103413,5.027622364667087,0.16003868920957945
860,0.1185,5,51,5,62899,542711,4548,103408,5.027149949979622,0.1600448214647766
861,0.1186,1,24,1,62923,542687,4549,103407,5.02692763718552,0.16004946648630075
862,0.1187,1,12,1,62935,542675,4550,103406,5.02681648078847,0.1600511390986579
863,0.1188,4,14,4,62949,542661,4554,103402,5.026686798325244,0.1600494069463814
864,0.1189,7,19,7,62968,542642,4561,103395,5.02651080069658,0.16004501290173784
865,0.119,1,26,1,62994,542616,4562,103394,5.026269961836304,0.16005015402238357
866,0.1191,0,3,0,62997,542613,4562,103394,5.026242172737041,0.16005089728129882
867,0.1192,2,18,2,63015,542595,4564,103392,5.026075438141465,0.16005275647961956
868,0.1193,1,23,1,63038,542572,4565,103391,5.025862388380451,0.1600571549763686
869,0.1194,1,7,1,63045,542565,4566,103390,5.025797547148838,0.16005758915094706
870,0.1195,5,15,5,63060,542550,4571,103385,5.025658601652525,0.16005480427597205
871,0.1196,1,35,1,63095,542515,4572,103384,5.025334395494461,0.16006217690381933
872,0.1197,0,1,0,63096,542514,4572,103384,5.025325132461373,0.1600624247172154
873,0.1198,4,62,4,63158,542452,4576,103380,5.024750824409945,0.16007258853695697
874,0.1199,0,8,0,63166,542444,4576,103380,5.024676720145244,0.16007457140025766
875,0.12,27,364,27,63530,542080,4603,103353,5.021304976101375,0.16012971137205567
876,0.1201,1,37,1,63567,542043,4604,103352,5.020962243877135,0.16013759015796528
877,0.1202,2,64,2,63631,541979,4606,103350,5.020369409759532,0.1601508687816602
878,0.1203,1,7,1,63638,541972,4607,103349,5.020304568527918,0.16015130454456
879,0.1204,7,87,7,63725,541885,4614,103342,5.019498684649301,0.16016378731826164
880,0.1205,0,25,0,63750,541860,4614,103342,5.019267108822112,0.16016999327342446
881,0.1206,0,1,0,63751,541859,4614,103342,5.019257845789025,0.16017024152163434
882,0.1208,3,70,3,63821,541789,4617,103339,5.018609433472896,0.16018371547971874
883,0.1209,0,5,0,63826,541784,4617,103339,5.018563118307458,0.1601849569771966
884,0.121,0,20,0,63846,541764,4617,103339,5.018377857645707,0.16018992315955746
885,0.1211,0,2,0,63848,541762,4617,103339,5.018359331579532,0.1601904197947298
886,0.1212,2,19,2,63867,541743,4619,103337,5.018183333950869,0.16019253425931668
887,0.1213,3,57,3,63924,541686,4622,103334,5.017655341064878,0.16020278440978575
888,0.1214,3,23,3,63947,541663,4625,103331,5.0174422913038645,0.1602045910504594
889,0.1215,3,20,3,63967,541643,4628,103328,5.017257030642114,0.16020565265725126
890,0.1216,0,2,0,63969,541641,4628,103328,5.017238504575938,0.16020614944284145
891,0.1217,1,13,1,63982,541628,4629,103327,5.0171180851458,0.16020807653247127
892,0.1218,4,34,4,64016,541594,4633,103323,5.016803142020823,0.16021131401405142
893,0.1219,1,32,1,64048,541562,4634,103322,5.016506724962022,0.16021796167993002
894,0.122,3,34,3,64082,541528,4637,103319,5.016191781837045,0.16022250239204028
895,0.1221,0,4,0,64086,541524,4637,103319,5.016154729704694,0.1602234962618808
896,0.1222,10,87,10,64173,541437,4647,103309,5.015348845826077,0.1602320913972324
897,0.1223,2,12,2,64185,541425,4649,103307,5.015237689429027,0.1602324686846628
898,0.1225,2,23,2,64208,541402,4651,103305,5.015024639668013,0.160235579883575
899,0.1226,1,30,1,64238,541372,4652,103304,5.014746748675386,0.16024173383218857
900,0.1227,2,51,2,64289,541321,4654,103302,5.014274333987921,0.16025180609441486
901,0.1228,4,31,4,64320,541290,4658,103298,5.013987179962207,0.16025430197273297
902,0.1229,0,26,0,64346,541264,4658,103298,5.01374634110193,0.1602607662257471
903,0.123,3,63,3,64409,541201,4661,103295,5.013162770017415,0.16027252302574416
904,0.1231,6,43,6,64452,541158,4667,103289,5.01276445959465,0.16027539890790088
905,0.1232,0,4,0,64456,541154,4667,103289,5.012727407462299,0.16027639372295144
906,0.1233,10,105,10,64561,541049,4677,103279,5.011754788988107,0.1602894798922288
907,0.1234,0,1,0,64562,541048,4677,103279,5.0117455259550185,0.16028972866262006
908,0.1235,1,16,1,64578,541032,4678,103278,5.011597317425617,0.160292405829492
909,0.1236,4,19,4,64597,541013,4682,103274,5.011421319796955,0.16029191959483893
910,0.1237,1,104,1,64701,540909,4683,103273,5.010457964355849,0.16031649440686016
911,0.1238,3,37,3,64738,540872,4686,103270,5.010115232131609,0.16032179239981245
912,0.1239,4,69,4,64807,540803,4690,103266,5.009476082848568,0.16033375306061928
913,0.124,0,20,0,64827,540783,4690,103266,5.009290822186816,0.16033873199088888
914,0.1241,3,37,3,64864,540746,4693,103263,5.008948089962577,0.1603440324591737
915,0.1242,5,51,5,64915,540695,4698,103258,5.008475675275112,0.16035021189434634
916,0.1243,4,124,4,65039,540571,4702,103254,5.007327059172256,0.1603758785384227
917,0.1244,3,82,3,65121,540489,4705,103251,5.006567490459076,0.16039239444496226
918,0.1246,2,5,2,65126,540484,4707,103249,5.0065211752936385,0.16039103168549693
919,0.1247,0,3,0,65129,540481,4707,103249,5.006493386194376,0.16039177916207106
920,0.1248,2,43,2,65172,540438,4709,103247,5.0060950757716105,0.16039988503693578
921,0.125,50,576,50,65748,539862,4759,103197,5.000759568713179,0.16047827648784949
922,0.1251,1,45,1,65793,539817,4760,103196,5.000342732224239,0.16048820163822505
923,0.1252,1,20,1,65813,539797,4761,103195,5.000157471562488,0.1604918879239555
924,0.1253,2,20,2,65833,539777,4763,103193,4.999972210900737,0.1604942687839246
925,0.1254,1,11,1,65844,539766,4764,103192,4.999870317536774,0.16049570889544884
926,0.1255,2,26,2,65870,539740,4766,103190,4.999629478676498,0.160499587824491
927,0.1256,2,28,2,65898,539712,4768,103188,4.999370113750047,0.16050396640223985
928,0.1257,2,10,2,65908,539702,4770,103186,4.999277483419171,0.16050385137068976
929,0.1258,2,21,2,65929,539681,4772,103184,4.9990829597243325,0.16050648269854478
930,0.1259,4,123,4,66052,539558,4776,103180,4.997943606654563,0.16053197414809767
931,0.126,1,28,1,66080,539530,4777,103179,4.997684241728112,0.16053766167892466
932,0.1261,1,4,1,66084,539526,4778,103178,4.997647189595761,0.16053735467649183
933,0.1262,3,36,3,66120,539490,4781,103175,4.997313720404609,0.1605424287926058
934,0.1263,0,10,0,66130,539480,4781,103175,4.997221090073734,0.16054492690479338
935,0.1264,0,30,0,66160,539450,4781,103175,4.996943199081107,0.16055242170783895
936,0.1266,3,38,3,66198,539412,4784,103172,4.99659120382378,0.1605579970867622
937,0.1267,9,87,9,66285,539325,4793,103163,4.9957853199451625,0.1605679794797724
938,0.1268,1,4,1,66289,539321,4794,103162,4.995748267812813,0.1605676726076799
939,0.1269,3,6,3,66295,539315,4797,103159,4.9956926896142875,0.16056525244601338
940,0.127,0,2,0,66297,539313,4797,103159,4.995674163548112,0.1605657522818115
941,0.1271,4,30,4,66327,539283,4801,103155,4.995396272555485,0.1605680236847758
942,0.1272,6,95,6,66422,539188,4807,103149,4.9945162844121676,0.16058393024222486
943,0.1273,2,36,2,66458,539152,4809,103147,4.994182815221016,0.1605903169707566
944,0.1274,1,31,1,66489,539121,4810,103146,4.993895661195301,0.1605967611600783
945,0.1275,10,51,10,66540,539070,4820,103136,4.993423246507836,0.16059644413163376
946,0.1276,1,11,1,66551,539059,4821,103135,4.993321353143873,0.16059788786566054
947,0.1277,0,1,0,66552,539058,4821,103135,4.993312090110786,0.16059813794295486
948,0.1278,3,51,3,66603,539007,4824,103132,4.992839675423321,0.1606069713878148
949,0.1279,4,29,4,66632,538978,4828,103128,4.992571047463781,0.1606089960224636
950,0.128,0,3,0,66635,538975,4828,103128,4.992543258364519,0.1606097464114013
951,0.1282,2,17,2,66652,538958,4830,103126,4.99238578680203,0.16061138418026302
952,0.1283,7,44,7,66696,538914,4837,103119,4.991978213346178,0.1606132395063805
953,0.1285,11,141,11,66837,538773,4848,103108,4.990672125680833,0.16063413623397482
954,0.1286,16,202,16,67039,538571,4864,103092,4.988800992997147,0.16066377522157269
955,0.1287,3,3,3,67042,538568,4867,103089,4.9887732038978845,0.16066060215972086
956,0.1288,0,7,0,67049,538561,4867,103089,4.988708362666271,0.16066235486636016
957,0.1289,3,24,3,67073,538537,4870,103086,4.98848604987217,0.16066444002163263
958,0.129,0,30,0,67103,538507,4870,103086,4.9882081588795435,0.16067195246830934
959,0.1291,1,8,1,67111,538499,4871,103085,4.988134054614843,0.16067264769695005
960,0.1292,2,26,2,67137,538473,4873,103083,4.987893215754567,0.16067654265566841
961,0.1293,0,3,0,67140,538470,4873,103083,4.987865426655304,0.16067729400376898
962,0.1294,4,59,4,67199,538411,4877,103079,4.987318907703139,0.16068683845422377
963,0.1295,0,1,0,67200,538410,4877,103079,4.9873096446700504,0.16068708894462727
964,0.1296,0,1,0,67201,538409,4877,103079,4.987300381636963,0.16068733943581173
965,0.1297,2,45,2,67246,538364,4879,103077,4.986883545148023,0.16069599542280583
966,0.1298,2,13,2,67259,538351,4881,103075,4.986763125717885,0.16069663530945114
967,0.1299,5,54,5,67313,538297,4886,103070,4.986262921931157,0.1607036221071555
968,0.13,22,156,22,67469,538141,4908,103048,4.9848178887694985,0.16071392366369355
969,0.1301,6,150,6,67619,537991,4914,103042,4.983428433806366,0.16074367466261488
970,0.1302,3,16,3,67635,537975,4917,103039,4.983280225276965,0.16074375910666538
971,0.1303,0,11,0,67646,537964,4917,103039,4.983178331913002,0.16074651756700048
972,0.1304,1,14,1,67660,537950,4918,103038,4.983048649449776,0.16074871916478936
973,0.1305,1,12,1,67672,537938,4919,103037,4.9829374930527255,0.16075041928312336
974,0.1306,1,66,1,67738,537872,4920,103036,4.9823261328689465,0.1607656637146049
975,0.1307,1,15,1,67753,537857,4921,103035,4.9821871873726336,0.16076811693701903
976,0.1308,1,21,1,67774,537836,4922,103034,4.9819926636777945,0.16077207545992167
977,0.1309,3,31,3,67805,537805,4925,103031,4.98170550965208,0.16077592394934118
978,0.131,2,56,2,67861,537749,4927,103029,4.981186779799177,0.16078735537112698
979,0.1311,0,9,0,67870,537740,4927,103029,4.9811034125013895,0.16078961372975284
980,0.1312,7,18,7,67888,537722,4934,103022,4.980936677905813,0.1607849624811157
981,0.1314,3,15,3,67903,537707,4937,103019,4.9807977324095,0.1607847972456245
982,0.1315,2,75,2,67978,537632,4939,103017,4.980103004927933,0.1608010002356985
983,0.1316,0,3,0,67981,537629,4939,103017,4.980075215828671,0.16080175323033313
984,0.1317,3,68,3,68049,537561,4942,103014,4.979445329578717,0.1608148928696874
985,0.1318,6,32,6,68081,537529,4948,103008,4.979148912519915,0.16081506610859325
986,0.1319,2,52,2,68133,537477,4950,103006,4.978667234799363,0.1608255020039564
987,0.132,0,2,0,68135,537475,4950,103006,4.978648708733187,0.16082600420621376
988,0.1321,3,25,3,68160,537450,4953,103003,4.9784171329059985,0.16082835118267852
989,0.1322,0,1,0,68161,537449,4953,103003,4.978407869872911,0.1608286022996259
990,0.1323,4,59,4,68220,537390,4957,102999,4.977861350920746,0.16083817804490708
991,0.1324,3,33,3,68253,537357,4960,102996,4.977555670828856,0.1608425352891296
992,0.1325,0,3,0,68256,537354,4960,102996,4.977527881729594,0.16084328882642304
993,0.1326,0,27,0,68283,537327,4960,102996,4.977277779836229,0.1608500709798024
994,0.1327,1,17,1,68300,537310,4961,102995,4.977120308273741,0.16085303097742482
995,0.1328,6,46,6,68346,537264,4967,102989,4.976694208751714,0.1608567238263624
996,0.1329,3,13,3,68359,537251,4970,102986,4.976573789321575,0.1608560579910252
997,0.133,2,128,2,68487,537123,4972,102984,4.975388121086368,0.1608856019384259
998,0.1331,1,18,1,68505,537105,4973,102983,4.975221386490793,0.16088881528789792
999,0.1332,0,2,0,68507,537103,4973,102983,4.975202860424617,0.16088931799789402
1000,0.1333,94,821,94,69328,536282,5067,102889,4.967597910259736,0.16097257228503797
1001,0.1334,0,34,0,69362,536248,5067,102889,4.967282967134759,0.16098113549990065
1002,0.1335,7,49,7,69411,536199,5074,102882,4.966829078513468,0.16098428837659076
1003,0.1336,6,34,6,69445,536165,5080,102876,4.966514135388492,0.1609849759248624
1004,0.1337,3,37,3,69482,536128,5083,102873,4.966171403164252,0.16099035838754555
1005,0.1338,3,36,3,69518,536092,5086,102870,4.9658379339731,0.16099548955962953
1006,0.1339,1,12,1,69530,536080,5087,102869,4.96572677757605,0.160997200089522
1007,0.134,1,33,1,69563,536047,5088,102868,4.96542109748416,0.16100420243694388
1008,0.1341,0,43,0,69606,536004,5088,102868,4.965022787061395,0.1610150390062485
1009,0.1342,1,20,1,69626,535984,5089,102867,4.964837526399644,0.16101876650423963
1010,0.1343,2,13,2,69639,535971,5091,102865,4.964717106969506,0.16101941656387556
1011,0.1344,7,86,7,69725,535885,5098,102858,4.9639204861239765,0.1610319017194709
1012,0.1345,6,106,6,69831,535779,5104,102852,4.962938604616696,0.16105074761481983
1013,0.1346,2,85,2,69916,535694,5106,102850,4.962151246804254,0.1610695582450074
1014,0.1347,6,75,6,69991,535619,5112,102844,4.961456519322687,0.16108059511670997
1015,0.1348,1,12,1,70003,535607,5113,102843,4.961345362925637,0.1610823087164226
1016,0.1349,2,43,2,70046,535564,5115,102841,4.960947052502871,0.161090530305997
1017,0.135,2,81,2,70127,535483,5117,102839,4.9601967468227794,0.16110834343795138
1018,0.1351,3,25,3,70152,535458,5120,102836,4.9599651709955905,0.16111071073831182
1019,0.1352,2,21,2,70173,535437,5122,102834,4.959770647300752,0.16111338287341898
1020,0.1353,0,54,0,70227,535383,5122,102834,4.959270443514024,0.16112701479277425
1021,0.1354,1,24,1,70251,535359,5123,102833,4.959048130719923,0.16113175972121244
1022,0.1355,1,16,1,70267,535343,5124,102832,4.958899922190522,0.16113448505503977
1023,0.1356,3,41,3,70308,535302,5127,102829,4.958520137833933,0.1611408942677914
1024,0.1357,2,44,2,70352,535258,5129,102827,4.95811256437808,0.16114937665044626
1025,0.1358,4,47,4,70399,535211,5133,102823,4.957677201822965,0.1611559885523342
1026,0.1359,1,20,1,70419,535191,5134,102822,4.957491941161214,0.16115972558552882
1027,0.136,3,9,3,70428,535182,5137,102819,4.957408573863426,0.16115805461119967
1028,0.1361,1,57,1,70485,535125,5138,102818,4.956880580977435,0.16117113911430958
1029,0.1362,5,31,5,70516,535094,5143,102813,4.956593426951721,0.16117239660326663
1030,0.1363,1,20,1,70536,535074,5144,102812,4.95640816628997,0.1611761349206598
1031,0.1364,5,78,5,70614,534996,5149,102807,4.955685649709141,0.16118927004106284
1032,0.1365,0,4,0,70618,534992,5149,102807,4.955648597576791,0.1611902809505816
1033,0.1366,4,33,4,70651,534959,5153,102803,4.955342917484901,0.1611933605326125
1034,0.1367,8,68,8,70719,534891,5161,102795,4.954713031234948,0.16120002634525457
1035,0.1368,4,14,4,70733,534877,5165,102791,4.954583348771722,0.16119830381954245
1036,0.1369,3,17,3,70750,534860,5168,102788,4.954425877209234,0.16119865505733572
1037,0.137,0,16,0,70766,534844,5168,102788,4.954277668679833,0.16120269998996287
1038,0.1371,0,30,0,70796,534814,5168,102788,4.953999777687206,0.16121028478580682
1039,0.1372,6,56,6,70852,534758,5174,102782,4.953481047834303,0.1612165511183612
1040,0.1373,2,23,2,70875,534735,5176,102780,4.953267998073289,0.16121973600621162
1041,0.1374,0,55,0,70930,534680,5176,102780,4.952758531253473,0.16123364603269225
1042,0.1375,4,78,4,71008,534602,5180,102776,4.952036014672644,0.16124811336443995
1043,0.1376,5,115,5,71123,534487,5185,102771,4.9509707658675755,0.16127063136123831
1044,0.1377,4,25,4,71148,534462,5189,102767,4.9507391900403865,0.16127169353560494
1045,0.1378,3,52,3,71200,534410,5192,102764,4.950257512319834,0.16128090600055872
1046,0.1379,3,72,3,71272,534338,5195,102761,4.94959057393753,0.161295183323157
1047,0.138,0,1,0,71273,534337,5195,102761,4.949581310904443,0.16129543649485636
1048,0.1381,4,41,4,71314,534296,5199,102757,4.949201526547853,0.16130055113153852
1049,0.1382,3,14,3,71328,534282,5202,102754,4.949071844084627,0.16130014630256376
1050,0.1383,5,32,5,71360,534250,5207,102749,4.948775427025826,0.16130166609366733
1051,0.1384,3,8,3,71368,534242,5210,102746,4.948701322761125,0.16129974191036567
1052,0.1385,5,46,5,71414,534196,5215,102741,4.948275223239097,0.16130480722583238
1053,0.1386,2,17,2,71431,534179,5217,102739,4.948117751676609,0.16130647901299697
1054,0.1387,0,18,0,71449,534161,5217,102739,4.947951017081033,0.16131103783953524
1055,0.1388,9,95,9,71544,534066,5226,102730,4.9470710289377156,0.16132324951789898
1056,0.1389,2,32,2,71576,534034,5228,102728,4.946774611878913,0.16132872250542588
1057,0.139,1,39,1,71615,533995,5229,102727,4.946413353588499,0.16133728691642507
1058,0.1391,4,18,4,71633,533977,5233,102723,4.946246618992923,0.16133657923668918
1059,0.1392,4,30,4,71663,533947,5237,102719,4.945968728000296,0.1613389123967669
1060,0.1393,3,50,3,71713,533897,5240,102716,4.945505576345918,0.1613476319208059
1061,0.1394,0,7,0,71720,533890,5240,102716,4.945440735114306,0.16134940606905998
1062,0.1395,0,2,0,71722,533888,5240,102716,4.945422209048131,0.16134991297572746
1063,0.1396,0,5,0,71727,533883,5240,102716,4.945375893882693,0.1613511802563309
1064,0.1397,1,4,1,71731,533879,5241,102715,4.945338841750343,0.16135087669692144
1065,0.1398,1,40,1,71771,533839,5242,102714,4.944968320426841,0.16135969824979224
1066,0.1399,1,11,1,71782,533828,5243,102713,4.944866427062878,0.1613611691941289
1067,0.14,39,327,39,72109,533501,5282,102674,4.941837415243247,0.1613926985499273
1068,0.1401,0,3,0,72112,533498,5282,102674,4.941809626143985,0.1613934596304144
1069,0.1402,4,50,4,72162,533448,5286,102670,4.941346474489607,0.1614008721652272
1070,0.1403,1,34,1,72196,533414,5287,102669,4.94103153136463,0.16140818100782445
1071,0.1404,2,41,2,72237,533373,5289,102667,4.94065174700804,0.1614159486824728
1072,0.1405,2,41,2,72278,533332,5291,102665,4.94027196265145,0.16142371740747205
1073,0.1406,1,2,1,72280,533330,5292,102664,4.940253436585276,0.16142290650540728
1074,0.1407,2,8,2,72288,533322,5294,102662,4.940179332320575,0.16142229993207377
1075,0.1408,1,19,1,72307,533303,5295,102661,4.940003334691911,0.1614258039763257
1076,0.1409,0,9,0,72316,533294,5295,102661,4.939919967394124,0.16142808846537884
1077,0.141,1,16,1,72332,533278,5296,102660,4.9397717588647225,0.1614308313074545
1078,0.1411,6,104,6,72436,533174,5302,102654,4.938808403423617,0.16144932277282537
1079,0.1412,2,75,2,72511,533099,5304,102652,4.93811367594205,0.16146573108024997
1080,0.1413,3,39,3,72550,533060,5307,102649,4.937752417651636,0.16147167965216788
1081,0.1414,8,54,8,72604,533006,5315,102641,4.937252213864908,0.1614748437418882
1082,0.1415,6,107,6,72711,532899,5321,102635,4.93626106932454,0.16149411361154556
1083,0.1416,3,57,3,72768,532842,5324,102632,4.935733076438549,0.16150464063045852
1084,0.1417,31,198,31,72966,532644,5355,102601,4.933898995887214,0.16151406150382924
1085,0.1418,0,30,0,72996,532614,5355,102601,4.933621104894587,0.16152168950670245
1086,0.1419,0,7,0,73003,532607,5355,102601,4.9335562636629735,0.1615234694777144
1087,0.142,4,7,4,73010,532600,5359,102597,4.933491422431361,0.16151996939532146
1088,0.1421,1,13,1,73023,532587,5360,102596,4.9333710030012226,0.1615219550901079
1089,0.1422,0,8,0,73031,532579,5360,102596,4.933296898736522,0.1615239894517259
1090,0.1423,0,8,0,73039,532571,5360,102596,4.933222794471821,0.16152602386458995
1091,0.1424,1,27,1,73066,532544,5361,102595,4.932972692578458,0.16153157025470016
1092,0.1425,3,12,3,73078,532532,5364,102592,4.932861536181408,0.16153066172904817
1093,0.1426,1,17,1,73095,532515,5365,102591,4.932704064618918,0.1615336652464313
1094,0.1427,0,17,0,73112,532498,5365,102591,4.93254659305643,0.1615379891637235
1095,0.1428,2,84,2,73196,532414,5367,102589,4.9317684982770755,0.16155671705488006
1096,0.1429,9,99,9,73295,532315,5376,102580,4.930851458001408,0.16157002338969437
1097,0.143,6,85,6,73380,532230,5382,102574,4.930064100188966,0.16158373293173955
1098,0.1431,1,52,1,73432,532178,5383,102573,4.929582422468413,0.16159564931760642
1099,0.1432,3,20,3,73452,532158,5386,102570,4.929397161806662,0.16159677846258555
1100,0.1433,9,105,9,73557,532053,5395,102561,4.9284245433324685,0.16161162533445528
1101,0.1434,0,4,0,73561,532049,5395,102561,4.928387491200119,0.1616126439860702
1102,0.1435,2,26,2,73587,532023,5397,102559,4.9281466523398425,0.1616166232259976
1103,0.1436,6,69,6,73656,531954,5403,102553,4.927507503056801,0.1616262704745574
1104,0.1437,0,23,0,73679,531931,5403,102553,4.927294453295787,0.16163212941539898
1105,0.1438,8,40,8,73719,531891,5411,102545,4.926923931972285,0.16163174851364046
1106,0.1439,0,8,0,73727,531883,5411,102545,4.926849827707585,0.16163378665506567
1107,0.144,1,41,1,73768,531842,5412,102544,4.926470043350995,0.16164291141355577
1108,0.1441,1,47,1,73815,531795,5413,102543,4.92603468079588,0.16165356639520256
1109,0.1442,4,31,4,73846,531764,5417,102539,4.925747526770166,0.16165618009058763
1110,0.1443,6,26,6,73872,531738,5423,102533,4.925506687909889,0.16165487622798458
1111,0.1444,6,81,6,73953,531657,5429,102527,4.9247563822297975,0.16166759173993667
1112,0.1445,0,8,0,73961,531649,5429,102527,4.924682277965097,0.161669631143405
1113,0.1447,5,28,5,73989,531621,5434,102522,4.924422913038645,0.16167015956968697
1114,0.1448,0,5,0,73994,531616,5434,102522,4.9243765978732075,0.16167143429348185
1115,0.1449,0,1,0,73995,531615,5434,102522,4.92436733484012,0.16167168924065303
1116,0.145,8,75,8,74070,531540,5442,102514,4.9236726073585535,0.16168023543736024
1117,0.1451,4,9,4,74079,531531,5446,102510,4.923589240060766,0.16167724169257194
1118,0.1452,6,28,6,74107,531503,5452,102504,4.923329875134314,0.1616764483672893
1119,0.1454,3,17,3,74124,531486,5455,102501,4.923172403571826,0.16167681671706202
1120,0.1455,1,16,1,74140,531470,5456,102500,4.923024195042425,0.16167957474328437
1121,0.1456,1,66,1,74206,531404,5457,102499,4.922412834858646,0.16169508584120915
1122,0.1457,2,22,2,74228,531382,5459,102497,4.92220904813072,0.16169805278294438
1123,0.1458,10,125,10,74353,531257,5469,102487,4.921051168994776,0.16171671842258073
1124,0.1459,1,62,1,74415,531195,5470,102486,4.920476860943348,0.16173121807344704
1125,0.146,3,36,3,74451,531159,5473,102483,4.9201433917521955,0.1617364379255163
1126,0.1461,1,36,1,74487,531123,5474,102482,4.919809922561043,0.16174430441678964
1127,0.1462,3,30,3,74517,531093,5477,102479,4.919532031568417,0.16174799391387246
1128,0.1463,3,86,3,74603,531007,5480,102476,4.918735410722887,0.16176598267041103
1129,0.1464,4,27,4,74630,530980,5484,102472,4.918485308829523,0.16176758459993812
1130,0.1465,1,36,1,74666,530944,5485,102471,4.918151839638371,0.16177545527024148
1131,0.1466,2,51,2,74717,530893,5487,102469,4.917679424950906,0.16178583495694404
1132,0.1467,6,81,6,74798,530812,5493,102463,4.916929119270814,0.161798586711934
1133,0.1468,1,6,1,74804,530806,5494,102462,4.916873541072289,0.16179879608633313
1134,0.1469,0,20,0,74824,530786,5494,102462,4.916688280410538,0.161803906210521
1135,0.147,3,45,3,74869,530741,5497,102459,4.916271443921597,0.16181143398610234
1136,0.1471,5,42,5,74911,530699,5502,102454,4.91588239653192,0.1618155485325032
1137,0.1472,0,3,0,74914,530696,5502,102454,4.9158546074326575,0.16181631524915108
1138,0.1473,1,29,1,74943,530667,5503,102453,4.915585979473119,0.1618224033358605
1139,0.1474,1,46,1,74989,530621,5504,102452,4.915159879951092,0.16183283760324638
1140,0.1475,1,6,1,74995,530615,5505,102451,4.9151043017525655,0.16183304742317547
1141,0.1476,3,89,3,75084,530526,5508,102448,4.914279891807774,0.16185182961701428
1142,0.1477,1,32,1,75116,530494,5509,102447,4.913983474748972,0.16185868825056363
1143,0.1478,5,23,5,75139,530471,5514,102442,4.913770424987958,0.16185794888080984
1144,0.1479,1,16,1,75155,530455,5515,102441,4.913622216458557,0.16186071645262412
1145,0.148,2,50,2,75205,530405,5517,102439,4.913159064804179,0.16187085600874782
1146,0.1481,0,14,0,75219,530391,5517,102439,4.913029382340953,0.16187443705260496
1147,0.1482,2,23,2,75242,530368,5519,102437,4.91281633257994,0.1618776716366021
1148,0.1483,8,60,8,75302,530308,5527,102429,4.912260550594687,0.16188242508340747
1149,0.1484,0,7,0,75309,530301,5527,102429,4.912195709363074,0.16188421601631028
1150,0.1485,8,112,8,75421,530189,5535,102421,4.911158249657268,0.16190227786471917
1151,0.1486,0,10,0,75431,530179,5535,102421,4.911065619326393,0.1619048371798925
1152,0.1487,5,89,5,75520,530090,5540,102416,4.9102412093816,0.161920993634843
1153,0.1488,1,21,1,75541,530069,5541,102415,4.910046685686761,0.16192504474421487
1154,0.1489,1,23,1,75564,530046,5542,102414,4.9098336359257475,0.1619296081965658
1155,0.149,1,19,1,75583,530027,5543,102413,4.909657638297084,0.16193314780848775
1156,0.1491,2,78,2,75661,529949,5545,102411,4.9089351217162545,0.16195047125055348
1157,0.1492,0,9,0,75670,529940,5545,102411,4.908851754418467,0.16195277622712703
1158,0.1493,1,86,1,75756,529854,5546,102410,4.908055133572937,0.16197347943264206
1159,0.1494,0,23,0,75779,529831,5546,102410,4.907842083811923,0.1619793717901876
1160,0.1495,12,180,12,75959,529651,5558,102398,4.906174737856164,0.16200959102854368
1161,0.1496,2,19,2,75978,529632,5560,102396,4.9059987402275,0.162011809603372
1162,0.1497,0,3,0,75981,529629,5560,102396,4.9059709511282374,0.1620125786163522
1163,0.1498,4,75,4,76056,529554,5564,102392,4.905276223646671,0.162026502264434
1164,0.1499,3,44,3,76100,529510,5567,102389,4.904868650190818,0.1620338060354582
1165,0.15,152,1569,152,77669,527941,5719,102237,4.890334951276446,0.16223511452319822
1166,0.1501,0,12,0,77681,527929,5719,102237,4.890223794879395,0.16223820390182905
1167,0.1502,4,100,4,77781,527829,5723,102233,4.88929749157064,0.1622586348645054
1168,0.1503,1,20,1,77801,527809,5724,102232,4.889112230908889,0.1622624559354074
1169,0.1504,3,26,3,77827,527783,5727,102229,4.888871392048612,0.16226516320324058
1170,0.1505,4,23,4,77850,527760,5731,102225,4.888658342287599,0.16226576823257696
1171,0.1506,2,3,2,77853,527757,5733,102223,4.888630553188336,0.1622638813930601
1172,0.1507,0,3,0,77856,527754,5733,102223,4.8886027640890735,0.16226465410641977
1173,0.1508,9,138,9,77994,527616,5742,102214,4.887324465522991,0.16228823650826413
1174,0.1509,0,19,0,78013,527597,5742,102214,4.8871484678943276,0.16229313238415968
1175,0.151,2,44,2,78057,527553,5744,102212,4.886740894438475,0.16230181099298946
1176,0.1511,4,21,4,78078,527532,5748,102208,4.886546370743637,0.16230190237240766
1177,0.1512,0,3,0,78081,527529,5748,102208,4.886518581644373,0.16230267556138514
1178,0.1513,9,99,9,78180,527430,5757,102199,4.885601541368706,0.16231622113975055
1179,0.1514,7,106,7,78286,527324,5764,102192,4.884619659861425,0.16233423773184477
1180,0.1515,2,20,2,78306,527304,5766,102190,4.884434399199674,0.16233673394821874
1181,0.1516,5,97,5,78403,527207,5771,102185,4.883535884990181,0.16235509825355263
1182,0.1517,4,60,4,78463,527147,5775,102181,4.882980103004928,0.1623652530953652
1183,0.1518,0,10,0,78473,527137,5775,102181,4.882887472674052,0.162367833114578
1184,0.1519,6,68,6,78541,527069,5781,102175,4.882257586424099,0.162377392553604
1185,0.1521,0,6,0,78547,527063,5781,102175,4.8822020082255735,0.16237894087769653
1186,0.1522,9,107,9,78654,526956,5790,102166,4.881210863685205,0.16239457529700121
1187,0.1523,0,12,0,78666,526944,5790,102166,4.881099707288154,0.16239767290298993
1188,0.1524,6,22,6,78688,526922,5796,102160,4.880895920560228,0.1623953634025453
1189,0.1525,4,45,4,78733,526877,5800,102156,4.880479084071288,0.16240165460317663
1190,0.1526,0,5,0,78738,526872,5800,102156,4.880432768905851,0.16240294549686182
1191,0.1527,3,32,3,78770,526840,5803,102153,4.880136351847049,0.16240721279887058
1192,0.1528,4,20,4,78790,526820,5807,102149,4.879951091185298,0.16240705026797822
1193,0.1529,14,156,14,78946,526664,5821,102135,4.878506058023639,0.16242869342985597
1194,0.153,0,25,0,78971,526639,5821,102135,4.87827448219645,0.16243515158069513
1195,0.1531,1,57,1,79028,526582,5822,102134,4.87774648931046,0.16244854592534627
1196,0.1532,1,55,1,79083,526527,5823,102133,4.877237022490644,0.16246142588998824
1197,0.1533,6,133,6,79216,526394,5829,102127,4.87600503909,0.16248780868101464
1198,0.1535,3,82,3,79298,526312,5832,102124,4.87524547037682,0.1625050124435901
1199,0.1536,2,34,2,79332,526278,5834,102122,4.874930527251843,0.16251113940165499
1200,0.1537,10,97,10,79429,526181,5844,102112,4.874032013042351,0.1625228993479157
1201,0.1538,1,35,1,79464,526146,5845,102111,4.873707806884286,0.16253062043081096
1202,0.1539,1,3,1,79467,526143,5846,102110,4.8736800177850235,0.1625300635253632
1203,0.154,0,25,0,79492,526118,5846,102110,4.8734484419578346,0.16253653132302284
1204,0.1541,0,14,0,79506,526104,5846,102110,4.873318759494609,0.1625401535145667
1205,0.1542,8,163,8,79669,525941,5854,102102,4.871808885101338,0.1625716710480015
1206,0.1543,4,30,4,79699,525911,5858,102098,4.871530994108711,0.16257410323737398
1207,0.1544,1,20,1,79719,525891,5859,102097,4.87134573344696,0.1625779473493124
1208,0.1545,1,41,1,79760,525850,5860,102096,4.87096594909037,0.1625872288381485
1209,0.1546,2,29,2,79789,525821,5862,102094,4.870697321130831,0.1625920705828018
1210,0.1547,0,16,0,79805,525805,5862,102094,4.87054911260143,0.16259621372227062
1211,0.1548,0,17,0,79822,525788,5862,102094,4.870391641038942,0.1626006160393195
1212,0.1549,0,10,0,79832,525778,5862,102094,4.870299010708067,0.16260320574894246
1213,0.155,6,71,6,79903,525707,5868,102088,4.86964133535885,0.1626135920165022
1214,0.1551,3,18,3,79921,525689,5871,102085,4.869474600763274,0.16261425289992895
1215,0.1552,3,61,3,79982,525628,5874,102082,4.868909555744933,0.16262605343231748
1216,0.1553,0,11,0,79993,525617,5874,102082,4.86880766238097,0.16262890334380015
1217,0.1554,4,28,4,80021,525589,5878,102078,4.8685482974545184,0.16263082175739685
1218,0.1555,9,100,9,80121,525489,5887,102069,4.867621994145763,0.16264472765863872
1219,0.1556,4,69,4,80190,525420,5891,102065,4.866982844862722,0.16265727467588867
1220,0.1557,11,38,11,80228,525382,5902,102054,4.866630849605395,0.1626524458271441
1221,0.1558,1,14,1,80242,525368,5903,102053,4.866501167142169,0.16265474059682414
1222,0.1559,0,17,0,80259,525351,5903,102053,4.866343695579681,0.16265914785369553
1223,0.156,0,18,0,80277,525333,5903,102053,4.866176960984105,0.16266381462130172
1224,0.1561,4,20,4,80297,525313,5907,102049,4.865991700322353,0.16266366149049513
1225,0.1562,4,35,4,80332,525278,5911,102045,4.865667494164289,0.16266739781579825
1226,0.1563,1,31,1,80363,525247,5912,102044,4.865380340138575,0.16267410181239647
1227,0.1564,2,33,2,80396,525214,5914,102042,4.865074660046686,0.1626799903069879
1228,0.1565,3,85,3,80481,525129,5917,102039,4.864287302234244,0.16269803306291136
1229,0.1566,0,14,0,80495,525115,5917,102039,4.864157619771018,0.16270166498180672
1230,0.1567,9,188,9,80683,524927,5926,102030,4.862416169550557,0.1627384334172838
1231,0.1568,1,52,1,80735,524875,5927,102029,4.861934491830005,0.16275059658257085
1232,0.1569,4,133,4,80868,524742,5931,102025,4.86070250842936,0.16277978898059406
1233,0.157,5,16,5,80884,524726,5936,102020,4.86055429989996,0.16277726543129115
1234,0.1571,23,201,23,81085,524525,5959,101997,4.858692430249361,0.16279875247796566
1235,0.1573,2,107,2,81192,524418,5961,101995,4.857701285708993,0.16282388775456447
1236,0.1574,3,39,3,81231,524379,5964,101992,4.857340027418578,0.16283001607673409
1237,0.1575,0,13,0,81244,524366,5964,101992,4.85721960798844,0.16283339559804458
1238,0.1576,3,30,3,81274,524336,5967,101989,4.856941716995813,0.16283718516744503
1239,0.1577,4,84,4,81358,524252,5971,101985,4.856163622216458,0.16285367999655082
1240,0.1578,1,34,1,81392,524218,5972,101984,4.855848679091482,0.1628611853682997
1241,0.1579,3,27,3,81419,524191,5975,101981,4.855598577198117,0.16286419705767743
1242,0.158,0,3,0,81422,524188,5975,101981,4.855570788098855,0.16286497734637134
1243,0.1581,2,16,2,81438,524172,5977,101979,4.8554225795694546,0.16286646511783898
1244,0.1582,10,148,10,81586,524024,5987,101969,4.854051650672496,0.1628915978293687
1245,0.1583,22,186,22,81772,523838,6009,101947,4.852328726518211,0.16291058430611152
1246,0.1584,1,4,1,81776,523834,6010,101946,4.852291674385861,0.16291028796062515
1247,0.1585,3,11,3,81787,523823,6013,101943,4.852189781021898,0.16290913855978112
1248,0.1586,2,149,2,81936,523674,6015,101941,4.850809589091853,0.16294526186232747
1249,0.1587,3,31,3,81967,523643,6018,101938,4.8505224350661384,0.16294932230998063
1250,0.1588,6,53,6,82020,523590,6024,101932,4.850031494312498,0.16295509990056306
1251,0.1589,1,19,1,82039,523571,6025,101931,4.849855496683834,0.1629587115628727
1252,0.159,1,4,1,82043,523567,6026,101930,4.849818444551484,0.16295841546801984
1253,0.1591,0,7,0,82050,523560,6026,101930,4.849753603319871,0.16296023917248878
1254,0.1592,3,23,3,82073,523537,6029,101927,4.849540553558858,0.1629622168502104
1255,0.1593,1,40,1,82113,523497,6030,101926,4.849170032235355,0.16297130102346732
1256,0.1595,4,61,4,82174,523436,6034,101922,4.848604987217015,0.16298184399975693
1257,0.1596,4,45,4,82219,523391,6038,101918,4.848188150728074,0.16298821862471194
1258,0.1597,2,28,2,82247,523363,6040,101916,4.8479287858016225,0.16299283999622569
1259,0.1598,0,1,0,82248,523362,6040,101916,4.847919522768535,0.1629931006688225
1260,0.1599,4,17,4,82265,523345,6044,101912,4.847762051206047,0.16299217761656407
1261,0.16,37,400,37,82665,522945,6081,101875,4.844056837971025,0.16304695752376686
1262,0.1601,3,60,3,82725,522885,6084,101872,4.843501055985772,0.16305859718258459
1263,0.1602,3,21,3,82746,522864,6087,101869,4.843306532290933,0.16306005925731473
1264,0.1603,0,15,0,82761,522849,6087,101869,4.84316758679462,0.16306397446527873
1265,0.1604,0,10,0,82771,522839,6087,101869,4.843074956463744,0.16306658470837576
1266,0.1605,3,28,3,82799,522811,6090,101866,4.842815591537293,0.16306987451114735
1267,0.1606,0,19,0,82818,522792,6090,101866,4.842639593908629,0.16307483454946547
1268,0.1607,6,49,6,82867,522743,6096,101860,4.842185705287339,0.16307958815439566
1269,0.1608,1,31,1,82898,522712,6097,101859,4.841898551261625,0.1630863424654683
1270,0.161,0,27,0,82925,522685,6097,101859,4.841648449368261,0.16309339293948866
1271,0.1611,12,219,12,83144,522466,6109,101847,4.839619845122087,0.1631345174615938
1272,0.1612,0,10,0,83154,522456,6109,101847,4.839527214791211,0.16313713052796477
1273,0.1613,4,28,4,83182,522428,6113,101843,4.839267849864759,0.16313908542924468
1274,0.1614,2,84,2,83266,522344,6115,101841,4.838489755085405,0.16315835849948332
1275,0.1615,3,91,3,83357,522253,6118,101838,4.837646819074438,0.1631781262668425
1276,0.1616,5,97,5,83454,522156,6123,101833,4.836748304864945,0.16319678712284993
1277,0.1617,14,61,14,83515,522095,6137,101819,4.836183259846604,0.16319396583503495
1278,0.1618,1,75,1,83590,522020,6138,101818,4.835488532365037,0.16321224420442487
1279,0.1619,9,88,9,83678,521932,6147,101809,4.834673385453333,0.16322319680764932
1280,0.162,0,25,0,83703,521907,6147,101809,4.834441809626144,0.1632297391761635
1281,0.1621,2,30,2,83733,521877,6149,101807,4.834163918633517,0.1632349074210658
1282,0.1622,1,8,1,83741,521869,6150,101806,4.834089814368817,0.1632356595983485
1283,0.1624,2,47,2,83788,521822,6152,101804,4.833654451813702,0.1632452784200787
1284,0.1625,14,171,14,83959,521651,6166,101790,4.8320704731557305,0.1632712638405238
1285,0.1626,0,36,0,83995,521615,6166,101790,4.831737003964578,0.16328069232681805
1286,0.1627,4,35,4,84030,521580,6170,101786,4.831412797806514,0.16328449097320033
1287,0.1628,2,27,2,84057,521553,6172,101784,4.83116269591315,0.16328887904937459
1288,0.1629,1,55,1,84112,521498,6173,101783,4.830653229093334,0.16330194567137454
1289,0.163,1,13,1,84125,521485,6174,101782,4.830532809663196,0.16330400935714548
1290,0.1631,0,11,0,84136,521474,6174,101782,4.830430916299233,0.16330689155018163
1291,0.1632,0,1,0,84137,521473,6174,101782,4.8304216532661455,0.1633071535727752
1292,0.1633,5,28,5,84165,521445,6179,101777,4.830162288339694,0.16330777796675983
1293,0.1634,0,28,0,84193,521417,6179,101777,4.8299029234132425,0.16331511535733656
1294,0.1635,0,25,0,84218,521392,6179,101777,4.8296713475860535,0.16332166715610053
1295,0.1636,6,85,6,84303,521307,6185,101771,4.828883989773612,0.16333589053055958
1296,0.1637,3,35,3,84338,521272,6188,101768,4.828559783615547,0.16334103749357987
1297,0.1638,0,3,0,84341,521269,6188,101768,4.828531994516284,0.16334182400082178
1298,0.1639,8,41,8,84382,521228,6196,101760,4.828152210159694,0.1633418300191978
1299,0.164,1,4,1,84386,521224,6197,101759,4.8281151580273445,0.1633415358043478
1300,0.1641,0,24,0,84410,521200,6197,101759,4.827892845233243,0.16334782866930248
1301,0.1642,7,127,7,84537,521073,6204,101752,4.826716440031124,0.163371733633043
1302,0.1643,3,48,3,84585,521025,6207,101749,4.826271814442921,0.16338029525959658
1303,0.1644,0,2,0,84587,521023,6207,101749,4.826253288376746,0.16338081994694686
1304,0.1645,10,91,10,84678,520932,6217,101739,4.825410352365779,0.16339126119571973
1305,0.1646,0,25,0,84703,520907,6217,101739,4.82517877653859,0.16339782155510515
1306,0.1647,2,27,2,84730,520880,6219,101737,4.824928674645226,0.16340221998435636
1307,0.1648,0,33,0,84763,520847,6219,101737,4.824622994553336,0.16341088110198784
1308,0.1649,1,21,1,84784,520826,6220,101736,4.824428470858498,0.16341504942479623
1309,0.165,12,163,12,84947,520663,6232,101724,4.822918596465226,0.1634417171309812
1310,0.1651,4,88,4,85035,520575,6236,101720,4.822103449553522,0.1634594525104653
1311,0.1652,4,40,4,85075,520535,6240,101716,4.82173292823002,0.16346458262019667
1312,0.1653,2,8,2,85083,520527,6242,101714,4.821658823965319,0.16346399546156554
1313,0.1654,2,7,2,85090,520520,6244,101712,4.821593982733706,0.1634631455791409
1314,0.1655,3,8,3,85098,520512,6247,101709,4.821519878469006,0.16346121394167024
1315,0.1656,5,30,5,85128,520482,6252,101704,4.821241987476379,0.1634623729881418
1316,0.1657,2,90,2,85218,520392,6254,101702,4.8204083144985,0.16348333210093652
1317,0.1658,8,97,8,85315,520295,6262,101694,4.819509800289007,0.16349806829381228
1318,0.1659,0,15,0,85330,520280,6262,101694,4.819370854792694,0.16350201133809453
1319,0.166,1,5,1,85335,520275,6263,101693,4.819324539627256,0.1635019808093021
1320,0.1661,3,84,3,85419,520191,6266,101690,4.818546444847901,0.16352003035950607
1321,0.1662,6,132,6,85551,520059,6272,101684,4.817323724480344,0.1635466744297885
1322,0.1663,4,47,4,85598,520012,6276,101680,4.816888361925229,0.1635536567946829
1323,0.1664,2,39,2,85637,519973,6278,101678,4.816527103634814,0.16356122647594873
1324,0.1665,1,9,1,85646,519964,6279,101677,4.8164437363370265,0.16356224895076096
1325,0.1666,4,66,4,85712,519898,6283,101673,4.8158323761532476,0.16357423367563803
1326,0.1667,111,1177,111,86889,518721,6394,101562,4.804929786209196,0.16373494034174724
1327,0.1668,5,26,5,86915,518695,6399,101557,4.80468894734892,0.16373506252297454
1328,0.1669,9,120,9,87035,518575,6408,101548,4.803577383378413,0.1637546099725377
1329,0.167,3,51,3,87086,518524,6411,101545,4.803104968690948,0.16376403271248846
1330,0.1671,0,5,0,87091,518519,6411,101545,4.80305865352551,0.16376535325385766
1331,0.1672,1,97,1,87188,518422,6412,101544,4.802160139316018,0.16378962717310305
1332,0.1673,1,20,1,87208,518402,6413,101543,4.801974878654266,0.16379356233214237
1333,0.1674,2,14,2,87222,518388,6415,101541,4.80184519619104,0.1637945635709896
1334,0.1675,3,21,3,87243,518367,6418,101538,4.801650672496202,0.16379606552616932
1335,0.1676,8,42,8,87285,518325,6426,101530,4.801261625106525,0.16379637173209863
1336,0.1677,2,4,2,87289,518321,6428,101528,4.801224572974174,0.1637947306521427
1337,0.1678,13,119,13,87408,518202,6441,101515,4.800122272036756,0.1638086416864472
1338,0.1679,7,57,7,87465,518145,6448,101508,4.7995942791507655,0.16381426378957256
1339,0.168,0,27,0,87492,518118,6448,101508,4.799344177257401,0.16382140194246206
1340,0.1681,2,32,2,87524,518086,6450,101506,4.799047760198599,0.1638271636819068
1341,0.1682,2,36,2,87560,518050,6452,101504,4.798714291007448,0.16383398380125058
1342,0.1683,4,78,4,87638,517972,6456,101500,4.7979917744266185,0.16384921352377507
1343,0.1684,6,48,6,87686,517924,6462,101494,4.797547148838416,0.16385381115821626
1344,0.1685,1,37,1,87723,517887,6463,101493,4.797204416614176,0.16386224934612031
1345,0.1686,5,42,5,87765,517845,6468,101488,4.796815369224499,0.1638666113383269
1346,0.1687,2,112,2,87877,517733,6470,101486,4.7957779095186925,0.16389354977802684
1347,0.1688,1,6,1,87883,517727,6471,101485,4.795722331320167,0.16389378758809584
1348,0.1689,6,77,6,87960,517650,6477,101479,4.795009077772426,0.16390606804074756
1349,0.169,3,31,3,87991,517619,6480,101476,4.794721923746712,0.1639102237944096
1350,0.1691,0,16,0,88007,517603,6480,101476,4.794573715217311,0.16391446002852625
1351,0.1692,4,43,4,88050,517560,6484,101472,4.7941754047945455,0.16392044353119065
1352,0.1693,1,45,1,88095,517515,6485,101471,4.793758568305606,0.1639310097482011
1353,0.1694,4,47,4,88142,517468,6489,101467,4.793323205750491,0.16393805488460017
1354,0.1695,3,19,3,88161,517449,6492,101464,4.793147208121828,0.16393903505016053
1355,0.1696,0,16,0,88177,517433,6492,101464,4.7929989995924265,0.16394327327487448
1356,0.1697,5,18,5,88195,517415,6497,101459,4.792832264996851,0.16394128691785403
1357,0.1698,3,26,3,88221,517389,6500,101456,4.792591426136574,0.16394412171060604
1358,0.1699,6,100,6,88321,517289,6506,101450,4.791665122827819,0.16396251084867772
1359,0.17,26,302,26,88623,516987,6532,101424,4.788867686835378,0.16400743195059597
1360,0.1701,2,16,2,88639,516971,6534,101422,4.7887194783059766,0.16400897164101147
1361,0.1702,8,79,8,88718,516892,6542,101414,4.78798769869206,0.1640191102787293
1362,0.1703,0,20,0,88738,516872,6542,101414,4.787802438030309,0.16402441588520522
1363,0.1704,5,3,5,88741,516869,6547,101409,4.7877746489310455,0.16401845124685013
1364,0.1705,3,59,3,88800,516810,6550,101406,4.78722812997888,0.16403004775030086
1365,0.1706,5,53,5,88853,516757,6555,101401,4.7867371892252395,0.1640373496743551
1366,0.1707,1,6,1,88859,516751,6556,101400,4.786681611026714,0.164037589521007
1367,0.1708,5,42,5,88901,516709,6561,101395,4.786292563637037,0.16404197351901945
1368,0.171,4,112,4,89013,516597,6565,101391,4.785255103931231,0.16406629254936989
1369,0.1711,9,60,9,89073,516537,6574,101382,4.784699321945978,0.16407004801600208
1370,0.1712,7,141,7,89214,516396,6581,101375,4.7833932342806325,0.1640980233775946
1371,0.1713,3,8,3,89222,516388,6584,101372,4.783319130015933,0.1640960890960891
1372,0.1714,17,203,17,89425,516185,6601,101355,4.781438734299159,0.16412702011205751
1373,0.1715,1,13,1,89438,516172,6602,101354,4.78131831486902,0.1641291216888034
1374,0.1716,5,83,5,89521,516089,6607,101349,4.780549483122754,0.16414441611951322
1375,0.1717,6,65,6,89586,516024,6613,101343,4.779947385972062,0.16415357477804937
1376,0.1718,0,38,0,89624,515986,6613,101343,4.779595390714736,0.16416367933468215
1377,0.1719,3,29,3,89653,515957,6616,101340,4.779326762755197,0.1641673295026543
1378,0.172,0,3,0,89656,515954,6616,101340,4.7792989736559335,0.16416812734288685
1379,0.1721,2,22,2,89678,515932,6618,101338,4.779095186928008,0.16417127027070813
1380,0.1722,2,26,2,89704,515906,6620,101336,4.778854348067731,0.16417547736544175
1381,0.1723,12,49,12,89753,515857,6632,101324,4.778400459446441,0.16417226064963114
1382,0.1724,3,8,3,89761,515849,6635,101321,4.778326355181741,0.16417032584215047
1383,0.1725,3,20,3,89781,515829,6638,101318,4.77814109451999,0.16417158310742822
1384,0.1726,4,70,4,89851,515759,6642,101314,4.777492682203861,0.16418478850962528
1385,0.1727,1,30,1,89881,515729,6643,101313,4.777214791211234,0.16419141646759863
1386,0.1728,3,16,3,89897,515713,6646,101310,4.777066582681833,0.16419161036136418
1387,0.1729,1,33,1,89930,515680,6647,101309,4.7767609025899445,0.16419903758413845
1388,0.173,11,278,11,90208,515402,6658,101298,4.774185779391604,0.16425814820820497
1389,0.1731,0,1,0,90209,515401,6658,101298,4.774176516358517,0.16425841455880422
1390,0.1732,5,65,5,90274,515336,6663,101293,4.773574419207826,0.1642689526441345
1391,0.1733,7,79,7,90353,515257,6670,101286,4.772842639593908,0.16428051247033865
1392,0.1734,1,64,1,90417,515193,6671,101285,4.772249805476305,0.16429621170585162
1393,0.1735,3,71,3,90488,515122,6674,101282,4.771592130127089,0.16431106871467413
1394,0.1736,4,30,4,90518,515092,6678,101278,4.771314239134462,0.16431364277949934
1395,0.1737,2,13,2,90531,515079,6680,101276,4.771193819704324,0.1643143967356475
1396,0.1738,0,21,0,90552,515058,6680,101276,4.770999296009485,0.16431999532720895
1397,0.1739,7,132,7,90684,514926,6687,101269,4.769776575641928,0.16434570225334513
1398,0.174,1,22,1,90706,514904,6688,101268,4.769572788914002,0.16435021390131327
1399,0.1741,1,17,1,90723,514887,6689,101267,4.7694153173515135,0.16435339217143766
1400,0.1742,0,28,0,90751,514859,6689,101267,4.769155952425062,0.16436086125240618
1401,0.1743,10,209,10,90960,514650,6699,101257,4.767219978509763,0.1644030673462065
1402,0.1744,2,18,2,90978,514632,6701,101255,4.767053243914187,0.16440515873853484
1403,0.1745,4,78,4,91056,514554,6705,101251,4.766330727333358,0.16442055520822338
1404,0.1746,10,216,10,91272,514338,6715,101241,4.764329912186446,0.16446467472087253
1405,0.1747,0,2,0,91274,514336,6715,101241,4.764311386120271,0.16446520906401635
1406,0.1748,1,27,1,91301,514309,6716,101240,4.764061284226908,0.16447106566658382
1407,0.1749,0,10,0,91311,514299,6716,101240,4.763968653896032,0.1644737376510668
1408,0.175,55,716,55,92027,513583,6771,101185,4.757336322205343,0.16459054472581527
1409,0.1751,4,44,4,92071,513539,6775,101181,4.75692874874949,0.16459688964081207
1410,0.1752,6,120,6,92191,513419,6781,101175,4.755817184778984,0.16462087166487144
1411,0.1753,3,27,3,92218,513392,6784,101172,4.75556708288562,0.16462402613885616
1412,0.1754,7,99,7,92317,513293,6791,101165,4.754650042609952,0.1646410332357948
1413,0.1755,2,17,2,92334,513276,6793,101163,4.7544925710474635,0.16464286934911357
1414,0.1756,12,156,12,92490,513120,6805,101151,4.753047537885806,0.16466836298636922
1415,0.1757,7,135,7,92625,512985,6812,101144,4.751797028418985,0.16469503964150856
1416,0.1758,5,63,5,92688,512922,6817,101139,4.75121345733447,0.16470513515758206
1417,0.1759,4,67,4,92755,512855,6821,101135,4.750592834117604,0.16471766641150506
1418,0.176,0,18,0,92773,512837,6821,101135,4.750426099522027,0.1647224954883936
1419,0.1761,1,15,1,92788,512822,6822,101134,4.750287154025714,0.16472515945768101
1420,0.1762,5,100,5,92888,512722,6827,101129,4.7493608507169585,0.16474519060814433
1421,0.1763,2,21,2,92909,512701,6829,101127,4.74916632702212,0.16474810533243842
1422,0.1764,6,25,6,92934,512676,6835,101121,4.748934751194931,0.16474665076564401
1423,0.1765,3,56,3,92990,512620,6838,101118,4.748416021342028,0.1647576001485976
1424,0.1766,4,146,4,93136,512474,6842,101114,4.747063618511246,0.16479135837076345
1425,0.1767,16,101,16,93237,512373,6858,101098,4.746128052169403,0.1647967059567608
1426,0.1768,3,90,3,93327,512283,6861,101095,4.745294379191522,0.1648168013851165
1427,0.1769,2,22,2,93349,512261,6863,101093,4.745090592463597,0.16481998976121456
1428,0.177,0,24,0,93373,512237,6863,101093,4.744868279669495,0.1648264392741265
1429,0.1771,0,22,0,93395,512215,6863,101093,4.744664492941569,0.1648323517710514
1430,0.1772,0,7,0,93402,512208,6863,101093,4.744599651709956,0.16483423310902803
1431,0.1773,2,19,2,93421,512189,6865,101091,4.7444236540812925,0.16483661622749804
1432,0.1774,0,1,0,93422,512188,6865,101091,4.744414391048204,0.1648368850066609
1433,0.1775,6,41,6,93463,512147,6871,101085,4.744034606691615,0.16483973439089936
1434,0.1776,6,55,6,93518,512092,6877,101079,4.7435251398717995,0.16484634791925906
1435,0.1777,9,48,9,93566,512044,6886,101070,4.743080514283597,0.1648469941968378
1436,0.1778,9,182,9,93748,511862,6895,101061,4.741394642261662,0.16488368033178719
1437,0.1779,4,39,4,93787,511823,6899,101057,4.7410333839712475,0.1648887220989427
1438,0.178,7,24,7,93811,511799,6906,101050,4.740811071177146,0.16488564067168257
1439,0.1781,0,29,0,93840,511770,6906,101050,4.740542443217607,0.16489344342547568
1440,0.1782,14,113,14,93953,511657,6920,101036,4.739495720478714,0.16490477286340793
1441,0.1783,22,191,22,94144,511466,6942,101014,4.73772648115899,0.16492620167189131
1442,0.1784,0,39,0,94183,511427,6942,101014,4.737365222868576,0.16493670410700786
1443,0.1785,2,12,2,94195,511415,6944,101012,4.737254066471525,0.16493720884284985
1444,0.1786,4,96,4,94291,511319,6948,101008,4.73636481529512,0.16495761251749474
1445,0.1787,0,9,0,94300,511310,6948,101008,4.7362814479973325,0.164960037104903
1446,0.1788,0,8,0,94308,511302,6948,101008,4.736207343732632,0.1649621923535464
1447,0.1789,2,28,2,94336,511274,6950,101006,4.7359479788061805,0.164967008558176
1448,0.179,0,15,0,94351,511259,6950,101006,4.735809033309867,0.16497105011718782
1449,0.1791,1,11,1,94362,511248,6951,101005,4.735707139945904,0.16497265019526242
1450,0.1792,2,75,2,94437,511173,6953,101003,4.735012412464338,0.16499013355636288
1451,0.1793,11,95,11,94532,511078,6964,100992,4.73413242432102,0.165000735210025
1452,0.1794,6,93,6,94625,510985,6970,100986,4.7332709622438776,0.1650176233841146
1453,0.1795,3,37,3,94662,510948,6973,100983,4.732928230019637,0.16502350755232206
1454,0.1796,3,46,3,94708,510902,6976,100980,4.73250213049761,0.1650318198606921
1455,0.1797,0,10,0,94718,510892,6976,100980,4.732409500166734,0.16503451702316824
1456,0.1798,4,20,4,94738,510872,6980,100976,4.732224239504983,0.16503445300139905
1457,0.1799,8,91,8,94829,510781,6988,100968,4.731381303494016,0.16504808344598848
1458,0.18,42,295,42,95124,510486,7030,100926,4.728648708733187,0.165070361720084
1459,0.1801,6,166,6,95290,510320,7036,100920,4.727111045240654,0.16510699561547018
1460,0.1802,1,18,1,95308,510302,7037,100919,4.726944310645077,0.1651104919497203
1461,0.1803,3,69,3,95377,510233,7040,100916,4.726305161362037,0.16512503497510428
1462,0.1804,0,3,0,95380,510230,7040,100916,4.726277372262774,0.1651258455426363
1463,0.1805,3,99,3,95479,510131,7043,100913,4.725360331987106,0.1651484999443575
1464,0.1806,5,17,5,95496,510114,7048,100908,4.725202860424617,0.16514626314600783
1465,0.1807,7,44,7,95540,510070,7055,100901,4.7247952869687655,0.1651485913406692
1466,0.1808,5,35,5,95575,510035,7060,100896,4.724471080810701,0.16515122002321048
1467,0.1809,8,81,8,95656,509954,7068,100888,4.723720775130609,0.16516218596625643
1468,0.181,7,46,7,95702,509908,7075,100881,4.723294675608582,0.16516505700004422
1469,0.1811,2,19,2,95721,509889,7077,100879,4.723118677979918,0.16516746129463233
1470,0.1812,1,26,1,95747,509863,7078,100878,4.722877839119642,0.16517312576034685
1471,0.1813,1,5,1,95752,509858,7079,100877,4.722831523954204,0.1651731110874602
1472,0.1814,2,42,2,95794,509816,7081,100875,4.7224424765645265,0.16518173675393938
1473,0.1815,3,69,3,95863,509747,7084,100872,4.721803327281485,0.1651963008029557
1474,0.1817,6,81,6,95944,509666,7090,100866,4.721053021601393,0.1652100135619427
1475,0.1818,2,55,2,95999,509611,7092,100864,4.720543554781577,0.16522216306974077
1476,0.1819,5,89,5,96088,509522,7097,100859,4.719719144836786,0.16523941603686879
1477,0.182,1,11,1,96099,509511,7098,100858,4.7196172514728225,0.16524102632997417
1478,0.1821,6,39,6,96138,509472,7104,100852,4.719255993182408,0.16524337892660293
1479,0.1822,1,19,1,96157,509453,7105,100851,4.719079995553744,0.1652471555159396
1480,0.1823,3,98,3,96255,509355,7108,100848,4.718172218311164,0.16526959061164892
1481,0.1824,3,34,3,96289,509321,7111,100845,4.717857275186187,0.16527469573853673
1482,0.1825,3,76,3,96365,509245,7114,100842,4.717153284671533,0.16529117978255561
1483,0.1826,11,117,11,96482,509128,7125,100831,4.716069509800289,0.16530783216576853
1484,0.1827,6,45,6,96527,509083,7131,100825,4.715652673311349,0.16531181752001942
1485,0.1828,1,21,1,96548,509062,7132,100824,4.71545814961651,0.16531614104931086
1486,0.1829,4,45,4,96593,509017,7136,100820,4.71504131312757,0.1653228649622768
1487,0.183,3,7,3,96600,509010,7139,100817,4.714976471895958,0.16532065651406055
1488,0.1831,1,41,1,96641,508969,7140,100816,4.714596687539368,0.16533040333888174
1489,0.1832,3,28,3,96669,508941,7143,100813,4.714337322612916,0.1653338887485773
1490,0.1833,67,494,67,97163,508447,7210,100746,4.709761384267664,0.16537616157769378
1491,0.1834,7,109,7,97272,508338,7217,100739,4.708751713661121,0.16539616501690263
1492,0.1835,2,12,2,97284,508326,7219,100737,4.70864055726407,0.1653966831017481
1493,0.1836,1,38,1,97322,508288,7220,100736,4.708288562006744,0.16540563261874738
1494,0.1837,3,70,3,97392,508218,7223,100733,4.707640149690615,0.1654205346571399
1495,0.1838,5,80,5,97472,508138,7228,100728,4.70689910704361,0.16543541600286435
1496,0.1839,5,56,5,97528,508082,7233,100723,4.706380377190707,0.16544377920680678
1497,0.184,1,8,1,97536,508074,7234,100722,4.706306272926007,0.1654445824216979
1498,0.1841,6,48,6,97584,508026,7240,100716,4.705861647337804,0.16544940220980317
1499,0.1842,2,39,2,97623,507987,7242,100714,4.70550038904739,0.16545726062549593
1500,0.1843,1,2,1,97625,507985,7243,100713,4.705481862981214,0.1654564332394718
1501,0.1844,1,46,1,97671,507939,7244,100712,4.705055763459187,0.1654675667993645
1502,0.1845,6,109,6,97780,507830,7250,100706,4.704046092852644,0.16548897682306388
1503,0.1846,3,63,3,97843,507767,7253,100703,4.703462521768127,0.16550199681167518
1504,0.1847,2,28,2,97871,507739,7255,100701,4.703203156841676,0.16550687002826903
1505,0.1848,5,92,5,97963,507647,7260,100696,4.702350957797622,0.16552504097195167
1506,0.1849,1,76,1,98039,507571,7261,100695,4.701646967282967,0.1655443506623747
1507,0.185,14,91,14,98130,507480,7275,100681,4.700804031272,0.16554991194765858
1508,0.1851,2,7,2,98137,507473,7277,100679,4.7007391900403865,0.16554907325800128
1509,0.1852,6,70,6,98207,507403,7283,100673,4.700090777724258,0.16555989711812338
1510,0.1853,4,28,4,98235,507375,7287,100669,4.699831412797806,0.1655620316950747
1511,0.1854,0,1,0,98236,507374,7287,100669,4.699822149764719,0.16556230398179075
1512,0.1855,4,119,4,98355,507255,7291,100665,4.6987198488273,0.16558922226608763
1513,0.1856,5,47,5,98402,507208,7296,100660,4.698284486272185,0.16559516210756284
1514,0.1857,20,94,20,98496,507114,7316,100640,4.697413761161955,0.16559331571655636
1515,0.1858,2,29,2,98525,507085,7318,100638,4.697145133202416,0.16559847167212693
1516,0.1859,0,1,0,98526,507084,7318,100638,4.697135870169328,0.165598744162627
1517,0.1861,6,102,6,98628,506982,7324,100632,4.696191040794398,0.16561830372572062
1518,0.1862,3,54,3,98682,506928,7327,100629,4.69569083700767,0.16562890395469068
1519,0.1863,1,44,1,98726,506884,7328,100628,4.695283263551818,0.16563952646202873
1520,0.1864,3,60,3,98786,506824,7331,100625,4.694727481566564,0.16565176665036901
1521,0.1865,1,35,1,98821,506789,7332,100624,4.6944032754085,0.16565993813105745
1522,0.1866,2,70,2,98891,506719,7334,100622,4.693754863092371,0.16567628399861034
1523,0.1867,18,190,18,99081,506529,7352,100604,4.691994886805736,0.16570339612572532
1524,0.1868,0,17,0,99098,506512,7352,100604,4.691837415243247,0.1657080360260642
1525,0.1869,5,122,5,99220,506390,7357,100599,4.690707325206565,0.16573446965266256
1526,0.187,3,33,3,99253,506357,7360,100596,4.690401645114676,0.16573935708366216
1527,0.1871,3,76,3,99329,506281,7363,100593,4.689697654600022,0.16575598888731433
1528,0.1872,0,5,0,99334,506276,7363,100593,4.689651339434585,0.16575735455262997
1529,0.1873,7,40,7,99374,506236,7370,100586,4.689280818111082,0.16575865739871
1530,0.1874,6,66,6,99440,506170,7376,100580,4.688669457927304,0.1657684384013185
1531,0.1875,6,110,6,99550,506060,7382,100574,4.6876505242876725,0.16579024584840282
1532,0.1876,6,86,6,99636,505974,7388,100568,4.6868539034421435,0.1658055006908013
1533,0.1877,2,34,2,99670,505940,7390,100566,4.686538960317166,0.16581204472832914
1534,0.1878,1,23,1,99693,505917,7391,100565,4.686325910556152,0.16581695746947148
1535,0.1879,12,132,12,99825,505785,7403,100553,4.685103190188595,0.1658365466126154
1536,0.188,5,62,5,99887,505723,7408,100548,4.684528882137167,0.1658466263436648
1537,0.1881,3,45,3,99932,505678,7411,100545,4.684112045648227,0.16585480920387383
1538,0.1882,4,58,4,99990,505620,7415,100541,4.683574789729149,0.16586517443385504
1539,0.1883,6,109,6,100099,505511,7421,100535,4.682565119122605,0.16588674787062369
1540,0.1884,2,9,2,100108,505502,7423,100533,4.682481751824818,0.16588645870288019
1541,0.1885,4,88,4,100196,505414,7427,100529,4.681666604913112,0.1659050438737637
1542,0.1886,2,59,2,100255,505355,7429,100527,4.681120085960947,0.16591844616608514
1543,0.1887,5,58,5,100313,505297,7434,100522,4.680582830041869,0.16592744697673728
1544,0.1888,6,90,6,100403,505207,7440,100516,4.679749157063989,0.1659438390155236
1545,0.1889,11,96,11,100499,505111,7451,100505,4.678859905887584,0.16595499458402685
1546,0.189,4,99,4,100598,505012,7455,100501,4.677942865611916,0.16597661817335052
1547,0.1891,3,26,3,100624,504986,7458,100498,4.677702026751639,0.16597961300381184
1548,0.1892,2,37,2,100661,504949,7460,100496,4.6773592945274,0.165987001296567
1549,0.1893,4,41,4,100702,504908,7464,100492,4.676979510170811,0.16599273207796497
1550,0.1894,3,47,3,100749,504861,7467,100489,4.6765441476156955,0.16600148674320642
1551,0.1895,10,56,10,100805,504805,7477,100479,4.6760254177627925,0.16600306632919423
1552,0.1896,0,5,0,100810,504800,7477,100479,4.6759791025973545,0.16600443762298048
1553,0.1897,0,7,0,100817,504793,7477,100479,4.675914261365741,0.16600635747234302
1554,0.1899,0,22,0,100839,504771,7477,100479,4.675710474637816,0.16601239157372985
1555,0.19,9,163,9,101002,504608,7486,100470,4.674200600244544,0.16604470828554335
1556,0.1901,0,8,0,101010,504600,7486,100470,4.674126495979843,0.16604690366403888
1557,0.1903,6,25,6,101035,504575,7492,100464,4.673894920152655,0.16604549458795217
1558,0.1904,1,22,1,101057,504553,7493,100463,4.673691133424729,0.16605015404551285
1559,0.1905,8,138,8,101195,504415,7501,100455,4.672412834858646,0.1660770082827715
1560,0.1906,1,25,1,101220,504390,7502,100454,4.672181259031457,0.16608249399845249
1561,0.1907,1,75,1,101295,504315,7503,100453,4.671486531549891,0.1661017117307794
1562,0.1908,5,73,5,101368,504242,7508,100448,4.6708103301345,0.16611486877573634
1563,0.1909,8,37,8,101405,504205,7516,100440,4.6704675979102594,0.1661140007773156
1564,0.191,1,22,1,101427,504183,7517,100439,4.670263811182333,0.1661186658771927
1565,0.1911,5,32,5,101459,504151,7522,100434,4.669967394123532,0.16612056203842304
1566,0.1912,2,89,2,101548,504062,7524,100432,4.669142984178739,0.166142261130797
1567,0.1913,1,29,1,101577,504033,7525,100431,4.6688743562192005,0.1661488525371238
1568,0.1914,1,35,1,101612,503998,7526,100430,4.668550150061136,0.1661570939797627
1569,0.1915,2,39,2,101651,503959,7528,100428,4.668188891770721,0.16616505649525884
1570,0.1916,1,26,1,101677,503933,7529,100427,4.667948052910445,0.1661708253358925
1571,0.1917,30,289,30,101966,503644,7559,100397,4.665271036348142,0.1662089162821729
1572,0.1918,0,18,0,101984,503626,7559,100397,4.6651043017525655,0.16621386933941257
1573,0.1919,5,29,5,102013,503597,7564,100392,4.664835673793027,0.1662149476232183
1574,0.192,5,38,5,102051,503559,7569,100387,4.664483678535699,0.16621850297874313
1575,0.1921,7,132,7,102183,503427,7576,100380,4.663260958168142,0.16624517436863104
1576,0.1922,5,54,5,102237,503373,7581,100375,4.662760754381415,0.16625313872675354
1577,0.1923,6,90,6,102327,503283,7587,100369,4.661927081403535,0.16626963879851306
1578,0.1924,1,50,1,102377,503233,7588,100368,4.661463929749157,0.16628203067920697
1579,0.1925,2,42,2,102419,503191,7590,100366,4.66107488235948,0.16629083914195344
1580,0.1926,14,139,14,102558,503052,7604,100352,4.6597873207603095,0.16630980238778661
1581,0.1927,3,19,3,102577,503033,7607,100349,4.659611323131646,0.16631089425935808
1582,0.1928,5,40,5,102617,502993,7612,100344,4.659240801808144,0.1663150113452349
1583,0.1929,7,190,7,102807,502803,7619,100337,4.6574808255215085,0.1663577278907053
1584,0.193,4,54,4,102861,502749,7623,100333,4.656980621734781,0.16636709435864444
1585,0.1931,3,24,3,102885,502725,7626,100330,4.656758308940679,0.16636956828150004
1586,0.1932,6,105,6,102990,502620,7632,100324,4.6557856904664865,0.16639024519690054
1587,0.1933,17,131,17,103121,502489,7649,100307,4.654572233132017,0.16640289583872486
1588,0.1934,2,13,2,103134,502476,7651,100305,4.654451813701878,0.16640371876353102
1589,0.1935,9,136,9,103270,502340,7660,100296,4.653192041201971,0.16642882270558015
1590,0.1936,8,67,8,103337,502273,7668,100288,4.652571417985105,0.1664362612250046
1591,0.1937,1,18,1,103355,502255,7669,100287,4.652404683389529,0.166439849836194
1592,0.1938,1,25,1,103380,502230,7670,100286,4.65217310756234,0.16644537240504817
1593,0.1939,7,217,7,103597,502013,7677,100279,4.650163029382341,0.1664956532711708
1594,0.194,3,44,3,103641,501969,7680,100276,4.649755455926488,0.16650366545176798
1595,0.1941,1,70,1,103711,501899,7681,100275,4.64910704361036,0.16652163660337377
1596,0.1942,4,117,4,103828,501782,7685,100271,4.648023268739116,0.16654846001930063
1597,0.1943,5,78,5,103906,501704,7690,100266,4.647300752158286,0.16656311776334368
1598,0.1944,2,20,2,103926,501684,7692,100264,4.647115491496535,0.16656588276728224
1599,0.1945,1,30,1,103956,501654,7693,100263,4.646837600503909,0.16657279990430574
1600,0.1946,3,65,3,104021,501589,7696,100260,4.646235503353218,0.16658663551821137
1601,0.1947,5,49,5,104070,501540,7701,100255,4.645781614731928,0.1665932751186035
1602,0.1948,7,56,7,104126,501484,7708,100248,4.645262884879025,0.16659908397758472
1603,0.1949,4,83,4,104209,501401,7712,100244,4.644494053132758,0.16661652635690483
1604,0.195,11,129,11,104338,501272,7723,100233,4.643299121864463,0.1666370188111487
1605,0.1951,3,64,3,104402,501208,7726,100230,4.64270628774686,0.16665059407619737
1606,0.1952,10,139,10,104541,501069,7736,100220,4.64141872614769,0.16667525931789873
1607,0.1953,3,48,3,104589,501021,7739,100217,4.640974100559487,0.16668440783849325
1608,0.1954,3,52,3,104641,500969,7742,100214,4.640492422838935,0.166694667014869
1609,0.1955,3,27,3,104668,500942,7745,100211,4.64024232094557,0.16669799535226473
1610,0.1956,4,123,4,104791,500819,7749,100207,4.639102967875801,0.16672656424181317
1611,0.1957,2,20,2,104811,500799,7751,100205,4.63891770721405,0.1667293395717832
1612,0.1958,4,72,4,104883,500727,7755,100201,4.638250768831746,0.16674376963629586
1613,0.1959,1,20,1,104903,500707,7756,100200,4.638065508169995,0.16674793270838914
1614,0.196,6,69,6,104972,500638,7762,100194,4.6374263588869535,0.16675876118449084
1615,0.1961,4,19,4,104991,500619,7766,100190,4.637250361258291,0.16675848730628204
1616,0.1962,10,68,10,105059,500551,7776,100180,4.636620475008336,0.166763493144186
1617,0.1963,3,55,3,105114,500496,7779,100177,4.6361110081885215,0.1667746011557037
1618,0.1964,3,77,3,105191,500419,7782,100174,4.635397754640779,0.1667918207504916
1619,0.1965,3,30,3,105221,500389,7785,100171,4.6351198636481525,0.16679599040895166
1620,0.1966,7,125,7,105346,500264,7792,100164,4.633961984512209,0.1668210010192729
1621,0.1967,8,109,8,105455,500155,7800,100156,4.632952313905665,0.16684018783597168
1622,0.1968,6,25,6,105480,500130,7806,100150,4.6327207380784765,0.1668388085560072
1623,0.1969,4,63,4,105543,500067,7810,100146,4.63213716699396,0.16685076797736803
1624,0.197,2,11,2,105554,500056,7812,100144,4.632035273629997,0.16685104965011663
1625,0.1971,7,67,7,105621,499989,7819,100137,4.631414650413132,0.16685995940852422
1626,0.1972,1,13,1,105634,499976,7820,100136,4.631294230982993,0.16686218572533126
1627,0.1973,0,8,0,105642,499968,7820,100136,4.631220126718293,0.16686441016890405
1628,0.1974,5,35,5,105677,499933,7825,100131,4.630895920560228,0.16686720083191126
1629,0.1975,12,231,12,105908,499702,7837,100119,4.628756159917003,0.16691479624754718
1630,0.1976,10,88,10,105996,499614,7847,100109,4.627941013005298,0.16692539722505223
1631,0.1977,3,73,3,106069,499541,7850,100106,4.627264811589907,0.1669415506122769
1632,0.1978,2,49,2,106118,499492,7852,100104,4.626810922968617,0.16695241462584806
1633,0.1979,0,15,0,106133,499477,7852,100104,4.626671977472304,0.16695659135296148
1634,0.198,1,26,1,106159,499451,7853,100103,4.626431138612027,0.16696244208194758
1635,0.1981,6,68,6,106227,499383,7859,100097,4.6258012523620735,0.16697304330419696
1636,0.1982,0,29,0,106256,499354,7859,100097,4.625532624402535,0.1669811210591024
1637,0.1983,13,111,13,106367,499243,7872,100084,4.624504427729816,0.1669939782455988
1638,0.1984,2,26,2,106393,499217,7874,100082,4.62426358886954,0.16699844318111662
1639,0.1985,5,89,5,106482,499128,7879,100077,4.623439178924747,0.1670162965929857
1640,0.1986,3,43,3,106525,499085,7882,100074,4.623040868501982,0.16702411213050292
1641,0.1987,2,36,2,106561,499049,7884,100072,4.622707399310831,0.1670313676202303
1642,0.1988,3,14,3,106575,499035,7887,100069,4.622577716847605,0.167031099775665
1643,0.1989,9,43,9,106618,498992,7896,100060,4.62217940642484,0.16703057497512735
1644,0.199,2,52,2,106670,498940,7898,100058,4.621697728704287,0.16704229396425363
1645,0.1991,2,32,2,106702,498908,7900,100056,4.621401311645485,0.16704843696783112
1646,0.1992,2,23,2,106725,498885,7902,100054,4.6211882618844715,0.1670520704111771
1647,0.1993,9,116,9,106841,498769,7911,100045,4.620113750046315,0.1670719121463426
1648,0.1994,2,39,2,106880,498730,7913,100043,4.619752491755901,0.16708001195778702
1649,0.1995,4,58,4,106938,498672,7917,100039,4.619215235836823,0.1670906330433214
1650,0.1996,0,2,0,106940,498670,7917,100039,4.619196709770647,0.16709119121309352
1651,0.1997,11,131,11,107071,498539,7928,100028,4.6179832524361775,0.16711245357662552
1652,0.1998,3,17,3,107088,498522,7931,100025,4.617825780873689,0.1671130253764533
1653,0.1999,4,102,4,107190,498420,7935,100021,4.616880951498759,0.16713594155480657
1654,0.2,340,3486,340,110676,494934,8275,99681,4.584590018155545,0.16763956509674327
1655,0.2001,10,94,10,110770,494840,8285,99671,4.583719293045315,0.16765207035698246
1656,0.2002,4,38,4,110808,494802,8289,99667,4.583367297787988,0.16765718649752973
1657,0.2003,12,155,12,110963,494647,8301,99655,4.581931527659417,0.16768410673361356
1658,0.2004,1,20,1,110983,494627,8302,99654,4.581746266997666,0.167688349450849
1659,0.2006,2,44,2,111027,494583,8304,99652,4.581338693541813,0.1676979646099607
1660,0.2007,2,27,2,111054,494556,8306,99650,4.58108859164845,0.16770278320986326
1661,0.2008,6,90,6,111144,494466,8312,99644,4.58025491867057,0.16771978253185438
1662,0.2009,5,70,5,111214,494396,8317,99639,4.579606506354441,0.16773254101189325
1663,0.201,9,100,9,111314,494296,8326,99630,4.5786802030456855,0.16774817064752173
1664,0.2011,6,67,6,111381,494229,8332,99624,4.578059579828819,0.16775868775606084
1665,0.2012,5,36,5,111417,494193,8337,99619,4.577726110637667,0.16776185055202655
1666,0.2013,4,49,4,111466,494144,8341,99615,4.577272222016377,0.16777008853760533
1667,0.2014,0,10,0,111476,494134,8341,99615,4.577179591685502,0.1677729141438554
1668,0.2015,0,12,0,111488,494122,8341,99615,4.577068435288451,0.1677763049969936
1669,0.2016,8,110,8,111598,494012,8349,99607,4.57604950164882,0.16779617903065772
1670,0.2017,11,134,11,111732,493878,8360,99596,4.574808255215087,0.16781864074921563
1671,0.2018,2,30,2,111762,493848,8362,99594,4.574530364222461,0.16782431981558435
1672,0.2019,6,59,6,111821,493789,8368,99588,4.573983845270296,0.16783259209575024
1673,0.202,5,56,5,111877,493733,8373,99583,4.573465115417393,0.1678414200864295
1674,0.2021,8,84,8,111961,493649,8381,99575,4.572687020638038,0.1678539641012501
1675,0.2022,11,36,11,111997,493613,8392,99564,4.572353551446886,0.16784871969075
1676,0.2023,3,48,3,112045,493565,8395,99561,4.571908925858684,0.16785809423292858
1677,0.2024,8,161,8,112206,493404,8403,99553,4.570417577531587,0.16789244414013157
1678,0.2025,6,76,6,112282,493328,8409,99547,4.569713587016933,0.16790554501370442
1679,0.2026,3,127,3,112409,493201,8412,99544,4.568537181814813,0.16793730862343842
1680,0.2027,7,93,7,112502,493108,8419,99537,4.567675719737671,0.1679538340827983
1681,0.2028,4,64,4,112566,493044,8423,99533,4.567082885620067,0.1679663571147716
1682,0.2029,8,100,8,112666,492944,8431,99525,4.566156582311312,0.16798347255299434
1683,0.203,2,16,2,112682,492928,8433,99523,4.566008373781911,0.16798520046383583
1684,0.2031,3,63,3,112745,492865,8436,99520,4.565424802697395,0.16799885209787555
1685,0.2032,10,137,10,112882,492728,8446,99510,4.5641557671644,0.16802366616123923
1686,0.2033,14,117,14,112999,492611,8460,99496,4.563071992293157,0.16803719597978067
1687,0.2034,0,16,0,113015,492595,8460,99496,4.562923783763756,0.16804173682761603
1688,0.2035,5,61,5,113076,492534,8465,99491,4.562358738745415,0.1680520248300325
1689,0.2036,17,178,17,113254,492356,8482,99474,4.56070991885583,0.16807867124005205
1690,0.2037,0,7,0,113261,492349,8482,99474,4.560645077624217,0.16808065925116125
1691,0.2038,16,91,16,113352,492258,8498,99458,4.5598021416132495,0.16808401327663947
1692,0.2039,7,91,7,113443,492167,8505,99451,4.5589592056022825,0.16810002400197424
1693,0.204,1,28,1,113471,492139,8506,99450,4.558699840675831,0.16810657398971246
1694,0.2041,0,24,0,113495,492115,8506,99450,4.558477527881729,0.16811339413251292
1695,0.2042,7,56,7,113551,492059,8513,99443,4.557958798028826,0.16811946536106387
1696,0.2043,5,64,5,113615,491995,8518,99438,4.557365963911223,0.1681306251088458
1697,0.2044,0,21,0,113636,491974,8518,99438,4.5571714402163845,0.16813659513165102
1698,0.2045,8,91,8,113727,491883,8526,99430,4.556328504205417,0.1681512160226479
1699,0.2046,1,7,1,113734,491876,8527,99429,4.556263662973804,0.16815179983257372
1700,0.2047,6,69,6,113803,491807,8533,99423,4.555624513690763,0.16816298225732795
1701,0.2048,7,96,7,113899,491711,8540,99416,4.554735262514358,0.16818044176632094
1702,0.2049,4,37,4,113936,491674,8544,99412,4.5543925302901185,0.16818534020430193
1703,0.205,14,104,14,114040,491570,8558,99398,4.553429174849013,0.16819523222915622
1704,0.2051,1,8,1,114048,491562,8559,99397,4.553355070584312,0.1681961015908041
1705,0.2052,8,107,8,114155,491455,8567,99389,4.5523639260439435,0.1682152987929132
1706,0.2053,4,29,4,114184,491426,8571,99385,4.552095298084405,0.16821792417541312
1707,0.2054,2,54,2,114238,491372,8573,99383,4.551595094297677,0.1682304847187074
1708,0.2055,11,102,11,114340,491270,8584,99372,4.550650264922746,0.16824404630893164
1709,0.2056,2,18,2,114358,491252,8586,99370,4.5504835303271705,0.16824635723017428
1710,0.2057,4,27,4,114385,491225,8590,99366,4.550233428433806,0.16824841557016615
1711,0.2058,2,61,2,114446,491164,8592,99364,4.549668383415465,0.16826297821610492
1712,0.2059,3,44,3,114490,491120,8595,99361,4.5492608099596135,0.16827129069351934
1713,0.206,6,83,6,114573,491037,8601,99355,4.548491978213346,0.16828649439694304
1714,0.2061,1,53,1,114626,490984,8602,99354,4.548001037459706,0.1683001941260769
1715,0.2062,4,57,4,114683,490927,8606,99350,4.5474730445737155,0.1683108100095379
1716,0.2063,1,11,1,114694,490916,8607,99349,4.547371151209752,0.168312537589049
1717,0.2064,11,62,11,114756,490854,8618,99338,4.546796843158324,0.16831471792230326
1718,0.2065,0,5,0,114761,490849,8618,99338,4.546750527992886,0.16831614386626612
1719,0.2066,1,35,1,114796,490814,8619,99337,4.546426321834821,0.16832471689448972
1720,0.2067,18,193,18,114989,490621,8637,99319,4.544638556448923,0.16835440892294132
1721,0.2068,0,7,0,114996,490614,8637,99319,4.544573715217311,0.16835640657498394
1722,0.2069,10,149,10,115145,490465,8647,99309,4.543193523287266,0.1683848389383052
1723,0.207,2,17,2,115162,490448,8649,99307,4.543036051724777,0.16838687251485787
1724,0.2071,10,111,10,115273,490337,8659,99297,4.542007855052058,0.1684044678563312
1725,0.2072,11,128,11,115401,490209,8670,99286,4.540822186816851,0.1684255167558673
1726,0.2073,3,32,3,115433,490177,8673,99283,4.54052576975805,0.16843042784921794
1727,0.2074,0,8,0,115441,490169,8673,99283,4.540451665493349,0.16843271377482816
1728,0.2075,2,55,2,115496,490114,8675,99281,4.5399421986735335,0.1684456094809084
1729,0.2076,2,36,2,115532,490078,8677,99279,4.5396087294823815,0.16845307682779706
1730,0.2077,3,67,3,115599,490011,8680,99276,4.538988106265515,0.16846799606982676
1731,0.2078,6,89,6,115688,489922,8686,99270,4.538163696320724,0.16848497603497672
1732,0.2079,10,134,10,115822,489788,8696,99260,4.536922449886991,0.16850918770626502
1733,0.208,3,23,3,115845,489765,8699,99257,4.536709400125977,0.16851153267619884
1734,0.2081,4,70,4,115915,489695,8703,99253,4.536060987809848,0.16852591400259445
1735,0.2082,10,107,10,116022,489588,8713,99243,4.53506984326948,0.1685424170942087
1736,0.2083,36,271,36,116293,489317,8749,99207,4.532559561302753,0.16856916625320292
1737,0.2084,2,37,2,116330,489280,8751,99205,4.532216829078513,0.16857693908935656
1738,0.2085,1,21,1,116351,489259,8752,99204,4.532022305383675,0.16858154208505888
1739,0.2086,6,61,6,116412,489198,8758,99198,4.531457260365334,0.16859054106418125
1740,0.2087,3,49,3,116461,489149,8761,99195,4.531003371744044,0.16860034265667703
1741,0.2088,1,26,1,116487,489123,8762,99194,4.5307625328837675,0.1686063805737383
1742,0.2089,1,24,1,116511,489099,8763,99193,4.530540220089666,0.16861184581806313
1743,0.209,0,24,0,116535,489075,8763,99193,4.530317907295565,0.1686187247989012
1744,0.2091,3,44,3,116579,489031,8766,99190,4.529910333839712,0.1686270976384726
1745,0.2092,16,129,16,116708,488902,8782,99174,4.528715402571418,0.16864146810956407
1746,0.2093,3,35,3,116743,488867,8785,99171,4.528391196413353,0.1686472642924437
1747,0.2094,9,83,9,116826,488784,8794,99162,4.527622364667087,0.1686583461746487
1748,0.2095,6,56,6,116882,488728,8800,99156,4.527103634814184,0.16866592729177865
1749,0.2096,1,17,1,116899,488711,8801,99155,4.526946163251695,0.16866939064344597
1750,0.2097,5,144,5,117043,488567,8806,99150,4.525612286487087,0.16870364478141692
1751,0.2098,4,92,4,117135,488475,8810,99146,4.524760087443032,0.16872439888976057
1752,0.2099,5,80,5,117215,488395,8815,99141,4.524019044796028,0.16874029846681735
1753,0.21,19,203,19,117418,488192,8834,99122,4.522138649079254,0.16877173028397074
1754,0.2101,0,10,0,117428,488182,8834,99122,4.522046018748379,0.16877460395297836
1755,0.2102,1,37,1,117465,488145,8835,99121,4.521703286524139,0.1687838219818617
1756,0.2103,5,52,5,117517,488093,8840,99116,4.521221608803587,0.16879169086304877
1757,0.2104,5,68,5,117585,488025,8845,99111,4.520591722553633,0.16880416121648137
1758,0.2105,3,52,3,117637,487973,8848,99108,4.52011004483308,0.1688148654103948
1759,0.2106,3,24,3,117661,487949,8851,99105,4.5198877320389785,0.1688175193423433
1760,0.2107,2,16,2,117677,487933,8853,99103,4.519739523509578,0.168819288765936
1761,0.2108,3,35,3,117712,487898,8856,99100,4.5194153173515135,0.16882510672949483
1762,0.2109,5,70,5,117782,487828,8861,99095,4.518766905035385,0.16883816105349425
1763,0.211,7,63,7,117845,487765,8868,99088,4.518183333950869,0.16884637208977377
1764,0.2111,4,50,4,117895,487715,8872,99084,4.517720182296491,0.1688550934817544
1765,0.2112,9,109,9,118004,487606,8881,99075,4.516710511689948,0.16887371501718992
1766,0.2113,11,117,11,118121,487489,8892,99064,4.515626736818704,0.16889181369799489
1767,0.2114,2,27,2,118148,487462,8894,99062,4.51537663492534,0.16889675443801105
1768,0.2115,1,9,1,118157,487453,8895,99061,4.515293267627552,0.1688979291201915
1769,0.2116,8,100,8,118257,487353,8903,99053,4.514366964318796,0.16891539308942952
1770,0.2117,12,230,12,118487,487123,8915,99041,4.512236466708659,0.16896465835499963
1771,0.2118,1,7,1,118494,487116,8916,99040,4.5121716254770465,0.16896525839537596
1772,0.2119,8,84,8,118578,487032,8924,99032,4.511393530697692,0.1689781320811379
1773,0.212,0,3,0,118581,487029,8924,99032,4.511365741598429,0.16897899706685823
1774,0.2121,4,96,4,118677,486933,8928,99028,4.510476490422024,0.16900100859954845
1775,0.2122,5,52,5,118729,486881,8933,99023,4.509994812701471,0.1690089161364319
1776,0.2124,8,51,8,118780,486830,8941,99015,4.509522398014005,0.1690122814054912
1777,0.2125,6,50,6,118830,486780,8947,99009,4.509059246359628,0.16901819597158704
1778,0.2126,4,58,4,118888,486722,8951,99005,4.50852199044055,0.16902925765757768
1779,0.2127,3,34,3,118922,486688,8954,99002,4.508207047315573,0.16903481363861428
1780,0.2128,1,28,1,118950,486660,8955,99001,4.507947682389122,0.1690414762123481
1781,0.2129,8,107,8,119057,486553,8963,98993,4.506956537848753,0.16906101313987287
1782,0.213,5,84,5,119141,486469,8968,98988,4.506178443069398,0.16907817311946052
1783,0.2131,14,99,14,119240,486370,8982,98974,4.505261402793731,0.16908689591078066
1784,0.2132,3,36,3,119276,486334,8985,98971,4.504927933602579,0.16909303696363434
1785,0.2133,26,305,26,119581,486029,9011,98945,4.502102708510875,0.16914426965984813
1786,0.2134,4,58,4,119639,485971,9015,98941,4.501565452591796,0.16915536012254834
1787,0.2135,6,43,6,119682,485928,9021,98935,4.501167142169032,0.1691592731973129
1788,0.2136,4,53,4,119735,485875,9025,98931,4.500676201415391,0.16916892097550298
1789,0.2137,17,110,17,119845,485765,9042,98914,4.499657267775761,0.16917659091569903
1790,0.2138,14,64,14,119909,485701,9056,98900,4.499064433658157,0.16917521523226953
1791,0.2139,8,107,8,120016,485594,9064,98892,4.498073289117789,0.16919481390486685
1792,0.214,0,46,0,120062,485548,9064,98892,4.497647189595761,0.16920813086031072
1793,0.2141,3,28,3,120090,485520,9067,98889,4.4973878246693095,0.16921197312156383
1794,0.2142,3,37,3,120127,485483,9070,98886,4.49704509244507,0.1692184219217652
1795,0.2143,7,65,7,120192,485418,9077,98879,4.496442995294379,0.16922729365374117
1796,0.2144,2,47,2,120239,485371,9079,98877,4.496007632739264,0.16923806328819269
1797,0.2145,3,30,3,120269,485341,9082,98874,4.495729741746637,0.16924248778275122
1798,0.2146,0,32,0,120301,485309,9082,98874,4.495433324687836,0.1692517584387084
1799,0.2147,10,130,10,120431,485179,9092,98864,4.494229130386453,0.16927520747616187
1800,0.2148,12,285,12,120716,484894,9104,98852,4.4915891659565,0.16934077492608085
1801,0.2149,2,20,2,120736,484874,9106,98850,4.491403905294749,0.16934373094133529
1802,0.215,8,93,8,120829,484781,9114,98842,4.490542443217607,0.16935932956720348
1803,0.2151,0,12,0,120841,484769,9114,98842,4.490431286820557,0.16936281187297703
1804,0.2152,1,56,1,120897,484713,9115,98841,4.489912556967654,0.1693776411437502
1805,0.2153,1,11,1,120908,484702,9116,98840,4.4898106636036905,0.16937941056513497
1806,0.2154,9,71,9,120979,484631,9125,98831,4.489152988254474,0.16938720944980135
1807,0.2155,9,149,9,121128,484482,9134,98822,4.487772796324428,0.16941766214529644
1808,0.2156,8,84,8,121212,484398,9142,98814,4.486994701545074,0.16943067015081995
1809,0.2157,5,79,5,121291,484319,9147,98809,4.486262921931157,0.16944650231167085
1810,0.2158,10,129,10,121420,484190,9157,98799,4.485067990662863,0.16946974985805907
1811,0.2159,0,9,0,121429,484181,9157,98799,4.484984623365075,0.16947236611890631
1812,0.216,2,46,2,121475,484135,9159,98797,4.484558523843047,0.1694828899425662
1813,0.2161,4,84,4,121559,484051,9163,98793,4.4837804290636925,0.1695016162129146
1814,0.2162,4,66,4,121625,483985,9167,98789,4.483169068879914,0.16951511220473117
1815,0.2163,6,65,6,121690,483920,9173,98783,4.482566971729223,0.1695254700936841
1816,0.2164,5,56,5,121746,483864,9178,98778,4.48204824187632,0.16953463704985222
1817,0.2165,1,28,1,121774,483836,9179,98777,4.481788876949868,0.1695413593586137
1818,0.2166,2,59,2,121833,483777,9181,98775,4.4812423579977025,0.16955567914967248
1819,0.2167,77,525,77,122358,483252,9258,98698,4.476379265626737,0.16959876278030758
1820,0.2168,2,25,2,122383,483227,9260,98696,4.476147689799548,0.1696031949244144
1821,0.2169,0,8,0,122391,483219,9260,98696,4.476073585534848,0.1696055265803425
1822,0.217,2,35,2,122426,483184,9262,98694,4.475749379376783,0.16961287417637375
1823,0.2171,7,103,7,122529,483081,9269,98687,4.4747952869687655,0.16963291208866765
1824,0.2172,0,1,0,122530,483080,9269,98687,4.474786023935677,0.1696332036708854
1825,0.2173,4,62,4,122592,483018,9273,98683,4.474211715884249,0.1696455739288741
1826,0.2174,6,32,6,122624,482986,9279,98677,4.473915298825448,0.16964634161017633
1827,0.2175,4,15,4,122639,482971,9283,98673,4.473776353329134,0.16964500622373824
1828,0.2176,12,92,12,122731,482879,9295,98661,4.472924154285079,0.16965470990817486
1829,0.2177,0,9,0,122740,482870,9295,98661,4.472840786987291,0.16965733555046936
1830,0.2178,2,41,2,122781,482829,9297,98659,4.472461002630701,0.16966644195580993
1831,0.2179,7,191,7,122972,482638,9304,98652,4.470691763310978,0.16971219184916306
1832,0.218,3,16,3,122988,482622,9307,98649,4.470543554781577,0.16971257812620963
1833,0.2181,1,21,1,123009,482601,9308,98648,4.470349031086739,0.16971728123403224
1834,0.2182,2,82,2,123091,482519,9310,98646,4.46958946237356,0.16973837034232964
1835,0.2183,12,112,12,123203,482407,9322,98634,4.468552002667754,0.16975394163234608
1836,0.2184,1,10,1,123213,482397,9323,98633,4.468459372336878,0.1697554343149235
1837,0.2185,3,39,3,123252,482358,9326,98630,4.468098114046463,0.16976254242772656
1838,0.2186,3,129,3,123381,482229,9329,98627,4.466903182778169,0.1697959563127522
1839,0.2187,7,81,7,123462,482148,9336,98620,4.466152877098077,0.1698096313846493
1840,0.2188,8,77,8,123539,482071,9344,98612,4.465439623550336,0.1698207111281026
1841,0.2189,1,52,1,123591,482019,9345,98611,4.464957945829783,0.16983449012279764
1842,0.219,7,155,7,123746,481864,9352,98604,4.463522175701212,0.16986982917232302
1843,0.2191,5,34,5,123780,481830,9357,98599,4.463207232576234,0.1698726286936042
1844,0.2192,12,164,12,123944,481666,9369,98587,4.461688095149876,0.1699034731401647
1845,0.2193,3,34,3,123978,481632,9372,98584,4.461373152024899,0.16990913728680354
1846,0.2194,2,36,2,124014,481596,9374,98582,4.461039682833747,0.16991681863152344
1847,0.2195,0,11,0,124025,481585,9374,98582,4.460937789469784,0.16992004026426874
1848,0.2196,4,128,4,124153,481457,9378,98578,4.459752121234577,0.16995181325264855
1849,0.2197,3,57,3,124210,481400,9381,98575,4.459224128348587,0.16996422259580155
1850,0.2198,6,28,6,124238,481372,9387,98569,4.458964763422135,0.1699638411493583
1851,0.22,35,233,35,124471,481139,9422,98534,4.456806476712734,0.1699820415993155
1852,0.2201,1,52,1,124523,481087,9423,98533,4.456324798992182,0.16999585935612987
1853,0.2202,4,15,4,124538,481072,9427,98529,4.456185853495868,0.16999453072027135
1854,0.2203,5,99,5,124637,480973,9432,98524,4.455268813220201,0.17001641078383495
1855,0.2205,4,92,4,124729,480881,9436,98520,4.454416614176146,0.17003767684211799
1856,0.2206,5,50,5,124779,480831,9441,98515,4.453953462521768,0.17004518888539835
1857,0.2207,2,30,2,124809,480801,9443,98513,4.453675571529142,0.17005112943930234
1858,0.2208,18,228,18,125037,480573,9461,98495,4.451563599985179,0.17009228622545194
1859,0.2209,4,31,4,125068,480542,9465,98491,4.451276445959465,0.1700956594874558
1860,0.221,7,82,7,125150,480460,9472,98484,4.450516877246286,0.17010971700198982
1861,0.2211,2,48,2,125198,480412,9474,98482,4.450072251658083,0.17012095478619574
1862,0.2212,5,48,5,125246,480364,9479,98477,4.44962762606988,0.1701278934975235
1863,0.2213,4,37,4,125283,480327,9483,98473,4.449284893845641,0.17013303386316517
1864,0.2214,6,43,6,125326,480284,9489,98467,4.448886583422876,0.17013707103745826
1865,0.2215,1,6,1,125332,480278,9490,98466,4.448831005224351,0.17013740099249408
1866,0.2216,2,78,2,125410,480200,9492,98464,4.448108488643522,0.17015746616343855
1867,0.2217,9,71,9,125481,480129,9501,98455,4.447450813294305,0.17016543838059814
1868,0.2218,14,154,14,125635,479975,9515,98441,4.446024306198821,0.17019065862631738
1869,0.2219,1,52,1,125687,479923,9516,98440,4.445542628478269,0.17020452553154333
1870,0.222,6,71,6,125758,479852,9522,98434,4.444884953129052,0.1702168131339856
1871,0.2221,5,36,5,125794,479816,9527,98429,4.444551483937901,0.17022023536736158
1872,0.2222,10,131,10,125925,479685,9537,98419,4.443338026603431,0.17024445428504215
1873,0.2224,0,13,0,125938,479672,9537,98419,4.443217607173293,0.1702482827098156
1874,0.2225,12,144,12,126082,479528,9549,98407,4.441883730408685,0.17027347366053275
1875,0.2226,5,40,5,126122,479488,9554,98402,4.4415132090851825,0.17027808060357508
1876,0.2227,4,66,4,126188,479422,9558,98398,4.4409018489014045,0.1702917863694576
1877,0.2228,4,74,4,126262,479348,9562,98394,4.440216384452925,0.17030785367863163
1878,0.2229,1,8,1,126270,479340,9563,98393,4.440142280188224,0.17030877585320556
1879,0.223,8,79,8,126349,479261,9571,98385,4.439410500574308,0.17032057696236103
1880,0.2231,4,140,4,126489,479121,9575,98381,4.43811367594205,0.17035611997880526
1881,0.2232,8,57,8,126546,479064,9583,98373,4.43758568305606,0.17036144202744197
1882,0.2233,28,250,28,126796,478814,9611,98345,4.435269924784171,0.1703949864768634
1883,0.2234,3,48,3,126844,478766,9614,98342,4.4348252991959685,0.17040484623328736
1884,0.2235,8,106,8,126950,478660,9622,98334,4.433843417688688,0.17042464912980032
1885,0.2236,0,13,0,126963,478647,9622,98334,4.43372299825855,0.17042848897970644
1886,0.2237,4,63,4,127026,478584,9626,98330,4.433139427174034,0.17044134827721288
1887,0.2238,7,64,7,127090,478520,9633,98323,4.43254659305643,0.17045019181995794
1888,0.2239,3,46,3,127136,478474,9636,98320,4.432120493534403,0.17045947079893342
1889,0.224,5,57,5,127193,478417,9641,98315,4.431592500648413,0.1704691260412115
1890,0.2241,5,29,5,127222,478388,9646,98310,4.431323872688873,0.1704705062268293
1891,0.2242,2,57,2,127279,478331,9648,98308,4.430795879802883,0.17048447989123178
1892,0.2243,10,75,10,127354,478256,9658,98298,4.430101152321316,0.17049226958793104
1893,0.2244,18,121,18,127475,478135,9676,98280,4.428980325317722,0.17050215556500092
1894,0.2245,7,50,7,127525,478085,9683,98273,4.428517173663344,0.1705068724646834
1895,0.2246,1,31,1,127556,478054,9684,98272,4.42823001963763,0.1705146045814348
1896,0.2247,9,119,9,127675,477935,9693,98263,4.427127718700211,0.17053686406408908
1897,0.2248,2,19,2,127694,477916,9695,98261,4.426951721071548,0.17053960848836383
1898,0.2249,4,54,4,127748,477862,9699,98257,4.42645151728482,0.17054983432242296
1899,0.225,67,466,67,128214,477396,9766,98190,4.42213494386602,0.17059136254182694
1900,0.2251,7,167,7,128381,477229,9773,98183,4.420588017340398,0.1706307828130105
1901,0.2253,4,32,4,128413,477197,9777,98179,4.420291600281597,0.1706345068268402
1902,0.2254,1,21,1,128434,477176,9778,98178,4.4200970765867575,0.17063929337416617
1903,0.2255,5,38,5,128472,477138,9783,98173,4.41974508132943,0.17064335637594275
1904,0.2256,8,126,8,128598,477012,9791,98165,4.418577939160398,0.17066920269760438
1905,0.2257,1,29,1,128627,476983,9792,98164,4.41830931120086,0.17067636621594132
1906,0.2258,8,81,8,128708,476902,9800,98156,4.417559005520768,0.17068886964445326
1907,0.2259,1,2,1,128710,476900,9801,98155,4.417540479454592,0.17068802114580345
1908,0.226,6,58,6,128768,476842,9807,98149,4.417003223535515,0.17069658481611016
1909,0.2261,0,9,0,128777,476833,9807,98149,4.416919856237726,0.17069925667238278
1910,0.2262,7,55,7,128832,476778,9814,98142,4.416410389417911,0.17070548945940306
1911,0.2263,2,100,2,128932,476678,9816,98140,4.4154840861091555,0.1707323013545157
1912,0.2264,1,22,1,128954,476656,9817,98139,4.415280299381229,0.1707373933315356
1913,0.2265,3,31,3,128985,476625,9820,98136,4.414993145355515,0.17074227374508708
1914,0.2266,2,20,2,129005,476605,9822,98134,4.414807884693764,0.17074532961918368
1915,0.2267,23,340,23,129345,476265,9845,98111,4.411658453443995,0.170813195537418
1916,0.2268,0,8,0,129353,476257,9845,98111,4.411584349179296,0.1708155746838264
1917,0.2269,4,26,4,129379,476231,9849,98107,4.411343510319019,0.1708175325331077
1918,0.227,3,8,3,129387,476223,9852,98104,4.411269406054318,0.17081558067094182
1919,0.2271,0,2,0,129389,476221,9852,98104,4.411250879988144,0.17081617551038175
1920,0.2272,3,8,3,129397,476213,9855,98101,4.411176775723443,0.17081422357804268
1921,0.2273,0,48,0,129445,476165,9855,98101,4.410732150135241,0.1708285010778977
1922,0.2274,13,165,13,129610,476000,9868,98088,4.409203749675794,0.1708588230375831
1923,0.2275,2,40,2,129650,475960,9870,98086,4.408833228352291,0.17086783985952345
1924,0.2276,5,55,5,129705,475905,9875,98081,4.408323761532476,0.17087699003111576
1925,0.2277,2,19,2,129724,475886,9877,98079,4.408147763903813,0.1708797574765012
1926,0.2278,7,113,7,129837,475773,9884,98072,4.407101041164919,0.1709032927009907
1927,0.2279,1,13,1,129850,475760,9885,98071,4.406980621734781,0.1709057196282529
1928,0.228,0,2,0,129852,475758,9885,98071,4.4069620956686055,0.17090631529602024
1929,0.2281,9,116,9,129968,475642,9894,98062,4.40588758383045,0.17092786524061188
1930,0.2282,7,46,7,130014,475596,9901,98055,4.405461484308422,0.1709314548392664
1931,0.2283,25,196,25,130210,475400,9926,98030,4.403645929823261,0.17095373454475699
1932,0.2284,0,28,0,130238,475372,9926,98030,4.40338656489681,0.1709620824482649
1933,0.2285,9,70,9,130308,475302,9935,98021,4.402738152580681,0.17096994190011564
1934,0.2286,12,167,12,130475,475135,9947,98009,4.40119122605506,0.17100240079281995
1935,0.2287,6,158,6,130633,474977,9953,98003,4.399727666827226,0.17104087402701665
1936,0.2288,1,44,1,130677,474933,9954,98002,4.399320093371373,0.17105256268163055
1937,0.2289,2,20,2,130697,474913,9956,98000,4.399134832709622,0.1710556402106428
1938,0.229,6,95,6,130792,474818,9962,97994,4.3982548445663046,0.17107532663421857
1939,0.2291,1,59,1,130851,474759,9963,97993,4.397708325614139,0.17109150208117999
1940,0.2292,6,72,6,130923,474687,9969,97987,4.397041387231835,0.1711043281168693
1941,0.2293,7,45,7,130968,474642,9976,97980,4.396624550742895,0.17110764169032974
1942,0.2294,9,84,9,131052,474558,9985,97971,4.39584645596354,0.1711197162065153
1943,0.2295,6,38,6,131090,474520,9991,97965,4.395494460706214,0.171122387486135
1944,0.2296,1,17,1,131107,474503,9992,97964,4.3953369891437255,0.1711260212379054
1945,0.2297,14,187,14,131294,474316,10006,97950,4.393604801956353,0.1711616625834839
1946,0.2298,2,43,2,131337,474273,10008,97948,4.393206491533587,0.17117162774522432
1947,0.2299,0,2,0,131339,474271,10008,97948,4.393187965467413,0.1711722260183601
1948,0.23,22,262,22,131601,474009,10030,97926,4.390761050798473,0.1712187573762753
1949,0.2301,3,29,3,131630,473980,10033,97923,4.390492422838935,0.1712230920278439
1950,0.2302,5,27,5,131657,473953,10038,97918,4.39024232094557,0.17122392987229637
1951,0.2303,2,29,2,131686,473924,10040,97916,4.389973692986032,0.17122971460548406
1952,0.2304,11,121,11,131807,473803,10051,97905,4.388852865982437,0.17125000874572335
1953,0.2305,8,80,8,131887,473723,10059,97897,4.388111823335433,0.17126237710367026
1954,0.2306,12,157,12,132044,473566,10071,97885,4.386657527140687,0.17129202678794858
1955,0.2307,9,164,9,132208,473402,10080,97876,4.385138389714328,0.17132814496619858
1956,0.2308,7,120,7,132328,473282,10087,97869,4.384026825743821,0.17135398519831008
1957,0.2309,5,27,5,132355,473255,10092,97864,4.383776723850458,0.17135483147995426
1958,0.231,5,49,5,132404,473206,10097,97859,4.383322835229167,0.17136227925017292
1959,0.2311,3,24,3,132428,473182,10100,97856,4.3831005224350665,0.17136512806503246
1960,0.2312,6,38,6,132466,473144,10106,97850,4.382748527177739,0.17136782523108823
1961,0.2313,0,1,0,132467,473143,10106,97850,4.382739264144652,0.17136812535355075
1962,0.2314,9,86,9,132553,473057,10115,97841,4.381942643299122,0.1713808771444286
1963,0.2315,9,69,9,132622,472988,10124,97832,4.38130349401608,0.17138852878315405
1964,0.2316,1,21,1,132643,472967,10125,97831,4.381108970321242,0.17139338259769657
1965,0.2317,20,149,20,132792,472818,10145,97811,4.379728778391196,0.1714090941750244
1966,0.2318,8,91,8,132883,472727,10153,97803,4.378885842380229,0.17142481552240899
1967,0.2319,3,39,3,132922,472688,10156,97800,4.378524584089814,0.17143217736394104
1968,0.232,1,9,1,132931,472679,10157,97799,4.378441216792027,0.17143342950998988
1969,0.2321,8,32,8,132963,472647,10165,97791,4.378144799733224,0.17143142637762562
1970,0.2322,2,73,2,133036,472574,10167,97789,4.377468598317833,0.1714504622494797
1971,0.2323,7,123,7,133159,472451,10174,97782,4.376329245248064,0.17147727332511448
1972,0.2324,2,17,2,133176,472434,10176,97780,4.376171773685575,0.17147947963396198
1973,0.2325,9,100,9,133276,472334,10185,97771,4.37524547037682,0.1714964787188325
1974,0.2326,5,46,5,133322,472288,10190,97766,4.374819370854793,0.1715030505881899
1975,0.2327,6,84,6,133406,472204,10196,97760,4.374041276075438,0.17151960474696648
1976,0.2328,3,15,3,133421,472189,10199,97757,4.373902330579125,0.17151975801216254
1977,0.2329,4,67,4,133488,472122,10203,97753,4.373281707362259,0.17153410835709584
1978,0.233,4,101,4,133589,472021,10207,97749,4.372346141020416,0.17155869912420801
1979,0.2331,5,164,5,133753,471857,10212,97744,4.370827003594057,0.17160082233001697
1980,0.2332,2,11,2,133764,471846,10214,97742,4.370725110230094,0.17160122755395127
1981,0.2333,89,744,89,134508,471102,10303,97653,4.363833413612953,0.17169607300155604
1982,0.2334,2,51,2,134559,471051,10305,97651,4.363360998925488,0.17170855738154606
1983,0.2335,1,17,1,134576,471034,10306,97650,4.363203527363,0.17171223385922585
1984,0.2336,3,63,3,134639,470971,10309,97647,4.3626199562784835,0.1717268887020812
1985,0.2337,5,51,5,134690,470920,10314,97642,4.3621475415910185,0.17173500867099806
1986,0.2338,4,37,4,134727,470883,10318,97638,4.361804809366779,0.17174035787596237
1987,0.2339,1,47,1,134774,470836,10319,97637,4.361369446811664,0.1717530999713267
1988,0.234,14,155,14,134929,470681,10333,97623,4.359933676683093,0.17177954052760494
1989,0.2341,12,61,12,134990,470620,10345,97611,4.359368631664752,0.17178049068072668
1990,0.2342,5,101,5,135091,470519,10350,97606,4.3584330653229095,0.1718037403740374
1991,0.2343,12,92,12,135183,470427,10362,97594,4.357580866278854,0.1718140702544448
1992,0.2344,11,71,11,135254,470356,10373,97583,4.356923190929638,0.17181950878527447
1993,0.2345,4,31,4,135285,470325,10377,97579,4.356636036903923,0.1718230546007776
1994,0.2346,0,12,0,135297,470313,10377,97579,4.356524880506873,0.17182668535566623
1995,0.2347,2,88,2,135385,470225,10379,97577,4.355709733595169,0.17185039855442566
1996,0.2348,0,11,0,135396,470214,10379,97577,4.3556078402312055,0.17185372786817685
1997,0.2349,5,63,5,135459,470151,10384,97572,4.355024269146689,0.17186550483246232
1998,0.235,14,160,14,135619,469991,10398,97558,4.353542183852681,0.17189352813589664
1999,0.2351,20,199,20,135818,469792,10418,97538,4.3516988402682575,0.1719246294044031
2000,0.2352,16,157,16,135975,469635,10434,97522,4.350244544073512,0.17194886072110543
2001,0.2353,7,141,7,136116,469494,10441,97515,4.348938456408166,0.1719813971206806
2002,0.2354,8,81,8,136197,469413,10449,97507,4.348188150728074,0.1719942849079235
2003,0.2355,2,74,2,136271,469339,10451,97505,4.347502686279595,0.17201381685260847
2004,0.2356,1,31,1,136302,469308,10452,97504,4.347215532253881,0.17202176382998244
2005,0.2357,5,63,5,136365,469245,10457,97499,4.346631961169365,0.17203358129949325
2006,0.2358,2,64,2,136429,469181,10459,97497,4.346039127051762,0.1720500884099965
2007,0.2359,5,66,5,136495,469115,10464,97492,4.345427766867983,0.1720628230854896
2008,0.236,4,31,4,136526,469084,10468,97488,4.345140612842269,0.17206639226788475
2009,0.2361,0,9,0,136535,469075,10468,97488,4.345057245544481,0.1720691255870927
2010,0.2362,3,27,3,136562,469048,10471,97485,4.344807143651117,0.1720729419115921
2011,0.2363,1,58,1,136620,468990,10472,97484,4.344269887732039,0.17208909852879392
2012,0.2364,13,83,13,136703,468907,10485,97471,4.343501055985772,0.17209531443664833
2013,0.2365,6,35,6,136738,468872,10491,97465,4.3431768498277075,0.17209717888818848
2014,0.2366,9,62,9,136800,468810,10500,97456,4.342602541776279,0.17210286331865238
2015,0.2367,21,252,21,137052,468558,10521,97435,4.340268257438216,0.17214877215795954
2016,0.2368,5,85,5,137137,468473,10526,97430,4.339480899625774,0.1721673148931884
2017,0.2369,14,98,14,137235,468375,10540,97416,4.338573122383194,0.17217665180252073
2018,0.237,4,13,4,137248,468362,10544,97412,4.338452702953055,0.17217475529098192
2019,0.2371,4,39,4,137287,468323,10548,97408,4.33809144466264,0.1721807714267028
2020,0.2372,2,5,2,137292,468318,10550,97406,4.3380451294972024,0.1721793666169369
2021,0.2373,1,41,1,137333,468277,10551,97405,4.337665345140612,0.17219038258244032
2022,0.2374,12,111,12,137444,468166,10563,97393,4.3366371484678945,0.17220661327995843
2023,0.2375,14,114,14,137558,468052,10577,97379,4.335581162695913,0.17222083684835107
2024,0.2376,5,85,5,137643,467967,10582,97374,4.334793804883471,0.17223940948914018
2025,0.2377,9,95,9,137738,467872,10591,97365,4.333913816740154,0.17225517791651998
2026,0.2378,5,67,5,137805,467805,10596,97360,4.3332931935232875,0.1722682756363186
2027,0.2379,2,25,2,137830,467780,10598,97358,4.3330616176960985,0.1722729669567433
2028,0.238,0,15,0,137845,467765,10598,97358,4.332922672199785,0.17227753957987907
2029,0.2381,5,47,5,137892,467718,10603,97353,4.33248730964467,0.17228454477401955
2030,0.2382,7,168,7,138060,467550,10610,97346,4.330931120085961,0.1723255254064465
2031,0.2383,14,117,14,138177,467433,10624,97332,4.329847345214717,0.17234070808212265
2032,0.2384,3,24,3,138201,467409,10627,97329,4.329625032420616,0.17234363545573345
2033,0.2385,4,100,4,138301,467309,10631,97325,4.328698729111861,0.172368295214245
2034,0.2386,5,49,5,138350,467260,10636,97320,4.32824484049057,0.17237592546671862
2035,0.2387,1,53,1,138403,467207,10637,97319,4.32775389973693,0.17239064276933214
2036,0.2388,7,25,7,138428,467182,10644,97312,4.327522323909741,0.17238801475303547
2037,0.2389,4,46,4,138474,467136,10648,97308,4.327096224387714,0.17239619873716436
2038,0.239,3,29,3,138503,467107,10651,97305,4.326827596428174,0.17240065767559867
2039,0.2391,0,11,0,138514,467096,10651,97305,4.326725703064211,0.17240401771081199
2040,0.2392,13,70,13,138584,467026,10664,97292,4.326077290748082,0.17240633827026605
2041,0.2393,3,24,3,138608,467002,10667,97289,4.325854977953981,0.17240927110303017
2042,0.2394,12,108,12,138716,466894,10679,97277,4.324854570380525,0.17242467266130304
2043,0.2395,4,18,4,138734,466876,10683,97273,4.32468783578495,0.17242430634460046
2044,0.2396,1,60,1,138794,466816,10684,97272,4.324132053799696,0.17244117939044973
2045,0.2397,4,7,4,138801,466809,10688,97268,4.3240672125680835,0.1724374509153892
2046,0.2398,5,58,5,138859,466751,10693,97263,4.323529956649005,0.1724478470392579
2047,0.2399,2,36,2,138895,466715,10695,97261,4.323196487457853,0.1724559201100756
2048,0.24,38,297,38,139192,466418,10733,97223,4.3204453666308495,0.17249100047725413
2049,0.2401,4,60,4,139252,466358,10737,97219,4.319889584645597,0.17250349109349744
2050,0.2402,7,47,7,139299,466311,10744,97212,4.3194542220904815,0.17250759951235353
2051,0.2403,1,52,1,139351,466259,10745,97211,4.318972544369928,0.1725220508634
2052,0.2404,2,21,2,139372,466238,10747,97209,4.31877802067509,0.17252554366249176
2053,0.2405,3,37,3,139409,466201,10750,97206,4.318435288450851,0.17253246764772182
2054,0.2406,2,31,2,139440,466170,10752,97204,4.318148134425136,0.1725390238101155
2055,0.2407,4,83,4,139523,466087,10756,97200,4.317379302678869,0.17255857138545716
2056,0.2408,1,34,1,139557,466053,10757,97199,4.317064359553893,0.1725675186239907
2057,0.241,6,86,6,139643,465967,10763,97193,4.316267738708363,0.17258505575680091
2058,0.2411,15,89,15,139732,465878,10778,97178,4.31544332876357,0.17259029297263506
2059,0.2412,4,40,4,139772,465838,10782,97174,4.315072807440068,0.17259667644739365
2060,0.2413,1,24,1,139796,465814,10783,97173,4.314850494645967,0.17260256453523792
2061,0.2414,4,89,4,139885,465725,10787,97169,4.314026084701174,0.172623975384353
2062,0.2415,2,2,2,139887,465723,10789,97167,4.314007558635,0.17262164899003357
2063,0.2416,3,38,3,139925,465685,10792,97164,4.313655563377672,0.17262889336216286
2064,0.2417,46,302,46,140227,465383,10838,97118,4.310858127385231,0.1726539152819284
2065,0.2418,3,39,3,140266,465344,10841,97115,4.310496869094816,0.1726614739918821
2066,0.2419,4,49,4,140315,465295,10845,97111,4.3100429804735265,0.17267063295910784
2067,0.242,4,21,4,140336,465274,10849,97107,4.309848456778687,0.1726711962175109
2068,0.2421,4,18,4,140354,465256,10853,97103,4.309681722183112,0.17267083837904257
2069,0.2422,1,13,1,140367,465243,10854,97102,4.309561302752973,0.1726733588811139
2070,0.2423,3,44,3,140411,465199,10857,97099,4.309153729297121,0.17268245663331544
2071,0.2424,7,81,7,140492,465118,10864,97092,4.308403423617029,0.1726970349157788
2072,0.2425,1,53,1,140545,465065,10865,97091,4.307912482863388,0.17271184511060986
2073,0.2426,7,101,7,140646,464964,10872,97084,4.3069769165215455,0.17273257800045547
2074,0.2427,4,78,4,140724,464886,10876,97080,4.306254399940717,0.1727506646309563
2075,0.2428,3,44,3,140768,464842,10879,97077,4.305846826484864,0.17275977498536266
2076,0.2429,18,188,18,140956,464654,10897,97059,4.304105376264404,0.17279108726342457
2077,0.243,5,59,5,141015,464595,10902,97054,4.303558857312239,0.1728018744803249
2078,0.2431,9,100,9,141115,464495,10911,97045,4.302632554003483,0.17281938953591908
2079,0.2432,4,37,4,141152,464458,10915,97041,4.302289821779244,0.17282488481724811
2080,0.2433,24,199,24,141351,464259,10939,97017,4.30044647819482,0.1728507899856755
2081,0.2434,0,1,0,141352,464258,10939,97017,4.3004372151617325,0.17285109794663936
2082,0.2435,8,53,8,141405,464205,10947,97009,4.299946274408092,0.17285563082888167
2083,0.2436,12,73,12,141478,464132,10959,96997,4.299270072992701,0.1728604295981851
2084,0.2437,4,36,4,141514,464096,10963,96993,4.298936603801549,0.1728656238136909
2085,0.2438,6,114,6,141628,463982,10969,96987,4.297880618029567,0.17289190668290047
2086,0.2439,1,36,1,141664,463946,10970,96986,4.297547148838416,0.1729015281709726
2087,0.244,7,113,7,141777,463833,10977,96979,4.296500426099522,0.1729260429520053
2088,0.2441,1,5,1,141782,463828,10978,96978,4.296454110934084,0.1729261099203646
2089,0.2442,0,24,0,141806,463804,10978,96978,4.296231798139983,0.1729335107046945
2090,0.2443,5,61,5,141867,463743,10983,96973,4.295666753121642,0.17294494895811782
2091,0.2444,17,187,17,142054,463556,11000,96956,4.293934565934269,0.17297756337063255
2092,0.2445,7,123,7,142177,463433,11007,96949,4.2927952128645,0.17300520002426917
2093,0.2446,10,75,10,142252,463358,11017,96939,4.292100485382933,0.17301359814526937
2094,0.2447,5,92,5,142344,463266,11022,96934,4.291248286338879,0.17303463048911102
2095,0.2448,11,84,11,142428,463182,11033,96923,4.290470191559525,0.17304433990055437
2096,0.2449,4,68,4,142496,463114,11037,96919,4.28984030530957,0.1730594447112938
2097,0.245,16,177,16,142673,462937,11053,96903,4.2882007484530735,0.17309052586453272
2098,0.2451,1,13,1,142686,462924,11054,96902,4.288080329022935,0.17309306820333462
2099,0.2452,2,43,2,142729,462881,11056,96900,4.2876820186001705,0.17310341008358626
2100,0.2453,5,45,5,142774,462836,11061,96895,4.287265182111231,0.1731099403106135
2101,0.2454,1,5,1,142779,462831,11062,96894,4.287218866945793,0.17311000937960605
2102,0.2455,9,35,9,142814,462796,11071,96885,4.286894660787729,0.17310753804399293
2103,0.2456,4,59,4,142873,462737,11075,96881,4.286348141835562,0.17311987820263108
2104,0.2457,0,29,0,142902,462708,11075,96881,4.2860795138760235,0.17312884992378336
2105,0.2458,17,197,17,143099,462511,11092,96864,4.284254696357776,0.17316469273743018
2106,0.2459,3,34,3,143133,462477,11095,96861,4.283939753232799,0.17317078403398303
2107,0.246,9,101,9,143234,462376,11104,96852,4.283004186890955,0.1731887530667277
2108,0.2461,2,78,2,143312,462298,11106,96850,4.282281670310127,0.17320995514604362
2109,0.2462,7,97,7,143409,462201,11113,96843,4.281383156100634,0.17322965634189796
2110,0.2463,2,19,2,143428,462182,11115,96841,4.28120715847197,0.17323258613688525
2111,0.2464,9,87,9,143515,462095,11124,96832,4.280401274593353,0.1732462378807966
2112,0.2465,0,12,0,143527,462083,11124,96832,4.2802901181963025,0.17324995750695543
2113,0.2466,0,6,0,143533,462077,11124,96832,4.280234539997777,0.17325181737993126
2114,0.2467,26,230,26,143763,461847,11150,96806,4.278104042387639,0.17328466865836217
2115,0.2468,9,53,9,143816,461794,11159,96797,4.277613101633999,0.17328779017205792
2116,0.2469,2,21,2,143837,461773,11161,96795,4.2774185779391605,0.17329134501081336
2117,0.247,3,27,3,143864,461746,11164,96792,4.277168476045796,0.17329528161020377
2118,0.2471,3,13,3,143877,461733,11167,96789,4.277048056615659,0.17329487468712065
2119,0.2472,2,72,2,143949,461661,11169,96787,4.276381118233354,0.1733142566541558
2120,0.2473,1,20,1,143969,461641,11170,96786,4.2761958575716035,0.17331898350187222
2121,0.2474,5,37,5,144006,461604,11175,96781,4.275853125347364,0.1733230656267629
2122,0.2475,9,58,9,144064,461546,11184,96772,4.275315869428286,0.1733277451201645
2123,0.2476,8,56,8,144120,461490,11192,96764,4.274797139575383,0.17333328556535196
2124,0.2477,4,66,4,144186,461424,11196,96760,4.274185779391604,0.17334785662075589
2125,0.2478,1,44,1,144230,461380,11197,96759,4.273778205935751,0.17336004113670608
2126,0.2479,11,246,11,144476,461134,11208,96748,4.271499499796214,0.1734201856306531
2127,0.248,4,64,4,144540,461070,11212,96744,4.27090666567861,0.17343415547117857
2128,0.2481,16,169,16,144709,460901,11228,96728,4.269341213086813,0.17346300138622633
2129,0.2482,3,54,3,144763,460847,11231,96725,4.268841009300085,0.17347535385564555
2130,0.2483,5,158,5,144921,460689,11236,96720,4.267377450072251,0.17351711221024418
2131,0.2484,2,19,2,144940,460670,11238,96718,4.267201452443588,0.17352006142938134
2132,0.2485,2,34,2,144974,460636,11240,96716,4.266886509318612,0.17352768089107062
2133,0.2486,8,53,8,145027,460583,11248,96708,4.266395568564971,0.17353231973959746
2134,0.2487,1,8,1,145035,460575,11249,96707,4.266321464300271,0.17353332783043415
2135,0.2488,3,32,3,145067,460543,11252,96704,4.2660250472414685,0.1735388436366638
2136,0.2489,2,16,2,145083,460527,11254,96702,4.265876838712068,0.17354086022084278
2137,0.249,0,5,0,145088,460522,11254,96702,4.26583052354663,0.1735424174120282
2138,0.2491,5,37,5,145125,460485,11259,96697,4.265487791322391,0.1735465251928454
2139,0.2492,4,139,4,145264,460346,11263,96693,4.264200229723221,0.17358389628015275
2140,0.2493,1,35,1,145299,460311,11264,96692,4.263876023565156,0.17359331996416535
2141,0.2494,6,53,6,145352,460258,11270,96686,4.263385082811515,0.17360093653940073
2142,0.2495,2,19,2,145371,460239,11272,96684,4.263209085182853,0.17360389138175294
2143,0.2496,3,38,3,145409,460201,11275,96681,4.262857089925525,0.17361128569427633
2144,0.2497,8,58,8,145467,460143,11283,96673,4.262319834006447,0.17361749662366024
2145,0.2498,0,19,0,145486,460124,11283,96673,4.262143836377784,0.17362342110320278
2146,0.2499,4,41,4,145527,460083,11287,96669,4.261764052021194,0.1736302698508492
2147,0.25,135,1329,135,146856,458754,11422,96534,4.249453481047834,0.17384492371526128
2148,0.2501,3,33,3,146889,458721,11425,96531,4.249147800955945,0.17385079207278858
2149,0.2502,10,111,10,147000,458610,11435,96521,4.248119604283226,0.17387067196751757
2150,0.2503,8,74,8,147074,458536,11443,96513,4.2474341398347475,0.17388194555795974
2151,0.2504,6,45,6,147119,458491,11449,96507,4.247017303345808,0.1738871131067139
2152,0.2505,1,8,1,147127,458483,11450,96506,4.246943199081107,0.1738881311161122
2153,0.2506,5,49,5,147176,458434,11455,96501,4.246489310459817,0.1738960418787786
2154,0.2507,1,35,1,147211,458399,11456,96500,4.2461651043017525,0.17390552154536232
2155,0.2508,2,28,2,147239,458371,11458,96498,4.245905739375301,0.1739113196087725
2156,0.2509,17,149,17,147388,458222,11475,96481,4.244525547445256,0.17393271714773492
2157,0.251,10,57,10,147445,458165,11485,96471,4.2439975545592645,0.17393569836793862
2158,0.2511,12,75,12,147520,458090,11497,96459,4.243302827077699,0.17394134693237207
2159,0.2512,5,175,5,147695,457915,11502,96454,4.241681796287376,0.1739888052903391
2160,0.2513,5,38,5,147733,457877,11507,96449,4.241329801030049,0.17399328193157096
2161,0.2514,1,39,1,147772,457838,11508,96448,4.240968542739635,0.17400403401853917
2162,0.2515,1,15,1,147787,457823,11509,96447,4.240829597243321,0.17400725278293971
2163,0.2516,1,20,1,147807,457803,11510,96446,4.24064433658157,0.17401204151924496
2164,0.2517,10,89,10,147896,457714,11520,96436,4.239819926636778,0.17402508346115672
2165,0.2518,0,11,0,147907,457703,11520,96436,4.239718033272815,0.17402853796610598
2166,0.2519,5,70,5,147977,457633,11525,96431,4.239069620956686,0.17404307083658205
2167,0.252,1,14,1,147991,457619,11526,96430,4.23893993849346,0.17404597788282264
2168,0.2521,0,3,0,147994,457616,11526,96430,4.2389121493941975,0.17404692029181693
2169,0.2522,3,23,3,148017,457593,11529,96427,4.238699099633184,0.1740496732969929
2170,0.2523,3,37,3,148054,457556,11532,96424,4.238356367408945,0.17405682515614282
2171,0.2524,10,105,10,148159,457451,11542,96414,4.237383748934751,0.17407490995098082
2172,0.2525,12,58,12,148217,457393,11554,96402,4.236846493015673,0.17407524444966097
2173,0.2526,1,20,1,148237,457373,11555,96401,4.236661232353922,0.17408003987186108
2174,0.2527,4,55,4,148292,457318,11559,96397,4.236151765534107,0.17409136469122202
2175,0.2528,3,72,3,148364,457246,11562,96394,4.235484827151803,0.17410952965826168
2176,0.2529,1,39,1,148403,457207,11563,96393,4.235123568861388,0.1741203034682081
2177,0.253,3,52,3,148455,457155,11566,96390,4.234641891140835,0.17413218437525405
2178,0.2531,6,45,6,148500,457110,11572,96384,4.234225054651895,0.17413738902318723
2179,0.2532,4,76,4,148576,457034,11576,96380,4.233521064137241,0.17415533398143163
2180,0.2533,14,148,14,148724,456886,11590,96366,4.232150135240283,0.17418102419873766
2181,0.2534,2,10,2,148734,456876,11592,96364,4.232057504909408,0.17418118718820041
2182,0.2535,7,57,7,148791,456819,11599,96357,4.231529512023417,0.174188684975487
2183,0.2536,8,72,8,148863,456747,11607,96349,4.230862573641113,0.17419941565297886
2184,0.2537,3,60,3,148923,456687,11610,96346,4.23030679165586,0.1742138353407482
2185,0.2538,12,84,12,149007,456603,11622,96334,4.229528696876505,0.17422237976478333
2186,0.2539,1,40,1,149047,456563,11623,96333,4.229158175553003,0.17423349056603774
2187,0.254,6,79,6,149126,456484,11629,96327,4.228426395939087,0.17424942701936105
2188,0.2541,3,28,3,149154,456456,11632,96324,4.228167031012635,0.1742537718441333
2189,0.2542,9,165,9,149319,456291,11641,96315,4.226638630553189,0.17429235296033702
2190,0.2543,5,59,5,149378,456232,11646,96310,4.226092111601023,0.17430349186125219
2191,0.2544,8,86,8,149464,456146,11654,96302,4.225295490755493,0.1743186689063948
2192,0.2545,4,32,4,149496,456114,11658,96298,4.224999073696691,0.17432278806398124
2193,0.2546,3,28,3,149524,456086,11661,96295,4.224739708770239,0.17432714014421205
2194,0.2547,12,96,12,149620,455990,11673,96283,4.2238504575938345,0.17433950238378484
2195,0.2548,3,38,3,149658,455952,11676,96280,4.223498462336507,0.17434701357400512
2196,0.2549,5,23,5,149681,455929,11681,96275,4.2232854125754935,0.17434679937124686
2197,0.255,13,153,13,149834,455776,11694,96262,4.221868168513098,0.17437567703672574
2198,0.2551,7,104,7,149938,455672,11701,96255,4.220904813071992,0.17439806351202242
2199,0.2552,2,43,2,149981,455629,11703,96253,4.220506502649227,0.17440865982220838
2200,0.2553,9,117,9,150098,455512,11712,96244,4.219422727777983,0.1744321765418047
2201,0.2554,4,30,4,150128,455482,11716,96240,4.219144836785357,0.17443567593824427
2202,0.2555,3,27,3,150155,455455,11719,96237,4.218894734891993,0.1744397236139005
2203,0.2556,20,197,20,150352,455258,11739,96217,4.2170699173737445,0.17447209755655288
2204,0.2557,6,85,6,150437,455173,11745,96211,4.216282559561303,0.1744900105915297
2205,0.2558,3,53,3,150490,455120,11748,96208,4.215791618807662,0.1745022926461199
2206,0.2559,5,70,5,150560,455050,11753,96203,4.2151432064915335,0.17451696408001408
2207,0.256,14,90,14,150650,454960,11767,96189,4.214309533513654,0.17452449337656423
2208,0.2561,2,39,2,150689,454921,11769,96187,4.213948275223239,0.17453384817494938
2209,0.2562,6,136,6,150825,454785,11775,96181,4.212688502723331,0.17456794067147519
2210,0.2563,2,36,2,150861,454749,11777,96179,4.21235503353218,0.17457635117474515
2211,0.2564,8,74,8,150935,454675,11785,96171,4.211669569083701,0.1745878158323742
2212,0.2565,4,74,4,151009,454601,11789,96167,4.210984104635222,0.1746052784475496
2213,0.2566,11,43,11,151052,454558,11800,96156,4.210585794212457,0.174602425215266
2214,0.2567,24,199,24,151251,454359,11824,96132,4.2087424506280335,0.17462955797642468
2215,0.2568,4,90,4,151341,454269,11828,96128,4.207908777650154,0.17465211474626496
2216,0.2569,14,147,14,151488,454122,11842,96114,4.206547111786283,0.17467777462761433
2217,0.257,10,74,10,151562,454048,11852,96104,4.205861647337804,0.17468626852215388
2218,0.2571,15,83,15,151645,453965,11867,96089,4.205092815591537,0.1746901213335418
2219,0.2572,2,13,2,151658,453952,11869,96087,4.204972396161399,0.17469124916596823
2220,0.2573,6,32,6,151690,453920,11875,96081,4.204675979102597,0.17469240965016428
2221,0.2574,0,21,0,151711,453899,11875,96081,4.204481455407759,0.17469907996654424
2222,0.2575,12,157,12,151868,453742,11887,96069,4.203027159213013,0.1747309530002128
2223,0.2576,9,37,9,151905,453705,11896,96060,4.202684426988773,0.17472920247742216
2224,0.2577,3,42,3,151947,453663,11899,96057,4.202295379599096,0.17473804846103472
2225,0.2578,4,74,4,152021,453589,11903,96053,4.201609915150617,0.1747555681698269
2226,0.2579,1,12,1,152033,453577,11904,96052,4.201498758753567,0.17475788213504018
2227,0.258,5,102,5,152135,453475,11909,96047,4.200553929378636,0.17478281124322592
2228,0.2581,5,62,5,152197,453413,11914,96042,4.199979621327207,0.1747950241603043
2229,0.2582,8,53,8,152250,453360,11922,96034,4.199488680573567,0.17479987040266184
2230,0.2583,43,333,43,152583,453027,11965,95991,4.196404090555411,0.17484126203512454
2231,0.2584,2,32,2,152615,452995,11967,95989,4.19610767349661,0.1748484473135829
2232,0.2585,4,35,4,152650,452960,11971,95985,4.195783467338545,0.17485358278151727
2233,0.2586,2,35,2,152685,452925,11973,95983,4.195459261180481,0.1748617254621904
2234,0.2587,2,29,2,152714,452896,11975,95981,4.195190633220942,0.17486795766628954
2235,0.2588,0,2,0,152716,452894,11975,95981,4.195172107154767,0.17486859485310863
2236,0.2589,7,124,7,152840,452770,11982,95974,4.19402349105191,0.17489758430160512
2237,0.259,9,124,9,152964,452646,11991,95965,4.192874874949053,0.17492357973135791
2238,0.2591,1,26,1,152990,452620,11992,95964,4.192634036088777,0.1749303661791084
2239,0.2592,6,79,6,153069,452541,11998,95958,4.19190225647486,0.17494653590981935
2240,0.2593,4,53,4,153122,452488,12002,95954,4.191411315721219,0.17495742485075905
2241,0.2594,4,57,4,153179,452431,12006,95950,4.190883322835229,0.17496959230899684
2242,0.2595,7,73,7,153252,452358,12013,95943,4.190207121419838,0.17498235458261063
2243,0.2596,1,3,1,153255,452355,12014,95942,4.190179332320575,0.1749818073051649
2244,0.2597,0,47,0,153302,452308,12014,95942,4.18974396976546,0.1749968080255358
2245,0.2598,16,115,16,153417,452193,12030,95926,4.188678720960391,0.17500944138043018
2246,0.2599,4,49,4,153466,452144,12034,95922,4.188224832339101,0.17501906704666956
2247,0.26,34,407,34,153873,451737,12068,95888,4.184454777872467,0.17509792284866468
2248,0.2601,3,29,3,153902,451708,12071,95885,4.184186149912928,0.17510267662296633
2249,0.2602,7,20,7,153922,451688,12078,95878,4.184000889251176,0.17509852693556577
2250,0.2603,3,29,3,153951,451659,12081,95875,4.183732261291637,0.17510328125741964
2251,0.2604,4,28,4,153979,451631,12085,95871,4.183472896365186,0.17510620965768162
2252,0.2605,8,119,8,154098,451512,12093,95863,4.182370595427767,0.17513222196848596
2253,0.2606,14,151,14,154249,451361,12107,95849,4.1809718774315465,0.17515944518557774
2254,0.2607,8,77,8,154326,451284,12115,95841,4.180258623883804,0.1751720356408499
2255,0.2608,1,20,1,154346,451264,12116,95840,4.1800733632220535,0.17517693162543135
2256,0.2609,5,106,5,154452,451158,12121,95835,4.179091481714773,0.17520333898240015
2257,0.261,7,17,7,154469,451141,12128,95828,4.178934010152284,0.17519822878444666
2258,0.2611,3,36,3,154505,451105,12131,95825,4.178600540961132,0.17520523650192896
2259,0.2612,3,47,3,154552,451058,12134,95822,4.178165178406017,0.17521576945582212
2260,0.2613,1,24,1,154576,451034,12135,95821,4.177942865611916,0.17522195097420706
2261,0.2614,12,50,12,154626,450984,12147,95809,4.177479713957538,0.1752198729683811
2262,0.2615,4,135,4,154761,450849,12151,95805,4.176229204490719,0.1752571096159545
2263,0.2616,6,50,6,154811,450799,12157,95799,4.175766052836341,0.17526408805008434
2264,0.2617,11,95,11,154906,450704,12168,95788,4.174886064693023,0.17527795466356325
2265,0.2618,13,116,13,155022,450588,12181,95775,4.1738115528548665,0.1752955452693539
2266,0.2619,9,94,9,155116,450494,12190,95766,4.172940827744637,0.17531212243254127
2267,0.262,7,162,7,155278,450332,12197,95759,4.171440216384453,0.1753535582897356
2268,0.2621,5,73,5,155351,450259,12202,95754,4.170764014969062,0.17536945091050946
2269,0.2622,0,18,0,155369,450241,12202,95754,4.170597280373485,0.17537523237392283
2270,0.2623,11,53,11,155422,450188,12213,95743,4.170106339619845,0.17537564270942665
2271,0.2624,9,88,9,155510,450100,12222,95734,4.16929119270814,0.17539032013396014
2272,0.2625,18,118,18,155628,449982,12240,95716,4.168198154803809,0.17540104599980208
2273,0.2626,6,63,6,155691,449919,12246,95710,4.167614583719293,0.17541223065489553
2274,0.2627,9,61,9,155752,449858,12255,95701,4.167049538700952,0.17541824074023157
2275,0.2628,13,88,13,155840,449770,12268,95688,4.1662343917892475,0.17542688896303657
2276,0.2629,8,63,8,155903,449707,12276,95680,4.165650820704731,0.17543505804135412
2277,0.263,1,53,1,155956,449654,12277,95679,4.165159879951092,0.17545059624119574
2278,0.2631,7,86,7,156042,449568,12284,95672,4.164363259105562,0.17546768395568924
2279,0.2632,6,38,6,156080,449530,12290,95666,4.164011263848234,0.1754708398447531
2280,0.2633,5,101,5,156181,449429,12295,95661,4.163075697506391,0.17549578968610688
2281,0.2634,10,117,10,156298,449312,12305,95651,4.161991922635147,0.17551833794220892
2282,0.2635,2,14,2,156312,449298,12307,95649,4.161862240171922,0.17551982119362067
2283,0.2636,8,82,8,156394,449216,12315,95641,4.1611026714587425,0.17553413097381515
2284,0.2637,12,76,12,156470,449140,12327,95629,4.1603986809440885,0.17554045843284033
2285,0.2638,10,51,10,156521,449089,12337,95619,4.159926266256623,0.17554175815299206
2286,0.2639,8,39,8,156560,449050,12345,95611,4.159565007966209,0.17554221800349207
2287,0.264,11,59,11,156619,448991,12356,95600,4.159018489014043,0.17554458299898457
2288,0.2641,7,113,7,156732,448878,12363,95593,4.157971766275149,0.1755704160552169
2289,0.2642,4,21,4,156753,448857,12367,95589,4.157777242580311,0.17557113102125832
2290,0.2643,13,161,13,156914,448696,12380,95576,4.156285894253214,0.17560337478319663
2291,0.2644,11,119,11,157033,448577,12391,95565,4.155183593315796,0.17562511256252963
2292,0.2645,3,59,3,157092,448518,12394,95562,4.15463707436363,0.17563961182179091
2293,0.2646,8,72,8,157164,448446,12402,95554,4.153970135981326,0.17565073529411765
2294,0.2647,10,219,10,157383,448227,12412,95544,4.151941531735152,0.17570631754911534
2295,0.2648,10,147,10,157530,448080,12422,95534,4.150579865871281,0.1757386675104026
2296,0.2649,1,29,1,157559,448051,12423,95533,4.150311237911742,0.1757465267557544
2297,0.265,19,178,19,157737,447873,12442,95514,4.148662418022157,0.17577527618437688
2298,0.2651,4,55,4,157792,447818,12446,95510,4.148152951202341,0.17578700159019967
2299,0.2652,6,40,6,157832,447778,12452,95504,4.1477824298788395,0.17579084158871452
2300,0.2653,5,61,5,157893,447717,12457,95499,4.1472173848604985,0.17580299549350534
2301,0.2654,5,40,5,157933,447677,12462,95494,4.146846863536997,0.17580835501158934
2302,0.2655,9,110,9,158043,447567,12471,95485,4.145827929897366,0.17583030722656393
2303,0.2656,7,152,7,158195,447415,12478,95478,4.144419948868057,0.1758689097114901
2304,0.2657,6,65,6,158260,447350,12484,95472,4.143817851717366,0.1758808596556514
2305,0.2658,2,37,2,158297,447313,12486,95470,4.143475119493127,0.17588981231910358
2306,0.2659,2,20,2,158317,447293,12488,95468,4.143289858831376,0.17589325688470617
2307,0.266,1,38,1,158355,447255,12489,95467,4.142937863574049,0.17590405400923492
2308,0.2661,10,211,10,158566,447044,12499,95457,4.140983363592575,0.17595727934142058
2309,0.2662,14,167,14,158733,446877,12513,95443,4.139436437066953,0.17599019029355362
2310,0.2663,1,7,1,158740,446870,12514,95442,4.139371595835341,0.17599094248329375
2311,0.2664,6,93,6,158833,446777,12520,95436,4.1385101337581975,0.1760120100403347
2312,0.2665,4,35,4,158868,446742,12524,95432,4.138185927600134,0.17601729334125207
2313,0.2666,0,7,0,158875,446735,12524,95432,4.13812108636852,0.17601956592710363
2314,0.2667,123,935,123,159810,445800,12647,95309,4.129460150431657,0.17613641613796852
2315,0.2668,5,62,5,159872,445738,12652,95304,4.128885842380229,0.17614898658514497
2316,0.2669,4,128,4,160000,445610,12656,95300,4.127700174145022,0.17618457784104566
2317,0.267,6,66,6,160066,445544,12662,95294,4.127088813961244,0.17619693882456483
2318,0.2671,2,57,2,160123,445487,12664,95292,4.126560821075253,0.17621246387156306
2319,0.2672,0,34,0,160157,445453,12664,95292,4.126245877950276,0.17622354344469204
2320,0.2673,2,31,2,160188,445422,12666,95290,4.125958723924562,0.17623059965378982
2321,0.2674,9,94,9,160282,445328,12675,95281,4.125087998814331,0.17624752825054707
2322,0.2675,4,38,4,160320,445290,12679,95277,4.124736003557005,0.17625382237539472
2323,0.2676,3,51,3,160371,445239,12682,95274,4.12426358886954,0.17626588074662405
2324,0.2677,1,24,1,160395,445215,12683,95273,4.124041276075438,0.17627218365625139
2325,0.2678,4,81,4,160476,445134,12687,95269,4.123290970395346,0.17629250762856608
2326,0.2679,4,58,4,160534,445076,12691,95265,4.122753714476268,0.17630533311371893
2327,0.268,3,22,3,160556,445054,12694,95262,4.1225499277483415,0.17630793831757713
2328,0.2681,3,16,3,160572,445038,12697,95259,4.122401719218941,0.17630858583334721
2329,0.2682,20,196,20,160768,444842,12717,95239,4.120586164733781,0.17634206720843726
2330,0.2683,12,157,12,160925,444685,12729,95227,4.119131868539035,0.17637503889522738
2331,0.2684,3,54,3,160979,444631,12732,95224,4.118631664752306,0.17638810421316836
2332,0.2685,6,86,6,161065,444545,12738,95218,4.117835043906777,0.17640705272499227
2333,0.2686,5,41,5,161106,444504,12743,95213,4.117455259550187,0.17641282375763595
2334,0.2687,8,79,8,161185,444425,12751,95205,4.116723479936271,0.17642644033875063
2335,0.2688,6,77,6,161262,444348,12757,95199,4.1160102263885285,0.1764424600637201
2336,0.2689,7,86,7,161348,444262,12764,95192,4.115213605542999,0.1764599020491089
2337,0.269,12,103,12,161451,444159,12776,95180,4.114259513134981,0.17647527807186203
2338,0.2691,0,2,0,161453,444157,12776,95180,4.114240987068806,0.17647593248748
2339,0.2692,7,71,7,161524,444086,12783,95173,4.113583311719589,0.17648847770737253
2340,0.2693,15,80,15,161604,444006,12798,95158,4.112842269072585,0.17649175390048297
2341,0.2694,4,25,4,161629,443981,12802,95154,4.112610693245396,0.1764938280764558
2342,0.2695,5,109,5,161738,443872,12807,95149,4.111601022638853,0.17652187948150444
2343,0.2696,5,100,5,161838,443772,12812,95144,4.110674719330097,0.17654699433677976
2344,0.2697,4,64,4,161902,443708,12816,95140,4.110081885212494,0.1765618504661797
2345,0.2698,6,55,6,161957,443653,12822,95134,4.109572418392679,0.1765707041929371
2346,0.2699,5,79,5,162036,443574,12827,95129,4.108840638778762,0.17658895532417676
2347,0.27,22,267,22,162303,443307,12849,95107,4.106367408944385,0.17664288075718684
2348,0.2701,1,32,1,162335,443275,12850,95106,4.106070991885583,0.17665185064108874
2349,0.2702,10,110,10,162445,443165,12860,95096,4.105052058245952,0.17667265508740185
2350,0.2703,3,82,3,162527,443083,12863,95093,4.104292489532773,0.1766949845403734
2351,0.2704,4,41,4,162568,443042,12867,95089,4.103912705176183,0.17670232712852446
2352,0.2705,2,74,2,162642,442968,12869,95087,4.103227240727704,0.1767235691518525
2353,0.2706,10,109,10,162751,442859,12879,95077,4.1022175701211605,0.1767440736444484
2354,0.2707,6,33,6,162784,442826,12885,95071,4.101911890029271,0.17674573384867362
2355,0.2708,10,89,10,162873,442737,12895,95061,4.1010874800844785,0.1767596755659188
2356,0.2709,2,22,2,162895,442715,12897,95059,4.100883693356552,0.17676384503527504
2357,0.271,10,149,10,163044,442566,12907,95049,4.099503501426507,0.1767975223905583
2358,0.2711,8,95,8,163139,442471,12915,95041,4.098623513283189,0.1768165175847237
2359,0.2712,3,38,3,163177,442433,12918,95038,4.098271518025863,0.17682442401543524
2360,0.2713,1,33,1,163210,442400,12919,95037,4.097965837933973,0.17683374981625755
2361,0.2714,18,181,18,163391,442219,12937,95019,4.096289228945126,0.1768657466523217
2362,0.2715,15,90,15,163481,442129,12952,95004,4.095455555967246,0.1768723947327757
2363,0.2716,8,66,8,163547,442063,12960,94996,4.094844195783467,0.1768818695897471
2364,0.2717,22,110,22,163657,441953,12982,94974,4.093825262143836,0.17688438093074105
2365,0.2718,10,119,10,163776,441834,12992,94964,4.092722961206418,0.1769082597178082
2366,0.2719,1,25,1,163801,441809,12993,94963,4.092491385379229,0.17691496575827353
2367,0.272,2,42,2,163843,441767,12995,94961,4.092102337989552,0.1769257426480452
2368,0.2721,3,34,3,163877,441733,12998,94958,4.091787394864575,0.17693235027231685
2369,0.2722,3,26,3,163903,441707,13001,94955,4.091546556004298,0.17693632118540162
2370,0.2723,2,23,2,163926,441684,13003,94953,4.091333506243284,0.1769408371021752
2371,0.2724,0,16,0,163942,441668,13003,94953,4.091185297713883,0.1769461128058723
2372,0.2725,6,93,6,164035,441575,13009,94947,4.090323835636741,0.17696758008059316
2373,0.2726,4,41,4,164076,441534,13013,94943,4.089944051280151,0.17697496817198127
2374,0.2727,0,31,0,164107,441503,13013,94943,4.089656897254437,0.17698519515477792
2375,0.2728,3,25,3,164132,441478,13016,94940,4.089425321427248,0.17698884079206886
2376,0.2729,4,49,4,164181,441429,13020,94936,4.088971432805958,0.176998872036766
2377,0.273,6,69,6,164250,441360,13026,94930,4.0883322835229166,0.17701243730071417
2378,0.2731,7,58,7,164308,441302,13033,94923,4.087795027603838,0.1770208401324071
2379,0.2732,11,79,11,164387,441223,13044,94912,4.087063247989922,0.177030039075979
2380,0.2733,38,262,38,164649,440961,13082,94874,4.084636333320983,0.17705823621077385
2381,0.2734,2,24,2,164673,440937,13084,94872,4.084414020526881,0.17706309524476072
2382,0.2735,4,43,4,164716,440894,13088,94868,4.084015710104117,0.17707116219515381
2383,0.2736,14,98,14,164814,440796,13102,94854,4.0831079328615365,0.17708204984598153
2384,0.2737,4,38,4,164852,440758,13106,94850,4.082755937604209,0.1770884676853221
2385,0.2738,12,113,12,164965,440645,13118,94838,4.081709214865316,0.17710739649998225
2386,0.2739,5,42,5,165007,440603,13123,94833,4.0813201674756385,0.17711360461381007
2387,0.274,7,76,7,165083,440527,13130,94826,4.080616176960984,0.17712798844874317
2388,0.2741,2,36,2,165119,440491,13132,94824,4.0802827077698325,0.17713682598096447
2389,0.2742,11,199,11,165318,440292,13143,94813,4.078439364185409,0.17718578596724008
2390,0.2743,12,116,12,165434,440176,13155,94801,4.0773648523472525,0.17720574903220138
2391,0.2744,3,88,3,165522,440088,13158,94798,4.076549705435548,0.17723028832311932
2392,0.2745,4,44,4,165566,440044,13162,94794,4.0761421319796955,0.17723871527453172
2393,0.2746,2,27,2,165593,440017,13164,94792,4.075892030086331,0.17724458638504587
2394,0.2747,14,188,14,165781,439829,13178,94778,4.074150579865871,0.17728537037487352
2395,0.2748,11,97,11,165878,439732,13189,94767,4.073252065656378,0.1773006123491344
2396,0.2749,1,46,1,165924,439686,13190,94766,4.072825966134351,0.17731433318614206
2397,0.275,87,575,87,166499,439111,13277,94679,4.067499722109007,0.17737125086644562
2398,0.2751,7,47,7,166546,439064,13284,94672,4.067064359553893,0.1773760810588006
2399,0.2752,7,83,7,166629,438981,13291,94665,4.066295527807625,0.17739287842502333
2400,0.2754,6,54,6,166683,438927,13297,94659,4.065795324020898,0.17740158100100079
2401,0.2755,13,76,13,166759,438851,13310,94646,4.065091333506243,0.17740680828570732
2402,0.2756,7,48,7,166807,438803,13317,94639,4.06464670791804,0.17741197730962316
2403,0.2757,21,129,21,166936,438674,13338,94618,4.063451776649746,0.1774225002437689
2404,0.2758,14,124,14,167060,438550,13352,94604,4.06230316054689,0.17744216492795703
2405,0.2759,9,33,9,167093,438517,13361,94595,4.061997480455,0.17743926229385196
2406,0.276,8,116,8,167209,438401,13369,94587,4.060922968616844,0.17746553393322176
2407,0.2761,1,49,1,167258,438352,13370,94586,4.060469079995554,0.17748030727776964
2408,0.2762,12,175,12,167433,438177,13382,94574,4.058848049205232,0.1775200797370629
2409,0.2763,7,86,7,167519,438091,13389,94567,4.058051428359702,0.17753793240691024
2410,0.2764,2,37,2,167556,438054,13391,94565,4.057708696135463,0.17754717725052993
2411,0.2765,9,140,9,167696,437914,13400,94556,4.056411871503205,0.17757995755629424
2412,0.2766,11,101,11,167797,437813,13411,94545,4.055476305161362,0.17759665488261658
2413,0.2767,18,152,18,167949,437661,13429,94527,4.054068324132054,0.17761956301156734
2414,0.2768,1,12,1,167961,437649,13430,94526,4.053957167735003,0.17762202283083572
2415,0.2769,8,188,8,168149,437461,13438,94518,4.052215717514543,0.1776724269191077
2416,0.277,1,16,1,168165,437445,13439,94517,4.052067508985142,0.17767622499351457
2417,0.2771,4,30,4,168195,437415,13443,94513,4.051789617992515,0.1776800619632732
2418,0.2772,7,80,7,168275,437335,13450,94506,4.051048575345511,0.17769596552353054
2419,0.2773,2,12,2,168287,437323,13452,94504,4.05093741894846,0.17769688263288627
2420,0.2774,9,54,9,168341,437269,13461,94495,4.0504372151617325,0.17770101022257995
2421,0.2775,5,57,5,168398,437212,13466,94490,4.049909222275742,0.1777123275819914
2422,0.2776,11,50,11,168448,437162,13477,94479,4.049446070621364,0.17771202747718856
2423,0.2777,11,138,11,168586,437024,13488,94468,4.048167772055282,0.1777411513249494
2424,0.2778,12,77,12,168663,436947,13500,94456,4.04745451850754,0.17774833789045225
2425,0.2779,12,79,12,168742,436868,13512,94444,4.0467227388936235,0.17775619598277473
2426,0.278,2,54,2,168796,436814,13514,94442,4.046222535106895,0.17777116870209467
2427,0.2781,2,30,2,168826,436784,13516,94440,4.045944644114269,0.17777811243467917
2428,0.2782,4,39,4,168865,436745,13520,94436,4.045583385823854,0.1777849734836148
2429,0.2783,12,103,12,168968,436642,13532,94424,4.044629293415836,0.1778008759739844
2430,0.2784,9,133,9,169101,436509,13541,94415,4.043397310015191,0.17783147870505006
2431,0.2785,3,83,3,169184,436426,13544,94412,4.042628478268925,0.1778546373846635
2432,0.2786,10,75,10,169259,436351,13554,94402,4.041933750787358,0.177864279617826
2433,0.2787,3,22,3,169281,436329,13557,94399,4.0417299640594315,0.17786700532099306
2434,0.2788,1,12,1,169293,436317,13558,94398,4.041618807662381,0.1778694779684011
2435,0.2789,14,146,14,169439,436171,13572,94384,4.040266404831598,0.17789673078191706
2436,0.279,8,119,8,169558,436052,13580,94376,4.039164103894179,0.17792424230998363
2437,0.2791,2,30,2,169588,436022,13582,94374,4.038886212901552,0.1779312061176932
2438,0.2792,18,148,18,169736,435874,13600,94356,4.037515284004594,0.17795296380815873
2439,0.2793,1,31,1,169767,435843,13601,94355,4.03722812997888,0.17796181803778965
2440,0.2794,11,24,11,169791,435819,13612,94344,4.037005817184779,0.17795281828418807
2441,0.2795,0,25,0,169816,435794,13612,94344,4.03677424135759,0.1779612101000117
2442,0.2797,5,31,5,169847,435763,13617,94339,4.036487087331876,0.17796386355833405
2443,0.2798,7,78,7,169925,435685,13624,94332,4.035764570751047,0.17797919689368455
2444,0.2799,4,39,4,169964,435646,13628,94328,4.035403312460632,0.17798608988365466
2445,0.28,36,313,36,170277,435333,13664,94292,4.0325039831042275,0.1780354024073637
2446,0.2801,1,20,1,170297,435313,13665,94291,4.032318722442477,0.17804057371167892
2447,0.2802,7,30,7,170327,435283,13672,94284,4.03204083144985,0.17803979477573187
2448,0.2803,4,40,4,170367,435243,13676,94280,4.031670310126348,0.17804703478413592
2449,0.2804,6,41,6,170408,435202,13682,94274,4.031290525769758,0.17805150752819768
2450,0.2805,4,43,4,170451,435159,13686,94270,4.030892215346993,0.1780597587211883
2451,0.2806,7,61,7,170512,435098,13693,94263,4.030327170328652,0.1780694082110318
2452,0.2807,3,32,3,170544,435066,13696,94260,4.030030753269851,0.17807551490008047
2453,0.2808,4,32,4,170576,435034,13700,94256,4.029734336211049,0.17808006952710234
2454,0.2809,0,6,0,170582,435028,13700,94256,4.0296787580125235,0.17808208825507668
2455,0.281,5,51,5,170633,434977,13705,94251,4.0292063433250584,0.17809148419962662
2456,0.2811,5,113,5,170746,434864,13710,94246,4.028159620586165,0.178121751620646
2457,0.2812,4,32,4,170778,434832,13714,94242,4.027863203527363,0.17812631125324624
2458,0.2813,10,86,10,170864,434746,13724,94232,4.027066582681833,0.17813973359950697
2459,0.2814,5,90,5,170954,434656,13729,94227,4.026232909703953,0.17816227785729546
2460,0.2815,2,31,2,170985,434625,13731,94225,4.025945755678239,0.17816961331190317
2461,0.2816,4,41,4,171026,434584,13735,94221,4.025565971321649,0.17817721088113767
2462,0.2817,12,136,12,171162,434448,13747,94209,4.024306198821742,0.1782043933968528
2463,0.2818,10,86,10,171248,434362,13757,94199,4.0235095779762124,0.17821784051415068
2464,0.2819,9,53,9,171301,434309,13766,94190,4.023018637222572,0.17822171848953355
2465,0.282,6,36,6,171337,434273,13772,94184,4.02268516803142,0.1782245291480669
2466,0.2821,6,57,6,171394,434216,13778,94178,4.02215717514543,0.17823442355515012
2467,0.2822,3,12,3,171406,434204,13781,94175,4.022046018748379,0.17823380565843835
2468,0.2823,4,38,4,171444,434166,13785,94171,4.021694023491052,0.17824040337890398
2469,0.2824,5,70,5,171514,434096,13790,94166,4.021045611174923,0.1782562440607123
2470,0.2825,24,246,24,171760,433850,13814,94142,4.018766905035385,0.17830194396884802
2471,0.2826,8,60,8,171820,433790,13822,94134,4.018211123050132,0.17830975670740484
2472,0.2827,6,73,6,171893,433717,13828,94128,4.0175349216347405,0.17832507649025756
2473,0.2828,6,12,6,171905,433705,13834,94122,4.017423765237689,0.17831979038586507
2474,0.2829,7,48,7,171953,433657,13841,94115,4.016979139649487,0.17832511008541568
2475,0.283,2,28,2,171981,433629,13843,94113,4.016719774723035,0.17833145741669224
2476,0.2831,6,30,6,172011,433599,13849,94107,4.016441883730408,0.17833225318643336
2477,0.2832,0,12,0,172023,433587,13849,94107,4.016330727333358,0.17833630854245075
2478,0.2833,84,551,84,172574,433036,13933,94023,4.0112267961021155,0.17839179294917648
2479,0.2834,7,126,7,172700,432910,13940,94016,4.010059653933084,0.17842353575264838
2480,0.2835,3,18,3,172718,432892,13943,94013,4.009892919337508,0.17842495326482002
2481,0.2836,4,43,4,172761,432849,13947,94009,4.009494608914743,0.17843327803696632
2482,0.2837,4,15,4,172776,432834,13951,94005,4.00935566341843,0.17843212062888283
2483,0.2838,7,35,7,172811,432799,13958,93998,4.009031457260365,0.1784330586544722
2484,0.2839,11,141,11,172952,432658,13969,93987,4.00772536959502,0.1784636709738059
2485,0.284,30,318,30,173270,432340,13999,93957,4.004779725073178,0.1785246733308379
2486,0.2841,5,72,5,173342,432268,14004,93952,4.004112786690874,0.17854129451560183
2487,0.2842,15,107,15,173449,432161,14019,93937,4.003121642150505,0.17855418572205178
2488,0.2843,9,77,9,173526,432084,14028,93928,4.002408388602764,0.17856626845014942
2489,0.2844,4,47,4,173573,432037,14032,93924,4.001973026047649,0.17857597806681483
2490,0.2845,15,110,15,173683,431927,14047,93909,4.000954092408018,0.1785899025551693
2491,0.2846,4,47,4,173730,431880,14051,93905,4.000518729852903,0.17859961771446503
2492,0.2847,9,131,9,173861,431749,14060,93896,3.9993052725184333,0.17863006401658915
2493,0.2848,16,102,16,173963,431647,14076,93880,3.9983604431435027,0.1786397273593935
2494,0.2849,7,39,7,174002,431608,14083,93873,3.9979991848530885,0.1786420441462203
2495,0.285,21,136,21,174138,431472,14104,93852,3.9967394123531808,0.17865545834570665
2496,0.2851,5,60,5,174198,431412,14109,93847,3.9961836303679275,0.17866804757272126
2497,0.2852,8,133,8,174331,431279,14117,93839,3.9949516469672828,0.17870078725162725
2498,0.2853,6,97,6,174428,431182,14123,93833,3.99405313275779,0.17872441739759817
2499,0.2854,8,82,8,174510,431100,14131,93825,3.9932935640446106,0.17873981997428204
2500,0.2855,7,89,7,174599,431011,14138,93818,3.9924691540998185,0.1787591767985382
2501,0.2856,0,8,0,174607,431003,14138,93818,3.992395049835118,0.17876190167695272
2502,0.2857,17,91,17,174698,430912,14155,93801,3.9915521138241505,0.1787662970042671
2503,0.2858,7,34,7,174732,430878,14162,93794,3.991237170699174,0.17876692485972187
2504,0.2859,6,56,6,174788,430822,14168,93788,3.990718440846271,0.17877661500924497
2505,0.286,3,86,3,174874,430736,14171,93785,3.989921820000741,0.17880123007467766
2506,0.2861,14,180,14,175054,430556,14185,93771,3.9882544740449815,0.1788406852975338
2507,0.2862,8,137,8,175191,430419,14193,93763,3.9869854385119865,0.1788748945976779
2508,0.2863,7,94,7,175285,430325,14200,93756,3.9861147134017565,0.1788960103495452
2509,0.2864,3,15,3,175300,430310,14203,93753,3.985975767905443,0.17889643039100261
2510,0.2865,17,88,17,175388,430222,14220,93736,3.9851606209937382,0.17889983548299673
2511,0.2866,1,11,1,175399,430211,14221,93735,3.985058727629775,0.1789020242544079
2512,0.2867,27,267,27,175666,429944,14248,93708,3.982585497795398,0.17895090632710273
2513,0.2868,10,79,10,175745,429865,14258,93698,3.9818537181814815,0.17896222613133472
2514,0.2869,4,76,4,175821,429789,14262,93694,3.981149727666827,0.17898193446587568
2515,0.287,2,66,2,175887,429723,14264,93692,3.9805383674830486,0.1790013660288681
2516,0.2871,8,44,8,175931,429679,14272,93684,3.9801307940271964,0.17900386538597493
2517,0.2872,5,30,5,175961,429649,14277,93679,3.9798529030345695,0.179006282866577
2518,0.2873,5,73,5,176034,429576,14282,93674,3.979176701619178,0.17902341137123745
2519,0.2874,2,75,2,176109,429501,14284,93672,3.9784819741376114,0.17904593700362978
2520,0.2875,10,113,10,176222,429388,14294,93662,3.977435251398718,0.1790689226651372
2521,0.2876,8,30,8,176252,429358,14302,93654,3.9771573604060912,0.17906663709436876
2522,0.2877,1,16,1,176268,429342,14303,93653,3.9770091518766906,0.1790705456075106
2523,0.2878,13,52,13,176320,429290,14316,93640,3.976527474156138,0.17906794408429427
2524,0.2879,4,38,4,176358,429252,14320,93636,3.976175478898811,0.17907467756001286
2525,0.288,2,21,2,176379,429231,14322,93634,3.9759809552039718,0.1790787296912205
2526,0.2881,11,57,11,176436,429174,14333,93623,3.9754529623179815,0.17908098171948195
2527,0.2882,2,18,2,176454,429156,14335,93621,3.9752862277224055,0.17908400713879916
2528,0.2883,17,76,17,176530,429080,14352,93604,3.9745822372077515,0.17908334672574633
2529,0.2884,4,55,4,176585,429025,14356,93600,3.9740727703879357,0.1790959100693614
2530,0.2885,4,36,4,176621,428989,14360,93596,3.973739301196784,0.17910196427375452
2531,0.2886,11,130,11,176751,428859,14371,93585,3.972535106895402,0.17912924638812963
2532,0.2887,5,110,5,176861,428749,14376,93580,3.971516173255771,0.17915911236021742
2533,0.2888,6,85,6,176946,428664,14382,93574,3.9707288154433287,0.17917884183073618
2534,0.2889,12,59,12,177005,428605,14394,93562,3.970182296491163,0.17918022395134123
2535,0.289,6,51,6,177056,428554,14400,93556,3.969709881803698,0.17918829365459385
2536,0.2891,4,17,4,177073,428537,14404,93552,3.969552410241209,0.179187839621214
2537,0.2892,4,49,4,177122,428488,14408,93548,3.969098521619919,0.17919836946110995
2538,0.2893,5,34,5,177156,428454,14413,93543,3.9687835784949423,0.17920217932286966
2539,0.2894,5,42,5,177198,428412,14418,93538,3.968394531105265,0.17920873646901045
2540,0.2895,8,118,8,177316,428294,14426,93530,3.967301493200934,0.17923667750045993
2541,0.2896,0,34,0,177350,428260,14426,93530,3.9669865500759567,0.17924835661856303
2542,0.2897,2,37,2,177387,428223,14428,93528,3.9666438178517174,0.17925792188227718
2543,0.2898,9,61,9,177448,428162,14437,93519,3.9660787728333764,0.17926472307789626
2544,0.2899,6,39,6,177487,428123,14443,93513,3.9657175145429617,0.17926868544348934
2545,0.29,29,214,29,177701,427909,14472,93484,3.9637352254622256,0.17929661502935407
2546,0.2901,7,77,7,177778,427832,14479,93477,3.9630219719144835,0.17931207786552697
2547,0.2902,5,60,5,177838,427772,14484,93472,3.9624661899292306,0.1793248459454689
2548,0.2903,5,52,5,177890,427720,14489,93467,3.9619845122086774,0.1793348644536414
2549,0.2904,0,3,0,177893,427717,14489,93467,3.961956723109415,0.17933589672745134
2550,0.2905,6,68,6,177961,427649,14495,93461,3.9613268368594614,0.17934984936001996
2551,0.2906,4,40,4,178001,427609,14499,93457,3.960956315535959,0.17935731749912678
2552,0.2907,5,83,5,178084,427526,14504,93452,3.960187483789692,0.1793780159622863
2553,0.2908,7,53,7,178137,427473,14511,93445,3.959696543036052,0.17938523913552612
2554,0.2909,5,47,5,178184,427426,14516,93440,3.9592611804809366,0.17939354843664204
2555,0.291,13,93,13,178277,427333,14529,93427,3.9583997184037942,0.1794051002381135
2556,0.2911,6,48,6,178325,427285,14535,93421,3.9579550928155913,0.17941218269042417
2557,0.2912,7,38,7,178363,427247,14542,93414,3.9576030975582643,0.17941424458524838
2558,0.2913,2,23,2,178386,427224,14544,93412,3.957390047797251,0.17941901827764503
2559,0.2914,5,62,5,178448,427162,14549,93407,3.9568157397458226,0.17943250558523463
2560,0.2915,7,57,7,178505,427105,14556,93400,3.956287746859832,0.17944111968184745
2561,0.2916,2,42,2,178547,427063,14558,93398,3.9558986994701546,0.17945244696528653
2562,0.2917,40,281,40,178828,426782,14598,93358,3.953295787172552,0.1794862921521129
2563,0.2918,12,116,12,178944,426666,14610,93346,3.9522212753343955,0.17950739598316962
2564,0.2919,9,83,9,179027,426583,14619,93337,3.9514524435881286,0.17952184951531006
2565,0.292,5,57,5,179084,426526,14624,93332,3.950924450702138,0.17953364187912854
2566,0.2921,4,65,4,179149,426461,14628,93328,3.9503223535514467,0.17954977885257287
2567,0.2922,10,81,10,179230,426380,14638,93318,3.949572047871355,0.17956197637858912
2568,0.2923,5,25,5,179255,426355,14643,93313,3.9493404720441663,0.17956272081405822
2569,0.2924,8,66,8,179321,426289,14651,93305,3.9487291118603878,0.17957289730058468
2570,0.2925,2,23,2,179344,426266,14653,93303,3.948516062099374,0.17957768843021812
2571,0.2926,6,38,6,179382,426228,14659,93297,3.948164066842047,0.17958134834704778
2572,0.2927,5,48,5,179430,426180,14664,93292,3.9477194412538443,0.17959004527674255
2573,0.2928,11,85,11,179515,426095,14675,93281,3.946932083441402,0.17960206093466005
2574,0.2929,12,71,12,179586,426024,14687,93269,3.9462744080921857,0.1796076588746623
2575,0.293,1,7,1,179593,426017,14688,93268,3.946209566860573,0.17960850014924368
2576,0.2931,5,47,5,179640,425970,14693,93263,3.945774204305458,0.1796168579423881
2577,0.2932,3,32,3,179672,425938,14696,93260,3.945477787246656,0.17962318807083233
2578,0.2933,33,179,33,179851,425759,14729,93227,3.943819704323984,0.17963297661208588
2579,0.2934,5,64,5,179915,425695,14734,93222,3.9432268702063804,0.17964722682047418
2580,0.2935,14,85,14,180000,425610,14748,93208,3.942439512393938,0.17965452239513663
2581,0.2936,2,61,2,180061,425549,14750,93206,3.9418744673755977,0.1796724850844811
2582,0.2937,11,59,11,180120,425490,14761,93195,3.9413279484234316,0.179675525608028
2583,0.2938,11,71,11,180191,425419,14772,93184,3.9406702730742156,0.17968272455037862
2584,0.2939,12,110,12,180301,425309,14784,93172,3.9396513394345845,0.17970185985600243
2585,0.294,1,6,1,180307,425303,14785,93171,3.9395957612360593,0.17970235730239126
2586,0.2941,3,41,3,180348,425262,14788,93168,3.9392159768794692,0.1797118222325097
2587,0.2942,4,39,4,180387,425223,14792,93164,3.938854718589055,0.1797190130153727
2588,0.2943,6,84,6,180471,425139,14798,93158,3.9380766238097,0.17973864405929418
2589,0.2944,5,60,5,180531,425079,14803,93153,3.937520841824447,0.1797515398508776
2590,0.2945,3,48,3,180579,425031,14806,93150,3.9370762162362443,0.1797634417317501
2591,0.2946,9,167,9,180746,424864,14815,93141,3.935529289710623,0.1798071447186803
2592,0.2947,12,104,12,180850,424760,14827,93129,3.9345659342695174,0.17982424805315425
2593,0.2948,3,52,3,180902,424708,14830,93126,3.934084256548964,0.17983755411965996
2594,0.2949,8,88,8,180990,424620,14838,93118,3.93326910963726,0.17985544812240942
2595,0.295,18,172,18,181162,424448,14856,93100,3.9316758679462005,0.17988669649964834
2596,0.2951,12,69,12,181231,424379,14868,93088,3.931036718663159,0.1798916645892395
2597,0.2952,9,89,9,181320,424290,14877,93079,3.930212308718367,0.1799083439479366
2598,0.2953,1,19,1,181339,424271,14878,93078,3.930036311089703,0.17991336602564226
2599,0.2954,3,29,3,181368,424242,14881,93075,3.929767683130164,0.17991869588666137
2600,0.2955,11,79,11,181447,424163,14892,93064,3.9290359035162474,0.17992873535217613
2601,0.2956,22,213,22,181660,423950,14914,93042,3.9270628774685985,0.1799679685565734
2602,0.2957,9,141,9,181801,423809,14923,93033,3.9257567898032533,0.18000278615128026
2603,0.2958,7,53,7,181854,423756,14930,93026,3.925265849049613,0.1800101396720474
2604,0.2959,15,75,15,181929,423681,14945,93011,3.924571121568046,0.18001246390499562
2605,0.296,11,127,11,182056,423554,14956,93000,3.923394716365927,0.18003926017415411
2606,0.2962,5,68,5,182124,423486,14961,92995,3.922764830115973,0.1800550262255533
2607,0.2963,1,43,1,182167,423443,14962,92994,3.9223665196932083,0.1800684304184247
2608,0.2964,7,41,7,182208,423402,14969,92987,3.9219867353366187,0.18007161267958846
2609,0.2965,2,25,2,182233,423377,14971,92985,3.9217551595094298,0.1800771551740833
2610,0.2966,16,181,16,182414,423196,14987,92969,3.9200785505205826,0.18011488574389972
2611,0.2967,29,142,29,182556,423054,15016,92940,3.9187631998221497,0.18011837346945894
2612,0.2968,3,36,3,182592,423018,15019,92937,3.9184297306309976,0.18012617379422624
2613,0.2969,21,164,21,182756,422854,15040,92916,3.916910593204639,0.18015006689028054
2614,0.297,3,35,3,182791,422819,15043,92913,3.9165863870465745,0.18015752367508706
2615,0.2971,7,101,7,182892,422718,15050,92906,3.9156508207047316,0.1801816827765969
2616,0.2972,7,129,7,183021,422589,15057,92899,3.914455889436437,0.180215640325284
2617,0.2973,5,53,5,183074,422536,15062,92894,3.9139649486827968,0.18022621888520265
2618,0.2974,11,177,11,183251,422359,15073,92883,3.9123253918262995,0.18027063011167568
2619,0.2975,5,54,5,183305,422305,15078,92878,3.911825188039572,0.18028156984993682
2620,0.2976,11,78,11,183383,422227,15089,92867,3.9111026714587425,0.18029136429467243
2621,0.2977,9,60,9,183443,422167,15098,92858,3.910546889473489,0.18029804378428232
2622,0.2978,1,26,1,183469,422141,15099,92857,3.9103060506132126,0.180305554584678
2623,0.2979,19,109,19,183578,422032,15118,92838,3.9092963800066696,0.1803134771884165
2624,0.298,5,74,5,183652,421958,15123,92833,3.9086109155581905,0.18033143547575617
2625,0.2981,6,59,6,183711,421899,15129,92827,3.908064396606025,0.18034255118257092
2626,0.2982,5,54,5,183765,421845,15134,92822,3.907564192819297,0.18035351013373696
2627,0.2983,25,186,25,183951,421659,15159,92797,3.9058412686650117,0.18037888565785995
2628,0.2984,2,74,2,184025,421585,15161,92795,3.9051558042165326,0.180401648586648
2629,0.2985,6,35,6,184060,421550,15167,92789,3.9048315980584682,0.18040436365898754
2630,0.2986,2,64,2,184124,421486,15169,92787,3.9042387639408647,0.18042362713967094
2631,0.2987,7,67,7,184191,421419,15176,92780,3.9036181407239985,0.18043597906647038
2632,0.2988,9,145,9,184336,421274,15185,92771,3.9022750009263034,0.18047252672431402
2633,0.2989,1,80,1,184416,421194,15186,92770,3.901533958279299,0.18049902327789494
2634,0.299,10,90,10,184506,421104,15196,92760,3.900700285301419,0.18051468871141002
2635,0.2991,7,98,7,184604,421006,15203,92753,3.8997925080588387,0.18053795651268395
2636,0.2992,4,33,4,184637,420973,15207,92749,3.8994868279669497,0.18054317315590923
2637,0.2993,3,55,3,184692,420918,15210,92746,3.898977361147134,0.1805577186643409
2638,0.2994,0,33,0,184725,420885,15210,92746,3.898671681055245,0.18056931921943964
2639,0.2995,3,42,3,184767,420843,15213,92743,3.8982826336655676,0.1805792992799648
2640,0.2996,8,84,8,184851,420759,15221,92735,3.897504538886213,0.18059607317709653
2641,0.2997,5,47,5,184898,420712,15226,92730,3.897069176331098,0.18060462525465387
2642,0.2998,13,79,13,184977,420633,15239,92717,3.8963373967171813,0.180611668452323
2643,0.2999,1,48,1,185025,420585,15240,92716,3.8958927711289784,0.18062696156835853
2644,0.3,259,2268,259,187293,418317,15499,92457,3.8748842120864055,0.18101352065688545
2645,0.3001,10,110,10,187403,418207,15509,92447,3.8738652784467744,0.1810364747950667
2646,0.3002,0,9,0,187412,418198,15509,92447,3.8737819111489866,0.18103966552105671
2647,0.3003,7,75,7,187487,418123,15516,92440,3.87308718366742,0.18105503140650614
2648,0.3004,6,60,6,187547,418063,15522,92434,3.872531401682167,0.18106668599423698
2649,0.3005,14,149,14,187696,417914,15536,92420,3.8711512097521212,0.18109708543816402
2650,0.3006,3,44,3,187740,417870,15539,92417,3.870743636296269,0.181107886346311
2651,0.3007,10,49,10,187789,417821,15549,92407,3.870289747674979,0.18110922959931638
2652,0.3008,13,137,13,187926,417684,15562,92394,3.869020712141984,0.1811370025760766
2653,0.3009,2,32,2,187958,417652,15564,92392,3.868724295083182,0.18114515610417925
2654,0.301,6,63,6,188021,417589,15570,92386,3.8681407239986663,0.18115789989705378
2655,0.3011,4,23,4,188044,417566,15574,92382,3.8679276742376523,0.18115964765034867
2656,0.3012,5,38,5,188082,417528,15579,92377,3.8675756789803253,0.18116511899275356
2657,0.3013,7,93,7,188175,417435,15586,92370,3.866714216903183,0.18118692441227527
2658,0.3014,19,243,19,188418,417192,15605,92351,3.864463299862907,0.18124279992071327
2659,0.3015,4,22,4,188440,417170,15609,92347,3.864259513134981,0.18124419793647709
2660,0.3016,3,43,3,188483,417127,15612,92344,3.863861202712216,0.18125467396574094
2661,0.3017,22,232,22,188715,416895,15634,92322,3.8617121790359037,0.18130188112337176
2662,0.3018,6,99,6,188814,416796,15640,92316,3.8607951387602357,0.1813274878612172
2663,0.3019,9,140,9,188954,416656,15649,92307,3.859498314127978,0.1813628888543961
2664,0.302,6,71,6,189025,416585,15655,92301,3.8588406387787617,0.1813785405768679
2665,0.3021,9,88,9,189113,416497,15664,92292,3.858025491867057,0.18139543111191475
2666,0.3022,3,18,3,189131,416479,15667,92289,3.857858757271481,0.18139702182527204
2667,0.3023,3,90,3,189221,416389,15670,92286,3.857025084293601,0.18142428859291296
2668,0.3024,9,51,9,189272,416338,15679,92277,3.8565526696061356,0.18142799563520542
2669,0.3025,5,111,5,189383,416227,15684,92272,3.8555244729334173,0.18145955055958812
2670,0.3026,11,108,11,189491,416119,15695,92261,3.8545240653599615,0.18148038868562885
2671,0.3027,8,70,8,189561,416049,15703,92253,3.8538756530438327,0.18149249855400923
2672,0.3028,1,15,1,189576,416034,15704,92252,3.8537367075475193,0.1814962442404473
2673,0.3029,9,37,9,189613,415997,15713,92243,3.85339397532328,0.18149496300960177
2674,0.303,8,146,8,189759,415851,15721,92235,3.852041572492497,0.18153422845738715
2675,0.3031,15,102,15,189861,415749,15736,92220,3.8510967431175662,0.1815465116965799
2676,0.3032,12,154,12,190015,415595,15748,92208,3.849670236022083,0.18158222775367613
2677,0.3033,35,302,35,190317,415293,15783,92173,3.8468728000296415,0.18163384344961042
2678,0.3034,17,109,17,190426,415184,15800,92156,3.8458631294230985,0.1816454448693184
2679,0.3035,5,28,5,190454,415156,15805,92151,3.845603764496647,0.18164740482587466
2680,0.3036,14,112,14,190566,415044,15819,92137,3.8445663047908405,0.18166492829975886
2681,0.3037,2,5,2,190571,415039,15821,92135,3.844519989625403,0.18166349221371758
2682,0.3038,15,191,15,190762,414848,15836,92120,3.84275075030568,0.18170772119739312
2683,0.3039,7,52,7,190814,414796,15843,92113,3.842269072585127,0.1817150612831889
2684,0.304,0,41,0,190855,414755,15843,92113,3.8418892882285376,0.18172976001641453
2685,0.3041,2,8,2,190863,414747,15845,92111,3.841815183963837,0.1817293995556941
2686,0.3042,11,103,11,190966,414644,15856,92100,3.8408610915558192,0.18174857521746682
2687,0.3043,11,87,11,191053,414557,15867,92089,3.8400552076772017,0.18176201924025848
2688,0.3044,1,44,1,191097,414513,15868,92088,3.8396476342213495,0.18177619072998277
2689,0.3045,8,35,8,191132,414478,15876,92080,3.839323428063285,0.18177582823684554
2690,0.3046,2,41,2,191173,414437,15878,92078,3.8389436437066955,0.18178731133332676
2691,0.3047,1,28,1,191201,414409,15879,92077,3.838684278780244,0.18179574558822947
2692,0.3048,14,104,14,191305,414305,15893,92063,3.837720923339138,0.18181046195652173
2693,0.3049,10,67,10,191372,414238,15903,92053,3.837100300122272,0.18181836137715265
2694,0.305,17,173,17,191545,414065,15920,92036,3.8354977953981253,0.1818530293360416
2695,0.3051,3,44,3,191589,414021,15923,92033,3.8350902219422727,0.18186399079940085
2696,0.3052,5,34,5,191623,413987,15928,92028,3.834775278817296,0.18186812643893957
2697,0.3053,5,55,5,191678,413932,15933,92023,3.8342658119974806,0.18187981144568194
2698,0.3054,6,69,6,191747,413863,15939,92017,3.833626662714439,0.181894915790306
2699,0.3055,4,61,4,191808,413802,15943,92013,3.8330616176960985,0.18191038225438155
2700,0.3056,10,43,10,191851,413759,15953,92003,3.8326633072733336,0.18190967292916432
2701,0.3057,8,50,8,191901,413709,15961,91995,3.8322001556189558,0.18191471690949645
2702,0.3058,9,101,9,192002,413608,15970,91986,3.831264589277113,0.18193649449953916
2703,0.3059,14,137,14,192139,413471,15984,91972,3.829995553744118,0.18196314915826314
2704,0.306,17,145,17,192284,413326,16001,91955,3.8286524139464224,0.1819878443875784
2705,0.3061,5,27,5,192311,413299,16006,91950,3.8284023120530586,0.1819894744967333
2706,0.3062,7,105,7,192416,413194,16013,91943,3.8274296935788654,0.18201596794532968
2707,0.3063,8,42,8,192458,413152,16021,91935,3.827040646189188,0.18201814736867114
2708,0.3064,3,37,3,192495,413115,16024,91932,3.826697913964949,0.18202662326476546
2709,0.3065,6,24,6,192519,413091,16030,91926,3.826475601170847,0.18202555557535688
2710,0.3066,10,59,10,192578,413032,16040,91916,3.8259290822186816,0.18203062493563693
2711,0.3067,20,216,20,192794,412816,16060,91896,3.82392826707177,0.18207611469511326
2712,0.3068,19,156,19,192950,412660,16079,91877,3.8224832339101114,0.1821016099909422
2713,0.3069,8,99,8,193049,412561,16087,91869,3.821566193634444,0.1821243780108241
2714,0.307,10,96,10,193145,412465,16097,91859,3.8206769424580385,0.18214282881639582
2715,0.3071,12,89,12,193234,412376,16109,91847,3.819852532513246,0.18215551452432752
2716,0.3072,9,116,9,193350,412260,16118,91838,3.8187780206750896,0.18218282952917886
2717,0.3073,3,11,3,193361,412249,16121,91835,3.818676127311127,0.18218193793097975
2718,0.3074,3,22,3,193383,412227,16124,91832,3.8184723405832006,0.1821850219914732
2719,0.3075,9,118,9,193501,412109,16133,91823,3.8173793026788694,0.1822130763674464
2720,0.3076,8,59,8,193560,412050,16141,91815,3.8168327837267033,0.18222142835878657
2721,0.3077,4,66,4,193626,411984,16145,91811,3.816221423542925,0.18223880745144355
2722,0.3078,9,78,9,193704,411906,16154,91802,3.8154989069620955,0.18225241608233342
2723,0.3079,9,76,9,193780,411830,16163,91793,3.8147949164474415,0.1822653055956539
2724,0.308,7,99,7,193879,411731,16170,91786,3.8138778761717735,0.18228977373157212
2725,0.3081,4,93,4,193972,411638,16174,91782,3.813016414094631,0.18231695204799173
2726,0.3082,11,77,11,194049,411561,16185,91771,3.8123031605468896,0.18232697305158424
2727,0.3083,59,402,59,194451,411159,16244,91712,3.8085794212456925,0.18237679245770785
2728,0.3084,18,180,18,194631,410979,16262,91694,3.806912075289933,0.1824128210586206
2729,0.3085,5,74,5,194705,410905,16267,91689,3.806226610841454,0.182431545143794
2730,0.3086,6,103,6,194808,410802,16273,91683,3.8052725184334357,0.18245917788590704
2731,0.3087,6,33,6,194841,410769,16279,91677,3.8049668383415467,0.18246139883688994
2732,0.3088,7,63,7,194904,410706,16286,91670,3.804383267257031,0.18247288883226906
2733,0.3089,13,119,13,195023,410587,16299,91657,3.803280966319612,0.1824949626078161
2734,0.309,8,96,8,195119,410491,16307,91649,3.8023917151432065,0.1825168279762616
2735,0.3091,4,52,4,195171,410439,16311,91645,3.8019100374226538,0.18252921821846543
2736,0.3092,6,52,6,195223,410387,16317,91639,3.801428359702101,0.18253835458721263
2737,0.3093,5,60,5,195283,410327,16322,91634,3.8008725777168477,0.1825520309346742
2738,0.3094,8,75,8,195358,410252,16330,91626,3.800177850235281,0.18256628104838227
2739,0.3095,13,130,13,195488,410122,16343,91613,3.798973655933899,0.18259240435688162
2740,0.3096,10,135,10,195623,409987,16353,91603,3.7977231464670793,0.1826252516995953
2741,0.3097,10,79,10,195702,409908,16363,91593,3.7969913668531623,0.18263772155987726
2742,0.3098,4,25,4,195727,409883,16367,91589,3.7967597910259734,0.1826403069363793
2743,0.3099,2,53,2,195780,409830,16369,91587,3.796268850272333,0.18265635189871904
2744,0.31,33,143,33,195923,409687,16402,91554,3.794944236540813,0.18265465115583124
2745,0.3101,3,29,3,195952,409658,16405,91551,3.794675608581274,0.18266032732851964
2746,0.3102,9,69,9,196021,409589,16414,91542,3.7940364592982325,0.1826707986534459
2747,0.3103,3,46,3,196067,409543,16417,91539,3.793610359776205,0.18268267469196658
2748,0.3104,3,57,3,196124,409486,16420,91536,3.7930823668902147,0.18269856413490826
2749,0.3105,4,127,4,196251,409359,16424,91532,3.7919059616880952,0.18273836024204868
2750,0.3106,9,112,9,196363,409247,16433,91523,3.790868501982289,0.18276454260438924
2751,0.3107,12,115,12,196478,409132,16445,91511,3.7898032531772206,0.1827869360003036
2752,0.3108,6,86,6,196564,409046,16451,91505,3.7890066323316907,0.18280854498342827
2753,0.3109,13,104,13,196668,408942,16464,91492,3.788043276890585,0.18282530763297458
2754,0.311,5,25,5,196693,408917,16469,91487,3.7878117010633963,0.18282627636869409
2755,0.3111,11,113,11,196806,408804,16480,91476,3.7867649783245025,0.18284960422163588
2756,0.3112,1,22,1,196828,408782,16481,91475,3.7865611915965762,0.18285601200982696
2757,0.3113,6,99,6,196927,408683,16487,91469,3.7856441513209087,0.18288240374926024
2758,0.3114,7,68,7,196995,408615,16494,91462,3.785014265070955,0.1828958340415576
2759,0.3115,6,34,6,197029,408581,16500,91456,3.784699321945978,0.182898465513552
2760,0.3116,3,29,3,197058,408552,16503,91453,3.784430693986439,0.18290417095829042
2761,0.3117,36,222,36,197280,408330,16539,91417,3.7823743006410018,0.18292656083978492
2762,0.3118,2,49,2,197329,408281,16541,91415,3.7819204120197116,0.18294122826678622
2763,0.3119,11,106,11,197435,408175,16552,91404,3.780938530512431,0.1829620540495097
2764,0.312,16,146,16,197581,408029,16568,91388,3.779586127681648,0.18298936560028994
2765,0.3121,6,38,6,197619,407991,16574,91382,3.779234132424321,0.18299347381616546
2766,0.3122,5,82,5,197701,407909,16579,91377,3.7784745637111414,0.18301534591396515
2767,0.3123,2,27,2,197728,407882,16581,91375,3.7782244618177776,0.1830219706483835
2768,0.3124,7,109,7,197837,407773,16588,91368,3.777214791211234,0.18305048072588706
2769,0.3125,10,115,10,197952,407658,16598,91358,3.7761495424061655,0.18307629414688106
2770,0.3126,7,106,7,198058,407552,16605,91351,3.7751676608988847,0.18310372958270446
2771,0.3127,8,100,8,198158,407452,16613,91343,3.7742413575901295,0.18312733688188534
2772,0.3128,8,116,8,198274,407336,16621,91335,3.773166845751973,0.18315683085641635
2773,0.3129,8,117,8,198391,407219,16629,91327,3.772083070880729,0.18318670694379255
2774,0.313,8,51,8,198442,407168,16637,91319,3.771610656193264,0.18319234002090326
2775,0.3131,10,91,10,198533,407077,16647,91309,3.7707677201822967,0.18320939994301605
2776,0.3132,3,85,3,198618,406992,16650,91306,3.7699803623698545,0.18323573444003388
2777,0.3133,29,201,29,198819,406791,16679,91277,3.768118492719256,0.18326212485042204
2778,0.3134,3,16,3,198835,406775,16682,91274,3.7679702841898552,0.18326309258727555
2779,0.3135,0,9,0,198844,406766,16682,91274,3.767886916892067,0.18326640430487512
2780,0.3136,2,53,2,198897,406713,16684,91272,3.7673959761384266,0.18328262899484923
2781,0.3137,10,66,10,198963,406647,16694,91262,3.766784615954648,0.18329052095864906
2782,0.3138,5,49,5,199012,406598,16699,91257,3.766330727333358,0.18330035853812857
2783,0.3139,3,45,3,199057,406553,16702,91254,3.765913890844418,0.18331200646033502
2784,0.314,7,118,7,199175,406435,16709,91247,3.764820852940087,0.18334398270381488
2785,0.3141,8,65,8,199240,406370,16717,91239,3.7642187557893956,0.18335480266635049
2786,0.3142,10,81,10,199321,406289,16727,91229,3.7634684501093036,0.18336823994307744
2787,0.3143,12,89,12,199410,406200,16739,91217,3.7626440401645116,0.18338134804399528
2788,0.3144,3,45,3,199455,406155,16742,91214,3.7622272036755717,0.18339301403987784
2789,0.3145,16,79,16,199534,406076,16758,91198,3.7614954240616547,0.18339587430672025
2790,0.3146,9,80,9,199614,405996,16767,91189,3.7607543814146505,0.18341060168750062
2791,0.3147,19,174,19,199788,405822,16786,91170,3.759142613657416,0.1834435966776125
2792,0.3148,5,70,5,199858,405752,16791,91165,3.758494201341287,0.18346122189419964
2793,0.3149,1,31,1,199889,405721,16792,91164,3.758207047315573,0.18347102448252614
2794,0.315,17,168,17,200057,405553,16809,91147,3.756650857756864,0.18350513388363196
2795,0.3151,14,170,14,200227,405383,16823,91133,3.75507614213198,0.18354494114993272
2796,0.3152,13,94,13,200321,405289,16836,91120,3.75420541702175,0.18355831582424975
2797,0.3153,10,71,10,200392,405218,16846,91110,3.7535477416725334,0.18356812430489516
2798,0.3154,4,70,4,200462,405148,16850,91106,3.7528993293564046,0.18358743707859282
2799,0.3155,11,80,11,200542,405068,16861,91095,3.7521582867094003,0.183598938252147
2800,0.3156,2,27,2,200569,405041,16863,91093,3.751908184816036,0.1836056387991954
2801,0.3157,0,26,0,200595,405015,16863,91093,3.75166734595576,0.1836152611931273
2802,0.3158,3,71,3,200666,404944,16866,91090,3.7510096706065434,0.18363660555526437
2803,0.3159,1,12,1,200678,404932,16867,91089,3.7508985142094926,0.18363940236401283
2804,0.316,4,35,4,200713,404897,16871,91085,3.750574308051428,0.1836457774677307
2805,0.3161,17,125,17,200838,404772,16888,91068,3.749416428915484,0.18366408518877056
2806,0.3162,3,16,3,200854,404756,16891,91065,3.7492682203860834,0.18366507267743803
2807,0.3163,2,17,2,200871,404739,16893,91063,3.7491107488235946,0.18366807717596945
2808,0.3164,9,84,9,200955,404655,16902,91054,3.74833265404424,0.18368437934352613
2809,0.3165,4,31,4,200986,404624,16906,91050,3.748045500018526,0.18368927964751025
2810,0.3166,2,11,2,200997,404613,16908,91048,3.747943606654563,0.18369006236117025
2811,0.3167,77,636,77,201633,403977,16985,90971,3.7420523176108786,0.18379910616872883
2812,0.3168,6,49,6,201682,403928,16991,90965,3.7415984289895885,0.1838074088742415
2813,0.3169,12,108,12,201790,403820,17003,90953,3.7405980214161323,0.18382773514318687
2814,0.317,4,57,4,201847,403763,17007,90949,3.740070028530142,0.18384231633758633
2815,0.3171,3,38,3,201885,403725,17010,90946,3.739718033272815,0.1838514891715908
2816,0.3172,22,183,22,202068,403542,17032,90924,3.7380228982177925,0.18388321947312858
2817,0.3173,8,51,8,202119,403491,17040,90916,3.737550483530327,0.18388898215437888
2818,0.3174,3,41,3,202160,403450,17043,90913,3.7371706991737375,0.18389928048822424
2819,0.3175,5,54,5,202214,403396,17048,90908,3.7366704953870093,0.18391111542694374
2820,0.3176,5,63,5,202277,403333,17053,90903,3.7360869243024935,0.18392630241423125
2821,0.3177,14,101,14,202378,403232,17067,90889,3.7351513579606506,0.18394077563997482
2822,0.3178,12,81,12,202459,403151,17079,90877,3.7344010522805586,0.18395111208271597
2823,0.3179,8,86,8,202545,403065,17087,90869,3.733604431435029,0.18396992310713578
2824,0.318,6,67,6,202612,402998,17093,90863,3.732983808218163,0.18398496743010684
2825,0.3181,5,17,5,202629,402981,17098,90858,3.7328263366556746,0.18398303900663981
2826,0.3182,7,156,7,202785,402825,17105,90851,3.731381303494016,0.1840296064625382
2827,0.3183,19,129,19,202914,402696,17124,90832,3.7301863722257216,0.18404629524565982
2828,0.3184,0,5,0,202919,402691,17124,90832,3.7301400570602836,0.18404815986286355
2829,0.3185,8,118,8,203037,402573,17132,90824,3.7290470191559524,0.18407894656838206
2830,0.3186,15,131,15,203168,402442,17147,90809,3.7278335618214826,0.18410302259904188
2831,0.3187,12,74,12,203242,402368,17159,90797,3.727148097373004,0.18411079456165785
2832,0.3188,16,80,16,203322,402288,17175,90781,3.7264070547259993,0.1841141909144562
2833,0.3189,5,49,5,203371,402239,17180,90776,3.725953166104709,0.1841242152875673
2834,0.319,4,53,4,203424,402186,17184,90772,3.7254622253510687,0.18413739101505605
2835,0.3191,3,31,3,203455,402155,17187,90769,3.7251750713253546,0.18414400597252314
2836,0.3192,1,14,1,203469,402141,17188,90768,3.725045388862129,0.18414758099365197
2837,0.3193,6,103,6,203572,402038,17194,90762,3.724091296454111,0.18417613636363636
2838,0.3194,4,46,4,203618,401992,17198,90758,3.7236651969320835,0.1841867072552004
2839,0.3195,5,39,5,203657,401953,17203,90753,3.723303938641669,0.18419300759479285
2840,0.3196,2,14,2,203671,401939,17205,90751,3.723174256178443,0.18419492987476913
2841,0.3197,4,36,4,203707,401903,17209,90747,3.722840786987291,0.18420176595960622
2842,0.3198,7,49,7,203756,401854,17216,90740,3.722386898366001,0.1842084962464017
2843,0.3199,7,38,7,203794,401816,17223,90733,3.722034903108674,0.18421111402114307
2844,0.32,24,245,24,204039,401571,17247,90709,3.719765460002223,0.18426302104493378
2845,0.3201,7,71,7,204110,401500,17254,90702,3.7191077846530067,0.18427799968305697
2846,0.3202,13,80,13,204190,401420,17267,90689,3.7183667420060025,0.1842864080925161
2847,0.3203,4,38,4,204228,401382,17271,90685,3.7180147467486755,0.18429400874271187
2848,0.3204,2,8,2,204236,401374,17273,90683,3.717940642483975,0.18429368955222666
2849,0.3205,9,68,9,204304,401306,17282,90674,3.717310756234021,0.18430424000975648
2850,0.3206,2,9,2,204313,401297,17284,90672,3.7172273889362333,0.1843042955958607
2851,0.3207,6,27,6,204340,401270,17290,90666,3.7169772870428694,0.18430446236908865
2852,0.3208,10,85,10,204425,401185,17300,90656,3.7161899292304272,0.18431972934342603
2853,0.3209,2,40,2,204465,401145,17302,90654,3.715819407906925,0.18433140368321205
2854,0.321,4,36,4,204501,401109,17306,90650,3.7154859387157733,0.18433826325496838
2855,0.3211,7,60,7,204561,401049,17313,90643,3.71493015673052,0.18434914539996583
2856,0.3212,21,160,21,204721,400889,17334,90622,3.713448071436511,0.18437430698397392
2857,0.3213,2,33,2,204754,400856,17336,90620,3.713142391344622,0.18438336765172664
2858,0.3214,15,125,15,204879,400731,17351,90605,3.7119845122086774,0.1844053763615937
2859,0.3215,12,67,12,204946,400664,17363,90593,3.7113638889918117,0.184410603818368
2860,0.3216,2,36,2,204982,400628,17365,90591,3.7110304198006596,0.1844207980554498
2861,0.3217,11,89,11,205071,400539,17376,90580,3.710206009855867,0.184435951368202
2862,0.3218,5,38,5,205109,400501,17381,90575,3.70985401459854,0.18444191937704144
2863,0.3219,6,67,6,205176,400434,17387,90569,3.709233391381674,0.18445712144324983
2864,0.322,6,75,6,205251,400359,17393,90563,3.7085386639001077,0.18447533416713857
2865,0.3221,10,45,10,205296,400314,17403,90553,3.7081218274111674,0.18447563189214186
2866,0.3222,7,76,7,205372,400238,17410,90546,3.7074178368965134,0.18449256699484906
2867,0.3223,1,33,1,205405,400205,17411,90545,3.707112156804624,0.18450331125827815
2868,0.3224,5,49,5,205454,400156,17416,90540,3.7066582681833338,0.18451342582780378
2869,0.3225,10,99,10,205553,400057,17426,90530,3.7057412279076662,0.1845340377955388
2870,0.3226,10,99,10,205652,399958,17436,90520,3.7048241876319983,0.1845546589245593
2871,0.3227,13,125,13,205777,399833,17449,90507,3.703666308496054,0.1845800872863727
2872,0.3228,3,47,3,205824,399786,17452,90504,3.703230945940939,0.18459279202104878
2873,0.3229,8,68,8,205892,399718,17460,90496,3.702601059690985,0.18460509083787896
2874,0.323,6,78,6,205970,399640,17466,90490,3.701878543110156,0.18462448738089896
2875,0.3231,8,82,8,206052,399558,17474,90482,3.7011189743969766,0.18464207003509917
2876,0.3232,8,62,8,206114,399496,17482,90474,3.7005446663455484,0.18465212155846275
2877,0.3233,36,319,36,206433,399177,17518,90438,3.6975897587906186,0.18471247817162464
2878,0.3234,4,31,4,206464,399146,17522,90434,3.697302604764904,0.18471751297030106
2879,0.3235,17,112,17,206576,399034,17539,90417,3.696265145059098,0.18473146443668517
2880,0.3236,21,81,21,206657,398953,17560,90396,3.695514839379006,0.18472705574140338
2881,0.3237,16,137,16,206794,398816,17576,90380,3.6942458038460115,0.1847521238930817
2882,0.3238,8,37,8,206831,398779,17584,90372,3.693903071621772,0.18475276550594807
2883,0.3239,8,46,8,206877,398733,17592,90364,3.6934769720997442,0.18475680693195828
2884,0.324,8,37,8,206914,398696,17600,90356,3.693134239875505,0.1847574491056166
2885,0.3241,10,61,10,206975,398635,17610,90346,3.692569194857164,0.18476382517930146
2886,0.3242,2,30,2,207005,398605,17612,90344,3.6922913038645375,0.18477182691855387
2887,0.3243,3,57,3,207062,398548,17615,90341,3.691763310978547,0.18478836709355292
2888,0.3244,6,83,6,207145,398465,17621,90335,3.69099447923228,0.18480973813420623
2889,0.3245,5,79,5,207224,398386,17626,90330,3.690262699618363,0.18483127214987846
2890,0.3246,9,74,9,207298,398312,17635,90321,3.689577235169884,0.18484424916041284
2891,0.3247,9,98,9,207396,398214,17644,90312,3.6886694579273036,0.18486631213077706
2892,0.3248,4,59,4,207455,398155,17648,90308,3.688122938975138,0.1848819664949034
2893,0.3249,14,127,14,207582,398028,17662,90294,3.6869465337730185,0.1849066804280782
2894,0.325,74,533,74,208115,397495,17736,90220,3.682009337137352,0.18498508350163517
2895,0.3251,0,3,0,208118,397492,17736,90220,3.6819815480380895,0.1849862213765501
2896,0.3252,5,78,5,208196,397414,17741,90215,3.68125903145726,0.1850074544376975
2897,0.3253,7,125,7,208321,397289,17748,90208,3.680101152321316,0.18504319000937441
2898,0.3254,10,72,10,208393,397217,17758,90198,3.6794342139390124,0.18505380425304924
2899,0.3255,1,30,1,208423,397187,17759,90197,3.6791563229463855,0.1850635228074783
2900,0.3256,10,66,10,208489,397121,17769,90187,3.678544962762607,0.185071864200875
2901,0.3257,1,24,1,208513,397097,17770,90186,3.6783226499685058,0.1850793070966974
2902,0.3258,4,34,4,208547,397063,17774,90182,3.6780077068435286,0.18508553191926033
2903,0.3259,16,97,16,208644,396966,17790,90166,3.677109192634036,0.18509562089946874
2904,0.326,13,49,13,208693,396917,17803,90153,3.676655304012746,0.18509249183895538
2905,0.3261,0,25,0,208718,396892,17803,90153,3.676423728185557,0.18510199262901786
2906,0.3262,8,76,8,208794,396816,17811,90145,3.675719737670903,0.18511749400876046
2907,0.3263,7,58,7,208852,396758,17818,90138,3.6751824817518246,0.18512783017317866
2908,0.3264,6,37,6,208889,396721,17824,90132,3.6748397495275853,0.18513185704925306
2909,0.3265,5,48,5,208937,396673,17829,90127,3.674395123939383,0.1851417419884963
2910,0.3266,2,27,2,208964,396646,17831,90125,3.6741450220460186,0.1851486633345043
2911,0.3267,50,356,50,209320,396290,17881,90075,3.6708473822668495,0.18520041532593834
2912,0.3268,19,250,19,209570,396040,17900,90056,3.668531623994961,0.18526381620091503
2913,0.3269,12,69,12,209639,395971,17912,90044,3.6678924747119197,0.1852700019546722
2914,0.327,2,21,2,209660,395950,17914,90042,3.667697951017081,0.18527465472682678
2915,0.3271,2,64,2,209724,395886,17916,90040,3.6671051168994775,0.1852957034610208
2916,0.3272,10,112,10,209836,395774,17926,90030,3.6660676571936714,0.1853216523536241
2917,0.3273,8,55,8,209891,395719,17934,90022,3.665558190373856,0.1853292186576797
2918,0.3274,0,21,0,209912,395698,17934,90022,3.6653636666790175,0.18533723132669028
2919,0.3275,3,35,3,209947,395663,17937,90019,3.665039460520953,0.1853455553222067
2920,0.3276,10,114,10,210061,395549,17947,90009,3.6639834747489717,0.18537229332026245
2921,0.3277,4,54,4,210115,395495,17951,90005,3.663483270962244,0.1853861997940268
2922,0.3278,9,50,9,210165,395445,17960,89996,3.663020119307866,0.18539019159897907
2923,0.3279,12,150,12,210315,395295,17972,89984,3.661630664344733,0.18542735210054423
2924,0.328,7,88,7,210403,395207,17979,89977,3.6608155174330284,0.18544923163171084
2925,0.3281,4,38,4,210441,395169,17983,89973,3.6604635221757014,0.1854570414435361
2926,0.3282,24,204,24,210645,394965,18007,89949,3.6585738634258402,0.18549474752224104
2927,0.3283,12,121,12,210766,394844,18019,89937,3.657453036422246,0.18552088468813754
2928,0.3284,4,36,4,210802,394808,18023,89933,3.6571195672310943,0.1855279417255813
2929,0.3285,3,14,3,210816,394794,18026,89930,3.6569898847678686,0.18552825938059597
2930,0.3286,10,96,10,210912,394698,18036,89920,3.656100633591463,0.1855482049779414
2931,0.3287,2,50,2,210962,394648,18038,89918,3.6556374819370854,0.18556398921921885
2932,0.3288,0,6,0,210968,394642,18038,89918,3.65558190373856,0.18556628694072974
2933,0.3289,4,32,4,211000,394610,18042,89914,3.6552854866797584,0.18557181893982547
2934,0.329,5,94,5,211094,394516,18047,89909,3.6544147615695284,0.1855994219951489
2935,0.3291,1,9,1,211103,394507,18048,89908,3.65433139427174,0.18560118906309672
2936,0.3292,9,94,9,211197,394413,18057,89899,3.65346066916151,0.18562207832967179
2937,0.3293,13,58,13,211255,394355,18070,89886,3.652923413242432,0.1856224483263499
2938,0.3294,6,59,6,211314,394296,18076,89880,3.6523768942902666,0.1856349757113116
2939,0.3295,6,71,6,211385,394225,18082,89874,3.65171921894105,0.1856521083497384
2940,0.3296,0,11,0,211396,394214,18082,89874,3.651617325577087,0.18565632694881923
2941,0.3297,5,58,5,211454,394156,18087,89869,3.651080069658009,0.18567016166520325
2942,0.3298,8,71,8,211525,394085,18095,89861,3.6504223943087926,0.18568393994371274
2943,0.3299,0,22,0,211547,394063,18095,89861,3.6502186075808662,0.1856923814483266
2944,0.33,37,262,37,211809,393801,18132,89824,3.647791692911927,0.18573067976221247
2945,0.3301,8,58,8,211867,393743,18140,89816,3.647254436992849,0.18573948577112617
2946,0.3302,8,104,8,211971,393639,18148,89808,3.6462910815517433,0.1857659681412854
2947,0.3303,7,30,7,212001,393609,18155,89801,3.646013190559117,0.18576570612937257
2948,0.3304,2,37,2,212038,393572,18157,89799,3.645670458334877,0.1857765567235105
2949,0.3305,6,78,6,212116,393494,18163,89793,3.644947941754048,0.1857964315199871
2950,0.3306,3,40,3,212156,393454,18166,89790,3.644577420430546,0.18580675600731722
2951,0.3307,3,30,3,212186,393424,18169,89787,3.644299529437919,0.1858132368675382
2952,0.3308,2,12,2,212198,393412,18171,89785,3.6441883730408686,0.18581448146408194
2953,0.3309,4,27,4,212225,393385,18175,89781,3.6439382711475043,0.18581812461969593
2954,0.331,13,73,13,212298,393312,18188,89768,3.643262069732113,0.18582429411277634
2955,0.3311,5,25,5,212323,393287,18193,89763,3.643030493904924,0.1858254839043577
2956,0.3312,5,19,5,212342,393268,18198,89758,3.642854496276261,0.18582436556210224
2957,0.3313,1,22,1,212364,393246,18199,89757,3.6426507095483345,0.18583114390593847
2958,0.3314,3,45,3,212409,393201,18202,89754,3.6422338730593946,0.18584340155915147
2959,0.3315,9,82,9,212491,393119,18211,89745,3.641474304346215,0.18585978660658073
2960,0.3316,11,48,11,212539,393071,18222,89734,3.6410296787580125,0.18585971562017792
2961,0.3317,27,227,27,212766,392844,18249,89707,3.638926970247138,0.18590159382117125
2962,0.3318,6,91,6,212857,392753,18255,89701,3.6380840342361704,0.18592653392862324
2963,0.3319,5,79,5,212936,392674,18260,89696,3.6373522546222534,0.1859485457221635
2964,0.332,3,34,3,212970,392640,18263,89693,3.6370373114972767,0.18595659015659305
2965,0.3321,4,54,4,213024,392586,18267,89689,3.6365371077105486,0.18597065989321446
2966,0.3322,10,55,10,213079,392531,18277,89679,3.6360276408907333,0.18597499014951993
2967,0.3323,17,106,17,213185,392425,18294,89662,3.6350457593834524,0.1859871765884581
2968,0.3324,3,25,3,213210,392400,18297,89659,3.6348141835562635,0.18599175619581834
2969,0.3325,18,108,18,213318,392292,18315,89641,3.6338137759828077,0.18600303361670606
2970,0.3326,2,37,2,213355,392255,18317,89639,3.6334710437585684,0.1860139366748704
2971,0.3327,15,92,15,213447,392163,18332,89624,3.6326188447145134,0.18602411439079924
2972,0.3328,5,77,5,213524,392086,18337,89619,3.6319055911667717,0.1860454012310439
2973,0.3329,18,116,18,213640,391970,18355,89601,3.6308310793286154,0.1860597918064003
2974,0.333,2,69,2,213709,391901,18357,89599,3.6301919300455743,0.18608307372793353
2975,0.3331,8,117,8,213826,391784,18365,89591,3.6291081551743303,0.1861147753830174
2976,0.3332,3,34,3,213860,391750,18368,89588,3.6287932120493536,0.1861228492244535
2977,0.3333,98,717,98,214577,391033,18466,89490,3.622151617325577,0.18623458190346767
2978,0.3334,5,37,5,214614,390996,18471,89485,3.6218088851013377,0.18624045487750818
2979,0.3335,7,102,7,214716,390894,18478,89478,3.620864055726407,0.1862681421898029
2980,0.3336,9,69,9,214785,390825,18487,89469,3.620224906443366,0.18627965371210134
2981,0.3337,3,50,3,214835,390775,18490,89466,3.619761754788988,0.18629396490512054
2982,0.3338,1,17,1,214852,390758,18491,89465,3.6196042832265,0.18629886531882064
2983,0.3339,11,74,11,214926,390684,18502,89454,3.618918818778021,0.186308936180848
2984,0.334,16,92,16,215018,390592,18518,89438,3.6180666197339657,0.1863175218215528
2985,0.3341,5,65,5,215083,390527,18523,89433,3.617464522583275,0.18633427785648804
2986,0.3342,12,67,12,215150,390460,18535,89421,3.6168438993664087,0.18633994677847215
2987,0.3343,2,19,2,215169,390441,18537,89419,3.616667901737745,0.1863439336473138
2988,0.3344,3,24,3,215193,390417,18540,89416,3.6164455889436438,0.18634816696642373
2989,0.3345,12,105,12,215298,390312,18552,89404,3.6154729704694506,0.18636860142250833
2990,0.3346,8,47,8,215345,390265,18560,89396,3.6150376079143354,0.18637329280471
2991,0.3347,11,78,11,215423,390187,18571,89385,3.614315091333506,0.18638494324105662
2992,0.3348,0,3,0,215426,390184,18571,89385,3.6142873022342434,0.18638610919388035
2993,0.3349,6,47,6,215473,390137,18577,89379,3.6138519396791287,0.18639419748246147
2994,0.335,22,155,22,215628,389982,18599,89357,3.6124161695505577,0.18641712858749235
2995,0.3351,5,56,5,215684,389926,18604,89352,3.6118974396976546,0.1864304224270674
2996,0.3352,8,84,8,215768,389842,18612,89344,3.6111193449183,0.18644952064542789
2997,0.3353,6,45,6,215813,389797,18618,89338,3.6107025084293602,0.18645684410447994
2998,0.3354,11,83,11,215896,389714,18629,89327,3.609933676683093,0.1864704691247722
2999,0.3355,10,70,10,215966,389644,18639,89317,3.609285264366964,0.1864807364273918
3000,0.3356,13,66,13,216032,389578,18652,89304,3.6086739041831857,0.18648435313918668
3001,0.3357,15,102,15,216134,389476,18667,89289,3.607729074808255,0.18649859534427118
3002,0.3358,5,27,5,216161,389449,18672,89284,3.6074789729148913,0.18650061725429415
3003,0.3359,7,55,7,216216,389394,18679,89277,3.606969506095076,0.1865101499777509
3004,0.336,5,44,5,216260,389350,18684,89272,3.6065619326392233,0.18651879771510713
3005,0.3361,7,39,7,216299,389311,18691,89265,3.6062006743488086,0.1865220988933837
3006,0.3362,6,98,6,216397,389213,18697,89259,3.6052928971062284,0.1865501011553445
3007,0.3363,3,47,3,216444,389166,18700,89256,3.6048575345511136,0.1865633269373064
3008,0.3364,5,70,5,216514,389096,18705,89251,3.604209122234985,0.1865821255281208
3009,0.3365,7,85,7,216599,389011,18712,89244,3.6034217644225426,0.1866033810414946
3010,0.3366,0,17,0,216616,388994,18712,89244,3.6032642928600542,0.1866100142606819
3011,0.3367,29,273,29,216889,388721,18741,89215,3.600735484827152,0.18666725251916574
3012,0.3368,7,104,7,216993,388617,18748,89208,3.599772129386046,0.1866959660963742
3013,0.3369,13,131,13,217124,388486,18761,89195,3.5985586720515768,0.18672503197740753
3014,0.337,7,40,7,217164,388446,18768,89188,3.5981881507280744,0.18672875046583787
3015,0.3371,5,22,5,217186,388424,18773,89183,3.597984364000148,0.18672883772641524
3016,0.3372,6,38,6,217224,388386,18779,89177,3.597632368742821,0.18673347809608365
3017,0.3373,9,41,9,217265,388345,18788,89168,3.5972525843862315,0.1867341831531288
3018,0.3374,14,134,14,217399,388211,18802,89154,3.596011337952499,0.18676274967791942
3019,0.3375,15,105,15,217504,388106,18817,89139,3.595038719478306,0.18677827950004713
3020,0.3376,6,68,6,217572,388038,18823,89133,3.594408833228352,0.1867946710927529
3021,0.3377,6,75,6,217647,387963,18829,89127,3.593714105746786,0.18681380871533673
3022,0.3378,1,24,1,217671,387939,18830,89126,3.5934917929526846,0.18682150231100583
3023,0.3379,7,46,7,217717,387893,18837,89119,3.593065693430657,0.18682758505027128
3024,0.338,1,12,1,217729,387881,18838,89118,3.5929545370336062,0.18683058035761083
3025,0.3381,13,79,13,217808,387802,18851,89105,3.5922227574196897,0.18683936281077862
3026,0.3382,10,66,10,217874,387736,18861,89095,3.5916113972359107,0.18684817052582572
3027,0.3383,13,140,13,218014,387596,18874,89082,3.590314572603653,0.18688087136389764
3028,0.3384,5,28,5,218042,387568,18879,89077,3.5900552076772017,0.18688331987118295
3029,0.3385,0,1,0,218043,387567,18879,89077,3.5900459446441144,0.1868837119527362
3030,0.3386,11,91,11,218134,387476,18890,89066,3.589203008633147,0.18690062995496726
3031,0.3387,4,28,4,218162,387448,18894,89062,3.5889436437066955,0.18690478688799816
3032,0.3388,10,95,10,218257,387353,18904,89052,3.588063655563378,0.1869249902918735
3033,0.3389,29,200,29,218457,387153,18933,89023,3.586211048945867,0.1869539834010954
3034,0.339,2,14,2,218471,387139,18935,89021,3.586081366482641,0.18695606518817204
3035,0.3391,4,53,4,218524,387086,18939,89017,3.5855904257290008,0.18697004639752324
3036,0.3392,14,175,14,218699,386911,18953,89003,3.583969394938679,0.1870148808398156
3037,0.3393,19,173,19,218872,386738,18972,88984,3.582366890214532,0.1870504202033961
3038,0.3394,10,94,10,218966,386644,18982,88974,3.581496165104302,0.1870702959097427
3039,0.3395,6,66,6,219032,386578,18988,88968,3.5808848049205233,0.18708600219537122
3040,0.3396,1,8,1,219040,386570,18989,88967,3.5808107006558227,0.18708744009404105
3041,0.3397,14,118,14,219158,386452,19003,88953,3.5797176627514915,0.18710993784247115
3042,0.3398,12,71,12,219229,386381,19015,88941,3.579059987402275,0.18711736464964804
3043,0.3399,14,136,14,219365,386245,19029,88927,3.5778002149023678,0.18714696993930618
3044,0.34,60,471,60,219836,385774,19089,88867,3.5734373263181296,0.18722992746096523
3045,0.3401,18,148,18,219984,385626,19107,88849,3.5720663974211715,0.1872574951261921
3046,0.3402,11,82,11,220066,385544,19118,88838,3.5713068287079923,0.18727101787167305
3047,0.3403,25,123,25,220189,385421,19143,88813,3.570167475638223,0.18727674523547447
3048,0.3404,3,8,3,220197,385413,19146,88810,3.5700933713735226,0.18727476313886082
3049,0.3405,23,302,23,220499,385111,19169,88787,3.567295935381081,0.18735466281773716
3050,0.3406,21,130,21,220629,384981,19190,88766,3.566091741079699,0.1873700519475585
3051,0.3407,2,50,2,220679,384931,19192,88764,3.5656285894253212,0.18738639842092486
3052,0.3408,15,170,15,220849,384761,19207,88749,3.5640538738004373,0.18742793182826128
3053,0.3409,6,42,6,220891,384719,19213,88743,3.56366482641076,0.1874342608276905
3054,0.341,1,34,1,220925,384685,19214,88742,3.5633498832857833,0.18744600540315615
3055,0.3411,5,85,5,221010,384600,19219,88737,3.562562525473341,0.18747108297048404
3056,0.3412,15,88,15,221098,384512,19234,88722,3.5617473785616363,0.187480189504558
3057,0.3413,4,39,4,221137,384473,19238,88718,3.5613861202712216,0.18748877303245412
3058,0.3414,9,38,9,221175,384435,19247,88709,3.5610341250138946,0.18748837563194293
3059,0.3415,6,58,6,221233,384377,19253,88703,3.560496869094816,0.18750105690369492
3060,0.3416,3,21,3,221254,384356,19256,88700,3.5603023453999776,0.18750422782926335
3061,0.3417,73,489,73,221743,383867,19329,88627,3.555772722220164,0.18757275224658937
3062,0.3418,9,31,9,221774,383836,19338,88618,3.5554855681944497,0.18756958349384278
3063,0.3419,5,42,5,221816,383794,19343,88613,3.5550965208047725,0.18757766078826096
3064,0.342,17,59,17,221875,383735,19360,88596,3.554550001852607,0.18757185109594754
3065,0.3421,2,58,2,221933,383677,19362,88594,3.5540127459335284,0.18759144643647396
3066,0.3422,11,96,11,222029,383581,19373,88583,3.553123494757123,0.1876106607026372
3067,0.3423,15,95,15,222124,383486,19388,88568,3.552243506613806,0.18762260249886664
3068,0.3424,6,55,6,222179,383431,19394,88562,3.55173403979399,0.18763413864188663
3069,0.3425,17,122,17,222301,383309,19411,88545,3.5506039497573085,0.1876533843095534
3070,0.3426,6,61,6,222362,383248,19417,88539,3.5500389047389675,0.18766731597097844
3071,0.3427,9,55,9,222417,383193,19426,88530,3.549529437919152,0.18767369833567582
3072,0.3428,2,11,2,222428,383182,19428,88528,3.549427544555189,0.1876746305993089
3073,0.3429,5,106,5,222534,383076,19433,88523,3.548445663047908,0.18770820124724608
3074,0.343,4,34,4,222568,383042,19437,88519,3.5481307199229315,0.1877148449511304
3075,0.3431,4,79,4,222647,382963,19441,88515,3.547398940309015,0.1877394067167503
3076,0.3432,5,49,5,222696,382914,19446,88510,3.546945051687725,0.18775030545750745
3077,0.3433,31,231,31,222927,382683,19477,88479,3.5448052910445,0.18778891336737683
3078,0.3434,6,57,6,222984,382626,19483,88473,3.544277298158509,0.18780129017467667
3079,0.3435,1,3,1,222987,382623,19484,88472,3.5442495090592465,0.18780076205436272
3080,0.3436,16,108,16,223095,382515,19500,88456,3.5432491014857903,0.18781623496988137
3081,0.3437,1,27,1,223122,382488,19501,88455,3.5429989995924265,0.18782527821838313
3082,0.3438,9,128,9,223250,382360,19510,88446,3.5418133313572198,0.18786081740674504
3083,0.3439,9,64,9,223314,382296,19519,88437,3.541220497239616,0.18787083123554116
3084,0.344,4,24,4,223338,382272,19523,88433,3.540998184445515,0.18787350888560775
3085,0.3441,3,30,3,223368,382242,19526,88430,3.540720293452888,0.18788030730529964
3086,0.3442,5,31,5,223399,382211,19531,88425,3.540433139427174,0.187884054768441
3087,0.3443,4,47,4,223446,382164,19535,88421,3.539997776872059,0.18789591678442788
3088,0.3444,7,40,7,223486,382124,19542,88414,3.539627255548557,0.1878998083045365
3089,0.3445,11,63,11,223549,382061,19553,88403,3.539043684464041,0.18790598217929533
3090,0.3446,9,57,9,223606,382004,19562,88394,3.5385156915780502,0.18791321391672583
3091,0.3447,2,76,2,223682,381928,19564,88392,3.5378117010633963,0.18794012587174688
3092,0.3448,8,80,8,223762,381848,19572,88384,3.537070658416392,0.18795828442130694
3093,0.3449,7,41,7,223803,381807,19579,88377,3.536690874059802,0.18796258486039508
3094,0.345,20,180,20,223983,381627,19599,88357,3.5350235281040425,0.18800001702185606
3095,0.3451,10,72,10,224055,381555,19609,88347,3.5343565897217384,0.18801154283233526
3096,0.3452,14,119,14,224174,381436,19623,88333,3.5332542887843195,0.18803497037905864
3097,0.3453,10,88,10,224262,381348,19633,88323,3.5324391418726147,0.1880529136352894
3098,0.3454,9,128,9,224390,381220,19642,88314,3.531253473637408,0.18808861552092074
3099,0.3455,7,105,7,224495,381115,19649,88307,3.5302808551632148,0.1881185798705642
3100,0.3456,15,86,15,224581,381029,19664,88292,3.529484234317685,0.18812710277187683
3101,0.3457,8,83,8,224664,380946,19672,88284,3.528715402571418,0.18814653794514416
3102,0.3458,16,171,16,224835,380775,19688,88268,3.5271314239134464,0.18818743697272958
3103,0.3459,1,24,1,224859,380751,19689,88267,3.526909111119345,0.18819533578668624
3104,0.346,5,64,5,224923,380687,19694,88262,3.5263162770017416,0.1882123642442995
3105,0.3461,5,35,5,224958,380652,19699,88257,3.525992070843677,0.18821775653698267
3106,0.3462,12,67,12,225025,380585,19711,88245,3.525371447626811,0.18822387645841776
3107,0.3463,2,14,2,225039,380571,19713,88243,3.5252417651635852,0.18822603420546316
3108,0.3464,7,75,7,225114,380496,19720,88236,3.5245470376820185,0.1882440285706971
3109,0.3465,6,55,6,225169,380441,19726,88230,3.524037570862203,0.18825572736525195
3110,0.3466,3,13,3,225182,380428,19729,88227,3.523917151432065,0.18825575316597498
3111,0.3467,34,220,34,225402,380208,19763,88193,3.521879284152803,0.18828525131244384
3112,0.3468,18,153,18,225555,380055,19781,88175,3.520462040090407,0.18831557140721442
3113,0.3469,9,30,9,225585,380025,19790,88166,3.5201841490977808,0.1883120350455263
3114,0.347,11,54,11,225639,379971,19801,88155,3.5196839453110527,0.18831468450801708
3115,0.3471,10,52,10,225691,379919,19811,88145,3.5192022675905,0.18831826416900252
3116,0.3472,17,134,17,225825,379785,19828,88128,3.5179610211567676,0.18834270473357226
3117,0.3473,10,74,10,225899,379711,19838,88118,3.5172755567082885,0.18835514685921564
3118,0.3474,4,70,4,225969,379641,19842,88114,3.5166271443921597,0.18837639362486772
3119,0.3475,3,29,3,225998,379612,19845,88111,3.5163585164326205,0.1883828676374692
3120,0.3476,13,103,13,226101,379509,19858,88098,3.5154044240246027,0.18840179894655126
3121,0.3477,9,100,9,226201,379409,19867,88089,3.514478120715847,0.18842647455176278
3122,0.3478,9,65,9,226266,379344,19876,88080,3.5138760235651563,0.1884370507291025
3123,0.3479,12,78,12,226344,379266,19888,88068,3.513153506984327,0.1884476626994826
3124,0.348,2,21,2,226365,379245,19890,88066,3.5129589832894883,0.18845265786596077
3125,0.3481,10,86,10,226451,379159,19900,88056,3.512162362443959,0.18846997634921825
3126,0.3482,5,73,5,226524,379086,19905,88051,3.511486161028567,0.1884907425444784
3127,0.3483,23,226,23,226750,378860,19928,88028,3.50939271555078,0.18854200579153887
3128,0.3484,12,60,12,226810,378800,19940,88016,3.5088369335655267,0.18854537976418975
3129,0.3485,8,86,8,226896,378714,19948,88008,3.508040312719997,0.18856621286333192
3130,0.3486,16,97,16,226993,378617,19964,87992,3.5071417985105042,0.18857758851629522
3131,0.3487,8,68,8,227061,378549,19972,87984,3.506511912260551,0.18859116075390164
3132,0.3488,8,50,8,227111,378499,19980,87976,3.506048760606173,0.18859745967093627
3133,0.3489,12,86,12,227197,378413,19992,87964,3.505252139760643,0.18861135947956267
3134,0.349,5,43,5,227240,378370,19997,87959,3.5048538293378786,0.1886200515086988
3135,0.3491,5,84,5,227324,378286,20002,87954,3.504075734558524,0.18864533287577215
3136,0.3492,9,93,9,227417,378193,20011,87945,3.5032142724813813,0.18866730453213426
3137,0.3493,13,88,13,227505,378105,20024,87932,3.5023991255696765,0.18868029791625987
3138,0.3494,18,132,18,227637,377973,20042,87914,3.5011764052021195,0.1887024106703986
3139,0.3495,9,86,9,227723,377887,20051,87905,3.5003797843565896,0.18872157529541084
3140,0.3496,13,78,13,227801,377809,20064,87892,3.4996572677757607,0.18873053740490142
3141,0.3497,10,82,10,227883,377727,20074,87882,3.498897699062581,0.18874635155248287
3142,0.3498,2,29,2,227912,377698,20076,87880,3.498629071103042,0.18875462328546452
3143,0.3499,8,24,8,227936,377674,20084,87872,3.4984067583089407,0.18875041349297383
3144,0.35,183,1075,183,229011,376599,20267,87689,3.48844899773982,0.188867685574471
3145,0.3501,2,13,2,229024,376586,20269,87687,3.4883285783096816,0.1888694798103702
3146,0.3502,11,86,11,229110,376500,20280,87676,3.487531957464152,0.18888525042225363
3147,0.3503,1,26,1,229136,376474,20281,87675,3.4872911186038755,0.18889408358091905
3148,0.3504,3,30,3,229166,376444,20284,87672,3.487013227611249,0.1889010505994191
3149,0.3505,8,48,8,229214,376396,20292,87664,3.4865686020230466,0.18890660690427963
3150,0.3506,6,71,6,229285,376325,20298,87658,3.48591092667383,0.1889250252703224
3151,0.3507,23,164,23,229449,376161,20321,87635,3.4843917892474714,0.18895160803456693
3152,0.3508,13,96,13,229545,376065,20334,87622,3.483502538071066,0.18896798918235794
3153,0.3509,8,103,8,229648,375962,20342,87614,3.4825484456630478,0.18899597908433569
3154,0.351,4,45,4,229693,375917,20346,87610,3.482131609174108,0.1890073285914305
3155,0.3511,1,58,1,229751,375859,20347,87609,3.48159435325503,0.18902923179162315
3156,0.3512,15,71,15,229822,375788,20362,87594,3.4809366779058135,0.1890319434073831
3157,0.3513,10,69,10,229891,375719,20372,87584,3.4802975286227724,0.18904259199703002
3158,0.3514,0,31,0,229922,375688,20372,87584,3.480010374597058,0.18905524184496364
3159,0.3515,14,94,14,230016,375594,20386,87570,3.479139649486828,0.1890690986346089
3160,0.3516,8,81,8,230097,375513,20394,87562,3.478389343806736,0.18908816066511905
3161,0.3517,24,195,24,230292,375318,20418,87538,3.476583052354663,0.18912577561919905
3162,0.3518,5,69,5,230361,375249,20423,87533,3.475943903071622,0.18914521308088905
3163,0.3519,6,61,6,230422,375188,20429,87527,3.475378858053281,0.1891596338999168
3164,0.352,5,48,5,230470,375140,20434,87522,3.4749342324650785,0.18917049595601107
3165,0.3521,6,54,6,230524,375086,20440,87516,3.4744340286783504,0.1891820614696867
3166,0.3522,2,57,2,230581,375029,20442,87514,3.4739060357923597,0.18920186879922515
3167,0.3523,4,37,4,230618,374992,20446,87510,3.4735633035681204,0.1892099926054374
3168,0.3524,22,145,22,230763,374847,20468,87488,3.472220163770425,0.1892307525928169
3169,0.3525,18,128,18,230891,374719,20486,87470,3.471034495535218,0.18925158322677518
3170,0.3526,5,26,5,230917,374693,20491,87465,3.4707936566749416,0.18925345877383926
3171,0.3527,30,180,30,231097,374513,20521,87435,3.469126310719182,0.1892745503822941
3172,0.3528,4,44,4,231141,374469,20525,87431,3.4687187372633295,0.18928555964494478
3173,0.3529,14,111,14,231252,374358,20539,87417,3.467690540590611,0.18930648042878026
3174,0.353,9,93,9,231345,374265,20548,87408,3.4668290785134683,0.18932881065169502
3175,0.3531,7,52,7,231397,374213,20555,87401,3.4663474007929156,0.18933784503936188
3176,0.3532,13,107,13,231504,374106,20568,87388,3.4653562562525475,0.18935890824149393
3177,0.3533,33,184,33,231688,373922,20601,87355,3.4636518581644373,0.18937644842469925
3178,0.3534,5,34,5,231722,373888,20606,87350,3.4633369150394606,0.1893816207684536
3179,0.3535,18,126,18,231848,373762,20624,87332,3.462169772870429,0.18940172719662368
3180,0.3536,12,117,12,231965,373645,20636,87320,3.461085997999185,0.18942869849120866
3181,0.3537,17,125,17,232090,373520,20653,87303,3.4599281188632407,0.18945017935302708
3182,0.3538,9,55,9,232145,373465,20662,87294,3.459418652043425,0.18945696123135955
3183,0.3539,5,51,5,232196,373414,20667,87289,3.45894623735596,0.1894691373835204
3184,0.354,4,58,4,232254,373356,20671,87285,3.458408981436882,0.18948595544035376
3185,0.3541,7,83,7,232337,373273,20678,87278,3.4576401496906146,0.189507785239854
3186,0.3542,8,51,8,232388,373222,20686,87270,3.4571677350031496,0.18951469298055124
3187,0.3543,17,87,17,232475,373135,20703,87253,3.4563618511245324,0.18952057829482957
3188,0.3544,11,101,11,232576,373034,20714,87242,3.455426284782689,0.18954279606149355
3189,0.3545,9,96,9,232672,372938,20723,87233,3.454537033606284,0.18956648724061273
3190,0.3546,6,104,6,232776,372834,20729,87227,3.4535736781651782,0.18959877059781202
3191,0.3547,2,47,2,232823,372787,20731,87225,3.4531383156100635,0.18961461874907612
3192,0.3548,12,102,12,232925,372685,20743,87213,3.452193486235133,0.18963552787792076
3193,0.3549,3,11,3,232936,372674,20746,87210,3.4520915928711697,0.18963477746562177
3194,0.355,34,190,34,233126,372484,20780,87176,3.4503316165845344,0.18965322194665624
3195,0.3551,19,144,19,233270,372340,20799,87157,3.4489977398199265,0.18967914915657774
3196,0.3552,20,154,20,233424,372186,20819,87137,3.447571232724443,0.1897074607629054
3197,0.3553,3,31,3,233455,372155,20822,87134,3.447284078698729,0.18971497249008795
3198,0.3554,2,33,2,233488,372122,20824,87132,3.4469783986068396,0.1897250758839335
3199,0.3555,3,50,3,233538,372072,20827,87129,3.4465152469524623,0.18974044046071328
3200,0.3556,2,70,2,233608,372002,20829,87127,3.4458668346363335,0.1897658392303688
3201,0.3557,9,112,9,233720,371890,20838,87118,3.4448293749305274,0.18979625627440044
3202,0.3558,5,50,5,233770,371840,20843,87113,3.4443662232761496,0.18980810671245205
3203,0.3559,4,53,4,233823,371787,20847,87109,3.443875282522509,0.18982296642376487
3204,0.356,9,46,9,233869,371741,20856,87100,3.4434491830004816,0.18982610533932234
3205,0.3561,9,78,9,233947,371663,20865,87091,3.4427266664196523,0.18984248638703968
3206,0.3562,16,133,16,234080,371530,20881,87075,3.4414946830190076,0.1898692774828011
3207,0.3563,3,39,3,234119,371491,20884,87072,3.441133424728593,0.18988012552255634
3208,0.3564,10,112,10,234231,371379,20894,87062,3.440095965022787,0.18990884323173537
3209,0.3565,15,114,15,234345,371265,20909,87047,3.439039979250806,0.18992956763078428
3210,0.3566,5,53,5,234398,371212,20914,87042,3.4385490384971655,0.18994269553566362
3211,0.3567,36,227,36,234625,370985,20950,87006,3.436446329986291,0.18997316541154738
3212,0.3568,3,51,3,234676,370934,20953,87003,3.4359739152988253,0.18998901595634335
3213,0.3569,7,117,7,234793,370817,20960,86996,3.434890140427582,0.1900251849554294
3214,0.357,2,18,2,234811,370799,20962,86994,3.4347234058320057,0.19002911796379587
3215,0.3571,9,59,9,234870,370740,20971,86985,3.43417688687984,0.19003768638374569
3216,0.3572,8,104,8,234974,370636,20979,86977,3.433213531438734,0.1900667157620085
3217,0.3573,10,79,10,235053,370557,20989,86967,3.4324817518248176,0.19008183177275947
3218,0.3574,3,9,3,235062,370548,20992,86964,3.4323983845270294,0.19008026018989665
3219,0.3575,8,43,8,235105,370505,21000,86956,3.432000074104265,0.1900839634416923
3220,0.3576,7,99,7,235204,370406,21007,86949,3.431083033828597,0.19011271331897542
3221,0.3577,4,50,4,235254,370356,21011,86945,3.430619882174219,0.19012641564308846
3222,0.3578,15,97,15,235351,370259,21026,86930,3.4297213679647265,0.19014018272530617
3223,0.3579,17,78,17,235429,370181,21043,86913,3.428998851383897,0.1901425089806473
3224,0.358,14,122,14,235551,370059,21057,86899,3.4278687613472156,0.1901684618717694
3225,0.3581,20,161,20,235712,369898,21077,86879,3.4263774130201194,0.19020003196308044
3226,0.3582,7,51,7,235763,369847,21084,86872,3.425904998332654,0.19020885927671063
3227,0.3583,68,395,68,236158,369452,21152,86804,3.42224610026307,0.19025284051059055
3228,0.3584,10,56,10,236214,369396,21162,86794,3.421727370410167,0.1902584449461847
3229,0.3585,6,66,6,236280,369330,21168,86788,3.4211160102263887,0.19027532349085105
3230,0.3586,19,124,19,236404,369206,21187,86769,3.419967394123532,0.19029332748505948
3231,0.3587,5,33,5,236437,369173,21192,86764,3.4196617140316423,0.19029822102615054
3232,0.3588,7,37,7,236474,369136,21199,86757,3.419318981807403,0.19030123296475268
3233,0.3589,15,123,15,236597,369013,21214,86742,3.418179628737634,0.19032594266656427
3234,0.359,3,30,3,236627,368983,21217,86739,3.4179017377450074,0.190333141696034
3235,0.3591,4,39,4,236666,368944,21221,86735,3.4175404794545927,0.19034232431163164
3236,0.3592,2,26,2,236692,368918,21223,86733,3.417299640594316,0.19034963162595933
3237,0.3593,17,68,17,236760,368850,21240,86716,3.4166697543443627,0.19034783104972716
3238,0.3594,9,57,9,236817,368793,21249,86707,3.416141761458372,0.1903556531284303
3239,0.3595,4,48,4,236865,368745,21253,86703,3.4156971358701695,0.19036860409969963
3240,0.3596,8,74,8,236939,368671,21261,86695,3.4150116714216905,0.19038531642678636
3241,0.3597,9,89,9,237028,368582,21270,86686,3.414187261476898,0.1904065297802613
3242,0.3598,7,60,7,237088,368522,21277,86679,3.4136314794916447,0.19041917746226392
3243,0.3599,21,150,21,237238,368372,21298,86658,3.4122420245285117,0.19044458607124806
3244,0.36,48,313,48,237551,368059,21346,86610,3.409342695172107,0.19049022475691108
3245,0.3601,21,137,21,237688,367922,21367,86589,3.408073659639112,0.19051024067624325
3246,0.3602,6,51,6,237739,367871,21373,86583,3.407601244951647,0.1905209328116817
3247,0.3603,6,91,6,237830,367780,21379,86577,3.4067583089406797,0.19054840136720685
3248,0.3604,2,20,2,237850,367760,21381,86575,3.4065730482789283,0.19055322614370454
3249,0.3605,14,149,14,237999,367611,21395,86561,3.405192856348883,0.19059078939256494
3250,0.3606,6,86,6,238085,367525,21401,86555,3.404396235503353,0.19061619097956306
3251,0.3607,10,114,10,238199,367411,21411,86545,3.403340249731372,0.19064623003110434
3252,0.3608,27,157,27,238356,367254,21438,86518,3.401885953536626,0.19066403392011846
3253,0.3609,27,245,27,238601,367009,21465,86491,3.3996165104301754,0.19071885336273428
3254,0.361,2,19,2,238620,366990,21467,86489,3.3994405128015117,0.19072327494768226
3255,0.3611,19,101,19,238721,366889,21486,86470,3.398504946459669,0.19073184827035528
3256,0.3612,14,73,14,238794,366816,21500,86456,3.3978287450442775,0.19073757037716868
3257,0.3613,2,8,2,238802,366808,21502,86454,3.397754640779577,0.19073736602671304
3258,0.3614,7,71,7,238873,366737,21509,86447,3.3970969654303604,0.19075474862307584
3259,0.3615,2,44,2,238917,366693,21511,86445,3.3966893919745083,0.19076969929690293
3260,0.3616,2,20,2,238937,366673,21513,86443,3.396504131312757,0.1907745477979149
3261,0.3617,17,113,17,239050,366560,21530,86426,3.3954574085738636,0.19079176839902337
3262,0.3618,17,90,17,239140,366470,21547,86409,3.3946237355959834,0.19079930842454607
3263,0.3619,5,51,5,239191,366419,21552,86404,3.3941513209085183,0.19081186247165008
3264,0.362,15,110,15,239301,366309,21567,86389,3.393132387268887,0.19083141520395497
3265,0.3621,8,68,8,239369,366241,21575,86381,3.392502501018934,0.190845783015408
3266,0.3622,2,62,2,239431,366179,21577,86379,3.391928192967505,0.19086835278572029
3267,0.3623,8,48,8,239479,366131,21585,86371,3.3914835673793027,0.19087429447825646
3268,0.3624,2,19,2,239498,366112,21587,86369,3.391307569750639,0.19087873302967417
3269,0.3625,29,147,29,239645,365965,21616,86340,3.3899459038867685,0.19088889134544168
3270,0.3626,6,56,6,239701,365909,21622,86334,3.3894271740338655,0.19090179394705944
3271,0.3627,9,43,9,239744,365866,21631,86325,3.389028863611101,0.19090384372975136
3272,0.3628,12,110,12,239854,365756,21643,86313,3.38800992997147,0.19092881838834339
3273,0.3629,11,52,11,239906,365704,21654,86302,3.387528252250917,0.1909310938350376
3274,0.363,3,33,3,239939,365671,21657,86299,3.3872225721590277,0.19093966413700025
3275,0.3631,11,53,11,239992,365618,21668,86288,3.3867316314053872,0.19094236411997184
3276,0.3632,10,83,10,240075,365535,21678,86278,3.3859627996591204,0.19095953414355055
3277,0.3633,22,121,22,240196,365414,21700,86256,3.384841972655526,0.19097128434476499
3278,0.3634,11,119,11,240315,365295,21711,86245,3.383739671718107,0.19100190459317004
3279,0.3635,10,81,10,240396,365214,21721,86235,3.3829893660380157,0.19101825455367052
3280,0.3636,19,75,19,240471,365139,21740,86216,3.382294638556449,0.1910159408891006
3281,0.3637,19,125,19,240596,365014,21759,86197,3.381136759420505,0.19103479303474427
3282,0.3638,14,132,14,240728,364882,21773,86183,3.3799140390529474,0.19106558921663175
3283,0.3639,7,52,7,240780,364830,21780,86176,3.3794323613323947,0.19107506330292723
3284,0.364,19,102,19,240882,364728,21799,86157,3.378487531957464,0.1910842010712266
3285,0.3641,2,33,2,240915,364695,21801,86155,3.378181851865575,0.19109459909060664
3286,0.3642,7,44,7,240959,364651,21808,86148,3.3777742784097224,0.19110069010800823
3287,0.3643,22,142,22,241101,364509,21830,86126,3.37645892771129,0.19112141755522763
3288,0.3644,8,68,8,241169,364441,21838,86118,3.375829041461336,0.19113590007080095
3289,0.3645,11,77,11,241246,364364,21849,86107,3.3751157879135945,0.19114881979084114
3290,0.3646,6,50,6,241296,364314,21855,86101,3.3746526362592166,0.1911592642340952
3291,0.3647,5,35,5,241331,364279,21860,86096,3.3743284301011522,0.19116514016097697
3292,0.3648,5,72,5,241403,364207,21865,86091,3.3736614917188485,0.19118672523528862
3293,0.3649,6,80,6,241483,364127,21871,86085,3.3729204490718443,0.19120991888265973
3294,0.365,27,236,27,241719,363891,21898,86058,3.3707343732631814,0.19126167632331664
3295,0.3651,9,54,9,241773,363837,21907,86049,3.3702341694764533,0.19126845467518439
3296,0.3652,6,41,6,241814,363796,21913,86043,3.3698543851198637,0.19127510064712042
3297,0.3653,11,57,11,241871,363739,21924,86032,3.369326392233873,0.191279562266131
3298,0.3654,2,19,2,241890,363720,21926,86030,3.3691503946052097,0.191284046692607
3299,0.3655,4,52,4,241942,363668,21930,86026,3.3686687168846565,0.19129897218997807
3300,0.3656,8,89,8,242031,363579,21938,86018,3.3678443069398645,0.1913224509950022
3301,0.3657,14,114,14,242145,363465,21952,86004,3.366788321167883,0.19134578802987526
3302,0.3658,10,97,10,242242,363368,21962,85994,3.3658898069583905,0.19136909663033366
3303,0.3659,5,42,5,242284,363326,21967,85989,3.365500759568713,0.19137798649054671
3304,0.366,13,128,13,242412,363198,21980,85976,3.364315091333506,0.19140911985110448
3305,0.3661,23,157,23,242569,363041,22003,85953,3.36286079513876,0.1914346294159833
3306,0.3662,17,102,17,242671,362939,22020,85936,3.3619159657638296,0.19144750765803398
3307,0.3663,0,19,0,242690,362920,22020,85936,3.3617399681351663,0.1914556115992657
3308,0.3664,13,84,13,242774,362836,22033,85923,3.3609618733558118,0.19146802626799686
3309,0.3665,3,56,3,242830,362780,22036,85920,3.3604431435029087,0.19148651660352128
3310,0.3666,7,72,7,242902,362708,22043,85913,3.3597762051206046,0.19150463308672577
3311,0.3667,128,818,128,243720,361890,22171,85785,3.352199044054985,0.19162338750209415
3312,0.3668,8,81,8,243801,361809,22179,85777,3.3514487383748937,0.1916436170925811
3313,0.3669,12,70,12,243871,361739,22191,85765,3.350800326058765,0.19165191819514463
3314,0.367,11,61,11,243932,361678,22202,85754,3.350235281040424,0.19165817375601207
3315,0.3671,16,116,16,244048,361562,22218,85738,3.3491607692022676,0.19167896266487816
3316,0.3672,24,143,24,244191,361419,22242,85714,3.3478361554707474,0.1916968776627983
3317,0.3673,3,34,3,244225,361385,22245,85711,3.3475212123457707,0.19170603181419651
3318,0.3674,16,153,16,244378,361232,22261,85695,3.3461039682833746,0.19174272308453058
3319,0.3675,9,78,9,244456,361154,22270,85686,3.3453814517025453,0.19175991406319937
3320,0.3676,6,16,6,244472,361138,22276,85680,3.3452332431731446,0.19175592746934994
3321,0.3677,5,14,5,244486,361124,22281,85675,3.345103560709919,0.1917528911210634
3322,0.3678,26,174,26,244660,360950,22307,85649,3.3434917929526846,0.19178054585881293
3323,0.3679,11,105,11,244765,360845,22318,85638,3.3425191744784915,0.19180573504478335
3324,0.368,8,57,8,244822,360788,22326,85630,3.3419911815925007,0.19181574219677522
3325,0.3681,6,39,6,244861,360749,22332,85624,3.341629923302086,0.19182163795749294
3326,0.3682,5,40,5,244901,360709,22337,85619,3.3412594019785837,0.19182977541180476
3327,0.3683,24,159,24,245060,360550,22361,85595,3.339786579717663,0.19185466608389648
3328,0.3684,5,28,5,245088,360522,22366,85590,3.3395272147912114,0.19185765009683667
3329,0.3685,6,29,6,245117,360493,22372,85584,3.339258586831672,0.1918592529989217
3330,0.3686,5,26,5,245143,360467,22377,85579,3.3390177479713956,0.19186137752608476
3331,0.3687,6,78,6,245221,360389,22383,85573,3.3382952313905667,0.19188406187074236
3332,0.3688,14,80,14,245301,360309,22397,85559,3.337554188743562,0.19189311634833628
3333,0.3689,22,169,22,245470,360140,22419,85537,3.3359887361517657,0.1919259912447804
3334,0.369,13,105,13,245575,360035,22432,85524,3.3350161176775726,0.19194764329752065
3335,0.3691,12,124,12,245699,359911,22444,85512,3.3338675015747157,0.19197930955518686
3336,0.3692,20,100,20,245799,359811,22464,85492,3.33294119826596,0.19198613079184285
3337,0.3693,1,22,1,245821,359789,22465,85491,3.332737411538034,0.19199380165289257
3338,0.3694,7,45,7,245866,359744,22472,85484,3.3323205750490943,0.19200050311301176
3339,0.3695,4,46,4,245912,359698,22476,85480,3.3318944755270667,0.19201308240748644
3340,0.3696,15,155,15,246067,359543,22491,85465,3.3304587053984958,0.19205272714198396
3341,0.3697,6,70,6,246137,359473,22497,85459,3.329810293082367,0.19207204696447996
3342,0.3698,5,35,5,246172,359438,22502,85454,3.3294860869243026,0.1920780773760823
3343,0.3699,0,17,0,246189,359421,22502,85454,3.3293286153618142,0.1920854172520371
3344,0.37,41,261,41,246450,359160,22543,85413,3.3269109637259624,0.1921236782260731
3345,0.3701,3,33,3,246483,359127,22546,85410,3.326605283634073,0.19213248840928876
3346,0.3702,21,147,21,246630,358980,22567,85389,3.3252436177702025,0.1921578687982285
3347,0.3703,25,189,25,246819,358791,22592,85364,3.323492904516655,0.19219416645090115
3348,0.3704,16,102,16,246921,358689,22608,85348,3.3225480751417242,0.19220920779124262
3349,0.3705,7,67,7,246988,358622,22615,85341,3.321927451924858,0.19222547824931357
3350,0.3706,24,113,24,247101,358509,22639,85317,3.3208807291859648,0.19223073907342067
3351,0.3707,11,100,11,247201,358409,22650,85306,3.319954425877209,0.1922540369381247
3352,0.3708,5,140,5,247341,358269,22655,85301,3.3186576012449516,0.1923056112902135
3353,0.3709,13,167,13,247508,358102,22668,85288,3.31711067471933,0.19235436072081014
3354,0.371,5,11,5,247519,358091,22673,85283,3.317008781355367,0.19235002503529752
3355,0.3711,7,54,7,247573,358037,22680,85276,3.316508577568639,0.19236070225777271
3356,0.3712,13,107,13,247680,357930,22693,85263,3.315517433028271,0.19238345370978333
3357,0.3713,30,220,30,247900,357710,22723,85233,3.313479565749009,0.19242430741652988
3358,0.3714,32,157,32,248057,357553,22755,85201,3.3120252695542627,0.19243417337844493
3359,0.3715,3,39,3,248096,357514,22758,85198,3.311664011263848,0.1924456531560021
3360,0.3716,8,114,8,248210,357400,22766,85190,3.310608025491867,0.19248062540952124
3361,0.3717,9,68,9,248278,357332,22775,85181,3.309978139241913,0.192493779843756
3362,0.3718,4,44,4,248322,357288,22779,85177,3.309570565786061,0.19250562191359769
3363,0.3719,1,21,1,248343,357267,22780,85176,3.3093760420912224,0.1925129338694476
3364,0.372,5,72,5,248415,357195,22785,85171,3.3087091037089182,0.1925351405849455
3365,0.3721,16,87,16,248502,357108,22801,85155,3.307903219830301,0.19254380312167194
3366,0.3722,14,75,14,248577,357033,22815,85141,3.307208492348735,0.19255089625351107
3367,0.3723,6,73,6,248650,356960,22821,85135,3.306532290933343,0.19257173231997649
3368,0.3724,9,101,9,248751,356859,22830,85126,3.3055967245915,0.19259929635621117
3369,0.3725,6,77,6,248828,356782,22836,85120,3.3048834710437585,0.19262189354200704
3370,0.3726,13,78,13,248906,356704,22849,85107,3.304160954462929,0.19263214360891875
3371,0.3727,14,95,14,249001,356609,22863,85093,3.303280966319612,0.1926479843876641
3372,0.3728,13,79,13,249080,356530,22876,85080,3.302549186705695,0.19265868073639636
3373,0.3729,12,84,12,249164,356446,22888,85068,3.3017710919263403,0.19267339201021938
3374,0.373,8,131,8,249295,356315,22896,85060,3.3005576345918706,0.19271594449164542
3375,0.3731,0,9,0,249304,356306,22896,85060,3.3004742672940828,0.1927198742087066
3376,0.3732,8,55,8,249359,356251,22904,85052,3.2999648004742674,0.192729258581972
3377,0.3733,32,182,32,249541,356069,22936,85020,3.2982789284523326,0.19275021594281427
3378,0.3734,18,199,18,249740,355870,22954,85002,3.296435584867909,0.19280426064708123
3379,0.3735,4,68,4,249808,355802,22958,84998,3.2958056986179556,0.19282667876588022
3380,0.3736,9,79,9,249887,355723,22967,84989,3.2950739190040386,0.19284476029697398
3381,0.3737,16,100,16,249987,355623,22983,84973,3.2941476156952834,0.19285921796838829
3382,0.3738,1,32,1,250019,355591,22984,84972,3.2938511986364816,0.19287139410254606
3383,0.3739,17,177,17,250196,355414,23001,84955,3.2922116417799843,0.19291775760782434
3384,0.374,14,76,14,250272,355338,23015,84941,3.2915076512653303,0.1929253950336037
3385,0.3741,8,49,8,250321,355289,23023,84933,3.29105376264404,0.19293220238879474
3386,0.3742,19,104,19,250425,355185,23042,84914,3.2900904072029347,0.19294295147228238
3387,0.3743,1,23,1,250448,355162,23043,84913,3.2898773574419207,0.19295120149974437
3388,0.3744,17,72,17,250520,355090,23060,84896,3.289210419059617,0.19295159391435182
3389,0.3745,6,39,6,250559,355051,23066,84890,3.2888491607692023,0.1929576920541618
3390,0.3746,10,69,10,250628,354982,23076,84880,3.288210011486161,0.19296961319686629
3391,0.3747,7,67,7,250695,354915,23083,84873,3.287589388269295,0.19298616606182978
3392,0.3748,4,47,4,250742,354868,23087,84869,3.28715402571418,0.19299945194513993
3393,0.3749,20,120,20,250862,354748,23107,84849,3.286042461743673,0.19301542094236313
3394,0.375,79,579,79,251441,354169,23186,84770,3.2806791655859793,0.19312478499290334
3395,0.3751,21,153,21,251594,354016,23207,84749,3.2792619215235836,0.19315351042129614
3396,0.3752,3,48,3,251642,353968,23210,84746,3.278817295935381,0.19316912612772785
3397,0.3753,2,9,2,251651,353959,23212,84744,3.278733928637593,0.19316941074029584
3398,0.3754,20,199,20,251850,353760,23232,84724,3.2768905850531698,0.19322027713668002
3399,0.3755,7,67,7,251917,353693,23239,84717,3.2762699618363036,0.19323692434022946
3400,0.3756,5,36,5,251953,353657,23244,84712,3.2759364926451515,0.19324359158608387
3401,0.3757,8,47,8,252000,353610,23252,84704,3.2755011300900367,0.19324958819476448
3402,0.3758,2,36,2,252036,353574,23254,84702,3.2751676608988847,0.19326178024806287
3403,0.3759,6,56,6,252092,353518,23260,84696,3.2746489310459816,0.19327543163842323
3404,0.376,5,53,5,252145,353465,23265,84691,3.2741579902923412,0.19328960461570766
3405,0.3761,8,60,8,252205,353405,23273,84683,3.273602208307088,0.1933013458483227
3406,0.3762,19,186,19,252391,353219,23292,84664,3.271879284152803,0.19334845152700608
3407,0.3763,9,58,9,252449,353161,23301,84655,3.271342028233725,0.19335748350905405
3408,0.3764,11,79,11,252528,353082,23312,84644,3.270610248619808,0.19337210949315325
3409,0.3765,4,54,4,252582,353028,23316,84640,3.27011004483308,0.1933885959220231
3410,0.3766,0,35,0,252617,352993,23316,84640,3.269785838675016,0.19340406230791554
3411,0.3767,45,307,45,252924,352686,23361,84595,3.2669420875171364,0.19345683896624824
3412,0.3768,3,63,3,252987,352623,23364,84592,3.2663585164326205,0.1934791807234427
3413,0.3769,19,138,19,253125,352485,23383,84573,3.2650802178665383,0.19350520983485028
3414,0.377,16,122,16,253247,352363,23399,84557,3.263950127829857,0.19352970795568983
3415,0.3771,16,97,16,253344,352266,23415,84541,3.2630516136203638,0.19354314376830042
3416,0.3772,7,24,7,253368,352242,23422,84534,3.2628293008262625,0.19354085389307105
3417,0.3773,8,61,8,253429,352181,23430,84526,3.2622642558079216,0.19355311455964755
3418,0.3774,9,76,9,253505,352105,23439,84517,3.2615602652932676,0.19357018198808124
3419,0.3775,14,64,14,253569,352041,23453,84503,3.260967431175664,0.193572698284709
3420,0.3776,20,161,20,253730,351880,23473,84483,3.259476082848568,0.19360715734377112
3421,0.3777,6,139,6,253869,351741,23479,84477,3.258188521249398,0.19365775827682488
3422,0.3778,13,103,13,253972,351638,23492,84464,3.2572344288413797,0.19367946030974406
3423,0.3779,10,150,10,254122,351488,23502,84454,3.2558449738782467,0.19372760596593125
3424,0.378,2,50,2,254172,351438,23504,84452,3.255381822223869,0.19374612861042922
3425,0.3781,5,42,5,254214,351396,23509,84447,3.2549927748341916,0.1937555495901047
3426,0.3782,14,89,14,254303,351307,23523,84433,3.2541683648893995,0.19376922017716988
3427,0.3783,13,157,13,254460,351150,23536,84420,3.252714068694653,0.19381500103312901
3428,0.3784,0,8,0,254468,351142,23536,84420,3.252639964429953,0.1938185608478242
3429,0.3785,13,37,13,254505,351105,23549,84407,3.2522972322057133,0.19381096272892595
3430,0.3786,15,117,15,254622,350988,23564,84392,3.2512134573344698,0.19383527033855483
3431,0.3787,8,105,8,254727,350883,23572,84384,3.2502408388602766,0.19386721253851086
3432,0.3788,15,77,15,254804,350806,23587,84369,3.249527585312535,0.19387372895961394
3433,0.3789,4,42,4,254846,350764,23591,84365,3.2491385379228577,0.19388503179516878
3434,0.379,14,121,14,254967,350643,23605,84351,3.2480177109192634,0.193913019489924
3435,0.3791,3,21,3,254988,350622,23608,84348,3.2478231872244248,0.19391682184978273
3436,0.3792,12,88,12,255076,350534,23620,84336,3.24700804031272,0.19393381930232023
3437,0.3793,8,59,8,255135,350475,23628,84328,3.2464615213605543,0.19394530396524404
3438,0.3794,9,51,9,255186,350424,23637,84319,3.245989106673089,0.19395136896971313
3439,0.3795,9,60,9,255246,350364,23646,84310,3.245433324687836,0.19396145157060235
3440,0.3796,9,46,9,255292,350318,23655,84301,3.2450072251658084,0.19396528913830274
3441,0.3797,7,47,7,255339,350271,23662,84294,3.244571862610693,0.19397328362845603
3442,0.3798,17,89,17,255428,350182,23679,84277,3.243747452665901,0.19398148041587354
3443,0.3799,11,43,11,255471,350139,23690,84266,3.243349142243136,0.19398027186611572
3444,0.38,48,331,48,255802,349808,23738,84218,3.2402830782911556,0.19403906678401756
3445,0.3801,18,87,18,255889,349721,23756,84200,3.2394771944125385,0.19404453806107563
3446,0.3802,4,52,4,255941,349669,23760,84196,3.2389955166919857,0.1940603643990642
3447,0.3803,20,131,20,256072,349538,23780,84176,3.237782059357516,0.1940818142831451
3448,0.3804,8,26,8,256098,349512,23788,84168,3.23754122049724,0.1940785832872164
3449,0.3805,13,103,13,256201,349409,23801,84155,3.2365871280892216,0.1941005249513336
3450,0.3806,4,85,4,256286,349324,23805,84151,3.2357997702767793,0.19413114943191648
3451,0.3807,1,21,1,256307,349303,23806,84150,3.2356052465819407,0.1941386955448457
3452,0.3808,15,118,15,256425,349185,23821,84135,3.2345122086776095,0.19416366657435613
3453,0.3809,12,92,12,256517,349093,23833,84123,3.2336600096335544,0.1941825786674546
3454,0.381,8,71,8,256588,349022,23841,84115,3.233002334284338,0.19419952578514418
3455,0.3811,9,64,9,256652,348958,23850,84106,3.232409500166735,0.19421147913472372
3456,0.3812,11,81,11,256733,348877,23861,84095,3.231659194486643,0.19422734033609565
3457,0.3813,1,21,1,256754,348856,23862,84094,3.231464670791804,0.1942349001039381
3458,0.3814,14,96,14,256850,348760,23876,84080,3.230575419615399,0.19425191756769244
3459,0.3815,8,84,8,256934,348676,23884,84072,3.2297973248360443,0.19427472801722942
3460,0.3816,19,140,19,257074,348536,23903,84053,3.2285005002037868,0.19430221295502198
3461,0.3817,31,158,31,257232,348378,23934,84022,3.227036940975953,0.1943154486586494
3462,0.3818,15,91,15,257323,348287,23949,84007,3.2261940049649858,0.1943283968780506
3463,0.3819,17,132,17,257455,348155,23966,83990,3.2249712845974288,0.1943560610443254
3464,0.382,7,81,7,257536,348074,23973,83983,3.224220978917337,0.19437944530467044
3465,0.3821,25,212,25,257748,347862,23998,83958,3.222257215902775,0.1944282339863832
3466,0.3822,9,42,9,257790,347820,24007,83949,3.221868168513098,0.19443035512044635
3467,0.3823,3,27,3,257817,347793,24010,83946,3.221618066619734,0.1944369167483132
3468,0.3824,8,62,8,257879,347731,24018,83938,3.221043758568306,0.19444991417034813
3469,0.3825,9,96,9,257975,347635,24027,83929,3.2201545073919005,0.19447636966938855
3470,0.3826,17,72,17,258047,347563,24044,83912,3.2194875690095963,0.19447708441972306
3471,0.3827,9,56,9,258103,347507,24053,83903,3.2189688391566933,0.1944855242113071
3472,0.3828,4,37,4,258140,347470,24057,83899,3.218626106932454,0.19449473652487778
3473,0.3829,13,108,13,258248,347362,24070,83886,3.2176256993589982,0.19451916298742256
3474,0.383,15,116,15,258364,347246,24085,83871,3.216551187520842,0.1945434765968403
3475,0.3831,30,233,30,258597,347013,24115,83841,3.2143929008114416,0.19459259981339386
3476,0.3832,9,61,9,258658,346952,24124,83832,3.213827855793101,0.19460332788590107
3477,0.3833,98,697,98,259355,346255,24222,83734,3.2073715217310754,0.19473521415664122
3478,0.3834,5,42,5,259397,346213,24227,83729,3.206982474341398,0.19474487256420633
3479,0.3835,2,14,2,259411,346199,24229,83727,3.2068527918781724,0.1947474681689407
3480,0.3836,8,81,8,259492,346118,24237,83719,3.206102486198081,0.19476917994495588
3481,0.3837,6,34,6,259526,346084,24243,83713,3.2057875430731038,0.19477334648682984
3482,0.3838,24,153,24,259679,345931,24267,83689,3.204370299010708,0.19479772822494298
3483,0.3839,19,127,19,259806,345804,24286,83670,3.2031938938085887,0.19481970969138993
3484,0.384,9,79,9,259885,345725,24295,83661,3.202462114194672,0.1948386766219672
3485,0.3841,8,75,8,259960,345650,24303,83653,3.2017673867131053,0.1948577112202803
3486,0.3842,7,58,7,260018,345592,24310,83646,3.2012301307940274,0.19487091077677185
3487,0.3843,21,231,21,260249,345361,24331,83625,3.199090370150802,0.1949364314919368
3488,0.3844,8,85,8,260334,345276,24339,83617,3.1983030123383602,0.19496004831041774
3489,0.3845,5,80,5,260414,345196,24344,83612,3.1975619696913555,0.19498703382399582
3490,0.3846,18,74,18,260488,345122,24362,83594,3.196876505242877,0.1949868910887394
3491,0.3847,6,57,6,260545,345065,24368,83588,3.196348512356886,0.19500155137138897
3492,0.3848,7,112,7,260657,344953,24375,83581,3.19531105265108,0.1950393667713647
3493,0.3849,0,11,0,260668,344942,24375,83581,3.195209159287117,0.19504437334752162
3494,0.385,27,180,27,260848,344762,24402,83554,3.193541813331357,0.19507559838997376
3495,0.3851,28,196,28,261044,344566,24430,83526,3.1917262588461965,0.19511226558777087
3496,0.3852,14,115,14,261159,344451,24444,83512,3.190661010041128,0.1951383647651783
3497,0.3853,12,143,12,261302,344308,24456,83500,3.1893363963096077,0.19518101578278105
3498,0.3854,6,50,6,261352,344258,24462,83494,3.18887324465523,0.195192541472629
3499,0.3855,4,75,4,261427,344183,24466,83490,3.188178517173663,0.19521924460978365
3500,0.3856,4,29,4,261456,344154,24470,83486,3.1879098892141244,0.1952249555701057
3501,0.3857,26,111,26,261567,344043,24496,83460,3.1868816925414056,0.19522670016350763
3502,0.3858,16,136,16,261703,343907,24512,83444,3.1856219200414984,0.1952586983533442
3503,0.3859,6,66,6,261769,343841,24518,83438,3.18501055985772,0.19527755869115965
3504,0.386,9,80,9,261849,343761,24527,83429,3.1842695172107156,0.19529717455932957
3505,0.3861,12,75,12,261924,343686,24539,83417,3.183574789729149,0.19530885992371863
3506,0.3862,8,51,8,261975,343635,24547,83409,3.183102375041684,0.19531711018068396
3507,0.3863,20,112,20,262087,343523,24567,83389,3.1820649153358778,0.1953306536241661
3508,0.3864,5,41,5,262128,343482,24572,83384,3.1816851309792877,0.1953399895986094
3509,0.3865,21,126,21,262254,343356,24593,83363,3.180517988810256,0.19535806936180483
3510,0.3866,6,80,6,262334,343276,24599,83357,3.1797769461632517,0.1953833857202795
3511,0.3867,34,271,34,262605,343005,24633,83323,3.1772666641965244,0.1954434144602278
3512,0.3868,5,49,5,262654,342956,24638,83318,3.1768127755752342,0.1954564435081661
3513,0.3869,20,137,20,262791,342819,24658,83298,3.1755437400422393,0.1954815226803906
3514,0.387,16,97,16,262888,342722,24674,83282,3.1746452258327467,0.195495816940686
3515,0.3871,8,58,8,262946,342664,24682,83274,3.1741079699136687,0.19550732735750273
3516,0.3872,8,60,8,263006,342604,24690,83266,3.1735521879284154,0.1955197595510367
3517,0.3873,2,39,2,263045,342565,24692,83264,3.1731909296380008,0.19553388801608157
3518,0.3874,4,67,4,263112,342498,24696,83260,3.1725703064211346,0.19555710051249772
3519,0.3875,21,130,21,263242,342368,24717,83239,3.1713661121197525,0.19557714041357402
3520,0.3876,23,135,23,263377,342233,24740,83216,3.1701156026529325,0.195595711824449
3521,0.3877,10,60,10,263437,342173,24750,83206,3.1695598206676796,0.19560439043770378
3522,0.3878,15,110,15,263547,342063,24765,83191,3.1685408870280485,0.19562661374143453
3523,0.3879,18,117,18,263664,341946,24783,83173,3.1674571121568045,0.19564639547985388
3524,0.388,1,36,1,263700,341910,24784,83172,3.167123642965653,0.1956610724519034
3525,0.3881,8,108,8,263808,341802,24792,83164,3.1661232353921966,0.1956956556524522
3526,0.3882,10,152,10,263960,341650,24802,83154,3.1647152543628887,0.19574674438093803
3527,0.3883,19,115,19,264075,341535,24821,83135,3.16365000555782,0.19576376951515295
3528,0.3884,11,103,11,264178,341432,24832,83124,3.162695913149802,0.1957904257624436
3529,0.3885,10,41,10,264219,341391,24842,83114,3.1623161287932122,0.19579039116147043
3530,0.3886,24,181,24,264400,341210,24866,83090,3.1606395198043646,0.19582842328541128
3531,0.3887,12,42,12,264442,341168,24878,83078,3.1602504724146874,0.1958250637601769
3532,0.3888,10,96,10,264538,341072,24888,83068,3.1593612212382824,0.1958504267458858
3533,0.3889,31,132,31,264670,340940,24919,83037,3.158138500870725,0.19585260521207518
3534,0.389,11,82,11,264752,340858,24930,83026,3.157378932157546,0.19586962470864672
3535,0.3891,10,58,10,264810,340800,24940,83016,3.1568416762384675,0.19587745625460104
3536,0.3892,8,84,8,264894,340716,24948,83008,3.156063581459113,0.19590110543655775
3537,0.3893,1,54,1,264948,340662,24949,83007,3.1555633776723853,0.19592417665677686
3538,0.3894,15,87,15,265035,340575,24964,82992,3.1547574937937677,0.19593594401830172
3539,0.3895,18,111,18,265146,340464,24982,82974,3.1537292971210493,0.19595312654981367
3540,0.3896,13,114,13,265260,340350,24995,82961,3.152673311349068,0.1959812053076816
3541,0.3897,4,33,4,265293,340317,24999,82957,3.152367631257179,0.19598888663135464
3542,0.3898,3,50,3,265343,340267,25002,82954,3.151904479602801,0.1960063418403151
3543,0.3899,15,72,15,265415,340195,25017,82939,3.1512375412204974,0.196011192671825
3544,0.39,34,192,34,265607,340003,25051,82905,3.1494590388676866,0.1960355443737172
3545,0.3901,6,37,6,265644,339966,25057,82899,3.1491163066434473,0.1960412897733319
3546,0.3902,3,10,3,265654,339956,25060,82896,3.149023676312572,0.19604022211080946
3547,0.3903,11,72,11,265726,339884,25071,82885,3.1483567379302677,0.19605269071289522
3548,0.3904,2,30,2,265756,339854,25073,82883,3.1480788469376413,0.1960628002753485
3549,0.3905,22,212,22,265968,339642,25095,82861,3.1461150839230796,0.19611931749597045
3550,0.3906,14,103,14,266071,339539,25109,82847,3.145160991515062,0.19614049708086917
3551,0.3907,14,75,14,266146,339464,25123,82833,3.144466264033495,0.1961486820886722
3552,0.3908,11,96,11,266242,339368,25134,82822,3.14357701285709,0.19617233946801202
3553,0.3909,6,35,6,266277,339333,25140,82816,3.1432528066990257,0.19617717914764693
3554,0.391,5,42,5,266319,339291,25145,82811,3.1428637593093485,0.19618717750685855
3555,0.3911,17,101,17,266420,339190,25162,82794,3.141928192967505,0.1962017517251839
3556,0.3912,13,101,13,266521,339089,25175,82781,3.1409926266256623,0.196223955246877
3557,0.3913,7,124,7,266645,338965,25182,82774,3.1398440105228054,0.196268308124219
3558,0.3914,13,130,13,266775,338835,25195,82761,3.1386398162214237,0.19630404463040446
3559,0.3915,14,96,14,266871,338739,25209,82747,3.1377505650450184,0.1963220605192106
3560,0.3916,9,150,9,267021,338589,25218,82738,3.1363611100818853,0.19637478727923915
3561,0.3917,61,366,61,267387,338223,25279,82677,3.1329708399718403,0.19642908054169636
3562,0.3918,5,47,5,267434,338176,25284,82672,3.132535477416725,0.19644147055468958
3563,0.3919,10,128,10,267562,338048,25294,82662,3.1313498091815184,0.19648213733925982
3564,0.392,18,110,18,267672,337938,25312,82644,3.1303308755418873,0.19649913691028148
3565,0.3921,9,85,9,267757,337853,25321,82635,3.1295435177294455,0.19652166054679324
3566,0.3922,10,75,10,267832,337778,25331,82625,3.1288487902478788,0.1965376079618842
3567,0.3923,15,178,15,268010,337600,25346,82610,3.1271999703582942,0.19659218010042598
3568,0.3924,16,80,16,268090,337520,25362,82594,3.12645892771129,0.19659901836168278
3569,0.3925,9,34,9,268124,337486,25371,82585,3.126143984586313,0.19659771800481346
3570,0.3926,27,123,27,268247,337363,25398,82558,3.1250046315165436,0.19660364687643628
3571,0.3927,10,86,10,268333,337277,25408,82548,3.124208010671014,0.19662478413624723
3572,0.3928,5,42,5,268375,337235,25413,82543,3.123818963281337,0.1966348879645908
3573,0.3929,10,66,10,268441,337169,25423,82533,3.1232076030975584,0.196646668350401
3574,0.393,8,55,8,268496,337114,25431,82525,3.1226981362777426,0.19665712672082433
3575,0.3931,30,175,30,268671,336939,25461,82495,3.1210771054874207,0.19668171869710133
3576,0.3932,6,57,6,268728,336882,25467,82489,3.1205491126014304,0.1966969580633854
3577,0.3933,37,250,37,268978,336632,25504,82452,3.1182333543295417,0.19674337364347005
3578,0.3934,12,61,12,269039,336571,25516,82440,3.1176683093112008,0.1967490113624702
3579,0.3935,7,70,7,269109,336501,25523,82433,3.117019896995072,0.19676846472236678
3580,0.3936,18,49,18,269158,336452,25541,82415,3.116566008373782,0.19675696581492455
3581,0.3937,3,39,3,269197,336413,25544,82412,3.116204750083367,0.19676953381483914
3582,0.3938,20,135,20,269332,336278,25564,82392,3.1149542406165476,0.19679461150787017
3583,0.3939,3,13,3,269345,336265,25567,82389,3.114833821186409,0.19679496672670033
3584,0.394,10,116,10,269461,336149,25577,82379,3.113759309348253,0.1968303195962994
3585,0.3941,21,115,21,269576,336034,25598,82358,3.112694060543184,0.19684410791793341
3586,0.3942,2,24,2,269600,336010,25600,82356,3.112471747749083,0.19685156059526826
3587,0.3943,21,152,21,269752,335858,25621,82335,3.111063766719775,0.1968827790039527
3588,0.3944,17,146,17,269898,335712,25638,82318,3.1097113638889917,0.19691888141999378
3589,0.3945,21,226,21,270124,335486,25659,82297,3.1076179184112047,0.1969850376870289
3590,0.3946,9,85,9,270209,335401,25668,82288,3.1068305605987625,0.1970078216089004
3591,0.3947,13,92,13,270301,335309,25681,82275,3.1059783615547074,0.197026227058508
3592,0.3948,8,69,8,270370,335240,25689,82267,3.1053392122716663,0.19704340286510166
3593,0.3949,12,74,12,270444,335166,25701,82255,3.1046537478231873,0.1970552511732759
3594,0.395,12,92,12,270536,335074,25713,82243,3.103801548779132,0.1970756043966577
3595,0.3951,9,68,9,270604,335006,25722,82234,3.1031716625291788,0.19709040360464
3596,0.3952,4,39,4,270643,334967,25726,82230,3.102810404238764,0.19710112968214058
3597,0.3953,8,61,8,270704,334906,25734,82222,3.102245359220423,0.19711455476496423
3598,0.3954,7,69,7,270773,334837,25741,82215,3.101606209937382,0.1971336907627826
3599,0.3955,4,41,4,270814,334796,25745,82211,3.101226425580792,0.19714537166042775
3600,0.3956,10,76,10,270890,334720,25755,82201,3.100522435066138,0.1971620522832863
3601,0.3957,7,61,7,270951,334659,25762,82194,3.0999573900477975,0.19717742225676677
3602,0.3958,4,75,4,271026,334584,25766,82190,3.0992626625662307,0.19720519994049532
3603,0.3959,8,59,8,271085,334525,25774,82182,3.098716143614065,0.19721770932573726
3604,0.396,10,90,10,271175,334435,25784,82172,3.097882470636185,0.1972410449176322
3605,0.3961,10,80,10,271255,334355,25794,82162,3.0971414279891807,0.19725965566831605
3606,0.3962,6,52,6,271307,334303,25800,82156,3.096659750268628,0.19727272072400884
3607,0.3963,12,108,12,271415,334195,25812,82144,3.095659342695172,0.19730075731555294
3608,0.3964,14,112,14,271527,334083,25826,82130,3.094621882989366,0.19732684947370696
3609,0.3965,1,18,1,271545,334065,25827,82129,3.09445514839379,0.19733345507143304
3610,0.3966,1,7,1,271552,334058,25828,82128,3.0943903071621772,0.19733484547774313
3611,0.3967,26,224,26,271776,333834,25854,82102,3.092315387750565,0.19739094476073243
3612,0.3968,15,162,15,271938,333672,25869,82087,3.0908147763903813,0.1974389009017243
3613,0.3969,4,52,4,271990,333620,25873,82083,3.0903330986698285,0.19745587594989691
3614,0.397,12,105,12,272095,333515,25885,82071,3.0893604801956354,0.1974825908476224
3615,0.3971,6,97,6,272192,333418,25891,82065,3.0884619659861423,0.1975171065964191
3616,0.3972,18,99,18,272291,333319,25909,82047,3.087544925710475,0.19752940779938657
3617,0.3973,5,48,5,272339,333271,25914,82042,3.087100300122272,0.19754257632195477
3618,0.3974,19,126,19,272465,333145,25933,82023,3.08593315795324,0.19756580468629567
3619,0.3975,15,51,15,272516,333094,25948,82008,3.085460743265775,0.19756108137277104
3620,0.3976,9,74,9,272590,333020,25957,81999,3.084775278817296,0.19757890602598918
3621,0.3977,12,83,12,272673,332937,25969,81987,3.084006447071029,0.19759522225757006
3622,0.3978,12,89,12,272762,332848,25981,81975,3.0831820371262366,0.19761440421577395
3623,0.3979,23,173,23,272935,332675,26004,81952,3.0815795324020896,0.19765234777281748
3624,0.398,21,91,21,273026,332584,26025,81931,3.080736596391122,0.19765509088935262
3625,0.3981,27,292,27,273318,332292,26052,81904,3.0780317907295567,0.19774213174439154
3626,0.3982,8,53,8,273371,332239,26060,81896,3.0775408499759163,0.19775194079225372
3627,0.3983,26,164,26,273535,332075,26086,81870,3.076021712549557,0.1977798982956673
3628,0.3984,15,115,15,273650,331960,26101,81855,3.0749564637444884,0.19780578277732802
3629,0.3985,20,133,20,273783,331827,26121,81835,3.0737244803438437,0.1978305959938307
3630,0.3986,22,145,22,273928,331682,26143,81813,3.0723813405461486,0.19785728968911354
3631,0.3987,5,48,5,273976,331634,26148,81808,3.0719367149579457,0.1978705598366881
3632,0.3988,18,119,18,274095,331515,26166,81790,3.070834414020527,0.19789259747643992
3633,0.3989,15,68,15,274163,331447,26181,81775,3.0702045277705734,0.19789604619308748
3634,0.399,18,122,18,274285,331325,26199,81757,3.0690744377338914,0.1979195413985601
3635,0.3991,10,59,10,274344,331266,26209,81747,3.068527918781726,0.19792839450574196
3636,0.3992,9,133,9,274477,331133,26218,81738,3.067295935381081,0.1979746700543269
3637,0.3993,11,56,11,274533,331077,26229,81727,3.066777205528178,0.19798015523105397
3638,0.3994,13,91,13,274624,330986,26242,81714,3.0659342695172107,0.19799854615943785
3639,0.3995,10,60,10,274684,330926,26252,81704,3.0653784875319574,0.19800790054043574
3640,0.3996,5,52,5,274736,330874,26257,81699,3.0648968098114047,0.1980231377235059
3641,0.3997,9,90,9,274826,330784,26266,81690,3.064063136833525,0.1980488467151869
3642,0.3998,12,119,12,274945,330665,26278,81678,3.062960835896106,0.19808266418976433
3643,0.3999,17,127,17,275072,330538,26295,81661,3.0617844306939865,0.19811062132610704
3644,0.4,288,1708,288,276780,328830,26583,81373,3.045963170180444,0.19837251312155202
3645,0.4001,10,106,10,276886,328724,26593,81363,3.044981288673163,0.19840424105128912
3646,0.4002,13,94,13,276980,328630,26606,81350,3.044110563562933,0.19842431338114055
3647,0.4003,11,99,11,277079,328531,26617,81339,3.043193523287265,0.19845072827969845
3648,0.4004,25,149,25,277228,328382,26642,81314,3.0418133313572198,0.19847399047098335
3649,0.4005,6,85,6,277313,328297,26648,81308,3.0410259735447775,0.19850343623735062
3650,0.4006,6,44,6,277357,328253,26654,81302,3.040618400088925,0.19851302022927322
3651,0.4007,7,98,7,277455,328155,26661,81295,3.0397106228463446,0.19854683111491025
3652,0.4008,14,140,14,277595,328015,26675,81281,3.038413798214087,0.19858733044056134
3653,0.4009,4,89,4,277684,327926,26679,81277,3.037589388269295,0.19862268849446363
3654,0.401,9,106,9,277790,327820,26688,81268,3.036607506762014,0.19865652377972465
3655,0.4011,29,198,29,277988,327622,26717,81239,3.0347734262106782,0.19869588931201557
3656,0.4012,20,131,20,278119,327491,26737,81219,3.033559968876209,0.19872036407232513
3657,0.4013,4,45,4,278164,327446,26741,81215,3.033143132387269,0.19873440333185696
3658,0.4014,11,79,11,278243,327367,26752,81204,3.032411352773352,0.1987512574313889
3659,0.4015,21,103,21,278346,327264,26773,81183,3.031457260365334,0.1987601818595803
3660,0.4016,18,135,18,278481,327129,26791,81165,3.030206750898514,0.1987905773780658
3661,0.4017,34,249,34,278730,326880,26825,81131,3.027900255659713,0.1988451291754389
3662,0.4018,8,67,8,278797,326813,26833,81123,3.027279632442847,0.19886207640414183
3663,0.4019,22,134,22,278931,326679,26855,81101,3.0260383860091147,0.1988842022659277
3664,0.402,9,64,9,278995,326615,26864,81092,3.0254455518915115,0.19889773783624023
3665,0.4021,8,50,8,279045,326565,26872,81084,3.0249824002371337,0.1989064121339682
3666,0.4022,5,39,5,279084,326526,26877,81079,3.024621141946719,0.19891561683492598
3667,0.4023,21,142,21,279226,326384,26898,81058,3.023305791248286,0.19894365332979908
3668,0.4024,12,104,12,279330,326280,26910,81046,3.0223424358071806,0.1989708489023534
3669,0.4025,18,89,18,279419,326191,26928,81028,3.0215180258623886,0.19897892780052012
3670,0.4026,17,132,17,279551,326059,26945,81011,3.020295305494831,0.19900999828039403
3671,0.4027,12,67,12,279618,325992,26957,80999,3.019674682277965,0.19901914292945053
3672,0.4028,29,173,29,279791,325819,26986,80970,3.0180721775538184,0.1990466802199666
3673,0.4029,13,118,13,279909,325701,26999,80957,3.0169791396494867,0.19907883282758485
3674,0.403,14,104,14,280013,325597,27013,80943,3.0160157842083812,0.19910217936734392
3675,0.4031,14,87,14,280100,325510,27027,80929,3.015209900329764,0.19911721070074476
3676,0.4032,11,91,11,280191,325419,27038,80918,3.0143669643187967,0.19914012260758926
3677,0.4033,35,217,35,280408,325202,27073,80883,3.0123568861387975,0.19917751209722104
3678,0.4034,8,30,8,280438,325172,27081,80875,3.0120789951461706,0.19917645001686995
3679,0.4035,1,18,1,280456,325154,27082,80874,3.0119122605505946,0.199183307555144
3680,0.4036,13,112,13,280568,325042,27095,80861,3.0108748008447885,0.1992126197638352
3681,0.4037,16,129,16,280697,324913,27111,80845,3.009679869576494,0.199244377190345
3682,0.4038,11,84,11,280781,324829,27122,80834,3.0089017747971396,0.19926392103790586
3683,0.4039,8,48,8,280829,324781,27130,80826,3.008457149208937,0.1992717088215933
3684,0.404,18,77,18,280906,324704,27148,80808,3.0077438956611955,0.1992740042218233
3685,0.4041,27,135,27,281041,324569,27175,80781,3.0064933861943755,0.19928703589490565
3686,0.4042,17,162,17,281203,324407,27192,80764,3.0049927748341916,0.19933312107727355
3687,0.4043,8,80,8,281283,324327,27200,80756,3.0042517321871873,0.1993566750517795
3688,0.4044,14,123,14,281406,324204,27214,80742,3.003112379117418,0.19938954823606111
3689,0.4045,6,48,6,281454,324156,27220,80736,3.0026677535292157,0.19940132183397055
3690,0.4046,12,92,12,281546,324064,27232,80724,3.0018155544851606,0.1994229077937093
3691,0.4047,7,80,7,281626,323984,27239,80717,3.0010745118381563,0.19944848171860213
3692,0.4048,33,193,33,281819,323791,27272,80684,2.9992867464522583,0.1994783361147166
3693,0.4049,11,124,11,281943,323667,27283,80673,2.9981381303494015,0.19951773260127614
3694,0.405,26,140,26,282083,323527,27309,80647,2.996841305717144,0.1995353486369732
3695,0.4051,2,30,2,282113,323497,27311,80645,2.9965634147245175,0.19954619910823423
3696,0.4052,7,47,7,282160,323450,27318,80638,2.9961280521694023,0.19955554235711034
3697,0.4053,9,96,9,282256,323354,27327,80629,2.9952388009929973,0.19958513105749498
3698,0.4054,8,42,8,282298,323312,27335,80621,2.99484975360332,0.1995900310199959
3699,0.4055,10,38,10,282336,323274,27345,80611,2.9944977583459926,0.1995889919160157
3700,0.4056,5,53,5,282389,323221,27350,80606,2.9940068175923527,0.19960527651692433
3701,0.4057,13,117,13,282506,323104,27363,80593,2.9929230427211087,0.1996373517762084
3702,0.4058,9,112,9,282618,322992,27372,80584,2.9918855830153026,0.19967490633734414
3703,0.4059,8,69,8,282687,322923,27380,80576,2.9912464337322615,0.19969318387406165
3704,0.406,15,98,15,282785,322825,27395,80561,2.990338656489681,0.1997119384410961
3705,0.4061,15,86,15,282871,322739,27410,80546,2.9895420356441513,0.1997247604051725
3706,0.4062,9,84,9,282955,322655,27419,80537,2.988763940864797,0.19974850691481974
3707,0.4063,18,124,18,283079,322531,27437,80519,2.98761532476194,0.19977422156060043
3708,0.4064,8,75,8,283154,322456,27445,80511,2.9869205972803736,0.19979551675447368
3709,0.4065,2,26,2,283180,322430,27447,80509,2.986679758420097,0.19980443689987815
3710,0.4066,5,38,5,283218,322392,27452,80504,2.98632776316277,0.199813351336325
3711,0.4067,41,249,41,283467,322143,27493,80463,2.984021267923969,0.19985544179669454
3712,0.4068,17,120,17,283587,322023,27510,80446,2.9829097039534624,0.19988123308875963
3713,0.4069,11,92,11,283679,321931,27521,80435,2.9820575049094074,0.19990506156086746
3714,0.407,2,18,2,283697,321913,27523,80433,2.9818907703138318,0.19991002768761215
3715,0.4071,11,92,11,283789,321821,27534,80422,2.9810385712697767,0.19993387081938033
3716,0.4072,8,87,8,283876,321734,27542,80414,2.9802326873911595,0.19996120831136796
3717,0.4073,23,124,23,284000,321610,27565,80391,2.9790840712883027,0.19997711448478983
3718,0.4074,11,118,11,284118,321492,27576,80380,2.9779910333839714,0.20001393478520524
3719,0.4075,11,104,11,284222,321388,27587,80369,2.9770276779428655,0.20004380757522583
3720,0.4076,7,27,7,284249,321361,27594,80362,2.9767775760495017,0.2000433134274114
3721,0.4077,15,73,15,284322,321288,27609,80347,2.9761013746341103,0.2000497964569821
3722,0.4078,19,169,19,284491,321119,27628,80328,2.9745359220423135,0.20009615216952673
3723,0.4079,14,71,14,284562,321048,27642,80314,2.973878246693097,0.20010364708168685
3724,0.408,8,66,8,284628,320982,27650,80306,2.9732668865093186,0.20012061163054962
3725,0.4081,16,169,16,284797,320813,27666,80290,2.971701433917522,0.20017302288938252
3726,0.4082,33,209,33,285006,320604,27699,80257,2.969765460002223,0.20021154465014057
3727,0.4083,69,389,69,285395,320215,27768,80188,2.9661621401311646,0.2002682297585183
3728,0.4084,3,68,3,285463,320147,27771,80185,2.965532253881211,0.20029625410908947
3729,0.4085,1,21,1,285484,320126,27772,80184,2.965337730186372,0.20030476380804876
3730,0.4086,12,67,12,285551,320059,27784,80172,2.964717106969506,0.20031431848107717
3731,0.4087,2,2,2,285553,320057,27786,80170,2.964698580903331,0.20031132332401363
3732,0.4088,21,181,21,285734,319876,27807,80149,2.9630219719144835,0.20035997750140616
3733,0.4089,6,40,6,285774,319836,27813,80143,2.9626514505909816,0.20036801932101436
3734,0.409,6,70,6,285844,319766,27819,80137,2.962003038274853,0.20039109484049883
3735,0.4091,3,35,3,285879,319731,27822,80134,2.9616788321167884,0.20040263588961274
3736,0.4092,18,137,18,286016,319594,27840,80116,2.9604097965837934,0.20043531560381275
3737,0.4093,19,218,19,286234,319376,27859,80097,2.9583904553707066,0.20050666753447668
3738,0.4094,14,47,14,286281,319329,27873,80083,2.9579550928155913,0.2005022382902867
3739,0.4095,18,124,18,286405,319205,27891,80065,2.956806476712735,0.2005284644476169
3740,0.4096,9,57,9,286462,319148,27900,80056,2.956278483826744,0.20053907275478203
3741,0.4097,11,39,11,286501,319109,27911,80045,2.9559172255363295,0.20053663498298901
3742,0.4098,17,185,17,286686,318924,27928,80028,2.954203564415132,0.2005955603681646
3743,0.4099,7,99,7,286785,318825,27935,80021,2.953286524139464,0.20063132136212974
3744,0.41,26,177,26,286962,318648,27961,79995,2.9516469672829673,0.2006682670961236
3745,0.4101,16,100,16,287062,318548,27977,79979,2.9507206639742116,0.2006865281398751
3746,0.4102,5,43,5,287105,318505,27982,79974,2.9503223535514467,0.20069815473337366
3747,0.4103,6,35,6,287140,318470,27988,79968,2.9499981473933823,0.20070374813647293
3748,0.4104,12,53,12,287193,318417,28000,79956,2.9495072066397423,0.2007063731728807
3749,0.4105,25,132,25,287325,318285,28025,79931,2.948284486272185,0.2007227233461237
3750,0.4106,13,78,13,287403,318207,28038,79918,2.9475619696913555,0.2007359497645212
3751,0.4107,10,81,10,287484,318126,28048,79908,2.946811664011264,0.2007567192752378
3752,0.4108,10,95,10,287579,318031,28058,79898,2.9459316758679464,0.20078456207011802
3753,0.4109,7,58,7,287637,317973,28065,79891,2.945394419948868,0.20079977077594355
3754,0.411,17,120,17,287757,317853,28082,79874,2.9442828559783614,0.2008261948522479
3755,0.4111,14,90,14,287847,317763,28096,79860,2.9434491830004816,0.20084351257346783
3756,0.4112,8,67,8,287914,317696,28104,79852,2.9428285597836155,0.20086127964421907
3757,0.4113,32,183,32,288097,317513,28136,79820,2.941133424728593,0.2008894302763677
3758,0.4114,20,99,20,288196,317414,28156,79800,2.9402163844529254,0.20089926336936764
3759,0.4115,10,77,10,288273,317337,28166,79790,2.939503130905184,0.20091809421167536
3760,0.4116,13,39,13,288312,317298,28179,79777,2.939141872614769,0.20091166656173268
3761,0.4117,27,174,27,288486,317124,28206,79750,2.9375301048575344,0.2009453882088522
3762,0.4118,19,170,19,288656,316954,28225,79731,2.9359553892326504,0.20099323140527117
3763,0.4119,13,86,13,288742,316868,28238,79718,2.9351587683871205,0.20101062569026643
3764,0.412,4,43,4,288785,316825,28242,79714,2.934760457964356,0.2010243633034834
3765,0.4121,11,100,11,288885,316725,28253,79703,2.9338341546556004,0.20105290241859808
3766,0.4122,10,64,10,288949,316661,28263,79693,2.933241320537997,0.2010652093835309
3767,0.4123,7,96,7,289045,316565,28270,79686,2.932352069361592,0.20109980795001148
3768,0.4124,14,78,14,289123,316487,28284,79672,2.9316295527807625,0.20111117001002124
3769,0.4125,13,91,13,289214,316396,28297,79659,2.930786616769795,0.2011311560263095
3770,0.4126,3,50,3,289264,316346,28300,79656,2.9303234651154173,0.20115049923990283
3771,0.4127,5,20,5,289284,316326,28305,79651,2.9301382044536664,0.2011505718766494
3772,0.4128,9,20,9,289304,316306,28314,79642,2.9299529437919154,0.20114257427743037
3773,0.4129,10,79,10,289383,316227,28324,79632,2.9292211641779984,0.20116253514508953
3774,0.413,7,68,7,289451,316159,28331,79625,2.928591277928045,0.20118296848786207
3775,0.4131,10,49,10,289500,316110,28341,79615,2.928137389306755,0.20118769347400342
3776,0.4132,9,49,9,289549,316061,28350,79606,2.9276835006854642,0.20119443875784435
3777,0.4133,41,251,41,289800,315810,28391,79565,2.9253584793804883,0.20123932975023712
3778,0.4134,17,109,17,289909,315701,28408,79548,2.924348808773945,0.2012604712472391
3779,0.4135,16,107,16,290016,315594,28424,79532,2.923357664233577,0.20128262883232184
3780,0.4136,12,113,12,290129,315481,28436,79520,2.922310941494683,0.20131594603557965
3781,0.4137,9,53,9,290182,315428,28445,79511,2.9218200007410426,0.20132476154545387
3782,0.4138,25,153,25,290335,315275,28470,79486,2.920402756678647,0.20135221057804595
3783,0.4139,8,42,8,290377,315233,28478,79478,2.9200137092889697,0.20135744886765253
3784,0.414,10,116,10,290493,315117,28488,79468,2.9189391974508134,0.20139640381666815
3785,0.4141,6,29,6,290522,315088,28494,79462,2.9186705694912742,0.20139906222278545
3786,0.4142,27,170,27,290692,314918,28521,79435,2.91709585386639,0.20143120503711143
3787,0.4143,20,99,20,290791,314819,28541,79415,2.9161788135907223,0.20144127599344552
3788,0.4144,15,99,15,290890,314720,28556,79400,2.9152617733150543,0.20146148381203693
3789,0.4145,3,41,3,290931,314679,28559,79397,2.9148819889584647,0.20147636496513363
3790,0.4146,16,54,16,290985,314625,28575,79381,2.9143817851717366,0.20147155119465185
3791,0.4147,4,12,4,290997,314613,28579,79377,2.914270628774686,0.20146958044620422
3792,0.4148,22,104,22,291101,314509,28601,79355,2.9133072733335803,0.2014781752076859
3793,0.4149,4,27,4,291128,314482,28605,79351,2.9130571714402165,0.2014838776841961
3794,0.415,20,171,20,291299,314311,28625,79331,2.911473192782245,0.20153083258392143
3795,0.4151,15,104,15,291403,314207,28640,79316,2.910509837341139,0.20155365760069932
3796,0.4152,10,96,10,291499,314111,28650,79306,2.909620586164734,0.2015825447298922
3797,0.4153,12,69,12,291568,314042,28662,79294,2.9089814368816924,0.20159354851831512
3798,0.4154,5,47,5,291615,313995,28667,79289,2.9085460743265776,0.20160748975295206
3799,0.4155,23,139,23,291754,313856,28690,79266,2.9072585127274073,0.20163206332894115
3800,0.4156,5,29,5,291783,313827,28695,79261,2.9069898847678686,0.20163678362097037
3801,0.4157,14,102,14,291885,313725,28709,79247,2.906045055392938,0.20166067811447125
3802,0.4158,12,88,12,291973,313637,28721,79235,2.905229908481233,0.201681463682828
3803,0.4159,23,116,23,292089,313521,28744,79212,2.904155396643077,0.2016942808472932
3804,0.416,4,35,4,292124,313486,28748,79208,2.9038311904850125,0.20170412585881117
3805,0.4161,7,63,7,292187,313423,28755,79201,2.9032476194004966,0.20172225844573943
3806,0.4162,4,40,4,292227,313383,28759,79197,2.9028770980769942,0.20173467828213357
3807,0.4163,5,47,5,292274,313336,28764,79192,2.9024417355218795,0.20174866506338401
3808,0.4164,18,163,18,292437,313173,28782,79174,2.900931861128608,0.20179585927762925
3809,0.4165,0,14,0,292451,313159,28782,79174,2.900802178665382,0.20180306015553115
3810,0.4166,23,159,23,292610,313000,28805,79151,2.899329356404461,0.20183806747910882
3811,0.4167,130,720,130,293330,312280,28935,79021,2.892659972581422,0.20194428330109046
3812,0.4168,12,45,12,293375,312235,28947,79009,2.8922431360924823,0.20194303299219923
3813,0.4169,15,96,15,293471,312139,28962,78994,2.891353884916077,0.20196199246803517
3814,0.417,12,81,12,293552,312058,28974,78982,2.890603579235985,0.2019793371522095
3815,0.4171,12,67,12,293619,311991,28986,78970,2.889982956019119,0.20198945674888288
3816,0.4172,12,81,12,293700,311910,28998,78958,2.889232650339027,0.20200681560015146
3817,0.4173,12,95,12,293795,311815,29010,78946,2.888352662195709,0.20203142074055497
3818,0.4174,9,61,9,293856,311754,29019,78937,2.8877876171773686,0.2020445825473328
3819,0.4175,21,114,21,293970,311640,29040,78916,2.8867316314053872,0.20206065199356815
3820,0.4176,10,78,10,294048,311562,29050,78906,2.8860091148245584,0.20208058022680475
3821,0.4177,33,210,33,294258,311352,29083,78873,2.8840638778761716,0.2021218527772439
3822,0.4178,2,38,2,294296,311314,29085,78871,2.8837118826188446,0.2021374476210003
3823,0.4179,22,167,22,294463,311147,29107,78849,2.882164956093223,0.20217899670765854
3824,0.418,15,104,15,294567,311043,29122,78834,2.8812016006521177,0.20220223301194992
3825,0.4181,18,156,18,294723,310887,29140,78816,2.879756567490459,0.2022463260482983
3826,0.4182,16,102,16,294825,310785,29156,78800,2.8788117381155285,0.20226651436785298
3827,0.4183,41,213,41,295038,310572,29197,78759,2.8768387120678796,0.20229316442821146
3828,0.4184,13,97,13,295135,310475,29210,78746,2.875940197858387,0.2023169356226925
3829,0.4185,12,69,12,295204,310406,29222,78734,2.8753010485753454,0.20232821092665879
3830,0.4186,18,141,18,295345,310265,29240,78716,2.87399496091,0.2023646399181451
3831,0.4187,20,117,20,295462,310148,29260,78696,2.8729111860387566,0.20238450381129708
3832,0.4188,4,31,4,295493,310117,29264,78692,2.8726240320130425,0.20239243433150983
3833,0.4189,22,147,22,295640,309970,29286,78670,2.871262366149172,0.20242383696994648
3834,0.419,10,115,10,295755,309855,29296,78660,2.870197117344103,0.20246322535809427
3835,0.4191,18,146,18,295901,309709,29314,78642,2.8688447145133202,0.20250237542841398
3836,0.4192,15,137,15,296038,309572,29329,78627,2.8675756789803253,0.20254302561315202
3837,0.4193,13,75,13,296113,309497,29342,78614,2.8668809514987585,0.20255545449626525
3838,0.4194,20,155,20,296268,309342,29362,78594,2.865445181370188,0.20259527344716655
3839,0.4195,17,130,17,296398,309212,29379,78577,2.864240987068806,0.20262823339496477
3840,0.4196,8,147,8,296545,309065,29387,78569,2.8628793212049355,0.20268861864542326
3841,0.4197,13,79,13,296624,308986,29400,78556,2.8621475415910185,0.20270319087995622
3842,0.4198,18,152,18,296776,308834,29418,78538,2.8607395605617105,0.20274568115403283
3843,0.4199,9,71,9,296847,308763,29427,78529,2.860081885212494,0.20276432252667237
3844,0.42,36,177,36,297024,308586,29463,78493,2.8584423283559968,0.2027828944479034
3845,0.4201,7,78,7,297102,308508,29470,78486,2.857719811775168,0.20280934588133148
3846,0.4202,16,139,16,297241,308369,29486,78470,2.8564322501759976,0.20284924736130536
3847,0.4203,7,85,7,297326,308284,29493,78463,2.8556448923635553,0.2028794017794579
3848,0.4204,6,55,6,297381,308229,29499,78457,2.85513542554374,0.2028958896882742
3849,0.4205,12,62,12,297443,308167,29511,78445,2.854561117492312,0.2029036863832473
3850,0.4206,19,131,19,297574,308036,29530,78426,2.853347660157842,0.20293327675165992
3851,0.4207,2,33,2,297607,308003,29532,78424,2.853041980065953,0.20294648148291916
3852,0.4208,11,86,11,297693,307917,29543,78413,2.852245359220423,0.20296896435689696
3853,0.4209,22,125,22,297818,307792,29565,78391,2.851087480084479,0.2029892563888105
3854,0.421,21,137,21,297955,307655,29586,78370,2.849818444551484,0.20301793925263908
3855,0.4211,10,50,10,298005,307605,29596,78360,2.849355292897106,0.20302359022191133
3856,0.4212,14,110,14,298115,307495,29610,78346,2.848336359257475,0.2030525527354532
3857,0.4213,16,145,16,298260,307350,29626,78330,2.84699321945978,0.20309583074051027
3858,0.4214,11,92,11,298352,307258,29637,78319,2.846141020415725,0.20312155548697147
3859,0.4215,8,65,8,298417,307193,29645,78311,2.845538923265034,0.2031392670374367
3860,0.4216,8,80,8,298497,307113,29653,78303,2.8447978806180294,0.2031648919608942
3861,0.4217,23,201,23,298698,306912,29676,78280,2.8429360109674313,0.20322332758728115
3862,0.4218,2,21,2,298719,306891,29678,78278,2.8427414872725927,0.20323027034885985
3863,0.4219,24,161,24,298880,306730,29702,78254,2.8412501389454965,0.20326559025829644
3864,0.422,17,100,17,298980,306630,29719,78237,2.840323835636741,0.20328321212262937
3865,0.4221,6,66,6,299046,306564,29725,78231,2.8397124754529623,0.20330565625852726
3866,0.4222,8,89,8,299135,306475,29733,78223,2.83888806550817,0.20333612340069354
3867,0.4223,9,91,9,299226,306384,29742,78214,2.8380451294972024,0.20336559212476404
3868,0.4224,12,84,12,299310,306300,29754,78202,2.837267034717848,0.20338515794456205
3869,0.4225,36,174,36,299484,306126,29790,78166,2.8356552669606137,0.20340262092367262
3870,0.4226,18,140,18,299624,305986,29808,78148,2.834358442328356,0.20343942478405974
3871,0.4227,12,77,12,299701,305909,29820,78136,2.8336451887806144,0.2034553242458566
3872,0.4228,6,118,6,299819,305791,29826,78130,2.8325521508762828,0.20350540866480343
3873,0.4229,12,60,12,299879,305731,29838,78118,2.8319963688910295,0.20351231864613428
3874,0.423,19,156,19,300035,305575,29857,78099,2.8305513357293712,0.20355562274222386
3875,0.4231,11,101,11,300136,305474,29868,78088,2.8296157693875283,0.2035863823840735
3876,0.4232,13,100,13,300236,305374,29881,78075,2.8286894660787727,0.20361247519226808
3877,0.4233,29,252,29,300488,305122,29910,78046,2.826355181740709,0.20368611157507935
3878,0.4234,15,166,15,300654,304956,29925,78031,2.8248175182481754,0.20374320799400503
3879,0.4235,6,36,6,300690,304920,29931,78025,2.8244840490570233,0.20374988575382888
3880,0.4236,20,135,20,300825,304785,29951,78005,2.8232335395902033,0.20378014054703622
3881,0.4237,7,49,7,300874,304736,29958,77998,2.822779650968913,0.20379166731986184
3882,0.4238,18,193,18,301067,304543,29976,77980,2.820991885583015,0.20385702297639618
3883,0.4239,27,181,27,301248,304362,30003,77953,2.819315276594168,0.20389730980997345
3884,0.424,11,32,11,301280,304330,30014,77942,2.8190188595353662,0.20389146994809978
3885,0.4241,7,52,7,301332,304278,30021,77935,2.8185371818148135,0.2039046290942485
3886,0.4242,3,94,3,301426,304184,30024,77932,2.8176664567045835,0.20394853918705314
3887,0.4243,15,87,15,301513,304097,30039,77917,2.816860572825966,0.2039637290779919
3888,0.4244,20,144,20,301657,303953,30059,77897,2.8155266960613585,0.2039989524682467
3889,0.4245,12,94,12,301751,303859,30071,77885,2.814655970951128,0.20402416278972296
3890,0.4246,6,40,6,301791,303819,30077,77879,2.814285449627626,0.2040330313493914
3891,0.4247,25,175,25,301966,303644,30102,77854,2.8126644188373042,0.20407446434843696
3892,0.4248,11,89,11,302055,303555,30113,77843,2.8118400088925117,0.20409913004263264
3893,0.4249,20,96,20,302151,303459,30133,77823,2.8109507577161064,0.2041087698868554
3894,0.425,88,508,88,302659,302951,30221,77735,2.806245136907629,0.20419715986403492
3895,0.4251,10,78,10,302737,302873,30231,77725,2.8055226203268,0.20421809888648915
3896,0.4252,16,61,16,302798,302812,30247,77709,2.804957575308459,0.20421737565075251
3897,0.4253,20,84,20,302882,302728,30267,77689,2.8041794805291045,0.20422063157009282
3898,0.4254,7,64,7,302946,302664,30274,77682,2.803586646411501,0.2042403495764383
3899,0.4255,13,81,13,303027,302583,30287,77669,2.802836340731409,0.20425665085259248
3900,0.4256,9,49,9,303076,302534,30296,77660,2.802382452110119,0.20426413883438455
3901,0.4257,8,88,8,303164,302446,30304,77652,2.801567305198414,0.20429468189782635
3902,0.4258,14,88,14,303252,302358,30318,77638,2.800752158286709,0.20431267697554711
3903,0.4259,1,31,1,303283,302327,30319,77637,2.800465004260995,0.20432725205545788
3904,0.426,31,194,31,303477,302133,30350,77606,2.79866797584201,0.20436668343256817
3905,0.4261,15,96,15,303573,302037,30365,77591,2.7977787246656045,0.20438692614875614
3906,0.4262,13,122,13,303695,301915,30378,77578,2.796648634628923,0.20442537807021474
3907,0.4263,3,40,3,303735,301875,30381,77575,2.7962781133054206,0.20444063776518645
3908,0.4264,13,102,13,303837,301773,30394,77562,2.79533328393049,0.20446834592115148
3909,0.4265,14,108,14,303945,301665,30408,77548,2.7943328763570343,0.20449720869273996
3910,0.4266,13,91,13,304036,301574,30421,77535,2.793489940346067,0.20451901695818353
3911,0.4267,37,256,37,304292,301318,30458,77498,2.791118603875653,0.20457953201554316
3912,0.4268,13,120,13,304412,301198,30471,77485,2.7900070399051464,0.20461705437001396
3913,0.4269,11,58,11,304470,301140,30482,77474,2.7894697839860685,0.20462529119366954
3914,0.427,16,43,16,304513,301097,30498,77458,2.7890714735633035,0.204614917251126
3915,0.4271,16,105,16,304618,300992,30514,77442,2.7880988550891104,0.20463806106216673
3916,0.4272,7,46,7,304664,300946,30521,77435,2.787672755567083,0.20464822493729865
3917,0.4273,13,56,13,304720,300890,30534,77422,2.78715402571418,0.2046511873797289
3918,0.4274,17,95,17,304815,300795,30551,77405,2.786274037570862,0.20466684294024326
3919,0.4275,23,148,23,304963,300647,30574,77382,2.784903108673904,0.2046985813257713
3920,0.4276,8,34,8,304997,300613,30582,77374,2.7845881655489273,0.20470016164577087
3921,0.4277,21,127,21,305124,300486,30603,77353,2.783411760346808,0.20472476372211446
3922,0.4278,12,135,12,305259,300351,30615,77341,2.7821612508799882,0.20477267191256368
3923,0.4279,10,63,10,305322,300288,30625,77331,2.7815776797954723,0.20478577613944213
3924,0.428,15,65,15,305387,300223,30640,77316,2.780975582644781,0.2047894389718678
3925,0.4281,9,43,9,305430,300180,30649,77307,2.7805772722220166,0.20479380746886647
3926,0.4282,8,46,8,305476,300134,30657,77299,2.780151172699989,0.20480191186250274
3927,0.4283,20,155,20,305631,299979,30677,77279,2.778715402571418,0.2048438999305515
3928,0.4284,16,85,16,305716,299894,30693,77263,2.777928044758976,0.2048563330390262
3929,0.4285,6,92,6,305808,299802,30699,77257,2.7770758457149207,0.20489366385631957
3930,0.4286,13,111,13,305919,299691,30712,77244,2.7760476490422024,0.2049265788531179
3931,0.4287,10,79,10,305998,299612,30722,77234,2.775315869428286,0.20494844047701183
3932,0.4288,14,135,14,306133,299477,30736,77220,2.7740653599614657,0.20499234132472519
3933,0.4289,19,133,19,306266,299344,30755,77201,2.772833376560821,0.20502463185011088
3934,0.429,3,31,3,306297,299313,30758,77198,2.772546222535107,0.2050351782550842
3935,0.4291,1,9,1,306306,299304,30759,77197,2.7724628552373187,0.20503796802664534
3936,0.4292,22,97,22,306403,299207,30781,77175,2.771564341027826,0.2050443432470203
3937,0.4293,10,56,10,306459,299151,30791,77165,2.771045611174923,0.20505373143847191
3938,0.4294,4,61,4,306520,299090,30795,77161,2.770480566156582,0.20507852470823998
3939,0.4295,14,84,14,306604,299006,30809,77147,2.7697024713772276,0.20509473538693032
3940,0.4296,27,135,27,306739,298871,30836,77120,2.768451961910408,0.20511129255753463
3941,0.4297,13,91,13,306830,298780,30849,77107,2.7676090258994406,0.20513345766147806
3942,0.4298,15,105,15,306935,298675,30864,77092,2.7666364074252474,0.20515904802710191
3943,0.4299,23,158,23,307093,298517,30887,77069,2.765172848197414,0.20519667932244545
3944,0.43,37,260,37,307353,298257,30924,77032,2.7627644595946497,0.20526047925731902
3945,0.4301,11,71,11,307424,298186,30935,77021,2.762106784245433,0.20527602096975803
3946,0.4302,14,150,14,307574,298036,30949,77007,2.7607173292823,0.20532845567041647
3947,0.4303,10,39,10,307613,297997,30959,76997,2.7603560709918855,0.2053286185912308
3948,0.4304,19,103,19,307716,297894,30978,76978,2.7594019785838677,0.2053447576772872
3949,0.4305,6,71,6,307787,297823,30984,76972,2.7587443032346513,0.2053709361117411
3950,0.4306,6,59,6,307846,297764,30990,76966,2.7581977842824856,0.20539054786112668
3951,0.4307,21,159,21,308005,297605,31011,76945,2.7567249620215644,0.20543318649045522
3952,0.4308,41,182,41,308187,297423,31052,76904,2.7550390899996295,0.20544604049400658
3953,0.4309,26,176,26,308363,297247,31078,76878,2.75340879617622,0.2054874707651186
3954,0.431,6,73,6,308436,297174,31084,76872,2.7527325947608285,0.20551482972682505
3955,0.4311,16,85,16,308521,297089,31100,76856,2.7519452369483863,0.20552755084303842
3956,0.4312,20,181,20,308702,296908,31120,76836,2.750268627959539,0.20558457125733123
3957,0.4313,7,68,7,308770,296840,31127,76829,2.7496387417095853,0.20560710147215852
3958,0.4314,21,112,21,308882,296728,31148,76808,2.7486012820037793,0.2056240897798338
3959,0.4315,19,114,19,308996,296614,31167,76789,2.7475452962317983,0.20564644633278253
3960,0.4316,26,146,26,309142,296468,31193,76763,2.746192893401015,0.2056715546136307
3961,0.4317,20,142,20,309284,296326,31213,76743,2.7448775427025827,0.205707255226245
3962,0.4318,4,31,4,309315,296295,31217,76739,2.7445903886768686,0.20571583287314293
3963,0.4319,17,128,17,309443,296167,31234,76722,2.7434047204416614,0.2057502366656029
3964,0.432,10,45,10,309488,296122,31244,76712,2.7429878839527215,0.20575376709205706
3965,0.4321,12,93,12,309581,296029,31256,76700,2.7421264218755788,0.20577953419240252
3966,0.4322,18,147,18,309728,295882,31274,76682,2.7407647560117083,0.20582235535371105
3967,0.4323,3,32,3,309760,295850,31277,76679,2.7404683389529065,0.20583363979717015
3968,0.4324,6,55,6,309815,295795,31283,76673,2.739958872133091,0.20585124091197096
3969,0.4325,8,97,8,309912,295698,31291,76665,2.7390603579235986,0.2058878030309134
3970,0.4326,8,75,8,309987,295623,31299,76657,2.738365630442032,0.2059122166111529
3971,0.4327,18,102,18,310089,295521,31317,76639,2.7374208010671013,0.20593024505588994
3972,0.4328,16,123,16,310212,295398,31333,76623,2.736281447997332,0.20596417944148315
3973,0.4329,25,154,25,310366,295244,31358,76598,2.7348549409018488,0.2059960951156674
3974,0.433,9,54,9,310420,295190,31367,76589,2.734354737115121,0.20600679435901437
3975,0.4331,27,214,27,310634,294976,31394,76562,2.7323724480343845,0.2060677508088002
3976,0.4332,5,50,5,310684,294926,31399,76557,2.7319092963800067,0.20608480065036625
3977,0.4333,146,884,146,311568,294042,31545,76411,2.7237207751306087,0.2062636825724181
3978,0.4334,21,167,21,311735,293875,31566,76390,2.7221738486049873,0.20631169567742022
3979,0.4335,3,10,3,311745,293865,31569,76387,2.722081218274112,0.20631083694348715
3980,0.4336,32,175,32,311920,293690,31601,76355,2.7204601874837895,0.20633976948749477
3981,0.4337,18,81,18,312001,293609,31619,76337,2.719709881803698,0.20634633162677796
3982,0.4338,15,116,15,312117,293493,31634,76322,2.7186353699655417,0.20637886510822978
3983,0.4339,14,91,14,312208,293402,31648,76308,2.7177924339545743,0.20639961050553135
3984,0.434,13,125,13,312333,293277,31661,76295,2.7166345548186297,0.20644150530884375
3985,0.4341,21,147,21,312480,293130,31682,76274,2.7152728889547593,0.20647854381652608
3986,0.4342,2,40,2,312520,293090,31684,76272,2.7149023676312574,0.20649660766402608
3987,0.4343,4,39,4,312559,293051,31688,76268,2.7145411093408427,0.20650981942440005
3988,0.4344,4,40,4,312599,293011,31692,76264,2.7141705880173403,0.20652359352785865
3989,0.4345,5,59,5,312658,292952,31697,76259,2.7136240690651747,0.20654585047574422
3990,0.4346,22,174,22,312832,292778,31719,76237,2.7120123013079405,0.20659593783450536
3991,0.4347,0,9,0,312841,292769,31719,76237,2.7119289340101522,0.206600976677886
3992,0.4348,25,133,25,312974,292636,31744,76212,2.7106969506095075,0.20662169782674705
3993,0.4349,16,45,16,313019,292591,31760,76196,2.7102801141205677,0.20661248905194599
3994,0.435,34,230,34,313249,292361,31794,76162,2.70814961651043,0.20666824051687413
3995,0.4351,5,25,5,313274,292336,31799,76157,2.7079180406832415,0.20667149715191332
3996,0.4352,20,163,20,313437,292173,31819,76137,2.70640816628997,0.20671988270750183
3997,0.4353,34,202,34,313639,291971,31853,76103,2.704537033606284,0.20676005368485684
3998,0.4354,11,82,11,313721,291889,31864,76092,2.7037774648931046,0.2067824153964471
3999,0.4355,22,132,22,313853,291757,31886,76070,2.7025547445255476,0.20680917931527593
4000,0.4356,9,45,9,313898,291712,31895,76061,2.7021379080366077,0.20681507342844635
4001,0.4357,8,81,8,313979,291631,31903,76053,2.7013876023565158,0.20684337637754158
4002,0.4358,9,86,9,314065,291545,31912,76044,2.700590981510986,0.20687234928139853
4003,0.4359,21,182,21,314247,291363,31933,76023,2.698905109489051,0.2069294964968725
4004,0.436,20,60,20,314307,291303,31953,76003,2.6983493275037977,0.20692011565288887
4005,0.4361,6,44,6,314351,291259,31959,75997,2.6979417540479456,0.20693194937591217
4006,0.4362,12,115,12,314466,291144,31971,75985,2.696876505242877,0.20697084675958588
4007,0.4363,19,148,19,314614,290996,31990,75966,2.695505576345919,0.20701326022857952
4008,0.4364,15,96,15,314710,290900,32005,75951,2.6946163251695134,0.20703500876377604
4009,0.4365,4,45,4,314755,290855,32009,75947,2.6941994886805736,0.20705176089552402
4010,0.4366,21,138,21,314893,290717,32030,75926,2.692921190114491,0.20708427543959657
4011,0.4367,39,217,39,315110,290500,32069,75887,2.6909111119344917,0.20712252345197837
4012,0.4368,3,32,3,315142,290468,32072,75884,2.69061469487569,0.20713412237411014
4013,0.4369,29,144,29,315286,290324,32101,75855,2.689280818111082,0.20715278593256303
4014,0.437,8,36,8,315322,290288,32109,75847,2.6889473489199305,0.2071558304996791
4015,0.4371,4,48,4,315370,290240,32113,75843,2.6885027233317276,0.20717432931876104
4016,0.4372,7,27,7,315397,290213,32120,75836,2.6882526214383637,0.20717444932235848
4017,0.4373,18,155,18,315552,290058,32138,75818,2.6868168513097928,0.20722321223583948
4018,0.4374,6,23,6,315575,290035,32144,75812,2.686603801548779,0.2072232381296006
4019,0.4375,7,79,7,315654,289956,32151,75805,2.685872021934862,0.20725282356511493
4020,0.4376,20,70,20,315724,289886,32171,75785,2.6852236096187334,0.20724913925359134
4021,0.4377,9,38,9,315762,289848,32180,75776,2.6848716143614064,0.2072511651313918
4022,0.4378,8,72,8,315834,289776,32188,75768,2.6842046759791027,0.2072746372529709
4023,0.4379,14,92,14,315926,289684,32202,75754,2.6833524769350476,0.20729644973976433
4024,0.438,10,43,10,315969,289641,32212,75744,2.6829541665122827,0.20729915021142084
4025,0.4381,9,99,9,316068,289542,32221,75735,2.6820371262366147,0.20733580269220345
4026,0.4382,6,56,6,316124,289486,32227,75729,2.6815183963837117,0.20735457196445928
4027,0.4383,29,170,29,316294,289316,32256,75700,2.6799436807588277,0.20738816928572995
4028,0.4384,22,120,22,316414,289196,32278,75678,2.678832116788321,0.2074085848813563
4029,0.4385,8,80,8,316494,289116,32286,75670,2.678091074141317,0.2074366889080173
4030,0.4386,9,107,9,316601,289009,32295,75661,2.6770999296009483,0.20747799380261606
4031,0.4387,20,88,20,316689,288921,32315,75641,2.676284782689244,0.20748459795590324
4032,0.4388,17,97,17,316786,288824,32332,75624,2.675386268479751,0.2075028536306963
4033,0.4389,26,199,26,316985,288625,32358,75598,2.6735429248953277,0.20755965438755927
4034,0.439,3,51,3,317036,288574,32361,75595,2.6730705102078627,0.2075821939813658
4035,0.4391,7,56,7,317092,288518,32368,75588,2.672551780354959,0.20759888603868104
4036,0.4392,10,56,10,317148,288462,32378,75578,2.672033050502056,0.20760905395011536
4037,0.4393,1,31,1,317179,288431,32379,75577,2.671745896476342,0.20762455770202853
4038,0.4394,24,132,24,317311,288299,32403,75553,2.670523176108785,0.20764761496432615
4039,0.4395,5,73,5,317384,288226,32408,75548,2.6698469746933937,0.20767839372797398
4040,0.4396,5,59,5,317443,288167,32413,75543,2.669300455741228,0.20770119050892194
4041,0.4397,31,123,31,317566,288044,32444,75512,2.668161102671459,0.2077039025624663
4042,0.4398,14,89,14,317655,287955,32458,75498,2.6673366927266664,0.2077242449505163
4043,0.4399,27,236,27,317891,287719,32485,75471,2.6651506169180035,0.20780032489881328
4044,0.44,61,359,61,318250,287360,32546,75410,2.661825188039572,0.20787275684317888
4045,0.4401,12,83,12,318333,287277,32558,75398,2.6610563562933045,0.2078941200799614
4046,0.4402,6,31,6,318364,287246,32564,75392,2.6607692022675904,0.20789878611728502
4047,0.4403,10,91,10,318455,287155,32574,75382,2.659926266256623,0.20792912171723163
4048,0.4404,19,96,19,318551,287059,32593,75363,2.659037015080218,0.2079426745616988
4049,0.4405,29,140,29,318691,286919,32622,75334,2.65774019044796,0.20795963042404067
4050,0.4406,31,216,31,318907,286703,32653,75303,2.6557393753010485,0.20801588923940487
4051,0.4407,29,171,29,319078,286532,32682,75274,2.654155396643077,0.20805072331581012
4052,0.4408,32,183,32,319261,286349,32714,75242,2.6524602615880544,0.2080859313423177
4053,0.4409,6,47,6,319308,286302,32720,75236,2.652024899032939,0.20809984012745547
4054,0.441,14,89,14,319397,286213,32734,75222,2.651200489088147,0.20812040892553293
4055,0.4411,11,59,11,319456,286154,32745,75211,2.6506539701359815,0.20813028378509263
4056,0.4412,14,101,14,319557,286053,32759,75197,2.649718403794138,0.20815778546712801
4057,0.4413,21,121,21,319678,285932,32780,75176,2.6485975767905443,0.2081814858712629
4058,0.4414,18,101,18,319779,285831,32798,75158,2.6476620104487014,0.2082002498691096
4059,0.4415,13,92,13,319871,285739,32811,75145,2.6468098114046463,0.20822480353797895
4060,0.4416,12,60,12,319931,285679,32823,75133,2.646254029419393,0.20823309646020643
4061,0.4417,63,336,63,320267,285343,32886,75070,2.643141650301975,0.20828882421000353
4062,0.4418,17,116,17,320383,285227,32903,75053,2.6420671384638186,0.2083185300321972
4063,0.4419,8,64,8,320447,285163,32911,75045,2.641474304346215,0.20833796028961044
4064,0.442,7,45,7,320492,285118,32918,75038,2.641057467857275,0.2083486044936083
4065,0.4421,10,107,10,320599,285011,32928,75028,2.640066323316907,0.20838853568641175
4066,0.4422,14,64,14,320663,284947,32942,75014,2.6394734891993035,0.20839479832537414
4067,0.4423,23,157,23,320820,284790,32965,74991,2.6380191930045576,0.20843513137158437
4068,0.4424,14,77,14,320897,284713,32979,74977,2.637305939456816,0.20844894214462453
4069,0.4425,12,91,12,320988,284622,32991,74965,2.6364630034458485,0.20847527858348605
4070,0.4426,4,68,4,321056,284554,32995,74961,2.6358331171958946,0.20850590378704645
4071,0.4427,13,67,13,321123,284487,33008,74948,2.6352124939790285,0.20851614339171198
4072,0.4428,21,144,21,321267,284343,33029,74927,2.6338786172144206,0.20855345561833719
4073,0.4429,17,145,17,321412,284198,33046,74910,2.632535477416725,0.2086001982690444
4074,0.443,15,100,15,321512,284098,33061,74895,2.63160917410797,0.2086252378180076
4075,0.4431,2,23,2,321535,284075,33063,74893,2.6313961243469564,0.20863419580575426
4076,0.4432,32,160,32,321695,283915,33095,74861,2.6299140390529474,0.20865665484870782
4077,0.4433,48,334,48,322029,283581,33143,74813,2.626820186001704,0.20874512408131832
4078,0.4434,12,90,12,322119,283491,33155,74801,2.6259865130238245,0.20877105824299733
4079,0.4435,4,11,4,322130,283480,33159,74797,2.6258846196598613,0.20876863432483805
4080,0.4436,14,112,14,322242,283368,33173,74783,2.6248471599540553,0.2088029909172388
4081,0.4437,5,46,5,322288,283322,33178,74778,2.6244210604320277,0.2088187657079028
4082,0.4438,20,110,20,322398,283212,33198,74758,2.623402126792397,0.2088387295024723
4083,0.4439,10,107,10,322505,283105,33208,74748,2.6224109822520285,0.2088790648674176
4084,0.444,9,57,9,322562,283048,33217,74739,2.621882989366038,0.20889244159234405
4085,0.4442,24,182,24,322744,282866,33241,74715,2.620197117344103,0.2089456654576166
4086,0.4443,33,97,33,322841,282769,33274,74682,2.6192986031346104,0.20892933576909842
4087,0.4444,15,90,15,322931,282679,33289,74667,2.6184649301567307,0.20894874995102786
4088,0.4445,5,31,5,322962,282648,33294,74662,2.6181777761310165,0.20895580868153704
4089,0.4446,30,220,30,323182,282428,33324,74632,2.6161399088517543,0.2090180921973898
4090,0.4447,6,56,6,323238,282372,33330,74626,2.6156211789988513,0.2090375856447375
4091,0.4448,5,97,5,323335,282275,33335,74621,2.6147226647893587,0.20908331838967095
4092,0.4449,15,77,15,323412,282198,33350,74606,2.614009411241617,0.2090951895158126
4093,0.445,28,169,28,323581,282029,33378,74578,2.6124439586498203,0.2091321819257614
4094,0.4451,5,36,5,323617,281993,33383,74573,2.612110489458668,0.20914220649192575
4095,0.4452,11,96,11,323713,281897,33394,74562,2.6112212382822633,0.20917412661764748
4096,0.4453,8,36,8,323749,281861,33402,74554,2.610887769091111,0.2091775037526479
4097,0.4454,20,153,20,323902,281708,33422,74534,2.6094705250287156,0.20922294395382915
4098,0.4455,15,103,15,324005,281605,33437,74519,2.6085164326206973,0.20925014882456672
4099,0.4456,20,117,20,324122,281488,33457,74499,2.6074326577494533,0.20927449597878575
4100,0.4457,18,152,18,324274,281336,33475,74481,2.6060246767201454,0.20932389402417534
4101,0.4458,11,59,11,324333,281277,33486,74470,2.6054781577679798,0.2093341616373434
4102,0.4459,14,71,14,324404,281206,33500,74456,2.6048204824187633,0.20934482739229943
4103,0.446,18,96,18,324500,281110,33518,74438,2.603931231242358,0.20936132392813347
4104,0.4461,10,109,10,324609,281001,33528,74428,2.6029215606358145,0.20940328448157017
4105,0.4462,28,119,28,324728,280882,33556,74400,2.6018192596983956,0.2094111156771241
4106,0.4463,12,102,12,324830,280780,33568,74388,2.600874430323465,0.20944454455356337
4107,0.4464,23,167,23,324997,280613,33591,74365,2.5993275037978436,0.20949185583331925
4108,0.4465,12,40,12,325037,280573,33603,74353,2.5989569824743413,0.20948873849760233
4109,0.4466,12,94,12,325131,280479,33615,74341,2.5980862573641113,0.20951750183191478
4110,0.4467,43,229,43,325360,280250,33658,74298,2.595965022787061,0.2095569570269752
4111,0.4468,24,149,24,325509,280101,33682,74274,2.594584830857016,0.20959153439153438
4112,0.4469,29,228,29,325737,279873,33711,74245,2.5924728593130535,0.20966175116768987
4113,0.447,11,77,11,325814,279796,33722,74234,2.591759605765312,0.20968279524334096
4114,0.4471,35,172,35,325986,279624,33757,74199,2.5901663640742525,0.20970654818934892
4115,0.4472,16,127,16,326113,279497,33773,74183,2.588989958872133,0.20974609816783532
4116,0.4473,2,9,2,326122,279488,33775,74181,2.588906591574345,0.20974696679663754
4117,0.4474,15,89,15,326211,279399,33790,74166,2.5880821816295527,0.2097662381740274
4118,0.4475,34,188,34,326399,279211,33824,74132,2.5863407314090927,0.20980180730904532
4119,0.4476,13,97,13,326496,279114,33837,74119,2.5854422171995997,0.20983033861502182
4120,0.4477,15,69,15,326565,279045,33852,74104,2.5848030679165586,0.20983777385749358
4121,0.4478,5,48,5,326613,278997,33857,74099,2.584358442328356,0.2098551102249813
4122,0.4479,22,94,22,326707,278903,33879,74077,2.583487717218126,0.20986174854099382
4123,0.448,2,22,2,326729,278881,33881,74075,2.5832839304901998,0.20987035211187796
4124,0.4481,12,70,12,326799,278811,33893,74063,2.582635518174071,0.20988511480018363
4125,0.4482,12,77,12,326876,278734,33905,74051,2.5819222646263293,0.2099040492084414
4126,0.4483,39,184,39,327060,278550,33944,74012,2.580217866538219,0.20992619737804982
4127,0.4484,29,227,29,327287,278323,33973,73983,2.5781151580273445,0.20999642356360665
4128,0.4485,20,137,20,327424,278186,33993,73963,2.5768461224943495,0.21003325296962366
4129,0.4486,18,111,18,327535,278075,34011,73945,2.575817925821631,0.21005908755184363
4130,0.4487,8,62,8,327597,278013,34019,73937,2.5752436177702025,0.21007813609887768
4131,0.4488,17,76,17,327673,277937,34036,73920,2.5745396272555485,0.21008534717228874
4132,0.4489,30,174,30,327847,277763,34066,73890,2.5729278594983143,0.21012190995100283
4133,0.449,9,91,9,327938,277672,34075,73881,2.572084923487347,0.21015607888426496
4134,0.4491,8,52,8,327990,277620,34083,73873,2.5716032457667937,0.21016919255860003
4135,0.4492,18,115,18,328105,277505,34101,73855,2.570537996961725,0.21019751821493624
4136,0.4493,1,24,1,328129,277481,34102,73854,2.570315684167624,0.21020962898657977
4137,0.4494,25,165,25,328294,277316,34127,73829,2.5687872837081773,0.21025217502741034
4138,0.4495,10,79,10,328373,277237,34137,73819,2.5680555040942608,0.21027699284444648
4139,0.4496,14,143,14,328516,277094,34151,73805,2.56673089036274,0.21033117791729244
4140,0.4497,7,78,7,328594,277016,34158,73798,2.5660083737819113,0.21036218622973998
4141,0.4498,23,176,23,328770,276840,34181,73775,2.5643780799585016,0.21041598334355346
4142,0.4499,3,40,3,328810,276800,34184,73772,2.5640075586349993,0.21043323482765308
4143,0.45,201,1002,201,329812,275798,34385,73571,2.55472599948127,0.2105825073203404
4144,0.4501,16,74,16,329886,275724,34401,73555,2.554040535032791,0.21059096023522741
4145,0.4502,24,122,24,330008,275602,34425,73531,2.5529104449961095,0.21061028318720945
4146,0.4503,12,57,12,330065,275545,34437,73519,2.552382452110119,0.21061753718515802
4147,0.4504,11,87,11,330152,275458,34448,73508,2.5515765682315017,0.21064516313910236
4148,0.4505,5,29,5,330181,275429,34453,73503,2.5513079402719625,0.21065135900404663
4149,0.4506,17,97,17,330278,275332,34470,73486,2.55040942606247,0.2106714676421515
4150,0.4507,41,184,41,330462,275148,34511,73445,2.5487050279743597,0.21068983026050436
4151,0.4508,34,171,34,330633,274977,34545,73411,2.547121049316388,0.21071621295796641
4152,0.4509,5,34,5,330667,274943,34550,73406,2.5468061061914113,0.21072545062566564
4153,0.451,11,136,11,330803,274807,34561,73395,2.545546333691504,0.21078282146570093
4154,0.4511,33,159,33,330962,274648,34594,73362,2.544073511430583,0.2108042872331255
4155,0.4512,24,107,24,331069,274541,34618,73338,2.5430823668902147,0.21081467981683286
4156,0.4513,8,58,8,331127,274483,34626,73330,2.5425451109711363,0.21083168254205564
4157,0.4514,33,163,33,331290,274320,34659,73297,2.5410352365778652,0.21085562558793156
4158,0.4515,3,25,3,331315,274295,34662,73294,2.5408036607506763,0.2108639801604769
4159,0.4516,10,71,10,331386,274224,34672,73284,2.54014598540146,0.2108843537414966
4160,0.4517,18,136,18,331522,274088,34690,73266,2.5388862129015526,0.21092602935333982
4161,0.4518,11,84,11,331606,274004,34701,73255,2.538108118122198,0.2109520559582329
4162,0.4519,25,112,25,331718,273892,34726,73230,2.537070658416392,0.21096329244473125
4163,0.452,15,112,15,331830,273780,34741,73215,2.536033198710586,0.2109972766178187
4164,0.4521,20,89,20,331919,273691,34761,73195,2.5352087887657935,0.21100592125366835
4165,0.4522,22,61,22,331980,273630,34783,73173,2.5346437437474525,0.21099298448975354
4166,0.4523,18,119,18,332099,273511,34801,73155,2.5335414428100336,0.21102444427777745
4167,0.4524,14,95,14,332194,273416,34815,73141,2.532661454666716,0.21105041883441975
4168,0.4525,25,102,25,332296,273314,34840,73116,2.5317166252917858,0.21105562451288862
4169,0.4526,14,97,14,332393,273217,34854,73102,2.5308181110822927,0.21108284558456222
4170,0.4527,23,142,23,332535,273075,34877,73079,2.5295027603838602,0.21111701728132565
4171,0.4528,27,170,27,332705,272905,34904,73052,2.527928044758976,0.21115919030399732
4172,0.4529,10,65,10,332770,272840,34914,73042,2.527325947608285,0.2111760658259175
4173,0.453,7,27,7,332797,272813,34921,73035,2.5270758457149207,0.2111765862459809
4174,0.4531,4,40,4,332837,272773,34925,73031,2.526705324391419,0.21119188904697458
4175,0.4532,15,78,15,332915,272695,34940,73016,2.5259828078105895,0.21120531310834773
4176,0.4533,29,170,29,333085,272525,34969,72987,2.5244080921857055,0.21124302484428906
4177,0.4534,11,55,11,333140,272470,34980,72976,2.5238986253658897,0.2112515414854999
4178,0.4535,20,168,20,333308,272302,35000,72956,2.5223424358071806,0.21130864454987286
4179,0.4536,30,226,30,333534,272076,35030,72926,2.5202489903293936,0.21137848476240717
4180,0.4537,32,204,32,333738,271872,35062,72894,2.5183593315795325,0.21143036146255723
4181,0.4538,14,43,14,333781,271829,35076,72880,2.5179610211567676,0.21142470895741045
4182,0.4539,10,53,10,333834,271776,35086,72870,2.517470080403127,0.2114343413241413
4183,0.454,15,100,15,333934,271676,35101,72855,2.516543777094372,0.2114613779311586
4184,0.4541,14,77,14,334011,271599,35115,72841,2.5158305235466303,0.21147659969806062
4185,0.4542,22,74,22,334085,271525,35137,72819,2.5151450590981512,0.2114716678670167
4186,0.4543,17,80,17,334165,271445,35154,72802,2.514404016451147,0.21148187202793342
4187,0.4544,19,81,19,334246,271364,35173,72783,2.513653710771055,0.21148811409078097
4188,0.4545,26,136,26,334382,271228,35199,72757,2.5123939382711473,0.2115121298893847
4189,0.4546,15,75,15,334457,271153,35214,72742,2.511699210789581,0.2115238662963986
4190,0.4547,16,74,16,334531,271079,35230,72726,2.511013746341102,0.21153270022250986
4191,0.4548,23,110,23,334641,270969,35253,72703,2.509994812701471,0.2115476384459601
4192,0.4549,12,103,12,334744,270866,35265,72691,2.509040720293453,0.21158352180278672
4193,0.455,46,265,46,335009,270601,35311,72645,2.506586016525251,0.21164121359025306
4194,0.4551,7,53,7,335062,270548,35318,72638,2.5060950757716105,0.21165781820936752
4195,0.4552,19,169,19,335231,270379,35337,72619,2.504529623179814,0.2117184356760098
4196,0.4553,24,109,24,335340,270270,35361,72595,2.5035199525732708,0.2117305645078967
4197,0.4554,14,105,14,335445,270165,35375,72581,2.5025473340990776,0.21176322991369703
4198,0.4555,26,112,26,335557,270053,35401,72555,2.5015098743932715,0.2117726381170317
4199,0.4556,53,311,53,335868,269742,35454,72502,2.498629071103042,0.21184301258751068
4200,0.4557,9,77,9,335945,269665,35463,72493,2.4979158175553002,0.21186995481619603
4201,0.4558,8,48,8,335993,269617,35471,72485,2.4974711919670978,0.21188125179040168
4202,0.4559,14,95,14,336088,269522,35485,72471,2.49659120382378,0.21190784606702476
4203,0.456,19,98,19,336186,269424,35504,72452,2.4956834265812,0.21192479144485135
4204,0.4561,18,72,18,336258,269352,35522,72434,2.4950164881988957,0.21192793151270092
4205,0.4562,11,41,11,336299,269311,35533,72423,2.494636703842306,0.21192799077645186
4206,0.4563,8,48,8,336347,269263,35541,72415,2.4941920782541036,0.21193931128138188
4207,0.4564,19,96,19,336443,269167,35560,72396,2.4933028270776982,0.21195504196883153
4208,0.4565,23,109,23,336552,269058,35583,72373,2.492293156471155,0.2119696219734002
4209,0.4566,23,159,23,336711,268899,35606,72350,2.490820334210234,0.2120152733048302
4210,0.4567,29,215,29,336926,268684,35635,72321,2.4888287820964097,0.21208193428248853
4211,0.4568,3,48,3,336974,268636,35638,72318,2.488384156508207,0.21210485871994464
4212,0.4569,8,59,8,337033,268577,35646,72310,2.487837637556041,0.21212307890884663
4213,0.457,2,14,2,337047,268563,35648,72308,2.4877079550928154,0.2121271683422761
4214,0.4571,16,99,16,337146,268464,35664,72292,2.486790914817148,0.21215180363661976
4215,0.4572,18,167,18,337313,268297,35682,72274,2.485243988291526,0.21221419322255858
4216,0.4573,8,60,8,337373,268237,35690,72266,2.4846882063062727,0.21223307871002606
4217,0.4574,9,64,9,337437,268173,35699,72257,2.4840953721886696,0.21225215169050907
4218,0.4575,10,46,10,337483,268127,35709,72247,2.483669272666642,0.21225769300827912
4219,0.4576,15,89,15,337572,268038,35724,72232,2.4828448627218496,0.21227848473271227
4220,0.4577,7,63,7,337635,267975,35731,72225,2.4822612916373337,0.2123015873015873
4221,0.4578,18,170,18,337805,267805,35749,72207,2.4806865760124497,0.21236603413997154
4222,0.4579,23,98,23,337903,267707,35772,72184,2.4797787987698694,0.21237396694822752
4223,0.458,8,58,8,337961,267649,35780,72176,2.479241542850791,0.21239167218421245
4224,0.4581,3,52,3,338013,267597,35783,72173,2.4787598651302383,0.21241722341584013
4225,0.4582,17,115,17,338128,267482,35800,72156,2.4776946163251696,0.21244972588461833
4226,0.4583,59,429,59,338557,267053,35859,72097,2.4737207751306087,0.2125814536340852
4227,0.4584,28,238,28,338795,266815,35887,72069,2.471516173255771,0.21266569091488532
4228,0.4585,13,83,13,338878,266732,35900,72056,2.470747341509504,0.2126875804337816
4229,0.4586,12,85,12,338963,266647,35912,72044,2.469959983697062,0.21271306293937542
4230,0.4587,9,52,9,339015,266595,35921,72035,2.469478305976509,0.2127248028822018
4231,0.4588,33,185,33,339200,266410,35954,72002,2.467764644855311,0.21276432277815208
4232,0.4589,16,72,16,339272,266338,35970,71986,2.4670977064730075,0.21277237204573132
4233,0.459,9,80,9,339352,266258,35979,71977,2.4663566638260033,0.21280175026239154
4234,0.4591,2,35,2,339387,266223,35981,71975,2.466032457667939,0.2128191177949012
4235,0.4592,20,96,20,339483,266127,36001,71955,2.4651432064915335,0.21283298134772038
4236,0.4593,18,125,18,339608,266002,36019,71937,2.4639853273555894,0.21286977827359377
4237,0.4594,9,76,9,339684,265926,36028,71928,2.463281336840935,0.21289669502211014
4238,0.4595,29,171,29,339855,265755,36057,71899,2.4616973581829633,0.21293691174989782
4239,0.4596,3,28,3,339883,265727,36060,71896,2.461437993256512,0.21294757762356237
4240,0.4597,6,64,6,339947,265663,36066,71890,2.4608451591389082,0.21297396260735352
4241,0.4598,7,90,7,340037,265573,36073,71883,2.4600114861610285,0.21301443743776965
4242,0.4599,16,71,16,340108,265502,36089,71867,2.459353810811812,0.21302194333207852
4243,0.46,92,461,92,340569,265041,36181,71775,2.45508355255845,0.21309854638734502
4244,0.4601,11,85,11,340654,264956,36192,71764,2.4542961947460076,0.21312663340460916
4245,0.4602,6,85,6,340739,264871,36198,71758,2.4535088369335654,0.2131664235701618
4246,0.4603,18,133,18,340872,264738,36216,71740,2.4522768535329207,0.21320859016042654
4247,0.4604,8,57,8,340929,264681,36224,71732,2.4517488606469304,0.21322600494035604
4248,0.4605,11,108,11,341037,264573,36235,71721,2.450748453073474,0.21326874698924156
4249,0.4606,12,111,12,341148,264462,36247,71709,2.449720256400756,0.21331108275252772
4250,0.4607,31,182,31,341330,264280,36278,71678,2.448034384378821,0.21335405020865703
4251,0.4608,18,88,18,341418,264192,36296,71660,2.4472192374671162,0.21336779295642128
4252,0.4609,28,150,28,341568,264042,36324,71632,2.445829782503983,0.21339752259632858
4253,0.461,22,142,22,341710,263900,36346,71610,2.4445144318055503,0.2134362612142708
4254,0.4611,7,93,7,341803,263807,36353,71603,2.443652969728408,0.21347902567007543
4255,0.4612,13,87,13,341890,263720,36366,71590,2.442847085849791,0.21350392174405775
4256,0.4613,12,66,12,341956,263654,36378,71578,2.442235725666012,0.21351780259641084
4257,0.4614,25,156,25,342112,263498,36403,71553,2.4407906925043537,0.213558532880069
4258,0.4615,17,110,17,342222,263388,36420,71536,2.4397717588647225,0.21358875446369924
4259,0.4616,31,196,31,342418,263192,36451,71505,2.437956204379562,0.21364099469072026
4260,0.4617,22,164,22,342582,263028,36473,71483,2.436437066953203,0.21369401903076432
4261,0.4618,17,106,17,342688,262922,36490,71466,2.4354551854459223,0.2137217842745553
4262,0.4619,13,125,13,342813,262797,36503,71453,2.434297306309978,0.21377112939416604
4263,0.462,7,106,7,342919,262691,36510,71446,2.4333154248026974,0.21382247401514948
4264,0.4621,10,101,10,343020,262590,36520,71436,2.4323798584608545,0.21386359145695244
4265,0.4622,10,55,10,343075,262535,36530,71426,2.431870391641039,0.21387527286120236
4266,0.4623,6,57,6,343132,262478,36536,71420,2.4313423987550484,0.2138976573684179
4267,0.4624,8,63,8,343195,262415,36544,71412,2.4307588276705325,0.21391918568599905
4268,0.4625,23,120,23,343315,262295,36567,71389,2.429647263700026,0.21394193308639312
4269,0.4626,10,73,10,343388,262222,36577,71379,2.4289710622846346,0.2139651859556776
4270,0.4627,10,88,10,343476,262134,36587,71369,2.4281559153729297,0.21399807497983525
4271,0.4628,22,129,22,343605,262005,36609,71347,2.4269609841046353,0.21402901437519498
4272,0.4629,16,89,16,343694,261916,36625,71331,2.426136574159843,0.2140484385455833
4273,0.463,8,45,8,343739,261871,36633,71323,2.425719737670903,0.21405847644315323
4274,0.4631,33,189,33,343928,261682,36666,71290,2.4239690244173553,0.21410208666194155
4275,0.4632,10,74,10,344002,261608,36676,71280,2.4232835599688762,0.21412607243277018
4276,0.4633,30,171,30,344173,261437,36706,71250,2.4216995813109046,0.21416526645164974
4277,0.4634,7,40,7,344213,261397,36713,71243,2.421329059987402,0.21417448292448293
4278,0.4635,7,29,7,344242,261368,36720,71236,2.421060432027863,0.21417661844114924
4279,0.4636,16,139,16,344381,261229,36736,71220,2.419772870428693,0.21422834780673125
4280,0.4637,18,137,18,344518,261092,36754,71202,2.418503834895698,0.21427410666458016
4281,0.4638,7,22,7,344540,261070,36761,71195,2.418300048167772,0.21427174092967963
4282,0.4639,18,74,18,344614,260996,36779,71177,2.417614583719293,0.2142768978815256
4283,0.464,9,57,9,344671,260939,36788,71168,2.4170865908333026,0.21429238167217193
4284,0.4641,7,62,7,344733,260877,36795,71161,2.416512282781874,0.21431583132051152
4285,0.4642,1,39,1,344772,260838,36796,71160,2.4161510244914597,0.21433864059422045
4286,0.4643,25,101,25,344873,260737,36821,71135,2.4152154581496164,0.21434468710828272
4287,0.4644,10,66,10,344939,260671,36831,71125,2.414604097965838,0.21436364513134576
4288,0.4645,5,39,5,344978,260632,36836,71120,2.414242839675423,0.21437700450939257
4289,0.4646,5,49,5,345027,260583,36841,71115,2.413788951054133,0.2143968308521607
4290,0.4647,23,131,23,345158,260452,36864,71092,2.4125754937196637,0.2144270443742007
4291,0.4648,11,48,11,345206,260404,36875,71081,2.412130868131461,0.21443202558185137
4292,0.4649,44,230,44,345436,260174,36919,71037,2.4100003705213235,0.2144765723360637
4293,0.465,24,125,24,345561,260049,36943,71013,2.4088424913853794,0.21450060713703173
4294,0.4651,18,91,18,345652,259958,36961,70995,2.407999555374412,0.21451686493248287
4295,0.4652,15,65,15,345717,259893,36976,70980,2.4073974582237208,0.21452339719469404
4296,0.4653,7,74,7,345791,259819,36983,70973,2.4067119937752417,0.21455476553241917
4297,0.4654,27,185,27,345976,259634,37010,70946,2.4049983326540443,0.21461068425192087
4298,0.4655,16,86,16,346062,259548,37026,70930,2.4042017118085144,0.2146285077977959
4299,0.4656,19,108,19,346170,259440,37045,70911,2.4032013042350586,0.2146535049084156
4300,0.4657,24,192,24,346362,259248,37069,70887,2.4014228018822483,0.21472125039756462
4301,0.4658,35,169,35,346531,259079,37104,70852,2.3998573492904516,0.21474793214338755
4302,0.4659,12,60,12,346591,259019,37116,70840,2.3993015673051983,0.2147584270855123
4303,0.466,8,60,8,346651,258959,37124,70832,2.398745785319945,0.2147784505944674
4304,0.4661,48,230,48,346881,258729,37172,70784,2.3966152877098077,0.21481398305984892
4305,0.4662,25,168,25,347049,258561,37197,70759,2.3950590981510986,0.2148639621037289
4306,0.4663,22,52,22,347101,258509,37219,70737,2.394577420430546,0.2148454347205433
4307,0.4664,7,58,7,347159,258451,37226,70730,2.3940401645114675,0.21486659315088052
4308,0.4665,11,48,11,347207,258403,37237,70719,2.393595538923265,0.21487168891778732
4309,0.4666,23,127,23,347334,258276,37260,70696,2.3924191337211456,0.21489974830684677
4310,0.4667,189,875,189,348209,257401,37449,70507,2.384313979769536,0.21502067653122217
4311,0.4668,2,29,2,348238,257372,37451,70505,2.3840453518099967,0.21503490638257639
4312,0.4669,11,62,11,348300,257310,37462,70494,2.3834710437585684,0.21504923673902698
4313,0.467,11,88,11,348388,257222,37473,70483,2.3826558968468636,0.21508063654811493
4314,0.4671,28,174,28,348562,257048,37501,70455,2.381044129089629,0.21512780035602727
4315,0.4672,5,48,5,348610,257000,37506,70450,2.3805995035014265,0.2151473507405711
4316,0.4673,17,132,17,348742,256868,37523,70433,2.3793767831338695,0.2151933541296849
4317,0.4674,9,48,9,348790,256820,37532,70424,2.3789321575456666,0.21520333451491852
4318,0.4675,29,145,29,348935,256675,37561,70395,2.3775890177479715,0.21522915583819976
4319,0.4676,14,46,14,348981,256629,37575,70381,2.377162918225944,0.21522583407235252
4320,0.4677,18,166,18,349147,256463,37593,70363,2.37562525473341,0.21529192903869337
4321,0.4678,4,87,4,349234,256376,37597,70359,2.3748193708547927,0.2153396483388679
4322,0.4679,16,71,16,349305,256305,37613,70343,2.374161695505576,0.21534801988685068
4323,0.468,6,12,6,349317,256293,37619,70337,2.374050539108526,0.21534151792548142
4324,0.4681,12,102,12,349419,256191,37631,70325,2.3731057097335952,0.2153799507527962
4325,0.4682,3,28,3,349447,256163,37634,70322,2.3728463448071437,0.21539121245999052
4326,0.4683,42,209,42,349656,255954,37676,70280,2.3709103708918446,0.21542818958171128
4327,0.4684,5,63,5,349719,255891,37681,70275,2.3703267998073287,0.21545777303581612
4328,0.4685,5,58,5,349777,255833,37686,70270,2.369789543888251,0.215484064850676
4329,0.4686,5,67,5,349844,255766,37691,70265,2.3691689206713846,0.21551631593314746
4330,0.4687,6,41,6,349885,255725,37697,70259,2.368789136314795,0.21552898301757142
4331,0.4688,12,65,12,349950,255660,37709,70247,2.368187039164104,0.21554308437683142
4332,0.4689,26,150,26,350100,255510,37735,70221,2.3667975842009707,0.21557972682980742
4333,0.469,17,93,17,350193,255417,37752,70204,2.3659361221238284,0.21560034518658194
4334,0.4691,2,35,2,350228,255382,37754,70202,2.365611915965764,0.2156187036217996
4335,0.4692,16,93,16,350321,255289,37770,70186,2.3647504538886213,0.21564175435901375
4336,0.4693,23,88,23,350409,255201,37793,70163,2.3639353069769165,0.21564463185847235
4337,0.4694,21,125,21,350534,255076,37814,70142,2.3627774278409723,0.2156768690539884
4338,0.4695,21,99,21,350633,254977,37835,70121,2.3618603875653044,0.21569188367815242
4339,0.4696,16,113,16,350746,254864,37851,70105,2.3608136648264106,0.2157282694657029
4340,0.4697,11,72,11,350818,254792,37862,70094,2.360146726444107,0.2157495244485758
4341,0.4698,14,82,14,350900,254710,37876,70080,2.3593871577309273,0.215770189968903
4342,0.4699,11,62,11,350962,254648,37887,70069,2.358812849679499,0.215784821860266
4343,0.47,30,191,30,351153,254457,37917,70039,2.357043610359776,0.21583933238006014
4344,0.4701,19,166,19,351319,254291,37936,70020,2.3555059468672424,0.21590387005066125
4345,0.4702,15,95,15,351414,254196,37951,70005,2.3546259587239247,0.2159308577086437
4346,0.4703,1,17,1,351431,254179,37952,70004,2.3544684871614363,0.21593976241814036
4347,0.4704,19,81,19,351512,254098,37971,69985,2.3537181814813444,0.21594776646723216
4348,0.4705,13,70,13,351582,254028,37984,69972,2.3530697691652156,0.21596296296296297
4349,0.4706,15,116,15,351698,253912,37999,69957,2.3519952573270593,0.21600400161793812
4350,0.4707,21,165,21,351863,253747,38020,69936,2.350466856867613,0.21606324706580204
4351,0.4708,64,331,64,352194,253416,38084,69872,2.347400792915632,0.216129271732944
4352,0.4709,4,41,4,352235,253375,38088,69868,2.3470210085590426,0.21614698539488866
4353,0.471,28,144,28,352379,253231,38116,69840,2.3456871317944348,0.21617539178694467
4354,0.4711,27,115,27,352494,253116,38143,69813,2.344621882989366,0.21618683983166578
4355,0.4712,15,80,15,352574,253036,38158,69798,2.343880840342362,0.21620399338359653
4356,0.4713,13,50,13,352624,252986,38171,69785,2.343417688687984,0.21620591688844412
4357,0.4714,22,99,22,352723,252887,38193,69763,2.342500648412316,0.21621881295521464
4358,0.4715,9,66,9,352789,252821,38202,69754,2.3418892882285376,0.21624118422072386
4359,0.4716,10,74,10,352863,252747,38212,69744,2.3412038237800585,0.21626650046047796
4360,0.4717,27,148,27,353011,252599,38239,69717,2.3398328948831004,0.21630015264523014
4361,0.4718,9,85,9,353096,252514,38248,69708,2.339045537070658,0.21633532161056662
4362,0.4719,27,172,27,353268,252342,38275,69681,2.3374522953795993,0.21638516503479566
4363,0.472,14,124,14,353392,252218,38289,69667,2.3363036792767424,0.2164344408717399
4364,0.4721,17,54,17,353446,252164,38306,69650,2.3358034754900143,0.21642936603131002
4365,0.4722,14,82,14,353528,252082,38320,69636,2.335043906776835,0.21645043174457132
4366,0.4723,16,75,16,353603,252007,38336,69620,2.3343491792952684,0.2164619263929956
4367,0.4724,13,87,13,353690,251920,38349,69607,2.3335432954166513,0.21648881742435316
4368,0.4725,15,82,15,353772,251838,38364,69592,2.3327837267034717,0.21650748218896804
4369,0.4726,14,89,14,353861,251749,38378,69578,2.3319593167586796,0.21653331341592832
4370,0.4727,8,69,8,353930,251680,38386,69570,2.331320167475638,0.21656031128404668
4371,0.4728,15,95,15,354025,251585,38401,69555,2.3304401793323204,0.21658778103008033
4372,0.4729,13,120,13,354145,251465,38414,69542,2.3293286153618142,0.2166370203765027
4373,0.473,5,77,5,354222,251388,38419,69537,2.3286153618140726,0.2166767936433746
4374,0.4731,15,82,15,354304,251306,38434,69522,2.327855793100893,0.2166955502636927
4375,0.4732,10,75,10,354379,251231,38444,69512,2.3271610656193262,0.2167217990727779
4376,0.4733,51,277,51,354656,250954,38495,69461,2.3245952054540737,0.21678448262409689
4377,0.4734,25,160,25,354816,250794,38520,69436,2.323113120160065,0.21683165224994536
4378,0.4735,17,148,17,354964,250646,38537,69419,2.321742191263107,0.21689031915392187
4379,0.4736,23,126,23,355090,250520,38560,69396,2.3205750490940753,0.21691944135335525
4380,0.4737,21,119,21,355209,250401,38581,69375,2.3194727481566564,0.21694873911738216
4381,0.4738,15,97,15,355306,250304,38596,69360,2.3185742339471638,0.21697782671805396
4382,0.4739,17,62,17,355368,250242,38613,69343,2.317999925895735,0.2169782686922102
4383,0.474,16,127,16,355495,250115,38629,69327,2.316823520693616,0.2170253128893508
4384,0.4741,16,118,16,355613,249997,38645,69311,2.3157304827892844,0.21706628083229984
4385,0.4742,15,59,15,355672,249938,38660,69296,2.3151839638371188,0.21706961037984676
4386,0.4743,8,90,8,355762,249848,38668,69288,2.314350290859239,0.21711120024064975
4387,0.4744,12,85,12,355847,249763,38680,69276,2.313562933046797,0.21713959735330163
4388,0.4745,27,110,27,355957,249653,38707,69249,2.3125439994071657,0.21714821481207394
4389,0.4746,10,102,10,356059,249551,38717,69239,2.311599170032235,0.2171931365475705
4390,0.4747,17,132,17,356191,249419,38734,69222,2.310376449664678,0.21724134684488186
4391,0.4748,8,59,8,356250,249360,38742,69214,2.3098299307125125,0.21726192344635784
4392,0.4749,27,89,27,356339,249271,38769,69187,2.30900552076772,0.21725627869295167
4393,0.475,111,560,111,356899,248711,38880,69076,2.30381822223869,0.2173657198060336
4394,0.4751,14,62,14,356961,248649,38894,69062,2.3032439141872616,0.21737365089656951
4395,0.4752,42,183,42,357144,248466,38936,69020,2.301548779132239,0.21739541271111168
4396,0.4753,33,140,33,357284,248326,38969,68987,2.3002519544999815,0.2174099390822311
4397,0.4754,15,59,15,357343,248267,38984,68972,2.299705435547816,0.21741336973070777
4398,0.4755,33,167,33,357510,248100,39017,68939,2.298158509022194,0.21744643403492947
4399,0.4756,8,43,8,357553,248057,39025,68931,2.2977601985994296,0.21745618130654787
4400,0.4757,36,150,36,357703,247907,39061,68895,2.296370743636296,0.21747021799104804
4401,0.4758,6,59,6,357762,247848,39067,68889,2.2958242246841305,0.21749590354142395
4402,0.4759,13,77,13,357839,247771,39080,68876,2.295110971136389,0.21751666682457121
4403,0.476,12,101,12,357940,247670,39092,68864,2.294175404794546,0.21755640784244346
4404,0.4761,17,74,17,358014,247596,39109,68847,2.293489940346067,0.21756524871777855
4405,0.4762,24,125,24,358139,247471,39133,68823,2.292332061210123,0.21759186073716227
4406,0.4763,9,46,9,358185,247425,39142,68814,2.2919059616880952,0.21760124462827166
4407,0.4764,16,86,16,358271,247339,39158,68798,2.2911093408425653,0.21762084159715567
4408,0.4765,8,54,8,358325,247285,39166,68790,2.2906091370558377,0.21763821877718895
4409,0.4766,16,75,16,358400,247210,39182,68774,2.289914409574271,0.21765026077269736
4410,0.4767,37,227,37,358627,246983,39219,68737,2.2878117010633963,0.21771506398074242
4411,0.4768,6,52,6,358679,246931,39225,68731,2.2873300233428435,0.2177360594560004
4412,0.4769,15,45,15,358724,246886,39240,68716,2.2869131868539037,0.2177299256658703
4413,0.477,20,157,20,358881,246729,39260,68696,2.2854588906591573,0.21778869778869778
4414,0.4771,32,128,32,359009,246601,39292,68664,2.2842732224239506,0.21779772572280462
4415,0.4772,6,60,6,359069,246541,39298,68658,2.2837174404386973,0.21782429512783988
4416,0.4773,15,108,15,359177,246433,39313,68643,2.2827170328652415,0.2178617222511394
4417,0.4774,27,162,27,359339,246271,39340,68616,2.2812164215050577,0.21790674114841196
4418,0.4775,12,104,12,359443,246167,39352,68604,2.280253066063952,0.2179489215969705
4419,0.4776,2,23,2,359466,246144,39354,68602,2.280040016302938,0.21795987875938058
4420,0.4777,10,53,10,359519,246091,39364,68592,2.2795490755492978,0.2179717366365517
4421,0.4778,4,57,4,359576,246034,39368,68588,2.279021082663307,0.21800128408057923
4422,0.4779,11,66,11,359642,245968,39379,68577,2.2784097224795286,0.21801967921918963
4423,0.478,19,129,19,359771,245839,39398,68558,2.277214791211234,0.2180618771807619
4424,0.4781,31,155,31,359926,245684,39429,68527,2.275779021082663,0.21809230103338204
4425,0.4782,26,128,26,360054,245556,39455,68501,2.2745933528474565,0.21811645656680156
4426,0.4783,42,229,42,360283,245327,39497,68459,2.2724721182704064,0.2181709827716979
4427,0.4784,2,11,2,360294,245316,39499,68457,2.2723702249064432,0.21817364782820703
4428,0.4785,22,135,22,360429,245181,39521,68435,2.2711197154396237,0.21821271873883985
4429,0.4786,22,136,22,360565,245045,39543,68413,2.2698599429397164,0.21825252505917858
4430,0.4787,5,50,5,360615,244995,39548,68408,2.2693967912853386,0.21827487292718958
4431,0.4788,16,88,16,360703,244907,39564,68392,2.2685816443736337,0.21829626012211975
4432,0.4789,20,114,20,360817,244793,39584,68372,2.2675256586016523,0.21832580269187168
4433,0.479,37,170,37,360987,244623,39621,68335,2.2659509429767684,0.21835198333322683
4434,0.4791,22,75,22,361062,244548,39643,68313,2.2652562154952016,0.21834936281607487
4435,0.4792,25,143,25,361205,244405,39668,68288,2.2639316017636815,0.21838672435903586
4436,0.4793,21,152,21,361357,244253,39689,68267,2.262523620734373,0.21844041981313195
4437,0.4794,13,78,13,361435,244175,39702,68254,2.261801104153544,0.2184624346651559
4438,0.4795,15,94,15,361529,244081,39717,68239,2.2609303790433137,0.2184906506147541
4439,0.4796,8,57,8,361586,244024,39725,68231,2.2604023861573235,0.2185105122415974
4440,0.4797,42,209,42,361795,243815,39767,68189,2.2584664122420244,0.21855168523480467
4441,0.4798,19,128,19,361923,243687,39786,68170,2.2572807440068177,0.2185937785587625
4442,0.4799,24,97,24,362020,243590,39810,68146,2.256382229797325,0.21860163728282905
4443,0.48,45,276,45,362296,243314,39855,68101,2.25382563266516,0.21868246552028645
4444,0.4801,7,78,7,362374,243236,39862,68094,2.2531031160843304,0.21871968650627951
4445,0.4802,42,246,42,362620,242990,39904,68052,2.2508244099447925,0.2187871734363848
4446,0.4803,17,111,17,362731,242879,39921,68035,2.2497962132720737,0.2188225682986292
4447,0.4804,20,125,20,362856,242754,39941,68015,2.2486383341361296,0.21886031103488443
4448,0.4805,9,95,9,362951,242659,39950,68006,2.247758345992812,0.21890460785733828
4449,0.4806,13,115,13,363066,242544,39963,67993,2.2466930971877432,0.21895297500780905
4450,0.4807,4,15,4,363081,242529,39967,67989,2.24655415169143,0.21895349061890132
4451,0.4808,13,74,13,363155,242455,39980,67976,2.2458686872429507,0.21897297628136364
4452,0.4809,9,66,9,363221,242389,39989,67967,2.2452573270591722,0.21899689388959775
4453,0.481,21,192,21,363413,242197,40010,67946,2.243478824706362,0.21907958586845422
4454,0.4811,9,65,9,363478,242132,40019,67937,2.2428767275556707,0.21910284485066228
4455,0.4812,11,61,11,363539,242071,40030,67926,2.24231168253733,0.21911824953144707
4456,0.4813,28,104,28,363643,241967,40058,67898,2.2413483270962242,0.21912123021315735
4457,0.4814,11,79,11,363722,241888,40069,67887,2.2406165474823077,0.21914938261641514
4458,0.4815,12,116,12,363838,241772,40081,67875,2.2395420356441513,0.21920121945311918
4459,0.4816,35,171,35,364009,241601,40116,67840,2.2379580569861797,0.21923403815266884
4460,0.4817,42,271,42,364280,241330,40158,67798,2.2354477750194524,0.21932015216997489
4461,0.4818,28,164,28,364444,241166,40186,67770,2.2339286375930936,0.21936582334205143
4462,0.4819,14,114,14,364558,241052,40200,67756,2.232872651821112,0.21941141421206706
4463,0.482,18,96,18,364654,240956,40218,67738,2.2319834006447072,0.2194341321826793
4464,0.4821,10,93,10,364747,240863,40228,67728,2.2311219385675645,0.21947496848579512
4465,0.4822,12,85,12,364832,240778,40240,67716,2.2303345807551223,0.21950507951532283
4466,0.4823,2,22,2,364854,240756,40242,67714,2.2301307940271964,0.21951567413362727
4467,0.4824,10,58,10,364912,240698,40252,67704,2.229593538108118,0.21953165024870136
4468,0.4825,25,133,25,365045,240565,40277,67679,2.2283615547074733,0.21956307340937697
4469,0.4826,14,76,14,365121,240489,40291,67665,2.2276575641928194,0.21958176755777956
4470,0.4827,21,112,21,365233,240377,40312,67644,2.2266201044870133,0.21960840332315004
4471,0.4828,32,197,32,365430,240180,40344,67612,2.224795286968765,0.21966782762384987
4472,0.4829,20,119,20,365549,240061,40364,67592,2.223692986031346,0.21970206693905148
4473,0.483,16,72,16,365621,239989,40380,67576,2.223026047649042,0.21971290621494644
4474,0.4831,27,101,27,365722,239888,40407,67549,2.222090481307199,0.21971655981550692
4475,0.4832,24,135,24,365857,239753,40431,67525,2.2208399718403795,0.21975214626494574
4476,0.4833,123,631,123,366488,239122,40554,67402,2.214994997962133,0.2198914277511712
4477,0.4834,22,130,22,366618,238992,40576,67380,2.2137908036607508,0.2199287141122557
4478,0.4835,7,66,7,366684,238926,40583,67373,2.2131794434769723,0.21995827606358492
4479,0.4836,9,76,9,366760,238850,40592,67364,2.212475452962318,0.21998994167477645
4480,0.4837,26,82,26,366842,238768,40618,67338,2.2117158842491387,0.21998262039946948
4481,0.4838,28,179,28,367021,238589,40646,67310,2.2100578013264665,0.2200399478259164
4482,0.4839,19,91,19,367112,238498,40665,67291,2.209214865315499,0.220056967386008
4483,0.484,13,71,13,367183,238427,40678,67278,2.2085571899662826,0.2200749088173239
4484,0.4841,17,99,17,367282,238328,40695,67261,2.2076401496906146,0.22010281783702948
4485,0.4842,37,179,37,367461,238149,40732,67224,2.2059820667679424,0.22013734023636666
4486,0.4843,10,66,10,367527,238083,40742,67214,2.205370706584164,0.2201593857784387
4487,0.4844,17,141,17,367668,237942,40759,67197,2.2040646189188187,0.22021767129078879
4488,0.4845,27,143,27,367811,237799,40786,67170,2.2027400051872985,0.22025189445484622
4489,0.4846,12,48,12,367859,237751,40798,67158,2.202295379599096,0.22025587962310067
4490,0.4847,13,47,13,367906,237704,40811,67145,2.201860017043981,0.2202565860475186
4491,0.4848,13,102,13,368008,237602,40824,67132,2.2009151876690503,0.22029704594826963
4492,0.4849,19,115,19,368123,237487,40843,67113,2.1998499388639816,0.22033158240315168
4493,0.485,29,182,29,368305,237305,40872,67084,2.198164066842047,0.22038904165393625
4494,0.4851,5,36,5,368341,237269,40877,67079,2.1978305976508947,0.22040230262725563
4495,0.4852,7,45,7,368386,237224,40884,67072,2.197413761161955,0.22041696243131687
4496,0.4853,20,150,20,368536,237074,40904,67052,2.196024306198822,0.22047440863326384
4497,0.4854,35,246,35,368782,236828,40939,67017,2.1937456000592834,0.22056311606246606
4498,0.4855,20,98,20,368880,236730,40959,66997,2.192837822816703,0.22058295772190156
4499,0.4856,14,89,14,368969,236641,40973,66983,2.1920134128719106,0.22061167760124364
4500,0.4857,8,84,8,369053,236557,40981,66975,2.191235318092556,0.22065218823715457
4501,0.4858,32,170,32,369223,236387,41013,66943,2.189660602467672,0.22069363399597797
4502,0.4859,8,75,8,369298,236312,41021,66935,2.1889658749861054,0.22072765765201305
4503,0.486,25,115,25,369413,236197,41046,66910,2.1879006261810368,0.220747128901675
4504,0.4861,7,26,7,369439,236171,41053,66903,2.18765978732076,0.22074806812857586
4505,0.4862,17,74,17,369513,236097,41070,66886,2.186974322872281,0.22075826036444288
4506,0.4863,6,42,6,369555,236055,41076,66880,2.186585275482604,0.22077343324475548
4507,0.4864,28,153,28,369708,235902,41104,66852,2.185168031420208,0.22081293723617193
4508,0.4865,12,79,12,369787,235823,41116,66840,2.1844362518062916,0.2208396797758563
4509,0.4866,9,34,9,369821,235789,41125,66831,2.1841213086813145,0.22084131914612384
4510,0.4867,35,215,35,370036,235574,41160,66796,2.1821297565674906,0.2209081588781956
4511,0.4868,10,75,10,370111,235499,41170,66786,2.181435029085924,0.22093719503117917
4512,0.4869,7,43,7,370154,235456,41177,66779,2.181036718663159,0.2209505848098334
4513,0.487,10,54,10,370208,235402,41187,66769,2.1805365148764313,0.22096428843270863
4514,0.4871,27,163,27,370371,235239,41214,66742,2.1790266404831597,0.22101390484831826
4515,0.4872,5,47,5,370418,235192,41219,66737,2.178591277928045,0.221035408986881
4516,0.4873,14,96,14,370514,235096,41233,66723,2.1777020267516396,0.22106958143788163
4517,0.4874,27,162,27,370676,234934,41260,66696,2.1762014153914557,0.22111858899976794
4518,0.4875,22,179,22,370855,234755,41282,66674,2.1745433324687835,0.22119305043642118
4519,0.4876,13,82,13,370937,234673,41295,66661,2.1737837637556043,0.2212196433193732
4520,0.4877,5,46,5,370983,234627,41300,66656,2.173357664233577,0.22124049481716526
4521,0.4878,6,47,6,371030,234580,41306,66650,2.1729223016784616,0.22125950270557382
4522,0.4879,6,47,6,371077,234533,41312,66644,2.1724869391233463,0.22127851728385634
4523,0.488,32,162,32,371239,234371,41344,66612,2.170986327763163,0.2213148250897891
4524,0.4881,24,129,24,371368,234242,41368,66588,2.169791396494868,0.22134760495961175
4525,0.4882,8,19,8,371387,234223,41376,66580,2.169615398866205,0.2213408775843326
4526,0.4883,21,152,21,371539,234071,41397,66559,2.1682074178368964,0.2213983967002628
4527,0.4884,12,78,12,371617,233993,41409,66547,2.167484901256067,0.22142476874958408
4528,0.4885,18,75,18,371692,233918,41427,66529,2.166790173774501,0.22143339757095262
4529,0.4886,16,101,16,371793,233817,41443,66513,2.165854607432658,0.22146638697432824
4530,0.4887,3,63,3,371856,233754,41446,66510,2.165271036348142,0.2215050755335305
4531,0.4888,14,120,14,371976,233634,41460,66496,2.1641594723776354,0.22155732515909773
4532,0.4889,26,117,26,372093,233517,41486,66470,2.1630756975063914,0.22157626830495988
4533,0.489,14,120,14,372213,233397,41500,66456,2.161964133535885,0.2216285980130264
4534,0.4891,6,26,6,372239,233371,41506,66450,2.1617232946756086,0.2216322405702069
4535,0.4892,19,80,19,372319,233291,41525,66431,2.1609822520286044,0.22164205497093975
4536,0.4893,13,89,13,372408,233202,41538,66418,2.160157842083812,0.22167412055270008
4537,0.4894,19,84,19,372492,233118,41557,66399,2.1593797473044574,0.22168691593465478
4538,0.4895,11,23,11,372515,233095,41568,66388,2.159166697543444,0.22167535385981843
4539,0.4896,31,174,31,372689,232921,41599,66357,2.157554929786209,0.2217236148330315
4540,0.4897,10,62,10,372751,232859,41609,66347,2.156980621734781,0.2217435479235042
4541,0.4898,17,109,17,372860,232750,41626,66330,2.1559709511282374,0.2217801257188712
4542,0.4899,9,69,9,372929,232681,41635,66321,2.1553318018451963,0.2218078808837399
4543,0.49,64,231,64,373160,232450,41699,66257,2.1531920412019714,0.2218126793145122
4544,0.4901,34,155,34,373315,232295,41733,66223,2.1517562710734004,0.22183921907556664
4545,0.4902,10,92,10,373407,232203,41743,66213,2.1509040720293453,0.22188153450217146
4546,0.4903,7,44,7,373451,232159,41750,66206,2.150496498573493,0.22189599986593603
4547,0.4904,14,85,14,373536,232074,41764,66192,2.149709140761051,0.22192271328277444
4548,0.4905,37,173,37,373709,231901,41801,66155,2.148106636036904,0.2219549346431543
4549,0.4906,37,180,37,373889,231721,41838,66118,2.146439290081144,0.22199241872286704
4550,0.4907,16,100,16,373989,231621,41854,66102,2.1455129867723888,0.22202517104825625
4551,0.4908,18,130,18,374119,231491,41872,66084,2.1443087924710067,0.22207510711585315
4552,0.4909,4,67,4,374186,231424,41876,66080,2.1436881692541405,0.22211466064321825
4553,0.491,24,238,24,374424,231186,41900,66056,2.1414835673793027,0.22222969836025863
4554,0.4911,8,46,8,374470,231140,41908,66048,2.141057467857275,0.22224315921235044
4555,0.4912,18,87,18,374557,231053,41926,66030,2.140251583978658,0.22226111894655703
4556,0.4913,8,48,8,374605,231005,41934,66022,2.1398069583904555,0.22227608937908003
4557,0.4914,13,61,13,374666,230944,41947,66009,2.1392419133721146,0.22228770209427082
4558,0.4915,2,2,2,374668,230942,41949,66007,2.1392233873059396,0.22228396121892985
4559,0.4916,31,133,31,374801,230809,41980,65976,2.137991403905295,0.22230234007783412
4560,0.4917,64,380,64,375181,230429,42044,65912,2.134471451332024,0.22241944246661785
4561,0.4918,6,14,6,375195,230415,42050,65906,2.1343417688687985,0.22241420621555677
4562,0.4919,23,190,23,375385,230225,42073,65883,2.132581792582163,0.2224965215394383
4563,0.492,9,92,9,375477,230133,42082,65874,2.131729593538108,0.22254203447891435
4564,0.4921,13,125,13,375602,230008,42095,65861,2.130571714402164,0.22260189475747713
4565,0.4922,11,65,11,375667,229943,42106,65850,2.1299696172514726,0.22262190112680152
4566,0.4923,15,79,15,375746,229864,42121,65835,2.129237837637556,0.22264194332750534
4567,0.4924,10,79,10,375825,229785,42131,65825,2.1285060580236395,0.22267514630763505
4568,0.4925,9,60,9,375885,229725,42140,65816,2.127950276038386,0.22269668167868417
4569,0.4926,8,71,8,375956,229654,42148,65808,2.1272926006891697,0.22272914960299464
4570,0.4927,24,127,24,376083,229527,42172,65784,2.12611619548705,0.22276176640897224
4571,0.4928,7,60,7,376143,229467,42179,65777,2.125560413501797,0.22278860874395415
4572,0.4929,47,222,47,376365,229245,42226,65730,2.12350402015636,0.2228324434274091
4573,0.493,28,175,28,376540,229070,42254,65702,2.121882989366038,0.2228909122983187
4574,0.4931,14,41,14,376581,229029,42268,65688,2.1215032050094482,0.2228850049369395
4575,0.4932,0,7,0,376588,229022,42268,65688,2.1214383637778353,0.222890298937939
4576,0.4933,35,144,35,376732,228878,42303,65653,2.1201044870132275,0.22290692660534883
4577,0.4934,8,30,8,376762,228848,42311,65645,2.119826596020601,0.22290852414149062
4578,0.4935,10,42,10,376804,228806,42321,65635,2.119437548630924,0.22291392842708727
4579,0.4936,32,162,32,376966,228644,42353,65603,2.11793693727074,0.22295214564634475
4580,0.4937,26,131,26,377097,228513,42379,65577,2.11672347993627,0.22298276037947568
4581,0.4938,9,43,9,377140,228470,42388,65568,2.1163251695135057,0.2229915861215217
4582,0.4939,24,122,24,377262,228348,42412,65544,2.1151950794768237,0.22302070148217712
4583,0.494,19,116,19,377378,228232,42431,65525,2.1141205676386674,0.22305851435029633
4584,0.4941,29,159,29,377537,228073,42460,65496,2.1126477453777466,0.22310257554442056
4585,0.4942,26,113,26,377650,227960,42486,65470,2.111601022638853,0.2231196537504686
4586,0.4943,7,43,7,377693,227917,42493,65463,2.111202712216088,0.22313381961960596
4587,0.4944,37,258,37,377951,227659,42530,65426,2.108812849679499,0.22323216814234778
4588,0.4945,14,101,14,378052,227558,42544,65412,2.1078772833376562,0.22327200737276853
4589,0.4946,27,94,27,378146,227464,42571,65385,2.1070065582274258,0.22327206171098415
4590,0.4947,28,132,28,378278,227332,42599,65357,2.105783837859869,0.2232984498904981
4591,0.4948,6,42,6,378320,227290,42605,65351,2.1053947904701915,0.2233145731459365
4592,0.4949,3,25,3,378345,227265,42608,65348,2.1051632146430026,0.2233256895626647
4593,0.495,43,217,43,378562,227048,42651,65305,2.1031531364630034,0.22337721863637452
4594,0.4951,13,102,13,378664,226946,42664,65292,2.102208307088073,0.22342063660441147
4595,0.4952,13,108,13,378772,226838,42677,65279,2.101207899514617,0.22346867864588504
4596,0.4953,13,80,13,378852,226758,42690,65266,2.100466856867613,0.22349532915102868
4597,0.4954,2,36,2,378888,226722,42692,65264,2.1001333876764607,0.22351756591069435
4598,0.4955,8,73,8,378961,226649,42700,65256,2.0994571862610694,0.22355218307326014
4599,0.4956,14,87,14,379048,226562,42714,65242,2.0986513023824522,0.2235815821578868
4600,0.4957,8,70,8,379118,226492,42722,65234,2.0980028900663235,0.22361393910724447
4601,0.4958,25,123,25,379241,226369,42747,65209,2.0968635369965543,0.2236417013629286
4602,0.4959,3,30,3,379271,226339,42750,65206,2.0965856460039274,0.2236567253768715
4603,0.496,24,157,24,379428,226182,42774,65182,2.0951313498091815,0.22371329333754342
4604,0.4961,19,153,19,379581,226029,42793,65163,2.093714105746786,0.22378018626885354
4605,0.4962,18,104,18,379685,225925,42811,65145,2.09275075030568,0.223812141409283
4606,0.4963,9,57,9,379742,225868,42820,65136,2.0922227574196897,0.22383197481821557
4607,0.4964,39,211,39,379953,225657,42859,65097,2.0902682574382156,0.22389029901566274
4608,0.4965,23,110,23,380063,225547,42882,65074,2.0892493237985845,0.22391361945626778
4609,0.4966,29,105,29,380168,225442,42911,65045,2.0882767053243914,0.22391707718417692
4610,0.4967,34,140,34,380308,225302,42945,65011,2.086979880692134,0.22393416760530876
4611,0.4968,16,67,16,380375,225235,42961,64995,2.0863592574752676,0.22394307962650312
4612,0.4969,16,108,16,380483,225127,42977,64979,2.085358849901812,0.2239836473564835
4613,0.497,10,50,10,380533,225077,42987,64969,2.084895698247434,0.22399550416140887
4614,0.4971,27,148,27,380681,224929,43014,64942,2.083524769350476,0.22403758913447705
4615,0.4972,16,112,16,380793,224817,43030,64926,2.08248730964467,0.2240813410505172
4616,0.4973,8,41,8,380834,224776,43038,64918,2.0821075252880803,0.22409162771752264
4617,0.4974,11,84,11,380918,224692,43049,64907,2.0813294305087258,0.2241271551352042
4618,0.4975,20,150,20,381068,224542,43069,64887,2.0799399755455927,0.22418969764605481
4619,0.4976,25,180,25,381248,224362,43094,64862,2.078272629589833,0.22426216358255194
4620,0.4977,15,129,15,381377,224233,43109,64847,2.0770776983215384,0.22432198699321987
4621,0.4978,11,71,11,381448,224162,43120,64836,2.076420022972322,0.2243475733396079
4622,0.4979,6,74,6,381522,224088,43126,64830,2.075734558523843,0.22438892696197538
4623,0.498,17,124,17,381646,223964,43143,64813,2.0745859424209865,0.2244396194987828
4624,0.4981,4,22,4,381668,223942,43147,64809,2.07438215569306,0.22444597594467205
4625,0.4982,37,159,37,381827,223783,43184,64772,2.072909333432139,0.22447020498691758
4626,0.4983,24,164,24,381991,223619,43208,64748,2.07139019600578,0.22453332038686813
4627,0.4984,8,52,8,382043,223567,43216,64740,2.0709085182852274,0.22455230015226824
4628,0.4985,12,61,12,382104,223506,43228,64728,2.0703434732668864,0.22456753887466432
4629,0.4986,5,42,5,382146,223464,43233,64723,2.069954425877209,0.22458681342322867
4630,0.4987,17,81,17,382227,223383,43250,64706,2.069204120197117,0.22460420217363383
4631,0.4988,13,60,13,382287,223323,43263,64693,2.068648338211864,0.22461599355591355
4632,0.4989,12,87,12,382374,223236,43275,64681,2.0678424543332468,0.22465154888387973
4633,0.499,10,60,10,382434,223176,43285,64671,2.0672866723479935,0.22467144003585238
4634,0.4991,17,129,17,382563,223047,43302,64654,2.066091741079699,0.22472636521944658
4635,0.4992,10,66,10,382629,222981,43312,64644,2.0654803808959206,0.2247509778357236
4636,0.4993,4,36,4,382665,222945,43316,64640,2.0651469117047685,0.22476832936349253
4637,0.4994,11,108,11,382773,222837,43327,64629,2.0641465041313127,0.2248231095155601
4638,0.4995,40,243,40,383016,222594,43367,64589,2.061895587091037,0.2249053739253368
4639,0.4996,5,21,5,383037,222573,43372,64584,2.0617010633961983,0.22490832541083797
4640,0.4997,8,58,8,383095,222515,43380,64576,2.0611638074771204,0.2249321643660024
4641,0.4998,18,76,18,383171,222439,43398,64558,2.0604598169624664,0.22494311787231225
4642,0.4999,3,13,3,383184,222426,43401,64555,2.060339397532328,0.22494520543171848
4643,0.5,260,1395,260,384579,221031,43661,64295,2.04741746637519,0.22533873534132887
4644,0.5001,11,42,11,384621,220989,43672,64284,2.0470284189855126,0.22534204078198777
4645,0.5002,23,101,23,384722,220888,43695,64261,2.0460928526436697,0.22535937352051033
4646,0.5003,12,62,12,384784,220826,43707,64249,2.0455185445922415,0.2253757783039551
4647,0.5004,14,80,14,384864,220746,43721,64235,2.0447775019452368,0.22540099164505703
4648,0.5005,10,86,10,384950,220660,43731,64225,2.0439808810997073,0.22544184495498185
4649,0.5006,23,85,23,385035,220575,43754,64202,2.043193523287265,0.22544657749748048
4650,0.5007,25,129,25,385164,220446,43779,64177,2.0419985920189707,0.2254807236238814
4651,0.5008,22,103,22,385267,220343,43801,64155,2.0410444996109525,0.22550246398920204
4652,0.5009,21,101,21,385368,220242,43822,64134,2.0401089332691096,0.22552536078994007
4653,0.501,11,84,11,385452,220158,43833,64123,2.039330838489755,0.22556203193319285
4654,0.5011,15,87,15,385539,220071,43848,64108,2.038524954611138,0.225590208987997
4655,0.5012,19,125,19,385664,219946,43867,64089,2.037367075475194,0.2256376854965057
4656,0.5013,3,29,3,385693,219917,43870,64086,2.0370984475156546,0.22565254592381068
4657,0.5014,10,53,10,385746,219864,43880,64076,2.036607506762014,0.225667394519969
4658,0.5015,20,78,20,385824,219786,43900,64056,2.035884990181185,0.22567484727418774
4659,0.5016,13,78,13,385902,219708,43913,64043,2.0351624736003555,0.22570140721971024
4660,0.5017,29,157,29,386059,219551,43942,64014,2.0337081774056096,0.225747183185513
4661,0.5018,4,52,4,386111,219499,43946,64010,2.033226499685057,0.22577766490658144
4662,0.5019,10,87,10,386198,219412,43956,64000,2.0324206158064397,0.22581965477820276
4663,0.502,6,34,6,386232,219378,43962,63994,2.032105672681463,0.22583035726889036
4664,0.5021,7,52,7,386284,219326,43969,63987,2.03162399496091,0.22585267883930493
4665,0.5022,11,89,11,386373,219237,43980,63976,2.030799585016118,0.22589358539332588
4666,0.5023,19,100,19,386473,219137,43999,63957,2.029873281707362,0.22592142539227253
4667,0.5024,11,44,11,386517,219093,44010,63946,2.02946570825151,0.22592646243097242
4668,0.5025,22,115,22,386632,218978,44032,63924,2.0284004594464413,0.22595810563375304
4669,0.5026,8,25,8,386657,218953,44040,63916,2.0281688836192524,0.22595618466498626
4670,0.5027,16,96,16,386753,218857,44056,63900,2.027279632442847,0.22598910018142787
4671,0.5028,29,126,29,386879,218731,44085,63871,2.0261124902738152,0.22601043163176482
4672,0.5029,9,93,9,386972,218638,44094,63862,2.025251028196673,0.22606017699115044
4673,0.503,16,93,16,387065,218545,44110,63846,2.02438956611953,0.22609077484764034
4674,0.5031,14,60,14,387125,218485,44124,63832,2.023833784134277,0.2261004473694464
4675,0.5032,15,48,15,387173,218437,44139,63817,2.0233891585460744,0.22609777009360363
4676,0.5033,43,195,43,387368,218242,44182,63774,2.0215828670940015,0.22613610575286508
4677,0.5034,6,32,6,387400,218210,44188,63768,2.0212864500351997,0.2261453021157679
4678,0.5035,27,125,27,387525,218085,44215,63741,2.020128570899255,0.22617146750122416
4679,0.5036,17,96,17,387621,217989,44232,63724,2.01923931972285,0.2262018437203821
4680,0.5037,1,19,1,387640,217970,44233,63723,2.0190633220941865,0.22621435392430767
4681,0.5038,12,40,12,387680,217930,44245,63711,2.018692800770684,0.22621351294733366
4682,0.5039,13,44,13,387724,217886,44258,63698,2.018285227314832,0.22621313711006308
4683,0.504,28,146,28,387870,217740,44286,63670,2.016932824484049,0.22625350911481468
4684,0.5041,14,107,14,387977,217633,44300,63656,2.0159416799436807,0.22630106403023226
4685,0.5042,11,68,11,388045,217565,44311,63645,2.0153117936937273,0.22632552185199672
4686,0.5043,2,13,2,388058,217552,44313,63643,2.0151913742635887,0.22633048240544817
4687,0.5044,28,157,28,388215,217395,44341,63615,2.013737078068843,0.22637984413366072
4688,0.5045,21,114,21,388329,217281,44362,63594,2.012681092296862,0.22641388518024033
4689,0.5046,2,33,2,388362,217248,44364,63592,2.0123754122049724,0.2264349807719698
4690,0.5047,5,23,5,388385,217225,44369,63587,2.012162362443959,0.22643975328689658
4691,0.5048,12,42,12,388427,217183,44381,63575,2.0117733150542816,0.22644056447189395
4692,0.5049,27,142,27,388569,217041,44408,63548,2.0104579643558487,0.22648072447601295
4693,0.505,52,257,52,388826,216784,44460,63496,2.008077364852347,0.22654488368774084
4694,0.5051,25,87,25,388913,216697,44485,63471,2.00727148097373,0.22654621512806603
4695,0.5052,23,114,23,389027,216583,44508,63448,2.006215495201749,0.22657491492013385
4696,0.5053,11,48,11,389075,216535,44519,63437,2.005770869613546,0.2265833726229766
4697,0.5054,7,104,7,389179,216431,44526,63430,2.0048075141724406,0.2266482289422249
4698,0.5055,6,35,6,389214,216396,44532,63424,2.0044833080143762,0.22665999571152884
4699,0.5056,28,99,28,389313,216297,44560,63396,2.0035662677387083,0.22666280529008592
4700,0.5057,21,54,21,389367,216243,44581,63375,2.0030660639519806,0.22664849902366802
4701,0.5058,12,40,12,389407,216203,44593,63363,2.0026955426284783,0.22664773255689175
4702,0.5059,29,97,29,389504,216106,44622,63334,2.0017970284189857,0.22664614944174064
4703,0.506,13,90,13,389594,216016,44635,63321,2.0009633554411055,0.22668318196300527
4704,0.5061,20,87,20,389681,215929,44655,63301,2.0001574715624884,0.2266984206568062
4705,0.5062,13,90,13,389771,215839,44668,63288,1.9993237985846086,0.22673550032780776
4706,0.5063,11,71,11,389842,215768,44679,63277,1.9986661232353922,0.2267627085237148
4707,0.5064,11,82,11,389924,215686,44690,63266,1.9979065545222128,0.226798875792251
4708,0.5065,17,141,17,390065,215545,44707,63249,1.9966004668568675,0.22686643184573557
4709,0.5066,15,81,15,390146,215464,44722,63234,1.9958501611767758,0.226890756302521
4710,0.5067,67,241,67,390387,215223,44789,63167,1.9936177702026752,0.22690110995366214
4711,0.5068,16,85,16,390472,215138,44805,63151,1.992830412390233,0.22692596545317997
4712,0.5069,32,153,32,390625,214985,44837,63119,1.9914131683278373,0.22696185599631793
4713,0.507,11,59,11,390684,214926,44848,63108,1.9908666493756715,0.22697943416992167
4714,0.5071,15,121,15,390805,214805,44863,63093,1.9897458223720774,0.22703653858609993
4715,0.5072,3,58,3,390863,214747,44866,63090,1.9892085664529993,0.22707558748474826
4716,0.5073,22,169,22,391032,214578,44888,63068,1.9876431138612027,0.22715256117502142
4717,0.5074,9,61,9,391093,214517,44897,63059,1.987078068842862,0.2271774216791077
4718,0.5075,47,168,47,391261,214349,44944,63012,1.985521879284153,0.2271840669740879
4719,0.5076,18,100,18,391361,214249,44962,62994,1.9845955759753975,0.2272158359273273
4720,0.5077,12,89,12,391450,214160,44974,62982,1.983771166030605,0.227255342026831
4721,0.5078,18,97,18,391547,214063,44992,62964,1.9828726518211124,0.22728470510094684
4722,0.5079,12,42,12,391589,214021,45004,62952,1.9824836044314351,0.2272856921071729
4723,0.508,1,12,1,391601,214009,45005,62951,1.9823724480343843,0.22729274985557482
4724,0.5081,9,86,9,391687,213923,45014,62942,1.9815758271888546,0.22733823343506762
4725,0.5082,25,130,25,391817,213793,45039,62917,1.9803716328874728,0.22737523038560226
4726,0.5083,85,324,85,392141,213469,45124,62832,1.977370410167105,0.2274041715375623
4727,0.5084,26,125,26,392266,213344,45150,62806,1.976212531031161,0.22743436538113343
4728,0.5085,16,77,16,392343,213267,45166,62790,1.9754992774834192,0.22745302600549885
4729,0.5086,16,104,16,392447,213163,45182,62774,1.9745359220423135,0.2274939569539424
4730,0.5087,6,68,6,392515,213095,45188,62768,1.97390603579236,0.22753323207534173
4731,0.5088,25,88,25,392603,213007,45213,62743,1.973090888880655,0.22753581142339074
4732,0.5089,8,44,8,392647,212963,45221,62735,1.9726833154248027,0.2275497101901356
4733,0.509,11,91,11,392738,212872,45232,62724,1.9718403794138353,0.22759401442691476
4734,0.5091,25,121,25,392859,212751,45257,62699,1.9707195524102412,0.22762388818297333
4735,0.5092,43,325,43,393184,212426,45300,62656,1.967709066656786,0.2277720825063072
4736,0.5093,22,160,22,393344,212266,45322,62634,1.9662269813627775,0.22784285194616224
4737,0.5094,6,45,6,393389,212221,45328,62628,1.9658101448738374,0.2278632994844442
4738,0.5095,16,123,16,393512,212098,45344,62612,1.9646707918040682,0.22792035237159186
4739,0.5096,17,58,17,393570,212040,45361,62595,1.9641335358849903,0.22792069474029167
4740,0.5097,28,205,28,393775,211835,45389,62567,1.9622346141020415,0.22801218650009838
4741,0.5098,11,94,11,393869,211741,45400,62556,1.9613638889918115,0.22805936630732382
4742,0.5099,8,42,8,393911,211699,45408,62548,1.9609748416021342,0.22807177471403517
4743,0.51,45,196,45,394107,211503,45453,62503,1.9591592871169736,0.22810814361729306
4744,0.5101,6,50,6,394157,211453,45459,62497,1.9586961354625958,0.22813287096185436
4745,0.5102,9,58,9,394215,211395,45468,62488,1.9581588795435176,0.22815581836039478
4746,0.5103,10,71,10,394286,211324,45478,62478,1.9575012041943014,0.22818679191532568
4747,0.5104,9,45,9,394331,211279,45487,62469,1.9570843677053615,0.22819892748074871
4748,0.5105,17,51,17,394382,211228,45504,62452,1.9566119530178963,0.22819351066939492
4749,0.5106,10,31,10,394413,211197,45514,62442,1.956324798992182,0.22819115696227513
4750,0.5107,27,121,27,394534,211076,45541,62415,1.9552039719885879,0.22821591935383614
4751,0.5108,7,74,7,394608,211002,45548,62408,1.954518507540109,0.2282579276544384
4752,0.5109,20,147,20,394755,210855,45568,62388,1.9531568416762384,0.22832423886430758
4753,0.511,15,74,15,394829,210781,45583,62373,1.9524713772277595,0.22834371819559662
4754,0.5111,9,69,9,394898,210712,45592,62364,1.9518322279447182,0.22837598324276026
4755,0.5112,9,51,9,394949,210661,45601,62355,1.951359813257253,0.22839320772408944
4756,0.5113,18,98,18,395047,210563,45619,62337,1.9504520360146727,0.22842433125687064
4757,0.5114,17,90,17,395137,210473,45636,62320,1.9496183630367927,0.22845160982869794
4758,0.5115,9,55,9,395192,210418,45645,62311,1.9491088962169774,0.22847221967594206
4759,0.5116,14,60,14,395252,210358,45659,62297,1.948553114231724,0.228482881296877
4760,0.5117,11,67,11,395319,210291,45670,62286,1.9479324910148579,0.22850790785722933
4761,0.5118,16,82,16,395401,210209,45686,62270,1.9471729223016785,0.22853137305994223
4762,0.5119,16,64,16,395465,210145,45702,62254,1.946580088184075,0.2285397523485769
4763,0.512,4,43,4,395508,210102,45706,62250,1.9461817777613102,0.22856450475854775
4764,0.5121,39,141,39,395649,209961,45745,62211,1.944875690095965,0.22857237335214498
4765,0.5122,6,41,6,395690,209920,45751,62205,1.9444959057393754,0.22858980248047772
4766,0.5123,4,17,4,395707,209903,45755,62201,1.9443384341768868,0.22859274395084234
4767,0.5124,15,114,15,395821,209789,45770,62186,1.9432824484049056,0.22864601525875541
4768,0.5125,20,72,20,395893,209717,45790,62166,1.942615510022602,0.22864982363737343
4769,0.5126,7,68,7,395961,209649,45797,62159,1.941985623772648,0.22868716152578292
4770,0.5127,29,126,29,396087,209523,45826,62130,1.9408184816036163,0.2287108922043931
4771,0.5128,5,73,5,396160,209450,45831,62125,1.9401422801882249,0.22875816993464052
4772,0.5129,25,172,25,396332,209278,45856,62100,1.9385490384971655,0.22883210871920348
4773,0.513,11,73,11,396405,209205,45867,62089,1.9378728370817742,0.22886241494467258
4774,0.5131,30,193,30,396598,209012,45897,62059,1.9360850716958762,0.22894001940451025
4775,0.5132,20,73,20,396671,208939,45917,62039,1.9354088702804846,0.22894478518551323
4776,0.5133,43,210,43,396881,208729,45960,61996,1.9334636333320983,0.22899990765536984
4777,0.5134,13,44,13,396925,208685,45973,61983,1.9330560598762458,0.22900010344776628
4778,0.5135,8,48,8,396973,208637,45981,61975,1.9326114342880434,0.22901792972964982
4779,0.5136,14,82,14,397055,208555,45995,61961,1.9318518655748638,0.2290474500584069
4780,0.5137,18,79,18,397134,208476,46013,61943,1.931120085960947,0.229063046605453
4781,0.5138,27,166,27,397300,208310,46040,61916,1.929582422468413,0.229126730958531
4782,0.5139,6,43,6,397343,208267,46046,61910,1.9291841120456483,0.22914607831162534
4783,0.514,12,82,12,397425,208185,46058,61898,1.9284245433324687,0.22918139979191582
4784,0.5141,20,138,20,397563,208047,46078,61878,1.9271462447663863,0.22924145595998888
4785,0.5142,14,71,14,397634,207976,46092,61864,1.92648856941717,0.22926178476134004
4786,0.5143,15,111,15,397745,207865,46107,61849,1.9254603727444515,0.22931327257761924
4787,0.5144,16,86,16,397831,207779,46123,61833,1.9246637518989218,0.22934068216548226
4788,0.5145,12,90,12,397921,207689,46135,61821,1.9238300789210419,0.2293829542503061
4789,0.5146,11,79,11,398000,207610,46146,61810,1.923098299307125,0.22941875139187884
4790,0.5147,11,60,11,398060,207550,46157,61799,1.922542517321872,0.22943838662850058
4791,0.5148,8,48,8,398108,207502,46165,61791,1.9220978917336693,0.22945639136553866
4792,0.5149,15,87,15,398195,207415,46180,61776,1.9212920078550522,0.2294876128845318
4793,0.515,34,225,34,398420,207190,46214,61742,1.9192078254103524,0.2295821992176461
4794,0.5151,16,146,16,398566,207044,46230,61726,1.9178554225795694,0.2296610484801131
4795,0.5152,15,68,15,398634,206976,46245,61711,1.9172255363296158,0.22967616594773846
4796,0.5153,8,61,8,398695,206915,46253,61703,1.916660491311275,0.22970538087544393
4797,0.5154,14,125,14,398820,206790,46267,61689,1.9155026121753307,0.22977216095113584
4798,0.5155,20,121,20,398941,206669,46287,61669,1.9143817851717366,0.22981836340734446
4799,0.5156,23,109,23,399050,206560,46310,61646,1.9133721145651932,0.22984571560666056
4800,0.5157,23,89,23,399139,206471,46333,61623,1.912547704620401,0.22985594604877393
4801,0.5158,16,98,16,399237,206373,46349,61607,1.9116399273778206,0.22989402194193598
4802,0.5159,24,124,24,399361,206249,46373,61583,1.910491311274964,0.2299314495653992
4803,0.516,22,123,22,399484,206126,46395,61561,1.9093519582051948,0.22997381269915984
4804,0.5161,14,74,14,399558,206052,46409,61547,1.9086664937567157,0.22999712256024873
4805,0.5162,22,108,22,399666,205944,46431,61525,1.90766608618326,0.23002665729486407
4806,0.5163,29,188,29,399854,205756,46460,61496,1.9059246359627997,0.23010491970125574
4807,0.5164,25,121,25,399975,205635,46485,61471,1.9048038089592056,0.23013709912918467
4808,0.5165,8,21,8,399996,205614,46493,61463,1.904609285264367,0.2301321341785328
4809,0.5166,9,41,9,400037,205573,46502,61454,1.9042295009077772,0.23014152126938475
4810,0.5167,131,635,131,400672,204938,46633,61323,1.8983474748971803,0.23031161153905377
4811,0.5168,6,55,6,400727,204883,46639,61317,1.897838008077365,0.23034184823441023
4812,0.5169,15,71,15,400798,204812,46654,61302,1.8971803327281485,0.23035992093614016
4813,0.517,30,112,30,400910,204700,46684,61272,1.8961428730223424,0.23037011414735387
4814,0.5171,18,108,18,401018,204592,46702,61254,1.8951424654488866,0.2304115916733748
4815,0.5172,7,32,7,401050,204560,46709,61247,1.8948460483900849,0.2304190634558157
4816,0.5173,21,119,21,401169,204441,46730,61226,1.893743747452666,0.23046144233194188
4817,0.5174,7,56,7,401225,204385,46737,61219,1.893225017599763,0.23048975166036656
4818,0.5175,19,115,19,401340,204270,46756,61200,1.892159768794694,0.23053452367499153
4819,0.5176,18,125,18,401465,204145,46774,61182,1.89100188965875,0.23059093119056862
4820,0.5177,24,134,24,401599,204011,46798,61158,1.8897606432250176,0.23063781965463534
4821,0.5178,17,77,17,401676,203934,46815,61141,1.889047389677276,0.2306554748656041
4822,0.5179,31,114,31,401790,203820,46846,61110,1.8879914039052947,0.23066470388404484
4823,0.518,17,53,17,401843,203767,46863,61093,1.8875004631516543,0.230661481537416
4824,0.5181,17,134,17,401977,203633,46880,61076,1.8862592167179222,0.2307288380825737
4825,0.5182,3,22,3,401999,203611,46883,61073,1.8860554299899959,0.230739296670747
4826,0.5183,37,128,37,402127,203483,46920,61036,1.884869761754789,0.23074334924901424
4827,0.5184,9,75,9,402202,203408,46929,61027,1.8841750342732224,0.23078261198404146
4828,0.5185,14,97,14,402299,203311,46943,61013,1.8832765200637296,0.23082656134138405
4829,0.5186,17,119,17,402418,203192,46960,60996,1.8821742191263107,0.23088103925992096
4830,0.5187,5,35,5,402453,203157,46965,60991,1.8818500129682463,0.23089707285309752
4831,0.5188,19,102,19,402555,203055,46984,60972,1.8809051835933157,0.2309309275187765
4832,0.5189,19,106,19,402661,202949,47003,60953,1.879923302086035,0.23096831399534676
4833,0.519,15,119,15,402780,202830,47018,60938,1.8788210011486162,0.23102878286979467
4834,0.5191,38,162,38,402942,202668,47056,60900,1.8773203897884323,0.23105991622655253
4835,0.5192,14,84,14,403026,202584,47070,60886,1.8765422950090778,0.23109272402930126
4836,0.5193,25,125,25,403151,202459,47095,60861,1.8753844158731334,0.2311294242746468
4837,0.5194,33,158,33,403309,202301,47128,60828,1.8739208566452998,0.23117178266173627
4838,0.5195,29,150,29,403459,202151,47157,60799,1.8725314016821668,0.23121886290169233
4839,0.5196,12,41,12,403500,202110,47169,60787,1.872151617325577,0.23121983134079127
4840,0.5197,17,84,17,403584,202026,47186,60770,1.8713735225462225,0.23124400675809373
4841,0.5198,18,96,18,403680,201930,47204,60752,1.8704842713698173,0.2312758392276593
4842,0.5199,18,156,18,403836,201774,47222,60734,1.8690392382081589,0.2313605680588782
4843,0.52,52,214,52,404050,201560,47274,60682,1.8670569491274223,0.23139695395855736
4844,0.5201,17,135,17,404185,201425,47291,60665,1.8658064396606024,0.23146629020565454
4845,0.5202,13,94,13,404279,201331,47304,60652,1.8649357145503724,0.23151120492551044
4846,0.5203,10,44,10,404323,201287,47314,60642,1.86452814109452,0.23152075562461583
4847,0.5204,20,139,20,404462,201148,47334,60622,1.86324057949535,0.23158497918019635
4848,0.5205,13,54,13,404516,201094,47347,60609,1.862740375708622,0.23159459387167897
4849,0.5206,13,63,13,404579,201031,47360,60596,1.8621568046241062,0.2316121807000042
4850,0.5207,20,111,20,404690,200920,47380,60576,1.8611286079513876,0.23165172698626366
4851,0.5208,20,104,20,404794,200816,47400,60556,1.8601652525102819,0.23168510781568033
4852,0.5209,10,82,10,404876,200734,47410,60546,1.8594056837971025,0.23172841396203306
4853,0.521,9,57,9,404933,200677,47419,60537,1.858877690911112,0.23175250943670705
4854,0.5211,12,83,12,405016,200594,47431,60525,1.858108859164845,0.23179086929714038
4855,0.5212,5,47,5,405063,200547,47436,60520,1.85767349660973,0.23181788583007426
4856,0.5213,13,98,13,405161,200449,47449,60507,1.8567657193671496,0.23186667484173576
4857,0.5214,66,318,66,405479,200131,47515,60441,1.8538200748453073,0.23195508343183457
4858,0.5215,0,6,0,405485,200125,47515,60441,1.8537644966467821,0.2319604246141093
4859,0.5216,11,71,11,405556,200054,47526,60430,1.8531068212975657,0.23199121635110026
4860,0.5217,36,223,36,405779,199831,47562,60394,1.851041164919041,0.23208377365741187
4861,0.5218,7,37,7,405816,199794,47569,60387,1.8506984326948015,0.2320961177026762
4862,0.5219,7,47,7,405863,199747,47576,60380,1.8502630701396865,0.23211738881392552
4863,0.522,20,85,20,405948,199662,47596,60360,1.8494757123272445,0.23213420402888987
4864,0.5221,6,76,6,406024,199586,47602,60354,1.8487717218125903,0.23218435023466955
4865,0.5222,17,61,17,406085,199525,47619,60337,1.8482066767942495,0.23218862319230976
4866,0.5223,11,64,11,406149,199461,47630,60326,1.847613842676646,0.2322133132142871
4867,0.5224,15,87,15,406236,199374,47645,60311,1.8468079587980288,0.232246760498296
4868,0.5225,24,120,24,406356,199254,47669,60287,1.8456963948275222,0.23228314601546576
4869,0.5226,8,51,8,406407,199203,47677,60279,1.845223980140057,0.2323051309917451
4870,0.5227,28,164,28,406571,199039,47705,60251,1.8437048427136982,0.23236916194222684
4871,0.5228,23,116,23,406687,198923,47728,60228,1.8426303308755418,0.23240504570694306
4872,0.5229,7,46,7,406733,198877,47735,60221,1.8422042313535143,0.2324255687037337
4873,0.523,26,136,26,406869,198741,47761,60195,1.840944458853607,0.2324705718787654
4874,0.5231,14,75,14,406944,198666,47775,60181,1.8402497313720405,0.23249641680220362
4875,0.5232,21,126,21,407070,198540,47796,60160,1.8390825892030087,0.23254735214534208
4876,0.5233,39,169,39,407239,198371,47835,60121,1.837517136611212,0.2325836002661591
4877,0.5234,6,59,6,407298,198312,47841,60115,1.8369706176590463,0.23261888270188485
4878,0.5235,8,47,8,407345,198265,47849,60107,1.8365352551039313,0.23263743749322682
4879,0.5236,5,42,5,407387,198223,47854,60102,1.8361462077142539,0.23266040840027097
4880,0.5237,14,87,14,407474,198136,47868,60088,1.8353403238356367,0.2326971931346428
4881,0.5238,20,151,20,407625,197985,47888,60068,1.833941605839416,0.23277388753473124
4882,0.5239,11,40,11,407665,197945,47899,60057,1.8335710845159139,0.2327772652925171
4883,0.524,26,138,26,407803,197807,47925,60031,1.8322927859498315,0.23282448669319494
4884,0.5241,37,113,37,407916,197694,47962,59994,1.8312460632109377,0.23281642917015927
4885,0.5242,9,55,9,407971,197639,47971,59985,1.8307365963911224,0.23283933173927895
4886,0.5243,2,25,2,407996,197614,47973,59983,1.8305050205639335,0.23285597270154543
4887,0.5244,37,197,37,408193,197417,48010,59946,1.8286802030456852,0.2329239245734624
4888,0.5245,12,53,12,408246,197364,48022,59934,1.8281892622920448,0.2329361285357834
4889,0.5246,20,96,20,408342,197268,48042,59914,1.8273000111156397,0.2329634266783834
4890,0.5247,15,109,15,408451,197159,48057,59899,1.8262903405090962,0.23301745131448934
4891,0.5248,9,51,9,408502,197108,48066,59890,1.825817925821631,0.23303683297146283
4892,0.5249,22,152,22,408654,196956,48088,59868,1.8244099447923228,0.23310905522848333
4893,0.525,98,493,98,409147,196463,48186,59770,1.8198432694801585,0.23326425557988237
4894,0.5251,8,54,8,409201,196409,48194,59762,1.8193430656934306,0.23328948241604242
4895,0.5252,22,189,22,409390,196220,48216,59740,1.817592352439883,0.23339584310048445
4896,0.5253,13,107,13,409497,196113,48229,59727,1.8166012078995146,0.23345450281425892
4897,0.5254,12,58,12,409555,196055,48241,59715,1.8160639519804365,0.23347147828126832
4898,0.5255,22,110,22,409665,195945,48263,59693,1.8150450183408056,0.23350597329035588
4899,0.5256,16,67,16,409732,195878,48279,59677,1.8144243951239394,0.23351920330261589
4900,0.5257,10,32,10,409764,195846,48289,59667,1.8141279780651376,0.23351845111599018
4901,0.5258,12,32,12,409796,195814,48301,59655,1.813831561006336,0.23351169809252786
4902,0.5259,12,33,12,409829,195781,48313,59643,1.8135258809144466,0.2335058569280882
4903,0.526,20,90,20,409919,195691,48333,59623,1.8126922079365668,0.23352812615054402
4904,0.5261,35,162,35,410081,195529,48368,59588,1.811191596576383,0.23357126338111533
4905,0.5262,31,199,31,410280,195330,48399,59557,1.8093482529919598,0.23366040637615884
4906,0.5263,18,105,18,410385,195225,48417,59539,1.8083756345177664,0.2337025639415302
4907,0.5264,30,154,30,410539,195071,48447,59509,1.806949127422283,0.23375363343546232
4908,0.5265,19,97,19,410636,194974,48466,59490,1.8060506132127905,0.23378552565392355
4909,0.5266,22,92,22,410728,194882,48488,59468,1.8051984141687354,0.23380381364261843
4910,0.5267,59,299,59,411027,194583,48547,59409,1.8024287672755568,0.23390106775016536
4911,0.5268,2,12,2,411039,194571,48549,59407,1.802317610878506,0.23390608635393617
4912,0.5269,17,70,17,411109,194501,48566,59390,1.8016691985623772,0.23391928032108267
4913,0.527,9,42,9,411151,194459,48575,59381,1.8012801511727,0.23393082256539552
4914,0.5271,27,170,27,411321,194289,48602,59354,1.7997054355478157,0.23400606364062876
4915,0.5272,26,132,26,411453,194157,48628,59328,1.7984827151802587,0.23404935203266466
4916,0.5273,7,45,7,411498,194112,48635,59321,1.7980658786913186,0.23406975413620168
4917,0.5274,12,53,12,411551,194059,48647,59309,1.7975749379376784,0.23408244135013104
4918,0.5275,16,84,16,411635,193975,48663,59293,1.7967968431583237,0.23411169196266404
4919,0.5276,14,94,14,411729,193881,48677,59279,1.7959261180480937,0.23415626481276663
4920,0.5277,12,79,12,411808,193802,48689,59267,1.7951943384341769,0.2341930461652751
4921,0.5278,25,163,25,411971,193639,48714,59242,1.7936844640409055,0.23426829220067938
4922,0.5279,20,92,20,412063,193547,48734,59222,1.7928322649968507,0.23429297105262117
4923,0.528,12,65,12,412128,193482,48746,59210,1.7922301678461596,0.23431687588051858
4924,0.5281,5,64,5,412192,193418,48751,59205,1.791637333728556,0.23436108351179424
4925,0.5282,5,22,5,412214,193396,48756,59200,1.79143354700063,0.23436633992620629
4926,0.5283,34,178,34,412392,193218,48790,59166,1.7897847271110452,0.23442848992012172
4927,0.5284,15,74,15,412466,193144,48805,59151,1.7890992626625661,0.23445173309023168
4928,0.5285,3,21,3,412487,193123,48808,59148,1.7889047389677275,0.23446214586694467
4929,0.5286,20,101,20,412588,193022,48828,59128,1.7879691726258846,0.23449534007535197
4930,0.5287,3,31,3,412619,192991,48831,59125,1.7876820186001705,0.23451506449412177
4931,0.5288,10,66,10,412685,192925,48841,59115,1.7870706584163918,0.23454610379304872
4932,0.5289,17,81,17,412766,192844,48858,59098,1.7863203527363,0.23456986131728733
4933,0.529,12,104,12,412870,192740,48870,59086,1.7853569972951944,0.23463026057674743
4934,0.5291,15,78,15,412948,192662,48885,59071,1.784634480714365,0.2346573552136589
4935,0.5292,14,82,14,413030,192580,48899,59057,1.7838749120011856,0.23469124174902736
4936,0.5293,31,112,31,413142,192468,48930,59026,1.7828374522953796,0.2347014242884522
4937,0.5294,13,42,13,413184,192426,48943,59013,1.7824484049057023,0.23470106069464164
4938,0.5295,29,107,29,413291,192319,48972,58984,1.781457260365334,0.23471267752474104
4939,0.5296,16,93,16,413384,192226,48988,58968,1.7805957982881915,0.23475083003574926
4940,0.5297,18,98,18,413482,192128,49006,58950,1.7796880210456112,0.23478759588653725
4941,0.5298,26,96,26,413578,192032,49032,58924,1.778798769869206,0.23479813194344826
4942,0.5299,16,52,16,413630,191980,49048,58908,1.778317092148653,0.23479799751283442
4943,0.53,42,209,42,413839,191771,49090,58866,1.7763811182333544,0.23486556254663118
4944,0.5301,8,25,8,413864,191746,49098,58858,1.7761495424061655,0.2348645672056312
4945,0.5302,9,61,9,413925,191685,49107,58849,1.7755844973878248,0.23489426584814835
4946,0.5303,11,41,11,413966,191644,49118,58838,1.775204713031235,0.23489911450723006
4947,0.5304,13,78,13,414044,191566,49131,58825,1.7744821964504056,0.23493256546760866
4948,0.5305,6,69,6,414113,191497,49137,58819,1.7738430471673645,0.23497898656098692
4949,0.5306,20,98,20,414211,191399,49157,58799,1.7729352699247842,0.23500987218123245
4950,0.5307,6,33,6,414244,191366,49163,58793,1.772629589832895,0.23502252567367155
4951,0.5308,21,129,21,414373,191237,49184,58772,1.7714346585646004,0.23507953713666307
4952,0.5309,11,24,11,414397,191213,49195,58761,1.7712123457704991,0.23506844711850033
4953,0.531,20,128,20,414525,191085,49215,58741,1.7700266775352922,0.23512764884359513
4954,0.5311,17,105,17,414630,190980,49232,58724,1.769054059061099,0.23517444654470893
4955,0.5312,30,112,30,414742,190868,49262,58694,1.768016599355293,0.2351880494626586
4956,0.5313,31,155,31,414897,190713,49293,58663,1.766580829226722,0.23523915693571154
4957,0.5314,27,121,27,415018,190592,49320,58636,1.765460002223128,0.23527051535140514
4958,0.5315,25,121,25,415139,190471,49345,58611,1.7643391752195339,0.23530805116387374
4959,0.5316,9,75,9,415214,190396,49354,58602,1.7636444477379674,0.2353512879621523
4960,0.5317,26,111,26,415325,190285,49380,58576,1.7626162510652488,0.23537637476342216
4961,0.5318,15,89,15,415414,190196,49395,58561,1.7617918411204565,0.23541448079853028
4962,0.5319,5,36,5,415450,190160,49400,58556,1.7614583719293044,0.2354331848373245
4963,0.532,5,38,5,415488,190122,49405,58551,1.7611063766719774,0.2354537887104752
4964,0.5321,17,61,17,415549,190061,49422,58534,1.7605413316536367,0.23545928116011988
4965,0.5322,19,85,19,415634,189976,49441,58515,1.7597539738411945,0.23548136552229257
4966,0.5323,7,46,7,415680,189930,49448,58508,1.7593278743191672,0.23550342540191113
4967,0.5324,25,117,25,415797,189813,49473,58483,1.7582440994479231,0.23553742307568387
4968,0.5325,16,102,16,415899,189711,49489,58467,1.7572992700729928,0.23558494306505814
4969,0.5326,17,123,17,416022,189588,49506,58450,1.7561599170032236,0.23564937630524355
4970,0.5327,14,109,14,416131,189479,49520,58436,1.7551502463966802,0.2357098198979489
4971,0.5328,21,169,21,416300,189310,49541,58415,1.7535847938048834,0.23580583308103745
4972,0.5329,36,126,36,416426,189184,49577,58379,1.7524176516358516,0.2358147219091706
4973,0.533,20,78,20,416504,189106,49597,58359,1.7516951350550225,0.23582728870749398
4974,0.5331,15,71,15,416575,189035,49612,58344,1.751037459705806,0.23584863711147672
4975,0.5332,19,77,19,416652,188958,49631,58325,1.7503242061580644,0.23586336302940356
4976,0.5333,142,664,142,417316,188294,49773,58183,1.7441735521879285,0.2360585369020233
4977,0.5334,4,61,4,417377,188233,49777,58179,1.7436085071695877,0.23610457282924532
4978,0.5335,21,116,21,417493,188117,49798,58158,1.7425339953314314,0.23615064460460866
4979,0.5336,9,45,9,417538,188072,49807,58149,1.7421171588424913,0.23616588349490905
4980,0.5337,24,109,24,417647,187963,49831,58125,1.741107488235948,0.2361959949286434
4981,0.5338,24,62,24,417709,187901,49855,58101,1.7405331801845196,0.23618100665848246
4982,0.5339,11,62,11,417771,187839,49866,58090,1.7399588721330912,0.23620638476958797
4983,0.534,8,31,8,417802,187808,49874,58082,1.739671718107377,0.2362113140021961
4984,0.5341,10,34,10,417836,187774,49884,58072,1.7393567749824002,0.23621291377529022
4985,0.5342,7,41,7,417877,187733,49891,58065,1.7389769906258106,0.23623056330808226
4986,0.5343,32,121,32,417998,187612,49923,58033,1.7378561636222165,0.23624743023468828
4987,0.5344,27,111,27,418109,187501,49950,58006,1.736827966949498,0.23627024891347292
4988,0.5345,15,86,15,418195,187415,49965,57991,1.7360313461039683,0.23630636577752784
4989,0.5346,18,79,18,418274,187336,49983,57973,1.7352995664900515,0.23632642911593132
4990,0.5347,14,73,14,418347,187263,49997,57959,1.73462336507466,0.23635318201466426
4991,0.5348,12,88,12,418435,187175,50009,57947,1.7338082181629553,0.23640064947250758
4992,0.5349,19,84,19,418519,187091,50028,57928,1.7330301233836007,0.23642248152184117
4993,0.535,48,197,48,418716,186894,50076,57880,1.7312053058653525,0.23646302303349212
4994,0.5351,33,145,33,418861,186749,50109,57847,1.7298621660676572,0.23650018806521775
4995,0.5352,29,110,29,418971,186639,50138,57818,1.7288432324280263,0.23651603349464323
4996,0.5353,5,8,5,418979,186631,50143,57813,1.7287691281633257,0.2365081572875587
4997,0.5354,10,36,10,419015,186595,50153,57803,1.7284356589721739,0.2365117554153471
4998,0.5355,15,110,15,419125,186485,50168,57788,1.727416725332543,0.2365713771067617
4999,0.5356,29,134,29,419259,186351,50197,57759,1.7261754788988106,0.23661054442669288
5000,0.5357,16,102,16,419361,186249,50213,57743,1.72523064952388,0.2366593986688088
5001,0.5358,15,93,15,419454,186156,50228,57728,1.7243691874467375,0.2367026947237211
5002,0.5359,6,47,6,419501,186109,50234,57722,1.7239338248916225,0.23672953808170413
5003,0.536,45,171,45,419672,185938,50279,57677,1.7223498462336508,0.23675471543213678
5004,0.5361,18,108,18,419780,185830,50297,57659,1.7213494386601949,0.23680330528278484
5005,0.5362,13,59,13,419839,185771,50310,57646,1.7208029197080292,0.23681994273201953
5006,0.5363,15,104,15,419943,185667,50325,57631,1.7198395642669235,0.23687412144777187
5007,0.5364,25,152,25,420095,185515,50350,57606,1.7184315832376154,0.23694374406159896
5008,0.5365,10,100,10,420195,185415,50360,57596,1.71750527992886,0.23700984729086338
5009,0.5366,3,42,3,420237,185373,50363,57593,1.7171162325391827,0.23704139673863833
5010,0.5367,40,166,40,420403,185207,50403,57553,1.7155785690466487,0.23707777228538474
5011,0.5368,10,33,10,420436,185174,50413,57543,1.7152728889547593,0.23707857298829502
5012,0.5369,25,152,25,420588,185022,50438,57518,1.713864907925451,0.2371485115857178
5013,0.537,4,14,4,420602,185008,50442,57514,1.7137352254622253,0.23714961941597051
5014,0.5371,20,114,20,420716,184894,50462,57494,1.7126792396902442,0.2371982111325643
5015,0.5372,34,131,34,420847,184763,50496,57460,1.7114657823557746,0.23721942177249888
5016,0.5373,19,65,19,420912,184698,50515,57441,1.7108636852050836,0.23722324780394732
5017,0.5374,17,140,17,421052,184558,50532,57424,1.709566860572826,0.23730690712532337
5018,0.5375,21,131,21,421183,184427,50553,57403,1.7083534032383563,0.23736922631600713
5019,0.5376,20,108,20,421291,184319,50573,57383,1.7073529956649005,0.23741218525291474
5020,0.5377,14,113,14,421404,184206,50587,57369,1.7063062729260068,0.23747904377522508
5021,0.5378,13,81,13,421485,184125,50600,57356,1.705555967245915,0.2375176514922499
5022,0.5379,29,128,29,421613,183997,50629,57327,1.7043702990107081,0.23755200477366528
5023,0.538,25,133,25,421746,183864,50654,57302,1.7031383156100635,0.23760397402618944
5024,0.5381,25,130,25,421876,183734,50679,57277,1.7019341213086814,0.23765305318014532
5025,0.5382,5,40,5,421916,183694,50684,57272,1.7015635999851793,0.23767668467750638
5026,0.5383,47,164,47,422080,183530,50731,57225,1.7000444625588202,0.23768976760607258
5027,0.5384,15,56,15,422136,183474,50746,57210,1.6995257327059172,0.23769756194844693
5028,0.5385,9,53,9,422189,183421,50755,57201,1.6990347919522768,0.23772140535778108
5029,0.5386,13,80,13,422269,183341,50768,57188,1.6982937493052725,0.23775927227070331
5030,0.5387,11,40,11,422309,183301,50779,57177,1.6979232279817704,0.2377639534593601
5031,0.5388,9,34,9,422343,183267,50788,57168,1.6976082848567935,0.23776904360845966
5032,0.5389,23,102,23,422445,183165,50811,57145,1.696663455481863,0.2377970121925846
5033,0.539,14,53,14,422498,183112,50825,57131,1.6961725147282225,0.23780505571442248
5034,0.5391,20,96,20,422594,183016,50845,57111,1.6952832635518174,0.23783664477547298
5035,0.5392,30,147,30,422741,182869,50875,57081,1.693921597687947,0.23788705980412586
5036,0.5393,24,125,24,422866,182744,50899,57057,1.6927637185520026,0.23793478759471395
5037,0.5394,15,87,15,422953,182657,50914,57042,1.6919578346733855,0.2379734583790504
5038,0.5395,6,60,6,423013,182597,50920,57036,1.6914020526881322,0.23801396301844904
5039,0.5396,18,80,18,423093,182517,50938,57018,1.690661010041128,0.23803619512806062
5040,0.5397,5,21,5,423114,182496,50943,57013,1.6904664863462893,0.23804115920487331
5041,0.5398,16,73,16,423187,182423,50959,56997,1.6897902849308977,0.23806281847798846
5042,0.5399,20,110,20,423297,182313,50979,56977,1.6887713512912668,0.23810857118976975
5043,0.54,47,223,47,423520,182090,51026,56930,1.6867056949127421,0.2381809053635679
5044,0.5401,9,63,9,423583,182027,51035,56921,1.6861221238282262,0.2382150091233239
5045,0.5402,13,100,13,423683,181927,51048,56908,1.6851958205194708,0.2382732849038039
5046,0.5403,25,108,25,423791,181819,51073,56883,1.684195412946015,0.2383013129341187
5047,0.5404,19,128,19,423919,181691,51092,56864,1.683009744710808,0.23836851040640522
5048,0.5405,14,84,14,424003,181607,51106,56850,1.6822316499314536,0.23840776324452626
5049,0.5406,10,64,10,424067,181543,51116,56840,1.68163881581385,0.23843982163157607
5050,0.5407,13,71,13,424138,181472,51129,56827,1.6809811404646338,0.2384693179576918
5051,0.5408,22,109,22,424247,181363,51151,56805,1.6799714698580903,0.23850811192099694
5052,0.5409,24,78,24,424325,181285,51175,56781,1.6792489532772612,0.23850948896524493
5053,0.541,40,176,40,424501,181109,51215,56741,1.6776186594538516,0.23855791465209167
5054,0.5411,31,134,31,424635,180975,51246,56710,1.6763774130201192,0.23859309590424302
5055,0.5412,17,58,17,424693,180917,51263,56693,1.675840157101041,0.23859686040149825
5056,0.5413,28,103,28,424796,180814,51291,56665,1.674886064693023,0.23861057188214538
5057,0.5414,17,34,17,424830,180780,51308,56648,1.6745711215680463,0.23859022524723283
5058,0.5415,1,28,1,424858,180752,51309,56647,1.6743117566415948,0.23861515844632875
5059,0.5416,16,78,16,424936,180674,51325,56631,1.6735892400607655,0.2386422536398306
5060,0.5417,90,387,90,425323,180287,51415,56541,1.670004446255882,0.23874288513182562
5061,0.5418,6,39,6,425362,180248,51421,56535,1.6696431879654674,0.2387629179459674
5062,0.5419,7,57,7,425419,180191,51428,56528,1.669115195079477,0.23879789961937994
5063,0.542,13,93,13,425512,180098,51441,56515,1.6682537330023344,0.23884993639402738
5064,0.5421,30,120,30,425632,179978,51471,56485,1.6671421690318278,0.23887458080122473
5065,0.5422,23,109,23,425741,179869,51494,56462,1.6661324984252843,0.23891068035932653
5066,0.5423,22,65,22,425806,179804,51516,56440,1.6655304012745933,0.2389055383417145
5067,0.5424,13,107,13,425913,179697,51529,56427,1.664539256734225,0.23897189612237638
5068,0.5425,18,55,18,425968,179642,51547,56409,1.6640297899144096,0.2389695447170315
5069,0.5426,21,85,21,426053,179557,51568,56388,1.6632424321019674,0.23898789972239293
5070,0.5427,33,165,33,426218,179392,51601,56355,1.661714031642521,0.2390486411279889
5071,0.5428,32,167,32,426385,179225,51633,56323,1.6601671051168996,0.23911474518994005
5072,0.5429,9,72,9,426457,179153,51642,56314,1.6595001667345957,0.23915877808779998
5073,0.543,17,115,17,426572,179038,51659,56297,1.6584349179295268,0.2392206854059107
5074,0.5431,12,66,12,426638,178972,51671,56285,1.6578235577457483,0.2392489915284136
5075,0.5432,16,80,16,426718,178892,51687,56269,1.6570825150987438,0.2392786218803288
5076,0.5433,26,161,26,426879,178731,51713,56243,1.6555911667716476,0.23935839709925352
5077,0.5434,14,35,14,426914,178696,51727,56229,1.6552669606135832,0.23934872831754817
5078,0.5435,8,74,8,426988,178622,51735,56221,1.6545814961651042,0.23939823626848575
5079,0.5436,5,42,5,427030,178580,51740,56216,1.654192448775427,0.23942486243377228
5080,0.5437,28,126,28,427156,178454,51768,56188,1.6530253066063951,0.23946267079210032
5081,0.5438,15,59,15,427215,178395,51783,56173,1.6524787876542295,0.23947426758978207
5082,0.5439,32,173,32,427388,178222,51815,56141,1.6508762829300827,0.2395471981498786
5083,0.544,15,74,15,427462,178148,51830,56126,1.6501908184816036,0.23957417383064275
5084,0.5441,17,76,17,427538,178072,51847,56109,1.6494868279669495,0.239596722193517
5085,0.5442,28,95,28,427633,177977,51875,56081,1.6486068398236318,0.23960300438352886
5086,0.5443,23,155,23,427788,177822,51898,56058,1.647171069695061,0.23968701898409442
5087,0.5444,14,112,14,427900,177710,51912,56044,1.646133609989255,0.2397563250254541
5088,0.5445,42,192,42,428092,177518,51954,56002,1.6443551076364444,0.23981671805412813
5089,0.5446,31,138,31,428230,177380,51985,55971,1.643076809070362,0.23985755364236708
5090,0.5447,12,63,12,428293,177317,51997,55959,1.6424932379858461,0.23988322845041923
5091,0.5448,22,190,22,428483,177127,52019,55937,1.6407332616992107,0.24000703669378368
5092,0.5449,18,99,18,428582,177028,52037,55919,1.639816221423543,0.2400503118735163
5093,0.545,22,122,22,428704,176906,52059,55897,1.6386861313868613,0.24010429418864876
5094,0.5451,13,75,13,428779,176831,52072,55884,1.6379914039052947,0.24013922609200095
5095,0.5452,18,92,18,428871,176739,52090,55866,1.6371392048612399,0.24017540465596182
5096,0.5453,28,102,28,428973,176637,52118,55838,1.6361943754863093,0.2401892676631896
5097,0.5454,28,144,28,429117,176493,52146,55810,1.6348604987217015,0.24024657451690248
5098,0.5455,12,65,12,429182,176428,52158,55798,1.6342584015710104,0.24027456012677306
5099,0.5456,20,104,20,429286,176324,52178,55778,1.6332950461299047,0.24031675728774418
5100,0.5457,36,139,36,429425,176185,52214,55742,1.6320074845307349,0.24034286650540904
5101,0.5458,16,100,16,429525,176085,52230,55726,1.6310811812219794,0.24039411417059586
5102,0.5459,19,77,19,429602,176008,52249,55707,1.6303679276742375,0.24041171266426428
5103,0.546,9,46,9,429648,175962,52258,55698,1.6299418281522102,0.24042994042994043
5104,0.5461,28,138,28,429786,175824,52286,55670,1.6286635295861276,0.24048139476617106
5105,0.5462,12,45,12,429831,175779,52298,55658,1.6282466930971877,0.2404887723224895
5106,0.5463,17,44,17,429875,175735,52315,55641,1.6278391196413353,0.24047870133462415
5107,0.5464,19,103,19,429978,175632,52334,55622,1.6268850272333173,0.24052340716268691
5108,0.5465,20,76,20,430054,175556,52354,55602,1.626181036718663,0.24053677571185078
5109,0.5466,14,64,14,430118,175492,52368,55588,1.6255882026010597,0.24055738272459753
5110,0.5467,42,211,42,430329,175281,52410,55546,1.6236337026195857,0.24063909334696548
5111,0.5468,12,22,12,430351,175259,52422,55534,1.6234299158916596,0.24062254921076462
5112,0.5469,15,50,15,430401,175209,52437,55519,1.6229667642372818,0.24062532505807704
5113,0.547,9,44,9,430445,175165,52446,55510,1.6225591907814294,0.2406415953180882
5114,0.5471,8,28,8,430473,175137,52454,55502,1.622299825854978,0.24064447036277473
5115,0.5472,12,44,12,430517,175093,52466,55490,1.6218922523991255,0.24065087192030635
5116,0.5473,2,32,2,430549,175061,52468,55488,1.621595835340324,0.24067768673904463
5117,0.5474,14,63,14,430612,174998,52482,55474,1.621012264255808,0.2406973515220938
5118,0.5475,26,157,26,430769,174841,52508,55448,1.619557968061062,0.24077572094194685
5119,0.5476,28,100,28,430869,174741,52536,55420,1.6186316647523065,0.24078797016001843
5120,0.5477,17,57,17,430926,174684,52553,55403,1.618103671866316,0.240791526683385
5121,0.5478,14,89,14,431015,174595,52567,55389,1.6172792619215235,0.24083849311256436
5122,0.5479,19,90,19,431105,174505,52586,55370,1.6164455889436438,0.24087003806416532
5123,0.548,18,70,18,431175,174435,52604,55352,1.615797176627515,0.24088394904846663
5124,0.5481,28,115,28,431290,174320,52632,55324,1.6147319278224461,0.24091202034453327
5125,0.5482,7,58,7,431348,174262,52639,55317,1.614194671903368,0.24094973843426445
5126,0.5483,29,147,29,431495,174115,52668,55288,1.6128330060394975,0.24100818210747027
5127,0.5484,16,62,16,431557,174053,52684,55272,1.6122586979880693,0.24102038591518588
5128,0.5485,37,123,37,431680,173930,52721,55235,1.6111193449183001,0.24102720747059977
5129,0.5486,14,124,14,431804,173806,52735,55221,1.6099707288154432,0.24111131002021596
5130,0.5487,13,63,13,431867,173743,52748,55208,1.6093871577309273,0.24113456591148325
5131,0.5488,16,68,16,431935,173675,52764,55192,1.6087572714809737,0.24115315882149896
5132,0.5489,23,83,23,432018,173592,52787,55169,1.6079884397347068,0.24116435930949767
5133,0.549,9,58,9,432076,173534,52796,55160,1.6074511838156287,0.24119565882795352
5134,0.5491,13,81,13,432157,173453,52809,55147,1.6067008781355367,0.2412379702537183
5135,0.5492,12,60,12,432217,173393,52821,55135,1.6061450961502834,0.24126146467828888
5136,0.5493,13,55,13,432272,173338,52834,55122,1.6056356293304679,0.24127637223146284
5137,0.5494,26,128,26,432400,173210,52860,55096,1.604449961095261,0.24132523893371177
5138,0.5495,33,125,33,432525,173085,52893,55063,1.6032920819593168,0.24134772165436472
5139,0.5496,8,60,8,432585,173025,52901,55055,1.6027362999740635,0.24138460189407226
5140,0.5497,14,46,14,432631,172979,52915,55041,1.602310200452036,0.24138672046311727
5141,0.5498,15,88,15,432719,172891,52930,55026,1.6014950535403312,0.2414299942522936
5142,0.5499,25,99,25,432818,172792,52955,55001,1.6005780132646634,0.24145166883969219
5143,0.55,195,858,195,433676,171934,53150,54806,1.5926303308755418,0.2417129752139014
5144,0.5501,29,122,29,433798,171812,53179,54777,1.5915002408388603,0.24174606887359934
5145,0.5502,14,67,14,433865,171745,53193,54763,1.5908796176219941,0.241770710085295
5146,0.5503,3,36,3,433901,171709,53196,54760,1.5905461484308423,0.24179909833133895
5147,0.5504,11,65,11,433966,171644,53207,54749,1.5899440512801513,0.24183168207497582
5148,0.5505,26,83,26,434049,171561,53233,54723,1.5891752195338842,0.24183327146417777
5149,0.5506,8,46,8,434095,171515,53241,54715,1.5887491200118566,0.24185563364717322
5150,0.5507,26,123,26,434218,171392,53267,54689,1.5876097669420874,0.24190002698148008
5151,0.5508,11,29,11,434247,171363,53278,54678,1.5873411389825485,0.24189416964179064
5152,0.5509,21,118,21,434365,171245,53299,54657,1.586248101078217,0.24195004913635115
5153,0.551,31,121,31,434486,171124,53330,54626,1.585127274074623,0.24197563676633443
5154,0.5511,28,105,28,434591,171019,53358,54598,1.5841546556004298,0.24199417597078235
5155,0.5512,28,123,28,434714,170896,53386,54570,1.5830153025306606,0.24203205804866365
5156,0.5513,17,79,17,434793,170817,53403,54553,1.5822835229167438,0.24205972400940676
5157,0.5514,18,65,18,434858,170752,53421,54535,1.5816814257660528,0.2420690053132227
5158,0.5515,9,35,9,434893,170717,53430,54526,1.5813572196079884,0.24207633533561532
5159,0.5516,6,22,6,434915,170695,53436,54520,1.5811534328800623,0.24207979042248517
5160,0.5517,25,116,25,435031,170579,53461,54495,1.580078921041906,0.2421203693007633
5161,0.5518,19,79,19,435110,170500,53480,54476,1.5793471414279892,0.24214138396984566
5162,0.5519,12,62,12,435172,170438,53492,54464,1.5787728333765607,0.24216769970920668
5163,0.552,7,75,7,435247,170363,53499,54457,1.5780781058949942,0.24222489102393024
5164,0.5521,24,138,24,435385,170225,53523,54433,1.5767998073289118,0.242292729393122
5165,0.5522,9,50,9,435435,170175,53532,54424,1.576336655674534,0.24231630594971482
5166,0.5523,19,68,19,435503,170107,53551,54405,1.5757067694245803,0.24232557725199544
5167,0.5524,34,176,34,435679,169931,53585,54371,1.574076475601171,0.24240087025528081
5168,0.5525,21,88,21,435767,169843,53606,54350,1.573261328689466,0.24242505341379972
5169,0.5526,10,51,10,435818,169792,53616,54340,1.5727889140020008,0.24244641550514875
5170,0.5527,17,118,17,435936,169674,53633,54323,1.5716958760976694,0.2425166408478685
5171,0.5528,9,71,9,436007,169603,53642,54314,1.5710382007484531,0.24256309257448072
5172,0.5529,15,102,15,436109,169501,53657,54299,1.5700933713735226,0.24262287756925827
5173,0.553,5,44,5,436153,169457,53662,54294,1.5696857979176702,0.24265366411770226
5174,0.5531,12,84,12,436237,169373,53674,54282,1.5689077031383156,0.2427041648968277
5175,0.5532,10,45,10,436282,169328,53684,54272,1.5684908666493758,0.2427191413237925
5176,0.5533,42,171,42,436453,169157,53726,54230,1.5669068879914039,0.24276256004154226
5177,0.5534,17,66,17,436519,169091,53743,54213,1.5662955278076254,0.24277666320352523
5178,0.5535,20,81,20,436600,169010,53763,54193,1.5655452221275334,0.24279691581206345
5179,0.5536,14,61,14,436661,168949,53777,54179,1.5649801771091927,0.24281578286902586
5180,0.5537,17,57,17,436718,168892,53794,54162,1.564452184223202,0.2428201242748393
5181,0.5538,26,131,26,436849,168761,53820,54136,1.5632387268887324,0.2428745115456915
5182,0.5539,6,40,6,436889,168721,53826,54130,1.5628682055652303,0.24289772089871708
5183,0.554,11,31,11,436920,168690,53837,54119,1.5625810515395162,0.24289413802853566
5184,0.5541,20,76,20,436996,168614,53857,54099,1.561877061024862,0.2429090353953294
5185,0.5542,26,137,26,437133,168477,53883,54073,1.560608025491867,0.2429701190743653
5186,0.5543,12,39,12,437172,168438,53895,54061,1.5602467672014524,0.24297187852529675
5187,0.5544,6,39,6,437211,168399,53901,54055,1.5598855089110377,0.24299405719834213
5188,0.5545,15,61,15,437272,168338,53916,54040,1.559320463892697,0.24300965023518514
5189,0.5546,13,65,13,437337,168273,53929,54027,1.558718366742006,0.24303643724696355
5190,0.5547,15,34,15,437371,168239,53944,54012,1.5584034236170292,0.24302252858254855
5191,0.5548,20,90,20,437461,168149,53964,53992,1.5575697506391493,0.2430528358114891
5192,0.5549,2,8,2,437469,168141,53966,53990,1.557495646374449,0.24305477398472072
5193,0.555,38,197,38,437666,167944,54004,53952,1.5556708288562007,0.24314093088654146
5194,0.5551,12,48,12,437714,167896,54016,53940,1.555226203267998,0.24315259921743992
5195,0.5552,25,113,25,437827,167783,54041,53915,1.5541794805291045,0.24319118801252154
5196,0.5553,19,66,19,437893,167717,54060,53896,1.5535681203453258,0.24319872931642098
5197,0.5554,8,49,8,437942,167668,54068,53888,1.5531142317240356,0.2432251891169727
5198,0.5555,10,43,10,437985,167625,54078,53878,1.552715921301271,0.24323824056559054
5199,0.5556,11,56,11,438041,167569,54089,53867,1.5521971914483679,0.24326216152748423
5200,0.5557,19,66,19,438107,167503,54108,53848,1.5515858312645894,0.24326973901179574
5201,0.5558,14,52,14,438159,167451,54122,53834,1.5511041535440364,0.24327902930609846
5202,0.5559,21,66,21,438225,167385,54143,53813,1.550492793360258,0.24327977648984167
5203,0.556,12,77,12,438302,167308,54155,53801,1.5497795398125163,0.24332342871615356
5204,0.5561,12,44,12,438346,167264,54167,53789,1.5493719663566639,0.24333078492488228
5205,0.5562,28,111,28,438457,167153,54195,53761,1.5483437696839453,0.2433571435038069
5206,0.5563,8,26,8,438483,167127,54203,53753,1.548102930823669,0.2433583846432452
5207,0.5564,12,39,12,438522,167088,54215,53741,1.5477416725332542,0.24336024706899909
5208,0.5565,13,73,13,438595,167015,54228,53728,1.5470654711178629,0.2433961665828588
5209,0.5566,15,54,15,438649,166961,54243,53713,1.546565267331135,0.2434042977423711
5210,0.5567,38,226,38,438875,166735,54281,53675,1.5444718218533477,0.24352343360101628
5211,0.5568,9,77,9,438952,166658,54290,53666,1.543758568305606,0.2435776402026107
5212,0.5569,22,94,22,439046,166564,54312,53644,1.5428878431953759,0.2436060451936351
5213,0.557,11,79,11,439125,166485,54323,53633,1.542156063581459,0.24365567559218237
5214,0.5571,15,71,15,439196,166414,54338,53618,1.5414983882322428,0.24368273705642815
5215,0.5572,23,102,23,439298,166312,54361,53595,1.5405535588573123,0.2437166620435002
5216,0.5573,14,77,14,439375,166235,54375,53581,1.5398403053095706,0.24375386687047348
5217,0.5574,17,59,17,439434,166176,54392,53564,1.5392937863574048,0.24376080822790572
5218,0.5575,3,84,3,439518,166092,54395,53561,1.5385156915780502,0.2438436989251228
5219,0.5576,9,57,9,439575,166035,54404,53552,1.5379876986920598,0.24387600358855488
5220,0.5577,10,54,10,439629,165981,54414,53542,1.5374874949053319,0.24390155017925227
5221,0.5578,23,99,23,439728,165882,54437,53519,1.536570454629664,0.24393234306133518
5222,0.5579,38,162,38,439890,165720,54475,53481,1.5350698432694803,0.24398155117905485
5223,0.558,17,75,17,439965,165645,54492,53464,1.5343751157879135,0.2440064077696489
5224,0.5581,18,45,18,440010,165600,54510,53446,1.5339582792989737,0.24399441213261142
5225,0.5582,3,1,3,440011,165599,54513,53443,1.5339490162658862,0.24398517179353732
5226,0.5583,89,399,89,440410,165200,54602,53354,1.530253066063952,0.2441227339696368
5227,0.5584,29,148,29,440558,165052,54631,53325,1.528882137166994,0.2441878036606419
5228,0.5585,23,92,23,440650,164960,54654,53302,1.528029938122939,0.24421108575931677
5229,0.5586,6,22,6,440672,164938,54660,53296,1.5278261513950129,0.24421492526370775
5230,0.5587,8,23,8,440695,164915,54668,53288,1.527613101633999,0.24421295765869397
5231,0.5588,15,71,15,440766,164844,54683,53273,1.5269554262847826,0.24424047644154284
5232,0.5589,21,132,21,440898,164712,54704,53252,1.5257327059172254,0.24431557504909068
5233,0.559,33,147,33,441045,164565,54737,53219,1.524371040053355,0.2443659772986078
5234,0.5591,34,156,34,441201,164409,54771,53185,1.5229260068916965,0.2444230999016517
5235,0.5592,12,75,12,441276,164334,54783,53173,1.52223127941013,0.24446569535693105
5236,0.5593,18,78,18,441354,164256,54801,53155,1.521508762829301,0.2444908491290689
5237,0.5594,15,72,15,441426,164184,54816,53140,1.520841824446997,0.24451970330014172
5238,0.5595,17,70,17,441496,164114,54833,53123,1.5201934121308682,0.24453937404769904
5239,0.5596,18,56,18,441552,164058,54851,53105,1.5196746822779652,0.24453981571446332
5240,0.5597,14,83,14,441635,163975,54865,53091,1.5189058505316981,0.24458459639003804
5241,0.5598,13,48,13,441683,163927,54878,53078,1.5184612249434954,0.24459344254740675
5242,0.5599,23,88,23,441771,163839,54901,53055,1.5176460780317906,0.24461257572823591
5243,0.56,57,296,57,442067,163543,54958,52998,1.5149042202378746,0.24474810774864805
5244,0.5601,23,88,23,442155,163455,54981,52975,1.5140890733261698,0.24476736127154275
5245,0.5602,22,87,22,442242,163368,55003,52953,1.5132831894475527,0.24478899413371794
5246,0.5603,20,81,20,442323,163287,55023,52933,1.5125328837674608,0.2448108408102858
5247,0.5604,11,32,11,442355,163255,55034,52922,1.5122364667086592,0.2448086521692872
5248,0.5605,12,51,12,442406,163204,55046,52910,1.511764052021194,0.2448244907780153
5249,0.5606,14,62,14,442468,163142,55060,52896,1.5111897439697655,0.2448458141623233
5250,0.5607,17,122,17,442590,163020,55077,52879,1.510059653933084,0.2449247101654014
5251,0.5608,5,35,5,442625,162985,55082,52874,1.5097354477750196,0.24494693295160266
5252,0.5609,7,39,7,442664,162946,55089,52867,1.509374189484605,0.24496670728825418
5253,0.561,14,48,14,442712,162898,55103,52853,1.5089295638964022,0.2449722133385245
5254,0.5611,6,54,6,442766,162844,55109,52847,1.5084293601096743,0.24501254108887252
5255,0.5612,18,93,18,442859,162751,55127,52829,1.5075678980325318,0.24505519992578162
5256,0.5613,1,7,1,442866,162744,55128,52828,1.507503056800919,0.2450596552427959
5257,0.5614,4,50,4,442916,162694,55132,52824,1.5070399051465413,0.2451024972392097
5258,0.5615,17,76,17,442992,162618,55149,52807,1.506335914631887,0.24512939538122316
5259,0.5616,12,59,12,443051,162559,55161,52795,1.5057893956797215,0.24515448981676682
5260,0.5617,17,113,17,443164,162446,55178,52778,1.5047426729408278,0.2452235810132699
5261,0.5618,16,62,16,443226,162384,55194,52762,1.5041683648893993,0.24523811737145937
5262,0.5619,20,82,20,443308,162302,55214,52742,1.50340879617622,0.24526143486914306
5263,0.562,22,107,22,443415,162195,55236,52720,1.5024176516358516,0.24530628387967335
5264,0.5621,8,43,8,443458,162152,55244,52712,1.502019341213087,0.24532727678903865
5265,0.5622,32,158,32,443616,161994,55276,52680,1.5005557819852533,0.24539534363732915
5266,0.5623,19,83,19,443699,161911,55295,52661,1.4997869502389862,0.24542344760732995
5267,0.5624,17,85,17,443784,161826,55312,52644,1.4989995924265442,0.2454609036228843
5268,0.5625,43,166,43,443950,161660,55355,52601,1.49746192893401,0.2454996476260262
5269,0.5626,23,95,23,444045,161565,55378,52578,1.4965819407906924,0.24552752132920524
5270,0.5627,15,75,15,444120,161490,55393,52563,1.4958872133091259,0.24556067889728245
5271,0.5628,14,81,14,444201,161409,55407,52549,1.495136907629034,0.24560427747501845
5272,0.5629,19,107,19,444308,161302,55426,52530,1.4941457630886656,0.24566014441243594
5273,0.563,22,83,22,444391,161219,55448,52508,1.4933769313423988,0.24567789750476074
5274,0.5631,13,56,13,444447,161163,55461,52495,1.4928582014894958,0.24569639330144435
5275,0.5632,22,136,22,444583,161027,55483,52473,1.4915984289895883,0.2457751756440281
5276,0.5633,42,201,42,444784,160826,55525,52431,1.48973655933899,0.24585828366712464
5277,0.5634,11,52,11,444836,160774,55536,52420,1.4892548816184372,0.24587933994390085
5278,0.5635,16,94,16,444930,160680,55552,52404,1.488384156508207,0.24593118206904319
5279,0.5636,39,147,39,445077,160533,55591,52365,1.4870224906443366,0.24596285545190655
5280,0.5637,5,29,5,445106,160504,55596,52360,1.4867538626847976,0.2459786530366807
5281,0.5638,20,87,20,445193,160417,55616,52340,1.4859479788061802,0.24600835695182768
5282,0.5639,9,55,9,445248,160362,55625,52331,1.485438511986365,0.24604006713902196
5283,0.564,9,62,9,445310,160300,55634,52322,1.4848642039349365,0.2460798976587559
5284,0.5641,38,210,38,445520,160090,55672,52284,1.4829189669865501,0.246188328138096
5285,0.5642,28,120,28,445640,159970,55700,52256,1.4818074030160435,0.2462280776153723
5286,0.5643,18,52,18,445692,159918,55718,52238,1.4813257252954908,0.24622447632873923
5287,0.5644,29,109,29,445801,159809,55747,52209,1.4803160546889473,0.24624796007886124
5288,0.5645,14,61,14,445862,159748,55761,52195,1.4797510096706066,0.24626904403542463
5289,0.5646,5,15,5,445877,159733,55766,52190,1.4796120641742931,0.2462686919305597
5290,0.5647,16,107,16,445984,159626,55782,52174,1.4786209196339248,0.24633616619452314
5291,0.5648,8,70,8,446054,159556,55790,52166,1.477972507317796,0.24638913291958323
5292,0.5649,5,40,5,446094,159516,55795,52161,1.477601985994294,0.24641789141002565
5293,0.565,27,167,27,446261,159349,55822,52134,1.4760550594686723,0.24651626844710922
5294,0.5651,25,121,25,446382,159228,55847,52109,1.4749342324650783,0.2465682772065469
5295,0.5652,16,56,16,446438,159172,55863,52093,1.4744155026121752,0.24657657444441813
5296,0.5653,8,64,8,446502,159108,55871,52085,1.4738226684945719,0.2466227573830572
5297,0.5654,14,74,14,446576,159034,55885,52071,1.4731372040460928,0.24665924539920892
5298,0.5655,35,195,35,446771,158839,55920,52036,1.4713309125940197,0.24676229994072318
5299,0.5656,18,52,18,446823,158787,55938,52018,1.470849234873467,0.2467588529683831
5300,0.5657,23,95,23,446918,158692,55961,51995,1.4699692467301493,0.24678788914361113
5301,0.5658,14,51,14,446969,158641,55975,51981,1.469496832042684,0.2467975804996629
5302,0.5659,10,53,10,447022,158588,55985,51971,1.4690058912890436,0.24682393058477672
5303,0.566,18,119,18,447141,158469,56003,51953,1.4679035903516247,0.24689908849835093
5304,0.5661,8,48,8,447189,158421,56011,51945,1.4674589647634222,0.24692678474658453
5305,0.5662,13,71,13,447260,158350,56024,51932,1.4668012894142057,0.24696360125926137
5306,0.5663,10,45,10,447305,158305,56034,51922,1.4663844529252659,0.24698064473164721
5307,0.5664,43,207,43,447512,158098,56077,51879,1.4644670050761421,0.24706991718140559
5308,0.5665,16,56,16,447568,158042,56093,51863,1.4639482752232391,0.2470784402467783
5309,0.5666,50,193,50,447761,157849,56143,51813,1.4621605098373411,0.2471263271360571
5310,0.5667,184,729,184,448490,157120,56327,51629,1.4554077587165142,0.24732573569214703
5311,0.5668,26,120,26,448610,157000,56353,51603,1.4542961947460076,0.24737419883702536
5312,0.5669,14,39,14,448649,156961,56367,51589,1.4539349364555931,0.24736993526732198
5313,0.567,19,28,19,448677,156933,56386,51570,1.4536755715291414,0.24733457072560108
5314,0.5671,31,86,31,448763,156847,56417,51539,1.452878950683612,0.24732467632182584
5315,0.5672,17,63,17,448826,156784,56434,51522,1.4522953795990958,0.2473380507522587
5316,0.5673,21,76,21,448902,156708,56455,51501,1.4515913890844419,0.24735241992421078
5317,0.5674,21,105,21,449007,156603,56476,51480,1.4506187706102487,0.24740127737489367
5318,0.5675,12,75,12,449082,156528,56488,51468,1.449924043128682,0.24744706628973634
5319,0.5676,20,89,20,449171,156439,56508,51448,1.4490996331838897,0.24748060244267317
5320,0.5677,10,42,10,449213,156397,56518,51438,1.4487105857942124,0.24749440662063657
5321,0.5678,30,79,30,449292,156318,56548,51408,1.4479788061802956,0.2474798532682476
5322,0.5679,12,48,12,449340,156270,56560,51396,1.4475341805920932,0.2474935714079339
5323,0.568,6,28,6,449368,156242,56566,51390,1.4472748156656416,0.24750520151036448
5324,0.5681,14,59,14,449427,156183,56580,51376,1.4467282967134758,0.247524800177299
5325,0.5682,13,67,13,449494,156116,56593,51363,1.4461076734966096,0.2475575841410456
5326,0.5683,56,227,56,449721,155889,56649,51307,1.444004964985735,0.24762543678449392
5327,0.5684,30,133,30,449854,155756,56679,51277,1.4427729815850903,0.24767549134679012
5328,0.5685,9,31,9,449885,155725,56688,51268,1.442485827559376,0.24767987323242815
5329,0.5686,14,72,14,449957,155653,56702,51254,1.4418188891770722,0.2477151570512356
5330,0.5687,13,55,13,450012,155598,56715,51241,1.4413094223572567,0.24773374460329048
5331,0.5688,17,89,17,450101,155509,56732,51224,1.4404850124124644,0.24777853559905771
5332,0.5689,19,76,19,450177,155433,56751,51205,1.4397810218978102,0.24780050135986603
5333,0.569,19,78,19,450255,155355,56770,51186,1.439058505316981,0.2478248870684271
5334,0.5691,33,113,33,450368,155242,56803,51153,1.4380117825780874,0.24784030620896824
5335,0.5692,13,65,13,450433,155177,56816,51140,1.4374096854273963,0.24787099463447027
5336,0.5693,22,77,22,450510,155100,56838,51118,1.4366964318796547,0.24788330795565858
5337,0.5694,15,80,15,450590,155020,56853,51103,1.4359553892326504,0.24792478277533317
5338,0.5695,33,184,33,450774,154836,56886,51070,1.4342509911445405,0.24802579817975193
5339,0.5696,11,49,11,450823,154787,56897,51059,1.4337971025232503,0.24804465474189444
5340,0.5697,18,65,18,450888,154722,56915,51041,1.4331950053725593,0.2480572308918513
5341,0.5698,13,70,13,450958,154652,56928,51028,1.4325465930564305,0.24809412679891094
5342,0.5699,10,44,10,451002,154608,56938,51018,1.432139019600578,0.24811064748621284
5343,0.57,54,166,54,451168,154442,56992,50964,1.430601356108044,0.2481134923030486
5344,0.5701,7,63,7,451231,154379,56999,50957,1.430017785023528,0.2481639848833132
5345,0.5702,26,119,26,451350,154260,57025,50931,1.4289154840861091,0.24821264090530287
5346,0.5703,19,69,19,451419,154191,57044,50912,1.4282763348030678,0.24822650083128964
5347,0.5704,32,149,32,451568,154042,57076,50880,1.4268961428730222,0.2482895931134773
5348,0.5705,32,135,32,451703,153907,57108,50848,1.4256456334062024,0.24833581597518986
5349,0.5706,13,70,13,451773,153837,57121,50835,1.4249972210900737,0.24837300656660413
5350,0.5707,19,94,19,451867,153743,57140,50816,1.4241264959798436,0.24841732703034333
5351,0.5708,10,71,10,451938,153672,57150,50806,1.4234688206306272,0.24846682772718826
5352,0.5709,20,61,20,451999,153611,57170,50786,1.4229037756122864,0.24846744325993042
5353,0.571,15,70,15,452069,153541,57185,50771,1.4222553632961576,0.24849739613923802
5354,0.5711,6,48,6,452117,153493,57191,50765,1.4218107377079552,0.24853371716162892
5355,0.5712,28,107,28,452224,153386,57219,50737,1.4208195931675869,0.24856091670218447
5356,0.5713,2,19,2,452243,153367,57221,50735,1.4206435955389232,0.2485766920461338
5357,0.5714,21,119,21,452362,153248,57242,50714,1.4195412946015042,0.24864435532108922
5358,0.5715,18,108,18,452470,153140,57260,50696,1.4185408870280485,0.24870974705155124
5359,0.5716,1,7,1,452477,153133,57261,50695,1.4184760457964356,0.24871460250799693
5360,0.5717,30,163,30,452640,152970,57291,50665,1.4169661714031643,0.24880300537726815
5361,0.5718,4,34,4,452674,152936,57295,50661,1.4166512282781873,0.24882979611683867
5362,0.5719,16,84,16,452758,152852,57311,50645,1.4158731334988328,0.24887344776581474
5363,0.572,12,51,12,452809,152801,57323,50633,1.4154007188113675,0.24889153238888287
5364,0.5721,27,142,27,452951,152659,57350,50606,1.4140853681129348,0.2489656359924237
5365,0.5722,21,91,21,453042,152568,57371,50585,1.4132424321019674,0.24899952252735624
5366,0.5723,20,74,20,453116,152494,57391,50565,1.4125569676534884,0.24901629575640577
5367,0.5724,13,53,13,453169,152441,57404,50552,1.4120660268998482,0.2490332178942131
5368,0.5725,33,161,33,453330,152280,57437,50519,1.4105746785727518,0.24910872341579593
5369,0.5726,7,26,7,453356,152254,57444,50512,1.4103338397124754,0.24911474310288706
5370,0.5727,24,100,24,453456,152154,57468,50488,1.40940753640372,0.24914874507752588
5371,0.5728,7,26,7,453482,152128,57475,50481,1.4091666975434436,0.24915477594776145
5372,0.5729,10,46,10,453528,152082,57485,50471,1.408740598021416,0.24917429018577852
5373,0.573,20,84,20,453612,151998,57505,50451,1.4079625032420615,0.24920350310448558
5374,0.5731,29,125,29,453737,151873,57534,50422,1.4068046241061174,0.2492498578808176
5375,0.5732,30,99,30,453836,151774,57564,50392,1.4058875838304494,0.2492605086908778
5376,0.5733,45,185,45,454021,151589,57609,50347,1.404173922709252,0.24932156722922114
5377,0.5734,14,60,14,454081,151529,57623,50333,1.4036181407239987,0.2493436109817598
5378,0.5735,25,116,25,454197,151413,57648,50308,1.4025436288858424,0.2493939649317622
5379,0.5736,21,104,21,454301,151309,57669,50287,1.4015802734447367,0.24944443342129805
5380,0.5737,18,69,18,454370,151240,57687,50269,1.4009411241616956,0.2494628031502315
5381,0.5738,25,125,25,454495,151115,57712,50244,1.3997832450257512,0.2495244811505818
5382,0.5739,14,77,14,454572,151038,57726,50230,1.3990699914780096,0.24956774052507105
5383,0.574,9,46,9,454618,150992,57735,50221,1.398643891955982,0.24959122919493273
5384,0.5741,9,42,9,454660,150950,57744,50212,1.3982548445663048,0.24960976725226433
5385,0.5742,36,183,36,454843,150767,57780,50176,1.3965597095112823,0.2497026519958396
5386,0.5743,13,36,13,454879,150731,57793,50163,1.3962262403201304,0.24969884615767518
5387,0.5744,37,86,37,454965,150645,57830,50126,1.3954296194746008,0.24966753166542976
5388,0.5745,21,110,21,455075,150535,57851,50105,1.3944106858349699,0.24972587719298245
5389,0.5746,16,102,16,455177,150433,57867,50089,1.3934658564600393,0.2497930401651689
5390,0.5747,3,20,3,455197,150413,57870,50086,1.3932805957982881,0.24980673220315314
5391,0.5748,18,63,18,455260,150350,57888,50068,1.3926970247137722,0.24981788062948437
5392,0.5749,15,41,15,455301,150309,57903,50053,1.3923172403571826,0.24981283876184107
5393,0.575,105,568,105,455869,149741,58008,49948,1.3870558375634519,0.25012895051805556
5394,0.5751,22,94,22,455963,149647,58030,49926,1.3861851124532216,0.25016410035425635
5395,0.5752,32,121,32,456084,149526,58062,49894,1.3850642854496276,0.2501955671447197
5396,0.5753,17,78,17,456162,149448,58079,49877,1.3843417688687985,0.25022952464567916
5397,0.5754,4,38,4,456200,149410,58083,49873,1.3839897736114712,0.25026218995097427
5398,0.5755,20,77,20,456277,149333,58103,49853,1.3832765200637296,0.250283654473708
5399,0.5756,7,75,7,456352,149258,58110,49846,1.382581792582163,0.250351575056252
5400,0.5757,8,62,8,456414,149196,58118,49838,1.3820074845307349,0.2503994292432449
5401,0.5758,12,53,12,456467,149143,58130,49826,1.3815165437770944,0.2504209198417844
5402,0.5759,21,37,21,456504,149106,58151,49805,1.381173811552855,0.25038836464549474
5403,0.576,8,50,8,456554,149056,58159,49797,1.380710659898477,0.2504211653834742
5404,0.5761,14,74,14,456628,148982,58173,49783,1.3800251954499982,0.2504616003823611
5405,0.5762,26,106,26,456734,148876,58199,49757,1.3790433139427174,0.25049714800662526
5406,0.5763,13,137,13,456871,148739,58212,49744,1.3777742784097224,0.2506209599814594
5407,0.5764,16,63,16,456934,148676,58228,49728,1.3771907073252065,0.25064010806233744
5408,0.5765,25,104,25,457038,148572,58253,49703,1.3762273518841008,0.2506770899003909
5409,0.5766,11,54,11,457092,148518,58264,49692,1.375727148097373,0.2507037990010595
5410,0.5767,64,251,64,457343,148267,58328,49628,1.3734021267923968,0.2507794537507264
5411,0.5768,7,33,7,457376,148234,58335,49621,1.3730964467005076,0.2507947739506204
5412,0.5769,14,75,14,457451,148159,58349,49607,1.372401719218941,0.250836847587553
5413,0.577,30,112,30,457563,148047,58379,49577,1.371364259513135,0.250865279520706
5414,0.5771,21,72,21,457635,147975,58400,49556,1.370697321130831,0.2508770775220092
5415,0.5772,24,105,24,457740,147870,58424,49532,1.369724702656638,0.2509194435720003
5416,0.5773,19,104,19,457844,147766,58443,49513,1.3687613472155322,0.25097957714708613
5417,0.5774,25,93,25,457937,147673,58468,49488,1.3678998851383897,0.25100298740623145
5418,0.5775,24,145,24,458082,147528,58492,49464,1.3665567453406944,0.25109649122807015
5419,0.5776,23,76,23,458158,147452,58515,49441,1.3658527548260402,0.2511059306323739
5420,0.5777,18,89,18,458247,147363,58533,49423,1.365028344881248,0.25115099651397965
5421,0.5778,28,113,28,458360,147250,58561,49395,1.3639816221423542,0.2511886902794376
5422,0.5779,28,93,28,458453,147157,58589,49367,1.3631201600652119,0.2512008711404205
5423,0.578,17,87,17,458540,147070,58606,49350,1.3623142761865945,0.2512473271560941
5424,0.5781,28,145,28,458685,146925,58634,49322,1.3609711363888992,0.2513261349218077
5425,0.5782,15,89,15,458774,146836,58649,49307,1.360146726444107,0.2513829196045742
5426,0.5783,35,179,35,458953,146657,58684,49272,1.3584886435214347,0.25147885203313447
5427,0.5784,26,103,26,459056,146554,58710,49246,1.3575345511134165,0.25151174668028603
5428,0.5785,15,74,15,459130,146480,58725,49231,1.3568490866649376,0.25154947856788834
5429,0.5786,25,140,25,459270,146340,58750,49206,1.35555226203268,0.2516338866558252
5430,0.5787,17,66,17,459336,146274,58767,49189,1.3549409018489014,0.251653765674322
5431,0.5788,16,83,16,459419,146191,58783,49173,1.3541720701026345,0.25169939190434265
5432,0.5789,23,87,23,459506,146104,58806,49150,1.3533661862240172,0.2517233961916273
5433,0.579,12,70,12,459576,146034,58818,49138,1.3527177739078884,0.25176767159223656
5434,0.5791,17,72,17,459648,145962,58835,49121,1.3520508355255845,0.2517953896546598
5435,0.5792,31,115,31,459763,145847,58866,49090,1.3509855867205158,0.25182494857312876
5436,0.5793,5,56,5,459819,145791,58871,49085,1.3504668568676128,0.25187811736694105
5437,0.5794,11,36,11,459855,145755,58882,49074,1.3501333876764607,0.25188241996827987
5438,0.5795,31,132,31,459987,145623,58913,49043,1.3489106673089035,0.2519340819660341
5439,0.5796,43,231,43,460218,145392,58956,49000,1.3467709066656786,0.2520679863368863
5440,0.5797,12,90,12,460308,145302,58968,48988,1.3459372336877988,0.2521385557671522
5441,0.5798,22,78,22,460386,145224,58990,48966,1.3452147171069695,0.2521551058241928
5442,0.5799,13,72,13,460458,145152,59003,48953,1.3445477787246656,0.25219855232992455
5443,0.58,55,244,55,460702,144908,59058,48898,1.3422875986513023,0.2523038502419946
5444,0.5801,7,39,7,460741,144869,59065,48891,1.3419263403608879,0.25232762180016516
5445,0.5802,17,68,17,460809,144801,59082,48874,1.341296454110934,0.25235058732412546
5446,0.5803,12,62,12,460871,144739,59094,48862,1.3407221460595058,0.2523850599945248
5447,0.5804,23,107,23,460978,144632,59117,48839,1.3397310015191375,0.25243576556693254
5448,0.5805,30,110,30,461088,144522,59147,48809,1.3387120678795064,0.2524633917995562
5449,0.5806,40,111,40,461199,144411,59187,48769,1.337683871206788,0.25245367015218967
5450,0.5807,7,23,7,461222,144388,59194,48762,1.3374708214457742,0.25245663991716283
5451,0.5808,9,58,9,461280,144330,59203,48753,1.336933565526696,0.2524976305526639
5452,0.5809,14,82,14,461362,144248,59217,48739,1.3361739968135167,0.2525506899428459
5453,0.581,12,77,12,461439,144171,59229,48727,1.335460743265775,0.2526050036807017
5454,0.5811,17,62,17,461501,144109,59246,48710,1.3348864352143466,0.25262033305846415
5455,0.5812,17,38,17,461539,144071,59263,48693,1.3345344399570196,0.2526042207051109
5456,0.5813,17,81,17,461620,143990,59280,48676,1.3337841342769277,0.25264447281824504
5457,0.5814,15,38,15,461658,143952,59295,48661,1.3334321390196007,0.25263611490397847
5458,0.5815,22,74,22,461732,143878,59317,48639,1.3327466745711216,0.2526478181147639
5459,0.5816,14,67,14,461799,143811,59331,48625,1.3321260513542554,0.25268141096260577
5460,0.5817,39,164,39,461963,143647,59370,48586,1.3306069139278967,0.252745366300271
5461,0.5818,16,78,16,462041,143569,59386,48570,1.3298843973470673,0.2527857436543336
5462,0.5819,18,99,18,462140,143470,59404,48552,1.3289673570713996,0.25284602805928486
5463,0.582,26,70,26,462210,143400,59430,48526,1.3283189447552706,0.2528370309390077
5464,0.5821,19,105,19,462315,143295,59449,48507,1.3273463262810774,0.25290142959927425
5465,0.5822,38,192,38,462507,143103,59487,48469,1.325567823928267,0.25300670244085777
5466,0.5823,20,80,20,462587,143023,59507,48449,1.3248267812812626,0.25303438622879587
5467,0.5824,9,27,9,462614,142996,59516,48440,1.3245766793878988,0.25303495685242067
5468,0.5825,12,53,12,462667,142943,59528,48428,1.3240857386342584,0.2530581958603968
5469,0.5826,18,78,18,462745,142865,59546,48410,1.3233632220534293,0.2530910992027186
5470,0.5827,26,108,26,462853,142757,59572,48384,1.3223628144799733,0.2531325042769474
5471,0.5828,17,108,17,462961,142649,59589,48367,1.3213624069065175,0.2532091552540101
5472,0.5829,26,116,26,463077,142533,59615,48341,1.3202878950683612,0.253261313746241
5473,0.583,6,42,6,463119,142491,59621,48335,1.319898847678684,0.25329357634703864
5474,0.5831,37,165,37,463284,142326,59658,48298,1.3183704472192375,0.2533678865200604
5475,0.5832,3,22,3,463306,142304,59661,48295,1.3181666604913114,0.2533853797763892
5476,0.5833,136,600,136,463906,141704,59797,48159,1.3126088406387788,0.2536513170022595
5477,0.5834,20,83,20,463989,141621,59817,48139,1.3118400088925117,0.2536836003372681
5478,0.5835,5,39,5,464028,141582,59822,48134,1.311478750602097,0.2537160808787872
5479,0.5836,10,36,10,464064,141546,59832,48124,1.3111452814109452,0.25372489059946224
5480,0.5837,9,50,9,464114,141496,59841,48115,1.3106821297565674,0.25375637489386166
5481,0.5838,16,60,16,464174,141436,59857,48099,1.3101263477713143,0.2537737093412826
5482,0.5839,29,129,29,464303,141307,59886,48070,1.3089314165030197,0.253832302761159
5483,0.584,26,110,26,464413,141197,59912,48044,1.3079124828633888,0.25387733102234716
5484,0.5841,13,104,13,464517,141093,59925,48031,1.306949127422283,0.25396565216471734
5485,0.5842,20,96,20,464613,140997,59945,48011,1.306059876245878,0.2540157030390248
5486,0.5843,10,37,10,464650,140960,59955,48001,1.3057171440216384,0.25402596302940816
5487,0.5844,19,67,19,464717,140893,59974,47982,1.3050965208047722,0.25404103242885506
5488,0.5845,30,99,30,464816,140794,60004,47952,1.3041794805291045,0.25405571508800184
5489,0.5846,13,34,13,464850,140760,60017,47939,1.3038645374041276,0.2540501009544301
5490,0.5847,29,100,29,464950,140660,60046,47910,1.3029382340953721,0.2540701065917166
5491,0.5848,25,127,25,465077,140533,60071,47885,1.3017618288932529,0.2541423855470284
5492,0.5849,12,62,12,465139,140471,60083,47873,1.3011875208418244,0.25417852440215777
5493,0.585,32,133,32,465272,140338,60115,47841,1.2999555374411798,0.25423134356118376
5494,0.5851,21,94,21,465366,140244,60136,47820,1.2990848123309497,0.25427514037774374
5495,0.5852,6,49,6,465415,140195,60142,47814,1.2986309237096596,0.2543176124547229
5496,0.5853,17,64,17,465479,140131,60159,47797,1.298038089592056,0.2543367672725725
5497,0.5854,27,89,27,465568,140042,60186,47770,1.2972136796472638,0.2543500947756267
5498,0.5855,14,48,14,465616,139994,60200,47756,1.296769054059061,0.2543595206391478
5499,0.5856,16,50,16,465666,139944,60216,47740,1.2963059024046835,0.2543637177383261
5500,0.5857,42,132,42,465798,139812,60258,47698,1.2950831820371262,0.25437576662577993
5501,0.5858,30,120,30,465918,139692,60288,47668,1.2939716180666196,0.2544192997438087
5502,0.5859,7,20,7,465938,139672,60295,47661,1.2937863574048687,0.2544186021683313
5503,0.586,7,21,7,465959,139651,60302,47654,1.29359183371003,0.2544192626998745
5504,0.5861,22,102,22,466061,139549,60324,47632,1.2926470043350995,0.25447027208958173
5505,0.5862,9,70,9,466131,139479,60333,47623,1.2919985920189707,0.25452961486248143
5506,0.5863,14,49,14,466180,139430,60347,47609,1.2915447033976806,0.2545404969017157
5507,0.5864,9,53,9,466233,139377,60356,47600,1.2910537626440401,0.254576766126315
5508,0.5865,20,63,20,466296,139314,60376,47580,1.2904701915595242,0.2545828116472439
5509,0.5866,15,53,15,466349,139261,60391,47565,1.2899792508058838,0.25459518482438204
5510,0.5867,30,111,30,466460,139150,60421,47535,1.2889510541331655,0.2546267777271875
5511,0.5868,19,84,19,466544,139066,60440,47516,1.2881729593538107,0.2546655089987244
5512,0.5869,32,138,32,466682,138928,60472,47484,1.2868946607877283,0.25472609059502604
5513,0.587,19,61,19,466743,138867,60491,47465,1.2863296157693875,0.2547334864650194
5514,0.5871,9,25,9,466768,138842,60500,47456,1.2860980399421986,0.2547316664698494
5515,0.5872,5,48,5,466816,138794,60505,47451,1.2856534143539962,0.254777309457972
5516,0.5873,6,37,6,466853,138757,60511,47445,1.2853106821297566,0.25480392262166895
5517,0.5874,14,43,14,466896,138714,60525,47431,1.2849123717069917,0.254806736683768
5518,0.5875,12,59,12,466955,138655,60537,47419,1.284365852754826,0.25483947246794286
5519,0.5876,16,52,16,467007,138603,60553,47403,1.2838841750342733,0.25484661785103707
5520,0.5877,9,36,9,467043,138567,60562,47394,1.2835507058431213,0.25485988997693065
5521,0.5878,14,91,14,467134,138476,60576,47380,1.2827077698321538,0.2549285468319559
5522,0.5879,14,83,14,467217,138393,60590,47366,1.2819389380858868,0.25498629945251644
5523,0.588,22,102,22,467319,138291,60612,47344,1.2809941087109564,0.25503811242491986
5524,0.5881,32,84,32,467403,138207,60644,47312,1.2802160139316017,0.25502509176957616
5525,0.5882,23,135,23,467538,138072,60667,47289,1.2789655044647819,0.2551183905999644
5526,0.5883,24,106,24,467644,137966,60691,47265,1.2779836229575012,0.25516787146859865
5527,0.5884,15,27,15,467671,137939,60706,47250,1.2777335210641372,0.25514474401827325
5528,0.5885,26,120,26,467791,137819,60732,47224,1.2766219570936308,0.2552055468188475
5529,0.5886,12,67,12,467858,137752,60744,47212,1.2760013338767646,0.2552496702060942
5530,0.5887,13,45,13,467903,137707,60757,47199,1.2755844973878248,0.2552594291153343
5531,0.5888,15,48,15,467951,137659,60772,47184,1.275139871799622,0.2552652791828741
5532,0.5889,18,106,18,468057,137553,60790,47166,1.2741579902923412,0.2553391908791191
5533,0.589,15,45,15,468102,137508,60805,47151,1.2737411538034014,0.2553409257063019
5534,0.5891,8,57,8,468159,137451,60813,47143,1.2732131609174109,0.2553874990519735
5535,0.5892,26,125,26,468284,137326,60839,47117,1.2720552817814665,0.2554556150138525
5536,0.5893,9,47,9,468331,137279,60848,47108,1.2716199192263515,0.25548438881266033
5537,0.5894,12,36,12,468367,137243,60860,47096,1.2712864500351995,0.25548581689170496
5538,0.5895,16,125,16,468492,137118,60876,47080,1.2701285708992553,0.2555945232847262
5539,0.5896,26,70,26,468562,137048,60902,47054,1.2694801585831264,0.25558657700622484
5540,0.5897,8,29,8,468591,137019,60910,47046,1.2692115306235874,0.2555944910765219
5541,0.5898,26,112,26,468703,136907,60936,47020,1.2681740709177813,0.25564490259722605
5542,0.5899,24,119,24,468822,136788,60960,46996,1.2670717699803624,0.25571322857267226
5543,0.59,44,173,44,468995,136615,61004,46952,1.2654692652562154,0.25577582027270696
5544,0.5901,18,72,18,469067,136543,61022,46934,1.2648023268739117,0.2558031796900974
5545,0.5902,20,104,20,469171,136439,61042,46914,1.263838971432806,0.2558670978931351
5546,0.5903,26,121,26,469292,136318,61068,46888,1.262718144429212,0.25593048262611484
5547,0.5904,15,52,15,469344,136266,61083,46873,1.2622364667086592,0.2559422078312102
5548,0.5905,21,88,21,469432,136178,61104,46852,1.2614213197969544,0.25597989400644705
5549,0.5906,17,105,17,469537,136073,61121,46835,1.2604487013227612,0.25605769020491176
5550,0.5907,32,87,32,469624,135986,61153,46803,1.2596428174441439,0.25604932463113206
5551,0.5908,17,62,17,469686,135924,61170,46786,1.2590685093927156,0.25606699140714795
5552,0.5909,2,31,2,469717,135893,61172,46784,1.2587813553670013,0.25610230078225504
5553,0.591,7,29,7,469746,135864,61179,46777,1.2585127274074623,0.2561144540382499
5554,0.5911,16,104,16,469850,135760,61195,46761,1.2575493719663566,0.25619517754121446
5555,0.5912,14,53,14,469903,135707,61209,46747,1.2570584312127162,0.2562125248007717
5556,0.5913,23,93,23,469996,135614,61232,46724,1.2561969691355737,0.2562493830139631
5557,0.5914,20,105,20,470101,135509,61252,46704,1.2552243506613805,0.2563154110848293
5558,0.5915,13,50,13,470151,135459,61265,46691,1.254761199007003,0.2563326928355751
5559,0.5916,7,35,7,470186,135424,61272,46684,1.2544369928489385,0.25635337272387815
5560,0.5917,72,345,72,470531,135079,61344,46612,1.2512412464337324,0.25654545354475455
5561,0.5918,30,134,30,470665,134945,61374,46582,1.25,0.2566119640604428
5562,0.5919,27,104,27,470769,134841,61401,46555,1.2490366445588943,0.256648437672275
5563,0.592,16,50,16,470819,134791,61417,46539,1.2485734929045167,0.2566536149561573
5564,0.5921,44,177,44,470996,134614,61461,46495,1.2469339360480196,0.25672385138231674
5565,0.5922,30,136,30,471132,134478,61491,46465,1.2456741635481121,0.2567935758774863
5566,0.5923,30,77,30,471209,134401,61521,46435,1.2449609100003705,0.256779623526289
5567,0.5924,11,76,11,471285,134325,61532,46424,1.2442569194857165,0.256842361506841
5568,0.5925,10,74,10,471359,134251,61542,46414,1.2435714550372374,0.256906429026098
5569,0.5926,3,25,3,471384,134226,61545,46411,1.2433398792100485,0.25692964342853347
5570,0.5927,10,35,10,471419,134191,61555,46401,1.2430156730519841,0.2569382918401701
5571,0.5928,35,130,35,471549,134061,61590,46366,1.241811478750602,0.2569792769374872
5572,0.5929,12,65,12,471614,133996,61602,46354,1.241209381599911,0.25702245633490434
5573,0.593,15,57,15,471671,133939,61617,46339,1.2406813887139205,0.25704190195143056
5574,0.5931,11,50,11,471721,133889,61628,46328,1.2402182370595427,0.2570678681811372
5575,0.5932,3,36,3,471757,133853,61631,46325,1.2398847678683909,0.257106860993018
5576,0.5933,39,152,39,471909,133701,61670,46286,1.2384767868390827,0.2571630173290293
5577,0.5934,26,114,26,472023,133587,61696,46260,1.2374208010671015,0.2572186358404644
5578,0.5935,36,98,36,472121,133489,61732,46224,1.236513023824521,0.25721010722652227
5579,0.5936,24,94,24,472215,133395,61756,46200,1.235642298714291,0.25724546897185335
5580,0.5937,14,55,14,472270,133340,61770,46186,1.2351328318944754,0.2572663569622227
5581,0.5938,24,67,24,472337,133273,61794,46162,1.2345122086776095,0.2572630757655976
5582,0.5939,5,39,5,472376,133234,61799,46157,1.2341509503871948,0.2572983037053141
5583,0.594,8,48,8,472424,133186,61807,46149,1.2337063247989921,0.25733403964647167
5584,0.5941,40,187,40,472611,132999,61847,46109,1.2319741376116196,0.2574368537418764
5585,0.5942,17,106,17,472717,132893,61864,46092,1.2309922561043387,0.25751878649048804
5586,0.5943,20,65,20,472782,132828,61884,46072,1.2303901589536477,0.2575293460033538
5587,0.5944,25,79,25,472861,132749,61909,46047,1.229658379339731,0.2575393185529878
5588,0.5945,12,48,12,472909,132701,61921,46035,1.2292137537515284,0.25755863396293976
5589,0.5946,6,18,6,472927,132683,61927,46029,1.2290470191559524,0.25755964904427237
5590,0.5947,34,99,34,473026,132584,61961,45995,1.2281299788802846,0.257561079410233
5591,0.5948,14,79,14,473105,132505,61975,45981,1.2273981992663678,0.25761684389812084
5592,0.5949,18,61,18,473166,132444,61993,45963,1.226833154248027,0.25763002572769006
5593,0.595,25,81,25,473247,132363,62018,45938,1.2260828485679351,0.257642974520614
5594,0.5951,8,44,8,473291,132319,62026,45930,1.2256752751120827,0.2576732548289191
5595,0.5952,31,84,31,473375,132235,62057,45899,1.2248971803327282,0.25766557759888625
5596,0.5953,23,60,23,473435,132175,62080,45876,1.224341398347475,0.25765651414482366
5597,0.5954,25,100,25,473535,132075,62105,45851,1.2234150950387195,0.2576970201094837
5598,0.5955,13,76,13,473611,131999,62118,45838,1.2227111045240653,0.257752886069828
5599,0.5956,19,71,19,473682,131928,62137,45819,1.222053429174849,0.2577765025570052
5600,0.5957,27,99,27,473781,131829,62164,45792,1.221136388899181,0.25780735386018544
5601,0.5958,55,193,55,473974,131636,62219,45737,1.219348623513283,0.257857734829991
5602,0.5959,27,93,27,474067,131543,62246,45710,1.2184871614361406,0.2578799794643814
5603,0.596,16,69,16,474136,131474,62262,45694,1.2178480121530995,0.2579133929377766
5604,0.5961,21,72,21,474208,131402,62283,45673,1.2171810737707955,0.2579302555414372
5605,0.5962,11,67,11,474275,131335,62294,45662,1.2165604505539294,0.2579817737023791
5606,0.5963,11,46,11,474321,131289,62305,45651,1.2161343510319018,0.25800271278399456
5607,0.5964,17,65,17,474386,131224,62322,45634,1.2155322538812108,0.2580262131201303
5608,0.5965,5,26,5,474412,131198,62327,45629,1.2152914150209344,0.2580431721400012
5609,0.5966,12,36,12,474448,131162,62339,45617,1.2149579458297826,0.25804535606604856
5610,0.5967,34,152,34,474600,131010,62373,45583,1.2135499648004742,0.25812461422593197
5611,0.5968,4,25,4,474625,130985,62377,45579,1.2133183889732855,0.25814435558777554
5612,0.5969,28,81,28,474706,130904,62405,45551,1.2125680832931935,0.25814513615369356
5613,0.597,27,94,27,474800,130810,62432,45524,1.2116973581829635,0.2581691562602788
5614,0.5971,12,63,12,474863,130747,62444,45512,1.2111137870984474,0.25821092823628866
5615,0.5972,11,75,11,474938,130672,62455,45501,1.210419059616881,0.25827453696082825
5616,0.5973,23,106,23,475044,130566,62478,45478,1.2094371781096003,0.2583331439867306
5617,0.5974,17,99,17,475143,130467,62495,45461,1.2085201378339323,0.25840684825610477
5618,0.5975,34,182,34,475325,130285,62529,45427,1.2068342658119975,0.2585310052813695
5619,0.5976,29,105,29,475430,130180,62558,45398,1.2058616473378043,0.25856314572440736
5620,0.5977,28,99,28,475529,130081,62586,45370,1.2049446070621364,0.2585907176362631
5621,0.5978,28,99,28,475628,129982,62614,45342,1.2040275667864686,0.2586183294928247
5622,0.5979,18,88,18,475716,129894,62632,45324,1.2032124198747638,0.25867205424100265
5623,0.598,21,50,21,475766,129844,62653,45303,1.2027492682203862,0.25865701382267464
5624,0.5981,14,65,14,475831,129779,62667,45289,1.2021471710696952,0.25869376470857036
5625,0.5982,17,57,17,475888,129722,62684,45272,1.2016191781837045,0.25870601277758093
5626,0.5983,32,103,32,475991,129619,62716,45240,1.2006650857756864,0.2587227423238152
5627,0.5984,23,55,23,476046,129564,62739,45217,1.2001556189558709,0.2587066099862113
5628,0.5985,22,56,22,476102,129508,62761,45195,1.1996368891029678,0.25869618724349325
5629,0.5986,41,156,41,476258,129352,62802,45154,1.1981918559413094,0.25875328068948916
5630,0.5987,16,65,16,476323,129287,62818,45138,1.1975897587906184,0.258781711337251
5631,0.5988,23,71,23,476394,129216,62841,45115,1.1969320834414021,0.25878931457973625
5632,0.5989,28,120,28,476514,129096,62869,45087,1.1958205194708955,0.25884845248962296
5633,0.599,12,56,12,476570,129040,62881,45075,1.1953017896179925,0.25888062487436464
5634,0.5991,12,48,12,476618,128992,62893,45063,1.1948571640297898,0.25890092212231763
5635,0.5992,17,71,17,476689,128921,62910,45046,1.1941994886805736,0.2589341656750993
5636,0.5993,37,169,37,476858,128752,62947,45009,1.1926340360887768,0.25902820540857846
5637,0.5994,13,48,13,476906,128704,62960,44996,1.1921894105005744,0.25904432930339666
5638,0.5995,23,68,23,476974,128636,62983,44973,1.1915595242506207,0.259047630019181
5639,0.5996,20,81,20,477055,128555,63003,44953,1.1908092185705288,0.25908315466721993
5640,0.5997,4,27,4,477082,128528,63007,44949,1.1905591166771647,0.25910639450762923
5641,0.5998,26,79,26,477161,128449,63033,44923,1.189827337063248,0.25911335163694255
5642,0.5999,7,75,7,477236,128374,63040,44916,1.1891326095816814,0.2591955681227999
5643,0.6,268,1132,268,478368,127242,63308,44648,1.1786468561265702,0.25974751294432485
5644,0.6001,19,84,19,478452,127158,63327,44629,1.1778687613472156,0.25979265020053904
5645,0.6002,9,71,9,478523,127087,63336,44620,1.1772110859979992,0.2598612753120141
5646,0.6003,22,70,22,478593,127017,63358,44598,1.1765626736818704,0.2598723887772048
5647,0.6004,15,66,15,478659,126951,63373,44583,1.175951313498092,0.25990765679107347
5648,0.6005,20,112,20,478771,126839,63393,44563,1.1749138537922859,0.2599911319587869
5649,0.6006,10,44,10,478815,126795,63403,44553,1.1745062803364335,0.26001470691224876
5650,0.6007,20,94,20,478909,126701,63423,44533,1.1736355552262032,0.2600710139341486
5651,0.6008,20,56,20,478965,126645,63443,44513,1.1731168253733002,0.26006964325360193
5652,0.6009,13,47,13,479012,126598,63456,44500,1.1726814628181852,0.2600848636453962
5653,0.601,9,44,9,479056,126554,63465,44491,1.1722738893623328,0.2601128358034435
5654,0.6011,10,33,10,479089,126521,63475,44481,1.1719682092704435,0.26011976468111486
5655,0.6012,17,101,17,479190,126420,63492,44464,1.1710326429286004,0.2601999016876946
5656,0.6013,11,43,11,479233,126377,63503,44453,1.1706343325058357,0.26021776034654337
5657,0.6014,25,63,25,479296,126314,63528,44428,1.1700507614213198,0.2602054561853557
5658,0.6015,16,76,16,479372,126238,63544,44412,1.1693467709066656,0.26025197773220043
5659,0.6016,7,32,7,479404,126206,63551,44405,1.169050353847864,0.2602704397723476
5660,0.6017,41,159,41,479563,126047,63592,44364,1.1675775315869428,0.26033530699309315
5661,0.6018,25,84,25,479647,125963,63617,44339,1.1667994368075882,0.26035513382109426
5662,0.6019,23,71,23,479718,125892,63640,44316,1.166141761458372,0.2603637901861252
5663,0.602,33,140,33,479858,125752,63673,44283,1.1648449368261145,0.26043461640250537
5664,0.6021,9,72,9,479930,125680,63682,44274,1.1641779984438105,0.26050578391800133
5665,0.6022,26,72,26,480002,125608,63708,44248,1.1635110600615066,0.26050301431801054
5666,0.6023,6,33,6,480035,125575,63714,44242,1.1632053799696171,0.2605275090244204
5667,0.6024,19,41,19,480076,125534,63733,44223,1.1628255956130276,0.2605076668414263
5668,0.6025,14,49,14,480125,125485,63747,44209,1.1623717069917374,0.26052188056148123
5669,0.6026,29,97,29,480222,125388,63776,44180,1.1614731927822446,0.26054444234761276
5670,0.6027,6,27,6,480249,125361,63782,44174,1.1612230908888808,0.2605597664199133
5671,0.6028,16,57,16,480306,125304,63798,44158,1.16069509800289,0.2605775926166338
5672,0.6029,14,79,14,480385,125225,63812,44144,1.1599633183889733,0.2606380152212034
5673,0.603,9,45,9,480430,125180,63821,44135,1.1595464819000334,0.26066798570711397
5674,0.6031,14,60,14,480490,125120,63835,44121,1.15899069991478,0.2606992395459729
5675,0.6032,5,35,5,480525,125085,63840,44116,1.1586664937567157,0.26073131955484896
5676,0.6033,28,106,28,480631,124979,63868,44088,1.1576846122494349,0.2607723565213791
5677,0.6034,9,35,9,480666,124944,63877,44079,1.1573604060913705,0.26078699348609363
5678,0.6035,20,76,20,480742,124868,63897,44059,1.1566564155767165,0.2608168025241672
5679,0.6036,15,68,15,480810,124800,63912,44044,1.1560265293267629,0.2608561749307053
5680,0.6037,21,68,21,480878,124732,63933,44023,1.155396643076809,0.2608693075760718
5681,0.6038,22,98,22,480976,124634,63955,44001,1.1544888658342287,0.26092448186912565
5682,0.6039,9,69,9,481045,124565,63964,43992,1.1538497165511876,0.2609918306566918
5683,0.604,9,65,9,481110,124500,63973,43983,1.1532476194004966,0.2610530439272805
5684,0.6041,36,191,36,481301,124309,64009,43947,1.1514783800807737,0.26119127995435526
5685,0.6042,32,98,32,481399,124211,64041,43915,1.1505706028381932,0.26120290734330204
5686,0.6043,4,33,4,481432,124178,64045,43911,1.150264922746304,0.26123660679758937
5687,0.6044,11,21,11,481453,124157,64056,43900,1.1500703990514654,0.26122089529147846
5688,0.6045,17,72,17,481525,124085,64073,43883,1.1494034606691614,0.2612580967803391
5689,0.6046,36,96,36,481621,123989,64109,43847,1.1485142094927563,0.26124907647942036
5690,0.6047,28,94,28,481715,123895,64137,43819,1.1476434843825263,0.26127216571067413
5691,0.6048,33,135,33,481850,123760,64170,43786,1.1463929749157065,0.26133718501187736
5692,0.6049,9,52,9,481902,123708,64179,43777,1.1459112971951535,0.2613786309221721
5693,0.605,42,174,42,482076,123534,64221,43735,1.1442995294379192,0.2614650652541714
5694,0.6051,11,49,11,482125,123485,64232,43724,1.143845640816629,0.26149310144788857
5695,0.6052,41,85,41,482210,123400,64273,43683,1.1430582830041869,0.261444910613288
5696,0.6053,14,44,14,482254,123356,64287,43669,1.1426507095483345,0.2614518784613082
5697,0.6054,24,109,24,482363,123247,64311,43645,1.141641038941791,0.2615164297869281
5698,0.6055,25,85,25,482448,123162,64336,43620,1.140853681129349,0.26153901500161886
5699,0.6056,43,136,43,482584,123026,64379,43577,1.1395939086294415,0.2615619166521611
5700,0.6057,15,87,15,482671,122939,64394,43562,1.1387880247508244,0.26163206226989627
5701,0.6058,16,56,16,482727,122883,64410,43546,1.1382692948979214,0.26164911163318894
5702,0.6059,13,47,13,482774,122836,64423,43533,1.1378339323428064,0.26166533428703664
5703,0.606,17,84,17,482858,122752,64440,43516,1.1370558375634519,0.26172203911756925
5704,0.6061,11,58,11,482916,122694,64451,43505,1.1365185816443737,0.26176451121847905
5705,0.6062,32,90,32,483006,122604,64483,43473,1.1356849086664937,0.2617641214617316
5706,0.6063,9,53,9,483059,122551,64492,43464,1.1351939679128533,0.2618076679818089
5707,0.6064,20,61,20,483120,122490,64512,43444,1.1346289228945126,0.261814938469512
5708,0.6065,11,19,11,483139,122471,64523,43433,1.134452925265849,0.26179597839714536
5709,0.6066,2,36,2,483175,122435,64525,43431,1.134119456074697,0.2618438980864071
5710,0.6067,48,235,48,483410,122200,64573,43383,1.1319426432991218,0.2620015339738983
5711,0.6068,50,174,50,483584,122026,64623,43333,1.1303308755418875,0.2620540762825126
5712,0.6069,14,65,14,483649,121961,64637,43319,1.1297287783911965,0.26209462729912875
5713,0.607,10,43,10,483692,121918,64647,43309,1.1293304679684315,0.26211817681129596
5714,0.6071,26,121,26,483813,121797,64673,43283,1.1282096409648374,0.26219408771504726
5715,0.6072,7,32,7,483845,121765,64680,43276,1.1279132239060359,0.2622136317642283
5716,0.6073,30,89,30,483934,121676,64710,43246,1.1270888139612434,0.26222092868143726
5717,0.6074,16,69,16,484003,121607,64726,43230,1.1264496646782023,0.26225908018224064
5718,0.6075,21,99,21,484102,121508,64747,43209,1.1255326244025343,0.2623226503639576
5719,0.6076,22,85,22,484187,121423,64769,43187,1.1247452665900923,0.2623595164327805
5720,0.6077,16,60,16,484247,121363,64785,43171,1.124189484604839,0.2623834587380116
5721,0.6078,14,51,14,484298,121312,64799,43157,1.1237170699173737,0.2624020332099058
5722,0.6079,12,33,12,484331,121279,64811,43145,1.1234113898254845,0.26240086605361745
5723,0.608,28,70,28,484401,121209,64839,43117,1.1227629775093557,0.2623869625013692
5724,0.6081,32,101,32,484502,121108,64871,43085,1.1218274111675126,0.2624046092098932
5725,0.6082,19,78,19,484580,121030,64890,43066,1.1211048945866835,0.2624439352574103
5726,0.6083,85,334,85,484914,120696,64975,42981,1.1180110415354403,0.26259645521362196
5727,0.6084,24,121,24,485035,120575,64999,42957,1.1168902145318462,0.26268253308221023
5728,0.6085,31,99,31,485134,120476,65030,42926,1.1159731742561785,0.262701802915509
5729,0.6086,6,44,6,485178,120432,65036,42920,1.115565600800326,0.2627454821489789
5730,0.6087,13,38,13,485216,120394,65049,42907,1.115213605542999,0.26274793173342476
5731,0.6088,14,48,14,485264,120346,65063,42893,1.1147689799547964,0.26276196252121126
5732,0.6089,3,18,3,485282,120328,65066,42890,1.1146022453592204,0.2627773897486797
5733,0.609,20,86,20,485368,120242,65086,42870,1.1138056245136907,0.26282554318505075
5734,0.6091,13,33,13,485401,120209,65099,42857,1.1134999444218014,0.26281996246918427
5735,0.6092,18,42,18,485443,120167,65117,42839,1.1131108970321242,0.2628062770695557
5736,0.6093,18,57,18,485500,120110,65135,42821,1.1125829041461337,0.2628167751993175
5737,0.6094,25,65,25,485565,120045,65160,42796,1.1119808069954427,0.262808506457219
5738,0.6095,29,94,29,485659,119951,65189,42767,1.1111100818852124,0.26282894332526213
5739,0.6096,12,37,12,485696,119914,65201,42755,1.110767349660973,0.2628343445893194
5740,0.6097,9,25,9,485721,119889,65210,42746,1.1105357738337842,0.2628339533310788
5741,0.6098,19,62,19,485783,119827,65229,42727,1.1099614657823558,0.262848038190386
5742,0.6099,4,11,4,485794,119816,65233,42723,1.1098595724183926,0.26284768578618056
5743,0.61,55,167,55,485961,119649,65288,42668,1.1083126458927712,0.2628683378820456
5744,0.6101,20,60,20,486021,119589,65308,42648,1.107756863907518,0.2628746833336415
5745,0.6102,20,72,20,486093,119517,65328,42628,1.107089925525214,0.2629004903018903
5746,0.6103,16,60,16,486153,119457,65344,42612,1.1065341435399607,0.2629250504414786
5747,0.6104,7,32,7,486185,119425,65351,42605,1.106237726481159,0.2629451336172314
5748,0.6105,15,80,15,486265,119345,65366,42590,1.1054966838341547,0.2630067619723963
5749,0.6106,2,29,2,486294,119316,65368,42588,1.1052280558746155,0.26304476726949305
5750,0.6107,10,89,10,486383,119227,65378,42578,1.1044036459298232,0.2631439077902413
5751,0.6108,19,43,19,486426,119184,65397,42559,1.1040053355070585,0.26312730690045316
5752,0.6109,21,117,21,486543,119067,65418,42538,1.1029215606358147,0.2632220537730887
5753,0.611,11,45,11,486588,119022,65429,42527,1.1025047241468746,0.2632452073364738
5754,0.6111,40,126,40,486714,118896,65469,42487,1.1013375819778428,0.263268126134723
5755,0.6112,15,44,15,486758,118852,65484,42472,1.1009300085219904,0.2632714289256403
5756,0.6113,8,58,8,486816,118794,65492,42464,1.1003927526029122,0.2633295712460777
5757,0.6114,29,112,29,486928,118682,65521,42435,1.0993552928971062,0.2633800281782804
5758,0.6115,17,91,17,487019,118591,65538,42418,1.0985123568861388,0.2634511114285537
5759,0.6116,12,47,12,487066,118544,65550,42406,1.0980769943310238,0.2634731283007145
5760,0.6117,39,163,39,487229,118381,65589,42367,1.0965671199377525,0.26356159952223357
5761,0.6118,13,52,13,487281,118329,65602,42354,1.0960854422171995,0.26358731166333715
5762,0.6119,9,65,9,487346,118264,65611,42345,1.0954833450665087,0.2636527218275439
5763,0.612,10,36,10,487382,118228,65621,42335,1.0951498758753566,0.26366597534923986
5764,0.6121,18,71,18,487453,118157,65639,42317,1.0944922005261404,0.2637000386355422
5765,0.6122,31,119,31,487572,118038,65670,42286,1.0933898995887212,0.2637533993662833
5766,0.6123,18,60,18,487632,117978,65688,42268,1.0928341176034682,0.263769454463762
5767,0.6124,1,24,1,487656,117954,65689,42267,1.0926118048093667,0.2638043702136424
5768,0.6125,18,89,18,487745,117865,65707,42249,1.0917873948645744,0.2638682438762382
5769,0.6126,37,145,37,487890,117720,65744,42212,1.0904442550668791,0.2639371732986519
5770,0.6127,15,68,15,487958,117652,65759,42197,1.0898143688169255,0.2639803814850265
5771,0.6128,15,75,15,488033,117577,65774,42182,1.0891196413353588,0.26403520302455574
5772,0.6129,10,51,10,488084,117526,65784,42172,1.0886472266478935,0.26407343861538657
5773,0.613,21,79,21,488163,117447,65805,42151,1.087915447033977,0.264107319640597
5774,0.6131,28,98,28,488261,117349,65833,42123,1.0870076697913964,0.26414041336410155
5775,0.6132,9,32,9,488293,117317,65842,42114,1.0867112527325948,0.2641518901593793
5776,0.6133,41,172,41,488465,117145,65883,42073,1.0851180110415355,0.26424776093155294
5777,0.6134,17,61,17,488526,117084,65900,42056,1.0845529660231947,0.2642704536885761
5778,0.6135,7,67,7,488593,117017,65907,42049,1.0839323428063286,0.2643493895615656
5779,0.6136,29,90,29,488683,116927,65936,42020,1.0830986698284486,0.26436485117680736
5780,0.6137,25,84,25,488767,116843,65961,41995,1.082320575049094,0.2643888741988693
5781,0.6138,26,152,26,488919,116691,65987,41969,1.080912594019786,0.26452161855540146
5782,0.6139,13,55,13,488974,116636,66000,41956,1.0804031271999703,0.26455306698950765
5783,0.614,25,117,25,489091,116519,66025,41931,1.0793193523287266,0.26463237614389395
5784,0.6141,18,84,18,489175,116435,66043,41913,1.078541257549372,0.26468916563518324
5785,0.6142,26,85,26,489260,116350,66069,41887,1.0777538997369298,0.26471052914299437
5786,0.6143,9,40,9,489300,116310,66078,41878,1.0773833784134277,0.2647356310213164
5787,0.6144,16,51,16,489351,116259,66094,41862,1.0769109637259624,0.26474661809626804
5788,0.6145,12,44,12,489395,116215,66106,41850,1.07650339027011,0.264764495618891
5789,0.6146,7,31,7,489426,116184,66113,41843,1.0762162362443959,0.264783866048207
5790,0.6147,10,36,10,489462,116148,66123,41833,1.0758827670532438,0.26479766554205886
5791,0.6148,24,72,24,489534,116076,66147,41809,1.0752158286709401,0.26480666307755646
5792,0.6149,2,23,2,489557,116053,66149,41807,1.0750027789099263,0.2648359305713924
5793,0.615,30,114,30,489671,115939,66179,41777,1.0739467931379452,0.2648875193385579
5794,0.6151,19,64,19,489735,115875,66198,41758,1.0733539590203416,0.2649064599417635
5795,0.6152,34,119,34,489854,115756,66232,41724,1.0722516580829227,0.2649479298958598
5796,0.6153,17,82,17,489936,115674,66249,41707,1.0714920893697433,0.26500657639740505
5797,0.6154,20,91,20,490027,115583,66269,41687,1.0706491533587759,0.26506644623895215
5798,0.6155,25,108,25,490135,115475,66294,41662,1.0696487457853199,0.2651317003633772
5799,0.6156,21,106,21,490241,115369,66315,41641,1.0686668642780393,0.2652124068530667
5800,0.6157,12,58,12,490299,115311,66327,41629,1.068129608358961,0.2652542372881356
5801,0.6158,23,96,23,490395,115215,66350,41606,1.067240357182556,0.2653088553191218
5802,0.6159,25,91,25,490486,115124,66375,41581,1.0663974211715885,0.2653457132829201
5803,0.616,7,47,7,490533,115077,66382,41574,1.0659620586164733,0.2653924966964782
5804,0.6161,9,68,9,490601,115009,66391,41565,1.0653321723665197,0.2654655306755911
5805,0.6162,34,122,34,490723,114887,66425,41531,1.0642020823298382,0.26551292050786995
5806,0.6163,15,67,15,490790,114820,66440,41516,1.063581459112972,0.2655562378466892
5807,0.6164,11,66,11,490856,114754,66451,41505,1.0629700989291935,0.26561670047805247
5808,0.6165,35,74,35,490930,114680,66486,41470,1.0622846344807144,0.26557796990073645
5809,0.6166,6,44,6,490974,114636,66492,41464,1.061877061024862,0.265624599615631
5810,0.6167,160,633,160,491607,114003,66652,41304,1.0560135610804402,0.26595066545616103
5811,0.6168,29,83,29,491690,113920,66681,41275,1.0552447293341731,0.26595573310995846
5812,0.6169,27,72,27,491762,113848,66708,41248,1.0545777909518692,0.2659514107391551
5813,0.617,21,69,21,491831,113779,66729,41227,1.0539386416688281,0.2659703495348567
5814,0.6171,13,56,13,491887,113723,66742,41214,1.053419911815925,0.2660048923110684
5815,0.6172,23,92,23,491979,113631,66765,41191,1.05256771277187,0.2660539199855318
5816,0.6173,7,51,7,492030,113580,66772,41184,1.0520952980844047,0.26610839730169805
5817,0.6174,9,45,9,492075,113535,66781,41175,1.0516784615954649,0.2661431064572426
5818,0.6175,26,106,26,492181,113429,66807,41149,1.050696580088184,0.26620217624759024
5819,0.6176,29,117,29,492298,113312,66836,41120,1.0496128052169402,0.26626605884790716
5820,0.6177,31,123,31,492421,113189,66867,41089,1.048473452147171,0.2663309091380495
5821,0.6178,33,118,33,492539,113071,66900,41056,1.0473804142428398,0.26637772745852445
5822,0.6179,25,102,25,492641,112969,66925,41031,1.0464355848679092,0.2664350649350649
5823,0.618,21,80,21,492721,112889,66946,41010,1.0456945422209047,0.26647346636430386
5824,0.6181,5,48,5,492769,112841,66951,41005,1.0452499166327023,0.26653276653276653
5825,0.6182,24,72,24,492841,112769,66975,40981,1.0445829782503984,0.26654308943089433
5826,0.6183,35,128,35,492969,112641,67010,40946,1.0433973100151914,0.26659808447329525
5827,0.6184,19,33,19,493002,112608,67029,40927,1.0430916299233022,0.2665646269580226
5828,0.6185,20,76,20,493078,112532,67049,40907,1.042387639408648,0.266601059704508
5829,0.6186,4,37,4,493115,112495,67053,40903,1.0420449071844085,0.26664624049857233
5830,0.6187,11,43,11,493158,112452,67064,40892,1.0416465967616437,0.2666684056761269
5831,0.6188,20,79,20,493237,112373,67084,40872,1.040914817147727,0.2667101699892329
5832,0.6189,7,50,7,493287,112323,67091,40865,1.040451665493349,0.2667637151735123
5833,0.619,23,86,23,493373,112237,67114,40842,1.0396550446478194,0.26680341523004464
5834,0.6191,8,42,8,493415,112195,67122,40834,1.0392659972581422,0.266838311692555
5835,0.6192,14,71,14,493486,112124,67136,40820,1.038608321908926,0.26689507270635004
5836,0.6193,20,93,20,493579,112031,67156,40800,1.0377468598317834,0.26696154575969533
5837,0.6194,4,39,4,493618,111992,67160,40796,1.0373856015413687,0.26701049820666545
5838,0.6195,14,64,14,493682,111928,67174,40782,1.0367927674237651,0.2670552026717307
5839,0.6196,46,104,46,493786,111824,67220,40736,1.0358294119826597,0.2670162558993183
5840,0.6197,4,39,4,493825,111785,67224,40732,1.035468153692245,0.267065310752244
5841,0.6198,15,63,15,493888,111722,67239,40717,1.034884582607729,0.26710356273657004
5842,0.6199,21,80,21,493968,111642,67260,40696,1.0341435399607248,0.2671428008769972
5843,0.62,22,86,22,494054,111556,67282,40674,1.0333469191151952,0.26718780792222296
5844,0.6201,23,80,23,494134,111476,67305,40651,1.0326058764681907,0.2672175222018445
5845,0.6202,12,41,12,494175,111435,67317,40639,1.032226092111601,0.26723174244118
5846,0.6203,9,35,9,494210,111400,67326,40630,1.0319018859535367,0.26724988489113993
5847,0.6204,6,45,6,494255,111355,67332,40624,1.0314850494645966,0.2673000875120905
5848,0.6205,8,36,8,494291,111319,67340,40616,1.0311515802734448,0.26732484286043373
5849,0.6206,30,108,30,494399,111211,67370,40586,1.0301511726999888,0.2673702378834891
5850,0.6207,15,60,15,494459,111151,67385,40571,1.0295953907147357,0.2674035406862551
5851,0.6208,29,83,29,494542,111068,67414,40542,1.0288265589684686,0.26740980146428334
5852,0.6209,21,81,21,494623,110987,67435,40521,1.0280762532883767,0.26745122369775853
5853,0.621,10,23,10,494646,110964,67445,40511,1.027863203527363,0.2674434725202179
5854,0.6211,22,108,22,494754,110856,67467,40489,1.0268627959539072,0.2675278337573095
5855,0.6212,31,115,31,494869,110741,67498,40458,1.0257975471488383,0.26758113479586504
5856,0.6213,19,82,19,494951,110659,67517,40439,1.025037978435659,0.2676342506188037
5857,0.6214,23,103,23,495054,110556,67540,40416,1.0240838860276409,0.26770526985136317
5858,0.6215,18,54,18,495108,110502,67558,40398,1.023583682240913,0.267713717693837
5859,0.6216,18,79,18,495187,110423,67576,40380,1.0228519026269962,0.26776655636824204
5860,0.6217,25,125,25,495312,110298,67601,40355,1.0216940234910519,0.2678672180441146
5861,0.6218,17,82,17,495394,110216,67618,40338,1.0209344547778725,0.2679304435617785
5862,0.6219,8,31,8,495425,110185,67626,40330,1.0206473007521584,0.26794671627412553
5863,0.622,11,82,11,495507,110103,67637,40319,1.0198877320389788,0.2680392495778543
5864,0.6221,11,47,11,495554,110056,67648,40308,1.0194523694838638,0.2680694847170865
5865,0.6222,20,58,20,495612,109998,67668,40288,1.0189151135647856,0.2680755359780685
5866,0.6223,6,50,6,495662,109948,67674,40282,1.018451961910408,0.26813552552752445
5867,0.6224,10,72,10,495734,109876,67684,40272,1.017785023528104,0.2682153608439673
5868,0.6225,25,106,25,495840,109770,67709,40247,1.0168031420208232,0.26828292793483405
5869,0.6226,34,81,34,495921,109689,67743,40213,1.0160528363407315,0.2682619311283372
5870,0.6227,11,41,11,495962,109648,67754,40202,1.0156730519841417,0.2682816149482816
5871,0.6228,3,5,3,495967,109643,67757,40199,1.015626736818704,0.2682759172995555
5872,0.6229,31,82,31,496049,109561,67788,40168,1.0148671681055246,0.26827134356069965
5873,0.623,14,45,14,496094,109516,67802,40154,1.0144503316165845,0.2682835571590833
5874,0.6231,22,63,22,496157,109453,67824,40132,1.0138667605320686,0.26828893271384163
5875,0.6232,16,85,16,496242,109368,67840,40116,1.0130794027196266,0.2683631693024003
5876,0.6233,43,162,43,496404,109206,67883,40073,1.0115787913594427,0.2684436524896335
5877,0.6234,21,57,21,496461,109149,67904,40052,1.0110507984734523,0.26844324099704425
5878,0.6235,17,71,17,496532,109078,67921,40035,1.0103931231242358,0.26848765701179644
5879,0.6236,18,62,18,496594,109016,67939,40017,1.0098188150728074,0.2685110009192595
5880,0.6237,7,19,7,496613,108997,67946,40010,1.0096428174441439,0.2685108753280047
5881,0.6238,19,113,19,496726,108884,67965,39991,1.0085960947052504,0.26862132661628885
5882,0.6239,4,43,4,496769,108841,67969,39987,1.0081977842824854,0.2686792807804983
5883,0.624,5,29,5,496798,108812,67974,39982,1.0079291563229464,0.26870707152170115
5884,0.6241,18,34,18,496832,108778,67992,39964,1.0076142131979695,0.26867999623509164
5885,0.6242,14,57,14,496889,108721,68006,39950,1.007086220311979,0.2687141406192196
5886,0.6243,6,24,6,496913,108697,68012,39944,1.0068639075178776,0.26872800909574074
5887,0.6244,17,67,17,496980,108630,68029,39927,1.0062432843010116,0.2687655243441911
5888,0.6245,30,71,30,497051,108559,68059,39897,1.0055856089517952,0.26874629519857735
5889,0.6246,16,51,16,497102,108508,68075,39881,1.0051131942643299,0.26875981373282387
5890,0.6247,8,24,8,497126,108484,68083,39873,1.0048908814702286,0.2687638601481561
5891,0.6248,15,49,15,497175,108435,68098,39858,1.0044369928489385,0.26877870162448664
5892,0.6249,19,45,19,497220,108390,68117,39839,1.0040201563599984,0.268766570644071
5893,0.625,84,359,84,497579,108031,68201,39755,1.0006947274815665,0.2690038298620979
5894,0.6251,4,19,4,497598,108012,68205,39751,1.000518729852903,0.26901863118642694
5895,0.6252,20,71,20,497669,107941,68225,39731,0.9998610545036867,0.26904897340050926
5896,0.6253,23,71,23,497740,107870,68248,39708,0.9992033791544703,0.2690644947078833
5897,0.6254,21,66,21,497806,107804,68269,39687,0.9985920189706917,0.2690808252706945
5898,0.6255,23,73,23,497879,107731,68292,39664,0.9979158175553003,0.2691000373146986
5899,0.6256,10,43,10,497922,107688,68302,39654,0.9975175071325355,0.2691289652644867
5900,0.6257,44,152,44,498074,107536,68346,39610,0.9961095261032272,0.2691884251015998
5901,0.6258,19,51,19,498125,107485,68365,39591,0.9956371114157619,0.26918735891647855
5902,0.6259,23,118,23,498243,107367,68388,39568,0.9945440735114306,0.26928914145710686
5903,0.626,9,46,9,498289,107321,68397,39559,0.994117973989403,0.2693287037037037
5904,0.6261,25,88,25,498377,107233,68422,39534,0.9933028270776983,0.26936572935332875
5905,0.6262,10,39,10,498416,107194,68432,39524,0.9929415687872837,0.2693875325454273
5906,0.6263,3,2,3,498418,107192,68435,39521,0.9929230427211087,0.26937626522530383
5907,0.6264,14,63,14,498481,107129,68449,39507,0.9923394716365926,0.26942224283259225
5908,0.6265,11,53,11,498534,107076,68460,39496,0.9918485308829523,0.2694648363944
5909,0.6266,17,69,17,498603,107007,68477,39479,0.9912093815999111,0.26950698360252856
5910,0.6267,29,168,29,498771,106839,68506,39450,0.989653192041202,0.26967167729631075
5911,0.6268,15,74,15,498845,106765,68521,39435,0.988967727592723,0.2697332421340629
5912,0.6269,13,37,13,498882,106728,68534,39422,0.9886249953684835,0.269736572015053
5913,0.627,24,65,24,498947,106663,68558,39398,0.9880228982177924,0.269736616892942
5914,0.6271,11,44,11,498991,106619,68569,39387,0.98761532476194,0.269762886456721
5915,0.6272,21,67,21,499058,106552,68590,39366,0.986994701545074,0.26978165819158706
5916,0.6273,5,20,5,499078,106532,68595,39361,0.9868094408833228,0.2697936158691644
5917,0.6274,7,36,7,499114,106496,68602,39354,0.9864759716921709,0.26982516283853275
5918,0.6275,58,167,58,499281,106329,68660,39296,0.9849290451665493,0.2698437768240343
5919,0.6276,35,102,35,499383,106227,68695,39261,0.9839842157916188,0.2698573078192016
5920,0.6277,4,9,4,499392,106218,68699,39257,0.9839008484938309,0.26985392679154496
5921,0.6278,17,57,17,499449,106161,68716,39240,0.9833728556078403,0.2698743474941713
5922,0.6279,16,44,16,499493,106117,68732,39224,0.9829652821519879,0.26987567169621784
5923,0.628,28,78,28,499571,106039,68760,39196,0.9822427655711586,0.26987984989844044
5924,0.6281,15,48,15,499619,105991,68775,39181,0.9817981399829561,0.269893643402309
5925,0.6282,22,94,22,499713,105897,68797,39159,0.980927414872726,0.2699578093977498
5926,0.6283,17,113,17,499826,105784,68814,39142,0.9798806921338323,0.2700826628762265
5927,0.6284,30,112,30,499938,105672,68844,39112,0.9788432324280262,0.2701403469996685
5928,0.6285,7,55,7,499993,105617,68851,39105,0.9783337656082107,0.27020770857229726
5929,0.6286,14,41,14,500034,105576,68865,39091,0.977953981251621,0.2702136631021588
5930,0.6287,20,97,20,500131,105479,68885,39071,0.9770554670421283,0.2702940159114493
5931,0.6288,22,72,22,500203,105407,68907,39049,0.9763885286598244,0.2703176053608019
5932,0.6289,8,50,8,500253,105357,68915,39041,0.9759253770054467,0.2703707807587363
5933,0.629,17,39,17,500292,105318,68932,39024,0.975564118715032,0.2703578999875296
5934,0.6291,23,63,23,500355,105255,68955,39001,0.9749805476305161,0.27035963842058564
5935,0.6292,26,104,26,500459,105151,68981,38975,0.9740171921894105,0.27042310200796527
5936,0.6293,22,81,22,500540,105070,69003,38953,0.9732668865093186,0.27046374537400275
5937,0.6294,12,85,12,500625,104985,69015,38941,0.9724795286968765,0.2705626502508233
5938,0.6295,26,86,26,500711,104899,69041,38915,0.9716829078513468,0.27059257095971184
5939,0.6296,11,51,11,500762,104848,69052,38904,0.9712104931638815,0.2706327564138238
5940,0.6297,8,31,8,500793,104817,69060,38896,0.9709233391381674,0.27065053265884087
5941,0.6298,24,81,24,500874,104736,69084,38872,0.9701730334580755,0.2706812990919726
5942,0.6299,14,49,14,500923,104687,69098,38858,0.9697191448367853,0.27070256713922464
5943,0.63,33,162,33,501085,104525,69131,38825,0.9682185334766016,0.2708405999302407
5944,0.6301,18,87,18,501172,104438,69149,38807,0.9674126495979843,0.2709134699291424
5945,0.6302,3,12,3,501184,104426,69152,38804,0.9673014932009337,0.27092089646023876
5946,0.6303,21,79,21,501263,104347,69173,38783,0.9665697135870169,0.27096345979179765
5947,0.6304,30,123,30,501386,104224,69203,38753,0.9654303605172477,0.27104359442427806
5948,0.6305,16,84,16,501470,104140,69219,38737,0.9646522657378932,0.2711213141373349
5949,0.6306,14,52,14,501522,104088,69233,38723,0.9641705880173403,0.2711485809916603
5950,0.6307,20,65,20,501587,104023,69253,38703,0.9635684908666494,0.27116993399941147
5951,0.6308,17,54,17,501641,103969,69270,38686,0.9630682870799214,0.27118572780484385
5952,0.6309,37,135,37,501776,103834,69307,38649,0.9618177776131016,0.27125341268782943
5953,0.631,12,60,12,501836,103774,69319,38637,0.9612619956278484,0.2713062895422404
5954,0.6311,8,17,8,501853,103757,69327,38629,0.96110452406536,0.27129773994634304
5955,0.6312,11,30,11,501883,103727,69338,38618,0.9608266330727333,0.2712986055007201
5956,0.6313,8,73,8,501956,103654,69346,38610,0.9601504316573419,0.2713968396783445
5957,0.6314,11,47,11,502003,103607,69357,38599,0.9597150691022268,0.2714301787547642
5958,0.6315,6,34,6,502037,103573,69363,38593,0.95940012597725,0.2714643444986846
5959,0.6316,22,33,22,502070,103540,69385,38571,0.9590944458853607,0.2714145984476923
5960,0.6317,40,138,40,502208,103402,69425,38531,0.9578161473192782,0.27147315987120685
5961,0.6318,25,103,25,502311,103299,69450,38506,0.9568620549112602,0.2715419061387116
5962,0.6319,12,55,12,502366,103244,69462,38494,0.9563525880914446,0.2715856016029576
5963,0.632,16,49,16,502415,103195,69478,38478,0.9558986994701545,0.2715972697691162
5964,0.6321,30,97,30,502512,103098,69508,38448,0.9550001852606618,0.2716290110635412
5965,0.6322,19,66,19,502578,103032,69527,38429,0.9543888250768832,0.2716579127816147
5966,0.6323,21,58,21,502636,102974,69548,38408,0.953851569157805,0.27166117327524014
5967,0.6324,14,55,14,502691,102919,69562,38394,0.9533421023379895,0.27169474853693576
5968,0.6325,23,51,23,502742,102868,69585,38371,0.9528696876505243,0.2716742542782093
5969,0.6326,9,23,9,502765,102845,69594,38362,0.9526566378895105,0.27167208424511535
5970,0.6327,16,96,16,502861,102749,69610,38346,0.9517673867131053,0.2717743364399872
5971,0.6328,16,65,16,502926,102684,69626,38330,0.9511652895624143,0.2718169827109365
5972,0.6329,19,76,19,503002,102608,69645,38311,0.9504612990477602,0.2718653978526671
5973,0.633,39,118,39,503120,102490,69684,38272,0.9493682611434288,0.27189156164305706
5974,0.6331,8,42,8,503162,102448,69692,38264,0.9489792137537515,0.27193132071180853
5975,0.6332,18,41,18,503203,102407,69710,38246,0.9485994293971618,0.27191741377716794
5976,0.6333,146,539,146,503742,101868,69856,38100,0.9436066545629701,0.2722050754458162
5977,0.6334,5,39,5,503781,101829,69861,38095,0.9432453962725554,0.27225493839512876
5978,0.6335,19,42,19,503823,101787,69880,38076,0.9428563488828782,0.2722378327363205
5979,0.6336,21,64,21,503887,101723,69901,38055,0.9422635147652747,0.2722531442716307
5980,0.6337,9,60,9,503947,101663,69910,38046,0.9417077327800215,0.272323186051006
5981,0.6338,22,108,22,504055,101555,69932,38024,0.9407073252065656,0.2724192034618388
5982,0.6339,12,31,12,504086,101524,69944,38012,0.9404201711808514,0.2724171539961014
5983,0.634,17,56,17,504142,101468,69961,37995,0.9399014413279484,0.2724378508995217
5984,0.6341,28,108,28,504250,101360,69989,37967,0.9389010337544925,0.27250281711369656
5985,0.6342,10,49,10,504299,101311,69999,37957,0.9384471451332024,0.27254645719045295
5986,0.6343,31,89,31,504388,101222,70030,37926,0.9376227351884101,0.2725587144622991
5987,0.6344,12,32,12,504420,101190,70042,37914,0.9373263181296083,0.27255866114561766
5988,0.6345,10,33,10,504453,101157,70052,37904,0.9370206380377191,0.2725710299796492
5989,0.6346,12,42,12,504495,101115,70064,37892,0.9366315906480418,0.27259058896314575
5990,0.6347,25,105,25,504600,101010,70089,37867,0.9356589721738486,0.27266574018736006
5991,0.6348,3,12,3,504612,100998,70092,37864,0.9355478157767979,0.27267358960694793
5992,0.6349,13,61,13,504673,100937,70105,37851,0.9349827707584571,0.27272530766348674
5993,0.635,58,213,58,504886,100724,70163,37793,0.9330097447108081,0.27284015680385804
5994,0.6351,30,71,30,504957,100653,70193,37763,0.9323520693615918,0.2728225060686626
5995,0.6352,19,38,19,504995,100615,70212,37744,0.9320000741042647,0.27279757731697973
5996,0.6353,13,53,13,505048,100562,70225,37731,0.9315091333506244,0.2728337659896018
5997,0.6354,10,53,10,505101,100509,70235,37721,0.9310181925969839,0.2728857700933227
5998,0.6355,14,47,14,505148,100462,70249,37707,0.9305828300418689,0.27290492078541495
5999,0.6356,18,72,18,505220,100390,70267,37689,0.929915891659565,0.27295244026970067
6000,0.6357,13,58,13,505278,100332,70280,37676,0.9293786357404868,0.2729986667439569
6001,0.6358,14,76,14,505354,100256,70294,37662,0.9286746452258328,0.27307530561638077
6002,0.6359,21,86,21,505440,100170,70315,37641,0.9278780243803031,0.27313494568648367
6003,0.636,7,33,7,505473,100137,70322,37634,0.9275723442884138,0.2731634378787989
6004,0.6361,20,74,20,505547,100063,70342,37614,0.9268868798399348,0.2732046747096465
6005,0.6362,6,62,6,505609,100001,70348,37608,0.9263125717885065,0.27329607801815287
6006,0.6363,20,67,20,505676,99934,70368,37588,0.9256919485716403,0.27332354096071904
6007,0.6364,8,19,8,505695,99915,70376,37580,0.9255159509429768,0.2733190297829012
6008,0.6365,23,67,23,505762,99848,70399,37557,0.9248953277261106,0.2733306648229686
6009,0.6366,20,64,20,505826,99784,70419,37537,0.9243024936085071,0.27335221852447916
6010,0.6367,30,177,30,506003,99607,70449,37507,0.92266293675201,0.27354610032527676
6011,0.6368,7,21,7,506024,99586,70456,37500,0.9224684130571714,0.2735509096479582
6012,0.6369,14,70,14,506094,99516,70470,37486,0.9218200007410426,0.2736164435555685
6013,0.637,14,50,14,506144,99466,70484,37472,0.9213568490866649,0.27364208619959396
6014,0.6371,14,48,14,506192,99418,70498,37458,0.9209122234984624,0.2736637540547649
6015,0.6372,12,50,12,506242,99368,70510,37446,0.9204490718440846,0.2737000599353867
6016,0.6373,19,44,19,506286,99324,70529,37427,0.9200414983882322,0.2736872125249541
6017,0.6374,8,50,8,506336,99274,70537,37419,0.9195783467338545,0.2737448150234467
6018,0.6375,25,88,25,506424,99186,70562,37394,0.9187631998221497,0.2737882559671987
6019,0.6376,26,104,26,506528,99082,70588,37368,0.9177998443810441,0.2738585562477098
6020,0.6377,17,57,17,506585,99025,70605,37351,0.9172718514950535,0.27388250131988034
6021,0.6378,17,62,17,506647,98963,70622,37334,0.9166975434436252,0.2739165205397037
6022,0.6379,12,63,12,506710,98900,70634,37322,0.9161139723591093,0.2739792397703748
6023,0.638,30,104,30,506814,98796,70664,37292,0.9151506169180036,0.27402856974898593
6024,0.6381,17,116,17,506930,98680,70681,37275,0.9140761050798474,0.27417160089735576
6025,0.6382,13,53,13,506983,98627,70694,37262,0.913585164326207,0.2742090971307464
6026,0.6383,48,160,48,507143,98467,70742,37214,0.9121030790321983,0.2742756907746847
6027,0.6384,1,17,1,507160,98450,70743,37213,0.9119456074697099,0.27430471093813347
6028,0.6385,15,57,15,507217,98393,70758,37198,0.9114176145837193,0.2743397423132804
6029,0.6386,21,72,21,507289,98321,70779,37177,0.9107506762014154,0.2743730534768041
6030,0.6387,16,64,16,507353,98257,70795,37161,0.9101578420838119,0.27441699035578726
6031,0.6388,12,50,12,507403,98207,70807,37149,0.9096946904294342,0.27445403232956056
6032,0.6389,2,16,2,507419,98191,70809,37147,0.9095464819000334,0.2744757569936012
6033,0.639,10,43,10,507462,98148,70819,37137,0.9091481714772686,0.2745093691096574
6034,0.6391,20,55,20,507517,98093,70839,37117,0.908638704657453,0.2745137193994527
6035,0.6392,15,30,15,507547,98063,70854,37102,0.9083608136648265,0.2744941367957681
6036,0.6393,18,53,18,507600,98010,70872,37084,0.907869872911186,0.2745051593705124
6037,0.6394,7,44,7,507644,97966,70879,37077,0.9074622994553336,0.2745569929577986
6038,0.6395,26,66,26,507710,97900,70905,37051,0.906850939271555,0.27455150387918575
6039,0.6396,27,90,27,507800,97810,70932,37024,0.9060172662936752,0.27458949523117315
6040,0.6397,31,87,31,507887,97723,70963,36993,0.9052113824150579,0.2745998990468838
6041,0.6398,15,66,15,507953,97657,70978,36978,0.9046000222312794,0.27465369331897355
6042,0.6399,22,65,22,508018,97592,71000,36956,0.9039979250805884,0.27466777655557867
6043,0.64,23,128,23,508146,97464,71023,36933,0.9028122568453815,0.27480524118841937
6044,0.6401,17,59,17,508205,97405,71040,36916,0.9022657378932157,0.2748341659159774
6045,0.6402,13,40,13,508245,97365,71053,36903,0.9018952165697136,0.2748458307266065
6046,0.6403,21,83,21,508328,97282,71074,36882,0.9011263848234465,0.2749023583077428
6047,0.6404,9,50,9,508378,97232,71083,36873,0.9006632331690689,0.27495619104433094
6048,0.6405,25,69,25,508447,97163,71108,36848,0.9000240838860276,0.27496250307810555
6049,0.6406,9,41,9,508488,97122,71117,36839,0.8996442995294379,0.2749979471637268
6050,0.6407,13,42,13,508530,97080,71130,36826,0.8992552521397607,0.27501381566173283
6051,0.6408,35,105,35,508635,96975,71165,36791,0.8982826336655675,0.27503999521552563
6052,0.6409,7,26,7,508661,96949,71172,36784,0.898041794805291,0.27505552107557596
6053,0.641,17,51,17,508712,96898,71189,36767,0.8975693801178258,0.2750682676841357
6054,0.6411,26,77,26,508789,96821,71215,36741,0.8968561265700841,0.27508572797652026
6055,0.6412,24,56,24,508845,96765,71239,36717,0.896337396717181,0.27507079606239043
6056,0.6413,17,76,17,508921,96689,71256,36700,0.895633406202527,0.27513513108277293
6057,0.6414,26,83,26,509004,96606,71282,36674,0.89486457445626,0.27516506602641055
6058,0.6415,6,36,6,509040,96570,71288,36668,0.894531105265108,0.27520677284258244
6059,0.6416,33,120,33,509160,96450,71321,36635,0.8934195412946015,0.27527520006011197
6060,0.6417,79,320,79,509480,96130,71400,36556,0.8904553707065842,0.27550758934627617
6061,0.6418,14,57,14,509537,96073,71414,36542,0.8899273778205936,0.2755495230554613
6062,0.6419,15,39,15,509576,96034,71429,36527,0.889566119530179,0.2755486153544406
6063,0.642,21,79,21,509655,95955,71450,36506,0.8888343399162622,0.2755981005729988
6064,0.6421,28,106,28,509761,95849,71478,36478,0.8878524584089814,0.2756655860104136
6065,0.6422,28,121,28,509882,95728,71506,36450,0.8867316314053874,0.27576449938719
6066,0.6423,8,49,8,509931,95679,71514,36442,0.8862777427840972,0.27582291989918334
6067,0.6424,22,68,22,509999,95611,71536,36420,0.8856478565341436,0.27584430929099985
6068,0.6425,24,46,24,510045,95565,71560,36396,0.885221757012116,0.2758087616795872
6069,0.6426,39,113,39,510158,95452,71599,36357,0.8841750342732224,0.27583093718941804
6070,0.6427,24,59,24,510217,95393,71623,36333,0.8836285153210567,0.27582254072848184
6071,0.6428,7,27,7,510244,95366,71630,36326,0.8833784134276927,0.27584059775840597
6072,0.6429,33,106,33,510350,95260,71663,36293,0.882396531920412,0.2758812037733841
6073,0.643,8,32,8,510382,95228,71671,36285,0.8821001148616103,0.27590428322675326
6074,0.6431,38,101,38,510483,95127,71709,36247,0.8811645485197673,0.27590695266947796
6075,0.6432,3,13,3,510496,95114,71712,36244,0.8810441290896291,0.2759177210371656
6076,0.6433,53,187,53,510683,94927,71765,36191,0.8793119419022565,0.2760185481779771
6077,0.6434,9,33,9,510716,94894,71774,36182,0.8790062618103672,0.27603832890841956
6078,0.6435,19,95,19,510811,94799,71793,36163,0.8781262736670495,0.276133534918526
6079,0.6436,19,80,19,510891,94719,71812,36144,0.8773852310200452,0.2761972444464822
6080,0.6437,28,53,28,510944,94666,71840,36116,0.8768942902664049,0.2761542108241195
6081,0.6438,8,28,8,510972,94638,71848,36108,0.8766349253399534,0.27616906062135743
6082,0.6439,31,96,31,511068,94542,71879,36077,0.8757456741635481,0.2762002465185004
6083,0.644,23,68,23,511136,94474,71902,36054,0.8751157879135945,0.27621659720519737
6084,0.6441,19,56,19,511192,94418,71921,36035,0.8745970580606914,0.2762297532444635
6085,0.6442,17,65,17,511257,94353,71938,36018,0.8739949609100004,0.27627309754469936
6086,0.6443,7,27,7,511284,94326,71945,36011,0.8737448590166365,0.27629145983105335
6087,0.6444,8,19,8,511303,94307,71953,36003,0.8735688613879729,0.27628731486455377
6088,0.6445,11,61,11,511364,94246,71964,35992,0.8730038163696321,0.276355595141203
6089,0.6446,20,82,20,511446,94164,71984,35972,0.8722442476564526,0.2764185160140161
6090,0.6447,28,88,28,511534,94076,72012,35944,0.8714291007447479,0.27644977695739115
6091,0.6448,20,101,20,511635,93975,72032,35924,0.8704935344029049,0.2765533221964757
6092,0.6449,37,132,37,511767,93843,72069,35887,0.8692708140353478,0.2766283820242041
6093,0.645,18,75,18,511842,93768,72087,35869,0.8685760865537812,0.2766879825975609
6094,0.6451,10,38,10,511880,93730,72097,35859,0.8682240912964541,0.2767133012832879
6095,0.6452,20,91,20,511971,93639,72117,35839,0.8673811552854866,0.2767960580175783
6096,0.6453,24,92,24,512063,93547,72141,35815,0.8665289562414317,0.2768587374963281
6097,0.6454,15,71,15,512134,93476,72156,35800,0.8658712808922153,0.27692688511401964
6098,0.6455,3,21,3,512155,93455,72159,35797,0.8656767571973767,0.2769550954724105
6099,0.6456,18,84,18,512239,93371,72177,35779,0.8648986624180222,0.2770344560588463
6100,0.6457,1,8,1,512247,93363,72178,35778,0.8648245581533217,0.2770460194670941
6101,0.6458,13,68,13,512315,93295,72191,35765,0.8641946719033681,0.2771191693785836
6102,0.6459,10,22,10,512337,93273,72201,35755,0.8639908851754419,0.27711039464302323
6103,0.646,12,35,12,512372,93238,72213,35743,0.8636666790173775,0.2771183352586815
6104,0.6461,14,72,14,512444,93166,72227,35729,0.8629997406350736,0.277194615772528
6105,0.6462,11,51,11,512495,93115,72238,35718,0.8625273259476083,0.27724263193436466
6106,0.6463,3,29,3,512524,93086,72241,35715,0.8622586979880692,0.277288219811958
6107,0.6464,14,53,14,512577,93033,72255,35701,0.8617677572344289,0.2773237839265462
6108,0.6465,6,24,6,512601,93009,72261,35695,0.8615454444403275,0.27734180755842863
6109,0.6466,13,39,13,512640,92970,72274,35682,0.8611841861499129,0.2773528588751049
6110,0.6467,49,169,49,512809,92801,72323,35633,0.8596187335581162,0.2774421103446128
6111,0.6468,4,11,4,512820,92790,72327,35629,0.8595168401941532,0.2774433689718811
6112,0.6469,19,88,19,512908,92702,72346,35610,0.8587016932824484,0.27752665378140784
6113,0.647,7,53,7,512961,92649,72353,35603,0.8582107525288081,0.27760190874216384
6114,0.6471,3,26,3,512987,92623,72356,35600,0.8579699136685316,0.27764129680322563
6115,0.6472,6,45,6,513032,92578,72362,35594,0.8575530771795917,0.27770495896139563
6116,0.6473,21,84,21,513116,92494,72383,35573,0.8567749824002371,0.2777686679628632
6117,0.6474,14,53,14,513169,92441,72397,35559,0.8562840416465968,0.2778046875
6118,0.6475,32,86,32,513255,92355,72429,35527,0.8554874208010671,0.2778107943260193
6119,0.6476,19,91,19,513346,92264,72448,35508,0.8546444847900997,0.27790126162226464
6120,0.6477,8,50,8,513396,92214,72456,35500,0.854181333135722,0.27796482766180686
6121,0.6478,3,26,3,513422,92188,72459,35497,0.8539404942754456,0.2780044641108979
6122,0.6479,54,139,54,513561,92049,72513,35443,0.8526529326762755,0.2780017569729865
6123,0.648,9,12,9,513573,92037,72522,35434,0.8525417762792249,0.27797695162036856
6124,0.6481,9,49,9,513622,91988,72531,35425,0.8520878876579348,0.2780328537904295
6125,0.6482,11,41,11,513663,91947,72542,35414,0.8517081033013449,0.27806000266957703
6126,0.6483,18,105,18,513768,91842,72560,35396,0.8507354848271518,0.27818733397255535
6127,0.6484,42,132,42,513900,91710,72602,35354,0.8495127644595947,0.2782377384625071
6128,0.6485,7,19,7,513919,91691,72609,35347,0.8493367668309311,0.278239581857397
6129,0.6486,25,84,25,514003,91607,72634,35322,0.8485586720515765,0.27828155898179296
6130,0.6487,8,19,8,514022,91588,72642,35314,0.848382674422913,0.2782777261193677
6131,0.6488,16,59,16,514081,91529,72658,35298,0.8478361554707473,0.2783161314231197
6132,0.6489,13,36,13,514117,91493,72671,35285,0.8475026862795954,0.2783211598226822
6133,0.649,21,117,21,514234,91376,72692,35264,0.8464189114083516,0.2784586228679722
6134,0.6491,14,57,14,514291,91319,72706,35250,0.845890918522361,0.27850421509216317
6135,0.6492,8,33,8,514324,91286,72714,35242,0.8455852384304716,0.27853123419322207
6136,0.6493,11,61,11,514385,91225,72725,35231,0.8450201934121309,0.27860283418738535
6137,0.6494,10,25,10,514410,91200,72735,35221,0.8447886175849421,0.27860086536255846
6138,0.6495,5,25,5,514435,91175,72740,35216,0.8445570417577531,0.2786274339153895
6139,0.6496,6,28,6,514463,91147,72746,35210,0.8442976768313016,0.278654922164977
6140,0.6497,11,51,11,514514,91096,72757,35199,0.8438252621438364,0.27870462013539726
6141,0.6498,27,73,27,514587,91023,72784,35172,0.843149060728445,0.27871151788898135
6142,0.6499,18,59,18,514646,90964,72802,35154,0.8426025417762792,0.27873895875291393
6143,0.65,235,757,235,515403,90207,73037,34919,0.8355904257290007,0.2790706967376884
6144,0.6501,33,94,33,515497,90113,73070,34886,0.8347197006187707,0.2790902327218618
6145,0.6502,15,48,15,515545,90065,73085,34871,0.834275075030568,0.279110904783249
6146,0.6503,19,69,19,515614,89996,73104,34852,0.8336359257475268,0.27915545303088557
6147,0.6504,13,65,13,515679,89931,73117,34839,0.8330338285968357,0.2792257754267853
6148,0.6505,24,108,24,515787,89823,73141,34815,0.8320334210233798,0.27932893660039476
6149,0.6506,18,35,18,515822,89788,73159,34797,0.8317092148653155,0.2793032869125497
6150,0.6507,19,47,19,515869,89741,73178,34778,0.8312738523102005,0.27929874155751333
6151,0.6508,4,26,4,515895,89715,73182,34774,0.8310330134499241,0.27933391705291233
6152,0.6509,13,36,13,515931,89679,73195,34761,0.8306995442587721,0.2793394406943105
6153,0.651,12,73,12,516004,89606,73207,34749,0.8300233428433806,0.2794338788146838
6154,0.6511,21,69,21,516073,89537,73228,34728,0.8293841935603394,0.2794672675330946
6155,0.6512,16,64,16,516137,89473,73244,34712,0.828791359442736,0.27951846036155736
6156,0.6513,29,94,29,516231,89379,73273,34683,0.8279206343325058,0.27956183198723217
6157,0.6514,5,19,5,516250,89360,73278,34678,0.8277446367038424,0.279575613924765
6158,0.6515,27,62,27,516312,89298,73305,34651,0.8271703286524139,0.279558528104301
6159,0.6516,23,64,23,516376,89234,73328,34628,0.8265774945348104,0.2795691979783953
6160,0.6517,27,131,27,516507,89103,73355,34601,0.8253640372003409,0.2797080126754187
6161,0.6518,15,39,15,516546,89064,73370,34586,0.8250027789099262,0.27970885564092196
6162,0.6519,3,29,3,516575,89035,73373,34583,0.8247341509503872,0.2797569933181252
6163,0.652,26,74,26,516649,88961,73399,34557,0.8240486865019082,0.2797729885522758
6164,0.6521,33,113,33,516762,88848,73432,34524,0.8230019637630146,0.2798365917712285
6165,0.6522,29,79,29,516841,88769,73461,34495,0.8222701841490978,0.2798465083073728
6166,0.6523,23,101,23,516942,88668,73484,34472,0.8213346178072548,0.2799415299658925
6167,0.6524,38,93,38,517035,88575,73522,34434,0.8204731557301123,0.2799307367753579
6168,0.6525,23,58,23,517093,88517,73545,34411,0.8199358998110341,0.2799280879864636
6169,0.6526,10,40,10,517133,88477,73555,34401,0.819565378487532,0.27996061133807515
6170,0.6527,8,21,8,517154,88456,73563,34393,0.8193708547926933,0.27996157884883066
6171,0.6528,21,87,21,517241,88369,73584,34372,0.8185649709140761,0.2800368255106281
6172,0.6529,18,58,18,517299,88311,73602,34354,0.8180277149949979,0.2800635878204867
6173,0.653,6,17,6,517316,88294,73608,34348,0.8178702434325096,0.280067187423558
6174,0.6531,13,46,13,517362,88248,73621,34335,0.817444143910482,0.2800959349991434
6175,0.6532,25,78,25,517440,88170,73646,34310,0.8167216273296528,0.2801273677335075
6176,0.6533,29,126,29,517566,88044,73675,34281,0.815554485160621,0.28024524831391784
6177,0.6534,10,44,10,517610,88000,73685,34271,0.8151469117047686,0.28028723082333507
6178,0.6535,4,15,4,517625,87985,73689,34267,0.8150079662084553,0.28029807283316427
6179,0.6536,19,68,19,517693,87917,73708,34248,0.8143780799585016,0.28034216019318137
6180,0.6537,23,61,23,517754,87856,73731,34225,0.8138130349401608,0.2803466550896536
6181,0.6538,29,104,29,517858,87752,73760,34196,0.8128496794990552,0.2804146029455178
6182,0.6539,8,23,8,517881,87729,73768,34188,0.8126366297380414,0.28042028593223256
6183,0.654,13,37,13,517918,87692,73781,34175,0.8122938975138019,0.28042866403538286
6184,0.6541,7,28,7,517946,87664,73788,34168,0.8120345325873504,0.28045176965000984
6185,0.6542,8,47,8,517993,87617,73796,34160,0.8115991700322354,0.2805127405010798
6186,0.6543,15,81,15,518074,87536,73811,34145,0.8108488643521434,0.28061077736047535
6187,0.6544,12,64,12,518138,87472,73823,34133,0.81025603023454,0.28068747173224784
6188,0.6545,5,24,5,518162,87448,73828,34128,0.8100337174404387,0.28071329867737055
6189,0.6546,51,159,51,518321,87289,73879,34077,0.8085608951795176,0.28077880131173477
6190,0.6547,12,36,12,518357,87253,73891,34065,0.8082274259883656,0.2807909790797738
6191,0.6548,32,127,32,518484,87126,73923,34033,0.8070510207862462,0.28089535238818414
6192,0.6549,1,7,1,518491,87119,73924,34032,0.8069861795546334,0.28090564667233453
6193,0.655,31,102,31,518593,87017,73955,34001,0.8060413501797028,0.28095820456461024
6194,0.6551,37,154,37,518747,86863,73992,33964,0.8046148430842195,0.2810961126238341
6195,0.6552,19,76,19,518823,86787,74011,33945,0.8039108525695654,0.2811599244607892
6196,0.6553,3,11,3,518834,86776,74014,33942,0.8038089592056022,0.28116768004771453
6197,0.6554,19,77,19,518911,86699,74033,33923,0.8030957056578606,0.28123393742435043
6198,0.6555,8,49,8,518960,86650,74041,33915,0.8026418170365704,0.2813005432754116
6199,0.6556,19,58,19,519018,86592,74060,33896,0.8021045611174923,0.28132262133988445
6200,0.6557,26,43,26,519061,86549,74086,33870,0.8017062506947275,0.2812679062274226
6201,0.6558,22,74,22,519135,86475,74108,33848,0.8010207862462485,0.2813094753289064
6202,0.6559,49,124,49,519259,86351,74157,33799,0.7998721701433917,0.28130669995838536
6203,0.656,12,27,12,519286,86324,74169,33787,0.7996220682500278,0.2812981325607147
6204,0.6561,18,47,18,519333,86277,74187,33769,0.7991867056949128,0.2813005014744348
6205,0.6562,7,22,7,519355,86255,74194,33762,0.7989829189669866,0.2813101477290717
6206,0.6563,30,122,30,519477,86133,74224,33732,0.797852828930305,0.28141659366787636
6207,0.6564,11,38,11,519515,86095,74235,33721,0.7975008336729779,0.2814398744741938
6208,0.6565,7,17,7,519532,86078,74242,33714,0.7973433621104895,0.28143782556431146
6209,0.6566,8,45,8,519577,86033,74250,33706,0.7969265256215495,0.28149558623339094
6210,0.6567,56,187,56,519764,85846,74306,33650,0.7951943384341769,0.28159938407980184
6211,0.6568,28,105,28,519869,85741,74334,33622,0.7942217199599837,0.2816785771135109
6212,0.6569,13,14,13,519883,85727,74347,33609,0.7940920374967579,0.2816333713213113
6213,0.657,8,49,8,519932,85678,74355,33601,0.7936381488754678,0.281700886157664
6214,0.6571,24,95,24,520027,85583,74379,33577,0.7927581607321501,0.28178079892581404
6215,0.6572,9,41,9,520068,85542,74388,33568,0.7923783763755604,0.28182352447317605
6216,0.6573,10,28,10,520096,85514,74398,33558,0.7921190114491089,0.2818294813222252
6217,0.6574,29,89,29,520185,85425,74427,33529,0.7912946015043165,0.28186525883955144
6218,0.6575,23,57,23,520242,85368,74450,33506,0.790766608618326,0.28186146676312734
6219,0.6576,19,54,19,520296,85314,74469,33487,0.790266404831598,0.28187473169417765
6220,0.6577,11,62,11,520358,85252,74480,33476,0.7896920967801697,0.28195539384138535
6221,0.6578,19,75,19,520433,85177,74499,33457,0.7889973692986031,0.28201864558221085
6222,0.6579,22,66,22,520499,85111,74521,33435,0.7883860091148246,0.2820424139152734
6223,0.658,9,43,9,520542,85068,74530,33426,0.7879876986920598,0.28209023241683123
6224,0.6581,43,131,43,520673,84937,74573,33383,0.7867742413575901,0.2821416497633536
6225,0.6582,14,40,14,520713,84897,74587,33369,0.786403720034088,0.28215209781340367
6226,0.6583,79,250,79,520963,84647,74666,33290,0.7840879617621994,0.2822693471938408
6227,0.6584,24,60,24,521023,84587,74690,33266,0.7835321797769461,0.28226689180589376
6228,0.6585,26,62,26,521085,84525,74716,33240,0.7829578717255178,0.2822570373200866
6229,0.6586,6,25,6,521110,84500,74722,33234,0.782726295898329,0.2822803947882515
6230,0.6587,7,28,7,521138,84472,74729,33227,0.7824669309718775,0.282304862403249
6231,0.6588,29,65,29,521203,84407,74758,33198,0.7818648338211864,0.2822839165001488
6232,0.6589,13,51,13,521254,84356,74771,33185,0.7813924191337212,0.2823270178065526
6233,0.659,16,48,16,521302,84308,74787,33169,0.7809477935455186,0.28234462916145286
6234,0.6591,6,31,6,521333,84277,74793,33163,0.7806606395198044,0.2823824931880109
6235,0.6592,19,38,19,521371,84239,74812,33144,0.7803086442624773,0.28235775197430635
6236,0.6593,18,62,18,521433,84177,74830,33126,0.7797343362110489,0.2823968696452776
6237,0.6594,4,25,4,521458,84152,74834,33122,0.7795027603838601,0.28243259375479646
6238,0.6595,8,36,8,521494,84116,74842,33114,0.7791692911927082,0.2824703574170434
6239,0.6596,14,57,14,521551,84059,74856,33100,0.7786412983067176,0.2825220426941165
6240,0.6597,9,54,9,521605,84005,74865,33091,0.7781410945199896,0.28259718521554966
6241,0.6598,21,72,21,521677,83933,74886,33070,0.7774741561376858,0.2826423254104596
6242,0.6599,23,59,23,521736,83874,74909,33047,0.77692763718552,0.28264383643656826
6243,0.66,55,214,55,521950,83660,74964,32992,0.7749453481047834,0.2828241264616123
6244,0.6601,9,43,9,521993,83617,74973,32983,0.7745470376820186,0.28287307032590053
6245,0.6602,17,57,17,522050,83560,74990,32966,0.774019044796028,0.28290681907900384
6246,0.6603,13,40,13,522090,83520,75003,32953,0.7736485234725259,0.28292393945377897
6247,0.6604,26,94,26,522184,83426,75029,32927,0.7727777983622958,0.2829922735125007
6248,0.6605,16,44,16,522228,83382,75045,32911,0.7723702249064434,0.2830006965165573
6249,0.6606,11,20,11,522248,83362,75056,32900,0.7721849642446923,0.28298154169032014
6250,0.6607,27,51,27,522299,83311,75083,32873,0.771712549557227,0.282939131033533
6251,0.6608,16,56,16,522355,83255,75099,32857,0.771193819704324,0.2829767810389968
6252,0.6609,14,32,14,522387,83223,75113,32843,0.7708974026455222,0.2829683111333207
6253,0.661,17,45,17,522432,83178,75130,32826,0.7704805661565823,0.28297300093100236
6254,0.6611,5,9,5,522441,83169,75135,32821,0.7703971988587943,0.28296404862488145
6255,0.6612,18,38,18,522479,83131,75153,32803,0.7700452036014672,0.2829454689737264
6256,0.6613,17,43,17,522522,83088,75170,32786,0.7696468931787024,0.28294526813607884
6257,0.6614,22,69,22,522591,83019,75192,32764,0.7690077438956612,0.2829776392043737
6258,0.6615,20,61,20,522652,82958,75212,32744,0.7684426988773204,0.283002886726245
6259,0.6616,33,81,33,522733,82877,75245,32711,0.7676923931972285,0.2829965048274907
6260,0.6617,24,94,24,522827,82783,75269,32687,0.7668216680869984,0.28307785572010047
6261,0.6618,28,65,28,522892,82718,75297,32659,0.7662195709363074,0.28306334884769063
6262,0.6619,11,40,11,522932,82678,75308,32648,0.7658490496128052,0.283093144650816
6263,0.662,14,36,14,522968,82642,75322,32634,0.7655155804216532,0.28309448627641487
6264,0.6621,7,40,7,523008,82602,75329,32627,0.7651450590981511,0.28314920723081866
6265,0.6622,21,56,21,523064,82546,75350,32606,0.7646263292452481,0.2831561761845213
6266,0.6623,24,71,24,523135,82475,75374,32582,0.7639686538960317,0.28318137966399265
6267,0.6624,29,77,29,523212,82398,75403,32553,0.7632554003482901,0.2831902288801315
6268,0.6625,48,136,48,523348,82262,75451,32505,0.7619956278483827,0.2832260144466615
6269,0.6626,19,62,19,523410,82200,75470,32486,0.7614213197969543,0.2832603805172384
6270,0.6627,35,127,35,523537,82073,75505,32451,0.7602449145948349,0.283355453878663
6271,0.6628,29,93,29,523630,81980,75534,32422,0.7593834525176923,0.2834041362913236
6272,0.6629,16,70,16,523700,81910,75550,32406,0.7587350402015636,0.2834773784946989
6273,0.663,6,61,6,523761,81849,75556,32400,0.7581699951832228,0.283591103642045
6274,0.6631,43,97,43,523858,81752,75599,32357,0.7572714809737301,0.2835622080642193
6275,0.6632,6,22,6,523880,81730,75605,32351,0.7570676942458039,0.2835792112621734
6276,0.6633,36,136,36,524016,81594,75641,32315,0.7558079217458965,0.2836913676706845
6277,0.6634,21,62,21,524078,81532,75662,32294,0.7552336136944681,0.2837137385131692
6278,0.6635,22,62,22,524140,81470,75684,32272,0.7546593056430397,0.2837298447363331
6279,0.6636,9,40,9,524180,81430,75693,32263,0.7542887843195376,0.2837729675529716
6280,0.6637,14,58,14,524238,81372,75707,32249,0.7537515284004594,0.28382957375837214
6281,0.6638,34,76,34,524314,81296,75741,32215,0.7530475378858054,0.2838050937794575
6282,0.6639,21,98,21,524412,81198,75762,32194,0.752139760643225,0.28391773670100184
6283,0.664,6,19,6,524431,81179,75768,32188,0.7519637630145615,0.283927421560066
6284,0.6641,17,39,17,524470,81140,75785,32171,0.7516025047241469,0.283917713196424
6285,0.6642,13,96,13,524566,81044,75798,32158,0.7507132535477417,0.2840762530697338
6286,0.6643,31,111,31,524677,80933,75829,32127,0.7496850568750232,0.2841588537059968
6287,0.6644,9,18,9,524695,80915,75838,32118,0.7495183222794471,0.2841471074818858
6288,0.6645,14,42,14,524737,80873,75852,32104,0.7491292748897699,0.2841640333873266
6289,0.6646,14,41,14,524778,80832,75866,32090,0.7487494905331802,0.2841784594675971
6290,0.6647,14,48,14,524826,80784,75880,32076,0.7483048649449776,0.28421052631578947
6291,0.6648,31,83,31,524909,80701,75911,32045,0.7475360331987105,0.28422294360775546
6292,0.6649,19,63,19,524972,80638,75930,32026,0.7469524621141946,0.2842611659447561
6293,0.665,64,191,64,525163,80447,75994,31962,0.7451832227944718,0.2843366634344225
6294,0.6651,13,32,13,525195,80415,76007,31949,0.7448868057356701,0.2843348403403225
6295,0.6652,19,53,19,525248,80362,76026,31930,0.7443958649820297,0.2843479499875325
6296,0.6653,11,38,11,525286,80324,76037,31919,0.7440438697247027,0.2843740812344645
6297,0.6654,6,40,6,525326,80284,76043,31913,0.7436733484012005,0.28443719529042666
6298,0.6655,20,73,20,525399,80211,76063,31893,0.742997146985809,0.28449475487047743
6299,0.6656,31,128,31,525527,80083,76094,31862,0.741811478750602,0.28462191254633973
6300,0.6657,19,76,19,525603,80007,76113,31843,0.741107488235948,0.2846937863209656
6301,0.6658,19,59,19,525662,79948,76132,31824,0.7405609692837822,0.2847224707440146
6302,0.6659,13,29,13,525691,79919,76145,31811,0.7402923413242433,0.2847131477669382
6303,0.666,4,11,4,525702,79908,76149,31807,0.7401904479602801,0.284715570872309
6304,0.6661,17,51,17,525753,79857,76166,31790,0.7397180332728148,0.2847367148244019
6305,0.6662,15,57,15,525810,79800,76181,31775,0.7391900403868242,0.2847860183732915
6306,0.6663,14,47,14,525857,79753,76195,31761,0.7387546778317092,0.28481625625482004
6307,0.6664,4,21,4,525878,79732,76199,31757,0.7385601541368706,0.28484424472369474
6308,0.6665,17,60,17,525938,79672,76216,31740,0.7380043721516173,0.28488852188274155
6309,0.6666,13,42,13,525980,79630,76229,31727,0.73761532476194,0.28491248866258967
6310,0.6667,211,669,211,526649,78961,76440,31516,0.7314183556263663,0.28527204757551344
6311,0.6668,10,38,10,526687,78923,76450,31506,0.7310663603690393,0.2853054904056
6312,0.6669,4,21,4,526708,78902,76454,31502,0.7308718366742006,0.28533386471504657
6313,0.667,16,64,16,526772,78838,76470,31486,0.7302790025565972,0.28539574344657553
6314,0.6671,32,98,32,526870,78740,76502,31454,0.7293712253140168,0.2854420385864929
6315,0.6672,17,48,17,526918,78692,76519,31437,0.7289265997258142,0.2854561468822926
6316,0.6673,28,88,28,527006,78604,76547,31409,0.7281114528141095,0.2855026224173507
6317,0.6674,7,32,7,527038,78572,76554,31402,0.7278150357553077,0.285540218597123
6318,0.6675,19,39,19,527077,78533,76573,31383,0.7274537774648931,0.2855180319516722
6319,0.6676,31,99,31,527176,78434,76604,31352,0.7265367371892253,0.28557375257318784
6320,0.6677,35,117,35,527293,78317,76639,31317,0.7254529623179814,0.28565043690825836
6321,0.6678,20,70,20,527363,78247,76659,31297,0.7248045500018526,0.28570254874753526
6322,0.6679,11,17,11,527380,78230,76670,31286,0.7246470784393642,0.285675152489134
6323,0.668,11,33,11,527413,78197,76681,31275,0.7243413983474749,0.2856894913767904
6324,0.6681,16,45,16,527458,78152,76697,31259,0.7239245618585349,0.2857025344800797
6325,0.6682,8,36,8,527494,78116,76705,31251,0.723591092667383,0.2857443287280441
6326,0.6683,21,101,21,527595,78015,76726,31230,0.7226555263255401,0.28587120692022516
6327,0.6684,23,89,23,527684,77926,76749,31207,0.7218311163807477,0.28595383614488745
6328,0.6685,25,55,25,527739,77871,76774,31182,0.7213216495609323,0.2859343621908613
6329,0.6686,13,59,13,527798,77812,76787,31169,0.7207751306087665,0.28600398234554647
6330,0.6687,16,85,16,527883,77727,76803,31153,0.7199877727963244,0.2861223365172667
6331,0.6688,19,60,19,527943,77667,76822,31134,0.7194319908110712,0.28615545812998044
6332,0.6689,18,51,18,527994,77616,76840,31116,0.718959576123606,0.28617150424897914
6333,0.669,19,55,19,528049,77561,76859,31097,0.7184501093037904,0.28619153674832964
6334,0.6691,14,46,14,528095,77515,76873,31083,0.718024009781763,0.286220740713457
6335,0.6692,17,90,17,528185,77425,76890,31066,0.7171903368038831,0.28634633287553807
6336,0.6693,21,74,21,528259,77351,76911,31045,0.716504872355404,0.28640355732683864
6337,0.6694,6,26,6,528285,77325,76917,31039,0.7162640334951277,0.2864327636484441
6338,0.6695,17,55,17,528340,77270,76934,31022,0.7157545666753121,0.28646622095815016
6339,0.6696,14,24,14,528364,77246,76948,31008,0.7155322538812109,0.28643745265763854
6340,0.6697,12,42,12,528406,77204,76960,30996,0.7151432064915336,0.2864695009242144
6341,0.6698,33,116,33,528522,77088,76993,30963,0.7140686946533773,0.28655912485770607
6342,0.6699,42,155,42,528677,76933,77035,30921,0.7126329245248064,0.28669312218369275
6343,0.67,38,150,38,528827,76783,77073,30883,0.7112434695616733,0.28684078539186003
6344,0.6701,9,52,9,528879,76731,77082,30874,0.7107617918411204,0.2869197527995911
6345,0.6702,17,47,17,528926,76684,77099,30857,0.7103264292860054,0.28693242577249606
6346,0.6703,17,81,17,529007,76603,77116,30840,0.7095761236059135,0.2870359167186322
6347,0.6704,9,14,9,529021,76589,77125,30831,0.7094464411426877,0.2870135915099609
6348,0.6705,11,34,11,529055,76555,77136,30820,0.7091314980177109,0.2870314318975553
6349,0.6706,24,42,24,529097,76513,77160,30796,0.7087424506280336,0.2869843163201595
6350,0.6707,8,41,8,529138,76472,77168,30788,0.708362666271444,0.287040835353347
6351,0.6708,36,99,36,529237,76373,77204,30752,0.7074456259957761,0.2870665110851809
6352,0.6709,15,57,15,529294,76316,77219,30737,0.7069176331097855,0.28711946419063455
6353,0.671,17,64,17,529358,76252,77236,30720,0.706324798992182,0.28717795310922484
6354,0.6711,16,42,16,529400,76210,77252,30704,0.7059357516025048,0.28718409188693717
6355,0.6712,16,51,16,529451,76159,77268,30688,0.7054633369150395,0.28721442810748077
6356,0.6713,13,29,13,529480,76130,77281,30675,0.7051947089555004,0.28720565516595664
6357,0.6714,26,61,26,529541,76069,77307,30649,0.7046296639371595,0.28719616184711105
6358,0.6715,5,17,5,529558,76052,77312,30644,0.7044721923746712,0.28720851765764416
6359,0.6716,32,85,32,529643,75967,77344,30612,0.7036848345622291,0.2872235618649077
6360,0.6717,34,118,34,529761,75849,77378,30578,0.7025917966578976,0.2873143093387956
6361,0.6718,22,72,22,529833,75777,77400,30556,0.7019248582755938,0.2873614023868413
6362,0.6719,18,39,18,529872,75738,77418,30538,0.7015635999851791,0.2873461552937634
6363,0.672,1,15,1,529887,75723,77419,30537,0.7014246544888658,0.2873800112930548
6364,0.6721,5,15,5,529902,75708,77424,30532,0.7012857089925525,0.2873870481927711
6365,0.6722,24,68,24,529970,75640,77448,30508,0.7006558227425989,0.2874100312770848
6366,0.6723,9,30,9,530000,75610,77457,30499,0.7003779317499722,0.2874308494095694
6367,0.6724,27,69,27,530069,75541,77484,30472,0.699738782466931,0.2874364464735457
6368,0.6725,13,59,13,530128,75482,77497,30459,0.6991922635147653,0.28750908524556124
6369,0.6726,29,87,29,530215,75395,77526,30430,0.698386379636148,0.28755020080321286
6370,0.6727,14,50,14,530265,75345,77540,30416,0.6979232279817703,0.2875918344191148
6371,0.6728,32,61,32,530326,75284,77572,30384,0.6973581829634296,0.28754211303327404
6372,0.6729,23,76,23,530402,75208,77595,30361,0.6966541924487755,0.28759389593535983
6373,0.673,22,71,22,530473,75137,77617,30339,0.6959965170995591,0.2876388941560165
6374,0.6731,15,34,15,530507,75103,77632,30324,0.6956815739745822,0.287630303432707
6375,0.6732,26,93,26,530600,75010,77658,30298,0.6948201118974398,0.28770843620617614
6376,0.6733,27,120,27,530720,74890,77685,30271,0.6937085479269332,0.2878538621732391
6377,0.6734,30,63,30,530783,74827,77715,30241,0.6931249768424173,0.28782312407202953
6378,0.6735,5,13,5,530796,74814,77720,30236,0.6930045574122791,0.2878248453117563
6379,0.6736,8,31,8,530827,74783,77728,30228,0.6927174033865648,0.287855557989163
6380,0.6737,16,63,16,530890,74720,77744,30212,0.692133832302049,0.2879197956772005
6381,0.6738,12,62,12,530952,74658,77756,30200,0.6915595242506206,0.28800854488927885
6382,0.6739,28,70,28,531022,74588,77784,30172,0.6909111119344918,0.2880106911034746
6383,0.674,10,68,10,531090,74520,77794,30162,0.6902812256845381,0.2881297644294148
6384,0.6741,16,39,16,531129,74481,77810,30146,0.6899199673941235,0.2881283034016076
6385,0.6742,7,44,7,531173,74437,77817,30139,0.6895123939382711,0.28820188188494494
6386,0.6743,10,31,10,531204,74406,77827,30129,0.689225239912557,0.2882192567082795
6387,0.6744,25,74,25,531278,74332,77852,30104,0.688539775464078,0.2882530928032479
6388,0.6745,6,35,6,531313,74297,77858,30098,0.6882155693060136,0.288308827051104
6389,0.6746,10,19,10,531332,74278,77868,30088,0.6880395716773501,0.2882931222812027
6390,0.6747,17,49,17,531381,74229,77885,30071,0.6875856830560598,0.2883125599232982
6391,0.6748,9,27,9,531408,74202,77894,30062,0.6873355811626959,0.2883257883833346
6392,0.6749,22,54,22,531462,74148,77916,30040,0.686835377375968,0.288324951050025
6393,0.675,102,393,102,531855,73755,78018,29938,0.6831950053725592,0.2887176569295902
6394,0.6751,8,38,8,531893,73717,78026,29930,0.6828430101152322,0.28876860883575983
6395,0.6752,16,59,16,531952,73658,78042,29914,0.6822964911630665,0.2888232340787085
6396,0.6753,12,28,12,531980,73630,78054,29902,0.6820371262366149,0.2888189158907391
6397,0.6754,12,37,12,532017,73593,78066,29890,0.6816943940123754,0.2888397128030691
6398,0.6755,17,51,17,532068,73542,78083,29873,0.6812219793249101,0.28886525165594934
6399,0.6756,10,42,10,532110,73500,78093,29863,0.6808329319352329,0.28891382796551957
6400,0.6757,39,108,39,532218,73392,78132,29824,0.679832524361777,0.28894745000775074
6401,0.6758,50,133,50,532351,73259,78182,29774,0.6786005409611323,0.2889753768210185
6402,0.6759,16,40,16,532391,73219,78198,29758,0.6782300196376302,0.28897715023743165
6403,0.676,8,22,8,532413,73197,78206,29750,0.678026232909704,0.28898365178198493
6404,0.6761,11,28,11,532441,73169,78217,29739,0.6777668679832525,0.2889862790064912
6405,0.6762,26,80,26,532521,73089,78243,29713,0.6770258253362481,0.2890313418026887
6406,0.6763,25,68,25,532589,73021,78268,29688,0.6763959390862944,0.2890496451138654
6407,0.6764,25,80,25,532669,72941,78293,29663,0.6756548964392901,0.2891017894039219
6408,0.6765,13,33,13,532702,72908,78306,29650,0.6753492163474007,0.28910470172975294
6409,0.6766,20,64,20,532766,72844,78326,29630,0.6747563822297973,0.2891465152136152
6410,0.6767,25,144,25,532910,72700,78351,29605,0.6734225054651896,0.28937979570890965
6411,0.6768,4,35,4,532945,72665,78355,29601,0.6730982993071252,0.28945103944615025
6412,0.6769,27,82,27,533027,72583,78382,29574,0.6723387305939457,0.2894955803322337
6413,0.677,10,52,10,533079,72531,78392,29564,0.6718570528733928,0.2895734365052157
6414,0.6771,24,89,24,533168,72442,78416,29540,0.6710326429286005,0.2896589594242121
6415,0.6772,3,11,3,533179,72431,78419,29537,0.6709307495646375,0.2896693080182018
6416,0.6773,13,39,13,533218,72392,78432,29524,0.6705694912742228,0.28968954825542603
6417,0.6774,10,40,10,533258,72352,78442,29514,0.6701989699507207,0.2897335715547877
6418,0.6775,23,66,23,533324,72286,78465,29491,0.6695876097669421,0.2897609479548425
6419,0.6776,13,41,13,533365,72245,78478,29478,0.6692078254103524,0.28978697049831403
6420,0.6777,12,16,12,533381,72229,78490,29466,0.6690596168809515,0.2897487585427012
6421,0.6778,27,54,27,533435,72175,78517,29439,0.6685594130942236,0.28971401578522643
6422,0.6779,11,45,11,533480,72130,78528,29428,0.6681425766052836,0.2897654542232025
6423,0.678,8,31,8,533511,72099,78536,29420,0.6678554225795694,0.2897979688531211
6424,0.6781,33,136,33,533647,71963,78569,29387,0.666595650079662,0.2899555994079921
6425,0.6782,6,8,6,533655,71955,78575,29381,0.6665215458149617,0.2899364490408147
6426,0.6783,11,50,11,533705,71905,78586,29370,0.666058394160584,0.2900024685262898
6427,0.6784,21,70,21,533775,71835,78607,29349,0.6654099818444551,0.29005574003795065
6428,0.6785,25,55,25,533830,71780,78632,29324,0.6649005150246396,0.2900379806931476
6429,0.6786,23,61,23,533891,71719,78655,29301,0.6643354700062989,0.29005147495545436
6430,0.6787,25,87,25,533978,71632,78680,29276,0.6635295861276816,0.2901256590161335
6431,0.6788,17,62,17,534040,71570,78697,29259,0.6629552780762533,0.2901843715597695
6432,0.6789,25,74,25,534114,71496,78722,29234,0.6622698136277743,0.2902213838975479
6433,0.679,7,30,7,534144,71466,78729,29227,0.6619919226351476,0.29025850853584656
6434,0.6791,23,47,23,534191,71419,78752,29204,0.6615565600800326,0.2902318555399859
6435,0.6792,18,78,18,534269,71341,78770,29186,0.6608340434992034,0.2903299611049768
6436,0.6793,14,48,14,534317,71293,78784,29172,0.6603894179110008,0.2903697805205793
6437,0.6794,15,46,15,534363,71247,78799,29157,0.6599633183889733,0.29039679694036097
6438,0.6795,19,61,19,534424,71186,78818,29138,0.6593982733706325,0.29043897771221244
6439,0.6796,15,67,15,534491,71119,78833,29123,0.6587776501537663,0.29052692484188264
6440,0.6797,12,19,12,534510,71100,78845,29111,0.6586016525251028,0.29049705122192176
6441,0.6798,12,37,12,534547,71063,78857,29099,0.6582589203008633,0.2905193586390048
6442,0.6799,8,34,8,534581,71029,78865,29091,0.6579439771758865,0.29056132640831
6443,0.68,53,177,53,534758,70852,78918,29038,0.6563044203193894,0.2906997697467214
6444,0.6801,12,15,12,534773,70837,78930,29026,0.6561654748230761,0.29065820173637885
6445,0.6802,10,51,10,534824,70786,78940,29016,0.6556930601356108,0.2907356566000681
6446,0.6803,23,61,23,534885,70725,78963,28993,0.65512801511727,0.29074991475962214
6447,0.6804,11,32,11,534917,70693,78974,28982,0.6548315980584682,0.2907649862051668
6448,0.6805,22,54,22,534971,70639,78996,28960,0.6543313942717404,0.29076597154589906
6449,0.6806,6,11,6,534982,70628,79002,28954,0.6542295009077772,0.2907553573939065
6450,0.6807,22,75,22,535057,70553,79024,28932,0.6535347734262107,0.29081771121274563
6451,0.6808,6,24,6,535081,70529,79030,28926,0.6533124606321093,0.2908451058267558
6452,0.6809,26,70,26,535151,70459,79056,28900,0.6526640483159806,0.290864441067241
6453,0.681,18,52,18,535203,70407,79074,28882,0.6521823705954277,0.29088821521014413
6454,0.6811,2,23,2,535226,70384,79076,28880,0.6519693208344141,0.2909413281753707
6455,0.6812,14,57,14,535283,70327,79090,28866,0.6514413279484235,0.29100843809543014
6456,0.6813,9,34,9,535317,70293,79099,28857,0.6511263848234465,0.2910438729198185
6457,0.6814,29,67,29,535384,70226,79128,28828,0.6505057616065805,0.2910331738243786
6458,0.6815,9,36,9,535420,70190,79137,28819,0.6501722924154285,0.2910745487783939
6459,0.6816,10,43,10,535463,70147,79147,28809,0.6497739819926637,0.2911293908403735
6460,0.6817,34,107,34,535570,70040,79181,28775,0.6487828374522954,0.2912007286343167
6461,0.6818,9,11,9,535581,70029,79190,28766,0.6486809440883323,0.2911685814059416
6462,0.6819,18,71,18,535652,69958,79208,28748,0.648023268739116,0.2912487589406926
6463,0.682,9,28,9,535680,69930,79217,28739,0.6477639038126645,0.2912667605833646
6464,0.6821,17,59,17,535739,69871,79234,28722,0.6472173848604987,0.29131885630825716
6465,0.6822,6,10,6,535749,69861,79240,28716,0.6471247545296231,0.2913052740497276
6466,0.6823,15,54,15,535803,69807,79255,28701,0.6466245507428953,0.29135704714337923
6467,0.6824,31,77,31,535880,69730,79286,28670,0.6459112971951536,0.2913617886178862
6468,0.6825,12,47,12,535927,69683,79298,28658,0.6454759346400385,0.2914145676777743
6469,0.6826,8,30,8,535957,69653,79306,28650,0.645198043647412,0.29144583583410477
6470,0.6827,25,41,25,535998,69612,79331,28625,0.6448182592908221,0.2913871555523886
6471,0.6828,3,14,3,536012,69598,79334,28622,0.6446885768275964,0.2914070454082672
6472,0.6829,36,80,36,536092,69518,79370,28586,0.6439475341805921,0.2913846530212835
6473,0.683,4,33,4,536125,69485,79374,28582,0.6436418540887028,0.2914538019925153
6474,0.6831,25,98,25,536223,69387,79399,28557,0.6427340768461225,0.2915645675079637
6475,0.6832,9,39,9,536262,69348,79408,28548,0.6423728185557079,0.2916155920568767
6476,0.6833,152,496,152,536758,68852,79560,28396,0.637778354144281,0.29199572227706483
6477,0.6834,15,57,15,536815,68795,79575,28381,0.6372503612582904,0.29205770972256523
6478,0.6835,15,58,15,536873,68737,79590,28366,0.6367131053392123,0.2921227974418916
6479,0.6836,17,62,17,536935,68675,79607,28349,0.6361387972877839,0.29218543865435354
6480,0.6837,5,23,5,536958,68652,79612,28344,0.6359257475267701,0.2922182358035383
6481,0.6838,24,71,24,537029,68581,79636,28320,0.6352680721775538,0.29225704585092
6482,0.6839,30,86,30,537115,68495,79666,28290,0.6344714513320242,0.292297360128119
6483,0.684,8,11,8,537126,68484,79674,28282,0.634369557968061,0.29227207903602503
6484,0.6841,18,49,18,537175,68435,79692,28264,0.6339156693467709,0.2922884414523418
6485,0.6842,8,51,8,537226,68384,79700,28256,0.6334432546593056,0.29238410596026493
6486,0.6843,1,21,1,537247,68363,79701,28255,0.633248730964467,0.29244033202922853
6487,0.6844,34,66,34,537313,68297,79735,28221,0.6326373707806884,0.29239105659048054
6488,0.6845,26,67,26,537380,68230,79761,28195,0.6320167475638223,0.29240342234897587
6489,0.6846,6,21,6,537401,68209,79767,28189,0.6318222238689837,0.2924230793169983
6490,0.6847,0,4,0,537405,68205,79767,28189,0.6317851717366334,0.29243521380998816
6491,0.6848,12,45,12,537450,68160,79779,28177,0.6313683352476935,0.2924836770918754
6492,0.6849,17,55,17,537505,68105,79796,28160,0.630858868427878,0.2925258401288111
6493,0.685,23,84,23,537589,68021,79819,28137,0.6300807736485234,0.2926121591547245
6494,0.6851,9,36,9,537625,67985,79828,28128,0.6297473044573715,0.29265552006492357
6495,0.6852,7,45,7,537670,67940,79835,28121,0.6293304679684316,0.2927410707779432
6496,0.6853,26,67,26,537737,67873,79861,28095,0.6287098447515654,0.2927538346115372
6497,0.6854,24,90,24,537827,67783,79885,28071,0.6278761717736856,0.2928516285183717
6498,0.6855,16,46,16,537873,67737,79901,28055,0.627450072251658,0.2928741439786203
6499,0.6856,10,58,10,537931,67679,79911,28045,0.6269128163325799,0.2929777276336133
6500,0.6857,25,103,25,538034,67576,79936,28020,0.6259587239245619,0.2931084982635257
6501,0.6858,10,28,10,538062,67548,79946,28010,0.6256993589981104,0.29312040854768834
6502,0.6859,14,72,14,538134,67476,79960,27996,0.6250324206158064,0.2932378079436903
6503,0.686,18,50,18,538184,67426,79978,27978,0.6245692689614287,0.29325814431260744
6504,0.6861,21,52,21,538236,67374,79999,27957,0.6240875912408759,0.2932624225068446
6505,0.6862,10,32,10,538268,67342,80009,27947,0.6237911741820742,0.29328673823841156
6506,0.6863,18,28,18,538296,67314,80027,27929,0.6235318092556227,0.2932393981709942
6507,0.6864,26,79,26,538375,67235,80053,27903,0.6228000296417059,0.2932897475246484
6508,0.6865,22,51,22,538426,67184,80075,27881,0.6223276149542406,0.29328354283911007
6509,0.6866,19,30,19,538456,67154,80094,27862,0.622049723961614,0.2932348236086554
6510,0.6867,19,79,19,538535,67075,80113,27843,0.6213179443476972,0.29333740702501104
6511,0.6868,15,56,15,538591,67019,80128,27828,0.6207992144947941,0.29339884234609426
6512,0.6869,16,43,16,538634,66976,80144,27812,0.6204009040720293,0.2934126682702452
6513,0.687,11,44,11,538678,66932,80155,27801,0.619993330616177,0.29346690171323614
6514,0.6871,25,87,25,538765,66845,80180,27776,0.6191874467375598,0.29355005759820757
6515,0.6872,23,52,23,538817,66793,80203,27753,0.6187057690170069,0.2935396526558501
6516,0.6873,23,56,23,538873,66737,80226,27730,0.6181870391641039,0.2935416600505997
6517,0.6874,7,18,7,538891,66719,80233,27723,0.618020304568528,0.29354524470045107
6518,0.6875,25,107,25,538998,66612,80258,27698,0.6170291600281597,0.2936910189799597
6519,0.6876,16,49,16,539047,66563,80274,27682,0.6165752714068695,0.29372380497639133
6520,0.6877,3,27,3,539074,66536,80277,27679,0.6163251695135055,0.29378549063312637
6521,0.6878,14,51,14,539125,66485,80291,27665,0.6158527548260403,0.2938396176314392
6522,0.6879,12,44,12,539169,66441,80303,27653,0.6154451813701879,0.29388696409973003
6523,0.688,19,61,19,539230,66380,80322,27634,0.614880136351847,0.2939349458591274
6524,0.6881,26,54,26,539284,66326,80348,27608,0.6143799325651191,0.2939084889390423
6525,0.6882,21,78,21,539362,66248,80369,27587,0.6136574159842899,0.2939947780678851
6526,0.6883,27,100,27,539462,66148,80396,27560,0.6127311126755345,0.29410509241473515
6527,0.6884,10,38,10,539500,66110,80406,27550,0.6123791174182074,0.2941490497544309
6528,0.6885,1,13,1,539513,66097,80407,27549,0.6122586979880692,0.2941823462828097
6529,0.6886,13,64,13,539577,66033,80420,27536,0.6116658638704657,0.29428550053970864
6530,0.6887,16,62,16,539639,65971,80436,27520,0.6110915558190374,0.2943598849087078
6531,0.6888,23,66,23,539705,65905,80459,27497,0.6104801956352588,0.29439412432281964
6532,0.6889,18,59,18,539764,65846,80477,27479,0.6099336766830931,0.2944441467988213
6533,0.689,24,60,24,539824,65786,80501,27455,0.6093778946978399,0.2944520114541886
6534,0.6891,26,77,26,539901,65709,80527,27429,0.6086646411500982,0.2944984861173742
6535,0.6892,16,62,16,539963,65647,80543,27413,0.6080903330986698,0.29457339350956374
6536,0.6893,7,18,7,539981,65629,80550,27406,0.6079235985030939,0.29457730961466116
6537,0.6894,23,71,23,540052,65558,80573,27383,0.6072659231538775,0.29462777460969863
6538,0.6895,8,32,8,540084,65526,80581,27375,0.6069695060950757,0.2946685180999128
6539,0.6896,27,76,27,540160,65450,80608,27348,0.6062655155804216,0.2947046272548977
6540,0.6897,5,21,5,540181,65429,80613,27343,0.606070991885583,0.2947333247100418
6541,0.6898,5,23,5,540204,65406,80618,27338,0.6058579421245692,0.2947683947209523
6542,0.6899,6,32,6,540236,65374,80624,27332,0.6055615250657675,0.2948244989536815
6543,0.69,41,156,41,540392,65218,80665,27291,0.6041164919041091,0.29500913424639763
6544,0.6901,12,41,12,540433,65177,80677,27279,0.6037367075475194,0.29504845548152636
6545,0.6902,8,45,8,540478,65132,80685,27271,0.6033198710585794,0.29513111046178153
6546,0.6903,23,64,23,540542,65068,80708,27248,0.602727036940976,0.2951601022574635
6547,0.6904,7,31,7,540573,65037,80715,27241,0.6024398829152617,0.2952057911961681
6548,0.6905,16,45,16,540618,64992,80731,27225,0.6020230464263219,0.29522756107875986
6549,0.6906,10,34,10,540652,64958,80741,27215,0.6017081033013449,0.2952600002169833
6550,0.6907,25,61,25,540713,64897,80766,27190,0.6011430582830042,0.2952642609706039
6551,0.6908,18,61,18,540774,64836,80784,27172,0.6005780132646634,0.2953221459003565
6552,0.6909,9,41,9,540815,64795,80793,27163,0.6001982289080736,0.2953848496052546
6553,0.691,15,54,15,540869,64741,80808,27148,0.5996980251213457,0.29544341542513247
6554,0.6911,18,31,18,540900,64710,80826,27130,0.5994108710956315,0.29540505226480834
6555,0.6912,14,56,14,540956,64654,80840,27116,0.5988921412427285,0.2954778249972758
6556,0.6913,14,44,14,541000,64610,80854,27102,0.5984845677868761,0.2955120376831821
6557,0.6914,12,40,12,541040,64570,80866,27090,0.598114046463374,0.2955487671830679
6558,0.6915,15,38,15,541078,64532,80881,27075,0.5977620512060469,0.2955560164616241
6559,0.6916,14,30,14,541108,64502,80895,27061,0.5974841602134203,0.29554514378078484
6560,0.6917,61,274,61,541382,64228,80956,27000,0.5949460891474304,0.2959617661244355
6561,0.6918,24,84,24,541466,64144,80980,26976,0.5941679943680759,0.2960491659350307
6562,0.6919,1,9,1,541475,64135,80981,26975,0.5940846270702879,0.29607068378882667
6563,0.692,15,40,15,541515,64095,80996,26960,0.5937141057467857,0.2960847839218055
6564,0.6921,19,82,19,541597,64013,81015,26941,0.5929545370336062,0.29620467489060404
6565,0.6922,37,120,37,541717,63893,81052,26904,0.5918429730630997,0.29630934942784454
6566,0.6923,23,68,23,541785,63825,81075,26881,0.5912130868131461,0.29635305271977597
6567,0.6924,11,79,11,541864,63746,81086,26870,0.5904813071992293,0.29652599982343075
6568,0.6925,18,49,18,541913,63697,81104,26852,0.5900274185779392,0.29654662116644026
6569,0.6926,12,25,12,541938,63672,81116,26840,0.5897958427507503,0.29653526604207175
6570,0.6927,14,54,14,541992,63618,81130,26826,0.5892956389640224,0.2966034231126443
6571,0.6928,15,13,15,542005,63605,81145,26811,0.5891752195338842,0.2965293753317997
6572,0.6929,16,58,16,542063,63547,81161,26795,0.588637963614806,0.296595160611897
6573,0.693,13,38,13,542101,63509,81174,26782,0.5882859683574789,0.2966187106134609
6574,0.6931,27,67,27,542168,63442,81201,26755,0.5876653451406129,0.2966284909697662
6575,0.6932,17,65,17,542233,63377,81218,26738,0.5870632479899218,0.2967097597514287
6576,0.6933,50,108,50,542341,63269,81268,26688,0.586062840416466,0.2966750780928666
6577,0.6934,3,10,3,542351,63259,81271,26685,0.5859702100855905,0.2966846037534466
6578,0.6935,11,28,11,542379,63231,81282,26674,0.585710845159139,0.29669095155998
6579,0.6936,9,21,9,542400,63210,81291,26665,0.5855163214643002,0.2966898470097357
6580,0.6937,19,61,19,542461,63149,81310,26646,0.5849512764459595,0.2967425803218442
6581,0.6938,14,46,14,542507,63103,81324,26632,0.584525176923932,0.29678497799075054
6582,0.6939,7,22,7,542529,63081,81331,26625,0.5843213901960058,0.29680288943883354
6583,0.694,28,67,28,542596,63014,81359,26597,0.5837007669791396,0.29680507973351483
6584,0.6941,24,54,24,542650,62960,81383,26573,0.5832005631924118,0.2967955949203087
6585,0.6942,22,59,22,542709,62901,81405,26551,0.582654044240246,0.29681840540177973
6586,0.6943,19,70,19,542779,62831,81424,26532,0.5820056319241173,0.2969014021463022
6587,0.6944,6,25,6,542804,62806,81430,26526,0.5817740560969283,0.29693726772041373
6588,0.6945,12,38,12,542842,62768,81442,26514,0.5814220608396014,0.29696915391680295
6589,0.6946,34,89,34,542931,62679,81476,26480,0.580597650894809,0.29699749885036847
6590,0.6947,31,84,31,543015,62595,81507,26449,0.5798195561154544,0.2970329275414402
6591,0.6948,34,72,34,543087,62523,81541,26415,0.5791526177331505,0.2970046549281522
6592,0.6949,6,23,6,543110,62500,81547,26409,0.5789395679721367,0.29703404604708183
6593,0.695,29,65,29,543175,62435,81576,26380,0.5783374708214458,0.29702189945392105
6594,0.6951,16,24,16,543199,62411,81592,26364,0.5781151580273445,0.2969754998591946
6595,0.6952,25,51,25,543250,62360,81617,26339,0.5776427433398792,0.29694810539013966
6596,0.6953,9,37,9,543287,62323,81626,26330,0.5773000111156397,0.29700066551611337
6597,0.6954,25,52,25,543339,62271,81651,26305,0.5768183333950869,0.29697660765895956
6598,0.6955,33,80,33,543419,62191,81684,26272,0.5760772907480826,0.29698291941263577
6599,0.6956,1,10,1,543429,62181,81685,26271,0.575984660417207,0.297008547008547
6600,0.6957,28,63,28,543492,62118,81713,26243,0.5754010893326911,0.29699754416541235
6601,0.6958,35,72,35,543564,62046,81748,26208,0.5747341509503872,0.2969610442586172
6602,0.6959,11,33,11,543597,62013,81759,26197,0.5744284708584979,0.29698446888107927
6603,0.696,4,15,4,543612,61998,81763,26193,0.5742895253621846,0.2970030955539681
6604,0.6961,9,28,9,543640,61970,81772,26184,0.5740301604357331,0.29702565964108263
6605,0.6962,24,68,24,543708,61902,81796,26160,0.5734002741857794,0.29706343258159024
6606,0.6963,5,43,5,543751,61859,81801,26155,0.5730019637630146,0.29716863226304907
6607,0.6964,34,76,34,543827,61783,81835,26121,0.5722979732483604,0.29715371314160904
6608,0.6965,7,16,7,543843,61767,81842,26114,0.5721497647189596,0.2971518303159955
6609,0.6966,6,20,6,543863,61747,81848,26108,0.5719645040572084,0.29717147572705027
6610,0.6967,51,130,51,543993,61617,81899,26057,0.5707603097558265,0.29720327577160843
6611,0.6968,10,62,10,544055,61555,81909,26047,0.570186001704398,0.297333394214744
6612,0.6969,7,23,7,544078,61532,81916,26040,0.5699729519433844,0.2973553190517517
6613,0.697,11,30,11,544108,61502,81927,26029,0.5696950609507577,0.2973689321497527
6614,0.6971,27,112,27,544220,61390,81954,26002,0.5686576012449517,0.2975329549615525
6615,0.6972,27,101,27,544321,61289,81981,25975,0.5677220349031087,0.2976599743307664
6616,0.6973,19,41,19,544362,61248,82000,25956,0.567342250546519,0.29764689693133345
6617,0.6974,23,86,23,544448,61162,82023,25933,0.5665456297009893,0.29775532464550203
6618,0.6975,14,53,14,544501,61109,82037,25919,0.5660546889473489,0.29782368892770145
6619,0.6976,11,29,11,544530,61080,82048,25908,0.5657860609878098,0.2978341840253828
6620,0.6977,26,69,26,544599,61011,82074,25882,0.5651469117047686,0.2978605871589196
6621,0.6978,9,41,9,544640,60970,82083,25873,0.5647671273481789,0.29792844558571213
6622,0.6979,11,26,11,544666,60944,82094,25862,0.5645262884879024,0.2979287146049812
6623,0.698,2,29,2,544695,60915,82096,25860,0.5642576605283635,0.29801210025929126
6624,0.6981,31,73,31,544768,60842,82127,25829,0.563581459112972,0.2980120224757993
6625,0.6982,10,37,10,544805,60805,82137,25819,0.5632387268887324,0.2980582748429996
6626,0.6983,21,68,21,544873,60737,82158,25798,0.5626088406387788,0.2981221471081065
6627,0.6984,28,55,28,544928,60682,82186,25770,0.5620993738189632,0.2980844861888678
6628,0.6985,14,35,14,544963,60647,82200,25756,0.5617751676608989,0.29809150145249586
6629,0.6986,7,54,7,545017,60593,82207,25749,0.561274963874171,0.2982210280049107
6630,0.6987,17,44,17,545061,60549,82224,25732,0.5608673904183186,0.29823483733382783
6631,0.6988,38,71,38,545132,60478,82262,25694,0.5602097150691022,0.29817109966114286
6632,0.6989,13,39,13,545171,60439,82275,25681,0.5598484567786877,0.2982001857872736
6633,0.699,19,64,19,545235,60375,82294,25662,0.5592556226610842,0.2982670246521845
6634,0.6991,26,42,26,545277,60333,82320,25636,0.5588665752714068,0.2982005141388175
6635,0.6992,22,67,22,545344,60266,82342,25614,0.5582459520545408,0.298253376804844
6636,0.6993,4,13,4,545357,60253,82346,25610,0.5581255326244026,0.2982658420972945
6637,0.6994,19,40,19,545397,60213,82365,25591,0.5577550113009003,0.2982494988578621
6638,0.6995,11,21,11,545418,60192,82376,25580,0.5575604876060617,0.29823252343422096
6639,0.6996,24,52,24,545470,60140,82400,25556,0.557078809885509,0.29821695294996264
6640,0.6997,17,25,17,545495,60115,82417,25539,0.55684723405832,0.29816470917878907
6641,0.6998,33,83,33,545578,60032,82450,25506,0.5560784023120531,0.2981832635787603
6642,0.6999,22,44,22,545622,59988,82472,25484,0.5556708288562007,0.2981561213028828
6643,0.7,351,929,351,546551,59059,82823,25133,0.5470654711178629,0.2985200494108704
6644,0.7001,32,102,32,546653,58957,82855,25101,0.5461206417429323,0.29861524185681315
6645,0.7002,25,80,25,546733,58877,82880,25076,0.5453795990959279,0.2986909342131907
6646,0.7003,16,42,16,546775,58835,82896,25060,0.5449905517062507,0.29870671672924487
6647,0.7004,1,18,1,546793,58817,82897,25059,0.5448238171106747,0.2987624588678525
6648,0.7005,12,55,12,546848,58762,82909,25047,0.5443143502908593,0.2988581178632366
6649,0.7006,16,61,16,546909,58701,82925,25031,0.5437493052725184,0.2989418621315626
6650,0.7007,17,61,17,546970,58640,82942,25014,0.5431842602541777,0.29901738111746
6651,0.7008,6,29,6,546999,58611,82948,25008,0.5429156322946386,0.29907078534782766
6652,0.7009,17,58,17,547057,58553,82965,24991,0.5423783763755604,0.2991357847361869
6653,0.701,13,30,13,547087,58523,82978,24978,0.5421004853829338,0.2991341421060826
6654,0.7011,16,53,16,547140,58470,82994,24962,0.5416095446292934,0.2991897593249592
6655,0.7012,20,64,20,547204,58406,83014,24942,0.54101671051169,0.29925133176560925
6656,0.7013,12,55,12,547259,58351,83026,24930,0.5405072436918744,0.2993479905380579
6657,0.7014,24,53,24,547312,58298,83050,24906,0.5400163029382341,0.29933657035719435
6658,0.7015,3,22,3,547334,58276,83053,24903,0.5398125162103079,0.29939047115257456
6659,0.7016,12,28,12,547362,58248,83065,24891,0.5395531512838564,0.2993901778948508
6660,0.7017,32,86,32,547448,58162,83097,24859,0.5387565304383267,0.29943026463184014
6661,0.7018,21,86,21,547534,58076,83118,24838,0.537959909592797,0.299563403044118
6662,0.7019,10,37,10,547571,58039,83128,24828,0.5376171773685575,0.2996126322902965
6663,0.702,3,24,3,547595,58015,83131,24825,0.5373948645744563,0.2996740704973443
6664,0.7021,33,87,33,547682,57928,83164,24792,0.536588980695839,0.29970986460348165
6665,0.7022,4,25,4,547707,57903,83168,24788,0.5363574048686502,0.29976660096020125
6666,0.7023,30,102,30,547809,57801,83198,24758,0.5354125754937197,0.29988250826681523
6667,0.7024,21,57,21,547866,57744,83219,24737,0.5348845826077291,0.29991149476849216
6668,0.7025,5,21,5,547887,57723,83224,24732,0.5346900589128905,0.2999454247771512
6669,0.7026,14,41,14,547928,57682,83238,24718,0.5343102745563008,0.2999757281553398
6670,0.7027,9,45,9,547973,57637,83247,24709,0.5338934380673608,0.3000631481796323
6671,0.7028,14,32,14,548005,57605,83261,24695,0.533597021008559,0.3000607533414338
6672,0.7029,27,81,27,548086,57524,83288,24668,0.5328467153284672,0.300126532995912
6673,0.703,14,53,14,548139,57471,83302,24654,0.5323557745748267,0.30020091324200915
6674,0.7031,39,135,39,548274,57336,83341,24615,0.5311052651080069,0.3003624116850313
6675,0.7032,17,48,17,548322,57288,83358,24598,0.5306606395198044,0.30039322961189946
6676,0.7033,18,66,18,548388,57222,83376,24580,0.5300492793360257,0.30048165081538347
6677,0.7034,17,40,17,548428,57182,83393,24563,0.5296787580125236,0.3004832099822619
6678,0.7035,12,34,12,548462,57148,83405,24551,0.5293638148875468,0.30050551414337995
6679,0.7036,24,55,24,548517,57093,83429,24527,0.5288543480677314,0.30050232786081843
6680,0.7037,7,28,7,548545,57065,83436,24520,0.5285949831412797,0.30054544340258627
6681,0.7038,11,24,11,548569,57041,83447,24509,0.5283726703471785,0.30053954629061924
6682,0.7039,20,56,20,548625,56985,83467,24489,0.5278539404942755,0.30057441637823107
6683,0.704,15,43,15,548668,56942,83482,24474,0.5274556300715106,0.3006043038223445
6684,0.7041,13,45,13,548713,56897,83495,24461,0.5270387935825707,0.3006588165884117
6685,0.7042,25,93,25,548806,56804,83520,24436,0.5261773315054281,0.30078778926637123
6686,0.7043,23,56,23,548862,56748,83543,24413,0.5256586016525251,0.3007971809120144
6687,0.7044,25,64,25,548926,56684,83568,24388,0.5250657675349216,0.30081902506414054
6688,0.7045,10,42,10,548968,56642,83578,24378,0.5246767201452444,0.3008886694643298
6689,0.7046,8,50,8,549018,56592,83586,24370,0.5242135684908666,0.3010054099454065
6690,0.7047,12,28,12,549046,56564,83598,24358,0.5239542035644151,0.3010059069227157
6691,0.7048,20,70,20,549116,56494,83618,24338,0.5233057912482864,0.3010936262866192
6692,0.7049,9,42,9,549158,56452,83627,24329,0.5229167438586091,0.3011723053688367
6693,0.705,49,133,49,549291,56319,83676,24280,0.5216847604579643,0.301244432313056
6694,0.7051,6,20,6,549311,56299,83682,24274,0.5214994997962132,0.30126717386717633
6695,0.7052,36,84,36,549395,56215,83718,24238,0.5207214050168587,0.3012690639255217
6696,0.7053,29,61,29,549456,56154,83747,24209,0.520156359998518,0.3012455980986275
6697,0.7054,6,29,6,549485,56125,83753,24203,0.5198877320389789,0.30130216113932873
6698,0.7055,6,17,6,549502,56108,83759,24197,0.5197302604764904,0.301313741361061
6699,0.7056,13,29,13,549531,56079,83772,24184,0.5194616325169513,0.30130944519890857
6700,0.7057,3,13,3,549544,56066,83775,24181,0.5193412130868131,0.30133213702692935
6701,0.7058,10,66,10,549610,56000,83785,24171,0.5187298529030345,0.3014930585872697
6702,0.7059,15,29,15,549639,55971,83800,24156,0.5184612249434954,0.3014714141300685
6703,0.706,5,41,5,549680,55930,83805,24151,0.5180814405869058,0.301582148075074
6704,0.7061,6,17,6,549697,55913,83811,24145,0.5179239690244174,0.3015938444627645
6705,0.7062,19,56,19,549753,55857,83830,24126,0.5174052391715144,0.30163909830839053
6706,0.7063,14,54,14,549807,55803,83844,24112,0.5169050353847864,0.3017205781142464
6707,0.7064,14,42,14,549849,55761,83858,24098,0.5165159879951091,0.30175684644185374
6708,0.7065,7,32,7,549881,55729,83865,24091,0.5162195709363074,0.3018165873214733
6709,0.7066,12,32,12,549913,55697,83877,24079,0.5159231538775056,0.30183263136782995
6710,0.7067,50,125,50,550038,55572,83927,24029,0.5147652747415614,0.30186806698408314
6711,0.7068,17,50,17,550088,55522,83944,24012,0.5143021230871837,0.3019086176980914
6712,0.7069,14,47,14,550135,55475,83958,23998,0.5138667605320686,0.3019641890956677
6713,0.707,15,47,15,550182,55428,83973,23983,0.5134313979769536,0.3020110564027654
6714,0.7071,19,42,19,550224,55386,83992,23964,0.5130423505872763,0.3020037807183365
6715,0.7072,17,44,17,550268,55342,84009,23947,0.5126347771314239,0.30202171801889294
6716,0.7073,8,22,8,550290,55320,84017,23939,0.5124309904034977,0.30203510011481344
6717,0.7074,26,48,26,550338,55272,84043,23913,0.5119863648152951,0.30198901307065734
6718,0.7075,20,79,20,550417,55193,84063,23893,0.5112545852013783,0.3021141542118706
6719,0.7076,11,21,11,550438,55172,84074,23882,0.5110600615065397,0.3020973005793508
6720,0.7077,31,80,31,550518,55092,84105,23851,0.5103190188595353,0.30212938449260857
6721,0.7078,22,63,22,550581,55029,84127,23829,0.5097354477750194,0.30217606330365976
6722,0.7079,11,42,11,550623,54987,84138,23818,0.5093464003853422,0.3022397056024364
6723,0.708,5,17,5,550640,54970,84143,23813,0.5091889288228537,0.30226063998578373
6724,0.7081,17,41,17,550681,54929,84160,23796,0.508809144466264,0.3022673864718958
6725,0.7082,18,27,18,550708,54902,84178,23778,0.5085590425729001,0.3022114895780376
6726,0.7083,87,264,87,550972,54638,84265,23691,0.5061136018377858,0.3024550294271598
6727,0.7084,8,20,8,550992,54618,84273,23683,0.5059283411760347,0.3024610158235527
6728,0.7085,31,84,31,551076,54534,84304,23652,0.5051502463966802,0.3025094006599647
6729,0.7086,19,50,19,551126,54484,84323,23633,0.5046870947423024,0.3025333794180524
6730,0.7087,11,43,11,551169,54441,84334,23622,0.5042887843195376,0.30260174474462936
6731,0.7088,12,39,12,551208,54402,84346,23610,0.5039275260291229,0.30264574680818335
6732,0.7089,7,25,7,551233,54377,84353,23603,0.5036959502019341,0.30268017440369327
6733,0.709,31,64,31,551297,54313,84384,23572,0.5031031160843307,0.30265134493163
6734,0.7091,7,22,7,551319,54291,84391,23565,0.5028993293564045,0.3026741676942047
6735,0.7092,12,35,12,551354,54256,84403,23553,0.5025751231983401,0.3027027721728849
6736,0.7093,14,14,14,551368,54242,84417,23539,0.5024454407351143,0.30263174811329246
6737,0.7094,10,23,10,551391,54219,84427,23529,0.5022323909741006,0.3026315789473684
6738,0.7095,16,66,16,551457,54153,84443,23513,0.5016210307903219,0.302745087940669
6739,0.7096,7,48,7,551505,54105,84450,23506,0.5011764052021194,0.30286943861050625
6740,0.7097,37,71,37,551576,54034,84487,23469,0.500518729852903,0.3028140846160794
6741,0.7098,30,69,30,551645,53965,84517,23439,0.4998795805698618,0.30281380807193425
6742,0.7099,11,33,11,551678,53932,84528,23428,0.4995739004779725,0.3028438469493278
6743,0.71,48,137,48,551815,53795,84576,23380,0.4983048649449776,0.3029478458049887
6744,0.7101,14,26,14,551841,53769,84590,23366,0.4980640260847012,0.30292344590652753
6745,0.7102,12,49,12,551890,53720,84602,23354,0.49761013746341104,0.3030074992864001
6746,0.7103,13,42,13,551932,53678,84615,23341,0.4972210900737337,0.3030550903023929
6747,0.7104,9,25,9,551957,53653,84624,23332,0.49698951424654486,0.3030720270182503
6748,0.7105,17,61,17,552018,53592,84641,23315,0.4964244692282041,0.3031583600972603
6749,0.7106,15,65,15,552083,53527,84656,23300,0.49582237207751306,0.30327879521522383
6750,0.7107,16,57,16,552140,53470,84672,23284,0.49529437919152247,0.30335878260416393
6751,0.7108,20,62,20,552202,53408,84692,23264,0.4947200711400941,0.30342237061769617
6752,0.7109,12,28,12,552230,53380,84704,23252,0.4944607062136426,0.3034241570101263
6753,0.711,22,32,22,552262,53348,84726,23230,0.49416428915484084,0.30335083183159656
6754,0.7111,6,35,6,552297,53313,84732,23224,0.49384008299677645,0.3034349399636777
6755,0.7112,9,42,9,552339,53271,84741,23215,0.4934510356070992,0.3035195983578694
6756,0.7113,22,53,22,552392,53218,84763,23193,0.4929600948534588,0.3035295965240607
6757,0.7114,21,42,21,552434,53176,84784,23172,0.49257104746378155,0.3035050034054592
6758,0.7115,10,59,10,552493,53117,84794,23162,0.4920245285116158,0.3036484484589468
6759,0.7116,6,25,6,552518,53092,84800,23156,0.49179295268442696,0.30369321162522295
6760,0.7117,19,64,19,552582,53028,84819,23137,0.4912001185668235,0.30377469966520054
6761,0.7118,4,16,4,552598,53012,84823,23133,0.49105191003742266,0.3038019567929608
6762,0.7119,9,22,9,552620,52990,84832,23124,0.49084812330949645,0.3038074467246499
6763,0.712,10,20,10,552640,52970,84842,23114,0.4906628626477454,0.3037958046369802
6764,0.7121,23,75,23,552715,52895,84865,23091,0.4899681351661788,0.30388492617061036
6765,0.7122,18,45,18,552760,52850,84883,23073,0.4895512986772389,0.3039000039513718
6766,0.7123,20,59,20,552819,52791,84903,23053,0.48900477972507317,0.30395285058804916
6767,0.7124,10,29,10,552848,52762,84913,23043,0.4887361517655341,0.3039773102038124
6768,0.7125,34,92,34,552940,52670,84947,23009,0.4878839527214791,0.30403414421437913
6769,0.7126,3,22,3,552962,52648,84950,23006,0.4876801659935529,0.3040949586274354
6770,0.7127,4,23,4,552985,52625,84954,23002,0.4874671162325392,0.30415063403281895
6771,0.7128,14,26,14,553011,52599,84968,22988,0.48722627737226276,0.3041263709368013
6772,0.7129,5,22,5,553033,52577,84973,22983,0.48702249064433656,0.30416887241926943
6773,0.713,18,35,18,553068,52542,84991,22965,0.48669828448627217,0.30414398665024434
6774,0.7131,18,45,18,553113,52497,85009,22947,0.48628144799733225,0.30415937649117225
6775,0.7132,12,53,12,553166,52444,85021,22935,0.4857905072436919,0.3042624603669457
6776,0.7133,41,151,41,553317,52293,85062,22894,0.48439178924747117,0.30449412797425085
6777,0.7134,6,25,6,553342,52268,85068,22888,0.4841602134202823,0.3045398903613817
6778,0.7135,7,20,7,553362,52248,85075,22881,0.48397495275853125,0.3045561633989538
6779,0.7136,7,25,7,553387,52223,85082,22874,0.4837433769313424,0.3045927267400828
6780,0.7137,16,48,16,553435,52175,85098,22858,0.4832987513431398,0.3046392920448336
6781,0.7138,12,32,12,553467,52143,85110,22846,0.4830023342843381,0.304658016509088
6782,0.7139,23,61,23,553528,52082,85133,22823,0.48243728926599727,0.3046926106401442
6783,0.714,10,43,10,553571,52039,85143,22813,0.48203897884323244,0.3047747555175546
6784,0.7141,11,34,11,553605,52005,85154,22802,0.48172403571825556,0.3048110470945232
6785,0.7142,9,27,9,553632,51978,85163,22793,0.4814739338248916,0.304837436974228
6786,0.7143,18,65,18,553697,51913,85181,22775,0.4808718366742006,0.3049351970865467
6787,0.7144,20,67,20,553764,51846,85201,22755,0.48025121345733446,0.3050227208750553
6788,0.7145,15,30,15,553794,51816,85216,22740,0.47997332246470786,0.3050056333494286
6789,0.7146,1,9,1,553803,51807,85217,22739,0.47988995516691985,0.30503313390389825
6790,0.7147,11,34,11,553837,51773,85228,22728,0.479575012041943,0.30506973060764286
6791,0.7148,8,46,8,553883,51727,85236,22720,0.47914891251991554,0.30518355340040565
6792,0.7149,7,26,7,553909,51701,85243,22713,0.4789080736596391,0.3052248232859408
6793,0.715,38,125,38,554034,51576,85281,22675,0.4777501945236948,0.3053830924836029
6794,0.7151,18,56,18,554090,51520,85299,22657,0.4772314646707918,0.3054450840557046
6795,0.7152,6,24,6,554114,51496,85305,22651,0.4770091518766905,0.30548774731277056
6796,0.7153,16,39,16,554153,51457,85321,22635,0.4766478935862759,0.3054985693462182
6797,0.7154,2,30,2,554183,51427,85323,22633,0.47637000259364926,0.30560356467728866
6798,0.7155,26,50,26,554233,51377,85349,22607,0.47590685093927154,0.3055660683391003
6799,0.7156,22,60,22,554293,51317,85371,22585,0.4753510689540183,0.30560742605071584
6800,0.7157,7,37,7,554330,51280,85378,22578,0.4750083367297788,0.3056947114733678
6801,0.7158,8,22,8,554352,51258,85386,22570,0.4748045500018526,0.3057105705152517
6802,0.7159,11,27,11,554379,51231,85397,22559,0.4745544481084886,0.3057189321046212
6803,0.716,16,40,16,554419,51191,85413,22543,0.4741839267849865,0.30573412536957173
6804,0.7161,5,36,5,554455,51155,85418,22538,0.47385045759383454,0.305836375232383
6805,0.7162,24,55,24,554510,51100,85442,22514,0.47334099077401903,0.3058385633167604
6806,0.7163,11,32,11,554542,51068,85453,22503,0.4730445737152173,0.3058678011716573
6807,0.7164,7,33,7,554575,51035,85460,22496,0.47273889362332805,0.3059389917177789
6808,0.7165,16,45,16,554620,50990,85476,22480,0.4723220571343881,0.30597522798421123
6809,0.7166,2,19,2,554639,50971,85478,22478,0.4721460595057246,0.3060354804013669
6810,0.7167,162,457,162,555096,50514,85640,22316,0.4679128533847123,0.3064121927777015
6811,0.7168,25,61,25,555157,50453,85665,22291,0.46734780836637146,0.3064307709226878
6812,0.7169,19,55,19,555212,50398,85684,22272,0.466838341546556,0.3064813540663272
6813,0.717,19,49,19,555261,50349,85703,22253,0.46638445292526587,0.3065067078041927
6814,0.7171,16,49,16,555310,50300,85719,22237,0.46593056430397567,0.30656078966596356
6815,0.7172,20,47,20,555357,50253,85739,22217,0.46549520174886067,0.30656823513177867
6816,0.7173,15,58,15,555415,50195,85754,22202,0.4649579458297825,0.30667016589085183
6817,0.7174,19,61,19,555476,50134,85773,22183,0.4643929008114417,0.3067466847352628
6818,0.7175,28,67,28,555543,50067,85801,22155,0.46377227759457557,0.30676248234609954
6819,0.7176,6,15,6,555558,50052,85807,22149,0.46363333209826224,0.30676860431295966
6820,0.7177,20,65,20,555623,49987,85827,22129,0.46303123494757126,0.3068528481890288
6821,0.7178,9,34,9,555657,49953,85836,22120,0.4627162918225944,0.3069110485202503
6822,0.7179,7,16,7,555673,49937,85843,22113,0.46256808329319354,0.306911866759195
6823,0.718,13,22,13,555695,49915,85856,22100,0.46236429656526734,0.3068805110046518
6824,0.7181,17,59,17,555754,49856,85873,22083,0.4618177776131016,0.3069684037865414
6825,0.7182,2,8,2,555762,49848,85875,22081,0.4617436733484012,0.30698327517413004
6826,0.7183,17,66,17,555828,49782,85892,22064,0.4611323131646226,0.30710130000278374
6827,0.7184,11,26,11,555854,49756,85903,22053,0.46089147430434624,0.30710635157153005
6828,0.7185,8,44,8,555898,49712,85911,22045,0.46048390084849383,0.30721741432891564
6829,0.7186,7,11,7,555909,49701,85918,22038,0.46038200748453073,0.30719692217622213
6830,0.7187,13,40,13,555949,49661,85931,22025,0.46001148616102855,0.30724269731886283
6831,0.7188,21,49,21,555998,49612,85952,22004,0.4595575975397384,0.3072497765862377
6832,0.7189,11,36,11,556034,49576,85963,21993,0.45922412834858645,0.3072978524221381
6833,0.719,15,48,15,556082,49528,85978,21978,0.4587795027603839,0.3073588230358292
6834,0.7191,23,60,23,556142,49468,86001,21955,0.4582237207751306,0.307393976730185
6835,0.7192,13,39,13,556181,49429,86014,21942,0.457862462484716,0.307435793249359
6836,0.7193,11,51,11,556232,49378,86025,21931,0.45739004779725073,0.30754883675272404
6837,0.7194,15,52,15,556284,49326,86040,21916,0.45690837007669793,0.3076275230903119
6838,0.7195,18,43,18,556327,49283,86058,21898,0.4565100596539331,0.30763827425858026
6839,0.7196,2,14,2,556341,49269,86060,21896,0.45638037719070734,0.30767933675261716
6840,0.7197,25,58,25,556399,49211,86085,21871,0.4558431212716292,0.30768689682338707
6841,0.7198,10,28,10,556427,49183,86095,21861,0.45558375634517767,0.30771071448679693
6842,0.7199,37,70,37,556497,49113,86132,21824,0.4549353440290489,0.30765326980278274
6843,0.72,21,89,21,556586,49024,86153,21803,0.45411093408425657,0.30783458285682014
6844,0.7201,17,34,17,556620,48990,86170,21786,0.4537959909592797,0.30781620888436756
6845,0.7202,23,53,23,556673,48937,86193,21763,0.4533050502056393,0.3078217821782178
6846,0.7203,17,29,17,556702,48908,86210,21746,0.45303642224610025,0.3077815834913805
6847,0.7204,12,45,12,556747,48863,86222,21734,0.4526195857571603,0.3078601073700016
6848,0.7205,3,13,3,556760,48850,86225,21731,0.45249916632702214,0.3078873917909919
6849,0.7206,14,50,14,556810,48800,86239,21717,0.4520360146726444,0.30796829133400455
6850,0.7207,15,51,15,556861,48749,86254,21702,0.45156359998517914,0.30804388866020355
6851,0.7208,27,56,27,556917,48693,86281,21675,0.4510448701322761,0.3080235334242838
6852,0.7209,17,48,17,556965,48645,86298,21658,0.4506002445440735,0.3080665120976345
6853,0.721,10,27,10,556992,48618,86308,21648,0.45035014265070955,0.3080864144821108
6854,0.7211,26,41,26,557033,48577,86334,21622,0.44997035829411985,0.3080100856137552
6855,0.7212,6,38,6,557071,48539,86340,21616,0.44961836303679276,0.30811773929156866
6856,0.7213,18,53,18,557124,48486,86358,21598,0.4491274222831524,0.30817304948347696
6857,0.7214,3,36,3,557160,48450,86361,21595,0.44879395309200043,0.3083018059818688
6858,0.7215,14,24,14,557184,48426,86375,21581,0.44857164029789914,0.30826917308269175
6859,0.7216,8,13,8,557197,48413,86383,21573,0.44845122086776096,0.30824736375846595
6860,0.7217,29,80,29,557277,48333,86412,21544,0.4477101782207566,0.30831317887144555
6861,0.7218,2,14,2,557291,48319,86414,21542,0.44758049575753084,0.30835516239389643
6862,0.7219,11,43,11,557334,48276,86425,21531,0.447182185334766,0.30843611672181875
6863,0.722,12,30,12,557364,48246,86437,21519,0.4469042943421394,0.308449795742851
6864,0.7221,11,56,11,557420,48190,86448,21508,0.44638556448923633,0.30858848173548736
6865,0.7222,34,75,34,557495,48115,86482,21474,0.4456908370076698,0.30858325310034634
6866,0.7223,11,26,11,557521,48089,86493,21463,0.4454499981473934,0.30858925695882217
6867,0.7224,43,108,43,557629,47981,86536,21420,0.4444495905739375,0.30864108586331607
6868,0.7225,16,44,16,557673,47937,86552,21404,0.44404201711808516,0.3086774058637747
6869,0.7226,16,40,16,557713,47897,86568,21388,0.443671495794583,0.3086959659377932
6870,0.7227,5,20,5,557733,47877,86573,21383,0.4434862351328319,0.3087352006930407
6871,0.7228,16,26,16,557759,47851,86589,21367,0.4432453962725555,0.308691380854691
6872,0.7229,15,44,15,557803,47807,86604,21352,0.4428378228167031,0.30873783600109894
6873,0.723,5,23,5,557826,47784,86609,21347,0.44262477305568937,0.3087905570583385
6874,0.7231,14,55,14,557881,47729,86623,21333,0.44211530623587386,0.30889635400075294
6875,0.7232,7,17,7,557898,47712,86630,21326,0.44195783467338545,0.30890234363683766
6876,0.7233,35,96,35,557994,47616,86665,21291,0.44106858349698025,0.3089816709477992
6877,0.7234,3,36,3,558030,47580,86668,21288,0.4407351143058283,0.3091130859034675
6878,0.7235,36,117,36,558147,47463,86704,21252,0.43965133943458445,0.3092774503383541
6879,0.7236,8,34,8,558181,47429,86712,21244,0.43933639630960764,0.3093501084851397
6880,0.7237,18,50,18,558231,47379,86730,21226,0.4388732446552299,0.30939435901173384
6881,0.7238,4,30,4,558261,47349,86734,21222,0.43859535366260327,0.3094894343089644
6882,0.7239,21,43,21,558304,47306,86755,21201,0.43819704323983844,0.30947202475659424
6883,0.724,16,29,16,558333,47277,86771,21185,0.43792841528029935,0.309441734100669
6884,0.7241,12,48,12,558381,47229,86783,21173,0.4374837896920968,0.30953773281483
6885,0.7242,5,31,5,558412,47198,86788,21168,0.4371966356663826,0.30962759266301965
6886,0.7243,10,42,10,558454,47156,86798,21158,0.43680758827670535,0.3097168955119009
6887,0.7244,15,39,15,558493,47117,86813,21143,0.43644632998629074,0.30974216232053914
6888,0.7245,9,49,9,558542,47068,86822,21134,0.43599244136500054,0.30987361074455294
6889,0.7246,10,27,10,558569,47041,86832,21124,0.4357423394716366,0.3098951074598401
6890,0.7247,3,7,3,558576,47034,86835,21121,0.4356774982400237,0.30989655931332993
6891,0.7248,14,41,14,558617,46993,86849,21107,0.43529771388343397,0.30994126284875184
6892,0.7249,9,34,9,558651,46959,86858,21098,0.43498277075845715,0.3100048488766769
6893,0.725,107,324,107,558975,46635,86965,20991,0.4319815480380896,0.3103983674917931
6894,0.7251,15,46,15,559021,46589,86980,20976,0.4315554485160621,0.3104565973506993
6895,0.7252,5,11,5,559032,46578,86985,20971,0.431453555152099,0.3104561133399458
6896,0.7253,12,25,12,559057,46553,86997,20959,0.43122197932491013,0.31044851285697356
6897,0.7254,16,49,16,559106,46504,87013,20943,0.43076809070362,0.3105104748913962
6898,0.7255,17,46,17,559152,46458,87030,20926,0.4303419911815925,0.31054849815980057
6899,0.7256,16,52,16,559204,46406,87046,20910,0.4298603134610397,0.31062451720244816
6900,0.7257,15,33,15,559237,46373,87061,20895,0.4295546333691504,0.3106231789260867
6901,0.7258,15,53,15,559290,46320,87076,20880,0.42906369261551003,0.3107142857142857
6902,0.7259,19,53,19,559343,46267,87095,20861,0.42857275186186966,0.3107645095936122
6903,0.726,5,24,5,559367,46243,87100,20856,0.4283504390677684,0.3108243043860564
6904,0.7261,19,42,19,559409,46201,87119,20837,0.42796139167809105,0.3108237119245801
6905,0.7262,17,25,17,559434,46176,87136,20820,0.4277298158509022,0.3107648217804048
6906,0.7263,7,16,7,559450,46160,87143,20813,0.42758160732150136,0.31076702551774593
6907,0.7264,11,23,11,559473,46137,87154,20802,0.4273685575604876,0.3107605431811052
6908,0.7265,5,22,5,559495,46115,87159,20797,0.42716477083256144,0.31081121472979434
6909,0.7266,3,23,3,559518,46092,87162,20794,0.42695172107154766,0.31088718117393777
6910,0.7267,35,104,35,559622,45988,87197,20759,0.425988365630442,0.31101023266963307
6911,0.7268,2,12,2,559634,45976,87199,20757,0.4258772092333914,0.31104550971783074
6912,0.7269,5,10,5,559644,45966,87204,20752,0.42578457890251586,0.3110404988159117
6913,0.727,13,66,13,559710,45900,87217,20739,0.42517321871873726,0.31121415387385765
6914,0.7271,22,35,22,559745,45865,87239,20717,0.42484901256067287,0.3111501607040942
6915,0.7272,21,34,21,559779,45831,87260,20696,0.42453406943569605,0.3110917371894118
6916,0.7273,46,86,46,559865,45745,87306,20650,0.4237374485901664,0.3110173958882446
6917,0.7274,17,39,17,559904,45706,87323,20633,0.42337619029975176,0.3110236813940518
6918,0.7275,3,42,3,559946,45664,87326,20630,0.4229871429100745,0.31118954958216427
6919,0.7276,17,49,17,559995,45615,87343,20613,0.4225332542887843,0.31124297880050733
6920,0.7277,16,42,16,560037,45573,87359,20597,0.42214420689910703,0.3112739912346985
6921,0.7278,7,27,7,560064,45546,87366,20590,0.4218941050057431,0.3113281722511189
6922,0.7279,24,70,24,560134,45476,87390,20566,0.4212456926896143,0.31140789194754853
6923,0.728,4,10,4,560144,45466,87394,20562,0.42115306235873873,0.3114133397952384
6924,0.7281,13,36,13,560180,45430,87407,20549,0.42081959316758677,0.3114475818063323
6925,0.7282,14,32,14,560212,45398,87421,20535,0.42052317610878504,0.31145253514931825
6926,0.7283,30,86,30,560298,45312,87451,20505,0.4197265552632554,0.31154564930033274
6927,0.7284,24,55,24,560353,45257,87475,20481,0.4192170884434399,0.3115549606011744
6928,0.7285,7,36,7,560389,45221,87482,20474,0.41888361925228795,0.31165233274982873
6929,0.7286,11,27,11,560416,45194,87493,20463,0.418633517358924,0.3116651689842667
6930,0.7287,11,39,11,560455,45155,87504,20452,0.4182722590685094,0.31173502827442195
6931,0.7288,32,60,32,560515,45095,87536,20420,0.41771647708325615,0.3116843470960849
6932,0.7289,18,32,18,560547,45063,87554,20402,0.4174200600244544,0.31164744519972504
6933,0.729,21,54,21,560601,45009,87575,20381,0.4169198562377265,0.311683743691696
6934,0.7291,5,9,5,560610,45000,87580,20376,0.4168364889399385,0.31167400881057267
6935,0.7292,14,60,14,560670,44940,87594,20362,0.4162807069546852,0.3118128081835166
6936,0.7293,11,28,11,560698,44912,87605,20351,0.4160213420282337,0.3118305931385318
6937,0.7294,30,41,30,560739,44871,87635,20321,0.415641557671644,0.31171002577003315
6938,0.7295,4,7,4,560746,44864,87639,20317,0.41557671644003114,0.3117012626378853
6939,0.7296,4,30,4,560776,44834,87643,20313,0.4152988254474045,0.31180253887362425
6940,0.7297,7,13,7,560789,44821,87650,20306,0.4151784060172663,0.3117908087275631
6941,0.7298,28,52,28,560841,44769,87678,20278,0.4146967282967135,0.31174381600996204
6942,0.7299,20,60,20,560901,44709,87698,20258,0.4141409463114602,0.31181984699924575
6943,0.73,52,150,52,561051,44559,87750,20206,0.4127514913483271,0.31198950050181423
6944,0.7301,3,14,3,561065,44545,87753,20203,0.41262180888510136,0.31202508185581024
6945,0.7302,12,9,12,561074,44536,87765,20191,0.41253844158731334,0.31194092109938665
6946,0.7303,5,32,5,561106,44504,87770,20186,0.4122420245285116,0.3120420466841861
6947,0.7304,17,30,17,561136,44474,87787,20169,0.411964133535885,0.31200594031836393
6948,0.7305,10,17,10,561153,44457,87797,20159,0.41180666197339655,0.31198155255664234
6949,0.7306,4,13,4,561166,44444,87801,20155,0.41168624254325836,0.31200173377296864
6950,0.7307,26,67,26,561233,44377,87827,20129,0.41106561932639224,0.31204849161318327
6951,0.7308,11,41,11,561274,44336,87838,20118,0.4106858349698025,0.3121295807862972
6952,0.7309,5,29,5,561303,44307,87843,20113,0.41041720701026346,0.3122167028873021
6953,0.731,15,29,15,561332,44278,87858,20098,0.4101485790507244,0.3121970920840065
6954,0.7311,29,78,29,561410,44200,87887,20069,0.40942606246989516,0.3122656335091568
6955,0.7312,22,36,22,561446,44164,87909,20047,0.4090925932787432,0.31220507389699587
6956,0.7313,18,26,18,561472,44138,87927,20029,0.4088517544184668,0.3121386382408403
6957,0.7314,8,36,8,561508,44102,87935,20021,0.4085182852273148,0.31222806169393197
6958,0.7315,10,28,10,561536,44074,87945,20011,0.4082589203008633,0.31225715846141844
6959,0.7316,10,44,10,561580,44030,87955,20001,0.40785134684501095,0.3123643235307898
6960,0.7317,30,68,30,561648,43962,87985,19971,0.40722146059505726,0.31237389141757776
6961,0.7318,10,21,10,561669,43941,87995,19961,0.4070269369002186,0.31236893993928205
6962,0.7319,34,44,34,561713,43897,88029,19927,0.4066193634443662,0.31221797442968163
6963,0.732,2,1,2,561714,43896,88031,19925,0.40661010041127865,0.31220131304742954
6964,0.7321,20,49,20,561763,43847,88051,19905,0.4061562117899885,0.31222549880788053
6965,0.7322,7,12,7,561775,43835,88058,19898,0.40604505539293784,0.31220874586164155
6966,0.7323,24,33,24,561808,43802,88082,19874,0.4057393753010486,0.3121113135247189
6967,0.7324,4,28,4,561836,43774,88086,19870,0.4054800103745971,0.3122053924957576
6968,0.7325,20,59,20,561895,43715,88106,19850,0.40493349142243135,0.3122787697632345
6969,0.7326,16,37,16,561932,43678,88122,19834,0.4045907591981919,0.3122874417432926
6970,0.7327,12,35,12,561967,43643,88134,19822,0.4042665530401275,0.31232963050500273
6971,0.7328,7,18,7,561985,43625,88141,19815,0.4040998184445515,0.3123423707440101
6972,0.7329,14,41,14,562026,43584,88155,19801,0.40372003408796175,0.3123925218900371
6973,0.733,7,16,7,562042,43568,88162,19794,0.4035718255585609,0.3123954420630662
6974,0.7331,20,42,20,562084,43526,88182,19774,0.4031827781688836,0.31238546603475514
6975,0.7332,23,51,23,562135,43475,88205,19751,0.40271036348141837,0.3123873090184418
6976,0.7333,137,362,137,562497,43113,88342,19614,0.39935714550372375,0.31268831603615665
6977,0.7334,24,82,24,562579,43031,88366,19590,0.3985975767905443,0.312834352693186
6978,0.7335,20,78,20,562657,42953,88386,19570,0.3978750602097151,0.31300481422836396
6979,0.7336,6,30,6,562687,42923,88392,19564,0.39759716921708843,0.3130891225374878
6980,0.7337,13,38,13,562725,42885,88405,19551,0.3972451739597614,0.3131366519315779
6981,0.7338,13,39,13,562764,42846,88418,19538,0.3968839156693468,0.3131892793023852
6982,0.7339,11,47,11,562811,42799,88429,19527,0.3964485531142317,0.3133042390013798
6983,0.734,16,38,16,562849,42761,88445,19511,0.3960965578569047,0.3133189876670093
6984,0.7341,11,33,11,562882,42728,88456,19500,0.39579087776501537,0.313363759079514
6985,0.7342,14,39,14,562921,42689,88470,19486,0.39542961947460076,0.31340570969039006
6986,0.7343,17,35,17,562956,42654,88487,19469,0.39510541331653637,0.3133943949905832
6987,0.7344,7,31,7,562987,42623,88494,19462,0.3948182592908222,0.31347346379962954
6988,0.7345,10,16,10,563003,42607,88504,19452,0.3946700507614213,0.3134436584540518
6989,0.7346,24,43,24,563046,42564,88528,19428,0.3942717403386565,0.31339527680991097
6990,0.7347,13,23,13,563069,42541,88541,19415,0.39405869057764276,0.31336755116534315
6991,0.7348,13,24,13,563093,42517,88554,19402,0.39383637778354147,0.31334485376055815
6992,0.7349,9,24,9,563117,42493,88563,19393,0.3936140649894401,0.31336651261997867
6993,0.735,36,125,36,563242,42368,88599,19357,0.39245618585349584,0.31360064803564197
6994,0.7351,5,15,5,563257,42353,88604,19352,0.3923172403571826,0.3136212624584718
6995,0.7352,5,17,5,563274,42336,88609,19347,0.3921597687946941,0.31365205972472154
6996,0.7353,12,29,12,563303,42307,88621,19335,0.3918911408351551,0.31366600694331787
6997,0.7354,12,35,12,563338,42272,88633,19323,0.39156693467709064,0.3137105284519847
6998,0.7355,9,36,9,563374,42236,88642,19314,0.39123346548593874,0.3137936636880585
6999,0.7356,7,24,7,563398,42212,88649,19307,0.3910111526918374,0.31383800126790096
7000,0.7357,15,44,15,563442,42168,88664,19292,0.39060357923598504,0.31389521640091117
7001,0.7358,5,14,5,563456,42154,88669,19287,0.3904738967727593,0.31391090639800784
7002,0.7359,13,18,13,563474,42136,88682,19274,0.3903071621771833,0.3138576779026217
7003,0.736,3,26,3,563500,42110,88685,19271,0.3900663233169069,0.3139570876981476
7004,0.7361,14,36,14,563536,42074,88699,19257,0.3897328541257549,0.31398477115977236
7005,0.7362,24,50,24,563586,42024,88723,19233,0.3892697024713772,0.31397228071893823
7006,0.7363,14,47,14,563633,41977,88737,19219,0.3888343399162622,0.3140564742793647
7007,0.7364,23,77,23,563710,41900,88760,19196,0.3881210863685205,0.3141940552573
7008,0.7365,5,4,5,563714,41896,88765,19191,0.38808403423617027,0.3141584952608575
7009,0.7366,17,41,17,563755,41855,88782,19174,0.3877042498795806,0.31417850530075864
7010,0.7367,24,63,24,563818,41792,88806,19150,0.3871206787950647,0.3142332053427849
7011,0.7368,4,11,4,563829,41781,88810,19146,0.3870187854311016,0.3142449160470727
7012,0.7369,34,108,34,563937,41673,88844,19112,0.3860183778576457,0.3144196759068849
7013,0.737,10,16,10,563953,41657,88854,19102,0.38587016932824486,0.31438963774914
7014,0.7371,20,41,20,563994,41616,88874,19082,0.3854903849716551,0.31437609146924117
7015,0.7372,11,46,11,564040,41570,88885,19071,0.3850642854496276,0.3144901964017744
7016,0.7373,20,58,20,564098,41512,88905,19051,0.38452702953054946,0.3145649984313855
7017,0.7374,13,31,13,564129,41481,88918,19038,0.3842398755048353,0.31457889257919003
7018,0.7375,15,52,15,564181,41429,88933,19023,0.3837581977842825,0.31467941507311586
7019,0.7376,2,12,2,564193,41417,88935,19021,0.3836470413872318,0.31471921638704126
7020,0.7377,4,28,4,564221,41389,88939,19017,0.3833876764607803,0.3148197198953746
7021,0.7378,10,23,10,564244,41366,88949,19007,0.3831746266997666,0.3148261640137147
7022,0.7379,20,58,20,564302,41308,88969,18987,0.38263737078068844,0.3149017331453686
7023,0.738,4,12,4,564314,41296,88973,18983,0.38252621438363776,0.3149189601685496
7024,0.7381,16,33,16,564347,41263,88989,18967,0.3822205342917485,0.31490951353146274
7025,0.7382,5,30,5,564377,41233,88994,18962,0.38194264329912186,0.31500955228839606
7026,0.7383,32,82,32,564459,41151,89026,18930,0.3811830745859424,0.3150746492235482
7027,0.7384,12,24,12,564483,41127,89038,18918,0.38096076179184113,0.3150637022233325
7028,0.7385,3,14,3,564497,41113,89041,18915,0.3808310793286154,0.315102951955754
7029,0.7386,7,18,7,564515,41095,89048,18908,0.3806643447330394,0.3151175774544606
7030,0.7387,5,15,5,564530,41080,89053,18903,0.38052539923672607,0.3151392894653485
7031,0.7388,15,40,15,564570,41040,89068,18888,0.3801548779132239,0.315178213856628
7032,0.7389,5,25,5,564595,41015,89073,18883,0.37992330208603503,0.31525259608000267
7033,0.739,28,61,28,564656,40954,89101,18855,0.37935825706769427,0.31525355715694964
7034,0.7391,8,32,8,564688,40922,89109,18847,0.37906184000889254,0.31533068982248325
7035,0.7392,8,32,8,564720,40890,89117,18839,0.3787654229500908,0.3154079257981885
7036,0.7393,23,42,23,564762,40848,89140,18816,0.3783763755604135,0.3153660498793242
7037,0.7394,22,43,22,564805,40805,89162,18794,0.37797806513764864,0.3153408614238494
7038,0.7395,7,25,7,564830,40780,89169,18787,0.37774648931045984,0.31539275101986
7039,0.7396,17,30,17,564860,40750,89186,18770,0.3774685983178332,0.31535618279569894
7040,0.7397,16,27,16,564887,40723,89202,18754,0.37721849642446925,0.3153151638448476
7041,0.7398,12,21,12,564908,40702,89214,18742,0.37702397272963056,0.31528833860440075
7042,0.7399,8,41,8,564949,40661,89222,18734,0.37664418837304087,0.31541375536661337
7043,0.74,40,150,40,565099,40511,89262,18694,0.3752547334099077,0.3157503589223883
7044,0.7401,7,13,7,565112,40498,89269,18687,0.37513431397976954,0.3157387851651601
7045,0.7402,9,24,9,565136,40474,89278,18678,0.37491200118566825,0.3157627806329456
7046,0.7403,24,55,24,565191,40419,89302,18654,0.37440253436585275,0.31577878218475447
7047,0.7404,1,6,1,565197,40413,89303,18653,0.37434695616732744,0.31579927538685537
7048,0.7405,22,32,22,565229,40381,89325,18631,0.3740505391085257,0.31571544770555143
7049,0.7406,3,11,3,565240,40370,89328,18628,0.3739486457445626,0.31573951659378285
7050,0.7407,15,36,15,565276,40334,89343,18613,0.37361517655341064,0.3157582234888968
7051,0.7408,33,77,33,565353,40257,89376,18580,0.372901923005669,0.31578768462022194
7052,0.7409,12,35,12,565388,40222,89388,18568,0.3725777168476046,0.31583602653512505
7053,0.741,14,48,14,565436,40174,89402,18554,0.37213309125940197,0.3159310720610271
7054,0.7411,8,19,8,565455,40155,89410,18546,0.3719570936307384,0.31594010323503857
7055,0.7412,8,18,8,565473,40137,89418,18538,0.3717903590351625,0.31594375798892205
7056,0.7413,23,65,23,565538,40072,89441,18515,0.37118826188447146,0.3160257394985236
7057,0.7414,6,28,6,565566,40044,89447,18509,0.37092889695801995,0.316106775058494
7058,0.7415,8,24,8,565590,40020,89455,18501,0.3707065841639186,0.3161429230532629
7059,0.7416,2,2,2,565592,40018,89457,18499,0.3706880580977435,0.31613035528137123
7060,0.7417,76,256,76,565848,39762,89533,18423,0.36831672162732965,0.3166279969064192
7061,0.7418,19,61,19,565909,39701,89552,18404,0.36775167660898883,0.31673694174339556
7062,0.7419,20,48,20,565957,39653,89572,18384,0.36730705102078626,0.3167634440098558
7063,0.742,11,29,11,565986,39624,89583,18373,0.3670384230612472,0.3167922478748901
7064,0.7421,20,48,20,566034,39576,89603,18353,0.36659379747304455,0.3168188644720261
7065,0.7422,6,20,6,566054,39556,89609,18347,0.3664085368112935,0.31685750306547156
7066,0.7423,25,65,25,566119,39491,89634,18322,0.36580643966060244,0.3169183401657067
7067,0.7424,32,68,32,566187,39423,89666,18290,0.3651765534106488,0.31691300053714067
7068,0.7425,13,25,13,566212,39398,89679,18277,0.36494497758345995,0.31689640225400956
7069,0.7426,2,3,2,566215,39395,89681,18275,0.36491718848419724,0.31688919715623376
7070,0.7427,18,64,18,566279,39331,89699,18257,0.3643243543665938,0.31702785302493575
7071,0.7428,4,27,4,566306,39304,89703,18253,0.36407425247322983,0.31712910679847806
7072,0.7429,22,54,22,566360,39250,89725,18231,0.3635740486865019,0.3171656721351403
7073,0.743,4,6,4,566366,39244,89729,18227,0.3635184704879766,0.31715125889579093
7074,0.7431,7,36,7,566402,39208,89736,18220,0.3631850012968246,0.31726683847600473
7075,0.7432,10,20,10,566422,39188,89746,18210,0.36299974063507356,0.31725844106066414
7076,0.7433,49,136,49,566558,39052,89795,18161,0.3617399681351662,0.31742785730515793
7077,0.7434,4,7,4,566565,39045,89799,18157,0.3616751269035533,0.3174189713646376
7078,0.7435,26,39,26,566604,39006,89825,18131,0.3613138686131387,0.31732502581514604
7079,0.7436,8,23,8,566627,38983,89833,18123,0.3611008188521249,0.3173571953910272
7080,0.7437,5,20,5,566647,38963,89838,18118,0.36091555819037385,0.3174085948038752
7081,0.7438,17,47,17,566694,38916,89855,18101,0.3604801956352588,0.3174667204517951
7082,0.7439,24,33,24,566727,38883,89879,18077,0.36017451554336954,0.3173630617977528
7083,0.744,18,45,18,566772,38838,89897,18059,0.35975767905442957,0.3173981053482609
7084,0.7441,20,27,20,566799,38811,89917,18039,0.35950757716106563,0.31730870712401055
7085,0.7442,15,37,15,566836,38774,89932,18024,0.3591648449368261,0.31733511743371245
7086,0.7443,24,83,24,566919,38691,89956,18000,0.35839601319055914,0.3175107159866645
7087,0.7444,33,107,33,567026,38584,89989,17967,0.35740486865019083,0.3177132146204311
7088,0.7445,25,38,25,567064,38546,90014,17942,0.35705287339286373,0.31762498229712505
7089,0.7446,20,51,20,567115,38495,90034,17922,0.3565804587053985,0.3176702057890352
7090,0.7447,14,53,14,567168,38442,90048,17908,0.35608951795175814,0.3177994676131322
7091,0.7448,11,48,11,567216,38394,90059,17897,0.3556448923635555,0.31793714803432166
7092,0.7449,6,23,6,567239,38371,90065,17891,0.3554318426025418,0.31799438342042585
7093,0.745,15,43,15,567282,38328,90080,17876,0.35503353217977696,0.31805565440182193
7094,0.7451,14,24,14,567306,38304,90094,17862,0.35481121938567567,0.31802157889114413
7095,0.7452,8,44,8,567350,38260,90102,17854,0.35440364592982326,0.3181737177887871
7096,0.7453,28,62,28,567412,38198,90130,17826,0.3538293378783949,0.31818506354419535
7097,0.7454,9,22,9,567434,38176,90139,17817,0.35362555115046873,0.31820048934688266
7098,0.7455,18,47,18,567481,38129,90157,17799,0.35319018859535367,0.3182484623086826
7099,0.7456,19,39,19,567520,38090,90176,17780,0.35282893030493906,0.3182387685698944
7100,0.7457,15,59,15,567579,38031,90191,17765,0.35228241135277333,0.31839199942648216
7101,0.7458,20,34,20,567613,37997,90211,17745,0.3519674682277965,0.3183416454379104
7102,0.7459,2,12,2,567625,37985,90213,17743,0.35185631183074584,0.31838573069193227
7103,0.746,11,26,11,567651,37959,90224,17732,0.35161547297046947,0.3183997414303927
7104,0.7461,0,11,0,567662,37948,90224,17732,0.35151357960650637,0.3184626436781609
7105,0.7462,10,20,10,567682,37928,90234,17722,0.35132831894475525,0.3184546271338724
7106,0.7463,4,4,4,567686,37924,90238,17718,0.3512912668124051,0.31842852521476583
7107,0.7464,16,44,16,567730,37880,90254,17702,0.3508836933565527,0.31848440142492174
7108,0.7465,6,12,6,567742,37868,90260,17696,0.350772536959502,0.31847959110215246
7109,0.7466,3,4,3,567746,37864,90263,17693,0.3507354848271518,0.3184657198912828
7110,0.7467,43,145,43,567891,37719,90306,17650,0.34939234502945643,0.3187704311076595
7111,0.7468,4,5,4,567896,37714,90310,17646,0.3493460298640187,0.31875
7112,0.7469,10,31,10,567927,37683,90320,17636,0.34905887583830447,0.3188054737070446
7113,0.747,16,40,16,567967,37643,90336,17620,0.34868835451480235,0.3188390062066844
7114,0.7471,8,38,8,568005,37605,90344,17612,0.34833635925747525,0.3189597406595795
7115,0.7472,24,83,24,568088,37522,90368,17588,0.3475675275112083,0.31914353111957905
7116,0.7473,22,41,22,568129,37481,90390,17566,0.34718774315461853,0.31910912492960564
7117,0.7474,13,33,13,568162,37448,90403,17553,0.3468820630627293,0.31913965200632716
7118,0.7475,23,50,23,568212,37398,90426,17530,0.34641891140835157,0.3191450626274396
7119,0.7476,10,39,10,568251,37359,90436,17520,0.34605765311793696,0.3192477997048051
7120,0.7477,7,25,7,568276,37334,90443,17513,0.3458260772907481,0.319306434262585
7121,0.7478,12,26,12,568302,37308,90455,17501,0.3455852384304717,0.3193088726304074
7122,0.7479,10,21,10,568323,37287,90465,17491,0.34539071473563304,0.31930702106685166
7123,0.748,11,43,11,568366,37244,90476,17480,0.3449924043128682,0.3194210949491996
7124,0.7481,14,38,14,568404,37206,90490,17466,0.34464040905554116,0.319468832309043
7125,0.7482,6,13,6,568417,37193,90496,17460,0.3445199896254029,0.3194701114302966
7126,0.7483,23,57,23,568474,37136,90519,17437,0.34399199673941233,0.31951697725981715
7127,0.7484,14,42,14,568516,37094,90533,17423,0.34360294934973507,0.3195883852743181
7128,0.7485,7,27,7,568543,37067,90540,17416,0.3433528474563711,0.3196593432813905
7129,0.7486,30,66,30,568609,37001,90570,17386,0.3427414872725925,0.31967198043650136
7130,0.7487,10,40,10,568649,36961,90580,17376,0.3423709659490904,0.3197821005944384
7131,0.7488,5,17,5,568666,36944,90585,17371,0.3422134943866019,0.31981957102089664
7132,0.7489,21,47,21,568713,36897,90606,17350,0.3417781318314869,0.319833354839899
7133,0.749,28,76,28,568789,36821,90634,17322,0.3410741413168328,0.31993055427294387
7134,0.7491,7,22,7,568811,36799,90641,17315,0.3408703545889066,0.31997265033078315
7135,0.7492,4,12,4,568823,36787,90645,17311,0.34075919819185596,0.31999334541018154
7136,0.7493,5,10,5,568833,36777,90650,17306,0.3406665678609804,0.31998964554481074
7137,0.7494,15,41,15,568874,36736,90665,17291,0.3402867835043907,0.3200436818627723
7138,0.7495,11,24,11,568898,36712,90676,17280,0.3400644707102894,0.32004741443176765
7139,0.7496,18,42,18,568940,36670,90694,17262,0.3396754233206121,0.32006971742193874
7140,0.7497,6,17,6,568957,36653,90700,17256,0.33951795175812366,0.32009497486505034
7141,0.7499,8,8,8,568965,36645,90708,17248,0.33944384749342327,0.3200415638394597
7142,0.75,224,610,224,569575,36035,90932,17024,0.33379339731001517,0.32085037411183776
7143,0.7501,7,50,7,569625,35985,90939,17017,0.33333024565563746,0.3210633560997698
7144,0.7502,5,18,5,569643,35967,90944,17012,0.3331635110600615,0.3211083636912739
7145,0.7503,9,34,9,569677,35933,90953,17003,0.33284856793508466,0.3211991839202055
7146,0.7504,10,22,10,569699,35911,90963,16993,0.33264478120715846,0.3212044457885982
7147,0.7505,13,29,13,569728,35882,90976,16980,0.3323761532476194,0.3212137263062313
7148,0.7506,10,26,10,569754,35856,90986,16970,0.332135314387343,0.3212433271495097
7149,0.7507,16,43,16,569797,35813,91002,16954,0.33173700396457817,0.321299296909053
7150,0.7508,13,40,13,569837,35773,91015,16941,0.331366482641076,0.321375725613689
7151,0.7509,8,38,8,569875,35735,91023,16933,0.33101448738374895,0.3215045188729399
7152,0.751,12,37,12,569912,35698,91035,16921,0.3306717551595094,0.3215758566297345
7153,0.7511,8,25,8,569937,35673,91043,16913,0.33044017933232056,0.32162552770699426
7154,0.7512,3,6,3,569943,35667,91046,16910,0.33038460113379525,0.32162352359396695
7155,0.7513,10,31,10,569974,35636,91056,16900,0.3300974471080811,0.32168417846809805
7156,0.7514,10,39,10,570013,35597,91066,16890,0.3297361888176665,0.3217939680301789
7157,0.7515,3,24,3,570037,35573,91069,16887,0.32951387602356513,0.3219024018299657
7158,0.7516,7,24,7,570061,35549,91076,16880,0.32929156322946385,0.32195922104178987
7159,0.7517,30,52,30,570113,35497,91106,16850,0.32880988550891105,0.3218904617265555
7160,0.7518,9,42,9,570155,35455,91115,16841,0.3284208381192338,0.32203227780327365
7161,0.7519,15,24,15,570179,35431,91130,16826,0.32819852532513244,0.3219855713110205
7162,0.752,27,68,27,570247,35363,91157,16799,0.3275686390751788,0.32205436908094015
7163,0.7521,14,39,14,570286,35324,91171,16785,0.3272073807847642,0.32211326258419853
7164,0.7522,12,32,12,570318,35292,91183,16773,0.32691096372596246,0.3221549985594929
7165,0.7523,3,15,3,570333,35277,91186,16770,0.32677201822964913,0.32220877283993316
7166,0.7524,8,38,8,570371,35239,91194,16762,0.32642002297232203,0.3223399550008654
7167,0.7525,14,32,14,570403,35207,91208,16748,0.3261236059135203,0.3223558849003946
7168,0.7526,13,32,13,570435,35175,91221,16735,0.32582718885471856,0.32238489693700634
7169,0.7527,15,40,15,570475,35135,91236,16720,0.32545666753121644,0.3224375662906181
7170,0.7528,11,21,11,570496,35114,91247,16709,0.3252621438363778,0.3224244061517087
7171,0.7529,11,22,11,570518,35092,91258,16698,0.3250583571084516,0.3224174551071635
7172,0.753,8,27,8,570545,35065,91266,16690,0.3248082552150876,0.32248091971790166
7173,0.7531,13,37,13,570582,35028,91279,16677,0.32446552299084813,0.3225413402959095
7174,0.7532,9,26,9,570608,35002,91288,16668,0.3242246841305717,0.3225856396361525
7175,0.7533,17,37,17,570645,34965,91305,16651,0.32388195190633223,0.32259376937383755
7176,0.7534,24,62,24,570707,34903,91329,16627,0.32330764385490385,0.32266640791771783
7177,0.7535,2,8,2,570715,34895,91331,16625,0.3232335395902034,0.3226902173913043
7178,0.7536,9,17,9,570732,34878,91340,16616,0.323076068027715,0.3226783702955684
7179,0.7537,6,19,6,570751,34859,91346,16610,0.32290007039905144,0.322718529600342
7180,0.7538,5,11,5,570762,34848,91351,16605,0.3227981770350884,0.32272170718908516
7181,0.7539,7,19,7,570781,34829,91358,16598,0.32262217940642485,0.32274875065627007
7182,0.754,15,22,15,570803,34807,91373,16583,0.32241839267849864,0.3226892391515859
7183,0.7541,2,10,2,570813,34797,91375,16581,0.3223257623476231,0.32272568025224807
7184,0.7542,32,76,32,570889,34721,91407,16549,0.321621771832969,0.32278135361810023
7185,0.7543,13,27,13,570916,34694,91420,16536,0.32137166993960503,0.32277962131563537
7186,0.7544,18,50,18,570966,34644,91438,16518,0.3209085182852273,0.3228568077870294
7187,0.7545,16,35,16,571001,34609,91454,16502,0.32058431212716293,0.32286591927373753
7188,0.7546,13,21,13,571022,34588,91467,16489,0.3203897884323243,0.3228263210446972
7189,0.7547,2,8,2,571030,34580,91469,16487,0.32031568416762385,0.3228503730393405
7190,0.7548,13,38,13,571068,34542,91482,16474,0.3199636889102968,0.3229183001411322
7191,0.7549,15,34,15,571102,34508,91497,16459,0.31964874578531993,0.322934447779936
7192,0.755,21,92,21,571194,34416,91518,16438,0.31879654674126495,0.32323907657214773
7193,0.7551,6,17,6,571211,34399,91524,16432,0.31863907517877654,0.32326729751529576
7194,0.7552,9,27,9,571238,34372,91533,16423,0.3183889732854126,0.32331922433310367
7195,0.7553,14,26,14,571264,34346,91547,16409,0.3181481344251362,0.3232981972219486
7196,0.7554,3,29,3,571293,34317,91550,16406,0.3178795064655971,0.3234430140173097
7197,0.7555,4,9,4,571302,34308,91554,16402,0.31779613916780913,0.3234470518635378
7198,0.7556,13,27,13,571329,34281,91567,16389,0.31754603727444514,0.3234458259325044
7199,0.7557,14,20,14,571349,34261,91581,16375,0.3173607766126941,0.32338652342207125
7200,0.7558,8,20,8,571369,34241,91589,16367,0.31717551595094295,0.32340736642428075
7201,0.7559,1,3,1,571372,34238,91590,16366,0.3171477268516803,0.323413168919453
7202,0.756,2,18,2,571390,34220,91592,16364,0.3169809922561043,0.323501502451368
7203,0.7561,5,34,5,571424,34186,91597,16359,0.3166660491311275,0.3236521911168266
7204,0.7562,4,15,4,571439,34171,91601,16355,0.3165271036348142,0.3236947314254047
7205,0.7563,15,44,15,571483,34127,91616,16340,0.31611953017896177,0.3237759327877623
7206,0.7564,11,42,11,571525,34085,91627,16329,0.3157304827892845,0.3238981235371127
7207,0.7565,2,25,2,571550,34060,91629,16327,0.31549890696209565,0.32403199237898667
7208,0.7566,8,16,8,571566,34044,91637,16319,0.3153506984326948,0.32402755991501697
7209,0.7567,27,68,27,571634,33976,91664,16292,0.3147208121827411,0.32410280894405985
7210,0.7568,7,14,7,571648,33962,91671,16285,0.31459112971951536,0.32409895118116505
7211,0.7569,20,48,20,571696,33914,91691,16265,0.31414650413131273,0.324139580302517
7212,0.757,14,44,14,571740,33870,91705,16251,0.3137389306754604,0.3242353504519064
7213,0.7571,14,29,14,571769,33841,91719,16237,0.3134703027159213,0.3242341946563361
7214,0.7572,14,22,14,571791,33819,91733,16223,0.3132665159879951,0.32418768234682865
7215,0.7573,4,22,4,571813,33797,91737,16219,0.3130627292600689,0.3242762316058861
7216,0.7574,25,43,25,571856,33754,91762,16194,0.3126644188373041,0.3242171858733082
7217,0.7575,18,39,18,571895,33715,91780,16176,0.31230316054688945,0.32422681445551305
7218,0.7576,6,26,6,571921,33689,91786,16170,0.3120623216866131,0.32431456707916323
7219,0.7577,0,3,0,571924,33686,91786,16170,0.3120345325873504,0.324334082156611
7220,0.7578,8,25,8,571949,33661,91794,16162,0.31180295676016156,0.3243883347048552
7221,0.7579,12,26,12,571975,33635,91806,16150,0.31156211789988514,0.32439489806166516
7222,0.758,3,10,3,571985,33625,91809,16147,0.3114694875690096,0.32441935224624285
7223,0.7581,7,28,7,572013,33597,91816,16140,0.3112101226425581,0.3245069063272815
7224,0.7582,6,21,6,572034,33576,91822,16134,0.31101559894771946,0.32456246228123115
7225,0.7583,47,169,47,572203,33407,91869,16087,0.3094501463559228,0.3250292964803815
7226,0.7584,5,21,5,572224,33386,91874,16082,0.30925562266108414,0.32509905393385624
7227,0.7585,6,14,6,572238,33372,91880,16076,0.3091259401978584,0.32510920563015694
7228,0.7586,11,31,11,572269,33341,91891,16065,0.3088387861721442,0.3251629356758288
7229,0.7587,19,47,19,572316,33294,91910,16046,0.30840342361702916,0.32521280907985406
7230,0.7588,15,43,15,572359,33251,91925,16031,0.3080051131942643,0.32529118136439267
7231,0.7589,5,13,5,572372,33238,91930,16026,0.30788469376412614,0.3253085417343293
7232,0.759,6,10,6,572382,33228,91936,16020,0.3077920634332506,0.3252923976608187
7233,0.7591,6,20,6,572402,33208,91942,16014,0.3076068027714995,0.32534232660192597
7234,0.7592,7,23,7,572425,33185,91949,16007,0.30739375301048577,0.3253984387705318
7235,0.7593,8,33,8,572458,33152,91957,15999,0.30708807291859647,0.32550711074037153
7236,0.7594,5,18,5,572476,33134,91962,15994,0.3069213383230205,0.3255577267546002
7237,0.7595,16,51,16,572527,33083,91978,15978,0.3064489236355552,0.3256761990175496
7238,0.7596,12,30,12,572557,33053,91990,15966,0.3061710326429286,0.3257104388094412
7239,0.7597,19,44,19,572601,33009,92009,15947,0.3057634591870762,0.32574148214723425
7240,0.7598,22,60,22,572661,32949,92031,15925,0.30520767720182296,0.32583786880549986
7241,0.7599,4,8,4,572669,32941,92035,15921,0.3051335729371225,0.32583602799721667
7242,0.76,63,163,63,572832,32778,92098,15858,0.3036236985438512,0.32605477424130275
7243,0.7601,1,16,1,572848,32762,92099,15857,0.30347549001445034,0.3261482136613258
7244,0.7602,1,7,1,572855,32755,92100,15856,0.30341064878283747,0.3261813169858674
7245,0.7603,5,18,5,572873,32737,92105,15851,0.3032439141872615,0.3262328146867539
7246,0.7604,2,28,2,572901,32709,92107,15849,0.30298454926081,0.3263931792907451
7247,0.7605,19,26,19,572927,32683,92126,15830,0.30274371040053355,0.32630428957186736
7248,0.7606,7,26,7,572953,32657,92133,15823,0.3025028715402571,0.32638201320132015
7249,0.7607,42,85,42,573038,32572,92175,15781,0.301715513727815,0.32637064918412506
7250,0.7608,14,9,14,573047,32563,92189,15767,0.30163214643002706,0.32623629215807987
7251,0.761,6,7,6,573054,32556,92195,15761,0.3015673051984142,0.32619988823809426
7252,0.7611,13,42,13,573096,32514,92208,15748,0.3011782578087369,0.3263022667937508
7253,0.7612,9,14,9,573110,32500,92217,15739,0.30104857534551116,0.3262712742801468
7254,0.7613,8,24,8,573134,32476,92225,15731,0.3008262625514098,0.32632190345800405
7255,0.7614,29,46,29,573180,32430,92254,15702,0.3004001630293823,0.3262278733482922
7256,0.7615,8,9,8,573189,32421,92262,15694,0.30031679573159437,0.3261768679206069
7257,0.7616,15,19,15,573208,32402,92277,15679,0.3001407981029308,0.32609554709760613
7258,0.7617,13,42,13,573250,32360,92290,15666,0.29975175071325355,0.3261983092491567
7259,0.7618,6,13,6,573263,32347,92296,15660,0.29963133128311537,0.32620242881246486
7260,0.7619,7,25,7,573288,32322,92303,15653,0.2993997554559265,0.32627410109432
7261,0.762,15,41,15,573329,32281,92318,15638,0.29901997109933676,0.32634236941505457
7262,0.7621,16,36,16,573365,32245,92334,15622,0.2986865019081848,0.32636262978670066
7263,0.7622,3,10,3,573375,32235,92337,15619,0.29859387157730927,0.32638859865423997
7264,0.7623,7,27,7,573402,32208,92344,15612,0.2983437696839453,0.32647427854454203
7265,0.7624,6,37,6,573439,32171,92350,15606,0.2980010374597058,0.3266425267388074
7266,0.7625,24,46,24,573485,32125,92374,15582,0.2975749379376783,0.3266187351960928
7267,0.7626,15,40,15,573525,32085,92389,15567,0.2972044166141761,0.3266809367917401
7268,0.7627,3,4,3,573529,32081,92392,15564,0.2971673644818259,0.32666596704795886
7269,0.7628,3,8,3,573537,32073,92395,15561,0.2970932602171255,0.3266784229751858
7270,0.7629,8,14,8,573551,32059,92403,15553,0.29696357775389975,0.3266613458791901
7271,0.763,11,28,11,573579,32031,92414,15542,0.29670421282744824,0.3266979168856284
7272,0.7631,7,16,7,573595,32015,92421,15535,0.29655600429804735,0.3267087276550999
7273,0.7632,2,10,2,573605,32005,92423,15533,0.2964633739671718,0.32674912701417813
7274,0.7633,39,93,39,573698,31912,92462,15494,0.29560191189002927,0.3268362654516306
7275,0.7634,10,27,10,573725,31885,92472,15484,0.2953518099966653,0.32688044923895376
7276,0.7635,18,36,18,573761,31849,92490,15466,0.29501834080551337,0.3268730846454613
7277,0.7636,10,16,10,573777,31833,92500,15456,0.2948701322761125,0.3268413373088879
7278,0.7637,5,15,5,573792,31818,92505,15451,0.2947311867797992,0.3268738496689162
7279,0.7638,11,38,11,573830,31780,92516,15440,0.2943791915224721,0.3269800931808556
7280,0.7639,7,34,7,573864,31746,92523,15433,0.2940642483974953,0.3271158778269993
7281,0.764,2,20,2,573884,31726,92525,15431,0.29387898773574417,0.32722607460186187
7282,0.7641,12,31,12,573915,31695,92537,15419,0.29359183371003,0.32727002589463855
7283,0.7642,25,46,25,573961,31649,92562,15394,0.2931657341880025,0.3272325319388644
7284,0.7643,8,21,8,573982,31628,92570,15386,0.2929712104931639,0.32726421916875825
7285,0.7644,18,51,18,574033,31577,92588,15368,0.2924987958056986,0.3273618063691554
7286,0.7645,13,24,13,574057,31553,92601,15355,0.2922764830115973,0.32734288394303745
7287,0.7646,7,14,7,574071,31539,92608,15348,0.29214680054837155,0.3273402009085674
7288,0.7647,6,23,6,574094,31516,92614,15342,0.29193375078735784,0.3274147424132485
7289,0.7648,5,28,5,574122,31488,92619,15337,0.29167438586090627,0.32753870795515216
7290,0.7649,7,9,7,574131,31479,92626,15330,0.2915910185631183,0.3275011215791835
7291,0.765,17,40,17,574171,31439,92643,15313,0.2912204972396161,0.3275367898699521
7292,0.7651,35,71,35,574242,31368,92678,15278,0.2905628218903998,0.32753076362389055
7293,0.7652,8,25,8,574267,31343,92686,15270,0.2903312460632109,0.327591015381975
7294,0.7653,8,44,8,574311,31299,92694,15262,0.2899236726073586,0.3277850561628831
7295,0.7654,8,38,8,574349,31261,92702,15254,0.2895716773500315,0.32793722455122004
7296,0.7655,5,19,5,574368,31242,92707,15249,0.289395679721368,0.32799896754210495
7297,0.7656,5,15,5,574383,31227,92712,15244,0.28925673422505466,0.32803253642056335
7298,0.7657,10,25,10,574408,31202,92722,15234,0.2890251583978658,0.32806443276768027
7299,0.7658,7,32,7,574440,31170,92729,15227,0.28872874133906407,0.328189322585512
7300,0.7659,18,34,18,574474,31136,92747,15209,0.28841379821408725,0.3281691660373287
7301,0.766,11,25,11,574499,31111,92758,15198,0.2881822223868984,0.32818674555701915
7302,0.7661,10,16,10,574515,31095,92768,15188,0.2880340138574975,0.32815504612924834
7303,0.7662,11,38,11,574553,31057,92779,15177,0.28768201860017045,0.32826491326729246
7304,0.7663,12,38,12,574591,31019,92791,15165,0.28733002334284335,0.32836047115884287
7305,0.7664,5,12,5,574603,31007,92796,15160,0.28721886694579274,0.3283730803387701
7306,0.7665,14,41,14,574644,30966,92810,15146,0.286839082589203,0.32846113809854266
7307,0.7666,7,32,7,574676,30934,92817,15139,0.28654266553040125,0.3285872419855447
7308,0.7667,171,501,171,575177,30433,92988,14968,0.2819018859535366,0.3296843681857228
7309,0.7668,19,36,19,575213,30397,93007,14949,0.2815684167623847,0.3296652405945398
7310,0.7669,2,14,2,575227,30383,93009,14947,0.28143873429915894,0.32973748069711006
7311,0.767,12,41,12,575268,30342,93021,14935,0.2810589499425692,0.3298584270159242
7312,0.7671,8,26,8,575294,30316,93029,14927,0.28081811108229277,0.3299294918550936
7313,0.7672,9,31,9,575325,30285,93038,14918,0.2805309570565786,0.33002234364975774
7314,0.7673,8,37,8,575362,30248,93046,14910,0.28018822483233913,0.33017405553833207
7315,0.7674,7,24,7,575386,30224,93053,14903,0.2799659120382378,0.3302457508808474
7316,0.7675,21,48,21,575434,30176,93074,14882,0.2795212864500352,0.3302854099161081
7317,0.7677,8,23,8,575457,30153,93082,14874,0.27930823668902144,0.3303351322539809
7318,0.7678,10,40,10,575497,30113,93092,14864,0.2789377153655193,0.3304800231229295
7319,0.7679,4,25,4,575522,30088,93096,14860,0.27870613953833046,0.3306042538043962
7320,0.768,10,10,10,575532,30078,93106,14850,0.27861350920745487,0.33052884615384615
7321,0.7681,20,57,20,575589,30021,93126,14830,0.2780855163214643,0.33065037568839045
7322,0.7682,0,2,0,575591,30019,93126,14830,0.2780669902552892,0.330665120738478
7323,0.7683,33,102,33,575693,29917,93159,14797,0.2771221608803587,0.330925437223241
7324,0.7684,7,31,7,575724,29886,93166,14790,0.27683500685464446,0.3310502283105023
7325,0.7685,3,10,3,575734,29876,93169,14787,0.27674237652376893,0.33107941696706444
7326,0.7686,6,15,6,575749,29861,93175,14781,0.2766034310274556,0.33110075713453696
7327,0.7687,3,5,3,575754,29856,93178,14778,0.27655711586201787,0.33109288882914373
7328,0.7688,14,39,14,575793,29817,93192,14764,0.27619585757160325,0.3311724725780041
7329,0.7689,13,23,13,575816,29794,93205,14751,0.2759828078105895,0.3311482770232349
7330,0.769,14,40,14,575856,29754,93219,14737,0.27561228648708735,0.33123553078150636
7331,0.7691,4,6,4,575862,29748,93223,14733,0.275556708288562,0.3312200714911985
7332,0.7692,7,19,7,575881,29729,93230,14726,0.2753807106598985,0.33125632662242716
7333,0.7693,27,35,27,575916,29694,93257,14699,0.27505650450183405,0.33111076070551665
7334,0.7694,0,12,0,575928,29682,93257,14699,0.27494534810478344,0.33120028841170773
7335,0.7695,7,18,7,575946,29664,93264,14692,0.27477861350920746,0.3312291460005411
7336,0.7696,8,18,8,575964,29646,93272,14684,0.2746118789136315,0.3312429505977893
7337,0.7697,12,24,12,575988,29622,93284,14672,0.2743895661195302,0.3312412516367905
7338,0.7698,19,35,19,576023,29587,93303,14653,0.2740653599614658,0.3312160940325497
7339,0.7699,4,11,4,576034,29576,93307,14649,0.2739634665975027,0.33123798756359524
7340,0.77,22,51,22,576085,29525,93329,14627,0.2734910519100374,0.33128737090052546
7341,0.7701,5,9,5,576094,29516,93334,14622,0.27340768461224946,0.3312791698762971
7342,0.7702,5,25,5,576119,29491,93339,14617,0.2731761087850606,0.33139113086061484
7343,0.7703,14,43,14,576162,29448,93353,14603,0.27277779836229576,0.33150212253978345
7344,0.7704,9,24,9,576186,29424,93362,14594,0.2725554855681944,0.33154618565132443
7345,0.7705,18,31,18,576217,29393,93380,14576,0.27226833154248026,0.3315062885214583
7346,0.7706,5,27,5,576244,29366,93385,14571,0.2720182296491163,0.33163393040034594
7347,0.7707,21,40,21,576284,29326,93406,14550,0.27164770832561413,0.33161637341599054
7348,0.7708,14,51,14,576335,29275,93420,14536,0.27117529363814885,0.3317888201593207
7349,0.7709,5,9,5,576344,29266,93425,14531,0.2710919263403609,0.3317807155741261
7350,0.771,14,30,14,576374,29236,93439,14517,0.27081403534773424,0.3317943912417434
7351,0.7711,4,4,4,576378,29232,93443,14513,0.27077698321538407,0.3317636301291576
7352,0.7712,5,23,5,576401,29209,93448,14508,0.2705639334543703,0.33186174714641903
7353,0.7713,9,17,9,576418,29192,93457,14499,0.2704064618918819,0.3318532420864709
7354,0.7714,23,69,23,576487,29123,93480,14476,0.2697673126088406,0.33202596389825456
7355,0.7715,2,8,2,576495,29115,93482,14474,0.2696932083441402,0.33205625272431116
7356,0.7716,26,38,26,576533,29077,93508,14448,0.26934121308681314,0.3319471568064331
7357,0.7717,32,71,32,576604,29006,93540,14416,0.2686835377375968,0.33199760490074154
7358,0.7718,17,41,17,576645,28965,93557,14399,0.2683037533810071,0.3320496264182271
7359,0.7719,12,20,12,576665,28945,93569,14387,0.268118492719256,0.33201790824333055
7360,0.772,1,5,1,576670,28940,93570,14386,0.26807217755381824,0.3320408069057841
7361,0.7721,8,21,8,576691,28919,93578,14378,0.2678776538589796,0.3320784349954962
7362,0.7722,16,30,16,576721,28889,93594,14362,0.26759976286635295,0.33206168643499573
7363,0.7723,14,23,14,576744,28866,93608,14348,0.26738671310533924,0.33202202989771834
7364,0.7724,8,15,8,576759,28851,93616,14340,0.2672477676090259,0.33201361394735013
7365,0.7725,27,51,27,576810,28800,93643,14313,0.2667753529215606,0.33198803145223016
7366,0.7726,13,25,13,576835,28775,93656,14300,0.26654377709437177,0.3319791062100987
7367,0.7727,3,9,3,576844,28766,93659,14297,0.2664604097965838,0.3320019506304716
7368,0.7728,10,21,10,576865,28745,93669,14287,0.2662658861017452,0.3320087376835843
7369,0.7729,7,35,7,576900,28710,93676,14280,0.2659416799436808,0.33217027215631545
7370,0.773,7,10,7,576910,28700,93683,14273,0.2658490496128052,0.33213878481837433
7371,0.7731,2,20,2,576930,28680,93685,14271,0.26566378895105414,0.3322623454634351
7372,0.7732,6,14,6,576944,28666,93691,14265,0.2655341064878284,0.332277375323193
7373,0.7733,28,65,28,577009,28601,93719,14237,0.26493200933713734,0.33234511415098744
7374,0.7734,1,2,1,577011,28599,93720,14236,0.26491348327096226,0.3323450449398856
7375,0.7735,16,26,16,577037,28573,93736,14220,0.26467264441068583,0.3322973383497301
7376,0.7736,11,25,11,577062,28548,93747,14209,0.264441068583497,0.3323198540589845
7377,0.7737,16,36,16,577098,28512,93763,14193,0.264107599392345,0.33234984193888306
7378,0.7738,15,52,15,577150,28460,93778,14178,0.2636259216717922,0.33252028706787373
7379,0.7739,8,15,8,577165,28445,93786,14170,0.2634869761754789,0.33251202628182563
7380,0.774,13,40,13,577205,28405,93799,14157,0.2631164548519767,0.3326206475259621
7381,0.7741,10,14,10,577219,28391,93809,14147,0.26298677238875096,0.3325732286426254
7382,0.7742,24,52,24,577271,28339,93833,14123,0.26250509466819816,0.3326032688050492
7383,0.7743,7,26,7,577297,28313,93840,14116,0.26226425580792173,0.3326969761248203
7384,0.7744,15,33,15,577330,28280,93855,14101,0.2619585757160325,0.3327198508765721
7385,0.7745,15,44,15,577374,28236,93870,14086,0.2615510022601801,0.3328292613770616
7386,0.7746,7,18,7,577392,28218,93877,14079,0.2613842676646041,0.3328604865593304
7387,0.7747,0,2,0,577394,28216,93877,14079,0.261365741598429,0.3328762265043149
7388,0.7748,8,21,8,577415,28195,93885,14071,0.2611712179035903,0.33291534566791275
7389,0.7749,14,47,14,577462,28148,93899,14057,0.2607358553484753,0.33306480274848954
7390,0.775,114,268,114,577730,27880,94013,13943,0.2582533624810108,0.3333811539105277
7391,0.7751,16,29,16,577759,27851,94029,13927,0.2579847345214717,0.33335726937622673
7392,0.7752,6,21,6,577780,27830,94035,13921,0.25779021082663306,0.33342913942181024
7393,0.7753,9,16,9,577796,27814,94044,13912,0.2576420022972322,0.3334132195753247
7394,0.7754,2,11,2,577807,27803,94046,13910,0.2575401089332691,0.33346918226931654
7395,0.7755,10,43,10,577850,27760,94056,13900,0.2571417985105043,0.33365338454152665
7396,0.7756,7,36,7,577886,27724,94063,13893,0.2568083293193523,0.3338299252709229
7397,0.7757,37,63,37,577949,27661,94100,13856,0.2562247582348364,0.33374280415251584
7398,0.7758,7,33,7,577982,27628,94107,13849,0.2559190781429471,0.33389589410998866
7399,0.7759,5,31,5,578013,27597,94112,13844,0.25563192411723296,0.3340652976520837
7400,0.776,20,49,20,578062,27548,94132,13824,0.2551780354959428,0.3341390312288504
7401,0.7761,3,3,3,578065,27545,94135,13821,0.2551502463966801,0.33411497364985737
7402,0.7762,10,25,10,578090,27520,94145,13811,0.2549186705694913,0.3341559604171203
7403,0.7763,13,9,13,578099,27511,94158,13798,0.2548353032717033,0.33401922099300396
7404,0.7764,19,47,19,578146,27464,94177,13779,0.2543999407165882,0.33409305821593965
7405,0.7765,8,43,8,578189,27421,94185,13771,0.2540016302938234,0.33431248786172074
7406,0.7766,6,20,6,578209,27401,94191,13765,0.2538163696320723,0.3343778846620998
7407,0.7767,70,143,70,578352,27258,94261,13695,0.25249175590055206,0.33440773569701854
7408,0.7768,3,9,3,578361,27249,94264,13692,0.2524083886027641,0.3344324760020517
7409,0.7769,14,32,14,578393,27217,94278,13678,0.25211197154396237,0.3344663161755716
7410,0.777,8,9,8,578402,27208,94286,13670,0.25202860424617435,0.3344097069328245
7411,0.7771,2,16,2,578418,27192,94288,13668,0.2518803957167735,0.3345080763582966
7412,0.7772,12,35,12,578453,27157,94300,13656,0.2515561895587091,0.334599269840492
7413,0.7773,13,20,13,578473,27137,94313,13643,0.251370928896958,0.33455125061304564
7414,0.7774,15,52,15,578525,27085,94328,13628,0.2508892511764052,0.33473337754525584
7415,0.7775,17,23,17,578548,27062,94345,13611,0.25067620141539143,0.3346446045288029
7416,0.7776,10,43,10,578591,27019,94355,13601,0.25027789099262665,0.3348350566223535
7417,0.7777,0,2,0,578593,27017,94355,13601,0.2502593649264515,0.33485154365059827
7418,0.7778,7,22,7,578615,26995,94362,13594,0.2500555781985253,0.3349183276257114
7419,0.7779,8,34,8,578649,26961,94370,13586,0.2497406350735485,0.3350679458406294
7420,0.778,8,22,8,578671,26939,94378,13578,0.2495368483456223,0.3351185921958684
7421,0.7781,11,38,11,578709,26901,94389,13567,0.24918485308829524,0.3352525452209153
7422,0.7782,7,25,7,578734,26876,94396,13560,0.2489532772611064,0.3353447423088337
7423,0.7783,7,32,7,578766,26844,94403,13553,0.24865686020230465,0.33549521004034955
7424,0.7784,2,9,2,578775,26835,94405,13551,0.24857349290451666,0.3355370673005497
7425,0.7785,9,11,9,578786,26824,94414,13542,0.24847159954055356,0.3354803547540009
7426,0.7786,9,21,9,578807,26803,94423,13533,0.24827707584571493,0.3355067433558112
7427,0.7787,11,18,11,578825,26785,94434,13522,0.24811034125013895,0.33547522762795545
7428,0.7788,4,16,4,578841,26769,94438,13518,0.24796213272073808,0.33554248268672277
7429,0.7789,6,7,6,578848,26762,94444,13512,0.2478972914891252,0.33550181258380096
7430,0.779,4,17,4,578865,26745,94448,13508,0.24773981992663677,0.33557747248652275
7431,0.7791,6,12,6,578877,26733,94454,13502,0.24762866352958612,0.33557847645085126
7432,0.7792,12,35,12,578912,26698,94466,13490,0.24730445737152174,0.33567234000199064
7433,0.7793,2,20,2,578932,26678,94468,13488,0.24711919670977064,0.335806403425783
7434,0.7794,0,8,0,578940,26670,94468,13488,0.24704509244507022,0.3358733004631705
7435,0.7795,5,14,5,578954,26656,94473,13483,0.24691540998184444,0.33590772067066943
7436,0.7796,24,31,24,578985,26625,94497,13459,0.24662825595613028,0.3357698832451851
7437,0.7797,8,17,8,579002,26608,94505,13451,0.24647078439364187,0.335779724905764
7438,0.7798,17,28,17,579030,26580,94522,13434,0.24621141946719033,0.33573249362723045
7439,0.7799,10,17,10,579047,26563,94532,13424,0.24605394790470192,0.33570910545927424
7440,0.78,58,166,58,579213,26397,94590,13366,0.2445162844121679,0.3361416392123331
7441,0.7801,8,26,8,579239,26371,94598,13358,0.2442754455518915,0.33622794432278685
7442,0.7802,7,12,7,579251,26359,94605,13351,0.24416428915484087,0.3362125409216822
7443,0.7803,4,17,4,579268,26342,94609,13347,0.24400681759235243,0.3362896520446471
7444,0.7804,10,22,10,579290,26320,94619,13337,0.24380303086442626,0.336308848374814
7445,0.7805,17,44,17,579334,26276,94636,13320,0.24339545740857385,0.3363976159208001
7446,0.7806,6,27,6,579361,26249,94642,13314,0.2431453555152099,0.33652655258701314
7447,0.7807,4,5,4,579366,26244,94646,13310,0.24309904034977212,0.33650199726955554
7448,0.7808,15,32,15,579398,26212,94661,13295,0.24280262329097038,0.3365226415571924
7449,0.7809,11,13,11,579411,26199,94672,13284,0.2426822038608322,0.3364485981308411
7450,0.781,4,0,4,579411,26199,94676,13280,0.2426822038608322,0.3363813673092024
7451,0.7811,3,15,3,579426,26184,94679,13277,0.24254325836451887,0.3364587820886445
7452,0.7812,20,31,20,579457,26153,94699,13257,0.2422561043388047,0.3363867038822634
7453,0.7813,6,22,6,579479,26131,94705,13251,0.2420523176108785,0.3364735158194099
7454,0.7814,20,44,20,579523,26087,94725,13231,0.24164474415502613,0.33651253878630655
7455,0.7815,11,40,11,579563,26047,94736,13220,0.24127422283152394,0.3366694680011205
7456,0.7816,4,21,4,579584,26026,94740,13216,0.2410796991366853,0.3367820192650731
7457,0.7817,28,47,28,579631,25979,94768,13188,0.24064433658157028,0.3367120279827406
7458,0.7818,8,6,8,579637,25973,94776,13180,0.24058875838304494,0.3366281000178786
7459,0.7819,13,17,13,579654,25956,94789,13167,0.24043128682055653,0.3365539452495974
7460,0.782,19,32,19,579686,25924,94808,13148,0.2401348697617548,0.3365069615069615
7461,0.7821,3,16,3,579702,25908,94811,13145,0.23998666123235393,0.3365938596266612
7462,0.7822,28,60,28,579762,25848,94839,13117,0.23943087924710066,0.33663544206339024
7463,0.7823,19,25,19,579787,25823,94858,13098,0.23919930341991183,0.3365278384419722
7464,0.7824,13,35,13,579822,25788,94871,13085,0.2388750972618474,0.3366089573740128
7465,0.7825,8,14,8,579836,25774,94879,13077,0.23874541479862166,0.3365936526730329
7466,0.7826,4,14,4,579850,25760,94883,13073,0.2386157323353959,0.33664666649499136
7467,0.7827,3,20,3,579870,25740,94886,13070,0.2384304716736448,0.336768874001546
7468,0.7828,6,19,6,579889,25721,94892,13064,0.2382544740449813,0.33683124919427615
7469,0.7829,2,12,2,579901,25709,94894,13062,0.23814331764793065,0.3369012922029352
7470,0.783,2,11,2,579912,25698,94896,13060,0.23804142428396755,0.3369626915733526
7471,0.7831,2,13,2,579925,25685,94898,13058,0.23792100485382933,0.3370415300828537
7472,0.7832,11,30,11,579955,25655,94909,13047,0.2376431138612027,0.33711436101493464
7473,0.7833,98,259,98,580214,25396,95007,12949,0.23524398829152618,0.3376972225844308
7474,0.7834,15,46,15,580260,25350,95022,12934,0.2348178887694987,0.3378434855292028
7475,0.7835,5,14,5,580274,25336,95027,12929,0.23468820630627293,0.3378805697112244
7476,0.7836,1,18,1,580292,25318,95028,12928,0.23452147171069695,0.33802227683940805
7477,0.7837,7,19,7,580311,25299,95035,12921,0.23434547408203343,0.3380690737833595
7478,0.7838,14,23,14,580334,25276,95049,12907,0.23413242432101966,0.33803001335672944
7479,0.7839,1,13,1,580347,25263,95050,12906,0.23401200489088148,0.3381278000471587
7480,0.784,10,21,10,580368,25242,95060,12896,0.23381748119604284,0.33814043735906446
7481,0.7841,7,19,7,580387,25223,95067,12889,0.2336414835673793,0.3381874475230898
7482,0.7842,7,20,7,580407,25203,95074,12882,0.23345622290562823,0.33824340291453325
7483,0.7843,14,18,14,580425,25185,95088,12868,0.23328948831005225,0.33815993482774026
7484,0.7844,5,20,5,580445,25165,95093,12863,0.23310422764830116,0.3382507625959819
7485,0.7845,9,38,9,580483,25127,95102,12854,0.2327522323909741,0.33843237408177773
7486,0.7846,10,32,10,580515,25095,95112,12844,0.23245581533217236,0.3385434513297662
7487,0.7847,1,3,1,580518,25092,95113,12843,0.2324280262329097,0.3385527876631079
7488,0.7848,5,23,5,580541,25069,95118,12838,0.23221497647189596,0.338670957870578
7489,0.7849,9,31,9,580572,25038,95127,12829,0.23192782244618176,0.33879103176908654
7490,0.785,25,45,25,580617,24993,95152,12804,0.23151098595724184,0.3387570442098579
7491,0.7851,15,15,15,580632,24978,95167,12789,0.23137204046092852,0.33862896179204066
7492,0.7852,8,15,8,580647,24963,95175,12781,0.23123309496461522,0.33862335735481136
7493,0.7853,4,14,4,580661,24949,95179,12777,0.23110341250138947,0.338678895191645
7494,0.7854,4,11,4,580672,24938,95183,12773,0.23100151913742636,0.3387075389143751
7495,0.7855,15,28,15,580700,24910,95198,12758,0.23074215421097485,0.33869597536370394
7496,0.7856,7,19,7,580719,24891,95205,12751,0.2305661565823113,0.33874395621911696
7497,0.7857,26,61,26,580780,24830,95231,12725,0.23000111156397052,0.33883637331913197
7498,0.7858,6,13,6,580793,24817,95237,12719,0.2298806921338323,0.3388480392156863
7499,0.7859,17,20,17,580813,24797,95254,12702,0.2296954314720812,0.3387290327742073
7500,0.786,10,19,10,580832,24778,95264,12692,0.2295194338434177,0.3387243127835602
7501,0.7861,18,43,18,580875,24735,95282,12674,0.22912112342065286,0.3387954770242455
7502,0.7862,8,22,8,580897,24713,95290,12666,0.22891733669272665,0.338853366863747
7503,0.7863,3,15,3,580912,24698,95293,12663,0.22877839119641336,0.3389363239741977
7504,0.7864,9,14,9,580926,24684,95302,12654,0.2286487087331876,0.33890406556323316
7505,0.7865,9,20,9,580946,24664,95311,12645,0.2284634480714365,0.3389262644402155
7506,0.7866,21,41,21,580987,24623,95332,12624,0.22808366371484678,0.3389266249630843
7507,0.7867,9,48,9,581035,24575,95341,12615,0.22763903812664418,0.3392040871201936
7508,0.7868,3,11,3,581046,24564,95344,12612,0.22753714476268108,0.3392511297611362
7509,0.7869,8,19,8,581065,24545,95352,12604,0.22736114713401756,0.3392823494575897
7510,0.787,1,23,1,581088,24522,95353,12603,0.22714809737300382,0.3394747474747475
7511,0.7871,11,36,11,581124,24486,95364,12592,0.22681462818185186,0.33960839311721236
7512,0.7872,18,23,18,581147,24463,95382,12574,0.2266015784208381,0.3394983394983395
7513,0.7873,10,14,10,581161,24449,95392,12564,0.22647189595761236,0.3394483019479642
7514,0.7874,5,12,5,581173,24437,95397,12559,0.2263607395605617,0.33946913179803223
7515,0.7875,13,37,13,581210,24400,95410,12546,0.2260180073363222,0.3395766794781573
7516,0.7876,8,3,8,581213,24397,95418,12538,0.22599021823705953,0.3394612156491133
7517,0.7877,7,24,7,581237,24373,95425,12531,0.22576790544295824,0.339556687621938
7518,0.7878,3,6,3,581243,24367,95428,12528,0.2257123272444329,0.3395582057189321
7519,0.7879,7,20,7,581263,24347,95435,12521,0.22552706658268185,0.3396170120429641
7520,0.788,13,43,13,581306,24304,95448,12508,0.225128756159917,0.3397805063566228
7521,0.7881,19,38,19,581344,24266,95467,12489,0.22477676090258994,0.339790504693239
7522,0.7882,4,9,4,581353,24257,95471,12485,0.22469339360480195,0.3398018616297425
7523,0.7883,22,84,22,581437,24173,95493,12463,0.22391529882544742,0.34018451796047605
7524,0.7885,7,37,7,581474,24136,95500,12456,0.2235725666012079,0.34040227372103193
7525,0.7886,10,9,10,581483,24127,95510,12446,0.2234891993034199,0.34030568998988325
7526,0.7887,23,47,23,581530,24080,95533,12423,0.22305383674830487,0.34032819220338056
7527,0.7888,9,25,9,581555,24055,95542,12414,0.222822260921116,0.3403986947818695
7528,0.7889,14,33,14,581588,24022,95556,12400,0.22251658082922673,0.34045357201691284
7529,0.789,14,19,14,581607,24003,95570,12386,0.22234058320056319,0.34037758663332324
7530,0.7891,6,10,6,581617,23993,95576,12380,0.22224795286968765,0.3403623566931515
7531,0.7892,34,65,34,581682,23928,95610,12346,0.22164585571899661,0.3403539725423168
7532,0.7893,3,9,3,581691,23919,95613,12343,0.22156248842120865,0.34038387292482486
7533,0.7894,4,24,4,581715,23895,95617,12339,0.22134017562710734,0.3405365126676602
7534,0.7895,3,8,3,581723,23887,95620,12336,0.22126607136240692,0.3405571046020484
7535,0.7896,0,1,0,581724,23886,95620,12336,0.22125680832931935,0.3405665065429849
7536,0.7897,10,16,10,581740,23870,95630,12326,0.22110859979991848,0.34053486573102
7537,0.7898,4,2,4,581742,23868,95634,12322,0.22109007373374337,0.3404807957999447
7538,0.7899,6,21,6,581763,23847,95640,12316,0.22089555003890474,0.3405690899538202
7539,0.79,26,82,26,581845,23765,95666,12290,0.2201359813257253,0.3408681181528221
7540,0.7901,3,12,3,581857,23753,95669,12287,0.22002482492867464,0.34092674805771367
7541,0.7902,9,33,9,581890,23720,95678,12278,0.21971914483678537,0.34107450413911883
7542,0.7903,1,6,1,581896,23714,95679,12277,0.21966356663826003,0.3411130560417882
7543,0.7904,3,7,3,581903,23707,95682,12274,0.21959872540664716,0.341124482365693
7544,0.7905,30,80,30,581983,23627,95712,12244,0.21885768275964282,0.34133422541886205
7545,0.7906,5,11,5,581994,23616,95717,12239,0.21875578939567972,0.3413470924557244
7546,0.7907,16,20,16,582014,23596,95733,12223,0.21857052873392863,0.3412434741338396
7547,0.7908,4,15,4,582029,23581,95737,12219,0.21843158323761533,0.34131284916201116
7548,0.7909,9,22,9,582051,23559,95746,12210,0.21822779650968913,0.34135704101316783
7549,0.791,3,6,3,582057,23553,95749,12207,0.21817221831116382,0.34135906040268454
7550,0.7911,3,4,3,582061,23549,95752,12204,0.2181351661788136,0.34134198528794785
7551,0.7912,1,13,1,582074,23536,95753,12203,0.21801474674867538,0.34144771817902014
7552,0.7913,13,15,13,582089,23521,95766,12190,0.21787580125236208,0.3413514043291983
7553,0.7914,15,30,15,582119,23491,95781,12175,0.21759791025973546,0.3413615207760893
7554,0.7915,3,9,3,582128,23482,95784,12172,0.21751454296194747,0.3413922701520166
7555,0.7916,12,20,12,582148,23462,95796,12160,0.21732928230019638,0.34136207961372184
7556,0.7917,73,212,73,582360,23250,95869,12087,0.21536551928563488,0.3420494099668902
7557,0.7918,9,26,9,582386,23224,95878,12078,0.21512468042535848,0.34213359016486317
7558,0.7919,5,9,5,582395,23215,95883,12073,0.2150413131275705,0.3421276354568125
7559,0.792,3,13,3,582408,23202,95886,12070,0.21492089369743228,0.3421977772737582
7560,0.7921,8,33,8,582441,23169,95894,12062,0.214615213605543,0.3423689364480145
7561,0.7922,11,52,11,582493,23117,95905,12051,0.21413353588499018,0.3426694722474977
7562,0.7923,7,45,7,582538,23072,95912,12044,0.21371669939605023,0.3429775600865702
7563,0.7924,10,52,10,582590,23020,95922,12034,0.21323502167549743,0.3432989102527529
7564,0.7925,10,16,10,582606,23004,95932,12024,0.21308681314609657,0.3432682425488181
7565,0.7926,0,9,0,582615,22995,95932,12024,0.21300344584830858,0.3433564636340272
7566,0.7927,6,17,6,582632,22978,95938,12018,0.21284597428582014,0.3434106755057721
7567,0.7928,16,15,16,582647,22963,95954,12002,0.21270702878950684,0.34325754325754326
7568,0.7929,13,13,13,582660,22950,95967,11989,0.21258660935936863,0.34314090271616243
7569,0.793,5,15,5,582675,22935,95972,11984,0.21244766386305533,0.34319424954895617
7570,0.7931,8,19,8,582694,22916,95980,11976,0.21227166623439178,0.34323053995185143
7571,0.7932,5,19,5,582713,22897,95985,11971,0.21209566860572826,0.3433233910749111
7572,0.7933,26,63,26,582776,22834,96011,11945,0.21151209752121233,0.34345438339227696
7573,0.7934,4,8,4,582784,22826,96015,11941,0.2114379932565119,0.3434578767221791
7574,0.7935,10,23,10,582807,22803,96025,11931,0.21122494349549817,0.3434962860597685
7575,0.7936,5,4,5,582811,22799,96030,11926,0.21118789136314794,0.3434413246940245
7576,0.7937,8,18,8,582829,22781,96038,11918,0.21102115676757197,0.3434681114729531
7577,0.7938,6,24,6,582853,22757,96044,11912,0.21079884397347068,0.34359225821338946
7578,0.7939,9,20,9,582873,22737,96053,11903,0.2106135833117196,0.3436200923787529
7579,0.794,14,35,14,582908,22702,96067,11889,0.2102893771536552,0.3437021190483074
7580,0.7941,11,25,11,582933,22677,96078,11878,0.21005780132646634,0.3437418608016206
7581,0.7942,12,23,12,582956,22654,96090,11866,0.2098447515654526,0.3437427578215527
7582,0.7943,2,8,2,582964,22646,96092,11864,0.20977064730075215,0.3437844103158505
7583,0.7944,14,36,14,583000,22610,96106,11850,0.20943717810960022,0.3438769587928033
7584,0.7945,3,4,3,583004,22606,96109,11847,0.20940012597725,0.34385975096508287
7585,0.7946,11,18,11,583022,22588,96120,11836,0.20923339138167402,0.3438298861259586
7586,0.7947,5,8,5,583030,22580,96125,11831,0.20915928711697357,0.34381447792856934
7587,0.7948,9,23,9,583053,22557,96134,11822,0.20894623735595982,0.3438727129933971
7588,0.7949,3,7,3,583060,22550,96137,11819,0.20888139612434695,0.34388547819255727
7589,0.795,3,27,3,583087,22523,96140,11816,0.208631294230983,0.34409854684178337
7590,0.7951,5,12,5,583099,22511,96145,11811,0.20852013783393233,0.34412330283782994
7591,0.7952,15,22,15,583121,22489,96160,11796,0.20831635110600616,0.3440571678576637
7592,0.7953,2,12,2,583133,22477,96162,11794,0.2082051947089555,0.3441393598085845
7593,0.7954,11,36,11,583169,22441,96173,11783,0.20787172551780356,0.3442905563347359
7594,0.7955,10,18,10,583187,22423,96183,11773,0.20770499092222758,0.3442800327523687
7595,0.7956,16,15,16,583202,22408,96199,11757,0.20756604542591425,0.3441241036148105
7596,0.7957,16,13,16,583215,22395,96215,11741,0.20744562599577607,0.34394773845793297
7597,0.7958,7,26,7,583241,22369,96222,11734,0.20720478713549964,0.34407530129314134
7598,0.7959,2,5,2,583246,22364,96224,11732,0.20715847197006187,0.34408728296574376
7599,0.796,8,21,8,583267,22343,96232,11724,0.20696394827522324,0.34414536061290985
7600,0.7961,3,10,3,583277,22333,96235,11721,0.2068713179443477,0.3441886415692723
7601,0.7962,10,15,10,583292,22318,96245,11711,0.20673237244803438,0.34414763877868876
7602,0.7963,12,32,12,583324,22286,96257,11699,0.20643595538923265,0.3442401059290864
7603,0.7964,14,22,14,583346,22264,96271,11685,0.20623216866130645,0.34419275972782704
7604,0.7965,1,4,1,583350,22260,96272,11684,0.20619511652895625,0.3442139995286354
7605,0.7966,18,48,18,583398,22212,96290,11666,0.20575049094075365,0.3443532676072968
7606,0.7967,35,122,35,583520,22090,96325,11631,0.20462040090407202,0.34491859672014474
7607,0.7968,3,7,3,583527,22083,96328,11628,0.20455555967245914,0.34493192133131617
7608,0.7969,11,27,11,583554,22056,96339,11617,0.20430545777909517,0.3449945059840228
7609,0.797,25,28,25,583582,22028,96364,11592,0.20404609285264366,0.34479476502082096
7610,0.7971,9,22,9,583604,22006,96373,11583,0.2038423061247175,0.3448450385542886
7611,0.7972,11,35,11,583639,21971,96384,11572,0.20351809996665307,0.3449900128193662
7612,0.7973,3,15,3,583654,21956,96387,11569,0.20337915447033977,0.34508575689783744
7613,0.7974,0,4,0,583658,21952,96387,11569,0.20334210233798955,0.3451269353539572
7614,0.7975,5,12,5,583670,21940,96392,11564,0.2032309459409389,0.345152817574021
7615,0.7976,9,24,9,583694,21916,96401,11555,0.2030086331468376,0.3452242239550656
7616,0.7977,3,4,3,583698,21912,96404,11552,0.2029715810144874,0.3452067893856084
7617,0.7978,9,24,9,583722,21888,96413,11543,0.20274926822038608,0.3452783344799737
7618,0.7979,17,28,17,583750,21860,96430,11526,0.20248990329393457,0.3452345294434793
7619,0.798,7,9,7,583759,21851,96437,11519,0.20240653599614658,0.3451902906802517
7620,0.7981,11,31,11,583790,21820,96448,11508,0.2021193819704324,0.34529524723955834
7621,0.7982,5,8,5,583798,21812,96453,11503,0.20204527770573197,0.34527990394717095
7622,0.7983,13,61,13,583859,21751,96466,11490,0.20148023268739115,0.34565747119521073
7623,0.7984,6,9,6,583868,21742,96472,11484,0.20139686538960316,0.345632938060555
7624,0.7985,7,26,7,583894,21716,96479,11477,0.20115602652932676,0.3457656734853734
7625,0.7986,1,8,1,583902,21708,96480,11476,0.20108192226462632,0.34582931533269046
7626,0.7987,1,11,1,583913,21697,96481,11475,0.20098002890066324,0.3459242734836609
7627,0.7988,13,33,13,583946,21664,96494,11462,0.20067434880877394,0.3460121958582382
7628,0.7989,20,38,20,583984,21626,96514,11442,0.2003223535514469,0.3460142736179993
7629,0.799,12,38,12,584022,21588,96526,11430,0.19997035829411983,0.3461748137379611
7630,0.7991,1,6,1,584028,21582,96527,11429,0.1999147800955945,0.3462179273575475
7631,0.7992,4,8,4,584036,21574,96531,11425,0.19984067583089407,0.34622261280644867
7632,0.7993,10,23,10,584059,21551,96541,11415,0.19962762606988033,0.34626584966328944
7633,0.7994,12,30,12,584089,21521,96553,11403,0.1993497350772537,0.34634309318430323
7634,0.7995,4,16,4,584105,21505,96557,11399,0.19920152654785284,0.34643204473620226
7635,0.7996,8,12,8,584117,21493,96565,11391,0.19909037015080217,0.3463994647853059
7636,0.7997,26,75,26,584192,21418,96591,11365,0.19839564266923562,0.3466735808193271
7637,0.7998,14,21,14,584213,21397,96605,11351,0.198201118974397,0.3466165872725052
7638,0.7999,12,33,12,584246,21364,96617,11339,0.19789543888250768,0.34672660000611566
7639,0.8,357,827,357,585073,20537,96974,10982,0.19023491051910038,0.34842475966877123
7640,0.8001,4,13,4,585086,20524,96978,10978,0.19011449108896217,0.3484858104247349
7641,0.8002,14,29,14,585115,20495,96992,10964,0.1898458631294231,0.3485171175180394
7642,0.8003,6,7,6,585122,20488,96998,10958,0.1897810218978102,0.3484703936907715
7643,0.8004,1,6,1,585128,20482,96999,10957,0.1897254436992849,0.348516174178568
7644,0.8005,3,7,3,585135,20475,97002,10954,0.18966060246767202,0.3485316109325782
7645,0.8006,14,43,14,585178,20432,97016,10940,0.1892622920449072,0.34871860257554504
7646,0.8007,8,19,8,585197,20413,97024,10932,0.18908629441624367,0.34876375817514754
7647,0.8008,18,38,18,585235,20375,97042,10914,0.1887342991589166,0.3488126817731471
7648,0.8009,9,14,9,585249,20361,97051,10905,0.18860461669569084,0.34878142391095757
7649,0.801,12,16,12,585265,20345,97063,10893,0.18845640816628997,0.3487099046033677
7650,0.8011,20,33,20,585298,20312,97083,10873,0.18815072807440067,0.34866121532788197
7651,0.8012,9,15,9,585313,20297,97092,10864,0.18801178257808737,0.34864092936683677
7652,0.8013,5,13,5,585326,20284,97097,10859,0.18789136314794916,0.34868188678033585
7653,0.8014,13,30,13,585356,20254,97110,10846,0.18761347215532254,0.3487459807073955
7654,0.8015,4,5,4,585361,20249,97114,10842,0.18756715698988477,0.34871827860152455
7655,0.8016,14,35,14,585396,20214,97128,10828,0.18724295083182038,0.3488177308163134
7656,0.8017,26,65,26,585461,20149,97154,10802,0.18664085368112934,0.349003263222513
7657,0.8018,6,11,6,585472,20138,97160,10796,0.18653896031716624,0.3490010991142432
7658,0.8019,18,25,18,585497,20113,97178,10778,0.18630738448997738,0.3489042115826616
7659,0.802,11,26,11,585523,20087,97189,10767,0.18606654562970099,0.348966098398911
7660,0.8021,1,13,1,585536,20074,97190,10766,0.18594612619956277,0.34909208819714654
7661,0.8022,6,10,6,585546,20064,97196,10760,0.18585349586868724,0.34907864002076305
7662,0.8023,2,13,2,585559,20051,97198,10758,0.18573307643854903,0.34918368009347917
7663,0.8024,7,29,7,585588,20022,97205,10751,0.18546444847900997,0.3493647028239041
7664,0.8025,8,25,8,585613,19997,97213,10743,0.18523287265182112,0.34947950553025375
7665,0.8026,16,18,16,585631,19979,97229,10727,0.18506613805624514,0.34934540480687815
7666,0.8027,7,29,7,585660,19950,97236,10720,0.18479751009670606,0.34952722530159763
7667,0.8028,3,14,3,585674,19936,97239,10717,0.1846678276334803,0.349623201644211
7668,0.8029,11,17,11,585691,19919,97250,10706,0.1845103560709919,0.34958367346938773
7669,0.803,2,6,2,585697,19913,97252,10704,0.18445477787246656,0.34960969396087144
7670,0.8031,6,10,6,585707,19903,97258,10698,0.18436214754159103,0.3495964184176988
7671,0.8032,6,16,6,585723,19887,97264,10692,0.18421393901219016,0.34965172176984205
7672,0.8033,8,36,8,585759,19851,97272,10684,0.1838804698210382,0.3498935647617488
7673,0.8034,9,26,9,585785,19825,97281,10675,0.1836396309607618,0.35
7674,0.8035,12,39,12,585824,19786,97293,10663,0.1832783726703472,0.35019212453610954
7675,0.8036,3,14,3,585838,19772,97296,10660,0.1831486902071214,0.35028916929547843
7676,0.8037,5,12,5,585850,19760,97301,10655,0.18303753381007076,0.35032056551043894
7677,0.8038,8,26,8,585876,19734,97309,10647,0.18279669494979436,0.3504492939666239
7678,0.8039,12,26,12,585902,19708,97321,10635,0.18255585608951796,0.35049270012853045
7679,0.804,14,15,14,585917,19693,97335,10621,0.18241691059320464,0.350366167447384
7680,0.8041,5,15,5,585932,19678,97340,10616,0.18227796509689131,0.35043242886380144
7681,0.8042,10,30,10,585962,19648,97350,10606,0.1820000741042647,0.35056521451708866
7682,0.8043,3,7,3,585969,19641,97353,10603,0.18193523287265181,0.3505819336066658
7683,0.8044,8,12,8,585981,19629,97361,10595,0.18182407647560117,0.3505492323980942
7684,0.8045,27,42,27,586023,19587,97388,10568,0.1814350290859239,0.35045597744984247
7685,0.8046,4,14,4,586037,19573,97392,10564,0.18130534662269815,0.35053256793974186
7686,0.8047,8,11,8,586048,19562,97400,10556,0.18120345325873505,0.35048808021780997
7687,0.8048,14,26,14,586074,19536,97414,10542,0.18096261439845862,0.3504887293038101
7688,0.8049,4,9,4,586083,19527,97418,10538,0.18087924710067063,0.3505072343256278
7689,0.805,37,91,37,586174,19436,97455,10501,0.18003631108970322,0.35076995022881385
7690,0.8051,4,9,4,586183,19427,97459,10497,0.17995294379191523,0.3507886646170298
7691,0.8052,5,17,5,586200,19410,97464,10492,0.1797954722294268,0.3508795398301117
7692,0.8053,5,5,5,586205,19405,97469,10487,0.17974915706398903,0.350829653418975
7693,0.8054,2,5,2,586210,19400,97471,10485,0.17970284189855126,0.3508449054709721
7694,0.8055,9,23,9,586233,19377,97480,10476,0.17948979213753752,0.3509195055773289
7695,0.8056,11,20,11,586253,19357,97491,10465,0.17930453147578643,0.35091543156059285
7696,0.8057,5,15,5,586268,19342,97496,10460,0.17916558597947313,0.3509831554929199
7697,0.8058,8,15,8,586283,19327,97504,10452,0.1790266404831598,0.35098559387487827
7698,0.8059,7,14,7,586297,19313,97511,10445,0.17889695801993405,0.3509980509442839
7699,0.806,7,9,7,586306,19304,97518,10438,0.17881359072214606,0.350951516374151
7700,0.8061,8,25,8,586331,19279,97526,10430,0.1785820148949572,0.3510720657039954
7701,0.8062,10,34,10,586365,19245,97536,10420,0.17826707176998036,0.3512556885218271
7702,0.8063,9,22,9,586387,19223,97545,10411,0.17806328504205418,0.35131943038401836
7703,0.8064,5,12,5,586399,19211,97550,10406,0.1779521286450035,0.3513522639024884
7704,0.8065,8,18,8,586417,19193,97558,10398,0.17778539404942753,0.3513906255280322
7705,0.8066,0,5,0,586422,19188,97558,10398,0.17773907888398977,0.35145001013993105
7706,0.8067,32,87,32,586509,19101,97590,10366,0.17693319500537255,0.35178335086707163
7707,0.8068,12,33,12,586542,19068,97602,10354,0.17662751491348327,0.35191353409013665
7708,0.8069,8,10,8,586552,19058,97610,10346,0.17653488458260774,0.35185689021901784
7709,0.807,5,18,5,586570,19040,97615,10341,0.17636814998703176,0.35196215241142237
7710,0.8071,13,39,13,586609,19001,97628,10328,0.17600689169661715,0.35214293020559856
7711,0.8072,7,7,7,586616,18994,97635,10321,0.17594205046500427,0.3520723179259765
7712,0.8073,9,25,9,586641,18969,97644,10312,0.17571047463781542,0.3521737645572214
7713,0.8074,10,17,10,586658,18952,97654,10302,0.17555300307532698,0.35215696998701035
7714,0.8075,7,25,7,586683,18927,97661,10295,0.17532142724813812,0.3523030593388543
7715,0.8076,7,18,7,586701,18909,97668,10288,0.17515469265256214,0.35236496900366476
7716,0.8077,0,7,0,586708,18902,97668,10288,0.17508985142094927,0.3524494689962316
7717,0.8078,4,7,4,586715,18895,97672,10284,0.1750250101893364,0.3524452517221289
7718,0.8079,6,17,6,586732,18878,97678,10278,0.17486753862684798,0.35251749211140077
7719,0.808,6,11,6,586743,18867,97684,10272,0.17476564526288488,0.35251724492947595
7720,0.8081,16,22,16,586765,18845,97700,10256,0.17456185853495867,0.3524277516236555
7721,0.8082,6,4,6,586769,18841,97706,10250,0.17452480640260848,0.35234264892922207
7722,0.8083,56,152,56,586921,18689,97762,10194,0.17311682537330023,0.35294117647058826
7723,0.8084,3,4,3,586925,18685,97765,10191,0.17307977324095003,0.35292284249896105
7724,0.8085,3,8,3,586933,18677,97768,10188,0.17300566897624958,0.35295340377619955
7725,0.8086,0,7,0,586940,18670,97768,10188,0.1729408277446367,0.3530390186430106
7726,0.8087,12,17,12,586957,18653,97780,10176,0.1727833561821483,0.35297790419369385
7727,0.8088,9,21,9,586978,18632,97789,10167,0.17258883248730963,0.35303309142678563
7728,0.8089,6,15,6,586993,18617,97795,10161,0.17244988699099634,0.35308221558134684
7729,0.809,3,9,3,587002,18608,97798,10158,0.17236651969320835,0.35312521727038865
7730,0.8091,8,11,8,587013,18597,97806,10150,0.17226462632924525,0.35308032142484436
7731,0.8092,13,36,13,587049,18561,97819,10137,0.1719311571380933,0.3532301902571608
7732,0.8093,8,8,8,587057,18553,97827,10129,0.17185705287339287,0.35314831601701413
7733,0.8094,4,6,4,587063,18547,97831,10125,0.17180147467486753,0.35313197544642855
7734,0.8095,9,20,9,587083,18527,97840,10116,0.17161621401311644,0.3531752958838111
7735,0.8096,6,10,6,587093,18517,97846,10110,0.1715235836822409,0.35316309777482796
7736,0.8097,3,6,3,587099,18511,97849,10107,0.17146800548371557,0.35316933398560346
7737,0.8098,13,24,13,587123,18487,97862,10094,0.1712456926896143,0.35317168748469263
7738,0.8099,7,19,7,587142,18468,97869,10087,0.17106969506095077,0.3532481176676589
7739,0.81,34,77,34,587219,18391,97903,10053,0.17035644151320908,0.35343130361411895
7740,0.8101,7,27,7,587246,18364,97910,10046,0.17010633961984511,0.3536078845476945
7741,0.8102,12,16,12,587262,18348,97922,10034,0.16995813109044425,0.3535339299556057
7742,0.8103,7,7,7,587269,18341,97929,10027,0.16989328985883137,0.3534616469261139
7743,0.8104,16,18,16,587287,18323,97945,10011,0.1697265552632554,0.3533210983270982
7744,0.8105,10,24,10,587311,18299,97955,10001,0.1695042424691541,0.35339222614840987
7745,0.8106,10,18,10,587329,18281,97965,9991,0.16933750787357812,0.35338851160158463
7746,0.8107,15,22,15,587351,18259,97980,9976,0.16913372114565192,0.3533203470869488
7747,0.8108,3,18,3,587369,18241,97983,9973,0.16896698655007597,0.35347699723541504
7748,0.8109,5,15,5,587384,18226,97988,9968,0.16882804105376265,0.3535504007944953
7749,0.811,11,25,11,587409,18201,97999,9957,0.1685964652265738,0.3536117621990198
7750,0.8111,11,38,11,587447,18163,98010,9946,0.16824446996924672,0.353836849407663
7751,0.8112,3,16,3,587463,18147,98013,9943,0.16809626143984585,0.35396938412246354
7752,0.8113,14,29,14,587492,18118,98027,9929,0.1678276334803068,0.35401290690626447
7753,0.8114,11,25,11,587517,18093,98038,9918,0.16759605765311794,0.3540751847488487
7754,0.8115,2,4,2,587521,18089,98040,9916,0.16755900552076772,0.3540796286377433
7755,0.8116,7,21,7,587542,18068,98047,9909,0.16736448182592908,0.3541837938306466
7756,0.8117,7,30,7,587572,18038,98054,9902,0.16708659083330246,0.35440229062276307
7757,0.8118,6,23,6,587595,18015,98060,9896,0.16687354107228872,0.35455555157464796
7758,0.8119,12,24,12,587619,17991,98072,9884,0.1666512282781874,0.3545829596412556
7759,0.8121,5,19,5,587638,17972,98077,9879,0.16647523064952388,0.3547089871099781
7760,0.8122,6,14,6,587652,17958,98083,9873,0.16634554818629813,0.35474830225288345
7761,0.8123,5,14,5,587666,17944,98088,9868,0.16621586572307237,0.3548108730044585
7762,0.8124,6,19,6,587685,17925,98094,9862,0.16603986809440882,0.35491416849605933
7763,0.8125,8,15,8,587700,17910,98102,9854,0.16590092259809552,0.3549200403400086
7764,0.8126,11,14,11,587714,17896,98113,9843,0.16577124013486977,0.35484336133242006
7765,0.8127,9,9,9,587723,17887,98122,9834,0.16568787283708178,0.35474910717506586
7766,0.8128,7,17,7,587740,17870,98129,9827,0.16553040127459334,0.35480376936130265
7767,0.8129,8,24,8,587764,17846,98137,9819,0.16530808848049205,0.3549249954816555
7768,0.813,3,20,3,587784,17826,98140,9816,0.16512282781874096,0.35511178641198177
7769,0.8131,13,40,13,587824,17786,98153,9803,0.1647523064952388,0.35532277356917613
7770,0.8132,1,5,1,587829,17781,98154,9802,0.16470599132980104,0.3553638110430338
7771,0.8133,39,88,39,587917,17693,98193,9763,0.16389084441809626,0.3555871212121212
7772,0.8135,13,26,13,587943,17667,98206,9750,0.16365000555781986,0.35561877667140823
7773,0.8136,20,29,20,587972,17638,98226,9730,0.16338137759828078,0.35552470038000583
7774,0.8137,10,33,10,588005,17605,98236,9720,0.1630756975063915,0.3557182067703568
7775,0.8138,5,16,5,588021,17589,98241,9715,0.16292748897699064,0.3558086727219455
7776,0.8139,1,10,1,588031,17579,98242,9714,0.16283485864611508,0.35591543619243027
7777,0.814,6,5,6,588036,17574,98248,9708,0.1627885434806773,0.3558390147349901
7778,0.8141,3,6,3,588042,17568,98251,9705,0.16273296528215198,0.35584644153558465
7779,0.8142,4,0,4,588042,17568,98255,9701,0.16273296528215198,0.35575195276687815
7780,0.8143,1,5,1,588047,17563,98256,9700,0.1626866501167142,0.35579356637200604
7781,0.8144,8,21,8,588068,17542,98264,9692,0.16249212642187558,0.3558786810604392
7782,0.8145,7,19,7,588087,17523,98271,9685,0.16231612879321206,0.3559614819170832
7783,0.8146,11,35,11,588122,17488,98282,9674,0.16199192263514764,0.3561593402547677
7784,0.8147,7,14,7,588136,17474,98289,9667,0.16186224017192188,0.3561770015843189
7785,0.8148,5,15,5,588151,17459,98294,9662,0.1617232946756086,0.3562553003207846
7786,0.8149,4,20,4,588171,17439,98298,9658,0.1615380340138575,0.35642322028268814
7787,0.815,43,72,43,588243,17367,98341,9615,0.1608710956315536,0.35634867689570826
7788,0.8151,11,18,11,588261,17349,98352,9604,0.16070436103597763,0.35632397135754834
7789,0.8152,12,13,12,588274,17336,98364,9592,0.16058394160583941,0.3562091503267974
7790,0.8153,3,11,3,588285,17325,98367,9589,0.1604820482418763,0.3562829754031359
7791,0.8154,3,10,3,588295,17315,98370,9586,0.16038941791100078,0.3563436303483142
7792,0.8155,7,12,7,588307,17303,98377,9579,0.16027826151395014,0.3563350941150212
7793,0.8156,7,17,7,588324,17286,98384,9572,0.1601207899514617,0.35639288107826345
7794,0.8157,12,20,12,588344,17266,98396,9560,0.1599355292897106,0.35637068515619175
7795,0.8158,4,10,4,588354,17256,98400,9556,0.15984289895883508,0.35640757869610623
7796,0.8159,16,31,16,588385,17225,98416,9540,0.1595557449331209,0.3564356435643564
7797,0.816,2,14,2,588399,17211,98418,9538,0.15942606246989513,0.3565740775356088
7798,0.8161,5,1,5,588400,17210,98423,9533,0.1594167994368076,0.35646711288935423
7799,0.8162,3,13,3,588413,17197,98426,9530,0.15929638000666937,0.3565682643020167
7800,0.8163,7,14,7,588427,17183,98433,9523,0.15916669754344362,0.3565865348610799
7801,0.8164,12,18,12,588445,17165,98445,9511,0.15899996294786764,0.3565377118008697
7802,0.8165,8,8,8,588453,17157,98453,9503,0.15892585868316722,0.3564516129032258
7803,0.8166,0,3,0,588456,17154,98453,9503,0.15889806958390457,0.35649172825149117
7804,0.8167,122,370,122,588826,16784,98575,9381,0.1554707473415095,0.35853239059812725
7805,0.8168,3,1,3,588827,16783,98578,9378,0.15546148430842194,0.3584725354535377
7806,0.8169,9,19,9,588846,16764,98587,9369,0.15528548667975842,0.358512225921249
7807,0.817,4,12,4,588858,16752,98591,9365,0.15517433028270777,0.3585787035264387
7808,0.8171,3,10,3,588868,16742,98594,9362,0.15508169995183224,0.358642353662274
7809,0.8172,9,10,9,588878,16732,98603,9353,0.15498906962095668,0.35855855855855856
7810,0.8173,8,13,8,588891,16719,98611,9345,0.15486865019081847,0.3585405156537753
7811,0.8174,12,15,12,588906,16704,98623,9333,0.15472970469450517,0.35845143449706185
7812,0.8175,7,21,7,588927,16683,98630,9326,0.15453518099966654,0.3585681879349456
7813,0.8176,4,3,4,588930,16680,98634,9322,0.15450739190040386,0.3585108837781709
7814,0.8177,9,6,9,588936,16674,98643,9313,0.15445181370187855,0.3583714934390272
7815,0.8178,4,17,4,588953,16657,98647,9309,0.1542943421393901,0.35850727874913346
7816,0.8179,1,9,1,588962,16648,98648,9308,0.15421097484160212,0.35860687316997997
7817,0.818,6,12,6,588974,16636,98654,9302,0.15409981844455148,0.35862441205952655
7818,0.8181,12,25,12,588999,16611,98666,9290,0.15386824261736262,0.3586734102930389
7819,0.8182,7,18,7,589017,16593,98673,9283,0.15370150802178664,0.3587494203122585
7820,0.8183,19,38,19,589055,16555,98692,9264,0.1533495127644596,0.3588055308106433
7821,0.8184,9,8,9,589063,16547,98701,9255,0.15327540849975915,0.3586931245639873
7822,0.8185,16,28,16,589091,16519,98717,9239,0.15301604357330764,0.3586846804876155
7823,0.8186,0,6,0,589097,16513,98717,9239,0.1529604653747823,0.35876825100963033
7824,0.8187,12,21,12,589118,16492,98729,9227,0.15276594167994367,0.3587620047435748
7825,0.8188,9,15,9,589133,16477,98738,9218,0.15262699618363038,0.3587468379062074
7826,0.8189,4,23,4,589156,16454,98742,9214,0.15241394642261663,0.35896836527972575
7827,0.819,20,40,20,589196,16414,98762,9194,0.15204342509911445,0.3590284286160575
7828,0.8191,3,4,3,589200,16410,98765,9191,0.15200637296676422,0.35900941369477757
7829,0.8192,5,7,5,589207,16403,98770,9186,0.15194153173515135,0.35898237523936066
7830,0.8193,12,22,12,589229,16381,98782,9174,0.15173774500722517,0.3589904128350616
7831,0.8194,9,15,9,589244,16366,98791,9165,0.15159879951091185,0.358975363283851
7832,0.8195,3,13,3,589257,16353,98794,9162,0.15147838008077366,0.35908289241622576
7833,0.8196,11,20,11,589277,16333,98805,9151,0.15129311941902257,0.35908805525035314
7834,0.8197,2,4,2,589281,16329,98807,9149,0.15125606728667235,0.3590941204176152
7835,0.8198,8,18,8,589299,16311,98815,9141,0.15108933269109637,0.35914662894860916
7836,0.8199,10,18,10,589317,16293,98825,9131,0.1509225980955204,0.35914883574575207
7837,0.82,17,28,17,589345,16265,98842,9114,0.15066323316906888,0.3591158044052169
7838,0.8201,3,6,3,589351,16259,98845,9111,0.15060765497054354,0.35912495072920775
7839,0.8202,13,25,13,589376,16234,98858,9098,0.1503760791433547,0.35915048160429497
7840,0.8203,4,14,4,589390,16220,98862,9094,0.15024639668012893,0.35924784704116297
7841,0.8204,1,3,1,589393,16217,98863,9093,0.15021860758086628,0.35926511260371397
7842,0.8205,6,24,6,589417,16193,98869,9087,0.149996294786765,0.35945411392405063
7843,0.8206,3,11,3,589428,16182,98872,9084,0.1498944014228019,0.3595345523628592
7844,0.8207,4,12,4,589440,16170,98876,9080,0.14978324502575124,0.3596039603960396
7845,0.8208,7,11,7,589451,16159,98883,9073,0.14968135166178814,0.35958306911857957
7846,0.8209,1,0,1,589451,16159,98884,9072,0.14968135166178814,0.3595576869723753
7847,0.821,7,7,7,589458,16152,98891,9065,0.14961651043017526,0.35947971606455964
7848,0.8211,5,11,5,589469,16141,98896,9060,0.14951461706621216,0.3595095432720924
7849,0.8212,2,5,2,589474,16136,98898,9058,0.1494683019007744,0.3595300468365484
7850,0.8213,10,18,10,589492,16118,98908,9048,0.14930156730519842,0.3595327028530557
7851,0.8214,27,37,27,589529,16081,98935,9021,0.14895883508095892,0.35937375507927655
7852,0.8215,2,7,2,589536,16074,98937,9019,0.14889399384934604,0.35942294663850477
7853,0.8216,1,0,1,589536,16074,98938,9018,0.14889399384934604,0.3593974175035868
7854,0.8217,29,60,29,589596,16014,98967,8989,0.14833821186409277,0.35951685797704275
7855,0.8218,2,3,2,589599,16011,98969,8987,0.1483104227648301,0.3595087607008561
7856,0.8219,15,26,15,589625,15985,98984,8972,0.14806958390455371,0.3594983371398806
7857,0.822,5,3,5,589628,15982,98989,8967,0.14804179480529103,0.3594132029339853
7858,0.8221,2,5,2,589633,15977,98991,8965,0.14799547963985327,0.3594338866169513
7859,0.8222,3,12,3,589645,15965,98994,8962,0.14788432324280262,0.35952982709511777
7860,0.8223,5,4,5,589649,15961,98999,8957,0.1478472711104524,0.3594590256039811
7861,0.8224,5,12,5,589661,15949,99004,8952,0.14773611471340176,0.35950363439219307
7862,0.8225,12,17,12,589678,15932,99016,8940,0.14757864315091335,0.3594403345127051
7863,0.8226,5,14,5,589692,15918,99021,8935,0.14744896068768756,0.35951394197883557
7864,0.8227,1,16,1,589708,15902,99022,8934,0.1473007521582867,0.35971976163633435
7865,0.8228,1,3,1,589711,15899,99023,8933,0.14727296305902404,0.3597374355670103
7866,0.8229,10,12,10,589723,15887,99033,8923,0.1471618066619734,0.35965336557839583
7867,0.823,6,13,6,589736,15874,99039,8917,0.14704138723183519,0.35968698317937964
7868,0.8231,8,13,8,589749,15861,99047,8909,0.146920967801697,0.3596689543802987
7869,0.8232,6,6,6,589755,15855,99053,8903,0.14686538960317166,0.3596009370708458
7870,0.8233,17,52,17,589807,15803,99070,8886,0.14638371188261884,0.3599173721090364
7871,0.8234,3,6,3,589813,15797,99073,8883,0.14632813368409353,0.35992706645056727
7872,0.8235,10,20,10,589833,15777,99083,8873,0.14614287302234244,0.3599594320486815
7873,0.8236,3,10,3,589843,15767,99086,8870,0.14605024269146688,0.36002760076307994
7874,0.8237,13,28,13,589871,15739,99099,8857,0.14579087776501537,0.3600992031224589
7875,0.8238,11,20,11,589891,15719,99110,8846,0.1456056171032643,0.36010584164461634
7876,0.8239,4,8,4,589899,15711,99114,8842,0.14553151283856386,0.3601189264041054
7877,0.824,3,10,3,589909,15701,99117,8839,0.14543888250768833,0.3601874490627547
7878,0.8241,6,9,6,589918,15692,99123,8833,0.14535551520990034,0.3601630988786952
7879,0.8242,7,19,7,589937,15673,99130,8826,0.1451795175812368,0.36025960243275235
7880,0.8243,5,10,5,589947,15663,99135,8821,0.14508688725036126,0.3602760986766868
7881,0.8244,17,15,17,589962,15648,99152,8804,0.14494794175404793,0.3600523474562408
7882,0.8245,0,4,0,589966,15644,99152,8804,0.14491088962169774,0.3601112565445026
7883,0.8246,6,18,6,589984,15626,99158,8798,0.14474415502612176,0.36021945627251883
7884,0.8247,4,23,4,590007,15603,99162,8794,0.144531105265108,0.3604541541992868
7885,0.8248,2,4,2,590011,15599,99164,8792,0.1444940531327578,0.36046082571440285
7886,0.8249,8,9,8,590020,15590,99172,8784,0.1444106858349698,0.36038401575449247
7887,0.825,72,176,72,590196,15414,99244,8712,0.14278039201156026,0.3611042029345934
7888,0.8251,5,8,5,590204,15406,99249,8707,0.14270628774685984,0.3610915273918633
7889,0.8252,6,15,6,590219,15391,99255,8701,0.1425673422505465,0.3611572306159721
7890,0.8253,11,21,11,590240,15370,99266,8690,0.14237281855570788,0.36118038237738986
7891,0.8254,6,23,6,590263,15347,99272,8684,0.14215976879469414,0.3613665681827639
7892,0.8255,5,14,5,590277,15333,99277,8679,0.14203008633146838,0.3614442778610695
7893,0.8256,4,15,4,590292,15318,99281,8675,0.14189114083515506,0.36156378943858625
7894,0.8257,5,20,5,590312,15298,99286,8670,0.141705880173404,0.3617323097463284
7895,0.8258,3,9,3,590321,15289,99289,8667,0.141622512875616,0.36178827851060275
7896,0.8259,11,14,11,590335,15275,99300,8656,0.14149283041239022,0.3617065730642263
7897,0.826,8,13,8,590348,15262,99308,8648,0.14137241098225203,0.361689669594312
7898,0.8261,8,9,8,590357,15253,99316,8640,0.14128904368446404,0.3616121876700289
7899,0.8262,8,17,8,590374,15236,99324,8632,0.1411315721219756,0.3616557734204793
7900,0.8263,8,10,8,590384,15226,99332,8624,0.14103894179110008,0.36159329140461216
7901,0.8264,6,26,6,590410,15200,99338,8618,0.14079810293082368,0.36182718952053067
7902,0.8265,7,11,7,590421,15189,99345,8611,0.14069620956686058,0.36180672268907565
7903,0.8266,6,12,6,590433,15177,99351,8605,0.14058505316980993,0.3618282734841477
7904,0.8267,38,66,38,590499,15111,99389,8567,0.13997369298603135,0.36181265309570065
7905,0.8268,3,4,3,590503,15107,99392,8564,0.13993664085368113,0.3617929111571121
7906,0.8269,1,8,1,590511,15099,99393,8563,0.1398625365889807,0.36188825965683374
7907,0.827,11,22,11,590533,15077,99404,8552,0.1396587498610545,0.3619281391510432
7908,0.8271,0,8,0,590541,15069,99404,8552,0.13958464559635406,0.3620507175818128
7909,0.8272,4,4,4,590545,15065,99408,8548,0.13954759346400386,0.36200398085800195
7910,0.8273,9,29,9,590574,15036,99417,8539,0.13927896550446478,0.36220572640509013
7911,0.8274,25,52,25,590626,14984,99442,8514,0.13879728778391195,0.3623287088262831
7912,0.8275,4,6,4,590632,14978,99446,8510,0.13874170958538665,0.3623126702997275
7913,0.8276,8,15,8,590647,14963,99454,8502,0.13860276408907332,0.3623268698060942
7914,0.8277,0,3,0,590650,14960,99454,8502,0.13857497498981067,0.3623731992157531
7915,0.8278,7,29,7,590679,14931,99461,8495,0.1383063470302716,0.36263126440706905
7916,0.8279,14,18,14,590697,14913,99475,8481,0.1381396124346956,0.3625288535521929
7917,0.828,6,24,6,590721,14889,99481,8475,0.13791729964059432,0.3627375449409348
7918,0.8281,11,22,11,590743,14867,99492,8464,0.13771351291266812,0.3627791350563628
7919,0.8282,3,17,3,590760,14850,99495,8461,0.1375560413501797,0.3629616919051092
7920,0.8283,8,27,8,590787,14823,99503,8453,0.13730593945681574,0.36316377384430315
7921,0.8284,5,17,5,590804,14806,99508,8448,0.13714846789432733,0.3632923368022706
7922,0.8285,0,3,0,590807,14803,99508,8448,0.13712067879506465,0.36333921121672186
7923,0.8286,2,12,2,590819,14791,99510,8446,0.137009522398014,0.36347204888755
7924,0.8287,1,7,1,590826,14784,99511,8445,0.13694468116640113,0.3635541779671962
7925,0.8288,14,13,14,590839,14771,99525,8431,0.13682426173626291,0.3633738470821481
7926,0.8289,2,15,2,590854,14756,99527,8429,0.13668531623994962,0.3635540219969808
7927,0.829,2,14,2,590868,14742,99529,8427,0.13655563377672386,0.3637187621390651
7928,0.8291,2,3,2,590871,14739,99531,8425,0.13652784467746118,0.36371093075461924
7929,0.8292,9,12,9,590883,14727,99540,8416,0.13641668828041054,0.3636520762217517
7930,0.8293,1,4,1,590887,14723,99541,8415,0.1363796361480603,0.36368744057394764
7931,0.8294,2,11,2,590898,14712,99543,8413,0.1362777427840972,0.3638054054054054
7932,0.8295,3,9,3,590907,14703,99546,8410,0.13619437548630925,0.36386449184441655
7933,0.8296,1,2,1,590909,14701,99547,8409,0.13617584942013414,0.363868455214193
7934,0.8297,13,19,13,590928,14682,99560,8396,0.1359998517914706,0.36380968888118553
7935,0.8298,14,30,14,590958,14652,99574,8382,0.13572196079884397,0.3638968481375358
7936,0.8299,4,9,4,590967,14643,99578,8378,0.13563859350105598,0.36392858694235697
7937,0.83,74,104,74,591071,14539,99652,8304,0.13467523805995035,0.36352493105108785
7938,0.8301,3,10,3,591081,14529,99655,8301,0.13458260772907482,0.3636005256241787
7939,0.8302,6,13,6,591094,14516,99661,8295,0.1344621882989366,0.3636403489544518
7940,0.8303,3,8,3,591102,14508,99664,8292,0.13438808403423616,0.3636842105263158
7941,0.8304,8,12,8,591114,14496,99672,8284,0.13427692763718552,0.3636523266022827
7942,0.8305,10,6,10,591120,14490,99682,8274,0.13422134943866018,0.3634686346863469
7943,0.8306,6,9,6,591129,14481,99688,8268,0.13413798214087222,0.3634445470130555
7944,0.8307,6,14,6,591143,14467,99694,8262,0.13400829967764644,0.36350037397157814
7945,0.8308,2,2,2,591145,14465,99696,8260,0.13398977361147135,0.3634763476347635
7946,0.8309,4,21,4,591166,14444,99700,8256,0.1337952499166327,0.36370044052863437
7947,0.831,0,2,0,591168,14442,99700,8256,0.1337767238504576,0.36373248744382763
7948,0.8311,0,1,0,591169,14441,99700,8256,0.13376746081737004,0.36374851301934175
7949,0.8312,0,5,0,591174,14436,99700,8256,0.13372114565193227,0.3638286620835537
7950,0.8313,1,5,1,591179,14431,99701,8255,0.1336748304864945,0.3638808075465044
7951,0.8314,9,23,9,591202,14408,99710,8246,0.13346178072548076,0.3639975280303699
7952,0.8315,15,23,15,591225,14385,99725,8231,0.13324873096446702,0.3639458790237
7953,0.8316,7,15,7,591240,14370,99732,8224,0.1331097854681537,0.363990439939807
7954,0.8317,16,36,16,591276,14334,99748,8208,0.13277631627700173,0.364120308756987
7955,0.8318,4,17,4,591293,14317,99752,8204,0.13261884471451332,0.36428222547844236
7956,0.8319,6,14,6,591307,14303,99758,8198,0.13248916225128757,0.36433936269499134
7957,0.832,8,14,8,591321,14289,99766,8190,0.1323594797880618,0.3643400507139997
7958,0.8321,13,28,13,591349,14261,99779,8177,0.13210011486161027,0.3644264194669757
7959,0.8322,7,9,7,591358,14252,99786,8170,0.13201674756382228,0.36437427526536437
7960,0.8323,6,5,6,591363,14247,99792,8164,0.13197043239838452,0.36428539556467804
7961,0.8324,9,31,9,591394,14216,99801,8155,0.13168327837267035,0.36453444191140316
7962,0.8325,8,17,8,591411,14199,99809,8147,0.13152580681018192,0.36458426564038304
7963,0.8326,2,14,2,591425,14185,99811,8145,0.13139612434695616,0.364755933721451
7964,0.8327,0,2,0,591427,14183,99811,8145,0.13137759828078105,0.36478860623432463
7965,0.8328,5,11,5,591438,14172,99816,8140,0.13127570491681798,0.3648261025457153
7966,0.8329,15,26,15,591464,14146,99831,8125,0.13103486605654155,0.36482421085716854
7967,0.833,1,0,1,591464,14146,99832,8124,0.13103486605654155,0.36479568926807365
7968,0.8331,5,11,5,591475,14135,99837,8119,0.13093297269257845,0.36483328839759144
7969,0.8332,5,6,5,591481,14129,99842,8114,0.13087739449405314,0.36478892235759564
7970,0.8333,127,292,127,591773,13837,99969,7987,0.1281725888324873,0.3659732404692082
7971,0.8334,3,2,3,591775,13835,99972,7984,0.1281540627663122,0.3659196113479078
7972,0.8335,5,20,5,591795,13815,99977,7979,0.12796880210456113,0.3661099385151877
7973,0.8336,0,1,0,591796,13814,99977,7979,0.12795953907147356,0.3661267379433763
7974,0.8337,4,7,4,591803,13807,99981,7975,0.12789469783986068,0.3661279955926912
7975,0.8338,10,31,10,591834,13776,99991,7965,0.12760754381414652,0.3663584931695874
7976,0.8339,18,33,18,591867,13743,100009,7947,0.1273018637222572,0.3663900414937759
7977,0.834,9,10,9,591877,13733,100018,7938,0.12720923339138168,0.3662959715749158
7978,0.8341,3,4,3,591881,13729,100021,7935,0.12717218125903146,0.3662758493353028
7979,0.8342,18,49,18,591930,13680,100039,7917,0.12671829263774131,0.36657869148492844
7980,0.8343,10,21,10,591951,13659,100049,7907,0.12652376894290265,0.366641936381341
7981,0.8344,2,10,2,591961,13649,100051,7905,0.12643113861202712,0.36675327085459775
7982,0.8345,14,19,14,591980,13630,100065,7891,0.1262551409833636,0.3666651177919242
7983,0.8346,1,1,1,591981,13629,100066,7890,0.12624587795027603,0.3666527254983968
7984,0.8347,2,10,2,591991,13619,100068,7888,0.1261532476194005,0.36676430929464826
7985,0.8348,7,10,7,592001,13609,100075,7881,0.12606061728852497,0.3667287110283853
7986,0.8349,9,14,9,592015,13595,100084,7872,0.12593093482529918,0.3667023803978199
7987,0.835,20,55,20,592070,13540,100104,7852,0.1254214680054837,0.36705310396409874
7988,0.8351,5,7,5,592077,13533,100109,7847,0.12535662677387083,0.36702525724976615
7989,0.8352,4,8,4,592085,13525,100113,7843,0.1252825225091704,0.3670441782104081
7990,0.8353,13,26,13,592111,13499,100126,7830,0.12504168364889398,0.3671058183693563
7991,0.8354,5,15,5,592126,13484,100131,7825,0.12490273815258068,0.367215730442536
7992,0.8355,3,8,3,592134,13476,100134,7822,0.12482863388788025,0.3672645318809278
7993,0.8356,1,5,1,592139,13471,100135,7821,0.12478231872244247,0.3673210595528837
7994,0.8357,17,36,17,592175,13435,100152,7804,0.12444884953129053,0.36743726164132023
7995,0.8358,3,9,3,592184,13426,100155,7801,0.12436548223350254,0.36750365101050547
7996,0.8359,1,1,1,592185,13425,100156,7800,0.12435621920041498,0.3674911660777385
7997,0.836,0,4,0,592189,13421,100156,7800,0.12431916706806477,0.3675604354177466
7998,0.8361,2,16,2,592205,13405,100158,7798,0.1241709585386639,0.36777814460217895
7999,0.8362,3,4,3,592209,13401,100161,7795,0.12413390640631368,0.36775806755991697
8000,0.8363,1,2,1,592211,13399,100162,7794,0.12411538034013858,0.3677629405935922
8001,0.8364,4,14,4,592225,13385,100166,7790,0.12398569787691281,0.3678866587957497
8002,0.8365,2,4,2,592229,13381,100168,7788,0.1239486457445626,0.3678964523595824
8003,0.8366,3,0,3,592229,13381,100171,7785,0.1239486457445626,0.36780686005858454
8004,0.8367,10,24,10,592253,13357,100181,7775,0.1237263329504613,0.36792542116221844
8005,0.8368,3,11,3,592264,13346,100184,7772,0.1236244395864982,0.36802727531016194
8006,0.8369,3,8,3,592272,13338,100187,7769,0.12355033532179777,0.3680769412990951
8007,0.837,2,6,2,592278,13332,100189,7767,0.12349475712327244,0.36812171192947535
8008,0.8371,15,18,15,592296,13314,100204,7752,0.12332802252769647,0.3679863286812874
8009,0.8372,5,9,5,592305,13305,100209,7747,0.12324465522990848,0.3679935398061942
8010,0.8373,5,6,5,592311,13299,100214,7742,0.12318907703138315,0.36794829143101565
8011,0.8374,16,28,16,592339,13271,100230,7726,0.12292971210493164,0.36795732723722435
8012,0.8375,9,26,9,592365,13245,100239,7717,0.12268887324465523,0.36814235282892854
8013,0.8377,2,5,2,592370,13240,100241,7715,0.12264255807921746,0.3681698878549272
8014,0.8378,4,9,4,592379,13231,100245,7711,0.12255919078142948,0.3682074300448859
8015,0.8379,8,15,8,592394,13216,100253,7703,0.12242024528511616,0.3682298389024332
8016,0.838,2,11,2,592405,13205,100255,7701,0.12231835192115306,0.3683631493351191
8017,0.8381,17,37,17,592442,13168,100272,7684,0.12197561969691356,0.368501822367159
8018,0.8382,6,5,6,592447,13163,100278,7678,0.12192930453147578,0.3684084256993426
8019,0.8383,29,41,29,592488,13122,100307,7649,0.12154952017488606,0.36825381541572383
8020,0.8384,2,3,2,592491,13119,100309,7647,0.1215217310756234,0.3682461716266975
8021,0.8385,6,12,6,592503,13107,100315,7641,0.12141057467857275,0.3682764603817235
8022,0.8386,23,24,23,592527,13083,100338,7618,0.12118826188447145,0.36800154581904254
8023,0.8387,1,4,1,592531,13079,100339,7617,0.12115120975212124,0.3680421337456513
8024,0.8388,13,22,13,592553,13057,100352,7604,0.12094742302419505,0.3680363970766178
8025,0.8389,7,13,7,592566,13044,100359,7597,0.12082700359405683,0.36805387335884887
8026,0.839,10,23,10,592589,13021,100369,7587,0.12061395383304309,0.3681579968944099
8027,0.8391,2,4,2,592593,13017,100371,7585,0.12057690170069288,0.36816813901562956
8028,0.8392,5,8,5,592601,13009,100376,7580,0.12050279743599245,0.3681577541405605
8029,0.8394,0,3,0,592604,13006,100376,7580,0.12047500833672978,0.36821140580977363
8030,0.8395,13,22,13,592626,12984,100389,7567,0.12027122160880359,0.36820592671889446
8031,0.8396,3,9,3,592635,12975,100392,7564,0.1201878543110156,0.36827498904523104
8032,0.8397,4,6,4,592641,12969,100396,7560,0.12013227611249028,0.3682595352915388
8033,0.8398,4,13,4,592654,12956,100400,7556,0.12001185668235206,0.36836973478939156
8034,0.8399,14,10,14,592664,12946,100414,7542,0.11991922635147653,0.3681179226864506
8035,0.84,26,55,26,592719,12891,100440,7516,0.11940975953166105,0.3683049933846229
8036,0.8401,2,4,2,592723,12887,100442,7514,0.11937270739931083,0.36831527866281066
8037,0.8402,0,6,0,592729,12881,100442,7514,0.11931712920078551,0.368423633243442
8038,0.8403,4,5,4,592734,12876,100446,7510,0.11927081403534773,0.3683900716177769
8039,0.8404,7,10,7,592744,12866,100453,7503,0.1191781837044722,0.36835387107859985
8040,0.8405,13,28,13,592772,12838,100466,7490,0.11891881877802067,0.36845730027548207
8041,0.8406,7,21,7,592793,12817,100473,7483,0.11872429508318204,0.3686206896551724
8042,0.8407,5,21,5,592814,12796,100478,7478,0.1185297713883434,0.3688467988556772
8043,0.8408,6,4,6,592818,12792,100484,7472,0.11849271925599318,0.3687327279905251
8044,0.8409,10,21,10,592839,12771,100494,7462,0.11829819556115455,0.3688034399248752
8045,0.841,2,3,2,592842,12768,100496,7460,0.11827040646189188,0.36879572869290095
8046,0.8411,4,9,4,592851,12759,100500,7456,0.11818703916410389,0.36883502349740294
8047,0.8412,7,12,7,592863,12747,100507,7449,0.11807588276705325,0.36883541295306
8048,0.8413,1,9,1,592872,12738,100508,7448,0.11799251546926526,0.36896859209353017
8049,0.8414,14,8,14,592880,12730,100522,7434,0.11791841120456482,0.36867684983138266
8050,0.8415,6,3,6,592883,12727,100528,7428,0.11789062210530216,0.3685437856611263
8051,0.8416,3,0,3,592883,12727,100531,7425,0.11789062210530216,0.36844978165938863
8052,0.8417,55,149,55,593032,12578,100586,7370,0.11651043017525659,0.36946059755363947
8053,0.8418,4,10,4,593042,12568,100590,7366,0.11641779984438104,0.3695194140664192
8054,0.8419,2,6,2,593048,12562,100592,7364,0.11636222164585572,0.3695673993776975
8055,0.842,0,1,0,593049,12561,100592,7364,0.11635295861276816,0.3695859473023839
8056,0.8421,2,7,2,593056,12554,100594,7362,0.11628811738115528,0.36965254067081743
8057,0.8422,3,10,3,593066,12544,100597,7359,0.11619548705027974,0.3697432547857107
8058,0.8423,4,5,4,593071,12539,100601,7355,0.11614917188484197,0.3697094601387353
8059,0.8424,8,12,8,593083,12527,100609,7347,0.11603801548779132,0.3696789775586193
8060,0.8425,16,23,16,593106,12504,100625,7331,0.11582496572677757,0.36959919334509705
8061,0.8426,4,10,4,593116,12494,100629,7327,0.11573233539590204,0.36965844306543566
8062,0.8427,0,1,0,593117,12493,100629,7327,0.11572307236281448,0.3696770938446014
8063,0.8429,6,15,6,593132,12478,100635,7321,0.11558412686650117,0.36976614980554573
8064,0.843,6,7,6,593139,12471,100641,7315,0.1155192856348883,0.3697058526230668
8065,0.8431,5,9,5,593148,12462,100646,7310,0.1154359183371003,0.3697147481286668
8066,0.8432,2,4,2,593152,12458,100648,7308,0.11539886620475008,0.3697257917636345
8067,0.8433,20,45,20,593197,12413,100668,7288,0.11498202971581015,0.3699304603827217
8068,0.8434,4,11,4,593208,12402,100672,7284,0.11488013635184705,0.37000914355379455
8069,0.8435,6,9,6,593217,12393,100678,7278,0.11479676905405906,0.36998627421076713
8070,0.8436,1,2,1,593219,12391,100679,7277,0.11477824298788396,0.36999186495830794
8071,0.8437,2,4,2,593223,12387,100681,7275,0.11474119085553373,0.3700030515715593
8072,0.8438,2,8,2,593231,12379,100683,7273,0.1146670865908333,0.3700895583146753
8073,0.8439,11,12,11,593243,12367,100694,7262,0.11455593019378266,0.369962810127872
8074,0.844,8,12,8,593255,12355,100702,7254,0.114444773796732,0.3699321740017339
8075,0.8441,11,22,11,593277,12333,100713,7243,0.11424098706880581,0.369993870044953
8076,0.8442,2,17,2,593294,12316,100715,7241,0.11408351550631739,0.37025106100117605
8077,0.8443,4,5,4,593299,12311,100719,7237,0.11403720034087962,0.3702169019848578
8078,0.8444,5,5,5,593304,12306,100724,7232,0.11399088517544184,0.37015047599549594
8079,0.8445,4,5,4,593309,12301,100728,7228,0.11394457001000408,0.3701162373905474
8080,0.8446,0,5,0,593314,12296,100728,7228,0.11389825484456631,0.37021102233148945
8081,0.8447,2,6,2,593320,12290,100730,7226,0.11384267664604097,0.3702602992416479
8082,0.8448,4,7,4,593327,12283,100734,7222,0.1137778354144281,0.3702640348628557
8083,0.8449,7,22,7,593349,12261,100741,7215,0.11357404868650191,0.3704559457794208
8084,0.845,8,28,8,593377,12233,100749,7207,0.1133146837600504,0.3707304526748971
8085,0.8451,1,8,1,593385,12225,100750,7206,0.11324057949534996,0.3708507024857187
8086,0.8452,11,4,11,593389,12221,100761,7195,0.11320352736299974,0.37057066337041616
8087,0.8453,4,22,4,593411,12199,100765,7191,0.11299974063507355,0.3708612686952037
8088,0.8454,7,9,7,593420,12190,100772,7184,0.11291637333728556,0.3708062351605244
8089,0.8455,8,21,8,593441,12169,100780,7176,0.11272184964244693,0.3709485655208064
8090,0.8456,5,11,5,593452,12158,100785,7171,0.11261995627848383,0.3709969475917016
8091,0.8457,9,9,9,593461,12149,100794,7162,0.11253658898069584,0.37087670239759724
8092,0.8458,14,25,14,593486,12124,100808,7148,0.11230501315350698,0.3709007887090079
8093,0.8459,1,3,1,593489,12121,100809,7147,0.11227722405424433,0.3709258874818352
8094,0.846,3,17,3,593506,12104,100812,7144,0.1121197524917559,0.3711554447215295
8095,0.8461,4,5,4,593511,12099,100816,7140,0.11207343732631812,0.3711211601434586
8096,0.8462,5,12,5,593523,12087,100821,7135,0.11196228092926748,0.37118926230361043
8097,0.8463,2,2,2,593525,12085,100823,7133,0.11194375486309237,0.37116245186804037
8098,0.8464,12,9,12,593534,12076,100835,7121,0.11186038756530438,0.37094337656925563
8099,0.8465,1,8,1,593542,12068,100836,7120,0.11178628330060394,0.3710652491140296
8100,0.8466,5,11,5,593553,12057,100841,7115,0.11168438993664086,0.3711141247652827
8101,0.8467,34,93,34,593646,11964,100875,7081,0.11082292785949831,0.3718036229981622
8102,0.8468,2,7,2,593653,11957,100877,7079,0.11075808662788543,0.37187434334944314
8103,0.8469,1,2,1,593655,11955,100878,7078,0.11073956056171033,0.3718804182209846
8104,0.847,2,2,2,593657,11953,100880,7076,0.11072103449553522,0.3718534867833307
8105,0.8471,4,16,4,593673,11937,100884,7072,0.11057282596613435,0.37203429954232203
8106,0.8472,3,10,3,593683,11927,100887,7069,0.11048019563525881,0.3721309749420931
8107,0.8473,1,7,1,593690,11920,100888,7068,0.11041535440364593,0.3722350958500105
8108,0.8474,0,4,0,593694,11916,100888,7068,0.11037830227129572,0.3723135271807838
8109,0.8475,16,16,16,593710,11900,100904,7052,0.11023009374189485,0.3720979316167159
8110,0.8477,4,3,4,593713,11897,100908,7048,0.11020230464263218,0.3720242808128794
8111,0.8478,2,2,2,593715,11895,100910,7046,0.11018377857645707,0.37199725463280714
8112,0.8479,6,25,6,593740,11870,100916,7040,0.10995220274926822,0.3722897937599154
8113,0.848,0,5,0,593745,11865,100916,7040,0.10990588758383045,0.3723882570748479
8114,0.8481,8,21,8,593766,11844,100924,7032,0.10971136388899182,0.37253655435473615
8115,0.8482,1,3,1,593769,11841,100925,7031,0.10968357478972915,0.37256252649427724
8116,0.8483,9,42,9,593811,11799,100934,7022,0.10929452740005187,0.37309388449072844
8117,0.8484,3,5,3,593816,11794,100937,7019,0.1092482122346141,0.3730930739382342
8118,0.8485,6,16,6,593832,11778,100943,7013,0.10910000370521324,0.37321057953275505
8119,0.8486,1,0,1,593832,11778,100944,7012,0.10910000370521324,0.37317722192655667
8120,0.8487,3,4,3,593836,11774,100947,7009,0.10906295157286301,0.3731565777564819
8121,0.8488,7,13,7,593849,11761,100954,7002,0.10894253214272481,0.37318126099237864
8122,0.8489,6,14,6,593863,11747,100960,6996,0.10881284967949906,0.3732593501573921
8123,0.849,7,27,7,593890,11720,100967,6989,0.10856274778613509,0.37356352557592604
8124,0.8491,3,1,3,593891,11719,100970,6986,0.10855348475304753,0.37348302592889604
8125,0.8492,0,6,0,593897,11713,100970,6986,0.10849790655452221,0.37360286646344726
8126,0.8493,2,1,2,593898,11712,100972,6984,0.10848864352143466,0.3735558408215661
8127,0.8494,9,21,9,593919,11691,100981,6975,0.10829411982659602,0.37367405978784957
8128,0.8495,7,10,7,593929,11681,100988,6968,0.10820148949572048,0.3736393372298783
8129,0.8496,1,3,1,593932,11678,100989,6967,0.10817370039645782,0.3736658621614374
8130,0.8497,2,11,2,593943,11667,100991,6965,0.10807180703249472,0.37381923572348646
8131,0.8498,7,12,7,593955,11655,100998,6958,0.10796065063544406,0.37382474614516736
8132,0.8499,1,13,1,593968,11642,100999,6957,0.10784023120530586,0.3740523684069036
8133,0.85,195,451,195,594419,11191,101194,6762,0.10366260328281893,0.3766501420375425
8134,0.8501,10,14,10,594433,11177,101204,6752,0.10353292081959317,0.3765965753806682
8135,0.8502,20,28,20,594461,11149,101224,6732,0.10327355589314165,0.3764890106817292
8136,0.8503,5,11,5,594472,11138,101229,6727,0.10317166252917856,0.37654631961936746
8137,0.8504,3,12,3,594484,11126,101232,6724,0.1030605061321279,0.37669467787114846
8138,0.8505,9,22,9,594506,11104,101241,6715,0.10285671940420171,0.376844940793535
8139,0.8506,7,10,7,594516,11094,101248,6708,0.10276408907332617,0.37681159420289856
8140,0.8507,8,23,8,594539,11071,101256,6700,0.10255103931231242,0.37701873839401273
8141,0.8508,8,17,8,594556,11054,101264,6692,0.102393567749824,0.3770990645779331
8142,0.8509,12,17,12,594573,11037,101276,6680,0.10223609618733558,0.3770390020883897
8143,0.8511,2,4,2,594577,11033,101278,6678,0.10219904405498537,0.3770538083676811
8144,0.8512,2,11,2,594588,11022,101280,6676,0.10209715069102226,0.3772177647191773
8145,0.8513,1,2,1,594590,11020,101281,6675,0.10207862462484717,0.37722520486013
8146,0.8514,14,34,14,594624,10986,101295,6661,0.10176368149987032,0.37745792485974955
8147,0.8515,2,0,2,594624,10986,101297,6659,0.10176368149987032,0.37738736185888355
8148,0.8516,8,10,8,594634,10976,101305,6651,0.10167105116899477,0.3773188858001929
8149,0.8517,21,41,21,594675,10935,101326,6630,0.10129126681240505,0.3774551665243382
8150,0.8518,10,9,10,594684,10926,101336,6620,0.10120789951461706,0.3772939701356435
8151,0.8519,7,8,7,594692,10918,101343,6613,0.10113379524991663,0.3772175004278136
8152,0.852,9,21,9,594713,10897,101352,6604,0.100939271555078,0.3773498657219587
8153,0.8521,2,6,2,594719,10891,101354,6602,0.10088369335655267,0.3774081060995827
8154,0.8522,4,12,4,594731,10879,101358,6598,0.10077253695950202,0.3775247468100933
8155,0.8523,3,4,3,594735,10875,101361,6595,0.1007354848271518,0.37750429307384087
8156,0.8524,14,32,14,594767,10843,101375,6581,0.10043906776835007,0.3776974288337925
8157,0.8525,6,11,6,594778,10832,101381,6575,0.10033717440438697,0.37772160625035905
8158,0.8526,2,2,2,594780,10830,101383,6573,0.10031864833821186,0.3776935011204965
8159,0.8527,3,6,3,594786,10824,101386,6570,0.10026307013968654,0.3777164539496378
8160,0.8528,5,19,5,594805,10805,101391,6565,0.10008707251102301,0.3779504893494531
8161,0.8529,12,6,12,594811,10799,101403,6553,0.10003149431249768,0.37765099124020285
8162,0.853,3,1,3,594812,10798,101406,6550,0.10002223127941012,0.3775651371916071
8163,0.8531,4,11,4,594823,10787,101410,6546,0.09992033791544704,0.3776611088674782
8164,0.8532,5,9,5,594832,10778,101415,6541,0.09983697061765905,0.3776776950170333
8165,0.8533,23,30,23,594862,10748,101438,6518,0.09955907962503242,0.3775049229699988
8166,0.8534,0,5,0,594867,10743,101438,6518,0.09951276445959464,0.3776142749551011
8167,0.8535,8,12,8,594879,10731,101446,6510,0.099401608062544,0.37758830694275275
8168,0.8536,4,11,4,594890,10720,101450,6506,0.0992997146985809,0.3776848949262742
8169,0.8537,2,2,2,594892,10718,101452,6504,0.0992811886324058,0.3776564858901405
8170,0.8539,3,5,3,594897,10713,101455,6501,0.09923487346696802,0.3776577204600906
8171,0.854,7,15,7,594912,10698,101462,6494,0.09909592797065471,0.3777338296882271
8172,0.8541,1,0,1,594912,10698,101463,6493,0.09909592797065471,0.37769763248211274
8173,0.8542,10,22,10,594934,10676,101473,6483,0.09889214124272852,0.3778192202342794
8174,0.8543,6,6,6,594940,10670,101479,6477,0.0988365630442032,0.37773371435236486
8175,0.8545,5,12,5,594952,10658,101484,6472,0.09872540664715254,0.37781669585522476
8176,0.8546,6,9,6,594961,10649,101490,6466,0.09864203934936455,0.3777972538708735
8177,0.8547,1,1,1,594962,10648,101491,6465,0.098632776316277,0.3777829720095834
8178,0.8548,6,24,6,594986,10624,101497,6459,0.0984104635221757,0.3780951823450214
8179,0.8549,3,4,3,594990,10620,101500,6456,0.09837341138982549,0.3780744905130007
8180,0.855,38,57,38,595047,10563,101538,6418,0.0978454185038349,0.37795182851422177
8181,0.8551,3,5,3,595052,10558,101541,6415,0.09779910333839713,0.37795321981971364
8182,0.8552,1,3,1,595055,10555,101542,6414,0.09777131423913446,0.37798338146030996
8183,0.8553,0,2,0,595057,10553,101542,6414,0.09775278817295935,0.37802793658277833
8184,0.8554,3,9,3,595066,10544,101545,6411,0.09766942087517137,0.3781185491005603
8185,0.8555,10,11,10,595077,10533,101555,6401,0.09756752751120827,0.37799692925475376
8186,0.8556,7,19,7,595096,10514,101562,6394,0.09739152988254474,0.37816418263543883
8187,0.8558,6,18,6,595114,10496,101568,6388,0.09722479528696877,0.37834636342099026
8188,0.8559,1,3,1,595117,10493,101569,6387,0.0971970061877061,0.37837677725118485
8189,0.856,5,9,5,595126,10484,101574,6382,0.09711363888991811,0.3783944029408277
8190,0.8562,1,4,1,595130,10480,101575,6381,0.0970765867575679,0.3784473044303422
8191,0.8563,7,5,7,595135,10475,101582,6374,0.09703027159213012,0.37830138287138704
8192,0.8564,9,14,9,595149,10461,101591,6365,0.09690058912890437,0.3782836087008202
8193,0.8565,5,18,5,595167,10443,101596,6360,0.09673385453332839,0.37850383860024994
8194,0.8566,2,1,2,595168,10442,101598,6358,0.09672459150024083,0.37845238095238093
8195,0.8567,19,23,19,595191,10419,101617,6339,0.09651154173922709,0.3782670963122091
8196,0.8568,3,4,3,595195,10415,101620,6336,0.09647448960687688,0.3782460748612023
8197,0.8569,1,5,1,595200,10410,101621,6335,0.0964281744414391,0.3783218871304867
8198,0.857,15,20,15,595220,10390,101636,6320,0.09624291377968802,0.3782166367444644
8199,0.8571,22,32,22,595252,10358,101658,6298,0.09594649672088629,0.3781219980787704
8200,0.8572,0,5,0,595257,10353,101658,6298,0.09590018155544852,0.3782355414089244
8201,0.8573,2,13,2,595270,10340,101660,6296,0.09577976212531031,0.37845635970185143
8202,0.8574,7,13,7,595283,10327,101667,6289,0.09565934269517211,0.37849061145883484
8203,0.8575,8,22,8,595305,10305,101675,6281,0.09545555596724592,0.37869287350777764
8204,0.8576,1,10,1,595315,10295,101676,6280,0.09536292563637037,0.3788838612368024
8205,0.8577,0,1,0,595316,10294,101676,6280,0.09535366260328282,0.37890672137082176
8206,0.8578,2,3,2,595319,10291,101678,6278,0.09532587350402015,0.3789003560866679
8207,0.8579,5,15,5,595334,10276,101683,6273,0.09518692800770684,0.3790561363224364
8208,0.858,1,1,1,595335,10275,101684,6272,0.09517766497461928,0.3790415180999577
8209,0.8581,2,6,2,595341,10269,101686,6270,0.09512208677609396,0.37910393615091603
8210,0.8582,11,27,11,595368,10242,101697,6259,0.09487198488273,0.3793103448275862
8211,0.8583,39,101,39,595469,10141,101736,6220,0.09393641854088702,0.3801723611026221
8212,0.8584,3,0,3,595469,10141,101739,6217,0.09393641854088702,0.3800586868810368
8213,0.8585,3,3,3,595472,10138,101742,6214,0.09390862944162437,0.3800146771037182
8214,0.8586,5,3,5,595475,10135,101747,6209,0.0938808403423617,0.3798947626040137
8215,0.8587,0,4,0,595479,10131,101747,6209,0.09384378821001149,0.37998776009791924
8216,0.8588,3,10,3,595489,10121,101750,6206,0.09375115787913595,0.38010657193605685
8217,0.8589,8,17,8,595506,10104,101758,6198,0.09359368631664752,0.38019874861980124
8218,0.859,3,15,3,595521,10089,101761,6195,0.09345474082033421,0.3804347826086957
8219,0.8591,7,6,7,595527,10083,101768,6188,0.09339916262180889,0.38030852436850837
8220,0.8592,14,10,14,595537,10073,101782,6174,0.09330653229093334,0.38000861697544164
8221,0.8593,5,8,5,595545,10065,101787,6169,0.09323242802623291,0.38000492792903784
8222,0.8594,7,16,7,595561,10049,101794,6162,0.09308421949683204,0.38011226944667204
8223,0.8595,2,4,2,595565,10045,101796,6160,0.09304716736448182,0.3801295896328294
8224,0.8596,2,17,2,595582,10028,101798,6158,0.09288969580199341,0.3804522426788583
8225,0.8597,1,11,1,595593,10017,101799,6157,0.09278780243803031,0.3806726845554594
8226,0.8598,4,17,4,595610,10000,101803,6153,0.09263033087554189,0.38091995294991643
8227,0.8599,4,13,4,595623,9987,101807,6149,0.09250991144540369,0.3810733763014378
8228,0.86,39,70,39,595693,9917,101846,6110,0.0918614991292749,0.3812316715542522
8229,0.8601,7,14,7,595707,9903,101853,6103,0.09173181666604913,0.3812945145570411
8230,0.8602,8,1,8,595708,9902,101861,6095,0.09172255363296157,0.3810089391760955
8231,0.8603,2,13,2,595721,9889,101863,6093,0.09160213420282337,0.38124139657114253
8232,0.8604,2,2,2,595723,9887,101865,6091,0.09158360813664826,0.3812116660408061
8233,0.8605,1,11,1,595734,9876,101866,6090,0.09148171477268517,0.3814355505449079
8234,0.8606,2,9,2,595743,9867,101868,6088,0.09139834747489718,0.38157317455343154
8235,0.8607,14,23,14,595766,9844,101882,6074,0.09118529771388344,0.38158060057796206
8236,0.8608,2,5,2,595771,9839,101884,6072,0.09113898254844566,0.381622776695368
8237,0.8609,1,6,1,595777,9833,101885,6071,0.09108340434992034,0.38172786720321933
8238,0.861,2,5,2,595782,9828,101887,6069,0.09103708918448257,0.3817701453104359
8239,0.8611,6,16,6,595798,9812,101893,6063,0.0908888806550817,0.3819212598425197
8240,0.8612,1,1,1,595799,9811,101894,6062,0.09087961762199415,0.38190638190638193
8241,0.8613,5,9,5,595808,9802,101899,6057,0.09079625032420616,0.3819282426382496
8242,0.8614,13,16,13,595824,9786,101912,6044,0.09064804179480529,0.38180669614655716
8243,0.8615,1,3,1,595827,9783,101913,6043,0.09062025269554262,0.38184001010994567
8244,0.8617,6,16,6,595843,9767,101919,6037,0.09047204416614175,0.3819919007846115
8245,0.8618,4,13,4,595856,9754,101923,6033,0.09035162473600356,0.3821498701463229
8246,0.8619,11,18,11,595874,9736,101934,6022,0.09018489014042758,0.3821550958243432
8247,0.862,4,6,4,595880,9730,101938,6018,0.09012931194190225,0.38214376428752855
8248,0.8621,1,2,1,595882,9728,101939,6017,0.09011078587572714,0.3821530644649095
8249,0.8622,2,2,2,595884,9726,101941,6015,0.09009225980955204,0.3821231179721746
8250,0.8623,5,6,5,595890,9720,101946,6010,0.09003668161102671,0.3820724729815639
8251,0.8624,11,26,11,595916,9694,101957,5999,0.08979584275075031,0.3822723507296247
8252,0.8625,16,27,16,595943,9667,101973,5983,0.08954574085738634,0.3823003194888179
8253,0.8626,7,16,7,595959,9651,101980,5976,0.08939753232798547,0.3824150508734882
8254,0.8628,0,2,0,595961,9649,101980,5976,0.08937900626181036,0.382464
8255,0.8629,2,6,2,595967,9643,101982,5974,0.08932342806328504,0.38253185631043096
8256,0.863,3,3,3,595970,9640,101985,5971,0.08929563896402239,0.38248670809044905
8257,0.8631,5,14,5,595984,9626,101990,5966,0.08916595650079662,0.3826321190354028
8258,0.8632,2,2,2,595986,9624,101992,5964,0.08914743043462152,0.3826020015396459
8259,0.8633,49,69,49,596055,9555,102041,5915,0.08850828115158027,0.38235294117647056
8260,0.8634,2,2,2,596057,9553,102043,5913,0.08848975508540516,0.38232251390146127
8261,0.8635,3,3,3,596060,9550,102046,5910,0.0884619659861425,0.38227684346701163
8262,0.8636,6,14,6,596074,9536,102052,5904,0.08833228352291675,0.38238341968911915
8263,0.8637,0,1,0,596075,9535,102052,5904,0.0883230204898292,0.38240818705874735
8264,0.8638,0,3,0,596078,9532,102052,5904,0.08829523139056653,0.3824825084218709
8265,0.8639,7,10,7,596088,9522,102059,5897,0.08820260105969098,0.38245022374991894
8266,0.864,5,12,5,596100,9510,102064,5892,0.08809144466264034,0.38254772107518503
8267,0.8641,4,6,4,596106,9504,102068,5888,0.08803586646411501,0.38253638253638256
8268,0.8642,2,12,2,596118,9492,102070,5886,0.08792471006706436,0.38275458447132266
8269,0.8643,2,3,2,596121,9489,102072,5884,0.0878969209678017,0.38274897547648473
8270,0.8644,4,9,4,596130,9480,102076,5880,0.08781355367001371,0.3828125
8271,0.8645,13,13,13,596143,9467,102089,5867,0.0876931342398755,0.3826137994000261
8272,0.8646,4,9,4,596152,9458,102093,5863,0.08760976694208751,0.38267737092879056
8273,0.8647,2,0,2,596152,9458,102095,5861,0.08760976694208751,0.382596775246426
8274,0.8648,1,5,1,596157,9453,102096,5860,0.08756345177664974,0.38268138183242995
8275,0.8649,5,7,5,596164,9446,102101,5855,0.08749861054503687,0.38265472844912096
8276,0.865,7,34,7,596198,9412,102108,5848,0.08718366742006002,0.3832241153342071
8277,0.8651,0,3,0,596201,9409,102108,5848,0.08715587832079737,0.3832994690961526
8278,0.8652,1,3,1,596204,9406,102109,5847,0.0871280892215347,0.38333442601455453
8279,0.8653,1,0,1,596204,9406,102110,5846,0.0871280892215347,0.3832939942302649
8280,0.8654,0,5,0,596209,9401,102110,5846,0.08708177405609693,0.38341968911917096
8281,0.8655,1,4,1,596213,9397,102111,5845,0.08704472192374671,0.38347985828631415
8282,0.8656,3,5,3,596218,9392,102114,5842,0.08699840675830894,0.3834843114086911
8283,0.8657,9,18,9,596236,9374,102123,5833,0.08683167216273296,0.3835733543762741
8284,0.8658,8,12,8,596248,9362,102131,5825,0.08672051576568232,0.38355172186738656
8285,0.8659,3,9,3,596257,9353,102134,5822,0.08663714846789433,0.38365733113673806
8286,0.866,1,3,1,596260,9350,102135,5821,0.08660935936863166,0.38369257135323975
8287,0.8661,1,5,1,596265,9345,102136,5820,0.0865630442031939,0.3837784371909001
8288,0.8662,2,6,2,596271,9339,102138,5818,0.08650746600466856,0.3838490466451145
8289,0.8663,4,12,4,596283,9327,102142,5814,0.08639630960761792,0.38399048939964336
8290,0.8664,9,15,9,596298,9312,102151,5805,0.08625736411130461,0.38400476284977175
8291,0.8665,4,7,4,596305,9305,102155,5801,0.08619252287969173,0.3840195948629684
8292,0.8666,2,1,2,596306,9304,102157,5799,0.08618325984660417,0.38396345097000595
8293,0.8667,162,332,162,596638,8972,102319,5637,0.08310793286153619,0.38585803271955643
8294,0.8668,2,8,2,596646,8964,102321,5635,0.08303382859683575,0.38598534146174396
8295,0.8669,3,10,3,596656,8954,102324,5632,0.0829411982659602,0.3861236802413273
8296,0.867,2,2,2,596658,8952,102326,5630,0.0829226721997851,0.3860924427376217
8297,0.8671,3,10,3,596668,8942,102329,5627,0.08283004186890956,0.3862310385064177
8298,0.8672,0,3,0,596671,8939,102329,5627,0.0828022527696469,0.3863105862968557
8299,0.8673,11,8,11,596679,8931,102340,5616,0.08272814850494646,0.38605898123324395
8300,0.8674,6,6,6,596685,8925,102346,5610,0.08267257030642114,0.38596491228070173
8301,0.8675,11,30,11,596715,8895,102357,5599,0.0823946793137945,0.3862977783910584
8302,0.8676,4,6,4,596721,8889,102361,5595,0.08233910111526918,0.3862883181441591
8303,0.8677,10,8,10,596729,8881,102371,5585,0.08226499685056875,0.3860776994331536
8304,0.8678,3,7,3,596736,8874,102374,5582,0.08220015561895587,0.3861372440509131
8305,0.8679,6,4,6,596740,8870,102380,5576,0.08216310348660566,0.38598920116295166
8306,0.868,2,2,2,596742,8868,102382,5574,0.08214457742043055,0.38595762359783964
8307,0.8681,8,21,8,596763,8847,102390,5566,0.0819500537255919,0.38617914382848817
8308,0.8682,4,8,4,596771,8839,102394,5562,0.08187594946089148,0.3862231789459065
8309,0.8683,18,52,18,596823,8787,102412,5544,0.08139427174033866,0.3868536738538832
8310,0.8684,1,2,1,596825,8785,102413,5543,0.08137574567416354,0.3868648799553322
8311,0.8686,0,13,0,596838,8772,102413,5543,0.08125532624402534,0.38721620677610896
8312,0.8687,2,6,2,596844,8766,102415,5541,0.08119974804550002,0.3872929335290417
8313,0.8688,1,6,1,596850,8760,102416,5540,0.08114416984697469,0.38741258741258744
8314,0.8689,9,16,9,596866,8744,102425,5531,0.08099596131757382,0.38746059544658495
8315,0.869,12,14,12,596880,8730,102437,5519,0.08086627885434806,0.3873254263457085
8316,0.8691,0,2,0,596882,8728,102437,5519,0.08084775278817297,0.3873797992559837
8317,0.8692,3,10,3,596892,8718,102440,5516,0.08075512245729742,0.3875228326542082
8318,0.8693,3,12,3,596904,8706,102443,5513,0.08064396606024676,0.38772065546100287
8319,0.8695,3,13,3,596917,8693,102446,5510,0.08052354663010856,0.38794620854748996
8320,0.8696,0,3,0,596920,8690,102446,5510,0.0804957575308459,0.3880281690140845
8321,0.8697,0,3,0,596923,8687,102446,5510,0.08046796843158324,0.3881101641191801
8322,0.8699,1,2,1,596925,8685,102447,5509,0.08044944236540813,0.3881217415809497
8323,0.87,23,45,23,596970,8640,102470,5486,0.0800326058764682,0.3883618858841852
8324,0.8701,5,8,5,596978,8632,102475,5481,0.07995850161176776,0.38836533692340397
8325,0.8702,5,16,5,596994,8616,102480,5476,0.0798102930823669,0.3885892705080897
8326,0.8703,1,14,1,597008,8602,102481,5475,0.07968061061914113,0.3889323009163884
8327,0.8704,1,6,1,597014,8596,102482,5474,0.0796250324206158,0.3890547263681592
8328,0.8705,2,11,2,597025,8585,102484,5472,0.07952313905665272,0.38927224870171445
8329,0.8706,2,7,2,597032,8578,102486,5470,0.07945829782503983,0.38937927107061504
8330,0.8707,11,27,11,597059,8551,102497,5459,0.07920819593167587,0.38965024982155605
8331,0.8708,3,16,3,597075,8535,102500,5456,0.079059987402275,0.3899649774855264
8332,0.8709,5,9,5,597084,8526,102505,5451,0.07897662010448701,0.38999785361665595
8333,0.871,4,8,4,597092,8518,102509,5447,0.07890251583978658,0.390046544933763
8334,0.8711,2,7,2,597099,8511,102511,5445,0.0788376746081737,0.3901547721410146
8335,0.8712,5,5,5,597104,8506,102516,5440,0.07879135944273592,0.39007600745733545
8336,0.8713,2,7,2,597111,8499,102518,5438,0.07872651821112304,0.390184401234125
8337,0.8714,9,30,9,597141,8469,102527,5429,0.07844862721849642,0.3906317455749029
8338,0.8715,1,6,1,597147,8463,102528,5428,0.0783930490199711,0.3907566049960406
8339,0.8717,25,54,25,597201,8409,102553,5403,0.07789284523324318,0.39118158123370983
8340,0.8718,6,5,6,597206,8404,102559,5397,0.0778465300678054,0.39105861894065647
8341,0.8719,4,3,4,597209,8401,102563,5393,0.07781874096854274,0.3909670871393359
8342,0.872,5,3,5,597212,8398,102568,5388,0.07779095186928008,0.3908312781082257
8343,0.8721,0,3,0,597215,8395,102568,5388,0.07776316277001741,0.39091634622360877
8344,0.8722,13,27,13,597242,8368,102581,5375,0.07751306087665345,0.39110820053845596
8345,0.8723,2,8,2,597250,8360,102583,5373,0.07743895661195302,0.3912473603728246
8346,0.8724,5,6,5,597256,8354,102588,5368,0.0773833784134277,0.3911966185687218
8347,0.8725,6,5,6,597261,8349,102594,5362,0.07733706324798992,0.39107286120633067
8348,0.8726,3,6,3,597267,8343,102597,5359,0.0772814850494646,0.3911107867464604
8349,0.8727,5,9,5,597276,8334,102602,5354,0.0771981177516766,0.39114552893045
8350,0.8728,6,9,6,597285,8325,102608,5348,0.07711475045388862,0.39113581511007095
8351,0.8729,9,22,9,597307,8303,102617,5339,0.07691096372596243,0.39136490250696376
8352,0.873,0,1,0,597308,8302,102617,5339,0.07690170069287487,0.39139359284509934
8353,0.8731,3,4,3,597312,8298,102620,5336,0.07686464856052466,0.39137450491418513
8354,0.8732,3,5,3,597317,8293,102623,5333,0.07681833339508688,0.3913841185968002
8355,0.8733,5,9,5,597326,8284,102628,5328,0.07673496609729889,0.3914193358801058
8356,0.8735,2,12,2,597338,8272,102630,5326,0.07662380970024825,0.3916752463597588
8357,0.8736,4,6,4,597344,8266,102634,5322,0.07656823150172293,0.39166911981159847
8358,0.8737,1,3,1,597347,8263,102635,5321,0.07654044240246026,0.3917108362779741
8359,0.8738,11,16,11,597363,8247,102646,5310,0.07639223387305939,0.39167957512724055
8360,0.8739,2,4,2,597367,8243,102648,5308,0.07635518174070918,0.3917054091948934
8361,0.874,3,9,3,597376,8234,102651,5305,0.07627181444292119,0.3918310067213236
8362,0.8741,2,2,2,597378,8232,102653,5303,0.07625328837674608,0.39179903952715184
8363,0.8742,3,6,3,597384,8226,102656,5300,0.07619771017822076,0.39183794174183056
8364,0.8743,6,5,6,597389,8221,102662,5294,0.07615139501278298,0.3917129115797262
8365,0.8744,4,7,4,597396,8214,102666,5290,0.0760865537811701,0.39173578199052134
8366,0.8746,2,3,2,597399,8211,102668,5288,0.07605876468190745,0.391732720942292
8367,0.8747,4,5,4,597404,8206,102672,5284,0.07601244951646967,0.3916975537435137
8368,0.8748,5,6,5,597410,8200,102677,5279,0.07595687131794435,0.39164626455968543
8369,0.8749,3,7,3,597417,8193,102680,5276,0.07589203008633147,0.3917143069270176
8370,0.875,94,215,94,597632,7978,102774,5182,0.07390047797250732,0.39376899696048634
8371,0.8751,1,1,1,597633,7977,102775,5181,0.07389121493941976,0.39375284997720017
8372,0.8752,6,4,6,597637,7973,102781,5175,0.07385416280706955,0.39359598418010344
8373,0.8753,0,9,0,597646,7964,102781,5175,0.07377079550928156,0.3938655909886597
8374,0.8754,6,7,6,597653,7957,102787,5169,0.07370595427766868,0.39379856772817307
8375,0.8755,7,8,7,597661,7949,102794,5162,0.07363185001296825,0.39371520097627943
8376,0.8756,1,3,1,597664,7946,102795,5161,0.07360406091370558,0.39375906004425115
8377,0.8757,13,16,13,597680,7930,102808,5148,0.07345585238430472,0.39363817097415504
8378,0.8758,7,7,7,597687,7923,102815,5141,0.07339101115269184,0.3935241886099204
8379,0.8759,9,11,9,597698,7912,102824,5132,0.07328911778872874,0.39343759582950016
8380,0.876,1,2,1,597700,7910,102825,5131,0.07327059172255364,0.3934514224369297
8381,0.8762,4,9,4,597709,7901,102829,5127,0.07318722442476565,0.3935369972367209
8382,0.8763,1,1,1,597710,7900,102830,5126,0.07317796139167809,0.39352065100568095
8383,0.8764,9,12,9,597722,7888,102839,5117,0.07306680499462744,0.3934640522875817
8384,0.8765,3,11,3,597733,7877,102842,5114,0.07296491163066435,0.3936571472557925
8385,0.8766,3,18,3,597751,7859,102845,5111,0.07279817703508837,0.3940632228218967
8386,0.8767,18,65,18,597816,7794,102863,5093,0.07219607988439734,0.39520446962054784
8387,0.8768,1,5,1,597821,7789,102864,5092,0.07214976471895958,0.39531092306497945
8388,0.8769,0,1,0,597822,7788,102864,5092,0.07214050168587202,0.3953416149068323
8389,0.877,4,9,4,597831,7779,102868,5088,0.07205713438808403,0.3954301702028445
8390,0.8771,3,3,3,597834,7776,102871,5085,0.07202934528882138,0.39538138558432473
8391,0.8772,2,4,2,597838,7772,102873,5083,0.07199229315647115,0.39541034616880594
8392,0.8773,1,0,1,597838,7772,102874,5082,0.07199229315647115,0.3953633110315855
8393,0.8774,6,15,6,597853,7757,102880,5076,0.07185334766015784,0.3955427413699057
8394,0.8775,7,13,7,597866,7744,102887,5069,0.07173292823001964,0.39561382970420667
8395,0.8776,4,3,4,597869,7741,102891,5065,0.07170513913075698,0.3955177260659066
8396,0.8777,3,6,3,597875,7735,102894,5062,0.07164956093223165,0.3955614597171212
8397,0.8778,11,16,11,597891,7719,102905,5051,0.07150135240283079,0.39553641346906815
8398,0.8779,0,6,0,597897,7713,102905,5051,0.07144577420430545,0.3957223440927609
8399,0.878,0,4,0,597901,7709,102905,5051,0.07140872207195524,0.395846394984326
8400,0.8781,2,7,2,597908,7702,102907,5049,0.07134388084034236,0.3959689436122657
8401,0.8782,2,6,2,597914,7696,102909,5047,0.07128830264181704,0.3960605822804677
8402,0.8783,3,3,3,597917,7693,102912,5044,0.07126051354255437,0.396011619690665
8403,0.8784,1,3,1,597920,7690,102913,5043,0.0712327244432917,0.39605748841592714
8404,0.8785,2,2,2,597922,7688,102915,5041,0.07121419837711661,0.396024825202294
8405,0.8786,1,1,1,597923,7687,102916,5040,0.07120493534402905,0.39600848589612636
8406,0.8788,2,9,2,597932,7678,102918,5038,0.07112156804624106,0.3961937716262976
8407,0.8789,2,14,2,597946,7664,102920,5036,0.07099188558301531,0.39653543307086614
8408,0.879,1,2,1,597948,7662,102921,5035,0.0709733595168402,0.3965503662282429
8409,0.8791,2,7,2,597955,7655,102923,5033,0.07090851828522732,0.39667402269861285
8410,0.8792,8,22,8,597977,7633,102931,5025,0.07070473155730113,0.3969821456786222
8411,0.8793,2,7,2,597984,7626,102933,5023,0.07063989032568824,0.3971064906316705
8412,0.8794,6,3,6,597987,7623,102939,5017,0.07061210122642558,0.3969145569620253
8413,0.8796,6,2,6,597989,7621,102945,5011,0.07059357516025047,0.3966909436352122
8414,0.8797,1,4,1,597993,7617,102946,5010,0.07055652302790026,0.3967688287004039
8415,0.8798,17,19,17,598012,7598,102963,4993,0.07038052539923673,0.3965530934794695
8416,0.8799,1,4,1,598016,7594,102964,4992,0.0703434732668865,0.3966311774988082
8417,0.88,72,122,72,598138,7472,103036,4920,0.0692133832302049,0.39703034215622984
8418,0.8801,2,13,2,598151,7459,103038,4918,0.0690929638000667,0.3973499232447281
8419,0.8802,1,8,1,598159,7451,103039,4917,0.06901885953536627,0.3975582147477361
8420,0.8803,1,0,1,598159,7451,103040,4916,0.06901885953536627,0.39750950109161476
8421,0.8804,1,5,1,598164,7446,103041,4915,0.06897254436992849,0.3976215516543969
8422,0.8806,7,8,7,598172,7438,103048,4908,0.06889844010522805,0.3975376640207355
8423,0.8807,1,8,1,598180,7430,103049,4907,0.06882433584052762,0.3977466158709573
8424,0.8808,8,11,8,598191,7419,103057,4899,0.06872244247656453,0.39771066731612276
8425,0.8809,3,4,3,598195,7415,103060,4896,0.06868539034421431,0.39769311997400697
8426,0.881,5,8,5,598203,7407,103065,4891,0.06861128607951388,0.3977069442185721
8427,0.8811,0,2,0,598205,7405,103065,4891,0.06859276001333876,0.39777163305139884
8428,0.8812,5,8,5,598213,7397,103070,4886,0.06851865574863833,0.39778555727428155
8429,0.8813,4,14,4,598227,7383,103074,4882,0.06838897328541257,0.3980432123929882
8430,0.8814,0,8,0,598235,7375,103074,4882,0.06831486902071214,0.3983030105245982
8431,0.8815,3,4,3,598239,7371,103077,4879,0.06827781688836193,0.3982857142857143
8432,0.8816,1,3,1,598242,7368,103078,4878,0.06825002778909926,0.3983341499265066
8433,0.8817,14,14,14,598256,7354,103092,4864,0.06812034532587351,0.3981011622196759
8434,0.8818,3,2,3,598258,7352,103095,4861,0.0681018192596984,0.39801850487185786
8435,0.8819,1,1,1,598259,7351,103096,4860,0.06809255622661084,0.39800180165424615
8436,0.882,3,3,3,598262,7348,103099,4857,0.06806476712734819,0.39795165915608355
8437,0.8821,5,9,5,598271,7339,103104,4852,0.0679813998295602,0.39799852350094334
8438,0.8822,0,8,0,598279,7331,103104,4852,0.06790729556485976,0.3982598703110892
8439,0.8823,2,5,2,598284,7326,103106,4850,0.06786098039942198,0.3983245729303548
8440,0.8824,4,12,4,598296,7314,103110,4846,0.06774982400237134,0.3985197368421053
8441,0.8825,2,10,2,598306,7304,103112,4844,0.0676571936714958,0.3987487652288443
8442,0.8826,2,6,2,598312,7298,103114,4842,0.06760161547297047,0.39884678747940694
8443,0.8827,4,6,4,598318,7292,103118,4838,0.06754603727444515,0.39884583676834295
8444,0.8829,6,4,6,598322,7288,103124,4832,0.06750898514209493,0.39867986798679866
8445,0.883,3,4,3,598326,7284,103127,4829,0.06747193300974472,0.39866259390737224
8446,0.8831,10,10,10,598336,7274,103137,4819,0.06737930267886917,0.39849499710576364
8447,0.8832,8,16,8,598352,7258,103145,4811,0.0672310941494683,0.3986245753583561
8448,0.8833,77,144,77,598496,7114,103222,4734,0.0658972173848605,0.399561107359892
8449,0.8834,3,5,3,598501,7109,103225,4731,0.06585090221942273,0.3995777027027027
8450,0.8836,5,7,5,598508,7102,103230,4726,0.06578606098780986,0.3995603652350355
8451,0.8837,1,1,1,598509,7101,103231,4725,0.0657767979547223,0.3995433789954338
8452,0.8838,2,5,2,598514,7096,103233,4723,0.06573048278928452,0.3996107961756494
8453,0.8839,3,12,3,598526,7084,103236,4720,0.06561932639223388,0.39986445272788884
8454,0.884,2,3,2,598529,7081,103238,4718,0.06559153729297121,0.39986439528773626
8455,0.8841,0,1,0,598530,7080,103238,4718,0.06558227425988365,0.39989828784539755
8456,0.8842,1,10,1,598540,7070,103239,4717,0.06548964392900812,0.4001866463052515
8457,0.8843,4,4,4,598544,7066,103243,4713,0.0654525917966579,0.40011885559045757
8458,0.8844,2,10,2,598554,7056,103245,4711,0.06535996146578235,0.4003569303985723
8459,0.8845,1,4,1,598558,7052,103246,4710,0.06532290933343214,0.4004421016833872
8460,0.8846,1,2,1,598560,7050,103247,4709,0.06530438326725703,0.40045922272302065
8461,0.8847,2,3,2,598563,7047,103249,4707,0.06527659416799436,0.4004594180704441
8462,0.8848,7,14,7,598577,7033,103256,4700,0.0651469117047686,0.4005795619193727
8463,0.8849,6,2,6,598579,7031,103262,4694,0.0651283856385935,0.4003411513859275
8464,0.885,16,45,16,598624,6986,103278,4678,0.06471154914965356,0.4010631001371742
8465,0.8851,4,9,4,598633,6977,103282,4674,0.06462818185186557,0.4011672817783881
8466,0.8852,1,2,1,598635,6975,103283,4673,0.06460965578569047,0.40118475274725274
8467,0.8853,1,7,1,598642,6968,103284,4672,0.06454481455407758,0.4013745704467354
8468,0.8854,3,4,3,598646,6964,103287,4669,0.06450776242172737,0.4013582051061635
8469,0.8855,4,11,4,598657,6953,103291,4665,0.06440586905776427,0.4015321053537614
8470,0.8856,5,13,5,598670,6940,103296,4660,0.06428544962762607,0.4017241379310345
8471,0.8857,12,36,12,598706,6904,103308,4648,0.06395198043647411,0.4023545706371191
8472,0.8858,6,5,6,598711,6899,103314,4642,0.06390566527103635,0.40221817866735987
8473,0.8859,2,5,2,598716,6894,103316,4640,0.06385935010559858,0.4022888850355471
8474,0.886,0,1,0,598717,6893,103316,4640,0.06385008707251102,0.40232376658284924
8475,0.8861,3,3,3,598720,6890,103319,4637,0.06382229797324836,0.40227292443827534
8476,0.8863,3,5,3,598725,6885,103322,4634,0.06377598280781059,0.40229186561333447
8477,0.8864,2,6,2,598731,6879,103324,4632,0.06372040460928527,0.4023977065415689
8478,0.8865,5,8,5,598739,6871,103329,4627,0.06364630034458484,0.40241781179335534
8479,0.8866,0,6,0,598745,6865,103329,4627,0.0635907221460595,0.402627915071354
8480,0.8867,7,27,7,598772,6838,103336,4620,0.06334062025269555,0.40321172979577585
8481,0.8868,4,10,4,598782,6828,103340,4616,0.06324798992182,0.4033554701153443
8482,0.8869,2,0,2,598782,6828,103342,4614,0.06324798992182,0.4032511798636602
8483,0.887,2,0,2,598782,6828,103344,4612,0.06324798992182,0.40314685314685317
8484,0.8871,2,5,2,598787,6823,103346,4610,0.06320167475638223,0.40321875273331587
8485,0.8872,0,6,0,598793,6817,103346,4610,0.0631460965578569,0.40343047168985735
8486,0.8873,6,5,6,598798,6812,103352,4604,0.06309978139241913,0.4032936229852838
8487,0.8874,1,6,1,598804,6806,103353,4603,0.06304420319389381,0.4034534139714261
8488,0.8875,13,28,13,598832,6778,103366,4590,0.06278483826744229,0.4037649542575651
8489,0.8876,9,20,9,598852,6758,103375,4581,0.06259957760569121,0.40400388041273483
8490,0.8877,3,2,3,598854,6756,103378,4578,0.0625810515395161,0.4039174166225516
8491,0.8878,2,5,2,598859,6751,103380,4576,0.06253473637407833,0.4039904652599982
8492,0.8879,4,3,4,598862,6748,103384,4572,0.06250694727481566,0.40388692579505303
8493,0.888,9,9,9,598871,6739,103393,4563,0.06242357997702768,0.4037338524155017
8494,0.8881,8,22,8,598893,6717,103401,4555,0.062219793249101485,0.4040986515259049
8495,0.8882,5,7,5,598900,6710,103406,4550,0.06215495201748861,0.40408525754884544
8496,0.8883,11,28,11,598928,6682,103417,4539,0.06189558709103709,0.40450940201408075
8497,0.8884,3,1,3,598929,6681,103420,4536,0.061886324057949534,0.40438619951858784
8498,0.8885,6,4,6,598933,6677,103426,4530,0.06184927192559932,0.4042116534308914
8499,0.8886,1,8,1,598941,6669,103427,4529,0.06177516766089888,0.40444722271834255
8500,0.8887,1,1,1,598942,6668,103428,4528,0.06176590462781133,0.4044301536262951
8501,0.8889,7,15,7,598957,6653,103435,4521,0.061626959131498016,0.4045999642026132
8502,0.889,1,3,1,598960,6650,103436,4520,0.061599170032235355,0.40465532676812893
8503,0.8891,3,13,3,598973,6637,103439,4517,0.06147875060209715,0.4049668280437511
8504,0.8892,1,11,1,598984,6626,103440,4516,0.061376857238134054,0.40531322922276075
8505,0.8893,0,2,0,598986,6624,103440,4516,0.06135833117195895,0.4053859964093357
8506,0.8894,9,13,9,598999,6611,103449,4507,0.06123791174182074,0.4053786652275589
8507,0.8895,3,5,3,599004,6606,103452,4504,0.06119159657638297,0.4054005400540054
8508,0.8896,1,2,1,599006,6604,103453,4503,0.061173070510207865,0.40542000540199874
8509,0.8897,0,1,0,599007,6603,103453,4503,0.06116380747712031,0.40545650999459754
8510,0.8898,12,8,12,599015,6595,103465,4491,0.061089703212419875,0.4051055385170485
8511,0.8899,5,19,5,599034,6576,103470,4486,0.06091370558375635,0.40553245344422345
8512,0.89,14,47,14,599081,6529,103484,4472,0.0604783430286413,0.40650849922734295
8513,0.8901,0,2,0,599083,6527,103484,4472,0.06045981696246619,0.4065824165833258
8514,0.8902,3,6,3,599089,6521,103487,4469,0.06040423876394087,0.40664240218380343
8515,0.8903,0,2,0,599091,6519,103487,4469,0.060385712697765756,0.40671641791044777
8516,0.8904,3,1,3,599092,6518,103490,4466,0.0603764496646782,0.40659140568099056
8517,0.8905,5,7,5,599099,6511,103495,4461,0.06031160843306532,0.4065803864382063
8518,0.8906,4,6,4,599105,6505,103499,4457,0.06025603023454,0.40658638934501
8519,0.8907,11,9,11,599114,6496,103510,4446,0.06017266293675201,0.40632425516358983
8520,0.8908,7,8,7,599122,6488,103517,4439,0.06009855867205158,0.40624142033495014
8521,0.8909,3,11,3,599133,6477,103520,4436,0.05999666530808848,0.4064876752497022
8522,0.891,6,5,6,599138,6472,103526,4430,0.05995035014265071,0.4063474591818015
8523,0.8911,1,13,1,599151,6459,103527,4429,0.059829930712512504,0.40677810433504774
8524,0.8913,8,5,8,599156,6454,103535,4421,0.05978361554707473,0.4065287356321839
8525,0.8914,0,5,0,599161,6449,103535,4421,0.059737300381636965,0.4067157313707452
8526,0.8916,5,5,5,599166,6444,103540,4416,0.05969098521619919,0.4066298342541437
8527,0.8917,69,112,69,599278,6332,103609,4347,0.05865352551039312,0.4070605861972095
8528,0.8918,11,10,11,599288,6322,103620,4336,0.05856089517951758,0.40683054982173017
8529,0.8921,0,3,0,599291,6319,103620,4336,0.058533106080254915,0.4069450961989676
8530,0.8922,0,1,0,599292,6318,103620,4336,0.058523843047167366,0.4069832926600338
8531,0.8923,5,4,5,599296,6314,103625,4331,0.05848679091481715,0.4068576796618131
8532,0.8924,2,10,2,599306,6304,103627,4329,0.058394160583941604,0.40712875011755856
8533,0.8925,5,19,5,599325,6285,103632,4324,0.058218162955278076,0.4075784711094354
8534,0.8926,0,6,0,599331,6279,103632,4324,0.058162584756752754,0.4078091106290672
8535,0.8927,4,9,4,599340,6270,103636,4320,0.058079217458964764,0.40793201133144474
8536,0.8928,5,5,5,599345,6265,103641,4315,0.05803290229352699,0.40784499054820417
8537,0.8929,5,12,5,599357,6253,103646,4310,0.05792174589647634,0.40802802234213764
8538,0.893,0,3,0,599360,6250,103646,4310,0.05789395679721368,0.4081439393939394
8539,0.8931,0,3,0,599363,6247,103646,4310,0.05786616769795102,0.4082599223264185
8540,0.8932,5,5,5,599368,6242,103651,4305,0.05781985253251325,0.4081729401725609
8541,0.8933,19,20,19,599388,6222,103670,4286,0.05763459187076216,0.4078797106966121
8542,0.8934,4,10,4,599398,6212,103674,4282,0.05754196153988662,0.408042691061559
8543,0.8935,2,7,2,599405,6205,103676,4280,0.05747712030827374,0.40820219360991894
8544,0.8936,0,7,0,599412,6198,103676,4280,0.05741227907666086,0.40847489979003626
8545,0.8937,7,9,7,599421,6189,103683,4273,0.05732891177887287,0.408430510418658
8546,0.8938,0,2,0,599423,6187,103683,4273,0.05731038571269777,0.408508604206501
8547,0.894,2,6,2,599429,6181,103685,4271,0.05725480751417244,0.4086299272866437
8548,0.8942,6,10,6,599439,6171,103691,4265,0.0571621771832969,0.4086814871598314
8549,0.8943,2,0,2,599439,6171,103693,4263,0.0571621771832969,0.4085681426106958
8550,0.8944,6,16,6,599455,6155,103699,4257,0.05701396865389603,0.40885516711486747
8551,0.8945,2,2,2,599457,6153,103701,4255,0.05699544258772092,0.40882013835511144
8552,0.8946,4,9,4,599466,6144,103705,4251,0.05691207528993294,0.40894660894660895
8553,0.8947,3,5,3,599471,6139,103708,4248,0.056865760124495165,0.4089727544045441
8554,0.8948,4,6,4,599477,6133,103712,4244,0.05681018192596984,0.408981401175677
8555,0.8949,5,8,5,599485,6125,103717,4239,0.0567360776612694,0.40901196449247396
8556,0.895,4,3,4,599488,6122,103721,4235,0.05670828856200674,0.40890219175436904
8557,0.8951,2,4,2,599492,6118,103723,4233,0.056671236429656525,0.40894599555598493
8558,0.8952,5,8,5,599500,6110,103728,4228,0.05659713216495609,0.4089765912168698
8559,0.8953,6,25,6,599525,6085,103734,4222,0.05636555633776724,0.40962452702047153
8560,0.8954,4,3,4,599528,6082,103738,4218,0.056337767238504574,0.4095145631067961
8561,0.8955,2,5,2,599533,6077,103740,4216,0.05629145207306681,0.4095987564364131
8562,0.8956,3,6,3,599539,6071,103743,4213,0.05623587387454148,0.40966549980552314
8563,0.8957,8,18,8,599557,6053,103751,4205,0.05606913927896551,0.40992396178592316
8564,0.8958,6,16,6,599573,6037,103757,4199,0.05592093074956464,0.4102188354826104
8565,0.8959,1,2,1,599575,6035,103758,4198,0.05590240468338953,0.4102413759405844
8566,0.896,0,2,0,599577,6033,103758,4198,0.05588387861721442,0.41032157169387157
8567,0.8961,0,3,0,599580,6030,103758,4198,0.055856089517951756,0.41044192412983965
8568,0.8962,0,3,0,599583,6027,103758,4198,0.055828300418689095,0.41056234718826407
8569,0.8963,1,3,1,599586,6024,103759,4197,0.055800511319426434,0.4106251834458468
8570,0.8964,4,14,4,599600,6010,103763,4193,0.05567082885620067,0.4109575615015192
8571,0.8965,1,1,1,599601,6009,103764,4192,0.05566156582311312,0.41094010391138125
8572,0.8966,2,0,2,599601,6009,103766,4190,0.05566156582311312,0.4108245906461418
8573,0.8967,30,74,30,599675,5935,103796,4160,0.05497610137463411,0.4120851906884596
8574,0.8968,3,5,3,599680,5930,103799,4157,0.05492978620919634,0.41211460295429764
8575,0.897,5,12,5,599692,5918,103804,4152,0.05481862981214569,0.4123138033763654
8576,0.8971,8,5,8,599697,5913,103812,4144,0.05477231464670792,0.4120513075469822
8577,0.8972,8,2,8,599699,5911,103820,4136,0.05475378858053281,0.41166517368368666
8578,0.8973,2,3,2,599702,5908,103822,4134,0.054725999481270146,0.4116709818761203
8579,0.8974,0,2,0,599704,5906,103822,4134,0.05470747341509504,0.41175298804780874
8580,0.8975,7,11,7,599715,5895,103829,4127,0.05460558005113194,0.4117940530832169
8581,0.8976,1,0,1,599715,5895,103830,4126,0.05460558005113194,0.41173535575291886
8582,0.8977,1,2,1,599717,5893,103831,4125,0.054587053984956835,0.41175883409862246
8583,0.8978,3,3,3,599720,5890,103834,4122,0.054559264885694174,0.41170595285657213
8584,0.8979,4,4,4,599724,5886,103838,4118,0.05452221275334396,0.41163534586165534
8585,0.8981,7,5,7,599729,5881,103845,4111,0.054475897587906184,0.41142914331465175
8586,0.8982,6,10,6,599739,5871,103851,4105,0.05438326725703064,0.41148757016840415
8587,0.8983,3,6,3,599745,5865,103854,4102,0.05432768905850532,0.4115581418681649
8588,0.8985,1,3,1,599748,5862,103855,4101,0.054299899959242656,0.41162300511894007
8589,0.8986,1,0,1,599748,5862,103856,4100,0.054299899959242656,0.4115639429833367
8590,0.8987,0,4,0,599752,5858,103856,4100,0.05426284782689244,0.41172926290419765
8591,0.8988,1,5,1,599757,5853,103857,4099,0.05421653266145467,0.41187700964630225
8592,0.8989,4,7,4,599764,5846,103861,4095,0.05415169142984179,0.41193038929685144
8593,0.899,5,4,5,599768,5842,103866,4090,0.05411463929749157,0.4118002416431736
8594,0.8991,8,9,8,599777,5833,103874,4082,0.05403127199970358,0.41169944528492186
8595,0.8992,3,5,3,599782,5828,103877,4079,0.05398495683426581,0.41172908044816797
8596,0.8993,1,3,1,599785,5825,103878,4078,0.05395716773500315,0.4117944057356357
8597,0.8994,1,11,1,599796,5814,103879,4077,0.053855274371040054,0.4121929026387625
8598,0.8995,0,1,0,599797,5813,103879,4077,0.0538460113379525,0.4122345803842265
8599,0.8996,3,0,3,599797,5813,103882,4074,0.0538460113379525,0.41205623546070597
8600,0.8997,1,7,1,599804,5806,103883,4073,0.05378117010633962,0.4122886931875696
8601,0.8998,4,3,4,599807,5803,103887,4069,0.05375338100707696,0.41217585089141007
8602,0.8999,1,5,1,599812,5798,103888,4068,0.05370706584163919,0.41232515710520984
8603,0.9,476,769,476,600581,5029,104364,3592,0.04658379339731002,0.41665700034798747
8604,0.9001,1,3,1,600584,5026,104365,3591,0.046556004298047356,0.41673436230706745
8605,0.9002,4,15,4,600599,5011,104369,3587,0.04641705880173404,0.4171900441963247
8606,0.9003,3,4,3,600603,5007,104372,3584,0.04638000666938382,0.4171807705738564
8607,0.9006,2,7,2,600610,5000,104374,3582,0.04631516543777094,0.4173852248893032
8608,0.9007,2,12,2,600622,4988,104376,3580,0.04620400904072029,0.4178338001867414
8609,0.9008,3,5,3,600627,4983,104379,3577,0.04615769387528252,0.4178738317757009
8610,0.9009,4,6,4,600633,4977,104383,3573,0.0461021156767572,0.41789473684210526
8611,0.901,6,6,6,600639,4971,104389,3567,0.04604653747823187,0.4177793394237526
8612,0.9011,0,2,0,600641,4969,104389,3567,0.046028011412056764,0.4178772258669166
8613,0.9012,7,4,7,600645,4965,104396,3560,0.04599095927970655,0.41759530791788857
8614,0.9013,8,7,8,600652,4958,104404,3552,0.04592611804809367,0.41739130434782606
8615,0.9014,5,11,5,600663,4947,104409,3547,0.04582422468413057,0.41758888627266305
8616,0.9015,1,2,1,600665,4945,104410,3546,0.04580569861795546,0.41761865504651985
8617,0.9017,15,22,15,600687,4923,104425,3531,0.045601911890029274,0.41767210787792763
8618,0.9018,1,3,1,600690,4920,104426,3530,0.04557412279076661,0.41775147928994083
8619,0.902,3,3,3,600693,4917,104429,3527,0.045546333691503946,0.41769303647560396
8620,0.9022,5,5,5,600698,4912,104434,3522,0.04550001852606617,0.41759544700023715
8621,0.9023,1,1,1,600699,4911,104435,3521,0.045490755492978624,0.41757590132827327
8622,0.9024,8,17,8,600716,4894,104443,3513,0.0453332839304902,0.4178660639942905
8623,0.9025,9,9,9,600725,4885,104452,3504,0.04524991663270221,0.417689831922756
8624,0.9026,2,1,2,600726,4884,104454,3502,0.045240653599614655,0.4176007631767231
8625,0.9027,2,7,2,600733,4877,104456,3500,0.04517581236800178,0.41781067207830963
8626,0.903,1,2,1,600735,4875,104457,3499,0.04515728630182667,0.4178409362311918
8627,0.9031,8,4,8,600739,4871,104465,3491,0.045120234169476456,0.4174838555369529
8628,0.9032,3,5,3,600744,4866,104468,3488,0.04507391900403868,0.41752453914292553
8629,0.9033,5,5,5,600749,4861,104473,3483,0.04502760383860091,0.41742569511025884
8630,0.9034,0,2,0,600751,4859,104473,3483,0.045009077772425805,0.4175257731958763
8631,0.9036,4,2,4,600753,4857,104477,3479,0.044990551706250693,0.4173464491362764
8632,0.9038,11,12,11,600765,4845,104488,3468,0.04487939530920004,0.4171779141104294
8633,0.9039,1,1,1,600766,4844,104489,3467,0.04487013227611249,0.4171579833954999
8634,0.904,1,7,1,600773,4837,104490,3466,0.04480529104449961,0.4174394797061303
8635,0.9041,0,2,0,600775,4835,104490,3466,0.044786764978324504,0.4175400554150102
8636,0.9042,15,28,15,600803,4807,104505,3451,0.04452740005187299,0.4178977960765318
8637,0.9044,3,9,3,600812,4798,104508,3448,0.044444032754085,0.41814212951734175
8638,0.9045,1,0,1,600812,4798,104509,3447,0.044444032754085,0.41807155852031536
8639,0.9046,2,0,2,600812,4798,104511,3445,0.044444032754085,0.41793036515831616
8640,0.9047,2,2,2,600814,4796,104513,3443,0.04442550668790989,0.417890520694259
8641,0.9048,2,4,2,600818,4792,104515,3441,0.044388454555559675,0.4179521438114903
8642,0.905,11,35,11,600853,4757,104526,3430,0.04406424839749527,0.4189568828630756
8643,0.9051,0,1,0,600854,4756,104526,3430,0.044054985364407724,0.4190080625458099
8644,0.9052,0,5,0,600859,4751,104526,3430,0.04400867019896995,0.41926414863708594
8645,0.9054,2,3,2,600862,4748,104528,3428,0.04398088109970729,0.41927592954990217
8646,0.9056,7,10,7,600872,4738,104535,3421,0.043888250768831745,0.4192915798504719
8647,0.9057,2,1,2,600873,4737,104537,3419,0.04387898773574419,0.41920058852378617
8648,0.9058,6,4,6,600877,4733,104543,3413,0.04384193560339397,0.41897863982322614
8649,0.906,1,10,1,600887,4723,104544,3412,0.043749305272518434,0.4194222495390289
8650,0.9061,1,1,1,600888,4722,104545,3411,0.04374004223943088,0.4194024345260052
8651,0.9062,1,2,1,600890,4720,104546,3410,0.04372151617325577,0.4194341943419434
8652,0.9063,3,1,3,600891,4719,104549,3407,0.04371225314016822,0.4192714742800886
8653,0.9064,4,5,4,600896,4714,104553,3403,0.043665937974730444,0.4192435628926943
8654,0.9065,8,8,8,600904,4706,104561,3395,0.04359183371003001,0.41908406369584
8655,0.9066,6,0,6,600904,4706,104567,3389,0.04359183371003001,0.4186534898085238
8656,0.9067,8,26,8,600930,4680,104575,3381,0.043350994849753605,0.4194268701153703
8657,0.9068,1,10,1,600940,4670,104576,3380,0.04325836451887806,0.41987577639751555
8658,0.9069,2,1,2,600941,4669,104578,3378,0.04324910148579051,0.41978377034919845
8659,0.907,1,0,1,600941,4669,104579,3377,0.04324910148579051,0.4197116579666915
8660,0.9071,1,4,1,600945,4665,104580,3376,0.04321204935344029,0.4198482775774157
8661,0.9072,0,2,0,600947,4663,104580,3376,0.04319352328726518,0.41995273043910936
8662,0.9074,4,16,4,600963,4647,104584,3372,0.043045314757864314,0.42050130939019825
8663,0.9075,1,3,1,600966,4644,104585,3371,0.04301752565860165,0.42058640049906426
8664,0.9076,3,3,3,600969,4641,104588,3368,0.04298973655933899,0.420526907229367
8665,0.9077,2,3,2,600972,4638,104590,3366,0.042961947460076325,0.4205397301349325
8666,0.9078,2,1,2,600973,4637,104592,3364,0.042952684426988776,0.4204474440694913
8667,0.9079,3,5,3,600978,4632,104595,3361,0.042906369261551,0.42049293131490056
8668,0.908,1,0,1,600978,4632,104596,3360,0.042906369261551,0.42042042042042044
8669,0.9081,4,1,4,600979,4631,104600,3356,0.04289710622846345,0.42018279704519845
8670,0.9082,0,3,0,600982,4628,104600,3356,0.042869317129200786,0.42034068136272545
8671,0.9083,48,83,48,601065,4545,104648,3308,0.04210048538293379,0.42124029033490384
8672,0.9084,1,5,1,601070,4540,104649,3307,0.042054170217496016,0.42143494329042946
8673,0.9086,2,4,2,601074,4536,104651,3305,0.0420171180851458,0.42150235939293457
8674,0.9087,0,1,0,601075,4535,104651,3305,0.04200785505205824,0.4215561224489796
8675,0.9088,6,5,6,601080,4530,104657,3299,0.04196153988662048,0.42138204112913524
8676,0.9089,2,4,2,601084,4526,104659,3297,0.04192448775427026,0.42144957177553366
8677,0.9091,0,1,0,601085,4525,104659,3297,0.041915224721182705,0.421503451802608
8678,0.9092,4,8,4,601093,4517,104663,3293,0.04184112045648227,0.42163892445582585
8679,0.9093,0,1,0,601094,4516,104663,3293,0.041831857423394715,0.4216929184274555
8680,0.9094,0,3,0,601097,4513,104663,3293,0.041804068324132054,0.421854983346144
8681,0.9095,1,0,1,601097,4513,104664,3292,0.041804068324132054,0.42178090967328635
8682,0.9096,1,5,1,601102,4508,104665,3291,0.04175775315869428,0.42197717656109757
8683,0.9097,1,3,1,601105,4505,104666,3290,0.04172996405943162,0.4220654265554843
8684,0.9098,10,8,10,601113,4497,104676,3280,0.04165585979473119,0.4217564613604218
8685,0.91,29,33,29,601146,4464,104705,3251,0.0413501797028419,0.4213869086195723
8686,0.9101,1,1,1,601147,4463,104706,3250,0.04134091666975435,0.42136652405030467
8687,0.9102,3,3,3,601150,4460,104709,3247,0.04131312757049168,0.42130530686388995
8688,0.9103,4,2,4,601152,4458,104713,3243,0.041294601504316575,0.42111414102064665
8689,0.9104,3,0,3,601152,4458,104716,3240,0.041294601504316575,0.4208885424785659
8690,0.9105,1,3,1,601155,4455,104717,3239,0.041266812405053914,0.42097738497530546
8691,0.9106,8,9,8,601164,4446,104725,3231,0.041183445107265924,0.4208675263774912
8692,0.9107,4,6,4,601170,4440,104729,3227,0.041127866908740596,0.42089474370679536
8693,0.9108,3,2,3,601172,4438,104732,3224,0.04110934084256549,0.4207778647872618
8694,0.9109,0,1,0,601173,4437,104732,3224,0.041100077809477935,0.420832789453074
8695,0.9111,3,2,3,601175,4435,104735,3221,0.04108155174330283,0.42071577847439917
8696,0.9113,1,0,1,601175,4435,104736,3220,0.04108155174330283,0.42064010450685824
8697,0.9114,13,3,13,601178,4432,104749,3207,0.04105376264404016,0.4198193480822097
8698,0.9115,8,8,8,601186,4424,104757,3199,0.04097965837933973,0.4196510560146924
8699,0.9116,1,4,1,601190,4420,104758,3198,0.04094260624698951,0.4197952218430034
8700,0.9117,2,4,2,601194,4416,104760,3196,0.040905554114639295,0.41986337362059906
8701,0.9119,2,3,2,601197,4413,104762,3194,0.040877765015376634,0.4198764296043118
8702,0.9121,8,16,8,601213,4397,104770,3186,0.04072955648597577,0.4201503362785177
8703,0.9122,1,1,1,601214,4396,104771,3185,0.04072029345288821,0.420129270544783
8704,0.9124,2,11,2,601225,4385,104773,3183,0.040618400088925116,0.42058668076109934
8705,0.9125,3,8,3,601233,4377,104776,3180,0.04054429582422468,0.42080190551806274
8706,0.9127,0,2,0,601235,4375,104776,3180,0.04052576975804958,0.42091330244870945
8707,0.9128,0,3,0,601238,4372,104776,3180,0.04049798065878691,0.4210805084745763
8708,0.9129,7,6,7,601244,4366,104783,3173,0.04044240246026159,0.42087810054383873
8709,0.9131,17,16,17,601260,4350,104800,3156,0.04029419393086072,0.42046362909672264
8710,0.9133,24,40,24,601300,4310,104824,3132,0.03992367260735855,0.4208546089760817
8711,0.9135,1,2,1,601302,4308,104825,3131,0.03990514654118345,0.4208899045570641
8712,0.9136,0,1,0,601303,4307,104825,3131,0.03989588350809589,0.4209464909922022
8713,0.9137,1,0,1,601303,4307,104826,3130,0.03989588350809589,0.4208686298238537
8714,0.9138,0,1,0,601304,4306,104826,3130,0.039886620475008336,0.4209252286175363
8715,0.9139,14,16,14,601320,4290,104840,3116,0.03973841194560747,0.42073994058871184
8716,0.914,4,3,4,601323,4287,104844,3112,0.03971062284634481,0.4205973780240573
8717,0.9141,6,1,6,601324,4286,104850,3106,0.03970135981325725,0.42018398268398266
8718,0.9142,4,5,4,601329,4281,104854,3102,0.03965504464781948,0.42015440877691995
8719,0.9143,0,2,0,601331,4279,104854,3102,0.039636518581644374,0.4202682563338301
8720,0.9144,2,2,2,601333,4277,104856,3100,0.03961799251546926,0.42022502372238035
8721,0.9145,7,8,7,601341,4269,104863,3093,0.03954388825076883,0.4201303993480033
8722,0.9146,2,2,2,601343,4267,104865,3091,0.039525362184593724,0.42008698015765156
8723,0.9147,3,1,3,601344,4266,104868,3088,0.03951609915150617,0.4199075333152026
8724,0.9148,0,1,0,601345,4265,104868,3088,0.03950683611841861,0.4199646402828777
8725,0.9149,5,5,5,601350,4260,104873,3083,0.039460520952980846,0.4198556448318126
8726,0.915,9,14,9,601364,4246,104882,3074,0.039330838489755084,0.4199453551912568
8727,0.9151,1,2,1,601366,4244,104883,3073,0.03931231242357998,0.4199808664753314
8728,0.9152,0,2,0,601368,4242,104883,3073,0.03929378635740487,0.4200956937799043
8729,0.9153,1,6,1,601374,4236,104884,3072,0.039238208158879545,0.42036124794745483
8730,0.9154,2,2,2,601376,4234,104886,3070,0.03921968209270443,0.42031763417305584
8731,0.9155,1,3,1,601379,4231,104887,3069,0.03919189299344177,0.42041095890410957
8732,0.9156,9,15,9,601394,4216,104896,3060,0.03905294749712846,0.4205607476635514
8733,0.9157,18,20,18,601414,4196,104914,3042,0.03886768683537738,0.4202818458137607
8734,0.9158,1,6,1,601420,4190,104915,3041,0.03881210863685205,0.4205504079657032
8735,0.9159,1,8,1,601428,4182,104916,3040,0.038738004372151615,0.4209360288008862
8736,0.916,3,2,3,601430,4180,104919,3037,0.03871947830597651,0.42081197173340723
8737,0.9161,0,1,0,601431,4179,104919,3037,0.038710215272888954,0.42087028824833705
8738,0.9162,1,5,1,601436,4174,104920,3036,0.03866390010745118,0.42108183079056866
8739,0.9163,1,3,1,601439,4171,104921,3035,0.03863611100818852,0.4211767971135165
8740,0.9164,0,3,0,601442,4168,104921,3035,0.03860832190892586,0.4213522143551298
8741,0.9165,0,4,0,601446,4164,104921,3035,0.03857126977657564,0.4215863314349215
8742,0.9167,69,164,69,601610,4000,104990,2966,0.03705213235021675,0.4257823715188056
8743,0.9169,1,4,1,601614,3996,104991,2965,0.037015080217866536,0.4259445481970981
8744,0.917,1,1,1,601615,3995,104992,2964,0.03700581718477899,0.42592326483690185
8745,0.9171,1,0,1,601615,3995,104993,2963,0.03700581718477899,0.4258407588387468
8746,0.9173,6,6,6,601621,3989,104999,2957,0.03695023898625366,0.42571264036855744
8747,0.9175,3,9,3,601630,3980,105002,2954,0.03686687168846567,0.42601672916065764
8748,0.9176,2,0,2,601630,3980,105004,2952,0.03686687168846567,0.4258511252163878
8749,0.9177,1,0,1,601630,3980,105005,2951,0.03686687168846567,0.42576828740441497
8750,0.9178,0,1,0,601631,3979,105005,2951,0.03685760865537812,0.42582972582972584
8751,0.9179,0,3,0,601634,3976,105005,2951,0.03682981955611545,0.426014147538617
8752,0.9181,4,10,4,601644,3966,105009,2947,0.036737189225239913,0.4262982786055258
8753,0.9183,1,7,1,601651,3959,105010,2946,0.036672347993627036,0.4266473569876901
8754,0.9184,2,1,2,601652,3958,105012,2944,0.03666308496053948,0.42654303100550567
8755,0.9185,4,1,4,601653,3957,105016,2940,0.036653821927451924,0.42627229230100044
8756,0.9186,3,2,3,601655,3955,105019,2937,0.03663529586127682,0.4261462565293093
8757,0.9188,0,1,0,601656,3954,105019,2937,0.03662603282818926,0.4262080975185024
8758,0.9189,3,1,3,601657,3953,105022,2934,0.03661676979510171,0.4260200377522869
8759,0.919,10,15,10,601672,3938,105032,2924,0.036477824298788396,0.4261148353249781
8760,0.9192,4,2,4,601674,3936,105036,2920,0.036459298232613284,0.425904317386231
8761,0.9193,4,2,4,601676,3934,105040,2916,0.03644077216643818,0.4256934306569343
8762,0.9194,3,11,3,601687,3923,105043,2913,0.036338878802475084,0.42612638970157984
8763,0.9195,0,3,0,601690,3920,105043,2913,0.03631108970321242,0.42631347870627834
8764,0.9196,2,1,2,601691,3919,105045,2911,0.03630182667012487,0.426207906295754
8765,0.9197,2,4,2,601695,3915,105047,2909,0.03626477453777465,0.42628956623681125
8766,0.9198,3,4,3,601699,3911,105050,2906,0.036227722405424434,0.4262872231186739
8767,0.9199,5,7,5,601706,3904,105055,2901,0.036162881173811556,0.4263041880969875
8768,0.92,17,11,17,601717,3893,105072,2884,0.036060987809848455,0.4255570311347204
8769,0.9202,2,8,2,601725,3885,105074,2882,0.03598688354514802,0.42589035022905275
8770,0.9203,1,3,1,601728,3882,105075,2881,0.03595909444588536,0.4259943811917788
8771,0.9204,1,0,1,601728,3882,105076,2880,0.03595909444588536,0.4259094942324756
8772,0.9205,1,2,1,601730,3880,105077,2879,0.035940568379710255,0.4259505844059772
8773,0.9206,1,2,1,601732,3878,105078,2878,0.035922042313535144,0.42599171107164
8774,0.9207,3,5,3,601737,3873,105081,2875,0.03587572714809737,0.4260521636040308
8775,0.9208,1,14,1,601751,3859,105082,2874,0.035746044684871615,0.4268528144957671
8776,0.9209,0,1,0,601752,3858,105082,2874,0.03573678165178406,0.4269162210338681
8777,0.921,4,7,4,601759,3851,105086,2870,0.03567194042017118,0.42701978872191637
8778,0.9211,6,7,6,601766,3844,105092,2864,0.035607099188558304,0.42695289206917114
8779,0.9213,3,4,3,601770,3840,105095,2861,0.03557004705620809,0.42695120131323683
8780,0.9214,20,26,20,601796,3814,105115,2841,0.035329208195931674,0.4268970698722765
8781,0.9215,1,9,1,601805,3805,105116,2840,0.035245840898143685,0.42738901429646353
8782,0.9216,3,4,3,601809,3801,105119,2837,0.03520878876579347,0.4273877673998192
8783,0.9217,23,46,23,601855,3755,105142,2814,0.03478268924376598,0.4283757040645456
8784,0.9218,1,0,1,601855,3755,105143,2813,0.03478268924376598,0.4282886723507917
8785,0.9219,0,2,0,601857,3753,105143,2813,0.03476416317759087,0.4284191288455681
8786,0.922,4,3,4,601860,3750,105147,2809,0.034736374078328205,0.42826650404025
8787,0.9221,0,3,0,601863,3747,105147,2809,0.034708584979065545,0.42846247712019525
8788,0.9222,5,4,5,601867,3743,105152,2804,0.03467153284671533,0.42828776538872765
8789,0.9223,2,2,2,601869,3741,105154,2802,0.03465300678054022,0.42824392480513523
8790,0.9224,6,12,6,601881,3729,105160,2796,0.03454185038348957,0.4285057471264368
8791,0.9225,2,4,2,601885,3725,105162,2794,0.034504798251139356,0.42859334253719894
8792,0.9227,0,6,0,601891,3719,105162,2794,0.03444922005261403,0.4289881774911715
8793,0.9228,3,5,3,601896,3714,105165,2791,0.034402904887176254,0.429054573405073
8794,0.9229,0,4,0,601900,3710,105165,2791,0.03436585275482604,0.42931856637440396
8795,0.923,2,0,2,601900,3710,105167,2789,0.03436585275482604,0.42914294506847206
8796,0.9231,1,1,1,601901,3709,105168,2788,0.03435658972173849,0.42912113283053716
8797,0.9232,2,11,2,601912,3698,105170,2786,0.03425469635777539,0.4296730413325108
8798,0.9233,10,14,10,601926,3684,105180,2776,0.03412501389454963,0.4297213622291022
8799,0.9235,4,3,4,601929,3681,105184,2772,0.03409722479528697,0.4295676429567643
8800,0.9236,0,4,0,601933,3677,105184,2772,0.034060172662936754,0.4298340828035354
8801,0.9238,0,4,0,601937,3673,105184,2772,0.03402312053058654,0.4301008533747091
8802,0.9239,0,1,0,601938,3672,105184,2772,0.03401385749749898,0.4301675977653631
8803,0.924,9,6,9,601944,3666,105193,2763,0.03395827929897366,0.4297713485767615
8804,0.9241,3,0,3,601944,3666,105196,2760,0.03395827929897366,0.4295051353874883
8805,0.9242,5,11,5,601955,3655,105201,2755,0.03385638593501056,0.4297971918876755
8806,0.9243,5,4,5,601959,3651,105206,2750,0.03381933380266034,0.4296203718169036
8807,0.9244,1,4,1,601963,3647,105207,2749,0.033782281670310124,0.42979987492182614
8808,0.9246,3,0,3,601963,3647,105210,2746,0.033782281670310124,0.4295323009541686
8809,0.9248,3,2,3,601965,3645,105213,2743,0.03376375560413502,0.4293988728866625
8810,0.925,75,132,75,602097,3513,105288,2668,0.032541035236577864,0.4316453648276978
8811,0.9251,0,3,0,602100,3510,105288,2668,0.0325132461373152,0.4318549692457106
8812,0.9252,1,2,1,602102,3508,105289,2667,0.03249472007114009,0.43190283400809715
8813,0.9253,5,1,5,602103,3507,105294,2662,0.03248545703805254,0.43151240071324365
8814,0.9254,1,0,1,602103,3507,105295,2661,0.03248545703805254,0.43142023346303504
8815,0.9256,6,5,6,602108,3502,105301,2655,0.03243914187261477,0.4312165015429592
8816,0.9257,12,6,12,602114,3496,105313,2643,0.03238356367408944,0.43052614432317965
8817,0.9258,2,4,2,602118,3492,105315,2641,0.032346511541739224,0.4306212294146421
8818,0.9259,1,2,1,602120,3490,105316,2640,0.03232798547556412,0.43066884176182707
8819,0.926,1,2,1,602122,3488,105317,2639,0.03230945940938901,0.43071650073445406
8820,0.9262,2,2,2,602124,3486,105319,2637,0.0322909333432139,0.43067123958843706
8821,0.9264,1,5,1,602129,3481,105320,2636,0.03224461817777613,0.4309301945398071
8822,0.9265,0,5,0,602134,3476,105320,2636,0.03219830301233836,0.431282722513089
8823,0.9266,1,1,1,602135,3475,105321,2635,0.03218903997925081,0.43126022913256956
8824,0.9267,25,27,25,602162,3448,105346,2610,0.03193893808588684,0.43083525916143944
8825,0.9271,4,2,4,602164,3446,105350,2606,0.031920412019711734,0.43060145406477196
8826,0.9272,0,3,0,602167,3443,105350,2606,0.031892622920449074,0.43081501074557776
8827,0.9273,0,1,0,602168,3442,105350,2606,0.03188335988736152,0.4308862433862434
8828,0.9274,4,12,4,602180,3430,105354,2602,0.03177220349031087,0.4313660477453581
8829,0.9275,5,9,5,602189,3421,105359,2597,0.03168883619252288,0.431538717181788
8830,0.9277,1,0,1,602189,3421,105360,2596,0.03168883619252288,0.43144424131627057
8831,0.9278,8,4,8,602193,3417,105368,2588,0.03165178406017266,0.43097418817651956
8832,0.9279,1,1,1,602194,3416,105369,2587,0.03164252102708511,0.4309511910711311
8833,0.928,0,1,0,602195,3415,105369,2587,0.031633257993997556,0.43102299233588803
8834,0.9281,2,3,2,602198,3412,105371,2585,0.031605468894734895,0.43104885776221447
8835,0.9282,0,4,0,602202,3408,105371,2585,0.03156841676238468,0.4313365593192057
8836,0.9283,1,0,1,602202,3408,105372,2584,0.03156841676238468,0.43124165554072097
8837,0.9284,4,0,4,602202,3408,105376,2580,0.03156841676238468,0.4308617234468938
8838,0.9285,1,2,1,602204,3406,105377,2579,0.031549890696209566,0.4309106098579783
8839,0.9286,0,1,0,602205,3405,105377,2579,0.03154062766312201,0.4309826203208556
8840,0.9288,1,0,1,602205,3405,105378,2578,0.03154062766312201,0.4308875146247702
8841,0.9289,1,3,1,602208,3402,105379,2577,0.03151283856385935,0.43100852985449073
8842,0.929,6,6,6,602214,3396,105385,2571,0.03145726036533403,0.4308697838109603
8843,0.9292,2,11,2,602225,3385,105387,2569,0.031355367001370926,0.4314746388982197
8844,0.9293,0,8,0,602233,3377,105387,2569,0.03128126273667049,0.43205516313488057
8845,0.9294,1,3,1,602236,3374,105388,2568,0.03125347363740783,0.4321777179400875
8846,0.9295,1,2,1,602238,3372,105389,2567,0.031234947571232723,0.43222764775214684
8847,0.9297,4,4,4,602242,3368,105393,2563,0.031197895438882507,0.4321362333501939
8848,0.9298,11,6,11,602248,3362,105404,2552,0.03114231724035718,0.43151843084206964
8849,0.9299,1,2,1,602250,3360,105405,2551,0.031123791174182073,0.43156826256132635
8850,0.93,60,95,60,602345,3265,105465,2491,0.030243803030864425,0.43276580958999306
8851,0.9303,0,2,0,602347,3263,105465,2491,0.030225276964689317,0.4329162321863052
8852,0.9304,1,0,1,602347,3263,105466,2490,0.030225276964689317,0.4328176603511212
8853,0.9305,12,8,12,602355,3255,105478,2478,0.030151172699988883,0.43223443223443225
8854,0.9306,3,1,3,602356,3254,105481,2475,0.03014190966690133,0.4320125676383313
8855,0.9307,3,7,3,602363,3247,105484,2472,0.03007706843528845,0.43224339919566357
8856,0.9308,1,3,1,602366,3244,105485,2471,0.03004927933602579,0.43237095363079614
8857,0.931,1,7,1,602373,3237,105486,2470,0.029984438104412908,0.4328018223234624
8858,0.9311,0,1,0,602374,3236,105486,2470,0.029975175071325355,0.4328776726253067
8859,0.9312,1,1,1,602375,3235,105487,2469,0.0299659120382378,0.4328541374474053
8860,0.9313,1,1,1,602376,3234,105488,2468,0.029956649005150247,0.43283058575938266
8861,0.9314,11,6,11,602382,3228,105499,2457,0.02990107080662492,0.43218997361477574
8862,0.9315,6,6,6,602388,3222,105505,2451,0.029845492608099596,0.43204653622422
8863,0.9316,2,2,2,602390,3220,105507,2449,0.029826966541924488,0.4319985888163697
8864,0.9317,1,9,1,602399,3211,105508,2448,0.0297435992441365,0.43258526241385403
8865,0.9318,4,12,4,602411,3199,105512,2444,0.02963244284708585,0.4331029594187489
8866,0.9319,6,2,6,602413,3197,105518,2438,0.029613916780910743,0.4326530612244898
8867,0.9321,0,1,0,602414,3196,105518,2438,0.029604653747823187,0.4327298544550941
8868,0.9322,1,3,1,602417,3193,105519,2437,0.029576864648560526,0.4328596802841918
8869,0.9324,4,6,4,602423,3187,105523,2433,0.0295212864500352,0.43291814946619217
8870,0.9326,1,0,1,602423,3187,105524,2432,0.0295212864500352,0.43281722726463784
8871,0.9327,1,2,1,602425,3185,105525,2431,0.029502760383860092,0.43287037037037035
8872,0.9328,0,1,0,602426,3184,105525,2431,0.029493497350772536,0.4329474621549421
8873,0.9329,0,7,0,602433,3177,105525,2431,0.02942865611915966,0.43348787446504994
8874,0.9331,3,6,3,602439,3171,105528,2428,0.029373077920634334,0.43364886586890516
8875,0.9332,1,4,1,602443,3167,105529,2427,0.029336025788284117,0.4338577046835896
8876,0.9333,83,169,83,602612,2998,105612,2344,0.027770573196487458,0.43878697117184573
8877,0.9334,1,1,1,602613,2997,105613,2343,0.027761310163399902,0.4387640449438202
8878,0.9335,0,2,0,602615,2995,105613,2343,0.027742784097224794,0.43892843761708505
8879,0.9337,3,2,3,602617,2993,105616,2340,0.027724258031049685,0.4387774235889743
8880,0.9338,1,1,1,602618,2992,105617,2339,0.027714994997962133,0.43875445507409494
8881,0.9339,8,9,8,602627,2983,105625,2331,0.027631627700174147,0.43865261573202863
8882,0.934,3,8,3,602635,2975,105628,2328,0.027557523435473713,0.4389967942673958
8883,0.9341,0,2,0,602637,2973,105628,2328,0.027538997369298605,0.4391624221844935
8884,0.9342,4,4,4,602641,2969,105632,2324,0.027501945236948388,0.4390704704326469
8885,0.9343,0,4,0,602645,2965,105632,2324,0.02746489310459817,0.4394025335602193
8886,0.9344,1,4,1,602649,2961,105633,2323,0.027427840972247954,0.43962906888720665
8887,0.9345,0,1,0,602650,2960,105633,2323,0.0274185779391604,0.439712284686731
8888,0.9347,1,0,1,602650,2960,105634,2322,0.0274185779391604,0.43960620976902687
8889,0.9348,1,2,1,602652,2958,105635,2321,0.02740005187298529,0.4396666035233946
8890,0.9349,1,4,1,602656,2954,105636,2320,0.027362999740635073,0.43989381873340916
8891,0.935,18,40,18,602696,2914,105654,2302,0.026992478417132905,0.44133435582822084
8892,0.9351,1,1,1,602697,2913,105655,2301,0.026983215384045352,0.44131185270425777
8893,0.9352,2,0,2,602697,2913,105657,2299,0.026983215384045352,0.4410974673829624
8894,0.9353,10,5,10,602702,2908,105667,2289,0.02693690021860758,0.44044641139118723
8895,0.9354,1,0,1,602702,2908,105668,2288,0.02693690021860758,0.4403387220939184
8896,0.9355,0,2,0,602704,2906,105668,2288,0.02691837415243247,0.4405082787832114
8897,0.9356,3,4,3,602708,2902,105671,2285,0.026881322020082254,0.44052438789280896
8898,0.9357,13,19,13,602727,2883,105684,2272,0.026705324391418726,0.44073714839961203
8899,0.9359,0,1,0,602728,2882,105684,2272,0.02669606135833117,0.44082266201008924
8900,0.936,1,2,1,602730,2880,105685,2271,0.026677535292156062,0.44088526499708797
8901,0.9361,6,3,6,602733,2877,105691,2265,0.0266497461928934,0.44049008168028003
8902,0.9364,0,1,0,602734,2876,105691,2265,0.026640483159805845,0.440575763470142
8903,0.9365,4,4,4,602738,2872,105695,2261,0.02660343102745563,0.4404831482563803
8904,0.9366,3,1,3,602739,2871,105698,2258,0.026594167994368076,0.44024176252680836
8905,0.9367,3,7,3,602746,2864,105701,2255,0.026529326762755198,0.44051572572768116
8906,0.9368,1,0,1,602746,2864,105702,2254,0.026529326762755198,0.4404064087534193
8907,0.9369,1,1,1,602747,2863,105703,2253,0.026520063729667642,0.4403831118060985
8908,0.937,4,0,4,602747,2863,105707,2249,0.026520063729667642,0.4399452269170579
8909,0.9371,1,3,1,602750,2860,105708,2248,0.02649227463040498,0.4400939702427565
8910,0.9373,1,5,1,602755,2855,105709,2247,0.02644595946496721,0.4404155233241866
8911,0.9374,1,2,1,602757,2853,105710,2246,0.0264274333987921,0.4404785252010198
8912,0.9375,8,18,8,602775,2835,105718,2238,0.026260698803216125,0.4411590774689533
8913,0.9376,1,1,1,602776,2834,105719,2237,0.026251435770128572,0.44113587063695525
8914,0.9378,1,2,1,602778,2832,105720,2236,0.026232909703953464,0.44119968429360695
8915,0.9379,0,1,0,602779,2831,105720,2236,0.026223646670865908,0.44128675745016777
8916,0.9381,4,15,4,602794,2816,105724,2232,0.026084701174552596,0.4421553090332805
8917,0.9383,16,22,16,602816,2794,105740,2216,0.025880914446626404,0.442315369261477
8918,0.9385,5,1,5,602817,2793,105745,2211,0.025871651413538848,0.44184652278177455
8919,0.9386,2,1,2,602818,2792,105747,2209,0.025862388380451296,0.4417116576684663
8920,0.9389,24,17,24,602835,2775,105771,2185,0.025704916817962872,0.4405241935483871
8921,0.939,2,4,2,602839,2771,105773,2183,0.025667864685612655,0.44065401695599515
8922,0.9394,4,6,4,602845,2765,105777,2179,0.02561228648708733,0.4407362459546926
8923,0.9395,2,1,2,602846,2764,105779,2177,0.025603023453999778,0.44059906901436957
8924,0.9397,1,1,1,602847,2763,105780,2176,0.025593760420912222,0.44057501518526015
8925,0.9398,3,1,3,602848,2762,105783,2173,0.02558449738782467,0.4403242147922999
8926,0.9399,0,3,0,602851,2759,105783,2173,0.025556708288562005,0.44059205190592055
8927,0.94,10,22,10,602873,2737,105793,2163,0.025352921560635816,0.44142857142857145
8928,0.9403,1,1,1,602874,2736,105794,2162,0.02534365852754826,0.4414046549612087
8929,0.9405,1,4,1,602878,2732,105795,2161,0.025306606395198043,0.4416513386470468
8930,0.9407,3,11,3,602889,2721,105798,2158,0.02520471303123495,0.4423037507686001
8931,0.9408,2,3,2,602892,2718,105800,2156,0.025176923931972284,0.44234714813295034
8932,0.9409,0,3,0,602895,2715,105800,2156,0.025149134832709624,0.4426195853007596
8933,0.9411,1,5,1,602900,2710,105801,2155,0.02510281966727185,0.44295991778006166
8934,0.9412,3,5,3,602905,2705,105804,2152,0.02505650450183408,0.4430718550545604
8935,0.9413,3,7,3,602912,2698,105807,2149,0.0249916632702212,0.4433670311532907
8936,0.9414,0,3,0,602915,2695,105807,2149,0.02496387417095854,0.4436416184971098
8937,0.9415,0,2,0,602917,2693,105807,2149,0.02494534810478343,0.44382486575795127
8938,0.9416,3,6,3,602923,2687,105810,2146,0.024889769906258106,0.4440306228015725
8939,0.9417,43,68,43,602991,2619,105853,2103,0.02425988365630442,0.44536213468869124
8940,0.942,2,0,2,602991,2619,105855,2101,0.02425988365630442,0.4451271186440678
8941,0.9422,1,2,1,602993,2617,105856,2100,0.02424135759012931,0.44519821920712316
8942,0.9423,3,9,3,603002,2608,105859,2097,0.024157990292341325,0.4456960680127524
8943,0.9424,1,3,1,603005,2605,105860,2096,0.02413020119307866,0.44586258242927035
8944,0.9425,4,8,4,603013,2597,105864,2092,0.024056096928378227,0.4461505651524845
8945,0.9426,0,2,0,603015,2595,105864,2092,0.02403757086220312,0.44634094303392363
8946,0.9427,1,0,1,603015,2595,105865,2091,0.02403757086220312,0.44622279129321385
8947,0.9429,2,5,2,603020,2590,105867,2089,0.02399125569676535,0.44646291942722804
8948,0.9431,8,2,8,603022,2588,105875,2081,0.02397272963059024,0.4457057185692868
8949,0.9432,2,1,2,603023,2587,105877,2079,0.023963466597502685,0.44556365195027864
8950,0.9433,13,17,13,603040,2570,105890,2066,0.023805995035014266,0.4456427955133736
8951,0.9435,1,1,1,603041,2569,105891,2065,0.02379673200192671,0.44561933534743203
8952,0.9436,0,3,0,603044,2566,105891,2065,0.02376894290266405,0.4459080112286763
8953,0.9437,2,5,2,603049,2561,105893,2063,0.023722627737226276,0.4461505190311419
8954,0.944,6,15,6,603064,2546,105899,2057,0.023583682240912965,0.4468824679556811
8955,0.9441,1,4,1,603068,2542,105900,2056,0.023546630108562748,0.44715093518921273
8956,0.9442,1,2,1,603070,2540,105901,2055,0.02352810404238764,0.4472252448313384
8957,0.9444,6,11,6,603081,2529,105907,2049,0.02342621067842454,0.4475753604193971
8958,0.9446,4,4,4,603085,2525,105911,2045,0.02338915854607433,0.4474835886214442
8959,0.9448,0,1,0,603086,2524,105911,2045,0.023379895512986772,0.4475815276865835
8960,0.945,0,2,0,603088,2522,105911,2045,0.023361369446811664,0.44777753448653385
8961,0.9451,2,0,2,603088,2522,105913,2043,0.023361369446811664,0.4475355969331873
8962,0.9452,1,0,1,603088,2522,105914,2042,0.023361369446811664,0.4474145486415425
8963,0.9453,7,9,7,603097,2513,105921,2035,0.023278002149023678,0.44744942832014073
8964,0.9454,1,3,1,603100,2510,105922,2034,0.023250213049761013,0.4476232394366197
8965,0.9456,0,2,0,603102,2508,105922,2034,0.023231686983585905,0.4478203434610304
8966,0.9457,9,18,9,603120,2490,105931,2025,0.02306495238800993,0.4485049833887043
8967,0.9458,2,1,2,603121,2489,105933,2023,0.023055689354922377,0.4483599290780142
8968,0.9462,1,4,1,603125,2485,105934,2022,0.02301863722257216,0.4486354559573996
8969,0.9463,1,3,1,603128,2482,105935,2021,0.022990848123309496,0.44881190317566066
8970,0.9464,12,2,12,603130,2480,105947,2009,0.022972322057134387,0.44753842726665183
8971,0.9467,38,64,38,603194,2416,105985,1971,0.02237948793953092,0.4492819694552086
8972,0.9472,10,13,10,603207,2403,105995,1961,0.022259068509392715,0.4493583868010999
8973,0.9475,3,5,3,603212,2398,105998,1958,0.022212753343954946,0.4494949494949495
8974,0.9476,1,4,1,603216,2394,105999,1957,0.02217570121160473,0.4497816593886463
8975,0.9478,2,0,2,603216,2394,106001,1955,0.02217570121160473,0.4495286272706369
8976,0.9479,1,0,1,603216,2394,106002,1954,0.02217570121160473,0.4494020239190432
8977,0.9481,2,2,2,603218,2392,106004,1952,0.02215717514542962,0.44935543278084716
8978,0.9482,1,10,1,603228,2382,106005,1951,0.02206454481455408,0.45026540503115625
8979,0.9483,0,2,0,603230,2380,106005,1951,0.02204601874837897,0.4504733317940429
8980,0.9485,1,7,1,603237,2373,106006,1950,0.02198117751676609,0.45107564191533656
8981,0.9487,2,0,2,603237,2373,106008,1948,0.02198117751676609,0.4508215690812312
8982,0.9489,4,3,4,603240,2370,106012,1944,0.02195338841750343,0.4506258692628651
8983,0.949,8,9,8,603249,2361,106020,1936,0.02187002111971544,0.45054689318128927
8984,0.9491,0,1,0,603250,2360,106020,1936,0.021860758086627886,0.4506517690875233
8985,0.9492,1,1,1,603251,2359,106021,1935,0.02185149505354033,0.45062878435025616
8986,0.9496,1,1,1,603252,2358,106022,1934,0.021842232020452778,0.4506057781919851
8987,0.9498,0,1,0,603253,2357,106022,1934,0.021832968987365222,0.4507107900256351
8988,0.95,172,318,172,603571,2039,106194,1762,0.018887324465522992,0.4635622204682978
8989,0.9503,1,0,1,603571,2039,106195,1761,0.018887324465522992,0.46342105263157896
8990,0.9504,5,5,5,603576,2034,106200,1756,0.01884100930008522,0.4633245382585752
8991,0.9506,4,1,4,603577,2033,106204,1752,0.018831746266997667,0.4628797886393659
8992,0.9507,3,2,3,603579,2031,106207,1749,0.01881322020082256,0.4626984126984127
8993,0.9508,4,1,4,603580,2030,106211,1745,0.018803957167735003,0.46225165562913906
8994,0.9509,4,3,4,603583,2027,106215,1741,0.01877616806847234,0.4620488322717622
8995,0.9512,1,4,1,603587,2023,106216,1740,0.018739115936122125,0.462397023651342
8996,0.9514,7,5,7,603592,2018,106223,1733,0.018692800770684352,0.4620101306318315
8997,0.9517,2,3,2,603595,2015,106225,1731,0.01866501167142169,0.4620928990923652
8998,0.9518,2,3,2,603598,2012,106227,1729,0.018637222572159027,0.46217588879978616
8999,0.9522,1,0,1,603598,2012,106228,1728,0.018637222572159027,0.46203208556149733
9000,0.9523,2,8,2,603606,2004,106230,1726,0.018563118307458593,0.46273458445040216
9001,0.9524,17,16,17,603622,1988,106247,1709,0.018414909778057726,0.4622667027319448
9002,0.9525,7,3,7,603625,1985,106254,1702,0.018387120678795065,0.46162191483591
9003,0.9526,2,1,2,603626,1984,106256,1700,0.01837785764570751,0.46145494028230183
9004,0.9528,2,8,2,603634,1976,106258,1698,0.018303753381007076,0.46216657593903104
9005,0.9529,1,0,1,603634,1976,106259,1697,0.018303753381007076,0.46202014701878574
9006,0.9532,1,4,1,603638,1972,106260,1696,0.01826670124865686,0.4623773173391494
9007,0.9534,4,0,4,603638,1972,106264,1692,0.01826670124865686,0.46179039301310043
9008,0.9541,7,2,7,603640,1970,106271,1685,0.01824817518248175,0.46101231190150477
9009,0.9542,1,12,1,603652,1958,106272,1684,0.0181370187854311,0.4623833058758924
9010,0.9545,3,2,3,603654,1956,106275,1681,0.01811849271925599,0.4621941160296948
9011,0.9546,0,3,0,603657,1953,106275,1681,0.01809070361999333,0.4625756741882223
9012,0.9548,6,5,6,603662,1948,106281,1675,0.01804438845455556,0.4623240408501242
9013,0.9549,0,4,0,603666,1944,106281,1675,0.018007336322205345,0.4628350373031224
9014,0.955,25,48,25,603714,1896,106306,1650,0.017562710734002743,0.4653130287648054
9015,0.9556,3,6,3,603720,1890,106309,1647,0.017507132535477418,0.46564885496183206
9016,0.9557,1,0,1,603720,1890,106310,1646,0.017507132535477418,0.4654977375565611
9017,0.9559,3,2,3,603722,1888,106313,1643,0.01748860646930231,0.4653072783913905
9018,0.9562,0,4,0,603726,1884,106313,1643,0.017451554336952092,0.46583498724128153
9019,0.9563,2,0,2,603726,1884,106315,1641,0.017451554336952092,0.465531914893617
9020,0.9564,3,1,3,603727,1883,106318,1638,0.017442291303864536,0.46520874751491054
9021,0.9565,0,1,0,603728,1882,106318,1638,0.017433028270776984,0.4653409090909091
9022,0.9566,1,3,1,603731,1879,106319,1637,0.01740523917151432,0.4655858930602958
9023,0.9567,0,1,0,603732,1878,106319,1637,0.017395976138426767,0.46571834992887623
9024,0.9568,1,0,1,603732,1878,106320,1636,0.017395976138426767,0.4655663062037564
9025,0.9571,10,5,10,603737,1873,106330,1626,0.017349660972988994,0.46470420120034295
9026,0.9574,3,2,3,603739,1871,106333,1623,0.017331134906813886,0.4645105895821408
9027,0.9575,0,3,0,603742,1868,106333,1623,0.017303345807551225,0.46490976797479233
9028,0.9576,0,6,0,603748,1862,106333,1623,0.0172477676090259,0.46571018651362983
9029,0.9578,3,7,3,603755,1855,106336,1620,0.01718292637741302,0.46618705035971225
9030,0.9579,3,8,3,603763,1847,106339,1617,0.017108822112712585,0.4668013856812933
9031,0.9582,4,4,4,603767,1843,106343,1613,0.017071769980362368,0.46672453703703703
9032,0.9583,23,39,23,603806,1804,106366,1590,0.016710511689947756,0.4684737772539776
9033,0.9584,0,2,0,603808,1802,106366,1590,0.016691985623772648,0.46875
9034,0.9587,1,4,1,603812,1798,106367,1589,0.01665493349142243,0.4691467375258341
9035,0.9589,2,8,2,603820,1790,106369,1587,0.016580829226721997,0.46994373704471426
9036,0.959,3,6,3,603826,1784,106372,1584,0.016525251028196672,0.47030878859857483
9037,0.9592,2,0,2,603826,1784,106374,1582,0.016525251028196672,0.46999405822935236
9038,0.9596,0,3,0,603829,1781,106374,1582,0.01649746192893401,0.4704133214391912
9039,0.9597,1,3,1,603832,1778,106375,1581,0.016469672829671347,0.47067579636796664
9040,0.96,37,51,37,603883,1727,106412,1544,0.015997258142206084,0.47202690308774076
9041,0.9603,3,3,3,603886,1724,106415,1541,0.01596946904294342,0.47197549770290964
9042,0.9604,1,1,1,603887,1723,106416,1540,0.015960206009855867,0.47195832056389825
9043,0.9605,1,0,1,603887,1723,106417,1539,0.015960206009855867,0.4717964438994482
9044,0.9607,11,17,11,603904,1706,106428,1528,0.015802734447367447,0.47247990105132964
9045,0.961,3,5,3,603909,1701,106431,1525,0.015756419281929675,0.4727216367017979
9046,0.9611,1,1,1,603910,1700,106432,1524,0.015747156248842122,0.47270471464019853
9047,0.9614,4,5,4,603915,1695,106436,1520,0.01570084108340435,0.4727838258164852
9048,0.9618,0,1,0,603916,1694,106436,1520,0.015691578050316797,0.4729309271935283
9049,0.9621,3,0,3,603916,1694,106439,1517,0.015691578050316797,0.47243849268140764
9050,0.9625,9,19,9,603935,1675,106448,1508,0.015515580421653265,0.4737668865849827
9051,0.9632,1,2,1,603937,1673,106449,1507,0.015497054355478157,0.4738993710691824
9052,0.9633,16,20,16,603957,1653,106465,1491,0.015311793693727075,0.47423664122137404
9053,0.9634,3,1,3,603958,1652,106468,1488,0.01530253066063952,0.47388535031847134
9054,0.9635,1,0,1,603958,1652,106469,1487,0.01530253066063952,0.4737177445046193
9055,0.9636,2,1,2,603959,1651,106471,1485,0.015293267627551966,0.47353316326530615
9056,0.9639,4,4,4,603963,1647,106475,1481,0.01525621549520175,0.47346547314578
9057,0.9641,3,4,3,603967,1643,106478,1478,0.015219163362851533,0.4735661646908042
9058,0.9642,0,1,0,603968,1642,106478,1478,0.015209900329763978,0.4737179487179487
9059,0.9644,1,2,1,603970,1640,106479,1477,0.01519137426358887,0.4738530638434392
9060,0.9645,2,0,2,603970,1640,106481,1475,0.01519137426358887,0.47351524879614765
9061,0.965,4,4,4,603974,1636,106485,1471,0.015154322131238653,0.4734470550370132
9062,0.9652,3,5,3,603979,1631,106488,1468,0.015108006965800882,0.47370119393352694
9063,0.9654,0,1,0,603980,1630,106488,1468,0.015098743932713328,0.47385409941898
9064,0.9655,7,4,7,603984,1626,106495,1461,0.015061691800363111,0.47327502429543244
9065,0.9656,3,9,3,603993,1617,106498,1458,0.014978324502575123,0.4741463414634146
9066,0.9657,18,9,18,604002,1608,106516,1440,0.014894957204787136,0.47244094488188976
9067,0.9659,2,0,2,604002,1608,106518,1438,0.014894957204787136,0.47209455022980956
9068,0.9662,2,5,2,604007,1603,106520,1436,0.014848642039349364,0.4725238565317539
9069,0.9664,2,1,2,604008,1602,106522,1434,0.01483937900626181,0.4723320158102767
9070,0.9666,1,0,1,604008,1602,106523,1433,0.01483937900626181,0.47215815485996704
9071,0.9667,137,192,137,604200,1410,106660,1296,0.013060876653451407,0.4789356984478936
9072,0.9671,3,3,3,604203,1407,106663,1293,0.013033087554188744,0.47888888888888886
9073,0.9673,2,1,2,604204,1406,106665,1291,0.01302382452110119,0.478680014831294
9074,0.9674,1,4,1,604208,1402,106666,1290,0.012986772388750973,0.47919762258543835
9075,0.9675,23,16,23,604224,1386,106689,1267,0.012838563859350106,0.47757255936675463
9076,0.9689,5,13,5,604237,1373,106694,1262,0.012718144429211901,0.4789373814041746
9077,0.969,16,4,16,604241,1369,106710,1246,0.012681092296861684,0.47648183556405355
9078,0.9692,4,6,4,604247,1363,106714,1242,0.012625514098336359,0.4767754318618042
9079,0.97,11,6,11,604253,1357,106725,1231,0.012569935899811034,0.4756568778979907
9080,0.9703,2,0,2,604253,1357,106727,1229,0.012569935899811034,0.4752513534416087
9081,0.9706,1,4,1,604257,1353,106728,1228,0.012532883767460817,0.4757845796203022
9082,0.9707,2,1,2,604258,1352,106730,1226,0.012523620734373263,0.47556245151280063
9083,0.9708,6,8,6,604266,1344,106736,1220,0.01244951646967283,0.47581903276131043
9084,0.9709,1,1,1,604267,1343,106737,1219,0.012440253436585275,0.47580015612802495
9085,0.9712,1,1,1,604268,1342,106738,1218,0.01243099040349772,0.47578125
9086,0.9714,18,18,18,604286,1324,106756,1200,0.012264255807921745,0.4754358161648177
9087,0.9715,2,3,2,604289,1321,106758,1198,0.012236466708659082,0.4755855498213577
9088,0.9718,1,0,1,604289,1321,106759,1197,0.012236466708659082,0.47537728355837966
9089,0.9721,4,5,4,604294,1316,106763,1193,0.012190151543221313,0.47548824232762055
9090,0.9722,9,5,9,604299,1311,106772,1184,0.012143836377783542,0.4745490981963928
9091,0.9727,0,1,0,604300,1310,106772,1184,0.012134573344695988,0.4747393744987971
9092,0.9731,1,2,1,604302,1308,106773,1183,0.01211604727852088,0.4749096748293858
9093,0.9732,7,11,7,604313,1297,106780,1176,0.012014153914557783,0.4755357864941367
9094,0.9733,3,4,3,604317,1293,106783,1173,0.011977101782207566,0.47566909975669097
9095,0.9735,4,1,4,604318,1292,106787,1169,0.011967838749120012,0.47501015847216577
9096,0.9737,2,3,2,604321,1289,106789,1167,0.01194004964985735,0.4751628664495114
9097,0.9742,0,1,0,604322,1288,106789,1167,0.011930786616769795,0.47535641547861507
9098,0.9746,0,1,0,604323,1287,106789,1167,0.011921523583682241,0.47555012224938875
9099,0.975,91,124,91,604447,1163,106880,1076,0.010772907480825522,0.4805716837874051
9100,0.9756,1,0,1,604447,1163,106881,1075,0.010772907480825522,0.4803395889186774
9101,0.9757,3,5,3,604452,1158,106884,1072,0.01072659231538775,0.48071748878923765
9102,0.9762,4,3,4,604455,1155,106888,1068,0.010698803216125088,0.48043184885290147
9103,0.9764,0,7,0,604462,1148,106888,1068,0.010633961984512209,0.48194945848375453
9104,0.9766,2,5,2,604467,1143,106890,1066,0.010587646819074438,0.482571299230421
9105,0.9774,1,4,1,604471,1139,106891,1065,0.01055059468672422,0.48321234119782214
9106,0.9775,1,6,1,604477,1133,106892,1064,0.010495016488198896,0.48429676832043694
9107,0.9776,3,3,3,604480,1130,106895,1061,0.010467227388936233,0.4842537654039252
9108,0.9777,3,4,3,604484,1126,106898,1058,0.010430175256586016,0.48443223443223443
9109,0.9778,6,5,6,604489,1121,106904,1052,0.010383860091148245,0.48412333179935574
9110,0.978,1,4,1,604493,1117,106905,1051,0.010346807958798028,0.48477859778597787
9111,0.9786,3,4,3,604497,1113,106908,1048,0.010309755826447812,0.48496066635816754
9112,0.9789,0,5,0,604502,1108,106908,1048,0.01026344066101004,0.48608534322820035
9113,0.9798,4,3,4,604505,1105,106912,1044,0.010235651561747378,0.48580735225686367
9114,0.9799,3,1,3,604506,1104,106915,1041,0.010226388528659824,0.4853146853146853
9115,0.98,72,91,72,604597,1013,106987,969,0.009383452517692393,0.48890010090817354
9116,0.9804,3,0,3,604597,1013,106990,966,0.009383452517692393,0.4881253158160687
9117,0.9808,3,2,3,604599,1011,106993,963,0.009364926451517284,0.4878419452887538
9118,0.9812,0,1,0,604600,1010,106993,963,0.00935566341842973,0.48808920425747593
9119,0.9816,0,2,0,604602,1008,106993,963,0.009337137352254622,0.4885844748858447
9120,0.9817,1,0,1,604602,1008,106994,962,0.009337137352254622,0.4883248730964467
9121,0.9818,0,4,0,604606,1004,106994,962,0.009300085219904405,0.4893184130213632
9122,0.9822,3,1,3,604607,1003,106997,959,0.00929082218681685,0.4887869520897044
9123,0.9833,39,59,39,604666,944,107036,920,0.008744303234651155,0.49356223175965663
9124,0.984,0,1,0,604667,943,107036,920,0.0087350402015636,0.49382716049382713
9125,0.9846,0,1,0,604668,942,107036,920,0.008725777168476046,0.4940923737916219
9126,0.985,0,2,0,604670,940,107036,920,0.008707251102300938,0.4946236559139785
9127,0.9857,17,28,17,604698,912,107053,903,0.00844788617584942,0.4975206611570248
9128,0.9864,1,0,1,604698,912,107054,902,0.00844788617584942,0.4972436604189636
9129,0.9867,1,1,1,604699,911,107055,901,0.008438623142761866,0.49724061810154524
9130,0.9875,15,22,15,604721,889,107070,886,0.008234836414835673,0.49915492957746477
9131,0.988,0,1,0,604722,888,107070,886,0.00822557338174812,0.49943630214205187
9132,0.9886,2,1,2,604723,887,107072,884,0.008216310348660565,0.4991530208921513
9133,0.9889,19,18,19,604741,869,107091,865,0.00804957575308459,0.4988465974625144
9134,0.99,7,3,7,604744,866,107098,858,0.008021786653821927,0.4976798143851508
9135,0.9903,2,1,2,604745,865,107100,856,0.008012523620734372,0.4973852411388727
9136,0.9909,4,7,4,604752,858,107104,852,0.007947682389121495,0.4982456140350877
9137,0.9917,2,5,2,604757,853,107106,850,0.007901367223683724,0.49911920140927774
9138,0.9929,2,3,2,604760,850,107108,848,0.007873578124421061,0.4994110718492344
9139,0.9933,0,1,0,604761,849,107108,848,0.007864315091333507,0.4997053624042428
9140,0.9941,1,1,1,604762,848,107109,847,0.007855052058245953,0.49970501474926254
9141,0.9944,0,1,0,604763,847,107109,847,0.007845789025158399,0.5
9142,1.0,847,847,847,605610,0,107956,0,0.0,
