,y_proba,y_test,Neg,Pos,TN,FP,FN,TP,FP/P,Prec
0,0.0,2759,54189,2759,54189,551421,2759,105197,5.107830968172219,0.16021035061481714
1,0.01,0,1,0,54190,551420,2759,105197,5.107821705139131,0.1602105946084247
2,0.0111,0,3,0,54193,551417,2759,105197,5.107793916039868,0.1602113265937065
3,0.0125,0,3,0,54196,551414,2759,105197,5.107766126940605,0.16021205858567705
4,0.0143,2,8,2,54204,551406,2761,105195,5.107692022675905,0.16021145261734296
5,0.0167,1,36,1,54240,551370,2762,105194,5.107358553484753,0.16021895809090964
6,0.02,2,64,2,54304,551306,2764,105192,5.106765719367149,0.16023201898558717
7,0.0222,0,1,0,54305,551305,2764,105192,5.106756456334062,0.16023226305679997
8,0.025,10,235,10,54540,551070,2774,105182,5.104579643558487,0.160276844870568
9,0.0286,0,10,0,54550,551060,2774,105182,5.104487013227612,0.16027928721416795
10,0.0292,1,0,1,54550,551060,2775,105181,5.104487013227612,0.16027800762219976
11,0.0325,0,1,0,54551,551059,2775,105181,5.1044777501945235,0.16027825185907596
12,0.0333,61,932,61,55483,550127,2836,105120,5.095844603356923,0.16042805232225404
13,0.0375,0,1,0,55484,550126,2836,105120,5.095835340323836,0.1604282971586244
14,0.04,3,86,3,55570,550040,2839,105117,5.095038719478306,0.16044551153387662
15,0.0429,0,5,0,55575,550035,2839,105117,5.094992404312868,0.16044673602461718
16,0.0444,0,1,0,55576,550034,2839,105117,5.094983141279781,0.16044698092500811
17,0.0467,0,2,0,55578,550032,2839,105117,5.094964615213605,0.16044747072803286
18,0.05,269,3964,269,59542,546068,3108,104848,5.05824595205454,0.16107761984649324
19,0.0533,0,1,0,59543,546067,3108,104848,5.058236689021453,0.16107786730986381
20,0.0543,0,1,0,59544,546066,3108,104848,5.058227425988366,0.16107811477399472
21,0.0545,0,3,0,59547,546063,3108,104848,5.058199636889103,0.16107885717094964
22,0.0556,1,6,1,59553,546057,3109,104847,5.058144058690577,0.16107905313225915
23,0.0567,1,0,1,59553,546057,3110,104846,5.058144058690577,0.16107776427516848
24,0.0571,1,14,1,59567,546043,3111,104845,5.0580143762273515,0.1610799400204029
25,0.0583,0,6,0,59573,546037,3111,104845,5.057958798028826,0.1610814248972932
26,0.06,17,158,17,59731,545879,3128,104828,5.056495238800993,0.16109862042363152
27,0.0619,0,2,0,59733,545877,3128,104828,5.056476712734818,0.16109911557464596
28,0.0625,0,2,0,59735,545875,3128,104828,5.056458186668642,0.16109961072870418
29,0.065,0,3,0,59738,545872,3128,104828,5.05643039756938,0.1611003534654987
30,0.0667,144,1865,144,61603,544007,3272,104684,5.039154840861092,0.16137729674066698
31,0.0692,0,1,0,61604,544006,3272,104684,5.039145577828004,0.16137754551480676
32,0.07,0,10,0,61614,543996,3272,104684,5.039052947497129,0.16138003329839057
33,0.0714,1,23,1,61637,543973,3273,104683,5.038839897736115,0.16138446264275672
34,0.0722,0,1,0,61638,543972,3273,104683,5.038830634703027,0.16138471144136712
35,0.0733,1,6,1,61644,543966,3274,104682,5.038775056504502,0.16138491138491137
36,0.075,58,797,58,62441,543169,3332,104624,5.031392419133721,0.16150838307916263
37,0.0762,0,2,0,62443,543167,3332,104624,5.0313738930675465,0.16150888172265437
38,0.0767,0,1,0,62444,543166,3332,104624,5.031364630034458,0.1615091310455549
39,0.0786,0,6,0,62450,543160,3332,104624,5.031309051835933,0.16151062699912316
40,0.08,14,257,14,62707,542903,3346,104610,5.028928452332432,0.16155660195239324
41,0.081,0,2,0,62709,542901,3346,104610,5.028909926266256,0.161557100960447
42,0.0833,19,227,19,62936,542674,3365,104591,5.0268072177553815,0.16158914818505557
43,0.0842,0,2,0,62938,542672,3365,104591,5.026788691689207,0.16158964748487092
44,0.085,0,3,0,62941,542669,3365,104591,5.0267609025899445,0.16159039644037945
45,0.0857,2,14,2,62955,542655,3367,104589,5.026631220126719,0.16159130096223373
46,0.0867,0,8,0,62963,542647,3367,104589,5.026557115862018,0.16159329827141877
47,0.0875,1,13,1,62976,542634,3368,104588,5.02643669643188,0.16159524861639438
48,0.0889,0,3,0,62979,542631,3368,104588,5.026408907332617,0.16159599764531016
49,0.09,0,19,0,62998,542612,3368,104588,5.026232909703953,0.16160074165636587
50,0.0905,0,1,0,62999,542611,3368,104588,5.026223646670866,0.16160099134887415
51,0.0908,0,2,0,63001,542609,3368,104588,5.026205120604691,0.16160149073620553
52,0.0917,2,14,2,63015,542595,3370,104586,5.026075438141465,0.16160239562039058
53,0.0933,0,10,0,63025,542585,3370,104586,5.02598280781059,0.16160489267906009
54,0.0936,0,1,0,63026,542584,3370,104586,5.025973544777502,0.1616051423891713
55,0.0943,0,2,0,63028,542582,3370,104586,5.025955018711326,0.16160564181170886
56,0.095,0,1,0,63029,542581,3370,104586,5.025945755678239,0.16160589152413518
57,0.0952,0,1,0,63030,542580,3370,104586,5.025936492645152,0.16160614123733325
58,0.0983,0,3,0,63033,542577,3370,104586,5.025908703545889,0.16160689038155765
59,0.1,5345,74494,5345,137527,468083,8715,99241,4.335868316721627,0.17492825968934858
60,0.105,2,10,2,137537,468073,8717,99239,4.335775686390752,0.17492843444171813
61,0.1056,0,1,0,137538,468072,8717,99239,4.335766423357664,0.17492874278834714
62,0.1061,1,2,1,137540,468070,8718,99238,4.335747897291489,0.17492790512384807
63,0.1067,1,15,1,137555,468055,8719,99237,4.335608951795176,0.1749310760595954
64,0.1071,1,0,1,137555,468055,8720,99236,4.335608951795176,0.1749296216580203
65,0.1083,5,37,5,137592,468018,8725,99231,4.335266219570936,0.17493375924858395
66,0.1091,0,6,0,137598,468012,8725,99231,4.335210641372411,0.17493560960646495
67,0.1095,0,2,0,137600,468010,8725,99231,4.335192115306236,0.17493622640112405
68,0.11,5,31,5,137631,467979,8730,99226,4.334904961280522,0.17493851429377386
69,0.1107,0,1,0,137632,467978,8730,99226,4.3348956982474345,0.17493882271634192
70,0.1111,0,3,0,137635,467975,8730,99226,4.334867909148172,0.17493974799057124
71,0.1125,0,7,0,137642,467968,8730,99226,4.334803067916559,0.17494190700183712
72,0.1129,1,6,1,137648,467962,8731,99225,4.334747489718033,0.17494230297944063
73,0.1133,1,14,1,137662,467948,8732,99224,4.334617807254808,0.17494516654559816
74,0.1143,0,5,0,137667,467943,8732,99224,4.33457149208937,0.1749467088176851
75,0.115,0,5,0,137672,467938,8732,99224,4.334525176923932,0.17494825111696483
76,0.1167,19,309,19,137981,467629,8751,99205,4.331662899699878,0.17501596587360674
77,0.1171,0,1,0,137982,467628,8751,99205,4.331653636666791,0.17501627463468075
78,0.1179,0,1,0,137983,467627,8751,99205,4.3316443736337025,0.17501658339684423
79,0.1183,1,2,1,137985,467625,8752,99204,4.331625847567527,0.1750157454893804
80,0.12,6,83,6,138068,467542,8758,99198,4.330857015821261,0.17503264283445671
81,0.1214,3,7,3,138075,467535,8761,99195,4.330792174589647,0.17503043777460167
82,0.1222,0,1,0,138076,467534,8761,99195,4.33078291155656,0.17503074661787205
83,0.1233,0,8,0,138084,467526,8761,99195,4.33070880729186,0.17503321740327252
84,0.1238,0,1,0,138085,467525,8761,99195,4.330699544258772,0.17503352625635235
85,0.125,32,432,32,138517,467093,8793,99163,4.326697913964948,0.17512044022491594
86,0.1262,0,1,0,138518,467092,8793,99163,4.326688650931861,0.17512074948565576
87,0.1267,0,11,0,138529,467081,8793,99163,4.326586757567898,0.17512415142588708
88,0.1278,0,1,0,138530,467080,8793,99163,4.326577494534811,0.17512446069973492
89,0.1283,0,1,0,138531,467079,8793,99163,4.326568231501723,0.17512476997467513
90,0.1286,1,13,1,138544,467066,8794,99162,4.326447812071585,0.17512733386551
91,0.13,3,24,3,138568,467042,8797,99159,4.326225499277483,0.1751303865588369
92,0.131,0,1,0,138569,467041,8797,99159,4.326216236244396,0.17513069586718474
93,0.1313,0,1,0,138570,467040,8797,99159,4.326206973211308,0.1751310051766252
94,0.1329,0,1,0,138571,467039,8797,99159,4.326197710178221,0.1751313144871582
95,0.1333,120,1328,120,139899,465711,8917,99039,4.3138964022379485,0.17536786188579018
96,0.1343,0,1,0,139900,465710,8917,99039,4.313887139204861,0.17536817240933583
97,0.135,0,7,0,139907,465703,8917,99039,4.313822297973249,0.17537034610494703
98,0.1357,3,6,3,139913,465697,8920,99036,4.313766719774723,0.17536782869072642
99,0.1364,0,1,0,139914,465696,8920,99036,4.3137574567416355,0.1753681392235609
100,0.1367,0,8,0,139922,465688,8920,99036,4.313683352476935,0.17537062352582855
101,0.1375,1,8,1,139930,465680,8921,99035,4.313609248212234,0.17537164764527238
102,0.1381,0,3,0,139933,465677,8921,99035,4.313581459112972,0.1753725792970576
103,0.1389,0,1,0,139934,465676,8921,99035,4.3135721960798845,0.17537288984985241
104,0.1393,0,8,0,139942,465668,8921,99035,4.313498091815184,0.1753753743118064
105,0.1394,0,1,0,139943,465667,8921,99035,4.313488828782097,0.17537568487450017
106,0.14,7,148,7,140091,465519,8928,99028,4.312117899885139,0.1754114360717531
107,0.1417,2,68,2,140159,465451,8930,99026,4.311488013635184,0.1754296454948563
108,0.1423,0,3,0,140162,465448,8930,99026,4.311460224535922,0.1754305778476954
109,0.1425,0,1,0,140163,465447,8930,99026,4.3114509615028345,0.17543088863417736
110,0.1429,0,20,0,140183,465427,8930,99026,4.3112657008410835,0.17543710459506814
111,0.1433,2,5,2,140188,465422,8932,99024,4.3112193856756456,0.17543573698812642
112,0.1444,0,5,0,140193,465417,8932,99024,4.311173070510208,0.17543729105433517
113,0.1446,0,1,0,140194,465416,8932,99024,4.31116380747712,0.17543760187088087
114,0.145,1,5,1,140199,465411,8933,99023,4.311117492311682,0.1754376951069567
115,0.1452,0,2,0,140201,465409,8933,99023,4.311098966245507,0.17543831675029056
116,0.1464,0,2,0,140203,465407,8933,99023,4.311080440179333,0.17543893839802988
117,0.1467,2,14,2,140217,465393,8935,99021,4.310950757716107,0.1754403682403342
118,0.1483,0,2,0,140219,465391,8935,99021,4.3109322316499314,0.17544098991516835
119,0.1486,0,3,0,140222,465388,8935,99021,4.310904442550669,0.17544192243568052
120,0.15,567,6763,567,146985,458625,9502,98454,4.24825854977954,0.1767325639631004
121,0.1511,0,5,0,146990,458620,9502,98454,4.248212234614102,0.176734150220617
122,0.1518,0,4,0,146994,458616,9502,98454,4.248175182481752,0.17673541924713232
123,0.1533,0,4,0,146998,458612,9502,98454,4.2481381303494015,0.17673668829187206
124,0.1536,0,2,0,147000,458610,9502,98454,4.248119604283226,0.1767373228210762
125,0.1539,1,1,1,147001,458609,9503,98453,4.248110341250139,0.17673616222251742
126,0.1542,0,2,0,147003,458607,9503,98453,4.2480918151839635,0.1767367967543891
127,0.1545,0,4,0,147007,458603,9503,98453,4.248054763051614,0.17673806583180146
128,0.155,0,9,0,147016,458594,9503,98453,4.247971395753826,0.1767409213226173
129,0.1556,0,6,0,147022,458588,9503,98453,4.247915817555301,0.17674282503442296
130,0.1567,3,10,3,147032,458578,9506,98450,4.247823187224425,0.1767415641583547
131,0.157,1,1,1,147033,458577,9507,98449,4.2478139241913375,0.17674040350001616
132,0.1571,2,21,2,147054,458556,9509,98447,4.247619400496498,0.17674411089347813
133,0.1579,1,4,1,147058,458552,9510,98446,4.247582348364149,0.17674390213250316
134,0.1583,2,29,2,147087,458523,9512,98444,4.247313720404609,0.17675014857253663
135,0.1595,1,3,1,147090,458520,9513,98443,4.247285931305346,0.17674962250634244
136,0.1597,1,4,1,147094,458516,9514,98442,4.2472488791729965,0.17674941377985415
137,0.16,18,259,18,147353,458257,9532,98424,4.24484975360332,0.1768050283735209
138,0.1607,0,5,0,147358,458252,9532,98424,4.244803438437882,0.1768066164160122
139,0.161,2,7,2,147365,458245,9534,98422,4.244738597206269,0.1768058821521664
140,0.1611,0,2,0,147367,458243,9534,98422,4.244720071140094,0.1768065173847826
141,0.1617,0,6,0,147373,458237,9534,98422,4.244664492941569,0.17680842311001888
142,0.1622,1,0,1,147373,458237,9535,98421,4.244664492941569,0.17680694429973162
143,0.1625,0,8,0,147381,458229,9535,98421,4.244590388676868,0.17680948531393156
144,0.1627,1,0,1,147381,458229,9536,98420,4.244590388676868,0.17680800648164283
145,0.1633,0,2,0,147383,458227,9536,98420,4.244571862610694,0.17680864174243283
146,0.1643,0,1,0,147384,458226,9536,98420,4.2445625995776055,0.17680895937453966
147,0.165,0,6,0,147390,458220,9536,98420,4.24450702137908,0.1768108651911469
148,0.1652,0,2,0,147392,458218,9536,98420,4.244488495312905,0.17681150047247943
149,0.166,0,7,0,147399,458211,9536,98420,4.2444236540812925,0.17681372399309417
150,0.1667,247,3070,247,150469,455141,9783,98173,4.215986142502501,0.17742728360388496
151,0.1671,0,1,0,150470,455140,9783,98173,4.215976879469413,0.17742760426738574
152,0.1679,0,1,0,150471,455139,9783,98173,4.215967616436326,0.17742792493204557
153,0.1686,0,1,0,150472,455138,9783,98173,4.215958353403239,0.1774282455978645
154,0.169,0,1,0,150473,455137,9783,98173,4.215949090370151,0.1774285662648425
155,0.17,5,19,5,150492,455118,9788,98168,4.215773092741487,0.1774272257024396
156,0.1708,0,6,0,150498,455112,9788,98168,4.215717514542962,0.17742914979757085
157,0.1714,5,26,5,150524,455086,9793,98163,4.215476675682686,0.1774300540986066
158,0.1722,0,3,0,150527,455083,9793,98163,4.215448886583423,0.17743101622063243
159,0.1733,2,15,2,150542,455068,9795,98161,4.21530994108711,0.17743285330306258
160,0.1736,0,2,0,150544,455066,9795,98161,4.215291415020935,0.1774334947498947
161,0.175,122,1326,122,151870,453740,9917,98039,4.203008633146838,0.17767801964192187
162,0.1762,1,1,1,151871,453739,9918,98038,4.2029993701137505,0.1776768513366813
163,0.1767,1,4,1,151875,453735,9919,98037,4.2029623179814,0.17767664905069486
164,0.1769,0,4,0,151879,453731,9919,98037,4.20292526584905,0.17767793710400023
165,0.1771,0,1,0,151880,453730,9919,98037,4.202916002815962,0.1776782591202446
166,0.1775,0,1,0,151881,453729,9919,98037,4.2029067397828745,0.1776785811376562
167,0.1778,0,3,0,151884,453726,9919,98037,4.202878950683612,0.17767954719689433
168,0.1786,0,3,0,151887,453723,9919,98037,4.202851161584349,0.17768051326663767
169,0.1792,0,1,0,151888,453722,9919,98037,4.202841898551261,0.17768083529221998
170,0.18,47,467,47,152355,453255,9966,97990,4.198516062099374,0.17776124953514316
171,0.1817,0,1,0,152356,453254,9966,97990,4.198506799066286,0.17776157200804
172,0.1821,1,2,1,152358,453252,9967,97989,4.198488273000111,0.1777607253451757
173,0.1825,0,1,0,152359,453251,9967,97989,4.1984790099670235,0.1777610478194616
174,0.1829,1,0,1,152359,453251,9968,97988,4.1984790099670235,0.17775955619976092
175,0.183,0,1,0,152360,453250,9968,97988,4.198469746933936,0.17775987867309584
176,0.1833,40,404,40,152764,452846,10008,97948,4.194727481566564,0.17783055007861379
177,0.185,0,4,0,152768,452842,10008,97948,4.194690429434214,0.17783184153670184
178,0.1852,0,2,0,152770,452840,10008,97948,4.194671903368039,0.1778324872727801
179,0.1857,3,36,3,152806,452804,10011,97945,4.194338434176887,0.17783963293623775
180,0.1867,0,16,0,152822,452788,10011,97945,4.194190225647486,0.17784479956712237
181,0.1869,0,1,0,152823,452787,10011,97945,4.194180962614398,0.17784512249152037
182,0.1875,4,27,4,152850,452760,10015,97941,4.193930860721035,0.17784787025990512
183,0.1879,0,1,0,152851,452759,10015,97941,4.193921597687947,0.17784819320864353
184,0.1881,0,1,0,152852,452758,10015,97941,4.1939123346548595,0.17784851615855485
185,0.1883,2,3,2,152855,452755,10017,97939,4.193884545555597,0.17784649914471556
186,0.1889,1,4,1,152859,452751,10018,97938,4.193847493423246,0.1778462980012312
187,0.1893,0,4,0,152863,452747,10018,97938,4.193810441290896,0.17784758981995152
188,0.1895,0,2,0,152865,452745,10018,97938,4.193791915224721,0.17784823573634923
189,0.19,5,33,5,152898,452712,10023,97933,4.1934862351328315,0.1778514287789774
190,0.1905,1,4,1,152902,452708,10024,97932,4.193449183000482,0.17785122766235653
191,0.1909,1,0,1,152902,452708,10025,97931,4.193449183000482,0.1778497345810958
192,0.1917,10,47,10,152949,452661,10035,97921,4.193013820445366,0.177849984198539
193,0.1923,0,3,0,152952,452658,10035,97921,4.192986031346104,0.17785095326919478
194,0.1929,1,6,1,152958,452652,10036,97920,4.192930453147579,0.1778513981822541
195,0.1931,1,0,1,152958,452652,10037,97919,4.192930453147579,0.17784990491689537
196,0.1933,1,10,1,152968,452642,10038,97918,4.192837822816703,0.1778516419645452
197,0.1939,1,5,1,152973,452637,10039,97917,4.192791507651266,0.17785176385967588
198,0.1943,0,2,0,152975,452635,10039,97917,4.19277298158509,0.17785240994492799
199,0.1945,0,2,0,152977,452633,10039,97917,4.192754455518915,0.17785305603487422
200,0.195,0,5,0,152982,452628,10039,97917,4.192708140353477,0.17785467128027682
201,0.1952,0,6,0,152988,452622,10039,97917,4.192652562154952,0.17785660961348787
202,0.1958,2,8,2,152996,452614,10041,97915,4.192578457890251,0.17785620739325267
203,0.1964,0,3,0,152999,452611,10041,97915,4.192550668790989,0.1778571765911147
204,0.1967,0,6,0,153005,452605,10041,97915,4.192495090592463,0.17785911501852794
205,0.1977,0,5,0,153010,452600,10041,97915,4.192448775427025,0.17786073040698255
206,0.1983,0,2,0,153012,452598,10041,97915,4.192430249360851,0.17786137657058054
207,0.1992,0,1,0,153013,452597,10041,97915,4.192420986327763,0.17786169965414014
208,0.2,7566,80013,7566,233026,372584,17607,90349,3.45125791989329,0.1951664711740144
209,0.2017,1,1,1,233027,372583,17608,90348,3.4512486568602023,0.19516515420224612
210,0.2022,1,0,1,233027,372583,17609,90347,3.4512486568602023,0.19516341563519324
211,0.2024,0,1,0,233028,372582,17609,90347,3.4512393938271146,0.19516383721909839
212,0.2025,0,5,0,233033,372577,17609,90347,3.451193078661677,0.19516594516594515
213,0.2028,0,2,0,233035,372575,17609,90347,3.4511745525955018,0.19516678835743387
214,0.2033,1,4,1,233039,372571,17610,90346,3.4511375004631515,0.19516673615356533
215,0.2042,0,3,0,233042,372568,17610,90346,3.451109711363889,0.19516800096778236
216,0.205,1,7,1,233049,372561,17611,90345,3.451044870132276,0.1951692136200438
217,0.206,0,1,0,233050,372560,17611,90345,3.4510356070991888,0.19516963523833183
218,0.2067,2,23,2,233073,372537,17613,90343,3.450822557338175,0.195175855513308
219,0.2069,1,0,1,233073,372537,17614,90342,3.450822557338175,0.19517411677781882
220,0.2071,0,3,0,233076,372534,17614,90342,3.450794768238912,0.19517538174370674
221,0.2083,3,63,3,233139,372471,17617,90339,3.4502111971543963,0.1951967330005834
222,0.2091,0,1,0,233140,372470,17617,90339,3.4502019341213086,0.19519715476578892
223,0.2095,0,2,0,233142,372468,17617,90339,3.4501834080551337,0.19519799830166787
224,0.21,10,71,10,233213,372397,17627,90329,3.4495257327059172,0.19521055657127545
225,0.2107,2,1,2,233214,372396,17629,90327,3.4495164696728295,0.1952074999513748
226,0.2108,1,8,1,233222,372388,17630,90326,3.4494423654081294,0.1952091356647951
227,0.2111,0,2,0,233224,372386,17630,90326,3.449423839341954,0.19520997942564705
228,0.2117,0,4,0,233228,372382,17630,90326,3.449386787209604,0.19521166696923328
229,0.2119,0,2,0,233230,372380,17630,90326,3.449368261143429,0.19521251075196777
230,0.2125,0,3,0,233233,372377,17630,90326,3.4493404720441663,0.19521377643974644
231,0.2131,0,3,0,233236,372374,17630,90326,3.4493126829449037,0.19521504214393776
232,0.2133,2,31,2,233267,372343,17632,90324,3.449025528919189,0.19522464320991123
233,0.2143,1,9,1,233276,372334,17633,90323,3.4489421616214013,0.19522670142243606
234,0.215,1,5,1,233281,372329,17634,90322,3.4488958464559634,0.1952270718100685
235,0.2167,55,558,55,233839,371771,17689,90267,3.4437270739931085,0.19536704773200472
236,0.2171,1,7,1,233846,371764,17690,90266,3.4436622327614956,0.195368266129905
237,0.2179,0,1,0,233847,371763,17690,90266,3.443652969728408,0.19536868897839746
238,0.2183,0,2,0,233849,371761,17690,90266,3.4436344436622326,0.19536953468087362
239,0.2185,2,5,2,233854,371756,17692,90264,3.443588128496795,0.19536816588026493
240,0.2186,0,3,0,233857,371753,17692,90264,3.4435603393975325,0.19536943445803942
241,0.219,0,6,0,233863,371747,17692,90264,3.443504761199007,0.19537197166301234
242,0.22,8,78,8,233941,371669,17700,90256,3.442782244618178,0.19539102668182065
243,0.2201,0,1,0,233942,371668,17700,90256,3.4427729815850903,0.19539144967570424
244,0.2208,0,1,0,233943,371667,17700,90256,3.4427637185520026,0.19539187267141928
245,0.2212,0,1,0,233944,371666,17700,90256,3.442754455518915,0.19539229566896577
246,0.2214,2,9,2,233953,371657,17702,90254,3.442671088221127,0.19539261892442483
247,0.2217,0,1,0,233954,371656,17702,90254,3.4426618251880394,0.195393041934576
248,0.2224,1,0,1,233954,371656,17703,90253,3.4426618251880394,0.1953913000179689
249,0.2233,0,6,0,233960,371650,17703,90253,3.4426062469895142,0.1953938381002072
250,0.2238,1,5,1,233965,371645,17704,90252,3.4425599318240763,0.1953942112635501
251,0.2243,0,1,0,233966,371644,17704,90252,3.442550668790989,0.19539463428997003
252,0.225,46,469,46,234435,371175,17750,90206,3.4382063062729262,0.19551303586406896
253,0.2267,4,28,4,234463,371147,17754,90202,3.4379469413464743,0.19551792677560806
254,0.2271,0,3,0,234466,371144,17754,90202,3.4379191522472117,0.1955191981723045
255,0.2283,0,2,0,234468,371142,17754,90202,3.4379006261810368,0.19552004577928833
256,0.2286,0,4,0,234472,371138,17754,90202,3.4378635740486865,0.19552174101530326
257,0.2292,0,2,0,234474,371136,17754,90202,3.4378450479825116,0.19552258864433453
258,0.23,14,81,14,234555,371055,17768,90188,3.4370947423024196,0.19553250672638933
259,0.2302,1,4,1,234559,371051,17769,90187,3.4370576901700693,0.195532458297018
260,0.231,0,2,0,234561,371049,17769,90187,3.437039164103894,0.19553330615997017
261,0.2317,0,1,0,234562,371048,17769,90187,3.4370299010708067,0.1955337300942036
262,0.2321,1,2,1,234564,371046,17770,90186,3.4370113750046314,0.1955328338016443
263,0.2329,0,1,0,234565,371045,17770,90186,3.437002111971544,0.19553325773853014
264,0.2333,173,1551,173,236116,369494,17943,90013,3.4226351476527475,0.19589037816616503
265,0.235,3,16,3,236132,369478,17946,90010,3.4224869391233463,0.19589194930009055
266,0.2357,3,7,3,236139,369471,17949,90007,3.4224220978917335,0.19588968351041836
267,0.2367,0,4,0,236143,369467,17949,90007,3.4223850457593836,0.19589138884898818
268,0.2375,0,9,0,236152,369458,17949,90007,3.4223016784615954,0.1958952259693339
269,0.2381,0,1,0,236153,369457,17949,90007,3.4222924154285077,0.1958956523253182
270,0.2383,0,1,0,236154,369456,17949,90007,3.4222831523954205,0.1958960786831584
271,0.2389,0,1,0,236155,369455,17949,90007,3.422273889362333,0.19589650504285447
272,0.2392,1,2,1,236157,369453,17950,90006,3.422255363296158,0.19589560766031355
273,0.2394,0,3,0,236160,369450,17950,90006,3.422227574196895,0.19589688675302966
274,0.24,19,164,19,236324,369286,17969,89987,3.420708436770536,0.19593357327776725
275,0.2405,0,1,0,236325,369285,17969,89987,3.420699173737449,0.19593399989548677
276,0.2413,0,3,0,236328,369282,17969,89987,3.4206713846381858,0.1959352797597922
277,0.2417,16,146,16,236474,369136,17985,89971,3.419318981807403,0.1959695670072554
278,0.2429,2,17,2,236491,369119,17987,89969,3.4191615102449147,0.1959733210190639
279,0.2433,1,7,1,236498,369112,17988,89968,3.419096669013302,0.19597455781127474
280,0.2444,0,2,0,236500,369110,17988,89968,3.4190781429471264,0.19597541158583073
281,0.245,0,2,0,236502,369108,17988,89968,3.4190596168809515,0.1959762653678258
282,0.2457,0,4,0,236506,369104,17988,89968,3.4190225647486012,0.19597797295413355
283,0.2458,0,2,0,236508,369102,17988,89968,3.4190040386824263,0.1959788267584464
284,0.2462,0,4,0,236512,369098,17988,89968,3.418966986550076,0.19598053438939064
285,0.2464,0,1,0,236513,369097,17988,89968,3.4189577235169883,0.19598096130177645
286,0.2467,2,34,2,236547,369063,17990,89966,3.4186427803920116,0.19599197436327553
287,0.2469,0,1,0,236548,369062,17990,89966,3.418633517358924,0.19599240133499482
288,0.2472,2,0,2,236548,369062,17992,89964,3.418633517358924,0.19598889823234414
289,0.2482,0,1,0,236549,369061,17992,89964,3.4186242543258363,0.1959893252001525
290,0.2483,1,10,1,236559,369051,17993,89963,3.418531623994961,0.1959918433860405
291,0.2486,0,1,0,236560,369050,17993,89963,3.4185223609618736,0.19599227037142739
292,0.25,848,7661,848,244221,361389,18841,89115,3.3475582644781205,0.19781178413510203
293,0.251,0,10,0,244231,361379,18841,89115,3.347465634147245,0.19781617513218822
294,0.2517,1,4,1,244235,361375,18842,89114,3.347428582014895,0.1978161508938065
295,0.2524,0,2,0,244237,361373,18842,89114,3.34741005594872,0.1978170291262567
296,0.2525,1,2,1,244239,361371,18843,89113,3.347391529882545,0.19781612665488674
297,0.2533,2,3,2,244242,361368,18845,89111,3.347363740783282,0.1978138825561236
298,0.2542,0,4,0,244246,361364,18845,89111,3.347326688650932,0.1978156390476719
299,0.2545,0,3,0,244249,361361,18845,89111,3.347298899551669,0.19781695643680405
300,0.2548,0,1,0,244250,361360,18845,89111,3.347289636518582,0.19781739557041408
301,0.255,0,22,0,244272,361338,18845,89111,3.3470858497906555,0.19782705700312356
302,0.2556,1,11,1,244283,361327,18846,89110,3.3469839564266923,0.1978301072070012
303,0.2567,0,19,0,244302,361308,18846,89110,3.3468079587980286,0.1978384522821024
304,0.2571,2,37,2,244339,361271,18848,89108,3.3464652265737893,0.1978511431483262
305,0.2576,0,1,0,244340,361270,18848,89108,3.3464559635407016,0.19785158244852102
306,0.2583,5,67,5,244407,361203,18853,89103,3.3458353403238354,0.1978721136293987
307,0.2586,0,1,0,244408,361202,18853,89103,3.345826077290748,0.197872553047379
308,0.2589,0,2,0,244410,361200,18853,89103,3.345807551224573,0.1978734318891946
309,0.2595,0,2,0,244412,361198,18853,89103,3.345789025158398,0.19787431073881692
310,0.26,35,287,35,244699,360911,18888,89068,3.34313053466227,0.19793812600143562
311,0.2602,0,3,0,244702,360908,18888,89068,3.3431027455630073,0.19793944565932406
312,0.2603,0,1,0,244703,360907,18888,89068,3.3430934825299197,0.19793988554919717
313,0.2617,0,2,0,244705,360905,18888,89068,3.3430749564637443,0.19794076533480898
314,0.2619,0,2,0,244707,360903,18888,89068,3.3430564303975694,0.1979416451282416
315,0.2625,1,7,1,244714,360896,18889,89067,3.3429915891659565,0.19794294197522908
316,0.2629,0,1,0,244715,360895,18889,89067,3.342982326132869,0.19794338188558144
317,0.2633,1,12,1,244727,360883,18890,89066,3.3428711697358184,0.19794687842399916
318,0.2636,0,1,0,244728,360882,18890,89066,3.3428619067027308,0.1979473183567879
319,0.2638,0,1,0,244729,360881,18890,89066,3.342852643669643,0.1979477582915321
320,0.2643,0,1,0,244730,360880,18890,89066,3.342843380636556,0.19794819822823184
321,0.265,2,9,2,244739,360871,18892,89064,3.3427600133387676,0.19794859257448297
322,0.2657,0,3,0,244742,360868,18892,89064,3.342732224239505,0.19794991243121182
323,0.2667,418,3771,418,248513,357097,19310,88646,3.307801326466338,0.19887244443547067
324,0.2671,0,1,0,248514,357096,19310,88646,3.3077920634332507,0.19887289059590527
325,0.2675,0,1,0,248515,357095,19310,88646,3.307782800400163,0.19887333675834173
326,0.2679,0,1,0,248516,357094,19310,88646,3.3077735373670754,0.1988737829227801
327,0.2683,0,3,0,248519,357091,19310,88646,3.3077457482678128,0.1988751214281067
328,0.2686,0,2,0,248521,357089,19310,88646,3.307727222201638,0.19887601377500083
329,0.2689,0,1,0,248522,357088,19310,88646,3.30771795916855,0.19887645995145087
330,0.2693,0,4,0,248526,357084,19310,88646,3.3076809070362,0.198878244677271
331,0.2697,0,1,0,248527,357083,19310,88646,3.307671644003112,0.1988786908637311
332,0.27,3,28,3,248555,357055,19313,88643,3.3074122790766607,0.1988857926219099
333,0.2702,0,1,0,248556,357054,19313,88643,3.3074030160435735,0.1988862388573403
334,0.2714,4,39,4,248595,357015,19317,88639,3.307041757753159,0.19889645330233768
335,0.2717,0,6,0,248601,357009,19317,88639,3.3069861795546336,0.1988991311528381
336,0.2726,0,1,0,248602,357008,19317,88639,3.306976916521546,0.19889957746826525
337,0.2733,1,22,1,248624,356986,19318,88638,3.3067731297936196,0.19890759923163923
338,0.2743,0,1,0,248625,356985,19318,88638,3.306763866760532,0.19890804559010644
339,0.2744,1,0,1,248625,356985,19319,88637,3.306763866760532,0.198906247896199
340,0.2746,0,1,0,248626,356984,19319,88637,3.3067546037274447,0.19890669425363705
341,0.275,192,1624,192,250250,355360,19511,88445,3.2917114379932566,0.19928797557485833
342,0.2756,0,1,0,250251,355359,19511,88445,3.291702174960169,0.19928842461987725
343,0.2767,0,10,0,250261,355349,19511,88445,3.2916095446292934,0.19929291518136794
344,0.2778,0,7,0,250268,355342,19511,88445,3.2915447033976806,0.1992960586948243
345,0.2783,2,11,2,250279,355331,19513,88443,3.2914428100337174,0.19929739011298545
346,0.2786,0,3,0,250282,355328,19513,88443,3.291415020934455,0.19929873741186332
347,0.2792,0,2,0,250284,355326,19513,88443,3.2913964948682795,0.19929963562123537
348,0.28,74,527,74,250811,354799,19587,88369,3.2865148764311387,0.1994029352299805
349,0.2805,1,1,1,250812,354798,19588,88368,3.286505613398051,0.19940157864096072
350,0.281,0,1,0,250813,354797,19588,88368,3.2864963503649633,0.19940202858980288
351,0.2811,0,6,0,250819,354791,19588,88368,3.286440772166438,0.19940472832549944
352,0.2817,0,14,0,250833,354777,19588,88368,3.2863110897032124,0.19941102799309482
353,0.2818,1,0,1,250833,354777,19589,88367,3.2863110897032124,0.19940922138176304
354,0.2821,0,1,0,250834,354776,19589,88367,3.2863018266701247,0.19940967137018975
355,0.2825,0,1,0,250835,354775,19589,88367,3.2862925636370375,0.19941012136064737
356,0.2829,0,1,0,250836,354774,19589,88367,3.28628330060395,0.19941057135313592
357,0.2833,67,559,67,251395,354215,19656,88300,3.281105265108007,0.1995412584884128
358,0.2835,0,1,0,251396,354214,19656,88300,3.2810960020749196,0.19954170941484337
359,0.2836,0,3,0,251399,354211,19656,88300,3.2810682129756565,0.19954306220636323
360,0.2838,2,0,2,251399,354211,19658,88298,3.2810682129756565,0.1995394443954812
361,0.284,1,1,1,251400,354210,19659,88297,3.2810589499425693,0.19953808640315293
362,0.285,3,14,3,251414,354196,19662,88294,3.2809292674793435,0.19953897263214987
363,0.2857,3,53,3,251467,354143,19665,88291,3.280438326725703,0.19955744811655524
364,0.286,0,5,0,251472,354138,19665,88291,3.280392011560265,0.19955970336483367
365,0.2861,0,1,0,251473,354137,19665,88291,3.280382748527178,0.1995601544206063
366,0.2867,1,16,1,251489,354121,19666,88290,3.280234539997777,0.19956556233909192
367,0.2869,1,2,1,251491,354119,19667,88289,3.280216013931602,0.19956465525035713
368,0.2875,4,25,4,251516,354094,19671,88285,3.279984438104413,0.1995686956207234
369,0.2881,0,1,0,251517,354093,19671,88285,3.2799751750713253,0.1995691467478039
370,0.2885,0,1,0,251518,354092,19671,88285,3.2799659120382376,0.199569597876924
371,0.2889,0,4,0,251522,354088,19671,88285,3.279928859905888,0.19957140241380011
372,0.29,3,28,3,251550,354060,19674,88282,3.2796694949794363,0.19957860659851429
373,0.2905,1,6,1,251556,354054,19675,88281,3.2796139167809106,0.19957950422191326
374,0.2908,0,6,0,251562,354048,19675,88281,3.2795583385823854,0.19958221143085803
375,0.2909,0,1,0,251563,354047,19675,88281,3.2795490755492978,0.19958266263948926
376,0.2915,0,3,0,251566,354044,19675,88281,3.279521286450035,0.19958401627762393
377,0.2917,6,73,6,251639,353971,19681,88275,3.278845085034644,0.19960610158147277
378,0.2919,0,1,0,251640,353970,19681,88275,3.278835822001556,0.19960655292880644
379,0.2929,0,5,0,251645,353965,19681,88275,3.2787895068361186,0.19960880969609263
380,0.2933,4,28,4,251673,353937,19685,88271,3.278530141909667,0.19961420869816918
381,0.2944,1,1,1,251674,353936,19686,88270,3.2785208788765794,0.1996128501196275
382,0.2948,0,2,0,251676,353934,19686,88270,3.278502352810404,0.19961375292851263
383,0.295,1,6,1,251682,353928,19687,88269,3.278446774611879,0.19961465138840834
384,0.2957,0,1,0,251683,353927,19687,88269,3.278437511578791,0.19961510280509095
385,0.2964,0,1,0,251684,353926,19687,88269,3.278428248545704,0.19961555422381527
386,0.2967,0,6,0,251690,353920,19687,88269,3.2783726703471783,0.19961826277903794
387,0.2977,0,3,0,251693,353917,19687,88269,3.2783448812479157,0.19961961708421344
388,0.2983,1,11,1,251704,353906,19688,88268,3.2782429878839525,0.1996227729355412
389,0.2988,0,6,0,251710,353900,19688,88268,3.2781874096854273,0.1996254817173563
390,0.3,9290,75035,9290,326745,278865,28978,78978,2.5831357219607987,0.22070572848986847
391,0.3005,1,2,1,326747,278863,28979,78977,2.5831171958946237,0.22070478426112228
392,0.3008,0,1,0,326748,278862,28979,78977,2.583107932861536,0.22070540103230782
393,0.3017,1,3,1,326751,278859,28980,78976,2.5830801437622735,0.22070507356742633
394,0.3018,0,1,0,326752,278858,28980,78976,2.583070880729186,0.22070569034803847
395,0.3024,1,2,1,326754,278856,28981,78975,2.583052354663011,0.22070474609522372
396,0.3029,0,1,0,326755,278855,28981,78975,2.583043091629923,0.2207053628818154
397,0.3033,2,13,2,326768,278842,28983,78973,2.582922672199785,0.22070902561379485
398,0.3048,2,1,2,326769,278841,28985,78971,2.5829134091666974,0.22070528657507293
399,0.305,1,11,1,326780,278830,28986,78970,2.5828115158027343,0.22070989379541645
400,0.3056,0,1,0,326781,278829,28986,78970,2.582802252769647,0.22071051064983413
401,0.306,0,3,0,326784,278826,28986,78970,2.5827744636703844,0.22071236123377566
402,0.3067,2,22,2,326806,278804,28988,78968,2.582570676942458,0.22072157687018548
403,0.3069,0,2,0,326808,278802,28988,78968,2.5825521508762828,0.22072281074433295
404,0.3071,0,2,0,326810,278800,28988,78968,2.582533624810108,0.22072404463227566
405,0.3079,0,3,0,326813,278797,28988,78968,2.5825058357108452,0.22072589549005633
406,0.3083,12,92,12,326905,278705,29000,78956,2.58165363666679,0.22075652643145324
407,0.3095,0,2,0,326907,278703,29000,78956,2.5816351106006152,0.22075776088397048
408,0.31,8,73,8,326980,278630,29008,78948,2.5809589091852234,0.22078539507464107
409,0.3102,1,2,1,326982,278628,29009,78947,2.5809403831190485,0.22078445081451445
410,0.3105,1,3,1,326985,278625,29010,78946,2.580912594019786,0.2207841239921582
411,0.3107,0,1,0,326986,278624,29010,78946,2.580903330986698,0.22078474144922672
412,0.3111,0,9,0,326995,278615,29010,78946,2.5808199636889104,0.22079029871826067
413,0.3117,0,17,0,327012,278598,29010,78946,2.580662492126422,0.22080079654532028
414,0.3119,0,7,0,327019,278591,29010,78946,2.580597650894809,0.22080511947015274
415,0.3125,1,4,1,327023,278587,29011,78945,2.580560598762459,0.22080541042480115
416,0.3129,0,1,0,327024,278586,29011,78945,2.5805513357293712,0.2208060280087601
417,0.3131,0,1,0,327025,278585,29011,78945,2.5805420726962836,0.22080664559617375
418,0.3133,0,21,0,327046,278564,29011,78945,2.580347549001445,0.22081961572995365
419,0.3143,1,1,1,327047,278563,29012,78944,2.5803382859683577,0.22081805391223108
420,0.315,1,19,1,327066,278544,29013,78943,2.580162288339694,0.22082761051450822
421,0.3167,74,732,74,327798,277812,29087,78869,2.5733817481196044,0.22111915128644363
422,0.3171,0,1,0,327799,277811,29087,78869,2.5733724850865167,0.22111977122350565
423,0.3178,0,1,0,327800,277810,29087,78869,2.573363222053429,0.22112039116404386
424,0.3179,1,4,1,327804,277806,29088,78868,2.5733261699210788,0.22112068723820633
425,0.3181,0,9,0,327813,277797,29088,78868,2.573242802623291,0.22112626694517265
426,0.3183,1,5,1,327818,277792,29089,78867,2.573196487457853,0.22112718310767426
427,0.3186,0,6,0,327824,277786,29089,78867,2.573140909259328,0.2211309031467561
428,0.319,0,2,0,327826,277784,29089,78867,2.573122383193153,0.22113214318759797
429,0.3193,1,2,1,327828,277782,29090,78866,2.5731038571269775,0.2211311993898746
430,0.3196,0,2,0,327830,277780,29090,78866,2.5730853310608026,0.22113243944976252
431,0.32,6,63,6,327893,277717,29096,78860,2.5725017599762867,0.22115840337430626
432,0.3202,0,2,0,327895,277715,29096,78860,2.5724832339101114,0.22115964383369557
433,0.3208,0,8,0,327903,277707,29096,78860,2.5724091296454112,0.2211646058104087
434,0.3211,0,1,0,327904,277706,29096,78860,2.5723998666123236,0.22116522607315336
435,0.3214,1,9,1,327913,277697,29097,78859,2.5723164993145358,0.22116862428342252
436,0.3217,0,6,0,327919,277691,29097,78859,2.57226092111601,0.2211723460945169
437,0.3221,0,5,0,327924,277686,29097,78859,2.5722146059505726,0.22117544769944888
438,0.3222,0,1,0,327925,277685,29097,78859,2.572205342917485,0.22117606803087417
439,0.3225,0,2,0,327927,277683,29097,78859,2.57218681685131,0.22117730870416388
440,0.3233,1,6,1,327933,277677,29098,78858,2.5721312386527844,0.22117884639656696
441,0.3236,0,1,0,327934,277676,29098,78858,2.572121975619697,0.22117946675492378
442,0.3238,1,4,1,327938,277672,29099,78857,2.572084923487347,0.2211797637779816
443,0.3245,0,1,0,327939,277671,29099,78857,2.572075660454259,0.2211803841493515
444,0.325,65,535,65,328474,277136,29164,78792,2.567119937752418,0.2213706142815401
445,0.3257,0,2,0,328476,277134,29164,78792,2.5671014116862425,0.22137185819524283
446,0.3262,1,9,1,328485,277125,29165,78791,2.5670180443884547,0.22137526832173884
447,0.3267,4,36,4,328521,277089,29169,78787,2.5666845751973026,0.22138891074419179
448,0.3273,1,0,1,328521,277089,29170,78786,2.5666845751973026,0.22138672286617492
449,0.3278,1,4,1,328525,277085,29171,78785,2.5666475230649524,0.22138702335122376
450,0.3283,0,12,0,328537,277073,29171,78785,2.5665363666679015,0.22139448881295348
451,0.3286,1,11,1,328548,277062,29172,78784,2.566434473303939,0.2213991445737763
452,0.3288,0,1,0,328549,277061,29172,78784,2.566425210270851,0.22139976675237813
453,0.3291,0,2,0,328551,277059,29172,78784,2.5664066842046758,0.22140101112007263
454,0.3292,0,1,0,328552,277058,29172,78784,2.5663974211715885,0.2214016333091653
455,0.3298,0,1,0,328553,277057,29172,78784,2.566388158138501,0.221402255501755
456,0.33,12,86,12,328639,276971,29184,78772,2.5655915372929714,0.22142951512749373
457,0.331,2,3,2,328642,276968,29186,78770,2.5655637481937084,0.2214270052679219
458,0.3314,1,1,1,328643,276967,29187,78769,2.565554485160621,0.221425439089662
459,0.3317,0,7,0,328650,276960,29187,78769,2.5654896439290082,0.2214297962775034
460,0.3319,0,1,0,328651,276959,29187,78769,2.5654803808959206,0.22143041874690775
461,0.3321,0,4,0,328655,276955,29187,78769,2.5654433287635703,0.22143290865952256
462,0.3324,0,1,0,328656,276954,29187,78769,2.5654340657304826,0.22143353114642572
463,0.3329,0,4,0,328660,276950,29187,78769,2.5653970135981328,0.22143602112903724
464,0.3333,191,1511,191,330171,275439,29378,78578,2.551400570602838,0.22196109226393082
465,0.3338,2,4,2,330175,275435,29380,78576,2.551363518470488,0.2219592046574824
466,0.3345,0,1,0,330176,275434,29380,78576,2.5513542554374005,0.22195983164317393
467,0.335,3,15,3,330191,275419,29383,78573,2.551215309941087,0.22196264322357567
468,0.3357,2,14,2,330205,275405,29385,78571,2.5510856274778613,0.22196702601306303
469,0.3364,2,3,2,330208,275402,29387,78569,2.5510578383785987,0.2219645112170206
470,0.3367,0,17,0,330225,275385,29387,78569,2.5509003668161103,0.2219751719149946
471,0.3375,0,4,0,330229,275381,29387,78569,2.55086331468376,0.2219776804633423
472,0.3381,0,2,0,330231,275379,29387,78569,2.550844788617585,0.2219789347587781
473,0.3383,0,3,0,330234,275376,29387,78569,2.550816999518322,0.22198081622851007
474,0.3386,0,1,0,330235,275375,29387,78569,2.550807736485235,0.22198144339217504
475,0.3388,0,3,0,330238,275372,29387,78569,2.5507799473859722,0.22198332490443323
476,0.3389,0,2,0,330240,275370,29387,78569,2.550761421319797,0.22198457926365842
477,0.3393,0,5,0,330245,275365,29387,78569,2.5507151061543594,0.22198771522374228
478,0.3395,1,1,1,330246,275364,29388,78568,2.5507058431212717,0.22198614423109525
479,0.34,16,156,16,330402,275208,29404,78552,2.549260809959613,0.22204884667571234
480,0.3405,0,1,0,330403,275207,29404,78552,2.549251546926526,0.22204947435966294
481,0.3412,1,5,1,330408,275202,29405,78551,2.549205231761088,0.2220504137067389
482,0.3417,21,192,21,330600,275010,29426,78530,2.5474267294082775,0.2221247949312666
483,0.3421,3,0,3,330600,275010,29429,78527,2.5474267294082775,0.22211819413526732
484,0.3429,4,17,4,330617,274993,29433,78523,2.547269257845789,0.2221200737731814
485,0.3433,1,11,1,330628,274982,29434,78522,2.547167364481826,0.22212478500950483
486,0.3438,0,5,0,330633,274977,29434,78522,2.547121049316388,0.22212792681167415
487,0.3442,0,2,0,330635,274975,29434,78522,2.547102523250213,0.22212918355742764
488,0.3444,0,5,0,330640,274970,29434,78522,2.547056208084775,0.22213232548402792
489,0.3448,0,2,0,330642,274968,29434,78522,2.5470376820186003,0.2221335822795553
490,0.345,1,7,1,330649,274961,29435,78521,2.5469728407869874,0.2221357806055188
491,0.3452,0,5,0,330654,274956,29435,78521,2.5469265256215494,0.22213892275876507
492,0.3457,1,3,1,330657,274953,29436,78520,2.546898736522287,0.2221386074749698
493,0.3458,1,3,1,330660,274950,29437,78519,2.5468709474230242,0.22213829218403877
494,0.3464,0,1,0,330661,274949,29437,78519,2.5468616843899365,0.22213892063779464
495,0.3467,11,53,11,330714,274896,29448,78508,2.546370743636296,0.22214802322554358
496,0.3475,0,1,0,330715,274895,29448,78508,2.546361480603209,0.2221486518224237
497,0.3483,1,3,1,330718,274892,29449,78507,2.546333691503946,0.22214833658272945
498,0.3489,0,1,0,330719,274891,29449,78507,2.5463244284708586,0.22214896518938987
499,0.3498,1,0,1,330719,274891,29450,78506,2.5463244284708586,0.22214676412080464
500,0.35,1052,7378,1052,338097,267513,30502,77454,2.4779817703508837,0.2245258242092722
501,0.3511,1,3,1,338100,267510,30503,77453,2.477953981251621,0.22452552882483048
502,0.3514,0,2,0,338102,267508,30503,77453,2.477935455185446,0.22452683056925277
503,0.3517,2,1,2,338103,267507,30505,77451,2.4779261921523585,0.2245229854069191
504,0.3524,0,9,0,338112,267498,30505,77451,2.4778428248545703,0.2245288433942409
505,0.3525,0,1,0,338113,267497,30505,77451,2.4778335618214826,0.22452949430059024
506,0.3528,0,2,0,338115,267495,30505,77451,2.4778150357553077,0.2245307961246108
507,0.3533,4,16,4,338131,267479,30509,77447,2.477666827225907,0.22453221850483873
508,0.3535,2,5,2,338136,267474,30511,77445,2.477620512060469,0.22453097683804024
509,0.3542,0,3,0,338139,267471,30511,77445,2.4775927229612065,0.22453292975681036
510,0.3548,0,2,0,338141,267469,30511,77445,2.477574196895031,0.22453423172153059
511,0.355,1,19,1,338160,267450,30512,77444,2.477398199266368,0.22454435275765888
512,0.3556,0,5,0,338165,267445,30512,77444,2.47735188410093,0.22454760807100255
513,0.3557,1,2,1,338167,267443,30513,77443,2.477333358034755,0.22454666179549185
514,0.3558,0,2,0,338169,267441,30513,77443,2.4773148319685796,0.22454796395309728
515,0.3567,2,23,2,338192,267418,30515,77441,2.477101782207566,0.22455844272586767
516,0.3571,3,18,3,338210,267400,30518,77438,2.47693504761199,0.22456341818477082
517,0.3579,1,1,1,338211,267399,30519,77437,2.4769257845789023,0.22456182069157513
518,0.3581,2,4,2,338215,267395,30521,77435,2.4768887324465525,0.22455992808050343
519,0.3583,18,97,18,338312,267298,30539,77417,2.4759902182370594,0.22458262622746328
520,0.3592,0,1,0,338313,267297,30539,77417,2.4759809552039718,0.22458327773168482
521,0.3595,1,1,1,338314,267296,30540,77416,2.4759716921708845,0.22458167977906193
522,0.3597,2,1,2,338315,267295,30542,77414,2.475962429137797,0.22457783231653367
523,0.3598,0,5,0,338320,267290,30542,77414,2.475916113972359,0.22458108986260675
524,0.36,52,300,52,338620,266990,30594,77362,2.473137204046093,0.22465965059009385
525,0.3601,0,3,0,338623,266987,30594,77362,2.4731094149468302,0.2246616078455288
526,0.3607,1,1,1,338624,266986,30595,77361,2.4731001519137426,0.22466000865406116
527,0.361,0,3,0,338627,266983,30595,77361,2.47307236281448,0.2246619659410357
528,0.3611,2,1,2,338628,266982,30597,77359,2.4730630997813923,0.22465811506616987
529,0.3617,1,2,1,338630,266980,30598,77358,2.4730445737152174,0.22465716824747778
530,0.3619,0,5,0,338635,266975,30598,77358,2.4729982585497794,0.22466043045540218
531,0.3625,0,11,0,338646,266964,30598,77358,2.4728963651858162,0.22466760764633106
532,0.3633,2,23,2,338669,266941,30600,77356,2.4726833154248027,0.22467811221125947
533,0.3643,0,1,0,338670,266940,30600,77356,2.472674052391715,0.2246787647837907
534,0.365,4,14,4,338684,266926,30604,77352,2.4725443699284892,0.22467889322001405
535,0.3657,0,1,0,338685,266925,30604,77352,2.472535106895402,0.22467954583082808
536,0.3667,548,3832,548,342517,263093,31152,76804,2.437039164103894,0.22596257101416017
537,0.3675,0,1,0,342518,263092,31152,76804,2.4370299010708067,0.2259632358133076
538,0.3679,0,2,0,342520,263090,31152,76804,2.4370113750046314,0.22596456542333787
539,0.3683,0,8,0,342528,263082,31152,76804,2.4369372707399313,0.2259698840199361
540,0.3698,0,1,0,342529,263081,31152,76804,2.4369280077068436,0.22597054886211512
541,0.37,7,23,7,342552,263058,31159,76797,2.4367149579458296,0.2259698989274838
542,0.3702,1,1,1,342553,263057,31160,76796,2.4367056949127424,0.22596828628848356
543,0.3714,4,27,4,342580,263030,31164,76792,2.436455593019378,0.22597712920293567
544,0.3717,0,1,0,342581,263029,31164,76792,2.436446329986291,0.22597779419164796
545,0.3719,0,2,0,342583,263027,31164,76792,2.4364278039201155,0.2259791241808139
546,0.3726,0,1,0,342584,263026,31164,76792,2.4364185408870283,0.22597978918126763
547,0.3732,1,0,1,342584,263026,31165,76791,2.4364185408870283,0.22597751142526712
548,0.3733,4,29,4,342613,262997,31169,76787,2.436149912927489,0.2259876862948226
549,0.3738,1,1,1,342614,262996,31170,76786,2.4361406498944014,0.22598607342354804
550,0.375,225,1550,225,344164,261446,31395,76561,2.4217829486086924,0.2265071433431852
551,0.3756,0,1,0,344165,261445,31395,76561,2.4217736855756047,0.2265078134707668
552,0.3759,0,1,0,344166,261444,31395,76561,2.4217644225425174,0.22650848360231357
553,0.3762,0,3,0,344169,261441,31395,76561,2.421736633443255,0.22651049402074544
554,0.3767,0,20,0,344189,261421,31395,76561,2.4215513727815035,0.22652389772236392
555,0.3771,1,2,1,344191,261419,31396,76560,2.4215328467153285,0.22652294965071795
556,0.3773,1,8,1,344199,261411,31397,76559,2.421458742450628,0.22652602301979466
557,0.3778,0,7,0,344206,261404,31397,76559,2.421393901219015,0.22653071490074358
558,0.3783,1,3,1,344209,261401,31398,76558,2.4213661121197525,0.22653043712402984
559,0.3787,0,4,0,344213,261397,31398,76558,2.421329059987402,0.22653311831456852
560,0.38,67,548,67,344761,260849,31465,76491,2.4162529178554224,0.22674749510879233
561,0.3802,1,4,1,344765,260845,31466,76490,2.4162158657230726,0.22674789156180059
562,0.3805,0,8,0,344773,260837,31466,76490,2.416141761458372,0.2267532690831152
563,0.381,1,10,1,344783,260827,31467,76489,2.4160491311274965,0.22675769901220222
564,0.3814,0,2,0,344785,260825,31467,76489,2.416030605061321,0.22675904350249323
565,0.3817,0,10,0,344795,260815,31467,76489,2.4159379747304457,0.2267657661931077
566,0.3818,0,1,0,344796,260814,31467,76489,2.415928711697358,0.22676643848409295
567,0.3821,0,3,0,344799,260811,31467,76489,2.4159009225980954,0.2267684553809665
568,0.3833,81,551,81,345350,260260,31548,76408,2.410796991366853,0.22695355661957775
569,0.3838,0,2,0,345352,260258,31548,76408,2.410778465300678,0.22695490486119774
570,0.3841,0,10,0,345362,260248,31548,76408,2.4106858349698026,0.22696164630958604
571,0.3844,0,1,0,345363,260247,31548,76408,2.410676571936715,0.22696232047645215
572,0.3846,1,1,1,345364,260246,31549,76407,2.4106673089036272,0.2269606984045887
573,0.385,2,21,2,345385,260225,31551,76405,2.4104727852087886,0.226970264088168
574,0.3852,1,2,1,345387,260223,31552,76404,2.4104542591426137,0.22696931618675864
575,0.3857,6,50,6,345437,260173,31558,76398,2.409991107488236,0.2269892533819016
576,0.3861,0,2,0,345439,260171,31558,76398,2.409972581422061,0.2269906022242096
577,0.3867,1,20,1,345459,260151,31559,76397,2.4097873207603095,0.22700179469199044
578,0.3869,0,2,0,345461,260149,31559,76397,2.4097687946941346,0.22700314370100966
579,0.3875,5,30,5,345491,260119,31564,76392,2.409490903701508,0.22701189559925233
580,0.3881,2,6,2,345497,260113,31566,76390,2.4094353255029826,0.2270113490815832
581,0.3883,1,8,1,345505,260105,31567,76389,2.4093612212382824,0.22701444899463288
582,0.3889,1,4,1,345509,260101,31568,76388,2.409324169105932,0.22701485041115757
583,0.39,5,34,5,345543,260067,31573,76383,2.409009225980955,0.22702630405706642
584,0.3905,0,2,0,345545,260065,31573,76383,2.40899069991478,0.22702765360471752
585,0.3909,0,2,0,345547,260063,31573,76383,2.408972173848605,0.22702900316841335
586,0.3917,15,127,15,345674,259936,31588,76368,2.4077957686464857,0.2270802607164946
587,0.3925,0,1,0,345675,259935,31588,76368,2.407786505613398,0.22708093594169543
588,0.3929,3,7,3,345682,259928,31591,76365,2.407721664381785,0.22707876762228177
589,0.3933,5,41,5,345723,259887,31596,76360,2.4073418800251956,0.22709496292903728
590,0.394,0,2,0,345725,259885,31596,76360,2.40732335395902,0.22709631369983196
591,0.3946,0,1,0,345726,259884,31596,76360,2.407314090925933,0.22709698909125517
592,0.3949,1,5,1,345731,259879,31597,76359,2.407267775760495,0.227098067440325
593,0.395,2,4,2,345735,259875,31599,76357,2.4072307236281447,0.2270961716909753
594,0.3952,0,1,0,345736,259874,31599,76357,2.407221460595057,0.2270968471080894
595,0.3953,0,7,0,345743,259867,31599,76357,2.407156619363444,0.2271015751403826
596,0.3958,1,1,1,345744,259866,31600,76356,2.407147356330357,0.2270999518175491
597,0.3964,0,1,0,345745,259865,31600,76356,2.4071380932972692,0.2271006272659947
598,0.3967,2,19,2,345764,259846,31602,76354,2.4069620956686055,0.22710886377156456
599,0.397,0,1,0,345765,259845,31602,76354,2.4069528326355183,0.2271095392907177
600,0.3976,1,1,1,345766,259844,31603,76353,2.4069435696024306,0.22710791589454993
601,0.3979,0,1,0,345767,259843,31603,76353,2.406934306569343,0.22710859141691156
602,0.3981,0,2,0,345769,259841,31603,76353,2.406915780503168,0.2271099424736908
603,0.3983,0,8,0,345777,259833,31603,76353,2.4068416762384675,0.2271153468615588
604,0.3988,0,2,0,345779,259831,31603,76353,2.4068231501722925,0.22711669799871498
605,0.3992,0,5,0,345784,259826,31603,76353,2.4067768350068546,0.22712007591193978
606,0.4,10406,63444,10406,409228,196382,42009,65947,1.8190929638000668,0.25139042957507557
607,0.4006,0,1,0,409229,196381,42009,65947,1.8190837007669791,0.25139138788082094
608,0.4017,1,9,1,409238,196372,42010,65946,1.819000333469191,0.25139715917321726
609,0.4022,0,1,0,409239,196371,42010,65946,1.8189910704361036,0.2513981175448027
610,0.4024,0,2,0,409241,196369,42010,65946,1.8189725443699285,0.2514000343098946
611,0.4025,0,3,0,409244,196366,42010,65946,1.818944755270666,0.25140290951233646
612,0.4033,2,8,2,409252,196358,42012,65944,1.8188706510059653,0.25140486919657495
613,0.4042,0,2,0,409254,196356,42012,65944,1.8188521249397902,0.2514067861227602
614,0.4048,1,6,1,409260,196350,42013,65943,1.818796546741265,0.25140968306435935
615,0.405,5,12,5,409272,196338,42018,65938,1.8186853903442144,0.25140691485305555
616,0.4056,0,1,0,409273,196337,42018,65938,1.8186761273111267,0.25140787341530835
617,0.4067,3,32,3,409305,196305,42021,65935,1.818379710252325,0.25142998779743747
618,0.4071,1,9,1,409314,196296,42022,65934,1.8182963429545371,0.25143576249856997
619,0.4083,17,107,17,409421,196189,42039,65917,1.8173051984141688,0.2514898552494029
620,0.4088,0,3,0,409424,196186,42039,65917,1.817277409314906,0.25149273377260084
621,0.4095,1,3,1,409427,196183,42040,65916,1.8172496202156434,0.25149275655382125
622,0.41,16,90,16,409517,196093,42056,65900,1.8164159472377635,0.2515334379162802
623,0.4107,0,2,0,409519,196091,42056,65900,1.8163974211715885,0.2515353580848197
624,0.4108,0,1,0,409520,196090,42056,65900,1.8163881581385009,0.2515363181800832
625,0.4117,0,7,0,409527,196083,42056,65900,1.816323316906888,0.25154303905215225
626,0.4119,1,8,1,409535,196075,42057,65899,1.8162492126421876,0.2515478635284418
627,0.4124,0,1,0,409536,196074,42057,65899,1.8162399496091,0.25154882373374354
628,0.4128,0,1,0,409537,196073,42057,65899,1.8162306865760125,0.25154978394637595
629,0.4129,0,3,0,409540,196070,42057,65899,1.8162028974767497,0.25155266462825754
630,0.4132,0,1,0,409541,196069,42057,65899,1.8161936344436622,0.25155362487021315
631,0.4133,6,35,6,409576,196034,42063,65893,1.8158694282855978,0.2515700939574767
632,0.4139,0,1,0,409577,196033,42063,65893,1.8158601652525104,0.25157105441995065
633,0.4142,0,2,0,409579,196031,42063,65893,1.8158416391863352,0.2515729753669003
634,0.4143,3,2,3,409581,196029,42066,65890,1.81582311312016,0.251566323939844
635,0.415,2,12,2,409593,196017,42068,65888,1.8157119567231095,0.25157213493442276
636,0.4153,0,1,0,409594,196016,42068,65888,1.8157026936900218,0.25157309548536866
637,0.4155,0,1,0,409595,196015,42068,65888,1.8156934306569343,0.25157405604364974
638,0.4157,1,0,1,409595,196015,42069,65887,1.8156934306569343,0.251571198387183
639,0.4167,124,808,124,410403,195207,42193,65763,1.8082088999221906,0.25199448212438214
640,0.4179,1,0,1,410403,195207,42194,65762,1.8082088999221906,0.2519916158624204
641,0.4183,0,3,0,410406,195204,42194,65762,1.8081811108229278,0.25199451269514034
642,0.419,0,1,0,410407,195203,42194,65762,1.8081718477898403,0.2519954783208476
643,0.4196,0,1,0,410408,195202,42194,65762,1.8081625847567528,0.2519964439539553
644,0.42,4,42,4,410450,195160,42198,65758,1.8077735373670756,0.2520255405912969
645,0.4202,0,1,0,410451,195159,42198,65758,1.807764274333988,0.2520265065135656
646,0.4205,0,1,0,410452,195158,42198,65758,1.8077550113009004,0.2520274724432384
647,0.4213,2,5,2,410457,195153,42200,65756,1.8077086961354627,0.2520265686503724
648,0.4214,0,4,0,410461,195149,42200,65756,1.8076716440031124,0.2520304325329143
649,0.4217,5,20,5,410481,195129,42205,65751,1.8074863833413612,0.2520354185832567
650,0.4222,0,1,0,410482,195128,42205,65751,1.8074771203082738,0.25203638468408723
651,0.4225,0,1,0,410483,195127,42205,65751,1.807467857275186,0.25203735079232437
652,0.4229,0,1,0,410484,195126,42205,65751,1.8074585942420986,0.25203831690796813
653,0.4233,2,17,2,410501,195109,42207,65749,1.8073011226796103,0.25204900750599946
654,0.4234,0,1,0,410502,195108,42207,65749,1.8072918596465226,0.25204997374040183
655,0.4238,0,1,0,410503,195107,42207,65749,1.8072825966134352,0.2520509399822124
656,0.4248,0,7,0,410510,195100,42207,65749,1.8072177553818223,0.25205770388232274
657,0.425,67,440,67,410950,194660,42274,65682,1.8031420208232984,0.2522912169377204
658,0.4257,0,2,0,410952,194658,42274,65682,1.8031234947571233,0.2522931551048629
659,0.4261,0,4,0,410956,194654,42274,65682,1.803086442624773,0.25229703152848626
660,0.4267,10,39,10,410995,194615,42284,65672,1.8027251843343584,0.25230610825742356
661,0.4275,2,4,2,410999,194611,42286,65670,1.8026881322020083,0.2523042404170877
662,0.4278,0,3,0,411002,194608,42286,65670,1.8026603431027455,0.25230714851043884
663,0.4281,0,1,0,411003,194607,42286,65670,1.802651080069658,0.25230811788978663
664,0.4283,0,2,0,411005,194605,42286,65670,1.8026325540034829,0.25231005667082895
665,0.4286,0,4,0,411009,194601,42286,65670,1.8025955018711326,0.25231393432230254
666,0.429,0,2,0,411011,194599,42286,65670,1.8025769758049577,0.2523158731927352
667,0.4292,0,3,0,411014,194596,42286,65670,1.8025491867056949,0.252318781554256
668,0.4296,1,0,1,411014,194596,42287,65669,1.8025491867056949,0.25231590878527654
669,0.43,17,118,17,411132,194478,42304,65652,1.8014561488013636,0.25238150155691386
670,0.4306,4,7,4,411139,194471,42308,65648,1.8013913075697507,0.25237679677378433
671,0.4317,1,12,1,411151,194459,42309,65647,1.8012801511727,0.2523855658846778
672,0.4319,0,1,0,411152,194458,42309,65647,1.8012708881396124,0.25238653620653195
673,0.4321,0,5,0,411157,194453,42309,65647,1.8012245729741747,0.2523913879277201
674,0.4333,212,1303,212,412460,193150,42521,65435,1.7891548408610916,0.25305025426842237
675,0.4342,0,1,0,412461,193149,42521,65435,1.789145577828004,0.2530512328682362
676,0.4345,0,1,0,412462,193148,42521,65435,1.7891363147949164,0.25305221147561907
677,0.4347,1,1,1,412463,193147,42522,65434,1.789127051761829,0.2530503014529296
678,0.435,2,22,2,412485,193125,42524,65432,1.7889232650339026,0.25306605506716123
679,0.4355,0,1,0,412486,193124,42524,65432,1.7889140020008152,0.25306703383406304
680,0.4357,0,13,0,412499,193111,42524,65432,1.7887935825706769,0.2530797584927846
681,0.4358,0,2,0,412501,193109,42524,65432,1.7887750565045017,0.253081716246166
682,0.4362,0,3,0,412504,193106,42524,65432,1.7887472674052391,0.2530846529330311
683,0.4367,0,12,0,412516,193094,42524,65432,1.7886361110081885,0.25309640036205255
684,0.4371,0,2,0,412518,193092,42524,65432,1.7886175849420134,0.253098358372917
685,0.4375,0,6,0,412524,193086,42524,65432,1.7885620067434882,0.253104232587286
686,0.4381,2,6,2,412530,193080,42526,65430,1.7885064285449628,0.25310432865266336
687,0.4383,0,6,0,412536,193074,42526,65430,1.7884508503464374,0.2531102033237397
688,0.4398,1,6,1,412542,193068,42527,65429,1.7883952721479122,0.2531131889344944
689,0.44,29,103,29,412645,192965,42556,65400,1.7874411797398941,0.25313026145182205
690,0.4405,0,2,0,412647,192963,42556,65400,1.787422653673719,0.2531322209449495
691,0.4408,1,0,1,412647,192963,42557,65399,1.787422653673719,0.2531293301646527
692,0.4417,33,217,33,412864,192746,42590,65366,1.7854125754937196,0.25324665261591867
693,0.4425,0,1,0,412865,192745,42590,65366,1.785403312460632,0.2532476337699672
694,0.4429,2,8,2,412873,192737,42592,65364,1.7853292081959318,0.25324969682411147
695,0.4431,0,2,0,412875,192735,42592,65364,1.7853106821297566,0.25325165924703313
696,0.4433,3,14,3,412889,192721,42595,65361,1.7851809996665309,0.2532567168574329
697,0.4444,0,1,0,412890,192720,42595,65361,1.7851717366334432,0.25325769816452975
698,0.4445,1,2,1,412892,192718,42596,65360,1.785153210567268,0.2532567673339068
699,0.4447,0,1,0,412893,192717,42596,65360,1.7851439475341806,0.25325774865640877
700,0.445,1,7,1,412900,192710,42597,65359,1.7850791063025677,0.2532617245775355
701,0.4458,0,1,0,412901,192709,42597,65359,1.7850698432694803,0.2532627059534696
702,0.4464,0,1,0,412902,192708,42597,65359,1.7850605802363926,0.2532636873370094
703,0.4467,14,76,14,412978,192632,42611,65345,1.7843565897217384,0.2532977746078139
704,0.4476,0,3,0,412981,192629,42611,65345,1.7843288006224758,0.25330072022761985
705,0.4483,1,8,1,412989,192621,42612,65344,1.7842546963577754,0.25330568100323686
706,0.4488,0,4,0,412993,192617,42612,65344,1.7842176442254252,0.2533096088168367
707,0.4499,1,0,1,412993,192617,42613,65343,1.7842176442254252,0.2533067142192588
708,0.45,1129,6323,1129,419316,186294,43742,64214,1.7256474860128201,0.25633512702189154
709,0.4505,1,5,1,419321,186289,43743,64213,1.7256011708473822,0.2563372747522974
710,0.4508,0,4,0,419325,186285,43743,64213,1.7255641187150321,0.25634136799495405
711,0.4511,0,1,0,419326,186284,43743,64213,1.7255548556819444,0.2563423913260438
712,0.4512,0,3,0,419329,186281,43743,64213,1.7255270665826818,0.2563454613683362
713,0.4514,1,0,1,419329,186281,43744,64212,1.7255270665826818,0.25634249260458375
714,0.4517,3,11,3,419340,186270,43747,64209,1.7254251732187187,0.256344843280275
715,0.4518,0,2,0,419342,186268,43747,64209,1.7254066471525435,0.25634689013362505
716,0.4522,0,3,0,419345,186265,43747,64209,1.725378858053281,0.2563499604749395
717,0.4524,0,7,0,419352,186258,43747,64209,1.725314016821668,0.25635712489070417
718,0.4525,0,2,0,419354,186256,43747,64209,1.725295490755493,0.25635917194019125
719,0.4529,0,1,0,419355,186255,43747,64209,1.7252862277224055,0.25636019547719435
720,0.4532,0,1,0,419356,186254,43747,64209,1.7252769646893178,0.2563612190223706
721,0.4533,0,13,0,419369,186241,43747,64209,1.7251565452591797,0.25637452585346376
722,0.4542,0,5,0,419374,186236,43747,64209,1.725110230093742,0.2563796442332648
723,0.4548,0,1,0,419375,186235,43747,64209,1.7251009670606543,0.25638066793374964
724,0.455,0,39,0,419414,186196,43747,64209,1.7247397087702396,0.25642059863021904
725,0.4552,2,5,2,419419,186191,43749,64207,1.724693393604802,0.25641977971070057
726,0.4556,1,4,1,419423,186187,43750,64206,1.7246563414724518,0.256420906335241
727,0.4558,0,1,0,419424,186186,43750,64206,1.7246470784393642,0.25642193041311223
728,0.4561,0,1,0,419425,186185,43750,64206,1.7246378154062767,0.2564229544991633
729,0.4567,3,25,3,419450,186160,43753,64203,1.7244062395790878,0.25643964962873905
730,0.4568,0,9,0,419459,186151,43753,64203,1.7243228722812998,0.25644886840234227
731,0.4571,4,21,4,419480,186130,43757,64199,1.7241283485864611,0.25645850061319303
732,0.4576,0,1,0,419481,186129,43757,64199,1.7241190855533737,0.2564595251030648
733,0.4579,0,1,0,419482,186128,43757,64199,1.724109822520286,0.25646054960112175
734,0.4583,16,98,16,419580,186030,43773,64183,1.7232020452777057,0.2565134505401398
735,0.4587,0,2,0,419582,186028,43773,64183,1.7231835192115306,0.25651550091722586
736,0.4589,0,1,0,419583,186027,43773,64183,1.723174256178443,0.2565165261180608
737,0.4595,0,1,0,419584,186026,43773,64183,1.7231649931453554,0.25651755132709053
738,0.46,39,253,39,419837,185773,43812,64144,1.7208214457742044,0.2566612115222254
739,0.4602,0,5,0,419842,185768,43812,64144,1.7207751306087666,0.256666346553987
740,0.4607,1,2,1,419844,185766,43813,64143,1.7207566045425915,0.2566654262151423
741,0.4608,0,1,0,419845,185765,43813,64143,1.7207473415095038,0.25666645325479776
742,0.4612,0,1,0,419846,185764,43813,64143,1.7207380784764164,0.2566674803026726
743,0.4615,0,1,0,419847,185763,43813,64143,1.7207288154433287,0.2566685073587669
744,0.4617,6,11,6,419858,185752,43819,64137,1.7206269220793657,0.25666195790931173
745,0.4622,0,3,0,419861,185749,43819,64137,1.720599132980103,0.25666503925790163
746,0.4624,0,1,0,419862,185748,43819,64137,1.7205898699470155,0.2566660663905396
747,0.4625,0,12,0,419874,185736,43819,64137,1.7204787135499648,0.2566783926234527
748,0.4631,0,1,0,419875,185735,43819,64137,1.7204694505168772,0.2566794198629698
749,0.4633,1,29,1,419904,185706,43820,64136,1.7202008225573382,0.25670623834263256
750,0.4635,0,1,0,419905,185705,43820,64136,1.7201915595242505,0.2567072658210622
751,0.4648,0,3,0,419908,185702,43820,64136,1.720163770424988,0.2567103483057021
752,0.465,4,7,4,419915,185695,43824,64132,1.720098929193375,0.25670564030308973
753,0.4655,0,3,0,419918,185692,43824,64132,1.7200711400941124,0.25670872294095043
754,0.4657,0,3,0,419921,185689,43824,64132,1.7200433509948498,0.25671180565284746
755,0.4658,0,4,0,419925,185685,43824,64132,1.7200062988624996,0.256715916050549
756,0.4667,575,3297,575,423222,182388,44399,63557,1.6894660787728333,0.2584195653499766
757,0.4677,0,1,0,423223,182387,44399,63557,1.6894568157397458,0.2584206160752041
758,0.4678,0,1,0,423224,182386,44399,63557,1.6894475527066584,0.25842166680897605
759,0.4679,0,1,0,423225,182385,44399,63557,1.6894382896735707,0.2584227175512926
760,0.4681,0,1,0,423226,182384,44399,63557,1.6894290266404832,0.25842376830215374
761,0.4683,1,7,1,423233,182377,44400,63556,1.6893641854088703,0.2584281084685666
762,0.469,1,0,1,423233,182377,44401,63555,1.6893641854088703,0.25842509311517003
763,0.4692,0,2,0,423235,182375,44401,63555,1.6893456593426952,0.2584271947302078
764,0.4693,0,2,0,423237,182373,44401,63555,1.68932713327652,0.25842929637942813
765,0.4694,1,0,1,423237,182373,44402,63554,1.68932713327652,0.258426280969556
766,0.4695,0,1,0,423238,182372,44402,63554,1.6893178702434326,0.25842733179899646
767,0.47,5,21,5,423259,182351,44407,63549,1.689123346548594,0.25843432289548596
768,0.4708,1,3,1,423262,182348,44408,63548,1.6890955574493312,0.25843446009695153
769,0.4714,3,21,3,423283,182327,44411,63545,1.6889010337544925,0.2584474848701763
770,0.4717,0,3,0,423286,182324,44411,63545,1.68887324465523,0.2584506383480634
771,0.4724,0,1,0,423287,182323,44411,63545,1.6888639816221425,0.2584516895244603
772,0.4725,0,6,0,423293,182317,44411,63545,1.688808403423617,0.25845799676241143
773,0.4733,5,18,5,423311,182299,44416,63540,1.688641668828041,0.25846183884574864
774,0.4738,0,1,0,423312,182298,44416,63540,1.6886324057949536,0.25846289019598273
775,0.4742,0,2,0,423314,182296,44416,63540,1.6886138797287784,0.25846499292211067
776,0.4748,1,2,1,423316,182294,44417,63539,1.6885953536626033,0.2584640792733278
777,0.475,221,1327,221,424643,180967,44638,63318,1.6763033087554189,0.2591972491147635
778,0.4762,0,2,0,424645,180965,44638,63318,1.6762847826892437,0.2591993712210837
779,0.4764,0,2,0,424647,180963,44638,63318,1.6762662566230686,0.2592014933621526
780,0.4767,7,33,7,424680,180930,44645,63311,1.6759605765311794,0.2592152832652994
781,0.4775,0,1,0,424681,180929,44645,63311,1.675951313498092,0.25921634457910253
782,0.4778,2,2,2,424683,180927,44647,63309,1.6759327874319168,0.259212401120228
783,0.4783,0,2,0,424685,180925,44647,63309,1.6759142613657416,0.2592145237763784
784,0.4792,1,3,1,424688,180922,44648,63308,1.675886472266479,0.2592146746918888
785,0.4798,0,2,0,424690,180920,44648,63308,1.6758679462003039,0.2592167974188054
786,0.48,88,483,88,425173,180437,44736,63220,1.671393901219015,0.25946309771523085
787,0.4802,0,1,0,425174,180436,44736,63220,1.6713846381859276,0.2594641625898808
788,0.481,0,6,0,425180,180430,44736,63220,1.6713290599874022,0.2594705520213421
789,0.4817,1,13,1,425193,180417,44737,63219,1.6712086405572641,0.25948135743486184
790,0.4818,0,2,0,425195,180415,44737,63219,1.671190114491089,0.2594834875263715
791,0.4819,0,1,0,425196,180414,44737,63219,1.6711808514580013,0.2594845525852409
792,0.4821,0,5,0,425201,180409,44737,63219,1.6711345362925636,0.2594898780107377
793,0.4822,0,1,0,425202,180408,44737,63219,1.6711252732594761,0.2594909431220678
794,0.4824,0,1,0,425203,180407,44737,63219,1.6711160102263884,0.25949200824214164
795,0.4833,109,536,109,425739,179871,44846,63110,1.6661510244914595,0.2597322424387092
796,0.4842,0,1,0,425740,179870,44846,63110,1.666141761458372,0.25973331138365296
797,0.4846,0,2,0,425742,179868,44846,63110,1.6661232353921969,0.25973544929993664
798,0.485,6,16,6,425758,179852,44852,63104,1.665975026862796,0.25973427287245426
799,0.4856,0,2,0,425760,179850,44852,63104,1.6659565007966208,0.2597364110078451
800,0.4857,13,52,13,425812,179798,44865,63091,1.665474823076068,0.25975239718554566
801,0.4863,0,1,0,425813,179797,44865,63091,1.6654655600429804,0.2597534666183591
802,0.4867,1,20,1,425833,179777,44866,63090,1.6652802993812295,0.2597718092618594
803,0.4869,0,1,0,425834,179776,44866,63090,1.6652710363481418,0.25977287887147643
804,0.4871,1,6,1,425840,179770,44867,63089,1.6652154581496166,0.25977624876986233
805,0.4874,1,5,1,425845,179765,44868,63088,1.6651691429841788,0.25977854916348575
806,0.4875,3,21,3,425866,179744,44871,63085,1.6649746192893402,0.25979186999905285
807,0.4883,1,8,1,425874,179736,44872,63084,1.6649005150246396,0.2597973807758834
808,0.4884,1,1,1,425875,179735,44873,63083,1.6648912519915522,0.25979540231778536
809,0.4886,0,2,0,425877,179733,44873,63083,1.664872725925377,0.2597975421718503
810,0.4889,1,12,1,425889,179721,44874,63082,1.6647615695283264,0.2598073335172959
811,0.489,0,2,0,425891,179719,44874,63082,1.6647430434621513,0.25980947360183854
812,0.4896,0,1,0,425892,179718,44874,63082,1.6647337804290636,0.25981054365733114
813,0.49,7,44,7,425936,179674,44881,63075,1.6643262069732112,0.25983629180758727
814,0.4901,0,2,0,425938,179672,44881,63075,1.6643076809070363,0.25983843260678813
815,0.4905,0,5,0,425943,179667,44881,63075,1.6642613657415983,0.25984378475912695
816,0.4909,0,1,0,425944,179666,44881,63075,1.6642521027085109,0.2598448552160533
817,0.4911,3,2,3,425946,179664,44884,63072,1.6642335766423357,0.25983784852679453
818,0.4912,0,1,0,425947,179663,44884,63072,1.6642243136092483,0.2598389189857252
819,0.4917,23,153,23,426100,179510,44907,63049,1.6628070695468524,0.2599326349465491
820,0.4919,1,2,1,426102,179508,44908,63048,1.6627885434806773,0.25993172710631773
821,0.492,0,2,0,426104,179506,44908,63048,1.6627700174145021,0.2599338703958706
822,0.4925,0,3,0,426107,179503,44908,63048,1.6627422283152395,0.2599370853964733
823,0.4929,2,3,2,426110,179500,44910,63046,1.662714439215977,0.2599341980490299
824,0.4933,2,28,2,426138,179472,44912,63044,1.6624550742895254,0.25995810585693313
825,0.494,0,1,0,426139,179471,44912,63044,1.6624458112564378,0.2599591777828176
826,0.4941,1,1,1,426140,179470,44913,63043,1.6624365482233503,0.2599571981708197
827,0.4944,0,1,0,426141,179469,44913,63043,1.6624272851902626,0.2599582701062215
828,0.4947,0,1,0,426142,179468,44913,63043,1.6624180221571752,0.25995934205046367
829,0.495,0,4,0,426146,179464,44913,63043,1.6623809700248249,0.2599636299158375
830,0.4952,2,2,2,426148,179462,44915,63041,1.6623624439586497,0.2599596706020132
831,0.4954,0,1,0,426149,179461,44915,63041,1.6623531809255623,0.2599607425918137
832,0.4958,1,2,1,426151,179459,44916,63040,1.6623346548593871,0.25995983488591706
833,0.4959,0,1,0,426152,179458,44916,63040,1.6623253918262997,0.25996090689407747
834,0.4964,0,1,0,426153,179457,44916,63040,1.662316128793212,0.2599619789110793
835,0.4967,4,33,4,426186,179424,44920,63036,1.6620104487013228,0.25998515219005197
836,0.4971,0,3,0,426189,179421,44920,63036,1.6619826596020602,0.2599883690716292
837,0.4975,0,4,0,426193,179417,44920,63036,1.6619456074697099,0.25999265837090074
838,0.4981,0,1,0,426194,179416,44920,63036,1.6619363444366224,0.2599937307178328
839,0.4983,1,6,1,426200,179410,44921,63035,1.661880766238097,0.25999711274722104
840,0.5,10558,49607,10558,475807,129803,55479,52477,1.2023694838637964,0.2878922536756638
841,0.5008,0,1,0,475808,129802,55479,52477,1.2023602208307087,0.2878938330800586
842,0.5011,1,0,1,475808,129802,55480,52476,1.2023602208307087,0.2878899263761946
843,0.5013,1,0,1,475808,129802,55481,52475,1.2023602208307087,0.28788601962946503
844,0.5017,1,8,1,475816,129794,55482,52474,1.2022861165660084,0.28789474839247703
845,0.5022,0,1,0,475817,129793,55482,52474,1.202276853532921,0.28789632791454295
846,0.5024,1,3,1,475820,129790,55483,52473,1.202249064433658,0.28789715959904094
847,0.5033,0,14,0,475834,129776,55483,52473,1.2021193819704323,0.2879192752772306
848,0.5038,0,2,0,475836,129774,55483,52473,1.2021008559042572,0.2879224349372006
849,0.5042,0,3,0,475839,129771,55483,52473,1.2020730668049946,0.2879271745571871
850,0.5046,0,1,0,475840,129770,55483,52473,1.2020638037719071,0.28792875446519206
851,0.5047,1,5,1,475845,129765,55484,52472,1.2020174886064694,0.2879327469174756
852,0.5048,1,1,1,475846,129764,55485,52471,1.2020082255733817,0.2879304195132658
853,0.505,3,24,3,475870,129740,55488,52468,1.2017859127792805,0.2879566210045662
854,0.5056,0,2,0,475872,129738,55488,52468,1.2017673867131053,0.2879597817854516
855,0.506,0,2,0,475874,129736,55488,52468,1.2017488606469302,0.28796294263572697
856,0.5061,0,4,0,475878,129732,55488,52468,1.20171180851458,0.28796926454445665
857,0.5065,1,1,1,475879,129731,55489,52467,1.2017025454814925,0.287966937068464
858,0.5067,2,21,2,475900,129710,55491,52465,1.2015080217866538,0.28799231508165224
859,0.5071,1,7,1,475907,129703,55492,52464,1.201443180555041,0.28799947301102835
860,0.5075,0,2,0,475909,129701,55492,52464,1.2014246544888658,0.2880026349737875
861,0.5083,23,120,23,476029,129581,55515,52441,1.2003130905183594,0.2881025370559603
862,0.509,0,2,0,476031,129579,55515,52441,1.2002945644521843,0.28810570267003627
863,0.5095,1,2,1,476033,129577,55516,52440,1.2002760383860092,0.2881049572292698
864,0.5098,1,2,1,476035,129575,55517,52439,1.200257512319834,0.28810421176393025
865,0.51,9,78,9,476113,129497,55526,52430,1.1995349957390047,0.28819251677870794
866,0.5103,1,1,1,476114,129496,55527,52429,1.1995257327059172,0.2881901882643947
867,0.5107,1,6,1,476120,129490,55528,52428,1.1994701545073918,0.28819578051649647
868,0.5111,1,0,1,476120,129490,55529,52427,1.1994701545073918,0.28819186771989425
869,0.5112,1,0,1,476120,129490,55530,52426,1.1994701545073918,0.28818795488027443
870,0.5114,0,3,0,476123,129487,55530,52426,1.1994423654081292,0.28819270750303716
871,0.5117,0,7,0,476130,129480,55530,52426,1.1993775241765163,0.28820379756577574
872,0.5124,0,1,0,476131,129479,55530,52426,1.1993682611434289,0.28820538193012835
873,0.5125,0,2,0,476133,129477,55530,52426,1.1993497350772537,0.28820855071109325
874,0.5133,9,34,9,476167,129443,55539,52417,1.1990347919522768,0.28822720774221927
875,0.5139,0,3,0,476170,129440,55539,52417,1.1990070028530142,0.28823196247601135
876,0.5142,0,2,0,476172,129438,55539,52417,1.198988476786839,0.2882351323856919
877,0.5145,2,6,2,476178,129432,55541,52415,1.1989328985883139,0.2882368144649073
878,0.5148,1,2,1,476180,129430,55542,52414,1.1989143725221387,0.2882360704779921
879,0.515,7,12,7,476192,129418,55549,52407,1.198803216125088,0.2882276914615702
880,0.5156,0,5,0,476197,129413,55549,52407,1.1987569009596502,0.28823561764382355
881,0.5167,158,767,158,476964,128646,55707,52249,1.1916521545814962,0.2888360651206501
882,0.5171,0,3,0,476967,128643,55707,52249,1.1916243654822336,0.2888408553169847
883,0.5175,0,2,0,476969,128641,55707,52249,1.1916058394160585,0.2888440488694787
884,0.5176,1,6,1,476975,128635,55708,52248,1.191550261217533,0.28884969842384306
885,0.5179,0,1,0,476976,128634,55708,52248,1.1915409981844456,0.28885129531960063
886,0.5181,0,1,0,476977,128633,55708,52248,1.191531735151358,0.2888528922330151
887,0.5183,1,11,1,476988,128622,55709,52247,1.191429841787395,0.2888665277078991
888,0.5186,0,4,0,476992,128618,55709,52247,1.1913927896550447,0.28887291626351147
889,0.5188,1,0,1,476992,128618,55710,52246,1.1913927896550447,0.2888689844302902
890,0.519,2,1,2,476993,128617,55712,52244,1.191383526621957,0.2888627177777409
891,0.5194,0,2,0,476995,128615,55712,52244,1.191365000555782,0.28886591211938584
892,0.5197,0,1,0,476996,128614,55712,52244,1.1913557375226944,0.2888675093167015
893,0.52,8,34,8,477030,128580,55720,52236,1.1910407943977175,0.28889036368462967
894,0.5205,1,1,1,477031,128579,55721,52235,1.19103153136463,0.2888880285818576
895,0.5208,0,5,0,477036,128574,55721,52235,1.1909852161991923,0.28889601734426934
896,0.5212,1,0,1,477036,128574,55722,52234,1.1909852161991923,0.2888920844210433
897,0.5214,1,14,1,477050,128560,55723,52233,1.1908555337359665,0.2889105219781739
898,0.5217,4,9,4,477059,128551,55727,52229,1.1907721664381785,0.28890917136851424
899,0.5222,0,3,0,477062,128548,55727,52229,1.190744377338916,0.28891396582529855
900,0.5233,4,15,4,477077,128533,55731,52225,1.1906054318426025,0.28892220537956825
901,0.5245,0,5,0,477082,128528,55731,52225,1.1905591166771647,0.28893019756241944
902,0.525,90,463,90,477545,128065,55821,52135,1.1862703323576271,0.2893174250832408
903,0.5256,1,4,1,477549,128061,55822,52134,1.1862332802252769,0.2893199034379422
904,0.5267,5,45,5,477594,128016,55827,52129,1.185816443736337,0.2893724499708568
905,0.5274,1,3,1,477597,128013,55828,52128,1.1857886546370744,0.2893733242293537
906,0.5275,0,2,0,477599,128011,55828,52128,1.1857701285708993,0.2893765370075331
907,0.5278,1,1,1,477600,128010,55829,52127,1.1857608655378118,0.2893741985266769
908,0.5279,0,1,0,477601,128009,55829,52127,1.1857516025047241,0.2893758049473731
909,0.5281,0,1,0,477602,128008,55829,52127,1.1857423394716367,0.289377411385905
910,0.5283,0,3,0,477605,128005,55829,52127,1.1857145503723738,0.2893822308085182
911,0.5286,1,5,1,477610,128000,55830,52126,1.185668235206936,0.2893863184659627
912,0.5288,0,3,0,477613,127997,55830,52126,1.1856404461076735,0.28939113827773244
913,0.5289,1,0,1,477613,127997,55831,52125,1.1856404461076735,0.28938719312465994
914,0.5292,0,1,0,477614,127996,55831,52125,1.185631183074586,0.2893887997512783
915,0.5294,0,7,0,477621,127989,55831,52125,1.1855663418429732,0.2894000466371298
916,0.5298,1,1,1,477622,127988,55832,52124,1.1855570788098855,0.2893977080927423
917,0.53,17,100,17,477722,127888,55849,52107,1.18463077550113,0.28949137476041004
918,0.5307,0,1,0,477723,127887,55849,52107,1.1846215124680426,0.28949298309943666
919,0.5314,0,1,0,477724,127886,55849,52107,1.184612249434955,0.28949459145633444
920,0.5317,2,10,2,477734,127876,55851,52105,1.1845196191040794,0.28950278084908965
921,0.5318,1,2,1,477736,127874,55852,52104,1.1845010930379043,0.2895020502505862
922,0.5321,0,2,0,477738,127872,55852,52104,1.1844825669717292,0.2895052673689825
923,0.5333,218,985,218,478723,126887,56070,51886,1.1753584793804883,0.2902339838789974
924,0.5336,1,4,1,478727,126883,56071,51885,1.175321427248138,0.29023650765237624
925,0.5344,0,2,0,478729,126881,56071,51885,1.1753029011819631,0.29023975476321
926,0.5345,1,1,1,478730,126880,56072,51884,1.1752936381488754,0.2902374079792352
927,0.535,6,19,6,478749,126861,56078,51878,1.175117640520212,0.2902444346225502
928,0.5357,1,9,1,478758,126852,56079,51877,1.175034273222424,0.29025507891836244
929,0.536,0,5,0,478763,126847,56079,51877,1.1749879580569862,0.29026319912266957
930,0.5367,1,3,1,478766,126844,56080,51876,1.1749601689577236,0.2902641002685765
931,0.5368,0,2,0,478768,126842,56080,51876,1.1749416428915485,0.29026734856030173
932,0.5369,0,2,0,478770,126840,56080,51876,1.1749231168253733,0.29027059692472973
933,0.5371,2,3,2,478773,126837,56082,51874,1.1748953277261107,0.2902675269009742
934,0.5375,2,4,2,478777,126833,56084,51872,1.1748582755937604,0.29026608097143336
935,0.5379,0,1,0,478778,126832,56084,51872,1.1748490125606728,0.29026770525561824
936,0.5381,0,3,0,478781,126829,56084,51872,1.1748212234614102,0.29027257821724556
937,0.5383,1,9,1,478790,126820,56085,51871,1.1747378561636221,0.29028322635163495
938,0.5387,0,2,0,478792,126818,56085,51871,1.174719330097447,0.2902864753846068
939,0.5389,0,2,0,478794,126816,56085,51871,1.174700804031272,0.2902897244903099
940,0.539,0,2,0,478796,126814,56085,51871,1.174682277965097,0.2902929736687467
941,0.5398,1,1,1,478797,126813,56086,51870,1.1746730149320093,0.2902906264166149
942,0.54,14,78,14,478875,126735,56100,51856,1.1739504983511801,0.2903617763493121
943,0.5405,0,6,0,478881,126729,56100,51856,1.1738949201526547,0.290371531763586
944,0.5413,0,2,0,478883,126727,56100,51856,1.1738763940864796,0.2903747837140153
945,0.5417,46,222,46,479105,126505,56146,51810,1.1718200007410426,0.2905532344446625
946,0.5422,0,1,0,479106,126504,56146,51810,1.1718107377079552,0.2905548638917864
947,0.5429,1,8,1,479114,126496,56147,51809,1.1717366334432546,0.29056392137068504
948,0.5431,1,5,1,479119,126491,56148,51808,1.171690318277817,0.2905680906791401
949,0.5433,2,16,2,479135,126475,56150,51806,1.171542109748416,0.290586209410986
950,0.5436,0,1,0,479136,126474,56150,51806,1.1715328467153285,0.29058783935382543
951,0.5441,0,1,0,479137,126473,56150,51806,1.1715235836822409,0.29058946931495017
952,0.5444,0,1,0,479138,126472,56150,51806,1.1715143206491534,0.2905910992943605
953,0.5445,2,4,2,479142,126468,56152,51804,1.1714772685168031,0.2905896607431341
954,0.5446,2,0,2,479142,126468,56154,51802,1.1714772685168031,0.29058170191282884
955,0.5448,0,3,0,479145,126465,56154,51802,1.1714494794175405,0.29058659202207926
956,0.545,1,11,1,479156,126454,56155,51801,1.1713475860535774,0.29060054416425907
957,0.5456,1,0,1,479156,126454,56156,51800,1.1713475860535774,0.2905965644529716
958,0.5457,0,1,0,479157,126453,56156,51800,1.17133832302049,0.29059819470079046
959,0.5461,0,1,0,479158,126452,56156,51800,1.1713290599874022,0.2905998249669008
960,0.5464,1,1,1,479159,126451,56157,51799,1.1713197969543148,0.2905974754558205
961,0.5467,9,63,9,479222,126388,56166,51790,1.1707362258697989,0.2906643917879873
962,0.5475,3,3,3,479225,126385,56169,51787,1.170708436770536,0.2906573423433536
963,0.5476,0,1,0,479226,126384,56169,51787,1.1706991737374486,0.2906589736825858
964,0.5483,1,9,1,479235,126375,56170,51786,1.1706158064396606,0.290669675181437
965,0.5488,1,2,1,479237,126373,56171,51785,1.1705972803734854,0.2906689567687109
966,0.5495,0,3,0,479240,126370,56171,51785,1.1705694912742228,0.290673851421515
967,0.5498,0,8,0,479248,126362,56171,51785,1.1704953870095225,0.2906869046349363
968,0.55,1113,4978,1113,484226,121384,57284,50672,1.1243840082996777,0.2945087645882736
969,0.5514,0,3,0,484229,121381,57284,50672,1.124356219200415,0.2945138997866936
970,0.5517,5,15,5,484244,121366,57289,50667,1.1242172737041016,0.29451907482866657
971,0.552,0,3,0,484247,121363,57289,50667,1.124189484604839,0.2945242108934488
972,0.5524,0,4,0,484251,121359,57289,50667,1.1241524324724887,0.29453105925848416
973,0.5525,0,2,0,484253,121357,57289,50667,1.1241339064063136,0.29453448356043344
974,0.553,0,6,0,484259,121351,57289,50667,1.1240783282077884,0.29454475694404075
975,0.5533,0,6,0,484265,121345,57289,50667,1.124022750009263,0.2945550310443457
976,0.5542,1,4,1,484269,121341,57290,50666,1.1239856978769127,0.2945577796252478
977,0.5548,0,13,0,484282,121328,57290,50666,1.1238652784467746,0.2945800434898892
978,0.555,9,26,9,484308,121302,57299,50657,1.1236244395864983,0.2945876633383539
979,0.5556,1,1,1,484309,121301,57300,50656,1.1236151765534106,0.2945852742255331
980,0.5563,0,1,0,484310,121300,57300,50656,1.1236059135203231,0.2945869873688618
981,0.5564,0,2,0,484312,121298,57300,50656,1.123587387454148,0.29459041371529593
982,0.5567,1,15,1,484327,121283,57301,50655,1.1234484419578348,0.29461201130640113
983,0.5571,4,19,4,484346,121264,57305,50651,1.123272444329171,0.29462815926475294
984,0.5578,3,0,3,484346,121264,57308,50648,1.123272444329171,0.294615849969752
985,0.5583,21,109,21,484455,121155,57329,50627,1.1222627737226278,0.2947165593601192
986,0.5589,1,2,1,484457,121153,57330,50626,1.1222442476564527,0.2947158849451912
987,0.5595,0,3,0,484460,121150,57330,50626,1.1222164585571899,0.2947210320417288
988,0.56,44,170,44,484630,120980,57374,50582,1.1206417429323057,0.29483218894627017
989,0.5604,1,1,1,484631,120979,57375,50581,1.1206324798992182,0.2948297971555141
990,0.5605,0,3,0,484634,120976,57375,50581,1.1206046907999556,0.29483495281451644
991,0.5606,0,8,0,484642,120968,57375,50581,1.120530586535255,0.29484870212009395
992,0.5607,0,5,0,484647,120963,57375,50581,1.1204842713698173,0.2948572960873012
993,0.5611,1,0,1,484647,120963,57376,50580,1.1204842713698173,0.2948531854986796
994,0.5614,0,4,0,484651,120959,57376,50580,1.120447219237467,0.29486006097738704
995,0.5617,2,5,2,484656,120954,57378,50578,1.1204009040720293,0.2948604342046965
996,0.5624,0,2,0,484658,120952,57378,50578,1.1203823780058542,0.29486387220894306
997,0.5625,3,12,3,484670,120940,57381,50575,1.1202712216088035,0.29487216861498994
998,0.5627,0,1,0,484671,120939,57381,50575,1.120261958575716,0.29487388784589014
999,0.5629,0,3,0,484674,120936,57381,50575,1.1202341694764533,0.294879045658879
1000,0.5633,3,11,3,484685,120925,57384,50572,1.1201322761124903,0.29488562482142544
1001,0.5635,0,1,0,484686,120924,57384,50572,1.1201230130794027,0.2948873443112376
1002,0.5638,0,3,0,484689,120921,57384,50572,1.12009522398014,0.29489250290099306
1003,0.5639,0,1,0,484690,120920,57384,50572,1.1200859609470526,0.29489422247101904
1004,0.5642,1,0,1,484690,120920,57385,50571,1.1200859609470526,0.2948901108512983
1005,0.5643,0,1,0,484691,120919,57385,50571,1.120076697913965,0.29489183042743017
1006,0.5645,1,1,1,484692,120918,57386,50570,1.1200674348808775,0.29488943832804626
1007,0.565,2,12,2,484704,120906,57388,50568,1.1199562784838268,0.29490185100948246
1008,0.5657,0,1,0,484705,120905,57388,50568,1.1199470154507392,0.2949035708245613
1009,0.5664,0,1,0,484706,120904,57388,50568,1.1199377524176517,0.29490529065969956
1010,0.5667,634,2633,634,487339,118271,58022,49934,1.0955481862981216,0.2968639457804465
1011,0.5675,2,2,2,487341,118269,58024,49932,1.0955296602319464,0.29685911498742573
1012,0.5676,1,1,1,487342,118268,58025,49931,1.0955203971988587,0.2968566995047533
1013,0.5679,2,3,2,487345,118265,58027,49929,1.0954926080995961,0.2968536333043985
1014,0.5683,2,16,2,487361,118249,58029,49927,1.0953443995701952,0.29687351346208735
1015,0.569,0,3,0,487364,118246,58029,49927,1.0953166104709327,0.29687880932135363
1016,0.5691,1,2,1,487366,118244,58030,49926,1.0952980844047575,0.29687815900576797
1017,0.5693,0,1,0,487367,118243,58030,49926,1.0952888213716698,0.2968799243618027
1018,0.5694,0,7,0,487374,118236,58030,49926,1.095223980140057,0.296892282441931
1019,0.5695,1,1,1,487375,118235,58031,49925,1.0952147171069695,0.29688986679352997
1020,0.5699,0,1,0,487376,118234,58031,49925,1.095205454073882,0.2968916323241694
1021,0.57,5,16,5,487392,118218,58036,49920,1.0950572455444811,0.2968989758412732
1022,0.5707,0,2,0,487394,118216,58036,49920,1.095038719478306,0.2969025074939335
1023,0.5708,0,1,0,487395,118215,58036,49920,1.0950294564452183,0.2969042733517709
1024,0.5714,6,26,6,487421,118189,58042,49914,1.094788617584942,0.296925099492573
1025,0.5717,3,12,3,487433,118177,58045,49911,1.0946774611878913,0.296933748988625
1026,0.5719,0,1,0,487434,118176,58045,49911,1.0946681981548039,0.29693551553659714
1027,0.5722,0,2,0,487436,118174,58045,49911,1.0946496720886287,0.29693904869560045
1028,0.5724,0,2,0,487438,118172,58045,49911,1.0946311460224536,0.29694258193868506
1029,0.5727,1,1,1,487439,118171,58046,49910,1.0946218829893661,0.29694016575341653
1030,0.5729,0,1,0,487440,118170,58046,49910,1.0946126199562785,0.2969419324131366
1031,0.5733,8,23,8,487463,118147,58054,49902,1.0943995701952647,0.2969491041303429
1032,0.5734,0,3,0,487466,118144,58054,49902,1.094371781096002,0.2969544053413946
1033,0.5738,0,3,0,487469,118141,58054,49902,1.0943439919967395,0.29695970674172684
1034,0.575,255,1097,255,488566,117044,58309,49647,1.0841824446996924,0.2978385155767258
1035,0.5762,1,4,1,488570,117040,58310,49646,1.0841453925673423,0.2978414503917546
1036,0.5766,0,3,0,488573,117037,58310,49646,1.0841176034680795,0.29784681101252075
1037,0.5767,5,19,5,488592,117018,58315,49641,1.083941605839416,0.2978597015462711
1038,0.5769,0,1,0,488593,117017,58315,49641,1.0839323428063286,0.2978614887974175
1039,0.5778,0,2,0,488595,117015,58315,49641,1.0839138167401534,0.2978650633640553
1040,0.5781,0,1,0,488596,117014,58315,49641,1.0839045537070657,0.29786685067954755
1041,0.5782,0,1,0,488597,117013,58315,49641,1.0838952906739783,0.2978686380164893
1042,0.5783,0,7,0,488604,117006,58315,49641,1.0838304494423654,0.29788114997569715
1043,0.5786,0,2,0,488606,117004,58315,49641,1.0838119233761903,0.29788472501425184
1044,0.5794,0,1,0,488607,117003,58315,49641,1.0838026603431028,0.2978865125657089
1045,0.5798,0,1,0,488608,117002,58315,49641,1.0837933973100151,0.29788830013861967
1046,0.58,86,399,86,489007,116603,58401,49555,1.080097447108081,0.2982402291794557
1047,0.5807,0,1,0,489008,116602,58401,49555,1.0800881840749934,0.29824202410972755
1048,0.5809,1,3,1,489011,116599,58402,49554,1.0800603949757308,0.2982431854977039
1049,0.5814,0,2,0,489013,116597,58402,49554,1.0800418689095557,0.2982467755234696
1050,0.5817,2,14,2,489027,116583,58404,49552,1.07991218644633,0.29826346043879975
1051,0.5818,1,0,1,489027,116583,58405,49551,1.07991218644633,0.29825923651991765
1052,0.5833,87,504,87,489531,116079,58492,49464,1.0752436177702027,0.2987984994835179
1053,0.5837,0,1,0,489532,116078,58492,49464,1.075234354737115,0.2988003044544587
1054,0.5838,1,1,1,489533,116077,58493,49463,1.0752250917040276,0.2987978736257098
1055,0.5839,0,1,0,489534,116076,58493,49463,1.0752158286709401,0.29879967862558066
1056,0.5841,2,4,2,489538,116072,58495,49461,1.0751787765385898,0.29879842689977226
1057,0.5842,1,4,1,489542,116068,58496,49460,1.0751417244062396,0.29880141124160264
1058,0.5846,0,1,0,489543,116067,58496,49460,1.075132461373152,0.2988032163937001
1059,0.585,3,9,3,489552,116058,58499,49457,1.075049094075364,0.2988067546748029
1060,0.5856,1,0,1,489552,116058,58500,49456,1.075049094075364,0.29880251821598175
1061,0.5857,7,37,7,489589,116021,58507,49449,1.0747063618511246,0.29883966882214297
1062,0.5861,0,4,0,489593,116017,58507,49449,1.0746693097187743,0.2988468930172966
1063,0.5864,0,7,0,489600,116010,58507,49449,1.0746044684871614,0.2988595361993001
1064,0.5865,0,1,0,489601,116009,58507,49449,1.074595205454074,0.2988613424554872
1065,0.5867,1,12,1,489613,115997,58508,49448,1.0744840490570233,0.2988787814681616
1066,0.5869,0,1,0,489614,115996,58508,49448,1.0744747860239356,0.29888058799352046
1067,0.5875,3,21,3,489635,115975,58511,49445,1.074280262329097,0.29890581549993955
1068,0.5881,0,2,0,489637,115973,58511,49445,1.0742617362629219,0.298909429445405
1069,0.5883,2,18,2,489655,115955,58513,49443,1.074095001667346,0.2989334816624143
1070,0.5889,3,7,3,489662,115948,58516,49440,1.0740301604357332,0.29893341717657873
1071,0.5895,0,1,0,489663,115947,58516,49440,1.0740208974026455,0.2989352246549003
1072,0.59,5,51,5,489714,115896,58521,49435,1.0735484827151802,0.2990062359751045
1073,0.5905,0,2,0,489716,115894,58521,49435,1.073529956649005,0.2990098530808267
1074,0.5912,1,5,1,489721,115889,58522,49434,1.0734836414835673,0.29901465615794537
1075,0.5913,0,1,0,489722,115888,58522,49434,1.0734743784504799,0.2990164648383155
1076,0.5914,0,1,0,489723,115887,58522,49434,1.0734651154173922,0.29901827354056654
1077,0.5917,26,140,26,489863,115747,58548,49408,1.0721682907851346,0.2991613938421483
1078,0.5921,1,0,1,489863,115747,58549,49407,1.0721682907851346,0.2991571502960873
1079,0.5923,0,1,0,489864,115746,58549,49407,1.0721590277520472,0.2991589616900692
1080,0.5924,0,3,0,489867,115743,58549,49407,1.0721312386527844,0.29916439600363304
1081,0.5929,1,8,1,489875,115735,58550,49406,1.072057134388084,0.2991746446975615
1082,0.5933,4,38,4,489913,115697,58554,49402,1.071705139130757,0.29922652469124583
1083,0.5935,0,1,0,489914,115696,58554,49402,1.0716958760976694,0.29922833710886865
1084,0.5938,1,2,1,489916,115694,58555,49401,1.0716773500314942,0.29922771737484477
1085,0.594,0,1,0,489917,115693,58555,49401,1.0716680869984068,0.29922952984360424
1086,0.5942,1,0,1,489917,115693,58556,49400,1.0716680869984068,0.2992252851423137
1087,0.5944,1,1,1,489918,115692,58557,49399,1.0716588239653193,0.29922285285085193
1088,0.5945,0,1,0,489919,115691,58557,49399,1.0716495609322316,0.2992246653340602
1089,0.5948,1,2,1,489921,115689,58558,49398,1.0716310348660565,0.2992240455032801
1090,0.595,0,8,0,489929,115681,58558,49398,1.0715569306013562,0.2992385463929391
1091,0.5952,1,1,1,489930,115680,58559,49397,1.0715476675682685,0.29923611405586487
1092,0.5956,1,2,1,489932,115678,58560,49396,1.0715291415020936,0.2992354943843367
1093,0.5964,0,2,0,489934,115676,58560,49396,1.0715106154359184,0.2992391198991955
1094,0.5967,5,34,5,489968,115642,58565,49391,1.0711956723109415,0.2992795380317876
1095,0.5979,0,2,0,489970,115640,58565,49391,1.0711771462447663,0.2992831649811248
1096,0.5981,0,1,0,489971,115639,58565,49391,1.0711678832116789,0.2992849784887596
1097,0.5983,6,5,6,489976,115634,58571,49385,1.0711215680462411,0.29926856907386423
1098,0.5988,0,3,0,489979,115631,58571,49385,1.0710937789469783,0.2992740097929898
1099,0.599,0,5,0,489984,115626,58571,49385,1.0710474637815406,0.2992830780978238
1100,0.5995,1,3,1,489987,115623,58572,49384,1.071019674682278,0.2992842727884272
1101,0.6,10591,35803,10591,525790,79820,69163,38793,0.7393753010485753,0.3270552131722492
1102,0.6013,2,2,2,525792,79818,69165,38791,0.7393567749824003,0.3270493807383925
1103,0.6017,1,4,1,525796,79814,69166,38790,0.73931972285005,0.32705473677110386
1104,0.6019,2,4,2,525800,79810,69168,38788,0.7392826707176998,0.3270544191301708
1105,0.6021,0,2,0,525802,79808,69168,38788,0.7392641446515247,0.3270599345677763
1106,0.6023,0,1,0,525803,79807,69168,38788,0.7392548816184371,0.3270626923563388
1107,0.6024,1,4,1,525807,79803,69169,38787,0.7392178294860869,0.3270680495825955
1108,0.6025,0,1,0,525808,79802,69169,38787,0.7392085664529994,0.3270708075791178
1109,0.6031,1,0,1,525808,79802,69170,38786,0.7392085664529994,0.3270651330657402
1110,0.6033,2,9,2,525817,79793,69172,38784,0.7391251991552114,0.32707860714978454
1111,0.6036,0,1,0,525818,79792,69172,38784,0.7391159361221238,0.3270813655377142
1112,0.604,1,8,1,525826,79784,69173,38783,0.7390418318574234,0.3270977590729292
1113,0.6042,0,4,0,525830,79780,69173,38783,0.7390047797250732,0.3271087944805715
1114,0.6047,1,0,1,525830,79780,69174,38782,0.7390047797250732,0.32710311904320105
1115,0.6048,2,1,2,525831,79779,69176,38780,0.7389955166919856,0.32709452677569817
1116,0.605,1,17,1,525848,79762,69177,38779,0.7388380451294972,0.3271357589357269
1117,0.6052,1,0,1,525848,79762,69178,38778,0.7388380451294972,0.3271300826725156
1118,0.6056,4,1,4,525849,79761,69182,38774,0.7388287820964097,0.3271101362466782
1119,0.6062,0,3,0,525852,79758,69182,38774,0.738800992997147,0.32711841528026186
1120,0.6064,1,4,1,525856,79754,69183,38773,0.7387639408647968,0.327123777704658
1121,0.6067,2,22,2,525878,79732,69185,38771,0.7385601541368706,0.32717315173455525
1122,0.6071,0,3,0,525881,79729,69185,38771,0.7385323650376079,0.3271814345991561
1123,0.6074,0,1,0,525882,79728,69185,38771,0.7385231020045203,0.3271841956472207
1124,0.6075,0,2,0,525884,79726,69185,38771,0.7385045759383453,0.32718971788315315
1125,0.6081,1,5,1,525889,79721,69186,38770,0.7384582607729074,0.32719784624992615
1126,0.6083,20,114,20,526003,79607,69206,38750,0.7374022750009263,0.32739930887062024
1127,0.6095,1,4,1,526007,79603,69207,38749,0.7373652228685761,0.32740469109098286
1128,0.61,21,61,21,526068,79542,69228,38728,0.7368001778502353,0.32745413037963983
1129,0.6107,0,4,0,526072,79538,69228,38728,0.736763125717885,0.3274652055535826
1130,0.6108,1,2,1,526074,79536,69229,38727,0.7367445996517099,0.32746505669566983
1131,0.6114,1,0,1,526074,79536,69230,38726,0.7367445996517099,0.3274593698736703
1132,0.6117,0,2,0,526076,79534,69230,38726,0.7367260735855349,0.32746490783020465
1133,0.6119,1,3,1,526079,79531,69231,38725,0.7366982844862722,0.32746752807468543
1134,0.6121,0,1,0,526080,79530,69231,38725,0.7366890214531846,0.3274702972390174
1135,0.6129,1,0,1,526080,79530,69232,38724,0.7366890214531846,0.32746461007661476
1136,0.6131,0,1,0,526081,79529,69232,38724,0.736679758420097,0.3274673792631054
1137,0.6133,11,36,11,526117,79493,69243,38713,0.7363462892289451,0.3275045259969883
1138,0.6139,0,1,0,526118,79492,69243,38713,0.7363370261958576,0.327507296645658
1139,0.6141,1,0,1,526118,79492,69244,38712,0.7363370261958576,0.32750160739061285
1140,0.6142,1,4,1,526122,79488,69245,38711,0.7362999740635073,0.32750700090525303
1141,0.6143,0,1,0,526123,79487,69245,38711,0.7362907110304198,0.3275097717389465
1142,0.615,4,7,4,526130,79480,69249,38707,0.7362258697988069,0.32750640933436
1143,0.6155,2,2,2,526132,79478,69251,38705,0.7362073437326319,0.3275005711481347
1144,0.6156,0,1,0,526133,79477,69251,38705,0.7361980806995443,0.3275033423025503
1145,0.6157,1,3,1,526136,79474,69252,38704,0.7361702916002816,0.3275059655773494
1146,0.6167,155,747,155,526883,78727,69407,38549,0.7292508058838786,0.3287032299873802
1147,0.6171,1,2,1,526885,78725,69408,38548,0.7292322798177036,0.32870311154315146
1148,0.6173,0,3,0,526888,78722,69408,38548,0.7292044907184408,0.3287115204229556
1149,0.6179,0,1,0,526889,78721,69408,38548,0.7291952276853533,0.32871432347849816
1150,0.6181,0,3,0,526892,78718,69408,38548,0.7291674385860907,0.32872273293196663
1151,0.6183,1,0,1,526892,78718,69409,38547,0.7291674385860907,0.3287170084850552
1152,0.619,0,3,0,526895,78715,69409,38547,0.729139649486828,0.32872541829407653
1153,0.6194,1,0,1,526895,78715,69410,38546,0.729139649486828,0.3287196936747938
1154,0.62,6,33,6,526928,78682,69416,38540,0.7288339693949387,0.3287778744604255
1155,0.6207,0,5,0,526933,78677,69416,38540,0.7287876542295009,0.3287918987860123
1156,0.6214,0,6,0,526939,78671,69416,38540,0.7287320760309756,0.3288087295560997
1157,0.6217,5,10,5,526949,78661,69421,38535,0.7286394457001001,0.3288081504488208
1158,0.622,0,2,0,526951,78659,69421,38535,0.728620919633925,0.32881376179667904
1159,0.6222,1,0,1,526951,78659,69422,38534,0.728620919633925,0.32880803460957564
1160,0.6226,0,3,0,526954,78656,69422,38534,0.7285931305346622,0.3288164519156925
1161,0.6233,2,9,2,526963,78647,69424,38532,0.7285097632368743,0.32883025115421705
1162,0.6238,2,7,2,526970,78640,69426,38530,0.7284449220052615,0.3288384398736878
1163,0.6242,0,1,0,526971,78639,69426,38530,0.7284356589721739,0.32884124640476575
1164,0.6248,1,2,1,526973,78637,69427,38529,0.7284171329059987,0.32884113138623833
1165,0.625,89,405,89,527378,78232,69516,38440,0.7246656045055393,0.3294706527701591
1166,0.6254,2,5,2,527383,78227,69518,38438,0.7246192893401016,0.3294732781896884
1167,0.6257,0,1,0,527384,78226,69518,38438,0.724610026307014,0.32947610231090996
1168,0.6262,3,4,3,527388,78222,69521,38435,0.7245729741746637,0.32947015609864816
1169,0.6266,0,1,0,527389,78221,69521,38435,0.7245637111415762,0.32947298038677825
1170,0.6267,9,44,9,527433,78177,69530,38426,0.7241561376857238,0.329545552001235
1171,0.6268,0,3,0,527436,78174,69530,38426,0.7241283485864611,0.3295540308747856
1172,0.6269,1,0,1,527436,78174,69531,38425,0.7241283485864611,0.3295482808600417
1173,0.6275,0,1,0,527437,78173,69531,38425,0.7241190855533736,0.32955110722310843
1174,0.6281,0,3,0,527440,78170,69531,38425,0.724091296454111,0.3295595866031991
1175,0.6283,1,1,1,527441,78169,69532,38424,0.7240820334210234,0.3295566629214447
1176,0.6286,2,2,2,527443,78167,69534,38422,0.7240635073548483,0.32955081525701396
1177,0.6292,0,3,0,527446,78164,69534,38422,0.7240357182555857,0.3295592952841679
1178,0.63,21,83,21,527529,78081,69555,38401,0.7232668865093186,0.3296732542367061
1179,0.6305,0,2,0,527531,78079,69555,38401,0.7232483604431436,0.3296789148351648
1180,0.6309,1,1,1,527532,78078,69556,38400,0.723239097410056,0.3296759903157678
1181,0.6312,0,1,0,527533,78077,69556,38400,0.7232298343769684,0.3296788207113851
1182,0.6317,0,12,0,527545,78065,69556,38400,0.7231186779799177,0.32971278924998926
1183,0.6321,0,1,0,527546,78064,69556,38400,0.7231094149468302,0.32971562027751067
1184,0.6333,189,819,189,528365,77245,69745,38211,0.7155229908481233,0.3309572477827051
1185,0.6334,0,5,0,528370,77240,69745,38211,0.7154766756826856,0.33097158101705487
1186,0.6342,0,2,0,528372,77238,69745,38211,0.7154581496165104,0.3309773146584206
1187,0.6343,0,3,0,528375,77235,69745,38211,0.7154303605172477,0.33098591549295775
1188,0.6345,0,1,0,528376,77234,69745,38211,0.7154210974841602,0.33098878253713887
1189,0.6347,0,1,0,528377,77233,69745,38211,0.7154118344510727,0.3309916496309899
1190,0.6348,0,1,0,528378,77232,69745,38211,0.7154025714179851,0.3309945167745121
1191,0.635,4,24,4,528402,77208,69749,38207,0.7151802586238838,0.33104015942468484
1192,0.6354,0,2,0,528404,77206,69749,38207,0.7151617325577087,0.3310458960429068
1193,0.6355,1,2,1,528406,77204,69750,38206,0.7151432064915336,0.3310458365826185
1194,0.6357,1,8,1,528414,77196,69751,38205,0.7150691022268332,0.3310629890555541
1195,0.6367,2,14,2,528428,77182,69753,38203,0.7149394197636074,0.33109156302812326
1196,0.6371,0,2,0,528430,77180,69753,38203,0.7149208936974323,0.3310973020288951
1197,0.6375,0,4,0,528434,77176,69753,38203,0.7148838415650821,0.33110878062732385
1198,0.6381,1,7,1,528441,77169,69754,38202,0.7148190003334692,0.3311230725225577
1199,0.6383,1,9,1,528450,77160,69755,38201,0.7147356330356812,0.33114310728929186
1200,0.6385,0,1,0,528451,77159,69755,38201,0.7147263700025936,0.33114597780859917
1201,0.6392,0,2,0,528453,77157,69755,38201,0.7147078439364185,0.3311517189965152
1202,0.6393,0,1,0,528454,77156,69755,38201,0.7146985809033309,0.3311545896651265
1203,0.6395,0,2,0,528456,77154,69755,38201,0.7146800548371559,0.33116033115166227
1204,0.64,20,59,20,528515,77095,69775,38181,0.7141335358849902,0.3312137825739963
1205,0.6405,1,5,1,528520,77090,69776,38180,0.7140872207195524,0.3312223475318817
1206,0.641,2,4,2,528524,77086,69778,38178,0.7140501685872022,0.33122223764575237
1207,0.6411,1,2,1,528526,77084,69779,38177,0.7140316425210271,0.33122218269839754
1208,0.6416,0,2,0,528528,77082,69779,38177,0.714013116454852,0.33122793013994567
1209,0.6417,40,187,40,528715,76895,69819,38137,0.7122809292674793,0.3315338340635649
1210,0.6423,0,1,0,528716,76894,69819,38137,0.7122716662343918,0.3315367161895489
1211,0.6424,0,3,0,528719,76891,69819,38137,0.7122438771351292,0.3315453628681712
1212,0.6429,1,3,1,528722,76888,69820,38136,0.7122160880358664,0.33154819863680624
1213,0.6433,1,25,1,528747,76863,69821,38135,0.7119845122086776,0.33161446286022367
1214,0.644,0,1,0,528748,76862,69821,38135,0.7119752491755901,0.33161734653947494
1215,0.6444,2,5,2,528753,76857,69823,38133,0.7119289340101523,0.3316201408818158
1216,0.6448,1,4,1,528757,76853,69824,38132,0.7118918818778021,0.33162586424316215
1217,0.645,1,3,1,528760,76850,69825,38131,0.7118640927785395,0.3316287038728138
1218,0.6452,0,1,0,528761,76849,69825,38131,0.7118548297454519,0.33163158810227866
1219,0.6455,1,2,1,528763,76847,69826,38130,0.7118363036792767,0.3316315437000444
1220,0.6456,1,0,1,528763,76847,69827,38129,0.7118363036792767,0.331625730587253
1221,0.6457,0,2,0,528765,76845,69827,38129,0.7118177776131016,0.3316314992954929
1222,0.6458,0,2,0,528767,76843,69827,38129,0.7117992515469265,0.3316372682044324
1223,0.646,0,3,0,528770,76840,69827,38129,0.7117714624476639,0.33164592194417625
1224,0.6464,0,3,0,528773,76837,69827,38129,0.7117436733484012,0.3316545761355531
1225,0.6467,15,46,15,528819,76791,69842,38114,0.7113175738263737,0.331700100082677
1226,0.6475,0,1,0,528820,76790,69842,38114,0.7113083107932862,0.33170298684118915
1227,0.6483,0,1,0,528821,76789,69842,38114,0.7112990477601986,0.3317058736499482
1228,0.6485,0,1,0,528822,76788,69842,38114,0.711289784727111,0.3317087605089555
1229,0.6488,1,0,1,528822,76788,69843,38113,0.711289784727111,0.3317029442737661
1230,0.6495,1,0,1,528822,76788,69844,38112,0.711289784727111,0.3316971279373368
1231,0.65,977,3369,977,532191,73419,70821,37135,0.6800826262551409,0.3358991985816886
1232,0.6502,1,2,1,532193,73417,70822,37134,0.6800641001889659,0.3358992682110519
1233,0.6506,1,1,1,532194,73416,70823,37133,0.6800548371558783,0.33589629937855614
1234,0.6508,1,0,1,532194,73416,70824,37132,0.6800548371558783,0.33589029199985526
1235,0.6513,1,3,1,532197,73413,70825,37131,0.6800270480566156,0.33589339991315675
1236,0.6514,0,4,0,532201,73409,70825,37131,0.6799899959242655,0.335905554550389
1237,0.6517,3,7,3,532208,73402,70828,37128,0.6799251546926526,0.3359088030398987
1238,0.6521,1,0,1,532208,73402,70829,37127,0.6799251546926526,0.3359027947416515
1239,0.6523,4,0,4,532208,73402,70833,37123,0.6799251546926526,0.33587876046143406
1240,0.6524,2,8,2,532216,73394,70835,37121,0.6798510504279521,0.33589105551282633
1241,0.6528,0,3,0,532219,73391,70835,37121,0.6798232613286894,0.33590017373678877
1242,0.6533,1,9,1,532228,73382,70836,37120,0.6797398940309015,0.3359215217824112
1243,0.6542,0,5,0,532233,73377,70836,37120,0.6796935788654637,0.3359367222639529
1244,0.6543,0,1,0,532234,73376,70836,37120,0.6796843158323762,0.3359397625253403
1245,0.6547,0,2,0,532236,73374,70836,37120,0.6796657897662011,0.33594584321320614
1246,0.6548,0,2,0,532238,73372,70836,37120,0.6796472637000259,0.33595192412120334
1247,0.655,10,45,10,532283,73327,70846,37110,0.679230427211086,0.33602868603819375
1248,0.6554,0,2,0,532285,73325,70846,37110,0.6792119011449109,0.3360347715850953
1249,0.6556,1,2,1,532287,73323,70847,37109,0.6791933750787358,0.33603484497247177
1250,0.6562,1,4,1,532291,73319,70848,37108,0.6791563229463856,0.33604100446448787
1251,0.6567,6,17,6,532308,73302,70854,37102,0.6789988513838972,0.33605666461360095
1252,0.6571,3,17,3,532325,73285,70857,37099,0.6788413798214087,0.33609037541672704
1253,0.6574,1,2,1,532327,73283,70858,37098,0.6788228537552337,0.3360904503492449
1254,0.6578,0,1,0,532328,73282,70858,37098,0.6788135907221461,0.33609349519840553
1255,0.6579,0,2,0,532330,73280,70858,37098,0.678795064655971,0.3360995850622407
1256,0.658,0,1,0,532331,73279,70858,37098,0.6787858016228834,0.3361026300769182
1257,0.6581,0,3,0,532334,73276,70858,37098,0.6787580125236208,0.3361117654520086
1258,0.6583,16,64,16,532398,73212,70874,37082,0.6781651784060173,0.33621049195785807
1259,0.659,1,4,1,532402,73208,70875,37081,0.678128126273667,0.336216667120021
1260,0.6592,1,0,1,532402,73208,70876,37080,0.678128126273667,0.33621064848396925
1261,0.6599,0,2,0,532404,73206,70876,37080,0.6781096002074919,0.33621674555247266
1262,0.66,44,136,44,532540,73070,70920,37036,0.6768498277075846,0.33636677383612157
1263,0.6607,2,5,2,532545,73065,70922,37034,0.6768035125421468,0.33636999427787717
1264,0.6608,0,2,0,532547,73063,70922,37034,0.6767849864759717,0.3363761047076669
1265,0.6611,1,0,1,532547,73063,70923,37033,0.6767849864759717,0.33637007702368843
1266,0.6614,0,1,0,532548,73062,70923,37033,0.6767757234428842,0.3363731322948363
1267,0.6617,1,2,1,532550,73060,70924,37032,0.676757197376709,0.3363732151291647
1268,0.6625,1,7,1,532557,73053,70925,37031,0.6766923561450962,0.33638857599651173
1269,0.6633,7,25,7,532582,73028,70932,37024,0.6764607803179074,0.33642278195762004
1270,0.6636,0,2,0,532584,73026,70932,37024,0.6764422542517322,0.3364288959563835
1271,0.6639,0,2,0,532586,73024,70932,37024,0.6764237281855571,0.33643501017737715
1272,0.6643,0,1,0,532587,73023,70932,37024,0.6764144651524695,0.3364380673712141
1273,0.6645,0,5,0,532592,73018,70932,37024,0.6763681499870318,0.3364533541738609
1274,0.665,1,6,1,532598,73012,70933,37023,0.6763125717885065,0.33646567001408645
1275,0.6667,532,2003,532,534601,71009,71465,36491,0.6577587165141354,0.33945116279069765
1276,0.6673,0,1,0,534602,71008,71465,36491,0.6577494534810479,0.33945432050530705
1277,0.6674,0,2,0,534604,71006,71465,36491,0.6577309274148727,0.3394606361107752
1278,0.6675,1,2,1,534606,71004,71466,36490,0.6577124013486976,0.3394608071148157
1279,0.6677,2,1,2,534607,71003,71468,36488,0.6577031383156101,0.3394516750239555
1280,0.6679,0,3,0,534610,71000,71468,36488,0.6576753492163474,0.3394611491515332
1281,0.6681,0,2,0,534612,70998,71468,36488,0.6576568231501723,0.33946746553039464
1282,0.6683,2,6,2,534618,70992,71470,36486,0.657601244951647,0.3394741249371965
1283,0.6685,1,2,1,534620,70990,71471,36485,0.6575827188854718,0.3394742963479879
1284,0.669,0,2,0,534622,70988,71471,36485,0.6575641928192968,0.3394806137355429
1285,0.6691,1,1,1,534623,70987,71472,36484,0.6575549297862092,0.33947762652250374
1286,0.6692,0,3,0,534626,70984,71472,36484,0.6575271406869465,0.3394871031376782
1287,0.67,1,15,1,534641,70969,71473,36483,0.6573881951906332,0.33952834754122774
1288,0.6706,0,1,0,534642,70968,71473,36483,0.6573789321575456,0.3395315073847614
1289,0.6707,1,2,1,534644,70966,71474,36482,0.6573604060913706,0.33953168044077137
1290,0.6714,3,15,3,534659,70951,71477,36479,0.6572214605950573,0.33956064414037046
1291,0.6717,4,15,4,534674,70936,71481,36475,0.6570825150987439,0.3395834691046541
1292,0.6727,0,1,0,534675,70935,71481,36475,0.6570732520656564,0.33958663066753564
1293,0.6731,0,2,0,534677,70933,71481,36475,0.6570547259994812,0.33959295396990913
1294,0.6733,0,12,0,534689,70921,71481,36475,0.6569435696024306,0.33963089872993407
1295,0.6738,0,1,0,534690,70920,71481,36475,0.656934306569343,0.3396340611760324
1296,0.674,0,1,0,534691,70919,71481,36475,0.6569250435362555,0.339637223681025
1297,0.6748,0,1,0,534692,70918,71481,36475,0.656915780503168,0.33964038624491355
1298,0.675,252,811,252,535503,70107,71733,36223,0.6494034606691615,0.34066585159409385
1299,0.6755,0,1,0,535504,70106,71733,36223,0.649394197636074,0.3406690554787499
1300,0.6758,3,2,3,535506,70104,71736,36220,0.6493756715698988,0.3406568601632745
1301,0.6759,0,2,0,535508,70102,71736,36220,0.6493571455037237,0.34066326818532383
1302,0.6762,1,1,1,535509,70101,71737,36219,0.6493478824706362,0.34066027088036116
1303,0.6764,0,1,0,535510,70100,71737,36219,0.6493386194375487,0.34066347501387334
1304,0.6767,7,33,7,535543,70067,71744,36212,0.6490329393456593,0.3407258254217672
1305,0.6771,0,1,0,535544,70066,71744,36212,0.6490236763125717,0.3407290314081936
1306,0.6774,0,1,0,535545,70065,71744,36212,0.6490144132794843,0.3407322374549526
1307,0.6778,0,5,0,535550,70060,71744,36212,0.6489680981140464,0.34074826859379703
1308,0.6783,1,10,1,535560,70050,71745,36211,0.648875467783171,0.3407741316193147
1309,0.6786,4,8,4,535568,70042,71749,36207,0.6488013635184705,0.34077497199973644
1310,0.6788,1,0,1,535568,70042,71750,36206,0.6488013635184705,0.34076876741209244
1311,0.6792,0,3,0,535571,70039,71750,36206,0.6487735744192078,0.34077838957127393
1312,0.6798,1,2,1,535573,70037,71751,36205,0.6487550483530328,0.34077859980045555
1313,0.68,81,275,81,535848,69762,71832,36124,0.6462077142539553,0.3411593600664866
1314,0.6807,0,4,0,535852,69758,71832,36124,0.6461706621216051,0.34117224835193893
1315,0.6817,1,8,1,535860,69750,71833,36123,0.6460965578569047,0.34119180527613274
1316,0.6821,0,4,0,535864,69746,71833,36123,0.6460595057245544,0.34120469637004225
1317,0.6824,0,1,0,535865,69745,71833,36123,0.6460502426914669,0.34120791929572675
1318,0.6829,0,1,0,535866,69744,71833,36123,0.6460409796583794,0.3412111422822976
1319,0.6833,111,396,111,536262,69348,71944,36012,0.6423728185557079,0.3417995444191344
1320,0.6838,0,1,0,536263,69347,71944,36012,0.6423635555226204,0.3418027885610152
1321,0.6842,0,3,0,536266,69344,71944,36012,0.6423357664233577,0.34181252135616386
1322,0.6847,0,4,0,536270,69340,71944,36012,0.6422987142910075,0.34182549927860884
1323,0.685,7,15,7,536285,69325,71951,36005,0.6421597687946942,0.3418304376720782
1324,0.6857,2,28,2,536313,69297,71953,36003,0.6419004038682427,0.3419088319088319
1325,0.6861,0,1,0,536314,69296,71953,36003,0.6418911408351551,0.3419120789371219
1326,0.6864,1,0,1,536314,69296,71954,36002,0.6418911408351551,0.3419058291705446
1327,0.6867,2,17,2,536331,69279,71956,36000,0.6417336692726666,0.34194853674521986
1328,0.6871,2,3,2,536334,69276,71958,35998,0.641705880173404,0.3419457795847028
1329,0.6875,7,7,7,536341,69269,71965,35991,0.6416410389417911,0.3419247577427323
1330,0.6879,0,2,0,536343,69267,71965,35991,0.641622512875616,0.34193125463147694
1331,0.6881,1,7,1,536350,69260,71966,35990,0.6415576716440031,0.3419477434679335
1332,0.6883,6,10,6,536360,69250,71972,35984,0.6414650413131275,0.3419427181329228
1333,0.6886,1,0,1,536360,69250,71973,35983,0.6414650413131275,0.3419364647971644
1334,0.6889,1,2,1,536362,69248,71974,35982,0.6414465152469525,0.34193671006367005
1335,0.6896,0,1,0,536363,69247,71974,35982,0.6414372522138649,0.34193995951686323
1336,0.69,9,29,9,536392,69218,71983,35973,0.6411686242543259,0.34197792586818265
1337,0.6905,0,1,0,536393,69217,71983,35973,0.6411593612212383,0.341981176917958
1338,0.6907,0,4,0,536397,69213,71983,35973,0.6411223090888881,0.3419941817352119
1339,0.6909,0,1,0,536398,69212,71983,35973,0.6411130460558006,0.3419974330940723
1340,0.691,0,1,0,536399,69211,71983,35973,0.641103783022713,0.34200068451475507
1341,0.6913,1,3,1,536402,69208,71984,35972,0.6410759939234503,0.3420041833048108
1342,0.6914,0,1,0,536403,69207,71984,35972,0.6410667308903627,0.3420074349442379
1343,0.6917,22,109,22,536512,69098,72006,35950,0.6400570602838194,0.34222450689208744
1344,0.6921,1,0,1,536512,69098,72007,35949,0.6400570602838194,0.34221824516644933
1345,0.6922,1,3,1,536515,69095,72008,35948,0.6400292711845567,0.3422217568043563
1346,0.6924,0,4,0,536519,69091,72008,35948,0.6399922190522065,0.3422347889831396
1347,0.6925,0,2,0,536521,69089,72008,35948,0.6399736929860314,0.34224130544474807
1348,0.6929,1,5,1,536526,69084,72009,35947,0.6399273778205936,0.34225133532004837
1349,0.693,0,3,0,536529,69081,72009,35947,0.6398995887213309,0.3422611113226949
1350,0.6933,3,22,3,536551,69059,72012,35944,0.6396958019934047,0.3423140291229774
1351,0.6935,1,2,1,536553,69057,72013,35943,0.6396772759272296,0.34231428571428574
1352,0.694,0,1,0,536554,69056,72013,35943,0.6396680128941421,0.34231754588138935
1353,0.6948,0,1,0,536555,69055,72013,35943,0.6396587498610545,0.34232080611059257
1354,0.695,0,8,0,536563,69047,72013,35943,0.6395846455963541,0.3423468901800171
1355,0.6958,0,1,0,536564,69046,72013,35943,0.6395753825632665,0.34235015096819665
1356,0.696,1,1,1,536565,69045,72014,35942,0.639566119530179,0.3423471477421014
1357,0.6961,0,5,0,536570,69040,72014,35942,0.6395198043647412,0.3423634527823817
1358,0.6964,1,1,1,536571,69039,72015,35941,0.6395105413316536,0.34236044960944945
1359,0.6967,9,26,9,536597,69013,72024,35932,0.6392697024713773,0.3423888703606651
1360,0.6968,1,1,1,536598,69012,72025,35931,0.6392604394382897,0.3423858666133044
1361,0.6971,1,2,1,536600,69010,72026,35930,0.6392419133721146,0.3423861254049933
1362,0.6973,1,3,1,536603,69007,72027,35929,0.639214124272852,0.34238964702294733
1363,0.6975,0,2,0,536605,69005,72027,35929,0.6391955982066768,0.34239617283244705
1364,0.6979,0,2,0,536607,69003,72027,35929,0.6391770721405017,0.3424026988907102
1365,0.6983,3,6,3,536613,68997,72030,35926,0.6391214939419764,0.34240347683539357
1366,0.6988,0,1,0,536614,68996,72030,35926,0.6391122309088888,0.34240674024513446
1367,0.699,0,2,0,536616,68994,72030,35926,0.6390937048427137,0.34241326725123905
1368,0.6992,2,0,2,536616,68994,72032,35924,0.6390937048427137,0.34240073200022875
1369,0.6994,0,1,0,536617,68993,72032,35924,0.6390844418096261,0.3424039955393311
1370,0.6995,0,3,0,536620,68990,72032,35924,0.6390566527103635,0.3424137865299197
1371,0.7,9995,24986,9995,561606,44004,82027,25929,0.4076105079847345,0.37076916477199606
1372,0.7008,0,3,0,561609,44001,82027,25929,0.4075827188854719,0.3707850707850708
1373,0.7014,3,7,3,561616,43994,82030,25926,0.407517877653859,0.37079519450800913
1374,0.7017,5,11,5,561627,43983,82035,25921,0.4074159842898959,0.3708085374227512
1375,0.7022,0,3,0,561630,43980,82035,25921,0.40738819519063324,0.3708244517245819
1376,0.7024,1,5,1,561635,43975,82036,25920,0.40734188002519545,0.3708419772515917
1377,0.7033,1,3,1,561638,43972,82037,25919,0.4073140909259328,0.3708488932766737
1378,0.7038,0,1,0,561639,43971,82037,25919,0.4073048278928452,0.37085419945628845
1379,0.7042,2,6,2,561645,43965,82039,25917,0.4072492496943199,0.3708680346870439
1380,0.7048,0,2,0,561647,43963,82039,25917,0.4072307236281448,0.37087864911276475
1381,0.705,6,15,6,561662,43948,82045,25911,0.4070917781318315,0.3709042499892641
1382,0.7052,1,2,1,561664,43946,82046,25910,0.40707325206565637,0.3709058634906093
1383,0.7056,0,1,0,561665,43945,82046,25910,0.40706398903256885,0.3709111731443705
1384,0.7058,0,1,0,561666,43944,82046,25910,0.4070547259994813,0.37091648295015317
1385,0.7064,1,4,1,561670,43940,82047,25909,0.40701767386713106,0.370928717662386
1386,0.7067,5,14,5,561684,43926,82052,25904,0.4068879914039053,0.3709580409566089
1387,0.7071,3,2,3,561686,43924,82055,25901,0.40686946533773016,0.3709416398138203
1388,0.7081,1,0,1,561686,43924,82056,25900,0.40686946533773016,0.37093263061411547
1389,0.7083,21,71,21,561757,43853,82077,25879,0.4062117899885138,0.371120862731601
1390,0.7095,0,1,0,561758,43852,82077,25879,0.4062025269554263,0.37112618491058497
1391,0.7098,0,1,0,561759,43851,82077,25879,0.40619326392233873,0.37113150724222
1392,0.71,15,63,15,561822,43788,82092,25864,0.40560969283782283,0.37133176362487796
1393,0.7103,0,1,0,561823,43787,82092,25864,0.40560042980473526,0.3713370949447962
1394,0.7106,0,6,0,561829,43781,82092,25864,0.40554485160620996,0.37136908607940267
1395,0.7107,3,1,3,561830,43780,82095,25861,0.4055355885731224,0.37134733849312906
1396,0.7111,0,1,0,561831,43779,82095,25861,0.4055263255400348,0.3713526708788053
1397,0.7117,1,10,1,561841,43769,82096,25860,0.4054336952091593,0.3713969753981818
1398,0.7119,1,1,1,561842,43768,82097,25859,0.4054244321760717,0.3713932813420081
1399,0.7121,1,4,1,561846,43764,82098,25858,0.4053873800437215,0.37140559018700986
1400,0.7125,1,5,1,561851,43759,82099,25857,0.40534106487828375,0.3714232360376925
1401,0.7131,1,2,1,561853,43757,82100,25856,0.4053225388121086,0.3714248775372416
1402,0.7133,2,17,2,561870,43740,82102,25854,0.4051650672496202,0.37149754289162856
1403,0.7138,0,1,0,561871,43739,82102,25854,0.4051558042165327,0.3715028810368859
1404,0.7143,0,2,0,561873,43737,82102,25854,0.40513727815035755,0.37151355778764494
1405,0.7149,0,3,0,561876,43734,82102,25854,0.4051094890510949,0.3715295740644939
1406,0.715,2,13,2,561889,43721,82104,25852,0.4049890696209567,0.3715809293835252
1407,0.7155,0,2,0,561891,43719,82104,25852,0.40497054355478157,0.37159161144729846
1408,0.7157,0,2,0,561893,43717,82104,25852,0.4049520174886065,0.3716022941252569
1409,0.7167,152,576,152,562469,43141,82256,25700,0.39961651043017526,0.3733240365479874
1410,0.7174,0,1,0,562470,43140,82256,25700,0.3996072473970877,0.37332945961650205
1411,0.7175,0,2,0,562472,43138,82256,25700,0.3995887213309126,0.3733403062262123
1412,0.7181,1,7,1,562479,43131,82257,25699,0.39952388009929973,0.37336917041987505
1413,0.7183,0,6,0,562485,43125,82257,25699,0.39946830190077437,0.3734017203301174
1414,0.7188,1,4,1,562489,43121,82258,25698,0.39943124976842415,0.3734143187201209
1415,0.7194,2,3,2,562492,43118,82260,25696,0.3994034606691615,0.3734123870142704
1416,0.72,10,24,10,562516,43094,82270,25686,0.3991811478750602,0.3734515847630125
1417,0.7206,0,2,0,562518,43092,82270,25686,0.3991626218088851,0.3734624443862863
1418,0.7208,0,2,0,562520,43090,82270,25686,0.39914409574271,0.3734733046411539
1419,0.7212,0,4,0,562524,43086,82270,25686,0.39910704361035976,0.37349502704589077
1420,0.7214,0,5,0,562529,43081,82270,25686,0.399060728444922,0.37352218360550843
1421,0.7217,1,11,1,562540,43070,82271,25685,0.3989588350809589,0.3735728310668315
1422,0.7221,0,2,0,562542,43068,82271,25685,0.3989403090147838,0.3735836981658982
1423,0.7222,1,1,1,562543,43067,82272,25684,0.39893104598169626,0.373580020654245
1424,0.7225,0,2,0,562545,43065,82272,25684,0.3989125199155211,0.3735908885947432
1425,0.7227,1,0,1,562545,43065,82273,25683,0.3989125199155211,0.37358177692441963
1426,0.7231,1,0,1,562545,43065,82274,25682,0.3989125199155211,0.3735726649890177
1427,0.7233,3,12,3,562557,43053,82277,25679,0.3988013635184705,0.37361054530640747
1428,0.7235,0,4,0,562561,43049,82277,25679,0.3987643113861203,0.373632289605401
1429,0.7238,0,2,0,562563,43047,82277,25679,0.39874578531994515,0.3736431627040712
1430,0.724,2,1,2,562564,43046,82279,25677,0.39873652228685763,0.37363037120032594
1431,0.7242,0,1,0,562565,43045,82279,25677,0.39872725925377006,0.3736358080381828
1432,0.7244,0,1,0,562566,43044,82279,25677,0.3987179962206825,0.373641245034269
1433,0.7245,1,0,1,562566,43044,82280,25676,0.3987179962206825,0.37363213038416765
1434,0.7246,0,1,0,562567,43043,82280,25676,0.3987087331875949,0.37363756748497506
1435,0.7248,1,2,1,562569,43041,82281,25675,0.39869020712141984,0.37363932708539493
1436,0.725,76,276,76,562845,42765,82357,25599,0.3961336099892549,0.3744514656836932
1437,0.7257,0,1,0,562846,42764,82357,25599,0.39612434695616733,0.3744569430832468
1438,0.7267,9,39,9,562885,42725,82366,25590,0.3957630886657527,0.37458830417917
1439,0.7272,0,1,0,562886,42724,82366,25590,0.39575382563266515,0.3745937875106128
1440,0.7274,0,2,0,562888,42722,82366,25590,0.39573529956649006,0.37460475465511184
1441,0.7275,1,1,1,562889,42721,82367,25589,0.3957260365334025,0.37460108329673547
1442,0.7278,0,3,0,562892,42718,82367,25589,0.39569824743413984,0.3746175355380854
1443,0.7283,1,1,1,562893,42717,82368,25588,0.39568898440105227,0.37461386428519144
1444,0.7286,0,3,0,562896,42714,82368,25588,0.3956611953017896,0.3746303182922901
1445,0.7292,0,7,0,562903,42707,82368,25588,0.39559635407017674,0.3746687165971155
1446,0.7294,0,1,0,562904,42706,82368,25588,0.39558709103708917,0.37467420271180485
1447,0.7298,1,5,1,562909,42701,82369,25587,0.39554077587165143,0.37469247891283974
1448,0.73,21,72,21,562981,42629,82390,25566,0.3948738374893475,0.3748955201994281
1449,0.7307,0,2,0,562983,42627,82390,25566,0.39485531142317243,0.3749065153314856
1450,0.7313,0,2,0,562985,42625,82390,25566,0.3948367853569973,0.3749175111085041
1451,0.7314,1,0,1,562985,42625,82391,25565,0.3948367853569973,0.3749083443320135
1452,0.7317,1,4,1,562989,42621,82392,25564,0.39479973322464706,0.37492117034538386
1453,0.7322,0,1,0,562990,42620,82392,25564,0.39479047019155955,0.3749266690132582
1454,0.7324,1,3,1,562993,42617,82393,25563,0.39476268109229684,0.37493399823995305
1455,0.7331,1,1,1,562994,42616,82394,25562,0.3947534180592093,0.3749303294317815
1456,0.7333,181,499,181,563493,42117,82575,25381,0.39013116454851976,0.3760259563246318
1457,0.7345,0,1,0,563494,42116,82575,25381,0.3901219015154322,0.37603152732714046
1458,0.7348,0,2,0,563496,42114,82575,25381,0.3901033754492571,0.37604266982739465
1459,0.735,6,26,6,563522,42088,82581,25375,0.3898625365889807,0.37613210204111885
1460,0.7356,0,1,0,563523,42087,82581,25375,0.38985327355589317,0.37613767750733745
1461,0.7357,2,6,2,563529,42081,82583,25373,0.3897976953573678,0.3761526373528627
1462,0.7362,0,1,0,563530,42080,82583,25373,0.3897884323242803,0.37615821386743364
1463,0.7363,0,1,0,563531,42079,82583,25373,0.3897791692911927,0.3761637905473522
1464,0.7366,2,7,2,563538,42072,82585,25371,0.38971432805957984,0.3761843334371247
1465,0.7367,3,4,3,563542,42068,82588,25368,0.3896772759272296,0.376178895545406
1466,0.7369,1,2,1,563544,42066,82589,25367,0.3896587498610545,0.37618080168463514
1467,0.7375,1,2,1,563546,42064,82590,25366,0.3896402237948794,0.3761827079934747
1468,0.7381,0,2,0,563548,42062,82590,25366,0.3896216977287043,0.3761938660497123
1469,0.7383,0,10,0,563558,42052,82590,25366,0.3895290673978287,0.37624966626123585
1470,0.74,9,40,9,563598,42012,82599,25357,0.3891585460743266,0.37638973415072213
1471,0.7405,1,1,1,563599,42011,82600,25356,0.389149283041239,0.3763860643935458
1472,0.7407,0,3,0,563602,42008,82600,25356,0.38912149394197637,0.37640282643548484
1473,0.7417,39,147,39,563749,41861,82639,25317,0.3877598280781059,0.3768644496710232
1474,0.7421,0,1,0,563750,41860,82639,25317,0.3877505650450183,0.3768700596930497
1475,0.7425,1,1,1,563751,41859,82640,25316,0.3877413020119308,0.376866393747674
1476,0.7429,1,5,1,563756,41854,82641,25315,0.387694986846493,0.37688517024222484
1477,0.7431,0,3,0,563759,41851,82641,25315,0.38766719774723035,0.37690200399011403
1478,0.7433,3,16,3,563775,41835,82644,25312,0.3875189892178295,0.37696397456327163
1479,0.7437,0,1,0,563776,41834,82644,25312,0.38750972618474194,0.3769695886575522
1480,0.7442,2,3,2,563779,41831,82646,25310,0.3874819370854793,0.37696787357948197
1481,0.7444,1,2,1,563781,41829,82647,25309,0.38746341101930415,0.3769698233489231
1482,0.745,2,7,2,563788,41822,82649,25307,0.38739856978769127,0.37699057039431544
1483,0.7452,0,1,0,563789,41821,82649,25307,0.3873893067546037,0.37699618639017995
1484,0.7454,1,4,1,563793,41817,82650,25306,0.38735225462225353,0.37700937085648734
1485,0.7456,0,4,0,563797,41813,82650,25306,0.3873152024899033,0.3770318389725711
1486,0.7458,1,0,1,563797,41813,82651,25305,0.3873152024899033,0.3770225572871659
1487,0.7464,1,1,1,563798,41812,82652,25304,0.38730593945681574,0.37701889266344835
1488,0.7467,25,47,25,563845,41765,82677,25279,0.3868705769017007,0.3770508919515542
1489,0.7471,4,3,4,563848,41762,82681,25275,0.386842787802438,0.3770305950445276
1490,0.7472,0,3,0,563851,41759,82681,25275,0.3868149987031754,0.37704746844884685
1491,0.7483,1,3,1,563854,41756,82682,25274,0.3867872096039127,0.37705504997762196
1492,0.7485,0,1,0,563855,41755,82682,25274,0.38677794657082515,0.37706067523012426
1493,0.749,8,5,8,563860,41750,82690,25266,0.38673163140538735,0.37701444431180614
1494,0.75,863,2370,863,566230,39380,83553,24403,0.36477824298788397,0.3825941081479391
1495,0.7502,0,2,0,566232,39378,83553,24403,0.36475971692170883,0.38260610526645866
1496,0.7513,1,0,1,566232,39378,83554,24402,0.36475971692170883,0.3825964252116651
1497,0.7514,2,3,2,566235,39375,83556,24400,0.3647319278224462,0.3825950607604861
1498,0.7517,0,8,0,566243,39367,83556,24400,0.36465782355774573,0.3826430598899117
1499,0.7519,0,11,0,566254,39356,83556,24400,0.36455593019378263,0.3827090783612523
1500,0.7528,0,1,0,566255,39355,83556,24400,0.3645466671606951,0.38271508117010433
1501,0.7533,1,5,1,566260,39350,83557,24399,0.3645003519952573,0.3827354154574974
1502,0.7542,0,2,0,566262,39348,83557,24399,0.36448182592908224,0.38274742340816037
1503,0.755,10,29,10,566291,39319,83567,24389,0.36421319796954316,0.3828247629811013
1504,0.7552,0,1,0,566292,39318,83567,24389,0.3642039349364556,0.38283077212865146
1505,0.7556,1,7,1,566299,39311,83568,24388,0.3641390937048427,0.3828631532677122
1506,0.7567,5,13,5,566312,39298,83573,24383,0.3640186742747045,0.38289285658202604
1507,0.7571,3,8,3,566320,39290,83576,24380,0.3639445700100041,0.38291188942987275
1508,0.7574,1,2,1,566322,39288,83577,24379,0.363926043943829,0.3829142255799708
1509,0.7575,0,3,0,566325,39285,83577,24379,0.3638982548445663,0.3829322694144257
1510,0.7583,20,50,20,566375,39235,83597,24359,0.36343510319018857,0.3830392804352612
1511,0.7587,3,1,3,566376,39234,83600,24356,0.36342584015710105,0.3830161975153326
1512,0.7589,0,3,0,566379,39231,83600,24356,0.3633980510578384,0.3830342680107569
1513,0.7595,0,1,0,566380,39230,83600,24356,0.36338878802475083,0.3830402918881515
1514,0.76,34,102,34,566482,39128,83634,24322,0.3624439586498203,0.3833254531126872
1515,0.7601,0,1,0,566483,39127,83634,24322,0.36243469561673275,0.3833314945862031
1516,0.7607,1,2,1,566485,39125,83635,24321,0.3624161695505576,0.3833338587144974
1517,0.7611,0,1,0,566486,39124,83635,24321,0.3624069065174701,0.3833399007013949
1518,0.7613,0,1,0,566487,39123,83635,24321,0.3623976434843825,0.3833459428787592
1519,0.7614,0,2,0,566489,39121,83635,24321,0.36237911741820744,0.3833580278049242
1520,0.7617,1,7,1,566496,39114,83636,24320,0.36231427618659456,0.3833906107134975
1521,0.7619,1,2,1,566498,39112,83637,24319,0.3622957501204194,0.38339297819678075
1522,0.7623,5,4,5,566502,39108,83642,24314,0.3622586979880692,0.38336854719182617
1523,0.7625,1,8,1,566510,39100,83643,24313,0.36218459372336875,0.38340718780060873
1524,0.7628,1,1,1,566511,39099,83644,24312,0.36217533069028124,0.383403510431944
1525,0.7633,5,23,5,566534,39076,83649,24307,0.36196228092926747,0.3834939968130256
1526,0.7636,0,4,0,566538,39072,83649,24307,0.36192522879691724,0.3835182000347118
1527,0.764,0,4,0,566542,39068,83649,24307,0.361888176664567,0.3835424063116371
1528,0.765,4,9,4,566551,39059,83653,24303,0.36180480936677906,0.3835579684984691
1529,0.7655,2,0,2,566551,39059,83655,24301,0.36180480936677906,0.3835385101010101
1530,0.7657,1,1,1,566552,39058,83656,24300,0.3617955463336915,0.383534833801572
1531,0.766,0,2,0,566554,39056,83656,24300,0.3617770202675164,0.38354694109476606
1532,0.7661,0,1,0,566555,39055,83656,24300,0.36176775723442883,0.3835529950280167
1533,0.7667,491,1283,491,567838,37772,84147,23809,0.3498832857830968,0.38662899270879003
1534,0.7669,1,0,1,567838,37772,84148,23808,0.3498832857830968,0.3866190321532965
1535,0.7671,1,1,1,567839,37771,84149,23807,0.3498740227500093,0.38661534963785765
1536,0.7679,0,1,0,567840,37770,84149,23807,0.3498647597169217,0.3866216282053364
1537,0.7681,0,4,0,567844,37766,84149,23807,0.3498277075845715,0.38664674451464115
1538,0.7683,1,11,1,567855,37755,84150,23806,0.3497258142206084,0.38670586897548775
1539,0.7689,1,3,1,567858,37752,84151,23805,0.34969802512134573,0.3867147521809055
1540,0.769,0,3,0,567861,37749,84151,23805,0.3496702360220831,0.3867335997660591
1541,0.7694,0,3,0,567864,37746,84151,23805,0.3496424469228204,0.38675244918847784
1542,0.7699,0,1,0,567865,37745,84151,23805,0.34963318388973286,0.3867587327376117
1543,0.77,3,8,3,567873,37737,84154,23802,0.3495590796250324,0.38677911568273776
1544,0.7705,0,4,0,567877,37733,84154,23802,0.3495220274926822,0.38680425773949784
1545,0.7706,1,1,1,567878,37732,84155,23801,0.34951276445959467,0.3868005785513464
1546,0.7708,1,3,1,567881,37729,84156,23800,0.34948497536033196,0.38680947195631327
1547,0.7711,1,0,1,567881,37729,84157,23799,0.34948497536033196,0.3867995059160057
1548,0.7714,5,12,5,567893,37717,84162,23794,0.34937381896328135,0.3868251207101169
1549,0.7717,5,20,5,567913,37697,84167,23789,0.3491885583015302,0.3869010831734053
1550,0.7733,5,11,5,567924,37686,84172,23784,0.3490866649375672,0.38692044899951195
1551,0.7737,0,3,0,567927,37683,84172,23784,0.34905887583830447,0.38693933330079555
1552,0.7738,1,0,1,567927,37683,84173,23783,0.34905887583830447,0.3869293593206
1553,0.7746,0,1,0,567928,37682,84173,23783,0.34904961280521696,0.38693565443748473
1554,0.775,212,544,212,568472,37138,84385,23571,0.34401052280558747,0.38826203693027395
1555,0.7759,1,0,1,568472,37138,84386,23570,0.34401052280558747,0.3882519602029387
1556,0.7761,0,2,0,568474,37136,84386,23570,0.34399199673941233,0.38826475142490036
1557,0.7762,1,1,1,568475,37135,84387,23569,0.3439827337063248,0.3882610701107011
1558,0.7767,4,16,4,568491,37119,84391,23565,0.3438345251769239,0.38832311647221673
1559,0.7769,0,1,0,568492,37118,84391,23565,0.34382526214383635,0.3883295156798444
1560,0.7774,4,3,4,568495,37115,84395,23561,0.3437974730445737,0.3883083921154987
1561,0.7781,2,4,2,568499,37111,84397,23559,0.3437604209122235,0.3883138289104994
1562,0.7786,1,2,1,568501,37109,84398,23558,0.3437418948460484,0.3883165477112763
1563,0.7787,1,1,1,568502,37108,84399,23557,0.3437326318129608,0.3883128657380697
1564,0.7792,0,2,0,568504,37106,84399,23557,0.34371410574678574,0.3883256680348812
1565,0.78,73,194,73,568698,36912,84472,23484,0.3419170773278002,0.3888336975958673
1566,0.7812,1,0,1,568698,36912,84473,23483,0.3419170773278002,0.3888235781107708
1567,0.7817,4,1,4,568699,36911,84477,23479,0.3419078142947127,0.38878953469117405
1568,0.7818,1,1,1,568700,36910,84478,23478,0.3418985512616251,0.38878585149367423
1569,0.7824,0,2,0,568702,36908,84478,23478,0.34188002519545,0.38879872818202893
1570,0.783,0,1,0,568703,36907,84478,23478,0.34187076216236245,0.388805166846071
1571,0.7833,78,209,78,568912,36698,84556,23400,0.33993478824706364,0.38936403873673003
1572,0.7845,0,1,0,568913,36697,84556,23400,0.33992552521397607,0.3893705176631113
1573,0.785,4,14,4,568927,36683,84560,23396,0.3397958427507503,0.3894205962149836
1574,0.7857,14,29,14,568956,36654,84574,23382,0.33952721479121123,0.38946632020787525
1575,0.7862,1,1,1,568957,36653,84575,23381,0.33951795175812366,0.38946263783855817
1576,0.7864,1,0,1,568957,36653,84576,23380,0.33951795175812366,0.38945246780937154
1577,0.7867,1,3,1,568960,36650,84577,23379,0.339490162658861,0.3894617601492612
1578,0.7874,0,4,0,568964,36646,84577,23379,0.3394531105265108,0.38948771345272803
1579,0.7875,2,13,2,568977,36633,84579,23377,0.3393326910963726,0.3895517413764373
1580,0.7881,1,1,1,568978,36632,84580,23376,0.339323428063285,0.3895480602586322
1581,0.7883,4,5,4,568983,36627,84584,23372,0.3392771128978473,0.38953982566376105
1582,0.7889,1,5,1,568988,36622,84585,23371,0.3392307977324095,0.389562115580151
1583,0.7892,2,7,2,568995,36615,84587,23369,0.3391659565007966,0.3895872232595359
1584,0.7898,2,2,2,568997,36613,84589,23367,0.33914743043462153,0.3895798599533178
1585,0.79,2,12,2,569009,36601,84591,23365,0.33903627403757086,0.3896374612280292
1586,0.7903,1,0,1,569009,36601,84592,23364,0.33903627403757086,0.38962728258150586
1587,0.7907,0,1,0,569010,36600,84592,23364,0.3390270110044833,0.3896337802681609
1588,0.7909,0,1,0,569011,36599,84592,23364,0.3390177479713958,0.3896402781715391
1589,0.7917,21,74,21,569085,36525,84613,23343,0.3383322835229167,0.38990779715373824
1590,0.7923,0,2,0,569087,36523,84613,23343,0.33831375745674164,0.38992082317175025
1591,0.793,0,4,0,569091,36519,84613,23343,0.3382767053243914,0.3899468778189837
1592,0.7931,0,4,0,569095,36515,84613,23343,0.3382396531920412,0.38997293594841126
1593,0.7933,2,22,2,569117,36493,84615,23341,0.338035866464115,0.3900959320787512
1594,0.7944,0,3,0,569120,36490,84615,23341,0.33800807736485233,0.39011549196904616
1595,0.7946,1,3,1,569123,36487,84616,23340,0.3379802882655897,0.3901248600130376
1596,0.795,0,4,0,569127,36483,84616,23340,0.33794323613323946,0.3901509452886014
1597,0.7954,1,8,1,569135,36475,84617,23339,0.337869131868539,0.39019293142073763
1598,0.7961,0,1,0,569136,36474,84617,23339,0.3378598688354515,0.39019945496798353
1599,0.7963,1,2,1,569138,36472,84618,23338,0.33784134276927635,0.3902023073064705
1600,0.7964,0,1,0,569139,36471,84618,23338,0.33783207973618884,0.3902088314467722
1601,0.7967,9,14,9,569153,36457,84627,23329,0.3377023972729631,0.39020840999565115
1602,0.7971,1,5,1,569158,36452,84628,23328,0.3376560821075253,0.39023084643693545
1603,0.7975,0,1,0,569159,36451,84628,23328,0.3376468190744377,0.39023737432877764
1604,0.7979,1,2,1,569161,36449,84629,23327,0.33762829300826264,0.3902402301927195
1605,0.7985,0,1,0,569162,36448,84629,23327,0.33761902997517507,0.39024675867837727
1606,0.799,0,2,0,569164,36446,84629,23327,0.337600503909,0.39025981630502066
1607,0.8,8885,16435,8885,585599,20011,93514,14442,0.18536255511504687,0.4191797521260848
1608,0.8014,0,1,0,585600,20010,93514,14442,0.1853532920819593,0.41919191919191917
1609,0.8017,2,5,2,585605,20005,93516,14440,0.18530697691652154,0.41921904485411526
1610,0.8029,1,0,1,585605,20005,93517,14439,0.18530697691652154,0.41920218325397746
1611,0.8033,0,2,0,585607,20003,93517,14439,0.18528845085034643,0.41922652575344055
1612,0.8038,1,1,1,585608,20002,93518,14438,0.18527918781725888,0.4192218350754936
1613,0.8039,0,1,0,585609,20001,93518,14438,0.18526992478417134,0.4192340079560963
1614,0.804,0,1,0,585610,20000,93518,14438,0.18526066175108377,0.4192461815436436
1615,0.8042,0,4,0,585614,19996,93518,14438,0.18522360961873355,0.41929488296451184
1616,0.8046,1,1,1,585615,19995,93519,14437,0.185214346585646,0.4192901951672863
1617,0.8048,0,1,0,585616,19994,93519,14437,0.18520508355255844,0.4193023728616654
1618,0.805,6,20,6,585636,19974,93525,14431,0.18501982289080737,0.41944484813253885
1619,0.8052,1,2,1,585638,19972,93526,14430,0.18500129682463226,0.41945235742108017
1620,0.8056,0,2,0,585640,19970,93526,14430,0.18498277075845715,0.4194767441860465
1621,0.8064,0,1,0,585641,19969,93526,14430,0.1849735077253696,0.419488938631937
1622,0.8067,6,13,6,585654,19956,93532,14424,0.1848530882952314,0.41954624781849914
1623,0.8071,0,3,0,585657,19953,93532,14424,0.18482529919596874,0.41958286063356315
1624,0.8072,0,1,0,585658,19952,93532,14424,0.18481603616288117,0.41959506632534327
1625,0.8075,4,4,4,585662,19948,93536,14420,0.18477898403053095,0.4195763500931099
1626,0.8081,1,1,1,585663,19947,93537,14419,0.1847697209974434,0.4195716696735145
1627,0.8083,13,37,13,585700,19910,93550,14406,0.1844269887732039,0.41980417298053385
1628,0.8095,0,2,0,585702,19908,93550,14406,0.1844084627070288,0.41982864137086906
1629,0.8096,0,2,0,585704,19906,93550,14406,0.18438993664085368,0.41985311261366287
1630,0.81,15,25,15,585729,19881,93565,14391,0.18415836081366482,0.41990546218487396
1631,0.8106,0,1,0,585730,19880,93565,14391,0.18414909778057728,0.419917714685886
1632,0.8107,0,2,0,585732,19878,93565,14391,0.18413057171440217,0.41994222183314367
1633,0.8108,0,3,0,585735,19875,93565,14391,0.1841027826151395,0.4199789879180529
1634,0.8121,1,0,1,585735,19875,93566,14390,0.1841027826151395,0.41996206041149864
1635,0.8125,0,3,0,585738,19872,93566,14390,0.18407499351587683,0.41999883252583037
1636,0.8131,0,1,0,585739,19871,93566,14390,0.1840657304827893,0.42001109132833253
1637,0.8133,7,16,7,585755,19855,93573,14383,0.18391752195338842,0.4200887902330744
1638,0.8139,1,3,1,585758,19852,93574,14382,0.18388973285412574,0.42010866390138457
1639,0.8142,1,0,1,585758,19852,93575,14381,0.18388973285412574,0.4200917243595361
1640,0.8143,0,1,0,585759,19851,93575,14381,0.1838804698210382,0.4201039962608086
1641,0.8144,0,2,0,585761,19849,93575,14381,0.1838619437548631,0.4201285422144318
1642,0.8149,0,2,0,585763,19847,93575,14381,0.18384341768868798,0.4201530910365782
1643,0.815,1,12,1,585775,19835,93576,14380,0.18373226129163733,0.42028350138827997
1644,0.8156,0,1,0,585776,19834,93576,14380,0.1837229982585498,0.4202957853510259
1645,0.8157,0,1,0,585777,19833,93576,14380,0.18371373522546222,0.4203080700318592
1646,0.8167,130,347,130,586124,19486,93706,14250,0.18049946274408094,0.4223974389376334
1647,0.8175,0,1,0,586125,19485,93706,14250,0.18049019971099337,0.4224099599822143
1648,0.8181,1,5,1,586130,19480,93707,14249,0.1804438845455556,0.42245545376382343
1649,0.8183,3,1,3,586131,19479,93710,14246,0.18043462151246803,0.422416604892513
1650,0.8188,0,1,0,586132,19478,93710,14246,0.1804253584793805,0.42242913058949116
1651,0.8189,2,4,2,586136,19474,93712,14244,0.18038830634703026,0.42244498487454774
1652,0.819,2,10,2,586146,19464,93714,14242,0.18029567601615473,0.42253604699460034
1653,0.8193,0,2,0,586148,19462,93714,14242,0.18027714994997962,0.4225611203417992
1654,0.8195,3,2,3,586150,19460,93717,14239,0.1802586238838045,0.42253479331730914
1655,0.82,4,9,4,586159,19451,93721,14235,0.18017525658601652,0.4225791129846227
1656,0.8203,1,1,1,586160,19450,93722,14234,0.18016599355292898,0.42257451609072555
1657,0.8214,1,2,1,586162,19448,93723,14233,0.18014746748675387,0.42258246489118495
1658,0.8217,4,8,4,586170,19440,93727,14229,0.18007336322205342,0.42261427425821974
1659,0.822,0,1,0,586171,19439,93727,14229,0.18006410018896588,0.4226268266603303
1660,0.8221,1,2,1,586173,19437,93728,14228,0.18004557412279076,0.4226347839001931
1661,0.8226,0,4,0,586177,19433,93728,14228,0.18000852199044054,0.4226850063872137
1662,0.8233,2,7,2,586184,19426,93730,14226,0.17994368075882766,0.4227386188042315
1663,0.8238,4,6,4,586190,19420,93734,14222,0.17988810256030235,0.4227453778015576
1664,0.8239,0,3,0,586193,19417,93734,14222,0.17986031346103967,0.42278307916406555
1665,0.825,62,164,62,586357,19253,93796,14160,0.1783411760346808,0.4237871487145722
1666,0.8258,0,1,0,586358,19252,93796,14160,0.17833191300159323,0.4237998323955465
1667,0.8259,1,5,1,586363,19247,93797,14159,0.17828559783615547,0.42384601568580493
1668,0.8264,1,5,1,586368,19242,93798,14158,0.1782392826707177,0.42389221556886225
1669,0.8267,4,20,4,586388,19222,93802,14154,0.1780540220089666,0.4240771812080537
1670,0.8274,1,9,1,586397,19213,93803,14153,0.17797065471117862,0.42417430917700655
1671,0.8275,0,4,0,586401,19209,93803,14153,0.1779336025788284,0.424225166356933
1672,0.8278,2,4,2,586405,19205,93805,14151,0.1778965504464782,0.4242415157692769
1673,0.8281,0,3,0,586408,19202,93805,14151,0.17786876134721552,0.42427967499175484
1674,0.8288,0,1,0,586409,19201,93805,14151,0.17785949831412798,0.42429239625809545
1675,0.8289,0,3,0,586412,19198,93805,14151,0.17783170921486532,0.4243305646346217
1676,0.8292,1,0,1,586412,19198,93806,14150,0.17783170921486532,0.4243133021470553
1677,0.83,24,51,24,586463,19147,93830,14126,0.17735929452740004,0.42454843266312026
1678,0.8307,0,1,0,586464,19146,93830,14126,0.1773500314943125,0.42456119259437364
1679,0.8317,1,2,1,586466,19144,93831,14125,0.1773315054281374,0.42456941897862877
1680,0.832,0,2,0,586468,19142,93831,14125,0.17731297936196228,0.4245949439384375
1681,0.8324,0,1,0,586469,19141,93831,14125,0.17730371632887473,0.42460770756928995
1682,0.8328,0,1,0,586470,19140,93831,14125,0.17729445329578716,0.42462047196753344
1683,0.8329,0,1,0,586471,19139,93831,14125,0.17728519026269962,0.42463323713323714
1684,0.8333,133,308,133,586779,18831,93964,13992,0.17443217607173292,0.4262864454803034
1685,0.835,5,14,5,586793,18817,93969,13987,0.17430249360850716,0.4263809291549811
1686,0.8354,0,5,0,586798,18812,93969,13987,0.1742561784430694,0.4264459282295192
1687,0.8356,1,0,1,586798,18812,93970,13986,0.1742561784430694,0.4264284407585828
1688,0.8357,1,5,1,586803,18807,93971,13985,0.17420986327763163,0.4264759697487192
1689,0.8367,1,2,1,586805,18805,93972,13984,0.17419133721145652,0.4264844917502821
1690,0.8372,2,5,2,586810,18800,93974,13982,0.17414502204601875,0.42651455066804955
1691,0.8374,0,1,0,586811,18799,93974,13982,0.17413575901293118,0.4265275616973247
1692,0.8375,0,1,0,586812,18798,93974,13982,0.17412649597984364,0.4265405735204393
1693,0.8381,1,3,1,586815,18795,93975,13981,0.174098706880581,0.42656211862338295
1694,0.8383,0,5,0,586820,18790,93975,13981,0.1740523917151432,0.4266272008788258
1695,0.8389,0,1,0,586821,18789,93975,13981,0.17404312868205565,0.42664021971315225
1696,0.8391,0,1,0,586822,18788,93975,13981,0.1740338656489681,0.4266532393420611
1697,0.84,10,15,10,586837,18773,93985,13971,0.17389492015265479,0.42667358905448327
1698,0.8405,0,2,0,586839,18771,93985,13971,0.17387639408647967,0.4266996518233462
1699,0.8407,3,1,3,586840,18770,93988,13968,0.17386713105339213,0.42666015028407356
1700,0.8417,26,79,26,586919,18691,94014,13942,0.17313535143947534,0.4272362332608096
1701,0.8423,0,4,0,586923,18687,94014,13942,0.17309829930712511,0.42728860829323606
1702,0.8429,0,5,0,586928,18682,94014,13942,0.17305198414168735,0.42735409514467876
1703,0.8433,1,8,1,586936,18674,94015,13941,0.17297787987698693,0.4274413613368082
1704,0.8435,0,2,0,586938,18672,94015,13941,0.17295935381081182,0.427467574280195
1705,0.8437,1,4,1,586942,18668,94016,13940,0.1729223016784616,0.4275024533856722
1706,0.844,0,2,0,586944,18666,94016,13940,0.17290377561228648,0.42752867570385816
1707,0.8444,0,1,0,586945,18665,94016,13940,0.17289451257919894,0.42754178806931453
1708,0.845,1,6,1,586951,18659,94017,13939,0.1728389343806736,0.42760292042456594
1709,0.8458,0,1,0,586952,18658,94017,13939,0.17282967134758606,0.4276160382857318
1710,0.846,0,3,0,586955,18655,94017,13939,0.17280188224832338,0.4276553966987789
1711,0.8464,1,3,1,586958,18652,94018,13938,0.17277409314906073,0.4276772015955815
1712,0.8467,10,52,10,587010,18600,94028,13928,0.1722924154285079,0.4281849483521889
1713,0.8481,0,1,0,587011,18599,94028,13928,0.17228315239542036,0.42819811233744276
1714,0.8483,3,3,3,587014,18596,94031,13925,0.1722553632961577,0.42818486516404786
1715,0.8488,2,1,2,587015,18595,94033,13923,0.17224610026307013,0.4281628636447506
1716,0.8493,2,0,2,587015,18595,94035,13921,0.17224610026307013,0.4281276909829007
1717,0.8495,1,0,1,587015,18595,94036,13920,0.17224610026307013,0.4281101030293711
1718,0.85,573,1311,573,588326,17284,94609,13347,0.1601022638852866,0.43573503966569815
1719,0.8508,0,1,0,588327,17283,94609,13347,0.16009300085219905,0.4357492654260529
1720,0.8509,0,1,0,588328,17282,94609,13347,0.16008373781911148,0.43576349211531556
1721,0.8514,1,1,1,588329,17281,94610,13346,0.16007447478602393,0.4357592973520097
1722,0.8517,3,8,3,588337,17273,94613,13343,0.16000037052132352,0.43581787300757774
1723,0.8524,1,3,1,588340,17270,94614,13342,0.15997258142206083,0.4358421534038939
1724,0.8528,0,1,0,588341,17269,94614,13342,0.1599633183889733,0.43585639149325406
1725,0.8533,1,1,1,588342,17268,94615,13341,0.15995405535588572,0.4358522003332353
1726,0.8538,2,1,2,588343,17267,94617,13339,0.15994479232279818,0.4358295759001503
1727,0.8548,1,1,1,588344,17266,94618,13338,0.1599355292897106,0.4358253823029669
1728,0.855,9,26,9,588370,17240,94627,13329,0.1596946904294342,0.4360299649972194
1729,0.8556,1,0,1,588370,17240,94628,13328,0.1596946904294342,0.4360115153101282
1730,0.8557,1,0,1,588370,17240,94629,13327,0.1596946904294342,0.4359930644158733
1731,0.8567,1,7,1,588377,17233,94630,13326,0.15962984919782133,0.4360744788769266
1732,0.8571,2,6,2,588383,17227,94632,13324,0.159574270999296,0.4361232038231154
1733,0.8583,17,49,17,588432,17178,94649,13307,0.15912038237800585,0.4365097588978186
1734,0.8587,1,1,1,588433,17177,94650,13306,0.1591111193449183,0.4365055932815012
1735,0.8588,0,1,0,588434,17176,94650,13306,0.15910185631183074,0.43651991339150975
1736,0.8592,0,1,0,588435,17175,94650,13306,0.1590925932787432,0.43653423444112727
1737,0.8598,0,3,0,588438,17172,94650,13306,0.15906480417948052,0.4365772032285583
1738,0.86,20,56,20,588494,17116,94670,13286,0.1585460743265775,0.4370107229787514
1739,0.8603,0,1,0,588495,17115,94670,13286,0.15853681129348993,0.4370250978586231
1740,0.8604,0,1,0,588496,17114,94670,13286,0.15852754826040238,0.43703947368421053
1741,0.8607,3,3,3,588499,17111,94673,13283,0.15849975916113973,0.437027044811476
1742,0.8608,1,1,1,588500,17110,94674,13282,0.15849049612805216,0.43702290076335876
1743,0.8621,0,3,0,588503,17107,94674,13282,0.1584627070287895,0.43706604363420976
1744,0.8624,0,1,0,588504,17106,94674,13282,0.15845344399570196,0.4370804264841385
1745,0.8625,3,3,3,588507,17103,94677,13279,0.15842565489643928,0.4370680007899414
1746,0.8631,0,4,0,588511,17099,94677,13279,0.1583886027640891,0.43712555138587134
1747,0.8633,7,27,7,588538,17072,94684,13272,0.15813850087072512,0.4373846559451621
1748,0.8642,0,3,0,588541,17069,94684,13272,0.15811071177146244,0.4374279028377443
1749,0.865,2,3,2,588544,17066,94686,13270,0.15808292267219978,0.4374340717299578
1750,0.8653,0,1,0,588545,17065,94686,13270,0.15807365963911224,0.4374484918411076
1751,0.8656,1,0,1,588545,17065,94687,13269,0.15807365963911224,0.43742994659458034
1752,0.8657,1,5,1,588550,17060,94688,13268,0.15802734447367445,0.43748351358480614
1753,0.8661,0,1,0,588551,17059,94688,13268,0.1580180814405869,0.43749793913014806
1754,0.8663,1,0,1,588551,17059,94689,13267,0.1580180814405869,0.4374793906219086
1755,0.8664,1,1,1,588552,17058,94690,13266,0.15800881840749936,0.43747526711515633
1756,0.8667,336,749,336,589301,16309,95026,12930,0.15107080662492126,0.44221758610075584
1757,0.8673,1,0,1,589301,16309,95027,12929,0.15107080662492126,0.4421985087899309
1758,0.8683,3,2,3,589303,16307,95030,12926,0.15105228055874614,0.44217151848937847
1759,0.869,1,1,1,589304,16306,95031,12925,0.1510430175256586,0.44216756183503814
1760,0.8692,0,2,0,589306,16304,95031,12925,0.1510244914594835,0.4421978172363064
1761,0.8698,0,5,0,589311,16299,95031,12925,0.15097817629404572,0.44227347385710375
1762,0.8699,0,3,0,589314,16296,95031,12925,0.15095038719478307,0.44231888025734917
1763,0.87,2,3,2,589317,16293,95033,12923,0.1509225980955204,0.4423261226725082
1764,0.8703,1,4,1,589321,16289,95034,12922,0.1508855459631702,0.4423676012461059
1765,0.8708,1,3,1,589324,16286,95035,12921,0.1508577568639075,0.4423939466566234
1766,0.8714,2,8,2,589332,16278,95037,12919,0.1507836525992071,0.4424769668116587
1767,0.8717,7,12,7,589344,16266,95044,12912,0.15067249620215645,0.4425251902118034
1768,0.8727,1,0,1,589344,16266,95045,12911,0.15067249620215645,0.4425060835589677
1769,0.8733,1,4,1,589348,16262,95046,12910,0.15063544406980622,0.4425476484300014
1770,0.8739,1,1,1,589349,16261,95047,12909,0.15062618103671865,0.4425437092903668
1771,0.874,1,3,1,589352,16258,95048,12908,0.150598391937456,0.44257011588836315
1772,0.875,154,305,154,589657,15953,95202,12754,0.14777316684575198,0.4442818824676908
1773,0.8758,0,2,0,589659,15951,95202,12754,0.14775464077957687,0.44431283748475875
1774,0.8767,4,15,4,589674,15936,95206,12750,0.14761569528326354,0.4444676845848149
1775,0.8774,2,1,2,589675,15935,95208,12748,0.147606432250176,0.4444444444444444
1776,0.8775,1,1,1,589676,15934,95209,12747,0.14759716921708843,0.4444405704124682
1777,0.8778,1,5,1,589681,15929,95210,12746,0.14755085405165067,0.4444986922406277
1778,0.8781,1,1,1,589682,15928,95211,12745,0.14754159101856312,0.44449482091165904
1779,0.88,54,105,54,589787,15823,95265,12691,0.14656897254436993,0.44507961001613244
1780,0.8805,0,4,0,589791,15819,95265,12691,0.1465319204120197,0.4451420554191512
1781,0.8806,5,2,5,589793,15817,95270,12686,0.1465133943458446,0.4450759569168158
1782,0.8812,1,1,1,589794,15816,95271,12685,0.14650413131275705,0.44507210273323744
1783,0.8817,2,4,2,589798,15812,95273,12683,0.14646707918040683,0.44509563081242326
1784,0.8819,0,5,0,589803,15807,95273,12683,0.14642076401496906,0.4451737451737452
1785,0.8821,0,2,0,589805,15805,95273,12683,0.14640223794879395,0.4452049985959
1786,0.8833,44,93,44,589898,15712,95317,12639,0.1455407758716514,0.44580438079785545
1787,0.884,0,1,0,589899,15711,95317,12639,0.14553151283856386,0.44582010582010584
1788,0.8842,1,2,1,589901,15709,95318,12638,0.14551298677238875,0.4458320104420221
1789,0.8848,1,0,1,589901,15709,95319,12637,0.14551298677238875,0.44581246031186056
1790,0.885,3,8,3,589909,15701,95322,12634,0.14543888250768833,0.4458796541379919
1791,0.8857,8,10,8,589919,15691,95330,12626,0.14534625217681277,0.44588056644418544
1792,0.8861,0,2,0,589921,15689,95330,12626,0.14532772611063766,0.4459120607451881
1793,0.8875,0,2,0,589923,15687,95330,12626,0.14530920004446257,0.445943559495638
1794,0.888,0,2,0,589925,15685,95330,12626,0.14529067397828746,0.4459750626964784
1795,0.8881,1,0,1,589925,15685,95331,12625,0.14529067397828746,0.44595549275874247
1796,0.8883,0,5,0,589930,15680,95331,12625,0.14524435881284967,0.4460342695636813
1797,0.8889,0,2,0,589932,15678,95331,12625,0.14522583274667458,0.4460657880790022
1798,0.8899,2,1,2,589933,15677,95333,12623,0.145216569713587,0.44604240282685514
1799,0.89,1,8,1,589941,15669,95334,12622,0.1451424654488866,0.44614895196352194
1800,0.8909,2,0,2,589941,15669,95336,12620,0.1451424654488866,0.44610979532680545
1801,0.8915,2,0,2,589941,15669,95338,12618,0.1451424654488866,0.4460706331530385
1802,0.8917,11,27,11,589968,15642,95349,12607,0.14489236355552262,0.4462812842932493
1803,0.8919,0,2,0,589970,15640,95349,12607,0.1448738374893475,0.4463128827840125
1804,0.8923,0,1,0,589971,15639,95349,12607,0.14486457445625997,0.4463286837074276
1805,0.8929,2,1,2,589972,15638,95351,12605,0.1448553114231724,0.44630527918422264
1806,0.8933,1,6,1,589978,15632,95352,12604,0.14479973322464706,0.4463805071539878
1807,0.8945,1,0,1,589978,15632,95353,12603,0.14479973322464706,0.4463608995927041
1808,0.895,0,2,0,589980,15630,95353,12603,0.14478120715847198,0.4463925193922006
1809,0.8952,0,3,0,589983,15627,95353,12603,0.1447534180592093,0.44643995749202975
1810,0.8964,0,1,0,589984,15626,95353,12603,0.14474415502612176,0.44645577243260476
1811,0.8965,0,2,0,589986,15624,95353,12603,0.14472562895994665,0.44648740567541717
1812,0.8967,8,19,8,590005,15605,95361,12595,0.14454963133128312,0.44663120567375886
1813,0.8971,1,0,1,590005,15605,95362,12594,0.14454963133128312,0.4466115819709919
1814,0.8979,1,0,1,590005,15605,95363,12593,0.14454963133128312,0.4465919568763742
1815,0.9,7185,9680,7185,599685,5925,102548,5408,0.05488347104375857,0.477190505603106
1816,0.9014,0,2,0,599687,5923,102548,5408,0.05486494497758346,0.47727473303327156
1817,0.9017,0,6,0,599693,5917,102548,5408,0.054809366779058136,0.4775275938189846
1818,0.9022,1,4,1,599697,5913,102549,5407,0.05477231464670792,0.4776501766784452
1819,0.9023,0,1,0,599698,5912,102549,5407,0.05476305161362036,0.4776923756515593
1820,0.9029,0,1,0,599699,5911,102549,5407,0.05475378858053281,0.4777345820816399
1821,0.9033,0,1,0,599700,5910,102549,5407,0.05474452554744526,0.4777767959706636
1822,0.9042,0,1,0,599701,5909,102549,5407,0.0547352625143577,0.477819017320608
1823,0.905,9,21,9,599722,5888,102558,5398,0.05454073881951906,0.4782916888180046
1824,0.9067,0,6,0,599728,5882,102558,5398,0.05448516062099374,0.4785460992907801
1825,0.9071,0,1,0,599729,5881,102558,5398,0.054475897587906184,0.4785885273517156
1826,0.9079,0,2,0,599731,5879,102558,5398,0.05445737152173107,0.47867340604770775
1827,0.9083,9,14,9,599745,5865,102567,5389,0.05432768905850532,0.4788519637462236
1828,0.91,3,11,3,599756,5854,102570,5386,0.05422579569454222,0.4791814946619217
1829,0.9106,1,0,1,599756,5854,102571,5385,0.05422579569454222,0.4791351543731649
1830,0.9107,0,1,0,599757,5853,102571,5385,0.05421653266145467,0.4791777896422851
1831,0.9108,0,2,0,599759,5851,102571,5385,0.05419800659527956,0.47926308294766823
1832,0.9117,0,1,0,599760,5850,102571,5385,0.054188743562192006,0.47930574098798395
1833,0.9124,0,2,0,599762,5848,102571,5385,0.054170217496016894,0.4793910798540016
1834,0.9125,0,2,0,599764,5846,102571,5385,0.05415169142984179,0.4794764491140593
1835,0.9131,1,1,1,599765,5845,102572,5384,0.05414242839675423,0.4794727936592751
1836,0.9132,0,2,0,599767,5843,102572,5384,0.05412390233057913,0.4795582078916897
1837,0.9133,5,18,5,599785,5825,102577,5379,0.05395716773500315,0.48009639414494826
1838,0.9139,0,1,0,599786,5824,102577,5379,0.05394790470191559,0.48013924841560296
1839,0.9143,0,2,0,599788,5822,102577,5379,0.05392937863574049,0.4802249799125078
1840,0.9145,0,2,0,599790,5820,102577,5379,0.053910852569565376,0.4803107420305384
1841,0.915,0,3,0,599793,5817,102577,5379,0.053883063470302715,0.4804394426580922
1842,0.9156,1,0,1,599793,5817,102578,5378,0.053883063470302715,0.480393032603841
1843,0.9163,1,3,1,599796,5814,102579,5377,0.053855274371040054,0.48047538200339557
1844,0.9167,48,132,48,599928,5682,102627,5329,0.0526325540034829,0.48397057487966577
1845,0.9177,0,1,0,599929,5681,102627,5329,0.052623290970395344,0.48401453224341506
1846,0.919,0,2,0,599931,5679,102627,5329,0.05260476490422024,0.48410247093023256
1847,0.92,0,2,0,599933,5677,102627,5329,0.05258623883804513,0.48419044157732144
1848,0.9203,1,0,1,599933,5677,102628,5328,0.05258623883804513,0.4841435711040436
1849,0.9208,1,0,1,599933,5677,102629,5327,0.05258623883804513,0.48409669211195927
1850,0.9217,4,13,4,599946,5664,102633,5323,0.05246581940790693,0.48448166014380634
1851,0.9238,2,2,2,599948,5662,102635,5321,0.052447293341731815,0.484476008376582
1852,0.925,33,65,33,600013,5597,102668,5288,0.0518451961910408,0.48580615525953147
1853,0.9258,1,0,1,600013,5597,102669,5287,0.0518451961910408,0.48575891216464534
1854,0.9259,4,1,4,600014,5596,102673,5283,0.05183593315795324,0.48561448662560897
1855,0.9267,1,5,1,600019,5591,102674,5282,0.05178961799251547,0.4857904902050952
1856,0.9274,0,1,0,600020,5590,102674,5282,0.05178035495942791,0.48583517292126566
1857,0.9286,0,1,0,600021,5589,102674,5282,0.051771091926340364,0.4858798638579708
1858,0.93,14,35,14,600056,5554,102688,5268,0.05144688576827596,0.4867861763075217
1859,0.9302,0,1,0,600057,5553,102688,5268,0.05143762273518841,0.48683116163016354
1860,0.9314,1,0,1,600057,5553,102689,5267,0.05143762273518841,0.4867837338262477
1861,0.9321,1,0,1,600057,5553,102690,5266,0.05143762273518841,0.4867362972548295
1862,0.9324,1,1,1,600058,5552,102691,5265,0.051428359702100856,0.4867338448738097
1863,0.9333,53,92,53,600150,5460,102744,5212,0.05057616065804587,0.4883808095952024
1864,0.935,4,2,4,600152,5458,102748,5208,0.050557634591870765,0.48828051753234575
1865,0.9357,0,3,0,600155,5455,102748,5208,0.0505298454926081,0.4884178936509425
1866,0.9371,1,1,1,600156,5454,102749,5207,0.05052058245952055,0.4884157208517025
1867,0.9375,5,4,5,600160,5450,102754,5202,0.05048353032717033,0.4883589936162223
1868,0.9381,0,2,0,600162,5448,102754,5202,0.05046500426099522,0.48845070422535214
1869,0.9383,0,3,0,600165,5445,102754,5202,0.05043721516173256,0.4885883347421809
1870,0.94,5,8,5,600173,5437,102759,5197,0.050363110897032125,0.48871544103817943
1871,0.9407,3,1,3,600174,5436,102762,5194,0.05035384786394457,0.4886171213546566
1872,0.9417,24,40,24,600214,5396,102786,5170,0.0499833265404424,0.4893053189475677
1873,0.9429,1,3,1,600217,5393,102787,5169,0.04995553744117974,0.489395947737171
1874,0.9433,2,6,2,600223,5387,102789,5167,0.04989995924265442,0.489577411407997
1875,0.9444,1,1,1,600224,5386,102790,5166,0.04989069620956686,0.4895754359363154
1876,0.9457,1,1,1,600225,5385,102791,5165,0.049881433176479306,0.4895734597156398
1877,0.9464,0,1,0,600226,5384,102791,5165,0.04987217014339175,0.48961986918191297
1878,0.9467,11,21,11,600247,5363,102802,5154,0.04967764644855312,0.4900637063801464
1879,0.95,292,491,292,600738,4872,103094,4862,0.045129497202564005,0.49948633655229097
1880,0.9514,0,1,0,600739,4871,103094,4862,0.045120234169476456,0.4995376553991575
1881,0.9524,4,7,4,600746,4864,103098,4858,0.04505539293786357,0.4996914215182061
1882,0.9532,1,0,1,600746,4864,103099,4857,0.04505539293786357,0.49963995473716694
1883,0.9541,0,1,0,600747,4863,103099,4857,0.04504612990477602,0.49969135802469133
1884,0.9542,0,3,0,600750,4860,103099,4857,0.045018340805513354,0.4998456313677061
1885,0.9548,1,1,1,600751,4859,103100,4856,0.045009077772425805,0.4998455995882656
1886,0.955,7,9,7,600760,4850,103107,4849,0.044925710474637816,0.4999484482936385
1887,0.9556,1,1,1,600761,4849,103108,4848,0.04491644744155026,0.4999484376611323
1888,0.9578,0,1,0,600762,4848,103108,4848,0.044907184408462704,0.5
1889,0.9583,4,0,4,600762,4848,103112,4844,0.044907184408462704,0.49979364424267436
1890,0.96,7,13,7,600775,4835,103119,4837,0.044786764978324504,0.5001033912324235
1891,0.9607,1,1,1,600776,4834,103120,4836,0.04477750194523695,0.5001034126163392
1892,0.9614,0,4,0,600780,4830,103120,4836,0.04474044981288673,0.500310366232154
1893,0.9625,1,1,1,600781,4829,103121,4835,0.044731186779799176,0.5003104304635762
1894,0.9633,1,6,1,600787,4823,103122,4834,0.044675608581273854,0.5005695350522936
1895,0.9639,1,1,1,600788,4822,103123,4833,0.0446663455481863,0.5005696530295184
1896,0.9652,1,1,1,600789,4821,103124,4832,0.04465708251509874,0.5005697710556304
1897,0.9657,3,0,3,600789,4821,103127,4829,0.04465708251509874,0.5004145077720207
1898,0.9667,179,272,179,601061,4549,103306,4650,0.042137537515284006,0.5054897271442548
1899,0.9673,1,0,1,601061,4549,103307,4649,0.042137537515284006,0.505435964340074
1900,0.969,1,0,1,601061,4549,103308,4648,0.042137537515284006,0.5053821898445146
1901,0.97,1,2,1,601063,4547,103309,4647,0.042119011449108894,0.5054383293452251
1902,0.9708,1,1,1,601064,4546,103310,4646,0.042109748416021345,0.5054395126196692
1903,0.9714,3,7,3,601071,4539,103313,4643,0.04204490718440846,0.5056632541929863
1904,0.9715,1,1,1,601072,4538,103314,4642,0.04203564415132091,0.5056644880174292
1905,0.9722,0,1,0,601073,4537,103314,4642,0.042026381118233355,0.5057195772960017
1906,0.975,78,132,78,601205,4405,103392,4564,0.0408036607506762,0.5088638644218977
1907,0.9778,2,2,2,601207,4403,103394,4562,0.040785134684501095,0.5088678192972671
1908,0.98,32,53,32,601260,4350,103426,4530,0.04029419393086072,0.5101351351351351
1909,0.9818,0,1,0,601261,4349,103426,4530,0.040284930897773165,0.5101925892555468
1910,0.9833,13,19,13,601280,4330,103439,4517,0.04010893326910964,0.5105685543121963
1911,0.9857,5,12,5,601292,4318,103444,4512,0.039997776872058986,0.5109852774631937
1912,0.9875,2,2,2,601294,4316,103446,4510,0.03997925080588388,0.5109902560616361
1913,0.9889,0,4,0,601298,4312,103446,4510,0.039942198673533665,0.5112219451371571
1914,0.9917,0,1,0,601299,4311,103446,4510,0.03993293564044611,0.5112799002380682
1915,1.0,4510,4311,4510,605610,0,107956,0,0.0,
