,y_proba,y_test,Neg,Pos,TN,FP,FN,TP,FP/P,Prec
0,0.0,1861,28120,1861,28120,577490,1861,106095,5.349308977731669,0.15520381518026288
1,0.0026,0,3,0,28123,577487,1861,106095,5.349281188632406,0.15520449631499952
2,0.0029,0,6,0,28129,577481,1861,106095,5.349225610433881,0.15520585860240851
3,0.0036,0,2,0,28131,577479,1861,106095,5.3492070843677055,0.1552063127035259
4,0.004,0,3,0,28134,577476,1861,106095,5.349179295268443,0.15520699386018424
5,0.0043,1,4,1,28138,577472,1862,106094,5.349142243136092,0.15520666621803894
6,0.0045,0,6,0,28144,577466,1862,106094,5.349086664937567,0.1552080285563813
7,0.0047,0,1,0,28145,577465,1862,106094,5.34907740190448,0.15520825561509688
8,0.005,0,5,0,28150,577460,1862,106094,5.349031086739042,0.15520939091863994
9,0.0053,0,4,0,28154,577456,1862,106094,5.348994034606692,0.15521029917343282
10,0.0056,0,1,0,28155,577455,1862,106094,5.348984771573604,0.15521052623879195
11,0.0059,0,3,0,28158,577452,1862,106094,5.348956982474341,0.1552112074388556
12,0.0061,0,2,0,28160,577450,1862,106094,5.348938456408166,0.1552116615755533
13,0.0062,0,8,0,28168,577442,1862,106094,5.348864352143466,0.15521347814891973
14,0.0065,0,7,0,28175,577435,1862,106094,5.348799510911853,0.1552150676854969
15,0.0067,0,9,0,28184,577426,1862,106094,5.348716143614065,0.15521711142322098
16,0.0069,0,1,0,28185,577425,1862,106094,5.348706880580978,0.15521733850851258
17,0.007,0,2,0,28187,577423,1862,106094,5.3486883545148025,0.15521779268108912
18,0.0071,0,8,0,28195,577415,1862,106094,5.348614250250102,0.15521960939797427
19,0.0077,1,15,1,28210,577400,1863,106093,5.348475304753789,0.15522177988655333
20,0.0078,1,1,1,28211,577399,1864,106092,5.348466041720701,0.1552207710123469
21,0.008,0,3,0,28214,577396,1864,106092,5.348438252621438,0.1552214523151833
22,0.0082,0,2,0,28216,577394,1864,106092,5.348419726555263,0.1552219065203969
23,0.0083,3,25,3,28241,577369,1867,106089,5.348188150728074,0.15522387622940986
24,0.0086,0,3,0,28244,577366,1867,106089,5.348160361628811,0.15522455757877257
25,0.0091,4,48,4,28292,577318,1871,106085,5.347715736040609,0.15523051552305156
26,0.0095,0,2,0,28294,577316,1871,106085,5.347697209974434,0.1552309698112821
27,0.0097,0,6,0,28300,577310,1871,106085,5.347641631775908,0.1552323326919278
28,0.0098,0,1,0,28301,577309,1871,106085,5.347632368742821,0.15523255984102874
29,0.01,0,45,0,28346,577264,1871,106085,5.347215532253881,0.15524278223865112
30,0.0105,1,10,1,28356,577254,1872,106084,5.347122901923005,0.15524381784709762
31,0.0111,2,44,2,28400,577210,1874,106082,5.346715328467154,0.1552513420323961
32,0.0113,0,3,0,28403,577207,1874,106082,5.346687539367891,0.155252023667877
33,0.0115,0,1,0,28404,577206,1874,106082,5.346678276334803,0.15525225088103406
34,0.0118,0,4,0,28408,577202,1874,106082,5.346641224202453,0.15525315974031295
35,0.0119,0,5,0,28413,577197,1874,106082,5.346594909037015,0.1552542958293757
36,0.0121,0,1,0,28414,577196,1874,106082,5.346585646003928,0.1552545230491835
37,0.0125,7,121,7,28535,577075,1881,106075,5.345464819000333,0.1552733660250311
38,0.013,2,6,2,28541,577069,1883,106073,5.345409240801808,0.1552722567196864
39,0.0133,1,15,1,28556,577054,1884,106072,5.345270295305495,0.15527442960742235
40,0.0136,0,6,0,28562,577048,1884,106072,5.34521471710697,0.15527579341843306
41,0.0138,0,2,0,28564,577046,1884,106072,5.345196191040794,0.15527624802742718
42,0.0143,17,165,17,28729,576881,1901,106055,5.343667790581348,0.1552927360689728
43,0.0147,0,5,0,28734,576876,1901,106055,5.34362147541591,0.15529387302670403
44,0.0148,0,1,0,28735,576875,1901,106055,5.343612212382823,0.15529410042024805
45,0.0149,0,5,0,28740,576870,1901,106055,5.343565897217385,0.1552952373979573
46,0.015,1,6,1,28746,576864,1902,106054,5.3435103190188595,0.15529536489007464
47,0.0152,0,2,0,28748,576862,1902,106054,5.343491792952684,0.1552958196908551
48,0.0154,0,16,0,28764,576846,1902,106054,5.343343584423284,0.15529945819300045
49,0.0157,0,1,0,28765,576845,1902,106054,5.343334321390196,0.15529968560504556
50,0.0158,0,2,0,28767,576843,1902,106054,5.3433157953240205,0.15530014043113383
51,0.016,0,1,0,28768,576842,1902,106054,5.343306532290933,0.155300367845177
52,0.0161,0,1,0,28769,576841,1902,106054,5.343297269257846,0.1553005952598862
53,0.0162,3,17,3,28786,576824,1905,106051,5.343139797695358,0.15530075050338643
54,0.0164,0,1,0,28787,576823,1905,106051,5.3431305346622695,0.15530097792564954
55,0.0167,25,189,25,28976,576634,1930,106026,5.341379821408722,0.15531304016640787
56,0.017,0,2,0,28978,576632,1930,106026,5.341361295342547,0.1553134951908569
57,0.0176,0,4,0,28982,576628,1930,106026,5.341324243210197,0.1553144052477536
58,0.0178,1,28,1,29010,576600,1931,106025,5.3410648782837455,0.15531953854605385
59,0.0179,0,7,0,29017,576593,1931,106025,5.341000037052132,0.15532113129158623
60,0.018,0,2,0,29019,576591,1931,106025,5.340981510985957,0.15532158636773824
61,0.0182,0,33,0,29052,576558,1931,106025,5.340675830894068,0.15532909550926408
62,0.0183,0,2,0,29054,576556,1931,106025,5.340657304827893,0.15532955063208614
63,0.0185,1,2,1,29056,576554,1932,106024,5.3406387787617176,0.1553287682872873
64,0.0188,0,5,0,29061,576549,1932,106024,5.34059246359628,0.15532990610528105
65,0.0189,0,2,0,29063,576547,1932,106024,5.340573937530105,0.15533036123714603
66,0.0191,1,2,1,29065,576545,1933,106023,5.34055541146393,0.15532957888444815
67,0.0192,1,3,1,29068,576542,1934,106022,5.340527622364667,0.15532902409151375
68,0.0193,0,1,0,29069,576541,1934,106022,5.34051835933158,0.15532925165882125
69,0.0194,0,6,0,29075,576535,1934,106022,5.340462781133054,0.15533061707666906
70,0.0195,0,5,0,29080,576530,1934,106022,5.340416465967617,0.1553317549432131
71,0.0196,0,2,0,29082,576528,1934,106022,5.340397939901441,0.15533221009449857
72,0.02,25,315,25,29397,576213,1959,105997,5.3374800844788615,0.1553729789947377
73,0.0202,0,1,0,29398,576212,1959,105997,5.337470821445774,0.15537320674456068
74,0.0203,0,3,0,29401,576209,1959,105997,5.337443032346512,0.15537388999803578
75,0.0206,0,1,0,29402,576208,1959,105997,5.337433769313424,0.15537411775052953
76,0.0207,0,3,0,29405,576205,1959,105997,5.337405980214161,0.15537480101201698
77,0.021,0,1,0,29406,576204,1959,105997,5.337396717181074,0.1553750287671815
78,0.0211,0,5,0,29411,576199,1959,105997,5.337350402015636,0.15537616755301994
79,0.0212,1,33,1,29444,576166,1960,105996,5.337044721923747,0.15538244581199187
80,0.0214,1,21,1,29465,576145,1961,105995,5.336850198228908,0.15538599114551266
81,0.0216,0,2,0,29467,576143,1961,105995,5.336831672162733,0.1553864467307202
82,0.0217,0,6,0,29473,576137,1961,105995,5.3367760939642075,0.15538781350237196
83,0.022,0,2,0,29475,576135,1961,105995,5.336757567898032,0.15538826909826572
84,0.0222,1,47,1,29522,576088,1962,105994,5.336322205342918,0.15539773810187044
85,0.0225,1,12,1,29534,576076,1963,105993,5.3362110489458665,0.15539923380185874
86,0.0226,0,6,0,29540,576070,1963,105993,5.336155470747341,0.15540060082426405
87,0.0227,0,9,0,29549,576061,1963,105993,5.3360721034495535,0.1554026514029681
88,0.023,0,1,0,29550,576060,1963,105993,5.336062840416466,0.15540287924838686
89,0.0231,1,47,1,29597,576013,1964,105992,5.335627477861351,0.15541235034933762
90,0.0233,0,4,0,29601,576009,1964,105992,5.335590425729,0.1554132618573873
91,0.0234,0,1,0,29602,576008,1964,105992,5.335581162695913,0.1554134897360704
92,0.0235,2,44,2,29646,575964,1966,105990,5.3351735892400605,0.15542104012880634
93,0.0238,1,5,1,29651,575959,1967,105989,5.335127274074623,0.1554209411861315
94,0.0241,0,1,0,29652,575958,1967,105989,5.335118011041535,0.1554211690937859
95,0.0243,0,1,0,29653,575957,1967,105989,5.335108748008448,0.15542139700210866
96,0.0246,0,1,0,29654,575956,1967,105989,5.33509948497536,0.15542162491109987
97,0.0247,0,2,0,29656,575954,1967,105989,5.335080958909185,0.1554220807310875
98,0.0249,0,2,0,29658,575952,1967,105989,5.33506243284301,0.1554225365537488
99,0.025,66,593,66,30251,575359,2033,105923,5.32956945422209,0.15547599965946554
100,0.0253,0,2,0,30253,575357,2033,105923,5.329550928155915,0.1554764560826679
101,0.0254,0,3,0,30256,575354,2033,105923,5.329523139056652,0.15547714072249613
102,0.0256,0,2,0,30258,575352,2033,105923,5.329504612990478,0.1554775971523981
103,0.0258,1,3,1,30261,575349,2034,105922,5.329476823891215,0.15547704217558064
104,0.0259,1,30,1,30291,575319,2035,105921,5.3291989328985885,0.15548264928659503
105,0.026,0,1,0,30292,575318,2035,105921,5.3291896698655,0.1554828775216921
106,0.0261,0,3,0,30295,575315,2035,105921,5.329161880766238,0.15548356223100365
107,0.0263,1,4,1,30299,575311,2036,105920,5.329124828633888,0.15548323549574228
108,0.0265,1,0,1,30299,575311,2037,105919,5.329124828633888,0.1554819958017116
109,0.0266,0,7,0,30306,575304,2037,105919,5.329059987402275,0.15548359347820023
110,0.0267,2,20,2,30326,575284,2039,105917,5.328874726740524,0.15548567896993692
111,0.0268,0,1,0,30327,575283,2039,105917,5.328865463707436,0.15548590722254843
112,0.0269,0,1,0,30328,575282,2039,105917,5.328856200674349,0.15548613547583012
113,0.027,0,4,0,30332,575278,2039,105917,5.3288191485419985,0.15548704849565836
114,0.0271,0,2,0,30334,575276,2039,105917,5.328800622475823,0.15548750500959346
115,0.0273,7,59,7,30393,575217,2046,105910,5.3282541035236575,0.15549229438856482
116,0.0277,0,2,0,30395,575215,2046,105910,5.328235577457483,0.15549275096347953
117,0.0278,0,8,0,30403,575207,2046,105910,5.328161473192782,0.15549457728995164
118,0.0279,1,20,1,30423,575187,2047,105909,5.3279762125310315,0.1554979033792593
119,0.0281,0,1,0,30424,575186,2047,105909,5.327966949497943,0.15549813168500723
120,0.0282,0,1,0,30425,575185,2047,105909,5.327957686464856,0.15549835999142556
121,0.0283,4,6,4,30431,575179,2051,105905,5.327902108266331,0.15549477010177892
122,0.0286,21,171,21,30602,575008,2072,105884,5.326318129608359,0.15550777509502242
123,0.0288,0,6,0,30608,575002,2072,105884,5.326262551409834,0.15550914543697478
124,0.0292,0,4,0,30612,574998,2072,105884,5.326225499277483,0.15551005901169365
125,0.0294,0,9,0,30621,574989,2072,105884,5.3261421319796955,0.15551211459405792
126,0.0296,0,6,0,30627,574983,2072,105884,5.32608655378117,0.15551348501249143
127,0.0297,0,3,0,30630,574980,2072,105884,5.326058764681908,0.1555141702307656
128,0.03,4,102,4,30732,574878,2076,105880,5.325113935306977,0.15553250934987176
129,0.0303,0,1,0,30733,574877,2076,105880,5.3251046722738895,0.15553273781980942
130,0.0307,0,1,0,30734,574876,2076,105880,5.325095409240801,0.1555329662904183
131,0.0308,2,20,2,30754,574856,2078,105878,5.32491014857905,0.15553505480848615
132,0.031,0,16,0,30770,574840,2078,105878,5.32476194004965,0.15553871059675226
133,0.0311,0,2,0,30772,574838,2078,105878,5.324743413983475,0.15553916758236916
134,0.0312,0,17,0,30789,574821,2078,105878,5.3245859424209865,0.15554305206853544
135,0.0316,0,3,0,30792,574818,2078,105878,5.324558153321724,0.15554373758623527
136,0.0317,0,1,0,30793,574817,2078,105878,5.324548890288636,0.15554396609347798
137,0.0318,0,5,0,30798,574812,2078,105878,5.324502575123199,0.1555451086397626
138,0.0319,1,5,1,30803,574807,2079,105877,5.324456259957761,0.15554501060697767
139,0.0321,1,0,1,30803,574807,2080,105876,5.324456259957761,0.1555437700074778
140,0.0325,0,11,0,30814,574796,2080,105876,5.324354366593798,0.1555462836726059
141,0.0328,1,27,1,30841,574769,2081,105875,5.324104264700433,0.15555121326273352
142,0.033,0,1,0,30842,574768,2081,105875,5.324095001667346,0.1555514417984171
143,0.0333,100,1108,100,31950,573660,2181,105775,5.313831561006336,0.15568082303678793
144,0.0334,0,12,0,31962,573648,2181,105775,5.313720404609286,0.15568357267858168
145,0.0338,0,3,0,31965,573645,2181,105775,5.313692615510023,0.15568426010420652
146,0.0339,0,5,0,31970,573640,2181,105775,5.313646300344585,0.15568540582707183
147,0.0341,0,1,0,31971,573639,2181,105775,5.313637037311497,0.1556856349736685
148,0.0342,0,1,0,31972,573638,2181,105775,5.31362777427841,0.15568586412093968
149,0.0343,3,9,3,31981,573629,2184,105772,5.313544406980622,0.15568419828643174
150,0.0344,0,3,0,31984,573626,2184,105772,5.313516617881359,0.155684885737079
151,0.0345,0,2,0,31986,573624,2184,105772,5.313498091815184,0.15568534404088338
152,0.0346,3,73,3,32059,573551,2187,105769,5.312821890399793,0.15569834540422775
153,0.0347,0,4,0,32063,573547,2187,105769,5.312784838267442,0.1556992621990355
154,0.0348,0,5,0,32068,573542,2187,105769,5.312738523102005,0.15570040820772812
155,0.0349,0,1,0,32069,573541,2187,105769,5.312729260068917,0.15570063741149107
156,0.035,2,35,2,32104,573506,2189,105767,5.312405053910853,0.15570617410084017
157,0.0353,0,3,0,32107,573503,2189,105767,5.31237726481159,0.1557068617780853
158,0.0357,3,39,3,32146,573464,2192,105764,5.3120160065211754,0.1557120731183049
159,0.0358,0,4,0,32150,573460,2192,105764,5.311978954388825,0.1557129901181348
160,0.036,0,1,0,32151,573459,2192,105764,5.3119696913557375,0.1557132193697799
161,0.0361,0,1,0,32152,573458,2192,105764,5.31196042832265,0.1557134486221
162,0.0363,2,24,2,32176,573434,2194,105762,5.311738115528549,0.15571646476127657
163,0.0364,6,45,6,32221,573389,2200,105756,5.311321279039609,0.15571932356124243
164,0.0365,0,1,0,32222,573388,2200,105756,5.3113120160065215,0.15571955284888037
165,0.0367,0,9,0,32231,573379,2200,105756,5.311228648708733,0.15572161646800708
166,0.0368,0,9,0,32240,573370,2200,105756,5.311145281410945,0.15572368014182936
167,0.037,0,2,0,32242,573368,2200,105756,5.3111267553447705,0.15572413874344007
168,0.0371,2,49,2,32291,573319,2202,105754,5.31067286672348,0.15573288880576905
169,0.0372,0,1,0,32292,573318,2202,105754,5.310663603690393,0.1557331181376938
170,0.0373,0,1,0,32293,573317,2202,105754,5.310654340657305,0.15573334747029396
171,0.0375,13,122,13,32415,573195,2215,105741,5.3095242506206235,0.15574516596556964
172,0.0376,0,2,0,32417,573193,2215,105741,5.309505724554448,0.15574562475881307
173,0.0377,0,4,0,32421,573189,2215,105741,5.309468672422098,0.15574654235340904
174,0.0378,0,1,0,32422,573188,2215,105741,5.30945940938901,0.15574677175374746
175,0.0379,1,1,1,32423,573187,2216,105740,5.309450146355923,0.15574575764404716
176,0.0381,0,5,0,32428,573182,2216,105740,5.309403831190485,0.15574690465178623
177,0.0382,2,5,2,32433,573177,2218,105738,5.309357516025047,0.15574556461412695
178,0.0385,1,8,1,32441,573169,2219,105737,5.3092834117603465,0.15574615631619104
179,0.0386,0,3,0,32444,573166,2219,105737,5.309255622661084,0.1557468445418565
180,0.0387,0,10,0,32454,573156,2219,105737,5.309162992330209,0.15574913867133702
181,0.0389,2,25,2,32479,573131,2221,105735,5.30893141650302,0.15575238706902392
182,0.0392,0,4,0,32483,573127,2221,105735,5.308894364370669,0.15575330479537816
183,0.0393,0,15,0,32498,573112,2221,105735,5.308755418874356,0.1557567463655286
184,0.0395,0,1,0,32499,573111,2221,105735,5.308746155841269,0.15575697580894635
185,0.0397,2,15,2,32514,573096,2223,105733,5.308607210344955,0.1557579302003892
186,0.0398,1,18,1,32532,573078,2224,105732,5.3084404757493795,0.15576081672338357
187,0.04,37,379,37,32911,572699,2261,105695,5.304929786209196,0.15580179069979982
188,0.0404,0,6,0,32917,572693,2261,105695,5.304874208010671,0.15580316868812538
189,0.0405,1,12,1,32929,572681,2262,105694,5.30476305161362,0.15580468030219274
190,0.0407,0,9,0,32938,572672,2262,105694,5.304679684315833,0.155806747390052
191,0.0408,2,28,2,32966,572644,2264,105692,5.304420319389381,0.1558106896877064
192,0.0409,1,17,1,32983,572627,2265,105691,5.304262847826893,0.15581335008064065
193,0.041,0,2,0,32985,572625,2265,105691,5.304244321760717,0.1558138094929207
194,0.0411,2,40,2,33025,572585,2267,105689,5.3038738004372155,0.15582050911578507
195,0.0412,0,10,0,33035,572575,2267,105689,5.3037811701063395,0.15582280645884197
196,0.0413,0,1,0,33036,572574,2267,105689,5.303771907073252,0.1558230361968735
197,0.0414,0,33,0,33069,572541,2267,105689,5.303466226981363,0.15583061793196998
198,0.0416,0,5,0,33074,572536,2267,105689,5.303419911815925,0.15583176674407462
199,0.0417,3,59,3,33133,572477,2270,105686,5.302873392863759,0.15584158970630954
200,0.0419,1,19,1,33152,572458,2271,105685,5.3026973952350955,0.15584471121872526
201,0.0421,1,9,1,33161,572449,2272,105684,5.302614027937308,0.15584553472548895
202,0.0422,0,2,0,33163,572447,2272,105684,5.302595501871132,0.15584599435802227
203,0.0423,1,3,1,33166,572444,2273,105683,5.30256771277187,0.1558454389811938
204,0.0424,1,16,1,33182,572428,2274,105682,5.3024195042424696,0.15584787128931885
205,0.0425,2,2,2,33184,572426,2276,105680,5.302400978176294,0.1558458412106662
206,0.0426,0,11,0,33195,572415,2276,105680,5.302299084812331,0.15584836932878138
207,0.0427,2,21,2,33216,572394,2278,105678,5.302104561117492,0.1558507061197041
208,0.0429,16,227,16,33443,572167,2294,105662,5.300001852606617,0.15588297343430274
209,0.0431,0,2,0,33445,572165,2294,105662,5.299983326540443,0.15588343338344446
210,0.0432,1,8,1,33453,572157,2295,105661,5.299909222275742,0.15588402786588731
211,0.0433,1,19,1,33472,572138,2296,105660,5.2997332246470785,0.1558871522193928
212,0.0435,0,1,0,33473,572137,2296,105660,5.299723961613991,0.15588738221030782
213,0.0436,0,2,0,33475,572135,2296,105660,5.299705435547816,0.15588784219417376
214,0.0437,1,20,1,33495,572115,2297,105659,5.299520174886065,0.15589119677060495
215,0.0438,2,18,2,33513,572097,2299,105657,5.2993534402904885,0.15589284607689516
216,0.0439,0,16,0,33529,572081,2299,105657,5.299205231761088,0.15589652638630266
217,0.044,0,4,0,33533,572077,2299,105657,5.2991681796287375,0.15589744649080614
218,0.0441,0,2,0,33535,572075,2299,105657,5.299149653562562,0.15589790654713073
219,0.0444,4,100,4,33635,571975,2303,105653,5.298223350253807,0.15591593027442785
220,0.0446,0,1,0,33636,571974,2303,105653,5.298214087220719,0.15591616036551081
221,0.0448,0,1,0,33637,571973,2303,105653,5.298204824187632,0.1559163904572729
222,0.045,3,50,3,33687,571923,2306,105650,5.297741672533254,0.1559241587253329
223,0.0451,1,2,1,33689,571921,2307,105649,5.297723146467079,0.1559233732308101
224,0.0452,2,18,2,33707,571903,2309,105647,5.297556411871503,0.15592502398346986
225,0.0454,1,15,1,33722,571888,2310,105646,5.29741746637519,0.15592723022018085
226,0.0455,7,82,7,33804,571806,2317,105639,5.29665789766201,0.15593738237052454
227,0.0456,0,3,0,33807,571803,2317,105639,5.296630108562748,0.15593807292727643
228,0.0457,0,1,0,33808,571802,2317,105639,5.29662084552966,0.15593830311421955
229,0.0458,0,11,0,33819,571791,2317,105639,5.296518952165697,0.1559408352154466
230,0.0459,0,3,0,33822,571788,2317,105639,5.296491163066435,0.15594152580278023
231,0.0462,1,40,1,33862,571748,2318,105638,5.296120641742933,0.15594948817956084
232,0.0463,1,7,1,33869,571741,2319,105637,5.296055800511319,0.15594985370059258
233,0.0464,0,9,0,33878,571732,2319,105637,5.295972433213532,0.1559519257598148
234,0.0466,0,2,0,33880,571730,2319,105637,5.295953907147356,0.1559523862248973
235,0.0467,1,27,1,33907,571703,2320,105636,5.295703805253992,0.15595735665597285
236,0.0468,0,25,0,33932,571678,2320,105636,5.295472229426804,0.15596311312035482
237,0.0471,1,8,1,33940,571670,2321,105635,5.295398125162103,0.1559637091118477
238,0.0472,0,1,0,33941,571669,2321,105635,5.295388862129015,0.15596393938320163
239,0.0473,0,22,0,33963,571647,2321,105635,5.295185075401089,0.15596900552502502
240,0.0474,0,9,0,33972,571638,2321,105635,5.295101708103301,0.15597107813245176
241,0.0475,2,48,2,34020,571590,2323,105633,5.294657082515099,0.15597964038433426
242,0.0476,3,19,3,34039,571571,2326,105630,5.294481084886435,0.15598027764282688
243,0.0477,0,3,0,34042,571568,2326,105630,5.294453295787172,0.1559809686384189
244,0.0478,0,5,0,34047,571563,2326,105630,5.294406980621734,0.15598212031134404
245,0.048,2,15,2,34062,571548,2328,105628,5.294268035125421,0.1559830826845606
246,0.0481,0,2,0,34064,571546,2328,105628,5.294249509059246,0.15598354337289974
247,0.0483,0,17,0,34081,571529,2328,105628,5.294092037496758,0.15598745933365527
248,0.0484,0,12,0,34093,571517,2328,105628,5.293980881099707,0.15599022365962978
249,0.0485,0,28,0,34121,571489,2328,105628,5.293721516173256,0.15599667413460303
250,0.0486,1,9,1,34130,571480,2329,105627,5.293638148875468,0.15599750113349883
251,0.0487,1,2,1,34132,571478,2330,105626,5.293619622809293,0.15599671542333232
252,0.0488,0,8,0,34140,571470,2330,105626,5.293545518544592,0.15599855855004313
253,0.0489,1,28,1,34168,571442,2331,105625,5.293286153618141,0.15600376329078217
254,0.049,0,1,0,34169,571441,2331,105625,5.293276890585053,0.15600399370223877
255,0.0491,1,1,1,34170,571440,2332,105624,5.293267627551965,0.15600297756194392
256,0.0493,0,14,0,34184,571426,2332,105624,5.2931379450887395,0.15600620338232035
257,0.0494,0,3,0,34187,571423,2332,105624,5.293110155989477,0.15600689464690043
258,0.0495,1,27,1,34214,571396,2333,105623,5.2928600540961135,0.1560118696816485
259,0.0496,0,1,0,34215,571395,2333,105623,5.292850791063025,0.15601210012141478
260,0.0498,0,19,0,34234,571376,2333,105623,5.2926747934343625,0.15601647860631995
261,0.0499,0,2,0,34236,571374,2333,105623,5.292656267368187,0.15601693951376447
262,0.05,207,2290,207,36526,569084,2540,105416,5.271443921597688,0.1562876204595997
263,0.0501,0,23,0,36549,569061,2540,105416,5.271230871836674,0.1562929499449203
264,0.0503,0,5,0,36554,569056,2540,105416,5.271184556671236,0.15629410857678303
265,0.0506,1,3,1,36557,569053,2541,105415,5.2711567675719735,0.15629355284461235
266,0.0508,0,7,0,36564,569046,2541,105415,5.271091926340361,0.15629517496193257
267,0.051,0,4,0,36568,569042,2541,105415,5.27105487420801,0.15629610190123314
268,0.0511,1,18,1,36586,569024,2542,105414,5.270888139612435,0.1562990222970829
269,0.0512,0,8,0,36594,569016,2542,105414,5.270814035347734,0.15630087629553846
270,0.0514,0,1,0,36595,569015,2542,105414,5.270804772314647,0.15630110804843803
271,0.0515,0,8,0,36603,569007,2542,105414,5.270730668049946,0.156302962096376
272,0.0516,4,93,4,36696,568914,2546,105410,5.269869205972804,0.15631951406148972
273,0.0517,1,27,1,36723,568887,2547,105409,5.26961910407944,0.15632452216830592
274,0.0518,0,4,0,36727,568883,2547,105409,5.26958205194709,0.15632544950852154
275,0.0519,2,11,2,36738,568872,2549,105407,5.269480158583127,0.15632549730897743
276,0.052,2,1,2,36739,568871,2551,105405,5.269470895550039,0.156323226690554
277,0.0521,0,1,0,36740,568870,2551,105405,5.269461632516951,0.15632345852953172
278,0.0522,1,12,1,36752,568858,2552,105404,5.269350476119901,0.1563249893958135
279,0.0523,0,6,0,36758,568852,2552,105404,5.269294897921375,0.15632638048456374
280,0.0524,0,7,0,36765,568845,2552,105404,5.2692300566897625,0.15632800345273037
281,0.0525,5,37,5,36802,568808,2557,105399,5.268887324465523,0.15633032584947945
282,0.0526,2,8,2,36810,568800,2559,105397,5.268813220200823,0.15632967812078666
283,0.0528,0,20,0,36830,568780,2559,105397,5.268627959539072,0.15633431576574106
284,0.0529,1,54,1,36884,568726,2560,105396,5.268127755752343,0.1563455872972548
285,0.0531,0,1,0,36885,568725,2560,105396,5.268118492719256,0.15634581922236512
286,0.0533,3,56,3,36941,568669,2563,105393,5.267599762866353,0.1563550533927146
287,0.0535,4,20,4,36961,568649,2567,105389,5.267414502204602,0.15635468623430726
288,0.0536,0,23,0,36984,568626,2567,105389,5.267201452443588,0.156360021661239
289,0.0537,0,2,0,36986,568624,2567,105389,5.267182926377413,0.15636048562861546
290,0.0538,1,24,1,37010,568600,2568,105388,5.266960613583311,0.15636480174721212
291,0.0539,1,30,1,37040,568570,2569,105387,5.266682722590685,0.15637051028478077
292,0.054,0,33,0,37073,568537,2569,105387,5.266377042498796,0.15637816727108694
293,0.0541,0,2,0,37075,568535,2569,105387,5.2663585164326205,0.15637863135496394
294,0.0543,2,8,2,37083,568527,2571,105385,5.26628441216792,0.1563779840691366
295,0.0544,1,14,1,37097,568513,2572,105384,5.266154729704694,0.15637998091696506
296,0.0545,4,62,4,37159,568451,2576,105380,5.265580421653266,0.15638936172423057
297,0.0546,0,1,0,37160,568450,2576,105380,5.265571158620179,0.1563895938144636
298,0.0547,0,3,0,37163,568447,2576,105380,5.265543369520916,0.15639029008929592
299,0.0548,0,3,0,37166,568444,2576,105380,5.265515580421654,0.15639098637032817
300,0.0549,1,27,1,37193,568417,2577,105379,5.265265478528289,0.15639600116355692
301,0.055,2,13,2,37206,568404,2579,105377,5.265145059098151,0.15639651459450474
302,0.0551,0,5,0,37211,568399,2579,105377,5.265098743932714,0.15639767519175513
303,0.0552,0,17,0,37228,568382,2579,105377,5.2649412723702245,0.15640162135125468
304,0.0553,1,46,1,37274,568336,2580,105376,5.264515172848197,0.15641104804426817
305,0.0554,0,3,0,37277,568333,2580,105376,5.264487383748935,0.15641174453658777
306,0.0555,0,20,0,37297,568313,2580,105376,5.264302123087184,0.15641638797724172
307,0.0556,14,121,14,37418,568192,2594,105362,5.26318129608359,0.15642695314703794
308,0.0557,0,1,0,37419,568191,2594,105362,5.263172033050502,0.15642718538852918
309,0.0558,0,9,0,37428,568182,2594,105362,5.263088665752714,0.15642927559298278
310,0.0559,1,12,1,37440,568170,2595,105361,5.262977509355664,0.15643081016315508
311,0.056,3,14,3,37454,568156,2598,105358,5.262847826892438,0.15643030434408192
312,0.0561,2,8,2,37462,568148,2600,105356,5.262773722627737,0.15642965743336343
313,0.0562,3,17,3,37479,568131,2603,105353,5.262616251065249,0.15642984837056262
314,0.0564,3,10,3,37489,568121,2606,105350,5.262523620734373,0.15642841339864672
315,0.0565,0,5,0,37494,568116,2606,105350,5.262477305568935,0.15642957476695185
316,0.0566,0,40,0,37534,568076,2606,105350,5.262106784245433,0.15643886633423718
317,0.0567,1,31,1,37565,568045,2607,105349,5.261819630219719,0.1564448153681203
318,0.0569,0,3,0,37568,568042,2607,105349,5.2617918411204565,0.15644551233978476
319,0.057,0,3,0,37571,568039,2607,105349,5.261764052021194,0.15644620931765935
320,0.0571,17,166,17,37737,567873,2624,105332,5.26022638852866,0.15646348437697283
321,0.0572,1,23,1,37760,567850,2625,105331,5.260013338767646,0.1564675770706541
322,0.0573,1,28,1,37788,567822,2626,105330,5.259753973841194,0.15647283228750714
323,0.0574,0,10,0,37798,567812,2626,105330,5.259661343510319,0.15647515680198235
324,0.0575,0,1,0,37799,567811,2626,105330,5.259652080477231,0.15647538925722843
325,0.0576,1,29,1,37828,567782,2627,105329,5.259383452517692,0.1564808775967114
326,0.0577,1,28,1,37856,567754,2628,105328,5.259124087591241,0.1564861339331612
327,0.0578,1,32,1,37888,567722,2629,105327,5.2588276705324395,0.15649232076713582
328,0.0579,1,14,1,37902,567708,2630,105326,5.258697988069214,0.15649432272366626
329,0.058,3,17,3,37919,567691,2633,105323,5.258540516506725,0.1564945157158692
330,0.0581,0,1,0,37920,567690,2633,105323,5.258531253473637,0.15649474824409038
331,0.0582,2,3,2,37923,567687,2635,105321,5.258503464374375,0.15649293916268456
332,0.0583,5,79,5,38002,567608,2640,105316,5.257771684760458,0.15650504366020532
333,0.0586,3,58,3,38060,567550,2643,105313,5.25723442884138,0.15651477343827794
334,0.0587,0,3,0,38063,567547,2643,105313,5.257206639742117,0.1565154712718842
335,0.0588,2,39,2,38102,567508,2645,105311,5.256845381451702,0.15652203638720072
336,0.0589,0,1,0,38103,567507,2645,105311,5.256836118418615,0.15652226902371816
337,0.059,0,21,0,38124,567486,2645,105311,5.256641594723776,0.15652715455033242
338,0.0591,2,9,2,38133,567477,2647,105309,5.256558227425988,0.1565267410439575
339,0.0593,2,19,2,38152,567458,2649,105307,5.256382229797325,0.1565286541362883
340,0.0594,0,7,0,38159,567451,2649,105307,5.256317388565712,0.15653028280600156
341,0.0595,2,11,2,38170,567440,2651,105305,5.256215495201749,0.15653033467361332
342,0.0596,1,20,1,38190,567420,2652,105304,5.256030234539998,0.15653373448843805
343,0.0597,1,3,1,38193,567417,2653,105303,5.2560024454407355,0.15653317873706743
344,0.0598,0,1,0,38194,567416,2653,105303,5.255993182407647,0.15653341142438373
345,0.06,51,478,51,38672,566938,2704,105252,5.251565452591796,0.15658072866302683
346,0.0602,5,52,5,38724,566886,2709,105247,5.251083774871244,0.15658656843214067
347,0.0603,0,10,0,38734,566876,2709,105247,5.250991144540368,0.15658889816298505
348,0.0605,3,37,3,38771,566839,2712,105244,5.250648412316129,0.1565937540452593
349,0.0606,1,6,1,38777,566833,2713,105243,5.250592834117604,0.15659389711877825
350,0.0607,0,9,0,38786,566824,2713,105243,5.250509466819816,0.15659599414939285
351,0.0608,0,3,0,38789,566821,2713,105243,5.250481677720553,0.15659669317207886
352,0.0609,1,2,1,38791,566819,2714,105242,5.250463151654378,0.15659590424083528
353,0.061,0,11,0,38802,566808,2714,105242,5.250361258290415,0.1565984673759393
354,0.0611,4,12,4,38814,566796,2718,105238,5.250250101893364,0.15659624364243477
355,0.0614,2,24,2,38838,566772,2720,105236,5.250027789099263,0.15659932619849765
356,0.0615,1,20,1,38858,566752,2721,105235,5.249842528437512,0.15660273189808732
357,0.0617,0,9,0,38867,566743,2721,105235,5.249759161139724,0.15660482932476957
358,0.0618,2,44,2,38911,566699,2723,105233,5.249351587683871,0.15661257389140568
359,0.0619,0,18,0,38929,566681,2723,105233,5.249184853088296,0.15661676940798971
360,0.062,0,3,0,38932,566678,2723,105233,5.249157063989032,0.15661746868260826
361,0.0621,0,3,0,38935,566675,2723,105233,5.2491292748897695,0.1566181679634712
362,0.0622,0,12,0,38947,566663,2723,105233,5.249018118492719,0.15662096514936835
363,0.0624,0,2,0,38949,566661,2723,105233,5.248999592426544,0.15662143135673187
364,0.0625,12,114,12,39063,566547,2735,105221,5.247943606654563,0.15663294470710126
365,0.0626,1,22,1,39085,566525,2736,105220,5.247739819926637,0.15663681903103113
366,0.0627,0,4,0,39089,566521,2736,105220,5.247702767794286,0.15663775175253558
367,0.0628,0,1,0,39090,566520,2736,105220,5.247693504761199,0.15663798493464734
368,0.0629,1,22,1,39112,566498,2737,105219,5.247489718033273,0.15664185959265584
369,0.0631,0,28,0,39140,566470,2737,105219,5.247230353106821,0.15664838935876574
370,0.0632,3,8,3,39148,566462,2740,105216,5.247156248842121,0.15664648834709488
371,0.0633,2,30,2,39178,566432,2742,105214,5.246878357849495,0.15665097387611926
372,0.0635,0,2,0,39180,566430,2742,105214,5.246859831783319,0.15665144034637396
373,0.0636,6,72,6,39252,566358,2748,105208,5.246192893401015,0.15666070051193776
374,0.0639,0,4,0,39256,566354,2748,105208,5.246155841268665,0.15666163362429678
375,0.064,0,48,0,39304,566306,2748,105208,5.245711215680463,0.15667283183969358
376,0.0641,0,24,0,39328,566282,2748,105208,5.245488902886361,0.15667843154775202
377,0.0643,3,73,3,39401,566209,2751,105205,5.24481270147097,0.15669169841558264
378,0.0644,1,25,1,39426,566184,2752,105204,5.244581125643781,0.15669627696652308
379,0.0646,0,29,0,39455,566155,2752,105204,5.244312497684242,0.15670304561344972
380,0.0647,2,30,2,39485,566125,2754,105202,5.244034606691615,0.15670753596980308
381,0.0648,0,10,0,39495,566115,2754,105202,5.243941976360739,0.15670987029972427
382,0.0649,1,42,1,39537,566073,2755,105201,5.243552928971062,0.15671841900624783
383,0.065,5,51,5,39588,566022,2760,105196,5.243080514283597,0.1567240449451594
384,0.0651,0,1,0,39589,566021,2760,105196,5.24307125125051,0.15672427843752468
385,0.0652,1,9,1,39598,566012,2761,105195,5.242987883952721,0.15672512354608936
386,0.0653,0,21,0,39619,565991,2761,105195,5.242793360257883,0.15673002714597742
387,0.0654,4,50,4,39669,565941,2765,105191,5.242330208603505,0.1567366777325474
388,0.0656,0,1,0,39670,565940,2765,105191,5.242320945570418,0.15673691127365597
389,0.0657,1,14,1,39684,565926,2766,105190,5.242191263107192,0.1567389244184314
390,0.0658,1,47,1,39731,565879,2767,105189,5.241755900552077,0.15674864544278672
391,0.0659,1,18,1,39749,565861,2768,105188,5.2415891659565,0.15675159340077996
392,0.066,0,15,0,39764,565846,2768,105188,5.241450220460187,0.1567550973572129
393,0.0661,0,3,0,39767,565843,2768,105188,5.241422431360925,0.1567557981672978
394,0.0662,0,10,0,39777,565833,2768,105188,5.241329801030049,0.15675813424617113
395,0.0664,1,12,1,39789,565821,2769,105187,5.2412186446329985,0.1567596809576041
396,0.0667,114,1200,114,40989,564621,2883,105073,5.230103004927933,0.15689703058411753
397,0.0668,0,32,0,41021,564589,2883,105073,5.229806587869132,0.15690452795589416
398,0.0671,0,7,0,41028,564582,2883,105073,5.229741746637519,0.15690616810148508
399,0.0672,0,11,0,41039,564571,2883,105073,5.2296398532735555,0.1569087455424076
400,0.0673,1,7,1,41046,564564,2884,105072,5.229575012041943,0.15690912674945792
401,0.0674,0,20,0,41066,564544,2884,105072,5.229389751380192,0.156913813290005
402,0.0675,0,3,0,41069,564541,2884,105072,5.2293619622809295,0.15691451629523323
403,0.0676,2,20,2,41089,564521,2886,105070,5.229176701619179,0.15691668496141675
404,0.0677,1,31,1,41120,564490,2887,105069,5.228889547593464,0.15692269090550645
405,0.0678,0,4,0,41124,564486,2887,105069,5.228852495461114,0.15692362838004345
406,0.0679,3,39,3,41163,564447,2890,105066,5.228491237170699,0.15692899167006466
407,0.068,1,0,1,41163,564447,2891,105065,5.228491237170699,0.1569277324379548
408,0.0681,0,1,0,41164,564446,2891,105065,5.228481974137612,0.15692796682952184
409,0.0682,1,1,1,41165,564445,2892,105064,5.228472711104524,0.1569269419828561
410,0.0683,1,2,1,41167,564443,2893,105063,5.228454185038349,0.15692615152067346
411,0.0684,0,2,0,41169,564441,2893,105063,5.228435658972174,0.15692662030398624
412,0.0685,1,5,1,41174,564436,2894,105062,5.228389343806736,0.15692653301428833
413,0.0686,0,16,0,41190,564420,2894,105062,5.228241135277335,0.15693028341314627
414,0.0688,4,27,4,41217,564393,2898,105058,5.227991033383971,0.15693157527586038
415,0.0689,1,30,1,41247,564363,2899,105057,5.2277131423913445,0.1569373487496639
416,0.0691,0,16,0,41263,564347,2899,105057,5.227564933861943,0.15694109984404037
417,0.0692,2,30,2,41293,564317,2901,105055,5.2272870428693174,0.1569456146955654
418,0.0693,0,29,0,41322,564288,2901,105055,5.227018414909778,0.15695241453186184
419,0.0694,1,18,1,41340,564270,2902,105054,5.226851680314202,0.1569553758717751
420,0.0695,2,61,2,41401,564209,2904,105052,5.226286635295861,0.15696716228795643
421,0.0696,2,14,2,41415,564195,2906,105050,5.2261569528326355,0.15696792654409072
422,0.0697,3,62,3,41477,564133,2909,105047,5.225582644781207,0.1569786903374279
423,0.0698,1,6,1,41483,564127,2910,105046,5.225527066582682,0.15697883805831975
424,0.0699,0,10,0,41493,564117,2910,105046,5.225434436251806,0.15698118395667424
425,0.07,16,149,16,41642,563968,2926,105030,5.224054244321761,0.15699598504031403
426,0.0701,1,25,1,41667,563943,2927,105029,5.223822668494572,0.15700059195302643
427,0.0702,0,2,0,41669,563941,2927,105029,5.2238041424283965,0.15700106133309416
428,0.0703,2,8,2,41677,563933,2929,105027,5.223730038163696,0.15700041856015307
429,0.0704,1,20,1,41697,563913,2930,105026,5.223544777501945,0.1570038523691996
430,0.0705,0,7,0,41704,563906,2930,105026,5.223479936270333,0.15700549532687927
431,0.0706,3,28,3,41732,563878,2933,105023,5.223220571343881,0.15700828672703435
432,0.0708,1,7,1,41739,563871,2934,105022,5.223155730112268,0.1570086695480443
433,0.0709,0,7,0,41746,563864,2934,105022,5.223090888880655,0.1570103126691245
434,0.071,0,8,0,41754,563856,2934,105022,5.223016784615955,0.15701219056389953
435,0.0711,3,39,3,41793,563817,2937,105019,5.22265552632554,0.15701756484399762
436,0.0712,1,31,1,41824,563786,2938,105018,5.222368372299826,0.15702358239484213
437,0.0713,0,3,0,41827,563783,2938,105018,5.222340583200563,0.15702428674598273
438,0.0714,19,147,19,41974,563636,2957,104999,5.2209789173366925,0.15703485459181765
439,0.0715,2,30,2,42004,563606,2959,104997,5.2207010263440665,0.15703937912333626
440,0.0716,0,2,0,42006,563604,2959,104997,5.220682500277891,0.1570398488784791
441,0.0717,0,14,0,42020,563590,2959,104997,5.220552817814665,0.15704313724317104
442,0.0718,1,9,1,42029,563581,2960,104996,5.220469450516878,0.15704399044537876
443,0.0719,0,11,0,42040,563570,2960,104996,5.2203675571529145,0.1570465743097914
444,0.072,1,6,1,42046,563564,2961,104995,5.220311978954389,0.15704672287711333
445,0.0721,0,2,0,42048,563562,2961,104995,5.220293452888214,0.15704719268514128
446,0.0722,3,30,3,42078,563532,2964,104992,5.220015561895587,0.15705045742561224
447,0.0725,1,9,1,42087,563523,2965,104991,5.219932194597799,0.15705131081772408
448,0.0726,1,3,1,42090,563520,2966,104990,5.219904405498537,0.15705075466335583
449,0.0727,4,43,4,42133,563477,2970,104986,5.219506095075771,0.15705581311157088
450,0.0728,0,3,0,42136,563474,2970,104986,5.219478305976509,0.15705651796666967
451,0.0729,1,3,1,42139,563471,2971,104985,5.219450516877246,0.15705596179853273
452,0.073,0,1,0,42140,563470,2971,104985,5.219441253844159,0.1570561967522122
453,0.0731,4,17,4,42157,563453,2975,104981,5.2192837822816704,0.15705514680581778
454,0.0732,1,5,1,42162,563448,2976,104980,5.2192374671162325,0.15705506053007953
455,0.0733,6,45,6,42207,563403,2982,104974,5.218820630627293,0.15705806752775753
456,0.0734,0,28,0,42235,563375,2982,104974,5.218561265700841,0.15706464736238104
457,0.0735,0,2,0,42237,563373,2982,104974,5.218542739634666,0.15706511737166473
458,0.0736,2,26,2,42263,563347,2984,104972,5.21830190077439,0.15706870521412677
459,0.0737,1,6,1,42269,563341,2985,104971,5.218246322575864,0.1570688540681598
460,0.0738,1,19,1,42288,563322,2986,104970,5.218070324947201,0.15707205832181143
461,0.0739,1,25,1,42313,563297,2987,104969,5.217838749120012,0.1570766730613259
462,0.074,0,11,0,42324,563286,2987,104969,5.217736855756049,0.1570792586662277
463,0.0741,3,15,3,42339,563271,2990,104966,5.217597910259736,0.15707900041452358
464,0.0742,4,23,4,42362,563248,2994,104962,5.217384860498722,0.15707936127863995
465,0.0743,0,3,0,42365,563245,2994,104962,5.2173570713994595,0.1570800665063371
466,0.0744,1,27,1,42392,563218,2995,104961,5.217106969506095,0.157085152331935
467,0.0745,0,22,0,42414,563196,2995,104961,5.216903182778169,0.15709032457940275
468,0.0746,1,23,1,42437,563173,2996,104960,5.216690133017155,0.15709447071166968
469,0.0747,4,39,4,42476,563134,3000,104956,5.216328874726741,0.15709859450074093
470,0.0749,0,3,0,42479,563131,3000,104956,5.216301085627478,0.1570992999414747
471,0.075,84,843,84,43322,562288,3084,104872,5.208492348734669,0.15719167815816296
472,0.0752,1,23,1,43345,562265,3085,104871,5.208279298973656,0.15719583413277052
473,0.0753,0,4,0,43349,562261,3085,104871,5.208242246841306,0.15719677664989837
474,0.0754,0,2,0,43351,562259,3085,104871,5.2082237207751305,0.15719724791270068
475,0.0756,3,30,3,43381,562229,3088,104868,5.207945829782504,0.1572005270597829
476,0.0758,1,36,1,43417,562193,3089,104867,5.2076123605913525,0.1572077474290169
477,0.0759,1,57,1,43474,562136,3090,104866,5.207084367705361,0.15721991838105434
478,0.076,0,10,0,43484,562126,3090,104866,5.206991737374486,0.15722227552954157
479,0.0762,5,34,5,43518,562092,3095,104861,5.206676794249509,0.15722397230389548
480,0.0763,1,10,1,43528,562082,3096,104860,5.206584163918634,0.1572250660477223
481,0.0764,0,28,0,43556,562054,3096,104860,5.206324798992182,0.1572316670515239
482,0.0765,2,46,2,43602,562008,3098,104858,5.205898699470154,0.15723998524441193
483,0.0766,0,1,0,43603,562007,3098,104858,5.205889436437067,0.15724022103424232
484,0.0767,3,20,3,43623,561987,3101,104855,5.205704175775316,0.1572411455787128
485,0.0768,1,8,1,43631,561979,3102,104854,5.205630071510615,0.1572417681788394
486,0.0769,4,34,4,43665,561945,3106,104850,5.205315128385639,0.15724473038940004
487,0.0771,0,4,0,43669,561941,3106,104850,5.205278076253288,0.15724567368185832
488,0.0772,0,3,0,43672,561938,3106,104850,5.205250287154025,0.15724638115862913
489,0.0773,3,15,3,43687,561923,3109,104847,5.205111341657712,0.1572461268503382
490,0.0774,0,2,0,43689,561921,3109,104847,5.205092815591537,0.1572465985170254
491,0.0775,0,8,0,43697,561913,3109,104847,5.2050187113268365,0.1572484852120703
492,0.0776,0,2,0,43699,561911,3109,104847,5.205000185260662,0.15724895689290566
493,0.0777,1,28,1,43727,561883,3110,104846,5.2047408203342105,0.1572542967232564
494,0.0778,12,67,12,43794,561816,3122,104834,5.204120197117344,0.15725493137328433
495,0.078,1,42,1,43836,561774,3123,104833,5.203731149727667,0.15726357508997055
496,0.0781,2,33,2,43869,561741,3125,104831,5.203425469635778,0.15726883217416873
497,0.0782,0,33,0,43902,561708,3125,104831,5.203119789543888,0.15727661847243748
498,0.0783,1,16,1,43918,561692,3126,104830,5.202971581014487,0.15727912957111692
499,0.0784,0,1,0,43919,561691,3126,104830,5.2029623179814,0.15727936554137079
500,0.0785,2,28,2,43947,561663,3128,104828,5.202702953054948,0.15728344418754342
501,0.0786,6,84,6,44031,561579,3134,104822,5.201924858275594,0.15729568232940827
502,0.0787,3,57,3,44088,561522,3137,104819,5.201396865389603,0.1573053436603781
503,0.0788,0,12,0,44100,561510,3137,104819,5.201285708992552,0.15730817659144355
504,0.0789,0,10,0,44110,561500,3137,104819,5.201193078661677,0.1573105374452777
505,0.0791,0,3,0,44113,561497,3137,104819,5.2011652895624145,0.1573112457152462
506,0.0792,1,24,1,44137,561473,3138,104818,5.200942976768313,0.15731564736729148
507,0.0793,4,64,4,44201,561409,3142,104814,5.200350142650709,0.15732570025351872
508,0.0794,1,60,1,44261,561349,3143,104813,5.199794360665456,0.15733860532423044
509,0.0795,0,22,0,44283,561327,3143,104813,5.19959057393753,0.15734380160326658
510,0.0796,0,11,0,44294,561316,3143,104813,5.199488680573567,0.15734639987149637
511,0.0797,0,9,0,44303,561307,3143,104813,5.199405313275779,0.15734852579114875
512,0.0798,2,7,2,44310,561300,3145,104811,5.199340472044166,0.15734764926566294
513,0.08,41,451,41,44761,560849,3186,104770,5.195162844121679,0.15740235780529102
514,0.0801,0,13,0,44774,560836,3186,104770,5.195042424691541,0.15740543204237942
515,0.0803,1,10,1,44784,560826,3187,104769,5.1949497943606655,0.1574065309985802
516,0.0804,2,25,2,44809,560801,3189,104767,5.194718218533477,0.15740991153420839
517,0.0806,1,30,1,44839,560771,3190,104766,5.19444032754085,0.1574157409730789
518,0.0807,1,7,1,44846,560764,3191,104765,5.194375486309237,0.15741613062691484
519,0.0808,4,30,4,44876,560734,3195,104761,5.19409759531661,0.15741816242045395
520,0.081,0,41,0,44917,560693,3195,104761,5.19371781096002,0.1574278612796677
521,0.0811,0,3,0,44920,560690,3195,104761,5.193690021860758,0.15742857099921706
522,0.0812,3,28,3,44948,560662,3198,104758,5.193430656934306,0.15743139671185116
523,0.0813,0,1,0,44949,560661,3198,104758,5.193421393901219,0.1574316333017242
524,0.0814,0,5,0,44954,560656,3198,104758,5.193375078735781,0.15743281626175584
525,0.0815,3,17,3,44971,560639,3201,104755,5.193217607173293,0.15743303967273525
526,0.0816,1,33,1,45004,560606,3202,104754,5.192911927081403,0.1574395815798966
527,0.0817,4,38,4,45042,560568,3206,104750,5.192559931824077,0.15744350821712325
528,0.0818,5,27,5,45069,560541,3211,104745,5.192309829930712,0.15744356562440814
529,0.0819,0,3,0,45072,560538,3211,104745,5.19228204083145,0.15744427559399535
530,0.082,0,11,0,45083,560527,3211,104745,5.192180147467487,0.1574468788705973
531,0.0821,7,53,7,45136,560474,3218,104738,5.191689206713846,0.1574505571156263
532,0.0822,0,1,0,45137,560473,3218,104738,5.191679943680759,0.1574507938082804
533,0.0823,1,11,1,45148,560462,3219,104737,5.191578050316796,0.1574521308661017
534,0.0824,2,3,2,45151,560459,3221,104735,5.191550261217533,0.15745030772977509
535,0.0825,1,50,1,45201,560409,3222,104734,5.191087109563155,0.15746087683400412
536,0.0826,0,49,0,45250,560360,3222,104734,5.190633220941865,0.15747247757459848
537,0.0827,1,14,1,45264,560346,3223,104733,5.190503538478639,0.15747452558267513
538,0.0828,1,1,1,45265,560345,3224,104732,5.190494275445552,0.15747349555013931
539,0.0829,3,84,3,45349,560261,3227,104729,5.189716180666197,0.15748958630956855
540,0.083,5,92,5,45441,560169,3232,104724,5.188863981622142,0.15750504216467912
541,0.0832,1,12,1,45453,560157,3233,104723,5.188752825225092,0.15750661773553123
542,0.0833,46,420,46,45873,559737,3279,104677,5.184862351328319,0.15754785419933956
543,0.0835,2,27,2,45900,559710,3281,104675,5.184612249434955,0.15755172076431587
544,0.0836,3,39,3,45939,559671,3284,104672,5.18425099114454,0.15755716550035148
545,0.0837,1,59,1,45998,559612,3285,104671,5.183704472192375,0.15756989114579179
546,0.084,1,31,1,46029,559581,3286,104670,5.1834173181666605,0.15757597655103267
547,0.0841,1,20,1,46049,559561,3287,104669,5.18323205750491,0.15757945290035077
548,0.0842,1,19,1,46068,559542,3288,104668,5.183056059876246,0.15758269222083376
549,0.0843,1,21,1,46089,559521,3289,104667,5.182861536181408,0.15758640625846898
550,0.0844,1,53,1,46142,559468,3290,104666,5.182370595427767,0.157597713714401
551,0.0845,0,21,0,46163,559447,3290,104666,5.182176071732928,0.15760269713136169
552,0.0846,0,48,0,46211,559399,3290,104666,5.181731446144726,0.15761408898225324
553,0.0847,0,9,0,46220,559390,3290,104666,5.181648078846938,0.15761622513763898
554,0.0848,5,27,5,46247,559363,3295,104661,5.181397976953574,0.15761629097743454
555,0.0849,1,7,1,46254,559356,3296,104660,5.181333135721961,0.15761668393532685
556,0.085,3,48,3,46302,559308,3299,104657,5.180888510133758,0.15762427236375412
557,0.0851,0,30,0,46332,559278,3299,104657,5.180610619141132,0.1576313946395355
558,0.0852,0,24,0,46356,559254,3299,104657,5.18038830634703,0.1576370929235997
559,0.0853,2,42,2,46398,559212,3301,104655,5.179999258957353,0.15764452819615976
560,0.0854,1,14,1,46412,559198,3302,104654,5.179869576494127,0.15764658387712924
561,0.0855,0,17,0,46429,559181,3302,104654,5.179712104931639,0.15765062101275165
562,0.0857,14,144,14,46573,559037,3316,104640,5.178378228167031,0.15766705792124783
563,0.0858,3,13,3,46586,559024,3319,104637,5.178257808736893,0.15766633868797472
564,0.0859,0,40,0,46626,558984,3319,104637,5.177887287413391,0.15767584208456334
565,0.0861,4,37,4,46663,558947,3323,104633,5.177544555189151,0.15767955634588143
566,0.0862,1,16,1,46679,558931,3324,104632,5.177396346659751,0.15768208896517738
567,0.0863,6,79,6,46758,558852,3330,104626,5.176664567045833,0.15769324679944172
568,0.0864,3,6,3,46764,558846,3333,104623,5.176608988847308,0.15769086423028053
569,0.0866,0,7,0,46771,558839,3333,104623,5.1765441476156955,0.15769252798200953
570,0.0867,3,69,3,46840,558770,3336,104620,5.175904998332654,0.15770512066808362
571,0.0868,5,36,5,46876,558734,3341,104615,5.175571529141502,0.15770733053038447
572,0.0869,2,44,2,46920,558690,3343,104613,5.17516395568565,0.15771525230550743
573,0.087,2,10,2,46930,558680,3345,104611,5.175071325354774,0.15771509036003806
574,0.0871,0,26,0,46956,558654,3345,104611,5.174830486494498,0.1577212727944336
575,0.0873,1,11,1,46967,558643,3346,104610,5.174728593130535,0.15772261866889406
576,0.0875,11,128,11,47095,558515,3357,104599,5.173542924895328,0.15773909161923894
577,0.0876,0,23,0,47118,558492,3357,104599,5.173329875134314,0.1577445629634545
578,0.0877,1,4,1,47122,558488,3358,104598,5.1732928230019635,0.15774424433633044
579,0.0878,0,14,0,47136,558474,3358,104598,5.173163140538738,0.15774757492399016
580,0.0879,2,30,2,47166,558444,3360,104596,5.172885249546112,0.15775217181467183
581,0.0881,0,10,0,47176,558434,3360,104596,5.172792619215236,0.15775455107612024
582,0.0882,1,50,1,47226,558384,3361,104595,5.172329467560858,0.1577651780825637
583,0.0883,2,29,2,47255,558355,3363,104593,5.172060839601319,0.15776953848567307
584,0.0884,0,48,0,47303,558307,3363,104593,5.171616214013117,0.15778096243777343
585,0.0885,0,12,0,47315,558295,3363,104593,5.1715050576160655,0.15778381868430263
586,0.0886,1,29,1,47344,558266,3364,104592,5.171236429656527,0.15778945113433043
587,0.0887,1,10,1,47354,558256,3365,104591,5.171143799325651,0.15779056101936043
588,0.0889,5,67,5,47421,558189,3370,104586,5.170523176108785,0.1578001584248048
589,0.089,2,29,2,47450,558160,3372,104584,5.170254548149246,0.15780452180630833
590,0.0892,0,4,0,47454,558156,3372,104584,5.170217496016896,0.157805474243293
591,0.0893,1,10,1,47464,558146,3373,104583,5.17012486568602,0.157806584591892
592,0.0894,0,3,0,47467,558143,3373,104583,5.1700970765867575,0.15780729894405832
593,0.0896,1,11,1,47478,558132,3374,104582,5.169995183222794,0.15780864747085468
594,0.0897,0,11,0,47489,558121,3374,104582,5.169893289858831,0.1578112668872783
595,0.0898,0,15,0,47504,558106,3374,104582,5.169754344362518,0.15781483895890674
596,0.0899,0,30,0,47534,558076,3374,104582,5.169476453369891,0.1578219835873105
597,0.09,7,112,7,47646,557964,3381,104575,5.168438993664085,0.15783976490440563
598,0.0901,0,7,0,47653,557957,3381,104575,5.168374152432473,0.15784143256476668
599,0.0902,3,45,3,47698,557912,3384,104572,5.167957315943532,0.1578483404882231
600,0.0903,3,50,3,47748,557862,3387,104569,5.167494164289155,0.15785644089724063
601,0.0904,5,116,5,47864,557746,3392,104564,5.166419652450998,0.1578777309719014
602,0.0905,2,22,2,47886,557724,3394,104562,5.166215865723072,0.15788043232077983
603,0.0906,0,1,0,47887,557723,3394,104562,5.166206602689985,0.15788067070822984
604,0.0907,1,27,1,47914,557696,3395,104561,5.165956500796621,0.1578858358613046
605,0.0908,3,59,3,47973,557637,3398,104558,5.165409981844455,0.15789608801032928
606,0.0909,5,42,5,48015,557595,3403,104553,5.165020934454778,0.15789974446800414
607,0.091,1,21,1,48036,557574,3404,104552,5.1648264107599395,0.15790348060641027
608,0.0911,0,80,0,48116,557494,3404,104552,5.164085368112935,0.15792256127217746
609,0.0912,1,19,1,48135,557475,3405,104551,5.163909370484271,0.15792582164446714
610,0.0914,3,30,3,48165,557445,3408,104548,5.163631479491645,0.15792916239295582
611,0.0915,0,12,0,48177,557433,3408,104548,5.163520323094594,0.1579320252393951
612,0.0916,2,1,2,48178,557432,3410,104546,5.163511060061507,0.1579297197187822
613,0.0917,14,121,14,48299,557311,3424,104532,5.162390233057913,0.1579407805174339
614,0.0918,0,2,0,48301,557309,3424,104532,5.162371706991737,0.15794125779454582
615,0.0919,3,14,3,48315,557295,3427,104529,5.162242024528512,0.15794078183928054
616,0.0921,1,34,1,48349,557261,3428,104528,5.161927081403535,0.15794762378945554
617,0.0922,3,28,3,48377,557233,3431,104525,5.1616677164770834,0.15795048945384868
618,0.0923,4,37,4,48414,557196,3435,104521,5.161324984252844,0.1579542311894662
619,0.0924,1,22,1,48436,557174,3436,104520,5.161121197524918,0.15795821029055726
620,0.0925,1,36,1,48472,557138,3437,104519,5.160787728333766,0.1579655319901399
621,0.0926,1,19,1,48491,557119,3438,104518,5.160611730705102,0.15796879557824003
622,0.0928,2,31,2,48522,557088,3440,104516,5.160324576679388,0.15797365191262447
623,0.0929,8,141,8,48663,556947,3448,104508,5.159018489014043,0.15799714266276618
624,0.093,2,43,2,48706,556904,3450,104506,5.158620178591278,0.15800486838723332
625,0.0931,2,10,2,48716,556894,3452,104504,5.158527548260403,0.1580047112328734
626,0.0932,0,8,0,48724,556886,3452,104504,5.158453443995702,0.15800662241642602
627,0.0933,4,102,4,48826,556784,3456,104500,5.157508614620771,0.15802590112568882
628,0.0934,1,16,1,48842,556768,3457,104499,5.157360406091371,0.1580284514424582
629,0.0935,0,17,0,48859,556751,3457,104499,5.157202934528883,0.15803251417769376
630,0.0936,1,29,1,48888,556722,3458,104498,5.156934306569343,0.15803817186412994
631,0.0938,2,14,2,48902,556708,3460,104496,5.156804624106117,0.15803897133108694
632,0.0939,3,14,3,48916,556694,3463,104493,5.156674941642891,0.15803849742962278
633,0.094,1,65,1,48981,556629,3464,104492,5.156072844492201,0.15805276189986403
634,0.0941,0,5,0,48986,556624,3464,104492,5.156026529326763,0.15805395724804724
635,0.0942,0,13,0,48999,556611,3464,104492,5.155906109896624,0.15805706523794325
636,0.0943,0,3,0,49002,556608,3464,104492,5.1558783207973615,0.15805778248373922
637,0.0944,6,61,6,49063,556547,3470,104486,5.155313275779021,0.15806472596678228
638,0.0945,1,4,1,49067,556543,3471,104485,5.155276223646671,0.15806440876937133
639,0.0946,0,5,0,49072,556538,3471,104485,5.155229908481233,0.15806560437382663
640,0.0947,0,1,0,49073,556537,3471,104485,5.1552206454481455,0.15806584349688815
641,0.0948,1,38,1,49111,556499,3472,104484,5.154868650190818,0.15807365696243322
642,0.0949,3,17,3,49128,556482,3475,104481,5.15471117862833,0.15807390126224918
643,0.095,5,114,5,49242,556368,3480,104476,5.153655192856349,0.15809479998305198
644,0.0951,3,107,3,49349,556261,3483,104473,5.15266404831598,0.15811657944044047
645,0.0952,0,35,0,49384,556226,3483,104473,5.152339842157916,0.15812495553951195
646,0.0953,1,52,1,49436,556174,3484,104472,5.151858164437363,0.15813612736624455
647,0.0955,0,11,0,49447,556163,3484,104472,5.1517562710734,0.158138760435036
648,0.0956,0,44,0,49491,556119,3484,104472,5.151348697617548,0.15814929358710608
649,0.0957,0,16,0,49507,556103,3484,104472,5.151200489088147,0.15815312417212277
650,0.0958,4,33,4,49540,556070,3488,104468,5.150894808996258,0.1581559274409648
651,0.0959,0,2,0,49542,556068,3488,104468,5.150876282930082,0.1581564063124493
652,0.096,0,17,0,49559,556051,3488,104468,5.150718811367594,0.1581604768371538
653,0.0962,2,8,2,49567,556043,3490,104466,5.150644707102893,0.1581598433935041
654,0.0963,1,48,1,49615,555995,3491,104465,5.150200081514691,0.15817006328922267
655,0.0964,1,20,1,49635,555975,3492,104464,5.15001482085294,0.15817357848340272
656,0.0965,0,32,0,49667,555943,3492,104464,5.149718403794139,0.1581812427790741
657,0.0966,1,29,1,49696,555914,3493,104463,5.149449775834599,0.15818691444432498
658,0.0967,1,29,1,49725,555885,3494,104462,5.14918114787506,0.15819258662491084
659,0.0968,1,15,1,49740,555870,3495,104461,5.149042202378747,0.15819490528235083
660,0.0969,1,7,1,49747,555863,3496,104460,5.148977361147134,0.15819530744802165
661,0.097,0,2,0,49749,555861,3496,104460,5.1489588350809585,0.15819578659470168
662,0.0971,2,17,2,49766,555844,3498,104458,5.14880136351847,0.1581973097158573
663,0.0972,0,24,0,49790,555820,3498,104458,5.148579050724369,0.15820305992324446
664,0.0973,2,27,2,49817,555793,3500,104456,5.148328948831005,0.15820697948804163
665,0.0974,0,7,0,49824,555786,3500,104456,5.148264107599393,0.15820865682583052
666,0.0975,2,4,2,49828,555782,3502,104454,5.148227055467042,0.15820706535238915
667,0.0976,3,24,3,49852,555758,3505,104451,5.148004742672941,0.1582089913951491
668,0.0977,4,8,4,49860,555750,3509,104447,5.147930638408241,0.1582058082663205
669,0.0978,1,13,1,49873,555737,3510,104446,5.147810218978102,0.15820764848534422
670,0.0979,0,10,0,49883,555727,3510,104446,5.147717588647227,0.158210044942765
671,0.098,0,3,0,49886,555724,3510,104446,5.147689799547964,0.15821076389414848
672,0.0981,1,7,1,49893,555717,3511,104445,5.147624958316351,0.1582111663500777
673,0.0982,3,93,3,49986,555624,3514,104442,5.146763496239209,0.1582296315822963
674,0.0983,2,43,2,50029,555581,3516,104440,5.146365185816443,0.15823738941639737
675,0.0984,0,15,0,50044,555566,3516,104440,5.14622624032013,0.1582409856880089
676,0.0985,1,11,1,50055,555555,3517,104439,5.146124346956167,0.15824234765770598
677,0.0986,5,71,5,50126,555484,3522,104434,5.145466671606951,0.15825299506908433
678,0.0987,5,56,5,50182,555428,3527,104429,5.144947941754048,0.15826004725266232
679,0.0988,2,26,2,50208,555402,3529,104427,5.144707102893771,0.1582637319669187
680,0.0989,2,46,2,50254,555356,3531,104425,5.144281003371744,0.1582722145681673
681,0.099,5,84,5,50338,555272,3536,104420,5.14350290859239,0.15828598800652427
682,0.0991,0,12,0,50350,555260,3536,104420,5.143391752195339,0.15828886732961436
683,0.0992,3,37,3,50387,555223,3539,104417,5.143049019971099,0.15829391789460917
684,0.0993,1,15,1,50402,555208,3540,104416,5.142910074474786,0.1582962414951548
685,0.0994,0,21,0,50423,555187,3540,104416,5.142715550779948,0.15830128122522183
686,0.0995,0,2,0,50425,555185,3540,104416,5.142697024713772,0.15830176121625042
687,0.0998,5,124,5,50549,555061,3545,104411,5.141548408610916,0.1583251449644564
688,0.0999,0,3,0,50552,555058,3545,104411,5.1415206195116525,0.15832586520367145
689,0.1,609,6457,609,57009,548601,4154,103802,5.081709214865316,0.1591071776187418
690,0.1001,0,10,0,57019,548591,4154,103802,5.08161658453444,0.15910961644284963
691,0.1002,3,49,3,57068,548542,4157,103799,5.08116269591315,0.15911770071174433
692,0.1003,3,88,3,57156,548454,4160,103796,5.080347549001445,0.15913530088156383
693,0.1004,0,6,0,57162,548448,4160,103796,5.08029197080292,0.1591367647690128
694,0.1006,0,9,0,57171,548439,4160,103796,5.080208603505132,0.15913896065068572
695,0.1008,2,52,2,57223,548387,4162,103794,5.079726925784579,0.1591490705800997
696,0.1009,1,35,1,57258,548352,4163,103793,5.079402719626515,0.15915632259696846
697,0.101,0,44,0,57302,548308,4163,103793,5.078995146170662,0.1591670615441473
698,0.1011,0,4,0,57306,548304,4163,103793,5.078958094038312,0.15916803788393444
699,0.1012,0,1,0,57307,548303,4163,103793,5.078948831005224,0.15916828197075278
700,0.1013,1,27,1,57334,548276,4164,103792,5.078698729111861,0.15917358312323254
701,0.1014,0,5,0,57339,548271,4164,103792,5.078652413946423,0.15917480366160938
702,0.1016,0,10,0,57349,548261,4164,103792,5.078559783615547,0.15917724479451822
703,0.1017,1,44,1,57393,548217,4165,103791,5.078152210159694,0.15918669709574115
704,0.1018,2,31,2,57424,548186,4167,103789,5.07786505613398,0.15919168679780665
705,0.1019,2,7,2,57431,548179,4169,103787,5.077800214902368,0.15919081669903032
706,0.102,1,22,1,57453,548157,4170,103786,5.0775964281744415,0.15919489894055155
707,0.1021,0,2,0,57455,548155,4170,103786,5.077577902108266,0.1591953873126556
708,0.1022,8,152,8,57607,548003,4178,103778,5.076169921078958,0.1592221927303803
709,0.1023,0,1,0,57608,548002,4178,103778,5.076160658045871,0.15922243701862593
710,0.1024,0,2,0,57610,548000,4178,103778,5.0761421319796955,0.15922292559736598
711,0.1025,8,26,8,57636,547974,4186,103770,5.075901293119419,0.1592189571365444
712,0.1026,1,61,1,57697,547913,4187,103769,5.075336248101078,0.15923257048683254
713,0.1027,2,8,2,57705,547905,4189,103767,5.075262143836378,0.15923194490479872
714,0.1028,3,25,3,57730,547880,4192,103764,5.075030568009189,0.15923418308155987
715,0.1029,3,39,3,57769,547841,4195,103761,5.074669309718774,0.15923984272608127
716,0.103,1,20,1,57789,547821,4196,103760,5.074484049057023,0.15924344018625466
717,0.1031,1,25,1,57814,547796,4197,103759,5.074252473229834,0.1592482599320088
718,0.1032,4,30,4,57844,547766,4201,103755,5.0739745822372075,0.15925043091473645
719,0.1033,8,154,8,57998,547612,4209,103747,5.072548075141724,0.15927775619896248
720,0.1035,2,64,2,58062,547548,4211,103745,5.071955241024121,0.15929082609516762
721,0.1036,3,18,3,58080,547530,4214,103742,5.071788506428545,0.15929135599258068
722,0.1037,0,10,0,58090,547520,4214,103742,5.071695876097669,0.15929380188004214
723,0.1038,1,8,1,58098,547512,4215,103741,5.071621771832969,0.1592944677414154
724,0.104,0,2,0,58100,547510,4215,103741,5.071603245766794,0.1592949569367264
725,0.1041,2,13,2,58113,547497,4217,103739,5.071482826336656,0.15929555491404038
726,0.1042,6,96,6,58209,547401,4223,103733,5.070593575160251,0.15931129383506312
727,0.1043,1,24,1,58233,547377,4224,103732,5.070371262366149,0.1593158749149528
728,0.1044,1,36,1,58269,547341,4225,103731,5.070037793174997,0.15932339280448246
729,0.1045,1,21,1,58290,547320,4226,103730,5.069843269480159,0.15932724061132017
730,0.1046,3,26,3,58316,547294,4229,103727,5.069602430619883,0.1593297297629416
731,0.1047,5,88,5,58404,547206,4234,103722,5.068787283708177,0.15934481232947423
732,0.1048,0,23,0,58427,547183,4234,103722,5.068574233947164,0.15935044284496203
733,0.1049,3,18,3,58445,547165,4237,103719,5.068407499351587,0.15935097498171719
734,0.105,4,55,4,58500,547110,4241,103715,5.067898032531772,0.15935927476664233
735,0.1051,0,21,0,58521,547089,4241,103715,5.067703508836933,0.1593644169365892
736,0.1052,1,28,1,58549,547061,4242,103714,5.067444143910482,0.1593699819446045
737,0.1053,0,11,0,58560,547050,4242,103714,5.067342250546519,0.15937267580874173
738,0.1054,1,4,1,58564,547046,4243,103713,5.067305198414169,0.15937236365536242
739,0.1055,0,19,0,58583,547027,4243,103713,5.067129200785505,0.1593770169345668
740,0.1056,5,46,5,58629,546981,4248,103708,5.066703101263478,0.15938182449680263
741,0.1057,0,11,0,58640,546970,4248,103708,5.066601207899515,0.159384518917191
742,0.1058,4,49,4,58689,546921,4252,103704,5.066147319278224,0.1593913544668588
743,0.1059,0,36,0,58725,546885,4252,103704,5.065813850087072,0.1594001743035926
744,0.106,5,28,5,58753,546857,4257,103699,5.065554485160621,0.1594005742780022
745,0.1061,2,29,2,58782,546828,4259,103697,5.065285857201082,0.15940509588409363
746,0.1062,0,11,0,58793,546817,4259,103697,5.065183963837119,0.15940779137728012
747,0.1063,0,1,0,58794,546816,4259,103697,5.0651747008040315,0.1594080364266356
748,0.1064,0,6,0,58800,546810,4259,103697,5.065119122605506,0.15940950673859006
749,0.1065,0,15,0,58815,546795,4259,103697,5.0649801771091925,0.15941318263714235
750,0.1066,0,25,0,58840,546770,4259,103697,5.0647486012820035,0.15941930951147407
751,0.1067,9,85,9,58925,546685,4268,103688,5.063961243469562,0.15942851256125332
752,0.1068,0,3,0,58928,546682,4268,103688,5.063933454370299,0.15942924796654212
753,0.1069,2,11,2,58939,546671,4270,103686,5.063831561006336,0.15942935956713006
754,0.1071,9,164,9,59103,546507,4279,103677,5.062312423579977,0.15945793806061054
755,0.1072,1,34,1,59137,546473,4280,103676,5.061997480455,0.15946498418054939
756,0.1073,5,33,5,59170,546440,4285,103671,5.061691800363111,0.1594666141628122
757,0.1074,0,11,0,59181,546429,4285,103671,5.0615899069991475,0.15946931241347484
758,0.1075,2,35,2,59216,546394,4287,103669,5.0612657008410835,0.15947531239279886
759,0.1076,0,3,0,59219,546391,4287,103669,5.061237911741821,0.15947604836476634
760,0.1077,0,14,0,59233,546377,4287,103669,5.061108229278595,0.15947948299043452
761,0.1078,2,5,2,59238,546372,4289,103667,5.061061914113157,0.15947812362027508
762,0.1079,2,39,2,59277,546333,4291,103665,5.0607006558227425,0.1594851061080188
763,0.108,2,21,2,59298,546312,4293,103663,5.060506132127904,0.15948767260279242
764,0.1081,1,17,1,59315,546295,4294,103662,5.060348660565415,0.1594905509133681
765,0.1082,0,40,0,59355,546255,4294,103662,5.059978139241913,0.15950036696993616
766,0.1083,15,127,15,59482,546128,4309,103647,5.058801734039794,0.1595121388172829
767,0.1084,0,10,0,59492,546118,4309,103647,5.058709103708918,0.15951459373773594
768,0.1085,1,14,1,59506,546104,4310,103646,5.0585794212456925,0.15951673720661794
769,0.1086,4,49,4,59555,546055,4314,103642,5.058125532624403,0.15952359330580254
770,0.1088,1,14,1,59569,546041,4315,103641,5.057995850161177,0.1595257372068181
771,0.1089,2,17,2,59586,546024,4317,103639,5.057838378598689,0.15952732416652943
772,0.109,0,5,0,59591,546019,4317,103639,5.057792063433251,0.15952855194579302
773,0.1091,2,14,2,59605,546005,4319,103637,5.057662380970025,0.15952940234775462
774,0.1092,0,30,0,59635,545975,4319,103637,5.057384489977398,0.1595367696409549
775,0.1093,2,137,2,59772,545838,4321,103635,5.056115454444403,0.15956783422867463
776,0.1094,1,21,1,59793,545817,4322,103634,5.055920930749565,0.15957169978951452
777,0.1095,7,71,7,59864,545746,4329,103627,5.055263255400348,0.15958008725339673
778,0.1097,0,1,0,59865,545745,4329,103627,5.055253992367261,0.15958033299865101
779,0.1098,4,41,4,59906,545704,4333,103623,5.054874208010671,0.15958523209415287
780,0.1099,2,36,2,59942,545668,4335,103621,5.054540738819519,0.15959149161621405
781,0.11,11,187,11,60129,545481,4346,103610,5.052808551632147,0.15962322694352563
782,0.1102,1,34,1,60163,545447,4347,103609,5.052493608507169,0.1596302938421338
783,0.1103,2,31,2,60194,545416,4349,103607,5.052206454481455,0.15963532879420297
784,0.1104,4,85,4,60279,545331,4353,103603,5.051419096669013,0.15965105850517927
785,0.1105,0,8,0,60287,545323,4353,103603,5.051344992404313,0.15965302669333636
786,0.1106,1,18,1,60305,545305,4354,103602,5.051178257808737,0.15965616028182775
787,0.1107,3,35,3,60340,545270,4357,103599,5.050854051650672,0.15966088686622415
788,0.1108,0,12,0,60352,545258,4357,103599,5.050742895253622,0.1596638396441743
789,0.1109,2,54,2,60406,545204,4359,103597,5.050242691466894,0.1596745381095282
790,0.111,0,23,0,60429,545181,4359,103597,5.05002964170588,0.15968019877369455
791,0.1111,5,65,5,60494,545116,4364,103592,5.049427544555189,0.1596897217237956
792,0.1112,1,32,1,60526,545084,4365,103591,5.049131127496388,0.1596963040043165
793,0.1113,1,7,1,60533,545077,4366,103590,5.049066286264774,0.15969673191329295
794,0.1114,0,13,0,60546,545064,4366,103590,5.048945866834637,0.15969993247555708
795,0.1115,0,9,0,60555,545055,4366,103590,5.048862499536848,0.15970214832458432
796,0.1116,1,10,1,60565,545045,4367,103589,5.048769869205973,0.15970331496652965
797,0.1117,4,46,4,60611,544999,4371,103585,5.048343769683945,0.15970945937611783
798,0.1118,1,9,1,60620,544990,4372,103584,5.048260402386157,0.15971038000289867
799,0.1119,0,61,0,60681,544929,4372,103584,5.047695357367816,0.15972540257481346
800,0.112,0,3,0,60684,544926,4372,103584,5.047667568268554,0.15972614146273767
801,0.1121,1,6,1,60690,544920,4373,103583,5.0476119900700285,0.1597263235482334
802,0.1122,0,1,0,60691,544919,4373,103583,5.047602727036941,0.15972656984866662
803,0.1123,0,3,0,60694,544916,4373,103583,5.047574937937679,0.1597273087545239
804,0.1124,0,6,0,60700,544910,4373,103583,5.0475193597391526,0.15972878658674805
805,0.1125,9,59,9,60759,544851,4382,103574,5.046972840786987,0.15973165747773452
806,0.1126,0,4,0,60763,544847,4382,103574,5.046935788654637,0.15973264283544178
807,0.1127,4,77,4,60840,544770,4386,103570,5.046222535106895,0.15974642934262887
808,0.1128,0,15,0,60855,544755,4386,103570,5.046083589610582,0.1597501253229476
809,0.1129,3,31,3,60886,544724,4389,103567,5.045796435584868,0.15975387596002413
810,0.113,2,8,2,60894,544716,4391,103565,5.045722331320167,0.15975325514707356
811,0.1131,2,4,2,60898,544712,4393,103563,5.0456852791878175,0.1597516486059157
812,0.1132,2,44,2,60942,544668,4395,103561,5.045277705731965,0.1597598996650875
813,0.1133,7,70,7,61012,544598,4402,103554,5.044629293415836,0.15976807909255852
814,0.1134,0,3,0,61015,544595,4402,103554,5.0446015043165735,0.15976881858955272
815,0.1135,3,17,3,61032,544578,4405,103551,5.044444032754085,0.15976912003628907
816,0.1136,1,14,1,61046,544564,4406,103550,5.044314350290859,0.15977127480659267
817,0.1137,0,39,0,61085,544525,4406,103550,5.043953092000445,0.15978088955753578
818,0.1138,0,12,0,61097,544513,4406,103550,5.043841935603394,0.15978384817525457
819,0.1139,4,15,4,61112,544498,4410,103546,5.0437029901070805,0.159782360457006
820,0.114,1,24,1,61136,544474,4411,103545,5.04348067731298,0.15978698155455318
821,0.1141,0,10,0,61146,544464,4411,103545,5.043388046982104,0.15978944736878656
822,0.1142,1,0,1,61146,544464,4412,103544,5.043388046982104,0.1597881507635708
823,0.1143,7,115,7,61261,544349,4419,103537,5.042322798177035,0.15980743525867205
824,0.1144,3,39,3,61300,544310,4422,103534,5.04196153988662,0.1598131648977223
825,0.1145,0,3,0,61303,544307,4422,103534,5.041933750787358,0.15981390495507386
826,0.1146,0,22,0,61325,544285,4422,103534,5.0417299640594315,0.1598193322517555
827,0.1147,1,13,1,61338,544272,4423,103533,5.041609544629293,0.15982124250353116
828,0.1148,1,23,1,61361,544249,4424,103532,5.0413964948682795,0.15982562007839068
829,0.1149,0,8,0,61369,544241,4424,103532,5.041322390603579,0.15982759392564988
830,0.115,12,99,12,61468,544142,4436,103520,5.040405350327911,0.15983645790551243
831,0.1151,5,47,5,61515,544095,4441,103515,5.039969987772796,0.15984157131606985
832,0.1152,2,36,2,61551,544059,4443,103513,5.039636518581644,0.1598478624770682
833,0.1153,4,87,4,61638,543972,4447,103509,5.038830634703027,0.1598641504538357
834,0.1154,3,34,3,61672,543938,4450,103506,5.03851569157805,0.15986865273290046
835,0.1155,4,41,4,61713,543897,4454,103502,5.03813590722146,0.15987358645904612
836,0.1156,3,48,3,61761,543849,4457,103499,5.037691281633258,0.15988154748296124
837,0.1157,1,41,1,61802,543808,4458,103498,5.037311497276669,0.15989037642166148
838,0.1158,3,14,3,61816,543794,4461,103495,5.037181814813443,0.1598899409691807
839,0.1159,3,31,3,61847,543763,4464,103492,5.036894660787729,0.15989370495399804
840,0.116,1,34,1,61881,543729,4465,103491,5.036579717662751,0.15990080652637434
841,0.1161,0,1,0,61882,543728,4465,103491,5.036570454629664,0.15990105358464446
842,0.1162,0,43,0,61925,543685,4465,103491,5.036172144206899,0.15991167781252705
843,0.1164,1,15,1,61940,543670,4466,103490,5.0360331987105855,0.159914086161073
844,0.1165,3,23,3,61963,543647,4469,103487,5.035820148949572,0.15991587522831438
845,0.1167,38,470,38,62433,543177,4507,103449,5.0314665233984215,0.15998274118269293
846,0.1168,2,30,2,62463,543147,4509,103447,5.031188632405795,0.15998756561304311
847,0.1169,2,41,2,62504,543106,4511,103445,5.0308088480492055,0.15999511252785936
848,0.117,1,55,1,62559,543051,4512,103444,5.03029938122939,0.16000742465138942
849,0.1171,3,20,3,62579,543031,4515,103441,5.030114120567639,0.16000847677857663
850,0.1172,0,18,0,62597,543013,4515,103441,5.029947385972062,0.16001293208797532
851,0.1173,1,6,1,62603,543007,4516,103440,5.029891807773537,0.16001311785807654
852,0.1174,6,53,6,62656,542954,4522,103434,5.029400867019897,0.16001844093640352
853,0.1175,2,24,2,62680,542930,4524,103432,5.029178554225796,0.16002178345880483
854,0.1176,2,43,2,62723,542887,4526,103430,5.0287802438030305,0.16002983056302092
855,0.1177,1,10,1,62733,542877,4527,103429,5.028687613472155,0.16003100698430775
856,0.1178,0,33,0,62766,542844,4527,103429,5.028381933380266,0.16003917848958568
857,0.1179,4,43,4,62809,542801,4531,103425,5.0279836229575015,0.16004462834983427
858,0.118,3,53,3,62862,542748,4534,103422,5.027492682203861,0.16005385579646222
859,0.1181,0,22,0,62884,542726,4534,103422,5.027288895475935,0.1600593052984765
860,0.1182,3,27,3,62911,542699,4537,103419,5.02703879358257,0.16006209392092466
861,0.1183,4,24,4,62935,542675,4541,103415,5.02681648078847,0.1600628395424786
862,0.1184,1,24,1,62959,542651,4542,103414,5.026594167994368,0.16006748546972827
863,0.1185,0,7,0,62966,542644,4542,103414,5.0265293267627555,0.16006921979141192
864,0.1186,6,66,6,63032,542578,4548,103408,5.025917966578977,0.16007777258330677
865,0.1187,1,21,1,63053,542557,4549,103407,5.025723442884138,0.1600816763782502
866,0.1188,1,13,1,63066,542544,4550,103406,5.025603023454,0.16008359780168743
867,0.1189,2,27,2,63093,542517,4552,103404,5.025352921560636,0.1600876887421217
868,0.119,1,18,1,63111,542499,4553,103403,5.02518618696506,0.16009084969546464
869,0.1191,0,9,0,63120,542490,4553,103403,5.025102819667272,0.1600930804328271
870,0.1192,6,110,6,63230,542380,4559,103397,5.024083886027641,0.16011254659116073
871,0.1193,3,29,3,63259,542351,4562,103394,5.023815258068102,0.16011583519810452
872,0.1194,2,42,2,63301,542309,4564,103392,5.023426210678425,0.16012364856179562
873,0.1195,0,27,0,63328,542282,4564,103392,5.02317610878506,0.16013034441529317
874,0.1196,4,31,4,63359,542251,4568,103388,5.022888954759346,0.16013282964628842
875,0.1197,4,42,4,63401,542209,4572,103384,5.022499907369669,0.16013804362810624
876,0.1198,0,15,0,63416,542194,4572,103384,5.022360961873356,0.16014176443435185
877,0.1199,0,34,0,63450,542160,4572,103384,5.022046018748379,0.16015019890201132
878,0.12,20,232,20,63682,541928,4592,103364,5.019896995072067,0.16018174717802172
879,0.1202,8,67,8,63749,541861,4600,103356,5.0192763718552005,0.16018796776898314
880,0.1203,2,5,2,63754,541856,4602,103354,5.0192300566897625,0.1601866059112537
881,0.1204,0,14,0,63768,541842,4602,103354,5.019100374226537,0.16019008177360058
882,0.1205,3,38,3,63806,541804,4605,103351,5.018748378969209,0.1601956119072161
883,0.1206,6,21,6,63827,541783,4611,103345,5.018553855274371,0.1601930159596235
884,0.1207,1,26,1,63853,541757,4612,103344,5.018313016414095,0.160198170519035
885,0.1208,2,29,2,63882,541728,4614,103342,5.018044388454555,0.1602027686917699
886,0.1209,0,6,0,63888,541722,4614,103342,5.01798881025603,0.16020425880222738
887,0.121,3,18,3,63906,541704,4617,103339,5.017822075660455,0.1602048235543987
888,0.1211,1,12,1,63918,541692,4618,103338,5.017710919263403,0.16020650202316172
889,0.1212,2,22,2,63940,541670,4620,103336,5.017507132535477,0.16020936239352812
890,0.1213,0,39,0,63979,541631,4620,103336,5.017145874245063,0.16021904996689754
891,0.1214,4,60,4,64039,541571,4624,103332,5.0165900922598095,0.16022874757909328
892,0.1215,0,11,0,64050,541560,4624,103332,5.016488198895846,0.1602314806200108
893,0.1216,1,26,1,64076,541534,4625,103331,5.01624736003557,0.1602366386763121
894,0.1217,2,18,2,64094,541516,4627,103329,5.016080625439994,0.16023850692802147
895,0.1218,1,4,1,64098,541512,4628,103328,5.016043573307644,0.16023819862291422
896,0.1219,2,43,2,64141,541469,4630,103326,5.015645262884879,0.16024627982537085
897,0.122,0,22,0,64163,541447,4630,103326,5.015441476156953,0.16025174751424145
898,0.1221,2,1,2,64164,541446,4632,103324,5.015432213123865,0.16024939125579665
899,0.1222,3,37,3,64201,541409,4635,103321,5.015089480899626,0.16025468025374964
900,0.1223,5,31,5,64232,541378,4640,103316,5.0148023268739115,0.16025587332905222
901,0.1224,0,21,0,64253,541357,4640,103316,5.014607803179073,0.16026109360869775
902,0.1225,1,22,1,64275,541335,4641,103315,5.014404016451147,0.16026526021872334
903,0.1226,3,44,3,64319,541291,4644,103312,5.013996442995294,0.1602722916275599
904,0.1227,3,14,3,64333,541277,4647,103309,5.013866760532069,0.16027186442150465
905,0.1229,3,71,3,64404,541206,4650,103306,5.013209085182853,0.16028561143935258
906,0.123,1,62,1,64466,541144,4651,103305,5.012634777131424,0.1602997289157094
907,0.1231,2,37,2,64503,541107,4653,103303,5.012292044907184,0.16030632671746248
908,0.1232,1,11,1,64514,541096,4654,103302,5.012190151543221,0.1603077601109873
909,0.1233,6,72,6,64586,541024,4660,103296,5.011523213160918,0.16031785448224484
910,0.1234,1,31,1,64617,540993,4661,103295,5.011236059135204,0.16032426492500249
911,0.1235,0,14,0,64631,540979,4661,103295,5.011106376671978,0.1603277487528598
912,0.1236,7,34,7,64665,540945,4668,103288,5.010791433547,0.16032708662859554
913,0.1237,0,35,0,64700,540910,4668,103288,5.010467227388936,0.1603357973790667
914,0.1238,7,113,7,64813,540797,4675,103281,5.009420504650042,0.1603548017476144
915,0.1239,1,15,1,64828,540782,4676,103280,5.009281559153729,0.1603572326887784
916,0.124,0,5,0,64833,540777,4676,103280,5.009235243988291,0.16035847758816377
917,0.1241,3,24,3,64857,540753,4679,103277,5.00901293119419,0.16036054221076657
918,0.1242,0,27,0,64884,540726,4679,103277,5.008762829300826,0.16036726536988183
919,0.1243,0,28,0,64912,540698,4679,103277,5.008503464374375,0.1603742381303622
920,0.1244,0,7,0,64919,540691,4679,103277,5.008438623142762,0.1603759814152256
921,0.1245,3,20,3,64939,540671,4682,103274,5.00825336248101,0.16037705083508685
922,0.1246,0,4,0,64943,540667,4682,103274,5.0082163103486605,0.16037804705710618
923,0.1247,0,16,0,64959,540651,4682,103274,5.008068101819259,0.16038203206895213
924,0.1248,4,88,4,65047,540563,4686,103270,5.007252954907555,0.16039873693954798
925,0.1249,0,15,0,65062,540548,4686,103270,5.007114009411241,0.16040247399109686
926,0.125,55,543,55,65605,540005,4741,103215,5.002084182444699,0.160466092472249
927,0.1251,6,71,6,65676,539934,4747,103209,5.001426507095483,0.1604759750164427
928,0.1252,2,30,2,65706,539904,4749,103207,5.001148616102856,0.16048085011763133
929,0.1253,1,13,1,65719,539891,4750,103206,5.001028196672719,0.16048278875504007
930,0.1254,0,19,0,65738,539872,4750,103206,5.000852199044055,0.1604875302840402
931,0.1255,0,3,0,65741,539869,4750,103206,5.0008244099447925,0.1604882789721261
932,0.1256,0,9,0,65750,539860,4750,103206,5.000741042647005,0.16049052507829678
933,0.1257,6,17,6,65767,539843,4756,103200,5.000583571084516,0.16048693477730105
934,0.1258,5,36,5,65803,539807,4761,103195,5.000250101893364,0.16048939194590375
935,0.1259,1,8,1,65811,539799,4762,103194,5.000175997628664,0.16049008309577242
936,0.126,3,28,3,65839,539771,4765,103191,4.999916632702212,0.16049315511647655
937,0.1261,3,29,3,65868,539742,4768,103188,4.999648004742673,0.16049647706593254
938,0.1262,3,71,3,65939,539671,4771,103185,4.9989903293934566,0.1605102853516184
939,0.1263,4,31,4,65970,539640,4775,103181,4.9987031753677424,0.16051280216421057
940,0.1264,4,33,4,66003,539607,4779,103177,4.998397495275853,0.16051581868870413
941,0.1265,1,33,1,66036,539574,4780,103176,4.9980918151839635,0.16052275379229872
942,0.1267,8,97,8,66133,539477,4788,103168,4.997193300974471,0.16053653261131728
943,0.1268,11,75,11,66208,539402,4799,103157,4.996498573492905,0.16054089974617117
944,0.1269,7,48,7,66256,539354,4806,103150,4.996053947904702,0.16054374758756365
945,0.1271,4,46,4,66302,539308,4810,103146,4.995627848382674,0.16055001603227623
946,0.1272,0,4,0,66306,539304,4810,103146,4.995590796250324,0.16055101564324073
947,0.1273,0,15,0,66321,539289,4810,103146,4.995451850754011,0.16055476429522053
948,0.1274,3,44,3,66365,539245,4813,103143,4.995044277298159,0.16056184113028263
949,0.1275,1,34,1,66399,539211,4814,103142,4.994729334173182,0.16056903291492372
950,0.1276,2,102,2,66501,539109,4816,103140,4.993784504798251,0.16059191995627864
951,0.1277,0,14,0,66515,539095,4816,103140,4.993654822335025,0.16059542067934635
952,0.1278,6,27,6,66542,539068,4822,103134,4.993404720441662,0.16059433013288654
953,0.1279,4,42,4,66584,539026,4826,103130,4.993015673051985,0.16059960508038545
954,0.128,2,21,2,66605,539005,4828,103128,4.9928211493571455,0.160602242837543
955,0.1281,2,89,2,66694,538916,4830,103126,4.991996739412353,0.1606218907797309
956,0.1282,0,5,0,66699,538911,4830,103126,4.991950424246915,0.160623141656945
957,0.1283,2,40,2,66739,538871,4832,103124,4.991579902923413,0.16063053450572046
958,0.1284,7,39,7,66778,538832,4839,103117,4.9912186446329985,0.16063114048000698
959,0.1286,9,113,9,66891,538719,4848,103108,4.990171921894105,0.16064765115833393
960,0.1287,1,18,1,66909,538701,4849,103107,4.990005187298529,0.16065084885199313
961,0.1288,5,40,5,66949,538661,4854,103102,4.989634665975027,0.16065432254586196
962,0.1289,2,15,2,66964,538646,4856,103100,4.989495720478714,0.16065546181822715
963,0.129,2,24,2,66988,538622,4858,103098,4.989273407684612,0.16065885432899082
964,0.1291,0,4,0,66992,538618,4858,103098,4.989236355552262,0.16065985576173883
965,0.1292,2,61,2,67053,538557,4860,103096,4.988671310533921,0.16067251302495275
966,0.1293,9,62,9,67115,538495,4869,103087,4.988097002482493,0.16067626585533884
967,0.1294,2,74,2,67189,538421,4871,103085,4.987411538034014,0.16069218370521865
968,0.1295,1,7,1,67196,538414,4872,103084,4.987346696802401,0.1606926288156783
969,0.1296,5,36,5,67232,538378,4877,103079,4.987013227611249,0.1606951050499098
970,0.1298,3,8,3,67240,538370,4880,103076,4.9869391233465485,0.16069318383776654
971,0.1299,2,90,2,67330,538280,4882,103074,4.986105450368669,0.16071311631329968
972,0.13,9,139,9,67469,538141,4891,103065,4.9848178887694985,0.1607361752697261
973,0.1301,0,23,0,67492,538118,4891,103065,4.984604839008485,0.16074194106830655
974,0.1302,4,26,4,67518,538092,4895,103061,4.984364000148209,0.1607432235363478
975,0.1303,1,24,1,67542,538068,4896,103060,4.984141687354107,0.16074793177025493
976,0.1304,0,22,0,67564,538046,4896,103060,4.983937900626181,0.16075344794776528
977,0.1305,2,17,2,67581,538029,4898,103058,4.9837804290636925,0.16075509252254375
978,0.1306,3,21,3,67602,538008,4901,103055,4.983585905368854,0.1607564311151946
979,0.1307,1,1,1,67603,538007,4902,103054,4.983576642335766,0.16075537273364002
980,0.1308,7,136,7,67739,537871,4909,103047,4.982316869835859,0.16078031823103736
981,0.131,7,56,7,67795,537815,4916,103040,4.981798139982956,0.16078520102051166
982,0.1311,1,20,1,67815,537795,4917,103039,4.981612879321205,0.16078890945236987
983,0.1312,5,34,5,67849,537761,4922,103034,4.981297936196228,0.16079089256314422
984,0.1313,0,2,0,67851,537759,4922,103034,4.981279410130053,0.1607913944128603
985,0.1314,0,19,0,67870,537740,4922,103034,4.9811034125013895,0.16079616214141024
986,0.1315,0,21,0,67891,537719,4922,103034,4.9809088888065505,0.16080143206508593
987,0.1316,1,114,1,68005,537605,4923,103033,4.97985290303457,0.16082873635344766
988,0.1317,10,139,10,68144,537466,4933,103023,4.9785653414354,0.16085053763608742
989,0.1318,0,4,0,68148,537462,4933,103023,4.97852828930305,0.16085154219068362
990,0.1319,3,14,3,68162,537448,4936,103020,4.978398606839824,0.16085112761293305
991,0.132,0,1,0,68163,537447,4936,103020,4.978389343806736,0.16085137875956138
992,0.1321,2,27,2,68190,537420,4938,103018,4.9781392419133725,0.16085553949016143
993,0.1322,0,8,0,68198,537412,4938,103018,4.978065137648672,0.1608575488343769
994,0.1323,4,31,4,68229,537381,4942,103014,4.977777983622958,0.16086009416063524
995,0.1324,0,1,0,68230,537380,4942,103014,4.97776872058987,0.16086034534989396
996,0.1325,4,66,4,68296,537314,4946,103010,4.977157360406092,0.16087168371012175
997,0.1326,1,44,1,68340,537270,4947,103009,4.976749786950239,0.16088142825237123
998,0.1327,0,12,0,68352,537258,4947,103009,4.976638630553189,0.1608844435212185
999,0.1328,0,19,0,68371,537239,4947,103009,4.976462632924525,0.16088921792805289
1000,0.1329,4,44,4,68415,537195,4951,103005,4.976055059468672,0.1608950328022493
1001,0.133,6,127,6,68542,537068,4957,102999,4.974878654266553,0.16091909128263135
1002,0.1331,4,42,4,68584,537026,4961,102995,4.974489606876876,0.1609244071678898
1003,0.1332,2,20,2,68604,537006,4963,102993,4.974304346215125,0.16092681394814679
1004,0.1333,70,839,70,69443,536167,5033,102923,4.966532661454667,0.16104617503012095
1005,0.1334,2,18,2,69461,536149,5035,102921,4.9663659268590905,0.16104808549924107
1006,0.1335,0,20,0,69481,536129,5035,102921,4.9661806661973396,0.1610531257335107
1007,0.1336,4,44,4,69525,536085,5039,102917,4.965773092741487,0.16105896382170948
1008,0.1337,1,22,1,69547,536063,5040,102916,4.9655693060135615,0.16106319613007627
1009,0.1339,1,18,1,69565,536045,5041,102915,4.965402571417985,0.16106642043320396
1010,0.134,2,65,2,69630,535980,5043,102913,4.964800474267294,0.16108018087535786
1011,0.1341,4,94,4,69724,535886,5047,102909,4.963929749157064,0.16109863101621022
1012,0.1342,1,31,1,69755,535855,5048,102908,4.96364259513135,0.16110513602071505
1013,0.1343,2,26,2,69781,535829,5050,102906,4.9634017562710735,0.16110906714051992
1014,0.1344,0,24,0,69805,535805,5050,102906,4.963179443476972,0.16111512092323446
1015,0.1345,1,43,1,69848,535762,5051,102905,4.962781133054207,0.16112465494537842
1016,0.1346,1,18,1,69866,535744,5052,102904,4.962614398458632,0.16112788265210257
1017,0.1347,3,23,3,69889,535721,5055,102901,4.962401348697617,0.16112974498216473
1018,0.1348,2,55,2,69944,535666,5057,102899,4.961891881877802,0.1611409958265799
1019,0.1349,2,27,2,69971,535639,5059,102897,4.961641779984438,0.16114518210406303
1020,0.135,2,69,2,70040,535570,5061,102895,4.961002630701397,0.16115996961462256
1021,0.1351,2,30,2,70070,535540,5063,102893,4.960724739708771,0.16116491472088693
1022,0.1352,6,148,6,70218,535392,5069,102887,4.9593538108118125,0.1611943993144064
1023,0.1353,0,22,0,70240,535370,5069,102887,4.959150024083886,0.16119995550381744
1024,0.1354,5,28,5,70268,535342,5074,102882,4.958890659157435,0.16120045626613855
1025,0.1355,0,2,0,70270,535340,5074,102882,4.958872133091259,0.16120096142094756
1026,0.1356,2,26,2,70296,535314,5076,102880,4.958631294230983,0.16120490007740593
1027,0.1357,6,75,6,70371,535239,5082,102874,4.957936566749416,0.1612159601826009
1028,0.1358,8,44,8,70415,535195,5090,102866,4.957528993293564,0.16121656079904587
1029,0.1359,0,8,0,70423,535187,5090,102866,4.957454889028863,0.16121858215540089
1030,0.136,0,1,0,70424,535186,5090,102866,4.957445625995776,0.16121883482850927
1031,0.1361,0,21,0,70445,535165,5090,102866,4.957251102300938,0.1612241411467468
1032,0.1362,2,20,2,70465,535145,5092,102864,4.957065841639186,0.16122656576944838
1033,0.1363,0,7,0,70472,535138,5092,102864,4.9570010004075735,0.1612283347074147
1034,0.1364,2,29,2,70501,535109,5094,102862,4.956732372448035,0.16123303410343104
1035,0.1365,6,68,6,70569,535041,5100,102856,4.9561024861980805,0.16124233222604903
1036,0.1366,0,42,0,70611,534999,5100,102856,4.955713438808403,0.1612529493380157
1037,0.1367,7,83,7,70694,534916,5107,102849,4.954944607062137,0.16126472917140325
1038,0.1368,0,47,0,70741,534869,5107,102849,4.954509244507022,0.16127661442832097
1039,0.1369,2,60,2,70801,534809,5109,102847,4.953953462521768,0.16128915904500232
1040,0.137,0,1,0,70802,534808,5109,102847,4.953944199488681,0.16128941198610533
1041,0.1371,1,33,1,70835,534775,5110,102846,4.953638519396791,0.16129644412589925
1042,0.1372,0,24,0,70859,534751,5110,102846,4.95341620660269,0.16130251553881214
1043,0.1373,0,15,0,70874,534736,5110,102846,4.9532772611063765,0.1613063104039951
1044,0.1374,1,10,1,70884,534726,5111,102845,4.953184630775501,0.16130752496584694
1045,0.1375,14,69,14,70953,534657,5125,102831,4.95254548149246,0.1613065657706498
1046,0.1376,5,20,5,70973,534637,5130,102826,4.952360220830709,0.16130504829299896
1047,0.1377,3,9,3,70982,534628,5133,102823,4.952276853532921,0.1613033786126306
1048,0.1378,3,8,3,70990,534620,5136,102820,4.952202749268221,0.16130145582329317
1049,0.1379,4,145,4,71135,534475,5140,102816,4.950859609470525,0.1613328918814168
1050,0.138,1,45,1,71180,534430,5141,102815,4.950442772981585,0.16134296855997302
1051,0.1381,9,40,9,71220,534390,5150,102806,4.950072251658083,0.1613412513575101
1052,0.1382,2,41,2,71261,534349,5152,102804,4.949692467301493,0.16134900094639748
1053,0.1383,6,67,6,71328,534282,5158,102798,4.949071844084627,0.16135807119984932
1054,0.1384,0,21,0,71349,534261,5158,102798,4.948877320389788,0.16136339020404702
1055,0.1385,2,24,2,71373,534237,5160,102796,4.948655007595687,0.16136683656890616
1056,0.1386,1,10,1,71383,534227,5161,102795,4.948562377264811,0.16136805322265166
1057,0.1387,0,34,0,71417,534193,5161,102795,4.948247434139835,0.16137666643641638
1058,0.1388,2,26,2,71443,534167,5163,102793,4.948006595279558,0.16138062044712384
1059,0.1389,6,47,6,71490,534120,5169,102787,4.947571232724443,0.16138462915307886
1060,0.139,3,133,3,71623,533987,5172,102784,4.946339249323799,0.1614143860194638
1061,0.1391,1,1,1,71624,533986,5173,102783,4.946329986290711,0.16141332257066535
1062,0.1392,1,27,1,71651,533959,5174,102782,4.9460798843973475,0.16141885005049147
1063,0.1393,7,31,7,71682,533928,5181,102775,4.9457927303716325,0.16141748978723203
1064,0.1394,5,65,5,71747,533863,5186,102770,4.945190633220942,0.16142738438001172
1065,0.1395,0,7,0,71754,533856,5186,102770,4.945125791989329,0.16142915934944535
1066,0.1396,0,10,0,71764,533846,5186,102770,4.945033161658453,0.1614316950877766
1067,0.1397,0,14,0,71778,533832,5186,102770,4.9449034791952275,0.16143524525527725
1068,0.1398,0,1,0,71779,533831,5186,102770,4.94489421616214,0.16143549884464523
1069,0.1399,0,2,0,71781,533829,5186,102770,4.944875690095965,0.16143600602577132
1070,0.14,34,377,34,72158,533452,5220,102736,4.941383526621957,0.1614868560865656
1071,0.1401,0,8,0,72166,533444,5220,102736,4.941309422357256,0.161488886793046
1072,0.1402,1,8,1,72174,533436,5221,102735,4.941235318092557,0.16148959949447556
1073,0.1403,3,18,3,72192,533418,5224,102732,4.94106858349698,0.16149021457203488
1074,0.1404,0,2,0,72194,533416,5224,102732,4.941050057430805,0.16149072228475134
1075,0.1405,3,21,3,72215,533395,5227,102729,4.9408555337359665,0.16149209902471845
1076,0.1406,0,18,0,72233,533377,5227,102729,4.940688799140391,0.1614966687941947
1077,0.1407,1,7,1,72240,533370,5228,102728,4.940623957908778,0.1614971278010621
1078,0.1408,0,25,0,72265,533345,5228,102728,4.940392382081589,0.16150347523004435
1079,0.1409,1,21,1,72286,533324,5229,102727,4.9401978583867505,0.1615074891793268
1080,0.141,7,89,7,72375,533235,5236,102720,4.939373448441958,0.16152086232516452
1081,0.1411,4,66,4,72441,533169,5240,102716,4.938762088258179,0.16153235254802362
1082,0.1412,5,95,5,72536,533074,5245,102711,4.937882100114861,0.16154989501167846
1083,0.1413,1,7,1,72543,533067,5246,102710,4.937817258883249,0.16155035492004272
1084,0.1414,0,25,0,72568,533042,5246,102710,4.93758568305606,0.161556707647007
1085,0.1415,1,28,1,72596,533014,5247,102709,4.9373263181296085,0.16156250442409667
1086,0.1417,17,283,17,72879,532731,5264,102692,4.934704879765831,0.1616120285227321
1087,0.1418,0,12,0,72891,532719,5264,102692,4.9345937233687795,0.16161508063285024
1088,0.1419,2,53,2,72944,532666,5266,102690,4.934102782615139,0.16162592310452722
1089,0.142,1,20,1,72964,532646,5267,102689,4.933917521953388,0.1616296914226353
1090,0.1421,2,28,2,72992,532618,5269,102687,4.933658157026937,0.161634175710879
1091,0.1422,4,27,4,73019,532591,5273,102683,4.933408055133573,0.16163576661409093
1092,0.1423,0,7,0,73026,532584,5273,102683,4.93334321390196,0.1616375476768036
1093,0.1424,2,23,2,73049,532561,5275,102681,4.933130164140946,0.1616407605290582
1094,0.1425,1,21,1,73070,532540,5276,102680,4.932935640446107,0.16164478448411573
1095,0.1426,0,18,0,73088,532522,5276,102680,4.932768905850532,0.16164936508386307
1096,0.1427,1,0,1,73088,532522,5277,102679,4.932768905850532,0.16164804526441237
1097,0.1428,2,16,2,73104,532506,5279,102677,4.932620697321131,0.16164947739470356
1098,0.1429,16,121,16,73225,532385,5295,102661,4.931499870317537,0.16165915539976633
1099,0.143,0,18,0,73243,532367,5295,102661,4.931333135721961,0.16166373766196135
1100,0.1431,0,14,0,73257,532353,5295,102661,4.931203453258735,0.16166730182326688
1101,0.1432,1,20,1,73277,532333,5296,102660,4.931018192596984,0.16167107353939333
1102,0.1433,6,91,6,73368,532242,5302,102654,4.930175256586017,0.16168632342934905
1103,0.1434,0,12,0,73380,532230,5302,102654,4.930064100188966,0.16168937947719583
1104,0.1435,1,7,1,73387,532223,5303,102653,4.929999258957353,0.16168984179587825
1105,0.1436,5,36,5,73423,532187,5308,102648,4.929665789766201,0.16169240826356454
1106,0.1437,2,32,2,73455,532155,5310,102646,4.9293693727073995,0.161697917930186
1107,0.1438,3,46,3,73501,532109,5313,102643,4.9289432731853715,0.16170567402702157
1108,0.1439,1,15,1,73516,532094,5314,102642,4.9288043276890585,0.16170817473721358
1109,0.144,2,17,2,73533,532077,5316,102640,4.92864685612657,0.16170986439625848
1110,0.1442,1,81,1,73614,531996,5317,102639,4.927896550446478,0.16172918291616442
1111,0.1443,0,24,0,73638,531972,5317,102639,4.9276742376523766,0.16173529926206762
1112,0.1444,11,96,11,73734,531876,5328,102628,4.926784986475972,0.16174523722466683
1113,0.1445,0,2,0,73736,531874,5328,102628,4.926766460409796,0.1617457470583229
1114,0.1446,2,30,2,73766,531844,5330,102626,4.92648856941717,0.16175075259665547
1115,0.1447,4,55,4,73821,531789,5334,102622,4.9259791025973545,0.16175949029887565
1116,0.1448,1,31,1,73852,531758,5335,102621,4.92569194857164,0.16176607359323056
1117,0.1449,0,2,0,73854,531756,5335,102621,4.925673422505465,0.16176658359303694
1118,0.145,10,188,10,74042,531568,5345,102611,4.923931972285005,0.16180132107811832
1119,0.1451,4,88,4,74130,531480,5349,102607,4.923116825373301,0.16181848863010911
1120,0.1452,8,54,8,74184,531426,5357,102599,4.922616621586572,0.16182169472812585
1121,0.1453,1,14,1,74198,531412,5358,102598,4.922486939123346,0.16182394599454267
1122,0.1454,0,12,0,74210,531400,5358,102598,4.922375782726296,0.16182700891800922
1123,0.1455,1,33,1,74243,531367,5359,102597,4.9220701026344065,0.16183411045422139
1124,0.1456,7,114,7,74357,531253,5366,102590,4.921014116862425,0.16185396068111504
1125,0.1457,6,64,6,74421,531189,5372,102584,4.920421282744822,0.16186237028084188
1126,0.1458,13,66,13,74487,531123,5385,102571,4.919809922561043,0.16186203435727653
1127,0.1459,4,39,4,74526,531084,5389,102567,4.919448664270629,0.16186670580493048
1128,0.146,1,23,1,74549,531061,5390,102566,4.919235614509615,0.16187125864270305
1129,0.1461,3,19,3,74568,531042,5393,102563,4.9190596168809515,0.16187214431704294
1130,0.1462,5,53,5,74621,530989,5398,102558,4.918568676127311,0.16187907132383234
1131,0.1463,2,39,2,74660,530950,5400,102556,4.918207417836896,0.1618863909734083
1132,0.1464,1,26,1,74686,530924,5401,102555,4.91796657897662,0.1618917122745979
1133,0.1465,0,6,0,74692,530918,5401,102555,4.917911000778095,0.16189324564740723
1134,0.1466,1,6,1,74698,530912,5402,102554,4.91785542257957,0.16189345600237423
1135,0.1467,15,94,15,74792,530818,5417,102539,4.916984697469339,0.16189763435155843
1136,0.1468,4,112,4,74904,530706,5421,102535,4.915947237763533,0.1619209747947464
1137,0.1469,2,15,2,74919,530691,5423,102533,4.91580829226722,0.16192216340505097
1138,0.147,0,8,0,74927,530683,5423,102533,4.91573418800252,0.16192420911663635
1139,0.1471,4,19,4,74946,530664,5427,102529,4.915558190373856,0.16192377363615834
1140,0.1472,5,81,5,75027,530583,5432,102524,4.914807884693764,0.16193787148143995
1141,0.1473,0,5,0,75032,530578,5432,102524,4.914761569528326,0.1619391504054639
1142,0.1474,4,67,4,75099,530511,5436,102520,4.91414094631146,0.16195099450105918
1143,0.1475,1,13,1,75112,530498,5437,102519,4.914020526881322,0.16195299652300016
1144,0.1476,3,52,3,75164,530446,5440,102516,4.913538849160769,0.16196232949213382
1145,0.1477,6,81,6,75245,530365,5446,102510,4.912788543480677,0.16197511356903022
1146,0.1478,1,2,1,75247,530363,5447,102509,4.912770017414502,0.1619743012805117
1147,0.1479,2,37,2,75284,530326,5449,102507,4.912427285190263,0.16198112298189254
1148,0.148,1,32,1,75316,530294,5450,102506,4.912130868131461,0.16198798988621999
1149,0.1481,3,30,3,75346,530264,5453,102503,4.911852977138834,0.1619916967857047
1150,0.1482,3,33,3,75379,530231,5456,102500,4.911547297046945,0.1619961721489859
1151,0.1483,7,70,7,75449,530161,5463,102493,4.910898884730816,0.1620048241218739
1152,0.1484,4,43,4,75492,530118,5467,102489,4.910500574308052,0.16201053734783208
1153,0.1485,6,28,6,75520,530090,5473,102483,4.9102412093816,0.16200976013835558
1154,0.1486,2,49,2,75569,530041,5475,102481,4.9097873207603095,0.162019660976219
1155,0.1487,2,25,2,75594,530016,5477,102479,4.909555744933121,0.16202341520486327
1156,0.1488,0,42,0,75636,529974,5477,102479,4.909166697543443,0.16203417487149244
1157,0.1489,1,9,1,75645,529965,5478,102478,4.909083330245656,0.162035155737355
1158,0.149,4,50,4,75695,529915,5482,102474,4.908620178591278,0.16204266677630383
1159,0.1491,2,47,2,75742,529868,5484,102472,4.9081848160361625,0.16205206060030997
1160,0.1492,1,14,1,75756,529854,5485,102471,4.908055133572937,0.16205432333056577
1161,0.1493,0,21,0,75777,529833,5485,102471,4.907860609878099,0.16205970545813406
1162,0.1494,0,36,0,75813,529797,5485,102471,4.9075271406869465,0.16206893279432139
1163,0.1495,8,81,8,75894,529716,5493,102463,4.906776835006855,0.16207909468678966
1164,0.1496,0,13,0,75907,529703,5493,102463,4.906656415576716,0.1620824277167706
1165,0.1497,5,80,5,75987,529623,5498,102458,4.905915372929712,0.16209631360537652
1166,0.1498,2,31,2,76018,529592,5500,102456,4.905628218903998,0.16210161253575678
1167,0.1499,4,34,4,76052,529558,5504,102452,4.905313275779021,0.1621050299837028
1168,0.15,166,1646,166,77698,527912,5670,102286,4.890066323316907,0.16230771916127948
1169,0.1501,2,10,2,77708,527902,5672,102284,4.889973692986032,0.16230763615821361
1170,0.1502,2,124,2,77832,527778,5674,102282,4.888825076883174,0.1623369202933054
1171,0.1504,3,36,3,77868,527742,5677,102279,4.888491607692023,0.16234220764069768
1172,0.1505,1,3,1,77871,527739,5678,102278,4.88846381859276,0.1623416510983037
1173,0.1506,4,47,4,77918,527692,5682,102274,4.888028456037645,0.16234844420175057
1174,0.1507,0,15,0,77933,527677,5682,102274,4.887889510541331,0.16235230994156688
1175,0.1508,1,13,1,77946,527664,5683,102273,4.887769091111194,0.16235433067116237
1176,0.1509,0,4,0,77950,527660,5683,102273,4.887732038978843,0.16235536160194813
1177,0.151,2,51,2,78001,527609,5685,102271,4.887259624291378,0.16236584746300883
1178,0.1511,3,24,3,78025,527585,5688,102268,4.887037311497276,0.16236804460723375
1179,0.1512,2,10,2,78035,527575,5690,102266,4.886944681166401,0.16236796270804854
1180,0.1513,3,75,3,78110,527500,5693,102263,4.8862499536848345,0.1623833092766644
1181,0.1514,4,88,4,78198,527412,5697,102259,4.88543480677313,0.16240068226105378
1182,0.1515,0,4,0,78202,527408,5697,102259,4.885397754640779,0.1624017139218031
1183,0.1516,3,21,3,78223,527387,5700,102256,4.885203230945941,0.16240313955686
1184,0.1517,4,27,4,78250,527360,5704,102252,4.884953129052577,0.16240478262803124
1185,0.1518,2,45,2,78295,527315,5706,102250,4.884536292563637,0.1624137301152383
1186,0.1519,7,172,7,78467,527143,5713,102243,4.882943050872577,0.1624487993059903
1187,0.152,1,18,1,78485,527125,5714,102242,4.882776316277002,0.16245211458497189
1188,0.1521,5,12,5,78497,527113,5719,102237,4.882665159879951,0.16244855803606895
1189,0.1522,0,4,0,78501,527109,5719,102237,4.882628107747601,0.1624495905273093
1190,0.1523,0,21,0,78522,527088,5719,102237,4.882433584052762,0.16245501132165416
1191,0.1524,13,260,13,78782,526828,5732,102224,4.880025195449998,0.16250484856577835
1192,0.1525,1,10,1,78792,526818,5733,102223,4.879932565119122,0.16250610055624354
1193,0.1526,1,22,1,78814,526796,5734,102222,4.879728778391196,0.1625104528010327
1194,0.1527,3,44,3,78858,526752,5737,102219,4.879321204935344,0.16251782673604984
1195,0.1528,6,67,6,78925,526685,5743,102213,4.878700581718478,0.1625271506667218
1196,0.1529,3,40,3,78965,526645,5746,102210,4.878330060394975,0.1625334934126309
1197,0.153,3,59,3,79024,526586,5749,102207,4.87778354144281,0.1625447484307236
1198,0.1531,0,43,0,79067,526543,5749,102207,4.877385231020045,0.1625558648111332
1199,0.1532,0,16,0,79083,526527,5749,102207,4.877237022490644,0.16256000152687783
1200,0.1533,10,115,10,79198,526412,5759,102197,4.876171773685575,0.16257641872769876
1201,0.1534,4,35,4,79233,526377,5763,102193,4.8758475675275115,0.16258014222759598
1202,0.1535,2,127,2,79360,526250,5765,102191,4.8746711623253915,0.16261033255309568
1203,0.1536,3,34,3,79394,526216,5768,102188,4.874356219200415,0.16261513293995583
1204,0.1537,4,75,4,79469,526141,5772,102184,4.873661491718848,0.16262921258902638
1205,0.1538,2,21,2,79490,526120,5774,102182,4.87346696802401,0.16263198270895207
1206,0.1539,2,18,2,79508,526102,5776,102180,4.873300233428433,0.16263397646279856
1207,0.154,2,6,2,79514,526096,5778,102178,4.873244655229908,0.1626328640051952
1208,0.1542,2,80,2,79594,526016,5780,102176,4.872503612582904,0.16265090927614487
1209,0.1543,2,32,2,79626,525984,5782,102174,4.872207195524102,0.16265652908981498
1210,0.1544,10,120,10,79746,525864,5792,102164,4.871095631553596,0.16267427566923767
1211,0.1545,1,26,1,79772,525838,5793,102163,4.8708547926933194,0.1626796772616604
1212,0.1546,3,94,3,79866,525744,5796,102160,4.869984067583089,0.16270003057792273
1213,0.1547,1,28,1,79894,525716,5797,102159,4.8697247026566375,0.1627059526179574
1214,0.1548,2,34,2,79928,525682,5799,102157,4.869409759531661,0.16271209657252894
1215,0.1549,3,111,3,80039,525571,5802,102154,4.868381562858943,0.16273686725875183
1216,0.155,9,68,9,80107,525503,5811,102145,4.8677516766089886,0.1627424926073213
1217,0.1551,4,25,4,80132,525478,5815,102141,4.8675201007818,0.16274363905490433
1218,0.1552,3,83,3,80215,525395,5818,102138,4.866751269035533,0.16276116156441175
1219,0.1553,9,53,9,80268,525342,5827,102129,4.866260328281893,0.16276290059620285
1220,0.1554,0,19,0,80287,525323,5827,102129,4.866084330653229,0.16276782925227745
1221,0.1555,2,10,2,80297,525313,5829,102127,4.865991700322353,0.162767754685707
1222,0.1556,7,111,7,80408,525202,5836,102120,4.864963503649635,0.1627872129464613
1223,0.1557,1,1,1,80409,525201,5837,102119,4.864954240616547,0.1627861378562775
1224,0.1559,1,0,1,80409,525201,5838,102118,4.864954240616547,0.16278480326596198
1225,0.156,2,92,2,80501,525109,5840,102116,4.864102041572493,0.16280601060225597
1226,0.1561,3,80,3,80581,525029,5843,102113,4.863360998925488,0.16282277378966806
1227,0.1562,6,70,6,80651,524959,5849,102107,4.8627125866093595,0.16283293943540234
1228,0.1563,3,14,3,80665,524945,5852,102104,4.862582904146134,0.1628325697034841
1229,0.1564,1,12,1,80677,524933,5853,102103,4.862471747749083,0.16283435081877276
1230,0.1565,1,4,1,80681,524929,5854,102102,4.862434695616733,0.1628340544566377
1231,0.1566,1,32,1,80713,524897,5855,102101,4.862138278557931,0.1628410297959483
1232,0.1567,11,84,11,80797,524813,5866,102090,4.861360183778577,0.16284815992266746
1233,0.1568,4,22,4,80819,524791,5870,102086,4.86115639705065,0.16284853328483898
1234,0.1569,6,25,6,80844,524766,5876,102080,4.8609248212234615,0.16284701505632962
1235,0.157,3,10,3,80854,524756,5879,102077,4.860832190892586,0.16284560640553386
1236,0.1571,11,135,11,80989,524621,5890,102066,4.859581681425766,0.16286599211408567
1237,0.1572,11,94,11,81083,524527,5901,102055,4.858710956315536,0.16287572895486943
1238,0.1573,7,94,7,81177,524433,5908,102048,4.857840231205306,0.16289081392731783
1239,0.1574,0,5,0,81182,524428,5908,102048,4.857793916039868,0.1628921139836163
1240,0.1575,0,25,0,81207,524403,5908,102048,4.857562340212679,0.16289861457639943
1241,0.1576,1,39,1,81246,524364,5909,102047,4.857201081922264,0.16290742020813812
1242,0.1577,1,5,1,81251,524359,5910,102046,4.8571547667568264,0.1629073842003177
1243,0.1578,5,58,5,81309,524301,5915,102041,4.856617510837749,0.16291578722167763
1244,0.1579,6,37,6,81346,524264,5921,102035,4.85627477861351,0.16291739249144577
1245,0.158,0,8,0,81354,524256,5921,102035,4.856200674348809,0.16291947353546515
1246,0.1581,0,65,0,81419,524191,5921,102035,4.855598577198117,0.16293638398916685
1247,0.1582,10,85,10,81504,524106,5931,102025,4.854811219385676,0.1629451344846366
1248,0.1583,23,301,23,81805,523805,5954,102002,4.852023046426321,0.16299274376924516
1249,0.1584,2,28,2,81833,523777,5956,102000,4.85176368149987,0.16299736167995948
1250,0.1585,6,47,6,81880,523730,5962,101994,4.851328318944756,0.16300157897092007
1251,0.1586,1,41,1,81921,523689,5963,101993,4.8509485345881656,0.16301092248138832
1252,0.1587,6,69,6,81990,523620,5969,101987,4.850309385305124,0.1630208741270478
1253,0.1588,4,36,4,82026,523584,5973,101983,4.849975916113972,0.16302490380726606
1254,0.1589,2,42,2,82068,523542,5975,101981,4.849586868724295,0.16303317384013058
1255,0.159,1,50,1,82118,523492,5976,101980,4.849123717069918,0.16304486851529726
1256,0.1591,1,21,1,82139,523471,5977,101979,4.848929193375079,0.16304900471660405
1257,0.1592,0,3,0,82142,523468,5977,101979,4.848901404275816,0.16304978679248602
1258,0.1593,5,69,5,82211,523399,5982,101974,4.8482622549927745,0.16306108514438583
1259,0.1594,1,23,1,82234,523376,5983,101973,4.848049205231761,0.16306574408850097
1260,0.1595,7,37,7,82271,523339,5990,101966,4.847706473007522,0.16306602378039517
1261,0.1596,3,88,3,82359,523251,5993,101963,4.846891326095816,0.16308495970979536
1262,0.1597,6,51,6,82410,523200,5999,101957,4.846418911408351,0.16309023173378848
1263,0.1598,0,7,0,82417,523193,5999,101957,4.846354070176739,0.16309205790610254
1264,0.1599,4,38,4,82455,523155,6003,101953,4.8460020749194115,0.1630966169045989
1265,0.16,37,269,37,82724,522886,6040,101916,4.8435103190188595,0.16311727555289515
1266,0.1601,4,71,4,82795,522815,6044,101912,4.8428526436696435,0.16313045538291127
1267,0.1602,3,50,3,82845,522765,6047,101909,4.842389492015266,0.1631394935598408
1268,0.1603,3,49,3,82894,522716,6050,101906,4.841935603393975,0.16314827207495092
1269,0.1604,1,20,1,82914,522696,6051,101905,4.841750342732224,0.1631521563366053
1270,0.1605,4,29,4,82943,522667,6055,101901,4.841481714772685,0.16315437230213523
1271,0.1606,2,17,2,82960,522650,6057,101899,4.841324243210197,0.163156133465909
1272,0.1607,4,30,4,82990,522620,6061,101895,4.84104635221757,0.16315861108219978
1273,0.1608,5,43,5,83033,522577,6066,101890,4.840648041794806,0.16316314553050842
1274,0.1609,9,91,9,83124,522486,6075,101881,4.839805105783838,0.16317486350175459
1275,0.161,0,10,0,83134,522476,6075,101881,4.839712475452962,0.16317747698832558
1276,0.1611,8,54,8,83188,522422,6083,101873,4.839212271666234,0.16318086801912557
1277,0.1612,1,42,1,83230,522380,6084,101872,4.838823224276557,0.16319050639805718
1278,0.1614,5,76,5,83306,522304,6089,101867,4.838119233761903,0.16320367335233454
1279,0.1615,11,118,11,83424,522186,6100,101856,4.837026195857572,0.16321978328381745
1280,0.1616,0,11,0,83435,522175,6100,101856,4.836924302493609,0.16322266041270386
1281,0.1617,12,63,12,83498,522112,6112,101844,4.836340731409092,0.16322304777901006
1282,0.1618,7,142,7,83640,521970,6119,101837,4.83502538071066,0.16325081315214482
1283,0.1619,3,49,3,83689,521921,6122,101834,4.83457149208937,0.16325961314939358
1284,0.162,2,18,2,83707,521903,6124,101832,4.834404757493794,0.16326164156252254
1285,0.1621,0,50,0,83757,521853,6124,101832,4.833941605839416,0.1632747300319873
1286,0.1622,3,21,3,83778,521832,6127,101829,4.833747082144577,0.1632762029371726
1287,0.1623,10,95,10,83873,521737,6137,101819,4.8328670940012595,0.16328765980922322
1288,0.1624,2,21,2,83894,521716,6139,101817,4.832672570306421,0.16329047540386796
1289,0.1625,6,131,6,84025,521585,6145,101811,4.8314591129719515,0.16331673607145378
1290,0.1626,11,156,11,84181,521429,6156,101800,4.830014079810293,0.1633428482949285
1291,0.1627,0,1,0,84182,521428,6156,101800,4.830004816777206,0.16334311038656799
1292,0.1628,1,17,1,84199,521411,6157,101799,4.829847345214717,0.16334622358434556
1293,0.1629,2,37,2,84236,521374,6159,101797,4.829504612990478,0.16335323691250075
1294,0.163,3,19,3,84255,521355,6162,101794,4.829328615361814,0.16335418976841815
1295,0.1631,1,112,1,84367,521243,6163,101793,4.828291155656008,0.16338221226381783
1296,0.1632,7,120,7,84487,521123,6170,101786,4.827179591685502,0.16340428537715782
1297,0.1633,9,57,9,84544,521066,6179,101777,4.826651598799511,0.1634071507586984
1298,0.1634,4,73,4,84617,520993,6183,101773,4.825975397384119,0.16342093177854924
1299,0.1635,1,13,1,84630,520980,6184,101772,4.825854977953981,0.16342299984584555
1300,0.1636,10,122,10,84752,520858,6194,101762,4.8247248879172995,0.1634415855578041
1301,0.1637,0,8,0,84760,520850,6194,101762,4.824650783652599,0.16344368563407066
1302,0.1638,1,18,1,84778,520832,6195,101761,4.824484049057023,0.163447067345762
1303,0.1639,0,34,0,84812,520798,6195,101761,4.824169105932047,0.1634559937291084
1304,0.164,0,23,0,84835,520775,6195,101761,4.823956056171033,0.16346203271778662
1305,0.1641,0,12,0,84847,520763,6195,101761,4.823844899773982,0.16346518367163354
1306,0.1642,4,149,4,84996,520614,6199,101757,4.822464707843936,0.16349894194941603
1307,0.1643,4,74,4,85070,520540,6203,101753,4.821779243395458,0.16351300753824966
1308,0.1644,2,58,2,85128,520482,6205,101751,4.821241987476379,0.16352556036082946
1309,0.1645,1,30,1,85158,520452,6206,101750,4.820964096483753,0.1635321005075522
1310,0.1646,4,26,4,85184,520426,6210,101746,4.820723257623476,0.16353355663707142
1311,0.1647,3,76,3,85260,520350,6213,101743,4.8200192671088224,0.16354950144110286
1312,0.1648,0,11,0,85271,520339,6213,101743,4.819917373744859,0.16355239341437303
1313,0.1649,3,74,3,85345,520265,6216,101740,4.81923190929638,0.1635678169789632
1314,0.165,11,138,11,85483,520127,6227,101729,4.817953610730298,0.16358931971388874
1315,0.1651,5,68,5,85551,520059,6232,101724,4.817323724480344,0.16360048441337252
1316,0.1652,0,16,0,85567,520043,6232,101724,4.817175515950943,0.16360469436300093
1317,0.1653,0,1,0,85568,520042,6232,101724,4.817166252917856,0.16360495749204684
1318,0.1654,3,37,3,85605,520005,6235,101721,4.816823520693616,0.1636106580712404
1319,0.1655,0,6,0,85611,519999,6235,101721,4.81676794249509,0.16361223701988034
1320,0.1656,1,31,1,85642,519968,6236,101720,4.816480788469376,0.16361905007013164
1321,0.1657,1,14,1,85656,519954,6237,101719,4.816351106006151,0.16362138937994733
1322,0.1658,1,16,1,85672,519938,6238,101718,4.8162028974767495,0.16362425521510288
1323,0.1659,7,52,7,85724,519886,6245,101711,4.815721219756197,0.1636285245906914
1324,0.166,8,47,8,85771,519839,6253,101703,4.815285857201082,0.1636301327987489
1325,0.1661,2,26,2,85797,519813,6255,101701,4.815045018340806,0.163634286596923
1326,0.1662,0,7,0,85804,519806,6255,101701,4.8149801771091925,0.1636361296011147
1327,0.1663,2,12,2,85816,519794,6257,101699,4.814869020712142,0.16363659767688454
1328,0.1664,2,18,2,85834,519776,6259,101697,4.814702286116566,0.16363864560487745
1329,0.1665,2,92,2,85926,519684,6261,101695,4.813850087072511,0.1636601816282816
1330,0.1666,1,22,1,85948,519662,6262,101694,4.813646300344585,0.16366463026026948
1331,0.1667,117,1098,117,87046,518564,6379,101577,4.80347549001445,0.16379662044599536
1332,0.1668,0,6,0,87052,518558,6379,101577,4.803419911815925,0.16379820522950647
1333,0.1669,2,39,2,87091,518519,6381,101575,4.80305865352551,0.1638058100868578
1334,0.167,0,3,0,87094,518516,6381,101575,4.803030864426248,0.16380660257929885
1335,0.1671,3,19,3,87113,518497,6384,101572,4.802854866797584,0.16380757625361048
1336,0.1672,2,28,2,87141,518469,6386,101570,4.802595501871132,0.16381227632455378
1337,0.1673,2,30,2,87171,518439,6388,101568,4.802317610878506,0.16381750528623065
1338,0.1674,10,156,10,87327,518283,6398,101558,4.800872577716848,0.163845244183589
1339,0.1675,4,59,4,87386,518224,6402,101554,4.800326058764682,0.1638554450141825
1340,0.1676,9,106,9,87492,518118,6411,101545,4.799344177257401,0.16387133006166255
1341,0.1677,0,22,0,87514,518096,6411,101545,4.799140390529475,0.16387714821969496
1342,0.1678,1,29,1,87543,518067,6412,101544,4.798871762569936,0.16388346882156707
1343,0.1679,7,102,7,87645,517965,6419,101537,4.797926933195005,0.16390100435511104
1344,0.168,1,35,1,87680,517930,6420,101536,4.797602727036941,0.16390891509784233
1345,0.1681,1,15,1,87695,517915,6421,101535,4.797463781540627,0.16391153442570022
1346,0.1682,3,34,3,87729,517881,6424,101532,4.797148838415651,0.16391648221784172
1347,0.1683,8,68,8,87797,517813,6432,101524,4.796518952165697,0.1639236796768157
1348,0.1684,11,123,11,87920,517690,6443,101513,4.795379599095928,0.16394138917285608
1349,0.1685,1,19,1,87939,517671,6444,101512,4.795203601467264,0.16394506955132812
1350,0.1686,2,40,2,87979,517631,6446,101510,4.794833080143762,0.16395296063416895
1351,0.1687,1,22,1,88001,517609,6447,101509,4.794629293415836,0.16395743622378933
1352,0.1688,4,66,4,88067,517543,6451,101505,4.794017933232057,0.16396951448029878
1353,0.1689,3,49,3,88116,517494,6454,101502,4.7935640446107675,0.1639784425101293
1354,0.169,8,90,8,88206,517404,6462,101494,4.792730371632888,0.16399148163348404
1355,0.1691,3,25,3,88231,517379,6465,101491,4.792498795805699,0.16399405367847852
1356,0.1692,4,39,4,88270,517340,6469,101487,4.792137537515284,0.16399898517679415
1357,0.1693,3,80,3,88350,517260,6472,101484,4.7913964948682795,0.16401613591404524
1358,0.1694,3,41,3,88391,517219,6475,101481,4.79101671051169,0.164022951349604
1359,0.1695,3,16,3,88407,517203,6478,101478,4.790868501982289,0.16402313955010742
1360,0.1696,2,32,2,88439,517171,6480,101476,4.790572084923487,0.16402892117799003
1361,0.1697,3,29,3,88468,517142,6483,101473,4.790303456963948,0.16403255659820729
1362,0.1698,10,159,10,88627,516983,6493,101463,4.788830634703027,0.16406121148814934
1363,0.1699,0,13,0,88640,516970,6493,101463,4.788710215272889,0.16406466019762853
1364,0.17,22,168,22,88808,516802,6515,101441,4.78715402571418,0.16407949624985646
1365,0.1701,0,11,0,88819,516791,6515,101441,4.787052132350217,0.16408241566272855
1366,0.1702,8,64,8,88883,516727,6523,101433,4.7864592982326135,0.16408858547948751
1367,0.1703,2,97,2,88980,516630,6525,101431,4.7855607840231205,0.1641116329941543
1368,0.1704,0,14,0,88994,516616,6525,101431,4.785431101559895,0.1641153504506939
1369,0.1705,1,21,1,89015,516595,6526,101430,4.7852365778650565,0.16411957445087172
1370,0.1706,2,28,2,89043,516567,6528,101428,4.784977212938605,0.16412430521282534
1371,0.1707,1,9,1,89052,516558,6529,101427,4.784893845640816,0.16412534284812738
1372,0.1708,5,43,5,89095,516515,6534,101422,4.784495535218052,0.1641300003074747
1373,0.1709,4,59,4,89154,516456,6538,101418,4.783949016265886,0.16414026160673537
1374,0.171,4,26,4,89180,516430,6542,101414,4.78370817740561,0.16414175746628598
1375,0.1711,0,9,0,89189,516421,6542,101414,4.783624810107821,0.16414414851861742
1376,0.1712,2,11,2,89200,516410,6544,101412,4.783522916743858,0.16414436520551226
1377,0.1713,1,26,1,89226,516384,6545,101411,4.783282077883582,0.16414992028099937
1378,0.1714,24,238,24,89464,516146,6569,101387,4.781077476008744,0.16418069965491722
1379,0.1715,15,181,15,89645,515965,6584,101372,4.779400867019897,0.16420852791911064
1380,0.1716,0,5,0,89650,515960,6584,101372,4.77935455185446,0.1642098579046607
1381,0.1717,6,80,6,89730,515880,6590,101366,4.778613509207455,0.16422301643105017
1382,0.1718,3,17,3,89747,515863,6593,101363,4.7784560376449665,0.16422347730004894
1383,0.1719,4,83,4,89830,515780,6597,101359,4.777687205898699,0.16424014687128832
1384,0.172,0,23,0,89853,515757,6597,101359,4.777474156137686,0.16424626812463136
1385,0.1721,2,12,2,89865,515745,6599,101357,4.777362999740635,0.16424675337302425
1386,0.1722,1,43,1,89908,515702,6600,101356,4.77696468931787,0.1642568445753884
1387,0.1723,1,6,1,89914,515696,6601,101355,4.776909111119345,0.16425708733962022
1388,0.1724,3,52,3,89966,515644,6604,101352,4.776427433398792,0.1642668672082153
1389,0.1725,4,111,4,90077,515533,6608,101348,4.775399236726074,0.1642910058828202
1390,0.1726,11,161,11,90238,515372,6619,101337,4.773907888398977,0.1643189899936599
1391,0.1727,8,73,8,90311,515299,6627,101329,4.773231686983586,0.1643276010820138
1392,0.1728,6,159,6,90470,515140,6633,101323,4.771758864722665,0.1643618514006518
1393,0.1729,1,52,1,90522,515088,6634,101322,4.771277187002112,0.16437436122061616
1394,0.173,6,74,6,90596,515014,6640,101316,4.770591722553633,0.16438596206577646
1395,0.1731,7,76,7,90672,514938,6647,101309,4.7698877320389785,0.16439674351355868
1396,0.1732,6,87,6,90759,514851,6653,101303,4.769081848160361,0.1644118191231413
1397,0.1733,21,169,21,90928,514682,6674,101282,4.767516395568565,0.1644284406231533
1398,0.1734,4,39,4,90967,514643,6678,101278,4.76715513727815,0.1644334257153109
1399,0.1735,2,48,2,91015,514595,6680,101276,4.766710511689948,0.1644435279465992
1400,0.1736,1,17,1,91032,514578,6681,101275,4.76655304012746,0.16444671049747261
1401,0.1737,8,29,8,91061,514549,6689,101267,4.76628441216792,0.1644436000363745
1402,0.1738,10,97,10,91158,514452,6699,101257,4.765385897958428,0.1644559361646492
1403,0.1739,2,23,2,91181,514429,6701,101255,4.765172848197413,0.16445936551867515
1404,0.174,4,65,4,91246,514364,6705,101251,4.764570751046723,0.1644713010566669
1405,0.1741,7,44,7,91290,514320,6712,101244,4.76416317759087,0.16447355595843813
1406,0.1742,9,76,9,91366,514244,6721,101235,4.763459187076216,0.16448164762729517
1407,0.1743,4,75,4,91441,514169,6725,101231,4.76276445959465,0.16449626259343517
1408,0.1744,3,27,3,91468,514142,6728,101228,4.762514357701286,0.16449940686091294
1409,0.1745,0,10,0,91478,514132,6728,101228,4.76242172737041,0.16450208008320333
1410,0.1747,0,22,0,91500,514110,6728,101228,4.762217940642484,0.16450796147808197
1411,0.1748,4,124,4,91624,513986,6732,101224,4.761069324539627,0.1645356870011866
1412,0.1749,2,12,2,91636,513974,6734,101222,4.760958168142577,0.16453618033927397
1413,0.175,80,662,80,92298,513312,6814,101142,4.7548260402386155,0.16460467341737542
1414,0.1751,4,85,4,92383,513227,6818,101138,4.754038682426174,0.16462200808965355
1415,0.1752,6,83,6,92466,513144,6824,101132,4.7532698506799065,0.16463609191959314
1416,0.1753,0,3,0,92469,513141,6824,101132,4.753242061580644,0.16463689597296316
1417,0.1754,3,23,3,92492,513118,6827,101129,4.75302901181963,0.16463898073576264
1418,0.1755,5,88,5,92580,513030,6832,101124,4.752213864907925,0.16465577037681103
1419,0.1756,6,60,6,92640,512970,6838,101118,4.751658082922672,0.16466369640833237
1420,0.1757,6,36,6,92676,512934,6844,101112,4.75132461373152,0.16466518795008844
1421,0.1758,6,58,6,92734,512876,6850,101106,4.750787357812442,0.16467257997791465
1422,0.1759,2,13,2,92747,512863,6852,101104,4.750666938382304,0.16467334563584035
1423,0.176,5,25,5,92772,512838,6857,101099,4.750435362555115,0.16467324823231047
1424,0.1761,2,16,2,92788,512822,6859,101097,4.750287154025714,0.16467481866500303
1425,0.1762,7,77,7,92865,512745,6866,101090,4.749573900477973,0.16468594980735865
1426,0.1763,2,37,2,92902,512708,6868,101088,4.749231168253733,0.16469315538061505
1427,0.1764,0,26,0,92928,512682,6868,101088,4.7489903293934566,0.1647001319712596
1428,0.1765,1,12,1,92940,512670,6869,101087,4.748879172996406,0.16470199117891934
1429,0.1766,2,40,2,92980,512630,6871,101085,4.748508651672903,0.16471000382913895
1430,0.1767,5,104,5,93084,512526,6876,101080,4.747545296231798,0.16473111410253485
1431,0.1768,2,61,2,93145,512465,6878,101078,4.746980251213457,0.16474476931527213
1432,0.1769,4,44,4,93189,512421,6882,101074,4.746572677757605,0.16475113896608776
1433,0.177,4,56,4,93245,512365,6886,101070,4.746053947904702,0.16476073259595556
1434,0.1771,8,34,8,93279,512331,6894,101062,4.745739004779725,0.16475897181741558
1435,0.1772,2,46,2,93325,512285,6896,101060,4.7453129052576974,0.16476860494501464
1436,0.1773,0,7,0,93332,512278,6896,101060,4.745248064026085,0.1647704854419586
1437,0.1774,0,57,0,93389,512221,6896,101060,4.744720071140094,0.1647857996579056
1438,0.1775,5,46,5,93435,512175,6901,101055,4.744293971618067,0.16479135071669684
1439,0.1776,15,278,15,93713,511897,6916,101040,4.741718848419726,0.16484565297901743
1440,0.1777,4,24,4,93737,511873,6920,101036,4.741496535625625,0.16484665749727936
1441,0.1778,19,118,19,93855,511755,6939,101017,4.740403497721294,0.16485250631556272
1442,0.1779,11,169,11,94024,511586,6950,101006,4.738838045129497,0.16488298900410062
1443,0.178,5,61,5,94085,511525,6955,101001,4.738273000111157,0.1648925923144487
1444,0.1781,2,44,2,94129,511481,6957,100999,4.737865426655304,0.16490171107628004
1445,0.1782,3,96,3,94225,511385,6960,100996,4.736976175478898,0.1649234708457643
1446,0.1783,16,142,16,94367,511243,6976,100980,4.735660824780466,0.1649398993504001
1447,0.1784,7,61,7,94428,511182,6983,100973,4.735095779762125,0.1649467863531295
1448,0.1785,2,23,2,94451,511159,6985,100971,4.734882730001112,0.1649502556646464
1449,0.1786,3,69,3,94520,511090,6988,100968,4.73424358071807,0.16496475824186596
1450,0.1787,1,30,1,94550,511060,6989,100967,4.733965689725443,0.1649714800164045
1451,0.1788,2,49,2,94599,511011,6991,100965,4.733511801104154,0.16498196007686575
1452,0.1789,10,158,10,94757,510853,7001,100955,4.73204824187632,0.16501091845807836
1453,0.179,1,7,1,94764,510846,7002,100954,4.731983400644707,0.16501144164759726
1454,0.1791,8,137,8,94901,510709,7010,100946,4.730714365111712,0.1650374802789154
1455,0.1792,6,65,6,94966,510644,7016,100940,4.7301122679610215,0.1650468292172457
1456,0.1793,4,57,4,95023,510587,7020,100936,4.72958427507503,0.16505675174932097
1457,0.1794,1,16,1,95039,510571,7021,100935,4.72943606654563,0.16505970505604198
1458,0.1795,0,38,0,95077,510533,7021,100935,4.729084071288303,0.16506996277810124
1459,0.1796,3,33,3,95110,510500,7024,100932,4.728778391196413,0.16507477528163395
1460,0.1797,1,29,1,95139,510471,7025,100931,4.728509763236874,0.16508123951181056
1461,0.1798,3,19,3,95158,510452,7028,100928,4.728333765608211,0.16508227289083713
1462,0.1799,8,47,8,95205,510405,7036,100920,4.7278984030530955,0.16508403876824929
1463,0.18,42,366,42,95571,510039,7078,100878,4.7245081329430505,0.16512554078540947
1464,0.1801,6,148,6,95719,509891,7084,100872,4.723137204046093,0.1651573523608994
1465,0.1802,6,109,6,95828,509782,7090,100866,4.72212753343955,0.16517862991445154
1466,0.1803,0,4,0,95832,509778,7090,100866,4.722090481307199,0.1651797119107041
1467,0.1804,1,13,1,95845,509765,7091,100865,4.721970061877061,0.16518186135630414
1468,0.1805,1,4,1,95849,509761,7092,100864,4.721933009744711,0.16518157625383828
1469,0.1806,4,137,4,95986,509624,7096,100860,4.720663974211716,0.16521317512006867
1470,0.1807,1,13,1,95999,509611,7097,100859,4.720543554781577,0.16521532589644045
1471,0.1808,2,26,2,96025,509585,7099,100857,4.720302715921301,0.16521962774514204
1472,0.1809,8,32,8,96057,509553,7107,100849,4.7200062988625,0.16521734856700993
1473,0.181,13,167,13,96224,509386,7120,100836,4.718459372336878,0.16524477976867435
1474,0.1811,4,110,4,96334,509276,7124,100832,4.717440438697247,0.1652690998970674
1475,0.1812,7,125,7,96459,509151,7131,100825,4.716282559561303,0.16529338859233805
1476,0.1813,1,7,1,96466,509144,7132,100824,4.71621771832969,0.16529391705794402
1477,0.1814,10,142,10,96608,509002,7142,100814,4.714902367631257,0.1653187190890367
1478,0.1815,4,58,4,96666,508944,7146,100810,4.714365111712179,0.16532896873165243
1479,0.1816,0,6,0,96672,508938,7146,100810,4.714309533513654,0.16533059559030944
1480,0.1817,12,91,12,96763,508847,7158,100798,4.713466597502686,0.16533884473751118
1481,0.1818,10,125,10,96888,508722,7168,100788,4.712308718366742,0.16535905891617858
1482,0.1819,9,152,9,97040,508570,7177,100779,4.710900737337433,0.16538797963072066
1483,0.1821,5,64,5,97104,508506,7182,100774,4.710307903219831,0.1653985031512605
1484,0.1822,2,36,2,97140,508470,7184,100772,4.709974434028679,0.1654055367161161
1485,0.1823,1,12,1,97152,508458,7185,100771,4.709863277631627,0.1654074247942892
1486,0.1824,3,26,3,97178,508432,7188,100768,4.709622438771351,0.16541037426132632
1487,0.1825,10,141,10,97319,508291,7198,100758,4.708316351106006,0.16543496500281588
1488,0.1826,3,19,3,97338,508272,7201,100755,4.708140353477343,0.1654360151520376
1489,0.1827,3,30,3,97368,508242,7204,100752,4.707862462484716,0.16544005359658717
1490,0.1828,3,17,3,97385,508225,7207,100749,4.7077049909222275,0.16544056068075155
1491,0.1829,7,156,7,97541,508069,7214,100742,4.706259957760569,0.16547335708454677
1492,0.183,3,15,3,97556,508054,7217,100739,4.706121012264256,0.16547332180232033
1493,0.1831,0,13,0,97569,508041,7217,100739,4.706000592834117,0.16547685535004436
1494,0.1832,4,26,4,97595,508015,7221,100735,4.705759753973841,0.16547843942505133
1495,0.1833,58,532,58,98127,507483,7279,100677,4.7008318203712625,0.16554360694554066
1496,0.1834,2,22,2,98149,507461,7281,100675,4.700628033643336,0.1655468513621953
1497,0.1835,3,79,3,98228,507382,7284,100672,4.69989625402942,0.16556424264950154
1498,0.1836,0,51,0,98279,507331,7284,100672,4.6994238393419545,0.16557813037106725
1499,0.1837,4,40,4,98319,507291,7288,100668,4.699053318018452,0.16558353441597212
1500,0.1838,4,13,4,98332,507278,7292,100664,4.698932898588314,0.16558158508541934
1501,0.1839,9,131,9,98463,507147,7301,100655,4.697719441253844,0.16560491739086083
1502,0.184,0,1,0,98464,507146,7301,100655,4.697710178220756,0.16560518985654843
1503,0.1841,9,108,9,98572,507038,7310,100646,4.696709770647301,0.16562226420310555
1504,0.1842,4,9,4,98581,507029,7314,100642,4.696626403349513,0.1656192248766191
1505,0.1843,3,47,3,98628,506982,7317,100639,4.696191040794398,0.16562791608584956
1506,0.1844,12,224,12,98852,506758,7329,100627,4.694116121382786,0.1656725141384789
1507,0.1845,3,51,3,98903,506707,7332,100624,4.693643706695321,0.16568230503629816
1508,0.1846,10,190,10,99093,506517,7342,100614,4.691883730408685,0.16572041289276943
1509,0.1847,2,28,2,99121,506489,7344,100612,4.691624365482234,0.16572530765062157
1510,0.1848,6,58,6,99179,506431,7350,100606,4.691087109563155,0.16573289601787042
1511,0.1849,1,8,1,99187,506423,7351,100605,4.691013005298455,0.16573370585870834
1512,0.185,6,101,6,99288,506322,7357,100599,4.690077438956612,0.16575303869861152
1513,0.1851,6,167,6,99455,506155,7363,100593,4.68853051243099,0.16579041051639232
1514,0.1852,3,66,3,99521,506089,7366,100590,4.687919152247212,0.16580432156049574
1515,0.1853,0,16,0,99537,506073,7366,100590,4.687770943717811,0.16580869444815327
1516,0.1854,1,42,1,99579,506031,7367,100589,4.687381896328134,0.16581879924829382
1517,0.1855,9,258,9,99837,505773,7376,100580,4.684992033791545,0.16587697265454282
1518,0.1856,0,37,0,99874,505736,7376,100580,4.684649301567306,0.16588709517809194
1519,0.1857,19,160,19,100034,505576,7395,100561,4.683167216273296,0.16590473770781192
1520,0.1858,4,31,4,100065,505545,7399,100557,4.682880062247582,0.16590771850282626
1521,0.1859,5,7,5,100072,505538,7404,100552,4.68281522101597,0.16590275371644475
1522,0.186,5,104,5,100176,505434,7409,100547,4.681851865574864,0.16592434416260576
1523,0.1861,5,56,5,100232,505378,7414,100542,4.681333135721961,0.16593279640876685
1524,0.1862,4,36,4,100268,505342,7418,100538,4.680999666530809,0.16593714927048261
1525,0.1863,5,36,5,100304,505306,7423,100533,4.680666197339657,0.16594012600707447
1526,0.1864,0,5,0,100309,505301,7423,100533,4.680619882174219,0.16594149552517687
1527,0.1865,0,33,0,100342,505268,7423,100533,4.68031420208233,0.1659505349116294
1528,0.1866,1,17,1,100359,505251,7424,100532,4.680156730519841,0.1659538151450272
1529,0.1867,12,131,12,100490,505120,7436,100520,4.6789432731853715,0.1659731853906611
1530,0.1868,5,45,5,100535,505075,7441,100515,4.678526436696432,0.16597863240806487
1531,0.1869,5,62,5,100597,505013,7446,100510,4.677952128645003,0.16598874031209385
1532,0.187,2,50,2,100647,504963,7448,100508,4.677488976990626,0.1659996928011416
1533,0.1871,3,40,3,100687,504923,7451,100505,4.677118455667124,0.166006527613523
1534,0.1872,2,43,2,100730,504880,7453,100503,4.676720145244359,0.1660155637009959
1535,0.1873,4,65,4,100795,504815,7457,100499,4.6761180480936675,0.16602787974505795
1536,0.1874,1,69,1,100864,504746,7458,100498,4.675478898810627,0.16604542961185903
1537,0.1875,13,135,13,100999,504611,7471,100485,4.674228389343806,0.16606455835107156
1538,0.1876,3,68,3,101067,504543,7474,100482,4.673598503093853,0.16607908764100657
1539,0.1877,3,6,3,101073,504537,7477,100479,4.673542924895328,0.1660765996271173
1540,0.1878,8,124,8,101197,504413,7485,100471,4.672394308792471,0.16609961579410268
1541,0.1879,1,13,1,101210,504400,7486,100470,4.672273889362333,0.16610180699985122
1542,0.188,1,16,1,101226,504384,7487,100469,4.672125680832932,0.1661048221634017
1543,0.1881,2,30,2,101256,504354,7489,100467,4.671847789840306,0.16611030370969262
1544,0.1882,2,29,2,101285,504325,7491,100465,4.671579161880766,0.16611551116916615
1545,0.1883,14,189,14,101474,504136,7505,100451,4.669828448627219,0.1661481308728107
1546,0.1884,3,50,3,101524,504086,7508,100448,4.669365296972841,0.16615773471798112
1547,0.1885,5,29,5,101553,504057,7513,100443,4.669096669013301,0.16615880893300247
1548,0.1886,2,41,2,101594,504016,7515,100441,4.668716884656712,0.1661673204214692
1549,0.1887,1,15,1,101609,504001,7516,100440,4.668577939160398,0.16617006457205913
1550,0.1888,1,38,1,101647,503963,7517,100439,4.668225943903072,0.1661791324317259
1551,0.1889,16,227,16,101874,503736,7533,100423,4.666123235392197,0.16621948857833782
1552,0.189,4,41,4,101915,503695,7537,100419,4.665743451035607,0.1662252488768676
1553,0.1891,1,14,1,101929,503681,7538,100418,4.665613768572381,0.1662277209530226
1554,0.1892,1,8,1,101937,503673,7539,100417,4.665539664307681,0.1662285421046533
1555,0.1893,4,49,4,101986,503624,7543,100413,4.665085775686391,0.16623650537963733
1556,0.1894,1,17,1,102003,503607,7544,100412,4.664928304123903,0.1662398037147838
1557,0.1895,0,39,0,102042,503568,7544,100412,4.664567045833488,0.166250538097288
1558,0.1896,0,16,0,102058,503552,7544,100412,4.664418837304087,0.16625494234755714
1559,0.1898,3,17,3,102075,503535,7547,100409,4.6642613657415986,0.1662554806405892
1560,0.19,27,173,27,102248,503362,7574,100382,4.6626588610174515,0.16626583452589178
1561,0.1901,5,85,5,102333,503277,7579,100377,4.66187150320501,0.1662823405460744
1562,0.1902,1,34,1,102367,503243,7580,100376,4.661556560080032,0.16629032551990577
1563,0.1903,4,38,4,102405,503205,7584,100372,4.661204564822706,0.16629526970046904
1564,0.1904,0,2,0,102407,503203,7584,100372,4.66118603875653,0.16629582073478855
1565,0.1905,4,63,4,102470,503140,7588,100368,4.660602467672015,0.16630765457955818
1566,0.1906,2,12,2,102482,503128,7590,100366,4.6604913112749635,0.16630819859020968
1567,0.1907,0,1,0,102483,503127,7590,100366,4.660482048241876,0.16630847416622893
1568,0.1908,2,58,2,102541,503069,7592,100364,4.659944792322798,0.16632169602921948
1569,0.1909,1,16,1,102557,503053,7593,100363,4.659796583793398,0.16632472456812547
1570,0.191,5,33,5,102590,503020,7598,100358,4.659490903701508,0.16632691281418946
1571,0.1911,2,14,2,102604,503006,7600,100356,4.6593612212382824,0.16632800872444733
1572,0.1912,9,78,9,102682,502928,7609,100347,4.658638704657453,0.16633707678919232
1573,0.1913,0,23,0,102705,502905,7609,100347,4.65842565489644,0.16634341867080424
1574,0.1914,3,15,3,102720,502890,7612,100344,4.658286709400126,0.16634340902535336
1575,0.1915,8,162,8,102882,502728,7620,100336,4.656786098039942,0.1663770346099253
1576,0.1916,1,3,1,102885,502725,7621,100335,4.656758308940679,0.16637647995224356
1577,0.1917,19,271,19,103156,502454,7640,100316,4.654248026973953,0.16642500456227086
1578,0.1918,4,30,4,103186,502424,7644,100312,4.653970135981326,0.16642775609885588
1579,0.1919,1,21,1,103207,502403,7645,100311,4.653775612286487,0.16643217180951497
1580,0.192,5,78,5,103285,502325,7650,100306,4.6530530957056575,0.16644679745980542
1581,0.1921,3,49,3,103334,502276,7653,100303,4.652599207084368,0.16645618250884947
1582,0.1922,6,52,6,103386,502224,7659,100297,4.652117529363815,0.16646224778887375
1583,0.1923,1,48,1,103434,502176,7660,100296,4.651672903775612,0.16647412659841454
1584,0.1924,1,17,1,103451,502159,7661,100295,4.651515432213124,0.16647744060127412
1585,0.1925,0,9,0,103460,502150,7661,100295,4.651432064915336,0.16647992762824823
1586,0.1926,6,124,6,103584,502026,7667,100289,4.65028344881248,0.16650589807658783
1587,0.1927,1,17,1,103601,502009,7668,100288,4.65012597724999,0.16650921389281367
1588,0.1928,3,27,3,103628,501982,7671,100285,4.649875875356627,0.16651252683610426
1589,0.1929,7,58,7,103686,501924,7678,100278,4.649338619437549,0.16651887572608526
1590,0.193,4,69,4,103755,501855,7682,100274,4.648699470154507,0.16653242079355088
1591,0.1931,6,79,6,103834,501776,7688,100268,4.6479676905405904,0.1665459667399725
1592,0.1932,0,46,0,103880,501730,7688,100268,4.647541591018563,0.16655869288602287
1593,0.1933,11,117,11,103997,501613,7699,100257,4.646457816147319,0.16657583863625036
1594,0.1934,1,36,1,104033,501577,7700,100256,4.646124346956167,0.16658441793653722
1595,0.1935,1,13,1,104046,501564,7701,100255,4.646003927526029,0.16658663152874867
1596,0.1936,0,1,0,104047,501563,7701,100255,4.6459946644929415,0.1665869083344134
1597,0.1937,3,43,3,104090,501520,7704,100252,4.645596354070177,0.1665946571126606
1598,0.1938,5,47,5,104137,501473,7709,100247,4.645160991515062,0.1666007445323406
1599,0.1939,5,47,5,104184,501426,7714,100242,4.644725628959947,0.1666068330042482
1600,0.194,5,36,5,104220,501390,7719,100237,4.6443921597687945,0.16660987621898618
1601,0.1941,8,127,8,104347,501263,7727,100229,4.6432157545666755,0.1666339701941173
1602,0.1942,4,22,4,104369,501241,7731,100225,4.643011967838749,0.1666345229821802
1603,0.1943,4,39,4,104408,501202,7735,100221,4.6426507095483345,0.16663978597426438
1604,0.1944,10,72,10,104480,501130,7745,100211,4.64198377116603,0.1666458797919982
1605,0.1945,1,27,1,104507,501103,7746,100210,4.641733669272667,0.1666519765912262
1606,0.1946,1,30,1,104537,501073,7747,100209,4.64145577828004,0.16665890547197487
1607,0.1947,5,48,5,104585,501025,7752,100204,4.641011152691838,0.16666528061686978
1608,0.1948,5,51,5,104636,500974,7757,100199,4.6405387380043726,0.16667248861808498
1609,0.1949,2,36,2,104672,500938,7759,100197,4.6402052688132205,0.16667969757209278
1610,0.195,24,150,24,104822,500788,7783,100173,4.638815813850087,0.16668802135246713
1611,0.1951,2,52,2,104874,500736,7785,100171,4.638334136129534,0.16669967232866317
1612,0.1952,10,84,10,104958,500652,7795,100161,4.637556041350179,0.16670910915709214
1613,0.1953,6,73,6,105031,500579,7801,100155,4.636879839934788,0.1667210445887864
1614,0.1954,0,14,0,105045,500565,7801,100155,4.636750157471562,0.16672493008389933
1615,0.1955,3,47,3,105092,500518,7804,100152,4.636314794916448,0.16673381390780295
1616,0.1956,4,56,4,105148,500462,7808,100148,4.635796065063545,0.16674381045936632
1617,0.1957,2,38,2,105186,500424,7810,100146,4.635444069806217,0.16675158599330636
1618,0.1958,9,80,9,105266,500344,7819,100137,4.634703027159213,0.16676131301406705
1619,0.1959,3,39,3,105305,500305,7822,100134,4.634341768868798,0.16676798142692265
1620,0.196,1,61,1,105366,500244,7823,100133,4.633776723850458,0.1667835376771595
1621,0.1961,1,33,1,105399,500211,7824,100132,4.633471043758568,0.16679131763008814
1622,0.1962,4,59,4,105458,500152,7828,100128,4.632924524806403,0.16680215899247017
1623,0.1963,0,34,0,105492,500118,7828,100128,4.632609581681426,0.16681160724103117
1624,0.1964,3,71,3,105563,500047,7831,100125,4.631951906332209,0.16682717620948662
1625,0.1965,7,125,7,105688,499922,7838,100118,4.6307940271962655,0.1668522098526765
1626,0.1966,3,173,3,105861,499749,7841,100115,4.6291915224721185,0.16689616313030953
1627,0.1967,13,188,13,106049,499561,7854,100102,4.6274500722516585,0.16693042592255983
1628,0.1968,1,45,1,106094,499516,7855,100101,4.627033235762718,0.16694156436525315
1629,0.1969,1,29,1,106123,499487,7856,100100,4.626764607803179,0.1669482493783221
1630,0.197,3,39,3,106162,499448,7859,100097,4.626403349512764,0.16695494083012952
1631,0.1971,0,18,0,106180,499430,7859,100097,4.626236614917189,0.16695995342995396
1632,0.1972,2,70,2,106250,499360,7861,100095,4.62558820260106,0.16697667047568207
1633,0.1973,15,180,15,106430,499180,7876,100080,4.6239208566453,0.16700597403464273
1634,0.1974,3,45,3,106475,499135,7879,100077,4.62350402015636,0.16701434550709932
1635,0.1975,3,78,3,106553,499057,7882,100074,4.62278150357553,0.16703191789441707
1636,0.1976,5,91,5,106644,498966,7887,100069,4.6219385675645634,0.1670503392957006
1637,0.1977,5,64,5,106708,498902,7892,100064,4.62134573344696,0.1670612355292287
1638,0.1978,0,30,0,106738,498872,7892,100064,4.621067842454333,0.16706960343008267
1639,0.1979,7,28,7,106766,498844,7899,100057,4.6208084775278815,0.16706767896530478
1640,0.198,0,61,0,106827,498783,7899,100057,4.6202434325095405,0.1670846970810233
1641,0.1981,12,68,12,106895,498715,7911,100045,4.619613546259587,0.1670869797581669
1642,0.1982,2,16,2,106911,498699,7913,100043,4.619465337730186,0.16708866256250604
1643,0.1983,10,104,10,107015,498595,7923,100033,4.6185019822890805,0.16710377730410206
1644,0.1984,1,56,1,107071,498539,7924,100032,4.6179832524361775,0.16711801941624302
1645,0.1985,3,57,3,107128,498482,7927,100029,4.617455259550187,0.16712976035528168
1646,0.1986,9,76,9,107204,498406,7936,100020,4.616751269035533,0.16713845989311962
1647,0.1987,6,41,6,107245,498365,7942,100014,4.616371484678943,0.1671415607833831
1648,0.1988,11,86,11,107331,498279,7953,100003,4.615574863833413,0.1671502736167894
1649,0.1989,8,103,8,107434,498176,7961,99995,4.614620771425396,0.16716791686658164
1650,0.199,1,82,1,107516,498094,7962,99994,4.613861202712216,0.16718944369390457
1651,0.1991,7,92,7,107608,498002,7969,99987,4.613009003668161,0.16720541682204856
1652,0.1992,2,22,2,107630,497980,7971,99985,4.6128052169402345,0.16720878312275803
1653,0.1993,5,72,5,107702,497908,7976,99980,4.612138278557931,0.16722195461357311
1654,0.1994,1,6,1,107708,497902,7977,99979,4.612082700359406,0.1672222398771662
1655,0.1995,3,51,3,107759,497851,7980,99976,4.61161028567194,0.16723232640881058
1656,0.1996,0,6,0,107765,497845,7980,99976,4.611554707473415,0.16723400482753198
1657,0.1997,2,13,2,107778,497832,7982,99974,4.611434288043277,0.16723485545477965
1658,0.1998,1,26,1,107804,497806,7983,99973,4.611193449183,0.16724073612488896
1659,0.1999,4,81,4,107885,497725,7987,99969,4.610443143502908,0.16725782758401456
1660,0.2,383,3572,383,111457,494153,8370,99586,4.577355589314165,0.16772689683514136
1661,0.2001,0,3,0,111460,494150,8370,99586,4.577327800214903,0.1677277443173397
1662,0.2002,0,13,0,111473,494137,8370,99586,4.577207380784764,0.16773141683916573
1663,0.2003,6,94,6,111567,494043,8376,99580,4.576336655674534,0.1677495649595787
1664,0.2004,8,96,8,111663,493947,8384,99572,4.575447404498129,0.16776548012784764
1665,0.2005,4,47,4,111710,493900,8388,99568,4.575012041943014,0.1677731571036686
1666,0.2006,5,61,5,111771,493839,8393,99563,4.574446996924673,0.16778339136032572
1667,0.2007,1,15,1,111786,493824,8394,99562,4.57430805142836,0.1677862302110262
1668,0.2008,6,101,6,111887,493723,8400,99556,4.573372485086517,0.16780637777504345
1669,0.201,2,24,2,111911,493699,8402,99554,4.573150172292415,0.16781036084099027
1670,0.2011,4,38,4,111949,493661,8406,99550,4.5727981770350885,0.16781549903828485
1671,0.2012,5,48,5,111997,493613,8411,99545,4.572353551446886,0.1678220642729256
1672,0.2013,4,42,4,112039,493571,8415,99541,4.571964504057209,0.16782833596352797
1673,0.2014,2,7,2,112046,493564,8417,99539,4.5718996628255955,0.1678275105673045
1674,0.2015,4,39,4,112085,493525,8421,99535,4.571538404535181,0.1678329342730921
1675,0.2016,0,6,0,112091,493519,8421,99535,4.571482826336656,0.16783463225945697
1676,0.2017,8,91,8,112182,493428,8429,99527,4.570639890325689,0.1678491622467135
1677,0.2018,3,43,3,112225,493385,8432,99524,4.570241579902923,0.16785712478643433
1678,0.2019,3,32,3,112257,493353,8435,99521,4.569945162844122,0.16786197404507536
1679,0.202,7,34,7,112291,493319,8442,99514,4.569630219719145,0.16786177557592105
1680,0.2021,3,72,3,112363,493247,8445,99511,4.568963281336841,0.16787795356621082
1681,0.2022,3,15,3,112378,493232,8448,99508,4.568824335840528,0.16787799034990047
1682,0.2023,0,35,0,112413,493197,8448,99508,4.568500129682463,0.1678879037632549
1683,0.2024,11,137,11,112550,493060,8459,99497,4.567231094149468,0.1679112726708148
1684,0.2025,3,29,3,112579,493031,8462,99494,4.5669624661899295,0.16791527783637822
1685,0.2026,1,14,1,112593,493017,8463,99493,4.566832783726704,0.1679178410490962
1686,0.2027,3,60,3,112653,492957,8466,99490,4.56627700174145,0.16793063345750758
1687,0.2028,3,36,3,112689,492921,8469,99487,4.565943532550298,0.16793662475861232
1688,0.2029,1,22,1,112711,492899,8470,99486,4.5657397458223725,0.1679414569916524
1689,0.203,2,22,2,112733,492877,8472,99484,4.565535959094446,0.16794488496035356
1690,0.2031,4,52,4,112785,492825,8476,99480,4.565054281373893,0.16795401018056574
1691,0.2032,0,4,0,112789,492821,8476,99480,4.565017229241543,0.16795514442825524
1692,0.2033,24,173,24,112962,492648,8500,99456,4.563414724517396,0.16797049167038222
1693,0.2034,6,177,6,113139,492471,8506,99450,4.561775167660899,0.16801228542322372
1694,0.2036,3,71,3,113210,492400,8509,99447,4.561117492311682,0.1680282235104681
1695,0.2037,6,49,6,113259,492351,8515,99441,4.560663603690393,0.16803370103009166
1696,0.2038,4,52,4,113311,492299,8519,99437,4.5601819259698395,0.16804284343017833
1697,0.2039,7,117,7,113428,492182,8526,99430,4.5590981510985955,0.16806623259839218
1698,0.204,0,17,0,113445,492165,8526,99430,4.558940679536107,0.1680710621286522
1699,0.2041,0,1,0,113446,492164,8526,99430,4.55893141650302,0.1680713462273113
1700,0.2042,5,62,5,113508,492102,8531,99425,4.558357108451592,0.16808193032608823
1701,0.2043,4,17,4,113525,492085,8535,99421,4.558199636889103,0.1680811352716625
1702,0.2044,2,28,2,113553,492057,8537,99419,4.557940271962652,0.16808627907134016
1703,0.2045,4,31,4,113584,492026,8541,99415,4.557653117936937,0.168089462854283
1704,0.2046,2,45,2,113629,491981,8543,99413,4.557236281447997,0.16809943962907978
1705,0.2047,8,106,8,113735,491875,8551,99405,4.556254399940717,0.16811831957786497
1706,0.2048,9,77,9,113812,491798,8560,99396,4.555541146392975,0.16812755203875546
1707,0.2049,4,75,4,113887,491723,8564,99392,4.554846418911408,0.16814325469663263
1708,0.205,15,85,15,113972,491638,8579,99377,4.554059061098966,0.1681463245433703
1709,0.2051,6,113,6,114085,491525,8585,99371,4.553012338360072,0.16817003330535324
1710,0.2052,0,9,0,114094,491516,8585,99371,4.5529289710622844,0.16817259476008103
1711,0.2053,0,1,0,114095,491515,8585,99371,4.552919708029197,0.1681728793709785
1712,0.2054,3,9,3,114104,491506,8588,99368,4.552836340731409,0.16817121755230388
1713,0.2055,4,46,4,114150,491460,8592,99364,4.552410241209381,0.16817867926827618
1714,0.2056,5,106,5,114256,491354,8597,99359,4.551428359702101,0.16820181712608323
1715,0.2057,4,26,4,114282,491328,8601,99355,4.551187520841824,0.16820358804976612
1716,0.2058,1,38,1,114320,491290,8602,99354,4.550835525584497,0.16821300140185966
1717,0.2059,1,14,1,114334,491276,8603,99353,4.550705843121271,0.1682155803389268
1718,0.206,9,149,9,114483,491127,8612,99344,4.549325651191226,0.16824534989864023
1719,0.2061,0,28,0,114511,491099,8612,99344,4.549066286264774,0.1682533284330579
1720,0.2062,9,72,9,114583,491027,8621,99335,4.54839934788247,0.16826116857114787
1721,0.2063,4,104,4,114687,490923,8625,99331,4.547435992441365,0.16828517892297215
1722,0.2064,1,48,1,114735,490875,8626,99330,4.546991366853162,0.16829745596868884
1723,0.2065,6,38,6,114773,490837,8632,99324,4.546639371595836,0.16829983682418864
1724,0.2066,1,21,1,114794,490816,8633,99323,4.546444847900997,0.1683044164171492
1725,0.2067,16,176,16,114970,490640,8649,99307,4.544814554077587,0.16833207050802867
1726,0.2068,2,19,2,114989,490621,8651,99305,4.544638556448923,0.1683346724843455
1727,0.2069,6,112,6,115101,490509,8657,99299,4.543601096743117,0.16835817757643165
1728,0.207,4,53,4,115154,490456,8661,99295,4.543110155989477,0.16836766703235773
1729,0.2071,5,58,5,115212,490398,8666,99290,4.542572900070399,0.16837717572682503
1730,0.2072,0,15,0,115227,490383,8666,99290,4.5424339545740855,0.1683814588763603
1731,0.2073,4,21,4,115248,490362,8670,99286,4.542239430879247,0.1683818142349334
1732,0.2074,6,58,6,115306,490304,8676,99280,4.541702174960169,0.16838991560150887
1733,0.2075,5,53,5,115359,490251,8681,99275,4.5412112342065285,0.16839800110597328
1734,0.2076,3,162,3,115521,490089,8684,99272,4.539710622846345,0.16844005626432695
1735,0.2077,1,7,1,115528,490082,8685,99271,4.539645781614732,0.16844064592867095
1736,0.2078,6,51,6,115579,490031,8691,99265,4.539173366927266,0.1684467568081236
1737,0.2079,1,6,1,115585,490025,8692,99264,4.539117788728741,0.16844706078002475
1738,0.208,1,5,1,115590,490020,8693,99263,4.539071473563304,0.1684470789077574
1739,0.2081,2,43,2,115633,489977,8695,99261,4.538673163140539,0.16845654896663148
1740,0.2082,6,54,6,115687,489923,8701,99255,4.538172959353811,0.16846352036226744
1741,0.2083,35,375,35,116062,489548,8736,99220,4.534699321945978,0.16852138703190392
1742,0.2084,2,6,2,116068,489542,8738,99218,4.534643743747453,0.16852027991031998
1743,0.2085,4,54,4,116122,489488,8742,99214,4.534143539960724,0.1685300882279999
1744,0.2086,3,76,3,116198,489412,8745,99211,4.53343954944607,0.168547610270071
1745,0.2087,6,52,6,116250,489360,8751,99205,4.532957871725518,0.16855402546872478
1746,0.2088,5,70,5,116320,489290,8756,99200,4.532309459409389,0.16856701048446024
1747,0.2089,5,50,5,116370,489240,8761,99195,4.5318463077550115,0.1685742690356624
1748,0.209,1,26,1,116396,489214,8762,99194,4.5316054688947345,0.1685803048225041
1749,0.2091,1,41,1,116437,489173,8763,99193,4.531225684538145,0.16859063915997866
1750,0.2092,6,58,6,116495,489115,8769,99187,4.530688428619067,0.16859878089824615
1751,0.2093,5,42,5,116537,489073,8774,99182,4.53029938122939,0.16860375177431555
1752,0.2094,3,63,3,116600,489010,8777,99179,4.529715810144874,0.16861757020277496
1753,0.2095,8,60,8,116660,488950,8785,99171,4.5291600281596205,0.16862346353896562
1754,0.2096,3,52,3,116712,488898,8788,99168,4.528678350439068,0.1686341329034496
1755,0.2097,7,52,7,116764,488846,8795,99161,4.528196672718515,0.1686391488536701
1756,0.2098,5,42,5,116806,488804,8800,99156,4.527807625328838,0.16864412545071092
1757,0.2099,2,44,2,116850,488760,8802,99154,4.527400051872985,0.1686539187704324
1758,0.21,34,250,34,117100,488510,8836,99120,4.525084293601097,0.16867756921872606
1759,0.2101,3,99,3,117199,488411,8839,99117,4.5241672533254285,0.16870174698056944
1760,0.2102,2,43,2,117242,488368,8841,99115,4.523768942902664,0.16871126483659954
1761,0.2103,10,38,10,117280,488330,8851,99105,4.523416947645337,0.16870802727110235
1762,0.2104,0,3,0,117283,488327,8851,99105,4.523389158546074,0.16870888885862534
1763,0.2105,3,9,3,117292,488318,8854,99102,4.523305791248286,0.16870722821831058
1764,0.2106,2,7,2,117299,488311,8856,99100,4.523240950016674,0.1687064082899367
1765,0.2107,11,128,11,117427,488183,8867,99089,4.5220552817814665,0.16872760833140352
1766,0.2108,1,15,1,117442,488168,8868,99088,4.5219163362851535,0.16873050254062963
1767,0.2109,2,22,2,117464,488146,8870,99086,4.521712549557227,0.16873399269794562
1768,0.211,2,80,2,117544,488066,8872,99084,4.5209715069102225,0.16875415140935024
1769,0.2111,8,62,8,117606,488004,8880,99076,4.520397198858794,0.16876064590856443
1770,0.2112,11,91,11,117697,487913,8891,99065,4.5195542628478265,0.168771231630487
1771,0.2113,3,23,3,117720,487890,8894,99062,4.519341213086813,0.16877359647807658
1772,0.2114,2,51,2,117771,487839,8896,99060,4.518868798399348,0.16878542986101527
1773,0.2115,0,4,0,117775,487835,8896,99060,4.518831746266998,0.1687865802230382
1774,0.2116,2,34,2,117809,487801,8898,99058,4.51851680314202,0.16879352621328123
1775,0.2117,16,129,16,117938,487672,8914,99042,4.517321871873726,0.16880797117505292
1776,0.2118,6,48,6,117986,487624,8920,99036,4.516877246285524,0.1688132819691133
1777,0.2119,3,36,3,118022,487588,8923,99033,4.5165437770943715,0.1688193910548719
1778,0.212,1,15,1,118037,487573,8924,99032,4.5164048315980585,0.16882229097944954
1779,0.2121,6,75,6,118112,487498,8930,99026,4.515710104116492,0.168835375875497
1780,0.2122,1,5,1,118117,487493,8931,99025,4.515663788951054,0.16883539806109957
1781,0.2123,1,10,1,118127,487483,8932,99024,4.515571158620179,0.16883685957712355
1782,0.2124,2,26,2,118153,487457,8934,99022,4.515330319759903,0.1688415100966957
1783,0.2125,10,112,10,118265,487345,8944,99012,4.514292860054096,0.16885958554259606
1784,0.2126,13,121,13,118386,487224,8957,98999,4.513172033050502,0.16887600793554672
1785,0.2127,1,26,1,118412,487198,8958,98998,4.512931194190226,0.16888208039631797
1786,0.2128,2,26,2,118438,487172,8960,98996,4.5126903553299496,0.1688867355433937
1787,0.2129,5,27,5,118465,487145,8965,98991,4.512440253436585,0.16888742544392427
1788,0.213,7,85,7,118550,487060,8972,98984,4.5116528956241435,0.16890199370695716
1789,0.2131,7,40,7,118590,487020,8979,98977,4.511282374300641,0.16890359506959934
1790,0.2132,7,111,7,118701,486909,8986,98970,4.510254177627923,0.16892566553844734
1791,0.2133,18,193,18,118894,486716,9004,98952,4.508466412242025,0.16895579065272476
1792,0.2134,1,20,1,118914,486696,9005,98951,4.508281151580274,0.16896014151869643
1793,0.2135,1,23,1,118937,486673,9006,98950,4.508068101819259,0.1689653582594946
1794,0.2136,5,35,5,118972,486638,9011,98945,4.5077438956611955,0.168968361444919
1795,0.2137,3,25,3,118997,486613,9014,98942,4.507512319834007,0.16897131780959945
1796,0.2138,7,54,7,119051,486559,9021,98935,4.507012116047279,0.16897696645909266
1797,0.2139,9,143,9,119194,486416,9030,98926,4.505687502315758,0.16900547030624832
1798,0.214,6,115,6,119309,486301,9036,98920,4.504622253510689,0.16903016125532064
1799,0.2141,4,91,4,119400,486210,9040,98916,4.503779317499722,0.16905076855241435
1800,0.2142,6,138,6,119538,486072,9046,98910,4.502501018933639,0.16908212560386474
1801,0.2143,8,86,8,119624,485986,9054,98902,4.50170439808811,0.1690956217258689
1802,0.2144,6,50,6,119674,485936,9060,98896,4.501241246433732,0.16910155395053622
1803,0.2145,5,31,5,119705,485905,9065,98891,4.500954092408018,0.16910341384003993
1804,0.2146,4,46,4,119751,485859,9069,98887,4.50052799288599,0.16911103282450843
1805,0.2147,6,40,6,119791,485819,9075,98881,4.500157471562488,0.16911407559432187
1806,0.2148,2,30,2,119821,485789,9077,98879,4.4998795805698615,0.16911991078697655
1807,0.2149,0,2,0,119823,485787,9077,98879,4.499861054503687,0.1691204893050049
1808,0.215,10,130,10,119953,485657,9087,98869,4.4986568602023045,0.1691438875259612
1809,0.2151,4,19,4,119972,485638,9091,98865,4.498480862573641,0.16914369986124964
1810,0.2152,8,98,8,120070,485540,9099,98857,4.4975730853310605,0.1691606904210665
1811,0.2153,6,112,6,120182,485428,9105,98851,4.496535625625254,0.16918458476173198
1812,0.2154,6,37,6,120219,485391,9111,98845,4.496192893401015,0.16918676699142127
1813,0.2155,5,191,5,120410,485200,9116,98840,4.4944236540812925,0.16923498390521197
1814,0.2156,3,80,3,120490,485120,9119,98837,4.493682611434288,0.1692539005440469
1815,0.2157,3,49,3,120539,485071,9122,98834,4.493228722812998,0.16926383572670212
1816,0.2158,3,53,3,120592,485018,9125,98831,4.492737782059358,0.16927493238834013
1817,0.2159,6,47,6,120639,484971,9131,98825,4.4923024195042425,0.1692800224736038
1818,0.216,6,36,6,120675,484935,9137,98819,4.49196895031309,0.16928192354998853
1819,0.2161,2,9,2,120684,484926,9139,98817,4.491885583015303,0.1692816873178779
1820,0.2162,4,57,4,120741,484869,9143,98813,4.491357590129312,0.16929252572462403
1821,0.2163,3,32,3,120773,484837,9146,98810,4.49106117307051,0.16929753772400097
1822,0.2164,1,22,1,120795,484815,9147,98809,4.490857386342584,0.16930249612764384
1823,0.2165,3,44,3,120839,484771,9150,98806,4.490449812886732,0.16931099066618457
1824,0.2166,3,53,3,120892,484718,9153,98803,4.489958872133092,0.1693220980907285
1825,0.2167,57,522,57,121414,484196,9210,98746,4.485123568861388,0.1693924953082811
1826,0.2168,1,34,1,121448,484162,9211,98745,4.484808625736411,0.16940095075200676
1827,0.2169,8,69,8,121517,484093,9219,98737,4.48416947645337,0.1694096048590498
1828,0.217,5,72,5,121589,484021,9224,98732,4.483502538071066,0.16942340923169852
1829,0.2171,2,29,2,121618,483992,9226,98730,4.483233910111527,0.16942899015310903
1830,0.2172,1,15,1,121633,483977,9227,98729,4.483094964615214,0.16943192622008355
1831,0.2173,0,11,0,121644,483966,9227,98729,4.482993071251251,0.169435124722196
1832,0.2174,3,44,3,121688,483922,9230,98726,4.482585497795398,0.1694436435034532
1833,0.2175,12,79,12,121767,483843,9242,98714,4.4818537181814815,0.16944951309485595
1834,0.2176,11,95,11,121862,483748,9253,98703,4.480973730038164,0.1694614654279931
1835,0.2178,6,186,6,122048,483562,9259,98697,4.479250805883878,0.16950704068120886
1836,0.2179,3,21,3,122069,483541,9262,98694,4.47905628218904,0.16950887528231728
1837,0.218,0,6,0,122075,483535,9262,98694,4.479000703990515,0.1695106221091701
1838,0.2181,7,48,7,122123,483487,9269,98687,4.478556078402312,0.16951461246981142
1839,0.2182,2,111,2,122234,483376,9271,98685,4.477527881729594,0.1695440855855314
1840,0.2183,12,200,12,122434,483176,9283,98673,4.475675275112082,0.16958523603202894
1841,0.2184,2,17,2,122451,483159,9285,98671,4.475517803549594,0.1695873365072272
1842,0.2185,2,40,2,122491,483119,9287,98669,4.475147282226092,0.1695961415498429
1843,0.2186,7,119,7,122610,483000,9294,98662,4.474044981288674,0.16962084509560535
1844,0.2187,7,147,7,122757,482853,9301,98655,4.472683315424803,0.16965372789368333
1845,0.2188,3,20,3,122777,482833,9304,98652,4.472498054763052,0.16965527915595416
1846,0.2189,10,41,10,122818,482792,9314,98642,4.472118270406462,0.1696529614711214
1847,0.219,6,48,6,122866,482744,9320,98636,4.471673644818259,0.16965839898173313
1848,0.2191,0,1,0,122867,482743,9320,98636,4.471664381785172,0.16965869080238535
1849,0.2192,4,29,4,122896,482714,9324,98632,4.471395753825632,0.16966144086310045
1850,0.2193,6,10,6,122906,482704,9330,98626,4.471303123494757,0.16965578931071854
1851,0.2194,8,94,8,123000,482610,9338,98618,4.470432398384527,0.16967179833043144
1852,0.2195,0,18,0,123018,482592,9338,98618,4.470265663788951,0.16967705304451058
1853,0.2196,6,51,6,123069,482541,9344,98612,4.469793249101486,0.16968337081629106
1854,0.2197,0,9,0,123078,482532,9344,98612,4.4697098818036975,0.16968599865093678
1855,0.2198,4,76,4,123154,482456,9348,98608,4.469005891289044,0.16970247683559814
1856,0.2199,0,21,0,123175,482435,9348,98608,4.468811367594205,0.16970861020612932
1857,0.22,26,308,26,123483,482127,9374,98582,4.465958353403239,0.16976144678315644
1858,0.2201,5,46,5,123529,482081,9379,98577,4.465532253881211,0.16976774624649965
1859,0.2202,7,71,7,123600,482010,9386,98570,4.464874578531995,0.16977849736470427
1860,0.2203,4,38,4,123638,481972,9390,98566,4.464522583274667,0.16978389011572026
1861,0.2204,4,40,4,123678,481932,9394,98562,4.464152061951165,0.16978986862913312
1862,0.2205,11,63,11,123741,481869,9405,98551,4.463568490866649,0.16979256400537543
1863,0.2206,3,22,3,123763,481847,9408,98548,4.463364704138723,0.16979470877591984
1864,0.2207,9,198,9,123961,481649,9417,98539,4.461530623587388,0.16983977607258338
1865,0.2208,6,49,6,124010,481600,9423,98533,4.461076734966097,0.16984553542032602
1866,0.2209,5,139,5,124149,481461,9428,98528,4.459789173366928,0.16987908391366044
1867,0.221,6,48,6,124197,481413,9434,98522,4.459344547778724,0.1698845560278307
1868,0.2211,5,38,5,124235,481375,9439,98517,4.458992552521398,0.16988853096783538
1869,0.2212,1,43,1,124278,481332,9440,98516,4.458594242098632,0.16989969785185083
1870,0.2213,5,64,5,124342,481268,9445,98511,4.45800140798103,0.16991129378608055
1871,0.2214,13,93,13,124435,481175,9458,98498,4.4571399459038865,0.16991993762000301
1872,0.2215,3,112,3,124547,481063,9461,98495,4.4561024861980805,0.16994847797804533
1873,0.2216,2,16,2,124563,481047,9463,98493,4.45595427766868,0.1699503054146392
1874,0.2217,8,56,8,124619,480991,9471,98485,4.455435547815777,0.16995526993352614
1875,0.2218,0,17,0,124636,480974,9471,98485,4.455278076253288,0.16996025603191942
1876,0.2219,1,46,1,124682,480928,9472,98484,4.454851976731261,0.16997231676251096
1877,0.222,3,40,3,124722,480888,9475,98481,4.454481455407759,0.16997975383563843
1878,0.2221,4,48,4,124770,480840,9479,98477,4.4540368298195565,0.1699881066842506
1879,0.2222,9,125,9,124895,480715,9488,98468,4.452878950683612,0.17001189606739148
1880,0.2223,4,79,4,124974,480636,9492,98464,4.452147171069695,0.17002935589708168
1881,0.2224,1,30,1,125004,480606,9493,98463,4.4518692800770685,0.17003673137398134
1882,0.2225,13,79,13,125083,480527,9506,98450,4.451137500463152,0.1700412969772547
1883,0.2226,8,106,8,125189,480421,9514,98442,4.450155618955871,0.17006096433871226
1884,0.2227,9,92,9,125281,480329,9523,98433,4.449303419911816,0.17007509131560122
1885,0.2228,4,15,4,125296,480314,9527,98429,4.449164474415503,0.17007376331117613
1886,0.2229,7,166,7,125462,480148,9534,98422,4.447626810922968,0.1701125187963427
1887,0.223,8,101,8,125563,480047,9542,98414,4.4466912445811255,0.17013074347276652
1888,0.2231,6,45,6,125608,480002,9548,98408,4.446274408092186,0.17013537110354246
1889,0.2232,3,75,3,125683,479927,9551,98405,4.445579680610619,0.17015313003603466
1890,0.2233,15,218,15,125901,479709,9566,98390,4.443560339397532,0.17019576231752692
1891,0.2234,2,36,2,125937,479673,9568,98388,4.44322687020638,0.1702034906350714
1892,0.2235,4,86,4,126023,479587,9572,98384,4.442430249360851,0.17022307347600485
1893,0.2236,1,57,1,126080,479530,9573,98383,4.44190225647486,0.17023842689124488
1894,0.2237,7,95,7,126175,479435,9580,98376,4.441022268331542,0.1702563641052178
1895,0.2238,13,82,13,126257,479353,9593,98363,4.440262699618363,0.17026185876797595
1896,0.2239,6,105,6,126362,479248,9599,98357,4.43929008114417,0.1702841907531964
1897,0.224,8,123,8,126485,479125,9607,98349,4.438150728074401,0.17030896629112308
1898,0.2241,3,22,3,126507,479103,9610,98346,4.437946941346475,0.1703111443608007
1899,0.2242,4,76,4,126583,479027,9614,98342,4.437242950831821,0.17032781462115215
1900,0.2243,6,97,6,126680,478930,9620,98336,4.436344436622328,0.1703478119272571
1901,0.2244,5,144,5,126824,478786,9625,98331,4.435010559857719,0.17038312855105636
1902,0.2245,8,147,8,126971,478639,9633,98323,4.433648893993849,0.17041503599890462
1903,0.2246,8,58,8,127029,478581,9641,98315,4.433111638074771,0.1704206650765476
1904,0.2247,1,26,1,127055,478555,9642,98314,4.432870799214495,0.17042690801551133
1905,0.2248,1,27,1,127082,478528,9643,98313,4.432620697321131,0.17043344699839297
1906,0.2249,3,72,3,127154,478456,9646,98310,4.431953758938827,0.17045040796440844
1907,0.225,65,564,65,127718,477892,9711,98245,4.426729408277446,0.17052367752808795
1908,0.2251,2,17,2,127735,477875,9713,98243,4.426571936714958,0.17052582977792743
1909,0.2252,3,75,3,127810,477800,9716,98240,4.425877209233391,0.1705437122422054
1910,0.2253,1,27,1,127837,477773,9717,98239,4.425627107340027,0.17055026631389625
1911,0.2254,1,51,1,127888,477722,9718,98238,4.425154692652562,0.17056392805055906
1912,0.2255,5,41,5,127929,477681,9723,98233,4.424774908295973,0.1705688696576225
1913,0.2256,4,77,4,128006,477604,9727,98229,4.424061654748231,0.17058591640284596
1914,0.2257,1,26,1,128032,477578,9728,98228,4.423820815887955,0.17059217861571432
1915,0.2258,10,157,10,128189,477421,9738,98218,4.422366519693209,0.17062429751979974
1916,0.2259,0,18,0,128207,477403,9738,98218,4.422199785097632,0.17062963303979528
1917,0.226,7,115,7,128322,477288,9745,98211,4.421134536292564,0.1706536414485516
1918,0.2261,2,13,2,128335,477275,9747,98209,4.421014116862425,0.1706546142030013
1919,0.2262,5,62,5,128397,477213,9752,98204,4.420439808810997,0.17066579541445595
1920,0.2263,2,50,2,128447,477163,9754,98202,4.419976657156619,0.17067774369313393
1921,0.2264,9,60,9,128507,477103,9763,98193,4.419420875171366,0.17068257036377796
1922,0.2265,2,12,2,128519,477091,9765,98191,4.419309718774316,0.17068324752034655
1923,0.2266,4,32,4,128551,477059,9769,98187,4.4190133017155135,0.1706869756591093
1924,0.2267,26,180,26,128731,476879,9795,98161,4.417345955759754,0.17070290762381748
1925,0.2268,12,46,12,128777,476833,9807,98149,4.416919856237726,0.17069925667238278
1926,0.2269,6,42,6,128819,476791,9813,98143,4.416530808848049,0.17070307200478663
1927,0.227,6,49,6,128868,476742,9819,98137,4.416076920226759,0.170708966582533
1928,0.2271,8,96,8,128964,476646,9827,98129,4.415187669050354,0.1707259362359184
1929,0.2272,1,20,1,128984,476626,9828,98128,4.415002408388602,0.17073043423795223
1930,0.2273,2,32,2,129016,476594,9830,98126,4.414705991329801,0.17073705456570157
1931,0.2274,9,115,9,129131,476479,9839,98117,4.413640742524732,0.17075823709180016
1932,0.2275,11,157,11,129288,476322,9850,98106,4.4121864463299865,0.170789028389981
1933,0.2276,1,8,1,129296,476314,9851,98105,4.412112342065286,0.1707899634239118
1934,0.2277,1,18,1,129314,476296,9852,98104,4.41194560746971,0.17079387186629527
1935,0.2278,7,39,7,129353,476257,9859,98097,4.411584349179296,0.1707953631384129
1936,0.2279,7,86,7,129439,476171,9866,98090,4.410787728333766,0.17081083340153694
1937,0.228,4,47,4,129486,476124,9870,98086,4.4103523657786505,0.17081903833092424
1938,0.2281,6,70,6,129556,476054,9876,98080,4.409703953462522,0.17083119968509095
1939,0.2282,12,109,12,129665,475945,9888,98068,4.408694282855978,0.17084630487462826
1940,0.2283,31,115,31,129780,475830,9919,98037,4.40762903405091,0.17083575114094382
1941,0.2284,1,72,1,129852,475758,9920,98036,4.4069620956686055,0.1708557426532867
1942,0.2285,1,41,1,129893,475717,9921,98035,4.406582311312016,0.1708665067834186
1943,0.2286,12,83,12,129976,475634,9933,98023,4.405813479565749,0.1708738845686534
1944,0.2287,0,6,0,129982,475628,9933,98023,4.405757901367224,0.1708756717934772
1945,0.2288,2,17,2,129999,475611,9935,98021,4.4056004298047355,0.170877845029566
1946,0.2289,11,174,11,130173,475437,9946,98010,4.4039886620475,0.1709137897660987
1947,0.229,0,41,0,130214,475396,9946,98010,4.403608877690911,0.1709260105405245
1948,0.2291,12,117,12,130331,475279,9958,97998,4.402525102819667,0.17094354038274692
1949,0.2292,9,113,9,130444,475166,9967,97989,4.401478380080774,0.17096422433722117
1950,0.2293,1,8,1,130452,475158,9968,97988,4.401404275816073,0.1709651641989999
1951,0.2294,10,45,10,130497,475113,9978,97978,4.4009874393271335,0.17096412262624958
1952,0.2295,5,56,5,130553,475057,9983,97973,4.4004687094742305,0.17097359649582047
1953,0.2296,1,3,1,130556,475054,9984,97972,4.400440920374968,0.17097304485311313
1954,0.2297,7,155,7,130711,474899,9991,97965,4.3990051502463965,0.17100917495251927
1955,0.2298,6,27,6,130738,474872,9997,97959,4.398755048353033,0.1710085522606144
1956,0.2299,10,93,10,130831,474779,10007,97949,4.39789358627589,0.171021846321465
1957,0.23,38,404,38,131235,474375,10045,97911,4.394151320908518,0.17108753315649866
1958,0.2301,3,34,3,131269,474341,10048,97908,4.393836377783542,0.17109335271883394
1959,0.2302,4,58,4,131327,474283,10052,97904,4.393299121864463,0.17110490102012105
1960,0.2303,5,89,5,131416,474194,10057,97899,4.392474711919671,0.17112427524895427
1961,0.2304,2,66,2,131482,474128,10059,97897,4.391863351735893,0.17114112145448188
1962,0.2305,2,20,2,131502,474108,10061,97895,4.391678091074142,0.17114420728562613
1963,0.2306,4,59,4,131561,474049,10065,97891,4.391131572121975,0.17115606532153724
1964,0.2307,2,4,2,131565,474045,10067,97889,4.391094519989625,0.1711543639650729
1965,0.2308,0,17,0,131582,474028,10067,97889,4.390937048427137,0.17115945145886555
1966,0.2309,1,26,1,131608,474002,10068,97888,4.390696209566861,0.17116578362971901
1967,0.231,2,28,2,131636,473974,10070,97886,4.390436844640409,0.17117126569440072
1968,0.2311,6,72,6,131708,473902,10076,97880,4.389769906258105,0.17118412262015942
1969,0.2312,4,64,4,131772,473838,10080,97876,4.389177072140502,0.17119748685531577
1970,0.2313,7,74,7,131846,473764,10087,97869,4.388491607692023,0.17120949980144604
1971,0.2314,1,19,1,131865,473745,10088,97868,4.388315610063359,0.17121374076516804
1972,0.2315,2,7,2,131872,473738,10090,97866,4.388250768831746,0.17121293762814815
1973,0.2316,1,24,1,131896,473714,10091,97865,4.388028456037645,0.1712186766833631
1974,0.2317,18,183,18,132079,473531,10109,97847,4.386333320982622,0.1712474053953775
1975,0.2318,1,9,1,132088,473522,10110,97846,4.3862499536848345,0.17124865235714987
1976,0.2319,8,92,8,132180,473430,10118,97838,4.385397754640779,0.17126462535972609
1977,0.232,6,47,6,132227,473383,10124,97832,4.384962392085664,0.17127001216704743
1978,0.2321,7,67,7,132294,473316,10131,97825,4.384341768868798,0.17127994663314314
1979,0.2322,2,32,2,132326,473284,10133,97823,4.384045351809997,0.1712866415575365
1980,0.2323,0,29,0,132355,473255,10133,97823,4.383776723850458,0.17129533969090036
1981,0.2324,6,90,6,132445,473165,10139,97817,4.382943050872577,0.17131363160309782
1982,0.2325,19,154,19,132599,473011,10158,97798,4.381516543777094,0.17133226701050613
1983,0.2326,6,80,6,132679,472931,10164,97792,4.38077550113009,0.1713475714138032
1984,0.2327,8,124,8,132803,472807,10172,97784,4.379626885027234,0.17137319025361422
1985,0.2328,5,65,5,132868,472742,10177,97779,4.379024787876542,0.17138545294564092
1986,0.2329,3,37,3,132905,472705,10180,97776,4.378682055652303,0.17139221113411315
1987,0.233,3,27,3,132932,472678,10183,97773,4.3784319537589385,0.1713959656482327
1988,0.2331,5,56,5,132988,472622,10188,97768,4.377913223906035,0.17140552954995705
1989,0.2332,5,104,5,133092,472518,10193,97763,4.37694986846493,0.17142952334024805
1990,0.2333,80,658,80,133750,471860,10273,97683,4.3708547926933194,0.1715111940626081
1991,0.2334,1,6,1,133756,471854,10274,97682,4.370799214494794,0.1715115462411507
1992,0.2335,0,32,0,133788,471822,10274,97682,4.370502797435992,0.17152118334550767
1993,0.2336,3,36,3,133824,471786,10277,97679,4.370169328244841,0.17152766192830113
1994,0.2337,15,57,15,133881,471729,10292,97664,4.36964133535885,0.171523007834659
1995,0.2338,10,174,10,134055,471555,10302,97654,4.368029567601615,0.17156088536899453
1996,0.2339,4,55,4,134110,471500,10306,97650,4.3675201007818,0.17157164192216462
1997,0.234,0,22,0,134132,471478,10306,97650,4.367316314053874,0.17157827413165405
1998,0.2341,7,33,7,134165,471445,10313,97643,4.367010633961985,0.17157803362573099
1999,0.2342,4,25,4,134190,471420,10317,97639,4.366779058134796,0.17157974832135156
2000,0.2343,21,216,21,134406,471204,10338,97618,4.364778242987884,0.17161431871481764
2001,0.2344,5,89,5,134495,471115,10343,97613,4.363953833043092,0.17163389177251692
2002,0.2345,8,62,8,134557,471053,10351,97605,4.363379524991664,0.1716409511516588
2003,0.2346,10,97,10,134654,470956,10361,97595,4.3624810107821705,0.1716556650150998
2004,0.2347,1,12,1,134666,470944,10362,97594,4.36236985438512,0.1716578311388157
2005,0.2348,11,67,11,134733,470877,10373,97583,4.361749231168254,0.17166203426802237
2006,0.2349,7,130,7,134863,470747,10380,97576,4.3605450368668714,0.17169109819592027
2007,0.235,14,107,14,134970,470640,10394,97562,4.359553892326503,0.1717030211086902
2008,0.2351,8,76,8,135046,470564,10402,97554,4.358849901811849,0.17171432695320338
2009,0.2352,5,71,5,135117,470493,10407,97549,4.3581922264626325,0.17172849894902137
2010,0.2353,3,7,3,135124,470486,10410,97546,4.35812738523102,0.1717262407751676
2011,0.2354,2,12,2,135136,470474,10412,97544,4.35801622883397,0.17172695231489143
2012,0.2355,1,28,1,135164,470446,10413,97543,4.357756863907518,0.17173395963654225
2013,0.2356,6,15,6,135179,470431,10419,97537,4.357617918411204,0.1717297453377655
2014,0.2357,11,84,11,135263,470347,10430,97526,4.35683982363185,0.1717391036376091
2015,0.2358,4,30,4,135293,470317,10434,97522,4.356561932639224,0.1717423424597465
2016,0.2359,7,62,7,135355,470255,10441,97515,4.355987624587795,0.17175088504147806
2017,0.236,0,11,0,135366,470244,10441,97515,4.3558857312238315,0.17175421261485949
2018,0.2361,2,66,2,135432,470178,10443,97513,4.355274371040053,0.17177126288773295
2019,0.2362,9,89,9,135521,470089,10452,97504,4.354449961095261,0.17178506429783313
2020,0.2363,3,83,3,135604,470006,10455,97501,4.353681129348994,0.17180581032480657
2021,0.2364,2,27,2,135631,469979,10457,97499,4.35343102745563,0.17181106580343203
2022,0.2365,1,4,1,135635,469975,10458,97498,4.3533939753232795,0.17181081743096147
2023,0.2366,13,180,13,135815,469795,10471,97485,4.35172662936752,0.17184635453391622
2024,0.2367,8,127,8,135942,469668,10479,97477,4.350550224165401,0.17187315413165946
2025,0.2368,9,90,9,136032,469578,10488,97468,4.34971655118752,0.17188728956733668
2026,0.2369,3,48,3,136080,469530,10491,97465,4.349271925599318,0.17189745941322235
2027,0.237,1,18,1,136098,469512,10492,97464,4.349105191003742,0.1719014561462919
2028,0.2371,1,14,1,136112,469498,10493,97463,4.348975508540517,0.17190424032693608
2029,0.2372,5,45,5,136157,469453,10498,97458,4.348558672051577,0.17191058208431306
2030,0.2373,6,100,6,136257,469353,10504,97452,4.347632368742821,0.17193214597612935
2031,0.2374,3,23,3,136280,469330,10507,97449,4.347419318981808,0.1719347399956597
2032,0.2375,4,72,4,136352,469258,10511,97445,4.346752380599503,0.1719507396290473
2033,0.2376,0,9,0,136361,469249,10511,97445,4.346669013301716,0.17195347047965923
2034,0.2377,4,46,4,136407,469203,10515,97441,4.346242913779688,0.17196158434572678
2035,0.2378,12,80,12,136487,469123,10527,97429,4.345501871132684,0.17196832770866574
2036,0.2379,6,116,6,136603,469007,10533,97423,4.344427359294527,0.17199477428808502
2037,0.238,1,46,1,136649,468961,10534,97422,4.3440012597725,0.17200728129198792
2038,0.2381,2,22,2,136671,468939,10536,97420,4.343797473044574,0.17201103893466865
2039,0.2382,2,31,2,136702,468908,10538,97418,4.3435103190188595,0.17201753053894753
2040,0.2383,4,117,4,136819,468791,10542,97414,4.3424265441476155,0.1720472267111735
2041,0.2384,0,11,0,136830,468780,10542,97414,4.342324650783652,0.1720505692395186
2042,0.2385,7,84,7,136914,468696,10549,97407,4.341546556004298,0.17206586080624903
2043,0.2386,9,72,9,136986,468624,10558,97398,4.340879617621994,0.17207458367342612
2044,0.2387,4,26,4,137012,468598,10562,97394,4.3406387787617176,0.17207663712561308
2045,0.2388,3,42,3,137054,468556,10565,97391,4.34024973137204,0.1720850185618088
2046,0.2389,15,73,15,137127,468483,10580,97376,4.339573529956649,0.172085272126095
2047,0.239,3,45,3,137172,468438,10583,97373,4.339156693467709,0.17209456868106135
2048,0.2391,9,51,9,137223,468387,10592,97364,4.338684278780244,0.17209691189233425
2049,0.2392,7,118,7,137341,468269,10599,97357,4.337591240875913,0.1721225686230831
2050,0.2393,15,168,15,137509,468101,10614,97342,4.336035051317204,0.17215174650672127
2051,0.2394,5,128,5,137637,467973,10619,97337,4.3348493830819965,0.17218340379614724
2052,0.2395,0,16,0,137653,467957,10619,97337,4.334701174552595,0.1721882772504219
2053,0.2396,5,36,5,137689,467921,10624,97332,4.334367705361443,0.1721919211397374
2054,0.2397,0,50,0,137739,467871,10624,97332,4.3339045537070655,0.17220715388984134
2055,0.2398,6,34,6,137773,467837,10630,97326,4.333589610582089,0.17220872562428893
2056,0.2399,6,31,6,137804,467806,10636,97320,4.333302456556375,0.17220938339414574
2057,0.24,29,322,29,138126,467484,10665,97291,4.330319759902182,0.17226506130760036
2058,0.2401,1,24,1,138150,467460,10666,97290,4.330097447108081,0.17227091633466135
2059,0.2402,3,62,3,138212,467398,10669,97287,4.329523139056652,0.1722854334717586
2060,0.2403,2,42,2,138254,467356,10671,97285,4.329134091666975,0.17229531684734195
2061,0.2404,3,36,3,138290,467320,10674,97282,4.328800622475823,0.17230190470455295
2062,0.2405,2,13,2,138303,467307,10676,97280,4.3286802030456855,0.17230294002518656
2063,0.2406,2,8,2,138311,467299,10678,97278,4.328606098780985,0.17230244944445133
2064,0.2407,4,51,4,138362,467248,10682,97274,4.32813368409352,0.17231215081077442
2065,0.2408,3,50,3,138412,467198,10685,97271,4.327670532439142,0.17232301508143053
2066,0.2409,8,62,8,138474,467136,10693,97263,4.327096224387714,0.172330213200236
2067,0.241,6,95,6,138569,467041,10699,97257,4.326216236244396,0.17235042477556184
2068,0.2411,14,120,14,138689,466921,10713,97243,4.3251046722738895,0.1723665458980013
2069,0.2412,19,228,19,138917,466693,10732,97224,4.322992700729927,0.1724083508743308
2070,0.2413,4,66,4,138983,466627,10736,97220,4.322381340546149,0.17242266075726218
2071,0.2414,1,17,1,139000,466610,10737,97219,4.32222386898366,0.17242639168967897
2072,0.2415,4,32,4,139032,466578,10741,97215,4.321927451924858,0.17243030686794622
2073,0.2416,0,41,0,139073,466537,10741,97215,4.321547667568269,0.17244284720941122
2074,0.2417,36,321,36,139394,466216,10777,97179,4.318574233947164,0.17248821874528528
2075,0.2418,5,53,5,139447,466163,10782,97174,4.318083293193523,0.17249710208986804
2076,0.2419,3,39,3,139486,466124,10785,97171,4.317722034903109,0.17250463788956052
2077,0.242,6,82,6,139568,466042,10791,97165,4.3169624661899295,0.17252093812754457
2078,0.2421,5,105,5,139673,465937,10796,97160,4.315989847715736,0.1725457603219339
2079,0.2422,7,68,7,139741,465869,10803,97153,4.3153599614657825,0.17255631218673514
2080,0.2423,2,49,2,139790,465820,10805,97151,4.314906072844492,0.1725683916223038
2081,0.2424,5,67,5,139857,465753,10810,97146,4.314285449627626,0.17258158213107502
2082,0.2425,5,56,5,139913,465697,10815,97141,4.313766719774723,0.17259140285481792
2083,0.2426,7,109,7,140022,465588,10822,97134,4.312757049168179,0.17261454146097008
2084,0.2427,6,90,6,140112,465498,10828,97128,4.3119233761902995,0.17263333013404997
2085,0.2428,10,124,10,140236,465374,10838,97118,4.310774760087443,0.17265667778386182
2086,0.2429,15,194,15,140430,465180,10853,97103,4.308977731668458,0.1726941771314445
2087,0.243,4,88,4,140518,465092,10857,97099,4.308162584756753,0.17271532272839657
2088,0.2431,11,161,11,140679,464931,10868,97088,4.306671236429657,0.17274860814314108
2089,0.2432,11,119,11,140798,464812,10879,97077,4.3055689354922375,0.1727689988592053
2090,0.2433,15,132,15,140930,464680,10894,97062,4.3043462151246805,0.17278750743223759
2091,0.2434,1,19,1,140949,464661,10895,97061,4.304170217496017,0.17279187925699901
2092,0.2435,4,25,4,140974,464636,10899,97057,4.303938641668828,0.17279367910940674
2093,0.2436,6,126,6,141100,464510,10905,97051,4.302771499499796,0.17282361132628513
2094,0.2437,2,84,2,141184,464426,10907,97049,4.301993404720442,0.17284652032592723
2095,0.2438,6,30,6,141214,464396,10913,97043,4.301715513727815,0.1728469165839922
2096,0.2439,1,8,1,141222,464388,10914,97042,4.301641409463115,0.17284790623942434
2097,0.244,11,64,11,141286,464324,10925,97031,4.301048575345511,0.17285140419164344
2098,0.2441,0,4,0,141290,464320,10925,97031,4.301011523213161,0.17285263587309901
2099,0.2442,4,53,4,141343,464267,10929,97027,4.30052058245952,0.1728630628511974
2100,0.2443,6,47,6,141390,464220,10935,97021,4.300085219904405,0.17286869633544236
2101,0.2444,13,89,13,141479,464131,10948,97008,4.2992608099596135,0.17287695205644235
2102,0.2445,6,114,6,141593,464017,10954,97002,4.298204824187632,0.17290323500630103
2103,0.2446,5,42,5,141635,463975,10959,96997,4.297815776797955,0.17290880828276634
2104,0.2447,8,132,8,141767,463843,10967,96989,4.296593056430398,0.1729377068355586
2105,0.2448,3,56,3,141823,463787,10970,96986,4.296074326577495,0.17295055218421715
2106,0.2449,20,124,20,141947,463663,10990,96966,4.2949257104746374,0.1729593010707616
2107,0.245,23,198,23,142145,463465,11013,96943,4.293091629923302,0.1729864670026124
2108,0.2451,2,59,2,142204,463406,11015,96941,4.292545110971137,0.1730017292856034
2109,0.2452,8,99,8,142303,463307,11023,96933,4.291628070695468,0.1730204912180494
2110,0.2453,4,42,4,142345,463265,11027,96929,4.291239023305791,0.17302755831015684
2111,0.2454,6,46,6,142391,463219,11033,96923,4.290812923783764,0.17303290951223083
2112,0.2455,7,113,7,142504,463106,11040,96916,4.28976620104487,0.17305748702729534
2113,0.2456,9,56,9,142560,463050,11049,96907,4.289247471191967,0.17306150293683265
2114,0.2457,0,3,0,142563,463047,11049,96907,4.289219682092704,0.1730624301281891
2115,0.2458,4,96,4,142659,462951,11053,96903,4.288330430916299,0.17308619747291257
2116,0.2459,15,180,15,142839,462771,11068,96888,4.28666308496054,0.17311970324787057
2117,0.246,6,52,6,142891,462719,11074,96882,4.286181407239987,0.17312692436217947
2118,0.2461,2,24,2,142915,462695,11076,96880,4.285959094445885,0.17313139436179242
2119,0.2462,2,53,2,142968,462642,11078,96878,4.285468153692245,0.1731448384329425
2120,0.2463,12,101,12,143069,462541,11090,96866,4.284532587350402,0.1731583623372607
2121,0.2464,5,39,5,143108,462502,11095,96861,4.284171329059987,0.17316304439156682
2122,0.2465,4,10,4,143118,462492,11099,96857,4.284078698729112,0.17316022733570632
2123,0.2466,0,21,0,143139,462471,11099,96857,4.283884175034273,0.17316672864580354
2124,0.2467,10,132,10,143271,462339,11109,96847,4.282661454666716,0.17319281956272153
2125,0.2468,6,39,6,143310,462300,11115,96841,4.282300196376301,0.17319602747786336
2126,0.2469,2,32,2,143342,462268,11117,96839,4.2820037793175,0.17320298261334593
2127,0.247,9,127,9,143469,462141,11126,96830,4.28082737411538,0.1732290226147689
2128,0.2471,4,52,4,143521,462089,11130,96826,4.280345696394828,0.1732392224220141
2129,0.2472,3,44,3,143565,462045,11133,96823,4.279938122938975,0.17324842359913253
2130,0.2473,6,95,6,143660,461950,11139,96817,4.279058134795657,0.17326900121159625
2131,0.2474,1,94,1,143754,461856,11140,96816,4.278187409685428,0.17329667497207663
2132,0.2475,6,115,6,143869,461741,11146,96810,4.277122160880358,0.17332347449024352
2133,0.2476,6,44,6,143913,461697,11152,96804,4.2767145874245065,0.17332824829319912
2134,0.2477,10,138,10,144051,461559,11162,96794,4.275436288858423,0.17335628177873139
2135,0.2478,12,101,12,144152,461458,11174,96782,4.2745007225165805,0.17336987675551735
2136,0.2479,7,74,7,144226,461384,11181,96775,4.273815258068102,0.17338249495215521
2137,0.248,7,15,7,144241,461369,11188,96768,4.273676312571789,0.17337678741957618
2138,0.2481,3,93,3,144334,461276,11191,96765,4.272814850494646,0.173401237543478
2139,0.2482,3,37,3,144371,461239,11194,96762,4.272472118270406,0.17340829138299035
2140,0.2483,19,185,19,144556,461054,11213,96743,4.270758457149209,0.17343764846350912
2141,0.2484,5,73,5,144629,460981,11218,96738,4.270082255733818,0.17345293956275473
2142,0.2485,4,11,4,144640,460970,11222,96734,4.2699803623698545,0.1734504324874844
2143,0.2486,4,107,4,144747,460863,11226,96730,4.268989217829486,0.1734777875618955
2144,0.2487,11,116,11,144863,460747,11237,96719,4.26791470599133,0.1734975765338155
2145,0.2488,4,29,4,144892,460718,11241,96715,4.267646078031791,0.17350067182961898
2146,0.2489,5,139,5,145031,460579,11246,96710,4.2663585164326205,0.17353653131499097
2147,0.249,10,73,10,145104,460506,11256,96700,4.265682315017229,0.17354443419489382
2148,0.2491,15,133,15,145237,460373,11271,96685,4.264450331616585,0.17356361456078181
2149,0.2492,3,76,3,145313,460297,11274,96682,4.26374634110193,0.17358284603189708
2150,0.2493,6,49,6,145362,460248,11280,96676,4.26329245248064,0.17358921504549993
2151,0.2494,9,161,9,145523,460087,11289,96667,4.261801104153544,0.17362605387657745
2152,0.2495,6,58,6,145581,460029,11295,96661,4.261263848234466,0.17363523684635973
2153,0.2496,4,50,4,145631,459979,11299,96657,4.260800696580088,0.17364489540741165
2154,0.2497,0,10,0,145641,459969,11299,96657,4.2607080662492125,0.17364801500468896
2155,0.2498,2,33,2,145674,459936,11301,96655,4.260402386157323,0.17365534117511783
2156,0.2499,3,75,3,145749,459861,11304,96652,4.259707658675757,0.1736742897290809
2157,0.25,153,1279,153,147028,458582,11457,96499,4.247860239356775,0.17384669985101273
2158,0.2501,6,62,6,147090,458520,11463,96493,4.247285931305346,0.17385718893070973
2159,0.2502,3,32,3,147122,458488,11466,96490,4.246989514246545,0.17386274771252194
2160,0.2503,6,26,6,147148,458462,11472,96484,4.246748675386269,0.17386196134398663
2161,0.2504,1,30,1,147178,458432,11473,96483,4.246470784393642,0.1738698719623726
2162,0.2505,4,27,4,147205,458405,11477,96479,4.246220682500278,0.17387237692923205
2163,0.2506,8,90,8,147295,458315,11485,96471,4.245387009522398,0.1738886705864964
2164,0.2507,4,129,4,147424,458186,11489,96467,4.244192078254104,0.17392315555852036
2165,0.2508,10,97,10,147521,458089,11499,96457,4.2432935640446106,0.1739386813717888
2166,0.2509,4,55,4,147576,458034,11503,96453,4.242784097224796,0.173949975382651
2167,0.251,5,78,5,147654,457956,11508,96448,4.242061580643966,0.1739669987951025
2168,0.2511,4,24,4,147678,457932,11512,96444,4.241839267849865,0.17396857006796831
2169,0.2512,4,83,4,147761,457849,11516,96440,4.241070436103597,0.17398865934557606
2170,0.2513,4,71,4,147832,457778,11520,96436,4.240412760754381,0.17400498724319488
2171,0.2514,7,73,7,147905,457705,11527,96429,4.23973655933899,0.17401747591737737
2172,0.2515,8,146,8,148051,457559,11535,96421,4.238384156508207,0.17405140979818767
2173,0.2516,2,76,2,148127,457483,11537,96419,4.237680165993553,0.17407230881997177
2174,0.2517,13,117,13,148244,457366,11550,96406,4.236596391122309,0.17408969756506287
2175,0.2518,10,79,10,148323,457287,11560,96396,4.235864611508393,0.17409962017977795
2176,0.2519,14,153,14,148476,457134,11574,96382,4.234447367445997,0.17412685450827076
2177,0.252,10,138,10,148614,456996,11584,96372,4.233169068879914,0.17415535412239233
2178,0.2521,1,30,1,148644,456966,11585,96371,4.2328911778872875,0.17416330373714392
2179,0.2522,4,23,4,148667,456943,11589,96367,4.232678128126274,0.17416457320489417
2180,0.2523,1,3,1,148670,456940,11590,96366,4.232650339027011,0.17416402496990815
2181,0.2524,2,30,2,148700,456910,11592,96364,4.2323724480343845,0.17417048334098476
2182,0.2525,6,90,6,148790,456820,11598,96358,4.231538775056505,0.17418986293742703
2183,0.2526,4,51,4,148841,456769,11602,96354,4.231066360369039,0.17419995190943063
2184,0.2527,5,50,5,148891,456719,11607,96349,4.230603208714662,0.17420823479210512
2185,0.2528,8,47,8,148938,456672,11615,96341,4.230167846159547,0.1742110944950661
2186,0.2529,3,11,3,148949,456661,11618,96338,4.2300659527955835,0.17421007994589502
2187,0.253,0,32,0,148981,456629,11618,96338,4.229769535736781,0.17422016142012092
2188,0.2531,1,17,1,148998,456612,11619,96337,4.229612064174293,0.17422402427710332
2189,0.2532,1,22,1,149020,456590,11620,96336,4.229408277446367,0.17422946289376878
2190,0.2533,20,286,20,149306,456304,11640,96316,4.226759049983326,0.17428974702327096
2191,0.2534,8,46,8,149352,456258,11648,96308,4.226332950461299,0.1742923017340915
2192,0.2536,8,158,8,149510,456100,11656,96300,4.224869391233465,0.17433019551049964
2193,0.2537,4,73,4,149583,456027,11660,96296,4.224193189818074,0.1743472569492851
2194,0.2538,2,10,2,149593,456017,11662,96294,4.224100559487199,0.17434742382462054
2195,0.2539,3,39,3,149632,455978,11665,96291,4.223739301196784,0.17435525079263908
2196,0.254,2,42,2,149674,455936,11667,96289,4.223350253807107,0.17436552130019467
2197,0.2541,1,15,1,149689,455921,11668,96288,4.223211308310793,0.1743687625518599
2198,0.2542,6,68,6,149757,455853,11674,96282,4.2225814220608395,0.17438126545138416
2199,0.2543,4,63,4,149820,455790,11678,96278,4.221997850976324,0.17439518320206931
2200,0.2544,0,4,0,149824,455786,11678,96278,4.221960798843973,0.1743964467887781
2201,0.2545,0,37,0,149861,455749,11678,96278,4.221618066619734,0.17440813583393566
2202,0.2546,3,35,3,149896,455714,11681,96275,4.221293860461669,0.17441470753946184
2203,0.2547,3,21,3,149917,455693,11684,96272,4.221099336766831,0.17441685614124083
2204,0.2548,6,43,6,149960,455650,11690,96266,4.2207010263440665,0.1744214699338305
2205,0.2549,3,21,3,149981,455629,11693,96263,4.220506502649227,0.1744236191138846
2206,0.255,25,177,25,150158,455452,11718,96238,4.218866945792731,0.17444216860918269
2207,0.2551,9,123,9,150281,455329,11727,96229,4.217727592722961,0.17446759905576567
2208,0.2552,5,35,5,150316,455294,11732,96224,4.2174033865648966,0.17447118679716708
2209,0.2553,7,14,7,150330,455280,11739,96217,4.217273704101671,0.17446513761634244
2210,0.2554,3,40,3,150370,455240,11742,96214,4.216903182778169,0.17447330149024215
2211,0.2555,4,59,4,150429,455181,11746,96210,4.216356663826003,0.1744859818168958
2212,0.2556,14,98,14,150527,455083,11760,96196,4.215448886583423,0.17449603558270857
2213,0.2557,10,100,10,150627,454983,11770,96186,4.214522583274667,0.1745127175149546
2214,0.2558,7,55,7,150682,454928,11777,96179,4.2140131164548515,0.1745196486344757
2215,0.2559,7,34,7,150716,454894,11784,96172,4.213698173329875,0.17451993046204992
2216,0.256,10,61,10,150777,454833,11794,96162,4.213133128311535,0.17452426973021534
2217,0.2561,4,37,4,150814,454796,11798,96158,4.2127903960872946,0.17452999705964564
2218,0.2562,9,52,9,150866,454744,11807,96149,4.212308718366742,0.17453298553439597
2219,0.2563,0,2,0,150868,454742,11807,96149,4.212290192300567,0.17453361917330287
2220,0.2564,4,34,4,150902,454708,11811,96145,4.21197524917559,0.17453839772135216
2221,0.2565,10,113,10,151015,454595,11821,96135,4.210928526436696,0.17455922139705482
2222,0.2566,2,21,2,151036,454574,11823,96133,4.210734002741858,0.17456288007960677
2223,0.2567,12,138,12,151174,454436,11835,96121,4.209455704175776,0.1745886438643047
2224,0.2568,5,68,5,151242,454368,11840,96116,4.208825817925821,0.17460271324870477
2225,0.2569,15,170,15,151412,454198,11855,96101,4.207251102300938,0.1746341534329519
2226,0.257,3,69,3,151481,454129,11858,96098,4.206611953017896,0.1746515529045285
2227,0.2571,8,98,8,151579,454031,11866,96090,4.205704175775316,0.174670663363151
2228,0.2572,4,39,4,151618,453992,11870,96086,4.205342917484901,0.17467704580077734
2229,0.2573,2,7,2,151625,453985,11872,96084,4.205278076253288,0.17467626788639243
2230,0.2574,5,32,5,151657,453953,11877,96079,4.204981659194487,0.17467892777147512
2231,0.2575,2,66,2,151723,453887,11879,96077,4.204370299010708,0.1746968892509328
2232,0.2576,6,77,6,151800,453810,11885,96071,4.2036570454629665,0.17471234685322826
2233,0.2577,8,63,8,151863,453747,11893,96063,4.20307347437845,0.17472035794183446
2234,0.2578,3,47,3,151910,453700,11896,96060,4.202638111823336,0.17473079161816066
2235,0.2579,5,75,5,151985,453625,11901,96055,4.201943384341769,0.1747471256003493
2236,0.258,4,48,4,152033,453577,11905,96051,4.201498758753567,0.1747563806792958
2237,0.2581,8,103,8,152136,453474,11913,96043,4.200544666345548,0.1747771224548103
2238,0.2582,5,61,5,152197,453413,11918,96038,4.199979621327207,0.17478901667300634
2239,0.2583,35,306,35,152503,453107,11953,96003,4.197145133202416,0.1748338220028774
2240,0.2584,4,41,4,152544,453066,11957,95999,4.196765348845826,0.1748408658355568
2241,0.2585,4,42,4,152586,453024,11961,95995,4.196376301456149,0.17484822929625388
2242,0.2586,4,18,4,152604,453006,11965,95991,4.196209566860573,0.17484794998879774
2243,0.2587,6,29,6,152633,452977,11971,95985,4.195940938901034,0.17484816799705627
2244,0.2588,3,47,3,152680,452930,11974,95982,4.195505576345918,0.17485862943422625
2245,0.2589,3,52,3,152732,452878,11977,95979,4.195023898625366,0.17487068580704992
2246,0.259,10,168,10,152900,452710,11987,95969,4.193467709066657,0.17490919098416377
2247,0.2591,2,17,2,152917,452693,11989,95967,4.193310237504169,0.17491160281412896
2248,0.2592,6,45,6,152962,452648,11995,95961,4.192893401015229,0.17491692626260233
2249,0.2593,4,63,4,153025,452585,11999,95957,4.192309829930712,0.1749309989025453
2250,0.2594,1,19,1,153044,452566,12000,95956,4.192133832302049,0.17493555408898823
2251,0.2595,13,130,13,153174,452436,12013,95943,4.190929638000667,0.17495746554846192
2252,0.2596,5,24,5,153198,452412,12018,95938,4.190707325206565,0.1749576000729461
2253,0.2597,19,207,19,153405,452205,12037,95919,4.188789877357442,0.1749950741073188
2254,0.2598,8,91,8,153496,452114,12045,95911,4.187946941346475,0.1750120888645591
2255,0.2599,14,190,14,153686,451924,12059,95897,4.186186965059839,0.17505170484519578
2256,0.26,32,262,32,153948,451662,12091,95865,4.1837600503909,0.1750872559709384
2257,0.2601,1,20,1,153968,451642,12092,95864,4.183574789729149,0.17509214510891205
2258,0.2602,4,112,4,154080,451530,12096,95860,4.182537330023343,0.17512194230804362
2259,0.2603,0,6,0,154086,451524,12096,95860,4.182481751824818,0.1751238618593163
2260,0.2604,3,24,3,154110,451500,12099,95857,4.182259439030716,0.17512701947723333
2261,0.2605,8,35,8,154145,451465,12107,95849,4.181935232872652,0.1751261615818342
2262,0.2606,14,110,14,154255,451355,12121,95835,4.18091629923302,0.17514026206619274
2263,0.2607,17,162,17,154417,451193,12138,95818,4.1794156878728375,0.17516649573774568
2264,0.2608,3,66,3,154483,451127,12141,95815,4.1788043276890585,0.1751831089951037
2265,0.2609,6,47,6,154530,451080,12147,95809,4.178368965133943,0.17518911515865193
2266,0.261,1,45,1,154575,451035,12148,95808,4.177952128645003,0.1752020232498176
2267,0.2611,20,205,20,154780,450830,12168,95788,4.176053206862055,0.1752375516356944
2268,0.2612,4,55,4,154835,450775,12172,95784,4.175543740042239,0.17524914968008942
2269,0.2613,7,196,7,155031,450579,12179,95777,4.173728185557079,0.17530145180065745
2270,0.2614,3,94,3,155125,450485,12182,95774,4.172857460446849,0.17532708843241027
2271,0.2615,6,73,6,155198,450412,12188,95768,4.172181259031457,0.17534146252151306
2272,0.2616,9,85,9,155283,450327,12197,95759,4.171393901219015,0.1753551638386628
2273,0.2617,11,154,11,155437,450173,12208,95748,4.169967394123532,0.17538801401668008
2274,0.2618,2,33,2,155470,450140,12210,95746,4.169661714031642,0.1753955954173582
2275,0.2619,12,230,12,155700,449910,12222,95734,4.167531216421505,0.1754513932160896
2276,0.262,4,38,4,155738,449872,12226,95730,4.167179221164178,0.1754575679707919
2277,0.2621,1,39,1,155777,449833,12227,95729,4.166817962873764,0.1754685993525942
2278,0.2622,4,38,4,155815,449795,12231,95725,4.166465967616436,0.17547477636017011
2279,0.2623,0,12,0,155827,449783,12231,95725,4.166354811219386,0.17547863642696349
2280,0.2624,4,31,4,155858,449752,12235,95721,4.166067657193672,0.17548256283995725
2281,0.2625,21,150,21,156008,449602,12256,95700,4.164678202230538,0.1754990812430543
2282,0.2626,12,183,12,156191,449419,12268,95688,4.162983067175516,0.17553984813990647
2283,0.2627,9,128,9,156319,449291,12277,95679,4.161797398940309,0.17556746242912455
2284,0.2628,11,86,11,156405,449205,12288,95668,4.161000778094779,0.17557852930866458
2285,0.2629,9,54,9,156459,449151,12297,95659,4.160500574308052,0.17558231309997982
2286,0.263,0,9,0,156468,449142,12297,95659,4.160417207010264,0.17558521368352847
2287,0.2631,7,98,7,156566,449044,12304,95652,4.159509429767684,0.17560620970229265
2288,0.2632,3,30,3,156596,449014,12307,95649,4.159231538775057,0.1756113413248192
2289,0.2633,11,156,11,156752,448858,12318,95638,4.157786505613398,0.17564500014692486
2290,0.2634,0,60,0,156812,448798,12318,95638,4.157230723628145,0.17566435724309193
2291,0.2635,5,65,5,156877,448733,12323,95633,4.1566286264774535,0.17567776091820578
2292,0.2636,7,67,7,156944,448666,12330,95626,4.156008003260587,0.1756887846964497
2293,0.2637,7,61,7,157005,448605,12337,95619,4.155442958242247,0.1756978744046569
2294,0.2638,1,58,1,157063,448547,12338,95618,4.154905702323169,0.17571508641680372
2295,0.2639,6,69,6,157132,448478,12344,95612,4.154266553040127,0.17572828024775314
2296,0.264,7,70,7,157202,448408,12351,95605,4.1536181407239985,0.17574028561817456
2297,0.2641,7,35,7,157237,448373,12358,95598,4.1532939345659345,0.17574098619227863
2298,0.2642,15,98,15,157335,448275,12373,95583,4.152386157323354,0.1757499200158865
2299,0.2643,6,64,6,157399,448211,12379,95577,4.151793323205751,0.17576151000022067
2300,0.2644,3,22,3,157421,448189,12382,95574,4.151589536477824,0.17576407368651417
2301,0.2645,8,113,8,157534,448076,12390,95566,4.150542813738931,0.17578847844721343
2302,0.2646,1,19,1,157553,448057,12391,95565,4.150366816110267,0.17579310623926184
2303,0.2647,0,37,0,157590,448020,12391,95565,4.150024083886028,0.175805071883882
2304,0.2648,2,5,2,157595,448015,12393,95563,4.14997776872059,0.17580365651295674
2305,0.2649,0,15,0,157610,448000,12393,95563,4.149838823224276,0.1758085079374424
2306,0.265,14,96,14,157706,447904,12407,95549,4.148949572047871,0.17581833203607303
2307,0.2651,5,24,5,157730,447880,12412,95544,4.14872725925377,0.17581851372040985
2308,0.2652,20,169,20,157899,447711,12432,95524,4.147161806661973,0.17584286726738887
2309,0.2653,0,7,0,157906,447704,12432,95524,4.147096965430361,0.17584513316692071
2310,0.2654,9,55,9,157961,447649,12441,95515,4.146587498610545,0.17584928308945363
2311,0.2655,0,28,0,157989,447621,12441,95515,4.146328133684094,0.1758583485535851
2312,0.2656,3,32,3,158021,447589,12444,95512,4.146031716625291,0.17586415786382276
2313,0.2657,1,82,1,158103,447507,12445,95511,4.145272147912112,0.17588919704319195
2314,0.2658,1,25,1,158128,447482,12446,95510,4.145040572084923,0.17589577747001797
2315,0.2659,1,17,1,158145,447465,12447,95509,4.144883100522435,0.17589976683966452
2316,0.266,11,89,11,158234,447376,12458,95498,4.144058690577642,0.17591190589344857
2317,0.2661,4,43,4,158277,447333,12462,95494,4.143660380154878,0.17591976817660138
2318,0.2662,4,62,4,158339,447271,12466,95490,4.14308607210345,0.17593379037919085
2319,0.2663,8,80,8,158419,447191,12474,95482,4.142345029456445,0.17594757800738198
2320,0.2664,3,21,3,158440,447170,12477,95479,4.142150505761607,0.17594983129057643
2321,0.2665,5,49,5,158489,447121,12482,95474,4.141696617140316,0.17595812714824133
2322,0.2666,1,52,1,158541,447069,12483,95473,4.141214939419764,0.1759734730214435
2323,0.2667,109,911,109,159452,446158,12592,95364,4.132776316277002,0.17610364860522748
2324,0.2668,3,29,3,159481,446129,12595,95361,4.132507688317463,0.1761085153927127
2325,0.2669,11,135,11,159616,445994,12606,95350,4.1312571788506425,0.17613569190754863
2326,0.267,2,88,2,159704,445906,12608,95348,4.130442031938938,0.17616128472029768
2327,0.2671,3,49,3,159753,445857,12611,95345,4.1299881433176475,0.17617266750677196
2328,0.2672,5,86,5,159839,445771,12616,95340,4.1291915224721185,0.17619305465976481
2329,0.2673,4,89,4,159928,445682,12620,95336,4.128367112527326,0.1762159484527317
2330,0.2674,12,201,12,160129,445481,12632,95324,4.1265052428767275,0.17626316324738123
2331,0.2675,3,44,3,160173,445437,12635,95321,4.126097669420875,0.17627293539808936
2332,0.2676,18,183,18,160356,445254,12653,95303,4.124402534365853,0.1763051815072231
2333,0.2677,3,61,3,160417,445193,12656,95300,4.123837489347512,0.17632050738862484
2334,0.2678,8,78,8,160495,445115,12664,95292,4.1231149727666825,0.17633376325621244
2335,0.2679,6,56,6,160551,445059,12670,95286,4.1225962429137795,0.1763428920411959
2336,0.268,1,27,1,160578,445032,12671,95285,4.122346141020416,0.1763501796167805
2337,0.2681,7,111,7,160689,444921,12678,95278,4.121317944347697,0.1763757430132229
2338,0.2682,5,32,5,160721,444889,12683,95273,4.121021527288895,0.17637856791110815
2339,0.2683,16,148,16,160869,444741,12699,95257,4.119650598391938,0.17640250519446368
2340,0.2684,12,63,12,160932,444678,12711,95245,4.1190670273074215,0.1764047836450753
2341,0.2685,3,8,3,160940,444670,12714,95242,4.118992923042721,0.17640282120049194
2342,0.2686,3,38,3,160978,444632,12717,95239,4.118640927785394,0.17641066106532857
2343,0.2687,1,16,1,160994,444616,12718,95238,4.118492719255993,0.17641436388356851
2344,0.2688,7,108,7,161102,444508,12725,95231,4.117492311682537,0.17643898254526724
2345,0.2689,9,58,9,161160,444450,12734,95222,4.1169550557634595,0.17644421055752382
2346,0.269,13,177,13,161337,444273,12747,95209,4.115315498906962,0.17648225520035887
2347,0.2691,5,37,5,161374,444236,12752,95204,4.1149727666827225,0.1764867269761234
2348,0.2692,9,109,9,161483,444127,12761,95195,4.113963096076179,0.17650865345748923
2349,0.2693,1,46,1,161529,444081,12762,95194,4.113536996554152,0.17652218255991842
2350,0.2694,2,25,2,161554,444056,12764,95192,4.113305420726963,0.17652731210871436
2351,0.2695,7,57,7,161611,443999,12771,95185,4.112777427840972,0.17653528294608148
2352,0.2696,1,8,1,161619,443991,12772,95184,4.112703323576272,0.17653637501738767
2353,0.2697,7,98,7,161717,443893,12779,95177,4.111795546333692,0.176557775428052
2354,0.2698,15,165,15,161882,443728,12794,95162,4.1102671458742455,0.17658891424966133
2355,0.2699,4,81,4,161963,443647,12798,95158,4.1095168401941535,0.17660934846558587
2356,0.27,32,279,32,162242,443368,12830,95126,4.106932453962726,0.17665192184128328
2357,0.2701,5,79,5,162321,443289,12835,95121,4.106200674348809,0.17667019557586225
2358,0.2702,4,25,4,162346,443264,12839,95117,4.10596909852162,0.176672282268505
2359,0.2703,2,26,2,162372,443238,12841,95115,4.105728259661343,0.1766777560448256
2360,0.2704,7,71,7,162443,443167,12848,95108,4.105070584312127,0.17669035344387163
2361,0.2705,2,19,2,162462,443148,12850,95106,4.104894586683463,0.1766935313067808
2362,0.2706,0,18,0,162480,443130,12850,95106,4.104727852087888,0.17669944039417654
2363,0.2707,6,41,6,162521,443089,12856,95100,4.104348067731298,0.17670372304153373
2364,0.2708,5,29,5,162550,443060,12861,95095,4.104079439771759,0.17670559597142088
2365,0.2709,9,109,9,162659,442951,12870,95086,4.103069769165216,0.17672762282147883
2366,0.271,6,62,6,162721,442889,12876,95080,4.102495461113787,0.17673880836999903
2367,0.2711,9,66,9,162787,442823,12885,95071,4.101884100930008,0.17674671961390162
2368,0.2712,3,62,3,162849,442761,12888,95068,4.10130979287858,0.17676250257981627
2369,0.2713,7,172,7,163021,442589,12895,95061,4.09971655118752,0.17680833255835582
2370,0.2714,27,248,27,163269,442341,12922,95034,4.097419318981808,0.17684856943475227
2371,0.2715,11,125,11,163394,442216,12933,95023,4.096261439845863,0.17687286291576002
2372,0.2716,10,133,10,163527,442083,12943,95013,4.095029456445219,0.17690133607399794
2373,0.2717,21,204,21,163731,441879,12964,94992,4.093139797695358,0.1769363590136178
2374,0.2718,2,87,2,163818,441792,12966,94990,4.0923339138167405,0.17696196966366234
2375,0.2719,4,91,4,163909,441701,12970,94986,4.091490977805773,0.17698584090913325
2376,0.272,8,65,8,163974,441636,12978,94978,4.090888880655082,0.17699500944813218
2377,0.2721,3,36,3,164010,441600,12981,94975,4.09055541146393,0.17700228299864884
2378,0.2722,15,77,15,164087,441523,12996,94960,4.089842157916188,0.17700467675583384
2379,0.2723,7,55,7,164142,441468,13003,94953,4.089332691096373,0.17701208565660181
2380,0.2724,9,79,9,164221,441389,13012,94944,4.088600911482456,0.17702434867889913
2381,0.2725,2,19,2,164240,441370,13014,94942,4.0884249138537925,0.17702755112695595
2382,0.2726,11,137,11,164377,441233,13025,94931,4.0871558783207975,0.17705590080646966
2383,0.2727,5,43,5,164420,441190,13030,94926,4.086757567898032,0.1770624267882324
2384,0.2728,17,209,17,164629,440981,13047,94909,4.084821593982734,0.1771053761033048
2385,0.2729,8,133,8,164762,440848,13055,94901,4.083589610582089,0.1771370548521789
2386,0.273,7,71,7,164833,440777,13062,94894,4.082931935232873,0.17714978036892048
2387,0.2731,4,40,4,164873,440737,13066,94890,4.082561413909371,0.17715686475849798
2388,0.2732,11,86,11,164959,440651,13077,94879,4.081764793063841,0.17716841260060126
2389,0.2733,39,373,39,165332,440278,13116,94840,4.0783096817221836,0.17723193762870992
2390,0.2734,8,79,8,165411,440199,13124,94832,4.077577902108266,0.17724580444871418
2391,0.2735,2,48,2,165459,440151,13126,94830,4.077133276520064,0.17725863161495456
2392,0.2736,4,55,4,165514,440096,13130,94826,4.076623809700248,0.17727070488781543
2393,0.2737,14,116,14,165630,439980,13144,94812,4.075549297862092,0.17728761836377507
2394,0.2738,11,66,11,165696,439914,13155,94801,4.074937937678313,0.17729257641921398
2395,0.2739,10,178,10,165874,439736,13165,94791,4.073289117788729,0.1773362243628479
2396,0.274,1,3,1,165877,439733,13166,94790,4.073261328689466,0.17733568059746727
2397,0.2741,17,100,17,165977,439633,13183,94773,4.072335025380711,0.17734269450567547
2398,0.2742,10,56,10,166033,439577,13193,94763,4.071816295527808,0.17734588464273685
2399,0.2743,4,57,4,166090,439520,13197,94759,4.071288302641817,0.1773586459508983
2400,0.2744,3,34,3,166124,439486,13200,94756,4.07097335951684,0.17736531384653398
2401,0.2745,2,33,2,166157,439453,13202,94754,4.070667679424951,0.177373190542243
2402,0.2746,4,29,4,166186,439424,13206,94750,4.070399051465412,0.17737666003961255
2403,0.2747,11,100,11,166286,439324,13217,94739,4.069472748156657,0.17739292929860334
2404,0.2748,3,38,3,166324,439286,13220,94736,4.069120752899329,0.17740093104778454
2405,0.2749,3,45,3,166369,439241,13223,94733,4.0687039164103895,0.17741125972425623
2406,0.275,81,696,81,167065,438545,13304,94652,4.062256845381452,0.1775178780075657
2407,0.2751,3,51,3,167116,438494,13307,94649,4.0617844306939865,0.17753023110122426
2408,0.2752,7,57,7,167173,438437,13314,94642,4.061256437807996,0.17753841363100029
2409,0.2753,6,50,6,167223,438387,13320,94636,4.0607932861536185,0.17754580946788412
2410,0.2754,3,62,3,167285,438325,13323,94633,4.060218978102189,0.17756183414077656
2411,0.2755,1,29,1,167314,438296,13324,94632,4.059950350142651,0.17756995316440494
2412,0.2756,7,103,7,167417,438193,13331,94625,4.058996257734632,0.17759347469492398
2413,0.2757,8,55,8,167472,438138,13339,94617,4.0584867909148175,0.17759945941380184
2414,0.2758,11,80,11,167552,438058,13350,94606,4.057745748267813,0.17760914948260068
2415,0.2759,5,61,5,167613,437997,13355,94601,4.057180703249472,0.1776217710167894
2416,0.276,1,43,1,167656,437954,13356,94600,4.056782392826707,0.17763456851323997
2417,0.2761,1,16,1,167672,437938,13357,94599,4.056634184297306,0.1776383612781835
2418,0.2762,30,140,30,167812,437798,13387,94569,4.055337359665049,0.1776387341814951
2419,0.2763,7,116,7,167928,437682,13394,94562,4.054262847826893,0.17766663410014955
2420,0.2764,2,56,2,167984,437626,13396,94560,4.05374411797399,0.17768223891646906
2421,0.2765,2,54,2,168038,437572,13398,94558,4.053243914187261,0.17769717926070697
2422,0.2766,0,2,0,168040,437570,13398,94558,4.053225388121087,0.17769784713452402
2423,0.2767,29,182,29,168222,437388,13427,94529,4.051539516099152,0.17771381625328764
2424,0.2768,6,69,6,168291,437319,13433,94523,4.05090036681611,0.17772759578972702
2425,0.2769,11,45,11,168336,437274,13444,94512,4.0504835303271705,0.17772562647380713
2426,0.277,8,84,8,168420,437190,13452,94504,4.049705435547816,0.1777413324205276
2427,0.2771,17,140,17,168560,437050,13469,94487,4.048408610915558,0.17776184912809456
2428,0.2772,4,60,4,168620,436990,13473,94483,4.047852828930305,0.17777572896459462
2429,0.2773,6,74,6,168694,436916,13479,94477,4.047167364481826,0.17779120161537695
2430,0.2774,8,94,8,168788,436822,13487,94469,4.046296639371596,0.17781027723036905
2431,0.2775,10,81,10,168869,436741,13497,94459,4.045546333691504,0.1778219126506024
2432,0.2776,2,21,2,168890,436720,13499,94457,4.045351809996665,0.1778258471281701
2433,0.2777,5,13,5,168903,436707,13504,94452,4.045231390566527,0.1778224599413735
2434,0.2778,6,91,6,168994,436616,13510,94446,4.04438845455556,0.17784364160870106
2435,0.2779,8,41,8,169035,436575,13518,94438,4.04400867019897,0.17784498684589642
2436,0.278,9,124,9,169159,436451,13527,94429,4.0428600540961135,0.1778725889089813
2437,0.2781,6,91,6,169250,436360,13533,94423,4.042017118085146,0.1778937908712223
2438,0.2782,0,17,0,169267,436343,13533,94423,4.041859646522657,0.17789948866355418
2439,0.2783,36,224,36,169491,436119,13569,94387,4.039784727111045,0.17791881712930674
2440,0.2784,6,39,6,169530,436080,13575,94381,4.0394234688206305,0.17792259939939034
2441,0.2785,5,68,5,169598,436012,13580,94376,4.038793582570677,0.17793766073138909
2442,0.2786,9,141,9,169739,435871,13589,94367,4.037487494905331,0.17797102433246956
2443,0.2787,7,42,7,169781,435829,13596,94360,4.037098447515654,0.17797426955293302
2444,0.2788,4,23,4,169804,435806,13600,94356,4.036885397754641,0.17797578853256174
2445,0.2789,2,35,2,169839,435771,13602,94354,4.036561191596577,0.1779844376326338
2446,0.279,0,10,0,169849,435761,13602,94354,4.036468561265701,0.17798779510106297
2447,0.2791,11,125,11,169974,435636,13613,94343,4.035310682129756,0.17801271371129798
2448,0.2792,4,61,4,170035,435575,13617,94339,4.034745637111416,0.17802700060764576
2449,0.2793,2,63,2,170098,435512,13619,94337,4.0341620660269,0.17804506566965306
2450,0.2794,4,85,4,170183,435427,13623,94333,4.033374708214458,0.17806742675928722
2451,0.2795,10,149,10,170332,435278,13633,94323,4.031994516284412,0.17810200509440124
2452,0.2796,13,215,13,170547,435063,13646,94310,4.030002964170588,0.1781541559543082
2453,0.2797,9,59,9,170606,435004,13655,94301,4.029456445218423,0.1781600400525217
2454,0.2798,3,53,3,170659,434951,13658,94298,4.028965504464782,0.17817322281194675
2455,0.2799,2,7,2,170666,434944,13660,94296,4.028900663233169,0.1781724737359232
2456,0.28,42,332,42,170998,434612,13702,94254,4.025825336248101,0.178219057379374
2457,0.2801,4,26,4,171024,434586,13706,94250,4.0255844973878245,0.17822160367297235
2458,0.2802,5,128,5,171152,434458,13711,94245,4.024398829152617,0.17825697981664565
2459,0.2803,8,62,8,171214,434396,13719,94237,4.023824521101189,0.17826545070020222
2460,0.2804,9,97,9,171311,434299,13728,94228,4.022926006891697,0.17828417469684615
2461,0.2805,5,54,5,171365,434245,13733,94223,4.0224258031049684,0.17829461764950763
2462,0.2806,5,56,5,171421,434189,13738,94218,4.021907073252065,0.17830573781195178
2463,0.2807,2,23,2,171444,434166,13740,94216,4.021694023491052,0.17831038907457106
2464,0.2808,9,88,9,171532,434078,13749,94207,4.0208788765793475,0.17832609292332738
2465,0.2809,4,60,4,171592,434018,13753,94203,4.020323094594094,0.17834012657580822
2466,0.281,9,133,9,171725,433885,13762,94194,4.0190911111934495,0.1783710391816376
2467,0.2811,2,26,2,171751,433859,13764,94192,4.0188502723331725,0.1783767098253767
2468,0.2812,2,29,2,171780,433830,13766,94190,4.018581644373634,0.17838339456838756
2469,0.2813,4,33,4,171813,433797,13770,94186,4.018275964281744,0.17838831932088722
2470,0.2814,5,85,5,171898,433712,13775,94181,4.0174886064693025,0.17840926096765822
2471,0.2815,10,98,10,171996,433614,13785,94171,4.016580829226722,0.17842682152770542
2472,0.2816,7,99,7,172095,433515,13792,94164,4.015663788951054,0.17844939821368672
2473,0.2817,15,149,15,172244,433366,13807,94149,4.0142835970210085,0.17847644142820585
2474,0.2818,1,12,1,172256,433354,13808,94148,4.014172440623958,0.17847894415566196
2475,0.2819,3,76,3,172332,433278,13811,94145,4.013468450109304,0.17849998957193752
2476,0.282,7,106,7,172438,433172,13818,94138,4.012486568602023,0.17852496633858642
2477,0.2821,8,68,8,172506,433104,13826,94130,4.011856682352069,0.17853552691973582
2478,0.2822,4,54,4,172560,433050,13830,94126,4.011356478565341,0.17854758183225336
2479,0.2823,7,66,7,172626,432984,13837,94119,4.010745118381563,0.17855902925993591
2480,0.2824,8,60,8,172686,432924,13845,94111,4.0101893363963095,0.1785668883470737
2481,0.2825,5,93,5,172779,432831,13850,94106,4.009327874319167,0.1785906095036029
2482,0.2826,7,69,7,172848,432762,13857,94099,4.008688725036126,0.17860308506418202
2483,0.2827,11,113,11,172961,432649,13868,94088,4.007642002297232,0.1786242470151138
2484,0.2828,2,34,2,172995,432615,13870,94086,4.007327059172256,0.17863265875705572
2485,0.2829,6,53,6,173048,432562,13876,94080,4.006836118418615,0.17864127813581143
2486,0.283,5,34,5,173082,432528,13881,94075,4.0065211752936385,0.1786450134161788
2487,0.2831,4,32,4,173114,432496,13885,94071,4.006224758234836,0.1786496305313474
2488,0.2832,4,39,4,173153,432457,13889,94067,4.005863499944422,0.17865662343976724
2489,0.2833,77,580,77,173733,431877,13966,93990,4.00049094075364,0.17873340597527512
2490,0.2834,6,19,6,173752,431858,13972,93984,4.000314943124977,0.1787304931899696
2491,0.2835,4,58,4,173810,431800,13976,93980,3.9997776872058988,0.178743961352657
2492,0.2836,2,32,2,173842,431768,13978,93978,3.999481270147097,0.17875171660840025
2493,0.2837,2,44,2,173886,431724,13980,93976,3.999073696691245,0.1787635533574282
2494,0.2838,5,42,5,173928,431682,13985,93971,3.998684649301567,0.17877002509259912
2495,0.2839,10,35,10,173963,431647,13995,93961,3.9983604431435027,0.17876630492686565
2496,0.284,2,8,2,173971,431639,13997,93959,3.9982863388788026,0.1787659009356961
2497,0.2841,6,43,6,174014,431596,14003,93953,3.9978880284560376,0.17877115169089847
2498,0.2842,9,176,9,174190,431420,14012,93944,3.996257734632628,0.17881697261327384
2499,0.2843,8,76,8,174266,431344,14020,93936,3.995553744117974,0.17883033810539142
2500,0.2844,2,69,2,174335,431275,14022,93934,3.994914594834933,0.17885070514785542
2501,0.2845,8,66,8,174401,431209,14030,93926,3.994303234651154,0.17886067392194388
2502,0.2846,6,14,6,174415,431195,14036,93920,3.9941735521879282,0.1788560601011207
2503,0.2847,9,40,9,174455,431155,14045,93911,3.9938030308644263,0.17885561053277113
2504,0.2848,0,14,0,174469,431141,14045,93911,3.9936733484012006,0.1788603795433595
2505,0.2849,2,30,2,174499,431111,14047,93909,3.9933954574085737,0.1788674717153632
2506,0.285,21,184,21,174683,430927,14068,93888,3.991691059320464,0.17889732572430284
2507,0.2851,11,116,11,174799,430811,14079,93877,3.9906165474823077,0.1789196627329003
2508,0.2852,5,56,5,174855,430755,14084,93872,3.9900978176294046,0.17893093569335927
2509,0.2853,18,123,18,174978,430632,14102,93854,3.9889584645596354,0.1789447192108083
2510,0.2854,8,102,8,175080,430530,14110,93846,3.988013635184705,0.17896700077806765
2511,0.2855,7,73,7,175153,430457,14117,93839,3.9873374337693135,0.1789809573218182
2512,0.2856,4,61,4,175214,430396,14121,93835,3.9867723887509725,0.17899551915090867
2513,0.2857,13,97,13,175311,430299,14134,93822,3.98587387454148,0.1790082824385972
2514,0.2858,11,110,11,175421,430189,14145,93811,3.9848549409018488,0.17902862595419847
2515,0.2859,2,55,2,175476,430134,14147,93809,3.9843454740820334,0.17904428535165084
2516,0.286,18,145,18,175621,429989,14165,93791,3.983002334284338,0.17906563824506472
2517,0.2861,13,145,13,175766,429844,14178,93778,3.981659194486643,0.1790948432266024
2518,0.2862,18,194,18,175960,429650,14196,93760,3.979862166067657,0.17913299325576507
2519,0.2863,7,92,7,176052,429558,14203,93753,3.979009967023602,0.1791535052769768
2520,0.2864,2,57,2,176109,429501,14205,93751,3.9784819741376114,0.1791698837271525
2521,0.2865,6,56,6,176165,429445,14211,93745,3.9779632442847084,0.17917964792905064
2522,0.2867,30,250,30,176415,429195,14241,93715,3.97564748601282,0.179218221108795
2523,0.2868,5,35,5,176450,429160,14246,93710,3.9753232798547558,0.17922236884885345
2524,0.2869,15,148,15,176598,429012,14261,93695,3.9739523509577976,0.1792495604612144
2525,0.287,0,7,0,176605,429005,14261,93695,3.9738875097261848,0.1792519609718768
2526,0.2871,4,64,4,176669,428941,14265,93691,3.973294675608581,0.17926762999586707
2527,0.2872,5,72,5,176741,428869,14270,93686,3.9726277372262775,0.1792844772320617
2528,0.2873,1,42,1,176783,428827,14271,93685,3.9722386898366002,0.17929731757356768
2529,0.2874,3,40,3,176823,428787,14274,93682,3.971868168513098,0.1793063320503226
2530,0.2875,25,217,25,177040,428570,14299,93657,3.9698580903330987,0.17934155070496163
2531,0.2876,7,75,7,177115,428495,14306,93650,3.969163362851532,0.179356309071235
2532,0.2877,11,72,11,177187,428423,14317,93639,3.9684964244692282,0.17936375373039984
2533,0.2878,5,33,5,177220,428390,14322,93634,3.9681907443773388,0.17936723215790845
2534,0.2879,8,88,8,177308,428302,14330,93626,3.967375597465634,0.17938489600098098
2535,0.288,2,7,2,177315,428295,14332,93624,3.967310756234021,0.17938415731176677
2536,0.2881,18,91,18,177406,428204,14350,93606,3.9664678202230537,0.17938713324773384
2537,0.2882,29,222,29,177628,427982,14379,93577,3.964411426877617,0.1794178606830675
2538,0.2883,10,96,10,177724,427886,14389,93567,3.9635221757012116,0.1794351552297139
2539,0.2884,5,61,5,177785,427825,14394,93562,3.9629571306828706,0.1794482793011717
2540,0.2885,9,99,9,177884,427726,14403,93553,3.962040090407203,0.17946819265690733
2541,0.2886,3,181,3,178065,427545,14406,93550,3.9603634814183555,0.17952580623494757
2542,0.2887,5,20,5,178085,427525,14411,93545,3.9601782207566045,0.17952482392001073
2543,0.2888,6,77,6,178162,427448,14417,93539,3.959464967208863,0.1795419079554768
2544,0.2889,5,52,5,178214,427396,14422,93534,3.95898328948831,0.17955195515712283
2545,0.289,6,34,6,178248,427362,14428,93528,3.9586683463633334,0.17955422450037437
2546,0.2891,18,175,18,178423,427187,14446,93510,3.957047315573011,0.1795862084859333
2547,0.2892,11,114,11,178537,427073,14457,93499,3.95599132980103,0.17960820021053764
2548,0.2893,4,28,4,178565,427045,14461,93495,3.9557319648745786,0.17961155722903138
2549,0.2894,8,132,8,178697,426913,14469,93487,3.9545092445070216,0.1796445042275173
2550,0.2895,5,36,5,178733,426877,14474,93482,3.9541757753158695,0.17964904998280035
2551,0.2896,5,110,5,178843,426767,14479,93477,3.9531568416762384,0.17967915055243308
2552,0.2897,2,9,2,178852,426758,14481,93475,3.9530734743784506,0.17967910532396061
2553,0.2898,11,163,11,179015,426595,14492,93464,3.951563599985179,0.17971807044969898
2554,0.2899,8,82,8,179097,426513,14500,93456,3.950804031272,0.17973379182220478
2555,0.29,33,242,33,179339,426271,14533,93423,3.9485623772648117,0.17976540040870204
2556,0.2901,1,11,1,179350,426260,14534,93422,3.9484604839008486,0.17976762712581926
2557,0.2902,11,113,11,179463,426147,14545,93411,3.947413761161955,0.17978935941704294
2558,0.2903,16,75,16,179538,426072,14561,93395,3.946719033680388,0.17979005403615628
2559,0.2904,8,89,8,179627,425983,14569,93387,3.945894623735596,0.17980822920076248
2560,0.2905,6,27,6,179654,425956,14575,93381,3.945644521842232,0.17980810148323728
2561,0.2906,10,88,10,179742,425868,14585,93371,3.9448293749305274,0.17982277910557565
2562,0.2907,5,41,5,179783,425827,14590,93366,3.9444495905739374,0.17982908090055144
2563,0.2908,9,45,9,179828,425782,14599,93357,3.9440327540849975,0.17983045003361334
2564,0.2909,2,48,2,179876,425734,14601,93355,3.943588128496795,0.17984391886555098
2565,0.291,8,65,8,179941,425669,14609,93347,3.942986031346104,0.17985380026819983
2566,0.2911,4,55,4,179996,425614,14613,93343,3.9424765645262885,0.17986654000235086
2567,0.2912,5,33,5,180029,425581,14618,93338,3.942170884434399,0.17987007606196728
2568,0.2913,5,58,5,180087,425523,14623,93333,3.941633628515321,0.17988227947638652
2569,0.2914,3,51,3,180138,425472,14626,93330,3.941161213827856,0.1798952201417882
2570,0.2915,6,27,6,180165,425445,14632,93324,3.9409111119344917,0.179895097818104
2571,0.2916,7,45,7,180210,425400,14639,93317,3.940494275445552,0.17989963698895545
2572,0.2917,39,309,39,180519,425091,14678,93278,3.9376319982214976,0.17994517419058625
2573,0.2918,7,86,7,180605,425005,14685,93271,3.936835377375968,0.17996395742808852
2574,0.2919,7,81,7,180686,424924,14692,93264,3.936085071695876,0.17998101075285416
2575,0.292,8,53,8,180739,424871,14700,93256,3.9355941309422358,0.17998676000285643
2576,0.2921,8,47,8,180786,424824,14708,93248,3.9351587683871205,0.17999042604116802
2577,0.2922,6,36,6,180822,424788,14714,93242,3.934825299195969,0.17999343667355172
2578,0.2923,9,81,9,180903,424707,14723,93233,3.934074993515877,0.18000733675715333
2579,0.2924,5,77,5,180980,424630,14728,93228,3.9333617399681353,0.18002618478424587
2580,0.2925,5,44,5,181024,424586,14733,93223,3.9329541665122827,0.1800335644996514
2581,0.2926,2,41,2,181065,424545,14735,93221,3.932574382155693,0.1800446533762356
2582,0.2927,8,112,8,181177,424433,14743,93213,3.931536922449887,0.18007093650873376
2583,0.2928,5,60,5,181237,424373,14748,93208,3.9309811404646338,0.18008389025099453
2584,0.2929,15,92,15,181329,424281,14763,93193,3.9301289414205787,0.18009213989495124
2585,0.293,6,30,6,181359,424251,14769,93187,3.9298510504279522,0.1800930739528214
2586,0.2931,4,104,4,181463,424147,14773,93183,3.9288876949868463,0.18012293893646222
2587,0.2932,2,36,2,181499,424111,14775,93181,3.9285542257956947,0.1801323043851442
2588,0.2933,26,191,26,181690,423920,14801,93155,3.9267849864759716,0.18015761736691968
2589,0.2934,10,70,10,181760,423850,14811,93145,3.926136574159843,0.1801661524772967
2590,0.2935,8,107,8,181867,423743,14819,93137,3.9251454296194748,0.18019075994428108
2591,0.2936,12,84,12,181951,423659,14831,93125,3.9243673348401202,0.18020101241524505
2592,0.2937,1,27,1,181978,423632,14832,93124,3.924117232946756,0.18020884131001866
2593,0.2938,5,59,5,182037,423573,14837,93119,3.9235707139945903,0.18022148591423903
2594,0.2939,9,67,9,182104,423506,14846,93110,3.922950090777724,0.18023057745017576
2595,0.294,11,73,11,182177,423433,14857,93099,3.922273889362333,0.18023859121990507
2596,0.2941,5,52,5,182229,423381,14862,93094,3.92179221164178,0.18024880197492618
2597,0.2942,9,84,9,182313,423297,14871,93085,3.9210141168624255,0.18026383568753365
2598,0.2943,7,25,7,182338,423272,14878,93078,3.9207825410352366,0.18026145056647622
2599,0.2944,8,62,8,182400,423210,14886,93070,3.9202082329838084,0.18027039590919655
2600,0.2945,3,87,3,182487,423123,14889,93067,3.919402349105191,0.1802960150332242
2601,0.2946,4,38,4,182525,423085,14893,93063,3.919050353847864,0.18030293636708852
2602,0.2947,17,201,17,182726,422884,14910,93046,3.9171884841972657,0.18034617099218886
2603,0.2948,6,60,6,182786,422824,14916,93040,3.9166327022120124,0.18035761363460137
2604,0.2949,7,166,7,182952,422658,14923,93033,3.9150950387194783,0.18040454458192987
2605,0.295,31,265,31,183217,422393,14954,93002,3.9126403349512766,0.1804480058983886
2606,0.2951,0,6,0,183223,422387,14954,93002,3.912584756752751,0.18045010661849592
2607,0.2952,10,51,10,183274,422336,14964,92992,3.912112342065286,0.1804520615996026
2608,0.2953,0,14,0,183288,422322,14964,92992,3.91198265960206,0.18045696410343984
2609,0.2954,4,32,4,183320,422290,14968,92988,3.9116862425432584,0.1804618089652576
2610,0.2955,8,78,8,183398,422212,14976,92980,3.910963725962429,0.18047640491311978
2611,0.2956,13,51,13,183449,422161,14989,92967,3.910491311274964,0.1804735910298023
2612,0.2957,3,37,3,183486,422124,14992,92964,3.910148579050724,0.18048178175379742
2613,0.2958,7,95,7,183581,422029,14999,92957,3.9092685909074065,0.18050393602932896
2614,0.2959,4,36,4,183617,421993,15003,92953,3.908935121716255,0.18051018941791955
2615,0.296,0,47,0,183664,421946,15003,92953,3.9084997591611397,0.1805266663947687
2616,0.2961,3,51,3,183715,421895,15006,92950,3.9080273444736746,0.18053977410677
2617,0.2962,10,61,10,183776,421834,15016,92940,3.9074622994553336,0.18054524898304888
2618,0.2963,6,90,6,183866,421744,15022,92934,3.906628626477454,0.18056726730110864
2619,0.2964,3,62,3,183928,421682,15025,92931,3.9060543184260252,0.18058424485972954
2620,0.2965,3,55,3,183983,421627,15028,92928,3.90554485160621,0.18059876981080739
2621,0.2966,14,120,14,184103,421507,15042,92914,3.9044332876357033,0.18061859838536917
2622,0.2967,29,192,29,184295,421315,15071,92885,3.902654785282893,0.18063982886036561
2623,0.2968,0,12,0,184307,421303,15071,92885,3.902543628885842,0.18064404459069444
2624,0.2969,9,67,9,184374,421236,15080,92876,3.9019230056689764,0.18065324287314827
2625,0.297,5,25,5,184399,421211,15085,92871,3.9016914298417875,0.18065405908006893
2626,0.2971,3,16,3,184415,421195,15088,92868,3.9015432213123864,0.18065490027486902
2627,0.2972,11,181,11,184596,421014,15099,92857,3.8998666123235393,0.18070099305078513
2628,0.2973,6,26,6,184622,420988,15105,92851,3.8996257734632627,0.18070056963367903
2629,0.2974,3,26,3,184648,420962,15108,92848,3.8993849346029865,0.1807049298378778
2630,0.2975,6,53,6,184701,420909,15114,92842,3.898893993849346,0.18071400347639227
2631,0.2976,16,165,16,184866,420744,15130,92826,3.8973655933898996,0.1807465389333489
2632,0.2977,6,110,6,184976,420634,15136,92820,3.8963466597502685,0.18077568779286945
2633,0.2978,4,43,4,185019,420591,15140,92816,3.895948349327504,0.1807844458684825
2634,0.2979,10,70,10,185089,420521,15150,92806,3.8952999370113752,0.18079313965561913
2635,0.298,5,77,5,185166,420444,15155,92801,3.894586683463633,0.1808122826330505
2636,0.2981,15,153,15,185319,420291,15170,92786,3.8931694394012375,0.18084225174778834
2637,0.2982,6,27,6,185346,420264,15176,92780,3.8929193375078737,0.1808421889740451
2638,0.2983,17,149,17,185495,420115,15193,92763,3.891539145577828,0.1808675747448711
2639,0.2984,1,23,1,185518,420092,15194,92762,3.8913260958168143,0.1808740889219934
2640,0.2985,2,43,2,185561,420049,15196,92760,3.8909277853940494,0.18088606089206702
2641,0.2986,6,84,6,185645,419965,15202,92754,3.890149690614695,0.18090611036454665
2642,0.2987,12,104,12,185749,419861,15214,92742,3.8891863351735894,0.18092363876138065
2643,0.2988,4,68,4,185817,419793,15218,92738,3.8885564489236355,0.18094125038290368
2644,0.2989,5,22,5,185839,419771,15223,92733,3.888352662195709,0.18094102680174204
2645,0.299,9,108,9,185947,419663,15232,92724,3.8873522546222534,0.18096477857556886
2646,0.2991,7,25,7,185972,419638,15239,92717,3.8871206787950645,0.1809624186355164
2647,0.2992,11,57,11,186029,419581,15250,92706,3.8865926859090743,0.18096496690331787
2648,0.2993,1,102,1,186131,419479,15251,92705,3.8856478565341437,0.18099940646330226
2649,0.2994,8,94,8,186225,419385,15259,92697,3.8847771314239132,0.18101983666678384
2650,0.2995,15,142,15,186367,419243,15274,92682,3.8834617807254808,0.18104605166772478
2651,0.2996,7,41,7,186408,419202,15281,92675,3.883081996368891,0.18104935365331906
2652,0.2997,12,150,12,186558,419052,15293,92663,3.8816925414057577,0.18108322015184233
2653,0.2998,12,29,12,186587,419023,15305,92651,3.881423913446219,0.18107427776279428
2654,0.2999,8,89,8,186676,418934,15313,92643,3.8805995035014265,0.18109297329629753
2655,0.3,293,2177,293,188853,416757,15606,92350,3.860433880469821,0.18139605230334685
2656,0.3001,5,73,5,188926,416684,15611,92345,3.8597576790544297,0.18141402552703284
2657,0.3002,7,62,7,188988,416622,15618,92338,3.859183371003001,0.18142486639421565
2658,0.3003,3,36,3,189024,416586,15621,92335,3.8588499018118494,0.18143287465048602
2659,0.3004,8,37,8,189061,416549,15629,92327,3.8585071695876096,0.18143319787138715
2660,0.3005,5,32,5,189093,416517,15634,92322,3.858210752528808,0.1814365644142843
2661,0.3006,5,100,5,189193,416417,15639,92317,3.8572844492200526,0.18146418364017344
2662,0.3007,3,22,3,189215,416395,15642,92314,3.8570806624921263,0.18146720423660678
2663,0.3008,4,53,4,189268,416342,15646,92310,3.856589721738486,0.1814796756918286
2664,0.3009,14,115,14,189383,416227,15660,92296,3.8555244729334173,0.18149818198980183
2665,0.301,3,57,3,189440,416170,15663,92293,3.8549964800474266,0.18151369912855017
2666,0.3011,10,61,10,189501,416109,15673,92283,3.854431435029086,0.18151937874710852
2667,0.3012,19,89,19,189590,416020,15692,92264,3.8536070250842935,0.1815205672419356
2668,0.3013,2,27,2,189617,415993,15694,92262,3.8533569231909297,0.1815269894049247
2669,0.3014,5,65,5,189682,415928,15699,92257,3.8527548260402384,0.18154215492389583
2670,0.3015,7,102,7,189784,415826,15706,92250,3.851809996665308,0.181567324573489
2671,0.3016,4,44,4,189828,415782,15710,92246,3.8514024232094557,0.18157660601384176
2672,0.3017,20,149,20,189977,415633,15730,92226,3.8500222312794103,0.18159764816612484
2673,0.3018,11,76,11,190053,415557,15741,92215,3.849318240764756,0.18160709924926935
2674,0.3019,7,84,7,190137,415473,15748,92208,3.8485401459854014,0.18162586348514126
2675,0.302,3,30,3,190167,415443,15751,92205,3.848262254992775,0.18163176059001512
2676,0.3021,16,139,16,190306,415304,15767,92189,3.8469746933936046,0.18165570756640978
2677,0.3022,6,30,6,190336,415274,15773,92183,3.846696802400978,0.18165677091852117
2678,0.3023,20,85,20,190421,415189,15793,92163,3.845909444588536,0.1816549456787398
2679,0.3024,8,82,8,190503,415107,15801,92155,3.845149875875357,0.18167140452074076
2680,0.3025,5,25,5,190528,415082,15806,92150,3.844918300048168,0.18167229196896095
2681,0.3026,1,22,1,190550,415060,15807,92149,3.8447145133202416,0.18167855854292805
2682,0.3027,7,79,7,190629,414981,15814,92142,3.8439827337063246,0.18169556498127673
2683,0.3028,10,89,10,190718,414892,15824,92132,3.8431583237615325,0.18171131938527565
2684,0.3029,9,52,9,190770,414840,15833,92123,3.84267664604098,0.18171543090915906
2685,0.303,12,137,12,190907,414703,15845,92111,3.841407610507985,0.1817451767315031
2686,0.3031,4,37,4,190944,414666,15849,92107,3.841064878283745,0.18175198757629155
2687,0.3032,0,41,0,190985,414625,15849,92107,3.8406850939271555,0.1817666932421872
2688,0.3033,39,208,39,191193,414417,15888,92068,3.838758383044944,0.18177833499511337
2689,0.3034,9,58,9,191251,414359,15897,92059,3.838221127125866,0.18178461271123855
2690,0.3035,3,12,3,191263,414347,15900,92056,3.8381099707288153,0.18178407315912426
2691,0.3036,18,103,18,191366,414244,15918,92038,3.8371558783207975,0.18179196574241233
2692,0.3037,8,68,8,191434,414176,15926,92030,3.8365259920708437,0.1818034555102073
2693,0.3038,3,49,3,191483,414127,15929,92027,3.8360721034495535,0.18181620613489174
2694,0.3039,6,96,6,191579,414031,15935,92021,3.835182852273148,0.18184099657742683
2695,0.304,3,59,3,191638,413972,15938,92018,3.8346363333209825,0.1818573489594656
2696,0.3041,0,4,0,191642,413968,15938,92018,3.8345992811886322,0.18185878660674407
2697,0.3042,18,141,18,191783,413827,15956,92000,3.8332931935232875,0.18188036621216344
2698,0.3043,5,68,5,191851,413759,15961,91995,3.8326633072733336,0.18189673240350052
2699,0.3044,9,66,9,191917,413693,15970,91986,3.832051947089555,0.18190591264418732
2700,0.3045,12,105,12,192022,413588,15982,91974,3.831079328615362,0.18192427437188713
2701,0.3046,7,98,7,192120,413490,15989,91967,3.8301715513727816,0.18194821715793827
2702,0.3047,8,99,8,192219,413391,15997,91959,3.8292545110971137,0.18197091124962897
2703,0.3048,18,112,18,192331,413279,16015,91941,3.8282170513913076,0.18198210680495625
2704,0.3049,6,48,6,192379,413231,16021,91935,3.827772425803105,0.18198968259938317
2705,0.305,24,163,24,192542,413068,16045,91911,3.8262625514098336,0.18200954891193497
2706,0.3051,11,123,11,192665,412945,16056,91900,3.8251231983400644,0.18203607047707712
2707,0.3052,3,26,3,192691,412919,16059,91897,3.8248823594797883,0.1820405850844664
2708,0.3053,10,92,10,192783,412827,16069,91887,3.824030160435733,0.18205756131195092
2709,0.3054,6,43,6,192826,412784,16075,91881,3.8236318500129682,0.18206334895425677
2710,0.3055,1,29,1,192855,412755,16076,91880,3.823363222053429,0.18207219079136405
2711,0.3056,6,27,6,192882,412728,16082,91874,3.823113120160065,0.1820722074030622
2712,0.3057,9,63,9,192945,412665,16091,91865,3.8225295490755493,0.18208035201078232
2713,0.3058,6,73,6,193018,412592,16097,91859,3.821853347660158,0.18209697274859205
2714,0.3059,4,44,4,193062,412548,16101,91855,3.8214457742043053,0.18210637129438167
2715,0.306,7,64,7,193126,412484,16108,91848,3.820852940086702,0.18211812853437814
2716,0.3061,6,73,6,193199,412411,16114,91842,3.8201767386713104,0.1821347617168366
2717,0.3062,7,55,7,193254,412356,16121,91835,3.819667271851495,0.18214327506837685
2718,0.3063,7,55,7,193309,412301,16128,91828,3.8191578050316797,0.18215179051393593
2719,0.3064,6,55,6,193364,412246,16134,91822,3.818648338211864,0.18216193053318203
2720,0.3065,5,19,5,193383,412227,16139,91817,3.8184723405832006,0.18216068438469657
2721,0.3066,3,58,3,193441,412169,16142,91814,3.8179350846641222,0.1821767797723336
2722,0.3067,26,245,26,193686,411924,16168,91788,3.8156656415576715,0.18222317514770345
2723,0.3068,3,16,3,193702,411908,16171,91785,3.815517433028271,0.18222409285020835
2724,0.3069,6,56,6,193758,411852,16177,91779,3.814998703175368,0.18223461224587048
2725,0.307,6,41,6,193799,411811,16183,91773,3.8146189188187782,0.18223970578890514
2726,0.3071,10,156,10,193955,411655,16193,91763,3.8131738856571196,0.18227993436865586
2727,0.3072,10,101,10,194056,411554,16203,91753,3.8122383193152767,0.18230026604040875
2728,0.3073,6,37,6,194093,411517,16209,91747,3.811895587091037,0.1823039200101736
2729,0.3074,4,113,4,194206,411404,16213,91743,3.8108488643521437,0.18233836234738557
2730,0.3075,5,67,5,194273,411337,16218,91738,3.8102282411352775,0.1823545197038215
2731,0.3076,5,24,5,194297,411313,16223,91733,3.8100059283411762,0.18235509277481582
2732,0.3077,11,121,11,194418,411192,16234,91722,3.808885101337582,0.18238108304799627
2733,0.3078,5,60,5,194478,411132,16239,91717,3.8083293193523287,0.18239471491441764
2734,0.3079,9,79,9,194557,411053,16248,91708,3.807597539738412,0.1824087389435537
2735,0.308,12,55,12,194612,410998,16260,91696,3.8070880729185963,0.1824091793417069
2736,0.3081,14,118,14,194730,410880,16274,91682,3.805995035014265,0.18242923261209562
2737,0.3082,13,183,13,194913,410697,16287,91669,3.8042998999592426,0.18247453052157192
2738,0.3083,56,375,56,195288,410322,16343,91613,3.8008262625514098,0.18251964895853048
2739,0.3084,2,15,2,195303,410307,16345,91611,3.8006873170550963,0.18252184619798453
2740,0.3085,9,48,9,195351,410259,16354,91602,3.800242691466894,0.18252464327772033
2741,0.3086,3,69,3,195420,410190,16357,91599,3.7996035421838528,0.1825448545105612
2742,0.3087,3,57,3,195477,410133,16360,91596,3.799075549297862,0.18256070508182703
2743,0.3088,3,24,3,195501,410109,16363,91593,3.798853236503761,0.18256455027087792
2744,0.3089,4,27,4,195528,410082,16367,91589,3.798603134610397,0.182567858217836
2745,0.309,9,111,9,195639,409971,16376,91580,3.797574937937678,0.18259359466933572
2746,0.3091,5,57,5,195696,409914,16381,91575,3.797046945051688,0.18260619874015183
2747,0.3092,6,70,6,195766,409844,16387,91569,3.7963985327355587,0.18262191048098075
2748,0.3093,15,115,15,195881,409729,16402,91554,3.79533328393049,0.18263934743448312
2749,0.3094,2,21,2,195902,409708,16404,91552,3.7951387602356514,0.1826437377807924
2750,0.3095,15,117,15,196019,409591,16419,91537,3.794054985364408,0.1826619147203908
2751,0.3096,12,79,12,196098,409512,16431,91525,3.793323205750491,0.18267114005552484
2752,0.3097,4,51,4,196149,409461,16435,91521,3.792850791063026,0.18268321017521588
2753,0.3098,3,64,3,196213,409397,16438,91518,3.7922579569454222,0.1827016559695757
2754,0.3099,1,12,1,196225,409385,16439,91517,3.7921468005483714,0.18270440126012674
2755,0.31,36,242,36,196467,409143,16475,91481,3.7899051465411833,0.182733948032855
2756,0.3101,7,59,7,196526,409084,16482,91474,3.7893586275890176,0.18274405763168305
2757,0.3102,5,25,5,196551,409059,16487,91469,3.7891270517618287,0.18274502125755201
2758,0.3103,4,81,4,196632,408978,16491,91465,3.788376746081737,0.1827680674922019
2759,0.3104,2,44,2,196676,408934,16493,91463,3.7879691726258846,0.1827808719876418
2760,0.3105,1,19,1,196695,408915,16494,91462,3.787793174997221,0.18278617922086746
2761,0.3106,4,27,4,196722,408888,16498,91458,3.787543073103857,0.18278950965931576
2762,0.3107,8,65,8,196787,408823,16506,91450,3.7869409759531663,0.18280019109566176
2763,0.3108,7,47,7,196834,408776,16513,91443,3.786505613398051,0.18280593100222103
2764,0.3109,8,68,8,196902,408708,16521,91435,3.785875727148097,0.18281771413375775
2765,0.311,5,51,5,196953,408657,16526,91430,3.785403312460632,0.18282818789530622
2766,0.3111,13,104,13,197057,408553,16539,91417,3.7844399570195266,0.1828449706982419
2767,0.3112,9,66,9,197123,408487,16548,91408,3.7838285968357477,0.18285439942387902
2768,0.3113,8,34,8,197157,408453,16556,91400,3.783513653710771,0.18285375900514753
2769,0.3114,6,26,6,197183,408427,16562,91394,3.783272814850495,0.18285346153923104
2770,0.3115,1,25,1,197208,408402,16563,91393,3.783041239023306,0.18286097299892956
2771,0.3116,18,186,18,197394,408216,16581,91375,3.781318314869021,0.1828996118825199
2772,0.3117,19,146,19,197540,408070,16600,91356,3.7799659120382376,0.18292199444962817
2773,0.3118,4,80,4,197620,407990,16604,91352,3.7792248693912334,0.18294475529797213
2774,0.3119,12,71,12,197691,407919,16616,91340,3.778567194042017,0.1829511335799655
2775,0.312,8,82,8,197773,407837,16624,91332,3.7778076253288377,0.182968092970517
2776,0.3121,4,34,4,197807,407803,16628,91328,3.777492682203861,0.1829740088273419
2777,0.3122,4,26,4,197833,407777,16632,91324,3.7772518433435844,0.1829769926327537
2778,0.3123,1,26,1,197859,407751,16633,91323,3.777011004483308,0.18298488801259932
2779,0.3124,18,101,18,197960,407650,16651,91305,3.776075438141465,0.18299245422933932
2780,0.3125,14,96,14,198056,407554,16665,91291,3.77518618696506,0.1830047409515982
2781,0.3126,4,73,4,198129,407481,16669,91287,3.774509985549668,0.18302497353478972
2782,0.3127,1,42,1,198171,407439,16670,91286,3.774120938159991,0.18303874880946414
2783,0.3128,1,32,1,198203,407407,16671,91285,3.773824521101189,0.18304885580679056
2784,0.3129,4,36,4,198239,407371,16675,91281,3.7734910519100375,0.18305551767565356
2785,0.313,13,89,13,198328,407282,16688,91268,3.772666641965245,0.18306689399257847
2786,0.3131,9,56,9,198384,407226,16697,91259,3.772147912112342,0.18307271031224612
2787,0.3132,14,101,14,198485,407125,16711,91245,3.771212345770499,0.18308686317394707
2788,0.3133,26,181,26,198666,406944,16737,91219,3.769535736781652,0.18311074889142712
2789,0.3134,0,26,0,198692,406918,16737,91219,3.7692948979213754,0.18312030626112896
2790,0.3135,2,27,2,198719,406891,16739,91217,3.7690447960280116,0.18312695238783558
2791,0.3136,3,62,3,198781,406829,16742,91214,3.768470487976583,0.18314482886015865
2792,0.3137,5,29,5,198810,406800,16747,91209,3.768201860017044,0.1831472925188099
2793,0.3138,6,49,6,198859,406751,16753,91203,3.767747971395754,0.18315547219221054
2794,0.3139,21,170,21,199029,406581,16774,91182,3.7661732557708696,0.18318356326203433
2795,0.314,3,83,3,199112,406498,16777,91179,3.7654044240246027,0.183209189896258
2796,0.3141,18,71,18,199183,406427,16795,91161,3.7647467486753863,0.18320578470541893
2797,0.3142,11,105,11,199288,406322,16806,91150,3.763774130201193,0.18322639264119386
2798,0.3143,19,129,19,199417,406193,16825,91131,3.7625791989328987,0.18324271501073747
2799,0.3144,5,48,5,199465,406145,16830,91126,3.762134573344696,0.18325219045550614
2800,0.3145,6,17,6,199482,406128,16836,91120,3.7619771017822075,0.18324860029602935
2801,0.3146,1,18,1,199500,406110,16837,91119,3.7618103671866314,0.1832535914035585
2802,0.3147,13,187,13,199687,405923,16850,91106,3.760078179999259,0.18330117558532802
2803,0.3148,11,73,11,199760,405850,16861,91095,3.7594019785838677,0.18331002424815623
2804,0.3149,10,38,10,199798,405812,16871,91085,3.7590499833265403,0.18330760700909846
2805,0.315,29,158,29,199956,405654,16900,91056,3.7575864240987067,0.1833182339795857
2806,0.3151,1,8,1,199964,405646,16901,91055,3.7575123198340066,0.1833195423403617
2807,0.3152,0,4,0,199968,405642,16901,91055,3.7574752677016563,0.1833210186491966
2808,0.3153,9,36,9,200004,405606,16910,91046,3.7571417985105042,0.18331950742169567
2809,0.3154,11,122,11,200126,405484,16921,91035,3.7560117084738227,0.18334645804088062
2810,0.3155,2,27,2,200153,405457,16923,91033,3.755761606580459,0.18335313903603295
2811,0.3156,5,41,5,200194,405416,16928,91028,3.755381822223869,0.18336005672341693
2812,0.3157,9,69,9,200263,405347,16937,91019,3.7547426729408278,0.18337073852761873
2813,0.3158,7,59,7,200322,405288,16944,91012,3.754196153988662,0.18338101954463026
2814,0.3159,3,27,3,200349,405261,16947,91009,3.7539460520952983,0.18338606000765711
2815,0.316,5,123,5,200472,405138,16952,91004,3.752806699025529,0.18342329413756545
2816,0.3161,4,49,4,200521,405089,16956,91000,3.752352810404239,0.18343482721850313
2817,0.3162,12,65,12,200586,405024,16968,90988,3.7517507132535477,0.18343911034410457
2818,0.3163,8,60,8,200646,404964,16976,90980,3.7511949312682944,0.18344813124062395
2819,0.3164,3,48,3,200694,404916,16979,90977,3.750750305680092,0.18346094822875095
2820,0.3165,2,28,2,200722,404888,16981,90975,3.7504909407536404,0.183468014350738
2821,0.3166,6,52,6,200774,404836,16987,90969,3.7500092630330877,0.18347737517774124
2822,0.3167,88,693,88,201467,404143,17075,90881,3.7435899811034123,0.1835890785093248
2823,0.3168,3,33,3,201500,404110,17078,90878,3.7432843010115233,0.1835963700130104
2824,0.3169,4,52,4,201552,404058,17082,90874,3.7428026232909706,0.183609061446825
2825,0.317,4,70,4,201622,403988,17086,90870,3.742154210974842,0.1836284348237272
2826,0.3171,7,88,7,201710,403900,17093,90863,3.741339064063137,0.18364954533786884
2827,0.3172,1,19,1,201729,403881,17094,90862,3.7411630664344733,0.18365494812458186
2828,0.3173,6,51,6,201780,403830,17100,90856,3.740690651747008,0.18366398078781287
2829,0.3174,3,32,3,201812,403798,17103,90853,3.7403942346882064,0.18367091141026703
2830,0.3175,7,63,7,201875,403735,17110,90846,3.7398106636036905,0.18368275368443188
2831,0.3176,4,42,4,201917,403693,17114,90842,3.7394216162140133,0.18369175083664452
2832,0.3177,8,75,8,201992,403618,17122,90834,3.7387268887324465,0.18370640628412868
2833,0.3178,8,89,8,202081,403529,17130,90826,3.737902478787654,0.18372626958359883
2834,0.3179,6,101,6,202182,403428,17136,90820,3.736966912445811,0.1837539049222253
2835,0.318,5,30,5,202212,403398,17141,90815,3.7366890214531847,0.1837568012172889
2836,0.3181,17,91,17,202303,403307,17158,90798,3.7358460854422173,0.18376256058934842
2837,0.3182,7,81,7,202384,403226,17165,90791,3.7350957797621254,0.18378112494104454
2838,0.3183,18,203,18,202587,403023,17183,90773,3.733215384045352,0.18382692447893462
2839,0.3184,1,3,1,202590,403020,17184,90772,3.7331875949460893,0.18382638843885685
2840,0.3185,7,41,7,202631,402979,17191,90765,3.7328078105894993,0.18383008198580642
2841,0.3186,3,39,3,202670,402940,17194,90762,3.7324465522990846,0.1838396441578118
2842,0.3187,4,43,4,202713,402897,17198,90758,3.73204824187632,0.18384904437309457
2843,0.3188,6,49,6,202762,402848,17204,90752,3.73159435325503,0.1838573743922204
2844,0.3189,5,50,5,202812,402798,17209,90747,3.731131201600652,0.1838677324256147
2845,0.319,12,91,12,202903,402707,17221,90735,3.7302882655896847,0.18388179360492216
2846,0.3191,4,38,4,202941,402669,17225,90731,3.7299362703323578,0.1838893392784759
2847,0.3192,7,89,7,203030,402580,17232,90724,3.7291118603875653,0.18391093524479835
2848,0.3193,3,47,3,203077,402533,17235,90721,3.7286764978324505,0.18392349580540654
2849,0.3194,7,41,7,203118,402492,17242,90714,3.7282967134758604,0.18392720283208233
2850,0.3195,16,93,16,203211,402399,17258,90698,3.727435251398718,0.1839354123022448
2851,0.3196,3,24,3,203235,402375,17261,90695,3.727212938604617,0.18393940008518062
2852,0.3197,12,46,12,203281,402329,17273,90683,3.7267868390825893,0.18393669930955028
2853,0.3198,3,36,3,203317,402293,17276,90680,3.7264533698914373,0.18394516535388347
2854,0.3199,8,33,8,203350,402260,17284,90672,3.726147689799548,0.18394423571608254
2855,0.32,26,270,26,203620,401990,17310,90646,3.723646670865908,0.1840019811788014
2856,0.3201,7,27,7,203647,401963,17317,90639,3.7233965689725443,0.18400047096844918
2857,0.3202,2,36,2,203683,401927,17319,90637,3.7230630997813923,0.18401060572839265
2858,0.3203,10,51,10,203734,401876,17329,90627,3.722590685093927,0.1840130923060367
2859,0.3204,3,44,3,203778,401832,17332,90624,3.7221831116380746,0.18402456260051658
2860,0.3205,7,91,7,203869,401741,17339,90617,3.721340175627107,0.1840469739498495
2861,0.3206,0,43,0,203912,401698,17339,90617,3.7209418652043427,0.18406304906411544
2862,0.3207,2,46,2,203958,401652,17341,90615,3.720515765682315,0.1840769338590643
2863,0.3208,11,138,11,204096,401514,17352,90604,3.7192374671162325,0.18411031500575065
2864,0.3209,12,160,12,204256,401354,17364,90592,3.717755381822224,0.18415029291832843
2865,0.321,9,59,9,204315,401295,17373,90583,3.7172088628700584,0.1841574536775379
2866,0.3211,0,44,0,204359,401251,17373,90583,3.7168012894142057,0.18417392860192666
2867,0.3212,7,87,7,204446,401164,17380,90576,3.7159954055355886,0.18419489974376704
2868,0.3213,8,68,8,204514,401096,17388,90568,3.7153655192856347,0.18420710078427543
2869,0.3214,7,100,7,204614,400996,17395,90561,3.7144392159768795,0.18423295772412965
2870,0.3215,8,76,8,204690,400920,17403,90553,3.7137352254622256,0.18424816826153217
2871,0.3216,1,24,1,204714,400896,17404,90552,3.713512912668124,0.18425550617766273
2872,0.3217,15,108,15,204822,400788,17419,90537,3.712512505094668,0.18427110364829796
2873,0.3218,10,66,10,204888,400722,17429,90527,3.7119011449108896,0.18427925553029115
2874,0.3219,3,74,3,204962,400648,17432,90524,3.7112156804624106,0.18430203676105317
2875,0.322,10,78,10,205040,400570,17442,90514,3.7104931638815812,0.1843146997255052
2876,0.3221,6,72,6,205112,400498,17448,90508,3.7098262254992775,0.18433175969336424
2877,0.3222,6,38,6,205150,400460,17454,90502,3.7094742302419506,0.18433605859516622
2878,0.3223,3,37,3,205187,400423,17457,90499,3.709131498017711,0.18434496722493593
2879,0.3224,10,58,10,205245,400365,17467,90489,3.708594242098633,0.1843501326259947
2880,0.3225,6,70,6,205315,400295,17473,90483,3.707945829782504,0.18436645489406617
2881,0.3226,7,70,7,205385,400225,17480,90476,3.7072974174663753,0.18438112007108198
2882,0.3227,4,42,4,205427,400183,17484,90472,3.706908370076698,0.18439025384435093
2883,0.3228,16,157,16,205584,400026,17500,90456,3.7054540738819517,0.18442266994507445
2884,0.3229,9,79,9,205663,399947,17509,90447,3.704722294268035,0.18443741155071228
2885,0.323,0,46,0,205709,399901,17509,90447,3.7042961947460076,0.18445471379510062
2886,0.3231,8,52,8,205761,399849,17517,90439,3.703814517025455,0.1844609698789283
2887,0.3232,19,203,19,205964,399646,17536,90420,3.7019341213086814,0.18450576044859263
2888,0.3233,38,257,38,206221,399389,17574,90382,3.69955352180518,0.18453930510381383
2889,0.3234,4,35,4,206256,399354,17578,90378,3.6992293156471154,0.1845458332312367
2890,0.3235,2,15,2,206271,399339,17580,90376,3.699090370150802,0.18454815555986645
2891,0.3236,3,37,3,206308,399302,17583,90373,3.6987476379265627,0.18455710420176646
2892,0.3237,10,24,10,206332,399278,17593,90363,3.6985253251324615,0.1845494964678203
2893,0.3238,7,91,7,206423,399187,17600,90356,3.697682389121494,0.18457214177304138
2894,0.3239,4,13,4,206436,399174,17604,90352,3.6975619696913555,0.18457038032709192
2895,0.324,6,27,6,206463,399147,17610,90346,3.6973118677979917,0.18457056587121776
2896,0.3241,6,56,6,206519,399091,17616,90340,3.6967931379450887,0.18458168771491792
2897,0.3242,13,99,13,206618,398992,17629,90327,3.6958760976694207,0.1845973689965033
2898,0.3243,1,31,1,206649,398961,17630,90326,3.6955889436437066,0.18460739811194657
2899,0.3244,9,54,9,206703,398907,17639,90317,3.695088739856979,0.18461277451637695
2900,0.3245,7,66,7,206769,398841,17646,90310,3.6944773796732,0.18462601527953537
2901,0.3246,11,112,11,206881,398729,17657,90299,3.693439919967394,0.18464995869357173
2902,0.3247,3,91,3,206972,398638,17660,90296,3.6925969839564265,0.1846793227715806
2903,0.3248,5,51,5,207023,398587,17665,90291,3.6921245692689615,0.18469024991920274
2904,0.3249,6,68,6,207091,398519,17671,90285,3.6914946830190076,0.18470593530331175
2905,0.325,71,522,71,207613,397997,17742,90214,3.6866593797473044,0.1847848573669991
2906,0.3251,15,167,15,207780,397830,17757,90199,3.685112453221683,0.18482303305746176
2907,0.3252,4,18,4,207798,397812,17761,90195,3.684945718626107,0.18482316852012368
2908,0.3253,2,55,2,207853,397757,17763,90193,3.6844362518062916,0.18484065990367865
2909,0.3254,14,120,14,207973,397637,17777,90179,3.683324687835785,0.18486273512963905
2910,0.3255,10,126,10,208099,397511,17787,90169,3.6821575456667532,0.18489378280839894
2911,0.3256,4,53,4,208152,397458,17791,90165,3.681666604913113,0.18490719264677835
2912,0.3257,8,120,8,208272,397338,17799,90157,3.680555040942606,0.18493933271110474
2913,0.3258,1,30,1,208302,397308,17800,90156,3.68027714994998,0.18494904239082272
2914,0.3259,6,87,6,208389,397221,17806,90150,3.679471266071362,0.18497202336618304
2915,0.326,7,56,7,208445,397165,17813,90143,3.678952536218459,0.18498157222947295
2916,0.3261,4,102,4,208547,397063,17817,90139,3.6780077068435286,0.18501360831852087
2917,0.3262,13,117,13,208664,396946,17830,90126,3.676923931972285,0.18503629853491887
2918,0.3263,1,17,1,208681,396929,17831,90125,3.6767664604097967,0.18504108374020128
2919,0.3264,8,73,8,208754,396856,17839,90117,3.6760902589944053,0.18505543428485768
2920,0.3265,13,122,13,208876,396734,17852,90104,3.6749601689577234,0.18508004716147877
2921,0.3266,6,46,6,208922,396688,17858,90098,3.674534069435696,0.18508749224505225
2922,0.3267,27,201,27,209123,396487,17885,90071,3.6726721997850977,0.18511873199084178
2923,0.3268,10,97,10,209220,396390,17895,90061,3.6717736855756047,0.185138893742638
2924,0.3269,10,59,10,209279,396331,17905,90051,3.671227166623439,0.1851445982787192
2925,0.327,11,91,11,209370,396240,17916,90040,3.6703842306124717,0.18516081270050178
2926,0.3271,9,80,9,209450,396160,17925,90031,3.6696431879654674,0.18517619618627248
2927,0.3272,10,127,10,209577,396033,17935,90021,3.668466782763348,0.18520781641546
2928,0.3273,3,24,3,209601,396009,17938,90018,3.6682444699692467,0.1852119326704072
2929,0.3274,7,57,7,209658,395952,17945,90011,3.667716477083256,0.18522192018733938
2930,0.3275,2,25,2,209683,395927,17947,90009,3.667484901256067,0.18522809588093905
2931,0.3276,9,106,9,209789,395821,17956,90000,3.6665030197487867,0.18525341638175377
2932,0.3277,6,67,6,209856,395754,17962,89994,3.6658823965319205,0.1852689048642506
2933,0.3278,22,181,22,210037,395573,17984,89972,3.664205787543073,0.1853010534553955
2934,0.3279,8,76,8,210113,395497,17992,89964,3.663501797028419,0.18531663717579785
2935,0.328,5,85,5,210198,395412,17997,89959,3.6627144392159767,0.1853406981463664
2936,0.3281,16,89,16,210287,395323,18013,89943,3.6618900292711847,0.1853478298500204
2937,0.3282,7,109,7,210396,395214,18020,89936,3.6608803586646412,0.1853777182314748
2938,0.3283,31,196,31,210592,395018,18051,89905,3.6590648041794807,0.18540056875009023
2939,0.3284,4,8,4,210600,395010,18055,89901,3.65899069991478,0.18539690788618943
2940,0.3285,16,107,16,210707,394903,18071,89885,3.657999555374412,0.18541094251507875
2941,0.3286,9,98,9,210805,394805,18080,89876,3.6570917781318313,0.18543330561750926
2942,0.3287,3,76,3,210881,394729,18083,89873,3.6563877876171773,0.18545734437744787
2943,0.3288,5,64,5,210945,394665,18088,89868,3.6557949534995737,0.18547343524589657
2944,0.3289,3,51,3,210996,394614,18091,89865,3.6553225388121087,0.18548791588489905
2945,0.329,9,27,9,211023,394587,18100,89856,3.655072436918745,0.18548312185334498
2946,0.3291,3,41,3,211064,394546,18103,89853,3.654692652562155,0.18549377682447735
2947,0.3292,12,79,12,211143,394467,18115,89841,3.6539608729482382,0.18550385292004262
2948,0.3293,15,97,15,211240,394370,18130,89826,3.6530623587387456,0.18551578286479029
2949,0.3294,8,34,8,211274,394336,18138,89818,3.6527474156137685,0.18551535255311327
2950,0.3295,7,79,7,211353,394257,18145,89811,3.652015635999852,0.18553385061602914
2951,0.3296,2,74,2,211427,394183,18147,89809,3.651330171551373,0.18555885221243326
2952,0.3297,13,117,13,211544,394066,18160,89796,3.650246396680129,0.18558183945009113
2953,0.3298,1,18,1,211562,394048,18161,89795,3.650079662084553,0.1855870602654167
2954,0.3299,1,5,1,211567,394043,18162,89794,3.6500333469191153,0.18558729489476827
2955,0.33,37,199,37,211766,393844,18199,89757,3.648190003334692,0.18560135318165183
2956,0.3301,11,68,11,211834,393776,18210,89746,3.6475601170847383,0.18560892782541435
2957,0.3302,4,79,4,211913,393697,18214,89742,3.6468283374708212,0.185632520338657
2958,0.3303,9,43,9,211956,393654,18223,89733,3.6464300270480567,0.18563387099777198
2959,0.3304,3,41,3,211997,393613,18226,89730,3.6460502426914667,0.18564456297080956
2960,0.3305,9,80,9,212077,393533,18235,89721,3.6453092000444625,0.18566012904187032
2961,0.3306,9,75,9,212152,393458,18244,89712,3.644614472562896,0.1856737794151127
2962,0.3307,9,109,9,212261,393349,18253,89703,3.6436048019563527,0.1857005042935336
2963,0.3308,4,29,4,212290,393320,18257,89699,3.6433361739968135,0.18570491015881363
2964,0.3309,10,146,10,212436,393174,18267,89689,3.641983771166031,0.185744196594065
2965,0.331,10,112,10,212548,393062,18277,89679,3.6409463114602247,0.18577042347759978
2966,0.3311,0,21,0,212569,393041,18277,89679,3.640751787765386,0.18577850513755387
2967,0.3312,3,6,3,212575,393035,18280,89676,3.6406962095668605,0.18577575402259322
2968,0.3313,6,59,6,212634,392976,18286,89670,3.640149690614695,0.18578834176601483
2969,0.3314,7,48,7,212682,392928,18293,89663,3.6397050650264924,0.1857950106819232
2970,0.3315,1,20,1,212702,392908,18294,89662,3.639519804364741,0.1858010236856829
2971,0.3316,3,19,3,212721,392889,18297,89659,3.6393438067360777,0.18580327760139925
2972,0.3317,38,263,38,212984,392626,18335,89621,3.636907629034051,0.18584045105516467
2973,0.3318,6,40,6,213024,392586,18341,89615,3.6365371077105486,0.18584573652895783
2974,0.3319,26,209,26,213233,392377,18367,89589,3.63460113379525,0.18588240664279224
2975,0.332,11,92,11,213325,392285,18378,89578,3.633748934751195,0.18589931163006912
2976,0.3321,20,138,20,213463,392147,18398,89558,3.6324706361851122,0.18591876771052823
2977,0.3322,11,135,11,213598,392012,18409,89547,3.6312201267182926,0.1859522924501463
2978,0.3323,15,122,15,213720,391890,18424,89532,3.630090036681611,0.18597405187133118
2979,0.3324,2,49,2,213769,391841,18426,89530,3.629636148060321,0.1859896005368001
2980,0.3325,0,20,0,213789,391821,18426,89530,3.6294508873985696,0.18599732835290672
2981,0.3326,3,27,3,213816,391794,18429,89527,3.6292007855052058,0.18600268843453746
2982,0.3327,9,43,9,213859,391751,18438,89518,3.628802475082441,0.18600408503352595
2983,0.3328,1,25,1,213884,391726,18439,89517,3.6285708992552523,0.18601205627926018
2984,0.3329,7,66,7,213950,391660,18446,89510,3.6279595390714734,0.18602572895234532
2985,0.333,7,129,7,214079,391531,18453,89503,3.626764607803179,0.18606377096005688
2986,0.3331,6,63,6,214142,391468,18459,89497,3.626181036718663,0.18607798904286174
2987,0.3332,6,35,6,214177,391433,18465,89491,3.6258568305605987,0.18608137668321814
2988,0.3333,110,761,110,214938,390672,18575,89381,3.61880766238097,0.18618985820315673
2989,0.3334,6,35,6,214973,390637,18581,89375,3.6184834562229056,0.18619326183512078
2990,0.3335,1,7,1,214980,390630,18582,89374,3.6184186149912927,0.18619428171431904
2991,0.3336,5,41,5,215021,390589,18587,89369,3.618038830634703,0.18620170931623184
2992,0.3337,4,31,4,215052,390558,18591,89365,3.617751676608989,0.18620695403220933
2993,0.3338,10,66,10,215118,390492,18601,89355,3.61714031642521,0.18621560622448405
2994,0.3339,0,15,0,215133,390477,18601,89355,3.617001370928897,0.18622142749962486
2995,0.334,11,75,11,215208,390402,18612,89344,3.6163066434473303,0.18623188103704877
2996,0.3341,12,88,12,215296,390314,18624,89332,3.6154914965356255,0.18624568952936124
2997,0.3342,10,88,10,215384,390226,18634,89322,3.6146763496239207,0.18626289756187075
2998,0.3343,6,15,6,215399,390211,18640,89316,3.6145374041276077,0.18625854227186373
2999,0.3344,6,51,6,215450,390160,18646,89310,3.614064989440142,0.18626817110559576
3000,0.3345,15,92,15,215542,390068,18661,89295,3.613212790396087,0.18627845703569113
3001,0.3346,9,71,9,215613,389997,18670,89286,3.612555115046871,0.18629077184043666
3002,0.3347,3,38,3,215651,389959,18673,89283,3.6122031197895437,0.1863004494597719
3003,0.3348,1,51,1,215702,389908,18674,89282,3.6117307051020786,0.1863185792691834
3004,0.3349,11,126,11,215828,389782,18685,89271,3.610563562933047,0.18634890085230654
3005,0.335,19,152,19,215980,389630,18704,89252,3.6091555819037384,0.18637576689038218
3006,0.3351,8,58,8,216038,389572,18712,89244,3.6086183259846605,0.18638474904765087
3007,0.3352,6,42,6,216080,389530,18718,89238,3.608229278594983,0.18639090331851751
3008,0.3353,9,27,9,216107,389503,18727,89229,3.6079791767016194,0.18638612000033422
3009,0.3354,23,134,23,216241,389369,18750,89206,3.606737930267887,0.18639920597607482
3010,0.3355,1,73,1,216314,389296,18751,89205,3.6060617288524957,0.18642594268350537
3011,0.3356,3,50,3,216364,389246,18754,89202,3.605598577198118,0.1864403237133398
3012,0.3357,16,111,16,216475,389135,18770,89186,3.604570380525399,0.18645637553024016
3013,0.3358,3,43,3,216518,389092,18773,89183,3.6041720701026345,0.18646803617165855
3014,0.3359,8,62,8,216580,389030,18781,89175,3.603597762051206,0.18647860227308372
3015,0.336,4,47,4,216627,388983,18785,89171,3.603162399496091,0.18649012661192838
3016,0.3361,8,93,8,216720,388890,18793,89163,3.6023009374189483,0.1865127925146375
3017,0.3362,8,72,8,216792,388818,18801,89155,3.6016339990366446,0.18652727246099676
3018,0.3363,7,46,7,216838,388772,18808,89148,3.601207899514617,0.18653331101439571
3019,0.3364,4,20,4,216858,388752,18812,89144,3.601022638852866,0.18653430871988885
3020,0.3365,6,41,6,216899,388711,18818,89138,3.600642854496276,0.186540099487495
3021,0.3366,8,58,8,216957,388653,18826,89130,3.600105598577198,0.1865491237653914
3022,0.3367,40,185,40,217142,388468,18866,89090,3.5983919374560007,0.18655325635838998
3023,0.3368,8,91,8,217233,388377,18874,89082,3.5975490014450333,0.18657518237168008
3024,0.3369,8,73,8,217306,388304,18882,89074,3.5968728000296415,0.18659008165437033
3025,0.337,3,36,3,217342,388268,18885,89071,3.59653933083849,0.18659904177115216
3026,0.3371,14,126,14,217468,388142,18899,89057,3.595372188669458,0.18662444808140838
3027,0.3372,7,130,7,217598,388012,18906,89050,3.594167994368076,0.1866633687026005
3028,0.3373,11,105,11,217703,387907,18917,89039,3.593195375893883,0.1866857044613017
3029,0.3374,7,60,7,217763,387847,18924,89032,3.5926395939086295,0.18669725443980548
3030,0.3375,19,135,19,217898,387712,18943,89013,3.5913890844418095,0.1867177093712308
3031,0.3376,4,29,4,217927,387683,18947,89009,3.5911204564822707,0.18672224413247968
3032,0.3377,3,34,3,217961,387649,18950,89006,3.5908055133572936,0.18673044445143763
3033,0.3378,6,41,6,218002,387608,18956,89000,3.590425729000704,0.1867362696387807
3034,0.3379,13,107,13,218109,387501,18969,88987,3.5894345844603355,0.18675601484192678
3035,0.338,6,33,6,218142,387468,18975,88981,3.5891289043684464,0.18675870869704836
3036,0.3381,12,90,12,218232,387378,18987,88969,3.5882952313905667,0.18677350754806896
3037,0.3382,8,58,8,218290,387320,18995,88961,3.5877579754714883,0.1867825926291412
3038,0.3383,11,97,11,218387,387223,19006,88950,3.5868594612619957,0.18680185562810156
3039,0.3384,5,24,5,218411,387199,19011,88945,3.5866371484678945,0.186802731946638
3040,0.3385,5,26,5,218437,387173,19016,88940,3.586396309607618,0.18680439307475327
3041,0.3386,7,59,7,218496,387114,19023,88933,3.5858497906554523,0.18681558753652475
3042,0.3387,2,36,2,218532,387078,19025,88931,3.5855163214643,0.1868262995027405
3043,0.3388,11,71,11,218603,387007,19036,88920,3.5848586461150838,0.1868353760135483
3044,0.3389,18,191,18,218794,386816,19054,88902,3.583089406795361,0.18687962196090963
3045,0.339,3,15,3,218809,386801,19057,88899,3.5829504612990477,0.18688038679840235
3046,0.3391,9,39,9,218848,386762,19066,88890,3.582589203008633,0.1868803242706853
3047,0.3392,4,20,4,218868,386742,19070,88886,3.582403942346882,0.1868813442438208
3048,0.3393,14,71,14,218939,386671,19084,88872,3.5817462669976656,0.186885307953224
3049,0.3394,10,139,10,219078,386532,19094,88862,3.5804587053984958,0.18692284715415003
3050,0.3395,9,38,9,219116,386494,19103,88853,3.5801067101411688,0.18692239563939606
3051,0.3396,12,74,12,219190,386420,19115,88841,3.5794212456926897,0.18693097056143887
3052,0.3397,13,138,13,219328,386282,19128,88828,3.578142947126607,0.18696301909031593
3053,0.3398,11,81,11,219409,386201,19139,88817,3.577392641446515,0.18697607248567422
3054,0.3399,15,108,15,219517,386093,19154,88802,3.5763922338730594,0.18699291422314407
3055,0.34,53,388,53,219905,385705,19207,88749,3.5727981770350885,0.1870550148170318
3056,0.3401,5,26,5,219931,385679,19212,88744,3.572557338174812,0.1870566983472555
3057,0.3402,11,108,11,220039,385571,19223,88733,3.571556930601356,0.18708043786263662
3058,0.3403,9,137,9,220176,385434,19232,88724,3.570287895068361,0.1871190615786299
3059,0.3404,18,179,18,220355,385255,19250,88706,3.568629812145689,0.18715885906224353
3060,0.3405,17,125,17,220480,385130,19267,88689,3.567471933009745,0.18717907048894197
3061,0.3406,7,42,7,220522,385088,19274,88682,3.5670828856200676,0.18718365451590435
3062,0.3407,1,20,1,220542,385068,19275,88681,3.566897624958316,0.18718984103396524
3063,0.3408,4,43,4,220585,385025,19279,88677,3.5664993145355517,0.18719996960114166
3064,0.3409,7,77,7,220662,384948,19286,88670,3.56578606098781,0.1872183911929023
3065,0.341,10,57,10,220719,384891,19296,88660,3.5652580681018193,0.1872237625936805
3066,0.3411,8,39,8,220758,384852,19304,88652,3.5648968098114047,0.1872254511049537
3067,0.3412,10,96,10,220854,384756,19314,88642,3.5640075586349993,0.18724624945606022
3068,0.3413,4,27,4,220881,384729,19318,88638,3.5637574567416355,0.18725006179137962
3069,0.3414,12,68,12,220949,384661,19330,88626,3.5631275704916816,0.187256358192809
3070,0.3415,6,38,6,220987,384623,19336,88620,3.5627755752343546,0.18726108996857851
3071,0.3416,9,68,9,221055,384555,19345,88611,3.562145688984401,0.18727254282852107
3072,0.3417,61,474,61,221529,384081,19406,88550,3.5577550113009004,0.18735546335301748
3073,0.3418,17,147,17,221676,383934,19423,88533,3.55639334543703,0.18738451574395673
3074,0.3419,16,132,16,221808,383802,19439,88517,3.5551706250694726,0.18740935681181575
3075,0.342,7,53,7,221861,383749,19446,88510,3.5546796843158326,0.18741834459480922
3076,0.3421,1,30,1,221891,383719,19447,88509,3.5544017933232057,0.18742853028621767
3077,0.3422,7,45,7,221936,383674,19454,88502,3.553984956834266,0.18743434651485888
3078,0.3423,4,3,4,221939,383671,19458,88498,3.5539571677350033,0.18742865372356085
3079,0.3424,10,18,10,221957,383653,19468,88488,3.553790433139427,0.18741858893847388
3080,0.3425,5,67,5,222024,383586,19473,88483,3.553169809922561,0.1874365823640188
3081,0.3426,11,74,11,222098,383512,19484,88472,3.552484345474082,0.18744703210278316
3082,0.3427,4,35,4,222133,383477,19488,88468,3.5521601393160176,0.18745404655203465
3083,0.3428,9,79,9,222212,383398,19497,88459,3.551428359702101,0.18746993262789363
3084,0.3429,18,150,18,222362,383248,19515,88441,3.5500389047389675,0.18749854247184056
3085,0.343,10,61,10,222423,383187,19525,88431,3.549473859720627,0.18750556594532014
3086,0.3431,4,33,4,222456,383154,19529,88427,3.5491681796287375,0.187511795428569
3087,0.3432,2,31,2,222487,383123,19531,88425,3.5488810256030234,0.18752067658011484
3088,0.3433,21,137,21,222624,382986,19552,88404,3.5476119900700285,0.1875389804620378
3089,0.3434,11,61,11,222685,382925,19563,88393,3.547046945051688,0.18754429069121062
3090,0.3435,12,104,12,222789,382821,19575,88381,3.546083589610582,0.18756499335741358
3091,0.3436,8,85,8,222874,382736,19583,88373,3.54529623179814,0.18758503870654136
3092,0.3437,6,50,6,222924,382686,19589,88367,3.5448330801437624,0.18759460188131696
3093,0.3438,4,57,4,222981,382629,19593,88363,3.5443050872577717,0.18761040527227638
3094,0.3439,5,77,5,223058,382552,19598,88358,3.54359183371003,0.1876324563079994
3095,0.344,11,71,11,223129,382481,19609,88347,3.5429341583608136,0.18764177151741188
3096,0.3441,11,208,11,223337,382273,19620,88336,3.541007447478602,0.18770571748521597
3097,0.3442,8,39,8,223376,382234,19628,88328,3.540646189188188,0.18770746469115654
3098,0.3443,7,76,7,223452,382158,19635,88321,3.5399421986735335,0.18772570082830478
3099,0.3444,19,155,19,223607,382003,19654,88302,3.5385064285449626,0.18775475489310128
3100,0.3445,15,154,15,223761,381849,19669,88287,3.5370799214494792,0.18779034151819898
3101,0.3446,20,62,20,223823,381787,19689,88267,3.536505613398051,0.18778055287264867
3102,0.3447,23,173,23,223996,381614,19712,88244,3.534903108673904,0.18780993406518565
3103,0.3448,14,104,14,224100,381510,19726,88230,3.5339397532327985,0.18782730872397496
3104,0.3449,5,45,5,224145,381465,19731,88225,3.5335229167438587,0.18783665822138007
3105,0.345,35,198,35,224343,381267,19766,88190,3.5316888361925227,0.18785533073316618
3106,0.3451,3,29,3,224372,381238,19769,88187,3.531420208232984,0.18786174575278267
3107,0.3452,18,152,18,224524,381086,19787,88169,3.5300122272036756,0.1878914449499739
3108,0.3453,11,121,11,224645,380965,19798,88158,3.5288914002000813,0.18792086510360823
3109,0.3454,4,54,4,224699,380911,19802,88154,3.5283911964133536,0.18793557396096489
3110,0.3455,5,16,5,224715,380895,19807,88149,3.5282429878839525,0.18793332821654257
3111,0.3456,12,121,12,224836,380774,19819,88137,3.5271221608803587,0.1879610416475621
3112,0.3457,10,72,10,224908,380702,19829,88127,3.5264552224980545,0.1879725870200009
3113,0.3458,20,160,20,225068,380542,19849,88107,3.524973137204046,0.18800210818757748
3114,0.3459,2,46,2,225114,380496,19851,88105,3.5245470376820185,0.18801709770145603
3115,0.346,9,91,9,225205,380405,19860,88096,3.523704101671051,0.1880380191290947
3116,0.3461,13,68,13,225273,380337,19873,88083,3.5230742154210977,0.1880427821186115
3117,0.3462,3,51,3,225324,380286,19876,88080,3.522601800733632,0.1880580571604258
3118,0.3463,3,39,3,225363,380247,19879,88077,3.5222405424432175,0.18806851666794783
3119,0.3464,18,138,18,225501,380109,19897,88059,3.5209622438771353,0.18809273594094428
3120,0.3465,0,30,0,225531,380079,19897,88059,3.5206843528845084,0.18810478961331914
3121,0.3466,9,70,9,225601,380009,19906,88050,3.5200359405683797,0.18811730999724394
3122,0.3467,27,180,27,225781,379829,19933,88023,3.5183685946126197,0.18814283149372024
3123,0.3468,10,106,10,225887,379723,19943,88013,3.5173867131053393,0.18816811192638583
3124,0.3469,17,122,17,226009,379601,19960,87996,3.5162566230686574,0.18818769153779857
3125,0.347,15,128,15,226137,379473,19975,87981,3.5150709548334507,0.18821317177732996
3126,0.3471,13,80,13,226217,379393,19988,87968,3.5143299121864464,0.18822280849279252
3127,0.3472,8,71,8,226288,379322,19996,87960,3.51367223683723,0.18823750968366
3128,0.3473,2,38,2,226326,379284,19998,87958,3.513320241579903,0.18824934402301163
3129,0.3474,11,83,11,226409,379201,20009,87947,3.512551409833636,0.18826367660784163
3130,0.3475,18,142,18,226551,379059,20027,87929,3.511236059135203,0.18828963485143088
3131,0.3476,9,56,9,226607,379003,20036,87920,3.5107173292823,0.18829657138329017
3132,0.3477,3,23,3,226630,378980,20039,87917,3.5105042795212866,0.18830063161682342
3133,0.3478,3,40,3,226670,378940,20042,87914,3.5101337581977843,0.18831154922095558
3134,0.3479,12,131,12,226801,378809,20054,87902,3.5089203008633145,0.1883435359355147
3135,0.348,17,114,17,226915,378695,20071,87885,3.5078643150913336,0.18835998113935445
3136,0.3481,11,56,11,226971,378639,20082,87874,3.5073455852384305,0.18836345396591306
3137,0.3482,8,61,8,227032,378578,20090,87866,3.5067805402200896,0.18837416710258895
3138,0.3483,34,209,34,227241,378369,20124,87832,3.504844566304791,0.18839942428265918
3139,0.3484,7,129,7,227370,378240,20131,87825,3.5036496350364965,0.18843938077306813
3140,0.3485,2,24,2,227394,378216,20133,87823,3.503427322242395,0.18844560219209122
3141,0.3486,10,51,10,227445,378165,20143,87813,3.5029549075549298,0.18844881088806767
3142,0.3487,7,58,7,227503,378107,20150,87806,3.502417651635852,0.18846007731057085
3143,0.3488,7,76,7,227579,378031,20157,87799,3.5017136611211974,0.18847862954296632
3144,0.3489,10,92,10,227671,377939,20167,87789,3.5008614620771423,0.1884984368558472
3145,0.349,14,160,14,227831,377779,20181,87775,3.499379376783134,0.18853881612014933
3146,0.3491,13,115,13,227946,377664,20194,87762,3.498314127978065,0.1885627360740483
3147,0.3492,15,124,15,228070,377540,20209,87747,3.4971655118752083,0.18858682920434056
3148,0.3493,9,94,9,228164,377446,20218,87738,3.4962947867649783,0.18860923849487515
3149,0.3494,4,48,4,228212,377398,20222,87734,3.495850161176776,0.188621724585709
3150,0.3495,10,52,10,228264,377346,20232,87724,3.495368483456223,0.1886253682241383
3151,0.3496,24,119,24,228383,377227,20256,87700,3.494266182518804,0.1886317636962362
3152,0.3497,19,134,19,228517,377093,20275,87681,3.493024936085072,0.18865297972778167
3153,0.3498,13,60,13,228577,377033,20288,87668,3.4924691540998185,0.18865464029558793
3154,0.3499,2,75,2,228652,376958,20290,87666,3.4917744266182518,0.18868160060608147
3155,0.35,174,1114,174,229766,375844,20464,87492,3.4814554077587165,0.1888305678816237
3156,0.3501,13,68,13,229834,375776,20477,87479,3.4808255215087627,0.18883552255237396
3157,0.3502,4,55,4,229889,375721,20481,87475,3.4803160546889473,0.1888509399908462
3158,0.3503,6,28,6,229917,375693,20487,87469,3.480056689762496,0.18885184881315825
3159,0.3504,18,203,18,230120,375490,20505,87451,3.4781762940457224,0.188903121564087
3160,0.3505,17,89,17,230209,375401,20522,87434,3.47735188410093,0.18890965462853934
3161,0.3506,10,60,10,230269,375341,20532,87424,3.4767961021156766,0.18891662074703144
3162,0.3507,18,113,18,230382,375228,20550,87406,3.4757493793767833,0.18893120695841636
3163,0.3508,7,75,7,230457,375153,20557,87399,3.4750546518952166,0.1889495667514139
3164,0.3509,2,5,2,230462,375148,20559,87397,3.4750083367297786,0.18894810234679868
3165,0.351,9,88,9,230550,375060,20568,87388,3.4741931898180742,0.1889682731896343
3166,0.3511,8,62,8,230612,374998,20576,87380,3.4736188817666456,0.18897957947826238
3167,0.3512,19,86,19,230698,374912,20595,87361,3.472822260921116,0.1889814027641675
3168,0.3513,10,64,10,230762,374848,20605,87351,3.4722294268035125,0.1889900237776369
3169,0.3514,7,31,7,230793,374817,20612,87344,3.4719422727777984,0.18899041675952752
3170,0.3515,19,90,19,230883,374727,20631,87325,3.4711085997999187,0.18899387947676885
3171,0.3516,5,72,5,230955,374655,20636,87320,3.4704416614176146,0.18901455706477624
3172,0.3517,22,150,22,231105,374505,20658,87298,3.4690522064544815,0.18903731677793345
3173,0.3518,9,58,9,231163,374447,20667,87289,3.468514950535403,0.18904525529739938
3174,0.3519,26,165,26,231328,374282,20693,87263,3.4669865500759567,0.1890671548819725
3175,0.352,3,36,3,231364,374246,20696,87260,3.466653080884805,0.18907663172309785
3176,0.3521,11,102,11,231466,374144,20707,87249,3.4657082515098745,0.18909909773230196
3177,0.3522,6,80,6,231546,374064,20713,87243,3.4649672088628702,0.18912134435419362
3178,0.3523,0,34,0,231580,374030,20713,87243,3.464652265737893,0.18913528431102622
3179,0.3524,9,94,9,231674,373936,20722,87234,3.463781540627663,0.18915801114556455
3180,0.3525,7,70,7,231744,373866,20729,87227,3.4631331283115343,0.18917441817594283
3181,0.3526,5,110,5,231854,373756,20734,87222,3.462114194671903,0.1892107649388908
3182,0.3527,3,27,3,231881,373729,20737,87219,3.4618640927785393,0.18921657106658452
3183,0.3528,2,18,2,231899,373711,20739,87217,3.4616973581829633,0.18922044223826714
3184,0.3529,12,116,12,232015,373595,20751,87205,3.460622846344807,0.18924696180555556
3185,0.353,4,47,4,232062,373548,20755,87201,3.460187483789692,0.1892592279093389
3186,0.3531,10,68,10,232130,373480,20765,87191,3.4595575975397383,0.1892695654816561
3187,0.3532,1,14,1,232144,373466,20766,87190,3.4594279150765126,0.18927355770900628
3188,0.3533,31,236,31,232380,373230,20797,87159,3.4572418392678497,0.18931599147677292
3189,0.3534,7,58,7,232438,373172,20804,87152,3.4567045833487717,0.18932751714010132
3190,0.3535,8,80,8,232518,373092,20812,87144,3.4559635407017675,0.18934633535838136
3191,0.3536,13,121,13,232639,372971,20825,87131,3.454842713698173,0.1893732259368575
3192,0.3537,9,46,9,232685,372925,20834,87122,3.4544166141761457,0.18937630285601253
3193,0.3538,10,29,10,232714,372896,20844,87112,3.454147986216607,0.18937061964139754
3194,0.3539,5,78,5,232792,372818,20849,87107,3.4534254696357776,0.18939392292221557
3195,0.354,11,92,11,232884,372726,20860,87096,3.4525732705917225,0.18941242480786044
3196,0.3541,10,91,10,232975,372635,20870,87086,3.451730334580755,0.18943228610396307
3197,0.3542,10,64,10,233039,372571,20880,87076,3.4511375004631515,0.18944102757115786
3198,0.3543,9,35,9,233074,372536,20889,87067,3.450813294305087,0.18943958155190457
3199,0.3544,2,10,2,233084,372526,20891,87065,3.4507206639742116,0.18944017615662623
3200,0.3545,9,42,9,233126,372484,20900,87056,3.4503316165845344,0.18944161552857205
3201,0.3546,6,46,6,233172,372438,20906,87050,3.449905517062507,0.18944999651786337
3202,0.3547,2,29,2,233201,372409,20908,87048,3.449636889102968,0.18945842592451526
3203,0.3548,27,157,27,233358,372252,20935,87021,3.4481825929082217,0.18947554069148415
3204,0.3549,21,106,21,233464,372146,20956,87000,3.4472007114009413,0.18948221262953396
3205,0.355,34,157,34,233621,371989,20990,86966,3.445746415206195,0.18948698674161954
3206,0.3551,8,44,8,233665,371945,20998,86958,3.4453388417503428,0.18949102533650902
3207,0.3552,21,135,21,233800,371810,21019,86937,3.4440883322835227,0.18950968616688502
3208,0.3553,7,62,7,233862,371748,21026,86930,3.4435140242320945,0.18952293329961323
3209,0.3554,9,42,9,233904,371706,21035,86921,3.4431249768424173,0.18952438473966862
3210,0.3555,7,47,7,233951,371659,21042,86914,3.442689614287302,0.1895314377427367
3211,0.3556,3,33,3,233984,371626,21045,86911,3.442383934195413,0.18953977541616052
3212,0.3557,1,35,1,234019,371591,21046,86910,3.4420597280373486,0.18955247643952794
3213,0.3558,13,63,13,234082,371528,21059,86897,3.4414761569528327,0.1895555434367672
3214,0.3559,17,147,17,234229,371381,21076,86880,3.4401144910889623,0.18958628379897047
3215,0.356,4,81,4,234310,371300,21080,86876,3.4393641854088703,0.18961272524095543
3216,0.3561,9,61,9,234371,371239,21089,86867,3.4387991403905294,0.1896220525380589
3217,0.3562,7,57,7,234428,371182,21096,86860,3.438271147504539,0.18963326507176198
3218,0.3563,4,21,4,234449,371161,21100,86856,3.4380766238097,0.18963488254802768
3219,0.3564,7,82,7,234531,371079,21107,86849,3.437317055096521,0.18965645254275781
3220,0.3565,12,77,12,234608,371002,21119,86837,3.436603801548779,0.18966711005397094
3221,0.3566,7,83,7,234691,370919,21126,86830,3.4358349698025124,0.1896891090969068
3222,0.3567,42,235,42,234926,370684,21168,86788,3.433658157026937,0.1897121572467823
3223,0.3568,5,51,5,234977,370633,21173,86783,3.4331857423394716,0.18972445213984646
3224,0.3569,5,78,5,235055,370555,21178,86778,3.4324632257586423,0.18974795171133507
3225,0.357,19,105,19,235160,370450,21197,86759,3.431490607284449,0.18975785691007832
3226,0.3571,12,95,12,235255,370355,21209,86747,3.4306106191411314,0.18977602373212105
3227,0.3572,14,94,14,235349,370261,21223,86733,3.4297398940309014,0.18979023794623123
3228,0.3573,13,79,13,235428,370182,21236,86720,3.429008114416985,0.18980000087546126
3229,0.3574,6,78,6,235506,370104,21242,86714,3.4282855978361555,0.18982176709324064
3230,0.3575,7,71,7,235577,370033,21249,86707,3.427627922486939,0.18983885799360686
3231,0.3576,7,67,7,235644,369966,21256,86700,3.427007299270073,0.18985429175809015
3232,0.3577,12,78,12,235722,369888,21268,86688,3.426284782689244,0.18986543313708998
3233,0.3578,8,43,8,235765,369845,21276,86680,3.425886472266479,0.18986911998247633
3234,0.3579,27,190,27,235955,369655,21303,86653,3.4241264959798436,0.1899002428184472
3235,0.358,0,9,0,235964,369646,21303,86653,3.424043128682056,0.18990398839357525
3236,0.3581,10,85,10,236049,369561,21313,86643,3.4232557708696136,0.18992161401478286
3237,0.3582,4,89,4,236138,369472,21317,86639,3.422431360924821,0.1899515688067159
3238,0.3583,58,290,58,236428,369182,21375,86581,3.4197450813294306,0.18996934810416818
3239,0.3584,11,58,11,236486,369124,21386,86570,3.419207825410352,0.1899739737630954
3240,0.3585,5,115,5,236601,369009,21391,86565,3.4181425766052835,0.19001303849649015
3241,0.3586,7,45,7,236646,368964,21398,86558,3.4177257401163437,0.19001936240181594
3242,0.3587,23,111,23,236757,368853,21421,86535,3.4166975434436253,0.19002477008616828
3243,0.3588,10,60,10,236817,368793,21431,86525,3.416141761458372,0.19003202157612922
3244,0.3589,15,181,15,236998,368612,21446,86510,3.4144651524695244,0.19008090138468367
3245,0.359,11,83,11,237081,368529,21457,86499,3.4136963207232576,0.19009599409267122
3246,0.3591,8,46,8,237127,368483,21465,86491,3.41327022120123,0.1901009728028415
3247,0.3592,22,187,22,237314,368296,21487,86469,3.4115380340138577,0.1901399623981617
3248,0.3593,5,52,5,237366,368244,21492,86464,3.4110563562933045,0.19015280135823429
3249,0.3594,17,60,17,237426,368184,21509,86447,3.4105005743080516,0.19014761421900397
3250,0.3595,8,134,8,237560,368050,21517,86439,3.4092593278743193,0.19018942152615353
3251,0.3596,17,177,17,237737,367873,21534,86422,3.407619771017822,0.19023321850339536
3252,0.3597,19,66,19,237803,367807,21553,86403,3.4070084108340435,0.19022698751678738
3253,0.3598,12,111,12,237914,367696,21565,86391,3.405980214161325,0.19025208825621523
3254,0.3599,5,49,5,237963,367647,21570,86386,3.405526325540035,0.19026370329909942
3255,0.36,45,263,45,238226,367384,21615,86341,3.4030901478380082,0.19029368009256709
3256,0.3601,1,24,1,238250,367360,21616,86340,3.402867835043907,0.19030196164866653
3257,0.3602,12,177,12,238427,367183,21628,86328,3.4012282781874097,0.19035480947540412
3258,0.3603,10,114,10,238541,367069,21638,86318,3.4001722924154283,0.19038481473884342
3259,0.3604,10,121,10,238662,366948,21648,86308,3.3990514654118344,0.19041777715021974
3260,0.3605,2,56,2,238718,366892,21650,86306,3.3985327355589314,0.19043773361753583
3261,0.3606,5,53,5,238771,366839,21655,86301,3.398041794805291,0.19045107472304365
3262,0.3607,5,37,5,238808,366802,21660,86296,3.3976990625810517,0.1904576934791149
3263,0.3608,14,74,14,238882,366728,21674,86282,3.3970135981325726,0.1904637866713759
3264,0.3609,10,63,10,238945,366665,21684,86272,3.3964300270480567,0.19047240565464954
3265,0.361,17,84,17,239029,366581,21701,86255,3.395651932268702,0.1904773472073775
3266,0.3611,11,93,11,239122,366488,21712,86244,3.3947904701915594,0.1904968060574468
3267,0.3612,6,58,6,239180,366430,21718,86238,3.3942532142724815,0.19051048450520028
3268,0.3613,8,71,8,239251,366359,21726,86230,3.393595538923265,0.19052606227725374
3269,0.3614,24,164,24,239415,366195,21750,86206,3.3920764014969063,0.19055218710833974
3270,0.3615,10,61,10,239476,366134,21760,86196,3.3915113564785653,0.19055998938827848
3271,0.3616,20,173,20,239649,365961,21780,86176,3.3899088517544183,0.19059709778230935
3272,0.3617,23,119,23,239768,365842,21803,86153,3.3888065508169993,0.19060609077534044
3273,0.3618,2,9,2,239777,365833,21805,86151,3.3887231835192115,0.19060630464795214
3274,0.3619,24,146,24,239923,365687,21829,86127,3.387370780688429,0.19062490316811787
3275,0.362,18,147,18,240070,365540,21847,86109,3.3860091148245584,0.19065468981443554
3276,0.3621,24,217,24,240287,365323,21871,86085,3.3839990366445587,0.19070331053060646
3277,0.3622,9,88,9,240375,365235,21880,86076,3.3831838897328543,0.19072435637509388
3278,0.3623,3,14,3,240389,365221,21883,86073,3.3830542072696286,0.19072489330680223
3279,0.3624,7,46,7,240435,365175,21890,86066,3.382628107747601,0.19073178190811563
3280,0.3625,24,118,24,240553,365057,21914,86042,3.3815350698432693,0.19073861835206907
3281,0.3626,14,158,14,240711,364899,21928,86028,3.3800715106154358,0.19078032586205748
3282,0.3627,4,30,4,240741,364869,21932,86024,3.3797936196228093,0.19078584054310002
3283,0.3628,20,73,20,240814,364796,21952,86004,3.379117418207418,0.19078083407275953
3284,0.3629,16,89,16,240903,364707,21968,85988,3.3782930082626255,0.19078978022831405
3285,0.363,5,40,5,240943,364667,21973,85983,3.3779224869391236,0.190797736602685
3286,0.3631,12,69,12,241012,364598,21985,85971,3.377283337656082,0.19080540383381903
3287,0.3632,2,23,2,241035,364575,21987,85969,3.3770702878950685,0.1908115522568273
3288,0.3633,30,171,30,241206,364404,22017,85939,3.375486309237097,0.19083010061220004
3289,0.3634,6,31,6,241237,364373,22023,85933,3.3751991552113823,0.19083245615203884
3290,0.3635,6,58,6,241295,364315,22029,85927,3.3746618992923043,0.19084625601343277
3291,0.3636,34,246,34,241541,364069,22063,85893,3.372383193152766,0.1908894528871327
3292,0.3637,3,52,3,241593,364017,22066,85890,3.371901515432213,0.19090612059825698
3293,0.3638,12,81,12,241674,363936,22078,85878,3.3711512097521212,0.19091891315076898
3294,0.3639,13,99,13,241773,363837,22091,85865,3.3702341694764533,0.1909375542025608
3295,0.364,14,207,14,241980,363630,22105,85851,3.3683167216273295,0.19100028699767066
3296,0.3641,18,100,18,242080,363530,22123,85833,3.3673904183185743,0.19101038581280613
3297,0.3642,15,80,15,242160,363450,22138,85818,3.36664937567157,0.1910173882849435
3298,0.3643,6,30,6,242190,363420,22144,85812,3.366371484678943,0.191019339673042
3299,0.3644,10,80,10,242270,363340,22154,85802,3.365630442031939,0.19103535184863585
3300,0.3645,7,68,7,242338,363272,22161,85795,3.365000555781985,0.19105166935000792
3301,0.3646,2,14,2,242352,363258,22163,85793,3.3648708733187593,0.19105402281700742
3302,0.3647,7,69,7,242421,363189,22170,85786,3.3642317240357182,0.19107077231471686
3303,0.3648,7,55,7,242476,363134,22177,85779,3.363722257215903,0.19108156814349328
3304,0.3649,14,96,14,242572,363038,22191,85765,3.3628330060394975,0.19109720746073444
3305,0.365,21,222,21,242794,362816,22212,85744,3.3607766126940604,0.19115391474942037
3306,0.3651,7,45,7,242839,362771,22219,85737,3.3603597762051205,0.19116046982439555
3307,0.3652,7,63,7,242902,362708,22226,85730,3.3597762051206046,0.19117469973552642
3308,0.3653,7,34,7,242936,362674,22233,85723,3.359461261995628,0.19117656897793697
3309,0.3654,4,78,4,243014,362596,22237,85719,3.3587387454147986,0.1912026142332958
3310,0.3655,9,59,9,243073,362537,22246,85710,3.358192226462633,0.19121154185080994
3311,0.3656,4,34,4,243107,362503,22250,85706,3.3578772833376562,0.19121882871606774
3312,0.3657,12,88,12,243195,362415,22262,85694,3.3570621364259514,0.19123472190917834
3313,0.3658,9,59,9,243254,362356,22271,85685,3.356515617473786,0.19124365850446723
3314,0.3659,6,52,6,243306,362304,22277,85679,3.3560339397532326,0.19125502530229943
3315,0.366,8,92,8,243398,362212,22285,85671,3.355181740709178,0.19127986550058831
3316,0.3661,6,37,6,243435,362175,22291,85665,3.354839008484938,0.191284833869239
3317,0.3662,7,42,7,243477,362133,22298,85658,3.354449961095261,0.19129013312013862
3318,0.3663,9,103,9,243580,362030,22307,85649,3.353495868687243,0.1913178862533199
3319,0.3664,6,62,6,243642,361968,22313,85643,3.3529215606358145,0.1913335463158859
3320,0.3665,4,60,4,243702,361908,22317,85639,3.352365778650561,0.19135196973725666
3321,0.3666,8,28,8,243730,361880,22325,85631,3.3521064137241097,0.19134948638134033
3322,0.3667,110,800,110,244530,361080,22435,85521,3.3446959872540662,0.19149307771366386
3323,0.3668,9,57,9,244587,361023,22444,85512,3.344167994368076,0.19150122610769593
3324,0.3669,5,36,5,244623,360987,22449,85507,3.343834525176924,0.19150761264429086
3325,0.367,11,73,11,244696,360914,22460,85496,3.3431583237615325,0.19151900719069914
3326,0.3671,3,8,3,244704,360906,22463,85493,3.343084219496832,0.19151700608648317
3327,0.3672,13,115,13,244819,360791,22476,85480,3.3420189706917633,0.19154280694914078
3328,0.3673,9,15,9,244834,360776,22485,85471,3.34188002519545,0.19153294027746964
3329,0.3674,9,60,9,244894,360716,22494,85462,3.3413242432101966,0.19154238891204856
3330,0.3675,12,111,12,245005,360605,22506,85450,3.3402960465374782,0.19156830435708602
3331,0.3676,12,97,12,245102,360508,22518,85438,3.3393975323279856,0.191588219201428
3332,0.3677,9,51,9,245153,360457,22527,85429,3.33892511764052,0.19159381545955692
3333,0.3678,15,184,15,245337,360273,22542,85414,3.3372207195524104,0.19164570651600787
3334,0.3679,16,77,16,245414,360196,22558,85398,3.3365074660046687,0.19164979779799549
3335,0.368,9,61,9,245475,360135,22567,85389,3.3359424209863278,0.1916597085678886
3336,0.3681,12,100,12,245575,360035,22579,85377,3.3350161176775726,0.1916809605488851
3337,0.3682,4,42,4,245617,359993,22583,85373,3.3346270702878953,0.19169177710018276
3338,0.3683,17,128,17,245745,359865,22600,85356,3.333441402052688,0.19171602417675715
3339,0.3684,6,37,6,245782,359828,22606,85350,3.333098669828449,0.19172106438323547
3340,0.3685,17,108,17,245890,359720,22623,85333,3.3320982622549926,0.19173671450366586
3341,0.3686,12,96,12,245986,359624,22635,85321,3.3312090110785877,0.19175628448459922
3342,0.3687,8,90,8,246076,359534,22643,85313,3.3303753381007075,0.19178054477157314
3343,0.3688,12,74,12,246150,359460,22655,85301,3.329689873652229,0.19179064711159477
3344,0.3689,13,75,13,246225,359385,22668,85288,3.328995146170662,0.19179936717543003
3345,0.369,17,138,17,246363,359247,22685,85271,3.3277168476045795,0.19182800246559195
3346,0.3691,17,87,17,246450,359160,22702,85254,3.3269109637259624,0.19183464067288608
3347,0.3692,2,43,2,246493,359117,22704,85252,3.3265126533031975,0.19184956646390725
3348,0.3693,13,97,13,246590,359020,22717,85239,3.325614139093705,0.19186780684240498
3349,0.3694,7,45,7,246635,358975,22724,85232,3.325197302604765,0.19187450895640995
3350,0.3695,7,86,7,246721,358889,22731,85225,3.324400681759235,0.19189892685211454
3351,0.3696,12,84,12,246805,358805,22743,85213,3.3236225869798806,0.19191339089856718
3352,0.3697,6,70,6,246875,358735,22749,85207,3.322974174663752,0.19193272995120983
3353,0.3698,5,38,5,246913,358697,22754,85202,3.322622179406425,0.19194005843671647
3354,0.3699,9,56,9,246969,358641,22763,85193,3.3221034495535218,0.19194789042750218
3355,0.37,26,214,26,247183,358427,22789,85167,3.320121160472785,0.1919931288520584
3356,0.3701,5,38,5,247221,358389,22794,85162,3.319769165215458,0.19200046894269204
3357,0.3702,20,117,20,247338,358272,22814,85142,3.318685390344214,0.192014686049606
3358,0.3703,11,59,11,247397,358213,22825,85131,3.3181388713920486,0.19202019199538056
3359,0.3704,5,59,5,247456,358154,22830,85126,3.317592352439883,0.19203663598628407
3360,0.3705,12,185,12,247641,357969,22842,85114,3.3158786913186855,0.19209493480905385
3361,0.3706,2,11,2,247652,357958,22844,85112,3.3157767979547224,0.19209605705644706
3362,0.3707,3,31,3,247683,357927,22847,85109,3.3154896439290082,0.19210402766366616
3363,0.3708,14,134,14,247817,357793,22861,85095,3.314248397495276,0.19213661241668323
3364,0.3709,8,64,8,247881,357729,22869,85087,3.3136555633776723,0.19214978681890446
3365,0.371,10,78,10,247959,357651,22879,85077,3.312933046796843,0.1921653927467881
3366,0.3711,10,101,10,248060,357550,22889,85067,3.311997480455,0.19219099130851278
3367,0.3712,9,51,9,248111,357499,22898,85058,3.311525065767535,0.1921967113840703
3368,0.3713,14,114,14,248225,357385,22912,85044,3.3104690799955536,0.19222067269550594
3369,0.3714,23,112,23,248337,357273,22935,85021,3.3094316202897476,0.19222734199423913
3370,0.3715,6,36,6,248373,357237,22941,85015,3.3090981510985955,0.19223203060698427
3371,0.3716,9,112,9,248485,357125,22950,85006,3.3080606913927895,0.1922642836625344
3372,0.3717,21,134,21,248619,356991,22971,84985,3.3068194449590576,0.19228419642695532
3373,0.3718,14,73,14,248692,356918,22985,84971,3.3061432435436657,0.19229037156389953
3374,0.3719,18,138,18,248830,356780,23003,84953,3.3048649449775835,0.19231753117833625
3375,0.372,4,76,4,248906,356704,23007,84949,3.304160954462929,0.1923433102458265
3376,0.3721,8,75,8,248981,356629,23015,84941,3.303466226981363,0.1923613470117988
3377,0.3722,10,129,10,249110,356500,23025,84931,3.3022712957130684,0.19239926511731165
3378,0.3723,16,159,16,249269,356341,23041,84915,3.300798473452147,0.1924393096071215
3379,0.3724,17,80,17,249349,356261,23058,84898,3.300057430805143,0.19244308741292823
3380,0.3725,28,112,28,249461,356149,23086,84870,3.299019971099337,0.192440688496414
3381,0.3726,9,67,9,249528,356082,23095,84861,3.2983993478824707,0.19245344636381573
3382,0.3727,13,179,13,249707,355903,23108,84848,3.2967412649597985,0.19250778784393002
3383,0.3728,27,122,27,249829,355781,23135,84821,3.295611174923117,0.19251160911661772
3384,0.3729,3,46,3,249875,355735,23138,84818,3.2951850754010894,0.19252621137524883
3385,0.373,5,42,5,249917,355693,23143,84813,3.294796028011412,0.19253540246897885
3386,0.3731,15,137,15,250054,355556,23158,84798,3.293526992478417,0.1925677977263747
3387,0.3732,4,36,4,250090,355520,23162,84794,3.293193523287265,0.1925762069795646
3388,0.3733,53,314,53,250404,355206,23215,84741,3.2902849308977733,0.19261638333708378
3389,0.3734,4,36,4,250440,355170,23219,84737,3.2899514617066212,0.1926248047882848
3390,0.3735,31,180,31,250620,354990,23250,84706,3.2882841157508613,0.1926467377460791
3391,0.3736,8,57,8,250677,354933,23258,84698,3.287756122864871,0.19265702373126553
3392,0.3737,3,40,3,250717,354893,23261,84695,3.2873856015413687,0.1926690446509004
3393,0.3738,9,71,9,250788,354822,23270,84686,3.2867279261921523,0.19268363715791295
3394,0.3739,9,61,9,250849,354761,23279,84677,3.2861628811738117,0.19269384987188182
3395,0.374,5,40,5,250889,354721,23284,84672,3.2857923598503094,0.19270220508747293
3396,0.3741,14,116,14,251005,354605,23298,84658,3.284717848012153,0.19272736378889185
3397,0.3742,8,92,8,251097,354513,23306,84650,3.283865648968098,0.1927530324731364
3398,0.3743,13,113,13,251210,354400,23319,84637,3.2828189262292047,0.1927787407439464
3399,0.3744,4,48,4,251258,354352,23323,84633,3.2823743006410018,0.19279246443500347
3400,0.3745,8,66,8,251324,354286,23331,84625,3.2817629404572233,0.19280674214134527
3401,0.3746,11,75,11,251399,354211,23342,84614,3.2810682129756565,0.19281946106078732
3402,0.3747,4,100,4,251499,354111,23346,84610,3.2801419096669013,0.19285605202395145
3403,0.3748,12,82,12,251581,354029,23358,84598,3.2793823409537217,0.19287002396113326
3404,0.3749,11,108,11,251689,353921,23369,84587,3.278381933380266,0.19289727895500197
3405,0.375,87,677,87,252366,353244,23456,84500,3.2721108599799917,0.1930351986549216
3406,0.3751,3,21,3,252387,353223,23459,84497,3.271916336285153,0.19303892899570502
3407,0.3752,4,39,4,252426,353184,23463,84493,3.2715550779947384,0.19304875513220937
3408,0.3753,5,26,5,252452,353158,23468,84488,3.2713142391344623,0.19305100469329092
3409,0.3754,14,117,14,252569,353041,23482,84474,3.2702304642632183,0.19307680879512704
3410,0.3755,1,18,1,252587,353023,23483,84473,3.2700637296676422,0.19308290818658913
3411,0.3756,7,34,7,252621,352989,23490,84466,3.2697487865426655,0.19308500302888298
3412,0.3757,6,71,6,252692,352918,23496,84460,3.269091111193449,0.19310527735734306
3413,0.3758,3,70,3,252762,352848,23499,84457,3.2684426988773203,0.19313065251940864
3414,0.3759,3,56,3,252818,352792,23502,84454,3.2679239690244173,0.1931498515709692
3415,0.376,12,113,12,252931,352679,23514,84442,3.2668772462855236,0.19317763273784605
3416,0.3761,9,88,9,253019,352591,23523,84433,3.2660620993738188,0.19319991579409826
3417,0.3762,15,130,15,253149,352461,23538,84418,3.264857905072437,0.19322970433460981
3418,0.3763,3,71,3,253220,352390,23541,84415,3.2642002297232207,0.19325557170819932
3419,0.3764,7,72,7,253292,352318,23548,84408,3.2635332913409165,0.1932745016326026
3420,0.3765,6,66,6,253358,352252,23554,84402,3.262921931157138,0.19329262986254564
3421,0.3766,19,118,19,253476,352134,23573,84383,3.261828893252807,0.19330976800445343
3422,0.3767,22,172,22,253648,351962,23595,84361,3.2602356515617474,0.1933452969474449
3423,0.3768,13,126,13,253774,351836,23608,84348,3.2590685093927156,0.1933771069090109
3424,0.3769,16,78,16,253852,351758,23624,84332,3.2583459928118863,0.19338210002522416
3425,0.377,1,26,1,253878,351732,23625,84331,3.2581051539516097,0.19339178054547165
3426,0.3771,9,67,9,253945,351665,23634,84322,3.257484530734744,0.19340484922715587
3427,0.3772,3,24,3,253969,351641,23637,84319,3.2572622179406423,0.19340994586659327
3428,0.3773,11,60,11,254029,351581,23648,84308,3.2567064359553894,0.19341621376084278
3429,0.3774,14,154,14,254183,351427,23662,84294,3.2552799288599057,0.1934586581780543
3430,0.3775,10,90,10,254273,351337,23672,84284,3.254446255882026,0.19348011229945297
3431,0.3776,5,42,5,254315,351295,23677,84279,3.2540572084923487,0.19348951039318232
3432,0.3777,14,90,14,254405,351205,23691,84265,3.253223535514469,0.19350357085447906
3433,0.3778,10,122,10,254527,351083,23701,84255,3.2520934454777874,0.1935392729327557
3434,0.3779,6,41,6,254568,351042,23707,84249,3.2517136611211974,0.19354638621060394
3435,0.378,19,134,19,254702,350908,23726,84230,3.250472414687465,0.19357077524831204
3436,0.3781,9,56,9,254758,350852,23735,84221,3.249953684834562,0.1935790085801693
3437,0.3782,11,97,11,254855,350755,23746,84210,3.2490551706250694,0.19360178405159037
3438,0.3783,23,144,23,254999,350611,23769,84187,3.2477212938604616,0.1936232457371009
3439,0.3784,11,87,11,255086,350524,23780,84176,3.2469154099818445,0.19364159190246147
3440,0.3785,1,33,1,255119,350491,23781,84175,3.246609729889955,0.19365443812030386
3441,0.3786,18,118,18,255237,350373,23799,84157,3.2455166919856238,0.19367362437576233
3442,0.3787,16,97,16,255334,350276,23815,84141,3.244618177776131,0.19368717154255014
3443,0.3788,10,95,10,255429,350181,23825,84131,3.2437381896328135,0.19371097275691207
3444,0.3789,17,127,17,255556,350054,23842,84114,3.242561784430694,0.1937360653019108
3445,0.379,5,65,5,255621,349989,23847,84109,3.241959687280003,0.19375578786356998
3446,0.3791,7,58,7,255679,349931,23854,84102,3.241422431360925,0.19376867657528343
3447,0.3792,13,97,13,255776,349834,23867,84089,3.240523917151432,0.19378783793438006
3448,0.3793,9,64,9,255840,349770,23876,84080,3.2399310830338286,0.19379970035726635
3449,0.3794,24,137,24,255977,349633,23900,84056,3.2386620475008336,0.19381630615487136
3450,0.3795,6,71,6,256048,349562,23906,84050,3.238004372151617,0.1938368864330323
3451,0.3796,10,23,10,256071,349539,23916,84040,3.2377913223906036,0.1938285756459607
3452,0.3797,24,160,24,256231,349379,23940,84016,3.236309237096595,0.19385548979568293
3453,0.3798,5,33,5,256264,349346,23945,84011,3.2360035570047057,0.19386095067115566
3454,0.3799,7,76,7,256340,349270,23952,84004,3.2352995664900517,0.19388193152600894
3455,0.38,60,271,60,256611,348999,24012,83944,3.2327892845233244,0.1938915746414655
3456,0.3801,2,16,2,256627,348983,24014,83942,3.2326410759939233,0.193895016457816
3457,0.3802,15,114,15,256741,348869,24029,83927,3.2315850902219423,0.19391815081470254
3458,0.3803,11,139,11,256880,348730,24040,83916,3.2302975286227724,0.19395995802573004
3459,0.3804,15,75,15,256955,348655,24055,83901,3.2296028011412057,0.1939656368192789
3460,0.3805,2,20,2,256975,348635,24057,83899,3.2294175404794547,0.1939708785898912
3461,0.3806,18,108,18,257083,348527,24075,83881,3.2284171329059985,0.19398577269615733
3462,0.3807,25,153,25,257236,348374,24100,83856,3.226999888843603,0.19400781991069568
3463,0.3808,17,92,17,257328,348282,24117,83839,3.226147689799548,0.1940174164180866
3464,0.3809,13,185,13,257513,348097,24130,83826,3.2244340286783504,0.1940762589628244
3465,0.381,10,104,10,257617,347993,24140,83816,3.223470673237245,0.19410433779749844
3466,0.3811,29,126,29,257743,347867,24169,83787,3.222303531068213,0.19410685410073808
3467,0.3812,13,92,13,257835,347775,24182,83774,3.221451332024158,0.19412395811367886
3468,0.3813,15,96,15,257931,347679,24197,83759,3.2205620808477526,0.1941391347076521
3469,0.3814,7,74,7,258005,347605,24204,83752,3.2198766163992736,0.19415936219882834
3470,0.3815,16,145,16,258150,347460,24220,83736,3.2185334766015785,0.19419475134277683
3471,0.3816,7,102,7,258252,347358,24227,83729,3.217588647226648,0.19422761530735094
3472,0.3817,18,97,18,258349,347261,24245,83711,3.2166901330171553,0.1942376766936135
3473,0.3818,13,120,13,258469,347141,24258,83698,3.2155785690466487,0.19426746418035507
3474,0.3819,13,75,13,258544,347066,24271,83685,3.214883841565082,0.1942769720789969
3475,0.382,12,122,12,258666,346944,24283,83673,3.2137537515284005,0.19430956046788678
3476,0.3821,17,115,17,258781,346829,24300,83656,3.212688502723332,0.19432965143965528
3477,0.3822,4,29,4,258810,346800,24304,83652,3.2124198747637926,0.1943352568927546
3478,0.3823,2,19,2,258829,346781,24306,83650,3.212243877135129,0.1943400916755531
3479,0.3824,5,50,5,258879,346731,24311,83645,3.2117807254807516,0.19435330966410766
3480,0.3825,6,71,6,258950,346660,24317,83639,3.211123050131535,0.19437414449022655
3481,0.3826,9,67,9,259017,346593,24326,83630,3.210502426914669,0.1943875617993459
3482,0.3827,16,85,16,259102,346508,24342,83614,3.2097150691022267,0.19439600857431147
3483,0.3828,26,82,26,259184,346426,24368,83588,3.2089555003890475,0.19438436888101318
3484,0.3829,8,52,8,259236,346374,24376,83580,3.208473822668495,0.19439288854156492
3485,0.383,4,26,4,259262,346348,24380,83576,3.208232983808218,0.19439714926359078
3486,0.3831,4,44,4,259306,346304,24384,83572,3.2078254103523656,0.1944095506611209
3487,0.3832,5,95,5,259401,346209,24389,83567,3.2069454222090483,0.1944431517813931
3488,0.3833,94,610,94,260011,345599,24483,83473,3.2012949720256403,0.19454310698437557
3489,0.3834,1,22,1,260033,345577,24484,83472,3.201091185297714,0.19455120510710897
3490,0.3835,2,30,2,260063,345547,24486,83470,3.200813294305087,0.19456105469014048
3491,0.3836,10,100,10,260163,345447,24496,83460,3.199886990996332,0.1945876378795403
3492,0.3837,16,61,16,260224,345386,24512,83444,3.199321945977991,0.19458526688897698
3493,0.3838,11,47,11,260271,345339,24523,83433,3.198886583422876,0.19458593378298955
3494,0.3839,12,84,12,260355,345255,24535,83421,3.1981084886435216,0.19460151722979593
3495,0.384,19,219,19,260574,345036,24554,83402,3.196079884397347,0.19466527245482426
3496,0.3841,14,117,14,260691,344919,24568,83388,3.194996109526103,0.19469212504115038
3497,0.3842,10,41,10,260732,344878,24578,83378,3.1946163251695134,0.19469195994918928
3498,0.3843,9,64,9,260796,344814,24587,83369,3.19402349105191,0.19470413351300728
3499,0.3844,22,178,22,260974,344636,24609,83347,3.1923746711623253,0.19474371645602745
3500,0.3845,6,78,6,261052,344558,24615,83341,3.191652154581496,0.1947679242064132
3501,0.3846,18,129,18,261181,344429,24633,83323,3.1904572233132016,0.19479277712319287
3502,0.3847,11,79,11,261260,344350,24644,83312,3.189725443699285,0.1948080493473818
3503,0.3848,14,85,14,261345,344265,24658,83298,3.188938085886843,0.19482041243044884
3504,0.3849,5,47,5,261392,344218,24663,83293,3.1885027233317276,0.19483241366888804
3505,0.385,18,149,18,261541,344069,24681,83275,3.1871225314016822,0.1948664307911191
3506,0.3851,13,98,13,261639,343971,24694,83262,3.186214754159102,0.19488663094845202
3507,0.3852,17,120,17,261759,343851,24711,83245,3.1851031901885953,0.19490934122539194
3508,0.3853,6,33,6,261792,343818,24717,83239,3.184797510096706,0.1949130912266981
3509,0.3854,4,32,4,261824,343786,24721,83235,3.1845010930379045,0.194920156151571
3510,0.3855,11,100,11,261924,343686,24732,83224,3.183574789729149,0.19494507038954345
3511,0.3856,5,83,5,262007,343603,24737,83219,3.182805957982882,0.19497354869242917
3512,0.3857,8,59,8,262066,343544,24745,83211,3.1822594390307164,0.19498541317617837
3513,0.3858,15,46,15,262112,343498,24760,83196,3.181833339508689,0.19497813421327695
3514,0.3859,2,56,2,262168,343442,24762,83194,3.181314609655786,0.19499995312163063
3515,0.386,10,57,10,262225,343385,24772,83184,3.180786616769795,0.19500713835276356
3516,0.3861,15,132,15,262357,343253,24787,83169,3.179563896402238,0.1950391865335278
3517,0.3862,2,19,2,262376,343234,24789,83167,3.1793878987735744,0.19504410167893602
3518,0.3863,18,171,18,262547,343063,24807,83149,3.1778039201156028,0.19508835978339417
3519,0.3864,14,87,14,262634,342976,24821,83135,3.1769980362369856,0.19510174578924272
3520,0.3865,9,74,9,262708,342902,24830,83126,3.1763125717885066,0.19511863070032956
3521,0.3866,17,112,17,262820,342790,24847,83109,3.1752751120827005,0.19513781436443853
3522,0.3867,52,315,52,263135,342475,24899,83057,3.1723572566601206,0.1951839109632178
3523,0.3868,5,38,5,263173,342437,24904,83052,3.1720052614027936,0.1951918851016125
3524,0.3869,7,100,7,263273,342337,24911,83045,3.1710789580940384,0.19522452760107387
3525,0.387,6,69,6,263342,342268,24917,83039,3.170439808810997,0.1952448466637041
3526,0.3871,7,60,7,263402,342208,24924,83032,3.169884026825744,0.1952591477753739
3527,0.3872,13,84,13,263486,342124,24937,83019,3.1691059320463895,0.19527311986790327
3528,0.3873,6,56,6,263542,342068,24943,83013,3.1685872021934864,0.1952874863849478
3529,0.3874,5,31,5,263573,342037,24948,83008,3.168300048167772,0.19529226317213472
3530,0.3875,35,229,35,263802,341808,24983,82973,3.1661788135907223,0.19533124127491577
3531,0.3876,14,58,14,263860,341750,24997,82959,3.165641557671644,0.19533139161166824
3532,0.3877,1,10,1,263870,341740,24998,82958,3.1655489273407684,0.19533409622837875
3533,0.3878,9,95,9,263965,341645,25007,82949,3.1646689391974507,0.19536074461721079
3534,0.3879,13,77,13,264042,341568,25020,82936,3.163955685649709,0.19537153949079397
3535,0.388,16,109,16,264151,341459,25036,82920,3.1629460150431656,0.19539138364527933
3536,0.3881,6,75,6,264226,341384,25042,82914,3.1622512875615993,0.19541454355193755
3537,0.3882,11,66,11,264292,341318,25053,82903,3.1616399273778204,0.19542408320191598
3538,0.3883,15,111,15,264403,341207,25068,82888,3.160611730705102,0.19544677489713388
3539,0.3884,10,52,10,264455,341155,25078,82878,3.1601300529845493,0.19545176908400996
3540,0.3885,4,18,4,264473,341137,25082,82874,3.1599633183889733,0.19545247646877087
3541,0.3886,18,110,18,264583,341027,25100,82856,3.158944384749342,0.1954690327283708
3542,0.3887,15,97,15,264680,340930,25115,82841,3.1580458705398495,0.19548529748378252
3543,0.3888,15,127,15,264807,340803,25130,82826,3.15686946533773,0.1955154156113014
3544,0.3889,9,96,9,264903,340707,25139,82817,3.155980214161325,0.19554263748925682
3545,0.389,21,187,21,265090,340520,25160,82796,3.1542480269739523,0.1955891107352427
3546,0.3891,21,133,21,265223,340387,25181,82775,3.1530160435733077,0.1956106644736531
3547,0.3892,6,78,6,265301,340309,25187,82769,3.1522935269924783,0.19563532020100313
3548,0.3893,6,59,6,265360,340250,25193,82763,3.1517470080403127,0.1956511974809285
3549,0.3894,21,113,21,265473,340137,25214,82742,3.150700285301419,0.1956635349591727
3550,0.3895,7,45,7,265518,340092,25221,82735,3.150283448812479,0.19567104276689995
3551,0.3896,4,44,4,265562,340048,25225,82731,3.149875875356627,0.1956837969719404
3552,0.3897,33,191,33,265753,339857,25258,82698,3.148106636036904,0.19570943427482812
3553,0.3898,9,105,9,265858,339752,25267,82689,3.1471340175627107,0.19574094370574827
3554,0.3899,15,182,15,266040,339570,25282,82674,3.145448145540776,0.1957967431153551
3555,0.39,31,252,31,266292,339318,25313,82643,3.1431138612027123,0.19585459319700163
3556,0.3901,12,104,12,266396,339214,25325,82631,3.1421505057616064,0.19588000331875452
3557,0.3902,10,66,10,266462,339148,25335,82621,3.141539145577828,0.19589158994615535
3558,0.3903,18,112,18,266574,339036,25353,82603,3.140501685872022,0.19590929681552227
3559,0.3904,12,63,12,266637,338973,25365,82591,3.139918114787506,0.1959156854000816
3560,0.3905,15,73,15,266710,338900,25380,82576,3.1392419133721146,0.19592100143305907
3561,0.3906,17,150,17,266860,338750,25397,82559,3.1378524584089815,0.19595831088346083
3562,0.3907,16,88,16,266948,338662,25413,82543,3.1370373114972767,0.1959687088234945
3563,0.3908,9,92,9,267040,338570,25422,82534,3.1361851124532216,0.19599433869067973
3564,0.3909,14,100,14,267140,338470,25436,82520,3.1352588091444664,0.1960141571058695
3565,0.391,26,171,26,267311,338299,25462,82494,3.1336748304864943,0.19604413571518536
3566,0.3911,11,74,11,267385,338225,25473,82483,3.1329893660380157,0.19605759814408094
3567,0.3912,11,126,11,267511,338099,25484,82472,3.1318222238689835,0.1960953085210345
3568,0.3913,12,83,12,267594,338016,25496,82460,3.1310533921227166,0.19611107411600187
3569,0.3914,15,89,15,267683,337927,25511,82445,3.1302289821779246,0.19612390929938245
3570,0.3915,0,6,0,267689,337921,25511,82445,3.130173403979399,0.19612670863009854
3571,0.3916,13,110,13,267799,337811,25524,82432,3.1291544703397682,0.19615317804222795
3572,0.3917,51,380,51,268179,337431,25575,82381,3.1256345177664975,0.19623307575772012
3573,0.3918,11,66,11,268245,337365,25586,82370,3.125023157582719,0.19624286752355652
3574,0.3919,24,138,24,268383,337227,25610,82346,3.1237448590166363,0.19626143722308156
3575,0.392,14,101,14,268484,337126,25624,82332,3.1228092926747935,0.19628186850650126
3576,0.3921,11,103,11,268587,337023,25635,82321,3.121855200266775,0.19630899690945858
3577,0.3922,8,60,8,268647,336963,25643,82313,3.121299418281522,0.19632175464371918
3578,0.3923,17,189,17,268836,336774,25660,82296,3.119548705027974,0.19637769346409908
3579,0.3924,6,64,6,268900,336710,25666,82290,3.118955870910371,0.19639618138424822
3580,0.3925,15,125,15,269025,336585,25681,82275,3.1177979917744265,0.19642601346511962
3581,0.3926,4,70,4,269095,336515,25685,82271,3.1171495794582977,0.1964511707650208
3582,0.3927,4,44,4,269139,336471,25689,82267,3.1167420060024456,0.1964641374797606
3583,0.3928,42,257,42,269396,336214,25731,82225,3.114361406498944,0.19650414994778212
3584,0.3929,15,114,15,269510,336100,25746,82210,3.113305420726963,0.1965288900576128
3585,0.393,15,56,15,269566,336044,25761,82195,3.11278669087406,0.19652638802215958
3586,0.3931,11,125,11,269691,335919,25772,82184,3.1116288117381155,0.1965640045634688
3587,0.3932,4,28,4,269719,335891,25776,82180,3.111369446811664,0.19656948221713536
3588,0.3933,40,223,40,269942,335668,25816,82140,3.1093037904331395,0.19659748018228468
3589,0.3934,23,176,23,270118,335492,25839,82117,3.10767349660973,0.19663608782377776
3590,0.3935,8,78,8,270196,335414,25847,82109,3.1069509800289006,0.1966574296505821
3591,0.3936,9,90,9,270286,335324,25856,82100,3.106117307051021,0.19668250987006017
3592,0.3937,3,29,3,270315,335295,25859,82097,3.1058486790914817,0.19669040134933108
3593,0.3938,16,82,16,270397,335213,25875,82081,3.1050891103783025,0.19669825111312408
3594,0.3939,7,65,7,270462,335148,25882,82074,3.1044870132276112,0.19671541769130105
3595,0.394,24,144,24,270606,335004,25906,82050,3.1031531364630034,0.19673711317958825
3596,0.3941,12,117,12,270723,334887,25918,82038,3.1020693615917594,0.19676920309408166
3597,0.3942,31,173,31,270896,334714,25949,82007,3.100466856867613,0.196791138435548
3598,0.3943,13,46,13,270942,334668,25962,81994,3.1000407573455853,0.19678780402340507
3599,0.3944,5,46,5,270988,334622,25967,81989,3.0996146578235577,0.1967998924656334
3600,0.3945,22,79,22,271067,334543,25989,81967,3.098882878209641,0.19679479484286092
3601,0.3946,5,32,5,271099,334511,25994,81962,3.0985864611508394,0.196800272766782
3602,0.3947,13,61,13,271160,334450,26007,81949,3.0980214161324984,0.19680402690688498
3603,0.3948,29,175,29,271335,334275,26036,81920,3.0964003853421764,0.19683081247972706
3604,0.3949,13,103,13,271438,334172,26049,81907,3.095446292934158,0.19685444350712245
3605,0.395,27,161,27,271599,334011,26076,81880,3.093954944607062,0.19687850903241474
3606,0.3951,6,49,6,271648,333962,26082,81874,3.093501055985772,0.19689012014351812
3607,0.3952,14,121,14,271769,333841,26096,81860,3.092380228982178,0.1969203826788966
3608,0.3953,2,46,2,271815,333795,26098,81858,3.0919541294601505,0.19693831152427627
3609,0.3954,2,56,2,271871,333739,26100,81856,3.0914353996072474,0.19696098364994766
3610,0.3955,19,121,19,271992,333618,26119,81837,3.090314572603653,0.19698162255839982
3611,0.3956,2,13,2,272005,333605,26121,81835,3.090194153173515,0.1969839206624302
3612,0.3957,4,34,4,272039,333571,26125,81831,3.0898792100485384,0.196992311062537
3613,0.3958,19,129,19,272168,333442,26144,81812,3.088684278780244,0.19701676564223342
3614,0.3959,10,94,10,272262,333348,26154,81802,3.0878135536700135,0.19704203300012044
3615,0.396,12,98,12,272360,333250,26166,81790,3.0869057764274332,0.1970653430994603
3616,0.3961,4,65,4,272425,333185,26170,81786,3.0863036792767424,0.19708847124256876
3617,0.3962,25,147,25,272572,333038,26195,81761,3.084942013412872,0.19710992553019654
3618,0.3963,5,44,5,272616,332994,26200,81756,3.0845344399570194,0.19712115732368896
3619,0.3964,18,152,18,272768,332842,26218,81738,3.0831264589277114,0.19715857011915675
3620,0.3965,24,135,24,272903,332707,26242,81714,3.0818759494608914,0.19717630139399306
3621,0.3966,2,30,2,272933,332677,26244,81712,3.081598058468265,0.19718670138444794
3622,0.3967,18,166,18,273099,332511,26262,81694,3.080060394975731,0.19723083980154754
3623,0.3968,23,103,23,273202,332408,26285,81671,3.0791063025677126,0.1972353101702815
3624,0.3969,8,45,8,273247,332363,26293,81663,3.0786894660787727,0.19724123605763888
3625,0.397,7,92,7,273339,332271,26300,81656,3.077837267034718,0.19727149956393278
3626,0.3971,12,125,12,273464,332146,26312,81644,3.0766793878987735,0.1973078131419319
3627,0.3972,17,125,17,273589,332021,26329,81627,3.0755215087628294,0.19733444861331373
3628,0.3973,3,7,3,273596,332014,26332,81624,3.0754566675312165,0.19733196659881347
3629,0.3974,21,107,21,273703,331907,26353,81603,3.074465522990848,0.19734226499963725
3630,0.3975,11,91,11,273794,331816,26364,81592,3.0736225869798806,0.19736434708568776
3631,0.3976,19,130,19,273924,331686,26383,81573,3.0724183926784985,0.19738953053654004
3632,0.3977,9,125,9,274049,331561,26392,81564,3.0712605135425544,0.19743177004538578
3633,0.3978,4,29,4,274078,331532,26396,81560,3.070991885583015,0.1974378588788938
3634,0.3979,12,78,12,274156,331454,26408,81548,3.0702693690021863,0.19745182832044397
3635,0.398,5,24,5,274180,331430,26413,81543,3.0700470562080846,0.19745358655408465
3636,0.3981,19,110,19,274290,331320,26432,81524,3.069028122568454,0.19746926199726772
3637,0.3982,1,34,1,274324,331286,26433,81523,3.0687131794434768,0.19748358199554758
3638,0.3983,38,231,38,274555,331055,26471,81485,3.066573418800252,0.197520240461531
3639,0.3984,14,110,14,274665,330945,26485,81471,3.065554485160621,0.19754568202979517
3640,0.3985,20,117,20,274782,330828,26505,81451,3.064470710289377,0.19756281547204685
3641,0.3986,12,79,12,274861,330749,26517,81439,3.0637389306754605,0.19757731908740672
3642,0.3987,9,88,9,274949,330661,26526,81430,3.0629237837637557,0.19760198596911846
3643,0.3988,24,220,24,275169,330441,26550,81406,3.0608859164844935,0.19766078179518123
3644,0.3989,1,20,1,275189,330421,26551,81405,3.0607006558227425,0.19766843278471977
3645,0.399,12,102,12,275291,330319,26563,81393,3.059755826447812,0.19769401912016166
3646,0.3991,12,78,12,275369,330241,26575,81381,3.0590333098669826,0.19770809140424953
3647,0.3992,12,66,12,275435,330175,26587,81369,3.058421949683204,0.19771640456427503
3648,0.3993,2,35,2,275470,330140,26589,81367,3.0580977435251397,0.19772932173693278
3649,0.3994,16,119,16,275589,330021,26605,81351,3.056995442587721,0.19775531635599894
3650,0.3995,18,178,18,275767,329843,26623,81333,3.0553466226981363,0.19780580578632995
3651,0.3996,6,85,6,275852,329758,26629,81327,3.054559264885694,0.19783499762822773
3652,0.3997,5,58,5,275910,329700,26634,81322,3.054022008966616,0.19785315627873934
3653,0.3998,30,112,30,276022,329588,26664,81292,3.05298454926081,0.19784852024922117
3654,0.3999,15,87,15,276109,329501,26679,81277,3.052178665382193,0.19786113180355325
3655,0.4,250,1573,250,277682,327928,26929,81027,3.03760791433547,0.19813182379479405
3656,0.4001,28,218,28,277900,327710,26957,80999,3.035588573122383,0.19818256999478848
3657,0.4002,5,28,5,277928,327682,26962,80994,3.0353292081959315,0.19818633832180016
3658,0.4003,4,53,4,277981,327629,26966,80990,3.034838267442291,0.19820419510595444
3659,0.4004,7,47,7,278028,327582,26973,80983,3.0344029048871763,0.19821325860022274
3660,0.4005,11,139,11,278167,327443,26984,80972,3.033115343288006,0.198259123685467
3661,0.4006,20,171,20,278338,327272,27004,80952,3.0315313646300344,0.1983028925295916
3662,0.4007,18,180,18,278518,327092,27022,80934,3.029864018674275,0.19835500678878307
3663,0.4008,31,151,31,278669,326941,27053,80903,3.028465300678054,0.19836751306872236
3664,0.4009,20,203,20,278872,326738,27073,80883,3.0265849049612807,0.19842697015119437
3665,0.401,16,135,16,279007,326603,27089,80867,3.0253343954944607,0.19846123641004246
3666,0.4011,24,119,24,279126,326484,27113,80843,3.024232094557042,0.19847198933534974
3667,0.4012,46,233,46,279359,326251,27159,80797,3.0220738078476415,0.19849501778660011
3668,0.4013,1,16,1,279375,326235,27160,80796,3.021925599318241,0.19850085128651135
3669,0.4014,7,80,7,279455,326155,27167,80789,3.0211845566712365,0.19852608712746717
3670,0.4015,10,91,10,279546,326064,27177,80779,3.020341620660269,0.19855079232037912
3671,0.4016,6,15,6,279561,326049,27183,80773,3.0202026751639557,0.1985462929733397
3672,0.4017,25,239,25,279800,325810,27208,80748,3.01798881025603,0.19861372793057816
3673,0.4018,8,62,8,279862,325748,27216,80740,3.017414502204602,0.19862824978843163
3674,0.4019,10,35,10,279897,325713,27226,80730,3.0170902960465376,0.19862563754327175
3675,0.402,14,90,14,279987,325623,27240,80716,3.0162566230686574,0.19864202057887625
3676,0.4021,18,161,18,280148,325462,27258,80698,3.014765274741561,0.19868524719322433
3677,0.4022,17,99,17,280247,325363,27275,80681,3.0138482344658937,0.19870014087143265
3678,0.4023,16,94,16,280341,325269,27291,80665,3.012977509355663,0.19871456936349258
3679,0.4024,7,67,7,280408,325202,27298,80658,3.0123568861387975,0.19873355344207363
3680,0.4025,3,18,3,280426,325184,27301,80655,3.0121901515432215,0.1987364447477941
3681,0.4026,19,121,19,280547,325063,27320,80636,3.011069324539627,0.19875819265021605
3682,0.4027,9,52,9,280599,325011,27329,80627,3.0105876468190744,0.19876589471400608
3683,0.4028,8,52,8,280651,324959,27337,80619,3.0101059690985217,0.19877557461203518
3684,0.4029,11,68,11,280719,324891,27348,80608,3.009476082848568,0.19878717333458282
3685,0.403,8,90,8,280809,324801,27356,80600,3.008642409870688,0.19881549379503258
3686,0.4031,13,89,13,280898,324712,27369,80587,3.0078179999258956,0.19883345382051276
3687,0.4032,12,141,12,281039,324571,27381,80575,3.006511912260551,0.19887892265997936
3688,0.4033,30,214,30,281253,324357,27411,80545,3.004529623179814,0.1989246780702491
3689,0.4034,16,70,16,281323,324287,27427,80529,3.0038812108636854,0.19892741393620805
3690,0.4035,13,146,13,281469,324141,27440,80516,3.0025288080329022,0.19897345158986499
3691,0.4036,9,103,9,281572,324038,27449,80507,3.0015747156248844,0.19900629101830453
3692,0.4037,11,85,11,281657,323953,27460,80496,3.000787357812442,0.19902632964848474
3693,0.4038,15,100,15,281757,323853,27475,80481,2.9998610545036866,0.1990458383415691
3694,0.4039,13,146,13,281903,323707,27488,80468,2.998508651672904,0.19909197748500032
3695,0.404,6,45,6,281948,323662,27494,80462,2.998091815183964,0.19910225574328672
3696,0.4041,4,62,4,282010,323600,27498,80458,2.9975175071325353,0.19912487811155824
3697,0.4042,23,155,23,282165,323445,27521,80435,2.9960817370039647,0.19915568980885412
3698,0.4043,6,55,6,282220,323390,27527,80429,2.995572270184149,0.19917091568252113
3699,0.4044,8,38,8,282258,323352,27535,80421,2.995220274926822,0.19917379319568174
3700,0.4045,14,76,14,282334,323276,27549,80407,2.994516284412168,0.19918351776022275
3701,0.4046,18,98,18,282432,323178,27567,80389,2.9936085071695877,0.199196168170341
3702,0.4047,8,66,8,282498,323112,27575,80381,2.992997146985809,0.19921287358144998
3703,0.4048,13,130,13,282628,322982,27588,80368,2.991792952684427,0.19925127060865253
3704,0.4049,3,35,3,282663,322947,27591,80365,2.9914687465263627,0.1992626056254215
3705,0.405,16,152,16,282815,322795,27607,80349,2.9900607654970544,0.19930595519218938
3706,0.4051,7,74,7,282889,322721,27614,80342,2.9893753010485753,0.19932864093206273
3707,0.4052,7,92,7,282981,322629,27621,80335,2.98852310200452,0.1993602406170278
3708,0.4053,4,39,4,283020,322590,27625,80331,2.9881618437141055,0.19937158897153537
3709,0.4054,7,55,7,283075,322535,27632,80324,2.98765237689429,0.19938489645260501
3710,0.4055,7,39,7,283114,322496,27639,80317,2.9872911186038755,0.19939028780103918
3711,0.4056,13,77,13,283191,322419,27652,80304,2.986577865056134,0.19940256702497747
3712,0.4057,4,42,4,283233,322377,27656,80300,2.9861888176664566,0.1994154123528287
3713,0.4058,7,46,7,283279,322331,27663,80293,2.985762718144429,0.1994242767445557
3714,0.4059,6,39,6,283318,322292,27669,80287,2.9854014598540144,0.19943166434414114
3715,0.406,14,106,14,283424,322186,27683,80273,2.984419578346734,0.19945634213671454
3716,0.4061,1,33,1,283457,322153,27684,80272,2.9841138982548445,0.19947070882773188
3717,0.4062,6,35,6,283492,322118,27690,80266,2.98378969209678,0.1994761223110263
3718,0.4063,20,89,20,283581,322029,27710,80246,2.9829652821519876,0.1994804549126841
3719,0.4064,4,36,4,283617,321993,27714,80242,2.982631812960836,0.19949034768232501
3720,0.4065,21,124,21,283741,321869,27735,80221,2.981483196857979,0.19951005993683008
3721,0.4066,1,32,1,283773,321837,27736,80220,2.9811867797991773,0.19952394809691162
3722,0.4067,43,323,43,284096,321514,27779,80177,2.9781948201118973,0.19959869651050186
3723,0.4068,17,67,17,284163,321447,27796,80160,2.977574196895031,0.19959811457469614
3724,0.4069,13,135,13,284298,321312,27809,80147,2.9763236874282115,0.19963931559636228
3725,0.407,4,57,4,284355,321255,27813,80143,2.975795694542221,0.19965968938559733
3726,0.4071,15,132,15,284487,321123,27828,80128,2.974572974174664,0.1996954524723926
3727,0.4072,6,37,6,284524,321086,27834,80122,2.974230241950424,0.19970190026121115
3728,0.4073,8,34,8,284558,321052,27842,80114,2.9739152988254474,0.19970286614518679
3729,0.4074,2,20,2,284578,321032,27844,80112,2.9737300381636964,0.19970883273836826
3730,0.4075,11,107,11,284685,320925,27855,80101,2.972738893623328,0.19974016647299675
3731,0.4076,5,61,5,284746,320864,27860,80096,2.9721738486049873,0.19976057462090982
3732,0.4077,4,28,4,284774,320836,27864,80092,2.971914483678536,0.19976654162343363
3733,0.4078,18,110,18,284884,320726,27882,80074,2.9708955500389047,0.19978542914171657
3734,0.4079,21,85,21,284969,320641,27903,80053,2.9701081922264625,0.19978587151292507
3735,0.408,17,115,17,285084,320526,27920,80036,2.969042943421394,0.19980926797849022
3736,0.4081,14,93,14,285177,320433,27934,80022,2.9681814813442515,0.19982769599580477
3737,0.4082,16,85,16,285262,320348,27950,80006,2.9673941235318093,0.19983814324322974
3738,0.4083,71,473,71,285735,319875,28021,79935,2.9630127088813962,0.19993246792226307
3739,0.4084,15,115,15,285850,319760,28036,79920,2.9619474600763276,0.1999599679743795
3740,0.4085,2,29,2,285879,319731,28038,79918,2.9616788321167884,0.19997047409101487
3741,0.4086,13,117,13,285996,319614,28051,79905,2.9605950572455444,0.20000300361184326
3742,0.4087,22,161,22,286157,319453,28073,79883,2.959103708918448,0.2000395656790272
3743,0.4088,13,104,13,286261,319349,28086,79870,2.9581403534773427,0.20006562813894127
3744,0.4089,10,83,10,286344,319266,28096,79860,2.9573715217310754,0.2000871905112671
3745,0.409,10,74,10,286418,319192,28106,79850,2.956686057282597,0.20010424967797877
3746,0.4091,7,34,7,286452,319158,28113,79843,2.9563711141576197,0.2001072679015842
3747,0.4092,22,202,22,286654,318956,28135,79821,2.954499981473934,0.20016450296782412
3748,0.4093,9,76,9,286730,318880,28144,79812,2.95379599095928,0.2001846036539484
3749,0.4094,21,100,21,286830,318780,28165,79791,2.9528696876505243,0.20019268837923482
3750,0.4095,3,28,3,286858,318752,28168,79788,2.9526103227240728,0.20020073267426106
3751,0.4096,7,69,7,286927,318683,28175,79781,2.9519711734410317,0.2002213499839383
3752,0.4097,9,92,9,287019,318591,28184,79772,2.9511189743969766,0.2002495211653693
3753,0.4098,16,143,16,287162,318448,28200,79756,2.9497943606654564,0.2002892989522958
3754,0.4099,8,62,8,287224,318386,28208,79748,2.9492200526140278,0.20030442011985913
3755,0.41,37,239,37,287463,318147,28245,79711,2.9470061877061027,0.20035037626489854
3756,0.4101,6,55,6,287518,318092,28251,79705,2.946496720886287,0.20036601583219582
3757,0.4102,6,41,6,287559,318051,28257,79699,2.9461169365296973,0.20037460716530484
3758,0.4103,8,53,8,287612,317998,28265,79691,2.945625995776057,0.2003852256411417
3759,0.4104,1,31,1,287643,317967,28266,79690,2.9453388417503428,0.20039883618294158
3760,0.4105,14,64,14,287707,317903,28280,79676,2.944746007632739,0.20040293878700838
3761,0.4106,9,60,9,287767,317843,28289,79667,2.944190225647486,0.20041508389726045
3762,0.4107,7,83,7,287850,317760,28296,79660,2.943421393901219,0.2004428564239344
3763,0.4108,23,178,23,288028,317582,28319,79637,2.9417725740116345,0.20048638156785048
3764,0.4109,13,179,13,288207,317403,28332,79624,2.9401144910889623,0.20055059227709954
3765,0.411,11,96,11,288303,317307,28343,79613,2.939225239912557,0.20057694245691826
3766,0.4111,3,33,3,288336,317274,28346,79610,2.938919559820668,0.20058757722659518
3767,0.4112,21,79,21,288415,317195,28367,79589,2.938187780206751,0.20058520504859068
3768,0.4113,6,56,6,288471,317139,28373,79583,2.937669050353848,0.20060142870826422
3769,0.4114,20,170,20,288641,316969,28393,79563,2.936094334728964,0.20064711044758052
3770,0.4115,2,44,2,288685,316925,28395,79561,2.9356867612731112,0.20066534505631978
3771,0.4116,2,44,2,288729,316881,28397,79559,2.935279187817259,0.20068358389668045
3772,0.4117,22,154,22,288883,316727,28419,79537,2.9338526807217757,0.20071719863525325
3773,0.4118,16,121,16,289004,316606,28435,79521,2.9327318537181815,0.20074622532672604
3774,0.4119,26,163,26,289167,316443,28461,79495,2.9312219793249104,0.20077638418136173
3775,0.412,10,86,10,289253,316357,28471,79485,2.9304253584793805,0.20079981406722885
3776,0.4121,15,147,15,289400,316210,28486,79470,2.92906369261551,0.20084411645774364
3777,0.4122,2,28,2,289428,316182,28488,79468,2.9288043276890585,0.20085429040818906
3778,0.4123,14,120,14,289548,316062,28502,79454,2.927692763718552,0.20088694262684695
3779,0.4124,11,64,11,289612,315998,28513,79443,2.9270999296009483,0.2008972261348722
3780,0.4125,9,107,9,289719,315891,28522,79434,2.9261087850605803,0.20093340922026182
3781,0.4126,5,41,5,289760,315850,28527,79429,2.9257290007039907,0.20094414325071658
3782,0.4127,8,50,8,289810,315800,28535,79421,2.925265849049613,0.20095339063460696
3783,0.4128,6,56,6,289866,315744,28541,79415,2.92474711919671,0.20096973623275693
3784,0.4129,14,132,14,289998,315612,28555,79401,2.923524398829153,0.2010085744013488
3785,0.413,2,42,2,290040,315570,28557,79399,2.9231353514394756,0.2010259032987399
3786,0.4131,17,135,17,290175,315435,28574,79382,2.9218848419726555,0.20106023803432982
3787,0.4132,15,78,15,290253,315357,28589,79367,2.921162325391826,0.20106960813125122
3788,0.4133,27,187,27,290440,315170,28616,79340,2.919430138204454,0.2011102380167803
3789,0.4134,9,59,9,290499,315111,28625,79331,2.918883619252288,0.2011220914608485
3790,0.4135,3,43,3,290542,315068,28628,79328,2.9184853088295233,0.2011379425754825
3791,0.4136,4,40,4,290582,315028,28632,79324,2.918114787506021,0.2011502414086907
3792,0.4137,5,44,5,290626,314984,28637,79319,2.9177072140501688,0.2011625577284474
3793,0.4138,19,164,19,290790,314820,28656,79300,2.9161880766238095,0.2012077539835583
3794,0.4139,9,49,9,290839,314771,28665,79291,2.9157341880025194,0.201214529693297
3795,0.414,5,23,5,290862,314748,28670,79286,2.915521138241506,0.2012161387088424
3796,0.4141,4,48,4,290910,314700,28674,79282,2.9150765126533034,0.20123254361874401
3797,0.4142,6,39,6,290949,314661,28680,79276,2.9147152543628887,0.20124029984489905
3798,0.4143,8,83,8,291032,314578,28688,79268,2.9139464226166214,0.20126648486972065
3799,0.4144,12,55,12,291087,314523,28700,79256,2.913436955796806,0.20127025565101236
3800,0.4145,7,82,7,291169,314441,28707,79249,2.9126773870836264,0.20129797556453047
3801,0.4146,7,35,7,291204,314406,28714,79242,2.912353180925562,0.2013016705279844
3802,0.4147,13,72,13,291276,314334,28727,79229,2.9116862425432584,0.20131211521408263
3803,0.4148,32,161,32,291437,314173,28759,79197,2.910194894216162,0.20132953707705215
3804,0.4149,7,70,7,291507,314103,28766,79190,2.9095464819000334,0.20135115549984361
3805,0.415,33,184,33,291691,313919,28799,79157,2.907842083811923,0.20137835940123539
3806,0.4151,22,158,22,291849,313761,28821,79135,2.9063785245840896,0.2014146237172178
3807,0.4152,11,52,11,291901,313709,28832,79124,2.905896846863537,0.20141892356293895
3808,0.4153,16,142,16,292043,313567,28848,79108,2.9045814961651044,0.20145922200292862
3809,0.4154,12,130,12,292173,313437,28860,79096,2.9033773018637223,0.20150152980768496
3810,0.4155,16,75,16,292248,313362,28876,79080,2.9026825743821556,0.20150748390845016
3811,0.4156,13,92,13,292340,313270,28889,79067,2.9018303753381005,0.20152827798550735
3812,0.4157,16,99,16,292439,313171,28905,79051,2.900913335062433,0.20154657311420573
3813,0.4158,11,62,11,292501,313109,28916,79040,2.9003390270110043,0.20155604119862602
3814,0.4159,4,70,4,292571,313039,28920,79036,2.8996906146948755,0.20158388063508256
3815,0.416,17,168,17,292739,312871,28937,79019,2.8981344251361665,0.20163566306871827
3816,0.4161,11,81,11,292820,312790,28948,79008,2.8973841194560745,0.20165493443049734
3817,0.4162,9,68,9,292888,312722,28957,78999,2.896754233206121,0.20167159789748315
3818,0.4163,11,66,11,292954,312656,28968,78988,2.8961428730223426,0.2016831612382674
3819,0.4164,11,45,11,292999,312611,28979,78977,2.8957260365334023,0.20168391268373903
3820,0.4165,12,106,12,293105,312505,28991,78965,2.894744155026122,0.20171405216236238
3821,0.4166,11,63,11,293168,312442,29002,78954,2.894160583941606,0.20172408506985254
3822,0.4167,120,687,120,293855,311755,29122,78834,2.8877968802104563,0.2018336409883535
3823,0.4168,3,41,3,293896,311714,29125,78831,2.8874170958538663,0.20184869861347604
3824,0.4169,17,115,17,294011,311599,29142,78814,2.8863518470487977,0.2018734007320453
3825,0.417,6,51,6,294062,311548,29148,78808,2.8858794323613326,0.2018875078133806
3826,0.4171,27,121,27,294183,311427,29175,78781,2.8847586053577383,0.2018948868295883
3827,0.4172,15,159,15,294342,311268,29190,78766,2.883285783096817,0.20194649697205885
3828,0.4173,4,44,4,294386,311224,29194,78762,2.882878209640965,0.201961096039345
3829,0.4174,17,114,17,294500,311110,29211,78745,2.8818222238689835,0.20198535352887612
3830,0.4175,21,166,21,294666,310944,29232,78724,2.8802845603764498,0.20202839340156237
3831,0.4176,14,133,14,294799,310811,29246,78710,2.879052576975805,0.20206869462750404
3832,0.4177,7,52,7,294851,310759,29253,78703,2.8785708992552523,0.20208133271025158
3833,0.4178,19,126,19,294977,310633,29272,78684,2.87740375708622,0.2021077939057375
3834,0.4179,24,135,24,295112,310498,29296,78660,2.8761532476194005,0.20212869836929986
3835,0.418,37,238,37,295350,310260,29333,78623,2.8739486457445627,0.2021764901011358
3836,0.4181,18,84,18,295434,310176,29351,78605,2.873170550965208,0.20218323426299126
3837,0.4182,14,59,14,295493,310117,29365,78591,2.8726240320130425,0.2021851878530928
3838,0.4183,19,135,19,295628,309982,29384,78572,2.8713735225462225,0.20221642294249964
3839,0.4184,15,88,15,295716,309894,29399,78557,2.8705583756345177,0.20223142687237258
3840,0.4185,5,21,5,295737,309873,29404,78552,2.870363851939679,0.20223209113728519
3841,0.4186,6,60,6,295797,309813,29410,78546,2.8698080699544257,0.20225101001908027
3842,0.4187,14,100,14,295897,309713,29424,78532,2.8688817666456705,0.20227433708096693
3843,0.4188,15,57,15,295954,309656,29439,78517,2.86835377375968,0.2022732132322444
3844,0.4189,9,67,9,296021,309589,29448,78508,2.8677331505428136,0.20228963377712272
3845,0.419,24,210,24,296231,309379,29472,78484,2.8657879135944273,0.20234979876915302
3846,0.4191,14,125,14,296356,309254,29486,78470,2.864630034458483,0.2023862335063086
3847,0.4192,15,104,15,296460,309150,29501,78455,2.8636666790173773,0.20240966963790458
3848,0.4193,1,52,1,296512,309098,29502,78454,2.8631850012968245,0.20243477004376187
3849,0.4194,7,89,7,296601,309009,29509,78447,2.8623605913520325,0.202466860753221
3850,0.4195,15,126,15,296727,308883,29524,78432,2.8611934491830007,0.2025018395879323
3851,0.4196,4,29,4,296756,308854,29528,78428,2.8609248212234615,0.20250876622202943
3852,0.4197,7,76,7,296832,308778,29535,78421,2.8602208307088075,0.20253409745376408
3853,0.4198,29,165,29,296997,308613,29564,78392,2.858692430249361,0.2025606904303562
3854,0.4199,7,42,7,297039,308571,29571,78385,2.8583033828596838,0.2025682506538211
3855,0.42,28,163,28,297202,308408,29599,78357,2.8567935084664122,0.20259589156205965
3856,0.4201,28,199,28,297401,308209,29627,78329,2.854950164881989,0.20264243101583804
3857,0.4202,31,203,31,297604,308006,29658,78298,2.8530697691652156,0.20268493207422134
3858,0.4203,15,88,15,297692,307918,29673,78283,2.852254622253511,0.2027001483683367
3859,0.4204,8,70,8,297762,307848,29681,78275,2.851606209937382,0.2027203766675386
3860,0.4205,23,132,23,297894,307716,29704,78252,2.8503834895698246,0.20274219624424822
3861,0.4206,24,204,24,298098,307512,29728,78228,2.848493830819964,0.20279981334577696
3862,0.4207,12,88,12,298186,307424,29740,78216,2.847678683908259,0.20282128409915984
3863,0.4208,10,106,10,298292,307318,29750,78206,2.846696802400978,0.2028563721065355
3864,0.4209,11,73,11,298365,307245,29761,78195,2.846020600985587,0.20287204234122042
3865,0.421,13,82,13,298447,307163,29774,78182,2.8452610322724072,0.20288832085533742
3866,0.4211,12,83,12,298530,307080,29786,78170,2.8444922005261404,0.2029072031148605
3867,0.4212,42,232,42,298762,306848,29828,78128,2.8423431768498277,0.20294252109222394
3868,0.4213,13,85,13,298847,306763,29841,78115,2.8415558190373855,0.20296041862616207
3869,0.4214,9,83,9,298930,306680,29850,78106,2.8407869872911187,0.2029855556075325
3870,0.4215,3,36,3,298966,306644,29853,78103,2.8404535180999666,0.20299833397011544
3871,0.4216,9,100,9,299066,306544,29862,78094,2.8395272147912114,0.20303246169125255
3872,0.4217,32,192,32,299258,306352,29894,78062,2.8377487124384007,0.20306752615669565
3873,0.4218,0,4,0,299262,306348,29894,78062,2.837711660306051,0.20306963918732604
3874,0.4219,23,132,23,299394,306216,29917,78039,2.8364889399384934,0.20309169692001405
3875,0.422,16,77,16,299471,306139,29933,78023,2.8357756863907517,0.20309921335270018
3876,0.4221,13,86,13,299557,306053,29946,78010,2.8349790655452223,0.20311771766611206
3877,0.4222,9,32,9,299589,306021,29955,78001,2.8346826484864205,0.20311596731437262
3878,0.4223,3,49,3,299638,305972,29958,77998,2.8342287598651303,0.2031356616402323
3879,0.4224,19,70,19,299708,305902,29977,77979,2.8335803475490016,0.20313326265170717
3880,0.4225,15,119,15,299827,305783,29992,77964,2.8324780466115826,0.2031651061767258
3881,0.4226,12,87,12,299914,305696,30004,77952,2.831672162732965,0.20318625406622737
3882,0.4227,17,99,17,300013,305597,30021,77935,2.8307551224572975,0.20320338329005141
3883,0.4228,2,20,2,300033,305577,30023,77933,2.830569861795546,0.2032098250371568
3884,0.4229,5,28,5,300061,305549,30028,77928,2.8303104968690946,0.20321427360702207
3885,0.423,17,142,17,300203,305407,30045,77911,2.828995146170662,0.20325421712520675
3886,0.4231,8,59,8,300262,305348,30053,77903,2.8284486272184965,0.20326887601076057
3887,0.4232,9,118,9,300380,305230,30062,77894,2.827355589314165,0.2033127655798123
3888,0.4233,35,188,35,300568,305042,30097,77859,2.825614139093705,0.20333976667598153
3889,0.4234,15,73,15,300641,304969,30112,77844,2.8249379376783135,0.20334732624022694
3890,0.4235,5,69,5,300710,304900,30117,77839,2.824298788395272,0.20337357833928604
3891,0.4236,11,64,11,300774,304836,30128,77828,2.823705954277669,0.20338469257625488
3892,0.4237,9,106,9,300880,304730,30137,77819,2.822724072770388,0.20342230668489528
3893,0.4238,14,145,14,301025,304585,30151,77805,2.8213809329726924,0.20347027903449358
3894,0.4239,12,101,12,301126,304484,30163,77793,2.8204453666308495,0.20349903342340764
3895,0.424,2,48,2,301174,304436,30165,77791,2.820000741042647,0.20352042111101518
3896,0.4241,2,14,2,301188,304422,30167,77789,2.8198710585794213,0.2035237081088718
3897,0.4242,7,37,7,301225,304385,30174,77782,2.8195283263551816,0.20352882378645984
3898,0.4243,14,77,14,301302,304308,30188,77768,2.81881507280744,0.20354065683267203
3899,0.4244,13,81,13,301383,304227,30201,77755,2.818064767127348,0.20355671209638151
3900,0.4245,15,89,15,301472,304138,30216,77740,2.817240357182556,0.2035728688219798
3901,0.4246,12,42,12,301514,304096,30228,77728,2.8168513097928787,0.203570231310761
3902,0.4247,17,87,17,301601,304009,30245,77711,2.8160454259142615,0.20358115896468615
3903,0.4248,10,35,10,301636,303974,30255,77701,2.815721219756197,0.20357896115805332
3904,0.4249,12,92,12,301728,303882,30267,77689,2.814869020712142,0.20360299917970706
3905,0.425,83,596,83,302324,303286,30350,77606,2.80934825299196,0.2037480440649843
3906,0.4251,17,118,17,302442,303168,30367,77589,2.808255215087628,0.2037756364295338
3907,0.4252,6,52,6,302494,303116,30373,77583,2.8077735373670754,0.20379092143662053
3908,0.4253,3,32,3,302526,303084,30376,77580,2.8074771203082736,0.20380177794590504
3909,0.4254,5,49,5,302575,303035,30381,77575,2.8070232316869834,0.2038175560284806
3910,0.4255,23,190,23,302765,302845,30404,77552,2.8052632554003485,0.2038712187530396
3911,0.4256,10,64,10,302829,302781,30414,77542,2.804670421282745,0.20388459283293411
3912,0.4257,17,149,17,302978,302632,30431,77525,2.803290229352699,0.20392890305847322
3913,0.4258,32,96,32,303074,302536,30463,77493,2.802400978176294,0.20391338555741798
3914,0.4259,9,51,9,303125,302485,30472,77484,2.8019285634888287,0.2039218988917517
3915,0.426,13,70,13,303195,302415,30485,77471,2.8012801511727,0.20393223230126933
3916,0.4261,8,72,8,303267,302343,30493,77463,2.800613212790396,0.203954123947489
3917,0.4262,24,190,24,303457,302153,30517,77439,2.798853236503761,0.20400587999747097
3918,0.4263,20,130,20,303587,302023,30537,77419,2.7976490422023788,0.2040338180802336
3919,0.4264,16,85,16,303672,301938,30553,77403,2.7968616843899365,0.20404596392164306
3920,0.4265,10,43,10,303715,301895,30563,77393,2.7964633739671716,0.2040481111978233
3921,0.4266,24,152,24,303867,301743,30587,77369,2.7950553929378636,0.20407953322501002
3922,0.4267,33,193,33,304060,301550,30620,77336,2.7932676275519657,0.20411416626637036
3923,0.4268,1,14,1,304074,301536,30621,77335,2.79313794508874,0.20411960799322196
3924,0.4269,11,80,11,304154,301456,30632,77324,2.7923969024417357,0.20413960610380696
3925,0.427,4,70,4,304224,301386,30636,77320,2.791748490125607,0.20416893315659113
3926,0.4271,25,101,25,304325,301285,30661,77295,2.7908129237837636,0.2041708489619103
3927,0.4272,7,64,7,304389,301221,30668,77288,2.7902200896661604,0.2041906533266052
3928,0.4273,6,37,6,304426,301184,30674,77282,2.7898773574419207,0.20419799929187826
3929,0.4274,13,57,13,304483,301127,30687,77269,2.7893493645559304,0.20420141861964713
3930,0.4275,18,119,18,304602,301008,30705,77251,2.788247063618511,0.2042277910109211
3931,0.4276,20,121,20,304723,300887,30725,77231,2.787126236614917,0.2042510539038078
3932,0.4277,13,125,13,304848,300762,30738,77218,2.785968357478973,0.20429123234033547
3933,0.4278,12,69,12,304917,300693,30750,77206,2.7853292081959315,0.2043032662166346
3934,0.4279,22,109,22,305026,300584,30772,77184,2.784319537589388,0.20431587641091886
3935,0.428,8,73,8,305099,300511,30780,77176,2.7836433361739967,0.20433851310741433
3936,0.4281,8,52,8,305151,300459,30788,77168,2.783161658453444,0.20434979490343647
3937,0.4282,7,107,7,305258,300352,30795,77161,2.782170513913076,0.20439296130199489
3938,0.4283,27,191,27,305449,300161,30822,77134,2.780401274593353,0.20443949694536107
3939,0.4284,10,59,10,305508,300102,30832,77124,2.7798547556411872,0.20445038252930603
3940,0.4285,14,97,14,305605,300005,30846,77110,2.778956241431694,0.20447343648489189
3941,0.4286,13,116,13,305721,299889,30859,77097,2.7778817295935383,0.20450892075567792
3942,0.4287,5,75,5,305796,299814,30864,77092,2.7771870021119716,0.2045390627901917
3943,0.4288,15,104,15,305900,299710,30879,77077,2.776223646670866,0.2045638517252453
3944,0.4289,21,141,21,306041,299569,30900,77056,2.774917559005521,0.20459608363757054
3945,0.429,13,117,13,306158,299452,30913,77043,2.773833784134277,0.2046321996308052
3946,0.4291,8,58,8,306216,299394,30921,77035,2.773296528215199,0.2046468258290408
3947,0.4292,19,111,19,306327,299283,30940,77016,2.77226833154248,0.20466703339631517
3948,0.4293,14,98,14,306425,299185,30954,77002,2.7713605542999,0.20469075220568494
3949,0.4294,4,74,4,306499,299111,30958,76998,2.7706750898514207,0.20472256712814635
3950,0.4295,19,117,19,306616,298994,30977,76979,2.769591314980177,0.20474608549018147
3951,0.4296,6,56,6,306672,298938,30983,76973,2.769072585127274,0.20476389358119343
3952,0.4297,13,75,13,306747,298863,30996,76960,2.7683778576457074,0.20477724886449206
3953,0.4298,15,97,15,306844,298766,31011,76945,2.767479343436215,0.20479836895912018
3954,0.4299,21,115,21,306959,298651,31032,76924,2.766414094631146,0.20481661452439592
3955,0.43,33,298,33,307257,298353,31065,76891,2.763653710771055,0.2049093389900971
3956,0.4301,7,63,7,307320,298290,31072,76884,2.763070139686539,0.20492891298437524
3957,0.4302,8,59,8,307379,298231,31080,76876,2.762523620734373,0.20494418925799837
3958,0.4303,1,7,1,307386,298224,31081,76875,2.76245877950276,0.20494589428390905
3959,0.4304,23,83,23,307469,298141,31104,76852,2.7616899477564933,0.20494249225985553
3960,0.4305,6,78,6,307547,298063,31110,76846,2.760967431175664,0.204972406637344
3961,0.4306,7,46,7,307593,298017,31117,76839,2.7605413316536365,0.20498271336193097
3962,0.4307,14,110,14,307703,297907,31131,76825,2.759522398014006,0.2050131827546086
3963,0.4308,24,167,24,307870,297740,31155,76801,2.757975471488384,0.2050536523371273
3964,0.4309,13,61,13,307931,297679,31168,76788,2.7574104264700434,0.20505945784274715
3965,0.431,15,170,15,308101,297509,31183,76773,2.755835710845159,0.20512073783938314
3966,0.4311,6,60,6,308161,297449,31189,76767,2.7552799288599057,0.20514088120230028
3967,0.4312,10,77,10,308238,297372,31199,76757,2.754566675312164,0.20516185593739059
3968,0.4313,3,24,3,308262,297348,31202,76754,2.754344362518063,0.20516864384579606
3969,0.4314,16,74,16,308336,297274,31218,76738,2.7536588980695837,0.20517523501919724
3970,0.4315,8,89,8,308425,297185,31226,76730,2.7528344881247917,0.2052070657769814
3971,0.4316,7,72,7,308497,297113,31233,76723,2.7521675497424876,0.20523170588172354
3972,0.4317,36,275,36,308772,296838,31269,76687,2.7496202156434104,0.20530620440398903
3973,0.4318,34,162,34,308934,296676,31303,76653,2.7481196042832265,0.20532291892673754
3974,0.4319,13,96,13,309030,296580,31316,76640,2.747230353106821,0.20534805208724077
3975,0.432,2,49,2,309079,296531,31318,76638,2.746776464485531,0.20537075694926427
3976,0.4321,11,85,11,309164,296446,31329,76627,2.745989106673089,0.20539411857732937
3977,0.4322,12,119,12,309283,296327,31341,76615,2.74488680573567,0.20543408894680673
3978,0.4323,8,47,8,309330,296280,31349,76607,2.744451443180555,0.20544293579556272
3979,0.4324,18,129,18,309459,296151,31367,76589,2.7432565119122607,0.20547566668455222
3980,0.4325,24,106,24,309565,296045,31391,76565,2.74227463040498,0.2054829446337994
3981,0.4326,12,83,12,309648,295962,31403,76553,2.741505798658713,0.20550313410198248
3982,0.4327,18,111,18,309759,295851,31421,76535,2.740477601985994,0.20552598647639814
3983,0.4328,6,53,6,309812,295798,31427,76529,2.739986661232354,0.20554243984454526
3984,0.4329,12,77,12,309889,295721,31439,76517,2.739273407684612,0.20555934643964346
3985,0.433,7,27,7,309916,295694,31446,76510,2.7390233057912483,0.2055593169337245
3986,0.4331,10,80,10,309996,295614,31456,76500,2.738282263144244,0.20558216030571277
3987,0.4332,18,138,18,310134,295476,31474,76482,2.7370039645781614,0.2056199893536367
3988,0.4333,126,696,126,310830,294780,31600,76356,2.730556893549224,0.20573590274185205
3989,0.4334,20,99,20,310929,294681,31620,76336,2.729639853273556,0.20574798459369786
3990,0.4335,5,63,5,310992,294618,31625,76331,2.72905628218904,0.2057722220574796
3991,0.4336,36,178,36,311170,294440,31661,76295,2.7274074622994555,0.2057938959094771
3992,0.4337,10,95,10,311265,294345,31671,76285,2.726527474156138,0.20582521652321722
3993,0.4338,26,140,26,311405,294205,31697,76259,2.7252306495238803,0.20584726181221388
3994,0.4339,14,81,14,311486,294124,31711,76245,2.7244803438437883,0.20586226169036825
3995,0.434,9,118,9,311604,294006,31720,76236,2.7233873059394567,0.2059085679096375
3996,0.4341,13,110,13,311714,293896,31733,76223,2.722368372299826,0.20594187274903478
3997,0.4342,13,73,13,311787,293823,31746,76210,2.7216921708844346,0.20595460404882807
3998,0.4343,22,141,22,311928,293682,31768,76188,2.7203860832190894,0.20598588693324682
3999,0.4344,12,93,12,312021,293589,31780,76176,2.7195246211419466,0.2060119264938542
4000,0.4345,32,187,32,312208,293402,31812,76144,2.7177924339545743,0.20604742034821105
4001,0.4346,21,86,21,312294,293316,31833,76123,2.7169958131090444,0.2060502545751802
4002,0.4347,10,63,10,312357,293253,31843,76113,2.7164122420245285,0.20606390409512515
4003,0.4348,6,55,6,312412,293198,31849,76107,2.715902775204713,0.2060816939927702
4004,0.4349,8,68,8,312480,293130,31857,76099,2.7152728889547593,0.2061024459075533
4005,0.435,37,192,37,312672,292938,31894,76062,2.713494386601949,0.206130081300813
4006,0.4351,37,200,37,312872,292738,31931,76025,2.711641779984438,0.20616222343347895
4007,0.4352,24,190,24,313062,292548,31955,76001,2.7098818036978027,0.20621681241843012
4008,0.4353,11,82,11,313144,292466,31966,75990,2.7091222349846236,0.20623900818550925
4009,0.4354,10,88,10,313232,292378,31976,75980,2.7083070880729188,0.2062667296488742
4010,0.4355,17,154,17,313386,292224,31993,75963,2.7068805809774354,0.2063163555475886
4011,0.4356,35,146,35,313532,292078,32028,75928,2.7055281781466523,0.20632272299908153
4012,0.4357,34,207,34,313739,291871,32062,75894,2.7036107302975285,0.20636547795467214
4013,0.4358,13,88,13,313827,291783,32075,75881,2.7027955833858237,0.20638680969580922
4014,0.4359,29,206,29,314033,291577,32104,75852,2.7008873985697877,0.20643988362377494
4015,0.436,7,34,7,314067,291543,32111,75845,2.700572455444811,0.20644386860757563
4016,0.4361,10,81,10,314148,291462,32121,75835,2.699822149764719,0.2064677903712799
4017,0.4362,15,95,15,314243,291367,32136,75820,2.6989421616214013,0.20648879181452504
4018,0.4363,18,95,18,314338,291272,32154,75802,2.6980621734780836,0.20650332085628512
4019,0.4364,8,89,8,314427,291183,32162,75794,2.697237763533291,0.20653610444251275
4020,0.4365,11,88,11,314515,291095,32173,75783,2.6964226166215868,0.20656185434940225
4021,0.4366,30,143,30,314658,290952,32203,75753,2.695098002890066,0.20657749417106394
4022,0.4367,37,184,37,314842,290768,32240,75716,2.6933936048019564,0.20660110673317253
4023,0.4368,22,123,22,314965,290645,32262,75694,2.6922542517321872,0.2066228274903846
4024,0.4369,18,123,18,315088,290522,32280,75676,2.691114898662418,0.20665323131202246
4025,0.437,28,150,28,315238,290372,32308,75648,2.689725443699285,0.2066772307524179
4026,0.4371,11,87,11,315325,290285,32319,75637,2.688919559820668,0.20670252130235406
4027,0.4372,16,104,16,315429,290181,32335,75621,2.687956204379562,0.20672658979447897
4028,0.4373,25,156,25,315585,290025,32360,75596,2.6865111712179037,0.20676055259407966
4029,0.4374,16,86,16,315671,289939,32376,75580,2.685714550372374,0.20677447683978123
4030,0.4375,21,129,21,315800,289810,32397,75559,2.6845196191040794,0.20680189069132848
4031,0.4376,18,112,18,315912,289698,32415,75541,2.6834821593982734,0.2068262151632219
4032,0.4377,5,38,5,315950,289660,32420,75536,2.6831301641409464,0.20683687663610772
4033,0.4378,10,62,10,316012,289598,32430,75526,2.6825558560895177,0.20685027552283608
4034,0.4379,15,71,15,316083,289527,32445,75511,2.6818981807403017,0.206857916162153
4035,0.438,11,60,11,316143,289467,32456,75500,2.6813423987550484,0.2068680182043856
4036,0.4381,31,148,31,316291,289319,32487,75469,2.6799714698580903,0.20688454664078862
4037,0.4382,1,35,1,316326,289284,32488,75468,2.679647263700026,0.20690222397683905
4038,0.4383,27,205,27,316531,289079,32515,75441,2.677748341917077,0.206959837594645
4039,0.4384,2,15,2,316546,289064,32517,75439,2.677609396420764,0.2069640030397555
4040,0.4385,10,77,10,316623,288987,32527,75429,2.6768961428730225,0.20698597207586933
4041,0.4386,11,85,11,316708,288902,32538,75418,2.6761087850605803,0.20701032059727711
4042,0.4387,14,124,14,316832,288778,32552,75404,2.6749601689577234,0.20705032099334947
4043,0.4388,13,146,13,316978,288632,32565,75391,2.6736077661269406,0.207105045560308
4044,0.4389,14,78,14,317056,288554,32579,75377,2.6728852495461113,0.2071189318854398
4045,0.439,11,55,11,317111,288499,32590,75366,2.672375782726296,0.20712626935814107
4046,0.4391,11,116,11,317227,288383,32601,75355,2.6713012708881396,0.20716834644716803
4047,0.4392,28,144,28,317371,288239,32629,75327,2.669967394123532,0.2071893411375101
4048,0.4393,25,96,25,317467,288143,32654,75302,2.6690781429471264,0.20718953349200017
4049,0.4394,18,116,18,317583,288027,32672,75284,2.6680036311089705,0.20721640688005594
4050,0.4395,10,71,10,317654,287956,32682,75274,2.667345955759754,0.20723508520771963
4051,0.4396,28,159,28,317813,287797,32710,75246,2.665873133498833,0.20726470418104742
4052,0.4397,15,83,15,317896,287714,32725,75231,2.665104301752566,0.2072793398448801
4053,0.4398,1,64,1,317960,287650,32726,75230,2.6645114676349624,0.20731371252204586
4054,0.4399,21,111,21,318071,287539,32747,75209,2.663483270962244,0.20733126026883678
4055,0.44,41,225,41,318296,287314,32788,75168,2.6613990885175443,0.20737029700785142
4056,0.4401,6,67,6,318363,287247,32794,75162,2.660778465300678,0.20739551170086837
4057,0.4402,13,60,13,318423,287187,32807,75149,2.6602226833154248,0.20740141746886867
4058,0.4403,23,123,23,318546,287064,32830,75126,2.6590833302456556,0.20742151909218917
4059,0.4404,19,116,19,318662,286948,32849,75107,2.6580088184074993,0.20744638245570424
4060,0.4405,15,119,15,318781,286829,32864,75092,2.6569065174700803,0.2074817432533619
4061,0.4406,23,146,23,318927,286683,32887,75069,2.6555541146392976,0.2075150932130299
4062,0.4407,25,92,25,319019,286591,32912,75044,2.6547019155952425,0.20751310022536534
4063,0.4408,19,122,19,319141,286469,32931,75025,2.653571825558561,0.2075414806331502
4064,0.4409,19,150,19,319291,286319,32950,75006,2.652182370595428,0.20758596831107728
4065,0.441,35,165,35,319456,286154,32985,74971,2.6506539701359815,0.20760401523018346
4066,0.4411,7,63,7,319519,286091,32992,74964,2.6500703990514656,0.20762487709628727
4067,0.4412,20,110,20,319629,285981,33012,74944,2.6490514654118344,0.20764424741982407
4068,0.4413,4,44,4,319673,285937,33016,74940,2.6486438919559823,0.2076607819284687
4069,0.4414,24,206,24,319879,285731,33040,74916,2.6467357071399458,0.20772666901429931
4070,0.4415,30,122,30,320001,285609,33070,74886,2.6456056171032643,0.20773103649149086
4071,0.4416,15,77,15,320078,285532,33085,74871,2.6448923635555226,0.20774244387532845
4072,0.4417,80,443,80,320521,285089,33165,74791,2.640788839897736,0.2078220517950428
4073,0.4418,1,32,1,320553,285057,33166,74790,2.6404924228389346,0.2078383312907986
4074,0.4419,19,141,19,320694,284916,33185,74771,2.6391863351735894,0.2078779605601537
4075,0.442,4,40,4,320734,284876,33189,74767,2.638815813850087,0.20789227094646637
4076,0.4421,22,125,22,320859,284751,33211,74745,2.637657934714143,0.20791608251552174
4077,0.4422,9,72,9,320931,284679,33220,74736,2.6369909963318388,0.20793789908601476
4078,0.4423,8,84,8,321015,284595,33228,74728,2.6362129015524842,0.2079688748006668
4079,0.4424,9,58,9,321073,284537,33237,74719,2.6356756456334063,0.20798260850201528
4080,0.4425,21,147,21,321220,284390,33258,74698,2.634313979769536,0.2080214320723611
4081,0.4426,20,132,20,321352,284258,33278,74678,2.6330912594019784,0.2080538034635701
4082,0.4427,4,25,4,321377,284233,33282,74674,2.63285968357479,0.2080594694447308
4083,0.4428,6,28,6,321405,284205,33288,74668,2.6326003186483384,0.20806246220807917
4084,0.4429,36,198,36,321603,284007,33324,74632,2.6307662380970025,0.20809783654315342
4085,0.443,5,54,5,321657,283953,33329,74627,2.6302660343102744,0.20811813263427967
4086,0.4431,11,69,11,321726,283884,33340,74616,2.6296268850272333,0.20813389121338913
4087,0.4432,4,52,4,321778,283832,33344,74612,2.6291452073066806,0.20815524879758066
4088,0.4433,52,206,52,321984,283626,33396,74560,2.6272370224906445,0.2081600062537341
4089,0.4434,5,52,5,322036,283574,33401,74555,2.6267553447700913,0.20817917566016714
4090,0.4435,28,173,28,322209,283401,33429,74527,2.6251528400459447,0.20821785387005207
4091,0.4436,22,148,22,322357,283253,33451,74505,2.6237819111489866,0.208255301069438
4092,0.4437,11,147,11,322504,283106,33462,74494,2.622420245285116,0.2083165548098434
4093,0.4438,25,159,25,322663,282947,33487,74469,2.620947423024195,0.2083538509747745
4094,0.4439,27,125,27,322788,282822,33514,74442,2.619789543888251,0.20836692194007791
4095,0.444,19,81,19,322869,282741,33533,74423,2.619039238208159,0.20837206437378908
4096,0.4441,9,95,9,322964,282646,33542,74414,2.618159250064841,0.208407550551728
4097,0.4442,4,45,4,323009,282601,33546,74410,2.6177424135759013,0.20842495049172155
4098,0.4443,11,86,11,323095,282515,33557,74399,2.6169457927303714,0.20845077525678454
4099,0.4444,15,135,15,323230,282380,33572,74384,2.615695283263552,0.20849637295242793
4100,0.4445,13,76,13,323306,282304,33585,74371,2.614991292748898,0.20851195065535852
4101,0.4446,13,92,13,323398,282212,33598,74358,2.6141390937048428,0.20853689317665536
4102,0.4447,17,110,17,323508,282102,33615,74341,2.6131201600652116,0.20856350103663138
4103,0.4448,9,48,9,323556,282054,33624,74332,2.612675534477009,0.20857160494519986
4104,0.4449,7,77,7,323633,281977,33631,74325,2.6119622809292675,0.2086011305016531
4105,0.445,32,220,32,323853,281757,33663,74293,2.6099244136500057,0.20865889622244066
4106,0.4451,21,105,21,323958,281652,33684,74272,2.6089517951758125,0.2086737618143199
4107,0.4452,19,81,19,324039,281571,33703,74253,2.6082014894957206,0.2086790098475651
4108,0.4453,4,26,4,324065,281545,33707,74249,2.607960650635444,0.2086853628785196
4109,0.4454,15,72,15,324137,281473,33722,74234,2.6072937122531403,0.20869423429957804
4110,0.4455,8,60,8,324197,281413,33730,74226,2.606737930267887,0.20871164298628667
4111,0.4456,11,66,11,324263,281347,33741,74215,2.6061265700841085,0.20872590434298377
4112,0.4457,10,70,10,324333,281277,33751,74205,2.6054781577679798,0.20874474656944655
4113,0.4458,9,62,9,324395,281215,33760,74196,2.604903849716551,0.20876112444465703
4114,0.4459,9,93,9,324488,281122,33769,74187,2.6040423876394088,0.2087957242850589
4115,0.446,13,125,13,324613,280997,33782,74174,2.602884508503464,0.2088402487815728
4116,0.4461,8,45,8,324658,280952,33790,74166,2.6024676720145243,0.2088488896648438
4117,0.4462,19,103,19,324761,280849,33809,74147,2.6015135796065065,0.20886714216498214
4118,0.4463,30,238,30,324999,280611,33839,74117,2.5993089777316682,0.20894037121400058
4119,0.4464,12,119,12,325118,280492,33851,74105,2.5982066767942493,0.20898371954641468
4120,0.4465,6,24,6,325142,280468,33857,74099,2.597984364000148,0.20898447966110778
4121,0.4466,19,140,19,325282,280328,33876,74080,2.5966875393678905,0.20902462698358953
4122,0.4467,37,264,37,325546,280064,33913,74043,2.594242098632776,0.2090978150671972
4123,0.4468,2,41,2,325587,280023,33915,74041,2.5938623142761865,0.20911756066699805
4124,0.4469,14,94,14,325681,279929,33929,74027,2.5929915891659565,0.20914181423679779
4125,0.447,21,157,21,325838,279772,33950,74006,2.5915372929712106,0.2091876826710536
4126,0.4471,19,89,19,325927,279683,33969,73987,2.590712883026418,0.2091978397941584
4127,0.4472,4,35,4,325962,279648,33973,73983,2.5903886768683537,0.20920959983711834
4128,0.4473,7,47,7,326009,279601,33980,73976,2.589953314313239,0.2092217536774168
4129,0.4474,4,41,4,326050,279560,33984,73972,2.589573529956649,0.20923707047735424
4130,0.4475,21,132,21,326182,279428,34005,73951,2.588350809589092,0.20926823608646808
4131,0.4476,12,109,12,326291,279319,34017,73939,2.5873411389825485,0.20930594636214891
4132,0.4477,11,55,11,326346,279264,34028,73928,2.586831672162733,0.20931391424494325
4133,0.4478,16,59,16,326405,279205,34044,73912,2.586285153210567,0.2093130605436725
4134,0.4479,14,86,14,326491,279119,34058,73898,2.5854885323650376,0.2093326950260186
4135,0.448,4,19,4,326510,279100,34062,73894,2.585312534736374,0.20933500286123843
4136,0.4481,7,21,7,326531,279079,34069,73887,2.5851180110415353,0.20933177699835112
4137,0.4482,13,75,13,326606,279004,34082,73874,2.584423283559969,0.20934713980469172
4138,0.4483,22,137,22,326743,278867,34104,73852,2.583154248026974,0.20937913750038983
4139,0.4484,8,89,8,326832,278778,34112,73844,2.5823298380821815,0.20941404676962866
4140,0.4485,7,56,7,326888,278722,34119,73837,2.5818111082292785,0.20943161286479708
4141,0.4486,11,58,11,326946,278664,34130,73826,2.5812738523102006,0.20944140259298136
4142,0.4487,15,141,15,327087,278523,34145,73811,2.5799677646448553,0.20949156198379945
4143,0.4488,30,195,30,327282,278328,34175,73781,2.5781614731927824,0.20954022759997615
4144,0.4489,8,43,8,327325,278285,34183,73773,2.5777631627700175,0.2095478585914821
4145,0.449,10,45,10,327370,278240,34193,73763,2.5773463262810776,0.20955219131655128
4146,0.4491,7,35,7,327405,278205,34200,73756,2.5770221201230132,0.20955730890638452
4147,0.4492,15,97,15,327502,278108,34215,73741,2.57612360591352,0.2095813829227879
4148,0.4493,39,249,39,327751,277859,34254,73702,2.573817110674719,0.2096421389175705
4149,0.4494,11,129,11,327880,277730,34265,73691,2.572622179406425,0.20969435520358773
4150,0.4495,13,94,13,327974,277636,34278,73678,2.571751454296195,0.20972121805564253
4151,0.4496,8,76,8,328050,277560,34286,73670,2.571047463781541,0.20974859778492724
4152,0.4497,18,118,18,328168,277442,34304,73652,2.569954425877209,0.209778577816767
4153,0.4498,8,48,8,328216,277394,34312,73644,2.5695098002890067,0.20978925358508196
4154,0.4499,8,73,8,328289,277321,34320,73636,2.5688335988736153,0.2098148776060885
4155,0.45,192,1075,192,329364,276246,34512,73444,2.5588758383044943,0.21002602304898624
4156,0.4501,24,125,24,329489,276121,34536,73420,2.55771795916855,0.21004689006439875
4157,0.4502,15,112,15,329601,276009,34551,73405,2.556680499462744,0.21008030588356505
4158,0.4503,8,54,8,329655,275955,34559,73397,2.556180295676016,0.2100946895967391
4159,0.4504,16,116,16,329771,275839,34575,73381,2.5551057838378597,0.21012828589427868
4160,0.4505,14,124,14,329895,275715,34589,73367,2.5539571677350033,0.210171249162088
4161,0.4506,6,39,6,329934,275676,34595,73361,2.5535959094445886,0.21018115557949443
4162,0.4507,30,191,30,330125,275485,34625,73331,2.5518266701248655,0.2102283152148984
4163,0.4508,19,216,19,330341,275269,34644,73312,2.549825854977954,0.21031553641764755
4164,0.4509,7,99,7,330440,275170,34651,73305,2.548908814702286,0.21035942320109047
4165,0.451,10,81,10,330521,275089,34661,73295,2.548158509022194,0.21038566639110867
4166,0.4511,21,146,21,330667,274943,34682,73274,2.5468061061914113,0.21042625719020036
4167,0.4512,14,131,14,330798,274812,34696,73260,2.5455926488569416,0.21047369509756603
4168,0.4513,30,136,30,330934,274676,34726,73230,2.5443328763570343,0.21048789040717894
4169,0.4514,27,178,27,331112,274498,34753,73203,2.5426840564674498,0.21053433841145122
4170,0.4515,12,111,12,331223,274387,34765,73191,2.541655859794731,0.2105743171316942
4171,0.4516,2,66,2,331289,274321,34767,73189,2.5410444996109525,0.21060976662542086
4172,0.4517,25,189,25,331478,274132,34792,73164,2.5392937863574048,0.2106675573574127
4173,0.4518,16,156,16,331634,273976,34808,73148,2.5378487531957465,0.21072585012848435
4174,0.4519,30,169,30,331803,273807,34838,73118,2.53628330060395,0.21076025077466312
4175,0.452,12,60,12,331863,273747,34850,73106,2.5357275186186965,0.210769403753175
4176,0.4521,32,152,32,332015,273595,34882,73074,2.534319537589388,0.21078896584349913
4177,0.4522,6,28,6,332043,273567,34888,73068,2.5340601726629366,0.21079233199186465
4178,0.4523,18,76,18,332119,273491,34906,73050,2.5333561821482826,0.210797567964541
4179,0.4524,18,86,18,332205,273405,34924,73032,2.532559561302753,0.21080889165995548
4180,0.4525,15,96,15,332301,273309,34939,73017,2.531670310126348,0.21083314564889727
4181,0.4526,3,29,3,332330,273280,34942,73014,2.5314016821668086,0.21084396495463392
4182,0.4527,26,212,26,332542,273068,34968,72988,2.5294379191522474,0.21091384053447998
4183,0.4528,7,49,7,332591,273019,34975,72981,2.528984030530957,0.21092774566473987
4184,0.4529,19,167,19,332758,272852,34994,72962,2.5274371040053354,0.21098625272545357
4185,0.453,14,56,14,332814,272796,35008,72948,2.5269183741524324,0.21098847702346243
4186,0.4531,12,99,12,332913,272697,35020,72936,2.5260013338767644,0.2110215170426435
4187,0.4532,12,72,12,332985,272625,35032,72924,2.5253343954944607,0.2110380872177318
4188,0.4533,24,170,24,333155,272455,35056,72900,2.5237596798695763,0.21108714221598066
4189,0.4534,15,59,15,333214,272396,35071,72885,2.5232131609174107,0.21108893915390653
4190,0.4535,5,15,5,333229,272381,35076,72880,2.5230742154210977,0.21108668514544068
4191,0.4536,23,151,23,333380,272230,35099,72857,2.521675497424877,0.2111264695569523
4192,0.4537,45,280,45,333660,271950,35144,72812,2.519081848160362,0.21119496928315765
4193,0.4538,7,52,7,333712,271898,35151,72805,2.5186001704398087,0.2112108104658213
4194,0.4539,8,62,8,333774,271836,35159,72797,2.5180258623883804,0.2112304973696657
4195,0.454,8,86,8,333860,271750,35167,72789,2.517229241542851,0.21126490760117142
4196,0.4541,7,26,7,333886,271724,35174,72782,2.5169884026825744,0.2112648255763325
4197,0.4542,28,116,28,334002,271608,35202,72754,2.515913890844418,0.21127185926437878
4198,0.4543,17,116,17,334118,271492,35219,72737,2.5148393790062618,0.2113041027920367
4199,0.4544,19,142,19,334260,271350,35238,72718,2.5135240283078293,0.21134775683876442
4200,0.4545,16,83,16,334343,271267,35254,72702,2.512755196561562,0.2113620704191366
4201,0.4546,16,121,16,334464,271146,35270,72686,2.511634369557968,0.21139975336792388
4202,0.4547,30,169,30,334633,270977,35300,72656,2.5100689169661714,0.21143487383342113
4203,0.4548,21,130,21,334763,270847,35321,72635,2.5088647226647893,0.21146668529937523
4204,0.4549,8,35,8,334798,270812,35329,72627,2.508540516506725,0.2114698680114955
4205,0.455,26,123,26,334921,270689,35355,72601,2.5074011634369557,0.21148591569809783
4206,0.4551,16,110,16,335031,270579,35371,72585,2.506382229797325,0.21151694233660873
4207,0.4552,8,62,8,335093,270517,35379,72577,2.5058079217458964,0.21153678000781126
4208,0.4553,4,36,4,335129,270481,35383,72573,2.5054744525547443,0.21154978516501774
4209,0.4554,16,79,16,335208,270402,35399,72557,2.5047426729408278,0.21156173186882396
4210,0.4555,10,54,10,335262,270348,35409,72547,2.5042424691540996,0.2115720555855291
4211,0.4556,16,48,16,335310,270300,35425,72531,2.503797843565897,0.21156488182223895
4212,0.4557,10,73,10,335383,270227,35435,72521,2.503121642150506,0.21158693850875862
4213,0.4558,28,177,28,335560,270050,35463,72493,2.5014820852940085,0.2116318243257051
4214,0.4559,19,100,19,335660,269950,35482,72474,2.5005557819852533,0.21164988435390042
4215,0.456,25,131,25,335791,269819,35507,72449,2.4993423246507835,0.2116733086353384
4216,0.4561,7,60,7,335851,269759,35514,72442,2.4987865426655302,0.21169429662683628
4217,0.4562,12,53,12,335904,269706,35526,72430,2.49829560191189,0.21169944115790212
4218,0.4563,19,107,19,336011,269599,35545,72411,2.4973044573715217,0.21172187947720827
4219,0.4564,14,84,14,336095,269515,35559,72397,2.496526362592167,0.21174161772619857
4220,0.4565,19,94,19,336189,269421,35578,72378,2.495655637481937,0.21175603205392643
4221,0.4566,16,148,16,336337,269273,35594,72362,2.494284708584979,0.2118108507617779
4222,0.4567,39,257,39,336594,269016,35633,72323,2.4919041090814775,0.21188027151892985
4223,0.4568,12,123,12,336717,268893,35645,72311,2.4907647560117083,0.21192893401015228
4224,0.4569,27,116,27,336833,268777,35672,72284,2.489690244173552,0.2119386268145581
4225,0.457,18,118,18,336951,268659,35690,72266,2.4885972062692208,0.2119703747158466
4226,0.4571,22,126,22,337077,268533,35712,72244,2.487430064100189,0.21199787544347182
4227,0.4572,17,84,17,337161,268449,35729,72227,2.4866519693208344,0.21201082553511255
4228,0.4573,22,132,22,337293,268317,35751,72205,2.4854292489532774,0.21204210006989269
4229,0.4574,15,90,15,337383,268227,35766,72190,2.4845955759753973,0.21206343983996098
4230,0.4575,28,176,28,337559,268051,35794,72162,2.4829652821519876,0.2121082968610841
4231,0.4576,16,85,16,337644,267966,35810,72146,2.482177924339546,0.21212424142635367
4232,0.4577,9,40,9,337684,267926,35819,72137,2.4818074030160435,0.21212834092506389
4233,0.4578,6,77,6,337761,267849,35825,72131,2.481094149468302,0.21216248014589092
4234,0.4579,12,61,12,337822,267788,35837,72119,2.480529104449961,0.2121727413674917
4235,0.458,7,48,7,337870,267740,35844,72112,2.4800844788617584,0.21218648117415817
4236,0.4581,9,120,9,337990,267620,35853,72103,2.478972914891252,0.21224056069209327
4237,0.4582,12,49,12,338039,267571,35865,72091,2.4785190262699617,0.212243347798694
4238,0.4583,67,388,67,338427,267183,35932,72024,2.474924969431991,0.2123305238394255
4239,0.4584,8,49,8,338476,267134,35940,72016,2.4744710808107007,0.21234262125902992
4240,0.4585,9,107,9,338583,267027,35949,72007,2.473479936270332,0.21238872797418548
4241,0.4586,14,90,14,338673,266937,35963,71993,2.4726462632924524,0.21241259257073733
4242,0.4587,8,82,8,338755,266855,35971,71985,2.4718866945792732,0.21244540195962697
4243,0.4588,28,149,28,338904,266706,35999,71957,2.4705065026492274,0.21247375709776387
4244,0.4589,4,31,4,338935,266675,36003,71953,2.4702193486235133,0.21248390564277023
4245,0.459,4,27,4,338962,266648,36007,71949,2.4699692467301495,0.21249154599715886
4246,0.4591,17,85,17,339047,266563,36024,71932,2.4691818889177073,0.2125053545842627
4247,0.4592,5,35,5,339082,266528,36029,71927,2.468857682759643,0.21251569632595174
4248,0.4593,13,86,13,339168,266442,36042,71914,2.468061061914113,0.2125394554847557
4249,0.4594,22,110,22,339278,266332,36064,71892,2.4670421282744823,0.21255735843701215
4250,0.4595,14,83,14,339361,266249,36078,71878,2.466273296528215,0.21257693115308746
4251,0.4596,8,59,8,339420,266190,36086,71870,2.4657267775760494,0.21259539726675739
4252,0.4597,6,46,6,339466,266144,36092,71864,2.465300678054022,0.21261035241769424
4253,0.4598,24,143,24,339609,266001,36116,71840,2.4639760643225017,0.2126444096483257
4254,0.4599,4,25,4,339634,265976,36120,71836,2.463744488495313,0.21265082353498396
4255,0.46,38,258,38,339892,265718,36158,71798,2.461354625958724,0.21272473008686996
4256,0.4601,9,73,9,339965,265645,36167,71789,2.4606784245433326,0.21274975254420123
4257,0.4602,16,146,16,340111,265499,36183,71773,2.4593260217125494,0.212804502004317
4258,0.4603,13,106,13,340217,265393,36196,71760,2.458344140205269,0.2128410543581104
4259,0.4604,15,111,15,340328,265282,36211,71745,2.4573159435325502,0.21287611971741136
4260,0.4605,27,204,27,340532,265078,36238,71718,2.455426284782689,0.21294195893062862
4261,0.4606,6,13,6,340545,265065,36244,71712,2.455305865352551,0.21293615656651138
4262,0.4607,38,158,38,340703,264907,36282,71674,2.4538423061247174,0.21294725489555263
4263,0.4608,11,27,11,340730,264880,36293,71663,2.4535922042313536,0.21293861408497577
4264,0.4609,23,127,23,340857,264753,36316,71640,2.452415799029234,0.2129651924980603
4265,0.461,19,115,19,340972,264638,36335,71621,2.4513505502241655,0.2129935555628251
4266,0.4611,5,46,5,341018,264592,36340,71616,2.450924450702138,0.213010993194689
4267,0.4612,28,124,28,341142,264468,36368,71588,2.449775834599281,0.21302401980622276
4268,0.4613,16,126,16,341268,264342,36384,71572,2.4486086924302493,0.21306643962442767
4269,0.4614,19,148,19,341416,264194,36403,71553,2.447237763533291,0.21311582828737113
4270,0.4615,7,37,7,341453,264157,36410,71546,2.446895031309052,0.21312290923822547
4271,0.4616,13,83,13,341536,264074,36423,71533,2.446126199562785,0.21314513702038396
4272,0.4617,29,200,29,341736,263874,36452,71504,2.444273592945274,0.21320420540405155
4273,0.4618,2,19,2,341755,263855,36454,71502,2.4440975953166104,0.2132115924224036
4274,0.4619,41,264,41,342019,263591,36495,71461,2.441652154581496,0.2132833112472094
4275,0.462,14,72,14,342091,263519,36509,71447,2.4409852161991923,0.21329627484580524
4276,0.4621,29,133,29,342224,263386,36538,71418,2.4397532327985476,0.21331286364559562
4277,0.4622,11,64,11,342288,263322,36549,71407,2.439160398680944,0.21332779651598757
4278,0.4623,26,100,26,342388,263222,36575,71381,2.438234095372189,0.21333042441340933
4279,0.4624,20,122,20,342510,263100,36595,71361,2.437104005335507,0.21336119906356796
4280,0.4625,24,145,24,342655,262955,36619,71337,2.435760865537812,0.213397269453053
4281,0.4626,19,199,19,342854,262756,36638,71318,2.4339175219533886,0.2134796482216515
4282,0.4627,20,143,20,342997,262613,36658,71298,2.432592908221868,0.21352396297216922
4283,0.4628,16,119,16,343116,262494,36674,71282,2.431490607284449,0.2135623891472125
4284,0.4629,15,181,15,343297,262313,36689,71267,2.429813998295602,0.21364290425085436
4285,0.463,9,55,9,343352,262258,36698,71258,2.4293045314757866,0.2136569160100265
4286,0.4631,8,48,8,343400,262210,36706,71250,2.4288599058875837,0.21366880585377557
4287,0.4632,3,15,3,343415,262195,36709,71247,2.4287209603912707,0.21367134314213565
4288,0.4633,37,161,37,343576,262034,36746,71210,2.427229612064174,0.21368726818787434
4289,0.4634,12,92,12,343668,261942,36758,71198,2.4263774130201194,0.21371795641472055
4290,0.4635,8,40,8,343708,261902,36766,71190,2.426006891696617,0.21372473670937758
4291,0.4636,4,30,4,343738,261872,36770,71186,2.4257290007039907,0.21373454473395023
4292,0.4637,11,93,11,343831,261779,36781,71175,2.424867538626848,0.21376826828931325
4293,0.4638,16,80,16,343911,261699,36797,71159,2.4241264959798436,0.21378185292226715
4294,0.4639,27,240,27,344151,261459,36824,71132,2.4219033680388304,0.2138722935978424
4295,0.464,23,135,23,344286,261324,36847,71109,2.420652858572011,0.2139047567479763
4296,0.4641,12,80,12,344366,261244,36859,71097,2.4199118159250066,0.21392786324889196
4297,0.4642,4,40,4,344406,261204,36863,71093,2.4195412946015042,0.21394415236971745
4298,0.4643,14,141,14,344547,261063,36877,71079,2.418235206936159,0.21400184258540023
4299,0.4644,30,126,30,344673,260937,36907,71049,2.417068064767127,0.214012036652148
4300,0.4645,6,77,6,344750,260860,36913,71043,2.4163548112193856,0.21404747772692623
4301,0.4646,9,94,9,344844,260766,36922,71034,2.4154840861091555,0.2140867992766727
4302,0.4647,6,30,6,344874,260736,36928,71028,2.415206195116529,0.21409194487647845
4303,0.4648,13,70,13,344944,260666,36941,71015,2.4145577828004003,0.21410632505328916
4304,0.4649,25,134,25,345078,260532,36966,70990,2.413316536366668,0.21413360199323123
4305,0.465,32,240,32,345318,260292,36998,70958,2.411093408425655,0.21421283018867923
4306,0.4651,33,232,33,345550,260060,37031,70925,2.408944384749342,0.2142846352553741
4307,0.4652,5,48,5,345598,260012,37036,70920,2.4084997591611397,0.21430384489864987
4308,0.4653,18,119,18,345717,259893,37054,70902,2.4073974582237208,0.21433818528091417
4309,0.4654,15,87,15,345804,259806,37069,70887,2.4065915743451036,0.2143589371410946
4310,0.4655,8,64,8,345868,259742,37077,70879,2.4059987402275,0.21438142162778528
4311,0.4656,16,89,16,345957,259653,37093,70863,2.4051743302827076,0.21440111825146135
4312,0.4657,19,127,19,346084,259526,37112,70844,2.4039979250805885,0.21443835699367375
4313,0.4658,18,62,18,346146,259464,37130,70826,2.40342361702916,0.2144357988434406
4314,0.4659,6,60,6,346206,259404,37136,70820,2.402867835043907,0.21446048742671642
4315,0.466,17,108,17,346314,259296,37153,70803,2.401867427470451,0.21449019839502695
4316,0.4661,12,63,12,346377,259233,37165,70791,2.401283856385935,0.21450258163042688
4317,0.4662,7,61,7,346438,259172,37172,70784,2.4007188113675944,0.21452557310671727
4318,0.4663,27,131,27,346569,259041,37199,70757,2.3995053540331246,0.21454647996652496
4319,0.4664,21,124,21,346693,258917,37220,70736,2.3983567379302677,0.21457714627198904
4320,0.4665,9,64,9,346757,258853,37229,70727,2.3977639038126646,0.2145973663450452
4321,0.4666,0,1,0,346758,258852,37229,70727,2.397754640779577,0.2145980174707733
4322,0.4667,142,778,142,347536,258074,37371,70585,2.39054800103746,0.21476667305626804
4323,0.4668,20,111,20,347647,257963,37391,70565,2.389519804364741,0.21479143330248868
4324,0.4669,18,134,18,347781,257829,37409,70547,2.388278557931009,0.21483604161083636
4325,0.467,7,80,7,347861,257749,37416,70540,2.3875375152840044,0.21487165272062117
4326,0.4671,12,82,12,347943,257667,37428,70528,2.386777946570825,0.21489663157574004
4327,0.4672,18,96,18,348039,257571,37446,70510,2.38588869539442,0.21491643831858595
4328,0.4673,15,133,15,348172,257438,37461,70495,2.384656711993775,0.2149676915711441
4329,0.4674,15,98,15,348270,257340,37476,70480,2.383748934751195,0.21499603440912696
4330,0.4675,4,76,4,348346,257264,37480,70476,2.383044944236541,0.21503630926954292
4331,0.4676,7,56,7,348402,257208,37487,70469,2.382526214383638,0.21505629018820363
4332,0.4677,5,16,5,348418,257192,37492,70464,2.3823780058542368,0.21505481358497938
4333,0.4678,4,45,4,348463,257147,37496,70460,2.381961169365297,0.21507476946463294
4334,0.4679,22,129,22,348592,257018,37518,70438,2.3807662380970025,0.21510676243525848
4335,0.468,19,83,19,348675,256935,37537,70419,2.3799974063507356,0.21511574625634633
4336,0.4681,21,169,21,348844,256766,37558,70398,2.378431953758939,0.21517648641048526
4337,0.4682,1,4,1,348848,256762,37559,70397,2.3783949016265886,0.21517671835407248
4338,0.4683,47,223,47,349071,256539,37606,70350,2.376329245248064,0.21521066784137735
4339,0.4684,5,30,5,349101,256509,37611,70345,2.3760513542554373,0.21521841556168808
4340,0.4685,32,236,32,349337,256273,37643,70313,2.3738652784467744,0.21529704273912537
4341,0.4686,23,94,23,349431,256179,37666,70290,2.3729945533365444,0.21530375012635197
4342,0.4687,12,108,12,349539,256071,37678,70278,2.3719941457630886,0.2153461478355993
4343,0.4688,6,52,6,349591,256019,37684,70272,2.371512468042536,0.2153660382909734
4344,0.4689,24,119,24,349710,255900,37708,70248,2.370410167105117,0.21538687957614336
4345,0.469,10,81,10,349791,255819,37718,70238,2.369659861425025,0.21541632291286492
4346,0.4691,13,48,13,349839,255771,37731,70225,2.3692152358368226,0.21541675357979853
4347,0.4692,13,71,13,349910,255700,37744,70212,2.368557560487606,0.21543238665652079
4348,0.4693,22,116,22,350026,255584,37766,70190,2.36748304864945,0.21545611374756732
4349,0.4694,27,182,27,350208,255402,37793,70163,2.365797176627515,0.2155114954003041
4350,0.4695,8,84,8,350292,255318,37801,70155,2.3650190818481605,0.21554783346084008
4351,0.4696,35,149,35,350441,255169,37836,70120,2.3636388899181147,0.2155621616470277
4352,0.4697,8,57,8,350498,255112,37844,70112,2.3631108970321244,0.2155806459547881
4353,0.4698,19,133,19,350631,254979,37863,70093,2.3618789136314793,0.21562300044297877
4354,0.4699,15,70,15,350701,254909,37878,70078,2.3612305013153505,0.21563324071424395
4355,0.47,33,184,33,350885,254725,37911,70045,2.3595261032272408,0.21567570896326632
4356,0.4701,11,50,11,350935,254675,37922,70034,2.359062951572863,0.21568234942671746
4357,0.4702,27,209,27,351144,254466,37949,70007,2.3571269776575643,0.21575601051551285
4358,0.4703,10,30,10,351174,254436,37959,69997,2.3568490866649374,0.21575178850486848
4359,0.4704,6,34,6,351208,254402,37965,69991,2.3565341435399607,0.2157598961753182
4360,0.4705,11,68,11,351276,254334,37976,69980,2.355904257290007,0.21577853561671714
4361,0.4706,13,51,13,351327,254283,37989,69967,2.355431842602542,0.215781033153431
4362,0.4707,11,84,11,351411,254199,38000,69956,2.3546537478231873,0.21581033764711327
4363,0.4708,31,160,31,351571,254039,38031,69925,2.3531716625291788,0.21584188366608636
4364,0.4709,16,129,16,351700,253910,38047,69909,2.351976731260884,0.21588912324477563
4365,0.471,12,81,12,351781,253829,38059,69897,2.351226425580792,0.21591407548358799
4366,0.4711,17,70,17,351851,253759,38076,69880,2.350578013264663,0.21591958941907496
4367,0.4712,28,175,28,352026,253584,38104,69852,2.3489569824743413,0.21596853782510295
4368,0.4713,10,56,10,352082,253528,38114,69842,2.3484382526214382,0.21598169279772397
4369,0.4714,15,77,15,352159,253451,38129,69827,2.3477249990736966,0.2159967582081057
4370,0.4715,20,149,20,352308,253302,38149,69807,2.3463448071436512,0.21604783525064297
4371,0.4716,13,70,13,352378,253232,38162,69794,2.3456963948275225,0.21606310327961217
4372,0.4717,29,173,29,352551,253059,38191,69765,2.3440938901033754,0.21610846777191287
4373,0.4718,4,51,4,352602,253008,38195,69761,2.3436214754159104,0.21613289999969018
4374,0.4719,22,95,22,352697,252913,38217,69739,2.3427414872725927,0.2161430891486803
4375,0.472,6,38,6,352735,252875,38223,69733,2.3423894920152657,0.21615397014333185
4376,0.4721,31,164,31,352899,252711,38254,69702,2.3408703545889065,0.21618855319109342
4377,0.4722,36,163,36,353062,252548,38290,69666,2.3393604801956354,0.21621034467776074
4378,0.4723,28,206,28,353268,252342,38318,69638,2.3374522953795993,0.2162805143176595
4379,0.4724,26,180,26,353448,252162,38344,69612,2.3357849494238394,0.21633817524100765
4380,0.4725,6,54,6,353502,252108,38350,69606,2.3352847456371113,0.21635987243327925
4381,0.4726,22,197,22,353699,251911,38372,69584,2.333459928118863,0.21643882486508345
4382,0.4727,21,186,21,353885,251725,38393,69563,2.331737003964578,0.21651291053509625
4383,0.4728,13,86,13,353971,251639,38406,69550,2.3309403831190485,0.21653917164037373
4384,0.4729,6,90,6,354061,251549,38412,69544,2.3301067101411688,0.2165852260871461
4385,0.473,5,20,5,354081,251529,38417,69539,2.3299214494794174,0.21658651749785093
4386,0.4731,11,66,11,354147,251463,38428,69528,2.329310089295639,0.21660420385618287
4387,0.4732,12,65,12,354212,251398,38440,69516,2.328707992144948,0.2166187826021925
4388,0.4733,33,241,33,354453,251157,38473,69483,2.326475601170847,0.21670097305389222
4389,0.4734,4,67,4,354520,251090,38477,69479,2.3258549779539814,0.21673649042795778
4390,0.4735,11,89,11,354609,251001,38488,69468,2.325030568009189,0.21676979676661393
4391,0.4736,10,68,10,354677,250933,38498,69458,2.324400681759235,0.2167913580593712
4392,0.4737,5,51,5,354728,250882,38503,69453,2.32392826707177,0.21681364821202803
4393,0.4738,16,120,16,354848,250762,38519,69437,2.3228167031012634,0.2168557678193873
4394,0.4739,8,66,8,354914,250696,38527,69429,2.322205342917485,0.21688090589613432
4395,0.474,8,53,8,354967,250643,38535,69421,2.3217144021638445,0.21689724555088982
4396,0.4741,5,46,5,355013,250597,38540,69416,2.321288302641817,0.21691618777987146
4397,0.4742,17,88,17,355101,250509,38557,69399,2.320473155730112,0.21693424359503358
4398,0.4743,19,121,19,355222,250388,38576,69380,2.3193523287265183,0.21696980310725275
4399,0.4744,26,103,26,355325,250285,38602,69354,2.3183982363185,0.21697602607942085
4400,0.4745,9,90,9,355415,250195,38611,69345,2.3175645633406203,0.2170150841835138
4401,0.4746,27,151,27,355566,250044,38638,69318,2.3161658453443996,0.21705149642098934
4402,0.4747,9,94,9,355660,249950,38647,69309,2.3152951202341696,0.21709333174632509
4403,0.4748,11,68,11,355728,249882,38658,69298,2.3146652339842158,0.21711260104016541
4404,0.4749,4,33,4,355761,249849,38662,69294,2.3143595538923263,0.21712523852943666
4405,0.475,111,533,111,356294,249316,38773,69183,2.3094223572566603,0.2172157526397257
4406,0.4751,30,125,30,356419,249191,38803,69153,2.308264478120716,0.21722727615409745
4407,0.4752,22,181,22,356600,249010,38825,69131,2.3065878691318686,0.21729673320948886
4408,0.4753,22,123,22,356723,248887,38847,69109,2.3054485160620994,0.2173266330394093
4409,0.4754,10,54,10,356777,248833,38857,69099,2.3049483122753713,0.2173389278210435
4410,0.4755,12,45,12,356822,248788,38869,69087,2.3045314757864315,0.2173401494298073
4411,0.4756,13,107,13,356929,248681,38882,69074,2.3035403312460634,0.21738131579361458
4412,0.4757,7,45,7,356974,248636,38889,69067,2.303123494757123,0.2173948624973639
4413,0.4758,28,129,28,357103,248507,38917,69039,2.3019285634888287,0.2174141699155398
4414,0.4759,16,113,16,357216,248394,38933,69023,2.300881840749935,0.2174521213419571
4415,0.476,8,48,8,357264,248346,38941,69015,2.3004372151617325,0.2174652840141038
4416,0.4761,18,152,18,357416,248194,38959,68997,2.299029234132424,0.2175250874079025
4417,0.4762,49,244,49,357660,247950,39008,68948,2.296769054059061,0.21757158454770936
4418,0.4763,21,107,21,357767,247843,39029,68927,2.295777909518693,0.21759320642737634
4419,0.4764,9,64,9,357831,247779,39038,68918,2.2951850754010894,0.21761494425270841
4420,0.4765,30,139,30,357970,247640,39068,68888,2.293897513801919,0.21763635444573623
4421,0.4766,12,77,12,358047,247563,39080,68876,2.2931842602541774,0.2176596437228028
4422,0.4767,31,212,31,358259,247351,39111,68845,2.291220497239616,0.21772887702564234
4423,0.4768,11,86,11,358345,247265,39122,68834,2.2904238763940863,0.21776089136631246
4424,0.4769,26,190,26,358535,247075,39148,68808,2.2886639001074514,0.2178274867593381
4425,0.477,9,83,9,358618,246992,39157,68799,2.287895068361184,0.21786244699817284
4426,0.4771,10,81,10,358699,246911,39167,68789,2.287144762681092,0.21789356984478936
4427,0.4772,15,112,15,358811,246799,39182,68774,2.286107302975286,0.21793372690312543
4428,0.4773,18,94,18,358905,246705,39200,68756,2.285236577865056,0.21795404186254402
4429,0.4774,11,77,11,358982,246628,39211,68745,2.2845233243173144,0.2179799792626509
4430,0.4775,10,75,10,359057,246553,39221,68735,2.2838285968357477,0.21800702849458273
4431,0.4776,15,65,15,359122,246488,39236,68720,2.283226499685057,0.21801477119870055
4432,0.4777,16,92,16,359214,246396,39252,68704,2.2823743006410018,0.2180387178673437
4433,0.4778,14,68,14,359282,246328,39266,68690,2.2817444143910484,0.2180510320045204
4434,0.4779,11,64,11,359346,246264,39277,68679,2.281151580273445,0.21806803135805528
4435,0.478,8,51,8,359397,246213,39285,68671,2.2806791655859793,0.2180834847118304
4436,0.4781,10,51,10,359448,246162,39295,68661,2.280206750898514,0.21809397661543153
4437,0.4782,12,79,12,359527,246083,39307,68649,2.2794749712845976,0.21811890751496513
4438,0.4783,44,252,44,359779,245831,39351,68605,2.2771406869465336,0.21818430459616583
4439,0.4784,9,78,9,359857,245753,39360,68596,2.2764181703657047,0.21821605922080237
4440,0.4785,22,128,22,359985,245625,39382,68574,2.2752325021304975,0.2182502172190236
4441,0.4786,28,163,28,360148,245462,39410,68546,2.2737226277372264,0.21829380143181065
4442,0.4787,31,115,31,360263,245347,39441,68515,2.2726573789321574,0.21829657620228
4443,0.4788,9,125,9,360388,245222,39450,68506,2.2714994997962132,0.2183611281109751
4444,0.4789,8,34,8,360422,245188,39458,68498,2.2711845566712365,0.2183648616769636
4445,0.479,20,129,20,360551,245059,39478,68478,2.269989625402942,0.21840484536115354
4446,0.4791,2,23,2,360574,245036,39480,68476,2.269776575641928,0.21841588200770626
4447,0.4792,13,121,13,360695,244915,39493,68463,2.2686557486383343,0.2184677928890988
4448,0.4793,21,120,21,360815,244795,39514,68442,2.2675441846678277,0.21849909174203558
4449,0.4794,8,62,8,360877,244733,39522,68434,2.2669698766163995,0.21852238581970643
4450,0.4795,8,50,8,360927,244683,39530,68426,2.2665067249620217,0.21853731448153838
4451,0.4796,18,133,18,361060,244550,39548,68408,2.265274741561377,0.21858524147010142
4452,0.4797,27,154,27,361214,244396,39575,68381,2.2638482344658937,0.21862541043618935
4453,0.4798,5,54,5,361268,244342,39580,68376,2.2633480306791656,0.21865066929310115
4454,0.4799,16,85,16,361353,244257,39596,68360,2.2625606728667234,0.21867012990336418
4455,0.48,51,335,51,361688,243922,39647,68309,2.259457556782393,0.21877712334777777
4456,0.4801,16,71,16,361759,243851,39663,68293,2.2587998814331764,0.21878684197037265
4457,0.4802,17,97,17,361856,243754,39680,68276,2.257901367223684,0.21881229368970934
4458,0.4803,18,122,18,361978,243632,39698,68258,2.2567712771870023,0.2188528006669018
4459,0.4804,16,110,16,362088,243522,39714,68242,2.255752343547371,0.21888992956210468
4460,0.4805,8,66,8,362154,243456,39722,68234,2.2551409833635927,0.21891623087041612
4461,0.4806,2,25,2,362179,243431,39724,68232,2.254909407536404,0.2189287788412484
4462,0.4807,10,101,10,362280,243330,39734,68222,2.253973841194561,0.21897468159408381
4463,0.4808,13,67,13,362347,243263,39747,68209,2.2533532179776947,0.21898918682899265
4464,0.4809,15,115,15,362462,243148,39762,68194,2.252287969172626,0.21903244663424787
4465,0.481,19,128,19,362590,243020,39781,68175,2.251102300937419,0.21907485660116646
4466,0.4811,19,92,19,362682,242928,39800,68156,2.250250101893364,0.21909194944130847
4467,0.4812,12,78,12,362760,242850,39812,68144,2.249527585312535,0.2191167675260616
4468,0.4813,12,72,12,362832,242778,39824,68132,2.248860646930231,0.2191373709433598
4469,0.4814,20,112,20,362944,242666,39844,68112,2.2478231872244248,0.21916609283797436
4470,0.4815,29,148,29,363092,242518,39873,68083,2.2464522583274666,0.21919762009781038
4471,0.4816,16,98,16,363190,242420,39889,68067,2.2455444810848864,0.21922656987249065
4472,0.4817,30,241,30,363431,242179,39919,68037,2.243312090110786,0.2193213760734456
4473,0.4818,8,62,8,363493,242117,39927,68029,2.2427377820593577,0.21934508263849928
4474,0.4819,13,75,13,363568,242042,39940,68016,2.242043054577791,0.21936540905249985
4475,0.482,29,211,29,363779,241831,39969,67987,2.240088554596317,0.2194417367615826
4476,0.4821,17,99,17,363878,241732,39986,67970,2.239171514320649,0.2194690379784438
4477,0.4822,14,106,14,363984,241626,40000,67956,2.2381896328133686,0.21950888617555284
4478,0.4823,5,40,5,364024,241586,40005,67951,2.2378191114898662,0.2195246448728262
4479,0.4824,18,157,18,364181,241429,40023,67933,2.2363648152951203,0.21959064138452686
4480,0.4825,12,40,12,364221,241389,40035,67921,2.235994293971618,0.2195887620833468
4481,0.4826,13,80,13,364301,241309,40048,67908,2.2352532513246137,0.21961276385192277
4482,0.4827,19,121,19,364422,241188,40067,67889,2.23413242432102,0.21965076663743985
4483,0.4828,18,114,18,364536,241074,40085,67871,2.2330764385490385,0.21968635193966563
4484,0.4829,16,104,16,364640,240970,40101,67855,2.232113083107933,0.21971990609568526
4485,0.483,22,125,22,364765,240845,40123,67833,2.2309552039719884,0.2197532703982791
4486,0.4831,9,87,9,364852,240758,40132,67824,2.2301493200933713,0.21979247007278455
4487,0.4832,9,68,9,364920,240690,40141,67815,2.229519433843418,0.21981815529732096
4488,0.4833,132,706,132,365626,239984,40273,67683,2.2229797324836045,0.21998784400016902
4489,0.4834,18,79,18,365705,239905,40291,67665,2.2222479528696875,0.2199986994830445
4490,0.4835,6,82,6,365787,239823,40297,67659,2.2214883841565083,0.22004214880871076
4491,0.4836,15,65,15,365852,239758,40312,67644,2.220886287005817,0.22005061775785453
4492,0.4837,13,79,13,365931,239679,40325,67631,2.2201545073919005,0.22007419218378835
4493,0.4838,11,119,11,366050,239560,40336,67620,2.2190522064544815,0.2201315189791002
4494,0.4839,14,89,14,366139,239471,40350,67606,2.218227796509689,0.22015976448903696
4495,0.484,9,39,9,366178,239432,40359,67597,2.2178665382192744,0.22016487041940663
4496,0.4841,9,65,9,366243,239367,40368,67588,2.2172644410685836,0.22018862699744263
4497,0.4842,8,39,8,366282,239328,40376,67580,2.216903182778169,0.22019628031853195
4498,0.4843,19,103,19,366385,239225,40395,67561,2.2159490903701506,0.2202219136466462
4499,0.4844,13,56,13,366441,239169,40408,67548,2.2154303605172476,0.22022907109811324
4500,0.4845,24,98,24,366539,239071,40432,67524,2.2145225832746673,0.22023842528416968
4501,0.4846,26,110,26,366649,238961,40458,67498,2.2135036496350367,0.22025132236286094
4502,0.4847,13,53,13,366702,238908,40471,67485,2.2130127088813962,0.2202563374489626
4503,0.4848,17,82,17,366784,238826,40488,67468,2.2122531401682166,0.2202720262231712
4504,0.4849,7,28,7,366812,238798,40495,67461,2.211993775241765,0.22027434295808448
4505,0.485,27,143,27,366955,238655,40522,67434,2.210669161510245,0.22030847237241455
4506,0.4851,6,33,6,366988,238622,40528,67428,2.2103634814183555,0.2203169416761967
4507,0.4852,8,43,8,367031,238579,40536,67420,2.209965170995591,0.2203275174101876
4508,0.4853,6,71,6,367102,238508,40542,67414,2.2093074956463745,0.22036336059518438
4509,0.4854,22,108,22,367210,238400,40564,67392,2.2083070880729188,0.2203850983675178
4510,0.4855,21,97,21,367307,238303,40585,67371,2.2074085738634257,0.22040147346519495
4511,0.4856,25,109,25,367416,238194,40610,67346,2.2063989032568823,0.22041631210316162
4512,0.4857,35,158,35,367574,238036,40645,67311,2.2049353440290487,0.22044100646150117
4513,0.4858,16,105,16,367679,237931,40661,67295,2.2039627255548555,0.22047597517904766
4514,0.4859,27,148,27,367827,237783,40688,67268,2.202591796657898,0.22051394684823195
4515,0.486,27,192,27,368019,237591,40715,67241,2.200813294305087,0.22058379697669536
4516,0.4861,21,113,21,368132,237478,40736,67220,2.199766571566194,0.22061188455454253
4517,0.4862,44,214,44,368346,237264,40780,67176,2.197784282485457,0.22065431612140324
4518,0.4863,37,170,37,368516,237094,40817,67139,2.196209566860573,0.2206828319084386
4519,0.4864,11,45,11,368561,237049,40828,67128,2.195792730371633,0.2206872971986705
4520,0.4865,20,113,20,368674,236936,40848,67108,2.194746007632739,0.22071805396587335
4521,0.4866,10,108,10,368782,236828,40858,67098,2.1937456000592834,0.22077084553476833
4522,0.4867,40,191,40,368973,236637,40898,67058,2.1919763607395604,0.2208070597145162
4523,0.4868,22,142,22,369115,236495,40920,67036,2.190661010041128,0.2208538831289061
4524,0.4869,30,178,30,369293,236317,40950,67006,2.1890121901515434,0.2209064264826604
4525,0.487,23,158,23,369451,236159,40973,66983,2.1875486309237098,0.22096245323973585
4526,0.4871,19,114,19,369565,236045,40992,66964,2.1864926451517284,0.22099673607054576
4527,0.4872,14,62,14,369627,235983,41006,66950,2.1859183371003,0.22100596501536643
4528,0.4873,18,49,18,369676,235934,41024,66932,2.18546444847901,0.2209954237187403
4529,0.4874,13,130,13,369806,235804,41037,66919,2.184260254177628,0.22105687377569594
4530,0.4875,19,96,19,369902,235708,41056,66900,2.1833710030012226,0.221078094432401
4531,0.4876,11,85,11,369987,235623,41067,66889,2.182583645188781,0.22111188977627333
4532,0.4877,17,106,17,370093,235517,41084,66872,2.1816017636815,0.2211456104554068
4533,0.4878,11,67,11,370160,235450,41095,66861,2.1809811404646338,0.22116628240454367
4534,0.4879,24,126,24,370286,235324,41119,66837,2.179813998295602,0.22119664682073464
4535,0.488,19,181,19,370467,235143,41138,66818,2.178137389306755,0.22128023155308135
4536,0.4881,32,154,32,370621,234989,41170,66786,2.176710882211271,0.22131057907381327
4537,0.4882,5,48,5,370669,234941,41175,66781,2.1762662566230686,0.22133288258728234
4538,0.4883,40,219,40,370888,234722,41215,66741,2.1742376523768945,0.22139035304498397
4539,0.4884,9,51,9,370939,234671,41224,66732,2.173765237689429,0.22140456465264116
4540,0.4885,8,28,8,370967,234643,41232,66724,2.1735058727629775,0.22140446697879992
4541,0.4886,17,96,17,371063,234547,41249,66707,2.172616621586572,0.22143108473248488
4542,0.4887,19,135,19,371198,234412,41268,66688,2.1713661121197525,0.22148123546994353
4543,0.4888,3,52,3,371250,234360,41271,66685,2.1708844343991998,0.22151173412612732
4544,0.4889,19,129,19,371379,234231,41290,66666,2.1696895031309054,0.2215575429465897
4545,0.489,29,142,29,371521,234089,41319,66637,2.1683741524324724,0.22158709256931558
4546,0.4891,14,112,14,371633,233977,41333,66623,2.1673366927266664,0.2216333998669328
4547,0.4892,13,89,13,371722,233888,41346,66610,2.166512282781874,0.22166536882109034
4548,0.4893,14,59,14,371781,233829,41360,66596,2.1659657638297083,0.2216726304402097
4549,0.4894,20,91,20,371872,233738,41380,66576,2.165122827818741,0.22168796659496393
4550,0.4895,5,17,5,371889,233721,41385,66571,2.1649653562562525,0.22168755744408775
4551,0.4896,22,106,22,371995,233615,41407,66549,2.1639834747489717,0.22170879918977626
4552,0.4897,21,125,21,372120,233490,41428,66528,2.1628255956130276,0.2217466951982881
4553,0.4898,10,101,10,372221,233389,41438,66518,2.1618900292711847,0.22179542324787352
4554,0.4899,23,89,23,372310,233300,41461,66495,2.161065619326392,0.2218015644023416
4555,0.49,32,257,32,372567,233043,41493,66463,2.1586850198228906,0.22190874306357802
4556,0.4901,8,31,8,372598,233012,41501,66455,2.1583978657971765,0.2219109284161527
4557,0.4902,13,98,13,372696,232914,41514,66442,2.1574900885545962,0.22194978553962505
4558,0.4903,10,79,10,372775,232835,41524,66432,2.1567583089406797,0.2219823769409925
4559,0.4904,21,124,21,372899,232711,41545,66411,2.1556096928378228,0.2220197778832717
4560,0.4905,18,105,18,373004,232606,41563,66393,2.1546370743636296,0.2220509098692638
4561,0.4906,20,76,20,373080,232530,41583,66373,2.1539330838489756,0.22205531560405883
4562,0.4907,15,67,15,373147,232463,41598,66358,2.1533124606321095,0.2220660529213141
4563,0.4908,59,269,59,373416,232194,41657,66299,2.1508207047315575,0.22211241134632972
4564,0.4909,23,111,23,373527,232083,41680,66276,2.1497925080588387,0.2221350788814817
4565,0.491,28,131,28,373658,231952,41708,66248,2.1485790507243694,0.22215962441314555
4566,0.4911,5,31,5,373689,231921,41713,66243,2.148291896698655,0.22216967843200386
4567,0.4912,17,136,17,373825,231785,41730,66226,2.1470321241987476,0.22222669633000125
4568,0.4913,9,35,9,373860,231750,41739,66217,2.146707918040683,0.22222930727228182
4569,0.4914,14,129,14,373989,231621,41753,66203,2.1455129867723888,0.22228900290104223
4570,0.4915,22,120,22,374109,231501,41775,66181,2.144401422801882,0.2223211346336023
4571,0.4916,29,140,29,374249,231361,41804,66152,2.1431045981696246,0.22234994773337635
4572,0.4917,82,410,82,374659,230951,41886,66070,2.1393067546037274,0.2224421842226644
4573,0.4918,20,76,20,374735,230875,41906,66050,2.1386027640890735,0.2224467458112318
4574,0.4919,14,97,14,374832,230778,41920,66036,2.1377042498795804,0.2224827669853848
4575,0.492,11,58,11,374890,230720,41931,66025,2.1371669939605025,0.22249743045375658
4576,0.4921,16,89,16,374979,230631,41947,66009,2.13634258401571,0.22252224919093852
4577,0.4922,7,48,7,375027,230583,41954,66002,2.1358979584275075,0.22253991267258966
4578,0.4923,9,67,9,375094,230516,41963,65993,2.1352773352106413,0.22256660000202355
4579,0.4924,7,51,7,375145,230465,41970,65986,2.1348049205231763,0.22258653200697587
4580,0.4925,17,100,17,375245,230365,41987,65969,2.1338786172144206,0.2226170469807717
4581,0.4926,7,52,7,375297,230313,41994,65962,2.133396939493868,0.22263775208843137
4582,0.4927,11,76,11,375373,230237,42005,65951,2.132692948979214,0.22266600942644538
4583,0.4928,23,121,23,375494,230116,42028,65928,2.1315721219756196,0.22269662617718988
4584,0.4929,31,174,31,375668,229942,42059,65897,2.1299603542183854,0.22274615584828233
4585,0.493,15,128,15,375796,229814,42074,65882,2.128774685983178,0.22280314918023916
4586,0.4931,10,24,10,375820,229790,42084,65872,2.128552373189077,0.22279494828554228
4587,0.4932,9,70,9,375890,229720,42093,65863,2.127903960872948,0.22282404603783032
4588,0.4933,64,325,64,376215,229395,42157,65799,2.1248934751194932,0.22290087196894245
4589,0.4934,20,100,20,376315,229295,42177,65779,2.1239671718107376,0.22292374116323363
4590,0.4935,23,107,23,376422,229188,42200,65756,2.1229760272703695,0.22294401649126613
4591,0.4936,39,218,39,376640,228970,42239,65717,2.1209566860572826,0.2230061047823623
4592,0.4937,35,199,35,376839,228771,42274,65682,2.1191133424728594,0.223064461900541
4593,0.4938,9,73,9,376912,228698,42283,65673,2.118437141057468,0.22309602508399265
4594,0.4939,16,111,16,377023,228587,42299,65657,2.1174089443847492,0.22313793994100134
4595,0.494,14,91,14,377114,228496,42313,65643,2.116566008373782,0.2231699978581555
4596,0.4941,8,75,8,377189,228421,42321,65635,2.1158712808922155,0.22320578393231222
4597,0.4942,23,171,23,377360,228250,42344,65612,2.1142873022342434,0.22327487051745376
4598,0.4943,20,94,20,377454,228156,42364,65592,2.1134165771240134,0.22329343518934597
4599,0.4944,20,105,20,377559,228051,42384,65572,2.1124439586498203,0.22332038021544634
4600,0.4945,27,140,27,377699,227911,42411,65545,2.1111471340175627,0.2233554604438144
4601,0.4946,32,170,32,377869,227741,42443,65513,2.1095724183926783,0.22340019232474237
4602,0.4947,14,97,14,377966,227644,42457,65499,2.1086739041831857,0.2234370256154846
4603,0.4948,8,32,8,377998,227612,42465,65491,2.108377487124384,0.2234402240850486
4604,0.4949,17,93,17,378091,227519,42482,65474,2.1075160250472416,0.22346608963354073
4605,0.495,22,138,22,378229,227381,42504,65452,2.106237726481159,0.22351306034497478
4606,0.4951,21,110,21,378339,227271,42525,65431,2.1052187928415282,0.2235413492220757
4607,0.4952,29,141,29,378480,227130,42554,65402,2.103912705176183,0.22357212202425716
4608,0.4953,27,120,27,378600,227010,42581,65375,2.1028011412056764,0.22359218154146074
4609,0.4954,8,68,8,378668,226942,42589,65367,2.1021712549557225,0.22362294694997417
4610,0.4955,14,85,14,378753,226857,42603,65353,2.1013838971432808,0.22365079908285138
4611,0.4956,24,153,24,378906,226704,42627,65329,2.0999666530808847,0.22370417041909646
4612,0.4957,17,109,17,379015,226595,42644,65312,2.0989569824743413,0.22374249332835458
4613,0.4958,6,44,6,379059,226551,42650,65306,2.098549409018489,0.22376026615774164
4614,0.4959,15,99,15,379158,226452,42665,65291,2.097632368742821,0.22379628645760138
4615,0.496,14,38,14,379196,226414,42679,65277,2.097280373485494,0.22378818681412865
4616,0.4961,15,73,15,379269,226341,42694,65262,2.0966041720701027,0.22380428184895218
4617,0.4962,15,67,15,379336,226274,42709,65247,2.0959835488532366,0.2238157799952662
4618,0.4963,15,117,15,379453,226157,42724,65232,2.0948997739819926,0.22386569156694316
4619,0.4964,17,99,17,379552,226058,42741,65215,2.0939827337063246,0.22389648199455495
4620,0.4965,9,42,9,379594,226016,42750,65206,2.0935936863166473,0.22390478741303885
4621,0.4966,11,65,11,379659,225951,42761,65195,2.0929915891659565,0.2239254532090429
4622,0.4967,19,129,19,379788,225822,42780,65176,2.091796657897662,0.22397404793160092
4623,0.4968,11,55,11,379843,225767,42791,65165,2.0912871910778463,0.22398704851992907
4624,0.4969,16,57,16,379900,225710,42807,65149,2.090759198191856,0.22398825547774007
4625,0.497,9,93,9,379993,225617,42816,65140,2.0898977361147133,0.2240358787578631
4626,0.4971,20,114,20,380107,225503,42836,65120,2.0888417503427323,0.22407035919386972
4627,0.4972,25,99,25,380206,225404,42861,65095,2.0879247100670644,0.22407994519774596
4628,0.4973,10,60,10,380266,225344,42871,65085,2.087368928081811,0.2240995217419748
4629,0.4974,21,158,21,380424,225186,42892,65064,2.0859053688539775,0.2241653746770026
4630,0.4975,11,42,11,380466,225144,42903,65053,2.0855163214643,0.22416840973545557
4631,0.4976,13,91,13,380557,225053,42916,65040,2.084673385453333,0.2242039621776465
4632,0.4977,16,99,16,380656,224954,42932,65024,2.083756345177665,0.2242377007910945
4633,0.4978,28,109,28,380765,224845,42960,64996,2.0827466745711214,0.22424708719608338
4634,0.4979,22,122,22,380887,224723,42982,64974,2.08161658453444,0.2242826125227393
4635,0.498,13,99,13,380986,224624,42995,64961,2.080699544258772,0.22432446431962982
4636,0.4981,22,102,22,381088,224522,43017,64939,2.079754714883842,0.22434455764334402
4637,0.4982,15,65,15,381153,224457,43032,64924,2.0791526177331505,0.2243547434005688
4638,0.4983,26,161,26,381314,224296,43058,64898,2.0776612694060543,0.2244099116855813
4639,0.4984,33,192,33,381506,224104,43091,64865,2.075882767053244,0.22447044492661844
4640,0.4985,23,107,23,381613,223997,43114,64842,2.0748916225128755,0.22449184493783733
4641,0.4986,9,26,9,381639,223971,43123,64833,2.0746507836525994,0.22448788797939087
4642,0.4987,26,93,26,381732,223878,43149,64807,2.0737893215754566,0.2244903614666505
4643,0.4988,22,108,22,381840,223770,43171,64785,2.072788914002001,0.22451525705671363
4644,0.4989,9,94,9,381934,223676,43180,64776,2.071918188891771,0.22456422559039285
4645,0.499,25,140,25,382074,223536,43205,64751,2.0706213642595133,0.2246060349582187
4646,0.4991,13,121,13,382195,223415,43218,64738,2.069500537255919,0.2246653687450764
4647,0.4992,9,41,9,382236,223374,43227,64729,2.0691207528993294,0.22467312037708737
4648,0.4993,19,103,19,382339,223271,43246,64710,2.068166660491311,0.22470232411166013
4649,0.4994,12,63,12,382402,223208,43258,64698,2.0675830894067952,0.22471917917653678
4650,0.4995,17,108,17,382510,223100,43275,64681,2.0665826818333395,0.22475771506805522
4651,0.4996,11,67,11,382577,223033,43286,64670,2.0659620586164733,0.22478041591502348
4652,0.4997,30,131,30,382708,222902,43316,64640,2.064748601282004,0.22480194197717204
4653,0.4998,8,37,8,382745,222865,43324,64632,2.0644058690577642,0.22480930235793764
4654,0.4999,10,44,10,382789,222821,43334,64622,2.063998295601912,0.2248167462766531
4655,0.5,271,1371,271,384160,221450,43605,64351,2.0512986772388753,0.2251601638902593
4656,0.5001,18,76,18,384236,221374,43623,64333,2.050594686724221,0.2251712418666676
4657,0.5002,7,69,7,384305,221305,43630,64326,2.0499555374411798,0.22520664773781557
4658,0.5003,27,160,27,384465,221145,43657,64299,2.0484734521471712,0.22525959557741623
4659,0.5004,25,147,25,384612,220998,43682,64274,2.047111786283301,0.2253077764379259
4660,0.5005,11,58,11,384670,220940,43693,64263,2.0465745303642224,0.22532371679119784
4661,0.5006,14,88,14,384758,220852,43707,64249,2.0457593834525176,0.22535522499044197
4662,0.5007,2,36,2,384794,220816,43709,64247,2.0454259142613656,0.2253782497202373
4663,0.5008,12,39,12,384833,220777,43721,64235,2.0450646559709513,0.22537647537647537
4664,0.5009,13,62,13,384895,220715,43734,64222,2.0444903479195227,0.2253901739682807
4665,0.501,6,26,6,384921,220689,43740,64216,2.0442495090592465,0.2253944297221881
4666,0.5011,22,138,22,385059,220551,43762,64194,2.042971210493164,0.22544381815308434
4667,0.5012,35,214,35,385273,220337,43797,64159,2.0409889214124273,0.2255181092177043
4668,0.5013,14,77,14,385350,220260,43811,64145,2.0402756678646856,0.2255410418241592
4669,0.5014,20,131,20,385481,220129,43831,64125,2.039062210530216,0.22559049300977296
4670,0.5015,6,36,6,385517,220093,43837,64119,2.0387287413390642,0.2256027190970121
4671,0.5016,23,85,23,385602,220008,43860,64096,2.037941383526622,0.22560752400529382
4672,0.5017,31,182,31,385784,219826,43891,64065,2.036255511504687,0.22566759777520246
4673,0.5018,19,50,19,385834,219776,43910,64046,2.0357923598503094,0.2256555164856847
4674,0.5019,54,222,54,386056,219554,43964,63992,2.033735966504872,0.22568472135032763
4675,0.502,15,99,15,386155,219455,43979,63977,2.0328189262292047,0.22572257190437212
4676,0.5021,15,64,15,386219,219391,43994,63962,2.032226092111601,0.22573256679830458
4677,0.5022,19,84,19,386303,219307,44013,63943,2.0314479973322466,0.22574757281553398
4678,0.5023,1,2,1,386305,219305,44014,63942,2.031429471266071,0.22574643332497785
4679,0.5024,15,128,15,386433,219177,44029,63927,2.0302438030308645,0.22580747711088506
4680,0.5025,49,206,49,386639,218971,44078,63878,2.0283356182148284,0.22583781452294333
4681,0.5026,9,71,9,386710,218900,44087,63869,2.027677942865612,0.22586987965441757
4682,0.5027,14,100,14,386810,218800,44101,63855,2.0267516395568563,0.2259114468167908
4683,0.5028,24,132,24,386942,218668,44125,63831,2.0255289191892993,0.2259512423052825
4684,0.5029,10,60,10,387002,218608,44135,63821,2.024973137204046,0.22597183716969574
4685,0.503,10,76,10,387078,218532,44145,63811,2.024269146689392,0.22600524893480625
4686,0.5031,29,163,29,387241,218369,44174,63782,2.0227592722961205,0.2260562606547558
4687,0.5032,10,53,10,387294,218316,44184,63772,2.02226833154248,0.22607129690025807
4688,0.5033,33,180,33,387474,218136,44217,63739,2.0206009855867206,0.22612505543237252
4689,0.5034,17,52,17,387526,218084,44234,63722,2.020119307866168,0.22612009680418443
4690,0.5035,4,47,4,387573,218037,44238,63718,2.0196839453110527,0.2261468296924633
4691,0.5036,22,125,22,387698,217912,44260,63696,2.0185260661751085,0.22618675605806654
4692,0.5037,42,118,42,387816,217794,44302,63654,2.017433028270777,0.22616611239021062
4693,0.5038,9,56,9,387872,217738,44311,63645,2.016914298417874,0.22618637231104935
4694,0.5039,25,173,25,388045,217565,44336,63620,2.0153117936937273,0.22625673488984122
4695,0.504,33,111,33,388156,217454,44369,63587,2.0142835970210085,0.22625524389679796
4696,0.5041,12,73,12,388229,217381,44381,63575,2.013607395605617,0.2262809834991956
4697,0.5042,21,92,21,388321,217289,44402,63554,2.012755196561562,0.22629725504997453
4698,0.5043,16,84,16,388405,217205,44418,63538,2.0119771017822075,0.22632086997716774
4699,0.5044,19,108,19,388513,217097,44437,63519,2.0109766942087517,0.22635558913247997
4700,0.5045,7,48,7,388561,217049,44444,63512,2.0105320686205492,0.22637501292054135
4701,0.5046,10,74,10,388635,216975,44454,63502,2.00984660417207,0.22640715638002404
4702,0.5047,6,69,6,388704,216906,44460,63496,2.009207454889029,0.22644631636008303
4703,0.5048,30,175,30,388879,216731,44490,63466,2.0075864240987067,0.22650492332180572
4704,0.5049,21,123,21,389002,216608,44511,63445,2.006447071028938,0.2265464037164394
4705,0.505,27,121,27,389123,216487,44538,63418,2.0053262440253437,0.2265697290152016
4706,0.5051,9,52,9,389175,216435,44547,63409,2.004844566304791,0.22658695558954275
4707,0.5052,17,84,17,389259,216351,44564,63392,2.0040664715254364,0.22660799376570637
4708,0.5053,17,131,17,389390,216220,44581,63375,2.0028530141909666,0.22666714354691608
4709,0.5054,15,44,15,389434,216176,44596,63360,2.0024454407351144,0.2266613244805678
4710,0.5055,26,203,26,389637,215973,44622,63334,2.000565045018341,0.22675407347470705
4711,0.5056,19,88,19,389725,215885,44641,63315,1.999749898106636,0.22677292263610316
4712,0.5057,12,75,12,389800,215810,44653,63303,1.9990551706250694,0.2268006148047565
4713,0.5058,24,162,24,389962,215648,44677,63279,1.9975545592648858,0.2268658107676919
4714,0.5059,17,94,17,390056,215554,44694,63262,1.9966838341546556,0.2268951566624584
4715,0.506,27,113,27,390169,215441,44721,63235,1.995637111415762,0.22691225652729335
4716,0.5061,6,41,6,390210,215400,44727,63229,1.9952573270591722,0.22692899877615036
4717,0.5062,12,100,12,390310,215300,44739,63217,1.9943310237504168,0.22697716835956153
4718,0.5063,12,55,12,390365,215245,44751,63205,1.9938215569306013,0.22698868737654876
4719,0.5064,20,116,20,390481,215129,44771,63185,1.9927470450924452,0.2270277456398169
4720,0.5065,20,108,20,390589,215021,44791,63165,1.9917466375189892,0.22706031216524197
4721,0.5066,10,59,10,390648,214962,44801,63155,1.9912001185668236,0.22708068906251686
4722,0.5067,33,157,33,390805,214805,44834,63122,1.9897458223720774,0.2271171926441116
4723,0.5068,7,44,7,390849,214761,44841,63115,1.9893382489162252,0.227133685528797
4724,0.5069,20,169,20,391018,214592,44861,63095,1.9877727963244285,0.22721625427189607
4725,0.507,4,27,4,391045,214565,44865,63091,1.9875226944310644,0.22722721641167487
4726,0.5071,34,142,34,391187,214423,44899,63057,1.9862073437326317,0.2272488107250973
4727,0.5072,19,114,19,391301,214309,44918,63038,1.9851513579606506,0.2272892802157586
4728,0.5073,11,44,11,391345,214265,44929,63027,1.9847437845047982,0.22729469295904678
4729,0.5074,18,118,18,391463,214147,44947,63009,1.983650746600467,0.22734128072276985
4730,0.5075,22,99,22,391562,214048,44969,62987,1.982733706324799,0.2273611637518725
4731,0.5076,11,56,11,391618,213992,44980,62976,1.982214976471896,0.22737644782068686
4732,0.5077,15,66,15,391684,213926,44995,62961,1.9816036162881174,0.22738879037296802
4733,0.5078,21,101,21,391785,213825,45016,62940,1.9806680499462743,0.22741314833884343
4734,0.5079,19,81,19,391866,213744,45035,62921,1.9799177442661826,0.2274266712450075
4735,0.508,4,19,4,391885,213725,45039,62917,1.979741746637519,0.2274311203649482
4736,0.5081,20,106,20,391991,213619,45059,62897,1.9787598651302383,0.2274624253207771
4737,0.5082,18,116,18,392107,213503,45077,62879,1.977685353292082,0.22750758008842834
4738,0.5083,66,344,66,392451,213159,45143,62813,1.9744988699099633,0.22760642384009971
4739,0.5084,32,92,32,392543,213067,45175,62781,1.9736466708659084,0.2275927322293437
4740,0.5085,18,214,18,392757,212853,45193,62763,1.9716643817851718,0.2277190003483107
4741,0.5086,27,138,27,392895,212715,45220,62736,1.9703860832190894,0.22775738697626802
4742,0.5087,36,163,36,393058,212552,45256,62700,1.9688762088258178,0.22779126037231337
4743,0.5088,12,67,12,393125,212485,45268,62688,1.9682555856089519,0.22781304851856832
4744,0.5089,28,112,28,393237,212373,45296,62660,1.9672181259031458,0.22782720618980268
4745,0.509,4,47,4,393284,212326,45300,62656,1.9667827633480306,0.2278549141398346
4746,0.5091,6,35,6,393319,212291,45306,62650,1.9664585571899662,0.22786706966221845
4747,0.5092,25,155,25,393474,212136,45331,62625,1.9650227870613954,0.22792536058610938
4748,0.5093,20,128,20,393602,212008,45351,62605,1.9638371188261885,0.2279753689737922
4749,0.5094,31,106,31,393708,211902,45382,62574,1.9628552373189077,0.22797621649980326
4750,0.5095,15,71,15,393779,211831,45397,62559,1.9621975619696914,0.2279930026604468
4751,0.5096,31,134,31,393913,211697,45428,62528,1.960956315535959,0.22801713921050232
4752,0.5097,6,64,6,393977,211633,45434,62522,1.9603634814183557,0.2280534734000839
4753,0.5098,14,97,14,394074,211536,45448,62508,1.9594649672088629,0.22809475850593336
4754,0.5099,19,124,19,394198,211412,45467,62489,1.9583163511060062,0.22814447555868728
4755,0.51,51,249,51,394447,211163,45518,62438,1.9560098558672052,0.22820823023307663
4756,0.5101,5,22,5,394469,211141,45523,62433,1.955806069139279,0.22821247633181516
4757,0.5102,17,91,17,394560,211050,45540,62416,1.9549631331283115,0.22824043939648805
4758,0.5103,18,94,18,394654,210956,45558,62398,1.9540924080180815,0.22826810655779686
4759,0.5104,6,49,6,394703,210907,45564,62392,1.9536385193967913,0.22829209034793393
4760,0.5105,18,145,18,394848,210762,45582,62374,1.9522953795990958,0.2283624275086404
4761,0.5106,10,94,10,394942,210668,45592,62364,1.9514246544888658,0.22841278677957164
4762,0.5107,12,62,12,395004,210606,45604,62352,1.9508503464374374,0.22843074758754095
4763,0.5108,9,73,9,395077,210533,45613,62343,1.950174145022046,0.22846640965127019
4764,0.5109,2,13,2,395090,210520,45615,62341,1.9500537255919077,0.2284716394061445
4765,0.511,7,86,7,395176,210434,45622,62334,1.9492571047463783,0.22852387376818395
4766,0.5111,26,103,26,395279,210331,45648,62308,1.94830301233836,0.22853663635796787
4767,0.5112,16,72,16,395351,210259,45664,62292,1.947636073956056,0.2285517205954115
4768,0.5113,16,92,16,395443,210167,45680,62276,1.9467838749120012,0.22858359363242953
4769,0.5114,15,69,15,395512,210098,45695,62261,1.94614472562896,0.22859901820758632
4770,0.5115,18,101,18,395613,209997,45713,62243,1.945209159287117,0.2286328239788422
4771,0.5116,13,84,13,395697,209913,45726,62230,1.9444310645077625,0.22866654663173405
4772,0.5117,22,110,22,395807,209803,45748,62208,1.9434121308681314,0.22869663359202386
4773,0.5118,13,64,13,395871,209739,45761,62195,1.942819296750528,0.2287135849139865
4774,0.5119,14,46,14,395917,209693,45775,62181,1.9423931972285005,0.22871256537955081
4775,0.512,6,32,6,395949,209661,45781,62175,1.9420967801696987,0.2287224650156712
4776,0.5121,25,88,25,396037,209573,45806,62150,1.941281633257994,0.22872557715025965
4777,0.5122,5,37,5,396074,209536,45811,62145,1.9409389010337545,0.22874253260257435
4778,0.5123,24,114,24,396188,209422,45835,62121,1.9398829152617734,0.2287703973219711
4779,0.5124,21,91,21,396279,209331,45856,62100,1.939039979250806,0.2287874266388143
4780,0.5125,49,307,49,396586,209024,45905,62051,1.9361962280929268,0.22890712902333302
4781,0.5126,10,64,10,396650,208960,45915,62041,1.9356033939753232,0.2289327345655551
4782,0.5127,19,126,19,396776,208834,45934,62022,1.9344362518062914,0.22898514339722953
4783,0.5128,13,97,13,396873,208737,45947,62009,1.9335377375967986,0.22903016111041344
4784,0.5129,28,179,28,397052,208558,45975,61981,1.9318796546741266,0.2291019039768758
4785,0.513,3,50,3,397102,208508,45978,61978,1.9314165030197488,0.22913570388116206
4786,0.5131,8,52,8,397154,208456,45986,61970,1.930934825299196,0.22915695975978642
4787,0.5132,15,66,15,397220,208390,46001,61955,1.9303234651154173,0.22917013445782242
4788,0.5133,30,173,30,397393,208217,46031,61925,1.9287209603912705,0.22923129317173932
4789,0.5134,6,27,6,397420,208190,46037,61919,1.9284708584979064,0.22923708576907842
4790,0.5135,8,78,8,397498,208112,46045,61911,1.9277483419170773,0.22928046870081437
4791,0.5136,8,58,8,397556,208054,46053,61903,1.9272110859979992,0.22930688961575363
4792,0.5137,5,25,5,397581,208029,46058,61898,1.9269795101708103,0.22931385152281913
4793,0.5138,20,107,20,397688,207922,46078,61878,1.925988365630442,0.22934766493699035
4794,0.5139,9,70,9,397758,207852,46087,61869,1.9253399533143132,0.22938147196547543
4795,0.514,2,18,2,397776,207834,46089,61867,1.9251732187187374,0.22939106640316498
4796,0.5141,19,139,19,397915,207695,46108,61848,1.9238856571195673,0.22945504056866622
4797,0.5142,13,57,13,397972,207638,46121,61835,1.9233576642335766,0.2294664029420387
4798,0.5143,12,54,12,398026,207584,46133,61823,1.9228574604468487,0.22947807592230343
4799,0.5144,16,88,16,398114,207496,46149,61807,1.9220423135351439,0.2295072836173381
4800,0.5145,19,115,19,398229,207381,46168,61788,1.9209770647300752,0.22955095126110361
4801,0.5146,8,49,8,398278,207332,46176,61780,1.920523176108785,0.22956984452569934
4802,0.5147,11,57,11,398335,207275,46187,61769,1.9199951832227944,0.22958698205497985
4803,0.5148,6,63,6,398398,207212,46193,61763,1.9194116121382785,0.22962357096384423
4804,0.5149,23,140,23,398538,207072,46216,61740,1.918114787506021,0.22967724655149324
4805,0.515,34,229,34,398767,206843,46250,61706,1.915993552928971,0.22977557168337995
4806,0.5151,17,75,17,398842,206768,46267,61689,1.9152988254474046,0.22979099073594653
4807,0.5152,18,88,18,398930,206680,46285,61671,1.9144836785356998,0.2298146830084479
4808,0.5153,26,154,26,399084,206526,46311,61645,1.9130571714402165,0.2298719846665001
4809,0.5154,8,42,8,399126,206484,46319,61637,1.9126681240505392,0.22988501460161642
4810,0.5155,27,92,27,399218,206392,46346,61610,1.9118159250064841,0.2298863441317602
4811,0.5156,16,128,16,399346,206264,46362,61594,1.9106302567712772,0.22995019749270135
4812,0.5157,5,56,5,399402,206208,46367,61589,1.9101115269183742,0.22998390571963093
4813,0.5158,6,23,6,399425,206185,46373,61583,1.9098984771573604,0.22998640614263094
4814,0.5159,10,73,10,399498,206112,46383,61573,1.909222275741969,0.2300203597512001
4815,0.516,4,32,4,399530,206080,46387,61569,1.9089258586831672,0.2300363535824905
4816,0.5161,42,235,42,399765,205845,46429,61527,1.906749045907592,0.23011758897715542
4817,0.5162,7,38,7,399803,205807,46436,61520,1.906397050650265,0.23013014024023012
4818,0.5163,18,84,18,399887,205723,46454,61502,1.9056189558709105,0.23015062213490503
4819,0.5164,39,187,39,400074,205536,46493,61463,1.9038867686835377,0.23019936404256194
4820,0.5165,6,28,6,400102,205508,46499,61457,1.9036274037570862,0.23020620680613563
4821,0.5166,12,50,12,400152,205458,46511,61445,1.9031642521027086,0.23021472220244807
4822,0.5167,142,593,142,400745,204865,46653,61303,1.8976712734817889,0.23031694268281686
4823,0.5168,1,5,1,400750,204860,46654,61302,1.8976249583163511,0.23031837752947454
4824,0.5169,24,121,24,400871,204739,46678,61278,1.896504131312757,0.23035369919967522
4825,0.517,24,133,24,401004,204606,46702,61254,1.8952721479121124,0.23039945836154366
4826,0.5171,16,105,16,401109,204501,46718,61238,1.8942995294379192,0.23044415761329726
4827,0.5172,19,152,19,401261,204349,46737,61219,1.8928915484086108,0.2305209965056031
4828,0.5173,15,82,15,401343,204267,46752,61204,1.8921319796954315,0.230548722836016
4829,0.5174,5,28,5,401371,204239,46757,61199,1.89187261476898,0.23055854851227028
4830,0.5175,13,44,13,401415,204195,46770,61186,1.8914650413131275,0.23055908297881159
4831,0.5176,24,141,24,401556,204054,46794,61162,1.8901589536477825,0.23061202944015444
4832,0.5177,6,62,6,401618,203992,46800,61156,1.889584645596354,0.2306485434549761
4833,0.5178,16,61,16,401679,203931,46816,61140,1.8890196005780133,0.23065518295098295
4834,0.5179,31,128,31,401807,203803,46847,61109,1.8878339323428064,0.23067660204143262
4835,0.518,9,23,9,401830,203780,46856,61100,1.8876208825817926,0.23067049229839928
4836,0.5181,30,174,30,402004,203606,46886,61070,1.8860091148245581,0.23073493629947558
4837,0.5182,28,151,28,402155,203455,46914,61042,1.8846103968283374,0.23078522629746273
4838,0.5183,57,260,57,402415,203195,46971,60985,1.8822020082255735,0.2308463926110985
4839,0.5184,8,50,8,402465,203145,46979,60977,1.8817388565711957,0.23086679640469177
4840,0.5185,37,203,37,402668,202942,47016,60940,1.8798584608544222,0.2309365549753299
4841,0.5186,16,136,16,402804,202806,47032,60924,1.8785986883545147,0.23100898646342852
4842,0.5187,25,72,25,402876,202734,47057,60899,1.8779317499722108,0.23099915412713887
4843,0.5188,15,110,15,402986,202624,47072,60884,1.87691281633258,0.23105180867374045
4844,0.5189,36,224,36,403210,202400,47108,60848,1.8748378969209678,0.23114325654895765
4845,0.519,23,109,23,403319,202291,47131,60825,1.8738282263144244,0.23117180255096612
4846,0.5191,3,23,3,403342,202268,47134,60822,1.8736151765534106,0.23118324527728154
4847,0.5192,4,57,4,403399,202211,47138,60818,1.87308718366742,0.23122165236532854
4848,0.5193,4,47,4,403446,202164,47142,60814,1.872651821112305,0.23125128337731674
4849,0.5194,19,62,19,403508,202102,47161,60795,1.8720775130608767,0.23125026150926029
4850,0.5195,27,184,27,403692,201918,47188,60768,1.8703731149727667,0.23133322674219411
4851,0.5196,7,32,7,403724,201886,47195,60761,1.870076697913965,0.2313409252723237
4852,0.5197,27,117,27,403841,201769,47222,60734,1.8689929230427211,0.2313649748764776
4853,0.5198,24,168,24,404009,201601,47246,60710,1.867436733484012,0.23144282931329604
4854,0.5199,27,120,27,404129,201481,47273,60683,1.8663251695135055,0.23146961443981628
4855,0.52,36,171,36,404300,201310,47309,60647,1.8647411908555338,0.23151509598903636
4856,0.5201,16,71,16,404371,201239,47325,60631,1.8640835155063173,0.23153091228472142
4857,0.5202,13,43,13,404414,201196,47338,60618,1.8636852050835526,0.23153078139442504
4858,0.5203,16,48,16,404462,201148,47354,60602,1.86324057949535,0.23152626552053487
4859,0.5204,21,114,21,404576,201034,47375,60581,1.8621845937233688,0.2315654683408826
4860,0.5205,7,40,7,404616,200994,47382,60574,1.8618140723998666,0.23158031563494005
4861,0.5206,12,83,12,404699,200911,47394,60562,1.8610452406535996,0.23161856099864997
4862,0.5207,60,255,60,404954,200656,47454,60502,1.8586831672162734,0.23166818554285146
4863,0.5208,24,180,24,405134,200476,47478,60478,1.8570158212605135,0.2317573212137005
4864,0.5209,3,40,3,405174,200436,47481,60475,1.8566452999370113,0.23178401830509254
4865,0.521,4,25,4,405199,200411,47485,60471,1.8564137241098224,0.23179445113116276
4866,0.5211,1,42,1,405241,200369,47486,60470,1.8560246767201452,0.23182882927783038
4867,0.5212,9,99,9,405340,200270,47495,60461,1.8551076364444774,0.2318903390851107
4868,0.5213,19,99,19,405439,200171,47514,60442,1.8541905961688094,0.23192242904229643
4869,0.5214,15,59,15,405498,200112,47529,60427,1.8536440772166438,0.23193072822111085
4870,0.5215,6,28,6,405526,200084,47535,60421,1.8533847122901923,0.23193796664171512
4871,0.5216,13,100,13,405626,199984,47548,60408,1.8524584089814369,0.23198869396909275
4872,0.5217,34,160,34,405786,199824,47582,60374,1.8509763236874281,0.2320309917831805
4873,0.5218,14,26,14,405812,199798,47596,60360,1.8507354848271518,0.2320128537273503
4874,0.5219,8,65,8,405877,199733,47604,60352,1.8501333876764607,0.2320472153334487
4875,0.522,5,48,5,405925,199685,47609,60347,1.8496887620882583,0.23207528304208713
4876,0.5221,18,104,18,406029,199581,47627,60329,1.8487254066471526,0.2321149628717633
4877,0.5222,10,62,10,406091,199519,47637,60319,1.8481510985957241,0.23214079541868396
4878,0.5223,17,61,17,406152,199458,47654,60302,1.8475860535773834,0.23214505697566984
4879,0.5224,7,60,7,406212,199398,47661,60295,1.84703027159213,0.23217799478615134
4880,0.5225,19,59,19,406271,199339,47680,60276,1.8464837526399644,0.2321745661845425
4881,0.5226,5,32,5,406303,199307,47685,60271,1.8461873355811627,0.23218839809228825
4882,0.5227,31,119,31,406422,199188,47716,60240,1.8450850346437437,0.2322031546324992
4883,0.5228,9,34,9,406456,199154,47725,60231,1.8447700915187668,0.23220695105730862
4884,0.5229,11,65,11,406521,199089,47736,60220,1.844167994368076,0.2322325873764505
4885,0.523,21,134,21,406655,198955,47757,60199,1.8429267479343436,0.23229045278097193
4886,0.5231,24,95,24,406750,198860,47781,60175,1.842046759791026,0.23230451483390274
4887,0.5232,17,82,17,406832,198778,47798,60158,1.8412871910778466,0.23232767942657645
4888,0.5233,40,183,40,407015,198595,47838,60118,1.839592056022824,0.23237332488123905
4889,0.5234,11,49,11,407064,198546,47849,60107,1.839138167401534,0.23238470073805445
4890,0.5235,4,36,4,407100,198510,47853,60103,1.838804698210382,0.23240517684725825
4891,0.5236,20,88,20,407188,198422,47873,60083,1.8379895512986772,0.2324249047407207
4892,0.5237,26,106,26,407294,198316,47899,60057,1.8370076697913964,0.232443018426848
4893,0.5238,22,131,22,407425,198185,47921,60035,1.8357942124569269,0.23249554643327394
4894,0.5239,19,60,19,407485,198125,47940,60016,1.8352384304716736,0.23249309485901115
4895,0.524,8,63,8,407548,198062,47948,60008,1.8346548593871577,0.23252605882125005
4896,0.5241,26,122,26,407670,197940,47974,59982,1.8335247693504761,0.23255868053132342
4897,0.5242,20,123,20,407793,197817,47994,59962,1.832385416280707,0.23261010400381724
4898,0.5243,15,100,15,407893,197717,48009,59947,1.8314591129719515,0.23265570665673124
4899,0.5244,7,39,7,407932,197678,48016,59940,1.8310978546815369,0.2326700774014238
4900,0.5245,39,154,39,408086,197524,48055,59901,1.8296713475860535,0.232693017383704
4901,0.5246,9,74,9,408160,197450,48064,59892,1.8289858831375745,0.23273309448127394
4902,0.5247,20,83,20,408243,197367,48084,59872,1.8282170513913076,0.2327485334649878
4903,0.5248,27,131,27,408374,197236,48111,59845,1.8270035940568379,0.23278655365429574
4904,0.5249,13,83,13,408457,197153,48124,59832,1.826234762310571,0.23282292740821448
4905,0.525,98,436,98,408893,196717,48222,59734,1.8221960798843972,0.2329255881240471
4906,0.5251,17,61,17,408954,196656,48239,59717,1.8216310348660565,0.23293014475003218
4907,0.5252,26,124,26,409078,196532,48265,59691,1.8204824187631998,0.23296503436459645
4908,0.5253,25,139,25,409217,196393,48290,59666,1.8191948571640297,0.23301660945329006
4909,0.5254,12,57,12,409274,196336,48302,59654,1.8186668642780393,0.2330325403336068
4910,0.5255,25,121,25,409395,196215,48327,59629,1.8175460372744452,0.23306780694485701
4911,0.5256,12,101,12,409496,196114,48339,59617,1.816610470932602,0.23312386843988409
4912,0.5257,14,63,14,409559,196051,48353,59603,1.8160268998480862,0.23313932111369273
4913,0.5258,23,120,23,409679,195931,48376,59580,1.8149153358775798,0.233179784823354
4914,0.5259,22,106,22,409785,195825,48398,59558,1.813933454370299,0.23321051127130624
4915,0.526,4,37,4,409822,195788,48402,59554,1.8135907221460594,0.23323229237649898
4916,0.5261,10,70,10,409892,195718,48412,59544,1.8129423098299307,0.23326621275395476
4917,0.5262,26,136,26,410028,195582,48438,59518,1.8116825373300234,0.233312426499412
4918,0.5263,13,122,13,410150,195460,48451,59505,1.8105524472933416,0.23338497440825212
4919,0.5264,24,109,24,410259,195351,48475,59481,1.8095427766867984,0.23341260124317198
4920,0.5265,17,47,17,410306,195304,48492,59464,1.8091074141316832,0.23340450920052755
4921,0.5266,23,123,23,410429,195181,48515,59441,1.8079680610619142,0.23344801313319352
4922,0.5267,44,217,44,410646,194964,48559,59397,1.8059579828819148,0.23351457180935756
4923,0.5268,30,137,30,410783,194827,48589,59367,1.8046889473489198,0.23354996577417247
4924,0.5269,18,72,18,410855,194755,48607,59349,1.8040220089666161,0.23356184869187419
4925,0.527,32,165,32,411020,194590,48639,59317,1.8024936085071697,0.23361703300814865
4926,0.5271,21,126,21,411146,194464,48660,59296,1.8013264663381379,0.23366960907944515
4927,0.5272,33,175,33,411321,194289,48693,59263,1.7997054355478157,0.2337311478513283
4928,0.5273,23,111,23,411432,194178,48716,59240,1.7986772388750973,0.2337639788807425
4929,0.5274,38,173,38,411605,194005,48754,59202,1.7970747341509503,0.23380870197111453
4930,0.5275,15,92,15,411697,193913,48769,59187,1.7962225351068954,0.2338482813117345
4931,0.5276,7,49,7,411746,193864,48776,59180,1.7957686464856053,0.23387237002260478
4932,0.5277,9,59,9,411805,193805,48785,59171,1.7952221275334395,0.2338996584656252
4933,0.5278,19,77,19,411882,193728,48804,59152,1.7945088739856978,0.23391331857007275
4934,0.5279,26,83,26,411965,193645,48830,59126,1.793740042239431,0.23391132685315957
4935,0.528,12,77,12,412042,193568,48842,59114,1.7930267886916893,0.23394622489928052
4936,0.5281,11,45,11,412087,193523,48853,59103,1.7926099522027492,0.2339545414961247
4937,0.5282,29,115,29,412202,193408,48882,59074,1.7915447033976806,0.23397311491512265
4938,0.5283,21,143,21,412345,193265,48903,59053,1.7902200896661602,0.23404196291980756
4939,0.5284,20,121,20,412466,193144,48923,59033,1.7890992626625661,0.23409351368284975
4940,0.5285,19,91,19,412557,193053,48942,59014,1.7882563266515987,0.2341202934140526
4941,0.5286,20,100,20,412657,192953,48962,58994,1.7873300233428433,0.2341524209456751
4942,0.5287,19,128,19,412785,192825,48981,58975,1.7861443551076364,0.23421366163621923
4943,0.5288,9,49,9,412834,192776,48990,58966,1.7856904664863462,0.234231872313718
4944,0.5289,31,154,31,412988,192622,49021,58935,1.784263959390863,0.23428089856374498
4945,0.529,10,38,10,413026,192584,49031,58925,1.783911964133536,0.23428585060574372
4946,0.5291,19,108,19,413134,192476,49050,58906,1.78291155656008,0.2343286313260297
4947,0.5292,15,81,15,413215,192395,49065,58891,1.7821612508799882,0.2343584600813416
4948,0.5293,15,70,15,413285,192325,49080,58876,1.7815128385638594,0.23437804785808974
4949,0.5294,9,86,9,413371,192239,49089,58867,1.7807162177183298,0.23443087779662772
4950,0.5295,9,66,9,413437,192173,49098,58858,1.780104857534551,0.23446506606753748
4951,0.5296,14,85,14,413522,192088,49112,58844,1.779317499722109,0.23450177737394992
4952,0.5297,15,64,15,413586,192024,49127,58829,1.7787246656045055,0.23451583198127987
4953,0.5298,33,128,33,413714,191896,49160,58796,1.7775389973692985,0.2345348076524181
4954,0.5299,13,97,13,413811,191799,49173,58783,1.776640483159806,0.2345858840619039
4955,0.53,28,165,28,413976,191634,49201,58755,1.7751120827003595,0.2346548770113703
4956,0.5301,17,61,17,414037,191573,49218,58738,1.7745470376820185,0.234660082856926
4957,0.5302,13,76,13,414113,191497,49231,58725,1.7738430471673645,0.2346915938646482
4958,0.5303,24,102,24,414215,191395,49255,58701,1.772898217792434,0.2347138698739684
4959,0.5304,14,105,14,414320,191290,49269,58687,1.7719255993182408,0.2347695988030899
4960,0.5305,13,65,13,414385,191225,49282,58674,1.7713235021675497,0.23479085550562429
4961,0.5306,23,133,23,414518,191092,49305,58651,1.770091518766905,0.23484542109288348
4962,0.5307,21,92,21,414610,191000,49326,58630,1.76923931972285,0.23486760405399992
4963,0.5308,15,148,15,414758,190852,49341,58615,1.767868390825892,0.23496093671708082
4964,0.5309,9,30,9,414788,190822,49350,58606,1.7675904998332654,0.23496159212277692
4965,0.531,28,201,28,414989,190621,49378,58578,1.765728630182667,0.2350651487365519
4966,0.5311,17,79,17,415068,190542,49395,58561,1.7649968505687503,0.23508749392821443
4967,0.5312,19,59,19,415127,190483,49414,58542,1.7644503316165845,0.2350848308402771
4968,0.5313,8,62,8,415189,190421,49422,58534,1.7638760235651563,0.23511879656966117
4969,0.5314,13,85,13,415274,190336,49435,58521,1.763088665752714,0.23515914762293205
4970,0.5315,13,101,13,415375,190235,49448,58508,1.7621530994108712,0.23521465930699556
4971,0.5316,26,185,26,415560,190050,49474,58482,1.7604394382896735,0.23530973878615227
4972,0.5317,25,161,25,415721,189889,49499,58457,1.7589480899625773,0.23538530920570494
4973,0.5318,15,60,15,415781,189829,49514,58442,1.758392307977324,0.2353959987271973
4974,0.5319,10,67,10,415848,189762,49524,58432,1.7577716847604579,0.23542873719751484
4975,0.532,29,157,29,416005,189605,49553,58403,1.756317388565712,0.2354883713428599
4976,0.5321,8,46,8,416051,189559,49561,58395,1.7558912890436844,0.23550739250022182
4977,0.5322,7,63,7,416114,189496,49568,58388,1.7553077179591685,0.23554565845314743
4978,0.5323,13,67,13,416181,189429,49581,58375,1.7546870947423023,0.23556924020596923
4979,0.5324,16,96,16,416277,189333,49597,58359,1.7537978435658972,0.23561116224989098
4980,0.5325,8,44,8,416321,189289,49605,58351,1.7533902701100448,0.2356283314488774
4981,0.5326,7,26,7,416347,189263,49612,58344,1.7531494312497684,0.2356314643770168
4982,0.5327,16,78,16,416425,189185,49628,58328,1.7524269146689393,0.2356563089615495
4983,0.5328,19,60,19,416485,189125,49647,58309,1.751871132683686,0.23565476046137557
4984,0.5329,21,91,21,416576,189034,49668,58288,1.7510281966727186,0.2356765673898804
4985,0.533,18,84,18,416660,188950,49686,58270,1.750250101893364,0.23570099506512418
4986,0.5331,13,57,13,416717,188893,49699,58257,1.7497221090073733,0.23571515274125027
4987,0.5332,16,89,16,416806,188804,49715,58241,1.748897699062581,0.2357505717581817
4988,0.5333,143,688,143,417494,188116,49858,58098,1.7425247322983437,0.23596546094048268
4989,0.5334,22,115,22,417609,188001,49880,58076,1.741459483493275,0.23600742856910642
4990,0.5335,3,20,3,417629,187981,49883,58073,1.7412742228315239,0.23601729701610216
4991,0.5336,11,64,11,417693,187917,49894,58062,1.7406813887139205,0.23604454038759407
4992,0.5337,8,79,8,417772,187838,49902,58054,1.7399496091000037,0.23609552161111383
4993,0.5338,16,55,16,417827,187783,49918,58038,1.7394401422801882,0.23609862460896344
4994,0.5339,15,59,15,417886,187724,49933,58023,1.7388936233280226,0.23610868087911552
4995,0.534,23,128,23,418014,187596,49956,58000,1.7377079550928156,0.23616019804882815
4996,0.5341,44,192,44,418206,187404,50000,57956,1.735929452740005,0.23620802086729703
4997,0.5342,9,35,9,418241,187369,50009,57947,1.7356052465819407,0.23621369988096985
4998,0.5343,24,143,24,418384,187226,50033,57923,1.7342806328504206,0.23627671334576114
4999,0.5344,2,61,2,418445,187165,50035,57921,1.7337155878320798,0.23632928849465085
5000,0.5345,9,50,9,418495,187115,50044,57912,1.733252436177702,0.2363494635285091
5001,0.5346,30,149,30,418644,186966,50074,57882,1.7318722442476564,0.23639972554401098
5002,0.5347,19,69,19,418713,186897,50093,57863,1.7312330949646153,0.2364070926621997
5003,0.5348,21,77,21,418790,186820,50114,57842,1.7305198414168736,0.236415953437804
5004,0.5349,13,79,13,418869,186741,50127,57829,1.7297880618029569,0.23645173161058183
5005,0.535,33,171,33,419040,186570,50160,57796,1.728204083144985,0.23651408133701088
5006,0.5351,15,77,15,419117,186493,50175,57781,1.7274908295972433,0.23654175229455449
5007,0.5352,21,98,21,419215,186395,50196,57760,1.726583052354663,0.23657103069771251
5008,0.5353,36,216,36,419431,186179,50232,57724,1.7245822372077513,0.23666785566393198
5009,0.5354,45,228,45,419659,185951,50277,57679,1.722470265663789,0.23674834790460944
5010,0.5355,8,44,8,419703,185907,50285,57671,1.7220626922079365,0.2367660461946481
5011,0.5356,9,71,9,419774,185836,50294,57662,1.7214050168587203,0.23680687315706905
5012,0.5357,26,133,26,419907,185703,50320,57636,1.7201730334580756,0.23685475817686438
5013,0.5358,11,46,11,419953,185657,50331,57625,1.719746933936048,0.23686503728183753
5014,0.5359,24,129,24,420082,185528,50355,57601,1.7185520026677534,0.23691538236903043
5015,0.536,27,102,27,420184,185426,50382,57574,1.717607173292823,0.23693004115226338
5016,0.5361,22,206,22,420390,185220,50404,57552,1.7156989884767868,0.23706193465473777
5017,0.5362,9,35,9,420425,185185,50413,57543,1.7153747823187224,0.23706782901025017
5018,0.5363,6,14,6,420439,185171,50419,57537,1.7152450998554967,0.2370626431761623
5019,0.5364,19,100,19,420539,185071,50438,57518,1.7143187965467412,0.23710061049759057
5020,0.5365,21,89,21,420628,184982,50459,57497,1.713494386601949,0.237121565166468
5021,0.5366,7,41,7,420669,184941,50466,57490,1.7131146022453592,0.23713963973254246
5022,0.5367,42,207,42,420876,184734,50508,57448,1.7111971543962354,0.2372100321246005
5023,0.5368,30,95,30,420971,184639,50538,57418,1.710317166252918,0.23720859136484382
5024,0.5369,15,71,15,421042,184568,50553,57403,1.7096594909037015,0.237230907836063
5025,0.537,7,56,7,421098,184512,50560,57396,1.7091407610507985,0.23726375316235923
5026,0.5371,11,71,11,421169,184441,50571,57385,1.708483085701582,0.23729871891359902
5027,0.5372,38,180,38,421349,184261,50609,57347,1.7068157397458223,0.2373555511406907
5028,0.5373,9,61,9,421410,184200,50618,57338,1.7062506947274816,0.23738707780970283
5029,0.5374,27,177,27,421587,184023,50645,57311,1.7046111378709845,0.2374758633263444
5030,0.5375,11,66,11,421653,183957,50656,57300,1.703999777687206,0.23750606200027358
5031,0.5376,22,106,22,421759,183851,50678,57278,1.7030178961799252,0.2375409013432644
5032,0.5377,21,123,21,421882,183728,50699,57257,1.701878543110156,0.23759570097723925
5033,0.5378,18,96,18,421978,183632,50717,57239,1.7009892919337508,0.2376334220391828
5034,0.5379,17,66,17,422044,183566,50734,57222,1.7003779317499723,0.23764473312623552
5035,0.538,26,110,26,422154,183456,50760,57196,1.6993589981103412,0.2376709938001762
5036,0.5381,20,84,20,422238,183372,50780,57176,1.6985809033309867,0.237690606448609
5037,0.5382,25,78,25,422316,183294,50805,57151,1.6978583867501575,0.23768845266069163
5038,0.5383,39,218,39,422534,183076,50844,57112,1.6958390455370707,0.23778040534914316
5039,0.5384,0,25,0,422559,183051,50844,57112,1.6956074697098817,0.23780515733064628
5040,0.5385,7,41,7,422600,183010,50851,57105,1.6952276853532922,0.2378235428857006
5041,0.5386,26,125,26,422725,182885,50877,57079,1.6940698062173478,0.2378648463936257
5042,0.5387,9,62,9,422787,182823,50886,57070,1.6934954981659194,0.23789772940435944
5043,0.5388,4,40,4,422827,182783,50890,57066,1.6931249768424173,0.2379246942868221
5044,0.5389,21,90,21,422917,182693,50911,57045,1.6922913038645373,0.23794725909117453
5045,0.539,42,148,42,423065,182545,50953,57003,1.6909203749675794,0.23796065924157161
5046,0.5391,34,105,34,423170,182440,50987,56969,1.6899477564933862,0.2379568019581553
5047,0.5392,15,112,15,423282,182328,51002,56954,1.6889102967875802,0.2380204110630971
5048,0.5393,29,110,29,423392,182218,51031,56925,1.687891363147949,0.23803749221177287
5049,0.5394,11,46,11,423438,182172,51042,56914,1.6874652636259218,0.2380482336899693
5050,0.5395,22,80,22,423518,182092,51064,56892,1.6867242209789173,0.23805777792655575
5051,0.5396,23,75,23,423593,182017,51087,56869,1.6860294934973508,0.23805915792470048
5052,0.5397,1,17,1,423610,182000,51088,56868,1.6858720219348624,0.23807291056148167
5053,0.5398,12,78,12,423688,181922,51100,56856,1.685149505354033,0.2381123889135515
5054,0.5399,35,181,35,423869,181741,51135,56821,1.6834728963651857,0.23818126943939102
5055,0.54,41,260,41,424129,181481,51176,56780,1.6810645077624218,0.2383100885163749
5056,0.5401,26,144,26,424273,181337,51202,56754,1.679730630997814,0.2383710430045655
5057,0.5402,4,50,4,424323,181287,51206,56750,1.6792674793434361,0.23840831467376922
5058,0.5403,25,121,25,424444,181166,51231,56725,1.678146652339842,0.2384495420171423
5059,0.5404,8,45,8,424489,181121,51239,56717,1.6777298158509022,0.23846904195292595
5060,0.5405,11,121,11,424610,181000,51250,56706,1.6766089888473081,0.2385551900246523
5061,0.5406,1,22,1,424632,180978,51251,56705,1.676405202119382,0.23857406713984594
5062,0.5407,13,61,13,424693,180917,51264,56692,1.675840157101041,0.23859365596421012
5063,0.5408,23,89,23,424782,180828,51287,56669,1.6750157471562488,0.23860932980206065
5064,0.5409,23,106,23,424888,180722,51310,56646,1.6740338656489682,0.2386421084560682
5065,0.541,21,83,21,424971,180639,51331,56625,1.673265033902701,0.23865820352012948
5066,0.5411,15,65,15,425036,180574,51346,56610,1.67266293675201,0.23867545871559634
5067,0.5412,31,130,31,425166,180444,51377,56579,1.671458742450628,0.23870679216784868
5068,0.5413,30,106,30,425272,180338,51407,56549,1.6704768609433474,0.23871719427406315
5069,0.5414,22,141,22,425413,180197,51429,56527,1.6691707732780021,0.2387886314864568
5070,0.5415,12,125,12,425538,180072,51441,56515,1.6680128941420578,0.23887618508202058
5071,0.5416,4,30,4,425568,180042,51445,56511,1.6677350031494313,0.23889360946595478
5072,0.5417,84,359,84,425927,179683,51529,56427,1.6644095742709992,0.2389860658167803
5073,0.5418,10,37,10,425964,179646,51539,56417,1.6640668420467597,0.23899128622444007
5074,0.5419,21,78,21,426042,179568,51560,56396,1.6633443254659306,0.2390025597124985
5075,0.542,12,52,12,426094,179516,51572,56384,1.6628626477453778,0.23901653242899534
5076,0.5421,29,98,29,426192,179418,51601,56355,1.6619548705027973,0.23902227990482372
5077,0.5422,8,28,8,426220,179390,51609,56347,1.6616955055763458,0.23902484548458663
5078,0.5423,13,89,13,426309,179301,51622,56334,1.6608710956315536,0.23907314278439112
5079,0.5424,40,191,40,426500,179110,51662,56294,1.6591018563118307,0.2391378226368286
5080,0.5425,19,78,19,426578,179032,51681,56275,1.6583793397310016,0.23915565622782153
5081,0.5426,22,154,22,426732,178878,51703,56253,1.656952832635518,0.2392411038952754
5082,0.5427,18,85,18,426817,178793,51721,56235,1.656165474823076,0.23926936365028847
5083,0.5428,16,63,16,426880,178730,51737,56219,1.6555819037385602,0.2392817164576142
5084,0.5429,29,88,29,426968,178642,51766,56190,1.6547667568268554,0.23927744089391564
5085,0.543,13,67,13,427035,178575,51779,56177,1.6541461336099892,0.23930360550708832
5086,0.5431,10,26,10,427061,178549,51789,56167,1.6539052947497128,0.23929770445985787
5087,0.5432,26,89,26,427150,178460,51815,56141,1.6530808848049205,0.23930418028908657
5088,0.5433,31,145,31,427295,178315,51846,56110,1.6517377450072253,0.23935160499093527
5089,0.5434,11,56,11,427351,178259,51857,56099,1.6512190151543222,0.23937309586188651
5090,0.5435,12,63,12,427414,178196,51869,56087,1.6506354440698061,0.23939850522658493
5091,0.5436,11,83,11,427497,178113,51880,56076,1.6498666123235393,0.2394476256357045
5092,0.5437,5,28,5,427525,178085,51885,56071,1.6496072473970878,0.2394600181075864
5093,0.5438,26,116,26,427641,177969,51911,56045,1.6485327355589314,0.23949421829463194
5094,0.5439,20,128,20,427769,177841,51931,56025,1.6473470673237245,0.23956026100416478
5095,0.544,27,128,27,427897,177713,51958,55998,1.6461613990885176,0.23960361300922936
5096,0.5441,34,180,34,428077,177533,51992,55964,1.6444940531327579,0.23967759757084672
5097,0.5442,17,105,17,428182,177428,52009,55947,1.6435214346585647,0.23973004820567756
5098,0.5443,20,79,20,428261,177349,52029,55927,1.642789655044648,0.2397460518870351
5099,0.5444,9,88,9,428349,177261,52038,55918,1.641974508132943,0.2398071867535241
5100,0.5445,28,141,28,428490,177120,52066,55890,1.6406684204675979,0.2398609501738123
5101,0.5446,1,22,1,428512,177098,52067,55889,1.6404646337396718,0.23988033667114475
5102,0.5447,12,43,12,428555,177055,52079,55877,1.6400663233169068,0.23988546013428813
5103,0.5448,8,67,8,428622,176988,52087,55869,1.6394457001000406,0.23992836805421353
5104,0.5449,8,60,8,428682,176928,52095,55861,1.6388899181147876,0.23996408765018964
5105,0.545,39,191,39,428873,176737,52134,55822,1.6371206787950647,0.24003371187526606
5106,0.5451,11,44,11,428917,176693,52145,55811,1.6367131053392123,0.24004318205278188
5107,0.5452,37,139,37,429056,176554,52182,55774,1.6354255437400422,0.2400657690850866
5108,0.5453,28,169,28,429225,176385,52210,55746,1.6338600911482455,0.24014888145056024
5109,0.5454,11,71,11,429296,176314,52221,55735,1.6332024157990293,0.24018633995406144
5110,0.5455,33,137,33,429433,176177,52254,55702,1.6319333802660343,0.2402201148012541
5111,0.5456,18,84,18,429517,176093,52272,55684,1.6311552854866798,0.2402481695767915
5112,0.5457,12,51,12,429568,176042,52284,55672,1.6306828707992145,0.24026170192564972
5113,0.5458,14,68,14,429636,175974,52298,55658,1.6300529845492608,0.24028631622573737
5114,0.5459,11,73,11,429709,175901,52309,55647,1.6293767831338692,0.24032597992640833
5115,0.546,14,83,14,429792,175818,52323,55633,1.6286079513876024,0.24036621142272013
5116,0.5461,25,148,25,429940,175670,52348,55608,1.6272370224906443,0.2404379145444011
5117,0.5462,10,70,10,430010,175600,52358,55598,1.6265886101745155,0.24047785880500697
5118,0.5463,4,24,4,430034,175576,52362,55594,1.6263662973804143,0.24048968291733355
5119,0.5464,16,71,16,430105,175505,52378,55578,1.6257086220311978,0.24051098523041506
5120,0.5465,31,116,31,430221,175389,52409,55547,1.6246341101930417,0.24052984376623826
5121,0.5466,5,59,5,430280,175330,52414,55542,1.6240875912408759,0.24057486399390138
5122,0.5467,49,239,49,430519,175091,52463,55493,1.6218737263329506,0.24066283870520072
5123,0.5468,12,22,12,430541,175069,52475,55481,1.6216699396050243,0.24064628063326826
5124,0.5469,12,83,12,430624,174986,52487,55469,1.6209011078587572,0.24069341086112256
5125,0.547,7,31,7,430655,174955,52494,55462,1.620613953833043,0.24070272592734043
5126,0.5471,15,70,15,430725,174885,52509,55447,1.6199655415169143,0.24072642967542504
5127,0.5472,16,90,16,430815,174795,52525,55431,1.6191318685390343,0.24076776732428135
5128,0.5473,10,99,10,430914,174696,52535,55421,1.6182148282633666,0.24083835614057197
5129,0.5474,13,81,13,430995,174615,52548,55408,1.6174645225832747,0.24088025980010694
5130,0.5475,14,106,14,431101,174509,52562,55394,1.6164826410759938,0.24094509423539492
5131,0.5476,23,124,23,431225,174385,52585,55371,1.6153340249731372,0.2409991469210815
5132,0.5477,34,166,34,431391,174219,52619,55337,1.6137963614806032,0.2410610047221593
5133,0.5478,12,60,12,431451,174159,52631,55325,1.61324057949535,0.24108434574959475
5134,0.5479,11,77,11,431528,174082,52642,55314,1.6125273259476083,0.24112887757415125
5135,0.548,18,91,18,431619,173991,52660,55296,1.6116843899366409,0.24116500281306832
5136,0.5481,18,96,18,431715,173895,52678,55278,1.6107951387602357,0.24120642484062257
5137,0.5482,11,89,11,431804,173806,52689,55267,1.6099707288154432,0.24126370196400274
5138,0.5483,16,101,16,431905,173705,52705,55251,1.6090351624736003,0.24131710896416778
5139,0.5484,11,61,11,431966,173644,52716,55240,1.6084701174552596,0.24134496076615228
5140,0.5485,23,89,23,432055,173555,52739,55217,1.6076457075104673,0.2413625793366321
5141,0.5486,14,62,14,432117,173493,52753,55203,1.6070713994590389,0.24138157204323643
5142,0.5487,21,106,21,432223,173387,52774,55182,1.606089517951758,0.24142381512803573
5143,0.5488,25,119,25,432342,173268,52799,55157,1.604987217014339,0.24146656451789428
5144,0.5489,10,30,10,432372,173238,52809,55147,1.6047093260217125,0.24146506994767608
5145,0.549,3,40,3,432412,173198,52812,55144,1.6043388046982103,0.2414974030182796
5146,0.5491,19,117,19,432529,173081,52831,55125,1.6032550298269665,0.24155806595795026
5147,0.5492,32,154,32,432683,172927,52863,55093,1.6018285227314832,0.2416147706341549
5148,0.5493,26,101,26,432784,172826,52889,55067,1.6008929563896401,0.241635328860474
5149,0.5494,22,124,22,432908,172702,52911,55045,1.5997443402867835,0.24169363372514238
5150,0.5495,16,67,16,432975,172635,52927,55029,1.5991237170699173,0.24171146953405018
5151,0.5496,32,119,32,433094,172516,52959,54997,1.5980214161324984,0.24173124173124172
5152,0.5497,35,154,35,433248,172362,52994,54962,1.596594909037015,0.24177825482571133
5153,0.5498,26,129,26,433377,172233,53020,54936,1.5953999777687207,0.2418287706509251
5154,0.5499,18,75,18,433452,172158,53038,54918,1.594705250287154,0.24184854409977277
5155,0.55,225,838,225,434290,171320,53263,54693,1.5869428285597835,0.241990504970953
5156,0.5501,18,115,18,434405,171205,53281,54675,1.5858775797547149,0.24205330263856914
5157,0.5502,17,77,17,434482,171128,53298,54658,1.5851643262069732,0.2420787825640208
5158,0.5503,22,119,22,434601,171009,53320,54636,1.5840620252695543,0.24213255334707173
5159,0.5504,8,49,8,434650,170960,53328,54628,1.5836081366482642,0.24215827083000868
5160,0.5505,30,101,30,434751,170859,53358,54598,1.582672570306421,0.24216591190337847
5161,0.5506,13,40,13,434791,170819,53371,54585,1.582302048982919,0.24216517896754272
5162,0.5507,9,30,9,434821,170789,53380,54576,1.5820241579902923,0.24216715106604841
5163,0.5508,28,140,28,434961,170649,53408,54548,1.5807273333580347,0.2422234754459429
5164,0.5509,15,65,15,435026,170584,53423,54533,1.5801252362073437,0.24224292256915292
5165,0.551,14,50,14,435076,170534,53437,54519,1.579662084552966,0.24224960342674837
5166,0.5511,13,96,13,435172,170438,53450,54506,1.5787728333765607,0.24230919695568676
5167,0.5512,16,106,16,435278,170332,53466,54490,1.57779095186928,0.24236951899725115
5168,0.5513,10,62,10,435340,170270,53476,54480,1.5772166438178516,0.24240266963292548
5169,0.5514,23,183,23,435523,170087,53499,54457,1.5755215087628294,0.24252262362833119
5170,0.5515,25,106,25,435629,169981,53524,54432,1.5745396272555485,0.2425527932873764
5171,0.5516,11,59,11,435688,169922,53535,54421,1.573993108303383,0.24257944308491908
5172,0.5517,43,161,43,435849,169761,53578,54378,1.5725017599762867,0.242608381406181
5173,0.5518,14,89,14,435938,169672,53592,54364,1.5716773500314942,0.2426574300558839
5174,0.5519,5,93,5,436031,169579,53597,54359,1.5708158879543517,0.24274129446543238
5175,0.552,26,112,26,436143,169467,53623,54333,1.5697784282485456,0.24277479892761394
5176,0.5521,18,88,18,436231,169379,53641,54315,1.568963281336841,0.24280937351918244
5177,0.5522,7,23,7,436254,169356,53648,54308,1.5687502315758273,0.24281064453823592
5178,0.5523,15,38,15,436292,169318,53663,54293,1.5683982363185,0.24280111443533636
5179,0.5524,8,58,8,436350,169260,53671,54285,1.567860980399422,0.24283701268201033
5180,0.5525,19,80,19,436430,169180,53690,54266,1.5671199377524176,0.24285957233515032
5181,0.5526,23,96,23,436526,169084,53713,54243,1.5662306865760125,0.24288599228933358
5182,0.5527,25,80,25,436606,169004,53738,54218,1.565489643929008,0.24288824578222576
5183,0.5528,12,62,12,436668,168942,53750,54206,1.5649153358775798,0.24291501604316418
5184,0.5529,4,30,4,436698,168912,53754,54202,1.5646374448849532,0.24293410543488977
5185,0.553,3,15,3,436713,168897,53757,54199,1.5644984993886397,0.24294025890199736
5186,0.5531,15,67,15,436780,168830,53772,54184,1.5638778761717738,0.24296232523518702
5187,0.5532,24,83,24,436863,168747,53796,54160,1.5631090444255067,0.24297128398838977
5188,0.5533,33,164,33,437027,168583,53829,54127,1.561589906999148,0.24303803152081183
5189,0.5534,7,48,7,437075,168535,53836,54120,1.5611452814109452,0.24306662774247154
5190,0.5535,25,84,25,437159,168451,53861,54095,1.5603671866315907,0.2430733421405013
5191,0.5536,33,94,33,437253,168357,53894,54062,1.5594964615213605,0.24306376703429114
5192,0.5537,5,31,5,437284,168326,53899,54057,1.5592093074956463,0.24308063116335332
5193,0.5538,16,92,16,437376,168234,53915,54041,1.5583571084515915,0.24312675739511866
5194,0.5539,16,59,16,437435,168175,53931,54025,1.5578105894994256,0.24313681368136814
5195,0.554,24,73,24,437508,168102,53955,54001,1.5571343880840343,0.24313494189632737
5196,0.5541,15,93,15,437601,168009,53970,53986,1.5562729260068917,0.24318565733462466
5197,0.5542,10,98,10,437699,167911,53980,53976,1.5553651487643114,0.24325895613533013
5198,0.5543,16,78,16,437777,167833,53996,53960,1.554642632183482,0.24328991446979842
5199,0.5544,28,109,28,437886,167724,54024,53932,1.5536329615769386,0.2433139639802216
5200,0.5545,13,77,13,437963,167647,54037,53919,1.552919708029197,0.24335412473032866
5201,0.5546,16,71,16,438034,167576,54053,53903,1.5522620326799808,0.24337747596837622
5202,0.5547,22,73,22,438107,167503,54075,53881,1.5515858312645894,0.24338253893686987
5203,0.5548,41,157,41,438264,167346,54116,53840,1.5501315350698432,0.2434150443518125
5204,0.5549,34,114,34,438378,167232,54150,53806,1.549075549297862,0.24342420760231273
5205,0.555,41,154,41,438532,167078,54191,53765,1.5476490422023788,0.24345349411120118
5206,0.5551,7,51,7,438583,167027,54198,53758,1.5471766275149135,0.24348574404964105
5207,0.5552,10,39,10,438622,166988,54208,53748,1.5468153692244988,0.24349449115685706
5208,0.5553,3,25,3,438647,166963,54211,53745,1.5465837933973101,0.24351178933251175
5209,0.5554,18,94,18,438741,166869,54229,53727,1.5457130682870799,0.24355382690529292
5210,0.5555,21,73,21,438814,166796,54250,53706,1.5450368668716885,0.2435624166674225
5211,0.5556,13,56,13,438870,166740,54263,53693,1.5445181370187855,0.24357968180807774
5212,0.5557,27,179,27,439049,166561,54290,53666,1.5428600540961133,0.24368492510001044
5213,0.5558,12,53,12,439102,166508,54302,53654,1.5423691133424728,0.2437023646224144
5214,0.5559,8,40,8,439142,166468,54310,53646,1.5419985920189707,0.24371916370607957
5215,0.556,1,15,1,439157,166453,54311,53645,1.5418596465226573,0.24373233741333405
5216,0.5561,38,129,38,439286,166324,54349,53607,1.5406647152543629,0.24374462899727642
5217,0.5562,4,39,4,439325,166285,54353,53603,1.5403034569639482,0.24377410317980064
5218,0.5563,19,132,19,439457,166153,54372,53584,1.5390807365963912,0.24385515411605693
5219,0.5564,23,135,23,439592,166018,54395,53561,1.5378302271295714,0.2439258763360795
5220,0.5565,2,44,2,439636,165974,54397,53559,1.537422653673719,0.2439678772667435
5221,0.5566,15,81,15,439717,165893,54412,53544,1.536672347993627,0.24400625236400425
5222,0.5567,44,224,44,439941,165669,54456,53500,1.534597428582015,0.24410386505390816
5223,0.5568,14,91,14,440032,165578,54470,53486,1.5337544925710476,0.2441569586970018
5224,0.5569,17,80,17,440112,165498,54487,53469,1.533013449924043,0.24418748030525148
5225,0.557,8,49,8,440161,165449,54495,53461,1.532559561302753,0.24421451738157235
5226,0.5571,13,82,13,440243,165367,54508,53448,1.5317999925895736,0.24426113383451775
5227,0.5572,22,106,22,440349,165261,54530,53426,1.5308181110822927,0.24430350226579542
5228,0.5573,3,27,3,440376,165234,54533,53423,1.5305680091889289,0.24432330087763027
5229,0.5574,23,98,23,440474,165136,54556,53400,1.5296602319463486,0.24435333308928506
5230,0.5575,3,71,3,440545,165065,54559,53397,1.5290025565971321,0.24442237093865293
5231,0.5576,11,54,11,440599,165011,54570,53386,1.5285023528104043,0.24444474969894275
5232,0.5577,5,58,5,440657,164953,54575,53381,1.527965096891326,0.24449238322936417
5233,0.5578,6,32,6,440689,164921,54581,53375,1.5276686798325243,0.24450745776377028
5234,0.5579,27,97,27,440786,164824,54608,53348,1.5267701656230317,0.24452267018682508
5235,0.558,14,67,14,440853,164757,54622,53334,1.5261495424061655,0.2445492936434791
5236,0.5581,32,94,32,440947,164663,54654,53302,1.5252788172959353,0.2445438487830615
5237,0.5582,7,32,7,440979,164631,54661,53295,1.5249824002371337,0.24455549131356516
5238,0.5583,69,401,69,441380,164230,54730,53226,1.5212679239690243,0.2447667574129939
5239,0.5584,13,58,13,441438,164172,54743,53213,1.5207306680499462,0.24478689882006577
5240,0.5585,7,54,7,441492,164118,54750,53206,1.5202304642632183,0.24482339732381145
5241,0.5586,13,89,13,441581,164029,54763,53193,1.519406054318426,0.24487851138466638
5242,0.5587,14,75,14,441656,163954,54777,53179,1.5187113268368595,0.24491440729875238
5243,0.5588,28,98,28,441754,163856,54805,53151,1.5178035495942792,0.24492758298119416
5244,0.5589,7,55,7,441809,163801,54812,53144,1.5172940827744636,0.24496531378920924
5245,0.559,8,39,8,441848,163762,54820,53136,1.516932824484049,0.24498151204713736
5246,0.5591,14,76,14,441924,163686,54834,53122,1.516228833969395,0.24501863399874543
5247,0.5592,16,71,16,441995,163615,54850,53106,1.5155711586201785,0.24504316609834764
5248,0.5593,34,98,34,442093,163517,54884,53072,1.5146633813775983,0.24503552812007998
5249,0.5594,44,218,44,442311,163299,54928,53028,1.5126440401645114,0.24512890207879737
5250,0.5595,26,110,26,442421,163189,54954,53002,1.5116251065248805,0.24516284211646183
5251,0.5596,16,89,16,442510,163100,54970,52986,1.5108006965800882,0.2452079264737188
5252,0.5597,9,88,9,442598,163012,54979,52977,1.5099855496683834,0.24527637981563877
5253,0.5598,4,38,4,442636,162974,54983,52973,1.5096335544110564,0.24530556108674814
5254,0.5599,10,33,10,442669,162941,54993,52963,1.5093278743191672,0.2453080998962502
5255,0.56,46,190,46,442859,162751,55039,52917,1.5075678980325318,0.24536324350390415
5256,0.5601,19,95,19,442954,162656,55058,52898,1.506687909889214,0.2454048637464394
5257,0.5602,10,66,10,443020,162590,55068,52888,1.5060765497054356,0.24544501062753507
5258,0.5603,14,60,14,443080,162530,55082,52874,1.5055207677201823,0.24546433678111826
5259,0.5604,9,46,9,443126,162484,55091,52865,1.5050946681981547,0.24548523559431434
5260,0.5605,23,87,23,443213,162397,55114,52842,1.5042887843195376,0.2455038352714889
5261,0.5606,17,98,17,443311,162299,55131,52825,1.5033810070769573,0.24555605139361483
5262,0.5607,7,60,7,443371,162239,55138,52818,1.502825225091704,0.245600003719944
5263,0.5608,10,64,10,443435,162175,55148,52808,1.5022323909741007,0.2456380271928478
5264,0.5609,17,74,17,443509,162101,55165,52791,1.5015469265256216,0.24566293766170913
5265,0.561,8,50,8,443559,162051,55173,52783,1.5010837748712438,0.24569202267797463
5266,0.5611,9,30,9,443589,162021,55182,52774,1.5008058838786171,0.24569473218650342
5267,0.5612,20,51,20,443640,161970,55202,52754,1.5003334691911518,0.24568283005160113
5268,0.5613,14,59,14,443699,161911,55216,52740,1.4997869502389862,0.24570116142016576
5269,0.5614,17,72,17,443771,161839,55233,52723,1.4991200118566823,0.2457238467202953
5270,0.5615,12,27,12,443798,161812,55245,52711,1.4988699099633185,0.24571258093537757
5271,0.5616,38,113,38,443911,161699,55283,52673,1.4978231872244248,0.2457083947530461
5272,0.5617,48,128,48,444039,161571,55331,52625,1.4966375189892178,0.24568619395320174
5273,0.5618,25,94,25,444133,161477,55356,52600,1.4957667938789878,0.24570598429537036
5274,0.5619,15,48,15,444181,161429,55371,52585,1.4953221682907851,0.24570822469558065
5275,0.562,15,85,15,444266,161344,55386,52570,1.4945348104783431,0.24575296614527334
5276,0.5621,27,123,27,444389,161221,55413,52543,1.493395457408574,0.2457991055556595
5277,0.5622,16,90,16,444479,161131,55429,52527,1.492561784430694,0.24584616536708198
5278,0.5623,13,47,13,444526,161084,55442,52514,1.492126421875579,0.24585436193222782
5279,0.5624,44,163,44,444689,160921,55486,52470,1.4906165474823077,0.24588665876255325
5280,0.5625,26,77,26,444766,160844,55512,52444,1.489903293934566,0.24588350024380182
5281,0.5626,18,94,18,444860,160750,55530,52426,1.4890325688243358,0.24592824708222313
5282,0.5627,7,63,7,444923,160687,55537,52419,1.4884489977398199,0.24597618086773718
5283,0.5628,9,45,9,444968,160642,55546,52410,1.48803216125088,0.2459962825976757
5284,0.5629,5,21,5,444989,160621,55551,52405,1.4878376375560414,0.24600283533465397
5285,0.563,13,58,13,445047,160563,55564,52392,1.4873003816369632,0.24602380784672817
5286,0.5631,10,61,10,445108,160502,55574,52382,1.4867353366186224,0.2460588865297533
5287,0.5632,4,44,4,445152,160458,55578,52378,1.48632776316277,0.24609558533330828
5288,0.5633,29,158,29,445310,160300,55607,52349,1.4848642039349365,0.24617562273982008
5289,0.5634,11,41,11,445351,160259,55618,52338,1.4844844195783466,0.2461840947896725
5290,0.5635,24,84,24,445435,160175,55642,52314,1.4837063247989921,0.24619627368946156
5291,0.5636,8,60,8,445495,160115,55650,52306,1.483150542813739,0.24623742473672566
5292,0.5637,6,58,6,445553,160057,55656,52300,1.4826132868946609,0.24628338128717206
5293,0.5638,22,92,22,445645,159965,55678,52278,1.4817610878506058,0.246312010290092
5294,0.5639,20,72,20,445717,159893,55698,52258,1.4810941494683019,0.24632455185221847
5295,0.564,12,82,12,445799,159811,55710,52246,1.4803345807551225,0.24637715331255275
5296,0.5641,10,51,10,445850,159760,55720,52236,1.4798621660676572,0.24640087548821676
5297,0.5642,22,100,22,445950,159660,55742,52214,1.4789358627589018,0.246438921245646
5298,0.5643,9,83,9,446033,159577,55751,52205,1.4781670310126347,0.2465034799935783
5299,0.5644,12,104,12,446137,159473,55763,52193,1.4772036755715292,0.2465818789980441
5300,0.5645,28,78,28,446215,159395,55791,52165,1.4764811589906999,0.24657307619587823
5301,0.5646,4,29,4,446244,159366,55795,52161,1.476212531031161,0.2465926335645095
5302,0.5647,9,37,9,446281,159329,55804,52152,1.4758697988069214,0.24660371380880552
5303,0.5648,57,259,57,446540,159070,55861,52095,1.473470673237245,0.24670281533398053
5304,0.5649,14,62,14,446602,159008,55875,52081,1.4728963651858165,0.2467253149145621
5305,0.565,54,235,54,446837,158773,55929,52027,1.4707195524102412,0.24680740037950663
5306,0.5651,15,51,15,446888,158722,55944,52012,1.470247137722776,0.24681351846403524
5307,0.5652,16,100,16,446988,158622,55960,51996,1.4693208344140205,0.2468734865965872
5308,0.5653,11,74,11,447062,158548,55971,51985,1.4686353699655414,0.24692091026109922
5309,0.5654,27,118,27,447180,158430,55998,51958,1.4675423320612102,0.24696275452972602
5310,0.5655,13,100,13,447280,158330,56011,51945,1.4666160287524548,0.2470336464154084
5311,0.5656,18,82,18,447362,158248,56029,51927,1.4658564600392752,0.24706554062091116
5312,0.5657,26,79,26,447441,158169,56055,51901,1.4651246804253584,0.2470652639596325
5313,0.5658,21,106,21,447547,158063,56076,51880,1.4641427989180777,0.24711469303572875
5314,0.5659,6,63,6,447610,158000,56082,51874,1.4635592278335618,0.24716734802786433
5315,0.566,5,23,5,447633,157977,56087,51869,1.463346178072548,0.24717650086253729
5316,0.5661,15,62,15,447695,157915,56102,51854,1.4627718700211196,0.24719572482111274
5317,0.5662,14,50,14,447745,157865,56116,51840,1.462308718366742,0.24720440618964737
5318,0.5663,40,127,40,447872,157738,56156,51800,1.4611323131646226,0.24721052983229772
5319,0.5664,26,100,26,447972,157638,56182,51774,1.4602060098558671,0.2472351154661624
5320,0.5665,22,102,22,448074,157536,56204,51752,1.4592611804809368,0.2472764802568709
5321,0.5666,6,43,6,448117,157493,56210,51746,1.4588628700581718,0.2473057126061585
5322,0.5667,161,707,161,448824,156786,56371,51585,1.452313905665271,0.24756324056610565
5323,0.5668,4,11,4,448835,156775,56375,51581,1.452212012301308,0.24756186526905874
5324,0.5669,19,60,19,448895,156715,56394,51562,1.4516562303160547,0.24756454145200862
5325,0.567,16,72,16,448967,156643,56410,51546,1.4509892919337508,0.24759233196758715
5326,0.5671,31,113,31,449080,156530,56441,51515,1.449942569194857,0.24761469874306039
5327,0.5672,18,91,18,449171,156439,56459,51497,1.4490996331838897,0.24765793321021853
5328,0.5673,11,46,11,449217,156393,56470,51486,1.4486735336618621,0.24767292511509098
5329,0.5674,14,101,14,449318,156292,56484,51472,1.4477379673200192,0.24774263106216668
5330,0.5675,19,81,19,449399,156211,56503,51453,1.4469876616399273,0.24777043685954234
5331,0.5676,5,33,5,449432,156178,56508,51448,1.446681981548038,0.24779170238794757
5332,0.5677,5,14,5,449446,156164,56513,51443,1.4465522990848123,0.24779029608828218
5333,0.5678,5,28,5,449474,156136,56518,51438,1.4462929341583608,0.24780560185765077
5334,0.5679,15,107,15,449581,156029,56533,51423,1.4453017896179925,0.24787902743767232
5335,0.568,9,35,9,449616,155994,56542,51414,1.444977583459928,0.24788822031937052
5336,0.5681,13,107,13,449723,155887,56555,51401,1.4439864389195598,0.24796900930106905
5337,0.5682,15,57,15,449780,155830,56570,51386,1.4434584460335693,0.24798278125241294
5338,0.5683,72,280,72,450060,155550,56642,51314,1.440864796769054,0.24805669425322918
5339,0.5684,23,104,23,450164,155446,56665,51291,1.4399014413279485,0.24809782477253708
5340,0.5685,21,118,21,450282,155328,56686,51270,1.438808403423617,0.24816309935236547
5341,0.5686,22,97,22,450379,155231,56708,51248,1.4379098892141242,0.24819957477515872
5342,0.5687,13,71,13,450450,155160,56721,51235,1.437252213864908,0.24823760265510308
5343,0.5688,16,117,16,450567,155043,56737,51219,1.436168438993664,0.24832009773976788
5344,0.5689,32,136,32,450703,154907,56769,51187,1.4349086664937567,0.24836724989567868
5345,0.569,23,97,23,450800,154810,56792,51164,1.4340101522842639,0.24840028353093108
5346,0.5691,8,62,8,450862,154748,56800,51156,1.4334358442328357,0.24844587769057425
5347,0.5692,22,83,22,450945,154665,56822,51134,1.4326670124865686,0.24846573598511168
5348,0.5693,15,76,15,451021,154589,56837,51119,1.4319630219719144,0.24850273202792308
5349,0.5694,27,106,27,451127,154483,56864,51092,1.4309811404646338,0.2485321658762009
5350,0.5695,38,143,38,451270,154340,56902,51054,1.4296565267331134,0.248566170384724
5351,0.5696,17,52,17,451322,154288,56919,51037,1.4291748490125606,0.24856690612443688
5352,0.5697,20,120,20,451442,154168,56939,51017,1.4280632850420543,0.24863903306771937
5353,0.5698,14,56,14,451498,154112,56953,51003,1.4275445551891512,0.24865563220632328
5354,0.5699,23,52,23,451550,154060,56976,50980,1.4270628774685983,0.24863441279750292
5355,0.57,49,179,49,451729,153881,57025,50931,1.425404794545926,0.24867195281526472
5356,0.5701,14,55,14,451784,153826,57039,50917,1.4248953277261107,0.24868737881148562
5357,0.5702,12,64,12,451848,153762,57051,50905,1.4243024936085071,0.24872109328812167
5358,0.5703,23,120,23,451968,153642,57074,50882,1.4231909296380008,0.2487825389685318
5359,0.5704,18,111,18,452079,153531,57092,50864,1.4221627329652822,0.24885148853934783
5360,0.5705,21,88,21,452167,153443,57113,50843,1.4213475860535774,0.24888147009584602
5361,0.5706,29,131,29,452298,153312,57142,50814,1.4201341287191078,0.24893448164369067
5362,0.5707,16,60,16,452358,153252,57158,50798,1.4195783467338545,0.2489487870619946
5363,0.5708,19,69,19,452427,153183,57177,50779,1.4189391974508132,0.2489630421352997
5364,0.5709,10,50,10,452477,153133,57187,50769,1.4184760457964356,0.24898725858500653
5365,0.571,11,98,11,452575,153035,57198,50758,1.4175682685538553,0.24906645468686364
5366,0.5711,37,166,37,452741,152869,57235,50721,1.4160306050613212,0.24913306154526255
5367,0.5712,14,46,14,452787,152823,57249,50707,1.4156045055392938,0.24913771925514666
5368,0.5713,4,41,4,452828,152782,57253,50703,1.415224721182704,0.24917315772661375
5369,0.5714,26,90,26,452918,152692,57279,50677,1.414391048204824,0.24918743761340223
5370,0.5715,20,98,20,453016,152594,57299,50657,1.4134832709622438,0.24923370610722703
5371,0.5716,21,85,21,453101,152509,57320,50636,1.4126959131498018,0.24926038051637991
5372,0.5717,50,161,50,453262,152348,57370,50586,1.4112045648227056,0.24927316270314487
5373,0.5718,13,84,13,453346,152264,57383,50573,1.410426470043351,0.24932827837130306
5374,0.5719,10,46,10,453392,152218,57393,50563,1.4100003705213235,0.24934781858260882
5375,0.572,5,36,5,453428,152182,57398,50558,1.4096669013301715,0.249373581927592
5376,0.5721,36,162,36,453590,152020,57434,50522,1.4081662899699878,0.24943962239930484
5377,0.5722,9,40,9,453630,151980,57443,50513,1.4077957686464857,0.24945553673460316
5378,0.5723,14,70,14,453700,151910,57457,50499,1.4071473563303567,0.24948989422407106
5379,0.5724,15,77,15,453777,151833,57472,50484,1.406434102782615,0.2495292041696941
5380,0.5725,19,79,19,453856,151754,57491,50465,1.4057023231686983,0.24955617424673252
5381,0.5726,10,50,10,453906,151704,57501,50455,1.4052391715143207,0.24958077552817337
5382,0.5727,17,73,17,453979,151631,57518,50438,1.4045629700989293,0.2496078072341626
5383,0.5728,13,75,13,454054,151556,57531,50425,1.4038682426173625,0.24965219500844138
5384,0.5729,21,100,21,454154,151456,57552,50404,1.4029419393086071,0.24969781036361835
5385,0.573,11,31,11,454185,151425,57563,50393,1.402654785282893,0.24969526999573874
5386,0.5731,9,39,9,454224,151386,57572,50384,1.4022935269924783,0.24971006591663775
5387,0.5732,28,119,28,454343,151267,57600,50356,1.4011912260550594,0.24975325235712195
5388,0.5733,41,154,41,454497,151113,57641,50315,1.399764718959576,0.2497914887701809
5389,0.5734,32,110,32,454607,151003,57673,50283,1.3987457853199452,0.2498087298669555
5390,0.5735,10,57,10,454664,150946,57683,50273,1.3982177924339545,0.24984221171956922
5391,0.5736,33,119,33,454783,150827,57716,50240,1.3971154914965356,0.24986695976962903
5392,0.5737,16,79,16,454862,150748,57732,50224,1.3963837118826188,0.24990545946699042
5393,0.5738,22,81,22,454943,150667,57754,50202,1.3956334062025268,0.249924079872952
5394,0.5739,18,55,18,454998,150612,57772,50184,1.3951239393827115,0.24992529731667962
5395,0.574,14,92,14,455090,150520,57786,50170,1.3942717403386564,0.2499875429767303
5396,0.5741,24,97,24,455187,150423,57810,50146,1.3933732261291638,0.25001869680758243
5397,0.5742,19,73,19,455260,150350,57829,50127,1.3926970247137722,0.25003865780114426
5398,0.5743,34,117,34,455377,150233,57863,50093,1.3916132498425284,0.2500574064275231
5399,0.5744,34,116,34,455493,150117,57897,50059,1.390538738004372,0.25007493405802894
5400,0.5745,16,66,16,455559,150051,57913,50043,1.3899273778205936,0.2500974541965276
5401,0.5746,21,96,21,455655,149955,57934,50022,1.3890381266441885,0.2501387659580852
5402,0.5747,9,56,9,455711,149899,57943,50013,1.3885193967912854,0.2501750770338949
5403,0.5748,10,22,10,455733,149877,57953,50003,1.3883156100633591,0.2501650990594357
5404,0.5749,4,34,4,455767,149843,57957,49999,1.3880006669383822,0.25019265219523423
5405,0.575,113,494,113,456261,149349,58070,49886,1.3834247285931305,0.2503877330790273
5406,0.5751,16,63,16,456324,149286,58086,49870,1.3828411575086146,0.2504067163429673
5407,0.5752,21,70,21,456394,149216,58107,49849,1.3821927451924858,0.25041569336648833
5408,0.5753,24,106,24,456500,149110,58131,49825,1.3812108636852052,0.2504586925377636
5409,0.5754,8,31,8,456531,149079,58139,49817,1.3809237096594909,0.25046758104738154
5410,0.5755,19,83,19,456614,148996,58158,49798,1.380154877913224,0.2505005181242895
5411,0.5756,30,135,30,456749,148861,58188,49768,1.3789043684464042,0.2505575721571372
5412,0.5757,7,23,7,456772,148838,58195,49761,1.3786913186853904,0.2505601740190031
5413,0.5758,18,68,18,456840,148770,58213,49743,1.3780614324354366,0.2505780477852836
5414,0.5759,10,32,10,456872,148738,58223,49733,1.377765015376635,0.2505806893702355
5415,0.576,8,38,8,456910,148700,58231,49725,1.3774130201193078,0.25059846289530047
5416,0.5761,13,103,13,457013,148597,58244,49712,1.3764589277112897,0.2506794951313354
5417,0.5762,23,96,23,457109,148501,58267,49689,1.3755696765348846,0.2507139613502195
5418,0.5763,13,63,13,457172,148438,58280,49676,1.3749861054503687,0.2507445208314405
5419,0.5764,10,38,10,457210,148400,58290,49666,1.3746341101930417,0.25075479890541535
5420,0.5765,31,143,31,457353,148257,58321,49635,1.3733094964615213,0.2508186283427324
5421,0.5766,23,73,23,457426,148184,58344,49612,1.37263329504613,0.25082408137677203
5422,0.5767,50,203,50,457629,147981,58394,49562,1.3707528993293565,0.2508922108097984
5423,0.5768,33,107,33,457736,147874,58427,49529,1.3697617547889882,0.2509029751320902
5424,0.5769,10,53,10,457789,147821,58437,49519,1.3692708140353478,0.25093240093240093
5425,0.577,13,87,13,457876,147734,58450,49506,1.3684649301567304,0.25099371324274994
5426,0.5771,21,82,21,457958,147652,58471,49485,1.367705361443551,0.25101832735610263
5427,0.5772,6,18,6,457976,147634,58477,49479,1.367538626847975,0.2510184513451675
5428,0.5773,30,95,30,458071,147539,58507,49449,1.3666586387046575,0.2510254431742035
5429,0.5774,37,110,37,458181,147429,58544,49412,1.3656397050650264,0.2510249389100848
5430,0.5775,12,86,12,458267,147343,58556,49400,1.3648430842194967,0.251088984106169
5431,0.5776,7,39,7,458306,147304,58563,49393,1.3644818259290823,0.25111211660574384
5432,0.5777,9,45,9,458351,147259,58572,49384,1.3640649894401422,0.2511353061131085
5433,0.5778,23,63,23,458414,147196,58595,49361,1.3634814183556263,0.25112817147188854
5434,0.5779,20,136,20,458550,147060,58615,49341,1.362221645855719,0.25122580842256403
5435,0.578,21,79,21,458629,146981,58636,49320,1.3614898662418022,0.251246809746257
5436,0.5781,20,53,20,458682,146928,58656,49300,1.3609989254881618,0.2512383553825142
5437,0.5782,19,80,19,458762,146848,58675,49281,1.3602578828411576,0.25126829790597005
5438,0.5783,23,127,23,458889,146721,58698,49258,1.359081477639038,0.25134325616520137
5439,0.5784,8,35,8,458924,146686,58706,49250,1.3587572714809737,0.2513575861505798
5440,0.5785,5,36,5,458960,146650,58711,49245,1.3584238022898218,0.25138467035912093
5441,0.5786,20,119,20,459079,146531,58731,49225,1.357321501352403,0.2514610024724657
5442,0.5787,10,54,10,459133,146477,58741,49215,1.3568212975656748,0.2514921407109131
5443,0.5788,10,89,10,459222,146388,58751,49205,1.3559968876208826,0.2515683076592721
5444,0.5789,10,90,10,459312,146298,58761,49195,1.3551632146430026,0.2516458389814469
5445,0.579,21,80,21,459392,146218,58782,49174,1.3544221719959983,0.2516684408778251
5446,0.5791,3,12,3,459404,146206,58785,49171,1.3543110155989477,0.2516724077040798
5447,0.5792,15,63,15,459467,146143,58800,49156,1.3537274445144318,0.25169611723562335
5448,0.5793,19,58,19,459525,146085,58819,49137,1.3531901885953537,0.25169806681623996
5449,0.5794,18,69,18,459594,146016,58837,49119,1.3525510393123124,0.2517180413559843
5450,0.5795,21,102,21,459696,145914,58858,49098,1.3516062099373818,0.25176912190019074
5451,0.5796,11,40,11,459736,145874,58869,49087,1.3512356886138797,0.2517785608403732
5452,0.5797,17,64,17,459800,145810,58886,49070,1.3506428544962763,0.25179597701149425
5453,0.5798,42,120,42,459920,145690,58928,49028,1.3495312905257697,0.2517897677667191
5454,0.5799,8,50,8,459970,145640,58936,49020,1.349068138871392,0.25182369259221205
5455,0.58,50,223,50,460193,145417,58986,48970,1.3470024824928675,0.25192013869240226
5456,0.5801,23,93,23,460286,145324,59009,48947,1.346141020415725,0.2519521699069856
5457,0.5802,6,45,6,460331,145279,59015,48941,1.345724183926785,0.25198743692719594
5458,0.5803,11,59,11,460390,145220,59026,48930,1.3451776649746192,0.2520216327581767
5459,0.5804,0,25,0,460415,145195,59026,48930,1.3449460891474305,0.2520540888602704
5460,0.5805,26,137,26,460552,145058,59052,48904,1.3436770536144356,0.2521318608799662
5461,0.5806,31,121,31,460673,144937,59083,48873,1.3425562266108415,0.25216965068881897
5462,0.5807,17,72,17,460745,144865,59100,48856,1.3418892882285376,0.25219774830813385
5463,0.5808,14,65,14,460810,144800,59114,48842,1.3412871910778466,0.2522283388934219
5464,0.5809,16,89,16,460899,144711,59130,48826,1.3404627811330543,0.25228250928762974
5465,0.581,31,147,31,461046,144564,59161,48795,1.3391011152691839,0.2523544288085892
5466,0.5811,18,77,18,461123,144487,59179,48777,1.338387861721442,0.25238533819024755
5467,0.5812,11,60,11,461183,144427,59190,48766,1.337832079736189,0.25242115397555814
5468,0.5813,34,115,34,461298,144312,59224,48732,1.33676683093112,0.25243985827065335
5469,0.5814,14,65,14,461363,144247,59238,48718,1.336164733780429,0.252470655300184
5470,0.5815,12,45,12,461408,144202,59250,48706,1.3357478972914891,0.25248304891450846
5471,0.5816,10,56,10,461464,144146,59260,48696,1.335229167438586,0.252517605086029
5472,0.5817,47,185,47,461649,143961,59307,48649,1.3335155063173885,0.2525777477804891
5473,0.5818,11,46,11,461695,143915,59318,48638,1.3330894067953611,0.25259538932138165
5474,0.5819,5,19,5,461714,143896,59323,48633,1.3329134091666976,0.25260090687636666
5475,0.582,7,57,7,461771,143839,59330,48626,1.332385416280707,0.2526485334995973
5476,0.5821,20,95,20,461866,143744,59350,48606,1.3315054281373893,0.25269560696646737
5477,0.5822,8,43,8,461909,143701,59358,48598,1.3311071177146245,0.2527210229902392
5478,0.5823,33,92,33,462001,143609,59391,48565,1.3302549186705694,0.25271368655489296
5479,0.5824,22,61,22,462062,143548,59413,48543,1.3296898736522287,0.25270835177077533
5480,0.5825,30,143,30,462205,143405,59443,48513,1.3283652599207085,0.2527798330537
5481,0.5826,17,103,17,462308,143302,59460,48496,1.3274111675126903,0.25284935192233493
5482,0.5827,29,73,29,462381,143229,59489,48467,1.326734966097299,0.25283260996577916
5483,0.5828,5,38,5,462419,143191,59494,48462,1.326382970839972,0.2528632476402665
5484,0.5829,17,61,17,462480,143130,59511,48445,1.325817925821631,0.2528774631345426
5485,0.583,8,40,8,462520,143090,59519,48437,1.3254474044981288,0.25289906906075904
5486,0.5831,22,128,22,462648,142962,59541,48415,1.3242617362629219,0.25298233330023984
5487,0.5832,21,80,21,462728,142882,59562,48394,1.3235206936159176,0.2530061272715866
5488,0.5833,142,600,142,463328,142282,59704,48252,1.317962873763385,0.25324613979657173
5489,0.5834,22,67,22,463395,142215,59726,48230,1.3173422505465189,0.2532489695187587
5490,0.5835,14,68,14,463463,142147,59740,48216,1.3167123642965652,0.2532845143226362
5491,0.5836,22,81,22,463544,142066,59762,48194,1.3159620586164733,0.25330600231262485
5492,0.5837,6,26,6,463570,142040,59768,48188,1.315721219756197,0.25331707214500493
5493,0.5838,21,134,21,463704,141906,59789,48167,1.3144799733224648,0.2534131623113225
5494,0.5839,16,120,16,463824,141786,59805,48151,1.3133684093519582,0.2535103744925949
5495,0.584,11,25,11,463849,141761,59816,48140,1.3131368335247693,0.2535005081595147
5496,0.5841,9,22,9,463871,141739,59825,48131,1.3129330467968432,0.25349449623426556
5497,0.5842,14,80,14,463951,141659,59839,48117,1.3121920041498387,0.2535462861478796
5498,0.5843,6,20,6,463971,141639,59845,48111,1.3120067434880878,0.2535494071146245
5499,0.5844,7,45,7,464016,141594,59852,48104,1.311589906999148,0.25358200929899105
5500,0.5845,12,57,12,464073,141537,59864,48092,1.3110619141131572,0.25361099831776784
5501,0.5846,33,152,33,464225,141385,59897,48059,1.309653933083849,0.25368446612191464
5502,0.5847,15,66,15,464291,141319,59912,48044,1.3090425729000703,0.253713766680925
5503,0.5848,15,41,15,464332,141278,59927,48029,1.3086627885434807,0.25370958284691003
5504,0.5849,12,66,12,464398,141212,59939,48017,1.308051428359702,0.25375074645006845
5505,0.585,36,161,36,464559,141051,59975,47981,1.3065600800326058,0.25382474924880444
5506,0.5851,11,45,11,464604,141006,59986,47970,1.306143243543666,0.25384175768351536
5507,0.5852,22,51,22,464655,140955,60008,47948,1.3056708288562007,0.2538233908408019
5508,0.5853,26,110,26,464765,140845,60034,47922,1.3046518952165698,0.2538685257486743
5509,0.5854,24,122,24,464887,140723,60058,47898,1.303521805179888,0.25393779059595695
5510,0.5855,10,50,10,464937,140673,60068,47888,1.3030586535255104,0.2539655602165877
5511,0.5856,17,82,17,465019,140591,60085,47871,1.302299084812331,0.2540087656928187
5512,0.5857,16,72,16,465091,140519,60101,47855,1.3016321464300271,0.25404248994022527
5513,0.5858,9,31,9,465122,140488,60110,47846,1.3013449924043128,0.25404865823483813
5514,0.5859,20,94,20,465216,140394,60130,47826,1.3004742672940828,0.25409627032196364
5515,0.586,28,90,28,465306,140304,60158,47798,1.2996405943162028,0.2541068143879385
5516,0.5861,8,39,8,465345,140265,60166,47790,1.2992793360257884,0.2541277817659727
5517,0.5862,37,105,37,465450,140160,60203,47753,1.298306717551595,0.2541229185846642
5518,0.5863,13,52,13,465502,140108,60216,47740,1.2978250398310422,0.2541416464375453
5519,0.5864,19,110,19,465612,139998,60235,47721,1.2968061061914113,0.2542150767903089
5520,0.5865,22,95,22,465707,139903,60257,47699,1.2959261180480937,0.25425635121160756
5521,0.5866,14,50,14,465757,139853,60271,47685,1.295462966393716,0.2542684682570999
5522,0.5867,55,177,55,465934,139676,60326,47630,1.293823409537219,0.2542897718172402
5523,0.5868,23,90,23,466024,139586,60349,47607,1.292989736559339,0.25432040728018673
5524,0.5869,18,46,18,466070,139540,60367,47589,1.2925636370373115,0.25431119708863936
5525,0.587,23,74,23,466144,139466,60390,47566,1.2918781725888324,0.25432011634372725
5526,0.5871,28,136,28,466280,139330,60418,47538,1.2906184000889251,0.2543934756084509
5527,0.5872,55,169,55,466449,139161,60473,47483,1.2890529474971284,0.2544041062128973
5528,0.5873,41,135,41,466584,139026,60514,47442,1.2878024380303086,0.2544243516313791
5529,0.5874,9,41,9,466625,138985,60523,47433,1.287422653673719,0.25444431331738354
5530,0.5875,41,146,41,466771,138839,60564,47392,1.286070250842936,0.2544796516154668
5531,0.5876,8,54,8,466825,138785,60572,47384,1.2855700470562081,0.2545214294538833
5532,0.5877,24,93,24,466918,138692,60596,47360,1.2847085849790656,0.2545524907015243
5533,0.5878,29,93,29,467011,138599,60625,47331,1.283847122901923,0.25456354542031945
5534,0.5879,22,60,22,467071,138539,60647,47309,1.2832913409166697,0.25455748783952475
5535,0.588,14,40,14,467111,138499,60661,47295,1.2829208195931676,0.2545561212956285
5536,0.5881,19,63,19,467174,138436,60680,47276,1.2823372485086517,0.2545662100456621
5537,0.5882,37,127,37,467301,138309,60717,47239,1.2811608433065322,0.2545918037381163
5538,0.5883,37,146,37,467447,138163,60754,47202,1.2798084404757495,0.25464354112157095
5539,0.5884,39,146,39,467593,138017,60793,47163,1.2784560376449665,0.2546873312452749
5540,0.5885,5,36,5,467629,137981,60798,47158,1.2781225684538144,0.25471672635155207
5541,0.5886,11,86,11,467715,137895,60809,47147,1.2773259476082848,0.25479080424984596
5542,0.5887,10,51,10,467766,137844,60819,47137,1.2768535329208195,0.2548207653759035
5543,0.5888,16,46,16,467812,137798,60835,47121,1.2764274333987922,0.25481967780487674
5544,0.5889,22,106,22,467918,137692,60857,47099,1.2754455518915113,0.25487713146203006
5545,0.589,25,111,25,468029,137581,60882,47074,1.2744173552187927,0.25492946305271996
5546,0.5891,8,18,8,468047,137563,60890,47066,1.274250620623217,0.25492203283341186
5547,0.5892,12,75,12,468122,137488,60902,47054,1.2735558931416504,0.25497718676507247
5548,0.5893,16,48,16,468170,137440,60918,47038,1.2731112675534477,0.25497891347477747
5549,0.5894,12,91,12,468261,137349,60930,47026,1.2722683315424803,0.2550562711864407
5550,0.5895,21,57,21,468318,137292,60951,47005,1.2717403386564896,0.25505027211511855
5551,0.5896,8,19,8,468337,137273,60959,46997,1.2715643410278261,0.25504422857763065
5552,0.5897,24,59,24,468396,137214,60983,46973,1.2710178220756605,0.2550288565425356
5553,0.5898,17,66,17,468462,137148,61000,46956,1.2704064618918818,0.2550514926345978
5554,0.5899,13,49,13,468511,137099,61013,46943,1.2699525732705916,0.2550667782354028
5555,0.59,36,172,36,468683,136927,61049,46907,1.2683593315795325,0.25515954611225344
5556,0.5901,20,42,20,468725,136885,61069,46887,1.267970284189855,0.25513679994776134
5557,0.5902,16,82,16,468807,136803,61085,46871,1.2672107154766756,0.2551858183520803
5558,0.5903,29,92,29,468899,136711,61114,46842,1.2663585164326208,0.25519604691832876
5559,0.5904,18,57,18,468956,136654,61132,46824,1.26583052354663,0.2552022585814103
5560,0.5905,16,47,16,469003,136607,61148,46808,1.265395160991515,0.2552026824414579
5561,0.5906,27,78,27,469081,136529,61175,46781,1.264672644410686,0.25520157110905023
5562,0.5907,26,124,26,469205,136405,61201,46755,1.263524028307829,0.2552686176020965
5563,0.5908,18,70,18,469275,136335,61219,46737,1.2628756159917003,0.2552929994756162
5564,0.5909,14,82,14,469357,136253,61233,46723,1.262116047278521,0.25535042847149353
5565,0.591,10,62,10,469419,136191,61243,46713,1.2615417392270925,0.25539627345492716
5566,0.5911,4,28,4,469447,136163,61247,46709,1.261282374300641,0.2554190909488604
5567,0.5912,12,45,12,469492,136118,61259,46697,1.260865537811701,0.2554330880945218
5568,0.5913,45,163,45,469655,135955,61304,46652,1.2593556634184297,0.2554776103873346
5569,0.5914,35,138,35,469793,135817,61339,46617,1.2580773648523473,0.25552802657399387
5570,0.5915,3,22,3,469815,135795,61342,46614,1.257873578124421,0.25554660131901386
5571,0.5916,27,123,27,469938,135672,61369,46587,1.2567342250546518,0.2556087765213241
5572,0.5917,80,387,80,470325,135285,61449,46507,1.2531494312497684,0.2558253388487942
5573,0.5918,22,114,22,470439,135171,61471,46485,1.2520934454777872,0.2558957590170432
5574,0.5919,14,82,14,470521,135089,61485,46471,1.2513338767646078,0.2559539546155541
5575,0.592,1,9,1,470530,135080,61486,46470,1.2512505094668198,0.25596254475351143
5576,0.5921,12,97,12,470627,134983,61498,46458,1.250351995257327,0.25605017609029934
5577,0.5922,7,33,7,470660,134950,61505,46451,1.2500463151654377,0.25606804813644907
5578,0.5923,22,98,22,470758,134852,61527,46429,1.2491385379228575,0.2561161952990109
5579,0.5924,12,47,12,470805,134805,61539,46417,1.2487031753677424,0.2561333612916754
5580,0.5925,28,125,28,470930,134680,61567,46389,1.247545296231798,0.2561951521243283
5581,0.5926,24,87,24,471017,134593,61591,46365,1.246739412353181,0.2562196752837675
5582,0.5927,8,67,8,471084,134526,61599,46357,1.2461187891363148,0.25628168484600544
5583,0.5928,24,68,24,471152,134458,61623,46333,1.2454889028863612,0.25627935018889214
5584,0.5929,27,80,27,471232,134378,61650,46306,1.2447478602393567,0.256281685151978
5585,0.593,14,82,14,471314,134296,61664,46292,1.2439882915261773,0.2563403991405852
5586,0.5931,12,69,12,471383,134227,61676,46280,1.2433491422431362,0.2563889489050286
5587,0.5932,8,82,8,471465,134145,61684,46272,1.2425895735299566,0.2564725053625767
5588,0.5933,55,204,55,471669,133941,61739,46217,1.2406999147800957,0.2565359295729304
5589,0.5934,4,42,4,471711,133899,61743,46213,1.2403108673904184,0.25657923958425866
5590,0.5935,9,82,9,471793,133817,61752,46204,1.2395512986772388,0.2566589453452653
5591,0.5936,28,78,28,471871,133739,61780,46176,1.2388287820964097,0.2566545313064503
5592,0.5937,19,53,19,471924,133686,61799,46157,1.2383378413427693,0.25665163503722693
5593,0.5938,4,58,4,471982,133628,61803,46153,1.237800585423691,0.25671789566194425
5594,0.5939,33,122,33,472104,133506,61836,46120,1.2366704953870096,0.2567557035173082
5595,0.594,11,55,11,472159,133451,61847,46109,1.236161028567194,0.2567888171084874
5596,0.5941,6,33,6,472192,133418,61853,46103,1.2358553484753048,0.2568111808646342
5597,0.5942,9,41,9,472233,133377,61862,46094,1.235475564118715,0.2568325801940146
5598,0.5943,9,46,9,472279,133331,61871,46085,1.2350494645966876,0.25686114950729033
5599,0.5944,14,59,14,472338,133272,61885,46071,1.2345029456445218,0.2568876398855824
5600,0.5945,19,58,19,472396,133214,61904,46052,1.2339656897254436,0.25689199290439907
5601,0.5946,20,98,20,472494,133116,61924,46032,1.2330579124828633,0.25694956125661467
5602,0.5947,23,67,23,472561,133049,61947,46009,1.2324372892659972,0.2569502619263032
5603,0.5948,19,99,19,472660,132950,61966,45990,1.2315202489903294,0.2570135240862859
5604,0.5949,25,117,25,472777,132833,61991,45965,1.2304364741190856,0.25707781966241233
5605,0.595,47,146,47,472923,132687,62038,45918,1.2290840712883027,0.25709246661627616
5606,0.5951,9,17,9,472940,132670,62047,45909,1.2289265997258143,0.25707949982920725
5607,0.5952,26,110,26,473050,132560,62073,45883,1.2279076660861832,0.25712972770016196
5608,0.5953,0,2,0,473052,132558,62073,45883,1.227889140020008,0.25713260965809426
5609,0.5954,10,36,10,473088,132522,62083,45873,1.2275556708288562,0.2571428571428571
5610,0.5955,22,50,22,473138,132472,62105,45851,1.2270925191744786,0.2571233099488008
5611,0.5956,45,229,45,473367,132243,62150,45806,1.2249712845974285,0.2572662581648872
5612,0.5957,26,108,26,473475,132135,62176,45780,1.2239708770239728,0.2573138858443639
5613,0.5958,36,161,36,473636,131974,62212,45744,1.2224795286968766,0.2573965495897996
5614,0.5959,16,65,16,473701,131909,62228,45728,1.2218774315461856,0.2574238475092464
5615,0.596,9,28,9,473729,131881,62237,45719,1.221618066619734,0.2574268018018018
5616,0.5961,22,52,22,473781,131829,62259,45697,1.221136388899181,0.257410182170499
5617,0.5962,3,26,3,473807,131803,62262,45694,1.2208955500389047,0.25743533693527215
5618,0.5963,30,114,30,473921,131689,62292,45664,1.2198395642669235,0.25747520481751085
5619,0.5964,14,77,14,473998,131612,62306,45650,1.2191263107191819,0.25752840428292584
5620,0.5965,15,49,15,474047,131563,62321,45635,1.2186724220978917,0.25753676678066345
5621,0.5966,12,46,12,474093,131517,62333,45623,1.2182463225758642,0.2575533476346393
5622,0.5967,48,192,48,474285,131325,62381,45575,1.2164678202230539,0.25763143018654605
5623,0.5968,3,9,3,474294,131316,62384,45572,1.2163844529252659,0.25763194789923566
5624,0.5969,12,81,12,474375,131235,62396,45560,1.215634147245174,0.257699595576798
5625,0.597,12,87,12,474462,131148,62408,45548,1.2148282633665568,0.2577760673699461
5626,0.5971,33,101,33,474563,131047,62441,45515,1.2138926970247137,0.25778480080651556
5627,0.5972,26,99,26,474662,130948,62467,45489,1.212975656749046,0.2578200717536571
5628,0.5973,14,50,14,474712,130898,62481,45475,1.2125125050946681,0.2578342490063672
5629,0.5974,8,41,8,474753,130857,62489,45467,1.2121327207380785,0.25786052947982124
5630,0.5975,19,79,19,474832,130778,62508,45448,1.2114009411241617,0.2578961106760637
5631,0.5976,17,75,17,474907,130703,62525,45431,1.2107062136425952,0.25793430002157447
5632,0.5977,10,38,10,474945,130665,62535,45421,1.210354218385268,0.25794782095112617
5633,0.5978,24,85,24,475030,130580,62559,45397,1.209566860572826,0.25797121214704194
5634,0.5979,23,89,23,475119,130491,62582,45374,1.2087424506280335,0.2580047195291843
5635,0.598,14,48,14,475167,130443,62596,45360,1.208297825039831,0.2580160748110101
5636,0.5981,32,136,32,475303,130307,62628,45328,1.2070380525399236,0.2580806786802175
5637,0.5982,35,132,35,475435,130175,62663,45293,1.2058153321723666,0.25812683794196095
5638,0.5983,53,168,53,475603,130007,62716,45240,1.2042591426136575,0.25814992553367533
5639,0.5984,7,55,7,475658,129952,62723,45233,1.203749675793842,0.2582013300225476
5640,0.5985,15,62,15,475720,129890,62738,45218,1.2031753677424135,0.25822920711789293
5641,0.5986,20,64,20,475784,129826,62758,45198,1.2025825336248102,0.25823887009781515
5642,0.5987,8,30,8,475814,129796,62766,45190,1.2023046426321835,0.2582492313670808
5643,0.5988,19,87,19,475901,129709,62785,45171,1.2014987587535664,0.25829711802378774
5644,0.5989,23,102,23,476003,129607,62808,45148,1.2005539293786358,0.2583502617950845
5645,0.599,6,27,6,476030,129580,62814,45142,1.2003038274852718,0.2583647165211021
5646,0.5991,11,76,11,476106,129504,62825,45131,1.1995998369706176,0.25843044063332093
5647,0.5992,9,64,9,476170,129440,62834,45122,1.1990070028530142,0.2584869559239697
5648,0.5993,17,69,17,476239,129371,62851,45105,1.1983678535699729,0.2585169306953392
5649,0.5994,24,89,24,476328,129282,62875,45081,1.1975434436251806,0.2585468247277232
5650,0.5995,16,37,16,476365,129245,62891,45065,1.197200711400941,0.2585336469508347
5651,0.5996,24,93,24,476458,129152,62915,45041,1.1963392493237985,0.25856951771885206
5652,0.5997,7,31,7,476489,129121,62922,45034,1.1960520952980844,0.2585857425856277
5653,0.5998,16,48,16,476537,129073,62938,45018,1.1956074697098817,0.2585888989091912
5654,0.5999,23,90,23,476627,128983,62961,44995,1.194773796732002,0.2586246536918461
5655,0.6,327,1197,327,477824,127786,63288,44668,1.1836859461261995,0.2590139979356814
5656,0.6001,9,32,9,477856,127754,63297,44659,1.183389529067398,0.25902339150760095
5657,0.6002,9,52,9,477908,127702,63306,44650,1.182907851346845,0.25906284812476793
5658,0.6003,18,116,18,478024,127586,63324,44632,1.1818333395086886,0.2591599019846938
5659,0.6004,10,67,10,478091,127519,63334,44622,1.1812127162918227,0.2592177342992082
5660,0.6005,11,53,11,478144,127466,63345,44611,1.1807217755381822,0.25925021937853404
5661,0.6006,8,23,8,478167,127443,63353,44603,1.1805087257771685,0.2592504330237262
5662,0.6007,8,37,8,478204,127406,63361,44595,1.180165993552929,0.25927174842006734
5663,0.6008,22,112,22,478316,127294,63383,44573,1.179128533847123,0.25934588955413196
5664,0.6009,1,0,1,478316,127294,63384,44572,1.179128533847123,0.25934158006819263
5665,0.601,20,82,20,478398,127212,63404,44552,1.1783689651339435,0.2593791481334855
5666,0.6011,10,52,10,478450,127160,63414,44542,1.1778872874133905,0.2594145670988107
5667,0.6012,13,57,13,478507,127103,63427,44529,1.1773592945274,0.25944462571082316
5668,0.6013,12,93,12,478600,127010,63439,44517,1.1764978324502575,0.2595334845243023
5669,0.6014,15,71,15,478671,126939,63454,44502,1.175840157101041,0.2595761807268973
5670,0.6015,16,57,16,478728,126882,63470,44486,1.1753121642150506,0.2595933896643481
5671,0.6016,17,89,17,478817,126793,63487,44469,1.1744877542702583,0.25965479791197116
5672,0.6017,30,159,30,478976,126634,63517,44439,1.173014932009337,0.2597662985976747
5673,0.6018,28,89,28,479065,126545,63545,44411,1.1721905220645448,0.2597802943447437
5674,0.6019,24,87,24,479152,126458,63569,44387,1.1713846381859276,0.2598085984371799
5675,0.602,21,55,21,479207,126403,63590,44366,1.170875171366112,0.2598012519836739
5676,0.6021,10,43,10,479250,126360,63600,44356,1.1704768609433474,0.2598233323180018
5677,0.6022,21,111,21,479361,126249,63621,44335,1.1694486642706288,0.25990128030764903
5678,0.6023,15,92,15,479453,126157,63636,44320,1.168596465226574,0.25997641910638974
5679,0.6024,16,112,16,479565,126045,63652,44304,1.1675590055207676,0.260077840198651
5680,0.6025,55,189,55,479754,125856,63707,44249,1.16580829226722,0.26012756826665884
5681,0.6026,8,40,8,479794,125816,63715,44241,1.1654377709437178,0.2601539483820131
5682,0.6027,16,30,16,479824,125786,63731,44225,1.1651598799510912,0.2601302268676733
5683,0.6028,53,163,53,479987,125623,63784,44172,1.1636500055578198,0.2601490032097529
5684,0.6029,10,62,10,480049,125561,63794,44162,1.1630756975063914,0.2602004442532833
5685,0.603,21,53,21,480102,125508,63815,44141,1.1625847567527512,0.2601901573248295
5686,0.6031,11,66,11,480168,125442,63826,44130,1.1619733965689725,0.2602434364163895
5687,0.6032,12,107,12,480275,125335,63838,44118,1.1609822520286042,0.2603553787775961
5688,0.6033,34,108,34,480383,125227,63872,44084,1.1599818444551484,0.26037292320050087
5689,0.6034,15,45,15,480428,125182,63887,44069,1.1595650079662085,0.26037660043367544
5690,0.6035,8,50,8,480478,125132,63895,44061,1.1591018563118307,0.26041857523656414
5691,0.6036,10,55,10,480533,125077,63905,44051,1.1585923894920154,0.26045953360768176
5692,0.6037,32,139,32,480672,124938,63937,44019,1.1573048278928453,0.26053374527246576
5693,0.6038,13,69,13,480741,124869,63950,44006,1.156665678609804,0.26058327165062917
5694,0.6039,20,48,20,480789,124821,63970,43986,1.1562210530216015,0.260569763102241
5695,0.604,13,82,13,480871,124739,63983,43973,1.1554614843084219,0.2606394328797003
5696,0.6041,32,104,32,480975,124635,64015,43941,1.1544981288673164,0.2606598804100228
5697,0.6042,22,32,22,481007,124603,64037,43919,1.1542017118085146,0.260612857668435
5698,0.6043,11,41,11,481048,124562,64048,43908,1.1538219274519248,0.26062800498605093
5699,0.6044,15,66,15,481114,124496,64063,43893,1.1532105672681463,0.26066429517367523
5700,0.6045,23,119,23,481233,124377,64086,43870,1.1521082663307274,0.26074759133892433
5701,0.6046,18,49,18,481282,124328,64104,43852,1.1516543777094372,0.2607444404804376
5702,0.6047,23,92,23,481374,124236,64127,43829,1.1508021786653821,0.26078600541457175
5703,0.6048,27,101,27,481475,124135,64154,43802,1.1498666123235393,0.260823999475994
5704,0.6049,5,22,5,481497,124113,64159,43797,1.149662825595613,0.26083616222976597
5705,0.605,25,125,25,481622,123988,64184,43772,1.1485049464596688,0.2609203624225083
5706,0.6051,8,53,8,481675,123935,64192,43764,1.1480140057060284,0.2609675668906791
5707,0.6052,12,47,12,481722,123888,64204,43752,1.1475786431509134,0.2609878310665712
5708,0.6053,5,40,5,481762,123848,64209,43747,1.1472081218274113,0.26102807362988156
5709,0.6054,13,44,13,481806,123804,64222,43734,1.1468005483715589,0.26103928660960496
5710,0.6055,12,65,12,481871,123739,64234,43722,1.1461984512208678,0.26108765623040586
5711,0.6056,12,58,12,481929,123681,64246,43710,1.1456611953017897,0.2611251500976755
5712,0.6057,7,35,7,481964,123646,64253,43703,1.1453369891437253,0.2611488565811567
5713,0.6058,40,134,40,482098,123512,64293,43663,1.144095742709993,0.2611813967399432
5714,0.6059,19,93,19,482191,123419,64312,43644,1.1432342806328504,0.26124276470553026
5715,0.606,17,84,17,482275,123335,64329,43627,1.1424561858534958,0.2612989782106108
5716,0.6061,6,20,6,482295,123315,64335,43621,1.142270925191745,0.2613037331672018
5717,0.6062,12,57,12,482352,123258,64347,43609,1.1417429323057542,0.26133986947688875
5718,0.6063,17,58,17,482410,123200,64364,43592,1.141205676386676,0.2613554606935584
5719,0.6064,11,85,11,482495,123115,64375,43581,1.140418318574234,0.261439986562365
5720,0.6065,23,67,23,482562,123048,64398,43558,1.1397976953573679,0.26144316531217365
5721,0.6066,17,74,17,482636,122974,64415,43541,1.1391122309088888,0.26148395039485933
5722,0.6067,29,147,29,482783,122827,64444,43512,1.1377505650450184,0.2615862786237743
5723,0.6068,18,70,18,482853,122757,64462,43494,1.1371021527288896,0.26161647147987077
5724,0.6069,16,54,16,482907,122703,64478,43478,1.1366019489421617,0.2616303909592553
5725,0.607,25,116,25,483023,122587,64503,43453,1.1355274371040054,0.2617019995181884
5726,0.6071,48,180,48,483203,122407,64551,43405,1.1338600911482455,0.2617723687067281
5727,0.6072,11,33,11,483236,122374,64562,43394,1.1335544110563562,0.2617754934607403
5728,0.6073,17,65,17,483301,122309,64579,43377,1.1329523139056652,0.26180244558985066
5729,0.6074,3,21,3,483322,122288,64582,43374,1.1327577902108266,0.26182226461107555
5730,0.6075,5,30,5,483352,122258,64587,43369,1.1324798992182,0.26184740410681834
5731,0.6076,31,108,31,483460,122150,64618,43338,1.1314794916447442,0.2618800154693996
5732,0.6077,18,81,18,483541,122069,64636,43320,1.1307291859646522,0.2619279395848575
5733,0.6078,24,64,24,483605,122005,64660,43296,1.1301363518470489,0.26192219042837006
5734,0.6079,16,36,16,483641,121969,64676,43280,1.1298028826558968,0.26190778764168016
5735,0.608,9,22,9,483663,121947,64685,43271,1.1295990959279707,0.2619024561488458
5736,0.6081,25,95,25,483758,121852,64710,43246,1.128719107784653,0.2619413923851288
5737,0.6082,13,56,13,483814,121796,64723,43233,1.12820037793175,0.26197213823025045
5738,0.6083,78,299,78,484113,121497,64801,43155,1.1254307310385712,0.26209824356825306
5739,0.6084,17,65,17,484178,121432,64818,43138,1.1248286338878803,0.2621255392841952
5740,0.6085,16,66,16,484244,121366,64834,43122,1.1242172737041016,0.2621589416857157
5741,0.6086,4,47,4,484291,121319,64838,43118,1.1237819111489866,0.2622159246398317
5742,0.6087,20,78,20,484369,121241,64858,43098,1.1230593945681573,0.2622505917645842
5743,0.6088,26,97,26,484466,121144,64884,43072,1.1221608803586647,0.26228869294100454
5744,0.6089,14,61,14,484527,121083,64898,43058,1.121595835340324,0.2623232464771142
5745,0.609,9,42,9,484569,121041,64907,43049,1.1212067879506467,0.26234992991650924
5746,0.6091,4,13,4,484582,121028,64911,43045,1.1210863685205084,0.2623527332345968
5747,0.6092,4,41,4,484623,120987,64915,43041,1.1207065841639186,0.2624003218962616
5748,0.6093,16,70,16,484693,120917,64931,43025,1.1200581718477898,0.26244037525466324
5749,0.6094,10,34,10,484727,120883,64941,43015,1.119743228722813,0.2624498163491928
5750,0.6095,29,96,29,484823,120787,64970,42986,1.1188539775464077,0.262473057219444
5751,0.6096,10,25,10,484848,120762,64980,42976,1.118622401719219,0.2624680892645568
5752,0.6097,15,27,15,484875,120735,64995,42961,1.118372299825855,0.2624437982601896
5753,0.6098,37,131,37,485006,120604,65032,42924,1.1171588424913854,0.2624871581625165
5754,0.6099,16,99,16,485105,120505,65048,42908,1.1162418022157174,0.26257396902327235
5755,0.61,62,210,62,485315,120295,65110,42846,1.1142965652673311,0.2626317112191295
5756,0.6101,8,64,8,485379,120231,65118,42838,1.1137037311497278,0.26269861224389673
5757,0.6102,22,90,22,485469,120141,65140,42816,1.1128700581718478,0.2627441595022
5758,0.6103,16,108,16,485577,120033,65156,42800,1.111869650598392,0.2628459833080518
5759,0.6104,15,84,15,485661,119949,65171,42785,1.1110915558190373,0.2629137119471039
5760,0.6105,14,62,14,485723,119887,65185,42771,1.110517247767609,0.26295048506682733
5761,0.6106,20,91,20,485814,119796,65205,42751,1.1096743117566417,0.2630070072040702
5762,0.6107,13,59,13,485873,119737,65218,42738,1.1091277928044758,0.263043545160794
5763,0.6108,11,49,11,485922,119688,65229,42727,1.1086739041831857,0.2630729920265985
5764,0.6109,28,66,28,485988,119622,65257,42699,1.1080625439994072,0.26305283974347127
5765,0.611,29,116,29,486104,119506,65286,42670,1.1069880321612509,0.26310921468034726
5766,0.6111,6,29,6,486133,119477,65292,42664,1.1067194042017119,0.2631290050018194
5767,0.6112,31,105,31,486238,119372,65323,42633,1.1057467857275187,0.2631585444893676
5768,0.6113,13,84,13,486322,119288,65336,42620,1.104968690948164,0.26323591175235317
5769,0.6114,25,87,25,486409,119201,65361,42595,1.1041628070695468,0.2632636159113946
5770,0.6115,22,88,22,486497,119113,65383,42573,1.103347660157842,0.26330665611122794
5771,0.6116,3,31,3,486528,119082,65386,42570,1.103060506132128,0.26334347858362406
5772,0.6117,29,124,29,486652,118958,65415,42541,1.1019118900292713,0.26341339574858047
5773,0.6118,11,38,11,486690,118920,65426,42530,1.101559894771944,0.2634252090430474
5774,0.6119,38,112,38,486802,118808,65464,42492,1.100522435066138,0.2634345939243645
5775,0.612,25,93,25,486895,118715,65489,42467,1.0996609729889955,0.2634723480289362
5776,0.6121,9,48,9,486943,118667,65498,42458,1.099216347400793,0.26350969743987585
5777,0.6122,9,30,9,486973,118637,65507,42449,1.0989384564081663,0.26351762412624313
5778,0.6123,6,51,6,487024,118586,65513,42443,1.098466041720701,0.2635736420147924
5779,0.6124,12,60,12,487084,118526,65525,42431,1.0979102597354478,0.26361699087333884
5780,0.6125,41,132,41,487216,118394,65566,42390,1.0966875393678905,0.2636456363817295
5781,0.6126,12,58,12,487274,118336,65578,42378,1.0961502834488124,0.2636858021080926
5782,0.6127,14,88,14,487362,118248,65592,42364,1.0953351365371078,0.2637660946878191
5783,0.6128,22,105,22,487467,118143,65614,42342,1.0943625180629146,0.2638377418450322
5784,0.6129,10,39,10,487506,118104,65624,42332,1.0940012597725,0.2638559924206537
5785,0.613,18,93,18,487599,118011,65642,42314,1.0931397976953574,0.26392639950101354
5786,0.6131,20,79,20,487678,117932,65662,42294,1.0924080180814406,0.2639646499319711
5787,0.6132,10,26,10,487704,117906,65672,42284,1.0921671792211642,0.2639615456645234
5788,0.6133,62,253,62,487957,117653,65734,42222,1.089823631850013,0.2640938232994527
5789,0.6134,31,107,31,488064,117546,65765,42191,1.0888324873096447,0.2641279102524775
5790,0.6135,11,56,11,488120,117490,65776,42180,1.0883137574567416,0.2641698503162773
5791,0.6136,10,81,10,488201,117409,65786,42170,1.0875634517766497,0.2642578284110065
5792,0.6137,10,52,10,488253,117357,65796,42160,1.087081774056097,0.26429784913206744
5793,0.6138,18,64,18,488317,117293,65814,42142,1.0864889399384934,0.26432088311851226
5794,0.6139,16,53,16,488370,117240,65830,42126,1.0859979991848532,0.2643349271488272
5795,0.614,28,101,28,488471,117139,65858,42098,1.08506243284301,0.26437322983979855
5796,0.6141,8,40,8,488511,117099,65866,42090,1.084691911519508,0.2644026911407195
5797,0.6142,23,97,23,488608,117002,65889,42067,1.0837933973100151,0.26445756244145624
5798,0.6143,18,69,18,488677,116933,65907,42049,1.083154248026974,0.26448906165477853
5799,0.6144,17,76,17,488753,116857,65924,42032,1.0824502575123198,0.2645368779462392
5800,0.6145,25,88,25,488841,116769,65949,42007,1.081635110600615,0.26456769285030485
5801,0.6146,21,49,21,488890,116720,65970,41986,1.0811812219793249,0.26455206482426624
5802,0.6147,14,47,14,488937,116673,65984,41972,1.0807458594242099,0.2645655394118945
5803,0.6148,17,66,17,489003,116607,66001,41955,1.0801344992404314,0.26459681386460815
5804,0.6149,40,133,40,489136,116474,66041,41915,1.0789025158397865,0.26463327630075323
5805,0.615,36,159,36,489295,116315,66077,41879,1.0774296935788654,0.2647319114504975
5806,0.6151,14,54,14,489349,116261,66091,41865,1.0769294897921375,0.26475721892667875
5807,0.6152,19,74,19,489423,116187,66110,41846,1.0762440253436585,0.2647927964412496
5808,0.6153,31,73,31,489496,116114,66141,41815,1.075567823928267,0.26477087805279587
5809,0.6154,8,62,8,489558,116052,66149,41807,1.0749935158768387,0.26483760824533287
5810,0.6155,16,84,16,489642,115968,66165,41791,1.0742154210974841,0.2649040625257513
5811,0.6156,7,30,7,489672,115938,66172,41784,1.0739375301048575,0.26492182447597673
5812,0.6157,14,65,14,489737,115873,66186,41770,1.0733354329541664,0.26496577710396274
5813,0.6158,7,23,7,489760,115850,66193,41763,1.0731223831931527,0.2649717980115853
5814,0.6159,20,79,20,489839,115771,66213,41743,1.0723906035792359,0.2650113640692256
5815,0.616,19,81,19,489920,115690,66232,41724,1.0716402978991442,0.26505901635178575
5816,0.6161,35,105,35,490025,115585,66267,41689,1.070667679424951,0.26507242137924897
5817,0.6162,22,110,22,490135,115475,66289,41667,1.0696487457853199,0.26515508266408727
5818,0.6163,5,44,5,490179,115431,66294,41662,1.0692411723294675,0.2652059608002903
5819,0.6164,14,35,14,490214,115396,66308,41648,1.068916966171403,0.26519956190621735
5820,0.6165,4,17,4,490231,115379,66312,41644,1.0687594946089147,0.2652095552880788
5821,0.6166,5,14,5,490245,115365,66317,41639,1.068629812145689,0.2652098035718835
5822,0.6167,158,544,158,490789,114821,66475,41481,1.0635907221460594,0.265390078181981
5823,0.6168,34,86,34,490875,114735,66509,41447,1.0627941013005298,0.2653762917621749
5824,0.6169,20,72,20,490947,114663,66529,41427,1.0621271629182258,0.2654045742840669
5825,0.617,10,45,10,490992,114618,66539,41417,1.061710326429286,0.2654340372352357
5826,0.6171,11,75,11,491067,114543,66550,41406,1.0610155989477195,0.2655098782294212
5827,0.6172,1,2,1,491069,114541,66551,41405,1.0609970728815443,0.2655085734805638
5828,0.6173,7,24,7,491093,114517,66558,41398,1.060774760087443,0.26551646730590384
5829,0.6174,10,30,10,491123,114487,66568,41388,1.0604968690948164,0.2655204490777867
5830,0.6175,24,100,24,491223,114387,66592,41364,1.059570565786061,0.26557774909952425
5831,0.6176,9,51,9,491274,114336,66601,41355,1.0590981510985957,0.26562229030579804
5832,0.6177,12,87,12,491361,114249,66613,41343,1.0582922672199786,0.2657141755360173
5833,0.6178,23,95,23,491456,114154,66636,41320,1.057412279076661,0.26576790974696735
5834,0.6179,29,128,29,491584,114026,66665,41291,1.056226610841454,0.26584984258001376
5835,0.618,13,56,13,491640,113970,66678,41278,1.055707880988551,0.2658842625991961
5836,0.6181,6,27,6,491667,113943,66684,41272,1.055457779095187,0.2659021357471894
5837,0.6182,9,52,9,491719,113891,66693,41263,1.0549761013746342,0.26594867035332637
5838,0.6183,52,208,52,491927,113683,66745,41211,1.0530493904924227,0.26605936963342675
5839,0.6184,24,84,24,492011,113599,66769,41187,1.0522712957130682,0.26608995645601025
5840,0.6185,17,58,17,492069,113541,66786,41170,1.05173403979399,0.26610906787494104
5841,0.6186,25,30,25,492099,113511,66811,41145,1.0514561488013636,0.26604205462445685
5842,0.6187,14,69,14,492168,113442,66825,41131,1.0508169995183223,0.26609433730341003
5843,0.6188,17,69,17,492237,113373,66842,41114,1.050177850235281,0.266132425382071
5844,0.6189,25,119,25,492356,113254,66867,41089,1.049075549297862,0.266218746557991
5845,0.619,25,95,25,492451,113159,66892,41064,1.0481955611545444,0.2662637868541009
5846,0.6191,21,82,21,492533,113077,66913,41043,1.047435992441365,0.26630547625227097
5847,0.6192,19,82,19,492615,112995,66932,41024,1.0466764237281856,0.2663567481934047
5848,0.6193,19,64,19,492679,112931,66951,41005,1.046083589610582,0.2663769358694522
5849,0.6194,28,89,28,492768,112842,66979,40977,1.0452591796657897,0.2663975191621321
5850,0.6195,18,79,18,492847,112763,66997,40959,1.044527400051873,0.2664485239588348
5851,0.6196,19,78,19,492925,112685,67016,40940,1.0438048834710438,0.266493083807974
5852,0.6197,17,65,17,492990,112620,67033,40923,1.0432027863203528,0.26652468689552766
5853,0.6198,53,151,53,493141,112469,67086,40870,1.041804068324132,0.26653362810504827
5854,0.6199,8,46,8,493187,112423,67094,40862,1.0413779688021045,0.2665753335290472
5855,0.62,49,171,49,493358,112252,67143,40813,1.0397939901441329,0.26663835625387905
5856,0.6201,4,22,4,493380,112230,67147,40809,1.0395902034162066,0.2666575186717111
5857,0.6202,14,43,14,493423,112187,67161,40795,1.0391918929934418,0.2666653593233191
5858,0.6203,36,99,36,493522,112088,67197,40759,1.0382748527177739,0.26666535816862613
5859,0.6204,15,74,15,493596,112014,67212,40744,1.0375893882692948,0.26672252844368216
5860,0.6205,29,90,29,493686,111924,67241,40715,1.036755715291415,0.26674047916980587
5861,0.6206,9,48,9,493734,111876,67250,40706,1.0363110897032124,0.2667811406325779
5862,0.6207,8,40,8,493774,111836,67258,40698,1.0359405683797103,0.26681264504962826
5863,0.6208,31,130,31,493904,111706,67289,40667,1.0347363740783282,0.26689111588011
5864,0.6209,24,88,24,493992,111618,67313,40643,1.0339212271666234,0.26692981131084126
5865,0.621,31,115,31,494107,111503,67344,40612,1.0328559783615547,0.26698221740130823
5866,0.6211,13,71,13,494178,111432,67357,40599,1.0321983030123383,0.26704422124435145
5867,0.6212,20,69,20,494247,111363,67377,40579,1.0315591537292972,0.26706901317608034
5868,0.6213,31,108,31,494355,111255,67408,40548,1.0305587461558412,0.2671093456651054
5869,0.6214,10,68,10,494423,111187,67418,40538,1.0299288599058876,0.2671807546548031
5870,0.6215,4,29,4,494452,111158,67422,40534,1.0296602319463486,0.2672125095588429
5871,0.6216,7,61,7,494513,111097,67429,40527,1.0290951869280076,0.2672861816071334
5872,0.6217,33,126,33,494639,110971,67462,40494,1.0279280447589758,0.267348892483412
5873,0.6218,8,39,8,494678,110932,67470,40486,1.0275667864685614,0.26737904344265545
5874,0.6219,33,117,33,494795,110815,67503,40453,1.0264830115973174,0.2674260253325224
5875,0.622,11,50,11,494845,110765,67514,40442,1.0260198599429398,0.26746116251231755
5876,0.6221,12,33,12,494878,110732,67526,40430,1.0257141798510505,0.26746139902885646
5877,0.6222,11,34,11,494912,110698,67537,40419,1.0253992367260736,0.2674682530754316
5878,0.6223,14,46,14,494958,110652,67551,40405,1.024973137204046,0.2674818115016186
5879,0.6224,2,22,2,494980,110630,67553,40403,1.02476935047612,0.2675110737388518
5880,0.6225,14,58,14,495038,110572,67567,40389,1.0242320945570418,0.2675459224567935
5881,0.6226,8,21,8,495059,110551,67575,40381,1.0240375708622032,0.267544324596507
5882,0.6227,31,118,31,495177,110433,67606,40350,1.0229445329578717,0.2676031117566304
5883,0.6228,16,62,16,495239,110371,67622,40334,1.0223702249064435,0.267635446733685
5884,0.6229,15,30,15,495269,110341,67637,40319,1.0220923339138168,0.26761582370901366
5885,0.623,45,167,45,495436,110174,67682,40274,1.0205454073881952,0.26769382112091883
5886,0.6231,23,78,23,495514,110096,67705,40251,1.0198228908073659,0.2677206728434887
5887,0.6232,25,115,25,495629,109981,67730,40226,1.0187576420022972,0.26780376413882173
5888,0.6233,45,150,45,495779,109831,67775,40181,1.0173681870391642,0.26785190518091884
5889,0.6234,12,35,12,495814,109796,67787,40169,1.0170439808810996,0.2678558330277065
5890,0.6235,9,62,9,495876,109734,67796,40160,1.0164696728296714,0.2679226653501808
5891,0.6236,20,78,20,495954,109656,67816,40140,1.015747156248842,0.2679644316270127
5892,0.6237,24,110,24,496064,109546,67840,40116,1.0147282226092111,0.2680439924630167
5893,0.6238,10,47,10,496111,109499,67850,40106,1.0142928600540961,0.2680792754252866
5894,0.6239,26,85,26,496196,109414,67876,40080,1.013505502241654,0.26810440552798104
5895,0.624,18,74,18,496270,109340,67894,40062,1.012820037793175,0.26814902076277425
5896,0.6241,14,41,14,496311,109299,67908,40048,1.0124402534365853,0.2681540305463116
5897,0.6242,18,92,18,496403,109207,67926,40030,1.0115880543925302,0.2682310687028016
5898,0.6243,5,16,5,496419,109191,67931,40025,1.0114398458631295,0.26823530988633926
5899,0.6244,11,41,11,496460,109150,67942,40014,1.0110600615065397,0.2682550749510606
5900,0.6245,20,91,20,496551,109059,67962,39994,1.0102171254955723,0.26832066446163444
5901,0.6246,3,14,3,496565,109045,67965,39991,1.0100874430323465,0.26833114146917525
5902,0.6247,6,44,6,496609,109001,67971,39985,1.0096798695764941,0.2683809216973407
5903,0.6248,9,54,9,496663,108947,67980,39976,1.0091796657897663,0.26843402295145813
5904,0.6249,6,40,6,496703,108907,67986,39970,1.0088091444662641,0.2684766619424088
5905,0.625,132,350,132,497053,108557,68118,39838,1.00556708288562,0.2684591798915058
5906,0.6251,12,29,12,497082,108528,68130,39826,1.005298454926081,0.26845248527171495
5907,0.6252,20,58,20,497140,108470,68150,39806,1.004761199007003,0.26845882003830696
5908,0.6253,23,74,23,497214,108396,68173,39783,1.0040757345585238,0.26847933917761624
5909,0.6254,17,40,17,497254,108356,68190,39766,1.0037052132350217,0.2684678845816287
5910,0.6255,29,122,29,497376,108234,68219,39737,1.00257512319834,0.26854586371653905
5911,0.6256,19,72,19,497448,108162,68238,39718,1.0019081848160363,0.2685826345685691
5912,0.6257,16,61,16,497509,108101,68254,39702,1.0013431397976953,0.2686143041751521
5913,0.6258,8,44,8,497553,108057,68262,39694,1.0009355663418429,0.2686546960765071
5914,0.6259,15,85,15,497638,107972,68277,39679,1.000148208529401,0.26873505766977535
5915,0.626,23,56,23,497694,107916,68300,39656,0.9996294786764979,0.26872306399588
5916,0.6261,10,72,10,497766,107844,68310,39646,0.998962540294194,0.26880466472303205
5917,0.6262,9,49,9,497815,107795,68319,39637,0.9985086516729038,0.26884936784415864
5918,0.6263,22,91,22,497906,107704,68341,39615,0.9976657156619363,0.26890625106062355
5919,0.6264,14,77,14,497983,107627,68355,39601,0.9969524621141946,0.26897736843535197
5920,0.6265,7,58,7,498041,107569,68362,39594,0.9964152061951165,0.2690486059675326
5921,0.6266,32,116,32,498157,107453,68394,39562,0.9953406943569603,0.2691017923341156
5922,0.6267,45,178,45,498335,107275,68439,39517,0.9936918744673756,0.2692040438171017
5923,0.6268,10,51,10,498386,107224,68449,39507,0.9932194597799103,0.2692478072118366
5924,0.6269,15,68,15,498454,107156,68464,39492,0.9925895735299567,0.26929791064317277
5925,0.627,12,27,12,498481,107129,68476,39480,0.9923394716365926,0.2692876972082205
5926,0.6271,20,94,20,498575,107035,68496,39460,0.9914687465263626,0.26936072903512065
5927,0.6272,6,32,6,498607,107003,68502,39454,0.9911723294675608,0.2693896502044969
5928,0.6273,10,21,10,498628,106982,68512,39444,0.9909778057727222,0.2693783890839059
5929,0.6274,11,56,11,498684,106926,68523,39433,0.9904590759198192,0.2694265470521116
5930,0.6275,35,88,35,498772,106838,68558,39398,0.9896439290081144,0.2694138242293279
5931,0.6276,29,90,29,498862,106748,68587,39369,0.9888102560302345,0.26943476802836086
5932,0.6277,15,80,15,498942,106668,68602,39354,0.9880692133832302,0.26950733451123804
5933,0.6278,20,95,20,499037,106573,68622,39334,0.9871892252399126,0.26958267937795993
5934,0.6279,25,86,25,499123,106487,68647,39309,0.9863926043943829,0.2696164503827265
5935,0.628,10,55,10,499178,106432,68657,39299,0.9858831375745675,0.2696680870919708
5936,0.6281,36,106,36,499284,106326,68693,39263,0.9849012560672866,0.26968383600409374
5937,0.6282,10,71,10,499355,106255,68703,39253,0.9842435807180703,0.2697652362756687
5938,0.6283,21,94,21,499449,106161,68724,39232,0.9833728556078403,0.269834173584698
5939,0.6284,23,40,23,499489,106121,68747,39209,0.983002334284338,0.26979288515791644
5940,0.6285,31,110,31,499599,106011,68778,39178,0.9819834006447071,0.2698413791678433
5941,0.6286,34,136,34,499735,105875,68812,39144,0.9807236281447997,0.26992325143601875
5942,0.6287,5,15,5,499750,105860,68817,39139,0.9805846826484864,0.2699259994896517
5943,0.6288,9,35,9,499785,105825,68826,39130,0.980260476490422,0.2699458452623228
5944,0.6289,25,71,25,499856,105754,68851,39105,0.9796028011412057,0.2699521603766421
5945,0.629,18,63,18,499919,105691,68869,39087,0.9790192300566898,0.2699788641920734
5946,0.6291,39,132,39,500051,105559,68908,39048,0.9777965096891326,0.27002842186062914
5947,0.6292,15,54,15,500105,105505,68923,39033,0.9772963059024047,0.2700535499315059
5948,0.6293,15,67,15,500172,105438,68938,39018,0.9766756826855385,0.27010300714404384
5949,0.6294,12,40,12,500212,105398,68950,39006,0.9763051613620364,0.2701171712694939
5950,0.6295,16,60,16,500272,105338,68966,38990,0.9757493793767832,0.2701485505238069
5951,0.6296,38,111,38,500383,105227,69004,38952,0.9747211827040646,0.27016417092641787
5952,0.6297,2,21,2,500404,105206,69006,38950,0.974526659009226,0.270193401592719
5953,0.6298,11,46,11,500450,105160,69017,38939,0.9741005594871985,0.2702239432612301
5954,0.6299,29,72,29,500522,105088,69046,38910,0.9734336211048946,0.2702120862789761
5955,0.63,51,239,51,500761,104849,69097,38859,0.9712197561969691,0.2704024828123695
5956,0.6301,15,58,15,500819,104791,69112,38844,0.970682500277891,0.27043547881783686
5957,0.6302,32,97,32,500916,104694,69144,38812,0.9697839860683982,0.27045559070700875
5958,0.6303,61,206,61,501122,104488,69205,38751,0.9678758012523621,0.27053386298424315
5959,0.6304,24,89,24,501211,104399,69229,38727,0.9670513913075698,0.2705797688749773
5960,0.6305,9,48,9,501259,104351,69238,38718,0.9666067657193671,0.27062466362384585
5961,0.6306,20,80,20,501339,104271,69258,38698,0.9658657230723628,0.27067406220929013
5962,0.6307,10,54,10,501393,104217,69268,38688,0.9653655192856349,0.2707253070221476
5963,0.6308,8,33,8,501426,104184,69276,38680,0.9650598391937456,0.2707470041438011
5964,0.6309,18,71,18,501497,104113,69294,38662,0.9644021638445293,0.2707897040798459
5965,0.631,13,81,13,501578,104032,69307,38649,0.9636518581644373,0.2708769913303103
5966,0.6311,43,171,43,501749,103861,69350,38606,0.9620678795064656,0.27098205198396824
5967,0.6312,21,84,21,501833,103777,69371,38585,0.961289784727111,0.2710344052485916
5968,0.6313,14,76,14,501909,103701,69385,38571,0.9605857942124569,0.27110745614035087
5969,0.6314,16,68,16,501977,103633,69401,38555,0.9599559079625033,0.271155090443638
5970,0.6315,6,25,6,502002,103608,69407,38549,0.9597243321353144,0.27117201404081404
5971,0.6316,13,34,13,502036,103574,69420,38536,0.9594093890103376,0.2711702202519175
5972,0.6317,31,98,31,502134,103476,69451,38505,0.9585016117677573,0.2711982589219684
5973,0.6318,10,40,10,502174,103436,69461,38495,0.958131090444255,0.27122334091917905
5974,0.6319,9,36,9,502210,103400,69470,38486,0.9577976212531031,0.27124592983099105
5975,0.632,8,61,8,502271,103339,69478,38478,0.9572325762347623,0.27132149178166226
5976,0.6321,9,35,9,502306,103304,69487,38469,0.9569083700766979,0.27134221607781456
5977,0.6322,24,110,24,502416,103194,69511,38445,0.9558894364370669,0.271429479168873
5978,0.6323,33,102,33,502518,103092,69544,38412,0.9549446070621365,0.271455223880597
5979,0.6324,18,51,18,502569,103041,69562,38394,0.9544721923746712,0.27146038816417434
5980,0.6325,18,82,18,502651,102959,69580,38376,0.9537126236614917,0.2715250999398592
5981,0.6326,18,55,18,502706,102904,69598,38358,0.9532031568416762,0.27153799323243333
5982,0.6327,8,41,8,502747,102863,69606,38350,0.9528233724850865,0.2715755631563666
5983,0.6328,10,46,10,502793,102817,69616,38340,0.952397272963059,0.27161245988509247
5984,0.6329,9,28,9,502821,102789,69625,38331,0.9521379080366075,0.2716198979591837
5985,0.633,22,67,22,502888,102722,69647,38309,0.9515172848197414,0.27163531422169596
5986,0.6331,20,60,20,502948,102662,69667,38289,0.9509615028344881,0.2716475938446694
5987,0.6332,0,3,0,502951,102659,69667,38289,0.9509337137352255,0.27165337571302894
5988,0.6333,142,521,142,503472,102138,69809,38147,0.9461076734966097,0.27192500980147555
5989,0.6334,21,52,21,503524,102086,69830,38126,0.9456259957760569,0.27191681168516246
5990,0.6335,7,38,7,503562,102048,69837,38119,0.9452740005187299,0.271954168955603
5991,0.6336,21,79,21,503641,101969,69858,38098,0.9445422209048131,0.27199840076534804
5992,0.6337,27,89,27,503730,101880,69885,38071,0.9437178109600207,0.2720309251095026
5993,0.6338,15,70,15,503800,101810,69900,38056,0.9430693986438919,0.2720889994709222
5994,0.6339,15,105,15,503905,101705,69915,38041,0.9420967801696988,0.27221530491033735
5995,0.634,7,23,7,503928,101682,69922,38034,0.941883730408685,0.2722236536975006
5996,0.6341,3,13,3,503941,101669,69925,38031,0.9417633109785468,0.2722333571939871
5997,0.6342,24,107,24,504048,101562,69949,38007,0.9407721664381785,0.2723169185134235
5998,0.6343,21,91,21,504139,101471,69970,37986,0.9399292304272111,0.27238503624773225
5999,0.6344,8,25,8,504164,101446,69978,37978,0.9396976546000222,0.27239212761074133
6000,0.6345,21,48,21,504212,101398,69999,37957,0.9392530290118196,0.2723763051200172
6001,0.6346,10,43,10,504255,101355,70009,37947,0.9388547185890548,0.27240814920101647
6002,0.6347,3,21,3,504276,101334,70012,37944,0.9386601948942161,0.27243355016585535
6003,0.6348,7,57,7,504333,101277,70019,37937,0.9381322020082256,0.272508512074935
6004,0.6349,10,38,10,504371,101239,70029,37927,0.9377802067508985,0.2725306468533981
6005,0.635,35,125,35,504496,101114,70064,37892,0.9366223276149542,0.27259254996187215
6006,0.6351,7,43,7,504539,101071,70071,37885,0.9362240171921894,0.27264026022625865
6007,0.6352,11,47,11,504586,101024,70082,37874,0.9357886546370744,0.27267491252573833
6008,0.6353,12,44,12,504630,100980,70094,37862,0.935381081181222,0.27269846300110917
6009,0.6354,23,102,23,504732,100878,70117,37839,0.9344362518062914,0.2727783905361275
6010,0.6355,9,54,9,504786,100824,70126,37830,0.9339360480195635,0.2728374226491843
6011,0.6356,20,70,20,504856,100754,70146,37810,0.9332876357034348,0.27287029820155306
6012,0.6357,43,121,43,504977,100633,70189,37767,0.9321668086998407,0.2728829479768786
6013,0.6358,7,54,7,505031,100579,70196,37760,0.9316666049131127,0.2729526742278027
6014,0.6359,11,20,11,505051,100559,70207,37749,0.9314813442513616,0.27293432050206784
6015,0.636,7,38,7,505089,100521,70214,37742,0.9311293489940347,0.27297252337935674
6016,0.6361,26,70,26,505159,100451,70240,37716,0.9304809366779058,0.27297400971288366
6017,0.6362,25,47,25,505206,100404,70265,37691,0.9300455741227908,0.27293529816430717
6018,0.6363,27,87,27,505293,100317,70292,37664,0.9292396902441735,0.27296511838586474
6019,0.6364,28,112,28,505405,100205,70320,37636,0.9282022305383675,0.2730392263550032
6020,0.6365,14,93,14,505498,100112,70334,37622,0.9273407684612249,0.27314969433836234
6021,0.6366,21,83,21,505581,100029,70355,37601,0.926571936714958,0.2732035166751435
6022,0.6367,36,138,36,505719,99891,70391,37565,0.9252936381488754,0.2732874519846351
6023,0.6368,14,42,14,505761,99849,70405,37551,0.9249045907591982,0.27329694323144105
6024,0.6369,17,59,17,505820,99790,70422,37534,0.9243580718070324,0.27332440068742536
6025,0.637,11,48,11,505868,99742,70433,37523,0.9239134462188299,0.27336174552872183
6026,0.6371,26,74,26,505942,99668,70459,37497,0.9232279817703509,0.273371486895345
6027,0.6372,4,21,4,505963,99647,70463,37493,0.9230334580755123,0.2733921540032084
6028,0.6373,32,70,32,506033,99577,70495,37461,0.9223850457593834,0.27336213313095636
6029,0.6374,0,36,0,506069,99541,70495,37461,0.9220515765682316,0.273433964467672
6030,0.6375,19,82,19,506151,99459,70514,37442,0.921292007855052,0.2734969065236923
6031,0.6376,18,70,18,506221,99389,70532,37424,0.9206435955389233,0.2735412570442867
6032,0.6377,9,27,9,506248,99362,70541,37415,0.9203934936455593,0.2735474531536735
6033,0.6378,21,83,21,506331,99279,70562,37394,0.9196246618992923,0.2736019550313522
6034,0.6379,23,63,23,506394,99216,70585,37371,0.9190410908147764,0.2736058336444903
6035,0.638,23,75,23,506469,99141,70608,37348,0.9183463633332098,0.2736337726849783
6036,0.6381,30,137,30,506606,99004,70638,37318,0.9170773278002149,0.2737489180029636
6037,0.6382,6,24,6,506630,98980,70644,37312,0.9168550150061135,0.2737651512928125
6038,0.6383,25,137,25,506767,98843,70669,37287,0.9155859794731187,0.2739072944979064
6039,0.6384,7,24,7,506791,98819,70676,37280,0.9153636666790174,0.273918250685163
6040,0.6385,19,77,19,506868,98742,70695,37261,0.9146504131312757,0.27397189767872765
6041,0.6386,22,111,22,506979,98631,70717,37239,0.9136222164585572,0.2740781629498786
6042,0.6387,38,125,38,507104,98506,70755,37201,0.9124643373226129,0.27412734788920246
6043,0.6388,13,41,13,507145,98465,70768,37188,0.9120845529660232,0.27414063824611323
6044,0.6389,24,115,24,507260,98350,70792,37164,0.9110193041609544,0.2742447274820314
6045,0.639,12,30,12,507290,98320,70804,37152,0.9107414131683278,0.274241171607417
6046,0.6391,23,41,23,507331,98279,70827,37129,0.9103616288117381,0.27420093347512703
6047,0.6392,20,75,20,507406,98204,70847,37109,0.9096669013301716,0.2742456378914073
6048,0.6393,9,19,9,507425,98185,70856,37100,0.909490903701508,0.274235872417489
6049,0.6394,20,38,20,507463,98147,70876,37080,0.909138908444181,0.27420559503649417
6050,0.6395,8,44,8,507507,98103,70884,37072,0.9087313349883286,0.27425189569077124
6051,0.6396,30,75,30,507582,98028,70914,37042,0.908036607506762,0.2742429851188273
6052,0.6397,8,35,8,507617,97993,70922,37034,0.9077124013486976,0.2742710717115836
6053,0.6398,18,57,18,507674,97936,70940,37016,0.907184408462707,0.27429011796787006
6054,0.6399,17,31,17,507705,97905,70957,36999,0.9068972544369929,0.2742616972069027
6055,0.64,40,153,40,507858,97752,70997,36959,0.905480010374597,0.2743576990743146
6056,0.6401,15,58,15,507916,97694,71012,36944,0.9049427544555189,0.2743950444896686
6057,0.6402,15,27,15,507943,97667,71027,36929,0.9046926525621549,0.27436922345389164
6058,0.6403,19,65,19,508008,97602,71046,36910,0.9040905554114639,0.27439931009872726
6059,0.6404,4,26,4,508034,97576,71050,36906,0.9038497165511875,0.2744307788402909
6060,0.6405,18,45,18,508079,97531,71068,36888,0.9034328800622475,0.27442549044405923
6061,0.6406,37,118,37,508197,97413,71105,36851,0.9023398421579162,0.2744667222784961
6062,0.6407,20,50,20,508247,97363,71125,36831,0.9018766905035385,0.2744608551798143
6063,0.6408,17,64,17,508311,97299,71142,36814,0.901283856385935,0.2744998620566239
6064,0.6409,7,26,7,508337,97273,71149,36807,0.9010430175256586,0.27451521479713603
6065,0.641,26,90,26,508427,97183,71175,36781,0.9002093445477787,0.27455883670239767
6066,0.6411,24,67,24,508494,97116,71199,36757,0.8995887213309126,0.2745661933324868
6067,0.6412,9,50,9,508544,97066,71208,36748,0.8991255696765349,0.27461999491831945
6068,0.6413,14,52,14,508596,97014,71222,36734,0.898643891955982,0.2746508359003499
6069,0.6414,16,61,16,508657,96953,71238,36718,0.8980788469376413,0.2746893492230925
6070,0.6415,10,63,10,508720,96890,71248,36708,0.8974952758531254,0.27476459228431566
6071,0.6416,19,54,19,508774,96836,71267,36689,0.8969950720663974,0.2747725145103913
6072,0.6417,76,322,76,509096,96514,71343,36613,0.894012375412205,0.2750230982445334
6073,0.6418,20,75,20,509171,96439,71363,36593,0.8933176479306384,0.2750691562932227
6074,0.6419,15,41,15,509212,96398,71378,36578,0.8929378635740487,0.27507219347852246
6075,0.642,24,66,24,509278,96332,71402,36554,0.8923265033902701,0.2750778863085652
6076,0.6421,25,95,25,509373,96237,71427,36529,0.8914465152469525,0.2751382130967266
6077,0.6422,6,35,6,509408,96202,71433,36523,0.8911223090888881,0.2751779996232812
6078,0.6423,27,70,27,509478,96132,71460,36496,0.8904738967727592,0.27517567934372833
6079,0.6424,29,89,29,509567,96043,71489,36467,0.889649486827967,0.27520187155686365
6080,0.6425,8,50,8,509617,95993,71497,36459,0.8891863351735892,0.2752619816990306
6081,0.6426,13,47,13,509664,95946,71510,36446,0.8887509726184742,0.2752885370717264
6082,0.6427,8,40,8,509704,95906,71518,36438,0.888380451294972,0.275327933264825
6083,0.6428,28,81,28,509785,95825,71546,36410,0.8876301456148802,0.27534313910840547
6084,0.6429,17,77,17,509862,95748,71563,36393,0.8869168920671384,0.27541035711853246
6085,0.643,32,97,32,509959,95651,71595,36361,0.8860183778576457,0.27543708147744145
6086,0.6431,26,88,26,510047,95563,71621,36335,0.8852032309459409,0.27547802089493395
6087,0.6432,8,29,8,510076,95534,71629,36327,0.8849346029864019,0.2754946496689696
6088,0.6433,59,178,59,510254,95356,71688,36268,0.8832857830968173,0.27554245426366014
6089,0.6434,5,23,5,510277,95333,71693,36263,0.8830727333358035,0.2755630870239217
6090,0.6435,6,38,6,510315,95295,71699,36257,0.8827207380784764,0.27560964485526634
6091,0.6436,33,87,33,510402,95208,71732,36224,0.8819148541998592,0.2756102014730051
6092,0.6437,19,111,19,510513,95097,71751,36205,0.8808866575271407,0.27573837412986857
6093,0.6438,7,19,7,510532,95078,71758,36198,0.8807106598984772,0.2757396630000914
6094,0.6439,18,59,18,510591,95019,71776,36180,0.8801641409463115,0.2757642969839709
6095,0.644,24,115,24,510706,94904,71800,36156,0.8790988921412427,0.27587364565847705
6096,0.6441,2,14,2,510720,94890,71802,36154,0.878969209678017,0.2758920667867281
6097,0.6442,16,32,16,510752,94858,71818,36138,0.8786727926192153,0.27587101896241106
6098,0.6443,23,103,23,510855,94755,71841,36115,0.8777187002111971,0.275960877206388
6099,0.6444,19,63,19,510918,94692,71860,36096,0.8771351291266812,0.27598862280943204
6100,0.6445,22,70,22,510988,94622,71882,36074,0.8764867168105525,0.27601456815816855
6101,0.6446,14,44,14,511032,94578,71896,36060,0.8760791433547,0.27602994534515224
6102,0.6447,15,88,15,511120,94490,71911,36045,0.8752639964429952,0.2761328379361857
6103,0.6448,11,42,11,511162,94448,71922,36034,0.874874949053318,0.2761606964945356
6104,0.6449,8,35,8,511197,94413,71930,36026,0.8745507428952536,0.27619040317696397
6105,0.645,25,67,25,511264,94346,71955,36001,0.8739301196783875,0.27619354492239945
6106,0.6451,20,77,20,511341,94269,71975,35981,0.8732168661306459,0.27624568138195776
6107,0.6452,11,56,11,511397,94213,71986,35970,0.8726981362777427,0.276303357581251
6108,0.6453,37,116,37,511513,94097,72023,35933,0.8716236244395865,0.2763439206336999
6109,0.6454,30,79,30,511592,94018,72053,35903,0.8708918448256697,0.2763448557200145
6110,0.6455,20,80,20,511672,93938,72073,35883,0.8701508021786654,0.2764036635059043
6111,0.6456,21,41,21,511713,93897,72094,35862,0.8697710178220757,0.2763738931403602
6112,0.6457,21,57,21,511770,93840,72115,35841,0.8692430249360851,0.2763781895574525
6113,0.6458,22,79,22,511849,93761,72137,35819,0.8685112453221683,0.2764238308380923
6114,0.6459,20,41,20,511890,93720,72157,35799,0.8681314609655786,0.27639960160285365
6115,0.646,15,86,15,511976,93634,72172,35784,0.8673348401200489,0.2764994050286668
6116,0.6461,9,14,9,511990,93620,72181,35775,0.8672051576568232,0.27647899841570384
6117,0.6462,18,115,18,512105,93505,72199,35757,0.8661399088517544,0.27662422057526576
6118,0.6463,14,52,14,512157,93453,72213,35743,0.8656582311312015,0.27665717204867024
6119,0.6464,25,59,25,512216,93394,72238,35718,0.8651117121790359,0.2766435342958052
6120,0.6465,6,29,6,512245,93365,72244,35712,0.8648430842194968,0.27667206396182126
6121,0.6466,1,5,1,512250,93360,72245,35711,0.8647967690540591,0.27667717767740235
6122,0.6467,60,230,60,512480,93130,72305,35651,0.8626662714439216,0.2768343156210932
6123,0.6468,8,33,8,512513,93097,72313,35643,0.8623605913520324,0.27686033866708093
6124,0.6469,6,42,6,512555,93055,72319,35637,0.861971543962355,0.27691698007646165
6125,0.647,10,31,10,512586,93024,72329,35627,0.8616843899366409,0.276927501535161
6126,0.6471,30,87,30,512673,92937,72359,35597,0.8608785060580236,0.2769461776650536
6127,0.6472,44,149,44,512822,92788,72403,35553,0.8594983141279781,0.2770198144006981
6128,0.6473,15,34,15,512856,92754,72418,35538,0.8591833710030012,0.2770086989056216
6129,0.6474,3,6,3,512862,92748,72421,35535,0.8591277928044759,0.27700474731647995
6130,0.6475,18,88,18,512950,92660,72439,35517,0.8583126458927711,0.2770933942907074
6131,0.6476,24,67,24,513017,92593,72463,35493,0.857692022675905,0.27710288399981264
6132,0.6477,20,73,20,513090,92520,72483,35473,0.8570158212605136,0.2771479690295563
6133,0.6478,22,45,22,513135,92475,72505,35451,0.8565989847715736,0.2771211481637822
6134,0.6479,12,69,12,513204,92406,72517,35439,0.8559598354885324,0.2772028628417224
6135,0.648,18,24,18,513228,92382,72535,35421,0.855737522694431,0.2771531184713974
6136,0.6481,23,58,23,513286,92324,72558,35398,0.8552002667753529,0.27714880756643334
6137,0.6482,12,28,12,513314,92296,72570,35386,0.8549409018489014,0.277141648783697
6138,0.6483,49,137,49,513451,92159,72619,35337,0.8536718663159065,0.2771616364434963
6139,0.6484,13,50,13,513501,92109,72632,35324,0.8532087146615288,0.2771966445112334
6140,0.6485,40,107,40,513608,92002,72672,35284,0.8522175701211605,0.2772025203085964
6141,0.6486,13,36,13,513644,91966,72685,35271,0.8518841009300085,0.2772071017078366
6142,0.6487,20,48,20,513692,91918,72705,35251,0.851439475341806,0.2771980592754523
6143,0.6488,55,101,55,513793,91817,72760,35196,0.850503908999963,0.27710549313849764
6144,0.6489,11,39,11,513832,91778,72771,35185,0.8501426507095483,0.2771279821680332
6145,0.649,18,48,18,513880,91730,72789,35167,0.8496980251213457,0.2771302710071948
6146,0.6491,21,55,21,513935,91675,72810,35146,0.8491885583015303,0.27713075910141066
6147,0.6492,6,17,6,513952,91658,72816,35140,0.8490310867390418,0.27713370873357623
6148,0.6493,13,51,13,514003,91607,72829,35127,0.8485586720515765,0.27717108274022756
6149,0.6494,3,25,3,514028,91582,72832,35124,0.8483270962243877,0.2772086562593721
6150,0.6495,12,52,12,514080,91530,72844,35112,0.8478454185038349,0.27725399156677877
6151,0.6496,3,22,3,514102,91508,72847,35109,0.8476416317759087,0.2772850407133323
6152,0.6497,7,48,7,514150,91460,72854,35102,0.8471970061877061,0.27735023150708743
6153,0.6498,10,53,10,514203,91407,72864,35092,0.8467060654340657,0.27740930758345916
6154,0.6499,8,43,8,514246,91364,72872,35084,0.846307755011301,0.27745792736935343
6155,0.65,199,752,199,514998,90612,73071,34885,0.8393419541294601,0.2779747723053141
6156,0.6501,8,45,8,515043,90567,73079,34877,0.8389251176405202,0.27802844297056856
6157,0.6502,25,84,25,515127,90483,73104,34852,0.8381470228611657,0.27807077033550087
6158,0.6503,14,32,14,515159,90451,73118,34838,0.8378506058023639,0.2780611226843538
6159,0.6504,2,7,2,515166,90444,73120,34836,0.837785764570751,0.27806513409961686
6160,0.6505,10,51,10,515217,90393,73130,34826,0.8373133498832858,0.2781207324767008
6161,0.6506,16,81,16,515298,90312,73146,34810,0.8365630442031939,0.2782084685347101
6162,0.6507,22,56,22,515354,90256,73168,34788,0.8360443143502908,0.2782060714628451
6163,0.6508,11,36,11,515390,90220,73179,34777,0.835710845159139,0.27822267734425626
6164,0.6509,16,43,16,515433,90177,73195,34761,0.8353125347363741,0.27822600009604764
6165,0.651,0,15,0,515448,90162,73195,34761,0.8351735892400608,0.27825940779520186
6166,0.6511,40,126,40,515574,90036,73235,34721,0.8340064470710289,0.2783090327596848
6167,0.6512,15,53,15,515627,89983,73250,34706,0.8335155063173886,0.27834051119184533
6168,0.6513,4,15,4,515642,89968,73254,34702,0.8333765608210753,0.2783508462340579
6169,0.6514,13,41,13,515683,89927,73267,34689,0.8329967764644856,0.27836714386595623
6170,0.6515,22,35,22,515718,89892,73289,34667,0.8326725703064212,0.27831790557085395
6171,0.6516,13,32,13,515750,89860,73302,34654,0.8323761532476194,0.2783140851631142
6172,0.6517,42,171,42,515921,89689,73344,34612,0.8307921745896476,0.27845310978994536
6173,0.6518,11,27,11,515948,89662,73355,34601,0.8305420726962837,0.2784497396650652
6174,0.6519,12,27,12,515975,89635,73367,34589,0.8302919708029197,0.27844055899021125
6175,0.652,17,76,17,516051,89559,73384,34572,0.8295879802882656,0.27851221693211203
6176,0.6521,21,84,21,516135,89475,73405,34551,0.828809885508911,0.2785786851144115
6177,0.6522,14,67,14,516202,89408,73419,34537,0.8281892622920449,0.2786477873250232
6178,0.6523,24,99,24,516301,89309,73443,34513,0.8272722220163771,0.27873075866970326
6179,0.6524,14,73,14,516374,89236,73457,34499,0.8265960206009856,0.278813593566897
6180,0.6525,33,107,33,516481,89129,73490,34466,0.8256048760606173,0.27886241352805535
6181,0.6526,20,57,20,516538,89072,73510,34446,0.8250768831746267,0.27887433410515067
6182,0.6527,14,31,14,516569,89041,73524,34432,0.8247897291489125,0.27886258534254454
6183,0.6528,35,98,35,516667,88943,73559,34397,0.8238819519063322,0.2788795200259445
6184,0.6529,25,90,25,516757,88853,73584,34372,0.8230482789284523,0.27893690403733007
6185,0.653,14,67,14,516824,88786,73598,34358,0.8224276557115862,0.2790066913532125
6186,0.6531,11,63,11,516887,88723,73609,34347,0.8218440846270703,0.27908507353538636
6187,0.6532,9,26,9,516913,88697,73618,34338,0.8216032457667939,0.27909131547933513
6188,0.6533,24,80,24,516993,88617,73642,34314,0.8208622031197895,0.27913219611001294
6189,0.6534,8,25,8,517018,88592,73650,34306,0.8206306272926007,0.2791420527591987
6190,0.6535,22,65,22,517083,88527,73672,34284,0.8200285301419097,0.27916066150426266
6191,0.6536,11,53,11,517136,88474,73683,34273,0.8195375893882693,0.2792165999983706
6192,0.6537,21,59,21,517195,88415,73704,34252,0.8189910704361036,0.27922750209917907
6193,0.6538,12,47,12,517242,88368,73716,34240,0.8185557078809885,0.2792639958240898
6194,0.6539,16,77,16,517319,88291,73732,34224,0.8178424543332469,0.2793453862792311
6195,0.654,20,69,20,517388,88222,73752,34204,0.8172033050502057,0.2793850979367128
6196,0.6541,4,10,4,517398,88212,73756,34200,0.8171106747193301,0.27938437408097244
6197,0.6542,17,86,17,517484,88126,73773,34183,0.8163140538738004,0.279480659640746
6198,0.6543,22,81,22,517565,88045,73795,34161,0.8155637481937086,0.27953619298561444
6199,0.6544,16,89,16,517654,87956,73811,34145,0.8147393382489162,0.27964553934857206
6200,0.6545,18,87,18,517741,87869,73829,34127,0.813933454370299,0.2797386799567199
6201,0.6546,10,68,10,517809,87801,73839,34117,0.8133035681203453,0.27983562722485605
6202,0.6547,6,39,6,517848,87762,73845,34111,0.8129423098299308,0.2798897212672208
6203,0.6548,15,58,15,517906,87704,73860,34096,0.8124050539108526,0.2799343185550082
6204,0.6549,32,83,32,517989,87621,73892,34064,0.8116362221645855,0.2799359000698525
6205,0.655,37,160,37,518149,87461,73929,34027,0.8101541368705769,0.28008527591202426
6206,0.6551,6,23,6,518172,87438,73935,34021,0.8099410871095631,0.28010275072246604
6207,0.6552,11,50,11,518222,87388,73946,34010,0.8094779354551854,0.28015288555000906
6208,0.6553,12,33,12,518255,87355,73958,33998,0.8091722553632962,0.28015788649641954
6209,0.6554,12,52,12,518307,87303,73970,33986,0.8086905776427433,0.28020677885051404
6210,0.6555,17,30,17,518337,87273,73987,33969,0.8084126866501167,0.28017518681644976
6211,0.6556,15,62,15,518399,87211,74002,33954,0.8078383785986883,0.28022943919448684
6212,0.6557,21,82,21,518481,87129,74023,33933,0.807078809885509,0.28029439460772165
6213,0.6558,24,71,24,518552,87058,74047,33909,0.8064211345362926,0.2803161192721982
6214,0.6559,18,40,18,518592,87018,74065,33891,0.8060506132127904,0.2803017145125673
6215,0.656,22,64,22,518656,86954,74087,33869,0.8054577790951869,0.28031914453373946
6216,0.6561,14,43,14,518699,86911,74101,33855,0.8050594686724221,0.28033552489939223
6217,0.6562,9,43,9,518742,86868,74110,33846,0.8046611582496572,0.2803817287141508
6218,0.6563,13,34,13,518776,86834,74123,33833,0.8043462151246804,0.28038320336131667
6219,0.6564,18,70,18,518846,86764,74141,33815,0.8036978028085516,0.28043855065973344
6220,0.6565,16,48,16,518894,86716,74157,33799,0.8032531772203491,0.2804547151806829
6221,0.6566,16,61,16,518955,86655,74173,33783,0.8026881322020082,0.280501170726847
6222,0.6567,24,103,24,519058,86552,74197,33759,0.8017340397939902,0.280597784076269
6223,0.6568,18,44,18,519102,86508,74215,33741,0.8013264663381378,0.28059277000224536
6224,0.6569,21,58,21,519160,86450,74236,33720,0.8007892104190596,0.28060247982025466
6225,0.657,65,126,65,519286,86324,74301,33655,0.7996220682500278,0.2805074221322065
6226,0.6571,26,95,26,519381,86229,74327,33629,0.7987420801067101,0.28057367885330975
6227,0.6572,13,31,13,519412,86198,74340,33616,0.798454926080996,0.28056821406513427
6228,0.6573,10,58,10,519470,86140,74350,33606,0.7979176701619178,0.28064402986321046
6229,0.6574,28,79,28,519549,86061,74378,33578,0.797185890548001,0.2806609884736583
6230,0.6575,11,46,11,519595,86015,74389,33567,0.7967597910259735,0.28070278135505344
6231,0.6576,14,32,14,519627,85983,74403,33553,0.7964633739671718,0.2806936822379869
6232,0.6577,14,47,14,519674,85936,74417,33539,0.7960280114120568,0.2807198158610588
6233,0.6578,9,28,9,519702,85908,74426,33530,0.7957686464856052,0.28073142550946933
6234,0.6579,21,53,21,519755,85855,74447,33509,0.7952777057319649,0.28072953319258737
6235,0.658,1,18,1,519773,85837,74448,33508,0.7951109711363888,0.2807658469144078
6236,0.6581,32,125,32,519898,85712,74480,33476,0.7939530920004446,0.2808672013961137
6237,0.6582,9,23,9,519921,85689,74489,33467,0.7937400422394308,0.28086709859344056
6238,0.6583,83,255,83,520176,85434,74572,33384,0.7913779688021045,0.2809675301721961
6239,0.6584,5,33,5,520209,85401,74577,33379,0.7910722887102153,0.28101532244485605
6240,0.6585,21,56,21,520265,85345,74598,33358,0.7905535588573123,0.28102069871865076
6241,0.6586,23,82,23,520347,85263,74621,33335,0.7897939901441328,0.28107556619841817
6242,0.6587,33,104,33,520451,85159,74654,33302,0.7888306347030272,0.2811220570483113
6243,0.6588,32,84,32,520535,85075,74686,33270,0.7880525399236726,0.28112721281000463
6244,0.6589,16,78,16,520613,84997,74702,33254,0.7873300233428434,0.2812153808424453
6245,0.659,23,82,23,520695,84915,74725,33231,0.7865704546296639,0.2812706312528566
6246,0.6591,26,89,26,520784,84826,74751,33205,0.7857460446848716,0.2813243978276893
6247,0.6592,19,84,19,520868,84742,74770,33186,0.7849679499055171,0.2814089953191778
6248,0.6593,6,19,6,520887,84723,74776,33180,0.7847919522768535,0.28141777562911885
6249,0.6594,10,26,10,520913,84697,74786,33170,0.7845511134165771,0.28141888739002435
6250,0.6595,14,49,14,520962,84648,74800,33156,0.784097224795287,0.28145054497300603
6251,0.6596,19,73,19,521035,84575,74819,33137,0.7834210233798955,0.28150910697295095
6252,0.6597,34,66,34,521101,84509,74853,33103,0.7828096631961169,0.2814593748937183
6253,0.6598,23,69,23,521170,84440,74876,33080,0.7821705139130757,0.2814840027229408
6254,0.6599,5,12,5,521182,84428,74881,33075,0.7820593575160251,0.28148217492319344
6255,0.66,62,216,62,521398,84212,74943,33013,0.7800585423691133,0.2816208146726381
6256,0.6601,12,27,12,521425,84185,74955,33001,0.7798084404757494,0.2816121379686993
6257,0.6602,24,97,24,521522,84088,74979,32977,0.7789099262662567,0.28169820185367106
6258,0.6603,22,79,22,521601,84009,75001,32955,0.7781781466523399,0.28175336000820767
6259,0.6604,3,18,3,521619,83991,75004,32952,0.7780114120567638,0.28177830224981404
6260,0.6605,17,55,17,521674,83936,75021,32935,0.7775019452369484,0.28180643615610373
6261,0.6606,9,57,9,521731,83879,75030,32926,0.7769739523509578,0.28188861778177304
6262,0.6607,12,69,12,521800,83810,75042,32914,0.7763348030679166,0.2819814262705185
6263,0.6608,3,26,3,521826,83784,75045,32911,0.7760939642076401,0.282025793735807
6264,0.6609,20,69,20,521895,83715,75065,32891,0.7754548149245989,0.28206953330017326
6265,0.661,12,40,12,521935,83675,75077,32879,0.7750842936010968,0.2820924206805429
6266,0.6611,4,30,4,521965,83645,75081,32875,0.7748064026084701,0.28214040508067284
6267,0.6612,11,66,11,522031,83579,75092,32864,0.7741950424246915,0.2822325086093625
6268,0.6613,23,83,23,522114,83496,75115,32841,0.7734262106784245,0.2822919621444596
6269,0.6614,15,54,15,522168,83442,75130,32826,0.7729260068916967,0.2823304778614924
6270,0.6615,28,91,28,522259,83351,75158,32798,0.7720830708807291,0.28237866877889606
6271,0.6616,8,17,8,522276,83334,75166,32790,0.7719255993182408,0.2823705693913403
6272,0.6617,32,116,32,522392,83218,75198,32758,0.7708510874800845,0.2824549906877285
6273,0.6618,9,50,9,522442,83168,75207,32749,0.7703879358257067,0.2825211142455378
6274,0.6619,13,49,13,522491,83119,75220,32736,0.7699340472044166,0.2825600966725648
6275,0.662,17,55,17,522546,83064,75237,32719,0.7694245803846012,0.28258898111121666
6276,0.6621,40,164,40,522710,82900,75277,32679,0.7679054429582423,0.28274167452564913
6277,0.6622,41,134,41,522844,82766,75318,32638,0.76666419652451,0.28281515372084154
6278,0.6623,7,19,7,522863,82747,75325,32631,0.7664881988958464,0.28281821491098824
6279,0.6624,8,24,8,522887,82723,75333,32623,0.7662658861017452,0.2828273195429404
6280,0.6625,14,60,14,522947,82663,75347,32609,0.7657101041164919,0.28288743146644457
6281,0.6626,17,37,17,522984,82626,75364,32592,0.7653673718922523,0.2828724678435661
6282,0.6627,13,67,13,523051,82559,75377,32579,0.7647467486753863,0.2829561048480953
6283,0.6628,11,48,11,523099,82511,75388,32568,0.7643021230871837,0.28300558746600163
6284,0.6629,18,97,18,523196,82414,75406,32550,0.7634036088776909,0.28313211092167984
6285,0.663,18,45,18,523241,82369,75424,32532,0.762986772388751,0.28313069512014694
6286,0.6631,22,42,22,523283,82327,75446,32510,0.7625977249990737,0.28309691127424086
6287,0.6632,16,63,16,523346,82264,75462,32494,0.7620141539145577,0.28315237281932415
6288,0.6633,47,150,47,523496,82114,75509,32447,0.7606246989514247,0.2832290220930334
6289,0.6634,15,43,15,523539,82071,75524,32432,0.7602263885286599,0.28324148712260816
6290,0.6635,13,30,13,523569,82041,75537,32419,0.7599484975360332,0.28323431766556
6291,0.6636,7,39,7,523608,82002,75544,32412,0.7595872392456186,0.2832870103309036
6292,0.6637,16,66,16,523674,81936,75560,32396,0.75897587906184,0.28335024315152363
6293,0.6638,40,106,40,523780,81830,75600,32356,0.7579939975545593,0.2833622335487713
6294,0.6639,13,37,13,523817,81793,75613,32343,0.7576512653303198,0.2833724679329922
6295,0.664,14,52,14,523869,81741,75627,32329,0.7571695876097669,0.28341369334619093
6296,0.6641,8,32,8,523901,81709,75635,32321,0.7568731705509653,0.2834429536086995
6297,0.6642,26,119,26,524020,81590,75661,32295,0.7557708696135462,0.2835755367256443
6298,0.6643,17,18,17,524038,81572,75678,32278,0.7556041350179703,0.2835133948177426
6299,0.6644,27,96,27,524134,81476,75705,32251,0.754714883841565,0.2835826145066695
6300,0.6645,18,95,18,524229,81381,75723,32233,0.7538348956982475,0.2837062333867305
6301,0.6646,32,92,32,524321,81289,75755,32201,0.7529826966541925,0.28373424971363115
6302,0.6647,9,37,9,524358,81252,75764,32192,0.752639964429953,0.28376996579810304
6303,0.6648,18,62,18,524420,81190,75782,32174,0.7520656563785246,0.28381143925761265
6304,0.6649,22,59,22,524479,81131,75804,32152,0.7515191374263589,0.28382016719189995
6305,0.665,24,105,24,524584,81026,75828,32128,0.7505465189521657,0.2839316329957403
6306,0.6651,7,26,7,524610,81000,75835,32121,0.7503056800918892,0.28395258174874694
6307,0.6652,16,28,16,524638,80972,75851,32105,0.7500463151654377,0.283921575563554
6308,0.6653,13,60,13,524698,80912,75864,32092,0.7494905331801845,0.2839899472585041
6309,0.6654,2,10,2,524708,80902,75866,32090,0.749397902849309,0.2840024072500708
6310,0.6655,21,89,21,524797,80813,75887,32069,0.7485734929045167,0.28409312379298735
6311,0.6656,15,57,15,524854,80756,75902,32054,0.7480455000185261,0.2841414768194309
6312,0.6657,9,24,9,524878,80732,75911,32045,0.7478231872244248,0.2841448167622831
6313,0.6658,16,43,16,524921,80689,75927,32029,0.7474248768016599,0.28415159956706115
6314,0.6659,13,75,13,524996,80614,75940,32016,0.7467301493200934,0.2842581905353813
6315,0.666,16,62,16,525058,80552,75956,32000,0.746155841268665,0.2843130286445376
6316,0.6661,20,46,20,525104,80506,75976,31980,0.7457297417466375,0.2843020464768949
6317,0.6662,10,39,10,525143,80467,75986,31970,0.7453684834562229,0.2843370065014186
6318,0.6663,21,59,21,525202,80408,76007,31949,0.7448219645040572,0.28435255480299404
6319,0.6664,8,21,8,525223,80387,76015,31941,0.7446274408092186,0.28435474681290507
6320,0.6665,11,39,11,525262,80348,76026,31930,0.7442661825188039,0.28438340547569424
6321,0.6666,15,61,15,525323,80287,76041,31915,0.7437011375004632,0.28444234505623783
6322,0.6667,181,535,181,525858,79752,76222,31734,0.7387454147986217,0.28464560572627956
6323,0.6668,8,21,8,525879,79731,76230,31726,0.738550891103783,0.28464789111495914
6324,0.6669,7,35,7,525914,79696,76237,31719,0.7382266849457186,0.2846923663779563
6325,0.667,12,24,12,525938,79672,76249,31707,0.7380043721516173,0.28467664460984565
6326,0.6671,12,53,12,525991,79619,76261,31695,0.737513431397977,0.28473507375532275
6327,0.6672,20,85,20,526076,79534,76281,31675,0.7367260735855349,0.284824069994335
6328,0.6673,23,79,23,526155,79455,76304,31652,0.7359942939716181,0.2848785405059987
6329,0.6674,27,129,27,526284,79326,76331,31625,0.7347993627033236,0.28503573649629116
6330,0.6675,19,92,19,526376,79234,76350,31606,0.7339471636592686,0.2851497654276435
6331,0.6676,18,42,18,526418,79192,76368,31588,0.7335581162695913,0.28514172233255103
6332,0.6677,13,75,13,526493,79117,76381,31575,0.7328633887880247,0.28525096664618943
6333,0.6678,25,46,25,526539,79071,76406,31550,0.7324372892659973,0.28520805272055033
6334,0.6679,16,50,16,526589,79021,76422,31534,0.7319741376116196,0.285233594138664
6335,0.668,3,17,3,526606,79004,76425,31531,0.7318166660491311,0.2852580630569503
6336,0.6681,7,28,7,526634,78976,76432,31524,0.7315573011226796,0.28528506787330316
6337,0.6682,15,31,15,526665,78945,76447,31509,0.7312701470969655,0.2852680753979032
6338,0.6683,67,200,67,526865,78745,76514,31442,0.7294175404794546,0.28535126648334197
6339,0.6684,32,115,32,526980,78630,76546,31410,0.7283522916743859,0.28544165757906215
6340,0.6685,10,39,10,527019,78591,76556,31400,0.7279910333839712,0.2854779027374967
6341,0.6686,21,64,21,527083,78527,76577,31379,0.7273981992663677,0.2855076155987844
6342,0.6687,19,68,19,527151,78459,76596,31360,0.7267683130164141,0.28556078638486965
6343,0.6688,14,42,14,527193,78417,76610,31346,0.7263792656267368,0.28557892914734473
6344,0.6689,18,55,18,527248,78362,76628,31328,0.7258697988069214,0.28560488649831345
6345,0.669,9,32,9,527280,78330,76637,31319,0.7255733817481196,0.2856295999051519
6346,0.6691,16,44,16,527324,78286,76653,31303,0.7251658082922672,0.2856399821149933
6347,0.6692,15,55,15,527379,78231,76668,31288,0.7246563414724517,0.28568558880194306
6348,0.6693,9,59,9,527438,78172,76677,31279,0.724109822520286,0.28578085170532935
6349,0.6694,16,107,16,527545,78065,76693,31263,0.7231186779799177,0.28595602224498756
6350,0.6695,27,93,27,527638,77972,76720,31236,0.7222572159027753,0.28602300197787706
6351,0.6696,14,35,14,527673,77937,76734,31222,0.7219330097447109,0.286023140556436
6352,0.6697,10,46,10,527719,77891,76744,31212,0.7215069102226833,0.2860782929891937
6353,0.6698,25,47,25,527766,77844,76769,31187,0.7210715476675683,0.28603791582210564
6354,0.6699,7,33,7,527799,77811,76776,31180,0.720765867575679,0.28607866704590285
6355,0.67,24,112,24,527911,77699,76800,31156,0.7197284078698729,0.286215607918791
6356,0.6701,8,48,8,527959,77651,76808,31148,0.7192837822816703,0.286289396042243
6357,0.6702,12,41,12,528000,77610,76820,31136,0.7189039979250806,0.28631857723502474
6358,0.6703,6,29,6,528029,77581,76826,31130,0.7186353699655416,0.2863555665939969
6359,0.6704,11,24,11,528053,77557,76837,31119,0.7184130571714402,0.28634657146012
6360,0.6705,26,87,26,528140,77470,76863,31093,0.717607173292823,0.286405128819211
6361,0.6706,9,52,9,528192,77418,76872,31084,0.7171254955722702,0.2864831984663877
6362,0.6707,9,31,9,528223,77387,76881,31075,0.716838341546556,0.2865058730246538
6363,0.6708,6,21,6,528244,77366,76887,31069,0.7166438178517174,0.2865218794669618
6364,0.6709,10,21,10,528265,77345,76897,31059,0.7164492941568787,0.28651156783882514
6365,0.671,21,21,21,528286,77324,76918,31038,0.7162547704620401,0.2864288219117403
6366,0.6711,25,85,25,528371,77239,76943,31013,0.715467412649598,0.28648893322987107
6367,0.6712,9,26,9,528397,77213,76952,31004,0.7152265737893215,0.28649842446196067
6368,0.6713,3,12,3,528409,77201,76955,31001,0.7151154173922709,0.28651041570396113
6369,0.6714,37,141,37,528550,77060,76992,30964,0.7138093297269258,0.28664000592460936
6370,0.6715,12,33,12,528583,77027,77004,30952,0.7135036496350365,0.2866483297678252
6371,0.6716,27,69,27,528652,76958,77031,30925,0.7128645003519952,0.2866531334872037
6372,0.6717,46,158,46,528810,76800,77077,30879,0.7114009411241617,0.28676900788454573
6373,0.6718,22,87,22,528897,76713,77099,30857,0.7105950572455445,0.2868550711164823
6374,0.6719,15,62,15,528959,76651,77114,30842,0.7100207491941162,0.286921008809876
6375,0.672,17,45,17,529004,76606,77131,30825,0.7096039127051762,0.28692835401327366
6376,0.6721,10,48,10,529052,76558,77141,30815,0.7091592871169736,0.2869902116919524
6377,0.6722,17,60,17,529112,76498,77158,30798,0.7086035051317203,0.2870377274082911
6378,0.6723,19,44,19,529156,76454,77177,30779,0.7081959316758679,0.2870291794503558
6379,0.6724,13,80,13,529236,76374,77190,30766,0.7074548890288637,0.28715699085308943
6380,0.6725,2,7,2,529243,76367,77192,30764,0.7073900477972508,0.28716244597735485
6381,0.6726,21,58,21,529301,76309,77213,30743,0.7068527918781726,0.2871781937749879
6382,0.6727,22,86,22,529387,76223,77235,30721,0.706056171032643,0.2872624925194494
6383,0.6728,14,29,14,529416,76194,77249,30707,0.7057875430731039,0.28724707907316116
6384,0.6729,29,108,29,529524,76086,77278,30678,0.704787135499648,0.28734404855569295
6385,0.673,14,25,14,529549,76061,77292,30664,0.7045555596724592,0.28731787303818224
6386,0.6731,18,57,18,529606,76004,77310,30646,0.7040275667864686,0.2873511486169714
6387,0.6732,31,93,31,529699,75911,77341,30615,0.7031661047093261,0.287394626663913
6388,0.6733,46,167,46,529866,75744,77387,30569,0.7016191781837045,0.28753774232690266
6389,0.6734,26,74,26,529940,75670,77413,30543,0.7009337137352255,0.2875636692306968
6390,0.6735,15,65,15,530005,75605,77428,30528,0.7003316165845345,0.2876390943438893
6391,0.6736,22,43,22,530048,75562,77450,30506,0.6999333061617696,0.2876079496172267
6392,0.6737,17,70,17,530118,75492,77467,30489,0.6992848938456409,0.2876836414074221
6393,0.6738,4,25,4,530143,75467,77471,30485,0.6990533180184519,0.2877246300211416
6394,0.6739,20,63,20,530206,75404,77491,30465,0.698469746933936,0.2877612898960035
6395,0.674,24,64,24,530270,75340,77515,30441,0.6978769128163326,0.28777379680660986
6396,0.6741,10,34,10,530304,75306,77525,30431,0.6975619696913558,0.28779897292338535
6397,0.6742,8,30,8,530334,75276,77533,30423,0.6972840786987291,0.2878267533278461
6398,0.6743,9,14,9,530348,75262,77542,30414,0.6971543962355033,0.2878042318028691
6399,0.6744,9,36,9,530384,75226,77551,30405,0.6968209270443514,0.2878416373981123
6400,0.6745,15,33,15,530417,75193,77566,30390,0.6965152469524621,0.28783042724681057
6401,0.6746,3,23,3,530440,75170,77569,30387,0.6963021971914484,0.2878729027918565
6402,0.6747,20,46,20,530486,75124,77589,30367,0.6958760976694208,0.2878634196282147
6403,0.6748,20,41,20,530527,75083,77609,30347,0.6954963133128311,0.28784027316703026
6404,0.6749,20,61,20,530588,75022,77629,30327,0.6949312682944904,0.2878717405955443
6405,0.675,102,372,102,530960,74650,77731,30225,0.6914854199859202,0.28820023837902264
6406,0.6751,6,24,6,530984,74626,77737,30219,0.6912631071918189,0.2882254757022271
6407,0.6752,9,40,9,531024,74586,77746,30210,0.6908925858683167,0.2882743616168556
6408,0.6753,1,20,1,531044,74566,77747,30209,0.6907073252065656,0.28832259603913146
6409,0.6754,16,56,16,531100,74510,77763,30193,0.6901885953536626,0.28836805058116766
6410,0.6755,27,112,27,531212,74398,77790,30166,0.6891511356478566,0.28849317164607324
6411,0.6756,12,39,12,531251,74359,77802,30154,0.6887898773574419,0.2885191315912853
6412,0.6757,32,98,32,531349,74261,77834,30122,0.6878821001148616,0.28857189389076765
6413,0.6758,38,125,38,531474,74136,77872,30084,0.6867242209789174,0.28865860679332184
6414,0.6759,17,97,17,531571,74039,77889,30067,0.6858257067694246,0.28881140376155073
6415,0.676,8,27,8,531598,74012,77897,30059,0.6855756048760606,0.2888316629992986
6416,0.6761,16,85,16,531683,73927,77913,30043,0.6847882470636185,0.28895835337116477
6417,0.6762,8,52,8,531735,73875,77921,30035,0.6843065693430657,0.28904821480127035
6418,0.6763,17,63,17,531798,73812,77938,30018,0.6837229982585498,0.2891071944524704
6419,0.6764,23,66,23,531864,73746,77961,29995,0.6831116380747712,0.289133515196499
6420,0.6765,10,36,10,531900,73710,77971,29985,0.6827781688836193,0.28916534066251987
6421,0.6766,6,18,6,531918,73692,77977,29979,0.6826114342880433,0.2891744075006511
6422,0.6767,26,124,26,532042,73568,78003,29953,0.6814628181851865,0.2893422590585485
6423,0.6768,22,57,22,532099,73511,78025,29931,0.680934825299196,0.2893505539336053
6424,0.6769,17,50,17,532149,73461,78042,29914,0.6804716736448183,0.2893736396614268
6425,0.677,25,82,25,532231,73379,78067,29889,0.6797121049316388,0.2894313824224348
6426,0.6771,14,36,14,532267,73343,78081,29875,0.6793786357404868,0.2894359510938015
6427,0.6772,36,114,36,532381,73229,78117,29839,0.6783226499685057,0.28950789769860674
6428,0.6773,20,44,20,532425,73185,78137,29819,0.6779150765126533,0.28949361189856704
6429,0.6774,31,114,31,532539,73071,78168,29788,0.6768590907406721,0.2896003266607686
6430,0.6775,11,51,11,532590,73020,78179,29777,0.6763866760532069,0.28966798641983715
6431,0.6776,9,41,9,532631,72979,78188,29768,0.6760068916966171,0.28972135439477553
6432,0.6777,31,98,31,532729,72881,78219,29737,0.6750991144540368,0.28978346878715233
6433,0.6778,18,61,18,532790,72820,78237,29719,0.674534069435696,0.2898311861828182
6434,0.6779,22,35,22,532825,72785,78259,29697,0.6742098632776317,0.28977771706250854
6435,0.678,5,29,5,532854,72756,78264,29692,0.6739412353180926,0.28982508199281587
6436,0.6781,13,60,13,532914,72696,78277,29679,0.6733854533328393,0.2899047619047619
6437,0.6782,13,44,13,532958,72652,78290,29666,0.6729778798769869,0.28993920913231297
6438,0.6783,25,88,25,533046,72564,78315,29641,0.6721627329652822,0.29001516559855195
6439,0.6784,5,18,5,533064,72546,78320,29636,0.6719959983697061,0.29003151239944414
6440,0.6785,16,65,16,533129,72481,78336,29620,0.6713939012190151,0.2901048961322612
6441,0.6786,29,59,29,533188,72422,78365,29591,0.6708473822668495,0.29007087332006704
6442,0.6787,4,15,4,533203,72407,78369,29587,0.6707084367705362,0.2900856913151754
6443,0.6788,15,29,15,533232,72378,78384,29572,0.6704398088109971,0.2900637567435017
6444,0.6789,8,34,8,533266,72344,78392,29564,0.6701248656860203,0.29010480040821135
6445,0.679,33,71,33,533337,72273,78425,29531,0.6694671903368039,0.29007701072649406
6446,0.6791,26,91,26,533428,72182,78451,29505,0.6686242543258365,0.2901550837373509
6447,0.6792,49,138,49,533566,72044,78500,29456,0.667345955759754,0.29020689655172416
6448,0.6793,18,58,18,533624,71986,78518,29438,0.6668086998406758,0.29024688436661933
6449,0.6794,21,62,21,533686,71924,78539,29417,0.6662343917892475,0.2902773803297777
6450,0.6795,9,23,9,533709,71901,78548,29408,0.6660213420282337,0.2902802317661807
6451,0.6796,10,26,10,533735,71875,78558,29398,0.6657805031679573,0.29028467607358327
6452,0.6797,18,33,18,533768,71842,78576,29380,0.665474823076068,0.29025310703206814
6453,0.6798,11,37,11,533805,71805,78587,29369,0.6651320908518286,0.2902820882835511
6454,0.6799,14,37,14,533842,71768,78601,29355,0.664789358627589,0.29029004281914106
6455,0.68,72,181,72,534023,71587,78673,29283,0.6631127496387417,0.2903043521364132
6456,0.6801,4,20,4,534043,71567,78677,29279,0.6629274889769906,0.29033377625290047
6457,0.6802,9,35,9,534078,71532,78686,29270,0.6626032828189262,0.29037122279319855
6458,0.6803,11,53,11,534131,71479,78697,29259,0.6621123420652859,0.29044650479461576
6459,0.6804,15,29,15,534160,71450,78712,29244,0.6618437141057468,0.2904244542872465
6460,0.6805,9,27,9,534187,71423,78721,29235,0.6615936122123828,0.29043891195930777
6461,0.6806,8,35,8,534222,71388,78729,29227,0.6612694060543184,0.290483526313174
6462,0.6807,15,62,15,534284,71326,78744,29212,0.6606950980028901,0.29055680439236903
6463,0.6808,34,96,34,534380,71230,78778,29178,0.6598058468264849,0.2905943749502032
6464,0.6809,14,31,14,534411,71199,78792,29164,0.6595186928007707,0.29058517581180315
6465,0.681,16,85,16,534496,71114,78808,29148,0.6587313349883286,0.29071831800682213
6466,0.6811,12,27,12,534523,71087,78820,29136,0.6584812330949646,0.290711712880277
6467,0.6812,37,97,37,534620,70990,78857,29099,0.6575827188854718,0.29073124918822246
6468,0.6813,7,23,7,534643,70967,78864,29092,0.6573696691244582,0.2907484584095384
6469,0.6814,17,47,17,534690,70920,78881,29075,0.656934306569343,0.29076453822691134
6470,0.6815,8,41,8,534731,70879,78889,29067,0.6565545222127533,0.2908270466051668
6471,0.6816,18,44,18,534775,70835,78907,29049,0.6561469487569009,0.2908273597372953
6472,0.6817,26,100,26,534875,70735,78933,29023,0.6552206454481455,0.2909340604262315
6473,0.6818,24,73,24,534948,70662,78957,28999,0.6545444440327541,0.2909764100300017
6474,0.6819,21,39,21,534987,70623,78978,28978,0.6541831857423395,0.29094085400748987
6475,0.682,30,104,30,535091,70519,79008,28948,0.6532198303012339,0.29103119627615187
6476,0.6821,10,46,10,535137,70473,79018,28938,0.6527937307792063,0.29109454688112985
6477,0.6822,19,35,19,535172,70438,79037,28919,0.6524695246211419,0.2910615256096702
6478,0.6823,10,25,10,535197,70413,79047,28909,0.6522379487939531,0.29106340991925256
6479,0.6824,17,75,17,535272,70338,79064,28892,0.6515432213123865,0.2911619469918372
6480,0.6825,14,107,14,535379,70231,79078,28878,0.6505520767720182,0.2913761615998547
6481,0.6826,9,29,9,535408,70202,79087,28869,0.6502834488124791,0.2913970788626339
6482,0.6827,14,63,14,535471,70139,79101,28855,0.6496998777279632,0.29148231205931674
6483,0.6828,5,9,5,535480,70130,79106,28850,0.6496165104301752,0.29147302485350574
6484,0.6829,9,37,9,535517,70093,79115,28841,0.6492737782059358,0.29151757737481554
6485,0.683,4,19,4,535536,70074,79119,28837,0.6490977805772722,0.29154492422480816
6486,0.6831,13,38,13,535574,70036,79132,28824,0.6487457853199452,0.29156382763503946
6487,0.6832,26,61,26,535635,69975,79158,28798,0.6481807403016043,0.29155740941350367
6488,0.6833,133,430,133,536065,69545,79291,28665,0.6441976360739561,0.2918745545260157
6489,0.6834,12,36,12,536101,69509,79303,28653,0.6438641668828041,0.2918950306635969
6490,0.6835,23,64,23,536165,69445,79326,28630,0.6432713327652007,0.29191944940096864
6491,0.6836,26,100,26,536265,69345,79352,28604,0.6423450294564452,0.292029525569429
6492,0.6837,10,21,10,536286,69324,79362,28594,0.6421505057616066,0.29201985334667785
6493,0.6838,27,102,27,536388,69222,79389,28567,0.641205676386676,0.29212897156121853
6494,0.6839,3,17,3,536405,69205,79392,28564,0.6410482048241877,0.2921580460064028
6495,0.684,23,60,23,536465,69145,79415,28541,0.6404924228389344,0.2921708330774113
6496,0.6841,12,35,12,536500,69110,79427,28529,0.64016821668087,0.29218857218939154
6497,0.6842,15,32,15,536532,69078,79442,28514,0.6398717996220683,0.2921755881629642
6498,0.6843,9,69,9,536601,69009,79451,28505,0.639232650339027,0.2923170006358061
6499,0.6844,20,64,20,536665,68945,79471,28485,0.6386398162214235,0.2923637483321359
6500,0.6845,32,64,32,536729,68881,79503,28453,0.63804698210382,0.2923233402510942
6501,0.6846,12,51,12,536780,68830,79515,28441,0.6375745674163548,0.2923893041091384
6502,0.6847,6,13,6,536793,68817,79521,28435,0.6374541479862166,0.2923847324476617
6503,0.6848,21,62,21,536855,68755,79542,28414,0.6368798399347882,0.29241836388148484
6504,0.6849,13,27,13,536882,68728,79555,28401,0.6366297380414243,0.29240494599964995
6505,0.685,44,154,44,537036,68574,79599,28357,0.6352032309459409,0.29254830755898525
6506,0.6851,8,17,8,537053,68557,79607,28349,0.6350457593834525,0.2925412255175118
6507,0.6852,18,46,18,537099,68511,79625,28331,0.634619659861425,0.29254868755292124
6508,0.6853,32,113,32,537212,68398,79657,28299,0.6335729371225314,0.29265644228879906
6509,0.6854,16,75,16,537287,68323,79673,28283,0.6328782096409649,0.29276649483468936
6510,0.6855,27,65,27,537352,68258,79700,28256,0.6322761124902738,0.29276581635824855
6511,0.6856,4,8,4,537360,68250,79704,28252,0.6322020082255734,0.2927607717974757
6512,0.6857,32,86,32,537446,68164,79736,28220,0.6314053873800437,0.2927871845949535
6513,0.6858,22,45,22,537491,68119,79758,28198,0.6309885508911037,0.2927624406906361
6514,0.6859,24,40,24,537531,68079,79782,28174,0.6306180295676016,0.2927077597581374
6515,0.686,13,52,13,537583,68027,79795,28161,0.6301363518470487,0.29277040795109577
6516,0.6861,15,54,15,537637,67973,79810,28146,0.6296361480603209,0.29282451960590516
6517,0.6862,6,23,6,537660,67950,79816,28140,0.6294230982993071,0.2928504527005932
6518,0.6863,8,29,8,537689,67921,79824,28132,0.629154470339768,0.2928799725151739
6519,0.6864,16,63,16,537752,67858,79840,28116,0.6285708992552521,0.2929543418009044
6520,0.6865,10,40,10,537792,67818,79850,28106,0.62820037793175,0.29300279387848716
6521,0.6866,0,11,0,537803,67807,79850,28106,0.6280984845677868,0.2930363975686299
6522,0.6867,29,117,29,537920,67690,79879,28077,0.627014709696543,0.29318032307579855
6523,0.6868,11,26,11,537946,67664,79890,28066,0.6267738708362667,0.29317873184999477
6524,0.6869,25,95,25,538041,67569,79915,28041,0.625893882692949,0.2932852212111704
6525,0.687,6,42,6,538083,67527,79921,28035,0.6255048353032717,0.29336974948201167
6526,0.6871,18,59,18,538142,67468,79939,28017,0.624958316351106,0.29341781431638475
6527,0.6872,13,70,13,538212,67398,79952,28004,0.6243099040349772,0.29353682312739776
6528,0.6873,17,27,17,538239,67371,79969,27987,0.6240598021416133,0.29349399106524887
6529,0.6874,17,40,17,538279,67331,79986,27970,0.623689280818111,0.2934911490960221
6530,0.6875,20,41,20,538320,67290,80006,27950,0.6233094964615213,0.29346913061738766
6531,0.6876,16,68,16,538388,67222,80022,27934,0.6226796102115677,0.2935600487620329
6532,0.6877,20,63,20,538451,67159,80042,27914,0.6220960391270518,0.29360596594196037
6533,0.6878,5,7,5,538458,67152,80047,27909,0.6220311978954389,0.2935904314072017
6534,0.6879,10,19,10,538477,67133,80057,27899,0.6218552002667753,0.2935747958582372
6535,0.688,22,39,22,538516,67094,80079,27877,0.6214939419763608,0.29353170967979697
6536,0.6881,25,44,25,538560,67050,80104,27852,0.6210863685205084,0.2934816969083897
6537,0.6882,12,27,12,538587,67023,80116,27840,0.6208362666271444,0.293475854653553
6538,0.6883,49,176,49,538763,66847,80165,27791,0.6192059728037349,0.2936558253555654
6539,0.6884,7,32,7,538795,66815,80172,27784,0.6189095557449331,0.2937028932652565
6540,0.6885,8,28,8,538823,66787,80180,27776,0.6186501908184816,0.2937301058553557
6541,0.6886,18,58,18,538881,66729,80198,27758,0.6181129348994034,0.2937758633462804
6542,0.6887,35,63,35,538944,66666,80233,27723,0.6175293638148875,0.29371007214823763
6543,0.6888,17,49,17,538993,66617,80250,27706,0.6170754751935974,0.2937353561697571
6544,0.6889,12,62,12,539055,66555,80262,27694,0.6165011671421691,0.2938386614181583
6545,0.689,8,51,8,539106,66504,80270,27686,0.6160287524547038,0.29393778532752945
6546,0.6891,4,21,4,539127,66483,80274,27682,0.6158342287598652,0.2939733446609675
6547,0.6892,22,90,22,539217,66393,80296,27660,0.6150005557819852,0.29408950272718576
6548,0.6893,24,69,24,539286,66324,80320,27636,0.614361406498944,0.29412515964240105
6549,0.6894,16,50,16,539336,66274,80336,27620,0.6138982548445663,0.2941615012673866
6550,0.6895,28,75,28,539411,66199,80364,27592,0.6132035273629998,0.29418600931859135
6551,0.6896,22,83,22,539494,66116,80386,27570,0.6124346956167327,0.2942808957581709
6552,0.6897,18,62,18,539556,66054,80404,27552,0.6118603875653044,0.29434010640343566
6553,0.6898,18,55,18,539611,65999,80422,27534,0.6113509207454889,0.2943773855216875
6554,0.6899,23,30,23,539641,65969,80445,27511,0.6110730297528623,0.2942982456140351
6555,0.69,66,225,66,539866,65744,80511,27445,0.6089888473081626,0.29450900857397333
6556,0.6901,10,21,10,539887,65723,80521,27435,0.608794323613324,0.29449966723201443
6557,0.6902,18,47,18,539934,65676,80539,27417,0.6083589610582089,0.29451193967322997
6558,0.6903,10,38,10,539972,65638,80549,27407,0.6080069658008819,0.2945563974420979
6559,0.6904,24,73,24,540045,65565,80573,27383,0.6073307643854904,0.2946055859190085
6560,0.6905,30,70,30,540115,65495,80603,27353,0.6066823520693616,0.29459977597794246
6561,0.6906,12,40,12,540155,65455,80615,27341,0.6063118307458594,0.29463554463554464
6562,0.6907,29,83,29,540238,65372,80644,27312,0.6055429989995924,0.2946786931940788
6563,0.6908,10,40,10,540278,65332,80654,27302,0.6051724776760903,0.29472979683485545
6564,0.6909,3,2,3,540280,65330,80657,27299,0.6051539516099151,0.2947133187230781
6565,0.691,16,31,16,540311,65299,80673,27283,0.6048667975842009,0.2946901125488756
6566,0.6911,12,29,12,540340,65270,80685,27271,0.604598169624662,0.29469100182621755
6567,0.6912,9,44,9,540384,65226,80694,27262,0.6041905961688095,0.2947625637920595
6568,0.6913,16,38,16,540422,65188,80710,27246,0.6038386009114824,0.2947616677845814
6569,0.6914,16,55,16,540477,65133,80726,27230,0.603329134091667,0.29481502333185367
6570,0.6915,7,35,7,540512,65098,80733,27223,0.6030049279336026,0.29487332242934977
6571,0.6916,9,25,9,540537,65073,80742,27214,0.6027733521064137,0.2948844365945366
6572,0.6917,83,280,83,540817,64793,80825,27131,0.6001797028418986,0.29514599016578913
6573,0.6918,3,16,3,540833,64777,80828,27128,0.6000314943124977,0.2951743648332517
6574,0.6919,14,40,14,540873,64737,80842,27114,0.5996609729889956,0.29519547963549664
6575,0.692,16,46,16,540919,64691,80858,27098,0.599234873466968,0.29522056019784504
6576,0.6921,5,13,5,540932,64678,80863,27093,0.5991144540368298,0.2952239814320428
6577,0.6922,8,31,8,540963,64647,80871,27085,0.5988273000111156,0.2952622857890376
6578,0.6923,14,50,14,541013,64597,80885,27071,0.5983641483567379,0.29531570449884365
6579,0.6924,7,43,7,541056,64554,80892,27064,0.5979658379339731,0.2954004671571089
6580,0.6925,22,46,22,541102,64508,80914,27042,0.5975397384119456,0.2953795740032769
6581,0.6926,29,93,29,541195,64415,80943,27013,0.5966782763348031,0.29545653410333816
6582,0.6927,3,28,3,541223,64387,80946,27010,0.5964189114083516,0.2955239231046971
6583,0.6928,10,40,10,541263,64347,80956,27000,0.5960483900848493,0.29557620939932344
6584,0.6929,15,52,15,541315,64295,80971,26985,0.5955667123642966,0.2956288343558282
6585,0.693,16,45,16,541360,64250,80987,26969,0.5951498758753566,0.2956511253138052
6586,0.6931,20,67,20,541427,64183,81007,26949,0.5945292526584905,0.2957139094939209
6587,0.6932,21,50,21,541477,64133,81028,26928,0.5940661010041128,0.29571386213637013
6588,0.6933,33,117,33,541594,64016,81061,26895,0.5929823261328689,0.29583878738546493
6589,0.6934,13,40,13,541634,63976,81074,26882,0.5926118048093668,0.2958682779722204
6590,0.6935,38,111,38,541745,63865,81112,26844,0.5915836081366482,0.2959353537135235
6591,0.6936,18,89,18,541834,63776,81130,26826,0.590759198191856,0.29608617911304386
6592,0.6937,6,53,6,541887,63723,81136,26820,0.5902682574382155,0.2962128491435009
6593,0.6938,9,43,9,541930,63680,81145,26811,0.5898699470154507,0.296283608314639
6594,0.6939,17,50,17,541980,63630,81162,26794,0.589406795361073,0.2963151375740954
6595,0.694,8,32,8,542012,63598,81170,26786,0.5891103783022713,0.29635776243582934
6596,0.6941,20,82,20,542094,63516,81190,26766,0.5883508095890918,0.29647105735362533
6597,0.6942,14,33,14,542127,63483,81204,26752,0.5880451294972026,0.29647032747825125
6598,0.6943,15,22,15,542149,63461,81219,26737,0.5878413427692764,0.2964256413667709
6599,0.6944,13,44,13,542193,63417,81232,26724,0.587433769313424,0.29646886544413753
6600,0.6945,21,68,21,542261,63349,81253,26703,0.5868038830634703,0.296528672322658
6601,0.6946,15,63,15,542324,63286,81268,26688,0.5862203119789544,0.29661902327339007
6602,0.6947,6,24,6,542348,63262,81274,26682,0.5859979991848531,0.2966512496664591
6603,0.6948,17,70,17,542418,63192,81291,26665,0.5853495868687243,0.29674927941061907
6604,0.6949,16,53,16,542471,63139,81307,26649,0.5848586461150839,0.29679912683209336
6605,0.695,26,92,26,542563,63047,81333,26623,0.5840064470710289,0.296899743503959
6606,0.6951,24,68,24,542631,62979,81357,26599,0.5833765608210753,0.2969367478621983
6607,0.6952,22,51,22,542682,62928,81379,26577,0.58290414613361,0.2969331322272499
6608,0.6953,42,115,42,542797,62813,81421,26535,0.5818388973285412,0.2969848233872051
6609,0.6954,18,63,18,542860,62750,81439,26517,0.5812553262440253,0.2970526622380051
6610,0.6955,14,52,14,542912,62698,81453,26503,0.5807736485234726,0.29711550318942614
6611,0.6956,31,96,31,543008,62602,81484,26472,0.5798843973470673,0.2971910995352179
6612,0.6957,11,22,11,543030,62580,81495,26461,0.5796806106191411,0.2971777046529127
6613,0.6958,12,54,12,543084,62526,81507,26449,0.5791804068324132,0.2972632762011801
6614,0.6959,24,60,24,543144,62466,81531,26425,0.5786246248471599,0.29727418973799374
6615,0.696,15,34,15,543178,62432,81546,26410,0.5783096817221831,0.29726930956079334
6616,0.6961,30,88,30,543266,62344,81576,26380,0.5774945348104783,0.2973265407330598
6617,0.6962,20,67,20,543333,62277,81596,26360,0.5768739115936122,0.29739273666753163
6618,0.6963,14,31,14,543364,62246,81610,26346,0.576586757567898,0.2973857684666787
6619,0.6964,37,88,37,543452,62158,81647,26309,0.5757716106561933,0.29738772649688583
6620,0.6965,14,39,14,543491,62119,81661,26295,0.5754103523657786,0.29740765037211303
6621,0.6966,19,57,19,543548,62062,81680,26276,0.574882359479788,0.2974484366863637
6622,0.6967,53,198,53,543746,61864,81733,26223,0.5730482789284523,0.29769432492876363
6623,0.6968,15,33,15,543779,61831,81748,26208,0.5727425988365631,0.2976862526834698
6624,0.6969,21,57,21,543836,61774,81769,26187,0.5722146059505725,0.29771148577210355
6625,0.697,10,28,10,543864,61746,81779,26177,0.571955241024121,0.2977264197081537
6626,0.6971,25,55,25,543919,61691,81804,26152,0.5714457742043054,0.2977129651765081
6627,0.6972,10,44,10,543963,61647,81814,26142,0.5710382007484531,0.29778218227796194
6628,0.6973,11,29,11,543992,61618,81825,26131,0.570769572788914,0.29779256743666593
6629,0.6974,25,38,25,544030,61580,81850,26106,0.570417577531587,0.29772141504915267
6630,0.6975,11,33,11,544063,61547,81861,26095,0.5701118974396977,0.297745373222884
6631,0.6976,15,37,15,544100,61510,81876,26080,0.5697691652154582,0.29775088480420137
6632,0.6977,21,93,21,544193,61417,81897,26059,0.5689077031383156,0.29789885225661894
6633,0.6978,4,25,4,544218,61392,81901,26055,0.5686761273111267,0.2979519022951045
6634,0.6979,9,44,9,544262,61348,81910,26046,0.5682685538552744,0.29802961301691194
6635,0.698,7,41,7,544303,61307,81917,26039,0.5678887694986846,0.29811325074989126
6636,0.6981,13,47,13,544350,61260,81930,26026,0.5674534069435696,0.29816923676190915
6637,0.6982,12,41,12,544391,61219,81942,26014,0.5670736225869799,0.2982128322997031
6638,0.6983,43,118,43,544509,61101,81985,25971,0.5659805846826484,0.2982703969128997
6639,0.6984,1,4,1,544513,61097,81986,25970,0.5659435325502983,0.2982760402908105
6640,0.6985,12,42,12,544555,61055,81998,25958,0.565554485160621,0.298323239056233
6641,0.6986,21,50,21,544605,61005,82019,25937,0.5650913335062433,0.29832532032849485
6642,0.6987,15,44,15,544649,60961,82034,25922,0.5646837600503909,0.29835525937179885
6643,0.6988,18,56,18,544705,60905,82052,25904,0.5641650301974879,0.2984022393991406
6644,0.6989,17,39,17,544744,60866,82069,25887,0.5638037719070732,0.2983989026316093
6645,0.699,14,50,14,544794,60816,82083,25873,0.5633406202526955,0.29845770512983194
6646,0.6991,18,54,18,544848,60762,82101,25855,0.5628404164659676,0.2984979853839316
6647,0.6992,17,24,17,544872,60738,82118,25838,0.5626181036718663,0.2984429865089632
6648,0.6993,14,32,14,544904,60706,82132,25824,0.5623216866130646,0.29843984745175084
6649,0.6994,16,43,16,544947,60663,82148,25808,0.5619233761902998,0.29845844271489863
6650,0.6995,16,51,16,544998,60612,82164,25792,0.5614509615028345,0.2985046988565344
6651,0.6996,9,25,9,545023,60587,82173,25783,0.5612193856756457,0.29851800393655203
6652,0.6997,13,56,13,545079,60531,82186,25770,0.5607006558227426,0.29860604164494037
6653,0.6998,10,21,10,545100,60510,82196,25760,0.560506132127904,0.29859742668366757
6654,0.6999,11,33,11,545133,60477,82207,25749,0.5602004520360147,0.2986222253148702
6655,0.7,310,888,310,546021,59589,82517,25439,0.5519748786542665,0.29918379827821423
6656,0.7001,9,49,9,546070,59540,82526,25430,0.5515209900329764,0.2992820995645522
6657,0.7002,18,71,18,546141,59469,82544,25412,0.55086331468376,0.29938384326292106
6658,0.7003,4,22,4,546163,59447,82548,25408,0.5506595279558338,0.29942843674503566
6659,0.7004,12,22,12,546185,59425,82560,25396,0.5504557412279076,0.2994069864774054
6660,0.7005,35,102,35,546287,59323,82595,25361,0.5495109118529772,0.29947805960984364
6661,0.7006,16,55,16,546342,59268,82611,25345,0.5490014450331616,0.29954025977095716
6662,0.7007,15,38,15,546380,59230,82626,25330,0.5486494497758346,0.2995506149479659
6663,0.7008,10,23,10,546403,59207,82636,25320,0.5484364000148209,0.2995492564506016
6664,0.7009,2,0,2,546403,59207,82638,25318,0.5484364000148209,0.2995326826382727
6665,0.701,29,65,29,546468,59142,82667,25289,0.5478343028641298,0.299522687164667
6666,0.7011,11,34,11,546502,59108,82678,25278,0.547519359739153,0.2995520583983125
6667,0.7012,23,59,23,546561,59049,82701,25255,0.5469728407869873,0.2995706016321883
6668,0.7013,15,85,15,546646,58964,82716,25240,0.5461854829745452,0.2997482304878628
6669,0.7014,31,61,31,546707,58903,82747,25209,0.5456204379562044,0.2997075328133917
6670,0.7015,5,27,5,546734,58876,82752,25204,0.5453703360628405,0.2997621313035205
6671,0.7016,12,29,12,546763,58847,82764,25192,0.5451017081033014,0.2997655850259998
6672,0.7017,46,116,46,546879,58731,82810,25146,0.5440271962651451,0.29979613004756966
6673,0.7018,14,43,14,546922,58688,82824,25132,0.5436288858423802,0.2998329754235266
6674,0.7019,22,25,22,546947,58663,82846,25110,0.5433973100151914,0.2997385792558462
6675,0.702,7,15,7,546962,58648,82853,25103,0.5432583645188781,0.29973373452257285
6676,0.7021,8,25,8,546987,58623,82861,25095,0.5430267886916892,0.2997563248047015
6677,0.7022,19,52,19,547039,58571,82880,25076,0.5425451109711363,0.29978361447511565
6678,0.7023,4,15,4,547054,58556,82884,25072,0.5424061654748231,0.29980389343282154
6679,0.7024,21,58,21,547112,58498,82905,25051,0.541868909555745,0.2998360243689332
6680,0.7025,11,31,11,547143,58467,82916,25040,0.5415817555300307,0.2998551019674997
6681,0.7026,23,61,23,547204,58406,82939,25017,0.54101671051169,0.2998813276914041
6682,0.7027,27,110,27,547314,58296,82966,24990,0.539997776872059,0.3000504286434695
6683,0.7028,24,67,24,547381,58229,82990,24966,0.5393771536551929,0.30009014964841635
6684,0.7029,30,75,30,547456,58154,83020,24936,0.5386824261736263,0.30010831628354795
6685,0.703,11,49,11,547505,58105,83031,24925,0.5382285375523361,0.3001927014332169
6686,0.7031,22,52,22,547557,58053,83053,24903,0.5377468598317833,0.30019528424707076
6687,0.7032,7,29,7,547586,58024,83060,24896,0.5374782318722442,0.30024119633381574
6688,0.7033,45,115,45,547701,57909,83105,24851,0.5364129830671756,0.3002779120347994
6689,0.7034,21,57,21,547758,57852,83126,24830,0.535884990181185,0.30030720108367
6690,0.7035,10,34,10,547792,57818,83136,24820,0.535570047056208,0.30034608775623806
6691,0.7036,1,14,1,547806,57804,83137,24819,0.5354403645929823,0.30038851167350494
6692,0.7037,13,58,13,547864,57746,83150,24806,0.5349031086739042,0.30048938850663826
6693,0.7038,18,74,18,547938,57672,83168,24788,0.5342176442254252,0.30060635459616786
6694,0.7039,23,52,23,547990,57620,83191,24765,0.5337359665048723,0.30060083753110395
6695,0.704,14,37,14,548027,57583,83205,24751,0.5333932342806329,0.3006169990526392
6696,0.7041,22,54,22,548081,57529,83227,24729,0.5328930304939049,0.3006272946096428
6697,0.7042,16,59,16,548140,57470,83243,24713,0.5323465115417392,0.3007069588601049
6698,0.7043,24,52,24,548192,57418,83267,24689,0.5318648338211864,0.30069299816093636
6699,0.7044,10,30,10,548222,57388,83277,24679,0.5315869428285598,0.3007177062643937
6700,0.7045,13,54,13,548276,57334,83290,24666,0.5310867390418319,0.3008048780487805
6701,0.7046,37,60,37,548336,57274,83327,24629,0.5305309570565786,0.30070937572494294
6702,0.7047,10,50,10,548386,57224,83337,24619,0.5300678054022009,0.30080764390357145
6703,0.7048,38,114,38,548500,57110,83375,24581,0.5290118196302197,0.3009021801667258
6704,0.7049,16,40,16,548540,57070,83391,24565,0.5286412983067176,0.3009125987627856
6705,0.705,31,115,31,548655,56955,83422,24534,0.5275760495016488,0.30107131023819167
6706,0.7051,15,39,15,548694,56916,83437,24519,0.5272147912112342,0.30108675630871246
6707,0.7052,25,63,25,548757,56853,83462,24494,0.5266312201267183,0.30110514216873396
6708,0.7053,21,46,21,548803,56807,83483,24473,0.5262051206046908,0.3010949803149606
6709,0.7054,7,27,7,548830,56780,83490,24466,0.5259550187113269,0.3011348250990818
6710,0.7055,17,39,17,548869,56741,83507,24449,0.5255937604209122,0.30113314447592066
6711,0.7056,22,70,22,548939,56671,83529,24427,0.5249453481047834,0.3012034822067129
6712,0.7057,4,16,4,548955,56655,83533,24423,0.5247971395753825,0.30122844668097387
6713,0.7058,7,26,7,548981,56629,83540,24416,0.5245563007151062,0.3012647294712814
6714,0.7059,15,35,15,549016,56594,83555,24401,0.5242320945570418,0.30126551021668
6715,0.706,26,57,26,549073,56537,83581,24375,0.5237041016710512,0.30125321336760924
6716,0.7061,19,44,19,549117,56493,83600,24356,0.5232965282151988,0.30125295303590643
6717,0.7062,28,88,28,549205,56405,83628,24328,0.522481381303494,0.3013389815812617
6718,0.7063,9,31,9,549236,56374,83637,24319,0.5221942272777799,0.3013768232684372
6719,0.7064,12,32,12,549268,56342,83649,24307,0.5218978102189781,0.301392453719203
6720,0.7065,5,31,5,549299,56311,83654,24302,0.521610656193264,0.30146502425167154
6721,0.7066,25,98,25,549397,56213,83679,24277,0.5207028789506836,0.30161510746676606
6722,0.7067,30,112,30,549509,56101,83709,24247,0.5196654192448775,0.30177477970826905
6723,0.7068,14,39,14,549548,56062,83723,24233,0.519304160954463,0.3017996139236565
6724,0.7069,4,10,4,549558,56052,83727,24229,0.5192115306235874,0.30180241900325105
6725,0.707,10,55,10,549613,55997,83737,24219,0.5187020638037719,0.30192230976363815
6726,0.7071,24,66,24,549679,55931,83761,24195,0.5180907036199933,0.301961909991763
6727,0.7072,23,45,23,549724,55886,83784,24172,0.5176738671310533,0.3019310999525344
6728,0.7073,10,19,10,549743,55867,83794,24162,0.5174978695023899,0.30191555561109096
6729,0.7074,15,37,15,549780,55830,83809,24147,0.5171551372781503,0.30192430323718067
6730,0.7075,13,30,13,549810,55800,83822,24134,0.5168772462855238,0.301924087372082
6731,0.7076,15,58,15,549868,55742,83837,24119,0.5163399903664456,0.30201224627790785
6732,0.7077,16,31,16,549899,55711,83853,24103,0.5160528363407314,0.3019896258801714
6733,0.7078,11,66,11,549965,55645,83864,24092,0.5154414761569528,0.30214329608588236
6734,0.7079,15,36,15,550001,55609,83879,24077,0.5151080069658008,0.30214843259794694
6735,0.708,19,53,19,550054,55556,83898,24058,0.5146170662121605,0.30218303313487577
6736,0.7081,8,25,8,550079,55531,83906,24050,0.5143854903849716,0.30220781342280195
6737,0.7082,20,55,20,550134,55476,83926,24030,0.5138760235651562,0.3022413402762056
6738,0.7083,92,309,92,550443,55167,84018,23938,0.511013746341102,0.302610454459263
6739,0.7084,6,25,6,550468,55142,84024,23932,0.5107821705139131,0.30265321091635683
6740,0.7085,2,26,2,550494,55116,84026,23930,0.5105413316536367,0.3027351162614174
6741,0.7086,18,46,18,550540,55070,84044,23912,0.5101152321316091,0.3027525258919754
6742,0.7087,22,59,22,550599,55011,84066,23890,0.5095687131794435,0.3027845020975653
6743,0.7088,18,51,18,550650,54960,84084,23872,0.5090962984919782,0.30282118936472496
6744,0.7089,12,50,12,550700,54910,84096,23860,0.5086331468376005,0.3029071981718929
6745,0.709,17,91,17,550791,54819,84113,23843,0.5077902108266331,0.303106963972439
6746,0.7091,9,36,9,550827,54783,84122,23834,0.5074567416354812,0.30316598191230903
6747,0.7092,17,53,17,550880,54730,84139,23817,0.5069658008818407,0.30321972831553085
6748,0.7093,5,6,5,550886,54724,84144,23812,0.5069102226833154,0.30319853315676887
6749,0.7094,15,54,15,550940,54670,84159,23797,0.5064100188965875,0.3032739877910459
6750,0.7095,22,73,22,551013,54597,84181,23775,0.5057338174811961,0.30336089419690704
6751,0.7096,18,62,18,551075,54535,84199,23757,0.5051595094297677,0.3034409645940837
6752,0.7097,16,48,16,551123,54487,84215,23741,0.504714883841565,0.3034846857902541
6753,0.7098,12,34,12,551157,54453,84227,23729,0.5043999407165882,0.3035097592796296
6754,0.7099,22,45,22,551202,54408,84249,23707,0.5039831042276482,0.3034884465211547
6755,0.71,55,190,55,551392,54218,84304,23652,0.502223127941013,0.30373699756003597
6756,0.7101,9,19,9,551411,54199,84313,23643,0.5020471303123495,0.30373063384805116
6757,0.7102,28,91,28,551502,54108,84341,23615,0.5012041943013821,0.3038354155140692
6758,0.7103,25,50,25,551552,54058,84366,23590,0.5007410426470044,0.30380692355244177
6759,0.7104,15,49,15,551601,54009,84381,23575,0.5002871540257142,0.3038641988038771
6760,0.7105,15,43,15,551644,53966,84396,23560,0.49988884360294933,0.3038980471067771
6761,0.7106,33,62,33,551706,53904,84429,23527,0.499314535551521,0.30384471335769914
6762,0.7107,4,26,4,551732,53878,84433,23523,0.4990736966912446,0.3039108021860183
6763,0.7108,18,54,18,551786,53824,84451,23505,0.49857349290451664,0.30396099781453273
6764,0.7109,12,29,12,551815,53795,84463,23493,0.4983048649449776,0.3039669806438257
6765,0.711,17,44,17,551859,53751,84480,23476,0.4978972914891252,0.3039869475701503
6766,0.7111,21,43,21,551902,53708,84501,23455,0.49749898106636037,0.30396692715420603
6767,0.7112,21,45,21,551947,53663,84522,23434,0.49708214457742045,0.3039547582915029
6768,0.7113,13,30,13,551977,53633,84535,23421,0.4968042535847938,0.30395566745399333
6769,0.7114,25,78,25,552055,53555,84560,23396,0.4960817370039646,0.30403763433873504
6770,0.7115,25,60,25,552115,53495,84585,23371,0.49552595501871133,0.30404860406421563
6771,0.7116,14,23,14,552138,53472,84599,23357,0.49531290525769756,0.3040128076637728
6772,0.7117,11,51,11,552189,53421,84610,23346,0.4948404905702323,0.3041150494353042
6773,0.7118,19,23,19,552212,53398,84629,23327,0.49462744080921855,0.3040338872596937
6774,0.7119,19,64,19,552276,53334,84648,23308,0.4940346066916151,0.3041152370762767
6775,0.712,12,18,12,552294,53316,84660,23296,0.4938678720960391,0.3040776901790842
6776,0.7121,18,35,18,552329,53281,84678,23278,0.4935436659379747,0.3040530832429891
6777,0.7122,2,26,2,552355,53255,84680,23276,0.49330282707769835,0.30413819236649203
6778,0.7123,14,43,14,552398,53212,84694,23262,0.4929045166549335,0.3041818134267856
6779,0.7124,23,88,23,552486,53124,84717,23239,0.4920893697432287,0.30432277411835573
6780,0.7125,21,72,21,552558,53052,84738,23218,0.49142243136092484,0.30441851317687163
6781,0.7126,12,41,12,552599,53011,84750,23206,0.4910426470043351,0.30447275542201874
6782,0.7127,16,45,16,552644,52966,84766,23190,0.49062581051539517,0.30450653920899207
6783,0.7128,14,21,14,552665,52945,84780,23176,0.49043128682055653,0.30446263186242956
6784,0.7129,21,43,21,552708,52902,84801,23155,0.4900329763977917,0.3044427205911356
6785,0.713,27,61,27,552769,52841,84828,23128,0.4894679313794509,0.30443996893469705
6786,0.7131,20,55,20,552824,52786,84848,23108,0.48895846455963543,0.3044772972830527
6787,0.7132,2,10,2,552834,52776,84850,23106,0.48886583422875984,0.3044990906934451
6788,0.7133,66,176,66,553010,52600,84916,23040,0.48723554040535033,0.3046007403490217
6789,0.7134,15,26,15,553036,52574,84931,23025,0.4869947015450739,0.30456752073440124
6790,0.7135,4,21,4,553057,52553,84935,23021,0.48680017785023527,0.3046153439013417
6791,0.7136,10,33,10,553090,52520,84945,23011,0.48649449775834597,0.30465636626021103
6792,0.7137,6,30,6,553120,52490,84951,23005,0.4862166067657194,0.3047221670309292
6793,0.7138,48,89,48,553209,52401,84999,22957,0.48539219682092705,0.3046391889381353
6794,0.7139,10,24,10,553233,52377,85009,22947,0.48516988402682576,0.304643938187032
6795,0.714,14,43,14,553276,52334,85023,22933,0.4847715736040609,0.30468864176863697
6796,0.7141,7,26,7,553302,52308,85030,22926,0.4845307347437845,0.30472924475636015
6797,0.7142,19,32,19,553334,52276,85049,22907,0.48423431768498276,0.30468323956213506
6798,0.7143,7,29,7,553363,52247,85056,22900,0.4839656897254437,0.30473605067401227
6799,0.7144,12,37,12,553400,52210,85068,22888,0.4836229575012042,0.3047750938773336
6800,0.7145,7,35,7,553435,52175,85075,22881,0.4832987513431398,0.3048523768919207
6801,0.7146,9,54,9,553489,52121,85084,22872,0.4827985475564119,0.30498846559012177
6802,0.7147,18,51,18,553540,52070,85102,22854,0.4823261328689466,0.3050290961507661
6803,0.7148,17,50,17,553590,52020,85119,22837,0.4818629812145689,0.305075009685133
6804,0.7149,4,22,4,553612,51998,85123,22833,0.4816591944866427,0.3051275540885462
6805,0.715,27,67,27,553679,51931,85150,22806,0.48103857126977656,0.3051500595421277
6806,0.7151,2,12,2,553691,51919,85152,22804,0.48092741487272594,0.30518046652302505
6807,0.7152,25,62,25,553753,51857,85177,22779,0.48035310682129756,0.3052012433678118
6808,0.7153,21,44,21,553797,51813,85198,22758,0.47994553336544515,0.30518566198656316
6809,0.7154,9,31,9,553828,51782,85207,22749,0.479658379339731,0.3052286967838886
6810,0.7155,9,35,9,553863,51747,85216,22740,0.4793341731816666,0.30528817109025735
6811,0.7156,12,36,12,553899,51711,85228,22728,0.47900070399051464,0.30532382218998105
6812,0.7157,33,73,33,553972,51638,85261,22695,0.4783245025751232,0.3053152704720649
6813,0.7158,12,47,12,554019,51591,85273,22683,0.47788914002000815,0.30539623556022294
6814,0.7159,34,67,34,554086,51524,85307,22649,0.47726851680314203,0.30535370013347174
6815,0.716,7,31,7,554117,51493,85314,22642,0.47698136277742786,0.30541579550819453
6816,0.7161,20,39,20,554156,51454,85334,22622,0.47662010448701325,0.305389059884443
6817,0.7162,37,90,37,554246,51364,85371,22585,0.47578643150913336,0.30541319017160473
6818,0.7163,10,30,10,554276,51334,85381,22575,0.4755085405165067,0.30544318012691285
6819,0.7164,20,73,20,554349,51261,85401,22555,0.4748323391011153,0.3055570607998266
6820,0.7165,13,45,13,554394,51216,85414,22542,0.47441550261217535,0.3056210851704222
6821,0.7166,13,37,13,554431,51179,85427,22529,0.4740727703879358,0.30565203234384325
6822,0.7167,163,501,163,554932,50678,85590,22366,0.4694319908110712,0.3061990033404523
6823,0.7168,17,53,17,554985,50625,85607,22349,0.4689410500574308,0.3062597637514731
6824,0.7169,28,63,28,555048,50562,85635,22321,0.4683574789729149,0.306257975110794
6825,0.717,24,66,24,555114,50496,85659,22297,0.4677461187891363,0.30630692511642604
6826,0.7171,16,53,16,555167,50443,85675,22281,0.46725517803549593,0.30637753698916453
6827,0.7172,9,12,9,555179,50431,85684,22272,0.4671440216384453,0.3063422417231751
6828,0.7173,16,45,16,555224,50386,85700,22256,0.46672718514950534,0.30637922964676084
6829,0.7174,9,30,9,555254,50356,85709,22247,0.46644929415687875,0.30641984490998997
6830,0.7175,25,59,25,555313,50297,85734,22222,0.465902775204713,0.3064300390242557
6831,0.7176,5,10,5,555323,50287,85739,22217,0.4658101448738375,0.3064244731325168
6832,0.7177,14,45,14,555368,50242,85753,22203,0.46539330838489756,0.30648077852163713
6833,0.7178,11,26,11,555394,50216,85764,22192,0.46515246952462114,0.3064854712186499
6834,0.7179,6,51,6,555445,50165,85770,22186,0.46468005483715585,0.3066439993918536
6835,0.718,10,36,10,555481,50129,85780,22176,0.46434658564600395,0.30670078141207385
6836,0.7181,16,73,16,555554,50056,85796,22160,0.46367038423061246,0.3068572061592999
6837,0.7182,13,35,13,555589,50021,85809,22147,0.4633461780725481,0.3068811661678306
6838,0.7183,30,93,30,555682,49928,85839,22117,0.4624847159954055,0.30698868762578946
6839,0.7184,4,11,4,555693,49917,85843,22113,0.4623828226314424,0.306997084548105
6840,0.7185,17,59,17,555752,49858,85860,22096,0.46183630367927675,0.307085082135809
6841,0.7186,16,40,16,555792,49818,85876,22080,0.46146578235577457,0.30710172744721687
6842,0.7187,8,26,8,555818,49792,85884,22072,0.46122494349549814,0.3071357007681176
6843,0.7188,32,61,32,555879,49731,85916,22040,0.4606598984771574,0.3070878209861922
6844,0.7189,13,45,13,555924,49686,85929,22027,0.4602430619882174,0.3071549091517577
6845,0.719,18,46,18,555970,49640,85947,22009,0.4598169624661899,0.30717804854219877
6846,0.7191,14,39,14,556009,49601,85961,21995,0.4594557041757753,0.3072098999944131
6847,0.7192,9,49,9,556058,49552,85970,21986,0.45900181555448516,0.30733316559031565
6848,0.7193,4,19,4,556077,49533,85974,21982,0.4588258179258216,0.30737607494931135
6849,0.7194,18,53,18,556130,49480,85992,21964,0.45833487717218124,0.3074295952074352
6850,0.7195,15,28,15,556158,49452,86007,21949,0.45807551224572973,0.30740465819806445
6851,0.7196,6,40,6,556198,49412,86013,21943,0.45770499092222755,0.30751874430663584
6852,0.7197,14,34,14,556232,49378,86027,21929,0.45739004779725073,0.3075294150644397
6853,0.7198,4,7,4,556239,49371,86031,21925,0.45732520656563785,0.3075207585278277
6854,0.7199,14,43,14,556282,49328,86045,21911,0.456926896142873,0.30757029155378374
6855,0.72,36,76,36,556358,49252,86081,21875,0.4562229056282189,0.3075484696388151
6856,0.7201,9,20,9,556378,49232,86090,21866,0.4560376449664678,0.3075473290387915
6857,0.7202,11,43,11,556421,49189,86101,21855,0.455639334543703,0.3076262597826699
6858,0.7203,4,16,4,556437,49173,86105,21851,0.45549112601430214,0.30765656679432307
6859,0.7204,6,31,6,556468,49142,86111,21845,0.4552039719885879,0.3077324017073549
6860,0.7205,16,47,16,556515,49095,86127,21829,0.4547686094334729,0.30778015904348316
6861,0.7206,17,37,17,556552,49058,86144,21812,0.4544258772092334,0.30777479892761395
6862,0.7207,18,49,18,556601,49009,86162,21794,0.45397198858794324,0.30781181588350776
6863,0.7208,18,69,18,556670,48940,86180,21776,0.453332839304902,0.30793596922902877
6864,0.7209,29,88,29,556758,48852,86209,21747,0.4525176923931972,0.30803552458250116
6865,0.721,23,78,23,556836,48774,86232,21724,0.451795175812368,0.3081505858322222
6866,0.7211,7,25,7,556861,48749,86239,21717,0.45156359998517914,0.3081911844009877
6867,0.7212,19,26,19,556887,48723,86258,21698,0.4513227611249027,0.30811831697931014
6868,0.7213,18,44,18,556931,48679,86276,21680,0.45091518766905037,0.3081339984934408
6869,0.7214,24,91,24,557022,48588,86300,21656,0.4500722516580829,0.30829679403223054
6870,0.7215,10,28,10,557050,48560,86310,21646,0.4498128867316314,0.3083212261060308
6871,0.7216,2,15,2,557065,48545,86312,21644,0.4496739412353181,0.3083674079984043
6872,0.7217,43,128,43,557193,48417,86355,21601,0.4484882730001112,0.308506384072667
6873,0.7218,6,23,6,557216,48394,86361,21595,0.4482752232390974,0.3085484861906871
6874,0.7219,10,31,10,557247,48363,86371,21585,0.44798806921338324,0.30858637845256476
6875,0.722,7,31,7,557278,48332,86378,21578,0.447700915187669,0.30865398369332
6876,0.7221,2,6,2,557284,48326,86380,21576,0.4476453369891437,0.3086606964035364
6877,0.7222,9,40,9,557324,48286,86389,21567,0.44727481566564153,0.30874837158031865
6878,0.7223,5,28,5,557352,48258,86394,21562,0.44701545073919,0.30882268690919507
6879,0.7224,19,21,19,557373,48237,86413,21543,0.4468209270443514,0.3087274290627687
6880,0.7225,28,60,28,557433,48177,86441,21515,0.44626514505909815,0.3087154910176204
6881,0.7226,5,15,5,557448,48162,86446,21510,0.4461261995627848,0.3087323458491216
6882,0.7227,7,27,7,557475,48135,86453,21503,0.4458760976694209,0.3087825612452971
6883,0.7228,23,69,23,557544,48066,86476,21480,0.4452369483863796,0.308860322664136
6884,0.7229,5,20,5,557564,48046,86481,21475,0.44505168772462855,0.30889946922512623
6885,0.723,4,23,4,557587,48023,86485,21471,0.4448386379636148,0.3089619247704838
6886,0.7231,13,62,13,557649,47961,86498,21458,0.44426432991218645,0.3091084573387689
6887,0.7232,10,21,10,557670,47940,86508,21448,0.4440698062173478,0.3091024384619819
6888,0.7233,27,105,27,557775,47835,86535,21421,0.4430971877431546,0.309301721150514
6889,0.7234,22,51,22,557826,47784,86557,21399,0.44262477305568937,0.30931009062920084
6890,0.7235,24,54,24,557880,47730,86581,21375,0.44212456926896143,0.30931191664857827
6891,0.7236,17,51,17,557931,47679,86598,21358,0.44165215458149615,0.3093703376450309
6892,0.7237,11,25,11,557956,47654,86609,21347,0.4414205787543073,0.30937232793727626
6893,0.7238,17,58,17,558014,47596,86626,21330,0.4408833228352292,0.3094623219104547
6894,0.7239,18,72,18,558086,47524,86644,21312,0.44021638445292527,0.3096054390144692
6895,0.724,18,64,18,558150,47460,86662,21294,0.4396235503353218,0.3097128894318876
6896,0.7241,23,49,23,558199,47411,86685,21271,0.43916966171403166,0.3097026877493375
6897,0.7242,5,9,5,558208,47402,86690,21266,0.43908629441624364,0.30969301566959867
6898,0.7243,9,24,9,558232,47378,86699,21257,0.43886398162214235,0.30971078895607196
6899,0.7244,15,30,15,558262,47348,86714,21242,0.4385860906295157,0.30969529085872577
6900,0.7245,20,58,20,558320,47290,86734,21222,0.4380488347104376,0.30975595516113963
6901,0.7246,22,53,22,558373,47237,86756,21200,0.43755789395679723,0.30977395268641233
6902,0.7247,19,73,19,558446,47164,86775,21181,0.43688169254140574,0.3099129416928817
6903,0.7248,12,46,12,558492,47118,86787,21169,0.43645559301937825,0.31000043932227217
6904,0.7249,28,85,28,558577,47033,86815,21141,0.43566823520693615,0.3101035585413794
6905,0.725,108,324,108,558901,46709,86923,21033,0.4326670124865686,0.31048684715538366
6906,0.7251,15,24,15,558925,46685,86938,21018,0.4324446996924673,0.31044414575425017
6907,0.7252,13,24,13,558949,46661,86951,21005,0.432222386898366,0.31042177755445866
6908,0.7253,14,36,14,558985,46625,86965,20991,0.43188891770721405,0.31044427354472315
6909,0.7254,7,24,7,559009,46601,86972,20984,0.43166660491311276,0.31048309536139673
6910,0.7255,13,41,13,559050,46560,86985,20971,0.431286820556523,0.31053886363299815
6911,0.7256,7,26,7,559076,46534,86992,20964,0.43104598169624664,0.3105869803549735
6912,0.7257,17,45,17,559121,46489,87009,20947,0.43062914520730666,0.3106204401210036
6913,0.7258,11,33,11,559154,46456,87020,20936,0.4303234651154174,0.3106600189933523
6914,0.7259,17,68,17,559222,46388,87037,20919,0.4296935788654637,0.3107997682261875
6915,0.726,22,67,22,559289,46321,87059,20897,0.4290729556485976,0.31088398940759915
6916,0.7261,19,48,19,559337,46273,87078,20878,0.42862833006039497,0.3109112299146699
6917,0.7262,6,38,6,559375,46235,87084,20872,0.4282763348030679,0.31102567541389126
6918,0.7263,11,26,11,559401,46209,87095,20861,0.4280354959427915,0.31103324884449085
6919,0.7264,35,87,35,559488,46122,87130,20826,0.4272296120641743,0.31107725398816993
6920,0.7265,12,27,12,559515,46095,87142,20814,0.4269795101708103,0.3110792270098193
6921,0.7266,17,50,17,559565,46045,87159,20797,0.4265163585164326,0.31113671045151253
6922,0.7267,69,164,69,559729,45881,87228,20728,0.4249972210900737,0.31118917863952317
6923,0.7268,2,14,2,559743,45867,87230,20726,0.42486753862684795,0.3112339134743892
6924,0.7269,12,35,12,559778,45832,87242,20714,0.42454333246878356,0.3112734048628017
6925,0.727,14,36,14,559814,45796,87256,20700,0.4242098632776316,0.31129692011549565
6926,0.7271,6,15,6,559829,45781,87262,20694,0.42407091778131834,0.31130500188040616
6927,0.7272,15,38,15,559867,45743,87277,20679,0.42371892252399124,0.31132757218993706
6928,0.7273,18,47,18,559914,45696,87295,20661,0.42328355996887623,0.3113612731136127
6929,0.7274,16,67,16,559981,45629,87311,20645,0.42266293675201005,0.31150979267887857
6930,0.7275,10,24,10,560005,45605,87321,20635,0.42244062395790877,0.31151871980676327
6931,0.7276,9,40,9,560045,45565,87330,20626,0.4220701026344066,0.31161336133311174
6932,0.7277,15,41,15,560086,45524,87345,20611,0.4216903182778169,0.311650412035987
6933,0.7278,22,46,22,560132,45478,87367,20589,0.4212642187557894,0.311638185478378
6934,0.7279,17,43,17,560175,45435,87384,20572,0.42086590833302456,0.3116639144333177
6935,0.728,15,25,15,560200,45410,87399,20557,0.4206343325058357,0.31162550972455927
6936,0.7281,27,64,27,560264,45346,87426,20530,0.42004149838823224,0.3116461230190054
6937,0.7282,11,19,11,560283,45327,87437,20519,0.4198655007595687,0.31162105518938127
6938,0.7283,33,87,33,560370,45240,87470,20486,0.4190596168809515,0.31168791650184097
6939,0.7284,20,64,20,560434,45176,87490,20466,0.41846678276334803,0.3117820907345907
6940,0.7285,4,15,4,560449,45161,87494,20462,0.4183278372670347,0.311811407585755
6941,0.7286,19,70,19,560519,45091,87513,20443,0.41767942495090593,0.3119449446089053
6942,0.7287,3,10,3,560529,45081,87516,20440,0.4175867946200304,0.31196105065551505
6943,0.7288,27,91,27,560620,44990,87543,20413,0.41674385860906293,0.3121110652416556
6944,0.7289,15,44,15,560664,44946,87558,20398,0.4163362851532106,0.31216332027424093
6945,0.729,24,57,24,560721,44889,87582,20374,0.41580829226722,0.312183013346
6946,0.7291,12,41,12,560762,44848,87594,20362,0.41542850791063024,0.3122527219751572
6947,0.7292,35,91,35,560853,44757,87629,20327,0.41458557189966283,0.3123194640771926
6948,0.7293,15,35,15,560888,44722,87644,20312,0.41426136574159844,0.31232893563366854
6949,0.7294,4,15,4,560903,44707,87648,20308,0.4141224202452851,0.31235868645697146
6950,0.7295,20,56,20,560959,44651,87668,20288,0.4136036903923821,0.312416267574185
6951,0.7296,8,27,8,560986,44624,87676,20280,0.4133535884990181,0.3124614815727844
6952,0.7297,24,68,24,561054,44556,87700,20256,0.41272370224906446,0.3125347157933716
6953,0.7298,12,22,12,561076,44534,87712,20244,0.41251991552113826,0.3125135076723579
6954,0.7299,21,50,21,561126,44484,87733,20223,0.41205676386676054,0.3125318744494413
6955,0.73,54,163,54,561289,44321,87787,20169,0.4105468894734892,0.31274616219568924
6956,0.7301,11,22,11,561311,44299,87798,20158,0.410343102745563,0.31273562219774426
6957,0.7302,8,31,8,561342,44268,87806,20150,0.41005594871984885,0.3128007699711261
6958,0.7303,14,25,14,561367,44243,87820,20136,0.40982437289266,0.31277279858338897
6959,0.7304,7,40,7,561407,44203,87827,20129,0.4094538515691578,0.3128924951812473
6960,0.7305,9,17,9,561424,44186,87836,20120,0.4092963800066694,0.31287904705626224
6961,0.7306,18,40,18,561464,44146,87854,20102,0.4089258586831672,0.31288133482754327
6962,0.7307,17,27,17,561491,44119,87871,20085,0.4086757567898033,0.3128309762631612
6963,0.7308,12,50,12,561541,44069,87883,20073,0.40821260513542557,0.31294627545134235
6964,0.7309,5,22,5,561563,44047,87888,20068,0.40800881840749936,0.31300007798487095
6965,0.731,10,25,10,561588,44022,87898,20058,0.4077772425803105,0.31301498127340827
6966,0.7311,11,35,11,561623,43987,87909,20047,0.4074530364222461,0.313068057594403
6967,0.7312,9,23,9,561646,43964,87918,20038,0.40723998666123234,0.31308396612605854
6968,0.7313,14,33,14,561679,43931,87932,20024,0.40693430656934304,0.3130951450238449
6969,0.7314,11,37,11,561716,43894,87943,20013,0.40659157434510357,0.3131581829846496
6970,0.7315,29,65,29,561781,43829,87972,19984,0.40598947719441253,0.3131650290693119
6971,0.7316,18,33,18,561814,43796,87990,19966,0.4056837971025232,0.31313321414008344
6972,0.7317,24,68,24,561882,43728,88014,19942,0.4050539108525696,0.3132087325270928
6973,0.7318,4,21,4,561903,43707,88018,19938,0.40485938715773095,0.3132689135045958
6974,0.7319,8,44,8,561947,43663,88026,19930,0.40445181370187855,0.3133992735049455
6975,0.732,9,36,9,561983,43627,88035,19921,0.4041183445107266,0.31347957449487
6976,0.7321,18,33,18,562016,43594,88053,19903,0.4038126644188373,0.3134478794273745
6977,0.7322,10,21,10,562037,43573,88063,19893,0.40361814072399865,0.3134434185233038
6978,0.7323,5,11,5,562048,43562,88068,19888,0.40351624736003555,0.3134436564223798
6979,0.7324,11,52,11,562100,43510,88079,19877,0.40303456963948275,0.31358164923407006
6980,0.7325,16,48,16,562148,43462,88095,19861,0.4025899440512801,0.3136459106485795
6981,0.7326,13,14,13,562162,43448,88108,19848,0.40246026158805437,0.3135743174924166
6982,0.7327,14,32,14,562194,43416,88122,19834,0.40216384452925263,0.3135810276679842
6983,0.7328,8,23,8,562217,43393,88130,19826,0.4019507947682389,0.3136082506841298
6984,0.7329,6,6,6,562223,43387,88136,19820,0.4018952165697136,0.3135728637650893
6985,0.733,6,34,6,562257,43353,88142,19814,0.40158027344473674,0.3136764449791822
6986,0.7331,10,24,10,562281,43329,88152,19804,0.40135796065063545,0.31368697828394027
6987,0.7332,14,29,14,562310,43300,88166,19790,0.40108933269109637,0.31367887145347917
6988,0.7333,129,463,129,562773,42837,88295,19661,0.39680054837155876,0.31458606675413614
6989,0.7334,11,22,11,562795,42815,88306,19650,0.3965967616436326,0.3145761626510846
6990,0.7335,6,20,6,562815,42795,88312,19644,0.3964115009818815,0.31461106039494546
6991,0.7336,5,5,5,562820,42790,88317,19639,0.39636518581644375,0.31458136442999246
6992,0.7337,12,17,12,562837,42773,88329,19627,0.3962077142539553,0.3145352564102564
6993,0.7338,25,35,25,562872,42738,88354,19602,0.3958835080958909,0.31443695861405196
6994,0.7339,7,12,7,562884,42726,88361,19595,0.3957723516988403,0.31442050031289615
6995,0.734,18,60,18,562944,42666,88379,19577,0.39521656971358704,0.31452532814935014
6996,0.7341,14,20,14,562964,42646,88393,19563,0.3950313090518359,0.3144721824816345
6997,0.7342,25,77,25,563041,42569,88418,19538,0.39431805550409427,0.31458611750688326
6998,0.7343,6,25,6,563066,42544,88424,19532,0.3940864796769054,0.3146465622784973
6999,0.7344,17,30,17,563096,42514,88441,19515,0.39380858868427876,0.3146109078011898
7000,0.7345,25,58,25,563154,42456,88466,19490,0.39327133276520065,0.3146288703063959
7001,0.7346,23,51,23,563205,42405,88489,19467,0.39279891807773537,0.314633436772692
7002,0.7347,16,54,16,563259,42351,88505,19451,0.39229871429100743,0.31473091485712434
7003,0.7348,17,33,17,563292,42318,88522,19434,0.3919930341991182,0.3147104547221143
7004,0.7349,10,32,10,563324,42286,88532,19424,0.39169661714031645,0.3147625992545779
7005,0.735,28,86,28,563410,42200,88560,19396,0.3908999962947868,0.31489057731021497
7006,0.7351,14,37,14,563447,42163,88574,19382,0.39055726407054725,0.31492403932082214
7007,0.7352,9,31,9,563478,42132,88583,19373,0.3902701100448331,0.3149825217461995
7008,0.7353,9,28,9,563506,42104,88592,19364,0.3900107451183816,0.3150257044315741
7009,0.7354,16,45,16,563551,42059,88608,19348,0.3895939086294416,0.31507808556027816
7010,0.7355,7,23,7,563574,42036,88615,19341,0.3893808588684279,0.3151180409599687
7011,0.7356,13,17,13,563591,42019,88628,19328,0.38922338730593947,0.3150602311441472
7012,0.7357,26,52,26,563643,41967,88654,19302,0.3887417095853866,0.3150369681241737
7013,0.7358,19,51,19,563694,41916,88673,19283,0.3882692948979214,0.31508684782431085
7014,0.7359,5,24,5,563718,41892,88678,19278,0.38804698210382005,0.31515448749386954
7015,0.736,3,10,3,563728,41882,88681,19275,0.3879543517729445,0.31517242506990206
7016,0.7361,7,14,7,563742,41868,88688,19268,0.38782466930971876,0.315166186862078
7017,0.7362,9,42,9,563784,41826,88697,19259,0.3874356219200415,0.31528198412048786
7018,0.7363,17,40,17,563824,41786,88714,19242,0.3870651005965393,0.3152978960477158
7019,0.7364,15,48,15,563872,41738,88729,19227,0.38662047500833674,0.3153776757155745
7020,0.7365,18,38,18,563910,41700,88747,19209,0.3862684797510097,0.3153721124956903
7021,0.7366,13,32,13,563942,41668,88760,19196,0.38597206269220796,0.3153916929547844
7022,0.7367,22,70,22,564012,41598,88782,19174,0.38532365037607913,0.3155071414467189
7023,0.7368,6,7,6,564019,41591,88788,19168,0.38525880914446625,0.31547589657499303
7024,0.7369,12,30,12,564049,41561,88800,19156,0.38498091815183966,0.31549648368661165
7025,0.737,17,66,17,564115,41495,88817,19139,0.38436955796806105,0.3156479862783257
7026,0.7371,12,35,12,564150,41460,88829,19127,0.38404535180999666,0.31569478601020023
7027,0.7372,11,30,11,564180,41430,88840,19116,0.38376746081737007,0.3157268853433753
7028,0.7373,6,19,6,564199,41411,88846,19110,0.3835914631887065,0.31575816658680456
7029,0.7374,4,6,4,564205,41405,88850,19106,0.3835358849901812,0.31574424484804414
7030,0.7375,29,65,29,564270,41340,88879,19077,0.38293378783949017,0.31575549928000396
7031,0.7376,25,46,25,564316,41294,88904,19052,0.3825076883174627,0.3157127232956617
7032,0.7377,11,21,11,564337,41273,88915,19041,0.38231316462262405,0.31569784792917066
7033,0.7378,8,11,8,564348,41262,88923,19033,0.38221127125866095,0.31566464881001743
7034,0.7379,22,43,22,564391,41219,88945,19011,0.3818129608358961,0.3156400464884609
7035,0.738,9,23,9,564414,41196,88954,19002,0.38159991107488234,0.3156583275191867
7036,0.7381,20,58,20,564472,41138,88974,18982,0.38106265515580423,0.31573519627411845
7037,0.7382,6,27,6,564499,41111,88980,18976,0.38081255326244023,0.3158087439878842
7038,0.7383,28,96,28,564595,41015,89008,18948,0.37992330208603503,0.31599486349915784
7039,0.7384,8,20,8,564615,40995,89016,18940,0.37973804142428397,0.31600900976057394
7040,0.7385,13,36,13,564651,40959,89029,18927,0.379404572233132,0.31605049594229034
7041,0.7386,3,11,3,564662,40948,89032,18924,0.3793026788691689,0.3160742918225548
7042,0.7387,22,54,22,564716,40894,89054,18902,0.37880247508244097,0.3161081008763128
7043,0.7388,10,38,10,564754,40856,89064,18892,0.37845047982511393,0.3161946843408984
7044,0.7389,19,36,19,564790,40820,89083,18873,0.37811701063396197,0.3161677248588612
7045,0.739,7,8,7,564798,40812,89090,18866,0.3780429063692616,0.31612989711451456
7046,0.7391,14,36,14,564834,40776,89104,18852,0.3777094371781096,0.3161601931978265
7047,0.7392,31,55,31,564889,40721,89135,18821,0.3771999703582941,0.3160962010009741
7048,0.7393,5,21,5,564910,40700,89140,18816,0.3770054466634555,0.31615027891659386
7049,0.7394,20,54,20,564964,40646,89160,18796,0.37650524287672754,0.31620739544429866
7050,0.7395,5,15,5,564979,40631,89165,18791,0.3763662973804142,0.31622967924337786
7051,0.7396,8,22,8,565001,40609,89173,18783,0.37616251065248807,0.3162547144396552
7052,0.7397,14,35,14,565036,40574,89187,18769,0.3758383044944237,0.31627993192120385
7053,0.7398,14,34,14,565070,40540,89201,18755,0.3755233613694468,0.3162998566489586
7054,0.7399,3,39,3,565109,40501,89204,18752,0.3751621030790322,0.3164734275057803
7055,0.74,44,161,44,565270,40340,89248,18708,0.37367075475193595,0.3168269882129793
7056,0.7401,15,35,15,565305,40305,89263,18693,0.37334654859387156,0.31684124885589343
7057,0.7402,1,13,1,565318,40292,89264,18692,0.3732261291637334,0.316899498168995
7058,0.7403,5,15,5,565333,40277,89269,18687,0.37308718366742005,0.31692218981073195
7059,0.7404,3,8,3,565341,40269,89272,18684,0.3730130794027196,0.3169304361101216
7060,0.7405,11,36,11,565377,40233,89283,18673,0.3726796102115677,0.3169965708077276
7061,0.7406,11,37,11,565414,40196,89294,18662,0.3723368779873282,0.31706819803595093
7062,0.7407,7,20,7,565434,40176,89301,18655,0.3721516173255771,0.31709472896942087
7063,0.7408,15,64,15,565498,40112,89316,18640,0.37155878320797364,0.3172657952069717
7064,0.7409,2,7,2,565505,40105,89318,18638,0.37149394197636076,0.3172803568084708
7065,0.741,8,26,8,565531,40079,89326,18630,0.37125310311608434,0.3173278372992216
7066,0.7411,8,37,8,565568,40042,89334,18622,0.3709103708918448,0.31743488340379106
7067,0.7412,5,19,5,565587,40023,89339,18617,0.3707343732631813,0.3174795361527967
7068,0.7413,7,19,7,565606,40004,89346,18610,0.37055837563451777,0.3175009383423755
7069,0.7414,11,34,11,565640,39970,89357,18599,0.37024343250954095,0.31755706943946455
7070,0.7415,24,40,24,565680,39930,89381,18575,0.36987291118603877,0.31749423126228526
7071,0.7416,33,79,33,565759,39851,89414,18542,0.36914113157212197,0.31753806106896376
7072,0.7417,81,245,81,566004,39606,89495,18461,0.3668716884656712,0.3179258442833279
7073,0.7418,10,42,10,566046,39564,89505,18451,0.36648264107599393,0.3180384383349134
7074,0.7419,14,40,14,566086,39524,89519,18437,0.36611211975249175,0.31809320060040375
7075,0.742,15,52,15,566138,39472,89534,18422,0.36563044203193895,0.31820223166476663
7076,0.7421,12,47,12,566185,39425,89546,18410,0.3651950794768239,0.3183193567908706
7077,0.7422,8,14,8,566199,39411,89554,18402,0.36506539701359814,0.3183021119817342
7078,0.7423,22,49,22,566248,39362,89576,18380,0.364611508392308,0.3183124935055939
7079,0.7424,16,17,16,566265,39345,89592,18364,0.3644540368298196,0.31821726247205806
7080,0.7425,10,43,10,566308,39302,89602,18354,0.36405572640705475,0.3183363396697655
7081,0.7426,1,19,1,566327,39283,89603,18353,0.3638797287783912,0.3184294538135887
7082,0.7427,21,43,21,566370,39240,89624,18332,0.36348141835562636,0.31841867574515387
7083,0.7428,14,41,14,566411,39199,89638,18318,0.36310163399903667,0.31847975381191646
7084,0.7429,8,38,8,566449,39161,89646,18310,0.36274963874170957,0.3185954655391415
7085,0.743,9,20,9,566469,39141,89655,18301,0.3625643780799585,0.3185996309320706
7086,0.7431,16,23,16,566492,39118,89671,18285,0.36235132831894473,0.31853735867463373
7087,0.7432,9,29,9,566521,39089,89680,18276,0.3620827003594057,0.3185914756384555
7088,0.7433,36,123,36,566644,38966,89716,18240,0.3609433472896365,0.3188476733209803
7089,0.7434,6,19,6,566663,38947,89722,18234,0.360767349660973,0.3188821461674332
7090,0.7435,1,7,1,566670,38940,89723,18233,0.36070250842936014,0.31890927535724906
7091,0.7436,3,18,3,566688,38922,89726,18230,0.36053577383378416,0.3189739641657335
7092,0.7437,10,31,10,566719,38891,89736,18220,0.36024861980806994,0.3190278580308522
7093,0.7438,8,18,8,566737,38873,89744,18212,0.36008188521249396,0.31903302093369534
7094,0.7439,11,37,11,566774,38836,89755,18201,0.3597391529882545,0.31910864877184986
7095,0.744,8,21,8,566795,38815,89763,18193,0.35954462929341585,0.31913064833005894
7096,0.7441,9,45,9,566840,38770,89772,18184,0.3591277928044759,0.3192752045510412
7097,0.7442,6,26,6,566866,38744,89778,18178,0.3588869539441995,0.3193492849864727
7098,0.7443,10,24,10,566890,38720,89788,18168,0.35866464115009816,0.3193643650682042
7099,0.7444,15,59,15,566949,38661,89803,18153,0.3581181221979325,0.3195163164008871
7100,0.7445,2,10,2,566959,38651,89805,18151,0.35802549186705696,0.31954860744339986
7101,0.7446,14,25,14,566984,38626,89819,18137,0.3577939160398681,0.3195215192995437
7102,0.7447,5,18,5,567002,38608,89824,18132,0.3576271814442921,0.31956291857596053
7103,0.7448,7,45,7,567047,38563,89831,18125,0.3572103449553522,0.3197325712672876
7104,0.7449,13,33,13,567080,38530,89844,18112,0.3569046648634629,0.3197627202429293
7105,0.745,21,52,21,567132,38478,89865,18091,0.3564229871429101,0.31980413300570987
7106,0.7451,12,26,12,567158,38452,89877,18079,0.35618214828263367,0.3198068316498912
7107,0.7452,12,34,12,567192,38418,89889,18067,0.3558672051576568,0.31985482871558824
7108,0.7453,14,35,14,567227,38383,89903,18053,0.3555429989995924,0.31988447090509603
7109,0.7454,15,38,15,567265,38345,89918,18038,0.35519100374226537,0.31991912455882093
7110,0.7455,8,34,8,567299,38311,89926,18030,0.35487606061728855,0.32001561917608845
7111,0.7456,27,39,27,567338,38272,89953,18003,0.35451480232687393,0.31991115059973346
7112,0.7457,22,36,22,567374,38236,89975,17981,0.354181333135722,0.3198498674778092
7113,0.7458,8,22,8,567396,38214,89983,17973,0.3539775464077958,0.3198782636552939
7114,0.7459,13,21,13,567417,38193,89996,17960,0.35378302271295714,0.31984043595177464
7115,0.746,12,29,12,567446,38164,90008,17948,0.35351439475341806,0.3198602794411178
7116,0.7461,26,57,26,567503,38107,90034,17922,0.35298640186742747,0.31987006728658374
7117,0.7462,16,36,16,567539,38071,90050,17906,0.3526529326762755,0.3198813798524394
7118,0.7463,4,21,4,567560,38050,90054,17902,0.3524584089814369,0.3199528167000286
7119,0.7464,16,33,16,567593,38017,90070,17886,0.3521527288895476,0.31994705114215694
7120,0.7465,10,22,10,567615,37995,90080,17876,0.3519489421616214,0.3199513164253369
7121,0.7466,8,27,8,567642,37968,90088,17868,0.35169884026825743,0.3200085966043413
7122,0.7467,52,162,52,567804,37806,90140,17816,0.35019822890807367,0.32030491532127575
7123,0.7468,20,53,20,567857,37753,90160,17796,0.3497072881544333,0.3203658031647734
7124,0.7469,24,59,24,567916,37694,90184,17772,0.3491607692022676,0.3204125049579923
7125,0.747,14,41,14,567957,37653,90198,17758,0.3487809848456779,0.32047788345274403
7126,0.7471,5,25,5,567982,37628,90203,17753,0.348549409018489,0.32056120330077104
7127,0.7472,6,27,6,568009,37601,90209,17747,0.348299307125125,0.32064392570643924
7128,0.7473,4,9,4,568018,37592,90213,17743,0.34821593982733706,0.3206469684648053
7129,0.7474,12,28,12,568046,37564,90225,17731,0.34795657490088555,0.32066190433131386
7130,0.7475,14,35,14,568081,37529,90239,17717,0.34763236874282116,0.3206929008435
7131,0.7476,9,25,9,568106,37504,90248,17708,0.3474007929156323,0.32072737810620877
7132,0.7477,10,28,10,568134,37476,90258,17698,0.3471414279891808,0.3207670279479465
7133,0.7478,7,24,7,568158,37452,90265,17691,0.34691911519507945,0.3208204123823513
7134,0.7479,29,45,29,568203,37407,90294,17662,0.34650227870613953,0.32072490875083987
7135,0.748,14,41,14,568244,37366,90308,17648,0.34612249434954984,0.32079107136365287
7136,0.7481,15,35,15,568279,37331,90323,17633,0.3457982881914854,0.32080998471726946
7137,0.7482,21,45,21,568324,37286,90344,17612,0.34538145170254547,0.32081314437684433
7138,0.7483,21,75,21,568399,37211,90365,17591,0.3446867242209789,0.32099193460092695
7139,0.7484,12,29,12,568428,37182,90377,17579,0.3444180962614398,0.32101312978214425
7140,0.7485,6,24,6,568452,37158,90383,17573,0.34419578346733853,0.32107946136558807
7141,0.7486,5,12,5,568464,37146,90388,17568,0.3440846270702879,0.32108783857879153
7142,0.7487,6,18,6,568482,37128,90394,17562,0.34391789247471194,0.32111903455842017
7143,0.7488,26,52,26,568534,37076,90420,17536,0.3434362147541591,0.3211015893942723
7144,0.7489,8,22,8,568556,37054,90428,17528,0.3432324280262329,0.3211315085559342
7145,0.749,21,51,21,568607,37003,90449,17507,0.34276001333876766,0.3211704274445056
7146,0.7491,13,28,13,568635,36975,90462,17494,0.34250064841231614,0.32117351153867335
7147,0.7492,2,14,2,568649,36961,90464,17492,0.3423709659490904,0.32123115347180137
7148,0.7493,11,24,11,568673,36937,90475,17481,0.34214865315498905,0.3212356205667242
7149,0.7494,9,15,9,568688,36922,90484,17472,0.3420097076586758,0.3212118983711439
7150,0.7495,10,26,10,568714,36896,90494,17462,0.34176886879839935,0.3212406637477464
7151,0.7496,12,29,12,568743,36867,90506,17450,0.34150024083886027,0.32126221993114495
7152,0.7497,13,44,13,568787,36823,90519,17437,0.3410926673830079,0.3213601179506082
7153,0.7498,11,45,11,568832,36778,90530,17426,0.34067583089406794,0.32148918898974244
7154,0.7499,9,16,9,568848,36762,90539,17417,0.3405276223646671,0.3214714188154082
7155,0.75,225,636,225,569484,36126,90764,17192,0.33463633332098264,0.32244270227690464
7156,0.7501,22,47,22,569531,36079,90786,17170,0.3342009707658676,0.3224473699036602
7157,0.7502,1,7,1,569538,36072,90787,17169,0.3341361295342547,0.3224770383726827
7158,0.7503,15,44,15,569582,36028,90802,17154,0.3337285560784023,0.32255274340942425
7159,0.7504,21,46,21,569628,35982,90823,17133,0.3333024565563748,0.3225642473877436
7160,0.7505,20,61,20,569689,35921,90843,17113,0.332737411538034,0.3226797903231889
7161,0.7506,21,36,21,569725,35885,90864,17092,0.3324039423468821,0.32263057553277835
7162,0.7507,6,31,6,569756,35854,90870,17086,0.33211678832116787,0.32274272761616923
7163,0.7508,9,23,9,569779,35831,90879,17077,0.33190373856015415,0.3227678233915476
7164,0.7509,6,9,6,569788,35822,90885,17071,0.33182037126236613,0.3227459210103416
7165,0.751,11,28,11,569816,35794,90896,17060,0.3315610063359146,0.32277594884020133
7166,0.7511,11,33,11,569849,35761,90907,17049,0.3312553262440253,0.32283658398030673
7167,0.7512,2,6,2,569855,35755,90909,17047,0.3311997480455,0.32284761940835577
7168,0.7513,7,36,7,569891,35719,90916,17040,0.33086627885434805,0.3229780700923065
7169,0.7514,9,30,9,569921,35689,90925,17031,0.33058838786172146,0.323046282245827
7170,0.7515,11,44,11,569965,35645,90936,17020,0.33018081440586905,0.32317478401215227
7171,0.7516,11,13,11,569978,35632,90947,17009,0.33006039497573086,0.32311316274386886
7172,0.7517,20,84,20,570062,35548,90967,16989,0.3292823001963763,0.3233720996630946
7173,0.7518,5,20,5,570082,35528,90972,16984,0.3290970395346252,0.32343083485679464
7174,0.7519,18,41,18,570123,35487,90990,16966,0.3287172551780355,0.323451470840562
7175,0.752,6,16,6,570139,35471,90996,16960,0.3285690466486346,0.3234727546680399
7176,0.7521,5,15,5,570154,35456,91001,16955,0.3284301011523213,0.3235007918185114
7177,0.7522,10,22,10,570176,35434,91011,16945,0.32822631442439515,0.32350751255274063
7178,0.7523,14,49,14,570225,35385,91025,16931,0.32777242580310495,0.3236294823763285
7179,0.7524,23,57,23,570282,35328,91048,16908,0.32724443291711436,0.32368481507006663
7180,0.7525,5,13,5,570295,35315,91053,16903,0.3271240134869762,0.32370063962618256
7181,0.7526,8,14,8,570309,35301,91061,16895,0.3269943310237504,0.3236838071882903
7182,0.7527,8,26,8,570335,35275,91069,16887,0.326753492163474,0.32374142095778535
7183,0.7528,16,41,16,570376,35234,91085,16871,0.3263737078068843,0.3237885039823433
7184,0.7529,20,26,20,570402,35208,91105,16851,0.32613286894660787,0.3236904281680401
7185,0.753,3,15,3,570417,35193,91108,16848,0.32599392345029454,0.323744739724448
7186,0.7531,13,42,13,570459,35151,91121,16835,0.3256048760606173,0.323837186934944
7187,0.7532,5,8,5,570467,35143,91126,16830,0.32553077179591683,0.32382198449194777
7188,0.7533,18,90,18,570557,35053,91144,16812,0.324697098818037,0.32414923358719755
7189,0.7534,14,40,14,570597,35013,91158,16798,0.3243265774945348,0.3242168651444674
7190,0.7535,9,25,9,570622,34988,91167,16789,0.32409500166734595,0.32425594375881184
7191,0.7536,14,50,14,570672,34938,91181,16775,0.32363185001296824,0.3243865178968538
7192,0.7537,3,13,3,570685,34925,91184,16772,0.32351143058283005,0.32442888368764145
7193,0.7538,21,40,21,570725,34885,91205,16751,0.32314090925932787,0.3244054535595321
7194,0.7539,5,10,5,570735,34875,91210,16746,0.32304827892845234,0.3244028593014471
7195,0.754,3,18,3,570753,34857,91213,16743,0.32288154433287636,0.3244767441860465
7196,0.7541,4,12,4,570765,34845,91217,16739,0.3227703879358257,0.32449984491315137
7197,0.7542,20,66,20,570831,34779,91237,16719,0.32215902775204713,0.32465338459746007
7198,0.7543,4,16,4,570847,34763,91241,16715,0.32201081922264624,0.32470181436730255
7199,0.7544,6,12,6,570859,34751,91247,16709,0.3218996628255956,0.32469879518072287
7200,0.7545,6,15,6,570874,34736,91253,16703,0.3217607173292823,0.3247147106281226
7201,0.7546,2,5,2,570879,34731,91255,16701,0.3217144021638445,0.3247200186654223
7202,0.7547,17,48,17,570927,34683,91272,16684,0.32126977657564193,0.32479996885159734
7203,0.7548,16,46,16,570973,34637,91288,16668,0.32084367705361444,0.32488061592437384
7204,0.7549,13,30,13,571003,34607,91301,16655,0.3205657860609878,0.3248995357184659
7205,0.755,37,87,37,571090,34520,91338,16618,0.3197599021823706,0.32496382337987406
7206,0.7551,9,16,9,571106,34504,91347,16609,0.3196116936529697,0.32494668675288085
7207,0.7552,4,18,4,571124,34486,91351,16605,0.31944495905739373,0.3250083184905365
7208,0.7553,7,23,7,571147,34463,91358,16598,0.31923190929638,0.325062180529171
7209,0.7554,23,57,23,571204,34406,91381,16575,0.3187039164103894,0.3251211235558345
7210,0.7555,8,19,8,571223,34387,91389,16567,0.31852791878172587,0.3251363975350316
7211,0.7556,14,39,14,571262,34348,91403,16553,0.31816666049131126,0.32519989784090686
7212,0.7557,10,28,10,571290,34320,91413,16543,0.31790729556485975,0.325246249729666
7213,0.7558,8,33,8,571323,34287,91421,16535,0.31760161547297044,0.3253512258470741
7214,0.7559,1,2,1,571325,34285,91422,16534,0.31758308940679536,0.325350754639013
7215,0.756,14,38,14,571363,34247,91436,16520,0.3172310941494683,0.32540823763468396
7216,0.7561,8,44,8,571407,34203,91444,16512,0.3168235206936159,0.3255841467021591
7217,0.7562,20,27,20,571434,34176,91464,16492,0.31657341880025197,0.3254914344359359
7218,0.7563,7,29,7,571463,34147,91471,16485,0.3163047908407129,0.3255846105229894
7219,0.7564,35,60,35,571523,34087,91506,16450,0.31574900885545965,0.32550408611512355
7220,0.7565,11,22,11,571545,34065,91517,16439,0.31554522212753344,0.3254989703785839
7221,0.7566,15,29,15,571574,34036,91532,16424,0.31527659416799436,0.3254855330955212
7222,0.7567,37,77,37,571651,33959,91569,16387,0.3145633406202527,0.325487625630636
7223,0.7568,11,23,11,571674,33936,91580,16376,0.31435029085923893,0.32548894895849895
7224,0.7569,1,10,1,571684,33926,91581,16375,0.3142576605283634,0.3255402477087931
7225,0.757,8,29,8,571713,33897,91589,16367,0.3139890325688243,0.3256207225847525
7226,0.7571,17,38,17,571751,33859,91606,16350,0.3136370373114973,0.3256388296918879
7227,0.7572,11,27,11,571778,33832,91617,16339,0.31338693541813334,0.32566622152239344
7228,0.7573,12,29,12,571807,33803,91629,16327,0.31311830745859426,0.32569319768601634
7229,0.7574,12,37,12,571844,33766,91641,16315,0.31277557523435473,0.32577224895669016
7230,0.7575,10,33,10,571877,33733,91651,16305,0.3124698951424654,0.3258523522123186
7231,0.7576,5,16,5,571893,33717,91656,16300,0.3123216866130646,0.32588919767279123
7232,0.7577,7,16,7,571909,33701,91663,16293,0.3121734780836637,0.3258991078929471
7233,0.7578,7,14,7,571923,33687,91670,16286,0.31204379562043794,0.3258959838312689
7234,0.7579,18,32,18,571955,33655,91688,16268,0.3117473785616362,0.32586182721390944
7235,0.758,2,3,2,571958,33652,91690,16266,0.31171958946237355,0.3258544012179975
7236,0.7581,9,22,9,571980,33630,91699,16257,0.31151580273444734,0.32587648084671356
7237,0.7582,8,25,8,572005,33605,91707,16249,0.3112842269072585,0.3259317206242227
7238,0.7583,63,175,63,572180,33430,91770,16186,0.30966319611693655,0.32622541115769105
7239,0.7584,6,6,6,572186,33424,91776,16180,0.3096076179184112,0.32618337230868477
7240,0.7585,7,13,7,572199,33411,91783,16173,0.309487198488273,0.3261737657308809
7241,0.7586,14,43,14,572242,33368,91797,16159,0.30908888806550816,0.32626648090940297
7242,0.7587,16,43,16,572285,33325,91813,16143,0.3086905776427433,0.32633217433492356
7243,0.7588,1,12,1,572297,33313,91814,16142,0.3085794212456927,0.32639773531493277
7244,0.7589,8,24,8,572321,33289,91822,16134,0.30835710845159137,0.3264472006960322
7245,0.759,14,41,14,572362,33248,91836,16120,0.30797732409500167,0.3265273051369308
7246,0.7591,2,16,2,572378,33232,91838,16118,0.3078291155656008,0.32660587639311045
7247,0.7592,24,60,24,572438,33172,91862,16094,0.30727333358034753,0.326675597775342
7248,0.7593,5,31,5,572469,33141,91867,16089,0.30698617955463336,0.3268129189518586
7249,0.7594,10,18,10,572487,33123,91877,16079,0.3068194449590574,0.32679565871306043
7250,0.7595,10,26,10,572513,33097,91887,16069,0.30657860609878096,0.32683155025830857
7251,0.7596,5,33,5,572546,33064,91892,16064,0.3062729260068917,0.3269825761276665
7252,0.7597,8,21,8,572567,33043,91900,16056,0.3060784023120531,0.32701277011751767
7253,0.7598,11,33,11,572600,33010,91911,16045,0.3057727222201638,0.32708184690653347
7254,0.7599,20,70,20,572670,32940,91931,16025,0.305124309904035,0.3272745838864495
7255,0.76,58,142,58,572812,32798,91989,15967,0.3038089592056023,0.3274274582179842
7256,0.7601,12,37,12,572849,32761,92001,15955,0.3034662269813628,0.3275104688398062
7257,0.7602,14,52,14,572901,32709,92015,15941,0.30298454926081,0.32766700924974307
7258,0.7603,15,41,15,572942,32668,92030,15926,0.3026047649042202,0.3277359344775075
7259,0.7604,19,42,19,572984,32626,92049,15907,0.30221571751454296,0.3277563719531041
7260,0.7605,2,9,2,572993,32617,92051,15905,0.302132350216755,0.32778945632908785
7261,0.7606,11,40,11,573033,32577,92062,15894,0.3017618288932528,0.3279074085535681
7262,0.7607,17,33,17,573066,32544,92079,15877,0.3014561488013635,0.3278949216249148
7263,0.7608,10,49,10,573115,32495,92089,15867,0.30100226018007337,0.3280881683966751
7264,0.7609,15,41,15,573156,32454,92104,15852,0.3006224758234836,0.32815799279592595
7265,0.761,6,23,6,573179,32431,92110,15846,0.3004094260624699,0.3282308345588997
7266,0.7611,17,47,17,573226,32384,92127,15829,0.29997406350735484,0.32831394022359117
7267,0.7612,8,17,8,573243,32367,92135,15821,0.29981659194486643,0.3283182535070972
7268,0.7613,5,9,5,573252,32358,92140,15816,0.29973322464707847,0.3283098766969735
7269,0.7614,6,19,6,573271,32339,92146,15810,0.2995572270184149,0.32835572909094685
7270,0.7615,22,39,22,573310,32300,92168,15788,0.2991959687280003,0.32831475628015305
7271,0.7616,17,46,17,573356,32254,92185,15771,0.2987698692059728,0.3283914627798022
7272,0.7617,17,42,17,573398,32212,92202,15754,0.29838082181629555,0.32844097902681063
7273,0.7618,13,42,13,573440,32170,92215,15741,0.29799177442661823,0.32854668030306194
7274,0.7619,13,46,13,573486,32124,92228,15728,0.29756567490459074,0.32868009696564404
7275,0.762,5,19,5,573505,32105,92233,15723,0.29738967727592724,0.3287404867441666
7276,0.7621,28,66,28,573571,32039,92261,15695,0.29677831709214864,0.3288012737252273
7277,0.7622,5,13,5,573584,32026,92266,15690,0.29665789766201045,0.32882052141839213
7278,0.7623,15,26,15,573610,32000,92281,15675,0.296417058801734,0.3287886733088621
7279,0.7624,22,50,22,573660,31950,92303,15653,0.2959539071473563,0.3288238136251917
7280,0.7625,23,43,23,573703,31907,92326,15630,0.2955555967245915,0.3287965163977533
7281,0.7626,14,32,14,573735,31875,92340,15616,0.29525917966578974,0.32882019751110736
7282,0.7627,15,40,15,573775,31835,92355,15601,0.2948886583422876,0.32888523484273546
7283,0.7628,6,20,6,573795,31815,92361,15595,0.2947033976805365,0.328939042396119
7284,0.7629,5,10,5,573805,31805,92366,15590,0.29461076734966096,0.328937651651018
7285,0.763,13,40,13,573845,31765,92379,15577,0.2942402460261588,0.32903130412741327
7286,0.7631,16,37,16,573882,31728,92395,15561,0.2938975138019193,0.32906172682864937
7287,0.7632,13,27,13,573909,31701,92408,15548,0.2936474119085553,0.32906516540032593
7288,0.7633,36,95,36,574004,31606,92444,15512,0.2927674237652377,0.32921601086633556
7289,0.7634,18,46,18,574050,31560,92462,15494,0.2923413242432102,0.32928125132826114
7290,0.7635,11,29,11,574079,31531,92473,15483,0.2920726962836711,0.3293274343812481
7291,0.7636,5,20,5,574099,31511,92478,15478,0.29188743562192004,0.32939624167358317
7292,0.7637,8,13,8,574112,31498,92486,15470,0.29176701619178186,0.3293731902571964
7293,0.7638,16,35,16,574147,31463,92502,15454,0.2914428100337174,0.32939019971438926
7294,0.7639,9,37,9,574184,31426,92511,15445,0.29110007780947794,0.32952145249727977
7295,0.764,13,32,13,574216,31394,92524,15432,0.2908036607506762,0.32956050057660274
7296,0.7641,4,22,4,574238,31372,92528,15428,0.29059987402275,0.32965811965811964
7297,0.7642,12,53,12,574291,31319,92540,15416,0.29010893326910964,0.32985984807959773
7298,0.7643,2,2,2,574293,31317,92542,15414,0.29009040720293455,0.32984528471464336
7299,0.7644,15,46,15,574339,31271,92557,15399,0.28966430768090706,0.32995500321405613
7300,0.7645,9,28,9,574367,31243,92566,15390,0.2894049427544555,0.330023802886368
7301,0.7646,6,29,6,574396,31214,92572,15384,0.28913631479491647,0.33014292458903816
7302,0.7647,6,9,6,574405,31205,92578,15378,0.28905294749712845,0.3301204301998583
7303,0.7648,14,31,14,574436,31174,92592,15364,0.2887657934714143,0.3301388112939963
7304,0.7649,18,27,18,574463,31147,92610,15346,0.2885156915780503,0.33007119351300196
7305,0.765,28,89,28,574552,31058,92638,15318,0.28769128163325797,0.33030015525271694
7306,0.7651,3,4,3,574556,31054,92641,15315,0.2876542295009078,0.3302853199335763
7307,0.7652,1,4,1,574560,31050,92642,15314,0.2876171773685576,0.330299370201018
7308,0.7653,6,13,6,574573,31037,92648,15308,0.28749675793841933,0.33030531880461755
7309,0.7654,11,40,11,574613,30997,92659,15297,0.2871262366149172,0.3304315894068346
7310,0.7655,17,44,17,574657,30953,92676,15280,0.2867186631590648,0.3304998594077823
7311,0.7656,12,38,12,574695,30915,92688,15268,0.28636666790173776,0.33059783903167833
7312,0.7657,10,38,10,574733,30877,92698,15258,0.28601467264441066,0.3307250460604747
7313,0.7658,5,14,5,574747,30863,92703,15253,0.2858849901811849,0.33075288403157255
7314,0.7659,8,34,8,574781,30829,92711,15245,0.2855700470562081,0.3308807570430178
7315,0.766,10,23,10,574804,30806,92721,15235,0.2853569972951943,0.3309007189244369
7316,0.7661,8,18,8,574822,30788,92729,15227,0.28519026269961834,0.3309138324459415
7317,0.7662,16,33,16,574855,30755,92745,15211,0.2848845826077291,0.3309185049819432
7318,0.7663,24,85,24,574940,30670,92769,15187,0.284097224795287,0.3311817170770002
7319,0.7664,10,20,10,574960,30650,92779,15177,0.28391196413353587,0.33118030855172714
7320,0.7665,15,39,15,574999,30611,92794,15162,0.28355070584312125,0.3312433093745221
7321,0.7666,10,19,10,575018,30592,92804,15152,0.28337470821445776,0.3312346974466597
7322,0.7667,159,412,159,575430,30180,92963,14993,0.27955833858238543,0.33190179974763684
7323,0.7668,8,20,8,575450,30160,92971,14985,0.2793730779206343,0.33193044633957247
7324,0.7669,1,10,1,575460,30150,92972,14984,0.2792804475897588,0.3319891877520273
7325,0.767,1,16,1,575476,30134,92973,14983,0.27913223906035795,0.3320921160538156
7326,0.7671,12,40,12,575516,30094,92985,14971,0.27876171773685576,0.3322090313990902
7327,0.7672,5,25,5,575541,30069,92990,14966,0.2785301419096669,0.33231930720550684
7328,0.7673,7,22,7,575563,30047,92997,14959,0.2783263551817407,0.3323779051681998
7329,0.7674,8,25,8,575588,30022,93005,14951,0.27809477935455185,0.332443910790919
7330,0.7675,15,36,15,575624,29986,93020,14936,0.2777613101633999,0.3324874226436935
7331,0.7676,16,33,16,575657,29953,93036,14920,0.27745563007151064,0.33249392730595234
7332,0.7677,21,47,21,575704,29906,93057,14899,0.2770202675163956,0.33252985157906484
7333,0.7678,7,25,7,575729,29881,93064,14892,0.2767886916892067,0.3326111719116432
7334,0.7679,15,45,15,575774,29836,93079,14877,0.2763718552002668,0.33272202715094046
7335,0.768,1,15,1,575789,29821,93080,14876,0.2762329097039535,0.3328187574110119
7336,0.7681,16,22,16,575811,29799,93096,14860,0.2760291229760273,0.33274367988535347
7337,0.7682,10,15,10,575826,29784,93106,14850,0.27589017747971395,0.33270600887216023
7338,0.7683,22,57,22,575883,29727,93128,14828,0.27536218459372336,0.3328021546403322
7339,0.7684,5,7,5,575890,29720,93133,14823,0.2752973433621105,0.33277956132276676
7340,0.7685,22,53,22,575943,29667,93155,14801,0.2748064026084701,0.3328460915714671
7341,0.7686,3,8,3,575951,29659,93158,14798,0.27473229834376967,0.33286096677688554
7342,0.7687,6,15,6,575966,29644,93164,14792,0.2745933528474564,0.3328832478170852
7343,0.7688,13,41,13,576007,29603,93177,14779,0.27421356849086664,0.3329953584786625
7344,0.7689,11,19,11,576026,29584,93188,14768,0.2740375708622031,0.332972582972583
7345,0.769,13,39,13,576065,29545,93201,14755,0.2736763125717885,0.3330699774266366
7346,0.7691,12,41,12,576106,29504,93213,14743,0.2732965282151988,0.33319773091961036
7347,0.7692,8,15,8,576121,29489,93221,14735,0.27315758271888546,0.33319012301013023
7348,0.7693,3,35,3,576156,29454,93224,14732,0.2728333765608211,0.3334087720092337
7349,0.7694,18,34,18,576190,29420,93242,14714,0.27251843343584425,0.33339375538133864
7350,0.7695,10,30,10,576220,29390,93252,14704,0.2722405424432176,0.3334694062684265
7351,0.7696,24,30,24,576250,29360,93276,14680,0.271962651450591,0.3333333333333333
7352,0.7697,12,28,12,576278,29332,93288,14668,0.27170328652413944,0.33336363636363636
7353,0.7698,4,17,4,576295,29315,93292,14664,0.27154581496165103,0.3334318652083949
7354,0.7699,9,24,9,576319,29291,93301,14655,0.27132350216754975,0.33347744959723297
7355,0.77,24,65,24,576384,29226,93325,14631,0.2707214050168587,0.3336069498597715
7356,0.7701,18,29,18,576413,29197,93343,14613,0.2704527770573196,0.33355398310887924
7357,0.7702,6,12,6,576425,29185,93349,14607,0.270341620660269,0.33355407380343444
7358,0.7703,6,11,6,576436,29174,93355,14601,0.2702397272963059,0.33354654483152485
7359,0.7704,5,18,5,576454,29156,93360,14596,0.27007299270072993,0.33360760650941673
7360,0.7705,13,51,13,576505,29105,93373,14583,0.26960057801326465,0.3337987548068119
7361,0.7706,3,1,3,576506,29104,93376,14580,0.26959131498017713,0.3337606446296127
7362,0.7707,25,59,25,576565,29045,93401,14555,0.2690447960280114,0.3338302752293578
7363,0.7708,19,59,19,576624,28986,93420,14536,0.2684982770758457,0.3339920040439318
7364,0.7709,7,20,7,576644,28966,93427,14529,0.2683130164140946,0.3340383952178411
7365,0.771,3,10,3,576654,28956,93430,14526,0.2682203860832191,0.3340692700427763
7366,0.7711,5,17,5,576671,28939,93435,14521,0.26806291452073067,0.3341233317993557
7367,0.7712,7,19,7,576690,28920,93442,14514,0.2678869168920671,0.33416217709628404
7368,0.7713,9,28,9,576718,28892,93451,14505,0.2676275519656156,0.3342396939880637
7369,0.7714,11,33,11,576751,28859,93462,14494,0.26732187187372636,0.33432519087491064
7370,0.7715,1,2,1,576753,28857,93463,14493,0.2673033458075512,0.33432525951557096
7371,0.7716,4,7,4,576760,28850,93467,14489,0.26723850457593834,0.3343178199773876
7372,0.7717,46,93,46,576853,28757,93513,14443,0.2663770424987958,0.3343287037037037
7373,0.7718,13,35,13,576888,28722,93526,14430,0.2660528363407314,0.3343993325917686
7374,0.7719,3,15,3,576903,28707,93529,14427,0.2659138908444181,0.33446932814021424
7375,0.772,7,24,7,576927,28683,93536,14420,0.2656915780503168,0.33454747929378464
7376,0.7721,16,23,16,576950,28660,93552,14404,0.2654785282893031,0.33447891510310235
7377,0.7722,4,27,4,576977,28633,93556,14400,0.2652284263959391,0.33462691422861524
7378,0.7723,10,14,10,576991,28619,93566,14390,0.2650987439327133,0.3345811341812179
7379,0.7724,10,29,10,577020,28590,93576,14380,0.26483011597317424,0.33465208284849896
7380,0.7725,8,25,8,577045,28565,93584,14372,0.2645985401459854,0.33472296620630226
7381,0.7726,4,7,4,577052,28558,93588,14368,0.2645336989143725,0.3347155570050785
7382,0.7727,10,21,10,577073,28537,93598,14358,0.2643391752195339,0.3347243268446206
7383,0.7728,4,26,4,577099,28511,93602,14354,0.2640983363592575,0.3348652746996384
7384,0.7729,14,47,14,577146,28464,93616,14340,0.26366297380414244,0.33501541911970845
7385,0.773,6,7,6,577153,28457,93622,14334,0.26359813257252956,0.33497698114089414
7386,0.7731,39,90,39,577243,28367,93661,14295,0.26276445959464967,0.335075711405935
7387,0.7732,26,31,26,577274,28336,93687,14269,0.2624773055689355,0.33491374251848377
7388,0.7733,44,100,44,577374,28236,93731,14225,0.2615510022601801,0.33501330632815995
7389,0.7734,8,20,8,577394,28216,93739,14217,0.261365741598429,0.3350458369665119
7390,0.7735,16,49,16,577443,28167,93755,14201,0.2609118529771388,0.33518221299093653
7391,0.7736,11,30,11,577473,28137,93766,14190,0.2606339619845122,0.3352470054575094
7392,0.7737,16,44,16,577517,28093,93782,14174,0.2602263885286598,0.3353443584829773
7393,0.7738,21,55,21,577572,28038,93803,14153,0.25971692170884436,0.33545068853546967
7394,0.7739,8,30,8,577602,28008,93811,14145,0.2594390307162177,0.33556330510283966
7395,0.774,8,19,8,577621,27989,93819,14137,0.25926303308755416,0.3355884726772065
7396,0.7741,13,38,13,577659,27951,93832,14124,0.2589110378302271,0.33568627450980393
7397,0.7742,27,34,27,577693,27917,93859,14097,0.2585960947052503,0.3355310134716999
7398,0.7743,2,9,2,577702,27908,93861,14095,0.2585127274074623,0.33557126871890103
7399,0.7744,2,6,2,577708,27902,93863,14093,0.258457149208937,0.33558756994880345
7400,0.7745,14,31,14,577739,27871,93877,14079,0.2581699951832228,0.33561382598331346
7401,0.7746,17,25,17,577764,27846,93894,14062,0.25793841935603395,0.335544526104801
7402,0.7747,2,4,2,577768,27842,93896,14060,0.25790136722368373,0.33554484272827073
7403,0.7748,6,20,6,577788,27822,93902,14054,0.2577161065619326,0.3356098958830834
7404,0.7749,8,21,8,577809,27801,93910,14046,0.257521582867094,0.3356513011685425
7405,0.775,124,303,124,578112,27498,94034,13922,0.2547148838415651,0.3361178174794785
7406,0.7751,7,27,7,578139,27471,94041,13915,0.2544647819482011,0.3362248103223312
7407,0.7752,17,55,17,578194,27416,94058,13898,0.25395531512838565,0.3363992835358474
7408,0.7753,5,11,5,578205,27405,94063,13893,0.25385342176442255,0.3364085427865756
7409,0.7754,1,2,1,578207,27403,94064,13892,0.2538348956982474,0.33640876619445453
7410,0.7755,11,24,11,578231,27379,94075,13881,0.2536125829041461,0.3364275327193408
7411,0.7756,14,45,14,578276,27334,94089,13867,0.2531957464152062,0.3365695007402733
7412,0.7757,3,17,3,578293,27317,94092,13864,0.2530382748527178,0.3366601102450159
7413,0.7758,3,7,3,578300,27310,94095,13861,0.2529734336211049,0.3366690145976537
7414,0.7759,11,34,11,578334,27276,94106,13850,0.25265849049612804,0.33676992656713517
7415,0.776,18,25,18,578359,27251,94124,13832,0.2524269146689392,0.3366842733003919
7416,0.7761,11,19,11,578378,27232,94135,13821,0.2522509170402757,0.3366623632864833
7417,0.7762,7,20,7,578398,27212,94142,13814,0.25206565637852457,0.3367133037585921
7418,0.7763,11,23,11,578421,27189,94153,13803,0.25185260661751085,0.3367242388758782
7419,0.7764,18,23,18,578444,27166,94171,13785,0.2516395568564971,0.33662181631706184
7420,0.7765,7,7,7,578451,27159,94178,13778,0.2515747156248842,0.33656594279014096
7421,0.7766,9,25,9,578476,27134,94187,13769,0.25134313979769535,0.3366256753783341
7422,0.7767,35,99,35,578575,27035,94222,13734,0.2504260995220275,0.3368736049449336
7423,0.7768,3,9,3,578584,27026,94225,13731,0.25034273222423953,0.33689918296243593
7424,0.7769,5,12,5,578596,27014,94230,13726,0.25023157582718886,0.3369170348551792
7425,0.777,16,28,16,578624,26986,94246,13710,0.24997221090073735,0.3368881462551602
7426,0.7771,10,20,10,578644,26966,94256,13700,0.24978695023898626,0.3368907687011263
7427,0.7772,15,31,15,578675,26935,94271,13685,0.24949979621327206,0.33690300344657803
7428,0.7773,6,10,6,578685,26925,94277,13679,0.24940716588239653,0.33688799133090336
7429,0.7774,12,18,12,578703,26907,94289,13667,0.24924043128682055,0.33684132695815056
7430,0.7775,17,33,17,578736,26874,94306,13650,0.24893475119493128,0.33683742967130587
7431,0.7776,5,13,5,578749,26861,94311,13645,0.24881433176479306,0.33686367451735544
7432,0.7777,17,43,17,578792,26818,94328,13628,0.24841602134202823,0.336943084606636
7433,0.7778,6,22,6,578814,26796,94334,13622,0.24821223461410205,0.3370280568063734
7434,0.7779,10,20,10,578834,26776,94344,13612,0.24802697395235096,0.33703080122808754
7435,0.778,13,26,13,578860,26750,94357,13599,0.24778613509207456,0.33703437507744927
7436,0.7781,17,32,17,578892,26718,94374,13582,0.24748971803327283,0.33702233250620345
7437,0.7782,13,23,13,578915,26695,94387,13569,0.24727666827225908,0.3370007947546195
7438,0.7783,10,50,10,578965,26645,94397,13559,0.24681351661788137,0.33725499950253707
7439,0.7784,4,20,4,578985,26625,94401,13555,0.24662825595613028,0.33735689397710306
7440,0.7785,7,14,7,578999,26611,94408,13548,0.24649857349290452,0.3373589979830175
7441,0.7786,10,38,10,579037,26573,94418,13538,0.24614657823557745,0.3375134003141283
7442,0.7787,6,10,6,579047,26563,94424,13532,0.24605394790470192,0.3374984412021449
7443,0.7788,9,27,9,579074,26536,94433,13523,0.24580384601133795,0.33757707381612123
7444,0.7789,9,16,9,579090,26520,94442,13514,0.24565563748193708,0.33756307138931907
7445,0.779,4,12,4,579102,26508,94446,13510,0.24554448108488644,0.33759808086361137
7446,0.7791,9,19,9,579121,26489,94455,13501,0.24536848345622292,0.3376094023505877
7447,0.7792,21,40,21,579161,26449,94476,13480,0.24499796213272074,0.33759923864860125
7448,0.7793,0,1,0,579162,26448,94476,13480,0.2449886990996332,0.3376076938489281
7449,0.7794,10,23,10,579185,26425,94486,13470,0.24477564933861945,0.33763629527509714
7450,0.7795,6,20,6,579205,26405,94492,13464,0.24459038867686836,0.337705987107778
7451,0.7796,1,4,1,579209,26401,94493,13463,0.24455333654451814,0.33772325908087497
7452,0.7797,2,4,2,579213,26397,94495,13461,0.2445162844121679,0.3377239199157007
7453,0.7798,17,44,17,579257,26353,94512,13444,0.24410871095631553,0.33781440812121516
7454,0.7799,6,3,6,579260,26350,94518,13438,0.24408092185705288,0.33774002211722126
7455,0.78,58,177,58,579437,26173,94576,13380,0.24244136500055577,0.33828028215306044
7456,0.7801,1,9,1,579446,26164,94577,13379,0.2423579977027678,0.33834054067723746
7457,0.7802,11,15,11,579461,26149,94588,13368,0.24221905220645448,0.33828478882506263
7458,0.7803,5,27,5,579488,26122,94593,13363,0.24196895031309051,0.33843231606939345
7459,0.7804,3,3,3,579491,26119,94596,13360,0.24194116121382786,0.33840776108817344
7460,0.7805,11,44,11,579535,26075,94607,13349,0.24153358775797548,0.3386008522727273
7461,0.7806,11,34,11,579569,26041,94618,13338,0.24121864463299864,0.3387084486655324
7462,0.7807,8,26,8,579595,26015,94626,13330,0.2409778057727222,0.33879781420765026
7463,0.7808,15,35,15,579630,25980,94641,13315,0.24065359961465782,0.33884718157526406
7464,0.7809,2,12,2,579642,25968,94643,13313,0.24054244321760718,0.33891703368040527
7465,0.781,1,4,1,579646,25964,94644,13312,0.24050539108525695,0.338934718403096
7466,0.7811,1,4,1,579650,25960,94645,13311,0.24046833895290673,0.3389524076290392
7467,0.7812,12,13,12,579663,25947,94657,13299,0.24034791952276854,0.33886255924170616
7468,0.7813,8,7,8,579670,25940,94665,13291,0.24028307829115567,0.3387882032066478
7469,0.7814,20,25,20,579695,25915,94685,13271,0.2400515024639668,0.33866687082121166
7470,0.7815,15,24,15,579719,25891,94700,13256,0.2398291896698655,0.3386210948476256
7471,0.7816,7,24,7,579743,25867,94707,13249,0.2396068768757642,0.33871050209632886
7472,0.7817,14,38,14,579781,25829,94721,13235,0.23925488161843714,0.3388029899651853
7473,0.7818,22,29,22,579810,25800,94743,13213,0.23898625365889806,0.33868197780227105
7474,0.7819,4,15,4,579825,25785,94747,13209,0.23884730816258476,0.3387444222188029
7475,0.782,4,21,4,579846,25764,94751,13205,0.23865278446774613,0.3388590931253047
7476,0.7821,14,25,14,579871,25739,94765,13191,0.23842120864055727,0.3388389416902132
7477,0.7822,14,35,14,579906,25704,94779,13177,0.23809700248249288,0.33890589233816004
7478,0.7823,2,15,2,579921,25689,94781,13175,0.23795805698617956,0.3390026759983532
7479,0.7824,13,36,13,579957,25653,94794,13162,0.2376245877950276,0.3390957104212289
7480,0.7825,28,43,28,580000,25610,94822,13134,0.23722627737226276,0.338994424943217
7481,0.7826,12,20,12,580020,25590,94834,13122,0.2370410167105117,0.33896466212027276
7482,0.7827,7,6,7,580026,25584,94841,13115,0.23698543851198636,0.33889764593400346
7483,0.7828,7,5,7,580031,25579,94848,13108,0.2369391233465486,0.3388218264533306
7484,0.7829,5,10,5,580041,25569,94853,13103,0.23684649301567307,0.33882395531650805
7485,0.783,4,11,4,580052,25558,94857,13099,0.23674459965170996,0.33885195436790233
7486,0.7831,3,9,3,580061,25549,94860,13096,0.23666123235392197,0.3388795445723897
7487,0.7832,4,19,4,580080,25530,94864,13092,0.23648523472525843,0.33897778468230544
7488,0.7833,112,282,112,580362,25248,94976,12980,0.23387305939456815,0.3395416971853092
7489,0.7834,1,4,1,580366,25244,94977,12979,0.23383600726221795,0.3395599508149543
7490,0.7835,2,13,2,580379,25231,94979,12977,0.23371558783207974,0.33964091289782244
7491,0.7836,4,11,4,580390,25220,94983,12973,0.23361369446811664,0.3396695729583955
7492,0.7837,4,9,4,580399,25211,94987,12969,0.23353032717032865,0.33968046097433213
7493,0.7838,24,42,24,580441,25169,95011,12945,0.23314127978065138,0.33963897780343183
7494,0.7839,9,10,9,580451,25159,95020,12936,0.23304864944977582,0.33957212232576456
7495,0.784,2,7,2,580458,25152,95022,12934,0.23298380821816295,0.33959985296434386
7496,0.7841,10,17,10,580475,25135,95032,12924,0.23282633665567454,0.3395780235949447
7497,0.7842,7,14,7,580489,25121,95039,12917,0.23269665419244878,0.33958147116041854
7498,0.7843,0,4,0,580493,25117,95039,12917,0.23265960206009856,0.33961718462428353
7499,0.7844,4,5,4,580498,25112,95043,12913,0.2326132868946608,0.3395923734385273
7500,0.7845,7,24,7,580522,25088,95050,12906,0.23239097410055948,0.339685213454756
7501,0.7846,1,4,1,580526,25084,95051,12905,0.23235392196820928,0.3397035984100661
7502,0.7847,17,32,17,580558,25052,95068,12888,0.23205750490940755,0.339694254085398
7503,0.7848,10,22,10,580580,25030,95078,12878,0.23185371818148134,0.33971721008758043
7504,0.7849,12,27,12,580607,25003,95090,12866,0.23160361628811738,0.33975019144947055
7505,0.785,30,56,30,580663,24947,95120,12836,0.23108488643521435,0.33972950797977924
7506,0.7851,1,18,1,580681,24929,95121,12835,0.23091815183963837,0.3398739540302934
7507,0.7852,3,8,3,580689,24921,95124,12832,0.23084404757493793,0.33989351839588905
7508,0.7853,2,10,2,580699,24911,95126,12830,0.2307514172440624,0.33994859701650726
7509,0.7854,10,13,10,580712,24898,95136,12820,0.23063099781392418,0.3398907683334217
7510,0.7855,9,26,9,580738,24872,95145,12811,0.23039015895364778,0.339967624658334
7511,0.7856,23,44,23,580782,24828,95168,12788,0.2299825854977954,0.3399617184176946
7512,0.7857,13,50,13,580832,24778,95181,12775,0.2295194338434177,0.34018587063616756
7513,0.7858,5,16,5,580848,24762,95186,12770,0.22937122531401682,0.34024299264627517
7514,0.7859,2,4,2,580852,24758,95188,12768,0.2293341731816666,0.34024409742578476
7515,0.786,4,10,4,580862,24748,95192,12764,0.22924154285079107,0.3402644487097462
7516,0.7861,15,36,15,580898,24712,95207,12749,0.2289080736596391,0.3403272736979792
7517,0.7862,22,57,22,580955,24655,95229,12727,0.22838008077364852,0.3404579744261944
7518,0.7863,4,10,4,580965,24645,95233,12723,0.228287450442773,0.3404784842646114
7519,0.7864,6,23,6,580988,24622,95239,12717,0.22807440068175924,0.34058223305391144
7520,0.7865,2,5,2,580993,24617,95241,12715,0.22802808551632148,0.34059252116147004
7521,0.7866,0,5,0,580998,24612,95241,12715,0.22798177035088368,0.3406381439708522
7522,0.7867,29,53,29,581051,24559,95270,12686,0.22749082959724332,0.34060947778225265
7523,0.7868,5,10,5,581061,24549,95275,12681,0.22739819926636778,0.3406124093473006
7524,0.7869,14,21,14,581082,24528,95289,12667,0.22720367557152915,0.3405565264148407
7525,0.787,11,25,11,581107,24503,95300,12656,0.2269720997443403,0.34059043569525554
7526,0.7871,17,29,17,581136,24474,95317,12639,0.2267034717848012,0.3405545226739956
7527,0.7872,5,16,5,581152,24458,95322,12634,0.22655526325540035,0.3406125310039901
7528,0.7873,32,67,32,581219,24391,95354,12602,0.22593464003853422,0.34065904360284377
7529,0.7874,19,48,19,581267,24343,95373,12583,0.22549001445033162,0.3407626062936684
7530,0.7875,17,36,17,581303,24307,95390,12566,0.22515654525917966,0.3407913649553874
7531,0.7876,7,12,7,581315,24295,95397,12559,0.22504538886212902,0.3407771205296576
7532,0.7877,6,4,6,581319,24291,95403,12553,0.2250083367297788,0.340706763652155
7533,0.7878,6,12,6,581331,24279,95409,12547,0.22489718033272815,0.3407103676750122
7534,0.7879,2,9,2,581340,24270,95411,12545,0.22481381303494016,0.3407578432704061
7535,0.788,7,31,7,581371,24239,95418,12538,0.22452665900922597,0.34091959648693476
7536,0.7881,37,79,37,581450,24160,95455,12501,0.2237948793953092,0.3409890619459371
7537,0.7882,6,18,6,581468,24142,95461,12495,0.22362814479973323,0.3410486666484701
7538,0.7883,38,98,38,581566,24044,95499,12457,0.2227203675571529,0.3412783211418865
7539,0.7884,22,41,22,581607,24003,95521,12435,0.22234058320056319,0.3412646138646468
7540,0.7885,9,19,9,581626,23984,95530,12426,0.22216458557189966,0.3412798681680857
7541,0.7886,10,29,10,581655,23955,95540,12416,0.22189595761236058,0.34137087239833935
7542,0.7887,23,32,23,581687,23923,95563,12393,0.22159954055355885,0.341254543451922
7543,0.7888,12,25,12,581712,23898,95575,12381,0.22136796472637,0.34127181013809643
7544,0.7889,10,20,10,581732,23878,95585,12371,0.22118270406461893,0.34127838009324396
7545,0.789,1,1,1,581733,23877,95586,12370,0.22117344103153136,0.3412696223135708
7546,0.7891,4,18,4,581751,23859,95590,12366,0.22100670643595538,0.3413664596273292
7547,0.7892,16,20,16,581771,23839,95606,12350,0.22082144577420432,0.3412639199756832
7548,0.7893,18,34,18,581805,23805,95624,12332,0.22050650264922747,0.3412568835265794
7549,0.7894,13,34,13,581839,23771,95637,12319,0.22019155952425062,0.34134109171515653
7550,0.7895,8,16,8,581855,23755,95645,12311,0.22004335099484976,0.3413464204513947
7551,0.7896,9,19,9,581874,23736,95654,12302,0.21986735336618624,0.3413618957766802
7552,0.7897,3,18,3,581892,23718,95657,12299,0.21970061877061026,0.3414776355609851
7553,0.7898,13,40,13,581932,23678,95670,12286,0.21933009744710807,0.3416193971749527
7554,0.7899,7,32,7,581964,23646,95677,12279,0.21903368038830634,0.34179540709812106
7555,0.79,32,71,32,582035,23575,95709,12247,0.21837600503909,0.3418848752163475
7556,0.7901,6,16,6,582051,23559,95715,12241,0.21822779650968913,0.34192737430167597
7557,0.7902,5,18,5,582069,23541,95720,12236,0.21806106191411315,0.3420074349442379
7558,0.7903,9,32,9,582101,23509,95729,12227,0.2177646448553114,0.34214797403178865
7559,0.7904,4,12,4,582113,23497,95733,12223,0.21765348845826077,0.3421892497200448
7560,0.7905,17,27,17,582140,23470,95750,12206,0.2174033865648968,0.3421347684718018
7561,0.7906,17,34,17,582174,23436,95767,12189,0.21708844343991995,0.34214736842105264
7562,0.7907,5,8,5,582182,23428,95772,12184,0.21701433917521953,0.3421318656632596
7563,0.7908,11,31,11,582213,23397,95783,12173,0.21672718514950534,0.34222659544560025
7564,0.7909,3,10,3,582223,23387,95786,12170,0.2166345548186298,0.3422673453890936
7565,0.791,1,22,1,582245,23365,95787,12169,0.2164307680907036,0.34246074182473124
7566,0.7911,10,40,10,582285,23325,95797,12159,0.21606024676720145,0.34266148123097734
7567,0.7912,15,32,15,582317,23293,95812,12144,0.21576382970839972,0.34269266585771935
7568,0.7913,9,15,9,582332,23278,95821,12135,0.2156248842120864,0.3426707706209584
7569,0.7914,10,45,10,582377,23233,95831,12125,0.21520804772314647,0.34292097969342156
7570,0.7915,4,8,4,582385,23225,95835,12121,0.21513394345844603,0.3429242347083121
7571,0.7916,4,3,4,582388,23222,95839,12117,0.21510615435918337,0.34287897224030106
7572,0.7917,67,165,67,582553,23057,95906,12050,0.21357775389973693,0.3432363916028143
7573,0.7918,1,10,1,582563,23047,95907,12049,0.2134851235688614,0.34331547754729885
7574,0.7919,20,20,20,582583,23027,95927,12029,0.2132998629071103,0.3431366955727978
7575,0.792,2,12,2,582595,23015,95929,12027,0.21318870651005967,0.34321671137492155
7576,0.7921,3,13,3,582608,23002,95932,12024,0.21306828707992145,0.34328784331639356
7577,0.7922,16,28,16,582636,22974,95948,12008,0.21280892215346994,0.34326224915670916
7578,0.7923,19,41,19,582677,22933,95967,11989,0.21242913779688022,0.34330794341675736
7579,0.7924,19,65,19,582742,22868,95986,11970,0.21182704064618918,0.3435903323956599
7580,0.7925,14,32,14,582774,22836,96000,11956,0.21153062358738745,0.3436422166015176
7581,0.7926,3,5,3,582779,22831,96003,11953,0.21148430842194968,0.343635004599816
7582,0.7927,15,33,15,582812,22798,96018,11938,0.2111786283300604,0.34367802855826807
7583,0.7928,18,36,18,582848,22762,96036,11920,0.21084515913890844,0.34369413528631565
7584,0.7929,1,10,1,582858,22752,96037,11919,0.2107525288080329,0.34377433590032014
7585,0.793,4,5,4,582863,22747,96041,11915,0.21070621364259512,0.34374819687265595
7586,0.7931,16,14,16,582877,22733,96057,11899,0.21057653117936936,0.34358396858396856
7587,0.7932,1,1,1,582878,22732,96058,11898,0.21056726814628182,0.34357493502743286
7588,0.7933,29,90,29,582968,22642,96087,11869,0.20973359516840195,0.34391933006867376
7589,0.7934,6,21,6,582989,22621,96093,11863,0.2095390714735633,0.34401461547384293
7590,0.7935,7,13,7,583002,22608,96100,11856,0.2094186520434251,0.34401114206128136
7591,0.7936,9,20,9,583022,22588,96109,11847,0.20923339138167402,0.3440394947001597
7592,0.7937,7,20,7,583042,22568,96116,11840,0.20904813071992293,0.34410602185538247
7593,0.7938,8,5,8,583047,22563,96124,11832,0.20900181555448516,0.34400348887919757
7594,0.7939,3,10,3,583057,22553,96127,11829,0.20890918522360963,0.34404630329823743
7595,0.794,16,39,16,583096,22514,96143,11813,0.20854792693319502,0.34413144172225946
7596,0.7941,0,6,0,583102,22508,96143,11813,0.20849234873466968,0.344191602808776
7597,0.7942,7,24,7,583126,22484,96150,11806,0.2082700359405684,0.34429862933799943
7598,0.7943,1,4,1,583130,22480,96151,11805,0.20823298380821817,0.34431967332652763
7599,0.7944,11,24,11,583154,22456,96162,11794,0.20801067101411685,0.34435036496350363
7600,0.7945,16,31,16,583185,22425,96178,11778,0.2077235169884027,0.3443557582668187
7601,0.7946,5,15,5,583200,22410,96183,11773,0.20758457149208936,0.34441096451452474
7602,0.7947,7,17,7,583217,22393,96190,11766,0.20742709992960096,0.34444802248309375
7603,0.7948,8,16,8,583233,22377,96198,11758,0.2072788914002001,0.34445583711732825
7604,0.7949,17,46,17,583279,22331,96215,11741,0.2068527918781726,0.34459380136182205
7605,0.795,13,26,13,583305,22305,96228,11728,0.20661195301789617,0.34460670525666265
7606,0.7951,16,19,16,583324,22286,96244,11712,0.20643595538923265,0.3444908524030825
7607,0.7952,15,28,15,583352,22258,96259,11697,0.20617659046278114,0.34448534825504346
7608,0.7953,5,9,5,583361,22249,96264,11692,0.20609322316499315,0.34448012727969124
7609,0.7954,7,5,7,583366,22244,96271,11685,0.20604690799955538,0.3443956497391612
7610,0.7955,3,9,3,583375,22235,96274,11682,0.2059635407017674,0.3444290473803697
7611,0.7956,10,50,10,583425,22185,96284,11672,0.20550038904738968,0.3447440706500871
7612,0.7957,5,14,5,583439,22171,96289,11667,0.20537070658416393,0.3447898811986524
7613,0.7958,21,53,21,583492,22118,96310,11646,0.20487976583052356,0.3449235872526952
7614,0.7959,4,17,4,583509,22101,96314,11642,0.20472229426803512,0.3450197077912456
7615,0.796,11,12,11,583521,22089,96325,11631,0.20461113787098448,0.3449288256227758
7616,0.7961,20,49,20,583570,22040,96345,11611,0.20415724924969433,0.3450417521024635
7617,0.7962,8,20,8,583590,22020,96353,11603,0.20397198858794324,0.34509115783838445
7618,0.7963,9,23,9,583613,21997,96362,11594,0.2037589388269295,0.3451519752314608
7619,0.7964,5,17,5,583630,21980,96367,11589,0.20360146726444106,0.3452292293485061
7620,0.7965,9,13,9,583643,21967,96376,11580,0.20348104783430288,0.34518734909231824
7621,0.7966,0,3,0,583646,21964,96376,11580,0.2034532587350402,0.34521822084426423
7622,0.7967,45,92,45,583738,21872,96421,11535,0.2026010596909852,0.345286915915826
7623,0.7968,2,10,2,583748,21862,96423,11533,0.20250842936010968,0.34535110046414136
7624,0.7969,16,43,16,583791,21819,96439,11517,0.20211011893734485,0.3454823614110871
7625,0.797,1,7,1,583798,21812,96440,11516,0.20204527770573197,0.3455352856457033
7626,0.7971,12,35,12,583833,21777,96452,11504,0.20172107154766758,0.34566269042396564
7627,0.7972,21,28,21,583861,21749,96473,11483,0.20146170662121604,0.34554044294655756
7628,0.7973,7,18,7,583879,21731,96480,11476,0.20129497202564006,0.34558978528623485
7629,0.7974,11,34,11,583913,21697,96491,11465,0.20098002890066324,0.34572703697002594
7630,0.7975,12,27,12,583940,21670,96503,11453,0.20072992700729927,0.34577182018536967
7631,0.7976,3,12,3,583952,21658,96506,11450,0.20061877061024863,0.34583786396037214
7632,0.7977,14,21,14,583973,21637,96520,11436,0.20042424691540997,0.3457805460647658
7633,0.7978,3,13,3,583986,21624,96523,11433,0.20030382748527178,0.3458571558217624
7634,0.7979,4,15,4,584001,21609,96527,11429,0.20016488198895846,0.3459349839578667
7635,0.798,10,27,10,584028,21582,96537,11419,0.1999147800955945,0.3460198175812854
7636,0.7981,23,46,23,584074,21536,96560,11396,0.199488680573567,0.34604639863962106
7637,0.7982,10,26,10,584100,21510,96570,11386,0.1992478417132906,0.34612110894941633
7638,0.7983,11,28,11,584128,21482,96581,11375,0.1989884767868391,0.34619715737894513
7639,0.7984,2,6,2,584134,21476,96583,11373,0.19893289858831376,0.34622058510152515
7640,0.7985,4,16,4,584150,21460,96587,11369,0.1987846900589129,0.3463096652350056
7641,0.7986,2,6,2,584156,21454,96589,11367,0.19872911186038755,0.34633314036744767
7642,0.7987,5,6,5,584162,21448,96594,11362,0.19867353366186224,0.3462968607131972
7643,0.7988,4,11,4,584173,21437,96598,11358,0.19857164029789914,0.3463332825125781
7644,0.7989,17,32,17,584205,21405,96615,11341,0.1982752232390974,0.34633237647346243
7645,0.799,8,17,8,584222,21388,96623,11333,0.198117751676609,0.3463524953393845
7646,0.7991,6,9,6,584231,21379,96629,11327,0.198034384378821,0.3463278909068672
7647,0.7992,8,29,8,584260,21350,96637,11319,0.19776575641928193,0.34647525176773086
7648,0.7993,4,14,4,584274,21336,96641,11315,0.19763607395605617,0.346543750574255
7649,0.7994,5,21,5,584295,21315,96646,11310,0.19744155026121754,0.3466666666666667
7650,0.7995,2,1,2,584296,21314,96648,11308,0.19743228722812997,0.34663723867328794
7651,0.7996,10,18,10,584314,21296,96658,11298,0.197265552632554,0.34662821378167763
7652,0.7997,4,7,4,584321,21289,96662,11294,0.19720071140094111,0.34662247184114414
7653,0.7998,7,24,7,584345,21265,96669,11287,0.19697839860683983,0.34673752764807075
7654,0.7999,9,25,9,584370,21240,96678,11278,0.19674682277965097,0.3468232978657974
7655,0.8,383,750,383,585120,20490,97061,10895,0.18979954796398532,0.34714035367213636
7656,0.8001,21,24,21,585144,20466,97082,10874,0.18957723516988403,0.3469687300574346
7657,0.8002,7,7,7,585151,20459,97089,10867,0.18951239393827116,0.34690033837706696
7658,0.8003,6,14,6,585165,20445,97095,10861,0.1893827114750454,0.3469303009007858
7659,0.8004,4,15,4,585180,20430,97099,10857,0.18924376597873208,0.3470131364464474
7660,0.8005,10,32,10,585212,20398,97109,10847,0.18894734891993034,0.34715954552728434
7661,0.8006,5,15,5,585227,20383,97114,10842,0.18880840342361702,0.34722177742193755
7662,0.8007,4,21,4,585248,20362,97118,10838,0.18861387972877838,0.34737179487179487
7663,0.8008,5,25,5,585273,20337,97123,10833,0.18838230390158953,0.34754571703561116
7664,0.8009,5,9,5,585282,20328,97128,10828,0.18829893660380154,0.347541404544871
7665,0.8011,9,29,9,585311,20299,97137,10819,0.18803030864426248,0.3476765858988367
7666,0.8012,11,13,11,585324,20286,97148,10808,0.18790988921412427,0.3475911751463305
7667,0.8013,20,41,20,585365,20245,97168,10788,0.18753010485753455,0.34762994231946637
7668,0.8014,13,41,13,585406,20204,97181,10775,0.18715032050094482,0.3478162626295232
7669,0.8015,5,12,5,585418,20192,97186,10770,0.18703916410389418,0.34784574639881144
7670,0.8016,2,14,2,585432,20178,97188,10768,0.18690948164066842,0.3479609642603244
7671,0.8017,9,49,9,585481,20129,97197,10759,0.18645559301937825,0.34832297332297335
7672,0.8018,1,4,1,585485,20125,97198,10758,0.18641854088702806,0.34834698701551015
7673,0.8019,6,19,6,585504,20106,97204,10752,0.1862425432583645,0.3484347657009528
7674,0.802,5,9,5,585513,20097,97209,10747,0.18615917596057655,0.3484308131241084
7675,0.8021,4,17,4,585530,20080,97213,10743,0.1860017043980881,0.3485384290951562
7676,0.8022,18,19,18,585549,20061,97231,10725,0.1858257067694246,0.3483726369128825
7677,0.8023,2,22,2,585571,20039,97233,10723,0.18562192004149838,0.34857941616279825
7678,0.8024,10,33,10,585604,20006,97243,10713,0.1853162399496091,0.34874182102281975
7679,0.8025,21,52,21,585656,19954,97264,10692,0.18483456222905628,0.3488872936109117
7680,0.8026,4,6,4,585662,19948,97268,10688,0.18477898403053095,0.348870609740175
7681,0.8027,4,14,4,585676,19934,97272,10684,0.1846493015673052,0.3489450649944477
7682,0.8028,19,28,19,585704,19906,97291,10665,0.18438993664085368,0.3488600307480946
7683,0.8029,7,15,7,585719,19891,97298,10658,0.18425099114454035,0.3488821238011064
7684,0.803,2,10,2,585729,19881,97300,10656,0.18415836081366482,0.3489537282640731
7685,0.8031,8,9,8,585738,19872,97308,10648,0.18407499351587683,0.34888597640891217
7686,0.8032,12,11,12,585749,19861,97320,10636,0.18397310015191373,0.34875561530642357
7687,0.8033,15,29,15,585778,19832,97335,10621,0.18370447219237468,0.34876695235280597
7688,0.8034,11,12,11,585790,19820,97346,10610,0.183593315795324,0.3486690765691752
7689,0.8035,7,14,7,585804,19806,97353,10603,0.18346363333209825,0.34867966720378835
7690,0.8036,6,16,6,585820,19790,97359,10597,0.18331542480269739,0.3487346562674828
7691,0.8037,10,13,10,585833,19777,97369,10587,0.1831950053725592,0.34866947701225137
7692,0.8038,9,19,9,585852,19758,97378,10578,0.18301900774389565,0.34869462025316456
7693,0.8039,0,5,0,585857,19753,97378,10578,0.18297269257845789,0.34875210181002936
7694,0.804,9,9,9,585866,19744,97387,10569,0.1828893252806699,0.3486622901065549
7695,0.8041,2,7,2,585873,19737,97389,10567,0.18282448404905702,0.3486998416050686
7696,0.8042,19,55,19,585928,19682,97408,10548,0.18231501722924154,0.3489249090307641
7697,0.8043,4,8,4,585936,19674,97412,10544,0.18224091296454112,0.34893110066847577
7698,0.8044,15,37,15,585973,19637,97427,10529,0.18189818074030162,0.3490353377975204
7699,0.8045,4,12,4,585985,19625,97431,10525,0.18178702434325095,0.3490878938640133
7700,0.8046,4,6,4,585991,19619,97435,10521,0.18173144614472564,0.34907100199071
7701,0.8047,1,4,1,585995,19615,97436,10520,0.18169439401237542,0.3490957358553177
7702,0.8048,8,22,8,586017,19593,97444,10512,0.1814906072844492,0.34917787742899853
7703,0.8049,4,10,4,586027,19583,97448,10508,0.18139797695357368,0.34920740420723806
7704,0.805,38,61,38,586088,19522,97486,10470,0.18083293193523287,0.34909309149106427
7705,0.8051,2,7,2,586095,19515,97488,10468,0.18076809070362,0.34913117433212154
7706,0.8052,3,5,3,586100,19510,97491,10465,0.18072177553818222,0.34912427022518766
7707,0.8053,2,10,2,586110,19500,97493,10463,0.1806291452073067,0.3491973433901812
7708,0.8054,5,4,5,586114,19496,97498,10458,0.18059209307495647,0.3491353408559792
7709,0.8055,9,16,9,586130,19480,97507,10449,0.1804438845455556,0.34912626549500486
7710,0.8056,2,12,2,586142,19468,97509,10447,0.18033272814850496,0.34922279792746114
7711,0.8057,7,23,7,586165,19445,97516,10440,0.1801196783874912,0.3493391333444872
7712,0.8058,7,16,7,586181,19429,97523,10433,0.17997146985809034,0.34937378608264685
7713,0.8059,5,7,5,586188,19422,97528,10428,0.17990662862647747,0.34934673366834174
7714,0.806,10,42,10,586230,19380,97538,10418,0.17951758123680017,0.3496207799181153
7715,0.8061,1,8,1,586238,19372,97539,10417,0.17944347697209975,0.34969283963879283
7716,0.8062,7,14,7,586252,19358,97546,10410,0.179313794508874,0.34970438054286485
7717,0.8063,4,17,4,586269,19341,97550,10406,0.17915632294638556,0.34981678824755436
7718,0.8064,8,26,8,586295,19315,97558,10398,0.17891548408610916,0.349947834281291
7719,0.8065,5,16,5,586311,19299,97563,10393,0.1787672755567083,0.3500269432843864
7720,0.8066,8,12,8,586323,19287,97571,10385,0.17865611915965765,0.34999325963871664
7721,0.8067,29,91,29,586414,19196,97600,10356,0.1778131831486902,0.3504331348132106
7722,0.8068,2,12,2,586426,19184,97602,10354,0.17770202675163957,0.3505315187216467
7723,0.8069,1,5,1,586431,19179,97603,10353,0.17765571158620178,0.35056887444128404
7724,0.807,4,13,4,586444,19166,97607,10349,0.1775352921560636,0.3506352702015924
7725,0.8071,14,19,14,586463,19147,97621,10335,0.17735929452740004,0.35055287972322097
7726,0.8072,10,22,10,586485,19125,97631,10325,0.17715550779947387,0.35059422750424446
7727,0.8073,2,14,2,586499,19111,97633,10323,0.1770258253362481,0.35071685805531017
7728,0.8074,5,19,5,586518,19092,97638,10318,0.17684982770758456,0.35083304998299897
7729,0.8075,10,19,10,586537,19073,97648,10308,0.17667383007892104,0.3508389775705388
7730,0.8076,1,7,1,586544,19066,97649,10307,0.17660898884730816,0.3509004868416573
7731,0.8077,2,8,2,586552,19058,97651,10305,0.17653488458260774,0.3509518782140789
7732,0.8078,8,21,8,586573,19037,97659,10297,0.17634036088776908,0.3510261130428854
7733,0.8079,1,1,1,586574,19036,97660,10296,0.17633109785468154,0.3510159552706941
7734,0.808,6,13,6,586587,19023,97666,10290,0.17621067842454333,0.3510387882509467
7735,0.8081,8,9,8,586596,19014,97674,10282,0.17612731112675534,0.3509694156198798
7736,0.8082,1,4,1,586600,19010,97675,10281,0.17609025899440514,0.35099518623467957
7737,0.8083,51,156,51,586756,18854,97726,10230,0.17464522583274666,0.3517397881996974
7738,0.8084,13,15,13,586771,18839,97739,10217,0.17450628033643337,0.35163133259911894
7739,0.8085,5,10,5,586781,18829,97744,10212,0.1744136500055578,0.35164078371956886
7740,0.8086,13,20,13,586801,18809,97757,10199,0.17422838934380674,0.3515926640926641
7741,0.8087,5,12,5,586813,18797,97762,10194,0.17411723294675607,0.35162636680349074
7742,0.8088,15,24,15,586837,18773,97777,10179,0.17389492015265479,0.35158192870958827
7743,0.8089,6,15,6,586852,18758,97783,10173,0.17375597465634146,0.3516297397255539
7744,0.809,16,24,16,586876,18734,97799,10157,0.17353366186224017,0.3515627704129314
7745,0.8091,5,30,5,586906,18704,97804,10152,0.17325577086961355,0.3518159135015248
7746,0.8092,7,24,7,586930,18680,97811,10145,0.17303345807551224,0.35195143104943627
7747,0.8093,9,25,9,586955,18655,97820,10136,0.17280188224832338,0.3520544614636518
7748,0.8094,7,22,7,586977,18633,97827,10129,0.1725980955203972,0.35216605243029
7749,0.8095,9,29,9,587006,18604,97836,10120,0.17232946756085812,0.3523186185767999
7750,0.8096,9,23,9,587029,18581,97845,10111,0.17211641779984438,0.35239788094242297
7751,0.8097,24,45,24,587074,18536,97869,10087,0.17169958131090443,0.35240890193201274
7752,0.8098,0,6,0,587080,18530,97869,10087,0.17164400311237912,0.3524827899500297
7753,0.8099,4,16,4,587096,18514,97873,10083,0.17149579458297826,0.35258943245795016
7754,0.81,53,118,53,587214,18396,97926,10030,0.17040275667864685,0.3528459860690917
7755,0.8101,7,15,7,587229,18381,97933,10023,0.17026381118233355,0.3528728348119983
7756,0.8102,1,12,1,587241,18369,97934,10022,0.17015265478528288,0.3529991898841182
7757,0.8103,6,9,6,587250,18360,97940,10016,0.17006928748749492,0.3529743445164928
7758,0.8104,3,0,3,587250,18360,97943,10013,0.17006928748749492,0.3529059316956261
7759,0.8105,5,7,5,587257,18353,97948,10008,0.170004446255882,0.35287895349247206
7760,0.8106,8,25,8,587282,18328,97956,10000,0.16977287042869318,0.35300762496469923
7761,0.8107,21,48,21,587330,18280,97977,9979,0.16932824484049058,0.3531264375951024
7762,0.8108,0,11,0,587341,18269,97977,9979,0.16922635147652748,0.3532639478901161
7763,0.8109,1,1,1,587342,18268,97978,9978,0.1692170884434399,0.3532535580259152
7764,0.811,14,22,14,587364,18246,97992,9964,0.16901330171551374,0.3532080822403403
7765,0.8111,10,24,10,587388,18222,98002,9954,0.16879098892141242,0.3532793867120954
7766,0.8112,14,15,14,587403,18207,98016,9940,0.16865204342509912,0.3531459835861726
7767,0.8113,5,14,5,587417,18193,98021,9935,0.16852236096187337,0.35320676905574516
7768,0.8114,9,19,9,587436,18174,98030,9926,0.16834636333320982,0.35323843416370104
7769,0.8115,7,11,7,587447,18163,98037,9919,0.16824446996924672,0.35321558293568833
7770,0.8116,10,17,10,587464,18146,98047,9909,0.1680869984067583,0.3531990732489752
7771,0.8117,15,37,15,587501,18109,98062,9894,0.1677442661825188,0.3533192872192265
7772,0.8118,0,3,0,587504,18106,98062,9894,0.16771647708325615,0.35335714285714287
7773,0.8119,10,23,10,587527,18083,98072,9884,0.16750342732224238,0.3534165266206601
7774,0.812,7,9,7,587536,18074,98079,9877,0.16742006002445442,0.35336839469070874
7775,0.8121,6,18,6,587554,18056,98085,9871,0.16725332542887844,0.3534572277724066
7776,0.8122,9,10,9,587564,18046,98094,9862,0.16716069509800288,0.3533753762362047
7777,0.8123,5,15,5,587579,18031,98099,9857,0.16702174960168958,0.3534495123350545
7778,0.8124,13,20,13,587599,18011,98112,9844,0.1668364889399385,0.3534015437084904
7779,0.8125,16,23,16,587622,17988,98128,9828,0.16662343917892475,0.3533218291630716
7780,0.8126,6,12,6,587634,17976,98134,9822,0.1665122827818741,0.353334772285776
7781,0.8127,3,10,3,587644,17966,98137,9819,0.16641965245099855,0.3533921180493072
7782,0.8128,5,13,5,587657,17953,98142,9814,0.16629923302086036,0.35344113516044223
7783,0.8129,3,9,3,587666,17944,98145,9811,0.16621586572307237,0.3534858584038912
7784,0.8131,10,21,10,587687,17923,98155,9801,0.16602134202823374,0.35352041552445534
7785,0.8132,6,9,6,587696,17914,98161,9795,0.16593797473044575,0.35349525424952183
7786,0.8133,28,47,28,587743,17867,98189,9767,0.1655026121753307,0.3534414127524065
7787,0.8134,16,26,16,587769,17841,98205,9751,0.1652617733150543,0.35339953609741953
7788,0.8135,5,18,5,587787,17823,98210,9746,0.1650950387194783,0.35351300373608036
7789,0.8136,7,14,7,587801,17809,98217,9739,0.16496535625625255,0.3535283868157398
7790,0.8137,2,7,2,587808,17802,98219,9737,0.16490051502463968,0.3535712988852173
7791,0.8138,16,34,16,587842,17768,98235,9721,0.16458557189966283,0.3536323620357234
7792,0.8139,10,23,10,587865,17745,98245,9711,0.16437252213864909,0.3536931818181818
7793,0.814,5,11,5,587876,17734,98250,9706,0.16427062877468598,0.3537172011661808
7794,0.8141,2,11,2,587887,17723,98252,9704,0.16416873541072288,0.3538119371422321
7795,0.8142,10,23,10,587910,17700,98262,9694,0.16395568564970914,0.35387311090019713
7796,0.8143,3,16,3,587926,17684,98265,9691,0.16380747712030827,0.3540091324200913
7797,0.8144,0,1,0,587927,17683,98265,9691,0.16379821408722073,0.3540220647329583
7798,0.8145,5,6,5,587933,17677,98270,9686,0.1637426358886954,0.35398165405840004
7799,0.8146,9,7,9,587940,17670,98279,9677,0.16367779465708251,0.3538596555380846
7800,0.8147,6,12,6,587952,17658,98285,9671,0.16356663826003187,0.35387317501555127
7801,0.8148,10,25,10,587977,17633,98295,9661,0.16333506243284301,0.35396057741628195
7802,0.8149,0,3,0,587980,17630,98295,9661,0.16330727333358036,0.3539994870103697
7803,0.815,13,28,13,588008,17602,98308,9648,0.16304790840712882,0.3540550458715596
7804,0.8151,5,7,5,588015,17595,98313,9643,0.16298306717551594,0.35402746163448123
7805,0.8152,8,24,8,588039,17571,98321,9635,0.16276075438141466,0.35414981989267075
7806,0.8153,10,28,10,588067,17543,98331,9625,0.16250138945496315,0.35427709069493524
7807,0.8154,2,5,2,588072,17538,98333,9623,0.16245507428952535,0.3542947608703656
7808,0.8155,12,23,12,588095,17515,98345,9611,0.1622420245285116,0.35430951854309517
7809,0.8156,7,14,7,588109,17501,98352,9604,0.16211234206528585,0.3543257701531083
7810,0.8157,9,26,9,588135,17475,98361,9595,0.16187150320500945,0.35445142223864057
7811,0.8158,3,13,3,588148,17462,98364,9592,0.16175108377487124,0.3545501589413765
7812,0.8159,2,4,2,588152,17458,98366,9590,0.16171403164252102,0.35455486542443065
7813,0.816,13,27,13,588179,17431,98379,9577,0.16146392974915708,0.3545986374407583
7814,0.8161,6,8,6,588187,17423,98385,9571,0.16138982548445663,0.3545602726531822
7815,0.8162,2,3,2,588190,17420,98387,9569,0.16136203638519397,0.3545518544592241
7816,0.8163,3,9,3,588199,17411,98390,9566,0.16127866908740598,0.354598361567261
7817,0.8164,12,32,12,588231,17379,98402,9554,0.16098225202860425,0.3547321130212008
7818,0.8165,6,11,6,588242,17368,98408,9548,0.16088035866464115,0.3547332441670382
7819,0.8166,7,14,7,588256,17354,98415,9541,0.1607506762014154,0.3547499535229597
7820,0.8167,117,333,117,588589,17021,98532,9424,0.15766608618325983,0.3563622612970316
7821,0.8168,13,19,13,588608,17002,98545,9411,0.1574900885545963,0.3563018210729565
7822,0.8169,3,3,3,588611,16999,98548,9408,0.15746229945533366,0.35626917105312983
7823,0.817,2,5,2,588616,16994,98550,9406,0.1574159842898959,0.35628787878787876
7824,0.8171,9,13,9,588629,16981,98559,9397,0.15729556485975768,0.35624383956327244
7825,0.8172,8,21,8,588650,16960,98567,9389,0.15710104116491905,0.3563323086265133
7826,0.8173,5,20,5,588670,16940,98572,9384,0.15691578050316796,0.35648077799726485
7827,0.8174,0,5,0,588675,16935,98572,9384,0.1568694653377302,0.3565485010828679
7828,0.8175,9,21,9,588696,16914,98581,9375,0.15667494164289156,0.35661303206664385
7829,0.8176,11,21,11,588717,16893,98592,9364,0.1564804179480529,0.3566287085348669
7830,0.8177,2,10,2,588727,16883,98594,9362,0.15638778761717737,0.35671556486949896
7831,0.8178,12,18,12,588745,16865,98606,9350,0.15622105302160139,0.35666603089834065
7832,0.8179,4,9,4,588754,16856,98610,9346,0.1561376857238134,0.3566903289825204
7833,0.818,10,21,10,588775,16835,98620,9336,0.15594316202897476,0.35673073249016085
7834,0.8181,10,34,10,588809,16801,98630,9326,0.15562821890399792,0.3569487503349026
7835,0.8182,10,16,10,588825,16785,98640,9316,0.15548001037459705,0.35692119075897477
7836,0.8183,15,41,15,588866,16744,98655,9301,0.15510022601800733,0.35711268957573433
7837,0.8184,9,25,9,588891,16719,98664,9292,0.15486865019081847,0.3572334781438622
7838,0.8185,11,20,11,588911,16699,98675,9281,0.1546833895290674,0.35723633564280216
7839,0.8186,5,14,5,588925,16685,98680,9276,0.15455370706584165,0.35730518855205884
7840,0.8187,5,4,5,588929,16681,98685,9271,0.15451665493349143,0.35723643649815046
7841,0.8188,2,13,2,588942,16668,98687,9269,0.1543962355033532,0.35736592512626747
7842,0.8189,3,4,3,588946,16664,98690,9266,0.154359183371003,0.35734670266101043
7843,0.819,19,33,19,588979,16631,98709,9247,0.1540535032791137,0.35733055104722156
7844,0.8192,14,23,14,589002,16608,98723,9233,0.15384045351809997,0.3573004140706629
7845,0.8193,4,13,4,589015,16595,98727,9229,0.15372003408796175,0.35738073110285007
7846,0.8194,2,24,2,589039,16571,98729,9227,0.15349772129386047,0.3576633847585084
7847,0.8195,12,21,12,589060,16550,98741,9215,0.15330319759902183,0.3576557345235785
7848,0.8196,9,22,9,589082,16528,98750,9206,0.15309941087109563,0.3577368461956944
7849,0.8197,3,2,3,589084,16526,98753,9203,0.15308088480492052,0.35768976641144234
7850,0.8198,11,10,11,589094,16516,98764,9192,0.152988254474045,0.35755406877236656
7851,0.8199,13,26,13,589120,16490,98777,9179,0.15274741561376856,0.3575908683626164
7852,0.82,21,83,21,589203,16407,98798,9158,0.15197858386750157,0.35822413455896734
7853,0.8202,8,6,8,589209,16401,98806,9150,0.15192300566897626,0.3581073147822003
7854,0.8203,10,29,10,589238,16372,98816,9140,0.15165437770943718,0.35826277830040765
7855,0.8204,8,10,8,589248,16362,98824,9132,0.15156174737856162,0.3582019298658508
7856,0.8205,9,26,9,589274,16336,98833,9123,0.15132090851828522,0.3583408617777603
7857,0.8206,8,9,8,589283,16327,98841,9115,0.15123754122049723,0.3582658596022325
7858,0.8207,9,14,9,589297,16313,98850,9106,0.15110785875727148,0.35823596522286477
7859,0.8208,9,38,9,589335,16275,98859,9097,0.1507558634999444,0.35854485259341007
7860,0.8209,5,8,5,589343,16267,98864,9092,0.150681759235244,0.3585314878346938
7861,0.821,5,3,5,589346,16264,98869,9087,0.15065397013598134,0.358447398524713
7862,0.8211,4,10,4,589356,16254,98873,9083,0.15056133980510578,0.3584875873228875
7863,0.8212,8,33,8,589389,16221,98881,9075,0.1502556597132165,0.35875237191650855
7864,0.8213,3,14,3,589403,16207,98884,9072,0.15012597724999074,0.3588749554966573
7865,0.8214,18,41,18,589444,16166,98902,9054,0.14974619289340102,0.3590007930214116
7866,0.8215,1,10,1,589454,16156,98903,9053,0.14965356256252546,0.3591177753976754
7867,0.8216,1,5,1,589459,16151,98904,9052,0.1496072473970877,0.3591635916359164
7868,0.8217,17,52,17,589511,16099,98921,9035,0.1491255696765349,0.3594732235219225
7869,0.8218,2,17,2,589528,16082,98923,9033,0.14896809811404646,0.35966553852279515
7870,0.8219,2,10,2,589538,16072,98925,9031,0.14887546778317093,0.3597577978727642
7871,0.822,0,3,0,589541,16069,98925,9031,0.14884767868390825,0.359800796812749
7872,0.8221,3,11,3,589552,16058,98928,9028,0.14874578531994517,0.35988200589970504
7873,0.8222,6,22,6,589574,16036,98934,9022,0.14854199859201897,0.36004469630457336
7874,0.8223,6,8,6,589582,16028,98940,9016,0.14846789432731855,0.36000638875578983
7875,0.8224,12,20,12,589602,16008,98952,9004,0.14828263366556746,0.3599872061410523
7876,0.8225,10,24,10,589626,15984,98962,8994,0.14806032087146614,0.3600768676435263
7877,0.8226,8,8,8,589634,15976,98970,8986,0.14798621660676572,0.3599871805143819
7878,0.8227,7,30,7,589664,15946,98977,8979,0.1477083256141391,0.3602407221664995
7879,0.8228,1,6,1,589670,15940,98978,8978,0.14765274741561377,0.36030178987077616
7880,0.8229,12,31,12,589701,15909,98990,8966,0.1473655933898996,0.3604422110552764
7881,0.823,7,8,7,589709,15901,98997,8959,0.14729148912519915,0.3603781174577635
7882,0.8231,16,34,16,589743,15867,99013,8943,0.1469765460002223,0.360459492140266
7883,0.8232,7,20,7,589763,15847,99020,8936,0.14679128533847122,0.3605697453899851
7884,0.8233,27,61,27,589824,15786,99047,8909,0.14622624032013043,0.3607612877100628
7885,0.8234,5,14,5,589838,15772,99052,8904,0.14609655785690467,0.3608364402658454
7886,0.8235,2,4,2,589842,15768,99054,8902,0.14605950572455445,0.3608431293068504
7887,0.8236,11,9,11,589851,15759,99065,8891,0.14597613842676646,0.3606896551724138
7888,0.8237,2,10,2,589861,15749,99067,8889,0.14588350809589093,0.36078415455799984
7889,0.8238,4,22,4,589883,15727,99071,8885,0.14567972136796473,0.36100276287989597
7890,0.8239,8,15,8,589898,15712,99079,8877,0.1455407758716514,0.36101508804750093
7891,0.824,7,10,7,589908,15702,99086,8870,0.14544814554077587,0.3609799772098323
7892,0.8242,11,29,11,589937,15673,99097,8859,0.1451795175812368,0.3611201695744334
7893,0.8243,2,8,2,589945,15665,99099,8857,0.14510541331653637,0.3611858739091428
7894,0.8244,10,15,10,589960,15650,99109,8847,0.14496646782022304,0.36114626280769074
7895,0.8245,1,12,1,589972,15638,99110,8846,0.1448553114231724,0.3612971736644339
7896,0.8246,12,19,12,589991,15619,99122,8834,0.14467931379450888,0.3612644665276244
7897,0.8247,17,27,17,590018,15592,99139,8817,0.1444292119011449,0.36121922241796056
7898,0.8248,5,15,5,590033,15577,99144,8812,0.14429026640483159,0.3613104268317684
7899,0.8249,3,15,3,590048,15562,99147,8809,0.1441513209085183,0.3614541873538222
7900,0.825,93,201,93,590249,15361,99240,8716,0.1422894512579199,0.3620052332101175
7901,0.8251,3,7,3,590256,15354,99243,8713,0.142224610026307,0.3620309968005983
7902,0.8252,10,20,10,590276,15334,99253,8703,0.14203934936455592,0.36206681366227067
7903,0.8253,4,7,4,590283,15327,99257,8699,0.14197450813294304,0.36206609506368104
7904,0.8254,3,5,3,590288,15322,99260,8696,0.14192819296750528,0.3620617869930885
7905,0.8255,9,15,9,590303,15307,99269,8687,0.14178924747119195,0.3620488455447195
7906,0.8256,10,25,10,590328,15282,99279,8677,0.14155767164400312,0.3621603572770149
7907,0.8258,2,11,2,590339,15271,99281,8675,0.14145577828004002,0.36227344859266686
7908,0.8259,3,6,3,590345,15265,99284,8672,0.1414002000815147,0.36228432969879265
7909,0.826,10,14,10,590359,15251,99294,8662,0.14127051761828893,0.36222974950863546
7910,0.8261,8,10,8,590369,15241,99302,8654,0.1411778872874134,0.3621678175350492
7911,0.8262,14,22,14,590391,15219,99316,8640,0.1409741005594872,0.3621274990569596
7912,0.8263,3,3,3,590394,15216,99319,8637,0.14094631146022454,0.36209281851339453
7913,0.8264,7,31,7,590425,15185,99326,8630,0.14065915743451035,0.36237665336972497
7914,0.8265,1,2,1,590427,15183,99327,8629,0.14064063136833524,0.36238031244750546
7915,0.8266,11,21,11,590448,15162,99338,8618,0.1404461076734966,0.3624053826745164
7916,0.8267,50,103,50,590551,15059,99388,8568,0.13949201526547853,0.3626359673255174
7917,0.8268,13,20,13,590571,15039,99401,8555,0.13930675460372743,0.36259218445367464
7918,0.8269,10,25,10,590596,15014,99411,8545,0.13907517877653858,0.362706396706142
7919,0.827,3,11,3,590607,15003,99414,8542,0.1389732854125755,0.3627946485453387
7920,0.8271,2,8,2,590615,14995,99416,8540,0.13889918114787506,0.3628638198427873
7921,0.8272,1,0,1,590615,14995,99417,8539,0.13889918114787506,0.3628367468343673
7922,0.8273,13,34,13,590649,14961,99430,8526,0.1385842380228982,0.3630093243070635
7923,0.8274,14,22,14,590671,14939,99444,8512,0.13838045129497203,0.3629695961792674
7924,0.8275,1,3,1,590674,14936,99445,8511,0.13835266219570935,0.36298886851196316
7925,0.8276,1,4,1,590678,14932,99446,8510,0.13831561006335916,0.36302363279583655
7926,0.8277,6,16,6,590694,14916,99452,8504,0.1381674015339583,0.3631084543125534
7927,0.8278,14,26,14,590720,14890,99466,8490,0.13792656267368186,0.36313088109495295
7928,0.8279,4,3,4,590723,14887,99470,8486,0.1378987735744192,0.3630684978393873
7929,0.828,2,2,2,590725,14885,99472,8484,0.1378802475082441,0.36304505969446704
7930,0.8281,2,12,2,590737,14873,99474,8482,0.13776909111119345,0.3631770498822522
7931,0.8282,2,8,2,590745,14865,99476,8480,0.137694986846493,0.3632469479545941
7932,0.8283,6,9,6,590754,14856,99482,8474,0.13761161954870502,0.3632233176168024
7933,0.8284,0,8,0,590762,14848,99482,8474,0.1375375152840046,0.3633479118428951
7934,0.8285,8,9,8,590771,14839,99490,8466,0.1374541479862166,0.36326968461703496
7935,0.8286,4,8,4,590779,14831,99494,8462,0.13738004372151616,0.36328510711372514
7936,0.8287,16,28,16,590807,14803,99510,8446,0.13712067879506465,0.3632844423416061
7937,0.8288,6,15,6,590822,14788,99516,8440,0.13698173329875135,0.36335457206819355
7938,0.8289,9,16,9,590838,14772,99525,8431,0.13683352476935048,0.36335818644140844
7939,0.829,9,23,9,590861,14749,99534,8422,0.13662047500833674,0.36347158085537956
7940,0.8291,5,5,5,590866,14744,99539,8417,0.13657415984289895,0.3634126333059885
7941,0.8292,13,23,13,590889,14721,99552,8404,0.1363611100818852,0.3634162162162162
7942,0.8293,4,6,4,590895,14715,99556,8400,0.1363055318833599,0.36340038935756
7943,0.8294,1,9,1,590904,14706,99557,8399,0.1362221645855719,0.3635143908244969
7944,0.8295,2,7,2,590911,14699,99559,8397,0.13615732335395903,0.3635694492552823
7945,0.8296,1,5,1,590916,14694,99560,8396,0.13611100818852126,0.36362061498484194
7946,0.8297,12,17,12,590933,14677,99572,8384,0.13595353662603282,0.36355752135640257
7947,0.8298,13,29,13,590962,14648,99585,8371,0.13568490866649377,0.36365611016985966
7948,0.8299,2,8,2,590970,14640,99587,8369,0.13561080440179332,0.36372723716806465
7949,0.83,48,110,48,591080,14530,99635,8321,0.13459187076216236,0.36414161305850945
7950,0.8301,5,11,5,591091,14519,99640,8316,0.13448997739819926,0.3641777972410773
7951,0.8302,5,13,5,591104,14506,99645,8311,0.13436955796806105,0.36424595696191436
7952,0.8303,6,9,6,591113,14497,99651,8305,0.1342861906702731,0.36422243662836595
7953,0.8304,4,11,4,591124,14486,99655,8301,0.13418429730630999,0.3642866546715232
7954,0.8305,11,10,11,591134,14476,99666,8290,0.13409166697543443,0.36413950628129665
7955,0.8306,6,11,6,591145,14465,99672,8284,0.13398977361147135,0.36414787463185194
7956,0.8307,5,8,5,591153,14457,99677,8279,0.1339156693467709,0.36413617171006335
7957,0.8308,0,10,0,591163,14447,99677,8279,0.13382303901589537,0.3642964005984335
7958,0.8309,5,20,5,591183,14427,99682,8274,0.13363777835414428,0.364477335800185
7959,0.831,8,19,8,591202,14408,99690,8266,0.13346178072548076,0.364558525183029
7960,0.8311,1,0,1,591202,14408,99691,8265,0.13346178072548076,0.3645304988312089
7961,0.8312,7,5,7,591207,14403,99698,8258,0.13341546556004297,0.3644146330700322
7962,0.8313,11,16,11,591223,14387,99709,8247,0.1332672570306421,0.3643633471768136
7963,0.8314,13,27,13,591250,14360,99722,8234,0.13301715513727816,0.36443303531911125
7964,0.8315,2,9,2,591259,14351,99724,8232,0.13293378783949017,0.36452198556436255
7965,0.8316,4,6,4,591265,14345,99728,8228,0.13287820964096483,0.36450626855092366
7966,0.8317,19,41,19,591306,14304,99747,8209,0.1324984252843751,0.3646337671567539
7967,0.8318,5,7,5,591313,14297,99752,8204,0.13243358405276223,0.3646060175103329
7968,0.8319,11,19,11,591332,14278,99763,8193,0.1322575864240987,0.3646032664322905
7969,0.832,8,14,8,591346,14264,99771,8185,0.13212790396087296,0.3646042139961691
7970,0.8321,8,14,8,591360,14250,99779,8177,0.1319982214976472,0.36460516341909305
7971,0.8322,11,21,11,591381,14229,99790,8166,0.13180369780280854,0.36463496316141997
7972,0.8323,2,5,2,591386,14224,99792,8164,0.13175738263737077,0.3646596390923709
7973,0.8324,2,12,2,591398,14212,99794,8162,0.13164622624032013,0.3647984267453294
7974,0.8325,9,20,9,591418,14192,99803,8153,0.13146096557856904,0.3648690982322667
7975,0.8326,9,17,9,591435,14175,99812,8144,0.13130349401608063,0.36489090012993414
7976,0.8327,8,14,8,591449,14161,99820,8136,0.13117381155285487,0.3648921379557788
7977,0.8328,4,5,4,591454,14156,99824,8132,0.1311274963874171,0.3648600143575018
7978,0.8329,3,5,3,591459,14151,99827,8129,0.13108118122197931,0.3648563734290844
7979,0.833,3,5,3,591464,14146,99830,8126,0.13103486605654155,0.36485272988505746
7980,0.8331,7,11,7,591475,14135,99837,8119,0.13093297269257845,0.36483328839759144
7981,0.8332,3,16,3,591491,14119,99840,8116,0.13078476416317758,0.36501011918147064
7982,0.8333,99,268,99,591759,13851,99939,8017,0.12830227129571306,0.36660874336930677
7983,0.8334,3,2,3,591761,13849,99942,8014,0.12828374522953795,0.36655536751589446
7984,0.8335,4,19,4,591780,13830,99946,8010,0.12810774760087443,0.36675824175824173
7985,0.8336,4,2,4,591782,13828,99950,8006,0.12808922153469932,0.36667582669231474
7986,0.8337,3,13,3,591795,13815,99953,8003,0.12796880210456113,0.3668072233935283
7987,0.8338,7,15,7,591810,13800,99960,7996,0.1278298566082478,0.3668563039089741
7988,0.8339,7,16,7,591826,13784,99967,7989,0.12768164807884694,0.3669223350020668
7989,0.834,6,11,6,591837,13773,99973,7983,0.12757975471488384,0.36693325979040264
7990,0.8341,10,31,10,591868,13742,99983,7973,0.12729260068916967,0.3671655537646788
7991,0.8342,7,15,7,591883,13727,99990,7966,0.12715365519285635,0.36721523071958695
7992,0.8343,4,1,4,591884,13726,99994,7962,0.1271443921597688,0.367115455551457
7993,0.8344,0,12,0,591896,13714,99994,7962,0.12703323576271813,0.36731869348588303
7994,0.8345,3,7,3,591903,13707,99997,7959,0.12696839453110526,0.3673497646081418
7995,0.8346,4,19,4,591922,13688,100001,7955,0.12679239690244173,0.367555329667791
7996,0.8347,10,13,10,591935,13675,100011,7945,0.12667197747230352,0.36748381128584645
7997,0.8348,7,19,7,591954,13656,100018,7938,0.12649597984364,0.3676021116976938
7998,0.835,17,51,17,592005,13605,100035,7921,0.12602356515617474,0.3679736133048407
7999,0.8351,1,3,1,592008,13602,100036,7920,0.12599577605691206,0.36799553944800667
8000,0.8352,5,15,5,592023,13587,100041,7915,0.12585683056059876,0.36810529253092733
8001,0.8353,3,12,3,592035,13575,100044,7912,0.12574567416354812,0.36822264625122164
8002,0.8354,7,11,7,592046,13564,100051,7905,0.12564378079958502,0.36820531929759187
8003,0.8355,4,6,4,592052,13558,100055,7901,0.12558820260105968,0.3681905028193299
8004,0.8356,7,23,7,592075,13535,100062,7894,0.12537515284004594,0.36837929908068506
8005,0.8357,22,25,22,592100,13510,100084,7872,0.12514357701285708,0.3681601346927322
8006,0.8358,9,17,9,592117,13493,100093,7863,0.12498610545036867,0.3681869263907099
8007,0.8359,4,15,4,592132,13478,100097,7859,0.12484715995405536,0.3683273187420912
8008,0.836,3,1,3,592133,13477,100100,7856,0.1248378969209678,0.3682557539961562
8009,0.8361,7,17,7,592150,13460,100107,7849,0.12468042535847938,0.36834201511098597
8010,0.8362,1,3,1,592153,13457,100108,7848,0.12465263625921671,0.36836423374794647
8011,0.8363,7,18,7,592171,13439,100115,7841,0.12448590166364074,0.368468045112782
8012,0.8364,8,7,8,592178,13432,100123,7833,0.12442106043202786,0.36835175170467904
8013,0.8365,11,15,11,592193,13417,100134,7822,0.12428211493571455,0.3682847591694524
8014,0.8366,6,8,6,592201,13409,100140,7816,0.12420801067101411,0.3682449941107185
8015,0.8367,8,23,8,592224,13386,100148,7808,0.12399496091000037,0.3684061526847221
8016,0.8368,3,6,3,592230,13380,100151,7805,0.12393938271147505,0.3684210526315789
8017,0.8369,5,10,5,592240,13370,100156,7800,0.1238467523805995,0.3684459140292867
8018,0.837,3,11,3,592251,13359,100159,7797,0.12374485901663641,0.36854792966534317
8019,0.8371,12,22,12,592273,13337,100171,7785,0.12354107228871021,0.36857305179433764
8020,0.8372,4,4,4,592277,13333,100175,7781,0.12350402015636,0.368523254712513
8021,0.8373,1,7,1,592284,13326,100176,7780,0.12343917892474712,0.3686155595565242
8022,0.8374,10,28,10,592312,13298,100186,7770,0.1231798139982956,0.3688057717865958
8023,0.8375,17,41,17,592353,13257,100203,7753,0.12280002964170587,0.3690147548786292
8024,0.8376,4,12,4,592365,13245,100207,7749,0.12268887324465523,0.3691054587024864
8025,0.8377,3,2,3,592367,13243,100210,7746,0.12267034717848012,0.3690504550002382
8026,0.8378,2,6,2,592373,13237,100212,7744,0.1226147689799548,0.3690958486249464
8027,0.8379,8,19,8,592392,13218,100220,7736,0.12243877135129126,0.3691896535267729
8028,0.838,5,14,5,592406,13204,100225,7731,0.1223090888880655,0.36928588488177694
8029,0.8381,8,26,8,592432,13178,100233,7723,0.1220682500277891,0.3695038514903593
8030,0.8382,1,1,1,592433,13177,100234,7722,0.12205898699470155,0.3694913632231207
8031,0.8383,21,63,21,592496,13114,100255,7701,0.12147541591018562,0.36997357674753784
8032,0.8384,4,0,4,592496,13114,100259,7697,0.12147541591018562,0.3698524818605545
8033,0.8385,8,12,8,592508,13102,100267,7689,0.12136425951313498,0.3698234813140301
8034,0.8386,3,13,3,592521,13089,100270,7686,0.12124384008299678,0.3699638989169675
8035,0.8387,12,26,12,592547,13063,100282,7674,0.12100300122272037,0.3700631721078266
8036,0.8388,7,21,7,592568,13042,100289,7667,0.12080847752788174,0.37022550581872615
8037,0.8389,6,14,6,592582,13028,100295,7661,0.12067879506465597,0.37029339262409977
8038,0.839,4,11,4,592593,13017,100299,7657,0.12057690170069288,0.37036857889136116
8039,0.8391,6,14,6,592607,13003,100305,7651,0.12044721923746711,0.37043671927955846
8040,0.8392,14,35,14,592642,12968,100319,7637,0.12012301307940272,0.370638194612958
8041,0.8393,4,4,4,592646,12964,100323,7633,0.1200859609470525,0.37058794970141284
8042,0.8394,0,3,0,592649,12961,100323,7633,0.12005817184778984,0.37064193454404193
8043,0.8395,1,0,1,592649,12961,100324,7632,0.12005817184778984,0.37061137279658135
8044,0.8396,9,6,9,592655,12955,100333,7623,0.12000259364926452,0.37044416366993876
8045,0.8397,1,2,1,592657,12953,100334,7622,0.11998406758308941,0.37044957472660994
8046,0.8399,12,16,12,592673,12937,100346,7610,0.11983585905368854,0.37037037037037035
8047,0.84,33,54,33,592727,12883,100379,7577,0.11933565526696062,0.3703323558162268
8048,0.8401,3,8,3,592735,12875,100382,7574,0.11926155100226019,0.3703848598953494
8049,0.8402,2,3,2,592738,12872,100384,7572,0.11923376190299752,0.3703776169047153
8050,0.8403,4,3,4,592741,12869,100388,7568,0.11920597280373485,0.3703087537309781
8051,0.8404,3,6,3,592747,12863,100391,7565,0.11915039460520953,0.3703250440571764
8052,0.8405,6,12,6,592759,12851,100397,7559,0.11903923820815888,0.3703576678098971
8053,0.8406,2,5,2,592764,12846,100399,7557,0.1189929230427211,0.3703867078370828
8054,0.8407,5,26,5,592790,12820,100404,7552,0.1187520841824447,0.37070488906342036
8055,0.8409,4,7,4,592797,12813,100408,7548,0.11868724295083181,0.37070870782378074
8056,0.841,2,1,2,592798,12812,100410,7546,0.11867797991774427,0.37066509480302584
8057,0.8411,0,1,0,592799,12811,100410,7546,0.11866871688465672,0.3706833030407231
8058,0.8412,4,7,4,592806,12804,100414,7542,0.11860387565304384,0.3706871129460336
8059,0.8413,6,10,6,592816,12794,100420,7536,0.1185112453221683,0.3706837186424004
8060,0.8414,10,20,10,592836,12774,100430,7526,0.1183259846604172,0.3707389162561576
8061,0.8415,2,7,2,592843,12767,100432,7524,0.11826114342880432,0.37080479030111874
8062,0.8416,5,6,5,592849,12761,100437,7519,0.118205565230279,0.3707593688362919
8063,0.8417,60,122,60,592971,12639,100497,7459,0.11707547519359739,0.37113145586625534
8064,0.8418,6,12,6,592983,12627,100503,7453,0.11696431879654674,0.37116533864541834
8065,0.8419,13,12,13,592995,12615,100516,7440,0.11685316239949609,0.3709798055347794
8066,0.842,5,0,5,592995,12615,100521,7435,0.11685316239949609,0.3708229426433915
8067,0.8421,4,14,4,593009,12601,100525,7431,0.11672347993627033,0.3709564696485623
8068,0.8422,1,1,1,593010,12600,100526,7430,0.11671421690318277,0.3709435846230654
8069,0.8423,12,19,12,593029,12581,100538,7418,0.11653821927451925,0.37091854592729634
8070,0.8424,12,15,12,593044,12566,100550,7406,0.11639927377820594,0.37081914680552774
8071,0.8425,11,27,11,593071,12539,100561,7395,0.11614917188484197,0.37097421490920035
8072,0.8426,8,8,8,593079,12531,100569,7387,0.11607506762014154,0.3708705693342705
8073,0.8427,4,2,4,593081,12529,100573,7383,0.11605654155396643,0.370781438328646
8074,0.8428,2,1,2,593082,12528,100575,7381,0.11604727852087887,0.3707368526796926
8075,0.8429,10,23,10,593105,12505,100585,7371,0.11583422875986513,0.37084926544576374
8076,0.8431,9,18,9,593123,12487,100594,7362,0.11566749416428916,0.37090029724419366
8077,0.8432,6,7,6,593130,12480,100600,7356,0.11560265293267627,0.37084089534180276
8078,0.8433,22,43,22,593173,12437,100622,7334,0.11520434250991145,0.3709473471245764
8079,0.8434,3,7,3,593180,12430,100625,7331,0.11513950127829857,0.37098324983553466
8080,0.8435,13,35,13,593215,12395,100638,7318,0.11481529512023417,0.371227109014356
8081,0.8436,1,5,1,593220,12390,100639,7317,0.1147689799547964,0.3712893895570102
8082,0.8437,4,3,4,593223,12387,100643,7313,0.11474119085553373,0.37121827411167513
8083,0.8438,7,6,7,593229,12381,100650,7306,0.11468561265700841,0.3711078376593691
8084,0.8439,4,14,4,593243,12367,100654,7302,0.11455593019378266,0.37124408968427475
8085,0.844,5,10,5,593253,12357,100659,7297,0.11446329986290711,0.3712730233031444
8086,0.8442,2,1,2,593254,12356,100661,7295,0.11445403682981956,0.3712279273319424
8087,0.8443,8,8,8,593262,12348,100669,7287,0.11437993256511912,0.3711229946524064
8088,0.8444,9,23,9,593285,12325,100678,7278,0.11416688280410538,0.37126970361679335
8089,0.8445,0,6,0,593291,12319,100678,7278,0.11411130460558006,0.3713833750063785
8090,0.8446,4,17,4,593308,12302,100682,7274,0.11395383304309163,0.37157744176542706
8091,0.8447,1,0,1,593308,12302,100683,7273,0.11395383304309163,0.37154533844189014
8092,0.8448,4,6,4,593314,12296,100687,7269,0.11389825484456631,0.3715307947866087
8093,0.8449,9,16,9,593330,12280,100696,7260,0.11375004631516544,0.37154554759467756
8094,0.845,12,29,12,593359,12251,100708,7248,0.11348141835562636,0.3717113698138366
8095,0.8451,4,4,4,593363,12247,100712,7244,0.11344436622327615,0.37165871427838487
8096,0.8452,2,16,2,593379,12231,100714,7242,0.11329615769387529,0.3718995532275458
8097,0.8453,6,9,6,593388,12222,100720,7236,0.1132127903960873,0.37187789084181316
8098,0.8454,5,7,5,593395,12215,100725,7231,0.11314794916447442,0.3718502519798416
8099,0.8455,7,17,7,593412,12198,100732,7224,0.112990477601986,0.3719493358047575
8100,0.8456,11,19,11,593431,12179,100743,7213,0.11281447997332246,0.3719575082508251
8101,0.8457,20,33,20,593464,12146,100763,7193,0.11250879988143318,0.37194270644811006
8102,0.8458,4,13,4,593477,12133,100767,7189,0.11238838045129497,0.37206293344374286
8103,0.8459,1,1,1,593478,12132,100768,7188,0.11237911741820741,0.3720496894409938
8104,0.846,1,13,1,593491,12119,100769,7187,0.11225869798806921,0.37226768880140887
8105,0.8461,5,7,5,593498,12112,100774,7182,0.11219385675645634,0.3722400746346014
8106,0.8462,3,16,3,593514,12096,100777,7179,0.11204564822705547,0.3724513618677043
8107,0.8463,10,23,10,593537,12073,100787,7169,0.11183259846604172,0.3725704188753768
8108,0.8464,8,27,8,593564,12046,100795,7161,0.11158249657267776,0.37283282136720985
8109,0.8465,8,13,8,593577,12033,100803,7153,0.11146207714253956,0.3728239341186282
8110,0.8466,5,18,5,593595,12015,100808,7148,0.11129534254696358,0.373010488963106
8111,0.8467,46,97,46,593692,11918,100854,7102,0.11039682833747082,0.3733964248159832
8112,0.8468,13,13,13,593705,11905,100867,7089,0.11027640890733262,0.3732231230915026
8113,0.8469,0,1,0,593706,11904,100867,7089,0.11026714587424506,0.37324277365345127
8114,0.847,4,17,4,593723,11887,100871,7085,0.11010967431175664,0.3734450769555134
8115,0.8471,1,9,1,593732,11878,100872,7084,0.11002630701396865,0.3735892838308195
8116,0.8472,2,4,2,593736,11874,100874,7082,0.10998925488161844,0.37360202574382784
8117,0.8473,4,6,4,593742,11868,100878,7078,0.10993367668309312,0.3735880924733453
8118,0.8474,1,12,1,593754,11856,100879,7077,0.10982252028604246,0.37379179210901603
8119,0.8475,4,11,4,593765,11845,100883,7073,0.10972062692207936,0.3738767311555133
8120,0.8476,8,10,8,593775,11835,100891,7065,0.10962799659120383,0.3738095238095238
8121,0.8477,5,14,5,593789,11821,100896,7060,0.10949831412797807,0.37392087283512526
8122,0.8478,1,5,1,593794,11816,100897,7059,0.10945199896254029,0.37398675496688744
8123,0.8479,7,5,7,593799,11811,100904,7052,0.10940568379710253,0.37385357578327943
8124,0.848,4,6,4,593805,11805,100908,7048,0.1093501055985772,0.3738397072084019
8125,0.8481,5,18,5,593823,11787,100913,7043,0.10918337100300123,0.3740308019118428
8126,0.8482,2,10,2,593833,11777,100915,7041,0.10909074067212568,0.3741630353916463
8127,0.8483,10,23,10,593856,11754,100925,7031,0.10887769091111194,0.37428799574128296
8128,0.8484,4,6,4,593862,11748,100929,7027,0.10882211271258661,0.3742743009320905
8129,0.8485,0,1,0,593863,11747,100929,7027,0.10881284967949906,0.3742942367103441
8130,0.8486,7,11,7,593874,11736,100936,7020,0.10871095631553596,0.3742802303262956
8131,0.8487,4,6,4,593880,11730,100940,7016,0.10865537811701063,0.3742665101888403
8132,0.8488,2,8,2,593888,11722,100942,7014,0.1085812738523102,0.3743595217762596
8133,0.8489,7,5,7,593893,11717,100949,7007,0.10853495868687243,0.3742255928220466
8134,0.849,10,17,10,593910,11700,100959,6997,0.10837748712438401,0.3742311600791571
8135,0.8492,7,11,7,593921,11689,100966,6990,0.10827559376042091,0.37421703517318916
8136,0.8493,1,9,1,593930,11680,100967,6989,0.10819222646263292,0.3743639187958648
8137,0.8494,13,21,13,593951,11659,100980,6976,0.10799770276779429,0.37434934263482694
8138,0.8496,15,23,15,593974,11636,100995,6961,0.10778465300678054,0.37430768403505943
8139,0.8497,5,2,5,593976,11634,101000,6956,0.10776612694060543,0.3741796664873588
8140,0.8498,1,7,1,593983,11627,101001,6955,0.10770128570899255,0.3742869443547519
8141,0.8499,4,10,4,593993,11617,101005,6951,0.10760865537811701,0.3743537268418785
8142,0.85,204,471,204,594464,11146,101209,6747,0.10324576679387899,0.3770748337338624
8143,0.8501,1,0,1,594464,11146,101210,6746,0.10324576679387899,0.3770400178850883
8144,0.8502,8,16,8,594480,11130,101218,6738,0.10309755826447813,0.3770987239758227
8145,0.8503,2,8,2,594488,11122,101220,6736,0.10302345399977769,0.37719789450106395
8146,0.8504,10,5,10,594493,11117,101230,6726,0.10297713883433991,0.3769545480020176
8147,0.8505,3,8,3,594501,11109,101233,6723,0.10290303456963948,0.3770188425302826
8148,0.8506,3,7,3,594508,11102,101236,6720,0.1028381933380266,0.3770620581304006
8149,0.8507,1,6,1,594514,11096,101237,6719,0.10278261513950128,0.37715408363738423
8150,0.8508,4,14,4,594528,11082,101241,6715,0.10265293267627552,0.3773107827161881
8151,0.8509,1,1,1,594529,11081,101242,6714,0.10264366964318797,0.37729699353751056
8152,0.851,2,3,2,594532,11078,101244,6712,0.1026158805439253,0.3772906127037662
8153,0.8511,5,13,5,594545,11065,101249,6707,0.1024954611137871,0.3773914022057169
8154,0.8512,5,5,5,594550,11060,101254,6702,0.10244914594834932,0.37732237360657583
8155,0.8513,1,1,1,594551,11059,101255,6701,0.10243988291526178,0.37730855855855855
8156,0.8514,6,12,6,594563,11047,101261,6695,0.10232872651821112,0.37735317326118817
8157,0.8515,1,0,1,594563,11047,101262,6694,0.10232872651821112,0.3773180767713207
8158,0.8516,5,9,5,594572,11038,101267,6689,0.10224535922042313,0.3773340102668246
8159,0.8517,9,29,9,594601,11009,101276,6680,0.10197673126088407,0.3776358188704845
8160,0.8518,6,14,6,594615,10995,101282,6674,0.10184704879765831,0.37772369687022467
8161,0.8519,4,8,4,594623,10987,101286,6670,0.10177294453295788,0.37775386532253497
8162,0.852,4,5,4,594628,10982,101290,6666,0.1017266293675201,0.3777198549410698
8163,0.8522,0,4,0,594632,10978,101290,6666,0.10168957723516989,0.3778054862842893
8164,0.8523,3,3,3,594635,10975,101293,6663,0.10166178813590722,0.37776391881165666
8165,0.8524,17,41,17,594676,10934,101310,6646,0.1012820037793175,0.37804323094425485
8166,0.8525,4,11,4,594687,10923,101314,6642,0.10118011041535441,0.37813834329632795
8167,0.8526,12,17,12,594704,10906,101326,6630,0.10102263885286598,0.3780793795620438
8168,0.8527,2,1,2,594705,10905,101328,6628,0.10101337581977843,0.3780300005703531
8169,0.8528,3,5,3,594710,10900,101331,6625,0.10096706065434066,0.3780313837375178
8170,0.8529,4,17,4,594727,10883,101335,6621,0.10080958909185224,0.37825639853747717
8171,0.8531,2,5,2,594732,10878,101337,6619,0.10076327392641446,0.3782934217294393
8172,0.8532,2,9,2,594741,10869,101339,6617,0.10067990662862648,0.3784170193297495
8173,0.8533,8,26,8,594767,10843,101347,6609,0.10043906776835007,0.3786958514783406
8174,0.8534,3,9,3,594776,10834,101350,6606,0.10035570047056208,0.37878440366972477
8175,0.8535,1,5,1,594781,10829,101351,6605,0.10030938530512432,0.3788574050705518
8176,0.8536,4,2,4,594783,10827,101355,6601,0.1002908592389492,0.3787583199449162
8177,0.8537,7,3,7,594786,10824,101362,6594,0.10026307013968654,0.3785738890802618
8178,0.8538,6,18,6,594804,10806,101368,6588,0.10009633554411056,0.3787512935494998
8179,0.8539,2,5,2,594809,10801,101370,6586,0.10005002037867279,0.37878875021567837
8180,0.854,6,15,6,594824,10786,101376,6580,0.09991107488235948,0.37890130139352757
8181,0.8541,5,8,5,594832,10778,101381,6575,0.09983697061765905,0.37889702068806547
8182,0.8542,7,11,7,594843,10767,101388,6568,0.09973507725369594,0.37888664551485435
8183,0.8543,1,12,1,594855,10755,101389,6567,0.0996239208566453,0.37911326636647036
8184,0.8544,8,7,8,594862,10748,101397,6559,0.09955907962503242,0.37897960362858957
8185,0.8545,3,9,3,594871,10739,101400,6556,0.09947571232724443,0.37906909511419484
8186,0.8546,9,9,9,594880,10730,101409,6547,0.09939234502945644,0.3789431035480697
8187,0.8548,10,34,10,594914,10696,101419,6537,0.0990774019044796,0.3793303545523124
8188,0.8549,1,0,1,594914,10696,101420,6536,0.0990774019044796,0.37929433611884866
8189,0.855,31,58,31,594972,10638,101451,6505,0.09854014598540146,0.3794551712069066
8190,0.8551,3,1,3,594973,10637,101454,6502,0.09853088295231391,0.37936869128887335
8191,0.8552,4,14,4,594987,10623,101458,6498,0.09840120048908815,0.3795339057298055
8192,0.8553,4,3,4,594990,10620,101462,6494,0.09837341138982549,0.3794554166179736
8193,0.8555,6,3,6,594993,10617,101468,6488,0.09834562229056282,0.37930429698918444
8194,0.8556,11,21,11,595014,10596,101479,6477,0.09815109859572418,0.3793709365665085
8195,0.8557,4,3,4,595017,10593,101483,6473,0.09812330949646152,0.37929215984999415
8196,0.8558,1,10,1,595027,10583,101484,6472,0.09803067916558598,0.37947815889768394
8197,0.8559,5,4,5,595031,10579,101489,6467,0.09799362703323576,0.3793851930071571
8198,0.856,1,10,1,595041,10569,101490,6466,0.09790099670236022,0.3795714705019078
8199,0.8561,3,3,3,595044,10566,101493,6463,0.09787320760309756,0.3795290386986905
8200,0.8562,3,1,3,595045,10565,101496,6460,0.09786394457001,0.3794419970631424
8201,0.8564,13,20,13,595065,10545,101509,6447,0.09767868390825891,0.3794138418079096
8202,0.8565,6,9,6,595074,10536,101515,6441,0.09759531661047094,0.37939565294221594
8203,0.8566,1,2,1,595076,10534,101516,6440,0.09757679054429583,0.3794037940379404
8204,0.8567,10,33,10,595109,10501,101526,6430,0.09727111045240654,0.37977674088949265
8205,0.8568,4,16,4,595125,10485,101530,6426,0.09712290192300567,0.37998935604044703
8206,0.8569,3,8,3,595133,10477,101533,6423,0.09704879765830524,0.38005917159763314
8207,0.857,6,16,6,595149,10461,101539,6417,0.09690058912890437,0.38019907571987205
8208,0.8571,10,22,10,595171,10439,101549,6407,0.09669680240097818,0.38032767422533537
8209,0.8572,6,7,6,595178,10432,101555,6401,0.0966319611693653,0.38026495574169783
8210,0.8573,3,5,3,595183,10427,101558,6398,0.09658564600392752,0.3802674591381872
8211,0.8574,9,12,9,595195,10415,101567,6389,0.09647448960687688,0.38020709354915494
8212,0.8575,7,10,7,595205,10405,101574,6382,0.09638185927600133,0.38017513552153454
8213,0.8576,4,15,4,595220,10390,101578,6378,0.09624291377968802,0.38036736641221375
8214,0.8577,1,1,1,595221,10389,101579,6377,0.09623365074660047,0.3803530955505189
8215,0.8578,2,5,2,595226,10384,101581,6375,0.0961873355811627,0.3803926248582851
8216,0.8579,9,14,9,595240,10370,101590,6366,0.09605765311793693,0.3803776290630975
8217,0.858,16,16,16,595256,10354,101606,6350,0.09590944458853606,0.38014846743295017
8218,0.8581,5,8,5,595264,10346,101611,6345,0.09583534032383563,0.3801449883170571
8219,0.8582,3,11,3,595275,10335,101614,6342,0.09573344695987254,0.38028422378125565
8220,0.8583,52,94,52,595369,10241,101666,6290,0.09486272184964245,0.38049724759542675
8221,0.8584,3,4,3,595373,10237,101669,6287,0.09482566971729223,0.38047688211086905
8222,0.8585,4,19,4,595392,10218,101673,6283,0.0946496720886287,0.38076480213320407
8223,0.8586,0,6,0,595398,10212,101673,6283,0.09459409389010337,0.3809033040315247
8224,0.8587,4,14,4,595412,10198,101677,6279,0.09446441142687761,0.38107665230321053
8225,0.8588,15,19,15,595431,10179,101692,6264,0.0942884137982141,0.38095238095238093
8226,0.8589,2,9,2,595440,10170,101694,6262,0.0942050465004261,0.3810856864654333
8227,0.859,1,10,1,595450,10160,101695,6261,0.09411241616955056,0.3812800682053468
8228,0.8591,10,16,10,595466,10144,101705,6251,0.09396420764014969,0.38127477889600486
8229,0.8592,12,18,12,595484,10126,101717,6239,0.09379747304457371,0.38124045218454017
8230,0.8593,3,7,3,595491,10119,101720,6236,0.09373263181296083,0.38129012534393153
8231,0.8594,6,15,6,595506,10104,101726,6230,0.09359368631664752,0.3814130035508755
8232,0.8595,3,4,3,595510,10100,101729,6227,0.09355663418429731,0.38139278495743245
8233,0.8596,4,7,4,595517,10093,101733,6223,0.09349179295268442,0.38140475606766366
8234,0.8597,9,12,9,595529,10081,101742,6214,0.09338063655563378,0.38134397054311137
8235,0.8598,1,5,1,595534,10076,101743,6213,0.09333432139019601,0.3814230462275155
8236,0.8599,4,10,4,595544,10066,101747,6209,0.09324169105932047,0.38150537634408604
8237,0.86,29,74,29,595618,9992,101776,6180,0.09255622661084145,0.38214197378184517
8238,0.8601,2,17,2,595635,9975,101778,6178,0.09239875504835303,0.38246765306754166
8239,0.8602,3,12,3,595647,9963,101781,6175,0.09228759865130239,0.38263725368695006
8240,0.8603,8,9,8,595656,9954,101789,6167,0.0922042313535144,0.38254450716456795
8241,0.8604,4,9,4,595665,9945,101793,6163,0.0921208640557264,0.3826049168115222
8242,0.8605,3,5,3,595670,9940,101796,6160,0.09207454889028864,0.3826086956521739
8243,0.8606,8,2,8,595672,9938,101804,6152,0.09205602282411353,0.3823492852703543
8244,0.8607,20,41,20,595713,9897,101824,6132,0.0916762384675238,0.3825566161332585
8245,0.8608,5,13,5,595726,9884,101829,6127,0.0915558190373856,0.38267441134220226
8246,0.8609,0,3,0,595729,9881,101829,6127,0.09152802993812294,0.38274612693653176
8247,0.861,0,9,0,595738,9872,101829,6127,0.09144466264033495,0.3829614350896931
8248,0.8611,6,14,6,595752,9858,101835,6121,0.09131498017710919,0.383065273171037
8249,0.8612,3,6,3,595758,9852,101838,6118,0.09125940197858387,0.3830932999373826
8250,0.8613,0,2,0,595760,9850,101838,6118,0.09124087591240876,0.38314128256513025
8251,0.8614,9,17,9,595777,9833,101847,6109,0.09108340434992034,0.38320160582110147
8252,0.8615,4,12,4,595789,9821,101851,6105,0.09097224795286969,0.3833354263468542
8253,0.8616,0,3,0,595792,9818,101851,6105,0.09094445885360702,0.3834076493123155
8254,0.8617,9,18,9,595810,9800,101860,6096,0.09077772425803105,0.38349270256668344
8255,0.8618,6,14,6,595824,9786,101866,6090,0.09064804179480529,0.3835978835978836
8256,0.8619,11,23,11,595847,9763,101877,6079,0.09043499203379154,0.383726802171443
8257,0.862,4,2,4,595849,9761,101881,6075,0.09041646596761643,0.3836196009093205
8258,0.8621,1,3,1,595852,9758,101882,6074,0.09038867686835378,0.3836533602829712
8259,0.8622,2,2,2,595854,9756,101884,6072,0.09037015080217867,0.38362395754359363
8260,0.8623,2,6,2,595860,9750,101886,6070,0.09031457260365335,0.3836915297092288
8261,0.8624,7,10,7,595870,9740,101893,6063,0.0902219422727778,0.38366133012719106
8262,0.8625,12,23,12,595893,9717,101905,6051,0.09000889251176405,0.383751902587519
8263,0.8626,4,17,4,595910,9700,101909,6047,0.08985142094927563,0.3840096526322474
8264,0.8627,2,6,2,595916,9694,101911,6045,0.08979584275075031,0.38407776860029225
8265,0.8628,2,6,2,595922,9688,101913,6043,0.08974026455222497,0.3841459538490878
8266,0.8629,3,6,3,595928,9682,101916,6040,0.08968468635369965,0.3841750413433405
8267,0.863,10,10,10,595938,9672,101926,6030,0.08959205602282411,0.3840275124188002
8268,0.8631,12,16,12,595954,9656,101938,6018,0.08944384749342324,0.3839479392624729
8269,0.8632,4,3,4,595957,9653,101942,6014,0.08941605839416059,0.38386417310269993
8270,0.8633,18,54,18,596011,9599,101960,5996,0.08891585460743266,0.3844822058352036
8271,0.8634,2,1,2,596012,9598,101962,5994,0.0889065915743451,0.3844279117496152
8272,0.8635,5,5,5,596017,9593,101967,5989,0.08886027640890733,0.3843537414965986
8273,0.8636,4,9,4,596026,9584,101971,5985,0.08877690911111935,0.3844177532275676
8274,0.8637,1,3,1,596029,9581,101972,5984,0.08874912001185668,0.384452296819788
8275,0.8638,12,23,12,596052,9558,101984,5972,0.08853607025084294,0.3845460399227302
8276,0.8639,6,16,6,596068,9542,101990,5966,0.08838786172144207,0.38470466855816354
8277,0.864,4,9,4,596077,9533,101994,5962,0.08830449442365408,0.3847692804130365
8278,0.8641,1,0,1,596077,9533,101995,5961,0.08830449442365408,0.384729572737834
8279,0.8642,4,7,4,596084,9526,101999,5957,0.0882396531920412,0.384744558548085
8280,0.8643,6,6,6,596090,9520,102005,5951,0.08818407499351588,0.3846551612694719
8281,0.8644,1,1,1,596091,9519,102006,5950,0.08817481196042833,0.3846402482384123
8282,0.8645,8,20,8,596111,9499,102014,5942,0.08798955129867723,0.38481963603393565
8283,0.8647,1,3,1,596114,9496,102015,5941,0.08796176219941458,0.3848545701885081
8284,0.8648,4,19,4,596133,9477,102019,5937,0.08778576457075105,0.38516932658622033
8285,0.8649,10,11,10,596144,9466,102029,5927,0.08768387120678794,0.3850451503930358
8286,0.865,16,33,16,596177,9433,102045,5911,0.08737819111489867,0.3852320125130344
8287,0.8651,3,2,3,596179,9431,102048,5908,0.08735966504872356,0.38516200534585043
8288,0.8652,4,16,4,596195,9415,102052,5904,0.08721145651932269,0.38540374698087343
8289,0.8653,3,9,3,596204,9406,102055,5901,0.0871280892215347,0.3855098974325472
8290,0.8654,7,11,7,596215,9395,102062,5894,0.0870261958575716,0.38550591928837724
8291,0.8655,8,0,8,596215,9395,102070,5886,0.0870261958575716,0.3851842156926903
8292,0.8656,6,14,6,596229,9381,102076,5880,0.08689651339434584,0.38529585217220363
8293,0.8657,23,33,23,596262,9348,102099,5857,0.08659083330245655,0.3852022361065439
8294,0.8658,2,5,2,596267,9343,102101,5855,0.08654451813701879,0.38524805895512565
8295,0.8659,13,21,13,596288,9322,102114,5842,0.08634999444218015,0.3852545502505935
8296,0.866,1,29,1,596317,9293,102115,5841,0.08608136648264107,0.3859521606977666
8297,0.8661,7,9,7,596326,9284,102122,5834,0.08599799918485308,0.3858976055033735
8298,0.8662,2,3,2,596329,9281,102124,5832,0.08597021008559043,0.3858929398531066
8299,0.8663,1,0,1,596329,9281,102125,5831,0.08597021008559043,0.3858523028057173
8300,0.8664,10,12,10,596341,9269,102135,5821,0.08585905368853977,0.38575215374420146
8301,0.8665,7,16,7,596357,9253,102142,5814,0.0857108451591389,0.3858764186633039
8302,0.8666,3,11,3,596368,9242,102145,5811,0.08560895179517582,0.38603600611173855
8303,0.8667,145,329,145,596697,8913,102290,5666,0.08256141390937048,0.38864119624116883
8304,0.8668,6,6,6,596703,8907,102296,5660,0.08250583571084516,0.38854946111072974
8305,0.8669,1,0,1,596703,8907,102297,5659,0.08250583571084516,0.3885074831800082
8306,0.867,2,9,2,596712,8898,102299,5657,0.08242246841305717,0.3886636894537959
8307,0.8671,3,8,3,596720,8890,102302,5654,0.08234836414835674,0.38875137513751373
8308,0.8672,1,1,1,596721,8889,102303,5653,0.08233910111526918,0.38873607481776923
8309,0.8673,2,4,2,596725,8885,102305,5651,0.08230204898291897,0.3887589433131535
8310,0.8674,6,13,6,596738,8872,102311,5645,0.08218162955278076,0.3888544465109871
8311,0.8675,7,24,7,596762,8848,102318,5638,0.08195931675867946,0.38920336876984674
8312,0.8676,0,6,0,596768,8842,102318,5638,0.08190373856015414,0.3893646408839779
8313,0.8677,6,14,6,596782,8828,102324,5632,0.08177405609692838,0.38948824343015215
8314,0.8678,1,6,1,596788,8822,102325,5631,0.08171847789840306,0.3896076939043797
8315,0.8679,2,6,2,596794,8816,102327,5629,0.08166289969987772,0.3896850121149187
8316,0.868,1,2,1,596796,8814,102328,5628,0.08164437363370262,0.3896967179061072
8317,0.8681,7,14,7,596810,8800,102335,5621,0.08151469117047686,0.3897787948131198
8318,0.8682,2,7,2,596817,8793,102337,5619,0.08144984993886398,0.3898834304746045
8319,0.8683,13,30,13,596847,8763,102350,5606,0.08117195894623735,0.390145452014754
8320,0.8684,1,1,1,596848,8762,102351,5605,0.0811626959131498,0.3901301593930535
8321,0.8685,0,2,0,596850,8760,102351,5605,0.08114416984697469,0.3901844761573268
8322,0.8686,0,3,0,596853,8757,102351,5605,0.08111638074771203,0.39026597966856985
8323,0.8688,3,8,3,596861,8749,102354,5602,0.0810422764830116,0.39035607274754375
8324,0.8689,6,13,6,596874,8736,102360,5596,0.08092185705287339,0.3904549260396316
8325,0.869,15,15,15,596889,8721,102375,5581,0.08078291155656007,0.3902251433365963
8326,0.8692,1,7,1,596896,8714,102376,5580,0.0807180703249472,0.39037358332167343
8327,0.8693,0,6,0,596902,8708,102376,5580,0.08066249212642188,0.3905375139977604
8328,0.8694,5,10,5,596912,8698,102381,5575,0.08056986179554633,0.3905976318923842
8329,0.8696,8,9,8,596921,8689,102389,5567,0.08048649449775834,0.3905022446689113
8330,0.8697,2,0,2,596921,8689,102391,5565,0.08048649449775834,0.39041672512978814
8331,0.8698,3,1,3,596922,8688,102394,5562,0.0804772314646708,0.3903157894736842
8332,0.8699,3,13,3,596935,8675,102397,5559,0.08035681203453258,0.39054376844175914
8333,0.87,15,30,15,596965,8645,102412,5544,0.08007892104190596,0.3907252096694623
8334,0.8701,8,8,8,596973,8637,102420,5536,0.08000481677720553,0.3906018485853383
8335,0.8702,2,10,2,596983,8627,102422,5534,0.07991218644632998,0.39079161076195185
8336,0.8703,0,2,0,596985,8625,102422,5534,0.07989366038015487,0.3908468112154813
8337,0.8705,1,3,1,596988,8622,102423,5533,0.07986587128089222,0.3908866125044154
8338,0.8706,1,6,1,596994,8616,102424,5532,0.0798102930823669,0.39100932994062765
8339,0.8707,8,12,8,597006,8604,102432,5524,0.07969913668531624,0.39099660249150625
8340,0.8708,7,5,7,597011,8599,102439,5517,0.07965282151987847,0.3908330971946727
8341,0.8709,4,4,4,597015,8595,102443,5513,0.07961576938752825,0.3907711936489935
8342,0.871,2,4,2,597019,8591,102445,5511,0.07957871725517804,0.390795631825273
8343,0.8711,2,8,2,597027,8583,102447,5509,0.0795046129904776,0.39093102469486235
8344,0.8712,1,0,1,597027,8583,102448,5508,0.0795046129904776,0.3908878007238663
8345,0.8713,4,7,4,597034,8576,102452,5504,0.07943977175886473,0.39090909090909093
8346,0.8714,24,29,24,597063,8547,102476,5480,0.07917114379932565,0.39067512654166964
8347,0.8716,1,11,1,597074,8536,102477,5479,0.07906925043536256,0.3909382804138423
8348,0.8717,25,66,25,597140,8470,102502,5454,0.07845789025158398,0.3916977879919563
8349,0.8718,2,2,2,597142,8468,102504,5452,0.07843936418540887,0.39166666666666666
8350,0.8719,4,4,4,597146,8464,102508,5448,0.07840231205305866,0.39160437032777456
8351,0.8721,0,2,0,597148,8462,102508,5448,0.07838378598688354,0.3916606757728253
8352,0.8722,9,30,9,597178,8432,102517,5439,0.07810589499425692,0.3921130415975777
8353,0.8723,3,9,3,597187,8423,102520,5436,0.07802252769646893,0.39223609207013493
8354,0.8724,5,10,5,597197,8413,102525,5431,0.07792989736559339,0.39229991331984976
8355,0.8725,1,5,1,597202,8408,102526,5430,0.07788358220015562,0.3923977453389218
8356,0.8726,1,1,1,597203,8407,102527,5429,0.07787431916706807,0.3923821913847933
8357,0.8727,0,1,0,597204,8406,102527,5429,0.07786505613398051,0.39241055294542826
8358,0.8728,4,11,4,597215,8395,102531,5425,0.07776316277001741,0.39254703328509405
8359,0.8729,5,13,5,597228,8382,102536,5420,0.07764274333987921,0.392696710621649
8360,0.873,4,8,4,597236,8374,102540,5416,0.07756863907517877,0.3927483683828861
8361,0.8731,6,7,6,597243,8367,102546,5410,0.0775037978435659,0.3926834579371416
8362,0.8732,1,5,1,597248,8362,102547,5409,0.07745748267812813,0.392781933047709
8363,0.8733,13,27,13,597275,8335,102560,5396,0.07720738078476416,0.39297938970213386
8364,0.8734,0,4,0,597279,8331,102560,5396,0.07717032865241395,0.3930939025278648
8365,0.8735,3,4,3,597283,8327,102563,5393,0.07713327652006373,0.39307580174927115
8366,0.8736,2,2,2,597285,8325,102565,5391,0.07711475045388862,0.3930446194225722
8367,0.8737,0,4,0,597289,8321,102565,5391,0.07707769832153841,0.393159276546091
8368,0.8738,8,10,8,597299,8311,102573,5383,0.07698506799066286,0.393091865050387
8369,0.8739,4,8,4,597307,8303,102577,5379,0.07691096372596243,0.3931442771524631
8370,0.874,6,18,6,597325,8285,102583,5373,0.07674422913038645,0.39339581197832774
8371,0.8741,1,3,1,597328,8282,102584,5372,0.0767164400311238,0.39343782041892483
8372,0.8742,7,9,7,597337,8273,102591,5365,0.0766330727333358,0.39338612699809355
8373,0.8744,1,3,1,597340,8270,102592,5364,0.07660528363407314,0.39342819422033154
8374,0.8745,1,6,1,597346,8264,102593,5363,0.07654970543554782,0.3935569090775666
8375,0.8746,1,8,1,597354,8256,102594,5362,0.07647560117084738,0.3937435746805698
8376,0.8748,3,4,3,597358,8252,102597,5359,0.07643854903849717,0.39372566306663725
8377,0.8749,3,3,3,597361,8249,102600,5356,0.0764107599392345,0.3936787945608232
8378,0.875,86,209,86,597570,8040,102686,5270,0.07447478602393567,0.3959429000751315
8379,0.8751,2,8,2,597578,8032,102688,5268,0.07440068175923524,0.39609022556390977
8380,0.8752,2,4,2,597582,8028,102690,5266,0.07436362962688503,0.3961185497216789
8381,0.8753,2,11,2,597593,8017,102692,5264,0.07426173626292193,0.3963556961072208
8382,0.8754,5,4,5,597597,8013,102697,5259,0.07422468413057172,0.39624773960216997
8383,0.8755,3,6,3,597603,8007,102700,5256,0.07416910593204638,0.3962904320289527
8384,0.8756,3,20,3,597623,7987,102703,5253,0.0739838452702953,0.3967522658610272
8385,0.8757,0,1,0,597624,7986,102703,5253,0.07397458223720775,0.3967822343077272
8386,0.8758,10,9,10,597633,7977,102713,5243,0.07389121493941976,0.39659606656580937
8387,0.8759,2,6,2,597639,7971,102715,5241,0.07383563674089444,0.3966848319709355
8388,0.876,3,10,3,597649,7961,102718,5238,0.0737430064100189,0.3968482460792484
8389,0.8761,9,10,9,597659,7951,102727,5229,0.07365037607914335,0.39673748103186646
8390,0.8762,6,9,6,597668,7942,102733,5223,0.07356700878135537,0.39673376376756553
8391,0.8763,0,4,0,597672,7938,102733,5223,0.07352995664900515,0.39685434237519945
8392,0.8764,11,8,11,597680,7930,102744,5212,0.07345585238430472,0.3965910820270887
8393,0.8765,3,2,3,597682,7928,102747,5209,0.0734373263181296,0.3965136636979523
8394,0.8766,3,4,3,597686,7924,102750,5206,0.0734002741857794,0.3964965727341965
8395,0.8767,18,33,18,597719,7891,102768,5188,0.0730945940938901,0.39666641180518386
8396,0.8768,10,7,10,597726,7884,102778,5178,0.07302975286227723,0.39641708773541573
8397,0.8769,1,0,1,597726,7884,102779,5177,0.07302975286227723,0.3963708751244162
8398,0.877,9,15,9,597741,7869,102788,5168,0.07289080736596391,0.3964102170744803
8399,0.8771,0,5,0,597746,7864,102788,5168,0.07284449220052613,0.3965623081645181
8400,0.8772,16,11,16,597757,7853,102804,5152,0.07274259883656305,0.39615532487504806
8401,0.8773,9,8,9,597765,7845,102813,5143,0.07266849457186261,0.3959809054511857
8402,0.8774,11,19,11,597784,7826,102824,5132,0.07249249694319908,0.39604877295878993
8403,0.8775,6,17,6,597801,7809,102830,5126,0.07233502538071065,0.39628913799768073
8404,0.8776,3,5,3,597806,7804,102833,5123,0.07228871021527289,0.396302312988319
8405,0.8777,5,15,5,597821,7789,102838,5118,0.07214976471895958,0.3965290152630356
8406,0.8778,7,21,7,597842,7768,102845,5111,0.07195524102412094,0.3968475813339545
8407,0.8779,2,2,2,597844,7766,102847,5109,0.07193671495794583,0.3968155339805825
8408,0.878,3,7,3,597851,7759,102850,5106,0.07187187372633295,0.3968907889623008
8409,0.8781,0,4,0,597855,7755,102850,5106,0.07183482159398273,0.3970142290646139
8410,0.8782,6,6,6,597861,7749,102856,5100,0.07177924339545741,0.39691804809712816
8411,0.8783,8,7,8,597868,7742,102864,5092,0.07171440216384453,0.39675860994234063
8412,0.8784,6,10,6,597878,7732,102870,5086,0.07162177183296899,0.39678577001092213
8413,0.8785,2,10,2,597888,7722,102872,5084,0.07152914150209344,0.3970014055911292
8414,0.8786,3,8,3,597896,7714,102875,5081,0.07145503723739301,0.39710824540836265
8415,0.8788,6,7,6,597903,7707,102881,5075,0.07139019600578013,0.39704271631982474
8416,0.8789,4,6,4,597909,7701,102885,5071,0.07133461780725481,0.3970404008769183
8417,0.879,11,14,11,597923,7687,102896,5060,0.07120493534402905,0.3969561465442849
8418,0.8791,1,5,1,597928,7682,102897,5059,0.07115862017859127,0.39706459461580723
8419,0.8792,14,25,14,597953,7657,102911,5045,0.07092704435140243,0.3971815462131948
8420,0.8793,1,2,1,597955,7655,102912,5044,0.07090851828522732,0.39719662965587843
8421,0.8794,2,5,2,597960,7650,102914,5042,0.07086220311978954,0.39725811534825084
8422,0.8795,7,13,7,597973,7637,102921,5035,0.07074178368965134,0.39733270202020204
8423,0.8796,8,5,8,597978,7632,102929,5027,0.07069546852421357,0.39710877636464176
8424,0.8797,1,1,1,597979,7631,102930,5026,0.07068620549112602,0.3970925179742435
8425,0.8798,4,15,4,597994,7616,102934,5022,0.0705472599948127,0.39737300205728754
8426,0.8799,3,2,3,597996,7614,102937,5019,0.0705287339286376,0.39729280455948707
8427,0.88,66,134,66,598130,7480,103003,4953,0.06928748749490533,0.39837529156277646
8428,0.8801,4,6,4,598136,7474,103007,4949,0.06923190929638001,0.3983739837398374
8429,0.8802,1,6,1,598142,7468,103008,4948,0.06917633109785468,0.39851804123711343
8430,0.8803,3,7,3,598149,7461,103011,4945,0.0691114898662418,0.3985974528453974
8431,0.8804,4,2,4,598151,7459,103015,4941,0.0690929638000667,0.39846774193548384
8432,0.8805,3,7,3,598158,7452,103018,4938,0.06902812256845381,0.398547215496368
8433,0.8806,10,7,10,598165,7445,103028,4928,0.06896328133684093,0.39828659177240766
8434,0.8807,1,3,1,598168,7442,103029,4927,0.06893549223757828,0.39833454604252566
8435,0.8808,9,5,9,598173,7437,103038,4918,0.0688891770721405,0.3980574666127074
8436,0.8809,1,3,1,598176,7434,103039,4917,0.06886138797287784,0.3981054165654603
8437,0.881,2,3,2,598179,7431,103041,4915,0.06883359887361518,0.39810464927911876
8438,0.8811,3,3,3,598182,7428,103044,4912,0.06880580977435251,0.3980551053484603
8439,0.8812,1,5,1,598187,7423,103045,4911,0.06875949460891474,0.39816766661261555
8440,0.8814,3,4,3,598191,7419,103048,4908,0.06872244247656453,0.3981504015575566
8441,0.8815,1,4,1,598195,7415,103049,4907,0.06868539034421431,0.3982308066872261
8442,0.8816,7,12,7,598207,7403,103056,4900,0.06857423394716367,0.3982768430464114
8443,0.8817,13,27,13,598234,7376,103069,4887,0.0683241320537997,0.3985158607192367
8444,0.8818,12,19,12,598253,7357,103081,4875,0.06814813442513616,0.3985448005232178
8445,0.8819,1,0,1,598253,7357,103082,4874,0.06814813442513616,0.3984956258686943
8446,0.882,2,6,2,598259,7351,103084,4872,0.06809255622661084,0.39859281682074776
8447,0.8821,9,6,9,598265,7345,103093,4863,0.06803697802808552,0.39834534731323723
8448,0.8822,1,1,1,598266,7344,103094,4862,0.06802771499499796,0.3983286908077994
8449,0.8823,5,7,5,598273,7337,103099,4857,0.06796287376338508,0.3983106445793013
8450,0.8824,6,21,6,598294,7316,103105,4851,0.06776835006854645,0.39870140544094684
8451,0.8825,5,14,5,598308,7302,103110,4846,0.06763866760532068,0.3989134013829437
8452,0.8826,2,6,2,598314,7296,103112,4844,0.06758308940679536,0.3990115321252059
8453,0.8827,2,3,2,598317,7293,103114,4842,0.06755530030753269,0.39901112484548823
8454,0.8828,5,4,5,598321,7289,103119,4837,0.06751824817518248,0.39889493650008245
8455,0.8829,0,6,0,598327,7283,103119,4837,0.06746266997665716,0.3990924092409241
8456,0.883,11,5,11,598332,7278,103130,4826,0.06741635481121938,0.3987111698612029
8457,0.8831,7,4,7,598336,7274,103137,4819,0.06737930267886917,0.39849499710576364
8458,0.8832,9,11,9,598347,7263,103146,4810,0.06727740931490607,0.39840967448024517
8459,0.8833,82,131,82,598478,7132,103228,4728,0.06606395198043648,0.3986509274873524
8460,0.8835,3,3,3,598481,7129,103231,4725,0.06603616288117381,0.39859962881727684
8461,0.8836,1,2,1,598483,7127,103232,4724,0.0660176368149987,0.3986161505358198
8462,0.8837,2,2,2,598485,7125,103234,4722,0.0659991107488236,0.39858191947328436
8463,0.8838,4,6,4,598491,7119,103238,4718,0.06594353255029826,0.3985807214665878
8464,0.8839,0,6,0,598497,7113,103238,4718,0.06588795435177294,0.398782858591835
8465,0.884,9,3,9,598500,7110,103247,4709,0.06586016525251029,0.39842626279719096
8466,0.8841,3,1,3,598501,7109,103250,4706,0.06585090221942273,0.3983072365636902
8467,0.8842,9,14,9,598515,7095,103259,4697,0.06572121975619696,0.3983208955223881
8468,0.8843,4,10,4,598525,7085,103263,4693,0.06562858942532143,0.3984547461368653
8469,0.8844,6,22,6,598547,7063,103269,4687,0.06542480269739523,0.39889361702127657
8470,0.8845,4,6,4,598553,7057,103273,4683,0.06536922449886991,0.3988926746166951
8471,0.8846,8,7,8,598560,7050,103281,4675,0.06530438326725703,0.39872068230277186
8472,0.8848,6,13,6,598573,7037,103287,4669,0.06518396383711883,0.3988552878865539
8473,0.885,23,29,23,598602,7008,103310,4646,0.06491533587757975,0.3986614038098507
8474,0.8851,8,10,8,598612,6998,103318,4638,0.06482270554670422,0.39859058095565486
8475,0.8853,2,2,2,598614,6996,103320,4636,0.0648041794805291,0.39855570839064647
8476,0.8854,1,2,1,598616,6994,103321,4635,0.064785653414354,0.3985725341817869
8477,0.8855,2,1,2,598617,6993,103323,4633,0.06477639038126644,0.39850335455014624
8478,0.8856,5,4,5,598621,6989,103328,4628,0.06473933824891623,0.3983816820177326
8479,0.8857,14,44,14,598665,6945,103342,4614,0.06433176479306384,0.39916947832857513
8480,0.8859,3,2,3,598667,6943,103345,4611,0.06431323872688874,0.39908256880733944
8481,0.8861,7,9,7,598676,6934,103352,4604,0.06422987142910075,0.39902929450511354
8482,0.8862,0,5,0,598681,6929,103352,4604,0.06418355626366297,0.39920228908349953
8483,0.8863,1,5,1,598686,6924,103353,4603,0.0641372410982252,0.3993233278389867
8484,0.8864,3,6,3,598692,6918,103356,4600,0.06408166289969988,0.3993748914742143
8485,0.8865,8,11,8,598703,6907,103364,4592,0.06397976953573678,0.39933907296286636
8486,0.8866,1,6,1,598709,6901,103365,4591,0.06392419133721146,0.3994953010790115
8487,0.8867,5,17,5,598726,6884,103370,4586,0.06376671977472304,0.3998256320836966
8488,0.8868,3,5,3,598731,6879,103373,4583,0.06372040460928527,0.39984295934391906
8489,0.8869,0,1,0,598732,6878,103373,4583,0.06371114157619771,0.39987784661024345
8490,0.887,6,4,6,598736,6874,103379,4577,0.06367408944384749,0.39970308270020083
8491,0.8871,9,8,9,598744,6866,103388,4568,0.06359998517914706,0.39951023263949625
8492,0.8872,0,3,0,598747,6863,103388,4568,0.0635721960798844,0.3996150817951185
8493,0.8873,7,10,7,598757,6853,103395,4561,0.06347956574900886,0.3995969861573506
8494,0.8874,6,4,6,598761,6849,103401,4555,0.06344251361665863,0.39942125569975445
8495,0.8875,14,30,14,598791,6819,103415,4541,0.06316462262403201,0.3997359154929577
8496,0.8877,4,1,4,598792,6818,103419,4537,0.06315535959094445,0.39955966534566273
8497,0.8878,3,9,3,598801,6809,103422,4534,0.06307199229315646,0.3997178876840342
8498,0.8879,1,21,1,598822,6788,103423,4533,0.06287746859831783,0.4004063245296352
8499,0.888,1,2,1,598824,6786,103424,4532,0.06285894253214272,0.40042410319844496
8500,0.8881,9,5,9,598829,6781,103433,4523,0.06281262736670495,0.4001238499646143
8501,0.8882,4,4,4,598833,6777,103437,4519,0.06277557523435473,0.40005311614730876
8502,0.8883,29,42,29,598875,6735,103466,4490,0.062386527844677464,0.4
8503,0.8884,1,4,1,598879,6731,103467,4489,0.06234947571232725,0.4000891265597148
8504,0.8885,0,1,0,598880,6730,103467,4489,0.06234021267923969,0.4001247883055531
8505,0.8886,3,7,3,598887,6723,103470,4486,0.062275371447626814,0.40021411365866716
8506,0.8887,1,2,1,598889,6721,103471,4485,0.0622568453814517,0.40023201856148494
8507,0.8889,12,31,12,598920,6690,103483,4473,0.06196969135573752,0.4006987368986831
8508,0.889,3,12,3,598932,6678,103486,4470,0.06185853495868687,0.4009687836383208
8509,0.8891,3,3,3,598935,6675,103489,4467,0.06183074585942421,0.4009154550350027
8510,0.8893,4,2,4,598937,6673,103493,4463,0.0618122197932491,0.40077227011494254
8511,0.8894,3,6,3,598943,6667,103496,4460,0.06175664159472378,0.4008268176507594
8512,0.8895,2,1,2,598944,6666,103498,4458,0.06174737856163622,0.4007551240560949
8513,0.8896,0,3,0,598947,6663,103498,4458,0.06171958946237356,0.40086323172376587
8514,0.8897,2,5,2,598952,6658,103500,4456,0.06167327429693579,0.40093575670325715
8515,0.8898,2,3,2,598955,6655,103502,4454,0.06164548519767313,0.40093617787379604
8516,0.8899,3,11,3,598966,6644,103505,4451,0.06154359183371003,0.4011716989634971
8517,0.89,11,19,11,598985,6625,103516,4440,0.0613675942050465,0.40126525079078174
8518,0.8901,3,3,3,598988,6622,103519,4437,0.06133980510578384,0.40121168279229585
8519,0.8902,0,10,0,598998,6612,103519,4437,0.0612471747749083,0.4015748031496063
8520,0.8903,2,4,2,599002,6608,103521,4435,0.06121012264255808,0.40161188082948474
8521,0.8904,1,1,1,599003,6607,103522,4434,0.061200859609470526,0.401594058509193
8522,0.8905,6,23,6,599026,6584,103528,4428,0.06098780984845678,0.40210679258990195
8523,0.8906,2,7,2,599033,6577,103530,4426,0.060922968616843896,0.4022539307461601
8524,0.8907,4,14,4,599047,6563,103534,4422,0.06079328615361814,0.4025489303595812
8525,0.8908,1,1,1,599048,6562,103535,4421,0.060784023120530585,0.4025311845579532
8526,0.8909,5,12,5,599060,6550,103540,4416,0.060672866723479935,0.40269925223417835
8527,0.891,2,8,2,599068,6542,103542,4414,0.0605987624587795,0.4028842643300475
8528,0.8911,2,4,2,599072,6538,103544,4412,0.060561710326429284,0.40292237442922374
8529,0.8912,14,12,14,599084,6526,103558,4398,0.060450553929378634,0.40259978030025634
8530,0.8913,0,4,0,599088,6522,103558,4398,0.06041350179702842,0.40274725274725276
8531,0.8914,4,8,4,599096,6514,103562,4394,0.06033939753232798,0.4028236156949028
8532,0.8915,7,18,7,599114,6496,103569,4387,0.06017266293675201,0.40310576127905906
8533,0.8916,0,3,0,599117,6493,103569,4387,0.06014487383748935,0.40321691176470587
8534,0.8917,49,95,49,599212,6398,103618,4338,0.0592648856941717,0.40406110283159463
8535,0.8918,1,0,1,599212,6398,103619,4337,0.0592648856941717,0.4040055891942245
8536,0.8919,0,1,0,599213,6397,103619,4337,0.05925562266108415,0.4040432271287498
8537,0.8921,2,3,2,599216,6394,103621,4335,0.059227833561821486,0.40404511138037097
8538,0.8923,7,7,7,599223,6387,103628,4328,0.0591629923302086,0.4039197386840877
8539,0.8924,5,3,5,599226,6384,103633,4323,0.05913520323094594,0.40375455309610536
8540,0.8925,2,11,2,599237,6373,103635,4321,0.059033309866982846,0.4040583504769029
8541,0.8926,2,6,2,599243,6367,103637,4319,0.05897773166845752,0.404173685195583
8542,0.8927,4,6,4,599249,6361,103641,4315,0.058922153469932195,0.40417759460472086
8543,0.8928,1,5,1,599254,6356,103642,4314,0.05887583830449442,0.40431115276476104
8544,0.8929,8,9,8,599263,6347,103650,4306,0.05879247100670643,0.40420538815357177
8545,0.893,1,2,1,599265,6345,103651,4305,0.05877394494053133,0.4042253521126761
8546,0.8931,1,5,1,599270,6340,103652,4304,0.058727629775093555,0.40435926343479894
8547,0.8932,2,2,2,599272,6338,103654,4302,0.05870910370891845,0.4043233082706767
8548,0.8933,15,28,15,599300,6310,103669,4287,0.05844973878246693,0.40454845711050297
8549,0.8934,1,3,1,599303,6307,103670,4286,0.05842194968320427,0.4046068158217691
8550,0.8935,1,0,1,599303,6307,103671,4285,0.05842194968320427,0.40455060422960726
8551,0.8936,3,7,3,599310,6300,103674,4282,0.05835710845159139,0.40464940464940463
8552,0.8937,6,2,6,599312,6298,103680,4276,0.05833858238541628,0.4043881218082088
8553,0.8938,1,2,1,599314,6296,103681,4275,0.05832005631924117,0.40440828682243873
8554,0.8939,4,8,4,599322,6288,103685,4271,0.05824595205454074,0.4044890614641538
8555,0.894,2,6,2,599328,6282,103687,4269,0.058190373856015415,0.4046061984646005
8556,0.8941,3,4,3,599332,6278,103690,4266,0.0581533217236652,0.40459028831562976
8557,0.8942,2,1,2,599333,6277,103692,4264,0.05814405869057764,0.40451570059766623
8558,0.8943,3,1,3,599334,6276,103695,4261,0.058134795657490086,0.4043845496820727
8559,0.8944,7,16,7,599350,6260,103702,4254,0.05798658712808922,0.404603385961575
8560,0.8945,5,10,5,599360,6250,103707,4249,0.05789395679721368,0.4047052100200019
8561,0.8946,0,1,0,599361,6249,103707,4249,0.057884693764126124,0.4047437607163269
8562,0.8947,4,5,4,599366,6244,103711,4245,0.05783837859868835,0.4047096958718658
8563,0.8948,1,1,1,599367,6243,103712,4244,0.0578291155656008,0.4046915228377992
8564,0.8949,0,4,0,599371,6239,103712,4244,0.057792063433250586,0.4048459410474101
8565,0.895,7,11,7,599382,6228,103719,4237,0.057690170069287484,0.4048733874820831
8566,0.8951,0,2,0,599384,6226,103719,4237,0.05767164400311238,0.4049507789352958
8567,0.8952,3,8,3,599392,6218,103722,4234,0.057597539738411946,0.4050899349406812
8568,0.8953,5,7,5,599399,6211,103727,4229,0.05753269850679907,0.4050766283524904
8569,0.8954,5,4,5,599403,6207,103732,4224,0.05749564637444885,0.40494679321253957
8570,0.8955,0,2,0,599405,6205,103732,4224,0.05747712030827374,0.4050244510499568
8571,0.8956,3,5,3,599410,6200,103735,4221,0.057430805142835974,0.4050475002399002
8572,0.8957,6,15,6,599425,6185,103741,4215,0.057291859646522655,0.40528846153846154
8573,0.8958,5,12,5,599437,6173,103746,4210,0.057180703249472005,0.40547048059327745
8574,0.8959,7,11,7,599448,6162,103753,4203,0.05707880988550891,0.40549927641099853
8575,0.896,5,2,5,599450,6160,103758,4198,0.057060283819333805,0.40529059664027806
8576,0.8961,4,8,4,599458,6152,103762,4194,0.05698617955463337,0.40537405760680456
8577,0.8962,0,5,0,599463,6147,103762,4194,0.0569398643891956,0.40557006092254133
8578,0.8963,2,6,2,599469,6141,103764,4192,0.05688428619067027,0.4056905061453595
8579,0.8964,6,14,6,599483,6127,103770,4186,0.056754603727444515,0.40589547173470375
8580,0.8965,2,1,2,599484,6126,103772,4184,0.05674534069435696,0.405819592628516
8581,0.8966,1,1,1,599485,6125,103773,4183,0.0567360776612694,0.4058013193636011
8582,0.8967,30,67,30,599552,6058,103803,4153,0.05611545444440327,0.40671824502986975
8583,0.8968,2,4,2,599556,6054,103805,4151,0.056078402312053056,0.40676139147476725
8584,0.8969,6,9,6,599565,6045,103811,4145,0.055995035014265074,0.4067713444553484
8585,0.8971,3,8,3,599573,6037,103814,4142,0.05592093074956464,0.4069162000196483
8586,0.8972,4,6,4,599579,6031,103818,4138,0.05586535255103931,0.40692300127839515
8587,0.8973,2,8,2,599587,6023,103820,4136,0.05579124828633888,0.4071266856974112
8588,0.8974,0,1,0,599588,6022,103820,4136,0.05578198525325132,0.4071667651112424
8589,0.8975,6,11,6,599599,6011,103826,4130,0.05568009188928823,0.40725766689675574
8590,0.8977,1,2,1,599601,6009,103827,4129,0.05566156582311312,0.4072795423160387
8591,0.8979,3,7,3,599608,6002,103830,4126,0.05559672459150024,0.4073854660347551
8592,0.8981,4,6,4,599614,5996,103834,4122,0.055541146392974916,0.40739276536864993
8593,0.8982,3,5,3,599619,5991,103837,4119,0.05549483122753714,0.40741839762611276
8594,0.8983,1,11,1,599630,5980,103838,4118,0.05539293786357405,0.4078035254505843
8595,0.8985,2,1,2,599631,5979,103840,4116,0.05538367483048649,0.4077265973254086
8596,0.8986,2,3,2,599634,5976,103842,4114,0.05535588573122383,0.4077304261645193
8597,0.8987,0,4,0,599638,5972,103842,4114,0.055318833598873615,0.4078921277017648
8598,0.8988,5,5,5,599643,5967,103847,4109,0.05527251843343584,0.4078007145692735
8599,0.8989,3,7,3,599650,5960,103850,4106,0.055207677201822965,0.4079078084641367
8600,0.899,12,15,12,599665,5945,103862,4094,0.05506873170550965,0.40780954278314574
8601,0.8991,5,4,5,599669,5941,103867,4089,0.05503167957315944,0.40767696909272183
8602,0.8992,4,3,4,599672,5938,103871,4085,0.055003890473896776,0.40756260600618577
8603,0.8993,0,2,0,599674,5936,103871,4085,0.054985364407721664,0.4076439477098094
8604,0.8994,6,12,6,599686,5924,103877,4079,0.05487420801067101,0.40777766669999
8605,0.8996,4,10,4,599696,5914,103881,4075,0.054781577679795475,0.4079487436179798
8606,0.8999,6,7,6,599703,5907,103887,4069,0.05471673644818259,0.40787890938251803
8607,0.9,459,775,459,600478,5132,104346,3610,0.0475378858053281,0.41294898192633267
8608,0.9001,2,0,2,600478,5132,104348,3608,0.0475378858053281,0.4128146453089245
8609,0.9002,6,8,6,600486,5124,104354,3602,0.047463781540627664,0.41278936511574604
8610,0.9003,0,4,0,600490,5120,104354,3602,0.04742672940827745,0.41297867461591375
8611,0.9004,1,0,1,600490,5120,104355,3601,0.04742672940827745,0.4129113633757597
8612,0.9005,5,4,5,600494,5116,104360,3596,0.04738967727592723,0.41276400367309457
8613,0.9006,2,10,2,600504,5106,104362,3594,0.047297046945051685,0.4131034482758621
8614,0.9007,4,4,4,600508,5102,104366,3590,0.04725999481270147,0.41302346985734006
8615,0.9008,2,2,2,600510,5100,104368,3588,0.04724146874652636,0.4129834254143646
8616,0.9009,4,0,4,600510,5100,104372,3584,0.04724146874652636,0.41271303546752647
8617,0.901,0,2,0,600512,5098,104372,3584,0.04722294268035125,0.4128081087307072
8618,0.9012,1,1,1,600513,5097,104373,3583,0.0472136796472637,0.41278801843317975
8619,0.9013,3,9,3,600522,5088,104376,3580,0.04713031234947571,0.41301338255652975
8620,0.9014,13,11,13,600533,5077,104389,3567,0.04702841898551262,0.41265617769551133
8621,0.9015,2,2,2,600535,5075,104391,3565,0.047009892919337506,0.41261574074074076
8622,0.9016,1,3,1,600538,5072,104392,3564,0.046982103820074846,0.412691060676239
8623,0.9017,15,22,15,600560,5050,104407,3549,0.04677831709214866,0.4127224095825096
8624,0.9019,2,1,2,600561,5049,104409,3547,0.0467690540590611,0.4126337831549558
8625,0.902,0,1,0,600562,5048,104409,3547,0.046759791025973545,0.41268179173938335
8626,0.9021,3,6,3,600568,5042,104412,3544,0.04670421282744822,0.4127649662240857
8627,0.9022,12,11,12,600579,5031,104424,3532,0.04660231946348512,0.4124722643933201
8628,0.9024,21,39,21,600618,4992,104445,3511,0.04624106117307051,0.4129130894978243
8629,0.9025,3,0,3,600618,4992,104448,3508,0.04624106117307051,0.4127058823529412
8630,0.9026,0,1,0,600619,4991,104448,3508,0.04623179813998295,0.4127544416990234
8631,0.9027,6,8,6,600627,4983,104454,3502,0.04615769387528252,0.41272834413671183
8632,0.9028,5,8,5,600635,4975,104459,3497,0.046083589610582086,0.41277148253068935
8633,0.9029,1,0,1,600635,4975,104460,3496,0.046083589610582086,0.4127021603116515
8634,0.903,1,0,1,600635,4975,104461,3495,0.046083589610582086,0.41263282172373084
8635,0.9031,15,8,15,600643,4967,104476,3480,0.04600948534588165,0.4119805848230141
8636,0.9032,3,3,3,600646,4964,104479,3477,0.04598169624661899,0.41191801919203885
8637,0.9033,5,7,5,600653,4957,104484,3472,0.045916855015006114,0.4119112587495551
8638,0.9034,2,1,2,600654,4956,104486,3470,0.04590759198191856,0.41182055542368856
8639,0.9035,2,6,2,600660,4950,104488,3468,0.045852013783393236,0.4119743406985032
8640,0.9036,4,10,4,600670,4940,104492,3464,0.04575938345251769,0.4121846739647787
8641,0.9037,3,2,3,600672,4938,104495,3461,0.045740857386342586,0.4120728658173592
8642,0.9038,0,4,0,600676,4934,104495,3461,0.04570380525399237,0.41226920786182253
8643,0.9039,2,4,2,600680,4930,104497,3459,0.04566675312164215,0.4123256645607343
8644,0.904,1,5,1,600685,4925,104498,3458,0.04562043795620438,0.41250149111296674
8645,0.9042,10,29,10,600714,4896,104508,3448,0.045351809996665306,0.41323106423777567
8646,0.9045,0,2,0,600716,4894,104508,3448,0.0453332839304902,0.4133301366578758
8647,0.9046,3,3,3,600719,4891,104511,3445,0.04530549483122754,0.41326775431861806
8648,0.9047,2,8,2,600727,4883,104513,3443,0.045231390566527106,0.413523901032909
8649,0.9048,12,14,12,600741,4869,104525,3431,0.045101708103301344,0.4133734939759036
8650,0.9049,2,0,2,600741,4869,104527,3429,0.045101708103301344,0.41323210412147504
8651,0.905,20,42,20,600783,4827,104547,3409,0.04471266071362407,0.4139145216124332
8652,0.9051,3,5,3,600788,4822,104550,3406,0.0446663455481863,0.4139523578026252
8653,0.9052,2,8,2,600796,4814,104552,3404,0.044592241283485864,0.414212703820881
8654,0.9053,3,0,3,600796,4814,104555,3401,0.044592241283485864,0.41399878271454654
8655,0.9054,1,3,1,600799,4811,104556,3400,0.044564452184223204,0.4140786749482402
8656,0.9055,2,2,2,600801,4809,104558,3398,0.04454592611804809,0.4140367978554892
8657,0.9056,3,12,3,600813,4797,104561,3395,0.04443476972099744,0.4144287109375
8658,0.9057,2,3,2,600816,4794,104563,3393,0.04440698062173478,0.41443752290216196
8659,0.9058,14,6,14,600822,4788,104577,3379,0.04435140242320946,0.4137382147667442
8660,0.9059,1,3,1,600825,4785,104578,3378,0.04432361332394679,0.41381844909959575
8661,0.906,0,2,0,600827,4783,104578,3378,0.044305087257771686,0.41391986276191645
8662,0.9061,2,2,2,600829,4781,104580,3376,0.044286561191596574,0.41387765109721714
8663,0.9062,4,1,4,600830,4780,104584,3372,0.044277298158509025,0.41364082433758587
8664,0.9064,4,6,4,600836,4774,104588,3368,0.044221719959983696,0.41365757799066566
8665,0.9065,0,2,0,600838,4772,104588,3368,0.04420319389380859,0.41375921375921376
8666,0.9066,1,1,1,600839,4771,104589,3367,0.044193930860721035,0.41373801916932906
8667,0.9067,13,13,13,600852,4758,104602,3354,0.04407351143058283,0.41346153846153844
8668,0.9068,1,6,1,600858,4752,104603,3353,0.04401793323205751,0.4136952498457742
8669,0.9069,6,7,6,600865,4745,104609,3347,0.04395309200044462,0.4136183885318833
8670,0.907,0,2,0,600867,4743,104609,3347,0.04393456593426952,0.41372064276885046
8671,0.9071,7,8,7,600875,4735,104616,3340,0.043860461669569084,0.4136222910216718
8672,0.9072,2,1,2,600876,4734,104618,3338,0.04385119863648153,0.4135282457879088
8673,0.9073,1,4,1,600880,4730,104619,3337,0.04381414650413131,0.41366059253749843
8674,0.9074,3,8,3,600888,4722,104622,3334,0.04374004223943088,0.4138530287984111
8675,0.9076,1,6,1,600894,4716,104623,3333,0.043684464040905556,0.4140887066716362
8676,0.9079,0,5,0,600899,4711,104623,3333,0.04363814887546778,0.4143460964694182
8677,0.908,3,3,3,600902,4708,104626,3330,0.04361035977620512,0.4142821597412292
8678,0.9081,4,0,4,600902,4708,104630,3326,0.04361035977620512,0.41399054020413245
8679,0.9082,1,4,1,600906,4704,104631,3325,0.043573307643854906,0.4141238012205754
8680,0.9083,32,70,32,600976,4634,104663,3293,0.04292489532772611,0.41541566797022833
8681,0.9084,3,1,3,600977,4633,104666,3290,0.04291563229463856,0.4152467499684463
8682,0.9085,1,3,1,600980,4630,104667,3289,0.04288784319537589,0.415330218461927
8683,0.9086,5,1,5,600981,4629,104672,3284,0.04287858016228834,0.4150132693036775
8684,0.9088,1,3,1,600984,4626,104673,3283,0.042850791063025674,0.4150967252497155
8685,0.9089,2,12,2,600996,4614,104675,3281,0.042739634665975024,0.4155794806839772
8686,0.909,7,10,7,601006,4604,104682,3274,0.042647004335099485,0.41558771261741556
8687,0.9091,2,4,2,601010,4600,104684,3272,0.04260995220274927,0.41565040650406504
8688,0.9092,11,5,11,601015,4595,104695,3261,0.042563637037311496,0.4150967413441955
8689,0.9093,4,10,4,601025,4585,104699,3257,0.04247100670643596,0.41532772251976535
8690,0.9094,1,10,1,601035,4575,104700,3256,0.04237837637556041,0.4157834248499553
8691,0.9095,0,3,0,601038,4572,104700,3256,0.04235058727629775,0.4159427695452223
8692,0.9096,3,9,3,601047,4563,104703,3253,0.04226721997850976,0.41619754350051175
8693,0.9098,4,3,4,601050,4560,104707,3249,0.0422394308792471,0.41605839416058393
8694,0.9099,9,9,9,601059,4551,104716,3240,0.04215606358145911,0.4158644589911436
8695,0.91,27,53,27,601112,4498,104743,3213,0.04166512282781874,0.4166774737388147
8696,0.9101,5,4,5,601116,4494,104748,3208,0.041628070695468526,0.416515190859517
8697,0.9102,3,1,3,601117,4493,104751,3205,0.04161880766238097,0.4163419069888283
8698,0.9103,2,2,2,601119,4491,104753,3203,0.04160028159620586,0.41629841434884324
8699,0.9104,2,2,2,601121,4489,104755,3201,0.04158175553003075,0.4162548764629389
8700,0.9106,2,4,2,601125,4485,104757,3199,0.04154470339768054,0.4163196251952108
8701,0.9107,10,9,10,601134,4476,104767,3189,0.04146133609989255,0.4160469667318982
8702,0.9108,2,5,2,601139,4471,104769,3187,0.04141502093445478,0.41616610080961086
8703,0.9109,0,4,0,601143,4467,104769,3187,0.041377968802104564,0.4163835902795924
8704,0.9111,3,2,3,601145,4465,104772,3184,0.04135944273592945,0.4162635638645575
8705,0.9112,1,2,1,601147,4463,104773,3183,0.04134091666975435,0.4162961025372744
8706,0.9113,1,3,1,601150,4460,104774,3182,0.04131312757049168,0.4163831457733578
8707,0.9114,5,13,5,601163,4447,104779,3177,0.04119270814035348,0.416710388247639
8708,0.9115,1,3,1,601166,4444,104780,3176,0.04116491904109081,0.4167979002624672
8709,0.9117,5,11,5,601177,4433,104785,3171,0.04106302567712772,0.41701735928458705
8710,0.9118,2,0,2,601177,4433,104787,3169,0.04106302567712772,0.4168639831623257
8711,0.9119,2,2,2,601179,4431,104789,3167,0.04104449961095261,0.4168202158462753
8712,0.9121,2,2,2,601181,4429,104791,3165,0.0410259735447775,0.4167764024229655
8713,0.9122,6,5,6,601186,4424,104797,3159,0.04097965837933973,0.4165897402083608
8714,0.9124,5,8,5,601194,4416,104802,3154,0.040905554114639295,0.4166446499339498
8715,0.9125,8,15,8,601209,4401,104810,3146,0.040766608618325983,0.4168543792235325
8716,0.9126,1,4,1,601213,4397,104811,3145,0.04072955648597577,0.416998143728454
8717,0.9127,4,4,4,601217,4393,104815,3141,0.04069250435362555,0.416910007963897
8718,0.9128,2,4,2,601221,4389,104817,3139,0.04065545222127533,0.4169766206163656
8719,0.9129,1,3,1,601224,4386,104818,3138,0.04062766312201267,0.41706539074960125
8720,0.913,0,2,0,601226,4384,104818,3138,0.04060913705583756,0.41717628290348313
8721,0.9131,6,11,6,601237,4373,104824,3132,0.040507243691874466,0.4173217854763491
8722,0.9132,0,3,0,601240,4370,104824,3132,0.040479454592611805,0.4174886696880832
8723,0.9133,24,46,24,601286,4324,104848,3108,0.040053355070584315,0.41819160387513454
8724,0.9135,4,7,4,601293,4317,104852,3104,0.03998851383897143,0.41827247001751783
8725,0.9137,1,0,1,601293,4317,104853,3103,0.03998851383897143,0.4181940700808625
8726,0.9139,11,7,11,601300,4310,104864,3092,0.03992367260735855,0.4177249392056201
8727,0.914,4,5,4,601305,4305,104868,3088,0.03987735744192078,0.41769241174083593
8728,0.9142,1,0,1,601305,4305,104869,3087,0.03987735744192078,0.41761363636363635
8729,0.9143,3,6,3,601311,4299,104872,3084,0.03982177924339546,0.41771637545713125
8730,0.9144,11,5,11,601316,4294,104883,3073,0.039775464077957685,0.4171304465861273
8731,0.9146,5,5,5,601321,4289,104888,3068,0.03972914891251991,0.4170178061709936
8732,0.9147,6,2,6,601323,4287,104894,3062,0.03971062284634481,0.4166553272554089
8733,0.9148,2,3,2,601326,4284,104896,3060,0.03968283374708215,0.4166666666666667
8734,0.9149,2,6,2,601332,4278,104898,3058,0.03962725554855682,0.4168484187568157
8735,0.915,7,13,7,601345,4265,104905,3051,0.03950683611841861,0.4170311645708037
8736,0.9151,0,1,0,601346,4264,104905,3051,0.03949757308533106,0.41708817498291184
8737,0.9152,2,8,2,601354,4256,104907,3049,0.03942346882063063,0.41738535249828884
8738,0.9153,4,6,4,601360,4250,104911,3045,0.0393678906221053,0.4174091843728581
8739,0.9154,0,1,0,601361,4249,104911,3045,0.03935862758901775,0.41746641074856045
8740,0.9155,3,5,3,601366,4244,104914,3042,0.03931231242357998,0.4175130387043645
8741,0.9156,3,5,3,601371,4239,104917,3039,0.039265997258142206,0.41755976916735366
8742,0.9157,11,12,11,601383,4227,104928,3028,0.039154840861091555,0.41736733287388006
8743,0.9159,2,5,2,601388,4222,104930,3026,0.03910852569565378,0.4174944812362031
8744,0.9161,2,1,2,601389,4221,104932,3024,0.039099262662566234,0.41739130434782606
8745,0.9162,8,4,8,601393,4217,104940,3016,0.03906221053021602,0.41697774090971934
8746,0.9164,4,13,4,601406,4204,104944,3012,0.03894179110007781,0.4174057649667406
8747,0.9165,1,3,1,601409,4201,104945,3011,0.03891400200081515,0.41749861342207434
8748,0.9166,0,5,0,601414,4196,104945,3011,0.03886768683537738,0.4177882614125156
8749,0.9167,84,179,84,601593,4017,105029,2927,0.037209603912705176,0.42151497695852536
8750,0.9168,0,5,0,601598,4012,105029,2927,0.0371632887472674,0.4218187058653985
8751,0.9171,1,0,1,601598,4012,105030,2926,0.0371632887472674,0.42173537042375325
8752,0.9172,2,0,2,601598,4012,105032,2924,0.0371632887472674,0.4215686274509804
8753,0.9174,5,5,5,601603,4007,105037,2919,0.03711697358182964,0.4214553855038983
8754,0.9175,5,13,5,601616,3994,105042,2914,0.03699655415169143,0.4218297625940938
8755,0.9176,5,5,5,601621,3989,105047,2909,0.03695023898625366,0.421716439547695
8756,0.9177,1,2,1,601623,3987,105048,2908,0.036931712920078553,0.42175489485134154
8757,0.9178,0,4,0,601627,3983,105048,2908,0.03689466078772834,0.4219997097663619
8758,0.9179,0,5,0,601632,3978,105048,2908,0.036848345622290564,0.4223061283764159
8759,0.918,1,0,1,601632,3978,105049,2907,0.036848345622290564,0.4222222222222222
8760,0.9181,4,19,4,601651,3959,105053,2903,0.036672347993627036,0.42305450306033227
8761,0.9182,7,10,7,601661,3949,105060,2896,0.03657971766275149,0.4230825420014609
8762,0.9183,6,10,6,601671,3939,105066,2890,0.03648708733187595,0.4231951969541661
8763,0.9186,1,2,1,601673,3937,105067,2889,0.03646856126570084,0.423234690887782
8764,0.9187,2,6,2,601679,3931,105069,2887,0.03641298306717552,0.42343795834555586
8765,0.9188,2,2,2,601681,3929,105071,2885,0.036394457001000406,0.4233930143821544
8766,0.9189,3,6,3,601687,3923,105074,2882,0.036338878802475084,0.4235121234386481
8767,0.919,12,20,12,601707,3903,105086,2870,0.036153618140724,0.42374132585265023
8768,0.9192,4,7,4,601714,3896,105090,2866,0.03608877690911112,0.4238391008577344
8769,0.9193,0,3,0,601717,3893,105090,2866,0.036060987809848455,0.42402722296197665
8770,0.9195,7,5,7,601722,3888,105097,2859,0.03601467264441069,0.42374388617163183
8771,0.9196,4,10,4,601732,3878,105101,2855,0.035922042313535144,0.42403089261844645
8772,0.9198,3,5,3,601737,3873,105104,2852,0.03587572714809737,0.424089219330855
8773,0.9199,0,7,0,601744,3866,105104,2852,0.03581088591648449,0.42453111044953856
8774,0.92,2,15,2,601759,3851,105106,2850,0.03567194042017118,0.42530965527533204
8775,0.9201,3,10,3,601769,3841,105109,2847,0.035579310089295636,0.4256877990430622
8776,0.9203,2,4,2,601773,3837,105111,2845,0.03554225795694542,0.42577072732714755
8777,0.9204,1,5,1,601778,3832,105112,2844,0.035495942791507654,0.42600359496704615
8778,0.9205,0,1,0,601779,3831,105112,2844,0.0354866797584201,0.4260674157303371
8779,0.9206,0,2,0,601781,3829,105112,2844,0.035468153692244986,0.42619511464109094
8780,0.9207,0,3,0,601784,3826,105112,2844,0.035440364592982325,0.42638680659670164
8781,0.9208,6,10,6,601794,3816,105118,2838,0.035347734262106786,0.4265103697024346
8782,0.921,0,4,0,601798,3812,105118,2838,0.03531068212975657,0.4267669172932331
8783,0.9211,1,3,1,601801,3809,105119,2837,0.0352828930304939,0.4268733072524827
8784,0.9212,0,2,0,601803,3807,105119,2837,0.0352643669643188,0.427001806140879
8785,0.9213,1,0,1,601803,3807,105120,2836,0.0352643669643188,0.4269155502032214
8786,0.9214,9,8,9,601811,3799,105129,2827,0.03519026269961836,0.42665258074252943
8787,0.9216,3,4,3,601815,3795,105132,2824,0.035153210567268146,0.42665055144281616
8788,0.9217,18,25,18,601840,3770,105150,2806,0.03492163474007929,0.42670316301703165
8789,0.9218,0,3,0,601843,3767,105150,2806,0.03489384564081663,0.4268979157158071
8790,0.9219,1,3,1,601846,3764,105151,2805,0.03486605654155397,0.42700563251636475
8791,0.9221,2,3,2,601849,3761,105153,2803,0.03483826744229131,0.4270262035344302
8792,0.9222,12,11,12,601860,3750,105165,2791,0.034736374078328205,0.4266931661825409
8793,0.9223,0,1,0,601861,3749,105165,2791,0.034727111045240656,0.4267584097859327
8794,0.9224,3,4,3,601865,3745,105168,2788,0.03469005891289044,0.4267564671666922
8795,0.9225,7,13,7,601878,3732,105175,2781,0.03456963948275223,0.4269921695071396
8796,0.9226,4,4,4,601882,3728,105179,2777,0.034532587350402016,0.426902382782475
8797,0.9227,0,3,0,601885,3725,105179,2777,0.034504798251139356,0.4270993540449093
8798,0.9229,5,4,5,601889,3721,105184,2772,0.03446774611878914,0.4269212998613892
8799,0.9231,0,2,0,601891,3719,105184,2772,0.03444922005261403,0.4270528423971653
8800,0.9232,6,14,6,601905,3705,105190,2766,0.03431953758938827,0.4274455261937877
8801,0.9233,6,7,6,601912,3698,105196,2760,0.03425469635777539,0.4273768968720966
8802,0.9235,1,3,1,601915,3695,105197,2759,0.034226907258512726,0.427486829872947
8803,0.9236,1,1,1,601916,3694,105198,2758,0.03421764422542517,0.4274643521388717
8804,0.9237,1,1,1,601917,3693,105199,2757,0.03420838119233762,0.4274418604651163
8805,0.9238,6,10,6,601927,3683,105205,2751,0.034115750861462076,0.42757227230338823
8806,0.9239,7,8,7,601935,3675,105212,2744,0.03404164659676164,0.42748091603053434
8807,0.924,1,3,1,601938,3672,105213,2743,0.03401385749749898,0.42759158222915045
8808,0.9242,2,4,2,601942,3668,105215,2741,0.033976805365148764,0.42767982524574816
8809,0.9244,4,1,4,601943,3667,105219,2737,0.03396754233206121,0.4273891317926296
8810,0.9245,1,4,1,601947,3663,105220,2736,0.03393049019971099,0.42756680731364277
8811,0.9246,5,6,5,601953,3657,105225,2731,0.03387491200118567,0.4275203506574828
8812,0.9247,4,2,4,601955,3655,105229,2727,0.03385638593501056,0.4272955186461924
8813,0.9248,9,7,9,601962,3648,105238,2718,0.03379154470339768,0.42695570216776624
8814,0.9249,0,5,0,601967,3643,105238,2718,0.03374522953795991,0.42729130639836505
8815,0.925,71,159,71,602126,3484,105309,2647,0.03227240727703879,0.4317403359973903
8816,0.9251,0,3,0,602129,3481,105309,2647,0.03224461817777613,0.43195169712793735
8817,0.9253,1,1,1,602130,3480,105310,2646,0.032235355144688574,0.43192948090107736
8818,0.9254,0,1,0,602131,3479,105310,2646,0.032226092111601025,0.432
8819,0.9255,1,2,1,602133,3477,105311,2645,0.03220756604542591,0.4320483502123489
8820,0.9256,1,4,1,602137,3473,105312,2644,0.032170513913075696,0.4322380251757397
8821,0.9257,4,8,4,602145,3465,105316,2640,0.03209640964837526,0.43243243243243246
8822,0.9258,7,4,7,602149,3461,105323,2633,0.032059357516025046,0.4320643255661306
8823,0.926,1,3,1,602152,3458,105324,2632,0.032031568416762385,0.432183908045977
8824,0.9261,0,1,0,602153,3457,105324,2632,0.03202230538367483,0.4322548858597471
8825,0.9262,3,2,3,602155,3455,105327,2629,0.032003779317499724,0.43211702827087445
8826,0.9264,4,3,4,602158,3452,105331,2625,0.031975990218237056,0.43195655751193024
8827,0.9266,2,2,2,602160,3450,105333,2623,0.03195746415206195,0.4319117404906965
8828,0.9267,19,38,19,602198,3412,105352,2604,0.031605468894734895,0.4328457446808511
8829,0.9269,0,1,0,602199,3411,105352,2604,0.03159620586164734,0.43291770573566085
8830,0.927,4,3,4,602202,3408,105356,2600,0.03156841676238468,0.43275632490013316
8831,0.9271,5,3,5,602205,3405,105361,2595,0.03154062766312201,0.4325
8832,0.9272,1,6,1,602211,3399,105362,2594,0.03148504946459669,0.4328383113632571
8833,0.9274,17,13,17,602224,3386,105379,2577,0.03136463003445848,0.4321650176085863
8834,0.9275,0,5,0,602229,3381,105379,2577,0.03131831486902071,0.432527693856999
8835,0.9277,0,3,0,602232,3378,105379,2577,0.03129052576975805,0.4327455919395466
8836,0.9278,2,5,2,602237,3373,105381,2575,0.03124421060432028,0.4329186281102892
8837,0.928,1,0,1,602237,3373,105382,2574,0.03124421060432028,0.43282327223810324
8838,0.9281,0,2,0,602239,3371,105382,2574,0.03122568453814517,0.43296888141295203
8839,0.9282,3,0,3,602239,3371,105385,2571,0.03122568453814517,0.43268259845169976
8840,0.9283,0,1,0,602240,3370,105385,2571,0.031216421505057615,0.4327554283790608
8841,0.9284,2,3,2,602243,3367,105387,2569,0.031188632405794954,0.43278301886792453
8842,0.9285,0,1,0,602244,3366,105387,2569,0.031179369372707398,0.4328559393428812
8843,0.9286,1,9,1,602253,3357,105388,2568,0.031096002074919412,0.43341772151898733
8844,0.9287,3,5,3,602258,3352,105391,2565,0.03104968690948164,0.4334967044110191
8845,0.9289,1,0,1,602258,3352,105392,2564,0.03104968690948164,0.43340094658553074
8846,0.929,3,2,3,602260,3350,105395,2561,0.03103116084330653,0.4332600236846557
8847,0.9292,10,18,10,602278,3332,105405,2551,0.030864426247730555,0.43362230154682985
8848,0.9293,0,3,0,602281,3329,105405,2551,0.030836637148467894,0.433843537414966
8849,0.9294,2,2,2,602283,3327,105407,2549,0.030818111082292786,0.43379850238257317
8850,0.9295,1,7,1,602290,3320,105408,2548,0.030753269850679908,0.4342194955691888
8851,0.9296,2,1,2,602291,3319,105410,2546,0.030744006817592352,0.4341005967604433
8852,0.9297,2,3,2,602294,3316,105412,2544,0.03071621771832969,0.4341296928327645
8853,0.9298,4,9,4,602303,3307,105416,2540,0.030632850420541702,0.4344108089618608
8854,0.9299,6,8,6,602311,3299,105422,2534,0.030558746155841268,0.4344248242756729
8855,0.93,44,68,44,602379,3231,105466,2490,0.029928859905887582,0.4352385946512847
8856,0.9301,1,1,1,602380,3230,105467,2489,0.02991959687280003,0.43521594684385384
8857,0.9302,3,2,3,602382,3228,105470,2486,0.02990107080662492,0.4350717535876794
8858,0.9303,2,3,2,602385,3225,105472,2484,0.029873281707362257,0.4351024697845507
8859,0.9306,5,6,5,602391,3219,105477,2479,0.029817703508836932,0.43506493506493504
8860,0.9307,4,3,4,602394,3216,105481,2475,0.02978991440957427,0.4348972061149183
8861,0.9309,0,2,0,602396,3214,105481,2475,0.029771388343399163,0.43505009667779926
8862,0.931,0,1,0,602397,3213,105481,2475,0.02976212531031161,0.435126582278481
8863,0.9311,2,8,2,602405,3205,105483,2473,0.029688021045611176,0.4355406833392039
8864,0.9312,1,2,1,602407,3203,105484,2472,0.029669494979436068,0.4355947136563877
8865,0.9314,2,6,2,602413,3197,105486,2470,0.029613916780910743,0.4358567143109229
8866,0.9315,1,5,1,602418,3192,105487,2469,0.02956760161547297,0.43614202437731847
8867,0.9316,0,2,0,602420,3190,105487,2469,0.02954907554929786,0.4362961654002474
8868,0.9317,0,1,0,602421,3189,105487,2469,0.02953981251621031,0.43637327677624604
8869,0.9318,4,0,4,602421,3189,105491,2465,0.02953981251621031,0.4359745313052706
8870,0.9319,2,3,2,602424,3186,105493,2463,0.029512023416947645,0.4360063728093468
8871,0.932,0,2,0,602426,3184,105493,2463,0.029493497350772536,0.4361607933415973
8872,0.9321,2,0,2,602426,3184,105495,2461,0.029493497350772536,0.43596102745792736
8873,0.9322,1,0,1,602426,3184,105496,2460,0.029493497350772536,0.4358610914245216
8874,0.9324,1,8,1,602434,3176,105497,2459,0.029419393086072103,0.43637976929902395
8875,0.9326,2,0,2,602434,3176,105499,2457,0.029419393086072103,0.43617965560092314
8876,0.9327,1,1,1,602435,3175,105500,2456,0.02941013005298455,0.43615698810158054
8877,0.9328,3,10,3,602445,3165,105503,2453,0.02931749972210901,0.4366322534709861
8878,0.9329,4,3,4,602448,3162,105507,2449,0.029289710622846344,0.43646408839779005
8879,0.9331,1,5,1,602453,3157,105508,2448,0.029243395457408575,0.4367528991971454
8880,0.9332,2,5,2,602458,3152,105510,2446,0.029197080291970802,0.4369417649160414
8881,0.9333,86,129,86,602587,3023,105596,2360,0.02800214902367631,0.43841723945755157
8882,0.9336,4,2,4,602589,3021,105600,2356,0.027983622957501203,0.4381625441696113
8883,0.9338,2,1,2,602590,3020,105602,2354,0.02797435992441365,0.4380349832526982
8884,0.9339,8,5,8,602595,3015,105610,2346,0.027928044758975878,0.43760492445439286
8885,0.934,3,3,3,602598,3012,105613,2343,0.027900255659713217,0.43753501400560224
8886,0.9342,7,7,7,602605,3005,105620,2336,0.027835414428100336,0.43737127878674403
8887,0.9346,1,2,1,602607,3003,105621,2335,0.027816888361925227,0.43742974896965153
8888,0.9348,5,2,5,602609,3001,105626,2330,0.02779836229575012,0.4370662164697055
8889,0.9349,1,0,1,602609,3001,105627,2329,0.02779836229575012,0.43696060037523454
8890,0.935,21,45,21,602654,2956,105648,2308,0.02738152580681018,0.43844984802431614
8891,0.9352,1,6,1,602660,2950,105649,2307,0.027325947608284856,0.43884344683279436
8892,0.9353,4,2,4,602662,2948,105653,2303,0.027307421542109748,0.4385831270234241
8893,0.9356,1,2,1,602664,2946,105654,2302,0.02728889547593464,0.43864329268292684
8894,0.9357,22,17,22,602681,2929,105676,2280,0.02713142391344622,0.4377039738913419
8895,0.9358,3,3,3,602684,2926,105679,2277,0.027103634814183555,0.4376321353065539
8896,0.9359,2,2,2,602686,2924,105681,2275,0.027085108748008447,0.43758415079823043
8897,0.9361,0,5,0,602691,2919,105681,2275,0.027038793582570678,0.4380053908355795
8898,0.9362,1,2,1,602693,2917,105682,2274,0.02702026751639557,0.4380658832594876
8899,0.9363,2,1,2,602694,2916,105684,2272,0.027011004483308013,0.4379336931380108
8900,0.9364,2,3,2,602697,2913,105686,2270,0.026983215384045352,0.4379702874782944
8901,0.9365,0,4,0,602701,2909,105686,2270,0.026946163251695136,0.43830855377486
8902,0.9366,2,2,2,602703,2907,105688,2268,0.026927637185520027,0.43826086956521737
8903,0.9367,2,10,2,602713,2897,105690,2266,0.026835006854644485,0.4388921169862483
8904,0.937,0,1,0,602714,2896,105690,2266,0.02682574382155693,0.43897714064316157
8905,0.9371,4,3,4,602717,2893,105694,2262,0.02679795472229427,0.4387972841901067
8906,0.9373,0,1,0,602718,2892,105694,2262,0.026788691689206712,0.43888242142025613
8907,0.9375,11,20,11,602738,2872,105705,2251,0.02660343102745563,0.43939098184657427
8908,0.9376,1,2,1,602740,2870,105706,2250,0.026584904961280523,0.439453125
8909,0.9377,3,1,3,602741,2869,105709,2247,0.026575641928192967,0.4392103205629398
8910,0.9378,2,1,2,602742,2868,105711,2245,0.026566378895105415,0.439076862898494
8911,0.9379,5,5,5,602747,2863,105716,2240,0.026520063729667642,0.438957475994513
8912,0.938,3,3,3,602750,2860,105719,2237,0.02649227463040498,0.43888561899156364
8913,0.9381,8,12,8,602762,2848,105727,2229,0.02638111823335433,0.43903880244238724
8914,0.9383,10,23,10,602785,2825,105737,2219,0.026168068472340583,0.43992862807295796
8915,0.9384,0,3,0,602788,2822,105737,2219,0.02614027937307792,0.4401904384050784
8916,0.9385,1,0,1,602788,2822,105738,2218,0.02614027937307792,0.44007936507936507
8917,0.9386,0,2,0,602790,2820,105738,2218,0.026121753306902813,0.4402540690750298
8918,0.9389,7,21,7,602811,2799,105745,2211,0.025927229612064173,0.4413173652694611
8919,0.939,1,4,1,602815,2795,105746,2210,0.025890177479713956,0.44155844155844154
8920,0.9393,0,2,0,602817,2793,105746,2210,0.025871651413538848,0.44173495902458526
8921,0.9394,3,3,3,602820,2790,105749,2207,0.025843862314276187,0.44166499899939965
8922,0.9397,2,2,2,602822,2788,105751,2205,0.02582533624810108,0.4416182655718005
8923,0.9399,0,4,0,602826,2784,105751,2205,0.025788284115750862,0.44197233914612144
8924,0.94,20,27,20,602853,2757,105771,2185,0.025538182222386897,0.44212869283690814
8925,0.9401,0,6,0,602859,2751,105771,2185,0.025482604023861575,0.44266612641815234
8926,0.9402,2,6,2,602865,2745,105773,2183,0.02542702582533625,0.4429788961038961
8927,0.9407,3,6,3,602871,2739,105776,2180,0.025371447626810924,0.44317950803008743
8928,0.9409,4,4,4,602875,2735,105780,2176,0.025334395494460708,0.44308694766849926
8929,0.9411,1,3,1,602878,2732,105781,2175,0.025306606395198043,0.4432443448135317
8930,0.9412,0,3,0,602881,2729,105781,2175,0.025278817295935382,0.44351549755301795
8931,0.9413,3,4,3,602885,2725,105784,2172,0.025241765163585166,0.44353685930161324
8932,0.9414,1,4,1,602889,2721,105785,2171,0.02520471303123495,0.4437857726901063
8933,0.9416,4,4,4,602893,2717,105789,2167,0.025167660898884732,0.4436936936936937
8934,0.9417,55,104,55,602997,2613,105844,2112,0.024204305457779095,0.446984126984127
8935,0.9418,1,1,1,602998,2612,105845,2111,0.024195042424691542,0.4469616769002753
8936,0.9419,1,5,1,603003,2607,105846,2110,0.02414872725925377,0.4473182107271571
8937,0.9421,0,3,0,603006,2604,105846,2110,0.02412093815999111,0.44760288502333473
8938,0.9425,5,14,5,603020,2590,105851,2105,0.02399125569676535,0.4483493077742279
8939,0.9427,9,6,9,603026,2584,105860,2096,0.023935677498240025,0.4478632478632479
8940,0.9428,3,4,3,603030,2580,105863,2093,0.023898625365889808,0.4478921463727798
8941,0.9429,8,14,8,603044,2566,105871,2085,0.02376894290266405,0.44829069017415607
8942,0.943,3,1,3,603045,2565,105874,2082,0.023759679869576493,0.44803098773402195
8943,0.9431,0,3,0,603048,2562,105874,2082,0.023731890770313832,0.4483204134366925
8944,0.9433,9,19,9,603067,2543,105883,2073,0.0235558931416503,0.4490901213171577
8945,0.9434,1,0,1,603067,2543,105884,2072,0.0235558931416503,0.4489707475622969
8946,0.9435,1,2,1,603069,2541,105885,2071,0.023537367075475192,0.44904596704249783
8947,0.9438,0,1,0,603070,2540,105885,2071,0.02352810404238764,0.44914335285187595
8948,0.9439,2,3,2,603073,2537,105887,2069,0.023500314943124975,0.44919669995657835
8949,0.944,3,6,3,603079,2531,105890,2066,0.02344473674459965,0.44942353708940613
8950,0.9442,3,4,3,603083,2527,105893,2063,0.023407684612249433,0.4494553376906318
8951,0.9443,3,0,3,603083,2527,105896,2060,0.023407684612249433,0.4490952692391541
8952,0.9444,2,10,2,603093,2517,105898,2058,0.023315054281373895,0.4498360655737705
8953,0.9445,1,0,1,603093,2517,105899,2057,0.023315054281373895,0.44971578487101005
8954,0.9446,4,6,4,603099,2511,105903,2053,0.02325947608284857,0.44982471516213846
8955,0.945,11,12,11,603111,2499,105914,2042,0.02314831968579792,0.44968068707333186
8956,0.9451,5,8,5,603119,2491,105919,2037,0.023074215421097485,0.4498674911660777
8957,0.9453,0,1,0,603120,2490,105919,2037,0.02306495238800993,0.44996686547382375
8958,0.9454,0,1,0,603121,2489,105919,2037,0.023055689354922377,0.4500662836942112
8959,0.9457,4,5,4,603126,2484,105923,2033,0.023009374189484604,0.4500774850564534
8960,0.9458,3,0,3,603126,2484,105926,2030,0.023009374189484604,0.4497120070890563
8961,0.9459,0,6,0,603132,2478,105926,2030,0.02295379599095928,0.4503105590062112
8962,0.9463,2,1,2,603133,2477,105928,2028,0.022944532957871727,0.45016648168701445
8963,0.9464,10,4,10,603137,2473,105938,2018,0.02290748082552151,0.44934313070585613
8964,0.9465,5,3,5,603140,2470,105943,2013,0.022879691726258845,0.4490296676332813
8965,0.9467,36,59,36,603199,2411,105979,1977,0.02233317277409315,0.45054694621695535
8966,0.9468,1,0,1,603199,2411,105980,1976,0.02233317277409315,0.450421700478687
8967,0.947,0,1,0,603200,2410,105980,1976,0.022323909741005597,0.45052439580483356
8968,0.9471,2,2,2,603202,2408,105982,1974,0.022305383674830488,0.4504792332268371
8969,0.9472,7,4,7,603206,2404,105989,1967,0.02226833154248027,0.45001143902997026
8970,0.9475,3,9,3,603215,2395,105992,1964,0.022184964244692282,0.4505620555173205
8971,0.9476,2,2,2,603217,2393,105994,1962,0.022166438178517173,0.4505166475315729
8972,0.9477,1,2,1,603219,2391,105995,1961,0.022147912112342065,0.45059742647058826
8973,0.9478,0,3,0,603222,2388,105995,1961,0.022120123013079404,0.45090825477121177
8974,0.9479,0,1,0,603223,2387,105995,1961,0.022110859979991848,0.45101195952161915
8975,0.9481,3,4,3,603227,2383,105998,1958,0.02207380784764163,0.45104814558857403
8976,0.9482,9,8,9,603235,2375,106007,1949,0.021999703582941198,0.4507400555041628
8977,0.9483,10,4,10,603239,2371,106017,1939,0.02196265145059098,0.44988399071925755
8978,0.9484,0,1,0,603240,2370,106017,1939,0.02195338841750343,0.4499883963796705
8979,0.9485,0,1,0,603241,2369,106017,1939,0.021944125384415872,0.4500928505106778
8980,0.9489,3,3,3,603244,2366,106020,1936,0.02191633628515321,0.4500232450023245
8981,0.949,4,4,4,603248,2362,106024,1932,0.021879284152802995,0.44993013507219376
8982,0.9491,6,0,6,603248,2362,106030,1926,0.021879284152802995,0.449160447761194
8983,0.9492,2,2,2,603250,2360,106032,1924,0.021860758086627886,0.44911297852474324
8984,0.9496,1,1,1,603251,2359,106033,1923,0.02185149505354033,0.44908921064922935
8985,0.9497,3,2,3,603253,2357,106036,1920,0.021832968987365222,0.44891278933832124
8986,0.95,197,312,197,603565,2045,106233,1723,0.018942902664048317,0.4572717622080679
8987,0.9505,3,1,3,603566,2044,106236,1720,0.01893363963096076,0.4569606801275239
8988,0.9506,1,0,1,603566,2044,106237,1719,0.01893363963096076,0.4568163699176189
8989,0.9508,4,1,4,603567,2043,106241,1715,0.01892437659787321,0.45635976583288984
8990,0.9509,1,2,1,603569,2041,106242,1714,0.0189058505316981,0.45645805592543276
8991,0.9514,7,9,7,603578,2032,106249,1707,0.01882248323391011,0.45653918159935813
8992,0.9516,0,1,0,603579,2031,106249,1707,0.01881322020082256,0.456661316211878
8993,0.9522,0,1,0,603580,2030,106249,1707,0.018803957167735003,0.4567835161894568
8994,0.9524,26,19,26,603599,2011,106275,1681,0.018627959539071474,0.45530877573131096
8995,0.9525,1,1,1,603600,2010,106276,1680,0.01861869650598392,0.45528455284552843
8996,0.9526,0,1,0,603601,2009,106276,1680,0.018609433472896366,0.45540796963946867
8997,0.9527,9,9,9,603610,2000,106285,1671,0.018526066175108376,0.45518932171070553
8998,0.9528,1,0,1,603610,2000,106286,1670,0.018526066175108376,0.4550408719346049
8999,0.953,1,0,1,603610,2000,106287,1669,0.018526066175108376,0.45489234123739436
9000,0.9531,1,4,1,603614,1996,106288,1668,0.01848901404275816,0.45524017467248906
9001,0.9532,1,2,1,603616,1994,106289,1667,0.01847048797658305,0.4553400710188473
9002,0.9533,1,2,1,603618,1992,106290,1666,0.018451961910407943,0.4554401312192455
9003,0.9534,2,1,2,603619,1991,106292,1664,0.01844269887732039,0.45526675786593707
9004,0.9536,1,1,1,603620,1990,106293,1663,0.018433435844232834,0.455242266630167
9005,0.9539,0,1,0,603621,1989,106293,1663,0.018424172811145282,0.4553669222343921
9006,0.9541,1,0,1,603621,1989,106294,1662,0.018424172811145282,0.4552177485620378
9007,0.9542,6,10,6,603631,1979,106300,1656,0.01833154248026974,0.45557083906464924
9008,0.9544,1,0,1,603631,1979,106301,1655,0.01833154248026974,0.4554210236653825
9009,0.9546,3,2,3,603633,1977,106304,1652,0.01831301641409463,0.4552218241939928
9010,0.9548,4,4,4,603637,1973,106308,1648,0.018275964281744415,0.4551228942281138
9011,0.9549,0,3,0,603640,1970,106308,1648,0.01824817518248175,0.45550027639579876
9012,0.955,30,37,30,603677,1933,106338,1618,0.017905442958242247,0.4556462968177978
9013,0.9552,3,2,3,603679,1931,106341,1615,0.017886916892067138,0.4554427523970671
9014,0.9554,4,1,4,603680,1930,106345,1611,0.017877653858979586,0.4549562270545044
9015,0.9556,7,7,7,603687,1923,106352,1604,0.017812812627366705,0.4547774312446839
9016,0.9558,0,2,0,603689,1921,106352,1604,0.017794286561191596,0.4550354609929078
9017,0.9562,0,1,0,603690,1920,106352,1604,0.017785023528104044,0.4551645856980704
9018,0.9564,7,6,7,603696,1914,106359,1597,0.01772944532957872,0.45485616633437764
9019,0.9565,2,1,2,603697,1913,106361,1595,0.017720182296491162,0.4546750285062714
9020,0.9566,1,1,1,603698,1912,106362,1594,0.01771091926340361,0.45464917284654877
9021,0.9567,2,8,2,603706,1904,106364,1592,0.017636814998703176,0.45537757437070936
9022,0.9568,2,2,2,603708,1902,106366,1590,0.017618288932528068,0.45532646048109965
9023,0.9571,6,9,6,603717,1893,106372,1584,0.01753492163474008,0.455565142364107
9024,0.9576,0,1,0,603718,1892,106372,1584,0.017525658601652526,0.45569620253164556
9025,0.9578,3,2,3,603720,1890,106375,1581,0.017507132535477418,0.4554883318928263
9026,0.958,1,0,1,603720,1890,106376,1580,0.017507132535477418,0.4553314121037464
9027,0.9583,30,35,30,603755,1855,106406,1550,0.01718292637741302,0.4552129221732746
9028,0.9584,1,2,1,603757,1853,106407,1549,0.01716440031123791,0.45532039976484423
9029,0.9589,10,8,10,603765,1845,106417,1539,0.017090296046537477,0.45478723404255317
9030,0.959,1,2,1,603767,1843,106418,1538,0.017071769980362368,0.4548950014788524
9031,0.9596,2,1,2,603768,1842,106420,1536,0.017062506947274816,0.4547069271758437
9032,0.96,25,49,25,603817,1793,106445,1511,0.01660861832598466,0.45732445520581116
9033,0.9602,1,2,1,603819,1791,106446,1510,0.016590092259809553,0.4574371402605271
9034,0.9603,0,1,0,603820,1790,106446,1510,0.016580829226721997,0.4575757575757576
9035,0.9604,0,2,0,603822,1788,106446,1510,0.01656230316054689,0.4578532443905397
9036,0.9605,0,5,0,603827,1783,106446,1510,0.01651598799510912,0.45854843607652596
9037,0.9606,1,1,1,603828,1782,106447,1509,0.016506724962021564,0.4585232452142206
9038,0.9607,24,31,24,603859,1751,106471,1485,0.016219570936307385,0.4588998763906057
9039,0.9608,0,2,0,603861,1749,106471,1485,0.016201044870132277,0.45918367346938777
9040,0.9609,2,1,2,603862,1748,106473,1483,0.01619178183704472,0.4589910244506345
9041,0.9611,3,5,3,603867,1743,106476,1480,0.01614546667160695,0.45919950356810424
9042,0.9612,4,5,4,603872,1738,106480,1476,0.01609915150616918,0.45924082140634725
9043,0.9613,0,1,0,603873,1737,106480,1476,0.016089888473081626,0.45938375350140054
9044,0.9614,3,2,3,603875,1735,106483,1473,0.016071362406906518,0.4591645885286783
9045,0.9615,1,0,1,603875,1735,106484,1472,0.016071362406906518,0.4589959463673215
9046,0.9616,0,1,0,603876,1734,106484,1472,0.01606209937381896,0.4591391141609482
9047,0.9618,0,3,0,603879,1731,106484,1472,0.0160343102745563,0.4595691539182017
9048,0.9621,2,7,2,603886,1724,106486,1470,0.01596946904294342,0.4602379461490294
9049,0.9623,1,0,1,603886,1724,106487,1469,0.01596946904294342,0.4600689007203257
9050,0.9625,8,17,8,603903,1707,106495,1461,0.015811997480455,0.46117424242424243
9051,0.963,3,3,3,603906,1704,106498,1458,0.01578420838119234,0.46110056925996207
9052,0.9631,0,3,0,603909,1701,106498,1458,0.015756419281929675,0.46153846153846156
9053,0.9632,3,2,3,603911,1699,106501,1455,0.015737893215754566,0.46131896005072925
9054,0.9633,30,30,30,603941,1669,106531,1425,0.01546000222312794,0.46056884292178407
9055,0.9636,1,4,1,603945,1665,106532,1424,0.015422950090777725,0.46099061184849466
9056,0.9637,1,2,1,603947,1663,106533,1423,0.015404424024602617,0.4611147116007777
9057,0.9639,8,9,8,603956,1654,106541,1415,0.015321056726814629,0.46106223525578366
9058,0.9641,7,4,7,603960,1650,106548,1408,0.015284004594464412,0.460431654676259
9059,0.9642,1,2,1,603962,1648,106549,1407,0.015265478528289304,0.46055646481178397
9060,0.9643,2,2,2,603964,1646,106551,1405,0.015246952462114195,0.4605047525401508
9061,0.965,0,1,0,603965,1645,106551,1405,0.015237689429026641,0.460655737704918
9062,0.9651,1,1,1,603966,1644,106552,1404,0.015228426395939087,0.46062992125984253
9063,0.9652,3,4,3,603970,1640,106555,1401,0.01519137426358887,0.46070371588293324
9064,0.9653,1,1,1,603971,1639,106556,1400,0.015182111230501316,0.4606778545574202
9065,0.9655,4,1,4,603972,1638,106560,1396,0.015172848197413762,0.46011865524060647
9066,0.9656,1,1,1,603973,1637,106561,1395,0.015163585164326207,0.46009234828496043
9067,0.9657,6,9,6,603982,1628,106567,1389,0.01508021786653822,0.460391117003646
9068,0.9658,0,3,0,603985,1625,106567,1389,0.015052428767275557,0.4608493696084937
9069,0.9659,4,6,4,603991,1619,106571,1385,0.014996850568750232,0.46105193075898804
9070,0.9663,2,0,2,603991,1619,106573,1383,0.014996850568750232,0.46069287141905396
9071,0.9664,2,3,2,603994,1616,106575,1381,0.014969061469487569,0.4607941274607941
9072,0.9667,127,200,127,604194,1416,106702,1254,0.013116454851976732,0.4696629213483146
9073,0.9675,9,11,9,604205,1405,106711,1245,0.013014561488013636,0.469811320754717
9074,0.9678,0,1,0,604206,1404,106711,1245,0.013005298454926081,0.46998867497168745
9075,0.9682,0,1,0,604207,1403,106711,1245,0.012996035421838527,0.47016616314199394
9076,0.9683,5,4,5,604211,1399,106716,1240,0.01295898328948831,0.4698749526335733
9077,0.9686,3,1,3,604212,1398,106719,1237,0.012949720256400756,0.46944971537001895
9078,0.9688,2,1,2,604213,1397,106721,1235,0.012940457223313202,0.46922492401215804
9079,0.9689,2,4,2,604217,1393,106723,1233,0.012903405090962985,0.46953541507996954
9080,0.969,5,9,5,604226,1384,106728,1228,0.012820037793174997,0.47013782542113325
9081,0.9692,2,1,2,604227,1383,106730,1226,0.012810774760087443,0.46991184361824456
9082,0.9693,0,1,0,604228,1382,106730,1226,0.012801511726999889,0.4700920245398773
9083,0.9696,1,1,1,604229,1381,106731,1225,0.012792248693912335,0.47006907137375287
9084,0.97,13,10,13,604239,1371,106744,1212,0.012699618363036793,0.4692218350754936
9085,0.9701,3,2,3,604241,1369,106747,1209,0.012681092296861684,0.46896819239720716
9086,0.9703,0,2,0,604243,1367,106747,1209,0.012662566230686576,0.46933229813664595
9087,0.9706,1,3,1,604246,1364,106748,1208,0.012634777131423913,0.46967340590979784
9088,0.9707,1,2,1,604248,1362,106749,1207,0.012616251065248805,0.4698326196963799
9089,0.9708,6,6,6,604254,1356,106755,1201,0.01256067286672348,0.469691044192413
9090,0.9709,4,2,4,604256,1354,106759,1197,0.012542146800548371,0.4692277538220306
9091,0.9714,12,15,12,604271,1339,106771,1185,0.012403201304235058,0.4694928684627575
9092,0.9715,3,4,3,604275,1335,106774,1182,0.012366149171884841,0.4696066746126341
9093,0.9717,1,0,1,604275,1335,106775,1181,0.012366149171884841,0.46939586645469
9094,0.9722,3,6,3,604281,1329,106778,1178,0.012310570973359516,0.4698843238930993
9095,0.9727,3,1,3,604282,1328,106781,1175,0.012301307940271962,0.46943667598881345
9096,0.9729,1,3,1,604285,1325,106782,1174,0.0122735188410093,0.46978791516606644
9097,0.9732,2,2,2,604287,1323,106784,1172,0.012254992774834191,0.46973947895791585
9098,0.9733,1,1,1,604288,1322,106785,1171,0.012245729741746637,0.46971520256718813
9099,0.9739,1,2,1,604290,1320,106786,1170,0.01222720367557153,0.46987951807228917
9100,0.9742,1,9,1,604299,1311,106787,1169,0.012143836377783542,0.4713709677419355
9101,0.9745,1,0,1,604299,1311,106788,1168,0.012143836377783542,0.47115772488906815
9102,0.9746,4,1,4,604300,1310,106792,1164,0.012134573344695988,0.47049312853678255
9103,0.975,86,124,86,604424,1186,106878,1078,0.010985957241839268,0.47614840989399293
9104,0.9752,2,3,2,604427,1183,106880,1076,0.010958168142576606,0.4763169544046038
9105,0.9754,3,2,3,604429,1181,106883,1073,0.010939642076401497,0.47604259094942325
9106,0.9757,4,5,4,604434,1176,106887,1069,0.010893326910963726,0.47616926503340756
9107,0.9762,5,1,5,604435,1175,106892,1064,0.010884063877876172,0.47521214828048236
9108,0.9763,1,0,1,604435,1175,106893,1063,0.010884063877876172,0.4749776586237712
9109,0.9764,5,3,5,604438,1172,106898,1058,0.01085627477861351,0.4744394618834081
9110,0.9765,0,1,0,604439,1171,106898,1058,0.010847011745525955,0.474652310453118
9111,0.9766,3,1,3,604440,1170,106901,1055,0.010837748712438401,0.47415730337078654
9112,0.9767,1,0,1,604440,1170,106902,1054,0.010837748712438401,0.4739208633093525
9113,0.9769,0,1,0,604441,1169,106902,1054,0.010828485679350847,0.4741340530814215
9114,0.9771,1,0,1,604441,1169,106903,1053,0.010828485679350847,0.4738973897389739
9115,0.9774,1,1,1,604442,1168,106904,1052,0.010819222646263293,0.47387387387387386
9116,0.9775,1,2,1,604444,1166,106905,1051,0.010800696580088184,0.47406405051871897
9117,0.9778,5,7,5,604451,1159,106910,1046,0.010735855348475305,0.4743764172335601
9118,0.9784,0,1,0,604452,1158,106910,1046,0.01072659231538775,0.4745916515426497
9119,0.9786,0,2,0,604454,1156,106910,1046,0.010708066249212642,0.4750227066303361
9120,0.9798,0,2,0,604456,1154,106910,1046,0.010689540183037534,0.47545454545454546
9121,0.98,69,103,69,604559,1051,106979,977,0.009735447775019453,0.4817554240631164
9122,0.9806,0,3,0,604562,1048,106979,977,0.00970765867575679,0.48246913580246914
9123,0.9816,1,1,1,604563,1047,106980,976,0.009698395642669236,0.4824518042511122
9124,0.9817,1,3,1,604566,1044,106981,975,0.009670606543406573,0.48291233283803864
9125,0.9821,0,1,0,604567,1043,106981,975,0.009661343510319019,0.48315163528245786
9126,0.9832,3,2,3,604569,1041,106984,972,0.00964281744414391,0.4828614008941878
9127,0.9833,59,69,59,604638,972,107043,913,0.009003668161102672,0.4843501326259947
9128,0.984,1,2,1,604640,970,107044,912,0.008985142094927564,0.48459086078639746
9129,0.9846,1,3,1,604643,967,107045,911,0.008957352995664901,0.4850905218317359
9130,0.9852,0,1,0,604644,966,107045,911,0.008948089962577347,0.4853489611081513
9131,0.9857,42,38,42,604682,928,107087,869,0.008596094705250287,0.4835837506956038
9132,0.9865,1,1,1,604683,927,107088,868,0.008586831672162733,0.48356545961002784
9133,0.987,0,1,0,604684,926,107088,868,0.008577568639075179,0.483835005574136
9134,0.9875,20,17,20,604701,909,107108,848,0.008420097076586757,0.48264086511098464
9135,0.9878,0,2,0,604703,907,107108,848,0.008401571010411649,0.4831908831908832
9136,0.9882,0,1,0,604704,906,107108,848,0.008392307977324095,0.48346636259977194
9137,0.9886,1,0,1,604704,906,107109,847,0.008392307977324095,0.4831717056474615
9138,0.9889,15,11,15,604715,895,107124,832,0.008290414613360999,0.48176027793862186
9139,0.99,3,10,3,604725,885,107127,829,0.008197784282485457,0.4836639439906651
9140,0.9909,8,3,8,604728,882,107135,821,0.008169995183222794,0.48209042865531415
9141,0.9917,5,9,5,604737,873,107140,816,0.008086627885434806,0.48312611012433393
9142,0.9923,1,6,1,604743,867,107141,815,0.00803104968690948,0.4845422116527943
9143,0.9929,2,1,2,604744,866,107143,813,0.008021786653821927,0.48421679571173315
9144,0.9941,0,1,0,604745,865,107143,813,0.008012523620734372,0.48450536352800955
9145,1.0,813,865,813,605610,0,107956,0,0.0,
