,y_proba,y_test,Neg,Pos,TN,FP,FN,TP,FP/P,Prec
0,0.0,4,435,4,435,605175,4,107952,5.605756048760606,0.15137836598530136
1,0.0065155926229561,0,1,0,436,605174,4,107952,5.6057467857275185,0.1513785782596624
2,0.0091816406605335,0,1,0,437,605173,4,107952,5.605737522694431,0.15137879053461875
3,0.01,2,737,2,1174,604436,6,107950,5.598910667308903,0.15153301721257859
4,0.0184870915934896,0,4,0,1178,604432,6,107950,5.5988736151765535,0.15153386806516728
5,0.0191816406605335,0,1,0,1179,604431,6,107950,5.598864352143466,0.15153408077980743
6,0.02,5,1115,5,2294,603316,11,107945,5.588536070250843,0.1517656668930252
7,0.0273718050155686,0,1,0,2295,603315,11,107945,5.588526807217756,0.1517658802688187
8,0.0278902317000719,0,2,0,2297,603313,11,107945,5.58850828115158,0.15176630702220573
9,0.0284870915934896,0,4,0,2301,603309,11,107945,5.58847122901923,0.15176716053617975
10,0.0289378288046392,0,1,0,2302,603308,11,107945,5.588461965986142,0.1517673739161733
11,0.0291816406605335,0,2,0,2304,603306,11,107945,5.588443439919968,0.1517678006779604
12,0.03,10,1507,10,3811,601799,21,107935,5.574484049057023,0.15207810250037337
13,0.0373718050155686,0,5,0,3816,601794,21,107935,5.574437733891585,0.15207917388186196
14,0.0378902317000719,0,2,0,3818,601792,21,107935,5.57441920782541,0.15207960243868418
15,0.0384870915934896,0,12,0,3830,601780,21,107935,5.57430805142836,0.15208217383034034
16,0.0388207149380186,0,1,0,3831,601779,21,107935,5.574298788395272,0.15208238811690342
17,0.0389378288046392,0,2,0,3833,601777,21,107935,5.574280262329097,0.1520828166918412
18,0.0391816406605335,0,6,0,3839,601771,21,107935,5.574224684130572,0.15208410243114753
19,0.0394391272588225,0,4,0,3843,601767,21,107935,5.574187631998221,0.15208495960276286
20,0.0395733632206184,1,0,1,3843,601767,22,107934,5.574187631998221,0.15208376485308603
21,0.04,19,2036,19,5879,599731,41,107915,5.555328096631961,0.1524985656670143
22,0.0456972332834896,0,1,0,5880,599730,41,107915,5.555318833598873,0.15249878116852378
23,0.0458375761735204,0,1,0,5881,599729,41,107915,5.555309570565786,0.1524989966706423
24,0.0458588966090582,0,1,0,5882,599728,41,107915,5.555300307532699,0.1524992121733699
25,0.0465155926229561,0,2,0,5884,599726,41,107915,5.555281781466523,0.15249964318065234
26,0.0465534456761022,0,1,0,5885,599725,41,107915,5.555272518433436,0.15249985868520716
27,0.0469741831869792,0,2,0,5887,599723,41,107915,5.555253992367261,0.15250028969614407
28,0.0473718050155686,0,3,0,5890,599720,41,107915,5.555226203267998,0.15250093621711758
29,0.0484870915934896,0,16,0,5906,599704,41,107915,5.555077994738597,0.1525043844215602
30,0.0491816406605335,0,4,0,5910,599700,41,107915,5.555040942606247,0.1525052464970358
31,0.0494391272588225,0,4,0,5914,599696,41,107915,5.5550038904738965,0.15250610858225777
32,0.0495733632206184,0,1,0,5915,599695,41,107915,5.554994627440809,0.15250632410508613
33,0.0496557532096558,0,1,0,5916,599694,41,107915,5.554985364407722,0.15250653962852367
34,0.05,30,2813,30,8729,596881,71,107885,5.528928452332432,0.15307917805342483
35,0.0552873693676389,0,1,0,8730,596880,71,107885,5.528919189299344,0.15307939525941272
36,0.0558375761735204,0,5,0,8735,596875,71,107885,5.528872874133906,0.1530804812985981
37,0.0565155926229561,0,3,0,8738,596872,71,107885,5.528845085034644,0.1530811329295062
38,0.0573718050155686,0,13,0,8751,596859,71,107885,5.528724665604505,0.1530839567275493
39,0.0576687322540231,0,1,0,8752,596858,71,107885,5.528715402571418,0.15308417394709845
40,0.0578902317000719,0,1,0,8753,596857,71,107885,5.528706139538331,0.15308439116726405
41,0.0584870915934896,0,25,0,8778,596832,71,107885,5.528474563711142,0.15308982187175846
42,0.0589378288046392,0,2,0,8780,596830,71,107885,5.5284560376449665,0.15309025634476348
43,0.0591816406605335,0,12,0,8792,596818,71,107885,5.528344881247916,0.15309286323458252
44,0.0594391272588225,1,4,1,8796,596814,72,107884,5.528307829115565,0.15309253041728513
45,0.0595733632206184,0,1,0,8797,596813,72,107884,5.528298566082478,0.15309274766318007
46,0.06,32,3283,32,12080,593530,104,107852,5.497888028456038,0.15377069842111715
47,0.0647436100311373,0,1,0,12081,593529,104,107852,5.49787876542295,0.15377091766101447
48,0.0658375761735204,0,3,0,12084,593526,104,107852,5.497850976323687,0.15377157538445746
49,0.0665155926229561,0,6,0,12090,593520,104,107852,5.497795398125162,0.1537728908482232
50,0.0673718050155686,1,14,1,12104,593506,105,107851,5.497665715661936,0.15377475379870736
51,0.0674249203981288,0,1,0,12105,593505,105,107851,5.497656452628849,0.15377497305220172
52,0.0678902317000719,0,3,0,12108,593502,105,107851,5.497628663529587,0.15377563081643622
53,0.0684870915934896,0,39,0,12147,593463,105,107851,5.497267405239172,0.1537841822635795
54,0.0688207149380186,0,1,0,12148,593462,105,107851,5.497258142206084,0.1537844015439611
55,0.0689378288046392,0,1,0,12149,593461,105,107851,5.4972488791729965,0.15378462082496805
56,0.0691816406605335,0,9,0,12158,593452,105,107851,5.497165511875209,0.15378659438217146
57,0.0694391272588225,0,4,0,12162,593448,105,107851,5.497128459742858,0.15378747153496583
58,0.0695733632206184,0,1,0,12163,593447,105,107851,5.497119196709771,0.15378769082472787
59,0.07,43,4078,43,16241,589369,148,107808,5.459344547778724,0.15463504963588873
60,0.0750026842164457,0,1,0,16242,589368,148,107808,5.459335284745637,0.15463527143791525
61,0.0758375761735204,0,3,0,16245,589365,148,107808,5.4593074956463745,0.15463593684781252
62,0.0765155926229561,0,3,0,16248,589362,148,107808,5.459279706547112,0.15463660226343645
63,0.0773718050155686,0,25,0,16273,589337,148,107808,5.459048130719923,0.15464214761634953
64,0.0778902317000719,0,1,0,16274,589336,148,107808,5.459038867686836,0.15464236943873863
65,0.0784870915934896,1,40,1,16314,589296,149,107807,5.458668346363333,0.15465003019639853
66,0.0788207149380186,0,1,0,16315,589295,149,107807,5.458659083330246,0.15465025204345992
67,0.0789378288046392,0,1,0,16316,589294,149,107807,5.4586498202971585,0.1546504738911578
68,0.0791816406605335,0,15,0,16331,589279,149,107807,5.458510874800845,0.1546538016830061
69,0.0794391272588225,0,6,0,16337,589273,149,107807,5.458455296602319,0.15465513283984622
70,0.0795733632206184,0,1,0,16338,589272,149,107807,5.458446033569232,0.15465535470154745
71,0.0797114722622524,0,1,0,16339,589271,149,107807,5.458436770536144,0.15465557656388523
72,0.08,58,4803,58,21142,584468,207,107749,5.413946422616622,0.1556578356209108
73,0.08432466776701,0,2,0,21144,584466,207,107749,5.4139278965504465,0.15565828535931756
74,0.084405824323028,0,1,0,21145,584465,207,107749,5.413918633517359,0.1556585102294955
75,0.0858375761735204,0,1,0,21146,584464,207,107749,5.413909370484271,0.15565873510032316
76,0.0858588966090582,0,1,0,21147,584463,207,107749,5.413900107451184,0.15565895997180054
77,0.0865155926229561,0,6,0,21153,584457,207,107749,5.413844529252659,0.15566030921430904
78,0.0873718050155686,0,13,0,21166,584444,207,107749,5.41372410982252,0.1556632326533207
79,0.0876687322540231,0,1,0,21167,584443,207,107749,5.413714846789433,0.15566345753779298
80,0.0878902317000719,0,1,0,21168,584442,207,107749,5.413705583756345,0.15566368242291506
81,0.0879262188523121,0,1,0,21169,584441,207,107749,5.413696320723258,0.15566390730868693
82,0.0884870915934896,0,84,0,21253,584357,207,107749,5.412918225943903,0.1556828000335209
83,0.0888207149380186,0,1,0,21254,584356,207,107749,5.412908962910816,0.1556830249745342
84,0.0889378288046392,0,7,0,21261,584349,207,107749,5.4128441216792025,0.1556845995798283
85,0.0891816406605335,0,27,0,21288,584322,207,107749,5.412594019785839,0.15569067335576842
86,0.0894391272588225,0,6,0,21294,584316,207,107749,5.412538441587313,0.1556920231481147
87,0.0895733632206184,0,5,0,21299,584311,207,107749,5.412492126421876,0.1556931479929486
88,0.0896557532096558,0,1,0,21300,584310,207,107749,5.412482863388788,0.1556933729638658
89,0.09,70,5470,70,26770,578840,277,107679,5.361814072399866,0.15684780756250008
90,0.094405824323028,0,2,0,26772,578838,277,107679,5.361795546333692,0.15684826450036926
91,0.0947436100311373,0,1,0,26773,578837,277,107679,5.361786283300604,0.15684849297030223
92,0.0950026842164457,0,2,0,26775,578835,277,107679,5.3617677572344284,0.15684894991216494
93,0.095019216834054,0,1,0,26776,578834,277,107679,5.361758494201341,0.1568491783840947
94,0.0958375761735204,0,1,0,26777,578833,277,107679,5.361749231168254,0.15684940685669005
95,0.0958588966090582,0,1,0,26778,578832,277,107679,5.361739968135166,0.15684963532995103
96,0.0963773232935615,0,1,0,26779,578831,277,107679,5.361730705102079,0.15684986380387758
97,0.0965155926229561,0,12,0,26791,578819,277,107679,5.361619548705028,0.1568526055429149
98,0.0969741831869792,0,1,0,26792,578818,277,107679,5.36161028567194,0.15685283402549466
99,0.0973718050155686,0,30,0,26822,578788,277,107679,5.361332394679314,0.15685968881242654
100,0.0978902317000719,0,3,0,26825,578785,277,107679,5.3613046055800515,0.15686037432407235
101,0.0981194694651727,0,1,0,26826,578784,277,107679,5.361295342546963,0.15686060282928577
102,0.0984870915934896,1,94,1,26920,578690,278,107678,5.360424617436734,0.15688085691640635
103,0.0988207149380186,0,4,0,26924,578686,278,107678,5.360387565304383,0.1568817711884656
104,0.0989378288046392,0,6,0,26930,578680,278,107678,5.360331987105858,0.15688314261653538
105,0.0991816406605335,0,30,0,26960,578650,278,107678,5.360054096113231,0.15689000011656234
106,0.099334418837212,0,1,0,26961,578649,278,107678,5.360044833080144,0.1568902287102212
107,0.0994391272588225,0,7,0,26968,578642,278,107678,5.3599799918485305,0.15689182888448538
108,0.0995733632206184,0,4,0,26972,578638,278,107678,5.359942939716181,0.1568927432844346
109,0.0996557532096558,0,1,0,26973,578637,278,107678,5.359933676683093,0.15689297188608728
110,0.1,75,6162,75,33135,572475,353,107603,5.302854866797584,0.15822155693905698
111,0.1036303963370843,0,1,0,33136,572474,353,107603,5.302845603764497,0.15822178959147273
112,0.1050405372695918,0,1,0,33137,572473,353,107603,5.302836340731409,0.15822202224457266
113,0.1052873693676389,0,4,0,33141,572469,353,107603,5.302799288599059,0.1582229528638144
114,0.1058375761735204,0,4,0,33145,572465,353,107603,5.302762236466709,0.15822388349400354
115,0.1058588966090582,0,1,0,33146,572464,353,107603,5.302752973433621,0.15822411615326137
116,0.1061558238475127,0,2,0,33148,572462,353,107603,5.302734447367446,0.1582245814738297
117,0.1065155926229561,0,14,0,33162,572448,353,107603,5.3026047649042205,0.15822783879444335
118,0.1067062238527807,0,1,0,33163,572447,353,107603,5.302595501871132,0.15822807146533344
119,0.1069173043974871,0,1,0,33164,572446,353,107603,5.302586238838045,0.15822830413690778
120,0.1069741831869792,0,1,0,33165,572445,353,107603,5.302576975804958,0.1582285368091664
121,0.1073718050155686,0,37,0,33202,572408,353,107603,5.302234243580718,0.15823714616381204
122,0.1074635949206903,0,1,0,33203,572407,353,107603,5.3022249805476305,0.15823737886207556
123,0.1076687322540231,0,1,0,33204,572406,353,107603,5.302215717514543,0.15823761156102345
124,0.1078902317000719,0,6,0,33210,572400,353,107603,5.302160139316018,0.15823900776908337
125,0.1081194694651728,0,1,0,33211,572399,353,107603,5.30215087628293,0.15823924047282215
126,0.1083632813210671,0,1,0,33212,572398,353,107603,5.302141613249843,0.15823947317724532
127,0.1084870915934896,0,92,0,33304,572306,353,107603,5.301289414205788,0.15826088491253976
128,0.1089378288046392,0,6,0,33310,572300,353,107603,5.301233836007262,0.1582622815313361
129,0.1091816406605335,0,31,0,33341,572269,353,107603,5.300946681981548,0.15826949778781887
130,0.109334418837212,0,2,0,33343,572267,353,107603,5.300928155915373,0.15826996337535118
131,0.1094391272588225,1,14,1,33357,572253,354,107602,5.300798473452147,0.1582719844672761
132,0.1095733632206184,0,4,0,33361,572249,354,107602,5.300761421319797,0.15827291568299526
133,0.1096557532096558,0,2,0,33363,572247,354,107602,5.300742895253622,0.15827338129496402
134,0.1097114722622524,0,1,0,33364,572246,354,107602,5.300733632220535,0.15827361410197574
135,0.11,98,6848,98,40212,565398,452,107504,5.237300381636963,0.1597617483675186
136,0.1148319458473558,0,2,0,40214,565396,452,107504,5.237281855570788,0.15976222321295883
137,0.1150026842164457,0,1,0,40215,565395,452,107504,5.237272592537701,0.15976246063673746
138,0.1152620367156405,0,1,0,40216,565394,452,107504,5.237263329504613,0.15976269806122176
139,0.1152873693676389,0,2,0,40218,565392,452,107504,5.237244803438438,0.1597631729123074
140,0.1158375761735204,0,5,0,40223,565387,452,107504,5.237198488273,0.15976436005237105
141,0.1165155926229561,1,17,1,40240,565370,453,107503,5.237041016710512,0.15976714773813186
142,0.1169741831869792,0,5,0,40245,565365,453,107503,5.236994701545074,0.1597683349483108
143,0.1173718050155686,0,43,0,40288,565322,453,107503,5.236596391122309,0.15977854568424182
144,0.1176687322540231,0,4,0,40292,565318,453,107503,5.2365593389899585,0.1597794955864933
145,0.1178902317000719,0,2,0,40294,565316,453,107503,5.236540812923784,0.1597799705418545
146,0.118060454814108,0,1,0,40295,565315,453,107503,5.236531549890696,0.15978020802059398
147,0.118079633416257,0,1,0,40296,565314,453,107503,5.236522286857609,0.1597804455000394
148,0.1181194694651728,0,1,0,40297,565313,453,107503,5.236513023824521,0.1597806829801907
149,0.1184870915934896,2,113,2,40410,565200,455,107501,5.235466301085627,0.15980502481786113
150,0.1189378288046392,1,8,1,40418,565192,456,107500,5.235392196820927,0.1598056762976221
151,0.1191816406605335,0,38,0,40456,565154,456,107500,5.2350402015636,0.1598147041420998
152,0.119334418837212,0,2,0,40458,565152,456,107500,5.235021675497425,0.15981517932006445
153,0.1194391272588225,0,17,0,40475,565135,456,107500,5.2348642039349365,0.15981921844685454
154,0.1195733632206184,0,9,0,40484,565126,456,107500,5.234780836637149,0.15982135689075355
155,0.12,116,7212,116,47696,557914,572,107384,5.1679758420097075,0.1614073693292329
156,0.12432466776701,0,1,0,47697,557913,572,107384,5.16796657897662,0.16140761193872813
157,0.1247436100311373,0,2,0,47699,557911,572,107384,5.167948052910445,0.1614080971599065
158,0.1248319458473558,0,1,0,47700,557910,572,107384,5.167938789877358,0.1614083397715897
159,0.1252873693676389,0,1,0,47701,557909,572,107384,5.1679295268442695,0.16140858238400224
160,0.1258375761735204,0,4,0,47705,557905,572,107384,5.16789247471192,0.16140955284094582
161,0.1258551332021264,0,1,0,47706,557904,572,107384,5.1678832116788325,0.1614097954570051
162,0.1258588966090582,0,1,0,47707,557903,572,107384,5.167873948645744,0.16141003807379373
163,0.126515592622956,0,6,0,47713,557897,572,107384,5.167818370447219,0.16141149378984218
164,0.1265155926229561,0,6,0,47719,557891,572,107384,5.167762792248694,0.16141294953214835
165,0.1269451682361871,0,1,0,47720,557890,572,107384,5.167753529215607,0.16141319215841893
166,0.1269741831869792,1,3,1,47723,557887,573,107383,5.167725740116344,0.16141265952169795
167,0.1273078065315082,0,1,0,47724,557886,573,107383,5.167716477083256,0.16141290214935614
168,0.1273718050155686,1,42,1,47766,557844,574,107382,5.167327429693579,0.16142183258020582
169,0.1276687322540231,0,2,0,47768,557842,574,107382,5.167308903627403,0.1614223178959268
170,0.1278902317000719,0,4,0,47772,557838,574,107382,5.1672718514950535,0.1614232885361234
171,0.128079633416257,0,1,0,47773,557837,574,107382,5.167262588461966,0.16142353119799646
172,0.128363281321067,1,1,1,47774,557836,575,107381,5.167253325428878,0.16142251325507315
173,0.1284870915934896,1,130,1,47904,557706,576,107380,5.1660491311274965,0.1614528045997059
174,0.1289378288046392,1,7,1,47911,557699,577,107379,5.165984289895883,0.16145324307825548
175,0.1291816406605335,1,41,1,47952,557658,578,107378,5.165604505539294,0.16146193589519967
176,0.1294391272588225,1,21,1,47973,557637,579,107377,5.165409981844455,0.1614657736528855
177,0.1295733632206184,0,6,0,47979,557631,579,107377,5.16535440364593,0.1614672304694079
178,0.13,142,7538,142,55517,550093,721,107235,5.095529660231946,0.16313773336903342
179,0.1326591743832076,0,1,0,55518,550092,721,107235,5.095520397198859,0.1631379815525606
180,0.1332307016246269,0,1,0,55519,550091,721,107235,5.095511134165771,0.16313822973684292
181,0.1338873976385247,0,1,0,55520,550090,721,107235,5.095501871132684,0.16313847792188035
182,0.13432466776701,0,1,0,55521,550089,721,107235,5.095492608099596,0.16313872610767294
183,0.1347436100311373,0,1,0,55522,550088,721,107235,5.0954833450665085,0.16313897429422064
184,0.1350026842164457,0,1,0,55523,550087,721,107235,5.095474082033421,0.16313922248152352
185,0.1352620367156405,0,1,0,55524,550086,721,107235,5.095464819000333,0.16313947066958154
186,0.1352873693676389,0,2,0,55526,550084,721,107235,5.095446292934159,0.16313996704796302
187,0.1356972332834896,0,2,0,55528,550082,721,107235,5.095427766867983,0.16314046342936514
188,0.1358375761735204,1,9,1,55537,550073,722,107234,5.0953443995701955,0.1631414240225648
189,0.1358588966090582,0,3,0,55540,550070,722,107234,5.095316610470933,0.16314216861604372
190,0.1361558238475127,0,1,0,55541,550069,722,107234,5.095307347437845,0.16314241681538041
191,0.1363773232935615,0,2,0,55543,550067,722,107234,5.09528882137167,0.16314291321631946
192,0.1365155926229561,0,23,0,55566,550044,722,107234,5.095075771610656,0.16314862204424915
193,0.1369173043974871,0,2,0,55568,550042,722,107234,5.095057245544481,0.16314911848295086
194,0.1369741831869792,0,1,0,55569,550041,722,107234,5.095047982511393,0.16314936670343463
195,0.1370718723606054,0,1,0,55570,550040,722,107234,5.095038719478306,0.16314961492467372
196,0.1373718050155686,2,47,2,55617,549993,724,107232,5.094603356923191,0.1631587355928335
197,0.1376687322540231,0,3,0,55620,549990,724,107232,5.094575567823928,0.1631594803582351
198,0.1377095064520646,0,1,0,55621,549989,724,107232,5.094566304790841,0.16315972861487993
199,0.1378902317000719,0,8,0,55629,549981,724,107232,5.09449220052614,0.1631617146952358
200,0.1379262188523121,0,1,0,55630,549980,724,107232,5.094482937493053,0.16316196295868
201,0.138079633416257,0,1,0,55631,549979,724,107232,5.094473674459965,0.16316221122287972
202,0.1381194694651727,0,2,0,55633,549977,724,107232,5.09445514839379,0.1631627077535457
203,0.1383632813210671,0,1,0,55634,549976,724,107232,5.094445885360702,0.16316295602001193
204,0.1384870915934896,1,144,1,55778,549832,725,107231,5.093112008596095,0.1631974407324716
205,0.1389378288046392,0,15,0,55793,549817,725,107231,5.092973063099781,0.1632011664292411
206,0.1390124904794409,0,1,0,55794,549816,725,107231,5.092963800066694,0.1632014148150741
207,0.1391816406605335,1,47,1,55841,549769,726,107230,5.092528437511579,0.16321181615192717
208,0.1394391272588225,0,10,0,55851,549759,726,107230,5.092435807180704,0.16321430039163518
209,0.1395733632206184,0,8,0,55859,549751,726,107230,5.092361702916003,0.16321628783785225
210,0.14,162,8265,162,64124,541486,888,107068,5.015802734447368,0.16508725564872007
211,0.1433224915297486,0,1,0,64125,541485,888,107068,5.01579347141428,0.16508751019577428
212,0.1438873976385247,0,1,0,64126,541484,888,107068,5.015784208381192,0.16508776474361347
213,0.1438873976385248,0,1,0,64127,541483,888,107068,5.015774945348105,0.16508801929223763
214,0.14432466776701,0,1,0,64128,541482,888,107068,5.015765682315017,0.16508827384164676
215,0.1450026842164457,0,3,0,64131,541479,888,107068,5.015737893215754,0.16508903749458403
216,0.1450405372695918,0,3,0,64134,541476,888,107068,5.015710104116492,0.16508980115458627
217,0.1452873693676389,0,4,0,64138,541472,888,107068,5.015673051984142,0.16509081937891262
218,0.1454534214275953,0,1,0,64139,541471,888,107068,5.015663788951054,0.16509107393695677
219,0.1458375761735204,0,6,0,64145,541465,888,107068,5.015608210752529,0.16509260130170708
220,0.1458588966090582,0,6,0,64151,541459,888,107068,5.015552632554003,0.16509412869471896
221,0.1461558238475127,0,1,0,64152,541458,888,107068,5.015543369520916,0.16509438326296863
222,0.1465155926229561,0,18,0,64170,541440,888,107068,5.01537663492534,0.16509896562571316
223,0.1465534456761022,0,1,0,64171,541439,888,107068,5.0153673718922525,0.1650992202088798
224,0.1468109322743912,0,2,0,64173,541437,888,107068,5.015348845826077,0.1650997293775684
225,0.1469741831869792,0,2,0,64175,541435,888,107068,5.015330319759903,0.16510023854939762
226,0.1473718050155686,1,62,1,64237,541373,889,107067,5.0147560117084735,0.16511473690703843
227,0.1474249203981288,0,1,0,64238,541372,889,107067,5.014746748675386,0.1651149915412244
228,0.1476687322540231,0,4,0,64242,541368,889,107067,5.014709696543036,0.16511601008582202
229,0.1478902317000719,0,11,0,64253,541357,889,107067,5.014607803179073,0.16511881114826102
230,0.1479262188523121,0,1,0,64254,541356,889,107067,5.014598540145985,0.16511906579501345
231,0.148079633416257,0,1,0,64255,541355,889,107067,5.014589277112898,0.16511932044255132
232,0.1481194694651728,0,1,0,64256,541354,889,107067,5.014580014079811,0.1651195750908746
233,0.1483632813210671,0,1,0,64257,541353,889,107067,5.014570751046723,0.16511982973998335
234,0.1484870915934896,5,156,5,64413,541197,894,107062,5.013125717885064,0.16515312552544584
235,0.1485160594977455,0,1,0,64414,541196,894,107062,5.013116454851977,0.16515338028994628
236,0.1488207149380186,0,1,0,64415,541195,894,107062,5.013107191818889,0.16515363505523273
237,0.1489378288046392,0,10,0,64425,541185,894,107062,5.0130145614880135,0.16515618275132782
238,0.1491816406605335,1,50,1,64475,541135,895,107061,5.012551409833636,0.1651676344809286
239,0.1494391272588225,0,14,0,64489,541121,895,107061,5.01242172737041,0.16517120191551138
240,0.1495733632206184,0,4,0,64493,541117,895,107061,5.01238467523806,0.16517222121084024
241,0.1496557532096558,0,1,0,64494,541116,895,107061,5.012375412204972,0.16517247603663815
242,0.15,181,8641,181,73135,532475,1076,106880,4.9323335432954165,0.16716847447818506
243,0.1516751523470408,0,1,0,73136,532474,1076,106880,4.932324280262329,0.16716873594284232
244,0.1536303963370843,0,1,0,73137,532473,1076,106880,4.932315017229241,0.16716899740831748
245,0.1538873976385247,0,2,0,73139,532471,1076,106880,4.932296491163067,0.16716952034172153
246,0.1539252506916708,0,1,0,73140,532470,1076,106880,4.9322872281299786,0.16716978180965042
247,0.1541843248769792,0,2,0,73142,532468,1076,106880,4.932268702063804,0.167170304747962
248,0.1548319458473558,0,1,0,73143,532467,1076,106880,4.932259439030716,0.16717056621834467
249,0.1548644148870511,0,1,0,73144,532466,1076,106880,4.932250175997629,0.16717082768954525
250,0.1552873693676389,0,1,0,73145,532465,1076,106880,4.9322409129645415,0.16717108916156379
251,0.1558375761735204,0,9,0,73154,532456,1076,106880,4.932157545666753,0.16717344244653828
252,0.1558588966090582,0,2,0,73156,532454,1076,106880,4.932139019600578,0.16717396540775245
253,0.1561558238475127,0,1,0,73157,532453,1076,106880,4.93212975656749,0.1671742268895865
254,0.1563773232935615,0,3,0,73160,532450,1076,106880,4.932101967468228,0.16717501133999657
255,0.1565155926229561,0,19,0,73179,532431,1076,106880,4.931925969839564,0.16717997969689244
256,0.1565534456761022,0,2,0,73181,532429,1076,106880,4.931907443773389,0.16718050269900783
257,0.1568109322743912,0,1,0,73182,532428,1076,106880,4.931898180740301,0.16718076420129266
258,0.1569741831869792,0,4,0,73186,532424,1076,106880,4.9318611286079514,0.16718181021861275
259,0.1573718050155686,2,49,2,73235,532375,1078,106878,4.931407239986661,0.1671920194351845
260,0.1573718050155687,0,16,0,73251,532359,1078,106878,4.931259031457261,0.16719620422472417
261,0.1576687322540231,0,2,0,73253,532357,1078,106878,4.931240505391085,0.1671967273381464
262,0.1578902317000719,0,7,0,73260,532350,1078,106878,4.931175664159472,0.1671985582609022
263,0.1579262188523121,0,2,0,73262,532348,1078,106878,4.9311571380932975,0.1671990813890549
264,0.158060454814108,0,1,0,73263,532347,1078,106878,4.931147875060209,0.1671993429543588
265,0.158079633416257,0,2,0,73265,532345,1078,106878,4.931129348994035,0.16719986608742177
266,0.1581060526202575,0,1,0,73266,532344,1078,106878,4.931120085960947,0.16720012765518083
267,0.158363281321067,0,1,0,73267,532343,1078,106878,4.9311108229278595,0.1672003892237583
268,0.1584870915934896,5,155,5,73422,532188,1083,106873,4.929675052799289,0.1672344267605127
269,0.1588207149380186,0,2,0,73424,532186,1083,106873,4.929656526733114,0.16723495013762424
270,0.158878254517645,0,1,0,73425,532185,1083,106873,4.929647263700026,0.16723521182740847
271,0.1589378288046392,3,9,3,73434,532176,1086,106870,4.929563896402238,0.1672336576709658
272,0.1591816406605335,0,59,0,73493,532117,1086,106870,4.929017377450072,0.16724909896445467
273,0.159334418837212,0,1,0,73494,532116,1086,106870,4.929008114416985,0.16724936070586835
274,0.1594074201347248,0,1,0,73495,532115,1086,106870,4.928998851383897,0.1672496224481013
275,0.1594391272588225,0,24,0,73519,532091,1086,106870,4.928776538589796,0.16725590450747385
276,0.1595733632206184,0,11,0,73530,532080,1086,106870,4.928674645225833,0.1672587839424055
277,0.1596557532096558,0,1,0,73531,532079,1086,106870,4.9286653821927455,0.1672590457141337
278,0.16,200,8956,200,82487,523123,1286,106670,4.84570565786061,0.16937311148266176
279,0.1628117593604996,0,1,0,82488,523122,1286,106670,4.845696394827522,0.1693733804176617
280,0.1634897758099353,0,1,0,82489,523121,1286,106670,4.845687131794435,0.1693736493535157
281,0.1637278078735923,0,1,0,82490,523120,1286,106670,4.8456778687613475,0.16937391829022372
282,0.1647436100311373,0,1,0,82491,523119,1286,106670,4.845668605728259,0.16937418722778583
283,0.1650026842164457,0,2,0,82493,523117,1286,106670,4.845650079662085,0.16937472510547216
284,0.1652620367156405,0,1,0,82494,523116,1286,106670,4.845640816628997,0.16937499404559644
285,0.165287369367639,0,2,0,82496,523114,1286,106670,4.8456222905628215,0.1693755319284072
286,0.1656972332834896,0,1,0,82497,523113,1286,106670,4.845613027529734,0.1693758008710937
287,0.1658375761735204,0,8,0,82505,523105,1286,106670,4.845538923265034,0.16937795244333292
288,0.1658588966090582,0,3,0,82508,523102,1286,106670,4.845511134165771,0.16937875929701543
289,0.1663773232935615,0,2,0,82510,523100,1286,106670,4.845492608099596,0.16937929720374104
290,0.1665155926229561,1,20,1,82530,523080,1287,106669,4.845307347437845,0.16938335749639935
291,0.1665534456761022,1,4,1,82534,523076,1288,106668,4.845270295305495,0.16938311440839451
292,0.1665667250097466,0,1,0,82535,523075,1288,106668,4.845261032272408,0.1693833833802043
293,0.1666856554492316,0,1,0,82536,523074,1288,106668,4.8452517692393196,0.1693836523528683
294,0.1669173043974871,0,1,0,82537,523073,1288,106668,4.845242506206232,0.16938392132638655
295,0.1669451682361871,0,2,0,82539,523071,1288,106668,4.845223980140057,0.16938445927598578
296,0.1669741831869792,0,8,0,82547,523063,1288,106668,4.845149875875356,0.1693866111085527
297,0.1673718050155686,0,68,0,82615,522995,1288,106668,4.844519989625403,0.16940490389303484
298,0.1674635949206903,0,1,0,82616,522994,1288,106668,4.844510726592316,0.16940517293405033
299,0.1676687322540231,0,3,0,82619,522991,1288,106668,4.844482937493053,0.16940598006222415
300,0.1678902317000719,0,16,0,82635,522975,1288,106668,4.844334728963652,0.1694102848757153
301,0.1679262188523121,0,1,0,82636,522974,1288,106668,4.844325465930564,0.1694105539338227
302,0.1681194694651728,0,4,0,82640,522970,1288,106668,4.844288413798214,0.16941163017479885
303,0.1681777855797341,0,1,0,82641,522969,1288,106668,4.844279150765127,0.16941189923717953
304,0.168363281321067,0,3,0,82644,522966,1288,106668,4.844251361665864,0.1694127064294495
305,0.1684870915934896,4,154,4,82798,522812,1292,106664,4.842824854570381,0.1694488749372494
306,0.168620767919356,0,1,0,82799,522811,1292,106664,4.842815591537293,0.1694491441280432
307,0.1687519083064874,0,1,0,82800,522810,1292,106664,4.842806328504206,0.16944941331969232
308,0.1688207149380186,0,2,0,82802,522808,1292,106664,4.84278780243803,0.1694499517055564
309,0.1689378288046392,0,18,0,82820,522790,1292,106664,4.842621067842455,0.16945479733229116
310,0.1691816406605335,3,89,3,82909,522701,1295,106661,4.841796657897662,0.1694748014656112
311,0.169334418837212,0,1,0,82910,522700,1295,106661,4.841787394864575,0.1694750707463602
312,0.1694391272588225,2,19,2,82929,522681,1297,106659,4.841611397235911,0.1694775479073315
313,0.1695733632206184,0,12,0,82941,522669,1297,106659,4.84150024083886,0.16948077949813134
314,0.1696557532096558,0,1,0,82942,522668,1297,106659,4.841490977805773,0.16948104880292758
315,0.17,236,9308,236,92250,513360,1533,106423,4.755270665826818,0.17171009853448707
316,0.1723531687964765,0,1,0,92251,513359,1533,106423,4.755261402793731,0.17171037558367297
317,0.1730311852459122,0,1,0,92252,513358,1533,106423,4.7552521397606435,0.1717106526337529
318,0.17432466776701,0,1,0,92253,513357,1533,106423,4.755242876727555,0.17171092968472684
319,0.1747436100311373,0,1,0,92254,513356,1533,106423,4.755233613694468,0.17171120673659482
320,0.1750405372695918,0,1,0,92255,513355,1533,106423,4.755224350661381,0.17171148378935683
321,0.1750813114676332,0,1,0,92256,513354,1533,106423,4.755215087628293,0.1717117608430129
322,0.175287369367639,0,5,0,92261,513349,1533,106423,4.755168772462855,0.17171314612470392
323,0.1758375761735204,0,10,0,92271,513339,1533,106423,4.75507614213198,0.1717159167551415
324,0.1758588966090583,0,5,0,92276,513334,1533,106423,4.755029826966542,0.1717173021038891
325,0.1759547198817786,0,1,0,92277,513333,1533,106423,4.755020563933455,0.171717579176321
326,0.1761558238475127,0,1,0,92278,513332,1533,106423,4.7550113009003665,0.17171785624964703
327,0.1761579775811017,0,1,0,92279,513331,1533,106423,4.755002037867279,0.1717181333238672
328,0.1763773232935615,0,3,0,92282,513328,1533,106423,4.754974248768017,0.17171896455189262
329,0.1765155926229561,0,34,0,92316,513294,1533,106423,4.75465930564304,0.1717283856986334
330,0.1765534456761022,0,2,0,92318,513292,1533,106423,4.754640779576865,0.1717289399159291
331,0.1766065610586623,0,1,0,92319,513291,1533,106423,4.754631516543777,0.1717292170259184
332,0.1769173043974871,0,2,0,92321,513289,1533,106423,4.754612990477602,0.17172977124858
333,0.1769741831869792,0,8,0,92329,513281,1533,106423,4.754538886212901,0.17173198817499968
334,0.1773078065315082,0,1,0,92330,513280,1533,106423,4.754529623179814,0.1717322652948267
335,0.1773718050155686,1,71,1,92401,513209,1534,106422,4.753871947830597,0.17175060640929843
336,0.1774249203981288,0,1,0,92402,513208,1534,106422,4.75386268479751,0.17175088359182092
337,0.1776687322540231,0,1,0,92403,513207,1534,106422,4.753853421764423,0.17175116077523808
338,0.1778902317000719,0,12,0,92415,513195,1534,106422,4.7537422653673715,0.17175448704603005
339,0.1779262188523121,0,2,0,92417,513193,1534,106422,4.753723739301197,0.1717550414370214
340,0.178060454814108,0,1,0,92418,513192,1534,106422,4.753714476268109,0.17175531863385915
341,0.178079633416257,0,3,0,92421,513189,1534,106422,4.753686687168846,0.17175615022974092
342,0.1782722476418513,0,1,0,92422,513188,1534,106422,4.753677424135759,0.17175642743015768
343,0.1784870915934896,4,181,4,92603,513007,1538,106418,4.7520008151469115,0.17180126730435485
344,0.1788207149380186,0,3,0,92606,513004,1538,106418,4.751973026047649,0.17180209937651553
345,0.1789378288046392,0,14,0,92620,512990,1538,106418,4.751843343584423,0.17180598248650325
346,0.1791816406605335,1,75,1,92695,512915,1539,106417,4.751148616102856,0.17182545064682594
347,0.1794391272588225,1,27,1,92722,512888,1540,106416,4.750898514209493,0.17183160451087026
348,0.1795733632206184,0,16,0,92738,512872,1540,106416,4.750750305680092,0.17183604397307875
349,0.1796557532096558,0,5,0,92743,512867,1540,106416,4.750703990514654,0.17183743135206359
350,0.1797114722622524,0,1,0,92744,512866,1540,106416,4.750694727481567,0.1718377088305489
351,0.18,248,9752,248,102496,503114,1788,106168,4.660361628811738,0.17425100364035045
352,0.1828929159165176,0,1,0,102497,503113,1788,106168,4.6603523657786505,0.17425128963483189
353,0.1829561016216621,0,1,0,102498,503112,1788,106168,4.660343102745563,0.1742515756302521
354,0.1838873976385247,0,1,0,102499,503111,1788,106168,4.660333839712475,0.17425186162661113
355,0.18432466776701,0,1,0,102500,503110,1788,106168,4.660324576679388,0.17425214762390895
356,0.1843459882025478,0,2,0,102502,503108,1788,106168,4.660306050613213,0.17425271962132105
357,0.1844487556765508,0,1,0,102503,503107,1788,106168,4.660296787580125,0.1742530056214353
358,0.1847436100311373,0,4,0,102507,503103,1788,106168,4.660259735447775,0.17425414963128066
359,0.1848319458473558,0,1,0,102508,503102,1788,106168,4.660250472414687,0.17425443563608908
360,0.1849980912129176,0,1,0,102509,503101,1788,106168,4.6602412093816,0.17425472164183636
361,0.1850026842164457,0,1,0,102510,503100,1788,106168,4.660231946348512,0.1742550076485225
362,0.1852873693676389,1,2,1,102512,503098,1789,106167,4.6602134202823375,0.17425422435229335
363,0.1856972332834896,0,1,0,102513,503097,1789,106167,4.660204157249249,0.17425451036004097
364,0.1857350863366357,0,1,0,102514,503096,1789,106167,4.660194894216162,0.17425479636872745
365,0.1858375761735204,0,6,0,102520,503090,1789,106167,4.660139316017637,0.17425651244056284
366,0.1858588966090582,0,3,0,102523,503087,1789,106167,4.660111526918374,0.1742573704891556
367,0.1865109996194279,0,1,0,102524,503086,1789,106167,4.660102263885286,0.174257656507231
368,0.1865155926229561,0,45,0,102569,503041,1789,106167,4.659685427396346,0.17427052829247153
369,0.1865534456761022,0,2,0,102571,503039,1789,106167,4.659666901330172,0.17427110041595126
370,0.1866452355812239,0,1,0,102572,503038,1789,106167,4.659657638297084,0.17427138647909982
371,0.1869173043974871,0,3,0,102575,503035,1789,106167,4.659629849197821,0.17427224467418032
372,0.1869741831869792,0,12,0,102587,503023,1789,106167,4.659518692800771,0.17427567753902723
373,0.1873718050155686,0,49,0,102636,502974,1789,106167,4.65906480417948,0.17428969647421533
374,0.1873718050155687,2,21,2,102657,502953,1791,106165,4.658870280484642,0.17429299413249977
375,0.1874249203981288,0,2,0,102659,502951,1791,106165,4.658851754418467,0.17429356641427907
376,0.1876687322540231,0,5,0,102664,502946,1791,106165,4.658805439253029,0.17429499713516913
377,0.1877095064520646,0,1,0,102665,502945,1791,106165,4.6587961762199415,0.17429528328216579
378,0.1878902317000719,1,18,1,102683,502927,1792,106164,4.658629441624366,0.1742990784628241
379,0.1879262188523121,0,2,0,102685,502925,1792,106164,4.6586109155581905,0.17429965078995024
380,0.188079633416257,0,1,0,102686,502924,1792,106164,4.658601652525102,0.17429993695492277
381,0.1881777855797341,0,1,0,102687,502923,1792,106164,4.658592389492015,0.17430022312083496
382,0.188363281321067,0,1,0,102688,502922,1792,106164,4.658583126458928,0.17430050928768678
383,0.1883769560634618,0,1,0,102689,502921,1792,106164,4.65857386342584,0.1743007954554783
384,0.1884870915934896,4,197,4,102886,502724,1796,106160,4.656749045907592,0.17435176486818507
385,0.1888207149380186,0,2,0,102888,502722,1796,106160,4.656730519841417,0.17435233756294324
386,0.1889378288046392,0,13,0,102901,502709,1796,106160,4.656610100411279,0.17435606017057856
387,0.1891816406605335,1,93,1,102994,502616,1797,106159,4.655748638334136,0.17438133957537677
388,0.189334418837212,1,0,1,102994,502616,1798,106158,4.655748638334136,0.1743799833764254
389,0.1894391272588225,0,18,0,103012,502598,1798,106158,4.65558190373856,0.17438513953045226
390,0.1895733632206184,0,11,0,103023,502587,1798,106158,4.655480010374597,0.17438829066357833
391,0.1896557532096558,0,2,0,103025,502585,1798,106158,4.655461484308422,0.17438886360910927
392,0.1897114722622525,0,1,0,103026,502584,1798,106158,4.655452221275334,0.1743891500832865
393,0.1897820319509872,0,1,0,103027,502583,1798,106158,4.655442958242247,0.17438943655840497
394,0.19,283,9885,283,112912,492698,2081,105875,4.563877876171774,0.17687901058016314
395,0.191002201352653,0,1,0,112913,492697,2081,105875,4.563868613138686,0.17687930608180805
396,0.1912592026540934,0,1,0,112914,492696,2081,105875,4.563859350105599,0.17687960158444027
397,0.1923910218496226,0,1,0,112915,492695,2081,105875,4.563850087072511,0.17687989708805987
398,0.1933190374408454,0,1,0,112916,492694,2081,105875,4.563840824039423,0.17688019259266685
399,0.1937744609611285,0,1,0,112917,492693,2081,105875,4.563831561006336,0.17688048809826118
400,0.1941843248769792,0,1,0,112918,492692,2081,105875,4.563822297973249,0.1768807836048429
401,0.19432466776701,0,3,0,112921,492689,2081,105875,4.563794508873985,0.17688167013051237
402,0.1944487556765508,0,1,0,112922,492688,2081,105875,4.563785245840898,0.17688196564104364
403,0.1950026842164457,0,1,0,112923,492687,2081,105875,4.563775982807811,0.1768822611525623
404,0.1954534214275953,0,1,0,112924,492686,2081,105875,4.563766719774723,0.17688255666506839
405,0.1956972332834896,0,5,0,112929,492681,2081,105875,4.563720404609286,0.17688403424241006
406,0.1958375761735204,0,9,0,112938,492672,2081,105875,4.563637037311497,0.176886693943834
407,0.1958588966090582,0,1,0,112939,492671,2081,105875,4.56362777427841,0.17688698947115175
408,0.1961558238475127,0,1,0,112940,492670,2081,105875,4.5636185112453225,0.17688728499945702
409,0.1963096338202078,0,1,0,112941,492669,2081,105875,4.563609248212234,0.17688758052874975
410,0.1963773232935615,0,1,0,112942,492668,2081,105875,4.563599985179147,0.17688787605903
411,0.1965155926229561,1,42,1,112984,492626,2082,105874,4.56321093778947,0.17689891395154553
412,0.1965534456761022,0,4,0,112988,492622,2082,105874,4.56317388565712,0.17690009624124473
413,0.1968280605047111,0,1,0,112989,492621,2082,105874,4.563164622624032,0.1769003918161388
414,0.1969173043974871,0,1,0,112990,492620,2082,105874,4.563155359590945,0.17690068739202064
415,0.1969741831869792,0,9,0,112999,492611,2082,105874,4.563071992293157,0.17690334761940565
416,0.1973718050155686,3,116,3,113115,492495,2085,105871,4.561997480455,0.17693351560750445
417,0.1974249203981288,0,3,0,113118,492492,2085,105871,4.5619696913557375,0.17693440269535382
418,0.1976687322540231,0,12,0,113130,492480,2085,105871,4.561858534958687,0.17693795113570462
419,0.1978902317000719,0,16,0,113146,492464,2085,105871,4.561710326429286,0.17694268261091195
420,0.1979262188523121,0,2,0,113148,492462,2085,105871,4.561691800363111,0.17694327406310534
421,0.198363281321067,0,2,0,113150,492460,2085,105871,4.561673274296936,0.17694386551925273
422,0.1984099587428529,0,1,0,113151,492459,2085,105871,4.561664011263848,0.17694416124880918
423,0.1984870915934896,2,207,2,113358,492252,2087,105869,4.559746563414724,0.1770026466216702
424,0.198620767919356,0,1,0,113359,492251,2087,105869,4.559737300381637,0.1770029425533338
425,0.1989378288046392,0,24,0,113383,492227,2087,105869,4.559514987587535,0.1770100452101335
426,0.1991816406605335,1,89,1,113472,492138,2088,105868,4.558690577642744,0.17703501302662514
427,0.199334418837212,0,2,0,113474,492136,2088,105868,4.558672051576568,0.17703560511300928
428,0.1994391272588225,2,28,2,113502,492108,2090,105866,4.558412686650117,0.1770411422570212
429,0.1995733632206184,0,10,0,113512,492098,2090,105866,4.558320056319241,0.17704410298947762
430,0.2,330,10042,330,123554,482056,2420,105536,4.465300678054022,0.17960761889202032
431,0.2023531687964765,0,1,0,123555,482055,2420,105536,4.465291415020935,0.17960792455977032
432,0.2023744892320143,0,1,0,123556,482054,2420,105536,4.4652821519878465,0.17960823022856073
433,0.2025476061980463,0,1,0,123557,482053,2420,105536,4.465272888954759,0.17960853589839157
434,0.2034897758099353,0,1,0,123558,482052,2420,105536,4.465263625921672,0.17960884156926282
435,0.2039405130210849,0,1,0,123559,482051,2420,105536,4.465254362888584,0.1796091472411745
436,0.2042221779301253,0,1,0,123560,482050,2420,105536,4.465245099855497,0.1796094529141266
437,0.20432466776701,0,2,0,123562,482048,2420,105536,4.465226573789321,0.17961006426315215
438,0.2043459882025478,0,1,0,123563,482047,2420,105536,4.465217310756234,0.1796103699392256
439,0.2044487556765508,0,2,0,123565,482045,2420,105536,4.465198784690059,0.17961098129449388
440,0.2047436100311373,0,1,0,123566,482044,2420,105536,4.4651895216569715,0.1796112869736887
441,0.2050026842164457,0,1,0,123567,482043,2420,105536,4.465180258623884,0.17961159265392398
442,0.2050813114676332,0,2,0,123569,482041,2420,105536,4.465161732557709,0.17961220401751601
443,0.2052873693676389,0,1,0,123570,482040,2420,105536,4.465152469524621,0.17961250970087272
444,0.205287369367639,0,4,0,123574,482036,2420,105536,4.465115417392271,0.17961373244470466
445,0.2054612747804688,0,1,0,123575,482035,2420,105536,4.465106154359184,0.1796140381332639
446,0.2055589639540951,0,2,0,123577,482033,2420,105536,4.465087628293008,0.17961464951350395
447,0.2056972332834896,0,1,0,123578,482032,2420,105536,4.465078365259921,0.17961495520518475
448,0.2058375761735204,0,8,0,123586,482024,2420,105536,4.4650042609952205,0.17961740077609095
449,0.2058588966090583,0,9,0,123595,482015,2420,105536,4.464920893697433,0.17962015212296464
450,0.2061558238475127,0,1,0,123596,482014,2420,105536,4.464911630664345,0.17962045783337588
451,0.2063096338202079,0,1,0,123597,482013,2420,105536,4.464902367631257,0.17962076354482776
452,0.2065155926229561,0,30,0,123627,481983,2420,105536,4.4646244766386305,0.17962993537230285
453,0.2065534456761022,0,6,0,123633,481977,2420,105536,4.464568898440105,0.17963176985019905
454,0.2069173043974871,0,2,0,123635,481975,2420,105536,4.46455037237393,0.1796323813511577
455,0.2069741831869792,0,12,0,123647,481963,2420,105536,4.4644392159768795,0.1796360504443412
456,0.2070718723606054,0,1,0,123648,481962,2420,105536,4.464429952943792,0.1796363562088722
457,0.2073718050155686,3,97,3,123745,481865,2423,105533,4.463531438734299,0.17966183064974686
458,0.2074249203981288,0,3,0,123748,481862,2423,105533,4.463503649635037,0.17966274823585493
459,0.2076687322540231,0,6,0,123754,481856,2423,105533,4.4634480714365115,0.17966458343618966
460,0.2077095064520646,0,1,0,123755,481855,2423,105533,4.463438808403423,0.17966488930655716
461,0.2078902317000719,0,14,0,123769,481841,2423,105533,4.463309125940198,0.17966917160105828
462,0.2079262188523121,0,1,0,123770,481840,2423,105533,4.46329986290711,0.17966947748704826
463,0.208079633416257,0,2,0,123772,481838,2423,105533,4.463281336840935,0.1796700892621529
464,0.2084870915934896,7,214,7,123986,481624,2430,105526,4.461299047760199,0.17972579409009623
465,0.2087519083064875,0,1,0,123987,481623,2430,105526,4.461289784727111,0.17972610018921942
466,0.2089378288046392,0,22,0,124009,481601,2430,105526,4.461085997999185,0.1797328346337334
467,0.2091816406605335,4,87,4,124096,481514,2434,105522,4.460280114120567,0.17975388221506006
468,0.2094391272588225,1,36,1,124132,481478,2435,105521,4.459946644929416,0.17976350896679552
469,0.2095733632206184,0,5,0,124137,481473,2435,105521,4.459900329763978,0.17976504018780431
470,0.2096557532096558,0,2,0,124139,481471,2435,105521,4.459881803697803,0.17976565268351188
471,0.2097114722622524,0,1,0,124140,481470,2435,105521,4.4598725406647155,0.17976595893293082
472,0.2097820319509873,0,1,0,124141,481469,2435,105521,4.459863277631627,0.17976626518339325
473,0.21,357,10287,357,134428,471182,2792,105164,4.364574456259958,0.18246678210658182
474,0.2111462659766972,0,1,0,134429,471181,2792,105164,4.36456519322687,0.18246709869956362
475,0.2123531687964765,0,1,0,134430,471180,2792,105164,4.364555930193783,0.18246741529364408
476,0.2137744609611285,0,2,0,134432,471178,2792,105164,4.364537404127607,0.18246804848510087
477,0.2142710731061783,0,1,0,134433,471177,2792,105164,4.36452814109452,0.1824683650824772
478,0.2143912502322346,0,2,0,134435,471175,2792,105164,4.364509615028345,0.18246899828052587
479,0.2144487556765508,0,2,0,134437,471173,2792,105164,4.36449108896217,0.18246963148296916
480,0.2145952260392131,0,1,0,134438,471172,2792,105164,4.364481825929082,0.18246994808583883
481,0.2147436100311373,0,1,0,134439,471171,2792,105164,4.364472562895995,0.18247026468980715
482,0.2148319458473558,0,3,0,134442,471168,2792,105164,4.364444773796732,0.18247121450830425
483,0.2150026842164457,0,6,0,134448,471162,2792,105164,4.364389195598207,0.18247311417496348
484,0.2150405372695917,0,1,0,134449,471161,2792,105164,4.364379932565119,0.18247343078991887
485,0.2152873693676389,0,2,0,134451,471159,2792,105164,4.364361406498944,0.1824740640231259
486,0.2154534214275953,0,1,0,134452,471158,2792,105164,4.364352143465856,0.18247438064137755
487,0.2154612747804688,0,1,0,134453,471157,2792,105164,4.364342880432769,0.18247469726072796
488,0.2156972332834896,0,3,0,134456,471154,2792,105164,4.3643150913335065,0.18247564712537176
489,0.2158375761735204,0,12,0,134468,471142,2792,105164,4.364203934936455,0.18247944668283864
490,0.2158588966090582,2,9,2,134477,471133,2794,105162,4.364120567638667,0.1824794593046964
491,0.2159120119916184,0,1,0,134478,471132,2794,105162,4.36411130460558,0.18247977594769335
492,0.2159547198817786,0,2,0,134480,471130,2794,105162,4.364092778539405,0.18248040923698403
493,0.2163096338202079,0,1,0,134481,471129,2794,105162,4.364083515506318,0.1824807258832777
494,0.2163773232935615,0,2,0,134483,471127,2794,105162,4.364064989440142,0.18248135917916183
495,0.2165155926229561,0,47,0,134530,471080,2794,105162,4.363629626885027,0.18249624289794913
496,0.2165534456761022,0,1,0,134531,471079,2794,105162,4.36362036385194,0.18249655959919547
497,0.2169173043974871,0,4,0,134535,471075,2794,105162,4.363583311719589,0.18249782641517293
498,0.2169741831869792,0,8,0,134543,471067,2794,105162,4.363509207454889,0.18250036009989085
499,0.2171234719406376,0,1,0,134544,471066,2794,105162,4.363499944421801,0.18250067681542723
500,0.2173718050155686,1,46,1,134590,471020,2795,105161,4.363073844899774,0.18251382811998312
501,0.2173718050155687,1,44,1,134634,470976,2796,105160,4.3626662714439215,0.18252634794562395
502,0.2174249203981288,0,1,0,134635,470975,2796,105160,4.362657008410834,0.18252666475739193
503,0.2176687322540231,0,3,0,134638,470972,2796,105160,4.362629219311572,0.1825276151992946
504,0.2178902317000719,0,17,0,134655,470955,2796,105160,4.362471747749083,0.18253300122371402
505,0.218079633416257,0,2,0,134657,470953,2796,105160,4.362453221682908,0.18253363489454325
506,0.2181194694651728,0,1,0,134658,470952,2796,105160,4.362443958649821,0.18253395173160775
507,0.218363281321067,0,1,0,134659,470951,2796,105160,4.362434695616733,0.18253426856977215
508,0.2184870915934896,9,258,9,134917,470693,2805,105151,4.360044833080144,0.1826032744979543
509,0.2188207149380186,0,1,0,134918,470692,2805,105151,4.3600355700470566,0.1826035916039615
510,0.218878254517645,0,1,0,134919,470691,2805,105151,4.360026307013968,0.18260390871107005
511,0.2189378288046392,1,19,1,134938,470672,2806,105150,4.359850309385305,0.18260851443675302
512,0.219150599521075,0,1,0,134939,470671,2806,105150,4.3598410463522175,0.18260883156397562
513,0.2191816406605335,2,96,2,135035,470575,2808,105148,4.3589517951758125,0.1826364414831438
514,0.2194391272588225,0,41,0,135076,470534,2808,105148,4.3585720108192225,0.18264944882765138
515,0.2195733632206184,0,15,0,135091,470519,2808,105148,4.3584330653229095,0.18265420807515456
516,0.2196557532096558,0,3,0,135094,470516,2808,105148,4.358405276223647,0.18265515995441786
517,0.2197114722622525,0,1,0,135095,470515,2808,105148,4.358396013190559,0.18265547724971035
518,0.22,421,10605,421,145700,459910,3229,104727,4.260161547297047,0.18547668679169094
519,0.2204070802074224,0,1,0,145701,459909,3229,104727,4.26015228426396,0.18547701528064098
520,0.2212970557072395,0,1,0,145702,459908,3229,104727,4.2601430212308715,0.18547734377075456
521,0.2228924006614638,0,1,0,145703,459907,3229,104727,4.260133758197784,0.18547767226203168
522,0.2232093811890891,0,1,0,145704,459906,3229,104727,4.260124495164697,0.18547800075447238
523,0.2233190374408453,0,2,0,145706,459904,3229,104727,4.260105969098522,0.18547865774284444
524,0.2236814388357766,0,1,0,145707,459903,3229,104727,4.2600967060654344,0.18547898623877584
525,0.2238873976385247,0,2,0,145709,459901,3229,104727,4.260078179999259,0.18547964323412938
526,0.2238873976385248,0,1,0,145710,459900,3229,104727,4.260068916966171,0.18547997173355152
527,0.22432466776701,0,1,0,145711,459899,3229,104727,4.260059653933084,0.18548030023413728
528,0.2243459882025479,0,2,0,145713,459897,3229,104727,4.260041127866908,0.18548095723879962
529,0.2250026842164457,0,7,0,145720,459890,3229,104727,4.259976286635296,0.18548325679177213
530,0.2252620367156405,0,1,0,145721,459889,3229,104727,4.259967023602209,0.18548358530399423
531,0.225287369367639,0,1,0,145722,459888,3229,104727,4.259957760569121,0.18548391381738
532,0.2256972332834896,0,2,0,145724,459886,3229,104727,4.259939234502945,0.18548457084764255
533,0.2258018764615906,0,1,0,145725,459885,3229,104727,4.259929971469858,0.18548489936451934
534,0.2258375761735204,0,14,0,145739,459871,3229,104727,4.259800289006632,0.1854894987229852
535,0.2258588966090582,0,9,0,145748,459862,3229,104727,4.259716921708844,0.18549245557387764
536,0.2259547198817786,0,1,0,145749,459861,3229,104727,4.259707658675757,0.18549278411868478
537,0.2261558238475127,0,1,0,145750,459860,3229,104727,4.259698395642669,0.18549311266465576
538,0.2262500595332137,0,1,0,145751,459859,3229,104727,4.259689132609582,0.1854934412117906
539,0.2263773232935615,0,2,0,145753,459857,3229,104727,4.2596706065434065,0.18549409830955182
540,0.2265155926229561,0,36,0,145789,459821,3229,104727,4.259337137352254,0.1855059268653861
541,0.2265534456761022,0,1,0,145790,459820,3229,104727,4.259327874319167,0.18550625545791583
542,0.2265667250097466,0,1,0,145791,459819,3229,104727,4.25931861128608,0.1855065840516096
543,0.2268109322743912,0,2,0,145793,459817,3229,104727,4.2593000852199046,0.18550724124248952
544,0.2269741831869792,0,14,0,145807,459803,3229,104727,4.259170402756679,0.1855118417090323
545,0.2270718723606054,0,1,0,145808,459802,3229,104727,4.259161139723591,0.18551217032251666
546,0.2273718050155686,2,83,2,145891,459719,3231,104725,4.258392307977324,0.18553656341461686
547,0.2276222133001398,0,1,0,145892,459718,3231,104725,4.258383044944236,0.18553689212196803
548,0.2276687322540231,0,5,0,145897,459713,3231,104725,4.258336729778799,0.18553853567619472
549,0.2278902317000719,0,14,0,145911,459699,3231,104725,4.258207047315573,0.18554313778294332
550,0.2279262188523121,0,3,0,145914,459696,3231,104725,4.258179258216311,0.18554412397837783
551,0.228079633416257,0,1,0,145915,459695,3231,104725,4.258169995183223,0.18554445271251904
552,0.2281777855797341,0,1,0,145916,459694,3231,104725,4.258160732150135,0.1855447814478251
553,0.2283632813210671,0,2,0,145918,459692,3231,104725,4.25814220608396,0.18554543892193184
554,0.2284870915934896,5,227,5,146145,459465,3236,104720,4.256039497573085,0.1856128752093728
555,0.228620767919356,0,1,0,146146,459464,3236,104720,4.256030234539998,0.18561320420288416
556,0.2288207149380186,0,6,0,146152,459458,3236,104720,4.255974656341473,0.18561517818844409
557,0.2289378288046392,1,19,1,146171,459439,3237,104719,4.255798658712809,0.18561998589047748
558,0.2291816406605335,2,110,2,146281,459329,3239,104717,4.254779725073178,0.18565329778067746
559,0.229334418837212,0,4,0,146285,459325,3239,104717,4.254742672940828,0.18565461437268857
560,0.2294391272588225,2,24,2,146309,459301,3241,104715,4.254520360146726,0.18565962667725738
561,0.2295733632206184,0,8,0,146317,459293,3241,104715,4.254446255882026,0.18566226010978568
562,0.2296557532096558,0,7,0,146324,459286,3241,104715,4.254381414650413,0.18566456442453116
563,0.229751666925069,0,1,0,146325,459285,3241,104715,4.254372151617326,0.18566489361702126
564,0.23,437,10758,437,157083,448527,3678,104278,4.154720441661418,0.18863432856070406
565,0.2302863318500712,0,1,0,157084,448526,3678,104278,4.15471117862833,0.18863466979254853
566,0.2314431932151517,0,1,0,157085,448525,3678,104278,4.1547019155952425,0.18863501102562757
567,0.2323531687964765,0,1,0,157086,448524,3678,104278,4.154692652562155,0.18863535225994119
568,0.2333265248973473,0,1,0,157087,448523,3678,104278,4.154683389529067,0.18863569349548934
569,0.2335063084275436,0,1,0,157088,448522,3678,104278,4.15467412649598,0.18863603473227206
570,0.2337744609611285,0,1,0,157089,448521,3678,104278,4.154664863462893,0.18863637597028937
571,0.2338873976385247,0,4,0,157093,448517,3678,104278,4.154627811330542,0.18863774093470453
572,0.23432466776701,0,1,0,157094,448516,3678,104278,4.154618548297455,0.18863808217889486
573,0.2344487556765508,0,1,0,157095,448515,3678,104278,4.154609285264367,0.18863842342431977
574,0.2347436100311373,0,2,0,157097,448513,3678,104278,4.154590759198192,0.1886391059188735
575,0.2348319458473557,0,2,0,157099,448511,3678,104278,4.154572233132017,0.1886397884183658
576,0.2350026842164457,0,3,0,157102,448508,3678,104278,4.154544444032754,0.1886408121768641
577,0.2352620367156406,0,1,0,157103,448507,3678,104278,4.154535180999667,0.18864115343216623
578,0.2352873693676389,0,1,0,157104,448506,3678,104278,4.154525917966579,0.188641494688703
579,0.2354612747804688,0,1,0,157105,448505,3678,104278,4.1545166549334915,0.18864183594647446
580,0.2356972332834896,0,1,0,157106,448504,3678,104278,4.154507391900404,0.18864217720548065
581,0.2358375761735204,1,17,1,157123,448487,3679,104277,4.154349920337915,0.1886465109884146
582,0.2358588966090583,0,4,0,157127,448483,3679,104277,4.154312868205565,0.1886478761125986
583,0.2359547198817786,0,1,0,157128,448482,3679,104277,4.154303605172478,0.18864821739673165
584,0.2363096338202079,1,0,1,157128,448482,3680,104276,4.154303605172478,0.1886467495721455
585,0.2363773232935615,0,3,0,157131,448479,3680,104276,4.154275816073215,0.18864777342583966
586,0.2365155926229561,1,47,1,157178,448432,3681,104275,4.1538404535181,0.18866234731964676
587,0.2365534456761021,0,2,0,157180,448430,3681,104275,4.153821927451925,0.18866303000696574
588,0.2365534456761022,0,6,0,157186,448424,3681,104275,4.1537663492534,0.18866507809856722
589,0.2368109322743912,0,2,0,157188,448422,3681,104275,4.153747823187224,0.1886657608056494
590,0.2369173043974871,0,3,0,157191,448419,3681,104275,4.153720034087962,0.18866678487553692
591,0.236945168236187,0,1,0,157192,448418,3681,104275,4.153710771054874,0.18866712623463658
592,0.2369741831869792,0,4,0,157196,448414,3681,104275,4.153673718922524,0.18866849168338795
593,0.2370718723606054,0,1,0,157197,448413,3681,104275,4.1536644558894364,0.188668833048664
594,0.2373718050155686,1,91,1,157288,448322,3682,104274,4.152821519878469,0.1886984342991987
595,0.2374249203981288,0,2,0,157290,448320,3682,104274,4.152802993812294,0.188699117254259
596,0.2376687322540231,0,9,0,157299,448311,3682,104274,4.152719626514506,0.18870219061320884
597,0.2378902317000719,0,15,0,157314,448296,3682,104274,4.152580681018192,0.18870731310060262
598,0.2379262188523121,0,1,0,157315,448295,3682,104274,4.152571417985105,0.18870765460965055
599,0.2381194694651728,0,1,0,157316,448294,3682,104274,4.152562154952017,0.18870799611993455
600,0.238363281321067,0,2,0,157318,448292,3682,104274,4.152543628885843,0.18870867914421083
601,0.238394078158637,0,1,0,157319,448291,3682,104274,4.1525343658527545,0.1887090206582031
602,0.2384870915934896,12,255,12,157574,448036,3694,104262,4.150172292415428,0.18877852174007512
603,0.238620767919356,0,1,0,157575,448035,3694,104262,4.150163029382341,0.18877886354624415
604,0.2388207149380186,1,4,1,157579,448031,3695,104261,4.15012597724999,0.18877876195925344
605,0.2389378288046392,0,25,0,157604,448006,3695,104261,4.149894401422802,0.1887873075885396
606,0.2391816406605335,2,86,2,157690,447920,3697,104259,4.149097780577272,0.18881377234556185
607,0.239334418837212,0,5,0,157695,447915,3697,104259,4.1490514654118344,0.18881548207630203
608,0.2394391272588225,1,27,1,157722,447888,3698,104258,4.14880136351847,0.18882324602550773
609,0.2395733632206184,0,12,0,157734,447876,3698,104258,4.14869020712142,0.18882734988245606
610,0.2396557532096558,0,6,0,157740,447870,3698,104258,4.148634628922895,0.18882940187782543
611,0.239751666925069,0,1,0,157741,447869,3698,104258,4.148625365889807,0.1888297438813896
612,0.24,508,10842,508,168583,437027,4206,103750,4.048195561154545,0.19185357365420497
613,0.2432307016246269,0,1,0,168584,437026,4206,103750,4.048186298121457,0.19185392842877644
614,0.2437278078735923,0,3,0,168587,437023,4206,103750,4.048158509022194,0.1918549927603634
615,0.2438914875844663,0,1,0,168588,437022,4206,103750,4.048149245989107,0.1918553475401833
616,0.2444690100281724,0,1,0,168589,437021,4206,103750,4.048139982956019,0.1918557023213153
617,0.2447436100311373,0,2,0,168591,437019,4206,103750,4.048121456889844,0.19185641188751573
618,0.2448319458473558,0,1,0,168592,437018,4206,103750,4.048112193856756,0.19185676667258417
619,0.2450026842164457,0,2,0,168594,437016,4206,103750,4.048093667790582,0.19185747624665753
620,0.2452620367156406,0,2,0,168596,437014,4206,103750,4.048075141724406,0.19185818582597955
621,0.2452675009294435,0,1,0,168597,437013,4206,103750,4.048065878691319,0.19185854061760882
622,0.2452873693676389,0,2,0,168599,437011,4206,103750,4.048047352625144,0.19185925020480396
623,0.2456972332834896,0,2,0,168601,437009,4206,103750,4.048028826558968,0.19185995979724793
624,0.2458375761735204,1,17,1,168618,436992,4207,103749,4.04787135499648,0.19186449705126854
625,0.2458588966090582,0,7,0,168625,436985,4207,103749,4.0478065137648676,0.19186698080756898
626,0.2459547198817786,0,2,0,168627,436983,4207,103749,4.047787987698692,0.19186769046403765
627,0.2459866736664201,0,1,0,168628,436982,4207,103749,4.047778724665604,0.19186804529424056
628,0.2461558238475127,0,1,0,168629,436981,4207,103749,4.047769461632517,0.19186840012575593
629,0.2461925199535872,0,1,0,168630,436980,4207,103749,4.04776019859943,0.1918687549585837
630,0.2463086020241912,0,1,0,168631,436979,4207,103749,4.0477509355663415,0.1918691097927239
631,0.2463096338202079,0,1,0,168632,436978,4207,103749,4.047741672533254,0.1918694646281765
632,0.2463773232935615,0,4,0,168636,436974,4207,103749,4.047704620400904,0.1918708839831115
633,0.2465155926229561,1,40,1,168676,436934,4208,103748,4.047334099077402,0.1918835840660499
634,0.2465534456761022,0,1,0,168677,436933,4208,103748,4.047324836044314,0.19188393895846165
635,0.2468109322743911,0,1,0,168678,436932,4208,103748,4.047315573011227,0.19188429385218614
636,0.2468109322743912,0,4,0,168682,436928,4208,103748,4.047278520878876,0.19188571344021188
637,0.2469173043974871,0,3,0,168685,436925,4208,103748,4.047250731779614,0.19188677814501556
638,0.2469741831869792,0,10,0,168695,436915,4208,103748,4.047158101448739,0.19189032724636235
639,0.2470718723606054,0,1,0,168696,436914,4208,103748,4.047148838415651,0.19189068216371782
640,0.2473718050155686,4,108,4,168804,436806,4212,103744,4.046148430842195,0.19192304134677643
641,0.2474249203981288,0,2,0,168806,436804,4212,103744,4.04612990477602,0.19192375145222995
642,0.2476687322540231,0,5,0,168811,436799,4212,103744,4.046083589610582,0.19192552673885332
643,0.2478902317000719,1,17,1,168828,436782,4213,103743,4.045926118048094,0.1919300679894547
644,0.2479262188523121,0,1,0,168829,436781,4213,103743,4.045916855015006,0.19193042307094596
645,0.2480023555985521,0,1,0,168830,436780,4213,103743,4.045907591981918,0.1919307781537511
646,0.248060454814108,0,1,0,168831,436779,4213,103743,4.045898328948831,0.19193113323787006
647,0.248079633416257,0,1,0,168832,436778,4213,103743,4.045889065915744,0.1919314883233029
648,0.2481194694651728,0,1,0,168833,436777,4213,103743,4.045879802882656,0.19193184341004957
649,0.2481777855797341,0,2,0,168835,436775,4213,103743,4.045861276816481,0.1919325535874846
650,0.248363281321067,0,3,0,168838,436772,4213,103743,4.045833487717218,0.1919336188634913
651,0.2484870915934896,12,281,12,169119,436491,4225,103731,4.043230575419615,0.19201550473694148
652,0.248620767919356,0,1,0,169120,436490,4225,103731,4.043221312386528,0.1920158601757429
653,0.2488207149380186,0,2,0,169122,436488,4225,103731,4.043202786320353,0.19201657105729344
654,0.248878254517645,0,1,0,169123,436487,4225,103731,4.043193523287266,0.19201692650004257
655,0.2489378288046392,0,20,0,169143,436467,4225,103731,4.043008262625514,0.1920240356313796
656,0.2491816406605335,2,110,2,169253,436357,4227,103729,4.041989328985883,0.19206015338297974
657,0.249334418837212,0,2,0,169255,436355,4227,103729,4.041970802919708,0.19206086460624644
658,0.2494391272588225,2,28,2,169283,436327,4229,103727,4.041711437993256,0.19206783025401164
659,0.2495733632206184,1,12,1,169295,436315,4230,103726,4.041600281596206,0.19207060204688162
660,0.2496557532096558,0,2,0,169297,436313,4230,103726,4.04158175553003,0.1920713133681086
661,0.2497114722622524,0,3,0,169300,436310,4230,103726,4.041553966430768,0.19207238035982788
662,0.2497114722622525,0,1,0,169301,436309,4230,103726,4.041544703397681,0.19207273602636865
663,0.2497820319509872,0,1,0,169302,436308,4230,103726,4.041535440364593,0.19207309169422665
664,0.25,483,10800,483,180102,425508,4713,103243,3.9414946830190076,0.19525825955884718
665,0.2526591743832076,0,1,0,180103,425507,4713,103243,3.9414854199859204,0.19525862884160758
666,0.2528929159165176,0,1,0,180104,425506,4713,103243,3.9414761569528327,0.19525899812576478
667,0.2530311852459121,0,1,0,180105,425505,4713,103243,3.941466893919745,0.1952593674113188
668,0.2535276288630814,0,1,0,180106,425504,4713,103243,3.9414576308866573,0.19525973669826968
669,0.2537744609611285,0,1,0,180107,425503,4713,103243,3.94144836785357,0.1952601059866174
670,0.2537744609611286,0,1,0,180108,425502,4713,103243,3.9414391048204824,0.19526047527636195
671,0.2538873976385247,0,3,0,180111,425499,4713,103243,3.94141131572122,0.1952615831539768
672,0.2544690100281725,0,1,0,180112,425498,4713,103243,3.941402052688132,0.19526195244930883
673,0.2547011639744631,0,1,0,180113,425497,4713,103243,3.9413927896550445,0.19526232174603775
674,0.2547436100311373,0,3,0,180116,425494,4713,103243,3.941365000555782,0.1952634296446059
675,0.2550026842164457,1,3,1,180119,425491,4714,103242,3.9413372114565193,0.19526301554849046
676,0.2550192168340539,0,1,0,180120,425490,4714,103242,3.9413279484234316,0.1952633848528177
677,0.2552873693676389,0,1,0,180121,425489,4714,103242,3.9413186853903444,0.19526375415854186
678,0.255558963954095,0,1,0,180122,425488,4714,103242,3.9413094223572567,0.195264123465663
679,0.2556972332834896,0,3,0,180125,425485,4714,103242,3.941281633257994,0.19526523139540822
680,0.2556972332834897,0,1,0,180126,425484,4714,103242,3.9412723702249064,0.19526560070811724
681,0.2558375761735204,0,20,0,180146,425464,4714,103242,3.9410871095631554,0.19527298725567707
682,0.2558588966090582,0,12,0,180158,425452,4714,103242,3.9409759531661046,0.1952774194524621
683,0.2561268088967206,0,1,0,180159,425451,4714,103242,3.9409666901330174,0.1952777888112761
684,0.2561558238475127,0,1,0,180160,425450,4714,103242,3.9409574270999297,0.19527815817148736
685,0.2563096338202079,0,1,0,180161,425449,4714,103242,3.940948164066842,0.19527852753309588
686,0.2563773232935615,0,1,0,180162,425448,4714,103242,3.9409389010337543,0.19527889689610167
687,0.2565155926229561,3,43,3,180205,425405,4717,103239,3.94054059061099,0.1952902142084276
688,0.2565534456761021,0,1,0,180206,425404,4717,103239,3.940531327577902,0.19529058362637924
689,0.2565534456761022,1,2,1,180208,425402,4718,103238,3.940512801511727,0.19528980024213075
690,0.2566065610586623,0,1,0,180209,425401,4718,103238,3.9405035384786395,0.19529016966209456
691,0.2568109322743911,1,0,1,180209,425401,4719,103237,3.9405035384786395,0.1952886474298102
692,0.256945168236187,0,1,0,180210,425400,4719,103237,3.940494275445552,0.1952890168489909
693,0.2569451682361871,0,1,0,180211,425399,4719,103237,3.940485012412464,0.19528938626956924
694,0.2569741831869792,0,18,0,180229,425381,4719,103237,3.940318277816888,0.1952960360789833
695,0.2570718723606054,0,1,0,180230,425380,4719,103237,3.940309014783801,0.19529640552611816
696,0.2573718050155686,5,122,5,180352,425258,4724,103232,3.9391789247471194,0.19533387575923858
697,0.2574249203981288,0,1,0,180353,425257,4724,103232,3.9391696617140317,0.19533424536745325
698,0.2576687322540231,0,8,0,180361,425249,4724,103232,3.939095557449331,0.1953372022835258
699,0.2577095064520646,0,1,0,180362,425248,4724,103232,3.9390862944162435,0.1953375719043294
700,0.2578902317000719,0,25,0,180387,425223,4724,103232,3.938854718589055,0.1953468128790531
701,0.2579262188523121,0,3,0,180390,425220,4724,103232,3.938826929489792,0.19534792185477584
702,0.258060454814108,0,3,0,180393,425217,4724,103232,3.9387991403905294,0.19534903084308988
703,0.258079633416257,0,3,0,180396,425214,4724,103232,3.9387713512912668,0.1953501398439954
704,0.258198563855742,0,1,0,180397,425213,4724,103232,3.938762088258179,0.19535050951376207
705,0.2583769560634618,0,1,0,180398,425212,4724,103232,3.938752825225092,0.19535087918492783
706,0.2584870915934896,6,270,6,180668,424942,4730,103226,3.936251806291452,0.19544160191454235
707,0.258620767919356,0,2,0,180670,424940,4730,103226,3.936233280225277,0.19544234199096497
708,0.2587550038811519,0,3,0,180673,424937,4730,103226,3.9362054911260143,0.19544345211610809
709,0.2588207149380186,0,6,0,180679,424931,4730,103226,3.936149912927489,0.19544567240422828
710,0.258878254517645,0,1,0,180680,424930,4730,103226,3.9361406498944014,0.1954460424571528
711,0.2589378288046392,1,16,1,180696,424914,4731,103225,3.9359924413650007,0.19545044013034446
712,0.2590337830460053,0,1,0,180697,424913,4731,103225,3.935983178331913,0.19545081020490856
713,0.2591816406605335,4,107,4,180804,424806,4735,103221,3.9349920337915445,0.19548432182445216
714,0.259334418837212,1,1,1,180805,424805,4736,103220,3.9349827707584573,0.19548316841058663
715,0.2594391272588225,0,32,0,180837,424773,4736,103220,3.9346863536996555,0.1954950160324095
716,0.2595733632206184,1,16,1,180853,424757,4737,103219,3.9345381451702544,0.1954994166401503
717,0.2596557532096558,0,3,0,180856,424754,4737,103219,3.9345103560709918,0.19550052748909508
718,0.259751666925069,0,1,0,180857,424753,4737,103219,3.9345010930379045,0.195500897774882
719,0.26,561,11016,561,191873,413737,5298,102658,3.8324595205454073,0.19879743219822035
720,0.2626591743832076,0,1,0,191874,413736,5298,102658,3.83245025751232,0.19879781717061004
721,0.2626714164704689,0,1,0,191875,413735,5298,102658,3.8324409944792324,0.19879820214449073
722,0.263978366074231,0,1,0,191876,413734,5298,102658,3.8324317314461447,0.19879858711986242
723,0.26432466776701,0,1,0,191877,413733,5298,102658,3.832422468413057,0.19879897209672515
724,0.2647436100311373,0,4,0,191881,413729,5298,102658,3.832385416280707,0.19880051201908647
725,0.2648644148870511,0,1,0,191882,413728,5298,102658,3.8323761532476195,0.19880089700340442
726,0.2650026842164457,0,5,0,191887,413723,5298,102658,3.8323298380821815,0.19880282194736057
727,0.265019216834054,0,1,0,191888,413722,5298,102658,3.8323205750490943,0.19880320694062512
728,0.2650405372695918,0,1,0,191889,413721,5298,102658,3.8323113120160066,0.1988035919353808
729,0.2652620367156406,0,1,0,191890,413720,5298,102658,3.832302048982919,0.1988039769316276
730,0.2652873693676389,0,1,0,191891,413719,5298,102658,3.8322927859498312,0.19880436192936557
731,0.2652980238678808,0,1,0,191892,413718,5298,102658,3.832283522916744,0.19880474692859468
732,0.2656972332834896,0,2,0,191894,413716,5298,102658,3.8322649968505687,0.19880551693152637
733,0.2658375761735204,2,18,2,191912,413698,5300,102656,3.8320982622549926,0.19880934397719394
734,0.2658588966090582,0,4,0,191916,413694,5300,102656,3.8320612101226423,0.19881088409024886
735,0.2659547198817786,0,1,0,191917,413693,5300,102656,3.832051947089555,0.19881126912224095
736,0.2663096338202079,0,1,0,191918,413692,5300,102656,3.8320426840564674,0.19881165415572444
737,0.2663773232935615,0,1,0,191919,413691,5300,102656,3.8320334210233797,0.19881203919069929
738,0.2665155926229561,1,49,1,191968,413642,5301,102655,3.8315795324020896,0.19882935597146603
739,0.2665534456761022,0,4,0,191972,413638,5301,102655,3.8315424802697393,0.19883089640959686
740,0.2668503729145566,1,2,1,191974,413636,5302,102654,3.8315239542035644,0.19883011485792867
741,0.2669173043974871,0,3,0,191977,413633,5302,102654,3.831496165104302,0.1988312702043631
742,0.2669173043974872,0,2,0,191979,413631,5302,102654,3.8314776390381264,0.1988320404427787
743,0.2669741831869792,0,13,0,191992,413618,5302,102654,3.8313572196079884,0.19883704713794279
744,0.2670718723606054,0,2,0,191994,413616,5302,102654,3.8313386935418134,0.19883781742111686
745,0.2673718050155686,1,57,1,192051,413559,5303,102653,3.8308107006558227,0.19885822104096768
746,0.2673718050155687,2,62,2,192113,413497,5305,102651,3.8302363926043945,0.19887900369661415
747,0.2674249203981288,0,1,0,192114,413496,5305,102651,3.830227129571307,0.19887938901127006
748,0.2676687322540231,0,14,0,192128,413482,5305,102651,3.830097447108081,0.19888478357322628
749,0.2678902317000719,1,24,1,192152,413458,5306,102650,3.82987513431398,0.19889247986855466
750,0.2679262188523121,0,7,0,192159,413451,5306,102650,3.829810293082367,0.19889517749432767
751,0.268060454814108,1,2,1,192161,413449,5307,102649,3.8297917670161916,0.19889439602556103
752,0.268079633416257,0,2,0,192163,413447,5307,102649,3.8297732409500167,0.1988951667906746
753,0.2681194694651728,0,2,0,192165,413445,5307,102649,3.829754714883842,0.198895937561762
754,0.268363281321067,0,4,0,192169,413441,5307,102649,3.8297176627514915,0.1988974791218586
755,0.2684870915934896,8,268,8,192437,413173,5315,102641,3.827235169884027,0.19898839504162352
756,0.2689378288046392,1,25,1,192462,413148,5316,102640,3.827003594056838,0.19899648692873817
757,0.2689544961034623,0,1,0,192463,413147,5316,102640,3.82699433102375,0.19899687274010397
758,0.2691816406605335,5,135,5,192598,413012,5321,102635,3.8257438215569306,0.1990412045449697
759,0.269334418837212,0,3,0,192601,413009,5321,102635,3.825716032457668,0.19904236256021596
760,0.2694391272588225,3,33,3,192634,412976,5324,102632,3.8254103523657785,0.19905044142061412
761,0.2695733632206184,0,19,0,192653,412957,5324,102632,3.8252343547371153,0.19905777663992055
762,0.2696557532096558,0,6,0,192659,412951,5324,102632,3.8251787765385896,0.19906009313728343
763,0.2697114722622524,0,1,0,192660,412950,5324,102632,3.8251695135055024,0.19906047922541903
764,0.269751666925069,0,1,0,192661,412949,5324,102632,3.8251602504724147,0.19906086531505235
765,0.27,622,10986,622,203647,401963,5946,102010,3.7233965689725443,0.20241163713135427
766,0.2706999174999353,0,1,0,203648,401962,5946,102010,3.7233873059394567,0.20241203876405833
767,0.2719768674034249,0,2,0,203650,401960,5946,102010,3.7233687798732817,0.20241284203424806
768,0.2723531687964765,0,1,0,203651,401959,5946,102010,3.723359516840194,0.20241324367173377
769,0.2723744892320143,0,1,0,203652,401958,5946,102010,3.7233502538071064,0.20241364531081338
770,0.2726714164704688,0,1,0,203653,401957,5946,102010,3.723340990774019,0.2024140469514869
771,0.2734897758099353,0,1,0,203654,401956,5946,102010,3.7233317277409315,0.20241444859375435
772,0.2738873976385247,0,1,0,203655,401955,5946,102010,3.723322464707844,0.2024148502376157
773,0.2741843248769792,0,1,0,203656,401954,5946,102010,3.7233132016747565,0.20241525188307102
774,0.2741843248769793,0,1,0,203657,401953,5946,102010,3.723303938641669,0.20241565353012025
775,0.2743459882025478,0,1,0,203658,401952,5946,102010,3.723294675608581,0.2024160551787635
776,0.2744487556765508,0,1,0,203659,401951,5946,102010,3.7232854125754935,0.20241645682900067
777,0.2746139004902103,0,1,0,203660,401950,5946,102010,3.7232761495424063,0.20241685848083182
778,0.2750026842164457,0,7,0,203667,401943,5946,102010,3.7232113083107934,0.20241967008828204
779,0.2750405372695917,0,1,0,203668,401942,5946,102010,3.7232020452777057,0.20242007175286536
780,0.275287369367639,0,4,0,203672,401938,5946,102010,3.7231649931453554,0.20242167842713932
781,0.2754612747804688,0,2,0,203674,401936,5946,102010,3.7231464670791805,0.20242248177384084
782,0.2755495905953028,0,2,0,203676,401934,5946,102010,3.723127941013005,0.20242328512691887
783,0.2756972332834896,0,2,0,203678,401932,5946,102010,3.7231094149468302,0.20242408848637344
784,0.2757350863366357,0,1,0,203679,401931,5946,102010,3.7231001519137426,0.20242449016849196
785,0.2758375761735204,0,5,0,203684,401926,5946,102010,3.723053836748305,0.20242649860299722
786,0.2758588966090582,1,0,1,203684,401926,5947,102009,3.723053836748305,0.20242491591177433
787,0.2759547198817786,0,1,0,203685,401925,5947,102009,3.7230445737152174,0.20242531760111443
788,0.2761558238475127,0,1,0,203686,401924,5947,102009,3.7230353106821297,0.20242571929204875
789,0.2763564316563097,0,1,0,203687,401923,5947,102009,3.723026047649042,0.2024261209845773
790,0.2763773232935615,0,2,0,203689,401921,5947,102009,3.723007521582867,0.2024269243744171
791,0.2765155926229561,2,40,2,203729,401881,5949,102007,3.7226370002593647,0.20243982789826312
792,0.2765534456761022,0,2,0,203731,401879,5949,102007,3.72261847419319,0.2024406314126608
793,0.2765667250097466,0,1,0,203732,401878,5949,102007,3.722609211160102,0.2024410331722516
794,0.2768109322743912,0,3,0,203735,401875,5949,102007,3.7225814220608395,0.20244223846059198
795,0.2768280605047111,0,1,0,203736,401874,5949,102007,3.722572159027752,0.20244264022656144
796,0.2768640476569514,0,1,0,203737,401873,5949,102007,3.7225628959946646,0.20244304199412558
797,0.2769173043974872,0,1,0,203738,401872,5949,102007,3.722553632961577,0.20244344376328444
798,0.2769741831869792,0,6,0,203744,401866,5949,102007,3.7224980547630517,0.20244585441172677
799,0.2773718050155686,3,50,3,203794,401816,5952,102004,3.722034903108674,0.20246119645905283
800,0.2773718050155687,2,81,2,203875,401735,5954,102002,3.721284597428582,0.20249058536498213
801,0.2774249203981288,0,2,0,203877,401733,5954,102002,3.721266071362407,0.2024913893217664
802,0.2776222133001398,0,1,0,203878,401732,5954,102002,3.7212568083293194,0.20249179130255254
803,0.2776687322540231,0,8,0,203886,401724,5954,102002,3.721182704064619,0.20249500720629865
804,0.2778902317000719,1,35,1,203921,401689,5955,102001,3.7208584979065544,0.20250749468919374
805,0.2779262188523121,0,4,0,203925,401685,5955,102001,3.720821445774204,0.20250910289346935
806,0.278060454814108,0,2,0,203927,401683,5955,102001,3.7208029197080292,0.20250990700518579
807,0.278079633416257,0,1,0,203928,401682,5955,102001,3.7207936566749416,0.2025103090634387
808,0.2781194694651728,0,1,0,203929,401681,5955,102001,3.720784393641854,0.2025107111232881
809,0.2781777855797341,0,1,0,203930,401680,5955,102001,3.7207751306087666,0.202511113184734
810,0.2783632813210671,0,2,0,203932,401678,5955,102001,3.7207566045425913,0.20251191731241525
811,0.2784870915934896,15,290,15,204222,401388,5970,101986,3.7180703249472007,0.2026048226567125
812,0.2786207679193561,0,2,0,204224,401386,5970,101986,3.7180517988810258,0.20260562764714762
813,0.2787519083064875,0,1,0,204225,401385,5970,101986,3.718042535847938,0.202606030144764
814,0.2788207149380186,0,4,0,204229,401381,5970,101986,3.718005483715588,0.20260764015122168
815,0.2789378288046392,1,19,1,204248,401362,5971,101985,3.717829486086924,0.20261370386631886
816,0.2791816406605335,4,114,4,204362,401248,5975,101981,3.716773500314943,0.2026532652132528
817,0.2794391272588225,2,43,2,204405,401205,5977,101979,3.716375189892178,0.20266741390823237
818,0.2795733632206184,0,17,0,204422,401188,5977,101979,3.71621771832969,0.20267426122937315
819,0.2796557532096558,0,1,0,204423,401187,5977,101979,3.716208455296602,0.20267466402737863
820,0.2797114722622524,0,3,0,204426,401184,5977,101979,3.7161806661973396,0.2026758724310015
821,0.28,630,11012,630,215438,390172,6607,101349,3.614176145837193,0.20619464885528796
822,0.2823531687964765,0,1,0,215439,390171,6607,101349,3.6141668828041054,0.206195068359375
823,0.2837744609611285,0,1,0,215440,390170,6607,101349,3.6141576197710177,0.206195487865169
824,0.2838873976385247,0,1,0,215441,390169,6607,101349,3.6141483567379304,0.20619590737266996
825,0.2838873976385248,0,1,0,215442,390168,6607,101349,3.6141390937048428,0.20619632688187794
826,0.28432466776701,0,1,0,215443,390167,6607,101349,3.614129830671755,0.20619674639279292
827,0.2843459882025478,0,5,0,215448,390162,6607,101349,3.6140835155063176,0.20619884397297314
828,0.2847011639744631,0,2,0,215450,390160,6607,101349,3.614064989440142,0.2061996830169946
829,0.2847436100311373,0,1,0,215451,390159,6607,101349,3.6140557264070545,0.20620010254156595
830,0.2850026842164457,0,1,0,215452,390158,6607,101349,3.6140464633739673,0.2062005220678444
831,0.2852620367156406,0,1,0,215453,390157,6607,101349,3.6140372003408796,0.20620094159582997
832,0.2852873693676389,0,3,0,215456,390154,6607,101349,3.614009411241617,0.20620220019002936
833,0.285287369367639,0,3,0,215459,390151,6607,101349,3.6139816221423544,0.2062034587995931
834,0.2856972332834896,0,1,0,215460,390150,6607,101349,3.6139723591092667,0.20620387833952866
835,0.2858375761735204,0,14,0,215474,390136,6607,101349,3.613842676646041,0.20620975207788642
836,0.2858588966090582,0,1,0,215475,390135,6607,101349,3.6138334136129533,0.20621017164343092
837,0.2858588966090583,1,10,1,215485,390125,6608,101348,3.613740783282078,0.2062127522773377
838,0.2861558238475127,0,1,0,215486,390124,6608,101348,3.61373152024899,0.20621317185923105
839,0.2863773232935615,0,1,0,215487,390123,6608,101348,3.613722257215903,0.20621359144283183
840,0.2865155926229561,1,51,1,215538,390072,6609,101347,3.6132498425284374,0.20623337721984702
841,0.2865534456761022,0,3,0,215541,390069,6609,101347,3.613222053429175,0.20623463623488042
842,0.2866648771732237,0,1,0,215542,390068,6609,101347,3.613212790396087,0.20623505590997426
843,0.2868109322743912,0,5,0,215547,390063,6609,101347,3.6131664752306496,0.20623715431106407
844,0.2869451682361871,0,1,0,215548,390062,6609,101347,3.613157212197562,0.20623757399640624
845,0.2869741831869792,0,13,0,215561,390049,6609,101347,3.613036792767424,0.20624303006129477
846,0.2873718050155686,4,54,4,215615,389995,6613,101343,3.6125365889806957,0.2062592349869133
847,0.2873718050155687,1,75,1,215690,389920,6614,101342,3.6118418614991294,0.20628910845943713
848,0.2873802045162756,0,1,0,215691,389919,6614,101342,3.6118325984660418,0.20628952837697273
849,0.2874249203981288,0,6,0,215697,389913,6614,101342,3.6117770202675166,0.20629204791808733
850,0.2874249203981289,0,1,0,215698,389912,6614,101342,3.611767757234429,0.20629246784759003
851,0.2876687322540231,0,7,0,215705,389905,6614,101342,3.611702916002816,0.20629540740197905
852,0.2877095064520646,0,1,0,215706,389904,6614,101342,3.6116936529697283,0.20629582734515906
853,0.2878902317000719,0,23,0,215729,389881,6614,101342,3.611480603208715,0.20630548651020006
854,0.2879262188523121,0,3,0,215732,389878,6614,101342,3.611452814109452,0.2063067464679777
855,0.288060454814108,0,1,0,215733,389877,6614,101342,3.6114435510763645,0.20630716645732353
856,0.2880604548141081,0,1,0,215734,389876,6614,101342,3.611434288043277,0.20630758644837932
857,0.288079633416257,0,4,0,215738,389872,6614,101342,3.6113972359109265,0.20630926642970274
858,0.2881777855797341,0,2,0,215740,389870,6614,101342,3.6113787098447516,0.20631010643062467
859,0.2883769560634617,1,0,1,215740,389870,6615,101341,3.6113787098447516,0.20630849064862147
860,0.2884870915934896,14,305,14,216045,389565,6629,101327,3.6085534847530476,0.20641403811836412
861,0.2885111920252577,0,1,0,216046,389564,6629,101327,3.60854422171996,0.20641445860690052
862,0.2886207679193561,0,3,0,216049,389561,6629,101327,3.6085164326206973,0.20641572008278875
863,0.2888207149380186,0,9,0,216058,389552,6629,101327,3.6084330653229095,0.20641950460296732
864,0.2889378288046392,0,34,0,216092,389518,6629,101327,3.6081181221979324,0.20643380293167904
865,0.2891816406605335,9,115,9,216207,389403,6638,101318,3.6070528733928637,0.20646762620715234
866,0.289334418837212,1,5,1,216212,389398,6639,101317,3.6070065582274258,0.2064681128557309
867,0.2894391272588225,1,40,1,216252,389358,6640,101316,3.606636036903924,0.20648332701549296
868,0.2895153688446398,0,1,0,216253,389357,6640,101316,3.606626773870836,0.20648374783205922
869,0.2895733632206184,1,11,1,216264,389346,6641,101315,3.606524880506873,0.2064867596976324
870,0.2896557532096558,0,6,0,216270,389340,6641,101315,3.606469302308348,0.20648928473163425
871,0.2897114722622524,1,1,1,216271,389339,6642,101314,3.60646003927526,0.20648808832311227
872,0.29,640,11351,640,227622,377988,7282,100674,3.501315350698433,0.2103237775298645
873,0.2923744892320143,0,1,0,227623,377987,7282,100674,3.5013060876653452,0.21032421693014472
874,0.293209381189089,0,3,0,227626,377984,7282,100674,3.5012782985660826,0.21032553514200117
875,0.2933659655375127,0,1,0,227627,377983,7282,100674,3.501269035532995,0.21032597454962532
876,0.2937278078735923,0,1,0,227628,377982,7282,100674,3.5012597724999073,0.21032641395908544
877,0.2938873976385248,0,2,0,227630,377980,7282,100674,3.5012412464337324,0.21032729278351378
878,0.29432466776701,0,2,0,227632,377978,7282,100674,3.501222720367557,0.21032817161528627
879,0.2944690100281725,0,1,0,227633,377977,7282,100674,3.5012134573344698,0.2103286110339266
880,0.2946429154410023,0,1,0,227634,377976,7282,100674,3.501204194301382,0.210329050454403
881,0.2947436100311373,0,2,0,227636,377974,7282,100674,3.5011856682352067,0.2103299293008641
882,0.2947754049781597,0,1,0,227637,377973,7282,100674,3.5011764052021195,0.2103303687268488
883,0.2948319458473558,0,1,0,227638,377972,7282,100674,3.501167142169032,0.21033080815466962
884,0.2950026842164457,0,9,0,227647,377963,7282,100674,3.501083774871244,0.2103347630876844
885,0.2952620367156405,0,1,0,227648,377962,7282,100674,3.5010745118381563,0.21033520253386706
886,0.2952620367156406,0,2,0,227650,377960,7282,100674,3.501055985771981,0.21033608143174115
887,0.2952873693676389,0,2,0,227652,377958,7282,100674,3.501037459705806,0.21033696033696034
888,0.2953151520982007,0,1,0,227653,377957,7282,100674,3.5010281966727184,0.21033739979232435
889,0.295558963954095,0,1,0,227654,377956,7282,100674,3.501018933639631,0.21033783924952468
890,0.2956972332834896,0,1,0,227655,377955,7282,100674,3.5010096706065434,0.21033827870856134
891,0.2957291870681311,1,0,1,227655,377955,7283,100673,3.5010096706065434,0.2103366288641701
892,0.2957487610790305,0,1,0,227656,377954,7283,100673,3.5010004075734558,0.2103370683225142
893,0.2958375761735204,2,13,2,227669,377941,7285,100671,3.5008799881433177,0.2103394816678228
894,0.2958588966090583,0,10,0,227679,377931,7285,100671,3.500787357812442,0.210343876540424
895,0.2961558238475127,0,2,0,227681,377929,7285,100671,3.500768831746267,0.21034475553698287
896,0.2963773232935615,0,1,0,227682,377928,7285,100671,3.5007595687131796,0.2103451950380172
897,0.2964133104458017,0,2,0,227684,377926,7285,100671,3.5007410426470043,0.21034607404559577
898,0.2965155926229561,5,46,5,227730,377880,7290,100666,3.5003149431249767,0.2103580429049663
899,0.2965185314568055,0,1,0,227731,377879,7290,100666,3.5003056800918895,0.21035848248336103
900,0.2965534456761022,0,3,0,227734,377876,7290,100666,3.5002778909926264,0.21035980122956816
901,0.2968109322743912,0,1,0,227735,377875,7290,100666,3.500268627959539,0.21036024081531154
902,0.2968280605047111,0,2,0,227737,377873,7290,100666,3.500250101893364,0.21036111999230991
903,0.2969173043974871,0,1,0,227738,377872,7290,100666,3.5002408388602766,0.21036155958356495
904,0.2969451682361871,0,1,0,227739,377871,7290,100666,3.500231575827189,0.21036199917665718
905,0.2969741831869792,1,11,1,227750,377860,7291,100665,3.5001296824632258,0.21036518468209603
906,0.2970275582252245,0,1,0,227751,377859,7291,100665,3.500120419430138,0.21036562429470623
907,0.2970718723606054,0,3,0,227754,377856,7291,100665,3.5000926303308755,0.2103669431435611
908,0.2973293589588944,0,1,0,227755,377855,7291,100665,3.500083367297788,0.21036738276352085
909,0.2973718050155686,3,44,3,227799,377811,7294,100662,3.4996757938419356,0.21038177702817087
910,0.2973718050155687,3,77,3,227876,377734,7297,100659,3.498962540294194,0.21041068744734978
911,0.2974249203981288,0,3,0,227879,377731,7297,100659,3.4989347511949314,0.21041200693994438
912,0.2974249203981289,0,1,0,227880,377730,7297,100659,3.4989254881618437,0.21041244677448687
913,0.2975208746394949,0,1,0,227881,377729,7297,100659,3.498916225128756,0.21041288661086816
914,0.2976687322540231,0,12,0,227893,377717,7297,100659,3.4988050687317056,0.2104181647908758
915,0.2977095064520646,0,1,0,227894,377716,7297,100659,3.498795805698618,0.2104186046511628
916,0.2978902317000719,2,27,2,227921,377689,7299,100657,3.498545703805254,0.21042718032553842
917,0.2979262188523121,0,1,0,227922,377688,7299,100657,3.4985364407721664,0.21042762023225914
918,0.298060454814108,0,1,0,227923,377687,7299,100657,3.4985271777390787,0.21042806014081916
919,0.298079633416257,0,2,0,227925,377685,7299,100657,3.498508651672904,0.2104289399634571
920,0.2981194694651727,0,1,0,227926,377684,7299,100657,3.498499388639816,0.21042937987753507
921,0.2981194694651728,0,1,0,227927,377683,7299,100657,3.4984901256067285,0.21042981979345235
922,0.2981428448031454,0,1,0,227928,377682,7299,100657,3.498480862573641,0.210430259711209
923,0.2981777855797341,0,1,0,227929,377681,7299,100657,3.4984715995405535,0.210430699630805
924,0.2983632813210671,0,2,0,227931,377679,7299,100657,3.4984530734743786,0.2104315794755151
925,0.2983769560634618,0,2,0,227933,377677,7299,100657,3.4984345474082033,0.2104324593275828
926,0.2984870915934896,20,308,20,228241,377369,7319,100637,3.4955815332172366,0.2105350142048426
927,0.298620767919356,0,1,0,228242,377368,7319,100637,3.495572270184149,0.21053545465005596
928,0.2987550038811519,0,3,0,228245,377365,7319,100637,3.4955444810848864,0.21053677599675316
929,0.2988207149380186,0,1,0,228246,377364,7319,100637,3.4955352180517987,0.21053721644933798
930,0.2989378288046392,0,18,0,228264,377346,7319,100637,3.495368483456223,0.21054514491101148
931,0.2990124904794409,0,1,0,228265,377345,7319,100637,3.4953592204231354,0.21054558539861334
932,0.2990948804684784,0,2,0,228267,377343,7319,100637,3.49534069435696,0.2105464663793464
933,0.2991467264412368,0,1,0,228268,377342,7319,100637,3.495331431323873,0.21054690687247765
934,0.2991816406605335,9,121,9,228389,377221,7328,100628,3.4942106043202785,0.21058535227655598
935,0.299334418837212,1,2,1,228391,377219,7329,100627,3.4941920782541036,0.21058458164345836
936,0.2994391272588225,4,49,4,228440,377170,7333,100623,3.4937381896328135,0.21059956926953724
937,0.2995733632206184,4,18,4,228458,377152,7337,100619,3.4935714550372374,0.21060089457082995
938,0.2996557532096558,0,6,0,228464,377146,7337,100619,3.4935158768387122,0.21060353939698387
939,0.2997114722622525,0,1,0,228465,377145,7337,100619,3.4935066138056245,0.21060398020780133
940,0.299751666925069,0,1,0,228466,377144,7337,100619,3.493497350772537,0.21060442102046412
941,0.3,724,11227,724,239693,365917,8061,99895,3.389501278298566,0.21445347049882785
942,0.3002900535840846,0,1,0,239694,365916,8061,99895,3.3894920152654784,0.21445393088613193
943,0.301291156438735,1,0,1,239694,365916,8062,99894,3.3894920152654784,0.21445224447736203
944,0.3015348094570101,0,1,0,239695,365915,8062,99894,3.389482752232391,0.21445270486401077
945,0.3015561298925479,0,1,0,239696,365914,8062,99894,3.3894734891993035,0.21445316525263627
946,0.3023744892320144,2,0,2,239696,365914,8064,99892,3.3894734891993035,0.2144497924028458
947,0.3030690382990583,0,1,0,239697,365913,8064,99892,3.389464226166216,0.2144502527881839
948,0.3032093811890891,0,1,0,239698,365912,8064,99892,3.389454963133128,0.21445071317549871
949,0.3034897758099353,0,1,0,239699,365911,8064,99892,3.389445700100041,0.21445117356479027
950,0.3036814388357766,0,1,0,239700,365910,8064,99892,3.389436437066953,0.2144516339560586
951,0.3038873976385247,0,2,0,239702,365908,8064,99892,3.3894179110007783,0.21445255474452554
952,0.3038873976385248,0,3,0,239705,365905,8064,99892,3.3893901219015152,0.214453935942052
953,0.30432466776701,0,3,0,239708,365902,8064,99892,3.3893623328022526,0.21445531715736998
954,0.3043459882025478,0,1,0,239709,365901,8064,99892,3.3893530697691654,0.21445577756642972
955,0.3043459882025479,0,1,0,239710,365900,8064,99892,3.3893438067360777,0.21445623797746632
956,0.3044436773761741,0,1,0,239711,365899,8064,99892,3.38933454370299,0.21445669839047984
957,0.3044583440928765,0,1,0,239712,365898,8064,99892,3.3893252806699024,0.21445715880547028
958,0.3047436100311373,1,4,1,239716,365894,8065,99891,3.3892882285375525,0.2144573139968011
959,0.3047967254136975,0,1,0,239717,365893,8065,99891,3.389278965504465,0.214457774419044
960,0.3050026842164457,1,3,1,239720,365890,8066,99890,3.3892511764052022,0.21445746919146377
961,0.305019216834054,0,1,0,239721,365889,8066,99890,3.3892419133721146,0.21445792961898238
962,0.3050405372695918,0,1,0,239722,365888,8066,99890,3.389232650339027,0.21445839004847803
963,0.305093652652152,0,1,0,239723,365887,8066,99890,3.3892233873059396,0.2144588504799507
964,0.3052620367156405,0,2,0,239725,365885,8066,99890,3.3892048612397643,0.2144597713488272
965,0.3052873693676389,0,3,0,239728,365882,8066,99890,3.3891770721405017,0.2144611526669701
966,0.305287369367639,1,1,1,239729,365881,8067,99889,3.389167809107414,0.21445992657320137
967,0.3054612747804688,0,3,0,239732,365878,8067,99889,3.3891400200081514,0.21446130790717247
968,0.3056972332834896,0,2,0,239734,365876,8067,99889,3.3891214939419765,0.2144622288063723
969,0.3056972332834897,0,1,0,239735,365875,8067,99889,3.389112230908889,0.214462689258938
970,0.3058375761735204,1,11,1,239746,365864,8068,99888,3.3890103375449256,0.21446606777856025
971,0.3058588966090582,0,2,0,239748,365862,8068,99888,3.3889918114787507,0.2144669887278583
972,0.3058588966090583,0,9,0,239757,365853,8068,99888,3.3889084441809625,0.21447113309757998
973,0.3059120119916184,0,1,0,239758,365852,8068,99888,3.3888991811478753,0.2144715935929918
974,0.3059120119916185,0,1,0,239759,365851,8068,99888,3.3888899181147876,0.2144720540903811
975,0.3059547198817786,0,3,0,239762,365848,8068,99888,3.388862129015525,0.214473435594414
976,0.3059925729349247,0,1,0,239763,365847,8068,99888,3.3888528659824373,0.21447389609971335
977,0.3063096338202079,1,0,1,239763,365847,8069,99887,3.3888528659824373,0.214472209458618
978,0.3065155926229561,3,51,3,239814,365796,8072,99884,3.3883804512949722,0.2144906373475348
979,0.3065534456761021,0,1,0,239815,365795,8072,99884,3.3883711882618845,0.21449109794515106
980,0.3065534456761022,0,6,0,239821,365789,8072,99884,3.3883156100633594,0.21449386157239092
981,0.3069173043974871,0,1,0,239822,365788,8072,99884,3.3883063470302717,0.21449432218385472
982,0.3069741831869792,1,13,1,239835,365775,8073,99883,3.3881859276001336,0.21449862345326398
983,0.3070718723606054,0,1,0,239836,365774,8073,99883,3.388176664567046,0.2144990840897914
984,0.3073718050155686,7,142,7,239978,365632,8080,99876,3.386861313868613,0.21455270371293297
985,0.3074249203981288,0,2,0,239980,365630,8080,99876,3.386842787802438,0.21455362551717916
986,0.3076687322540231,0,12,0,239992,365618,8080,99876,3.3867316314053872,0.21455915650899904
987,0.3077095064520646,0,2,0,239994,365616,8080,99876,3.3867131053392123,0.21456007836869376
988,0.3078215104307016,1,0,1,239994,365616,8081,99875,3.3867131053392123,0.21455839103226484
989,0.3078902317000719,3,30,3,240024,365586,8084,99872,3.3864352143465855,0.21456715750937785
990,0.3079262188523121,0,5,0,240029,365581,8084,99872,3.386388899181148,0.21456946243766825
991,0.308079633416257,0,4,0,240033,365577,8084,99872,3.3863518470487977,0.21457130641595534
992,0.3081194694651727,0,1,0,240034,365576,8084,99872,3.38634258401571,0.2145717674154793
993,0.3081428448031454,0,1,0,240035,365575,8084,99872,3.3863333209826227,0.2145722284169841
994,0.308363281321067,1,4,1,240039,365571,8085,99871,3.3862962688502725,0.21457238495881334
995,0.3084870915934896,18,337,18,240376,365234,8103,99853,3.3831746266997667,0.21469746520543467
996,0.308620767919356,1,4,1,240380,365230,8104,99852,3.3831375745674164,0.21469762321483093
997,0.3087519083064874,0,1,0,240381,365229,8104,99852,3.3831283115343287,0.21469808484973585
998,0.3088207149380186,0,2,0,240383,365227,8104,99852,3.3831097854681538,0.21469900812550127
999,0.308878254517645,0,1,0,240384,365226,8104,99852,3.383100522435066,0.21469946976636178
1000,0.3089378288046392,1,24,1,240408,365202,8105,99851,3.382878209640965,0.21470886114055818
1001,0.3091816406605335,6,114,6,240522,365088,8111,99845,3.3818222238689835,0.21475137277844333
1002,0.309334418837212,0,3,0,240525,365085,8111,99845,3.381794434769721,0.21475275847977116
1003,0.3094391272588225,3,43,3,240568,365042,8114,99842,3.3813961243469564,0.2147675549169255
1004,0.3095153688446398,0,1,0,240569,365041,8114,99842,3.3813868613138687,0.21476801689887562
1005,0.3095733632206184,1,14,1,240583,365027,8115,99841,3.381257178850643,0.21477279571835445
1006,0.3096557532096558,0,2,0,240585,365025,8115,99841,3.3812386527844676,0.21477371973859133
1007,0.3097114722622525,0,1,0,240586,365024,8115,99841,3.3812293897513803,0.21477418175169136
1008,0.309751666925069,0,1,0,240587,365023,8115,99841,3.3812201267182926,0.2147746437667791
1009,0.31,763,11308,763,251895,353715,8878,99078,3.27647374856423,0.21881522019995892
1010,0.3122615525546182,0,1,0,251896,353714,8878,99078,3.2764644855311422,0.21881570345765827
1011,0.3126879490880771,0,1,0,251897,353713,8878,99078,3.2764552224980545,0.21881618671749217
1012,0.3132093811890891,0,1,0,251898,353712,8878,99078,3.2764459594649673,0.21881666997946067
1013,0.3136253180367076,0,1,0,251899,353711,8878,99078,3.2764366964318796,0.21881715324356377
1014,0.3138873976385248,0,3,0,251902,353708,8878,99078,3.276408907332617,0.21881860304868084
1015,0.31432466776701,0,2,0,251904,353706,8878,99078,3.2763903812664417,0.2188195695960988
1016,0.3143459882025479,0,1,0,251905,353705,8878,99078,3.2763811182333544,0.21882005287300982
1017,0.3146350620881288,0,1,0,251906,353704,8878,99078,3.2763718552002667,0.21882053615205552
1018,0.3147436100311373,0,1,0,251907,353703,8878,99078,3.276362592167179,0.21882101943323592
1019,0.3147436100311374,1,0,1,251907,353703,8879,99077,3.276362592167179,0.21881929413843368
1020,0.3150026842164457,0,6,0,251913,353697,8879,99077,3.276307013968654,0.21882219385388738
1021,0.3150405372695918,0,1,0,251914,353696,8879,99077,3.276297750935566,0.21882267714726805
1022,0.315287369367639,0,1,0,251915,353695,8879,99077,3.276288487902479,0.21882316044278358
1023,0.3154322598296767,0,1,0,251916,353694,8879,99077,3.2762792248693913,0.2188236437404339
1024,0.3154534214275953,0,2,0,251918,353692,8879,99077,3.276260698803216,0.21882461034213915
1025,0.3154612747804688,1,0,1,251918,353692,8880,99076,3.276260698803216,0.2188228850095413
1026,0.315558963954095,0,1,0,251919,353691,8880,99076,3.2762514357701287,0.21882336831085306
1027,0.3158375761735204,1,12,1,251931,353679,8881,99075,3.276140279373078,0.21882744271723717
1028,0.3158588966090582,0,1,0,251932,353678,8881,99075,3.27613101633999,0.21882792604356016
1029,0.3158588966090583,0,10,0,251942,353668,8881,99075,3.2760383860091147,0.2188327594242208
1030,0.3159547198817786,0,1,0,251943,353667,8881,99075,3.2760291229760274,0.21883324277403024
1031,0.3160989450580206,0,1,0,251944,353666,8881,99075,3.2760198599429398,0.2188337261259749
1032,0.3163096338202079,0,1,0,251945,353665,8881,99075,3.276010596909852,0.21883420948005478
1033,0.3163773232935615,0,4,0,251949,353661,8881,99075,3.275973544777502,0.21883614291772688
1034,0.3165155926229561,4,55,4,252004,353606,8885,99071,3.2754640779576865,0.21885582876974088
1035,0.3165534456761022,0,1,0,252005,353605,8885,99071,3.275454814924599,0.21885631224098473
1036,0.3168109322743912,0,1,0,252006,353604,8885,99071,3.2754455518915115,0.21885679571436462
1037,0.3169173043974871,0,1,0,252007,353603,8885,99071,3.275436288858424,0.21885727918988057
1038,0.316945168236187,0,1,0,252008,353602,8885,99071,3.275427025825336,0.21885776266753262
1039,0.3169741831869792,0,5,0,252013,353597,8885,99071,3.2753807106598987,0.21886018008783478
1040,0.3170275582252245,0,1,0,252014,353596,8885,99071,3.275371447626811,0.2188606635783037
1041,0.3170718723606054,0,1,0,252015,353595,8885,99071,3.2753621845937233,0.21886114707090878
1042,0.3172420954746416,0,1,0,252016,353594,8885,99071,3.2753529215606356,0.21886163056565008
1043,0.3173078065315082,0,1,0,252017,353593,8885,99071,3.2753436585275484,0.21886211406252762
1044,0.3173293589588944,0,1,0,252018,353592,8885,99071,3.2753343954944607,0.21886259756154136
1045,0.3173594262402676,0,1,0,252019,353591,8885,99071,3.275325132461373,0.21886308106269137
1046,0.3173718050155686,4,151,4,252170,353440,8889,99067,3.2739264144651523,0.21892920993487394
1047,0.31739487365132,0,1,0,252171,353439,8889,99067,3.273917151432065,0.21892969374991714
1048,0.3174249203981288,0,1,0,252172,353438,8889,99067,3.2739078883989774,0.2189301775670987
1049,0.3176687322540231,0,15,0,252187,353423,8889,99067,3.273768942902664,0.21893743508143826
1050,0.3178024085798896,0,2,0,252189,353421,8889,99067,3.273750416836489,0.21893840278637222
1051,0.3178902317000719,1,21,1,252210,353400,8890,99066,3.2735558931416504,0.21894683799445705
1052,0.3179262188523121,0,4,0,252214,353396,8890,99066,3.2735188410093,0.21894877359866685
1053,0.318079633416257,0,3,0,252217,353393,8890,99066,3.2734910519100375,0.21895022532428352
1054,0.3181194694651728,0,2,0,252219,353391,8890,99066,3.273472525843862,0.21895119315205644
1055,0.3181777855797341,0,1,0,252220,353390,8890,99066,3.273463262810775,0.21895167706915147
1056,0.318363281321067,0,1,0,252221,353389,8890,99066,3.2734539997776873,0.21895216098838557
1057,0.3183769560634618,0,1,0,252222,353388,8890,99066,3.2734447367445996,0.21895264490975877
1058,0.3184870915934896,18,321,18,252543,353067,8908,99048,3.270471303123495,0.21907700474436814
1059,0.3185111920252577,0,1,0,252544,353066,8908,99048,3.270462040090407,0.21907748930579454
1060,0.318620767919356,0,5,0,252549,353061,8908,99048,3.2704157249249692,0.21907991214508005
1061,0.3187550038811519,0,1,0,252550,353060,8908,99048,3.270406461891882,0.21908039671936794
1062,0.3188207149380186,0,4,0,252554,353056,8908,99048,3.2703694097595317,0.21908233503795588
1063,0.318893112922786,0,1,0,252555,353055,8908,99048,3.270360146726444,0.21908281962296203
1064,0.3189378288046392,1,31,1,252586,353024,8909,99047,3.27007299270073,0.21909611543319524
1065,0.3191816406605335,10,141,10,252727,352883,8919,99037,3.2687669050353847,0.2191471941936626
1066,0.319334418837212,0,6,0,252733,352877,8919,99037,3.2687113268368595,0.21915010378080785
1067,0.3194391272588225,2,53,2,252786,352824,8921,99035,3.268220386083219,0.21917235243737537
1068,0.3195733632206184,1,16,1,252802,352808,8922,99034,3.2680721775538184,0.21917838536479567
1069,0.3196557532096558,1,3,1,252805,352805,8923,99033,3.2680443884545554,0.2191781125093507
1070,0.3197114722622524,0,1,0,252806,352804,8923,99033,3.268035125421468,0.21917859759160938
1071,0.3197114722622525,0,1,0,252807,352803,8923,99033,3.2680258623883804,0.21917908267601519
1072,0.3197820319509873,0,1,0,252808,352802,8923,99033,3.2680165993552928,0.2191795677625682
1073,0.32,788,11155,788,263963,341647,9711,98245,3.164687465263626,0.22333891045984014
1074,0.3207019910605716,0,1,0,263964,341646,9711,98245,3.1646782022305384,0.22333941817404765
1075,0.3212592026540934,0,1,0,263965,341645,9711,98245,3.1646689391974507,0.22333992589056356
1076,0.3215348094570101,0,1,0,263966,341644,9711,98245,3.164659676164363,0.22334043360938782
1077,0.3217177932181165,0,1,0,263967,341643,9711,98245,3.164650413131276,0.2233409413305205
1078,0.3223531687964766,0,1,0,263968,341642,9711,98245,3.164641150098188,0.22334144905396158
1079,0.3228330797960375,0,1,0,263969,341641,9711,98245,3.1646318870651005,0.2233419567797111
1080,0.3230311852459122,0,1,0,263970,341640,9711,98245,3.164622624032013,0.22334246450776907
1081,0.323209381189089,0,2,0,263972,341638,9711,98245,3.164604097965838,0.22334347997081042
1082,0.3237744609611285,0,1,0,263973,341637,9711,98245,3.16459483493275,0.22334398770579383
1083,0.3238873976385247,0,2,0,263975,341635,9711,98245,3.1645763088665753,0.22334500318268619
1084,0.3239172095897774,0,1,0,263976,341634,9711,98245,3.1645670458334876,0.22334551092459518
1085,0.3242752933126855,0,1,0,263977,341633,9711,98245,3.1645577828004003,0.2233460186688127
1086,0.3243180012028457,0,1,0,263978,341632,9711,98245,3.1645485197673127,0.22334652641533884
1087,0.3243246677670101,0,2,0,263980,341630,9711,98245,3.1645299937011373,0.22334754191531686
1088,0.3243459882025479,0,1,0,263981,341629,9711,98245,3.16452073066805,0.22334804966876878
1089,0.324405824323028,0,1,0,263982,341628,9711,98245,3.1645114676349624,0.22334855742452936
1090,0.3244487556765508,0,1,0,263983,341627,9711,98245,3.1645022046018747,0.22334906518259856
1091,0.3247436100311373,0,4,0,263987,341623,9711,98245,3.1644651524695244,0.2233510962379623
1092,0.3247542793570233,0,1,0,263988,341622,9711,98245,3.164455889436437,0.223351604007575
1093,0.3248319458473558,0,1,0,263989,341621,9711,98245,3.1644466264033495,0.2233521117794965
1094,0.3250026842164457,0,1,0,263990,341620,9711,98245,3.164437363370262,0.2233526195537267
1095,0.3250026842164458,2,1,2,263991,341619,9713,98243,3.1644281003371746,0.22334959600965756
1096,0.325019216834054,0,1,0,263992,341618,9713,98243,3.164418837304087,0.2233501037827859
1097,0.3252620367156406,0,2,0,263994,341616,9713,98243,3.1644003112379115,0.22335111933596902
1098,0.3252873693676389,1,2,1,263996,341614,9714,98242,3.1643817851717366,0.22335036921174203
1099,0.3254612747804688,0,1,0,263997,341613,9714,98242,3.164372522138649,0.2233508769935547
1100,0.3257948981249978,0,1,0,263998,341612,9714,98242,3.1643632591055617,0.22335138477767622
1101,0.3258375761735204,0,16,0,264014,341596,9714,98242,3.1642150505761606,0.22335950963763931
1102,0.3258588966090582,0,12,0,264026,341584,9714,98242,3.16410389417911,0.22336560367054245
1103,0.3259547198817786,0,1,0,264027,341583,9714,98242,3.1640946311460225,0.2233661115216279
1104,0.3263096338202079,0,1,0,264028,341582,9714,98242,3.164085368112935,0.22336661937502272
1105,0.3263773232935615,0,2,0,264030,341580,9714,98242,3.16406684204676,0.22336763508874044
1106,0.3264133104458017,0,1,0,264031,341579,9714,98242,3.1640575790136722,0.22336814294906338
1107,0.326515592622956,0,32,0,264063,341547,9714,98242,3.1637611619548704,0.2233843956988465
1108,0.3265155926229561,2,13,2,264076,341534,9716,98240,3.1636407425247324,0.22338746719906133
1109,0.3265534456761021,0,1,0,264077,341533,9716,98240,3.1636314794916447,0.22338797515991204
1110,0.3265534456761022,0,8,0,264085,341525,9716,98240,3.163557375226944,0.22339203892988302
1111,0.3265667250097466,0,1,0,264086,341524,9716,98240,3.163548112193857,0.22339254691152527
1112,0.3267062238527806,0,1,0,264087,341523,9716,98240,3.163538849160769,0.22339305489547778
1113,0.3267109466380905,0,1,0,264088,341522,9716,98240,3.1635295861276815,0.2233935628817406
1114,0.3268109322743912,0,5,0,264093,341517,9716,98240,3.163483270962244,0.22339610284770908
1115,0.3269173043974871,0,1,0,264094,341516,9716,98240,3.1634740079291563,0.2233966108478338
1116,0.3269451682361871,0,1,0,264095,341515,9716,98240,3.1634647448960687,0.2233971188502689
1117,0.3269741831869792,0,16,0,264111,341499,9716,98240,3.163316536366668,0.22340524720345478
1118,0.3270275582252245,0,1,0,264112,341498,9716,98240,3.1633072733335803,0.2234057552451687
1119,0.3270718723606055,0,1,0,264113,341497,9716,98240,3.1632980103004926,0.2234062632891933
1120,0.3273718050155686,10,128,10,264241,341369,9726,98230,3.162112342065286,0.22345364752877053
1121,0.3274249203981288,0,1,0,264242,341368,9726,98230,3.1621030790321982,0.22345415584238326
1122,0.3276687322540231,0,14,0,264256,341354,9726,98230,3.1619733965689725,0.2234612724757953
1123,0.3278215104307016,0,1,0,264257,341353,9726,98230,3.161964133535885,0.2234617808240992
1124,0.3278902317000719,3,20,3,264277,341333,9729,98227,3.161778872874134,0.22346664846664846
1125,0.3279262188523121,0,8,0,264285,341325,9729,98227,3.1617047686094333,0.22347071563774024
1126,0.3280023555985521,0,1,0,264286,341324,9729,98227,3.161695505576346,0.22347122404453634
1127,0.328060454814108,0,5,0,264291,341319,9729,98227,3.161649190410908,0.22347376611321682
1128,0.328079633416257,0,2,0,264293,341317,9729,98227,3.161630664344733,0.22347478295688258
1129,0.3281194694651728,0,1,0,264294,341316,9729,98227,3.1616214013116455,0.22347529138218558
1130,0.328363281321067,0,4,0,264298,341312,9729,98227,3.161584349179295,0.22347732510653207
1131,0.3283769560634618,0,1,0,264299,341311,9729,98227,3.1615750861462075,0.2234778335434024
1132,0.3284870915934895,17,333,17,264632,340978,9746,98210,3.158490496128052,0.2236172208712442
1133,0.328620767919356,0,2,0,264634,340976,9746,98210,3.158471970061877,0.22361823919706
1134,0.3288207149380186,1,3,1,264637,340973,9747,98209,3.1584441809626145,0.22361799891616688
1135,0.3289333075856025,0,1,0,264638,340972,9747,98209,3.158434917929527,0.2236185080866431
1136,0.3289378288046392,3,18,3,264656,340954,9750,98206,3.1582681833339508,0.2236223699790509
1137,0.3291816406605335,13,139,13,264795,340815,9763,98193,3.156980621734781,0.22367018368685765
1138,0.329334418837212,2,3,2,264798,340812,9765,98191,3.1569528326355183,0.2236681753883231
1139,0.3294391272588226,3,58,3,264856,340754,9768,98188,3.15641557671644,0.22369242405602563
1140,0.3295733632206184,1,17,1,264873,340737,9769,98187,3.1562581051539516,0.22369931924433387
1141,0.3296557532096558,0,8,0,264881,340729,9769,98187,3.156184000889251,0.2237033965496815
1142,0.3297114722622524,0,1,0,264882,340728,9769,98187,3.1561747378561638,0.22370390622330064
1143,0.33,839,11204,839,276086,329524,10608,97348,3.0523917151432065,0.228049626117431
1144,0.3300432214860375,0,1,0,276087,329523,10608,97348,3.052382452110119,0.2280501603528935
1145,0.331593982945694,0,1,0,276088,329522,10608,97348,3.0523731890770316,0.22805069459085905
1146,0.331802961990595,0,1,0,276089,329521,10608,97348,3.052363926043944,0.22805122883132764
1147,0.3318074412898493,1,0,1,276089,329521,10609,97347,3.052363926043944,0.22804942042973472
1148,0.3323531687964765,0,1,0,276090,329520,10609,97347,3.0523546630108562,0.22804995466972147
1149,0.3326591743832076,0,1,0,276091,329519,10609,97347,3.0523453999777685,0.22805048891221133
1150,0.3330690382990582,0,1,0,276092,329518,10609,97347,3.0523361369446813,0.22805102315720427
1151,0.3332093811890891,0,1,0,276093,329517,10609,97347,3.0523268739115936,0.22805155740470032
1152,0.333230701624627,0,1,0,276094,329516,10609,97347,3.052317610878506,0.22805209165469953
1153,0.3334897758099353,0,1,0,276095,329515,10609,97347,3.0523083478454187,0.22805262590720185
1154,0.3335063084275436,0,1,0,276096,329514,10609,97347,3.052299084812331,0.22805316016220736
1155,0.3338873976385247,0,2,0,276098,329512,10609,97347,3.0522805587461557,0.22805422867972797
1156,0.3339405130210849,0,1,0,276099,329511,10609,97347,3.0522712957130684,0.22805476294224308
1157,0.33432466776701,0,1,0,276100,329510,10609,97347,3.0522620326799808,0.22805529720726145
1158,0.3344436773761741,0,1,0,276101,329509,10609,97347,3.052252769646893,0.22805583147478306
1159,0.334534627153679,0,1,0,276102,329508,10609,97347,3.052243506613806,0.22805636574480795
1160,0.3348319458473557,0,1,0,276103,329507,10609,97347,3.052234243580718,0.22805690001733614
1161,0.3350026842164457,0,5,0,276108,329502,10609,97347,3.05218792841528,0.22805957141752703
1162,0.335019216834054,0,1,0,276109,329501,10609,97347,3.052178665382193,0.22806010570507534
1163,0.3352873693676389,0,1,0,276110,329500,10609,97347,3.0521694023491053,0.22806063999512705
1164,0.335287369367639,0,2,0,276112,329498,10609,97347,3.05215087628293,0.2280617085827408
1165,0.3353529864931455,0,1,0,276113,329497,10609,97347,3.0521416132498427,0.22806224288030288
1166,0.3354534214275954,0,3,0,276116,329494,10609,97347,3.05211382415058,0.22806384578801006
1167,0.3356972332834896,0,3,0,276119,329491,10609,97347,3.052086035051317,0.22806544871824908
1168,0.3357948981249978,0,1,0,276120,329490,10609,97347,3.05207677201823,0.22806598303333592
1169,0.3358375761735204,2,15,2,276135,329475,10611,97345,3.0519378265219164,0.22807038095684362
1170,0.3358588966090582,0,6,0,276141,329469,10611,97345,3.051882248323391,0.22807358708945819
1171,0.3359547198817786,0,1,0,276142,329468,10611,97345,3.0518729852903035,0.22807412145365769
1172,0.3359925729349247,0,1,0,276143,329467,10611,97345,3.051863722257216,0.22807465582036118
1173,0.3363096338202079,0,1,0,276144,329466,10611,97345,3.0518544592241286,0.22807519018956868
1174,0.3363773232935615,1,0,1,276144,329466,10612,97344,3.0518544592241286,0.2280733815983693
1175,0.336515592622956,1,32,1,276176,329434,10613,97343,3.051558042165327,0.22808867394447216
1176,0.3365155926229561,1,12,1,276188,329422,10614,97342,3.051446885768276,0.22809327872079183
1177,0.3365534456761022,0,4,0,276192,329418,10614,97342,3.0514098336359257,0.2280954166276127
1178,0.3366065610586624,1,0,1,276192,329418,10615,97341,3.0514098336359257,0.22809360786767238
1179,0.3368109322743912,0,2,0,276194,329416,10615,97341,3.0513913075697507,0.22809467683013987
1180,0.3368503729145567,1,0,1,276194,329416,10616,97340,3.0513913075697507,0.22809286805575082
1181,0.3369173043974871,0,1,0,276195,329415,10616,97340,3.051382044536663,0.22809340253775587
1182,0.3369451682361871,0,1,0,276196,329414,10616,97340,3.0513727815035754,0.22809393702226574
1183,0.3369741831869792,2,16,2,276212,329398,10618,97338,3.0512245729741747,0.22809887143339208
1184,0.3373718050155686,11,150,11,276362,329248,10629,97327,3.0498351180110417,0.2281591748227158
1185,0.3374249203981289,0,2,0,276364,329246,10629,97327,3.0498165919448663,0.22816024455368716
1186,0.3376687322540231,0,11,0,276375,329235,10629,97327,3.049714698580903,0.22816612825333715
1187,0.3377985980128013,0,2,0,276377,329233,10629,97327,3.0496961725147282,0.22816719804951238
1188,0.3378902317000719,2,20,2,276397,329213,10631,97325,3.0495109118529773,0.22817427755557534
1189,0.3379262188523121,0,6,0,276403,329207,10631,97325,3.0494553336544516,0.22817748726941942
1190,0.338079633416257,0,1,0,276404,329206,10631,97325,3.0494460706213644,0.2281780222305061
1191,0.3381194694651727,0,1,0,276405,329205,10631,97325,3.0494368075882767,0.22817855719410124
1192,0.3381194694651728,0,1,0,276406,329204,10631,97325,3.049427544555189,0.22817909216020482
1193,0.3381428448031454,0,1,0,276407,329203,10631,97325,3.049418281522102,0.22817962712881687
1194,0.3381777855797341,1,1,1,276408,329202,10632,97324,3.049409018489014,0.22817835255060653
1195,0.3384870915934895,24,320,24,276728,328882,10656,97300,3.0464448479009967,0.228306216592911
1196,0.3386207679193561,1,2,1,276730,328880,10657,97299,3.0464263218348218,0.22830547727598027
1197,0.3387735460960346,0,1,0,276731,328879,10657,97299,3.046417058801734,0.22830601298049172
1198,0.3388207149380186,0,4,0,276735,328875,10657,97299,3.046380006669384,0.22830815582367767
1199,0.3389378288046392,2,34,2,276769,328841,10659,97297,3.046065063544407,0.22832274990730703
1200,0.3390337830460053,0,3,0,276772,328838,10659,97297,3.0460372744451445,0.22832435730461004
1201,0.3391816406605335,7,115,7,276887,328723,10666,97290,3.0449720256400754,0.2283733125514949
1202,0.3391816406605336,1,4,1,276891,328719,10667,97289,3.0449349735077256,0.22837364556534148
1203,0.339334418837212,0,3,0,276894,328716,10667,97289,3.0449071844084625,0.22837525381157497
1204,0.3394391272588226,5,46,5,276940,328670,10672,97284,3.0444810848864354,0.22839085910685192
1205,0.3395733632206184,2,18,2,276958,328652,10674,97282,3.0443143502908594,0.22839688778073597
1206,0.3396557532096558,0,7,0,276965,328645,10674,97282,3.0442495090592465,0.22840064142446945
1207,0.3397114722622524,1,1,1,276966,328644,10675,97281,3.044240246026159,0.22839936608557845
1208,0.3397114722622525,0,1,0,276967,328643,10675,97281,3.044230982993071,0.22839990232999313
1209,0.3397820319509873,0,1,0,276968,328642,10675,97281,3.044221719959984,0.22840043857692588
1210,0.34,928,10987,928,287955,317655,11603,96353,2.942448775427026,0.232732217734923
1211,0.3422362199026197,0,1,0,287956,317654,11603,96353,2.942439512393938,0.23273277988053342
1212,0.3426591743832076,0,1,0,287957,317653,11603,96353,2.9424302493608505,0.23273334202885948
1213,0.3432307016246269,0,1,0,287958,317652,11603,96353,2.9424209863277633,0.2327339041799012
1214,0.3435063084275435,0,1,0,287959,317651,11603,96353,2.9424117232946756,0.2327344663336586
1215,0.3438873976385247,0,1,0,287960,317650,11603,96353,2.942402460261588,0.23273502849013172
1216,0.3447436100311373,1,2,1,287962,317648,11604,96352,2.942383934195413,0.23273429951690822
1217,0.3448319458473557,0,1,0,287963,317647,11604,96352,2.9423746711623253,0.23273486167840984
1218,0.3448644148870511,0,1,0,287964,317646,11604,96352,2.9423654081292376,0.23273542384262727
1219,0.3450026842164457,0,9,0,287973,317637,11604,96352,2.94228204083145,0.2327404834427968
1220,0.3450405372695918,0,3,0,287976,317634,11604,96352,2.9422542517321872,0.2327421700250733
1221,0.3452620367156405,0,3,0,287979,317631,11604,96352,2.9422264626329246,0.23274385663179406
1222,0.3452873693676389,1,3,1,287982,317628,11605,96351,2.942198673533662,0.23274368989731364
1223,0.345287369367639,0,2,0,287984,317626,11605,96351,2.9421801474674867,0.23274481432543354
1224,0.3456972332834896,0,1,0,287985,317625,11605,96351,2.942170884434399,0.23274537654356775
1225,0.3456972332834897,0,1,0,287986,317624,11605,96351,2.9421616214013118,0.23274593876441815
1226,0.3458375761735204,1,18,1,288004,317606,11606,96350,2.9419948868057357,0.23275420576099876
1227,0.3458588966090582,1,4,1,288008,317602,11607,96349,2.9419578346733855,0.2327546013900196
1228,0.3458588966090583,0,12,0,288020,317590,11607,96349,2.9418466782763346,0.2327613488944023
1229,0.3459286792904415,0,1,0,288021,317589,11607,96349,2.9418374152432474,0.23276191120409337
1230,0.3459547198817786,0,1,0,288022,317588,11607,96349,2.9418281522101597,0.2327624735165013
1231,0.3461558238475127,0,2,0,288024,317586,11607,96349,2.941809626143985,0.2327635981494679
1232,0.3463096338202079,0,1,0,288025,317585,11607,96349,2.941800363110897,0.23276416047002663
1233,0.3463773232935614,0,1,0,288026,317584,11607,96349,2.9417911000778094,0.2327647227933023
1234,0.3463773232935615,0,2,0,288028,317582,11607,96349,2.9417725740116345,0.23276584744800463
1235,0.346515592622956,1,41,1,288069,317541,11608,96348,2.9413927896550445,0.23278705160079152
1236,0.3465155926229561,1,10,1,288079,317531,11609,96347,2.941300159324169,0.23279082241626758
1237,0.3465534456761022,0,4,0,288083,317527,11609,96347,2.9412631071918187,0.23279307228770107
1238,0.3466065610586624,0,1,0,288084,317526,11609,96347,2.9412538441587315,0.23279363476235462
1239,0.3467062238527806,0,1,0,288085,317525,11609,96347,2.941244581125644,0.2327941972397263
1240,0.3468109322743912,0,4,0,288089,317521,11609,96347,2.9412075289932935,0.23279644717639442
1241,0.3468280605047111,1,0,1,288089,317521,11610,96346,2.9412075289932935,0.23279459343218956
1242,0.346945168236187,0,1,0,288090,317520,11610,96346,2.941198265960206,0.23279515592003208
1243,0.3469451682361871,0,1,0,288091,317519,11610,96346,2.9411890029271186,0.23279571841059282
1244,0.3469741831869791,0,4,0,288095,317515,11610,96346,2.9411519507947683,0.23279796840001837
1245,0.3469741831869792,1,8,1,288103,317507,11611,96345,2.9410778465300678,0.23280061471250593
1246,0.3470718723606055,0,1,0,288104,317506,11611,96345,2.94106858349698,0.23280117723528515
1247,0.3473718050155686,9,156,9,288260,317350,11620,96336,2.939623550335322,0.23287227510720693
1248,0.3474249203981289,0,2,0,288262,317348,11620,96336,2.9396050242691465,0.2328734009533847
1249,0.3476687322540231,4,8,4,288270,317340,11624,96332,2.9395309200044464,0.23287048676245914
1250,0.3477095064520646,0,1,0,288271,317339,11624,96332,2.9395216569713587,0.2328710496989153
1251,0.3478902317000719,3,24,3,288295,317315,11627,96329,2.9392993441772575,0.23287899739872933
1252,0.3479262188523121,0,4,0,288299,317311,11627,96329,2.939262292044907,0.2328812493956097
1253,0.3480604548141079,0,1,0,288300,317310,11627,96329,2.9392530290118195,0.23288181240163525
1254,0.3480604548141081,1,1,1,288301,317309,11628,96328,2.9392437659787323,0.23288052084315475
1255,0.348079633416257,0,3,0,288304,317306,11628,96328,2.9392159768794692,0.23288220987636413
1256,0.3481194694651728,0,3,0,288307,317303,11628,96328,2.9391881877802066,0.2328838989340741
1257,0.3481428448031454,0,4,0,288311,317299,11628,96328,2.9391511356478563,0.23288615104913363
1258,0.3483632813210671,0,2,0,288313,317297,11628,96328,2.9391326095816814,0.2328872771229979
1259,0.3484870915934895,21,351,21,288664,316946,11649,96307,2.93588128496795,0.23304610008880758
1260,0.348755003881152,0,1,0,288665,316945,11649,96307,2.935872021934862,0.23304666402098478
1261,0.3488207149380186,0,2,0,288667,316943,11649,96307,2.9358534958686873,0.23304779189352692
1262,0.3489378288046392,2,26,2,288693,316917,11651,96305,2.9356126570084107,0.23305874324213136
1263,0.3490124904794409,0,1,0,288694,316916,11651,96305,2.9356033939753234,0.23305930724721155
1264,0.3490337830460053,0,1,0,288695,316915,11651,96305,2.9355941309422358,0.23305987125502153
1265,0.3491816406605335,6,112,6,288807,316803,11657,96299,2.9345566712364297,0.2331119190902005
1266,0.3491816406605336,0,15,0,288822,316788,11657,96299,2.9344177257401163,0.23312038384166048
1267,0.349334418837212,0,2,0,288824,316786,11657,96299,2.9343991996739414,0.233121512521636
1268,0.3494391272588226,2,53,2,288877,316733,11659,96297,2.933908258920301,0.23314771324116892
1269,0.3495733632206184,0,23,0,288900,316710,11659,96297,2.933695209159287,0.2331606970341907
1270,0.3496557532096558,1,5,1,288905,316705,11660,96296,2.9336488939938494,0.2331616630468207
1271,0.3497114722622524,0,1,0,288906,316704,11660,96296,2.9336396309607617,0.23316222760290556
1272,0.3497820319509873,1,0,1,288906,316704,11661,96295,2.9336396309607617,0.23316037084835556
1273,0.35,927,11042,927,299948,305662,12588,95368,2.8313572196079884,0.23780764531331822
1274,0.3523744892320143,0,1,0,299949,305661,12588,95368,2.8313479565749007,0.23780823830695536
1275,0.3531455290195911,0,1,0,299950,305660,12588,95368,2.8313386935418134,0.23780883130354988
1276,0.3538873976385248,0,2,0,299952,305658,12588,95368,2.831320167475638,0.2378100173056111
1277,0.35432466776701,0,1,0,299953,305657,12588,95368,2.831310904442551,0.23781061031107786
1278,0.3544796645284143,0,1,0,299954,305656,12588,95368,2.831301641409463,0.23781120331950206
1279,0.3547264966264615,0,1,0,299955,305655,12588,95368,2.8312923783763755,0.23781179633088376
1280,0.3547436100311373,0,1,0,299956,305654,12588,95368,2.831283115343288,0.23781238934522295
1281,0.3548319458473558,0,1,0,299957,305653,12588,95368,2.8312738523102006,0.23781298236251966
1282,0.3548644148870511,0,1,0,299958,305652,12588,95368,2.831264589277113,0.23781357538277392
1283,0.3550026842164457,0,1,0,299959,305651,12588,95368,2.831255326244025,0.23781416840598574
1284,0.355019216834054,0,1,0,299960,305650,12588,95368,2.831246063210938,0.23781476143215516
1285,0.3552620367156406,0,2,0,299962,305648,12588,95368,2.8312275371447626,0.23781594749336685
1286,0.3552767034323429,0,1,0,299963,305647,12588,95368,2.831218274111675,0.23781654052840917
1287,0.3552873693676389,1,1,1,299964,305646,12589,95367,2.8312090110785877,0.23781523292262347
1288,0.355287369367639,3,1,3,299965,305645,12592,95364,2.8311997480455,0.23781012396230508
1289,0.3554612747804688,0,2,0,299967,305643,12592,95364,2.831181221979325,0.237811310027007
1290,0.3556972332834896,0,1,0,299968,305642,12592,95364,2.8311719589462374,0.23781190306379454
1291,0.3556972332834897,1,1,1,299969,305641,12593,95363,2.8311626959131497,0.23781059540553212
1292,0.3558375761735204,0,18,0,299987,305623,12593,95363,2.8309959613175737,0.23782127056804975
1293,0.3558588966090582,1,3,1,299990,305620,12594,95362,2.830968172218311,0.23782114907901103
1294,0.3558588966090583,0,13,0,300003,305607,12594,95362,2.830847752788173,0.23782885958764893
1295,0.3561558238475127,0,1,0,300004,305606,12594,95362,2.8308384897550853,0.23782945272440695
1296,0.3563096338202079,0,2,0,300006,305604,12594,95362,2.8308199636889104,0.23783063900679857
1297,0.3563773232935615,0,2,0,300008,305602,12594,95362,2.830801437622735,0.23783182530102454
1298,0.356515592622956,3,27,3,300035,305575,12597,95359,2.8305513357293712,0.23784213860635417
1299,0.3565155926229561,1,17,1,300052,305558,12598,95358,2.830393864166883,0.23785032276087759
1300,0.3565475464075976,0,2,0,300054,305556,12598,95358,2.8303753381007075,0.23785150930124666
1301,0.3565534456761021,0,1,0,300055,305555,12598,95358,2.8303660750676203,0.23785210257587058
1302,0.3565534456761022,0,4,0,300059,305551,12598,95358,2.83032902293527,0.23785447570396273
1303,0.3565667250097466,0,1,0,300060,305550,12598,95358,2.8303197599021823,0.23785506899338502
1304,0.3566065610586624,0,1,0,300061,305549,12598,95358,2.8303104968690946,0.23785566228576702
1305,0.3569173043974871,0,2,0,300063,305547,12598,95358,2.8302919708029197,0.23785684887941033
1306,0.3569741831869791,0,2,0,300065,305545,12598,95358,2.830273444736745,0.23785803548489284
1307,0.3569741831869792,1,15,1,300080,305530,12599,95357,2.8301344992404314,0.23786503428646974
1308,0.3569982836187473,1,0,1,300080,305530,12600,95356,2.8301344992404314,0.23786313316005048
1309,0.3570718723606055,0,1,0,300081,305529,12600,95356,2.8301252362073437,0.23786372650510745
1310,0.3571078595128456,0,1,0,300082,305528,12600,95356,2.830115973174256,0.2378643198531246
1311,0.3573718050155686,16,127,16,300209,305401,12616,95340,2.828939567972137,0.23790927307163479
1312,0.3574249203981288,1,1,1,300210,305400,12617,95339,2.8289303049390493,0.23790796503459857
1313,0.3574249203981289,0,3,0,300213,305397,12617,95339,2.8289025158397867,0.23790974606723628
1314,0.3576222133001399,1,0,1,300213,305397,12618,95338,2.8289025158397867,0.23790784433603254
1315,0.357668732254023,0,2,0,300215,305395,12618,95338,2.8288839897736113,0.23790903169941083
1316,0.3576687322540231,0,14,0,300229,305381,12618,95338,2.8287543073103856,0.23791734357492408
1317,0.3577095064520646,0,1,0,300230,305380,12618,95338,2.8287450442772983,0.23791793730254193
1318,0.3578902317000719,3,11,3,300241,305369,12621,95335,2.828643150913335,0.2379187629771602
1319,0.3579262188523121,0,4,0,300245,305365,12621,95335,2.828606098780985,0.23792113800848516
1320,0.3580023555985521,0,1,0,300246,305364,12621,95335,2.828596835747897,0.23792173177372541
1321,0.358079633416257,1,3,1,300249,305361,12622,95334,2.8285690466486346,0.23792161120053906
1322,0.3581194694651728,1,2,1,300251,305359,12623,95333,2.8285505205824597,0.2379208968484522
1323,0.3581777855797341,0,1,0,300252,305358,12623,95333,2.828541257549372,0.23792149062494541
1324,0.3583632813210671,1,4,1,300256,305354,12624,95332,2.8285042054170217,0.23792196383202807
1325,0.3583769560634617,0,1,0,300257,305353,12624,95332,2.828494942383934,0.2379225576200756
1326,0.3584870915934895,30,312,30,300569,305041,12654,95302,2.825604876060617,0.23805087137779354
1327,0.358620767919356,0,2,0,300571,305039,12654,95302,2.8255863499944422,0.23805206061832287
1328,0.3587519083064874,1,1,1,300572,305038,12655,95301,2.8255770869613546,0.23805075198769043
1329,0.3588207149380186,0,3,0,300575,305035,12655,95301,2.825549297862092,0.2380525358698693
1330,0.358893112922786,0,2,0,300577,305033,12655,95301,2.825530771795917,0.2380537251395085
1331,0.3589378288046392,0,27,0,300604,305006,12655,95301,2.8252806699025528,0.23806978144274268
1332,0.3591816406605335,12,116,12,300720,304890,12667,95289,2.8242061580643965,0.23811594311545584
1333,0.3591816406605336,0,9,0,300729,304881,12667,95289,2.8241227907666087,0.23812129844815952
1334,0.359334418837212,1,5,1,300734,304876,12668,95288,2.8240764756011707,0.23812236982837037
1335,0.3594391272588225,3,51,3,300785,304825,12671,95285,2.8236040609137056,0.2381470095723676
1336,0.3595733632206184,1,11,1,300796,304814,12672,95284,2.8235021675497425,0.23815165284505296
1337,0.3596557532096558,0,7,0,300803,304807,12672,95284,2.8234373263181296,0.23815581955105214
1338,0.3597114722622525,0,1,0,300804,304806,12672,95284,2.823428063285042,0.2381564148066685
1339,0.359746294247583,0,1,0,300805,304805,12672,95284,2.8234188002519547,0.23815701006526047
1340,0.36,1037,10974,1037,311779,293831,13709,94247,2.7217662751491347,0.24285581764490644
1341,0.3602812535496945,0,2,0,311781,293829,13709,94247,2.72174774908296,0.2428570692338614
1342,0.3619768674034249,0,1,0,311782,293828,13709,94247,2.721738486049872,0.24285769503317658
1343,0.3623744892320144,0,1,0,311783,293827,13709,94247,2.7217292230167844,0.2428583208357169
1344,0.3630690382990583,0,1,0,311784,293826,13709,94247,2.721719959983697,0.24285894664148241
1345,0.3634897758099353,0,1,0,311785,293825,13709,94247,2.7217106969506095,0.2428595724504731
1346,0.3637744609611285,0,1,0,311786,293824,13709,94247,2.721701433917522,0.24286019826268904
1347,0.3638873976385248,0,3,0,311789,293821,13709,94247,2.7216736448182592,0.24286207571868848
1348,0.36423585267252,0,1,0,311790,293820,13709,94247,2.7216643817851716,0.24286270154380557
1349,0.36432466776701,1,3,1,311793,293817,13710,94246,2.721636592685909,0.24286262797535452
1350,0.364405824323028,0,1,0,311794,293816,13710,94246,2.7216273296528217,0.2428632538099582
1351,0.3647436100311372,0,1,0,311795,293815,13710,94246,2.721618066619734,0.24286387964778733
1352,0.3647436100311373,1,1,1,311796,293814,13711,94245,2.7216088035866464,0.24286255440538682
1353,0.3650026842164457,0,7,0,311803,293807,13711,94245,2.7215439623550335,0.24286693535917867
1354,0.3650192168340539,0,2,0,311805,293805,13711,94245,2.7215254362888586,0.24286818708929261
1355,0.3650405372695918,0,1,0,311806,293804,13711,94245,2.721516173255771,0.24286881295918814
1356,0.3651933154462704,0,1,0,311807,293803,13711,94245,2.721506910222683,0.2428694388323094
1357,0.3652873693676389,0,3,0,311810,293800,13711,94245,2.7214791211234206,0.24287131647102783
1358,0.365287369367639,0,2,0,311812,293798,13711,94245,2.7214605950572457,0.2428725682463026
1359,0.3654514384318256,0,1,0,311813,293797,13711,94245,2.721451332024158,0.24287319413877878
1360,0.3654612747804688,0,1,0,311814,293796,13711,94245,2.7214420689910703,0.24287382003448088
1361,0.365558963954095,0,1,0,311815,293795,13711,94245,2.721432805957983,0.24287444593340893
1362,0.3656972332834896,0,2,0,311817,293793,13711,94245,2.7214142798918077,0.2428756977409429
1363,0.3656972332834897,0,1,0,311818,293792,13711,94245,2.72140501685872,0.2428763236495489
1364,0.3658375761735204,0,20,0,311838,293772,13711,94245,2.721219756196969,0.24288884249916884
1365,0.3658588966090582,0,2,0,311840,293770,13711,94245,2.721201230130794,0.24289009445511128
1366,0.3658588966090583,1,11,1,311851,293759,13712,94244,2.721099336766831,0.24289502916214564
1367,0.3659547198817786,0,1,0,311852,293758,13712,94244,2.7210900737337433,0.24289565517703518
1368,0.3661558238475128,0,2,0,311854,293756,13712,94244,2.7210715476675684,0.24289690721649485
1369,0.3663773232935615,0,4,0,311858,293752,13712,94244,2.721034495535218,0.24289941133413748
1370,0.3664133104458017,0,1,0,311859,293751,13712,94244,2.7210252325021305,0.2429000373716156
1371,0.3665155926229561,7,53,7,311912,293698,13719,94237,2.72053429174849,0.24291956126670705
1372,0.3665475464075976,0,1,0,311913,293697,13719,94237,2.7205250287154024,0.242920187454567
1373,0.3665534456761022,0,2,0,311915,293695,13719,94237,2.7205065026492274,0.24292143983997194
1374,0.3666065610586624,0,2,0,311917,293693,13719,94237,2.7204879765830525,0.2429226922382904
1375,0.3668109322743912,0,2,0,311919,293691,13719,94237,2.720469450516877,0.2429239446495226
1376,0.3668503729145567,0,3,0,311922,293688,13719,94237,2.7204416614176146,0.2429258232905845
1377,0.3669173043974871,0,1,0,311923,293687,13719,94237,2.720432398384527,0.2429264495107289
1378,0.3669741831869791,0,2,0,311925,293685,13719,94237,2.720413872318352,0.24292770196070343
1379,0.3669741831869792,0,14,0,311939,293671,13719,94237,2.720284189855126,0.24293646947214287
1380,0.3670718723606054,0,1,0,311940,293670,13719,94237,2.7202749268220385,0.2429370957471765
1381,0.3673718050155686,12,122,12,312062,293548,13731,94225,2.719144836785357,0.24299009987802142
1382,0.3674249203981288,0,1,0,312063,293547,13731,94225,2.7191355737522693,0.24299072650939213
1383,0.3676687322540231,0,14,0,312077,293533,13731,94225,2.7190058912890436,0.2429994996879497
1384,0.3677095064520646,0,1,0,312078,293532,13731,94225,2.7189966282559563,0.24300012636780252
1385,0.3678902317000719,5,25,5,312103,293507,13736,94220,2.7187650524287674,0.24300603259509912
1386,0.3680598951781786,0,1,0,312104,293506,13736,94220,2.7187557893956797,0.2430066593419064
1387,0.368060454814108,0,1,0,312105,293505,13736,94220,2.718746526362592,0.2430072860919466
1388,0.368079633416257,0,3,0,312108,293502,13736,94220,2.7187187372633295,0.24300916636146516
1389,0.3681194694651727,0,1,0,312109,293501,13736,94220,2.718709474230242,0.2430097931244374
1390,0.3681194694651728,0,1,0,312110,293500,13736,94220,2.7187002111971545,0.24301041989064273
1391,0.3682598421968411,0,1,0,312111,293499,13736,94220,2.718690948164067,0.24301104666008114
1392,0.3683632813210671,0,3,0,312114,293496,13736,94220,2.7186631590648043,0.2430129269877952
1393,0.3684870915934896,14,301,14,312415,293195,13750,94206,2.7158749861054505,0.24317438519776666
1394,0.3685160594977456,0,1,0,312416,293194,13750,94206,2.715865723072363,0.24317501290655652
1395,0.368620767919356,1,1,1,312417,293193,13751,94205,2.715856460039275,0.24317368700922565
1396,0.3686207679193561,0,1,0,312418,293192,13751,94205,2.7158471970061875,0.24317431472107426
1397,0.3688207149380186,1,0,1,312418,293192,13752,94204,2.7158471970061875,0.24317236109820442
1398,0.3689378288046392,1,19,1,312437,293173,13753,94203,2.715671199377524,0.2431823344760646
1399,0.3690337830460053,0,1,0,312438,293172,13753,94203,2.7156619363444365,0.24318296224588576
1400,0.3691816406605335,14,148,14,312586,293024,13767,94189,2.7142910074474784,0.2432485479568093
1401,0.369334418837212,0,2,0,312588,293022,13767,94189,2.7142724813813035,0.24324980437022709
1402,0.3694391272588225,5,63,5,312651,292959,13772,94184,2.7136889102967876,0.2432796150259723
1403,0.3695153688446397,0,2,0,312653,292957,13772,94184,2.7136703842306127,0.24328087182706043
1404,0.3695733632206184,0,16,0,312669,292941,13772,94184,2.7135221757012116,0.24329092670326122
1405,0.3696557532096558,0,3,0,312672,292938,13772,94184,2.713494386601949,0.24329281208507914
1406,0.3697114722622524,0,2,0,312674,292936,13772,94184,2.713475860535774,0.24329406902252532
1407,0.369751666925069,1,1,1,312675,292935,13773,94183,2.7134665975026864,0.24329274278127083
1408,0.3697820319509873,0,1,0,312676,292934,13773,94183,2.7134573344695987,0.24329337125468528
1409,0.37,1038,10786,1038,323462,282148,14811,93145,2.613546259587239,0.2481927454015929
1410,0.3708402603899661,0,1,0,323463,282147,14811,93145,2.6135369965541515,0.24819340673395648
1411,0.3711249455411594,0,2,0,323465,282145,14811,93145,2.6135184704879766,0.24819472940925685
1412,0.3716076576880887,0,1,0,323466,282144,14811,93145,2.613509207454889,0.24819539075219366
1413,0.3716609144286245,0,1,0,323467,282143,14811,93145,2.6134999444218017,0.2481960520986549
1414,0.3725006781013789,0,1,0,323468,282142,14811,93145,2.613490681388714,0.24819671344864064
1415,0.3726591743832076,0,1,0,323469,282141,14811,93145,2.6134814183556263,0.2481973748021509
1416,0.3732093811890891,0,1,0,323470,282140,14811,93145,2.6134721553225386,0.24819803615918568
1417,0.3732241562707787,0,1,0,323471,282139,14811,93145,2.6134628922894514,0.24819869751974505
1418,0.3734569339732191,0,1,0,323472,282138,14811,93145,2.6134536292563637,0.248199358883829
1419,0.3736814388357766,1,1,1,323473,282137,14812,93144,2.613444366223276,0.24819801695263016
1420,0.3738873976385248,0,2,0,323475,282135,14812,93144,2.613425840157101,0.2481993396912697
1421,0.3739252506916709,0,1,0,323476,282134,14812,93144,2.6134165771240134,0.2482000010658765
1422,0.37432466776701,0,3,0,323479,282131,14812,93144,2.613388788024751,0.24820198521084538
1423,0.3743459882025478,0,1,0,323480,282130,14812,93144,2.613379524991663,0.24820264659955127
1424,0.3743459882025479,0,2,0,323482,282128,14812,93144,2.6133609989254882,0.24820396938753758
1425,0.374405824323028,0,2,0,323484,282126,14812,93144,2.613342472859313,0.24820529218962348
1426,0.3744418114752681,0,1,0,323485,282125,14812,93144,2.6133332098262256,0.24820595359595385
1427,0.3747436100311372,0,2,0,323487,282123,14812,93144,2.6133146837600503,0.24820727641918955
1428,0.3748319458473558,0,2,0,323489,282121,14812,93144,2.6132961576938754,0.2482085992565254
1429,0.3750026842164457,0,7,0,323496,282114,14812,93144,2.6132313164622625,0.2482132292982428
1430,0.3750026842164458,0,1,0,323497,282113,14812,93144,2.613222053429175,0.2482138907468748
1431,0.3752873693676389,0,2,0,323499,282111,14812,93144,2.613203527363,0.2482152136547148
1432,0.375287369367639,0,2,0,323501,282109,14812,93144,2.6131850012968245,0.2482165365766563
1433,0.3752980238678807,0,1,0,323502,282108,14812,93144,2.6131757382637373,0.24821719804291517
1434,0.3753682613456162,0,1,0,323503,282107,14812,93144,2.6131664752306496,0.2482178595126995
1435,0.3754534214275953,0,1,0,323504,282106,14812,93144,2.613157212197562,0.24821852098600933
1436,0.3754612747804688,0,1,0,323505,282105,14812,93144,2.6131479491644742,0.24821918246284466
1437,0.3756972332834896,0,1,0,323506,282104,14812,93144,2.613138686131387,0.24821984394320556
1438,0.3757804634001438,0,1,0,323507,282103,14812,93144,2.6131294230982993,0.248220505427092
1439,0.3758375761735204,0,8,0,323515,282095,14812,93144,2.6130553188335988,0.24822579742510772
1440,0.3758588966090582,0,5,0,323520,282090,14812,93144,2.6130090036681612,0.248229105038456
1441,0.3758588966090583,0,8,0,323528,282082,14812,93144,2.6129348994034607,0.24823439740316502
1442,0.3759120119916184,0,1,0,323529,282081,14812,93144,2.612925636370373,0.24823505896462122
1443,0.3759547198817786,1,1,1,323530,282080,14813,93143,2.6129163733372858,0.248233717016281
1444,0.3761558238475128,0,1,0,323531,282079,14813,93143,2.612907110304198,0.24823437858121325
1445,0.3763096338202079,1,2,1,323533,282077,14814,93142,2.6128885842380227,0.2482336981869255
1446,0.3763773232935615,0,1,0,323534,282076,14814,93142,2.6128793212049355,0.24823435975886018
1447,0.3764133104458017,0,1,0,323535,282075,14814,93142,2.612870058171848,0.2482350213343212
1448,0.3765155926229561,3,51,3,323586,282024,14817,93139,2.6123976434843827,0.24826275512244012
1449,0.3765534456761021,0,2,0,323588,282022,14817,93139,2.6123791174182074,0.24826407862224484
1450,0.3765534456761022,0,3,0,323591,282019,14817,93139,2.612351328318945,0.2482660638984108
1451,0.3768109322743912,1,2,1,323593,282017,14818,93138,2.6123328022527694,0.24826538364142822
1452,0.3768503729145567,0,1,0,323594,282016,14818,93138,2.612323539219682,0.24826604541068467
1453,0.3769173043974871,0,1,0,323595,282015,14818,93138,2.6123142761865945,0.24826670718346913
1454,0.376945168236187,0,1,0,323596,282014,14818,93138,2.612305013153507,0.24826736895978163
1455,0.3769741831869791,0,3,0,323599,282011,14818,93138,2.6122772240542442,0.24826935430988753
1456,0.3769741831869792,0,16,0,323615,281995,14818,93138,2.6121290155248436,0.2482799433800812
1457,0.3770718723606054,0,1,0,323616,281994,14818,93138,2.612119752491756,0.2482806052269601
1458,0.3771078595128456,0,1,0,323617,281993,14818,93138,2.612110489458668,0.24828126707736764
1459,0.3772606376895241,0,1,0,323618,281992,14818,93138,2.612101226425581,0.24828192893130382
1460,0.3773293589588944,0,1,0,323619,281991,14818,93138,2.6120919633924933,0.24828259078876866
1461,0.3773718050155686,14,134,14,323753,281857,14832,93124,2.610850716958761,0.2483432493913025
1462,0.3774249203981288,0,5,0,323758,281852,14832,93124,2.6108044017933234,0.24834656084656084
1463,0.3776687322540231,0,12,0,323770,281840,14832,93124,2.6106932453962726,0.24835450869950182
1464,0.3778024085798896,1,0,1,323770,281840,14833,93123,2.6106932453962726,0.24835250411373921
1465,0.3778902317000719,2,29,2,323799,281811,14835,93121,2.6104246174367334,0.2483677040103272
1466,0.3779262188523121,1,3,1,323802,281808,14836,93120,2.6103968283374708,0.2483676865958264
1467,0.378079633416257,0,1,0,323803,281807,14836,93120,2.610387565304383,0.24836834903861285
1468,0.3781194694651728,0,1,0,323804,281806,14836,93120,2.610378302271296,0.24836901148493304
1469,0.378363281321067,0,2,0,323806,281804,14836,93120,2.6103597762051205,0.24837033638817466
1470,0.3783769560634618,0,1,0,323807,281803,14836,93120,2.6103505131720333,0.2483709988450962
1471,0.3784870915934896,25,286,25,324093,281517,14861,93095,2.6077012857089925,0.24851045882139386
1472,0.378620767919356,0,2,0,324095,281515,14861,93095,2.6076827596428176,0.24851178559034728
1473,0.3787519083064875,0,1,0,324096,281514,14861,93095,2.60767349660973,0.24851244898013664
1474,0.3788207149380186,0,4,0,324100,281510,14861,93095,2.6076364444773796,0.24851510257471204
1475,0.3789378288046392,3,27,3,324127,281483,14864,93092,2.607386342584016,0.24852699726356536
1476,0.3790895982336852,0,1,0,324128,281482,14864,93092,2.607377079550928,0.2485276607559521
1477,0.3791816406605335,16,131,16,324259,281351,14880,93076,2.6061636222164584,0.2485825007277787
1478,0.379334418837212,0,5,0,324264,281346,14880,93076,2.606117307051021,0.24858582027765463
1479,0.3794391272588225,5,39,5,324303,281307,14885,93071,2.605756048760606,0.24860168065431196
1480,0.3795733632206184,0,15,0,324318,281292,14885,93071,2.6056171032642927,0.24861164164193578
1481,0.3796557532096558,1,7,1,324325,281285,14886,93070,2.60555226203268,0.24861428323382886
1482,0.3797114722622524,0,1,0,324326,281284,14886,93070,2.6055429989995926,0.2486149473493004
1483,0.38,1099,10777,1099,335103,270507,15985,91971,2.505715291415021,0.2537285021435784
1484,0.380861580825504,0,1,0,335104,270506,15985,91971,2.5057060283819332,0.25372920212868677
1485,0.3819768674034249,0,1,0,335105,270505,15985,91971,2.505696765348846,0.25372990211765745
1486,0.3823744892320144,0,1,0,335106,270504,15985,91971,2.5056875023157583,0.25373060211049037
1487,0.3824944255719766,0,1,0,335107,270503,15985,91971,2.5056782392826706,0.25373130210718564
1488,0.3828040648452453,0,1,0,335108,270502,15985,91971,2.505668976249583,0.2537320021077432
1489,0.3832093811890891,0,1,0,335109,270501,15985,91971,2.5056597132164957,0.25373270211216314
1490,0.3834897758099352,0,1,0,335110,270500,15985,91971,2.505650450183408,0.2537334021204455
1491,0.3837744609611285,0,2,0,335112,270498,15985,91971,2.505631924117233,0.25373480214859756
1492,0.3838873976385247,0,1,0,335113,270497,15985,91971,2.5056226610841454,0.2537355021684673
1493,0.3841827372899598,0,1,0,335114,270496,15985,91971,2.5056133980510578,0.25373620219219956
1494,0.3841843248769793,0,1,0,335115,270495,15985,91971,2.50560413501797,0.2537369022197944
1495,0.3842250990750206,0,1,0,335116,270494,15985,91971,2.505594871984883,0.25373760225125186
1496,0.3843246677670099,0,1,0,335117,270493,15985,91971,2.505585608951795,0.2537383022865719
1497,0.3843246677670101,0,2,0,335119,270491,15985,91971,2.5055670828856202,0.25373970236880006
1498,0.3843459882025479,0,1,0,335120,270490,15985,91971,2.5055578198525326,0.25374040241570817
1499,0.3846796115470768,0,1,0,335121,270489,15985,91971,2.505548556819445,0.2537411024664791
1500,0.3847436100311373,0,4,0,335125,270485,15985,91971,2.5055115046870946,0.2537439027081908
1501,0.3847967254136975,0,2,0,335127,270483,15985,91971,2.5054929786209197,0.253745302852224
1502,0.3850026842164457,2,3,2,335130,270480,15987,91969,2.505465189521657,0.2537432852622024
1503,0.3850192168340539,0,1,0,335131,270479,15987,91969,2.5054559264885694,0.25374398534410453
1504,0.3850405372695918,0,1,0,335132,270478,15987,91969,2.5054466634554817,0.2537446854298697
1505,0.3851742135954583,0,1,0,335133,270477,15987,91969,2.5054374004223945,0.2537453855194981
1506,0.3852620367156406,0,1,0,335134,270476,15987,91969,2.505428137389307,0.25374608561298956
1507,0.3852873693676389,1,3,1,335137,270473,15988,91968,2.505400348290044,0.2537461269558356
1508,0.3854612747804687,0,1,0,335138,270472,15988,91968,2.5053910852569565,0.2537468270610308
1509,0.3854612747804688,0,3,0,335141,270469,15988,91968,2.505363296157694,0.2537489273997964
1510,0.385514649818714,0,1,0,335142,270468,15988,91968,2.5053540331246063,0.253749627520445
1511,0.3856972332834896,1,0,1,335142,270468,15989,91967,2.5053540331246063,0.25374756852952945
1512,0.3857350863366357,0,1,0,335143,270467,15989,91967,2.5053447700915186,0.2537482686502922
1513,0.3858375761735204,1,10,1,335153,270457,15990,91966,2.505252139760643,0.25375321102689397
1514,0.3858588966090582,1,9,1,335162,270448,15991,91965,2.5051687724628553,0.25375745351298107
1515,0.3859120119916184,0,1,0,335163,270447,15991,91965,2.5051595094297676,0.25375815370351973
1516,0.3859547198817786,0,1,0,335164,270446,15991,91965,2.50515024639668,0.2537588538979225
1517,0.3859547198817787,0,1,0,335165,270445,15991,91965,2.5051409833635927,0.2537595540961894
1518,0.3859925729349247,0,1,0,335166,270444,15991,91965,2.505131720330505,0.2537602542983204
1519,0.3861276297576051,0,1,0,335167,270443,15991,91965,2.5051224572974173,0.2537609545043156
1520,0.3863096338202079,1,0,1,335167,270443,15992,91964,2.5051224572974173,0.2537588953855748
1521,0.3863773232935615,0,2,0,335169,270441,15992,91964,2.5051039312312424,0.2537602958016584
1522,0.3864133104458017,1,0,1,335169,270441,15993,91963,2.5051039312312424,0.2537582366640545
1523,0.386515592622956,2,20,2,335189,270421,15995,91961,2.5049186705694915,0.2537681231407741
1524,0.3865155926229561,1,21,1,335210,270400,15996,91960,2.504724146874653,0.2537807705044707
1525,0.3865534456761021,0,1,0,335211,270399,15996,91960,2.504714883841565,0.25378147086176966
1526,0.3865534456761022,0,4,0,335215,270395,15996,91960,2.504677831709215,0.25378427232962153
1527,0.3868109322743912,0,1,0,335216,270394,15996,91960,2.504668568676127,0.2537849727062486
1528,0.3869173043974871,0,4,0,335220,270390,15996,91960,2.504631516543777,0.25378777425141436
1529,0.3869741831869791,0,5,0,335225,270385,15996,91960,2.5045852013783394,0.2537912762698533
1530,0.3869741831869792,1,12,1,335237,270373,15997,91959,2.5044740449812886,0.2537976220703664
1531,0.3870718723606055,0,1,0,335238,270372,15997,91959,2.5044647819482013,0.2537983225282959
1532,0.3873078065315081,0,1,0,335239,270371,15997,91959,2.5044555189151136,0.2537990229900919
1533,0.3873718050155686,6,132,6,335371,270239,16003,91953,2.503232798547556,0.2538791580156381
1534,0.3874249203981288,0,3,0,335374,270236,16003,91953,2.5032050094482936,0.25388126088865204
1535,0.3874995820729305,0,1,0,335375,270235,16003,91953,2.5031957464152064,0.25388196185406475
1536,0.3876687322540231,0,14,0,335389,270221,16003,91953,2.5030660639519806,0.2538917757762843
1537,0.3878215104307015,0,1,0,335390,270220,16003,91953,2.503056800918893,0.25389247679976146
1538,0.3878902317000719,1,23,1,335413,270197,16004,91952,2.502843751157879,0.2539065412302671
1539,0.3879262188523121,0,2,0,335415,270195,16004,91952,2.502825225091704,0.2539079434594239
1540,0.388060454814108,0,2,0,335417,270193,16004,91952,2.502806699025529,0.2539093457040688
1541,0.388079633416257,0,4,0,335421,270189,16004,91952,2.502769646893179,0.2539121502398237
1542,0.3881194694651728,0,1,0,335422,270188,16004,91952,2.502760383860091,0.2539128513834429
1543,0.3881428448031454,0,1,0,335423,270187,16004,91952,2.5027511208270035,0.25391355253093423
1544,0.3884870915934895,36,290,36,335713,269897,16040,91916,2.500064841231613,0.2540428342817975
1545,0.3885111920252576,0,1,0,335714,269896,16040,91916,2.500055578198525,0.2540435364222303
1546,0.3885160594977455,0,1,0,335715,269895,16040,91916,2.500046315165438,0.2540442385665444
1547,0.388755003881152,0,1,0,335716,269894,16040,91916,2.5000370521323503,0.25404494071473976
1548,0.3888207149380186,0,6,0,335722,269888,16040,91916,2.499981473933825,0.25404915368542086
1549,0.3889378288046392,1,25,1,335747,269863,16041,91915,2.499749898106636,0.2540646473804377
1550,0.3891816406605335,13,139,13,335886,269724,16054,91902,2.498462336507466,0.25413548804566044
1551,0.389334418837212,0,2,0,335888,269722,16054,91902,2.498443810441291,0.2541368935690109
1552,0.3894391272588225,3,43,3,335931,269679,16057,91899,2.498045500018526,0.2541609279325623
1553,0.3895733632206184,2,13,2,335944,269666,16059,91897,2.497925080588388,0.2541659406521132
1554,0.3896557532096558,2,4,2,335948,269662,16061,91895,2.4978880284560376,0.2541646268776431
1555,0.389751666925069,0,1,0,335949,269661,16061,91895,2.49787876542295,0.2541653298520838
1556,0.39,1123,10667,1123,346616,258994,17184,90772,2.3990699914780094,0.25952208047666153
1557,0.3917177932181165,1,0,1,346616,258994,17185,90771,2.3990699914780094,0.25951996340399985
1558,0.3930631390305537,0,1,0,346617,258993,17185,90771,2.399060728444922,0.25952070538992006
1559,0.3934491956541669,1,0,1,346617,258993,17186,90770,2.399060728444922,0.2595185883012211
1560,0.3938873976385247,0,2,0,346619,258991,17186,90770,2.3990422023787468,0.25952007227792695
1561,0.3939483663739584,0,2,0,346621,258989,17186,90770,2.399023676312572,0.25952155627160417
1562,0.3941843248769793,0,1,0,346622,258988,17186,90770,2.399014413279484,0.25952229827480716
1563,0.39432466776701,0,5,0,346627,258983,17186,90770,2.3989680981140467,0.2595260083544673
1564,0.3943459882025479,0,1,0,346628,258982,17186,90770,2.398958835080959,0.2595267503831286
1565,0.3943993632407931,0,1,0,346629,258981,17186,90770,2.3989495720478713,0.2595274924160331
1566,0.394405824323028,1,2,1,346631,258979,17187,90769,2.3989310459816964,0.2595268593387239
1567,0.3947436100311373,0,4,0,346635,258975,17187,90769,2.398893993849346,0.2595298275309941
1568,0.3948435232497993,0,1,0,346636,258974,17187,90769,2.3988847308162584,0.25953056958967013
1569,0.3950026842164457,0,3,0,346639,258971,17187,90769,2.398856941716996,0.2595327957911591
1570,0.3950026842164458,0,2,0,346641,258969,17187,90769,2.398838415650821,0.259534279946703
1571,0.395019216834054,0,1,0,346642,258968,17187,90769,2.398829152617733,0.25953502203084033
1572,0.3950405372695917,0,1,0,346643,258967,17187,90769,2.3988198895846455,0.25953576411922136
1573,0.3950405372695919,0,1,0,346644,258966,17187,90769,2.398810626551558,0.2595365062118461
1574,0.3951363605423121,0,1,0,346645,258965,17187,90769,2.3988013635184706,0.2595372483087146
1575,0.3952195906589664,0,1,0,346646,258964,17187,90769,2.398792100485383,0.25953799040982695
1576,0.3952873693676389,1,1,1,346647,258963,17188,90768,2.3987828374522953,0.25953661528431854
1577,0.395287369367639,1,1,1,346648,258962,17189,90767,2.398773574419208,0.2595352401430822
1578,0.3953374645080463,0,1,0,346649,258961,17189,90767,2.3987643113861203,0.2595359822490621
1579,0.3954258009252426,0,1,0,346650,258960,17189,90767,2.3987550483530327,0.25953672435928593
1580,0.3954514384318257,0,1,0,346651,258959,17189,90767,2.398745785319945,0.25953746647375375
1581,0.3954612747804688,1,0,1,346651,258959,17190,90766,2.398745785319945,0.2595353492029452
1582,0.3955019376714827,0,1,0,346652,258958,17190,90766,2.3987365222868577,0.2595360913177248
1583,0.3956972332834896,0,1,0,346653,258957,17190,90766,2.39872725925377,0.2595368334367485
1584,0.3958375761735204,1,12,1,346665,258945,17191,90765,2.3986161028567192,0.25954362185811103
1585,0.3958588966090582,0,14,0,346679,258931,17191,90765,2.3984864203934935,0.2595540126281113
1586,0.3959547198817786,0,1,0,346680,258930,17191,90765,2.3984771573604062,0.25955475485780466
1587,0.3961579775811018,0,1,0,346681,258929,17191,90765,2.3984678943273186,0.2595554970917431
1588,0.3963096338202079,0,3,0,346684,258926,17191,90765,2.398440105228056,0.2595577238190288
1589,0.3963773232935614,0,2,0,346686,258924,17191,90765,2.3984215791618806,0.25955920832511176
1590,0.3963773232935615,0,4,0,346690,258920,17191,90765,2.3983845270295308,0.25956217738822085
1591,0.3964133104458017,1,0,1,346690,258920,17192,90764,2.3983845270295308,0.2595600599398314
1592,0.396515592622956,5,27,5,346717,258893,17197,90759,2.3981344251361665,0.25956951483189
1593,0.3965155926229561,1,15,1,346732,258878,17198,90758,2.3979954796398535,0.25957853310299855
1594,0.3965534456761021,0,2,0,346734,258876,17198,90758,2.397976953573678,0.2595800179616399
1595,0.3965534456761022,0,3,0,346737,258873,17198,90758,2.3979491644744155,0.25958224528145385
1596,0.3967622972726478,0,1,0,346738,258872,17198,90758,2.397939901441328,0.25958298772988586
1597,0.3968109322743912,0,1,0,346739,258871,17198,90758,2.3979306384082406,0.2595837301825649
1598,0.3968280605047111,0,1,0,346740,258870,17198,90758,2.397921375375153,0.25958447263949114
1599,0.3969173043974872,0,3,0,346743,258867,17198,90758,2.3978935862758903,0.25958670003575257
1600,0.3969451682361871,0,2,0,346745,258865,17198,90758,2.397875060209715,0.25958818498782976
1601,0.3969741831869791,0,5,0,346750,258860,17198,90758,2.3978287450442775,0.2595918974423514
1602,0.3969741831869792,0,13,0,346763,258847,17198,90758,2.397708325614139,0.2596015503210766
1603,0.3970718723606055,0,1,0,346764,258846,17198,90758,2.3976990625810517,0.2596022928799442
1604,0.3973293589588945,0,1,0,346765,258845,17198,90758,2.397689799547964,0.2596030354430597
1605,0.3973718050155686,12,146,12,346911,258699,17210,90746,2.3963373967171813,0.2596860736310435
1606,0.3973948736513201,0,1,0,346912,258698,17210,90746,2.3963281336840936,0.259686816771786
1607,0.3974249203981289,0,3,0,346915,258695,17210,90746,2.396300344584831,0.2596890462195335
1608,0.3975449219816006,0,1,0,346916,258694,17210,90746,2.3962910815517433,0.25968978937728937
1609,0.397668732254023,0,2,0,346918,258692,17210,90746,2.3962725554855684,0.2596912757055615
1610,0.3976687322540231,2,13,2,346931,258679,17212,90744,2.39615213605543,0.2596966999882664
1611,0.3977095064520646,0,2,0,346933,258677,17212,90744,2.396133609989255,0.25969818642840586
1612,0.3978902317000719,2,27,2,346960,258650,17214,90742,2.395883508095891,0.2597140174932454
1613,0.3979262188523121,0,3,0,346963,258647,17214,90742,2.395855718996628,0.25971624750636113
1614,0.398060454814108,0,3,0,346966,258644,17214,90742,2.3958279298973655,0.2597184775577728
1615,0.398079633416257,0,1,0,346967,258643,17214,90742,2.3958186668642782,0.2597192209167537
1616,0.3981194694651728,0,2,0,346969,258641,17214,90742,2.395800140798103,0.2597207076474814
1617,0.3981428448031454,0,1,0,346970,258640,17214,90742,2.395790877765015,0.2597214510192282
1618,0.3981777855797341,1,0,1,346970,258640,17215,90741,2.395790877765015,0.25971933219035953
1619,0.3983632813210671,0,4,0,346974,258636,17215,90741,2.3957538256326654,0.2597223057041534
1620,0.3984870915934895,31,322,31,347296,258314,17246,90710,2.3927711289784726,0.25989616759878975
1621,0.3986207679193561,0,1,0,347297,258313,17246,90710,2.3927618659453853,0.2598969122378754
1622,0.3987519083064875,0,1,0,347298,258312,17246,90710,2.3927526029122976,0.2598976568812281
1623,0.3988207149380186,1,3,1,347301,258309,17247,90709,2.392724813813035,0.2598977703155711
1624,0.3989378288046392,1,33,1,347334,258276,17248,90708,2.3924191337211456,0.2599202255690805
1625,0.3990337830460053,1,0,1,347334,258276,17249,90707,2.3924191337211456,0.2599181048933616
1626,0.3991816406605335,13,104,13,347438,258172,17262,90694,2.39145577828004,0.2599680106401885
1627,0.3991816406605336,3,28,3,347466,258144,17265,90691,2.3911964133535886,0.25998251322258376
1628,0.3994391272588226,8,36,8,347502,258108,17273,90683,2.3908629441624365,0.25999237365643035
1629,0.3995467778688683,0,1,0,347503,258107,17273,90683,2.390853681129349,0.25999311906878064
1630,0.3995733632206184,0,18,0,347521,258089,17273,90683,2.3906869465337732,0.2600065372220247
1631,0.3996557532096558,1,10,1,347531,258079,17274,90682,2.3905943162028973,0.260011870593329
1632,0.3997114722622524,0,2,0,347533,258077,17274,90682,2.3905757901367224,0.26001336166235134
1633,0.4,1161,10141,1161,357674,247936,18435,89521,2.2966393715958353,0.265281206198123
1634,0.4003256896675199,1,0,1,357674,247936,18436,89520,2.2966393715958353,0.26527902896970273
1635,0.400690842456414,0,1,0,357675,247935,18436,89520,2.2966301085627476,0.265279815086456
1636,0.4007361829660621,0,1,0,357676,247934,18436,89520,2.2966208455296604,0.26528060120786834
1637,0.400861580825504,0,1,0,357677,247933,18436,89520,2.2966115824965727,0.26528138733393986
1638,0.4009533707306256,0,1,0,357678,247932,18436,89520,2.296602319463485,0.26528217346467053
1639,0.4023531687964765,0,1,0,357679,247931,18436,89520,2.2965930564303974,0.26528295960006043
1640,0.4024064430166559,0,1,0,357680,247930,18436,89520,2.29658379339731,0.26528374574010966
1641,0.4025010366156176,0,1,0,357681,247929,18436,89520,2.2965745303642224,0.26528453188481815
1642,0.403209381189089,0,1,0,357682,247928,18436,89520,2.2965652673311348,0.26528531803418604
1643,0.4032093811890891,0,1,0,357683,247927,18436,89520,2.2965560042980475,0.26528610418821325
1644,0.4035063084275435,0,1,0,357684,247926,18436,89520,2.29654674126496,0.26528689034689995
1645,0.4035276288630814,0,2,0,357686,247924,18436,89520,2.2965282151987845,0.2652884626782518
1646,0.4039252506916709,0,1,0,357687,247923,18436,89520,2.2965189521656972,0.26528924885091704
1647,0.4043459882025477,0,1,0,357688,247922,18436,89520,2.2965096891326096,0.2652900350282419
1648,0.4043459882025478,0,3,0,357691,247919,18436,89520,2.296481900033347,0.26529239358817447
1649,0.4047436100311373,0,1,0,357692,247918,18436,89520,2.2964726370002593,0.26529317978413813
1650,0.4050026842164457,0,6,0,357698,247912,18436,89520,2.296417058801734,0.26529789705777757
1651,0.4050405372695918,0,1,0,357699,247911,18436,89520,2.2964077957686464,0.26529868328636075
1652,0.4050538166032362,0,1,0,357700,247910,18436,89520,2.2963985327355587,0.2652994695196041
1653,0.4052620367156405,0,1,0,357701,247909,18436,89520,2.2963892697024715,0.2653002557575075
1654,0.4052620367156406,0,1,0,357702,247908,18436,89520,2.296380006669384,0.26530104200007115
1655,0.4052873693676389,0,1,0,357703,247907,18436,89520,2.296370743636296,0.265301828247295
1656,0.405287369367639,0,1,0,357704,247906,18436,89520,2.296361480603209,0.2653026144991791
1657,0.405514649818714,0,1,0,357705,247905,18436,89520,2.296352217570121,0.2653034007557235
1658,0.4056972332834896,1,1,1,357706,247904,18437,89519,2.2963429545370335,0.26530200964368167
1659,0.4056972332834897,0,1,0,357707,247903,18437,89519,2.296333691503946,0.26530279590542405
1660,0.4058375761735204,0,19,0,357726,247884,18437,89519,2.2961576938752826,0.26531773576405665
1661,0.4058588966090582,0,2,0,357728,247882,18437,89519,2.296139167809107,0.2653193084786352
1662,0.4058588966090583,1,8,1,357736,247874,18438,89518,2.296065063544407,0.26532342201356285
1663,0.4061558238475127,0,2,0,357738,247872,18438,89518,2.2960465374782317,0.26532499481312427
1664,0.4063773232935615,0,1,0,357739,247871,18438,89518,2.2960372744451445,0.2653257812198975
1665,0.406515592622956,3,27,3,357766,247844,18441,89515,2.29578717255178,0.2653404829869664
1666,0.4065155926229561,1,26,1,357792,247818,18442,89514,2.295546333691504,0.2653587563587208
1667,0.4065534456761021,0,1,0,357793,247817,18442,89514,2.2955370706584164,0.2653595430007915
1668,0.4065534456761022,1,4,1,357797,247813,18443,89513,2.295500018526066,0.265360511789782
1669,0.406629936396635,0,1,0,357798,247812,18443,89513,2.2954907554929784,0.26536129845104867
1670,0.4067062238527806,0,1,0,357799,247811,18443,89513,2.295481492459891,0.2653620851169795
1671,0.4068109322743912,0,2,0,357801,247809,18443,89513,2.295462966393716,0.2653636584628337
1672,0.4068280605047111,0,1,0,357802,247808,18443,89513,2.2954537033606286,0.2653644451427572
1673,0.4069173043974872,0,1,0,357803,247807,18443,89513,2.295444440327541,0.26536523182734495
1674,0.4069741831869791,0,3,0,357806,247804,18443,89513,2.2954166512282783,0.2653675919090944
1675,0.4069741831869792,0,11,0,357817,247793,18443,89513,2.295314757864315,0.26537624590134773
1676,0.4072612740767906,0,1,0,357818,247792,18443,89513,2.2953054948312275,0.2653770326559049
1677,0.4073718050155686,16,138,16,357956,247654,18459,89497,2.294027196265145,0.26545079207832695
1678,0.4074249203981288,0,3,0,357959,247651,18459,89497,2.2939994071658822,0.26545315410442893
1679,0.4074249203981289,0,2,0,357961,247649,18459,89497,2.2939808810997073,0.26545472881185006
1680,0.407668732254023,0,5,0,357966,247644,18459,89497,2.2939345659342694,0.2654586656621414
1681,0.4076687322540231,1,15,1,357981,247629,18460,89496,2.2937956204379564,0.26546829810901
1682,0.4077095064520646,0,2,0,357983,247627,18460,89496,2.293777094371781,0.26546987301370717
1683,0.4078902317000719,0,17,0,358000,247610,18460,89496,2.2936196228092927,0.2654832604581348
1684,0.4079262188523121,0,1,0,358001,247609,18460,89496,2.293610359776205,0.2654840479969149
1685,0.4080604548141081,0,1,0,358002,247608,18460,89496,2.2936010967431177,0.2654848355403674
1686,0.408079633416257,0,2,0,358004,247606,18460,89496,2.2935825706769424,0.2654864106412896
1687,0.4081194694651727,0,1,0,358005,247605,18460,89496,2.2935733076438547,0.26548719819875943
1688,0.4081194694651728,0,1,0,358006,247604,18460,89496,2.2935640446107675,0.2654879857609018
1689,0.4081777855797341,0,1,0,358007,247603,18460,89496,2.29355478157768,0.2654887733277168
1690,0.4083632813210671,1,1,1,358008,247602,18461,89495,2.293545518544592,0.26548738197017474
1691,0.4084870915934895,27,344,27,358352,247258,18488,89468,2.2903590351624734,0.26569970836822815
1692,0.4085111920252576,1,0,1,358352,247258,18489,89467,2.2903590351624734,0.26569752765609916
1693,0.4086207679193561,0,3,0,358355,247255,18489,89467,2.290331246063211,0.26569989486876416
1694,0.4088207149380186,0,2,0,358357,247253,18489,89467,2.290312719997036,0.2657014730339748
1695,0.4088465473935474,0,1,0,358358,247252,18489,89467,2.290303456963948,0.2657022621236105
1696,0.4089378288046392,2,14,2,358372,247238,18491,89465,2.2901737745007225,0.2657089482422194
1697,0.4090124904794409,0,1,0,358373,247237,18491,89465,2.290164511467635,0.26570973739389725
1698,0.4090189033438229,0,1,0,358374,247236,18491,89465,2.2901552484345475,0.26571052655026267
1699,0.4090337830460053,0,1,0,358375,247235,18491,89465,2.29014598540146,0.26571131571131573
1700,0.4091816406605335,6,106,6,358481,247129,18497,89459,2.289164103894179,0.2657819054749427
1701,0.4091816406605336,3,42,3,358523,247087,18500,89456,2.2887750565045017,0.2658085296678285
1702,0.409334418837212,1,3,1,358526,247084,18501,89455,2.288747267405239,0.26580871756319474
1703,0.4094391272588226,6,47,6,358573,247037,18507,89449,2.288311904850124,0.2658327538144232
1704,0.4095733632206184,1,14,1,358587,247023,18508,89448,2.288182222386898,0.26584163271128863
1705,0.4096557532096558,3,5,3,358592,247018,18511,89445,2.2881359072214607,0.2658390372789876
1706,0.4097114722622524,0,1,0,358593,247017,18511,89445,2.288126644188373,0.26583982738020934
1707,0.4097820319509873,1,0,1,358593,247017,18512,89444,2.288126644188373,0.26583764537346083
1708,0.41,1161,10048,1161,368641,236969,19673,88283,2.1950516877246287,0.27142953771229694
1709,0.4112592026540935,0,1,0,368642,236968,19673,88283,2.195042424691541,0.2714303722355965
1710,0.4117776293385967,0,1,0,368643,236967,19673,88283,2.1950331616584533,0.27143120676402765
1711,0.4123744892320143,0,1,0,368644,236966,19673,88283,2.195023898625366,0.27143204129759047
1712,0.4125476061980462,1,0,1,368644,236966,19674,88282,2.195023898625366,0.27142980125934674
1713,0.4126591743832076,1,1,1,368645,236965,19675,88281,2.1950146355922784,0.2714283957373803
1714,0.4130690382990583,0,2,0,368647,236963,19675,88281,2.194996109526103,0.27143006481287896
1715,0.4132093811890891,0,1,0,368648,236962,19675,88281,2.194986846493016,0.2714308993583259
1716,0.413230701624627,0,1,0,368649,236961,19675,88281,2.194977583459928,0.27143173390890474
1717,0.4133190374408454,0,1,0,368650,236960,19675,88281,2.1949683204268404,0.27143256846461544
1718,0.4133515064805407,0,1,0,368651,236959,19675,88281,2.194959057393753,0.2714334030254581
1719,0.4134897758099353,1,1,1,368652,236958,19676,88280,2.1949497943606655,0.27143199749106806
1720,0.4135063084275435,0,1,0,368653,236957,19676,88280,2.194940531327578,0.2714328320578532
1721,0.4137744609611286,0,1,0,368654,236956,19676,88280,2.19493126829449,0.27143366662977036
1722,0.4138873976385247,0,2,0,368656,236954,19676,88280,2.1949127422283152,0.27143533578900114
1723,0.4138873976385248,0,1,0,368657,236953,19676,88280,2.1949034791952275,0.27143617037631484
1724,0.4139783660742311,0,1,0,368658,236952,19676,88280,2.1948942161621403,0.2714370049687608
1725,0.4140498363934566,0,1,0,368659,236951,19676,88280,2.1948849531290526,0.271437839566339
1726,0.41432466776701,1,0,1,368659,236951,19677,88279,2.1948849531290526,0.27143559942194756
1727,0.4143459882025478,0,2,0,368661,236949,19677,88279,2.1948664270628773,0.2714372686238577
1728,0.4145327799109745,0,1,0,368662,236948,19677,88279,2.19485716402979,0.27143810323251144
1729,0.4146584374261015,0,1,0,368663,236947,19677,88279,2.1948479009967024,0.27143893784629763
1730,0.4148319458473558,0,1,0,368664,236946,19677,88279,2.1948386379636147,0.2714397724652164
1731,0.4148644148870511,0,1,0,368665,236945,19677,88279,2.1948293749305274,0.2714406070892677
1732,0.4150026842164457,0,2,0,368667,236943,19677,88279,2.194810848864352,0.27144227635276824
1733,0.415019216834054,0,1,0,368668,236942,19677,88279,2.1948015858312644,0.2714431109922176
1734,0.4152620367156405,0,1,0,368669,236941,19677,88279,2.194792322798177,0.2714439456367997
1735,0.4152873693676389,0,2,0,368671,236939,19677,88279,2.194773796732002,0.27144561494136243
1736,0.415287369367639,0,5,0,368676,236934,19677,88279,2.1947274815665643,0.2714497882925959
1737,0.4152980238678808,0,1,0,368677,236933,19677,88279,2.1947182185334766,0.2714506229782419
1738,0.4154043959909767,0,1,0,368678,236932,19677,88279,2.194708955500389,0.271451457669021
1739,0.4154534214275954,0,1,0,368679,236931,19677,88279,2.1946996924673017,0.2714522923649334
1740,0.4154612747804688,1,0,1,368679,236931,19678,88278,2.1946996924673017,0.2714500521203288
1741,0.4155044962665062,0,1,0,368680,236930,19678,88278,2.194690429434214,0.2714508868170525
1742,0.4155949511063352,0,1,0,368681,236929,19678,88278,2.1946811664011263,0.2714517215189095
1743,0.4158375761735204,2,10,2,368691,236919,19680,88276,2.194588536070251,0.2714555881855502
1744,0.4158588966090582,0,6,0,368697,236913,19680,88276,2.1945329578717256,0.27146059676065304
1745,0.4158588966090583,1,5,1,368702,236908,19681,88275,2.1944866427062877,0.27146253032907625
1746,0.4161558238475127,0,2,0,368704,236906,19681,88275,2.1944681166401128,0.27146419993788073
1747,0.4162091988857581,0,1,0,368705,236905,19681,88275,2.194458853607025,0.2714650347499846
1748,0.4163096338202078,0,4,0,368709,236901,19681,88275,2.194421801474675,0.2714683740497454
1749,0.4163096338202079,0,1,0,368710,236900,19681,88275,2.194412538441587,0.27146920888752213
1750,0.4163773232935615,0,3,0,368713,236897,19681,88275,2.1943847493423245,0.27147171343166077
1751,0.416515592622956,5,28,5,368741,236869,19686,88270,2.194125384415873,0.2714838884292564
1752,0.4165155926229561,1,15,1,368756,236854,19687,88269,2.19398643891956,0.27149417297453576
1753,0.4165534456761021,1,2,1,368758,236852,19688,88268,2.1939679128533847,0.2714936023622047
1754,0.4165534456761022,0,3,0,368761,236849,19688,88268,2.193940123754122,0.2714961075551263
1755,0.4168109322743912,0,1,0,368762,236848,19688,88268,2.1939308607210344,0.2714969426297075
1756,0.4169173043974871,0,1,0,368763,236847,19688,88268,2.193921597687947,0.2714977777094259
1757,0.4169173043974872,1,1,1,368764,236846,19689,88267,2.1939123346548595,0.2714963720306478
1758,0.4169741831869791,1,8,1,368772,236838,19690,88266,2.193838230390159,0.271500812047837
1759,0.4169741831869792,1,9,1,368781,236829,19691,88265,2.193754863092371,0.2715060874700856
1760,0.4170718723606055,1,0,1,368781,236829,19692,88264,2.193754863092371,0.2715038465915907
1761,0.4173653461111347,0,1,0,368782,236828,19692,88264,2.1937456000592834,0.27150468175162723
1762,0.4173718050155686,11,122,11,368904,236706,19703,88253,2.192615510022602,0.27158195341566166
1763,0.4174249203981288,0,3,0,368907,236703,19703,88253,2.1925877209233393,0.27158446066544395
1764,0.4174249203981289,0,1,0,368908,236702,19703,88253,2.1925784578902516,0.27158529642565893
1765,0.417668732254023,1,1,1,368909,236701,19704,88252,2.192569194857164,0.27158389059340887
1766,0.4176687322540231,0,11,0,368920,236690,19704,88252,2.192467301493201,0.27159308430427587
1767,0.4177095064520646,0,1,0,368921,236689,19704,88252,2.1924580384601136,0.2715939201270384
1768,0.4178891390507284,0,1,0,368922,236688,19704,88252,2.192448775427026,0.27159475595494553
1769,0.4178902317000719,1,25,1,368947,236663,19705,88251,2.192217199599837,0.2716134115489022
1770,0.4179262188523121,0,5,0,368952,236658,19705,88251,2.192170884434399,0.2716175913871269
1771,0.418060454814108,1,2,1,368954,236656,19706,88250,2.192152358368224,0.2716170215385373
1772,0.418079633416257,0,4,0,368958,236652,19706,88250,2.192115306235874,0.27162036552560465
1773,0.4181194694651728,0,1,0,368959,236651,19706,88250,2.192106043202786,0.2716212015352369
1774,0.4181428448031454,0,1,0,368960,236650,19706,88250,2.192096780169699,0.2716220375500154
1775,0.4181777855797341,0,1,0,368961,236649,19706,88250,2.192087517136611,0.2716228735699402
1776,0.4182387585185586,0,1,0,368962,236648,19706,88250,2.1920782541035235,0.27162370959501136
1777,0.4183632813210671,0,2,0,368964,236646,19706,88250,2.1920597280373486,0.2716253816605929
1778,0.4184870915934895,27,299,27,369263,236347,19733,88223,2.18929008114417,0.27181501679144715
1779,0.4185111920252576,0,1,0,369264,236346,19733,88223,2.189280818111082,0.2718158542559517
1780,0.4186207679193561,0,1,0,369265,236345,19733,88223,2.189271555077995,0.27181669172561684
1781,0.418755003881152,0,1,0,369266,236344,19733,88223,2.189262292044907,0.27181752920044244
1782,0.4188207149380186,0,4,0,369270,236340,19733,88223,2.189225239912557,0.2718208791513512
1783,0.4188782545176451,0,1,0,369271,236339,19733,88223,2.1892159768794692,0.2718217166519802
1784,0.4188931129227859,0,1,0,369272,236338,19733,88223,2.189206713846382,0.27182255415777
1785,0.4189378288046392,2,22,2,369294,236316,19735,88221,2.1890029271184557,0.27183649321957126
1786,0.4191816406605335,9,130,9,369424,236186,19744,88212,2.1877987328170736,0.27192522765245164
1787,0.4191816406605336,3,35,3,369459,236151,19747,88209,2.187474526659009,0.2719478357380688
1788,0.419334418837212,0,4,0,369463,236147,19747,88209,2.187437474526659,0.27195118943383195
1789,0.4194391272588225,4,36,4,369499,236111,19751,88205,2.187104005335507,0.2719723972915305
1790,0.4194782693372093,0,2,0,369501,236109,19751,88205,2.187085479269332,0.2719740745080385
1791,0.4195733632206184,1,20,1,369521,236089,19752,88204,2.186900218607581,0.27198860289923
1792,0.4196557532096558,0,4,0,369525,236085,19752,88204,2.1868631664752307,0.27199195779073604
1793,0.419751666925069,0,1,0,369526,236084,19752,88204,2.186853903442143,0.2719927965265443
1794,0.42,1257,9967,1257,379493,226117,21009,86947,2.0945292526584907,0.277729154422099
1795,0.4224123422851605,0,1,0,379494,226116,21009,86947,2.094519989625403,0.27773004155713066
1796,0.4237744609611286,0,1,0,379495,226115,21009,86947,2.0945107265923153,0.27773092869782984
1797,0.4238873976385248,0,2,0,379497,226113,21009,86947,2.0944922005261404,0.27773270299623076
1798,0.4240135865078893,0,1,0,379498,226112,21009,86947,2.0944829374930527,0.2777335901539326
1799,0.4242251981722782,1,0,1,379498,226112,21010,86946,2.0944829374930527,0.2777312830210376
1800,0.42432466776701,1,3,1,379501,226109,21011,86945,2.09445514839379,0.2777316373533001
1801,0.4243459882025478,0,1,0,379502,226108,21011,86945,2.0944458853607024,0.2777325245246013
1802,0.4243459882025479,0,1,0,379503,226107,21011,86945,2.0944366223276147,0.27773341170157034
1803,0.4244487556765508,0,1,0,379504,226106,21011,86945,2.0944273592945275,0.27773429888420736
1804,0.4244690100281725,0,1,0,379505,226105,21011,86945,2.09441809626144,0.27773518607251235
1805,0.4246450691745913,1,0,1,379505,226105,21012,86944,2.09441809626144,0.27773287887838644
1806,0.4247436100311372,1,2,1,379507,226103,21013,86943,2.094399570195265,0.2777323460449902
1807,0.4247436100311373,0,1,0,379508,226102,21013,86943,2.0943903071621772,0.2777332332412273
1808,0.4248319458473558,0,1,0,379509,226101,21013,86943,2.0943810441290895,0.2777341204431326
1809,0.4248644148870511,0,3,0,379512,226098,21013,86943,2.094353255029827,0.2777367820828582
1810,0.4250026842164456,0,1,0,379513,226097,21013,86943,2.0943439919967393,0.27773766930743676
1811,0.4250026842164457,0,3,0,379516,226094,21013,86943,2.0943162028974767,0.27774033101518353
1812,0.4252620367156405,0,2,0,379518,226092,21013,86943,2.0942976768313017,0.2777421055153577
1813,0.425287369367639,2,4,2,379522,226088,21015,86941,2.0942606246989515,0.27774103996754296
1814,0.4252980238678808,0,1,0,379523,226087,21015,86941,2.094251361665864,0.27774192723973573
1815,0.4254056744779266,1,0,1,379523,226087,21016,86940,2.094251361665864,0.27773961990499224
1816,0.4254912744807415,0,1,0,379524,226086,21016,86940,2.094242098632776,0.27774050717831744
1817,0.4256972332834896,0,1,0,379525,226085,21016,86940,2.094232835599689,0.2777413944573117
1818,0.4258375761735204,3,6,3,379531,226079,21019,86937,2.0941772574011632,0.27773979604876425
1819,0.4258588966090582,1,6,1,379537,226073,21020,86936,2.094121679202638,0.2777428125069886
1820,0.4258588966090583,2,7,2,379544,226066,21022,86934,2.094056837971025,0.2777444089456869
1821,0.4260889558435745,0,2,0,379546,226064,21022,86934,2.0940383119048502,0.27774618368168486
1822,0.4261558238475127,0,2,0,379548,226062,21022,86934,2.094019785838675,0.27774795844036343
1823,0.4263773232935615,0,3,0,379551,226059,21022,86934,2.0939919967394123,0.27775062062090844
1824,0.426440082813716,0,1,0,379552,226058,21022,86934,2.0939827337063246,0.27775150802576426
1825,0.4265155926229561,5,45,5,379597,226013,21027,86929,2.0935658972173847,0.2777799080979862
1826,0.4265534456761021,0,1,0,379598,226012,21027,86929,2.0935566341842975,0.27778079574105025
1827,0.4265534456761022,1,5,1,379603,226007,21028,86928,2.0935103190188595,0.27778292616677586
1828,0.4268109322743912,0,3,0,379606,226004,21028,86928,2.093482529919597,0.2777855892014879
1829,0.4268503729145566,0,2,0,379608,226002,21028,86928,2.0934640038534216,0.2777873645863292
1830,0.4269741831869791,0,2,0,379610,226000,21028,86928,2.0934454777872467,0.2777891399938644
1831,0.4269741831869792,0,4,0,379614,225996,21028,86928,2.0934084256548964,0.2777926908770181
1832,0.4270275582252245,0,2,0,379616,225994,21028,86928,2.0933898995887215,0.2777944663526374
1833,0.4272606376895241,0,1,0,379617,225993,21028,86928,2.093380636555634,0.2777953540989579
1834,0.4273078065315082,0,1,0,379618,225992,21028,86928,2.093371373522546,0.2777962418509523
1835,0.4273653461111346,0,1,0,379619,225991,21028,86928,2.093362110489459,0.27779712960862074
1836,0.4273718050155686,10,127,10,379746,225864,21038,86918,2.0921857052873394,0.277886834920168
1837,0.4274249203981288,0,1,0,379747,225863,21038,86918,2.0921764422542517,0.27788772335915546
1838,0.427658108808208,1,0,1,379747,225863,21039,86917,2.0921764422542517,0.27788541466845706
1839,0.4276687322540231,0,11,0,379758,225852,21039,86917,2.0920745488902885,0.27789518782232253
1840,0.4277095064520646,1,0,1,379758,225852,21040,86916,2.0920745488902885,0.27789287906691224
1841,0.4278902317000719,3,22,3,379780,225830,21043,86913,2.0918707621623622,0.27790550068266917
1842,0.4279262188523121,0,5,0,379785,225825,21043,86913,2.0918244469969247,0.27790994378681194
1843,0.428060454814108,0,2,0,379787,225823,21043,86913,2.0918059209307494,0.27791172106824924
1844,0.428079633416257,0,3,0,379790,225820,21043,86913,2.0917781318314868,0.2779143870330282
1845,0.4281194694651728,0,2,0,379792,225818,21043,86913,2.091759605765312,0.27791616437129674
1846,0.4284870915934896,44,300,44,380092,225518,21087,86869,2.0889806958390453,0.2780813542176851
1847,0.428620767919356,0,1,0,380093,225517,21087,86869,2.088971432805958,0.27808224440275814
1848,0.4287519083064874,0,1,0,380094,225516,21087,86869,2.0889621697728704,0.2780831345935304
1849,0.428755003881152,0,1,0,380095,225515,21087,86869,2.0889529067397827,0.27808402479000205
1850,0.4288207149380186,1,3,1,380098,225512,21088,86868,2.08892511764052,0.278084384403611
1851,0.4289378288046392,4,25,4,380123,225487,21092,86864,2.0886935418133312,0.27809739683881274
1852,0.4291816406605335,17,138,17,380261,225349,21109,86847,2.087415243247249,0.27818101449089677
1853,0.429334418837212,2,1,2,380262,225348,21111,86845,2.0874059802141613,0.2781772813612092
1854,0.4294391272588225,10,43,10,380305,225305,21121,86835,2.0870076697913964,0.27819247773434996
1855,0.4295733632206184,5,14,5,380319,225291,21126,86830,2.0868779873281706,0.2781933929469661
1856,0.4296557532096558,1,4,1,380323,225287,21127,86829,2.0868409351958204,0.2781946455804893
1857,0.4297114722622524,0,1,0,380324,225286,21127,86829,2.086831672162733,0.2781955369014626
1858,0.4297114722622525,0,2,0,380326,225284,21127,86829,2.0868131460965578,0.2781973195605438
1859,0.429751666925069,0,2,0,380328,225282,21127,86829,2.086794620030383,0.2781991022424714
1860,0.43,1257,9628,1257,389956,215654,22384,85572,1.997610137463411,0.2840790635602504
1861,0.430690842456414,0,1,0,389957,215653,22384,85572,1.9976008744303235,0.2840800066395551
1862,0.4317177932181165,0,1,0,389958,215652,22384,85572,1.9975916113972358,0.2840809497251215
1863,0.4318519831398603,0,1,0,389959,215651,22384,85572,1.9975823483641484,0.28408189281694957
1864,0.432115415046706,0,1,0,389960,215650,22384,85572,1.9975730853310607,0.2840828359150394
1865,0.4322615525546182,0,1,0,389961,215649,22384,85572,1.9975638222979732,0.2840837790193911
1866,0.4323744892320144,0,1,0,389962,215648,22384,85572,1.9975545592648858,0.28408472213000463
1867,0.4332093811890891,1,2,1,389964,215646,22385,85571,1.9975360331987106,0.28408423163367275
1868,0.433404881518786,0,1,0,389965,215645,22385,85571,1.997526770165623,0.28408517475831296
1869,0.4334897758099353,0,1,0,389966,215644,22385,85571,1.9975175071325355,0.28408611788921534
1870,0.4335063084275435,0,1,0,389967,215643,22385,85571,1.9975082440994478,0.28408706102637993
1871,0.4337491283091301,0,1,0,389968,215642,22385,85571,1.9974989810663604,0.28408800416980673
1872,0.4341843248769792,0,2,0,389970,215640,22385,85571,1.9974804550001852,0.28408989047544747
1873,0.4344436773761741,0,1,0,389971,215639,22385,85571,1.9974711919670978,0.2840908336376614
1874,0.4347436100311372,1,1,1,389972,215638,22386,85570,1.99746192893401,0.28408940001593586
1875,0.4347436100311374,0,1,0,389973,215637,22386,85570,1.9974526659009226,0.28409034318591536
1876,0.4347494058618077,0,1,0,389974,215636,22386,85570,1.997443402867835,0.28409128636215747
1877,0.4348319458473558,0,2,0,389976,215634,22386,85570,1.99742487680166,0.2840931727334298
1878,0.4350026842164456,0,2,0,389978,215632,22386,85570,1.997406350735485,0.28409505912975347
1879,0.4350026842164457,0,1,0,389979,215631,22386,85570,1.9973970877023972,0.28409600233730964
1880,0.435019216834054,0,2,0,389981,215629,22386,85570,1.997378561636222,0.28409788877121106
1881,0.4350405372695918,0,2,0,389983,215627,22386,85570,1.9973600355700472,0.284099775230165
1882,0.4352873693676389,0,1,0,389984,215626,22386,85570,1.9973507725369595,0.2841007184690368
1883,0.435287369367639,0,2,0,389986,215624,22386,85570,1.9973322464707843,0.2841026049655704
1884,0.4352980238678807,0,1,0,389987,215623,22386,85570,1.9973229834376969,0.2841035482232323
1885,0.4353151520982007,0,1,0,389988,215622,22386,85570,1.9973137204046092,0.2841044914871577
1886,0.4353374645080463,0,1,0,389989,215621,22386,85570,1.9973044573715217,0.2841054347573467
1887,0.4354456010917089,0,1,0,389990,215620,22386,85570,1.9972951943384343,0.2841063780337993
1888,0.4354534214275953,0,1,0,389991,215619,22386,85570,1.9972859313053466,0.28410732131651556
1889,0.4355146498187141,0,1,0,389992,215618,22386,85570,1.9972766682722591,0.2841082646054956
1890,0.435558963954095,0,1,0,389993,215617,22386,85570,1.9972674052391715,0.2841092079007394
1891,0.4356972332834896,0,1,0,389994,215616,22386,85570,1.997258142206084,0.28411015120224714
1892,0.4358375761735204,1,13,1,390007,215603,22387,85569,1.9971377227759457,0.2841200377193099
1893,0.4358465178337573,1,0,1,390007,215603,22388,85568,1.9971377227759457,0.28411766073094685
1894,0.4358588966090582,0,7,0,390014,215596,22388,85568,1.9970728815443328,0.2841242645203278
1895,0.4358588966090583,2,4,2,390018,215592,22390,85566,1.9970358294119828,0.28412328412328414
1896,0.4359120119916184,1,1,1,390019,215591,22391,85565,1.997026566378895,0.2841218504695241
1897,0.4361558238475127,0,1,0,390020,215590,22391,85565,1.9970173033458076,0.28412279391011275
1898,0.4361558238475128,2,1,2,390021,215589,22393,85563,1.99700804031272,0.28411898310487727
1899,0.4361925199535872,0,1,0,390022,215588,22393,85563,1.9969987772796325,0.2841199265484757
1900,0.4362895001733792,0,1,0,390023,215587,22393,85563,1.9969895142465448,0.2841208699983397
1901,0.4363773232935615,0,5,0,390028,215582,22393,85563,1.996943199081107,0.28412558734164606
1902,0.4364133104458016,0,2,0,390030,215580,22393,85563,1.996924673014932,0.28412747432283003
1903,0.4365155926229561,5,57,5,390087,215523,22398,85558,1.9963966801289414,0.28416937634722883
1904,0.4365534456761022,0,2,0,390089,215521,22398,85558,1.9963781540627663,0.2841712640204066
1905,0.4366452355812238,0,1,0,390090,215520,22398,85558,1.9963688910296788,0.2841722078664001
1906,0.4368109322743912,0,2,0,390092,215518,22398,85558,1.9963503649635037,0.2841740955771965
1907,0.4368503729145566,0,1,0,390093,215517,22398,85558,1.996341101930416,0.2841750394419995
1908,0.4369173043974871,0,1,0,390094,215516,22398,85558,1.9963318388973286,0.28417598331307253
1909,0.4369741831869791,1,4,1,390098,215512,22399,85557,1.9962947867649783,0.2841773812647599
1910,0.4369741831869792,1,3,1,390101,215509,22400,85556,1.9962669976657157,0.28417783535117
1911,0.4370321189954911,0,1,0,390102,215508,22400,85556,1.996257734632628,0.284178779262881
1912,0.4370718723606054,0,1,0,390103,215507,22400,85556,1.9962484715995406,0.2841797231808625
1913,0.4373078065315081,0,1,0,390104,215506,22400,85556,1.996239208566453,0.2841806671051146
1914,0.4373718050155686,15,129,15,390233,215377,22415,85541,1.9950442772981585,0.28426681022737094
1915,0.4374249203981288,1,1,1,390234,215376,22416,85540,1.995035014265071,0.2842653763841072
1916,0.4375208746394949,0,1,0,390235,215375,22416,85540,1.9950257512319833,0.28426632105411825
1917,0.4376687322540231,3,11,3,390246,215364,22419,85537,1.9949238578680204,0.28426957703696565
1918,0.4377095064520646,1,2,1,390248,215362,22420,85536,1.9949053318018453,0.28426908786366145
1919,0.4378902317000719,2,15,2,390263,215347,22422,85534,1.9947663863055318,0.2842785021320722
1920,0.4379262188523121,0,4,0,390267,215343,22422,85534,1.9947293341731818,0.284282281463854
1921,0.438079633416257,0,3,0,390270,215340,22422,85534,1.994701545073919,0.2842851160286366
1922,0.4381428448031454,0,1,0,390271,215339,22422,85534,1.9946922820408315,0.2842860608961256
1923,0.4382154237065389,0,2,0,390273,215337,22422,85534,1.9946737559746563,0.28428795064994633
1924,0.438363281321067,2,2,2,390275,215335,22424,85532,1.9946552299084812,0.28428508277743986
1925,0.4383769560634618,0,1,0,390276,215334,22424,85532,1.9946459668753937,0.28428602766680183
1926,0.4384870915934896,39,274,39,390550,215060,22463,85493,1.9921078958094038,0.2844523262120158
1927,0.4385111920252577,0,1,0,390551,215059,22463,85493,1.9920986327763164,0.28445327264499987
1928,0.438620767919356,0,3,0,390554,215056,22463,85493,1.9920708436770536,0.2844561119817401
1929,0.4386207679193561,0,1,0,390555,215055,22463,85493,1.992061580643966,0.2844570584399164
1930,0.4387519083064874,0,1,0,390556,215054,22463,85493,1.9920523176108784,0.284458004904391
1931,0.438755003881152,0,1,0,390557,215053,22463,85493,1.992043054577791,0.28445895137516386
1932,0.4388207149380186,0,4,0,390561,215049,22463,85493,1.9920060024454407,0.2844627373212396
1933,0.4389378288046392,4,32,4,390593,215017,22467,85489,1.991709585386639,0.28448350448909504
1934,0.4390124904794409,0,2,0,390595,215015,22467,85489,1.991691059320464,0.2844853978649203
1935,0.4391816406605335,21,154,21,390749,214861,22488,85468,1.9902645522249804,0.28458124257064754
1936,0.439334418837212,0,1,0,390750,214860,22488,85468,1.990255289191893,0.2845821901387816
1937,0.4393786721192662,0,1,0,390751,214859,22488,85468,1.9902460261588055,0.2845831377132259
1938,0.4394391272588225,9,43,9,390794,214816,22497,85459,1.9898477157360406,0.28460244775622345
1939,0.4395733632206184,2,14,2,390808,214802,22499,85457,1.9897180332728148,0.2846109525443034
1940,0.4396557532096558,0,6,0,390814,214796,22499,85457,1.9896624550742896,0.2846166399669612
1941,0.44,1335,9403,1335,400217,205393,23834,84122,1.9025621549520175,0.2905618016337668
1942,0.4406025066401956,0,1,0,400218,205392,23834,84122,1.9025528919189298,0.29056280525294115
1943,0.4406695220208762,0,1,0,400219,205391,23834,84122,1.9025436288858424,0.2905638088790486
1944,0.4422362199026197,0,1,0,400220,205390,23834,84122,1.902534365852755,0.2905648125120893
1945,0.4423531687964765,0,1,0,400221,205389,23834,84122,1.9025251028196672,0.2905658161520633
1946,0.443209381189089,0,1,0,400222,205388,23834,84122,1.9025158397865798,0.2905668197989707
1947,0.4433659655375128,0,1,0,400223,205387,23834,84122,1.902506576753492,0.29056782345281146
1948,0.4434897758099352,1,0,1,400223,205387,23835,84121,1.902506576753492,0.2905653729776034
1949,0.4436814388357765,1,0,1,400223,205387,23836,84120,1.902506576753492,0.29056292248546667
1950,0.4437744609611285,0,2,0,400225,205385,23836,84120,1.902488050687317,0.29056492979395865
1951,0.4439483663739583,0,1,0,400226,205384,23836,84120,1.9024787876542295,0.29056593345860504
1952,0.4443246677670101,1,2,1,400228,205382,23837,84119,1.9024602615880544,0.290565490274645
1953,0.4447436100311372,0,3,0,400231,205379,23837,84119,1.9024324724887918,0.2905685013367968
1954,0.4447436100311373,0,1,0,400232,205378,23837,84119,1.902423209455704,0.29056950503804874
1955,0.4447967254136975,0,2,0,400234,205376,23837,84119,1.9024046833895292,0.2905715124613551
1956,0.4448319458473558,0,1,0,400235,205375,23837,84119,1.9023954203564415,0.2905725161834097
1957,0.4448713592195257,0,1,0,400236,205374,23837,84119,1.902386157323354,0.29057351991239855
1958,0.4450026842164457,2,4,2,400240,205370,23839,84117,1.9023491051910038,0.2905726336588517
1959,0.4452873693676389,0,1,0,400241,205369,23839,84117,1.9023398421579163,0.29057363741251735
1960,0.4454612747804687,0,2,0,400243,205367,23839,84117,1.9023213160917412,0.290575644940653
1961,0.4454711408339127,0,1,0,400244,205366,23839,84117,1.9023120530586535,0.2905766487151232
1962,0.4454912744807414,0,1,0,400245,205365,23839,84117,1.902302790025566,0.2905776524965283
1963,0.445816450552384,0,1,0,400246,205364,23839,84117,1.9022935269924783,0.29057865628486845
1964,0.4458375761735204,1,11,1,400257,205353,23840,84116,1.9021916336285154,0.29058724768455346
1965,0.4458588966090582,0,12,0,400269,205341,23840,84116,1.9020804772314646,0.2905992945411581
1966,0.4459547198817787,1,0,1,400269,205341,23841,84115,1.9020804772314646,0.2905968437344536
1967,0.4463096338202079,1,1,1,400270,205340,23842,84114,1.902071214198377,0.2905953968506222
1968,0.4464906676181056,1,0,1,400270,205340,23843,84113,1.902071214198377,0.2905929460050509
1969,0.446515592622956,3,29,3,400299,205311,23846,84110,1.9018025862388381,0.29061471005904893
1970,0.4465155926229561,2,30,2,400329,205281,23848,84108,1.9015246952462115,0.29063993448265135
1971,0.4465534456761021,1,0,1,400329,205281,23849,84107,1.9015246952462115,0.2906374832404937
1972,0.4465534456761022,1,1,1,400330,205280,23850,84106,1.9015154322131238,0.2906360362975403
1973,0.4465667250097466,0,1,0,400331,205279,23850,84106,1.9015061691800363,0.2906370406206265
1974,0.4468109322743912,0,3,0,400334,205276,23850,84106,1.9014783800807737,0.290640053631532
1975,0.4468503729145566,0,1,0,400335,205275,23850,84106,1.901469117047686,0.2906410579823831
1976,0.4469173043974871,1,2,1,400337,205273,23851,84105,1.901450590981511,0.29064061538886854
1977,0.4469451682361871,0,1,0,400338,205272,23851,84105,1.9014413279484235,0.2906416197555438
1978,0.4469741831869791,1,7,1,400345,205265,23852,84104,1.9013764867168106,0.29064619914365397
1979,0.4469741831869792,1,8,1,400353,205257,23853,84103,1.90130238245211,0.2906517832457838
1980,0.4470275582252245,0,1,0,400354,205256,23853,84103,1.9012931194190226,0.2906527877135323
1981,0.4470718723606054,0,1,0,400355,205255,23853,84103,1.9012838563859351,0.29065379218822357
1982,0.4473718050155686,17,136,17,400491,205119,23870,84086,1.9000240838860276,0.2907487768192113
1983,0.4473937060660683,0,1,0,400492,205118,23870,84086,1.9000148208529402,0.29074978216068936
1984,0.4474249203981288,0,2,0,400494,205116,23870,84086,1.899996294786765,0.29075179286450303
1985,0.4475449219816007,0,1,0,400495,205115,23870,84086,1.8999870317536773,0.29075279822683875
1986,0.4476687322540231,2,14,2,400509,205101,23872,84084,1.8998573492904516,0.2907619689817937
1987,0.4477095064520646,0,2,0,400511,205099,23872,84084,1.8998388232242767,0.29076397990199976
1988,0.4478756576092785,0,1,0,400512,205098,23872,84084,1.899829560191189,0.29076498537253354
1989,0.4478902317000719,2,14,2,400526,205084,23874,84082,1.8996998777279632,0.2907741574043975
1990,0.4479262188523121,0,2,0,400528,205082,23874,84082,1.899681351661788,0.29077616854103555
1991,0.4480023555985521,0,1,0,400529,205081,23874,84082,1.8996720886287006,0.2907771741197871
1992,0.448060454814108,0,1,0,400530,205080,23874,84082,1.899662825595613,0.2907781797054938
1993,0.448079633416257,0,2,0,400532,205078,23874,84082,1.899644299529438,0.29078019089777285
1994,0.4481428448031454,0,1,0,400533,205077,23874,84082,1.8996350364963503,0.29078119650434536
1995,0.448363281321067,2,2,2,400535,205075,23876,84080,1.8996165104301752,0.2907783022946171
1996,0.4483769560634617,0,2,0,400537,205073,23876,84080,1.899597984364,0.29078031353643224
1997,0.4484870915934895,34,328,34,400865,204745,23910,84046,1.8965597095112823,0.29102707494347124
1998,0.448620767919356,0,2,0,400867,204743,23910,84046,1.8965411834451074,0.2910290904431955
1999,0.4487550038811519,0,3,0,400870,204740,23910,84046,1.8965133943458445,0.29103211374512616
2000,0.4488207149380186,0,2,0,400872,204738,23910,84046,1.8964948682796694,0.29103412931464345
2001,0.4489378288046392,5,33,5,400905,204705,23915,84041,1.8961891881877802,0.29105511418339997
2002,0.4491816406605335,26,134,26,401039,204571,23941,84015,1.894947941754048,0.29112638866750296
2003,0.4492779775291313,0,1,0,401040,204570,23941,84015,1.8949386787209603,0.29112739747388117
2004,0.4492902515768754,0,1,0,401041,204569,23941,84015,1.8949294156878729,0.29112840628725084
2005,0.449334418837212,0,2,0,401043,204567,23941,84015,1.8949108896216977,0.29113042393496474
2006,0.4494391272588225,8,51,8,401094,204516,23949,84007,1.8944384749342325,0.29116222970092503
2007,0.4495153688446398,1,1,1,401095,204515,23950,84006,1.894429211901145,0.29116078205745854
2008,0.4495733632206184,5,18,5,401113,204497,23955,84001,1.894262477305569,0.29116666320043816
2009,0.4496557532096558,1,1,1,401114,204496,23956,84000,1.8942532142724813,0.29116521546225943
2010,0.449751666925069,0,1,0,401115,204495,23956,84000,1.8942439512393938,0.29116622471793274
2011,0.45,1317,8996,1317,410111,195499,25273,82683,1.8109137055837563,0.2972262763226952
2012,0.450698329912916,1,0,1,410111,195499,25274,82682,1.8109137055837563,0.29722375000449347
2013,0.4515880836771895,0,1,0,410112,195498,25274,82682,1.8109044425506688,0.29722481846286575
2014,0.4516964727825787,0,1,0,410113,195497,25274,82682,1.8108951795175812,0.2972258869289199
2015,0.4522615525546182,0,1,0,410114,195496,25274,82682,1.8108859164844937,0.29722695540265587
2016,0.4523531687964766,0,1,0,410115,195495,25274,82682,1.810876653451406,0.2972280238840738
2017,0.4528571802278055,0,1,0,410116,195494,25274,82682,1.8108673904183186,0.2972290923731738
2018,0.452945435686366,0,2,0,410118,195492,25274,82682,1.8108488643521434,0.2972312293744203
2019,0.453209381189089,0,1,0,410119,195491,25274,82682,1.810839601319056,0.29723229788656697
2020,0.4534897758099352,0,1,0,410120,195490,25274,82682,1.8108303382859683,0.297233366406396
2021,0.453547082625585,0,1,0,410121,195489,25274,82682,1.8108210752528808,0.29723443493390755
2022,0.4536613051889479,0,1,0,410122,195488,25274,82682,1.8108118122197931,0.2972355034691016
2023,0.4538873976385247,0,2,0,410124,195486,25274,82682,1.8107932861536182,0.29723764056253776
2024,0.4541843248769793,0,1,0,410125,195485,25274,82682,1.8107840231205306,0.29723870912078
2025,0.4542221779301254,0,1,0,410126,195484,25274,82682,1.810774760087443,0.29723977768670506
2026,0.4543169732517557,0,1,0,410127,195483,25274,82682,1.8107654970543554,0.2972408462603131
2027,0.4543246677670099,0,1,0,410128,195482,25274,82682,1.810756234021268,0.2972419148416042
2028,0.4543246677670101,1,0,1,410128,195482,25275,82681,1.810756234021268,0.2972393884161445
2029,0.4543459882025478,0,1,0,410129,195481,25275,82681,1.8107469709881803,0.2972404569998778
2030,0.454405824323028,0,1,0,410130,195480,25275,82681,1.8107377079550928,0.29724152559129424
2031,0.4544690100281724,0,1,0,410131,195479,25275,82681,1.8107284449220054,0.297242594190394
2032,0.4547436100311373,0,3,0,410134,195476,25275,82681,1.8107006558227425,0.29724580003379386
2033,0.4547542793570233,0,1,0,410135,195475,25275,82681,1.810691392789655,0.2972468686636276
2034,0.4548644148870511,0,1,0,410136,195474,25275,82681,1.8106821297565674,0.29724793730114507
2035,0.4550026842164457,0,1,0,410137,195473,25275,82681,1.81067286672348,0.2972490059463463
2036,0.4550405372695918,0,1,0,410138,195472,25275,82681,1.8106636036903925,0.29725007459923136
2037,0.4551683143269537,1,0,1,410138,195472,25276,82680,1.8106636036903925,0.29724754810319537
2038,0.4552620367156405,1,1,1,410139,195471,25277,82679,1.8106543406573048,0.2972460902390796
2039,0.4552873693676389,0,3,0,410142,195468,25277,82679,1.8106265515580422,0.2972492962354438
2040,0.4552980238678807,0,1,0,410143,195467,25277,82679,1.8106172885249545,0.297250364916267
2041,0.4553363075609746,1,0,1,410143,195467,25278,82678,1.8106172885249545,0.29724783835769114
2042,0.4554612747804687,0,1,0,410144,195466,25278,82678,1.810608025491867,0.2972489070409572
2043,0.4554612747804688,1,0,1,410144,195466,25279,82677,1.810608025491867,0.29724638045897256
2044,0.4556972332834896,0,1,0,410145,195465,25279,82677,1.8105987624587796,0.2972474491446815
2045,0.4557804634001438,0,1,0,410146,195464,25279,82677,1.810589499425692,0.29724851783807493
2046,0.4558375761735204,3,17,3,410163,195447,25282,82674,1.8104320278632036,0.29725910664782595
2047,0.4558588966090582,0,17,0,410180,195430,25282,82674,1.8102745563007152,0.29727727756522737
2048,0.4559547198817787,1,0,1,410180,195430,25283,82673,1.8102745563007152,0.29727475072185483
2049,0.4561558238475127,0,1,0,410181,195429,25283,82673,1.8102652932676275,0.29727581966328903
2050,0.4561558238475128,0,2,0,410183,195427,25283,82673,1.8102467672014524,0.2972779575692197
2051,0.4561965980455542,0,1,0,410184,195426,25283,82673,1.810237504168365,0.2972790265337164
2052,0.4563086020241912,0,1,0,410185,195425,25283,82673,1.8102282411352772,0.2972800955059008
2053,0.4563096338202079,1,0,1,410185,195425,25284,82672,1.8102282411352772,0.29727756861814403
2054,0.4563773232935614,0,1,0,410186,195424,25284,82672,1.8102189781021898,0.29727863759277373
2055,0.4563773232935615,0,1,0,410187,195423,25284,82672,1.8102097150691023,0.29727970657509123
2056,0.456515592622956,1,17,1,410204,195406,25285,82671,1.8100522435066138,0.29729535344526875
2057,0.4565155926229561,1,17,1,410221,195389,25286,82670,1.8098947719441254,0.29731100234122976
2058,0.4565534456761021,1,2,1,410223,195387,25287,82669,1.8098762458779503,0.29731061368932876
2059,0.4565534456761022,1,4,1,410227,195383,25288,82668,1.8098391937456,0.29731236355920315
2060,0.4565618451768091,0,1,0,410228,195382,25288,82668,1.8098299307125125,0.2973134328358209
2061,0.4566065610586624,0,1,0,410229,195381,25288,82668,1.8098206676794248,0.2973145021201299
2062,0.4568109322743912,1,2,1,410231,195379,25289,82667,1.80980214161325,0.2973141134920121
2063,0.4569451682361871,0,2,0,410233,195377,25289,82667,1.8097836155470748,0.29731625210398355
2064,0.4569741831869791,2,6,2,410239,195371,25291,82665,1.8097280373485494,0.2973176135464472
2065,0.4569741831869792,0,5,0,410244,195366,25291,82665,1.8096817221831116,0.2973229603893091
2066,0.4570275582252245,1,0,1,410244,195366,25292,82664,1.8096817221831116,0.2973204330467935
2067,0.4572612740767905,0,1,0,410245,195365,25292,82664,1.8096724591500242,0.29732150243319944
2068,0.4573011101257063,0,1,0,410246,195364,25292,82664,1.8096631961169365,0.297322571827298
2069,0.4573078065315081,0,1,0,410247,195363,25292,82664,1.809653933083849,0.2973236412290893
2070,0.4573718050155686,8,119,8,410366,195244,25300,82656,1.80855163214643,0.2974307304785894
2071,0.4574249203981288,0,1,0,410367,195243,25300,82656,1.8085423691133424,0.2974318007621474
2072,0.4574249203981289,0,3,0,410370,195240,25300,82656,1.8085145800140798,0.2974350116590379
2073,0.4575449219816006,0,1,0,410371,195239,25300,82656,1.8085053169809922,0.2974360819734072
2074,0.457668732254023,1,2,1,410373,195237,25301,82655,1.8084867909148172,0.2974356944424453
2075,0.4576687322540231,1,11,1,410384,195226,25302,82654,1.808384897550854,0.2974449402619836
2076,0.4578357640124831,0,1,0,410385,195225,25302,82654,1.8083756345177664,0.2974460106737105
2077,0.4578902317000719,1,17,1,410402,195208,25303,82653,1.808218162955278,0.297461680480528
2078,0.4579262188523121,0,6,0,410408,195202,25303,82653,1.8081625847567528,0.29746810386712497
2079,0.458079633416257,1,3,1,410411,195199,25304,82652,1.80813479565749,0.29746878722768677
2080,0.4581194694651727,0,4,0,410415,195195,25304,82652,1.80809774352514,0.297473069711028
2081,0.4581777855797341,0,2,0,410417,195193,25304,82652,1.8080792174589648,0.29747521099893826
2082,0.4583632813210671,0,1,0,410418,195192,25304,82652,1.8080699544258771,0.29747628165445356
2083,0.458394078158637,0,1,0,410419,195191,25304,82652,1.8080606913927897,0.2974773523176758
2084,0.4584870915934895,47,331,47,410750,194860,25351,82605,1.8049946274408093,0.297713225091453
2085,0.4586207679193561,0,2,0,410752,194858,25351,82605,1.8049761013746342,0.29771537105848345
2086,0.4587519083064875,0,1,0,410753,194857,25351,82605,1.8049668383415465,0.29771644405360015
2087,0.4588207149380185,1,1,1,410754,194856,25352,82604,1.804957575308459,0.2977149859439198
2088,0.4589378288046392,4,31,4,410785,194825,25356,82600,1.804670421282745,0.2977381274218257
2089,0.4590337830460053,0,1,0,410786,194824,25356,82600,1.8046611582496572,0.29773920064594267
2090,0.4591816406605335,15,78,15,410864,194746,25371,82585,1.8039386416688281,0.2977849573253621
2091,0.4591816406605336,6,41,6,410905,194705,25377,82579,1.8035588573122383,0.2978137937998586
2092,0.459334418837212,0,1,0,410906,194704,25377,82579,1.8035495942791508,0.29781486784260125
2093,0.4594391272588226,7,36,7,410942,194668,25384,82572,1.8032161250879988,0.2978358101284086
2094,0.4595733632206184,1,13,1,410955,194655,25385,82571,1.8030957056578607,0.2978472437650148
2095,0.4596557532096558,0,9,0,410964,194646,25385,82571,1.8030123383600727,0.2978569135370486
2096,0.4597820319509872,0,2,0,410966,194644,25385,82571,1.8029938122938975,0.29785906246054505
2097,0.46,1335,9111,1335,420077,185533,26720,81236,1.7185983178331914,0.3045181411633286
2098,0.4617177932181164,0,1,0,420078,185532,26720,81236,1.7185890548001037,0.30451928267258443
2099,0.4624256216188048,0,1,0,420079,185531,26720,81236,1.7185797917670163,0.3045204241903984
2100,0.4627092695236149,0,1,0,420080,185530,26720,81236,1.7185705287339286,0.3045215657167705
2101,0.4628330797960375,0,1,0,420081,185529,26720,81236,1.7185612657008411,0.30452270725170094
2102,0.4630311852459122,0,1,0,420082,185528,26720,81236,1.7185520026677534,0.30452384879518973
2103,0.4631776010677109,0,1,0,420083,185527,26720,81236,1.718542739634666,0.30452499034723707
2104,0.463209381189089,0,1,0,420084,185526,26720,81236,1.7185334766015785,0.30452613190784295
2105,0.463255830007485,0,1,0,420085,185525,26720,81236,1.7185242135684908,0.30452727347700753
2106,0.4633190374408454,0,2,0,420087,185523,26720,81236,1.7185056875023157,0.30452955664101305
2107,0.4634897758099353,0,1,0,420088,185522,26720,81236,1.7184964244692282,0.3045306982358542
2108,0.4635276288630813,0,1,0,420089,185521,26720,81236,1.7184871614361406,0.30453183983925447
2109,0.4637744609611286,0,1,0,420090,185520,26720,81236,1.718477898403053,0.3045329814512138
2110,0.4638873976385247,1,0,1,420090,185520,26721,81235,1.718477898403053,0.30453037431350866
2111,0.4639252506916709,0,1,0,420091,185519,26721,81235,1.7184686353699656,0.3045315159285334
2112,0.4641827372899598,0,1,0,420092,185518,26721,81235,1.718459372336878,0.3045326575521175
2113,0.4641843248769792,0,1,0,420093,185517,26721,81235,1.7184501093037905,0.30453379918426104
2114,0.46432466776701,0,2,0,420095,185515,26721,81235,1.7184315832376154,0.3045360824742268
2115,0.4643459882025478,0,2,0,420097,185513,26721,81235,1.7184130571714402,0.30453836579843147
2116,0.464405824323028,0,1,0,420098,185512,26721,81235,1.7184037941383528,0.30453950747337366
2117,0.4647436100311373,0,4,0,420102,185508,26721,81235,1.7183667420060025,0.3045440742587434
2118,0.4650026842164457,0,2,0,420104,185506,26721,81235,1.7183482159398273,0.30454635770279037
2119,0.4650405372695917,0,1,0,420105,185505,26721,81235,1.7183389529067399,0.30454749943765463
2120,0.4650538166032362,0,1,0,420106,185504,26721,81235,1.7183296898736522,0.3045486411810796
2121,0.4652620367156406,0,1,0,420107,185503,26721,81235,1.7183204268405647,0.3045497829330654
2122,0.465276703432343,0,1,0,420108,185502,26721,81235,1.718311163807477,0.30455092469361206
2123,0.4652774084177956,0,1,0,420109,185501,26721,81235,1.7183019007743896,0.3045520664627197
2124,0.465287369367639,0,2,0,420111,185499,26721,81235,1.7182833747082145,0.3045543500266183
2125,0.4654912744807414,0,1,0,420112,185498,26721,81235,1.718274111675127,0.30455549182140945
2126,0.4655589639540951,0,1,0,420113,185497,26721,81235,1.7182648486420393,0.30455663362476193
2127,0.4656972332834896,1,1,1,420114,185496,26722,81234,1.7182555856089519,0.30455516814756495
2128,0.4656972332834897,0,1,0,420115,185495,26722,81234,1.7182463225758642,0.30455630996254623
2129,0.4657350863366357,0,1,0,420116,185494,26722,81234,1.7182370595427767,0.3045574517860892
2130,0.4658375761735204,2,11,2,420127,185483,26724,81232,1.7181351661788136,0.3045647976304295
2131,0.4658588966090582,3,12,3,420139,185471,26727,81229,1.718024009781763,0.30457067866516685
2132,0.4659120119916183,1,0,1,420139,185471,26728,81228,1.718024009781763,0.3045680711213765
2133,0.4659547198817786,0,1,0,420140,185470,26728,81228,1.7180147467486755,0.3045692131174587
2134,0.4659547198817787,0,1,0,420141,185469,26728,81228,1.7180054837155878,0.30457035512210484
2135,0.4661558238475127,1,1,1,420142,185468,26729,81227,1.7179962206825004,0.3045688895554847
2136,0.4663096338202079,0,1,0,420143,185467,26729,81227,1.7179869576494127,0.3045700315717639
2137,0.4663773232935614,0,1,0,420144,185466,26729,81227,1.7179776946163252,0.30457117359660735
2138,0.4663773232935615,0,1,0,420145,185465,26729,81227,1.7179684315832375,0.30457231563001513
2139,0.466515592622956,5,19,5,420164,185446,26734,81222,1.717792433954574,0.3045809770951145
2140,0.4665155926229561,2,20,2,420184,185426,26736,81220,1.717607173292823,0.3045986063919954
2141,0.4665475464075975,0,1,0,420185,185425,26736,81220,1.7175979102597354,0.3045997487295843
2142,0.4665534456761022,2,4,2,420189,185421,26738,81218,1.7175608581273851,0.30459910215684877
2143,0.4668109322743912,0,1,0,420190,185420,26738,81218,1.7175515950942977,0.3046002445262866
2144,0.4669173043974871,0,1,0,420191,185419,26738,81218,1.7175423320612102,0.3046013869042931
2145,0.4669173043974872,0,1,0,420192,185418,26738,81218,1.7175330690281225,0.30460252929086845
2146,0.4669741831869791,0,6,0,420198,185412,26738,81218,1.7174774908295973,0.30460938379027114
2147,0.4669741831869792,2,4,2,420202,185408,26740,81216,1.717440438697247,0.30460873739798366
2148,0.4670606837069338,0,1,0,420203,185407,26740,81216,1.7174311756641594,0.30460987986782834
2149,0.4670718723606054,1,0,1,420203,185407,26741,81215,1.7174311756641594,0.3046072717180128
2150,0.4673293589588944,0,1,0,420204,185406,26741,81215,1.717421912631072,0.3046084141909302
2151,0.4673293589588945,0,1,0,420205,185405,26741,81215,1.7174126495979845,0.3046095566724177
2152,0.4673653461111346,1,0,1,420205,185405,26742,81214,1.7174126495979845,0.30460694849204295
2153,0.4673718050155686,17,144,17,420349,185261,26759,81197,1.7160787728333766,0.3047271990332435
2154,0.4674249203981289,0,1,0,420350,185260,26759,81197,1.716069509800289,0.30472834265941595
2155,0.467668732254023,0,4,0,420354,185256,26759,81197,1.7160324576679389,0.3047329172499465
2156,0.4676687322540231,2,9,2,420363,185247,26761,81195,1.7159490903701509,0.30473799175805616
2157,0.4678902317000719,1,15,1,420378,185232,26762,81194,1.7158101448738374,0.30475253916659784
2158,0.4679262188523121,2,3,2,420381,185229,26764,81192,1.7157823557745748,0.3047507516299391
2159,0.4680604548141079,1,0,1,420381,185229,26765,81191,1.7157823557745748,0.304748142031379
2160,0.468079633416257,1,0,1,420381,185229,26766,81190,1.7157823557745748,0.30474553241322877
2161,0.4681428448031454,0,1,0,420382,185228,26766,81190,1.7157730927414874,0.304746676275627
2162,0.4683632813210671,2,3,2,420385,185225,26768,81188,1.7157453036422246,0.3047448885752572
2163,0.4684870915934895,45,296,45,420681,184929,26813,81143,1.7130034458483085,0.3049663249045371
2164,0.4685111920252576,1,0,1,420681,184929,26814,81142,1.7130034458483085,0.3049637126932285
2165,0.4686207679193561,0,2,0,420683,184927,26814,81142,1.7129849197821334,0.30496600505883814
2166,0.4687519083064875,1,1,1,420684,184926,26815,81141,1.712975656749046,0.3049645390070922
2167,0.4688207149380186,1,4,1,420688,184922,26816,81140,1.7129386046166957,0.30496651156497356
2168,0.4689378288046392,3,33,3,420721,184889,26819,81137,1.7126329245248064,0.3049965041011029
2169,0.4691816406605335,14,78,14,420799,184811,26833,81123,1.711910407943977,0.30504937315273717
2170,0.4691816406605336,3,45,3,420844,184766,26836,81120,1.7114935714550372,0.30509316022656324
2171,0.469334418837212,0,1,0,420845,184765,26836,81120,1.7114843084219498,0.3050943076894146
2172,0.4694391272588226,7,41,7,420886,184724,26843,81113,1.71110452406536,0.30512306413328466
2173,0.4695733632206184,1,17,1,420903,184707,26844,81112,1.7109470525028716,0.3051399636594826
2174,0.4696557532096558,0,2,0,420905,184705,26844,81112,1.7109285264366965,0.30514225952440965
2175,0.4697114722622524,0,2,0,420907,184703,26844,81112,1.7109100003705213,0.305144555423885
2176,0.47,1484,8739,1484,429646,175964,28328,79628,1.6299603542183854,0.31154339728943004
2177,0.4703025739852323,0,1,0,429647,175963,28328,79628,1.6299510911852977,0.31154461620323093
2178,0.4707233114961094,0,1,0,429648,175962,28328,79628,1.6299418281522102,0.3115458351265699
2179,0.4707377705530816,0,1,0,429649,175961,28328,79628,1.6299325651191225,0.311547054059447
2180,0.4712970557072395,1,0,1,429649,175961,28329,79627,1.6299325651191225,0.3115443604551074
2181,0.4715569053219113,0,1,0,429650,175960,28329,79627,1.629923302086035,0.3115455793917531
2182,0.4722615525546181,0,1,0,429651,175959,28329,79627,1.6299140390529474,0.31154679833793714
2183,0.4728330797960373,0,1,0,429652,175958,28329,79627,1.62990477601986,0.31154801729365966
2184,0.4728330797960375,0,1,0,429653,175957,28329,79627,1.6298955129867725,0.3115492362589207
2185,0.4729289030687578,1,0,1,429653,175957,28330,79626,1.6298955129867725,0.311546542610424
2186,0.4730690382990583,1,0,1,429653,175957,28331,79625,1.6298955129867725,0.31154384894084874
2187,0.4732093811890891,0,2,0,429655,175955,28331,79625,1.6298769869205973,0.31154628687690744
2188,0.4735276288630814,0,2,0,429657,175953,28331,79625,1.6298584608544222,0.3115487248511218
2189,0.4738873976385247,0,1,0,429658,175952,28331,79625,1.6298491978213345,0.3115499438525376
2190,0.4738873976385248,0,3,0,429661,175949,28331,79625,1.629821408722072,0.311553600914021
2191,0.4740780288683492,0,1,0,429662,175948,28331,79625,1.6298121456889845,0.31155481995359446
2192,0.4741843248769793,1,0,1,429662,175948,28332,79624,1.6298121456889845,0.31155212621100903
2193,0.4743459882025477,0,2,0,429664,175946,28332,79624,1.6297936196228093,0.3115545643072348
2194,0.474405824323028,0,1,0,429665,175945,28332,79624,1.6297843565897217,0.3115557833696575
2195,0.4746429154410023,0,1,0,429666,175944,28332,79624,1.6297750935566342,0.3115570024416202
2196,0.4747264966264615,0,1,0,429667,175943,28332,79624,1.6297658305235467,0.31155822152312307
2197,0.4747436100311373,1,2,1,429669,175941,28333,79623,1.6297473044573716,0.3115579659106916
2198,0.4747967254136974,0,1,0,429670,175940,28333,79623,1.629738041424284,0.3115591850150452
2199,0.4748644148870511,0,1,0,429671,175939,28333,79623,1.6297287783911965,0.31156040412893937
2200,0.4750026842164457,0,1,0,429672,175938,28333,79623,1.6297195153581088,0.3115616232523742
2201,0.4750405372695918,0,1,0,429673,175937,28333,79623,1.6297102523250213,0.3115628423853498
2202,0.4752620367156405,1,1,1,429674,175936,28334,79622,1.6297009892919339,0.31156136767387443
2203,0.4752767034323429,1,0,1,429674,175936,28335,79621,1.6297009892919339,0.31155867379880026
2204,0.4752873693676389,0,1,0,429675,175935,28335,79621,1.6296917262588462,0.31155989293931663
2205,0.4752980238678808,0,1,0,429676,175934,28335,79621,1.6296824632257587,0.3115611120893741
2206,0.4754534214275954,0,2,0,429678,175932,28335,79621,1.6296639371595836,0.3115635504181129
2207,0.4754612747804688,0,1,0,429679,175931,28335,79621,1.629654674126496,0.3115647695967944
2208,0.4755949511063352,0,1,0,429680,175930,28335,79621,1.6296454110934084,0.31156598878501746
2209,0.4756972332834896,0,1,0,429681,175929,28335,79621,1.629636148060321,0.31156720798278226
2210,0.4756972332834897,1,1,1,429682,175928,28336,79620,1.6296268850272333,0.3115657332477656
2211,0.4757804634001438,0,1,0,429683,175927,28336,79620,1.6296176219941458,0.3115669524588432
2212,0.4758375761735204,3,14,3,429697,175913,28339,79617,1.62948793953092,0.31157594020271595
2213,0.4758588966090582,1,2,1,429699,175911,28340,79616,1.629469413464745,0.31157568476129727
2214,0.4758588966090583,1,4,1,429703,175907,28341,79615,1.6294323613323947,0.31157786805050053
2215,0.4758878645133142,0,1,0,429704,175906,28341,79615,1.6294230982993072,0.31157908743312684
2216,0.4761558238475127,0,2,0,429706,175904,28341,79615,1.629404572233132,0.31158152622701246
2217,0.4763096338202078,0,1,0,429707,175903,28341,79615,1.6293953092000444,0.31158274563827204
2218,0.476515592622956,3,16,3,429723,175887,28344,79612,1.6292471006706435,0.31159417453688665
2219,0.4765155926229561,1,20,1,429743,175867,28345,79611,1.6290618400088925,0.3116158729910207
2220,0.4765534456761021,0,1,0,429744,175866,28345,79611,1.6290525769758049,0.31161709273241817
2221,0.4765534456761022,0,4,0,429748,175862,28345,79611,1.6290155248434548,0.31162197179349677
2222,0.4766065610586623,0,1,0,429749,175861,28345,79611,1.6290062618103671,0.3116231915826392
2223,0.4768109322743912,1,2,1,429751,175859,28346,79610,1.628987735744192,0.3116229366381048
2224,0.4768280605047111,0,1,0,429752,175858,28346,79610,1.6289784727111045,0.3116241564501229
2225,0.4769173043974871,1,1,1,429753,175857,28347,79609,1.628969209678017,0.31162268168758267
2226,0.4769173043974872,0,1,0,429754,175856,28347,79609,1.6289599466449294,0.3116239015129274
2227,0.4769451682361871,0,1,0,429755,175855,28347,79609,1.628950683611842,0.311625121347822
2228,0.4769741831869791,4,8,4,429763,175847,28351,79605,1.6288765793471414,0.3116241015924714
2229,0.4769741831869792,1,6,1,429769,175841,28352,79604,1.6288210011486162,0.3116287263403081
2230,0.4770718723606054,0,1,0,429770,175840,28352,79604,1.6288117381155285,0.3116299462895977
2231,0.4770718723606055,0,1,0,429771,175839,28352,79604,1.628802475082441,0.311631166248439
2232,0.4771078595128457,0,1,0,429772,175838,28352,79604,1.6287932120493533,0.311632386216832
2233,0.4773078065315081,0,2,0,429774,175836,28352,79604,1.6287746859831784,0.3116348261822737
2234,0.4773718050155686,11,114,11,429888,175722,28363,79593,1.6277187002111972,0.31174431584513246
2235,0.4774249203981288,0,2,0,429890,175720,28363,79593,1.627700174145022,0.31174675790108614
2236,0.4774249203981289,0,2,0,429892,175718,28363,79593,1.627681648078847,0.3117491999952999
2237,0.4774995820729305,0,1,0,429893,175717,28363,79593,1.6276723850457593,0.31175042105675455
2238,0.4776222133001399,0,2,0,429895,175715,28363,79593,1.6276538589795844,0.3117528632083601
2239,0.4776687322540231,4,12,4,429907,175703,28367,79589,1.6275427025825335,0.31175673346599186
2240,0.4777095064520646,0,1,0,429908,175702,28367,79589,1.627533439549446,0.31175795464783324
2241,0.4778215104307016,0,1,0,429909,175701,28367,79589,1.6275241765163586,0.3117591758392416
2242,0.4778902317000719,4,19,4,429928,175682,28371,79585,1.627348178887695,0.31177159601515275
2243,0.4779262188523121,1,4,1,429932,175678,28372,79584,1.6273111267553448,0.31177378536562433
2244,0.4779503192840802,0,1,0,429933,175677,28372,79584,1.6273018637222572,0.3117750067577891
2245,0.478079633416257,1,3,1,429936,175674,28373,79583,1.6272740746229946,0.31177597480186636
2246,0.4781194694651727,0,1,0,429937,175673,28373,79583,1.627264811589907,0.3117771962265334
2247,0.4781194694651728,0,1,0,429938,175672,28373,79583,1.6272555485568194,0.3117784176607706
2248,0.4781428448031454,0,1,0,429939,175671,28373,79583,1.627246285523732,0.3117796391045782
2249,0.4781777855797341,0,1,0,429940,175670,28373,79583,1.6272370224906443,0.31178086055795623
2250,0.4782387585185585,0,1,0,429941,175669,28373,79583,1.6272277594575568,0.31178208202090485
2251,0.4783283671017704,0,1,0,429942,175668,28373,79583,1.6272184964244691,0.31178330349342415
2252,0.4783632813210671,0,1,0,429943,175667,28373,79583,1.6272092333913817,0.3117845249755142
2253,0.4784870915934895,34,280,34,430223,175387,28407,79549,1.6246155841268666,0.31203517745630277
2254,0.4786207679193561,0,1,0,430224,175386,28407,79549,1.624606321093779,0.3120364014356601
2255,0.478755003881152,0,1,0,430225,175385,28407,79549,1.6245970580606914,0.3120376254246197
2256,0.4788207149380186,0,3,0,430228,175382,28407,79549,1.6245692689614288,0.3120412974491137
2257,0.4788782545176451,0,1,0,430229,175381,28407,79549,1.6245600059283412,0.31204252147648376
2258,0.4789378288046392,3,17,3,430246,175364,28410,79546,1.6244025343658528,0.3120552351810443
2259,0.4791816406605335,13,61,13,430307,175303,28423,79533,1.623837489347512,0.31209483746409455
2260,0.4791816406605336,2,35,2,430342,175268,28425,79531,1.6235132831894477,0.3121323082115707
2261,0.479334418837212,0,5,0,430347,175263,28425,79531,1.6234669680240097,0.3121384334011005
2262,0.4793672254719082,0,1,0,430348,175262,28425,79531,1.6234577049909222,0.3121396584678543
2263,0.4794391272588225,5,41,5,430389,175221,28430,79526,1.6230779206343324,0.3121763946189749
2264,0.4795153688446397,0,1,0,430390,175220,28430,79526,1.623068657601245,0.31217762006076644
2265,0.4795733632206184,3,13,3,430403,175207,28433,79523,1.6229482381711067,0.31218545126212066
2266,0.4796557532096558,0,2,0,430405,175205,28433,79523,1.6229297121049315,0.3121879023900003
2267,0.4797114722622524,0,1,0,430406,175204,28433,79523,1.622920449071844,0.312189127968374
2268,0.479746294247583,0,1,0,430407,175203,28433,79523,1.6229111860387566,0.31219035355637037
2269,0.48,1436,8399,1436,438806,166804,29869,78087,1.5451109711363888,0.3188643110608393
2270,0.4800432214860375,0,1,0,438807,166803,29869,78087,1.5451017081033014,0.3188656131324268
2271,0.480176897811904,0,1,0,438808,166802,29869,78087,1.5450924450702137,0.31886691521464827
2272,0.4804029902614809,0,1,0,438809,166801,29869,78087,1.5450831820371262,0.31886821730750387
2273,0.4807377705530815,0,1,0,438810,166800,29869,78087,1.5450739190040388,0.3188695194109936
2274,0.4810202387345638,0,1,0,438811,166799,29869,78087,1.545064655970951,0.3188708215251178
2275,0.4817177932181165,0,1,0,438812,166798,29869,78087,1.5450553929378636,0.3188721236498765
2276,0.4824058833807265,0,1,0,438813,166797,29869,78087,1.545046129904776,0.3188734257852698
2277,0.482687949088077,1,0,1,438813,166797,29870,78086,1.545046129904776,0.31887064434852563
2278,0.4829561016216621,0,1,0,438814,166796,29870,78086,1.5450368668716885,0.31887194648851286
2279,0.4830311852459122,0,2,0,438816,166794,29870,78086,1.5450183408055134,0.318874550800392
2280,0.4830690382990583,0,1,0,438817,166793,29870,78086,1.545009077772426,0.31887585297228427
2281,0.4833265248973473,0,1,0,438818,166792,29870,78086,1.5449998147393382,0.3188771551548118
2282,0.4841843248769792,0,2,0,438820,166790,29870,78086,1.544981288673163,0.31887975955177317
2283,0.4843169732517557,0,1,0,438821,166789,29870,78086,1.5449720256400756,0.31888106176620723
2284,0.48432466776701,0,1,0,438822,166788,29870,78086,1.544962762606988,0.3188823639912772
2285,0.4843459882025478,0,1,0,438823,166787,29870,78086,1.5449534995739005,0.31888366622698294
2286,0.484399103585108,1,0,1,438823,166787,29871,78085,1.5449534995739005,0.3188808847071123
2287,0.4847436100311373,1,3,1,438826,166784,29872,78084,1.544925710474638,0.318882009899211
2288,0.4847967254136974,0,1,0,438827,166783,29872,78084,1.5449164474415502,0.3188833121653796
2289,0.4848319458473558,0,2,0,438829,166781,29872,78084,1.544897921375375,0.3188859167296265
2290,0.4849271744072056,0,1,0,438830,166780,29872,78084,1.5448886583422876,0.31888721902770517
2291,0.4850026842164456,1,0,1,438830,166780,29873,78083,1.5448886583422876,0.3188844374201084
2292,0.4850026842164457,0,3,0,438833,166777,29873,78083,1.544860869243025,0.3188883443600425
2293,0.4850192168340539,0,1,0,438834,166776,29873,78083,1.5448516062099373,0.3188896466946283
2294,0.4850866975894787,0,1,0,438835,166775,29873,78083,1.5448423431768499,0.31889094903985166
2295,0.4851363605423122,0,1,0,438836,166774,29873,78083,1.5448330801437622,0.3188922513957126
2296,0.4852767034323429,1,0,1,438836,166774,29874,78082,1.5448330801437622,0.31888946972914695
2297,0.4852873693676389,0,1,0,438837,166773,29874,78082,1.5448238171106747,0.31889077208960404
2298,0.485287369367639,1,2,1,438839,166771,29875,78081,1.5448052910444996,0.3188905951350203
2299,0.4852980238678808,0,1,0,438840,166770,29875,78081,1.5447960280114121,0.3188918975213497
2300,0.4854043959909768,0,1,0,438841,166769,29875,78081,1.5447867649783245,0.3188931999183173
2301,0.4854109393941388,0,1,0,438842,166768,29875,78081,1.544777501945237,0.3188945023259233
2302,0.4854612747804687,0,1,0,438843,166767,29875,78081,1.5447682389121493,0.3188958047441678
2303,0.4854711408339127,0,1,0,438844,166766,29875,78081,1.5447589758790619,0.3188971071730509
2304,0.485558963954095,1,1,1,438845,166765,29876,78080,1.5447497128459742,0.3188956278461884
2305,0.4856972332834896,0,1,0,438846,166764,29876,78080,1.5447404498128867,0.3188969302903073
2306,0.4857948981249977,0,1,0,438847,166763,29876,78080,1.5447311867797993,0.3188982327450652
2307,0.4858375761735204,1,20,1,438867,166743,29877,78079,1.544545926118048,0.3189215021525843
2308,0.4858588966090582,2,7,2,438874,166736,29879,78077,1.5444810848864352,0.31892505708438684
2309,0.4858588966090583,0,7,0,438881,166729,29879,78077,1.5444162436548223,0.3189341764499236
2310,0.4859547198817786,1,1,1,438882,166728,29880,78076,1.5444069806217349,0.3189326971781507
2311,0.4859925729349247,0,1,0,438883,166727,29880,78076,1.5443977175886472,0.31893399999183014
2312,0.4860869108444282,0,1,0,438884,166726,29880,78076,1.5443884545555597,0.31893530281615345
2313,0.4861558238475127,0,2,0,438886,166724,29880,78076,1.5443699284893846,0.31893790849673204
2314,0.4863096338202078,0,1,0,438887,166723,29880,78076,1.544360665456297,0.31893921135298753
2315,0.486309633820208,1,0,1,438887,166723,29881,78075,1.544360665456297,0.31893642921919296
2316,0.4863773232935615,0,1,0,438888,166722,29881,78075,1.5443514024232095,0.31893773208005
2317,0.4865155926229561,5,46,5,438934,166676,29886,78070,1.543925302901182,0.31898376275812473
2318,0.4865534456761022,1,5,1,438939,166671,29887,78069,1.5438789877357442,0.3189874969355234
2319,0.4865667250097466,0,2,0,438941,166669,29887,78069,1.543860461669569,0.3189901037027352
2320,0.4868109322743912,0,3,0,438944,166666,29887,78069,1.5438326725703064,0.31899401393343824
2321,0.4868280605047111,0,1,0,438945,166665,29887,78069,1.543823409537219,0.31899531736497583
2322,0.4869173043974871,0,2,0,438947,166663,29887,78069,1.5438048834710438,0.31899792426000684
2323,0.486945168236187,0,3,0,438950,166660,29887,78069,1.543777094371781,0.31900183468244464
2324,0.4869741831869791,1,5,1,438955,166655,29888,78068,1.5437307792063433,0.31900556956232146
2325,0.4869741831869792,2,13,2,438968,166642,29890,78066,1.5436103597762052,0.3190169508148487
2326,0.4871078595128456,0,2,0,438970,166640,29890,78066,1.54359183371003,0.31901955816367394
2327,0.4872420954746415,1,0,1,438970,166640,29891,78065,1.54359183371003,0.31901677530087247
2328,0.4873293589588944,0,1,0,438971,166639,29891,78065,1.5435825706769424,0.31901807898522294
2329,0.4873718050155686,23,119,23,439090,166520,29914,78042,1.5424802697395235,0.31910926472632706
2330,0.4874249203981289,0,1,0,439091,166519,29914,78042,1.542471006706436,0.3191105695511549
2331,0.4876529966368754,0,1,0,439092,166518,29914,78042,1.5424617436733483,0.31911187438665356
2332,0.4876687322540231,2,10,2,439102,166508,29916,78040,1.5423691133424728,0.31911935489147325
2333,0.4878215104307016,0,1,0,439103,166507,29916,78040,1.5423598503093854,0.3191206598322613
2334,0.4878902317000719,1,16,1,439119,166491,29917,78039,1.5422116417799845,0.3191387559808612
2335,0.4879262188523121,2,7,2,439126,166484,29919,78037,1.5421468005483716,0.3191423231542485
2336,0.4880023555985521,0,1,0,439127,166483,29919,78037,1.542137537515284,0.3191436283330607
2337,0.488060454814108,0,3,0,439130,166480,29919,78037,1.5421097484160213,0.31914754393355066
2338,0.488079633416257,0,1,0,439131,166479,29919,78037,1.5421004853829339,0.31914884915506553
2339,0.4881194694651728,0,1,0,439132,166478,29919,78037,1.5420912223498462,0.3191501543872564
2340,0.4882154237065388,0,1,0,439133,166477,29919,78037,1.5420819593167587,0.3191514596301234
2341,0.4882598421968411,0,1,0,439134,166476,29919,78037,1.542072696283671,0.31915276488366673
2342,0.4883632813210671,0,1,0,439135,166475,29919,78037,1.5420634332505836,0.3191540701478864
2343,0.4884870915934896,51,277,51,439412,166198,29970,77986,1.539497573085331,0.31937391475280935
2344,0.4885723818630876,0,1,0,439413,166197,29970,77986,1.5394883100522434,0.31937522268134966
2345,0.4885935820142951,0,1,0,439414,166196,29970,77986,1.539479047019156,0.31937653062060267
2346,0.488620767919356,1,0,1,439414,166196,29971,77985,1.539479047019156,0.31937374324783663
2347,0.488755003881152,0,5,0,439419,166191,29971,77985,1.5394327318537182,0.3193802830745036
2348,0.4888207149380186,0,5,0,439424,166186,29971,77985,1.5393864166882805,0.3193868231690086
2349,0.4888373938701893,0,1,0,439425,166185,29971,77985,1.5393771536551928,0.3193881312200516
2350,0.4889378288046392,7,20,7,439445,166165,29978,77978,1.5391918929934418,0.3193947809275711
2351,0.4891816406605335,15,61,15,439506,166104,29993,77963,1.538626847975101,0.3194327787042083
2352,0.4891816406605336,7,54,7,439560,166050,30000,77956,1.538126644188373,0.31948394711605455
2353,0.4892546740978237,0,1,0,439561,166049,30000,77956,1.5381173811552855,0.3194852564496629
2354,0.489334418837212,0,1,0,439562,166048,30000,77956,1.5381081181221978,0.31948656579400336
2355,0.4894391272588225,4,46,4,439608,166002,30004,77952,1.5376820186001705,0.31953565016355545
2356,0.4895153688446397,0,1,0,439609,166001,30004,77952,1.5376727555670828,0.3195369599881944
2357,0.4895733632206184,4,24,4,439633,165977,30008,77948,1.5374504427729816,0.31955724095521165
2358,0.4896557532096558,1,6,1,439639,165971,30009,77947,1.5373948645744562,0.31956231192449924
2359,0.4897249738120452,0,1,0,439640,165970,30009,77947,1.5373856015413687,0.31956362205176353
2360,0.4897820319509873,0,1,0,439641,165969,30009,77947,1.5373763385082813,0.3195649321897702
2361,0.49,1467,8257,1467,447898,157712,31476,76480,1.4608914743043462,0.32656965225114437
2362,0.4908615808255038,0,1,0,447899,157711,31476,76480,1.4608822112712587,0.3265710467097369
2363,0.4913661728717948,0,1,0,447900,157710,31476,76480,1.460872948238171,0.32657244118023826
2364,0.4926591743832076,0,1,0,447901,157709,31476,76480,1.4608636852050836,0.3265738356626485
2365,0.4926714164704688,0,1,0,447902,157708,31476,76480,1.460854422171996,0.32657523015696793
2366,0.4930311852459122,0,1,0,447903,157707,31476,76480,1.4608451591389084,0.3265766246631965
2367,0.493283817007187,0,1,0,447904,157706,31476,76480,1.460835896105821,0.3265780191813345
2368,0.4933659655375128,0,1,0,447905,157705,31476,76480,1.4608266330727333,0.32657941371138205
2369,0.4937744609611285,0,1,0,447906,157704,31476,76480,1.4608173700396458,0.32658080825333924
2370,0.4938873976385248,0,3,0,447909,157701,31476,76480,1.460789580940383,0.32658499195067064
2371,0.4943169732517557,0,1,0,447910,157700,31476,76480,1.4607803179072956,0.32658638654026817
2372,0.4943180012028458,0,1,0,447911,157699,31476,76480,1.460771054874208,0.32658778114177617
2373,0.49432466776701,0,1,0,447912,157698,31476,76480,1.4607617918411204,0.32658917575519475
2374,0.4943459882025478,0,2,0,447914,157696,31476,76480,1.4607432657749453,0.32659196501776444
2375,0.4943459882025479,0,1,0,447915,157695,31476,76480,1.4607340027418578,0.3265933596669158
2376,0.4944436773761741,0,1,0,447916,157694,31476,76480,1.4607247397087701,0.32659475432797835
2377,0.4947436100311372,0,2,0,447918,157692,31476,76480,1.4607062136425952,0.32659754368583777
2378,0.4947436100311373,1,0,1,447918,157692,31477,76479,1.4607062136425952,0.32659466799902637
2379,0.4948713870884992,0,1,0,447919,157691,31477,76479,1.4606969506095075,0.3265960626894991
2380,0.4950026842164457,0,3,0,447922,157688,31477,76479,1.460669161510245,0.32660024683238886
2381,0.4950192168340539,0,1,0,447923,157687,31477,76479,1.4606598984771573,0.3266016415705098
2382,0.49506689159946,0,1,0,447924,157686,31477,76479,1.4606506354440698,0.3266030363205432
2383,0.4951683143269537,0,1,0,447925,157685,31477,76479,1.4606413724109824,0.3266044310824892
2384,0.495287369367639,0,1,0,447926,157684,31477,76479,1.4606321093778947,0.32660582585634795
2385,0.4954514384318256,0,1,0,447927,157683,31477,76479,1.4606228463448072,0.32660722064211956
2386,0.4954534214275953,0,4,0,447931,157679,31477,76479,1.460585794212457,0.3266127999043381
2387,0.4954612747804687,0,2,0,447933,157677,31477,76479,1.4605672681462818,0.3266155896069287
2388,0.4954853752122368,0,1,0,447934,157676,31477,76479,1.4605580051131943,0.3266169844760949
2389,0.4955949511063353,0,1,0,447935,157675,31477,76479,1.4605487420801067,0.3266183793571752
2390,0.4956972332834896,0,1,0,447936,157674,31477,76479,1.4605394790470192,0.32661977425016975
2391,0.4956972332834897,0,1,0,447937,157673,31477,76479,1.4605302160139315,0.32662116915507877
2392,0.4957350863366357,0,1,0,447938,157672,31477,76479,1.460520952980844,0.3266225640719023
2393,0.4958375761735204,1,8,1,447946,157664,31478,76478,1.4604468487161437,0.32663084794697234
2394,0.4958588966090582,1,9,1,447955,157655,31479,76477,1.4603634814183557,0.3266405275656467
2395,0.4958588966090583,0,5,0,447960,157650,31479,76477,1.460317166252918,0.32664750327813535
2396,0.4959120119916184,1,0,1,447960,157650,31480,76476,1.460317166252918,0.3266446272519925
2397,0.4960756900447181,0,1,0,447961,157649,31480,76476,1.4603079032198303,0.3266460224239188
2398,0.4961579775811017,0,1,0,447962,157648,31480,76476,1.4602986401867428,0.3266474176077634
2399,0.4961611922804042,0,1,0,447963,157647,31480,76476,1.4602893771536551,0.32664881280352637
2400,0.4963096338202079,0,2,0,447965,157645,31480,76476,1.46027085108748,0.326651603230808
2401,0.4963773232935615,0,4,0,447969,157641,31480,76476,1.46023379895513,0.3266571842283986
2402,0.4965109996194279,0,2,0,447971,157639,31480,76476,1.4602152728889548,0.32665997479871006
2403,0.4965155926229561,8,37,8,448008,157602,31488,76468,1.4598725406647153,0.3266885974281198
2404,0.4965534456761021,0,2,0,448010,157600,31488,76468,1.4598540145985401,0.3266913888271784
2405,0.4965534456761022,0,5,0,448015,157595,31488,76468,1.4598076994331024,0.3266983675335273
2406,0.4966065610586624,0,1,0,448016,157594,31488,76468,1.4597984364000147,0.3266997633105758
2407,0.4968109322743912,1,1,1,448017,157593,31489,76467,1.4597891733669273,0.3266982824916688
2408,0.4968503729145567,0,1,0,448018,157592,31489,76467,1.4597799103338398,0.3266996782862441
2409,0.4969173043974871,0,1,0,448019,157591,31489,76467,1.4597706473007521,0.32670107409274624
2410,0.4969741831869791,0,7,0,448026,157584,31489,76467,1.4597058060691392,0.32671084507222786
2411,0.4969741831869792,0,4,0,448030,157580,31489,76467,1.459668753936789,0.3267164287514901
2412,0.4970718723606054,0,1,0,448031,157579,31489,76467,1.4596594909037015,0.32671782470112715
2413,0.4973293589588944,0,1,0,448032,157578,31489,76467,1.459650227870614,0.3267192206626931
2414,0.4973718050155686,16,117,16,448149,157461,31505,76451,1.45856645299937,0.3268365881186087
2415,0.4974249203981288,0,1,0,448150,157460,31505,76451,1.4585571899662826,0.32683798538760467
2416,0.4976338180347264,1,0,1,448150,157460,31506,76450,1.4585571899662826,0.32683510751998635
2417,0.4976687322540231,4,10,4,448160,157450,31510,76446,1.458464559635407,0.3268375688340117
2418,0.4977095064520646,0,1,0,448161,157449,31510,76446,1.4584552966023194,0.3268389662027833
2419,0.4978215104307015,0,1,0,448162,157448,31510,76446,1.458446033569232,0.32684036358350366
2420,0.4978902317000719,1,15,1,448177,157433,31511,76445,1.4583070880729185,0.3268584475666801
2421,0.4979262188523121,0,8,0,448185,157425,31511,76445,1.4582329838082182,0.32686962842604866
2422,0.4980024604381294,0,1,0,448186,157424,31511,76445,1.4582237207751305,0.326871026087254
2423,0.498060454814108,0,2,0,448188,157422,31511,76445,1.4582051947089556,0.32687382144552246
2424,0.498079633416257,0,1,0,448189,157421,31511,76445,1.458195931675868,0.32687521914258594
2425,0.4981194694651728,1,0,1,448189,157421,31512,76444,1.458195931675868,0.32687234088042244
2426,0.498363281321067,0,4,0,448193,157417,31512,76444,1.4581588795435176,0.32687793176288477
2427,0.4983769560634617,0,1,0,448194,157416,31512,76444,1.4581496165104302,0.32687932951338405
2428,0.4984870915934896,51,254,51,448448,157162,31563,76393,1.4557968061061914,0.3270878379824881
2429,0.498620767919356,1,0,1,448448,157162,31564,76392,1.4557968061061914,0.3270849567979996
2430,0.4988207149380186,0,2,0,448450,157160,31564,76392,1.4557782800400163,0.3270877577584435
2431,0.4989378288046392,7,20,7,448470,157140,31571,76385,1.4555930193782651,0.32709560004282195
2432,0.4991816406605335,20,107,20,448577,157033,31591,76365,1.4546018748378968,0.3271878936409052
2433,0.499334418837212,0,1,0,448578,157032,31591,76365,1.4545926118048094,0.32718929549222997
2434,0.4994391272588225,7,47,7,448625,156985,31598,76358,1.4541572492496944,0.32723501454939724
2435,0.4995153688446397,0,1,0,448626,156984,31598,76358,1.4541479862166067,0.32723641693308536
2436,0.4995733632206184,1,16,1,448642,156968,31599,76357,1.453999777687206,0.3272559734276224
2437,0.4996557532096558,1,5,1,448647,156963,31600,76356,1.453953462521768,0.32726010312062026
2438,0.499746294247583,0,1,0,448648,156962,31600,76356,1.4539441994886806,0.32726150575609253
2439,0.5,1513,8030,1513,456678,148932,33113,74843,1.3795620437956204,0.33445648530890404
2440,0.5012921843898249,0,1,0,456679,148931,33113,74843,1.379552780762533,0.33445797992617554
2441,0.5023531687964765,0,1,0,456680,148930,33113,74843,1.3795435177294453,0.33445947455680536
2442,0.5025081655578809,0,1,0,456681,148929,33113,74843,1.3795342546963578,0.33446096920079366
2443,0.5026591743832076,0,1,0,456682,148928,33113,74843,1.3795249916632701,0.3344624638581407
2444,0.5026714164704689,0,1,0,456683,148927,33113,74843,1.3795157286301827,0.3344639585288466
2445,0.5030690382990584,0,1,0,456684,148926,33113,74843,1.3795064655970952,0.33446545321291155
2446,0.503230701624627,0,1,0,456685,148925,33113,74843,1.3794972025640075,0.3344669479103357
2447,0.5036234521358017,0,1,0,456686,148924,33113,74843,1.37948793953092,0.3344684426211193
2448,0.5037491283091301,0,1,0,456687,148923,33113,74843,1.3794786764978324,0.3344699373452625
2449,0.5038873976385247,1,1,1,456688,148922,33114,74842,1.379469413464745,0.33446845783950946
2450,0.5038873976385249,0,1,0,456689,148921,33114,74842,1.3794601504316573,0.3344699525837605
2451,0.5040366821887924,0,1,0,456690,148920,33114,74842,1.3794508873985698,0.33447144734137163
2452,0.5041843248769792,0,1,0,456691,148919,33114,74842,1.3794416243654823,0.3344729421123431
2453,0.50432466776701,0,3,0,456694,148916,33114,74842,1.3794138352662195,0.33447742650542106
2454,0.5043459882025477,1,0,1,456694,148916,33115,74841,1.3794138352662195,0.33447445219590893
2455,0.5043459882025478,0,2,0,456696,148914,33115,74841,1.3793953092000444,0.334477441844875
2456,0.504345988202548,0,2,0,456698,148912,33115,74841,1.3793767831338692,0.3344804315472865
2457,0.5046429154410023,1,0,1,456698,148912,33116,74840,1.3793767831338692,0.33447745718474026
2458,0.5046429154410024,1,0,1,456698,148912,33117,74839,1.3793767831338692,0.3344744827956076
2459,0.5047436100311373,0,4,0,456702,148908,33117,74839,1.3793397310015192,0.33448046230787454
2460,0.5047967254136975,0,1,0,456703,148907,33117,74839,1.3793304679684315,0.3344819572193469
2461,0.5050026842164457,0,3,0,456706,148904,33117,74839,1.379302678869169,0.33448644203394073
2462,0.5050405372695917,0,1,0,456707,148903,33117,74839,1.3792934158360814,0.33448793699886475
2463,0.5050813114676334,0,1,0,456708,148902,33117,74839,1.3792841528029938,0.33448943197715214
2464,0.5051576908811386,0,1,0,456709,148901,33117,74839,1.3792748897699063,0.33449092696880306
2465,0.5052620367156405,0,2,0,456711,148899,33117,74839,1.3792563637037312,0.3344939169921962
2466,0.5052620367156406,0,1,0,456712,148898,33117,74839,1.3792471006706435,0.33449541202393884
2467,0.505287369367639,0,2,0,456714,148896,33117,74839,1.3792285746044686,0.3344984021275169
2468,0.5052980238678808,0,1,0,456715,148895,33117,74839,1.379219311571381,0.3344998971993528
2469,0.505558963954095,0,1,0,456716,148894,33117,74839,1.3792100485382934,0.33450139228455344
2470,0.5056972332834896,0,3,0,456719,148891,33117,74839,1.3791822594390306,0.33450587762034595
2471,0.5056972332834897,0,1,0,456720,148890,33117,74839,1.3791729964059432,0.33450737275900755
2472,0.5057350863366358,0,1,0,456721,148889,33117,74839,1.3791637333728557,0.33450886791103485
2473,0.5058375761735204,0,13,0,456734,148876,33117,74839,1.3790433139427174,0.33452830610374806
2474,0.5058588966090583,2,12,2,456746,148864,33119,74837,1.3789321575456668,0.3345403015632474
2475,0.5059120119916184,1,0,1,456746,148864,33120,74836,1.3789321575456668,0.3345373267769334
2476,0.5059547198817786,0,1,0,456747,148863,33120,74836,1.378922894512579,0.3345388222566931
2477,0.5059925729349248,0,1,0,456748,148862,33120,74836,1.3789136314794916,0.3345403177498234
2478,0.5060889558435746,0,1,0,456749,148861,33120,74836,1.3789043684464042,0.3345418132563244
2479,0.5061268088967206,0,1,0,456750,148860,33120,74836,1.3788951054133165,0.33454330877619626
2480,0.5062535130211391,0,1,0,456751,148859,33120,74836,1.378885842380229,0.33454480430943917
2481,0.5062895001733793,0,1,0,456752,148858,33120,74836,1.3788765793471414,0.3345462998560534
2482,0.5063773232935614,0,2,0,456754,148856,33120,74836,1.3788580532809662,0.3345492909893961
2483,0.5063773232935616,0,1,0,456755,148855,33120,74836,1.3788487902478788,0.3345507865761251
2484,0.5064133104458017,0,1,0,456756,148854,33120,74836,1.3788395272147913,0.334552282176226
2485,0.5065155926229561,9,29,9,456785,148825,33129,74827,1.3785708992552521,0.33456888380162036
2486,0.5065534456761022,1,7,1,456792,148818,33130,74826,1.3785060580236392,0.33457638031872083
2487,0.5068109322743912,0,1,0,456793,148817,33130,74826,1.3784967949905518,0.3345778763475718
2488,0.5068503729145566,0,1,0,456794,148816,33130,74826,1.378487531957464,0.33457937238980157
2489,0.5068503729145567,0,1,0,456795,148815,33130,74826,1.3784782689243766,0.3345808684454103
2490,0.5069173043974872,0,1,0,456796,148814,33130,74826,1.378469005891289,0.33458236451439816
2491,0.5069741831869792,1,12,1,456808,148802,33131,74825,1.3783578494942383,0.33459734289687737
2492,0.5070832772778211,0,1,0,456809,148801,33131,74825,1.3783485864611509,0.3345988391331956
2493,0.5071368274171015,0,1,0,456810,148800,33131,74825,1.3783393234280632,0.33460033538289546
2494,0.507238999899977,0,1,0,456811,148799,33131,74825,1.3783300603949757,0.3346018316459772
2495,0.5073011101257063,0,1,0,456812,148798,33131,74825,1.3783207973618883,0.3346033279224409
2496,0.5073718050155687,28,114,28,456926,148684,33159,74797,1.377264811589907,0.33469064484229083
2497,0.5074249203981288,0,2,0,456928,148682,33159,74797,1.377246285523732,0.3346936401183109
2498,0.5074249203981289,1,2,1,456930,148680,33160,74796,1.3772277594575568,0.3346936583794233
2499,0.5076687322540231,0,9,0,456939,148671,33160,74796,1.3771443921597688,0.33470713796667967
2500,0.5077585437426578,0,1,0,456940,148670,33160,74796,1.3771351291266813,0.3347086357656198
2501,0.5078215104307016,0,1,0,456941,148669,33160,74796,1.3771258660935937,0.33471013357796525
2502,0.5078902317000719,3,18,3,456959,148651,33163,74793,1.3769591314980176,0.33472816455129695
2503,0.5079262188523122,0,8,0,456967,148643,33163,74793,1.3768850272333173,0.3347401493044988
2504,0.5079366445416855,0,1,0,456968,148642,33163,74793,1.3768757642002296,0.33474164745899254
2505,0.508060454814108,0,3,0,456971,148639,33163,74793,1.376847975100967,0.334746142002936
2506,0.5080796334162571,0,1,0,456972,148638,33163,74793,1.3768387120678796,0.3347476402110719
2507,0.5081194694651728,0,2,0,456974,148636,33163,74793,1.3768201860017044,0.3347506366675767
2508,0.5081777855797341,0,1,0,456975,148635,33163,74793,1.3768109229686167,0.3347521349159461
2509,0.5083464141648978,0,1,0,456976,148634,33163,74793,1.3768016599355293,0.33475363317772694
2510,0.5083632813210671,0,8,0,456984,148626,33163,74793,1.376727555670829,0.33476561975481045
2511,0.5084870915934896,38,253,38,457237,148373,33201,74755,1.3743840082996777,0.3350319099351045
2512,0.5086207679193561,1,1,1,457238,148372,33202,74754,1.3743747452665902,0.33503043123616255
2513,0.5087519083064875,0,1,0,457239,148371,33202,74754,1.3743654822335025,0.3350319327731092
2514,0.5088207149380186,1,1,1,457240,148370,33203,74753,1.374356219200415,0.3350304540544901
2515,0.5089378288046392,6,20,6,457260,148350,33209,74747,1.374170958538664,0.3350426047862589
2516,0.5090337830460053,0,2,0,457262,148348,33209,74747,1.3741524324724887,0.3350456083731146
2517,0.5090835122844828,0,1,0,457263,148347,33209,74747,1.3741431694394013,0.33504711018673744
2518,0.5091816406605335,13,81,13,457344,148266,33222,74734,1.3733928637593094,0.3351300448430493
2519,0.5091816406605336,5,44,5,457388,148222,33227,74729,1.372985290303457,0.33518127301514683
2520,0.5094391272588226,13,41,13,457429,148181,33240,74716,1.3726055059468671,0.33520415259065844
2521,0.5095733632206184,3,13,3,457442,148168,33243,74713,1.372485086516729,0.3352147558562641
2522,0.5096557532096558,2,5,2,457447,148163,33245,74711,1.3724387713512913,0.3352163105611242
2523,0.5097114722622524,0,1,0,457448,148162,33245,74711,1.3724295083182037,0.33521781462985645
2524,0.5097432888310743,0,1,0,457449,148161,33245,74711,1.3724202452851162,0.3352193187120859
2525,0.509751666925069,0,1,0,457450,148160,33245,74711,1.3724109822520285,0.33522082280781257
2526,0.51,1605,7589,1605,465039,140571,34850,73106,1.3021138241505799,0.34213321976628275
2527,0.5108615808255039,0,2,0,465041,140569,34850,73106,1.3020952980844047,0.34213642213642215
2528,0.5114431932151516,0,1,0,465042,140568,34850,73106,1.3020860350513173,0.3421380233439726
2529,0.5126105847908736,0,2,0,465044,140566,34850,73106,1.3020675089851421,0.3421412258040361
2530,0.5130311852459122,0,1,0,465045,140565,34850,73106,1.3020582459520544,0.3421428270565496
2531,0.5130690382990584,0,1,0,465046,140564,34850,73106,1.302048982918967,0.3421444283240511
2532,0.5131009920836999,0,1,0,465047,140563,34850,73106,1.3020397198858795,0.34214602960654095
2533,0.5135063084275435,0,1,0,465048,140562,34850,73106,1.3020304568527918,0.34214763090401934
2534,0.5138873976385248,0,1,0,465049,140561,34850,73106,1.3020211938197044,0.3421492322164864
2535,0.5140820426998249,0,1,0,465050,140560,34850,73106,1.3020119307866167,0.34215083354394243
2536,0.5141843248769793,0,1,0,465051,140559,34850,73106,1.3020026677535292,0.3421524348863876
2537,0.5142221779301254,0,1,0,465052,140558,34850,73106,1.3019934047204416,0.34215403624382207
2538,0.5142891094130557,0,1,0,465053,140557,34850,73106,1.301984141687354,0.3421556376162461
2539,0.51432466776701,0,1,0,465054,140556,34850,73106,1.3019748786542666,0.34215723900365996
2540,0.5144418114752682,0,1,0,465055,140555,34850,73106,1.301965615621179,0.3421588404060638
2541,0.5146429154410022,1,0,1,465055,140555,34851,73105,1.301965615621179,0.3421557614902181
2542,0.5147436100311373,2,9,2,465064,140546,34853,73103,1.301882248323391,0.3421640166815665
2543,0.5148319458473558,0,1,0,465065,140545,34853,73103,1.3018729852903035,0.3421656182131356
2544,0.5149304017395641,1,1,1,465066,140544,34854,73102,1.3018637222572158,0.34216414068131396
2545,0.5150026842164457,0,3,0,465069,140541,34854,73102,1.3018359331579532,0.34216894539020704
2546,0.5150192168340539,2,0,2,465069,140541,34856,73100,1.3018359331579532,0.3421627871054713
2547,0.5150405372695918,0,1,0,465070,140540,34856,73100,1.3018266701248657,0.3421643886912563
2548,0.5151933154462703,0,1,0,465071,140539,34856,73100,1.301817407091778,0.3421659902920347
2549,0.5152620367156405,0,1,0,465072,140538,34856,73100,1.3018081440586906,0.34216759190780666
2550,0.515287369367639,0,4,0,465076,140534,34856,73100,1.3017710919263403,0.3421739985208347
2551,0.5154534214275954,0,1,0,465077,140533,34856,73100,1.3017618288932529,0.3421756002115778
2552,0.5154612747804687,0,1,0,465078,140532,34856,73100,1.3017525658601652,0.34217720191731577
2553,0.5156972332834896,0,1,0,465079,140531,34856,73100,1.3017433028270777,0.3421788036380488
2554,0.5158375761735204,0,8,0,465087,140523,34856,73100,1.3016691985623772,0.34219161794376074
2555,0.5158588966090583,2,10,2,465097,140513,34858,73098,1.3015765682315017,0.34220147838828524
2556,0.5159120119916184,0,1,0,465098,140512,34858,73098,1.3015673051984142,0.34220308038013203
2557,0.5159925729349247,0,1,0,465099,140511,34858,73098,1.3015580421653266,0.3422046823869781
2558,0.5161268088967206,0,1,0,465100,140510,34858,73098,1.301548779132239,0.3422062844088236
2559,0.5161558238475128,0,1,0,465101,140509,34858,73098,1.3015395160991514,0.3422078864456689
2560,0.5162863541528916,0,1,0,465102,140508,34858,73098,1.301530253066064,0.3422094884975141
2561,0.5163096338202079,0,1,0,465103,140507,34858,73098,1.3015209900329765,0.34221109056435944
2562,0.5163773232935615,0,3,0,465106,140504,34858,73098,1.3014932009337137,0.34221589685489834
2563,0.5163773232935616,0,3,0,465109,140501,34858,73098,1.301465411834451,0.34222070328044607
2564,0.5165155926229561,11,33,11,465142,140468,34869,73087,1.3011597317425618,0.34223970405750276
2565,0.5165534456761022,2,4,2,465146,140464,34871,73085,1.3011226796102116,0.3422399542962037
2566,0.5165667250097467,0,1,0,465147,140463,34871,73085,1.301113416577124,0.34224155693333586
2567,0.5168109322743912,0,2,0,465149,140461,34871,73085,1.301094890510949,0.3422447622526294
2568,0.5168503729145567,0,2,0,465151,140459,34871,73085,1.3010763644447738,0.3422479676319634
2569,0.5169173043974872,0,1,0,465152,140458,34871,73085,1.3010671014116861,0.34224957034414616
2570,0.5169451682361871,0,1,0,465153,140457,34871,73085,1.3010578383785987,0.3422511730713396
2571,0.5169741831869792,3,12,3,465165,140445,34874,73082,1.300946681981548,0.3422611660352087
2572,0.5170572982698121,0,1,0,465166,140444,34874,73082,1.3009374189484604,0.34226276893680396
2573,0.5173078065315082,0,1,0,465167,140443,34874,73082,1.300928155915373,0.34226437185341296
2574,0.5173718050155687,19,106,19,465273,140337,34893,73063,1.2999462744080923,0.3423758200562324
2575,0.5174249203981288,0,1,0,465274,140336,34893,73063,1.2999370113750046,0.3423774244490368
2576,0.5175126913431143,0,1,0,465275,140335,34893,73063,1.2999277483419172,0.34237902885687777
2577,0.5176687322540231,2,20,2,465295,140315,34895,73061,1.299742487680166,0.34240495650869823
2578,0.5177095064520646,0,2,0,465297,140313,34895,73061,1.2997239616139908,0.34240816594336704
2579,0.5178215104307016,0,1,0,465298,140312,34895,73061,1.2997146985809034,0.34240977068326356
2580,0.5178736170656292,0,1,0,465299,140311,34895,73061,1.2997054355478157,0.3424113754382018
2581,0.5178902317000719,2,12,2,465311,140299,34897,73059,1.299594279150765,0.34242446967069434
2582,0.5179262188523122,1,0,1,465311,140299,34898,73058,1.299594279150765,0.3424213876273101
2583,0.518060454814108,0,1,0,465312,140298,34898,73058,1.2995850161176776,0.34242299255704084
2584,0.518079633416257,0,2,0,465314,140296,34898,73058,1.2995664900515025,0.3424262024616365
2585,0.5181194694651728,0,1,0,465315,140295,34898,73058,1.2995572270184148,0.342427807436502
2586,0.5183632813210671,2,1,2,465316,140294,34900,73056,1.2995479639853273,0.34242324818373565
2587,0.5184870915934896,59,221,59,465537,140073,34959,72997,1.2975008336729779,0.342596329844652
2588,0.5185160594977456,0,1,0,465538,140072,34959,72997,1.2974915706398904,0.34259793775725234
2589,0.518755003881152,0,2,0,465540,140070,34959,72997,1.2974730445737153,0.34260115362773214
2590,0.5188207149380186,0,1,0,465541,140069,34959,72997,1.2974637815406276,0.342602761585612
2591,0.5189378288046392,4,24,4,465565,140045,34963,72993,1.2972414687465263,0.3426290145420066
2592,0.519012490479441,0,1,0,465566,140044,34963,72993,1.297232205713439,0.342630622849552
2593,0.5190337830460053,0,1,0,465567,140043,34963,72993,1.2972229426803512,0.34263223117219627
2594,0.5191816406605335,15,72,15,465639,139971,34978,72978,1.2965560042980473,0.34270177366411675
2595,0.5191816406605336,7,46,7,465685,139925,34985,72971,1.29612990477602,0.34275420862768674
2596,0.5193115064193117,0,1,0,465686,139924,34985,72971,1.2961206417429323,0.3427558185960215
2597,0.519334418837212,0,3,0,465689,139921,34985,72971,1.2960928526436697,0.34276064859177424
2598,0.5194391272588226,8,35,8,465724,139886,34993,72963,1.2957686464856053,0.3427923081621243
2599,0.5195733632206184,3,14,3,465738,139872,34996,72960,1.2956389640223795,0.34280559314388814
2600,0.5196557532096558,1,3,1,465741,139869,34997,72959,1.2956111749231167,0.34280733738041985
2601,0.52,1659,7496,1659,473237,132373,36656,71300,1.2261754788988106,0.3500709470572928
2602,0.5200810745391835,0,1,0,473238,132372,36656,71300,1.2261662158657232,0.350072665854904
2603,0.5215726625101561,0,1,0,473239,132371,36656,71300,1.2261569528326355,0.3500743846693933
2604,0.5217922960552991,0,1,0,473240,132370,36656,71300,1.226147689799548,0.350076103500761
2605,0.5221124096301972,1,0,1,473240,132370,36657,71299,1.226147689799548,0.3500729124216253
2606,0.5223744892320142,1,0,1,473240,132370,36658,71298,1.226147689799548,0.35006972131115344
2607,0.5229667561219039,1,0,1,473240,132370,36659,71297,1.226147689799548,0.3500665301693451
2608,0.5230690382990584,0,1,0,473241,132369,36659,71297,1.2261384267664603,0.35006824899590505
2609,0.5231205660945991,0,1,0,473242,132368,36659,71297,1.2261291637333729,0.350069967839344
2610,0.5232093811890891,0,1,0,473243,132367,36659,71297,1.2261199007002852,0.3500716866996622
2611,0.5232307016246268,0,1,0,473244,132366,36659,71297,1.2261106376671977,0.3500734055768598
2612,0.5235063084275436,0,1,0,473245,132365,36659,71297,1.2261013746341103,0.35007512447093714
2613,0.5238873976385248,1,1,1,473246,132364,36660,71296,1.2260921116010226,0.35007365216537367
2614,0.52432466776701,0,2,0,473248,132362,36660,71296,1.2260735855348475,0.3500770900234707
2615,0.5243459882025479,0,1,0,473249,132361,36660,71296,1.22606432250176,0.3500788089778402
2616,0.5247436100311372,0,1,0,473250,132360,36660,71296,1.2260550594686723,0.3500805279490906
2617,0.5248644148870512,0,1,0,473251,132359,36660,71296,1.2260457964355849,0.3500822469372223
2618,0.5250026842164456,0,1,0,473252,132358,36660,71296,1.2260365334024974,0.35008396594223534
2619,0.5250026842164457,0,1,0,473253,132357,36660,71296,1.2260272703694097,0.3500856849641302
2620,0.5250405372695918,0,1,0,473254,132356,36660,71296,1.2260180073363223,0.35008740400290694
2621,0.5252620367156405,0,1,0,473255,132355,36660,71296,1.2260087443032346,0.3500891230585659
2622,0.5252873693676389,0,2,0,473257,132353,36660,71296,1.2259902182370594,0.3500925612205314
2623,0.5254612747804689,1,1,1,473258,132352,36661,71295,1.225980955203972,0.35009108899222674
2624,0.5256972332834896,1,0,1,473258,132352,36662,71294,1.225980955203972,0.35008789762627307
2625,0.5257350863366357,0,1,0,473259,132351,36662,71294,1.2259716921708845,0.35008961673500455
2626,0.5258375761735204,0,8,0,473267,132343,36662,71294,1.225897587906184,0.3501033702126824
2627,0.5258588966090582,2,8,2,473275,132335,36664,71292,1.2258234836414836,0.35011074169928347
2628,0.5259120119916184,1,0,1,473275,132335,36665,71291,1.2258234836414836,0.35010755011638983
2629,0.5259547198817787,0,1,0,473276,132334,36665,71291,1.225814220608396,0.350109269490485
2630,0.5261558238475128,0,1,0,473277,132333,36665,71291,1.2258049575753085,0.3501109888814678
2631,0.5261925199535873,0,2,0,473279,132331,36665,71291,1.2257864315091334,0.3501144277140977
2632,0.5263096338202079,0,2,0,473281,132329,36665,71291,1.2257679054429582,0.3501178666142815
2633,0.5263773232935616,0,2,0,473283,132327,36665,71291,1.225749379376783,0.35012130558202126
2634,0.5265155926229561,8,32,8,473315,132295,36673,71283,1.2254529623179815,0.35015080214954464
2635,0.5265534456761022,1,2,1,473317,132293,36674,71282,1.2254344362518064,0.35015104998157925
2636,0.5266422253687202,0,1,0,473318,132292,36674,71282,1.2254251732187187,0.35015277000009826
2637,0.5267364268174406,0,1,0,473319,132291,36674,71282,1.2254159101856312,0.3501544900355155
2638,0.5268109322743912,0,2,0,473321,132289,36674,71282,1.225397384119456,0.35015793015704594
2639,0.5268640476569514,1,0,1,473321,132289,36675,71281,1.225397384119456,0.35015473792798546
2640,0.5269173043974872,0,1,0,473322,132288,36675,71281,1.2253881210863686,0.35015645800686745
2641,0.5269741831869791,1,10,1,473332,132278,36676,71280,1.225295490755493,0.350170467385217
2642,0.5269741831869792,2,1,2,473333,132277,36678,71278,1.2252862277224055,0.3501658028542654
2643,0.5270275582252245,0,2,0,473335,132275,36678,71278,1.2252677016562303,0.3501692433911561
2644,0.5270624468906387,0,1,0,473336,132274,36678,71278,1.2252584386231427,0.3501709636849552
2645,0.5270718723606055,0,1,0,473337,132273,36678,71278,1.2252491755900552,0.3501726839956571
2646,0.5271078595128457,0,1,0,473338,132272,36678,71278,1.2252399125569677,0.3501744043232621
2647,0.5273293589588944,1,1,1,473339,132271,36679,71277,1.22523064952388,0.35017293218307227
2648,0.5273718050155687,14,96,14,473435,132175,36693,71263,1.224341398347475,0.3502934554999558
2649,0.5274249203981288,0,2,0,473437,132173,36693,71263,1.2243228722812998,0.35029689927053226
2650,0.5276687322540231,2,8,2,473445,132165,36695,71261,1.2242487680165994,0.3503042875541966
2651,0.5277095064520646,0,1,0,473446,132164,36695,71261,1.2242395049835118,0.35030600958584246
2652,0.5278902317000719,2,26,2,473472,132138,36697,71259,1.2239986661232354,0.3503444003598873
2653,0.5279262188523122,1,4,1,473476,132134,36698,71258,1.223961613990885,0.35034809628697294
2654,0.528079633416257,0,1,0,473477,132133,36698,71258,1.2239523509577976,0.3503498188218751
2655,0.5281194694651729,1,0,1,473477,132133,36699,71257,1.2239523509577976,0.3503466247111461
2656,0.5281428448031454,0,1,0,473478,132132,36699,71257,1.22394308792471,0.3503483472557513
2657,0.5282712388942187,0,1,0,473479,132131,36699,71257,1.2239338248916225,0.350350069817295
2658,0.528363281321067,0,1,0,473480,132130,36699,71257,1.223924561858535,0.3503517923957775
2659,0.5283632813210671,0,1,0,473481,132129,36699,71257,1.2239152988254474,0.350353514991199
2660,0.5284870915934896,38,224,38,473705,131905,36737,71219,1.2218403794138353,0.3506183415056813
2661,0.5286207679193561,1,1,1,473706,131904,36738,71218,1.2218311163807478,0.3506168706491665
2662,0.528755003881152,0,1,0,473707,131903,36738,71218,1.2218218533476601,0.3506185967969831
2663,0.5288207149380186,0,1,0,473708,131902,36738,71218,1.2218125903145727,0.35062032296179596
2664,0.5288782545176451,1,0,1,473708,131902,36739,71217,1.2218125903145727,0.350617125921258
2665,0.5289378288046392,3,22,3,473730,131880,36742,71214,1.2216088035866464,0.3506455138999675
2666,0.5291816406605335,15,107,15,473837,131773,36757,71199,1.220617659046278,0.3507823739234968
2667,0.529334418837212,1,1,1,473838,131772,36758,71198,1.2206083960131906,0.35078090358181013
2668,0.5294391272588226,6,45,6,473883,131727,36764,71192,1.2201915595242505,0.3508394975334986
2669,0.5295153688446398,0,1,0,473884,131726,36764,71192,1.220182296491163,0.3508412265052879
2670,0.5295733632206184,1,9,1,473893,131717,36765,71191,1.220098929193375,0.35085358881857787
2671,0.5296557532096559,1,3,1,473896,131714,36766,71190,1.2200711400941124,0.3508555770216457
2672,0.5297114722622525,0,1,0,473897,131713,36766,71190,1.2200618770610248,0.35085730620049976
2673,0.53,1632,6997,1632,480894,124716,38398,69558,1.155248434547408,0.3580407053954724
2674,0.5301622439405304,0,1,0,480895,124715,38398,69558,1.1552391715143207,0.35804254837265087
2675,0.5308402603899662,0,1,0,480896,124714,38398,69558,1.1552299084812332,0.3580443913688025
2676,0.532287422337738,1,0,1,480896,124714,38399,69557,1.1552299084812332,0.35804108693526054
2677,0.5328050927963354,0,1,0,480897,124713,38399,69557,1.1552206454481455,0.358042929942863
2678,0.533209381189089,0,1,0,480898,124712,38399,69557,1.155211382415058,0.35804477296943926
2679,0.5332307016246268,1,0,1,480898,124712,38400,69556,1.155211382415058,0.3580414684868326
2680,0.5334897758099353,0,1,0,480899,124711,38400,69556,1.1552021193819704,0.35804331152486013
2681,0.5335276288630815,0,1,0,480900,124710,38400,69556,1.155192856348883,0.358045154581862
2682,0.5337744609611286,0,1,0,480901,124709,38400,69556,1.1551835933157952,0.35804699765783854
2683,0.53432466776701,0,1,0,480902,124708,38400,69556,1.1551743302827078,0.35804884075279003
2684,0.5343459882025478,0,1,0,480903,124707,38400,69556,1.1551650672496203,0.3580506838667168
2685,0.5344058243230281,0,1,0,480904,124706,38400,69556,1.1551558042165326,0.3580525269996191
2686,0.5344436773761742,1,0,1,480904,124706,38401,69555,1.1551558042165326,0.35804922243785425
2687,0.5344690100281725,0,1,0,480905,124705,38401,69555,1.1551465411834452,0.3580510655822094
2688,0.5346429154410023,0,1,0,480906,124704,38401,69555,1.1551372781503575,0.35805290874554074
2689,0.5347436100311372,1,2,1,480908,124702,38402,69554,1.1551187520841824,0.35805329050325346
2690,0.5348644148870512,0,1,0,480909,124701,38402,69554,1.155109489051095,0.35805513371599185
2691,0.5348788739440232,1,0,1,480909,124701,38403,69553,1.155109489051095,0.3580518290485653
2692,0.5350026842164456,0,1,0,480910,124700,38403,69553,1.1551002260180074,0.3580536722727577
2693,0.5350026842164457,0,3,0,480913,124697,38403,69553,1.1550724369187446,0.35805920205920205
2694,0.5350405372695918,0,2,0,480915,124695,38403,69553,1.1550539108525695,0.35806288867839053
2695,0.5352620367156405,0,1,0,480916,124694,38403,69553,1.155044647819482,0.3580647320164533
2696,0.5352873693676389,0,3,0,480919,124691,38403,69553,1.1550168587202194,0.35807026214451926
2697,0.535287369367639,0,2,0,480921,124689,38403,69553,1.1549983326540443,0.3580739489914643
2698,0.5353374645080463,1,0,1,480921,124689,38404,69552,1.1549983326540443,0.3580706441997313
2699,0.5354612747804688,1,0,1,480921,124689,38405,69551,1.1549983326540443,0.35806733937397034
2700,0.5356972332834896,0,1,0,480922,124688,38405,69551,1.1549890696209566,0.358069182810867
2701,0.5356972332834897,0,1,0,480923,124687,38405,69551,1.1549798065878691,0.3580710262667449
2702,0.5357350863366357,0,1,0,480924,124686,38405,69551,1.1549705435547817,0.35807286974160435
2703,0.5358375761735205,0,10,0,480934,124676,38405,69551,1.154877913223906,0.358091305534246
2704,0.5358588966090582,1,4,1,480938,124672,38406,69550,1.154840861091556,0.35809537539516634
2705,0.5358588966090583,1,2,1,480940,124670,38407,69549,1.1548223350253808,0.35809575788156667
2706,0.5360989450580207,0,1,0,480941,124669,38407,69549,1.154813071992293,0.3580976016641094
2707,0.5361558238475127,0,2,0,480943,124667,38407,69549,1.154794545926118,0.35810128928615564
2708,0.5361558238475128,0,1,0,480944,124666,38407,69549,1.1547852828930305,0.3581031331256597
2709,0.536209198885758,1,0,1,480944,124666,38408,69548,1.1547852828930305,0.3580998280247562
2710,0.5363086020241912,0,1,0,480945,124665,38408,69548,1.154776019859943,0.35810167187572406
2711,0.5363773232935615,0,2,0,480947,124663,38408,69548,1.154757493793768,0.3581053596346242
2712,0.5364133104458016,0,1,0,480948,124662,38408,69548,1.1547482307606802,0.35810720354255704
2713,0.5365155926229561,6,43,6,480991,124619,38414,69542,1.1543499203379155,0.3581666761090023
2714,0.5365534456761022,4,4,4,480995,124615,38418,69538,1.1543128682055652,0.3581608319212168
2715,0.5366473352567038,0,1,0,480996,124614,38418,69538,1.1543036051724778,0.3581626766657052
2716,0.5367469337903308,0,1,0,480997,124613,38418,69538,1.15429434213939,0.35816452142919686
2717,0.5368109322743913,2,3,2,481000,124610,38420,69536,1.1542665530401275,0.3581634440060573
2718,0.5368503729145567,0,1,0,481001,124609,38420,69536,1.1542572900070398,0.3581652888305133
2719,0.5369741831869791,2,8,2,481009,124601,38422,69534,1.1541831857423395,0.35817343601102325
2720,0.5369741831869792,0,5,0,481014,124596,38422,69534,1.1541368705769017,0.3581826611033843
2721,0.5370718723606054,1,0,1,481014,124596,38423,69533,1.1541368705769017,0.3581793549649975
2722,0.5370718723606055,1,1,1,481015,124595,38424,69532,1.154127607543814,0.35817789385299315
2723,0.5371078595128457,1,1,1,481016,124594,38425,69531,1.1541183445107266,0.3581764327108822
2724,0.5372420954746415,0,1,0,481017,124593,38425,69531,1.1541090814776391,0.3581782778018174
2725,0.5373718050155687,26,86,26,481103,124507,38451,69505,1.1533124606321095,0.3582510360183906
2726,0.5374249203981288,0,4,0,481107,124503,38451,69505,1.1532754084997592,0.3582584223330997
2727,0.5376084847741971,0,1,0,481108,124502,38451,69505,1.1532661454666715,0.35826026895936747
2728,0.5376687322540231,5,13,5,481121,124489,38456,69500,1.1531457260365334,0.35826773683043883
2729,0.5377095064520646,0,1,0,481122,124488,38456,69500,1.1531364630034457,0.3582695836855888
2730,0.5378098505734172,0,1,0,481123,124487,38456,69500,1.1531271999703583,0.3582714305597798
2731,0.5378902317000719,6,12,6,481135,124475,38462,69494,1.1530160435733077,0.35827374477364937
2732,0.5379262188523122,1,4,1,481139,124471,38463,69493,1.1529789914409574,0.35827782475098474
2733,0.538060454814108,0,1,0,481140,124470,38463,69493,1.15296972840787,0.35827967189618637
2734,0.538079633416257,0,3,0,481143,124467,38463,69493,1.1529419393086071,0.35828521344607134
2735,0.5381194694651729,0,1,0,481144,124466,38463,69493,1.1529326762755197,0.35828706066746063
2736,0.5381401867132573,0,1,0,481145,124465,38463,69493,1.1529234132424322,0.3582889079078976
2737,0.5381777855797342,0,1,0,481146,124464,38463,69493,1.1529141502093445,0.35829075516738246
2738,0.538363281321067,0,1,0,481147,124463,38463,69493,1.152904887176257,0.35829260244591554
2739,0.5383769560634617,0,1,0,481148,124462,38463,69493,1.1528956241431694,0.3582944497434972
2740,0.5384870915934896,55,241,55,481389,124221,38518,69438,1.150663233169069,0.3585580840549626
2741,0.5386207679193561,1,0,1,481389,124221,38519,69437,1.150663233169069,0.35855477181422923
2742,0.5386380759663276,0,1,0,481390,124220,38519,69437,1.1506539701359813,0.3585566233082202
2743,0.5388207149380186,0,3,0,481393,124217,38519,69437,1.1506261810367187,0.35856217790492323
2744,0.5389378288046393,4,20,4,481413,124197,38523,69433,1.1504409203749675,0.35858596291896916
2745,0.5391816406605335,19,117,19,481530,124080,38542,69414,1.1493571455037237,0.3587398058854538
2746,0.5392463431953032,0,1,0,481531,124079,38542,69414,1.1493478824706362,0.3587416599050095
2747,0.539334418837212,0,5,0,481536,124074,38542,69414,1.1493015673051985,0.35875093029025057
2748,0.5394391272588226,5,21,5,481557,124053,38547,69409,1.1491070436103599,0.35877329914918693
2749,0.5395733632206184,2,7,2,481564,124046,38549,69407,1.149042202378747,0.3587796519051139
2750,0.5396557532096559,1,5,1,481569,124041,38550,69406,1.148995887213309,0.3587856105289821
2751,0.5397114722622525,0,1,0,481570,124040,38550,69406,1.1489866241802216,0.35878746523577637
2752,0.539751666925069,0,1,0,481571,124039,38550,69406,1.1489773611471341,0.35878931996174623
2753,0.54,1684,7104,1684,488675,116935,40234,67722,1.0831727740931492,0.36674482960299365
2754,0.5403007080843265,0,1,0,488676,116934,40234,67722,1.0831635110600615,0.3667468157005459
2755,0.5403178363146464,1,0,1,488676,116934,40235,67721,1.0831635110600615,0.3667433863150199
2756,0.5409633599450718,0,1,0,488677,116933,40235,67721,1.083154248026974,0.3667453724262675
2757,0.5421483967824375,0,1,0,488678,116932,40235,67721,1.0831449849938863,0.36674735855902696
2758,0.542587756870858,0,2,0,488680,116930,40235,67721,1.0831264589277112,0.3667513308890826
2759,0.5426591743832077,1,0,1,488680,116930,40236,67720,1.0831264589277112,0.36674790143514757
2760,0.5428330797960375,0,1,0,488681,116929,40236,67720,1.0831171958946237,0.36674988762462835
2761,0.543209381189089,0,1,0,488682,116928,40236,67720,1.0831079328615363,0.36675187383562236
2762,0.5433659655375128,0,1,0,488683,116927,40236,67720,1.0830986698284486,0.36675386006813
2763,0.5434897758099353,0,2,0,488685,116925,40236,67720,1.0830801437622735,0.36675783259768746
2764,0.5437491283091301,1,0,1,488685,116925,40237,67719,1.0830801437622735,0.36675440306752455
2765,0.5438449515818506,0,1,0,488686,116924,40237,67719,1.083070880729186,0.3667563893567587
2766,0.5438873976385247,1,0,1,488686,116924,40238,67718,1.083070880729186,0.36675295978163147
2767,0.5438873976385248,0,1,0,488687,116923,40238,67718,1.0830616176960983,0.3667549460845641
2768,0.5441827372899598,0,1,0,488688,116922,40238,67718,1.0830523546630109,0.36675693240901214
2769,0.5441843248769792,1,0,1,488688,116922,40239,67717,1.0830523546630109,0.3667535027811026
2770,0.5441843248769793,1,0,1,488688,116922,40240,67716,1.0830523546630109,0.3667500731160433
2771,0.5443246677670099,0,1,0,488689,116921,40240,67716,1.0830430916299234,0.3667520594463732
2772,0.5443459882025478,0,1,0,488690,116920,40240,67716,1.0830338285968357,0.3667540457982192
2773,0.5447436100311372,3,1,3,488691,116919,40243,67713,1.0830245655637483,0.3667457428831405
2774,0.5447436100311374,0,1,0,488692,116918,40243,67713,1.0830153025306606,0.3667477292545672
2775,0.5448319458473558,0,1,0,488693,116917,40243,67713,1.0830060394975731,0.36674971564751124
2776,0.5450026842164457,2,0,2,488693,116917,40245,67711,1.0830060394975731,0.3667428559048465
2777,0.5450405372695919,0,4,0,488697,116913,40245,67711,1.0829689873652228,0.36675080162925733
2778,0.5452620367156407,0,1,0,488698,116912,40245,67711,1.0829597243321354,0.36675278811415696
2779,0.545287369367639,2,1,2,488699,116911,40247,67709,1.0829504612990477,0.36674791463546746
2780,0.5454612747804687,0,1,0,488700,116910,40247,67709,1.0829411982659602,0.3667499011477692
2781,0.5454612747804688,1,0,1,488700,116910,40248,67708,1.0829411982659602,0.36674647109165953
2782,0.5455589639540951,0,2,0,488702,116908,40248,67708,1.082922672199785,0.3667504441651861
2783,0.5458375761735205,2,7,2,488709,116901,40250,67706,1.0828578309681722,0.3667574902360149
2784,0.5458588966090582,3,3,3,488712,116898,40253,67703,1.0828300418689096,0.3667531595170124
2785,0.5458588966090583,0,5,0,488717,116893,40253,67703,1.082783726703472,0.36676309345814645
2786,0.5459120119916184,0,1,0,488718,116892,40253,67703,1.0827744636703842,0.366765080310951
2787,0.5459547198817787,1,2,1,488720,116890,40254,67702,1.082755937604209,0.3667656236456618
2788,0.5461558238475127,0,1,0,488721,116889,40254,67702,1.0827466745711216,0.3667676105552275
2789,0.5463773232935615,1,5,1,488726,116884,40255,67701,1.0827003594056839,0.3667741149064117
2790,0.5464133104458017,1,0,1,488726,116884,40256,67700,1.0827003594056839,0.3667706843496728
2791,0.546515592622956,6,15,6,488741,116869,40262,67694,1.0825614139093704,0.36677990713198205
2792,0.5465155926229561,3,15,3,488756,116854,40265,67691,1.0824224684130572,0.3667994256143488
2793,0.5465534456761022,3,3,3,488759,116851,40268,67688,1.0823946793137944,0.3667950948038084
2794,0.5467923267886632,1,0,1,488759,116851,40269,67687,1.0823946793137944,0.3667916635056194
2795,0.5468109322743913,0,2,0,488761,116849,40269,67687,1.0823761532476195,0.36679563879134697
2796,0.5469173043974872,0,1,0,488762,116848,40269,67687,1.0823668902145318,0.366797626466524
2797,0.5469741831869791,1,11,1,488773,116837,40270,67686,1.0822649968505687,0.3668160608704606
2798,0.5469741831869792,0,6,0,488779,116831,40270,67686,1.0822094186520435,0.36682798874900413
2799,0.5470174622208962,0,1,0,488780,116830,40270,67686,1.0822001556189558,0.36682997680417956
2800,0.5471078595128457,0,1,0,488781,116829,40270,67686,1.0821908925858683,0.36683196488090397
2801,0.5473718050155686,23,79,23,488860,116750,40293,67663,1.0814591129719515,0.3669101419097352
2802,0.5474249203981288,2,4,2,488864,116746,40295,67661,1.0814220608396012,0.3669112343891501
2803,0.5474635949206903,0,1,0,488865,116745,40295,67661,1.0814127978065138,0.36691322408164595
2804,0.5475208746394948,1,0,1,488865,116745,40296,67660,1.0814127978065138,0.3669097909492693
2805,0.547668732254023,0,2,0,488867,116743,40296,67660,1.0813942717403386,0.36691377038334516
2806,0.5476687322540231,1,4,1,488871,116739,40297,67659,1.0813572196079884,0.36691829629388606
2807,0.5478902317000719,8,18,8,488889,116721,40305,67651,1.0811904850124125,0.3669266482980062
2808,0.5479262188523122,2,1,2,488890,116720,40307,67649,1.0811812219793249,0.3669217710135652
2809,0.548060454814108,0,1,0,488891,116719,40307,67649,1.0811719589462374,0.36692376117330555
2810,0.548079633416257,1,4,1,488895,116715,40308,67648,1.0811349068138871,0.3669282882140126
2811,0.5481194694651728,0,1,0,488896,116714,40308,67648,1.0811256437807997,0.36693027847387205
2812,0.548363281321067,0,2,0,488898,116712,40308,67648,1.0811071177146245,0.3669342590583641
2813,0.5483632813210672,1,1,1,488899,116711,40309,67647,1.0810978546815369,0.3669328155002766
2814,0.5483769560634618,0,1,0,488900,116710,40309,67647,1.0810885916484494,0.3669348058386717
2815,0.5484870915934895,52,242,52,489142,116468,40361,67595,1.0788469376412613,0.367238391203012
2816,0.5486207679193561,0,1,0,489143,116467,40361,67595,1.0788376746081736,0.367240386391542
2817,0.5486495303484213,1,0,1,489143,116467,40362,67594,1.0788376746081736,0.3672369486202944
2818,0.5488207149380187,0,3,0,489146,116464,40362,67594,1.078809885508911,0.3672429342924513
2819,0.5489378288046393,8,30,8,489176,116434,40370,67586,1.0785319945162843,0.3672752961634605
2820,0.5491816406605335,17,76,17,489252,116358,40387,67569,1.0778280040016304,0.3673685755761797
2821,0.549334418837212,1,1,1,489253,116357,40388,67568,1.0778187409685427,0.367367133342395
2822,0.5494391272588226,7,31,7,489284,116326,40395,67561,1.0775315869428286,0.3674049824076743
2823,0.5495733632206184,1,12,1,489296,116314,40396,67560,1.077420430545778,0.36742551964932507
2824,0.5496557532096559,1,8,1,489304,116306,40397,67559,1.0773463262810774,0.36743806597231665
2825,0.549751666925069,0,1,0,489305,116305,40397,67559,1.07733706324799,0.3674400643954227
2826,0.55,1716,6804,1716,496109,109501,42113,65843,1.0143113861202713,0.3755075736837303
2827,0.5500056467467779,0,1,0,496110,109500,42113,65843,1.0143021230871836,0.37550971524383636
2828,0.5500203134634802,0,1,0,496111,109499,42113,65843,1.0142928600540961,0.3755118568283697
2829,0.5501041902214711,0,1,0,496112,109498,42113,65843,1.0142835970210085,0.3755139984373307
2830,0.5504639589969146,1,0,1,496112,109498,42114,65842,1.0142835970210085,0.37551043686551844
2831,0.5510123853816904,1,0,1,496112,109498,42115,65841,1.0142835970210085,0.3755068752530812
2832,0.5517177932181165,0,1,0,496113,109497,42115,65841,1.014274333987921,0.37550901687027344
2833,0.552445324020892,1,0,1,496113,109497,42116,65840,1.014274333987921,0.3755054552091116
2834,0.5528929159165177,1,0,1,496113,109497,42117,65839,1.014274333987921,0.3755018935073231
2835,0.5529307689696636,0,1,0,496114,109496,42117,65839,1.0142650709548335,0.3755040351327459
2836,0.5532838170071872,0,1,0,496115,109495,42117,65839,1.0142558079217459,0.3755061767825978
2837,0.5534328970204433,1,0,1,496115,109495,42118,65838,1.0142558079217459,0.3755026150239829
2838,0.5534897758099353,0,1,0,496116,109494,42118,65838,1.0142465448886584,0.3755047566901649
2839,0.5535276288630814,1,0,1,496116,109494,42119,65837,1.0142465448886584,0.37550119488282163
2840,0.5535276288630815,0,1,0,496117,109493,42119,65837,1.0142372818555707,0.37550333656533397
2841,0.5537744609611286,0,1,0,496118,109492,42119,65837,1.0142280188224833,0.3755054782722767
2842,0.5538245561015358,1,0,1,496118,109492,42120,65836,1.0142280188224833,0.37550191640810365
2843,0.5538873976385247,0,2,0,496120,109490,42120,65836,1.0142094927563081,0.3755061998790824
2844,0.554316067510727,0,1,0,496121,109489,42120,65836,1.0142002297232207,0.37550834165121916
2845,0.5543459882025479,0,2,0,496123,109487,42120,65836,1.0141817036570455,0.3755126252687896
2846,0.5544487556765508,0,1,0,496124,109486,42120,65836,1.0141724406239578,0.3755147671142241
2847,0.5544690100281725,0,1,0,496125,109485,42120,65836,1.0141631775908704,0.375516908984092
2848,0.554635062088129,0,1,0,496126,109484,42120,65836,1.0141539145577827,0.37551905087839377
2849,0.5546429154410024,0,1,0,496127,109483,42120,65836,1.0141446515246952,0.3755211927971298
2850,0.5547436100311373,0,1,0,496128,109482,42120,65836,1.0141353884916078,0.3755233347403005
2851,0.5547436100311374,1,1,1,496129,109481,42121,65835,1.01412612545852,0.37552191471400215
2852,0.5548644148870511,0,1,0,496130,109480,42121,65835,1.0141168624254326,0.3755240566979437
2853,0.554930401739564,0,1,0,496131,109479,42121,65835,1.014107599392345,0.37552619870632126
2854,0.5549980912129177,0,1,0,496132,109478,42121,65835,1.0140983363592575,0.37552834073913516
2855,0.5550026842164457,0,3,0,496135,109475,42121,65835,1.014070547259995,0.3755347669841994
2856,0.5550405372695919,1,0,1,496135,109475,42122,65834,1.014070547259995,0.3755312049010604
2857,0.5551363605423122,0,1,0,496136,109474,42122,65834,1.0140612842269072,0.3755333470235243
2858,0.5552620367156407,0,1,0,496137,109473,42122,65834,1.0140520211938198,0.37553548917042673
2859,0.555276703432343,0,1,0,496138,109472,42122,65834,1.014042758160732,0.3755376313417681
2860,0.5552873693676389,1,0,1,496138,109472,42123,65833,1.014042758160732,0.375534069193691
2861,0.555287369367639,1,0,1,496138,109472,42124,65832,1.014042758160732,0.3755305070049742
2862,0.5554514384318258,0,1,0,496139,109471,42124,65832,1.0140334951276446,0.37553264918455476
2863,0.5554612747804688,1,2,1,496141,109469,42125,65831,1.0140149690614695,0.37553337136337706
2864,0.5556972332834896,0,2,0,496143,109467,42125,65831,1.0139964429952943,0.37553765587742016
2865,0.5558375761735204,3,9,3,496152,109458,42128,65828,1.0139130756975063,0.3755462501283616
2866,0.5558588966090582,1,4,1,496156,109454,42129,65827,1.0138760235651563,0.37555125769478725
2867,0.5558588966090583,1,1,1,496157,109453,42130,65826,1.0138667605320686,0.3755498376873442
2868,0.5559120119916183,0,1,0,496158,109452,42130,65826,1.0138574974989811,0.37555198028275083
2869,0.5559925729349248,0,1,0,496159,109451,42130,65826,1.0138482344658934,0.3755541229026056
2870,0.5563773232935616,0,1,0,496160,109450,42130,65826,1.013838971432806,0.37555626554690885
2871,0.5564045683079977,1,0,1,496160,109450,42131,65825,1.013838971432806,0.37555270289545
2872,0.5564133104458017,0,1,0,496161,109449,42131,65825,1.0138297083997183,0.37555484555610075
2873,0.5564561205724933,0,1,0,496162,109448,42131,65825,1.0138204453666309,0.3755569882412009
2874,0.556515592622956,2,17,2,496179,109431,42133,65823,1.0136629738041425,0.3755862918963333
2875,0.5565155926229561,6,14,6,496193,109417,42139,65817,1.0135332913409167,0.3755949187942979
2876,0.5565534456761021,0,1,0,496194,109416,42139,65817,1.013524028307829,0.3755970621971889
2877,0.5565534456761022,0,4,0,496198,109412,42139,65817,1.013486976175479,0.375605636053393
2878,0.5566065610586624,0,1,0,496199,109411,42139,65817,1.0134777131423913,0.37560777957860614
2879,0.5566065610586625,1,0,1,496199,109411,42140,65816,1.0134777131423913,0.37560421624521334
2880,0.5568109322743912,0,2,0,496201,109409,42140,65816,1.0134591870762162,0.3756085033528321
2881,0.5569173043974871,0,2,0,496203,109407,42140,65816,1.013440661010041,0.3756127905583171
2882,0.5569173043974872,0,1,0,496204,109406,42140,65816,1.0134313979769536,0.37561493419776054
2883,0.556945168236187,0,1,0,496205,109405,42140,65816,1.0134221349438661,0.3756170778616718
2884,0.5569741831869791,0,6,0,496211,109399,42140,65816,1.0133665567453407,0.3756299403589875
2885,0.5569741831869792,3,1,3,496212,109398,42143,65813,1.0133572937122532,0.37562139363396135
2886,0.5570718723606055,0,1,0,496213,109397,42143,65813,1.0133480306791656,0.37562353746932253
2887,0.5571234676960432,0,1,0,496214,109396,42143,65813,1.013338767646078,0.37562568132915547
2888,0.5573718050155686,28,88,28,496302,109308,42171,65785,1.0125236207343733,0.37571462023039187
2889,0.5575611652223074,0,1,0,496303,109307,42171,65785,1.0125143577012856,0.37571676604299453
2890,0.557668732254023,1,1,1,496304,109306,42172,65784,1.0125050946681982,0.37571534639328347
2891,0.5576687322540231,1,16,1,496320,109290,42173,65783,1.0123568861387973,0.37574611733391217
2892,0.5578902317000719,3,13,3,496333,109277,42176,65780,1.0122364667086592,0.3757633228034297
2893,0.5579262188523121,1,2,1,496335,109275,42177,65779,1.012217940642484,0.37576404995030105
2894,0.558060454814108,0,3,0,496338,109272,42177,65779,1.0121901515432212,0.3757704897429892
2895,0.558079633416257,1,2,1,496340,109270,42178,65778,1.0121716254770463,0.3757712170376125
2896,0.5581194694651728,1,1,1,496341,109269,42179,65777,1.0121623624439586,0.3757697976531883
2897,0.5581428448031454,0,1,0,496342,109268,42179,65777,1.0121530994108712,0.3757719443571653
2898,0.558363281321067,0,1,0,496343,109267,42179,65777,1.0121438363777835,0.3757740910856699
2899,0.5583769560634618,0,1,0,496344,109266,42179,65777,1.012134573344696,0.3757762378387025
2900,0.5584729103048278,0,2,0,496346,109264,42179,65777,1.012116047278521,0.37578053141835344
2901,0.5584870915934895,52,232,52,496578,109032,42231,65725,1.0099670236022082,0.3760936614842324
2902,0.5585091054415563,1,0,1,496578,109032,42232,65724,1.0099670236022082,0.3760900913273364
2903,0.5586207679193561,0,1,0,496579,109031,42232,65724,1.0099577605691208,0.3760922434265114
2904,0.5586919764050957,1,0,1,496579,109031,42233,65723,1.0099577605691208,0.3760886732206416
2905,0.5587519083064875,0,1,0,496580,109030,42233,65723,1.009948497536033,0.37609082533633187
2906,0.558755003881152,0,1,0,496581,109029,42233,65723,1.0099392345029456,0.3760929774766526
2907,0.5588207149380185,0,3,0,496584,109026,42233,65723,1.009911445403683,0.37609943404540225
2908,0.5588782545176452,0,1,0,496585,109025,42233,65723,1.0099021823705954,0.37610158628424933
2909,0.5589378288046393,2,10,2,496595,109015,42235,65721,1.00980955203972,0.37611596923358664
2910,0.5591816406605336,25,91,25,496686,108924,42260,65696,1.0089666160287525,0.37622265490779977
2911,0.5594391272588226,5,32,5,496718,108892,42265,65691,1.0086701989699507,0.3762737494486863
2912,0.5595733632206185,4,7,4,496725,108885,42269,65687,1.0086053577383378,0.37627454574616775
2913,0.5596557532096559,3,4,3,496729,108881,42272,65684,1.0085683056059875,0.37627244865809295
2914,0.5597114722622524,0,1,0,496730,108880,42272,65684,1.0085590425729,0.3762746041566417
2915,0.5597994096301432,0,1,0,496731,108879,42272,65684,1.0085497795398126,0.37627675967988633
2916,0.56,1614,6431,1614,503162,102448,43886,64070,0.9489792137537515,0.38476320878223375
2917,0.5608047020360118,0,1,0,503163,102447,43886,64070,0.9489699507206639,0.38476551943645393
2918,0.5616751523470408,1,0,1,503163,102447,43887,64069,0.9489699507206639,0.3847618246895193
2919,0.561855408459949,0,1,0,503164,102446,43887,64069,0.9489606876875765,0.3847641353631805
2920,0.5623744892320144,0,3,0,503167,102443,43887,64069,0.9489328985883138,0.384771067550687
2921,0.5625006781013789,0,1,0,503168,102442,43887,64069,0.9489236355552262,0.38477337833536523
2922,0.5626591743832077,0,1,0,503169,102441,43887,64069,0.9489143725221386,0.3847756891477989
2923,0.5629358472700404,1,0,1,503169,102441,43888,64068,0.9489143725221386,0.3847719943066141
2924,0.5631171969606814,0,1,0,503170,102440,43888,64068,0.948905109489051,0.38477430513849187
2925,0.5631522684157124,0,1,0,503171,102439,43888,64068,0.9488958464559636,0.3847766159981262
2926,0.5632307016246269,0,2,0,503173,102437,43888,64068,0.9488773203897884,0.38478123780066664
2927,0.5637744609611285,0,1,0,503174,102436,43888,64068,0.9488680573567009,0.38478354874357373
2928,0.5637851154613703,0,1,0,503175,102435,43888,64068,0.9488587943236133,0.3847858597142394
2929,0.5638873976385248,0,2,0,503177,102433,43888,64068,0.9488402682574382,0.3847904817388484
2930,0.5641843248769792,0,1,0,503178,102432,43888,64068,0.9488310052243507,0.38479279279279277
2931,0.5643459882025478,0,2,0,503180,102430,43888,64068,0.9488124791581756,0.38479741498396375
2932,0.5643459882025479,0,1,0,503181,102429,43888,64068,0.948803216125088,0.3847997261211914
2933,0.5644436773761741,0,1,0,503182,102428,43888,64068,0.9487939530920004,0.38480203728618106
2934,0.5644690100281725,0,1,0,503183,102427,43888,64068,0.9487846900589129,0.3848043484789333
2935,0.5646429154410022,0,1,0,503184,102426,43888,64068,0.9487754270258253,0.3848066596994486
2936,0.5647436100311373,1,7,1,503191,102419,43889,64067,0.9487105857942124,0.38481914395204403
2937,0.5650026842164457,0,1,0,503192,102418,43889,64067,0.948701322761125,0.38482145538637114
2938,0.565019216834054,0,1,0,503193,102417,43889,64067,0.9486920597280374,0.3848237668484659
2939,0.5650405372695918,1,0,1,503193,102417,43890,64066,0.9486920597280374,0.3848200717190344
2940,0.565093652652152,0,1,0,503194,102416,43890,64066,0.9486827966949498,0.38482238320058626
2941,0.5652620367156406,0,3,0,503197,102413,43890,64066,0.9486550075956871,0.38482931781185614
2942,0.565287369367639,0,1,0,503198,102412,43890,64066,0.9486457445625995,0.3848316294044859
2943,0.5654043959909767,0,1,0,503199,102411,43890,64066,0.9486364815295121,0.38483394102488633
2944,0.5654322598296766,0,1,0,503200,102410,43890,64066,0.9486272184964245,0.384836252673058
2945,0.5654534214275954,1,0,1,503200,102410,43891,64065,0.9486272184964245,0.3848325574410572
2946,0.5656972332834896,1,1,1,503201,102409,43892,64064,0.9486179554633369,0.38483117382398346
2947,0.5658375761735204,3,11,3,503212,102398,43895,64061,0.9485160620993738,0.3848455175148235
2948,0.5658588966090582,2,5,2,503217,102393,43897,64059,0.948469746933936,0.38484968639607814
2949,0.5658588966090583,0,2,0,503219,102391,43897,64059,0.9484512208677609,0.38485431060378494
2950,0.5659547198817786,0,1,0,503220,102390,43897,64059,0.9484419578346733,0.3848566227493106
2951,0.5659925729349248,0,1,0,503221,102389,43897,64059,0.9484326948015859,0.38485893492261847
2952,0.5661558238475127,0,2,0,503223,102387,43897,64059,0.9484141687354107,0.3848635593525828
2953,0.566171345832612,0,1,0,503224,102386,43897,64059,0.9484049057023232,0.3848658716092403
2954,0.5662895001733792,1,0,1,503224,102386,43898,64058,0.9484049057023232,0.38486217586695826
2955,0.5663773232935615,0,3,0,503227,102383,43898,64058,0.9483771166030605,0.38486911277870234
2956,0.566515592622956,2,16,2,503243,102367,43900,64056,0.9482289080736597,0.3848987219314638
2957,0.5665155926229561,6,17,6,503260,102350,43906,64050,0.9480714365111712,0.38491586538461536
2958,0.5665534456761021,0,1,0,503261,102349,43906,64050,0.9480621734780836,0.3849181785948233
2959,0.5665534456761022,0,4,0,503265,102345,43906,64050,0.9480251213457335,0.3849274317136933
2960,0.5666065610586624,0,1,0,503266,102344,43906,64050,0.9480158583126459,0.38492974506292293
2961,0.5668109322743912,0,3,0,503269,102341,43906,64050,0.9479880692133832,0.3849366852774489
2962,0.5669173043974872,0,1,0,503270,102340,43906,64050,0.9479788061802957,0.38493899873790494
2963,0.5669741831869791,2,7,2,503277,102333,43908,64048,0.9479139649486827,0.38494780053010863
2964,0.5669741831869792,0,4,0,503281,102329,43908,64048,0.9478769128163326,0.3849570553622195
2965,0.5670275582252244,0,1,0,503282,102328,43908,64048,0.947867649783245,0.3849593691397798
2966,0.5670397385718036,0,2,0,503284,102326,43908,64048,0.9478491237170699,0.38496399677834275
2967,0.5670718723606054,0,1,0,503285,102325,43908,64048,0.9478398606839824,0.38496631063934655
2968,0.5672420954746416,0,1,0,503286,102324,43908,64048,0.9478305976508948,0.38496862452816577
2969,0.5673718050155686,28,81,28,503367,102243,43936,64020,0.9470802919708029,0.3850525973908807
2970,0.5674249203981289,0,1,0,503368,102242,43936,64020,0.9470710289377153,0.3850549133295642
2971,0.5676687322540231,3,7,3,503375,102235,43939,64017,0.9470061877061025,0.38506002935303035
2972,0.5678215104307016,1,0,1,503375,102235,43940,64016,0.9470061877061025,0.3850563304882377
2973,0.5678902317000719,3,15,3,503390,102220,43943,64013,0.9468672422097891,0.3850799781030241
2974,0.5679262188523121,0,5,0,503395,102215,43943,64013,0.9468209270443514,0.38509156098852176
2975,0.5680604548141079,1,1,1,503396,102214,43944,64012,0.9468116640112638,0.3850901784317736
2976,0.568079633416257,1,0,1,503396,102214,43945,64011,0.9468116640112638,0.3850864791698
2977,0.5681194694651728,0,1,0,503397,102213,43945,64011,0.9468024009781763,0.3850887958417557
2978,0.5681428448031454,1,0,1,503397,102213,43946,64010,0.9468024009781763,0.3850850965269548
2979,0.5683632813210671,0,4,0,503401,102209,43946,64010,0.9467653488458261,0.3850943634602542
2980,0.568394078158637,0,1,0,503402,102208,43946,64010,0.9467560858127385,0.3850966802632687
2981,0.5684870915934895,53,209,53,503611,101999,43999,63957,0.9448201118974398,0.38538528284605555
2982,0.5685111920252577,0,1,0,503612,101998,43999,63957,0.9448108488643522,0.38538760507366454
2983,0.5685160594977456,0,1,0,503613,101997,43999,63957,0.9448015858312646,0.3853899273292599
2984,0.5685935820142951,1,0,1,503613,101997,44000,63956,0.9448015858312646,0.3853862238103559
2985,0.5686207679193561,0,2,0,503615,101995,44000,63956,0.9447830597650895,0.3853908683888618
2986,0.5686841230522223,1,0,1,503615,101995,44001,63955,0.9447830597650895,0.3853871648086773
2987,0.5688207149380186,0,2,0,503617,101993,44001,63955,0.9447645336989143,0.38539180948248847
2988,0.5689378288046393,8,20,8,503637,101973,44009,63947,0.9445792730371633,0.3854086306653809
2989,0.569012490479441,0,2,0,503639,101971,44009,63947,0.9445607469709881,0.3854132764377584
2990,0.5691816406605334,10,33,10,503672,101938,44019,63937,0.9442550668790989,0.38545290128108517
2991,0.5691816406605336,10,44,10,503716,101894,44029,63927,0.9438474934232465,0.3855181189354786
2992,0.569334418837212,0,1,0,503717,101893,44029,63927,0.9438382303901589,0.3855204438547823
2993,0.5694391272588226,12,25,12,503742,101868,44041,63915,0.9436066545629701,0.38553410180778486
2994,0.5695153688446397,0,2,0,503744,101866,44041,63915,0.943588128496795,0.3855387529330864
2995,0.5695733632206185,4,8,4,503752,101858,44045,63911,0.9435140242320945,0.3855425320777709
2996,0.5696557532096559,0,6,0,503758,101852,44045,63911,0.9434584460335692,0.3855564872739996
2997,0.5697114722622524,1,0,1,503758,101852,44046,63910,0.9434584460335692,0.38555278049251335
2998,0.5697114722622525,0,1,0,503759,101851,44046,63910,0.9434491830004816,0.3855551064484408
2999,0.5697820319509873,0,1,0,503760,101850,44046,63910,0.9434399199673941,0.38555743243243246
3000,0.57,1679,6106,1679,509866,95744,45725,62231,0.8868798399347882,0.3939294192119006
3001,0.5706025066401955,1,1,1,509867,95743,45726,62230,0.8868705769017007,0.39392807631683896
3002,0.5712212502793249,0,1,0,509868,95742,45726,62230,0.8868613138686131,0.3939305699744258
3003,0.5716587325269996,0,1,0,509869,95741,45726,62230,0.8868520508355255,0.3939330636635838
3004,0.5717141143099128,0,1,0,509870,95740,45726,62230,0.8868427878024381,0.39393555738431346
3005,0.572445324020892,0,1,0,509871,95739,45726,62230,0.8868335247693505,0.3939380511366154
3006,0.5725691342933145,0,1,0,509872,95738,45726,62230,0.8868242617362629,0.39394054492049024
3007,0.5730690382990583,0,1,0,509873,95737,45726,62230,0.8868149987031754,0.3939430387359385
3008,0.5738283369474079,0,1,0,509874,95736,45726,62230,0.8868057356700878,0.3939455325829609
3009,0.5738873976385247,1,1,1,509875,95735,45727,62229,0.8867964726370002,0.39394418981540097
3010,0.5738980309876284,0,1,0,509876,95734,45727,62229,0.8867872096039127,0.393946683717073
3011,0.573908137286995,0,1,0,509877,95733,45727,62229,0.8867779465708252,0.39394917765032095
3012,0.5740460555475846,1,0,1,509877,95733,45728,62228,0.8867779465708252,0.39394534093858613
3013,0.5741843248769792,0,1,0,509878,95732,45728,62228,0.8867686835377376,0.3939478348949101
3014,0.5742221779301253,1,0,1,509878,95732,45729,62227,0.8867686835377376,0.39394399812609604
3015,0.5743246677670101,0,1,0,509879,95731,45729,62227,0.8867594205046501,0.39394649210549637
3016,0.5743459882025479,0,1,0,509880,95730,45729,62227,0.8867501574715625,0.3939489861164747
3017,0.5744418114752682,1,0,1,509880,95730,45730,62226,0.8867501574715625,0.3939451492820786
3018,0.5744418114752683,1,1,1,509881,95729,45731,62225,0.8867408944384749,0.39394380642465526
3019,0.5744796645284144,0,1,0,509882,95728,45731,62225,0.8867316314053874,0.3939463004817889
3020,0.5747436100311373,1,1,1,509883,95727,45732,62224,0.8867223683722998,0.39394495761343706
3021,0.5749004020392913,1,0,1,509883,95727,45733,62223,0.8867223683722998,0.3939411206077873
3022,0.5750026842164456,0,1,0,509884,95726,45733,62223,0.8867131053392123,0.39394361471107764
3023,0.5750405372695918,0,3,0,509887,95723,45733,62223,0.8866853162399496,0.393951097210439
3024,0.5750459057024832,0,1,0,509888,95722,45733,62223,0.886676053206862,0.39395359144005826
3025,0.5750538166032362,0,1,0,509889,95721,45733,62223,0.8866667901737745,0.3939560857012612
3026,0.575287369367639,0,1,0,509890,95720,45733,62223,0.8866575271406869,0.3939585799940485
3027,0.5752980238678808,0,1,0,509891,95719,45733,62223,0.8866482641075993,0.3939610743184207
3028,0.5756972332834898,0,1,0,509892,95718,45733,62223,0.8866390010745119,0.39396356867437843
3029,0.5758375761735204,2,12,2,509904,95706,45735,62221,0.8865278446774612,0.393985828895629
3030,0.5758588966090582,1,4,1,509908,95702,45736,62220,0.886490792545111,0.3939919707197224
3031,0.5758588966090583,1,3,1,509911,95699,45737,62219,0.8864630034458483,0.3939956179789511
3032,0.5760889098035225,0,1,0,509912,95698,45737,62219,0.8864537404127607,0.39399811293274317
3033,0.5761558238475127,1,0,1,509912,95698,45738,62218,0.8864537404127607,0.3939942754375744
3034,0.576309633820208,1,0,1,509912,95698,45739,62217,0.8864537404127607,0.3939904378938036
3035,0.576515592622956,6,14,6,509926,95684,45745,62211,0.886324057949535,0.3940023433294278
3036,0.5765155926229562,2,18,2,509944,95666,45747,62209,0.886157323353959,0.3940395882818686
3037,0.5765534456761021,0,1,0,509945,95665,45747,62209,0.8861480603208715,0.3940420841937241
3038,0.5765534456761022,0,8,0,509953,95657,45747,62209,0.886073956056171,0.3940620526269114
3039,0.5765667250097466,0,1,0,509954,95656,45747,62209,0.8860646930230834,0.3940645488233617
3040,0.5766065610586624,0,1,0,509955,95655,45747,62209,0.886055429989996,0.3940670450514367
3041,0.5768109322743912,2,0,2,509955,95655,45749,62207,0.886055429989996,0.3940593683090294
3042,0.5769173043974871,0,1,0,509956,95654,45749,62207,0.8860461669569084,0.39406186455172587
3043,0.576945168236187,0,1,0,509957,95653,45749,62207,0.8860369039238208,0.3940643608260484
3044,0.5769451682361871,0,1,0,509958,95652,45749,62207,0.8860276408907333,0.3940668571319975
3045,0.5769741831869791,2,3,2,509961,95649,45751,62205,0.8859998517914706,0.39406666920065375
3046,0.5769741831869792,1,6,1,509967,95643,45752,62204,0.8859442735929453,0.3940778095244129
3047,0.5769982836187473,0,1,0,509968,95642,45752,62204,0.8859350105598577,0.3940803061211561
3048,0.5770718723606055,1,2,1,509970,95640,45753,62203,0.8859164844936827,0.3940814606919534
3049,0.5772420954746416,1,0,1,509970,95640,45754,62202,0.8859164844936827,0.3940776219257232
3050,0.5772612740767906,0,1,0,509971,95639,45754,62202,0.8859072214605951,0.3940801186003637
3051,0.5773718050155686,23,82,23,510053,95557,45777,62179,0.8851476527474156,0.39419663234772023
3052,0.577668732254023,0,2,0,510055,95555,45777,62179,0.8851291266812406,0.3942016305932773
3053,0.5776687322540232,1,9,1,510064,95546,45778,62178,0.8850457593834525,0.3942202835332606
3054,0.5778902317000719,2,12,2,510076,95534,45780,62176,0.8849346029864019,0.3942425971720246
3055,0.5779262188523121,1,6,1,510082,95528,45781,62175,0.8848790247878765,0.39425375547706765
3056,0.578079633416257,0,2,0,510084,95526,45781,62175,0.8848604987217015,0.3942587554929899
3057,0.5781194694651728,2,0,2,510084,95526,45783,62173,0.8848604987217015,0.3942510732471354
3058,0.5783632813210671,2,2,2,510086,95524,45785,62171,0.8848419726555263,0.3942483908811313
3059,0.5784870915934895,40,204,40,510290,95320,45825,62131,0.8829523139056653,0.3946053057776705
3060,0.578496750556728,1,0,1,510290,95320,45826,62130,0.8829523139056653,0.3946014607812004
3061,0.5787517305087413,1,0,1,510290,95320,45827,62129,0.8829523139056653,0.3945976157358891
3062,0.578755003881152,0,1,0,510291,95319,45827,62129,0.8829430508725777,0.39460012194502314
3063,0.5788207149380186,0,2,0,510293,95317,45827,62129,0.8829245248064026,0.3946051344587986
3064,0.5788373938701894,0,2,0,510295,95315,45827,62129,0.8829059987402275,0.39461014709992126
3065,0.5788900818549705,0,1,0,510296,95314,45827,62129,0.88289673570714,0.3946126534682393
3066,0.5789378288046393,4,10,4,510306,95304,45831,62125,0.8828041053762644,0.3946223376887359
3067,0.5791816406605335,14,44,14,510350,95260,45845,62111,0.882396531920412,0.39467881630033486
3068,0.5791816406605336,9,31,9,510381,95229,45854,62102,0.8821093778946978,0.39472195562222323
3069,0.5792202691430429,0,1,0,510382,95228,45854,62102,0.8821001148616103,0.39472446450136656
3070,0.579334418837212,1,1,1,510383,95227,45855,62101,0.8820908518285228,0.39472312620766803
3071,0.5794391272588225,8,23,8,510406,95204,45863,62093,0.881877802067509,0.3947500588059531
3072,0.5795733632206184,1,16,1,510422,95188,45864,62092,0.8817295935381081,0.3947863682604273
3073,0.5796557532096558,0,6,0,510428,95182,45864,62092,0.8816740153395828,0.3948014293525948
3074,0.579904952156643,0,1,0,510429,95181,45864,62092,0.8816647523064952,0.3948039396463474
3075,0.58,1714,5906,1714,516335,89275,47578,60378,0.8269572788914002,0.40345332201826895
3076,0.5804029902614809,0,1,0,516336,89274,47578,60378,0.8269480158583127,0.4034560179616711
3077,0.5808994338786501,0,1,0,516337,89273,47578,60378,0.8269387528252251,0.40345871394110294
3078,0.5811963611171046,1,1,1,516338,89272,47579,60377,0.8269294897921375,0.4034574237048026
3079,0.5815561298925478,0,1,0,516339,89271,47579,60377,0.82692022675905,0.40346011974767454
3080,0.5818205606921194,0,1,0,516340,89270,47579,60377,0.8269109637259624,0.40346281582657856
3081,0.5826591743832076,0,1,0,516341,89269,47579,60377,0.8269017006928748,0.4034655119415153
3082,0.5826656366782316,0,1,0,516342,89268,47579,60377,0.8268924376597874,0.40346820809248557
3083,0.5834897758099352,1,0,1,516342,89268,47580,60376,0.8268924376597874,0.4034642217529604
3084,0.5837491283091301,0,1,0,516343,89267,47580,60376,0.8268831746266998,0.40346691793134326
3085,0.5837576880975976,0,1,0,516344,89266,47580,60376,0.8268739115936122,0.4034696141457612
3086,0.5837744609611285,0,2,0,516346,89264,47580,60376,0.8268553855274371,0.40347500668270514
3087,0.5838873976385248,0,3,0,516349,89261,47580,60376,0.8268275964281745,0.403483095758402
3088,0.5839483663739583,0,1,0,516350,89260,47580,60376,0.8268183333950869,0.4034857921890454
3089,0.5841827372899598,2,1,2,516351,89259,47582,60374,0.8268090703619994,0.40348051566165216
3090,0.58432466776701,0,2,0,516353,89257,47582,60374,0.8267905442958242,0.40348590866865824
3091,0.5843459882025478,0,1,0,516354,89256,47582,60374,0.8267812812627366,0.4034886052262247
3092,0.5844690100281725,0,1,0,516355,89255,47582,60374,0.8267720182296491,0.4034913018198344
3093,0.5847436100311373,1,2,1,516357,89253,47583,60373,0.826753492163474,0.403492708486493
3094,0.5847754049781596,0,1,0,516358,89252,47583,60373,0.8267442291303865,0.4034954051796157
3095,0.5847902665092636,1,0,1,516358,89252,47584,60372,0.8267442291303865,0.40349141848901243
3096,0.5849004020392913,0,1,0,516359,89251,47584,60372,0.8267349660972989,0.40349411520956
3097,0.5850026842164456,0,1,0,516360,89250,47584,60372,0.8267257030642113,0.4034968119661547
3098,0.5850026842164457,2,4,2,516364,89246,47586,60370,0.8266886509318612,0.40349962570848036
3099,0.5852620367156406,0,5,0,516369,89241,47586,60370,0.8266423357664233,0.4035131106669964
3100,0.585287369367639,0,3,0,516372,89238,47586,60370,0.8266145466671607,0.40352120207475534
3101,0.5854612747804687,1,1,1,516373,89237,47587,60369,0.8266052836340732,0.4035199123029825
3102,0.5856972332834897,0,2,0,516375,89235,47587,60369,0.826586757567898,0.40352530680997833
3103,0.5857277510881718,1,0,1,516375,89235,47588,60368,0.826586757567898,0.4035213197596305
3104,0.5857723625141165,0,2,0,516377,89233,47588,60368,0.8265682315017229,0.40352671439362037
3105,0.5858375761735204,1,4,1,516381,89229,47589,60367,0.8265311793693727,0.40353351693895556
3106,0.5858588966090582,1,5,1,516386,89224,47590,60366,0.826484864203935,0.4035430175813891
3107,0.5858588966090583,1,2,1,516388,89222,47591,60365,0.8264663381377598,0.40354442565196175
3108,0.5859547198817787,0,1,0,516389,89221,47591,60365,0.8264570751046723,0.4035471233939005
3109,0.5863096338202078,0,1,0,516390,89220,47591,60365,0.8264478120715847,0.40354982117190896
3110,0.5863773232935615,0,2,0,516392,89218,47591,60365,0.8264292860054097,0.4035552168361378
3111,0.5864133104458017,0,2,0,516394,89216,47591,60365,0.8264107599392345,0.4035606126446541
3112,0.5864943849849853,0,1,0,516395,89215,47591,60365,0.826401496906147,0.4035633106030218
3113,0.586515592622956,1,11,1,516406,89204,47592,60364,0.8262996035421839,0.4035890029952931
3114,0.5865155926229562,4,15,4,516421,89189,47596,60360,0.8261606580458706,0.4036135313509285
3115,0.5865534456761021,0,1,0,516422,89188,47596,60360,0.826151395012783,0.4036162302404579
3116,0.5865534456761022,0,2,0,516424,89186,47596,60360,0.8261328689466079,0.40362162812780017
3117,0.5868109322743912,0,1,0,516425,89185,47596,60360,0.8261236059135203,0.40362432712561436
3118,0.5868503729145567,0,1,0,516426,89184,47596,60360,0.8261143428804327,0.40362702615952495
3119,0.5869173043974871,0,1,0,516427,89183,47596,60360,0.8261050798473453,0.40362972522953267
3120,0.5869741831869791,1,7,1,516434,89176,47597,60359,0.8260402386157323,0.4036446316915772
3121,0.5869741831869792,0,3,0,516437,89173,47597,60359,0.8260124495164697,0.4036527298504668
3122,0.5870718723606054,0,1,0,516438,89172,47597,60359,0.8260031864833821,0.40365542930897275
3123,0.5873653461111347,0,1,0,516439,89171,47597,60359,0.8259939234502945,0.4036581288035846
3124,0.5873718050155686,26,75,26,516514,89096,47623,60333,0.825299195968728,0.4037569681922518
3125,0.5874249203981288,0,1,0,516515,89095,47623,60333,0.8252899329356405,0.4037596702090639
3126,0.5874249203981289,0,1,0,516516,89094,47623,60333,0.8252806699025529,0.403762372262041
3127,0.5875187606750796,0,1,0,516517,89093,47623,60333,0.8252714068694653,0.40376507435118386
3128,0.587668732254023,0,3,0,516520,89090,47623,60333,0.8252436177702027,0.4037731808356143
3129,0.5876687322540232,2,6,2,516526,89084,47625,60331,0.8251880395716773,0.4037814141819764
3130,0.5877162080237639,0,1,0,516527,89083,47625,60331,0.8251787765385898,0.40378411661557817
3131,0.5878736170656292,0,1,0,516528,89082,47625,60331,0.8251695135055023,0.403786819085354
3132,0.5878756576092785,1,0,1,516528,89082,47626,60330,0.8251695135055023,0.4037828286884588
3133,0.5878902317000719,4,19,4,516547,89063,47630,60326,0.8249935158768387,0.403818219547624
3134,0.5879262188523121,0,2,0,516549,89061,47630,60326,0.8249749898106636,0.40382362588444776
3135,0.587933548967021,0,1,0,516550,89060,47630,60326,0.8249657267775761,0.4038263291071452
3136,0.5880023555985521,0,1,0,516551,89059,47630,60326,0.8249564637444885,0.40382903236603407
3137,0.5880023555985522,0,1,0,516552,89058,47630,60326,0.8249472007114009,0.40383173566111497
3138,0.5880598951781787,0,1,0,516553,89057,47630,60326,0.8249379376783134,0.4038344389923887
3139,0.588060454814108,1,1,1,516554,89056,47631,60325,0.8249286746452258,0.40383315147174004
3140,0.588079633416257,0,1,0,516555,89055,47631,60325,0.8249194116121383,0.4038358548667827
3141,0.5881194694651728,0,1,0,516556,89054,47631,60325,0.8249101485790508,0.40383855829802046
3142,0.5881985638557421,1,0,1,516556,89054,47632,60324,0.8249101485790508,0.40383456733923334
3143,0.5883632813210671,0,1,0,516557,89053,47632,60324,0.8249008855459632,0.4038372707980479
3144,0.5884870915934896,50,160,50,516717,88893,47682,60274,0.8234188002519545,0.4040706054288147
3145,0.588620767919356,2,2,2,516719,88891,47684,60272,0.8234002741857794,0.4040680329572347
3146,0.5886207679193561,0,1,0,516720,88890,47684,60272,0.8233910111526919,0.4040707418779582
3147,0.588755003881152,1,0,1,516720,88890,47685,60271,0.8233910111526919,0.4040667466697059
3148,0.5888207149380186,1,2,1,516722,88888,47686,60270,0.8233724850865167,0.4040681693238043
3149,0.5888782545176451,0,1,0,516723,88887,47686,60270,0.8233632220534292,0.4040708783362497
3150,0.5889378288046392,5,16,5,516739,88871,47691,60265,0.8232150135240283,0.40409424954404033
3151,0.5890337830460053,0,1,0,516740,88870,47691,60265,0.8232057504909408,0.4040969591309887
3152,0.5891816406605335,18,47,18,516787,88823,47709,60247,0.8227703879358257,0.40415241161870263
3153,0.5891816406605336,12,40,12,516827,88783,47721,60235,0.8223998666123236,0.404212913876176
3154,0.589334418837212,0,4,0,516831,88779,47721,60235,0.8223628144799733,0.4042237642100742
3155,0.5893652050366017,0,1,0,516832,88778,47721,60235,0.8223535514468858,0.40422647688456714
3156,0.5894391272588225,10,29,10,516861,88749,47731,60225,0.8220849234873467,0.4042651737887148
3157,0.5895153688446397,0,1,0,516862,88748,47731,60225,0.8220756604542592,0.40426788746954145
3158,0.5895733632206184,3,9,3,516871,88739,47734,60222,0.8219922931564712,0.40428031498177375
3159,0.5896557532096558,0,5,0,516876,88734,47734,60222,0.8219459779910334,0.4042938854426811
3160,0.5897114722622525,0,1,0,516877,88733,47734,60222,0.8219367149579458,0.40429659964418785
3161,0.5897516669250691,0,1,0,516878,88732,47734,60222,0.8219274519248583,0.40429931388213813
3162,0.5899694724564187,0,1,0,516879,88731,47734,60222,0.8219181888917707,0.4043020281565326
3163,0.59,1765,5570,1765,522449,83161,49499,58457,0.7703230945940939,0.4127794489401065
3164,0.5915880836771894,1,0,1,522449,83161,49500,58456,0.7703230945940939,0.4127753024001356
3165,0.5917177932181166,0,1,0,522450,83160,49500,58456,0.7703138315610063,0.4127782171506045
3166,0.591851469543983,0,1,0,522451,83159,49500,58456,0.7703045685279187,0.41278113194223776
3167,0.5922037508629244,0,1,0,522452,83158,49500,58456,0.7702953054948313,0.4127840467750364
3168,0.5923744892320143,1,1,1,522453,83157,49501,58455,0.7702860424617437,0.41278281501567665
3169,0.5928330797960374,0,1,0,522454,83156,49501,58455,0.7702767794286561,0.41278572992211054
3170,0.5928861951785975,0,1,0,522455,83155,49501,58455,0.7702675163955686,0.4127886448697126
3171,0.5932307016246269,0,1,0,522456,83154,49501,58455,0.770258253362481,0.4127915598584836
3172,0.5932526026751266,0,1,0,522457,83153,49501,58455,0.7702489903293934,0.41279447488842436
3173,0.5935276288630815,0,1,0,522458,83152,49501,58455,0.7702397272963059,0.4127973899595359
3174,0.593606872162511,0,1,0,522459,83151,49501,58455,0.7702304642632184,0.412800305071819
3175,0.5937491283091302,1,0,1,522459,83151,49502,58454,0.7702304642632184,0.4127961583277427
3176,0.5937851154613705,0,1,0,522460,83150,49502,58454,0.7702212012301308,0.4127990734725008
3177,0.5943459882025478,0,2,0,522462,83148,49502,58454,0.7702026751639557,0.41280490388553837
3178,0.5947436100311373,2,0,2,522462,83148,49504,58452,0.7702026751639557,0.41279661016949154
3179,0.5947436100311374,0,2,0,522464,83146,49504,58452,0.7701841490977805,0.41280244071243943
3180,0.5950026842164458,1,2,1,522466,83144,49505,58451,0.7701656230316055,0.41280412443942227
3181,0.5950405372695918,0,1,0,522467,83143,49505,58451,0.770156359998518,0.41280703984632117
3182,0.5952620367156406,1,0,1,522467,83143,49506,58450,0.770156359998518,0.4128028927983728
3183,0.595287369367639,0,3,0,522470,83140,49506,58450,0.7701285708992552,0.4128116392400593
3184,0.5953374645080463,0,1,0,522471,83139,49506,58450,0.7701193078661677,0.4128145548029861
3185,0.5956053767957087,1,0,1,522471,83139,49507,58449,0.7701193078661677,0.41281040766166627
3186,0.5956627409723386,0,1,0,522472,83138,49507,58449,0.7701100448330801,0.4128133232570787
3187,0.5956972332834897,2,0,2,522472,83138,49509,58447,0.7701100448330801,0.41280502878129743
3188,0.5958375761735204,1,13,1,522485,83125,49510,58446,0.7699896254029419,0.4128387876048061
3189,0.5958588966090582,4,5,4,522490,83120,49514,58442,0.7699433102375042,0.41283677823144627
3190,0.5958588966090583,1,0,1,522490,83120,49515,58441,0.7699433102375042,0.41283263045612845
3191,0.5959120119916185,0,1,0,522491,83119,49515,58441,0.7699340472044166,0.41283554676462275
3192,0.5959547198817787,1,0,1,522491,83119,49516,58440,0.7699340472044166,0.41283139892200427
3193,0.5961558238475128,1,0,1,522491,83119,49517,58439,0.7699340472044166,0.412827251020783
3194,0.5963096338202079,0,1,0,522492,83118,49517,58439,0.769924784171329,0.41283016735308037
3195,0.5963773232935615,2,3,2,522495,83115,49519,58437,0.7698969950720664,0.4128306205493388
3196,0.5965155926229561,3,8,3,522503,83107,49522,58434,0.769822890807366,0.4128415088207657
3197,0.5965155926229562,5,13,5,522516,83094,49527,58429,0.7697024713772278,0.4128586872805127
3198,0.5965338256251509,1,0,1,522516,83094,49528,58428,0.7697024713772278,0.4128545385169797
3199,0.5965534456761021,0,1,0,522517,83093,49528,58428,0.7696932083441402,0.4128574557839473
3200,0.5965534456761022,4,1,4,522518,83092,49532,58424,0.7696839453110527,0.4128437773820628
3201,0.5968640476569513,0,1,0,522519,83091,49532,58424,0.7696746822779651,0.4128466946966753
3202,0.5969173043974871,0,2,0,522521,83089,49532,58424,0.76965615621179,0.4128525294495912
3203,0.5969741831869791,5,5,5,522526,83084,49537,58419,0.7696098410463522,0.41284637074832337
3204,0.5970275582252245,0,1,0,522527,83083,49537,58419,0.7696005780132646,0.4128492883492813
3205,0.5973011101257064,0,1,0,522528,83082,49537,58419,0.7695913149801771,0.4128522059914771
3206,0.5973078065315082,0,1,0,522529,83081,49537,58419,0.7695820519470895,0.4128551236749117
3207,0.5973293589588945,0,1,0,522530,83080,49537,58419,0.769572788914002,0.4128580413995859
3208,0.5973718050155686,27,82,27,522612,82998,49564,58392,0.7688132202008225,0.41298535964353916
3209,0.5973771734484601,0,1,0,522613,82997,49564,58392,0.768803957167735,0.41298828055930803
3210,0.5974635949206903,0,1,0,522614,82996,49564,58392,0.7687946941346474,0.4129912015163946
3211,0.5976687322540231,0,3,0,522617,82993,49564,58392,0.7687669050353848,0.41299996463556954
3212,0.5976687322540232,4,5,4,522622,82988,49568,58388,0.7687205898699471,0.4129979628791308
3213,0.5977095064520647,0,2,0,522624,82986,49568,58388,0.7687020638037719,0.4130038055087923
3214,0.5977162080237639,2,0,2,522624,82986,49570,58386,0.7687020638037719,0.41299550123079537
3215,0.5978902317000719,9,18,9,522642,82968,49579,58377,0.7685353292081959,0.41301071845484455
3216,0.5979262188523121,0,5,0,522647,82963,49579,58377,0.7684890140427582,0.41302532899391536
3217,0.5980604548141081,0,1,0,522648,82962,49579,58377,0.7684797510096706,0.4130282512257763
3218,0.598079633416257,1,1,1,522649,82961,49580,58376,0.768470487976583,0.4130270205254109
3219,0.5981909397843984,0,1,0,522650,82960,49580,58376,0.7684612249434954,0.4130299428312673
3220,0.5982285980231431,0,1,0,522651,82959,49580,58376,0.768451961910408,0.41303286517847665
3221,0.5983632813210671,0,2,0,522653,82957,49580,58376,0.7684334358442328,0.4130387099969575
3222,0.5984870915934896,57,175,57,522828,82782,49637,58319,0.7668124050539109,0.4133138673715991
3223,0.598620767919356,1,0,1,522828,82782,49638,58318,0.7668124050539109,0.41330970942593903
3224,0.5986207679193561,0,2,0,522830,82780,49638,58318,0.7667938789877358,0.4133155679031595
3225,0.5989378288046392,5,15,5,522845,82765,49643,58313,0.7666549334914224,0.41333872042416253
3226,0.5990337830460053,0,1,0,522846,82764,49643,58313,0.7666456704583349,0.4133416503044437
3227,0.5990618188937133,0,2,0,522848,82762,49643,58313,0.7666271443921597,0.41334751018961546
3228,0.5991816406605335,14,43,14,522891,82719,49657,58299,0.7662288339693949,0.4134153086839978
3229,0.5991816406605336,13,52,13,522943,82667,49670,58286,0.7657471562488422,0.413513724432967
3230,0.5993344188372121,0,1,0,522944,82666,49670,58286,0.7657378932157546,0.41351665815313016
3231,0.5994391272588225,12,28,12,522972,82638,49682,58274,0.7654785282893031,0.41354888157147723
3232,0.5995733632206184,2,7,2,522979,82631,49684,58272,0.7654136870576902,0.41356110231861637
3233,0.5996440120704285,1,0,1,522979,82631,49685,58271,0.7654136870576902,0.4135569402847369
3234,0.5996557532096558,0,4,0,522983,82627,49685,58271,0.7653766349253399,0.41356868088972165
3235,0.5997114722622525,0,1,0,522984,82626,49685,58271,0.7653673718922523,0.4135716161451273
3236,0.6,1719,5215,1719,528199,77411,51404,56552,0.7170606543406574,0.42214641356195365
3237,0.6002048848116062,1,0,1,528199,77411,51405,56551,0.7170606543406574,0.42214209999850705
3238,0.6006025066401955,0,1,0,528200,77410,51405,56551,0.7170513913075698,0.42214525122983554
3239,0.6007484039021851,0,1,0,528201,77409,51405,56551,0.7170421282744822,0.4221484025082114
3240,0.6015855987572075,0,1,0,528202,77408,51405,56551,0.7170328652413946,0.4221515538336357
3241,0.6017177932181164,0,1,0,528203,77407,51405,56551,0.7170236022083071,0.42215470520610937
3242,0.6017177932181165,0,1,0,528204,77406,51405,56551,0.7170143391752195,0.4221578566256336
3243,0.6019279602645158,0,1,0,528205,77405,51405,56551,0.7170050761421319,0.42216100809220936
3244,0.6023744892320143,0,1,0,528206,77404,51405,56551,0.7169958131090445,0.4221641596058378
3245,0.6023868702577089,0,1,0,528207,77403,51405,56551,0.7169865500759569,0.42216731116651984
3246,0.6028330797960374,1,0,1,528207,77403,51406,56550,0.7169865500759569,0.4221629974692616
3247,0.6031201706858488,1,0,1,528207,77403,51407,56549,0.7169865500759569,0.42215868370759674
3248,0.6031300070344918,1,0,1,528207,77403,51408,56548,0.7169865500759569,0.4221543698815238
3249,0.6032093811890891,0,1,0,528208,77402,51408,56548,0.7169772870428693,0.42215752146323254
3250,0.6032307016246269,2,1,2,528209,77401,51410,56546,0.7169680240097818,0.4221520452119122
3251,0.6033659655375129,0,1,0,528210,77400,51410,56546,0.7169587609766942,0.4221551968703806
3252,0.6039252506916708,0,1,0,528211,77399,51410,56546,0.7169494979436066,0.422158348575908
3253,0.6041843248769793,1,0,1,528211,77399,51411,56545,0.7169494979436066,0.42215403452188976
3254,0.6043008223842472,0,1,0,528212,77398,51411,56545,0.7169402349105191,0.4221571862657996
3255,0.6043169732517557,0,1,0,528213,77397,51411,56545,0.7169309718774316,0.42216033805677083
3256,0.60432466776701,0,1,0,528214,77396,51411,56545,0.716921708844344,0.42216348989480446
3257,0.6043246677670101,1,0,1,528214,77396,51412,56544,0.716921708844344,0.42215917575033596
3258,0.6043459882025478,0,2,0,528216,77394,51412,56544,0.7169031827781689,0.42216547955023964
3259,0.6047436100311373,0,1,0,528217,77393,51412,56544,0.7168939197450813,0.42216863152078965
3260,0.6050026842164457,2,5,2,528222,77388,51414,56542,0.7168476045796436,0.4221757634585231
3261,0.6052873693676389,0,1,0,528223,77387,51414,56542,0.716838341546556,0.42217891569413646
3262,0.6053374645080464,0,1,0,528224,77386,51414,56542,0.7168290785134684,0.4221820679768234
3263,0.6056972332834897,0,1,0,528225,77385,51414,56542,0.7168198154803809,0.42218522030658495
3264,0.6058375761735204,3,10,3,528235,77375,51417,56539,0.7167271851495054,0.4222038024403722
3265,0.6058588966090582,1,6,1,528241,77369,51418,56538,0.71667160695098,0.4222184053111488
3266,0.6061558238475127,0,1,0,528242,77368,51418,56538,0.7166623439178925,0.4222215584066435
3267,0.606171345832612,0,1,0,528243,77367,51418,56538,0.716653080884805,0.4222247115492327
3268,0.6063096338202079,2,1,2,528244,77366,51420,56536,0.7166438178517174,0.4222192349628833
3269,0.6065155926229561,0,8,0,528252,77358,51420,56536,0.7165697135870169,0.42224446203713384
3270,0.6065155926229562,4,16,4,528268,77342,51424,56532,0.716421505057616,0.42227766407218725
3271,0.6065475464075976,1,0,1,528268,77342,51425,56531,0.716421505057616,0.42227334862145466
3272,0.6065475464075977,0,1,0,528269,77341,51425,56531,0.7164122420245285,0.4222765029281702
3273,0.6065534456761021,2,0,2,528269,77341,51427,56529,0.7164122420245285,0.42226787181594083
3274,0.6065534456761023,0,2,0,528271,77339,51427,56529,0.7163937159583534,0.4222741805360504
3275,0.6065966671621397,0,1,0,528272,77338,51427,56529,0.7163844529252659,0.4222773349667954
3276,0.6066452355812239,0,1,0,528273,77337,51427,56529,0.7163751898921783,0.42228048944466856
3277,0.6068109322743912,1,0,1,528273,77337,51428,56528,0.7163751898921783,0.4222761737571434
3278,0.6069451682361872,0,1,0,528274,77336,51428,56528,0.7163659268590907,0.4222793282734716
3279,0.6069741831869792,1,9,1,528283,77327,51429,56527,0.7162825595613027,0.4223034052026835
3280,0.6073011101257064,0,2,0,528285,77325,51429,56527,0.7162640334951277,0.4223097152078415
3281,0.6073677069497164,1,0,1,528285,77325,51430,56526,0.7162640334951277,0.4223053992872672
3282,0.6073718050155686,20,75,20,528360,77250,51450,56506,0.7155693060135611,0.42245581506624
3283,0.6074249203981288,2,0,2,528360,77250,51452,56504,0.7155693060135611,0.4224471791497824
3284,0.6076687322540232,2,7,2,528367,77243,51454,56502,0.7155044647819482,0.4224606527346817
3285,0.6077095064520646,0,1,0,528368,77242,51454,56502,0.7154952017488606,0.42246381146070106
3286,0.6077162080237639,2,0,2,528368,77242,51456,56500,0.7154952017488606,0.42245517488896533
3287,0.607890231700072,3,13,3,528381,77229,51459,56497,0.7153747823187224,0.4224832867206078
3288,0.6079262188523121,0,3,0,528384,77226,51459,56497,0.7153469932194598,0.42249276489459553
3289,0.607933548967021,0,1,0,528385,77225,51459,56497,0.7153377301863723,0.42249592438043104
3290,0.608079633416257,0,3,0,528388,77222,51459,56497,0.7153099410871095,0.42250540312147117
3291,0.6083632813210671,1,0,1,528388,77222,51460,56496,0.7153099410871095,0.42250108437158795
3292,0.6084870915934896,54,181,54,528569,77041,51514,56442,0.7136333320982623,0.42284036169399847
3293,0.6085111920252576,0,1,0,528570,77040,51514,56442,0.7136240690651747,0.42284352946464693
3294,0.6086207679193562,0,1,0,528571,77039,51514,56442,0.7136148060320872,0.42284669728275937
3295,0.6087519083064875,1,0,1,528571,77039,51515,56441,0.7136148060320872,0.4228423733892718
3296,0.6088207149380186,1,1,1,528572,77038,51516,56440,0.7136055429989996,0.422841217279252
3297,0.6088900818549705,0,1,0,528573,77037,51516,56440,0.713596279965912,0.42284438517497397
3298,0.6089378288046392,4,17,4,528590,77020,51520,56436,0.7134388084034237,0.4228809495264357
3299,0.6091816406605335,8,35,8,528625,76985,51528,56428,0.7131146022453593,0.4229572830233935
3300,0.6091816406605336,14,42,14,528667,76943,51542,56414,0.7127255548556819,0.42302991219058617
3301,0.6093344188372121,2,2,2,528669,76941,51544,56412,0.7127070287895069,0.42302760342849427
3302,0.6094391272588225,2,36,2,528705,76905,51546,56410,0.7123735595983549,0.4231331808123617
3303,0.6095733632206184,2,9,2,528714,76896,51548,56408,0.7122901923005669,0.4231530936806097
3304,0.6096557532096558,2,3,2,528717,76893,51550,56406,0.7122624032013042,0.4231539621452524
3305,0.6097114722622524,0,1,0,528718,76892,51550,56406,0.7122531401682167,0.4231571366412099
3306,0.6097114722622525,0,1,0,528719,76891,51550,56406,0.7122438771351292,0.42316031118479785
3307,0.61,1744,4930,1744,533649,71961,53294,54662,0.666577124013487,0.431690925029418
3308,0.6100053684328914,0,1,0,533650,71960,53294,54662,0.6665678609803994,0.43169433431789106
3309,0.6111294931131663,0,1,0,533651,71959,53294,54662,0.6665585979473119,0.43169774366021435
3310,0.611556129892548,0,1,0,533652,71958,53294,54662,0.6665493349142243,0.4317011530563892
3311,0.6116898062184144,0,1,0,533653,71957,53294,54662,0.6665400718811367,0.43170456250641687
3312,0.6118438844900872,0,1,0,533654,71956,53294,54662,0.6665308088480492,0.4317079720102987
3313,0.6128330797960375,0,1,0,533655,71955,53294,54662,0.6665215458149617,0.4317113815680359
3314,0.6131201706858488,0,1,0,533656,71954,53294,54662,0.6665122827818741,0.43171479117962974
3315,0.6132307016246269,1,0,1,533656,71954,53295,54661,0.6665122827818741,0.4317103028867038
3316,0.6134897758099352,0,1,0,533657,71953,53295,54661,0.6665030197487866,0.43171371254363655
3317,0.6136218645487824,0,1,0,533658,71952,53295,54661,0.666493756715699,0.4317171222544289
3318,0.6137744609611285,1,0,1,533658,71952,53296,54660,0.666493756715699,0.4317126338735665
3319,0.6137851154613704,0,1,0,533659,71951,53296,54660,0.6664844936826114,0.4317160436297004
3320,0.613978366074231,1,0,1,533659,71951,53297,54659,0.6664844936826114,0.4317115551694179
3321,0.6141843248769792,0,1,0,533660,71950,53297,54659,0.6664752306495239,0.4317149649708946
3322,0.6141843248769793,0,1,0,533661,71949,53297,54659,0.6664659676164363,0.4317183748262353
3323,0.61432466776701,1,4,1,533665,71945,53298,54658,0.6664289154840861,0.43172752620396043
3324,0.6143459882025478,2,1,2,533666,71944,53300,54656,0.6664196524509985,0.4317219589257504
3325,0.6143459882025479,0,1,0,533667,71943,53300,54656,0.666410389417911,0.4317253690787447
3326,0.6144796645284143,0,1,0,533668,71942,53300,54656,0.6664011263848234,0.4317287792856127
3327,0.6146350620881289,0,1,0,533669,71941,53300,54656,0.666391863351736,0.4317321895463558
3328,0.6147436100311373,0,1,0,533670,71940,53300,54656,0.6663826003186484,0.4317355998609751
3329,0.6148319458473558,1,0,1,533670,71940,53301,54655,0.6663826003186484,0.43173111102334216
3330,0.6150026842164457,0,7,0,533677,71933,53301,54655,0.6663177590870355,0.4317549846746927
3331,0.6150405372695917,1,1,1,533678,71932,53302,54654,0.6663084960539479,0.4317539064351508
3332,0.615287369367639,0,1,0,533679,71931,53302,54654,0.6662992330208604,0.4317573172176798
3333,0.6154322598296766,0,1,0,533680,71930,53302,54654,0.6662899699877728,0.4317607280540985
3334,0.6154612747804687,1,0,1,533680,71930,53303,54653,0.6662899699877728,0.43175623898943777
3335,0.6157350863366358,0,1,0,533681,71929,53303,54653,0.6662807069546852,0.4317596498712297
3336,0.6158375761735204,1,9,1,533690,71920,53304,54652,0.6661973396568972,0.4317858610119142
3337,0.6158588966090582,0,8,0,533698,71912,53304,54652,0.6661232353921969,0.43181315381941154
3338,0.6158878645133142,0,1,0,533699,71911,53304,54652,0.6661139723591093,0.43181656566295046
3339,0.6161558238475127,0,1,0,533700,71910,53304,54652,0.6661047093260217,0.4318199775604052
3340,0.6163096338202079,0,2,0,533702,71908,53304,54652,0.6660861832598466,0.431826801517067
3341,0.616309633820208,0,1,0,533703,71907,53304,54652,0.666076920226759,0.43183021357627666
3342,0.6163773232935614,1,2,1,533705,71905,53305,54651,0.666058394160584,0.43183254843705554
3343,0.6163773232935615,0,2,0,533707,71903,53305,54651,0.6660398680944088,0.4318393729159094
3344,0.6164133104458017,1,1,1,533708,71902,53306,54650,0.6660306050613213,0.43183829572033633
3345,0.6165155926229561,2,10,2,533718,71892,53308,54648,0.6659379747304457,0.43186344238975816
3346,0.6165155926229562,5,11,5,533729,71881,53313,54643,0.6658360813664826,0.4318785368783788
3347,0.6165475464075976,0,1,0,533730,71880,53313,54643,0.6658268183333951,0.4318819503173336
3348,0.6165534456761022,0,1,0,533731,71879,53313,54643,0.6658175553003075,0.43188536381024645
3349,0.6165534456761023,1,2,1,533733,71877,53314,54642,0.6657990292341325,0.43188770066156074
3350,0.6168109322743912,1,2,1,533735,71875,53315,54641,0.6657805031679573,0.43189003762369976
3351,0.6169173043974872,2,3,2,533738,71872,53317,54639,0.6657527140686946,0.4318912979898981
3352,0.6169451682361871,0,1,0,533739,71871,53317,54639,0.6657434510356071,0.4318947118804838
3353,0.6169741831869792,2,6,2,533745,71865,53319,54637,0.6656878728370818,0.4319062149215032
3354,0.6171078595128456,0,1,0,533746,71864,53319,54637,0.6656786098039942,0.43190962917289194
3355,0.6171078595128457,1,0,1,533746,71864,53320,54636,0.6656786098039942,0.43190513833992095
3356,0.6173078065315082,0,2,0,533748,71862,53320,54636,0.6656600837378192,0.43191196698762035
3357,0.6173293589588945,1,0,1,533748,71862,53321,54635,0.6656600837378192,0.4319074760666261
3358,0.6173718050155687,30,72,30,533820,71790,53351,54605,0.6649931453555152,0.43201867162466867
3359,0.6174249203981288,1,1,1,533821,71789,53352,54604,0.6649838823224277,0.43201759591116595
3360,0.6174249203981289,0,1,0,533822,71788,53352,54604,0.6649746192893401,0.4320210139882271
3361,0.6176687322540231,1,1,1,533823,71787,53353,54603,0.6649653562562525,0.43201993828625684
3362,0.6176687322540232,2,7,2,533830,71780,53355,54601,0.6649005150246396,0.4320348786605582
3363,0.617890231700072,2,7,2,533837,71773,53357,54599,0.6648356737930268,0.43204982116291585
3364,0.6179262188523121,0,9,0,533846,71764,53357,54599,0.6647523064952388,0.4320805932116205
3365,0.6180023555985522,0,2,0,533848,71762,53357,54599,0.6647337804290637,0.43208743203994904
3366,0.618060454814108,0,1,0,533849,71761,53357,54599,0.6647245173959762,0.43209085153529597
3367,0.6180604548141081,0,1,0,533850,71760,53357,54599,0.6647152543628886,0.43209427108476645
3368,0.618079633416257,0,1,0,533851,71759,53357,54599,0.664705991329801,0.4320976906883616
3369,0.6181194694651728,0,1,0,533852,71758,53357,54599,0.6646967282967134,0.43210111034608295
3370,0.6181428448031454,0,1,0,533853,71757,53357,54599,0.6646874652636259,0.43210453005793154
3371,0.6182598421968412,0,1,0,533854,71756,53357,54599,0.6646782022305384,0.4321079498239088
3372,0.6183632813210671,0,1,0,533855,71755,53357,54599,0.6646689391974508,0.43211136964401603
3373,0.6184870915934896,41,174,41,534029,71581,53398,54558,0.6630571714402164,0.43252285177462957
3374,0.618620767919356,0,2,0,534031,71579,53398,54558,0.6630386453740412,0.4325297097600228
3375,0.6186207679193562,0,1,0,534032,71578,53398,54558,0.6630293823409538,0.43253313883427413
3376,0.618755003881152,0,3,0,534035,71575,53398,54558,0.6630015932416911,0.4325434263832621
3377,0.6188207149380186,1,3,1,534038,71572,53399,54557,0.6629738041424283,0.4325492154857329
3378,0.6188373938701893,0,1,0,534039,71571,53399,54557,0.6629645411093409,0.4325526449321324
3379,0.6188437729355899,0,1,0,534040,71570,53399,54557,0.6629552780762533,0.4325560744329129
3380,0.6189378288046392,5,9,5,534049,71561,53404,54552,0.6628719107784653,0.4325644461712908
3381,0.619012490479441,0,1,0,534050,71560,53404,54552,0.6628626477453777,0.43256787617356
3382,0.6190865928171765,0,1,0,534051,71559,53404,54552,0.6628533847122902,0.43257130623022577
3383,0.6191816406605335,12,37,12,534088,71522,53416,54540,0.6625106524880506,0.43264425441449444
3384,0.6191816406605336,12,26,12,534114,71496,53428,54528,0.6622698136277743,0.4326794896210246
3385,0.6194391272588226,9,34,9,534148,71462,53437,54519,0.6619548705027974,0.43275573300735826
3386,0.6195153688446398,1,0,1,534148,71462,53438,54518,0.6619548705027974,0.43275123035402446
3387,0.6195733632206184,4,6,4,534154,71456,53442,54514,0.6618992923042721,0.4327538302770501
3388,0.6196557532096558,0,3,0,534157,71453,53442,54514,0.6618715032050094,0.432764136638961
3389,0.6197114722622525,1,0,1,534157,71453,53443,54513,0.6618715032050094,0.4327596335519108
3390,0.62,1751,4915,1751,539072,66538,55194,52762,0.6163436955796806,0.44226320201173513
3391,0.6202647209320863,0,1,0,539073,66537,55194,52762,0.616334432546593,0.4422669091945448
3392,0.6222037508629245,0,2,0,539075,66535,55194,52762,0.6163159064804179,0.44227432374661557
3393,0.6222447796910874,0,1,0,539076,66534,55194,52762,0.6163066434473304,0.4422780311158798
3394,0.6223744892320142,0,2,0,539078,66532,55194,52762,0.6162881173811553,0.44228544604087383
3395,0.6224093368686517,2,0,2,539078,66532,55196,52760,0.6162881173811553,0.44227609563088893
3396,0.6225331471410742,0,1,0,539079,66531,55196,52760,0.6162788543480677,0.44227980317039844
3397,0.6225691342933144,1,0,1,539079,66531,55197,52759,0.6162788543480677,0.44227512783971834
3398,0.6227092695236149,0,1,0,539080,66530,55197,52759,0.6162695913149802,0.4422788354332755
3399,0.6230371761608456,1,0,1,539080,66530,55198,52758,0.6162695913149802,0.4422741600160955
3400,0.6233515064805407,1,0,1,539080,66530,55199,52757,0.6162695913149802,0.4422694845205261
3401,0.6234328970204432,0,1,0,539081,66529,55199,52757,0.6162603282818926,0.44227319216001876
3402,0.6235276288630813,0,1,0,539082,66528,55199,52757,0.616251065248805,0.44227689986167584
3403,0.6238873976385247,1,1,1,539083,66527,55200,52756,0.6162418022157176,0.44227593202719584
3404,0.6239483663739583,1,0,1,539083,66527,55201,52755,0.6162418022157176,0.44227125635049713
3405,0.6242885150984503,0,1,0,539084,66526,55201,52755,0.61623253918263,0.44227496416026024
3406,0.6242891094130558,0,1,0,539085,66525,55201,52755,0.6162232761495424,0.4422786720321932
3407,0.62432466776701,1,0,1,539085,66525,55202,52754,0.6162232761495424,0.4422739962608674
3408,0.6244418114752682,0,1,0,539086,66524,55202,52754,0.6162140131164549,0.4422777041868576
3409,0.6246429154410023,1,0,1,539086,66524,55203,52753,0.6162140131164549,0.44227302832901566
3410,0.6247406046146287,1,0,1,539086,66524,55204,52752,0.6162140131164549,0.44226835239276974
3411,0.6247436100311373,1,0,1,539086,66524,55205,52751,0.6162140131164549,0.4422636763781178
3412,0.624864414887051,0,1,0,539087,66523,55205,52751,0.6162047500833673,0.44226738434193535
3413,0.6250026842164457,0,2,0,539089,66521,55205,52751,0.6161862240171921,0.44227480045610035
3414,0.625287369367639,1,2,1,539091,66519,55206,52750,0.6161676979510171,0.44227754068534153
3415,0.6253217908192863,0,1,0,539092,66518,55206,52750,0.6161584349179295,0.44228124895194015
3416,0.6254043959909767,0,1,0,539093,66517,55206,52750,0.616149171884842,0.4422849572807231
3417,0.6254612747804686,0,2,0,539095,66515,55206,52750,0.6161306458186668,0.442292374124848
3418,0.6254912744807415,1,0,1,539095,66515,55207,52749,0.6161306458186668,0.44228769788033273
3419,0.6256972332834897,0,1,0,539096,66514,55207,52749,0.6161213827855793,0.44229140638756365
3420,0.6258375761735204,3,4,3,539100,66510,55210,52746,0.6160843306532291,0.44229221171261823
3421,0.6258588966090582,1,2,1,539102,66508,55211,52745,0.616065804587054,0.44229495274751995
3422,0.6260314624915846,0,2,0,539104,66506,55211,52745,0.6160472785208789,0.4423023706300157
3423,0.6260320135750902,1,0,1,539104,66506,55212,52744,0.6160472785208789,0.4422976939203354
3424,0.6261558238475127,1,0,1,539104,66506,55213,52743,0.6160472785208789,0.44229301713221914
3425,0.6261558238475128,0,1,0,539105,66505,55213,52743,0.6160380154877914,0.4422967261505434
3426,0.6261579775811018,0,1,0,539106,66504,55213,52743,0.6160287524547038,0.442300435231075
3427,0.6262784578760394,0,1,0,539107,66503,55213,52743,0.6160194894216162,0.4423041443738155
3428,0.6262895001733793,0,1,0,539108,66502,55213,52743,0.6160102263885286,0.4423078535787664
3429,0.6264133104458017,1,1,1,539109,66501,55214,52742,0.6160009633554411,0.44230688593879725
3430,0.6265155926229561,9,19,9,539128,66482,55223,52733,0.6158249657267776,0.44233527660109884
3431,0.6265534456761022,1,4,1,539132,66478,55224,52732,0.6157879135944273,0.44234544081872323
3432,0.6267062238527806,0,1,0,539133,66477,55224,52732,0.6157786505613398,0.44234915149023984
3433,0.6269173043974872,0,1,0,539134,66476,55224,52732,0.6157693875282523,0.4423528622240118
3434,0.6269451682361871,0,1,0,539135,66475,55224,52732,0.6157601244951647,0.4423565730200408
3435,0.6269741831869792,5,7,5,539142,66468,55229,52727,0.6156952832635518,0.44235915936071146
3436,0.6270718723606055,1,0,1,539142,66468,55230,52726,0.6156952832635518,0.44235448093024815
3437,0.6272108228267249,0,1,0,539143,66467,55230,52726,0.6156860202304643,0.44235819217571504
3438,0.6272612740767906,0,1,0,539144,66466,55230,52726,0.6156767571973767,0.4423619034834553
3439,0.6273718050155687,19,55,19,539199,66411,55249,52707,0.6151672903775612,0.4424772074749408
3440,0.6274249203981288,0,1,0,539200,66410,55249,52707,0.6151580273444737,0.4424809221185893
3441,0.6276687322540231,1,9,1,539209,66401,55250,52706,0.6150746600466857,0.44250967617352466
3442,0.6277095064520646,2,0,2,539209,66401,55252,52704,0.6150746600466857,0.44250031484824315
3443,0.627772331569409,0,1,0,539210,66400,55252,52704,0.6150653970135981,0.44250403009134875
3444,0.6278902317000719,3,7,3,539217,66393,55255,52701,0.6150005557819852,0.4425159957680488
3445,0.6279262188523121,3,5,3,539222,66388,55258,52698,0.6149542406165475,0.44252053138068287
3446,0.6280604548141081,1,0,1,539222,66388,55259,52697,0.6149542406165475,0.44251585002309274
3447,0.6283632813210671,1,0,1,539222,66388,55260,52696,0.6149542406165475,0.44251116858687983
3448,0.6283769560634618,1,0,1,539222,66388,55261,52695,0.6149542406165475,0.4425064870720422
3449,0.6284870915934896,70,160,70,539382,66228,55331,52625,0.6134721553225388,0.44277384668455994
3450,0.6286207679193561,1,0,1,539382,66228,55332,52624,0.6134721553225388,0.44276915828088714
3451,0.6286207679193562,0,1,0,539383,66227,55332,52624,0.6134628922894513,0.4427728836947102
3452,0.6286706559695578,1,0,1,539383,66227,55333,52623,0.6134628922894513,0.4427681952040387
3453,0.6288207149380186,0,3,0,539386,66224,55333,52623,0.6134351031901886,0.4427793717973529
3454,0.6288373938701894,1,0,1,539386,66224,55334,52622,0.6134351031901886,0.4427746832034734
3455,0.6289378288046392,4,22,4,539408,66202,55338,52618,0.6132313164622624,0.4428379060764181
3456,0.628948023294394,0,3,0,539411,66199,55338,52618,0.6132035273629998,0.44284908725182426
3457,0.629012490479441,1,1,1,539412,66198,55339,52617,0.6131942643299122,0.4428481252367125
3458,0.6290337830460053,0,2,0,539414,66196,55339,52617,0.6131757382637371,0.44285557977662376
3459,0.6291816406605335,11,36,11,539450,66160,55350,52606,0.6128422690725851,0.4429382146405537
3460,0.6291816406605336,11,33,11,539483,66127,55361,52595,0.6125365889806959,0.4430097201866545
3461,0.6294391272588226,15,30,15,539513,66097,55376,52580,0.6122586979880692,0.4430513073299797
3462,0.6294538035861473,0,1,0,539514,66096,55376,52580,0.6122494349549816,0.4430550406147831
3463,0.6294877171777515,0,2,0,539516,66094,55376,52580,0.6122309088888066,0.44306250737313985
3464,0.6295733632206184,4,6,4,539522,66088,55380,52576,0.6121753306902812,0.44306613631767006
3465,0.6296224839751605,0,1,0,539523,66087,55380,52576,0.6121660676571937,0.4430698701364368
3466,0.6296557532096558,2,1,2,539524,66086,55382,52574,0.6121568046241062,0.4430642170908478
3467,0.629751666925069,0,1,0,539525,66085,55382,52574,0.6121475415910186,0.4430679510193074
3468,0.63,1698,4593,1698,544118,61492,57080,50876,0.5696024306198821,0.4527623522711092
3469,0.6300432214860375,0,1,0,544119,61491,57080,50876,0.5695931675867946,0.45276638158890065
3470,0.6303605442048067,0,1,0,544120,61490,57080,50876,0.5695839045537071,0.45277041097840987
3471,0.6305018120500605,0,1,0,544121,61489,57080,50876,0.5695746415206195,0.45277444043963866
3472,0.6307468403648504,0,1,0,544122,61488,57080,50876,0.569565378487532,0.4527784699725891
3473,0.6312100358594992,0,1,0,544123,61487,57080,50876,0.5695561154544444,0.45278249957726296
3474,0.6315182768394018,0,1,0,544124,61486,57080,50876,0.5695468524213568,0.45278652925366225
3475,0.6318219834395875,1,0,1,544124,61486,57081,50875,0.5695468524213568,0.4527816591165974
3476,0.6318745852262705,0,1,0,544125,61485,57081,50875,0.5695375893882693,0.4527856888572446
3477,0.632219605268177,0,1,0,544126,61484,57081,50875,0.5695283263551817,0.4527897186696215
3478,0.632709269523615,0,1,0,544127,61483,57081,50875,0.5695190633220942,0.45279374855373006
3479,0.6330494182481069,0,1,0,544128,61482,57081,50875,0.5695098002890067,0.45279777850957215
3480,0.6333519977094234,0,1,0,544129,61481,57081,50875,0.5695005372559191,0.4528018085371498
3481,0.6338873976385248,0,1,0,544130,61480,57081,50875,0.5694912742228315,0.4528058386364648
3482,0.6340071285032964,0,1,0,544131,61479,57081,50875,0.569482011189744,0.4528098688075191
3483,0.6341843248769793,1,0,1,544131,61479,57082,50874,0.569482011189744,0.45280499853141437
3484,0.63432466776701,1,1,1,544132,61478,57083,50873,0.5694727481566564,0.452804158396454
3485,0.6343459882025477,1,0,1,544132,61478,57084,50872,0.5694727481566564,0.4527992879394749
3486,0.634593129627332,0,1,0,544133,61477,57084,50872,0.5694634851235688,0.45280331823158193
3487,0.6346429154410024,0,2,0,544135,61475,57084,50872,0.5694449590573938,0.45281137903103774
3488,0.6347436100311373,1,2,1,544137,61473,57085,50871,0.5694264329912186,0.45281456953642385
3489,0.6350026842164457,0,4,0,544141,61469,57085,50871,0.5693893808588685,0.45283069254050207
3490,0.6350405372695919,0,1,0,544142,61468,57085,50871,0.5693801178257809,0.45283472347092285
3491,0.6350936526521519,0,1,0,544143,61467,57085,50871,0.5693708547926933,0.45283875447310795
3492,0.635287369367639,0,1,0,544144,61466,57085,50871,0.5693615917596058,0.4528427855470593
3493,0.6352980238678808,1,0,1,544144,61466,57086,50870,0.5693615917596058,0.45283791482694774
3494,0.6354040196997169,0,1,0,544145,61465,57086,50870,0.5693523287265182,0.4528419459651934
3495,0.6354534214275953,0,1,0,544146,61464,57086,50870,0.5693430656934306,0.45284597717520964
3496,0.6355029086794868,1,0,1,544146,61464,57087,50869,0.5693430656934306,0.45284110635343133
3497,0.6355589639540951,1,0,1,544146,61464,57088,50868,0.5693430656934306,0.4528362354449311
3498,0.6356972332834896,0,1,0,544147,61463,57088,50868,0.5693338026603431,0.45284026671177147
3499,0.6357350863366358,1,0,1,544147,61463,57089,50867,0.5693338026603431,0.4528353957090715
3500,0.6358375761735204,2,7,2,544154,61456,57091,50865,0.5692689614287302,0.45285387416422573
3501,0.6358588966090583,2,9,2,544163,61447,57093,50863,0.5691855941309423,0.45288042026533704
3502,0.6360330765032174,0,1,0,544164,61446,57093,50863,0.5691763310978547,0.4528844527152766
3503,0.6360989450580207,1,0,1,544164,61446,57094,50862,0.5691763310978547,0.45287958115183247
3504,0.6361268088967207,0,1,0,544165,61445,57094,50862,0.5691670680647671,0.45288361366611163
3505,0.6361558238475128,1,0,1,544165,61445,57095,50861,0.5691670680647671,0.45287874200844125
3506,0.6363773232935616,1,1,1,544166,61444,57096,50860,0.5691578050316796,0.4528779028351617
3507,0.6364133104458017,0,1,0,544167,61443,57096,50860,0.569148541998592,0.45288193547812616
3508,0.6364269573451178,0,1,0,544168,61442,57096,50860,0.5691392789655044,0.4528859681929084
3509,0.6365155926229561,5,16,5,544184,61426,57101,50855,0.5689910704361036,0.45292614066493886
3510,0.6365534456761022,1,2,1,544186,61424,57102,50854,0.5689725443699285,0.4529293361121502
3511,0.6366065610586624,0,1,0,544187,61423,57102,50854,0.5689632813368409,0.45293337014704704
3512,0.6367062238527806,0,1,0,544188,61422,57102,50854,0.5689540183037534,0.45293740425380313
3513,0.6368109322743912,0,3,0,544191,61419,57102,50854,0.5689262292044908,0.45294950700524617
3514,0.6368503729145567,1,1,1,544192,61418,57103,50853,0.5689169661714032,0.45294866884591745
3515,0.6369741831869792,4,11,4,544203,61407,57107,50849,0.56881507280744,0.45297356043329534
3516,0.6369960842374788,0,1,0,544204,61406,57107,50849,0.5688058097743525,0.45297759565275486
3517,0.6371078595128457,1,0,1,544204,61406,57108,50848,0.5688058097743525,0.4529727225755875
3518,0.6372606376895241,1,0,1,544204,61406,57109,50847,0.5688058097743525,0.452967849411597
3519,0.6373011101257063,0,1,0,544205,61405,57109,50847,0.568796546741265,0.45297188468802335
3520,0.6373718050155687,29,64,29,544269,61341,57138,50818,0.5682037126236615,0.45308891841047083
3521,0.6376687322540231,4,7,4,544276,61334,57142,50814,0.5681388713920487,0.4530976923351286
3522,0.6377659221282577,1,1,1,544277,61333,57143,50813,0.5681296083589611,0.4530968558842937
3523,0.6378902317000719,3,4,3,544281,61329,57146,50810,0.5680925562266108,0.45309838682349585
3524,0.6379262188523122,1,2,1,544283,61327,57147,50809,0.5680740301604358,0.453101590925305
3525,0.6380796334162571,0,1,0,544284,61326,57147,50809,0.5680647671273482,0.45310563160476214
3526,0.6383632813210671,0,4,0,544288,61322,57147,50809,0.5680277149949979,0.4531217950432976
3527,0.6384870915934896,57,148,57,544436,61174,57204,50752,0.5666567860980399,0.45344245304933617
3528,0.6386207679193561,0,2,0,544438,61172,57204,50752,0.5666382600318648,0.45345055573424825
3529,0.6386207679193562,1,2,1,544440,61170,57205,50751,0.5666197339656898,0.4534537754308843
3530,0.638755003881152,0,1,0,544441,61169,57205,50751,0.5666104709326022,0.4534578270192995
3531,0.6388207149380186,3,0,3,544441,61169,57208,50748,0.5666104709326022,0.4534431766398313
3532,0.6389378288046392,5,10,5,544451,61159,57213,50743,0.5665178406017266,0.45345927686725884
3533,0.6391816406605335,9,30,9,544481,61129,57222,50734,0.5662399496091,0.4535369156915155
3534,0.6391816406605336,14,29,14,544510,61100,57236,50720,0.5659713216495609,0.4535861205508854
3535,0.6393999036681917,0,2,0,544512,61098,57236,50720,0.5659527955833858,0.45359423348655853
3536,0.6394391272588226,15,21,15,544533,61077,57251,50705,0.5657582718885472,0.45360612620994434
3537,0.6395153688446398,1,0,1,544533,61077,57252,50704,0.5657582718885472,0.45360123813528236
3538,0.6395161315752327,0,1,0,544534,61076,57252,50704,0.5657490088554596,0.45360529611737344
3539,0.6395733632206184,3,8,3,544542,61068,57255,50701,0.5656749045907592,0.4536230976388802
3540,0.6396557532096558,1,1,1,544543,61067,57256,50700,0.5656656415576716,0.4536222677534514
3541,0.639746294247583,0,1,0,544544,61066,57256,50700,0.5656563785245841,0.45362632643200973
3542,0.64,1668,4220,1668,548764,56846,58924,49032,0.5265663788951054,0.4630990385160279
3543,0.6403385611374727,0,1,0,548765,56845,58924,49032,0.5265571158620178,0.4631034124502961
3544,0.6405138209796126,0,1,0,548766,56844,58924,49032,0.5265478528289304,0.46310778646718803
3545,0.640597635322781,0,1,0,548767,56843,58924,49032,0.5265385897958428,0.463112160566706
3546,0.6409525492612101,0,1,0,548768,56842,58924,49032,0.5265293267627552,0.4631165347488524
3547,0.6416964727825786,0,1,0,548769,56841,58924,49032,0.5265200637296676,0.4631209090136295
3548,0.6417284625440024,0,1,0,548770,56840,58924,49032,0.5265108006965801,0.46312528336103975
3549,0.6417776293385967,0,1,0,548771,56839,58924,49032,0.5265015376634925,0.4631296577910854
3550,0.642190431479766,0,1,0,548772,56838,58924,49032,0.5264922746304049,0.46313403230376876
3551,0.6426424015196767,0,1,0,548773,56837,58924,49032,0.5264830115973175,0.46313840689909225
3552,0.6428330797960373,1,0,1,548773,56837,58925,49031,0.5264830115973175,0.4631333358521933
3553,0.6428429458494814,0,1,0,548774,56836,58925,49031,0.5264737485642299,0.4631377105235815
3554,0.643230701624627,1,0,1,548774,56836,58926,49030,0.5264737485642299,0.4631326393743034
3555,0.6435874649835616,0,1,0,548775,56835,58926,49030,0.5264644855311423,0.46313701412175884
3556,0.6441878805678365,1,0,1,548775,56835,58927,49029,0.5264644855311423,0.46313194287009746
3557,0.6443459882025477,0,1,0,548776,56834,58927,49029,0.5264552224980548,0.4631363176936229
3558,0.644345988202548,0,1,0,548777,56833,58927,49029,0.5264459594649672,0.46314069259979973
3559,0.6445760474370641,0,1,0,548778,56832,58927,49029,0.5264366964318796,0.4631450675886304
3560,0.6447371511267034,0,1,0,548779,56831,58927,49029,0.526427433398792,0.46314944266011715
3561,0.6447436100311372,2,1,2,548780,56830,58929,49027,0.5264181703657046,0.463143674957726
3562,0.6449207155027716,0,1,0,548781,56829,58929,49027,0.526408907332617,0.4631480501813785
3563,0.6450026842164456,0,1,0,548782,56828,58929,49027,0.5263996442995295,0.4631524254876954
3564,0.6454514384318257,1,0,1,548782,56828,58930,49026,0.5263996442995295,0.463147353902545
3565,0.6454534214275953,0,1,0,548783,56827,58930,49026,0.5263903812664419,0.4631517292849518
3566,0.6454612747804689,0,1,0,548784,56826,58930,49026,0.5263811182333543,0.46315610475002833
3567,0.6455589639540952,0,1,0,548785,56825,58930,49026,0.5263718552002667,0.46316048029777707
3568,0.6458375761735203,3,4,3,548789,56821,58933,49023,0.5263348030679166,0.46316276784702015
3569,0.6458588966090582,2,7,2,548796,56814,58935,49021,0.5262699618363037,0.46318325695658336
3570,0.6459120119916184,0,1,0,548797,56813,58935,49021,0.5262606988032161,0.4631876334637262
3571,0.6459547198817788,0,1,0,548798,56812,58935,49021,0.5262514357701286,0.46319201005357497
3572,0.6460690636554576,0,1,0,548799,56811,58935,49021,0.526242172737041,0.463196386726132
3573,0.6461558238475127,1,1,1,548800,56810,58936,49020,0.5262329097039534,0.4631956912028725
3574,0.646248130245462,1,2,1,548802,56808,58937,49019,0.5262143836377784,0.4631993725608777
3575,0.6463096338202078,1,0,1,548802,56808,58938,49018,0.5262143836377784,0.4631943000774857
3576,0.6465155926229561,3,10,3,548812,56798,58941,49015,0.5261217533069028,0.4632228554147411
3577,0.6465155926229562,5,10,5,548822,56788,58946,49010,0.5260291229760272,0.4632412711015331
3578,0.6465534456761022,1,1,1,548823,56787,58947,49009,0.5260198599429398,0.4632405762032591
3579,0.6468109322743912,1,1,1,548824,56786,58948,49008,0.5260105969098522,0.46323988127871146
3580,0.6469173043974871,0,1,0,548825,56785,58948,49008,0.5260013338767646,0.4632442600172034
3581,0.6469741831869791,4,10,4,548835,56775,58952,49004,0.525908703545889,0.46326775635995804
3582,0.6471293219229368,0,1,0,548836,56774,58952,49004,0.5258994405128015,0.4632721359829076
3583,0.6473293589588945,1,0,1,548836,56774,58953,49003,0.5258994405128015,0.46326706183763955
3584,0.6473718050155687,19,63,19,548899,56711,58972,48984,0.5253158694282856,0.46344670987274705
3585,0.6474249203981288,0,1,0,548900,56710,58972,48984,0.525306606395198,0.46345109466951767
3586,0.6474635949206903,0,1,0,548901,56709,58972,48984,0.5252973433621105,0.4634554795492606
3587,0.6476687322540231,0,7,0,548908,56702,58972,48984,0.5252325021304977,0.46348617603088393
3588,0.6476687322540232,2,6,2,548914,56696,58974,48982,0.5251769239319722,0.46350233728874507
3589,0.6476928326857913,0,1,0,548915,56695,58974,48982,0.5251676608988848,0.4635067233172781
3590,0.647890231700072,3,7,3,548922,56688,58977,48979,0.5251028196672719,0.4635221970908609
3591,0.6479262188523122,1,1,1,548923,56687,58978,48978,0.5250935566341843,0.46352150664836983
3592,0.648060454814108,0,1,0,548924,56686,58978,48978,0.5250842936010968,0.46352589339794065
3593,0.6480796334162571,1,0,1,548924,56686,58979,48977,0.5250842936010968,0.4635208161797413
3594,0.6481194694651728,0,1,0,548925,56685,58979,48977,0.5250750305680092,0.46352520300581096
3595,0.6481428448031454,0,1,0,548926,56684,58979,48977,0.5250657675349216,0.46352958991491655
3596,0.648363281321067,0,1,0,548927,56683,58979,48977,0.525056504501834,0.4635339769070604
3597,0.6483769560634619,0,1,0,548928,56682,58979,48977,0.5250472414687465,0.4635383639822448
3598,0.6484870915934896,49,120,49,549048,56562,59028,48928,0.52393567749824,0.46381647549530763
3599,0.648755003881152,0,1,0,549049,56561,59028,48928,0.5239264144651524,0.46382087231844077
3600,0.6488207149380186,0,1,0,549050,56560,59028,48928,0.523917151432065,0.46382526922493555
3601,0.6488782545176451,1,0,1,549050,56560,59029,48927,0.523917151432065,0.4638201863736764
3602,0.6489378288046393,8,18,8,549068,56542,59037,48919,0.5237504168364889,0.4638586776154218
3603,0.6490124904794411,1,0,1,549068,56542,59038,48918,0.5237504168364889,0.4638535937796321
3604,0.6491816406605335,21,50,21,549118,56492,59059,48897,0.5232872651821112,0.46396682765753544
3605,0.649334418837212,0,1,0,549119,56491,59059,48897,0.5232780021490236,0.4639712301210764
3606,0.6494391272588226,8,20,8,549139,56471,59067,48889,0.5230927414872726,0.46401860288534547
3607,0.6495733632206185,2,6,2,549145,56465,59069,48887,0.5230371632887473,0.4640348545827322
3608,0.6496387260030783,0,1,0,549146,56464,59069,48887,0.5230279002556597,0.46403925923816575
3609,0.6496557532096559,2,2,2,549148,56462,59071,48885,0.5230093741894846,0.4640378938175743
3610,0.65,1705,4111,1705,553259,52351,60776,47180,0.48492904516654933,0.4740231686610202
3611,0.651157434072816,1,0,1,553259,52351,60777,47179,0.48492904516654933,0.4740178840550588
3612,0.6511963611171047,0,1,0,553260,52350,60777,47179,0.48491978213346176,0.4740226466657959
3613,0.6518667318733972,0,1,0,553261,52349,60777,47179,0.48491051910037425,0.474027409372237
3614,0.6520499008407151,0,1,0,553262,52348,60777,47179,0.4849012560672867,0.4740321721743848
3615,0.6523744892320145,0,1,0,553263,52347,60777,47179,0.4848919930341991,0.4740369350722424
3616,0.6528330797960374,1,0,1,553263,52347,60778,47178,0.4848919930341991,0.47403165033911077
3617,0.6529289030687577,1,0,1,553263,52347,60779,47177,0.4848919930341991,0.47402636549977895
3618,0.653230701624627,1,0,1,553263,52347,60780,47176,0.4848919930341991,0.47402108055424375
3619,0.6533190374408454,0,1,0,553264,52346,60780,47176,0.48488273000111154,0.4740258435320834
3620,0.6533815061808133,0,1,0,553265,52345,60780,47176,0.484873466968024,0.474030606605641
3621,0.6534954225567131,0,1,0,553266,52344,60780,47176,0.48486420393493646,0.4740353697749196
3622,0.6536318190845524,0,1,0,553267,52343,60780,47176,0.4848549409018489,0.47404013303992204
3623,0.6537744609611285,0,1,0,553268,52342,60780,47176,0.48484567786876137,0.4740448964006511
3624,0.6539405130210849,1,0,1,553268,52342,60781,47175,0.48484567786876137,0.47403961132268857
3625,0.6543513566354392,0,1,0,553269,52341,60781,47175,0.4848364148356738,0.4740443747739057
3626,0.6543991035851079,0,1,0,553270,52340,60781,47175,0.48482715180258623,0.47404913832085616
3627,0.6544058243230281,1,0,1,553270,52340,60782,47174,0.48482715180258623,0.4740438531261933
3628,0.6545760474370641,0,1,0,553271,52339,60782,47174,0.48481788876949866,0.4740486167636389
3629,0.6546192228830496,0,1,0,553272,52338,60782,47174,0.48480862573641115,0.4740533804968245
3630,0.6546429154410022,0,1,0,553273,52337,60782,47174,0.4847993627033236,0.47405814432575294
3631,0.6547011639744631,0,1,0,553274,52336,60782,47174,0.484790099670236,0.4740629082504271
3632,0.6547436100311372,0,1,0,553275,52335,60782,47174,0.4847808366371485,0.4740676722708499
3633,0.6547754049781597,1,0,1,553275,52335,60783,47173,0.4847808366371485,0.4740623869437633
3634,0.6548644148870512,0,1,0,553276,52334,60783,47173,0.4847715736040609,0.47406715105469965
3635,0.6550026842164456,1,0,1,553276,52334,60784,47172,0.4847715736040609,0.4740618656161438
3636,0.6550405372695917,1,0,1,553276,52334,60785,47171,0.4847715736040609,0.4740565800713532
3637,0.6552873693676389,0,1,0,553277,52333,60785,47171,0.48476231057097335,0.47406134426756713
3638,0.6552980238678807,0,1,0,553278,52332,60785,47171,0.4847530475378858,0.4740661085595409
3639,0.6555918656330423,0,1,0,553279,52331,60785,47171,0.48474378450479827,0.47407087294727746
3640,0.6557350863366358,0,1,0,553280,52330,60785,47171,0.4847345214717107,0.4740756374307796
3641,0.6557483656702802,0,1,0,553281,52329,60785,47171,0.48472525843862313,0.47408040201005025
3642,0.6558268762417575,0,1,0,553282,52328,60785,47171,0.4847159954055356,0.4740851666850923
3643,0.6558375761735203,2,3,2,553285,52325,60787,47169,0.4846882063062729,0.4740888897822984
3644,0.6558524377046243,0,1,0,553286,52324,60787,47169,0.4846789432731854,0.47409365482998805
3645,0.6558588966090582,1,6,1,553292,52318,60788,47168,0.48462336507466003,0.4741169611804676
3646,0.6559120119916184,1,0,1,553292,52318,60789,47167,0.48462336507466003,0.47411167512690355
3647,0.656045688317485,1,0,1,553292,52318,60790,47166,0.48462336507466003,0.4741063889670701
3648,0.6561558238475126,0,1,0,553293,52317,60790,47166,0.4846141020415725,0.47411115466964204
3649,0.6562500595332138,1,0,1,553293,52317,60791,47165,0.4846141020415725,0.4741058683983032
3650,0.6562521607161104,1,0,1,553293,52317,60792,47164,0.4846141020415725,0.4741005820206874
3651,0.6563096338202078,0,2,0,553295,52315,60792,47164,0.4845955759753974,0.4741101136923371
3652,0.6563096338202079,1,0,1,553295,52315,60793,47163,0.4845955759753974,0.4741048271979734
3653,0.6563773232935614,0,1,0,553296,52314,60793,47163,0.4845863129423098,0.47410959317229107
3654,0.6565155926229561,2,8,2,553304,52306,60795,47161,0.4845122086776094,0.47413715101490944
3655,0.6565155926229562,6,8,6,553312,52298,60801,47155,0.48443810441290897,0.47414356530220303
3656,0.6565534456761023,2,2,2,553314,52296,60803,47153,0.4844195783467339,0.4741425253144828
3657,0.6568109322743912,0,1,0,553315,52295,60803,47153,0.4844103153136463,0.4741472930576784
3658,0.656945168236187,0,1,0,553316,52294,60803,47153,0.48440105228055874,0.4741520608967591
3659,0.6569741831869791,2,3,2,553319,52291,60805,47151,0.4843732631812961,0.4741557893043181
3660,0.6570718723606055,0,1,0,553320,52290,60805,47151,0.4843640001482085,0.4741605575165173
3661,0.6573131982383191,0,1,0,553321,52289,60805,47151,0.48435473711512095,0.47416532582461784
3662,0.6573718050155687,27,63,27,553384,52226,60832,47124,0.48377116603060505,0.4743231001509814
3663,0.6576687322540231,0,2,0,553386,52224,60832,47124,0.48375263996442996,0.47433264887063653
3664,0.6576687322540232,2,7,2,553393,52217,60834,47122,0.4836877987328171,0.47435548978749537
3665,0.6578756576092785,0,1,0,553394,52216,60834,47122,0.4836785356997295,0.47436026495399547
3666,0.657890231700072,0,3,0,553397,52213,60834,47122,0.48365074660046686,0.47437459103035184
3667,0.6579262188523122,0,3,0,553400,52210,60834,47122,0.4836229575012042,0.4743889179720533
3668,0.6579891949660511,0,1,0,553401,52209,60834,47122,0.48361369446811664,0.4743936938115996
3669,0.6580604548141079,0,1,0,553402,52208,60834,47122,0.48360443143502907,0.474398469747307
3670,0.658060454814108,1,1,1,553403,52207,60835,47121,0.48359516840194156,0.4743979542525773
3671,0.6580796334162571,1,0,1,553403,52207,60836,47120,0.48359516840194156,0.47439266261942875
3672,0.6581428448031454,0,1,0,553404,52206,60836,47120,0.483585905368854,0.47439743873708795
3673,0.6582469130421722,0,1,0,553405,52205,60836,47120,0.4835766423357664,0.4744022149509187
3674,0.6584870915934896,56,124,56,553529,52081,60892,47064,0.4824280262329097,0.47469867365979124
3675,0.6585160594977455,0,1,0,553530,52080,60892,47064,0.48241876319982213,0.4747034616315662
3676,0.6586207679193561,0,1,0,553531,52079,60892,47064,0.4824095001667346,0.47470824969992836
3677,0.6587519083064874,0,1,0,553532,52078,60892,47064,0.48240023713364705,0.47471303786488067
3678,0.6588207149380186,1,3,1,553535,52075,60893,47063,0.4823724480343844,0.47472210454114466
3679,0.6588532005282396,0,1,0,553536,52074,60893,47063,0.4823631850012968,0.4747268930873438
3680,0.6589378288046394,2,15,2,553551,52059,60895,47061,0.4822242395049835,0.47478813559322036
3681,0.6591816406605335,23,51,23,553602,52008,60918,47038,0.48175182481751827,0.4749106475778931
3682,0.659334418837212,2,1,2,553603,52007,60920,47036,0.4817425617844307,0.47490483931221794
3683,0.6594391272588226,11,17,11,553620,51990,60931,47025,0.4815850902219423,0.4749280412058779
3684,0.6595733632206184,2,8,2,553628,51982,60933,47023,0.48151098595724184,0.47495581031261047
3685,0.6596557532096559,1,2,1,553630,51980,60934,47022,0.4814924598910667,0.4749601018161249
3686,0.6597114722622525,2,1,2,553631,51979,60936,47020,0.4814831968579792,0.4749542924676007
3687,0.66,1594,3806,1594,557437,48173,62530,45426,0.4462280929267479,0.4853256979241231
3688,0.660086442972075,0,1,0,557438,48172,62530,45426,0.4462188298936604,0.4853308831385286
3689,0.6607233114961093,0,1,0,557439,48171,62530,45426,0.44620956686057284,0.48533606846373284
3690,0.6617177932181164,0,1,0,557440,48170,62530,45426,0.44620030382748527,0.4853412538997393
3691,0.6619727879957741,0,2,0,557442,48168,62530,45426,0.4461817777613102,0.48535162510417335
3692,0.662014720456571,0,1,0,557443,48167,62530,45426,0.4461725147282226,0.485356810872608
3693,0.6621968416772765,0,1,0,557444,48166,62530,45426,0.44616325169513504,0.48536199675185915
3694,0.6622097295878885,0,1,0,557445,48165,62530,45426,0.4461539886620475,0.4853671827419303
3695,0.6624123422851604,0,1,0,557446,48164,62530,45426,0.44614472562895996,0.4853723688428251
3696,0.6627941249086706,0,1,0,557447,48163,62530,45426,0.4461354625958724,0.485377555054547
3697,0.6632093811890891,1,0,1,557447,48163,62531,45425,0.4461354625958724,0.48537205624652735
3698,0.663403818590659,0,1,0,557448,48162,62531,45425,0.4461261995627848,0.48537724256574094
3699,0.6636554059204434,0,1,0,557449,48161,62531,45425,0.4461169365296973,0.48538242899579
3700,0.6638873976385247,0,1,0,557450,48160,62531,45425,0.44610767349660974,0.48538761553667786
3701,0.6641843248769791,0,1,0,557451,48159,62531,45425,0.44609841046352217,0.4853928021884083
3702,0.6643892096885853,0,1,0,557452,48158,62531,45425,0.4460891474304346,0.4853979889509847
3703,0.6644436773761742,0,1,0,557453,48157,62531,45425,0.4460798843973471,0.48540317582441067
3704,0.6644707793795243,0,2,0,557455,48155,62531,45425,0.44606135833117194,0.4854135499038256
3705,0.6647436100311372,0,2,0,557457,48153,62531,45425,0.44604283226499686,0.4854239244266815
3706,0.6649819304923423,0,1,0,557458,48152,62531,45425,0.4460335692319093,0.4854291118544087
3707,0.6650026842164456,1,0,1,557458,48152,62532,45424,0.4460335692319093,0.4854236128921946
3708,0.6650405372695917,1,0,1,557458,48152,62533,45423,0.4460335692319093,0.4854181138124499
3709,0.6650405372695919,1,0,1,557458,48152,62534,45422,0.4460335692319093,0.4854126146151709
3710,0.6652873693676389,0,2,0,557460,48150,62534,45422,0.4460150431657342,0.4854229897832685
3711,0.6654534214275953,1,0,1,557460,48150,62535,45421,0.4460150431657342,0.4854174904617884
3712,0.6654612747804688,0,1,0,557461,48149,62535,45421,0.44600578013264663,0.4854226782088276
3713,0.6658375761735204,1,3,1,557464,48146,62536,45420,0.445977991033384,0.4854327426629331
3714,0.6658375761735205,0,1,0,557465,48145,62536,45420,0.4459687280002964,0.4854379308502111
3715,0.6658588966090582,1,3,1,557468,48142,62537,45419,0.44594093890103376,0.4854479964942658
3716,0.6660889558435745,0,1,0,557469,48141,62537,45419,0.4459316758679462,0.48545318512184693
3717,0.6663096338202078,0,1,0,557470,48140,62537,45419,0.4459224128348587,0.4854583738603448
3718,0.6663773232935616,0,1,0,557471,48139,62537,45419,0.4459131498017711,0.48546356270976293
3719,0.6664133104458017,0,1,0,557472,48138,62537,45419,0.44590388676868353,0.48546875167010484
3720,0.6664237361351752,0,1,0,557473,48137,62537,45419,0.44589462373559596,0.4854739407413742
3721,0.666515592622956,5,6,5,557479,48131,62542,45414,0.44583904553707066,0.4854775776364317
3722,0.6665155926229562,5,10,5,557489,48121,62547,45409,0.4457464152061951,0.4855019779749813
3723,0.6665534456761022,0,1,0,557490,48120,62547,45409,0.44573715217310755,0.4855071688994857
3724,0.6665534456761023,0,2,0,557492,48118,62547,45409,0.44571862610693247,0.48551755108150585
3725,0.6665667250097467,0,1,0,557493,48117,62547,45409,0.4457093630738449,0.4855227423390287
3726,0.6667524312192036,0,1,0,557494,48116,62547,45409,0.44570010004075733,0.4855279337075648
3727,0.6668109322743913,1,2,1,557496,48114,62548,45408,0.44568157397458225,0.4855328158080452
3728,0.666945168236187,1,0,1,557496,48114,62549,45407,0.44568157397458225,0.4855273147207579
3729,0.6669741831869791,6,11,6,557507,48103,62555,45401,0.44557968061061914,0.48555142026009585
3730,0.6670889484157285,0,1,0,557508,48102,62555,45401,0.4455704175775316,0.4855566131567971
3731,0.6673078065315081,0,1,0,557509,48101,62555,45401,0.44556115454444406,0.485561806164574
3732,0.6673718050155686,21,55,21,557564,48046,62576,45380,0.44505168772462855,0.48573202320553166
3733,0.6674249203981288,0,1,0,557565,48045,62576,45380,0.445042424691541,0.48573722237088574
3734,0.6676687322540231,0,1,0,557566,48044,62576,45380,0.44503316165845347,0.4857424216475424
3735,0.6676687322540232,0,2,0,557568,48042,62576,45380,0.44501463559227833,0.4857528205347777
3736,0.6677193957335881,0,1,0,557569,48041,62576,45380,0.44500537255919076,0.48575802014536346
3737,0.667890231700072,1,7,1,557576,48034,62577,45379,0.4449405313275779,0.48578891588965134
3738,0.6679262188523122,1,0,1,557576,48034,62578,45378,0.4449405313275779,0.485783411124909
3739,0.6680796334162571,0,3,0,557579,48031,62578,45378,0.44491274222831523,0.4857990129430783
3740,0.6681941311399746,0,1,0,557580,48030,62578,45378,0.44490347919522766,0.4858042137718397
3741,0.6681993067331491,0,1,0,557581,48029,62578,45378,0.44489421616214014,0.4858094147119595
3742,0.668363281321067,0,1,0,557582,48028,62578,45378,0.4448849531290526,0.4858146157634413
3743,0.6683769560634619,0,1,0,557583,48027,62578,45378,0.444875690095965,0.48581981692628873
3744,0.6684870915934895,54,116,54,557699,47911,62632,45324,0.44380117825780874,0.4861264546575857
3745,0.6688207149380186,0,1,0,557700,47910,62632,45324,0.44379191522472117,0.4861316687045498
3746,0.6689279349081164,0,1,0,557701,47909,62632,45324,0.44378265219163365,0.4861368828633638
3747,0.6689378288046393,2,11,2,557712,47898,62634,45322,0.44368075882767055,0.4861832224844454
3748,0.6689657879612628,1,0,1,557712,47898,62635,45321,0.44368075882767055,0.48617771055256975
3749,0.6690337830460052,0,1,0,557713,47897,62635,45321,0.443671495794583,0.4861829260443262
3750,0.6691816406605335,25,63,25,557776,47834,62660,45296,0.4430879247100671,0.4863738859658542
3751,0.669334418837212,0,2,0,557778,47832,62660,45296,0.44306939864389194,0.4863843312430204
3752,0.6694391272588226,11,16,11,557794,47816,62671,45285,0.4429211901144911,0.4864072351532207
3753,0.6695733632206184,1,7,1,557801,47809,62672,45284,0.4428563488828782,0.4864382928899058
3754,0.6696080249181884,0,1,0,557802,47808,62672,45284,0.44284708584979066,0.48644351824002063
3755,0.6696410066539201,0,1,0,557803,47807,62672,45284,0.4428378228167031,0.4864487437023987
3756,0.6696557532096559,1,5,1,557808,47802,62673,45283,0.44279150765126535,0.48646935596497826
3757,0.6697114722622524,0,1,0,557809,47801,62673,45283,0.4427822446181778,0.4864745820978901
3758,0.669751666925069,0,1,0,557810,47800,62673,45283,0.4427729815850902,0.4864798083430916
3759,0.6697830627268568,0,2,0,557812,47798,62673,45283,0.4427544555189151,0.48649026117037847
3760,0.6699988417372446,1,0,1,557812,47798,62674,45282,0.4427544555189151,0.4864847443059734
3761,0.67,1706,3708,1706,561520,44090,64380,43576,0.4084071288302642,0.4970684187712454
3762,0.6703007080843265,1,0,1,561520,44090,64381,43575,0.4084071288302642,0.4970626818000342
3763,0.6706354883759272,0,1,0,561521,44089,64381,43575,0.40839786579717663,0.49706835188903087
3764,0.6707377705530814,0,1,0,561522,44088,64381,43575,0.40838860276408906,0.49707402210738855
3765,0.6708716545386783,1,0,1,561522,44088,64382,43574,0.40838860276408906,0.49706828500376443
3766,0.67094707005528,0,2,0,561524,44086,64382,43574,0.408370076697914,0.4970796258270591
3767,0.671093153984727,0,1,0,561525,44085,64382,43574,0.4083608136648264,0.4970852964327679
3768,0.6711209333246988,1,0,1,561525,44085,64383,43573,0.4083608136648264,0.49707955919596614
3769,0.6715536304722137,0,1,0,561526,44084,64383,43573,0.40835155063173884,0.4970852299302965
3770,0.6718530571310023,0,1,0,561527,44083,64383,43573,0.4083422875986513,0.49709090079401297
3771,0.672014720456571,0,1,0,561528,44082,64383,43573,0.40833302456556375,0.49709657178711997
3772,0.6720147204565712,0,1,0,561529,44081,64383,43573,0.4083237615324762,0.4971022429096219
3773,0.6721982848326392,1,0,1,561529,44081,64384,43572,0.4083237615324762,0.4970965055388863
3774,0.6722072049518277,1,0,1,561529,44081,64385,43571,0.4083237615324762,0.4970907680372382
3775,0.6724123422851603,0,1,0,561530,44080,64385,43571,0.40831449849938867,0.49709643928762937
3776,0.6725572475728423,0,1,0,561531,44079,64385,43571,0.4083052354663011,0.49710211066742727
3777,0.6726591743832077,0,1,0,561532,44078,64385,43571,0.4082959724332135,0.49710778217663637
3778,0.6730311852459121,0,2,0,561534,44076,64385,43571,0.40827744636703844,0.4971191255833058
3779,0.6732093811890891,1,0,1,561534,44076,64386,43570,0.40827744636703844,0.49711338794696847
3780,0.673559476324683,1,0,1,561534,44076,64387,43569,0.40827744636703844,0.4971076501797022
3781,0.6737851154613704,0,1,0,561535,44075,64387,43569,0.4082681833339509,0.4971133220756698
3782,0.6738873976385247,0,1,0,561536,44074,64387,43569,0.4082589203008633,0.49711899410106913
3783,0.6739187917872368,0,1,0,561537,44073,64387,43569,0.40824965726777573,0.4971246662559047
3784,0.6743459882025479,0,1,0,561538,44072,64387,43569,0.4082403942346882,0.49713033854018096
3785,0.6743513566354392,0,1,0,561539,44071,64387,43569,0.40823113120160065,0.4971360109539023
3786,0.6747436100311373,1,1,1,561540,44070,64388,43568,0.4082218681685131,0.49713594559437685
3787,0.6749986048087948,0,1,0,561541,44069,64388,43568,0.40821260513542557,0.4971416182662574
3788,0.6750026842164456,1,3,1,561544,44066,64389,43567,0.40818481603616286,0.4971528990220579
3789,0.6751447274910629,0,2,0,561546,44064,64389,43567,0.40816628996998777,0.49716424552955
3790,0.6754351536816725,1,0,1,561546,44064,64390,43566,0.40816628996998777,0.497158507360493
3791,0.6754612747804687,0,1,0,561547,44063,64390,43566,0.4081570269369002,0.49716418080772345
3792,0.6756972332834897,0,1,0,561548,44062,64390,43566,0.4081477639038127,0.49716985438444333
3793,0.6758375761735204,1,2,1,561550,44060,64391,43565,0.40812923783763755,0.49717546362339515
3794,0.6758375761735205,0,1,0,561551,44059,64391,43565,0.40811997480455,0.49718113758787547
3795,0.6758500114601682,1,0,1,561551,44059,64392,43564,0.40811997480455,0.49717539915319037
3796,0.6758588966090582,6,1,6,561552,44058,64398,43558,0.40811071177146246,0.49714663988312635
3797,0.6759925729349249,0,1,0,561553,44057,64398,43558,0.4081014487383749,0.49715231410146665
3798,0.6760097011652448,1,0,1,561553,44057,64399,43557,0.4081014487383749,0.4971465747483279
3799,0.6761558238475126,0,1,0,561554,44056,64399,43557,0.4080921857052873,0.49715224909545386
3800,0.6761989265884231,0,1,0,561555,44055,64399,43557,0.4080829226721998,0.4971579235721134
3801,0.6762389389303456,0,1,0,561556,44054,64399,43557,0.40807365963911224,0.49716359817831096
3802,0.6763096338202078,0,1,0,561557,44053,64399,43557,0.40806439660602467,0.4971692729140509
3803,0.6763773232935614,0,1,0,561558,44052,64399,43557,0.4080551335729371,0.49717494777933774
3804,0.6764133104458017,0,1,0,561559,44051,64399,43557,0.4080458705398496,0.49718062277417585
3805,0.6765035342637488,1,0,1,561559,44051,64400,43556,0.4080458705398496,0.4971748832855822
3806,0.676515592622956,2,4,2,561563,44047,64402,43554,0.40800881840749936,0.4971861051814477
3807,0.6765155926229562,9,12,9,561575,44035,64411,43545,0.4078976620104487,0.49720255766156657
3808,0.6765534456761021,0,1,0,561576,44034,64411,43545,0.4078883989773611,0.4972082348508204
3809,0.6765667250097465,0,1,0,561577,44033,64411,43545,0.4078791359442736,0.497213912169723
3810,0.6767061651772548,0,1,0,561578,44032,64411,43545,0.40786987291118604,0.4972195896182788
3811,0.6767814461699957,0,1,0,561579,44031,64411,43545,0.40786060987809847,0.4972252671964922
3812,0.6768109322743912,0,1,0,561580,44030,64411,43545,0.40785134684501095,0.4972309449043677
3813,0.6768280605047111,1,0,1,561580,44030,64412,43544,0.40785134684501095,0.4972252038276201
3814,0.6768503729145567,1,1,1,561581,44029,64413,43543,0.4078420838119234,0.4972251404558535
3815,0.6769741831869791,4,8,4,561589,44021,64417,43539,0.40776797954722294,0.4972476016445866
3816,0.6771051910649061,0,1,0,561590,44020,64417,43539,0.40775871651413537,0.49725328064505075
3817,0.6771790679985853,0,1,0,561591,44019,64417,43539,0.40774945348104785,0.4972589597752347
3818,0.6772420954746415,1,0,1,561591,44019,64418,43538,0.40774945348104785,0.49725321790376553
3819,0.6773653461111347,0,1,0,561592,44018,64418,43538,0.4077401904479603,0.49725889716295857
3820,0.6773718050155686,24,36,24,561628,43982,64442,43514,0.4074067212568083,0.4973255920270641
3821,0.677668732254023,0,2,0,561630,43980,64442,43514,0.40738819519063324,0.4973369602487028
3822,0.6776687322540232,3,3,3,561633,43977,64445,43511,0.4073604060913706,0.4973367776152158
3823,0.6777095064520645,1,0,1,561633,43977,64446,43510,0.4073604060913706,0.49733103203904583
3824,0.6778505013833416,0,1,0,561634,43976,64446,43510,0.407351143058283,0.49733671673181995
3825,0.677890231700072,7,4,7,561638,43972,64453,43503,0.4073140909259328,0.4973192340668762
3826,0.6779168385516668,0,1,0,561639,43971,64453,43503,0.4073048278928452,0.4973249194046231
3827,0.6779262188523121,1,3,1,561642,43968,64454,43502,0.40727703879358257,0.4973362295644221
3828,0.6780604548141079,1,0,1,561642,43968,64455,43501,0.40727703879358257,0.49733048279962044
3829,0.6780796334162571,0,1,0,561643,43967,64455,43501,0.407267775760495,0.4973361686559656
3830,0.6781194694651728,0,1,0,561644,43966,64455,43501,0.4072585127274075,0.4973418546423222
3831,0.6782552868915723,1,0,1,561644,43966,64456,43500,0.4072585127274075,0.49733610774472364
3832,0.678363281321067,0,1,0,561645,43965,64456,43500,0.4072492496943199,0.4973417938604013
3833,0.6784870915934895,46,107,46,561752,43858,64502,43454,0.4062581051539516,0.4976864577606744
3834,0.678593582014295,1,0,1,561752,43858,64503,43453,0.4062581051539516,0.49768070460766684
3835,0.6786207679193561,0,1,0,561753,43857,64503,43453,0.40624884212086404,0.4976864047646318
3836,0.6787519083064875,1,0,1,561753,43857,64504,43452,0.40624884212086404,0.49768065147922896
3837,0.678755003881152,1,1,1,561754,43856,64505,43451,0.4062395790877765,0.49768059834835693
3838,0.6787681796268646,1,0,1,561754,43856,64506,43450,0.4062395790877765,0.4976748447987538
3839,0.6789378288046393,7,11,7,561765,43845,64513,43443,0.4061376857238134,0.49769727797635416
3840,0.679012490479441,1,0,1,561765,43845,64514,43442,0.4061376857238134,0.4976915233654496
3841,0.6791816406605335,23,46,23,561811,43799,64537,43419,0.40571158620178593,0.4978215505973538
3842,0.6793440794154654,1,0,1,561811,43799,64538,43418,0.40571158620178593,0.4978157927926895
3843,0.6794391272588226,6,10,6,561821,43789,64544,43412,0.40561895587091035,0.4978383275421153
3844,0.6794601842269423,1,0,1,561821,43789,64545,43411,0.40561895587091035,0.49783256880733945
3845,0.6795733632206185,1,4,1,561825,43785,64546,43410,0.4055819037385602,0.49784964734216414
3846,0.6796557532096559,1,3,1,561828,43782,64547,43409,0.40555411463929747,0.49786101776559505
3847,0.6798291640335162,0,1,0,561829,43781,64547,43409,0.40554485160620996,0.49786672783576097
3848,0.6799409393088831,0,1,0,561830,43780,64547,43409,0.4055355885731224,0.49787243803690834
3849,0.68,1689,3269,1689,565099,40511,66236,41720,0.3752547334099077,0.5073512422322481
3850,0.6803670338899732,0,1,0,565100,40510,66236,41720,0.3752454703768202,0.5073574121366897
3851,0.6805318117503333,0,1,0,565101,40509,66236,41720,0.37523620734373264,0.5073635821911977
3852,0.6805838839533552,0,1,0,565102,40508,66236,41720,0.37522694431064507,0.5073697523957776
3853,0.680861580825504,0,1,0,565103,40507,66236,41720,0.3752176812775575,0.5073759227504347
3854,0.681156920476939,0,1,0,565104,40506,66236,41720,0.37520841824447,0.5073820932551748
3855,0.6814325272798557,0,1,0,565105,40505,66236,41720,0.3751991552113824,0.507388263910003
3856,0.681593982945694,1,0,1,565105,40505,66237,41719,0.3751991552113824,0.5073822728157229
3857,0.682229471321621,0,1,0,565106,40504,66237,41719,0.37518989217829485,0.5073884436228306
3858,0.6822362199026197,1,0,1,565106,40504,66238,41718,0.37518989217829485,0.5073824523850065
3859,0.6826391281472662,0,1,0,565107,40503,66238,41718,0.37518062914520733,0.507388623344401
3860,0.6827092695236149,0,1,0,565108,40502,66238,41718,0.37517136611211976,0.5073947944539041
3861,0.6829667561219038,0,1,0,565109,40501,66238,41718,0.3751621030790322,0.5074009657135212
3862,0.6832093811890891,1,0,1,565109,40501,66239,41717,0.3751621030790322,0.50739497433652
3863,0.6833659655375129,0,1,0,565110,40500,66239,41717,0.3751528400459446,0.5074011457484462
3864,0.6833947279665782,0,1,0,565111,40499,66239,41717,0.3751435770128571,0.5074073173104992
3865,0.6837491283091301,1,0,1,565111,40499,66240,41716,0.3751435770128571,0.5074013257921304
3866,0.6838873976385247,1,1,1,565112,40498,66241,41715,0.37513431397976954,0.5074015058445744
3867,0.6840891950167877,0,1,0,565113,40497,66241,41715,0.37512505094668197,0.507407677711283
3868,0.6841332276101076,2,1,2,565114,40496,66243,41713,0.3751157879135944,0.5074018659757448
3869,0.6841843248769792,0,1,0,565115,40495,66243,41713,0.3751065248805069,0.507408038147139
3870,0.6843246677670101,0,1,0,565116,40494,66243,41713,0.3750972618474193,0.5074142104686948
3871,0.6847371511267033,0,1,0,565117,40493,66243,41713,0.37508799881433175,0.507420382940418
3872,0.6847436100311373,2,0,2,565117,40493,66245,41711,0.37508799881433175,0.5074083986180721
3873,0.6850026842164456,2,1,2,565118,40492,66247,41709,0.37507873578124423,0.5074025863432319
3874,0.6850405372695917,1,2,1,565120,40490,66248,41708,0.3750602097150691,0.5074089393902528
3875,0.6850405372695918,0,1,0,565121,40489,66248,41708,0.3750509466819815,0.5074151124736912
3876,0.6850636826566803,0,1,0,565122,40488,66248,41708,0.375041683648894,0.5074212857073337
3877,0.6852620367156405,1,0,1,565122,40488,66249,41707,0.375041683648894,0.507415292901028
3878,0.6852873693676389,0,1,0,565123,40487,66249,41707,0.37503242061580644,0.507421466287077
3879,0.6852980238678807,0,1,0,565124,40486,66249,41707,0.37502315758271887,0.5074276398233426
3880,0.6854612747804688,0,1,0,565125,40485,66249,41707,0.37501389454963135,0.5074338135098306
3881,0.6855589639540951,0,1,0,565126,40484,66249,41707,0.3750046315165438,0.5074399873465465
3882,0.6858375761735204,3,2,3,565128,40482,66252,41704,0.37498610545036865,0.5074343562163872
3883,0.6858375761735205,0,1,0,565129,40481,66252,41704,0.37497684241728113,0.5074405305104338
3884,0.6858588966090582,3,4,3,565133,40477,66255,41701,0.3749397902849309,0.5074472486553578
3885,0.6858642650419497,0,1,0,565134,40476,66255,41701,0.37493052725184334,0.5074534237073633
3886,0.68605758269054,0,1,0,565135,40475,66255,41701,0.37492126421875577,0.5074595989096573
3887,0.6860905823145322,0,1,0,565136,40474,66255,41701,0.37491200118566825,0.5074657742622453
3888,0.6861558238475127,1,0,1,565136,40474,66256,41700,0.37491200118566825,0.5074597804658407
3889,0.6863773232935614,1,0,1,565136,40474,66257,41699,0.37491200118566825,0.507453786523554
3890,0.6863773232935615,1,0,1,565136,40474,66258,41698,0.37491200118566825,0.5074477924353794
3891,0.6864565319318393,1,0,1,565136,40474,66259,41697,0.37491200118566825,0.5074417982013119
3892,0.686515592622956,5,6,5,565142,40468,66264,41692,0.3748564229871429,0.5074488802336904
3893,0.6865155926229562,3,6,3,565148,40462,66267,41689,0.3748008447886176,0.507467955350513
3894,0.6865469867716683,0,2,0,565150,40460,66267,41689,0.3747823187224425,0.5074803101681091
3895,0.6865644608557716,0,1,0,565151,40459,66267,41689,0.37477305568935493,0.5074864878025028
3896,0.6866065610586624,1,1,1,565152,40458,66268,41688,0.37476379265626736,0.5074866700752318
3897,0.6868109322743912,0,1,0,565153,40457,66268,41688,0.3747545296231798,0.5074928480126606
3898,0.6868503729145565,1,0,1,565153,40457,66269,41687,0.3747545296231798,0.5074868523568368
3899,0.6869173043974871,0,1,0,565154,40456,66269,41687,0.3747452665900923,0.5074930304469035
3900,0.6869741831869791,1,4,1,565158,40452,66270,41686,0.37470821445774205,0.5075117485207821
3901,0.6872420954746417,1,0,1,565158,40452,66271,41685,0.37470821445774205,0.5075057525840972
3902,0.6873718050155686,14,46,14,565204,40406,66285,41671,0.37428211493571456,0.5077061783447251
3903,0.6874249203981287,1,1,1,565205,40405,66286,41670,0.374272851902627,0.5077063661285409
3904,0.6874249203981289,0,1,0,565206,40404,66286,41670,0.3742635888695394,0.5077125520871408
3905,0.6875449219816008,0,1,0,565207,40403,66286,41670,0.3742543258364519,0.5077187381964836
3906,0.6875553693916369,0,1,0,565208,40402,66286,41670,0.37424506280336434,0.5077249244565747
3907,0.6875658310577927,1,0,1,565208,40402,66287,41669,0.37424506280336434,0.5077189262955246
3908,0.687655814193839,0,2,0,565210,40400,66287,41669,0.37422653673718925,0.5077312992725633
3909,0.687668732254023,2,3,2,565213,40397,66289,41667,0.37419874763792654,0.5077378631312146
3910,0.6876687322540233,2,1,2,565214,40396,66291,41665,0.37418948460483903,0.5077320529849746
3911,0.6878845460472003,0,1,0,565215,40395,66291,41665,0.37418022157175146,0.5077382403119669
3912,0.687890231700072,4,7,4,565222,40388,66295,41661,0.3741153803401386,0.5077575595071238
3913,0.6879262188523121,1,2,1,565224,40386,66296,41660,0.37409685427396344,0.5077639373034639
3914,0.6880604548141079,0,1,0,565225,40385,66296,41660,0.3740875912408759,0.5077701261502834
3915,0.6880796334162571,0,2,0,565227,40383,66296,41660,0.3740690651747008,0.5077825042965274
3916,0.688363281321067,0,1,0,565228,40382,66296,41660,0.3740598021416133,0.507788693595963
3917,0.6884618114485171,0,1,0,565229,40381,66296,41660,0.3740505391085257,0.5077948830462817
3918,0.6884870915934895,54,113,54,565342,40268,66350,41606,0.3730038163696321,0.5081710921660112
3919,0.6885014597484131,0,1,0,565343,40267,66350,41606,0.3729945533365445,0.5081772989874562
3920,0.688593582014295,0,1,0,565344,40266,66350,41606,0.37298529030345695,0.5081835059605238
3921,0.6886207679193561,0,1,0,565345,40265,66350,41606,0.37297602727036944,0.5081897130852194
3922,0.6886493010668917,1,0,1,565345,40265,66351,41605,0.37297602727036944,0.5081837058751679
3923,0.6887327867892299,1,0,1,565345,40265,66352,41604,0.37297602727036944,0.5081776985183647
3924,0.6887877996778161,0,1,0,565346,40264,66352,41604,0.37296676423728187,0.5081839057995798
3925,0.6888207149380186,0,1,0,565347,40263,66352,41604,0.3729575012041943,0.508190113232438
3926,0.6889378288046393,3,3,3,565350,40260,66355,41601,0.37292971210493164,0.5081907135265877
3927,0.6890337830460053,1,1,1,565351,40259,66356,41600,0.3729204490718441,0.5081909136441931
3928,0.6891816406605336,20,38,20,565389,40221,66376,41580,0.37256845381451703,0.5083067444163274
3929,0.689334418837212,2,3,2,565392,40218,66378,41578,0.3725406647152544,0.5083133649567216
3930,0.6894391272588226,10,10,10,565402,40208,66388,41568,0.37244803438437885,0.5083153981608296
3931,0.6895733632206185,1,4,1,565406,40204,66389,41567,0.3724109822520286,0.5083342505289161
3932,0.6896557532096559,0,1,0,565407,40203,66389,41567,0.37240171921894105,0.5083404671639966
3933,0.689784147300729,0,1,0,565408,40202,66389,41567,0.3723924561858535,0.5083466839511306
3934,0.69,1646,3176,1646,568584,37026,68035,39921,0.3429730630997814,0.5188116495769816
3935,0.6905018120500606,0,1,0,568585,37025,68035,39921,0.34296380006669386,0.5188183921191485
3936,0.6905149929726915,0,1,0,568586,37024,68035,39921,0.3429545370336063,0.5188251348365716
3937,0.690861580825504,0,1,0,568587,37023,68035,39921,0.3429452740005187,0.5188318777292577
3938,0.6910169034337657,0,1,0,568588,37022,68035,39921,0.34293601096743115,0.5188386207972135
3939,0.6910725508446819,0,1,0,568589,37021,68035,39921,0.34292674793434363,0.518845364040446
3940,0.691193781904484,0,2,0,568591,37019,68035,39921,0.3429082218681685,0.5188588510527684
3941,0.691269836003197,0,1,0,568592,37018,68035,39921,0.342898958835081,0.5188655948218719
3942,0.692014720456571,1,0,1,568592,37018,68036,39920,0.342898958835081,0.5188593412877902
3943,0.6930690382990583,1,0,1,568592,37018,68037,39919,0.342898958835081,0.518853087591146
3944,0.6932891854400783,0,1,0,568593,37017,68037,39919,0.3428896958019934,0.5188598315482998
3945,0.6932941966565085,0,1,0,568594,37016,68037,39919,0.34288043276890584,0.5188665756807694
3946,0.6935106028692928,0,1,0,568595,37015,68037,39919,0.34287116973581827,0.5188733199885617
3947,0.6938193362973393,1,0,1,568595,37015,68038,39918,0.34287116973581827,0.5188670661484669
3948,0.6938873976385247,1,1,1,568596,37014,68039,39917,0.34286190670273076,0.518867556641666
3949,0.6943246677670101,3,0,3,568596,37014,68042,39914,0.34286190670273076,0.5188487936772047
3950,0.6948319458473557,1,0,1,568596,37014,68043,39913,0.34286190670273076,0.5188425390305095
3951,0.6949268479050648,0,1,0,568597,37013,68043,39913,0.3428526436696432,0.5188492837272184
3952,0.6950026842164456,0,2,0,568599,37011,68043,39913,0.3428341176034681,0.5188627736467163
3953,0.6950192168340539,0,1,0,568600,37010,68043,39913,0.34282485457038053,0.5188695188695188
3954,0.6950405372695917,1,2,1,568602,37008,68044,39912,0.3428063285042054,0.5188767550702028
3955,0.6952176427412262,0,1,0,568603,37007,68044,39912,0.3427970654711179,0.5188835008255438
3956,0.6952873693676389,0,1,0,568604,37006,68044,39912,0.3427878024380303,0.5188902467562859
3957,0.6954612747804687,1,1,1,568605,37005,68045,39911,0.34277853940494274,0.5188907379478912
3958,0.6954612747804688,0,1,0,568606,37004,68045,39911,0.3427692763718552,0.5188974842358448
3959,0.6957783078226732,0,1,0,568607,37003,68045,39911,0.34276001333876766,0.5189042306992225
3960,0.6958375761735204,2,2,2,568609,37001,68047,39909,0.3427414872725925,0.5189052138863607
3961,0.6958588966090582,2,3,2,568612,36998,68049,39907,0.34271369817332986,0.5189129445419673
3962,0.6959925729349247,1,0,1,568612,36998,68050,39906,0.34271369817332986,0.518906688858837
3963,0.6960155698720851,0,2,0,568614,36996,68050,39906,0.3426951721071548,0.5189201841304517
3964,0.6962344062672018,0,1,0,568615,36995,68050,39906,0.3426859090740672,0.5189269320294925
3965,0.6963773232935614,0,1,0,568616,36994,68050,39906,0.34267664604097964,0.5189336801040312
3966,0.6964637662656366,1,0,1,568616,36994,68051,39905,0.34267664604097964,0.5189274242838008
3967,0.696515592622956,2,8,2,568624,36986,68053,39903,0.34260254177627925,0.5189689032241283
3968,0.6965155926229563,4,14,4,568638,36972,68057,39899,0.3424728593130535,0.5190383889893457
3969,0.6965534456761021,0,1,0,568639,36971,68057,39899,0.3424635962799659,0.5190451411473918
3970,0.6965534456761023,1,2,1,568641,36969,68058,39898,0.3424450702137908,0.5190523891917208
3971,0.6969741831869791,3,5,3,568646,36964,68061,39895,0.34239875504835304,0.5190673831301474
3972,0.6969856625123589,0,1,0,568647,36963,68061,39895,0.3423894920152655,0.5190741367196648
3973,0.6971078595128456,0,1,0,568648,36962,68061,39895,0.3423802289821779,0.5190808904849266
3974,0.6971234719406376,0,1,0,568649,36961,68061,39895,0.3423709659490904,0.5190876444259395
3975,0.6971760625820764,1,0,1,568649,36961,68062,39894,0.3423709659490904,0.5190813870275194
3976,0.6972606376895242,1,1,1,568650,36960,68063,39893,0.3423617029160028,0.5190818835959559
3977,0.6973718050155686,19,32,19,568682,36928,68082,39874,0.3420652858572011,0.519179188041978
3978,0.6974249203981288,0,1,0,568683,36927,68082,39874,0.3420560228241135,0.5191859480996341
3979,0.6974854959711899,1,0,1,568683,36927,68083,39873,0.3420560228241135,0.5191796875
3980,0.697668732254023,1,2,1,568685,36925,68084,39872,0.34203749675793843,0.5191869474067997
3981,0.6976687322540233,1,3,1,568688,36922,68085,39871,0.3420097076586758,0.5192009688383056
3982,0.697890231700072,2,8,2,568696,36914,68087,39869,0.34193560339397533,0.5192425406665538
3983,0.6979262188523121,0,1,0,568697,36913,68087,39869,0.34192634036088776,0.5192493032221094
3984,0.6979371520151468,0,1,0,568698,36912,68087,39869,0.3419170773278002,0.5192560659538167
3985,0.6980796334162571,1,1,1,568699,36911,68088,39868,0.3419078142947127,0.5192565675510231
3986,0.6982387585185585,0,1,0,568700,36910,68088,39868,0.3418985512616251,0.51926333064159
3987,0.6983632813210672,1,0,1,568700,36910,68089,39867,0.3418985512616251,0.5192570691743621
3988,0.6983769560634617,0,1,0,568701,36909,68089,39867,0.34188928822853754,0.5192638324476399
3989,0.6984729103048278,0,1,0,568702,36908,68089,39867,0.34188002519545,0.5192705958971019
3990,0.6984870915934895,54,108,54,568810,36800,68143,39813,0.34087961762199415,0.5196637646352447
3991,0.6988207149380186,0,2,0,568812,36798,68143,39813,0.34086109155581906,0.5196773309315894
3992,0.6988782545176452,0,1,0,568813,36797,68143,39813,0.3408518285227315,0.5196841143453858
3993,0.6989378288046393,3,11,3,568824,36786,68146,39810,0.3407499351587684,0.5197399342002194
3994,0.6990044256286495,1,0,1,568824,36786,68147,39809,0.3407499351587684,0.5197336640772896
3995,0.6990337830460053,1,1,1,568825,36785,68148,39808,0.3407406721256808,0.5197341793636494
3996,0.6991728102107624,0,1,0,568826,36784,68148,39808,0.34073140909259325,0.51974096511385
3997,0.6991816406605335,24,25,24,568851,36759,68172,39784,0.34049983326540445,0.5197601348261761
3998,0.6992982909926115,0,1,0,568852,36758,68172,39784,0.3404905702323169,0.5197669253481748
3999,0.6993865254721396,1,0,1,568852,36758,68173,39783,0.3404905702323169,0.5197606511542833
4000,0.6994391272588225,5,13,5,568865,36745,68178,39778,0.34037015080217864,0.5198175711877475
4001,0.699441438704802,0,1,0,568866,36744,68178,39778,0.3403608877690911,0.5198243642351219
4002,0.6995733632206185,1,6,1,568872,36738,68179,39777,0.34030530957056576,0.5198588512056459
4003,0.6996557532096559,1,0,1,568872,36738,68180,39776,0.34030530957056576,0.5198525759991636
4004,0.6997114722622524,1,0,1,568872,36738,68181,39775,0.34030530957056576,0.5198463006286513
4005,0.6999330859560097,0,2,0,568874,36736,68181,39775,0.3402867835043907,0.519859889427664
4006,0.7,1578,2860,1578,571734,33876,69759,38197,0.3137945088739857,0.5299765515518988
4007,0.7002569683981495,1,0,1,571734,33876,69760,38196,0.3137945088739857,0.52997002997003
4008,0.7003385611374725,0,1,0,571735,33875,69760,38196,0.3137852458408981,0.5299773834135783
4009,0.7003916765200329,0,1,0,571736,33874,69760,38196,0.3137759828078106,0.5299847370611905
4010,0.7007592986483496,0,1,0,571737,33873,69760,38196,0.31376671977472304,0.5299920909128751
4011,0.7008172001074636,0,1,0,571738,33872,69760,38196,0.31375745674163547,0.5299994449686407
4012,0.7013402771932771,0,1,0,571739,33871,69760,38196,0.31374819370854795,0.5300067992284957
4013,0.7017922960552991,0,1,0,571740,33870,69760,38196,0.3137389306754604,0.5300141536924486
4014,0.7018519831398602,1,1,1,571741,33869,69761,38195,0.3137296676423728,0.530014986678508
4015,0.7019768674034249,0,1,0,571742,33868,69761,38195,0.31372040460928524,0.5300223415622441
4016,0.7020147204565709,0,1,0,571743,33867,69761,38195,0.3137111415761977,0.5300296966501069
4017,0.702014720456571,0,1,0,571744,33866,69761,38195,0.31370187854311016,0.5300370519421046
4018,0.7021521776283095,1,1,1,571745,33865,69762,38194,0.3136926155100226,0.5300378856215046
4019,0.7027058915005812,1,0,1,571745,33865,69763,38193,0.3136926155100226,0.5300313636237476
4020,0.7027092695236149,1,1,1,571746,33864,69764,38192,0.3136833524769351,0.5300321971799712
4021,0.7027564497152602,0,1,0,571747,33863,69764,38192,0.3136740894438475,0.5300395531191451
4022,0.7033659655375127,2,0,2,571747,33863,69766,38190,0.3136740894438475,0.5300265082647495
4023,0.7035276288630813,1,0,1,571747,33863,69767,38189,0.3136740894438475,0.5300199855659802
4024,0.7037111932391495,0,1,0,571748,33862,69767,38189,0.31366482641075993,0.5300273417440424
4025,0.7038873976385247,0,1,0,571749,33861,69767,38189,0.31365556337767236,0.5300346981263012
4026,0.7042745271950815,0,1,0,571750,33860,69767,38189,0.31364630034458485,0.5300420547127649
4027,0.7043459882025478,0,1,0,571751,33859,69767,38189,0.3136370373114973,0.5300494115034422
4028,0.7044211634732269,0,1,0,571752,33858,69767,38189,0.3136277742784097,0.5300567684983414
4029,0.7045179482215082,1,0,1,571752,33858,69768,38188,0.3136277742784097,0.5300502456763734
4030,0.7045327799109745,1,1,1,571753,33857,69769,38187,0.3136185112453222,0.5300510798956194
4031,0.7047436100311373,1,0,1,571753,33857,69770,38186,0.3136185112453222,0.5300445567230682
4032,0.7047967254136975,1,0,1,571753,33857,69771,38185,0.3136185112453222,0.5300380333694233
4033,0.7050026842164456,1,1,1,571754,33856,69772,38184,0.3136092482122346,0.5300388672959467
4034,0.7050692996986571,0,1,0,571755,33855,69772,38184,0.31359998517914706,0.5300462249614792
4035,0.7051669888722836,0,1,0,571756,33854,69772,38184,0.3135907221460595,0.5300535828312835
4036,0.7052839377661403,0,1,0,571757,33853,69772,38184,0.31358145911297197,0.530060940905368
4037,0.7052873693676389,1,1,1,571758,33852,69773,38183,0.3135721960798844,0.530061775525786
4038,0.7054912744807414,0,1,0,571759,33851,69773,38183,0.31356293304679683,0.5300691340200461
4039,0.7055949511063353,0,1,0,571760,33850,69773,38183,0.31355367001370926,0.5300764927186151
4040,0.7058375761735204,5,4,5,571764,33846,69778,38178,0.3135166178813591,0.5300733088970343
4041,0.7058588966090582,3,3,3,571767,33843,69781,38175,0.3134888287820964,0.5300758143797384
4042,0.705992320413198,0,1,0,571768,33842,69781,38175,0.31347956574900887,0.5300831748059486
4043,0.7061579775811018,1,1,1,571769,33841,69782,38174,0.3134703027159213,0.530084010275637
4044,0.7062155779511585,1,0,1,571769,33841,69783,38173,0.3134703027159213,0.5300774849334852
4045,0.7062801198727339,0,1,0,571770,33840,69783,38173,0.31346103968283373,0.5300848457917321
4046,0.7063773232935614,1,0,1,571770,33840,69784,38172,0.31346103968283373,0.5300783202799534
4047,0.7063773232935615,1,1,1,571771,33839,69785,38171,0.3134517766497462,0.5300791556728233
4048,0.7064133104458017,0,1,0,571772,33838,69785,38171,0.31344251361665865,0.5300865169631573
4049,0.7065109996194281,0,1,0,571773,33837,69785,38171,0.3134332505835711,0.5300938784579491
4050,0.706515592622956,5,5,5,571778,33832,69790,38166,0.31338693541813334,0.5300980582793966
4051,0.7065155926229562,5,7,5,571785,33825,69795,38161,0.31332209418652046,0.5301169671880643
4052,0.7065534456761021,0,1,0,571786,33824,69795,38161,0.3133128311534329,0.5301243314579426
4053,0.7065534456761022,2,1,2,571787,33823,69797,38159,0.3133035681203453,0.5301186407713039
4054,0.706945168236187,1,0,1,571787,33823,69798,38158,0.3133035681203453,0.5301121129186869
4055,0.7069741831869791,2,8,2,571795,33815,69800,38156,0.3132294638556449,0.5301579802976198
4056,0.7072389041190654,0,1,0,571796,33814,69800,38156,0.31322020082255736,0.5301653466722246
4057,0.7073559658104891,0,1,0,571797,33813,69800,38156,0.3132109377894698,0.5301727132515388
4058,0.7073718050155686,16,32,16,571829,33781,69816,38140,0.31291452073066806,0.5303040836473353
4059,0.7074112630946743,0,1,0,571830,33780,69816,38140,0.3129052576975805,0.5303114571746385
4060,0.7074249203981288,1,0,1,571830,33780,69817,38139,0.3129052576975805,0.5303049263755057
4061,0.7074249203981289,0,1,0,571831,33779,69817,38139,0.3128959946644929,0.5303123001195806
4062,0.707668732254023,2,1,2,571832,33778,69819,38137,0.3128867316314054,0.5303066119724675
4063,0.7076687322540232,2,4,2,571836,33774,69821,38135,0.3128496794990552,0.5303230471846362
4064,0.707831171008955,1,0,1,571836,33774,69822,38134,0.3128496794990552,0.5303165155476443
4065,0.7078440424789079,0,1,0,571837,33773,69822,38134,0.3128404164659676,0.5303238905808892
4066,0.7078902317000719,4,5,4,571842,33768,69826,38130,0.31279410130052987,0.5303346407410499
4067,0.7079262188523121,0,2,0,571844,33766,69826,38130,0.31277557523435473,0.5303493935684879
4068,0.708060454814108,0,1,0,571845,33765,69826,38130,0.31276631220126716,0.5303567702900063
4069,0.7081777855797341,1,0,1,571845,33765,69827,38129,0.31276631220126716,0.5303502378501683
4070,0.708363281321067,0,1,0,571846,33764,69827,38129,0.31275704916817965,0.5303576147886442
4071,0.7083632813210672,0,1,0,571847,33763,69827,38129,0.3127477861350921,0.530364991932343
4072,0.7084075657352317,0,1,0,571848,33762,69827,38129,0.3127385231020045,0.5303723692812731
4073,0.7084870915934895,47,91,47,571939,33671,69874,38082,0.3118955870910371,0.5307373907711176
4074,0.7085303130795271,0,1,0,571940,33670,69874,38082,0.3118863240579495,0.5307447876017394
4075,0.708620767919356,1,0,1,571940,33670,69875,38081,0.3118863240579495,0.5307382475505568
4076,0.7087199626631673,0,1,0,571941,33669,69875,38081,0.31187706102486196,0.5307456445993032
4077,0.7088207149380186,1,1,1,571942,33668,69876,38080,0.31186779799177444,0.5307465016446451
4078,0.7088839793426105,0,1,0,571943,33667,69876,38080,0.3118585349586869,0.5307538991177332
4079,0.7089378288046393,6,4,6,571947,33663,69882,38074,0.31182148282633665,0.5307442463442854
4080,0.7089636726115208,0,1,0,571948,33662,69882,38074,0.3118122197932491,0.5307516449202632
4081,0.7090689095951457,0,1,0,571949,33661,69882,38074,0.31180295676016156,0.5307590437025163
4082,0.7091816406605335,19,36,19,571985,33625,69901,38055,0.3114694875690096,0.5309012276785714
4083,0.7092104030895989,0,1,0,571986,33624,69901,38055,0.31146022453592204,0.5309086343280459
4084,0.7092291164302742,1,0,1,571986,33624,69902,38054,0.31146022453592204,0.530902089902062
4085,0.709334418837212,0,3,0,571989,33621,69902,38054,0.3114324354366594,0.5309243111266132
4086,0.7094391272588225,9,10,9,571999,33611,69911,38045,0.31133980510578385,0.5309394886680808
4087,0.7095202017980061,1,0,1,571999,33611,69912,38044,0.31133980510578385,0.5309329425720466
4088,0.70952311531952,1,1,1,572000,33610,69913,38043,0.3113305420726963,0.5309338059816058
4089,0.7095733632206185,3,3,3,572003,33607,69916,38040,0.3113027529734336,0.5309363964995045
4090,0.71,1628,2785,1628,574788,30822,71544,36412,0.2855052058245952,0.5415712288425499
4091,0.7102580001941662,0,1,0,574789,30821,71544,36412,0.28549594279150764,0.541579283982568
4092,0.7103408725834521,1,1,1,574790,30820,71545,36411,0.28548667975842007,0.5415805208906606
4093,0.7109603429320737,0,2,0,574792,30818,71545,36411,0.285468153692245,0.5415966324056583
4094,0.7109603429320738,0,1,0,574793,30817,71545,36411,0.2854588906591574,0.5416046885226393
4095,0.7111356000414011,2,0,2,574793,30817,71547,36409,0.2854588906591574,0.5415910510814268
4096,0.711525056201133,1,0,1,574793,30817,71548,36408,0.2854588906591574,0.5415842320565266
4097,0.7118530571310023,1,1,1,574794,30816,71549,36407,0.2854496276260699,0.5415854692590334
4098,0.7124577570300507,0,1,0,574795,30815,71549,36407,0.28544036459298233,0.5415935259290113
4099,0.7125854592511925,0,1,0,574796,30814,71549,36407,0.28543110155989476,0.5416015828386962
4100,0.7126485084479117,1,0,1,574796,30814,71550,36406,0.28543110155989476,0.541594763463255
4101,0.7132307016246269,0,2,0,574798,30812,71550,36406,0.2854125754937197,0.5416108780386206
4102,0.7135276288630814,1,0,1,574798,30812,71551,36405,0.2854125754937197,0.5416040584971064
4103,0.7137892623618244,0,1,0,574799,30811,71551,36405,0.2854033124606321,0.5416121161628183
4104,0.7138873976385247,0,2,0,574801,30809,71551,36405,0.285384786394457,0.541628232213527
4105,0.7140002671247307,0,1,0,574802,30808,71551,36405,0.28537552336136945,0.5416362905985449
4106,0.7141025563672665,1,0,1,574802,30808,71552,36404,0.28537552336136945,0.5416294709278106
4107,0.7143246677670101,1,0,1,574802,30808,71553,36403,0.28537552336136945,0.541622651054143
4108,0.7146429154410023,0,1,0,574803,30807,71553,36403,0.2853662603282819,0.5416307097158161
4109,0.7147436100311373,1,3,1,574806,30804,71554,36402,0.28533847122901923,0.5416480671368628
4110,0.7148319458473559,0,1,0,574807,30803,71554,36402,0.28532920819593166,0.5416561267762815
4111,0.7150026842164456,0,1,0,574808,30802,71554,36402,0.28531994516284415,0.5416641866555563
4112,0.7150026842164457,1,0,1,574808,30802,71555,36401,0.28531994516284415,0.5416573664866152
4113,0.7150405372695918,1,0,1,574808,30802,71556,36400,0.28531994516284415,0.541650546114699
4114,0.7152748047477592,0,1,0,574809,30801,71556,36400,0.2853106821297566,0.54165860627074
4115,0.7152873693676389,1,0,1,574809,30801,71557,36399,0.2853106821297566,0.5416517857142857
4116,0.7152980238678808,0,2,0,574811,30799,71557,36399,0.28529215606358144,0.54166790678294
4117,0.7155589639540952,0,1,0,574812,30798,71557,36399,0.2852828930304939,0.5416759676771284
4118,0.7155753310553838,1,0,1,574812,30798,71558,36398,0.2852828930304939,0.5416691469730341
4119,0.7158375761735204,3,2,3,574814,30796,71561,36395,0.2852643669643188,0.5416648062984626
4120,0.7158375761735205,1,1,1,574815,30795,71562,36394,0.28525510393123127,0.5416660465254729
4121,0.7158588966090582,0,8,0,574823,30787,71562,36394,0.2851809996665308,0.5417305488158854
4122,0.7160456883174849,0,1,0,574824,30786,71562,36394,0.28517173663344325,0.5417386126823459
4123,0.7160889558435746,0,1,0,574825,30785,71562,36394,0.2851624736003557,0.5417466767888774
4124,0.7161558238475126,1,0,1,574825,30785,71563,36393,0.2851624736003557,0.5417398553097741
4125,0.7161558238475128,1,0,1,574825,30785,71564,36392,0.2851624736003557,0.5417330336275809
4126,0.7163096338202078,0,1,0,574826,30784,71564,36392,0.28515321056726817,0.5417410980111945
4127,0.716309633820208,0,1,0,574827,30783,71564,36392,0.2851439475341806,0.5417491626349088
4128,0.7163375929768314,0,1,0,574828,30782,71564,36392,0.285134684501093,0.5417572274987347
4129,0.7163773232935614,0,1,0,574829,30781,71564,36392,0.28512542146800546,0.5417652926026826
4130,0.716515592622956,2,6,2,574835,30775,71566,36390,0.28506984326948015,0.5418000446661208
4131,0.7165155926229562,10,4,10,574839,30771,71576,36380,0.2850327911371299,0.5417640839302468
4132,0.7165534456761021,1,1,1,574840,30770,71577,36379,0.2850235281040424,0.5417653278529837
4133,0.7165534456761022,1,3,1,574843,30767,71578,36378,0.2849957390047797,0.5417827090624767
4134,0.7167263101204077,0,1,0,574844,30766,71578,36378,0.2849864759716922,0.5417907780293102
4135,0.7168109322743912,0,1,0,574845,30765,71578,36378,0.2849772129386046,0.5417988472364953
4136,0.7169173043974871,0,1,0,574846,30764,71578,36378,0.28496794990551705,0.5418069166840428
4137,0.7169741831869791,5,5,5,574851,30759,71583,36373,0.2849216347400793,0.5418131442531132
4138,0.7170262427753706,0,1,0,574852,30758,71583,36373,0.28491237170699174,0.5418212152358821
4139,0.717136621941911,0,1,0,574853,30757,71583,36373,0.28490310867390417,0.5418292864591092
4140,0.7173718050155686,22,33,22,574886,30724,71605,36351,0.2845974285820149,0.5419455833022736
4141,0.7176687322540231,2,0,2,574886,30724,71607,36349,0.2845974285820149,0.5419319249176271
4142,0.7176687322540232,1,4,1,574890,30720,71608,36348,0.2845603764496647,0.5419574163535517
4143,0.7178902317000719,1,6,1,574896,30714,71609,36347,0.28450479825113933,0.5419990754686033
4144,0.7179015910478967,1,0,1,574896,30714,71610,36346,0.28450479825113933,0.5419922457500745
4145,0.7179262188523121,0,1,0,574897,30713,71610,36346,0.2844955352180518,0.5420003280693121
4146,0.7179966388912539,1,0,1,574897,30713,71611,36345,0.2844955352180518,0.5419934981657669
4147,0.7180796334162571,0,1,0,574898,30712,71611,36345,0.28448627218496425,0.5420015807447396
4148,0.7184870915934896,47,66,47,574964,30646,71658,36298,0.28387491200118564,0.5422143881453155
4149,0.7188197534624576,1,0,1,574964,30646,71659,36297,0.28387491200118564,0.5422075497064667
4150,0.7188207149380186,0,1,0,574965,30645,71659,36297,0.2838656489680981,0.5422156493681097
4151,0.7188728688450178,0,1,0,574966,30644,71659,36297,0.28385638593501056,0.5422237492717468
4152,0.7188782545176451,0,1,0,574967,30643,71659,36297,0.283847122901923,0.5422318494173887
4153,0.7189378288046393,3,4,3,574971,30639,71662,36294,0.28381007076957276,0.542243736273587
4154,0.7191816406605335,23,35,23,575006,30604,71685,36271,0.2834858646115084,0.542370093457944
4155,0.7192702392100792,1,0,1,575006,30604,71686,36270,0.2834858646115084,0.5423632502915932
4156,0.7192855783602777,0,1,0,575007,30603,71686,36270,0.28347660157842086,0.5423713606388229
4157,0.719334418837212,0,1,0,575008,30602,71686,36270,0.2834673385453333,0.5423794712286159
4158,0.7193486724189936,0,1,0,575009,30601,71686,36270,0.2834580755122457,0.5423875820609831
4159,0.7194391272588225,6,10,6,575019,30591,71692,36264,0.2833654451813702,0.5424276419115998
4160,0.7194823487448601,1,0,1,575019,30591,71693,36263,0.2833654451813702,0.5424207975588596
4161,0.7195153688446397,0,1,0,575020,30590,71693,36263,0.2833561821482826,0.542428911193215
4162,0.7195733632206185,3,3,3,575023,30587,71696,36260,0.28332839304901997,0.5424327194937694
4163,0.7196557532096558,3,2,3,575025,30585,71699,36257,0.2833098669828449,0.5424284132730918
4164,0.7197462942475831,0,1,0,575026,30584,71699,36257,0.2833006039497573,0.5424365284780299
4165,0.7197648169263424,1,0,1,575026,30584,71700,36256,0.2833006039497573,0.5424296828246559
4166,0.72,1586,2545,1586,577571,28039,73286,34670,0.2597261847419319,0.5528711987115087
4167,0.72023685957528,0,1,0,577572,28038,73286,34670,0.25971692170884436,0.5528800153090515
4168,0.7203502101618622,0,1,0,577573,28037,73286,34670,0.2597076586757568,0.552888832187794
4169,0.720378001777638,0,1,0,577574,28036,73286,34670,0.2596983956426692,0.5528976493477498
4170,0.7205018120500604,1,0,1,577574,28036,73287,34669,0.2596983956426692,0.5528905190973606
4171,0.7205368228051984,1,0,1,577574,28036,73288,34668,0.2596983956426692,0.5528833886195458
4172,0.7206999174999353,1,0,1,577574,28036,73289,34667,0.2596983956426692,0.5528762579142944
4173,0.7208781134431121,1,0,1,577574,28036,73290,34666,0.2596983956426692,0.5528691269815955
4174,0.720914696208064,0,1,0,577575,28035,73290,34666,0.2596891326095817,0.5528779445303903
4175,0.7209428630244179,0,1,0,577576,28034,73290,34666,0.25967986957649414,0.5528867623604465
4176,0.7209574040982243,0,1,0,577577,28033,73290,34666,0.25967060654340657,0.5528955804717779
4177,0.7214178605631534,1,0,1,577577,28033,73291,34665,0.25967060654340657,0.5528884493923251
4178,0.7214970692014311,0,1,0,577578,28032,73291,34665,0.259661343510319,0.552897267811857
4179,0.7216083971406697,0,1,0,577579,28031,73291,34665,0.2596520804772315,0.5529060865126962
4180,0.7216591874990657,1,0,1,577579,28031,73292,34664,0.2596520804772315,0.5528989552595901
4181,0.7225331471410742,1,0,1,577579,28031,73293,34663,0.2596520804772315,0.55289182377899
4182,0.7226698288834494,0,1,0,577580,28030,73293,34663,0.2596428174441439,0.5529006428149873
4183,0.7228664222111963,0,1,0,577581,28029,73293,34663,0.25963355441105634,0.5529094621323295
4184,0.7230208512029677,1,0,1,577581,28029,73294,34662,0.25963355441105634,0.552902330478059
4185,0.723230701624627,0,1,0,577582,28028,73294,34662,0.2596242913779688,0.5529111501036847
4186,0.7234897758099352,0,1,0,577583,28027,73294,34662,0.25961502834488126,0.5529199700106877
4187,0.7234897758099353,0,1,0,577584,28026,73294,34662,0.2596057653117937,0.5529287901990811
4188,0.7235696934020472,0,1,0,577585,28025,73294,34662,0.2595965022787061,0.5529376106688787
4189,0.7236261589905317,0,1,0,577586,28024,73294,34662,0.2595872392456186,0.5529464314200938
4190,0.7238873976385247,0,1,0,577587,28023,73294,34662,0.25957797621253104,0.5529552524527399
4191,0.7243459882025478,0,2,0,577589,28021,73294,34662,0.2595594501463559,0.5529728953623789
4192,0.724783068110243,0,2,0,577591,28019,73294,34662,0.2595409240801808,0.5529905393979037
4193,0.7248198132529062,0,1,0,577592,28018,73294,34662,0.25953166104709324,0.5529993618379069
4194,0.7248319458473559,1,0,1,577592,28018,73295,34661,0.25953166104709324,0.5529922302525567
4195,0.7248478002526083,0,1,0,577593,28017,73295,34661,0.25952239801400573,0.553001053001053
4196,0.7248644148870511,0,1,0,577594,28016,73295,34661,0.25951313498091816,0.55300987603108
4197,0.7250026842164456,1,0,1,577594,28016,73296,34660,0.25951313498091816,0.5530027442721297
4198,0.7250405372695917,1,0,1,577594,28016,73297,34659,0.25951313498091816,0.5529956122856003
4199,0.7252675009294436,0,1,0,577595,28015,73297,34659,0.2595038719478306,0.5530044356511472
4200,0.7252873693676389,1,1,1,577596,28014,73298,34658,0.259494608914743,0.5530061271381159
4201,0.7254435275310724,1,0,1,577596,28014,73299,34657,0.259494608914743,0.552998994750363
4202,0.7254612747804687,1,0,1,577596,28014,73300,34656,0.259494608914743,0.5529918621349929
4203,0.7254815882439489,0,1,0,577597,28013,73300,34656,0.2594853458816555,0.5530006861446648
4204,0.7256972332834896,0,1,0,577598,28012,73300,34656,0.25947608284856793,0.5530095104359481
4205,0.7257107606738501,1,0,1,577598,28012,73301,34655,0.25947608284856793,0.5530023776469274
4206,0.725838061926319,1,0,1,577598,28012,73302,34654,0.25947608284856793,0.5529952446302621
4207,0.7258588966090582,2,3,2,577601,28009,73304,34652,0.2594482937493053,0.5530074528015831
4208,0.7258672961097651,1,0,1,577601,28009,73305,34651,0.2594482937493053,0.5530003191828918
4209,0.7261558238475126,0,1,0,577602,28008,73305,34651,0.2594390307162177,0.5530091447357921
4210,0.7263096338202079,0,2,0,577604,28006,73305,34651,0.2594205046500426,0.5530267966867229
4211,0.7264133104458017,0,1,0,577605,28005,73305,34651,0.25941124161695506,0.5530356230847804
4212,0.7264698112654835,0,1,0,577606,28004,73305,34651,0.2594019785838675,0.5530444497645838
4213,0.7265155926229561,4,6,4,577612,27998,73309,34647,0.2593464003853422,0.5530688801979408
4214,0.7265155926229562,3,2,3,577614,27996,73312,34644,0.2593278743191671,0.5530651340996169
4215,0.7265534456761021,2,0,2,577614,27996,73314,34642,0.2593278743191671,0.553050863692966
4216,0.7267204774345624,0,1,0,577615,27995,73314,34642,0.2593186112860795,0.5530596931526095
4217,0.7269173043974871,0,1,0,577616,27994,73314,34642,0.25930934825299196,0.5530685228941823
4218,0.7269741831869792,1,6,1,577622,27988,73315,34641,0.25925377005446665,0.5531143719363234
4219,0.7270552577261629,0,1,0,577623,27987,73315,34641,0.2592445070213791,0.5531232036788657
4220,0.7270718723606054,0,1,0,577624,27986,73315,34641,0.2592352439882915,0.5531320357034506
4221,0.7271712146457118,0,1,0,577625,27985,73315,34641,0.259225980955204,0.5531408680100917
4222,0.7273718050155686,20,38,20,577663,27947,73335,34621,0.2588739856978769,0.5533339726377701
4223,0.7274469802862474,1,0,1,577663,27947,73336,34620,0.2588739856978769,0.553326833634344
4224,0.7275449219816007,1,0,1,577663,27947,73337,34619,0.2588739856978769,0.5533196944027108
4225,0.7275718185097599,0,1,0,577664,27946,73337,34619,0.2588647226647894,0.5533285383201471
4226,0.7276687322540231,1,1,1,577665,27945,73338,34618,0.2588554596317018,0.5533302431149402
4227,0.7276687322540232,1,0,1,577665,27945,73339,34617,0.2588554596317018,0.5533231034813465
4228,0.7276974946830884,0,1,0,577666,27944,73339,34617,0.25884619659861424,0.5533319480187338
4229,0.7278902317000719,8,5,8,577671,27939,73347,34609,0.2587998814331765,0.5533190509688559
4230,0.7279262188523121,0,1,0,577672,27938,73347,34609,0.25879061840008893,0.5533278974211393
4231,0.7280604548141079,1,0,1,577672,27938,73348,34608,0.25879061840008893,0.5533207559236402
4232,0.7281194694651728,0,1,0,577673,27937,73348,34608,0.25878135536700136,0.553329602686066
4233,0.728363281321067,1,1,1,577674,27936,73349,34607,0.2587720923339138,0.5533313080600547
4234,0.7284870915934896,45,59,45,577733,27877,73394,34562,0.2582255733817481,0.5535322474735341
4235,0.728620767919356,0,1,0,577734,27876,73394,34562,0.25821631034866055,0.5535411127838816
4236,0.7288782545176451,0,1,0,577735,27875,73394,34562,0.25820704731557304,0.5535499783782052
4237,0.7289378288046393,2,7,2,577742,27868,73396,34560,0.25814220608396016,0.5535977446017812
4238,0.7291816406605335,14,32,14,577774,27836,73410,34546,0.2578457890251584,0.5537815395466641
4239,0.7293344188372121,1,0,1,577774,27836,73411,34545,0.2578457890251584,0.5537743864317661
4240,0.7294391272588225,10,8,10,577782,27828,73421,34535,0.257771684760458,0.5537738723281432
4241,0.7295733632206185,0,3,0,577785,27825,73421,34535,0.2577438956611953,0.5538005131494548
4242,0.7296440120704285,0,1,0,577786,27824,73421,34535,0.25773463262810775,0.5538093939928479
4243,0.73,1533,2453,1533,580239,25371,74954,33002,0.23501241246433732,0.5653641238243708
4244,0.7302378665473376,1,0,1,580239,25371,74955,33001,0.23501241246433732,0.5653566778592476
4245,0.7302417049410893,1,0,1,580239,25371,74956,33000,0.23501241246433732,0.5653492316389989
4246,0.7303025739852325,1,0,1,580239,25371,74957,32999,0.23501241246433732,0.5653417851636114
4247,0.7314302138329665,0,1,0,580240,25370,74957,32999,0.23500314943124978,0.5653514708149874
4248,0.7314538477153935,0,2,0,580242,25368,74957,32999,0.23498462336507467,0.5653708431134031
4249,0.7316826741211484,0,1,0,580243,25367,74957,32999,0.2349753603319871,0.565380529760477
4250,0.7318385980740303,1,0,1,580243,25367,74958,32998,0.2349753603319871,0.5653730831834147
4251,0.7319112236476286,0,1,0,580244,25366,74958,32998,0.23496609729889956,0.5653827702008087
4252,0.7321105437292914,1,0,1,580244,25366,74959,32997,0.23496609729889956,0.5653753234069531
4253,0.7321743262599366,1,0,1,580244,25366,74960,32996,0.23496609729889956,0.5653678763579041
4254,0.7323116476950254,0,1,0,580245,25365,74960,32996,0.234956834265812,0.5653775637840338
4255,0.7323253519664671,1,1,1,580246,25364,74961,32995,0.23494757123272444,0.5653798043146729
4256,0.7328117593604995,0,1,0,580247,25363,74961,32995,0.2349383081996369,0.5653894924431955
4257,0.7328330797960375,1,0,1,580247,25363,74962,32994,0.2349383081996369,0.5653820449988861
4258,0.7328861951785975,1,0,1,580247,25363,74963,32993,0.2349383081996369,0.5653745972993351
4259,0.7329567827583868,0,1,0,580248,25362,74963,32993,0.23492904516654933,0.5653842858366892
4260,0.733230701624627,0,1,0,580249,25361,74963,32993,0.2349197821334618,0.5653939747061041
4261,0.7337744609611286,0,1,0,580250,25360,74963,32993,0.23491051910037422,0.5654036639075969
4262,0.7338245561015359,1,1,1,580251,25359,74964,32992,0.23490125606728668,0.5654059056400061
4263,0.7338873976385247,0,1,0,580252,25358,74964,32992,0.2348919930341991,0.5654155955441302
4264,0.7340530277490328,0,1,0,580253,25357,74964,32992,0.23488273000111157,0.5654252857803904
4265,0.7343195520451061,1,0,1,580253,25357,74965,32991,0.23488273000111157,0.5654178378007815
4266,0.7343459882025479,1,2,1,580255,25355,74966,32990,0.23486420393493646,0.5654297711886194
4267,0.734399103585108,1,0,1,580255,25355,74967,32989,0.23486420393493646,0.5654223227752639
4268,0.7350026842164457,1,0,1,580255,25355,74968,32988,0.23486420393493646,0.5654148741065766
4269,0.7352429850038469,0,1,0,580256,25354,74968,32988,0.2348549409018489,0.5654245654931267
4270,0.7352980238678808,0,1,0,580257,25353,74968,32988,0.23484567786876134,0.5654342572119093
4271,0.7353412453539182,0,1,0,580258,25352,74968,32988,0.2348364148356738,0.5654439492629414
4272,0.7353938471406012,0,1,0,580259,25351,74968,32988,0.23482715180258623,0.5654536416462401
4273,0.7354584553219256,1,0,1,580259,25351,74969,32987,0.23482715180258623,0.5654461928759985
4274,0.7354612747804687,2,0,2,580259,25351,74971,32985,0.23482715180258623,0.5654312945693911
4275,0.7356110235424864,0,1,0,580260,25350,74971,32985,0.2348178887694987,0.56544098740036
4276,0.7357472666832148,1,0,1,580260,25350,74972,32984,0.2348178887694987,0.565433537902424
4277,0.735788201719196,0,1,0,580261,25349,74972,32984,0.23480862573641112,0.5654432311041777
4278,0.7358375761735203,0,3,0,580264,25346,74972,32984,0.23478083663714847,0.5654723127035831
4279,0.7358375761735205,0,1,0,580265,25345,74972,32984,0.23477157360406092,0.5654820072348231
4280,0.7358588966090582,3,2,3,580267,25343,74975,32981,0.2347530475378858,0.5654790480762636
4281,0.7359547198817787,0,2,0,580269,25341,74975,32981,0.2347345214717107,0.5654984396968554
4282,0.7359925729349247,0,1,0,580270,25340,74975,32981,0.23472525843862313,0.5655081360058984
4283,0.7363086020241911,0,1,0,580271,25339,74975,32981,0.2347159954055356,0.5655178326474622
4284,0.7365155926229561,5,6,5,580277,25333,74980,32976,0.23466041720701025,0.5655387676001989
4285,0.7365155926229562,4,4,4,580281,25329,74984,32972,0.23462336507466006,0.5655477607588206
4286,0.7365534456761021,1,0,1,580281,25329,74985,32971,0.23462336507466006,0.5655403087478559
4287,0.7368109322743912,1,0,1,580281,25329,74986,32970,0.23462336507466006,0.5655328564812433
4288,0.7368503729145567,0,1,0,580282,25328,74986,32970,0.2346141020415725,0.5655425572060792
4289,0.7369173043974871,2,0,2,580282,25328,74988,32968,0.2346141020415725,0.5655276519829834
4290,0.7369741831869792,5,3,5,580285,25325,74993,32963,0.23458631294230983,0.565519489431787
4291,0.7370718723606055,0,1,0,580286,25324,74993,32963,0.23457704990922226,0.565529191758025
4292,0.7371006347896709,1,0,1,580286,25324,74994,32962,0.23457704990922226,0.565521737638541
4293,0.7373156196386055,0,1,0,580287,25323,74994,32962,0.23456778687613472,0.5655314403362787
4294,0.7373293589588945,1,0,1,580287,25323,74995,32961,0.23456778687613472,0.5655239859995882
4295,0.7373718050155686,19,23,19,580310,25300,75014,32942,0.23435473711512098,0.5656055767315683
4296,0.7374249203981287,0,1,0,580311,25299,75014,32942,0.23434547408203343,0.5656152881990351
4297,0.7376687322540231,0,1,0,580312,25298,75014,32942,0.23433621104894586,0.565625
4298,0.7376687322540232,3,1,3,580313,25297,75017,32939,0.23432694801585832,0.5656123360120887
4299,0.7377257594511011,0,1,0,580314,25296,75017,32939,0.23431768498277075,0.565622048596205
4300,0.7377327807994181,0,1,0,580315,25295,75017,32939,0.2343084219496832,0.5656317615138923
4301,0.737890231700072,2,6,2,580321,25289,75019,32937,0.23425284375115787,0.5656751279497132
4302,0.7379262188523121,0,1,0,580322,25288,75019,32937,0.23424358071807033,0.5656848432803778
4303,0.7379538446583888,1,0,1,580322,25288,75020,32936,0.23424358071807033,0.5656773838966749
4304,0.738079633416257,2,0,2,580322,25288,75022,32934,0.23424358071807033,0.565662464360551
4305,0.7382712388942188,0,1,0,580323,25287,75022,32934,0.23423431768498276,0.5656721801411861
4306,0.7384870915934896,47,71,47,580394,25216,75069,32887,0.23357664233576642,0.566012081992324
4307,0.7385111920252576,1,0,1,580394,25216,75070,32886,0.23357664233576642,0.5660046125778803
4308,0.738620767919356,1,1,1,580395,25215,75071,32885,0.23356737930267887,0.5660068846815834
4309,0.7388207149380186,1,2,1,580397,25213,75072,32884,0.23354885323650376,0.5660188994268207
4310,0.7389378288046393,6,3,6,580400,25210,75078,32878,0.2335210641372411,0.5660033053298443
4311,0.7389510505904039,0,1,0,580401,25209,75078,32878,0.23351180110415354,0.56601304939143
4312,0.7390124904794411,1,0,1,580401,25209,75079,32877,0.23351180110415354,0.5660055779361636
4313,0.739089598233685,1,0,1,580401,25209,75080,32876,0.23351180110415354,0.5659981062236378
4314,0.7391816406605335,11,29,11,580430,25180,75091,32865,0.23324317314461449,0.5661986389869929
4315,0.739215689505656,0,1,0,580431,25179,75091,32865,0.23323391011152692,0.5662083936324168
4316,0.739334418837212,2,0,2,580431,25179,75093,32863,0.23323391011152692,0.5661934461252197
4317,0.7394096708592283,0,1,0,580432,25178,75093,32863,0.23322464707843937,0.5662032011853689
4318,0.7394391272588225,8,13,8,580445,25165,75101,32855,0.23310422764830116,0.5662702516373664
4319,0.7395733632206185,2,5,2,580450,25160,75103,32853,0.2330579124828634,0.5663041042524951
4320,0.7397114722622524,0,1,0,580451,25159,75103,32853,0.23304864944977582,0.5663138660966697
4321,0.7399049521566429,1,0,1,580451,25159,75104,32852,0.23304864944977582,0.566306390167382
4322,0.74,1570,2166,1570,582617,22993,76674,31282,0.21298491978213346,0.5763611239060341
4323,0.7400367625816036,0,1,0,582618,22992,76674,31282,0.2129756567490459,0.5763717433762022
4324,0.7400386284825093,0,1,0,582619,22991,76674,31282,0.21296639371595835,0.5763823632377056
4325,0.740204884811606,0,1,0,582620,22990,76674,31282,0.2129571306828708,0.576392983490566
4326,0.740493958697187,1,0,1,582620,22990,76675,31281,0.2129571306828708,0.5763851780877448
4327,0.7406895834569908,0,1,0,582621,22989,76675,31281,0.21294786764978324,0.5763957987838585
4328,0.7407592986483494,0,1,0,582622,22988,76675,31281,0.2129386046166957,0.5764064198713814
4329,0.7409324321668571,0,1,0,582623,22987,76675,31281,0.21292934158360813,0.5764170413503353
4330,0.7410331102045166,0,1,0,582624,22986,76675,31281,0.2129200785505206,0.5764276632207419
4331,0.7411585080639584,0,1,0,582625,22985,76675,31281,0.21291081551743302,0.5764382854826227
4332,0.7411963611171046,1,0,1,582625,22985,76676,31280,0.21291081551743302,0.5764304800515986
4333,0.7412096404507489,0,1,0,582626,22984,76676,31280,0.21290155248434547,0.5764411027568922
4334,0.7412880863239728,0,1,0,582627,22983,76676,31280,0.21289228945125793,0.5764517258537125
4335,0.7412970557072395,1,0,1,582627,22983,76677,31279,0.21289228945125793,0.5764439202388412
4336,0.7414110801432233,0,1,0,582628,22982,76677,31279,0.21288302641817036,0.5764545437791415
4337,0.7416170986279815,0,2,0,582630,22980,76677,31279,0.21286450035199525,0.5764757920345012
4338,0.7417140298111846,0,1,0,582631,22979,76677,31279,0.2128552373189077,0.5764864167496038
4339,0.7417762770335679,0,1,0,582632,22978,76677,31279,0.21284597428582014,0.5764970418563503
4340,0.742014720456571,1,1,1,582633,22977,76678,31278,0.2128367112527326,0.5764998617638927
4341,0.7422508866193221,0,1,0,582634,22976,76678,31278,0.21282744821964503,0.5765104877059756
4342,0.7423744892320144,0,1,0,582635,22975,76678,31278,0.21281818518655748,0.5765211140397766
4343,0.7424256216188049,0,1,0,582636,22974,76678,31278,0.21280892215346994,0.5765317407653174
4344,0.7425122555038225,0,1,0,582637,22973,76678,31278,0.21279965912038237,0.5765423678826197
4345,0.7426698288834495,0,1,0,582638,22972,76678,31278,0.21279039608729483,0.576552995391705
4346,0.7427092695236149,0,1,0,582639,22971,76678,31278,0.21278113305420726,0.5765636232925953
4347,0.742857955657169,1,0,1,582639,22971,76679,31277,0.21278113305420726,0.5765558177259991
4348,0.7431776010677109,0,1,0,582640,22970,76679,31277,0.21277187002111972,0.5765664460707505
4349,0.7432093811890891,0,1,0,582641,22969,76679,31277,0.21276260698803215,0.5765770748073591
4350,0.743283817007187,1,0,1,582641,22969,76680,31276,0.21276260698803215,0.576569269057056
4351,0.7434454524896769,0,1,0,582642,22968,76680,31276,0.2127533439549446,0.5765798982375931
4352,0.7435904038174109,0,1,0,582643,22967,76680,31276,0.21274408092185706,0.57659052781004
4353,0.7438245561015359,1,1,1,582644,22966,76681,31275,0.2127348178887695,0.5765933518924798
4354,0.7438873976385247,0,1,0,582645,22965,76681,31275,0.21272555485568195,0.5766039823008849
4355,0.7439056306407195,0,1,0,582646,22964,76681,31275,0.21271629182259438,0.576614613101274
4356,0.7442430870063174,0,1,0,582647,22963,76681,31275,0.21270702878950684,0.5766252442936687
4357,0.7443246677670099,0,1,0,582648,22962,76681,31275,0.21269776575641927,0.5766358758780906
4358,0.7443459882025479,0,1,0,582649,22961,76681,31275,0.21268850272333173,0.5766465078545615
4359,0.7443846166850573,0,1,0,582650,22960,76681,31275,0.2126792396902442,0.5766571402231032
4360,0.7445760474370641,0,1,0,582651,22959,76681,31275,0.21266997665715662,0.5766677729837372
4361,0.7448289410318251,0,1,0,582652,22958,76681,31275,0.21266071362406908,0.5766784061364851
4362,0.7449525005170716,0,1,0,582653,22957,76681,31275,0.2126514505909815,0.576689039681369
4363,0.7450026842164457,0,2,0,582655,22955,76681,31275,0.2126329245248064,0.5767103079476305
4364,0.7450405372695917,1,0,1,582655,22955,76682,31274,0.2126329245248064,0.5767025023511405
4365,0.745287369367639,0,1,0,582656,22954,76682,31274,0.21262366149171885,0.5767131371247326
4366,0.7453363075609747,1,0,1,582656,22954,76683,31273,0.21262366149171885,0.5767053312925295
4367,0.7456972332834897,1,0,1,582656,22954,76684,31272,0.21262366149171885,0.5766975251724266
4368,0.7458375761735203,5,6,5,582662,22948,76689,31267,0.21256808329319352,0.5767223093239878
4369,0.7458588966090582,1,5,1,582667,22943,76690,31266,0.21252176812775575,0.5767676954011327
4370,0.7461558238475127,0,1,0,582668,22942,76690,31266,0.2125125050946682,0.5767783353010626
4371,0.7464133104458017,0,1,0,582669,22941,76690,31266,0.21250324206158064,0.576788975593558
4372,0.7465155926229561,5,3,5,582672,22938,76695,31261,0.21247545296231798,0.5767818594439011
4373,0.7465155926229562,2,1,2,582673,22937,76697,31259,0.21246618992923041,0.5767768839028711
4374,0.7465485097708499,1,0,1,582673,22937,76698,31258,0.21246618992923041,0.5767690746378817
4375,0.7465534456761022,1,1,1,582674,22936,76699,31257,0.21245692689614287,0.5767719078109719
4376,0.7466452355812239,0,1,0,582675,22935,76699,31257,0.21244766386305533,0.5767825509300266
4377,0.7468109322743912,1,0,1,582675,22935,76700,31256,0.21244766386305533,0.5767747411931871
4378,0.7469741831869792,4,5,4,582680,22930,76704,31252,0.21240134869761754,0.5767967221586505
4379,0.7470479224776987,2,0,2,582680,22930,76706,31250,0.21240134869761754,0.576781100036914
4380,0.7471078595128456,0,1,0,582681,22929,76706,31250,0.21239208566453,0.5767917458793997
4381,0.7471078595128458,0,1,0,582682,22928,76706,31250,0.21238282263144245,0.5768023921148806
4382,0.7471316264642514,0,1,0,582683,22927,76706,31250,0.21237355959835488,0.5768130387433782
4383,0.7472612740767905,1,0,1,582683,22927,76707,31249,0.21237355959835488,0.5768052274069698
4384,0.7473078065315082,0,1,0,582684,22926,76707,31249,0.21236429656526734,0.5768158744808491
4385,0.7473718050155687,19,21,19,582705,22905,76726,31230,0.21216977287042868,0.5768911055694098
4386,0.7474249203981287,1,0,1,582705,22905,76727,31229,0.21216977287042868,0.57688328961466
4387,0.7476687322540231,1,1,1,582706,22904,76728,31228,0.21216050983734114,0.5768861302002513
4388,0.7476687322540232,1,1,1,582707,22903,76729,31227,0.2121512468042536,0.576888970995751
4389,0.7477334818353286,0,1,0,582708,22902,76729,31227,0.21214198377116603,0.5768996286648562
4390,0.747890231700072,3,1,3,582709,22901,76732,31224,0.21213272073807848,0.5768868360277136
4391,0.7479262188523121,1,0,1,582709,22901,76733,31223,0.21213272073807848,0.5768790185499963
4392,0.7479865685686695,0,1,0,582710,22900,76733,31223,0.21212345770499091,0.5768896772167101
4393,0.748079633416257,0,2,0,582712,22898,76733,31223,0.2121049316388158,0.5769109957317862
4394,0.7481194694651728,0,1,0,582713,22897,76733,31223,0.21209566860572826,0.5769216555801921
4395,0.748340651961103,1,0,1,582713,22897,76734,31222,0.21209566860572826,0.5769138380236146
4396,0.7483632813210671,0,1,0,582714,22896,76734,31222,0.21208640557264072,0.5769244983184892
4397,0.7483769560634618,0,1,0,582715,22895,76734,31222,0.21207714253955315,0.5769351590073359
4398,0.7484129528263245,1,0,1,582715,22895,76735,31221,0.21207714253955315,0.5769273412669081
4399,0.7484870915934896,37,55,37,582770,22840,76772,31184,0.21156767571973767,0.5772249370650081
4400,0.7485617072282392,0,1,0,582771,22839,76772,31184,0.21155841268665013,0.5772356218647613
4401,0.7486919764050957,1,0,1,582771,22839,76773,31183,0.21155841268665013,0.5772277960830773
4402,0.7487034300455591,0,1,0,582772,22838,76773,31183,0.21154914965356256,0.5772384813313342
4403,0.7488650933711277,1,0,1,582772,22838,76774,31182,0.21154914965356256,0.5772306553128471
4404,0.7488782545176451,1,0,1,582772,22838,76775,31181,0.21154914965356256,0.5772228290046095
4405,0.7489378288046393,1,6,1,582778,22832,76776,31180,0.21149357145503725,0.5772791231578168
4406,0.7491816406605335,27,25,27,582803,22807,76803,31153,0.2112619956278484,0.5773350630096368
4407,0.749334418837212,1,0,1,582803,22807,76804,31152,0.2112619956278484,0.5773272299338387
4408,0.7493800665677055,0,1,0,582804,22806,76804,31152,0.21125273259476082,0.5773379295007228
4409,0.7493835200556308,1,0,1,582804,22806,76805,31151,0.21125273259476082,0.577330096187705
4410,0.7494391272588226,4,10,4,582814,22796,76809,31147,0.2111601022638853,0.5774057801753703
4411,0.7494396408546997,0,1,0,582815,22795,76809,31147,0.21115083923079772,0.5774164843721034
4412,0.749444495691714,0,2,0,582817,22793,76809,31147,0.21113231316462264,0.5774378939562477
4413,0.7495733632206185,4,3,4,582820,22790,76813,31143,0.21110452406535996,0.577438673910222
4414,0.7496557532096558,0,1,0,582821,22789,76813,31143,0.2110952610322724,0.5774493807016242
4415,0.7496755993577205,0,1,0,582822,22788,76813,31143,0.21108599799918484,0.5774600878900817
4416,0.7499908273590848,0,1,0,582823,22787,76813,31143,0.2110767349660973,0.5774707954756165
4417,0.75,1572,2040,1572,584863,20747,78385,29571,0.19218014746748677,0.5876823403155929
4418,0.7502048848116061,0,1,0,584864,20746,78385,29571,0.1921708844343992,0.5876940199137468
4419,0.7503385611374727,0,1,0,584865,20745,78385,29571,0.19216162140131166,0.5877056999761507
4420,0.7505221255135407,0,1,0,584866,20744,78385,29571,0.19215235836822409,0.5877173805028322
4421,0.7505849271328934,1,0,1,584866,20744,78386,29570,0.19215235836822409,0.5877091863099734
4422,0.7506354883759272,0,1,0,584867,20743,78386,29570,0.19214309533513654,0.5877208673702622
4423,0.7507592986483496,0,1,0,584868,20742,78386,29570,0.19213383230204897,0.5877325488948959
4424,0.7508595419615025,1,0,1,584868,20742,78387,29569,0.19213383230204897,0.5877243545149172
4425,0.750861580825504,0,1,0,584869,20741,78387,29569,0.19212456926896143,0.5877360365732459
4426,0.7511569204769389,0,2,0,584871,20739,78387,29569,0.19210604320278632,0.5877594020831677
4427,0.7511791984548789,1,1,1,584872,20738,78388,29568,0.19209678016969878,0.5877628911064287
4428,0.7511963611171045,1,0,1,584872,20738,78389,29567,0.19209678016969878,0.5877546963522513
4429,0.7514538477153934,1,0,1,584872,20738,78390,29566,0.19209678016969878,0.5877465012722646
4430,0.7514728221302194,1,0,1,584872,20738,78391,29565,0.19209678016969878,0.5877383058664493
4431,0.7518909101841484,0,1,0,584873,20737,78391,29565,0.1920875171366112,0.5877499900600374
4432,0.7518946910300204,0,1,0,584874,20736,78391,29565,0.19207825410352367,0.5877616747181964
4433,0.7519283518779486,0,2,0,584876,20734,78391,29565,0.19205972803734855,0.5877850454283385
4434,0.7520609106308244,0,1,0,584877,20733,78391,29565,0.19205046500426098,0.5877967314803769
4435,0.7521105437292914,0,1,0,584878,20732,78391,29565,0.19204120197117344,0.5878084179970973
4436,0.7522757265036712,1,0,1,584878,20732,78392,29564,0.19204120197117344,0.5878002226817242
4437,0.7522826327442335,0,1,0,584879,20731,78392,29564,0.1920319389380859,0.5878119097325778
4438,0.7524786794534855,1,0,1,584879,20731,78393,29563,0.1920319389380859,0.5878037141607348
4439,0.7526123557793519,0,2,0,584881,20729,78393,29563,0.1920134128719108,0.5878270897955937
4440,0.7531300070344917,1,0,1,584881,20729,78394,29562,0.1920134128719108,0.5878188940367064
4441,0.753159255216356,0,1,0,584882,20728,78394,29562,0.19200414983882322,0.5878305826207993
4442,0.7532674642062304,1,0,1,584882,20728,78395,29561,0.19200414983882322,0.5878223866054206
4443,0.7532682396355938,0,1,0,584883,20727,78395,29561,0.19199488680573568,0.5878340757238307
4444,0.7532838170071869,0,1,0,584884,20726,78395,29561,0.1919856237726481,0.5878457653071371
4445,0.7532874503117638,0,1,0,584885,20725,78395,29561,0.19197636073956056,0.5878574553553673
4446,0.7535093613163629,1,0,1,584885,20725,78396,29560,0.19197636073956056,0.5878492592224321
4447,0.753549529913581,0,1,0,584886,20724,78396,29560,0.191967097706473,0.587860949805107
4448,0.7536613051889479,0,1,0,584887,20723,78396,29560,0.19195783467338545,0.5878726408527734
4449,0.7538464571520355,0,1,0,584888,20722,78396,29560,0.1919485716402979,0.5878843323654588
4450,0.753978366074231,0,2,0,584890,20720,78396,29560,0.1919300455741228,0.5879077167859984
4451,0.7539817515113526,0,1,0,584891,20719,78396,29560,0.19192078254103523,0.587919409693908
4452,0.7540962310380968,0,1,0,584892,20718,78396,29560,0.1919115195079477,0.5879311030669477
4453,0.7541794421968864,1,0,1,584892,20718,78397,29559,0.1919115195079477,0.5879229070946954
4454,0.7542579125606389,0,2,0,584894,20716,78397,29559,0.19189299344177257,0.5879462953754351
4455,0.7546429154410024,1,0,1,584894,20716,78398,29558,0.19189299344177257,0.5879380992162947
4456,0.7547436100311373,1,1,1,584895,20715,78399,29557,0.19188373040868503,0.587941597708466
4457,0.7548644148870511,1,0,1,584895,20715,78400,29556,0.19188373040868503,0.5879334009667602
4458,0.7548788739440232,0,1,0,584896,20714,78400,29556,0.19187446737559746,0.5879450964790133
4459,0.7549102680927353,2,1,2,584897,20713,78402,29554,0.19186520434250992,0.587940398273221
4460,0.754954049214702,0,1,0,584898,20712,78402,29554,0.19185594130942235,0.5879520948553695
4461,0.7550031699692441,0,1,0,584899,20711,78402,29554,0.1918466782763348,0.5879637919029146
4462,0.7550405372695917,1,0,1,584899,20711,78403,29553,0.1918466782763348,0.5879555944612447
4463,0.7552980238678808,1,0,1,584899,20711,78404,29552,0.1918466782763348,0.5879473966933928
4464,0.7553374645080462,0,1,0,584900,20710,78404,29552,0.19183741524324724,0.5879590943456289
4465,0.7554612747804687,0,2,0,584902,20708,78404,29552,0.19181888917707213,0.5879824910465579
4466,0.7554612747804689,0,1,0,584903,20707,78404,29552,0.19180962614398459,0.5879941900953063
4467,0.7557882017191959,1,0,1,584903,20707,78405,29551,0.19180962614398459,0.5879859922798361
4468,0.7558375761735203,1,3,1,584906,20704,78406,29550,0.19178183704472193,0.5880128944959605
4469,0.7558375761735205,1,0,1,584906,20704,78407,29549,0.19178183704472193,0.5880046962370405
4470,0.7558588966090583,1,2,1,584908,20702,78408,29548,0.19176331097854682,0.5880199004975124
4471,0.7559547198817786,0,1,0,584909,20701,78408,29548,0.19175404794545925,0.5880316026189576
4472,0.7562821604163831,1,0,1,584909,20701,78409,29547,0.19175404794545925,0.5880234039165738
4473,0.7563773232935614,1,0,1,584909,20701,78410,29546,0.19175404794545925,0.588015204887854
4474,0.7565016193187825,1,0,1,584909,20701,78411,29545,0.19175404794545925,0.5880070055327787
4475,0.7565155926229561,12,3,12,584912,20698,78423,29533,0.1917262588461966,0.5879437001055126
4476,0.7565155926229562,3,6,3,584918,20692,78426,29530,0.19167068064767126,0.5879893273864044
4477,0.7565534456761022,0,1,0,584919,20691,78426,29530,0.19166141761458372,0.5880010354234284
4478,0.7565534456761023,2,0,2,584919,20691,78428,29528,0.19166141761458372,0.5879846273322846
4479,0.7566945639954963,1,0,1,584919,20691,78429,29527,0.19166141761458372,0.5879764227966068
4480,0.7567025153000284,1,0,1,584919,20691,78430,29526,0.19166141761458372,0.5879682179341658
4481,0.7567204774345623,0,1,0,584920,20690,78430,29526,0.19165215458149618,0.5879799267165844
4482,0.7567699917879022,0,1,0,584921,20689,78430,29526,0.1916428915484086,0.587991635965349
4483,0.7568503729145566,1,0,1,584921,20689,78431,29525,0.1916428915484086,0.5879834309156808
4484,0.7568503729145567,0,1,0,584922,20688,78431,29525,0.19163362851532106,0.5879951407006154
4485,0.7569151224958622,0,1,0,584923,20687,78431,29525,0.1916243654822335,0.5880068509519637
4486,0.7569741831869792,1,3,1,584926,20684,78432,29524,0.19159657638297084,0.5880337794773741
4487,0.7573718050155687,28,15,28,584941,20669,78460,29496,0.19145763088665751,0.5879796670985747
4488,0.7574759952370397,1,0,1,584941,20669,78461,29495,0.19145763088665751,0.5879714536320868
4489,0.7576687322540231,1,2,1,584943,20667,78462,29494,0.19143910482048243,0.5879866828811228
4490,0.7576687322540232,0,1,0,584944,20666,78462,29494,0.19142984178739486,0.5879984051036683
4491,0.7578736170656292,0,1,0,584945,20665,78462,29494,0.19142057875430732,0.5880101277936163
4492,0.757890231700072,4,3,4,584948,20662,78466,29490,0.19139278965504464,0.5880124421757856
4493,0.7579262188523122,1,4,1,584952,20658,78467,29489,0.19135573752269444,0.5880511296787445
4494,0.7579713062392553,0,1,0,584953,20657,78467,29489,0.19134647448960687,0.5880628564591394
4495,0.7581326912509376,0,1,0,584954,20656,78467,29489,0.19133721145651933,0.588074583707249
4496,0.7581705443040838,1,0,1,584954,20656,78468,29488,0.19133721145651933,0.5880663688576898
4497,0.7584870915934896,48,45,48,584999,20611,78516,29440,0.19092037496757938,0.5882000359633174
4498,0.7585780321861171,0,1,0,585000,20610,78516,29440,0.19091111193449184,0.5882117882117882
4499,0.7585970753614033,1,0,1,585000,20610,78517,29439,0.19091111193449184,0.5882035605106996
4500,0.7587518125255758,1,0,1,585000,20610,78518,29438,0.19091111193449184,0.5881953324808185
4501,0.7588207149380186,1,0,1,585000,20610,78519,29437,0.19091111193449184,0.5881871041221252
4502,0.7588256527309624,0,1,0,585001,20609,78519,29437,0.19090184890140427,0.5881988570515126
4503,0.7589279349081166,0,1,0,585002,20608,78519,29437,0.19089258586831673,0.5882106104505944
4504,0.7589378288046393,3,5,3,585007,20603,78522,29434,0.19084627070287896,0.5882446989227972
4505,0.7590337830460052,0,1,0,585008,20602,78522,29434,0.1908370076697914,0.5882564553521464
4506,0.7590952564605744,0,1,0,585009,20601,78522,29434,0.19082774463670385,0.588268212251424
4507,0.7591816406605335,12,25,12,585034,20576,78534,29422,0.190596168809515,0.5884635385415417
4508,0.7592248621465711,0,1,0,585035,20575,78534,29422,0.19058690577642742,0.5884753085185112
4509,0.7593865254721396,0,1,0,585036,20574,78534,29422,0.19057764274333988,0.5884870789663174
4510,0.759429746958177,0,1,0,585037,20573,78534,29422,0.1905683797102523,0.5884988498849885
4511,0.7594391272588226,9,5,9,585042,20568,78543,29413,0.19052206454481455,0.5884836237770352
4512,0.7595733632206185,1,4,1,585046,20564,78544,29412,0.19048501241246435,0.5885224907955818
4513,0.7596557532096558,0,3,0,585049,20561,78544,29412,0.19045722331320167,0.5885578212234607
4514,0.7597114722622524,0,1,0,585050,20560,78544,29412,0.19044796028011413,0.5885695989754263
4515,0.759751666925069,0,1,0,585051,20559,78544,29412,0.19043869724702656,0.5885813771987752
4516,0.76,1440,1889,1440,586940,18670,79984,27972,0.1729408277446367,0.5997169932678702
4517,0.7600053684328912,0,2,0,586942,18668,79984,27972,0.1729223016784616,0.5997427101200686
4518,0.7601327530738077,0,1,0,586943,18667,79984,27972,0.17291303864537405,0.5997555693732713
4519,0.7607361829660619,0,1,0,586944,18666,79984,27972,0.17290377561228648,0.5997684291779236
4520,0.7608413562766267,1,0,1,586944,18666,79985,27971,0.17290377561228648,0.5997598473315179
4521,0.7608615808255039,1,0,1,586944,18666,79986,27970,0.17290377561228648,0.5997512651170769
4522,0.7616267615026221,1,0,1,586944,18666,79987,27969,0.17290377561228648,0.5997426825345771
4523,0.7616486132101986,0,1,0,586945,18665,79987,27969,0.17289451257919894,0.5997555431659304
4524,0.7617709086006766,0,1,0,586946,18664,79987,27969,0.17288524954611137,0.5997684043488517
4525,0.7617977772857576,0,1,0,586947,18663,79987,27969,0.17287598651302383,0.5997812660833762
4526,0.7618136164908368,0,1,0,586948,18662,79987,27969,0.17286672347993626,0.5997941283695396
4527,0.7623116476950255,1,1,1,586949,18661,79988,27968,0.17285746044684872,0.5997984087156062
4528,0.7625691342933143,0,1,0,586950,18660,79988,27968,0.17284819741376117,0.5998112721969632
4529,0.7628103225125635,0,1,0,586951,18659,79988,27968,0.1728389343806736,0.5998241362300812
4530,0.7628441988979396,1,0,1,586951,18659,79989,27967,0.1728389343806736,0.5998155535538112
4531,0.762955788234239,1,0,1,586951,18659,79990,27966,0.1728389343806736,0.5998069705093834
4532,0.762983884352224,1,0,1,586951,18659,79991,27965,0.1728389343806736,0.5997983870967742
4533,0.7630061967620694,1,0,1,586951,18659,79992,27964,0.1728389343806736,0.5997898033159599
4534,0.763130007034492,0,1,0,586952,18658,79992,27964,0.17282967134758606,0.5998026682681996
4535,0.7632093811890891,1,1,1,586953,18657,79993,27963,0.1728204083144985,0.5998069498069498
4536,0.7635063084275435,1,0,1,586953,18657,79994,27962,0.1728204083144985,0.5997983654733049
4537,0.7635276288630812,0,1,0,586954,18656,79994,27962,0.17281114528141095,0.5998112317130722
4538,0.7642063387250458,0,1,0,586955,18655,79994,27962,0.17280188224832338,0.5998240985048373
4539,0.7642941618452282,1,0,1,586955,18655,79995,27961,0.17280188224832338,0.599815513986614
4540,0.7643459882025477,0,1,0,586956,18654,79995,27961,0.17279261921523584,0.599828381422289
4541,0.7644542153714685,0,1,0,586957,18653,79995,27961,0.1727833561821483,0.5998412494100485
4542,0.7647503057212777,0,3,0,586960,18650,79995,27961,0.1727555670828856,0.5998798566861899
4543,0.7648565093589808,1,1,1,586961,18649,79996,27960,0.17274630404979807,0.5998841425475766
4544,0.7650405372695918,1,1,1,586962,18648,79997,27959,0.1727370410167105,0.5998884287767932
4545,0.7650427797068153,0,1,0,586963,18647,79997,27959,0.17272777798362296,0.5999013002617689
4546,0.765287369367639,0,2,0,586965,18645,79997,27959,0.17270925191744785,0.5999270448888507
4547,0.7653529864931454,0,1,0,586966,18644,79997,27959,0.1726999888843603,0.5999399180310281
4548,0.7655949511063352,0,1,0,586967,18643,79997,27959,0.17269072585127274,0.5999527917256771
4549,0.7656972332834896,0,1,0,586968,18642,79997,27959,0.1726814628181852,0.5999656659728332
4550,0.7658375761735203,3,0,3,586968,18642,80000,27956,0.1726814628181852,0.5999399115841881
4551,0.7658375761735204,2,0,2,586968,18642,80002,27954,0.1726814628181852,0.5999227401493691
4552,0.7658588966090583,1,2,1,586970,18640,80003,27953,0.17266293675201008,0.5999399051359646
4553,0.7661965980455543,0,1,0,586971,18639,80003,27953,0.1726536737189225,0.5999527815934066
4554,0.766309633820208,0,1,0,586972,18638,80003,27953,0.17264441068583497,0.599965658603593
4555,0.7663607086591188,0,1,0,586973,18637,80003,27953,0.17263514765274743,0.5999785361665594
4556,0.7663759709885327,0,1,0,586974,18636,80003,27953,0.17262588461965986,0.5999914142823414
4557,0.7663773232935616,1,1,1,586975,18635,80004,27952,0.17261662158657232,0.5999957069568764
4558,0.7665155926229561,0,5,0,586980,18630,80004,27952,0.17257030642113452,0.6000601090549997
4559,0.7665155926229562,2,3,2,586983,18627,80006,27950,0.17254251732187187,0.6000815853318161
4560,0.7665534456761022,1,0,1,586983,18627,80007,27949,0.17254251732187187,0.6000729989694263
4561,0.7665534456761023,0,1,0,586984,18626,80007,27949,0.17253325428878433,0.6000858829844337
4562,0.7666576358975733,0,1,0,586985,18625,80007,27949,0.17252399125569676,0.6000987675527119
4563,0.7668109322743912,0,1,0,586986,18624,80007,27949,0.17251472822260921,0.6001116526742962
4564,0.7668618495149064,1,0,1,586986,18624,80008,27948,0.17251472822260921,0.6001030662200464
4565,0.7669741831869792,2,1,2,586987,18623,80010,27946,0.17250546518952165,0.6000987781571432
4566,0.7670572982698122,0,1,0,586988,18622,80010,27946,0.1724962021564341,0.6001116646624292
4567,0.7671078595128458,1,2,1,586990,18620,80011,27945,0.172477676090259,0.6001288521421668
4568,0.767324485463679,0,1,0,586991,18619,80011,27945,0.17246841305717145,0.6001417404003092
4569,0.7673718050155687,23,19,23,587010,18600,80034,27922,0.1722924154285079,0.6001891578178067
4570,0.7674150265016061,0,1,0,587011,18599,80034,27922,0.17228315239542036,0.6002020592850541
4571,0.7675553693916367,0,1,0,587012,18598,80034,27922,0.17227388936233282,0.6002149613069647
4572,0.7676687322540231,2,2,2,587014,18596,80036,27920,0.1722553632961577,0.6002235789835756
4573,0.7676687322540232,0,2,0,587016,18594,80036,27920,0.1722368372299826,0.6002493872812487
4574,0.7676747877403788,0,1,0,587017,18593,80036,27920,0.17222757419689502,0.6002622922623783
4575,0.7677095064520646,1,0,1,587017,18593,80037,27919,0.17222757419689502,0.6002536979704163
4576,0.767890231700072,4,2,4,587019,18591,80041,27915,0.1722090481307199,0.600245129660689
4577,0.7680274270383244,0,1,0,587020,18590,80041,27915,0.17219978509763237,0.6002580367702398
4578,0.768060454814108,0,1,0,587021,18589,80041,27915,0.17219052206454483,0.6002709444348874
4579,0.7680796334162571,1,1,1,587022,18588,80042,27914,0.17218125903145726,0.6002752569781945
4580,0.7681097832283804,0,1,0,587023,18587,80042,27914,0.17217199599836971,0.6002881658458958
4581,0.7682663675768042,0,1,0,587024,18586,80042,27914,0.17216273296528214,0.6003010752688172
4582,0.768363281321067,0,1,0,587025,18585,80042,27914,0.1721534699321946,0.6003139852469945
4583,0.7684084108514212,1,0,1,587025,18585,80043,27913,0.1721534699321946,0.6003053894791174
4584,0.7684870915934896,39,45,39,587070,18540,80082,27874,0.17173663344325465,0.6005515577196535
4585,0.7686207679193561,0,1,0,587071,18539,80082,27874,0.1717273704101671,0.6005644970159223
4586,0.7687171047879537,0,1,0,587072,18538,80082,27874,0.17171810737707954,0.600577436869775
4587,0.7687664792422781,0,1,0,587073,18537,80082,27874,0.171708844343992,0.600590377281248
4588,0.7688207149380186,1,0,1,587073,18537,80083,27873,0.171708844343992,0.6005817711700064
4589,0.7689378288046393,1,0,1,587073,18537,80084,27872,0.171708844343992,0.6005731646878838
4590,0.7691706727728688,0,1,0,587074,18536,80084,27872,0.17169958131090443,0.60058610584382
4591,0.7691816406605335,19,27,19,587101,18509,80103,27853,0.1714494794175405,0.6007721841163022
4592,0.7692248621465712,0,1,0,587102,18508,80103,27853,0.17144021638445292,0.600785142684584
4593,0.769334418837212,0,1,0,587103,18507,80103,27853,0.17143095335136538,0.6007981018119068
4594,0.7694391272588226,6,8,6,587111,18499,80109,27847,0.17135684908666493,0.6008501273033271
4595,0.76949275623726,0,1,0,587112,18498,80109,27847,0.1713475860535774,0.6008630920271874
4596,0.7695733632206185,4,3,4,587115,18495,80113,27843,0.1713197969543147,0.6008675385213
4597,0.7696440120704285,1,0,1,587115,18495,80114,27842,0.1713197969543147,0.6008589248332866
4598,0.7696455996574478,0,1,0,587116,18494,80114,27842,0.17131053392122716,0.6008718922651933
4599,0.7696557532096558,1,1,1,587117,18493,80115,27841,0.17130127088813962,0.6008762463849441
4600,0.7697114722622524,1,0,1,587117,18493,80116,27840,0.17130127088813962,0.6008676321412384
4601,0.77,1478,1693,1478,588810,16800,81594,26362,0.15561895587091037,0.6107687317547843
4602,0.7700386284825095,0,1,0,588811,16799,81594,26362,0.1556096928378228,0.6107828826950256
4603,0.7702373387040288,0,1,0,588812,16798,81594,26362,0.15560042980473526,0.6107970342910102
4604,0.7702966747167278,1,0,1,588812,16798,81595,26361,0.15560042980473526,0.6107880164044579
4605,0.7704070802074224,0,1,0,588813,16797,81595,26361,0.15559116677164772,0.6108021687751981
4606,0.7706354883759271,0,1,0,588814,16796,81595,26361,0.15558190373856015,0.6108163218017935
4607,0.7709426553646874,0,1,0,588815,16795,81595,26361,0.1555726407054726,0.6108304754842896
4608,0.7713560252754895,0,1,0,588816,16794,81595,26361,0.15556337767238504,0.610844629822732
4609,0.7716170986279814,1,0,1,588816,16794,81596,26360,0.15556337767238504,0.6108356119942532
4610,0.7716290165402969,0,1,0,588817,16793,81596,26360,0.1555541146392975,0.610849767107733
4611,0.77212815771241,0,1,0,588818,16792,81596,26360,0.15554485160620993,0.6108639228772711
4612,0.7724123422851603,1,0,1,588818,16792,81597,26359,0.15554485160620993,0.6108549048689486
4613,0.77244181114982,0,1,0,588819,16791,81597,26359,0.15553558857312239,0.6108690614136733
4614,0.7724654576677207,0,1,0,588820,16790,81597,26359,0.15552632554003482,0.6108832186145682
4615,0.772859187877399,0,1,0,588821,16789,81597,26359,0.15551706250694727,0.6108973764716789
4616,0.7732218164757367,1,0,1,588821,16789,81598,26358,0.15551706250694727,0.61088835840267
4617,0.7733222506752953,1,0,1,588821,16789,81599,26357,0.15551706250694727,0.6108793399156353
4618,0.7734164615370369,0,1,0,588822,16788,81599,26357,0.15550779947385973,0.6108934986672847
4619,0.7734574874867327,0,1,0,588823,16787,81599,26357,0.15549853644077216,0.6109076580752828
4620,0.7735708503491189,0,1,0,588824,16786,81599,26357,0.15548927340768462,0.610921818139675
4621,0.773602244497831,0,1,0,588825,16785,81599,26357,0.15548001037459705,0.6109359788605072
4622,0.7738022436916904,0,1,0,588826,16784,81599,26357,0.1554707473415095,0.6109501402378248
4623,0.7743513566354393,1,0,1,588826,16784,81600,26356,0.1554707473415095,0.6109411219286045
4624,0.7746544446640209,0,1,0,588827,16783,81600,26356,0.15546148430842194,0.6109552840816894
4625,0.7747436100311372,0,1,0,588828,16782,81600,26356,0.1554522212753344,0.6109694468913719
4626,0.7750405372695917,2,0,2,588828,16782,81602,26354,0.1554522212753344,0.6109514094955489
4627,0.7751648332948128,0,1,0,588829,16781,81602,26354,0.15544295824224685,0.6109655732004173
4628,0.7751669888722834,1,0,1,588829,16781,81603,26353,0.15544295824224685,0.6109565539945286
4629,0.7752873693676389,1,2,1,588831,16779,81604,26352,0.15542443217607174,0.6109758642275858
4630,0.7752980238678808,2,0,2,588831,16779,81606,26350,0.15542443217607174,0.6109578242018132
4631,0.7754043959909768,1,0,1,588831,16779,81607,26349,0.15542443217607174,0.6109488035614914
4632,0.7754612747804689,0,1,0,588832,16778,81607,26349,0.15541516914298417,0.6109629698332831
4633,0.7755949511063353,0,1,0,588833,16777,81607,26349,0.15540590610989663,0.6109771367620461
4634,0.7756661595920749,0,1,0,588834,16776,81607,26349,0.15539664307680906,0.6109913043478261
4635,0.775706969976209,0,1,0,588835,16775,81607,26349,0.15538738004372152,0.6110054725906687
4636,0.775740454769527,1,0,1,588835,16775,81608,26348,0.15538738004372152,0.6109964520093686
4637,0.7757562404837257,0,1,0,588836,16774,81608,26348,0.15537811701063395,0.6110106210287093
4638,0.7758375761735203,1,1,1,588837,16773,81609,26347,0.1553688539775464,0.6110157699443414
4639,0.7758375761735204,1,0,1,588837,16773,81610,26346,0.1553688539775464,0.6110067487650456
4640,0.7758588966090582,3,2,3,588839,16771,81613,26343,0.1553503279113713,0.6110080252354224
4641,0.776085682471164,1,0,1,588839,16771,81614,26342,0.1553503279113713,0.6109990026210191
4642,0.7761558238475126,0,2,0,588841,16769,81614,26342,0.15533180184519618,0.6110273480086289
4643,0.7763393882235811,2,0,2,588841,16769,81616,26340,0.15533180184519618,0.6110093020019022
4644,0.7765155926229561,4,3,4,588844,16766,81620,26336,0.15530401274593353,0.6110157301285323
4645,0.7765155926229562,1,3,1,588847,16763,81621,26335,0.15527622364667087,0.6110492366235092
4646,0.7765534456761022,1,0,1,588847,16763,81622,26334,0.15527622364667087,0.6110402116156577
4647,0.7765534456761023,0,1,0,588848,16762,81622,26334,0.1552669606135833,0.6110543901986263
4648,0.77659687482187,0,1,0,588849,16761,81622,26334,0.15525769758049576,0.6110685694396102
4649,0.7766065610586623,0,1,0,588850,16760,81622,26334,0.1552484345474082,0.611082749338655
4650,0.7767109466380906,0,1,0,588851,16759,81622,26334,0.15523917151432065,0.6110969298958068
4651,0.7767583304877083,1,0,1,588851,16759,81623,26333,0.15523917151432065,0.611087904947554
4652,0.7768503729145567,0,2,0,588853,16757,81623,26333,0.15522064544814554,0.611116268275702
4653,0.7769505366690784,1,0,1,588853,16757,81624,26332,0.15522064544814554,0.6111072431479032
4654,0.7769741831869791,1,2,1,588855,16755,81625,26331,0.15520211938197043,0.6111265840412199
4655,0.7770158170859972,0,1,0,588856,16754,81625,26331,0.15519285634888288,0.6111407682488105
4656,0.7771297605633454,1,0,1,588856,16754,81626,26330,0.15519285634888288,0.6111317426422802
4657,0.7773718050155687,16,19,16,588875,16735,81642,26314,0.15501685872021934,0.6112569397663128
4658,0.7774249203981288,1,0,1,588875,16735,81643,26313,0.15501685872021934,0.6112479093105371
4659,0.7774995820729305,1,0,1,588875,16735,81644,26312,0.15501685872021934,0.6112388784351988
4660,0.7776687322540232,4,2,4,588877,16733,81648,26308,0.15499833265404425,0.6112311516925722
4661,0.7777095064520645,1,1,1,588878,16732,81649,26307,0.15498906962095668,0.6112363205464811
4662,0.7777170696512252,0,1,0,588879,16731,81649,26307,0.15497980658786914,0.6112505227938101
4663,0.7777747952770497,1,0,1,588879,16731,81650,26306,0.15497980658786914,0.6112414898808003
4664,0.777890231700072,6,2,6,588881,16729,81656,26300,0.15496128052169403,0.6112156917427781
4665,0.7779262188523122,0,2,0,588883,16727,81656,26300,0.15494275445551892,0.6112441025402654
4666,0.7780604548141079,1,0,1,588883,16727,81657,26299,0.15494275445551892,0.6112350671686887
4667,0.7780796334162571,1,1,1,588884,16726,81658,26298,0.15493349142243137,0.6112402380066939
4668,0.7781095755686499,1,0,1,588884,16726,81659,26297,0.15493349142243137,0.6112312019152546
4669,0.7782499184586809,0,1,0,588885,16725,81659,26297,0.1549242283893438,0.6112454093254613
4670,0.7783632813210671,0,1,0,588886,16724,81659,26297,0.15491496535625626,0.6112596173961554
4671,0.7783670621669391,0,1,0,588887,16723,81659,26297,0.1549057023231687,0.6112738261273826
4672,0.7784870915934896,39,40,39,588927,16683,81698,26258,0.15453518099966654,0.6114901842062365
4673,0.7785111920252576,0,1,0,588928,16682,81698,26258,0.15452591796657897,0.6115044247787611
4674,0.7785468456971353,1,0,1,588928,16682,81699,26257,0.15452591796657897,0.6114953771629521
4675,0.7787936323636615,0,1,0,588929,16681,81699,26257,0.15451665493349143,0.6115096185197261
4676,0.7789378288046394,4,6,4,588935,16675,81703,26253,0.1544610767349661,0.611558889303019
4677,0.7790124904794411,1,0,1,588935,16675,81704,26252,0.1544610767349661,0.6115498404267711
4678,0.7791816406605335,23,17,23,588952,16658,81727,26229,0.15430360517247768,0.611583929862196
4679,0.7792184032421371,0,1,0,588953,16657,81727,26229,0.1542943421393901,0.6115981905516952
4680,0.779334418837212,0,2,0,588955,16655,81727,26229,0.154275816073215,0.6116267139259397
4681,0.7794391272588226,9,6,9,588961,16649,81736,26220,0.1542202378746897,0.6116307821502718
4682,0.7795153688446398,0,1,0,588962,16648,81736,26220,0.15421097484160212,0.6116450499206868
4683,0.7795733632206185,2,3,2,588965,16645,81738,26218,0.15418318574233947,0.6116697384690759
4684,0.7796449056869187,0,1,0,588966,16644,81738,26218,0.15417392270925193,0.6116840091456301
4685,0.7796557532096559,0,1,0,588967,16643,81738,26218,0.15416465967616436,0.6116982804880894
4686,0.7797114722622525,3,0,3,588967,16643,81741,26215,0.15416465967616436,0.6116710999113351
4687,0.7797158154272494,1,0,1,588967,16643,81742,26214,0.15416465967616436,0.6116620388734629
4688,0.7798273687867666,0,1,0,588968,16642,81742,26214,0.15415539664307681,0.6116763113683031
4689,0.7799030862557369,1,0,1,588968,16642,81743,26213,0.15415539664307681,0.6116672500291681
4690,0.779904952156643,0,1,0,588969,16641,81743,26213,0.15414613360998924,0.6116815233117096
4691,0.78,1504,1551,1504,590520,15090,83247,24709,0.13977916929119272,0.6208447448428352
4692,0.7804953531456265,0,1,0,590521,15089,83247,24709,0.13976990625810515,0.6208603447409418
4693,0.7805976353227809,1,0,1,590521,15089,83248,24708,0.13976990625810515,0.6208508179008468
4694,0.7806131759660815,0,1,0,590522,15088,83248,24708,0.1397606432250176,0.6208664187355513
4695,0.7807302836975575,1,0,1,590522,15088,83249,24707,0.1397606432250176,0.6208568915692926
4696,0.7810763316905539,0,1,0,590523,15087,83249,24707,0.13975138019193004,0.6208724933407046
4697,0.7811963611171047,1,0,1,590523,15087,83250,24706,0.13975138019193004,0.6208629658482647
4698,0.7812494764996647,0,1,0,590524,15086,83250,24706,0.1397421171588425,0.6208785685564938
4699,0.781320171389527,1,0,1,590524,15086,83251,24705,0.1397421171588425,0.6208690407378553
4700,0.7824395740702922,1,0,1,590524,15086,83252,24704,0.1397421171588425,0.6208595124403117
4701,0.7826698288834494,1,0,1,590524,15086,83253,24703,0.1397421171588425,0.6208499836638267
4702,0.782709269523615,0,1,0,590525,15085,83253,24703,0.13973285412575492,0.6208655876143561
4703,0.7836234521358019,0,1,0,590526,15084,83253,24703,0.13972359109266738,0.6208811923492598
4704,0.7837851154613703,0,1,0,590527,15083,83253,24703,0.13971432805957984,0.620896797868597
4705,0.7838492100468176,0,1,0,590528,15082,83253,24703,0.13970506502649227,0.6209124041724268
4706,0.7839684721777083,0,1,0,590529,15081,83253,24703,0.13969580199340473,0.6209280112608083
4707,0.7840874111327163,0,1,0,590530,15080,83253,24703,0.13968653896031716,0.6209436191338009
4708,0.7840983676577028,0,1,0,590531,15079,83253,24703,0.13967727592722962,0.6209592277914635
4709,0.7841843248769793,0,1,0,590532,15078,83253,24703,0.13966801289414205,0.6209748372338554
4710,0.7843459882025478,0,2,0,590534,15076,83253,24703,0.13964948682796696,0.6210060584730637
4711,0.7844418114752681,1,0,1,590534,15076,83254,24702,0.13964948682796696,0.6209965307456383
4712,0.7844723247714183,0,1,0,590535,15075,83254,24702,0.1396402237948794,0.6210121426955275
4713,0.7846861369270397,1,0,1,590535,15075,83255,24701,0.1396402237948794,0.6210026146419951
4714,0.7847436100311372,0,1,0,590536,15074,83255,24701,0.13963096076179185,0.6210182275298555
4715,0.784960156142937,1,0,1,590536,15074,83256,24700,0.13963096076179185,0.6210086991501986
4716,0.7850405372695917,1,0,1,590536,15074,83257,24699,0.13963096076179185,0.6209991702914037
4717,0.7852261220809666,0,1,0,590537,15073,83257,24699,0.13962169772870428,0.621014784270341
4718,0.7852454220811979,0,1,0,590538,15072,83257,24699,0.13961243469561674,0.6210303990344723
4719,0.7852980238678807,0,1,0,590539,15071,83257,24699,0.13960317166252917,0.6210460145838572
4720,0.7853374645080463,1,0,1,590539,15071,83258,24698,0.13960317166252917,0.6210364857049461
4721,0.7853977461736003,0,1,0,590540,15070,83258,24698,0.13959390862944163,0.6210521021927178
4722,0.7854612747804687,0,1,0,590541,15069,83258,24698,0.13958464559635406,0.6210677194658888
4723,0.7854912744807414,1,0,1,590541,15069,83259,24697,0.13958464559635406,0.6210581904139214
4724,0.785493449893042,1,0,1,590541,15069,83260,24696,0.13958464559635406,0.6210486608826857
4725,0.7855949511063351,0,1,0,590542,15068,83260,24696,0.13957538256326651,0.6210642792475606
4726,0.7858102616073148,1,0,1,590542,15068,83261,24695,0.13957538256326651,0.6210547493901366
4727,0.7858375761735203,0,1,0,590543,15067,83261,24695,0.13956611953017897,0.6210703686937277
4728,0.7858375761735205,1,0,1,590543,15067,83262,24694,0.13956611953017897,0.6210608385100979
4729,0.7858588966090582,1,0,1,590543,15067,83263,24693,0.13956611953017897,0.6210513078470825
4730,0.7858710325990355,0,1,0,590544,15066,83263,24693,0.1395568564970914,0.6210669282426621
4731,0.7861268088967206,0,1,0,590545,15065,83263,24693,0.13954759346400386,0.6210825494240153
4732,0.7861477179729127,0,1,0,590546,15064,83263,24693,0.1395383304309163,0.6210981713912016
4733,0.7861558238475126,0,1,0,590547,15063,83263,24693,0.13952906739782875,0.6211137941442801
4734,0.7862869403019441,0,1,0,590548,15062,83263,24693,0.13951980436474118,0.6211294176833103
4735,0.7862895001733793,2,0,2,590548,15062,83265,24691,0.13951980436474118,0.6211103564510855
4736,0.7863773232935614,2,0,2,590548,15062,83267,24689,0.13951980436474118,0.6210912933007975
4737,0.7863773232935616,0,1,0,590549,15061,83267,24689,0.13951054133165364,0.6211069182389937
4738,0.7863996531423472,1,0,1,590549,15061,83268,24688,0.13951054133165364,0.6210973860977634
4739,0.7865155926229561,5,5,5,590554,15056,83273,24683,0.13946422616621587,0.6211278592818138
4740,0.7865155926229562,1,0,1,590554,15056,83274,24682,0.13946422616621587,0.6211183250289396
4741,0.7865534456761022,1,1,1,590555,15055,83275,24681,0.1394549631331283,0.6211244211797866
4742,0.7866576358975732,1,0,1,590555,15055,83276,24680,0.1394549631331283,0.6211148861205487
4743,0.7868109322743913,1,0,1,590555,15055,83277,24679,0.1394549631331283,0.6211053505813661
4744,0.7869741831869791,3,1,3,590556,15054,83280,24676,0.13944570010004076,0.6210923735212686
4745,0.7870093581815633,0,1,0,590557,15053,83280,24676,0.1394364370669532,0.6211080067457021
4746,0.7873078065315081,1,0,1,590557,15053,83281,24675,0.1394364370669532,0.621098469593234
4747,0.7873293589588946,1,1,1,590558,15052,83282,24674,0.13942717403386565,0.6211045662790112
4748,0.7873718050155687,9,16,9,590574,15036,83291,24665,0.13927896550446478,0.6212689856678673
4749,0.7874759952370396,1,0,1,590574,15036,83292,24664,0.13927896550446478,0.6212594458438288
4750,0.7876687322540231,2,1,2,590575,15035,83294,24662,0.13926970247137724,0.6212560143083861
4751,0.7876687322540232,2,1,2,590576,15034,83296,24660,0.13926043943828967,0.621252582254245
4752,0.7877119537400605,0,1,0,590577,15033,83296,24660,0.13925117640520213,0.6212682336935984
4753,0.7878728286188311,1,0,1,590577,15033,83297,24659,0.13925117640520213,0.6212586919278444
4754,0.787890231700072,5,4,5,590581,15029,83302,24654,0.1392141242728519,0.6212735932263186
4755,0.7879262188523122,0,2,0,590583,15027,83302,24654,0.1391955982066768,0.6213049066303773
4756,0.7881311036639181,0,1,0,590584,15026,83302,24654,0.13918633517358925,0.621320564516129
4757,0.7881317970764471,0,1,0,590585,15025,83302,24654,0.13917707214050168,0.6213362231911086
4758,0.7881428448031454,0,2,0,590587,15023,83302,24654,0.13915854607432657,0.6213675429089901
4759,0.7883769560634619,0,1,0,590588,15022,83302,24654,0.13914928304123902,0.6213832039520113
4760,0.7884870915934896,34,38,34,590626,14984,83336,24620,0.13879728778391195,0.6216543783456216
4761,0.7885303130795271,0,1,0,590627,14983,83336,24620,0.1387880247508244,0.6216700754993308
4762,0.788625594153956,1,0,1,590627,14983,83337,24619,0.1387880247508244,0.6216605221958487
4763,0.7889279349081165,1,0,1,590627,14983,83338,24618,0.1387880247508244,0.6216509684098886
4764,0.7889378288046394,3,4,3,590631,14979,83341,24615,0.1387509726184742,0.6216851038036066
4765,0.7890895982336851,0,1,0,590632,14978,83341,24615,0.13874170958538665,0.6217008056979769
4766,0.7891816406605335,22,14,22,590646,14964,83363,24593,0.1386120271221609,0.6217104431579745
4767,0.7893138919762963,0,1,0,590647,14963,83363,24593,0.13860276408907332,0.6217261603802204
4768,0.7893158305822773,0,1,0,590648,14962,83363,24593,0.13859350105598578,0.6217418783971685
4769,0.7894391272588226,5,5,5,590653,14957,83368,24588,0.138547185890548,0.6217726640536098
4770,0.78948234874486,0,1,0,590654,14956,83368,24588,0.13853792285746044,0.6217883876188549
4771,0.7895733632206184,3,1,3,590655,14955,83371,24585,0.1385286598243729,0.6217754172989378
4772,0.7895904454108863,1,0,1,590655,14955,83372,24584,0.1385286598243729,0.6217658514378209
4773,0.7896557532096559,2,0,2,590655,14955,83374,24582,0.1385286598243729,0.6217467182639047
4774,0.7897114722622525,1,0,1,590655,14955,83375,24581,0.1385286598243729,0.621737150951032
4775,0.79,1529,1564,1529,592219,13391,84904,23052,0.12404127607543815,0.6325494608018001
4776,0.7900056467467779,1,0,1,592219,13391,84905,23051,0.12404127607543815,0.6325393776411833
4777,0.790204884811606,0,1,0,592220,13390,84905,23051,0.12403201304235059,0.6325567355451277
4778,0.7902587756235294,0,2,0,592222,13388,84905,23051,0.12401348697617548,0.6325914542111474
4779,0.7905820744315879,1,0,1,592222,13388,84906,23050,0.12401348697617548,0.6325813710961085
4780,0.7905997231584345,1,0,1,592222,13388,84907,23049,0.12401348697617548,0.6325712874276148
4781,0.7908043860352931,0,1,0,592223,13387,84907,23049,0.12400422394308792,0.6325886485893073
4782,0.7910720283635908,0,1,0,592224,13386,84907,23049,0.12399496091000037,0.6326060107039934
4783,0.7911225198535196,0,1,0,592225,13385,84907,23049,0.12398569787691281,0.6326233737717517
4784,0.7911904618486,0,1,0,592226,13384,84907,23049,0.12397643484382526,0.6326407377926605
4785,0.7916753471614423,1,0,1,592226,13384,84908,23048,0.12397643484382526,0.6326306543697848
4786,0.7917177932181164,0,1,0,592227,13383,84908,23048,0.12396717181073771,0.6326480195437951
4787,0.7917939964398855,1,0,1,592227,13383,84909,23047,0.12396717181073771,0.6326379357672248
4788,0.7918461834766326,0,1,0,592228,13382,84909,23047,0.12395790877765016,0.6326553020944852
4789,0.7921982848326392,0,1,0,592229,13381,84909,23047,0.1239486457445626,0.6326726693752058
4790,0.7923325567712175,0,1,0,592230,13380,84909,23047,0.12393938271147505,0.6326900376094655
4791,0.7923744892320144,0,1,0,592231,13379,84909,23047,0.12393011967838749,0.6327074067973426
4792,0.792416822665977,1,0,1,592231,13379,84910,23046,0.12393011967838749,0.6326973232669869
4793,0.7926591743832077,1,0,1,592231,13379,84911,23045,0.12393011967838749,0.6326872391829563
4794,0.7926714164704688,0,1,0,592232,13378,84911,23045,0.12392085664529993,0.6327046097246245
4795,0.7926802545728228,0,1,0,592233,13377,84911,23045,0.12391159361221238,0.6327219812201417
4796,0.7927827444097075,1,0,1,592233,13377,84912,23044,0.12391159361221238,0.6327118969825101
4797,0.7928845797484995,0,1,0,592234,13376,84912,23044,0.12390233057912482,0.6327292696320703
4798,0.7928929159165176,0,1,0,592235,13375,84912,23044,0.12389306754603728,0.6327466432356736
4799,0.7929289030687577,0,1,0,592236,13374,84912,23044,0.12388380451294972,0.6327640177933989
4800,0.7929289030687579,0,1,0,592237,13373,84912,23044,0.12387454147986217,0.6327813933053245
4801,0.7931326158757851,0,1,0,592238,13372,84912,23044,0.12386527844677461,0.632798769771529
4802,0.7932179042492637,1,0,1,592238,13372,84913,23043,0.12386527844677461,0.6327886859810518
4803,0.7933643779504935,0,1,0,592239,13371,84913,23043,0.12385601541368706,0.6328060636019114
4804,0.7938873976385247,0,1,0,592240,13370,84913,23043,0.1238467523805995,0.6328234421772444
4805,0.7939483663739583,1,0,1,592240,13370,84914,23042,0.1238467523805995,0.6328133582335493
4806,0.794082042699825,0,1,0,592241,13369,84914,23042,0.12383748934751194,0.6328307379638022
4807,0.7944796645284142,0,1,0,592242,13368,84914,23042,0.12382822631442439,0.6328481186487229
4808,0.7948319458473558,1,0,1,592242,13368,84915,23041,0.12382822631442439,0.6328380345518965
4809,0.7950026842164456,0,3,0,592245,13365,84915,23041,0.12380043721516173,0.6328901829368785
4810,0.7950340783651579,1,0,1,592245,13365,84916,23040,0.12380043721516173,0.6328800988875154
4811,0.7950821711686099,1,0,1,592245,13365,84917,23039,0.12380043721516173,0.6328700142841446
4812,0.7950837587556292,0,1,0,592246,13364,84917,23039,0.12379117418207418,0.6328873993901601
4813,0.7951651229713776,1,0,1,592246,13364,84918,23038,0.12379117418207418,0.6328773144332729
4814,0.7952873693676389,1,1,1,592247,13363,84919,23037,0.12378191114898662,0.6328846153846154
4815,0.7954612747804687,1,0,1,592247,13363,84920,23036,0.12378191114898662,0.6328745295200418
4816,0.7956972332834895,1,0,1,592247,13363,84921,23035,0.12378191114898662,0.6328644431012693
4817,0.7957010141293617,1,0,1,592247,13363,84922,23034,0.12378191114898662,0.6328543561282524
4818,0.7957783078226732,1,0,1,592247,13363,84923,23033,0.12378191114898662,0.6328442686009451
4819,0.7957882017191961,0,1,0,592248,13362,84923,23033,0.12377264811589907,0.6328616568209919
4820,0.795791982565068,0,1,0,592249,13361,84923,23033,0.12376338508281151,0.6328790459965928
4821,0.7958038027028809,0,1,0,592250,13360,84923,23033,0.12375412204972396,0.6328964361278268
4822,0.7958375761735204,2,1,2,592251,13359,84925,23031,0.12374485901663641,0.6328936521022259
4823,0.7958588966090582,0,4,0,592255,13355,84925,23031,0.12370780688428619,0.6329632276150168
4824,0.7960320135750902,0,1,0,592256,13354,84925,23031,0.12369854385119863,0.6329806238834684
4825,0.7961558238475128,1,0,1,592256,13354,84926,23030,0.12369854385119863,0.6329705364995603
4826,0.7962456353361473,0,1,0,592257,13353,84926,23030,0.12368928081811108,0.6329879339251848
4827,0.7964547155339514,0,1,0,592258,13352,84926,23030,0.12368001778502352,0.6330053323071849
4828,0.7964959725720046,0,2,0,592260,13350,84926,23030,0.12366149171884842,0.6330401319406267
4829,0.796515592622956,3,3,3,592263,13347,84929,23027,0.12363370261958576,0.6330620773079673
4830,0.7965155926229562,3,1,3,592264,13346,84932,23024,0.1236244395864982,0.6330492163871323
4831,0.7965534456761023,1,2,1,592266,13344,84933,23023,0.12360591352032309,0.6330739406604889
4832,0.7966065610586622,1,0,1,592266,13344,84934,23022,0.12360591352032309,0.6330638508496947
4833,0.7968109322743913,0,1,0,592267,13343,84934,23022,0.12359665048723555,0.6330812594527705
4834,0.7969741831869791,2,3,2,592270,13340,84936,23020,0.12356886138797288,0.6331133113311331
4835,0.7971760625820766,0,1,0,592271,13339,84936,23020,0.12355959835488532,0.6331307241673313
4836,0.7971897373244713,0,1,0,592272,13338,84936,23020,0.12355033532179777,0.633148137961384
4837,0.7973653461111347,1,0,1,592272,13338,84937,23019,0.12355033532179777,0.6331380476937041
4838,0.7973718050155686,25,13,25,592285,13325,84962,22994,0.12342991589165957,0.6331121451581817
4839,0.7974469802862477,0,1,0,592286,13324,84962,22994,0.12342065285857201,0.633129577619913
4840,0.7974681418841664,0,1,0,592287,13323,84962,22994,0.12341138982548445,0.6331470110416609
4841,0.7974759952370395,0,1,0,592288,13322,84962,22994,0.1234021267923969,0.6331644454235048
4842,0.7976096715629062,1,0,1,592288,13322,84963,22993,0.1234021267923969,0.6331543439350131
4843,0.7976450857361225,0,1,0,592289,13321,84963,22993,0.12339286375930934,0.6331717794789888
4844,0.797668732254023,0,1,0,592290,13320,84963,22993,0.1233836007262218,0.6331892159832567
4845,0.7976687322540232,2,1,2,592291,13319,84965,22991,0.12337433769313425,0.6331864500137703
4846,0.7977095064520645,1,0,1,592291,13319,84966,22990,0.12337433769313425,0.6331763474620618
4847,0.7977151531988425,0,1,0,592292,13318,84966,22990,0.12336507466004669,0.6331937864933348
4848,0.7978756576092785,0,1,0,592293,13317,84966,22990,0.12335581162695913,0.6332112264852507
4849,0.797890231700072,4,5,4,592298,13312,84970,22986,0.12330949646152137,0.6332580307454956
4850,0.7979262188523122,0,1,0,592299,13311,84970,22986,0.12330023342843381,0.6332754773121746
4851,0.7980796334162571,0,1,0,592300,13310,84970,22986,0.12329097039534626,0.6332929248402028
4852,0.798363281321067,1,0,1,592300,13310,84971,22985,0.12329097039534626,0.6332828213252514
4853,0.7984870915934895,43,37,43,592337,13273,85014,22942,0.12294823817110674,0.6334944083943117
4854,0.7986919764050956,0,1,0,592338,13272,85014,22942,0.1229389751380192,0.6335119014745678
4855,0.7988207149380187,1,1,1,592339,13271,85015,22941,0.12292971210493164,0.6335192753783276
4856,0.7988541525849111,1,0,1,592339,13271,85016,22940,0.12292971210493164,0.6335091546767557
4857,0.7989378288046393,4,1,4,592340,13270,85020,22936,0.12292044907184409,0.6334861625145004
4858,0.7989985626067886,1,0,1,592340,13270,85021,22935,0.12292044907184409,0.6334760392211021
4859,0.7991816406605335,23,12,23,592352,13258,85044,22912,0.12280929267479343,0.6334531379596351
4860,0.799262715199717,0,1,0,592353,13257,85044,22912,0.12280002964170587,0.6334706516630263
4861,0.7994391272588226,8,4,8,592357,13253,85052,22904,0.12276297750935566,0.6334596343723207
4862,0.7995733632206184,3,4,3,592361,13249,85055,22901,0.12272592537700544,0.6334993084370678
4863,0.7996557532096559,3,0,3,592361,13249,85058,22898,0.12272592537700544,0.6334688909176418
4864,0.7997948166266151,0,1,0,592362,13248,85058,22898,0.1227166623439179,0.6334864162009628
4865,0.7999049521566429,1,0,1,592362,13248,85059,22897,0.1227166623439179,0.633476276110112
4866,0.799934480404449,0,1,0,592363,13247,85059,22897,0.12270739931083034,0.6334938025675078
4867,0.8,1549,1443,1549,593806,11804,86608,21348,0.10934084256548965,0.6439430501930502
4868,0.8000810745391838,0,2,0,593808,11802,86608,21348,0.10932231649931454,0.6439819004524887
4869,0.8007938247694909,0,1,0,593809,11801,86608,21348,0.10931305346622698,0.6440013273401912
4870,0.80089943387865,0,1,0,593810,11800,86608,21348,0.10930379043313942,0.6440207554000241
4871,0.801320171389527,0,1,0,593811,11799,86608,21348,0.10929452740005187,0.6440401846320934
4872,0.8013300374429708,0,1,0,593812,11798,86608,21348,0.10928526436696431,0.6440596150365051
4873,0.8013868194236947,1,0,1,593812,11798,86609,21347,0.10928526436696431,0.6440488761502489
4874,0.8017610321430939,1,1,1,593813,11797,86610,21346,0.10927600133387677,0.6440575687173762
4875,0.8018455702754784,0,1,0,593814,11796,86610,21346,0.10926673830078922,0.6440770019914308
4876,0.802008261552137,1,0,1,593814,11796,86611,21345,0.10926673830078922,0.6440662623336653
4877,0.8020147204565709,1,0,1,593814,11796,86612,21344,0.10926673830078922,0.6440555220277611
4878,0.8021817522150309,1,0,1,593814,11796,86613,21343,0.10926673830078922,0.6440447810736595
4879,0.8023744892320144,1,0,1,593814,11796,86614,21342,0.10926673830078922,0.6440340394713018
4880,0.8028732958655662,1,0,1,593814,11796,86615,21341,0.10926673830078922,0.6440232972206295
4881,0.8031221536816184,1,0,1,593814,11796,86616,21340,0.10926673830078922,0.6440125543215838
4882,0.803209381189089,0,1,0,593815,11795,86616,21340,0.10925747526770166,0.6440319903425381
4883,0.8032307016246268,1,2,1,593817,11793,86617,21339,0.10923894920152655,0.6440601231437885
4884,0.8032838170071871,0,1,0,593818,11792,86617,21339,0.10922968616843899,0.6440795629470888
4885,0.8035276288630814,1,0,1,593818,11792,86618,21338,0.10922968616843899,0.6440688198007848
4886,0.8037246603218141,0,1,0,593819,11791,86618,21338,0.10922042313535144,0.6440882610401762
4887,0.8038873976385247,1,0,1,593819,11791,86619,21337,0.10922042313535144,0.6440775175078484
4888,0.8039252506916708,1,1,1,593820,11790,86620,21336,0.10921116010226388,0.6440862162651694
4889,0.8043459882025478,1,0,1,593820,11790,86621,21335,0.10921116010226388,0.6440754716981132
4890,0.8043876221015658,0,2,0,593822,11788,86621,21335,0.10919263403608878,0.6441143616218338
4891,0.8044058243230279,1,0,1,593822,11788,86622,21334,0.10919263403608878,0.6441036169313448
4892,0.8045164271100179,0,1,0,593823,11787,86622,21334,0.10918337100300123,0.6441230639171522
4893,0.8045430196612804,1,0,1,593823,11787,86623,21333,0.10918337100300123,0.6441123188405797
4894,0.8047392523096001,0,1,0,593824,11786,86623,21333,0.10917410796991367,0.6441317672635043
4895,0.8048215695935622,0,1,0,593825,11785,86623,21333,0.10916484493682611,0.6441512168609216
4896,0.804864414887051,1,0,1,593825,11785,86624,21332,0.10916484493682611,0.6441404716610805
4897,0.8049540492147021,1,0,1,593825,11785,86625,21331,0.10916484493682611,0.6441297258122962
4898,0.805019216834054,1,0,1,593825,11785,86626,21330,0.10916484493682611,0.64411897931451
4899,0.8050714433678734,1,0,1,593825,11785,86627,21329,0.10916484493682611,0.6441082321676632
4900,0.8050936526521519,0,1,0,593826,11784,86627,21329,0.10915558190373856,0.6441276839911817
4901,0.8053374645080463,1,0,1,593826,11784,86628,21328,0.10915558190373856,0.6441169364580817
4902,0.8053653457856863,1,0,1,593826,11784,86629,21327,0.10915558190373856,0.6441061882757996
4903,0.8054612747804687,1,0,1,593826,11784,86630,21326,0.10915558190373856,0.6440954394442766
4904,0.8055423493196523,1,0,1,593826,11784,86631,21325,0.10915558190373856,0.644084689963454
4905,0.8056972332834897,1,1,1,593827,11783,86632,21324,0.109146318870651,0.6440933941462531
4906,0.8058375761735204,1,2,1,593829,11781,86633,21323,0.1091277928044759,0.6441215563073949
4907,0.8058524377046242,1,0,1,593829,11781,86634,21322,0.1091277928044759,0.6441108056671601
4908,0.8058588966090582,0,1,0,593830,11780,86634,21322,0.10911852977138835,0.6441302640323847
4909,0.8059399711482418,0,1,0,593831,11779,86634,21322,0.10910926673830079,0.6441497235733059
4910,0.8060967631563958,0,1,0,593832,11778,86634,21322,0.10910000370521324,0.6441691842900302
4911,0.8063096338202078,1,0,1,593832,11778,86635,21321,0.10910000370521324,0.6441584337895405
4912,0.8063773232935616,1,0,1,593832,11778,86636,21320,0.10910000370521324,0.6441476826394344
4913,0.806515592622956,4,4,4,593836,11774,86640,21316,0.10906295157286301,0.6441825324871563
4914,0.8065155926229562,5,2,5,593838,11772,86645,21311,0.10904442550668791,0.6441676994226642
4915,0.8065534456761021,0,2,0,593840,11770,86645,21311,0.1090258994405128,0.6442066442973308
4916,0.8065534456761023,0,1,0,593841,11769,86645,21311,0.10901663640742525,0.6442261185006046
4917,0.8068109322743912,0,2,0,593843,11767,86645,21311,0.10899811034125013,0.644265070439567
4918,0.8068503729145567,1,0,1,593843,11767,86646,21310,0.10899811034125013,0.6442543156876379
4919,0.8069741831869791,2,5,2,593848,11762,86648,21308,0.10895179517581237,0.6443302086483217
4920,0.8073718050155686,17,10,17,593858,11752,86665,21291,0.10885916484493682,0.6443422207426687
4921,0.8074799620219791,1,0,1,593858,11752,86666,21290,0.10885916484493682,0.6443314569335996
4922,0.807668732254023,0,1,0,593859,11751,86666,21290,0.10884990181184927,0.6443509579007899
4923,0.8076687322540232,1,1,1,593860,11750,86667,21289,0.10884063877876171,0.6443596961167105
4924,0.8077095064520647,0,1,0,593861,11749,86667,21289,0.10883137574567417,0.6443791997094255
4925,0.8077334818353288,0,1,0,593862,11748,86667,21289,0.10882211271258661,0.6443987044828525
4926,0.8077439075247019,1,0,1,593862,11748,86668,21288,0.10882211271258661,0.6443879404286234
4927,0.807890231700072,1,1,1,593863,11747,86669,21287,0.10881284967949906,0.6443966822062118
4928,0.8079262188523121,2,1,2,593864,11746,86671,21285,0.1088035866464115,0.6443946595622294
4929,0.8084654539379715,0,1,0,593865,11745,86671,21285,0.10879432361332395,0.6444141689373297
4930,0.8084870915934895,43,30,43,593895,11715,86714,21242,0.10851643262069732,0.6445368207057681
4931,0.8088207149380185,1,0,1,593895,11715,86715,21241,0.10851643262069732,0.6445260347129506
4932,0.8089378288046393,3,1,3,593896,11714,86718,21238,0.10850716958760977,0.6445132313668366
4933,0.8091434890456088,0,1,0,593897,11713,86718,21238,0.10849790655452221,0.6445327911140785
4934,0.809160067703269,1,0,1,593897,11713,86719,21237,0.10849790655452221,0.6445220030349014
4935,0.8091816406605336,14,16,14,593913,11697,86733,21223,0.10834969802512134,0.6446840826245444
4936,0.8094391272588226,3,4,3,593917,11693,86736,21220,0.10831264589277113,0.6447300458785282
4937,0.8095733632206185,3,2,3,593919,11691,86739,21217,0.10829411982659602,0.6447368421052632
4938,0.8096080249181884,0,1,0,593920,11690,86739,21217,0.10828485679350847,0.6447564348011061
4939,0.8096557532096559,1,1,1,593921,11689,86740,21216,0.10827559376042091,0.6447652332472269
4940,0.8097503841935244,1,0,1,593921,11689,86741,21215,0.10827559376042091,0.6447544371504984
4941,0.8099470554280421,0,2,0,593923,11687,86741,21215,0.1082570676942458,0.6447936295665917
4942,0.81,1502,1232,1502,595155,10455,88243,19713,0.09684501093037905,0.6534407319013524
4943,0.8102539389834889,1,0,1,595155,10455,88244,19712,0.09684501093037905,0.6534292438757583
4944,0.8104880594286825,0,1,0,595156,10454,88244,19712,0.09683574789729149,0.6534509049923756
4945,0.8105811862046576,1,0,1,595156,10454,88245,19711,0.09683574789729149,0.6534394165423504
4946,0.8106271391904747,1,0,1,595156,10454,88246,19710,0.09683574789729149,0.6534279273305927
4947,0.8108590810300054,1,0,1,595156,10454,88247,19709,0.09683574789729149,0.6534164373570268
4948,0.8110400662244271,0,1,0,595157,10453,88247,19709,0.09682648486420393,0.6534381009216895
4949,0.8113437121853657,1,0,1,595157,10453,88248,19708,0.09682648486420393,0.6534266105235238
4950,0.8114078405697941,0,1,0,595158,10452,88248,19708,0.09681722183111638,0.653448275862069
4951,0.8114361004659973,1,0,1,595158,10452,88249,19707,0.09681722183111638,0.6534367850392917
4952,0.8115348094570101,0,1,0,595159,10451,88249,19707,0.09680795879802882,0.6534584521519995
4953,0.8116291633298381,1,0,1,595159,10451,88250,19706,0.09680795879802882,0.6534469609045993
4954,0.8118136164908368,0,1,0,595160,10450,88250,19706,0.09679869576494127,0.6534686297917496
4955,0.8118530571310023,0,1,0,595161,10449,88250,19706,0.09678943273185373,0.653490300116067
4956,0.8119768674034249,0,1,0,595162,10448,88250,19706,0.09678016969876617,0.6535119718776945
4957,0.812014720456571,0,1,0,595163,10447,88250,19706,0.09677090666567861,0.6535336450767751
4958,0.8121483967824374,0,1,0,595164,10446,88250,19706,0.09676164363259106,0.6535553197134518
4959,0.812288532012738,0,1,0,595165,10445,88250,19706,0.0967523805995035,0.6535769957878678
4960,0.8123744892320143,0,1,0,595166,10444,88250,19706,0.09674311756641595,0.6535986733001659
4961,0.8127130503694869,0,2,0,595168,10442,88250,19706,0.09672459150024083,0.653642032638981
4962,0.8132093811890891,1,0,1,595168,10442,88251,19705,0.09672459150024083,0.6536305436693535
4963,0.8132314770539902,0,1,0,595169,10441,88251,19705,0.09671532846715329,0.6536522258342732
4964,0.8132838170071871,0,1,0,595170,10440,88251,19705,0.09670606543406574,0.6536739094377177
4965,0.8135276288630814,1,0,1,595170,10440,88252,19704,0.09670606543406574,0.6536624203821656
4966,0.8137943381636201,2,0,2,595170,10440,88254,19702,0.09670606543406574,0.6536394399840754
4967,0.8138873976385247,0,1,0,595171,10439,88254,19702,0.09669680240097818,0.653661126040941
4968,0.8140808280680372,0,1,0,595172,10438,88254,19702,0.09668753936789062,0.6536828135368281
4969,0.8141492786795288,1,0,1,595172,10438,88255,19701,0.09668753936789062,0.6536713228706991
4970,0.8142162786616208,0,1,0,595173,10437,88255,19701,0.09667827633480307,0.653693012144137
4971,0.8143090482999795,0,1,0,595174,10436,88255,19701,0.09666901330171551,0.6537147028569532
4972,0.81432466776701,1,0,1,595174,10436,88256,19700,0.09666901330171551,0.6537032121051234
4973,0.8143246677670101,1,0,1,595174,10436,88257,19699,0.09666901330171551,0.6536917205906753
4974,0.814405824323028,0,1,0,595175,10435,88257,19699,0.09665975026862796,0.6537134134200571
4975,0.8146429154410023,0,1,0,595176,10434,88257,19699,0.0966504872355404,0.6537351076892444
4976,0.8147448990563778,0,2,0,595178,10432,88257,19699,0.0966319611693653,0.6537785005476088
4977,0.8148527285131086,0,1,0,595179,10431,88257,19699,0.09662269813627775,0.6538001991370727
4978,0.8148930622822952,1,0,1,595179,10431,88258,19698,0.09662269813627775,0.6537887085532211
4979,0.8150026842164456,1,0,1,595179,10431,88259,19697,0.09662269813627775,0.6537772172065852
4980,0.8150085169022909,0,1,0,595180,10430,88259,19697,0.09661343510319019,0.6537989179141633
4981,0.8151884019337303,0,1,0,595181,10429,88259,19697,0.09660417207010263,0.6538206200624046
4982,0.8152620367156406,0,1,0,595182,10428,88259,19697,0.09659490903701508,0.6538423236514522
4983,0.8156972332834895,0,2,0,595184,10426,88259,19697,0.09657638297083997,0.6538857351525412
4984,0.8156972332834898,1,0,1,595184,10426,88260,19696,0.09657638297083997,0.6538742447380652
4985,0.8158375761735204,1,0,1,595184,10426,88261,19695,0.09657638297083997,0.6538627535606387
4986,0.8158375761735205,1,1,1,595185,10425,88262,19694,0.09656711993775242,0.653872970550151
4987,0.8158588966090582,3,0,3,595185,10425,88265,19691,0.09656711993775242,0.6538384911674857
4988,0.8163627492027681,0,1,0,595186,10424,88265,19691,0.09655785690466487,0.6538602025568654
4989,0.8163773232935615,1,0,1,595186,10424,88266,19690,0.09655785690466487,0.6538487082420137
4990,0.8164237361351752,0,1,0,595187,10423,88266,19690,0.09654859387157731,0.6538704214126789
4991,0.816515592622956,2,2,2,595189,10421,88268,19688,0.0965300678054022,0.6538908631970507
4992,0.8165155926229563,1,1,1,595190,10420,88269,19687,0.09652080477231464,0.65390108612615
4993,0.8167792395639002,1,0,1,595190,10420,88270,19686,0.09652080477231464,0.6538895901149273
4994,0.8168109322743912,2,0,2,595190,10420,88272,19684,0.09652080477231464,0.6538665958012224
4995,0.8169741831869791,2,1,2,595191,10419,88274,19682,0.09651154173922709,0.6538653200890336
4996,0.8170832772778212,1,0,1,595191,10419,88275,19681,0.09651154173922709,0.6538538205980067
4997,0.8173718050155686,16,12,16,595203,10407,88291,19665,0.09640038534217645,0.6539305666400639
4998,0.8176018182100329,0,1,0,595204,10406,88291,19665,0.09639112230908889,0.6539523128595657
4999,0.817668732254023,3,0,3,595204,10406,88294,19662,0.09639112230908889,0.6539177863509379
5000,0.8177643030050169,1,1,1,595205,10405,88295,19661,0.09638185927600133,0.653928025011641
5001,0.8177729224754943,1,0,1,595205,10405,88296,19660,0.09638185927600133,0.6539165142191917
5002,0.8177739072249747,0,1,0,595206,10404,88296,19660,0.09637259624291378,0.6539382650345928
5003,0.817890231700072,2,2,2,595208,10402,88298,19658,0.09635407017673867,0.65395874916833
5004,0.8179262188523121,1,0,1,595208,10402,88299,19657,0.09635407017673867,0.6539472371003693
5005,0.8181194694651728,0,2,0,595210,10400,88299,19657,0.09633554411056357,0.6539907509066107
5006,0.8182043708902804,0,1,0,595211,10399,88299,19657,0.09632628107747601,0.6540125099813681
5007,0.8184107570908078,0,1,0,595212,10398,88299,19657,0.09631701804438846,0.6540342705040758
5008,0.8184197821407492,0,1,0,595213,10397,88299,19657,0.0963077550113009,0.6540560324748785
5009,0.8184870915934895,36,38,36,595251,10359,88335,19621,0.09595575975397384,0.654469646430954
5010,0.8185622668641684,0,1,0,595252,10358,88335,19621,0.09594649672088629,0.6544914773674906
5011,0.8186207679193561,0,1,0,595253,10357,88335,19621,0.09593723368779873,0.654513309760491
5012,0.8188355187844061,0,1,0,595254,10356,88335,19621,0.09592797065471118,0.6545351436101011
5013,0.8189378288046393,3,3,3,595257,10353,88338,19618,0.09590018155544852,0.6545660805445264
5014,0.8190337830460053,1,0,1,595257,10353,88339,19617,0.09590018155544852,0.6545545545545546
5015,0.8191816406605334,16,15,16,595272,10338,88355,19601,0.0957612360591352,0.6546978857009252
5016,0.8191854215064056,1,0,1,595272,10338,88356,19600,0.0957612360591352,0.654686351793707
5017,0.819262715199717,1,0,1,595272,10338,88357,19599,0.0957612360591352,0.6546748171159434
5018,0.819334418837212,1,0,1,595272,10338,88358,19598,0.0957612360591352,0.6546632816675575
5019,0.8194391272588226,5,3,5,595275,10335,88363,19593,0.09573344695987254,0.6546712109061749
5020,0.8194396408546997,0,1,0,595276,10334,88363,19593,0.09572418392678499,0.654693086510509
5021,0.8195733632206185,1,0,1,595276,10334,88364,19592,0.09572418392678499,0.654681547817951
5022,0.8196557532096559,2,0,2,595276,10334,88366,19590,0.09572418392678499,0.6546584681192354
5023,0.8198883375222001,1,0,1,595276,10334,88367,19589,0.09572418392678499,0.6546469271129232
5024,0.82,1419,1171,1419,596447,9163,89786,18170,0.08487717218125904,0.6647642044415176
5025,0.8201098369682489,0,1,0,596448,9162,89786,18170,0.08486790914817148,0.6647885262695741
5026,0.8203385611374725,1,0,1,596448,9162,89787,18169,0.08486790914817148,0.6647762613881673
5027,0.8204568450966221,0,1,0,596449,9161,89787,18169,0.08485864611508392,0.6648005854372484
5028,0.8204580894332107,0,1,0,596450,9160,89787,18169,0.08484938308199637,0.6648249112664203
5029,0.8204936820826413,1,0,1,596450,9160,89788,18168,0.08484938308199637,0.6648126463700235
5030,0.820635488375927,0,1,0,596451,9159,89788,18168,0.08484012004890881,0.6648369744209024
5031,0.8212782389287301,0,1,0,596452,9158,89788,18168,0.08483085701582126,0.6648613042523603
5032,0.8213209468188903,1,0,1,596452,9158,89789,18167,0.08483085701582126,0.6648490393412626
5033,0.8214538477153935,1,0,1,596452,9158,89790,18166,0.08483085701582126,0.6648367735324257
5034,0.8218385980740303,1,0,1,596452,9158,89791,18165,0.08483085701582126,0.6648245068257512
5035,0.8220306395646223,1,0,1,596452,9158,89792,18164,0.08483085701582126,0.6648122392211405
5036,0.8221105437292914,0,1,0,596453,9157,89792,18164,0.0848215939827337,0.6648365725998316
5037,0.8226714164704687,1,0,1,596453,9157,89793,18163,0.0848215939827337,0.6648243045387994
5038,0.8227092695236148,1,0,1,596453,9157,89794,18162,0.0848215939827337,0.6648120355796332
5039,0.8229608568533991,0,1,0,596454,9156,89794,18162,0.08481233094964616,0.6648363716231056
5040,0.8237851154613703,1,0,1,596454,9156,89795,18161,0.08481233094964616,0.6648241022074166
5041,0.8238873976385247,1,0,1,596454,9156,89796,18160,0.08481233094964616,0.6648118318933958
5042,0.8243459882025478,0,1,0,596455,9155,89796,18160,0.0848030679165586,0.6648361706022332
5043,0.8247436100311373,1,0,1,596455,9155,89797,18159,0.0848030679165586,0.6648238998315882
5044,0.8247809322486701,1,0,1,596455,9155,89798,18158,0.0848030679165586,0.6648116281624135
5045,0.8250405372695917,0,1,0,596456,9154,89798,18158,0.08479380488347105,0.6648359695371998
5046,0.825165636567255,0,1,0,596457,9153,89798,18158,0.08478454185038349,0.6648603126945187
5047,0.825558963954095,1,0,1,596457,9153,89799,18157,0.08478454185038349,0.6648480410106188
5048,0.8257350863366358,0,1,0,596458,9152,89799,18157,0.08477527881729593,0.6648723863927642
5049,0.8257785154824034,0,1,0,596459,9151,89799,18157,0.08476601578420838,0.6648967335579318
5050,0.8258375761735204,1,0,1,596459,9151,89800,18156,0.08476601578420838,0.6648844618595965
5051,0.8258588966090582,2,1,2,596460,9150,89802,18154,0.08475675275112082,0.6648842660416057
5052,0.8261558238475127,1,0,1,596460,9150,89803,18153,0.08475675275112082,0.6648719920887814
5053,0.8263096338202078,1,0,1,596460,9150,89804,18152,0.08475675275112082,0.6648597172368325
5054,0.8263705747125627,1,0,1,596460,9150,89805,18151,0.08475675275112082,0.6648474414856599
5055,0.8264133104458017,1,0,1,596460,9150,89806,18150,0.08475675275112082,0.6648351648351648
5056,0.8264400828137158,0,1,0,596461,9149,89806,18150,0.08474748971803327,0.6648595186636873
5057,0.826515592622956,5,3,5,596464,9146,89811,18145,0.08471970061877061,0.664871202960683
5058,0.8265155926229562,1,1,1,596465,9145,89812,18144,0.08471043758568306,0.6648832863058375
5059,0.8265534456761021,1,1,1,596466,9144,89813,18143,0.0847011745525955,0.664895371422289
5060,0.8266065610586624,1,1,1,596467,9143,89814,18142,0.08469191151950795,0.664907458310427
5061,0.8268109322743912,1,0,1,596467,9143,89815,18141,0.08469191151950795,0.6648951766603137
5062,0.8268154586952599,0,1,0,596468,9142,89815,18141,0.08468264848642039,0.664919546970641
5063,0.8268503729145568,1,0,1,596468,9142,89816,18140,0.08468264848642039,0.6649072648632798
5064,0.8269741831869791,3,1,3,596469,9141,89819,18137,0.08467338545333283,0.6648947870078451
5065,0.8270718723606055,1,0,1,596469,9141,89820,18136,0.08467338545333283,0.6648825017413938
5066,0.8273718050155686,16,11,16,596480,9130,89836,18120,0.08457149208936975,0.6649541284403669
5067,0.8274150265016061,0,1,0,596481,9129,89836,18120,0.08456222905628219,0.6649785313222504
5068,0.8274249203981288,0,1,0,596482,9128,89836,18120,0.08455296602319463,0.6650029359953024
5069,0.827668732254023,2,0,2,596482,9128,89838,18118,0.08455296602319463,0.664978345445203
5070,0.8276687322540233,2,1,2,596483,9127,89840,18116,0.08454370299010708,0.664978159527218
5071,0.8277739072249749,1,0,1,596483,9127,89841,18115,0.08454370299010708,0.6649658615373321
5072,0.827890231700072,3,0,3,596483,9127,89844,18112,0.08454370299010708,0.6649289621498586
5073,0.8279262188523121,2,0,2,596483,9127,89846,18110,0.08454370299010708,0.6649043580423688
5074,0.8280796334162571,0,1,0,596484,9126,89846,18110,0.08453443995701952,0.6649287707446028
5075,0.8281705443040837,0,1,0,596485,9125,89846,18110,0.08452517692393197,0.6649531852395815
5076,0.828363281321067,1,0,1,596485,9125,89847,18109,0.08452517692393197,0.6649408827201293
5077,0.8284870915934895,36,19,36,596504,9106,89883,18073,0.08434917929526844,0.6649619191287391
5078,0.828620767919356,1,0,1,596504,9106,89884,18072,0.08434917929526844,0.6649495915814262
5079,0.828787799677816,0,1,0,596505,9105,89884,18072,0.08433991626218089,0.6649740589469036
5080,0.8289378288046393,4,0,4,596505,9105,89888,18068,0.08433991626218089,0.6649247414713134
5081,0.8289889036435503,0,1,0,596506,9104,89888,18068,0.08433065322909333,0.6649492124245547
5082,0.8290337830460053,0,1,0,596507,9103,89888,18068,0.08432139019600578,0.6649736851790512
5083,0.8290752882655328,0,1,0,596508,9102,89888,18068,0.08431212716291822,0.6649981597350019
5084,0.8291161210649828,0,2,0,596510,9100,89888,18068,0.08429360109674312,0.6650471142520612
5085,0.8291816406605335,5,11,5,596521,9089,89893,18063,0.08419170773278002,0.66525486152033
5086,0.829334418837212,1,0,1,596521,9089,89894,18062,0.08419170773278002,0.6652425325034069
5087,0.8294391272588225,5,4,5,596525,9085,89899,18057,0.0841546556004298,0.6652789035443224
5088,0.8294396408546997,0,2,0,596527,9083,89899,18057,0.0841361295342547,0.6653279292557112
5089,0.8295733632206185,1,4,1,596531,9079,89900,18056,0.08409907740190448,0.6654136723788465
5090,0.8297256103985159,0,1,0,596532,9078,89900,18056,0.08408981436881692,0.6654381956217292
5091,0.8299049521566428,1,1,1,596533,9077,89901,18055,0.08408055133572936,0.6654503906825888
5092,0.829904952156643,0,1,0,596534,9076,89901,18055,0.08407128830264182,0.6654749179904906
5093,0.83,1403,1127,1403,597661,7949,91304,16652,0.07363185001296825,0.6768830535344091
5094,0.8306688438085205,1,0,1,597661,7949,91305,16651,0.07363185001296825,0.676869918699187
5095,0.8307855499129201,1,0,1,597661,7949,91306,16650,0.07363185001296825,0.6768567827960487
5096,0.8308073914518016,0,1,0,597662,7948,91306,16650,0.0736225869798807,0.6768842995365477
5097,0.8312700029486251,1,0,1,597662,7948,91307,16649,0.0736225869798807,0.6768711631499776
5098,0.8320147204565709,1,0,1,597662,7948,91308,16648,0.0736225869798807,0.676858025695235
5099,0.832213146363743,0,1,0,597663,7947,91308,16648,0.07361332394679314,0.6768855458426509
5100,0.8325729151391863,0,1,0,597664,7946,91308,16648,0.07360406091370558,0.6769130682280231
5101,0.8327689777422335,1,1,1,597665,7945,91309,16647,0.07359479788061803,0.6769274560832791
5102,0.8327906337393632,1,0,1,597665,7945,91310,16646,0.07359479788061803,0.6769143182465129
5103,0.8332242427201929,0,1,0,597666,7944,91310,16646,0.07358553484753047,0.6769418462789752
5104,0.8332792053454576,0,1,0,597667,7943,91310,16646,0.07357627181444291,0.67696937655049
5105,0.8333723148816968,0,1,0,597668,7942,91310,16646,0.07356700878135537,0.6769969090613307
5106,0.8334038185906588,1,0,1,597668,7942,91311,16645,0.07356700878135537,0.676983771911986
5107,0.8334636303790208,1,0,1,597668,7942,91312,16644,0.07356700878135537,0.6769706336939721
5108,0.8335276288630813,0,1,0,597669,7941,91312,16644,0.07355774574826782,0.6769981696156193
5109,0.8338987112300704,1,0,1,597669,7941,91313,16643,0.07355774574826782,0.6769850309144159
5110,0.8341727411341607,0,1,0,597670,7940,91313,16643,0.07354848271518026,0.6770125696619615
5111,0.8343035421458737,0,2,0,597672,7938,91313,16643,0.07352995664900515,0.6770676538790122
5112,0.8347436100311373,0,2,0,597674,7936,91313,16643,0.07351143058283004,0.6771227470604988
5113,0.8349337871766856,0,1,0,597675,7935,91313,16643,0.07350216754974248,0.6771502970135894
5114,0.8350405372695918,0,1,0,597676,7934,91313,16643,0.07349290451665494,0.6771778492086097
5115,0.83511399595727,0,1,0,597677,7933,91313,16643,0.07348364148356738,0.6772054036458334
5116,0.8352873693676389,1,0,1,597677,7933,91314,16642,0.07348364148356738,0.6771922685656154
5117,0.8355949511063352,1,0,1,597677,7933,91315,16641,0.07348364148356738,0.6771791324163751
5118,0.8358588966090582,1,1,1,597678,7932,91316,16640,0.07347437845047983,0.6771935536382875
5119,0.8364827507862398,1,0,1,597678,7932,91317,16639,0.07347437845047983,0.6771804159374872
5120,0.8365155926229562,2,1,2,597679,7931,91319,16637,0.07346511541739227,0.6771816997720612
5121,0.8368811697521267,1,0,1,597679,7931,91320,16636,0.07346511541739227,0.6771685594496683
5122,0.836945168236187,0,1,0,597680,7930,91320,16636,0.07345585238430472,0.6771961247252299
5123,0.8369741831869791,2,1,2,597681,7929,91322,16634,0.07344658935121716,0.6771974107397305
5124,0.8373718050155686,15,10,15,597691,7919,91337,16619,0.07335395902034163,0.6772760616187138
5125,0.8374249203981289,1,0,1,597691,7919,91338,16618,0.07335395902034163,0.6772629090760892
5126,0.8374498741382435,1,0,1,597691,7919,91339,16617,0.07335395902034163,0.6772497554613629
5127,0.8375666990115066,1,0,1,597691,7919,91340,16616,0.07335395902034163,0.677236600774404
5128,0.8376687322540232,1,0,1,597691,7919,91341,16615,0.07335395902034163,0.6772234450150811
5129,0.8377637433690875,1,0,1,597691,7919,91342,16614,0.07335395902034163,0.6772102881832633
5130,0.8378902317000719,4,3,4,597694,7916,91346,16610,0.07332616992107896,0.6772404794911523
5131,0.8379262188523121,1,1,1,597695,7915,91347,16609,0.0733169068879914,0.6772549339422607
5132,0.838363281321067,1,0,1,597695,7915,91348,16608,0.0733169068879914,0.6772417730294009
5133,0.8384065028071046,0,1,0,597696,7914,91348,16608,0.07330764385490385,0.6772693907511622
5134,0.8384870915934896,26,23,26,597719,7891,91374,16582,0.0730945940938901,0.6775630286438116
5135,0.838620767919356,0,1,0,597720,7890,91374,16582,0.07308533106080255,0.6775907159202353
5136,0.8388207149380186,0,1,0,597721,7889,91374,16582,0.07307606802771499,0.6776184054595236
5137,0.8388256527309621,0,1,0,597722,7888,91374,16582,0.07306680499462744,0.6776460972619535
5138,0.8389378288046393,5,2,5,597724,7886,91379,16577,0.07304827892845234,0.6776356129665209
5139,0.839012490479441,1,0,1,597724,7886,91380,16576,0.07304827892845234,0.6776224347968277
5140,0.8391816406605335,16,11,16,597735,7875,91396,16560,0.07294638556448924,0.6777163904235728
5141,0.839334418837212,1,0,1,597735,7875,91397,16559,0.07294638556448924,0.6777032004583776
5142,0.8394074345483316,1,0,1,597735,7875,91398,16558,0.07294638556448924,0.6776900094134981
5143,0.8394085085394738,0,1,0,597736,7874,91398,16558,0.07293712253140168,0.6777177472167649
5144,0.8394391272588225,8,1,8,597737,7873,91406,16550,0.07292785949831412,0.6776399295745813
5145,0.8395733632206185,5,1,5,597738,7872,91411,16545,0.07291859646522657,0.6776016709669492
5146,0.8395914102837456,1,0,1,597738,7872,91412,16544,0.07291859646522657,0.6775884665792923
5147,0.8396557532096558,1,0,1,597738,7872,91413,16543,0.07291859646522657,0.6775752611099733
5148,0.84,1417,932,1417,598670,6940,92830,15126,0.06428544962762607,0.6854889875827064
5149,0.8401041902214711,0,1,0,598671,6939,92830,15126,0.06427618659453851,0.6855200543847723
5150,0.8403225845709862,1,0,1,598671,6939,92831,15125,0.06427618659453851,0.6855058013052937
5151,0.8422581209531195,0,1,0,598672,6938,92831,15125,0.06426692356145096,0.6855368716856275
5152,0.8423253224374201,0,1,0,598673,6937,92831,15125,0.0642576605283634,0.6855679448826035
5153,0.8425331471410742,0,1,0,598674,6936,92831,15125,0.06424839749527585,0.6855990208966048
5154,0.8426714164704688,1,0,1,598674,6936,92832,15124,0.06424839749527585,0.68558476881233
5155,0.8427728864899672,1,0,1,598674,6936,92833,15123,0.06424839749527585,0.6855705154358765
5156,0.8428330797960374,1,1,1,598675,6935,92834,15122,0.0642391344621883,0.6855873418869293
5157,0.8431300070344919,1,0,1,598675,6935,92835,15121,0.0642391344621883,0.6855730866884294
5158,0.843230701624627,0,1,0,598676,6934,92835,15121,0.06422987142910075,0.6856041713897075
5159,0.8435692627620994,0,1,0,598677,6933,92835,15121,0.06422060839601319,0.6856352589099484
5160,0.8435807442456416,1,0,1,598677,6933,92836,15120,0.06422060839601319,0.6856210039450414
5161,0.8436404983492877,0,1,0,598678,6932,92836,15120,0.06421134536292564,0.6856520950480682
5162,0.8437744609611286,0,1,0,598679,6931,92836,15120,0.06420208232983808,0.6856831889710218
5163,0.8437955411507438,0,1,0,598680,6930,92836,15120,0.06419281929675053,0.6857142857142857
5164,0.8447436100311373,1,0,1,598680,6930,92837,15119,0.06419281929675053,0.6857000317474715
5165,0.8449276056730326,1,1,1,598681,6929,92838,15118,0.06418355626366297,0.6857168775797161
5166,0.8450405372695917,0,1,0,598682,6928,92838,15118,0.06417429323057541,0.6857479814932415
5167,0.8453374645080461,1,0,1,598682,6928,92839,15117,0.06417429323057541,0.685733726468587
5168,0.8454612747804687,1,1,1,598683,6927,92840,15116,0.06416503019748787,0.6857505784149163
5169,0.8458375761735204,1,0,1,598683,6927,92841,15115,0.06416503019748787,0.6857363215679158
5170,0.8458588966090582,1,0,1,598683,6927,92842,15114,0.06416503019748787,0.6857220634272492
5171,0.8461558238475126,0,1,0,598684,6926,92842,15114,0.06415576716440032,0.6857531760435571
5172,0.8463773232935615,1,0,1,598684,6926,92843,15113,0.06415576716440032,0.6857389173737466
5173,0.8464312972259411,0,1,0,598685,6925,92843,15113,0.06414650413131276,0.6857700335783646
5174,0.8465155926229561,5,1,5,598686,6924,92848,15108,0.0641372410982252,0.6857298474945533
5175,0.8465155926229562,3,2,3,598688,6922,92851,15105,0.06411871503205009,0.6857493076678621
5176,0.8465534456761021,1,1,1,598689,6921,92852,15104,0.06410945199896254,0.685766174801362
5177,0.8465534456761022,2,0,2,598689,6921,92854,15102,0.06410945199896254,0.6857376379239886
5178,0.8468015519737457,1,0,1,598689,6921,92855,15101,0.06410945199896254,0.6857233675415494
5179,0.8468044733699572,0,1,0,598690,6920,92855,15101,0.06410018896587498,0.6857545070614414
5180,0.8469741831869791,3,1,3,598691,6919,92858,15098,0.06409092593278744,0.6857428350819821
5181,0.8470606261590541,1,1,1,598692,6918,92859,15097,0.06408166289969988,0.685759709289121
5182,0.8473718050155686,12,7,12,598699,6911,92871,15085,0.064016821668087,0.6858065102745954
5183,0.8474249203981289,1,0,1,598699,6911,92872,15084,0.064016821668087,0.6857922255057968
5184,0.8477634815356013,1,0,1,598699,6911,92873,15083,0.064016821668087,0.6857779394380286
5185,0.8478902317000719,2,2,2,598701,6909,92875,15081,0.06399829560191189,0.6858117326057299
5186,0.8479365985016335,0,1,0,598702,6908,92875,15081,0.06398903256882434,0.6858429214607303
5187,0.8480604548141081,1,0,1,598702,6908,92876,15080,0.06398903256882434,0.6858286338002547
5188,0.848079633416257,2,0,2,598702,6908,92878,15078,0.06398903256882434,0.6858000545801874
5189,0.8484870915934896,31,17,31,598719,6891,92909,15047,0.06383156100633591,0.6858875011395752
5190,0.8488207149380186,0,1,0,598720,6890,92909,15047,0.06382229797324836,0.6859187673793135
5191,0.8488782545176451,1,0,1,598720,6890,92910,15046,0.06382229797324836,0.6859044493070752
5192,0.8489378288046393,5,2,5,598722,6888,92915,15041,0.06380377190707326,0.6858953896666514
5193,0.8491816406605335,15,7,15,598729,6881,92930,15026,0.06373893067546037,0.6858994841831378
5194,0.849224862146571,0,1,0,598730,6880,92930,15026,0.06372966764237283,0.6859307952159226
5195,0.8493225269880792,0,1,0,598731,6879,92930,15026,0.06372040460928527,0.6859621091075097
5196,0.8494391272588225,4,4,4,598735,6875,92934,15022,0.06368335247693505,0.6860300497785085
5197,0.8495733632206185,3,0,3,598735,6875,92937,15019,0.06368335247693505,0.6859870284096099
5198,0.85,1435,907,1435,599642,5968,94372,13584,0.0552817814665234,0.6947626841243862
5199,0.85089943387865,0,1,0,599643,5967,94372,13584,0.05527251843343584,0.6947982200398957
5200,0.8510565867068507,0,1,0,599644,5966,94372,13584,0.05526325540034829,0.6948337595907929
5201,0.8511467908966519,1,0,1,599644,5966,94373,13583,0.05526325540034829,0.6948181492659471
5202,0.8518071575864029,1,0,1,599644,5966,94374,13582,0.05526325540034829,0.6948025373439738
5203,0.851885010915644,0,1,0,599645,5965,94374,13582,0.05525399236726074,0.6948380825702154
5204,0.8521483967824374,1,0,1,599645,5965,94375,13581,0.05525399236726074,0.6948224700706027
5205,0.8528117593604996,1,0,1,599645,5965,94376,13580,0.05525399236726074,0.6948068559733948
5206,0.8528330797960373,0,1,0,599646,5964,94376,13580,0.05524472933417318,0.6948424068767909
5207,0.8532093811890892,1,0,1,599646,5964,94377,13579,0.05524472933417318,0.6948267922018114
5208,0.8532780130566059,1,0,1,599646,5964,94378,13578,0.05524472933417318,0.6948111759287688
5209,0.8533667409668761,0,1,0,599647,5963,94378,13578,0.055235466301085626,0.6948467325111305
5210,0.8535100892734154,1,0,1,599647,5963,94379,13577,0.055235466301085626,0.6948311156601842
5211,0.8536946606215412,0,1,0,599648,5962,94379,13577,0.05522620326799808,0.6948666769026051
5212,0.8544047503318858,0,1,0,599649,5961,94379,13577,0.05521694023491052,0.6949022417852391
5213,0.8545335531625371,0,1,0,599650,5960,94379,13577,0.055207677201822965,0.6949378103086451
5214,0.8546147213510947,1,1,1,599651,5959,94380,13576,0.05519841416873541,0.6949577681085232
5215,0.855019216834054,0,1,0,599652,5958,94380,13576,0.05518915113564786,0.6949933449370329
5216,0.8550839664153596,0,1,0,599653,5957,94380,13576,0.055179888102560304,0.6950289254082834
5217,0.855093652652152,1,0,1,599653,5957,94381,13575,0.055179888102560304,0.6950133114888388
5218,0.8551651229713777,1,0,1,599653,5957,94382,13574,0.055179888102560304,0.6949976959705084
5219,0.8552620367156405,1,0,1,599653,5957,94383,13573,0.055179888102560304,0.6949820788530466
5220,0.8552873693676389,1,0,1,599653,5957,94384,13572,0.055179888102560304,0.6949664601362077
5221,0.8554258009252428,1,0,1,599653,5957,94385,13571,0.055179888102560304,0.694950839819746
5222,0.8554612747804687,1,0,1,599653,5957,94386,13570,0.055179888102560304,0.6949352179034158
5223,0.8556972332834897,0,1,0,599654,5956,94386,13570,0.05517062506947275,0.6949708081532315
5224,0.8558375761735203,1,1,1,599655,5955,94387,13569,0.05516136203638519,0.6949907805777504
5225,0.8558588966090582,2,1,2,599656,5954,94389,13567,0.05515209900329764,0.6949951334460325
5226,0.8562728345103114,1,0,1,599656,5954,94390,13566,0.05515209900329764,0.6949795081967213
5227,0.8563773232935614,0,1,0,599657,5953,94390,13566,0.05514283597021009,0.6950151134791741
5228,0.8565107099428633,0,1,0,599658,5952,94390,13566,0.05513357293712253,0.695050722410083
5229,0.8565155926229561,0,1,0,599659,5951,94390,13566,0.055124309904034975,0.6950863349900087
5230,0.8565155926229562,2,1,2,599660,5950,94392,13564,0.055115046870947426,0.6950907041098698
5231,0.8565534456761023,0,1,0,599661,5949,94392,13564,0.05510578383785987,0.6951263260390509
5232,0.8568340863733492,0,1,0,599662,5948,94392,13564,0.055096520804772314,0.6951619516195162
5233,0.8569451682361869,1,0,1,599662,5948,94393,13563,0.055096520804772314,0.6951463277125723
5234,0.8569741831869792,0,1,0,599663,5947,94393,13563,0.05508725777168476,0.6951819579702716
5235,0.8570275582252245,1,0,1,599663,5947,94394,13562,0.05508725777168476,0.6951663334871085
5236,0.8573718050155686,10,6,10,599669,5941,94404,13552,0.05503167957315944,0.6952239265377315
5237,0.8574759952370397,0,1,0,599670,5940,94404,13552,0.05502241654007188,0.6952595936794582
5238,0.8576687322540231,1,2,1,599672,5938,94405,13551,0.055003890473896776,0.6953153060700908
5239,0.8576687322540232,1,0,1,599672,5938,94406,13550,0.055003890473896776,0.6952996715927751
5240,0.8577095064520646,1,0,1,599672,5938,94407,13549,0.055003890473896776,0.6952840355108534
5241,0.857890231700072,1,0,1,599672,5938,94408,13548,0.055003890473896776,0.6952683978240788
5242,0.8579262188523121,2,0,2,599672,5938,94410,13546,0.055003890473896776,0.6952371176349825
5243,0.8581705443040836,0,1,0,599673,5937,94410,13546,0.05499462744080922,0.6952728019298876
5244,0.8582434607409907,1,0,1,599673,5937,94411,13545,0.05499462744080922,0.6952571604558053
5245,0.8584870915934896,32,23,32,599696,5914,94443,13513,0.054781577679795475,0.6955783188346116
5246,0.858620767919356,0,1,0,599697,5913,94443,13513,0.05477231464670792,0.6956141253989498
5247,0.8588207149380186,2,0,2,599697,5913,94445,13511,0.05477231464670792,0.695582784184514
5248,0.8588256527309622,1,0,1,599697,5913,94446,13510,0.05477231464670792,0.6955671111568759
5249,0.8588262925838969,1,0,1,599697,5913,94447,13509,0.05477231464670792,0.6955514365152919
5250,0.8589037218536368,1,0,1,599697,5913,94448,13508,0.05477231464670792,0.6955357602595129
5251,0.8589279349081166,2,0,2,599697,5913,94450,13506,0.05477231464670792,0.695504402904372
5252,0.8589378288046393,4,2,4,599699,5911,94454,13502,0.05475378858053281,0.6955133158192963
5253,0.8591816406605335,22,8,22,599707,5903,94476,13480,0.05467968431583237,0.6954547799618223
5254,0.8593344188372121,2,1,2,599708,5902,94478,13478,0.054670421282744824,0.6954592363261094
5255,0.8594391272588225,8,8,8,599716,5894,94486,13470,0.05459631701804439,0.6956207395166288
5256,0.8595733632206185,0,5,0,599721,5889,94486,13470,0.05455000185260662,0.6958004029133736
5257,0.8596080249181884,1,0,1,599721,5889,94487,13469,0.05455000185260662,0.6957846885008782
5258,0.8596623254744428,1,1,1,599722,5888,94488,13468,0.05454073881951906,0.6958049183715643
5259,0.8597670338960534,0,1,0,599723,5887,94488,13468,0.054531475786431506,0.6958408679927667
5260,0.86,1381,778,1381,600501,5109,95869,12087,0.04732483604431435,0.7028960223307746
5261,0.8607066968616667,0,2,0,600503,5107,95869,12087,0.04730630997813924,0.7029777829475399
5262,0.8611646782514488,1,1,1,600504,5106,95870,12086,0.047297046945051685,0.7030013959981387
5263,0.861332790337753,0,1,0,600505,5105,95870,12086,0.047287783911964136,0.7030422895701239
5264,0.8614248327646014,0,1,0,600506,5104,95870,12086,0.04727852087887658,0.7030831878999418
5265,0.8615009756459862,1,0,1,600506,5104,95871,12085,0.04727852087887658,0.7030659142474839
5266,0.861609245275108,1,1,1,600507,5103,95872,12084,0.047269257845789024,0.7030895444231104
5267,0.862187837422603,0,1,0,600508,5102,95872,12084,0.04725999481270147,0.7031304550215292
5268,0.8624539761841785,1,0,1,600508,5102,95873,12083,0.04725999481270147,0.7031131800989234
5269,0.862477091866466,0,1,0,600509,5101,95873,12083,0.04725073177961392,0.7031540968342644
5270,0.8627092695236149,1,0,1,600509,5101,95874,12082,0.04725073177961392,0.7031368212768434
5271,0.8629141543352209,0,1,0,600510,5100,95874,12082,0.04724146874652636,0.7031777441508555
5272,0.8632636833603583,1,0,1,600510,5100,95875,12081,0.04724146874652636,0.7031604679587917
5273,0.8636416072590133,0,1,0,600511,5099,95875,12081,0.04723220571343881,0.7032013969732247
5274,0.8638873976385247,1,0,1,600511,5099,95876,12080,0.04723220571343881,0.7031841201466907
5275,0.8641566583345746,1,0,1,600511,5099,95877,12079,0.04723220571343881,0.7031668413086506
5276,0.8641843248769792,1,0,1,600511,5099,95878,12078,0.04723220571343881,0.703149560458753
5277,0.8642752933126855,0,1,0,600512,5098,95878,12078,0.04722294268035125,0.7031904983698184
5278,0.86454698644622,1,0,1,600512,5098,95879,12077,0.04722294268035125,0.7031732168850072
5279,0.8649436235253287,0,1,0,600513,5097,95879,12077,0.0472136796472637,0.7032141609409572
5280,0.8652492300285181,0,1,0,600514,5096,95879,12077,0.047204416614176146,0.7032551097653293
5281,0.8653839633877766,1,1,1,600515,5095,95880,12076,0.04719515358108859,0.7032787839962727
5282,0.8655423493196522,0,2,0,600517,5093,95880,12076,0.047176627514913486,0.7033607082532471
5283,0.8658375761735203,2,0,2,600517,5093,95882,12074,0.047176627514913486,0.7033261490068154
5284,0.8658375761735205,0,1,0,600518,5092,95882,12074,0.04716736448182593,0.7033671210532448
5285,0.8658588966090582,2,1,2,600519,5091,95884,12072,0.047158101448738374,0.7033735360950882
5286,0.86595068651418,1,0,1,600519,5091,95885,12071,0.047158101448738374,0.70335625218506
5287,0.8659547198817787,1,0,1,600519,5091,95886,12070,0.047158101448738374,0.7033389662607075
5288,0.8659668184773162,0,2,0,600521,5089,95886,12070,0.04713957538256327,0.7034209452765313
5289,0.8660589101032495,1,0,1,600521,5089,95887,12069,0.04713957538256327,0.7034036601002448
5290,0.8663064711998959,1,0,1,600521,5089,95888,12068,0.04713957538256327,0.7033863729090167
5291,0.8663150022530992,0,1,0,600522,5088,95888,12068,0.04713031234947571,0.7034273723478667
5292,0.8665155926229561,2,2,2,600524,5086,95890,12066,0.0471117862833006,0.7034748134328358
5293,0.8665155926229562,3,0,3,600524,5086,95893,12063,0.0471117862833006,0.7034229401131261
5294,0.8666924904348599,0,1,0,600525,5085,95893,12063,0.04710252325021305,0.7034639608117564
5295,0.8668463357209292,0,1,0,600526,5084,95893,12063,0.047093260217125496,0.7035049862949787
5296,0.8669173043974872,1,0,1,600526,5084,95894,12062,0.047093260217125496,0.7034876939227809
5297,0.8669741831869792,2,1,2,600527,5083,95896,12060,0.04708399718403794,0.7034941375488537
5298,0.8671324735404911,1,0,1,600527,5083,95897,12059,0.04708399718403794,0.7034768405086921
5299,0.8673718050155687,13,10,13,600537,5073,95910,12046,0.0469913668531624,0.7036625971143174
5300,0.8674249203981289,1,0,1,600537,5073,95911,12045,0.0469913668531624,0.7036452856642131
5301,0.867631488367774,0,1,0,600538,5072,95911,12045,0.046982103820074846,0.703686393643746
5302,0.8676687322540232,1,0,1,600538,5072,95912,12044,0.046982103820074846,0.7036690815611124
5303,0.867890231700072,2,0,2,600538,5072,95914,12042,0.046982103820074846,0.7036344513263995
5304,0.8679694403383497,1,0,1,600538,5072,95915,12041,0.046982103820074846,0.7036171331736107
5305,0.868363281321067,2,0,2,600538,5072,95917,12039,0.046982103820074846,0.7035824907953948
5306,0.8683712704105901,0,1,0,600539,5071,95917,12039,0.04697284078698729,0.7036236119228522
5307,0.8684870915934896,40,13,40,600552,5058,95957,11999,0.04685242135684908,0.7034648531394735
5308,0.8686919764050957,0,1,0,600553,5057,95957,11999,0.046843158323761534,0.7035060975609756
5309,0.8688054042807006,1,0,1,600553,5057,95958,11998,0.046843158323761534,0.7034887129873937
5310,0.8689378288046393,0,2,0,600555,5055,95958,11998,0.04682463225758642,0.7035712191403272
5311,0.869152205051927,0,1,0,600556,5054,95958,11998,0.046815369224498866,0.7036124794745484
5312,0.8691816406605335,10,4,10,600560,5050,95968,11988,0.04677831709214866,0.7036037093555582
5313,0.869334418837212,1,0,1,600560,5050,95969,11987,0.04677831709214866,0.7035863121441568
5314,0.8694391272588226,4,4,4,600564,5046,95973,11983,0.04674126495979844,0.7036819543132303
5315,0.8695733632206185,5,1,5,600565,5045,95978,11978,0.046732001926710884,0.7036362568289961
5316,0.8697782480322245,1,0,1,600565,5045,95979,11977,0.046732001926710884,0.7036188461990366
5317,0.869784147300729,1,0,1,600565,5045,95980,11976,0.046732001926710884,0.7036014335232947
5318,0.87,1317,727,1317,601292,4318,97297,10659,0.039997776872058986,0.7116912599318955
5319,0.8700432214860375,1,0,1,601292,4318,97298,10658,0.039997776872058986,0.7116720085470085
5320,0.8708929749742162,1,0,1,601292,4318,97299,10657,0.039997776872058986,0.711652754590985
5321,0.8712374641805094,1,0,1,601292,4318,97300,10656,0.039997776872058986,0.7116334980633098
5322,0.8721113169808539,0,1,0,601293,4317,97300,10656,0.03998851383897143,0.7116810258465237
5323,0.8721758174274438,1,0,1,601293,4317,97301,10655,0.03998851383897143,0.7116617686347849
5324,0.8723605159278408,0,1,0,601294,4316,97301,10655,0.03997925080588388,0.7117093046556676
5325,0.8733190374408454,1,0,1,601294,4316,97302,10654,0.03997925080588388,0.711690046760187
5326,0.8735276288630814,0,2,0,601296,4314,97302,10654,0.03996072473970877,0.711785141635489
5327,0.8736234521358018,1,0,1,601296,4314,97303,10653,0.03996072473970877,0.7117658849468832
5328,0.8737851154613704,1,0,1,601296,4314,97304,10652,0.03996072473970877,0.7117466256848858
5329,0.8741366064888004,1,0,1,601296,4314,97305,10651,0.03996072473970877,0.7117273638489809
5330,0.8743246677670099,1,0,1,601296,4314,97306,10650,0.03996072473970877,0.7117080994386528
5331,0.87432466776701,0,1,0,601297,4313,97306,10650,0.039951461706621214,0.7117556639711288
5332,0.8743459882025479,1,0,1,601297,4313,97307,10649,0.039951461706621214,0.7117363988771555
5333,0.8750405372695917,1,0,1,601297,4313,97308,10648,0.039951461706621214,0.711717131207807
5334,0.8753511392504411,1,0,1,601297,4313,97309,10647,0.039951461706621214,0.7116978609625668
5335,0.8756972332834896,1,0,1,601297,4313,97310,10646,0.039951461706621214,0.7116785881409186
5336,0.8756972332834897,1,0,1,601297,4313,97311,10645,0.039951461706621214,0.7116593127423453
5337,0.8758115770571686,1,0,1,601297,4313,97312,10644,0.039951461706621214,0.7116400347663302
5338,0.8758588966090582,1,1,1,601298,4312,97313,10643,0.039942198673533665,0.7116683383483785
5339,0.8761558238475127,1,0,1,601298,4312,97314,10642,0.039942198673533665,0.7116490571084659
5340,0.8763773232935614,1,0,1,601298,4312,97315,10641,0.039942198673533665,0.7116297732896408
5341,0.8764333128117177,0,1,0,601299,4311,97315,10641,0.03993293564044611,0.711677367576244
5342,0.8764943849849852,1,0,1,601299,4311,97316,10640,0.03993293564044611,0.7116580830713665
5343,0.8765061261242125,1,0,1,601299,4311,97317,10639,0.03993293564044611,0.711638795986622
5344,0.8765155926229561,3,0,3,601299,4311,97320,10636,0.03993293564044611,0.7115809192480096
5345,0.8765155926229562,4,0,4,601299,4311,97324,10632,0.03993293564044611,0.7115037141136318
5346,0.8765844893387573,1,1,1,601300,4310,97325,10631,0.03992367260735855,0.7115320259688107
5347,0.8767657724812358,0,1,0,601301,4309,97325,10631,0.039914409574271,0.7115796519410977
5348,0.8768578149080841,0,1,0,601302,4308,97325,10631,0.03990514654118345,0.7116272842894438
5349,0.8768640476569515,0,1,0,601303,4307,97325,10631,0.03989588350809589,0.7116749230151292
5350,0.8769741831869792,3,1,3,601304,4306,97328,10628,0.039886620475008336,0.7116646578277755
5351,0.8770718723606055,1,0,1,601304,4306,97329,10627,0.039886620475008336,0.7116453492265452
5352,0.8773078065315082,1,0,1,601304,4306,97330,10626,0.039886620475008336,0.7116260380391106
5353,0.8773718050155687,16,4,16,601308,4302,97346,10610,0.03984956834265812,0.7115075107296137
5354,0.8774125343821116,1,0,1,601308,4302,97347,10609,0.03984956834265812,0.7114881631010663
5355,0.877446538837445,0,1,0,601309,4301,97347,10609,0.03984030530957056,0.7115358819584172
5356,0.877454674801502,1,0,1,601309,4301,97348,10608,0.03984030530957056,0.7115165336374002
5357,0.8776687322540231,2,0,2,601309,4301,97350,10606,0.03984030530957056,0.7114778292077547
5358,0.8778215104307016,0,1,0,601310,4300,97350,10606,0.039831042276483014,0.7115255601771099
5359,0.877890231700072,4,1,4,601311,4299,97354,10602,0.03982177924339546,0.7114958727602174
5360,0.8780236094641595,1,1,1,601312,4298,97355,10601,0.0398125162103079,0.7115242633733808
5361,0.8782819082201047,0,1,0,601313,4297,97355,10601,0.039803253177220346,0.7115720230903477
5362,0.8783632813210671,1,0,1,601313,4297,97356,10600,0.039803253177220346,0.7115526616097201
5363,0.8783769560634619,1,0,1,601313,4297,97357,10599,0.039803253177220346,0.7115332975295381
5364,0.8784870915934896,21,9,21,601322,4288,97378,10578,0.039719885879432364,0.7115565720435894
5365,0.8788207149380186,1,0,1,601322,4288,97379,10577,0.039719885879432364,0.7115371678439287
5366,0.8789378288046393,1,1,1,601323,4287,97380,10576,0.03971062284634481,0.711565632779385
5367,0.8791816406605335,16,7,16,601330,4280,97396,10560,0.03964578161473193,0.7115902964959568
5368,0.879334418837212,2,0,2,601330,4280,97398,10558,0.03964578161473193,0.7115514220245316
5369,0.8794391272588226,4,4,4,601334,4276,97402,10554,0.03960872948238171,0.7116655428186109
5370,0.8795733632206185,2,0,2,601334,4276,97404,10552,0.03960872948238171,0.7116266522794713
5371,0.8796557532096558,1,1,1,601335,4275,97405,10551,0.03959946644929416,0.7116552003237555
5372,0.8797114722622524,1,0,1,601335,4275,97406,10550,0.03959946644929416,0.7116357504215851
5373,0.88,1256,701,1256,602036,3574,98662,9294,0.03310608025491867,0.7222567609574138
5374,0.8806343015872179,0,1,0,602037,3573,98662,9294,0.03309681722183112,0.7223128934483563
5375,0.8807707378009719,1,0,1,602037,3573,98663,9293,0.03309681722183112,0.7222913104305922
5376,0.8809401029048086,0,1,0,602038,3572,98663,9293,0.03308755418874356,0.7223474543334629
5377,0.882014720456571,0,1,0,602039,3571,98663,9293,0.033078291155656005,0.7224036069651741
5378,0.8824177107180518,0,2,0,602041,3569,98663,9293,0.0330597650894809,0.7225159384232623
5379,0.8827066257004595,0,1,0,602042,3568,98663,9293,0.033050502056393344,0.7225721172537127
5380,0.8827940719202354,0,1,0,602043,3567,98663,9293,0.03304123902330579,0.7226283048211508
5381,0.8828050927963353,1,0,1,602043,3567,98664,9292,0.03304123902330579,0.7226067345827825
5382,0.8832307016246268,0,1,0,602044,3566,98664,9292,0.03303197599021824,0.7226629335822057
5383,0.8832970387929518,0,1,0,602045,3565,98664,9292,0.03302271295713068,0.7227191413237924
5384,0.8835157842860201,0,1,0,602046,3564,98664,9292,0.03301344992404313,0.722775357809583
5385,0.8835276288630812,0,1,0,602047,3563,98664,9292,0.03300418689095557,0.7228315830416181
5386,0.8837144205715081,1,0,1,602047,3563,98665,9291,0.03300418689095557,0.7228100202271667
5387,0.8838873976385248,1,0,1,602047,3563,98666,9290,0.03300418689095557,0.7227884540574185
5388,0.8843459882025477,1,0,1,602047,3563,98667,9289,0.03300418689095557,0.7227668845315904
5389,0.8845633895827443,0,1,0,602048,3562,98667,9289,0.03299492385786802,0.7228231266049334
5390,0.8849698954693919,1,0,1,602048,3562,98668,9288,0.03299492385786802,0.7228015564202335
5391,0.885005325546715,0,1,0,602049,3561,98668,9288,0.032985660824780466,0.7228578099462993
5392,0.8850445040545312,1,0,1,602049,3561,98669,9287,0.032985660824780466,0.7228362391033624
5393,0.8851216118087755,1,0,1,602049,3561,98670,9286,0.032985660824780466,0.7228146649023118
5394,0.8854534214275954,1,0,1,602049,3561,98671,9285,0.032985660824780466,0.7227930873423634
5395,0.8855949511063352,0,1,0,602050,3560,98671,9285,0.03297639779169291,0.722849357726742
5396,0.8856972332834896,1,0,1,602050,3560,98672,9284,0.03297639779169291,0.7228277795079414
5397,0.8857046524981556,0,1,0,602051,3559,98672,9284,0.03296713475860536,0.722884061356381
5398,0.8858375761735204,1,0,1,602051,3559,98673,9283,0.03296713475860536,0.7228624824793646
5399,0.8859120119916184,0,1,0,602052,3558,98673,9283,0.032957871725517805,0.7229187757962775
5400,0.8860889558435744,0,1,0,602053,3557,98673,9283,0.03294860869243025,0.72297507788162
5401,0.8863096338202078,1,0,1,602053,3557,98674,9282,0.03294860869243025,0.7229535010514838
5402,0.8864943849849851,2,0,2,602053,3557,98676,9280,0.03294860869243025,0.7229103373062242
5403,0.8865155926229561,2,1,2,602054,3556,98678,9278,0.03293934565934269,0.722923484494312
5404,0.8865155926229562,1,0,1,602054,3556,98679,9277,0.03293934565934269,0.7229018935556768
5405,0.886600921445843,1,0,1,602054,3556,98680,9276,0.03293934565934269,0.7228802992518704
5406,0.8867974853910771,1,2,1,602056,3554,98681,9275,0.03292081959316759,0.7229713929378752
5407,0.886945168236187,0,1,0,602057,3553,98681,9275,0.03291155656008003,0.7230277517929529
5408,0.8869741831869792,2,0,2,602057,3553,98683,9273,0.03291155656008003,0.7229845626072041
5409,0.8870718723606055,1,0,1,602057,3553,98684,9272,0.03291155656008003,0.7229629629629629
5410,0.8871726090941512,1,0,1,602057,3553,98685,9271,0.03291155656008003,0.7229413599500936
5411,0.8872006751912563,0,1,0,602058,3552,98685,9271,0.03290229352699248,0.7229977384387429
5412,0.8873718050155687,4,3,4,602061,3549,98689,9267,0.032874504427729816,0.7230805243445693
5413,0.8874249203981287,1,0,1,602061,3549,98690,9266,0.032874504427729816,0.7230589153335935
5414,0.8876687322540232,1,0,1,602061,3549,98691,9265,0.032874504427729816,0.7230373029498985
5415,0.8878456300659271,1,0,1,602061,3549,98692,9264,0.032874504427729816,0.7230156871926949
5416,0.887890231700072,1,0,1,602061,3549,98693,9263,0.032874504427729816,0.7229940680611926
5417,0.8880023555985522,1,0,1,602061,3549,98694,9262,0.032874504427729816,0.7229724455546015
5418,0.8880072933914959,1,0,1,602061,3549,98695,9261,0.032874504427729816,0.7229508196721312
5419,0.888060454814108,1,0,1,602061,3549,98696,9260,0.032874504427729816,0.7229291904129909
5420,0.888363281321067,1,0,1,602061,3549,98697,9259,0.032874504427729816,0.7229075577763897
5421,0.8883769560634619,1,0,1,602061,3549,98698,9258,0.032874504427729816,0.7228859217615367
5422,0.8884870915934896,20,15,20,602076,3534,98718,9238,0.032735558931416504,0.7233009708737864
5423,0.8889378288046393,5,1,5,602077,3533,98723,9233,0.03272629589832895,0.7232492558358139
5424,0.8891816406605335,13,6,13,602083,3527,98736,9220,0.03267071769980363,0.7233074448889935
5425,0.8893158305822773,0,1,0,602084,3526,98736,9220,0.03266145466671607,0.7233641926879021
5426,0.889334418837212,0,1,0,602085,3525,98736,9220,0.032652191633628515,0.7234209493919184
5427,0.8894391272588226,3,1,3,602086,3524,98739,9217,0.03264292860054096,0.7234126049760615
5428,0.8895202017980063,0,1,0,602087,3523,98739,9217,0.03263366556745341,0.7234693877551021
5429,0.8895733632206185,1,0,1,602087,3523,98740,9216,0.03263366556745341,0.723447680351676
5430,0.8897505024912341,0,1,0,602088,3522,98740,9216,0.032624402534365854,0.7235044747998116
5431,0.8898072629830166,0,1,0,602089,3521,98740,9216,0.0326151395012783,0.7235612781659732
5432,0.89,1234,601,1234,602690,2920,99974,7982,0.02704805661565823,0.7321592368372776
5433,0.8902018793950972,1,0,1,602690,2920,99975,7981,0.02704805661565823,0.7321346665443538
5434,0.8907489564132987,0,2,0,602692,2918,99975,7981,0.02702953054948312,0.7322690155060098
5435,0.8912833720796307,1,0,1,602692,2918,99976,7980,0.02702953054948312,0.7322444485226647
5436,0.8913633928755645,1,0,1,602692,2918,99977,7979,0.02702953054948312,0.7322198770303754
5437,0.8914172969599135,0,1,0,602693,2917,99977,7979,0.02702026751639557,0.7322870778267254
5438,0.8918514695439831,1,0,1,602693,2917,99978,7978,0.02702026751639557,0.7322625057365764
5439,0.8920068671036975,0,1,0,602694,2916,99978,7978,0.027011004483308013,0.7323297227831834
5440,0.8920147204565708,1,0,1,602694,2916,99979,7977,0.027011004483308013,0.7323051500963922
5441,0.8921377186242383,0,2,0,602696,2914,99979,7977,0.026992478417132905,0.7324396290515104
5442,0.8922615525546181,0,1,0,602697,2913,99979,7977,0.026983215384045352,0.7325068870523416
5443,0.8928330797960373,1,0,1,602697,2913,99980,7976,0.026983215384045352,0.7324823216089632
5444,0.8932315956967382,1,0,1,602697,2913,99981,7975,0.026983215384045352,0.7324577516531962
5445,0.8932709176941556,0,1,0,602698,2912,99981,7975,0.026973952350957797,0.7325250298521172
5446,0.8932871358616495,3,0,3,602698,2912,99984,7972,0.026973952350957797,0.7324513046674017
5447,0.8934782325350887,0,2,0,602700,2910,99984,7972,0.026955426284782688,0.7325859217055688
5448,0.8937813598620821,1,0,1,602700,2910,99985,7971,0.026955426284782688,0.7325613454645713
5449,0.8944358661667116,0,1,0,602701,2909,99985,7971,0.026946163251695136,0.7326286764705883
5450,0.8950778594871247,1,0,1,602701,2909,99986,7970,0.026946163251695136,0.7326040996415112
5451,0.8955344959667789,1,0,1,602701,2909,99987,7969,0.026946163251695136,0.732579518293804
5452,0.8955589639540951,1,0,1,602701,2909,99988,7968,0.026946163251695136,0.7325549324262205
5453,0.8956430439097873,0,1,0,602702,2908,99988,7968,0.02693690021860758,0.7326222876057374
5454,0.8958375761735204,1,0,1,602702,2908,99989,7967,0.02693690021860758,0.7325977011494252
5455,0.8965155926229561,2,1,2,602703,2907,99991,7965,0.026927637185520027,0.7326158940397351
5456,0.8965155926229562,3,0,3,602703,2907,99994,7962,0.026927637185520027,0.7325420921887938
5457,0.8968109322743912,0,1,0,602704,2906,99994,7962,0.02691837415243247,0.7326094957673905
5458,0.8969331356885077,0,1,0,602705,2905,99994,7962,0.02690911111934492,0.7326769117511733
5459,0.8969741831869791,1,1,1,602706,2904,99995,7961,0.026899848086257363,0.7327197422917625
5460,0.8972897502949597,1,1,1,602707,2903,99996,7960,0.02689058505316981,0.7327625886035165
5461,0.8973427440247244,0,1,0,602708,2902,99996,7960,0.026881322020082254,0.7328300497146014
5462,0.8973718050155687,10,1,10,602709,2901,100006,7950,0.026872058986994702,0.7326513685374619
5463,0.8974249203981288,1,0,1,602709,2901,100007,7949,0.026872058986994702,0.732626728110599
5464,0.897890231700072,2,1,2,602710,2900,100009,7947,0.026862795953907146,0.7326449709597124
5465,0.8981097832283804,1,0,1,602710,2900,100010,7946,0.026862795953907146,0.732620320855615
5466,0.8981194694651728,1,0,1,602710,2900,100011,7945,0.026862795953907146,0.7325956662056247
5467,0.8982072404101582,1,0,1,602710,2900,100012,7944,0.026862795953907146,0.732571007008484
5468,0.8982333858410725,1,0,1,602710,2900,100013,7943,0.026862795953907146,0.7325463432629347
5469,0.898363281321067,1,2,1,602712,2898,100014,7942,0.026844269887732038,0.7326568265682657
5470,0.8984870915934896,28,13,28,602725,2885,100042,7914,0.026723850457593835,0.7328456338549866
5471,0.8987237713521181,0,1,0,602726,2884,100042,7914,0.02671458742450628,0.732913502500463
5472,0.8988207149380186,1,0,1,602726,2884,100043,7913,0.02671458742450628,0.7328887653977957
5473,0.8989378288046393,3,0,3,602726,2884,100046,7910,0.02671458742450628,0.7328145265888456
5474,0.8991427136162453,1,0,1,602726,2884,100047,7909,0.02671458742450628,0.7327897711479663
5475,0.8991816406605335,12,4,12,602730,2880,100059,7897,0.026677535292156062,0.7327642200983576
5476,0.8992035417110332,0,1,0,602731,2879,100059,7897,0.02666827225906851,0.7328322197475873
5477,0.899334418837212,1,0,1,602731,2879,100060,7896,0.02666827225906851,0.7328074245939675
5478,0.8994391272588226,2,1,2,602732,2878,100062,7894,0.026659009225980954,0.7328258447827701
5479,0.8995396806251342,2,0,2,602732,2878,100064,7892,0.026659009225980954,0.7327762302692665
5480,0.8996557532096559,2,0,2,602732,2878,100066,7890,0.026659009225980954,0.7327265973254086
5481,0.8999271866875049,1,0,1,602732,2878,100067,7889,0.026659009225980954,0.7327017739388874
5482,0.8999531468850344,1,0,1,602732,2878,100068,7888,0.026659009225980954,0.7326769459409251
5483,0.9,1219,556,1219,603288,2322,101287,6669,0.021508762829300827,0.7417417417417418
5484,0.9012799988087112,0,1,0,603289,2321,101287,6669,0.02149949979621327,0.7418242491657397
5485,0.9017019076222328,0,1,0,603290,2320,101287,6669,0.021490236763125718,0.7419067749471576
5486,0.9021251776623156,1,0,1,603290,2320,101288,6668,0.021490236763125718,0.741878059635069
5487,0.90227220705486,1,0,1,603290,2320,101289,6667,0.021490236763125718,0.7418493379325692
5488,0.9029307689696638,1,0,1,603290,2320,101290,6666,0.021490236763125718,0.7418206098375251
5489,0.9029561016216622,0,1,0,603291,2319,101290,6666,0.021480973730038162,0.7419031719532554
5490,0.9029875831812616,1,1,1,603292,2318,101291,6665,0.02147171069695061,0.7419570299454525
5491,0.9035063084275436,0,1,0,603293,2317,101291,6665,0.021462447663863054,0.742039634825206
5492,0.903661305188948,1,0,1,603293,2317,101292,6664,0.021462447663863054,0.7420109119251753
5493,0.9044995066065696,0,1,0,603294,2316,101292,6664,0.0214531846307755,0.7420935412026726
5494,0.9047535669437602,1,0,1,603294,2316,101293,6663,0.0214531846307755,0.742064817908453
5495,0.9049241689906968,0,1,0,603295,2315,101293,6663,0.021443921597687945,0.7421474715972377
5496,0.905058178796926,0,1,0,603296,2314,101293,6663,0.021434658564600393,0.7422301437005682
5497,0.905816450552384,1,0,1,603296,2314,101294,6662,0.021434658564600393,0.7422014260249554
5498,0.906515592622956,1,2,1,603298,2312,101295,6661,0.021416132498425285,0.7423381254875738
5499,0.9065155926229562,2,0,2,603298,2312,101297,6659,0.021416132498425285,0.7422806821981942
5500,0.9068172417009388,0,1,0,603299,2311,101297,6659,0.02140686946533773,0.7423634336677815
5501,0.9068503729145566,1,0,1,603299,2311,101298,6658,0.02140686946533773,0.7423347084401829
5502,0.9069173043974872,1,1,1,603300,2310,101299,6657,0.021397606432250176,0.7423887587822015
5503,0.906945168236187,1,0,1,603300,2310,101300,6656,0.021397606432250176,0.7423600267677894
5504,0.9069741831869792,0,1,0,603301,2309,101300,6656,0.02138834339916262,0.7424428332403793
5505,0.9073718050155688,5,5,5,603306,2304,101305,6651,0.02134202823372485,0.742713567839196
5506,0.9074249203981288,0,1,0,603307,2303,101305,6651,0.021332765200637295,0.7427965155237882
5507,0.9074528795547522,1,0,1,603307,2303,101306,6650,0.021332765200637295,0.7427677873338546
5508,0.9076687322540232,0,1,0,603308,2302,101306,6650,0.021323502167549743,0.7428507596067918
5509,0.907686905574208,1,0,1,603308,2302,101307,6649,0.021323502167549743,0.7428220310579824
5510,0.9076914087338862,0,2,0,603310,2300,101307,6649,0.021304976101374634,0.7429880433567997
5511,0.907890231700072,2,0,2,603310,2300,101309,6647,0.021304976101374634,0.7429305912596401
5512,0.9079262188523122,1,0,1,603310,2300,101310,6646,0.021304976101374634,0.7429018555779119
5513,0.908060454814108,1,0,1,603310,2300,101311,6645,0.021304976101374634,0.742873113471213
5514,0.908363281321067,0,1,0,603311,2299,101311,6645,0.021295713068287078,0.7429561717352415
5515,0.9084870915934896,18,7,18,603318,2292,101329,6627,0.0212308718366742,0.7430205179952909
5516,0.9088207149380186,0,1,0,603319,2291,101329,6627,0.021221608803586648,0.7431038349405696
5517,0.9089378288046394,3,1,3,603320,2290,101332,6624,0.021212345770499092,0.7431007404083464
5518,0.9091816406605336,9,2,9,603322,2288,101341,6615,0.021193819704323984,0.7430079748399416
5519,0.9092232745595517,1,1,1,603323,2287,101342,6614,0.02118455667123643,0.7430625772385125
5520,0.9093029888171256,0,1,0,603324,2286,101342,6614,0.021175293638148875,0.7431460674157303
5521,0.9093865254721396,1,0,1,603324,2286,101343,6613,0.021175293638148875,0.743117204180245
5522,0.9094391272588226,2,1,2,603325,2285,101345,6611,0.021166030605061323,0.7431429856115108
5523,0.9095733632206184,0,1,0,603326,2284,101345,6611,0.021156767571973767,0.7432265317594154
5524,0.91,1128,460,1128,603786,1824,102473,5483,0.01689577235169884,0.750376351443821
5525,0.9112592026540932,1,0,1,603786,1824,102474,5482,0.01689577235169884,0.7503421845058855
5526,0.9116964727825788,1,0,1,603786,1824,102475,5481,0.01689577235169884,0.7503080082135524
5527,0.9118385980740302,1,0,1,603786,1824,102476,5480,0.01689577235169884,0.7502738225629791
5528,0.9125720312643212,0,1,0,603787,1823,102476,5480,0.016886509318611288,0.7503765575790771
5529,0.9138677775875732,1,0,1,603787,1823,102477,5479,0.016886509318611288,0.7503423719528897
5530,0.9139483663739584,1,0,1,603787,1823,102478,5478,0.016886509318611288,0.75030817696206
5531,0.9143344841950972,0,1,0,603788,1822,102478,5478,0.01687724628552373,0.7504109589041096
5532,0.9146482838738936,1,0,1,603788,1822,102479,5477,0.01687724628552373,0.7503767639402658
5533,0.9148319458473556,1,0,1,603788,1822,102480,5476,0.01687724628552373,0.7503425596053713
5534,0.9150026842164456,1,0,1,603788,1822,102481,5475,0.01687724628552373,0.7503083458955735
5535,0.9151547753212088,0,2,0,603790,1820,102481,5475,0.016858720219348623,0.750514050719671
5536,0.9158375761735204,1,0,1,603790,1820,102482,5474,0.016858720219348623,0.7504798464491362
5537,0.916515592622956,1,1,1,603791,1819,102483,5473,0.01684945718626107,0.7505485463521667
5538,0.9165155926229562,1,1,1,603792,1818,102484,5472,0.016840194153173515,0.7506172839506173
5539,0.9165534456761022,1,0,1,603792,1818,102485,5471,0.016840194153173515,0.7505830703800247
5540,0.917052252309654,0,1,0,603793,1817,102485,5471,0.016830931120085962,0.7506860592755215
5541,0.9173718050155686,6,2,6,603795,1815,102491,5465,0.016812405053910854,0.7506868131868132
5542,0.9176687322540232,1,2,1,603797,1813,102492,5464,0.016793878987735746,0.750858870413632
5543,0.9178179157067116,0,1,0,603798,1812,102492,5464,0.01678461595464819,0.7509620670698186
5544,0.917890231700072,0,1,0,603799,1811,102492,5464,0.016775352921560637,0.75106529209622
5545,0.9182422809093984,0,1,0,603800,1810,102492,5464,0.01676608988847308,0.7511685455045367
5546,0.9184870915934896,24,3,24,603803,1807,102516,5440,0.01673830078921042,0.7506554436318477
5547,0.9186070842917472,1,0,1,603803,1807,102517,5439,0.01673830078921042,0.7506210322936793
5548,0.918620767919356,1,0,1,603803,1807,102518,5438,0.01673830078921042,0.7505866114561767
5549,0.9187675915386188,0,3,0,603806,1804,102518,5438,0.016710511689947756,0.7508975421154377
5550,0.9191816406605336,6,5,6,603811,1799,102524,5432,0.016664196524509987,0.7512100677637947
5551,0.9194391272588226,4,1,4,603812,1798,102528,5428,0.01665493349142243,0.7511763077774702
5552,0.9194920609613838,1,0,1,603812,1798,102529,5427,0.01665493349142243,0.7511418685121107
5553,0.919655753209656,0,1,0,603813,1797,102529,5427,0.01664567045833488,0.7512458471760798
5554,0.9197114722622524,1,0,1,603813,1797,102530,5426,0.01664567045833488,0.7512114080022152
5555,0.92,1025,404,1025,604217,1393,103555,4401,0.012903405090962985,0.7595788746979634
5556,0.920276173514351,1,0,1,604217,1393,103556,4400,0.012903405090962985,0.759537372691179
5557,0.9204029902614808,1,0,1,604217,1393,103557,4399,0.012903405090962985,0.7594958563535912
5558,0.9210807463811465,0,1,0,604218,1392,103557,4399,0.012894142057875431,0.7596270074253152
5559,0.9216170986279814,1,0,1,604218,1392,103558,4398,0.012894142057875431,0.7595854922279792
5560,0.9223744892320144,1,0,1,604218,1392,103559,4397,0.012894142057875431,0.7595439626878563
5561,0.9226714164704688,2,0,2,604218,1392,103561,4395,0.012894142057875431,0.7594608605495076
5562,0.923031185245912,0,1,0,604219,1391,103561,4395,0.012884879024787877,0.7595921189077083
5563,0.9235276288630814,1,0,1,604219,1391,103562,4394,0.012884879024787877,0.7595505617977528
5564,0.9238818053392216,0,1,0,604220,1390,103562,4394,0.012875615991700323,0.7596818810511756
5565,0.9238873976385248,1,0,1,604220,1390,103563,4393,0.012875615991700323,0.7596403250907834
5566,0.9239310465223411,0,1,0,604221,1389,103563,4393,0.012866352958612768,0.7597717052922864
5567,0.9247180907116814,0,1,0,604222,1388,103563,4393,0.012857089925525214,0.7599031309462031
5568,0.9252597562054184,1,0,1,604222,1388,103564,4392,0.012857089925525214,0.7598615916955017
5569,0.9252767034323428,1,0,1,604222,1388,103565,4391,0.012857089925525214,0.75982003806887
5570,0.9252980238678808,1,0,1,604222,1388,103566,4390,0.012857089925525214,0.7597784700588439
5571,0.9258588966090582,2,0,2,604222,1388,103568,4388,0.012857089925525214,0.7596952908587258
5572,0.9265155926229562,2,0,2,604222,1388,103570,4386,0.012857089925525214,0.7596120540353308
5573,0.9269741831869792,2,0,2,604222,1388,103572,4384,0.012857089925525214,0.7595287595287595
5574,0.9273718050155686,8,1,8,604223,1387,103580,4376,0.01284782689243766,0.7593267395453757
5575,0.927458543966018,0,1,0,604224,1386,103580,4376,0.012838563859350106,0.7594585213467546
5576,0.9275301043304288,0,1,0,604225,1385,103580,4376,0.012829300826262552,0.7595903488977608
5577,0.927926218852312,0,1,0,604226,1384,103580,4376,0.012820037793174997,0.7597222222222222
5578,0.9281311036639182,1,0,1,604226,1384,103581,4375,0.012820037793174997,0.7596805000868206
5579,0.9284870915934896,17,5,17,604231,1379,103598,4358,0.012773722627737226,0.7596304688861775
5580,0.9285450895764888,0,1,0,604232,1378,103598,4358,0.012764459594649672,0.7597629009762901
5581,0.9286072008640006,0,1,0,604233,1377,103598,4358,0.012755196561562118,0.759895379250218
5582,0.9287519083064876,1,0,1,604233,1377,103599,4357,0.012755196561562118,0.7598535054063481
5583,0.9288081131412964,0,1,0,604234,1376,103599,4357,0.012745933528474564,0.7599860457003315
5584,0.9289378288046392,1,1,1,604235,1375,103600,4356,0.01273667049538701,0.7600767754318618
5585,0.9291816406605335,4,3,4,604238,1372,103604,4352,0.012708881396124347,0.7603074772886094
5586,0.9294391272588226,2,0,2,604238,1372,103606,4350,0.012708881396124347,0.7602236980076896
5587,0.9295733632206185,0,1,0,604239,1371,103606,4350,0.012699618363036793,0.7603565810173046
5588,0.929655753209656,1,0,1,604239,1371,103607,4349,0.012699618363036793,0.7603146853146853
5589,0.929683452710594,0,1,0,604240,1370,103607,4349,0.012690355329949238,0.7604476307046687
5590,0.93,1004,334,1004,604574,1036,104611,3345,0.00959650227870614,0.7635243095183748
5591,0.9343180012028458,1,0,1,604574,1036,104612,3344,0.00959650227870614,0.7634703196347032
5592,0.9353376245184124,0,2,0,604576,1034,104612,3344,0.009577976212531031,0.7638190954773869
5593,0.9354960145172432,0,1,0,604577,1033,104612,3344,0.009568713179443477,0.7639936029243775
5594,0.9355294679085492,1,1,1,604578,1032,104613,3343,0.009559450146355923,0.7641142857142857
5595,0.9358588966090582,2,0,2,604578,1032,104615,3341,0.009559450146355923,0.7640064029270524
5596,0.9359409798958744,1,0,1,604578,1032,104616,3340,0.009559450146355923,0.7639524245196706
5597,0.936515592622956,1,1,1,604579,1031,104617,3339,0.009550187113268369,0.7640732265446224
5598,0.9365155926229562,1,0,1,604579,1031,104618,3338,0.009550187113268369,0.7640192263675898
5599,0.9367340046356618,1,0,1,604579,1031,104619,3337,0.009550187113268369,0.7639652014652014
5600,0.9369173043974872,1,0,1,604579,1031,104620,3336,0.009550187113268369,0.7639111518204718
5601,0.9369741831869792,1,0,1,604579,1031,104621,3335,0.009550187113268369,0.7638570774163994
5602,0.936985384305716,2,0,2,604579,1031,104623,3333,0.009550187113268369,0.7637488542621448
5603,0.9372108629456076,1,0,1,604579,1031,104624,3332,0.009550187113268369,0.7636947054778822
5604,0.9373718050155686,8,3,8,604582,1028,104632,3324,0.009522398014005706,0.7637867647058824
5605,0.9374498741382437,0,1,0,604583,1027,104632,3324,0.009513134980918152,0.7639623075155136
5606,0.9376685181574572,1,0,1,604583,1027,104633,3323,0.009513134980918152,0.7639080459770115
5607,0.937668732254023,1,0,1,604583,1027,104634,3322,0.009513134980918152,0.763853759484939
5608,0.937890231700072,1,0,1,604583,1027,104635,3321,0.009513134980918152,0.7637994480220791
5609,0.938060454814108,1,0,1,604583,1027,104636,3320,0.009513134980918152,0.7637451115711985
5610,0.9384870915934896,7,7,7,604590,1020,104643,3313,0.009448293749305272,0.7645972767135933
5611,0.9391816406605336,6,2,6,604592,1018,104649,3307,0.009429767683130164,0.7646242774566474
5612,0.9394391272588226,2,0,2,604592,1018,104651,3305,0.009429767683130164,0.7645153828359935
5613,0.9395733632206184,0,1,0,604593,1017,104651,3305,0.00942050465004261,0.7646922720962518
5614,0.9398057802486522,1,0,1,604593,1017,104652,3304,0.00942050465004261,0.7646378153205277
5615,0.94,880,290,880,604883,727,105532,2424,0.006734225054651895,0.7692795937797524
5616,0.9406005741566305,1,0,1,604883,727,105533,2423,0.006734225054651895,0.7692063492063492
5617,0.9412905968028056,0,2,0,604885,725,105533,2423,0.0067156989884767865,0.7696950444726811
5618,0.9425194791494266,0,1,0,604886,724,105533,2423,0.006706435955389232,0.7699396250397204
5619,0.9426761565069708,0,1,0,604887,723,105533,2423,0.006697172922301678,0.770184361093452
5620,0.9427092695236148,0,1,0,604888,722,105533,2423,0.006687909889214124,0.770429252782194
5621,0.9444270627417316,0,1,0,604889,721,105533,2423,0.00667864685612657,0.7706743002544529
5622,0.9447861213968752,1,0,1,604889,721,105534,2422,0.00667864685612657,0.7706013363028953
5623,0.9447877685534872,0,1,0,604890,720,105534,2422,0.0066693838230390155,0.7708465945257797
5624,0.9447985737760044,1,0,1,604890,720,105535,2421,0.0066693838230390155,0.7707736389684814
5625,0.9458588966090582,1,0,1,604890,720,105536,2420,0.0066693838230390155,0.7707006369426752
5626,0.9459997829366038,0,2,0,604892,718,105536,2420,0.006650857756863907,0.7711918419375399
5627,0.946515592622956,1,0,1,604892,718,105537,2419,0.006650857756863907,0.7711189034109022
5628,0.9465155926229564,1,0,1,604892,718,105538,2418,0.006650857756863907,0.7710459183673469
5629,0.9465534456761024,2,0,2,604892,718,105540,2416,0.006650857756863907,0.7708998085513721
5630,0.9467854129549352,0,1,0,604893,717,105540,2416,0.006641594723776354,0.7711458665815513
5631,0.9469741831869792,1,0,1,604893,717,105541,2415,0.006641594723776354,0.7710727969348659
5632,0.9473718050155686,3,0,3,604893,717,105544,2412,0.006641594723776354,0.7708533077660594
5633,0.947890231700072,2,0,2,604893,717,105546,2410,0.006641594723776354,0.7707067476814838
5634,0.948044036769642,1,0,1,604893,717,105547,2409,0.006641594723776354,0.7706333973128598
5635,0.948060454814108,1,0,1,604893,717,105548,2408,0.006641594723776354,0.77056
5636,0.9480796334162572,1,0,1,604893,717,105549,2407,0.006641594723776354,0.7704865556978233
5637,0.9484870915934897,9,6,9,604899,711,105558,2398,0.0065860165252510285,0.7713091026053394
5638,0.9485464217078692,0,1,0,604900,710,105558,2398,0.006576753492163474,0.7715572715572716
5639,0.9489378288046392,3,0,3,604900,710,105561,2395,0.006576753492163474,0.7713365539452496
5640,0.9491816406605336,9,3,9,604903,707,105570,2386,0.006548964392900812,0.7714193339799548
5641,0.949334418837212,1,0,1,604903,707,105571,2385,0.006548964392900812,0.7713454075032341
5642,0.9494391272588224,5,0,5,604903,707,105576,2380,0.006548964392900812,0.7709750566893424
5643,0.9495733632206184,3,0,3,604903,707,105579,2377,0.006548964392900812,0.7707522697795072
5644,0.9496419467864822,0,1,0,604904,706,105579,2377,0.0065397013598132575,0.7710022705157314
5645,0.949655753209656,0,1,0,604905,705,105579,2377,0.006530438326725703,0.7712524334847501
5646,0.95,720,259,720,605164,446,106299,1657,0.004131312757049168,0.7879220161673799
5647,0.9505094241169068,1,0,1,605164,446,106300,1656,0.004131312757049168,0.7878211227402474
5648,0.9505805843542604,1,0,1,605164,446,106301,1655,0.004131312757049168,0.7877201332698714
5649,0.9507514505992,1,0,1,605164,446,106302,1654,0.004131312757049168,0.7876190476190477
5650,0.952607441260328,1,0,1,605164,446,106303,1653,0.004131312757049168,0.7875178656503097
5651,0.952677203116262,1,0,1,605164,446,106304,1652,0.004131312757049168,0.7874165872259294
5652,0.9530217187471686,0,1,0,605165,445,106304,1652,0.004122049723961614,0.787792083929423
5653,0.9531918049708186,1,0,1,605165,445,106305,1651,0.004122049723961614,0.7876908396946565
5654,0.953608795322388,1,0,1,605165,445,106306,1650,0.004122049723961614,0.7875894988066826
5655,0.9544292477001604,1,0,1,605165,445,106307,1649,0.004122049723961614,0.7874880611270296
5656,0.9544792929029569,0,1,0,605166,444,106307,1649,0.00411278669087406,0.78786430960344
5657,0.955144854982547,1,0,1,605166,444,106308,1648,0.00411278669087406,0.7877629063097514
5658,0.9554612747804688,1,0,1,605166,444,106309,1647,0.00411278669087406,0.787661406025825
5659,0.9558588966090582,1,0,1,605166,444,106310,1646,0.00411278669087406,0.7875598086124402
5660,0.9558676034304994,0,1,0,605167,443,106310,1646,0.004103523657786505,0.7879368118717089
5661,0.9568978486842974,1,0,1,605167,443,106311,1645,0.004103523657786505,0.7878352490421456
5662,0.9569741831869792,1,0,1,605167,443,106312,1644,0.004103523657786505,0.7877335888835649
5663,0.9573718050155686,5,1,5,605168,442,106317,1639,0.004094260624698951,0.7876021143680922
5664,0.957668732254023,1,0,1,605168,442,106318,1638,0.004094260624698951,0.7875
5665,0.9584870915934895,6,3,6,605171,439,106324,1632,0.0040664715254362886,0.7880251086431675
5666,0.9589378288046392,2,0,2,605171,439,106326,1630,0.0040664715254362886,0.7878202029966167
5667,0.9591816406605336,3,1,3,605172,438,106329,1627,0.004057208492348734,0.7878934624697337
5668,0.9594391272588224,2,2,2,605174,436,106331,1625,0.004038682426173626,0.7884522076661815
5669,0.9595733632206184,0,1,0,605175,435,106331,1625,0.004029419393086072,0.7888349514563107
5670,0.96,578,166,578,605341,269,106909,1047,0.002491755900552077,0.7955927051671733
5671,0.9603413411337028,0,1,0,605342,268,106909,1047,0.0024824928674645227,0.7961977186311787
5672,0.9604663381948344,1,0,1,605342,268,106910,1046,0.0024824928674645227,0.7960426179604262
5673,0.961496549818427,1,0,1,605342,268,106911,1045,0.0024824928674645227,0.7958872810357959
5674,0.9619829137049032,0,1,0,605343,267,106911,1045,0.0024732298343769685,0.7964939024390244
5675,0.9630412201526808,1,0,1,605343,267,106912,1044,0.0024732298343769685,0.7963386727688787
5676,0.9646114383743796,0,1,0,605344,266,106912,1044,0.0024639668012894143,0.7969465648854962
5677,0.9657350863366356,1,0,1,605344,266,106913,1043,0.0024639668012894143,0.7967914438502673
5678,0.9658338024031536,1,0,1,605344,266,106914,1042,0.0024639668012894143,0.7966360856269113
5679,0.9658375761735204,1,0,1,605344,266,106915,1041,0.0024639668012894143,0.7964804896710023
5680,0.9658588966090582,1,0,1,605344,266,106916,1040,0.0024639668012894143,0.7963246554364471
5681,0.966515592622956,1,0,1,605344,266,106917,1039,0.0024639668012894143,0.7961685823754789
5682,0.9671520475513904,1,0,1,605344,266,106918,1038,0.0024639668012894143,0.7960122699386503
5683,0.9673293589588944,0,1,0,605345,265,106918,1038,0.00245470376820186,0.7966231772831927
5684,0.9673718050155686,4,0,4,605345,265,106922,1034,0.00245470376820186,0.7959969207082371
5685,0.9676687322540232,1,0,1,605345,265,106923,1033,0.00245470376820186,0.7958397534668721
5686,0.9683318085050237,0,1,0,605346,264,106923,1033,0.002445440735114306,0.7964533538936006
5687,0.9683814364442784,0,1,0,605347,263,106923,1033,0.0024361777020267517,0.7970679012345679
5688,0.9684870915934896,7,0,7,605347,263,106930,1026,0.0024361777020267517,0.7959658650116369
5689,0.9689378288046392,1,0,1,605347,263,106931,1025,0.0024361777020267517,0.7958074534161491
5690,0.9691816406605336,4,0,4,605347,263,106935,1021,0.0024361777020267517,0.7951713395638629
5691,0.9694391272588224,3,0,3,605347,263,106938,1018,0.0024361777020267517,0.7946916471506635
5692,0.9695261601492706,1,0,1,605347,263,106939,1017,0.0024361777020267517,0.79453125
5693,0.9695733632206184,1,0,1,605347,263,106940,1016,0.0024361777020267517,0.7943706020328382
5694,0.97,455,130,455,605477,133,107395,561,0.0012319834006447072,0.80835734870317
5695,0.970104143174935,1,0,1,605477,133,107396,560,0.0012319834006447072,0.8080808080808081
5696,0.9711209333246988,0,1,0,605478,132,107396,560,0.001222720367557153,0.8092485549132948
5697,0.9735276288630812,1,0,1,605478,132,107397,559,0.001222720367557153,0.808972503617945
5698,0.9737198994697532,0,1,0,605479,131,107397,559,0.0012134573344695988,0.8101449275362319
5699,0.9750026842164456,1,0,1,605479,131,107398,558,0.0012134573344695988,0.8098693759071117
5700,0.9756100510115412,0,1,0,605480,130,107398,558,0.0012041943013820445,0.811046511627907
5701,0.9758588966090582,0,1,0,605481,129,107398,558,0.0011949312682944903,0.8122270742358079
5702,0.976515592622956,1,0,1,605481,129,107399,557,0.0011949312682944903,0.8119533527696793
5703,0.9765155926229562,0,1,0,605482,128,107399,557,0.0011856682352069361,0.8131386861313868
5704,0.9769741831869792,3,0,3,605482,128,107402,554,0.0011856682352069361,0.8123167155425219
5705,0.9773718050155686,3,1,3,605483,127,107405,551,0.001176405202119382,0.8126843657817109
5706,0.9783283671017704,1,0,1,605483,127,107406,550,0.001176405202119382,0.8124076809453471
5707,0.9784870915934896,3,1,3,605484,126,107409,547,0.0011671421690318277,0.812778603268945
5708,0.9786400467473486,0,1,0,605485,125,107409,547,0.0011578791359442735,0.8139880952380952
5709,0.9789378288046392,1,0,1,605485,125,107410,546,0.0011578791359442735,0.8137108792846498
5710,0.9791816406605336,3,0,3,605485,125,107413,543,0.0011578791359442735,0.812874251497006
5711,0.9794391272588224,2,1,2,605486,124,107415,541,0.0011486161028567193,0.8135338345864662
5712,0.98,256,60,256,605546,64,107671,285,0.0005928341176034681,0.8166189111747851
5713,0.9831706064874296,1,0,1,605546,64,107672,284,0.0005928341176034681,0.8160919540229885
5714,0.9847436100311372,2,0,2,605546,64,107674,282,0.0005928341176034681,0.815028901734104
5715,0.9857157519166116,0,1,0,605547,63,107674,282,0.0005835710845159139,0.8173913043478261
5716,0.9873718050155686,1,0,1,605547,63,107675,281,0.0005835710845159139,0.8168604651162791
5717,0.98759793658803,0,1,0,605548,62,107675,281,0.0005743080514283597,0.8192419825072886
5718,0.99,165,45,165,605593,17,107840,116,0.00015747156248842122,0.8721804511278195
5719,0.9903812479514394,0,1,0,605594,16,107840,116,0.00014820852940086702,0.8787878787878788
5720,0.9916704736662268,1,0,1,605594,16,107841,115,0.00014820852940086702,0.8778625954198473
5721,0.9984870915934896,3,0,3,605594,16,107844,112,0.00014820852940086702,0.875
5722,1.0,112,16,112,605610,0,107956,0,0.0,
