,y_proba,y_test,Neg,Pos,TN,FP,FN,TP,FP/P,Prec
0,0.0,1,534,1,534,605076,1,107955,5.604839008484938,0.1514029544297513
1,0.005,0,2,0,536,605074,1,107955,5.604820482418763,0.1514033791051977
2,0.006,0,1,0,537,605073,1,107955,5.604811219385676,0.15140359144381427
3,0.0075,0,1,0,538,605072,1,107955,5.604801956352588,0.15140380378302645
4,0.01,4,817,4,1355,604255,5,107951,5.597234058320057,0.15157271912901604
5,0.0125,0,1,0,1356,604254,5,107951,5.5972247952869685,0.1515729319507726
6,0.0133,0,1,0,1357,604253,5,107951,5.597215532253881,0.1515731447731268
7,0.014,0,2,0,1359,604251,5,107951,5.597197006187706,0.15157357041962813
8,0.015,0,5,0,1364,604246,5,107951,5.597150691022268,0.1515746345463404
9,0.0167,1,2,1,1366,604244,6,107950,5.5971321649560934,0.15157386891773872
10,0.02,10,1175,10,2541,603069,16,107940,5.586248101078217,0.15181242431530403
11,0.0225,0,1,0,2542,603068,16,107940,5.586238838045129,0.15181263783248572
12,0.0233,0,1,0,2543,603067,16,107940,5.586229575012042,0.151812851350268
13,0.025,0,4,0,2547,603063,16,107940,5.586192522879692,0.15181370542740327
14,0.026,0,3,0,2550,603060,16,107940,5.586164733780429,0.15181434599156118
15,0.0267,0,3,0,2553,603057,16,107940,5.586136944681167,0.15181498656112474
16,0.03,16,1540,16,4093,601517,32,107924,5.571871873726333,0.1521254057772246
17,0.0325,0,2,0,4095,601515,32,107924,5.5718533476601575,0.1521258346383551
18,0.0333,0,5,0,4100,601510,32,107924,5.57180703249472,0.15212690680176028
19,0.034,0,2,0,4102,601508,32,107924,5.571788506428545,0.15212733567135397
20,0.035,0,6,0,4108,601502,32,107924,5.57173292823002,0.15212862229464383
21,0.036,0,2,0,4110,601500,32,107924,5.5717144021638445,0.1521290511739101
22,0.0367,0,5,0,4115,601495,32,107924,5.5716680869984065,0.15213012338265539
23,0.0375,0,1,0,4116,601494,32,107924,5.571658823965319,0.1521303378262181
24,0.038,0,1,0,4117,601493,32,107924,5.571649560932232,0.1521305522703854
25,0.0383,0,2,0,4119,601491,32,107924,5.571631034866057,0.15213098116053367
26,0.04,24,2089,24,6208,599402,56,107900,5.552280558746156,0.15255152678770878
27,0.0417,0,1,0,6209,599401,56,107900,5.552271295713068,0.15255174246890646
28,0.042,0,1,0,6210,599400,56,107900,5.55226203267998,0.15255195815071398
29,0.0429,0,2,0,6212,599398,56,107900,5.552243506613806,0.15255238951615868
30,0.0433,0,9,0,6221,599389,56,107900,5.552160139316018,0.15255433069084914
31,0.044,0,2,0,6223,599387,56,107900,5.552141613249843,0.15255476206971144
32,0.045,0,19,0,6242,599368,56,107900,5.551965615621179,0.1525588602905829
33,0.046,0,1,0,6243,599367,56,107900,5.551956352588092,0.15255907599251767
34,0.0467,0,8,0,6251,599359,56,107900,5.551882248323391,0.1525608016299545
35,0.0475,0,4,0,6255,599355,56,107900,5.55184519619104,0.15256166446331237
36,0.05,21,2661,21,8916,596694,77,107879,5.527196265145059,0.15311259443663042
37,0.052,0,1,0,8917,596693,77,107879,5.527187002111972,0.15311281174954441
38,0.0525,0,2,0,8919,596691,77,107879,5.527168476045796,0.15311324637722298
39,0.0529,0,1,0,8920,596690,77,107879,5.527159213012709,0.15311346369198758
40,0.0533,0,15,0,8935,596675,77,107879,5.527020267516396,0.15311672348748287
41,0.054,0,2,0,8937,596673,77,107879,5.527001741450221,0.15311715813736956
42,0.055,0,30,0,8967,596643,77,107879,5.526723850457594,0.1531236781818027
43,0.056,0,3,0,8970,596640,77,107879,5.526696061358331,0.1531243302167862
44,0.0567,0,8,0,8978,596632,77,107879,5.526621957093631,0.15312606900389064
45,0.059,0,1,0,8979,596631,77,107879,5.526612694060543,0.1531262863550553
46,0.06,29,3186,29,12165,593445,106,107850,5.497100670643595,0.15378692276431458
47,0.061,0,1,0,12166,593444,106,107850,5.497091407610508,0.15378714205454488
48,0.0617,0,4,0,12170,593440,106,107850,5.4970543554781575,0.15378801922171997
49,0.062,0,1,0,12171,593439,106,107850,5.49704509244507,0.15378823851507722
50,0.0625,0,10,0,12181,593429,106,107850,5.496952462114194,0.1537904314830474
51,0.0633,0,8,0,12189,593421,106,107850,5.496878357849495,0.15379218590245425
52,0.064,0,2,0,12191,593419,106,107850,5.496859831783319,0.1537926245135604
53,0.065,0,40,0,12231,593379,106,107850,5.496489310459817,0.15380139726109446
54,0.066,0,3,0,12234,593376,106,107850,5.496461521360554,0.15380205525750615
55,0.0662,0,1,0,12235,593375,106,107850,5.496452258327467,0.15380227459089452
56,0.0667,0,12,0,12247,593363,106,107850,5.496341101930416,0.15380490664035038
57,0.0675,0,6,0,12253,593357,106,107850,5.496285523731891,0.15380622269886068
58,0.068,0,1,0,12254,593356,106,107850,5.496276260698803,0.15380644204413538
59,0.0683,0,1,0,12255,593355,106,107850,5.496266997665716,0.15380666139003574
60,0.07,39,3895,39,16150,589460,145,107811,5.460187483789692,0.154618505573873
61,0.072,0,3,0,16153,589457,145,107811,5.46015969469043,0.15461917082097557
62,0.0725,0,7,0,16160,589450,145,107811,5.460094853458816,0.15462072308647695
63,0.0729,0,1,0,16161,589449,145,107811,5.460085590425729,0.1546209448412357
64,0.0733,0,22,0,16183,589427,145,107811,5.459881803697803,0.15462582360686022
65,0.074,0,3,0,16186,589424,145,107811,5.45985401459854,0.15462648891693617
66,0.0745,0,1,0,16187,589423,145,107811,5.459844751565453,0.1546267106882338
67,0.075,0,62,0,16249,589361,145,107811,5.459270443514024,0.1546404617511891
68,0.0756,0,1,0,16250,589360,145,107811,5.459261180480937,0.1546406835625693
69,0.0757,0,1,0,16251,589359,145,107811,5.459251917447849,0.15464090537458583
70,0.076,0,4,0,16255,589355,145,107811,5.459214865315499,0.15464179262901517
71,0.0762,0,1,0,16256,589354,145,107811,5.459205602282411,0.15464201444421335
72,0.0767,0,21,0,16277,589333,145,107811,5.459011078587572,0.1546466727103726
73,0.0775,0,5,0,16282,589328,145,107811,5.458964763422135,0.1546477818627275
74,0.078,0,1,0,16283,589327,145,107811,5.458955500389047,0.1546480036951077
75,0.0783,0,2,0,16285,589325,145,107811,5.458936974322873,0.15464844736177732
76,0.08,49,4365,49,20650,584960,194,107762,5.418503834895699,0.15556312633350752
77,0.082,0,4,0,20654,584956,194,107762,5.418466782763348,0.1555640246103032
78,0.0823,0,1,0,20655,584955,194,107762,5.418457519730261,0.15556424918112302
79,0.0825,0,5,0,20660,584950,194,107762,5.418411204564823,0.15556537204494797
80,0.0833,0,23,0,20683,584927,194,107762,5.418198154803809,0.1555705374273303
81,0.084,0,6,0,20689,584921,194,107762,5.418142576605284,0.15557188497480087
82,0.085,0,57,0,20746,584864,194,107762,5.417614583719293,0.1555846878401908
83,0.086,1,6,1,20752,584858,195,107761,5.417559005520768,0.1555848164719709
84,0.0867,0,23,0,20775,584835,195,107761,5.417345955759754,0.15558998319366557
85,0.0875,0,7,0,20782,584828,195,107761,5.417281114528141,0.1555915557422945
86,0.0888,0,1,0,20783,584827,195,107761,5.4172718514950535,0.1555917803946935
87,0.0889,0,1,0,20784,584826,195,107761,5.417262588461966,0.1555920050477413
88,0.09,63,5062,63,25846,579764,258,107698,5.370373114972766,0.15666029540541876
89,0.0913,0,1,0,25847,579763,258,107698,5.370363851939679,0.1566605232878665
90,0.0917,0,6,0,25853,579757,258,107698,5.370308273741154,0.1566618905964754
91,0.092,0,5,0,25858,579752,258,107698,5.370261958575716,0.15666303003854826
92,0.0925,0,8,0,25866,579744,258,107698,5.370187854311015,0.15666485318034104
93,0.0929,0,2,0,25868,579742,258,107698,5.370169328244841,0.1566653089724194
94,0.0933,0,31,0,25899,579711,258,107698,5.369882174219127,0.15667237408878848
95,0.094,0,9,0,25908,579702,258,107698,5.369798806921338,0.15667442537096304
96,0.0942,0,2,0,25910,579700,258,107698,5.369780280855164,0.15667488121874082
97,0.095,0,63,0,25973,579637,258,107698,5.369196709770647,0.15668924178166396
98,0.0957,0,1,0,25974,579636,258,107698,5.36918744673756,0.15668946974833195
99,0.096,0,3,0,25977,579633,258,107698,5.369159657638297,0.15669015365231598
100,0.0967,0,26,0,26003,579607,258,107698,5.36891881877802,0.1566960810702672
101,0.0975,0,9,0,26012,579598,258,107698,5.368835451480233,0.15669813297327498
102,0.0977,0,1,0,26013,579597,258,107698,5.368826188447145,0.15669836096581527
103,0.098,0,2,0,26015,579595,258,107698,5.36880766238097,0.15669881695288618
104,0.0983,0,1,0,26016,579594,258,107698,5.368798399347883,0.15669904494741682
105,0.0992,0,1,0,26017,579593,258,107698,5.368789136314795,0.1566992729426109
106,0.1,99,5472,99,31489,574121,357,107599,5.318101819259699,0.15783459484832482
107,0.101,0,1,0,31490,574120,357,107599,5.318092556226611,0.15783482637274301
108,0.1014,0,1,0,31491,574119,357,107599,5.318083293193523,0.15783505789784047
109,0.1017,0,6,0,31497,574113,357,107599,5.318027714994998,0.15783644706268923
110,0.102,0,5,0,31502,574108,357,107599,5.31798139982956,0.1578376047187428
111,0.1025,0,8,0,31510,574100,357,107599,5.31790729556486,0.15783945700375093
112,0.1029,0,2,0,31512,574098,357,107599,5.317888769498684,0.15783992008179587
113,0.1033,0,24,0,31536,574074,357,107599,5.3176664567045835,0.15784547723028491
114,0.104,0,9,0,31545,574065,357,107599,5.317583089406796,0.15784756126185334
115,0.1043,0,1,0,31546,574064,357,107599,5.317573826373708,0.1578477928243135
116,0.105,0,81,0,31627,573983,357,107599,5.316823520693616,0.1578665516401548
117,0.106,0,3,0,31630,573980,357,107599,5.316795731594353,0.15786724649673772
118,0.1067,2,31,2,31661,573949,359,107597,5.316508577568639,0.1578719558180959
119,0.1075,0,10,0,31671,573939,359,107597,5.316415947237764,0.15787427223213446
120,0.1077,0,1,0,31672,573938,359,107597,5.316406684204676,0.15787450387727703
121,0.108,0,4,0,31676,573934,359,107597,5.316369632072326,0.15787543046464506
122,0.1083,0,2,0,31678,573932,359,107597,5.316351106006151,0.15787589376240777
123,0.109,0,1,0,31679,573931,359,107597,5.316341842973063,0.1578761254123088
124,0.1092,0,1,0,31680,573930,359,107597,5.316332579939975,0.15787635706288966
125,0.11,97,5960,97,37640,567970,456,107500,5.261124902738152,0.15914844478659304
126,0.1114,0,1,0,37641,567969,456,107500,5.261115639705065,0.15914868039836025
127,0.1115,0,1,0,37642,567968,456,107500,5.261106376671978,0.1591489160108251
128,0.1117,0,2,0,37644,567966,456,107500,5.2610878506058025,0.15914938723784766
129,0.112,0,4,0,37648,567962,456,107500,5.261050798473452,0.1591503297002644
130,0.1125,1,14,1,37662,567948,457,107499,5.260921116010226,0.1591523835326828
131,0.1129,0,2,0,37664,567946,457,107499,5.260902589944052,0.15915285478462346
132,0.1133,0,42,0,37706,567904,457,107499,5.260513542554374,0.15916275172008415
133,0.1138,0,1,0,37707,567903,457,107499,5.260504279521286,0.15916298737640694
134,0.114,0,9,0,37716,567894,457,107499,5.260420912223498,0.15916510831471453
135,0.115,0,84,0,37800,567810,457,107499,5.259642817444144,0.15918490646504044
136,0.116,0,8,0,37808,567802,457,107499,5.259568713179443,0.15918679226004404
137,0.1167,1,24,1,37832,567778,458,107498,5.2593464003853425,0.15919120478145232
138,0.117,0,1,0,37833,567777,458,107498,5.259337137352254,0.15919144052423087
139,0.1171,0,1,0,37834,567776,458,107498,5.259327874319167,0.15919167626770764
140,0.1175,0,20,0,37854,567756,458,107498,5.259142613657416,0.15919639128387245
141,0.118,0,3,0,37857,567753,458,107498,5.259114824558154,0.15919709856038716
142,0.1183,0,1,0,37858,567752,458,107498,5.2591055615250655,0.159197334320622
143,0.1192,0,1,0,37859,567751,458,107498,5.259096298491978,0.1591975700815551
144,0.12,101,6686,101,44545,561065,559,107397,5.197163659268591,0.16066283498538436
145,0.1205,0,1,0,44546,561064,559,107397,5.197154396235503,0.16066307533274193
146,0.1207,0,1,0,44547,561063,559,107397,5.197145133202416,0.1606633156808186
147,0.1217,0,5,0,44552,561058,559,107397,5.197098818036978,0.1606645174319887
148,0.122,0,4,0,44556,561054,559,107397,5.197061765904627,0.16066547884586904
149,0.1225,0,17,0,44573,561037,559,107397,5.196904294342139,0.16066956498322946
150,0.1233,0,36,0,44609,561001,559,107397,5.196570825150987,0.16067821866612408
151,0.124,0,8,0,44617,560993,559,107397,5.196496720886287,0.16068014183336077
152,0.1242,0,1,0,44618,560992,559,107397,5.196487457853199,0.16068038223250233
153,0.1243,0,3,0,44621,560989,559,107397,5.196459668753937,0.16068110343424308
154,0.125,2,102,2,44723,560887,561,107395,5.1955148393790065,0.16070311634908616
155,0.126,0,2,0,44725,560885,561,107395,5.195496313312831,0.1607035972945472
156,0.1267,1,35,1,44760,560850,562,107394,5.195172107154767,0.16071075834575393
157,0.1275,0,14,0,44774,560836,562,107394,5.195042424691541,0.1607141253759933
158,0.128,0,5,0,44779,560831,562,107394,5.1949961095261035,0.1607153279209847
159,0.1283,0,6,0,44785,560825,562,107394,5.194940531327578,0.16071677099872947
160,0.1287,0,1,0,44786,560824,562,107394,5.19493126829449,0.16071701151420645
161,0.1288,0,1,0,44787,560823,562,107394,5.194922005261403,0.1607172520304033
162,0.129,0,4,0,44791,560819,562,107394,5.194884953129052,0.1607182141023895
163,0.1292,0,2,0,44793,560817,562,107394,5.194866427062878,0.16071869514270193
164,0.13,134,6863,134,51656,553954,696,107260,5.131294230982993,0.16221677096976167
165,0.1308,0,3,0,51659,553951,696,107260,5.131266441883731,0.1622175069682749
166,0.1314,0,1,0,51660,553950,696,107260,5.1312571788506425,0.16221775230259675
167,0.1317,0,4,0,51664,553946,696,107260,5.131220126718293,0.16221873364730507
168,0.132,0,12,0,51676,553934,696,107260,5.131108970321242,0.16222167775267168
169,0.1325,0,10,0,51686,553924,696,107260,5.131016339990366,0.16222413125544477
170,0.1333,3,46,3,51732,553878,699,107257,5.130590240468339,0.162231616840736
171,0.134,0,8,0,51740,553870,699,107257,5.130516136203639,0.1622335799324487
172,0.1342,0,1,0,51741,553869,699,107257,5.1305068731705505,0.16223382532225325
173,0.1343,0,1,0,51742,553868,699,107257,5.130497610137463,0.16223407071280016
174,0.135,2,123,2,51865,553745,701,107255,5.129358257067694,0.16226172465960664
175,0.1353,0,1,0,51866,553744,701,107255,5.129348994034607,0.16226197013913787
176,0.136,0,5,0,51871,553739,701,107255,5.129302678869169,0.1622631975479354
177,0.1367,0,35,0,51906,553704,701,107255,5.128978472711105,0.16227178992948124
178,0.137,0,1,0,51907,553703,701,107255,5.128969209678017,0.16227203543946817
179,0.1375,1,18,1,51925,553685,702,107254,5.128802475082441,0.1622751872714426
180,0.138,0,4,0,51929,553681,702,107254,5.1287654229500905,0.16227616936612527
181,0.1383,0,4,0,51933,553677,702,107254,5.128728370817741,0.16227715147269534
182,0.139,0,1,0,51934,553676,702,107254,5.128719107784653,0.16227739700119528
183,0.1392,0,3,0,51937,553673,702,107254,5.12869131868539,0.16227813359115303
184,0.14,145,7418,145,59355,546255,847,107109,5.059978139241913,0.16393465204694474
185,0.1405,1,0,1,59355,546255,848,107108,5.059978139241913,0.16393337241319145
186,0.1407,0,1,0,59356,546254,848,107108,5.059968876208826,0.1639336233206094
187,0.141,0,1,0,59357,546253,848,107108,5.059959613175738,0.1639338742287954
188,0.1417,0,6,0,59363,546247,848,107108,5.059904034977213,0.16393537969404076
189,0.142,0,5,0,59368,546242,848,107108,5.059857719811776,0.16393663426953395
190,0.1425,1,25,1,59393,546217,849,107107,5.059626143984587,0.16394162773753912
191,0.1429,0,2,0,59395,546215,849,107107,5.059607617918411,0.16394212960837076
192,0.143,0,1,0,59396,546214,849,107107,5.059598354885324,0.16394238054493887
193,0.1433,0,57,0,59453,546157,849,107107,5.059070361999333,0.16395668519924564
194,0.1438,0,2,0,59455,546155,849,107107,5.0590518359331575,0.1639571871622718
195,0.144,0,11,0,59466,546144,849,107107,5.058949942569195,0.16395994801385685
196,0.1445,0,1,0,59467,546143,849,107107,5.058940679536107,0.16396019900497513
197,0.145,1,142,1,59609,546001,850,107106,5.057625328837674,0.1639945675057839
198,0.1458,0,2,0,59611,545999,850,107106,5.0576068027715,0.1639950697054838
199,0.146,0,13,0,59624,545986,850,107106,5.057486383341361,0.16399833407850656
200,0.1467,1,49,1,59673,545937,851,107105,5.0570324947200715,0.16400935927551366
201,0.147,0,1,0,59674,545936,851,107105,5.057023231686983,0.16400961042262277
202,0.1473,0,1,0,59675,545935,851,107105,5.057013968653896,0.16400986157050104
203,0.1475,0,22,0,59697,545913,851,107105,5.05681018192597,0.16401538701842827
204,0.148,0,7,0,59704,545906,851,107105,5.0567453406943565,0.16401714519357255
205,0.1483,0,3,0,59707,545903,851,107105,5.056717551595094,0.16401789870874475
206,0.15,157,7763,157,67470,538140,1008,106948,4.984808625736411,0.16578823354333053
207,0.1508,0,2,0,67472,538138,1008,106948,4.984790099670236,0.16578874754683873
208,0.1514,0,1,0,67473,538137,1008,106948,4.984780836637149,0.165789004549788
209,0.1517,0,3,0,67476,538134,1008,106948,4.984753047537886,0.16578977556341673
210,0.152,0,6,0,67482,538128,1008,106948,4.984697469339361,0.16579131761218832
211,0.1525,0,23,0,67505,538105,1008,106948,4.984484419578346,0.16579722906489855
212,0.1527,0,1,0,67506,538104,1008,106948,4.984475156545259,0.16579748609414435
213,0.1529,0,1,0,67507,538103,1008,106948,4.984465893512172,0.16579774312418707
214,0.153,0,1,0,67508,538102,1008,106948,4.984456630479084,0.16579800015502674
215,0.1533,1,62,1,67570,538040,1009,106947,4.983882322427656,0.16581264428585382
216,0.154,0,3,0,67573,538037,1009,106947,4.983854533328393,0.1658134155265867
217,0.1542,0,1,0,67574,538036,1009,106947,4.983845270295306,0.16581367260842533
218,0.1543,0,1,0,67575,538035,1009,106947,4.983836007262218,0.16581392969106115
219,0.155,2,156,2,67731,537879,1011,106945,4.98239097410056,0.16585145714179372
220,0.1558,0,1,0,67732,537878,1011,106945,4.982381711067472,0.16585171434641754
221,0.156,0,12,0,67744,537866,1011,106945,4.982270554670421,0.16585480086412918
222,0.1565,0,1,0,67745,537865,1011,106945,4.982261291637334,0.1658550580791241
223,0.1567,1,58,1,67803,537807,1012,106944,4.981724035718256,0.16586868418971046
224,0.1571,0,2,0,67805,537805,1012,106944,4.98170550965208,0.16586919871143654
225,0.1573,0,3,0,67808,537802,1012,106944,4.981677720552818,0.16586997050001084
226,0.1575,0,18,0,67826,537784,1012,106944,4.981510985957242,0.16587460138228835
227,0.158,0,8,0,67834,537776,1012,106944,4.981436881692542,0.16587665963519047
228,0.1583,0,2,0,67836,537774,1012,106944,4.981418355626366,0.16587717420639722
229,0.16,194,8136,194,75972,529638,1206,106750,4.906054318426025,0.16774357781730642
230,0.1607,0,1,0,75973,529637,1206,106750,4.906045055392938,0.16774384140467985
231,0.161,0,1,0,75974,529636,1206,106750,4.90603579235985,0.16774410499288167
232,0.1617,1,8,1,75982,529628,1207,106749,4.90596168809515,0.16774490592840408
233,0.162,0,9,0,75991,529619,1207,106749,4.9058783207973615,0.16774727830437733
234,0.1623,0,1,0,75992,529618,1207,106749,4.905869057764274,0.16774754190584992
235,0.1625,3,26,3,76018,529592,1210,106746,4.905628218903998,0.16775047223330997
236,0.1632,0,1,0,76019,529591,1210,106746,4.90561895587091,0.16775073585222924
237,0.1633,2,60,2,76079,529531,1212,106744,4.905063173885657,0.16776393854858354
238,0.164,0,12,0,76091,529519,1212,106744,4.904952017488607,0.16776710259751076
239,0.1642,0,1,0,76092,529518,1212,106744,4.904942754455519,0.167767366273642
240,0.165,3,141,3,76233,529377,1215,106741,4.903636666790174,0.16780062818533667
241,0.1657,0,2,0,76235,529375,1215,106741,4.9036181407239985,0.16780115576404303
242,0.166,0,15,0,76250,529360,1215,106741,4.9034791952276855,0.1678051127100885
243,0.1663,0,1,0,76251,529359,1215,106741,4.903469932194597,0.16780537651312688
244,0.1667,2,67,2,76318,529292,1217,106739,4.902849308977732,0.1678204364252686
245,0.1675,1,24,1,76342,529268,1218,106738,4.90262699618363,0.1678254607660934
246,0.168,0,5,0,76347,529263,1218,106738,4.902580681018192,0.1678267801465721
247,0.1683,0,6,0,76353,529257,1218,106738,4.902525102819667,0.16782836343053012
248,0.1685,0,1,0,76354,529256,1218,106738,4.90251583978658,0.16782862731409415
249,0.1692,0,3,0,76357,529253,1218,106738,4.902488050687317,0.1678294189697653
250,0.17,208,8545,208,84902,520708,1426,106530,4.823335432954167,0.16983983750984474
251,0.1703,0,1,0,84903,520707,1426,106530,4.823326169921079,0.1698401082844284
252,0.1705,0,1,0,84904,520706,1426,106530,4.8233169068879915,0.1698403790598754
253,0.1708,0,1,0,84905,520705,1426,106530,4.823307643854904,0.1698406498361858
254,0.1717,0,5,0,84910,520700,1426,106530,4.823261328689466,0.1698420037306889
255,0.172,0,6,0,84916,520694,1426,106530,4.823205750490941,0.1698436284325855
256,0.1725,1,23,1,84939,520671,1427,106529,4.822992700729927,0.16984853316326531
257,0.1729,0,5,0,84944,520666,1427,106529,4.82294638556449,0.16984988719616706
258,0.173,0,1,0,84945,520665,1427,106529,4.8229371225314015,0.16985015800533806
259,0.1732,0,1,0,84946,520664,1427,106529,4.822927859498314,0.16985042881537263
260,0.1733,2,85,2,85031,520579,1429,106527,4.822140501685872,0.16987080334106197
261,0.174,0,10,0,85041,520569,1429,106527,4.822047871354997,0.1698735121895212
262,0.175,1,184,1,85225,520385,1430,106526,4.820343473266886,0.16992204635107694
263,0.1757,0,2,0,85227,520383,1430,106526,4.820324947200711,0.16992258844585098
264,0.1758,0,2,0,85229,520381,1430,106526,4.820306421134537,0.1699231305440839
265,0.176,0,17,0,85246,520364,1430,106526,4.820148949572048,0.1699277385187194
266,0.1765,0,1,0,85247,520363,1430,106526,4.82013968653896,0.16992800958383383
267,0.1767,1,72,1,85319,520291,1431,106525,4.819472748156657,0.16994620430876048
268,0.1775,1,31,1,85350,520260,1432,106524,4.819185594130942,0.16995328534231888
269,0.178,0,15,0,85365,520245,1432,106524,4.819046648634629,0.16995735270889276
270,0.1783,0,8,0,85373,520237,1432,106524,4.818972544369928,0.16995952205067003
271,0.1785,0,1,0,85374,520236,1432,106524,4.818963281336841,0.16995979322228605
272,0.179,0,1,0,85375,520235,1432,106524,4.818954018303754,0.16996006439476738
273,0.1792,0,1,0,85376,520234,1432,106524,4.818944755270666,0.16996033556811402
274,0.18,242,8717,242,94093,511517,1674,106282,4.738198895846456,0.17203329885610044
275,0.1805,0,1,0,94094,511516,1674,106282,4.738189632813368,0.17203357731815253
276,0.1807,0,1,0,94095,511515,1674,106282,4.738180369780281,0.17203385578110608
277,0.1808,0,3,0,94098,511512,1674,106282,4.738152580681018,0.17203469117537562
278,0.181,0,1,0,94099,511511,1674,106282,4.738143317647931,0.17203496964193507
279,0.1817,0,5,0,94104,511506,1674,106282,4.738097002482493,0.17203636198825487
280,0.182,0,16,0,94120,511490,1674,106282,4.737948793953092,0.17204081764793483
281,0.1825,1,36,1,94156,511454,1675,106281,4.73761532476194,0.17204950342784528
282,0.1827,0,1,0,94157,511453,1675,106281,4.737606061728853,0.17204978194497955
283,0.1829,1,3,1,94160,511450,1676,106280,4.73757827262959,0.17204927719230084
284,0.1833,4,55,4,94215,511395,1680,106276,4.737068805809774,0.17205923541820808
285,0.1838,0,1,0,94216,511394,1680,106276,4.737059542776687,0.17205951397995695
286,0.184,0,14,0,94230,511380,1680,106276,4.736929860313461,0.1720634139391506
287,0.1844,0,1,0,94231,511379,1680,106276,4.736920597280373,0.17206369251442957
288,0.1847,0,1,0,94232,511378,1680,106276,4.736911334247286,0.1720639710906106
289,0.185,6,168,6,94400,511210,1686,106270,4.735355144688577,0.1721027401697221
290,0.1858,0,1,0,94401,511209,1686,106270,4.73534588165549,0.17210301888809174
291,0.186,0,21,0,94422,511188,1686,106270,4.735151357960651,0.17210887218239945
292,0.1867,3,60,3,94482,511128,1689,106267,4.734595575975398,0.1721215753285984
293,0.1871,0,1,0,94483,511127,1689,106267,4.73458631294231,0.17212185411584824
294,0.1873,0,1,0,94484,511126,1689,106267,4.734577049909222,0.1721221329040012
295,0.1875,1,36,1,94520,511090,1690,106266,4.73424358071807,0.172130828889652
296,0.188,0,10,0,94530,511080,1690,106266,4.734150950387194,0.1721336171288062
297,0.1883,0,9,0,94539,511071,1690,106266,4.734067583089407,0.17213612662127817
298,0.189,0,2,0,94541,511069,1690,106266,4.734049057023232,0.1721366842962087
299,0.19,240,9103,240,103644,501966,1930,106026,4.649727666827226,0.1743871629889867
300,0.1904,0,1,0,103645,501965,1930,106026,4.649718403794139,0.17438744981422422
301,0.1905,0,1,0,103646,501964,1930,106026,4.6497091407610505,0.17438773664040527
302,0.1908,0,2,0,103648,501962,1930,106026,4.649690614694876,0.17438831029559793
303,0.1915,0,1,0,103649,501961,1930,106026,4.649681351661788,0.17438859712460958
304,0.1917,1,8,1,103657,501953,1931,106025,4.649607247397087,0.1743895338318163
305,0.192,0,5,0,103662,501948,1931,106025,4.64956093223165,0.1743909680199614
306,0.1924,0,2,0,103664,501946,1931,106025,4.649542406165475,0.17439154170182458
307,0.1925,0,32,0,103696,501914,1931,106025,4.6492459891066735,0.17440072112498128
308,0.1929,0,1,0,103697,501913,1931,106025,4.649236726073585,0.17440100799752606
309,0.193,0,2,0,103699,501911,1931,106025,4.64921820000741,0.1744015817454469
310,0.1933,1,82,1,103781,501829,1932,106024,4.648458631294231,0.17442375047914546
311,0.1935,0,2,0,103783,501827,1932,106024,4.6484401052280555,0.17442432438212654
312,0.1938,0,1,0,103784,501826,1932,106024,4.648430842194968,0.1744246113350333
313,0.194,0,10,0,103794,501816,1932,106024,4.648338211864092,0.17442748091603053
314,0.1942,0,1,0,103795,501815,1932,106024,4.648328948831005,0.17442776787932332
315,0.1943,0,2,0,103797,501813,1932,106024,4.64831042276483,0.17442834180874148
316,0.195,3,172,3,103969,501641,1935,106021,4.646717181073771,0.17447363830550536
317,0.1956,0,1,0,103970,501640,1935,106021,4.646707918040684,0.1744739254288164
318,0.1957,0,3,0,103973,501637,1935,106021,4.646680128941421,0.17447478680441958
319,0.1958,0,2,0,103975,501635,1935,106021,4.646661602875246,0.17447536105954684
320,0.196,0,12,0,103987,501623,1935,106021,4.646550446478195,0.17447880666969476
321,0.1965,0,1,0,103988,501622,1935,106021,4.646541183445107,0.17447909381001675
322,0.1967,2,75,2,104063,501547,1937,106019,4.64584645596354,0.17449791462985093
323,0.1973,0,1,0,104064,501546,1937,106019,4.645837192930453,0.1744982018384864
324,0.1975,0,23,0,104087,501523,1937,106019,4.64562414316944,0.17450480789805478
325,0.198,1,7,1,104094,501516,1938,106018,4.645559301937826,0.1745054597767368
326,0.1982,0,1,0,104095,501515,1938,106018,4.645550038904739,0.17450574701291946
327,0.1983,0,7,0,104102,501508,1938,106018,4.645485197673126,0.17450775769267488
328,0.1986,0,2,0,104104,501506,1938,106018,4.645466671606951,0.17450833218111547
329,0.199,0,4,0,104108,501502,1938,106018,4.6454296194746005,0.17450948116934423
330,0.1993,0,3,0,104111,501499,1938,106018,4.645401830375338,0.174510342920445
331,0.1995,0,1,0,104112,501498,1938,106018,4.645392567342251,0.17451063017270327
332,0.2,297,9331,297,113443,492167,2235,105721,4.5589592056022825,0.17682408745450653
333,0.201,0,2,0,113445,492165,2235,105721,4.558940679536107,0.17682467895217482
334,0.2014,0,1,0,113446,492164,2235,105721,4.55893141650302,0.17682497470249295
335,0.2017,2,7,2,113453,492157,2237,105719,4.558866575271407,0.1768242913246225
336,0.2018,0,1,0,113454,492156,2237,105719,4.558857312238319,0.17682458707923898
337,0.202,0,8,0,113462,492148,2237,105719,4.558783207973619,0.17682695315178795
338,0.2025,0,25,0,113487,492123,2237,105719,4.55855163214643,0.17683434753664012
339,0.2027,0,1,0,113488,492122,2237,105719,4.558542369113343,0.17683464332489743
340,0.2029,0,3,0,113491,492119,2237,105719,4.55851458001408,0.1768355306956065
341,0.2033,1,92,1,113583,492027,2238,105718,4.557662380970025,0.1768613706513647
342,0.2037,0,1,0,113584,492026,2238,105718,4.557653117936937,0.17686166653283011
343,0.204,1,10,1,113594,492016,2239,105717,4.557560487606062,0.17686324830651812
344,0.2042,0,3,0,113597,492013,2239,105717,4.557532698506799,0.1768641359811286
345,0.2043,0,3,0,113600,492010,2239,105717,4.557504909407537,0.17686502366464957
346,0.2044,0,1,0,113601,492009,2239,105717,4.5574956463744485,0.1768653195611367
347,0.2047,0,2,0,113603,492007,2239,105717,4.557477120308274,0.17686591135708118
348,0.205,3,238,3,113841,491769,2242,105714,4.555272518433436,0.1769322307078193
349,0.2057,0,1,0,113842,491768,2242,105714,4.555263255400348,0.17693252683762858
350,0.2058,0,1,0,113843,491767,2242,105714,4.555253992367261,0.17693282296842913
351,0.206,0,22,0,113865,491745,2242,105714,4.5550502056393345,0.17693933809684012
352,0.2067,4,85,4,113950,491660,2246,105710,4.554262847826893,0.1769590036325895
353,0.207,0,1,0,113951,491659,2246,105710,4.554253584793805,0.1769592998632336
354,0.2073,0,1,0,113952,491658,2246,105710,4.554244321760717,0.1769595960948695
355,0.2075,2,25,2,113977,491633,2248,105708,4.5540127459335284,0.17696424655263912
356,0.208,0,8,0,113985,491625,2248,105708,4.553938641668828,0.17696661661083515
357,0.2083,1,10,1,113995,491615,2249,105707,4.553846011337953,0.17696820140560704
358,0.2086,0,1,0,113996,491614,2249,105707,4.553836748304865,0.17696849767545422
359,0.209,0,4,0,114000,491610,2249,105707,4.553799696172515,0.1769696827647631
360,0.2092,0,2,0,114002,491608,2249,105707,4.5537811701063395,0.1769702753153696
361,0.2093,0,1,0,114003,491607,2249,105707,4.553771907073252,0.1769705715921609
362,0.21,295,9518,295,123521,482089,2544,105412,4.465606358145911,0.17942437544787157
363,0.211,0,1,0,123522,482088,2544,105412,4.465597095112824,0.17942468085106383
364,0.2114,0,1,0,123523,482087,2544,105412,4.465587832079736,0.17942498625529577
365,0.2117,0,8,0,123531,482079,2544,105412,4.465513727815035,0.17942742952657997
366,0.212,0,16,0,123547,482063,2544,105412,4.465365519285635,0.1794323162687774
367,0.2122,0,1,0,123548,482062,2544,105412,4.465356256252547,0.17943262169900284
368,0.2125,0,40,0,123588,482022,2544,105412,4.464985734929045,0.17944483976072206
369,0.2129,0,2,0,123590,482020,2544,105412,4.46496720886287,0.17944545070748613
370,0.213,0,2,0,123592,482018,2544,105412,4.464948682796695,0.17944606165841037
371,0.2133,5,93,5,123685,481925,2549,105407,4.464087220719552,0.17946749027807102
372,0.214,0,11,0,123696,481914,2549,105407,4.463985327355589,0.1794708515445557
373,0.2142,0,1,0,123697,481913,2549,105407,4.463976064322502,0.17947115712047948
374,0.2143,0,4,0,123701,481909,2549,105407,4.463939012190152,0.17947237943458036
375,0.2145,0,1,0,123702,481908,2549,105407,4.463929749157064,0.17947268501570707
376,0.215,7,233,7,123935,481675,2556,105400,4.461771462447664,0.17953413107354257
377,0.2157,0,1,0,123936,481674,2556,105400,4.461762199414577,0.17953443688529896
378,0.216,0,33,0,123969,481641,2556,105400,4.461456519322687,0.17954452925775202
379,0.2162,0,1,0,123970,481640,2556,105400,4.461447256289599,0.17954483510493321
380,0.2167,0,84,0,124054,481556,2556,105400,4.4606691615102445,0.17957052998861925
381,0.2168,0,1,0,124055,481555,2556,105400,4.460659898477157,0.17957083592438944
382,0.2173,0,1,0,124056,481554,2556,105400,4.46065063544407,0.17957114186120207
383,0.2175,2,25,2,124081,481529,2558,105398,4.460419059616881,0.1795759949704137
384,0.218,0,8,0,124089,481521,2558,105398,4.460344955352181,0.1795784426811877
385,0.2183,0,4,0,124093,481517,2558,105398,4.460307903219831,0.17957966656159752
386,0.2186,0,2,0,124095,481515,2558,105398,4.460289377153655,0.17958027850805827
387,0.2188,0,1,0,124096,481514,2558,105398,4.460280114120567,0.17958058448285263
388,0.2192,0,1,0,124097,481513,2558,105398,4.46027085108748,0.17958089045868963
389,0.22,364,9732,364,133829,471781,2922,105034,4.370123013079403,0.18209304543051064
390,0.2212,0,1,0,133830,471780,2922,105034,4.370113750046315,0.18209336111814206
391,0.2213,0,1,0,133831,471779,2922,105034,4.3701044870132275,0.18209367680686808
392,0.2217,0,9,0,133840,471770,2922,105034,4.37002111971544,0.18209651805465982
393,0.222,0,11,0,133851,471759,2922,105034,4.369919226351477,0.18209999081126158
394,0.2225,1,41,1,133892,471718,2923,105033,4.3695394419948865,0.18211151779537443
395,0.2227,0,1,0,133893,471717,2923,105033,4.369530178961799,0.18211183355006502
396,0.2229,1,2,1,133895,471715,2924,105032,4.369511652895624,0.1821110469581983
397,0.223,0,1,0,133896,471714,2924,105032,4.369502389862537,0.18211136271426243
398,0.2233,2,112,2,134008,471602,2926,105030,4.368464930156731,0.18214389766783667
399,0.224,1,16,1,134024,471586,2927,105029,4.3683167216273295,0.18214753344952872
400,0.2242,0,1,0,134025,471585,2927,105029,4.368307458594242,0.1821478493411537
401,0.2243,0,1,0,134026,471584,2927,105029,4.368298195561154,0.18214816523387437
402,0.225,5,222,5,134248,471362,2932,105024,4.3662418022157174,0.18221122650446056
403,0.2253,0,1,0,134249,471361,2932,105024,4.36623253918263,0.18221154263209488
404,0.2255,0,1,0,134250,471360,2932,105024,4.366223276149542,0.18221185876082613
405,0.2257,0,2,0,134252,471358,2932,105024,4.366204750083368,0.18221249102157944
406,0.226,1,16,1,134268,471342,2933,105023,4.3660565415539665,0.18221613040347695
407,0.2267,5,92,5,134360,471250,2938,105018,4.365204342509911,0.18223812531669292
408,0.227,0,2,0,134362,471248,2938,105018,4.365185816443736,0.18223875779587898
409,0.2271,0,1,0,134363,471247,2938,105018,4.365176553410649,0.18223907403711834
410,0.2273,0,2,0,134365,471245,2938,105018,4.3651580273444734,0.18223970652288973
411,0.2275,3,39,3,134404,471206,2941,105015,4.364796769054059,0.18224778340254869
412,0.228,0,8,0,134412,471198,2941,105015,4.364722664789358,0.18225031368608482
413,0.2283,0,11,0,134423,471187,2941,105015,4.364620771425396,0.18225379294067012
414,0.229,0,1,0,134424,471186,2941,105015,4.364611508392308,0.1822541092431287
415,0.2292,0,1,0,134425,471185,2941,105015,4.364602245359221,0.18225442554668517
416,0.2295,0,1,0,134426,471184,2941,105015,4.3645929823261325,0.18225474185133955
417,0.23,366,10006,366,144432,461178,3307,104649,4.271907073252065,0.18494875642201591
418,0.2303,0,1,0,144433,461177,3307,104649,4.271897810218978,0.18494908328708826
419,0.2307,0,1,0,144434,461176,3307,104649,4.271888547185891,0.18494941015331595
420,0.231,0,3,0,144437,461173,3307,104649,4.2718607580866275,0.18495039075893124
421,0.2313,0,1,0,144438,461172,3307,104649,4.27185149505354,0.18495071762978044
422,0.2317,0,7,0,144445,461165,3307,104649,4.271786653821928,0.18495300575807597
423,0.232,0,5,0,144450,461160,3307,104649,4.27174033865649,0.18495464017009272
424,0.2321,0,2,0,144452,461158,3307,104649,4.2717218125903145,0.18495529394298763
425,0.2325,1,35,1,144487,461123,3308,104648,4.2713976064322505,0.18496529514591592
426,0.2327,0,2,0,144489,461121,3308,104648,4.271379080366075,0.1849659490003871
427,0.2329,0,4,0,144493,461117,3308,104648,4.271342028233724,0.1849672567231978
428,0.2333,4,100,4,144593,461017,3312,104644,4.27041572492497,0.18499419263481132
429,0.2338,0,3,0,144596,461014,3312,104644,4.270387935825707,0.18499517376223795
430,0.234,0,17,0,144613,460997,3312,104644,4.270230464263219,0.1850007336809036
431,0.2343,0,4,0,144617,460993,3312,104644,4.270193412130868,0.18500204194562944
432,0.2347,0,1,0,144618,460992,3312,104644,4.270184149097781,0.18500236901470204
433,0.235,7,260,7,144878,460732,3319,104637,4.267775760495017,0.18507735655828317
434,0.2354,0,1,0,144879,460731,3319,104637,4.267766497461929,0.18507768391560894
435,0.2355,0,1,0,144880,460730,3319,104637,4.267757234428841,0.18507801127409276
436,0.2357,0,6,0,144886,460724,3319,104637,4.267701656230316,0.18507997544931468
437,0.236,2,16,2,144902,460708,3321,104635,4.267553447700915,0.18508233054977244
438,0.2365,0,1,0,144903,460707,3321,104635,4.267544184667828,0.18508265793095152
439,0.2367,4,109,4,145012,460598,3325,104631,4.266534514061284,0.1851125826877248
440,0.237,0,1,0,145013,460597,3325,104631,4.266525251028197,0.18511291018845494
441,0.2371,0,1,0,145014,460596,3325,104631,4.266515987995109,0.18511323769034388
442,0.2373,0,1,0,145015,460595,3325,104631,4.266506724962022,0.18511356519339167
443,0.2375,2,37,2,145052,460558,3327,104629,4.266163992737782,0.18512280006440346
444,0.2376,0,1,0,145053,460557,3327,104629,4.266154729704694,0.18512312760754868
445,0.2378,0,2,0,145055,460555,3327,104629,4.26613620363852,0.18512378269731627
446,0.238,0,5,0,145060,460550,3327,104629,4.266089888473082,0.18512542044201927
447,0.2383,0,14,0,145074,460536,3327,104629,4.265960206009856,0.18513000628135146
448,0.2386,0,1,0,145075,460535,3327,104629,4.265950942976768,0.18513033384999752
449,0.2392,0,1,0,145076,460534,3327,104629,4.265941679943681,0.18513066141980278
450,0.2393,0,2,0,145078,460532,3327,104629,4.265923153877505,0.18513131656289092
451,0.2395,0,1,0,145079,460531,3327,104629,4.265913890844418,0.18513164413617383
452,0.24,422,10013,422,155092,450518,3749,104207,4.173163140538738,0.18785344089413675
453,0.2406,0,1,0,155093,450517,3749,104207,4.1731538775056505,0.1878537795372113
454,0.241,0,2,0,155095,450515,3749,104207,4.173135351439475,0.18785445682702326
455,0.2417,1,13,1,155108,450502,3750,104206,4.1730149320093375,0.18785739524218148
456,0.242,0,17,0,155125,450485,3750,104206,4.172857460446849,0.18786315263813547
457,0.2424,0,1,0,155126,450484,3750,104206,4.172848197413761,0.18786349131947574
458,0.2425,1,35,1,155161,450449,3751,104205,4.172523991255697,0.18787388173528002
459,0.2427,0,3,0,155164,450446,3751,104205,4.1724962021564345,0.18787489790877507
460,0.2429,0,2,0,155166,450444,3751,104205,4.172477676090259,0.18787557536387878
461,0.2433,4,114,4,155280,450330,3755,104201,4.171421690318278,0.18790834056166383
462,0.2436,0,1,0,155281,450329,3755,104201,4.1714124272851905,0.1879086794222134
463,0.2438,0,1,0,155282,450328,3755,104201,4.171403164252102,0.18790901828398515
464,0.244,0,17,0,155299,450311,3755,104201,4.171245692689614,0.18791477912110108
465,0.2442,0,1,0,155300,450310,3755,104201,4.171236429656527,0.18791511800487276
466,0.2443,0,1,0,155301,450309,3755,104201,4.1712271666234395,0.18791545688986672
467,0.245,8,248,8,155549,450061,3763,104193,4.168929934417726,0.18798781785968166
468,0.2456,0,1,0,155550,450060,3763,104193,4.1689206713846385,0.18798815703297952
469,0.2457,0,6,0,155556,450054,3763,104193,4.168865093186112,0.18799019209846873
470,0.2458,1,3,1,155559,450051,3764,104192,4.16883730408685,0.1879897445705223
471,0.246,1,22,1,155581,450029,3765,104191,4.168633517358924,0.18799574176319872
472,0.2461,0,1,0,155582,450028,3765,104191,4.168624254325836,0.18799608097160148
473,0.2467,3,93,3,155675,449935,3768,104188,4.167762792248694,0.18802323671820156
474,0.2468,0,1,0,155676,449934,3768,104188,4.167753529215607,0.18802357603560227
475,0.247,0,3,0,155679,449931,3768,104188,4.167725740116344,0.18802459399515267
476,0.2471,0,1,0,155680,449930,3768,104188,4.167716477083256,0.18802493331745224
477,0.2473,1,0,1,155680,449930,3769,104187,4.167716477083256,0.18802346796795621
478,0.2475,1,45,1,155725,449885,3770,104186,4.167299640594316,0.18803727320144892
479,0.2479,1,0,1,155725,449885,3771,104185,4.167299640594316,0.1880358077499233
480,0.248,0,10,0,155735,449875,3771,104185,4.167207010263441,0.18803920153052017
481,0.2483,1,14,1,155749,449861,3772,104184,4.167077327800215,0.1880424875235766
482,0.2486,0,5,0,155754,449856,3772,104184,4.167031012634777,0.1880441845354126
483,0.2492,0,1,0,155755,449855,3772,104184,4.167021749601689,0.18804452394145538
484,0.2493,0,1,0,155756,449854,3772,104184,4.167012486568602,0.18804486334872336
485,0.25,414,10109,414,165865,439745,4186,103770,4.073372485086517,0.19092389354479636
486,0.2505,0,1,0,165866,439744,4186,103770,4.0733632220534295,0.19092424482166054
487,0.2508,0,2,0,165868,439742,4186,103770,4.073344695987254,0.19092494737926669
488,0.251,0,1,0,165869,439741,4186,103770,4.073335432954167,0.1909252986600087
489,0.2513,0,1,0,165870,439740,4186,103770,4.073326169921079,0.1909256499420434
490,0.2515,0,1,0,165871,439739,4186,103770,4.0733169068879915,0.1909260012253707
491,0.2517,0,14,0,165885,439725,4186,103770,4.073187224424766,0.19093091932768472
492,0.252,1,9,1,165894,439716,4187,103769,4.073103857126978,0.19093259243585378
493,0.2525,2,32,2,165926,439684,4189,103767,4.072807440068176,0.1909408575934169
494,0.2527,0,1,0,165927,439683,4189,103767,4.0727981770350885,0.19094120894286504
495,0.253,0,1,0,165928,439682,4189,103767,4.072788914002,0.1909415602936062
496,0.2533,2,112,2,166040,439570,4191,103765,4.071751454296194,0.19097794178545466
497,0.254,0,24,0,166064,439546,4191,103765,4.0715291415020936,0.19098637796768334
498,0.2542,0,5,0,166069,439541,4191,103765,4.071482826336656,0.1909881355994596
499,0.2544,0,2,0,166071,439539,4191,103765,4.07146430027048,0.19098883866122834
500,0.2545,0,1,0,166072,439538,4191,103765,4.071455037237393,0.19098919019405378
501,0.2547,0,1,0,166073,439537,4191,103765,4.071445774204306,0.19098954172817328
502,0.255,14,285,14,166358,439252,4205,103751,4.068805809774353,0.19106892595436858
503,0.2556,0,1,0,166359,439251,4205,103751,4.068796546741265,0.19106927782954758
504,0.256,1,19,1,166378,439232,4206,103750,4.068620549112602,0.19107447392362914
505,0.2562,0,1,0,166379,439231,4206,103750,4.068611286079514,0.1910748258226347
506,0.2563,0,1,0,166380,439230,4206,103750,4.068602023046426,0.1910751777229364
507,0.2567,3,123,3,166503,439107,4209,103747,4.067462669976657,0.19111400118632266
508,0.257,0,1,0,166504,439106,4209,103747,4.06745340694357,0.19111435324111684
509,0.2575,0,37,0,166541,439069,4209,103747,4.06711067471933,0.19112738018039263
510,0.2576,0,1,0,166542,439068,4209,103747,4.0671014116862425,0.19112773228448
511,0.258,0,12,0,166554,439056,4209,103747,4.066990255289192,0.191131957634722
512,0.2583,1,23,1,166577,439033,4210,103746,4.066777205528179,0.19113856652523403
513,0.259,1,0,1,166577,439033,4211,103745,4.066777205528179,0.19113707630007112
514,0.2592,0,1,0,166578,439032,4211,103745,4.06676794249509,0.1911374284466733
515,0.26,492,10397,492,176975,428635,4703,103253,3.9704601874837895,0.19412545498300393
516,0.2602,0,2,0,176977,428633,4703,103253,3.9704416614176146,0.19412618493436565
517,0.2615,0,1,0,176978,428632,4703,103253,3.970432398384527,0.19412654991210507
518,0.2617,0,12,0,176990,428620,4703,103253,3.9703212419874765,0.19413092975202728
519,0.262,0,11,0,177001,428609,4703,103253,3.9702193486235133,0.1941349447789088
520,0.2621,0,2,0,177003,428607,4703,103253,3.970200822557338,0.19413567480163954
521,0.2625,0,43,0,177046,428564,4703,103253,3.9698025121345735,0.19415137161843266
522,0.2627,0,1,0,177047,428563,4703,103253,3.969793249101486,0.19415173669088556
523,0.2629,1,3,1,177050,428560,4704,103252,3.969765460002223,0.19415131663068905
524,0.2633,2,118,2,177168,428442,4706,103250,3.968672422097892,0.1941913739533414
525,0.2638,0,2,0,177170,428440,4706,103250,3.9686538960317166,0.19419210442174953
526,0.264,0,18,0,177188,428422,4706,103250,3.9684871614361406,0.19419867888472592
527,0.2642,0,1,0,177189,428421,4706,103250,3.9684778984030533,0.1941990441457217
528,0.2643,0,4,0,177193,428417,4706,103250,3.968440846270703,0.194200505203445
529,0.2645,0,1,0,177194,428416,4706,103250,3.9684315832376154,0.19420087047131093
530,0.265,13,264,13,177458,428152,4719,103237,3.965986142502501,0.19427763841554868
531,0.2656,0,1,0,177459,428151,4719,103237,3.9659768794694137,0.19427800401966172
532,0.2657,0,1,0,177460,428150,4719,103237,3.965967616436326,0.19427836962515077
533,0.2658,0,4,0,177464,428146,4719,103237,3.9659305643039757,0.19427983206086757
534,0.266,1,14,1,177478,428132,4720,103236,3.96580088184075,0.19428343445597024
535,0.2665,0,2,0,177480,428130,4720,103236,3.9657823557745746,0.19428416571628596
536,0.2667,2,103,2,177583,428027,4722,103234,3.964828263366557,0.19431879998720025
537,0.267,0,1,0,177584,428026,4722,103234,3.964819000333469,0.19431916575687988
538,0.2671,0,2,0,177586,428024,4722,103234,3.964800474267294,0.19431989730037005
539,0.2673,0,1,0,177587,428023,4722,103234,3.9647912112342065,0.19432026307418068
540,0.2675,1,27,1,177614,427996,4723,103233,3.9645411093408427,0.1943286228726218
541,0.2676,0,2,0,177616,427994,4723,103233,3.9645225832746673,0.19432935449440636
542,0.268,1,13,1,177629,427981,4724,103232,3.9644021638445293,0.19433259351710142
543,0.2683,1,14,1,177643,427967,4725,103231,3.9642724813813035,0.19433619855496445
544,0.2686,0,1,0,177644,427966,4725,103231,3.964263218348216,0.19433656440077787
545,0.269,0,4,0,177648,427962,4725,103231,3.9642261662158655,0.19433802779780607
546,0.2692,0,1,0,177649,427961,4725,103231,3.9642169031827783,0.19433839365050679
547,0.2693,0,1,0,177650,427960,4725,103231,3.9642076401496906,0.19433875950458498
548,0.2698,0,1,0,177651,427959,4725,103231,3.964198377116603,0.19433912536004067
549,0.27,503,10486,503,188137,417473,5228,102728,3.86706621216051,0.19747751349958959
550,0.271,0,3,0,188140,417470,5228,102728,3.8670384230612473,0.19747865235929396
551,0.2714,0,2,0,188142,417468,5228,102728,3.867019896995072,0.1974794116063945
552,0.2717,0,11,0,188153,417457,5228,102728,3.866918003631109,0.19748358756980688
553,0.272,0,9,0,188162,417448,5228,102728,3.866834636333321,0.19748700439851127
554,0.2725,1,49,1,188211,417399,5229,102727,3.866380747712031,0.19750406632239112
555,0.2729,0,2,0,188213,417397,5229,102727,3.8663622216458555,0.19750482577231585
556,0.273,0,1,0,188214,417396,5229,102727,3.8663529586127683,0.1975052054994684
557,0.2733,5,132,5,188346,417264,5234,102722,3.865130238245211,0.19754762628224606
558,0.274,2,21,2,188367,417243,5236,102720,3.864935714550372,0.19755251815994598
559,0.2743,0,3,0,188370,417240,5236,102720,3.8649079254511096,0.1975536579736903
560,0.275,9,300,9,188670,416940,5245,102711,3.8621290155248436,0.19765380996091608
561,0.2755,0,1,0,188671,416939,5245,102711,3.862119752491756,0.19765419032040796
562,0.2757,0,2,0,188673,416937,5245,102711,3.862101226425581,0.19765495104378347
563,0.2758,0,1,0,188674,416936,5245,102711,3.8620919633924933,0.19765533140766714
564,0.276,1,18,1,188692,416918,5246,102710,3.8619252287969172,0.19766063414596596
565,0.2767,3,112,3,188804,416806,5249,102707,3.860887769091111,0.19769861389416626
566,0.2771,0,3,0,188807,416803,5249,102707,3.8608599799918486,0.19769975553887317
567,0.2773,0,1,0,188808,416802,5249,102707,3.860850716958761,0.19770013609003886
568,0.2775,1,37,1,188845,416765,5250,102706,3.8605079847345216,0.19771267308473428
569,0.278,0,14,0,188859,416751,5250,102706,3.860378302271296,0.19771800168252618
570,0.2783,0,13,0,188872,416738,5250,102706,3.8602578828411573,0.1977229499233796
571,0.2786,0,1,0,188873,416737,5250,102706,3.86024861980807,0.19772333056755023
572,0.2788,0,2,0,188875,416735,5250,102706,3.8602300937418947,0.19772409186028828
573,0.279,0,2,0,188877,416733,5250,102706,3.86021156767572,0.1977248531588887
574,0.2792,0,3,0,188880,416730,5250,102706,3.8601837785764572,0.1977259951177816
575,0.2797,0,1,0,188881,416729,5250,102706,3.8601745155433695,0.19772637577367716
576,0.28,524,10574,524,199455,406155,5774,102182,3.7622272036755717,0.20101232056686805
577,0.2807,0,2,0,199457,406153,5774,102182,3.7622086776093964,0.20101311143242154
578,0.281,0,1,0,199458,406152,5774,102182,3.7621994145763087,0.20101350686753197
579,0.2811,0,1,0,199459,406151,5774,102182,3.7621901515432215,0.20101390230419824
580,0.2817,2,12,2,199471,406139,5776,102180,3.7620789951461706,0.20101550404372057
581,0.282,0,14,0,199485,406125,5776,102180,3.761949312682945,0.20102104051701242
582,0.2825,1,54,1,199539,406071,5777,102179,3.761449108896217,0.20104082636497786
583,0.2829,0,2,0,199541,406069,5777,102179,3.761430582830042,0.20104161747808158
584,0.2832,0,1,0,199542,406068,5777,102179,3.761421319796954,0.20104201303696825
585,0.2833,3,113,3,199655,405955,5780,102176,3.760374597058061,0.20108200444373597
586,0.2838,0,1,0,199656,405954,5780,102176,3.760365334024973,0.20108240017318402
587,0.284,0,23,0,199679,405931,5780,102176,3.760152284263959,0.20109150238040413
588,0.2842,0,5,0,199684,405926,5780,102176,3.7601059690985217,0.2010934812301467
589,0.2843,0,2,0,199686,405924,5780,102176,3.7600874430323463,0.20109427278094863
590,0.2844,0,2,0,199688,405922,5780,102176,3.7600689169661714,0.20109506433798205
591,0.285,11,282,11,199970,405640,5791,102165,3.757456741635481,0.20118943295162514
592,0.2855,0,1,0,199971,405639,5791,102165,3.7574474786023937,0.20118982914667863
593,0.2856,0,1,0,199972,405638,5791,102165,3.757438215569306,0.2011902253432926
594,0.2857,0,3,0,199975,405635,5791,102165,3.7574104264700434,0.20119141394249704
595,0.2858,0,2,0,199977,405633,5791,102165,3.757391900403868,0.201192206349769
596,0.286,0,26,0,200003,405607,5791,102165,3.757151061543592,0.20120250821234728
597,0.2862,0,3,0,200006,405604,5791,102165,3.7571232724443293,0.201203696956687
598,0.2867,7,133,7,200139,405471,5798,102158,3.7558912890436846,0.20124539772156438
599,0.287,0,2,0,200141,405469,5798,102158,3.7558727629775093,0.20124619060845858
600,0.2871,0,1,0,200142,405468,5798,102158,3.7558634999444216,0.2012465870542486
601,0.2873,0,3,0,200145,405465,5798,102158,3.755835710845159,0.2012477764009905
602,0.2875,4,42,4,200187,405423,5802,102154,3.7554466634554817,0.2012581342338207
603,0.2877,0,2,0,200189,405421,5802,102154,3.755428137389307,0.20125892725213024
604,0.288,0,14,0,200203,405407,5802,102154,3.755298454926081,0.20126447855528695
605,0.2883,2,9,2,200212,405398,5804,102152,3.755215087628293,0.20126490000985126
606,0.2885,0,1,0,200213,405397,5804,102152,3.7552058245952056,0.20126529655264813
607,0.2886,0,1,0,200214,405396,5804,102152,3.755196561562118,0.20126569309700756
608,0.2887,0,1,0,200215,405395,5804,102152,3.75518729852903,0.2012660896429296
609,0.289,0,5,0,200220,405390,5804,102152,3.7551409833635927,0.20126807239597905
610,0.2892,0,1,0,200221,405389,5804,102152,3.755131720330505,0.20126846895127684
611,0.2893,0,2,0,200223,405387,5804,102152,3.75511319426433,0.2012692620665604
612,0.2895,0,1,0,200224,405386,5804,102152,3.7551039312312424,0.2012696586265462
613,0.29,608,10702,608,210926,394684,6412,101544,3.6559709511282374,0.20463174186059635
614,0.2903,0,1,0,210927,394683,6412,101544,3.6559616880951498,0.20463215423586384
615,0.2907,0,3,0,210930,394680,6412,101544,3.655933898995887,0.2046333913716386
616,0.2908,0,1,0,210931,394679,6412,101544,3.6559246359627995,0.20463380375355436
617,0.291,0,3,0,210934,394676,6412,101544,3.655896846863537,0.20463504090927412
618,0.2914,0,1,0,210935,394675,6412,101544,3.6558875838304496,0.20463545329783825
619,0.2917,0,14,0,210949,394661,6412,101544,3.655757901367224,0.20464122691226408
620,0.292,0,11,0,210960,394650,6412,101544,3.6556560080032607,0.20464576355215902
621,0.2925,3,45,3,211005,394605,6415,101541,3.6552391715143204,0.20465951554582723
622,0.2926,0,1,0,211006,394604,6415,101541,3.655229908481233,0.2046599280452287
623,0.2927,0,1,0,211007,394603,6415,101541,3.6552206454481455,0.204660340546293
624,0.2929,0,4,0,211011,394599,6415,101541,3.6551835933157952,0.20466199056717863
625,0.293,0,2,0,211013,394597,6415,101541,3.6551650672496203,0.2046628155875986
626,0.2933,8,130,8,211143,394467,6423,101533,3.6539608729482382,0.20470362903225806
627,0.2938,0,1,0,211144,394466,6423,101533,3.6539516099151506,0.20470404174201964
628,0.294,0,22,0,211166,394444,6423,101533,3.6537478231872242,0.2047131217778244
629,0.2942,0,2,0,211168,394442,6423,101533,3.6537292971210493,0.20471394727556833
630,0.2943,0,1,0,211169,394441,6423,101533,3.6537200340879616,0.2047143600269369
631,0.2944,0,1,0,211170,394440,6423,101533,3.6537107710548744,0.20471477277996988
632,0.295,12,293,12,211463,394147,6435,101521,3.650996702360221,0.20481653041955503
633,0.2953,0,1,0,211464,394146,6435,101521,3.650987439327133,0.20481694363352815
634,0.2956,0,1,0,211465,394145,6435,101521,3.650978176294046,0.2048173568491686
635,0.2957,0,2,0,211467,394143,6435,101521,3.6509596502278705,0.20481818328545143
636,0.2958,0,2,0,211469,394141,6435,101521,3.6509411241616956,0.20481900972840364
637,0.296,2,22,2,211491,394119,6437,101519,3.6507373374337693,0.204824892360957
638,0.2962,0,1,0,211492,394118,6437,101519,3.6507280744006816,0.2048253056168123
639,0.2967,11,129,11,211621,393989,6448,101508,3.649533143132387,0.204860977967576
640,0.2971,0,2,0,211623,393987,6448,101508,3.6495146170662123,0.20486180486180486
641,0.2973,0,1,0,211624,393986,6448,101508,3.6495053540331246,0.20486221831142254
642,0.2975,2,38,2,211662,393948,6450,101506,3.6491533587757976,0.20487472096299555
643,0.298,0,14,0,211676,393934,6450,101506,3.649023676312572,0.20488051025351203
644,0.2983,1,12,1,211688,393922,6451,101505,3.648912519915521,0.20488386785540555
645,0.2985,0,1,0,211689,393921,6451,101505,3.6489032568824338,0.20488428140630488
646,0.2986,0,3,0,211692,393918,6451,101505,3.6488754677831707,0.2048855220690198
647,0.2989,0,1,0,211693,393917,6451,101505,3.6488662047500835,0.20488593562659713
648,0.299,0,2,0,211695,393915,6451,101505,3.648847678683908,0.20488676274676032
649,0.2992,0,1,0,211696,393914,6451,101505,3.648838415650821,0.20488717630934622
650,0.2993,0,1,0,211697,393913,6451,101505,3.648829152617733,0.20488758987360167
651,0.2998,1,0,1,211697,393913,6452,101504,3.648829152617733,0.20488598493794116
652,0.3,650,10855,650,222552,383058,7102,100854,3.5482789284523326,0.20841392649903287
653,0.3005,0,3,0,222555,383055,7102,100854,3.5482511393530696,0.2084152185638209
654,0.3007,1,5,1,222560,383050,7103,100853,3.548204824187632,0.20841573621159612
655,0.3008,0,2,0,222562,383048,7103,100853,3.5481862981214567,0.2084165976098417
656,0.301,0,3,0,222565,383045,7103,100853,3.548158509022194,0.20841788972056094
657,0.3014,0,1,0,222566,383044,7103,100853,3.548149245989107,0.20841832042769431
658,0.3017,0,10,0,222576,383034,7103,100853,3.548056615658231,0.20842262759693894
659,0.302,1,12,1,222588,383022,7104,100852,3.5479454592611805,0.20842616052939403
660,0.3021,0,1,0,222589,383021,7104,100852,3.547936196228093,0.2084265912749833
661,0.3025,1,42,1,222631,382979,7105,100851,3.5475471488384156,0.20844304817807907
662,0.3027,0,1,0,222632,382978,7105,100851,3.547537885805328,0.20844347899774507
663,0.3029,0,4,0,222636,382974,7105,100851,3.547500833672978,0.20844520229421795
664,0.303,0,3,0,222639,382971,7105,100851,3.547473044573715,0.20844649478527227
665,0.3033,5,146,5,222785,382825,7110,100846,3.5461206417429323,0.20850123327633865
666,0.3037,0,2,0,222787,382823,7110,100846,3.5461021156767574,0.20850209544130388
667,0.304,0,19,0,222806,382804,7110,100846,3.5459261180480937,0.20851028636410626
668,0.3042,0,1,0,222807,382803,7110,100846,3.545916855015006,0.20851071748313343
669,0.3043,0,1,0,222808,382802,7110,100846,3.5459075919819187,0.20851114860394337
670,0.305,11,314,11,223122,382488,7121,100835,3.5429989995924265,0.20862859826658364
671,0.3053,0,2,0,223124,382486,7121,100835,3.5429804735262516,0.20862946157936443
672,0.3057,0,4,0,223128,382482,7121,100835,3.5429434213939013,0.20863118822636076
673,0.3058,0,3,0,223131,382479,7121,100835,3.5429156322946387,0.2086324832303637
674,0.306,1,25,1,223156,382454,7122,100834,3.5426840564674498,0.20864163811226433
675,0.3067,6,114,6,223270,382340,7128,100828,3.5416280706954684,0.2086810384793695
676,0.307,0,3,0,223273,382337,7128,100828,3.5416002815962058,0.20868233419225315
677,0.3075,2,42,2,223315,382295,7130,100826,3.5412112342065285,0.20869720008031115
678,0.308,0,17,0,223332,382278,7130,100826,3.54105376264404,0.20870454394912896
679,0.3083,2,15,2,223347,382263,7132,100824,3.5409148171477267,0.20870774829378558
680,0.3085,0,1,0,223348,382262,7132,100824,3.5409055541146395,0.2087081803240003
681,0.3086,0,3,0,223351,382259,7132,100824,3.5408777650153764,0.20870947642537618
682,0.309,0,4,0,223355,382255,7132,100824,3.5408407128830266,0.20871120458558537
683,0.3092,0,2,0,223357,382253,7132,100824,3.5408221868168512,0.2087120686764222
684,0.3093,1,1,1,223358,382252,7133,100823,3.5408129237837636,0.2087108627024789
685,0.31,664,10857,664,234215,371395,7797,100159,3.440244173552188,0.2124019730508065
686,0.3105,0,1,0,234216,371394,7797,100159,3.4402349105191004,0.21240242348155985
687,0.3107,0,1,0,234217,371393,7797,100159,3.4402256474860127,0.21240287391422366
688,0.3108,0,2,0,234219,371391,7797,100159,3.4402071214198378,0.21240377478528258
689,0.311,0,2,0,234221,371389,7797,100159,3.4401885953536624,0.2124046756639833
690,0.3117,0,15,0,234236,371374,7797,100159,3.4400496498573494,0.21241143249783154
691,0.312,0,14,0,234250,371360,7797,100159,3.4399199673941236,0.2124177392639533
692,0.3125,3,60,3,234310,371300,7800,100156,3.4393641854088703,0.21243976108056745
693,0.3127,0,1,0,234311,371299,7800,100156,3.4393549223757827,0.2124402116851025
694,0.3133,5,152,5,234463,371147,7805,100151,3.4379469413464743,0.21250037131496421
695,0.3135,0,1,0,234464,371146,7805,100151,3.437937678313387,0.21250082219916527
696,0.3137,0,1,0,234465,371145,7805,100151,3.4379284152802994,0.21250127308527975
697,0.3138,0,1,0,234466,371144,7805,100151,3.4379191522472117,0.21250172397330758
698,0.314,3,24,3,234490,371120,7808,100148,3.4376968394531104,0.21250753286877105
699,0.3143,1,1,1,234491,371119,7809,100147,3.4376875764200228,0.21250631278301427
700,0.3144,0,1,0,234492,371118,7809,100147,3.4376783133869355,0.21250676371043892
701,0.3148,1,0,1,234492,371118,7810,100146,3.4376783133869355,0.2125050926869016
702,0.315,10,307,10,234799,370811,7820,100136,3.434834562229056,0.21262689856820408
703,0.3153,0,2,0,234801,370809,7820,100136,3.4348160361628812,0.21262780154795147
704,0.3156,0,1,0,234802,370808,7820,100136,3.4348067731297935,0.21262825304070124
705,0.3157,0,3,0,234805,370805,7820,100136,3.434778984030531,0.21262960753045498
706,0.3158,0,3,0,234808,370802,7820,100136,3.4347511949312683,0.21263096203746565
707,0.316,1,26,1,234834,370776,7821,100135,3.4345103560709918,0.21264102983366284
708,0.3162,0,3,0,234837,370773,7821,100135,3.434482566971729,0.21264238449973244
709,0.3167,4,130,4,234967,370643,7825,100131,3.433278372670347,0.21269441388012084
710,0.317,0,2,0,234969,370641,7825,100131,3.433259846604172,0.21269531747852463
711,0.3171,0,3,0,234972,370638,7825,100131,3.4332320575049096,0.21269667289052593
712,0.3173,0,1,0,234973,370637,7825,100131,3.433222794471822,0.21269712469836521
713,0.3175,4,46,4,235019,370591,7829,100127,3.4327966949497943,0.21271121988111777
714,0.3177,0,2,0,235021,370589,7829,100127,3.4327781688836194,0.21271212365842673
715,0.318,1,15,1,235036,370574,7830,100126,3.432639223387306,0.21271722965795622
716,0.3183,1,22,1,235058,370552,7831,100125,3.4324354366593797,0.21272549965262802
717,0.3192,0,2,0,235060,370550,7831,100125,3.4324169105932048,0.21272640356934192
718,0.32,661,10868,661,245928,359682,8492,99464,3.3317462669976656,0.21662826203429847
719,0.3207,0,1,0,245929,359681,8492,99464,3.331737003964578,0.21662873384225026
720,0.3208,0,3,0,245932,359678,8492,99464,3.3317092148653153,0.21663014927843674
721,0.3217,1,12,1,245944,359666,8493,99463,3.331598058468265,0.21663410501188118
722,0.322,1,11,1,245955,359655,8494,99462,3.331496165104302,0.2166375891112723
723,0.3222,0,1,0,245956,359654,8494,99462,3.331486902071214,0.21663806096934107
724,0.3225,1,49,1,246005,359605,8495,99461,3.331033013449924,0.2166594781578248
725,0.3227,0,4,0,246009,359601,8495,99461,3.3309959613175737,0.2166613660028493
726,0.3229,1,3,1,246012,359598,8496,99460,3.330968172218311,0.2166610755067987
727,0.3233,8,127,8,246139,359471,8504,99452,3.3297917670161916,0.21670737792614447
728,0.3235,0,1,0,246140,359470,8504,99452,3.3297825039831044,0.21670785013575292
729,0.324,1,22,1,246162,359448,8505,99451,3.329578717255178,0.21671653239601743
730,0.3243,0,4,0,246166,359444,8505,99451,3.329541665122828,0.21671842142538053
731,0.3245,0,1,0,246167,359443,8505,99451,3.32953240208974,0.21671889368786693
732,0.3247,0,2,0,246169,359441,8505,99451,3.329513876023565,0.2167198382190145
733,0.325,8,312,8,246481,359129,8513,99443,3.3266238097002483,0.21685362385841264
734,0.3257,0,3,0,246484,359126,8513,99443,3.3265960206009857,0.21685504253449317
735,0.3258,0,4,0,246488,359122,8513,99443,3.3265589684686354,0.21685693413147536
736,0.326,1,27,1,246515,359095,8514,99442,3.3263088665752716,0.2168679953853233
737,0.3262,0,3,0,246518,359092,8514,99442,3.3262810774760085,0.21686941426371872
738,0.3265,0,1,0,246519,359091,8514,99442,3.3262718144429213,0.2168698872273097
739,0.3267,9,123,9,246642,358968,8523,99433,3.325132461373152,0.21691270307001947
740,0.3271,0,1,0,246643,358967,8523,99433,3.3251231983400644,0.2169131762652705
741,0.3275,2,55,2,246698,358912,8525,99431,3.324613731520249,0.2169357882633748
742,0.328,0,11,0,246709,358901,8525,99431,3.324511838156286,0.21694099473743925
743,0.3283,2,20,2,246729,358881,8527,99429,3.324326577494535,0.21694704457681482
744,0.3285,0,1,0,246730,358880,8527,99429,3.3243173144614473,0.2169475179409525
745,0.3286,0,1,0,246731,358879,8527,99429,3.3243080514283596,0.2169479913071559
746,0.329,0,2,0,246733,358877,8527,99429,3.3242895253621847,0.21694893804575982
747,0.3292,0,2,0,246735,358875,8527,99429,3.3242709992960093,0.21694988479262672
748,0.3293,1,1,1,246736,358874,8528,99428,3.324261736262922,0.2169486495804077
749,0.3295,0,1,0,246737,358873,8528,99428,3.3242524732298344,0.2169491229563104
750,0.3298,0,1,0,246738,358872,8528,99428,3.3242432101967467,0.21694959633427885
751,0.33,755,10942,755,257680,347930,9283,98673,3.222887102152729,0.2209411938567363
752,0.3305,0,1,0,257681,347929,9283,98673,3.2228778391196413,0.22094168857282323
753,0.3306,0,1,0,257682,347928,9283,98673,3.2228685760865536,0.22094218329112564
754,0.3307,0,2,0,257684,347926,9283,98673,3.2228500500203787,0.2209431727343769
755,0.3308,0,3,0,257687,347923,9283,98673,3.222822260921116,0.22094465691587029
756,0.331,0,5,0,257692,347918,9283,98673,3.222775945755678,0.22094713059600396
757,0.3312,0,1,0,257693,347917,9283,98673,3.2227666827225905,0.22094762533867754
758,0.3313,0,1,0,257694,347916,9283,98673,3.2227574196895032,0.22094812008356676
759,0.3314,0,1,0,257695,347915,9283,98673,3.2227481566564156,0.22094861483067166
760,0.3317,1,15,1,257710,347900,9284,98672,3.222609211160102,0.22095429180512885
761,0.3319,0,1,0,257711,347899,9284,98672,3.222599948127015,0.22095478658488796
762,0.332,1,15,1,257726,347884,9285,98671,3.2224610026307015,0.22096046399659616
763,0.3323,1,1,1,257727,347883,9286,98670,3.2224517395976138,0.22095921424780485
764,0.3325,6,44,6,257771,347839,9292,98664,3.2220441661417616,0.22097051979493978
765,0.3327,0,1,0,257772,347838,9292,98664,3.222034903108674,0.22097101468750419
766,0.3329,0,5,0,257777,347833,9292,98664,3.221988587943236,0.22097348918357795
767,0.3333,8,130,8,257907,347703,9300,98656,3.220784393641854,0.221023884362139
768,0.3335,0,1,0,257908,347702,9300,98656,3.2207751306087666,0.2210243795339167
769,0.334,0,22,0,257930,347680,9300,98656,3.2205713438808403,0.2210352738743906
770,0.3342,1,3,1,257933,347677,9301,98655,3.2205435547815777,0.22103501429429215
771,0.3343,0,4,0,257937,347673,9301,98655,3.2205065026492274,0.22103699521428188
772,0.3347,0,3,0,257940,347670,9301,98655,3.220478713549965,0.2210384809275752
773,0.335,21,311,21,258251,347359,9322,98634,3.2175979102597356,0.22115593742502684
774,0.3354,0,1,0,258252,347358,9322,98634,3.217588647226648,0.221156433299252
775,0.3357,0,5,0,258257,347353,9322,98634,3.21754233206121,0.22115891270373353
776,0.3358,1,2,1,258259,347351,9323,98633,3.217523805995035,0.22115815814020234
777,0.336,2,19,2,258278,347332,9325,98631,3.2173478083663714,0.22116408760368012
778,0.3362,0,2,0,258280,347330,9325,98631,3.2173292823001964,0.22116507945762073
779,0.3367,12,159,12,258439,347171,9337,98619,3.215856460039275,0.22122299737544585
780,0.3371,1,1,1,258440,347170,9338,98618,3.2158471970061875,0.22122174665984728
781,0.3375,4,65,4,258505,347105,9342,98614,3.2152450998554967,0.22124701886165948
782,0.3379,0,1,0,258506,347104,9342,98614,3.215235836822409,0.22124751524506528
783,0.338,1,18,1,258524,347086,9343,98613,3.215069102226833,0.2212547032862986
784,0.3382,0,1,0,258525,347085,9343,98613,3.2150598391937457,0.22125519970922014
785,0.3383,0,29,0,258554,347056,9343,98613,3.2147912112342065,0.22126959694302273
786,0.3386,0,2,0,258556,347054,9343,98613,3.2147726851680316,0.22127058992476445
787,0.3388,0,1,0,258557,347053,9343,98613,3.214763422134944,0.22127108641897744
788,0.3389,0,2,0,258559,347051,9343,98613,3.2147448960687686,0.22127207941408775
789,0.3392,0,3,0,258562,347048,9343,98613,3.214717106969506,0.22127356892346425
790,0.3393,0,1,0,258563,347047,9343,98613,3.2147078439364187,0.22127406543104608
791,0.34,803,10776,803,269339,336271,10146,97810,3.1148893993849347,0.22532660954983055
792,0.3408,0,3,0,269342,336268,10146,97810,3.114861610285672,0.2253281668271601
793,0.341,0,2,0,269344,336266,10146,97810,3.1148430842194967,0.22532920502400502
794,0.3413,0,1,0,269345,336265,10146,97810,3.114833821186409,0.2253297241260151
795,0.3414,0,1,0,269346,336264,10146,97810,3.114824558153322,0.22533024323041692
796,0.3415,0,1,0,269347,336263,10146,97810,3.114815295120234,0.22533076233721056
797,0.3417,1,14,1,269361,336249,10147,97809,3.1146856126570084,0.22533624538656125
798,0.3418,0,2,0,269363,336247,10147,97809,3.1146670865908335,0.22533728366846675
799,0.342,1,16,1,269379,336231,10148,97808,3.1145188780614323,0.2253438055105647
800,0.3425,2,53,2,269432,336178,10150,97806,3.114027937307792,0.22536775549329008
801,0.3427,0,1,0,269433,336177,10150,97806,3.1140186742747047,0.22536827479417396
802,0.3429,0,2,0,269435,336175,10150,97806,3.1140001482085293,0.22536931340312133
803,0.3433,8,130,8,269565,336045,10158,97798,3.1127959539071473,0.22542256069591995
804,0.344,0,22,0,269587,336023,10158,97798,3.1125921671792214,0.2254339923609046
805,0.3442,0,3,0,269590,336020,10158,97798,3.1125643780799583,0.22543555131414555
806,0.3443,0,3,0,269593,336017,10158,97798,3.1125365889806957,0.22543711028894806
807,0.3445,0,2,0,269595,336015,10158,97798,3.112518062914521,0.2254381496174619
808,0.345,9,331,9,269926,335684,10167,97789,3.10945199896254,0.22559421232695
809,0.3456,0,1,0,269927,335683,10167,97789,3.1094427359294525,0.2255947327624391
810,0.3457,0,4,0,269931,335679,10167,97789,3.1094056837971027,0.2255968145284081
811,0.3458,0,6,0,269937,335673,10167,97789,3.109350105598577,0.22559993724940133
812,0.346,2,31,2,269968,335642,10169,97787,3.109062951572863,0.22561249939436448
813,0.3463,0,1,0,269969,335641,10169,97787,3.1090536885397753,0.22561301992487795
814,0.3467,18,149,18,270118,335492,10187,97769,3.10767349660973,0.2256584368313788
815,0.3471,0,1,0,270119,335491,10187,97769,3.1076642335766422,0.2256589576697595
816,0.3473,1,4,1,270123,335487,10188,97768,3.107627181444292,0.2256592537881848
817,0.3475,3,51,3,270174,335436,10191,97765,3.107154766756827,0.22568045780134394
818,0.3477,0,1,0,270175,335435,10191,97765,3.107145503723739,0.22568097876269622
819,0.348,0,15,0,270190,335420,10191,97765,3.1070065582274258,0.22568879347161144
820,0.3483,3,15,3,270205,335405,10194,97762,3.106867612731113,0.22569124610138816
821,0.3486,0,2,0,270207,335403,10194,97762,3.1068490866649374,0.22569228815809217
822,0.349,0,2,0,270209,335401,10194,97762,3.1068305605987625,0.22569333022441898
823,0.3492,1,3,1,270212,335398,10195,97761,3.1068027714995,0.2256931057648577
824,0.3495,0,2,0,270214,335396,10195,97761,3.1067842454333245,0.2256941478493941
825,0.3497,0,1,0,270215,335395,10195,97761,3.1067749824002373,0.22569466889527098
826,0.35,842,10867,842,281082,324528,11037,96919,3.006113601837786,0.2299672319413829
827,0.3503,0,1,0,281083,324527,11037,96919,3.006104338804698,0.22996777760377368
828,0.3505,0,1,0,281084,324526,11037,96919,3.0060950757716105,0.22996832326875394
829,0.3508,0,1,0,281085,324525,11037,96919,3.0060858127385233,0.22996886893632368
830,0.351,0,1,0,281086,324524,11037,96919,3.0060765497054356,0.22996941460648296
831,0.3514,0,1,0,281087,324523,11037,96919,3.006067286672348,0.22996996027923178
832,0.3517,1,12,1,281099,324511,11038,96918,3.0059561302752975,0.22997468138167995
833,0.3518,0,1,0,281100,324510,11038,96918,3.00594686724221,0.22997522708505366
834,0.352,0,12,0,281112,324498,11038,96918,3.005835710845159,0.22998177572754713
835,0.3522,0,2,0,281114,324496,11038,96918,3.005817184778984,0.22998286720422198
836,0.3525,4,59,4,281173,324437,11042,96914,3.0052706658268185,0.23000776075053814
837,0.3529,0,1,0,281174,324436,11042,96914,3.0052614027937308,0.23000830663344013
838,0.353,0,2,0,281176,324434,11042,96914,3.005242876727556,0.23000939840701748
839,0.3533,7,146,7,281322,324288,11049,96907,3.0038904738967727,0.23007633044076972
840,0.3535,0,1,0,281323,324287,11049,96907,3.0038812108636854,0.2300768766886518
841,0.3538,0,2,0,281325,324285,11049,96907,3.00386268479751,0.2300779691921974
842,0.354,2,27,2,281352,324258,11051,96905,3.0036125829041462,0.2300890629043862
843,0.3542,0,2,0,281354,324256,11051,96905,3.003594056837971,0.23009015554621629
844,0.3543,0,3,0,281357,324253,11051,96905,3.0035662677387083,0.23009179452841927
845,0.355,14,336,14,281693,323917,11065,96891,3.00045388862129,0.23024990019201155
846,0.3553,0,1,0,281694,323916,11065,96891,3.0004446255882025,0.23025044735472555
847,0.3557,0,3,0,281697,323913,11065,96891,3.00041683648894,0.23025208885847093
848,0.3558,0,2,0,281699,323911,11065,96891,3.000398310422765,0.23025318320730415
849,0.356,2,20,2,281719,323891,11067,96889,3.0002130497610136,0.23026046865345312
850,0.3562,0,2,0,281721,323889,11067,96889,3.0001945236948386,0.23026156310453494
851,0.3565,0,1,0,281722,323888,11067,96889,3.000185260661751,0.2302621103339774
852,0.3567,6,128,6,281850,323760,11073,96883,2.9989995924265442,0.2303211987362205
853,0.357,0,2,0,281852,323758,11073,96883,2.998981066360369,0.23032229383250802
854,0.3571,1,3,1,281855,323755,11074,96882,2.9989532772611063,0.2303221067095857
855,0.3575,4,53,4,281908,323702,11078,96878,2.998462336507466,0.23034381092776643
856,0.3576,0,1,0,281909,323701,11078,96878,2.9984530734743786,0.23034435861039187
857,0.3577,1,0,1,281909,323701,11079,96877,2.9984530734743786,0.23034252861538168
858,0.358,0,11,0,281920,323690,11079,96877,2.9983511801104155,0.23034855326261927
859,0.3583,2,22,2,281942,323668,11081,96875,2.998147393382489,0.23035694328522885
860,0.3586,0,2,0,281944,323666,11081,96875,2.9981288673163142,0.23035803881191133
861,0.3587,0,4,0,281948,323662,11081,96875,2.998091815183964,0.23036022989653704
862,0.359,0,3,0,281951,323659,11081,96875,2.9980640260847014,0.23036187323736013
863,0.3592,0,7,0,281958,323652,11081,96875,2.9979991848530885,0.23036570779046292
864,0.3593,0,1,0,281959,323651,11081,96875,2.997989921820001,0.23036625559418442
865,0.36,855,10895,855,292854,312756,11936,96020,2.897069176331098,0.23489637356400572
866,0.3605,0,1,0,292855,312755,11936,96020,2.89705991329801,0.23489694819888693
867,0.3608,0,2,0,292857,312753,11936,96020,2.8970413872318352,0.23489809747708384
868,0.361,2,1,2,292858,312752,11938,96018,2.8970321241987476,0.23489492868850453
869,0.3614,0,1,0,292859,312751,11938,96018,2.89702286116566,0.23489550332828565
870,0.3617,1,19,1,292878,312732,11939,96017,2.8968468635369966,0.23490455022519932
871,0.362,3,15,3,292893,312717,11942,96014,2.896707918040683,0.23490755533590552
872,0.3625,5,42,5,292935,312675,11947,96009,2.896318870651006,0.2349223360836245
873,0.3627,0,2,0,292937,312673,11947,96009,2.896300344584831,0.23492348574197053
874,0.3629,0,4,0,292941,312669,11947,96009,2.8962632924524807,0.23492578509241996
875,0.363,0,4,0,292945,312665,11947,96009,2.8962262403201304,0.23492808448788033
876,0.3633,8,131,8,293076,312534,11955,96001,2.8950127829856607,0.23498843428347632
877,0.3638,0,1,0,293077,312533,11955,96001,2.8950035199525734,0.2349890094826869
878,0.364,3,24,3,293101,312509,11958,95998,2.8947812071584718,0.23499719711045344
879,0.3642,0,5,0,293106,312504,11958,95998,2.8947348919930342,0.23500007343905294
880,0.3643,0,1,0,293107,312503,11958,95998,2.8947256289599466,0.23500064871322224
881,0.365,29,303,29,293410,312200,11987,95969,2.891918929934418,0.23512074655351092
882,0.3652,0,1,0,293411,312199,11987,95969,2.8919096669013302,0.23512132259265792
883,0.3655,0,2,0,293413,312197,11987,95969,2.891891140835155,0.23512247467941966
884,0.3657,1,2,1,293415,312195,11988,95968,2.89187261476898,0.23512175282913933
885,0.3658,0,2,0,293417,312193,11988,95968,2.891854088702805,0.23512290493212237
886,0.366,3,19,3,293436,312174,11991,95965,2.8916780910741413,0.2351282283731768
887,0.3665,1,0,1,293436,312174,11992,95964,2.8916780910741413,0.2351263543213325
888,0.3667,6,157,6,293593,312017,11998,95958,2.8902237948793954,0.23520558857773147
889,0.367,0,2,0,293595,312015,11998,95958,2.89020526881322,0.23520674162260738
890,0.3671,0,2,0,293597,312013,11998,95958,2.890186742747045,0.23520789467878844
891,0.3673,0,1,0,293598,312012,11998,95958,2.8901774797139574,0.23520847121111846
892,0.3675,3,60,3,293658,311952,12001,95955,2.889621697728704,0.2352374438291081
893,0.3677,0,1,0,293659,311951,12001,95955,2.889612434695617,0.23523802052433648
894,0.368,2,16,2,293675,311935,12003,95953,2.889464226166216,0.23524349821519633
895,0.3683,1,24,1,293699,311911,12004,95952,2.8892419133721146,0.23525546568332995
896,0.3686,0,1,0,293700,311910,12004,95952,2.889232650339027,0.23525604248495816
897,0.369,0,3,0,293703,311907,12004,95952,2.8892048612397643,0.23525777290681338
898,0.3692,0,7,0,293710,311900,12004,95952,2.8891400200081514,0.23526181065680687
899,0.37,969,10707,969,304417,301193,12973,94983,2.789960724739709,0.23974950527038488
900,0.3707,0,3,0,304420,301190,12973,94983,2.7899329356404463,0.23975132076138456
901,0.3708,0,2,0,304422,301188,12973,94983,2.789914409574271,0.23975253110399297
902,0.371,0,1,0,304423,301187,12973,94983,2.7899051465411833,0.23975313627987985
903,0.3713,0,2,0,304425,301185,12973,94983,2.7898866204750083,0.23975434664081904
904,0.3714,1,1,1,304426,301184,12974,94982,2.7898773574419207,0.23975303281957563
905,0.3717,3,29,3,304455,301155,12977,94979,2.789608729482382,0.2397648270534718
906,0.372,0,15,0,304470,301140,12977,94979,2.7894697839860685,0.23977390632612927
907,0.3722,0,1,0,304471,301139,12977,94979,2.789460520952981,0.23977451163542177
908,0.3723,0,1,0,304472,301138,12977,94979,2.789451257919893,0.23977511694777048
909,0.3725,3,46,3,304518,301092,12980,94976,2.7890251583978656,0.23979720654029107
910,0.3727,0,2,0,304520,301090,12980,94976,2.7890066323316907,0.23979841743547792
911,0.3729,0,1,0,304521,301089,12980,94976,2.788997369298603,0.23979902288765734
912,0.373,1,2,1,304523,301087,12981,94975,2.788978843232428,0.23979831440532037
913,0.3733,8,144,8,304667,300943,12989,94967,2.7876449664678202,0.2398701725139552
914,0.3737,1,0,1,304667,300943,12990,94966,2.7876449664678202,0.23986825255298566
915,0.3738,0,2,0,304669,300941,12990,94966,2.7876264404016453,0.23986946429338205
916,0.374,1,23,1,304692,300918,12991,94965,2.7874133906406313,0.2398814801342821
917,0.3742,1,5,1,304697,300913,12992,94964,2.787367075475194,0.2398825897943048
918,0.3743,0,1,0,304698,300912,12992,94964,2.787357812442106,0.23988319574816358
919,0.3747,0,2,0,304700,300910,12992,94964,2.7873392863759308,0.23988440766506514
920,0.375,21,331,21,305031,300579,13013,94943,2.7842732224239506,0.2400448015533902
921,0.3752,0,1,0,305032,300578,13013,94943,2.784263959390863,0.24004540846124478
922,0.3753,0,1,0,305033,300577,13013,94943,2.7842546963577752,0.2400460153721683
923,0.3754,0,1,0,305034,300576,13013,94943,2.784245433324688,0.24004662228616072
924,0.3756,0,1,0,305035,300575,13013,94943,2.7842361702916003,0.2400472292032221
925,0.3757,1,5,1,305040,300570,13014,94942,2.7841898551261623,0.2400483424017476
926,0.3758,1,2,1,305042,300568,13015,94941,2.7841713290599874,0.24004763481994087
927,0.376,2,25,2,305067,300543,13017,94939,2.7839397532327985,0.24005896602120957
928,0.3762,0,3,0,305070,300540,13017,94939,2.783911964133536,0.2400607870455827
929,0.3767,14,134,14,305204,300406,13031,94925,2.7826707176998036,0.24011524519959224
930,0.377,0,1,0,305205,300405,13031,94925,2.782661454666716,0.24011585257885817
931,0.3771,0,1,0,305206,300404,13031,94925,2.7826521916336286,0.24011645996119688
932,0.3773,0,2,0,305208,300402,13031,94925,2.7826336655674533,0.2401176747350927
933,0.3775,4,54,4,305262,300348,13035,94921,2.7821334617807256,0.2401427888349453
934,0.3777,0,1,0,305263,300347,13035,94921,2.782124198747638,0.24014339637916554
935,0.378,3,13,3,305276,300334,13038,94918,2.7820037793175,0.240145527410361
936,0.3783,1,16,1,305292,300318,13039,94917,2.7818555707880988,0.24015332650195453
937,0.3786,2,1,2,305293,300317,13041,94915,2.7818463077550115,0.24015008906161445
938,0.3787,0,1,0,305294,300316,13041,94915,2.781837044721924,0.24015069668118139
939,0.379,0,1,0,305295,300315,13041,94915,2.781827781688836,0.2401513043038231
940,0.3792,0,2,0,305297,300313,13041,94915,2.7818092556226612,0.2401525195583309
941,0.3793,0,2,0,305299,300311,13041,94915,2.781790729556486,0.24015373482513802
942,0.3795,0,2,0,305301,300309,13041,94915,2.781772203490311,0.24015495010424467
943,0.3796,0,1,0,305302,300308,13041,94915,2.7817629404572233,0.24015555774841038
944,0.3797,0,1,0,305303,300307,13041,94915,2.7817536774241356,0.24015616539565104
945,0.38,899,10729,899,316032,289578,13940,94016,2.682370595427767,0.24509246755684397
946,0.3807,0,2,0,316034,289576,13940,94016,2.682352069361592,0.24509374543786105
947,0.3808,0,1,0,316035,289575,13940,94016,2.682342806328504,0.24509438438336667
948,0.381,0,2,0,316037,289573,13940,94016,2.6823242802623293,0.24509566228437207
949,0.3817,1,15,1,316052,289558,13941,94015,2.682185334766016,0.2451032789064924
950,0.382,2,19,2,316071,289539,13943,94013,2.682009337137352,0.24511148423160353
951,0.3825,3,63,3,316134,289476,13946,94010,2.6814257660528362,0.24514584626296657
952,0.3827,0,1,0,316135,289475,13946,94010,2.681416503019749,0.24514648552094606
953,0.3829,0,5,0,316140,289470,13946,94010,2.681370187854311,0.24514968186085323
954,0.383,0,1,0,316141,289469,13946,94010,2.6813609248212233,0.2451503211388368
955,0.3833,11,130,11,316271,289339,13957,93999,2.6801567305198413,0.2452117974215966
956,0.384,2,22,2,316293,289317,13959,93997,2.6799529437919154,0.24522193293226963
957,0.3842,0,2,0,316295,289315,13959,93997,2.67993441772574,0.24522321242225653
958,0.3845,0,1,0,316296,289314,13959,93997,2.6799251546926524,0.24522385217225698
959,0.3847,0,2,0,316298,289312,13959,93997,2.6799066286264774,0.245225131682272
960,0.385,30,335,30,316633,288977,13989,93967,2.676803512542147,0.24538052561209994
961,0.3853,0,1,0,316634,288976,13989,93967,2.6767942495090593,0.24538116638768695
962,0.3855,0,1,0,316635,288975,13989,93967,2.6767849864759716,0.24538180716662053
963,0.3857,0,4,0,316639,288971,13989,93967,2.6767479343436213,0.24538437031582136
964,0.3858,1,2,1,316641,288969,13990,93966,2.6767294082774464,0.2453836813036155
965,0.386,5,26,5,316667,288943,13995,93961,2.67648856941717,0.24539048952217787
966,0.3862,0,3,0,316670,288940,13995,93961,2.6764607803179072,0.2453924121378633
967,0.3867,19,151,19,316821,288789,14014,93942,2.6750620623216865,0.24545176638422286
968,0.3871,0,1,0,316822,288788,14014,93942,2.675052799288599,0.24545240770255794
969,0.3873,1,1,1,316823,288787,14015,93941,2.6750435362555116,0.24545107752764364
970,0.3875,5,51,5,316874,288736,14020,93936,2.674571121568046,0.24547393067692436
971,0.3879,0,1,0,316875,288735,14020,93936,2.674561858534959,0.2454745721520575
972,0.388,0,24,0,316899,288711,14020,93936,2.674339545740857,0.245489968561102
973,0.3883,1,21,1,316920,288690,14021,93935,2.6741450220460186,0.2455014701078079
974,0.3885,0,1,0,316921,288689,14021,93935,2.6741357590129313,0.24550211173371247
975,0.3886,0,2,0,316923,288687,14021,93935,2.674117232946756,0.2455033949955831
976,0.3887,0,1,0,316924,288686,14021,93935,2.6741079699136687,0.24550403663154924
977,0.3888,0,1,0,316925,288685,14021,93935,2.674098706880581,0.24550467827086928
978,0.389,0,4,0,316929,288681,14021,93935,2.6740616547482308,0.245507244861689
979,0.3892,1,3,1,316932,288678,14022,93934,2.674033865648968,0.24550719789238185
980,0.3894,0,1,0,316933,288677,14022,93934,2.6740246026158805,0.24550783955505723
981,0.3895,0,1,0,316934,288676,14022,93934,2.674015339582793,0.24550848122108673
982,0.39,1019,10518,1019,327452,278158,15041,92915,2.576586757567898,0.2503954747448615
983,0.3902,0,1,0,327453,278157,15041,92915,2.5765774945348103,0.25039614953432215
984,0.3907,0,5,0,327458,278152,15041,92915,2.576531179369373,0.2503995235361808
985,0.3908,0,4,0,327462,278148,15041,92915,2.5764941272370225,0.25040222280313584
986,0.391,0,6,0,327468,278142,15041,92915,2.5764385490384973,0.2504062718126865
987,0.3914,0,2,0,327470,278140,15041,92915,2.576420022972322,0.25040762151163576
988,0.3917,0,12,0,327482,278128,15041,92915,2.5763088665752716,0.25041572001088824
989,0.3918,1,0,1,327482,278128,15042,92914,2.5763088665752716,0.2504136997967885
990,0.392,0,12,0,327494,278116,15042,92914,2.5761977101782207,0.25042179877637927
991,0.3925,5,60,5,327554,278056,15047,92909,2.5756419281929674,0.2504521989945143
992,0.3927,0,1,0,327555,278055,15047,92909,2.5756326651598798,0.2504528741333391
993,0.3929,0,2,0,327557,278053,15047,92909,2.575614139093705,0.25045422442190846
994,0.393,0,6,0,327563,278047,15047,92909,2.5755585608951796,0.2504582753749771
995,0.3931,0,1,0,327564,278046,15047,92909,2.575549297862092,0.25045895054656225
996,0.3933,9,141,9,327705,277905,15056,92900,2.5742432101967467,0.2505359960086838
997,0.3935,0,1,0,327706,277904,15056,92900,2.574233947163659,0.25053667166481486
998,0.3938,0,1,0,327707,277903,15056,92900,2.574224684130572,0.25053734732459015
999,0.394,2,18,2,327725,277885,15058,92898,2.574057949534996,0.25054546729488675
1000,0.3942,0,6,0,327731,277879,15058,92898,2.5740023713364706,0.2505495216801474
1001,0.3943,0,4,0,327735,277875,15058,92898,2.5739653192041203,0.25055222467655414
1002,0.3947,0,1,0,327736,277874,15058,92898,2.5739560561710326,0.2505529004347685
1003,0.395,27,342,27,328078,277532,15085,92871,2.5707880988550893,0.25072961072129546
1004,0.3953,0,1,0,328079,277531,15085,92871,2.5707788358220016,0.2507302876334361
1005,0.3954,0,1,0,328080,277530,15085,92871,2.570769572788914,0.25073096454923177
1006,0.3955,0,1,0,328081,277529,15085,92871,2.5707603097558263,0.2507316414686825
1007,0.3957,0,5,0,328086,277524,15085,92871,2.5707139945903887,0.250735026120763
1008,0.3958,1,1,1,328087,277523,15086,92870,2.570704731557301,0.2507336801721415
1009,0.396,3,27,3,328114,277496,15089,92867,2.5704546296639372,0.2507458898432079
1010,0.3961,0,1,0,328115,277495,15089,92867,2.5704453666308495,0.2507465668724113
1011,0.3962,0,2,0,328117,277493,15089,92867,2.5704268405646746,0.2507479209417864
1012,0.3963,0,1,0,328118,277492,15089,92867,2.570417577531587,0.25074859798195803
1013,0.3965,0,1,0,328119,277491,15089,92867,2.5704083144984993,0.25074927502578587
1014,0.3967,12,148,12,328267,277343,15101,92855,2.569037385601541,0.25082523406393337
1015,0.397,1,4,1,328271,277339,15102,92854,2.5690003334691913,0.2508259205333434
1016,0.3971,1,0,1,328271,277339,15103,92853,2.5690003334691913,0.25082389678869343
1017,0.3975,5,41,5,328312,277298,15108,92848,2.5686205491126013,0.2508415598169371
1018,0.3979,0,1,0,328313,277297,15108,92848,2.568611286079514,0.2508422375015197
1019,0.398,1,11,1,328324,277286,15109,92847,2.568509392715551,0.2508476682705946
1020,0.3983,5,17,5,328341,277269,15114,92842,2.5683519211530625,0.2508490696034433
1021,0.3985,0,2,0,328343,277267,15114,92842,2.568333395086887,0.25085042514502487
1022,0.3986,0,2,0,328345,277265,15114,92842,2.5683148690207123,0.2508517807012567
1023,0.3987,0,1,0,328346,277264,15114,92842,2.5683056059876246,0.2508524584848665
1024,0.399,1,0,1,328346,277264,15115,92841,2.5683056059876246,0.2508504343362019
1025,0.3992,0,1,0,328347,277263,15115,92841,2.568296342954537,0.2508511121198366
1026,0.3997,0,1,0,328348,277262,15115,92841,2.5682870799214497,0.25085178990713397
1027,0.4,1066,10482,1066,338830,266780,16181,91775,2.4711919670977065,0.255957942296161
1028,0.4005,0,2,0,338832,266778,16181,91775,2.4711734410315316,0.25595937002339963
1029,0.4008,0,2,0,338834,266776,16181,91775,2.471154914965356,0.255960797766566
1030,0.401,0,2,0,338836,266774,16181,91775,2.4711363888991813,0.2559622255256604
1031,0.4013,0,5,0,338841,266769,16181,91775,2.4710900737337433,0.25596579499308314
1032,0.4017,4,24,4,338865,266745,16185,91771,2.470867760939642,0.255974628747392
1033,0.402,2,13,2,338878,266732,16187,91769,2.470747341509504,0.255979760168033
1034,0.4023,0,2,0,338880,266730,16187,91769,2.4707288154433287,0.2559811882320453
1035,0.4025,3,49,3,338929,266681,16190,91766,2.4702749268220385,0.2560099540517845
1036,0.4029,2,3,2,338932,266678,16192,91764,2.470247137722776,0.2560079454974584
1037,0.403,0,1,0,338933,266677,16192,91764,2.4702378746896883,0.2560086597236365
1038,0.4033,10,130,10,339063,266547,16202,91754,2.469033680388306,0.25608078124258654
1039,0.4035,0,2,0,339065,266545,16202,91754,2.4690151543221313,0.25608221066762676
1040,0.4038,0,2,0,339067,266543,16202,91754,2.4689966282559563,0.25608364010862494
1041,0.404,2,15,2,339082,266528,16204,91752,2.468857682759643,0.25609020877525956
1042,0.4042,0,3,0,339085,266525,16204,91752,2.4688298936603803,0.25609235312342127
1043,0.4043,1,3,1,339088,266522,16205,91751,2.4688021045611177,0.25609242114253655
1044,0.4046,0,2,0,339090,266520,16205,91751,2.4687835784949423,0.256093850744269
1045,0.405,28,345,28,339435,266175,16233,91723,2.465587832079736,0.256282516247646
1046,0.4052,0,1,0,339436,266174,16233,91723,2.4655785690466487,0.2562832323266191
1047,0.4056,0,1,0,339437,266173,16233,91723,2.465569306013561,0.25628394840959384
1048,0.4057,0,1,0,339438,266172,16233,91723,2.4655600429804734,0.2562846644965702
1049,0.4058,0,3,0,339441,266169,16233,91723,2.465532253881211,0.2562868127815095
1050,0.406,3,24,3,339465,266145,16236,91720,2.4653099410871095,0.2562977659173152
1051,0.4062,0,4,0,339469,266141,16236,91720,2.4652728889547593,0.2563006306918049
1052,0.4067,15,147,15,339616,265994,16251,91705,2.463911223090889,0.25637477320316804
1053,0.407,1,1,1,339617,265993,16252,91704,2.463901960057801,0.2563734110154684
1054,0.4071,0,4,0,339621,265989,16252,91704,2.4638649079254513,0.25637627798139745
1055,0.4073,1,0,1,339621,265989,16253,91703,2.4638649079254513,0.25637419903156905
1056,0.4075,9,68,9,339689,265921,16262,91694,2.4632350216754975,0.2564042336031766
1057,0.4077,0,1,0,339690,265920,16262,91694,2.46322575864241,0.2564049505891827
1058,0.408,2,9,2,339699,265911,16264,91692,2.463142391344622,0.2564072449056635
1059,0.4082,0,1,0,339700,265910,16264,91692,2.4631331283115343,0.25640796192415033
1060,0.4083,3,18,3,339718,265892,16267,91689,2.4629663937159583,0.25641463053126423
1061,0.4086,0,2,0,339720,265890,16267,91689,2.4629478676497834,0.2564160647017862
1062,0.4088,0,1,0,339721,265889,16267,91689,2.4629386046166957,0.2564167817930633
1063,0.409,0,2,0,339723,265887,16267,91689,2.4629200785505208,0.2564182159876502
1064,0.4092,0,4,0,339727,265883,16267,91689,2.4628830264181705,0.256421084424955
1065,0.4093,0,3,0,339730,265880,16267,91689,2.462855237318908,0.25642323579504933
1066,0.41,1131,10391,1131,350121,255489,17398,90558,2.366603060506132,0.2616927758368083
1067,0.4108,1,5,1,350126,255484,17399,90557,2.366556745340694,0.2616944234931699
1068,0.411,0,7,0,350133,255477,17399,90557,2.3664919041090813,0.2616997173688135
1069,0.4112,0,1,0,350134,255476,17399,90557,2.366482641075994,0.26170047365424687
1070,0.4114,0,1,0,350135,255475,17399,90557,2.3664733780429064,0.26170122994405143
1071,0.4117,2,17,2,350152,255458,17401,90555,2.366315906480418,0.261709820151266
1072,0.4119,1,0,1,350152,255458,17402,90554,2.366315906480418,0.26170768643862063
1073,0.412,1,17,1,350169,255441,17403,90553,2.3661584349179297,0.2617184113019301
1074,0.4121,1,1,1,350170,255440,17404,90552,2.366149171884842,0.2617170339198594
1075,0.4123,0,1,0,350171,255439,17404,90552,2.3661399088517543,0.26171779034714776
1076,0.4125,7,63,7,350234,255376,17411,90545,2.3655563377672384,0.2617505152910636
1077,0.4127,0,3,0,350237,255373,17411,90545,2.365528548667976,0.26175278534219093
1078,0.4129,0,2,0,350239,255371,17411,90545,2.365510022601801,0.2617542987314839
1079,0.413,1,1,1,350240,255370,17412,90544,2.365500759568713,0.2617529212463213
1080,0.4133,14,160,14,350400,255210,17426,90530,2.3640186742747047,0.2618441603517094
1081,0.4137,0,1,0,350401,255209,17426,90530,2.364009411241617,0.2618449176980323
1082,0.414,2,27,2,350428,255182,17428,90528,2.363759309348253,0.2618610974516213
1083,0.4142,1,2,1,350430,255180,17429,90527,2.363740783282078,0.2618604772249333
1084,0.4143,0,1,0,350431,255179,17429,90527,2.36373152024899,0.2618612346907488
1085,0.4145,0,1,0,350432,255178,17429,90527,2.363722257215903,0.26186199216094647
1086,0.415,37,314,37,350746,254864,17466,90490,2.3608136648264106,0.26202099874331847
1087,0.4153,1,0,1,350746,254864,17467,90489,2.3608136648264106,0.26201886186018364
1088,0.4156,0,1,0,350747,254863,17467,90489,2.3608044017933234,0.26201962056105077
1089,0.4157,1,5,1,350752,254858,17468,90488,2.3607580866278854,0.2620212772118397
1090,0.4158,0,2,0,350754,254856,17468,90488,2.3607395605617105,0.2620227946627131
1091,0.416,1,24,1,350778,254832,17469,90487,2.360517247767609,0.2620388684086309
1092,0.4162,0,2,0,350780,254830,17469,90487,2.360498721701434,0.2620403860800366
1093,0.4167,17,143,17,350923,254687,17486,90470,2.359174107969914,0.26211260382956164
1094,0.417,0,2,0,350925,254685,17486,90470,2.3591555819037384,0.2621141226405528
1095,0.4171,1,1,1,350926,254684,17487,90469,2.359146318870651,0.26211274420329533
1096,0.4173,0,3,0,350929,254681,17487,90469,2.359118529771388,0.26211502245400553
1097,0.4175,4,56,4,350985,254625,17491,90465,2.358599799918485,0.2621490046074937
1098,0.4179,0,1,0,350986,254624,17491,90465,2.358590536885398,0.26214976426371167
1099,0.418,1,20,1,351006,254604,17492,90464,2.3584052762236465,0.26216282008183894
1100,0.4181,0,1,0,351007,254603,17492,90464,2.3583960131905592,0.26216357982652644
1101,0.4183,3,15,3,351022,254588,17495,90461,2.358257067694246,0.26216856156661805
1102,0.4185,0,2,0,351024,254586,17495,90461,2.358238541628071,0.26217008117734686
1103,0.4186,0,1,0,351025,254585,17495,90461,2.358229278594983,0.26217084098931737
1104,0.4187,0,2,0,351027,254583,17495,90461,2.358210752528808,0.2621723606264708
1105,0.4188,1,0,1,351027,254583,17496,90460,2.358210752528808,0.2621702222621528
1106,0.419,0,3,0,351030,254580,17496,90460,2.3581829634295453,0.2621725017389288
1107,0.4192,0,1,0,351031,254579,17496,90460,2.358173700396458,0.2621732615733294
1108,0.4197,0,1,0,351032,254578,17496,90460,2.3581644373633703,0.2621740214121343
1109,0.42,1105,10220,1105,361252,244358,18601,89355,2.2634962392085662,0.26776002133569865
1110,0.4202,0,1,0,361253,244357,18601,89355,2.263486976175479,0.26776082370427196
1111,0.4203,0,1,0,361254,244356,18601,89355,2.2634777131423913,0.267761626077654
1112,0.4207,0,1,0,361255,244355,18601,89355,2.2634684501093036,0.2677624284558449
1113,0.4208,0,3,0,361258,244352,18601,89355,2.263440661010041,0.2677648356192708
1114,0.421,0,3,0,361261,244349,18601,89355,2.2634128719107784,0.2677672428259775
1115,0.4212,1,0,1,361261,244349,18602,89354,2.2634128719107784,0.2677650485611457
1116,0.4213,0,1,0,361262,244348,18602,89354,2.2634036088776908,0.2677658509688285
1117,0.4214,0,1,0,361263,244347,18602,89354,2.2633943458446035,0.2677666533813204
1118,0.4217,1,20,1,361283,244327,18603,89353,2.263209085182852,0.26778050827139777
1119,0.4218,0,1,0,361284,244326,18603,89353,2.263199822149765,0.26778131078072037
1120,0.422,1,14,1,361298,244312,18604,89352,2.263070139686539,0.26779035197084494
1121,0.4222,0,1,0,361299,244311,18604,89352,2.2630608766534515,0.2677911545481519
1122,0.4225,7,55,7,361354,244256,18611,89345,2.262551409833636,0.2678199405877081
1123,0.4227,0,2,0,361356,244254,18611,89345,2.2625328837674608,0.2678215462276566
1124,0.4229,0,1,0,361357,244253,18611,89345,2.262523620734373,0.2678223490548505
1125,0.423,0,3,0,361360,244250,18611,89345,2.2624958316351105,0.2678247575653112
1126,0.4233,13,138,13,361498,244112,18624,89332,2.2612175330690283,0.2679070548577872
1127,0.4238,0,1,0,361499,244111,18624,89332,2.2612082700359406,0.2679078583146145
1128,0.424,4,15,4,361514,244096,18628,89328,2.261069324539627,0.2679111281731369
1129,0.4242,1,4,1,361518,244092,18629,89327,2.261032272407277,0.26791214657832935
1130,0.4243,1,3,1,361521,244089,18630,89326,2.2610044833080143,0.2679123614714395
1131,0.4247,0,1,0,361522,244088,18630,89326,2.2609952202749266,0.2679131650140666
1132,0.425,34,330,34,361852,243758,18664,89292,2.257938419356034,0.2681038883050593
1133,0.4256,0,1,0,361853,243757,18664,89292,2.2579291563229464,0.26810469330338776
1134,0.4257,0,4,0,361857,243753,18664,89292,2.257892104190596,0.26810791334504347
1135,0.4258,0,1,0,361858,243752,18664,89292,2.2578828411575085,0.268108718367543
1136,0.426,3,25,3,361883,243727,18667,89289,2.2576512653303196,0.26812225238426984
1137,0.4262,0,1,0,361884,243726,18667,89289,2.2576420022972323,0.26812305751993154
1138,0.4265,0,1,0,361885,243725,18667,89289,2.2576327392641447,0.2681238626604287
1139,0.4267,15,140,15,362025,243585,18682,89274,2.256335914631887,0.2682036537993565
1140,0.427,1,1,1,362026,243584,18683,89273,2.2563266515987994,0.2682022610310133
1141,0.4271,0,3,0,362029,243581,18683,89273,2.256298862499537,0.26820467832743483
1142,0.4273,1,0,1,362029,243581,18684,89272,2.256298862499537,0.2682024797733534
1143,0.4275,7,51,7,362080,243530,18691,89265,2.2558264478120718,0.268228188524467
1144,0.4276,1,0,1,362080,243530,18692,89264,2.2558264478120718,0.2682259896512557
1145,0.428,2,12,2,362092,243518,18694,89262,2.255715291415021,0.2682312638980708
1146,0.4283,3,21,3,362113,243497,18697,89259,2.2555207677201823,0.2682415944415728
1147,0.4286,0,3,0,362116,243494,18697,89259,2.2554929786209197,0.26824401282633065
1148,0.4287,0,1,0,362117,243493,18697,89259,2.255483715587832,0.2682448189642737
1149,0.4288,0,1,0,362118,243492,18697,89259,2.2554744525547443,0.268245625107062
1150,0.429,0,4,0,362122,243488,18697,89259,2.2554374004223945,0.26824884972666924
1151,0.4292,0,2,0,362124,243486,18697,89259,2.255418874356219,0.2682504620655457
1152,0.4293,0,2,0,362126,243484,18697,89259,2.255400348290044,0.26825207442380455
1153,0.4295,0,1,0,362127,243483,18697,89259,2.2553910852569565,0.2682528806102025
1154,0.43,1221,10119,1221,372246,233364,19918,88038,2.1616584534439958,0.2739186439412325
1155,0.4303,0,2,0,372248,233362,19918,88038,2.1616399273778204,0.27392034847542
1156,0.4307,1,1,1,372249,233361,19919,88037,2.161630664344733,0.2739189416237811
1157,0.4308,0,5,0,372254,233356,19919,88037,2.161584349179295,0.2739232030566938
1158,0.431,1,6,1,372260,233350,19920,88036,2.16152877098077,0.273926057762317
1159,0.4311,1,0,1,372260,233350,19921,88035,2.16152877098077,0.2739237985593603
1160,0.4312,0,1,0,372261,233349,19921,88035,2.1615195079476823,0.2739246508849227
1161,0.4313,0,1,0,372262,233348,19921,88035,2.1615102449145946,0.27392550321578923
1162,0.4314,0,1,0,372263,233347,19921,88035,2.1615009818815074,0.27392635555196
1163,0.4315,0,1,0,372264,233346,19921,88035,2.1614917188484197,0.2739272078934349
1164,0.4317,4,17,4,372281,233329,19925,88031,2.1613342472859314,0.27393266118994275
1165,0.432,0,17,0,372298,233312,19925,88031,2.161176775723443,0.2739471530420765
1166,0.4324,1,0,1,372298,233312,19926,88030,2.161176775723443,0.2739448936024547
1167,0.4325,5,55,5,372353,233257,19931,88025,2.1606673089036272,0.2739804906592962
1168,0.4326,0,1,0,372354,233256,19931,88025,2.16065804587054,0.27398134343456354
1169,0.4327,1,2,1,372356,233254,19932,88024,2.1606395198043646,0.2739807892230405
1170,0.4329,0,4,0,372360,233250,19932,88024,2.1606024676720144,0.27398420040214894
1171,0.433,0,1,0,372361,233249,19932,88024,2.160593204638927,0.27398505321019817
1172,0.4332,0,1,0,372362,233248,19932,88024,2.1605839416058394,0.2739859060235564
1173,0.4333,7,124,7,372486,233124,19939,88017,2.1594353255029826,0.2740758732145693
1174,0.4335,0,2,0,372488,233122,19939,88017,2.1594167994368076,0.27407758011328426
1175,0.4337,0,1,0,372489,233121,19939,88017,2.15940753640372,0.2740784335706145
1176,0.4338,0,2,0,372491,233119,19939,88017,2.159389010337545,0.27408014050122065
1177,0.434,2,21,2,372512,233098,19941,88015,2.1591944866427064,0.2740935433943814
1178,0.4342,0,2,0,372514,233096,19941,88015,2.159175960576531,0.2740952505519898
1179,0.435,42,325,42,372839,232771,19983,87973,2.156165474823076,0.27427792881550395
1180,0.4352,0,1,0,372840,232770,19983,87973,2.1561562117899884,0.2742787839485195
1181,0.4353,0,1,0,372841,232769,19983,87973,2.156146948756901,0.2742796390868673
1182,0.4355,0,1,0,372842,232768,19983,87973,2.1561376857238135,0.2742804942305474
1183,0.4357,1,1,1,372843,232767,19984,87972,2.156128422690726,0.2742790867340735
1184,0.4358,0,2,0,372845,232765,19984,87972,2.156109896624551,0.27428079703931885
1185,0.436,2,20,2,372865,232745,19986,87970,2.1559246359627995,0.2742933757385841
1186,0.4362,0,1,0,372866,232744,19986,87970,2.1559153729297122,0.2742942309970878
1187,0.4363,0,1,0,372867,232743,19986,87970,2.1559061098966246,0.27429508626092486
1188,0.4365,0,1,0,372868,232742,19986,87970,2.155896846863537,0.2742959415300955
1189,0.4367,13,158,13,373026,232584,19999,87957,2.1544332876357033,0.27440171460125223
1190,0.437,0,1,0,373027,232583,19999,87957,2.154424024602616,0.27440257066200785
1191,0.4371,1,2,1,373029,232581,20000,87956,2.1544054985364407,0.2744020191116782
1192,0.4373,0,1,0,373030,232580,20000,87956,2.154396235503353,0.2744028751840667
1193,0.4375,4,58,4,373088,232522,20004,87952,2.153858979584275,0.27444348059436957
1194,0.4377,0,1,0,373089,232521,20004,87952,2.1538497165511874,0.27444433696442444
1195,0.4378,0,1,0,373090,232520,20004,87952,2.1538404535181,0.27444519333982376
1196,0.438,1,15,1,373105,232505,20005,87951,2.1537015080217867,0.27445577551988415
1197,0.4383,2,21,2,373126,232484,20007,87949,2.153506984326948,0.27446923381799004
1198,0.4385,0,1,0,373127,232483,20007,87949,2.1534977212938604,0.2744700903779897
1199,0.4386,1,0,1,373127,232483,20008,87948,2.1534977212938604,0.2744678261466587
1200,0.4388,0,1,0,373128,232482,20008,87948,2.1534884582607727,0.27446868270761166
1201,0.439,0,2,0,373130,232480,20008,87948,2.153469932194598,0.27447039584555655
1202,0.4391,1,1,1,373131,232479,20009,87947,2.15346066916151,0.27446898815951265
1203,0.4392,0,2,0,373133,232477,20009,87947,2.153442143095335,0.27447070132075
1204,0.4396,1,0,1,373133,232477,20010,87946,2.153442143095335,0.2744684370347946
1205,0.4397,0,1,0,373134,232476,20010,87946,2.1534328800622475,0.2744692936190399
1206,0.44,1277,9594,1277,382728,222882,21287,86669,2.0645633406202526,0.2799829430368502
1207,0.4402,0,1,0,382729,222881,21287,86669,2.0645540775871654,0.2799838475205944
1208,0.4403,0,1,0,382730,222880,21287,86669,2.0645448145540777,0.2799847520101826
1209,0.4407,0,1,0,382731,222879,21287,86669,2.06453555152099,0.27998565650561463
1210,0.4408,0,4,0,382735,222875,21287,86669,2.0644984993886397,0.2799892745457835
1211,0.441,0,3,0,382738,222872,21287,86669,2.064470710289377,0.2799919881372742
1212,0.4413,0,3,0,382741,222869,21287,86669,2.0644429211901145,0.2799947017813645
1213,0.4417,1,9,1,382750,222860,21288,86668,2.0643595538923263,0.2800005169160787
1214,0.442,1,17,1,382767,222843,21289,86667,2.064202082329838,0.2800135698361927
1215,0.4421,0,1,0,382768,222842,21289,86667,2.0641928192967507,0.28001447453870487
1216,0.4425,7,43,7,382811,222799,21296,86660,2.0637945088739857,0.28003709699831
1217,0.4429,0,1,0,382812,222798,21296,86660,2.063785245840898,0.28003800192594797
1218,0.4433,14,132,14,382944,222666,21310,86646,2.062562525473341,0.28012492240844195
1219,0.4435,0,2,0,382946,222664,21310,86646,2.0625439994071657,0.28012673369758495
1220,0.4438,1,0,1,382946,222664,21311,86645,2.0625439994071657,0.28012440633799857
1221,0.444,3,27,3,382973,222637,21314,86642,2.062293897513802,0.2801418783687221
1222,0.4442,0,4,0,382977,222633,21314,86642,2.0622568453814516,0.28014550157626705
1223,0.4443,0,4,0,382981,222629,21314,86642,2.0622197932491013,0.28014912487753457
1224,0.4447,0,1,0,382982,222628,21314,86642,2.062210530216014,0.28015003071749606
1225,0.445,42,367,42,383349,222261,21356,86600,2.0588109970728814,0.2803850275690359
1226,0.4455,0,1,0,383350,222260,21356,86600,2.058801734039794,0.2803859353752509
1227,0.4456,1,1,1,383351,222259,21357,86599,2.0587924710067065,0.280384513271471
1228,0.4457,0,3,0,383354,222256,21357,86599,2.058764681907444,0.2803872367292095
1229,0.4458,0,4,0,383358,222252,21357,86599,2.0587276297750936,0.2803908680884957
1230,0.446,3,22,3,383380,222230,21360,86596,2.0585238430471673,0.2804038520072792
1231,0.4461,0,1,0,383381,222229,21360,86596,2.0585145800140796,0.28040475997733344
1232,0.4462,0,2,0,383383,222227,21360,86596,2.0584960539479047,0.28040657593508256
1233,0.4467,22,142,22,383525,222085,21382,86574,2.057180703249472,0.2804842884866471
1234,0.447,0,1,0,383526,222084,21382,86574,2.0571714402163845,0.2804851972085609
1235,0.4471,0,4,0,383530,222080,21382,86574,2.0571343880840343,0.28048883215509923
1236,0.4475,4,60,4,383590,222020,21386,86570,2.056578606098781,0.28053404193266146
1237,0.4477,0,1,0,383591,222019,21386,86570,2.0565693430656933,0.2805349510189929
1238,0.448,4,13,4,383604,222006,21390,86566,2.056448923635555,0.2805374434491788
1239,0.4483,1,30,1,383634,221976,21391,86565,2.0561710326429288,0.2805623887911169
1240,0.4486,0,2,0,383636,221974,21391,86565,2.0561525065767534,0.28056420744217103
1241,0.4487,0,3,0,383639,221971,21391,86565,2.056124717477491,0.2805669354629606
1242,0.4488,1,0,1,383639,221971,21392,86564,2.056124717477491,0.28056460369163955
1243,0.449,0,1,0,383640,221970,21392,86564,2.056115454444403,0.2805655130390816
1244,0.4492,2,1,2,383641,221969,21394,86562,2.056106191411316,0.2805617587859891
1245,0.4493,0,2,0,383643,221967,21394,86562,2.0560876653451405,0.28056357749190514
1246,0.45,1254,9644,1254,393287,212323,22648,85308,1.966754974248768,0.2866233692054927
1247,0.4504,0,1,0,393288,212322,22648,85308,1.9667457112156805,0.2866243322245741
1248,0.4507,1,2,1,393290,212320,22649,85307,1.9667271851495054,0.2866238614104231
1249,0.4508,0,3,0,393293,212317,22649,85307,1.9666993960502428,0.28662675053087117
1250,0.451,0,2,0,393295,212315,22649,85307,1.9666808699840677,0.2866286766435277
1251,0.4512,0,1,0,393296,212314,22649,85307,1.96667160695098,0.2866296397095635
1252,0.4514,0,3,0,393299,212311,22649,85307,1.9666438178517174,0.2866325289465019
1253,0.4515,0,1,0,393300,212310,22649,85307,1.96663455481863,0.2866334920384252
1254,0.4517,2,21,2,393321,212289,22651,85305,1.966440031123791,0.2866489243734753
1255,0.452,1,18,1,393339,212271,22652,85304,1.9662732965282153,0.2866638662522053
1256,0.4523,0,3,0,393342,212268,22652,85304,1.9662455074289524,0.2866667562808329
1257,0.4524,0,1,0,393343,212267,22652,85304,1.966236244395865,0.28666771963665816
1258,0.4525,7,51,7,393394,212216,22659,85297,1.9657638297083997,0.28670007697142647
1259,0.4527,0,5,0,393399,212211,22659,85297,1.965717514542962,0.2867048953305457
1260,0.453,1,3,1,393402,212208,22660,85296,1.9656897254436994,0.2867053888351081
1261,0.4533,22,152,22,393554,212056,22682,85274,1.964281744414391,0.28679917936299737
1262,0.4536,0,1,0,393555,212055,22682,85274,1.9642724813813035,0.28680014394828623
1263,0.454,2,28,2,393583,212027,22684,85272,1.964013116454852,0.2868223572901355
1264,0.4542,0,6,0,393589,212021,22684,85272,1.9639575382563266,0.28682814597047357
1265,0.4543,0,2,0,393591,212019,22684,85272,1.9639390121901514,0.28683007558251006
1266,0.4545,0,1,0,393592,212018,22684,85272,1.963929749157064,0.28683104039826435
1267,0.455,43,304,43,393896,211714,22727,85229,1.9611137870984474,0.2870214148843381
1268,0.4551,0,2,0,393898,211712,22727,85229,1.9610952610322725,0.28702334807251273
1269,0.4553,0,2,0,393900,211710,22727,85229,1.9610767349660974,0.28702528128672894
1270,0.4557,0,5,0,393905,211705,22727,85229,1.9610304198006596,0.2870301144362047
1271,0.4558,1,2,1,393907,211703,22728,85228,1.9610118937344845,0.28702964661823793
1272,0.456,4,21,4,393928,211682,22732,85224,1.9608173700396458,0.2870403427347376
1273,0.4564,1,0,1,393928,211682,22733,85223,1.9608173700396458,0.2870379414290766
1274,0.4565,1,0,1,393928,211682,22734,85222,1.9608173700396458,0.28703554010724003
1275,0.4567,19,148,19,394076,211534,22753,85203,1.9594464411426877,0.28713305047904375
1276,0.4571,1,3,1,394079,211531,22754,85202,1.9594186520434251,0.28713355103746463
1277,0.4573,0,1,0,394080,211530,22754,85202,1.9594093890103375,0.28713451869026596
1278,0.4575,7,58,7,394138,211472,22761,85195,1.9588721330912593,0.2871738346361409
1279,0.458,0,23,0,394161,211449,22761,85195,1.9586590833302457,0.2871961003762085
1280,0.4583,2,22,2,394183,211427,22763,85193,1.9584552966023194,0.2872125952397006
1281,0.4586,0,1,0,394184,211426,22763,85193,1.958446033569232,0.28721356352762295
1282,0.4588,0,3,0,394187,211423,22763,85193,1.9584182444699691,0.2872164684305634
1283,0.459,0,4,0,394191,211419,22763,85193,1.958381192337619,0.28722034172589106
1284,0.4592,1,3,1,394194,211416,22764,85192,1.9583534032383563,0.2872208436724566
1285,0.4593,1,2,1,394196,211414,22765,85191,1.9583348771721814,0.2872203772694324
1286,0.4596,0,1,0,394197,211413,22765,85191,1.9583256141390937,0.2872213456325606
1287,0.46,1325,9460,1325,403657,201953,24090,83866,1.870697321130831,0.2934234603017994
1288,0.4607,1,0,1,403657,201953,24091,83865,1.870697321130831,0.2934209881812902
1289,0.4608,0,2,0,403659,201951,24091,83865,1.870678795064656,0.29342304139726255
1290,0.461,0,2,0,403661,201949,24091,83865,1.8706602689984808,0.29342509464197
1291,0.4613,0,1,0,403662,201948,24091,83865,1.8706510059653934,0.2934261212750994
1292,0.4615,0,1,0,403663,201947,24091,83865,1.8706417429323057,0.2934271479154129
1293,0.4617,1,18,1,403681,201929,24092,83864,1.8704750083367299,0.2934431564104089
1294,0.4618,0,2,0,403683,201927,24092,83864,1.8704564822705547,0.29344520996112544
1295,0.462,2,11,2,403694,201916,24094,83862,1.8703545889065916,0.29345156030205266
1296,0.4625,5,57,5,403751,201859,24099,83857,1.869826596020601,0.2934977390135659
1297,0.4627,0,3,0,403754,201856,24099,83857,1.8697988069213383,0.2935008207536934
1298,0.4633,18,126,18,403880,201730,24117,83839,1.8686316647523065,0.2935857883733879
1299,0.4638,0,2,0,403882,201728,24117,83839,1.8686131386861313,0.2935878445338572
1300,0.464,4,26,4,403908,201702,24121,83835,1.868372299825855,0.2936046817049979
1301,0.4642,1,1,1,403909,201701,24122,83834,1.8683630367927675,0.2936032360306092
1302,0.4643,0,3,0,403912,201698,24122,83834,1.8683352476935047,0.2936063208326913
1303,0.4647,0,2,0,403914,201696,24122,83834,1.8683167216273298,0.2936083774034252
1304,0.465,26,334,26,404248,201362,24148,83808,1.8652228685760865,0.29388785636637793
1305,0.4652,0,2,0,404250,201360,24148,83808,1.8652043425099114,0.29388991752230265
1306,0.4653,0,1,0,404251,201359,24148,83808,1.865195079476824,0.29389094811110683
1307,0.4657,0,3,0,404254,201356,24148,83808,1.8651672903775611,0.29389403992088764
1308,0.4658,0,3,0,404257,201353,24148,83808,1.8651395012782985,0.2938971317957224
1309,0.466,2,20,2,404277,201333,24150,83806,1.8649542406165476,0.2939127934095301
1310,0.4663,0,2,0,404279,201331,24150,83806,1.8649357145503724,0.2939148549644557
1311,0.4664,0,1,0,404280,201330,24150,83806,1.8649264515172848,0.2939158857527636
1312,0.4667,25,162,25,404442,201168,24175,83781,1.863425840157101,0.29402103534316665
1313,0.4671,0,2,0,404444,201166,24175,83781,1.863407314090926,0.29402309903245166
1314,0.4673,0,2,0,404446,201164,24175,83781,1.8633887880247508,0.2940251627507063
1315,0.4675,6,52,6,404498,201112,24181,83775,1.862907110304198,0.2940639622025575
1316,0.4679,0,1,0,404499,201111,24181,83775,1.8628978472711104,0.29406499441882017
1317,0.468,1,14,1,404513,201097,24182,83774,1.8627681648078847,0.2940769681715584
1318,0.4683,2,16,2,404529,201081,24184,83772,1.8626199562784838,0.2940885298733031
1319,0.4685,0,1,0,404530,201080,24184,83772,1.8626106932453963,0.29408956229901845
1320,0.4686,0,1,0,404531,201079,24184,83772,1.8626014302123086,0.2940905947319827
1321,0.4687,0,1,0,404532,201078,24184,83772,1.8625921671792212,0.2940916271721959
1322,0.4688,0,1,0,404533,201077,24184,83772,1.8625829041461337,0.29409265961965814
1323,0.469,1,3,1,404536,201074,24185,83771,1.8625551150468709,0.2940932788007513
1324,0.4692,2,4,2,404540,201070,24187,83769,1.8625180629145208,0.29409245222739866
1325,0.4693,1,1,1,404541,201069,24188,83768,1.8625087998814331,0.2940910064352595
1326,0.4695,2,3,2,404544,201066,24190,83766,1.8624810107821705,0.29408914728682173
1327,0.47,1319,9183,1319,413727,191883,25509,82447,1.7774185779391605,0.30053949622717163
1328,0.4701,0,1,0,413728,191882,25509,82447,1.7774093149060728,0.30054059177119447
1329,0.4703,1,1,1,413729,191881,25510,82446,1.7774000518729853,0.3005391375985594
1330,0.4705,1,0,1,413729,191881,25511,82445,1.7774000518729853,0.30053658785532544
1331,0.4706,0,1,0,413730,191880,25511,82445,1.7773907888398977,0.3005376834047207
1332,0.4707,1,0,1,413730,191880,25512,82444,1.7773907888398977,0.30053513363759643
1333,0.4708,0,3,0,413733,191877,25512,82444,1.777362999740635,0.30053842031780287
1334,0.4712,0,1,0,413734,191876,25512,82444,1.7773537367075476,0.3005395158938466
1335,0.4713,0,1,0,413735,191875,25512,82444,1.77734447367446,0.300540611477878
1336,0.4717,0,17,0,413752,191858,25512,82444,1.7771870021119716,0.30055923762859915
1337,0.472,1,18,1,413770,191840,25513,82443,1.7770202675163955,0.30057641195407664
1338,0.4725,5,49,5,413819,191791,25518,82438,1.7765663788951054,0.3006173672368714
1339,0.4727,0,2,0,413821,191789,25518,82438,1.7765478528289302,0.3006195597078333
1340,0.4729,1,1,1,413822,191788,25519,82437,1.7765385897958428,0.30061810557024343
1341,0.473,0,1,0,413823,191787,25519,82437,1.776529326762755,0.3006192018204096
1342,0.4732,0,1,0,413824,191786,25519,82437,1.7765200637296676,0.3006202980785711
1343,0.4733,23,109,23,413933,191677,25542,82414,1.7755103931231242,0.30068116063643097
1344,0.4735,0,3,0,413936,191674,25542,82414,1.7754826040238616,0.3006844517089402
1345,0.474,3,35,3,413971,191639,25545,82411,1.7751583978657972,0.30071519795657725
1346,0.4742,0,2,0,413973,191637,25545,82411,1.775139871799622,0.3007173925735638
1347,0.4743,0,3,0,413976,191634,25545,82411,1.7751120827003595,0.3007206845591053
1348,0.4748,1,0,1,413976,191634,25546,82410,1.7751120827003595,0.3007181328545781
1349,0.475,41,338,41,414314,191296,25587,82369,1.771981177516766,0.3009847806624888
1350,0.4753,0,2,0,414316,191294,25587,82369,1.771962651450591,0.30098698033712995
1351,0.4757,0,1,0,414317,191293,25587,82369,1.7719533884175034,0.30098808018650747
1352,0.4758,0,4,0,414321,191289,25587,82369,1.771916336285153,0.3009924796643986
1353,0.476,4,24,4,414345,191265,25591,82365,1.7716940234910519,0.3010086613309944
1354,0.4762,0,2,0,414347,191263,25591,82365,1.7716754974248767,0.3010108614615463
1355,0.4764,0,1,0,414348,191262,25591,82365,1.7716662343917893,0.3010119615388832
1356,0.4767,15,124,15,414472,191138,25606,82350,1.7705176182889326,0.3011101035511613
1357,0.477,1,3,1,414475,191135,25607,82349,1.7704898291896698,0.30111085109183716
1358,0.4773,0,1,0,414476,191134,25607,82349,1.7704805661565823,0.30111195211402536
1359,0.4774,1,0,1,414476,191134,25608,82348,1.7704805661565823,0.30110939659648533
1360,0.4775,4,48,4,414524,191086,25612,82344,1.7700359405683797,0.301152031598581
1361,0.478,2,15,2,414539,191071,25614,82342,1.7698969950720664,0.3011634413872054
1362,0.4783,2,20,2,414559,191051,25616,82340,1.7697117344103153,0.3011803607287731
1363,0.4785,1,4,1,414563,191047,25617,82339,1.7696746822779652,0.30118221123246985
1364,0.479,0,3,0,414566,191044,25617,82339,1.7696468931787024,0.30118551629033263
1365,0.4792,2,5,2,414571,191039,25619,82337,1.7696005780132646,0.30118591244293574
1366,0.4795,0,1,0,414572,191038,25619,82337,1.7695913149801772,0.3011870141746685
1367,0.48,1400,9180,1400,423752,181858,27019,80937,1.6845566712364297,0.30798531174489624
1368,0.4804,0,1,0,423753,181857,27019,80937,1.684547408203342,0.30798648370967374
1369,0.4805,0,1,0,423754,181856,27019,80937,1.6845381451702546,0.30798765568337055
1370,0.4807,0,5,0,423759,181851,27019,80937,1.6844918300048168,0.30799351568564776
1371,0.4808,2,1,2,423760,181850,27021,80935,1.6844825669717292,0.30798942100957055
1372,0.481,0,1,0,423761,181849,27021,80935,1.6844733039386417,0.30799059303458354
1373,0.4817,2,17,2,423778,181832,27023,80933,1.6843158323761533,0.3080052518409986
1374,0.482,3,13,3,423791,181819,27026,80930,1.684195412946015,0.3080125899622834
1375,0.4825,6,43,6,423834,181776,27032,80924,1.6837971025232503,0.30804720213170916
1376,0.4826,0,1,0,423835,181775,27032,80924,1.6837878394901626,0.30804837475589936
1377,0.4827,0,2,0,423837,181773,27032,80924,1.6837693134239875,0.3080507200310624
1378,0.4829,0,3,0,423840,181770,27032,80924,1.683741524324725,0.30805423801076537
1379,0.483,0,1,0,423841,181769,27032,80924,1.6837322612916374,0.3080554106885223
1380,0.4833,20,125,20,423966,181644,27052,80904,1.682574382155693,0.3081493669728964
1381,0.4838,1,1,1,423967,181643,27053,80903,1.6825651191226054,0.3081479055098916
1382,0.484,7,21,7,423988,181622,27060,80896,1.6823705954277668,0.30815410752786476
1383,0.4842,0,2,0,423990,181620,27060,80896,1.6823520693615917,0.30815645522558627
1384,0.4843,1,2,1,423992,181618,27061,80895,1.6823335432954167,0.30815616750408553
1385,0.485,47,304,47,424296,181314,27108,80848,1.6795175812368002,0.3083894691068881
1386,0.4853,0,1,0,424297,181313,27108,80848,1.6795083182037127,0.30839064544306743
1387,0.4857,0,2,0,424299,181311,27108,80848,1.6794897921375376,0.3083929981423487
1388,0.4858,0,3,0,424302,181308,27108,80848,1.6794620030382748,0.30839652725857886
1389,0.486,5,25,5,424327,181283,27113,80843,1.679230427211086,0.3084127480677232
1390,0.4862,1,0,1,424327,181283,27114,80842,1.679230427211086,0.3084101096804959
1391,0.4865,1,1,1,424328,181282,27115,80841,1.6792211641779984,0.3084086478485291
1392,0.4867,22,112,22,424440,181170,27137,80819,1.6781837044721923,0.30848241720072217
1393,0.487,0,4,0,424444,181166,27137,80819,1.678146652339842,0.3084871271255988
1394,0.4871,0,2,0,424446,181164,27137,80819,1.6781281262736671,0.308489482141971
1395,0.4873,0,2,0,424448,181162,27137,80819,1.678109600207492,0.30849183719430034
1396,0.4874,0,1,0,424449,181161,27137,80819,1.6781003371744043,0.30849301473394913
1397,0.4875,10,55,10,424504,181106,27147,80809,1.677590870354589,0.3085313937727889
1398,0.4876,0,1,0,424505,181105,27147,80809,1.6775816073215013,0.3085325717601961
1399,0.4877,0,2,0,424507,181103,27147,80809,1.6775630812553262,0.30853492776199637
1400,0.488,1,16,1,424523,181087,27148,80808,1.6774148727259255,0.30855113690601194
1401,0.4883,2,22,2,424545,181065,27150,80806,1.6772110859979992,0.30857177770734445
1402,0.4886,1,3,1,424548,181062,27151,80805,1.6771832968987366,0.3085726723871278
1403,0.4887,0,1,0,424549,181061,27151,80805,1.677174033865649,0.3085738507480925
1404,0.489,0,2,0,424551,181059,27151,80805,1.6771555077994738,0.30857620749702136
1405,0.4892,1,1,1,424552,181058,27152,80804,1.6771462447663863,0.3085747454766251
1406,0.4893,0,1,0,424553,181057,27152,80804,1.6771369817332988,0.3085759238680063
1407,0.49,1502,8659,1502,433212,172398,28654,79302,1.5969283782281671,0.3150655542312277
1408,0.4903,1,0,1,433212,172398,28655,79301,1.5969283782281671,0.3150628329870202
1409,0.4907,0,2,0,433214,172396,28655,79301,1.596909852161992,0.31506533649586604
1410,0.4908,0,2,0,433216,172394,28655,79301,1.5968913260958169,0.3150678400444983
1411,0.491,0,2,0,433218,172392,28655,79301,1.5968728000296417,0.31507034363291786
1412,0.4913,0,1,0,433219,172391,28655,79301,1.5968635369965543,0.3150715954420482
1413,0.4917,0,15,0,433234,172376,28655,79301,1.5967245915002408,0.3150903737727325
1414,0.4918,0,1,0,433235,172375,28655,79301,1.5967153284671534,0.3150916257410321
1415,0.492,1,10,1,433245,172365,28656,79300,1.5966226981362777,0.31510142451274514
1416,0.4923,0,1,0,433246,172364,28656,79300,1.5966134351031902,0.3151026765846526
1417,0.4925,10,35,10,433281,172329,28666,79290,1.5962892289451258,0.31511928749418766
1418,0.4927,0,1,0,433282,172328,28666,79290,1.5962799659120381,0.3151205398659873
1419,0.4929,1,0,1,433282,172328,28667,79289,1.5962799659120381,0.31511781795347693
1420,0.493,1,2,1,433284,172326,28668,79288,1.5962614398458632,0.31511760076943257
1421,0.4933,13,116,13,433400,172210,28681,79275,1.595186928007707,0.31522754836272543
1422,0.4935,1,0,1,433400,172210,28682,79274,1.595186928007707,0.31522482543621066
1423,0.4937,0,1,0,433401,172209,28682,79274,1.5951776649746192,0.3152260788999654
1424,0.494,0,17,0,433418,172192,28682,79274,1.5950201934121309,0.31524738930909146
1425,0.4942,2,1,2,433419,172191,28684,79272,1.5950109303790434,0.3152431968122547
1426,0.4943,0,3,0,433422,172188,28684,79272,1.5949831412797806,0.3152469577666428
1427,0.4944,0,1,0,433423,172187,28684,79272,1.5949738782466931,0.31524821143804754
1428,0.4946,0,1,0,433424,172186,28684,79272,1.5949646152136054,0.31524946511942353
1429,0.495,50,304,50,433728,171882,28734,79222,1.592148653154989,0.3154947750732764
1430,0.4954,0,1,0,433729,171881,28734,79222,1.5921393901219014,0.31549603150898237
1431,0.4957,1,4,1,433733,171877,28735,79221,1.5921023379895514,0.3154983313288039
1432,0.4958,0,3,0,433736,171874,28735,79221,1.5920745488902885,0.31550210079850255
1433,0.496,3,27,3,433763,171847,28738,79218,1.5918244469969247,0.31552785135323524
1434,0.4962,2,1,2,433764,171846,28740,79216,1.591815183963837,0.3155236555113876
1435,0.4963,0,3,0,433767,171843,28740,79216,1.5917873948645744,0.3155274258242087
1436,0.4967,17,111,17,433878,171732,28757,79199,1.5907591981918558,0.3156206287784291
1437,0.497,1,1,1,433879,171731,28758,79198,1.5907499351587684,0.3156191592043965
1438,0.4971,0,6,0,433885,171725,28758,79198,1.590694356960243,0.315626706200707
1439,0.4975,14,51,14,433936,171674,28772,79184,1.5902219422727777,0.31565268000223234
1440,0.498,2,22,2,433958,171652,28774,79182,1.5900181555448516,0.31567490850522656
1441,0.4983,3,20,3,433978,171632,28777,79179,1.5898328948831004,0.3156918954910271
1442,0.4987,0,2,0,433980,171630,28777,79179,1.5898143688169255,0.31569441287992056
1443,0.499,0,4,0,433984,171626,28777,79179,1.5897773166845752,0.31569944777815434
1444,0.4992,3,4,3,433988,171622,28780,79176,1.589740264552225,0.3156962974186397
1445,0.4993,0,1,0,433989,171621,28780,79176,1.5897310015191375,0.31569755619086354
1446,0.5,1423,8506,1423,442495,163115,30203,77753,1.5109396420764014,0.32280336117707625
1447,0.5002,0,1,0,442496,163114,30203,77753,1.510930379043314,0.3228047013497075
1448,0.5007,0,3,0,442499,163111,30203,77753,1.5109025899440514,0.3228087219343696
1449,0.5008,0,2,0,442501,163109,30203,77753,1.5108840638778762,0.32281140237978595
1450,0.501,0,2,0,442503,163107,30203,77753,1.510865537811701,0.32281408286971686
1451,0.5012,0,2,0,442505,163105,30203,77753,1.510847011745526,0.32281676340416343
1452,0.5014,0,2,0,442507,163103,30203,77753,1.5108284856793508,0.32281944398312684
1453,0.5017,1,19,1,442526,163084,30204,77752,1.5106524880506873,0.3228421000182697
1454,0.502,3,16,3,442542,163068,30207,77749,1.5105042795212864,0.3228551140492573
1455,0.5023,0,2,0,442544,163066,30207,77749,1.5104857534551113,0.32285779540311027
1456,0.5025,13,70,13,442614,162996,30220,77736,1.5098373411389825,0.32291510891780073
1457,0.5029,2,3,2,442617,162993,30222,77734,1.50980955203972,0.322913507832524
1458,0.503,0,4,0,442621,162989,30222,77734,1.5097724999073696,0.322918873560067
1459,0.5033,12,109,12,442730,162880,30234,77722,1.5087628293008262,0.32303139624774524
1460,0.5035,0,1,0,442731,162879,30234,77722,1.5087535662677387,0.32303273884979694
1461,0.504,9,20,9,442751,162859,30243,77713,1.5085683056059875,0.3230342683271536
1462,0.5042,2,4,2,442755,162855,30245,77711,1.5085312534736375,0.3230340114563155
1463,0.5043,0,3,0,442758,162852,30245,77711,1.5085034643743747,0.32303803993132774
1464,0.5047,0,1,0,442759,162851,30245,77711,1.5084942013412872,0.32303938277865996
1465,0.505,34,298,34,443057,162553,30279,77677,1.505733817481196,0.32334429505057655
1466,0.5057,1,1,1,443058,162552,30280,77676,1.5057245544481086,0.3233428243168989
1467,0.5058,0,2,0,443060,162550,30280,77676,1.5057060283819335,0.32334551630547903
1468,0.506,1,39,1,443099,162511,30281,77675,1.5053447700915188,0.3233952020517432
1469,0.5067,22,121,22,443220,162390,30303,77653,1.5042239430879247,0.3234962069295918
1470,0.5068,0,1,0,443221,162389,30303,77653,1.504214680054837,0.3234975545946126
1471,0.507,0,2,0,443223,162387,30303,77653,1.5041961539886621,0.32350024995834026
1472,0.5071,2,3,2,443226,162384,30305,77651,1.5041683648893993,0.32349865644593495
1473,0.5072,0,1,0,443227,162383,30305,77651,1.5041591018563119,0.3235000041660765
1474,0.5073,0,1,0,443228,162382,30305,77651,1.5041498388232242,0.32350135189744744
1475,0.5075,7,54,7,443282,162328,30312,77644,1.5036496350364963,0.32355441468171287
1476,0.508,3,9,3,443291,162319,30315,77641,1.5035662677387083,0.3235580930155026
1477,0.5082,0,1,0,443292,162318,30315,77641,1.5035570047056208,0.32355944140457327
1478,0.5083,2,16,2,443308,162302,30317,77639,1.50340879617622,0.3235753789473246
1479,0.5086,1,1,1,443309,162301,30318,77638,1.5033995331431325,0.32357390836837696
1480,0.5087,0,1,0,443310,162300,30318,77638,1.5033902701100448,0.3235752569413765
1481,0.5088,0,1,0,443311,162299,30318,77638,1.5033810070769573,0.3235766055256171
1482,0.509,0,3,0,443314,162296,30318,77638,1.5033532179776947,0.3235806513457868
1483,0.5092,1,0,1,443314,162296,30319,77637,1.5033532179776947,0.32357783214480706
1484,0.5093,1,0,1,443314,162296,30320,77636,1.5033532179776947,0.3235750129203274
1485,0.5095,0,1,0,443315,162295,30320,77636,1.503343954944607,0.3235763615372753
1486,0.5096,0,1,0,443316,162294,30320,77636,1.5033346919115196,0.32357771016546494
1487,0.51,1546,8282,1546,451598,154012,31866,76090,1.4266182518803958,0.3306794378145344
1488,0.5105,0,1,0,451599,154011,31866,76090,1.4266089888473081,0.33068087492014375
1489,0.5108,0,3,0,451602,154008,31866,76090,1.4265811997480455,0.3306851863119193
1490,0.511,2,4,2,451606,154004,31868,76088,1.4265441476156953,0.33068511725744487
1491,0.5113,0,3,0,451609,154001,31868,76088,1.4265163585164327,0.33068942887317515
1492,0.5114,0,1,0,451610,154000,31868,76088,1.426507095483345,0.3306908661034039
1493,0.5117,3,17,3,451627,153983,31871,76085,1.4263496239208566,0.33070657370864265
1494,0.512,4,13,4,451640,153970,31875,76081,1.4262292044907185,0.3307136243702483
1495,0.5122,0,1,0,451641,153969,31875,76081,1.4262199414576309,0.33071506194305583
1496,0.5123,0,1,0,451642,153968,31875,76081,1.4262106784245434,0.33071649952836135
1497,0.5125,10,35,10,451677,153933,31885,76071,1.425886472266479,0.33073772630041215
1498,0.5127,0,1,0,451678,153932,31885,76071,1.4258772092333913,0.33073916427177036
1499,0.5128,1,0,1,451678,153932,31886,76070,1.4258772092333913,0.33073625446735244
1500,0.5129,0,1,0,451679,153931,31886,76070,1.4258679462003039,0.33073769244481543
1501,0.513,0,1,0,451680,153930,31886,76070,1.4258586831672162,0.3307391304347826
1502,0.5132,0,1,0,451681,153929,31886,76070,1.4258494201341287,0.3307405684372541
1503,0.5133,25,130,25,451811,153799,31911,76045,1.4246452258327467,0.33085484067454446
1504,0.5135,1,0,1,451811,153799,31912,76044,1.4246452258327467,0.3308519293604765
1505,0.5138,0,2,0,451813,153797,31912,76044,1.4246266997665715,0.3308548083240153
1506,0.514,8,30,8,451843,153767,31920,76036,1.4243488087739449,0.330874705726209
1507,0.5142,0,4,0,451847,153763,31920,76036,1.4243117566415948,0.330880465102111
1508,0.5143,1,5,1,451852,153758,31921,76035,1.4242654414761569,0.33088475279925844
1509,0.5145,0,1,0,451853,153757,31921,76035,1.4242561784430694,0.33088619273081743
1510,0.5147,0,1,0,451854,153756,31921,76035,1.424246915409982,0.33088763267490895
1511,0.515,46,271,46,452125,153485,31967,75989,1.4217366334432546,0.33114426906751965
1512,0.5157,0,4,0,452129,153481,31967,75989,1.4216995813109043,0.33115004139974724
1513,0.5158,2,1,2,452130,153480,31969,75987,1.421690318277817,0.33114565493077436
1514,0.516,3,20,3,452150,153460,31972,75984,1.4215050576160657,0.33116577465525354
1515,0.5162,1,2,1,452152,153458,31973,75983,1.4214865315498908,0.3311657463138672
1516,0.5167,31,132,31,452284,153326,32004,75952,1.4202638111823336,0.33126597405769415
1517,0.517,0,1,0,452285,153325,32004,75952,1.420254548149246,0.33126741888632527
1518,0.5171,1,4,1,452289,153321,32005,75951,1.4202174960168958,0.33127028158693606
1519,0.5175,6,40,6,452329,153281,32011,75945,1.4198469746933937,0.3313105843141703
1520,0.5177,0,1,0,452330,153280,32011,75945,1.419837711660306,0.33131202966517614
1521,0.518,4,13,4,452343,153267,32015,75941,1.4197172922301677,0.33131915116400823
1522,0.5183,3,13,3,452356,153254,32018,75938,1.4195968728000297,0.33132919124576776
1523,0.5186,0,1,0,452357,153253,32018,75938,1.419587609766942,0.33133063689237363
1524,0.5187,1,0,1,452357,153253,32019,75937,1.419587609766942,0.3313277193594834
1525,0.519,2,2,2,452359,153251,32021,75935,1.419569083700767,0.3313247755098479
1526,0.5192,1,2,1,452361,153249,32022,75934,1.419550557634592,0.3313247492178739
1527,0.5193,0,2,0,452363,153247,32022,75934,1.4195320315684168,0.3313276405984789
1528,0.52,1586,8087,1586,460450,145160,33608,74348,1.3446218829893661,0.3387029174335332
1529,0.5202,0,1,0,460451,145159,33608,74348,1.3446126199562785,0.3387044604500084
1530,0.5205,0,1,0,460452,145158,33608,74348,1.344603356923191,0.3387060034805427
1531,0.5208,0,2,0,460454,145156,33608,74348,1.3445848308570159,0.3387090895837889
1532,0.521,1,1,1,460455,145155,33609,74347,1.3445755678239282,0.3387076199761278
1533,0.5212,0,2,0,460457,145153,33609,74347,1.3445570417577533,0.3387107061503417
1534,0.5213,0,1,0,460458,145152,33609,74347,1.3445477787246656,0.33871224925853877
1535,0.5214,1,1,1,460459,145151,33610,74346,1.3445385156915781,0.33871077964619106
1536,0.5217,3,14,3,460473,145137,33613,74343,1.3444088332283524,0.33872334609076
1537,0.522,0,11,0,460484,145126,33613,74343,1.3443069398643892,0.33874032323471653
1538,0.5223,0,1,0,460485,145125,33613,74343,1.3442976768313017,0.3387418666958281
1539,0.5225,10,43,10,460528,145082,33623,74333,1.3438993664085368,0.33877811453182327
1540,0.5227,1,1,1,460529,145081,33624,74332,1.3438901033754493,0.33877664495722676
1541,0.5229,0,4,0,460533,145077,33624,74332,1.343853051243099,0.33878282112401953
1542,0.523,0,2,0,460535,145075,33624,74332,1.343834525176924,0.338785909291864
1543,0.5233,22,116,22,460651,144959,33646,74310,1.3427600133387676,0.33889879554337365
1544,0.5238,0,1,0,460652,144958,33646,74310,1.3427507503056801,0.33890034113504935
1545,0.524,4,16,4,460668,144942,33650,74306,1.3426025417762792,0.338913011749252
1546,0.5242,1,1,1,460669,144941,33651,74305,1.3425932787431916,0.3389115422858342
1547,0.5243,0,3,0,460672,144938,33651,74305,1.342565489643929,0.3389161797640062
1548,0.5245,0,1,0,460673,144937,33651,74305,1.3425562266108415,0.33891772561826655
1549,0.5247,0,2,0,460675,144935,33651,74305,1.3425377005446664,0.33892081736909324
1550,0.525,60,282,60,460957,144653,33711,74245,1.3399255252139761,0.33917623733428354
1551,0.5257,0,3,0,460960,144650,33711,74245,1.3398977361147133,0.3391808858128326
1552,0.5258,0,8,0,460968,144642,33711,74245,1.339823631850013,0.3391932823785789
1553,0.526,6,22,6,460990,144620,33717,74239,1.3396198451220869,0.33920926258458645
1554,0.5262,0,3,0,460993,144617,33717,74239,1.339592056022824,0.3392139123441898
1555,0.5267,21,102,21,461095,144515,33738,74218,1.3386472266478935,0.3393086548440336
1556,0.527,0,2,0,461097,144513,33738,74218,1.3386287005817186,0.3393117573640682
1557,0.5271,1,2,1,461099,144511,33739,74217,1.3386101745155434,0.3393118393621301
1558,0.5273,0,1,0,461100,144510,33739,74217,1.3386009114824557,0.33931339066507565
1559,0.5275,6,64,6,461164,144446,33745,74211,1.3380080773648524,0.3393945768944054
1560,0.5279,0,1,0,461165,144445,33745,74211,1.3379988143317647,0.3393961290794673
1561,0.528,2,11,2,461176,144434,33747,74209,1.3378969209678018,0.3394071614458272
1562,0.5282,0,1,0,461177,144433,33747,74209,1.337887657934714,0.3394087137878358
1563,0.5283,0,17,0,461194,144416,33747,74209,1.3377301863722257,0.3394351057747284
1564,0.5285,0,2,0,461196,144414,33747,74209,1.3377116603060506,0.3394382109842057
1565,0.5286,0,1,0,461197,144413,33747,74209,1.3377023972729631,0.33943976361024963
1566,0.5292,2,2,2,461199,144411,33749,74207,1.337683871206788,0.33943682587893037
1567,0.5293,0,4,0,461203,144407,33749,74207,1.3376468190744377,0.33944303658503117
1568,0.53,1643,7728,1643,468931,136679,35392,72564,1.266062099373819,0.34679296320545966
1569,0.5303,1,0,1,468931,136679,35393,72563,1.266062099373819,0.34678984142762925
1570,0.5305,1,0,1,468931,136679,35394,72562,1.266062099373819,0.34678671961995977
1571,0.5307,0,1,0,468932,136678,35394,72562,1.2660528363407315,0.3467883769833684
1572,0.5308,1,0,1,468932,136678,35395,72561,1.2660528363407315,0.3467852551388603
1573,0.531,1,2,1,468934,136676,35396,72560,1.2660343102745564,0.34678544801085853
1574,0.5312,0,1,0,468935,136675,35396,72560,1.2660250472414687,0.34678710540779506
1575,0.5314,0,2,0,468937,136673,35396,72560,1.2660065211752936,0.3467904202491959
1576,0.5315,0,1,0,468938,136672,35396,72560,1.265997258142206,0.3467920776936606
1577,0.5317,0,15,0,468953,136657,35396,72560,1.2658583126458929,0.34681694126194335
1578,0.532,4,11,4,468964,136646,35400,72556,1.2657564192819297,0.3468226881196165
1579,0.5325,8,33,8,468997,136613,35408,72548,1.2654507391900405,0.3468524246872027
1580,0.5327,0,2,0,468999,136611,35408,72548,1.2654322131238653,0.3468557413259769
1581,0.5329,0,1,0,469000,136610,35408,72548,1.2654229500907777,0.34685739966914964
1582,0.5333,25,116,25,469116,136494,35433,72523,1.2643484382526213,0.34697177741523416
1583,0.5335,0,1,0,469117,136493,35433,72523,1.2643391752195339,0.346973437440196
1584,0.534,3,32,3,469149,136461,35436,72520,1.264042758160732,0.34701719295055533
1585,0.5342,1,3,1,469152,136458,35437,72519,1.2640149690614695,0.3470190499432952
1586,0.5343,1,1,1,469153,136457,35438,72518,1.264005706028382,0.34701758583562625
1587,0.5345,0,1,0,469154,136456,35438,72518,1.2639964429952943,0.3470192464134294
1588,0.5349,1,2,1,469156,136454,35439,72517,1.2639779169291192,0.3470194428892047
1589,0.535,45,268,45,469424,136186,35484,72472,1.2614954240616547,0.347324329764495
1590,0.5352,0,1,0,469425,136185,35484,72472,1.2614861610285673,0.34732599433520084
1591,0.5356,0,1,0,469426,136184,35484,72472,1.2614768979954796,0.3473276589218618
1592,0.5357,0,1,0,469427,136183,35484,72472,1.2614676349623921,0.3473293235244782
1593,0.5358,0,4,0,469431,136179,35484,72472,1.2614305828300418,0.3473359820945023
1594,0.536,2,19,2,469450,136160,35486,72470,1.2612545852013783,0.3473613574270239
1595,0.5362,0,3,0,469453,136157,35486,72470,1.2612267961021157,0.3473663523896715
1596,0.5364,0,1,0,469454,136156,35486,72470,1.261217533069028,0.34736801740914364
1597,0.5365,0,2,0,469456,136154,35486,72470,1.261199007002853,0.3473713474959736
1598,0.5367,21,120,21,469576,136034,35507,72449,1.2600874430323465,0.34750555201143496
1599,0.5371,3,2,3,469578,136032,35510,72446,1.2600689169661714,0.34749949634973476
1600,0.5375,8,45,8,469623,135987,35518,72438,1.2596520804772315,0.347549478229579
1601,0.5377,0,1,0,469624,135986,35518,72438,1.2596428174441439,0.34755114574137336
1602,0.538,4,13,4,469637,135973,35522,72434,1.2595223980140058,0.3475603026769734
1603,0.5383,2,19,2,469656,135954,35524,72432,1.259346400385342,0.3475857303273732
1604,0.5385,0,1,0,469657,135953,35524,72432,1.2593371373522546,0.34758739832521535
1605,0.5386,0,1,0,469658,135952,35524,72432,1.2593278743191672,0.34758906633906633
1606,0.5387,2,1,2,469659,135951,35526,72430,1.2593186112860795,0.3475844726726525
1607,0.539,1,0,1,469659,135951,35527,72429,1.2593186112860795,0.3475813417794414
1608,0.5392,0,2,0,469661,135949,35527,72429,1.2593000852199043,0.34758467784507
1609,0.5393,1,0,1,469661,135949,35528,72428,1.2593000852199043,0.34758154690776816
1610,0.5395,0,2,0,469663,135947,35528,72428,1.2592815591537292,0.3475848830233953
1611,0.5398,0,1,0,469664,135946,35528,72428,1.2592722961206417,0.34758655110522424
1612,0.54,1664,7640,1664,477304,128306,37192,70764,1.1885027233317278,0.35547294921384437
1613,0.5404,0,1,0,477305,128305,37192,70764,1.1884934602986401,0.35547473489091724
1614,0.5408,0,4,0,477309,128301,37192,70764,1.18845640816629,0.355481877778615
1615,0.541,0,4,0,477313,128297,37192,70764,1.1884193560339398,0.3554890209533761
1616,0.5414,0,2,0,477315,128295,37192,70764,1.1884008299677646,0.35549259264841077
1617,0.5415,0,2,0,477317,128293,37192,70764,1.1883823039015895,0.35549616441521775
1618,0.5417,2,14,2,477331,128279,37194,70762,1.1882526214383637,0.3555146929527082
1619,0.542,2,9,2,477340,128270,37196,70760,1.1881692541405757,0.3555242928201779
1620,0.5424,0,1,0,477341,128269,37196,70760,1.1881599911074883,0.35552607911409895
1621,0.5425,10,48,10,477389,128221,37206,70750,1.1877153655192856,0.3555794563026773
1622,0.5429,0,1,0,477390,128220,37206,70750,1.1877061024861981,0.35558124340352815
1623,0.543,0,3,0,477393,128217,37206,70750,1.1876783133869355,0.3555866048138636
1624,0.5433,22,97,22,477490,128120,37228,70728,1.1867797991774427,0.35568876729964594
1625,0.5435,0,2,0,477492,128118,37228,70728,1.1867612731112676,0.35569234482966716
1626,0.544,2,14,2,477506,128104,37230,70726,1.1866315906480418,0.35571090881657697
1627,0.5443,0,6,0,477512,128098,37230,70726,1.1865760124495164,0.3557216432623828
1628,0.5444,0,1,0,477513,128097,37230,70726,1.186566749416429,0.3557234323996721
1629,0.545,38,244,38,477757,127853,37268,70688,1.1843065693430657,0.35603729204547174
1630,0.5451,0,1,0,477758,127852,37268,70688,1.1842973063099782,0.35603908532285683
1631,0.5453,1,1,1,477759,127851,37269,70687,1.1842880432768905,0.35603763511267367
1632,0.5454,0,1,0,477760,127850,37269,70687,1.184278780243803,0.35603942841888414
1633,0.5457,1,3,1,477763,127847,37270,70686,1.1842509911445405,0.35604156487838295
1634,0.5458,0,2,0,477765,127845,37270,70686,1.1842324650783653,0.3560451516387869
1635,0.546,4,17,4,477782,127828,37274,70682,1.1840749935158768,0.35606266686816784
1636,0.5463,0,1,0,477783,127827,37274,70682,1.1840657304827893,0.3560644605534258
1637,0.5464,0,1,0,477784,127826,37274,70682,1.1840564674497018,0.3560662542567554
1638,0.5465,1,0,1,477784,127826,37275,70681,1.1840564674497018,0.3560630103724302
1639,0.5467,19,116,19,477900,127710,37294,70662,1.1829819556115455,0.3562095457020144
1640,0.5471,1,2,1,477902,127708,37295,70661,1.1829634295453704,0.35620989166654066
1641,0.5473,1,0,1,477902,127708,37296,70660,1.1829634295453704,0.3562066462332634
1642,0.5475,11,49,11,477951,127659,37307,70649,1.1825095409240802,0.3562589507231176
1643,0.5477,0,1,0,477952,127658,37307,70649,1.1825002778909925,0.35626074722526185
1644,0.5479,0,2,0,477954,127656,37307,70649,1.1824817518248176,0.3562643402839061
1645,0.548,2,12,2,477966,127644,37309,70647,1.1823705954277668,0.35627940753740717
1646,0.5482,0,1,0,477967,127643,37309,70647,1.1823613323946793,0.3562812042967371
1647,0.5483,6,25,6,477992,127618,37315,70641,1.1821297565674904,0.3563066493828779
1648,0.5485,0,2,0,477994,127616,37315,70641,1.1821112305013153,0.3563102437744947
1649,0.5486,0,1,0,477995,127615,37315,70641,1.1821019674682278,0.3563120409974982
1650,0.549,0,3,0,477998,127612,37315,70641,1.1820741783689652,0.35631743277529215
1651,0.5492,0,1,0,477999,127611,37315,70641,1.1820649153358775,0.35631923007081895
1652,0.5493,1,1,1,478000,127610,37316,70640,1.18205565230279,0.3563177805800757
1653,0.55,1675,7280,1675,485280,120330,38991,68965,1.1146207714253955,0.36432552365355664
1654,0.5507,2,0,2,485280,120330,38993,68963,1.1146207714253955,0.3643188073515661
1655,0.5508,1,0,1,485280,120330,38994,68962,1.1146207714253955,0.3643154491473491
1656,0.551,0,2,0,485282,120328,38994,68962,1.1146022453592204,0.36431929843097893
1657,0.5514,0,1,0,485283,120327,38994,68962,1.114592982326133,0.36432122310329706
1658,0.5517,5,18,5,485301,120309,38999,68957,1.1144262477305569,0.3643390783341963
1659,0.5519,0,1,0,485302,120308,38999,68957,1.1144169846974694,0.3643410033550841
1660,0.552,3,4,3,485306,120304,39002,68954,1.1143799325651191,0.36433862769341324
1661,0.5523,1,3,1,485309,120301,39003,68953,1.1143521434658565,0.36434104431082037
1662,0.5524,0,1,0,485310,120300,39003,68953,1.1143428804327689,0.36434296946415645
1663,0.5525,13,43,13,485353,120257,39016,68940,1.1139445700100041,0.3643820990819093
1664,0.5527,0,1,0,485354,120256,39016,68940,1.1139353069769165,0.3643840250322417
1665,0.5529,1,0,1,485354,120256,39017,68939,1.1139353069769165,0.36438066545098974
1666,0.553,2,5,2,485359,120251,39019,68937,1.1138889918114787,0.3643835761253356
1667,0.5531,0,1,0,485360,120250,39019,68937,1.1138797287783913,0.3643855021750966
1668,0.5533,18,111,18,485471,120139,39037,68919,1.1128515321056727,0.36453892456283254
1669,0.5534,1,0,1,485471,120139,39038,68918,1.1128515321056727,0.36453556334861975
1670,0.5537,0,1,0,485472,120138,39038,68918,1.1128422690725852,0.3645374915368991
1671,0.5538,0,1,0,485473,120137,39038,68918,1.1128330060394975,0.3645394197455767
1672,0.554,2,17,2,485490,120120,39040,68916,1.1126755344770092,0.36456547959118896
1673,0.5542,0,5,0,485495,120115,39040,68916,1.1126292193115714,0.3645751225989388
1674,0.5543,0,1,0,485496,120114,39040,68916,1.1126199562784838,0.3645770512617045
1675,0.5544,1,0,1,485496,120114,39041,68915,1.1126199562784838,0.364573689751308
1676,0.5547,0,2,0,485498,120112,39041,68915,1.1126014302123086,0.3645775471228978
1677,0.555,63,262,63,485760,119850,39104,68852,1.1101745155433695,0.36487159648546386
1678,0.5555,0,1,0,485761,119849,39104,68852,1.1101652525102819,0.36487353008198153
1679,0.5557,2,2,2,485763,119847,39106,68850,1.110146726444107,0.3648706656703604
1680,0.5558,0,1,0,485764,119846,39106,68850,1.1101374634110193,0.364872599313181
1681,0.556,5,22,5,485786,119824,39111,68845,1.1099336766830932,0.364898313978449
1682,0.5563,0,1,0,485787,119823,39111,68845,1.1099244136500055,0.36490024805478405
1683,0.5564,0,1,0,485788,119822,39111,68845,1.109915150616918,0.3649021821516216
1684,0.5567,26,110,26,485898,119712,39137,68819,1.1088962169772871,0.36502750210840657
1685,0.557,0,1,0,485899,119711,39137,68819,1.1088869539441994,0.36502943828568396
1686,0.5571,2,6,2,485905,119705,39139,68817,1.1088313757456743,0.36503431960195626
1687,0.5573,0,1,0,485906,119704,39139,68817,1.1088221127125866,0.3650362559078299
1688,0.5575,14,44,14,485950,119660,39153,68803,1.1084145392567342,0.3650743116686034
1689,0.5579,0,1,0,485951,119659,39153,68803,1.1084052762236467,0.3650762487928601
1690,0.558,2,14,2,485965,119645,39155,68801,1.108275593760421,0.3650966324570434
1691,0.5583,3,16,3,485981,119629,39158,68798,1.10812738523102,0.3651175256200014
1692,0.5585,0,1,0,485982,119628,39158,68798,1.1081181221979326,0.36511946334369993
1693,0.5586,0,2,0,485984,119626,39158,68798,1.1080995961317575,0.3651233388528001
1694,0.5587,0,1,0,485985,119625,39158,68798,1.1080903330986698,0.3651252766382023
1695,0.559,0,1,0,485986,119624,39158,68798,1.1080810700655823,0.3651272144441732
1696,0.5592,3,5,3,485991,119619,39161,68795,1.1080347549001446,0.3651267952487607
1697,0.5593,0,2,0,485993,119617,39161,68795,1.1080162288339694,0.3651306710825213
1698,0.56,1692,7126,1692,493119,112491,40853,67103,1.0420078550520582,0.3736372039154983
1699,0.5605,1,1,1,493120,112490,40854,67102,1.0419985920189707,0.3736357966947303
1700,0.5608,0,3,0,493123,112487,40854,67102,1.0419708029197081,0.3736420382094672
1701,0.5614,0,1,0,493124,112486,40854,67102,1.0419615398866204,0.37364411876071896
1702,0.5615,0,2,0,493126,112484,40854,67102,1.0419430138204453,0.3736482799327342
1703,0.5617,4,15,4,493141,112469,40858,67098,1.041804068324132,0.3736655398820496
1704,0.562,3,13,3,493154,112456,40861,67095,1.0416836488939938,0.3736821293114491
1705,0.5624,0,1,0,493155,112455,40861,67095,1.0416743858609063,0.3736842105263158
1706,0.5625,16,43,16,493198,112412,40877,67079,1.0412760754381414,0.37371790229036556
1707,0.5627,0,1,0,493199,112411,40877,67079,1.041266812405054,0.3737199844002451
1708,0.563,1,0,1,493199,112411,40878,67078,1.041266812405054,0.3737164951612634
1709,0.5632,0,1,0,493200,112410,40878,67078,1.0412575493719665,0.3737185772865038
1710,0.5633,22,105,22,493305,112305,40900,67056,1.040284930897773,0.37386053824409987
1711,0.564,3,24,3,493329,112281,40903,67053,1.0400626181036718,0.3739000970256616
1712,0.5642,1,3,1,493332,112278,40904,67052,1.0400348290044092,0.37390286064796746
1713,0.5643,0,1,0,493333,112277,40904,67052,1.0400255659713216,0.3739049456585382
1714,0.565,53,233,53,493566,112044,40957,66999,1.0378672792619215,0.374206196276872
1715,0.5657,0,2,0,493568,112042,40957,66999,1.0378487531957463,0.3742103763942337
1716,0.5658,1,0,1,493568,112042,40958,66998,1.0378487531957463,0.37420688114387846
1717,0.566,7,21,7,493589,112021,40965,66991,1.0376542295009077,0.3742263088508033
1718,0.5661,0,1,0,493590,112020,40965,66991,1.0376449664678202,0.3742283993721056
1719,0.5662,0,1,0,493591,112019,40965,66991,1.0376357034347328,0.37423048991676444
1720,0.5664,1,0,1,493591,112019,40966,66990,1.0376357034347328,0.3742269941734773
1721,0.5667,28,121,28,493712,111898,40994,66962,1.0365148764311387,0.37438219836743825
1722,0.567,0,1,0,493713,111897,40994,66962,1.036505613398051,0.37438429153690894
1723,0.5671,0,6,0,493719,111891,40994,66962,1.0364500351995258,0.3743968510452718
1724,0.5675,10,47,10,493766,111844,41004,66952,1.0360146726444106,0.3744602787534397
1725,0.568,4,10,4,493776,111834,41008,66948,1.0359220423135351,0.37446722824445416
1726,0.5683,1,14,1,493790,111820,41009,66947,1.0357923598503094,0.37449305520593845
1727,0.5686,0,1,0,493791,111819,41009,66947,1.035783096817222,0.374495150084468
1728,0.569,0,1,0,493792,111818,41009,66947,1.0357738337841342,0.3744972449864347
1729,0.5692,0,5,0,493797,111813,41009,66947,1.0357275186186965,0.3745077198478407
1730,0.5693,0,1,0,493798,111812,41009,66947,1.035718255585609,0.3745098148904391
1731,0.5697,0,1,0,493799,111811,41009,66947,1.0357089925525214,0.3745119099564775
1732,0.57,1710,6665,1710,500464,105146,42719,65237,0.9739708770239728,0.38288444269674793
1733,0.5706,0,1,0,500465,105145,42719,65237,0.9739616139908852,0.3828866899085584
1734,0.5708,0,5,0,500470,105140,42719,65237,0.9739152988254474,0.3828979263633002
1735,0.571,0,3,0,500473,105137,42719,65237,0.9738875097261848,0.38290466855271343
1736,0.5712,0,1,0,500474,105136,42719,65237,0.9738782466930972,0.38290691600194865
1737,0.5713,0,1,0,500475,105135,42719,65237,0.9738689836600096,0.38290916347756676
1738,0.5715,0,1,0,500476,105134,42719,65237,0.973859720626922,0.3829114109795681
1739,0.5717,5,13,5,500489,105121,42724,65232,0.9737393011967839,0.3829225197090747
1740,0.572,4,9,4,500498,105112,42728,65228,0.9736559338989959,0.3829282611248092
1741,0.5722,0,1,0,500499,105111,42728,65228,0.9736466708659083,0.38293050916114335
1742,0.5725,9,43,9,500542,105068,42737,65219,0.9732483604431436,0.3829945914837891
1743,0.5727,0,3,0,500545,105065,42737,65219,0.9732205713438808,0.38300133893965377
1744,0.5729,1,2,1,500547,105063,42738,65218,0.9732020452777057,0.38300221398746775
1745,0.573,0,3,0,500550,105060,42738,65218,0.9731742561784431,0.38300896181538424
1746,0.5733,23,81,23,500631,104979,42761,65195,0.9724239504983512,0.3831078778191733
1747,0.5737,0,2,0,500633,104977,42761,65195,0.972405424432176,0.3831123804151094
1748,0.5738,1,2,1,500635,104975,42762,65194,0.972386898366001,0.38311325799646234
1749,0.574,8,21,8,500656,104954,42770,65186,0.9721923746711624,0.38313153873280825
1750,0.5742,1,3,1,500659,104951,42771,65185,0.9721645855718997,0.38313466873559976
1751,0.5747,1,2,1,500661,104949,42772,65184,0.9721460595057245,0.383135546895664
1752,0.575,51,232,51,500893,104717,42823,65133,0.969997035829412,0.38347365322343246
1753,0.5755,0,1,0,500894,104716,42823,65133,0.9699877727963244,0.38347591095620226
1754,0.5757,0,1,0,500895,104715,42823,65133,0.9699785097632369,0.38347816871555745
1755,0.5758,1,3,1,500898,104712,42824,65132,0.9699507206639743,0.38348131226301785
1756,0.576,3,16,3,500914,104696,42827,65129,0.9698025121345734,0.38350655086118063
1757,0.5762,1,0,1,500914,104696,42828,65128,0.9698025121345734,0.38350292067081215
1758,0.5763,0,1,0,500915,104695,42828,65128,0.9697932491014858,0.38350517892158303
1759,0.5767,26,99,26,501014,104596,42854,65102,0.9688762088258179,0.3836344565050855
1760,0.577,1,0,1,501014,104596,42855,65101,0.9688762088258179,0.38363082435163853
1761,0.5771,0,3,0,501017,104593,42855,65101,0.9688484197265552,0.38363760651525686
1762,0.5773,0,2,0,501019,104591,42855,65101,0.9688298936603802,0.3836421280908941
1763,0.5775,12,39,12,501058,104552,42867,65089,0.9684686353699655,0.38368672667574466
1764,0.578,1,13,1,501071,104539,42868,65088,0.9683482159398273,0.3837124985998691
1765,0.5783,3,12,3,501083,104527,42871,65085,0.9682370595427767,0.3837287456076221
1766,0.5786,1,2,1,501085,104525,42872,65084,0.9682185334766016,0.3837296369886032
1767,0.5789,0,1,0,501086,104524,42872,65084,0.968209270443514,0.3837318994387057
1768,0.579,1,0,1,501086,104524,42873,65083,0.968209270443514,0.38372826593242026
1769,0.5792,0,4,0,501090,104520,42873,65083,0.9681722183111638,0.38373731596728833
1770,0.5793,0,1,0,501091,104519,42873,65083,0.9681629552780763,0.38373957854270585
1771,0.5795,0,2,0,501093,104517,42873,65083,0.9681444292119011,0.3837441037735849
1772,0.58,1809,6416,1809,507509,98101,44682,63274,0.9087128089221534,0.39209295120061965
1773,0.5802,0,1,0,507510,98100,44682,63274,0.9087035458890659,0.3920953809163806
1774,0.5807,0,2,0,507512,98098,44682,63274,0.9086850198228908,0.3921002404382421
1775,0.5808,0,1,0,507513,98097,44682,63274,0.9086757567898033,0.39210267024434375
1776,0.581,0,4,0,507517,98093,44682,63274,0.908638704657453,0.39211238976990337
1777,0.5812,0,1,0,507518,98092,44682,63274,0.9086294416243654,0.3921148197265843
1778,0.5813,1,0,1,507518,98092,44683,63273,0.9086294416243654,0.3921110525826542
1779,0.5814,1,1,1,507519,98091,44684,63272,0.908620178591278,0.39210971536225775
1780,0.5817,3,15,3,507534,98076,44687,63269,0.9084812330949646,0.39213486628033095
1781,0.582,2,10,2,507544,98066,44689,63267,0.9083886027640891,0.39215163667693526
1782,0.5822,1,1,1,507545,98065,44690,63266,0.9083793397310015,0.39215029969441706
1783,0.5825,12,30,12,507575,98035,44702,63254,0.9081014487383748,0.39217801585973006
1784,0.5829,0,1,0,507576,98034,44702,63254,0.9080921857052874,0.39218044739844254
1785,0.583,0,3,0,507579,98031,44702,63254,0.9080643966060247,0.39218774219549246
1786,0.5832,0,1,0,507580,98030,44702,63254,0.9080551335729371,0.3921901738548151
1787,0.5833,16,86,16,507666,97944,44718,63238,0.9072585127274074,0.39233909493615915
1788,0.5835,1,0,1,507666,97944,44719,63237,0.9072585127274074,0.3923353248832058
1789,0.5836,0,1,0,507667,97943,44719,63237,0.9072492496943199,0.3923377590271746
1790,0.5837,0,1,0,507668,97942,44719,63237,0.9072399866612324,0.39234019320134755
1791,0.584,3,14,3,507682,97928,44722,63234,0.9071103041980066,0.39236296397413783
1792,0.5842,0,3,0,507685,97925,44722,63234,0.9070825150987439,0.39237026787210144
1793,0.5843,1,2,1,507687,97923,44723,63233,0.9070639890325688,0.39237136687433294
1794,0.5847,1,0,1,507687,97923,44724,63232,0.9070639890325688,0.39236759641339086
1795,0.5848,0,1,0,507688,97922,44724,63232,0.9070547259994812,0.39237003115032826
1796,0.585,61,235,61,507923,97687,44785,63171,0.904877913223906,0.3927128274627311
1797,0.5851,0,1,0,507924,97686,44785,63171,0.9048686501908185,0.39271526884126895
1798,0.5853,0,3,0,507927,97683,44785,63171,0.9048408610915558,0.39272259315901376
1799,0.5854,1,0,1,507927,97683,44786,63170,0.9048408610915558,0.39271881780258994
1800,0.5857,1,4,1,507931,97679,44787,63169,0.9048038089592056,0.3927248085148712
1801,0.586,1,12,1,507943,97667,44788,63168,0.9046926525621549,0.39275033419342803
1802,0.5865,0,1,0,507944,97666,44788,63168,0.9046833895290673,0.3927527761542957
1803,0.5867,37,94,37,508038,97572,44825,63131,0.9038126644188373,0.3928426973983062
1804,0.5871,0,2,0,508040,97570,44825,63131,0.9037941383526622,0.39284758651159607
1805,0.5873,0,3,0,508043,97567,44825,63131,0.9037663492533995,0.39285492040971265
1806,0.5875,7,33,7,508076,97534,44832,63124,0.9034606691615102,0.39290916107507873
1807,0.5878,0,1,0,508077,97533,44832,63124,0.9034514061284227,0.3929116067149268
1808,0.588,2,5,2,508082,97528,44834,63122,0.9034050909629849,0.39291627762215997
1809,0.5883,2,10,2,508092,97518,44836,63120,0.9033124606321093,0.3929331789489411
1810,0.5885,0,1,0,508093,97517,44836,63120,0.9033031975990218,0.3929356250427984
1811,0.5887,1,1,1,508094,97516,44837,63119,0.9032939345659343,0.3929342920285118
1812,0.589,0,5,0,508099,97511,44837,63119,0.9032476194004965,0.3929465230654299
1813,0.5892,1,2,1,508101,97509,44838,63118,0.9032290933343214,0.3929476364496629
1814,0.5893,0,3,0,508104,97506,44838,63118,0.9032013042350587,0.3929549755951788
1815,0.5896,0,2,0,508106,97504,44838,63118,0.9031827781688836,0.3929598685111629
1816,0.5897,0,1,0,508107,97503,44838,63118,0.903173515135796,0.39296231501484863
1817,0.59,1842,6308,1842,514415,91195,46680,61276,0.8447423024195042,0.4018862603380315
1818,0.5905,0,1,0,514416,91194,46680,61276,0.8447330393864166,0.401888896176297
1819,0.5907,0,2,0,514418,91192,46680,61276,0.8447145133202416,0.4018941679565548
1820,0.5908,0,4,0,514422,91188,46680,61276,0.8446774611878913,0.40190471193199706
1821,0.591,0,1,0,514423,91187,46680,61276,0.8446681981548038,0.4019073480123046
1822,0.5912,0,1,0,514424,91186,46680,61276,0.8446589351217163,0.40190998412719237
1823,0.5913,0,2,0,514426,91184,46680,61276,0.8446404090555412,0.401915256460711
1824,0.5915,0,1,0,514427,91183,46680,61276,0.8446311460224536,0.4019178926793433
1825,0.5917,2,15,2,514442,91168,46682,61274,0.8444922005261403,0.4019495939439262
1826,0.592,5,14,5,514456,91154,46687,61269,0.8443625180629145,0.40196689475997716
1827,0.5922,0,1,0,514457,91153,46687,61269,0.8443532550298269,0.401969531957329
1828,0.5925,8,41,8,514498,91112,46695,61261,0.8439734706732372,0.4020462942909833
1829,0.5929,0,2,0,514500,91110,46695,61261,0.8439549446070621,0.40205157149326315
1830,0.593,0,2,0,514502,91108,46695,61261,0.8439364185408871,0.40205684883408044
1831,0.5933,27,94,27,514596,91014,46722,61234,0.843065693430657,0.4021990436655982
1832,0.5935,0,1,0,514597,91013,46722,61234,0.8430564303975694,0.40220168541908874
1833,0.594,5,15,5,514612,90998,46727,61229,0.8429174849012561,0.40222168209318976
1834,0.5942,1,3,1,514615,90995,46728,61228,0.8428896958019934,0.4022256820585588
1835,0.5943,2,2,2,514617,90993,46730,61226,0.8428711697358183,0.40222311275202177
1836,0.5947,0,1,0,514618,90992,46730,61226,0.8428619067027308,0.40222575516693165
1837,0.595,70,234,70,514852,90758,46800,61156,0.8406943569602431,0.4025698750608897
1838,0.5955,0,1,0,514853,90757,46800,61156,0.8406850939271555,0.4025725250636878
1839,0.5957,1,1,1,514854,90756,46801,61155,0.8406758308940679,0.40257124237217845
1840,0.5958,0,4,0,514858,90752,46801,61155,0.8406387787617178,0.4025818428380522
1841,0.596,8,22,8,514880,90730,46809,61147,0.8404349920337916,0.402608689926717
1842,0.5962,2,0,2,514880,90730,46811,61145,0.8404349920337916,0.4026008230452675
1843,0.5965,0,1,0,514881,90729,46811,61145,0.840425729000704,0.40260347393233864
1844,0.5967,22,98,22,514979,90631,46833,61123,0.8395179517581237,0.4027768625538701
1845,0.5971,0,1,0,514980,90630,46833,61123,0.8395086887250361,0.40277951671466133
1846,0.5975,4,37,4,515017,90593,46837,61119,0.8391659565007966,0.4028620016874077
1847,0.5979,0,1,0,515018,90592,46837,61119,0.839156693467709,0.40286465714417546
1848,0.598,2,6,2,515024,90586,46839,61117,0.8391011152691837,0.4028727184037231
1849,0.5983,5,17,5,515041,90569,46844,61112,0.8389436437066953,0.4028981876438051
1850,0.5984,1,0,1,515041,90569,46845,61111,0.8389436437066953,0.4028942510548523
1851,0.5985,0,1,0,515042,90568,46845,61111,0.8389343806736078,0.4028969072844626
1852,0.5988,0,1,0,515043,90567,46845,61111,0.8389251176405202,0.40289956354909745
1853,0.5989,1,0,1,515043,90567,46846,61110,0.8389251176405202,0.40289562689135466
1854,0.599,1,4,1,515047,90563,46847,61109,0.83888806550817,0.4029023155229706
1855,0.5992,1,3,1,515050,90560,46848,61108,0.8388602764089074,0.40290634807606085
1856,0.5995,0,1,0,515051,90559,46848,61108,0.8388510133758198,0.4029090045955943
1857,0.5997,1,3,1,515054,90556,46849,61107,0.8388232242765571,0.40291303745804846
1858,0.6,1751,5855,1751,520909,84701,48600,59356,0.7845881655489273,0.4120313487022498
1859,0.6003,0,1,0,520910,84700,48600,59356,0.7845789025158398,0.4120342089187538
1860,0.6005,0,2,0,520912,84698,48600,59356,0.7845603764496647,0.41203992947089285
1861,0.6008,0,4,0,520916,84694,48600,59356,0.7845233243173144,0.41205137105171813
1862,0.601,0,3,0,520919,84691,48600,59356,0.7844955352180518,0.412059952654342
1863,0.6013,1,0,1,520919,84691,48601,59355,0.7844955352180518,0.4120558710411952
1864,0.6017,4,13,4,520932,84678,48605,59351,0.7843751157879136,0.41207673454651494
1865,0.6019,0,1,0,520933,84677,48605,59351,0.7843658527548261,0.4120795956341822
1866,0.602,3,5,3,520938,84672,48608,59348,0.7843195375893882,0.4120816553256492
1867,0.6025,7,31,7,520969,84641,48615,59341,0.7840323835636741,0.4121417955022156
1868,0.6029,0,1,0,520970,84640,48615,59341,0.7840231205305865,0.41214465797570515
1869,0.603,1,0,1,520970,84640,48616,59340,0.7840231205305865,0.41214057507987223
1870,0.6033,32,74,32,521044,84566,48648,59308,0.7833376560821075,0.41222180519065293
1871,0.6035,0,1,0,521045,84565,48648,59308,0.78332839304902,0.412224670369006
1872,0.604,4,13,4,521058,84552,48652,59304,0.7832079736188817,0.41224557891224556
1873,0.6042,0,4,0,521062,84548,48652,59304,0.7831709214865316,0.412257041959792
1874,0.6043,0,2,0,521064,84546,48652,59304,0.7831523954203564,0.41226277372262776
1875,0.6047,0,1,0,521065,84545,48652,59304,0.7831431323872688,0.41226563966381413
1876,0.605,68,178,68,521243,84367,48720,59236,0.7814943124976842,0.41249834613483005
1877,0.6051,0,1,0,521244,84366,48720,59236,0.7814850494645967,0.4125012186459799
1878,0.6053,0,1,0,521245,84365,48720,59236,0.7814757864315092,0.4125040911971365
1879,0.6054,1,0,1,521245,84365,48721,59235,0.7814757864315092,0.4125
1880,0.6057,1,1,1,521246,84364,48722,59234,0.7814665233984216,0.4124987813200741
1881,0.6058,1,2,1,521248,84362,48723,59233,0.7814479973322465,0.4125004352519238
1882,0.606,9,16,9,521264,84346,48732,59224,0.7812997888028456,0.4125095772097235
1883,0.6067,26,94,26,521358,84252,48758,59198,0.7804290636926156,0.41267340536772396
1884,0.607,0,2,0,521360,84250,48758,59198,0.7804105376264404,0.4126791589983827
1885,0.6071,0,4,0,521364,84246,48758,59198,0.7803734854940901,0.41269066674102783
1886,0.6072,1,0,1,521364,84246,48759,59197,0.7803734854940901,0.41268657236672407
1887,0.6073,1,0,1,521364,84246,48760,59196,0.7803734854940901,0.41268247793533275
1888,0.6074,1,0,1,521364,84246,48761,59195,0.7803734854940901,0.4126783834468527
1889,0.6075,9,45,9,521409,84201,48770,59186,0.7799566490051503,0.4127710322414166
1890,0.6078,0,1,0,521410,84200,48770,59186,0.7799473859720627,0.4127739109815463
1891,0.608,1,8,1,521418,84192,48771,59185,0.7798732817073623,0.41279284683038425
1892,0.6083,5,19,5,521437,84173,48776,59180,0.7796972840786988,0.4128270772149868
1893,0.6085,0,2,0,521439,84171,48776,59180,0.7796787580125236,0.41283283688289585
1894,0.6086,0,2,0,521441,84169,48776,59180,0.7796602319463485,0.41283859671152223
1895,0.6087,0,2,0,521443,84167,48776,59180,0.7796417058801735,0.4128443567008727
1896,0.609,1,0,1,521443,84167,48777,59179,0.7796417058801735,0.41284026062813056
1897,0.6092,0,1,0,521444,84166,48777,59179,0.7796324428470859,0.41284314067459627
1898,0.6093,0,1,0,521445,84165,48777,59179,0.7796231798139983,0.41284602076124566
1899,0.6095,0,1,0,521446,84164,48777,59179,0.7796139167809107,0.41284890088807963
1900,0.61,1702,5680,1702,527126,78484,50479,57477,0.726999888843603,0.42274622869793543
1901,0.6104,0,1,0,527127,78483,50479,57477,0.7269906258105154,0.42274933804060016
1902,0.6107,1,0,1,527127,78483,50480,57476,0.7269906258105154,0.42274509227046386
1903,0.6108,0,1,0,527128,78482,50480,57476,0.7269813627774279,0.4227482016505097
1904,0.611,0,4,0,527132,78478,50480,57476,0.7269443106450776,0.4227606396281095
1905,0.6115,0,3,0,527135,78475,50480,57476,0.726916521545815,0.4227699685916249
1906,0.6117,7,11,7,527146,78464,50487,57469,0.7268146281818518,0.42277445506242045
1907,0.612,1,8,1,527154,78456,50488,57468,0.7267405239171514,0.4227950913745917
1908,0.6125,11,37,11,527191,78419,50499,57457,0.726397791692912,0.42286349318496275
1909,0.613,1,2,1,527193,78417,50500,57456,0.7263792656267368,0.4228654699609194
1910,0.6133,29,85,29,527278,78332,50529,57427,0.7255919078142947,0.4230069461324848
1911,0.6137,0,1,0,527279,78331,50529,57427,0.7255826447812072,0.4230100620221276
1912,0.614,5,11,5,527290,78320,50534,57422,0.7254807514172441,0.42302308791678334
1913,0.6142,1,2,1,527292,78318,50535,57421,0.725462225351069,0.4230250701714319
1914,0.6143,0,1,0,527293,78317,50535,57421,0.7254529623179814,0.4230281866537005
1915,0.6144,0,1,0,527294,78316,50535,57421,0.7254436992848938,0.42303130318188853
1916,0.6147,0,1,0,527295,78315,50535,57421,0.7254344362518063,0.4230344197559969
1917,0.615,67,190,67,527485,78125,50602,57354,0.723674459965171,0.42334236302305156
1918,0.6153,0,2,0,527487,78123,50602,57354,0.7236559338989959,0.423348612679643
1919,0.6157,2,0,2,527487,78123,50604,57352,0.7236559338989959,0.4233400996493818
1920,0.6158,2,2,2,527489,78121,50606,57350,0.7236374078328208,0.42333783614205256
1921,0.616,5,16,5,527505,78105,50611,57345,0.7234891993034199,0.42336655592469546
1922,0.6162,0,2,0,527507,78103,50611,57345,0.7234706732372448,0.4233728072765932
1923,0.6167,20,72,20,527579,78031,50631,57325,0.7228037348549409,0.4235128106622536
1924,0.617,0,1,0,527580,78030,50631,57325,0.7227944718218533,0.4235159395663256
1925,0.6171,1,1,1,527581,78029,50632,57324,0.7227852087887658,0.42351480942424624
1926,0.6173,0,1,0,527582,78028,50632,57324,0.7227759457556783,0.42351793841243573
1927,0.6175,12,31,12,527613,77997,50644,57312,0.722488791729964,0.4235638427599051
1928,0.6179,1,0,1,527613,77997,50645,57311,0.722488791729964,0.42355958258196114
1929,0.618,4,11,4,527624,77986,50649,57307,0.722386898366001,0.4235769773750305
1930,0.6183,3,7,3,527631,77979,50652,57304,0.7223220571343881,0.42358611207616625
1931,0.6185,1,0,1,527631,77979,50653,57303,0.7223220571343881,0.42358185124406794
1932,0.6186,1,1,1,527632,77978,50654,57302,0.7223127941013006,0.4235807214665878
1933,0.619,0,3,0,527635,77975,50654,57302,0.7222850050020378,0.423590115097171
1934,0.6192,1,1,1,527636,77974,50655,57301,0.7222757419689503,0.42358898540011086
1935,0.6193,1,0,1,527636,77974,50656,57300,0.7222757419689503,0.423584724337271
1936,0.6195,1,0,1,527636,77974,50657,57299,0.7222757419689503,0.4235804632114317
1937,0.6196,0,1,0,527637,77973,50657,57299,0.7222664789358627,0.42358359453545447
1938,0.6197,0,1,0,527638,77972,50657,57299,0.7222572159027753,0.42358672590577434
1939,0.6198,0,1,0,527639,77971,50657,57299,0.7222479528696877,0.42358985732239224
1940,0.62,1758,5360,1758,532999,72611,52415,55541,0.6725980955203972,0.4333994007116549
1941,0.6205,0,1,0,533000,72610,52415,55541,0.6725888324873096,0.4334027826548369
1942,0.6207,1,1,1,533001,72609,52416,55540,0.672579569454222,0.4334017432832094
1943,0.621,1,2,1,533003,72607,52417,55539,0.672561043388047,0.4334040859644468
1944,0.6214,0,1,0,533004,72606,52417,55539,0.6725517803549594,0.4334074681025401
1945,0.6215,0,1,0,533005,72605,52417,55539,0.6725425173218719,0.4334108502934199
1946,0.6217,1,12,1,533017,72593,52418,55538,0.6724313609248213,0.4334470190664242
1947,0.6218,0,1,0,533018,72592,52418,55538,0.6724220978917337,0.43345040193553425
1948,0.622,2,9,2,533027,72583,52420,55536,0.6723387305939457,0.43347200649396267
1949,0.6222,0,2,0,533029,72581,52420,55536,0.6723202045277705,0.43347877330877244
1950,0.6223,1,1,1,533030,72580,52421,55535,0.6723109414946831,0.4334777348475979
1951,0.6225,8,30,8,533060,72550,52429,55527,0.6720330505020564,0.4335438837574272
1952,0.6227,1,1,1,533061,72549,52430,55526,0.6720237874689688,0.4335428459886785
1953,0.623,0,3,0,533064,72546,52430,55526,0.6719959983697061,0.43355300143669184
1954,0.6233,16,74,16,533138,72472,52446,55510,0.6713105339212272,0.43373286868465877
1955,0.6234,0,1,0,533139,72471,52446,55510,0.6713012708881396,0.4337362577257562
1956,0.6238,0,1,0,533140,72470,52446,55510,0.671292007855052,0.4337396468198156
1957,0.624,6,11,6,533151,72459,52452,55504,0.671190114491089,0.43375038096949897
1958,0.6242,1,2,1,533153,72457,52453,55503,0.6711715884249139,0.4337527352297593
1959,0.6243,0,2,0,533155,72455,52453,55503,0.6711530623587387,0.43375951484080716
1960,0.625,77,172,77,533327,72283,52530,55426,0.6695598206676794,0.4340023021087002
1961,0.6252,0,1,0,533328,72282,52530,55426,0.6695505576345919,0.4340057005042754
1962,0.6256,0,1,0,533329,72281,52530,55426,0.6695412946015044,0.43400909895307227
1963,0.6258,1,1,1,533330,72280,52531,55425,0.6695320315684168,0.4340080654633726
1964,0.626,7,16,7,533346,72264,52538,55418,0.6693838230390159,0.4340314218135681
1965,0.6262,0,3,0,533349,72261,52538,55418,0.6693560339397532,0.43404162000015667
1966,0.6267,22,88,22,533437,72173,52560,55396,0.6685408870280485,0.43424342904624164
1967,0.627,0,2,0,533439,72171,52560,55396,0.6685223609618733,0.4342502371302923
1968,0.6271,0,1,0,533440,72170,52560,55396,0.6685130979287858,0.4342536412523713
1969,0.6273,0,2,0,533442,72168,52560,55396,0.6684945718626107,0.43426044965664296
1970,0.6275,14,27,14,533469,72141,52574,55382,0.6682444699692467,0.4342902848897846
1971,0.6277,0,1,0,533470,72140,52574,55382,0.6682352069361591,0.4342936905004627
1972,0.628,3,12,3,533482,72128,52577,55379,0.6681240505391085,0.43432125295081836
1973,0.6283,2,13,2,533495,72115,52579,55377,0.6680036311089703,0.43435666551626767
1974,0.6287,0,1,0,533496,72114,52579,55377,0.6679943680758827,0.4343600724757042
1975,0.629,0,3,0,533499,72111,52579,55377,0.6679665789766202,0.4343702936746988
1976,0.6292,1,2,1,533501,72109,52580,55376,0.667948052910445,0.4343726712946621
1977,0.6293,0,1,0,533502,72108,52580,55376,0.6679387898773574,0.4343760785667221
1978,0.6297,0,1,0,533503,72107,52580,55376,0.6679295268442699,0.4343794858922366
1979,0.63,1829,5186,1829,538689,66921,54409,53547,0.6198914372522139,0.4444914832154597
1980,0.6301,1,0,1,538689,66921,54410,53546,0.6198914372522139,0.44448687192343134
1981,0.6302,0,1,0,538690,66920,54410,53546,0.6198821742191263,0.4444905616522504
1982,0.6307,1,1,1,538691,66919,54411,53545,0.6198729111860387,0.4444896400584407
1983,0.6308,0,2,0,538693,66917,54411,53545,0.6198543851198637,0.44449701980707607
1984,0.631,3,3,3,538696,66914,54414,53542,0.619826596020601,0.4444942551637112
1985,0.6312,0,1,0,538697,66913,54414,53542,0.6198173329875134,0.44449794529077247
1986,0.6313,1,1,1,538698,66912,54415,53541,0.6198080699544258,0.44449702373539884
1987,0.6314,0,1,0,538699,66911,54415,53541,0.6197988069213384,0.44450071397735197
1988,0.6315,0,1,0,538700,66910,54415,53541,0.6197895438882508,0.4445044042805788
1989,0.6317,5,10,5,538710,66900,54420,53536,0.6196969135573752,0.4445182503570361
1990,0.6318,1,0,1,538710,66900,54421,53535,0.6196969135573752,0.44451363806202515
1991,0.632,5,7,5,538717,66893,54426,53530,0.6196320723257623,0.4445164129775873
1992,0.6325,3,29,3,538746,66864,54429,53527,0.6193634443662233,0.4446096469005158
1993,0.6327,0,1,0,538747,66863,54429,53527,0.6193541813331357,0.4446133399784035
1994,0.6328,0,1,0,538748,66862,54429,53527,0.6193449183000481,0.4446170331176436
1995,0.6329,0,2,0,538750,66860,54429,53527,0.6193263922338731,0.4446244195801872
1996,0.633,1,3,1,538753,66857,54430,53526,0.6192986031346104,0.44463088642084014
1997,0.6333,34,68,34,538821,66789,54464,53492,0.6186687168846567,0.44472526832999393
1998,0.634,6,21,6,538842,66768,54470,53486,0.6184741931898181,0.4447752257721157
1999,0.6342,0,3,0,538845,66765,54470,53486,0.6184464040905554,0.44478632194326867
2000,0.6343,0,3,0,538848,66762,54470,53486,0.6184186149912928,0.444797418668086
2001,0.6344,1,0,1,538848,66762,54471,53485,0.6184186149912928,0.4447928014836129
2002,0.6347,1,1,1,538849,66761,54472,53484,0.6184093519582052,0.4447918832383883
2003,0.635,50,153,50,539002,66608,54522,53434,0.6169921078958094,0.44512753869479016
2004,0.6357,0,4,0,539006,66604,54522,53434,0.6169550557634592,0.4451423715823323
2005,0.6358,0,4,0,539010,66600,54522,53434,0.6169180036311089,0.44515720545845344
2006,0.636,7,16,7,539026,66584,54529,53427,0.6167697951017082,0.44518419144911714
2007,0.6362,0,1,0,539027,66583,54529,53427,0.6167605320686206,0.4451879010082493
2008,0.6365,0,1,0,539028,66582,54529,53427,0.616751269035533,0.4451916106292028
2009,0.6367,28,70,28,539098,66512,54557,53399,0.6161028567194042,0.44532194711077383
2010,0.6368,1,2,1,539100,66510,54558,53398,0.6160843306532291,0.4453247489742136
2011,0.637,1,1,1,539101,66509,54559,53397,0.6160750676201415,0.4453238370056544
2012,0.6371,0,3,0,539104,66506,54559,53397,0.6160472785208789,0.44533497910811237
2013,0.6373,1,2,1,539106,66504,54560,53396,0.6160287524547038,0.4453377814845705
2014,0.6375,12,32,12,539138,66472,54572,53384,0.615732335395902,0.44540114804431985
2015,0.6378,1,0,1,539138,66472,54573,53383,0.615732335395902,0.4453965207959618
2016,0.6379,0,1,0,539139,66471,54573,53383,0.6157230723628144,0.4454002369549619
2017,0.638,2,3,2,539142,66468,54575,53381,0.6156952832635518,0.44540213101486037
2018,0.6383,8,20,8,539162,66448,54583,53373,0.6155100226018008,0.44543944717536993
2019,0.6386,0,3,0,539165,66445,54583,53373,0.6154822335025381,0.4454506000767831
2020,0.639,1,0,1,539165,66445,54584,53372,0.6154822335025381,0.44544597177362144
2021,0.6392,0,3,0,539168,66442,54584,53372,0.6154544444032755,0.4454571252107433
2022,0.6398,1,0,1,539168,66442,54585,53371,0.6154544444032755,0.4454524968075251
2023,0.64,1775,4863,1775,544031,61579,56360,51596,0.5704083144984994,0.45589573669096534
2024,0.6405,0,1,0,544032,61578,56360,51596,0.5703990514654118,0.45589976496368423
2025,0.6407,0,1,0,544033,61577,56360,51596,0.5703897884323242,0.455903793307591
2026,0.6408,0,2,0,544035,61575,56360,51596,0.5703712623661492,0.4559118502089758
2027,0.641,0,4,0,544039,61571,56360,51596,0.5703342102337989,0.4559279648660829
2028,0.6413,1,0,1,544039,61571,56361,51595,0.5703342102337989,0.45592315713200077
2029,0.6416,1,0,1,544039,61571,56362,51594,0.5703342102337989,0.4559183493129501
2030,0.6417,0,9,0,544048,61562,56362,51594,0.5702508429360109,0.45595461133302695
2031,0.642,5,8,5,544056,61554,56367,51589,0.5701767386713106,0.4559628081277675
2032,0.6421,0,1,0,544057,61553,56367,51589,0.570167475638223,0.45596683813261213
2033,0.6423,0,1,0,544058,61552,56367,51589,0.5701582126051354,0.45597086820869537
2034,0.6425,9,34,9,544092,61518,56376,51580,0.5698432694801586,0.4560646518948169
2035,0.6429,1,0,1,544092,61518,56377,51579,0.5698432694801586,0.4560598424361389
2036,0.643,1,0,1,544092,61518,56378,51578,0.5698432694801586,0.45605503289241
2037,0.6432,1,1,1,544093,61517,56379,51577,0.569834006447071,0.45605425575185243
2038,0.6433,37,45,37,544138,61472,56416,51540,0.5694171699581311,0.456057763777298
2039,0.6438,1,0,1,544138,61472,56417,51539,0.5694171699581311,0.45605295059772943
2040,0.644,3,7,3,544145,61465,56420,51536,0.5693523287265182,0.45606676047114625
2041,0.6442,1,2,1,544147,61463,56421,51535,0.5693338026603431,0.4560700189383883
2042,0.6443,2,1,2,544148,61462,56423,51533,0.5693245396272556,0.45606442762954114
2043,0.6447,1,0,1,544148,61462,56424,51532,0.5693245396272556,0.45605961378480275
2044,0.6449,0,1,0,544149,61461,56424,51532,0.569315276594168,0.45606364996061705
2045,0.645,51,160,51,544309,61301,56475,51481,0.5678331913001593,0.45646468408079305
2046,0.6455,1,0,1,544309,61301,56476,51480,0.5678331913001593,0.45645986469352107
2047,0.6457,3,4,3,544313,61297,56479,51477,0.5677961391678091,0.4564615957578875
2048,0.6458,0,2,0,544315,61295,56479,51477,0.567777613101634,0.45646969105806406
2049,0.646,4,18,4,544333,61277,56483,51473,0.5676108785060581,0.45652328159645233
2050,0.6462,1,0,1,544333,61277,56484,51472,0.5676108785060581,0.4565184613610764
2051,0.6467,33,65,33,544398,61212,56517,51439,0.567008781355367,0.45662266646545524
2052,0.647,0,3,0,544401,61209,56517,51439,0.5669809922561043,0.4566348270719409
2053,0.6471,1,1,1,544402,61208,56518,51438,0.5669717292230168,0.4566340571347407
2054,0.6475,10,28,10,544430,61180,56528,51428,0.5667123642965652,0.45669934640522875
2055,0.6476,1,0,1,544430,61180,56529,51427,0.5667123642965652,0.4566945216549593
2056,0.648,0,5,0,544435,61175,56529,51427,0.5666660491311275,0.45671480080282767
2057,0.6483,7,14,7,544449,61161,56536,51420,0.5665363666679017,0.45673781543955017
2058,0.6485,0,2,0,544451,61159,56536,51420,0.5665178406017266,0.4567459295250446
2059,0.6486,0,1,0,544452,61158,56536,51420,0.566508577568639,0.4567499866759047
2060,0.6489,0,1,0,544453,61157,56536,51420,0.5664993145355515,0.45675404389884255
2061,0.6492,1,1,1,544454,61156,56537,51419,0.566490051502464,0.45675327559404844
2062,0.6493,0,5,0,544459,61151,56537,51419,0.5664437363370262,0.4567735631162832
2063,0.6497,1,1,1,544460,61150,56538,51418,0.5664344733039386,0.456772795110511
2064,0.65,1778,4518,1778,548978,56632,58316,49640,0.5245840898143688,0.46710328214393254
2065,0.6503,0,1,0,548979,56631,58316,49640,0.5245748267812813,0.46710767754138005
2066,0.6507,2,2,2,548981,56629,58318,49638,0.5245563007151062,0.4671064394402778
2067,0.6508,0,3,0,548984,56626,58318,49638,0.5245285116158435,0.4671196265903787
2068,0.651,0,2,0,548986,56624,58318,49638,0.5245099855496684,0.46712841843744707
2069,0.6512,0,1,0,548987,56623,58318,49638,0.5245007225165809,0.4671328144850886
2070,0.6515,2,2,2,548989,56621,58320,49636,0.5244821964504057,0.4671315772137365
2071,0.6517,7,1,7,548990,56620,58327,49629,0.5244729334173182,0.46710086683168783
2072,0.6519,1,0,1,548990,56620,58328,49628,0.5244729334173182,0.4670958512160229
2073,0.652,2,10,2,549000,56610,58330,49626,0.5243803030864427,0.46712978651304643
2074,0.6523,1,2,1,549002,56608,58331,49625,0.5243617770202675,0.46713356489979574
2075,0.6525,10,21,10,549023,56587,58341,49615,0.5241672533254289,0.4671757594018945
2076,0.6527,0,2,0,549025,56585,58341,49615,0.5241487272592538,0.4671845574387947
2077,0.653,1,1,1,549026,56584,58342,49614,0.5241394642261662,0.46718393943388764
2078,0.6532,0,1,0,549027,56583,58342,49614,0.5241302011930786,0.4671883386536343
2079,0.6533,36,64,36,549091,56519,58378,49578,0.5235373670754752,0.46728936727711434
2080,0.6538,1,3,1,549094,56516,58379,49577,0.5235095779762126,0.4672975596881981
2081,0.654,2,4,2,549098,56512,58381,49575,0.5234725258438623,0.467305136350354
2082,0.6542,2,1,2,549099,56511,58383,49573,0.5234632628107747,0.46729949851061425
2083,0.6543,1,2,1,549101,56509,58384,49572,0.5234447367445997,0.4673032871107927
2084,0.6547,0,1,0,549102,56508,58384,49572,0.5234354737115121,0.4673076923076923
2085,0.655,61,131,61,549233,56377,58445,49511,0.5222220163770425,0.46757895134481714
2086,0.6553,0,1,0,549234,56376,58445,49511,0.5222127533439549,0.46758336717444066
2087,0.6555,0,1,0,549235,56375,58445,49511,0.5222034903108674,0.46758778308747145
2088,0.6557,1,1,1,549236,56374,58446,49510,0.5221942272777799,0.467587170866231
2089,0.6558,0,1,0,549237,56373,58446,49510,0.5221849642446923,0.467591586940302
2090,0.656,3,14,3,549251,56359,58449,49507,0.5220552817814665,0.46763833525400034
2091,0.6562,0,3,0,549254,56356,58449,49507,0.5220274926822038,0.4676515874290356
2092,0.6565,1,0,1,549254,56356,58450,49506,0.5220274926822038,0.4676465587273998
2093,0.6567,31,63,31,549317,56293,58481,49475,0.5214439215976879,0.4677690794947432
2094,0.657,1,1,1,549318,56292,58482,49474,0.5214346585646004,0.4677684700187206
2095,0.6571,0,3,0,549321,56289,58482,49474,0.5214068694653378,0.4677817384151357
2096,0.6572,0,1,0,549322,56288,58482,49474,0.5213976064322502,0.4677861613812144
2097,0.6573,1,1,1,549323,56287,58483,49473,0.5213883433991626,0.467785552193646
2098,0.6575,7,27,7,549350,56260,58490,49466,0.5211382415057987,0.46786977659232354
2099,0.6577,0,1,0,549351,56259,58490,49466,0.5211289784727111,0.46787420193899265
2100,0.658,2,6,2,549357,56253,58492,49464,0.5210734002741858,0.4678906892931127
2101,0.6583,5,8,5,549365,56245,58497,49459,0.5209992960094854,0.467900930901385
2102,0.6586,1,1,1,549366,56244,58498,49458,0.5209900329763978,0.4679003235511154
2103,0.659,0,2,0,549368,56242,58498,49458,0.5209715069102226,0.4679091769157994
2104,0.6592,2,2,2,549370,56240,58500,49456,0.5209529808440476,0.4679079624583712
2105,0.6593,1,0,1,549370,56240,58501,49455,0.5209529808440476,0.4679029282369081
2106,0.6597,0,1,0,549371,56239,58501,49455,0.52094371781096,0.4679073551951861
2107,0.66,1827,4177,1827,553548,52062,60328,47628,0.48225202860424615,0.4777610592837797
2108,0.6603,0,1,0,553549,52061,60328,47628,0.48224276557115864,0.4777658517990952
2109,0.6605,0,1,0,553550,52060,60328,47628,0.48223350253807107,0.47777064441056094
2110,0.661,2,0,2,553550,52060,60330,47626,0.48223350253807107,0.4777601669241418
2111,0.6612,0,1,0,553551,52059,60330,47626,0.4822242395049835,0.47776495962281185
2112,0.6613,0,1,0,553552,52058,60330,47626,0.482214976471896,0.47776975241763975
2113,0.6617,8,13,8,553565,52045,60338,47618,0.48209455704175774,0.4777901528149865
2114,0.6618,0,1,0,553566,52044,60338,47618,0.4820852940086702,0.4777949469205916
2115,0.662,2,9,2,553575,52035,60340,47616,0.4820019267108822,0.4778276183881747
2116,0.6625,10,24,10,553599,52011,60350,47606,0.4817796139167809,0.47789031992531394
2117,0.6627,0,1,0,553600,52010,60350,47606,0.48177035088369335,0.4778951172502409
2118,0.6629,0,2,0,553602,52008,60350,47606,0.48175182481751827,0.47790471218904973
2119,0.663,0,1,0,553603,52007,60350,47606,0.4817425617844307,0.4779095098029374
2120,0.6632,0,1,0,553604,52006,60350,47606,0.48173329875134313,0.477914307513151
2121,0.6633,24,57,24,553661,51949,60374,47582,0.48120530586535254,0.47806211130200643
2122,0.6635,1,0,1,553661,51949,60375,47581,0.48120530586535254,0.4780568672761981
2123,0.6637,0,3,0,553664,51946,60375,47581,0.4811775167660899,0.4780712771408763
2124,0.6638,1,1,1,553665,51945,60376,47580,0.4811682537330023,0.47807083647324794
2125,0.664,4,15,4,553680,51930,60380,47576,0.48102930823668905,0.4781219222961429
2126,0.6642,2,1,2,553681,51929,60382,47574,0.4810200452036015,0.47811623770137585
2127,0.6643,1,2,1,553683,51927,60383,47573,0.48100151913742634,0.47812060301507536
2128,0.6644,0,1,0,553684,51926,60383,47573,0.4809922561043388,0.47812540829556077
2129,0.6647,0,1,0,553685,51925,60383,47573,0.48098299307125125,0.47813021367263664
2130,0.665,47,120,47,553805,51805,60430,47526,0.47987142910074476,0.47846090344404063
2131,0.6652,1,0,1,553805,51805,60431,47525,0.47987142910074476,0.4784556528742575
2132,0.6655,0,1,0,553806,51804,60431,47525,0.4798621660676572,0.47846046975203615
2133,0.6657,1,1,1,553807,51803,60432,47524,0.4798529030345696,0.4784600360425665
2134,0.6658,1,6,1,553813,51797,60433,47523,0.4797973248360443,0.4784836890857833
2135,0.666,3,7,3,553820,51790,60436,47520,0.47973248360443144,0.4785016614641023
2136,0.6666,0,1,0,553821,51789,60436,47520,0.47972322057134387,0.47850647977524696
2137,0.6667,23,64,23,553885,51725,60459,47497,0.4791303864537404,0.47869424119650883
2138,0.6671,1,1,1,553886,51724,60460,47496,0.4791211234206529,0.47869381173150577
2139,0.6673,0,1,0,553887,51723,60460,47496,0.4791118603875653,0.4786986363498927
2140,0.6675,10,21,10,553908,51702,60470,47486,0.4789173366927267,0.47874742912449086
2141,0.6678,0,2,0,553910,51700,60470,47486,0.47889881062655154,0.47875708265279376
2142,0.668,4,6,4,553916,51694,60474,47482,0.47884323242802623,0.4787650237960797
2143,0.6683,4,9,4,553925,51685,60478,47478,0.47875986513023827,0.4787874509645735
2144,0.6687,0,1,0,553926,51684,60478,47478,0.4787506020971507,0.4787922793005385
2145,0.669,0,1,0,553927,51683,60478,47478,0.47874133906406313,0.47879710773388734
2146,0.6692,0,4,0,553931,51679,60478,47478,0.4787042869317129,0.4788164224411791
2147,0.6696,0,1,0,553932,51678,60478,47478,0.4786950238986254,0.478821251361491
2148,0.67,1771,3981,1771,557913,47697,62249,45707,0.4418188891770721,0.48934735129116524
2149,0.6707,1,2,1,557915,47695,62250,45706,0.44180036311089704,0.48935236239440694
2150,0.6708,0,1,0,557916,47694,62250,45706,0.4417911000778095,0.4893576017130621
2151,0.671,0,1,0,557917,47693,62250,45706,0.4417818370447219,0.4893628411439095
2152,0.6714,0,1,0,557918,47692,62250,45706,0.4417725740116344,0.4893680806869526
2153,0.6715,0,1,0,557919,47691,62250,45706,0.4417633109785468,0.48937332034219516
2154,0.6717,7,5,7,557924,47686,62257,45699,0.441716995813109,0.48936124645285645
2155,0.672,2,5,2,557929,47681,62259,45697,0.4416706806476713,0.489376512668937
2156,0.6722,0,1,0,557930,47680,62259,45697,0.4416614176145837,0.4893817535367382
2157,0.6725,12,16,12,557946,47664,62271,45685,0.4415132090851829,0.48939999357250746
2158,0.6727,1,2,1,557948,47662,62272,45684,0.44149468301900774,0.4894050093201637
2159,0.6732,0,1,0,557949,47661,62272,45684,0.44148541998592017,0.4894102522898923
2160,0.6733,22,52,22,558001,47609,62294,45662,0.44100374226536737,0.48956267221322813
2161,0.6735,0,1,0,558002,47608,62294,45662,0.4409944792322798,0.4895679210893106
2162,0.674,3,14,3,558016,47594,62297,45659,0.44086479676905405,0.48962499865956055
2163,0.6742,2,4,2,558020,47590,62299,45657,0.4408277446367038,0.4896350552832799
2164,0.6743,0,3,0,558023,47587,62299,45657,0.44079995553744117,0.4896508086311184
2165,0.6745,0,2,0,558025,47585,62299,45657,0.4407814294712661,0.48966131142618136
2166,0.675,66,151,66,558176,47434,62365,45591,0.4393827114750454,0.4900940607363612
2167,0.6753,1,0,1,558176,47434,62366,45590,0.4393827114750454,0.4900885792913657
2168,0.6756,0,1,0,558177,47433,62366,45590,0.43937344844195786,0.49009384775808135
2169,0.6757,1,2,1,558179,47431,62367,45589,0.4393549223757827,0.49009890346162116
2170,0.6758,1,0,1,558179,47431,62368,45588,0.4393549223757827,0.4900934217740462
2171,0.676,5,8,5,558187,47423,62373,45583,0.43928081811108227,0.49010816506461946
2172,0.6762,1,0,1,558187,47423,62374,45582,0.43928081811108227,0.49010268265147033
2173,0.6767,26,58,26,558245,47365,62400,45556,0.43874356219200417,0.490265924817856
2174,0.677,0,2,0,558247,47363,62400,45556,0.438725036125829,0.49027647736200347
2175,0.6775,10,30,10,558277,47333,62410,45546,0.43844714513320243,0.49037995671788026
2176,0.678,5,8,5,558285,47325,62415,45541,0.438373040868502,0.49039476234574547
2177,0.6783,2,10,2,558295,47315,62417,45539,0.43828041053762645,0.4904365993925948
2178,0.6785,1,0,1,558295,47315,62418,45538,0.43828041053762645,0.49043111154189956
2179,0.6787,1,1,1,558296,47314,62419,45537,0.4382711475045389,0.49043090542912837
2180,0.6789,1,0,1,558296,47314,62420,45536,0.4382711475045389,0.4904254173397954
2181,0.679,0,1,0,558297,47313,62420,45536,0.4382618844714513,0.49043069930747774
2182,0.6792,1,2,1,558299,47311,62421,45535,0.43824335840527623,0.49043577536996746
2183,0.6793,0,3,0,558302,47308,62421,45535,0.4382155693060136,0.4904516226317547
2184,0.6796,0,1,0,558303,47307,62421,45535,0.438206306272926,0.49045690527993796
2185,0.6798,1,0,1,558303,47307,62422,45534,0.438206306272926,0.49045141693863703
2186,0.68,1825,3658,1825,561961,43649,64247,43709,0.4043221312386528,0.5003434144554592
2187,0.6803,1,0,1,561961,43649,64248,43708,0.4043221312386528,0.5003376947468434
2188,0.6805,0,1,0,561962,43648,64248,43708,0.4043128682055652,0.5003434223178717
2189,0.6807,0,3,0,561965,43645,64248,43708,0.40428507910630257,0.5003606058177739
2190,0.6808,4,3,4,561968,43642,64252,43704,0.4042572900070399,0.5003549103565131
2191,0.681,2,3,2,561971,43639,64254,43702,0.40422950090777726,0.5003606553623156
2192,0.6815,0,1,0,561972,43638,64254,43702,0.4042202378746897,0.5003663842454774
2193,0.6817,1,11,1,561983,43627,64255,43701,0.4041183445107266,0.5004236899963357
2194,0.682,1,2,1,561985,43625,64256,43700,0.4040998184445515,0.5004294302891498
2195,0.6822,0,1,0,561986,43624,64256,43700,0.40409055541146394,0.5004351610095735
2196,0.6825,8,18,8,562004,43606,64264,43692,0.40392382081588796,0.5004925656945176
2197,0.6829,0,1,0,562005,43605,64264,43692,0.4039145577828004,0.5004982989106155
2198,0.683,1,1,1,562006,43604,64265,43691,0.4039052947497129,0.5004983103270519
2199,0.6832,0,1,0,562007,43603,64265,43691,0.4038960317166253,0.500504043805989
2200,0.6833,22,60,22,562067,43543,64287,43669,0.40334024973137206,0.5007223776544513
2201,0.6837,0,2,0,562069,43541,64287,43669,0.4033217236651969,0.5007338607957803
2202,0.684,4,11,4,562080,43530,64291,43665,0.4032198303012338,0.5007741269568209
2203,0.6842,0,2,0,562082,43528,64291,43665,0.40320130423505873,0.5007856135240214
2204,0.6843,1,0,1,562082,43528,64292,43664,0.40320130423505873,0.500779888063125
2205,0.6845,1,1,1,562083,43527,64293,43663,0.40319204120197116,0.5007799059525175
2206,0.6848,1,0,1,562083,43527,64294,43662,0.40319204120197116,0.5007741802291573
2207,0.685,63,105,63,562188,43422,64357,43599,0.402219422727778,0.501016995897542
2208,0.6851,0,1,0,562189,43421,64357,43599,0.40221015969469043,0.5010227533900253
2209,0.6852,0,1,0,562190,43420,64357,43599,0.40220089666160286,0.5010285110148358
2210,0.6856,0,1,0,562191,43419,64357,43599,0.40219163362851534,0.5010342687719782
2211,0.6857,2,1,2,562192,43418,64359,43597,0.4021823705954278,0.501028558294547
2212,0.6858,0,4,0,562196,43414,64359,43597,0.40214531846307755,0.5010515911781269
2213,0.686,6,13,6,562209,43401,64365,43591,0.40202489903293936,0.5010920544417877
2214,0.6863,0,2,0,562211,43399,64365,43591,0.4020063729667642,0.5011035751235774
2215,0.6867,25,45,25,562256,43354,64390,43566,0.4015895364778243,0.501219512195122
2216,0.6869,0,1,0,562257,43353,64390,43566,0.40158027344473674,0.5012252787077623
2217,0.6871,0,4,0,562261,43349,64390,43566,0.4015432213123865,0.5012483460852557
2218,0.6873,0,2,0,562263,43347,64390,43566,0.4015246952462114,0.5012598805702254
2219,0.6875,15,23,15,562286,43324,64405,43551,0.40131164548519765,0.5013064748201439
2220,0.688,6,5,6,562291,43319,64411,43545,0.4012653303197599,0.5013008841407257
2221,0.6882,0,1,0,562292,43318,64411,43545,0.40125606728667235,0.5013066553077835
2222,0.6883,4,8,4,562300,43310,64415,43541,0.4011819630219719,0.5013298637897088
2223,0.6886,1,3,1,562303,43307,64416,43540,0.40115417392270925,0.5013414395431045
2224,0.6887,1,1,1,562304,43306,64417,43539,0.4011449108896217,0.501341470435834
2225,0.6888,1,0,1,562304,43306,64418,43538,0.4011449108896217,0.5013357284325918
2226,0.689,0,1,0,562305,43305,64418,43538,0.40113564785653416,0.5013415013299863
2227,0.6892,1,3,1,562308,43302,64419,43537,0.4011078587572715,0.5013530786858439
2228,0.6893,1,1,1,562309,43301,64420,43536,0.40109859572418394,0.5013531098494881
2229,0.6897,1,0,1,562309,43301,64421,43535,0.40109859572418394,0.5013473674512875
2230,0.6899,0,2,0,562311,43299,64421,43535,0.4010800696580088,0.5013589147108276
2231,0.69,1712,3431,1712,565742,39868,66133,41823,0.3692986031346104,0.5119658224284193
2232,0.6907,1,1,1,565743,39867,66134,41822,0.36928934010152287,0.5119661153888528
2233,0.6908,0,5,0,565748,39862,66134,41822,0.3692430249360851,0.5119974536016846
2234,0.6915,0,1,0,565749,39861,66134,41822,0.3692337619029975,0.5120037217046387
2235,0.6917,4,6,4,565755,39855,66138,41818,0.3691781837044722,0.5120174353825622
2236,0.692,1,3,1,565758,39852,66139,41817,0.36915039460520954,0.5120302685229402
2237,0.6923,1,1,1,565759,39851,66140,41816,0.36914113157212197,0.5120305631405586
2238,0.6925,11,14,11,565773,39837,66151,41805,0.3690114491088962,0.5120526199750128
2239,0.6929,0,2,0,565775,39835,66151,41805,0.36899292304272113,0.5120651641352278
2240,0.6932,1,0,1,565775,39835,66152,41804,0.36899292304272113,0.5120591873981798
2241,0.6933,22,48,22,565823,39787,66174,41782,0.3685482974545185,0.5122289104929569
2242,0.694,2,4,2,565827,39783,66176,41780,0.3685112453221683,0.512242070546694
2243,0.6942,1,0,1,565827,39783,66177,41779,0.3685112453221683,0.512236090336186
2244,0.6943,0,1,0,565828,39782,66177,41779,0.3685019822890807,0.5122423707409178
2245,0.6947,1,1,1,565829,39781,66178,41778,0.3684927192559932,0.5122426709498645
2246,0.695,65,99,65,565928,39682,66243,41713,0.36757567898032534,0.5124761963265557
2247,0.6957,1,0,1,565928,39682,66244,41712,0.36757567898032534,0.5124702066491388
2248,0.6958,2,1,2,565929,39681,66246,41710,0.36756641594723777,0.5124645231045202
2249,0.6959,0,1,0,565930,39680,66246,41710,0.3675571529141502,0.5124708195109965
2250,0.696,8,10,8,565940,39670,66254,41702,0.36746452258327467,0.5124858673745268
2251,0.6962,0,1,0,565941,39669,66254,41702,0.3674552595501871,0.5124921655135122
2252,0.6967,30,48,30,565989,39621,66284,41672,0.3670106339619845,0.5126148622882659
2253,0.697,1,0,1,565989,39621,66285,41671,0.3670106339619845,0.5126088668011612
2254,0.6971,0,1,0,565990,39620,66285,41671,0.36700137092889695,0.512615172651339
2255,0.6973,1,1,1,565991,39619,66286,41670,0.3669921078958094,0.5126154830296842
2256,0.6975,7,15,7,566006,39604,66293,41663,0.3668531623994961,0.5126681186705551
2257,0.698,5,5,5,566011,39599,66298,41658,0.3668068472340583,0.5126696776893067
2258,0.6982,1,0,1,566011,39599,66299,41657,0.3668068472340583,0.5126636802205375
2259,0.6983,5,3,5,566014,39596,66304,41652,0.36677905813479567,0.5126526191413943
2260,0.6985,0,1,0,566015,39595,66304,41652,0.3667697951017081,0.5126589289450687
2261,0.6986,0,1,0,566016,39594,66304,41652,0.3667605320686205,0.5126652389040691
2262,0.699,0,2,0,566018,39592,66304,41652,0.36674200600244544,0.5126778592880705
2263,0.6991,0,1,0,566019,39591,66304,41652,0.36673274296935787,0.512684169713083
2264,0.6992,0,1,0,566020,39590,66304,41652,0.36672347993627036,0.5126904802934443
2265,0.6993,0,1,0,566021,39589,66304,41652,0.3667142169031828,0.5126967910291601
2266,0.6995,0,3,0,566024,39586,66304,41652,0.36668642780392013,0.5127157241684925
2267,0.6996,0,1,0,566025,39585,66304,41652,0.36667716477083256,0.5127220355256841
2268,0.6997,1,0,1,566025,39585,66305,41651,0.36667716477083256,0.5127160372248757
2269,0.7,1721,3304,1721,569329,36281,68026,39930,0.3360721034495535,0.5239401136318904
2270,0.7002,0,1,0,569330,36280,68026,39930,0.33606284041646595,0.5239469885841753
2271,0.7007,1,0,1,569330,36280,68027,39929,0.33606284041646595,0.5239407419071238
2272,0.7008,1,1,1,569331,36279,68028,39928,0.33605357738337843,0.5239413702153346
2273,0.701,0,1,0,569332,36278,68028,39928,0.33604431435029086,0.5239482455449702
2274,0.7013,0,1,0,569333,36277,68028,39928,0.3360350513172033,0.5239551210550489
2275,0.7015,0,1,0,569334,36276,68028,39928,0.3360257882841158,0.5239619967455776
2276,0.7017,9,5,9,569339,36271,68037,39919,0.335979473118678,0.5239401496259352
2277,0.702,2,3,2,569342,36268,68039,39917,0.33595168401941533,0.5239482837828969
2278,0.7025,8,18,8,569360,36250,68047,39909,0.33578494942383935,0.5240221116348691
2279,0.7027,0,1,0,569361,36249,68047,39909,0.3357756863907518,0.5240289923579926
2280,0.703,0,3,0,569364,36246,68047,39909,0.33574789729148913,0.5240496356115817
2281,0.7033,26,43,26,569407,36203,68073,39883,0.3353495868687243,0.5241831611597403
2282,0.7037,0,1,0,569408,36202,68073,39883,0.3353403238356367,0.5241900506013012
2283,0.7038,0,1,0,569409,36201,68073,39883,0.3353310608025492,0.524196940223963
2284,0.704,2,3,2,569412,36198,68075,39881,0.3353032717032865,0.5242051025907281
2285,0.7042,3,1,3,569413,36197,68078,39878,0.335294008670199,0.5241932303647716
2286,0.7043,1,3,1,569416,36194,68079,39877,0.33526621957093633,0.5242076481182054
2287,0.7047,1,1,1,569417,36193,68080,39876,0.33525695653784876,0.5242082845837331
2288,0.7048,1,0,1,569417,36193,68081,39875,0.33525695653784876,0.5242020297628438
2289,0.705,56,82,56,569499,36111,68137,39819,0.3344973878246693,0.5244172263927301
2290,0.7055,0,2,0,569501,36109,68137,39819,0.33447886175849423,0.5244310399325677
2291,0.7057,0,1,0,569502,36108,68137,39819,0.33446959872540666,0.5244379469753843
2292,0.7058,1,1,1,569503,36107,68138,39818,0.3344603356923191,0.5244385907145209
2293,0.706,3,10,3,569513,36097,68141,39815,0.33436770536144356,0.5244888818632101
2294,0.7062,0,1,0,569514,36096,68141,39815,0.334358442328356,0.5244957911238161
2295,0.7065,0,2,0,569516,36094,68141,39815,0.3343399162621809,0.5245096101911499
2296,0.7067,23,40,23,569556,36054,68164,39792,0.3339693949386787,0.5246420378134641
2297,0.7069,0,1,0,569557,36053,68164,39792,0.33396013190559115,0.5246489551058079
2298,0.7071,0,4,0,569561,36049,68164,39792,0.3339230797732409,0.5246766260993394
2299,0.7073,0,2,0,569563,36047,68164,39792,0.33390455370706584,0.5246904626907001
2300,0.7075,12,24,12,569587,36023,68176,39780,0.33368224091296456,0.5247813411078717
2301,0.708,5,7,5,569594,36016,68181,39775,0.3336173996813517,0.5247984589199245
2302,0.7083,5,3,5,569597,36013,68186,39770,0.333589610582089,0.5247878811870736
2303,0.7085,1,0,1,569597,36013,68187,39769,0.333589610582089,0.5247816104088042
2304,0.7086,1,0,1,569597,36013,68188,39768,0.333589610582089,0.5247753394650374
2305,0.7087,0,1,0,569598,36012,68188,39768,0.33358034754900145,0.5247822644497229
2306,0.7088,1,0,1,569598,36012,68189,39767,0.33358034754900145,0.5247759933490809
2307,0.7092,3,3,3,569601,36009,68192,39764,0.3335525584497388,0.5247779552083196
2308,0.7093,0,1,0,569602,36008,68192,39764,0.33354329541665123,0.5247848809586655
2309,0.7096,0,1,0,569603,36007,68192,39764,0.33353403238356366,0.5247918068918188
2310,0.7097,0,2,0,569605,36005,68192,39764,0.3335155063173886,0.5248056593065765
2311,0.7098,0,1,0,569606,36004,68192,39764,0.333506243284301,0.5248125857881956
2312,0.71,1695,3024,1695,572630,32980,69887,38069,0.3054948312275371,0.5358133119396473
2313,0.7103,1,0,1,572630,32980,69888,38068,0.3054948312275371,0.5358067785159328
2314,0.7107,5,1,5,572631,32979,69893,38063,0.3054855681944496,0.5357816502913769
2315,0.7108,1,1,1,572632,32978,69894,38062,0.30547630516136204,0.5357826576576576
2316,0.711,0,2,0,572634,32976,69894,38062,0.30545777909518695,0.5357977420535488
2317,0.7112,1,0,1,572634,32976,69895,38061,0.30545777909518695,0.5357912073989611
2318,0.7117,6,5,6,572639,32971,69901,38055,0.30541146392974916,0.5357897108101258
2319,0.7119,1,0,1,572639,32971,69902,38054,0.30541146392974916,0.535783174938402
2320,0.712,1,5,1,572644,32966,69903,38053,0.30536514876431137,0.5358143595375885
2321,0.7121,0,1,0,572645,32965,69903,38053,0.30535588573122385,0.5358219043059506
2322,0.7123,0,1,0,572646,32964,69903,38053,0.3053466226981363,0.5358294492867904
2323,0.7125,14,12,14,572658,32952,69917,38039,0.3052354663010856,0.5358284853009536
2324,0.7127,1,0,1,572658,32952,69918,38038,0.3052354663010856,0.5358219467530638
2325,0.7129,1,0,1,572658,32952,69919,38037,0.3052354663010856,0.535815408020961
2326,0.713,0,2,0,572660,32950,69919,38037,0.3052169402349105,0.5358305041768211
2327,0.7132,0,1,0,572661,32949,69919,38037,0.30520767720182296,0.535838052573747
2328,0.7133,18,33,18,572694,32916,69937,38019,0.30490199710993365,0.5359695495876506
2329,0.7138,1,1,1,572695,32915,69938,38018,0.30489273407684614,0.5359705637714463
2330,0.714,2,5,2,572700,32910,69940,38016,0.30484641891140835,0.535995262668133
2331,0.7143,2,0,2,572700,32910,69942,38014,0.30484641891140835,0.5359821781061418
2332,0.7144,0,1,0,572701,32909,69942,38014,0.3048371558783208,0.5359897353467845
2333,0.7148,0,1,0,572702,32908,69942,38014,0.30482789284523326,0.5359972928005414
2334,0.715,62,105,62,572807,32803,70004,37952,0.30385527437104004,0.5363861211221822
2335,0.7152,1,1,1,572808,32802,70005,37951,0.3038460113379525,0.5363871496614985
2336,0.7153,1,0,1,572808,32802,70006,37950,0.3038460113379525,0.5363805970149254
2337,0.7157,1,0,1,572808,32802,70007,37949,0.3038460113379525,0.5363740441831211
2338,0.7158,2,3,2,572811,32799,70009,37947,0.3038182222386898,0.5363836824696803
2339,0.716,3,8,3,572819,32791,70012,37944,0.3037441179739894,0.5364246836785184
2340,0.7163,0,1,0,572820,32790,70012,37944,0.30373485494090185,0.5364322673678853
2341,0.7164,1,1,1,572821,32789,70013,37943,0.3037255919078143,0.5364332975173896
2342,0.7165,0,2,0,572823,32787,70013,37943,0.3037070658416392,0.5364484659974551
2343,0.7167,26,39,26,572862,32748,70039,37917,0.3033458075512246,0.536573975801316
2344,0.7168,0,1,0,572863,32747,70039,37917,0.303336544518137,0.5365815691158157
2345,0.7171,1,1,1,572864,32746,70040,37916,0.30332728148504945,0.5365826045116187
2346,0.7172,0,1,0,572865,32745,70040,37916,0.30331801845196193,0.536590198270616
2347,0.7173,1,1,1,572866,32744,70041,37915,0.30330875541887437,0.5365912339546272
2348,0.7175,11,11,11,572877,32733,70052,37904,0.30320686205491126,0.5366026303495335
2349,0.7176,0,1,0,572878,32732,70052,37904,0.3031975990218237,0.5366102270796761
2350,0.718,3,6,3,572884,32726,70055,37901,0.3031420208232984,0.5366361306582469
2351,0.7182,0,1,0,572885,32725,70055,37901,0.3031327577902108,0.5366437289383513
2352,0.7183,5,4,5,572889,32721,70060,37896,0.3030957056578606,0.536641318662645
2353,0.7185,3,2,3,572891,32719,70063,37893,0.3030771795916855,0.5366368322664703
2354,0.7186,0,1,0,572892,32718,70063,37893,0.30306791655859794,0.536644432170625
2355,0.7187,0,1,0,572893,32717,70063,37893,0.30305865352551037,0.5366520322900439
2356,0.7188,1,0,1,572893,32717,70064,37892,0.30305865352551037,0.5366454701242052
2357,0.7191,0,1,0,572894,32716,70064,37892,0.30304939049242285,0.5366530704736008
2358,0.7192,2,0,2,572894,32716,70066,37890,0.30304939049242285,0.5366399456136872
2359,0.7193,0,1,0,572895,32715,70066,37890,0.3030401274593353,0.5366475462077757
2360,0.7195,0,1,0,572896,32714,70066,37890,0.3030308644262477,0.5366551470171662
2361,0.72,1696,2788,1696,575684,29926,71762,36194,0.27720552817814664,0.5473986690865094
2362,0.7203,0,1,0,575685,29925,71762,36194,0.2771962651450591,0.5474069480784646
2363,0.7204,0,1,0,575686,29924,71762,36194,0.27718700211197156,0.5474152273208506
2364,0.7205,0,1,0,575687,29923,71762,36194,0.277177739078884,0.5474235068136788
2365,0.7207,0,1,0,575688,29922,71762,36194,0.2771684760457964,0.5474317865569605
2366,0.7208,1,3,1,575691,29919,71763,36193,0.27714068694653377,0.5474497821878025
2367,0.721,0,1,0,575692,29918,71763,36193,0.2771314239134462,0.5474580629547277
2368,0.7213,1,1,1,575693,29917,71764,36192,0.2771221608803587,0.5474594987066814
2369,0.7217,3,3,3,575696,29914,71767,36189,0.277094371781096,0.5474638064838208
2370,0.722,3,2,3,575698,29912,71770,36186,0.2770758457149209,0.5474598323701171
2371,0.7222,0,1,0,575699,29911,71770,36186,0.2770665826818333,0.5474681150430428
2372,0.7225,10,16,10,575715,29895,71780,36176,0.2769183741524325,0.5475322002088662
2373,0.723,1,0,1,575715,29895,71781,36175,0.2769183741524325,0.5475253518995006
2374,0.7233,25,37,25,575752,29858,71806,36150,0.27657564192819295,0.5476608895891407
2375,0.7235,0,3,0,575755,29855,71806,36150,0.2765478528289303,0.5476857813801985
2376,0.7237,1,1,1,575756,29854,71807,36149,0.2765385897958427,0.5476872263381968
2377,0.7239,1,0,1,575756,29854,71808,36148,0.2765385897958427,0.5476803733220206
2378,0.724,2,5,2,575761,29849,71810,36146,0.276492274630405,0.5477081597090688
2379,0.7242,0,1,0,575762,29848,71810,36146,0.2764830115973174,0.5477164590720368
2380,0.7244,0,1,0,575763,29847,71810,36146,0.27647374856422985,0.5477247586865274
2381,0.7247,0,1,0,575764,29846,71810,36146,0.27646448553114233,0.5477330585525518
2382,0.7248,0,1,0,575765,29845,71810,36146,0.27645522249805476,0.5477413586701216
2383,0.725,72,82,72,575847,29763,71882,36074,0.2756956537848753,0.5479289761076598
2384,0.7256,1,0,1,575847,29763,71883,36073,0.2756956537848753,0.5479221094841727
2385,0.7257,0,2,0,575849,29761,71883,36073,0.27567712771870023,0.5479387550505818
2386,0.7258,2,4,2,575853,29757,71885,36071,0.27564007558635,0.5479583156103786
2387,0.726,5,12,5,575865,29745,71890,36066,0.27552891918929934,0.5480238865843096
2388,0.7262,2,1,2,575866,29744,71892,36064,0.27551965615621177,0.5480184779965962
2389,0.7264,0,1,0,575867,29743,71892,36064,0.27551039312312425,0.5480268056589724
2390,0.7265,0,2,0,575869,29741,71892,36064,0.2754918670569491,0.5480434617430286
2391,0.7267,25,47,25,575916,29694,71917,36039,0.27505650450183405,0.548263429327735
2392,0.7268,1,1,1,575917,29693,71918,36038,0.27504724146874654,0.5482648978412012
2393,0.7271,1,4,1,575921,29689,71919,36037,0.2750101893363963,0.5482913915345525
2394,0.7273,0,1,0,575922,29688,71919,36037,0.27500092630330875,0.5482997337390643
2395,0.7274,0,1,0,575923,29687,71919,36037,0.2749916632702212,0.5483080761974317
2396,0.7275,7,11,7,575934,29676,71926,36030,0.27488976990625813,0.5483517486987489
2397,0.7278,1,0,1,575934,29676,71927,36029,0.27488976990625813,0.548344874819268
2398,0.728,3,4,3,575938,29672,71930,36026,0.2748527177739079,0.5483576364577308
2399,0.7283,6,4,6,575942,29668,71936,36020,0.2748156656415577,0.5483497746924857
2400,0.7285,1,2,1,575944,29666,71937,36019,0.27479713957538254,0.5483595950369187
2401,0.7286,0,1,0,575945,29665,71937,36019,0.27478787654229503,0.5483679434869984
2402,0.7292,1,3,1,575948,29662,71938,36018,0.2747600874430323,0.5483861144945189
2403,0.7293,1,2,1,575950,29660,71939,36017,0.27474156137685724,0.5483959376950835
2404,0.73,1683,2623,1683,578573,27037,73622,34334,0.2504446255882026,0.5594499030486711
2405,0.7302,1,0,1,578573,27037,73623,34333,0.2504446255882026,0.5594427244582043
2406,0.7305,0,1,0,578574,27036,73623,34333,0.25043536255511506,0.5594518405057928
2407,0.7307,0,1,0,578575,27035,73623,34333,0.2504260995220275,0.5594609568504758
2408,0.7308,1,4,1,578579,27031,73624,34332,0.25038904738967727,0.5594902465655199
2409,0.7312,1,0,1,578579,27031,73625,34331,0.25038904738967727,0.55948306769662
2410,0.7313,1,0,1,578579,27031,73626,34330,0.25038904738967727,0.5594758885937322
2411,0.7314,0,1,0,578580,27030,73626,34330,0.2503797843565897,0.5594850065189049
2412,0.7317,5,5,5,578585,27025,73631,34325,0.25033346919115196,0.5594947025264874
2413,0.7318,0,1,0,578586,27024,73631,34325,0.2503242061580644,0.5595038223931931
2414,0.732,1,5,1,578591,27019,73632,34324,0.25027789099262665,0.559542246059045
2415,0.7325,7,16,7,578607,27003,73639,34317,0.25012968246322576,0.5596379647749511
2416,0.7327,0,2,0,578609,27001,73639,34317,0.25011115639705067,0.5596562184024267
2417,0.733,1,0,1,578609,27001,73640,34316,0.25011115639705067,0.5596490369718022
2418,0.7332,0,1,0,578610,27000,73640,34316,0.2501018933639631,0.5596581642638137
2419,0.7333,25,25,25,578635,26975,73665,34291,0.24987031753677424,0.559706852087618
2420,0.734,8,6,8,578641,26969,73673,34283,0.2498147393382489,0.5597041729249658
2421,0.7342,0,2,0,578643,26967,73673,34283,0.2497962132720738,0.5597224489795919
2422,0.7343,1,0,1,578643,26967,73674,34282,0.2497962132720738,0.5597152606573168
2423,0.7347,1,1,1,578644,26966,73675,34281,0.24978695023898626,0.5597172106388885
2424,0.735,59,87,59,578731,26879,73734,34222,0.24898106636036904,0.5600890329127183
2425,0.7353,1,0,1,578731,26879,73735,34221,0.24898106636036904,0.5600818330605565
2426,0.7355,0,1,0,578732,26878,73735,34221,0.24897180332728147,0.5600909998526981
2427,0.7357,4,3,4,578735,26875,73739,34217,0.24894401422801882,0.5600897007791528
2428,0.7358,0,2,0,578737,26873,73739,34217,0.2489254881618437,0.560108037321984
2429,0.736,6,6,6,578743,26867,73745,34211,0.2488699099633184,0.5601198467533318
2430,0.7362,1,0,1,578743,26867,73746,34210,0.2488699099633184,0.5601126446944021
2431,0.7363,2,2,2,578745,26865,73748,34208,0.24885138389714329,0.5601165817955561
2432,0.7367,26,38,26,578783,26827,73774,34182,0.24849938863981622,0.5602779917717058
2433,0.7371,1,0,1,578783,26827,73775,34181,0.24849938863981622,0.5602707841594545
2434,0.7375,10,7,10,578790,26820,73785,34171,0.24843454740820334,0.5602629896214195
2435,0.738,6,8,6,578798,26812,73791,34165,0.24836044314350292,0.5602932253144628
2436,0.7383,2,4,2,578802,26808,73793,34163,0.2483233910111527,0.5603155598563251
2437,0.7386,1,1,1,578803,26807,73794,34162,0.24831412797806512,0.5603175384211648
2438,0.739,0,3,0,578806,26804,73794,34162,0.24828633887880247,0.5603451103893974
2439,0.7392,3,0,3,578806,26804,73797,34159,0.24828633887880247,0.5603234748946082
2440,0.74,1624,2424,1624,581230,24380,75421,32535,0.22583274667457112,0.5716419221646315
2441,0.7402,1,0,1,581230,24380,75422,32534,0.22583274667457112,0.5716343957549987
2442,0.7403,0,1,0,581231,24379,75422,32534,0.22582348364148358,0.5716444397589303
2443,0.7407,0,1,0,581232,24378,75422,32534,0.225814220608396,0.571654484115828
2444,0.7408,1,1,1,581233,24377,75423,32533,0.22580495757530847,0.5716570022843086
2445,0.7413,0,1,0,581234,24376,75423,32533,0.2257956945422209,0.5716670473914495
2446,0.7416,0,1,0,581235,24375,75423,32533,0.22578643150913336,0.5716770928516202
2447,0.7417,3,0,3,581235,24375,75426,32530,0.22578643150913336,0.571654511905808
2448,0.742,2,5,2,581240,24370,75428,32528,0.2257401163436956,0.5716896903230342
2449,0.7424,1,0,1,581240,24370,75429,32527,0.2257401163436956,0.5716821625041743
2450,0.7425,13,14,13,581254,24356,75442,32514,0.2256104338804698,0.5717249868120274
2451,0.7427,0,1,0,581255,24355,75442,32514,0.22560117084738227,0.5717350401800629
2452,0.7433,16,33,16,581288,24322,75458,32498,0.225295490755493,0.5719464977120732
2453,0.7435,0,1,0,581289,24321,75458,32498,0.22528622772240542,0.5719565638254809
2454,0.7437,0,2,0,581291,24319,75458,32498,0.2252677016562303,0.5719766971153
2455,0.744,3,9,3,581300,24310,75461,32495,0.22518433435844232,0.5720447143737347
2456,0.7442,1,2,1,581302,24308,75462,32494,0.22516580829226723,0.5720573219252844
2457,0.7443,1,0,1,581302,24308,75463,32493,0.22516580829226723,0.5720497878558476
2458,0.7445,0,1,0,581303,24307,75463,32493,0.22515654525917966,0.5720598591549296
2459,0.7447,1,2,1,581305,24305,75464,32492,0.22513801919300455,0.5720724686163001
2460,0.7448,0,1,0,581306,24304,75464,32492,0.225128756159917,0.5720825410240158
2461,0.745,54,65,54,581371,24239,75518,32438,0.22452665900922597,0.5723309278896201
2462,0.7452,0,1,0,581372,24238,75518,32438,0.22451739597613843,0.5723410261839227
2463,0.7453,1,0,1,581372,24238,75519,32437,0.22451739597613843,0.5723334803705338
2464,0.7454,0,1,0,581373,24237,75519,32437,0.22450813294305086,0.5723435790662385
2465,0.7457,1,1,1,581374,24236,75520,32436,0.22449886990996332,0.5723461321287409
2466,0.7458,1,3,1,581377,24233,75521,32435,0.22447108081070066,0.5723688854379897
2467,0.746,4,5,4,581382,24228,75525,32431,0.2244247656452629,0.5723892055984044
2468,0.7463,1,1,1,581383,24227,75526,32430,0.22441550261217533,0.5723917609474557
2469,0.7467,29,31,29,581414,24196,75555,32401,0.22412834858646116,0.5724861741788434
2470,0.7468,0,1,0,581415,24195,75555,32401,0.2241190855533736,0.5724962894904233
2471,0.747,1,2,1,581417,24193,75556,32400,0.22410055948719848,0.5725089675401551
2472,0.7475,8,16,8,581433,24177,75564,32392,0.2239523509577976,0.5726104403471867
2473,0.7476,0,2,0,581435,24175,75564,32392,0.2239338248916225,0.5726306857354995
2474,0.7477,0,2,0,581437,24173,75564,32392,0.22391529882544742,0.5726509325554672
2475,0.7478,0,1,0,581438,24172,75564,32392,0.22390603579235985,0.572661056502369
2476,0.748,3,2,3,581440,24170,75567,32389,0.22388750972618474,0.5726586396506304
2477,0.7482,0,1,0,581441,24169,75567,32389,0.2238782466930972,0.5726687648078079
2478,0.7483,11,7,11,581448,24162,75578,32378,0.22381340546148432,0.5726565263530244
2479,0.7486,0,1,0,581449,24161,75578,32378,0.22380414242839675,0.5726666548753957
2480,0.749,0,1,0,581450,24160,75578,32378,0.2237948793953092,0.5726767837560579
2481,0.7492,3,2,3,581452,24158,75581,32375,0.2237763533291341,0.5726743671837687
2482,0.7496,1,0,1,581452,24158,75582,32374,0.2237763533291341,0.5726668081794382
2483,0.7497,3,0,3,581452,24158,75585,32371,0.2237763533291341,0.5726441295618179
2484,0.7498,2,0,2,581452,24158,75587,32369,0.2237763533291341,0.5726290091460718
2485,0.75,1636,2243,1636,583695,21915,77223,30733,0.20299937011375005,0.5837448716000608
2486,0.7502,0,3,0,583698,21912,77223,30733,0.2029715810144874,0.5837781365751733
2487,0.7503,0,2,0,583700,21910,77223,30733,0.20295305494831228,0.5838003153315731
2488,0.751,1,0,1,583700,21910,77224,30732,0.20295305494831228,0.5837924091029976
2489,0.7513,1,0,1,583700,21910,77225,30731,0.20295305494831228,0.5837845025740392
2490,0.7515,0,2,0,583702,21908,77225,30731,0.20293452888213717,0.5838066832576607
2491,0.7517,5,4,5,583706,21904,77230,30726,0.20289747674978695,0.5838115143454303
2492,0.7518,1,0,1,583706,21904,77231,30725,0.20289747674978695,0.5838036063767125
2493,0.752,3,0,3,583706,21904,77234,30722,0.20289747674978695,0.5837798806673508
2494,0.7523,0,1,0,583707,21903,77234,30722,0.2028882137166994,0.583790973871734
2495,0.7525,5,10,5,583717,21893,77239,30717,0.20279558338582385,0.5838623835772667
2496,0.7528,1,1,1,583718,21892,77240,30716,0.2027863203527363,0.5838655717761557
2497,0.7532,0,1,0,583719,21891,77240,30716,0.20277705731964873,0.5838766704050792
2498,0.7533,20,29,20,583748,21862,77260,30696,0.20250842936010968,0.5840404886030671
2499,0.7535,1,2,1,583750,21860,77261,30695,0.20248990329393457,0.5840547997336124
2500,0.7537,1,1,1,583751,21859,77262,30694,0.202480640260847,0.5840579985918977
2501,0.754,3,7,3,583758,21852,77265,30691,0.20241579902923412,0.5841120605979864
2502,0.7542,0,2,0,583760,21850,77265,30691,0.202397272963059,0.5841342951219048
2503,0.7543,1,1,1,583761,21849,77266,30690,0.20238800992997147,0.5841374978587335
2504,0.7548,0,1,0,583762,21848,77266,30690,0.20237874689688393,0.5841486162396742
2505,0.755,49,71,49,583833,21777,77315,30641,0.20172107154766758,0.5845511083978786
2506,0.7553,2,1,2,583834,21776,77317,30639,0.20171180851458,0.5845464084708576
2507,0.7555,0,1,0,583835,21775,77317,30639,0.20170254548149247,0.5845575609569962
2508,0.7557,2,1,2,583836,21774,77319,30637,0.2016932824484049,0.5845528610406212
2509,0.7558,1,1,1,583837,21773,77320,30636,0.20168401941531736,0.5845560876948616
2510,0.756,1,5,1,583842,21768,77321,30635,0.2016377042498796,0.5846039348892239
2511,0.7562,1,0,1,583842,21768,77322,30634,0.2016377042498796,0.5845960077859623
2512,0.7565,0,2,0,583844,21766,77322,30634,0.20161917818370448,0.584618320610687
2513,0.7567,14,26,14,583870,21740,77336,30620,0.20137833932342805,0.5847975553857907
2514,0.757,0,2,0,583872,21738,77336,30620,0.20135981325725297,0.584819893808014
2515,0.7571,1,0,1,583872,21738,77337,30619,0.20135981325725297,0.5848119640162729
2516,0.7573,0,3,0,583875,21735,77337,30619,0.20133202415799029,0.5848454750353363
2517,0.7575,9,7,9,583882,21728,77346,30610,0.2012671829263774,0.5848523061637816
2518,0.758,2,6,2,583888,21722,77348,30608,0.2012116047278521,0.5849034970380279
2519,0.7583,2,4,2,583892,21718,77350,30606,0.20117455259550188,0.5849323446219707
2520,0.7585,1,0,1,583892,21718,77351,30605,0.20117455259550188,0.584924411826539
2521,0.7588,2,1,2,583893,21717,77353,30603,0.2011652895624143,0.5849197247706422
2522,0.7592,2,5,2,583898,21712,77355,30601,0.20111897439697654,0.584959761435972
2523,0.7593,1,0,1,583898,21712,77356,30600,0.20111897439697654,0.584951827496559
2524,0.7597,1,2,1,583900,21710,77357,30599,0.20110044833080143,0.5849662581964863
2525,0.76,1601,2039,1601,585939,19671,78958,28998,0.18221312386527844,0.595820748320286
2526,0.7605,0,1,0,585940,19670,78958,28998,0.1822038608321909,0.5958329908769623
2527,0.7608,0,1,0,585941,19669,78958,28998,0.18219459779910332,0.5958452339367538
2528,0.761,1,1,1,585942,19668,78959,28997,0.18218533476601578,0.5958491729168807
2529,0.7612,1,0,1,585942,19668,78960,28996,0.18218533476601578,0.5958408679927667
2530,0.7615,0,2,0,585944,19666,78960,28996,0.18216680869984067,0.5958653569520365
2531,0.7617,5,3,5,585947,19663,78965,28991,0.18213901960057802,0.5958605664488017
2532,0.762,4,4,4,585951,19659,78969,28987,0.1821019674682278,0.5958763310446902
2533,0.7622,1,1,1,585952,19658,78970,28986,0.18209270443514025,0.5958802730038648
2534,0.7625,13,11,13,585963,19647,78983,28973,0.18199081107117715,0.5959070341423283
2535,0.7627,1,1,1,585964,19646,78984,28972,0.18198154803808958,0.5959109794726233
2536,0.7629,1,0,1,585964,19646,78985,28971,0.18198154803808958,0.5959026677911019
2537,0.7633,20,22,20,585986,19624,79005,28951,0.1817777613101634,0.5960061760164693
2538,0.7635,1,0,1,585986,19624,79006,28950,0.1817777613101634,0.5959978589368798
2539,0.7636,0,1,0,585987,19623,79006,28950,0.18176849827707584,0.596010129084059
2540,0.764,5,5,5,585992,19618,79011,28945,0.18172218311163807,0.5960298993060561
2541,0.7642,1,3,1,585995,19615,79012,28944,0.18169439401237542,0.5960584031796371
2542,0.7646,0,1,0,585996,19614,79012,28944,0.18168513097928785,0.5960706783640183
2543,0.7647,0,1,0,585997,19613,79012,28944,0.1816758679462003,0.5960829540539984
2544,0.765,61,62,61,586059,19551,79073,28883,0.18110155989477195,0.596337283726308
2545,0.7655,0,1,0,586060,19550,79073,28883,0.18109229686168438,0.5963495963495964
2546,0.7657,0,2,0,586062,19548,79073,28883,0.1810737707955093,0.5963742231215544
2547,0.7658,3,2,3,586064,19546,79076,28880,0.18105524472933418,0.5963738487589312
2548,0.766,8,7,8,586071,19539,79084,28872,0.1809904034977213,0.5963933816694553
2549,0.7663,1,0,1,586071,19539,79085,28871,0.1809904034977213,0.5963850444123115
2550,0.7667,27,17,27,586088,19522,79112,28844,0.18083293193523287,0.5963693503700946
2551,0.767,0,1,0,586089,19521,79112,28844,0.18082366890214532,0.5963816809676419
2552,0.7671,0,1,0,586090,19520,79112,28844,0.18081440586905775,0.5963940120750972
2553,0.7675,12,14,12,586104,19506,79124,28832,0.180684723405832,0.5964665480574289
2554,0.7677,0,1,0,586105,19505,79124,28832,0.18067546037274446,0.5964788878085111
2555,0.768,2,3,2,586108,19502,79126,28830,0.1806476712734818,0.5964992137714143
2556,0.7681,0,1,0,586109,19501,79126,28830,0.18063840824039423,0.5965115557302766
2557,0.7682,1,0,1,586109,19501,79127,28829,0.18063840824039423,0.5965032071177323
2558,0.7683,5,5,5,586114,19496,79132,28824,0.18059209307495647,0.596523178807947
2559,0.7686,1,1,1,586115,19495,79133,28823,0.1805828300418689,0.5965271741380024
2560,0.7692,0,2,0,586117,19493,79133,28823,0.1805643039756938,0.596551866876397
2561,0.77,1612,1856,1612,587973,17637,80745,27211,0.16337211456519324,0.6067383160899037
2562,0.7702,0,2,0,587975,17635,80745,27211,0.16335358849901813,0.6067653748383356
2563,0.7703,1,1,1,587976,17634,80746,27210,0.16334432546593056,0.6067701364731067
2564,0.7705,1,0,1,587976,17634,80747,27209,0.16334432546593056,0.6067613674375042
2565,0.7708,1,1,1,587977,17633,80748,27208,0.16333506243284301,0.606766129212105
2566,0.7713,1,1,1,587978,17632,80749,27207,0.16332579939975544,0.6067708914114944
2567,0.7715,1,3,1,587981,17629,80750,27206,0.1632980103004928,0.6068027210884354
2568,0.7717,6,5,6,587986,17624,80756,27200,0.16325169513505502,0.606817776191326
2569,0.772,0,5,0,587991,17619,80756,27200,0.16320537996961726,0.6068854726789977
2570,0.7722,0,2,0,587993,17617,80756,27200,0.16318685390344215,0.606912555503492
2571,0.7723,1,2,1,587995,17615,80757,27199,0.16316832783726704,0.6069308698174678
2572,0.7725,6,7,6,588002,17608,80763,27193,0.16310348660565416,0.606973058637084
2573,0.7732,2,5,2,588007,17603,80765,27191,0.1630571714402164,0.6070232620440238
2574,0.7733,18,35,18,588042,17568,80783,27173,0.16273296528215198,0.6073400236919156
2575,0.7737,0,1,0,588043,17567,80783,27173,0.16272370224906443,0.6073535985695128
2576,0.774,2,0,2,588043,17567,80785,27171,0.16272370224906443,0.6073360454200009
2577,0.7743,1,1,1,588044,17566,80786,27170,0.1627144392159769,0.6073408440629471
2578,0.775,46,52,46,588096,17514,80832,27124,0.16223276149542407,0.607643711635826
2579,0.7753,1,1,1,588097,17513,80833,27123,0.1622234984623365,0.6076485348149476
2580,0.7757,1,1,1,588098,17512,80834,27122,0.16221423542924895,0.6076533584263117
2581,0.7758,4,1,4,588099,17511,80838,27118,0.1622049723961614,0.6076318089134868
2582,0.7759,0,2,0,588101,17509,80838,27118,0.1621864463299863,0.6076590404911825
2583,0.776,6,9,6,588110,17500,80844,27112,0.1621030790321983,0.6077288621895454
2584,0.7761,1,0,1,588110,17500,80845,27111,0.1621030790321983,0.6077200690412679
2585,0.7762,1,0,1,588110,17500,80846,27110,0.1621030790321983,0.6077112754987671
2586,0.7765,0,1,0,588111,17499,80846,27110,0.16209381599911074,0.6077248985630702
2587,0.7767,20,24,20,588135,17475,80866,27090,0.16187150320500945,0.6078761359811511
2588,0.777,0,1,0,588136,17474,80866,27090,0.16186224017192188,0.6078897765012118
2589,0.7771,1,1,1,588137,17473,80867,27089,0.16185297713883434,0.6078946187334501
2590,0.7773,1,1,1,588138,17472,80868,27088,0.16184371410574677,0.6078994614003591
2591,0.7775,13,10,13,588148,17462,80881,27075,0.16175108377487124,0.6079215034690257
2592,0.778,1,2,1,588150,17460,80882,27074,0.16173255770869613,0.6079400008981901
2593,0.7782,0,1,0,588151,17459,80882,27074,0.1617232946756086,0.6079536523476972
2594,0.7783,3,8,3,588159,17451,80885,27071,0.16164919041090814,0.6080364763487714
2595,0.7786,1,0,1,588159,17451,80886,27070,0.16164919041090814,0.608027672334404
2596,0.7787,0,1,0,588160,17450,80886,27070,0.1616399273778206,0.6080413297394429
2597,0.779,1,0,1,588160,17450,80887,27069,0.1616399273778206,0.6080325254385768
2598,0.7792,0,1,0,588161,17449,80887,27069,0.16163066434473303,0.608046183566198
2599,0.7798,0,1,0,588162,17448,80887,27069,0.16162140131164549,0.6080598423074332
2600,0.78,1593,1773,1593,589935,15675,82480,25476,0.1451980436474119,0.6190858059342422
2601,0.7802,1,0,1,589935,15675,82481,25475,0.1451980436474119,0.6190765492102066
2602,0.7803,0,1,0,589936,15674,82481,25475,0.14518878061432436,0.6190915939634013
2603,0.7804,1,0,1,589936,15674,82482,25474,0.14518878061432436,0.619082336930106
2604,0.7807,1,2,1,589938,15672,82483,25473,0.14517025454814925,0.6191031717098068
2605,0.7808,1,0,1,589938,15672,82484,25472,0.14517025454814925,0.6190939140579428
2606,0.781,0,1,0,589939,15671,82484,25472,0.1451609915150617,0.6191089614272173
2607,0.7813,3,1,3,589940,15670,82487,25469,0.14515172848197413,0.6190962347164491
2608,0.7814,1,0,1,589940,15670,82488,25468,0.14515172848197413,0.6190869755457241
2609,0.7817,6,5,6,589945,15665,82494,25462,0.14510541331653637,0.6191066695844579
2610,0.782,1,3,1,589948,15662,82495,25461,0.14507762421727372,0.6191425722831505
2611,0.7825,11,4,11,589952,15658,82506,25450,0.1450405720849235,0.6191009049333464
2612,0.7829,0,1,0,589953,15657,82506,25450,0.14503130905183592,0.6191159656506191
2613,0.783,3,0,3,589953,15657,82509,25447,0.14503130905183592,0.6190881666017906
2614,0.7833,23,22,23,589975,15635,82532,25424,0.14482752232390975,0.6192065077084196
2615,0.7837,0,1,0,589976,15634,82532,25424,0.14481825929082218,0.6192215889716985
2616,0.784,5,0,5,589976,15634,82537,25419,0.14481825929082218,0.619175212530144
2617,0.7842,0,1,0,589977,15633,82537,25419,0.14480899625773463,0.6191902952353113
2618,0.7843,0,3,0,589980,15630,82537,25419,0.14478120715847198,0.6192355477599941
2619,0.7845,0,1,0,589981,15629,82537,25419,0.1447719441253844,0.6192506334047944
2620,0.7848,1,0,1,589981,15629,82538,25418,0.1447719441253844,0.619241357468268
2621,0.785,52,40,52,590021,15589,82590,25366,0.14440142280188226,0.6193627151751923
2622,0.7853,0,1,0,590022,15588,82590,25366,0.1443921597687947,0.6193778385505689
2623,0.7857,0,1,0,590023,15587,82590,25366,0.14438289673570714,0.6193929626645178
2624,0.7858,0,2,0,590025,15585,82590,25366,0.14436437066953203,0.619423213108349
2625,0.786,9,3,9,590028,15582,82599,25357,0.14433658157026938,0.6193849385671365
2626,0.7865,1,0,1,590028,15582,82600,25356,0.14433658157026938,0.6193756412135424
2627,0.7867,16,17,16,590045,15565,82616,25340,0.14417911000778094,0.6194841706392862
2628,0.787,1,0,1,590045,15565,82617,25339,0.14417911000778094,0.6194748679835713
2629,0.7871,3,0,3,590045,15565,82620,25336,0.14417911000778094,0.6194469572871079
2630,0.7872,0,1,0,590046,15564,82620,25336,0.1441698469746934,0.6194621026894865
2631,0.7873,0,1,0,590047,15563,82620,25336,0.14416058394160583,0.6194772488324898
2632,0.7875,8,10,8,590057,15553,82628,25328,0.1440679536107303,0.6195543161860033
2633,0.7877,0,1,0,590058,15552,82628,25328,0.14405869057764276,0.6195694716242661
2634,0.7878,0,1,0,590059,15551,82628,25328,0.1440494275445552,0.6195846278040069
2635,0.7879,0,2,0,590061,15549,82628,25328,0.14403090147838007,0.6196149423881401
2636,0.788,3,3,3,590064,15546,82631,25325,0.14400311237911742,0.6196325022632184
2637,0.7883,13,7,13,590071,15539,82644,25312,0.14393827114750454,0.619617634819221
2638,0.7885,1,1,1,590072,15538,82645,25311,0.14392900811441697,0.6196234913951382
2639,0.7886,1,0,1,590072,15538,82646,25310,0.14392900811441697,0.6196141793967881
2640,0.7887,1,0,1,590072,15538,82647,25309,0.14392900811441697,0.6196048669424927
2641,0.7888,1,2,1,590074,15536,82648,25308,0.1439104820482419,0.6196258936441092
2642,0.7892,1,2,1,590076,15534,82649,25307,0.14389195598206678,0.6196469234347837
2643,0.7896,1,0,1,590076,15534,82650,25306,0.14389195598206678,0.6196376101860921
2644,0.7897,0,2,0,590078,15532,82650,25306,0.14387342991589167,0.6196679563151967
2645,0.79,1486,1576,1486,591654,13956,84136,23820,0.12927488976990625,0.6305590851334181
2646,0.7902,0,2,0,591656,13954,84136,23820,0.12925636370373114,0.630592471011807
2647,0.7903,1,1,1,591657,13953,84137,23819,0.1292471006706436,0.6305993857884147
2648,0.7905,0,1,0,591658,13952,84137,23819,0.12923783763755603,0.6306160811204363
2649,0.7907,1,0,1,591658,13952,84138,23818,0.12923783763755603,0.6306063012973259
2650,0.7908,0,1,0,591659,13951,84138,23818,0.1292285746044685,0.6306229976965236
2651,0.791,1,2,1,591661,13949,84139,23817,0.12921004853829338,0.6306466133559286
2652,0.7912,1,1,1,591662,13948,84140,23816,0.12920078550520583,0.6306535324647813
2653,0.7915,1,1,1,591663,13947,84141,23815,0.12919152247211826,0.6306604523065515
2654,0.7917,4,4,4,591667,13943,84145,23811,0.12915447033976804,0.6306881390051385
2655,0.7918,0,2,0,591669,13941,84145,23811,0.12913594427359296,0.6307215511760966
2656,0.792,2,2,2,591671,13939,84147,23809,0.12911741820741784,0.6307354032001695
2657,0.7925,9,6,9,591677,13933,84156,23800,0.1290618400088925,0.6307476214454192
2658,0.793,0,1,0,591678,13932,84156,23800,0.12905257697580497,0.6307643379624722
2659,0.7933,14,19,14,591697,13913,84170,23786,0.12887657934714142,0.6309451179076369
2660,0.7935,0,1,0,591698,13912,84170,23786,0.12886731631405388,0.6309618547403045
2661,0.794,1,1,1,591699,13911,84171,23785,0.1288580532809663,0.6309688030560272
2662,0.7942,1,0,1,591699,13911,84172,23784,0.1288580532809663,0.6309590131317151
2663,0.7943,1,2,1,591701,13909,84173,23783,0.12883952721479122,0.6309827018996074
2664,0.7944,1,0,1,591701,13909,84174,23782,0.12883952721479122,0.6309729113050861
2665,0.795,48,26,48,591727,13883,84222,23734,0.1285986883545148,0.6309381396708935
2666,0.7952,0,1,0,591728,13882,84222,23734,0.12858942532142725,0.6309549128030625
2667,0.7955,0,1,0,591729,13881,84222,23734,0.12858016228833968,0.6309716868270637
2668,0.7957,1,0,1,591729,13881,84223,23733,0.12858016228833968,0.6309618758972723
2669,0.7958,1,2,1,591731,13879,84224,23732,0.1285616362221646,0.630985615910239
2670,0.796,3,2,3,591733,13877,84227,23729,0.1285431101559895,0.6309897356804766
2671,0.7962,0,1,0,591734,13876,84227,23729,0.12853384712290192,0.6310065150910783
2672,0.7963,3,1,3,591735,13875,84230,23726,0.12852458408981438,0.6309938565463684
2673,0.7967,19,22,19,591757,13853,84249,23707,0.12832079736188817,0.6311767838125666
2674,0.7975,8,1,8,591758,13852,84257,23699,0.12831153432880063,0.6311150169103352
2675,0.7978,0,1,0,591759,13851,84257,23699,0.12830227129571306,0.6311318242343542
2676,0.798,5,5,5,591764,13846,84262,23694,0.1282559561302753,0.6311667554608418
2677,0.7983,6,6,6,591770,13840,84268,23688,0.12820037793174996,0.6312086975058623
2678,0.799,0,1,0,591771,13839,84268,23688,0.12819111489866242,0.6312255176273084
2679,0.7991,0,1,0,591772,13838,84268,23688,0.12818185186557488,0.631242338645206
2680,0.7992,1,1,1,591773,13837,84269,23687,0.1281725888324873,0.6312493337597271
2681,0.7993,1,0,1,591773,13837,84270,23686,0.1281725888324873,0.6312395064360525
2682,0.8,1554,1551,1554,593324,12286,85824,22132,0.11380562451369076,0.6430356208960427
2683,0.8002,0,1,0,593325,12285,85824,22132,0.11379636148060321,0.6430543045587936
2684,0.8007,1,0,1,593325,12285,85825,22131,0.11379636148060321,0.6430439330543933
2685,0.8008,1,1,1,593326,12284,85826,22130,0.11378709844751565,0.6430522461788807
2686,0.801,2,2,2,593328,12282,85828,22128,0.11376857238134054,0.6430688753269398
2687,0.8013,0,1,0,593329,12281,85828,22128,0.113759309348253,0.6430875643000378
2688,0.8017,3,4,3,593333,12277,85831,22125,0.11372225721590278,0.6431312133015522
2689,0.802,2,1,2,593334,12276,85833,22123,0.11371299418281522,0.6431291607314166
2690,0.8025,8,4,8,593338,12272,85841,22115,0.11367594205046501,0.6431209468694565
2691,0.8027,1,0,1,593338,12272,85842,22114,0.11367594205046501,0.6431105682545222
2692,0.8029,0,1,0,593339,12271,85842,22114,0.11366667901737745,0.643129271484659
2693,0.8033,24,16,24,593355,12255,85866,22090,0.11351847048797659,0.6431795021109332
2694,0.804,1,4,1,593359,12251,85867,22089,0.11348141835562636,0.6432440302853815
2695,0.8042,1,3,1,593362,12248,85868,22088,0.11345362925636371,0.6432898415657037
2696,0.8043,2,1,2,593363,12247,85870,22086,0.11344436622327615,0.643287798910669
2697,0.8045,0,1,0,593364,12246,85870,22086,0.1134351031901886,0.6433065361761622
2698,0.805,46,30,46,593394,12216,85916,22040,0.11315721219756197,0.6433909388136385
2699,0.8057,1,2,1,593396,12214,85917,22039,0.11313868613138686,0.643418094765422
2700,0.8058,0,1,0,593397,12213,85917,22039,0.1131294230982993,0.6434368795982717
2701,0.806,4,2,4,593399,12211,85921,22035,0.1131108970321242,0.6434328096712024
2702,0.8067,23,23,23,593422,12188,85944,22012,0.11289784727111045,0.6436257309941521
2703,0.8068,0,1,0,593423,12187,85944,22012,0.1128885842380229,0.6436445510102634
2704,0.8071,1,0,1,593423,12187,85945,22011,0.1128885842380229,0.6436341306509152
2705,0.8073,1,3,1,593426,12184,85946,22010,0.11286079513876024,0.6436801778089724
2706,0.8074,0,1,0,593427,12183,85946,22010,0.11285153210567268,0.6436990027198549
2707,0.8075,11,13,11,593440,12170,85957,21999,0.11273111267553448,0.6438292019081624
2708,0.8077,2,0,2,593440,12170,85959,21997,0.11273111267553448,0.6438083530892381
2709,0.8078,1,2,1,593442,12168,85960,21996,0.11271258660935937,0.6438356164383562
2710,0.808,4,5,4,593447,12163,85964,21992,0.11266627144392159,0.6438881569316351
2711,0.8083,2,5,2,593452,12158,85966,21990,0.11261995627848383,0.6439615790090195
2712,0.8085,0,1,0,593453,12157,85966,21990,0.11261069324539627,0.6439804375201336
2713,0.8086,1,0,1,593453,12157,85967,21989,0.11261069324539627,0.6439700111286827
2714,0.809,0,1,0,593454,12156,85967,21989,0.11260143021230871,0.6439888709913604
2715,0.8092,3,2,3,593456,12154,85970,21986,0.11258290414613362,0.6439953134153485
2716,0.8093,0,1,0,593457,12153,85970,21986,0.11257364111304606,0.644014177333841
2717,0.81,1514,1366,1514,594823,10787,87484,20472,0.09992033791544704,0.6549153843693016
2718,0.8103,1,0,1,594823,10787,87485,20471,0.09992033791544704,0.6549043444878111
2719,0.8107,1,0,1,594823,10787,87486,20470,0.09992033791544704,0.6548933038999264
2720,0.8108,1,0,1,594823,10787,87487,20469,0.09992033791544704,0.6548822626055797
2721,0.8115,1,0,1,594823,10787,87488,20468,0.09992033791544704,0.6548712206047033
2722,0.8117,6,1,6,594824,10786,87494,20462,0.09991107488235948,0.6548259088581669
2723,0.812,3,4,3,594828,10782,87497,20459,0.09987402275000927,0.6548766044620851
2724,0.8122,1,1,1,594829,10781,87498,20458,0.09986475971692171,0.6548865200550594
2725,0.8123,0,1,0,594830,10780,87498,20458,0.09985549668383416,0.654907484474038
2726,0.8125,7,6,7,594836,10774,87505,20451,0.09979991848530884,0.6549559647718175
2727,0.8127,1,2,1,594838,10772,87506,20450,0.09978139241913372,0.6549868682339376
2728,0.8129,1,0,1,594838,10772,87507,20449,0.09978139241913372,0.6549758175586945
2729,0.8132,0,2,0,594840,10770,87507,20449,0.09976286635295861,0.6550177776354144
2730,0.8133,27,12,27,594852,10758,87534,20422,0.09965170995590797,0.6549711353431688
2731,0.8138,0,2,0,594854,10756,87534,20422,0.09963318388973286,0.6550131502982872
2732,0.814,0,2,0,594856,10754,87534,20422,0.09961465782355775,0.6550551706440851
2733,0.8142,1,3,1,594859,10751,87535,20421,0.09958686872429508,0.6551071474400103
2734,0.8147,1,1,1,594860,10750,87536,20420,0.09957760569120754,0.6551170997754251
2735,0.815,60,33,60,594893,10717,87596,20360,0.09927192559931824,0.6551468932007594
2736,0.8157,0,2,0,594895,10715,87596,20360,0.09925339953314313,0.6551890587288818
2737,0.8158,1,1,1,594896,10714,87597,20359,0.09924413650005558,0.6551990474044991
2738,0.816,4,4,4,594900,10710,87601,20355,0.09920708436770537,0.6552390149686141
2739,0.8161,2,0,2,594900,10710,87603,20353,0.09920708436770537,0.6552168174355343
2740,0.8167,7,10,7,594910,10700,87610,20346,0.09911445403682982,0.6553501256200477
2741,0.8171,1,0,1,594910,10700,87611,20345,0.09911445403682982,0.655339023997423
2742,0.8175,6,2,6,594912,10698,87617,20339,0.09909592797065471,0.6553146244804589
2743,0.818,7,1,7,594913,10697,87624,20332,0.09908666493756715,0.6552579844661446
2744,0.8183,1,6,1,594919,10691,87625,20331,0.09903108673904183,0.655373605828122
2745,0.8187,0,1,0,594920,10690,87625,20331,0.09902182370595428,0.6553947326004964
2746,0.819,1,1,1,594921,10689,87626,20330,0.09901256067286672,0.6554047519262387
2747,0.8192,1,2,1,594923,10687,87627,20329,0.09899403460669161,0.6554359040495228
2748,0.8193,0,1,0,594924,10686,87627,20329,0.09898477157360407,0.6554570369176205
2749,0.82,1569,1250,1569,596174,9436,89196,18760,0.08740598021416132,0.6653426017874876
2750,0.8205,2,0,2,596174,9436,89198,18758,0.08740598021416132,0.6653188621692558
2751,0.821,0,3,0,596177,9433,89198,18758,0.08737819111489867,0.6653896633677415
2752,0.8211,0,1,0,596178,9432,89198,18758,0.08736892808181111,0.6654132671159986
2753,0.8212,0,1,0,596179,9431,89198,18758,0.08735966504872356,0.6654368725389336
2754,0.8213,0,1,0,596180,9430,89198,18758,0.087350402015636,0.6654604796367248
2755,0.8217,7,4,7,596184,9426,89205,18751,0.08731334988328578,0.665471838733719
2756,0.8218,1,0,1,596184,9426,89206,18750,0.08731334988328578,0.6654599659284497
2757,0.822,1,1,1,596185,9425,89207,18749,0.08730408685019823,0.6654717115070633
2758,0.8225,9,7,9,596192,9418,89216,18740,0.08723924561858534,0.6655302223169259
2759,0.8227,0,1,0,596193,9417,89216,18740,0.0872299825854978,0.6655538587207444
2760,0.8229,1,0,1,596193,9417,89217,18739,0.0872299825854978,0.6655419803949425
2761,0.8233,20,10,20,596203,9407,89237,18719,0.08713735225462226,0.6655407807722392
2762,0.8235,0,1,0,596204,9406,89237,18719,0.0871280892215347,0.6655644444444444
2763,0.8237,1,0,1,596204,9406,89238,18718,0.0871280892215347,0.6655525529796615
2764,0.824,2,4,2,596208,9402,89240,18716,0.08709103708918449,0.6656234440571875
2765,0.8242,2,1,2,596209,9401,89242,18714,0.08708177405609693,0.66562333274053
2766,0.8243,1,1,1,596210,9400,89243,18713,0.08707251102300938,0.6656351154270267
2767,0.8245,0,1,0,596211,9399,89243,18713,0.08706324798992182,0.6656587933978372
2768,0.825,47,26,47,596237,9373,89290,18666,0.08682240912964541,0.6657156103998003
2769,0.8253,1,0,1,596237,9373,89291,18665,0.08682240912964541,0.6657036878522006
2770,0.8255,1,0,1,596237,9373,89292,18664,0.08682240912964541,0.6656917644541142
2771,0.8258,2,1,2,596238,9372,89294,18662,0.08681314609655785,0.6656916601269887
2772,0.8259,0,1,0,596239,9371,89294,18662,0.0868038830634703,0.6657154068419363
2773,0.826,3,1,3,596240,9370,89297,18659,0.08679462003038275,0.6657033786435478
2774,0.8265,0,2,0,596242,9368,89297,18659,0.08677609396420764,0.6657508830770329
2775,0.8267,21,18,21,596260,9350,89318,18638,0.08660935936863166,0.6659282549664142
2776,0.827,0,1,0,596261,9349,89318,18638,0.08660009633554411,0.6659520491656841
2777,0.8271,1,1,1,596262,9348,89319,18637,0.08659083330245655,0.6659639092370913
2778,0.8272,0,1,0,596263,9347,89319,18637,0.086581570269369,0.6659877072612922
2779,0.8273,1,1,1,596264,9346,89320,18636,0.08657230723628145,0.665999571152884
2780,0.8275,11,6,11,596270,9340,89331,18625,0.08651672903775612,0.6660110852851779
2781,0.828,0,2,0,596272,9338,89331,18625,0.08649820297158102,0.6660587204520259
2782,0.8283,9,1,9,596273,9337,89340,18616,0.08648893993849346,0.6659750295138268
2783,0.8285,0,1,0,596274,9336,89340,18616,0.08647967690540591,0.6659988551803091
2784,0.8286,1,0,1,596274,9336,89341,18615,0.08647967690540591,0.6659869056563271
2785,0.8287,1,0,1,596274,9336,89342,18614,0.08647967690540591,0.6659749552772809
2786,0.8288,0,1,0,596275,9335,89342,18614,0.08647041387231835,0.6659987834985152
2787,0.829,1,0,1,596275,9335,89343,18613,0.08647041387231835,0.66598683268928
2788,0.8292,2,0,2,596275,9335,89345,18611,0.08647041387231835,0.6659629285049739
2789,0.8293,0,2,0,596277,9333,89345,18611,0.08645188780614324,0.666010592613799
2790,0.8295,0,1,0,596278,9332,89345,18611,0.08644262477305568,0.6660344272268547
2791,0.8298,1,0,1,596278,9332,89346,18610,0.08644262477305568,0.6660224751270489
2792,0.83,1467,1141,1467,597419,8191,90813,17143,0.07587350402015636,0.6766795610641825
2793,0.8302,0,1,0,597420,8190,90813,17143,0.0758642409870688,0.6767062724509533
2794,0.8308,0,1,0,597421,8189,90813,17143,0.07585497795398125,0.6767329859466288
2795,0.831,0,1,0,597422,8188,90813,17143,0.0758457149208937,0.6767597015514587
2796,0.8312,0,2,0,597424,8186,90813,17143,0.07582718885471859,0.6768131390895811
2797,0.8313,0,1,0,597425,8185,90813,17143,0.07581792582163104,0.6768398610233733
2798,0.8315,1,0,1,597425,8185,90814,17142,0.07581792582163104,0.6768271015122201
2799,0.8317,0,2,0,597427,8183,90814,17142,0.07579939975545592,0.6768805528134255
2800,0.832,1,3,1,597430,8180,90815,17141,0.07577161065619327,0.6769479878361834
2801,0.8322,2,0,2,597430,8180,90817,17139,0.07577161065619327,0.6769224692918362
2802,0.8323,0,3,0,597433,8177,90817,17139,0.0757438215569306,0.6770026860483489
2803,0.8325,2,1,2,597434,8176,90819,17137,0.07573455852384305,0.6770039110338562
2804,0.8327,1,0,1,597434,8176,90820,17136,0.07573455852384305,0.6769911504424779
2805,0.833,1,0,1,597434,8176,90821,17135,0.07573455852384305,0.6769783888427956
2806,0.8333,12,12,12,597446,8164,90833,17123,0.0756234021267924,0.6771463597896152
2807,0.8335,1,1,1,597447,8163,90834,17122,0.07561413909370485,0.6771603717619141
2808,0.8338,1,1,1,597448,8162,90835,17121,0.07560487606061729,0.6771743859510343
2809,0.834,2,1,2,597449,8161,90837,17119,0.07559561302752973,0.6771756329113924
2810,0.8348,0,1,0,597450,8160,90837,17119,0.07558634999444218,0.6772024209818427
2811,0.835,39,27,39,597477,8133,90876,17080,0.07533624810107822,0.6774283107920517
2812,0.8356,1,0,1,597477,8133,90877,17079,0.07533624810107822,0.677415516420752
2813,0.8357,0,4,0,597481,8129,90877,17079,0.075299195968728,0.6775230085687084
2814,0.8358,1,1,1,597482,8128,90878,17078,0.07528993293564044,0.6775370943426169
2815,0.836,3,1,3,597483,8127,90881,17075,0.07528066990255289,0.6775255932068883
2816,0.8364,0,1,0,597484,8126,90881,17075,0.07527140686946533,0.6775524780762668
2817,0.8365,0,1,0,597485,8125,90881,17075,0.07526214383637779,0.6775793650793651
2818,0.8367,20,13,20,597498,8112,90901,17055,0.07514172440623958,0.6776731434020742
2819,0.837,0,1,0,597499,8111,90901,17055,0.07513246137315202,0.6777000715250735
2820,0.8373,1,0,1,597499,8111,90902,17054,0.07513246137315202,0.6776872640572223
2821,0.8375,5,5,5,597504,8106,90907,17049,0.07508614620771425,0.6777579010137149
2822,0.8377,0,1,0,597505,8105,90907,17049,0.0750768831746267,0.6777848453526278
2823,0.838,1,3,1,597508,8102,90908,17048,0.07504909407536403,0.6778528827037773
2824,0.8383,3,6,3,597514,8096,90911,17045,0.07499351587683871,0.6779762141521817
2825,0.8385,1,0,1,597514,8096,90912,17044,0.07499351587683871,0.6779634049323787
2826,0.8386,1,0,1,597514,8096,90913,17043,0.07499351587683871,0.6779505946935042
2827,0.8392,0,1,0,597515,8095,90913,17043,0.07498425284375115,0.6779775638475615
2828,0.8398,0,2,0,597517,8093,90913,17043,0.07496572677757606,0.6780315085932527
2829,0.84,1458,1020,1458,598537,7073,92371,15585,0.06551743302827077,0.6878365257304263
2830,0.8408,2,0,2,598537,7073,92373,15583,0.06551743302827077,0.6878089689265536
2831,0.841,0,1,0,598538,7072,92373,15583,0.06550816999518322,0.6878393290664313
2832,0.8413,0,1,0,598539,7071,92373,15583,0.06549890696209566,0.6878696918866425
2833,0.8414,1,0,1,598539,7071,92374,15582,0.06549890696209566,0.6878559131240896
2834,0.8416,0,1,0,598540,7070,92374,15582,0.06548964392900812,0.6878862793572311
2835,0.8417,3,3,3,598543,7067,92377,15579,0.06546185482974545,0.6879360593482293
2836,0.842,4,0,4,598543,7067,92381,15575,0.06546185482974545,0.687880929246533
2837,0.8423,0,1,0,598544,7066,92381,15575,0.0654525917966579,0.6879113113378384
2838,0.8425,7,4,7,598548,7062,92388,15568,0.06541553966430769,0.6879363676535573
2839,0.8428,1,0,1,598548,7062,92389,15567,0.06541553966430769,0.6879225772239163
2840,0.843,1,0,1,598548,7062,92390,15566,0.06541553966430769,0.6879087855753934
2841,0.8432,1,1,1,598549,7061,92391,15565,0.06540627663122013,0.6879253955626271
2842,0.8433,19,14,19,598563,7047,92410,15546,0.06527659416799436,0.6880892311777984
2843,0.8438,1,0,1,598563,7047,92411,15545,0.06527659416799436,0.6880754249291785
2844,0.844,3,4,3,598567,7043,92414,15542,0.06523954203564415,0.6881558556564091
2845,0.8441,0,1,0,598568,7042,92414,15542,0.0652302790025566,0.6881863266029047
2846,0.8443,1,0,1,598568,7042,92415,15541,0.0652302790025566,0.6881725191515742
2847,0.845,40,24,40,598592,7018,92455,15501,0.0650079662084553,0.6883520582619121
2848,0.8452,0,2,0,598594,7016,92455,15501,0.06498944014228018,0.6884131989163743
2849,0.8458,1,1,1,598595,7015,92456,15500,0.06498017710919263,0.6884299355984899
2850,0.846,6,1,6,598596,7014,92462,15494,0.06497091407610509,0.6883774657899413
2851,0.8465,0,1,0,598597,7013,92462,15494,0.06496165104301753,0.6884080508286311
2852,0.8467,26,10,26,598607,7003,92488,15468,0.06486902071214198,0.6883538783320724
2853,0.8468,0,1,0,598608,7002,92488,15468,0.06485975767905443,0.6883845126835781
2854,0.847,1,0,1,598608,7002,92489,15467,0.06485975767905443,0.6883706439983978
2855,0.8473,1,1,1,598609,7001,92490,15466,0.06485049464596687,0.688387412649664
2856,0.8475,8,2,8,598611,6999,92498,15458,0.06483196857979177,0.6883377120719597
2857,0.848,1,0,1,598611,6999,92499,15457,0.06483196857979177,0.688323833273958
2858,0.8483,3,1,3,598612,6998,92502,15454,0.06482270554670422,0.6883128451808302
2859,0.8486,1,1,1,598613,6997,92503,15453,0.06481344251361666,0.6883296213808463
2860,0.8487,0,1,0,598614,6996,92503,15453,0.0648041794805291,0.6883602833088334
2861,0.849,2,1,2,598615,6995,92505,15451,0.06479491644744155,0.6883631827497104
2862,0.8492,1,0,1,598615,6995,92506,15450,0.06479491644744155,0.6883492982846959
2863,0.8493,0,1,0,598616,6994,92506,15450,0.064785653414354,0.6883799679201569
2864,0.8498,0,1,0,598617,6993,92506,15450,0.06477639038126644,0.6884106402887314
2865,0.85,1463,934,1463,599551,6059,93969,13987,0.05612471747749083,0.6977451860720343
2866,0.8503,0,1,0,599552,6058,93969,13987,0.05611545444440327,0.6977799950112248
2867,0.8508,0,3,0,599555,6055,93969,13987,0.05608766534514061,0.6978844426703922
2868,0.851,0,1,0,599556,6054,93969,13987,0.056078402312053056,0.6979192655057133
2869,0.8517,1,1,1,599557,6053,93970,13986,0.05606913927896551,0.6979390189131194
2870,0.852,2,1,2,599558,6052,93972,13984,0.05605987624587795,0.6979437013375923
2871,0.8523,1,1,1,599559,6051,93973,13983,0.056050613212790396,0.6979634621144055
2872,0.8525,6,2,6,599561,6049,93979,13977,0.05603208714661529,0.69794267452312
2873,0.8529,1,0,1,599561,6049,93980,13976,0.05603208714661529,0.6979275905118602
2874,0.8532,0,1,0,599562,6048,93980,13976,0.056022824113527735,0.6979624450659209
2875,0.8533,12,11,12,599573,6037,93992,13964,0.05592093074956464,0.6981650917454127
2876,0.8535,1,1,1,599574,6036,93993,13963,0.055911667716477084,0.6981849092454623
2877,0.854,2,0,2,599574,6036,93995,13961,0.055911667716477084,0.6981547232084813
2878,0.8542,0,1,0,599575,6035,93995,13961,0.05590240468338953,0.6981896379275855
2879,0.8543,1,0,1,599575,6035,93996,13960,0.05590240468338953,0.698174543635909
2880,0.8545,1,0,1,599575,6035,93997,13959,0.05590240468338953,0.6981594478343504
2881,0.8546,0,1,0,599576,6034,93997,13959,0.05589314165030197,0.6981943680288101
2882,0.8547,2,0,2,599576,6034,93999,13957,0.05589314165030197,0.6981641738782453
2883,0.855,40,14,40,599590,6020,94039,13917,0.05576345918707622,0.6980488538897527
2884,0.8557,1,1,1,599591,6019,94040,13916,0.05575419615398866,0.6980687233508904
2885,0.8558,1,3,1,599594,6016,94041,13915,0.055726407054726,0.6981586473332999
2886,0.856,2,0,2,599594,6016,94043,13913,0.055726407054726,0.6981283556626022
2887,0.8561,1,0,1,599594,6016,94044,13912,0.055726407054726,0.6981132075471698
2888,0.8562,0,1,0,599595,6015,94044,13912,0.055717144021638444,0.6981482410799418
2889,0.8567,16,8,16,599603,6007,94060,13896,0.05564303975693801,0.698186203084962
2890,0.8568,2,1,2,599604,6006,94062,13894,0.055633776723850455,0.6981909547738694
2891,0.8571,1,0,1,599604,6006,94063,13893,0.055633776723850455,0.6981757877280266
2892,0.8573,1,0,1,599604,6006,94064,13892,0.055633776723850455,0.6981606191577043
2893,0.8575,10,3,10,599607,6003,94074,13882,0.055605987624587794,0.698114156399296
2894,0.8577,0,1,0,599608,6002,94074,13882,0.05559672459150024,0.6981492657412995
2895,0.858,3,3,3,599611,5999,94077,13879,0.05556893549223758,0.6982090753596941
2896,0.8583,2,5,2,599616,5994,94079,13877,0.055522620326799804,0.6983543857883348
2897,0.8587,1,1,1,599617,5993,94080,13876,0.055513357293712255,0.6983743520056369
2898,0.8588,1,2,1,599619,5991,94081,13875,0.05549483122753714,0.6984294774992449
2899,0.86,1387,900,1387,600519,5091,95468,12488,0.047158101448738374,0.7103930826554411
2900,0.8602,1,0,1,600519,5091,95469,12487,0.047158101448738374,0.7103766071225396
2901,0.8603,1,0,1,600519,5091,95470,12486,0.047158101448738374,0.7103601297149684
2902,0.861,0,1,0,600520,5090,95470,12486,0.04714883841565082,0.7104005461993628
2903,0.8614,1,0,1,600520,5090,95471,12485,0.04714883841565082,0.7103840682788051
2904,0.8617,6,4,6,600524,5086,95477,12479,0.0471117862833006,0.7104469114716766
2905,0.862,1,0,1,600524,5086,95478,12478,0.0471117862833006,0.7104304258711
2906,0.8625,9,4,9,600528,5082,95487,12469,0.047074734150950384,0.7104438493533132
2907,0.8628,1,0,1,600528,5082,95488,12468,0.047074734150950384,0.7104273504273504
2908,0.863,1,0,1,600528,5082,95489,12467,0.047074734150950384,0.710410849621061
2909,0.8633,17,8,17,600536,5074,95506,12450,0.04700062988624995,0.7104542341931066
2910,0.8635,0,1,0,600537,5073,95506,12450,0.0469913668531624,0.7104947782913884
2911,0.864,6,2,6,600539,5071,95512,12444,0.04697284078698729,0.7104767342278048
2912,0.8642,2,0,2,600539,5071,95514,12442,0.04697284078698729,0.7104436704162622
2913,0.8647,1,0,1,600539,5071,95515,12441,0.04697284078698729,0.710427135678392
2914,0.865,27,20,27,600559,5051,95542,12414,0.046787580125236206,0.7107930146006298
2915,0.8657,2,1,2,600560,5050,95544,12412,0.04677831709214866,0.7108005955789715
2916,0.8658,2,0,2,600560,5050,95546,12410,0.04677831709214866,0.7107674684994273
2917,0.866,2,0,2,600560,5050,95548,12408,0.04677831709214866,0.7107343338297628
2918,0.8667,13,6,13,600566,5044,95561,12395,0.04672273889362333,0.7107632318366879
2919,0.8675,5,1,5,600567,5043,95566,12390,0.04671347586053577,0.7107210462915161
2920,0.8678,0,1,0,600568,5042,95566,12390,0.04670421282744822,0.7107618173474071
2921,0.868,4,1,4,600569,5041,95570,12386,0.04669494979436067,0.7107362139209273
2922,0.8683,5,3,5,600572,5038,95575,12381,0.046667160695098006,0.7107755898731271
2923,0.8686,1,0,1,600572,5038,95576,12380,0.046667160695098006,0.7107589849580893
2924,0.8689,1,0,1,600572,5038,95577,12379,0.046667160695098006,0.7107423781363036
2925,0.8692,1,1,1,600573,5037,95578,12378,0.04665789766201045,0.7107665805340224
2926,0.8698,1,0,1,600573,5037,95579,12377,0.04665789766201045,0.7107499712874699
2927,0.87,1439,734,1439,601307,4303,97018,10938,0.039858831375745675,0.7176694442621875
2928,0.8704,1,0,1,601307,4303,97019,10937,0.039858831375745675,0.7176509186351706
2929,0.8708,1,0,1,601307,4303,97020,10936,0.039858831375745675,0.7176323905768095
2930,0.8717,5,2,5,601309,4301,97025,10931,0.03984030530957056,0.7176339285714286
2931,0.872,1,1,1,601310,4300,97026,10930,0.039831042276483014,0.7176625082074852
2932,0.8723,1,0,1,601310,4300,97027,10929,0.039831042276483014,0.717643968743844
2933,0.8725,1,2,1,601312,4298,97028,10928,0.0398125162103079,0.7177196900039406
2934,0.8727,1,0,1,601312,4298,97029,10927,0.0398125162103079,0.7177011494252874
2935,0.8733,7,7,7,601319,4291,97036,10920,0.039747674978695025,0.7179015186378279
2936,0.874,3,2,3,601321,4289,97039,10917,0.03972914891251991,0.7179402867289227
2937,0.8742,1,0,1,601321,4289,97040,10916,0.03972914891251991,0.7179217362709635
2938,0.8743,0,1,0,601322,4288,97040,10916,0.039719885879432364,0.7179689555380163
2939,0.8745,0,2,0,601324,4286,97040,10916,0.03970135981325725,0.7180634127088541
2940,0.8747,1,0,1,601324,4286,97041,10915,0.03970135981325725,0.7180448654693771
2941,0.875,25,13,25,601337,4273,97066,10890,0.039580940383119045,0.7181956077293412
2942,0.876,3,1,3,601338,4272,97069,10887,0.039571677350031496,0.7181872155155353
2943,0.8761,0,1,0,601339,4271,97069,10887,0.03956241431694394,0.7182345955930861
2944,0.8763,0,1,0,601340,4270,97069,10887,0.039553151283856385,0.718281981922544
2945,0.8764,1,1,1,601341,4269,97070,10886,0.03954388825076883,0.7183107885186407
2946,0.8767,14,3,14,601344,4266,97084,10872,0.03951609915150617,0.718192627824019
2947,0.8775,6,1,6,601345,4265,97090,10866,0.03950683611841861,0.7181283457801864
2948,0.878,1,2,1,601347,4263,97091,10865,0.03948831005224351,0.718204653622422
2949,0.8783,6,1,6,601348,4262,97097,10859,0.03947904701915595,0.7181403346339528
2950,0.8792,0,1,0,601349,4261,97097,10859,0.039469783986068395,0.7181878306878307
2951,0.8793,1,1,1,601350,4260,97098,10858,0.039460520952980846,0.7182166953300702
2952,0.8796,0,2,0,601352,4258,97098,10858,0.039441994886805734,0.7183117226779572
2953,0.88,1385,700,1385,602052,3558,98483,9473,0.032957871725517805,0.726958790576318
2954,0.8807,0,1,0,602053,3557,98483,9473,0.03294860869243025,0.727014581734459
2955,0.8808,0,1,0,602054,3556,98483,9473,0.03293934565934269,0.7270703814567503
2956,0.8811,1,0,1,602054,3556,98484,9472,0.03293934565934269,0.7270494319926313
2957,0.8817,2,2,2,602056,3554,98486,9470,0.03292081959316759,0.7271191646191646
2958,0.8818,0,1,0,602057,3553,98486,9470,0.03291155656008003,0.7271749980803195
2959,0.882,1,0,1,602057,3553,98487,9469,0.03291155656008003,0.7271540469973891
2960,0.8825,2,1,2,602058,3552,98489,9467,0.03290229352699248,0.7271679852523235
2961,0.8827,0,1,0,602059,3551,98489,9467,0.03289303049390493,0.7272238439084345
2962,0.8833,18,4,18,602063,3547,98507,9449,0.03285597836155471,0.7270698676515851
2963,0.8835,0,2,0,602065,3545,98507,9449,0.0328374522953796,0.727181776204402
2964,0.884,2,2,2,602067,3543,98509,9447,0.032818926229204494,0.7272517321016166
2965,0.8846,0,1,0,602068,3542,98509,9447,0.03280966319611694,0.7273077219185464
2966,0.885,34,7,34,602075,3535,98543,9413,0.03274482196450406,0.7269848625270312
2967,0.8853,0,1,0,602076,3534,98543,9413,0.032735558931416504,0.7270410133621689
2968,0.8855,1,0,1,602076,3534,98544,9412,0.032735558931416504,0.7270199289355785
2969,0.886,1,0,1,602076,3534,98545,9411,0.032735558931416504,0.7269988412514484
2970,0.8867,20,5,20,602081,3529,98565,9391,0.03268924376597873,0.7268575851393189
2971,0.887,1,0,1,602081,3529,98566,9390,0.03268924376597873,0.726836442449106
2972,0.8874,0,2,0,602083,3527,98566,9390,0.03267071769980363,0.7269489819617558
2973,0.8875,7,0,7,602083,3527,98573,9383,0.03267071769980363,0.7268009295120061
2974,0.888,3,0,3,602083,3527,98576,9380,0.03267071769980363,0.7267374293019292
2975,0.8883,5,4,5,602087,3523,98581,9375,0.03263366556745341,0.7268568770351993
2976,0.8892,0,1,0,602088,3522,98581,9375,0.032624402534365854,0.7269132356361945
2977,0.8895,1,0,1,602088,3522,98582,9374,0.032624402534365854,0.7268920595533499
2978,0.8898,0,1,0,602089,3521,98582,9374,0.0326151395012783,0.7269484296238852
2979,0.89,1301,649,1301,602738,2872,99883,8073,0.02660343102745563,0.7375970762905436
2980,0.8914,0,2,0,602740,2870,99883,8073,0.026584904961280523,0.7377318833957781
2981,0.8915,1,0,1,602740,2870,99884,8072,0.026584904961280523,0.7377079144580515
2982,0.8917,2,0,2,602740,2870,99886,8070,0.026584904961280523,0.7376599634369287
2983,0.892,2,0,2,602740,2870,99888,8068,0.026584904961280523,0.7376119948802341
2984,0.8924,1,0,1,602740,2870,99889,8067,0.026584904961280523,0.737588004023041
2985,0.8925,6,1,6,602741,2869,99895,8061,0.026575641928192967,0.7375114364135407
2986,0.893,1,0,1,602741,2869,99896,8060,0.026575641928192967,0.7374874187940342
2987,0.8933,15,1,15,602742,2868,99911,8045,0.026566378895105415,0.737194172088335
2988,0.8938,1,0,1,602742,2868,99912,8044,0.026566378895105415,0.7371700879765396
2989,0.894,2,0,2,602742,2868,99914,8042,0.026566378895105415,0.737121906507791
2990,0.8942,1,1,1,602743,2867,99915,8041,0.02655711586201786,0.7371653832049871
2991,0.8947,0,1,0,602744,2866,99915,8041,0.026547852828930307,0.7372329696525167
2992,0.895,23,5,23,602749,2861,99938,8018,0.026501537663492534,0.7370162698777462
2993,0.8956,0,1,0,602750,2860,99938,8018,0.02649227463040498,0.7370840227983085
2994,0.896,1,0,1,602750,2860,99939,8017,0.02649227463040498,0.7370598510618737
2995,0.8967,12,5,12,602755,2855,99951,8005,0.02644595946496721,0.7371086556169429
2996,0.8971,1,0,1,602755,2855,99952,8004,0.02644595946496721,0.7370844460815913
2997,0.8975,7,1,7,602756,2854,99959,7997,0.026436696431879656,0.7369827665652935
2998,0.898,2,1,2,602757,2853,99961,7995,0.0264274333987921,0.7370022123893806
2999,0.8983,0,1,0,602758,2852,99961,7995,0.026418170365704548,0.7370701576472758
3000,0.9,1204,548,1204,603306,2304,101165,6791,0.02134202823372485,0.7466739967014844
3001,0.9007,0,1,0,603307,2303,101165,6791,0.021332765200637295,0.7467561029250055
3002,0.9013,0,1,0,603308,2302,101165,6791,0.021323502167549743,0.7468382272077422
3003,0.9015,1,0,1,603308,2302,101166,6790,0.021323502167549743,0.7468103827540695
3004,0.9016,1,0,1,603308,2302,101167,6789,0.021323502167549743,0.7467825321746783
3005,0.902,1,1,1,603309,2301,101168,6788,0.021314239134462187,0.7468368357355044
3006,0.9022,0,1,0,603310,2300,101168,6788,0.021304976101374634,0.746919014084507
3007,0.9023,1,0,1,603310,2300,101169,6787,0.021304976101374634,0.7468911632001761
3008,0.9025,3,0,3,603310,2300,101172,6784,0.021304976101374634,0.7468075737560546
3009,0.9026,0,1,0,603311,2299,101172,6784,0.021295713068287078,0.7468897941208852
3010,0.9027,1,0,1,603311,2299,101173,6783,0.021295713068287078,0.7468619246861925
3011,0.9033,14,3,14,603314,2296,101187,6769,0.021267923969024417,0.7467181467181467
3012,0.9037,1,0,1,603314,2296,101188,6768,0.021267923969024417,0.7466902030008826
3013,0.904,1,0,1,603314,2296,101189,6767,0.021267923969024417,0.7466622531170694
3014,0.9043,2,1,2,603315,2295,101191,6765,0.021258660935936865,0.7466887417218543
3015,0.9045,0,1,0,603316,2294,101191,6765,0.02124939790284931,0.7467711667954521
3016,0.905,23,12,23,603328,2282,101214,6742,0.02113824150579866,0.7471187943262412
3017,0.9053,1,0,1,603328,2282,101215,6741,0.02113824150579866,0.7470907680372382
3018,0.9055,0,1,0,603329,2281,101215,6741,0.021128978472711106,0.747173575703835
3019,0.9057,1,0,1,603329,2281,101216,6740,0.021128978472711106,0.7471455492739164
3020,0.9058,0,1,0,603330,2280,101216,6740,0.02111971543962355,0.7472283813747228
3021,0.9067,13,4,13,603334,2276,101229,6727,0.021082663307273333,0.7471953793180051
3022,0.9072,1,0,1,603334,2276,101230,6726,0.021082663307273333,0.7471672961564096
3023,0.9073,1,0,1,603334,2276,101231,6725,0.021082663307273333,0.747139206754805
3024,0.9075,6,2,6,603336,2274,101237,6719,0.021064137241098225,0.7471366618481041
3025,0.9083,1,0,1,603336,2274,101238,6718,0.021064137241098225,0.7471085409252669
3026,0.9085,0,1,0,603337,2273,101238,6718,0.021054874208010672,0.747191636080525
3027,0.91,1118,482,1118,603819,1791,102356,5600,0.016590092259809553,0.7576782573400082
3028,0.9103,1,0,1,603819,1791,102357,5599,0.016590092259809553,0.7576454668470907
3029,0.9107,1,0,1,603819,1791,102358,5598,0.016590092259809553,0.7576126674786845
3030,0.9108,0,2,0,603821,1789,102358,5598,0.016571566193634445,0.7578177880059564
3031,0.9113,0,1,0,603822,1788,102358,5598,0.01656230316054689,0.7579203899268887
3032,0.9117,3,0,3,603822,1788,102361,5595,0.01656230316054689,0.7578220235676554
3033,0.912,3,0,3,603822,1788,102364,5592,0.01656230316054689,0.7577235772357723
3034,0.9121,0,1,0,603823,1787,102364,5592,0.016553040127459336,0.7578262637213714
3035,0.9125,1,4,1,603827,1783,102365,5591,0.01651598799510912,0.7582045023053974
3036,0.9126,2,0,2,603827,1783,102367,5589,0.01651598799510912,0.7581389039609333
3037,0.9127,1,1,1,603828,1782,102368,5588,0.016506724962021564,0.7582089552238805
3038,0.9133,5,2,5,603830,1780,102373,5583,0.016488198895846455,0.7582507130245824
3039,0.9135,1,0,1,603830,1780,102374,5582,0.016488198895846455,0.7582178755772888
3040,0.9138,0,1,0,603831,1779,102374,5582,0.016478935862758903,0.7583208803151745
3041,0.9147,0,1,0,603832,1778,102374,5582,0.016469672829671347,0.7584239130434782
3042,0.915,24,6,24,603838,1772,102398,5558,0.01641409463114602,0.7582537517053206
3043,0.916,4,0,4,603838,1772,102402,5554,0.01641409463114602,0.7581217581217581
3044,0.9161,0,1,0,603839,1771,102402,5554,0.01640483159805847,0.7582252559726963
3045,0.9162,1,0,1,603839,1771,102403,5553,0.01640483159805847,0.758192244675041
3046,0.9165,1,0,1,603839,1771,102404,5552,0.01640483159805847,0.7581592243616004
3047,0.9167,12,2,12,603841,1769,102416,5540,0.01638630553188336,0.7579696264878917
3048,0.9171,1,1,1,603842,1768,102417,5539,0.016377042498795805,0.7580402353907212
3049,0.9175,4,1,4,603843,1767,102421,5535,0.016367779465708252,0.758011503697617
3050,0.9179,1,0,1,603843,1767,102422,5534,0.016367779465708252,0.7579783591288864
3051,0.918,1,2,1,603845,1765,102423,5533,0.016349253399533144,0.7581529186078377
3052,0.9183,4,1,4,603846,1764,102427,5529,0.016339990366445588,0.758124228712464
3053,0.919,0,2,0,603848,1762,102427,5529,0.01632146430027048,0.7583321903716911
3054,0.9192,2,0,2,603848,1762,102429,5527,0.01632146430027048,0.7582658800932912
3055,0.92,1108,440,1108,604288,1322,103537,4419,0.012245729741746637,0.769726528479359
3056,0.9217,3,1,3,604289,1321,103540,4416,0.012236466708659082,0.7697402823775492
3057,0.922,1,0,1,604289,1321,103541,4415,0.012236466708659082,0.7697001394700139
3058,0.9222,1,0,1,604289,1321,103542,4414,0.012236466708659082,0.7696599825632083
3059,0.9225,4,0,4,604289,1321,103546,4410,0.012236466708659082,0.7694992147967196
3060,0.923,1,0,1,604289,1321,103547,4409,0.012236466708659082,0.7694589877835951
3061,0.9233,10,0,10,604289,1321,103557,4399,0.012236466708659082,0.769055944055944
3062,0.9236,1,0,1,604289,1321,103558,4398,0.012236466708659082,0.769015562161217
3063,0.924,4,0,4,604289,1321,103562,4394,0.012236466708659082,0.7688538932633421
3064,0.9242,1,0,1,604289,1321,103563,4393,0.012236466708659082,0.7688134406720336
3065,0.9246,0,1,0,604290,1320,103563,4393,0.01222720367557153,0.7689480133029932
3066,0.9247,0,1,0,604291,1319,103563,4393,0.012217940642483976,0.7690826330532213
3067,0.925,11,7,11,604298,1312,103574,4382,0.012153099410871096,0.7695820161573587
3068,0.9256,1,0,1,604298,1312,103575,4381,0.012153099410871096,0.7695415422448622
3069,0.9267,2,3,2,604301,1309,103577,4379,0.012125310311608434,0.7698663853727145
3070,0.9273,1,0,1,604301,1309,103578,4378,0.012125310311608434,0.769825918762089
3071,0.9275,3,2,3,604303,1307,103581,4375,0.012106784245433325,0.7699753607884547
3072,0.9283,2,2,2,604305,1305,103583,4373,0.012088258179258217,0.7701655512504403
3073,0.93,997,347,997,604652,958,104580,3376,0.008873985697876913,0.7789570835256114
3074,0.9303,1,0,1,604652,958,104581,3375,0.008873985697876913,0.7789060696976691
3075,0.9308,1,0,1,604652,958,104582,3374,0.008873985697876913,0.7788550323176362
3076,0.9317,1,0,1,604652,958,104583,3373,0.008873985697876913,0.7788039713691988
3077,0.9322,3,0,3,604652,958,104586,3370,0.008873985697876913,0.7786506469500925
3078,0.9325,2,0,2,604652,958,104588,3368,0.008873985697876913,0.778548312528895
3079,0.9331,1,0,1,604652,958,104589,3367,0.008873985697876913,0.7784971098265896
3080,0.9333,6,2,6,604654,956,104595,3361,0.008855459631701805,0.7785499189251796
3081,0.9337,0,3,0,604657,953,104595,3361,0.008827670532439142,0.7790913305516922
3082,0.934,0,1,0,604658,952,104595,3361,0.008818407499351588,0.7792719684674241
3083,0.9342,1,0,1,604658,952,104596,3360,0.008818407499351588,0.7792207792207793
3084,0.935,12,6,12,604664,946,104608,3348,0.008762829300826263,0.7796925943176526
3085,0.936,4,0,4,604664,946,104612,3344,0.008762829300826263,0.7794871794871795
3086,0.9362,1,0,1,604664,946,104613,3343,0.008762829300826263,0.7794357659128002
3087,0.9364,1,0,1,604664,946,104614,3342,0.008762829300826263,0.7793843283582089
3088,0.9367,4,0,4,604664,946,104618,3338,0.008762829300826263,0.7791783380018674
3089,0.9375,2,0,2,604664,946,104620,3336,0.008762829300826263,0.7790751985053713
3090,0.9382,0,1,0,604665,945,104620,3336,0.008753566267738709,0.7792571829011913
3091,0.9383,4,0,4,604665,945,104624,3332,0.008753566267738709,0.779050736497545
3092,0.9393,1,2,1,604667,943,104625,3331,0.0087350402015636,0.7793635938231165
3093,0.94,874,274,874,604941,669,105499,2457,0.006196969135573752,0.7859884836852208
3094,0.942,1,0,1,604941,669,105500,2456,0.006196969135573752,0.78592
3095,0.9423,1,0,1,604941,669,105501,2455,0.006196969135573752,0.7858514724711908
3096,0.9425,3,2,3,604943,667,105504,2452,0.0061784430693986436,0.7861494068611734
3097,0.9432,1,0,1,604943,667,105505,2451,0.0061784430693986436,0.7860808210391277
3098,0.9433,9,3,9,604946,664,105514,2442,0.006150653970135981,0.7862202189311011
3099,0.9438,0,1,0,604947,663,105514,2442,0.006141390937048427,0.7864734299516908
3100,0.9442,1,0,1,604947,663,105515,2441,0.006141390937048427,0.7864046391752577
3101,0.945,13,2,13,604949,661,105528,2428,0.006122864870873318,0.7860148915506636
3102,0.9452,1,0,1,604949,661,105529,2427,0.006122864870873318,0.7859455958549223
3103,0.946,1,0,1,604949,661,105530,2426,0.006122864870873318,0.7858762552640104
3104,0.9467,4,0,4,604949,661,105534,2422,0.006122864870873318,0.785598443074927
3105,0.9471,2,0,2,604949,661,105536,2420,0.006122864870873318,0.7854592664719247
3106,0.948,0,1,0,604950,660,105536,2420,0.006113601837785765,0.7857142857142857
3107,0.9483,1,0,1,604950,660,105537,2419,0.006113601837785765,0.7856446898343618
3108,0.95,693,234,693,605184,426,106230,1726,0.003946052095298085,0.8020446096654275
3109,0.9505,0,1,0,605185,425,106230,1726,0.0039367890622105306,0.802417480241748
3110,0.951,1,0,1,605185,425,106231,1725,0.0039367890622105306,0.8023255813953488
3111,0.9517,0,1,0,605186,424,106231,1725,0.003927526029122976,0.8026989297347603
3112,0.952,3,1,3,605187,423,106234,1722,0.003918262996035422,0.8027972027972028
3113,0.9525,3,0,3,605187,423,106237,1719,0.003918262996035422,0.8025210084033614
3114,0.9529,1,0,1,605187,423,106238,1718,0.003918262996035422,0.8024287716020552
3115,0.9533,2,1,2,605188,422,106240,1716,0.003908999962947868,0.8026192703461179
3116,0.9542,1,0,1,605188,422,106241,1715,0.003908999962947868,0.802526906878802
3117,0.955,9,2,9,605190,420,106250,1706,0.003890473896772759,0.8024459078080903
3118,0.9553,1,0,1,605190,420,106251,1705,0.003890473896772759,0.8023529411764706
3119,0.9558,1,0,1,605190,420,106252,1704,0.003890473896772759,0.8022598870056498
3120,0.956,2,0,2,605190,420,106254,1702,0.003890473896772759,0.8020735155513666
3121,0.9567,4,0,4,605190,420,106258,1698,0.003890473896772759,0.8016997167138811
3122,0.9575,2,0,2,605190,420,106260,1696,0.003890473896772759,0.8015122873345936
3123,0.96,584,173,584,605363,247,106844,1112,0.0022879691726258844,0.8182487122884474
3124,0.963,1,0,1,605363,247,106845,1111,0.0022879691726258844,0.8181148748159057
3125,0.9633,4,0,4,605363,247,106849,1107,0.0022879691726258844,0.8175775480059084
3126,0.9635,1,0,1,605363,247,106850,1106,0.0022879691726258844,0.8174427198817442
3127,0.964,1,0,1,605363,247,106851,1105,0.0022879691726258844,0.8173076923076923
3128,0.965,9,0,9,605363,247,106860,1096,0.0022879691726258844,0.8160833953834699
3129,0.9658,1,0,1,605363,247,106861,1095,0.0022879691726258844,0.815946348733234
3130,0.966,0,1,0,605364,246,106861,1095,0.0022787061395383302,0.8165548098434005
3131,0.9667,4,0,4,605364,246,106865,1091,0.0022787061395383302,0.8160059835452506
3132,0.967,1,0,1,605364,246,106866,1090,0.0022787061395383302,0.8158682634730539
3133,0.9683,1,1,1,605365,245,106867,1089,0.002269443106450776,0.8163418290854573
3134,0.9692,0,1,0,605366,244,106867,1089,0.0022601800733632223,0.8169542385596399
3135,0.97,453,119,453,605485,125,107320,636,0.0011578791359442735,0.835742444152431
3136,0.9732,1,0,1,605485,125,107321,635,0.0011578791359442735,0.8355263157894737
3137,0.9733,6,0,6,605485,125,107327,629,0.0011578791359442735,0.8342175066312998
3138,0.974,1,0,1,605485,125,107328,628,0.0011578791359442735,0.8339973439575034
3139,0.9747,1,0,1,605485,125,107329,627,0.0011578791359442735,0.8337765957446809
3140,0.975,4,4,4,605489,121,107333,623,0.001120827003594057,0.8373655913978495
3141,0.9767,1,0,1,605489,121,107334,622,0.001120827003594057,0.8371467025572006
3142,0.9775,1,0,1,605489,121,107335,621,0.001120827003594057,0.8369272237196765
3143,0.98,313,67,313,605556,54,107648,308,0.0005002037867279261,0.850828729281768
3144,0.9817,0,1,0,605557,53,107648,308,0.000490940753640372,0.853185595567867
3145,0.983,1,0,1,605557,53,107649,307,0.000490940753640372,0.8527777777777777
3146,0.985,2,1,2,605558,52,107651,305,0.00048167772055281784,0.8543417366946778
3147,0.9857,1,0,1,605558,52,107652,304,0.00048167772055281784,0.8539325842696629
3148,0.9867,1,0,1,605558,52,107653,303,0.00048167772055281784,0.8535211267605634
3149,0.9875,1,0,1,605558,52,107654,302,0.00048167772055281784,0.8531073446327684
3150,0.99,170,40,170,605598,12,107824,132,0.00011115639705065027,0.9166666666666666
3151,0.995,2,0,2,605598,12,107826,130,0.00011115639705065027,0.9154929577464789
3152,1.0,130,12,130,605610,0,107956,0,0.0,
