,y_proba,y_test,Neg,Pos,TN,FP,FN,TP,FP/P,Prec
0,0.0,4,341,4,341,605269,4,107952,5.606626773870836,0.15135841485318016
1,0.0016666666666666,0,1,0,342,605268,4,107952,5.606617510837749,0.1513586270715908
2,0.002,0,9,0,351,605259,4,107952,5.606534143539961,0.1513605370640666
3,0.0025,0,3,0,354,605256,4,107952,5.606506354440698,0.15136117373893732
4,0.0033333333333333,0,10,0,364,605246,4,107952,5.606413724109823,0.1513632960271902
5,0.004,0,1,0,365,605245,4,107952,5.606404461076735,0.15136350825928882
6,0.005,0,22,0,387,605223,4,107952,5.606200674348809,0.15136817751603743
7,0.006,0,4,0,391,605219,4,107952,5.606163622216458,0.1513690265027602
8,0.0065,0,2,0,393,605217,4,107952,5.606145096150284,0.15136945099969293
9,0.0066666666666666,2,5,2,398,605212,6,107950,5.606098780984846,0.15136813234580643
10,0.0075,0,3,0,401,605209,6,107950,5.606070991885583,0.15136876909637262
11,0.0083333333333333,0,4,0,405,605205,6,107950,5.606033939753233,0.15136961810546096
12,0.009,0,1,0,406,605204,6,107950,5.606024676720145,0.15136983035922116
13,0.0091666666666666,0,3,0,409,605201,6,107950,5.605996887620883,0.15137046712407332
14,0.01,7,437,7,846,604764,13,107943,5.601948942161622,0.15145494572103263
15,0.0108333333333333,0,2,0,848,604762,13,107943,5.601930416095446,0.15145537073543752
16,0.01125,0,1,0,849,604761,13,107943,5.601921153062359,0.15145558324353448
17,0.0113333333333333,0,1,0,850,604760,13,107943,5.601911890029271,0.15145579575222778
18,0.0114285714285714,0,1,0,851,604759,13,107943,5.601902626996184,0.15145600826151745
19,0.0116666666666666,1,3,1,854,604756,14,107942,5.601874837896921,0.15145545518578696
20,0.012,0,3,0,857,604753,14,107942,5.601847048797659,0.15145609271848406
21,0.0125,0,11,0,868,604742,14,107942,5.6017451554336954,0.15145843038429374
22,0.0128571428571428,0,2,0,870,604740,14,107942,5.60172662936752,0.15145885542219392
23,0.0133333333333333,0,31,0,901,604709,14,107942,5.601439475341806,0.15146544381471436
24,0.01375,0,5,0,906,604704,14,107942,5.601393160176368,0.15146650651234975
25,0.0139999999999999,0,11,0,917,604693,14,107942,5.601291266812405,0.15146884449963866
26,0.0141666666666666,0,2,0,919,604691,14,107942,5.60127274074623,0.15146926959599122
27,0.015,2,61,2,980,604630,16,107940,5.600707695727889,0.1514798546107751
28,0.0156666666666666,0,1,0,981,604629,16,107940,5.600698432694801,0.15148006719349283
29,0.0157142857142857,0,4,0,985,604625,16,107940,5.600661380562451,0.15148091753033058
30,0.0158333333333333,0,5,0,990,604620,16,107940,5.6006150653970135,0.15148198046480296
31,0.016,0,6,0,996,604614,16,107940,5.600559487198488,0.1514832560058606
32,0.0165,0,1,0,997,604613,16,107940,5.600550224165401,0.15148346859812534
33,0.0166666666666666,0,21,0,1018,604592,16,107940,5.600355700470562,0.15148793317352766
34,0.0167857142857142,0,1,0,1019,604591,16,107940,5.600346437437475,0.1514881457789205
35,0.017,0,7,0,1026,604584,16,107940,5.600281596205861,0.15148963403337992
36,0.0173333333333333,0,3,0,1029,604581,16,107940,5.600253807106599,0.15149027186567132
37,0.0175,0,7,0,1036,604574,16,107940,5.600188965874986,0.1514917601619056
38,0.0175757575757575,0,1,0,1037,604573,16,107940,5.600179702841898,0.15149197277804055
39,0.018,0,4,0,1041,604569,16,107940,5.600142650709548,0.15149282324854843
40,0.0183333333333333,1,17,1,1058,604552,17,107939,5.59998517914706,0.15149524695750544
41,0.019,0,5,0,1063,604547,17,107939,5.599938863981622,0.15149631010293535
42,0.0196666666666666,0,1,0,1064,604546,17,107939,5.599929600948535,0.15149652273381195
43,0.0197619047619047,0,2,0,1066,604544,17,107939,5.5999110748823595,0.15149694799735572
44,0.0199999999999999,0,4,0,1070,604540,17,107939,5.59987402275001,0.15149779853160583
45,0.02,8,529,8,1599,604011,25,107931,5.594973878246693,0.15160083265209806
46,0.0208333333333333,0,7,0,1606,604004,25,107931,5.59490903701508,0.15160232324580195
47,0.021,0,3,0,1609,604001,25,107931,5.594881247915818,0.15160296208064816
48,0.0214285714285714,0,1,0,1610,604000,25,107931,5.59487198488273,0.15160317502679332
49,0.0215,0,2,0,1612,603998,25,107931,5.594853458816555,0.15160360092087835
50,0.0216071428571428,1,4,1,1616,603994,26,107930,5.594816406684204,0.15160326102224395
51,0.0216666666666666,0,9,0,1625,603985,26,107930,5.5947330393864165,0.15160517758440265
52,0.022,0,9,0,1634,603976,26,107930,5.594649672088629,0.15160709419502014
53,0.0225,1,16,1,1650,603960,27,107929,5.594501463559228,0.15160930987836588
54,0.0226785714285714,0,2,0,1652,603958,27,107929,5.594482937493053,0.1516097358148133
55,0.0228571428571428,0,1,0,1653,603957,27,107929,5.594473674459965,0.1516099487839345
56,0.023,0,3,0,1656,603954,27,107929,5.594445885360702,0.15161058769488805
57,0.0233333333333333,3,66,3,1722,603888,30,107926,5.593834525176924,0.1516210695490676
58,0.0238095238095238,0,6,0,1728,603882,30,107926,5.593778946978398,0.15162234759935264
59,0.024,1,17,1,1745,603865,31,107925,5.59362147541591,0.15162477697073576
60,0.0241071428571428,1,2,1,1747,603863,32,107924,5.5936029493497355,0.15162401111568488
61,0.0241666666666666,1,7,1,1754,603856,33,107923,5.593538108118122,0.15162431035475898
62,0.0242857142857142,0,9,0,1763,603847,33,107923,5.593454740820334,0.1516262275735139
63,0.0245,0,1,0,1764,603846,33,107923,5.593445477787247,0.1516264406008129
64,0.0246428571428571,0,3,0,1767,603843,33,107923,5.593417688687984,0.1516270796863014
65,0.025,2,112,2,1879,603731,35,107921,5.592380228982178,0.1516485585651414
66,0.0257142857142857,1,0,1,1879,603731,36,107920,5.592380228982178,0.15164736647598331
67,0.0258333333333333,0,11,0,1890,603720,36,107920,5.592278335618214,0.15164971052779494
68,0.026,0,15,0,1905,603705,36,107920,5.592139390121901,0.15165290707886878
69,0.02625,0,1,0,1906,603704,36,107920,5.592130127088814,0.1516531201870651
70,0.0264285714285714,0,1,0,1907,603703,36,107920,5.592120864055726,0.1516533332958603
71,0.0265,0,2,0,1909,603701,36,107920,5.592102337989552,0.1516537595152476
72,0.0266666666666666,1,59,1,1968,603642,37,107919,5.591555819037386,0.1516651418501014
73,0.0267857142857142,0,3,0,1971,603639,37,107919,5.591528029938123,0.15166578128557334
74,0.0269642857142857,2,4,2,1975,603635,39,107917,5.591490977805773,0.15166424941536247
75,0.027,0,2,0,1977,603633,39,107917,5.591472451739597,0.1516646757079615
76,0.0270833333333333,0,1,0,1978,603632,39,107917,5.59146318870651,0.15166488885515966
77,0.0271428571428571,0,2,0,1980,603630,39,107917,5.591444662640335,0.1516653151513533
78,0.0271666666666666,0,1,0,1981,603629,39,107917,5.5914353996072474,0.15166552830034882
79,0.0273333333333333,0,5,0,1986,603624,39,107917,5.5913890844418095,0.1516665940543131
80,0.0274242424242424,0,2,0,1988,603622,39,107917,5.591370558375634,0.1516670203600927
81,0.0275,0,10,0,1998,603612,39,107917,5.591277928044759,0.1516691519249391
82,0.0279999999999999,1,5,1,2003,603607,40,107916,5.591231612879321,0.15166902545666128
83,0.0283333333333333,1,24,1,2027,603583,41,107915,5.59100930008522,0.15167294918608346
84,0.0285,0,1,0,2028,603582,41,107915,5.591000037052132,0.1516731623604878
85,0.0286190476190476,0,7,0,2035,603575,41,107915,5.59093519582052,0.15167465459809695
86,0.0286666666666666,0,1,0,2036,603574,41,107915,5.590925932787432,0.15167486777729522
87,0.0291666666666666,0,3,0,2039,603571,41,107915,5.590898143688169,0.15167550731848553
88,0.0295,0,2,0,2041,603569,41,107915,5.590879617621994,0.15167593368227536
89,0.0296666666666666,0,2,0,2043,603567,41,107915,5.590861091555819,0.15167636004846222
90,0.03,17,679,17,2722,602888,58,107898,5.58457149208937,0.15180096400323023
91,0.0301666666666666,0,1,0,2723,602887,58,107898,5.584562229056282,0.15180117757127684
92,0.0302380952380952,0,3,0,2726,602884,58,107898,5.58453443995702,0.15180181827902225
93,0.0303333333333333,0,4,0,2730,602880,58,107898,5.584497387824669,0.1518026725644294
94,0.0305,0,1,0,2731,602879,58,107898,5.584488124791582,0.15180288613728357
95,0.0307142857142857,0,2,0,2733,602877,58,107898,5.5844695987254065,0.15180331328479477
96,0.0308333333333333,0,3,0,2736,602874,58,107898,5.584441809626144,0.1518039540105688
97,0.0309090909090909,1,3,1,2739,602871,59,107897,5.584414020526881,0.15180340139117124
98,0.031,0,3,0,2742,602868,59,107897,5.584386231427619,0.15180404212362736
99,0.0311111111111111,0,2,0,2744,602866,59,107897,5.584367705361443,0.15180446928160302
100,0.0311428571428571,0,1,0,2745,602865,59,107897,5.584358442328356,0.15180468286149232
101,0.03125,0,1,0,2746,602864,59,107897,5.584349179295269,0.1518048964419826
102,0.0313333333333333,0,3,0,2749,602861,59,107897,5.584321390196005,0.15180553718705944
103,0.0314285714285714,0,4,0,2753,602857,59,107897,5.5842843380636555,0.15180639152224257
104,0.0316666666666666,0,23,0,2776,602834,59,107897,5.584071288302642,0.15181130413616403
105,0.032,0,5,0,2781,602829,59,107897,5.584024973137204,0.15181237213778587
106,0.0320833333333333,0,4,0,2785,602825,59,107897,5.583987921004854,0.15181322654990279
107,0.0321666666666666,0,1,0,2786,602824,59,107897,5.583978657971766,0.1518134401544347
108,0.0323333333333333,0,3,0,2789,602821,59,107897,5.5839508688725035,0.15181408097163712
109,0.0324999999999999,0,2,0,2791,602819,59,107897,5.583932342806328,0.15181450818611092
110,0.0325,1,57,1,2848,602762,60,107896,5.583404349920338,0.15182549130524106
111,0.0328571428571428,0,3,0,2851,602759,60,107896,5.583376560821075,0.15182613223012573
112,0.033,1,2,1,2853,602757,61,107895,5.5833580347549,0.151825366001925
113,0.033095238095238,0,1,0,2854,602756,61,107895,5.583348771721813,0.1518255796445794
114,0.0333333333333333,1,73,1,2927,602683,62,107894,5.582672570306421,0.15183998356265402
115,0.0335,0,1,0,2928,602682,62,107894,5.582663307273333,0.15184019724842945
116,0.0336666666666666,0,1,0,2929,602681,62,107894,5.582654044240246,0.15184041093480632
117,0.03375,1,8,1,2937,602673,63,107893,5.582579939975545,0.15184092681045813
118,0.0338888888888888,0,2,0,2939,602671,63,107893,5.582561413909371,0.15184135419188138
119,0.0339166666666666,0,1,0,2940,602670,63,107893,5.582552150876283,0.1518415678834952
120,0.034,0,13,0,2953,602657,63,107893,5.582431731446145,0.15184434592920976
121,0.0341666666666666,0,5,0,2958,602652,63,107893,5.582385416280707,0.15184541443539817
122,0.0343333333333333,0,2,0,2960,602650,63,107893,5.582366890214532,0.15184584184208416
123,0.0344285714285714,0,1,0,2961,602649,63,107893,5.582357627181445,0.15184605554632943
124,0.0345,0,1,0,2962,602648,63,107893,5.5823483641483564,0.15184626925117622
125,0.0345238095238095,0,5,0,2967,602643,63,107893,5.582302048982919,0.15184733778443316
126,0.0345833333333333,1,2,1,2969,602641,64,107892,5.582283522916744,0.15184657151743833
127,0.0346428571428571,0,4,0,2973,602637,64,107892,5.582246470784393,0.15184742635416712
128,0.0347264957264957,0,4,0,2977,602633,64,107892,5.5822094186520435,0.15184828120052074
129,0.0349999999999999,0,1,0,2978,602632,64,107892,5.582200155618956,0.15184849491361305
130,0.035,1,131,1,3109,602501,65,107891,5.5809866982844865,0.15187530264980462
131,0.0353333333333333,0,1,0,3110,602500,65,107891,5.580977435251398,0.1518755164409459
132,0.0355,0,1,0,3111,602499,65,107891,5.580968172218311,0.15187573023268908
133,0.0357142857142857,0,3,0,3114,602496,65,107891,5.5809403831190485,0.15187637161153006
134,0.0358333333333333,0,3,0,3117,602493,65,107891,5.580912594019786,0.15187701299578818
135,0.036,0,24,0,3141,602469,65,107891,5.580690281225684,0.15188214426487978
136,0.0361666666666666,0,3,0,3144,602466,65,107891,5.580662492126422,0.15188278569789557
137,0.03625,0,1,0,3145,602465,65,107891,5.580653229093334,0.15188299951010478
138,0.0363333333333333,0,1,0,3146,602464,65,107891,5.580643966060247,0.15188321332291602
139,0.0365,0,2,0,3148,602462,65,107891,5.580625439994072,0.1518836409503444
140,0.0366666666666666,2,70,2,3218,602392,67,107889,5.579977027677943,0.15189622135464698
141,0.037,0,3,0,3221,602389,67,107889,5.57994923857868,0.1518968629184629
142,0.0373333333333333,0,1,0,3222,602388,67,107889,5.579939975545592,0.15189707677427258
143,0.0375,2,42,2,3264,602346,69,107887,5.579550928155915,0.15190367104879665
144,0.0379523809523809,0,1,0,3265,602345,69,107887,5.579541665122828,0.15190388492774193
145,0.038,1,11,1,3276,602334,70,107886,5.579439771758865,0.15190504350764553
146,0.0383333333333333,2,29,2,3305,602305,72,107884,5.579171143799326,0.15190885806454338
147,0.0385,0,3,0,3308,602302,72,107884,5.579143354700063,0.15190949976485033
148,0.0385714285714285,0,1,0,3309,602301,72,107884,5.579134091666975,0.1519097136661574
149,0.0386666666666666,0,2,0,3311,602299,72,107884,5.579115565600801,0.1519101414705787
150,0.0386904761904761,0,3,0,3314,602296,72,107884,5.579087776501538,0.15191078318172857
151,0.0388888888888888,0,4,0,3318,602292,72,107884,5.579050724369187,0.15191163880502861
152,0.0389285714285714,0,5,0,3323,602287,72,107884,5.579004409203749,0.15191270834770781
153,0.039,0,8,0,3331,602279,72,107884,5.578930304939049,0.15191441964732041
154,0.0393333333333333,0,2,0,3333,602277,72,107884,5.578911778872874,0.15191484747824788
155,0.0396666666666666,0,1,0,3334,602276,72,107884,5.578902515839786,0.1519150613946153
156,0.04,20,746,20,4080,601530,92,107864,5.571992293156471,0.152050905420683
157,0.0403571428571428,0,2,0,4082,601528,92,107864,5.571973767090296,0.1520513341001872
158,0.0404761904761904,0,1,0,4083,601527,92,107864,5.571964504057209,0.15205154844084573
159,0.0408333333333333,0,6,0,4089,601521,92,107864,5.571908925858684,0.15205283449748727
160,0.0409999999999999,1,10,1,4099,601511,93,107863,5.571816295527808,0.152053782630883
161,0.0411904761904761,0,1,0,4100,601510,93,107863,5.57180703249472,0.152053996980432
162,0.04125,0,1,0,4101,601509,93,107863,5.571797769461632,0.15205421133058536
163,0.0414285714285714,0,4,0,4105,601505,93,107863,5.5717607173292825,0.15205506873724217
164,0.0415,1,4,1,4109,601501,94,107862,5.571723665196932,0.15205473079368392
165,0.0416666666666666,0,30,0,4139,601471,94,107862,5.571445774204306,0.15206116168287673
166,0.0418181818181818,0,3,0,4142,601468,94,107862,5.571417985105043,0.1520618048017143
167,0.0419285714285714,0,1,0,4143,601467,94,107862,5.571408722071955,0.15206201917586903
168,0.042,1,15,1,4158,601452,95,107861,5.571269776575642,0.1520640394297017
169,0.0420238095238095,0,4,0,4162,601448,95,107861,5.571232724443291,0.15206489696310072
170,0.042297619047619,1,0,1,4162,601448,96,107860,5.571232724443291,0.1520637015231747
171,0.0423333333333333,0,2,0,4164,601446,96,107860,5.571214198377117,0.1520641302907349
172,0.0425,2,40,2,4204,601406,98,107858,5.570843677053614,0.15207031514358546
173,0.0426190476190476,0,1,0,4205,601405,98,107858,5.570834414020527,0.1520705295496875
174,0.0426666666666666,0,2,0,4207,601403,98,107858,5.5708158879543515,0.15207095836370532
175,0.0428333333333333,0,1,0,4208,601402,98,107858,5.570806624921264,0.15207117277162113
176,0.0428571428571428,0,4,0,4212,601398,98,107858,5.570769572788914,0.15207203040933034
177,0.043,0,2,0,4214,601396,98,107858,5.570751046722739,0.1520724592318126
178,0.0433333333333333,1,76,1,4290,601320,99,107857,5.570047056208085,0.15208756065129017
179,0.0434166666666666,0,1,0,4291,601319,99,107857,5.570037793174997,0.1520877751080127
180,0.0434523809523809,0,1,0,4292,601318,99,107857,5.57002853014191,0.15208798956534
181,0.0435,0,1,0,4293,601317,99,107857,5.5700192671088224,0.15208820402327214
182,0.0435714285714285,1,3,1,4296,601314,100,107856,5.56999147800956,0.15208765176191885
183,0.04375,0,2,0,4298,601312,100,107856,5.5699729519433845,0.15208808068045934
184,0.0438095238095238,0,3,0,4301,601309,100,107856,5.569945162844122,0.15208872406280627
185,0.044,0,23,0,4324,601286,100,107856,5.569732113083108,0.15209365684164808
186,0.0441666666666666,0,1,0,4325,601285,100,107856,5.56972285005002,0.1520938713175518
187,0.0442857142857142,0,2,0,4327,601283,100,107856,5.569704323983845,0.1520943002711739
188,0.0443333333333333,0,2,0,4329,601281,100,107856,5.56968579791767,0.15209472922721562
189,0.0446666666666666,0,2,0,4331,601279,100,107856,5.569667271851495,0.15209515818567693
190,0.0447619047619047,0,1,0,4332,601278,100,107856,5.569658008818408,0.15209537266581494
191,0.045,4,208,4,4540,601070,104,107852,5.567731297936196,0.15213521374706948
192,0.0451363636363636,0,2,0,4542,601068,104,107852,5.5677127718700214,0.1521356429498392
193,0.0453333333333333,0,9,0,4551,601059,104,107852,5.567629404572233,0.1521375743922721
194,0.0455,0,2,0,4553,601057,104,107852,5.567610878506058,0.15213800360836158
195,0.0456666666666666,0,3,0,4556,601054,104,107852,5.567583089406796,0.15213864743703678
196,0.0458333333333333,0,18,0,4574,601036,104,107852,5.567416354811219,0.15214251052352418
197,0.046,1,11,1,4585,601025,105,107851,5.567314461447256,0.15214367533955162
198,0.0461904761904761,0,1,0,4586,601024,105,107851,5.567305198414169,0.15214388996649622
199,0.0463333333333333,0,1,0,4587,601023,105,107851,5.567295935381082,0.15214410459404634
200,0.0465,1,2,1,4589,601021,106,107850,5.567277409314906,0.15214333778642378
201,0.0466666666666666,3,102,3,4691,600919,109,107847,5.566332579939975,0.15216164432266785
202,0.0469523809523809,1,2,1,4693,600917,110,107846,5.566314053873801,0.15216087747244142
203,0.047,0,9,0,4702,600908,110,107846,5.566230686576012,0.15216280966315535
204,0.0471428571428571,0,3,0,4705,600905,110,107846,5.5662028974767495,0.1521634537376314
205,0.0472222222222222,0,1,0,4706,600904,110,107846,5.566193634443662,0.1521636684303351
206,0.0473333333333333,0,5,0,4711,600899,110,107846,5.566147319278224,0.1521647419029411
207,0.0475,1,45,1,4756,600854,111,107845,5.565730482789284,0.1521732075253387
208,0.0476190476190476,0,2,0,4758,600852,111,107845,5.565711956723109,0.15217363697038366
209,0.0476666666666666,0,3,0,4761,600849,111,107845,5.565684167623846,0.15217428114249593
210,0.0477777777777777,0,1,0,4762,600848,111,107845,5.565674904590759,0.15217449586774529
211,0.0478809523809523,0,1,0,4763,600847,111,107845,5.565665641557672,0.1521747105936006
212,0.0479166666666666,1,6,1,4769,600841,112,107844,5.565610063359146,0.15217480262740146
213,0.048,1,4,1,4773,600837,113,107843,5.565573011226796,0.15217446520291245
214,0.048095238095238,0,1,0,4774,600836,113,107843,5.565563748193709,0.15217467993266345
215,0.0482142857142857,0,2,0,4776,600834,113,107843,5.565545222127533,0.15217510939398343
216,0.0483333333333333,1,35,1,4811,600799,114,107842,5.565221015969469,0.15218142896050327
217,0.0484166666666666,0,1,0,4812,600798,114,107842,5.565211752936381,0.15218164371189885
218,0.0484999999999999,0,2,0,4814,600796,114,107842,5.565193226870206,0.15218207321650828
219,0.0485238095238095,0,1,0,4815,600795,114,107842,5.565183963837119,0.15218228796972216
220,0.0485714285714285,0,1,0,4816,600794,114,107842,5.5651747008040315,0.15218250272354214
221,0.0486666666666666,0,4,0,4820,600790,114,107842,5.565137648671681,0.1521833617448831
222,0.049,0,6,0,4826,600784,114,107842,5.565082070473156,0.15218465029507808
223,0.049047619047619,0,1,0,4827,600783,114,107842,5.565072807440068,0.15218486505556536
224,0.0491666666666666,0,8,0,4835,600775,114,107842,5.564998703175368,0.15218658316128458
225,0.0493333333333333,0,5,0,4840,600770,114,107842,5.56495238800993,0.15218765699705905
226,0.0493571428571428,0,1,0,4841,600769,114,107842,5.564943124976843,0.15218787176603243
227,0.0496666666666666,0,1,0,4842,600768,114,107842,5.5649338619437545,0.15218808653561197
228,0.05,20,1041,20,5883,599727,134,107822,5.555291044499611,0.15238803248962263
229,0.0503333333333333,0,3,0,5886,599724,134,107822,5.555263255400348,0.15238867861594865
230,0.0503571428571428,1,0,1,5886,599724,135,107821,5.555263255400348,0.15238748065494068
231,0.0504166666666666,1,0,1,5886,599724,136,107820,5.555263255400348,0.15238628269054647
232,0.0504285714285714,0,1,0,5887,599723,136,107820,5.555253992367261,0.15238649806442858
233,0.0504999999999999,0,1,0,5888,599722,136,107820,5.555244729334174,0.15238671343891952
234,0.0506309523809523,0,2,0,5890,599720,136,107820,5.555226203267998,0.1523871441897278
235,0.0506666666666666,0,3,0,5893,599717,136,107820,5.555198414168736,0.1523877903205062
236,0.0507142857142857,0,1,0,5894,599716,136,107820,5.5551891511356475,0.15238800569864996
237,0.0507777777777777,0,1,0,5895,599715,136,107820,5.55517988810256,0.15238822107740252
238,0.0508333333333333,0,12,0,5907,599703,136,107820,5.55506873170551,0.1523908056699217
239,0.0509523809523809,0,1,0,5908,599702,136,107820,5.555059468672422,0.15239102105658905
240,0.051,0,11,0,5919,599691,136,107820,5.554957575308459,0.1523933903501147
241,0.0510714285714285,0,1,0,5920,599690,136,107820,5.554948312275371,0.15239360574408842
242,0.0511111111111111,0,1,0,5921,599689,136,107820,5.554939049242284,0.15239382113867103
243,0.0512121212121212,0,1,0,5922,599688,136,107820,5.554929786209196,0.15239403653386252
244,0.0515,1,2,1,5924,599686,137,107819,5.5549112601430215,0.15239326930551728
245,0.0516666666666666,1,38,1,5962,599648,138,107818,5.554559264885694,0.1524002566907809
246,0.0518333333333333,1,1,1,5963,599647,139,107817,5.554550001852607,0.15239927402666426
247,0.0519047619047619,0,1,0,5964,599646,139,107817,5.554540738819519,0.15239948944326417
248,0.0519444444444444,0,1,0,5965,599645,139,107817,5.5545314757864315,0.15239970486047308
249,0.052,1,26,1,5991,599619,140,107816,5.554290636926155,0.15240410779788957
250,0.0520833333333333,0,2,0,5993,599617,140,107816,5.55427211085998,0.15240453866302534
251,0.0523333333333333,0,5,0,5998,599612,140,107816,5.554225795694542,0.1524056158365233
252,0.0525,2,49,2,6047,599563,142,107814,5.553771907073252,0.15241377652934715
253,0.0526666666666666,0,5,0,6052,599558,142,107814,5.553725591907814,0.152414853853418
254,0.0526785714285714,0,3,0,6055,599555,142,107814,5.553697802808552,0.15241550025517092
255,0.0528181818181818,0,1,0,6056,599554,142,107814,5.5536885397754645,0.15241571572364032
256,0.0528571428571428,0,2,0,6058,599552,142,107814,5.553670013709289,0.15241614666240674
257,0.0529166666666666,0,1,0,6059,599551,142,107814,5.553660750676201,0.15241636213270376
258,0.0529924242424242,0,3,0,6062,599548,142,107814,5.553632961576938,0.1524170085472502
259,0.053,0,2,0,6064,599546,142,107814,5.553614435510764,0.1524174394933273
260,0.0531666666666666,0,1,0,6065,599545,142,107814,5.553605172477676,0.1524176549672797
261,0.0532499999999999,0,5,0,6070,599540,142,107814,5.553558857312239,0.15241873234618028
262,0.0533333333333333,5,119,5,6189,599421,147,107809,5.552456556374819,0.15243838638066823
263,0.0536666666666666,0,2,0,6191,599419,147,107809,5.552438030308644,0.1524388174676342
264,0.0536904761904761,1,2,1,6193,599417,148,107808,5.5524195042424696,0.15243805012549047
265,0.05375,0,4,0,6197,599413,148,107808,5.552382452110119,0.15243891230605425
266,0.0538888888888888,0,1,0,6198,599412,148,107808,5.552373189077032,0.1524391278527191
267,0.0539285714285714,0,1,0,6199,599411,148,107808,5.5523639260439435,0.1524393433999935
268,0.054,1,19,1,6218,599392,149,107807,5.552187928415281,0.1524422404443445
269,0.0541666666666666,0,7,0,6225,599385,149,107807,5.552123087183667,0.15244374936368058
270,0.0542857142857142,0,4,0,6229,599381,149,107807,5.5520860350513175,0.15244461161671297
271,0.0543333333333333,1,2,1,6231,599379,150,107806,5.552067508985142,0.15244384425574636
272,0.0545238095238095,0,5,0,6236,599374,150,107806,5.552021193819704,0.1524449220849006
273,0.0546666666666666,0,1,0,6237,599373,150,107806,5.552011930786617,0.15244513765256038
274,0.0547619047619047,0,5,0,6242,599368,150,107806,5.551965615621179,0.15244621550000423
275,0.0548333333333333,0,1,0,6243,599367,150,107806,5.551956352588092,0.152446431071322
276,0.0549999999999999,0,3,0,6246,599364,150,107806,5.551928563488829,0.15244707778893335
277,0.055,7,257,7,6503,599107,157,107799,5.549547963985328,0.1524941081275304
278,0.0550714285714285,0,6,0,6509,599101,157,107799,5.549492385786802,0.1524954024614514
279,0.0553333333333333,0,3,0,6512,599098,157,107799,5.54946459668754,0.15249604963665145
280,0.0553571428571428,0,2,0,6514,599096,157,107799,5.549446070621364,0.15249648108983654
281,0.0554166666666666,0,1,0,6515,599095,157,107799,5.549436807588276,0.1524966968173446
282,0.0555,0,3,0,6518,599092,157,107799,5.549409018489014,0.15249734400353096
283,0.0555555555555555,0,1,0,6519,599091,157,107799,5.5493997554559265,0.15249755973348045
284,0.0556666666666666,0,2,0,6521,599089,157,107799,5.549381229389751,0.15249799119521057
285,0.0558333333333333,1,17,1,6538,599072,158,107798,5.549223757827263,0.1525004597733671
286,0.0559523809523809,0,1,0,6539,599071,158,107798,5.5492144947941755,0.15250067551413346
287,0.0559999999999999,2,26,2,6565,599045,160,107796,5.548973655933899,0.1525038870127794
288,0.0560833333333333,0,1,0,6566,599044,160,107796,5.548964392900811,0.15250410276724577
289,0.0565,0,5,0,6571,599039,160,107796,5.548918077735373,0.15250518154873485
290,0.0566363636363636,0,1,0,6572,599038,160,107796,5.548908814702286,0.15250539730686413
291,0.0566666666666666,3,133,3,6705,598905,163,107793,5.547676831301642,0.15253050100608748
292,0.0566904761904761,0,2,0,6707,598903,163,107793,5.547658305235466,0.15253093267826617
293,0.0568333333333333,1,0,1,6707,598903,164,107792,5.547658305235466,0.15252973347766716
294,0.057,0,3,0,6710,598900,164,107792,5.547630516136204,0.152530380986342
295,0.0571428571428571,0,3,0,6713,598897,164,107792,5.547602727036941,0.15253102850051437
296,0.0573333333333333,2,9,2,6722,598888,166,107790,5.5475193597391526,0.1525305726228919
297,0.0575,1,46,1,6768,598842,167,107789,5.5470932602171255,0.15253930269122074
298,0.0576666666666666,0,2,0,6770,598840,167,107789,5.54707473415095,0.1525397344292408
299,0.0578571428571428,0,1,0,6771,598839,167,107789,5.547065471117863,0.1525399502991673
300,0.0579166666666666,0,1,0,6772,598838,167,107789,5.547056208084776,0.1525401661697048
301,0.0579523809523809,0,2,0,6774,598836,167,107789,5.5470376820186,0.15254059791261276
302,0.0579999999999999,0,8,0,6782,598828,167,107789,5.5469635777539,0.1525423249086846
303,0.058,0,5,0,6787,598823,167,107789,5.546917262588462,0.15254340430108745
304,0.0581666666666666,0,8,0,6795,598815,167,107789,5.546843158323761,0.15254513136070558
305,0.0583333333333333,2,48,2,6843,598767,169,107787,5.546398532735559,0.15255309572941347
306,0.0585,0,3,0,6846,598764,169,107787,5.546370743636296,0.15255374346650136
307,0.0585714285714285,0,1,0,6847,598763,169,107787,5.546361480603209,0.15255395938008634
308,0.0586666666666666,0,2,0,6849,598761,169,107787,5.5463429545370335,0.15255439120908984
309,0.05875,0,1,0,6850,598760,169,107787,5.546333691503946,0.15255460712450836
310,0.0589285714285714,0,1,0,6851,598759,169,107787,5.546324428470858,0.15255482304053805
311,0.059,1,16,1,6867,598743,170,107786,5.546176219941458,0.15255707833648724
312,0.0591190476190476,0,1,0,6868,598742,170,107786,5.54616695690837,0.15255729426151546
313,0.0591666666666666,1,11,1,6879,598731,171,107785,5.546065063544407,0.15255847001341796
314,0.0592857142857142,0,4,0,6883,598727,171,107785,5.546028011412057,0.15255933374096972
315,0.0593333333333333,0,6,0,6889,598721,171,107785,5.545972433213532,0.15256062935063538
316,0.0595,0,4,0,6893,598717,171,107785,5.545935381081181,0.15256149310263806
317,0.0595833333333333,0,1,0,6894,598716,171,107785,5.545926118048094,0.15256170904216695
318,0.0597402597402597,0,1,0,6895,598715,171,107785,5.545916855015006,0.15256192498230714
319,0.0597619047619047,0,1,0,6896,598714,171,107785,5.545907591981918,0.15256214092305864
320,0.0598333333333333,0,1,0,6897,598713,171,107785,5.545898328948831,0.1525623568644214
321,0.0598571428571428,0,1,0,6898,598712,171,107785,5.545889065915744,0.15256257280639549
322,0.0598809523809523,0,1,0,6899,598711,171,107785,5.545879802882656,0.15256278874898088
323,0.0599999999999999,1,7,1,6906,598704,172,107784,5.545814961651043,0.1525631008594626
324,0.06,28,1079,28,7985,597625,200,107756,5.535820148949572,0.15276283313556788
325,0.0601666666666666,1,4,1,7989,597621,201,107755,5.535783096817222,0.15276249829877966
326,0.0602380952380952,0,1,0,7990,597620,201,107755,5.535773833784134,0.15276271486797802
327,0.0603333333333333,0,1,0,7991,597619,201,107755,5.535764570751047,0.15276293143779046
328,0.0603571428571428,0,2,0,7993,597617,201,107755,5.535746044684871,0.15276336457925746
329,0.0604166666666666,0,1,0,7994,597616,201,107755,5.535736781651784,0.15276358115091207
330,0.0605,0,1,0,7995,597615,201,107755,5.535727518618697,0.15276379772318074
331,0.0605555555555555,0,1,0,7996,597614,201,107755,5.535718255585609,0.15276401429606348
332,0.0605714285714285,0,2,0,7998,597612,201,107755,5.5356997295194335,0.15276444744367118
333,0.0606666666666666,0,10,0,8008,597602,201,107755,5.535607099188558,0.1527666132185546
334,0.0607142857142857,0,2,0,8010,597600,201,107755,5.535588573122383,0.15276704638090038
335,0.0607167832167832,0,1,0,8011,597599,201,107755,5.535579310089296,0.15276726296299448
336,0.0608333333333333,1,15,1,8026,597584,202,107754,5.535440364592982,0.15276931060002438
337,0.0609090909090909,0,1,0,8027,597583,202,107754,5.535431101559895,0.15276952719054862
338,0.061,0,13,0,8040,597570,202,107754,5.535310682129756,0.15277234292325229
339,0.0610714285714285,0,1,0,8041,597569,202,107754,5.535301419096669,0.15277255952237487
340,0.0610833333333333,0,2,0,8043,597567,202,107754,5.535282893030494,0.15277299272246253
341,0.0611666666666666,0,2,0,8045,597565,202,107754,5.535264366964319,0.15277342592500698
342,0.0611904761904761,0,3,0,8048,597562,202,107754,5.5352365778650565,0.15277407573343013
343,0.0612408424908424,0,5,0,8053,597557,202,107754,5.535190262699619,0.15277515875975278
344,0.06125,1,3,1,8056,597554,203,107753,5.535162473600356,0.1527746073695568
345,0.0613333333333333,1,2,1,8058,597552,204,107752,5.535143947534181,0.1527738393657203
346,0.0614285714285714,0,5,0,8063,597547,204,107752,5.535097632368743,0.152774922408794
347,0.0615,0,1,0,8064,597546,204,107752,5.535088369335655,0.15277513901925144
348,0.0615238095238095,1,1,1,8065,597545,205,107751,5.535079106302567,0.15277415439758626
349,0.0616190476190476,0,1,0,8066,597544,205,107751,5.53506984326948,0.15277437100787614
350,0.0616666666666666,2,43,2,8109,597501,207,107749,5.5346715328467155,0.15278128323289614
351,0.0617222222222222,0,1,0,8110,597500,207,107749,5.534662269813627,0.1527814998674227
352,0.062,1,16,1,8126,597484,208,107748,5.534514061284227,0.15278376477527963
353,0.0620833333333333,0,1,0,8127,597483,208,107748,5.534504798251139,0.15278398141885424
354,0.0621428571428571,0,1,0,8128,597482,208,107748,5.534495535218052,0.15278419806304327
355,0.06225,0,1,0,8129,597481,208,107748,5.534486272184965,0.15278441470784668
356,0.0622619047619047,0,2,0,8131,597479,208,107748,5.534467746118789,0.15278484799929667
357,0.0623333333333333,0,6,0,8137,597473,208,107748,5.534412167920264,0.15278614788839243
358,0.0623809523809523,0,1,0,8138,597472,208,107748,5.534402904887176,0.15278636453872552
359,0.0624999999999999,0,2,0,8140,597470,208,107748,5.534384378821001,0.15278679784123492
360,0.0625,1,55,1,8195,597415,209,107747,5.533874912001186,0.15279751319554938
361,0.0625050505050505,0,1,0,8196,597414,209,107747,5.533865648968098,0.15279772988012666
362,0.0625454545454545,0,2,0,8198,597412,209,107747,5.533847122901923,0.1527981632511249
363,0.0625757575757575,0,3,0,8201,597409,209,107747,5.5338193338026604,0.1527988133122316
364,0.0626190476190476,0,1,0,8202,597408,209,107747,5.533810070769573,0.15279903000049636
365,0.0626666666666666,0,2,0,8204,597406,209,107747,5.533791544703398,0.15279946337886954
366,0.0627777777777777,0,1,0,8205,597405,209,107747,5.53378228167031,0.15279968006897804
367,0.0628333333333333,0,1,0,8206,597404,209,107747,5.5337730186372225,0.15279989675970113
368,0.0628571428571428,0,6,0,8212,597398,209,107747,5.533717440438697,0.15280119691694616
369,0.063,0,4,0,8216,597394,209,107747,5.5336803883063475,0.15280206370073504
370,0.0630952380952381,0,3,0,8219,597391,209,107747,5.533652599207084,0.1528027137950302
371,0.0631305361305361,1,1,1,8220,597390,210,107746,5.533643336173997,0.1528017290281591
372,0.0631666666666666,1,2,1,8222,597388,211,107745,5.533624810107821,0.15280096095346551
373,0.0632857142857142,0,1,0,8223,597387,211,107745,5.533615547074734,0.15280117765184392
374,0.0633333333333333,4,149,4,8372,597238,215,107741,5.532235355144689,0.15282866581841445
375,0.0634285714285714,0,2,0,8374,597236,215,107741,5.532216829078513,0.1528290993890581
376,0.0635714285714285,0,1,0,8375,597235,215,107741,5.532207566045426,0.15282931617530243
377,0.0636190476190476,0,1,0,8376,597234,215,107741,5.532198303012338,0.15282953296216178
378,0.0636363636363636,0,2,0,8378,597232,215,107741,5.532179776946164,0.15282996653772557
379,0.0638095238095238,0,1,0,8379,597231,215,107741,5.5321705139130755,0.15283018332642997
380,0.0638461538461538,0,2,0,8381,597229,215,107741,5.532151987846901,0.15283061690568392
381,0.064,0,33,0,8414,597196,215,107741,5.5318463077550115,0.15283777131857174
382,0.0641666666666666,0,13,0,8427,597183,215,107741,5.531725888324873,0.1528405899075645
383,0.0642857142857143,0,7,0,8434,597176,215,107741,5.531661047093261,0.15284210765239029
384,0.0643333333333333,0,8,0,8442,597168,215,107741,5.53158694282856,0.15284384225481587
385,0.0643571428571428,0,8,0,8450,597160,215,107741,5.5315128385638594,0.15284557689661385
386,0.0645,0,1,0,8451,597159,215,107741,5.531503575530772,0.15284579372960705
387,0.0646666666666666,0,4,0,8455,597155,215,107741,5.5314665233984215,0.15284666106773198
388,0.0647222222222222,0,4,0,8459,597151,215,107741,5.531429471266072,0.15284752841570057
389,0.0647619047619047,0,1,0,8460,597150,215,107741,5.5314202082329835,0.15284774525423078
390,0.0648333333333333,0,2,0,8462,597148,215,107741,5.531401682166809,0.15284817893313699
391,0.0649999999999999,0,4,0,8466,597144,215,107741,5.531364630034458,0.15284904629833235
392,0.065,8,303,8,8769,596841,223,107733,5.52855793100893,0.15290515971352903
393,0.0651666666666666,0,4,0,8773,596837,223,107733,5.528520878876579,0.15290602778999957
394,0.0653333333333333,0,2,0,8775,596835,223,107733,5.5285023528104045,0.15290646183193105
395,0.0655,0,3,0,8778,596832,223,107733,5.528474563711142,0.15290711289944858
396,0.0656666666666666,0,2,0,8780,596830,223,107733,5.5284560376449665,0.15290754694754052
397,0.0657142857142857,0,1,0,8781,596829,223,107733,5.528446774611879,0.15290776397251057
398,0.0658333333333333,2,20,2,8801,596809,225,107731,5.528261513950127,0.1529096999460641
399,0.066,2,35,2,8836,596774,227,107729,5.5279373077920635,0.15291489177476889
400,0.0661666666666666,0,1,0,8837,596773,227,107729,5.527928044758976,0.15291510882864776
401,0.0661904761904761,0,1,0,8838,596772,227,107729,5.527918781725888,0.15291532588314283
402,0.06625,1,3,1,8841,596769,228,107728,5.5278909926266255,0.15291477465482464
403,0.0663333333333333,0,4,0,8845,596765,228,107728,5.527853940494276,0.15291564288076673
404,0.0664285714285714,0,2,0,8847,596763,228,107728,5.5278354144281,0.15291607699743504
405,0.0665,0,2,0,8849,596761,228,107728,5.527816888361925,0.15291651111656818
406,0.0666666666666666,3,125,3,8974,596636,231,107725,5.526659009225981,0.15294004068936243
407,0.0668333333333333,0,1,0,8975,596635,231,107725,5.526649746192893,0.1529402578227043
408,0.0668571428571428,0,1,0,8976,596634,231,107725,5.526640483159806,0.15294047495666271
409,0.0669047619047619,0,1,0,8977,596633,231,107725,5.526631220126719,0.1529406920912377
410,0.0669166666666666,1,4,1,8981,596629,232,107724,5.526594167994368,0.15294035803070335
411,0.067,0,8,0,8989,596621,232,107724,5.526520063729667,0.15294209513803605
412,0.0670238095238095,0,1,0,8990,596620,232,107724,5.52651080069658,0.1529423122792272
413,0.0670833333333333,0,1,0,8991,596619,232,107724,5.526501537663493,0.15294252942103492
414,0.0671428571428571,0,3,0,8994,596616,232,107724,5.5264737485642295,0.1529431808501576
415,0.0671666666666666,0,2,0,8996,596614,232,107724,5.526455222498055,0.1529436151393223
416,0.0672222222222222,0,1,0,8997,596613,232,107724,5.526445959464967,0.15294383228482955
417,0.0672499999999999,0,2,0,8999,596611,232,107724,5.526427433398792,0.15294426657769386
418,0.0672619047619047,0,1,0,9000,596610,232,107724,5.526418170365704,0.1529444837250509
419,0.0673333333333333,0,10,0,9010,596600,232,107724,5.526325540034829,0.15294665523253503
420,0.0673571428571428,0,1,0,9011,596599,232,107724,5.526316277001741,0.15294687238667487
421,0.0675,2,77,2,9088,596522,234,107722,5.525603023454,0.15296118958769972
422,0.0676190476190476,0,4,0,9092,596518,234,107722,5.525565971321649,0.1529620583891855
423,0.0676666666666666,0,8,0,9100,596510,234,107722,5.5254918670569495,0.15296379602176555
424,0.0677777777777777,0,5,0,9105,596505,234,107722,5.5254455518915115,0.15296488206217598
425,0.0677857142857142,1,2,1,9107,596503,235,107721,5.525427025825336,0.15296411369109827
426,0.0678055555555555,0,2,0,9109,596501,235,107721,5.525408499759161,0.15296454811124902
427,0.0678333333333333,0,1,0,9110,596500,235,107721,5.525399236726074,0.1529647653222497
428,0.0679166666666666,0,1,0,9111,596499,235,107721,5.525389973692986,0.15296498253386726
429,0.068,1,27,1,9138,596472,236,107720,5.525139871799622,0.15296964464237026
430,0.0680952380952381,0,2,0,9140,596470,236,107720,5.525121345733447,0.15297007909797072
431,0.0681666666666666,0,2,0,9142,596468,236,107720,5.525102819667272,0.15297051355603902
432,0.0681904761904761,0,2,0,9144,596466,236,107720,5.525084293601097,0.15297094801657515
433,0.0682857142857143,0,2,0,9146,596464,236,107720,5.5250657675349215,0.1529713824795792
434,0.0683333333333333,2,70,2,9216,596394,238,107718,5.524417355218793,0.15298418433431046
435,0.0684224386724386,1,2,1,9218,596392,239,107717,5.524398829152617,0.1529834159199783
436,0.0684615384615384,0,1,0,9219,596391,239,107717,5.52438956611953,0.15298363319263522
437,0.0684999999999999,0,4,0,9223,596387,239,107717,5.52435251398718,0.15298450228943453
438,0.0685,0,1,0,9224,596386,239,107717,5.524343250954092,0.15298471956517726
439,0.068547619047619,0,1,0,9225,596385,239,107717,5.524333987921005,0.15298493684153716
440,0.0685714285714285,0,4,0,9229,596381,239,107717,5.524296935788654,0.15298580595314856
441,0.0686666666666666,0,2,0,9231,596379,239,107717,5.52427840972248,0.15298624051265736
442,0.06875,0,1,0,9232,596378,239,107717,5.524269146689392,0.15298645779333755
443,0.0688744588744588,0,1,0,9233,596377,239,107717,5.524259883656304,0.15298667507463493
444,0.069,1,14,1,9247,596363,240,107716,5.524130201193079,0.15298851407299466
445,0.0690833333333333,0,3,0,9250,596360,240,107716,5.524102412093816,0.15298916594231304
446,0.0691666666666666,0,22,0,9272,596338,240,107716,5.52389862536589,0.15299394648705922
447,0.0692857142857142,0,2,0,9274,596336,240,107716,5.523880099299714,0.1529943810968508
448,0.0693333333333333,0,8,0,9282,596328,240,107716,5.523805995035015,0.15299611956070927
449,0.0695,0,5,0,9287,596323,240,107716,5.523759679869577,0.15299720612068365
450,0.0695238095238095,0,1,0,9288,596322,240,107716,5.523750416836489,0.15299742343453052
451,0.0696428571428571,0,2,0,9290,596320,240,107716,5.523731890770314,0.15299785806407626
452,0.0696666666666666,0,1,0,9291,596319,240,107716,5.523722627737226,0.15299807537977517
453,0.0697619047619047,0,3,0,9294,596316,240,107716,5.523694838637963,0.15299872733057587
454,0.0699999999999999,0,4,0,9298,596312,240,107716,5.523657786505614,0.15299959660695314
455,0.07,33,1221,33,10519,595091,273,107683,5.512347623105709,0.15322564579793788
456,0.0701666666666666,0,1,0,10520,595090,273,107683,5.512338360072622,0.15322586382800704
457,0.0703333333333333,1,2,1,10522,595088,274,107682,5.512319834006447,0.15322509498128833
458,0.0704761904761904,1,4,1,10526,595084,275,107681,5.512282781874097,0.15322476218935205
459,0.0705,0,2,0,10528,595082,275,107681,5.512264255807922,0.15322519825318065
460,0.0706190476190476,0,2,0,10530,595080,275,107681,5.512245729741746,0.15322563431949127
461,0.0706666666666666,1,11,1,10541,595069,276,107680,5.512143836377784,0.15322682778630778
462,0.0708333333333333,1,27,1,10568,595042,277,107679,5.51189373448442,0.1532315100872181
463,0.0709523809523809,0,1,0,10569,595041,277,107679,5.511884471451332,0.1532317281420765
464,0.071,0,9,0,10578,595032,277,107679,5.511801104153544,0.15323369066372947
465,0.0711666666666666,0,3,0,10581,595029,277,107679,5.511773315054281,0.15323434484878498
466,0.0711904761904761,0,2,0,10583,595027,277,107679,5.511754788988107,0.1532347809752585
467,0.07125,1,4,1,10587,595023,278,107678,5.511717736855756,0.15323444822193222
468,0.0713333333333333,0,4,0,10591,595019,278,107678,5.511680684723406,0.15323532048663932
469,0.0715,0,9,0,10600,595010,278,107678,5.511597317425617,0.1532372831185391
470,0.0716666666666666,2,72,2,10672,594938,280,107676,5.510930379043314,0.15325057570728737
471,0.0719047619047619,0,1,0,10673,594937,280,107676,5.510921116010226,0.15325079382248835
472,0.0719166666666666,0,1,0,10674,594936,280,107676,5.510911852977139,0.1532510119383102
473,0.072,0,27,0,10701,594909,280,107676,5.5106617510837745,0.15325690130019856
474,0.0720238095238095,0,3,0,10704,594906,280,107676,5.510633961984512,0.15325755570168323
475,0.0721666666666666,0,2,0,10706,594904,280,107676,5.5106154359183375,0.1532579919724444
476,0.0722222222222222,0,2,0,10708,594902,280,107676,5.510596909852162,0.15325842824568944
477,0.0723333333333333,0,5,0,10713,594897,280,107676,5.510550594686724,0.1532595189396689
478,0.0723611111111111,0,2,0,10715,594895,280,107676,5.510532068620549,0.15325995522160749
479,0.0723809523809523,0,1,0,10716,594894,280,107676,5.5105228055874615,0.15326017336350825
480,0.0725,2,83,2,10799,594811,282,107674,5.509753973841194,0.15327587065915999
481,0.0726666666666666,1,13,1,10812,594798,283,107673,5.509633554411057,0.15327750184705133
482,0.0726785714285714,0,1,0,10813,594797,283,107673,5.5096242913779685,0.15327772004498413
483,0.0727272727272727,0,2,0,10815,594795,283,107673,5.509605765311794,0.1532781564427134
484,0.0728181818181818,0,1,0,10816,594794,283,107673,5.509596502278706,0.1532783746425099
485,0.0728571428571428,0,13,0,10829,594781,283,107673,5.509476082848568,0.15328121129639805
486,0.073,0,6,0,10835,594775,283,107673,5.509420504650042,0.1532825205566818
487,0.0731666666666666,0,1,0,10836,594774,283,107673,5.509411241616955,0.15328273876890355
488,0.0733333333333333,4,184,4,11020,594590,287,107669,5.507706843528845,0.15331807780320367
489,0.0735,0,2,0,11022,594588,287,107669,5.50768831746267,0.1533185144469902
490,0.0736363636363636,0,1,0,11023,594587,287,107669,5.507679054429582,0.15331873276981614
491,0.0736666666666666,0,5,0,11028,594582,287,107669,5.507632739264145,0.1533198243932725
492,0.0736904761904762,0,1,0,11029,594581,287,107669,5.507623476231057,0.15332004271982913
493,0.0737662337662337,0,3,0,11032,594578,287,107669,5.507595687131794,0.15332069770322979
494,0.0739285714285714,0,1,0,11033,594577,287,107669,5.507586424098707,0.1533209160322736
495,0.074,0,59,0,11092,594518,287,107669,5.5070399051465415,0.15333379854654103
496,0.074047619047619,0,1,0,11093,594517,287,107669,5.507030642113453,0.15333401691289772
497,0.0741666666666666,1,18,1,11111,594499,288,107668,5.506863907517878,0.15333674182922297
498,0.0742857142857142,0,2,0,11113,594497,288,107668,5.506845381451702,0.1533371785833814
499,0.0743333333333333,1,8,1,11121,594489,289,107667,5.506771277187002,0.15333771982294533
500,0.0744444444444444,0,1,0,11122,594488,289,107667,5.506762014153915,0.15333793820452749
501,0.0745,0,3,0,11125,594485,289,107667,5.506734225054652,0.15333859335300618
502,0.0745833333333333,0,3,0,11128,594482,289,107667,5.5067064359553894,0.15333924850708325
503,0.0746666666666666,0,10,0,11138,594472,289,107667,5.5066138056245135,0.15334143239444042
504,0.0748333333333333,0,1,0,11139,594471,289,107667,5.506604542591426,0.1533416507865975
505,0.075,11,348,11,11487,594123,300,107656,5.503381007076957,0.15340441933999166
506,0.0750595238095238,0,1,0,11488,594122,300,107656,5.50337174404387,0.15340463793393352
507,0.0751666666666666,0,7,0,11495,594115,300,107656,5.503306902812257,0.15340616810897
508,0.0753333333333333,0,5,0,11500,594110,300,107656,5.503260587646819,0.15340726110982864
509,0.0753571428571428,0,2,0,11502,594108,300,107656,5.503242061580644,0.1534076983145331
510,0.0754166666666666,0,2,0,11504,594106,300,107656,5.5032235355144685,0.15340813552172958
511,0.0754285714285714,0,2,0,11506,594104,300,107656,5.503205009448294,0.15340857273141814
512,0.0755,0,6,0,11512,594098,300,107656,5.503149431249769,0.1534098843754364
513,0.0755555555555555,0,2,0,11514,594096,300,107656,5.5031309051835935,0.15341032159509344
514,0.0756428571428571,0,2,0,11516,594094,300,107656,5.503112379117418,0.15341075881724262
515,0.0756666666666666,0,3,0,11519,594091,300,107656,5.5030845900181555,0.15341141465513924
516,0.0757142857142857,0,2,0,11521,594089,300,107656,5.50306606395198,0.15341185188351894
517,0.0758333333333333,2,18,2,11539,594071,302,107654,5.502899329356405,0.153413374185044
518,0.0759047619047619,0,1,0,11540,594070,302,107654,5.502890066323317,0.15341359280856862
519,0.0759166666666666,0,1,0,11541,594069,302,107654,5.502880803290229,0.15341381143271632
520,0.0759523809523809,0,1,0,11542,594068,302,107654,5.502871540257142,0.15341403005748716
521,0.076,2,37,2,11579,594031,304,107652,5.502528808032903,0.15341970661965587
522,0.0760714285714285,0,2,0,11581,594029,304,107652,5.502510281966727,0.15342014391154954
523,0.0761666666666666,0,2,0,11583,594027,304,107652,5.502491755900552,0.15342058120593605
524,0.07625,0,5,0,11588,594022,304,107652,5.502445440735114,0.15342167445280858
525,0.0763333333333333,0,1,0,11589,594021,304,107652,5.502436177702027,0.15342189310405274
526,0.0764444444444444,0,1,0,11590,594020,304,107652,5.5024269146689395,0.15342211175592013
527,0.0765,0,6,0,11596,594014,304,107652,5.502371336470413,0.15342342368021253
528,0.0766666666666666,8,151,8,11747,593863,312,107644,5.500972618474194,0.15344679383099527
529,0.0767857142857142,0,1,0,11748,593862,312,107644,5.5009633554411055,0.15344701257009918
530,0.0768333333333333,0,2,0,11750,593860,312,107644,5.50094482937493,0.1534474500501779
531,0.0769444444444444,0,3,0,11753,593857,312,107644,5.5009170402756675,0.15344810627497324
532,0.077,0,11,0,11764,593846,312,107644,5.500815146911704,0.15345051248057706
533,0.0770238095238095,0,1,0,11765,593845,312,107644,5.500805883878617,0.15345073123028302
534,0.0770714285714285,0,3,0,11768,593842,312,107644,5.5007780947793545,0.15345138748314294
535,0.0770952380952381,0,1,0,11769,593841,312,107644,5.500768831746267,0.1534516062353436
536,0.0771428571428571,0,2,0,11771,593839,312,107644,5.500750305680092,0.15345204374161597
537,0.0771666666666666,0,1,0,11772,593838,312,107644,5.500741042647005,0.1534522624956877
538,0.0772222222222222,0,2,0,11774,593836,312,107644,5.500722516580829,0.15345270000570224
539,0.0773333333333333,1,14,1,11788,593822,313,107643,5.500592834117604,0.1534545558224573
540,0.0773809523809523,0,1,0,11789,593821,313,107643,5.500583571084516,0.15345477458572357
541,0.0774761904761904,0,1,0,11790,593820,313,107643,5.500574308051428,0.1534549933496136
542,0.0774999999999999,0,2,0,11792,593818,313,107643,5.500555781985253,0.15345543087926486
543,0.0775,4,73,4,11865,593745,317,107639,5.4998795805698615,0.15346657465810454
544,0.0776666666666666,0,2,0,11867,593743,317,107639,5.499861054503687,0.1534670122700611
545,0.0777121212121212,0,3,0,11870,593740,317,107639,5.499833265404424,0.15346766869267542
546,0.0777272727272727,0,1,0,11871,593739,317,107639,5.499824002371336,0.1534678875014614
547,0.07775,0,3,0,11874,593736,317,107639,5.499796213272074,0.153468543931563
548,0.0777777777777777,0,2,0,11876,593734,317,107639,5.499777687205898,0.15346898155475047
549,0.0778333333333333,0,2,0,11878,593732,317,107639,5.499759161139724,0.15346941918043375
550,0.0779285714285714,0,1,0,11879,593731,317,107639,5.499749898106636,0.15346963799421132
551,0.078,0,21,0,11900,593710,317,107639,5.4995553744117975,0.1534742332276798
552,0.078047619047619,0,1,0,11901,593709,317,107639,5.499546111378709,0.15347445205518515
553,0.0782142857142857,0,1,0,11902,593708,317,107639,5.499536848345622,0.15347467088331454
554,0.0783333333333333,4,79,4,11981,593629,321,107635,5.498805068731706,0.15348713180770723
555,0.0784285714285714,1,0,1,11981,593629,322,107634,5.498805068731706,0.15348592468161018
556,0.0785,0,6,0,11987,593623,322,107634,5.49874949053318,0.15348723791705465
557,0.0785714285714285,0,3,0,11990,593620,322,107634,5.498721701433918,0.15348789454320402
558,0.0786666666666666,0,6,0,11996,593614,322,107634,5.498666123235393,0.1534892078123574
559,0.07875,0,1,0,11997,593613,322,107634,5.4986568602023045,0.15348942669273452
560,0.0788333333333333,0,1,0,11998,593612,322,107634,5.498647597169217,0.1534896455737359
561,0.0788888888888889,0,2,0,12000,593610,322,107634,5.498629071103042,0.15349008333761144
562,0.0789267399267399,0,1,0,12001,593609,322,107634,5.498619808069955,0.15349030222048562
563,0.079,0,16,0,12017,593593,322,107634,5.4984715995405535,0.15349380443137528
564,0.0791666666666666,0,19,0,12036,593574,322,107634,5.49829560191189,0.1534979635143923
565,0.0792619047619047,0,1,0,12037,593573,322,107634,5.498286338878803,0.15349818241974195
566,0.0792857142857142,0,1,0,12038,593572,322,107634,5.498277075845715,0.153498401325716
567,0.0793333333333333,1,7,1,12045,593565,323,107633,5.498212234614102,0.15349872646527798
568,0.0793452380952381,0,2,0,12047,593563,323,107633,5.498193708547927,0.15349916428502158
569,0.0795,0,6,0,12053,593557,323,107633,5.4981381303494015,0.15350047775923786
570,0.0796666666666666,0,2,0,12055,593555,323,107633,5.498119604283226,0.15350091558897186
571,0.07975,0,1,0,12056,593554,323,107633,5.498110341250139,0.15350113450477548
572,0.0799999999999999,0,9,0,12065,593545,323,107633,5.498026973952351,0.15350310477510704
573,0.08,22,1357,22,13422,592188,345,107611,5.48545703805254,0.15377415515026457
574,0.0800833333333333,0,2,0,13424,592186,345,107611,5.485438511986365,0.15377459463244342
575,0.0801666666666666,0,2,0,13426,592184,345,107611,5.485419985920189,0.1537750341171343
576,0.0803095238095238,0,1,0,13427,592183,345,107611,5.485410722887102,0.1537752538604218
577,0.0803205128205128,0,1,0,13428,592182,345,107611,5.485401459854015,0.15377547360433727
578,0.0803333333333333,0,8,0,13436,592174,345,107611,5.485327355589314,0.15377723157827047
579,0.0804166666666666,0,2,0,13438,592172,345,107611,5.485308829523139,0.1537776710780342
580,0.0805,0,2,0,13440,592170,345,107611,5.485290303456964,0.15377811058031013
581,0.0805238095238095,0,1,0,13441,592169,345,107611,5.485281040423876,0.1537783303323902
582,0.0806666666666666,0,8,0,13449,592161,345,107611,5.485206936159176,0.15378008837164106
583,0.0807142857142857,0,2,0,13451,592159,345,107611,5.485188410093001,0.15378052788773455
584,0.0808333333333333,0,20,0,13471,592139,345,107611,5.4850031494312494,0.15378492318685244
585,0.0809090909090909,0,1,0,13472,592138,345,107611,5.484993886398162,0.15378514295840365
586,0.081,1,16,1,13488,592122,346,107610,5.484845677868761,0.15378745005230574
587,0.0811111111111111,0,3,0,13491,592119,346,107610,5.4848178887694985,0.15378810939663784
588,0.0811904761904761,0,6,0,13497,592113,346,107610,5.484762310570973,0.15378942810226331
589,0.0811904761904762,0,1,0,13498,592112,346,107610,5.484753047537886,0.15378964788873295
590,0.08125,0,3,0,13501,592109,346,107610,5.4847252584386235,0.15379030725191112
591,0.0813333333333333,0,2,0,13503,592107,346,107610,5.484706732372448,0.15379074683050434
592,0.0814285714285714,0,4,0,13507,592103,346,107610,5.484669680240097,0.15379162599522947
593,0.0814603174603174,0,4,0,13511,592099,346,107610,5.4846326281077475,0.1537925051700064
594,0.0815,0,3,0,13514,592096,346,107610,5.484604839008485,0.15379316455768566
595,0.0816666666666666,1,88,1,13602,592008,347,107609,5.483789692096781,0.15381129961107293
596,0.0819761904761904,0,2,0,13604,592006,347,107609,5.483771166030605,0.15381173931376543
597,0.0819999999999999,1,34,1,13638,591972,348,107608,5.4834562229056285,0.15381800508876756
598,0.0821428571428571,0,1,0,13639,591971,348,107608,5.48344695987254,0.15381822496101227
599,0.0821666666666666,0,1,0,13640,591970,348,107608,5.483437696839453,0.15381844483388557
600,0.0822222222222222,0,2,0,13642,591968,348,107608,5.483419170773278,0.15381888458151796
601,0.0822380952380952,0,1,0,13643,591967,348,107608,5.4834099077401905,0.15381910445627703
602,0.0822857142857142,0,1,0,13644,591966,348,107608,5.483400644707103,0.1538193243316647
603,0.0823333333333333,0,6,0,13650,591960,348,107608,5.483345066508577,0.15382064359719141
604,0.0825,0,98,0,13748,591862,348,107608,5.482437289265997,0.1538421948046378
605,0.0825714285714285,0,1,0,13749,591861,348,107608,5.48242802623291,0.15384241474604307
606,0.0826666666666666,0,5,0,13754,591856,348,107608,5.482381711067472,0.15384351446250272
607,0.0828333333333333,0,1,0,13755,591855,348,107608,5.4823724480343845,0.15384373440768132
608,0.0828571428571428,0,3,0,13758,591852,348,107608,5.482344658935122,0.15384439424699053
609,0.0829166666666666,0,1,0,13759,591851,348,107608,5.482335395902034,0.15384461419468476
610,0.083,0,17,0,13776,591834,348,107608,5.482177924339545,0.15384835340171166
611,0.083047619047619,0,1,0,13777,591833,348,107608,5.482168661306458,0.15384857336072663
612,0.0831666666666666,0,6,0,13783,591827,348,107608,5.482113083107933,0.15384989312802477
613,0.0831904761904762,0,1,0,13784,591826,348,107608,5.482103820074845,0.1538501130914425
614,0.0832142857142857,0,1,0,13785,591825,348,107608,5.482094557041758,0.15385033305548923
615,0.0833333333333333,6,214,6,13999,591611,354,107602,5.4801122679610215,0.15389015936488595
616,0.0834999999999999,0,2,0,14001,591609,354,107602,5.480093741894846,0.1538905995472039
617,0.0836666666666666,0,7,0,14008,591602,354,107602,5.480028900663233,0.15389214020514758
618,0.08375,0,9,0,14017,591593,354,107602,5.479945533365445,0.1538941210964037
619,0.0838095238095238,0,1,0,14018,591592,354,107602,5.479936270332358,0.1538943411985801
620,0.0838571428571428,0,3,0,14021,591589,354,107602,5.479908481233095,0.1538950015088867
621,0.0838888888888888,0,3,0,14024,591586,354,107602,5.4798806921338326,0.1538956618248597
622,0.0839999999999999,0,1,0,14025,591585,354,107602,5.479871429100744,0.15389588193144324
623,0.084,0,40,0,14065,591545,354,107602,5.4795009077772425,0.15390468671109223
624,0.0841666666666666,0,21,0,14086,591524,354,107602,5.479306384082404,0.1539093096237302
625,0.0842857142857142,0,10,0,14096,591514,354,107602,5.479213753751528,0.15391151110831391
626,0.0843333333333333,0,6,0,14102,591508,354,107602,5.479158175553003,0.1539128320292944
627,0.0844444444444444,0,2,0,14104,591506,354,107602,5.479139649486828,0.15391327234132637
628,0.0844523809523809,0,1,0,14105,591505,354,107602,5.479130386453741,0.1539134924982871
629,0.0844999999999999,0,3,0,14108,591502,354,107602,5.479102597354478,0.15391415297294822
630,0.0845238095238095,0,1,0,14109,591501,354,107602,5.47909333432139,0.15391437313242826
631,0.0845714285714285,0,1,0,14110,591500,354,107602,5.479084071288303,0.15391459329253815
632,0.0846666666666666,0,3,0,14113,591497,354,107602,5.47905628218904,0.1539152537766468
633,0.0847619047619047,0,1,0,14114,591496,354,107602,5.479047019155953,0.15391547393927604
634,0.0848333333333333,0,3,0,14117,591493,354,107602,5.479019230056689,0.15391613443094287
635,0.0849999999999999,0,1,0,14118,591492,354,107602,5.479009967023602,0.15391635459609151
636,0.085,17,362,17,14480,591130,371,107585,5.475656749045908,0.15397551219023492
637,0.0850205627705627,0,2,0,14482,591128,371,107585,5.4756382229797325,0.1539759529306024
638,0.0850952380952381,0,1,0,14483,591127,371,107585,5.475628959946645,0.15397617330173233
639,0.0851666666666666,0,5,0,14488,591122,371,107585,5.475582644781207,0.1539772751668439
640,0.08525,0,2,0,14490,591120,371,107585,5.475564118715032,0.15397771591730416
641,0.0853333333333333,0,5,0,14495,591115,371,107585,5.475517803549594,0.15397881780449407
642,0.0853571428571428,0,1,0,14496,591114,371,107585,5.475508540516507,0.1539790381838245
643,0.0854166666666666,0,1,0,14497,591113,371,107585,5.4754992774834195,0.15397925856378578
644,0.0855,0,4,0,14501,591109,371,107585,5.475462225351069,0.15398014008993924
645,0.0855555555555555,0,1,0,14502,591108,371,107585,5.4754529623179815,0.1539803604730547
646,0.0856666666666666,0,2,0,14504,591106,371,107585,5.475434436251806,0.15398080124117813
647,0.0857142857142857,0,5,0,14509,591101,371,107585,5.475388121086368,0.15398190317252672
648,0.0858333333333333,1,28,1,14537,591073,372,107584,5.475128756159917,0.1539868633678615
649,0.086,1,36,1,14573,591037,373,107583,5.4747952869687655,0.15399358735793423
650,0.0861111111111111,0,1,0,14574,591036,373,107583,5.474786023935677,0.15399380778364172
651,0.0861666666666666,0,2,0,14576,591034,373,107583,5.474767497869502,0.15399424863694985
652,0.0861904761904761,0,3,0,14579,591031,373,107583,5.474739708770239,0.15399490992164486
653,0.08625,0,4,0,14583,591027,373,107583,5.47470265663789,0.15399579164340618
654,0.0862619047619047,0,2,0,14585,591025,373,107583,5.474684130571714,0.1539962325080732
655,0.0863333333333333,0,5,0,14590,591020,373,107583,5.474637815406276,0.15399733468078436
656,0.0863636363636363,0,2,0,14592,591018,373,107583,5.474619289340102,0.15399777555428634
657,0.0864285714285714,0,1,0,14593,591017,373,107583,5.474610026307014,0.15399799599198397
658,0.0865,0,2,0,14595,591015,373,107583,5.474591500240839,0.15399843686927245
659,0.0866666666666666,3,208,3,14803,590807,376,107580,5.472664789358627,0.1540406679963974
660,0.0867857142857142,0,2,0,14805,590805,376,107580,5.472646263292453,0.15404110913035074
661,0.0868095238095238,0,1,0,14806,590804,376,107580,5.472637000259365,0.1540413296982749
662,0.0868333333333333,0,7,0,14813,590797,376,107580,5.472572159027752,0.15404287369143027
663,0.0868571428571428,0,1,0,14814,590796,376,107580,5.472562895994664,0.1540430942644077
664,0.0869444444444444,0,1,0,14815,590795,376,107580,5.472553632961577,0.15404331483801684
665,0.0869523809523809,0,2,0,14817,590793,376,107580,5.472535106895402,0.15404375598713008
666,0.087,0,11,0,14828,590782,376,107580,5.472433213531438,0.15404618235241896
667,0.087047619047619,0,1,0,14829,590781,376,107580,5.472423950498351,0.1540464029348718
668,0.0870833333333333,0,4,0,14833,590777,376,107580,5.472386898366001,0.15404728527100037
669,0.0871428571428571,0,4,0,14837,590773,376,107580,5.472349846233651,0.15404816761723655
670,0.0871666666666666,1,0,1,14837,590773,377,107579,5.472349846233651,0.15404695626274428
671,0.0872619047619047,0,7,0,14844,590766,377,107579,5.472285005002038,0.1540485003830485
672,0.0872857142857142,0,2,0,14846,590764,377,107579,5.472266478935863,0.154048941565964
673,0.0873333333333333,0,8,0,14854,590756,377,107579,5.472192374671162,0.1540507063228966
674,0.0875,2,102,2,14956,590654,379,107577,5.471247545296232,0.15407078746145617
675,0.0876190476190476,0,1,0,14957,590653,379,107577,5.471238282263144,0.15407100812053334
676,0.0876666666666666,1,3,1,14960,590650,380,107576,5.471210493163881,0.15407045856212745
677,0.0877499999999999,0,1,0,14961,590649,380,107576,5.471201230130794,0.1540706792223137
678,0.0878333333333333,0,6,0,14967,590643,380,107576,5.471145651932269,0.15407200319670475
679,0.0878571428571428,1,7,1,14974,590636,381,107575,5.471080810700656,0.1540723362994854
680,0.0879166666666666,0,2,0,14976,590634,381,107575,5.47106228463448,0.15407277763534988
681,0.0879761904761904,0,2,0,14978,590632,381,107575,5.471043758568306,0.15407321897374274
682,0.088,3,30,3,15008,590602,384,107572,5.470765867575679,0.15407620449916495
683,0.0880952380952381,0,1,0,15009,590601,384,107572,5.470756604542592,0.15407642518401599
684,0.0881904761904762,0,1,0,15010,590600,384,107572,5.470747341509504,0.1540766458694992
685,0.0882619047619047,0,1,0,15011,590599,384,107572,5.470738078476416,0.1540768665556146
686,0.0883333333333333,4,95,4,15106,590504,388,107568,5.469858090333099,0.15409298754283227
687,0.0884642857142857,0,1,0,15107,590503,388,107568,5.469848827300011,0.1540932082839711
688,0.0885,1,2,1,15109,590501,389,107567,5.469830301233836,0.15409243798598418
689,0.0885714285714285,0,3,0,15112,590498,389,107567,5.4698025121345735,0.1540931002127309
690,0.0885833333333333,0,1,0,15113,590497,389,107567,5.469793249101486,0.1540933209562447
691,0.0886666666666666,0,11,0,15124,590486,389,107567,5.469691355737523,0.15409574917663846
692,0.0886904761904761,0,1,0,15125,590485,389,107567,5.469682092704435,0.15409596992774177
693,0.0888333333333333,0,3,0,15128,590482,389,107567,5.469654303605172,0.15409663218484662
694,0.0888571428571428,0,1,0,15129,590481,389,107567,5.469645040572085,0.15409685293847988
695,0.0888636363636363,0,3,0,15132,590478,389,107567,5.4696172514728225,0.15409751520317458
696,0.0888888888888888,0,1,0,15133,590477,389,107567,5.469607988439734,0.15409773595933782
697,0.0889166666666666,1,0,1,15133,590477,390,107566,5.469607988439734,0.15409652413963038
698,0.0889999999999999,0,1,0,15134,590476,390,107566,5.469598725406647,0.15409674489500633
699,0.089,2,12,2,15146,590464,392,107564,5.469487569009597,0.15409697032210742
700,0.0891071428571428,0,1,0,15147,590463,392,107564,5.469478305976509,0.15409719108286643
701,0.0891190476190476,0,1,0,15148,590462,392,107564,5.469469042943421,0.15409741184425796
702,0.0891428571428571,0,2,0,15150,590460,392,107564,5.469450516877246,0.1540978533689386
703,0.0891666666666666,0,33,0,15183,590427,392,107564,5.469144836785357,0.15410513889147567
704,0.0892424242424242,0,1,0,15184,590426,392,107564,5.469135573752269,0.15410535967564004
705,0.0892857142857142,0,2,0,15186,590424,392,107564,5.469117047686094,0.1541058012458667
706,0.0893333333333333,0,4,0,15190,590420,392,107564,5.469079995553744,0.15410668439391162
707,0.0894047619047619,0,2,0,15192,590418,392,107564,5.469061469487569,0.15410712597172993
708,0.0894444444444444,0,1,0,15193,590417,392,107564,5.4690522064544815,0.15410734676158808
709,0.0894523809523809,0,3,0,15196,590414,392,107564,5.469024417355219,0.1541080091349584
710,0.0895,0,6,0,15202,590408,392,107564,5.468968839156694,0.15410933389878104
711,0.0895238095238095,0,2,0,15204,590406,392,107564,5.468950313090518,0.1541097754917833
712,0.0896428571428571,0,1,0,15205,590405,392,107564,5.468941050057431,0.15410999628923347
713,0.0896666666666666,0,7,0,15212,590398,392,107564,5.468876208825818,0.15411154188909998
714,0.0897619047619047,0,1,0,15213,590397,392,107564,5.468866945792731,0.1541117626916117
715,0.0898333333333333,1,7,1,15220,590390,393,107563,5.468802104561117,0.1541120963732515
716,0.0898571428571428,2,8,2,15228,590382,395,107561,5.468728000296417,0.15411143889973822
717,0.09,42,1479,42,16707,588903,437,107519,5.455027974359925,0.1543877131968835
718,0.0900238095238095,0,1,0,16708,588902,437,107519,5.4550187113268365,0.15438793488421515
719,0.0901190476190476,1,2,1,16710,588900,438,107518,5.455000185260662,0.1543871640307976
720,0.0901666666666666,0,5,0,16715,588895,438,107518,5.454953870095224,0.15438827247624615
721,0.0901904761904762,0,1,0,16716,588894,438,107518,5.454944607062137,0.15438849416724582
722,0.0902380952380952,0,2,0,16718,588892,438,107518,5.454926080995961,0.1543889375511552
723,0.0902857142857142,0,1,0,16719,588891,438,107518,5.454916817962874,0.1543891592440649
724,0.0903333333333333,0,7,0,16726,588884,438,107518,5.454851976731261,0.15439071111225988
725,0.0903571428571428,0,2,0,16728,588882,438,107518,5.4548334506650855,0.15439115450890292
726,0.0904166666666666,0,3,0,16731,588879,438,107518,5.454805661565823,0.15439181960864276
727,0.0905,0,3,0,16734,588876,438,107518,5.45477787246656,0.154392484714113
728,0.0905555555555555,0,1,0,16735,588875,438,107518,5.454768609433473,0.1543927064172098
729,0.0906666666666666,0,6,0,16741,588869,438,107518,5.454713031234948,0.15439403664916204
730,0.0907142857142857,0,3,0,16744,588866,438,107518,5.454685242135685,0.15439470177373404
731,0.0907222222222222,0,4,0,16748,588862,438,107518,5.454648190003335,0.15439558861541114
732,0.09075,0,1,0,16749,588861,438,107518,5.454638926970247,0.15439581032742228
733,0.0908333333333333,1,32,1,16781,588829,439,107517,5.454342509911445,0.15440169111332586
734,0.091,1,8,1,16789,588821,440,107516,5.4542684056467445,0.1544022506343911
735,0.091047619047619,0,1,0,16790,588820,440,107516,5.454259142613657,0.15440247236966062
736,0.0910833333333333,0,1,0,16791,588819,440,107516,5.45424987958057,0.154402694105567
737,0.091095238095238,0,1,0,16792,588818,440,107516,5.454240616547482,0.15440291584211024
738,0.0911666666666666,0,1,0,16793,588817,440,107516,5.454231353514395,0.15440313757929036
739,0.0911904761904761,0,3,0,16796,588814,440,107516,5.454203564415132,0.15440380279465196
740,0.09125,0,1,0,16797,588813,440,107516,5.454194301382045,0.15440402453437957
741,0.0913333333333333,0,6,0,16803,588807,440,107516,5.454138723183519,0.15440535498611996
742,0.0913888888888889,0,1,0,16804,588806,440,107516,5.4541294601504315,0.1544055767303058
743,0.0913939393939394,0,2,0,16806,588804,440,107516,5.454110934084256,0.15440602022058825
744,0.0914285714285714,0,6,0,16812,588798,440,107516,5.454055355885731,0.1544073507067214
745,0.0915,0,2,0,16814,588796,440,107516,5.4540368298195565,0.15440779420719447
746,0.0916190476190476,0,1,0,16815,588795,440,107516,5.454027566786468,0.1544080159583864
747,0.0916363636363636,0,1,0,16816,588794,440,107516,5.454018303753381,0.15440823771021528
748,0.0916666666666666,2,99,2,16915,588695,442,107514,5.453101263477713,0.15442776522567217
749,0.0917857142857143,0,2,0,16917,588693,442,107514,5.453082737411538,0.15442820885167774
750,0.0918333333333333,0,1,0,16918,588692,442,107514,5.45307347437845,0.15442843066563633
751,0.0918571428571428,0,1,0,16919,588691,442,107514,5.453064211345363,0.1544286524802321
752,0.0919285714285714,0,4,0,16923,588687,442,107514,5.453027159213013,0.15442953974498744
753,0.092,0,32,0,16955,588655,442,107514,5.452730742154211,0.15443663823008494
754,0.0920238095238095,1,2,1,16957,588653,443,107513,5.4527122160880355,0.15443586730751
755,0.0921666666666666,0,3,0,16960,588650,443,107513,5.452684426988773,0.15443653282349104
756,0.0922857142857142,0,3,0,16963,588647,443,107513,5.45265663788951,0.154437198345208
757,0.0923095238095238,0,3,0,16966,588644,443,107513,5.452628848790248,0.1544378638726609
758,0.0923333333333333,1,6,1,16972,588638,444,107512,5.4525732705917225,0.15443798032033326
759,0.0923611111111111,0,1,0,16973,588637,444,107512,5.452564007558635,0.1544382021664902
760,0.0923809523809523,0,3,0,16976,588634,444,107512,5.452536218459373,0.15443886770878523
761,0.0924166666666666,0,2,0,16978,588632,444,107512,5.452517692393197,0.15443931140683537
762,0.0925,3,108,3,17086,588524,447,107509,5.451517284819741,0.15445963050602485
763,0.092595238095238,0,1,0,17087,588523,447,107509,5.451508021786654,0.15445985242057836
764,0.0926666666666666,0,1,0,17088,588522,447,107509,5.451498758753567,0.15446007433576953
765,0.0927777777777777,0,3,0,17091,588519,447,107509,5.451470969654304,0.154460740085169
766,0.0928333333333333,0,1,0,17092,588518,447,107509,5.451461706621216,0.15446096200291082
767,0.0928571428571428,0,5,0,17097,588513,447,107509,5.451415391455778,0.15446207160118502
768,0.0929761904761904,0,4,0,17101,588509,447,107509,5.451378339323428,0.1544629592912827
769,0.0929999999999999,0,1,0,17102,588508,447,107509,5.451369076290341,0.15446318121540134
770,0.093,0,6,0,17108,588502,447,107509,5.451313498091815,0.154464512773505
771,0.0931666666666666,0,3,0,17111,588499,447,107509,5.451285708992552,0.15446517856116596
772,0.0933333333333333,6,225,6,17336,588274,453,107503,5.449201526547853,0.1545078379998189
773,0.0935,0,7,0,17343,588267,453,107503,5.4491366853162395,0.1545093924716501
774,0.0935714285714285,0,1,0,17344,588266,453,107503,5.449127422283152,0.15450961454160791
775,0.0936666666666666,0,8,0,17352,588258,453,107503,5.449053318018452,0.154511391124251
776,0.09375,0,3,0,17355,588255,453,107503,5.449025528919189,0.15451205735327514
777,0.0938095238095238,0,1,0,17356,588254,453,107503,5.449016265886102,0.15451227943089327
778,0.0938333333333333,0,3,0,17359,588251,453,107503,5.448988476786839,0.1545129456675779
779,0.0939285714285714,0,1,0,17360,588250,453,107503,5.448979213753751,0.15451316774774956
780,0.0939999999999999,0,4,0,17364,588246,453,107503,5.448942161621401,0.15451405607482008
781,0.094,3,54,3,17418,588192,456,107500,5.448441957834674,0.15452240359239433
782,0.0940238095238095,0,1,0,17419,588191,456,107500,5.4484326948015855,0.1545226257059528
783,0.094047619047619,0,1,0,17420,588190,456,107500,5.448423431768498,0.15452284782014977
784,0.094095238095238,1,0,1,17420,588190,457,107499,5.448423431768498,0.15452163251107895
785,0.0941071428571428,0,3,0,17423,588187,457,107499,5.448395642669236,0.15452229885321825
786,0.0941190476190476,0,1,0,17424,588186,457,107499,5.4483863796361485,0.1545225209685418
787,0.0941666666666666,0,39,0,17463,588147,457,107499,5.448025121345734,0.1545311839642577
788,0.0942857142857142,1,12,1,17475,588135,458,107498,5.4479139649486825,0.15453263430573305
789,0.0943333333333333,0,8,0,17483,588127,458,107498,5.447839860683982,0.15453441150044925
790,0.0944047619047619,0,2,0,17485,588125,458,107498,5.4478213346178075,0.15453485580551535
791,0.0944444444444444,0,1,0,17486,588124,458,107498,5.447812071584719,0.15453507795900648
792,0.0944999999999999,0,2,0,17488,588122,458,107498,5.447793545518545,0.1545355222679049
793,0.0945454545454545,1,0,1,17488,588122,459,107497,5.447793545518545,0.15453430685475814
794,0.0946428571428571,0,4,0,17492,588118,459,107497,5.447756493386194,0.15453519547450817
795,0.0946666666666666,0,2,0,17494,588116,459,107497,5.44773796732002,0.15453563978821558
796,0.0947619047619047,0,2,0,17496,588114,459,107497,5.447719441253844,0.15453608410447794
797,0.0948333333333333,0,6,0,17502,588108,459,107497,5.447663863055319,0.15453741706859497
798,0.0948571428571428,1,1,1,17503,588107,460,107496,5.447654600022231,0.1545364237934569
799,0.0948888888888888,0,1,0,17504,588106,460,107496,5.447645336989144,0.15453664595558955
800,0.0949285714285714,1,0,1,17504,588106,461,107495,5.447645336989144,0.1545354305126071
801,0.0949999999999999,1,2,1,17506,588104,462,107494,5.447626810922968,0.15453465938659974
802,0.095,16,459,16,17965,587645,478,107478,5.443375078735781,0.15461724040205835
803,0.0951666666666666,0,1,0,17966,587644,478,107478,5.443365815702694,0.15461746283386227
804,0.0953333333333333,0,9,0,17975,587635,478,107478,5.443282448404906,0.15461946474889693
805,0.0953571428571428,0,5,0,17980,587630,478,107478,5.443236133239468,0.15462057694631626
806,0.0953846153846153,0,1,0,17981,587629,478,107478,5.44322687020638,0.15462079938772016
807,0.0954444444444444,1,1,1,17982,587628,479,107477,5.443217607173293,0.1546198056408744
808,0.0954920634920634,0,1,0,17983,587627,479,107477,5.4432083441402055,0.1546200280821287
809,0.0955,0,1,0,17984,587626,479,107477,5.443199081107117,0.15462025052402306
810,0.0955238095238095,0,1,0,17985,587625,479,107477,5.44318981807403,0.15462047296655743
811,0.0955555555555555,0,1,0,17986,587624,479,107477,5.443180555040943,0.15462069540973183
812,0.0956666666666666,0,6,0,17992,587618,479,107477,5.443124976842418,0.15462203008221898
813,0.0957142857142857,0,6,0,17998,587612,479,107477,5.443069398643892,0.15462336477774788
814,0.0958333333333333,0,22,0,18020,587590,479,107477,5.442865611915966,0.15462825885849854
815,0.0959090909090909,0,1,0,18021,587589,479,107477,5.442856348882878,0.1546284813240757
816,0.0959285714285714,0,1,0,18022,587588,479,107477,5.442847085849791,0.154628703790293
817,0.096,4,31,4,18053,587557,483,107473,5.442559931824077,0.15463073536394112
818,0.0960555555555555,1,2,1,18055,587555,484,107472,5.442541405757901,0.15462996401578644
819,0.0961666666666666,0,3,0,18058,587552,484,107472,5.442513616658639,0.15463063146020856
820,0.0961904761904761,0,3,0,18061,587549,484,107472,5.442485827559376,0.15463129891039262
821,0.0961904761904762,0,1,0,18062,587548,484,107472,5.442476564526289,0.15463152139506778
822,0.09625,0,6,0,18068,587542,484,107472,5.442420986327763,0.1546328563165634
823,0.0963333333333333,1,6,1,18074,587536,485,107471,5.442365408129238,0.15463297491967706
824,0.0964285714285714,0,3,0,18077,587533,485,107471,5.442337619029975,0.15463364239630276
825,0.0964523809523809,0,3,0,18080,587530,485,107471,5.442309829930712,0.1546343098786908
826,0.0965,0,12,0,18092,587518,485,107471,5.442198673533662,0.15463697986586838
827,0.0966190476190476,0,2,0,18094,587516,485,107471,5.442180147467487,0.15463742487269547
828,0.0966666666666666,5,214,5,18308,587302,490,107466,5.4401978583867505,0.15467897197337815
829,0.0966792929292929,0,1,0,18309,587301,490,107466,5.440188595353662,0.1546791946076886
830,0.0968333333333333,0,3,0,18312,587298,490,107466,5.4401608062544,0.15467986251446533
831,0.0968465423465423,0,2,0,18314,587296,490,107466,5.440142280188224,0.1546803077888543
832,0.0969999999999999,0,23,0,18337,587273,490,107466,5.439929230427211,0.15468542862859289
833,0.0970454545454545,0,3,0,18340,587270,490,107466,5.439901441327948,0.15468609658920798
834,0.0970833333333333,0,2,0,18342,587268,490,107466,5.439882915261773,0.15468654189948958
835,0.0971428571428571,0,3,0,18345,587265,490,107466,5.43985512616251,0.15468720986971937
836,0.0971666666666666,0,2,0,18347,587263,490,107466,5.439836600096336,0.1546876551864108
837,0.0972619047619047,0,2,0,18349,587261,490,107466,5.4398180740301605,0.15468810050566625
838,0.0972727272727272,0,1,0,18350,587260,490,107466,5.439808810997073,0.15468832316625547
839,0.0973333333333333,0,11,0,18361,587249,490,107466,5.43970691763311,0.15469077247504373
840,0.0973571428571428,0,1,0,18362,587248,490,107466,5.439697654600022,0.15469099514332516
841,0.0973809523809523,0,2,0,18364,587246,490,107466,5.4396791285338475,0.15469144048181116
842,0.0974523809523809,0,1,0,18365,587245,490,107466,5.439669865500759,0.15469166315201574
843,0.0974999999999999,0,2,0,18367,587243,490,107466,5.439651339434585,0.154692108494348
844,0.0975,5,84,5,18451,587159,495,107461,5.4388732446552295,0.15470473064409318
845,0.0976190476190476,0,3,0,18454,587156,495,107461,5.438845455555967,0.15470539880250556
846,0.0976666666666666,1,8,1,18462,587148,496,107460,5.438771351291267,0.15470596365144082
847,0.09775,0,1,0,18463,587147,496,107460,5.438762088258179,0.15470618637589312
848,0.0977777777777777,0,2,0,18465,587145,496,107460,5.438743562192004,0.15470663182672167
849,0.0978333333333333,0,2,0,18467,587143,496,107460,5.438725036125829,0.1547070772801154
850,0.0978571428571428,0,5,0,18472,587138,496,107460,5.438678720960391,0.1547081909248227
851,0.0979166666666666,0,1,0,18473,587137,496,107460,5.438669457927304,0.15470841365568813
852,0.098,2,27,2,18500,587110,498,107458,5.43841935603394,0.1547119936420912
853,0.0980238095238095,0,2,0,18502,587108,498,107458,5.438400829967764,0.15471243913465388
854,0.098095238095238,0,1,0,18503,587107,498,107458,5.438391566934677,0.1547126618818973
855,0.0980952380952381,0,1,0,18504,587106,498,107458,5.43838230390159,0.15471288462978214
856,0.0981666666666666,1,1,1,18505,587105,499,107457,5.438373040868502,0.15471189037119795
857,0.0982579365079364,0,3,0,18508,587102,499,107457,5.438345251769239,0.15471255861633065
858,0.0982698412698412,0,1,0,18509,587101,499,107457,5.438335988736152,0.15471278136599104
859,0.0982857142857143,0,1,0,18510,587100,499,107457,5.438326725703064,0.15471300411629282
860,0.0983333333333333,2,103,2,18613,586997,501,107455,5.4373726332950465,0.1547335164993405
861,0.0984285714285714,0,4,0,18617,586993,501,107455,5.437335581162696,0.15473440775983227
862,0.0984722222222222,0,1,0,18618,586992,501,107455,5.4373263181296085,0.15473463057655948
863,0.0984999999999999,0,2,0,18620,586990,501,107455,5.437307792063433,0.15473507621193902
864,0.0985238095238095,0,1,0,18621,586989,501,107455,5.437298529030346,0.15473529903059138
865,0.0985714285714285,0,3,0,18624,586986,501,107455,5.437270739931083,0.15473596749039875
866,0.0986666666666666,0,7,0,18631,586979,501,107455,5.43720589869947,0.15473752725240988
867,0.0987380952380952,0,1,0,18632,586978,501,107455,5.437196635666383,0.1547377500781213
868,0.09875,0,2,0,18634,586976,501,107455,5.437178109600207,0.15473819573146935
869,0.0988333333333333,0,1,0,18635,586975,501,107455,5.43716884656712,0.15473841855910603
870,0.0988571428571428,0,1,0,18636,586974,501,107455,5.437159583534032,0.15473864138738447
871,0.0988888888888888,0,1,0,18637,586973,501,107455,5.437150320500945,0.15473886421630464
872,0.0989285714285714,0,1,0,18638,586972,501,107455,5.437141057467858,0.15473908704586659
873,0.0989848484848484,0,1,0,18639,586971,501,107455,5.4371317944347695,0.15473930987607032
874,0.099,1,15,1,18654,586956,502,107454,5.4369928489384565,0.15474143517518468
875,0.0991666666666666,0,21,0,18675,586935,502,107454,5.436798325243617,0.154746114929816
876,0.09925,0,1,0,18676,586934,502,107454,5.43678906221053,0.15474633778233496
877,0.0992619047619047,0,1,0,18677,586933,502,107454,5.436779799177443,0.15474656063549577
878,0.0992857142857142,0,1,0,18678,586932,502,107454,5.436770536144355,0.15474678348929846
879,0.0993333333333333,0,21,0,18699,586911,502,107454,5.436576012449517,0.1547514635674321
880,0.0994999999999999,0,2,0,18701,586909,502,107454,5.436557486383341,0.15475190930392316
881,0.0995238095238095,0,1,0,18702,586908,502,107454,5.436548223350254,0.1547521321731316
882,0.0995833333333333,0,1,0,18703,586907,502,107454,5.436538960317166,0.15475235504298196
883,0.0996666666666666,0,3,0,18706,586904,502,107454,5.436511171217903,0.15475302365638474
884,0.0997619047619047,0,1,0,18707,586903,502,107454,5.436501908184816,0.1547532465288029
885,0.0998333333333333,0,3,0,18710,586900,502,107454,5.4364741190855534,0.15475391514990913
886,0.0999999999999999,0,6,0,18716,586894,502,107454,5.436418540887028,0.15475525240945462
887,0.1,46,1766,46,20482,585128,548,107408,5.420060024454408,0.15509374241916665
888,0.1001666666666666,0,4,0,20486,585124,548,107408,5.420022972322057,0.15509463822610364
889,0.1002777777777777,0,1,0,20487,585123,548,107408,5.42001370928897,0.15509486217945478
890,0.1003333333333333,0,4,0,20491,585119,548,107408,5.419976657156619,0.1550957579993271
891,0.1003571428571428,0,1,0,20492,585118,548,107408,5.419967394123532,0.15509598195591212
892,0.1004166666666666,0,2,0,20494,585116,548,107408,5.419948868057356,0.1550964298710225
893,0.1004761904761904,0,1,0,20495,585115,548,107408,5.419939605024269,0.1550966538295479
894,0.1005,0,5,0,20500,585110,548,107408,5.419893289858831,0.1550977736318767
895,0.1006666666666666,0,10,0,20510,585100,548,107408,5.419800659527956,0.15510001328504508
896,0.1007142857142857,0,1,0,20511,585099,548,107408,5.419791396494868,0.15510023725391944
897,0.1008333333333333,1,27,1,20538,585072,549,107407,5.419541294601505,0.1551050645579144
898,0.1009523809523809,0,3,0,20541,585069,549,107407,5.419513505502242,0.1551057365165002
899,0.1009999999999999,1,17,1,20558,585052,550,107406,5.419356033939753,0.15510832425937746
900,0.101,0,3,0,20561,585049,550,107406,5.41932824484049,0.15510899625246405
901,0.101095238095238,0,1,0,20562,585048,550,107406,5.419318981807403,0.15510922025145352
902,0.1011666666666666,0,7,0,20569,585041,550,107406,5.419254140575791,0.1551107882624952
903,0.1011904761904761,1,1,1,20570,585040,551,107405,5.4192448775427025,0.15510979211345305
904,0.10125,0,3,0,20573,585037,551,107405,5.41921708844344,0.1551104641255152
905,0.1013333333333333,0,5,0,20578,585032,551,107405,5.419170773278002,0.15511158415855883
906,0.1014285714285714,0,2,0,20580,585030,551,107405,5.419152247211827,0.15511203217630537
907,0.1014999999999999,0,1,0,20581,585029,551,107405,5.419142984178739,0.15511225618614916
908,0.1015,0,5,0,20586,585024,551,107405,5.419096669013301,0.15511337624507351
909,0.1015555555555555,0,2,0,20588,585022,551,107405,5.419078142947127,0.15511382427317247
910,0.1016666666666666,2,115,2,20703,584907,553,107403,5.418012894142058,0.15513714954283486
911,0.1018333333333333,0,2,0,20705,584905,553,107403,5.417994368075883,0.15513759771662325
912,0.1018571428571428,1,4,1,20709,584901,554,107402,5.417957315943532,0.15513727370818847
913,0.1019166666666666,0,1,0,20710,584900,554,107402,5.417948052910445,0.15513749779720412
914,0.1019523809523809,1,3,1,20713,584897,555,107401,5.417920263811182,0.1551369496950735
915,0.102,1,47,1,20760,584850,556,107400,5.417484901256067,0.1551462621885157
916,0.1020238095238095,0,2,0,20762,584848,556,107400,5.417466375189893,0.15514671042747685
917,0.1020357142857142,0,1,0,20763,584847,556,107400,5.4174571121568045,0.1551469345479287
918,0.1020833333333333,0,1,0,20764,584846,556,107400,5.417447849123717,0.15514715866902806
919,0.1021190476190476,0,1,0,20765,584845,556,107400,5.417438586090629,0.15514738279077495
920,0.1021428571428571,0,1,0,20766,584844,556,107400,5.417429323057542,0.15514760691316934
921,0.1021666666666666,0,7,0,20773,584837,556,107400,5.4173644818259294,0.15514917578806103
922,0.1022222222222222,0,1,0,20774,584836,556,107400,5.417355218792841,0.1551493999156357
923,0.1023333333333333,0,10,0,20784,584826,556,107400,5.417262588461966,0.15515164122699812
924,0.1023809523809523,0,3,0,20787,584823,556,107400,5.417234799362704,0.15515231363303444
925,0.1024999999999999,1,2,1,20789,584821,557,107399,5.417216273296528,0.15515154141746842
926,0.1025,3,125,3,20914,584696,560,107396,5.416058394160584,0.1551759014697468
927,0.1026190476190476,0,3,0,20917,584693,560,107396,5.416030605061321,0.15517657411113311
928,0.1026666666666666,1,11,1,20928,584682,561,107395,5.415928711697358,0.15517781980906747
929,0.1027460317460317,0,1,0,20929,584681,561,107395,5.415919448664271,0.15517804402984645
930,0.10275,0,1,0,20930,584680,561,107395,5.415910185631183,0.15517826825127334
931,0.1028333333333333,0,5,0,20935,584675,561,107395,5.415863870465746,0.1551793893681275
932,0.1028571428571428,1,12,1,20947,584663,562,107394,5.415752714068694,0.15518085938007997
933,0.1029444444444444,0,2,0,20949,584661,562,107394,5.41573418800252,0.15518130784402973
934,0.103,1,15,1,20964,584646,563,107393,5.415595242506206,0.15518345064367758
935,0.103095238095238,0,1,0,20965,584645,563,107393,5.415585979473119,0.15518367488490517
936,0.1031071428571428,0,1,0,20966,584644,563,107393,5.4155767164400315,0.1551838991267808
937,0.1031428571428571,0,1,0,20967,584643,563,107393,5.415567453406943,0.15518412336930448
938,0.1031666666666666,0,2,0,20969,584641,563,107393,5.415548927340769,0.15518457185629608
939,0.1032142857142857,0,2,0,20971,584639,563,107393,5.4155304012745935,0.15518502034587997
940,0.10325,0,2,0,20973,584637,563,107393,5.415511875208418,0.15518546883805615
941,0.1033333333333333,12,246,12,21219,584391,575,107381,5.41323316906888,0.15522599931769426
942,0.1034285714285714,0,2,0,21221,584389,575,107381,5.413214643002704,0.15522644809691083
943,0.1034920634920635,0,1,0,21222,584388,575,107381,5.413205379969617,0.15522667248749222
944,0.1035,0,18,0,21240,584370,575,107381,5.413038645374042,0.15523071162889537
945,0.1035555555555555,0,2,0,21242,584368,575,107381,5.413020119307866,0.15523116043536023
946,0.1035833333333333,1,1,1,21243,584367,576,107380,5.413010856274779,0.15523016362918812
947,0.1036190476190476,0,1,0,21244,584366,576,107380,5.413001593241691,0.15523038803260156
948,0.1036547619047619,0,2,0,21246,584364,576,107380,5.412983067175516,0.15523083684137484
949,0.1036666666666666,0,3,0,21249,584361,576,107380,5.412955278076253,0.15523151005940083
950,0.1037142857142857,0,1,0,21250,584360,576,107380,5.412946015043166,0.15523173446670716
951,0.10375,1,6,1,21256,584354,577,107379,5.41289043684464,0.1552318596915284
952,0.1037857142857142,0,1,0,21257,584353,577,107379,5.412881173811553,0.15523208410193542
953,0.1038095238095238,0,1,0,21258,584352,577,107379,5.412871910778465,0.15523230851299133
954,0.1038333333333333,0,2,0,21260,584350,577,107379,5.412853384712291,0.15523275733704964
955,0.1038571428571428,1,1,1,21261,584349,578,107378,5.4128441216792025,0.15523176050667387
956,0.1039523809523809,0,2,0,21263,584347,578,107378,5.412825595613027,0.15523220933174312
957,0.1039999999999999,0,3,0,21266,584344,578,107378,5.4127978065137645,0.15523288257421333
958,0.104,4,57,4,21323,584287,582,107374,5.412269813627774,0.15524078992454396
959,0.1041190476190476,0,1,0,21324,584286,582,107374,5.412260550594687,0.15524101437122287
960,0.1041666666666666,4,44,4,21368,584242,586,107370,5.411852977138834,0.15524600498545427
961,0.1042857142857142,0,6,0,21374,584236,586,107370,5.411797398940309,0.1552473518159183
962,0.1043333333333333,0,5,0,21379,584231,586,107370,5.411751083774871,0.1552484741924896
963,0.1043571428571428,0,1,0,21380,584230,586,107370,5.411741820741784,0.1552486986697513
964,0.1044285714285714,0,1,0,21381,584229,586,107370,5.411732557708696,0.15524892314766214
965,0.1044999999999999,0,4,0,21385,584225,586,107370,5.411695505576346,0.15524982106579718
966,0.1045,0,4,0,21389,584221,586,107370,5.411658453443995,0.1552507189943189
967,0.1045238095238095,0,2,0,21391,584219,586,107370,5.411639927377821,0.15525116796247482
968,0.1045833333333333,0,2,0,21393,584217,586,107370,5.4116214013116455,0.15525161693322748
969,0.1046111111111111,0,1,0,21394,584216,586,107370,5.411612138278558,0.1552518414195776
970,0.1046666666666666,0,5,0,21399,584211,586,107370,5.41156582311312,0.15525296386106616
971,0.1047619047619047,0,2,0,21401,584209,586,107370,5.411547297046945,0.15525341284220603
972,0.1048333333333333,0,4,0,21405,584205,586,107370,5.411510244914595,0.15525431081227634
973,0.1049999999999999,0,6,0,21411,584199,586,107370,5.41145466671607,0.15525565778685857
974,0.105,19,483,19,21894,583716,605,107351,5.406980621734781,0.1553409437869266
975,0.1051666666666666,0,3,0,21897,583713,605,107351,5.406952832635518,0.1553416181424586
976,0.1052619047619047,0,4,0,21901,583709,605,107351,5.406915780503168,0.15534251729227563
977,0.1052857142857142,0,1,0,21902,583708,605,107351,5.40690651747008,0.1553427420813563
978,0.1053333333333333,0,8,0,21910,583700,605,107351,5.40683241320538,0.15534454041742216
979,0.1054166666666666,0,1,0,21911,583699,605,107351,5.4068231501722925,0.15534476521235802
980,0.1054761904761904,0,1,0,21912,583698,605,107351,5.406813887139205,0.15534499000794444
981,0.1054999999999999,0,1,0,21913,583697,605,107351,5.406804624106117,0.15534521480418148
982,0.1055,0,4,0,21917,583693,605,107351,5.406767571973767,0.15534611399563558
983,0.1055555555555555,0,3,0,21920,583690,605,107351,5.406739782874505,0.15534678839605753
984,0.1056666666666666,1,16,1,21936,583674,606,107350,5.406591574345104,0.15534916298131468
985,0.1057142857142857,0,7,0,21943,583667,606,107350,5.40652673311349,0.15535073666783886
986,0.1057857142857142,0,6,0,21949,583661,606,107350,5.406471154914965,0.1553520855673788
987,0.1058333333333333,3,33,3,21982,583628,609,107347,5.406165474823076,0.15535583776547632
988,0.106,2,72,2,22054,583556,611,107345,5.405498536440772,0.15536958261748066
989,0.1060238095238095,0,4,0,22058,583552,611,107345,5.405461484308422,0.1553704821413322
990,0.1061904761904762,1,0,1,22058,583552,612,107344,5.405461484308422,0.15536925962807716
991,0.10625,2,3,2,22061,583549,614,107342,5.405433695209159,0.15536748922767846
992,0.1063333333333333,0,7,0,22068,583542,614,107342,5.405368853977547,0.15536906340282883
993,0.1064285714285714,0,5,0,22073,583537,614,107342,5.405322538812109,0.15537018783318063
994,0.1064999999999999,0,3,0,22076,583534,614,107342,5.405294749712846,0.1553708624992039
995,0.1065,1,6,1,22082,583528,615,107341,5.405239171514321,0.1553709892902996
996,0.1065555555555555,0,1,0,22083,583527,615,107341,5.405229908481233,0.15537121418273825
997,0.1066666666666666,4,236,4,22319,583291,619,107337,5.40304383267257,0.1554194153726753
998,0.1067857142857142,0,1,0,22320,583290,619,107337,5.403034569639483,0.155419640413711
999,0.1068333333333333,0,1,0,22321,583289,619,107337,5.403025306606395,0.15541986545539843
1000,0.1068571428571428,0,1,0,22322,583288,619,107337,5.403016043573308,0.15542009049773756
1001,0.1069166666666666,0,1,0,22323,583287,619,107337,5.40300678054022,0.15542031554072838
1002,0.1069444444444444,0,2,0,22325,583285,619,107337,5.402988254474045,0.15542076562866516
1003,0.107,5,29,5,22354,583256,624,107332,5.402719626514506,0.15542117731556296
1004,0.1070833333333333,0,2,0,22356,583254,624,107332,5.402701100448331,0.15542162742945845
1005,0.1071428571428571,0,5,0,22361,583249,624,107332,5.402654785282893,0.15542275272560352
1006,0.1071666666666666,0,3,0,22364,583246,624,107332,5.40262699618363,0.15542342791111213
1007,0.1072222222222222,0,2,0,22366,583244,624,107332,5.402608470117455,0.1554238780380436
1008,0.1073333333333333,1,14,1,22380,583230,625,107331,5.402478787654229,0.15542580597514194
1009,0.1074231601731601,0,1,0,22381,583229,625,107331,5.402469524621142,0.155426031047266
1010,0.1074999999999999,0,2,0,22383,583227,625,107331,5.402450998554967,0.15542648119346963
1011,0.1075,7,111,7,22494,583116,632,107324,5.401422801882248,0.15544290597300273
1012,0.1076190476190476,0,4,0,22498,583112,632,107324,5.401385749749898,0.1554438065222555
1013,0.1076666666666666,0,10,0,22508,583102,632,107324,5.401293119419022,0.1554460579410393
1014,0.1076785714285714,0,1,0,22509,583101,632,107324,5.401283856385935,0.15544628308650468
1015,0.1078333333333333,0,7,0,22516,583094,632,107324,5.4012190151543225,0.15544785912302403
1016,0.1078571428571428,0,4,0,22520,583090,632,107324,5.401181963021972,0.15544875972966946
1017,0.1079523809523809,0,1,0,22521,583089,632,107324,5.4011726999888845,0.15544898488296136
1018,0.1079642857142857,0,2,0,22523,583087,632,107324,5.401154173922709,0.15544943519150187
1019,0.1079999999999999,0,2,0,22525,583085,632,107324,5.401135647856534,0.15544988550265132
1020,0.108,0,29,0,22554,583056,632,107324,5.400867019896995,0.1554564153075118
1021,0.1080079365079365,0,2,0,22556,583054,632,107324,5.40084849383082,0.1554568656591027
1022,0.108095238095238,0,1,0,22557,583053,632,107324,5.400839230797732,0.15545709083587664
1023,0.1080952380952381,0,1,0,22558,583052,632,107324,5.400829967764645,0.1554573160133029
1024,0.108103896103896,0,1,0,22559,583051,632,107324,5.400820704731557,0.1554575411913815
1025,0.1081666666666666,0,3,0,22562,583048,632,107324,5.4007929156322945,0.15545821672953133
1026,0.1081904761904761,0,2,0,22564,583046,632,107324,5.400774389566119,0.1554586670915596
1027,0.1082142857142857,0,3,0,22567,583043,632,107324,5.4007466004668565,0.15545934263949465
1028,0.1083333333333333,5,132,5,22699,582911,637,107319,5.3995238800992995,0.1554829549570433
1029,0.1085,0,10,0,22709,582901,637,107319,5.3994312497684245,0.15548520761496334
1030,0.1085714285714285,0,3,0,22712,582898,637,107319,5.399403460669162,0.15548588342506778
1031,0.1086666666666666,0,10,0,22722,582888,637,107319,5.399310830338286,0.1554881361678453
1032,0.1087023809523809,0,2,0,22724,582886,637,107319,5.399292304272111,0.1554885867242341
1033,0.10875,0,3,0,22727,582883,637,107319,5.399264515172848,0.15548926256371323
1034,0.1088095238095238,0,2,0,22729,582881,637,107319,5.3992459891066735,0.15548971312662996
1035,0.1088333333333333,0,1,0,22730,582880,637,107319,5.399236726073585,0.15548993840906752
1036,0.1089285714285714,0,1,0,22731,582879,637,107319,5.399227463040498,0.1554901636921579
1037,0.109,3,29,3,22760,582850,640,107316,5.3989588350809585,0.15549302631540818
1038,0.109047619047619,0,1,0,22761,582849,640,107316,5.398949572047871,0.15549325161374453
1039,0.1090555555555555,0,1,0,22762,582848,640,107316,5.398940309014784,0.1554934769127338
1040,0.1091190476190476,0,4,0,22766,582844,640,107316,5.398903256882433,0.15549437811521966
1041,0.1091666666666666,0,26,0,22792,582818,640,107316,5.398662418022157,0.15550023618601605
1042,0.1092261904761904,0,1,0,22793,582817,640,107316,5.39865315498907,0.1555004615052461
1043,0.1092297979797979,0,1,0,22794,582816,640,107316,5.398643891955982,0.1555006868251291
1044,0.10925,0,1,0,22795,582815,640,107316,5.398634628922895,0.1555009121456651
1045,0.1092857142857142,0,1,0,22796,582814,640,107316,5.398625365889807,0.15550113746685407
1046,0.1093333333333333,2,18,2,22814,582796,642,107314,5.398458631294231,0.1555027459390532
1047,0.1094999999999999,1,4,1,22818,582792,643,107313,5.398421579161881,0.15550242354424326
1048,0.1095238095238095,0,3,0,22821,582789,643,107313,5.398393790062618,0.15550309954180686
1049,0.1095833333333333,0,3,0,22824,582786,643,107313,5.398366000963356,0.15550377554524786
1050,0.1096666666666666,1,9,1,22833,582777,644,107312,5.398282633665567,0.1555045798440491
1051,0.1097023809523809,0,1,0,22834,582776,644,107312,5.39827337063248,0.15550480518426635
1052,0.10975,1,1,1,22835,582775,645,107311,5.398264107599393,0.1555038067719096
1053,0.1098333333333333,0,6,0,22841,582769,645,107311,5.398208529400867,0.15550515882216553
1054,0.1099285714285714,0,1,0,22842,582768,645,107311,5.398199266367779,0.1555053841661607
1055,0.1099999999999999,0,4,0,22846,582764,645,107311,5.3981622142354295,0.15550628554867224
1056,0.11,53,1833,53,24679,580931,698,107258,5.381183074585943,0.1558554408745272
1057,0.1100555555555555,0,1,0,24680,580930,698,107258,5.381173811552855,0.1558556673467134
1058,0.1101190476190476,0,3,0,24683,580927,698,107258,5.381146022453592,0.15585634676722102
1059,0.1101282051282051,0,1,0,24684,580926,698,107258,5.381136759420505,0.15585657324203991
1060,0.1101428571428571,0,2,0,24686,580924,698,107258,5.3811182333543295,0.15585702619365227
1061,0.1101666666666666,0,8,0,24694,580916,698,107258,5.381044129089629,0.15585883802642936
1062,0.1101746031746031,0,1,0,24695,580915,698,107258,5.381034866056542,0.1558590645084884
1063,0.1102222222222222,0,2,0,24697,580913,698,107258,5.381016339990366,0.15585951747458118
1064,0.1102380952380952,0,1,0,24698,580912,698,107258,5.381007076957279,0.15585974395861488
1065,0.1102857142857142,0,1,0,24699,580911,698,107258,5.380997813924191,0.1558599704433068
1066,0.1103333333333333,0,14,0,24713,580897,698,107258,5.380868131460965,0.15586314129810871
1067,0.1103571428571428,0,2,0,24715,580895,698,107258,5.380849605394791,0.15586359428789817
1068,0.1104285714285714,0,1,0,24716,580894,698,107258,5.380840342361703,0.15586382078378033
1069,0.1104523809523809,0,1,0,24717,580893,698,107258,5.380831079328615,0.15586404728032074
1070,0.1104545454545454,0,1,0,24718,580892,698,107258,5.380821816295528,0.15586427377751944
1071,0.1105,0,8,0,24726,580884,698,107258,5.380747712030828,0.15586608577880728
1072,0.1105555555555555,0,1,0,24727,580883,698,107258,5.3807384489977395,0.1558663122819306
1073,0.1105833333333333,0,2,0,24729,580881,698,107258,5.380719922931565,0.15586676529015214
1074,0.1105952380952381,0,1,0,24730,580880,698,107258,5.380710659898477,0.15586699179525038
1075,0.1106666666666666,0,9,0,24739,580871,698,107258,5.380627292600689,0.15586903037075897
1076,0.1107142857142857,0,3,0,24742,580868,698,107258,5.3805995035014265,0.15586970990777851
1077,0.1108333333333333,2,33,2,24775,580835,700,107256,5.380293823409537,0.1558747316851986
1078,0.1108571428571428,0,1,0,24776,580834,700,107256,5.38028456037645,0.15587495821767502
1079,0.1108730158730158,0,3,0,24779,580831,700,107256,5.380256771277187,0.15587563781905486
1080,0.1109523809523809,0,1,0,24780,580830,700,107256,5.380247508244099,0.15587586435416503
1081,0.111,0,19,0,24799,580811,700,107256,5.380071510615436,0.15588016864636728
1082,0.1111111111111111,0,1,0,24800,580810,700,107256,5.380062247582348,0.15588039519464703
1083,0.1111363636363636,0,1,0,24801,580809,700,107256,5.380052984549261,0.15588062174358527
1084,0.11125,0,8,0,24809,580801,700,107256,5.37997888028456,0.15588243415879788
1085,0.1113095238095238,0,2,0,24811,580799,700,107256,5.379960354218385,0.15588288726918634
1086,0.1113333333333333,0,7,0,24818,580792,700,107256,5.3798955129867725,0.15588447317629003
1087,0.1114285714285714,0,4,0,24822,580788,700,107256,5.379858460854422,0.15588537942340897
1088,0.1114791319791319,1,4,1,24826,580784,701,107255,5.379821408722072,0.15588505884114126
1089,0.1115,0,8,0,24834,580776,701,107255,5.379747304457371,0.15588687137643506
1090,0.111547619047619,0,2,0,24836,580774,701,107255,5.379728778391196,0.1558873245168445
1091,0.1115833333333333,0,1,0,24837,580773,701,107255,5.379719515358109,0.15588755108803712
1092,0.1116666666666666,2,102,2,24939,580671,703,107253,5.378774685983179,0.1559082107907269
1093,0.1118333333333333,0,3,0,24942,580668,703,107253,5.378746896883916,0.1559088907011125
1094,0.1119047619047619,0,3,0,24945,580665,703,107253,5.378719107784653,0.15590957061742824
1095,0.1119999999999999,0,41,0,24986,580624,703,107253,5.378339323428063,0.15591886340145114
1096,0.1121666666666666,0,2,0,24988,580622,703,107253,5.378320797361888,0.15591931673632564
1097,0.1121904761904762,0,2,0,24990,580620,703,107253,5.378302271295713,0.1559197700738363
1098,0.1122222222222222,0,3,0,24993,580617,703,107253,5.37827448219645,0.15592045008504513
1099,0.1123333333333333,1,6,1,24999,580611,704,107252,5.378218903997925,0.1559205830230729
1100,0.1123809523809523,0,3,0,25002,580608,704,107252,5.378191114898662,0.1559212630477132
1101,0.1124285714285714,0,1,0,25003,580607,704,107252,5.378181851865575,0.15592148972391146
1102,0.1124523809523809,0,1,0,25004,580606,704,107252,5.378172588832487,0.15592171640076877
1103,0.1124761904761904,1,4,1,25008,580602,705,107251,5.378135536700137,0.15592139599594682
1104,0.1125,4,142,4,25150,580460,709,107247,5.376820186001704,0.15594868163331185
1105,0.1126428571428571,0,2,0,25152,580458,709,107247,5.37680165993553,0.1559491351669684
1106,0.1126666666666666,0,9,0,25161,580449,709,107247,5.376718292637741,0.1559511761010679
1107,0.1126904761904761,0,1,0,25162,580448,709,107247,5.376709029604654,0.15595140287482095
1108,0.1127142857142857,0,1,0,25163,580447,709,107247,5.376699766571567,0.15595162964923354
1109,0.1128333333333333,0,3,0,25166,580444,709,107247,5.376671977472304,0.15595230997642837
1110,0.1128571428571428,0,14,0,25180,580430,709,107247,5.376542295009078,0.1559554849151564
1111,0.1129761904761904,0,1,0,25181,580429,709,107247,5.37653303197599,0.1559557117014408
1112,0.1129999999999999,0,1,0,25182,580428,709,107247,5.376523768942903,0.15595593848838477
1113,0.113,0,27,0,25209,580401,709,107247,5.376273667049539,0.15596206198520174
1114,0.113047619047619,0,2,0,25211,580399,709,107247,5.376255140983363,0.15596251559668783
1115,0.1130714285714285,0,2,0,25213,580397,709,107247,5.376236614917189,0.15596296921081257
1116,0.1131666666666666,0,3,0,25216,580394,709,107247,5.376208825817926,0.1559636496369472
1117,0.1131991341991341,0,1,0,25217,580393,709,107247,5.376199562784838,0.15596387644697807
1118,0.1132142857142857,0,2,0,25219,580391,709,107247,5.3761810367186635,0.15596433006901889
1119,0.1132499999999999,1,2,1,25221,580389,710,107246,5.376162510652488,0.15596355624713693
1120,0.1133095238095238,0,1,0,25222,580388,710,107246,5.3761532476194,0.15596378305901104
1121,0.1133333333333333,14,260,14,25482,580128,724,107232,5.373744859016637,0.15600558659217878
1122,0.1133571428571428,1,0,1,25482,580128,725,107231,5.373744859016637,0.15600435871211404
1123,0.1134999999999999,1,10,1,25492,580118,726,107230,5.373652228685761,0.15600540046672137
1124,0.1135,0,3,0,25495,580115,726,107230,5.373624439586498,0.15600608137107275
1125,0.113547619047619,1,0,1,25495,580115,727,107229,5.373624439586498,0.15600485346493168
1126,0.1135714285714285,0,1,0,25496,580114,727,107229,5.373615176553411,0.15600508043291342
1127,0.1136111111111111,0,1,0,25497,580113,727,107229,5.373605913520323,0.15600530740155555
1128,0.1136388888888888,0,4,0,25501,580109,727,107229,5.373568861387973,0.15600621528272843
1129,0.1136666666666666,0,13,0,25514,580096,727,107229,5.3734484419578346,0.15600916596951953
1130,0.11375,0,3,0,25517,580093,727,107229,5.373420652858572,0.1560098469130917
1131,0.1138055555555555,0,1,0,25518,580092,727,107229,5.373411389825485,0.15601007389560337
1132,0.1138333333333333,0,6,0,25524,580086,727,107229,5.3733558116269595,0.15601143580454377
1133,0.1138571428571428,0,2,0,25526,580084,727,107229,5.373337285560784,0.15601188977947456
1134,0.1139285714285714,0,1,0,25527,580083,727,107229,5.373328022527696,0.15601211676793073
1135,0.114,1,55,1,25582,580028,728,107228,5.372818555707881,0.15602337411386732
1136,0.114047619047619,0,2,0,25584,580026,728,107228,5.372800029641706,0.15602382816251342
1137,0.114095238095238,0,1,0,25585,580025,728,107228,5.3727907666086185,0.15602405518782747
1138,0.1141666666666666,4,49,4,25634,579976,732,107224,5.372336877987328,0.1560302677532014
1139,0.1141904761904761,0,1,0,25635,579975,732,107224,5.372327614954241,0.15603049480572584
1140,0.1142857142857142,0,4,0,25639,579971,732,107224,5.37229056282189,0.15603140302243176
1141,0.1143333333333333,2,11,2,25650,579960,734,107222,5.372188669457928,0.15603144436262883
1142,0.1144166666666666,0,1,0,25651,579959,734,107222,5.37217940642484,0.1560316714228129
1143,0.1144444444444444,0,2,0,25653,579957,734,107222,5.372160880358664,0.15603212554516363
1144,0.1144999999999999,1,10,1,25663,579947,735,107221,5.372068250027789,0.15603316801713701
1145,0.1145238095238095,0,2,0,25665,579945,735,107221,5.372049723961614,0.15603362215243477
1146,0.1145833333333333,1,4,1,25669,579941,736,107220,5.372012671829264,0.15603330223921322
1147,0.1146428571428571,0,1,0,25670,579940,736,107220,5.372003408796176,0.1560335293090401
1148,0.1146666666666666,1,9,1,25679,579931,737,107219,5.371920041498388,0.156034344757331
1149,0.1146904761904761,0,1,0,25680,579930,737,107219,5.371910778465301,0.15603457183231
1150,0.1147023809523809,0,2,0,25682,579928,737,107219,5.3718922523991255,0.1560350259842508
1151,0.1147619047619047,0,5,0,25687,579923,737,107219,5.3718459372336875,0.15603616137566909
1152,0.1147857142857143,0,2,0,25689,579921,737,107219,5.371827411167513,0.15603661553686293
1153,0.1148333333333333,1,11,1,25700,579910,738,107218,5.37172551780355,0.15603788522662446
1154,0.1149999999999999,0,3,0,25703,579907,738,107218,5.371697728704287,0.15603856649081316
1155,0.115,22,529,22,26232,579378,760,107196,5.366797584200971,0.15613174981866484
1156,0.115047619047619,0,2,0,26234,579376,760,107196,5.366779058134796,0.15613220463403693
1157,0.1151666666666666,1,5,1,26239,579371,761,107195,5.366732742969358,0.15613211257184306
1158,0.1152777777777777,0,1,0,26240,579370,761,107195,5.366723479936271,0.15613233998237602
1159,0.1153095238095238,0,1,0,26241,579369,761,107195,5.3667142169031825,0.15613256739357145
1160,0.1153333333333333,1,15,1,26256,579354,762,107194,5.3665752714068695,0.1561347495003991
1161,0.1155,2,5,2,26261,579349,764,107192,5.366528956241432,0.15613342830216986
1162,0.1155555555555555,0,2,0,26263,579347,764,107192,5.366510430175256,0.15613388314429333
1163,0.1156666666666666,0,10,0,26273,579337,764,107192,5.366417799844381,0.15613615739466213
1164,0.1157142857142857,3,6,3,26279,579331,767,107189,5.366362221645856,0.15613383441123346
1165,0.1157499999999999,0,1,0,26280,579330,767,107189,5.366352958612768,0.1561340618395121
1166,0.1158333333333333,1,43,1,26323,579287,768,107188,5.365954648190003,0.1561426126224553
1167,0.1158571428571428,0,1,0,26324,579286,768,107188,5.365945385156916,0.15614284007842977
1168,0.1159285714285714,0,1,0,26325,579285,768,107188,5.365936122123828,0.15614306753506693
1169,0.1159999999999999,2,57,2,26382,579228,770,107186,5.365408129237838,0.15615357495622176
1170,0.1160396825396825,0,1,0,26383,579227,770,107186,5.3653988662047505,0.1561538024483802
1171,0.1160714285714285,0,1,0,26384,579226,770,107186,5.365389603171662,0.1561540299412015
1172,0.1161538461538461,1,1,1,26385,579225,771,107185,5.365380340138575,0.15615302807360032
1173,0.1161904761904761,0,5,0,26390,579220,771,107185,5.365334024973137,0.1561541655436659
1174,0.11625,0,7,0,26397,579213,771,107185,5.365269183741525,0.156155758029598
1175,0.1163095238095238,0,3,0,26400,579210,771,107185,5.365241394642261,0.15615644053351205
1176,0.1163333333333333,1,13,1,26413,579197,772,107184,5.365120975212124,0.15615816871387758
1177,0.1163571428571428,0,2,0,26415,579195,772,107184,5.365102449145948,0.15615862373411774
1178,0.1164285714285714,0,2,0,26417,579193,772,107184,5.365083923079773,0.15615907875700963
1179,0.1164444444444444,0,1,0,26418,579192,772,107184,5.365074660046686,0.15615930626945
1180,0.1165,1,6,1,26424,579186,773,107183,5.3650190818481605,0.15615944193283787
1181,0.1165238095238095,0,1,0,26425,579185,773,107183,5.365009818815073,0.15615966944845913
1182,0.1165555555555555,0,2,0,26427,579183,773,107183,5.364991292748898,0.15616012448169053
1183,0.1166666666666666,16,245,16,26672,578938,789,107167,5.362721849642447,0.15619620903506024
1184,0.1167142857142857,0,3,0,26675,578935,789,107167,5.362694060543184,0.15619689200731088
1185,0.1167380952380952,0,3,0,26678,578932,789,107167,5.3626662714439215,0.15619757498553416
1186,0.1167857142857142,0,1,0,26679,578931,789,107167,5.362657008410834,0.1561978026462692
1187,0.1168333333333333,1,4,1,26683,578927,790,107166,5.3626199562784835,0.15619748343154646
1188,0.1168571428571428,0,3,0,26686,578924,790,107166,5.362592167179221,0.15619816642131498
1189,0.1169696969696969,0,1,0,26687,578923,790,107166,5.362582904146134,0.15619839408589847
1190,0.1169761904761904,0,1,0,26688,578922,790,107166,5.3625736411130465,0.15619862175114563
1191,0.1169999999999999,2,25,2,26713,578897,792,107164,5.3623420652858576,0.15620185377102036
1192,0.117,0,4,0,26717,578893,792,107164,5.362305013153507,0.15620276449332926
1193,0.1170833333333333,0,1,0,26718,578892,792,107164,5.36229575012042,0.15620299217556585
1194,0.1171428571428571,0,10,0,26728,578882,792,107164,5.362203119789544,0.15620526903443793
1195,0.1171666666666666,0,2,0,26730,578880,792,107164,5.362184593723369,0.15620572441417752
1196,0.1171926406926407,1,1,1,26731,578879,793,107163,5.362175330690281,0.15620472215986778
1197,0.1173214285714285,1,1,1,26732,578878,794,107162,5.362166067657194,0.1562037198997143
1198,0.1173333333333333,0,29,0,26761,578849,794,107162,5.361897439697654,0.15621032315808348
1199,0.1173809523809523,0,1,0,26762,578848,794,107162,5.361888176664567,0.15621055086660543
1200,0.1175,3,114,3,26876,578734,797,107159,5.360832190892586,0.15623282348704537
1201,0.1175238095238095,0,1,0,26877,578733,797,107159,5.360822927859498,0.1562330512675465
1202,0.1176190476190476,0,3,0,26880,578730,797,107159,5.360795138760236,0.15623373461303505
1203,0.1176666666666666,1,3,1,26883,578727,798,107158,5.360767349660973,0.15623318777929246
1204,0.1178205128205128,0,1,0,26884,578726,798,107158,5.360758086627885,0.1562334155629815
1205,0.1178333333333333,0,3,0,26887,578723,798,107158,5.360730297528622,0.1562340989180339
1206,0.1178571428571428,0,1,0,26888,578722,798,107158,5.360721034495535,0.15623432670437978
1207,0.1179166666666666,0,4,0,26892,578718,798,107158,5.360683982363185,0.15623523785640553
1208,0.118,0,34,0,26926,578684,798,107158,5.360369039238208,0.1562429830777351
1209,0.1181666666666666,0,1,0,26927,578683,798,107158,5.3603597762051205,0.15624321088998763
1210,0.1182142857142857,0,2,0,26929,578681,798,107158,5.360341250138945,0.15624366651648564
1211,0.1183333333333333,4,150,4,27079,578531,802,107154,5.3589517951758125,0.15627292415613583
1212,0.1184404761904761,0,2,0,27081,578529,802,107154,5.358933269109637,0.15627337997296126
1213,0.1184523809523809,0,3,0,27084,578526,802,107154,5.358905480010375,0.15627406370318517
1214,0.1185,0,12,0,27096,578514,802,107154,5.358794323613324,0.15627679868391117
1215,0.1185714285714285,1,4,1,27100,578510,803,107153,5.3587572714809735,0.15627647984505508
1216,0.118595238095238,0,6,0,27106,578504,803,107153,5.358701693282448,0.15627784737849976
1217,0.1186428571428571,0,5,0,27111,578499,803,107153,5.35865537811701,0.15627898700798656
1218,0.1186666666666666,0,21,0,27132,578478,803,107153,5.358460854422172,0.15628377363333923
1219,0.11875,0,2,0,27134,578476,803,107153,5.358442328355997,0.15628422951771292
1220,0.1188095238095238,0,3,0,27137,578473,803,107153,5.358414539256734,0.1562849133492604
1221,0.1188333333333333,0,3,0,27140,578470,803,107153,5.358386750157472,0.15628559718679216
1222,0.1188571428571428,1,0,1,27140,578470,804,107152,5.358386750157472,0.15628436660433884
1223,0.1188681318681318,0,1,0,27141,578469,804,107152,5.358377487124384,0.15628459455005025
1224,0.1188708513708513,0,1,0,27142,578468,804,107152,5.358368224091296,0.15628482249642658
1225,0.1189999999999999,0,6,0,27148,578462,804,107152,5.358312645892771,0.15628619018864842
1226,0.119,0,20,0,27168,578442,804,107152,5.35812738523102,0.15629074933561263
1227,0.119047619047619,0,4,0,27172,578438,804,107152,5.35809033309867,0.15629166119692528
1228,0.1190952380952381,0,1,0,27173,578437,804,107152,5.358081070065582,0.15629188916391598
1229,0.1191666666666666,2,37,2,27210,578400,806,107150,5.357738337841343,0.1562978630296842
1230,0.1191717171717171,0,1,0,27211,578399,806,107150,5.3577290748082556,0.1562980910190227
1231,0.1192222222222222,0,2,0,27213,578397,806,107150,5.35771054874208,0.15629854699969514
1232,0.1192777777777777,0,2,0,27215,578395,806,107150,5.357692022675905,0.1562990029830281
1233,0.1192857142857142,0,2,0,27217,578393,806,107150,5.3576734966097295,0.15629945896902164
1234,0.1193333333333333,0,13,0,27230,578380,806,107150,5.357553077179592,0.15630242294283256
1235,0.1194047619047619,0,1,0,27231,578379,806,107150,5.357543814146504,0.15630265094547421
1236,0.1194166666666666,0,1,0,27232,578378,806,107150,5.3575345511134165,0.1563028789487811
1237,0.1194285714285714,0,1,0,27233,578377,806,107150,5.357525288080329,0.15630310695275312
1238,0.1194523809523809,0,1,0,27234,578376,806,107150,5.357516025047241,0.15630333495739038
1239,0.1195,0,5,0,27239,578371,806,107150,5.357469709881804,0.15630447499055464
1240,0.1195238095238095,0,1,0,27240,578370,806,107150,5.357460446848716,0.15630470299918311
1241,0.1195454545454545,1,0,1,27240,578370,807,107149,5.357460446848716,0.15630347225970395
1242,0.1195833333333333,0,1,0,27241,578369,807,107149,5.357451183815629,0.15630370026753493
1243,0.1195952380952381,0,2,0,27243,578367,807,107149,5.357432657749453,0.15630415628519248
1244,0.1196468253968254,0,3,0,27246,578364,807,107149,5.357404868650191,0.15630484031666794
1245,0.1196666666666666,0,5,0,27251,578359,807,107149,5.357358553484753,0.1563059803824317
1246,0.11975,0,1,0,27252,578358,807,107149,5.3573492904516655,0.1563062083975802
1247,0.1197619047619047,1,5,1,27257,578353,808,107148,5.357302975286228,0.15630611771536437
1248,0.1198333333333333,0,3,0,27260,578350,808,107148,5.357275186186965,0.15630680177039175
1249,0.1199999999999999,0,6,0,27266,578344,808,107148,5.35721960798844,0.15630816989840873
1250,0.12,51,2003,51,29269,576341,859,107097,5.338665752714069,0.15670331471179536
1251,0.1200238095238095,1,1,1,29270,576340,860,107096,5.338656489680981,0.15670231009194716
1252,0.1201666666666666,0,4,0,29274,576336,860,107096,5.338619437548631,0.1567032272413349
1253,0.1202380952380952,0,1,0,29275,576335,860,107096,5.338610174515543,0.15670345653035933
1254,0.1202499999999999,0,2,0,29277,576333,860,107096,5.338591648449368,0.15670391511042112
1255,0.1202857142857142,0,1,0,29278,576332,860,107096,5.338582385416281,0.15670414440145852
1256,0.1203333333333333,0,12,0,29290,576320,860,107096,5.33847122901923,0.1567068959462465
1257,0.1203571428571428,0,1,0,29291,576319,860,107096,5.338461965986142,0.1567071252460072
1258,0.1205,0,12,0,29303,576307,860,107096,5.338350809589092,0.1567098768954775
1259,0.1205555555555555,0,1,0,29304,576306,860,107096,5.338341546556005,0.15671010620396195
1260,0.1205833333333333,0,1,0,29305,576305,860,107096,5.3383322835229166,0.15671033551311747
1261,0.1206666666666666,1,18,1,29323,576287,861,107095,5.338165548927341,0.156713229204164
1262,0.1207142857142857,0,5,0,29328,576282,861,107095,5.338119233761903,0.1567143758130578
1263,0.12075,0,1,0,29329,576281,861,107095,5.338109970728816,0.15671460513684998
1264,0.1208333333333333,0,61,0,29390,576220,861,107095,5.337544925710475,0.15672859515743107
1265,0.120845238095238,0,1,0,29391,576219,861,107095,5.337535662677387,0.15672882452284015
1266,0.1209090909090909,0,1,0,29392,576218,861,107095,5.337526399644299,0.1567290538889206
1267,0.1209523809523809,0,3,0,29395,576215,861,107095,5.337498610545037,0.15672974199118994
1268,0.1209545454545454,1,1,1,29396,576214,862,107094,5.33748934751195,0.15672873726050332
1269,0.121,1,41,1,29437,576173,863,107093,5.33710956315536,0.15673690773432308
1270,0.1210714285714285,1,1,1,29438,576172,864,107092,5.337100300122272,0.15673590295991008
1271,0.1211666666666666,0,2,0,29440,576170,864,107092,5.337081774056097,0.15673636174703115
1272,0.1211904761904761,0,2,0,29442,576168,864,107092,5.337063247989922,0.1567368205368381
1273,0.1211904761904762,0,3,0,29445,576165,864,107092,5.337035458890659,0.15673750872658457
1274,0.12125,0,5,0,29450,576160,864,107092,5.336989143725221,0.15673865572292506
1275,0.1213333333333333,2,17,2,29467,576143,866,107090,5.336831672162733,0.15674008720304786
1276,0.1214285714285714,0,6,0,29473,576137,866,107090,5.3367760939642075,0.15674146367166403
1277,0.1214935064935065,1,2,1,29475,576135,867,107089,5.336757567898032,0.15674068826622015
1278,0.1214999999999999,0,1,0,29476,576134,867,107089,5.336748304864945,0.15674091767987905
1279,0.1215,0,14,0,29490,576120,867,107089,5.336618622401719,0.15674412954161904
1280,0.1216666666666666,8,127,8,29617,575993,875,107081,5.3354422171996,0.15676339605957773
1281,0.1217222222222222,0,1,0,29618,575992,875,107081,5.335432954166512,0.1567636255568585
1282,0.1218333333333333,0,7,0,29625,575985,875,107081,5.3353681129348995,0.15676523205663875
1283,0.1219047619047619,0,2,0,29627,575983,875,107081,5.335349586868724,0.1567656910626237
1284,0.122,1,49,1,29676,575934,876,107080,5.3348956982474345,0.15677570298705443
1285,0.1220238095238095,0,1,0,29677,575933,876,107080,5.334886435214346,0.1567759325225142
1286,0.1220396825396825,0,3,0,29680,575930,876,107080,5.334858646115084,0.1567766211329263
1287,0.122047619047619,1,2,1,29682,575928,877,107079,5.334840120048908,0.15677584563554986
1288,0.122077922077922,0,1,0,29683,575927,877,107079,5.334830857015821,0.15677607517357095
1289,0.1221111111111111,0,1,0,29684,575926,877,107079,5.334821593982734,0.1567763047122642
1290,0.1221666666666666,0,3,0,29687,575923,877,107079,5.334793804883471,0.15677699333237677
1291,0.1222222222222222,0,1,0,29688,575922,877,107079,5.334784541850383,0.15677722287375861
1292,0.1222619047619047,0,2,0,29690,575920,877,107079,5.334766015784209,0.15677768195853875
1293,0.1222698412698412,0,3,0,29693,575917,877,107079,5.334738226684946,0.15677837059075017
1294,0.1223333333333333,1,8,1,29701,575909,878,107078,5.334664122420246,0.1567789723669704
1295,0.1223809523809523,0,4,0,29705,575905,878,107078,5.334627070287895,0.15677989056828648
1296,0.1224047619047619,0,1,0,29706,575904,878,107078,5.334617807254808,0.156780120120296
1297,0.1224999999999999,0,1,0,29707,575903,878,107078,5.33460854422172,0.15678034967297771
1298,0.1225,5,160,5,29867,575743,883,107073,5.333126458927711,0.1568109124566501
1299,0.1225396825396825,0,1,0,29868,575742,883,107073,5.333117195894624,0.15681114211023484
1300,0.1226190476190476,0,2,0,29870,575740,883,107073,5.333098669828448,0.1568116014194223
1301,0.1226666666666666,2,18,2,29888,575722,885,107071,5.332931935232873,0.15681326551385266
1302,0.1227619047619047,0,1,0,29889,575721,885,107071,5.332922672199785,0.15681349517861956
1303,0.1227777777777777,0,2,0,29891,575719,885,107071,5.33290414613361,0.1568139545101715
1304,0.1228333333333333,0,3,0,29894,575716,885,107071,5.332876357034348,0.1568146435125449
1305,0.1228571428571428,0,10,0,29904,575706,885,107071,5.332783726703472,0.15681694023085135
1306,0.1229206349206349,1,3,1,29907,575703,886,107070,5.332755937604209,0.15681639432139233
1307,0.1229523809523809,0,1,0,29908,575702,886,107070,5.332746674571122,0.15681662399746915
1308,0.1229761904761904,0,1,0,29909,575701,886,107070,5.332737411538034,0.15681685367421874
1309,0.1229999999999999,0,1,0,29910,575700,886,107070,5.3327281485049465,0.1568170833516411
1310,0.123,0,19,0,29929,575681,886,107070,5.332552150876283,0.15682144735049822
1311,0.123095238095238,1,2,1,29931,575679,887,107069,5.332533624810107,0.15682067175590408
1312,0.1230952380952381,0,3,0,29934,575676,887,107069,5.332505835710845,0.15682136083017817
1313,0.1231666666666666,1,9,1,29943,575667,888,107068,5.332422468413057,0.1568221930910236
1314,0.1232142857142856,0,1,0,29944,575666,888,107068,5.33241320537997,0.15682242278837732
1315,0.1232142857142857,0,1,0,29945,575665,888,107068,5.332403942346882,0.1568226524864039
1316,0.1232499999999999,0,2,0,29947,575663,888,107068,5.332385416280707,0.15682311188447573
1317,0.1233333333333333,11,301,11,30248,575362,899,107057,5.329597243321353,0.15687869183009265
1318,0.1234166666666666,0,1,0,30249,575361,899,107057,5.329587980288266,0.15687892171660184
1319,0.1235,0,9,0,30258,575352,899,107057,5.329504612990478,0.15688099072550332
1320,0.1235347985347985,0,1,0,30259,575351,899,107057,5.32949534995739,0.15688122061875007
1321,0.1235555555555555,0,1,0,30260,575350,899,107057,5.329486086924303,0.15688145051267058
1322,0.1236666666666666,0,10,0,30270,575340,899,107057,5.329393456593427,0.15688374948893385
1323,0.1237142857142857,0,2,0,30272,575338,899,107057,5.329374930527252,0.15688420929227206
1324,0.12375,0,5,0,30277,575333,899,107057,5.329328615361814,0.15688535881240934
1325,0.1238095238095238,0,1,0,30278,575332,899,107057,5.329319352328726,0.15688558871845823
1326,0.1238333333333333,0,3,0,30281,575329,899,107057,5.3292915632294635,0.15688627844064795
1327,0.1239999999999999,0,2,0,30283,575327,899,107057,5.329273037163289,0.15688673825881028
1328,0.124,0,63,0,30346,575264,899,107057,5.328689466078773,0.15690122391073996
1329,0.1240238095238095,0,1,0,30347,575263,899,107057,5.3286802030456855,0.15690145386328996
1330,0.124047619047619,0,1,0,30348,575262,899,107057,5.328670940012597,0.15690168381651398
1331,0.1240833333333333,0,1,0,30349,575261,899,107057,5.32866167697951,0.15690191377041204
1332,0.1241666666666666,0,36,0,30385,575225,899,107057,5.328328207788358,0.15691019255967473
1333,0.12425,1,7,1,30392,575218,900,107056,5.328263366556746,0.15691056672246048
1334,0.1242619047619047,0,1,0,30393,575217,900,107056,5.3282541035236575,0.15691079670454494
1335,0.1242857142857142,0,4,0,30397,575213,900,107056,5.328217051391308,0.15691171663962455
1336,0.1243333333333333,1,12,1,30409,575201,901,107055,5.328105894994257,0.1569132407776553
1337,0.1244444444444444,0,1,0,30410,575200,901,107055,5.328096631961169,0.15691347076972686
1338,0.1245,0,9,0,30419,575191,901,107055,5.328013264663381,0.15691554072871075
1339,0.1245833333333333,0,1,0,30420,575190,901,107055,5.328004001630294,0.15691577072752458
1340,0.1246428571428571,0,1,0,30421,575189,901,107055,5.327994738597206,0.15691600072701262
1341,0.1246666666666666,2,12,2,30433,575177,903,107053,5.327883582200156,0.15691628922797296
1342,0.1246904761904761,1,0,1,30433,575177,904,107052,5.327883582200156,0.15691505344979473
1343,0.1247142857142857,0,1,0,30434,575176,904,107052,5.327874319167068,0.1569152834536255
1344,0.1247619047619047,0,1,0,30435,575175,904,107052,5.32786505613398,0.1569155134581305
1345,0.1247857142857142,0,1,0,30436,575174,904,107052,5.327855793100893,0.1569157434633098
1346,0.1248095238095238,0,4,0,30440,575170,904,107052,5.327818740968543,0.15691666349076985
1347,0.1248333333333333,0,2,0,30442,575168,904,107052,5.327800214902368,0.15691712350854564
1348,0.1248571428571428,0,3,0,30445,575165,904,107052,5.327772425803105,0.15691781354026652
1349,0.1249047619047619,0,1,0,30446,575164,904,107052,5.327763162770017,0.15691804355218875
1350,0.1249999999999999,0,8,0,30454,575156,904,107052,5.327689058505317,0.156919883671842
1351,0.125,17,645,17,31099,574511,921,107035,5.3217144021638445,0.1570473599727678
1352,0.1251190476190476,0,1,0,31100,574510,921,107035,5.321705139130757,0.15704759040122077
1353,0.1251666666666666,1,6,1,31106,574504,922,107034,5.321649560932232,0.15704773614970846
1354,0.1252380952380952,0,1,0,31107,574503,922,107034,5.321640297899144,0.15704796658141817
1355,0.1253333333333333,0,15,0,31122,574488,922,107034,5.321501352402831,0.15705142313821124
1356,0.1253571428571428,1,1,1,31123,574487,923,107033,5.321492089369743,0.15705041671557696
1357,0.1254166666666666,0,2,0,31125,574485,923,107033,5.321473563303568,0.15705087759971123
1358,0.1254285714285714,0,1,0,31126,574484,923,107033,5.32146430027048,0.15705110804279276
1359,0.1255,0,4,0,31130,574480,923,107033,5.32142724813813,0.1570520298218816
1360,0.1255555555555555,0,4,0,31134,574476,923,107033,5.321390196005781,0.1570529516117909
1361,0.1255952380952381,1,0,1,31134,574476,924,107032,5.321390196005781,0.15705171472675303
1362,0.1256428571428571,0,2,0,31136,574474,924,107032,5.321371669939605,0.15705217562281182
1363,0.1256666666666666,1,10,1,31146,574464,925,107031,5.321279039608729,0.15705324323729447
1364,0.1256904761904761,0,1,0,31147,574463,925,107031,5.321269776575642,0.1570534736916246
1365,0.1257142857142857,0,10,0,31157,574453,925,107031,5.321177146244766,0.15705577827212377
1366,0.1258333333333333,2,40,2,31197,574413,927,107029,5.320806624921264,0.1570625232961866
1367,0.1259047619047619,0,1,0,31198,574412,927,107029,5.320797361888177,0.1570627537820589
1368,0.126,3,53,3,31251,574359,930,107026,5.320306421134537,0.1570712592733917
1369,0.1260555555555555,0,1,0,31252,574358,930,107026,5.320297158101448,0.15707148979136581
1370,0.1261111111111111,0,1,0,31253,574357,930,107026,5.320287895068361,0.15707172031001654
1371,0.1261309523809523,0,1,0,31254,574356,930,107026,5.320278632035274,0.1570719508293439
1372,0.1261666666666666,1,3,1,31257,574353,931,107025,5.320250842936011,0.1570714052992612
1373,0.1262023809523809,0,2,0,31259,574351,931,107025,5.320232316869836,0.15707186634105105
1374,0.1262142857142857,0,2,0,31261,574349,931,107025,5.320213790803661,0.15707232738554744
1375,0.12625,0,2,0,31263,574347,931,107025,5.320195264737485,0.15707278843275038
1376,0.1262857142857142,0,1,0,31264,574346,931,107025,5.320186001704398,0.15707301895736683
1377,0.1263095238095238,1,2,1,31266,574344,932,107024,5.320167475638223,0.1570722428995785
1378,0.1263333333333333,0,10,0,31276,574334,932,107024,5.320074845307348,0.15707454818171945
1379,0.1264285714285714,1,3,1,31279,574331,933,107023,5.320047056208085,0.1570740026476692
1380,0.1264848484848484,0,3,0,31282,574328,933,107023,5.3200192671088224,0.15707469424716483
1381,0.1264999999999999,0,5,0,31287,574323,933,107023,5.3199729519433845,0.15707584692652485
1382,0.1265,0,10,0,31297,574313,933,107023,5.319880321612509,0.15707815233599867
1383,0.126547619047619,0,1,0,31298,574312,933,107023,5.319871058579421,0.1570783828806681
1384,0.1266666666666666,9,337,9,31635,573975,942,107014,5.316749416428915,0.15714497591003673
1385,0.1267424242424242,1,0,1,31635,573975,943,107013,5.316749416428915,0.1571437382156514
1386,0.1267619047619047,0,1,0,31636,573974,943,107013,5.316740153395828,0.15714396897444444
1387,0.1268333333333333,0,6,0,31642,573968,943,107013,5.316684575197303,0.15714535354143508
1388,0.1268888888888888,0,1,0,31643,573967,943,107013,5.316675312164215,0.15714558430497225
1389,0.1269873737373737,0,1,0,31644,573966,943,107013,5.316666049131127,0.15714581506918715
1390,0.127,1,33,1,31677,573933,944,107012,5.316360369039238,0.15715219290838467
1391,0.1270833333333333,0,3,0,31680,573930,944,107012,5.316332579939975,0.15715288526776142
1392,0.1271428571428571,0,5,0,31685,573925,944,107012,5.316286264774538,0.157154039213613
1393,0.1271666666666666,0,4,0,31689,573921,944,107012,5.316249212642187,0.1571549623824958
1394,0.1271904761904762,0,1,0,31690,573920,944,107012,5.3162399496091,0.15715519317641116
1395,0.1272142857142857,0,1,0,31691,573919,944,107012,5.316230686576012,0.1571554239710044
1396,0.12725,0,1,0,31692,573918,944,107012,5.316221423542925,0.15715565476627555
1397,0.1272619047619047,0,1,0,31693,573917,944,107012,5.316212160509838,0.15715588556222454
1398,0.1273333333333333,0,22,0,31715,573895,944,107012,5.316008373781911,0.15716096324461343
1399,0.1273809523809523,0,1,0,31716,573894,944,107012,5.315999110748824,0.15716119405615459
1400,0.1274444444444444,1,2,1,31718,573892,945,107011,5.315980584682649,0.15716041785687535
1401,0.1274999999999999,0,5,0,31723,573887,945,107011,5.315934269517211,0.1571615719241355
1402,0.1275,6,134,6,31857,573753,951,107005,5.314693023083478,0.15718507898548384
1403,0.1275833333333333,0,1,0,31858,573752,951,107005,5.314683760050391,0.15718530988296853
1404,0.1276190476190476,1,1,1,31859,573751,952,107004,5.314674497017303,0.15718430272271228
1405,0.1276666666666666,0,15,0,31874,573736,952,107004,5.31453555152099,0.15718776625437025
1406,0.12775,0,1,0,31875,573735,952,107004,5.314526288487903,0.15718799716190787
1407,0.1277777777777777,0,1,0,31876,573734,952,107004,5.314517025454815,0.1571882280701239
1408,0.1278095238095238,0,1,0,31877,573733,952,107004,5.314507762421727,0.15718845897901834
1409,0.1278333333333333,0,2,0,31879,573731,952,107004,5.314489236355552,0.15718892079884242
1410,0.1278571428571428,0,7,0,31886,573724,952,107004,5.31442439512394,0.15719053718959702
1411,0.1279166666666666,0,1,0,31887,573723,952,107004,5.3144151320908515,0.15719076810527569
1412,0.128,3,33,3,31920,573690,955,107001,5.314109451998963,0.15719467423544603
1413,0.1280833333333333,0,1,0,31921,573689,955,107001,5.314100188965875,0.1571949051697542
1414,0.1280952380952381,0,5,0,31926,573684,955,107001,5.314053873800437,0.15719605985147314
1415,0.1281111111111111,0,1,0,31927,573683,955,107001,5.31404461076735,0.15719629078985256
1416,0.1281666666666666,0,3,0,31930,573680,955,107001,5.314016821668087,0.1571969836090621
1417,0.1281904761904762,0,1,0,31931,573679,955,107001,5.314007558635,0.15719721455015573
1418,0.1282142857142857,0,1,0,31932,573678,955,107001,5.313998295601912,0.1571974454919279
1419,0.1283333333333333,8,162,8,32094,573516,963,106993,5.312497684241728,0.1572249595523351
1420,0.1283452380952381,0,1,0,32095,573515,963,106993,5.3124884212086405,0.15722519059291
1421,0.1283809523809523,0,2,0,32097,573513,963,106993,5.312469895142465,0.1572256526760969
1422,0.1284523809523809,0,3,0,32100,573510,963,106993,5.3124421060432025,0.15722634580597
1423,0.1284615384615384,0,1,0,32101,573509,963,106993,5.312432843010115,0.1572265768506191
1424,0.1285,1,9,1,32110,573500,964,106992,5.3123494757123275,0.15722741780946728
1425,0.1285714285714286,0,2,0,32112,573498,964,106992,5.312330949646152,0.15722787991006482
1426,0.1286363636363636,0,1,0,32113,573497,964,106992,5.312321686613065,0.15722811096138217
1427,0.1286666666666666,4,13,4,32126,573484,968,106988,5.312201267182926,0.1572261606649502
1428,0.1286904761904762,0,1,0,32127,573483,968,106988,5.312192004149839,0.15722639171985286
1429,0.1287142857142857,0,1,0,32128,573482,968,106988,5.312182741116751,0.15722662277543462
1430,0.12875,1,1,1,32129,573481,969,106987,5.312173478083664,0.1572256153118148
1431,0.1288333333333333,0,5,0,32134,573476,969,106987,5.312127162918226,0.1572267705959031
1432,0.1288888888888889,0,3,0,32137,573473,969,106987,5.312099373818963,0.15722746377450547
1433,0.1289285714285714,0,2,0,32139,573471,969,106987,5.312080847752788,0.1572279258969694
1434,0.1289523809523809,0,1,0,32140,573470,969,106987,5.312071584719701,0.15722815695922004
1435,0.1289999999999999,0,2,0,32142,573468,969,106987,5.312053058653525,0.1572286190857588
1436,0.129,1,19,1,32161,573449,970,106986,5.311877061024862,0.15723177085246937
1437,0.129031746031746,0,3,0,32164,573446,970,106986,5.311849271925599,0.15723246408164224
1438,0.129047619047619,0,3,0,32167,573443,970,106986,5.311821482826336,0.157233157316928
1439,0.1291666666666666,3,44,3,32211,573399,973,106983,5.311413909370485,0.1572396095134792
1440,0.1292857142857142,0,4,0,32215,573395,973,106983,5.311376857238134,0.15724053393848714
1441,0.1293333333333333,0,29,0,32244,573366,973,106983,5.311108229278595,0.15724723634487595
1442,0.1293571428571428,0,2,0,32246,573364,973,106983,5.31108970321242,0.15724769860086102
1443,0.1293809523809523,0,2,0,32248,573362,973,106983,5.311071177146244,0.1572481608595639
1444,0.1294444444444444,0,2,0,32250,573360,973,106983,5.31105265108007,0.15724862312098456
1445,0.1294999999999999,0,1,0,32251,573359,973,106983,5.311043388046982,0.15724885425271407
1446,0.1295,0,5,0,32256,573354,973,106983,5.310997072881545,0.15725000992155358
1447,0.1295238095238095,0,1,0,32257,573353,973,106983,5.310987809848457,0.15725024105735988
1448,0.1296666666666666,0,10,0,32267,573343,973,106983,5.310895179517582,0.15725255245279468
1449,0.1297023809523809,0,1,0,32268,573342,973,106983,5.3108859164844935,0.15725278359607542
1450,0.1297142857142857,0,2,0,32270,573340,973,106983,5.310867390418319,0.15725324588467537
1451,0.1297222222222222,0,1,0,32271,573339,973,106983,5.310858127385231,0.15725347702999462
1452,0.1297619047619047,0,4,0,32275,573335,973,106983,5.310821075252881,0.15725440161806684
1453,0.1298333333333333,0,7,0,32282,573328,973,106983,5.310756234021268,0.15725601967335529
1454,0.1298571428571428,0,1,0,32283,573327,973,106983,5.3107469709881805,0.15725625082682895
1455,0.1299285714285714,0,1,0,32284,573326,973,106983,5.310737707955093,0.15725648198098216
1456,0.1299999999999999,0,17,0,32301,573309,973,106983,5.310580236392604,0.15726041170556174
1457,0.13,70,2129,70,34430,571180,1043,106913,5.290859238949202,0.15766716364864405
1458,0.1301071428571428,0,1,0,34431,571179,1043,106913,5.290849975916114,0.15766739616453224
1459,0.1301190476190476,0,1,0,34432,571178,1043,106913,5.290840712883027,0.15766762868110623
1460,0.1301587301587301,0,1,0,34433,571177,1043,106913,5.2908314498499385,0.157667861198366
1461,0.1301666666666666,0,3,0,34436,571174,1043,106913,5.290803660750676,0.15766855875426014
1462,0.1303333333333333,0,5,0,34441,571169,1043,106913,5.290757345585239,0.1576697213611333
1463,0.1303571428571428,2,3,2,34444,571166,1045,106911,5.290729556485976,0.15766793446761945
1464,0.1304166666666666,0,1,0,34445,571165,1045,106911,5.290720293452888,0.1576681669901309
1465,0.1304285714285714,0,1,0,34446,571164,1045,106911,5.290711030419801,0.15766839951332817
1466,0.1304761904761904,1,1,1,34447,571163,1046,106910,5.290701767386713,0.1576673897943142
1467,0.1304999999999999,0,1,0,34448,571162,1046,106910,5.2906925043536255,0.15766762231739403
1468,0.1305,0,1,0,34449,571161,1046,106910,5.290683241320538,0.1576678548411597
1469,0.1305714285714285,0,2,0,34451,571159,1046,106910,5.290664715254363,0.1576683198907486
1470,0.1306666666666666,1,19,1,34470,571140,1047,106909,5.290488717625699,0.1576714957178611
1471,0.1306904761904762,0,4,0,34474,571136,1047,106909,5.290451665493349,0.1576724258714392
1472,0.1307142857142857,0,2,0,34476,571134,1047,106909,5.290433139427174,0.15767289095234374
1473,0.1308333333333333,1,47,1,34523,571087,1048,106908,5.289997776872059,0.1576825787800795
1474,0.130875,0,1,0,34524,571086,1048,106908,5.2899885138389715,0.15768281135231285
1475,0.1309047619047619,0,1,0,34525,571085,1048,106908,5.289979250805884,0.15768304392523227
1476,0.1309166666666666,0,1,0,34526,571084,1048,106908,5.289969987772796,0.15768327649883773
1477,0.1309523809523809,0,2,0,34528,571082,1048,106908,5.289951461706621,0.15768374164810692
1478,0.131,1,25,1,34553,571057,1049,106907,5.289719885879433,0.15768831383377288
1479,0.1310873015873015,0,1,0,34554,571056,1049,106907,5.289710622846345,0.15768854642509988
1480,0.1311111111111111,0,4,0,34558,571052,1049,106907,5.289673570713995,0.15768947679726944
1481,0.1311309523809524,0,1,0,34559,571051,1049,106907,5.289664307680907,0.15768970939202723
1482,0.1311349206349206,0,2,0,34561,571049,1049,106907,5.289645781614732,0.1576901745836013
1483,0.1311666666666666,0,2,0,34563,571047,1049,106907,5.289627255548557,0.15769063977792003
1484,0.1311904761904762,0,2,0,34565,571045,1049,106907,5.2896087294823815,0.15769110497498348
1485,0.13125,1,9,1,34574,571036,1050,106906,5.289525362184594,0.15769195594903399
1486,0.131297619047619,0,1,0,34575,571035,1050,106906,5.2895160991515064,0.15769218855328118
1487,0.1313333333333333,1,11,1,34586,571024,1051,106905,5.289414205787543,0.15769350477704894
1488,0.1313809523809523,1,1,1,34587,571023,1052,106904,5.289404942754455,0.1576924949146442
1489,0.1314285714285714,0,2,0,34589,571021,1052,106904,5.289386416688281,0.15769296013570822
1490,0.1314523809523809,0,2,0,34591,571019,1052,106904,5.289367890622105,0.15769342535951722
1491,0.1314999999999999,0,1,0,34592,571018,1052,106904,5.289358627589018,0.1576936579724511
1492,0.1315,0,10,0,34602,571008,1052,106904,5.289265997258142,0.15769598413953434
1493,0.1315238095238095,0,3,0,34605,571005,1052,106904,5.28923820815888,0.1576966820030417
1494,0.1316190476190476,0,2,0,34607,571003,1052,106904,5.289219682092704,0.15769714724881143
1495,0.1316666666666666,9,145,9,34752,570858,1061,106895,5.287876542295009,0.15771970024477944
1496,0.1317142857142857,0,1,0,34753,570857,1061,106895,5.2878672792619215,0.15771993295482714
1497,0.1317857142857142,0,3,0,34756,570854,1061,106895,5.287839490162659,0.1577206310890905
1498,0.1318333333333333,0,2,0,34758,570852,1061,106895,5.2878209640964835,0.15772109651536637
1499,0.1318531746031746,0,1,0,34759,570851,1061,106895,5.287811701063396,0.15772132922953436
1500,0.1318571428571428,0,2,0,34761,570849,1061,106895,5.287793174997221,0.15772179465993058
1501,0.1319166666666666,0,1,0,34762,570848,1061,106895,5.287783911964134,0.1577220273761588
1502,0.1319999999999999,0,1,0,34763,570847,1061,106895,5.2877746489310455,0.15772226009307377
1503,0.132,2,32,2,34795,570815,1063,106893,5.287478231872244,0.1577272217533215
1504,0.1321428571428571,1,3,1,34798,570812,1064,106892,5.287450442772982,0.15772667713337976
1505,0.1321666666666666,1,8,1,34806,570804,1065,106891,5.287376338508281,0.157727296202569
1506,0.1322222222222222,0,5,0,34811,570799,1065,106891,5.287330023342843,0.15772845991530052
1507,0.1322539682539682,0,1,0,34812,570798,1065,106891,5.287320760309756,0.1577286926599074
1508,0.1322619047619047,0,2,0,34814,570796,1065,106891,5.2873022342435805,0.15772915815118188
1509,0.1323333333333333,1,13,1,34827,570783,1066,106890,5.287181814813443,0.1577309410290804
1510,0.1323809523809523,0,2,0,34829,570781,1066,106890,5.2871632887472675,0.15773140653798082
1511,0.1324242424242424,0,2,0,34831,570779,1066,106890,5.287144762681092,0.15773187204962894
1512,0.1324999999999999,0,6,0,34837,570773,1066,106890,5.287089184482567,0.15773326860105982
1513,0.1325,10,162,10,34999,570611,1076,106880,5.285588573122383,0.15775855325015387
1514,0.1326190476190476,2,7,2,35006,570604,1078,106878,5.285523731890771,0.15775769688345964
1515,0.1326666666666666,1,16,1,35022,570588,1079,106877,5.2853755233613695,0.15776017949266752
1516,0.1327272727272727,0,1,0,35023,570587,1079,106877,5.285366260328282,0.15776041236139485
1517,0.13275,0,1,0,35024,570586,1079,106877,5.285356997295194,0.15776064523080965
1518,0.1327777777777777,0,2,0,35026,570584,1079,106877,5.285338471229019,0.1577611109717017
1519,0.1328333333333333,0,11,0,35037,570573,1079,106877,5.2852365778650565,0.15776367259576352
1520,0.1328571428571428,2,12,2,35049,570561,1081,106875,5.285125421468005,0.1577639806564753
1521,0.1329166666666666,1,7,1,35056,570554,1082,106874,5.285060580236393,0.1577643675785471
1522,0.1329523809523809,0,2,0,35058,570552,1082,106874,5.285042054170217,0.15776483335449185
1523,0.133,1,19,1,35077,570533,1083,106873,5.284866056541554,0.15776801504562996
1524,0.1330833333333333,0,1,0,35078,570532,1083,106873,5.2848567935084665,0.15776824794620647
1525,0.1331666666666666,1,10,1,35088,570522,1084,106872,5.284764163177591,0.15776933365220241
1526,0.1331944444444444,0,1,0,35089,570521,1084,106872,5.284754900144503,0.15776956655885135
1527,0.1332142857142857,0,1,0,35090,570520,1084,106872,5.284745637111416,0.15776979946618797
1528,0.1332857142857142,0,2,0,35092,570518,1084,106872,5.284727111045241,0.15777026528292418
1529,0.1333095238095238,0,1,0,35093,570517,1084,106872,5.2847178480121535,0.15777049819232375
1530,0.1333333333333333,15,335,15,35428,570182,1099,106857,5.281614731927823,0.15782990344721648
1531,0.1334126984126984,0,1,0,35429,570181,1099,106857,5.2816054688947345,0.15783013656545128
1532,0.1334166666666666,0,1,0,35430,570180,1099,106857,5.281596205861647,0.15783036968437472
1533,0.1334285714285714,1,0,1,35430,570180,1100,106856,5.281596205861647,0.15782912577765437
1534,0.1334444444444444,0,1,0,35431,570179,1100,106856,5.28158694282856,0.15782935889577349
1535,0.1334523809523809,1,0,1,35431,570179,1101,106855,5.28158694282856,0.1578281149838856
1536,0.1335,0,4,0,35435,570175,1101,106855,5.281549890696209,0.15782904745727663
1537,0.1335833333333333,0,1,0,35436,570174,1101,106855,5.281540627663122,0.15782928057734602
1538,0.1336111111111111,0,1,0,35437,570173,1101,106855,5.281531364630035,0.15782951369810408
1539,0.1336666666666666,0,12,0,35449,570161,1101,106855,5.2814202082329835,0.15783231120091695
1540,0.13375,1,12,1,35461,570149,1102,106854,5.281309051835933,0.15783386484254872
1541,0.1338095238095238,0,3,0,35464,570146,1102,106854,5.2812812627366705,0.15783456425406203
1542,0.1338333333333333,0,3,0,35467,570143,1102,106854,5.281253473637408,0.15783526367177403
1543,0.1338492063492063,0,1,0,35468,570142,1102,106854,5.281244210604321,0.15783549681238884
1544,0.1338809523809523,0,3,0,35471,570139,1102,106854,5.281216421505057,0.15783619623836584
1545,0.1338888888888889,0,7,0,35478,570132,1102,106854,5.281151580273445,0.1578378282564189
1546,0.1339285714285714,1,1,1,35479,570131,1103,106853,5.2811423172403575,0.1578368174137055
1547,0.1339358974358974,0,1,0,35480,570130,1103,106853,5.281133054207269,0.15783705056109237
1548,0.1339999999999999,0,1,0,35481,570129,1103,106853,5.281123791174182,0.15783728370916805
1549,0.134,4,55,4,35536,570074,1107,106849,5.280614324354366,0.1578451315733104
1550,0.134047619047619,1,1,1,35537,570073,1108,106848,5.280605061321279,0.15784412065809747
1551,0.1340952380952381,0,5,0,35542,570068,1108,106848,5.280558746155841,0.15784528656435953
1552,0.1341071428571428,1,0,1,35542,570068,1109,106847,5.280558746155841,0.15784404245732478
1553,0.1341666666666666,3,41,3,35583,570027,1112,106844,5.280178961799251,0.15784987095029923
1554,0.1342380952380952,0,2,0,35585,570025,1112,106844,5.280160435733077,0.1578503373621779
1555,0.1342857142857142,1,5,1,35590,570020,1113,106843,5.280114120567639,0.15785025921050494
1556,0.1343030303030302,0,1,0,35591,570019,1113,106843,5.2801048575345515,0.15785049241942967
1557,0.1343095238095238,0,2,0,35593,570017,1113,106843,5.280086331468376,0.15785095883934638
1558,0.1343333333333333,0,12,0,35605,570005,1113,106843,5.279975175071326,0.15785375741673166
1559,0.1343888888888889,0,2,0,35607,570003,1113,106843,5.27995664900515,0.1578542238559436
1560,0.1344206349206349,0,4,0,35611,569999,1113,106843,5.2799195968728,0.15785515674263714
1561,0.1344642857142857,0,1,0,35612,569998,1113,106843,5.279910333839712,0.15785538996603338
1562,0.1344999999999999,1,4,1,35616,569994,1114,106842,5.279873281707363,0.1578550786305693
1563,0.1345238095238095,0,1,0,35617,569993,1114,106842,5.2798640186742745,0.1578553118559176
1564,0.1345714285714285,0,1,0,35618,569992,1114,106842,5.279854755641187,0.1578555450819551
1565,0.1345833333333333,0,1,0,35619,569991,1114,106842,5.2798454926081,0.15785577830868175
1566,0.1346428571428571,0,1,0,35620,569990,1114,106842,5.279836229575012,0.15785601153609757
1567,0.1346666666666666,0,7,0,35627,569983,1114,106842,5.279771388343399,0.15785764414730544
1568,0.1347121212121212,0,2,0,35629,569981,1114,106842,5.279752862277224,0.15785811061385324
1569,0.1347619047619047,0,5,0,35634,569976,1114,106842,5.279706547111786,0.1578592767922839
1570,0.1348095238095238,0,2,0,35636,569974,1114,106842,5.279688021045611,0.15785974326848065
1571,0.1348333333333333,0,6,0,35642,569968,1114,106842,5.2796324428470855,0.1578611427136124
1572,0.1348571428571428,0,1,0,35643,569967,1114,106842,5.279623179813998,0.15786137595688002
1573,0.1349166666666666,0,1,0,35644,569966,1114,106842,5.279613916780911,0.15786160920083686
1574,0.1349999999999999,0,3,0,35647,569963,1114,106842,5.2795861276816485,0.15786230893684297
1575,0.135,35,656,35,36303,569307,1149,106807,5.2735095779762124,0.15797188048169392
1576,0.1351190476190476,0,4,0,36307,569303,1149,106807,5.273472525843863,0.15797281507447014
1577,0.1351666666666666,0,6,0,36313,569297,1149,106807,5.273416947645337,0.15797421698436928
1578,0.1351785714285714,0,1,0,36314,569296,1149,106807,5.273407684612249,0.15797445063843824
1579,0.1352380952380952,1,0,1,36314,569296,1150,106806,5.273407684612249,0.15797320522643032
1580,0.13525,0,1,0,36315,569295,1150,106806,5.273398421579162,0.157973438879694
1581,0.1353333333333333,1,17,1,36332,569278,1151,106805,5.273240950016674,0.15797616564830058
1582,0.1353571428571428,0,1,0,36333,569277,1151,106805,5.273231686983586,0.15797639931250942
1583,0.1353636363636363,0,1,0,36334,569276,1151,106805,5.273222423950498,0.15797663297740952
1584,0.1354166666666666,0,3,0,36337,569273,1151,106805,5.273194634851236,0.15797733397625718
1585,0.1354761904761904,0,1,0,36338,569272,1151,106805,5.2731853718181485,0.1579775676439222
1586,0.1354761904761905,0,1,0,36339,569271,1151,106805,5.27317610878506,0.1579778013122785
1587,0.1355,0,9,0,36348,569262,1151,106805,5.273092741487273,0.1579799043585917
1588,0.1355238095238095,0,1,0,36349,569261,1151,106805,5.273083478454185,0.1579801380338606
1589,0.1356666666666666,3,16,3,36365,569245,1154,106802,5.272935269924784,0.1579801404340231
1590,0.1357142857142857,0,6,0,36371,569239,1154,106802,5.272879691726259,0.1579815425395797
1591,0.1357619047619047,0,1,0,36372,569238,1154,106802,5.272870428693171,0.1579817762262588
1592,0.1357738095238095,0,1,0,36373,569237,1154,106802,5.272861165660084,0.15798200991362923
1593,0.1357857142857143,1,4,1,36377,569233,1155,106801,5.272824113527734,0.15798169914530927
1594,0.1358333333333333,3,51,3,36428,569182,1158,106798,5.272351698840268,0.1579898813574366
1595,0.1358571428571428,0,1,0,36429,569181,1158,106798,5.272342435807181,0.15799011507753938
1596,0.1359047619047619,0,1,0,36430,569180,1158,106798,5.272333172774093,0.15799034879833368
1597,0.1359523809523809,0,4,0,36434,569176,1158,106798,5.272296120641743,0.15799128368842588
1598,0.136,2,74,2,36508,569102,1160,106796,5.271610656193264,0.15800608967625293
1599,0.1360714285714285,0,1,0,36509,569101,1160,106796,5.271601393160176,0.15800632344869114
1600,0.1360873015873016,0,1,0,36510,569100,1160,106796,5.271592130127089,0.1580065572218211
1601,0.1361428571428571,0,1,0,36511,569099,1160,106796,5.2715828670940015,0.15800679099564283
1602,0.1361666666666666,0,1,0,36512,569098,1160,106796,5.271573604060913,0.15800702477015627
1603,0.1361904761904762,0,1,0,36513,569097,1160,106796,5.271564341027826,0.15800725854536146
1604,0.13625,0,8,0,36521,569089,1160,106796,5.271490236763126,0.15800912877190645
1605,0.1362857142857143,1,0,1,36521,569089,1161,106795,5.271490236763126,0.15800788300951052
1606,0.1363333333333333,0,4,0,36525,569085,1161,106795,5.271453184630776,0.15800881813339646
1607,0.1363650793650793,0,2,0,36527,569083,1161,106795,5.2714346585646,0.15800928569949013
1608,0.1364285714285714,0,3,0,36530,569080,1161,106795,5.271406869465338,0.15800998705381913
1609,0.1364444444444444,0,1,0,36531,569079,1161,106795,5.2713976064322505,0.15801022083997904
1610,0.1364999999999999,0,3,0,36534,569076,1161,106795,5.271369817332988,0.15801092220260968
1611,0.1365,0,9,0,36543,569067,1161,106795,5.271286450035199,0.15801302632785982
1612,0.136547619047619,0,2,0,36545,569065,1161,106795,5.271267923969025,0.15801349391885894
1613,0.1365555555555555,0,3,0,36548,569062,1161,106795,5.271240134869762,0.15801419531054647
1614,0.1366666666666666,5,252,5,36800,568810,1166,106790,5.268905850531698,0.15806690349319125
1615,0.1366666666666667,4,92,4,36892,568718,1170,106786,5.2680536514876435,0.15808344584191952
1616,0.1367705627705627,0,1,0,36893,568717,1170,106786,5.268044388454555,0.15808367986522637
1617,0.1367857142857143,0,4,0,36897,568713,1170,106786,5.2680073363222055,0.15808461596538262
1618,0.1368333333333333,0,8,0,36905,568705,1170,106786,5.267933232057505,0.15808648819895454
1619,0.1368571428571428,0,1,0,36906,568704,1170,106786,5.267923969024418,0.15808672223126916
1620,0.1369047619047619,1,0,1,36906,568704,1171,106785,5.267923969024418,0.1580854758552693
1621,0.1369696969696969,0,1,0,36907,568703,1171,106785,5.26791470599133,0.15808570988677814
1622,0.1369999999999999,2,19,2,36926,568684,1173,106783,5.267738708362666,0.15808766379408618
1623,0.137,1,1,1,36927,568683,1174,106782,5.267729445329579,0.15808665141791212
1624,0.1370252525252525,0,1,0,36928,568682,1174,106782,5.267720182296491,0.15808688545947674
1625,0.1370833333333333,0,2,0,36930,568680,1174,106782,5.267701656230316,0.15808735354468498
1626,0.1371428571428571,0,3,0,36933,568677,1174,106782,5.2676738671310535,0.1580880556776947
1627,0.1371666666666666,0,4,0,36937,568673,1174,106782,5.267636814998703,0.158088991864743
1628,0.1372142857142857,0,1,0,36938,568672,1174,106782,5.2676275519656155,0.15808922591323762
1629,0.1372222222222222,0,1,0,36939,568671,1174,106782,5.267618288932528,0.1580894599624252
1630,0.1372380952380952,0,1,0,36940,568670,1174,106782,5.26760902589944,0.15808969401230583
1631,0.1372727272727272,0,1,0,36941,568669,1174,106782,5.267599762866353,0.15808992806287947
1632,0.1373333333333333,0,16,0,36957,568653,1174,106782,5.267451554336952,0.1580936729663106
1633,0.1373484848484848,0,1,0,36958,568652,1174,106782,5.2674422913038645,0.15809390702866602
1634,0.1373571428571428,0,2,0,36960,568650,1174,106782,5.267423765237689,0.15809437515545607
1635,0.1373809523809523,1,1,1,36961,568649,1175,106781,5.267414502204602,0.1580933627466947
1636,0.1374285714285714,1,1,1,36962,568648,1176,106780,5.267405239171515,0.15809235033193766
1637,0.1374523809523809,0,1,0,36963,568647,1176,106780,5.267395976138427,0.15809258439476065
1638,0.1374603174603174,0,1,0,36964,568646,1176,106780,5.267386713105339,0.1580928184582767
1639,0.1374999999999999,0,2,0,36966,568644,1176,106780,5.267368187039164,0.15809328658738808
1640,0.1375,12,188,12,37154,568456,1188,106768,5.265626736818704,0.1581223416229281
1641,0.1375238095238095,0,1,0,37155,568455,1188,106768,5.265617473785617,0.15812257580088357
1642,0.1375833333333333,1,2,1,37157,568453,1189,106767,5.265598947719441,0.15812179734012619
1643,0.1376190476190476,0,2,0,37159,568451,1189,106767,5.265580421653266,0.15812226569789312
1644,0.1376666666666666,0,7,0,37166,568444,1189,106767,5.265515580421654,0.1581239049719273
1645,0.1376666666666667,0,7,0,37173,568437,1189,106767,5.26545073919004,0.15812554427995096
1646,0.1377142857142857,0,1,0,37174,568436,1189,106767,5.265441476156953,0.15812577846958617
1647,0.1377777777777777,0,2,0,37176,568434,1189,106767,5.265422950090778,0.1581262468509377
1648,0.1377857142857143,1,1,1,37177,568433,1190,106766,5.26541368705769,0.1581252341902165
1649,0.1378333333333333,0,2,0,37179,568431,1190,106766,5.265395160991515,0.15812570257273062
1650,0.1378571428571428,0,6,0,37185,568425,1190,106766,5.26533958279299,0.15812710773692185
1651,0.1379090909090909,0,1,0,37186,568424,1190,106766,5.265330319759903,0.1581273419333817
1652,0.1379166666666667,0,1,0,37187,568423,1190,106766,5.2653210567268145,0.1581275761305353
1653,0.1379999999999999,0,2,0,37189,568421,1190,106766,5.265302530660639,0.15812804452692364
1654,0.138,0,40,0,37229,568381,1190,106766,5.264932009337137,0.15813741303745701
1655,0.1380555555555555,0,1,0,37230,568380,1190,106766,5.26492274630405,0.15813764726444354
1656,0.138095238095238,0,3,0,37233,568377,1190,106766,5.264894957204787,0.15813834994956624
1657,0.1380952380952381,0,2,0,37235,568375,1190,106766,5.264876431138612,0.15813881840978403
1658,0.1381666666666666,0,8,0,37243,568367,1190,106766,5.2648023268739115,0.15814069227841032
1659,0.1381666666666667,0,1,0,37244,568366,1190,106766,5.264793063840824,0.1581409265151111
1660,0.1381904761904762,0,2,0,37246,568364,1190,106766,5.264774537774649,0.1581413949905944
1661,0.1382857142857143,0,1,0,37247,568363,1190,106766,5.264765274741562,0.1581416292293769
1662,0.1383214285714285,0,1,0,37248,568362,1190,106766,5.2647560117084735,0.1581418634688533
1663,0.1383333333333333,12,179,12,37427,568183,1202,106754,5.263097928785801,0.15816883649881397
1664,0.1383730158730158,0,1,0,37428,568182,1202,106754,5.263088665752714,0.1581690708452357
1665,0.1383809523809523,0,1,0,37429,568181,1202,106754,5.263079402719627,0.15816930519235187
1666,0.1384285714285714,0,1,0,37430,568180,1202,106754,5.263070139686539,0.15816953954016244
1667,0.1384999999999999,1,9,1,37439,568171,1203,106753,5.262986772388751,0.15817040140815855
1668,0.1385,0,2,0,37441,568169,1203,106753,5.2629682463225755,0.1581708701153615
1669,0.1385714285714285,0,4,0,37445,568165,1203,106753,5.262931194190226,0.15817180753810092
1670,0.1385833333333333,0,2,0,37447,568163,1203,106753,5.26291266812405,0.1581722762536375
1671,0.1386666666666666,2,12,2,37459,568151,1205,106751,5.262801511727,0.15817259394697306
1672,0.1386904761904762,0,2,0,37461,568149,1205,106751,5.262782985660825,0.158173062675952
1673,0.1387142857142857,0,2,0,37463,568147,1205,106751,5.26276445959465,0.158173531407709
1674,0.13875,0,1,0,37464,568146,1205,106751,5.262755196561562,0.15817376577462933
1675,0.1388333333333333,0,9,0,37473,568137,1205,106751,5.262671829263774,0.1581758751081661
1676,0.1388571428571428,0,2,0,37475,568135,1205,106751,5.262653303197599,0.15817634385659207
1677,0.1388809523809523,0,2,0,37477,568133,1205,106751,5.262634777131424,0.1581768126077963
1678,0.1389285714285714,0,3,0,37480,568130,1205,106751,5.262606988032161,0.1581775157398119
1679,0.1389999999999999,0,7,0,37487,568123,1205,106751,5.262542146800548,0.158179156405492
1680,0.139,0,35,0,37522,568088,1205,106751,5.262217940642484,0.1581873602444435
1681,0.139047619047619,0,1,0,37523,568087,1205,106751,5.262208677609396,0.1581875946523462
1682,0.1390833333333333,0,1,0,37524,568086,1205,106751,5.262199414576309,0.1581878290609436
1683,0.1391666666666666,0,46,0,37570,568040,1205,106751,5.261773315054281,0.1581986126074592
1684,0.1391666666666667,0,20,0,37590,568020,1205,106751,5.26158805439253,0.15820330156453077
1685,0.1391904761904762,0,1,0,37591,568019,1205,106751,5.261578791359443,0.1582035360196808
1686,0.1392440476190476,1,1,1,37592,568018,1206,106750,5.261569528326355,0.1582025229412183
1687,0.1392777777777777,0,2,0,37594,568016,1206,106750,5.26155100226018,0.15820299185199016
1688,0.1392857142857143,0,3,0,37597,568013,1206,106750,5.261523213160918,0.15820369522335992
1689,0.1393333333333333,2,16,2,37613,567997,1208,106748,5.261375004631517,0.15820495150019637
1690,0.1394047619047619,0,1,0,37614,567996,1208,106748,5.261365741598429,0.15820518596682595
1691,0.1394444444444444,0,1,0,37615,567995,1208,106748,5.261356478565341,0.15820542043415048
1692,0.1394999999999999,1,11,1,37626,567984,1209,106747,5.261254585201378,0.15820675202414
1693,0.1395,0,1,0,37627,567983,1209,106747,5.261245322168291,0.15820698649830303
1694,0.1395238095238095,1,5,1,37632,567978,1210,106746,5.261199007002853,0.1582069112703861
1695,0.1395833333333333,0,1,0,37633,567977,1210,106746,5.261189743969766,0.15820714574721775
1696,0.1396376858435682,0,1,0,37634,567976,1210,106746,5.261180480936678,0.15820738022474443
1697,0.1396428571428571,0,1,0,37635,567975,1210,106746,5.26117121790359,0.15820761470296613
1698,0.1396666666666666,1,11,1,37646,567964,1211,106745,5.261069324539627,0.15820894637540037
1699,0.1396666666666667,0,1,0,37647,567963,1211,106745,5.26106006150654,0.15820918086046112
1700,0.1397499999999999,0,1,0,37648,567962,1211,106745,5.261050798473452,0.15820941534621696
1701,0.1398333333333333,0,5,0,37653,567957,1211,106745,5.261004483308015,0.1582105877854223
1702,0.1398571428571428,0,1,0,37654,567956,1211,106745,5.260995220274927,0.15821082227534863
1703,0.1399999999999999,0,17,0,37671,567939,1211,106745,5.260837748712438,0.15821480871044816
1704,0.14,80,2335,80,40006,565604,1291,106665,5.239208566453,0.15866416568367722
1705,0.1401666666666666,0,6,0,40012,565598,1291,106665,5.239152988254474,0.15866558177379983
1706,0.1401904761904761,0,1,0,40013,565597,1291,106665,5.239143725221386,0.1586658177912778
1707,0.1402142857142857,0,1,0,40014,565596,1291,106665,5.239134462188299,0.15866605380945795
1708,0.1402222222222222,0,2,0,40016,565594,1291,106665,5.239115936122124,0.15866652584792468
1709,0.1402777777777777,0,2,0,40018,565592,1291,106665,5.239097410055948,0.1586669978892001
1710,0.1402857142857143,0,7,0,40025,565585,1291,106665,5.239032568824336,0.15866865005578282
1711,0.1403333333333333,1,13,1,40038,565572,1292,106664,5.2389121493941975,0.1586704669193557
1712,0.1403535353535353,0,1,0,40039,565571,1292,106664,5.23890288636111,0.1586707029535802
1713,0.1403636363636363,0,1,0,40040,565570,1292,106664,5.238893623328022,0.15867093898850698
1714,0.1403928571428571,0,1,0,40041,565569,1292,106664,5.238884360294935,0.15867117502413597
1715,0.1404166666666667,0,2,0,40043,565567,1292,106664,5.2388658342287595,0.1586716470975007
1716,0.1404761904761904,0,1,0,40044,565566,1292,106664,5.238856571195672,0.15867188313523645
1717,0.1404999999999999,0,2,0,40046,565564,1292,106664,5.238838045129497,0.1586723552128147
1718,0.1405,0,4,0,40050,565560,1292,106664,5.238800992997147,0.15867329937639835
1719,0.1405555555555555,0,1,0,40051,565559,1292,106664,5.23879172996406,0.15867353541904994
1720,0.1405952380952381,0,1,0,40052,565558,1292,106664,5.238782466930972,0.1586737714624038
1721,0.1406071428571428,0,1,0,40053,565557,1292,106664,5.2387732038978845,0.15867400750645994
1722,0.1406666666666666,2,12,2,40065,565545,1294,106662,5.238662047500834,0.1586743369230014
1723,0.1406666666666667,0,3,0,40068,565542,1294,106662,5.238634258401571,0.15867504507560204
1724,0.1407142857142857,0,2,0,40070,565540,1294,106662,5.238615732335396,0.15867551718084744
1725,0.1408095238095238,1,2,1,40072,565538,1295,106661,5.238597206269221,0.15867473768928547
1726,0.1408333333333333,0,42,0,40114,565496,1295,106661,5.2382081588795435,0.1586846525439741
1727,0.1408896103896104,0,3,0,40117,565493,1295,106661,5.238180369780281,0.15868536079529394
1728,0.1408928571428571,0,1,0,40118,565492,1295,106661,5.238171106747194,0.15868559688047215
1729,0.1409126984126984,0,1,0,40119,565491,1295,106661,5.2381618437141055,0.15868583296635286
1730,0.1409523809523809,0,3,0,40122,565488,1295,106661,5.238134054614843,0.15868654122820983
1731,0.141,1,27,1,40149,565461,1296,106660,5.2378839527214796,0.15869166414975874
1732,0.1411111111111111,0,3,0,40152,565458,1296,106660,5.237856163622216,0.15869237247031026
1733,0.1411428571428571,1,0,1,40152,565458,1297,106659,5.237856163622216,0.15869112074237074
1734,0.1411666666666666,0,4,0,40156,565454,1297,106659,5.237819111489866,0.15869206517356457
1735,0.1411666666666667,0,1,0,40157,565453,1297,106659,5.237809848456779,0.15869230128311948
1736,0.1411904761904762,0,1,0,40158,565452,1297,106659,5.237800585423691,0.158692537393377
1737,0.1412272727272727,0,1,0,40159,565451,1297,106659,5.237791322390604,0.15869277350433708
1738,0.14125,0,7,0,40166,565444,1297,106659,5.23772648115899,0.1586944263007307
1739,0.1413095238095238,0,2,0,40168,565442,1297,106659,5.237707955092816,0.15869489853459526
1740,0.1413333333333333,1,12,1,40180,565430,1298,106658,5.2375967986957646,0.15869648022282795
1741,0.1413809523809523,0,1,0,40181,565429,1298,106658,5.237587535662677,0.15869671634773475
1742,0.1414285714285714,0,13,0,40194,565416,1298,106658,5.237467116232539,0.15869978603546633
1743,0.1415,0,3,0,40197,565413,1298,106658,5.237439327133276,0.15870049444180748
1744,0.141547619047619,0,1,0,40198,565412,1298,106658,5.237430064100189,0.15870073057865997
1745,0.141576923076923,1,0,1,40198,565412,1299,106657,5.237430064100189,0.15869947877375687
1746,0.141579365079365,0,1,0,40199,565411,1299,106657,5.237420801067102,0.15869971490980078
1747,0.1415833333333333,0,1,0,40200,565410,1299,106657,5.237411538034014,0.15869995104654744
1748,0.1416666666666666,5,114,5,40314,565296,1304,106652,5.236355552262033,0.15872061528570663
1749,0.1416666666666667,2,46,2,40360,565250,1306,106650,5.235929452740005,0.15872897752641763
1750,0.1416677489177489,0,1,0,40361,565249,1306,106650,5.235920189706918,0.15872921376575944
1751,0.1416904761904762,0,1,0,40362,565248,1306,106650,5.23591092667383,0.15872945000580446
1752,0.1417597402597402,1,0,1,40362,565248,1307,106649,5.23591092667383,0.1587281979231936
1753,0.1417619047619047,0,1,0,40363,565247,1307,106649,5.2359016636407425,0.1587284341624299
1754,0.1417857142857143,1,1,1,40364,565246,1308,106648,5.235892400607655,0.1587274183130077
1755,0.1418333333333333,0,13,0,40377,565233,1308,106648,5.235771981177517,0.1587304894765591
1756,0.1419047619047619,0,2,0,40379,565231,1308,106648,5.235753455111341,0.1587309619738078
1757,0.1419166666666667,0,3,0,40382,565228,1308,106648,5.235725666012079,0.1587316707249552
1758,0.142,4,47,4,40429,565181,1312,106644,5.235290303456964,0.1587377665314628
1759,0.1420238095238095,0,1,0,40430,565180,1312,106644,5.235281040423876,0.15873800281025982
1760,0.1420833333333333,0,1,0,40431,565179,1312,106644,5.235271777390789,0.15873823908976026
1761,0.1421428571428571,0,7,0,40438,565172,1312,106644,5.235206936159176,0.15873989306595854
1762,0.1421666666666666,0,4,0,40442,565168,1312,106644,5.235169884026826,0.1587408382106899
1763,0.1422222222222222,0,2,0,40444,565166,1312,106644,5.235151357960651,0.15874131078727616
1764,0.1423333333333333,2,12,2,40456,565154,1314,106642,5.2350402015636,0.1587416418079298
1765,0.1423809523809523,1,2,1,40458,565152,1315,106641,5.235021675497425,0.1587408621405701
1766,0.1424999999999999,0,3,0,40461,565149,1315,106641,5.234993886398162,0.15874157102666012
1767,0.1425,6,181,6,40642,564968,1321,106635,5.233317277409315,0.15877683691109182
1768,0.1425757575757575,0,1,0,40643,564967,1321,106635,5.233308014376227,0.1587770733261664
1769,0.1426190476190476,0,4,0,40647,564963,1321,106635,5.2332709622438776,0.15877801899350505
1770,0.1426666666666666,1,14,1,40661,564949,1322,106634,5.233141279780652,0.15878007632712562
1771,0.14275,0,3,0,40664,564946,1322,106634,5.233113490681388,0.1587807856100539
1772,0.1427619047619047,0,1,0,40665,564945,1322,106634,5.233104227648301,0.15878102203910485
1773,0.1428333333333333,0,1,0,40666,564944,1322,106634,5.233094964615214,0.1587812584688599
1774,0.1428571428571428,0,8,0,40674,564936,1322,106634,5.233020860350513,0.15878314993224832
1775,0.1429166666666666,0,1,0,40675,564935,1322,106634,5.233011597317426,0.1587833863683404
1776,0.143,0,14,0,40689,564921,1322,106634,5.2328819148542,0.15878669654756497
1777,0.143015873015873,0,1,0,40690,564920,1322,106634,5.232872651821112,0.15878693299421937
1778,0.1430555555555555,0,1,0,40691,564919,1322,106634,5.232863388788025,0.15878716944157795
1779,0.143095238095238,0,1,0,40692,564918,1322,106634,5.232854125754937,0.15878740588964071
1780,0.1430952380952381,0,2,0,40694,564916,1322,106634,5.232835599688762,0.15878787878787878
1781,0.1431428571428571,0,2,0,40696,564914,1322,106634,5.232817073622587,0.15878835168893363
1782,0.1431666666666666,2,5,2,40701,564909,1324,106632,5.232770758457149,0.15878702864009792
1783,0.1431904761904762,0,1,0,40702,564908,1324,106632,5.232761495424062,0.1587872650921762
1784,0.1432142857142857,0,1,0,40703,564907,1324,106632,5.2327522323909745,0.15878750154495866
1785,0.1432857142857142,0,1,0,40704,564906,1324,106632,5.232742969357886,0.15878773799844537
1786,0.1432878787878788,0,1,0,40705,564905,1324,106632,5.232733706324799,0.15878797445263626
1787,0.1433333333333333,14,380,14,41085,564525,1338,106618,5.229213753751528,0.15886033229877985
1788,0.1434285714285714,0,1,0,41086,564524,1338,106618,5.229204490718441,0.158860569000301
1789,0.1435,1,8,1,41094,564516,1339,106617,5.229130386453741,0.15886120932810635
1790,0.1435238095238095,0,1,0,41095,564515,1339,106617,5.2291211234206525,0.15886144603446117
1791,0.143531746031746,0,1,0,41096,564514,1339,106617,5.229111860387565,0.1588616827415214
1792,0.143547619047619,0,1,0,41097,564513,1339,106617,5.229102597354478,0.15886191944928701
1793,0.1435714285714285,0,2,0,41099,564511,1339,106617,5.229084071288303,0.1588623928669345
1794,0.1436111111111111,0,1,0,41100,564510,1339,106617,5.229074808255215,0.15886262957681632
1795,0.1436363636363636,0,1,0,41101,564509,1339,106617,5.229065545222127,0.15886286628740356
1796,0.1436428571428571,0,1,0,41102,564508,1339,106617,5.22905628218904,0.15886310299869622
1797,0.1436666666666666,0,8,0,41110,564500,1339,106617,5.2289821779243395,0.1588649967144328
1798,0.1436904761904762,0,3,0,41113,564497,1339,106617,5.228954388825077,0.15886570686947374
1799,0.1437142857142857,0,2,0,41115,564495,1339,106617,5.2289358627589015,0.15886618030969496
1800,0.14375,0,7,0,41122,564488,1339,106617,5.228871021527289,0.1588678373726913
1801,0.1438095238095238,0,1,0,41123,564487,1339,106617,5.228861758494201,0.15886807409879838
1802,0.1438333333333333,0,2,0,41125,564485,1339,106617,5.2288432324280265,0.15886854755312904
1803,0.144,1,92,1,41217,564393,1340,106616,5.227991033383971,0.1588890760034515
1804,0.1440238095238095,0,1,0,41218,564392,1340,106616,5.227981770350883,0.15888931279507845
1805,0.1441190476190476,0,8,0,41226,564384,1340,106616,5.227907666086184,0.15889120715350225
1806,0.1441666666666666,1,56,1,41282,564328,1341,106615,5.227388936233281,0.1589032153252959
1807,0.1441904761904762,0,3,0,41285,564325,1341,106615,5.227361147134018,0.15890392583539512
1808,0.1442857142857143,0,5,0,41290,564320,1341,106615,5.22731483196858,0.15890511003301364
1809,0.1443095238095238,1,3,1,41293,564317,1342,106614,5.2272870428693174,0.15890456693758376
1810,0.1443333333333333,0,9,0,41302,564308,1342,106614,5.227203675571529,0.15890669854319875
1811,0.1444126984126984,0,1,0,41303,564307,1342,106614,5.2271944125384415,0.15890693539179723
1812,0.1444444444444444,0,3,0,41306,564304,1342,106614,5.227166623439179,0.15890764594182896
1813,0.1445,0,12,0,41318,564292,1342,106614,5.2270554670421285,0.15891048820550122
1814,0.1445454545454545,0,1,0,41319,564291,1342,106614,5.22704620400904,0.15891072506539675
1815,0.1445833333333333,0,3,0,41322,564288,1342,106614,5.227018414909778,0.15891143564931987
1816,0.1446666666666666,0,12,0,41334,564276,1342,106614,5.226907258512727,0.15891427804856237
1817,0.1447142857142857,0,2,0,41336,564274,1342,106614,5.226888732446552,0.15891475179165523
1818,0.1447727272727272,0,1,0,41337,564273,1342,106614,5.226879469413465,0.1589149886642609
1819,0.1447979797979798,0,1,0,41338,564272,1342,106614,5.226870206380378,0.1589152255375727
1820,0.1448095238095238,0,2,0,41340,564270,1342,106614,5.226851680314202,0.15891569928631477
1821,0.1448333333333333,1,10,1,41350,564260,1343,106613,5.226759049983326,0.15891681435979685
1822,0.145,34,739,34,42089,563521,1377,106579,5.219913668531624,0.15904939561259512
1823,0.1451666666666666,1,8,1,42097,563513,1378,106578,5.219839564266923,0.15905003947225077
1824,0.1452380952380952,0,1,0,42098,563512,1378,106578,5.219830301233836,0.15905027682848571
1825,0.1453095238095238,0,1,0,42099,563511,1378,106578,5.219821038200749,0.1590505141854291
1826,0.1453333333333333,0,21,0,42120,563490,1378,106578,5.21962651450591,0.15905549884489337
1827,0.1453571428571428,0,3,0,42123,563487,1378,106578,5.219598725406647,0.15905621096460792
1828,0.1454166666666666,0,6,0,42129,563481,1378,106578,5.219543147208122,0.1590576352231669
1829,0.1454761904761904,0,1,0,42130,563480,1378,106578,5.219533884175034,0.15905787260207324
1830,0.1455,1,8,1,42138,563472,1379,106577,5.219459779910334,0.15905851661594897
1831,0.1455238095238095,0,1,0,42139,563471,1379,106577,5.219450516877246,0.15905875399971345
1832,0.1455555555555555,0,4,0,42143,563467,1379,106577,5.219413464744896,0.15905970354185694
1833,0.1456428571428571,0,1,0,42144,563466,1379,106577,5.219404201711808,0.15905994092916426
1834,0.1456666666666666,1,10,1,42154,563456,1380,106576,5.219311571380933,0.15906105977027962
1835,0.1456666666666667,0,5,0,42159,563451,1380,106576,5.219265256215495,0.1590622467452804
1836,0.1457142857142857,1,5,1,42164,563446,1381,106575,5.219218941050057,0.15906217864813194
1837,0.1458333333333333,1,51,1,42215,563395,1382,106574,5.218746526362592,0.15907303173728934
1838,0.1459047619047619,0,1,0,42216,563394,1382,106574,5.218737263329505,0.15907326917106487
1839,0.1459285714285714,0,1,0,42217,563393,1382,106574,5.218728000296417,0.15907350660554923
1840,0.1459523809523809,0,4,0,42221,563389,1382,106574,5.218690948164067,0.15907445635057457
1841,0.146,0,68,0,42289,563321,1382,106574,5.2180610619141135,0.15909060375133416
1842,0.1460238095238095,0,1,0,42290,563320,1382,106574,5.218051798881025,0.15909084123756892
1843,0.146047619047619,0,3,0,42293,563317,1382,106574,5.218024009781763,0.1590915537005274
1844,0.146060606060606,0,2,0,42295,563315,1382,106574,5.218005483715588,0.15909202867937822
1845,0.1460833333333333,0,1,0,42296,563314,1382,106574,5.2179962206825,0.1590922661698672
1846,0.1461111111111111,0,2,0,42298,563312,1382,106574,5.217977694616325,0.15909274115297228
1847,0.1461666666666666,0,1,0,42299,563311,1382,106574,5.2179684315832375,0.1590929786455884
1848,0.1461904761904761,0,2,0,42301,563309,1382,106574,5.217949905517062,0.15909345363294786
1849,0.14625,0,2,0,42303,563307,1382,106574,5.217931379450888,0.1590939286231435
1850,0.1462857142857142,0,1,0,42304,563306,1382,106574,5.2179221164178,0.15909416611930496
1851,0.1463095238095238,0,5,0,42309,563301,1382,106574,5.2178758012523625,0.15909535361074828
1852,0.1463333333333333,0,6,0,42315,563295,1382,106574,5.217820223053836,0.1590967786238802
1853,0.1463571428571428,0,1,0,42316,563294,1382,106574,5.217810960020749,0.1590970161285507
1854,0.1463636363636363,0,1,0,42317,563293,1382,106574,5.217801696987662,0.15909725363393032
1855,0.1463809523809524,0,2,0,42319,563291,1382,106574,5.217783170921487,0.1590977286468169
1856,0.1463888888888888,1,1,1,42320,563290,1383,106573,5.217773907888399,0.15909671081997365
1857,0.1464285714285714,0,1,0,42321,563289,1383,106573,5.217764644855311,0.15909694832667026
1858,0.1464523809523809,0,1,0,42322,563288,1383,106573,5.217755381822224,0.15909718583407603
1859,0.1465,1,14,1,42336,563274,1384,106572,5.217625699358998,0.15909925564980607
1860,0.1465238095238095,0,1,0,42337,563273,1384,106572,5.217616436325911,0.15909949316632951
1861,0.1466666666666666,8,379,8,42716,562894,1392,106564,5.2141057467857275,0.15917951536914937
1862,0.1466904761904761,0,1,0,42717,562893,1392,106564,5.21409648375264,0.15917975314321905
1863,0.1467460317460317,0,1,0,42718,562892,1392,106564,5.214087220719552,0.1591799909179991
1864,0.146754329004329,0,1,0,42719,562891,1392,106564,5.214077957686465,0.15918022869348947
1865,0.1467777777777777,1,0,1,42719,562891,1393,106563,5.214077957686465,0.15917897271507825
1866,0.1467857142857143,0,1,0,42720,562890,1393,106563,5.214068694653378,0.15917921048975806
1867,0.1468333333333333,0,3,0,42723,562887,1393,106563,5.214040905554115,0.1591799238180596
1868,0.1468571428571428,1,1,1,42724,562886,1394,106562,5.214031642521027,0.15917890560581255
1869,0.1468928571428571,0,2,0,42726,562884,1394,106562,5.2140131164548515,0.1591793811599442
1870,0.1469444444444444,0,2,0,42728,562882,1394,106562,5.213994590388677,0.1591798567169173
1871,0.1469761904761904,0,1,0,42729,562881,1394,106562,5.213985327355589,0.15918009449646944
1872,0.147,1,26,1,42755,562855,1395,106561,5.213744488495313,0.15918502097350526
1873,0.1470454545454545,0,1,0,42756,562854,1395,106561,5.213735225462226,0.1591852587707177
1874,0.1470833333333333,0,1,0,42757,562853,1395,106561,5.213725962429137,0.15918549656864064
1875,0.1471428571428571,0,1,0,42758,562852,1395,106561,5.21371669939605,0.159185734367274
1876,0.1471666666666666,0,3,0,42761,562849,1395,106561,5.213688910296788,0.15918644776743698
1877,0.1471984126984127,0,2,0,42763,562847,1395,106561,5.213670384230612,0.15918692337109805
1878,0.1472222222222222,0,1,0,42764,562846,1395,106561,5.213661121197525,0.15918716117399428
1879,0.14725,0,3,0,42767,562843,1395,106561,5.213633332098262,0.159187874586946
1880,0.1472619047619047,0,2,0,42769,562841,1395,106561,5.213614806032087,0.15918835019913297
1881,0.1473333333333333,1,29,1,42798,562812,1396,106560,5.213346178072548,0.15919399078539287
1882,0.1473571428571428,0,2,0,42800,562810,1396,106560,5.213327652006373,0.1591944664385915
1883,0.1473809523809523,0,2,0,42802,562808,1396,106560,5.213309125940198,0.15919494209463256
1884,0.1474652847152847,0,1,0,42803,562807,1396,106560,5.21329986290711,0.15919517992371898
1885,0.1475,3,179,3,42982,562628,1399,106557,5.211641779984438,0.15923399358921672
1886,0.1476190476190476,0,3,0,42985,562625,1399,106557,5.2116139908851755,0.1592347074487957
1887,0.1476666666666666,1,19,1,43004,562606,1400,106556,5.211437993256512,0.15923797226979416
1888,0.1477380952380952,0,2,0,43006,562604,1400,106556,5.211419467190336,0.1592384482037181
1889,0.1477857142857143,0,1,0,43007,562603,1400,106556,5.211410204157249,0.1592386861717469
1890,0.1478095238095238,0,2,0,43009,562601,1400,106556,5.211391678091074,0.15923916210993833
1891,0.1478333333333333,1,5,1,43014,562596,1401,106555,5.211345362925637,0.15923909551057983
1892,0.1478571428571428,0,10,0,43024,562586,1401,106555,5.211252732594761,0.1592414752645556
1893,0.1478690476190476,0,1,0,43025,562585,1401,106555,5.211243469561674,0.15924171324386527
1894,0.1479166666666666,0,2,0,43027,562583,1401,106555,5.211224943495498,0.15924218920461847
1895,0.1479285714285714,0,1,0,43028,562582,1401,106555,5.211215680462411,0.15924242718606205
1896,0.1479761904761904,0,1,0,43029,562581,1401,106555,5.211206417429323,0.15924266516821692
1897,0.148,1,47,1,43076,562534,1402,106554,5.210771054874208,0.15925259457649815
1898,0.1480555555555555,0,1,0,43077,562533,1402,106554,5.21076179184112,0.15925283259127737
1899,0.1480833333333333,0,3,0,43080,562530,1402,106554,5.210734002741858,0.15925354663988378
1900,0.1481666666666666,0,6,0,43086,562524,1402,106554,5.210678424543333,0.15925497475630643
1901,0.1481904761904762,0,5,0,43091,562519,1402,106554,5.210632109377895,0.1592561648728913
1902,0.1482979797979798,0,1,0,43092,562518,1402,106554,5.210622846344807,0.15925640289834278
1903,0.1483333333333333,4,191,4,43283,562327,1406,106550,5.208853607025084,0.15929685128954948
1904,0.1483809523809523,0,2,0,43285,562325,1406,106550,5.2088350809589095,0.15929732760231732
1905,0.1484523809523809,0,2,0,43287,562323,1406,106550,5.208816554892734,0.1592978039179336
1906,0.1485,1,12,1,43299,562311,1407,106549,5.208705398495684,0.1592994049576892
1907,0.1485294117647058,0,1,0,43300,562310,1407,106549,5.208696135462596,0.15929964312358807
1908,0.1485714285714285,0,2,0,43302,562308,1407,106549,5.208677609396421,0.15930011945752232
1909,0.1486190476190476,0,1,0,43303,562307,1407,106549,5.208668346363333,0.15930035762555766
1910,0.1486666666666666,1,13,1,43316,562294,1408,106548,5.208547926933195,0.1593021969314128
1911,0.1487023809523809,1,3,1,43319,562291,1409,106547,5.208520137833933,0.15930165451125683
1912,0.1487222222222222,0,1,0,43320,562290,1409,106547,5.208510874800845,0.15930189268835307
1913,0.1487857142857143,1,0,1,43320,562290,1410,106546,5.208510874800845,0.15930063573133024
1914,0.1488095238095237,0,2,0,43322,562288,1410,106546,5.208492348734669,0.15930111208461292
1915,0.1488333333333333,0,6,0,43328,562282,1410,106546,5.208436770536144,0.15930254116155423
1916,0.1489563492063492,0,3,0,43331,562279,1410,106546,5.2084089814368815,0.15930325570964005
1917,0.149,2,36,2,43367,562243,1412,106544,5.208075512245729,0.15930931671817783
1918,0.149047619047619,1,4,1,43371,562239,1413,106543,5.20803846011338,0.15930901250332694
1919,0.149108225108225,0,2,0,43373,562237,1413,106543,5.208019934047204,0.1593094889201232
1920,0.1491666666666666,2,60,2,43433,562177,1415,106541,5.207464152061951,0.15932126845695793
1921,0.1492222222222222,0,2,0,43435,562175,1415,106541,5.207445625995776,0.15932174495600523
1922,0.1492857142857143,0,5,0,43440,562170,1415,106541,5.207399310830338,0.15932293621609334
1923,0.1493333333333333,2,26,2,43466,562144,1417,106539,5.207158471970062,0.15932661664794828
1924,0.1494444444444444,0,2,0,43468,562142,1417,106539,5.2071399459038865,0.15932709318793267
1925,0.1494999999999999,0,1,0,43469,562141,1417,106539,5.207130682870799,0.15932733145899383
1926,0.1495,2,7,2,43476,562134,1419,106537,5.207065841639186,0.15932648492307877
1927,0.1495238095238095,0,5,0,43481,562129,1419,106537,5.207019526473749,0.15932767629877995
1928,0.1495833333333333,0,1,0,43482,562128,1419,106537,5.207010263440661,0.15932791457605827
1929,0.1496190476190476,0,1,0,43483,562127,1419,106537,5.2070010004075735,0.15932815285404928
1930,0.1496666666666666,0,3,0,43486,562124,1419,106537,5.206973211308311,0.15932886769229848
1931,0.1496666666666667,0,1,0,43487,562123,1419,106537,5.206963948275223,0.15932910597314032
1932,0.1496969696969697,0,1,0,43488,562122,1419,106537,5.206954685242136,0.15932934425469483
1933,0.1497142857142857,0,1,0,43489,562121,1419,106537,5.206945422209048,0.15932958253696208
1934,0.1497222222222222,0,1,0,43490,562120,1419,106537,5.20693615917596,0.15932982081994207
1935,0.1498333333333333,0,4,0,43494,562116,1419,106537,5.20689910704361,0.1593307739589892
1936,0.1498571428571428,0,2,0,43496,562114,1419,106537,5.206880580977435,0.15933125053278915
1937,0.1499166666666666,0,1,0,43497,562113,1419,106537,5.206871317944348,0.15933148882075823
1938,0.1499285714285714,0,1,0,43498,562112,1419,106537,5.2068620549112605,0.15933172710944007
1939,0.15,107,2483,107,45981,559629,1526,106430,5.183861943754863,0.1597906491767246
1940,0.1501190476190476,0,5,0,45986,559624,1526,106430,5.183815628589425,0.15979184870896354
1941,0.1501666666666666,1,4,1,45990,559620,1527,106429,5.183778576457075,0.15979154686817337
1942,0.1502161172161172,0,2,0,45992,559618,1527,106429,5.1837600503909,0.15979202668880724
1943,0.1502222222222222,0,1,0,45993,559617,1527,106429,5.183750787357813,0.1597922666002048
1944,0.1502777777777778,0,1,0,45994,559616,1527,106429,5.1837415243247245,0.15979250651232274
1945,0.150297619047619,1,0,1,45994,559616,1528,106428,5.1837415243247245,0.15979124502285133
1946,0.1503174603174603,0,1,0,45995,559615,1528,106428,5.183732261291637,0.1597914849341559
1947,0.1503253968253968,0,2,0,45997,559613,1528,106428,5.183713735225462,0.15979196475892626
1948,0.1503333333333333,2,8,2,46005,559605,1530,106426,5.183639630960762,0.15979136106277336
1949,0.1503571428571428,0,5,0,46010,559600,1530,106426,5.183593315795324,0.1597925606507854
1950,0.1504166666666666,0,3,0,46013,559597,1530,106426,5.183565526696062,0.159793280412238
1951,0.1504285714285714,0,1,0,46014,559596,1530,106426,5.1835562636629735,0.15979352033416314
1952,0.1504761904761904,1,5,1,46019,559591,1531,106425,5.183509948497536,0.15979345841541345
1953,0.1505,1,7,1,46026,559584,1532,106424,5.183445107265923,0.15979387634983364
1954,0.1506547619047619,0,1,0,46027,559583,1532,106424,5.183435844232836,0.15979411627805715
1955,0.1506666666666666,0,22,0,46049,559561,1532,106424,5.18323205750491,0.1597993948812661
1956,0.1507142857142857,0,3,0,46052,559558,1532,106424,5.183204268405647,0.1598001147178152
1957,0.1507380952380952,0,1,0,46053,559557,1532,106424,5.183195005372559,0.15980035466477271
1958,0.1508333333333333,1,53,1,46106,559504,1533,106423,5.182704064618918,0.15981181120453142
1959,0.1509090909090909,1,1,1,46107,559503,1534,106422,5.182694801585831,0.15981078950332245
1960,0.1509285714285714,0,1,0,46108,559502,1534,106422,5.182685538552744,0.15981102948684836
1961,0.1509523809523809,0,6,0,46114,559496,1534,106422,5.182629960354219,0.15981246940313973
1962,0.1509722222222222,1,1,1,46115,559495,1535,106421,5.182620697321131,0.15981144769009906
1963,0.151,1,32,1,46147,559463,1536,106420,5.182324280262329,0.15981786590136707
1964,0.1510714285714285,0,1,0,46148,559462,1536,106420,5.182315017229241,0.15981810591065684
1965,0.1511111111111111,0,3,0,46151,559459,1536,106420,5.1822872281299786,0.1598188259428515
1966,0.1511666666666666,1,6,1,46157,559453,1537,106419,5.182231649931453,0.15981900425306966
1967,0.1511904761904761,0,2,0,46159,559451,1537,106419,5.182213123865279,0.15981948428371903
1968,0.1512023809523809,0,1,0,46160,559450,1537,106419,5.182203860832191,0.1598197243001251
1969,0.15125,0,3,0,46163,559447,1537,106419,5.182176071732928,0.15982044435366877
1970,0.1512857142857142,0,1,0,46164,559446,1537,106419,5.182166808699841,0.1598206843729585
1971,0.1513095238095238,0,2,0,46166,559444,1537,106419,5.182148282633666,0.15982116441370073
1972,0.1513333333333333,2,12,2,46178,559432,1539,106417,5.182037126236615,0.15982152109562378
1973,0.1514015151515151,0,1,0,46179,559431,1539,106417,5.182027863203527,0.1598217611226586
1974,0.1514285714285714,0,3,0,46182,559428,1539,106417,5.182000074104264,0.15982248120808898
1975,0.1514444444444444,0,5,0,46187,559423,1539,106417,5.181953758938827,0.15982368136489247
1976,0.1515,1,6,1,46193,559417,1540,106416,5.181898180740301,0.15982385973660063
1977,0.151547619047619,1,4,1,46197,559413,1541,106415,5.1818611286079514,0.1598235580360093
1978,0.1515952380952381,0,3,0,46200,559410,1541,106415,5.181833339508689,0.15982427815116584
1979,0.1516190476190476,0,1,0,46201,559409,1541,106415,5.181824076475602,0.15982451819099341
1980,0.1516320346320346,0,1,0,46202,559408,1541,106415,5.1818148134425135,0.15982475823154202
1981,0.1516666666666666,12,202,12,46404,559206,1553,106403,5.179943680758828,0.15985811489928772
1982,0.1517142857142857,0,3,0,46407,559203,1553,106403,5.179915891659565,0.15985883540713275
1983,0.1517222222222222,0,1,0,46408,559202,1553,106403,5.179906628626478,0.15985907557785775
1984,0.1517261904761905,0,1,0,46409,559201,1553,106403,5.17989736559339,0.1598593157493044
1985,0.1517777777777777,1,1,1,46410,559200,1554,106402,5.1798881025603025,0.15985829369503096
1986,0.1518333333333333,0,10,0,46420,559190,1554,106402,5.179795472229427,0.15986069544105097
1987,0.152,1,46,1,46466,559144,1555,106401,5.1793693727073995,0.15987048208610988
1988,0.1520238095238095,0,1,0,46467,559143,1555,106401,5.179360109674311,0.15987072229634705
1989,0.1520833333333333,0,4,0,46471,559139,1555,106401,5.1793230575419615,0.15987168314451422
1990,0.1521309523809524,0,3,0,46474,559136,1555,106401,5.179295268442699,0.15987240378821913
1991,0.1521428571428571,0,4,0,46478,559132,1555,106401,5.179258216310348,0.15987336465659854
1992,0.1521666666666666,0,4,0,46482,559128,1555,106401,5.179221164177998,0.15987432553652808
1993,0.1522222222222222,0,3,0,46485,559125,1555,106401,5.179193375078736,0.15987504620405513
1994,0.15225,0,1,0,46486,559124,1555,106401,5.1791841120456485,0.15987528642800797
1995,0.1522738095238095,0,1,0,46487,559123,1555,106401,5.17917484901256,0.1598755266526827
1996,0.1522777777777778,0,1,0,46488,559122,1555,106401,5.179165585979473,0.15987576687807933
1997,0.1522857142857142,0,1,0,46489,559121,1555,106401,5.179156322946386,0.15987600710419791
1998,0.1523333333333333,1,11,1,46500,559110,1556,106400,5.179054429582423,0.1598773872669081
1999,0.1523690476190476,0,1,0,46501,559109,1556,106400,5.179045166549335,0.15987762750015402
2000,0.1523809523809523,0,3,0,46504,559106,1556,106400,5.179017377450072,0.15987834820422356
2001,0.1524166666666666,0,2,0,46506,559104,1556,106400,5.178998851383897,0.15987882867721306
2002,0.1524285714285714,0,1,0,46507,559103,1556,106400,5.1789895883508095,0.15987906891479076
2003,0.1524999999999999,1,3,1,46510,559100,1557,106399,5.178961799251547,0.15987852724046167
2004,0.1525,11,207,11,46717,558893,1568,106388,5.177044351402423,0.15991438204307654
2005,0.1525555555555555,0,3,0,46720,558890,1568,106388,5.1770165623031605,0.15991510315988203
2006,0.1526190476190476,0,1,0,46721,558889,1568,106388,5.177007299270073,0.1599153435335958
2007,0.1526666666666666,0,27,0,46748,558862,1568,106388,5.176757197376709,0.15992183389703118
2008,0.1526904761904762,0,2,0,46750,558860,1568,106388,5.176738671310534,0.15992231468565107
2009,0.1527380952380952,0,1,0,46751,558859,1568,106388,5.176729408277446,0.15992255508104508
2010,0.1527777777777778,0,2,0,46753,558857,1568,106388,5.176710882211271,0.1599230358740013
2011,0.1528257575757576,0,1,0,46754,558856,1568,106388,5.176701619178184,0.15992327627156352
2012,0.1528333333333333,0,3,0,46757,558853,1568,106388,5.176673830078921,0.15992399746858657
2013,0.1528571428571428,0,7,0,46764,558846,1568,106388,5.176608988847308,0.15992568028693663
2014,0.1529166666666666,0,1,0,46765,558845,1568,106388,5.176599725814221,0.15992592069244913
2015,0.1529285714285714,0,2,0,46767,558843,1568,106388,5.176581199748045,0.1599264015056424
2016,0.153,0,27,0,46794,558816,1568,106388,5.176331097854682,0.1599328927667302
2017,0.153047619047619,0,1,0,46795,558815,1568,106388,5.176321834821594,0.15993313319392727
2018,0.1530970588235294,0,2,0,46797,558813,1568,106388,5.176303308755418,0.15993361405049
2019,0.1531666666666666,0,4,0,46801,558809,1568,106388,5.176266256623069,0.15993457577229
2020,0.1531904761904762,0,1,0,46802,558808,1568,106388,5.176256993589981,0.15993481620454722
2021,0.1532142857142857,0,2,0,46804,558806,1568,106388,5.176238467523806,0.15993529707123036
2022,0.15325,0,1,0,46805,558805,1568,106388,5.176229204490719,0.15993553750565626
2023,0.1532857142857143,1,0,1,46805,558805,1569,106387,5.176229204490719,0.15993427461544937
2024,0.1533333333333333,22,463,22,47268,558342,1591,106365,5.171940420171181,0.16001787253632052
2025,0.1533571428571428,0,1,0,47269,558341,1591,106365,5.1719311571380935,0.16001811327113039
2026,0.1534285714285714,1,1,1,47270,558340,1592,106364,5.171921894105005,0.16001709031388409
2027,0.1534444444444444,0,1,0,47271,558339,1592,106364,5.171912631071918,0.16001733104860366
2028,0.1534999999999999,0,1,0,47272,558338,1592,106364,5.171903368038831,0.1600175717840476
2029,0.1535,2,12,2,47284,558326,1594,106362,5.17179221164178,0.16001793322581423
2030,0.1536111111111111,0,1,0,47285,558325,1594,106362,5.171782948608692,0.16001817396759677
2031,0.1536666666666666,1,10,1,47295,558315,1595,106361,5.1716903182778164,0.16001931768260025
2032,0.1536904761904761,0,2,0,47297,558313,1595,106361,5.171671792211642,0.16001979917974826
2033,0.1537499999999999,0,1,0,47298,558312,1595,106361,5.171662529178554,0.16002003992940889
2034,0.15375,1,5,1,47303,558307,1596,106360,5.171616214013117,0.16001997992979944
2035,0.1538095238095238,0,1,0,47304,558306,1596,106360,5.171606950980029,0.16002022068226748
2036,0.1538333333333333,0,3,0,47307,558303,1596,106360,5.171579161880766,0.16002094294401825
2037,0.1539285714285714,0,4,0,47311,558299,1596,106360,5.171542109748416,0.16002190596982813
2038,0.1539610389610389,0,1,0,47312,558298,1596,106360,5.171532846715328,0.16002214672809173
2039,0.154,4,65,4,47377,558233,1600,106356,5.170930749564637,0.16003274204056944
2040,0.154047619047619,0,2,0,47379,558231,1600,106356,5.170912223498462,0.16003322364114855
2041,0.1541666666666666,1,56,1,47435,558175,1601,106355,5.170393493645559,0.16004544565331888
2042,0.1542857142857142,0,12,0,47447,558163,1601,106355,5.1702823372485085,0.16004833578623906
2043,0.1543333333333333,0,9,0,47456,558154,1601,106355,5.170198969950721,0.16005050345443025
2044,0.1544047619047619,0,1,0,47457,558153,1601,106355,5.1701897069176335,0.16005074431007602
2045,0.1544285714285714,0,1,0,47458,558152,1601,106355,5.170180443884545,0.1600509851664467
2046,0.1544523809523809,0,3,0,47461,558149,1601,106355,5.170152654785283,0.16005170773990826
2047,0.1544999999999999,0,2,0,47463,558147,1601,106355,5.170134128719107,0.16005218945917393
2048,0.1545,1,13,1,47476,558134,1602,106354,5.17001370928897,0.16005405665715558
2049,0.1545238095238095,0,1,0,47477,558133,1602,106354,5.170004446255882,0.16005429752576047
2050,0.1545530303030303,0,2,0,47479,558131,1602,106354,5.169985920189707,0.1600547792651452
2051,0.1545833333333333,0,2,0,47481,558129,1602,106354,5.169967394123532,0.16005526100742984
2052,0.1546111111111111,0,1,0,47482,558128,1602,106354,5.1699581310904446,0.16005550187965964
2053,0.1546428571428571,0,2,0,47484,558126,1602,106354,5.169939605024269,0.16005598362629425
2054,0.1546666666666666,0,11,0,47495,558115,1602,106354,5.169837711660306,0.16005863328462275
2055,0.1547142857142857,0,1,0,47496,558114,1602,106354,5.169828448627219,0.16005887416700276
2056,0.1547619047619047,0,1,0,47497,558113,1602,106354,5.169819185594131,0.16005911505010784
2057,0.1548095238095238,1,1,1,47498,558112,1603,106353,5.169809922561043,0.16005809184832911
2058,0.1548333333333333,0,9,0,47507,558103,1603,106353,5.169726555263256,0.16006025982156832
2059,0.1549523809523809,0,2,0,47509,558101,1603,106353,5.16970802919708,0.16006074160137496
2060,0.1549999999999999,1,18,1,47527,558083,1604,106352,5.169541294601505,0.16006381361607983
2061,0.155,41,724,41,48251,557359,1645,106311,5.162834858646115,0.16018653849051487
2062,0.1551190476190476,1,1,1,48252,557358,1646,106310,5.162825595613027,0.16018551444396897
2063,0.1551666666666666,0,5,0,48257,557353,1646,106310,5.16277928044759,0.16018672127269412
2064,0.1551904761904762,0,1,0,48258,557352,1646,106310,5.162770017414502,0.16018696264062127
2065,0.1552380952380952,0,1,0,48259,557351,1646,106310,5.162760754381415,0.16018720400927583
2066,0.15525,1,0,1,48259,557351,1647,106309,5.162760754381415,0.16018593858300936
2067,0.1552777777777777,0,1,0,48260,557350,1647,106309,5.1627514913483274,0.16018617995084825
2068,0.1553055555555555,1,1,1,48261,557349,1648,106308,5.162742228315239,0.16018515588624846
2069,0.1553333333333333,2,22,2,48283,557327,1650,106306,5.162538441587313,0.1601879351991236
2070,0.1553571428571428,0,1,0,48284,557326,1650,106306,5.162529178554226,0.1601881765797912
2071,0.1553809523809523,1,0,1,48284,557326,1651,106305,5.162529178554226,0.16018691109969244
2072,0.1554444444444444,0,1,0,48285,557325,1651,106305,5.1625199155211385,0.16018715247954432
2073,0.1554761904761904,0,3,0,48288,557322,1651,106305,5.162492126421876,0.16018787662346468
2074,0.1555,0,2,0,48290,557320,1651,106305,5.162473600355701,0.16018835938971557
2075,0.1555238095238095,0,2,0,48292,557318,1651,106305,5.162455074289525,0.16018884215887635
2076,0.1555357142857142,0,1,0,48293,557317,1651,106305,5.162445811256438,0.16018908354454794
2077,0.1555555555555555,0,1,0,48294,557316,1651,106305,5.16243654822335,0.16018932493094704
2078,0.1555833333333333,0,1,0,48295,557315,1651,106305,5.162427285190263,0.1601895663180736
2079,0.1556666666666666,2,20,2,48315,557295,1653,106303,5.162242024528512,0.16019186314606132
2080,0.1556904761904761,1,0,1,48315,557295,1654,106302,5.162242024528512,0.16019059760667995
2081,0.1557142857142857,1,17,1,48332,557278,1655,106301,5.162084552966023,0.16019343589836327
2082,0.15575,0,4,0,48336,557274,1655,106301,5.162047500833673,0.16019440153712844
2083,0.1557619047619047,0,3,0,48339,557271,1655,106301,5.16201971173441,0.16019512577384218
2084,0.1558333333333333,5,71,5,48410,557200,1660,106296,5.161362036385194,0.16020593944801476
2085,0.1559090909090909,0,1,0,48411,557199,1660,106296,5.161352773352107,0.16020618090565866
2086,0.1559126984126984,0,1,0,48412,557198,1660,106296,5.161343510319019,0.16020642236403043
2087,0.1559166666666666,0,1,0,48413,557197,1660,106296,5.161334247285931,0.16020666382313
2088,0.1559523809523809,0,1,0,48414,557196,1660,106296,5.161324984252844,0.16020690528295745
2089,0.1559999999999999,0,2,0,48416,557194,1660,106296,5.161306458186669,0.16020738820479585
2090,0.156,3,79,3,48495,557115,1663,106293,5.160574678572752,0.16022266840315463
2091,0.1560119047619047,0,1,0,48496,557114,1663,106293,5.160565415539664,0.16022290991804428
2092,0.1560714285714285,0,2,0,48498,557112,1663,106293,5.16054688947349,0.16022339295000793
2093,0.1561363636363636,0,1,0,48499,557111,1663,106293,5.1605376264404015,0.1602236344670819
2094,0.1561538461538461,0,1,0,48500,557110,1663,106293,5.160528363407314,0.160223875984884
2095,0.1561666666666666,0,3,0,48503,557107,1663,106293,5.160500574308052,0.16022460054265902
2096,0.1561904761904761,1,1,1,48504,557106,1664,106292,5.1604913112749635,0.16022357619407956
2097,0.15625,0,4,0,48508,557102,1664,106292,5.160454259142614,0.16022454227804292
2098,0.156297619047619,0,1,0,48509,557101,1664,106292,5.1604449961095264,0.1602247838008541
2099,0.1563333333333333,0,13,0,48522,557088,1664,106292,5.160324576679388,0.16022792366366184
2100,0.1563531746031746,0,1,0,48523,557087,1664,106292,5.160315313646301,0.16022816519666735
2101,0.1564285714285714,0,3,0,48526,557084,1664,106292,5.160287524547038,0.16022888980005306
2102,0.1564999999999999,0,2,0,48528,557082,1664,106292,5.160268998480863,0.16022937287261785
2103,0.1565,1,15,1,48543,557067,1665,106291,5.160130052984549,0.160231730076369
2104,0.156547619047619,0,1,0,48544,557066,1665,106291,5.160120789951462,0.160231971623123
2105,0.1565714285714285,0,1,0,48545,557065,1665,106291,5.160111526918374,0.16023221317060524
2106,0.1566666666666666,14,415,14,48960,556650,1679,106277,5.156267368187039,0.16031478579089403
2107,0.15675,0,2,0,48962,556648,1679,106277,5.156248842120864,0.16031526944978694
2108,0.1567857142857142,0,2,0,48964,556646,1679,106277,5.156230316054689,0.16031575311159818
2109,0.1568055555555555,1,2,1,48966,556644,1680,106276,5.156211789988514,0.16031497013214263
2110,0.1568181818181818,0,1,0,48967,556643,1680,106276,5.156202526955426,0.16031521196405593
2111,0.1568333333333333,0,4,0,48971,556639,1680,106276,5.156165474823076,0.16031617929900516
2112,0.1568571428571428,0,4,0,48975,556635,1680,106276,5.156128422690726,0.16031714664562816
2113,0.1568717948717949,1,0,1,48975,556635,1681,106275,5.156128422690726,0.1603158799837082
2114,0.1569047619047619,0,2,0,48977,556633,1681,106275,5.15610989662455,0.16031636365830554
2115,0.1569444444444444,1,2,1,48979,556631,1682,106274,5.156091370558376,0.16031558066389603
2116,0.1569523809523809,0,2,0,48981,556629,1682,106274,5.156072844492201,0.16031606434123846
2117,0.157,2,28,2,49009,556601,1684,106272,5.155813479565749,0.1603203026824143
2118,0.1570238095238095,0,1,0,49010,556600,1684,106272,5.155804216532662,0.16032054453951894
2119,0.1570833333333333,0,1,0,49011,556599,1684,106272,5.155794953499574,0.16032078639735334
2120,0.1571428571428571,0,4,0,49015,556595,1684,106272,5.155757901367224,0.1603217538359882
2121,0.1571666666666666,0,6,0,49021,556589,1684,106272,5.155702323168699,0.1603232050158329
2122,0.15725,0,2,0,49023,556587,1684,106272,5.155683797102523,0.16032368874828584
2123,0.1572619047619047,0,1,0,49024,556586,1684,106272,5.155674534069436,0.16032393061560696
2124,0.1572857142857143,0,2,0,49026,556584,1684,106272,5.155656008003261,0.16032441435243855
2125,0.1573333333333333,2,48,2,49074,556536,1686,106270,5.155211382415058,0.1603334912478161
2126,0.1574999999999999,0,2,0,49076,556534,1686,106270,5.155192856348883,0.16033397505144809
2127,0.1575,2,207,2,49283,556327,1688,106268,5.153275408499759,0.16038153019567006
2128,0.1576190476190476,0,1,0,49284,556326,1688,106268,5.153266145466672,0.1603817722466548
2129,0.1576515151515151,0,1,0,49285,556325,1688,106268,5.153256882433584,0.16038201429837018
2130,0.1576666666666666,1,16,1,49301,556309,1689,106267,5.153108673904184,0.16038462002849485
2131,0.1576666666666667,0,1,0,49302,556308,1689,106267,5.1530994108710955,0.16038486209108402
2132,0.1576785714285714,0,1,0,49303,556307,1689,106267,5.153090147838008,0.16038510415440388
2133,0.1576904761904762,0,3,0,49306,556304,1689,106267,5.153062358738746,0.16038583034874754
2134,0.15775,0,1,0,49307,556303,1689,106267,5.1530530957056575,0.16038607241499012
2135,0.1577539682539682,1,0,1,49307,556303,1690,106266,5.1530530957056575,0.16038480520519371
2136,0.1577619047619047,0,3,0,49310,556300,1690,106266,5.153025306606395,0.16038553140366393
2137,0.1577777777777777,0,3,0,49313,556297,1690,106266,5.152997517507132,0.16038625760871042
2138,0.1577777777777778,0,1,0,49314,556296,1690,106266,5.152988254474045,0.16038649967852064
2139,0.1577857142857142,0,1,0,49315,556295,1690,106266,5.152978991440958,0.1603867417490616
2140,0.1578333333333333,1,4,1,49319,556291,1691,106265,5.152941939308607,0.16038644280634393
2141,0.1578571428571428,0,8,0,49327,556283,1691,106265,5.1528678350439066,0.1603883794079825
2142,0.1578888888888888,1,0,1,49327,556283,1692,106264,5.1528678350439066,0.1603871121595902
2143,0.1579166666666666,0,4,0,49331,556279,1692,106264,5.152830782911557,0.16038808047175807
2144,0.1579523809523809,1,1,1,49332,556278,1693,106263,5.152821519878469,0.16038705529167252
2145,0.1579761904761904,0,2,0,49334,556276,1693,106263,5.152802993812294,0.16038753945050782
2146,0.158,2,48,2,49382,556228,1695,106261,5.152358368224092,0.16039662545340375
2147,0.1580952380952381,0,8,0,49390,556220,1695,106261,5.152284263959391,0.1603985623738643
2148,0.1581666666666666,1,10,1,49400,556210,1696,106260,5.152191633628515,0.1603997162135644
2149,0.1582142857142857,0,1,0,49401,556209,1696,106260,5.152182370595428,0.16039995833767315
2150,0.15825,0,1,0,49402,556208,1696,106260,5.15217310756234,0.1604002004625129
2151,0.1583333333333333,14,206,14,49608,556002,1710,106246,5.150264922746304,0.16043234558654765
2152,0.1583809523809523,2,1,2,49609,556001,1712,106244,5.150255659713216,0.16043005232202584
2153,0.1584523809523809,1,4,1,49613,555997,1713,106243,5.150218607580866,0.1604297535636627
2154,0.1584920634920635,0,2,0,49615,555995,1713,106243,5.150200081514691,0.16043023807150902
2155,0.1585,1,18,1,49633,555977,1714,106242,5.150033346919115,0.16043333096755
2156,0.1585714285714285,0,3,0,49636,555974,1714,106242,5.150005557819853,0.16043405776967032
2157,0.1586666666666666,2,13,2,49649,555961,1716,106240,5.149885138389714,0.16043467164803435
2158,0.1586904761904762,0,1,0,49650,555960,1716,106240,5.149875875356627,0.16043491392328602
2159,0.15875,0,1,0,49651,555959,1716,106240,5.149866612323539,0.1604351561992694
2160,0.1588095238095238,0,1,0,49652,555958,1716,106240,5.149857349290452,0.16043539847598454
2161,0.1588333333333333,0,9,0,49661,555949,1716,106240,5.149773981992664,0.16043757899934913
2162,0.1588888888888888,0,5,0,49666,555944,1716,106240,5.149727666827226,0.16043879042683
2163,0.1589166666666666,0,4,0,49670,555940,1716,106240,5.149690614694876,0.16043975958198678
2164,0.1589285714285714,0,3,0,49673,555937,1716,106240,5.149662825595613,0.1604404864560382
2165,0.159,1,48,1,49721,555889,1717,106239,5.14921820000741,0.1604508493825967
2166,0.1590238095238095,1,0,1,49721,555889,1718,106238,5.14921820000741,0.16044958142471158
2167,0.159047619047619,1,5,1,49726,555884,1719,106237,5.149171884841973,0.16044952508680438
2168,0.1590833333333333,1,3,1,49729,555881,1720,106236,5.14914409574271,0.16044898409193542
2169,0.1590876623376623,0,1,0,49730,555880,1720,106236,5.149134832709622,0.1604492264195398
2170,0.1591666666666666,1,64,1,49794,555816,1721,106235,5.148541998592019,0.1604634688264197
2171,0.1591666666666667,0,2,0,49796,555814,1721,106235,5.148523472525844,0.1604639535744333
2172,0.15925,0,1,0,49797,555813,1721,106235,5.148514209492756,0.1604641959495384
2173,0.1592619047619047,0,1,0,49798,555812,1721,106235,5.148504946459669,0.16046443832537569
2174,0.1592857142857142,0,11,0,49809,555801,1721,106235,5.148403053095706,0.16046710450791196
2175,0.1593055555555555,0,1,0,49810,555800,1721,106235,5.148393790062618,0.1604673468925359
2176,0.1593333333333333,0,27,0,49837,555773,1721,106235,5.148143688169254,0.16047389155418063
2177,0.1593809523809523,0,2,0,49839,555771,1721,106235,5.148125162103079,0.1604743763651689
2178,0.1594047619047619,0,1,0,49840,555770,1721,106235,5.148115899069992,0.16047461877176153
2179,0.1594166666666666,0,1,0,49841,555769,1721,106235,5.148106636036904,0.16047486117908652
2180,0.1594444444444444,0,1,0,49842,555768,1721,106235,5.148097373003816,0.16047510358714387
2181,0.1594523809523809,1,0,1,49842,555768,1722,106234,5.148097373003816,0.16047383542647908
2182,0.1595,0,17,0,49859,555751,1722,106234,5.147939901441328,0.16047795644916427
2183,0.1595238095238095,1,1,1,49860,555750,1723,106233,5.147930638408241,0.1604769306764675
2184,0.1595833333333333,1,3,1,49863,555747,1724,106232,5.147902849308978,0.16047638973441755
2185,0.1596515151515151,0,1,0,49864,555746,1724,106232,5.14789358627589,0.16047663215393865
2186,0.1596666666666666,1,10,1,49874,555736,1725,106231,5.147800955945015,0.16047778816768812
2187,0.1596904761904762,0,1,0,49875,555735,1725,106231,5.147791692911927,0.1604780305937163
2188,0.1597063492063492,0,1,0,49876,555734,1725,106231,5.1477824298788395,0.1604782730204769
2189,0.1597142857142857,0,1,0,49877,555733,1725,106231,5.147773166845752,0.16047851544796998
2190,0.1597222222222222,0,1,0,49878,555732,1725,106231,5.147763903812664,0.1604787578761955
2191,0.1597619047619047,0,3,0,49881,555729,1725,106231,5.1477361147134015,0.16047948516526678
2192,0.1598333333333333,0,5,0,49886,555724,1725,106231,5.147689799547964,0.16048069732836825
2193,0.1598571428571428,0,2,0,49888,555722,1725,106231,5.147671273481789,0.16048118219873617
2194,0.1598888888888888,0,1,0,49889,555721,1725,106231,5.147662010448701,0.16048142463501885
2195,0.1599999999999999,1,18,1,49907,555703,1726,106230,5.147495275853125,0.1604845203366504
2196,0.16,77,2563,77,52470,553140,1803,106153,5.123754122049724,0.16101035503182956
2197,0.160047619047619,0,1,0,52471,553139,1803,106153,5.123744859016637,0.16101059924889125
2198,0.1600595238095238,0,1,0,52472,553138,1803,106153,5.123735595983549,0.16101084346669375
2199,0.1601190476190476,0,3,0,52475,553135,1803,106153,5.123707806884286,0.16101157612454647
2200,0.1601428571428571,0,1,0,52476,553134,1803,106153,5.123698543851199,0.16101182034531245
2201,0.1601666666666666,0,4,0,52480,553130,1803,106153,5.123661491718848,0.16101279723578493
2202,0.1602380952380952,1,0,1,52480,553130,1804,106152,5.123661491718848,0.1610115246586438
2203,0.1602857142857142,0,1,0,52481,553129,1804,106152,5.123652228685761,0.1610117688815543
2204,0.1603333333333333,2,12,2,52493,553117,1806,106150,5.1235410722887105,0.16101215440784994
2205,0.1603571428571428,0,7,0,52500,553110,1806,106150,5.123476231057097,0.16101386402936627
2206,0.1604166666666666,0,2,0,52502,553108,1806,106150,5.123457704990922,0.161014352499325
2207,0.1604761904761904,0,4,0,52506,553104,1806,106150,5.123420652858572,0.1610153294481338
2208,0.1605,1,4,1,52510,553100,1807,106149,5.123383600726222,0.1610150337732784
2209,0.1605714285714285,1,3,1,52513,553097,1808,106148,5.1233558116269595,0.1610144938528165
2210,0.1605952380952381,0,1,0,52514,553096,1808,106148,5.123346548593871,0.1610147380939379
2211,0.1606666666666666,1,15,1,52529,553081,1809,106147,5.123207603097558,0.1610171291267968
2212,0.1606666666666667,0,3,0,52532,553078,1809,106147,5.123179813998296,0.16101786188327202
2213,0.1607142857142857,0,4,0,52536,553074,1809,106147,5.123142761865945,0.1610188389022801
2214,0.1607222222222222,0,2,0,52538,553072,1809,106147,5.123124235799771,0.16101932741623043
2215,0.1608333333333333,6,67,6,52605,553005,1815,106141,5.122503612582904,0.16102805751684757
2216,0.1608809523809523,0,1,0,52606,553004,1815,106141,5.122494349549816,0.16102830181523034
2217,0.1609166666666666,0,1,0,52607,553003,1815,106141,5.122485086516729,0.16102854611435438
2218,0.1609285714285714,0,2,0,52609,553001,1815,106141,5.122466560450554,0.16102903471482624
2219,0.1609423076923077,0,1,0,52610,553000,1815,106141,5.1224572974174665,0.1610292790161741
2220,0.1609523809523809,0,8,0,52618,552992,1815,106141,5.122383193152766,0.1610312334536429
2221,0.161,1,28,1,52646,552964,1816,106140,5.122123828226314,0.1610368014759431
2222,0.1610238095238095,1,1,1,52647,552963,1817,106139,5.122114565193227,0.16103577291526958
2223,0.1610454545454545,0,4,0,52651,552959,1817,106139,5.122077513060876,0.16103675022530792
2224,0.1610714285714286,1,2,1,52653,552957,1818,106138,5.122058986994702,0.1610359659836594
2225,0.1610833333333333,0,2,0,52655,552955,1818,106138,5.122040460928527,0.16103645464297148
2226,0.1611111111111111,0,2,0,52657,552953,1818,106138,5.122021934862351,0.1610369433052492
2227,0.1611666666666666,0,5,0,52662,552948,1818,106138,5.121975619696913,0.16103816497391843
2228,0.1611904761904762,0,2,0,52664,552946,1818,106138,5.121957093630739,0.16103865364657616
2229,0.1612359307359307,0,1,0,52665,552945,1818,106138,5.121947830597651,0.1610388979840172
2230,0.16125,0,6,0,52671,552939,1818,106138,5.1218922523991255,0.16104036402423388
2231,0.1612857142857142,0,1,0,52672,552938,1818,106138,5.121882989366038,0.16104060836686512
2232,0.1613333333333333,0,13,0,52685,552925,1818,106138,5.1217625699359,0.16104378488854632
2233,0.1614126984126984,0,2,0,52687,552923,1818,106138,5.121744043869724,0.16104427359531212
2234,0.1614166666666666,0,1,0,52688,552922,1818,106138,5.121734780836637,0.16104451794980731
2235,0.1614285714285714,0,6,0,52694,552916,1818,106138,5.121679202638112,0.16104598409235055
2236,0.1614999999999999,1,15,1,52709,552901,1819,106137,5.121540257141799,0.1610483765731263
2237,0.1615,0,1,0,52710,552900,1819,106137,5.121530994108711,0.16104862094237501
2238,0.161547619047619,0,3,0,52713,552897,1819,106137,5.121503205009448,0.16104935405457077
2239,0.1615555555555555,0,1,0,52714,552896,1819,106137,5.121493941976361,0.1610495984267859
2240,0.1615714285714286,0,1,0,52715,552895,1819,106137,5.121484678943273,0.16104984279974266
2241,0.1615833333333333,0,1,0,52716,552894,1819,106137,5.121475415910186,0.16105008717344102
2242,0.1616428571428571,0,4,0,52720,552890,1819,106137,5.121438363777836,0.1610510646756506
2243,0.1616666666666666,14,220,14,52940,552670,1833,106123,5.1194004964985735,0.16108701822879115
2244,0.1617857142857142,0,2,0,52942,552668,1833,106123,5.119381970432398,0.1610875072670999
2245,0.1617857142857143,0,1,0,52943,552667,1833,106123,5.119372707399311,0.16108775178736776
2246,0.1618214285714285,0,1,0,52944,552666,1833,106123,5.119363444366224,0.16108799630837795
2247,0.1618333333333333,0,5,0,52949,552661,1833,106123,5.119317129200786,0.16108921892456404
2248,0.1618888888888889,0,1,0,52950,552660,1833,106123,5.119307866167698,0.1610894634500283
2249,0.1619047619047618,0,1,0,52951,552659,1833,106123,5.11929860313461,0.16108970797623492
2250,0.1619166666666666,0,1,0,52952,552658,1833,106123,5.119289340101523,0.16108995250318392
2251,0.162,4,41,4,52993,552617,1837,106119,5.118909555744933,0.1610948847489738
2252,0.1620238095238095,0,2,0,52995,552615,1837,106119,5.118891029678758,0.16109537385348258
2253,0.1620833333333333,0,1,0,52996,552614,1837,106119,5.1188817666456705,0.16109561840685072
2254,0.1621666666666666,0,3,0,52999,552611,1837,106119,5.118853977546408,0.16109635207141013
2255,0.1622222222222222,0,2,0,53001,552609,1837,106119,5.118835451480233,0.16109684118482895
2256,0.1622619047619047,0,1,0,53002,552608,1837,106119,5.118826188447145,0.1610970857426521
2257,0.1623333333333333,0,14,0,53016,552594,1837,106119,5.11869650598392,0.1611005096301424
2258,0.1623809523809523,0,3,0,53019,552591,1837,106119,5.118668716884657,0.161101243339254
2259,0.1624761904761904,0,1,0,53020,552590,1837,106119,5.118659453851569,0.16110148791044301
2260,0.1625,9,219,9,53239,552371,1846,106110,5.116630849605395,0.16114360171364095
2261,0.162547619047619,1,2,1,53241,552369,1847,106109,5.116612323539219,0.16114281722396193
2262,0.1625714285714286,1,0,1,53241,552369,1848,106108,5.116612323539219,0.16114154328852792
2263,0.1626190476190476,0,1,0,53242,552368,1848,106108,5.116603060506132,0.16114178800745965
2264,0.1626666666666666,3,22,3,53264,552346,1851,106105,5.116399273778206,0.1611433500746449
2265,0.1627341269841269,0,1,0,53265,552345,1851,106105,5.116390010745119,0.16114359480598375
2266,0.1627499999999999,0,1,0,53266,552344,1851,106105,5.11638074771203,0.16114383953806596
2267,0.162797619047619,0,3,0,53269,552341,1851,106105,5.116352958612768,0.1611445737387728
2268,0.1628333333333333,0,4,0,53273,552337,1851,106105,5.116315906480418,0.1611455526834558
2269,0.1628571428571428,0,8,0,53281,552329,1851,106105,5.1162418022157174,0.1611475106085044
2270,0.1628571428571429,0,1,0,53282,552328,1851,106105,5.11623253918263,0.16114775535248083
2271,0.1629166666666666,0,6,0,53288,552322,1851,106105,5.116176960984105,0.161149223831951
2272,0.1629285714285714,1,0,1,53288,552322,1852,106104,5.116176960984105,0.16114794980757138
2273,0.1629523809523809,1,0,1,53288,552322,1853,106103,5.116176960984105,0.16114667577932187
2274,0.163,0,25,0,53313,552297,1853,106103,5.115945385156916,0.16115279465370597
2275,0.1630238095238095,0,1,0,53314,552296,1853,106103,5.115936122123828,0.16115303941834663
2276,0.163047619047619,0,1,0,53315,552295,1853,106103,5.115926859090741,0.16115328418373082
2277,0.1630515873015872,0,1,0,53316,552294,1853,106103,5.1159175960576535,0.16115352894985852
2278,0.1630952380952381,0,2,0,53318,552292,1853,106103,5.115899069991478,0.1611540184843445
2279,0.1631190476190476,0,3,0,53321,552289,1853,106103,5.1158712808922155,0.16115475279164995
2280,0.1631666666666666,0,3,0,53324,552286,1853,106103,5.115843491792953,0.16115548710564728
2281,0.1631666666666667,0,2,0,53326,552284,1853,106103,5.115824965726778,0.16115597665202988
2282,0.1632142857142857,0,1,0,53327,552283,1853,106103,5.11581570269369,0.16115622142633654
2283,0.1632857142857142,0,2,0,53329,552281,1853,106103,5.115797176627515,0.16115671097718048
2284,0.1633333333333333,19,446,19,53775,551835,1872,106084,5.111665863870466,0.16124173340487202
2285,0.1633571428571428,0,1,0,53776,551834,1872,106084,5.111656600837378,0.16124197848364083
2286,0.1633874458874459,0,1,0,53777,551833,1872,106084,5.111647337804291,0.16124222356315462
2287,0.1634047619047618,0,2,0,53779,551831,1872,106084,5.1116288117381155,0.16124271372441729
2288,0.1634285714285714,0,1,0,53780,551830,1872,106084,5.111619548705028,0.16124295880616615
2289,0.1634523809523809,0,2,0,53782,551828,1872,106084,5.111601022638853,0.161243448971899
2290,0.1635,0,18,0,53800,551810,1872,106084,5.111434288043277,0.16124786059760388
2291,0.1635555555555555,0,3,0,53803,551807,1872,106084,5.111406498944015,0.16124859589202467
2292,0.1635714285714286,0,1,0,53804,551806,1872,106084,5.1113972359109265,0.16124884099165515
2293,0.1636363636363636,0,2,0,53806,551804,1872,106084,5.111378709844751,0.1612493311931514
2294,0.1636666666666666,0,11,0,53817,551793,1872,106084,5.111276816480789,0.1612520273546575
2295,0.1636904761904762,0,1,0,53818,551792,1872,106084,5.111267553447701,0.1612522724647198
2296,0.16375,0,3,0,53821,551789,1872,106084,5.111239764348438,0.16125300779937768
2297,0.1637619047619047,0,2,0,53823,551787,1872,106084,5.111221238282263,0.16125349802620878
2298,0.1638333333333333,0,3,0,53826,551784,1872,106084,5.111193449183,0.16125423337204425
2299,0.1638571428571428,0,2,0,53828,551782,1872,106084,5.111174923116826,0.16125472360632712
2300,0.1638888888888889,0,1,0,53829,551781,1872,106084,5.111165660083738,0.16125496872458636
2301,0.1638985042735042,0,1,0,53830,551780,1872,106084,5.11115639705065,0.16125521384359076
2302,0.1639166666666666,1,1,1,53831,551779,1873,106083,5.111147134017563,0.16125418400819624
2303,0.1639285714285714,2,2,2,53833,551777,1875,106081,5.111128607951388,0.16125212431862196
2304,0.1639682539682539,0,1,0,53834,551776,1875,106081,5.1111193449183,0.16125236943591084
2305,0.1639999999999999,3,70,3,53904,551706,1878,106078,5.110470932602171,0.16126570424333825
2306,0.164,0,3,0,53907,551703,1878,106078,5.110443143502908,0.1612664397421026
2307,0.164047619047619,0,1,0,53908,551702,1878,106078,5.110433880469821,0.16126668490984827
2308,0.1640555555555555,0,1,0,53909,551701,1878,106078,5.110424617436734,0.1612669300783394
2309,0.1641071428571428,0,1,0,53910,551700,1878,106078,5.110415354403646,0.16126717524757592
2310,0.1641666666666666,1,60,1,53970,551640,1879,106077,5.109859572418393,0.16128061157002177
2311,0.1641904761904761,0,1,0,53971,551639,1879,106077,5.109850309385305,0.16128085678317086
2312,0.1642051282051282,0,1,0,53972,551638,1879,106077,5.1098410463522175,0.1612811019970656
2313,0.1642142857142857,0,4,0,53976,551634,1879,106077,5.109803994219868,0.16128208286010118
2314,0.1642857142857142,0,2,0,53978,551632,1879,106077,5.109785468153692,0.16128257329609294
2315,0.1642857142857143,0,15,0,53993,551617,1879,106077,5.109646522657379,0.16128625166110683
2316,0.1643333333333333,0,10,0,54003,551607,1879,106077,5.109553892326503,0.16128870399766454
2317,0.1643809523809523,0,1,0,54004,551606,1879,106077,5.109544629293416,0.16128894923542192
2318,0.1643888888888889,0,1,0,54005,551605,1879,106077,5.109535366260328,0.1612891944739251
2319,0.1644372294372294,0,1,0,54006,551604,1879,106077,5.109526103227241,0.16128943971317403
2320,0.1644444444444444,0,1,0,54007,551603,1879,106077,5.1095168401941535,0.16128968495316873
2321,0.1644642857142857,0,1,0,54008,551602,1879,106077,5.109507577161065,0.1612899301939092
2322,0.1644999999999999,0,7,0,54015,551595,1879,106077,5.109442735929453,0.16129164689997447
2323,0.1645238095238095,0,2,0,54017,551593,1879,106077,5.109424209863278,0.16129213739413384
2324,0.1645833333333333,0,3,0,54020,551590,1879,106077,5.109396420764015,0.16129287314096646
2325,0.1646190476190476,0,1,0,54021,551589,1879,106077,5.109387157730928,0.1612931183914023
2326,0.1646666666666666,0,18,0,54039,551571,1879,106077,5.109220423135351,0.16129753302678637
2327,0.1647142857142857,0,1,0,54040,551570,1879,106077,5.109211160102264,0.1612977782913934
2328,0.1647619047619047,0,1,0,54041,551569,1879,106077,5.109201897069176,0.16129802355674633
2329,0.1648333333333333,1,5,1,54046,551564,1880,106076,5.109155581903739,0.16129797457575573
2330,0.1648571428571428,0,1,0,54047,551563,1880,106076,5.109146318870651,0.16129821984401777
2331,0.1649047619047619,0,1,0,54048,551562,1880,106076,5.1091370558375635,0.1612984651130257
2332,0.1649523809523809,0,2,0,54050,551560,1880,106076,5.109118529771388,0.1612989556532793
2333,0.1649999999999999,0,3,0,54053,551557,1880,106076,5.1090907406721255,0.16129969146925413
2334,0.165,39,834,39,54887,550723,1919,106037,5.101365371077105,0.16145471709604725
2335,0.165047619047619,0,1,0,54888,550722,1919,106037,5.101356108044018,0.1614549629316081
2336,0.1650833333333333,0,1,0,54889,550721,1919,106037,5.10134684501093,0.16145520876791755
2337,0.165095238095238,0,1,0,54890,550720,1919,106037,5.101337581977843,0.16145545460497565
2338,0.1651666666666666,1,4,1,54894,550716,1920,106036,5.101300529845493,0.1614551611567228
2339,0.1652499999999999,0,1,0,54895,550715,1920,106036,5.101291266812405,0.16145540699595431
2340,0.1653030303030303,0,1,0,54896,550714,1920,106036,5.101282003779318,0.16145565283593452
2341,0.1653333333333333,0,19,0,54915,550695,1920,106036,5.101106006150654,0.1614603239378071
2342,0.1653571428571428,0,2,0,54917,550693,1920,106036,5.1010874800844785,0.16146081564846382
2343,0.1654166666666666,0,5,0,54922,550688,1920,106036,5.1010411649190415,0.16146204493820845
2344,0.1654285714285714,2,2,2,54924,550686,1922,106034,5.101022638852866,0.16145998294554756
2345,0.1654545454545454,0,1,0,54925,550685,1922,106034,5.101013375819779,0.16146022880410038
2346,0.1654761904761904,1,1,1,54926,550684,1923,106033,5.101004112786691,0.16145919779752924
2347,0.1655,0,11,0,54937,550673,1923,106033,5.100902219422728,0.16146190228199528
2348,0.1655555555555555,1,3,1,54940,550670,1924,106032,5.100874430323465,0.16146136299265115
2349,0.1655833333333333,0,1,0,54941,550669,1924,106032,5.100865167290378,0.16146160886004438
2350,0.1656111111111111,0,1,0,54942,550668,1924,106032,5.10085590425729,0.1614618547281864
2351,0.1656666666666666,0,11,0,54953,550657,1924,106032,5.1007540108933265,0.1614645593271701
2352,0.1656666666666667,2,1,2,54954,550656,1926,106030,5.100744747860239,0.16146225136518824
2353,0.1657142857142857,0,12,0,54966,550644,1926,106030,5.100633591463189,0.16146520191145072
2354,0.1657499999999999,0,3,0,54969,550641,1926,106030,5.100605802363926,0.16146593956486582
2355,0.1658333333333333,2,64,2,55033,550577,1928,106028,5.100012968246323,0.1614791236740506
2356,0.1659047619047619,0,1,0,55034,550576,1928,106028,5.100003705213235,0.16147936960481507
2357,0.1659523809523809,1,1,1,55035,550575,1929,106027,5.099994442180147,0.16147833847597173
2358,0.1659999999999999,0,2,0,55037,550573,1929,106027,5.099975916113972,0.1614788303381054
2359,0.166,4,82,4,55119,550491,1933,106023,5.099216347400793,0.16149389045778156
2360,0.1660833333333333,0,2,0,55121,550489,1933,106023,5.099197821334617,0.16149438243322284
2361,0.1660844155844155,0,3,0,55124,550486,1933,106023,5.099170032235355,0.16149512040200514
2362,0.166111111111111,0,1,0,55125,550485,1933,106023,5.099160769202268,0.16149536639309803
2363,0.1661111111111111,0,1,0,55126,550484,1933,106023,5.09915150616918,0.16149561238494028
2364,0.1661666666666666,1,6,1,55132,550478,1934,106022,5.099095927970655,0.1614958111195735
2365,0.1661904761904762,0,2,0,55134,550476,1934,106022,5.09907740190448,0.16149630311135754
2366,0.16625,0,3,0,55137,550473,1934,106022,5.099049612805217,0.16149704110465427
2367,0.1662619047619047,0,1,0,55138,550472,1934,106022,5.099040349772129,0.1614972871039187
2368,0.1662698412698412,0,1,0,55139,550471,1934,106022,5.099031086739042,0.16149753310393256
2369,0.1663333333333333,0,13,0,55152,550458,1934,106022,5.098910667308903,0.16150073117231295
2370,0.1663571428571428,0,1,0,55153,550457,1934,106022,5.098901404275816,0.16150097718281925
2371,0.1663809523809524,0,3,0,55156,550454,1934,106022,5.0988736151765535,0.1615017152188351
2372,0.1664285714285714,0,3,0,55159,550451,1934,106022,5.098845826077291,0.16150245326159643
2373,0.1664999999999999,0,18,0,55177,550433,1934,106022,5.098679091481714,0.16150688165982435
2374,0.1665,0,1,0,55178,550432,1934,106022,5.098669828448627,0.16150712768906886
2375,0.1665833333333333,0,1,0,55179,550431,1934,106022,5.09866056541554,0.1615073737190629
2376,0.166595238095238,0,1,0,55180,550430,1934,106022,5.098651302382452,0.16150761974980654
2377,0.1665952380952381,0,1,0,55181,550429,1934,106022,5.0986420393493646,0.16150786578129975
2378,0.1666363636363636,0,1,0,55182,550428,1934,106022,5.098632776316277,0.16150811181354255
2379,0.1666666666666666,21,418,21,55600,550010,1955,106001,5.094760828485679,0.16158418075306663
2380,0.1667142857142857,0,2,0,55602,550008,1955,106001,5.094742302419505,0.16158467338100543
2381,0.1667857142857143,0,2,0,55604,550006,1955,106001,5.094723776353329,0.16158516601194806
2382,0.1668333333333333,0,12,0,55616,549994,1955,106001,5.094612619956279,0.1615881218606849
2383,0.1669047619047619,0,2,0,55618,549992,1955,106001,5.0945940938901035,0.16158861451265485
2384,0.1669444444444444,0,2,0,55620,549990,1955,106001,5.094575567823928,0.16158910716762884
2385,0.1669999999999999,3,20,3,55640,549970,1958,105998,5.094390307162177,0.1615901995219279
2386,0.1670238095238095,1,6,1,55646,549964,1959,105997,5.094334728963652,0.16159039942923437
2387,0.1670833333333333,0,1,0,55647,549963,1959,105997,5.094325465930564,0.1615906457710836
2388,0.167095238095238,0,1,0,55648,549962,1959,105997,5.094316202897477,0.16159089211368394
2389,0.1671428571428571,0,6,0,55654,549956,1959,105997,5.0942606246989515,0.16159237018505898
2390,0.1671666666666666,1,5,1,55659,549951,1960,105996,5.0942143095335135,0.1615923237700607
2391,0.1671904761904762,0,1,0,55660,549950,1960,105996,5.094205046500426,0.16159257012010134
2392,0.1672023809523809,0,1,0,55661,549949,1960,105996,5.094195783467338,0.16159281647089313
2393,0.1672142857142857,0,2,0,55663,549947,1960,105996,5.094177257401164,0.1615933091747301
2394,0.1673333333333333,2,42,2,55705,549905,1962,105994,5.093788210011486,0.16160110016938584
2395,0.1674166666666666,0,1,0,55706,549904,1962,105994,5.093778946978398,0.16160134655083566
2396,0.1674999999999999,0,1,0,55707,549903,1962,105994,5.093769683945311,0.16160159293303675
2397,0.1675,10,212,10,55919,549691,1972,105984,5.091805920930749,0.16164105692606856
2398,0.1675238095238095,0,1,0,55920,549690,1972,105984,5.091796657897662,0.16164130345263042
2399,0.1675714285714285,0,1,0,55921,549689,1972,105984,5.091787394864575,0.16164154997994426
2400,0.1676190476190475,0,1,0,55922,549688,1972,105984,5.091778131831487,0.1616417965080101
2401,0.1676190476190476,0,4,0,55926,549684,1972,105984,5.091741079699137,0.16164278262779333
2402,0.1676666666666666,0,20,0,55946,549664,1972,105984,5.091555819037386,0.1616477134071941
2403,0.1677142857142856,0,1,0,55947,549663,1972,105984,5.091546556004298,0.16164795995406064
2404,0.1677380952380952,1,0,1,55947,549663,1973,105983,5.091546556004298,0.16164668128837817
2405,0.1677619047619047,0,1,0,55948,549662,1973,105983,5.091537292971211,0.16164692783442258
2406,0.1677857142857143,0,2,0,55950,549660,1973,105983,5.091518766905035,0.16164742092876763
2407,0.1678333333333333,0,11,0,55961,549649,1973,105983,5.091416873541072,0.16165013300143982
2408,0.1678571428571428,0,16,0,55977,549633,1973,105983,5.091268665011672,0.16165407799687623
2409,0.1679166666666667,0,1,0,55978,549632,1973,105983,5.091259401978584,0.16165432456548431
2410,0.1679285714285714,0,3,0,55981,549629,1973,105983,5.091231612879321,0.16165506427582169
2411,0.1679999999999999,1,2,1,55983,549627,1974,105982,5.091213086813146,0.1616542786935506
2412,0.168,2,45,2,56028,549582,1976,105980,5.090796250324206,0.16166281755196305
2413,0.1680952380952381,0,1,0,56029,549581,1976,105980,5.090786987291119,0.16166306415421294
2414,0.1681666666666666,1,8,1,56037,549573,1977,105979,5.090712883026418,0.16166375817631554
2415,0.1681666666666667,0,1,0,56038,549572,1977,105979,5.090703619993331,0.16166400478376206
2416,0.1681818181818182,0,1,0,56039,549571,1977,105979,5.090694356960243,0.16166425139196094
2417,0.1682142857142857,0,2,0,56041,549569,1977,105979,5.090675830894068,0.16166474461061586
2418,0.1682499999999999,0,1,0,56042,549568,1977,105979,5.09066656786098,0.16166499122107186
2419,0.1682857142857143,0,2,0,56044,549566,1977,105979,5.090648041794806,0.16166548444424106
2420,0.168297619047619,1,2,1,56046,549564,1978,105978,5.09062951572863,0.16166469882936563
2421,0.1683095238095238,0,1,0,56047,549563,1978,105978,5.090620252695542,0.16166494544200896
2422,0.1683333333333333,11,211,11,56258,549352,1989,105967,5.088665752714069,0.16170292636105468
2423,0.1684285714285714,0,1,0,56259,549351,1989,105967,5.088656489680981,0.16170317311595286
2424,0.1684999999999999,1,1,1,56260,549350,1990,105966,5.088647226647893,0.16170214064664987
2425,0.1685,2,16,2,56276,549334,1992,105964,5.088499018118493,0.16170353030224416
2426,0.1685555555555555,0,1,0,56277,549333,1992,105964,5.088489755085405,0.1617037770659716
2427,0.1685714285714285,0,7,0,56284,549326,1992,105964,5.0884249138537925,0.16170550443315174
2428,0.1686666666666666,0,15,0,56299,549311,1992,105964,5.088285968357479,0.16170920605852504
2429,0.1686904761904762,0,2,0,56301,549309,1992,105964,5.088267442291304,0.16170969962137918
2430,0.1687380952380952,0,1,0,56302,549308,1992,105964,5.088258179258216,0.16170994640393607
2431,0.16875,0,5,0,56307,549303,1992,105964,5.088211864092779,0.16171118032801896
2432,0.1688095238095238,0,1,0,56308,549302,1992,105964,5.088202601059691,0.16171142711509526
2433,0.1688333333333333,1,4,1,56312,549298,1993,105963,5.088165548927341,0.16171113495233197
2434,0.1688484848484848,0,1,0,56313,549297,1993,105963,5.088156285894253,0.16171138174159874
2435,0.1688888888888889,0,1,0,56314,549296,1993,105963,5.088147022861166,0.1617116285316188
2436,0.1689285714285714,0,5,0,56319,549291,1993,105963,5.088100707695728,0.16171286249301797
2437,0.1689696969696969,0,2,0,56321,549289,1993,105963,5.088082181629553,0.16171335608285056
2438,0.1689999999999999,3,58,3,56379,549231,1996,105960,5.087544925710475,0.16172383320283704
2439,0.169,0,2,0,56381,549229,1996,105960,5.087526399644299,0.16172432687361968
2440,0.169047619047619,1,3,1,56384,549226,1997,105959,5.087498610545037,0.16172378793775805
2441,0.1691153846153846,0,1,0,56385,549225,1997,105959,5.08748934751195,0.16172403477496397
2442,0.1691428571428571,0,1,0,56386,549224,1997,105959,5.0874800844788615,0.1617242816129234
2443,0.1691666666666666,6,51,6,56437,549173,2003,105953,5.087007669791396,0.16172919407869632
2444,0.1691666666666667,2,29,2,56466,549144,2005,105951,5.086739041831858,0.16173379433517276
2445,0.1692142857142857,0,1,0,56467,549143,2005,105951,5.0867297787987695,0.16173404122156515
2446,0.1692857142857143,1,4,1,56471,549139,2006,105950,5.08669272666642,0.16173374915469502
2447,0.1693333333333333,1,22,1,56493,549117,2007,105949,5.086488939938493,0.1617379012191138
2448,0.1693571428571428,0,1,0,56494,549116,2007,105949,5.086479676905406,0.16173814812270537
2449,0.1693809523809523,0,1,0,56495,549115,2007,105949,5.086470413872318,0.16173839502705079
2450,0.1694047619047619,0,1,0,56496,549114,2007,105949,5.086461150839231,0.16173864193215004
2451,0.1694444444444444,0,1,0,56497,549113,2007,105949,5.0864518878061435,0.1617388888380031
2452,0.1694920634920635,0,1,0,56498,549112,2007,105949,5.086442624773055,0.16173913574461005
2453,0.1694999999999999,0,6,0,56504,549106,2007,105949,5.08638704657453,0.16174061720008243
2454,0.1695,0,2,0,56506,549104,2007,105949,5.086368520508355,0.16174111102460412
2455,0.1695238095238095,0,3,0,56509,549101,2007,105949,5.086340731409092,0.16174185176704067
2456,0.1695833333333333,0,1,0,56510,549100,2007,105949,5.086331468376005,0.16174209868269396
2457,0.1696258127837075,0,1,0,56511,549099,2007,105949,5.086322205342918,0.16174234559910114
2458,0.1696428571428571,0,1,0,56512,549098,2007,105949,5.08631294230983,0.1617425925162622
2459,0.1696666666666666,0,1,0,56513,549097,2007,105949,5.086303679276742,0.16174283943417714
2460,0.1696666666666667,0,6,0,56519,549091,2007,105949,5.086248101078217,0.16174432095749877
2461,0.1697619047619047,1,0,1,56519,549091,2008,105948,5.086248101078217,0.16174304125403222
2462,0.1697727272727272,0,2,0,56521,549089,2008,105948,5.086229575012042,0.16174353509801737
2463,0.1698095238095238,0,1,0,56522,549088,2008,105948,5.086220311978955,0.16174378202114081
2464,0.1698333333333333,0,5,0,56527,549083,2008,105948,5.086173996813517,0.16174501664806704
2465,0.1698571428571428,0,1,0,56528,549082,2008,105948,5.086164733780429,0.1617452635757141
2466,0.1699404761904762,0,1,0,56529,549081,2008,105948,5.086155470747341,0.1617455105041151
2467,0.1699523809523809,0,3,0,56532,549078,2008,105948,5.086127681648079,0.16174625129384176
2468,0.1699999999999999,0,4,0,56536,549074,2008,105948,5.086090629515729,0.1617472390240328
2469,0.17,125,2670,125,59206,546404,2133,105823,5.0613583311719585,0.16224872628701356
2470,0.1700595238095238,0,1,0,59207,546403,2133,105823,5.061349068138871,0.16224897504852612
2471,0.1701111111111111,0,1,0,59208,546402,2133,105823,5.061339805105784,0.16224922381080148
2472,0.1701190476190476,0,1,0,59209,546401,2133,105823,5.061330542072696,0.16224947257383968
2473,0.1701666666666666,0,3,0,59212,546398,2133,105823,5.061302752973433,0.1622502188675311
2474,0.1701904761904761,0,1,0,59213,546397,2133,105823,5.061293489940346,0.16225046763362055
2475,0.1701904761904762,0,1,0,59214,546396,2133,105823,5.061284226907259,0.16225071640047284
2476,0.1702142857142857,0,1,0,59215,546395,2133,105823,5.061274963874171,0.16225096516808796
2477,0.1702380952380952,0,1,0,59216,546394,2133,105823,5.0612657008410835,0.16225121393646594
2478,0.1702499999999999,0,2,0,59218,546392,2133,105823,5.061247174774908,0.16225171147551037
2479,0.1702857142857143,0,1,0,59219,546391,2133,105823,5.061237911741821,0.16225196024617686
2480,0.1703333333333333,0,8,0,59227,546383,2133,105823,5.06116380747712,0.16225395043897173
2481,0.1703571428571428,0,3,0,59230,546380,2133,105823,5.061136018377858,0.16225469677385723
2482,0.1703809523809523,0,1,0,59231,546379,2133,105823,5.0611267553447705,0.16225494555367814
2483,0.1704166666666666,0,3,0,59234,546376,2133,105823,5.061098966245507,0.16225569189771832
2484,0.1704761904761904,0,1,0,59235,546375,2133,105823,5.06108970321242,0.16225594068059088
2485,0.1704761904761905,0,1,0,59236,546374,2133,105823,5.061080440179333,0.1622561894642263
2486,0.1704999999999999,0,1,0,59237,546373,2133,105823,5.061071177146244,0.16225643824862465
2487,0.1705,1,6,1,59243,546367,2134,105822,5.061015598947719,0.16225664646291182
2488,0.1705555555555555,0,1,0,59244,546366,2134,105822,5.061006335914632,0.16225689525106257
2489,0.1705833333333333,0,1,0,59245,546365,2134,105822,5.060997072881545,0.16225714403997626
2490,0.1705952380952381,0,1,0,59246,546364,2134,105822,5.060987809848457,0.1622573928296529
2491,0.1705992063492063,0,2,0,59248,546362,2134,105822,5.060969283782281,0.16225789041129496
2492,0.1706071428571428,0,1,0,59249,546361,2134,105822,5.060960020749194,0.16225813920326043
2493,0.1706082251082251,0,3,0,59252,546358,2134,105822,5.0609322316499314,0.16225888558373455
2494,0.1706666666666666,1,30,1,59282,546328,2135,105821,5.060654340657305,0.162265065192157
2495,0.1706904761904761,0,3,0,59285,546325,2135,105821,5.060626551558042,0.162265811643405
2496,0.1707142857142857,0,6,0,59291,546319,2135,105821,5.060570973359517,0.16226730456650412
2497,0.1707619047619047,0,1,0,59292,546318,2135,105821,5.0605617103264295,0.16226755338969145
2498,0.1708333333333333,5,88,5,59380,546230,2140,105816,5.059746563414724,0.16228302911144304
2499,0.1708571428571428,0,1,0,59381,546229,2140,105816,5.059737300381637,0.16228327799461695
2500,0.1709090909090909,0,3,0,59384,546226,2140,105816,5.0597095112823745,0.16228402464871894
2501,0.1709166666666666,0,1,0,59385,546225,2140,105816,5.059700248249286,0.16228427353494643
2502,0.1709393939393939,0,1,0,59386,546224,2140,105816,5.059690985216199,0.1622845224219373
2503,0.1709523809523809,1,1,1,59387,546223,2141,105815,5.059681722183112,0.1622834865452627
2504,0.170952380952381,0,1,0,59388,546222,2141,105815,5.059672459150024,0.16228373543219174
2505,0.1709999999999999,0,8,0,59396,546214,2141,105815,5.059598354885324,0.1622857265551072
2506,0.171,4,41,4,59437,546173,2145,105811,5.059218570528734,0.16229079241208375
2507,0.1710282217782217,0,1,0,59438,546172,2145,105811,5.059209307495647,0.16229104133083225
2508,0.1710833333333333,0,1,0,59439,546171,2145,105811,5.059200044462559,0.16229129025034433
2509,0.1711111111111111,0,2,0,59441,546169,2145,105811,5.059181518396383,0.16229178809165926
2510,0.1711190476190476,0,2,0,59443,546167,2145,105811,5.059162992330209,0.1622922859360285
2511,0.1711666666666666,1,2,1,59445,546165,2146,105810,5.0591444662640335,0.16229149890716668
2512,0.1711904761904762,0,3,0,59448,546162,2146,105810,5.059116677164771,0.1622922456792623
2513,0.17125,0,10,0,59458,546152,2146,105810,5.059024046833895,0.162294734969216
2514,0.1712619047619047,0,1,0,59459,546151,2146,105810,5.059014783800808,0.16229498390241134
2515,0.1713333333333333,0,23,0,59482,546128,2146,105810,5.058801734039794,0.16230070957667753
2516,0.1714285714285714,0,6,0,59488,546122,2146,105810,5.058746155841269,0.1623022032972764
2517,0.1714761904761904,1,1,1,59489,546121,2147,105809,5.058736892808181,0.16230116730323807
2518,0.1714999999999999,1,12,1,59501,546109,2148,105808,5.0586257364111304,0.1623028698438605
2519,0.171547619047619,0,4,0,59505,546105,2148,105808,5.058588684278781,0.16230386569987099
2520,0.1715833333333333,0,1,0,59506,546104,2148,105808,5.0585794212456925,0.16230411466578312
2521,0.1716190476190476,1,0,1,59506,546104,2149,105807,5.0585794212456925,0.16230282968073864
2522,0.1716666666666666,7,141,7,59647,545963,2156,105800,5.057273333580348,0.1623289447237723
2523,0.1716666666666667,12,90,12,59737,545873,2168,105788,5.056439660602468,0.16233593847107622
2524,0.1717857142857143,0,3,0,59740,545870,2168,105788,5.056411871503205,0.1623366858075862
2525,0.1718333333333333,0,5,0,59745,545865,2168,105788,5.056365556337767,0.16233793138372724
2526,0.1719047619047619,0,2,0,59747,545863,2168,105788,5.056347030271592,0.16233842961953562
2527,0.1719642857142856,0,4,0,59751,545859,2168,105788,5.056309978139242,0.1623394261003273
2528,0.172,1,62,1,59813,545797,2169,105787,5.055735670087814,0.1623535875650722
2529,0.1720833333333333,0,1,0,59814,545796,2169,105787,5.055726407054726,0.16235383673300255
2530,0.1721428571428571,0,4,0,59818,545792,2169,105787,5.055689354922376,0.1623548334123721
2531,0.1721666666666666,0,4,0,59822,545788,2169,105787,5.055652302790025,0.16235583010397883
2532,0.1721666666666667,0,4,0,59826,545784,2169,105787,5.0556152506576755,0.16235682680782293
2533,0.1722142857142856,0,1,0,59827,545783,2169,105787,5.055605987624588,0.1623570759856961
2534,0.1722222222222222,0,4,0,59831,545779,2169,105787,5.0555689354922375,0.16235807270483726
2535,0.1723214285714285,0,1,0,59832,545778,2169,105787,5.05555967245915,0.16235832188653473
2536,0.1723333333333333,1,16,1,59848,545762,2170,105786,5.055411463929749,0.16236102328608176
2537,0.1723571428571428,0,1,0,59849,545761,2170,105786,5.055402200896662,0.16236127247919183
2538,0.1723809523809523,0,7,0,59856,545754,2170,105786,5.055337359665049,0.16236301685238053
2539,0.1723809523809524,0,2,0,59858,545752,2170,105786,5.055318833598873,0.16236351525160467
2540,0.1724523809523809,0,3,0,59861,545749,2170,105786,5.055291044499611,0.1623642628561781
2541,0.1724722222222222,0,1,0,59862,545748,2170,105786,5.055281781466523,0.16236451205923252
2542,0.1724999999999999,0,2,0,59864,545746,2170,105786,5.055263255400348,0.16236501046763627
2543,0.1725,7,273,7,60137,545473,2177,105779,5.052734447367446,0.16242406933107306
2544,0.1725128205128205,1,1,1,60138,545472,2178,105778,5.052725184334358,0.16242303262955854
2545,0.1725238095238095,0,1,0,60139,545471,2178,105778,5.052715921301271,0.16242328203191098
2546,0.1725714285714286,0,1,0,60140,545470,2178,105778,5.052706658268184,0.16242353143502936
2547,0.1726190476190476,1,2,1,60142,545468,2179,105777,5.052688132202008,0.16242274412855376
2548,0.1726388888888888,0,1,0,60143,545467,2179,105777,5.052678869168921,0.16242299353237805
2549,0.1726666666666666,1,28,1,60171,545439,2180,105776,5.0524195042424696,0.16242869098531207
2550,0.1726666666666667,0,2,0,60173,545437,2180,105776,5.052400978176294,0.1624291898349695
2551,0.1726785714285714,0,1,0,60174,545436,2180,105776,5.052391715143206,0.16242943926094727
2552,0.1727777777777777,0,3,0,60177,545433,2180,105776,5.0523639260439435,0.16243018754347682
2553,0.1727857142857142,0,1,0,60178,545432,2180,105776,5.052354663010856,0.16243043697251877
2554,0.1728214285714285,0,1,0,60179,545431,2180,105776,5.052345399977769,0.16243068640232675
2555,0.1728333333333333,1,6,1,60185,545425,2181,105775,5.052289821779244,0.1624308968058968
2556,0.1728571428571428,2,15,2,60200,545410,2183,105773,5.05215087628293,0.16243206594766754
2557,0.1729523809523809,0,5,0,60205,545405,2183,105773,5.052104561117492,0.1624333131647568
2558,0.1729999999999999,0,1,0,60206,545404,2183,105773,5.052095298084405,0.16243356261047304
2559,0.173,0,23,0,60229,545381,2183,105773,5.051882248323391,0.16243930007340812
2560,0.1730952380952381,0,1,0,60230,545380,2183,105773,5.051872985290303,0.1624395495375127
2561,0.1731071428571428,0,3,0,60233,545377,2183,105773,5.05184519619104,0.16244029793442372
2562,0.1731428571428571,0,1,0,60234,545376,2183,105773,5.051835933157953,0.1624405474015932
2563,0.1731666666666666,0,6,0,60240,545370,2183,105773,5.051780354959428,0.16244204422070113
2564,0.1732142857142856,0,1,0,60241,545369,2183,105773,5.051771091926341,0.16244229369323435
2565,0.1732698412698412,0,1,0,60242,545368,2183,105773,5.051761828893253,0.1624425431665338
2566,0.1732857142857143,1,0,1,60242,545368,2184,105772,5.051761828893253,0.16244125687256197
2567,0.1733333333333333,19,497,19,60739,544871,2203,105753,5.047158101448739,0.16254088382844778
2568,0.1734523809523809,0,1,0,60740,544870,2203,105753,5.047148838415651,0.1625411336518998
2569,0.1735,0,10,0,60750,544860,2203,105753,5.047056208084776,0.16254363192865806
2570,0.1735119047619047,0,1,0,60751,544859,2203,105753,5.0470469450516875,0.16254388176055776
2571,0.173547619047619,1,2,1,60753,544857,2204,105752,5.047028418985513,0.16254309423939725
2572,0.1735555555555555,0,1,0,60754,544856,2204,105752,5.047019155952425,0.1625433440720065
2573,0.1735634920634921,0,1,0,60755,544855,2204,105752,5.047009892919338,0.16254359390538375
2574,0.1736190476190476,0,2,0,60757,544853,2204,105752,5.046991366853162,0.16254409357444224
2575,0.1736666666666666,0,15,0,60772,544838,2204,105752,5.046852421356849,0.1625478411903042
2576,0.1737222222222222,0,1,0,60773,544837,2204,105752,5.046843158323761,0.162548091037506
2577,0.17375,0,6,0,60779,544831,2204,105752,5.046787580125236,0.1625495901368465
2578,0.1738095238095238,0,2,0,60781,544829,2204,105752,5.0467690540590615,0.1625500898427713
2579,0.1738333333333333,0,1,0,60782,544828,2204,105752,5.046759791025973,0.16255033969688584
2580,0.1738888888888888,0,1,0,60783,544827,2204,105752,5.046750527992886,0.16255058955176852
2581,0.1739166666666666,1,0,1,60783,544827,2205,105751,5.046750527992886,0.1625493023127127
2582,0.1739285714285714,1,5,1,60788,544822,2206,105750,5.046704212827448,0.16254926433968878
2583,0.1739999999999999,0,1,0,60789,544821,2206,105750,5.046694949794361,0.1625495141959909
2584,0.174,4,102,4,60891,544719,2210,105746,5.04575012041943,0.16256985387376724
2585,0.174047619047619,0,1,0,60892,544718,2210,105746,5.045740857386343,0.16257010380282383
2586,0.1741190476190476,0,2,0,60894,544716,2210,105746,5.045722331320167,0.16257060366324244
2587,0.1741666666666666,3,37,3,60931,544679,2213,105743,5.045379599095928,0.16257598912705903
2588,0.1741666666666667,0,39,0,60970,544640,2213,105743,5.045018340805513,0.16258573794210487
2589,0.1742857142857142,0,3,0,60973,544637,2213,105743,5.044990551706251,0.1625864878993819
2590,0.1742857142857143,0,11,0,60984,544626,2213,105743,5.044888658342288,0.16258923780192475
2591,0.1743333333333333,0,13,0,60997,544613,2213,105743,5.044768238912149,0.16259248780667818
2592,0.1744047619047619,0,5,0,61002,544608,2213,105743,5.044721923746712,0.1625937378431032
2593,0.1744166666666666,0,1,0,61003,544607,2213,105743,5.044712660713624,0.16259398785269472
2594,0.1745,0,9,0,61012,544598,2213,105743,5.044629293415836,0.16259623797361691
2595,0.1745714285714285,0,3,0,61015,544595,2213,105743,5.0446015043165735,0.162596988027764
2596,0.1745833333333333,0,1,0,61016,544594,2213,105743,5.044592241283486,0.16259723804735082
2597,0.1746190476190476,0,1,0,61017,544593,2213,105743,5.044582978250398,0.16259748806770655
2598,0.1746666666666666,0,5,0,61022,544588,2213,105743,5.04453666308496,0.16259873818101858
2599,0.1746666666666667,1,12,1,61034,544576,2214,105742,5.04442550668791,0.16260045085635028
2600,0.1747619047619047,0,1,0,61035,544575,2214,105742,5.0444162436548226,0.1626007008889511
2601,0.1747777777777777,0,1,0,61036,544574,2214,105742,5.044406980621734,0.16260095092232085
2602,0.1748333333333333,0,8,0,61044,544566,2214,105742,5.044332876357035,0.1626029512169618
2603,0.1748809523809523,0,1,0,61045,544565,2214,105742,5.044323613323947,0.16260320125725233
2604,0.1748809523809524,0,1,0,61046,544564,2214,105742,5.044314350290859,0.16260345129831189
2605,0.1749999999999999,0,2,0,61048,544562,2214,105742,5.044295824224684,0.16260395138273792
2606,0.175,33,920,33,61968,543642,2247,105709,5.035773833784134,0.16279177209244308
2607,0.175047619047619,0,1,0,61969,543641,2247,105709,5.035764570751047,0.1627920227920228
2608,0.1750714285714286,0,1,0,61970,543640,2247,105709,5.0357553077179595,0.16279227349237468
2609,0.1751190476190476,2,1,2,61971,543639,2249,105707,5.035746044684871,0.16278994557601031
2610,0.1751666666666666,0,1,0,61972,543638,2249,105707,5.035736781651784,0.1627901962747076
2611,0.1751904761904762,0,1,0,61973,543637,2249,105707,5.035727518618697,0.16279044697417702
2612,0.1752380952380952,0,1,0,61974,543636,2249,105707,5.035718255585609,0.16279069767441862
2613,0.1752619047619047,0,1,0,61975,543635,2249,105707,5.035708992552522,0.16279094837543237
2614,0.1752857142857143,0,1,0,61976,543634,2249,105707,5.0356997295194335,0.16279119907721828
2615,0.1753333333333333,5,20,5,61996,543614,2254,105702,5.0355144688576825,0.1627897664619384
2616,0.1753571428571428,0,1,0,61997,543613,2254,105702,5.035505205824595,0.16279001717194275
2617,0.1753968253968253,0,1,0,61998,543612,2254,105702,5.035495942791508,0.1627902678827193
2618,0.1754761904761905,0,3,0,62001,543609,2254,105702,5.035468153692245,0.1627910200196824
2619,0.1754999999999999,0,2,0,62003,543607,2254,105702,5.03544962762607,0.16279152144818568
2620,0.1755,0,6,0,62009,543601,2254,105702,5.035394049427545,0.1627930257522297
2621,0.1755238095238095,1,1,1,62010,543600,2255,105701,5.035384786394457,0.16279198707533177
2622,0.175547619047619,0,1,0,62011,543599,2255,105701,5.0353755233613695,0.16279223779454796
2623,0.1755555555555555,0,1,0,62012,543598,2255,105701,5.035366260328282,0.16279248851453645
2624,0.1756190476190476,0,1,0,62013,543597,2255,105701,5.035356997295194,0.1627927392352972
2625,0.1756666666666666,2,14,2,62027,543583,2257,105699,5.035227314831968,0.1627936705468502
2626,0.1756666666666667,0,6,0,62033,543577,2257,105699,5.035171736633443,0.16279517493331033
2627,0.1757142857142856,0,9,0,62042,543568,2257,105699,5.035088369335655,0.1627974315651342
2628,0.1757142857142857,0,5,0,62047,543563,2257,105699,5.035042054170217,0.16279868527651395
2629,0.17575,0,1,0,62048,543562,2257,105699,5.03503279113713,0.16279893602110707
2630,0.1758333333333333,5,80,5,62128,543482,2262,105694,5.0342917484901255,0.16281255006346507
2631,0.1759444444444444,0,1,0,62129,543481,2262,105694,5.034282485457038,0.16281280086263333
2632,0.1759523809523809,0,1,0,62130,543480,2262,105694,5.03427322242395,0.1628130516625743
2633,0.176,4,99,4,62229,543381,2266,105690,5.033356182148283,0.16283272554158174
2634,0.1760833333333333,0,1,0,62230,543380,2266,105690,5.033346919115195,0.16283297641240543
2635,0.1761111111111111,0,1,0,62231,543379,2266,105690,5.033337656082107,0.16283322728400215
2636,0.1761428571428571,0,5,0,62236,543374,2266,105690,5.03329134091667,0.16283448165358116
2637,0.1761666666666666,0,7,0,62243,543367,2266,105690,5.033226499685057,0.1628362378034595
2638,0.1761904761904761,0,1,0,62244,543366,2266,105690,5.03321723665197,0.16283648868510575
2639,0.1761904761904762,0,1,0,62245,543365,2266,105690,5.0332079736188815,0.1628367395675251
2640,0.17625,0,8,0,62253,543357,2266,105690,5.033133869354181,0.16283874665471068
2641,0.1763333333333333,1,7,1,62260,543350,2267,105689,5.0330690281225685,0.16283921305191212
2642,0.1763888888888889,0,2,0,62262,543348,2267,105689,5.033050502056393,0.16283971483906157
2643,0.1764166666666666,0,3,0,62265,543345,2267,105689,5.0330227129571306,0.16284046752558418
2644,0.1764285714285714,0,9,0,62274,543336,2267,105689,5.032939345659343,0.16284272562690189
2645,0.1765,2,13,2,62287,543323,2269,105687,5.032818926229204,0.16284340765165406
2646,0.1765833333333333,0,1,0,62288,543322,2269,105687,5.032809663196117,0.1628436585625161
2647,0.176589466089466,1,7,1,62295,543315,2270,105686,5.032744821964504,0.16284412504757312
2648,0.1766666666666666,19,470,19,62765,542845,2289,105667,5.028391196413353,0.16293761719135497
2649,0.1766904761904762,0,1,0,62766,542844,2289,105667,5.028381933380266,0.16293786844016525
2650,0.1767698412698412,1,1,1,62767,542843,2290,105666,5.028372670347179,0.1629368289414642
2651,0.1767857142857143,1,3,1,62770,542840,2291,105665,5.028344881247916,0.1629362919329843
2652,0.1768333333333333,0,6,0,62776,542834,2291,105665,5.028289303049391,0.1629377994414795
2653,0.1768571428571428,0,1,0,62777,542833,2291,105665,5.028280040016303,0.16293805069560738
2654,0.1768809523809523,1,1,1,62778,542832,2292,105664,5.028270776983216,0.16293701117663023
2655,0.1769047619047619,0,1,0,62779,542831,2292,105664,5.028261513950127,0.16293726243070494
2656,0.1769523809523809,0,2,0,62781,542829,2292,105664,5.028242987883953,0.162937764941179
2657,0.1769999999999999,0,2,0,62783,542827,2292,105664,5.028224461817778,0.16293826745475265
2658,0.177,3,33,3,62816,542794,2295,105661,5.027918781725888,0.1629426868479694
2659,0.1770714285714285,0,1,0,62817,542793,2295,105661,5.027909518692801,0.16294293812668284
2660,0.1770833333333333,0,3,0,62820,542790,2295,105661,5.027881729593538,0.16294369196747324
2661,0.1771190476190476,0,1,0,62821,542789,2295,105661,5.02787246656045,0.16294394324928677
2662,0.1771428571428571,0,12,0,62833,542777,2295,105661,5.0277613101634,0.16294695869150172
2663,0.1771666666666666,0,5,0,62838,542772,2295,105661,5.027714994997962,0.16294821515869798
2664,0.1771666666666667,3,1,3,62839,542771,2298,105658,5.027705731964875,0.16294459377973533
2665,0.1772142857142856,0,1,0,62840,542770,2298,105658,5.027696468931787,0.16294484507146514
2666,0.1772222222222222,0,1,0,62841,542769,2298,105658,5.027687205898699,0.16294509636397003
2667,0.1772380952380952,0,1,0,62842,542768,2298,105658,5.027677942865612,0.16294534765725002
2668,0.1772619047619047,0,1,0,62843,542767,2298,105658,5.027668679832525,0.1629455989513051
2669,0.1772857142857142,0,1,0,62844,542766,2298,105658,5.027659416799437,0.16294585024613525
2670,0.1773333333333333,1,22,1,62866,542744,2299,105657,5.02745563007151,0.16295008798567553
2671,0.1773809523809523,0,1,0,62867,542743,2299,105657,5.027446367038423,0.16295033929673042
2672,0.1774065656565656,1,8,1,62875,542735,2300,105656,5.0273722627737225,0.16295105885183478
2673,0.1774999999999999,0,1,0,62876,542734,2300,105656,5.027362999740635,0.16295131016826292
2674,0.1775,12,254,12,63130,542480,2312,105644,5.025010189336396,0.162999672902099
2675,0.1776190476190476,1,5,1,63135,542475,2313,105643,5.024963874170958,0.16299963895463482
2676,0.1776428571428571,0,1,0,63136,542474,2313,105643,5.024954611137871,0.1629998904518783
2677,0.1776666666666666,1,5,1,63141,542469,2314,105642,5.024908295972433,0.16299985650606147
2678,0.1776666666666667,0,3,0,63144,542466,2314,105642,5.024880506873171,0.16300061100927624
2679,0.1777380952380952,1,2,1,63146,542464,2315,105641,5.024861980806995,0.16299982255961612
2680,0.17775,0,1,0,63147,542463,2315,105641,5.024852717773908,0.16300007406218756
2681,0.1777777777777777,0,1,0,63148,542462,2315,105641,5.024843454740821,0.16300032556553512
2682,0.1777857142857143,0,1,0,63149,542461,2315,105641,5.024834191707733,0.1630005770696588
2683,0.1778333333333333,0,8,0,63157,542453,2315,105641,5.024760087443032,0.16300258913058907
2684,0.1778571428571428,0,3,0,63160,542450,2315,105641,5.024732298343769,0.1630033436662444
2685,0.1778888888888888,0,1,0,63161,542449,2315,105641,5.024723035310682,0.16300359517968183
2686,0.1779047619047618,0,1,0,63162,542448,2315,105641,5.024713772277595,0.16300384669389545
2687,0.1779999999999999,0,5,0,63167,542443,2315,105641,5.024667457112157,0.1630051042766061
2688,0.178,3,56,3,63223,542387,2318,105638,5.024148727259254,0.16301531576713862
2689,0.178047619047619,0,1,0,63224,542386,2318,105638,5.024139464226166,0.163015567324667
2690,0.178095238095238,0,1,0,63225,542385,2318,105638,5.024130201193079,0.16301581888297176
2691,0.1780952380952381,0,4,0,63229,542381,2318,105638,5.024093149060729,0.1630168251239547
2692,0.1781212121212121,0,1,0,63230,542380,2318,105638,5.024083886027641,0.16301707668614143
2693,0.1781262626262626,0,1,0,63231,542379,2318,105638,5.024074622994553,0.1630173282491046
2694,0.1781666666666666,1,9,1,63240,542370,2319,105637,5.023991255696766,0.16301830072823287
2695,0.1782857142857143,0,3,0,63243,542367,2319,105637,5.023963466597503,0.16301905543792938
2696,0.1783333333333333,16,216,16,63459,542151,2335,105621,5.021962651450591,0.16305274077916304
2697,0.1783690476190476,0,1,0,63460,542150,2335,105621,5.021953388417503,0.16305299249271735
2698,0.1783928571428571,0,2,0,63462,542148,2335,105621,5.021934862351328,0.16305349592215743
2699,0.1785,1,19,1,63481,542129,2336,105620,5.021758864722665,0.16305698657967824
2700,0.1785555555555555,0,1,0,63482,542128,2336,105620,5.021749601689577,0.163057238308725
2701,0.1785714285714285,0,4,0,63486,542124,2336,105620,5.021712549557227,0.16305824523268453
2702,0.1785833333333333,0,1,0,63487,542123,2336,105620,5.021703286524139,0.16305849696561753
2703,0.1786038961038961,0,1,0,63488,542122,2336,105620,5.021694023491052,0.16305874869932782
2704,0.1786666666666666,0,19,0,63507,542103,2336,105620,5.021518025862388,0.16306353178750793
2705,0.17875,2,3,2,63510,542100,2338,105618,5.021490236763126,0.1630617027780608
2706,0.1787777777777778,0,1,0,63511,542099,2338,105618,5.021480973730038,0.1630619545264367
2707,0.1788095238095238,0,1,0,63512,542098,2338,105618,5.02147171069695,0.16306220627558993
2708,0.1788333333333333,0,4,0,63516,542094,2338,105618,5.0214346585646,0.16306321327997628
2709,0.1788888888888889,0,1,0,63517,542093,2338,105618,5.021425395531513,0.16306346503301627
2710,0.1789285714285714,0,2,0,63519,542091,2338,105618,5.021406869465338,0.16306396854142832
2711,0.179,2,69,2,63588,542022,2340,105616,5.020767720182296,0.16307875695990662
2712,0.1790238095238094,0,1,0,63589,542021,2340,105616,5.020758457149209,0.16307900876571288
2713,0.1790238095238095,0,1,0,63590,542020,2340,105616,5.020749194116122,0.1630792605722968
2714,0.179047619047619,0,2,0,63592,542018,2340,105616,5.020730668049946,0.16307976418779743
2715,0.1790476190476191,0,1,0,63593,542017,2340,105616,5.020721405016859,0.16308001599671418
2716,0.1791666666666666,3,66,3,63659,541951,2343,105613,5.02011004483308,0.1630927599434187
2717,0.1792380952380952,0,3,0,63662,541948,2343,105613,5.020082255733818,0.16309351551436854
2718,0.1792857142857142,0,3,0,63665,541945,2343,105613,5.020054466634555,0.16309427109231914
2719,0.1792857142857143,1,3,1,63668,541942,2344,105612,5.020026677535292,0.1630937342677213
2720,0.1793333333333333,1,30,1,63698,541912,2345,105611,5.0197487865426655,0.1630999979923493
2721,0.1794047619047619,1,0,1,63698,541912,2346,105610,5.0197487865426655,0.1630987055266076
2722,0.1794166666666666,0,1,0,63699,541911,2346,105610,5.019739523509578,0.16309895740833116
2723,0.1794444444444444,1,2,1,63701,541909,2347,105609,5.019720997443403,0.1630981686995574
2724,0.1794642857142857,0,1,0,63702,541908,2347,105609,5.019711734410316,0.16309842058200788
2725,0.1795,0,7,0,63709,541901,2347,105609,5.019646893178702,0.16310018378094546
2726,0.1795714285714285,0,1,0,63710,541900,2347,105609,5.019637630145615,0.16310043566962004
2727,0.1795833333333333,0,4,0,63714,541896,2347,105609,5.019600578013264,0.1631014432320986
2728,0.1796428571428571,0,1,0,63715,541895,2347,105609,5.019591314980177,0.16310169512466333
2729,0.1796666666666666,0,4,0,63719,541891,2347,105609,5.0195542628478265,0.1631027027027027
2730,0.1796666666666667,1,8,1,63727,541883,2348,105608,5.019480158583127,0.16310342537579672
2731,0.1796904761904761,1,1,1,63728,541882,2349,105607,5.019470895550039,0.16310238475093786
2732,0.1796904761904762,0,1,0,63729,541881,2349,105607,5.019461632516951,0.1631026366511812
2733,0.1797142857142857,0,2,0,63731,541879,2349,105607,5.019443106450776,0.1631031404540021
2734,0.1797380952380952,1,1,1,63732,541878,2350,105606,5.019433843417689,0.16310209982022722
2735,0.1797727272727272,0,3,0,63735,541875,2350,105606,5.019406054318426,0.16310285552780698
2736,0.1798333333333333,0,9,0,63744,541866,2350,105606,5.019322687020638,0.1631051226925643
2737,0.1798809523809523,0,1,0,63745,541865,2350,105606,5.01931342398755,0.1631053746036502
2738,0.1799166666666666,0,1,0,63746,541864,2350,105606,5.019304160954463,0.16310562651551425
2739,0.1799444444444444,1,2,1,63748,541862,2351,105605,5.019285634888288,0.16310483777551596
2740,0.1799761904761904,0,1,0,63749,541861,2351,105605,5.0192763718552005,0.16310508968810716
2741,0.1799999999999999,0,6,0,63755,541855,2351,105605,5.019220793656675,0.16310660117999567
2742,0.18,115,2905,115,66660,538950,2466,105490,4.99231168253733,0.16369250822419465
2743,0.1801428571428571,0,2,0,66662,538948,2466,105490,4.992293156471155,0.16369301624050722
2744,0.1801666666666666,0,6,0,66668,538942,2466,105490,4.992237578272629,0.16369454030836458
2745,0.1801904761904761,0,1,0,66669,538941,2466,105490,4.992228315239542,0.16369479432243328
2746,0.1802539682539682,0,1,0,66670,538940,2466,105490,4.992219052206455,0.16369504833729032
2747,0.1802857142857142,0,2,0,66672,538938,2466,105490,4.992200526140279,0.16369555636936942
2748,0.1803095238095238,0,1,0,66673,538937,2466,105490,4.992191263107192,0.1636958103865915
2749,0.1803333333333333,0,17,0,66690,538920,2466,105490,4.992033791544704,0.16370012879998758
2750,0.1803571428571428,0,1,0,66691,538919,2466,105490,4.992024528511616,0.16370038283140056
2751,0.1804047619047619,0,1,0,66692,538918,2466,105490,4.992015265478528,0.16370063686360195
2752,0.1804166666666666,0,3,0,66695,538915,2466,105490,4.991987476379266,0.16370139896493666
2753,0.1804761904761904,0,1,0,66696,538914,2466,105490,4.991978213346178,0.16370165300029174
2754,0.1804999999999999,1,0,1,66696,538914,2467,105489,4.991978213346178,0.163700355212499
2755,0.1805,0,8,0,66704,538906,2467,105489,4.991904109081478,0.1637023875107659
2756,0.1805079365079365,0,1,0,66705,538905,2467,105489,4.99189484604839,0.1637026415515973
2757,0.1805238095238095,0,1,0,66706,538904,2467,105489,4.991885583015303,0.16370289559321718
2758,0.1805714285714285,1,0,1,66706,538904,2468,105488,4.991885583015303,0.16370159778519908
2759,0.1805952380952381,0,2,0,66708,538902,2468,105488,4.991867056949127,0.16370210586756467
2760,0.1806666666666666,1,16,1,66724,538886,2469,105487,4.991718848419726,0.16370487279882925
2761,0.1806666666666667,1,4,1,66728,538882,2470,105486,4.991681796287376,0.16370459116529684
2762,0.1807142857142857,0,7,0,66735,538875,2470,105486,4.991616955055764,0.1637063695661283
2763,0.1807619047619047,0,2,0,66737,538873,2470,105486,4.9915984289895885,0.1637068776877486
2764,0.1808333333333333,5,104,5,66841,538769,2475,105481,4.990635073548483,0.1637268141249515
2765,0.1808571428571428,0,1,0,66842,538768,2475,105481,4.990625810515395,0.1637270682608743
2766,0.1809523809523809,0,1,0,66843,538767,2475,105481,4.990616547482308,0.16372732239758603
2767,0.1809696969696969,0,3,0,66846,538764,2475,105481,4.990588758383045,0.16372808481245488
2768,0.1809999999999999,0,15,0,66861,538749,2475,105481,4.990449812886732,0.16373189699330984
2769,0.181,2,48,2,66909,538701,2477,105479,4.990005187298529,0.1637415008227514
2770,0.1810238095238095,1,0,1,66909,538701,2478,105478,4.990005187298529,0.16374020264553796
2771,0.1810714285714285,0,2,0,66911,538699,2478,105478,4.989986661232354,0.1637407110157612
2772,0.1810833333333333,0,3,0,66914,538696,2478,105478,4.989958872133092,0.1637414735770149
2773,0.1811111111111111,0,1,0,66915,538695,2478,105478,4.9899496091000035,0.16374172776567786
2774,0.1811428571428571,0,1,0,66916,538694,2478,105478,4.989940346066916,0.16374198195512998
2775,0.1811666666666666,0,6,0,66922,538688,2478,105478,4.989884767868391,0.16374350710841615
2776,0.1811666666666667,0,3,0,66925,538685,2478,105478,4.9898569787691285,0.16374426969571365
2777,0.1811904761904761,0,2,0,66927,538683,2478,105478,4.989838452702953,0.16374477809119148
2778,0.1811904761904762,0,1,0,66928,538682,2478,105478,4.989829189669866,0.16374503229011425
2779,0.1812142857142857,0,1,0,66929,538681,2478,105478,4.989819926636778,0.16374528648982628
2780,0.1812222222222222,0,3,0,66932,538678,2478,105478,4.989792137537515,0.1637460490936978
2781,0.18125,0,2,0,66934,538676,2478,105478,4.98977361147134,0.1637465575002251
2782,0.1813333333333333,0,23,0,66957,538653,2478,105478,4.989560561710326,0.16375240440221012
2783,0.1813432539682539,0,3,0,66960,538650,2478,105478,4.989532772611064,0.16375316707238313
2784,0.1813571428571428,0,1,0,66961,538649,2478,105478,4.989523509577976,0.16375342129735285
2785,0.1814285714285714,0,6,0,66967,538643,2478,105478,4.989467931379451,0.16375494666374796
2786,0.1814523809523809,0,5,0,66972,538638,2478,105478,4.989421616214013,0.16375621782411864
2787,0.1815,0,20,0,66992,538618,2478,105478,4.989236355552262,0.16376130266295708
2788,0.1815079365079365,0,1,0,66993,538617,2478,105478,4.989227092519174,0.16376155691318828
2789,0.181547619047619,0,1,0,66994,538616,2478,105478,4.989217829486087,0.16376181116420896
2790,0.1816666666666666,9,244,9,67238,538372,2487,105469,4.986957649412724,0.16381218344280654
2791,0.1817142857142857,0,1,0,67239,538371,2487,105469,4.986948386379636,0.16381243787276342
2792,0.1818095238095238,0,1,0,67240,538370,2487,105469,4.9869391233465485,0.16381269230351067
2793,0.1818333333333333,1,4,1,67244,538366,2488,105468,4.986902071214199,0.1638124112737134
2794,0.1818809523809523,0,2,0,67246,538364,2488,105468,4.986883545148023,0.16381292014065782
2795,0.1818888888888889,0,2,0,67248,538362,2488,105468,4.986865019081848,0.1638134290107637
2796,0.1819047619047619,0,2,0,67250,538360,2488,105468,4.986846493015673,0.16381393788403115
2797,0.1819134199134199,0,1,0,67251,538359,2488,105468,4.986837229982585,0.16381419232185043
2798,0.1819999999999999,0,1,0,67252,538358,2488,105468,4.986827966949498,0.16381444676046011
2799,0.182,1,83,1,67335,538275,2489,105467,4.986059135203231,0.16383426900839157
2800,0.1820238095238094,0,1,0,67336,538274,2489,105467,4.986049872170144,0.163834523511785
2801,0.1820238095238095,0,2,0,67338,538272,2489,105467,4.986031346103968,0.16383503252094406
2802,0.182047619047619,0,2,0,67340,538270,2489,105467,4.986012820037793,0.1638355415332659
2803,0.182111111111111,0,1,0,67341,538269,2489,105467,4.986003557004706,0.16383579604061294
2804,0.1821428571428571,1,7,1,67348,538262,2490,105466,4.985938715773092,0.16383627867670816
2805,0.1821666666666666,0,2,0,67350,538260,2490,105466,4.985920189706918,0.16383678770159976
2806,0.1821666666666667,2,4,2,67354,538256,2492,105464,4.985883137574567,0.1638352078543466
2807,0.1821904761904761,0,2,0,67356,538254,2492,105464,4.985864611508393,0.16383571688223725
2808,0.1822222222222222,0,1,0,67357,538253,2492,105464,4.9858553484753045,0.16383597139736872
2809,0.18225,0,1,0,67358,538252,2492,105464,4.985846085442217,0.16383622591329094
2810,0.1822619047619048,0,2,0,67360,538250,2492,105464,4.985827559376042,0.16383673494750775
2811,0.1822857142857142,0,1,0,67361,538249,2492,105464,4.985818296342955,0.1638369894658023
2812,0.1823333333333333,0,13,0,67374,538236,2492,105464,4.985697876912816,0.1638402982755942
2813,0.1823809523809524,0,1,0,67375,538235,2492,105464,4.985688613879729,0.16384055280496007
2814,0.1825,9,238,9,67613,537997,2501,105455,4.983484012004891,0.16388945873196448
2815,0.1825952380952381,0,1,0,67614,537996,2501,105455,4.983474748971803,0.16388971343583272
2816,0.1826190476190476,2,2,2,67616,537994,2503,105453,4.9834562229056285,0.1638876240001119
2817,0.1826666666666666,0,23,0,67639,537971,2503,105453,4.983243173144614,0.1638934823693241
2818,0.1826666666666667,0,6,0,67645,537965,2503,105453,4.983187594946089,0.16389501070843526
2819,0.1827380952380952,0,3,0,67648,537962,2503,105453,4.983159805846826,0.16389577488867993
2820,0.1827777777777778,0,1,0,67649,537961,2503,105453,4.983150542813739,0.16389602961701175
2821,0.1828333333333333,0,11,0,67660,537950,2503,105453,4.983048649449776,0.1638988316809216
2822,0.1828571428571428,0,4,0,67664,537946,2503,105453,4.983011597317426,0.16389985063700752
2823,0.1829166666666666,0,1,0,67665,537945,2503,105453,4.983002334284338,0.16390010537800864
2824,0.1829523809523809,0,3,0,67668,537942,2503,105453,4.982974545185075,0.16390086960576317
2825,0.1829761904761904,0,1,0,67669,537941,2503,105453,4.982965282151988,0.16390112434993176
2826,0.1829761904761905,0,1,0,67670,537940,2503,105453,4.9829560191189,0.16390137909489225
2827,0.1829999999999999,0,4,0,67674,537936,2503,105453,4.98291896698655,0.16390239808265294
2828,0.183,1,25,1,67699,537911,2504,105452,4.982687391159361,0.16390746747947893
2829,0.183015873015873,1,2,1,67701,537909,2505,105451,4.982668865093186,0.16390667744342202
2830,0.1830281385281385,1,2,1,67703,537907,2506,105450,4.982650339027011,0.1639058873999972
2831,0.1830555555555555,1,3,1,67706,537904,2507,105449,4.982622549927749,0.16390535211617882
2832,0.1830833333333333,0,1,0,67707,537903,2507,105449,4.982613286894661,0.16390560688394534
2833,0.183095238095238,0,1,0,67708,537902,2507,105449,4.982604023861573,0.16390586165250384
2834,0.1830952380952381,0,2,0,67710,537900,2507,105449,4.982585497795398,0.16390637119199689
2835,0.1831428571428571,0,1,0,67711,537899,2507,105449,4.982576234762311,0.1639066259629314
2836,0.1831666666666666,0,4,0,67715,537895,2507,105449,4.98253918262996,0.16390764505458977
2837,0.1832142857142857,0,1,0,67716,537894,2507,105449,4.982529919596873,0.16390789982948442
2838,0.1832857142857142,0,1,0,67717,537893,2507,105449,4.982520656563786,0.16390815460517114
2839,0.1833095238095238,0,1,0,67718,537892,2507,105449,4.9825113935306975,0.16390840938164986
2840,0.1833214285714285,0,1,0,67719,537891,2507,105449,4.98250213049761,0.16390866415892064
2841,0.1833333333333333,21,490,21,68209,537401,2528,105428,4.977963244284709,0.16400629094207014
2842,0.1833571428571428,0,1,0,68210,537400,2528,105428,4.977953981251621,0.16400654607453316
2843,0.1834285714285714,1,1,1,68211,537399,2529,105427,4.9779447182185335,0.16400550071092332
2844,0.1835,4,23,4,68234,537376,2533,105423,4.97773166845752,0.1640061667799732
2845,0.1835714285714285,0,3,0,68237,537373,2533,105423,4.977703879358257,0.16400693221488621
2846,0.1836666666666666,3,11,3,68248,537362,2536,105420,4.977601985994294,0.1640058371267397
2847,0.1836904761904761,0,1,0,68249,537361,2536,105420,4.977592722961206,0.16400609227715193
2848,0.1837142857142857,0,2,0,68251,537359,2536,105420,4.9775741968950316,0.1640066025803581
2849,0.1837222222222222,0,2,0,68253,537357,2536,105420,4.977555670828856,0.1640071128867399
2850,0.1837380952380952,0,1,0,68254,537356,2536,105420,4.977546407795769,0.16400736804112165
2851,0.18375,0,4,0,68258,537352,2536,105420,4.977509355663418,0.16400838866658785
2852,0.1838095238095237,0,3,0,68261,537349,2536,105420,4.977481566564156,0.16400915414402376
2853,0.1838095238095238,0,1,0,68262,537348,2536,105420,4.977472303531068,0.16400940930475694
2854,0.1838333333333333,2,2,2,68264,537346,2538,105418,4.977453777464893,0.16400731839368726
2855,0.1838342490842491,0,1,0,68265,537345,2538,105418,4.977444514431806,0.16400757355354928
2856,0.1838571428571428,0,1,0,68266,537344,2538,105418,4.977435251398718,0.16400782871420524
2857,0.1838611111111111,0,1,0,68267,537343,2538,105418,4.97742598836563,0.1640080838756552
2858,0.1838888888888888,0,2,0,68269,537341,2538,105418,4.977407462299455,0.16400859420093689
2859,0.1839285714285714,0,2,0,68271,537339,2538,105418,4.977388936233281,0.16400910452939446
2860,0.184,6,99,6,68370,537240,2544,105412,4.976471895957612,0.16402656492160608
2861,0.184047619047619,0,3,0,68373,537237,2544,105412,4.97644410685835,0.1640273306268274
2862,0.1840800865800865,3,2,3,68375,537235,2547,105409,4.976425580792174,0.1640239386036437
2863,0.1840833333333333,0,1,0,68376,537234,2547,105409,4.976416317759087,0.16402419383701372
2864,0.1841111111111111,0,2,0,68378,537232,2547,105409,4.976397791692912,0.16402470430613672
2865,0.1841666666666666,10,82,10,68460,537150,2557,105399,4.9756382229797325,0.16403262630554247
2866,0.1841753246753247,0,1,0,68461,537149,2557,105399,4.975628959946645,0.16403288159016913
2867,0.18425,1,3,1,68464,537146,2558,105398,4.975601170847383,0.1640323464229687
2868,0.1842857142857142,0,1,0,68465,537145,2558,105398,4.9755919078142945,0.16403260170914633
2869,0.1842857142857143,1,16,1,68481,537129,2559,105397,4.975443699284894,0.16403538533849213
2870,0.1843333333333333,0,16,0,68497,537113,2559,105397,4.975295490755493,0.1640394702027984
2871,0.1843809523809523,0,1,0,68498,537112,2559,105397,4.975286227722405,0.16403972551357257
2872,0.1844285714285714,0,1,0,68499,537111,2559,105397,4.975276964689318,0.16403998082514148
2873,0.1844444444444444,0,5,0,68504,537106,2559,105397,4.97523064952388,0.1640412573949071
2874,0.1844523809523809,0,2,0,68506,537104,2559,105397,4.975212123457705,0.1640417680283766
2875,0.1844848484848485,0,1,0,68507,537103,2559,105397,4.975202860424617,0.1640420233463035
2876,0.1844999999999999,0,2,0,68509,537101,2559,105397,4.975184334358443,0.16404253398454158
2877,0.1845,0,3,0,68512,537098,2559,105397,4.975156545259179,0.16404329994785952
2878,0.1845238095238094,0,4,0,68516,537094,2559,105397,4.975119493126829,0.16404432124341042
2879,0.1845238095238095,0,4,0,68520,537090,2559,105397,4.97508244099448,0.16404534255167807
2880,0.1845454545454545,0,1,0,68521,537089,2559,105397,4.9750731779613915,0.16404559788073203
2881,0.1845833333333333,0,6,0,68527,537083,2559,105397,4.975017599762866,0.164047129871747
2882,0.1846153846153846,0,2,0,68529,537081,2559,105397,4.974999073696691,0.1640476405417773
2883,0.1846428571428571,0,2,0,68531,537079,2559,105397,4.9749805476305164,0.16404815121498703
2884,0.1846666666666666,1,16,1,68547,537063,2560,105396,4.974832339101115,0.16405093554608155
2885,0.1847142857142857,0,1,0,68548,537062,2560,105396,4.974823076068028,0.164051190894969
2886,0.1847619047619048,0,2,0,68550,537060,2560,105396,4.974804550001853,0.1640517015951287
2887,0.1848333333333333,0,4,0,68554,537056,2560,105396,4.974767497869502,0.16405272300498713
2888,0.1848571428571429,0,1,0,68555,537055,2560,105396,4.974758234836415,0.16405297835943908
2889,0.1848809523809523,1,3,1,68558,537052,2561,105395,4.974730445737152,0.1640524432365627
2890,0.1848809523809524,0,1,0,68559,537051,2561,105395,4.974721182704065,0.16405269859256655
2891,0.1849166666666666,0,1,0,68560,537050,2561,105395,4.974711919670977,0.1640529539493653
2892,0.1849999999999999,1,18,1,68578,537032,2562,105394,4.974545185075401,0.16405624928007273
2893,0.185,65,1047,65,69625,535985,2627,105329,4.964846789432732,0.16423935856694225
2894,0.1850119047619047,0,1,0,69626,535984,2627,105329,4.964837526399644,0.16423961466553774
2895,0.1850714285714286,0,1,0,69627,535983,2627,105329,4.964828263366557,0.16423987076493188
2896,0.1851666666666666,1,1,1,69628,535982,2628,105328,4.96481900033347,0.16423882365782538
2897,0.1851666666666667,0,3,0,69631,535979,2628,105328,4.964791211234207,0.16423959195829765
2898,0.1852142857142857,0,2,0,69633,535977,2628,105328,4.964772685168032,0.16424010416260593
2899,0.1852261904761905,0,1,0,69634,535976,2628,105328,4.9647634221349435,0.16424036026595812
2900,0.1852380952380952,0,3,0,69637,535973,2628,105328,4.964735633035681,0.16424112858080683
2901,0.18525,0,2,0,69639,535971,2628,105328,4.964717106969506,0.1642416407946995
2902,0.1852857142857142,0,1,0,69640,535970,2628,105328,4.964707843936418,0.1642418969028439
2903,0.1853333333333333,1,22,1,69662,535948,2629,105327,4.964504057208492,0.1642462282172235
2904,0.1853571428571428,0,1,0,69663,535947,2629,105327,4.964494794175405,0.1642464843421065
2905,0.1854166666666666,0,1,0,69664,535946,2629,105327,4.9644855311423175,0.16424674046778828
2906,0.1854642857142857,0,1,0,69665,535945,2629,105327,4.964476268109229,0.1642469965942689
2907,0.1855,0,3,0,69668,535942,2629,105327,4.964448479009967,0.16424776497850357
2908,0.1855555555555555,0,1,0,69669,535941,2629,105327,4.9644392159768795,0.16424802110817943
2909,0.1855952380952381,0,4,0,69673,535937,2629,105327,4.964402163844529,0.16424904563487114
2910,0.1856666666666666,0,20,0,69693,535917,2629,105327,4.964216903182778,0.16425416846005578
2911,0.1856666666666667,0,4,0,69697,535913,2629,105327,4.964179851050428,0.16425519306343958
2912,0.1856904761904761,0,1,0,69698,535912,2629,105327,4.964170588017341,0.16425544921628285
2913,0.1857142857142857,2,10,2,69708,535902,2631,105325,4.964077957686465,0.16425540409246647
2914,0.1857619047619048,1,1,1,69709,535901,2632,105324,4.964068694653378,0.16425435689500564
2915,0.1858095238095238,0,1,0,69710,535900,2632,105324,4.9640594316202895,0.16425461305253702
2916,0.1858333333333333,2,72,2,69782,535828,2634,105322,4.963392493237986,0.16427045153240272
2917,0.1858809523809523,0,1,0,69783,535827,2634,105322,4.963383230204898,0.16427070774500155
2918,0.1859523809523809,1,4,1,69787,535823,2635,105321,4.963346178072548,0.16427042910796952
2919,0.1859999999999999,0,6,0,69793,535817,2635,105321,4.963290599874023,0.16427196640972772
2920,0.186,6,96,6,69889,535721,2641,105315,4.962401348697617,0.16428874509387928
2921,0.1860238095238094,0,1,0,69890,535720,2641,105315,4.96239208566453,0.16428900138057984
2922,0.1860714285714285,0,3,0,69893,535717,2641,105315,4.9623642965652675,0.16428977024547917
2923,0.1861111111111111,0,2,0,69895,535715,2641,105315,4.962345770499092,0.16429028282607677
2924,0.1861363636363636,0,1,0,69896,535714,2641,105315,4.962336507466005,0.16429053911757502
2925,0.1861428571428571,0,1,0,69897,535713,2641,105315,4.962327244432917,0.1642907954098729
2926,0.1861666666666666,1,8,1,69905,535705,2642,105314,4.962253140168217,0.16429154206037574
2927,0.1861904761904762,0,8,0,69913,535697,2642,105314,4.9621790359035165,0.16429359246565192
2928,0.1861948051948052,0,1,0,69914,535696,2642,105314,4.962169772870428,0.16429384876991
2929,0.18625,0,2,0,69916,535694,2642,105314,4.962151246804254,0.1642943613808252
2930,0.1862857142857142,0,1,0,69917,535693,2642,105314,4.962141983771166,0.16429461768748235
2931,0.1863333333333333,2,9,2,69926,535684,2644,105312,4.962058616473378,0.16429431696921665
2932,0.1863809523809524,0,1,0,69927,535683,2644,105312,4.962049353440291,0.16429457328060282
2933,0.1864285714285714,0,3,0,69930,535680,2644,105312,4.962021564341028,0.1642953422195597
2934,0.1864848484848485,1,1,1,69931,535679,2645,105311,4.96201230130794,0.1642942947627888
2935,0.1865,3,10,3,69941,535669,2648,105308,4.961919670977065,0.16429294654878412
2936,0.186547619047619,0,2,0,69943,535667,2648,105308,4.96190114491089,0.16429345918327548
2937,0.1865555555555555,0,1,0,69944,535666,2648,105308,4.961891881877802,0.1642937155017208
2938,0.1865833333333333,0,2,0,69946,535664,2648,105308,4.961873355811627,0.16429422814101083
2939,0.1866666666666666,29,483,29,70429,535181,2677,105279,4.957399310830338,0.1643802891671611
2940,0.1867142857142857,0,1,0,70430,535180,2677,105279,4.957390047797251,0.1643805458272895
2941,0.1867857142857143,0,1,0,70431,535179,2677,105279,4.9573807847641636,0.16438080248821937
2942,0.1868080808080808,0,1,0,70432,535178,2677,105279,4.957371521731075,0.16438105914995074
2943,0.1868333333333333,2,9,2,70441,535169,2679,105277,4.957288154433288,0.16438075965811325
2944,0.1868571428571428,1,8,1,70449,535161,2680,105276,4.957214050168587,0.16438150825139708
2945,0.1868888888888888,0,1,0,70450,535160,2680,105276,4.9572047871355,0.16438176492264645
2946,0.1869047619047619,0,4,0,70454,535156,2680,105276,4.957167735003149,0.16438279161565944
2947,0.187,1,43,1,70497,535113,2681,105275,4.956769424580385,0.16439252453200248
2948,0.187047619047619,0,1,0,70498,535112,2681,105275,4.956760161547297,0.16439278124009388
2949,0.1870555555555555,1,0,1,70498,535112,2682,105274,4.956760161547297,0.1643914763908018
2950,0.1870714285714285,0,1,0,70499,535111,2682,105274,4.956750898514209,0.1643917330980582
2951,0.1870833333333333,0,4,0,70503,535107,2682,105274,4.956713846381859,0.16439275993510113
2952,0.1870959595959596,1,6,1,70509,535101,2683,105273,4.956658268183334,0.16439299534334623
2953,0.1871111111111111,0,2,0,70511,535099,2683,105273,4.956639742117159,0.16439350877302567
2954,0.1871428571428571,1,9,1,70520,535090,2684,105272,4.956556374819371,0.16439451435281918
2955,0.1871666666666666,4,20,4,70540,535070,2688,105268,4.95637111415762,0.16439442919208294
2956,0.1872051282051282,0,1,0,70541,535069,2688,105268,4.956361851124532,0.16439468592319356
2957,0.1872142857142857,0,2,0,70543,535067,2688,105268,4.9563433250583575,0.16439519938782043
2958,0.18725,0,2,0,70545,535065,2688,105268,4.956324798992182,0.1643957128556548
2959,0.1872619047619047,0,2,0,70547,535063,2688,105268,4.956306272926007,0.16439622632669665
2960,0.187297619047619,0,1,0,70548,535062,2688,105268,4.9562970098929195,0.16439648306342042
2961,0.1873214285714285,0,1,0,70549,535061,2688,105268,4.956287746859831,0.16439673980094607
2962,0.1873333333333333,0,37,0,70586,535024,2688,105268,4.955945014635592,0.16440623965315826
2963,0.1873809523809523,0,2,0,70588,535022,2688,105268,4.955926488569417,0.16440675318996079
2964,0.1873809523809524,0,1,0,70589,535021,2688,105268,4.9559172255363295,0.16440700995956514
2965,0.1874285714285714,1,0,1,70589,535021,2689,105267,4.9559172255363295,0.16440570493278026
2966,0.1874999999999999,3,0,3,70589,535021,2692,105264,4.9559172255363295,0.16440178982796724
2967,0.1875,11,266,11,70855,534755,2703,105253,4.95345325873504,0.16445575680303995
2968,0.187579365079365,0,1,0,70856,534754,2703,105253,4.953443995701953,0.16445601376234947
2969,0.1875992063492063,0,2,0,70858,534752,2703,105253,4.953425469635778,0.16445652768337748
2970,0.1876190476190476,1,7,1,70865,534745,2704,105252,4.953360628404164,0.16445702089228542
2971,0.1876212121212121,1,5,1,70870,534740,2705,105251,4.953314313238727,0.16445700017656498
2972,0.1876666666666666,0,24,0,70894,534716,2705,105251,4.9530920004446255,0.16446316763208102
2973,0.1876666666666667,1,3,1,70897,534713,2706,105250,4.953064211345363,0.16446263299597008
2974,0.1877380952380952,0,2,0,70899,534711,2706,105250,4.9530456852791875,0.16446314697301867
2975,0.1877777777777778,0,1,0,70900,534710,2706,105250,4.9530364222461,0.16446340396274767
2976,0.1877808302808302,0,1,0,70901,534709,2706,105250,4.953027159213013,0.16446366095327983
2977,0.1878333333333333,0,8,0,70909,534701,2706,105250,4.9529530549483125,0.16446571690645065
2978,0.1878571428571428,0,7,0,70916,534694,2706,105250,4.952888213716699,0.16446751590764191
2979,0.1879166666666666,0,3,0,70919,534691,2706,105250,4.952860424617437,0.16446828692020046
2980,0.1879761904761904,0,3,0,70922,534688,2706,105250,4.952832635518174,0.16446905793998792
2981,0.1879999999999999,0,3,0,70925,534685,2706,105250,4.952804846418911,0.16446982896700446
2982,0.188,0,56,0,70981,534629,2706,105250,4.952286116566008,0.16448422279837283
2983,0.188047619047619,0,1,0,70982,534628,2706,105250,4.952276853532921,0.16448447985397216
2984,0.1880555555555555,0,2,0,70984,534626,2706,105250,4.952258327466746,0.1644849939675812
2985,0.1880952380952381,0,1,0,70985,534625,2706,105250,4.9522490644336585,0.16448525102559095
2986,0.1881190476190476,0,1,0,70986,534624,2706,105250,4.95223980140057,0.16448550808440413
2987,0.1881515151515151,0,2,0,70988,534622,2706,105250,4.952221275334396,0.1644860222044409
2988,0.1881666666666666,0,9,0,70997,534613,2706,105250,4.952137908036607,0.16448833578437885
2989,0.1881666666666667,1,4,1,71001,534609,2707,105249,4.952100855904257,0.16448805828793264
2990,0.1881904761904761,0,1,0,71002,534608,2707,105249,4.95209159287117,0.1644883153579628
2991,0.1882222222222222,0,1,0,71003,534607,2707,105249,4.952082329838082,0.16448857242879647
2992,0.18825,0,1,0,71004,534606,2707,105249,4.952073066804995,0.1644888295004337
2993,0.1883333333333333,20,260,20,71264,534346,2727,105229,4.949664678202231,0.1645295704178556
2994,0.1884047619047619,0,1,0,71265,534345,2727,105229,4.949655415169143,0.16452982766654053
2995,0.1884523809523809,0,3,0,71268,534342,2727,105229,4.94962762606988,0.16453059941742199
2996,0.1884848484848484,0,1,0,71269,534341,2727,105229,4.949618363036793,0.1645308566693247
2997,0.1884999999999999,1,1,1,71270,534340,2728,105228,4.9496091000037055,0.1645298076201436
2998,0.1885,2,13,2,71283,534327,2730,105226,4.949488680573567,0.16453053929854133
2999,0.1885238095238095,0,1,0,71284,534326,2730,105226,4.94947941754048,0.16453079655759031
3000,0.1885396825396824,0,3,0,71287,534323,2730,105226,4.949451628441217,0.16453156833956428
3001,0.1885714285714285,0,7,0,71294,534316,2730,105226,4.949386787209604,0.16453336919232825
3002,0.1886153846153845,0,1,0,71295,534315,2730,105226,4.9493775241765166,0.16453362646022696
3003,0.1886666666666666,1,32,1,71327,534283,2731,105225,4.949081107117714,0.1645405530501573
3004,0.1886825396825396,1,0,1,71327,534283,2732,105224,4.949081107117714,0.16453924663842617
3005,0.1886904761904761,0,2,0,71329,534281,2732,105224,4.94906258105154,0.1645397612215698
3006,0.1886904761904762,0,1,0,71330,534280,2732,105224,4.949053318018452,0.16454001851434863
3007,0.1887142857142857,0,1,0,71331,534279,2732,105224,4.9490440549853645,0.1645402758079321
3008,0.18875,0,1,0,71332,534278,2732,105224,4.949034791952277,0.16454053310232025
3009,0.1887619047619047,1,1,1,71333,534277,2733,105223,4.949025528919189,0.164539483971853
3010,0.1888095238095238,0,3,0,71336,534274,2733,105223,4.9489977398199265,0.16454025585733786
3011,0.1888333333333333,0,1,0,71337,534273,2733,105223,4.948988476786839,0.16454051315410886
3012,0.1888888888888888,0,2,0,71339,534271,2733,105223,4.948969950720664,0.1645410277500649
3013,0.1889166666666666,0,3,0,71342,534268,2733,105223,4.948942161621401,0.16454179965003415
3014,0.1889523809523809,0,2,0,71344,534266,2733,105223,4.948923635555226,0.1645423142540372
3015,0.1889761904761905,0,1,0,71345,534265,2733,105223,4.948914372522139,0.1645425715572458
3016,0.1889999999999999,8,56,8,71401,534209,2741,105215,4.948395642669236,0.1645465293764388
3017,0.189,0,4,0,71405,534205,2741,105215,4.948358590536885,0.1645475587250946
3018,0.1890367965367965,0,2,0,71407,534203,2741,105215,4.9483400644707105,0.16454807340425198
3019,0.189047619047619,0,5,0,71412,534198,2741,105215,4.9482937493052725,0.1645493601162316
3020,0.1890952380952381,0,1,0,71413,534197,2741,105215,4.948284486272185,0.16454961746104232
3021,0.1891666666666666,5,57,5,71470,534140,2746,105210,4.947756493386194,0.16455775396887465
3022,0.1891904761904762,0,3,0,71473,534137,2746,105210,4.947728704286932,0.16455852612118302
3023,0.18925,0,1,0,71474,534136,2746,105210,4.947719441253844,0.16455878350689612
3024,0.1892619047619047,0,1,0,71475,534135,2746,105210,4.947710178220756,0.16455904089341436
3025,0.1892676767676767,0,2,0,71477,534133,2746,105210,4.947691652154582,0.16455955566886632
3026,0.1892777777777777,1,1,1,71478,534132,2747,105209,4.947682389121494,0.16455850633699387
3027,0.1892857142857142,0,1,0,71479,534131,2747,105209,4.947673126088406,0.1645587637250915
3028,0.1892857142857143,0,4,0,71483,534127,2747,105209,4.9476360739560565,0.16455979328553375
3029,0.1893008658008657,0,1,0,71484,534126,2747,105209,4.947626810922968,0.16456005067765725
3030,0.1893333333333333,2,38,2,71522,534088,2749,105207,4.947274815665642,0.16456721857671341
3031,0.1894444444444444,1,1,1,71523,534087,2750,105206,4.947265552632554,0.16456616919002712
3032,0.1894696969696969,0,2,0,71525,534085,2750,105206,4.947247026566379,0.1645666840296516
3033,0.1895,1,10,1,71535,534075,2751,105205,4.947154396235503,0.16456795144537606
3034,0.1895238095238095,0,5,0,71540,534070,2751,105205,4.947108081070065,0.16456923859059092
3035,0.1895454545454545,0,1,0,71541,534069,2751,105205,4.947098818036978,0.16456949602205
3036,0.1895833333333333,1,3,1,71544,534066,2752,105204,4.9470710289377156,0.16456896147167863
3037,0.1895952380952381,0,2,0,71546,534064,2752,105204,4.94705250287154,0.16456947633856223
3038,0.1896363636363636,0,3,0,71549,534061,2752,105204,4.947024713772278,0.16457024864492817
3039,0.1896428571428571,0,1,0,71550,534060,2752,105204,4.94701545073919,0.1645705060819943
3040,0.1896666666666666,1,11,1,71561,534049,2753,105203,4.946913557375227,0.1645720310613029
3041,0.1897142857142856,0,1,0,71562,534048,2753,105203,4.946904294342139,0.16457228850639263
3042,0.1897222222222222,0,3,0,71565,534045,2753,105203,4.9468765052428765,0.16457306084649462
3043,0.18975,0,4,0,71569,534041,2753,105203,4.946839453110527,0.1645740906445739
3044,0.1897619047619047,0,4,0,71573,534037,2753,105203,4.946802400978176,0.16457512045554096
3045,0.1898095238095238,0,1,0,71574,534036,2753,105203,4.946793137945089,0.16457537791029647
3046,0.1898214285714285,1,0,1,71574,534036,2754,105202,4.946793137945089,0.1645740710032883
3047,0.1898333333333332,0,1,0,71575,534035,2754,105202,4.9467838749120014,0.16457432845720757
3048,0.1898333333333333,1,9,1,71584,534026,2755,105201,4.946700507614213,0.16457533865121468
3049,0.1898412698412698,0,5,0,71589,534021,2755,105201,4.946654192448776,0.16457662596093375
3050,0.1899047619047619,0,1,0,71590,534020,2755,105201,4.946644929415688,0.16457688342529422
3051,0.1899523809523809,0,1,0,71591,534019,2755,105201,4.9466356663826,0.16457714089046024
3052,0.1899999999999999,2,19,2,71610,534000,2757,105199,4.946459668753937,0.16457941892900332
3053,0.19,150,3068,150,74678,530932,2907,105049,4.918040683241321,0.1651763181604482
3054,0.1900952380952381,0,1,0,74679,530931,2907,105049,4.918031420208233,0.16517657787980755
3055,0.1901515151515151,0,1,0,74680,530930,2907,105049,4.9180221571751455,0.16517683759998364
3056,0.1901666666666666,1,6,1,74686,530924,2908,105048,4.91796657897662,0.16517708326781683
3057,0.1901666666666667,0,2,0,74688,530922,2908,105048,4.917948052910445,0.1651776027171093
3058,0.1902380952380952,0,1,0,74689,530921,2908,105048,4.917938789877358,0.16517786244298072
3059,0.1902499999999999,0,1,0,74690,530920,2908,105048,4.9179295268442695,0.1651781221696689
3060,0.1902698412698412,0,1,0,74691,530919,2908,105048,4.917920263811182,0.1651783818971739
3061,0.1902857142857143,0,1,0,74692,530918,2908,105048,4.917911000778095,0.1651786416254957
3062,0.1903333333333333,3,15,3,74707,530903,2911,105045,4.917772055281781,0.16517859950813588
3063,0.1903571428571428,0,4,0,74711,530899,2911,105045,4.917735003149431,0.1651796384587322
3064,0.1904047619047619,0,4,0,74715,530895,2911,105045,4.917697951017081,0.16518067742239834
3065,0.1904166666666666,0,2,0,74717,530893,2911,105045,4.917679424950906,0.16518119690913266
3066,0.1904523809523809,0,1,0,74718,530892,2911,105045,4.917670161917818,0.16518145665372513
3067,0.1904761904761904,0,2,0,74720,530890,2911,105045,4.9176516358516436,0.16518197614536076
3068,0.1904761904761905,0,1,0,74721,530889,2911,105045,4.917642372818555,0.16518223589240394
3069,0.1904924242424243,0,1,0,74722,530888,2911,105045,4.917633109785468,0.165182495640264
3070,0.1904999999999999,0,1,0,74723,530887,2911,105045,4.917623846752381,0.16518275538894095
3071,0.1905,1,8,1,74731,530879,2912,105044,4.91754974248768,0.16518352064636757
3072,0.1905079365079365,0,2,0,74733,530877,2912,105044,4.917531216421505,0.16518404015593133
3073,0.1905238095238095,0,1,0,74734,530876,2912,105044,4.917521953388418,0.16518429991193861
3074,0.1905833333333333,0,1,0,74735,530875,2912,105044,4.91751269035533,0.16518455966876286
3075,0.1906666666666666,0,20,0,74755,530855,2912,105044,4.917327429693579,0.16518975497681235
3076,0.1906666666666667,1,6,1,74761,530849,2913,105043,4.9172718514950535,0.16519000081774893
3077,0.1907142857142857,0,6,0,74767,530843,2913,105043,4.917216273296528,0.1651915594933683
3078,0.1907222222222222,0,1,0,74768,530842,2913,105043,4.917207010263441,0.16519181927549792
3079,0.1908095238095238,1,3,1,74771,530839,2914,105042,4.917179221164178,0.16519128579089484
3080,0.1908333333333333,6,90,6,74861,530749,2920,105036,4.916345548186298,0.16520679160408
3081,0.1908730158730159,0,1,0,74862,530748,2920,105036,4.916336285153211,0.16520705145143633
3082,0.1909523809523809,1,0,1,74862,530748,2921,105035,4.916336285153211,0.16520573843591288
3083,0.1909999999999999,1,5,1,74867,530743,2922,105034,4.916289969987773,0.1652057246487369
3084,0.191,1,43,1,74910,530700,2923,105033,4.915891659565008,0.16521558578837342
3085,0.1910238095238095,0,1,0,74911,530699,2923,105033,4.91588239653192,0.16521584567081726
3086,0.1910833333333333,0,1,0,74912,530698,2923,105033,4.915873133498833,0.1652161055540787
3087,0.191095238095238,0,1,0,74913,530697,2923,105033,4.915863870465746,0.1652163654381577
3088,0.1911111111111111,0,1,0,74914,530696,2923,105033,4.9158546074326575,0.1652166253230543
3089,0.1911428571428571,1,1,1,74915,530695,2924,105032,4.91584534439957,0.16521557209305252
3090,0.1911666666666666,1,8,1,74923,530687,2925,105031,4.91577124013487,0.16521633806184502
3091,0.1911904761904762,1,1,1,74924,530686,2926,105030,4.915761977101782,0.1652152848127151
3092,0.19125,0,12,0,74936,530674,2926,105030,4.915650820704731,0.1652184035337201
3093,0.1913333333333333,0,19,0,74955,530655,2926,105030,4.915474823076068,0.16522334174945139
3094,0.1913809523809523,0,1,0,74956,530654,2926,105030,4.91546556004298,0.16522360166371972
3095,0.1913888888888889,0,1,0,74957,530653,2926,105030,4.915456297009893,0.16522386157880578
3096,0.1914166666666666,0,1,0,74958,530652,2926,105030,4.915447033976806,0.1652241214947096
3097,0.1914285714285714,0,5,0,74963,530647,2926,105030,4.915400718811368,0.16522542108649518
3098,0.1914999999999999,2,21,2,74984,530626,2928,105028,4.915206195116529,0.16522825310624964
3099,0.1915,0,1,0,74985,530625,2928,105028,4.915196932083441,0.16522851304092012
3100,0.1915238095238095,0,1,0,74986,530624,2928,105028,4.915187669050354,0.16522877297640848
3101,0.191547619047619,0,1,0,74987,530623,2928,105028,4.915178406017266,0.16522903291271468
3102,0.1916190476190476,0,1,0,74988,530622,2928,105028,4.915169142984179,0.16522929284983875
3103,0.1916666666666666,14,288,14,75276,530334,2942,105014,4.912501389454963,0.16528579613062447
3104,0.1917857142857143,1,3,1,75279,530331,2943,105013,4.912473600355701,0.16528526278677377
3105,0.1918095238095237,0,1,0,75280,530330,2943,105013,4.912464337322613,0.16528552293800355
3106,0.1918333333333333,1,14,1,75294,530316,2944,105012,4.912334654859388,0.16528785131459656
3107,0.1918571428571428,0,3,0,75297,530313,2944,105012,4.912306865760124,0.1652886318026207
3108,0.1919047619047619,0,1,0,75298,530312,2944,105012,4.912297602727037,0.16528889196693342
3109,0.1919166666666666,0,4,0,75302,530308,2944,105012,4.912260550594687,0.16528993263237424
3110,0.192,0,64,0,75366,530244,2944,105012,4.9116677164770834,0.16530658506177037
3111,0.1920238095238095,1,2,1,75368,530242,2945,105011,4.911649190410908,0.16530579155076797
3112,0.1920714285714285,0,1,0,75369,530241,2945,105011,4.911639927377821,0.16530605177158042
3113,0.1920833333333333,0,3,0,75372,530238,2945,105011,4.911612138278558,0.1653068324389334
3114,0.1921428571428571,1,3,1,75375,530235,2946,105010,4.911584349179296,0.1653062991444246
3115,0.1921666666666666,0,12,0,75387,530223,2946,105010,4.911473192782244,0.16530942189716213
3116,0.1921904761904762,0,1,0,75388,530222,2946,105010,4.911463929749157,0.16530968213188252
3117,0.1922222222222222,0,1,0,75389,530221,2946,105010,4.91145466671607,0.16530994236742225
3118,0.19225,0,1,0,75390,530220,2946,105010,4.911445403682982,0.16531020260378132
3119,0.1922619047619047,1,1,1,75391,530219,2947,105009,4.9114361406498945,0.16530914884104606
3120,0.1922857142857142,0,1,0,75392,530218,2947,105009,4.911426877616806,0.16530940907738492
3121,0.1923333333333333,1,14,1,75406,530204,2948,105008,4.911297195153581,0.1653117384432284
3122,0.1923809523809523,0,1,0,75407,530203,2948,105008,4.911287932120493,0.165311998690199
3123,0.1923809523809524,1,1,1,75408,530202,2949,105007,4.911278669087406,0.1653109449015993
3124,0.1924090909090909,0,1,0,75409,530201,2949,105007,4.911269406054318,0.16531120514854977
3125,0.1924166666666666,0,3,0,75412,530198,2949,105007,4.9112416169550555,0.1653119858943176
3126,0.1924285714285714,0,1,0,75413,530197,2949,105007,4.911232353921968,0.16531224614454568
3127,0.1924999999999999,0,2,0,75415,530195,2949,105007,4.911213827855793,0.16531276664746017
3128,0.1925,8,259,8,75674,529936,2957,104999,4.908814702286117,0.16536968351091055
3129,0.1925238095238094,0,2,0,75676,529934,2957,104999,4.9087961762199415,0.165370204415269
3130,0.1926190476190476,0,2,0,75678,529932,2957,104999,4.908777650153766,0.1653707253229091
3131,0.1926666666666666,3,32,3,75710,529900,2960,104996,4.908481233094965,0.1653751165545223
3132,0.1927499999999999,0,2,0,75712,529898,2960,104996,4.908462707028789,0.16537563750799347
3133,0.1927777777777778,0,1,0,75713,529897,2960,104996,4.908453443995702,0.16537589798595984
3134,0.1928333333333333,0,11,0,75724,529886,2960,104996,4.908351550631739,0.16537876329774667
3135,0.1928571428571428,0,7,0,75731,529879,2960,104996,4.908286709400126,0.1653805867296712
3136,0.1929166666666666,0,1,0,75732,529878,2960,104996,4.908277446367038,0.16538084722322854
3137,0.1929523809523809,0,2,0,75734,529876,2960,104996,4.908258920300863,0.1653813682128051
3138,0.1929999999999999,0,5,0,75739,529871,2960,104996,4.908212605135425,0.1653826707011075
3139,0.193,2,29,2,75768,529842,2962,104994,4.907943977175886,0.165387596166569
3140,0.1930952380952381,0,1,0,75769,529841,2962,104994,4.907934714142799,0.16538785668717068
3141,0.1931190476190476,0,1,0,75770,529840,2962,104994,4.907925451109711,0.16538811720859312
3142,0.1931666666666666,0,1,0,75771,529839,2962,104994,4.907916188076624,0.1653883777308363
3143,0.1931666666666667,0,2,0,75773,529837,2962,104994,4.907897662010448,0.16538889877778495
3144,0.1931746031746031,0,1,0,75774,529836,2962,104994,4.907888398977361,0.16538915930249043
3145,0.1932023809523809,0,2,0,75776,529834,2962,104994,4.907869872911186,0.1653896803543637
3146,0.1932142857142857,0,2,0,75778,529832,2962,104994,4.907851346845011,0.1653902014095201
3147,0.1932857142857142,0,1,0,75779,529831,2962,104994,4.907842083811923,0.16539046193832946
3148,0.1933333333333332,0,2,0,75781,529829,2962,104994,4.907823557745748,0.16539098299841057
3149,0.1933333333333333,20,510,20,76291,529319,2982,104974,4.9030994108710955,0.16549764856304577
3150,0.1933809523809523,0,2,0,76293,529317,2982,104974,4.90308088480492,0.16549817039812956
3151,0.1934166666666666,0,1,0,76294,529316,2982,104974,4.903071621771833,0.1654984313169055
3152,0.1934444444444444,0,1,0,76295,529315,2982,104974,4.903062358738746,0.16549869223650418
3153,0.1934999999999999,0,1,0,76296,529314,2982,104974,4.9030530957056575,0.16549895315692556
3154,0.1935,0,23,0,76319,529291,2982,104974,4.902840045944644,0.16550495455369602
3155,0.1935357142857143,0,2,0,76321,529289,2982,104974,4.902821519878469,0.1655054764348543
3156,0.1935714285714286,0,1,0,76322,529288,2982,104974,4.902812256845381,0.16550573737666768
3157,0.1935912698412698,0,1,0,76323,529287,2982,104974,4.902802993812294,0.16550599831930388
3158,0.1936666666666666,0,16,0,76339,529271,2982,104974,4.902654785282893,0.16551017351338992
3159,0.19375,1,8,1,76347,529263,2983,104973,4.902580681018192,0.1655109454524814
3160,0.1937619047619047,0,1,0,76348,529262,2983,104973,4.902571417985105,0.16551120641402634
3161,0.1938095238095238,0,2,0,76350,529260,2983,104973,4.90255289191893,0.16551172833958497
3162,0.1938333333333333,1,7,1,76357,529253,2984,104972,4.902488050687317,0.1655122393472348
3163,0.1939166666666666,0,2,0,76359,529251,2984,104972,4.902469524621142,0.16551276128428014
3164,0.1939285714285714,0,2,0,76361,529249,2984,104972,4.902450998554967,0.16551328322461728
3165,0.1939999999999999,7,92,7,76453,529157,2991,104965,4.901598799510912,0.1655280845010897
3166,0.194,1,6,1,76459,529151,2992,104964,4.901543221312386,0.16552833476577591
3167,0.1940952380952381,0,1,0,76460,529150,2992,104964,4.901533958279299,0.16552859580453988
3168,0.1941428571428571,0,1,0,76461,529149,2992,104964,4.901524695246211,0.16552885684412716
3169,0.1941666666666666,3,84,3,76545,529065,2995,104961,4.9007466004668565,0.16554683877317333
3170,0.1941904761904761,0,1,0,76546,529064,2995,104961,4.900737337433769,0.16554709987776509
3171,0.1942857142857142,0,2,0,76548,529062,2995,104961,4.900718811367594,0.16554762208941948
3172,0.1942857142857143,2,13,2,76561,529049,2997,104959,4.900598391937456,0.1655483842475174
3173,0.1943333333333333,0,28,0,76589,529021,2997,104959,4.900339027011005,0.16555569576327328
3174,0.1944047619047618,0,1,0,76590,529020,2997,104959,4.900329763977917,0.16555595690078062
3175,0.1944444444444444,0,2,0,76592,529018,2997,104959,4.900311237911742,0.1655564791782667
3176,0.1944761904761904,0,2,0,76594,529016,2997,104959,4.900292711845567,0.16555700145904806
3177,0.1945,1,13,1,76607,529003,2998,104958,4.900172292415428,0.16555908013268955
3178,0.1945238095238095,0,1,0,76608,529002,2998,104958,4.900163029382341,0.16555934128336172
3179,0.1945833333333333,1,5,1,76613,528997,2999,104957,4.900116714216903,0.1655593308031813
3180,0.194595238095238,1,0,1,76613,528997,3000,104956,4.900116714216903,0.16555801455312932
3181,0.1946190476190476,0,2,0,76615,528995,3000,104956,4.900098188150728,0.16555853685852692
3182,0.1946428571428571,0,2,0,76617,528993,3000,104956,4.900079662084553,0.16555905916722008
3183,0.1946666666666666,1,26,1,76643,528967,3001,104955,4.899838823224276,0.1655645331760059
3184,0.1946904761904761,1,0,1,76643,528967,3002,104954,4.899838823224276,0.16556321686771697
3185,0.1947023809523809,0,1,0,76644,528966,3002,104954,4.899829560191189,0.16556347804139324
3186,0.1947142857142857,0,1,0,76645,528965,3002,104954,4.899820297158102,0.1655637392158935
3187,0.1947222222222222,0,3,0,76648,528962,3002,104954,4.899792508058839,0.16556452274433836
3188,0.19475,0,1,0,76649,528961,3002,104954,4.899783245025751,0.16556478392213467
3189,0.1947619047619047,0,2,0,76651,528959,3002,104954,4.8997647189595765,0.16556530628019933
3190,0.1947857142857142,0,1,0,76652,528958,3002,104954,4.899755455926488,0.1655655674604677
3191,0.1948333333333333,3,8,3,76660,528950,3005,104951,4.899681351661788,0.16556370789760547
3192,0.1948571428571428,0,1,0,76661,528949,3005,104951,4.899672088628701,0.16556396908029658
3193,0.1948809523809523,0,1,0,76662,528948,3005,104951,4.899662825595613,0.16556423026381173
3194,0.1949365079365079,0,1,0,76663,528947,3005,104951,4.899653562562525,0.16556449144815097
3195,0.1949415584415584,0,1,0,76664,528946,3005,104951,4.899644299529438,0.16556475263331424
3196,0.1949523809523809,0,2,0,76666,528944,3005,104951,4.899625773463263,0.165565275006113
3197,0.1949999999999999,0,2,0,76668,528942,3005,104951,4.899607247397087,0.16556579738220803
3198,0.195,51,1064,51,77732,527878,3056,104900,4.88975138019193,0.16577693914769476
3199,0.1950198412698412,0,1,0,77733,527877,3056,104900,4.889742117158843,0.16577720113088815
3200,0.1950277777777777,0,2,0,77735,527875,3056,104900,4.889723591092667,0.165777725099759
3201,0.195047619047619,0,3,0,77738,527872,3056,104900,4.889695801993405,0.16577851105927568
3202,0.1951190476190476,1,1,1,77739,527871,3057,104899,4.8896865389603175,0.16577745468337626
3203,0.1951269841269841,1,1,1,77740,527870,3058,104898,4.889677275927229,0.16577639830079902
3204,0.1951349206349206,0,2,0,77742,527868,3058,104898,4.889658749861055,0.16577692227458493
3205,0.1951666666666666,0,13,0,77755,527855,3058,104898,4.889538330430916,0.16578032818493157
3206,0.1951904761904762,0,1,0,77756,527854,3058,104898,4.889529067397829,0.1657805901838319
3207,0.1953145743145743,0,2,0,77758,527852,3058,104898,4.889510541331654,0.16578111418411695
3208,0.1953333333333333,0,19,0,77777,527833,3058,104898,4.88933454370299,0.16578609235204217
3209,0.1953571428571428,0,3,0,77780,527830,3058,104898,4.889306754603727,0.16578687840588688
3210,0.1953636363636363,0,1,0,77781,527829,3058,104898,4.88929749157064,0.16578714042549156
3211,0.1953968253968253,1,0,1,77781,527829,3059,104897,4.88929749157064,0.16578582198297526
3212,0.1954166666666666,0,1,0,77782,527828,3059,104897,4.889288228537552,0.1657860840017385
3213,0.1954444444444444,0,1,0,77783,527827,3059,104897,4.889278965504465,0.16578634602133
3214,0.1954761904761904,0,2,0,77785,527825,3059,104897,4.8892604394382895,0.16578687006299764
3215,0.1954999999999999,0,4,0,77789,527821,3059,104897,4.88922338730594,0.16578791815627184
3216,0.1955,0,16,0,77805,527805,3059,104897,4.8890751787765385,0.16579211066189137
3217,0.1955555555555555,0,4,0,77809,527801,3059,104897,4.889038126644189,0.16579315882142823
3218,0.1955833333333333,0,2,0,77811,527799,3059,104897,4.889019600578013,0.16579368290616664
3219,0.1956666666666666,1,16,1,77827,527783,3060,104896,4.888871392048612,0.1657965571798653
3220,0.1956666666666667,1,4,1,77831,527779,3061,104895,4.888834339916262,0.16579628687127967
3221,0.1957142857142857,0,4,0,77835,527775,3061,104895,4.888797287783912,0.16579733510360853
3222,0.1957380952380952,1,2,1,77837,527773,3062,104894,4.888778761717737,0.1657965406762167
3223,0.1957878787878788,0,1,0,77838,527772,3062,104894,4.888769498684649,0.16579680273635694
3224,0.1958333333333332,0,1,0,77839,527771,3062,104894,4.888760235651562,0.1657970647973256
3225,0.1958333333333333,3,95,3,77934,527676,3065,104891,4.887880247508244,0.16581800821098794
3226,0.1958571428571428,0,1,0,77935,527675,3065,104891,4.887870984475157,0.1658182703464935
3227,0.1959285714285714,0,1,0,77936,527674,3065,104891,4.887861721442069,0.16581853248282785
3228,0.1959523809523809,0,1,0,77937,527673,3065,104891,4.8878524584089815,0.16581879461999102
3229,0.1959615384615384,0,1,0,77938,527672,3065,104891,4.887843195375894,0.165819056757983
3230,0.196,5,100,5,78038,527572,3070,104886,4.886916892067139,0.1658386801969459
3231,0.196060606060606,0,1,0,78039,527571,3070,104886,4.8869076290340505,0.16583894241031405
3232,0.1960714285714285,0,1,0,78040,527570,3070,104886,4.886898366000963,0.16583920462451143
3233,0.1961666666666666,1,8,1,78048,527562,3071,104885,4.886824261736263,0.1658399834294415
3234,0.1961904761904761,0,2,0,78050,527560,3071,104885,4.886805735670088,0.1658405078702496
3235,0.1961904761904762,0,2,0,78052,527558,3071,104885,4.886787209603913,0.16584103231437458
3236,0.1962499999999999,1,0,1,78052,527558,3072,104884,4.886787209603913,0.16583971336502004
3237,0.19625,1,6,1,78058,527552,3073,104883,4.886731631405388,0.1658399677437207
3238,0.1963095238095237,0,1,0,78059,527551,3073,104883,4.8867223683723,0.16584022996866077
3239,0.1963333333333333,0,11,0,78070,527540,3073,104883,4.886620475008336,0.1658431144977333
3240,0.1963492063492063,0,1,0,78071,527539,3073,104883,4.886611211975249,0.16584337673262473
3241,0.1963571428571428,0,1,0,78072,527538,3073,104883,4.886601948942162,0.16584363896834545
3242,0.1964285714285714,0,7,0,78079,527531,3073,104883,4.886537107710549,0.16584547464161134
3243,0.1964999999999999,2,12,2,78091,527519,3075,104881,4.886425951313498,0.1658459835547122
3244,0.1965,0,3,0,78094,527516,3075,104881,4.886398162214236,0.16584677030409695
3245,0.1966053391053391,0,1,0,78095,527515,3075,104881,4.8863888991811475,0.16584703255555064
3246,0.1966428571428571,0,4,0,78099,527511,3075,104881,4.886351847048798,0.16584808156965933
3247,0.1966666666666666,27,511,27,78610,527000,3102,104854,4.881618437141057,0.1659465636048834
3248,0.1966904761904762,0,2,0,78612,526998,3102,104854,4.881599911074883,0.16594708887524293
3249,0.1967857142857143,0,2,0,78614,526996,3102,104854,4.881581385008707,0.16594761414892775
3250,0.1968333333333333,1,8,1,78622,526988,3103,104853,4.881507280744007,0.16594839524500626
3251,0.1968571428571428,0,4,0,78626,526984,3103,104853,4.881470228611657,0.16594944582226112
3252,0.1969285714285714,0,1,0,78627,526983,3103,104853,4.881460965578569,0.16594970846865326
3253,0.1969523809523809,1,0,1,78627,526983,3104,104852,4.881460965578569,0.16594838842419302
3254,0.1969999999999999,3,28,3,78655,526955,3107,104849,4.881201600652117,0.16595178251483056
3255,0.197,0,4,0,78659,526951,3107,104849,4.881164548519767,0.1659528331750554
3256,0.1970238095238095,0,1,0,78660,526950,3107,104849,4.881155285486679,0.1659530958421903
3257,0.1970833333333333,1,2,1,78662,526948,3108,104848,4.881136759420505,0.16595230105920267
3258,0.1971428571428571,0,10,0,78672,526938,3108,104848,4.881044129089629,0.16595492777617737
3259,0.1971666666666666,0,3,0,78675,526935,3108,104848,4.881016339990366,0.16595571580748453
3260,0.1972142857142857,0,1,0,78676,526934,3108,104848,4.881007076957279,0.16595597848625002
3261,0.1972222222222222,0,2,0,78678,526932,3108,104848,4.880988550891104,0.1659565038462756
3262,0.1973333333333333,3,38,3,78716,526894,3111,104845,4.880636555633776,0.16596252566328817
3263,0.1973571428571428,0,1,0,78717,526893,3111,104845,4.880627292600689,0.16596278837112854
3264,0.1973809523809523,0,4,0,78721,526889,3111,104845,4.880590240468339,0.16596383921080707
3265,0.1973888888888888,0,2,0,78723,526887,3111,104845,4.880571714402164,0.16596436463563663
3266,0.1974978354978354,0,1,0,78724,526886,3111,104845,4.880562451369077,0.16596462734929898
3267,0.1974999999999999,0,4,0,78728,526882,3111,104845,4.880525399236726,0.16596567821226574
3268,0.1975,13,271,13,78999,526611,3124,104832,4.878015117269999,0.1660197357481198
3269,0.1975238095238095,0,2,0,79001,526609,3124,104832,4.877996591203824,0.1660202615921361
3270,0.197547619047619,0,1,0,79002,526608,3124,104832,4.877987328170736,0.1660205245153934
3271,0.1975833333333333,0,1,0,79003,526607,3124,104832,4.877978065137649,0.16602078743948345
3272,0.1975974025974025,0,1,0,79004,526606,3124,104832,4.8779688021045615,0.16602105036440631
3273,0.1976190476190475,1,0,1,79004,526606,3125,104831,4.8779688021045615,0.16601972960089448
3274,0.1976190476190476,0,7,0,79011,526599,3125,104831,4.877903960872948,0.1660215700869455
3275,0.1976666666666666,1,23,1,79034,526576,3126,104830,4.877690911111935,0.16602629686762557
3276,0.1976904761904762,0,1,0,79035,526575,3126,104830,4.8776816480788465,0.1660265598150157
3277,0.1977142857142857,0,1,0,79036,526574,3126,104830,4.877672385045759,0.16602682276323874
3278,0.19775,0,3,0,79039,526571,3126,104830,4.877644595946497,0.16602761161290527
3279,0.1978333333333333,0,6,0,79045,526565,3126,104830,4.8775890177479715,0.16602918933472707
3280,0.1978571428571428,0,5,0,79050,526560,3126,104830,4.8775427025825335,0.16603050412581763
3281,0.1979166666666666,0,1,0,79051,526559,3126,104830,4.877533439549446,0.1660307670865346
3282,0.1979523809523809,0,1,0,79052,526558,3126,104830,4.877524176516358,0.16603103004808453
3283,0.1979999999999999,0,5,0,79057,526553,3126,104830,4.877477861350921,0.16603234486832874
3284,0.198,2,68,2,79125,526485,3128,104828,4.876847975100967,0.166047586537898
3285,0.198095238095238,0,1,0,79126,526484,3128,104828,4.8768387120678796,0.1660478495577464
3286,0.1980952380952381,1,4,1,79130,526480,3129,104827,4.87680165993553,0.1660475806541033
3287,0.1981190476190476,0,1,0,79131,526479,3129,104827,4.876792396902442,0.16604784367644218
3288,0.1981666666666666,0,8,0,79139,526471,3129,104827,4.876718292637741,0.1660499478851509
3289,0.1981861471861472,0,1,0,79140,526470,3129,104827,4.876709029604654,0.1660502109149893
3290,0.1982142857142857,0,8,0,79148,526462,3129,104827,4.876634925339953,0.1660523151836956
3291,0.1982499999999999,0,2,0,79150,526460,3129,104827,4.876616399273778,0.1660528412592054
3292,0.1982619047619047,0,2,0,79152,526458,3129,104827,4.876597873207603,0.1660533673380486
3293,0.1983333333333333,15,288,15,79440,526170,3144,104812,4.873930119678388,0.1661093343391729
3294,0.1983571428571428,0,1,0,79441,526169,3144,104812,4.8739208566453,0.16610959759485627
3295,0.1983611111111111,0,3,0,79444,526166,3144,104812,4.873893067546037,0.16611038736691294
3296,0.1984126984126984,0,1,0,79445,526165,3144,104812,4.87388380451295,0.16611065062593408
3297,0.1984166666666666,0,1,0,79446,526164,3144,104812,4.8738745414798625,0.16611091388578964
3298,0.1984285714285714,0,1,0,79447,526163,3144,104812,4.873865278446774,0.16611117714647966
3299,0.1984523809523809,0,1,0,79448,526162,3144,104812,4.873856015413687,0.16611144040800413
3300,0.1984999999999999,0,3,0,79451,526159,3144,104812,4.873828226314425,0.16611223019758437
3301,0.1985,0,17,0,79468,526142,3144,104812,4.873670754751936,0.16611670581373603
3302,0.1985714285714285,0,5,0,79473,526137,3144,104812,4.873624439586498,0.1661180222173266
3303,0.1986111111111111,0,1,0,79474,526136,3144,104812,4.873615176553411,0.16611828550054838
3304,0.1986190476190476,0,1,0,79475,526135,3144,104812,4.873605913520323,0.16611854878460472
3305,0.1986666666666666,1,11,1,79486,526124,3145,104811,4.87350402015636,0.1661201233090572
3306,0.1986666666666667,0,1,0,79487,526123,3145,104811,4.8734947571232725,0.16612038660145118
3307,0.1986904761904761,0,1,0,79488,526122,3145,104811,4.873485494090185,0.16612064989467978
3308,0.1986904761904762,0,1,0,79489,526121,3145,104811,4.873476231057097,0.166120913188743
3309,0.1987121212121211,0,2,0,79491,526119,3145,104811,4.873457704990922,0.1661214397793733
3310,0.1987301587301587,0,1,0,79492,526118,3145,104811,4.8734484419578346,0.1661217030759404
3311,0.19875,0,6,0,79498,526112,3145,104811,4.873392863759309,0.16612328287287037
3312,0.1987777777777777,0,1,0,79499,526111,3145,104811,4.873383600726222,0.16612354617528
3313,0.1988055555555555,0,1,0,79500,526110,3145,104811,4.873374337693134,0.16612380947852426
3314,0.1988095238095238,0,2,0,79502,526108,3145,104811,4.8733558116269595,0.16612433608751678
3315,0.1988333333333333,0,8,0,79510,526100,3145,104811,4.873281707362259,0.16612644255687412
3316,0.1989166666666666,0,1,0,79511,526099,3145,104811,4.873272444329171,0.1661267058692999
3317,0.1989285714285714,1,4,1,79515,526095,3146,104810,4.873235392196821,0.1661264374192628
3318,0.1989523809523809,0,1,0,79516,526094,3146,104810,4.873226129163734,0.1661267007341846
3319,0.1989637445887446,0,3,0,79519,526091,3146,104810,4.87319834006447,0.16612749068395835
3320,0.1989999999999999,6,59,6,79578,526032,3152,104804,4.872651821112305,0.16613509691900907
3321,0.199,1,6,1,79584,526026,3153,104803,4.8725962429137795,0.16613535522304776
3322,0.199047619047619,0,4,0,79588,526022,3153,104803,4.87255919078143,0.16613640867118457
3323,0.1990833333333333,0,3,0,79591,526019,3153,104803,4.872531401682167,0.16613719876605446
3324,0.199095238095238,0,1,0,79592,526018,3153,104803,4.872522138649079,0.16613746213268107
3325,0.1990952380952381,0,1,0,79593,526017,3153,104803,4.872512875615992,0.16613772550014266
3326,0.1991428571428571,0,4,0,79597,526013,3153,104803,4.872475823483642,0.16613877897833917
3327,0.1991666666666666,1,46,1,79643,525967,3154,104802,4.872049723961614,0.16614957298155109
3328,0.1991666666666667,4,34,4,79677,525933,3158,104798,4.871734780836637,0.16615324123913364
3329,0.1992857142857142,0,2,0,79679,525931,3158,104798,4.871716254770462,0.16615376810008736
3330,0.1992857142857143,0,7,0,79686,525924,3158,104798,4.871651413538849,0.16615561213973826
3331,0.1993333333333333,2,49,2,79735,525875,3160,104796,4.871197524917559,0.16616587729576912
3332,0.1993571428571428,0,3,0,79738,525872,3160,104796,4.871169735818296,0.16616666772374689
3333,0.1994047619047619,0,1,0,79739,525871,3160,104796,4.871160472785209,0.16616693120141057
3334,0.1994166666666666,0,1,0,79740,525870,3160,104796,4.871151209752121,0.1661671946799098
3335,0.1994444444444444,0,1,0,79741,525869,3160,104796,4.8711419467190336,0.1661674581592446
3336,0.1994523809523809,0,1,0,79742,525868,3160,104796,4.871132683685946,0.16616772163941496
3337,0.1994696969696969,0,1,0,79743,525867,3160,104796,4.871123420652858,0.16616798512042089
3338,0.1994999999999999,0,15,0,79758,525852,3160,104796,4.870984475156545,0.16617193743578035
3339,0.1995,0,1,0,79759,525851,3160,104796,4.870975212123458,0.16617220093015586
3340,0.1995238095238095,0,6,0,79765,525845,3160,104796,4.870919633924933,0.16617378191395737
3341,0.1995454545454545,0,1,0,79766,525844,3160,104796,4.870910370891845,0.16617404541418243
3342,0.1995555555555556,0,1,0,79767,525843,3160,104796,4.870901107858757,0.16617430891524312
3343,0.1995714285714286,0,2,0,79769,525841,3160,104796,4.870882581792582,0.1661748359198715
3344,0.1995833333333333,0,1,0,79770,525840,3160,104796,4.870873318759495,0.1661750994234392
3345,0.1996428571428571,0,1,0,79771,525839,3160,104796,4.870864055726407,0.16617536292784257
3346,0.1996666666666666,0,5,0,79776,525834,3160,104796,4.87081774056097,0.16617668046239475
3347,0.1996666666666667,0,9,0,79785,525825,3160,104796,4.870734373263181,0.16617905207723815
3348,0.1997619047619047,0,2,0,79787,525823,3160,104796,4.8707158471970065,0.16617957911195191
3349,0.1997727272727272,0,1,0,79788,525822,3160,104796,4.870706584163918,0.1661798426305624
3350,0.1998333333333333,1,14,1,79802,525808,3161,104795,4.870576901700693,0.16618220972624614
3351,0.1998690476190475,1,1,1,79803,525807,3162,104794,4.870567638667605,0.16618115099722328
3352,0.1998809523809523,0,2,0,79805,525805,3162,104794,4.87054911260143,0.1661816780553093
3353,0.1999166666666666,0,1,0,79806,525804,3162,104794,4.870539849568343,0.16618194158560604
3354,0.1999498556998557,0,1,0,79807,525803,3162,104794,4.8705305865352555,0.1661822051167386
3355,0.1999523809523809,0,1,0,79808,525802,3162,104794,4.870521323502167,0.16618246864870695
3356,0.1999999999999999,2,16,2,79824,525786,3164,104792,4.870373114972766,0.16618404067379453
3357,0.2,132,3069,132,82893,522717,3296,104660,4.841944866427063,0.16682154430270793
3358,0.2000238095238094,0,1,0,82894,522716,3296,104660,4.841935603393975,0.16682181020631964
3359,0.20002886002886,1,1,1,82895,522715,3297,104659,4.841926340360888,0.1668207480705289
3360,0.2000335497835497,0,1,0,82896,522714,3297,104659,4.841917077327801,0.16682101397414298
3361,0.2000341588236324,0,1,0,82897,522713,3297,104659,4.8419078142947125,0.1668212798786047
3362,0.2000357142857142,0,1,0,82898,522712,3297,104659,4.841898551261625,0.16682154578391414
3363,0.2001111111111111,0,2,0,82900,522710,3297,104659,4.84188002519545,0.16682207759707604
3364,0.2001388888888889,0,1,0,82901,522709,3297,104659,4.841870762162363,0.16682234350492853
3365,0.2001666666666666,1,6,1,82907,522703,3298,104658,4.8418151839638375,0.1668226109050451
3366,0.2001666666666667,0,2,0,82909,522701,3298,104658,4.841796657897662,0.1668231427300796
3367,0.2001904761904762,0,1,0,82910,522700,3298,104658,4.841787394864575,0.1668234086438684
3368,0.2002222222222222,0,2,0,82912,522698,3298,104658,4.8417688687983995,0.16682394047398924
3369,0.2002272727272727,0,1,0,82913,522697,3298,104658,4.841759605765311,0.16682420639032128
3370,0.2002380952380952,0,2,0,82915,522695,3298,104658,4.841741079699137,0.16682473822552854
3371,0.2002619047619047,0,1,0,82916,522694,3298,104658,4.841731816666049,0.1668250041444038
3372,0.2002777777777777,0,3,0,82919,522691,3298,104658,4.841704027566786,0.16682580190611607
3373,0.2003333333333333,3,14,3,82933,522677,3301,104655,4.84157434510356,0.16682554054312548
3374,0.2003571428571428,0,3,0,82936,522674,3301,104655,4.841546556004298,0.16682633833283653
3375,0.2003787878787878,0,2,0,82938,522672,3301,104655,4.841528029938123,0.16682687019688297
3376,0.2004047619047619,0,1,0,82939,522671,3301,104655,4.841518766905035,0.16682713613017794
3377,0.2004166666666666,0,3,0,82942,522668,3301,104655,4.841490977805773,0.16682793393514983
3378,0.2004523809523809,0,1,0,82943,522667,3301,104655,4.841481714772685,0.16682819987183614
3379,0.2004999999999999,0,2,0,82945,522665,3301,104655,4.84146318870651,0.16682873174775234
3380,0.2005,4,7,4,82952,522658,3305,104651,4.841398347474898,0.16682528068304456
3381,0.2006111111111111,0,2,0,82954,522656,3305,104651,4.841379821408722,0.16682581256067602
3382,0.2006666666666666,2,27,2,82981,522629,3307,104649,4.841129719515358,0.16683033678847337
3383,0.2006666666666667,1,2,1,82983,522627,3308,104648,4.841111193449183,0.16682954047267945
3384,0.2007142857142857,0,8,0,82991,522619,3308,104648,4.841037089184483,0.16683166817320216
3385,0.2008333333333333,5,94,5,83085,522525,3313,104643,4.8401663640742525,0.16685003061380682
3386,0.2008730158730158,0,1,0,83086,522524,3313,104643,4.840157101041165,0.1668502966514501
3387,0.2009047619047619,0,1,0,83087,522523,3313,104643,4.840147838008077,0.16685056268994175
3388,0.2009523809523809,0,1,0,83088,522522,3313,104643,4.84013857497499,0.16685082872928178
3389,0.2009999999999999,0,5,0,83093,522517,3313,104643,4.840092259809552,0.16685215893870783
3390,0.201,2,50,2,83143,522467,3315,104641,4.839629108155174,0.16686280513085466
3391,0.2010833333333333,1,0,1,83143,522467,3316,104640,4.839629108155174,0.16686147659011938
3392,0.2011190476190476,0,2,0,83145,522465,3316,104640,4.839610582089,0.1668620087545148
3393,0.2011666666666666,0,7,0,83152,522458,3316,104640,4.839545740857386,0.16686387135663006
3394,0.2011904761904761,0,2,0,83154,522456,3316,104640,4.839527214791211,0.16686440353630067
3395,0.2011904761904762,0,5,0,83159,522451,3316,104640,4.839480899625774,0.1668657340003285
3396,0.20125,0,3,0,83162,522448,3316,104640,4.83945311052651,0.16686653228892914
3397,0.2012619047619047,0,3,0,83165,522445,3316,104640,4.839425321427248,0.16686733058516787
3398,0.2013333333333333,2,10,2,83175,522435,3318,104638,4.839332691096373,0.16686733442517857
3399,0.2013333333333334,0,1,0,83176,522434,3318,104638,4.839323428063285,0.16686760053072056
3400,0.2013809523809523,0,1,0,83177,522433,3318,104638,4.839314165030197,0.16686786663711126
3401,0.2014285714285714,0,6,0,83183,522427,3318,104638,4.839258586831672,0.166869463293279
3402,0.2014444444444444,0,2,0,83185,522425,3318,104638,4.839240060765497,0.1668699955187916
3403,0.2014523809523809,0,4,0,83189,522421,3318,104638,4.839203008633147,0.16687105998000187
3404,0.2014761904761904,0,1,0,83190,522420,3318,104638,4.839193745600059,0.1668713260974264
3405,0.2014999999999999,1,11,1,83201,522409,3319,104637,4.839091852236097,0.16687292479339633
3406,0.2015,0,3,0,83204,522406,3319,104637,4.839064063136833,0.16687372317368984
3407,0.2015151515151514,0,1,0,83205,522405,3319,104637,4.839054800103746,0.166873989302152
3408,0.2015833333333332,1,1,1,83206,522404,3320,104636,4.839045537070659,0.16687292676703241
3409,0.2016239316239316,1,0,1,83206,522404,3321,104635,4.839045537070659,0.1668715980983639
3410,0.2016349206349206,0,2,0,83208,522402,3321,104635,4.839027011004483,0.1668721303527543
3411,0.2016666666666666,8,153,8,83361,522249,3329,104627,4.837609766942087,0.16690222627760515
3412,0.2016666666666667,7,121,7,83482,522128,3336,104620,4.836488939938493,0.1669251437579378
3413,0.2017222222222221,0,1,0,83483,522127,3336,104620,4.836479676905406,0.16692541009370607
3414,0.2017857142857143,0,4,0,83487,522123,3336,104620,4.836442624773055,0.16692647544527822
3415,0.2018253968253968,0,4,0,83491,522119,3336,104620,4.836405572640706,0.166927540810449
3416,0.2018333333333333,2,11,2,83502,522108,3338,104618,4.836303679276742,0.16692781215395563
3417,0.2018571428571428,0,1,0,83503,522107,3338,104618,4.836294416243655,0.1669280785033308
3418,0.2019047619047619,0,2,0,83505,522105,3338,104618,4.83627589017748,0.16692861120463107
3419,0.2019285714285714,0,1,0,83506,522104,3338,104618,4.836266627144393,0.16692887755655617
3420,0.2019444444444444,0,2,0,83508,522102,3338,104618,4.836248101078217,0.16692941026295635
3421,0.2019999999999999,4,70,4,83578,522032,3342,104614,4.8355996887620885,0.16694273960098685
3422,0.202,0,4,0,83582,522028,3342,104614,4.835562636629738,0.16694380523488692
3423,0.2020238095238095,0,2,0,83584,522026,3342,104614,4.835544110563563,0.1669443380569386
3424,0.2020833333333333,0,1,0,83585,522025,3342,104614,4.835534847530475,0.16694460446923987
3425,0.202095238095238,0,2,0,83587,522023,3342,104614,4.835516321464301,0.1669451372963933
3426,0.2021111111111111,0,1,0,83588,522022,3342,104614,4.8355070584312125,0.16694540371124544
3427,0.2021428571428571,0,6,0,83594,522016,3342,104614,4.835451480232687,0.1669470022182149
3428,0.2021666666666666,1,3,1,83597,522013,3343,104613,4.835423691133425,0.16694647205829313
3429,0.2021666666666667,0,9,0,83606,522004,3343,104613,4.835340323835637,0.16694886988383653
3430,0.2021904761904761,0,2,0,83608,522002,3343,104613,4.835321797769462,0.16694940274331127
3431,0.2022222222222222,0,1,0,83609,522001,3343,104613,4.835312534736374,0.16694966917432422
3432,0.20225,0,1,0,83610,522000,3343,104613,4.835303271703286,0.16694993560618754
3433,0.2022619047619047,0,2,0,83612,521998,3343,104613,4.835284745637112,0.16695046847246536
3434,0.2022857142857143,0,1,0,83613,521997,3343,104613,4.835275482604024,0.16695073490687987
3435,0.2023333333333333,1,30,1,83643,521967,3344,104612,4.834997591611398,0.16695739882760194
3436,0.202345238095238,0,2,0,83645,521965,3344,104612,4.834979065545222,0.16695793174661694
3437,0.2023571428571428,0,2,0,83647,521963,3344,104612,4.834960539479047,0.16695846466903402
3438,0.2023809523809523,0,4,0,83651,521959,3344,104612,4.834923487346697,0.1669595305240747
3439,0.2024166666666666,0,1,0,83652,521958,3344,104612,4.834914224313609,0.16695979698996122
3440,0.2024444444444444,0,3,0,83655,521955,3344,104612,4.834886435214346,0.16696059639272418
3441,0.2024999999999999,0,3,0,83658,521952,3344,104612,4.834858646115084,0.1669613958031422
3442,0.2025,21,293,21,83951,521659,3365,104591,4.83214457742043,0.16701157684630738
3443,0.2025357142857143,0,2,0,83953,521657,3365,104591,4.832126051354256,0.16701211021831608
3444,0.2025595238095238,0,1,0,83954,521656,3365,104591,4.8321167883211675,0.16701237690559795
3445,0.2025833333333333,0,1,0,83955,521655,3365,104591,4.83210752528808,0.16701264359373152
3446,0.2026071428571428,0,1,0,83956,521654,3365,104591,4.832098262254993,0.16701291028271684
3447,0.2026111111111111,0,2,0,83958,521652,3365,104591,4.832079736188818,0.16701344366324256
3448,0.2026666666666666,0,23,0,83981,521629,3365,104591,4.831866686427804,0.16701957778416532
3449,0.2026666666666667,0,11,0,83992,521618,3365,104591,4.831764793063841,0.16702251165345755
3450,0.2026904761904762,0,1,0,83993,521617,3365,104591,4.831755530030753,0.16702277837395882
3451,0.2027380952380952,0,2,0,83995,521615,3365,104591,4.831737003964578,0.16702331181751692
3452,0.2027499999999999,0,1,0,83996,521614,3365,104591,4.83172774093149,0.16702357854057379
3453,0.2027777777777777,0,1,0,83997,521613,3365,104591,4.831718477898403,0.1670238452644825
3454,0.2028333333333333,1,5,1,84002,521608,3366,104590,4.831672162732965,0.16702384868683706
3455,0.2028333333333334,0,3,0,84005,521605,3366,104590,4.8316443736337025,0.16702464887135796
3456,0.2028452380952381,0,1,0,84006,521604,3366,104590,4.831635110600615,0.1670249156012354
3457,0.2028571428571428,1,7,1,84013,521597,3367,104589,4.831570269369002,0.16702545250133347
3458,0.2029166666666667,0,1,0,84014,521596,3367,104589,4.831561006335915,0.16702571923632792
3459,0.2029999999999999,0,4,0,84018,521592,3367,104589,4.831523954203565,0.16702678618482517
3460,0.203,0,35,0,84053,521557,3367,104589,4.8311997480455,0.1670361225656636
3461,0.2030833333333333,1,2,1,84055,521555,3368,104588,4.831181221979325,0.16703532579618394
3462,0.2031190476190476,0,1,0,84056,521554,3368,104588,4.831171958946237,0.16703559256526473
3463,0.2031428571428571,0,2,0,84058,521552,3368,104588,4.831153432880062,0.16703612610598267
3464,0.2031666666666666,0,5,0,84063,521547,3368,104588,4.831107117714624,0.1670374599726896
3465,0.2031666666666667,0,1,0,84064,521546,3368,104588,4.831097854681537,0.16703772674858736
3466,0.2032142857142857,0,1,0,84065,521545,3368,104588,4.83108859164845,0.16703799352533727
3467,0.2033333333333332,0,2,0,84067,521543,3368,104588,4.831070065582274,0.16703852708139352
3468,0.2033333333333333,31,531,31,84598,521012,3399,104557,4.826151395012783,0.1671390366210602
3469,0.2033809523809523,0,2,0,84600,521010,3399,104557,4.826132868946608,0.16713957098120585
3470,0.2034166666666667,0,1,0,84601,521009,3399,104557,4.82612360591352,0.16713983816255998
3471,0.2034444444444444,0,1,0,84602,521008,3399,104557,4.826114342880433,0.16714010534476834
3472,0.2035,1,21,1,84623,520987,3400,104556,4.825919819185594,0.16714438495834819
3473,0.2035555555555555,0,2,0,84625,520985,3400,104556,4.825901293119419,0.16714491935780387
3474,0.2035714285714285,1,3,1,84628,520982,3401,104555,4.825873504020157,0.1671443895405068
3475,0.2035714285714286,0,3,0,84631,520979,3401,104555,4.825845714920893,0.16714519114868256
3476,0.2036111111111111,0,1,0,84632,520978,3401,104555,4.825836451887806,0.16714545835311645
3477,0.2036190476190476,0,3,0,84635,520975,3401,104555,4.8258086627885435,0.16714625997154414
3478,0.2036666666666666,0,21,0,84656,520954,3401,104555,4.825614139093704,0.1671518715158375
3479,0.2036904761904762,0,1,0,84657,520953,3401,104555,4.825604876060617,0.1671521387416308
3480,0.2037121212121211,0,1,0,84658,520952,3401,104555,4.82559561302753,0.16715240596827854
3481,0.2037301587301587,0,1,0,84659,520951,3401,104555,4.825586349994442,0.1671526731957807
3482,0.20375,0,5,0,84664,520946,3401,104555,4.825540034829005,0.16715400934610816
3483,0.2037777777777777,0,1,0,84665,520945,3401,104555,4.825530771795917,0.16715427657873702
3484,0.2038095238095238,0,5,0,84670,520940,3401,104555,4.825484456630479,0.16715561275469829
3485,0.2038333333333333,0,6,0,84676,520934,3401,104555,4.8254288784319534,0.16715721619404977
3486,0.2039285714285714,0,3,0,84679,520931,3401,104555,4.825401089332691,0.1671580179252613
3487,0.2039523809523809,0,1,0,84680,520930,3401,104555,4.825391826299604,0.16715828517070752
3488,0.2039999999999999,0,3,0,84683,520927,3401,104555,4.825364037200341,0.16715908691217332
3489,0.204,4,82,4,84765,520845,3405,104551,4.824604468487162,0.16717567749074186
3490,0.204047619047619,0,2,0,84767,520843,3405,104551,4.8245859424209865,0.16717621211588216
3491,0.2040833333333333,0,1,0,84768,520842,3405,104551,4.824576679387898,0.16717647942973457
3492,0.204111111111111,0,1,0,84769,520841,3405,104551,4.824567416354811,0.16717674674444188
3493,0.2041428571428571,1,0,1,84769,520841,3406,104550,4.824567416354811,0.16717541506033826
3494,0.2041536796536796,0,2,0,84771,520839,3406,104550,4.824548890288636,0.1671759496889136
3495,0.2041666666666666,2,48,2,84819,520791,3408,104548,4.824104264700433,0.1671861182494615
3496,0.2041666666666667,6,40,6,84859,520751,3414,104542,4.823733743376931,0.1671888218803025
3497,0.2041753246753247,0,4,0,84863,520747,3414,104542,4.823696691244582,0.1671898913942193
3498,0.2042326839826839,0,1,0,84864,520746,3414,104542,4.823687428211493,0.16719015877483656
3499,0.2042380952380952,0,1,0,84865,520745,3414,104542,4.823678165178406,0.16719042615630902
3500,0.20425,0,1,0,84866,520744,3414,104542,4.823668902145318,0.16719069353863672
3501,0.2042857142857142,1,5,1,84871,520739,3415,104541,4.823622586979881,0.16719069856704197
3502,0.2042857142857143,1,8,1,84879,520731,3416,104540,4.82354848271518,0.16719150576310113
3503,0.2043095238095238,0,1,0,84880,520730,3416,104540,4.823539219682092,0.16719177315399747
3504,0.2043333333333333,3,27,3,84907,520703,3419,104537,4.823289117788729,0.1671949971211055
3505,0.2044047619047618,0,1,0,84908,520702,3419,104537,4.823279854755641,0.1671952645308434
3506,0.2044137806637806,1,4,1,84912,520698,3420,104536,4.823242802623291,0.1671950021911796
3507,0.2044166666666666,0,1,0,84913,520697,3420,104536,4.823233539590204,0.16719526960349182
3508,0.2044444444444444,0,2,0,84915,520695,3420,104536,4.823215013524028,0.1671958044306824
3509,0.2044642857142857,0,1,0,84916,520694,3420,104536,4.823205750490941,0.16719607184556085
3510,0.2045,1,21,1,84937,520673,3421,104535,4.823011226796102,0.16720035572161585
3511,0.2045238095238095,0,5,0,84942,520668,3421,104535,4.822964911630664,0.16720169289014927
3512,0.2045454545454545,0,1,0,84943,520667,3421,104535,4.822955648597577,0.1672019603264225
3513,0.2045833333333333,0,4,0,84947,520663,3421,104535,4.822918596465226,0.16720303008007065
3514,0.2046428571428571,0,1,0,84948,520662,3421,104535,4.822909333432139,0.1672032975206215
3515,0.2046666666666666,0,4,0,84952,520658,3421,104535,4.822872281299789,0.1672043672913804
3516,0.2046666666666667,0,10,0,84962,520648,3421,104535,4.822779650968913,0.16720704177816736
3517,0.2047142857142857,0,1,0,84963,520647,3421,104535,4.822770387935826,0.16720730923155178
3518,0.2047568542568542,0,1,0,84964,520646,3421,104535,4.822761124902738,0.16720757668579178
3519,0.2047619047619047,0,6,0,84970,520640,3421,104535,4.822705546704213,0.16720918142919983
3520,0.2048333333333333,1,8,1,84978,520632,3422,104534,4.822631442439512,0.16720998902691445
3521,0.2048650793650793,0,1,0,84979,520631,3422,104534,4.822622179406425,0.16721025649228605
3522,0.2049047619047619,1,0,1,84979,520631,3423,104533,4.822622179406425,0.16720892437824314
3523,0.2049166666666666,0,1,0,84980,520630,3423,104533,4.8226129163733376,0.16720919184276742
3524,0.2049523809523809,0,1,0,84981,520629,3423,104533,4.822603653340249,0.16720945930814732
3525,0.2049999999999999,1,18,1,84999,520611,3424,104532,4.822436918744674,0.16721294167894385
3526,0.205,60,1053,60,86052,519558,3484,104472,4.81268294490348,0.1674150281236479
3527,0.2050476190476191,0,2,0,86054,519556,3484,104472,4.812664418837304,0.16741556468619997
3528,0.2050833333333333,0,2,0,86056,519554,3484,104472,4.812645892771129,0.16741610125219142
3529,0.2051190476190476,0,3,0,86059,519551,3484,104472,4.812618103671866,0.16741690610762744
3530,0.2051262626262626,0,1,0,86060,519550,3484,104472,4.812608840638779,0.1674171743944925
3531,0.2051349206349206,1,0,1,86060,519550,3485,104471,4.812608840638779,0.1674158401720455
3532,0.2051515151515152,1,0,1,86060,519550,3486,104470,4.812608840638779,0.16741450594532226
3533,0.2051666666666666,0,6,0,86066,519544,3486,104470,4.812553262440254,0.16741611566407164
3534,0.2051666666666667,1,1,1,86067,519543,3487,104469,4.812543999407166,0.1674150497105825
3535,0.2052380952380952,0,2,0,86069,519541,3487,104469,4.81252547334099,0.16741558628868128
3536,0.2053333333333332,0,2,0,86071,519539,3487,104469,4.812506947274816,0.16741612287021962
3537,0.2053333333333333,2,24,2,86095,519515,3489,104467,4.812284634480714,0.16741989352256956
3538,0.2053571428571428,0,1,0,86096,519514,3489,104467,4.812275371447627,0.16742016183185066
3539,0.2053809523809524,0,1,0,86097,519513,3489,104467,4.812266108414539,0.16742043014199173
3540,0.2054166666666666,0,2,0,86099,519511,3489,104467,4.812247582348364,0.16742096676485388
3541,0.2054166666666667,0,3,0,86102,519508,3489,104467,4.812219793249102,0.1674217717055972
3542,0.2054545454545454,0,1,0,86103,519507,3489,104467,4.812210530216014,0.1674220400208983
3543,0.2054603174603174,0,1,0,86104,519506,3489,104467,4.812201267182926,0.16742230833705946
3544,0.2054761904761904,0,2,0,86106,519504,3489,104467,4.812182741116751,0.16742284497196183
3545,0.2054999999999999,0,1,0,86107,519503,3489,104467,4.812173478083664,0.16742311329070309
3546,0.2055,0,11,0,86118,519492,3489,104467,4.812071584719701,0.1674260648536202
3547,0.2055238095238095,0,3,0,86121,519489,3489,104467,4.812043795620438,0.1674268698433864
3548,0.205547619047619,0,2,0,86123,519487,3489,104467,4.812025269554263,0.167427406507531
3549,0.2055555555555555,0,1,0,86124,519486,3489,104467,4.8120160065211754,0.16742767484089346
3550,0.2055833333333333,0,2,0,86126,519484,3489,104467,4.811997480455,0.1674282115101987
3551,0.2056071428571428,0,1,0,86127,519483,3489,104467,4.811988217421913,0.1674284798461415
3552,0.2056428571428571,0,2,0,86129,519481,3489,104467,4.8119696913557375,0.1674290165206075
3553,0.2056666666666666,0,13,0,86142,519468,3489,104467,4.811849271925599,0.1674325049885004
3554,0.2056666666666667,0,3,0,86145,519465,3489,104467,4.811821482826336,0.16743331004019668
3555,0.2057142857142856,0,11,0,86156,519454,3489,104467,4.811719589462373,0.16743626196265232
3556,0.2057142857142857,0,3,0,86159,519451,3489,104467,4.811691800363111,0.16743706705047778
3557,0.2057222222222222,0,2,0,86161,519449,3489,104467,4.811673274296936,0.16743760377999603
3558,0.2057777777777777,0,1,0,86162,519448,3489,104467,4.811664011263848,0.16743787214604552
3559,0.2058333333333332,0,1,0,86163,519447,3489,104467,4.811654748230761,0.1674381405129553
3560,0.2058333333333333,7,112,7,86275,519335,3496,104460,4.810617288524955,0.1674588606833976
3561,0.2058571428571428,0,4,0,86279,519331,3496,104460,4.810580236392604,0.16745993449729157
3562,0.2058928571428571,0,1,0,86280,519330,3496,104460,4.810570973359517,0.16746020295291686
3563,0.2059047619047619,0,1,0,86281,519329,3496,104460,4.8105617103264295,0.16746047140940287
3564,0.2059166666666666,0,1,0,86282,519328,3496,104460,4.810552447293341,0.1674607398667496
3565,0.2059523809523809,0,2,0,86284,519326,3496,104460,4.810533921227167,0.16746127678402528
3566,0.205952380952381,0,4,0,86288,519322,3496,104460,4.810496869094816,0.1674623506289056
3567,0.206,8,101,8,86389,519221,3504,104452,4.809561302752973,0.16747879096898535
3568,0.2060079365079365,0,1,0,86390,519220,3504,104452,4.809552039719886,0.16747905950563757
3569,0.2060555555555555,0,1,0,86391,519219,3504,104452,4.809542776686798,0.16747932804315097
3570,0.2061515151515151,0,1,0,86392,519218,3504,104452,4.809533513653711,0.16747959658152548
3571,0.2061666666666666,1,10,1,86402,519208,3505,104451,4.809440883322835,0.16748094712014097
3572,0.2061904761904761,0,1,0,86403,519207,3505,104451,4.809431620289748,0.16748121566627863
3573,0.2061904761904762,0,3,0,86406,519204,3505,104451,4.809403831190485,0.16748202130985881
3574,0.2062222222222222,0,3,0,86409,519201,3505,104451,4.809376042091222,0.1674828269611899
3575,0.20625,0,8,0,86417,519193,3505,104451,4.809301937826522,0.16748497540263355
3576,0.2063095238095238,0,2,0,86419,519191,3505,104451,4.8092834117603465,0.16748551252160696
3577,0.2063333333333333,1,11,1,86430,519180,3506,104450,4.809181518396383,0.16748713179289001
3578,0.2063809523809524,0,2,0,86432,519178,3506,104450,4.809162992330209,0.16748766893083697
3579,0.2063888888888889,0,1,0,86433,519177,3506,104450,4.809153729297121,0.1674879375011024
3580,0.2064036796536796,0,1,0,86434,519176,3506,104450,4.8091444662640335,0.1674882060722292
3581,0.2064285714285714,0,4,0,86438,519172,3506,104450,4.809107414131684,0.16748928036534952
3582,0.2064523809523809,0,1,0,86439,519171,3506,104450,4.8090981510985955,0.16748954894078294
3583,0.2064841269841269,0,2,0,86441,519169,3506,104450,4.809079625032421,0.16749008609423383
3584,0.2065,0,22,0,86463,519147,3506,104450,4.808875838304495,0.16749599500959755
3585,0.2065454545454545,0,1,0,86464,519146,3506,104450,4.808866575271407,0.16749626360656578
3586,0.206547619047619,1,2,1,86466,519144,3507,104449,4.808848049205232,0.16749546579259228
3587,0.2066666666666666,32,551,32,87017,518593,3539,104417,4.80374411797399,0.16760084107799234
3588,0.2066666666666667,0,2,0,87019,518591,3539,104417,4.803725591907814,0.16760137911551698
3589,0.2067142857142857,0,1,0,87020,518590,3539,104417,4.803716328874727,0.1676016481355747
3590,0.20675,0,1,0,87021,518589,3539,104417,4.803707065841639,0.16760191715649608
3591,0.2067857142857142,0,1,0,87022,518588,3539,104417,4.803697802808552,0.16760218617828107
3592,0.2067857142857143,0,2,0,87024,518586,3539,104417,4.803679276742376,0.16760272422444195
3593,0.2068333333333333,0,5,0,87029,518581,3539,104417,4.803632961576938,0.1676040693549578
3594,0.2068531746031746,0,1,0,87030,518580,3539,104417,4.803623698543851,0.16760433838365194
3595,0.2068809523809523,0,1,0,87031,518579,3539,104417,4.803614435510764,0.1676046074132097
3596,0.2068809523809524,0,1,0,87032,518578,3539,104417,4.803605172477676,0.16760487644363117
3597,0.2069047619047619,0,2,0,87034,518576,3539,104417,4.803586646411501,0.1676054145070651
3598,0.2069999999999999,1,3,1,87037,518573,3540,104416,4.803558857312239,0.1676048854795189
3599,0.207,1,46,1,87083,518527,3541,104415,4.803132757790211,0.1676159257202115
3600,0.2070238095238095,0,1,0,87084,518526,3541,104415,4.8031234947571235,0.16761619479212317
3601,0.2070833333333333,0,3,0,87087,518523,3541,104415,4.803095705657861,0.16761700201304142
3602,0.2071428571428571,1,16,1,87103,518507,3542,104414,4.80294749712846,0.16761997107177315
3603,0.2071666666666666,0,2,0,87105,518505,3542,104414,4.8029289710622844,0.16762050924759078
3604,0.2071666666666667,0,10,0,87115,518495,3542,104414,4.802836340731409,0.16762320017851726
3605,0.2071904761904762,0,1,0,87116,518494,3542,104414,4.802827077698321,0.16762346927636185
3606,0.2072222222222222,0,1,0,87117,518493,3542,104414,4.802817814665234,0.16762373837507044
3607,0.2072619047619047,0,2,0,87119,518491,3542,104414,4.802799288599059,0.16762427657507967
3608,0.2073293650793651,0,2,0,87121,518489,3542,104414,4.802780762532883,0.16762481477854496
3609,0.2073333333333333,1,29,1,87150,518460,3543,104413,4.802512134573345,0.16763128278156222
3610,0.2073571428571428,0,1,0,87151,518459,3543,104413,4.802502871540257,0.16763155190793613
3611,0.2073730158730158,0,2,0,87153,518457,3543,104413,4.802484345474082,0.16763209016327646
3612,0.2073809523809523,0,3,0,87156,518454,3543,104413,4.802456556374819,0.16763289755276808
3613,0.2074047619047619,0,1,0,87157,518453,3543,104413,4.802447293341732,0.16763316668432696
3614,0.2074166666666666,0,2,0,87159,518451,3543,104413,4.802428767275557,0.16763370495003724
3615,0.2074285714285714,0,1,0,87160,518450,3543,104413,4.8024195042424696,0.16763397408418865
3616,0.2074999999999999,0,5,0,87165,518445,3543,104413,4.802373189077032,0.16763531976790857
3617,0.2075,22,310,22,87475,518135,3565,104391,4.79950164881989,0.1676893816483167
3618,0.207515873015873,0,3,0,87478,518132,3565,104391,4.799473859720627,0.16769018976005706
3619,0.207595238095238,0,1,0,87479,518131,3565,104391,4.79946459668754,0.16769045913236802
3620,0.2075983183483183,0,1,0,87480,518130,3565,104391,4.799455333654452,0.1676907285055444
3621,0.2076190476190476,0,5,0,87485,518125,3565,104391,4.799409018489014,0.16769207538440778
3622,0.2076666666666666,0,23,0,87508,518102,3565,104391,4.799195968728,0.16769827130586207
3623,0.2076666666666667,0,7,0,87515,518095,3565,104391,4.799131127496388,0.16770015711196717
3624,0.2076785714285714,0,4,0,87519,518091,3565,104391,4.799094075364037,0.16770123473449836
3625,0.2077142857142857,0,1,0,87520,518090,3565,104391,4.79908481233095,0.1677015041422951
3626,0.2077424242424242,0,1,0,87521,518089,3565,104391,4.7990755492978625,0.16770177355095747
3627,0.20775,0,1,0,87522,518088,3565,104391,4.799066286264774,0.1677020429604854
3628,0.2077777777777777,0,3,0,87525,518085,3565,104391,4.799038497165512,0.16770285119426293
3629,0.2078095238095238,0,1,0,87526,518084,3565,104391,4.7990292341324245,0.16770312060725331
3630,0.2078333333333333,0,4,0,87530,518080,3565,104391,4.798992182000074,0.1677041982678711
3631,0.2078571428571428,1,6,1,87536,518074,3566,104390,4.798936603801549,0.16770447768866956
3632,0.2079285714285714,0,2,0,87538,518072,3566,104390,4.798918077735373,0.16770501653112962
3633,0.2079761904761904,0,3,0,87541,518069,3566,104390,4.798890288636111,0.16770582480131221
3634,0.2079999999999999,0,4,0,87545,518065,3566,104390,4.798853236503761,0.16770690250700854
3635,0.208,5,55,5,87600,518010,3571,104385,4.798343769683945,0.16771503627117826
3636,0.208095238095238,0,2,0,87602,518008,3571,104385,4.798325243617771,0.1677155752073047
3637,0.2080952380952381,0,1,0,87603,518007,3571,104385,4.7983159805846824,0.1677158446766668
3638,0.2081428571428571,0,1,0,87604,518006,3571,104385,4.798306717551595,0.1677161141468948
3639,0.2081666666666666,0,10,0,87614,517996,3571,104385,4.798214087220719,0.16771880889680116
3640,0.2081666666666667,0,2,0,87616,517994,3571,104385,4.798195561154545,0.16771934785717385
3641,0.2081746031746031,0,1,0,87617,517993,3571,104385,4.798186298121457,0.16771961733865914
3642,0.2082142857142856,0,2,0,87619,517991,3571,104385,4.798167772055282,0.16772015630422768
3643,0.2082222222222222,0,1,0,87620,517990,3571,104385,4.798158509022194,0.1677204257883109
3644,0.20825,0,1,0,87621,517989,3571,104385,4.798149245989107,0.16772069527326014
3645,0.2082857142857143,0,1,0,87622,517988,3571,104385,4.798139982956019,0.16772096475907536
3646,0.2083333333333333,10,306,10,87928,517682,3581,104375,4.7953054948312275,0.16779008997567746
3647,0.2083333333333334,0,1,0,87929,517681,3581,104375,4.79529623179814,0.16779035971037978
3648,0.2084047619047619,0,1,0,87930,517680,3581,104375,4.795286968765052,0.1677906294459493
3649,0.2084444444444444,0,1,0,87931,517679,3581,104375,4.795277705731965,0.1677908991823861
3650,0.2084523809523809,0,4,0,87935,517675,3581,104375,4.795240653599615,0.16779197813680571
3651,0.2084603174603174,0,2,0,87937,517673,3581,104375,4.79522212753344,0.1677925176192191
3652,0.2084615384615384,0,1,0,87938,517672,3581,104375,4.795212864500352,0.16779278736172668
3653,0.2085,0,23,0,87961,517649,3581,104375,4.794999814739338,0.16779899167877768
3654,0.2085119047619048,0,2,0,87963,517647,3581,104375,4.7949812886731635,0.16779953120629174
3655,0.2085238095238095,0,1,0,87964,517646,3581,104375,4.794972025640075,0.16779980097134983
3656,0.2085714285714285,0,2,0,87966,517644,3581,104375,4.7949534995739,0.1678003405040682
3657,0.2085833333333333,0,2,0,87968,517642,3581,104375,4.794934973507726,0.16780088004025615
3658,0.208595238095238,0,1,0,87969,517641,3581,104375,4.7949257104746374,0.1678011498096512
3659,0.2086363636363636,0,2,0,87971,517639,3581,104375,4.794907184408463,0.16780168935104356
3660,0.2086666666666666,1,21,1,87992,517618,3582,104374,4.794712660713624,0.1678060167976437
3661,0.2086666666666667,0,1,0,87993,517617,3582,104374,4.794703397680537,0.1678062865861403
3662,0.2086904761904761,0,3,0,87996,517614,3582,104374,4.794675608581274,0.16780709595683518
3663,0.20875,0,2,0,87998,517612,3582,104374,4.794657082515099,0.167807635541636
3664,0.2088055555555555,0,1,0,87999,517611,3582,104374,4.7946478194820115,0.16780790533533768
3665,0.2088095238095238,1,0,1,87999,517611,3583,104373,4.7946478194820115,0.16780656737150795
3666,0.2088333333333333,0,3,0,88002,517608,3583,104373,4.794620030382749,0.16780737675266608
3667,0.2088571428571428,0,4,0,88006,517604,3583,104373,4.794582978250398,0.1678084559396891
3668,0.2088888888888889,0,3,0,88009,517601,3583,104373,4.7945551891511355,0.16780926533906562
3669,0.2089166666666666,0,1,0,88010,517600,3583,104373,4.794545926118048,0.1678095351405929
3670,0.2089285714285714,0,1,0,88011,517599,3583,104373,4.79453666308496,0.16780980494298778
3671,0.2089696969696969,0,1,0,88012,517598,3583,104373,4.794527400051873,0.16781007474625023
3672,0.2089761904761904,0,1,0,88013,517597,3583,104373,4.794518137018786,0.16781034455038024
3673,0.2089999999999999,0,4,0,88017,517593,3583,104373,4.794481084886435,0.16781142377557615
3674,0.209,3,52,3,88069,517541,3586,104370,4.793999407165883,0.16782144068845864
3675,0.209047619047619,0,3,0,88072,517538,3586,104370,4.79397161806662,0.16782225023636937
3676,0.2091428571428571,1,1,1,88073,517537,3587,104369,4.793962355033532,0.16782118197927018
3677,0.2091666666666666,5,97,5,88170,517440,3592,104364,4.79306384082404,0.16784067005036957
3678,0.2091666666666667,0,3,0,88173,517437,3592,104364,4.793036051724777,0.16784147983036374
3679,0.2092619047619047,0,2,0,88175,517435,3592,104364,4.793017525658602,0.16784201968803425
3680,0.2092857142857142,0,4,0,88179,517431,3592,104364,4.792980473526251,0.16784309941379394
3681,0.2092857142857143,0,7,0,88186,517424,3592,104364,4.792915632294639,0.16784498896730074
3682,0.2093333333333333,3,42,3,88228,517382,3595,104361,4.792526584904961,0.1678523119681283
3683,0.209345238095238,0,1,0,88229,517381,3595,104361,4.792517321871873,0.1678525819391323
3684,0.2093888888888889,0,1,0,88230,517380,3595,104361,4.792508058838786,0.16785285191100474
3685,0.2093939393939394,0,2,0,88232,517378,3595,104361,4.792489532772611,0.16785339185735493
3686,0.2094444444444444,0,2,0,88234,517376,3595,104361,4.792471006706436,0.16785393180717892
3687,0.2095,4,17,4,88251,517359,3599,104357,4.792313535143948,0.16785316768428027
3688,0.2095238095238095,0,2,0,88253,517357,3599,104357,4.7922950090777725,0.1678537076533583
3689,0.2095555555555555,0,1,0,88254,517356,3599,104357,4.792285746044685,0.16785397763920007
3690,0.2095699855699856,0,1,0,88255,517355,3599,104357,4.792276483011597,0.1678542476259104
3691,0.2095833333333333,1,2,1,88257,517353,3600,104356,4.792257956945422,0.1678534491216952
3692,0.2096489621489621,0,1,0,88258,517352,3600,104356,4.7922486939123345,0.16785371910929248
3693,0.2096504329004329,0,1,0,88259,517351,3600,104356,4.792239430879247,0.16785398909775825
3694,0.2096666666666666,0,1,0,88260,517350,3600,104356,4.792230167846159,0.16785425908709262
3695,0.2096666666666667,0,8,0,88268,517342,3600,104356,4.7921560635814595,0.16785641903303533
3696,0.2096944444444444,0,1,0,88269,517341,3600,104356,4.792146800548371,0.16785668903018672
3697,0.2097142857142857,0,1,0,88270,517340,3600,104356,4.792137537515284,0.16785695902820671
3698,0.2097222222222222,0,2,0,88272,517338,3600,104356,4.792119011449109,0.16785749902685243
3699,0.2097619047619047,0,1,0,88273,517337,3600,104356,4.7921097484160216,0.1678577690274782
3700,0.2098333333333332,0,1,0,88274,517336,3600,104356,4.792100485382933,0.16785803902897253
3701,0.2098333333333333,2,14,2,88288,517322,3602,104354,4.791970802919708,0.16785914206113794
3702,0.2098809523809523,0,1,0,88289,517321,3602,104354,4.79196153988662,0.16785941207222424
3703,0.2099166666666666,1,2,1,88291,517319,3603,104353,4.791943013820445,0.16785861354540657
3704,0.2099285714285714,1,0,1,88291,517319,3604,104352,4.791943013820445,0.1678572749895041
3705,0.2099999999999999,3,29,3,88320,517290,3607,104349,4.791674385860906,0.16786108979648962
3706,0.21,144,3325,144,91645,513965,3751,104205,4.760874800844789,0.16857013442904056
3707,0.2100833333333333,0,1,0,91646,513964,3751,104205,4.760865537811701,0.1685704071216771
3708,0.210095238095238,0,2,0,91648,513962,3751,104205,4.760847011745526,0.16857095250959692
3709,0.2101190476190476,0,1,0,91649,513961,3751,104205,4.760837748712438,0.16857122520488024
3710,0.2101388888888888,0,1,0,91650,513960,3751,104205,4.760828485679351,0.16857149790104584
3711,0.2101428571428571,0,1,0,91651,513959,3751,104205,4.760819222646263,0.16857177059809372
3712,0.2101666666666666,0,5,0,91656,513954,3751,104205,4.760772907480826,0.16857313409656738
3713,0.2101666666666667,1,3,1,91659,513951,3752,104204,4.760745118381563,0.16857260719398856
3714,0.2102380952380952,0,2,0,91661,513949,3752,104204,4.760726592315388,0.16857315260137862
3715,0.2102857142857143,0,5,0,91666,513944,3752,104204,4.76068027714995,0.16857451613529445
3716,0.210297619047619,0,1,0,91667,513943,3752,104204,4.760671014116863,0.16857478884472463
3717,0.2103214285714285,0,1,0,91668,513942,3752,104204,4.7606617510837745,0.16857506155503715
3718,0.2103333333333333,1,29,1,91697,513913,3753,104203,4.760393123124236,0.16858162545541613
3719,0.2103571428571428,1,7,1,91704,513906,3754,104202,4.760328281892623,0.168582189520278
3720,0.2103809523809524,1,0,1,91704,513906,3755,104201,4.760328281892623,0.16858084441690516
3721,0.2104047619047619,0,1,0,91705,513905,3755,104201,4.760319018859535,0.16858111715466279
3722,0.2104166666666666,0,1,0,91706,513904,3755,104201,4.760309755826448,0.16858138989330293
3723,0.2104761904761904,0,1,0,91707,513903,3755,104201,4.76030049279336,0.16858166263282554
3724,0.2104761904761905,0,4,0,91711,513899,3755,104201,4.76026344066101,0.16858275359974115
3725,0.2104999999999999,0,2,0,91713,513897,3755,104201,4.760244914594835,0.16858329908849407
3726,0.2105,2,6,2,91719,513891,3757,104199,4.7601893363963095,0.16858224530408192
3727,0.2105555555555555,0,1,0,91720,513890,3757,104199,4.760180073363222,0.16858251805160746
3728,0.2105833333333333,0,3,0,91723,513887,3757,104199,4.76015228426396,0.16858333629947936
3729,0.2106666666666666,2,26,2,91749,513861,3759,104197,4.759911445403683,0.1685877377204081
3730,0.2106666666666667,0,5,0,91754,513856,3759,104197,4.7598651302382455,0.16858910158190318
3731,0.2107142857142857,0,6,0,91760,513850,3759,104197,4.7598095520397194,0.16859073824482604
3732,0.2107153679653679,0,1,0,91761,513849,3759,104197,4.759800289006632,0.16859101102506932
3733,0.2107619047619048,0,2,0,91763,513847,3759,104197,4.759781762940457,0.16859155658820407
3734,0.2108333333333333,2,86,2,91849,513761,3761,104195,4.758985142094928,0.16861232838583975
3735,0.2108571428571428,1,3,1,91852,513758,3762,104194,4.758957352995665,0.1686118015638755
3736,0.2108809523809524,0,1,0,91853,513757,3762,104194,4.758948089962577,0.16861207442014012
3737,0.2109047619047619,0,1,0,91854,513756,3762,104194,4.75893882692949,0.1686123472772878
3738,0.2109285714285714,0,3,0,91857,513753,3762,104194,4.758911037830227,0.16861316585402955
3739,0.2109523809523809,1,2,1,91859,513751,3763,104193,4.758892511764052,0.1686123661691027
3740,0.2109999999999999,1,11,1,91870,513740,3764,104192,4.758790618400089,0.16861402225487593
3741,0.211,2,46,2,91916,513694,3766,104190,4.758364518878062,0.16862388409474918
3742,0.2110238095238095,0,2,0,91918,513692,3766,104190,4.758345992811886,0.1686244299073286
3743,0.211031746031746,0,1,0,91919,513691,3766,104190,4.758336729778799,0.16862470281494332
3744,0.211047619047619,0,2,0,91921,513689,3766,104190,4.758318203712624,0.16862524863282294
3745,0.2110833333333333,0,1,0,91922,513688,3766,104190,4.7583089406795365,0.1686255215430878
3746,0.211111111111111,0,1,0,91923,513687,3766,104190,4.758299677646448,0.16862579445423603
3747,0.2111428571428571,0,2,0,91925,513685,3766,104190,4.758281151580274,0.1686263402791827
3748,0.2111666666666666,1,12,1,91937,513673,3767,104189,4.758169995183223,0.1686282697430818
3749,0.2111666666666667,0,2,0,91939,513671,3767,104189,4.758151469117048,0.16862881558929207
3750,0.2111904761904761,0,1,0,91940,513670,3767,104189,4.75814220608396,0.16862908851372238
3751,0.2111904761904762,0,4,0,91944,513666,3767,104189,4.75810515395161,0.16863018022027823
3752,0.21125,1,4,1,91948,513662,3768,104188,4.758068101819259,0.16862992635753016
3753,0.2113333333333333,1,33,1,91981,513629,3769,104187,4.757762421727371,0.16863758789024563
3754,0.2113484848484848,1,1,1,91982,513628,3770,104186,4.757753158694283,0.16863651519713052
3755,0.2113809523809524,0,1,0,91983,513627,3770,104186,4.7577438956611955,0.16863678815434444
3756,0.2113888888888888,0,1,0,91984,513626,3770,104186,4.757734632628107,0.16863706111244198
3757,0.2114090909090908,1,1,1,91985,513625,3771,104185,4.75772536959502,0.16863598841067642
3758,0.2114166666666666,0,1,0,91986,513624,3771,104185,4.757716106561933,0.1686362613688049
3759,0.2114285714285714,1,7,1,91993,513617,3772,104184,4.75765126533032,0.16863682642145286
3760,0.2115,1,32,1,92025,513585,3773,104183,4.757354848271518,0.16864421595161938
3761,0.2115476190476191,0,1,0,92026,513584,3773,104183,4.75734558523843,0.16864448894162362
3762,0.2115634920634921,1,0,1,92026,513584,3774,104182,4.75734558523843,0.1686431431966149
3763,0.2115952380952381,0,5,0,92031,513579,3774,104182,4.757299270072993,0.16864450815121057
3764,0.2116071428571428,0,1,0,92032,513578,3774,104182,4.757290007039905,0.16864478114478115
3765,0.2116666666666666,17,292,17,92324,513286,3791,104165,4.754585201378339,0.16870164596057016
3766,0.2116666666666667,0,1,0,92325,513285,3791,104165,4.754575938345252,0.16870191918373958
3767,0.2117142857142857,1,1,1,92326,513284,3792,104164,4.754566675312164,0.16870084606315025
3768,0.21175,0,1,0,92327,513283,3792,104164,4.754557412279077,0.1687011192863517
3769,0.2117857142857142,0,2,0,92329,513281,3792,104164,4.754538886212901,0.16870166573540962
3770,0.2118311688311688,1,1,1,92330,513280,3793,104163,4.754529623179814,0.1687005926053093
3771,0.2118333333333333,0,9,0,92339,513271,3793,104163,4.754446255882026,0.16870305166220195
3772,0.2118571428571428,0,1,0,92340,513270,3793,104163,4.754436992848938,0.16870332489517081
3773,0.2119444444444444,0,2,0,92342,513268,3793,104163,4.754418466782763,0.16870387136376372
3774,0.2119761904761904,0,1,0,92343,513267,3793,104163,4.754409203749676,0.1687041445993878
3775,0.212,2,62,2,92405,513205,3795,104161,4.7538348956982475,0.16871839395107602
3776,0.2120833333333333,0,2,0,92407,513203,3795,104161,4.753816369632072,0.16871894052779235
3777,0.2121190476190476,0,1,0,92408,513202,3795,104161,4.753807106598985,0.16871921381747854
3778,0.2121428571428571,1,4,1,92412,513198,3796,104160,4.753770054466634,0.1687189604735016
3779,0.2121666666666666,0,2,0,92414,513196,3796,104160,4.75375152840046,0.16871950705913605
3780,0.2121666666666667,0,4,0,92418,513192,3796,104160,4.753714476268109,0.16872060024102942
3781,0.2122222222222222,0,2,0,92420,513190,3796,104160,4.7536959502019345,0.16872114683728842
3782,0.2122619047619047,0,1,0,92421,513189,3796,104160,4.753686687168846,0.168721420136746
3783,0.2122857142857143,0,1,0,92422,513188,3796,104160,4.753677424135759,0.16872169343708895
3784,0.2123333333333333,1,36,1,92458,513152,3797,104159,4.753343954944607,0.16873018624323882
3785,0.2123809523809523,0,6,0,92464,513146,3797,104159,4.753288376746082,0.16873182624472505
3786,0.2123809523809524,1,1,1,92465,513145,3798,104158,4.753279113712995,0.16873075296896337
3787,0.2124047619047619,0,1,0,92466,513144,3798,104158,4.7532698506799065,0.16873102630479084
3788,0.2124285714285714,1,1,1,92467,513143,3799,104157,4.753260587646819,0.16872995302122146
3789,0.2124523809523809,0,1,0,92468,513142,3799,104157,4.753251324613731,0.1687302263570814
3790,0.2124545454545454,0,1,0,92469,513141,3799,104157,4.753242061580644,0.16873049969382697
3791,0.2124999999999999,1,3,1,92472,513138,3800,104156,4.753214272481381,0.16872997307603832
3792,0.2125,13,282,13,92754,512856,3813,104143,4.750602097150691,0.16878957664437058
3793,0.2125238095238095,0,3,0,92757,512853,3813,104143,4.750574308051428,0.16879039734455328
3794,0.2125714285714285,0,3,0,92760,512850,3813,104143,4.750546518952166,0.16879121805271696
3795,0.2126190476190476,0,1,0,92761,512849,3813,104143,4.750537255919078,0.16879149162387844
3796,0.2126428571428571,1,0,1,92761,512849,3814,104142,4.750537255919078,0.16879014442674203
3797,0.2126587301587301,1,1,1,92762,512848,3815,104141,4.75052799288599,0.1687890707938067
3798,0.2126666666666666,2,19,2,92781,512829,3817,104139,4.750351995257327,0.16879157427937916
3799,0.2126666666666667,1,5,1,92786,512824,3818,104138,4.7503056800918895,0.16879159494425913
3800,0.2127023809523809,0,1,0,92787,512823,3818,104138,4.750296417058801,0.1687918685297774
3801,0.2127380952380952,0,1,0,92788,512822,3818,104138,4.750287154025714,0.16879214211618257
3802,0.2128333333333333,1,8,1,92796,512814,3819,104137,4.7502130497610136,0.1687929835594723
3803,0.2128452380952381,0,1,0,92797,512813,3819,104137,4.750203786727926,0.1687932571521193
3804,0.2128571428571428,0,6,0,92803,512807,3819,104137,4.750148208529401,0.16879489872662673
3805,0.2128888888888888,0,1,0,92804,512806,3819,104137,4.750138945496313,0.16879517232548225
3806,0.2129166666666666,0,6,0,92810,512800,3819,104137,4.750083367297788,0.16879681393724155
3807,0.2129999999999999,0,1,0,92811,512799,3819,104137,4.750074104264701,0.16879708754230585
3808,0.213,3,37,3,92848,512762,3822,104134,4.749731372040461,0.1688031694159145
3809,0.213095238095238,0,1,0,92849,512761,3822,104134,4.749722109007373,0.16880344304946546
3810,0.2130952380952381,0,1,0,92850,512760,3822,104134,4.749712845974286,0.16880371668390357
3811,0.2131428571428571,0,4,0,92854,512756,3822,104134,4.749675793841935,0.16880481123052732
3812,0.2131666666666666,1,11,1,92865,512745,3823,104133,4.749573900477973,0.1688064738894887
3813,0.2131666666666667,0,2,0,92867,512743,3823,104133,4.7495553744117975,0.1688070211841602
3814,0.2131904761904761,0,1,0,92868,512742,3823,104133,4.749546111378709,0.16880729483282675
3815,0.2132142857142857,3,6,3,92874,512736,3826,104130,4.749490533180184,0.1688048944179125
3816,0.2132261904761904,0,1,0,92875,512735,3826,104130,4.749481270147097,0.16880516806756746
3817,0.2132857142857142,0,1,0,92876,512734,3826,104130,4.74947200711401,0.16880544171810966
3818,0.2133095238095237,0,1,0,92877,512733,3826,104130,4.749462744080922,0.16880571536953912
3819,0.2133333333333333,36,579,36,93456,512154,3862,104094,4.744099447923228,0.16891576118705456
3820,0.2134010989010989,0,1,0,93457,512153,3862,104094,4.7440901848901404,0.16891603529104401
3821,0.2134523809523809,0,4,0,93461,512149,3862,104094,4.744053132757791,0.16891713171589778
3822,0.2134615384615384,0,1,0,93462,512148,3862,104094,4.7440438697247025,0.16891740582433523
3823,0.2134761904761904,0,3,0,93465,512145,3862,104094,4.74401608062544,0.16891822815498533
3824,0.2134999999999999,0,2,0,93467,512143,3862,104094,4.7439975545592645,0.16891877637986683
3825,0.2135,3,18,3,93485,512125,3865,104091,4.743830819963689,0.16891966453321564
3826,0.2135238095238095,0,2,0,93487,512123,3865,104091,4.743812293897514,0.16892021278322142
3827,0.2135714285714285,1,5,1,93492,512118,3866,104090,4.743765978732076,0.1689202347259367
3828,0.2135833333333333,0,1,0,93493,512117,3866,104090,4.743756715698988,0.16892050885497892
3829,0.2135952380952381,1,0,1,93493,512117,3867,104089,4.743756715698988,0.16891916015098846
3830,0.2136071428571428,0,1,0,93494,512116,3867,104089,4.743747452665901,0.16891943427917658
3831,0.2136190476190476,0,1,0,93495,512115,3867,104089,4.743738189632813,0.1689197084082544
3832,0.2136666666666666,1,15,1,93510,512100,3868,104088,4.7435992441365,0.16892247171317845
3833,0.2137142857142857,0,1,0,93511,512099,3868,104088,4.743589981103413,0.16892274585474865
3834,0.21375,0,9,0,93520,512090,3868,104088,4.743506613805624,0.16892521316892198
3835,0.2138095238095237,1,4,1,93524,512086,3869,104087,4.743469561673274,0.1689249610093269
3836,0.2138095238095238,0,1,0,93525,512085,3869,104087,4.743460298640187,0.16892523516161073
3837,0.2138333333333333,0,5,0,93530,512080,3869,104087,4.743413983474749,0.16892660593637765
3838,0.2138461538461538,0,2,0,93532,512078,3869,104087,4.743395457408574,0.16892715425251353
3839,0.2138571428571428,0,1,0,93533,512077,3869,104087,4.7433861943754865,0.1689274284119163
3840,0.2139166666666666,0,1,0,93534,512076,3869,104087,4.743376931342398,0.168927702572209
3841,0.2139285714285713,0,2,0,93536,512074,3869,104087,4.743358405276224,0.168928250895464
3842,0.2139285714285714,0,1,0,93537,512073,3869,104087,4.743349142243136,0.16892852505842637
3843,0.2139999999999999,0,1,0,93538,512072,3869,104087,4.7433398792100485,0.16892879922227866
3844,0.214,2,132,2,93670,511940,3871,104085,4.7421171588424915,0.16896229860801104
3845,0.2140357142857142,0,2,0,93672,511938,3871,104085,4.742098632776316,0.16896284716642074
3846,0.214047619047619,0,5,0,93677,511933,3871,104085,4.742052317610878,0.16896421857802857
3847,0.2140833333333333,1,1,1,93678,511932,3872,104084,4.742043054577791,0.16896314381444638
3848,0.2140952380952381,0,1,0,93679,511931,3872,104084,4.742033791544704,0.16896341809858526
3849,0.2141071428571428,0,2,0,93681,511929,3872,104084,4.742015265478528,0.16896396666953456
3850,0.2141666666666666,4,94,4,93775,511835,3876,104080,4.741144540368298,0.1689843566076488
3851,0.2142777777777777,0,1,0,93776,511834,3876,104080,4.741135277335211,0.16898463097120703
3852,0.2142857142857142,0,6,0,93782,511828,3876,104080,4.7410796991366855,0.16898627717126583
3853,0.2142857142857143,1,9,1,93791,511819,3877,104079,4.740996331838898,0.16898739726383263
3854,0.2143333333333333,4,27,4,93818,511792,3881,104075,4.740746229945533,0.16898940842746893
3855,0.2143571428571428,0,1,0,93819,511791,3881,104075,4.740736966912446,0.16898968282061358
3856,0.2143809523809523,0,1,0,93820,511790,3881,104075,4.740727703879358,0.16898995721464932
3857,0.2144166666666666,0,2,0,93822,511788,3881,104075,4.740709177813184,0.16899050600539406
3858,0.2144444444444444,0,5,0,93827,511783,3881,104075,4.740662862647746,0.16899187799785015
3859,0.2145,0,17,0,93844,511766,3881,104075,4.740505391085257,0.16899654293884298
3860,0.2145555555555555,0,1,0,93845,511765,3881,104075,4.740496128052169,0.16899681735515718
3861,0.214563492063492,0,1,0,93846,511764,3881,104075,4.740486865019082,0.16899709177236258
3862,0.2145714285714285,0,1,0,93847,511763,3881,104075,4.740477601985995,0.1689973661904592
3863,0.2145833333333333,1,1,1,93848,511762,3882,104074,4.7404683389529065,0.16899629122038984
3864,0.2146666666666666,0,17,0,93865,511745,3882,104074,4.740310867390418,0.16900095644986596
3865,0.2147142857142857,0,2,0,93867,511743,3882,104074,4.740292341324243,0.1690015053173264
3866,0.2147323232323232,0,3,0,93870,511740,3882,104074,4.74026455222498,0.16900232862520176
3867,0.2147380952380952,0,3,0,93873,511737,3882,104074,4.740236763125718,0.1690031519410988
3868,0.21475,0,1,0,93874,511736,3882,104074,4.74022750009263,0.16900342638151378
3869,0.2147619047619047,0,2,0,93876,511734,3882,104074,4.740208974026455,0.16900397526501768
3870,0.2147619047619048,0,1,0,93877,511733,3882,104074,4.740199710993368,0.1690042497081066
3871,0.2148333333333333,0,6,0,93883,511727,3882,104074,4.740144132794843,0.16900589638535826
3872,0.2149047619047619,0,1,0,93884,511726,3882,104074,4.7401348697617545,0.16900617083468658
3873,0.2149285714285714,0,2,0,93886,511724,3882,104074,4.74011634369558,0.16900671973601733
3874,0.2149523809523809,0,1,0,93887,511723,3882,104074,4.740107080662492,0.16900699418801976
3875,0.2149848484848485,0,1,0,93888,511722,3882,104074,4.740097817629405,0.16900726864091356
3876,0.2149999999999999,1,12,1,93900,511710,3883,104073,4.739986661232354,0.16900921266095362
3877,0.215,58,1174,58,95074,510536,3941,104015,4.729111860387565,0.1692536502259373
3878,0.2150238095238095,0,1,0,95075,510535,3941,104015,4.729102597354478,0.1692539256366447
3879,0.215047619047619,0,2,0,95077,510533,3941,104015,4.729084071288303,0.1692544764607484
3880,0.2151190476190476,0,2,0,95079,510531,3941,104015,4.729065545222127,0.1692550272884373
3881,0.2151428571428571,0,1,0,95080,510530,3941,104015,4.72905628218904,0.16925530270362626
3882,0.2151666666666666,1,7,1,95087,510523,3942,104014,4.728991440957427,0.1692558788160843
3883,0.2151666666666667,0,3,0,95090,510520,3942,104014,4.728963651858164,0.16925670508059765
3884,0.2151718836718836,0,1,0,95091,510519,3942,104014,4.728954388825077,0.16925698050389482
3885,0.2151904761904761,0,1,0,95092,510518,3942,104014,4.72894512579199,0.16925725592808838
3886,0.2152380952380952,0,1,0,95093,510517,3942,104014,4.7289358627589015,0.16925753135317828
3887,0.21525,0,1,0,95094,510516,3942,104014,4.728926599725814,0.16925780677916458
3888,0.2152777777777778,0,2,0,95096,510514,3942,104014,4.728908073659639,0.1692583576338263
3889,0.2153095238095237,0,3,0,95099,510511,3942,104014,4.728880284560376,0.1692591839225418
3890,0.2153095238095238,0,1,0,95100,510510,3942,104014,4.728871021527289,0.16925945935390643
3891,0.2153333333333333,4,24,4,95124,510486,3946,104010,4.728648708733187,0.16926066239650053
3892,0.2153571428571428,1,3,1,95127,510483,3947,104009,4.728620919633925,0.1692601368284697
3893,0.2154166666666666,0,5,0,95132,510478,3947,104009,4.728574604468487,0.16926151407596907
3894,0.2154761904761905,0,1,0,95133,510477,3947,104009,4.7285653414354,0.16926178952815848
3895,0.2154999999999999,0,1,0,95134,510476,3947,104009,4.728556078402312,0.16926206498124446
3896,0.2155,1,22,1,95156,510454,3948,104008,4.728352291674386,0.16926677320973468
3897,0.2155833333333333,0,1,0,95157,510453,3948,104008,4.728343028641298,0.16926704868169012
3898,0.2156135531135531,0,1,0,95158,510452,3948,104008,4.728333765608211,0.1692673241545422
3899,0.2156190476190476,1,3,1,95161,510449,3949,104007,4.728305976508948,0.16926679859908603
3900,0.2156309523809523,0,2,0,95163,510447,3949,104007,4.728287450442773,0.16926734954935602
3901,0.2156666666666666,3,27,3,95190,510420,3952,104004,4.728037348549409,0.1692707316120464
3902,0.2156666666666667,0,1,0,95191,510419,3952,104004,4.728028085516321,0.16927100710748133
3903,0.2157142857142857,0,5,0,95196,510414,3952,104004,4.727981770350883,0.16927238459810748
3904,0.21575,0,4,0,95200,510410,3952,104004,4.7279447182185335,0.16927348660675048
3905,0.2157619047619047,0,2,0,95202,510408,3952,104004,4.727926192152358,0.1692740376164528
3906,0.2157813852813852,0,1,0,95203,510407,3952,104004,4.727916929119271,0.16927431312264918
3907,0.2157857142857143,0,3,0,95206,510404,3952,104004,4.727889140020008,0.1692751396466192
3908,0.2158333333333333,8,101,8,95307,510303,3960,103996,4.726953573678165,0.1692921525185618
3909,0.2158452380952381,2,2,2,95309,510301,3962,103994,4.72693504761199,0.1692899991046647
3910,0.2158968253968254,0,1,0,95310,510300,3962,103994,4.726925784578903,0.16929027468931815
3911,0.2159047619047619,0,1,0,95311,510299,3962,103994,4.726916521545815,0.16929055027486883
3912,0.2159166666666666,0,1,0,95312,510298,3962,103994,4.726907258512727,0.16929082586131677
3913,0.2159523809523809,0,6,0,95318,510292,3962,103994,4.726851680314202,0.16929247939884678
3914,0.2159999999999999,0,5,0,95323,510287,3962,103994,4.726805365148764,0.16929385737146355
3915,0.216,7,85,7,95408,510202,3969,103987,4.7260180073363225,0.1693078189287011
3916,0.216095238095238,0,2,0,95410,510200,3969,103987,4.725999481270147,0.16930837025205678
3917,0.2161038961038961,1,0,1,95410,510200,3970,103986,4.725999481270147,0.16930701774381052
3918,0.2161111111111111,0,1,0,95411,510199,3970,103986,4.72599021823706,0.16930729340508152
3919,0.2161666666666666,1,11,1,95422,510188,3971,103985,4.725888324873097,0.16930897320461824
3920,0.2161904761904761,0,6,0,95428,510182,3971,103985,4.7258327466745715,0.1693106272398224
3921,0.2161904761904762,0,1,0,95429,510181,3971,103985,4.725823483641483,0.1693109029154984
3922,0.2162142857142856,0,1,0,95430,510180,3971,103985,4.725814220608396,0.16931117859207218
3923,0.21625,2,3,2,95433,510177,3973,103983,4.725786431509134,0.16930930050801093
3924,0.2163181818181818,0,1,0,95434,510176,3973,103983,4.7257771684760455,0.1693095761846688
3925,0.2163333333333333,1,21,1,95455,510155,3974,103982,4.725582644781207,0.1693140129971
3926,0.2163809523809524,0,2,0,95457,510153,3974,103982,4.725564118715032,0.169314564387309
3927,0.2163888888888888,0,2,0,95459,510151,3974,103982,4.7255455926488565,0.1693151157811093
3928,0.2164166666666666,0,1,0,95460,510150,3974,103982,4.725536329615769,0.16931539147935623
3929,0.2164285714285714,0,4,0,95464,510146,3974,103982,4.7254992774834195,0.16931649428132245
3930,0.2165,1,21,1,95485,510125,3975,103981,4.72530475378858,0.16932093156556036
3931,0.2165238095238095,0,1,0,95486,510124,3975,103981,4.725295490755493,0.16932120728539907
3932,0.216547619047619,0,1,0,95487,510123,3975,103981,4.725286227722405,0.16932148300613578
3933,0.2165833333333333,0,1,0,95488,510122,3975,103981,4.725276964689318,0.16932175872777042
3934,0.2166190476190476,0,1,0,95489,510121,3975,103981,4.725267701656231,0.16932203445030305
3935,0.2166666666666666,29,595,29,96084,509526,4004,103952,4.7197561969691355,0.16944698913408468
3936,0.2166904761904761,0,1,0,96085,509525,4004,103952,4.719746933936048,0.16944726534165094
3937,0.2166904761904762,0,1,0,96086,509524,4004,103952,4.71973767090296,0.16944754155011768
3938,0.2167023809523809,0,4,0,96090,509520,4004,103952,4.71970061877061,0.1694486463929894
3939,0.2167619047619047,0,1,0,96091,509519,4004,103952,4.719691355737523,0.16944892260595856
3940,0.2167777777777777,0,2,0,96093,509517,4004,103952,4.719672829671348,0.1694494750345983
3941,0.2167857142857143,0,3,0,96096,509514,4004,103952,4.719645040572085,0.16945030368431177
3942,0.2168333333333333,0,13,0,96109,509501,4004,103952,4.719524621141947,0.16945389459339183
3943,0.2168571428571428,0,1,0,96110,509500,4004,103952,4.719515358108859,0.1694541708234711
3944,0.2169166666666666,1,0,1,96110,509500,4005,103951,4.719515358108859,0.16945281693240372
3945,0.2169285714285714,1,0,1,96110,509500,4006,103950,4.719515358108859,0.16945146303692232
3946,0.2169444444444444,0,3,0,96113,509497,4006,103950,4.719487569009597,0.16945229172202325
3947,0.2169523809523809,1,1,1,96114,509496,4007,103949,4.719478305976509,0.16945121404526894
3948,0.2169696969696969,1,0,1,96114,509496,4008,103948,4.719478305976509,0.16944986013393235
3949,0.217,3,48,3,96162,509448,4011,103945,4.719033680388306,0.16945905805902578
3950,0.2170238095238094,0,1,0,96163,509447,4011,103945,4.719024417355219,0.16945933432454288
3951,0.217047619047619,0,1,0,96164,509446,4011,103945,4.719015154322131,0.16945961059096074
3952,0.2170595238095237,0,1,0,96165,509445,4011,103945,4.719005891289044,0.1694598868582794
3953,0.2170833333333333,0,5,0,96170,509440,4011,103945,4.718959576123606,0.1694612682083846
3954,0.2170952380952381,0,1,0,96171,509439,4011,103945,4.718950313090518,0.1694615444811081
3955,0.2171190476190476,0,1,0,96172,509438,4011,103945,4.718941050057431,0.16946182075473237
3956,0.2171428571428571,1,8,1,96180,509430,4012,103944,4.718866945792731,0.16946267693120348
3957,0.2171666666666666,0,11,0,96191,509419,4012,103944,4.718765052428767,0.16946571606047317
3958,0.2171785714285714,0,1,0,96192,509418,4012,103944,4.718755789395679,0.16946599235035753
3959,0.2171904761904761,0,1,0,96193,509417,4012,103944,4.718746526362592,0.1694662686411428
3960,0.2172222222222222,0,3,0,96196,509414,4012,103944,4.7187187372633295,0.16946709751890413
3961,0.2172499999999999,0,1,0,96197,509413,4012,103944,4.718709474230242,0.16946737381329308
3962,0.2172619047619047,1,0,1,96197,509413,4013,103943,4.718709474230242,0.1694660197340533
3963,0.2172843137254901,0,2,0,96199,509411,4013,103943,4.718690948164067,0.1694665723220196
3964,0.2172857142857142,1,3,1,96202,509408,4014,103942,4.718663159064804,0.16946604711828483
3965,0.2173333333333333,4,46,4,96248,509362,4018,103938,4.718237059542776,0.1694733409424425
3966,0.2173611111111111,1,0,1,96248,509362,4019,103937,4.718237059542776,0.16947198674708422
3967,0.2173809523809523,0,4,0,96252,509358,4019,103937,4.7182000074104264,0.16947309206825426
3968,0.2174523809523809,0,1,0,96253,509357,4019,103937,4.718190744377339,0.16947336840079963
3969,0.2174999999999999,0,5,0,96258,509352,4019,103937,4.718144429211901,0.1694747500770436
3970,0.2175,15,283,15,96541,509069,4034,103922,4.7155229908481235,0.16953266850573662
3971,0.2175833333333333,0,2,0,96543,509067,4034,103922,4.715504464781948,0.16953322164019258
3972,0.2175952380952381,0,1,0,96544,509066,4034,103922,4.715495201748861,0.16953349820877406
3973,0.2176190476190476,0,5,0,96549,509061,4034,103922,4.715448886583423,0.16953488106521714
3974,0.2176428571428571,0,6,0,96555,509055,4034,103922,4.715393308384898,0.1695365405227276
3975,0.2176666666666666,0,21,0,96576,509034,4034,103922,4.715198784690059,0.16954234887985434
3976,0.2176666666666667,0,8,0,96584,509026,4034,103922,4.715124680425358,0.16954456169201956
3977,0.2177380952380952,0,1,0,96585,509025,4034,103922,4.715115417392271,0.16954483829760159
3978,0.2177777777777778,0,2,0,96587,509023,4034,103922,4.7150968913260956,0.1695453915114733
3979,0.2178333333333333,0,6,0,96593,509017,4034,103922,4.71504131312757,0.16954705117474986
3980,0.2178571428571428,0,8,0,96601,509009,4034,103922,4.71496720886287,0.16954926410966323
3981,0.2178571428571429,0,1,0,96602,509008,4034,103922,4.714957945829783,0.16954954073058914
3982,0.2178730158730158,0,1,0,96603,509007,4034,103922,4.714948682796695,0.16954981735241764
3983,0.2179285714285714,0,2,0,96605,509005,4034,103922,4.71493015673052,0.16955037059878256
3984,0.2179523809523809,0,1,0,96606,509004,4034,103922,4.714920893697433,0.16955064722331897
3985,0.2179999999999999,0,4,0,96610,509000,4034,103922,4.714883841565082,0.169551753730491
3986,0.218,3,47,3,96657,508953,4037,103919,4.714448479009967,0.16956069130258847
3987,0.2180238095238095,0,1,0,96658,508952,4037,103919,4.7144392159768795,0.16956096796878953
3988,0.2180833333333333,0,3,0,96661,508949,4037,103919,4.714411426877617,0.16956179797280982
3989,0.218095238095238,0,1,0,96662,508948,4037,103919,4.714402163844529,0.1695620746426223
3990,0.2180952380952381,0,7,0,96669,508941,4037,103919,4.714337322612916,0.1695640113565904
3991,0.2181190476190476,0,1,0,96670,508940,4037,103919,4.714328059579829,0.169564288033626
3992,0.2181666666666666,0,9,0,96679,508931,4037,103919,4.7142446922820405,0.1695667781675777
3993,0.2181666666666667,0,1,0,96680,508930,4037,103919,4.714235429248953,0.16956705485364257
3994,0.2182142857142857,0,3,0,96683,508927,4037,103919,4.714207640149691,0.1695678849172549
3995,0.2182619047619047,0,1,0,96684,508926,4037,103919,4.714198377116603,0.1695681616069316
3996,0.2182857142857143,0,1,0,96685,508925,4037,103919,4.714189114083515,0.16956843829751128
3997,0.2183095238095238,0,1,0,96686,508924,4037,103919,4.714179851050428,0.16956871498899392
3998,0.2183333333333333,12,312,12,96998,508612,4049,103907,4.711289784727111,0.16963881936723596
3999,0.2183809523809524,0,1,0,96999,508611,4049,103907,4.7112805216940234,0.16963909632043467
4000,0.2184285714285714,1,1,1,97000,508610,4050,103906,4.711271258660936,0.16963801761913158
4001,0.2184523809523809,1,7,1,97007,508603,4051,103905,4.711206417429323,0.16963860063868555
4002,0.2184999999999999,0,2,0,97009,508601,4051,103905,4.7111878913631475,0.1696391545552207
4003,0.2185,2,18,2,97027,508583,4053,103903,4.711021156767572,0.16964142853877476
4004,0.2185238095238095,0,2,0,97029,508581,4053,103903,4.711002630701397,0.1696419824844404
4005,0.218547619047619,1,1,1,97030,508580,4054,103902,4.710993367668309,0.16964090373268112
4006,0.2185714285714285,2,5,2,97035,508575,4056,103900,4.710947052502871,0.16963957712559696
4007,0.2185833333333333,0,1,0,97036,508574,4056,103900,4.710937789469784,0.16963985409992913
4008,0.2186363636363636,0,1,0,97037,508573,4056,103900,4.710928526436696,0.16964013107516576
4009,0.2186388888888888,0,1,0,97038,508572,4056,103900,4.710919263403609,0.16964040805130684
4010,0.2186666666666666,2,23,2,97061,508549,4058,103898,4.710706213642595,0.1696440671600971
4011,0.2186666666666667,0,1,0,97062,508548,4058,103898,4.710696950609508,0.16964434415442342
4012,0.2186904761904761,0,4,0,97066,508544,4058,103898,4.710659898477157,0.16964545214077414
4013,0.21875,0,12,0,97078,508532,4058,103898,4.710548742080107,0.16964877618666624
4014,0.2187619047619047,0,2,0,97080,508530,4058,103898,4.7105302160139315,0.16964933020697942
4015,0.2188095238095238,0,4,0,97084,508526,4058,103898,4.710493163881582,0.16965043825846146
4016,0.2188333333333333,1,11,1,97095,508515,4059,103897,4.7103912705176185,0.1696521296120912
4017,0.2189285714285714,0,3,0,97098,508512,4059,103897,4.710363481418356,0.16965296068477112
4018,0.2189307359307359,0,1,0,97099,508511,4059,103897,4.710354218385268,0.16965323771080718
4019,0.2189444444444444,0,1,0,97100,508510,4059,103897,4.710344955352181,0.16965351473774792
4020,0.2189999999999999,1,72,1,97172,508438,4060,103896,4.709678016969876,0.16967210705268693
4021,0.219,0,6,0,97178,508432,4060,103896,4.709622438771351,0.16967376961367112
4022,0.219047619047619,0,4,0,97182,508428,4060,103896,4.709585386639001,0.16967487800576164
4023,0.2190555555555555,0,1,0,97183,508427,4060,103896,4.709576123605913,0.16967515510604697
4024,0.2191190476190475,0,1,0,97184,508426,4060,103896,4.709566860572826,0.16967543220723738
4025,0.2191428571428571,0,2,0,97186,508424,4060,103896,4.709548334506651,0.16967598641233342
4026,0.2191666666666666,5,101,5,97287,508323,4065,103891,4.708612768164808,0.16969719738522804
4027,0.2192380952380952,0,1,0,97288,508322,4065,103891,4.7086035051317205,0.16969747457175852
4028,0.21925,0,1,0,97289,508321,4065,103891,4.708594242098632,0.16969775175919452
4029,0.2192619047619047,0,1,0,97290,508320,4065,103891,4.708584979065545,0.16969802894753605
4030,0.2192857142857142,0,2,0,97292,508318,4065,103891,4.70856645299937,0.16969858332693574
4031,0.2192857142857143,0,7,0,97299,508311,4065,103891,4.708501611767757,0.16970052368335942
4032,0.2193095238095238,0,1,0,97300,508310,4065,103891,4.708492348734669,0.16970080088075648
4033,0.2193333333333333,4,24,4,97324,508286,4069,103887,4.7082700359405685,0.16970202867490072
4034,0.2193571428571428,0,2,0,97326,508284,4069,103887,4.708251509874393,0.16970258310178038
4035,0.2194047619047619,0,1,0,97327,508283,4069,103887,4.708242246841306,0.16970286031657872
4036,0.2194285714285714,0,3,0,97330,508280,4069,103887,4.708214457742043,0.16970369196640786
4037,0.2194444444444444,0,1,0,97331,508279,4069,103887,4.708205194708955,0.16970396918482894
4038,0.2194761904761905,0,1,0,97332,508278,4069,103887,4.708195931675868,0.16970424640415574
4039,0.2195,1,12,1,97344,508266,4070,103886,4.7080847752788175,0.16970621675662254
4040,0.2195238095238095,0,4,0,97348,508262,4070,103886,4.708047723146467,0.16970732567941085
4041,0.2195613275613275,0,1,0,97349,508261,4070,103886,4.70803846011338,0.16970760291237236
4042,0.2195714285714285,0,2,0,97351,508259,4070,103886,4.708019934047204,0.16970815738101266
4043,0.2195833333333333,0,4,0,97355,508255,4070,103886,4.707982881914854,0.16970926632916272
4044,0.2196428571428571,0,2,0,97357,508253,4070,103886,4.707964355848679,0.16970982080867253
4045,0.2196666666666666,2,19,2,97376,508234,4072,103884,4.707788358220015,0.16971237571840725
4046,0.2197499999999999,0,1,0,97377,508233,4072,103884,4.707779095186928,0.1697126529732061
4047,0.21975,0,2,0,97379,508231,4072,103884,4.707760569120753,0.16971320748552152
4048,0.2197857142857142,0,1,0,97380,508230,4072,103884,4.7077513060876655,0.16971348474303807
4049,0.2198015873015873,0,1,0,97381,508229,4072,103884,4.707742043054578,0.16971376200146052
4050,0.2198333333333333,2,11,2,97392,508218,4074,103882,4.707640149690615,0.16971409900343082
4051,0.2198690476190476,0,3,0,97395,508215,4074,103882,4.7076123605913525,0.1697149308034511
4052,0.2198809523809524,0,1,0,97396,508214,4074,103882,4.707603097558264,0.16971520807193644
4053,0.2199444444444444,0,1,0,97397,508213,4074,103882,4.707593834525177,0.16971548534132774
4054,0.219974358974359,0,1,0,97398,508212,4074,103882,4.707584571492089,0.16971576261162502
4055,0.2199999999999999,2,18,2,97416,508194,4076,103880,4.707417836896513,0.16971804062907425
4056,0.22,170,3389,170,100805,504805,4246,103710,4.6760254177627925,0.1704312958595926
4057,0.2200238095238095,0,1,0,100806,504804,4246,103710,4.676016154729704,0.17043157593744762
4058,0.2200992063492063,0,2,0,100808,504802,4246,103710,4.67599762866353,0.17043213609591923
4059,0.2201060606060605,0,1,0,100809,504801,4246,103710,4.675988365630442,0.17043241617653584
4060,0.2201071428571428,0,2,0,100811,504799,4246,103710,4.675969839564267,0.1704329763405307
4061,0.2201666666666666,1,11,1,100822,504788,4247,103709,4.675867946200304,0.17043469400835173
4062,0.2201666666666667,0,2,0,100824,504786,4247,103709,4.675849420134129,0.17043525419272137
4063,0.2201785714285714,0,2,0,100826,504784,4247,103709,4.675830894067953,0.1704358143807735
4064,0.2201904761904762,0,1,0,100827,504783,4247,103709,4.675821631034866,0.17043609447618047
4065,0.2202142857142857,0,2,0,100829,504781,4247,103709,4.675803104968691,0.17043665466975627
4066,0.2202380952380952,0,2,0,100831,504779,4247,103709,4.675784578902515,0.17043721486701463
4067,0.2202857142857143,0,1,0,100832,504778,4247,103709,4.675775315869428,0.17043749496702476
4068,0.2203095238095238,0,1,0,100833,504777,4247,103709,4.675766052836341,0.17043777506795554
4069,0.2203214285714285,0,1,0,100834,504776,4247,103709,4.675756789803253,0.17043805516980698
4070,0.2203333333333333,3,26,3,100860,504750,4250,103706,4.675515950942977,0.1704412480113599
4071,0.2203447712418301,0,4,0,100864,504746,4250,103706,4.675478898810627,0.17044236850236338
4072,0.2204166666666666,0,1,0,100865,504745,4250,103706,4.675469635777539,0.17044264862741618
4073,0.2204761904761904,0,3,0,100868,504742,4250,103706,4.675441846678276,0.1704434890080993
4074,0.2204761904761905,0,1,0,100869,504741,4250,103706,4.675432583645189,0.17044376913683526
4075,0.2204999999999999,0,1,0,100870,504740,4250,103706,4.675423320612102,0.170444049266492
4076,0.2205,0,16,0,100886,504724,4250,103706,4.6752751120827005,0.17044853146623276
4077,0.2205357142857142,0,2,0,100888,504722,4250,103706,4.675256586016525,0.17044909175777578
4078,0.220547619047619,0,1,0,100889,504721,4250,103706,4.675247322983438,0.17044937190492862
4079,0.2205555555555555,0,1,0,100890,504720,4250,103706,4.67523805995035,0.17044965205300233
4080,0.220595238095238,0,1,0,100891,504719,4250,103706,4.675228796917263,0.17044993220199697
4081,0.2206666666666666,2,30,2,100921,504689,4252,103704,4.674950905924636,0.17045561010728263
4082,0.2206666666666667,0,2,0,100923,504687,4252,103704,4.674932379858461,0.17045617045617045
4083,0.2207142857142857,0,10,0,100933,504677,4252,103704,4.674839749527585,0.17045897225587256
4084,0.2207380952380952,0,1,0,100934,504676,4252,103704,4.674830486494498,0.17045925244090865
4085,0.22075,0,1,0,100935,504675,4252,103704,4.67482122346141,0.1704595326268658
4086,0.2208095238095238,0,2,0,100937,504673,4252,103704,4.6748026973952355,0.17046009300154344
4087,0.2208186274509804,1,1,1,100938,504672,4253,103703,4.674793434362147,0.17045900965687283
4088,0.2208333333333333,5,89,5,101027,504583,4258,103698,4.673969024417355,0.17047713145733634
4089,0.2209090909090909,0,1,0,101028,504582,4258,103698,4.673959761384268,0.17047741171828762
4090,0.2209444444444444,1,1,1,101029,504581,4259,103697,4.67395049835118,0.17047632825780318
4091,0.2209523809523809,0,6,0,101035,504575,4259,103697,4.673894920152655,0.1704780098377042
4092,0.2209999999999999,0,4,0,101039,504571,4259,103697,4.6738578680203045,0.17047913090940178
4093,0.221,3,54,3,101093,504517,4262,103694,4.673357664233577,0.17049017528456406
4094,0.221047619047619,0,1,0,101094,504516,4262,103694,4.673348401200489,0.17049045559921738
4095,0.2211111111111111,0,1,0,101095,504515,4262,103694,4.673339138167401,0.17049073591479244
4096,0.2211363636363636,0,1,0,101096,504514,4262,103694,4.673329875134314,0.1704910162312893
4097,0.2211428571428571,0,1,0,101097,504513,4262,103694,4.673320612101226,0.17049129654870793
4098,0.2211666666666666,0,5,0,101102,504508,4262,103694,4.673274296935789,0.17049269814962792
4099,0.2211904761904761,0,4,0,101106,504504,4262,103694,4.673237244803438,0.1704938194469564
4100,0.2211904761904762,0,1,0,101107,504503,4262,103694,4.673227981770351,0.1704940997735931
4101,0.2212142857142857,0,1,0,101108,504502,4262,103694,4.673218718737263,0.17049438010115162
4102,0.2212380952380952,0,1,0,101109,504501,4262,103694,4.673209455704176,0.17049466042963193
4103,0.22125,0,4,0,101113,504497,4262,103694,4.673172403571826,0.17049578175277175
4104,0.2212619047619047,0,1,0,101114,504496,4262,103694,4.673163140538738,0.17049606208586132
4105,0.2213095238095238,0,2,0,101116,504494,4262,103694,4.673144614472563,0.1704966227548061
4106,0.2213333333333333,2,18,2,101134,504476,4264,103692,4.672977879876987,0.17049894108206942
4107,0.2213888888888888,0,2,0,101136,504474,4264,103692,4.672959353810811,0.1704995017807638
4108,0.2214285714285714,0,5,0,101141,504469,4264,103692,4.672913038645374,0.170500903543634
4109,0.2214761904761905,0,2,0,101143,504467,4264,103692,4.672894512579199,0.17050146425523588
4110,0.2214862914862914,0,2,0,101145,504465,4264,103692,4.672875986513024,0.1705020249705257
4111,0.2214999999999999,6,13,6,101158,504452,4270,103686,4.672755567082886,0.17049748576803292
4112,0.2215,0,2,0,101160,504450,4270,103686,4.672737041016711,0.170498046489601
4113,0.2215555555555555,0,1,0,101161,504449,4270,103686,4.672727777983623,0.1704983268517681
4114,0.2215833333333333,0,1,0,101162,504448,4270,103686,4.672718514950535,0.17049860721485724
4115,0.2216666666666666,19,355,19,101517,504093,4289,103667,4.669430138204453,0.17057226536790837
4116,0.2216666666666667,0,1,0,101518,504092,4289,103667,4.669420875171366,0.17057254602564503
4117,0.2216904761904761,0,1,0,101519,504091,4289,103667,4.669411612138279,0.17057282668430526
4118,0.2216904761904762,0,1,0,101520,504090,4289,103667,4.669402349105191,0.17057310734388909
4119,0.2217142857142857,0,1,0,101521,504089,4289,103667,4.669393086072104,0.1705733880043965
4120,0.22175,0,1,0,101522,504088,4289,103667,4.669383823039016,0.17057366866582752
4121,0.2217619047619047,0,4,0,101526,504084,4289,103667,4.669346770906666,0.17057479132078762
4122,0.2218181818181818,0,1,0,101527,504083,4289,103667,4.669337507873578,0.1705750719868367
4123,0.2218333333333333,3,6,3,101533,504077,4292,103664,4.669281929675053,0.17057266170951113
4124,0.2218571428571428,0,2,0,101535,504075,4292,103664,4.669263403608878,0.170573223044761
4125,0.2218809523809524,0,1,0,101536,504074,4292,103664,4.669254140575791,0.1705735037137714
4126,0.2219047619047619,0,2,0,101538,504072,4292,103664,4.669235614509615,0.17057406505456316
4127,0.2219285714285714,0,1,0,101539,504071,4292,103664,4.669226351476527,0.17057434572634453
4128,0.2219999999999999,0,4,0,101543,504067,4292,103664,4.669189299344177,0.17057546842270677
4129,0.222,5,83,5,101626,503984,4297,103659,4.66842046759791,0.1705919429665116
4130,0.2220238095238095,0,1,0,101627,503983,4297,103659,4.668411204564823,0.17059222371067173
4131,0.2220833333333333,0,1,0,101628,503982,4297,103659,4.6684019415317355,0.17059250445575594
4132,0.2221111111111111,0,1,0,101629,503981,4297,103659,4.668392678498647,0.1705927852017642
4133,0.2221428571428571,0,3,0,101632,503978,4297,103659,4.668364889399385,0.17059362744533332
4134,0.2221428571428572,0,2,0,101634,503976,4297,103659,4.668346363333209,0.1705941889456664
4135,0.2221666666666666,0,14,0,101648,503962,4297,103659,4.668216680869984,0.17059811955149673
4136,0.2221904761904762,0,1,0,101649,503961,4297,103659,4.668207417836896,0.17059840031598697
4137,0.2222499999999999,0,1,0,101650,503960,4297,103659,4.668198154803809,0.17059868108140133
4138,0.22225,0,1,0,101651,503959,4297,103659,4.668188891770721,0.17059896184773987
4139,0.2222619047619047,0,3,0,101654,503956,4297,103659,4.6681611026714585,0.1705998041523004
4140,0.2222857142857142,1,0,1,101654,503956,4298,103658,4.6681611026714585,0.17059843914063863
4141,0.2223333333333333,0,21,0,101675,503935,4298,103658,4.66796657897662,0.17060433546798598
4142,0.2223571428571428,1,0,1,101675,503935,4299,103657,4.66796657897662,0.170602970414357
4143,0.2223809523809523,0,2,0,101677,503933,4299,103657,4.667948052910445,0.17060353198703074
4144,0.2224166666666666,0,4,0,101681,503929,4299,103657,4.667911000778095,0.1706046551434694
4145,0.2224206349206349,0,1,0,101682,503928,4299,103657,4.667901737745007,0.17060493593488976
4146,0.2224523809523809,1,1,1,101683,503927,4300,103656,4.66789247471192,0.17060385165483563
4147,0.2224761904761904,0,1,0,101684,503926,4300,103656,4.6678832116788325,0.17060413244632
4148,0.2224999999999999,0,4,0,101688,503922,4300,103656,4.667846159546482,0.17060525562150045
4149,0.2225,18,322,18,102010,503600,4318,103638,4.664863462892289,0.1706711371817969
4150,0.222547619047619,0,1,0,102011,503599,4318,103638,4.664854199859202,0.17067141824361823
4151,0.2225555555555555,0,1,0,102012,503598,4318,103638,4.664844936826114,0.17067169930636525
4152,0.2225714285714285,0,1,0,102013,503597,4318,103638,4.664835673793027,0.17067198037003795
4153,0.2225757575757575,0,2,0,102015,503595,4318,103638,4.664817147726851,0.17067254250016056
4154,0.2225952380952381,0,1,0,102016,503594,4318,103638,4.664807884693764,0.17067282356661045
4155,0.2226190476190476,0,6,0,102022,503588,4318,103638,4.664752306495239,0.1706745099847503
4156,0.2226666666666666,5,30,5,102052,503558,4323,103633,4.664474415502612,0.1706761134470043
4157,0.2227499999999999,0,1,0,102053,503557,4323,103633,4.664465152469525,0.17067639453877698
4158,0.2228333333333333,2,10,2,102063,503547,4325,103631,4.664372522138649,0.17067647378528208
4159,0.2228571428571428,0,19,0,102082,503528,4325,103631,4.664196524509985,0.1706818148129238
4160,0.2229166666666666,0,4,0,102086,503524,4325,103631,4.664159472377635,0.1706829392823908
4161,0.2229523809523809,0,2,0,102088,503522,4325,103631,4.66414094631146,0.17068350152268044
4162,0.2229999999999999,2,5,2,102093,503517,4327,103629,4.664094631146022,0.17068217529226906
4163,0.223,1,47,1,102140,503470,4328,103628,4.663659268590908,0.17069402304076112
4164,0.2230238095238095,0,1,0,102141,503469,4328,103628,4.66365000555782,0.17069430420509407
4165,0.2230357142857142,0,1,0,102142,503468,4328,103628,4.663640742524732,0.17069458537035329
4166,0.2230584415584415,0,2,0,102144,503466,4328,103628,4.663622216458557,0.17069514770365052
4167,0.223095238095238,0,1,0,102145,503465,4328,103628,4.66361295342547,0.1706954288716885
4168,0.2231111111111111,1,0,1,102145,503465,4329,103627,4.66361295342547,0.17069406284385233
4169,0.2231428571428571,0,1,0,102146,503464,4329,103627,4.663603690392382,0.17069434401102965
4170,0.2231666666666666,0,11,0,102157,503453,4329,103627,4.663501797028419,0.1706974369111155
4171,0.2231666666666667,0,1,0,102158,503452,4329,103627,4.663492533995331,0.17069771808940845
4172,0.2232142857142857,0,1,0,102159,503451,4329,103627,4.663483270962244,0.17069799926862775
4173,0.2232857142857142,0,1,0,102160,503450,4329,103627,4.663474007929156,0.1706982804487734
4174,0.2233333333333333,28,556,28,102716,502894,4357,103599,4.658323761532476,0.17081648098164365
4175,0.2233571428571428,0,1,0,102717,502893,4357,103599,4.658314498499388,0.17081676262836112
4176,0.2234166666666666,0,2,0,102719,502891,4357,103599,4.658295972433214,0.17081732592458243
4177,0.2234523809523809,0,8,0,102727,502883,4357,103599,4.658221868168513,0.17081957914661935
4178,0.2234761904761905,0,1,0,102728,502882,4357,103599,4.658212605135425,0.1708198608035536
4179,0.2235,1,26,1,102754,502856,4358,103598,4.657971766275149,0.17082581696220983
4180,0.2235238095238095,0,3,0,102757,502853,4358,103598,4.657943977175886,0.17082666200566904
4181,0.2235357142857142,0,2,0,102759,502851,4358,103598,4.657925451109711,0.17082722537261996
4182,0.2235714285714286,0,9,0,102768,502842,4358,103598,4.657842083811923,0.17082976056988325
4183,0.223579365079365,0,1,0,102769,502841,4358,103598,4.657832820778836,0.17083004226311302
4184,0.2236111111111111,0,1,0,102770,502840,4358,103598,4.657823557745748,0.1708303239572718
4185,0.2236363636363636,1,1,1,102771,502839,4359,103597,4.657814294712661,0.17082923836975378
4186,0.2236538461538461,0,1,0,102772,502838,4359,103597,4.657805031679573,0.17082952006398047
4187,0.2236666666666666,2,14,2,102786,502824,4361,103595,4.657675349216348,0.17083072924825904
4188,0.2236904761904762,0,1,0,102787,502823,4361,103595,4.6576660861832595,0.17083101095284112
4189,0.2237142857142857,0,1,0,102788,502822,4361,103595,4.657656823150172,0.17083129265835226
4190,0.22375,0,9,0,102797,502813,4361,103595,4.6575734558523845,0.17083382804976188
4191,0.2238095238095238,0,4,0,102801,502809,4361,103595,4.657536403720034,0.17083495491454542
4192,0.2238333333333333,1,5,1,102806,502804,4362,103594,4.657490088554597,0.17083499615763903
4193,0.2238888888888889,0,1,0,102807,502803,4362,103594,4.6574808255215085,0.17083527787901326
4194,0.2239999999999999,7,111,7,102918,502692,4369,103587,4.656452628848791,0.17085698168664923
4195,0.224,0,6,0,102924,502686,4369,103587,4.6563970506502645,0.17085867257819498
4196,0.2240277777777777,0,1,0,102925,502685,4369,103587,4.656387787617177,0.17085895439670643
4197,0.224047619047619,1,8,1,102933,502677,4370,103586,4.656313683352477,0.17085984135597918
4198,0.2240555555555555,0,1,0,102934,502676,4370,103586,4.6563044203193895,0.17086012318106694
4199,0.2241071428571428,0,1,0,102935,502675,4370,103586,4.656295157286301,0.1708604050070844
4200,0.2241666666666666,5,90,5,103025,502585,4375,103581,4.655461484308422,0.17087893415335073
4201,0.2241780303030303,0,4,0,103029,502581,4375,103581,4.655424432176072,0.1708800617656666
4202,0.2242222222222221,0,1,0,103030,502580,4375,103581,4.655415169142985,0.17088034367107088
4203,0.2242380952380952,0,2,0,103032,502578,4375,103581,4.655396643076809,0.17088090748466986
4204,0.22425,2,4,2,103036,502574,4377,103579,4.6553595909444585,0.17087929945079872
4205,0.2242857142857142,0,5,0,103041,502569,4377,103579,4.655313275779021,0.17088070900176194
4206,0.2242857142857143,0,9,0,103050,502560,4377,103579,4.655229908481233,0.1708832462520973
4207,0.2243333333333333,2,24,2,103074,502536,4379,103577,4.655007595687132,0.17088727679492108
4208,0.2243809523809524,0,1,0,103075,502535,4379,103577,4.654998332654044,0.17088755873501926
4209,0.2243888888888889,0,2,0,103077,502533,4379,103577,4.654979806587869,0.17088812261800662
4210,0.2244444444444444,0,2,0,103079,502531,4379,103577,4.654961280521694,0.17088868650471534
4211,0.2245,4,9,4,103088,502522,4383,103573,4.654877913223906,0.17088575223356076
4212,0.2245238095238095,0,1,0,103089,502521,4383,103573,4.654868650190818,0.1708860341795167
4213,0.2245714285714285,0,4,0,103093,502517,4383,103573,4.654831598058468,0.17088716197264434
4214,0.2245833333333333,0,5,0,103098,502512,4383,103573,4.65478528289303,0.17088857173498767
4215,0.2246190476190476,0,1,0,103099,502511,4383,103573,4.654776019859943,0.17088885369024756
4216,0.2246666666666666,1,19,1,103118,502492,4384,103572,4.654600022231279,0.1708928430000792
4217,0.2246904761904762,0,3,0,103121,502489,4384,103572,4.654572233132017,0.1708936889191022
4218,0.2247222222222222,0,2,0,103123,502487,4384,103572,4.654553707065841,0.1708942528697701
4219,0.2247499999999999,0,3,0,103126,502484,4384,103572,4.654525917966579,0.1708950988027509
4220,0.2247619047619047,1,3,1,103129,502481,4385,103571,4.654498128867316,0.1708945767029892
4221,0.2248333333333333,2,12,2,103141,502469,4387,103569,4.654386972470266,0.17089522439186983
4222,0.2248571428571428,0,1,0,103142,502468,4387,103569,4.6543777094371785,0.1708955063799735
4223,0.2248809523809524,0,1,0,103143,502467,4387,103569,4.65436844640409,0.1708957883690078
4224,0.2249603174603174,0,3,0,103146,502464,4387,103569,4.654340657304828,0.17089663434169428
4225,0.2249761904761905,2,3,2,103149,502461,4389,103567,4.654312868205565,0.17089474413723457
4226,0.2249999999999999,4,17,4,103166,502444,4393,103563,4.654155396643077,0.17089406558010056
4227,0.225,59,1137,59,104303,501307,4452,103504,4.643623328022528,0.1711344535730997
4228,0.225047619047619,0,2,0,104305,501305,4452,103504,4.643604801956353,0.17113501948549045
4229,0.2250952380952381,0,2,0,104307,501303,4452,103504,4.643586275890177,0.171135585401624
4230,0.2251190476190476,0,4,0,104311,501299,4452,103504,4.6435492237578275,0.17113671724511947
4231,0.2251428571428571,0,1,0,104312,501298,4452,103504,4.643539960724739,0.17113700020833264
4232,0.2251666666666666,0,17,0,104329,501281,4452,103504,4.643382489162251,0.1711418107261258
4233,0.2251904761904762,2,4,2,104333,501277,4454,103502,4.643345437029901,0.1711402016273713
4234,0.2252380952380952,0,3,0,104336,501274,4454,103502,4.643317647930639,0.17114105057078985
4235,0.2252628205128205,1,3,1,104339,501271,4455,103501,4.643289858831376,0.17114052899274437
4236,0.2253030303030303,0,1,0,104340,501270,4455,103501,4.643280595798288,0.17114081197676476
4237,0.2253333333333333,1,24,1,104364,501246,4456,103500,4.643058283004187,0.1711462332946394
4238,0.2253571428571428,0,2,0,104366,501244,4456,103500,4.643039756938012,0.17114679930681412
4239,0.2253611111111111,0,1,0,104367,501243,4456,103500,4.6430304939049245,0.17114708231430542
4240,0.2254166666666666,0,2,0,104369,501241,4456,103500,4.643011967838749,0.1711476483320959
4241,0.2254285714285714,0,1,0,104370,501240,4456,103500,4.643002704805662,0.1711479313423951
4242,0.2254404761904761,0,2,0,104372,501238,4456,103500,4.6429841787394865,0.1711484973658014
4243,0.2254761904761904,0,2,0,104374,501236,4456,103500,4.642965652673311,0.17114906339295163
4244,0.2254761904761905,0,3,0,104377,501233,4456,103500,4.642937863574049,0.17114991244069697
4245,0.2254999999999999,0,3,0,104380,501230,4456,103500,4.642910074474786,0.17115076149686637
4246,0.2255,0,15,0,104395,501215,4456,103500,4.642771128978473,0.17115500690407878
4247,0.2255119047619047,0,1,0,104396,501214,4456,103500,4.642761865945385,0.17115528993871484
4248,0.2255555555555555,0,8,0,104404,501206,4456,103500,4.642687761680684,0.17115755424950307
4249,0.225595238095238,0,1,0,104405,501205,4456,103500,4.642678498647597,0.17115783729256415
4250,0.2255952380952381,0,2,0,104407,501203,4456,103500,4.642659972581422,0.1711584033814947
4251,0.2256666666666666,1,21,1,104428,501182,4457,103499,4.6424654488865835,0.17116297684233506
4252,0.2256666666666667,1,2,1,104430,501180,4458,103498,4.642446922820408,0.1711621722635849
4253,0.2256904761904762,0,2,0,104432,501178,4458,103498,4.642428396754233,0.17116273839213067
4254,0.2257121212121211,0,1,0,104433,501177,4458,103498,4.642419133721146,0.1711630214578079
4255,0.2257142857142856,0,2,0,104435,501175,4458,103498,4.64240060765497,0.1711635875919712
4256,0.2257142857142857,2,11,2,104446,501164,4460,103496,4.642298714291007,0.17116395991135513
4257,0.2257380952380952,0,1,0,104447,501163,4460,103496,4.64228945125792,0.17116424298654284
4258,0.22575,0,1,0,104448,501162,4460,103496,4.642280188224833,0.17116452606266683
4259,0.2257619047619048,0,1,0,104449,501161,4460,103496,4.6422709251917444,0.17116480913972715
4260,0.2258333333333332,0,3,0,104452,501158,4460,103496,4.642243136092482,0.1711656583765261
4261,0.2258333333333333,11,116,11,104568,501042,4471,103485,4.641168624254326,0.17118342108789186
4262,0.2258571428571428,0,1,0,104569,501041,4471,103485,4.641159361221238,0.17118370425755056
4263,0.2259166666666666,0,2,0,104571,501039,4471,103485,4.641140835155063,0.17118427059967842
4264,0.2259523809523809,0,4,0,104575,501035,4471,103485,4.641103783022713,0.17118540329517634
4265,0.225952380952381,0,1,0,104576,501034,4471,103485,4.641094519989625,0.17118568647139296
4266,0.2259999999999999,1,3,1,104579,501031,4472,103484,4.641066730890363,0.171185164966957
4267,0.226,3,125,3,104704,500906,4475,103481,4.639908851754418,0.17121645568154178
4268,0.2260714285714286,0,6,0,104710,500900,4475,103481,4.639853273555893,0.17121815543506497
4269,0.226080808080808,0,1,0,104711,500899,4475,103481,4.639844010522806,0.17121843873059994
4270,0.2261111111111111,0,1,0,104712,500898,4475,103481,4.639834747489718,0.17121872202707242
4271,0.2261587301587301,0,1,0,104713,500897,4475,103481,4.6398254844566305,0.17121900532448237
4272,0.2261666666666666,0,15,0,104728,500882,4475,103481,4.6396865389603175,0.17122325489813242
4273,0.2261904761904761,0,3,0,104731,500879,4475,103481,4.639658749861055,0.17122410483817593
4274,0.2262499999999999,0,1,0,104732,500878,4475,103481,4.639649486827967,0.17122438815339888
4275,0.22625,1,3,1,104735,500875,4476,103480,4.639621697728704,0.17122386676704918
4276,0.2262619047619047,0,2,0,104737,500873,4476,103480,4.639603171662529,0.17122443340233273
4277,0.2263116883116883,0,2,0,104739,500871,4476,103480,4.639584645596354,0.17122500004136668
4278,0.2263333333333333,0,26,0,104765,500845,4476,103480,4.639343806736077,0.1712323666901088
4279,0.2263809523809523,0,1,0,104766,500844,4476,103480,4.63933454370299,0.17123265003541147
4280,0.2263809523809524,0,1,0,104767,500843,4476,103480,4.639325280669903,0.17123293338165185
4281,0.2264166666666666,0,2,0,104769,500841,4476,103480,4.639306754603727,0.17123350007694585
4282,0.2264285714285714,0,1,0,104770,500840,4476,103480,4.63929749157064,0.17123378342599946
4283,0.2264999999999999,1,20,1,104790,500820,4477,103479,4.639112230908889,0.17123807916279854
4284,0.2265238095238095,0,1,0,104791,500819,4477,103479,4.639102967875801,0.17123836252974525
4285,0.2265396825396825,0,2,0,104793,500817,4477,103479,4.639084441809626,0.1712389292664522
4286,0.226595238095238,0,1,0,104794,500816,4477,103479,4.6390751787765385,0.17123921263621245
4287,0.2266190476190475,1,0,1,104794,500816,4478,103478,4.6390751787765385,0.1712378411832651
4288,0.2266190476190476,0,1,0,104795,500815,4478,103478,4.639065915743451,0.1712381245521626
4289,0.2266428571428571,0,1,0,104796,500814,4478,103478,4.639056652710363,0.171238407921998
4290,0.2266666666666666,44,664,44,105460,500150,4522,103434,4.6329059987402275,0.17136637154066378
4291,0.2266666666666667,0,2,0,105462,500148,4522,103434,4.632887472674052,0.17136693937194947
4292,0.2267261904761904,0,1,0,105463,500147,4522,103434,4.632878209640965,0.17136722328900347
4293,0.2267777777777777,0,1,0,105464,500146,4522,103434,4.632868946607878,0.17136750720699825
4294,0.2267857142857143,0,1,0,105465,500145,4522,103434,4.6328596835747895,0.1713677911259338
4295,0.2268333333333333,0,13,0,105478,500132,4522,103434,4.632739264144652,0.17137148215770934
4296,0.2268809523809523,0,4,0,105482,500128,4522,103434,4.632702212012301,0.17137261789178246
4297,0.2268888888888889,0,1,0,105483,500127,4522,103434,4.632692948979214,0.17137290182765288
4298,0.2269047619047619,0,2,0,105485,500125,4522,103434,4.6326744229130385,0.17137346970221634
4299,0.2269523809523809,0,1,0,105486,500124,4522,103434,4.632665159879951,0.1713737536409094
4300,0.2269999999999999,2,36,2,105522,500088,4524,103432,4.632331690688799,0.171381230116649
4301,0.227,0,7,0,105529,500081,4524,103432,4.632266849457186,0.17138321792571162
4302,0.227047619047619,0,1,0,105530,500080,4524,103432,4.632257586424099,0.17138350190219911
4303,0.2270541125541125,0,3,0,105533,500077,4524,103432,4.632229797324836,0.17138435383730816
4304,0.2270714285714285,0,1,0,105534,500076,4524,103432,4.632220534291749,0.17138463781756
4305,0.2270833333333333,0,2,0,105536,500074,4524,103432,4.6322020082255735,0.171385205780887
4306,0.2270934065934066,0,1,0,105537,500073,4524,103432,4.632192745192486,0.1713854897639622
4307,0.2271428571428571,2,9,2,105546,500064,4526,103430,4.632109377894698,0.17138529960529847
4308,0.2271666666666666,0,4,0,105550,500060,4526,103430,4.632072325762348,0.1713864355664551
4309,0.2272222222222222,0,1,0,105551,500059,4526,103430,4.6320630627292605,0.17138671955909718
4310,0.2272619047619047,0,2,0,105553,500057,4526,103430,4.632044536663085,0.17138728754720484
4311,0.2272777777777777,0,1,0,105554,500056,4526,103430,4.632035273629997,0.17138757154267042
4312,0.2273333333333333,3,41,3,105595,500015,4529,103427,4.631655489273408,0.17139509679472095
4313,0.2273333333333334,0,3,0,105598,500012,4529,103427,4.631627700174145,0.17139594888630003
4314,0.2273809523809523,1,3,1,105601,500009,4530,103426,4.631599911074883,0.17139542784226966
4315,0.2274285714285714,1,0,1,105601,500009,4531,103425,4.631599911074883,0.17139405469363675
4316,0.2274523809523809,0,1,0,105602,500008,4531,103425,4.6315906480417945,0.1713943387252603
4317,0.2274980158730159,0,2,0,105604,500006,4531,103425,4.63157212197562,0.17139490679133157
4318,0.2274999999999999,1,5,1,105609,500001,4532,103424,4.631525806810182,0.17139495380536107
4319,0.2275,21,309,21,105918,499692,4553,103403,4.628663529586127,0.17145391687876702
4320,0.2276190476190475,0,1,0,105919,499691,4553,103403,4.62865426655304,0.17145420116930363
4321,0.2276190476190476,0,2,0,105921,499689,4553,103403,4.628635740486865,0.17145476975320514
4322,0.2276428571428571,0,1,0,105922,499688,4553,103403,4.6286264774537775,0.17145505404657008
4323,0.2276666666666666,1,21,1,105943,499667,4554,103402,4.6284319537589385,0.17145965055408252
4324,0.2276904761904762,0,1,0,105944,499666,4554,103402,4.628422690725851,0.17145993486638322
4325,0.2277380952380952,0,1,0,105945,499665,4554,103402,4.628413427692764,0.1714602191796268
4326,0.2277499999999999,1,0,1,105945,499665,4555,103401,4.628413427692764,0.17145884530051436
4327,0.2277777777777777,0,1,0,105946,499664,4555,103401,4.628404164659676,0.17145912961289414
4328,0.2278333333333333,0,11,0,105957,499653,4555,103401,4.628302271295713,0.17146225711130347
4329,0.2278571428571428,0,6,0,105963,499647,4555,103401,4.6282466930971875,0.17146396306761652
4330,0.2279166666666666,0,4,0,105967,499643,4555,103401,4.628209640964838,0.1714651003906846
4331,0.2279761904761905,0,1,0,105968,499642,4555,103401,4.6282003779317495,0.1714653847238091
4332,0.2279999999999999,0,6,0,105974,499636,4555,103401,4.628144799733224,0.17146709074235908
4333,0.228,8,93,8,106067,499543,4563,103393,4.627283337656082,0.17148254541112157
4334,0.2280555555555555,0,1,0,106068,499542,4563,103393,4.627274074622995,0.1714828298241104
4335,0.2280595238095237,1,4,1,106072,499538,4564,103392,4.627237022490644,0.17148259333587648
4336,0.2280833333333333,0,2,0,106074,499536,4564,103392,4.62721849642447,0.17148316216861714
4337,0.2280952380952381,0,2,0,106076,499534,4564,103392,4.627199970358294,0.17148373100513165
4338,0.2281428571428571,0,1,0,106077,499533,4564,103392,4.627190707325207,0.17148401542480407
4339,0.2281666666666666,0,7,0,106084,499526,4564,103392,4.627125866093594,0.17148600638892852
4340,0.2281666666666667,0,2,0,106086,499524,4564,103392,4.627107340027418,0.17148657524431263
4341,0.2281825396825397,0,2,0,106088,499522,4564,103392,4.627088813961244,0.17148714410347082
4342,0.2282142857142857,0,3,0,106091,499519,4564,103392,4.627061024861981,0.17148799739928447
4343,0.2282222222222222,0,1,0,106092,499518,4564,103392,4.627051761828893,0.1714882818331094
4344,0.2282499999999999,0,2,0,106094,499516,4564,103392,4.627033235762718,0.17148885070358993
4345,0.2283333333333332,0,1,0,106095,499515,4564,103392,4.6270239727296305,0.1714891351402455
4346,0.2283333333333333,20,353,20,106448,499162,4584,103372,4.623754122049724,0.17156210271951458
4347,0.2283809523809523,0,1,0,106449,499161,4584,103372,4.623744859016637,0.1715623874542971
4348,0.2284166666666666,0,4,0,106453,499157,4584,103372,4.623707806884286,0.17156352640287853
4349,0.2284523809523809,1,2,1,106455,499155,4585,103371,4.623689280818111,0.1715627209448223
4350,0.2285,2,19,2,106474,499136,4587,103369,4.623513283189448,0.17156538120015602
4351,0.2285277777777777,0,1,0,106475,499135,4587,103369,4.62350402015636,0.17156566595408496
4352,0.2285357142857143,1,5,1,106480,499130,4588,103368,4.623457704990922,0.1715657147409618
4353,0.2285714285714285,0,9,0,106489,499121,4588,103368,4.623374337693134,0.17156827759510962
4354,0.2285833333333333,0,2,0,106491,499119,4588,103368,4.6233558116269595,0.17156884712865172
4355,0.2286111111111111,0,1,0,106492,499118,4588,103368,4.623346548593871,0.17156913189684075
4356,0.2286190476190476,0,2,0,106494,499116,4588,103368,4.623328022527696,0.17156970143605474
4357,0.2286363636363636,0,1,0,106495,499115,4588,103368,4.623318759494609,0.1715699862070797
4358,0.2286388888888888,0,2,0,106497,499113,4588,103368,4.623300233428433,0.17157055575196561
4359,0.2286666666666666,1,27,1,106524,499086,4589,103367,4.62305013153507,0.17157686989690482
4360,0.2287261904761905,0,1,0,106525,499085,4589,103367,4.623040868501982,0.17157715469448187
4361,0.22875,0,6,0,106531,499079,4589,103367,4.622985290303457,0.17157886349979914
4362,0.2288095238095238,1,4,1,106535,499075,4590,103366,4.622948238171107,0.17157862761664627
4363,0.2288145743145743,0,2,0,106537,499073,4590,103366,4.6229297121049315,0.171579197229927
4364,0.2288333333333333,0,4,0,106541,499069,4590,103366,4.622892659972582,0.17158033646783472
4365,0.2288571428571428,0,1,0,106542,499068,4590,103366,4.622883396939494,0.17158062127967544
4366,0.2288888888888889,0,2,0,106544,499066,4590,103366,4.622864870873319,0.17158119090619356
4367,0.2289166666666666,0,1,0,106545,499065,4590,103366,4.622855607840231,0.17158147572087093
4368,0.2289614845938375,0,1,0,106546,499064,4590,103366,4.622846344807144,0.17158176053649388
4369,0.2289682539682539,0,2,0,106548,499062,4590,103366,4.622827818740968,0.1715823301705764
4370,0.2289761904761905,0,1,0,106549,499061,4590,103366,4.622818555707881,0.17158261498903601
4371,0.2289999999999999,5,73,5,106622,498988,4595,103361,4.62214235429249,0.1715965329070024
4372,0.229,0,9,0,106631,498979,4595,103361,4.622058986994702,0.17159909685559652
4373,0.2290079365079365,0,1,0,106632,498978,4595,103361,4.622049723961614,0.17159938174350325
4374,0.2290238095238095,1,0,1,106632,498978,4596,103360,4.622049723961614,0.17159800643492523
4375,0.229047619047619,0,2,0,106634,498976,4596,103360,4.6220311978954385,0.17159857620995592
4376,0.2290714285714286,0,1,0,106635,498975,4596,103360,4.622021934862351,0.17159886109889017
4377,0.229095238095238,0,5,0,106640,498970,4596,103360,4.621975619696913,0.17160028555775073
4378,0.2290952380952381,0,2,0,106642,498968,4596,103360,4.621957093630739,0.17160085534791675
4379,0.2291071428571428,0,1,0,106643,498967,4596,103360,4.621947830597651,0.17160114024441872
4380,0.2291190476190476,0,1,0,106644,498966,4596,103360,4.6219385675645634,0.1716014251418667
4381,0.2291666666666666,6,116,6,106760,498850,4602,103354,4.620864055726407,0.17162622632861954
4382,0.2292857142857142,0,5,0,106765,498845,4602,103354,4.62081774056097,0.17162765132456215
4383,0.2292857142857143,1,8,1,106773,498837,4603,103353,4.620743636296269,0.17162855577143427
4384,0.2293333333333333,4,40,4,106813,498797,4607,103349,4.620373114972766,0.17163445410249342
4385,0.2293571428571428,0,2,0,106815,498795,4607,103349,4.620354588906592,0.17163502418026252
4386,0.2293809523809524,0,1,0,106816,498794,4607,103349,4.620345325873504,0.17163530922056722
4387,0.2294285714285714,0,1,0,106817,498793,4607,103349,4.620336062840416,0.17163559426181865
4388,0.2294444444444444,0,6,0,106823,498787,4607,103349,4.620280484641891,0.17163730452920936
4389,0.2294999999999999,1,18,1,106841,498769,4608,103348,4.620113750046315,0.17164105979402675
4390,0.2295,0,3,0,106844,498766,4608,103348,4.620085960947052,0.17164191498619863
4391,0.2295209235209234,0,2,0,106846,498764,4608,103348,4.620067434880878,0.17164248511904762
4392,0.2295238095238095,1,5,1,106851,498759,4609,103347,4.62002111971544,0.1716425347031918
4393,0.2295454545454545,0,1,0,106852,498758,4609,103347,4.6200118566823525,0.1716428197739597
4394,0.2295555555555555,0,1,0,106853,498757,4609,103347,4.620002593649264,0.1716431048456745
4395,0.2295833333333333,0,5,0,106858,498752,4609,103347,4.619956278483826,0.17164453021845244
4396,0.2296073762838469,0,1,0,106859,498751,4609,103347,4.619947015450739,0.17164481529584885
4397,0.2296111111111111,0,1,0,106860,498750,4609,103347,4.619937752417652,0.1716451003741922
4398,0.2296190476190475,0,3,0,106863,498747,4609,103347,4.619909963318389,0.17164595561490398
4399,0.2296313131313131,1,7,1,106870,498740,4610,103346,4.619845122086776,0.1716465754061712
4400,0.2296428571428571,0,2,0,106872,498738,4610,103346,4.619826596020601,0.17164714558101526
4401,0.2296666666666666,2,21,2,106893,498717,4612,103344,4.6196320723257625,0.17165038094146606
4402,0.2297142857142857,0,5,0,106898,498712,4612,103344,4.6195857571603245,0.17165180647647396
4403,0.2297182539682538,0,6,0,106904,498706,4612,103344,4.619530178961799,0.1716535171497384
4404,0.2297301587301587,0,1,0,106905,498705,4612,103344,4.619520915928712,0.1716538022652641
4405,0.2297619047619047,0,5,0,106910,498700,4612,103344,4.619474600763274,0.17165522785710013
4406,0.2298333333333333,0,1,0,106911,498699,4612,103344,4.619465337730186,0.17165551297830886
4407,0.2298571428571428,0,3,0,106914,498696,4612,103344,4.619437548630923,0.1716563683476181
4408,0.2298737373737373,0,1,0,106915,498695,4612,103344,4.619428285597836,0.17165665347261555
4409,0.2298809523809523,0,1,0,106916,498694,4612,103344,4.619419022564749,0.1716569385985602
4410,0.2299285714285714,0,3,0,106919,498691,4612,103344,4.619391233465486,0.17165779398207745
4411,0.2299999999999999,2,18,2,106937,498673,4614,103342,4.61922449886991,0.17166017458036759
4412,0.23,177,3442,177,110379,495231,4791,103165,4.5873411389825485,0.1724025561668193
4413,0.230047619047619,0,2,0,110381,495229,4791,103165,4.587322612916373,0.17240313238434876
4414,0.2300714285714285,0,1,0,110382,495228,4791,103165,4.587313349883286,0.17240342049455792
4415,0.2300833333333333,0,1,0,110383,495227,4791,103165,4.587304086850199,0.17240370860573
4416,0.2300952380952381,0,1,0,110384,495226,4791,103165,4.5872948238171105,0.17240399671786508
4417,0.2301190476190475,0,1,0,110385,495225,4791,103165,4.587285560784023,0.1724042848309631
4418,0.2301190476190476,0,2,0,110387,495223,4791,103165,4.587267034717848,0.172404861060048
4419,0.2301428571428571,0,1,0,110388,495222,4791,103165,4.587257771684761,0.17240514917603492
4420,0.2301666666666666,1,11,1,110399,495211,4792,103164,4.5871558783207975,0.17240693545017757
4421,0.2301904761904762,0,3,0,110402,495208,4792,103164,4.587128089221535,0.17240779983020596
4422,0.2302063492063492,0,1,0,110403,495207,4792,103164,4.587118826188447,0.17240808795880816
4423,0.2302142857142856,1,2,1,110405,495205,4793,103163,4.587100300122272,0.17240728113802878
4424,0.2302380952380952,0,1,0,110406,495204,4793,103163,4.587091037089184,0.17240756926769024
4425,0.2303095238095237,0,1,0,110407,495203,4793,103163,4.587081774056097,0.17240785739831474
4426,0.2303333333333333,0,24,0,110431,495179,4793,103163,4.586859461261995,0.1724147728222321
4427,0.2303571428571428,0,2,0,110433,495177,4793,103163,4.586840935195821,0.1724153491326002
4428,0.2304166666666666,0,3,0,110436,495174,4793,103163,4.586813146096558,0.17241621360537623
4429,0.2304166666666667,0,2,0,110438,495172,4793,103163,4.586794620030383,0.17241678992537626
4430,0.2304285714285714,1,0,1,110438,495172,4794,103162,4.586794620030383,0.17241540677949105
4431,0.2304761904761904,0,5,0,110443,495167,4794,103162,4.586748304864945,0.172416847587197
4432,0.2304999999999999,0,1,0,110444,495166,4794,103162,4.586739041831858,0.17241713575162787
4433,0.2305,1,10,1,110454,495156,4795,103161,4.586646411500982,0.1724186342691249
4434,0.2305119047619047,0,1,0,110455,495155,4795,103161,4.5866371484678945,0.17241892244232146
4435,0.230547619047619,1,0,1,110455,495155,4796,103160,4.5866371484678945,0.17241753925607747
4436,0.230595238095238,0,1,0,110456,495154,4796,103160,4.586627885434806,0.17241782742840717
4437,0.2305952380952381,0,3,0,110459,495151,4796,103160,4.586600096335544,0.1724186919511759
4438,0.2306666666666666,3,33,3,110492,495118,4799,103157,4.586294416243655,0.1724240524842255
4439,0.2306666666666667,0,2,0,110494,495116,4799,103157,4.58627589017748,0.1724246288901555
4440,0.2306904761904762,0,1,0,110495,495115,4799,103157,4.586266627144393,0.17242491709456567
4441,0.2307142857142857,0,9,0,110504,495106,4799,103157,4.586183259846604,0.17242751097761352
4442,0.2307548423798423,0,3,0,110507,495103,4799,103157,4.586155470747341,0.172428375622639
4443,0.2307619047619047,0,1,0,110508,495102,4799,103157,4.586146207714254,0.1724286638395745
4444,0.2307698412698413,0,1,0,110509,495101,4799,103157,4.586136944681167,0.17242895205747352
4445,0.2307857142857143,0,1,0,110510,495100,4799,103157,4.586127681648079,0.17242924027633608
4446,0.2308015873015872,0,1,0,110511,495099,4799,103157,4.5861184186149915,0.17242952849616217
4447,0.2308333333333333,7,121,7,110632,494978,4806,103150,4.584997591611398,0.1724547254099457
4448,0.2308571428571428,0,1,0,110633,494977,4806,103150,4.5849883285783095,0.17245501373454133
4449,0.2309285714285714,0,1,0,110634,494976,4806,103150,4.584979065545222,0.17245530206010104
4450,0.2309523809523809,0,6,0,110640,494970,4806,103150,4.584923487346697,0.1724570320337056
4451,0.2309999999999999,1,3,1,110643,494967,4807,103149,4.5848956982474345,0.17245651345224003
4452,0.231,3,57,3,110700,494910,4810,103146,4.584367705361443,0.17246879890846342
4453,0.2310238095238094,0,1,0,110701,494909,4810,103146,4.584358442328356,0.17246908729130264
4454,0.2310238095238095,0,2,0,110703,494907,4810,103146,4.584339916262181,0.1724696640598743
4455,0.231047619047619,0,1,0,110704,494906,4810,103146,4.5843306532290935,0.17246995244560673
4456,0.231063492063492,0,1,0,110705,494905,4810,103146,4.584321390196005,0.1724702408323036
4457,0.2310714285714285,0,1,0,110706,494904,4810,103146,4.584312127162918,0.1724705292199649
4458,0.2311428571428571,0,1,0,110707,494903,4810,103146,4.584302864129831,0.1724708176085906
4459,0.2311666666666666,0,7,0,110714,494896,4810,103146,4.584238022898218,0.172472836355975
4460,0.2311904761904761,0,1,0,110715,494895,4810,103146,4.58422875986513,0.17247312475231633
4461,0.2311904761904762,0,1,0,110716,494894,4810,103146,4.584219496832043,0.1724734131496221
4462,0.2312261904761905,0,1,0,110717,494893,4810,103146,4.584210233798955,0.17247370154789235
4463,0.23125,0,4,0,110721,494889,4810,103146,4.584173181666605,0.17247485515061828
4464,0.2312857142857142,0,1,0,110722,494888,4810,103146,4.584163918633517,0.172475143553711
4465,0.2312857142857143,0,1,0,110723,494887,4810,103146,4.58415465560043,0.1724754319577682
4466,0.2313095238095238,0,2,0,110725,494885,4810,103146,4.584136129534254,0.1724760087687762
4467,0.2313333333333333,1,31,1,110756,494854,4811,103145,4.58384897550854,0.17248356602603016
4468,0.2313809523809523,0,2,0,110758,494852,4811,103145,4.583830449442366,0.17248414289703795
4469,0.2313888888888889,0,1,0,110759,494851,4811,103145,4.583821186409278,0.17248443133398886
4470,0.2314166666666666,0,1,0,110760,494850,4811,103145,4.5838119233761905,0.17248471977190444
4471,0.2314285714285714,0,10,0,110770,494840,4811,103145,4.583719293045315,0.17248760420411882
4472,0.2314999999999999,1,29,1,110799,494811,4812,103144,4.583450665085776,0.17249458571297172
4473,0.2315,0,2,0,110801,494809,4812,103144,4.5834321390196004,0.17249516266328624
4474,0.231547619047619,0,3,0,110804,494806,4812,103144,4.583404349920338,0.17249602809599465
4475,0.2315833333333333,1,1,1,110805,494805,4813,103143,4.583395086887251,0.17249493266973048
4476,0.2316190476190476,0,1,0,110806,494804,4813,103143,4.5833858238541625,0.17249522114836266
4477,0.2316428571428571,0,2,0,110808,494802,4813,103143,4.583367297787988,0.1724957981085217
4478,0.2316666666666666,10,158,10,110966,494644,4823,103133,4.581903738560154,0.17252754789829652
4479,0.2316666666666667,11,179,11,111145,494465,4834,103122,4.580245655637482,0.1725639948660195
4480,0.2317142857142857,0,2,0,111147,494463,4834,103122,4.580227129571306,0.1725645724039258
4481,0.2317222222222222,0,1,0,111148,494462,4834,103122,4.580217866538219,0.17256486117432862
4482,0.2317499999999999,0,2,0,111150,494460,4834,103122,4.580199340472044,0.17256543871803368
4483,0.2317857142857142,0,1,0,111151,494459,4834,103122,4.580190077438957,0.1725657274913359
4484,0.2317857142857143,0,2,0,111153,494457,4834,103122,4.580171551372781,0.17256630504083978
4485,0.2318333333333333,0,17,0,111170,494440,4834,103122,4.580014079810293,0.17257121436771414
4486,0.2319047619047619,0,7,0,111177,494433,4834,103122,4.57994923857868,0.172573235936441
4487,0.2319090909090908,0,3,0,111180,494430,4834,103122,4.579921449479418,0.17257410233753714
4488,0.2319166666666666,0,2,0,111182,494428,4834,103122,4.5799029234132425,0.172574679943101
4489,0.2319444444444444,0,3,0,111185,494425,4834,103122,4.57987513431398,0.17257554635869646
4490,0.2319999999999999,2,63,2,111248,494362,4836,103120,4.5792915632294635,0.1725909734519199
4491,0.232,0,3,0,111251,494359,4836,103120,4.579263774130201,0.17259184004793474
4492,0.2320238095238095,1,0,1,111251,494359,4837,103119,4.579263774130201,0.1725904552134137
4493,0.232047619047619,0,1,0,111252,494358,4837,103119,4.579254511097114,0.17259074407885158
4494,0.2320595238095238,0,1,0,111253,494357,4837,103119,4.579245248064026,0.17259103294525638
4495,0.2320833333333333,2,4,2,111257,494353,4839,103117,4.579208195931676,0.17258941871558406
4496,0.2321428571428571,0,5,0,111262,494348,4839,103117,4.579161880766238,0.1725908630631083
4497,0.2321666666666666,0,1,0,111263,494347,4839,103117,4.5791526177331505,0.1725911519355141
4498,0.2321666666666667,0,4,0,111267,494343,4839,103117,4.579115565600801,0.17259230743480736
4499,0.2322077922077922,0,2,0,111269,494341,4839,103117,4.579097039534625,0.17259288519025606
4500,0.2322142857142857,0,1,0,111270,494340,4839,103117,4.579087776501538,0.17259317406943095
4501,0.2322619047619047,0,3,0,111273,494337,4839,103117,4.579059987402275,0.1725940407127578
4502,0.2322857142857143,0,2,0,111275,494335,4839,103117,4.5790414613361,0.17259461847981092
4503,0.2323333333333333,2,25,2,111300,494310,4841,103115,4.578809885508911,0.17259907101309788
4504,0.2323333333333334,1,1,1,111301,494309,4842,103114,4.578800622475823,0.1725979749691592
4505,0.2323571428571428,0,2,0,111303,494307,4842,103114,4.578782096409649,0.17259855277936328
4506,0.2323809523809523,0,4,0,111307,494303,4842,103114,4.578745044277298,0.17259970841137764
4507,0.2323809523809524,0,1,0,111308,494302,4842,103114,4.578735781244211,0.1725999973217992
4508,0.2324047619047619,1,1,1,111309,494301,4843,103113,4.578726518211123,0.17259890126444977
4509,0.2324267399267399,0,1,0,111310,494300,4843,103113,4.578717255178035,0.17259919017497108
4510,0.2324404761904761,0,1,0,111311,494299,4843,103113,4.578707992144948,0.1725994790864596
4511,0.2324404761904762,0,2,0,111313,494297,4843,103113,4.578689466078773,0.17260005691233826
4512,0.2324761904761904,1,0,1,111313,494297,4844,103112,4.578689466078773,0.17259867193162473
4513,0.2324999999999999,0,4,0,111317,494293,4844,103112,4.578652413946423,0.1725998275876499
4514,0.2325,14,312,14,111629,493981,4858,103098,4.5757623476231055,0.17267061812590964
4515,0.2325833333333333,0,1,0,111630,493980,4858,103098,4.575753084590018,0.1726709073186418
4516,0.2326190476190476,0,2,0,111632,493978,4858,103098,4.575734558523843,0.17267148570701218
4517,0.2326666666666666,2,22,2,111654,493956,4860,103096,4.575530771795917,0.1726750768777259
4518,0.2326666666666667,0,9,0,111663,493947,4860,103096,4.575447404498129,0.17267767983210588
4519,0.2326904761904762,0,1,0,111664,493946,4860,103096,4.575438141465042,0.1726779690541034
4520,0.2327777777777777,0,3,0,111667,493943,4860,103096,4.575410352365779,0.17267883672590903
4521,0.2327857142857143,0,2,0,111669,493941,4860,103096,4.575391826299604,0.17267941517862376
4522,0.232797619047619,0,1,0,111670,493940,4860,103096,4.575382563266516,0.17267970440643446
4523,0.2328095238095238,0,1,0,111671,493939,4860,103096,4.575373300233428,0.17267999363521402
4524,0.2328333333333333,1,7,1,111678,493932,4861,103095,4.575308459001816,0.17268063253420698
4525,0.2328571428571428,1,7,1,111685,493925,4862,103094,4.5752436177702025,0.17268127145032236
4526,0.2329166666666666,0,4,0,111689,493921,4862,103094,4.575206565637853,0.17268242841469644
4527,0.2329523809523809,0,3,0,111692,493918,4862,103094,4.57517877653859,0.17268329614815112
4528,0.2329761904761905,0,2,0,111694,493916,4862,103094,4.575160250472415,0.1726838746419658
4529,0.2329999999999999,1,7,1,111701,493909,4863,103093,4.575095409240801,0.17268451361971987
4530,0.233,2,31,2,111732,493878,4865,103091,4.574808255215087,0.17269070923280774
4531,0.2330238095238095,1,0,1,111732,493878,4866,103090,4.574808255215087,0.17268932338081774
4532,0.2330833333333333,0,2,0,111734,493876,4866,103090,4.574789729148913,0.17268990193746378
4533,0.2330952380952381,0,1,0,111735,493875,4866,103090,4.574780466115825,0.17269019121724055
4534,0.2331049783549783,0,1,0,111736,493874,4866,103090,4.574771203082737,0.17269048049798646
4535,0.2331428571428571,0,1,0,111737,493873,4866,103090,4.57476194004965,0.1726907697797016
4536,0.2331666666666666,0,6,0,111743,493867,4866,103090,4.574706361851124,0.1726925054903452
4537,0.2332142857142857,0,2,0,111745,493865,4866,103090,4.57468783578495,0.17269308406831335
4538,0.2332857142857143,0,1,0,111746,493864,4866,103090,4.5746785727518615,0.17269337335875126
4539,0.2333095238095238,0,1,0,111747,493863,4866,103090,4.574669309718774,0.1726936626501584
4540,0.2333333333333332,0,2,0,111749,493861,4866,103090,4.574650783652599,0.17269424123588034
4541,0.2333333333333333,37,635,37,112384,493226,4903,103053,4.568768757642002,0.172826814293309
4542,0.2333809523809523,3,0,3,112384,493226,4906,103050,4.568768757642002,0.17282265259711946
4543,0.2334523809523809,0,1,0,112385,493225,4906,103050,4.568759494608915,0.17282294243427948
4544,0.2334795204795204,0,3,0,112388,493222,4906,103050,4.568731705509652,0.17282381195159255
4545,0.2334999999999999,0,1,0,112389,493221,4906,103050,4.568722442476565,0.17282410179264127
4546,0.2335,2,18,2,112407,493203,4908,103048,4.568555707880988,0.1728265445257115
4547,0.2335238095238095,0,2,0,112409,493201,4908,103048,4.568537181814813,0.1728271242383635
4548,0.2335324675324675,0,1,0,112410,493200,4908,103048,4.568527918781726,0.1728274140961479
4549,0.2335555555555555,0,1,0,112411,493199,4908,103048,4.568518655748639,0.1728277039549046
4550,0.2335714285714285,2,1,2,112412,493198,4910,103046,4.5685093927155505,0.17282521920556013
4551,0.233579365079365,0,2,0,112414,493196,4910,103046,4.568490866649376,0.1728257989205725
4552,0.233595238095238,0,1,0,112415,493195,4910,103046,4.568481603616288,0.17282608877953715
4553,0.2336071428571428,0,2,0,112417,493193,4910,103046,4.568463077550113,0.17282666850038322
4554,0.2336428571428571,0,1,0,112418,493192,4910,103046,4.568453814517025,0.17282695836226472
4555,0.2336666666666666,2,17,2,112435,493175,4912,103044,4.568296342954537,0.17282911145065824
4556,0.2336666666666667,0,1,0,112436,493174,4912,103044,4.56828707992145,0.1728294013263605
4557,0.2336904761904761,0,3,0,112439,493171,4912,103044,4.568259290822187,0.1728302709593016
4558,0.2336904761904762,0,2,0,112441,493169,4912,103044,4.568240764756012,0.17283085071945764
4559,0.2337121212121212,0,1,0,112442,493168,4912,103044,4.5682315017229245,0.17283114060099428
4560,0.2337142857142857,0,3,0,112445,493165,4912,103044,4.568203712623662,0.17283201025143868
4561,0.23375,1,9,1,112454,493156,4913,103043,4.568120345325873,0.17283323185714836
4562,0.2337619047619047,0,1,0,112455,493155,4913,103043,4.568111082292786,0.1728335217494859
4563,0.2338095238095238,0,3,0,112458,493152,4913,103043,4.568083293193523,0.17283439143233337
4564,0.2338333333333333,0,20,0,112478,493132,4913,103043,4.567898032531772,0.17284018954166142
4565,0.2338571428571428,0,3,0,112481,493129,4913,103043,4.56787024343251,0.17284105929161384
4566,0.2338888888888889,0,3,0,112484,493126,4913,103043,4.567842454333247,0.17284192905031961
4567,0.2339285714285714,1,4,1,112488,493122,4914,103042,4.5678054022008965,0.17284170127682988
4568,0.2339999999999999,7,126,7,112614,492996,4921,103035,4.566638260031865,0.17286852529482527
4569,0.234,0,3,0,112617,492993,4921,103035,4.566610470932602,0.17286939539753166
4570,0.234047619047619,1,3,1,112620,492990,4922,103034,4.5665826818333395,0.17286887776331156
4571,0.2340714285714285,0,1,0,112621,492989,4922,103034,4.566573418800252,0.17286916780057146
4572,0.2340909090909091,0,1,0,112622,492988,4922,103034,4.566564155767164,0.1728694578388046
4573,0.2341428571428571,0,1,0,112623,492987,4922,103034,4.566554892734077,0.17286974787801102
4574,0.2341666666666666,2,70,2,112693,492917,4924,103032,4.565906480417948,0.17288727726701447
4575,0.2341666666666667,4,45,4,112738,492872,4928,103028,4.565489643929008,0.1728947810035241
4576,0.2342222222222222,0,1,0,112739,492871,4928,103028,4.56548038089592,0.17289507114460673
4577,0.2342738095238095,0,1,0,112740,492870,4928,103028,4.565471117862833,0.17289536128666316
4578,0.2342777777777777,0,1,0,112741,492869,4928,103028,4.565461854829746,0.17289565142969338
4579,0.2342820512820513,0,2,0,112743,492867,4928,103028,4.56544332876357,0.17289623171867527
4580,0.2342857142857142,1,4,1,112747,492863,4929,103027,4.5654062766312205,0.17289600429609492
4581,0.2342857142857143,0,10,0,112757,492853,4929,103027,4.5653136463003445,0.17289890581996376
4582,0.2343333333333333,1,26,1,112783,492827,4930,103026,4.565072807440068,0.1729050621545918
4583,0.2343809523809523,0,1,0,112784,492826,4930,103026,4.56506354440698,0.17290535233581494
4584,0.2344166666666666,0,1,0,112785,492825,4930,103026,4.565054281373893,0.17290564251801205
4585,0.2344281257957728,0,1,0,112786,492824,4930,103026,4.565045018340806,0.17290593270118318
4586,0.2344285714285714,0,2,0,112788,492822,4930,103026,4.56502649227463,0.1729065130704475
4587,0.2344372294372294,0,2,0,112790,492820,4930,103026,4.565007966208455,0.1729070934436079
4588,0.2344444444444444,0,2,0,112792,492818,4930,103026,4.564989440142281,0.17290767382066446
4589,0.234484126984127,0,3,0,112795,492815,4930,103026,4.564961651043017,0.17290854439355466
4590,0.2344999999999999,0,1,0,112796,492814,4930,103026,4.56495238800993,0.17290883458646616
4591,0.2345,2,18,2,112814,492796,4932,103024,4.564785653414354,0.17291128193078448
4592,0.2345238095238095,0,2,0,112816,492794,4932,103024,4.564767127348179,0.17291186234722683
4593,0.2345454545454545,0,1,0,112817,492793,4932,103024,4.564757864315092,0.17291215255690925
4594,0.2345833333333333,1,3,1,112820,492790,4933,103023,4.564730075215829,0.17291163502642606
4595,0.2345952380952381,0,1,0,112821,492789,4933,103023,4.564720812182741,0.17291192523816237
4596,0.2346190476190476,1,4,1,112825,492785,4934,103022,4.564683760050391,0.17291169791560018
4597,0.2346428571428571,0,4,0,112829,492781,4934,103022,4.56464670791804,0.17291285878050294
4598,0.2346666666666666,0,7,0,112836,492774,4934,103022,4.564581866686428,0.17291489033159002
4599,0.2346666666666667,0,22,0,112858,492752,4934,103022,4.564378079958502,0.17292127551722633
4600,0.2346904761904761,0,2,0,112860,492750,4934,103022,4.564359553892326,0.17292185601203144
4601,0.2347146464646464,0,1,0,112861,492749,4934,103022,4.564350290859239,0.17292214626089555
4602,0.23475,0,2,0,112863,492747,4934,103022,4.564331764793064,0.17292272676154685
4603,0.2347777777777777,0,1,0,112864,492746,4934,103022,4.5643225017599764,0.17292301701333404
4604,0.2348333333333333,1,12,1,112876,492734,4935,103021,4.564211345362926,0.1729251118328843
4605,0.2348571428571428,0,1,0,112877,492733,4935,103021,4.564202082329838,0.17292540209549578
4606,0.2348809523809524,0,1,0,112878,492732,4935,103021,4.564192819296751,0.1729256923590817
4607,0.2349166666666666,1,1,1,112879,492731,4936,103020,4.564183556263663,0.17292459433555293
4608,0.2349999999999999,1,16,1,112895,492715,4937,103019,4.564035347734262,0.17292785034931699
4609,0.235,78,1239,78,114134,491476,5015,102941,4.5525584497387825,0.17317977110345095
4610,0.2350119047619047,0,1,0,114135,491475,5015,102941,4.552549186705695,0.17318006244784798
4611,0.2350952380952381,0,1,0,114136,491474,5015,102941,4.552539923672607,0.17318035379322527
4612,0.2351190476190476,1,2,1,114138,491472,5016,102940,4.552521397606432,0.1731795455004273
4613,0.2351422495633021,0,2,0,114140,491470,5016,102940,4.552502871540257,0.17318012819434397
4614,0.2351666666666666,0,9,0,114149,491461,5016,102940,4.5524195042424696,0.173182750365494
4615,0.2351666666666667,0,4,0,114153,491457,5016,102940,4.552382452110119,0.17318391580038256
4616,0.2351785714285714,0,2,0,114155,491455,5016,102940,4.5523639260439435,0.17318449852370899
4617,0.2352142857142857,0,4,0,114159,491451,5016,102940,4.552326873911594,0.17318566398212623
4618,0.2352380952380952,0,1,0,114160,491450,5016,102940,4.552317610878506,0.17318595534918152
4619,0.2353333333333332,0,1,0,114161,491449,5016,102940,4.552308347845418,0.17318624671721716
4620,0.2353333333333333,1,25,1,114186,491424,5017,102939,4.552076772018229,0.1731921401567729
4621,0.2353333333333334,0,1,0,114187,491423,5017,102939,4.552067508985142,0.17319243154845027
4622,0.2353571428571428,0,2,0,114189,491421,5017,102939,4.552048982918967,0.17319301433474663
4623,0.2353730158730158,0,4,0,114193,491417,5017,102939,4.552011930786617,0.1731941799191057
4624,0.2354047619047618,0,1,0,114194,491416,5017,102939,4.552002667753529,0.17319447131764687
4625,0.2354166666666666,0,1,0,114195,491415,5017,102939,4.551993404720442,0.17319476271716855
4626,0.2354166666666667,0,1,0,114196,491414,5017,102939,4.551984141687354,0.1731950541176708
4627,0.2354242424242424,0,2,0,114198,491412,5017,102939,4.551965615621179,0.17319563692161702
4628,0.2354285714285714,0,1,0,114199,491411,5017,102939,4.551956352588092,0.17319592832506098
4629,0.2354329004329004,0,1,0,114200,491410,5017,102939,4.551947089555004,0.17319621972948554
4630,0.2354444444444444,0,1,0,114201,491409,5017,102939,4.551937826521916,0.17319651113489068
4631,0.2354761904761904,0,1,0,114202,491408,5017,102939,4.551928563488829,0.1731968025412764
4632,0.2354999999999999,0,1,0,114203,491407,5017,102939,4.551919300455741,0.17319709394864272
4633,0.2355,1,17,1,114220,491390,5018,102938,4.551761828893253,0.17320065687633765
4634,0.2355238095238094,0,1,0,114221,491389,5018,102938,4.551752565860165,0.17320094829950516
4635,0.2355238095238095,0,1,0,114222,491388,5018,102938,4.551743302827077,0.17320123972365334
4636,0.2355555555555555,0,4,0,114226,491384,5018,102938,4.5517062506947275,0.17320240543005308
4637,0.235595238095238,1,1,1,114227,491383,5019,102937,4.55169698766164,0.17320130569390227
4638,0.2356111111111111,0,1,0,114228,491382,5019,102937,4.551687724628552,0.17320159712208427
4639,0.2356666666666666,2,19,2,114247,491363,5021,102935,4.551511726999889,0.17320435202541487
4640,0.2356666666666667,2,3,2,114250,491360,5023,102933,4.551483937900626,0.17320244391234627
4641,0.2357142857142856,1,6,1,114256,491354,5024,102932,4.551428359702101,0.17320280134480703
4642,0.2357142857142857,0,5,0,114261,491349,5024,102932,4.5513820445366635,0.1732042585914744
4643,0.2357619047619047,0,2,0,114263,491347,5024,102932,4.551363518470488,0.1732048414970073
4644,0.2358333333333333,11,122,11,114385,491225,5035,102921,4.550233428433806,0.17322509955465493
4645,0.2358571428571428,0,1,0,114386,491224,5035,102921,4.550224165400719,0.17322539110823115
4646,0.2358809523809523,0,1,0,114387,491223,5035,102921,4.550214902367631,0.17322568266278882
4647,0.2358888888888889,0,1,0,114388,491222,5035,102921,4.550205639334544,0.17322597421832792
4648,0.2358968253968254,0,1,0,114389,491221,5035,102921,4.550196376301456,0.17322626577484843
4649,0.2359126984126984,0,1,0,114390,491220,5035,102921,4.550187113268368,0.1732265573323504
4650,0.2359375901875902,0,1,0,114391,491219,5035,102921,4.550177850235281,0.1732268488908338
4651,0.2359444444444444,0,2,0,114393,491217,5035,102921,4.550159324169106,0.17322743201074497
4652,0.2359523809523809,1,1,1,114394,491216,5036,102920,4.550150061136018,0.17322633201825843
4653,0.235952380952381,0,1,0,114395,491215,5036,102920,4.550140798102931,0.17322662357881627
4654,0.2359920634920635,0,1,0,114396,491214,5036,102920,4.550131535069843,0.17322691514035554
4655,0.236,13,119,13,114515,491095,5049,102907,4.5490292341324245,0.17324352443257768
4656,0.2360555555555555,1,2,1,114517,491093,5050,102906,4.549010708066249,0.1732427158968281
4657,0.2360670995670995,0,3,0,114520,491090,5050,102906,4.548982918966987,0.17324359086593175
4658,0.2360714285714286,0,1,0,114521,491089,5050,102906,4.548973655933899,0.17324388252426368
4659,0.2361111111111111,0,2,0,114523,491087,5050,102906,4.548955129867724,0.17324446584387357
4660,0.2361190476190476,0,1,0,114524,491086,5050,102906,4.548945866834637,0.1732447575051516
4661,0.2361428571428571,0,1,0,114525,491085,5050,102906,4.548936603801549,0.17324504916741162
4662,0.2361666666666666,0,6,0,114531,491079,5050,102906,4.548881025603023,0.173246799161595
4663,0.2361904761904761,1,3,1,114534,491076,5051,102905,4.548853236503761,0.1732462822884907
4664,0.2361904761904762,0,8,0,114542,491068,5051,102905,4.54877913223906,0.173248615677817
4665,0.2362301587301587,0,2,0,114544,491066,5051,102905,4.548760606172885,0.17324919903496971
4666,0.2362499999999999,0,1,0,114545,491065,5051,102905,4.548751343139798,0.17324949071501927
4667,0.23625,0,7,0,114552,491058,5051,102905,4.548686501908185,0.17325153250286635
4668,0.2362857142857143,0,1,0,114553,491057,5051,102905,4.548677238875097,0.17325182419077315
4669,0.2363095238095238,0,1,0,114554,491056,5051,102905,4.54866797584201,0.17325211587966213
4670,0.2363333333333332,0,2,0,114556,491054,5051,102905,4.5486494497758345,0.17325269926038667
4671,0.2363333333333333,2,15,2,114571,491039,5053,102903,4.5485105042795215,0.17325429082300967
4672,0.2363809523809523,0,2,0,114573,491037,5053,102903,4.548491978213346,0.17325487422972016
4673,0.2363888888888889,0,2,0,114575,491035,5053,102903,4.548473452147171,0.17325545764035977
4674,0.2364166666666666,0,1,0,114576,491034,5053,102903,4.548464189114084,0.173255749347153
4675,0.2364285714285714,0,2,0,114578,491032,5053,102903,4.548445663047908,0.17325633276368627
4676,0.2364523809523809,0,1,0,114579,491031,5053,102903,4.548436400014821,0.17325662447342635
4677,0.2364999999999999,0,1,0,114580,491030,5053,102903,4.548427136981734,0.1732569161841487
4678,0.2365,1,27,1,114607,491003,5054,102902,4.5481770350883695,0.17326340071223512
4679,0.236547619047619,0,2,0,114609,491001,5054,102902,4.548158509022194,0.17326398418596975
4680,0.2366190476190476,0,1,0,114610,491000,5054,102902,4.548149245989107,0.17326427592431073
4681,0.2366666666666666,15,338,15,114948,490662,5069,102887,4.545018340805513,0.17334204926636218
4682,0.2366666666666667,19,367,19,115315,490295,5088,102868,4.541618807662381,0.1734228196971153
4683,0.2367499999999999,0,1,0,115316,490294,5088,102868,4.541609544629293,0.17342311206719244
4684,0.23675,0,1,0,115317,490293,5088,102868,4.541600281596206,0.17342340443825538
4685,0.2367857142857143,1,8,1,115325,490285,5089,102867,4.541526177331505,0.1734243499136815
4686,0.2368333333333333,0,11,0,115336,490274,5089,102867,4.541424283967542,0.17342756612677254
4687,0.2368571428571428,0,2,0,115338,490272,5089,102867,4.541405757901368,0.1734281509056056
4688,0.2368658008658009,0,2,0,115340,490270,5089,102867,4.541387231835192,0.17342873568838227
4689,0.2369285714285714,0,1,0,115341,490269,5089,102867,4.541377968802105,0.1734290280812495
4690,0.237,2,37,2,115378,490232,5091,102865,4.541035236577865,0.1734370600424551
4691,0.2370238095238095,2,4,2,115382,490228,5093,102863,4.540998184445515,0.1734354424531817
4692,0.2370707070707071,0,2,0,115384,490226,5093,102863,4.54097965837934,0.17343602730787452
4693,0.2370714285714286,0,1,0,115385,490225,5093,102863,4.540970395346252,0.17343631973670012
4694,0.2370833333333333,0,4,0,115389,490221,5093,102863,4.540933343213902,0.17343748946186374
4695,0.237111111111111,0,1,0,115390,490220,5093,102863,4.540924080180814,0.17343778189562
4696,0.2371190476190476,0,1,0,115391,490219,5093,102863,4.540914817147727,0.1734380743303624
4697,0.2371428571428571,1,8,1,115399,490211,5094,102862,4.540840712883027,0.17343902015434862
4698,0.2371666666666666,0,2,0,115401,490209,5094,102862,4.540822186816851,0.17343960503885708
4699,0.2371666666666667,0,5,0,115406,490204,5094,102862,4.540775871651413,0.17344106726738676
4700,0.23725,0,1,0,115407,490203,5094,102862,4.540766608618326,0.17344135971605135
4701,0.2372857142857142,0,1,0,115408,490202,5094,102862,4.540757345585239,0.17344165216570218
4702,0.2373333333333333,2,43,2,115451,490159,5096,102860,4.540359035162473,0.1734514408475951
4703,0.2373690476190475,0,2,0,115453,490157,5096,102860,4.540340509096298,0.17345202582725283
4704,0.2374242424242424,0,2,0,115455,490155,5096,102860,4.540321983030124,0.1734526108108564
4705,0.2374285714285714,0,1,0,115456,490154,5096,102860,4.5403127199970355,0.17345290330413785
4706,0.2374999999999999,0,9,0,115465,490145,5096,102860,4.540229352699248,0.1734555357880625
4707,0.2375,22,322,22,115787,489823,5118,102838,4.537246656045055,0.1735190943895414
4708,0.2375238095238095,0,2,0,115789,489821,5118,102838,4.53722812997888,0.1735196799508655
4709,0.2376190476190476,0,5,0,115794,489816,5118,102838,4.537181814813443,0.17352114387146633
4710,0.2376666666666666,0,15,0,115809,489801,5118,102838,4.537042869317129,0.1735255357814791
4711,0.2376666666666667,0,3,0,115812,489798,5118,102838,4.537015080217866,0.17352641419016057
4712,0.2376904761904762,0,3,0,115815,489795,5118,102838,4.536987291118604,0.1735272926077353
4713,0.2377142857142856,0,1,0,115816,489794,5118,102838,4.5369780280855165,0.17352758541556987
4714,0.2377222222222222,1,0,1,115816,489794,5119,102837,4.5369780280855165,0.1735261908337566
4715,0.2377380952380952,0,1,0,115817,489793,5119,102837,4.536968765052428,0.17352648364072018
4716,0.2377777777777777,0,3,0,115820,489790,5119,102837,4.536940975953166,0.17352736206753996
4717,0.2378333333333333,0,10,0,115830,489780,5119,102837,4.536848345622291,0.17353029022117153
4718,0.2378571428571428,0,4,0,115834,489776,5119,102837,4.53681129348994,0.17353146151029425
4719,0.2378809523809524,0,1,0,115835,489775,5119,102837,4.536802030456853,0.17353175433504553
4720,0.2379166666666666,0,4,0,115839,489771,5119,102837,4.536764978324503,0.17353292564393324
4721,0.2379444444444444,0,1,0,115840,489770,5119,102837,4.536755715291415,0.17353321847362585
4722,0.2379523809523809,0,1,0,115841,489769,5119,102837,4.536746452258328,0.17353351130430675
4723,0.2379761904761904,0,1,0,115842,489768,5119,102837,4.5367371892252395,0.1735338041359759
4724,0.2379999999999999,0,6,0,115848,489762,5119,102837,4.536681611026714,0.1735355611467451
4725,0.238,7,78,7,115926,489684,5126,102830,4.535959094445885,0.17354864188863048
4726,0.2381428571428571,0,3,0,115929,489681,5126,102830,4.535931305346622,0.17354952059961756
4727,0.2381515151515151,0,1,0,115930,489680,5126,102830,4.535922042313535,0.1735498135052573
4728,0.2381666666666666,0,14,0,115944,489666,5126,102830,4.535792359850309,0.17355391428802894
4729,0.2381666666666667,0,2,0,115946,489664,5126,102830,4.535773833784134,0.17355450012995913
4730,0.2381818181818181,0,1,0,115947,489663,5126,102830,4.535764570751047,0.17355479305240737
4731,0.2382142857142856,0,1,0,115948,489662,5126,102830,4.5357553077179595,0.1735550859758444
4732,0.2382142857142857,0,1,0,115949,489661,5126,102830,4.535746044684871,0.1735553789002702
4733,0.2382857142857143,0,1,0,115950,489660,5126,102830,4.535736781651784,0.17355567182568482
4734,0.2383333333333332,0,1,0,115951,489659,5126,102830,4.535727518618697,0.17355596475208823
4735,0.2383333333333333,20,362,20,116313,489297,5146,102810,4.532374300641002,0.17363415733980514
4736,0.2383571428571428,0,1,0,116314,489296,5146,102810,4.5323650376079145,0.17363445058823926
4737,0.2383809523809524,0,1,0,116315,489295,5146,102810,4.532355774574826,0.17363474383766392
4738,0.2384523809523809,0,7,0,116322,489288,5146,102810,4.532290933343214,0.17363679661137177
4739,0.2385,1,24,1,116346,489264,5147,102809,4.532068620549112,0.17364243936136253
4740,0.2385238095238095,0,1,0,116347,489263,5147,102809,4.532059357516025,0.1736427326406248
4741,0.2385714285714285,0,9,0,116356,489254,5147,102809,4.531975990218237,0.1736453721985667
4742,0.2385833333333333,0,1,0,116357,489253,5147,102809,4.531966727185149,0.17364566548773608
4743,0.2386111111111111,0,1,0,116358,489252,5147,102809,4.531957464152062,0.1736459587778962
4744,0.2386363636363636,1,0,1,116358,489252,5148,102808,4.531957464152062,0.17364456305104212
4745,0.2386666666666666,1,23,1,116381,489229,5149,102807,4.531744414391048,0.1736499131809552
4746,0.2386666666666667,0,2,0,116383,489227,5149,102807,4.531725888324873,0.1736504998023762
4747,0.2386904761904762,0,5,0,116388,489222,5149,102807,4.531679573159435,0.17365196637326888
4748,0.2387142857142857,0,2,0,116390,489220,5149,102807,4.531661047093261,0.1736525530085621
4749,0.23875,0,5,0,116395,489215,5149,102807,4.531614731927823,0.17365401961413596
4750,0.2387777777777777,0,1,0,116396,489214,5149,102807,4.5316054688947345,0.17365431293822348
4751,0.2388095238095238,1,4,1,116400,489210,5150,102806,4.531568416762385,0.1736540904299884
4752,0.2388333333333333,0,8,0,116408,489202,5150,102806,4.531494312497684,0.17365643707517467
4753,0.2388571428571428,0,2,0,116410,489200,5150,102806,4.531475786431509,0.17365702374638095
4754,0.2388888888888889,0,2,0,116412,489198,5150,102806,4.531457260365334,0.1736576104215512
4755,0.2389166666666667,0,2,0,116414,489196,5150,102806,4.531438734299159,0.17365819710068547
4756,0.2389285714285714,0,2,0,116416,489194,5150,102806,4.5314202082329835,0.17365878378378377
4757,0.2389761904761904,0,1,0,116417,489193,5150,102806,4.531410945199896,0.17365907712681947
4758,0.239,5,77,5,116494,489116,5155,102801,4.530697691652154,0.17367468749841616
4759,0.2390151515151515,1,0,1,116494,489116,5156,102800,4.530697691652154,0.17367329148054791
4760,0.239047619047619,1,11,1,116505,489105,5157,102799,4.530595798288192,0.17367512299291776
4761,0.2390476190476191,0,3,0,116508,489102,5157,102799,4.530568009188928,0.17367600325054358
4762,0.2390555555555555,0,1,0,116509,489101,5157,102799,4.530558746155841,0.1736762966717351
4763,0.2390952380952381,0,1,0,116510,489100,5157,102799,4.530549483122754,0.17367659009391806
4764,0.2391190476190476,0,1,0,116511,489099,5157,102799,4.530540220089666,0.17367688351709248
4765,0.2391428571428571,0,1,0,116512,489098,5157,102799,4.530530957056579,0.17367717694125837
4766,0.2391659451659451,0,1,0,116513,489097,5157,102799,4.530521694023491,0.17367747036641573
4767,0.2391666666666666,6,104,6,116617,488993,5163,102793,4.529558338582385,0.17369961438763337
4768,0.2392424242424242,0,2,0,116619,488991,5163,102793,4.5295398125162105,0.1737002014248442
4769,0.2392777777777777,0,1,0,116620,488990,5163,102793,4.529530549483122,0.17370049494493758
4770,0.2392857142857142,1,5,1,116625,488985,5164,102792,4.529484234317685,0.17370056626060154
4771,0.2392857142857143,0,2,0,116627,488983,5164,102792,4.52946570825151,0.17370115330995733
4772,0.2393333333333333,2,41,2,116668,488942,5166,102790,4.52908592389492,0.17371039592247842
4773,0.2393809523809523,0,2,0,116670,488940,5166,102790,4.5290673978287455,0.17371098304970173
4774,0.2394444444444444,1,0,1,116670,488940,5167,102789,4.5290673978287455,0.1737095866519978
4775,0.2395,1,16,1,116686,488924,5168,102788,4.528919189299344,0.173712887350603
4776,0.2395238095238095,0,9,0,116695,488915,5168,102788,4.5288358220015565,0.17371552958156372
4777,0.239547619047619,0,1,0,116696,488914,5168,102788,4.528826558968468,0.17371582316774323
4778,0.2395833333333333,0,4,0,116700,488910,5168,102788,4.528789506836119,0.17371699752238473
4779,0.2396428571428571,1,0,1,116700,488910,5169,102787,4.528789506836119,0.17371560105932599
4780,0.2396666666666666,0,8,0,116708,488902,5169,102787,4.528715402571418,0.17371794980133146
4781,0.2396666666666667,0,8,0,116716,488894,5169,102787,4.5286412983067175,0.17372029860685065
4782,0.2396825396825397,0,1,0,116717,488893,5169,102787,4.52863203527363,0.1737205922120065
4783,0.2397023809523809,0,1,0,116718,488892,5169,102787,4.528622772240542,0.17372088581815479
4784,0.2397222222222222,0,1,0,116719,488891,5169,102787,4.528613509207455,0.17372117942529552
4785,0.23975,0,1,0,116720,488890,5169,102787,4.528604246174368,0.17372147303342872
4786,0.2397619047619047,0,3,0,116723,488887,5169,102787,4.528576457075105,0.1737223538637831
4787,0.2398333333333333,0,15,0,116738,488872,5169,102787,4.528437511578791,0.17372675814954222
4788,0.2398571428571428,0,1,0,116739,488871,5169,102787,4.528428248545704,0.17372705177653305
4789,0.2398809523809523,0,2,0,116741,488869,5169,102787,4.5284097224795286,0.17372763903349245
4790,0.2399047619047619,0,1,0,116742,488868,5169,102787,4.528400459446441,0.17372793266346098
4791,0.2399484126984127,0,2,0,116744,488866,5169,102787,4.528381933380266,0.17372851992637575
4792,0.2399999999999999,3,30,3,116774,488836,5172,102784,4.528104042387639,0.17373313951522937
4793,0.24,185,3455,185,120229,485381,5357,102599,4.49610026307014,0.1744940304091976
4794,0.240111111111111,0,1,0,120230,485380,5357,102599,4.496091000037052,0.17449432717835162
4795,0.2401190476190476,0,2,0,120232,485378,5357,102599,4.496072473970877,0.174494920719688
4796,0.2401428571428571,0,2,0,120234,485376,5357,102599,4.496053947904702,0.1744955142650623
4797,0.2401666666666666,0,2,0,120236,485374,5357,102599,4.496035421838527,0.17449610781447447
4798,0.2401666666666667,0,5,0,120241,485369,5357,102599,4.495989106673089,0.17449759170567106
4799,0.2402063492063492,0,2,0,120243,485367,5357,102599,4.495970580606914,0.17449818526921626
4800,0.2402142857142856,0,1,0,120244,485366,5357,102599,4.495961317573826,0.17449848205250312
4801,0.2402142857142857,0,1,0,120245,485365,5357,102599,4.495952054540739,0.17449877883679954
4802,0.2402323232323232,0,1,0,120246,485364,5357,102599,4.495942791507651,0.17449907562210548
4803,0.2402460317460317,0,1,0,120247,485363,5357,102599,4.495933528474564,0.17449937240842095
4804,0.24025,0,1,0,120248,485362,5357,102599,4.495924265441476,0.17449966919574597
4805,0.2402857142857143,0,1,0,120249,485361,5357,102599,4.495915002408388,0.17449996598408055
4806,0.2403333333333333,2,15,2,120264,485346,5359,102597,4.495776056912075,0.17450160984993443
4807,0.2403571428571428,0,1,0,120265,485345,5359,102597,4.495766793878988,0.174501906650656
4808,0.2403690476190476,0,2,0,120267,485343,5359,102597,4.495748267812813,0.17450250025512806
4809,0.2403888888888888,0,1,0,120268,485342,5359,102597,4.495739004779725,0.17450279705887856
4810,0.2404047619047618,0,2,0,120270,485340,5359,102597,4.49572047871355,0.17450339066940845
4811,0.2404166666666666,0,6,0,120276,485334,5359,102597,4.495664900515025,0.17450517152523
4812,0.2404444444444444,0,1,0,120277,485333,5359,102597,4.495655637481937,0.17450546833806746
4813,0.2404523809523809,1,0,1,120277,485333,5360,102596,4.495655637481937,0.17450406426626344
4814,0.2404761904761904,0,5,0,120282,485328,5360,102596,4.4956093223165,0.1745055483361795
4815,0.2404999999999999,0,2,0,120284,485326,5360,102596,4.495590796250324,0.17450614197121386
4816,0.2405,2,12,2,120296,485314,5362,102594,4.495479639853274,0.17450689563673227
4817,0.240547619047619,0,2,0,120298,485312,5362,102594,4.495461113787099,0.17450748929250595
4818,0.2405555555555555,0,2,0,120300,485310,5362,102594,4.495442587720923,0.17450808295231873
4819,0.2405714285714285,0,1,0,120301,485309,5362,102594,4.495433324687836,0.17450837978373984
4820,0.240595238095238,0,1,0,120302,485308,5362,102594,4.495424061654748,0.17450867661617073
4821,0.2405952380952381,0,1,0,120303,485307,5362,102594,4.495414798621661,0.17450897344961142
4822,0.2406666666666666,4,28,4,120331,485279,5366,102590,4.495155433695209,0.17451166841592258
4823,0.2406666666666667,0,1,0,120332,485278,5366,102590,4.495146170662122,0.1745119652711153
4824,0.2407142857142857,3,9,3,120341,485269,5369,102587,4.495062803364334,0.17451042432160258
4825,0.2407857142857142,0,2,0,120343,485267,5369,102587,4.495044277298159,0.17451101804189476
4826,0.2408333333333333,6,97,6,120440,485170,5375,102581,4.494145763088666,0.17453139169478232
4827,0.2408928571428572,0,1,0,120441,485169,5375,102581,4.494136500055578,0.1745316886431306
4828,0.2409090909090909,0,1,0,120442,485168,5375,102581,4.49412723702249,0.1745319855924893
4829,0.2409285714285714,0,1,0,120443,485167,5375,102581,4.494117973989403,0.1745322825428585
4830,0.2409523809523809,0,6,0,120449,485161,5375,102581,4.494062395790878,0.17453406426629373
4831,0.241,7,80,7,120529,485081,5382,102574,4.493321353143873,0.17454799159370718
4832,0.2410714285714285,0,2,0,120531,485079,5382,102574,4.493302827077699,0.17454858564492992
4833,0.2411111111111111,0,2,0,120533,485077,5382,102574,4.493284301011523,0.1745491797001962
4834,0.2411666666666666,1,7,1,120540,485070,5383,102573,4.49321945977991,0.17454985424824254
4835,0.2411666666666667,0,2,0,120542,485068,5383,102573,4.4932009337137355,0.17455044831793562
4836,0.2411904761904762,0,1,0,120543,485067,5383,102573,4.493191670680647,0.17455074535429854
4837,0.2412499999999999,0,1,0,120544,485066,5383,102573,4.49318240764756,0.17455104239167243
4838,0.24125,0,9,0,120553,485057,5383,102573,4.493099040349772,0.17455371577353096
4839,0.2412619047619047,0,1,0,120554,485056,5383,102573,4.493089777316684,0.17455401282101463
4840,0.2412857142857143,0,1,0,120555,485055,5383,102573,4.493080514283597,0.1745543098695093
4841,0.2413333333333333,1,28,1,120583,485027,5384,102572,4.4928211493571455,0.17456122287478365
4842,0.2413690476190476,0,3,0,120586,485024,5384,102572,4.492793360257883,0.17456211410560998
4843,0.2414285714285713,0,1,0,120587,485023,5384,102572,4.492784097224796,0.1745624111845744
4844,0.2414285714285714,1,7,1,120594,485016,5385,102571,4.492719255993182,0.1745630859770553
4845,0.2414682539682539,0,1,0,120595,485015,5385,102571,4.492709992960095,0.17456338306222408
4846,0.2414761904761904,0,1,0,120596,485014,5385,102571,4.492700729927007,0.17456368014840407
4847,0.2415,2,15,2,120611,484999,5387,102569,4.492561784430694,0.17456532690684312
4848,0.2415079365079365,0,1,0,120612,484998,5387,102569,4.492552521397607,0.17456562400543257
4849,0.2415357142857143,0,1,0,120613,484997,5387,102569,4.492543258364519,0.1745659211050333
4850,0.2415714285714285,0,2,0,120615,484995,5387,102569,4.492524732298344,0.17456651530726866
4851,0.2415757575757575,0,2,0,120617,484993,5387,102569,4.492506206232169,0.1745671095135492
4852,0.2415833333333333,0,1,0,120618,484992,5387,102569,4.4924969431990815,0.17456740661820644
4853,0.2416666666666666,24,375,24,120993,484617,5411,102545,4.489023305791248,0.1746451575544739
4854,0.2416666666666667,0,3,0,120996,484614,5411,102545,4.488995516691985,0.1746460498774608
4855,0.2417222222222222,0,2,0,120998,484612,5411,102545,4.488976990625811,0.17464664476451783
4856,0.2417857142857142,0,3,0,121001,484609,5411,102545,4.488949201526548,0.1746475371027022
4857,0.2417857142857143,0,2,0,121003,484607,5411,102545,4.488930675460373,0.174648131999891
4858,0.2418333333333333,0,18,0,121021,484589,5411,102545,4.488763940864796,0.1746534862569703
4859,0.2418690476190476,0,2,0,121023,484587,5411,102545,4.488745414798622,0.17465408119468875
4860,0.2419047619047619,0,1,0,121024,484586,5411,102545,4.488736151765534,0.17465437866506794
4861,0.2419285714285714,0,1,0,121025,484585,5411,102545,4.4887268887324465,0.1746546761364604
4862,0.242,2,63,2,121088,484522,5413,102543,4.488143317647931,0.17467060717297062
4863,0.2420029239766081,0,1,0,121089,484521,5413,102543,4.488134054614843,0.1746709047054495
4864,0.2420238095238095,0,3,0,121092,484518,5413,102543,4.48810626551558,0.1746717973089679
4865,0.2420833333333333,0,6,0,121098,484512,5413,102543,4.488050687317055,0.17467358254337328
4866,0.2421031746031746,0,1,0,121099,484511,5413,102543,4.488041424283968,0.1746738800859887
4867,0.2421428571428571,0,5,0,121104,484506,5413,102543,4.48799510911853,0.17467536781427104
4868,0.2421666666666666,1,1,1,121105,484505,5414,102542,4.487985846085442,0.17467425947155849
4869,0.2421666666666667,0,8,0,121113,484497,5414,102542,4.487911741820742,0.1746766398825291
4870,0.2422222222222221,0,2,0,121115,484495,5414,102542,4.487893215754567,0.17467723499540916
4871,0.2422380952380952,0,2,0,121117,484493,5414,102542,4.487874689688391,0.17467783011234425
4872,0.2422619047619047,0,3,0,121120,484490,5414,102542,4.487846900589129,0.17467872279535016
4873,0.2422857142857143,1,2,1,121122,484488,5415,102541,4.4878283745229535,0.17467791199412636
4874,0.2423333333333333,1,21,1,121143,484467,5416,102540,4.487633850828115,0.17468275506084255
4875,0.2423611111111111,0,1,0,121144,484466,5416,102540,4.487624587795028,0.17468305264341422
4876,0.2423809523809523,0,1,0,121145,484465,5416,102540,4.48761532476194,0.17468335022699977
4877,0.2423809523809524,0,2,0,121147,484463,5416,102540,4.4875967986957646,0.17468394539721263
4878,0.2424999999999999,0,12,0,121159,484451,5416,102540,4.487485642298714,0.17468751650366018
4879,0.2425,22,301,22,121460,484150,5438,102518,4.484697469339361,0.17474619375865055
4880,0.2426190476190476,0,5,0,121465,484145,5438,102518,4.484651154173923,0.17474768308211017
4881,0.2426666666666666,2,23,2,121488,484122,5440,102516,4.484438104412909,0.17475172082272203
4882,0.2426666666666667,1,14,1,121502,484108,5441,102515,4.484308421949684,0.174754484566749
4883,0.2427142857142857,0,1,0,121503,484107,5441,102515,4.4842991589165955,0.17475478246639234
4884,0.2427777777777778,0,1,0,121504,484106,5441,102515,4.484289895883508,0.17475508036705129
4885,0.2428333333333333,1,16,1,121520,484090,5442,102514,4.484141687354107,0.17475844010610225
4886,0.2428571428571428,1,18,1,121538,484072,5443,102513,4.4839749527585315,0.17476239590170223
4887,0.2429166666666666,0,4,0,121542,484068,5443,102513,4.483937900626181,0.17476358763751298
4888,0.2429761904761904,1,3,1,121545,484065,5444,102512,4.483910111526918,0.1747630745835585
4889,0.2429999999999999,0,5,0,121550,484060,5444,102512,4.48386379636148,0.17476456428196369
4890,0.243,3,40,3,121590,484020,5447,102509,4.483493275037978,0.1747722619000936
4891,0.2430238095238095,0,1,0,121591,484019,5447,102509,4.483484012004891,0.1747725598777893
4892,0.2430396825396825,0,2,0,121593,484017,5447,102509,4.483465485938716,0.1747731558362289
4893,0.243047619047619,0,1,0,121594,484016,5447,102509,4.4834562229056285,0.17477345381697285
4894,0.2430714285714285,0,2,0,121596,484014,5447,102509,4.483437696839453,0.17477404978150898
4895,0.2430952380952381,0,1,0,121597,484013,5447,102509,4.483428433806366,0.1747743477653012
4896,0.2431428571428571,0,1,0,121598,484012,5447,102509,4.483419170773278,0.17477464575010954
4897,0.2431587301587301,0,1,0,121599,484011,5447,102509,4.4834099077401905,0.174774943735934
4898,0.2431666666666666,0,7,0,121606,484004,5447,102509,4.483345066508577,0.17477702966515662
4899,0.2431666666666667,0,1,0,121607,484003,5447,102509,4.48333580347549,0.17477732765911014
4900,0.2431904761904761,0,1,0,121608,484002,5447,102509,4.483326540442403,0.1747776256540798
4901,0.2432142857142857,0,1,0,121609,484001,5447,102509,4.483317277409315,0.17477792365006564
4902,0.24325,1,0,1,121609,484001,5448,102508,4.483317277409315,0.17477651664339336
4903,0.2433333333333333,33,649,33,122258,483352,5481,102475,4.477305568935492,0.17492365493567213
4904,0.2434166666666666,0,1,0,122259,483351,5481,102475,4.477296305902405,0.17492395352886353
4905,0.2434523809523809,0,3,0,122262,483348,5481,102475,4.477268516803142,0.17492484931455404
4906,0.2434999999999999,0,2,0,122264,483346,5481,102475,4.477249990736967,0.17492544651011144
4907,0.2435,0,27,0,122291,483319,5481,102475,4.476999888843603,0.17493350904925623
4908,0.2435238095238095,0,1,0,122292,483318,5481,102475,4.476990625810515,0.17493380767609035
4909,0.2435357142857142,0,2,0,122294,483316,5481,102475,4.47697209974434,0.17493440493281734
4910,0.2435606060606061,0,1,0,122295,483315,5481,102475,4.476962836711253,0.17493470356271018
4911,0.2435714285714285,0,5,0,122300,483310,5481,102475,4.476916521545815,0.17493619672746827
4912,0.2435833333333333,0,3,0,122303,483307,5481,102475,4.476888732446552,0.17493709263855836
4913,0.2435952380952381,0,1,0,122304,483306,5481,102475,4.476879469413465,0.17493739127762764
4914,0.2436111111111111,0,1,0,122305,483305,5481,102475,4.476870206380378,0.17493768991771655
4915,0.2436190476190476,0,4,0,122309,483301,5481,102475,4.476833154248027,0.17493888448826855
4916,0.2436309523809523,0,1,0,122310,483300,5481,102475,4.47682389121494,0.1749391831334557
4917,0.2436666666666666,2,25,2,122335,483275,5483,102473,4.476592315387751,0.1749438325013487
4918,0.2436666666666667,0,2,0,122337,483273,5483,102473,4.476573789321575,0.17494442983818925
4919,0.2436904761904761,0,1,0,122338,483272,5483,102473,4.476564526288488,0.17494472850813922
4920,0.2436904761904762,1,0,1,122338,483272,5484,102472,4.476564526288488,0.1749433199486465
4921,0.2437499999999999,0,1,0,122339,483271,5484,102472,4.4765552632554,0.17494361861772142
4922,0.24375,0,3,0,122342,483268,5484,102472,4.476527474156137,0.17494451463106497
4923,0.2437619047619047,0,4,0,122346,483264,5484,102472,4.4764904220237876,0.17494570932980047
4924,0.2438055555555555,0,1,0,122347,483263,5484,102472,4.4764811589907,0.1749460080070339
4925,0.2438095238095238,1,5,1,122352,483258,5485,102471,4.476434843825262,0.17494609281766824
4926,0.2438214285714286,0,2,0,122354,483256,5485,102471,4.476416317759087,0.1749466901816034
4927,0.2438333333333333,2,4,2,122358,483252,5487,102469,4.476379265626737,0.17494506770288243
4928,0.2438888888888889,0,2,0,122360,483250,5487,102469,4.476360739560562,0.17494566507147624
4929,0.2438928571428571,0,3,0,122363,483247,5487,102469,4.476332950461299,0.1749465611320162
4930,0.2439166666666667,0,3,0,122366,483244,5487,102469,4.476305161362037,0.17494745720173532
4931,0.2439761904761904,0,1,0,122367,483243,5487,102469,4.4762958983289485,0.17494775589368153
4932,0.2439999999999999,0,1,0,122368,483242,5487,102469,4.476286635295861,0.1749480545866477
4933,0.244,11,137,11,122505,483105,5498,102458,4.475017599762866,0.17497348705433916
4934,0.244037518037518,0,5,0,122510,483100,5498,102458,4.474971284597428,0.17497498112911103
4935,0.244047619047619,0,2,0,122512,483098,5498,102458,4.474952758531254,0.17497557876616412
4936,0.2440476190476191,0,1,0,122513,483097,5498,102458,4.474943495498166,0.17497587758622163
4937,0.2440952380952381,0,2,0,122515,483095,5498,102458,4.474924969431991,0.17497647522939855
4938,0.2441212121212121,0,1,0,122516,483094,5498,102458,4.474915706398903,0.17497677405251796
4939,0.2441428571428571,1,0,1,122516,483094,5499,102457,4.474915706398903,0.17497536508348546
4940,0.2441666666666666,5,105,5,122621,482989,5504,102452,4.47394308792471,0.1749997010800405
4941,0.2441944444444445,0,1,0,122622,482988,5504,102452,4.473933824891622,0.175
4942,0.2442142857142857,1,1,1,122623,482987,5505,102451,4.473924561858535,0.17499888972017533
4943,0.2442222222222222,0,1,0,122624,482986,5505,102451,4.473915298825448,0.1749991886402807
4944,0.2442619047619047,0,5,0,122629,482981,5505,102451,4.47386898366001,0.1750006832561254
4945,0.2442857142857142,1,4,1,122633,482977,5506,102450,4.473831931527659,0.17500046974259814
4946,0.2442857142857143,0,5,0,122638,482972,5506,102450,4.473785616362222,0.1750019643949151
4947,0.2443333333333333,1,26,1,122664,482946,5507,102449,4.473544777501945,0.1750083277103494
4948,0.2443809523809524,0,1,0,122665,482945,5507,102449,4.473535514468858,0.17500862666853437
4949,0.2444047619047619,0,1,0,122666,482944,5507,102449,4.4735262514357705,0.17500892562774067
4950,0.2444166666666666,0,1,0,122667,482943,5507,102449,4.473516988402682,0.17500922458796841
4951,0.2444444444444444,0,2,0,122669,482941,5507,102449,4.473498462336507,0.17500982251148806
4952,0.2445,4,17,4,122686,482924,5511,102445,4.473340990774019,0.17500926765851968
4953,0.2445238095238094,1,1,1,122687,482923,5512,102444,4.4733317277409315,0.175008157275692
4954,0.2445714285714285,0,1,0,122688,482922,5512,102444,4.473322464707844,0.17500845624788594
4955,0.2445833333333333,0,5,0,122693,482917,5512,102444,4.473276149542406,0.17500995112417808
4956,0.2446190476190476,2,6,2,122699,482911,5514,102442,4.473220571343881,0.17500892623767197
4957,0.2446666666666666,0,8,0,122707,482903,5514,102442,4.4731464670791805,0.17501131811154105
4958,0.2446666666666667,0,17,0,122724,482886,5514,102442,4.472988995516692,0.17501640106060193
4959,0.2446785714285714,0,2,0,122726,482884,5514,102442,4.472970469450517,0.1750169990740203
4960,0.2447142857142857,0,1,0,122727,482883,5514,102442,4.47296120641743,0.175017298082262
4961,0.2447619047619047,0,3,0,122730,482880,5514,102442,4.472933417318167,0.17501819511311723
4962,0.2447777777777778,0,1,0,122731,482879,5514,102442,4.472924154285079,0.1750184941254457
4963,0.2448095238095238,0,1,0,122732,482878,5514,102442,4.472914891251992,0.17501879313879587
4964,0.2448333333333333,0,10,0,122742,482868,5514,102442,4.472822260921116,0.17502178332849258
4965,0.2448571428571428,0,3,0,122745,482865,5514,102442,4.472794471821853,0.17502268040532576
4966,0.2448809523809523,0,1,0,122746,482864,5514,102442,4.472785208788766,0.17502297943298037
4967,0.2449166666666666,0,1,0,122747,482863,5514,102442,4.472775945755679,0.17502327846165674
4968,0.2449523809523809,0,2,0,122749,482861,5514,102442,4.472757419689503,0.17502387652207488
4969,0.2449841269841269,0,3,0,122752,482858,5514,102442,4.472729630590241,0.17502477362036561
4970,0.2449999999999999,1,14,1,122766,482844,5515,102441,4.472599948127015,0.17502755068043774
4971,0.245,77,1300,77,124066,481544,5592,102364,4.460558005113194,0.17530843900066448
4972,0.245047619047619,1,2,1,124068,481542,5593,102363,4.460539479047019,0.17530762709687364
4973,0.2451190476190476,0,4,0,124072,481538,5593,102363,4.460502426914669,0.17530882803762968
4974,0.2451587301587301,0,1,0,124073,481537,5593,102363,4.460493163881582,0.1753091282753896
4975,0.2451666666666666,0,11,0,124084,481526,5593,102363,4.4603912705176185,0.17531243095862398
4976,0.2451666666666667,1,4,1,124088,481522,5594,102362,4.460354218385268,0.17531221955045864
4977,0.2451785714285713,0,3,0,124091,481519,5594,102362,4.460326429286005,0.17531312031047422
4978,0.2452619047619047,1,0,1,124091,481519,5595,102361,4.460326429286005,0.17531170788518188
4979,0.2452619047619048,0,1,0,124092,481518,5595,102361,4.460317166252918,0.17531200813867256
4980,0.2452857142857142,1,0,1,124092,481518,5596,102360,4.460317166252918,0.17531059570663735
4981,0.2453333333333333,1,26,1,124118,481492,5597,102359,4.460076327392642,0.17531699012247987
4982,0.2453452380952381,1,0,1,124118,481492,5598,102358,4.460076327392642,0.1753155776312409
4983,0.2453571428571428,0,1,0,124119,481491,5598,102358,4.460067064359554,0.17531587790678754
4984,0.2454166666666666,1,2,1,124121,481489,5599,102357,4.460048538293379,0.17531506595917418
4985,0.2454285714285714,0,2,0,124123,481487,5599,102357,4.460030012227204,0.17531566651365776
4986,0.2454545454545454,0,1,0,124124,481486,5599,102357,4.460020749194116,0.1753159667924425
4987,0.2454700854700854,1,1,1,124125,481485,5600,102356,4.4600114861610285,0.17531485455800466
4988,0.2454761904761905,0,1,0,124126,481484,5600,102356,4.460002223127941,0.17531515483694163
4989,0.2454999999999999,0,3,0,124129,481481,5600,102356,4.459974434028679,0.17531605567992437
4990,0.2455,1,13,1,124142,481468,5601,102355,4.45985401459854,0.17531854688835485
4991,0.2455079365079364,0,1,0,124143,481467,5601,102355,4.459844751565453,0.17531884718287424
4992,0.2455238095238095,0,2,0,124145,481465,5601,102355,4.4598262254992775,0.17531944777499914
4993,0.245547619047619,0,1,0,124146,481464,5601,102355,4.45981696246619,0.1753197480726047
4994,0.2455555555555555,1,3,1,124149,481461,5602,102354,4.459789173366928,0.17531923640194239
4995,0.2455952380952381,0,2,0,124151,481459,5602,102354,4.459770647300752,0.17531983700260187
4996,0.2456190476190476,0,1,0,124152,481458,5602,102354,4.459761384267664,0.17532013730447474
4997,0.2456666666666666,3,36,3,124188,481422,5605,102351,4.459427915076513,0.1753267108961874
4998,0.2456666666666667,0,1,0,124189,481421,5605,102351,4.459418652043425,0.17532701123041186
4999,0.2457142857142857,2,13,2,124202,481408,5607,102349,4.459298232613287,0.1753280902841422
5000,0.2457222222222222,0,1,0,124203,481407,5607,102349,4.459288969580199,0.1753283906289614
5001,0.2457619047619047,0,1,0,124204,481406,5607,102349,4.459279706547112,0.17532869097480963
5002,0.2457738095238095,0,1,0,124205,481405,5607,102349,4.459270443514024,0.17532899132168686
5003,0.2457777777777777,0,1,0,124206,481404,5607,102349,4.459261180480937,0.17532929166959313
5004,0.2458174603174603,1,3,1,124209,481401,5608,102348,4.459233391381674,0.1753287800064754
5005,0.2458333333333333,11,109,11,124318,481292,5619,102337,4.4582237207751305,0.1753459817795209
5006,0.2458571428571428,0,1,0,124319,481291,5619,102337,4.458214457742043,0.1753462822208667
5007,0.2459523809523809,2,1,2,124320,481290,5621,102335,4.458205194708955,0.17534375669308203
5008,0.2459880952380952,0,1,0,124321,481289,5621,102335,4.458195931675868,0.17534405713267445
5009,0.2459999999999999,0,5,0,124326,481284,5621,102335,4.45814961651043,0.17534555934608023
5010,0.246,8,137,8,124463,481147,5629,102327,4.456880580977435,0.17537542375495738
5011,0.246047619047619,1,1,1,124464,481146,5630,102326,4.456871317944348,0.17537431102092302
5012,0.2460714285714285,0,7,0,124471,481139,5630,102326,4.456806476712734,0.17537641503774862
5013,0.2460833333333333,0,1,0,124472,481138,5630,102326,4.456797213679647,0.1753767156157021
5014,0.2461111111111111,0,2,0,124474,481136,5630,102326,4.456778687613472,0.17537731677469998
5015,0.2461666666666666,0,12,0,124486,481124,5630,102326,4.4566675312164215,0.17538092381523696
5016,0.2461666666666667,0,1,0,124487,481123,5630,102326,4.456658268183334,0.17538122440864584
5017,0.2461904761904762,0,4,0,124491,481119,5630,102326,4.4566212160509835,0.17538242679258542
5018,0.2462063492063492,0,1,0,124492,481118,5630,102326,4.456611953017896,0.17538272739114635
5019,0.24625,0,6,0,124498,481112,5630,102326,4.456556374819371,0.17538453100415125
5020,0.2462619047619047,0,1,0,124499,481111,5630,102326,4.456547111786283,0.17538483160992532
5021,0.2462619047619048,0,1,0,124500,481110,5630,102326,4.456537848753196,0.17538513221672986
5022,0.2462857142857142,0,1,0,124501,481109,5630,102326,4.4565285857201085,0.17538543282456487
5023,0.2463300865800865,0,2,0,124503,481107,5630,102326,4.456510059653933,0.1753860340433263
5024,0.2463333333333333,3,23,3,124526,481084,5633,102323,4.4562970098929195,0.17538870805458281
5025,0.2463452380952381,0,1,0,124527,481083,5633,102323,4.456287746859831,0.17538900868348972
5026,0.2463636363636363,0,1,0,124528,481082,5633,102323,4.456278483826744,0.1753893093134272
5027,0.2464166666666666,0,1,0,124529,481081,5633,102323,4.456269220793657,0.1753896099443953
5028,0.2464285714285714,0,3,0,124532,481078,5633,102323,4.456241431694394,0.1753905118434833
5029,0.2464444444444444,0,1,0,124533,481077,5633,102323,4.456232168661306,0.17539081247857388
5030,0.2464523809523809,0,1,0,124534,481076,5633,102323,4.456222905628219,0.1753911131146951
5031,0.2464761904761904,0,1,0,124535,481075,5633,102323,4.456213642595132,0.17539141375184694
5032,0.2464999999999999,0,3,0,124538,481072,5633,102323,4.456185853495868,0.17539231566948638
5033,0.2465,0,15,0,124553,481057,5633,102323,4.456046907999555,0.17539682539682538
5034,0.246547619047619,0,3,0,124556,481054,5633,102323,4.456019118900293,0.17539772737012257
5035,0.2465833333333333,0,1,0,124557,481053,5633,102323,4.456009855867205,0.1753980280299498
5036,0.2465952380952381,1,1,1,124558,481052,5634,102322,4.456000592834117,0.17539691518648415
5037,0.2466666666666666,44,647,44,125205,480405,5678,102278,4.45000741042647,0.17552940449609822
5038,0.2466666666666667,0,2,0,125207,480403,5678,102278,4.449988884360295,0.17553000698495402
5039,0.24675,0,1,0,125208,480402,5678,102278,4.449979621327207,0.17553030823093294
5040,0.2467857142857142,0,1,0,125209,480401,5678,102278,4.44997035829412,0.17553060947794583
5041,0.2467857142857143,0,4,0,125213,480397,5678,102278,4.449933306161769,0.1755318144763376
5042,0.2468333333333333,0,12,0,125225,480385,5678,102278,4.449822149764719,0.17553542957078105
5043,0.2469047619047619,0,1,0,125226,480384,5678,102278,4.449812886731632,0.17553573083537283
5044,0.2469134199134199,0,1,0,125227,480383,5678,102278,4.449803623698544,0.1755360321009987
5045,0.2469177489177489,0,1,0,125228,480382,5678,102278,4.449794360665456,0.17553633336765867
5046,0.2469285714285714,0,1,0,125229,480381,5678,102278,4.449785097632369,0.17553663463535277
5047,0.2469444444444444,0,4,0,125233,480377,5678,102278,4.4497480455000185,0.1755378397164703
5048,0.2469523809523809,0,3,0,125236,480374,5678,102278,4.449720256400756,0.17553874353816687
5049,0.2469999999999999,0,1,0,125237,480373,5678,102278,4.449710993367669,0.17553904481413402
5050,0.247,4,54,4,125291,480319,5682,102274,4.44921078958094,0.17554965473323572
5051,0.2470238095238095,0,1,0,125292,480318,5682,102274,4.449201526547853,0.17554995605844226
5052,0.2470681818181818,0,1,0,125293,480317,5682,102274,4.449192263514766,0.17555025738468324
5053,0.2470833333333333,1,5,1,125298,480312,5683,102273,4.449145948349328,0.17555034887612966
5054,0.2470952380952381,1,0,1,125298,480312,5684,102272,4.449145948349328,0.1755489337159963
5055,0.2471388888888889,0,1,0,125299,480311,5684,102272,4.4491366853162395,0.17554923504462025
5056,0.2471428571428571,0,16,0,125315,480295,5684,102272,4.448988476786839,0.17555405644329322
5057,0.2471428571428572,0,1,0,125316,480294,5684,102272,4.448979213753751,0.17555435778950368
5058,0.2471666666666666,0,4,0,125320,480290,5684,102272,4.448942161621401,0.17555556318469107
5059,0.2472173937173936,0,5,0,125325,480285,5684,102272,4.448895846455963,0.1755570699519532
5060,0.2472222222222222,1,3,1,125328,480282,5685,102271,4.448868057356701,0.17555655880237506
5061,0.2472380952380952,0,1,0,125329,480281,5685,102271,4.4488587943236135,0.17555686016012303
5062,0.2472499999999999,1,0,1,125329,480281,5686,102270,4.4488587943236135,0.17555544493100175
5063,0.24725,0,2,0,125331,480279,5686,102270,4.448840268257438,0.17555604764577742
5064,0.247313492063492,0,3,0,125334,480276,5686,102270,4.448812479158176,0.17555695172570063
5065,0.2473333333333333,2,58,2,125392,480218,5688,102268,4.448275223239097,0.17557160172089972
5066,0.2473571428571428,0,1,0,125393,480217,5688,102268,4.44826596020601,0.17557190313913662
5067,0.2473754578754578,0,1,0,125394,480216,5688,102268,4.448256697172923,0.17557220455840847
5068,0.2473809523809523,0,2,0,125396,480214,5688,102268,4.448238171106747,0.17557280740005698
5069,0.2473809523809524,0,1,0,125397,480213,5688,102268,4.448228908073659,0.17557310882243368
5070,0.2474999999999999,0,10,0,125407,480203,5688,102268,4.448136277742784,0.17557612310312445
5071,0.2475,18,321,18,125728,479882,5706,102250,4.445162844121679,0.1756474476579195
5072,0.2475238095238095,0,1,0,125729,479881,5706,102250,4.445153581088592,0.17564774938974217
5073,0.2476111111111111,0,1,0,125730,479880,5706,102250,4.445144318055504,0.17564805112260148
5074,0.2476190476190476,0,5,0,125735,479875,5706,102250,4.445098002890067,0.17564955980244792
5075,0.2476666666666666,1,24,1,125759,479851,5707,102249,4.444875690095965,0.17565538567256486
5076,0.2476666666666667,1,10,1,125769,479841,5708,102248,4.44478305976509,0.17565698716175704
5077,0.2477034632034632,0,6,0,125775,479835,5708,102248,4.444727481566564,0.1756587978003137
5078,0.24775,0,1,0,125776,479834,5708,102248,4.444718218533477,0.17565909957703554
5079,0.2477619047619048,0,1,0,125777,479833,5708,102248,4.444708955500389,0.17565940135479427
5080,0.2477777777777778,0,1,0,125778,479832,5708,102248,4.444699692467301,0.1756597031335899
5081,0.2478333333333333,0,8,0,125786,479824,5708,102248,4.444625588202601,0.17566211740128368
5082,0.2478535353535353,0,1,0,125787,479823,5708,102248,4.444616325169513,0.1756624191894116
5083,0.2478571428571428,0,7,0,125794,479816,5708,102248,4.444551483937901,0.17566453173534183
5084,0.2478928571428571,0,1,0,125795,479815,5708,102248,4.444542220904813,0.17566483353176546
5085,0.2478968253968254,1,0,1,125795,479815,5709,102247,4.444542220904813,0.17566341729918805
5086,0.2479047619047619,0,1,0,125796,479814,5709,102247,4.444532957871726,0.17566371909473405
5087,0.2479166666666666,0,4,0,125800,479810,5709,102247,4.444495905739375,0.17566492628728803
5088,0.2479523809523809,0,1,0,125801,479809,5709,102247,4.444486642706288,0.17566522808801902
5089,0.2479761904761904,0,1,0,125802,479808,5709,102247,4.4444773796732004,0.17566552988978704
5090,0.2479999999999999,1,9,1,125811,479799,5710,102246,4.444394012375412,0.1756668298842873
5091,0.248,3,85,3,125896,479714,5713,102243,4.44360665456297,0.1756882381344326
5092,0.2480555555555555,0,1,0,125897,479713,5713,102243,4.443597391529883,0.1756885400270811
5093,0.248095238095238,0,1,0,125898,479712,5713,102243,4.443588128496795,0.17568884192076706
5094,0.2480952380952381,1,4,1,125902,479708,5714,102242,4.443551076364445,0.17568863304407595
5095,0.2481031746031746,0,1,0,125903,479707,5714,102242,4.443541813331358,0.17568893494103435
5096,0.2481428571428571,0,2,0,125905,479705,5714,102242,4.443523287265182,0.17568953873806378
5097,0.2481666666666666,1,23,1,125928,479682,5715,102241,4.443310237504169,0.17569506618573247
5098,0.2481666666666667,0,2,0,125930,479680,5715,102241,4.443291711437993,0.17569567003081174
5099,0.2482142857142857,0,2,0,125932,479678,5715,102241,4.443273185371818,0.17569627388004172
5100,0.2482619047619048,0,1,0,125933,479677,5715,102241,4.443263922338731,0.17569657580621326
5101,0.2482857142857143,0,1,0,125934,479676,5715,102241,4.4432546593056435,0.17569687773342246
5102,0.2483333333333333,27,350,27,126284,479326,5742,102214,4.440012597724999,0.17576434982976236
5103,0.2484166666666666,0,1,0,126285,479325,5742,102214,4.440003334691911,0.1757646520697666
5104,0.2484285714285714,1,0,1,126285,479325,5743,102213,4.440003334691911,0.17576323473272598
5105,0.2484523809523809,0,3,0,126288,479322,5743,102213,4.439975545592649,0.17576414145322294
5106,0.2484999999999999,0,3,0,126291,479319,5743,102213,4.439947756493386,0.17576504818307506
5107,0.2485,3,20,3,126311,479299,5746,102210,4.439762495831635,0.1757668410979022
5108,0.2485238095238095,1,0,1,126311,479299,5747,102209,4.439762495831635,0.17576542369150552
5109,0.2485714285714285,0,5,0,126316,479294,5747,102209,4.439716180666197,0.17576693499431645
5110,0.248595238095238,0,1,0,126317,479293,5747,102209,4.43970691763311,0.1757672372579974
5111,0.2485952380952381,0,1,0,126318,479292,5747,102209,4.439697654600022,0.17576753952271792
5112,0.2486111111111111,0,2,0,126320,479290,5747,102209,4.4396791285338475,0.17576814405527783
5113,0.2486190476190476,0,1,0,126321,479289,5747,102209,4.439669865500759,0.1757684463231172
5114,0.2486666666666666,2,27,2,126348,479262,5749,102207,4.439419763607396,0.1757737729784391
5115,0.2486904761904761,0,7,0,126355,479255,5749,102207,4.439354922375783,0.17577588905207908
5116,0.2486904761904762,0,1,0,126356,479254,5749,102207,4.439345659342695,0.17577619135247247
5117,0.2487301587301587,1,2,1,126358,479252,5750,102206,4.43932713327652,0.17577537844521873
5118,0.24875,1,8,1,126366,479244,5751,102205,4.4392530290118195,0.17577637935571305
5119,0.2487857142857142,1,0,1,126366,479244,5752,102204,4.4392530290118195,0.17577496181945762
5120,0.248797619047619,0,1,0,126367,479243,5752,102204,4.439243765978732,0.1757752641255351
5121,0.2488095238095237,0,1,0,126368,479242,5752,102204,4.439234502945644,0.17577556643265238
5122,0.2488095238095238,0,2,0,126370,479240,5752,102204,4.43921597687947,0.17577617105000654
5123,0.2488333333333333,0,8,0,126378,479232,5752,102204,4.439141872614769,0.17577858956101788
5124,0.2488333333333334,0,1,0,126379,479231,5752,102204,4.439132609581681,0.17577889187957382
5125,0.2488571428571428,0,1,0,126380,479230,5752,102204,4.439123346548594,0.17577919419916965
5126,0.2488809523809524,0,1,0,126381,479229,5752,102204,4.4391140835155065,0.17577949651980537
5127,0.2488888888888888,0,1,0,126382,479228,5752,102204,4.439104820482418,0.17577979884148104
5128,0.2488888888888889,0,1,0,126383,479227,5752,102204,4.439095557449331,0.17578010116419662
5129,0.2489285714285714,0,3,0,126386,479224,5752,102204,4.4390677683500686,0.17578100813858294
5130,0.2489523809523809,0,1,0,126387,479223,5752,102204,4.439058505316981,0.17578131046545825
5131,0.2489999999999999,0,1,0,126388,479222,5752,102204,4.439049242283893,0.17578161279337354
5132,0.249,5,67,5,126455,479155,5757,102199,4.438428619067027,0.17579478252493316
5133,0.2490064935064935,1,2,1,126457,479153,5758,102198,4.4384100930008525,0.17579396956399834
5134,0.2490158730158729,0,1,0,126458,479152,5758,102198,4.438400829967764,0.17579427195321234
5135,0.2490238095238095,0,1,0,126459,479151,5758,102198,4.438391566934677,0.17579457434346665
5136,0.249047619047619,0,9,0,126468,479142,5758,102198,4.438308199636889,0.17579729590256993
5137,0.2490555555555555,0,2,0,126470,479140,5758,102198,4.438289673570714,0.17579790070492554
5138,0.2491190476190476,0,2,0,126472,479138,5758,102198,4.438271147504539,0.1757985055114426
5139,0.2491666666666666,10,114,10,126586,479024,5768,102188,4.437215161732558,0.17581880621872914
5140,0.2491666666666667,0,2,0,126588,479022,5768,102188,4.437196635666383,0.17581941122829958
5141,0.2492380952380952,0,1,0,126589,479021,5768,102188,4.437187372633295,0.17581971373464622
5142,0.2492380952380953,0,5,0,126594,479016,5768,102188,4.437141057467858,0.17582122628199393
5143,0.2492857142857142,0,2,0,126596,479014,5768,102188,4.437122531401682,0.17582183130821985
5144,0.2492857142857143,0,5,0,126601,479009,5768,102188,4.437076216236244,0.1758233438920022
5145,0.2493333333333333,4,46,4,126647,478963,5772,102184,4.436650116714217,0.17583158822122458
5146,0.2493770902300313,0,2,0,126649,478961,5772,102184,4.436631590648042,0.17583219334245326
5147,0.2493809523809523,0,1,0,126650,478960,5772,102184,4.436622327614955,0.1758324959046295
5148,0.2493888888888889,0,1,0,126651,478959,5772,102184,4.436613064581866,0.175832798467847
5149,0.2494166666666666,0,4,0,126655,478955,5772,102184,4.436576012449517,0.17583400873112973
5150,0.2494444444444444,0,1,0,126656,478954,5772,102184,4.4365667494164285,0.17583431129955363
5151,0.2495,1,10,1,126666,478944,5773,102183,4.4364741190855534,0.17583591882669364
5152,0.2495238095238094,0,4,0,126670,478940,5773,102183,4.436437066953203,0.1758371291447766
5153,0.2495595238095238,0,3,0,126673,478937,5773,102183,4.43640927785394,0.17583803689427313
5154,0.2495714285714285,0,1,0,126674,478936,5773,102183,4.436400014820853,0.1758383394795214
5155,0.2495833333333333,1,6,1,126680,478930,5774,102182,4.436344436622328,0.17583873676675063
5156,0.2496190476190476,0,3,0,126683,478927,5774,102182,4.436316647523065,0.1758396445417297
5157,0.2496428571428571,0,2,0,126685,478925,5774,102182,4.43629812145689,0.17584024973025622
5158,0.2496538461538461,0,1,0,126686,478924,5774,102182,4.4362888584238025,0.17584055232608164
5159,0.2496666666666666,2,24,2,126710,478900,5776,102180,4.436066545629701,0.17584497831623871
5160,0.2497142857142857,0,2,0,126712,478898,5776,102180,4.4360480195635255,0.17584558355332675
5161,0.2497619047619047,0,2,0,126714,478896,5776,102180,4.436029493497351,0.17584618879458108
5162,0.249767316017316,0,1,0,126715,478895,5776,102180,4.436020230464263,0.17584649141677064
5163,0.2497948717948718,0,1,0,126716,478894,5776,102180,4.436010967431176,0.17584679404000178
5164,0.2498333333333333,0,22,0,126738,478872,5776,102180,4.435807180703249,0.17585345201462174
5165,0.2499047619047618,0,1,0,126739,478871,5776,102180,4.435797917670162,0.1758537546618111
5166,0.2499166666666666,0,2,0,126741,478869,5776,102180,4.435779391603987,0.17585435995931498
5167,0.2499285714285714,0,1,0,126742,478868,5776,102180,4.4357701285708995,0.1758546626096295
5168,0.2499444444444444,0,1,0,126743,478867,5776,102180,4.435760865537811,0.17585496526098576
5169,0.249984126984127,0,1,0,126744,478866,5776,102180,4.435751602504724,0.1758552679133838
5170,0.2499999999999999,6,24,6,126768,478842,5782,102174,4.435529289710622,0.1758540212317733
5171,0.25,210,3608,210,130376,475234,5992,101964,4.402108266330727,0.17665341875751475
5172,0.2500238095238095,0,1,0,130377,475233,5992,101964,4.40209900329764,0.17665372481145952
5173,0.250079365079365,1,1,1,130378,475232,5993,101963,4.402089740264552,0.17665260440579006
5174,0.250095238095238,0,1,0,130379,475231,5993,101963,4.402080477231465,0.17665291045991469
5175,0.2500952380952381,0,1,0,130380,475230,5993,101963,4.4020712141983775,0.1766532165150998
5176,0.2501190476190476,0,2,0,130382,475228,5993,101963,4.402052688132202,0.17665382862865153
5177,0.2501428571428571,0,2,0,130384,475226,5993,101963,4.402034162066027,0.17665444074644526
5178,0.2501666666666666,0,7,0,130391,475219,5993,101963,4.401969320834414,0.17665658319213004
5179,0.2501666666666667,0,6,0,130397,475213,5993,101963,4.401913742635888,0.17665841961550724
5180,0.2501766289266288,0,5,0,130402,475208,5993,101963,4.401867427470451,0.17665994999748774
5181,0.2502380952380952,0,2,0,130404,475206,5993,101963,4.401848901404276,0.17666056215770423
5182,0.2502857142857143,0,1,0,130405,475205,5993,101963,4.401839638371189,0.17666086823940344
5183,0.2503333333333333,2,18,2,130423,475187,5995,101961,4.401672903775612,0.17666352478047226
5184,0.2503484848484849,0,1,0,130424,475186,5995,101961,4.401663640742525,0.1766638308784417
5185,0.2503571428571428,0,2,0,130426,475184,5995,101961,4.40164511467635,0.17666444307756282
5186,0.2503809523809523,0,3,0,130429,475181,5995,101961,4.401617325577087,0.17666536138420008
5187,0.2503888888888888,0,1,0,130430,475180,5995,101961,4.401608062544,0.176665667488534
5188,0.2504166666666666,0,2,0,130432,475178,5995,101961,4.401589536477824,0.17666627970038415
5189,0.2504166666666667,0,1,0,130433,475177,5995,101961,4.401580273444737,0.17666658580790037
5190,0.2504230769230769,0,2,0,130435,475175,5995,101961,4.401561747378562,0.17666719802611516
5191,0.2504285714285714,0,1,0,130436,475174,5995,101961,4.4015524843454745,0.17666750413681373
5192,0.2504444444444444,0,1,0,130437,475173,5995,101961,4.401543221312386,0.17666781024857311
5193,0.2504761904761904,0,1,0,130438,475172,5995,101961,4.401533958279299,0.1766681163613933
5194,0.2504999999999999,1,1,1,130439,475171,5996,101960,4.401524695246211,0.17666699588135104
5195,0.2505,2,12,2,130451,475159,5998,101958,4.401413538849161,0.17666781605809567
5196,0.2505476190476191,0,1,0,130452,475158,5998,101958,4.401404275816073,0.17666812217994302
5197,0.2505555555555555,0,1,0,130453,475157,5998,101958,4.401395012782985,0.17666842830285126
5198,0.2505555555555556,0,3,0,130456,475154,5998,101958,4.401367223683723,0.1766693466779412
5199,0.2506190476190476,1,0,1,130456,475154,5999,101957,4.401367223683723,0.1766679200361802
5200,0.2506666666666666,2,40,2,130496,475114,6001,101955,4.400996702360221,0.17667731241844561
5201,0.2506666666666667,0,4,0,130500,475110,6001,101955,4.400959650227871,0.17667853707987835
5202,0.2506904761904762,0,1,0,130501,475109,6001,101955,4.400950387194783,0.17667884324788932
5203,0.2507142857142856,0,6,0,130507,475103,6001,101955,4.400894808996258,0.17668068027823894
5204,0.2507142857142857,0,2,0,130509,475101,6001,101955,4.400876282930082,0.176681292630178
5205,0.2507142857142858,0,1,0,130510,475100,6001,101955,4.400867019896995,0.1766815988077393
5206,0.25075,2,4,2,130514,475096,6003,101953,4.400829967764645,0.1766799699852179
5207,0.2507539682539683,0,1,0,130515,475095,6003,101953,4.400820704731557,0.17668027616420123
5208,0.2507619047619047,0,1,0,130516,475094,6003,101953,4.40081144169847,0.1766805823442458
5209,0.2507857142857143,0,2,0,130518,475092,6003,101953,4.4007929156322945,0.17668119470751847
5210,0.2508333333333333,10,119,10,130637,474973,6013,101943,4.399690614694876,0.17670336756130875
5211,0.2508740981240981,0,1,0,130638,474972,6013,101943,4.399681351661788,0.17670367385143393
5212,0.2508809523809523,0,3,0,130641,474969,6013,101943,4.399653562562525,0.17670459272818037
5213,0.2509285714285714,0,4,0,130645,474965,6013,101943,4.399616510430175,0.17670581791204143
5214,0.2509523809523809,0,5,0,130650,474960,6013,101943,4.3995701952647375,0.17670734941575966
5215,0.250952380952381,1,5,1,130655,474955,6014,101942,4.3995238800992995,0.1767074538435804
5216,0.2509920634920635,0,2,0,130657,474953,6014,101942,4.399505354033125,0.17670806645923434
5217,0.251,6,73,6,130730,474880,6020,101936,4.398829152617733,0.17672186624504174
5218,0.251047619047619,0,2,0,130732,474878,6020,101936,4.398810626551558,0.17672247899669563
5219,0.2510714285714285,0,1,0,130733,474877,6020,101936,4.39880136351847,0.17672278537411604
5220,0.2510833333333333,0,1,0,130734,474876,6020,101936,4.398792100485383,0.17672309175259876
5221,0.2511111111111111,0,2,0,130736,474874,6020,101936,4.398773574419208,0.17672370451275116
5222,0.2511212121212121,0,2,0,130738,474872,6020,101936,4.398755048353033,0.17672431727715288
5223,0.2511309523809524,0,1,0,130739,474871,6020,101936,4.398745785319945,0.17672462366094724
5224,0.2511666666666666,2,15,2,130754,474856,6022,101934,4.398606839823632,0.17672636488149934
5225,0.2511904761904762,1,4,1,130758,474852,6023,101933,4.398569787691281,0.17672616312837539
5226,0.2511968864468864,0,1,0,130759,474851,6023,101933,4.398560524658194,0.17672646952758744
5227,0.2512301587301587,0,1,0,130760,474850,6023,101933,4.398551261625107,0.17672677592786196
5228,0.25125,5,7,5,130767,474843,6028,101928,4.3984864203934935,0.1767217838622261
5229,0.2513333333333333,3,36,3,130803,474807,6031,101925,4.398152951202341,0.17672853248996068
5230,0.2513888888888889,0,2,0,130805,474805,6031,101925,4.398134425136167,0.17672914535397846
5231,0.2514047619047619,0,1,0,130806,474804,6031,101925,4.398125162103079,0.17672945178758134
5232,0.2514285714285714,0,5,0,130811,474799,6031,101925,4.398078846937641,0.17673098397153578
5233,0.2514999999999999,0,1,0,130812,474798,6031,101925,4.398069583904554,0.17673129041151472
5234,0.2515,1,30,1,130842,474768,6032,101924,4.397791692911927,0.17673905655011687
5235,0.2515454545454545,0,1,0,130843,474767,6032,101924,4.3977824298788395,0.17673936302109797
5236,0.251547619047619,0,2,0,130845,474765,6032,101924,4.397763903812664,0.1767399759662487
5237,0.2515476190476191,0,7,0,130852,474758,6032,101924,4.397699062581052,0.17674212130775713
5238,0.2516071428571428,0,1,0,130853,474757,6032,101924,4.397689799547964,0.17674242778936708
5239,0.2516190476190476,0,3,0,130856,474754,6032,101924,4.397662010448701,0.17674334724057447
5240,0.2516587301587302,0,1,0,130857,474753,6032,101924,4.397652747415614,0.1767436537264361
5241,0.2516666666666666,12,196,12,131053,474557,6044,101912,4.395837192930453,0.17678660951412825
5242,0.2516666666666667,12,190,12,131243,474367,6056,101900,4.394077216643818,0.1768277551898686
5243,0.2516904761904762,0,2,0,131245,474365,6056,101900,4.394058690577642,0.1768283688927837
5244,0.2517142857142857,0,2,0,131247,474363,6056,101900,4.394040164511468,0.1768289825999587
5245,0.2517857142857143,0,3,0,131250,474360,6056,101900,4.394012375412205,0.17682990316870856
5246,0.2518333333333333,0,21,0,131271,474339,6056,101900,4.393817851717366,0.1768363474183455
5247,0.2518571428571429,0,1,0,131272,474338,6056,101900,4.393808588684279,0.1768366542990917
5248,0.2519047619047619,1,4,1,131276,474334,6057,101899,4.393771536551928,0.1768364533096855
5249,0.2519635364635364,0,1,0,131277,474333,6057,101899,4.393762273518841,0.17683676019381084
5250,0.2519999999999999,0,2,0,131279,474331,6057,101899,4.393743747452666,0.17683737396525692
5251,0.252,10,105,10,131384,474226,6067,101889,4.392771128978473,0.1768553153450266
5252,0.2520017190411927,0,1,0,131385,474225,6067,101889,4.392761865945385,0.17685562232474822
5253,0.2520238095238095,0,2,0,131387,474223,6067,101889,4.39274333987921,0.17685623628738856
5254,0.2520476190476191,0,1,0,131388,474222,6067,101889,4.392734076846122,0.17685654327030728
5255,0.2520833333333333,0,4,0,131392,474218,6067,101889,4.392697024713772,0.17685777121263932
5256,0.2520833333333334,0,1,0,131393,474217,6067,101889,4.392687761680684,0.17685807820088664
5257,0.2521428571428571,0,6,0,131399,474211,6067,101889,4.392632183482159,0.17685992015275126
5258,0.2521666666666666,0,7,0,131406,474204,6067,101889,4.392567342250547,0.17686206914508595
5259,0.2521666666666667,0,7,0,131413,474197,6067,101889,4.392502501018933,0.1768642181896453
5260,0.2522619047619047,0,1,0,131414,474196,6067,101889,4.392493237985846,0.17686452520027426
5261,0.2523015873015872,0,1,0,131415,474195,6067,101889,4.392483974952759,0.17686483221196908
5262,0.2523333333333333,1,33,1,131448,474162,6068,101888,4.392178294860869,0.17687353528339553
5263,0.2523571428571429,0,1,0,131449,474161,6068,101888,4.392169031827781,0.17687384232938516
5264,0.2523809523809524,0,4,0,131453,474157,6068,101888,4.3921319796954315,0.1768750705240042
5265,0.2524999999999999,1,10,1,131463,474147,6069,101887,4.3920393493645555,0.1768767121385196
5266,0.2525,20,313,20,131776,473834,6089,101867,4.389140020008152,0.1769442818407472
5267,0.2525238095238096,0,1,0,131777,473833,6089,101867,4.389130756975064,0.17694458919576167
5268,0.2525454545454545,0,2,0,131779,473831,6089,101867,4.389112230908889,0.17694520390899396
5269,0.252547619047619,0,1,0,131780,473830,6089,101867,4.389102967875801,0.17694551126721175
5270,0.2525476190476191,0,1,0,131781,473829,6089,101867,4.389093704842714,0.17694581862649733
5271,0.2526190476190476,0,1,0,131782,473828,6089,101867,4.389084441809626,0.17694612598685067
5272,0.2526428571428571,0,1,0,131783,473827,6089,101867,4.3890751787765385,0.17694643334827181
5273,0.2526666666666666,1,20,1,131803,473807,6090,101866,4.388889918114788,0.17695115108750975
5274,0.2526666666666667,0,17,0,131820,473790,6090,101866,4.388732446552299,0.17695637672498854
5275,0.2526904761904762,0,1,0,131821,473789,6090,101866,4.388723183519211,0.17695668412504018
5276,0.2527142857142857,0,1,0,131822,473788,6090,101866,4.388713920486124,0.17695699152615982
5277,0.2527261904761905,0,2,0,131824,473786,6090,101866,4.3886953944199485,0.17695760633160312
5278,0.2527380952380952,0,1,0,131825,473785,6090,101866,4.388686131386861,0.17695791373592681
5279,0.25275,0,2,0,131827,473783,6090,101866,4.388667605320686,0.17695852854777824
5280,0.2527619047619047,1,0,1,131827,473783,6091,101865,4.388667605320686,0.17695709878258936
5281,0.2527637085137084,0,1,0,131828,473782,6091,101865,4.388658342287599,0.1769574061881674
5282,0.2527777777777777,1,1,1,131829,473781,6092,101864,4.388649079254511,0.1769562838207576
5283,0.2528205128205128,0,2,0,131831,473779,6092,101864,4.388630553188336,0.17695689863335434
5284,0.2528333333333333,2,8,2,131839,473771,6094,101862,4.3885564489236355,0.17695649832445326
5285,0.2528571428571428,1,8,1,131847,473763,6095,101861,4.388482344658935,0.17695752783066723
5286,0.2528571428571429,0,1,0,131848,473762,6095,101861,4.388473081625848,0.1769578352498076
5287,0.2528888888888889,0,1,0,131849,473761,6095,101861,4.38846381859276,0.17695814267001608
5288,0.2528968253968254,0,1,0,131850,473760,6095,101861,4.388454555559672,0.1769584500912927
5289,0.2529166666666666,0,2,0,131852,473758,6095,101861,4.388436029493497,0.17695906493705038
5290,0.2529523809523809,0,1,0,131853,473757,6095,101861,4.38842676646041,0.17695937236153142
5291,0.2529761904761905,0,2,0,131855,473755,6095,101861,4.388408240394234,0.17695998721369802
5292,0.2529999999999999,0,2,0,131857,473753,6095,101861,4.38838971432806,0.17696060207013728
5293,0.253,1,36,1,131893,473717,6096,101860,4.388056245136908,0.17697024029799663
5294,0.2530227272727272,1,4,1,131897,473713,6097,101859,4.388019193004557,0.17697004023823257
5295,0.2530757575757575,0,1,0,131898,473712,6097,101859,4.38800992997147,0.17697034770688586
5296,0.2530833333333334,0,1,0,131899,473711,6097,101859,4.388000666938383,0.17697065517660754
5297,0.2530952380952381,0,2,0,131901,473709,6097,101859,4.387982140872207,0.17697127011925612
5298,0.2531190476190476,1,0,1,131901,473709,6098,101858,4.387982140872207,0.17696984017499265
5299,0.2531666666666666,5,20,5,131921,473689,6103,101853,4.387796880210456,0.17696883980665182
5300,0.2531666666666667,0,1,0,131922,473688,6103,101853,4.387787617177368,0.17696914728924612
5301,0.2531818181818182,0,1,0,131923,473687,6103,101853,4.387778354144281,0.17696945477290893
5302,0.2531904761904762,0,1,0,131924,473686,6103,101853,4.387769091111194,0.17696976225764022
5303,0.2532142857142856,0,1,0,131925,473685,6103,101853,4.387759828078106,0.17697006974344004
5304,0.2532142857142857,0,1,0,131926,473684,6103,101853,4.387750565045018,0.1769703772303084
5305,0.2532857142857143,1,4,1,131930,473680,6104,101852,4.3877135129126685,0.17697017715782962
5306,0.2533268398268398,1,0,1,131930,473680,6105,101851,4.3877135129126685,0.17696874712222277
5307,0.2533333333333333,44,685,44,132615,472995,6149,101807,4.381368335247694,0.17711664190451668
5308,0.2534285714285714,1,0,1,132615,472995,6150,101806,4.381368335247694,0.17711521030756733
5309,0.2534444444444444,0,1,0,132616,472994,6150,101806,4.381359072214606,0.17711551844119694
5310,0.2534523809523809,0,7,0,132623,472987,6150,101806,4.381294230982993,0.17711767540662465
5311,0.2534632034632034,0,1,0,132624,472986,6150,101806,4.381284967949905,0.17711798354883157
5312,0.2535,3,23,3,132647,472963,6153,101803,4.3810719181888915,0.17712077610714622
5313,0.2535238095238095,0,3,0,132650,472960,6153,101803,4.381044129089629,0.17712170059659374
5314,0.2535555555555556,0,2,0,132652,472958,6153,101803,4.381025603023454,0.17712231692825367
5315,0.2535714285714285,0,3,0,132655,472955,6153,101803,4.380997813924191,0.17712324143378605
5316,0.2536111111111111,1,2,1,132657,472953,6154,101802,4.3809792878580165,0.1771224260771981
5317,0.2536428571428571,0,1,0,132658,472952,6154,101802,4.380970024824928,0.1771227342480435
5318,0.2536666666666666,0,15,0,132673,472937,6154,101802,4.380831079328615,0.17712735693941076
5319,0.2536904761904762,0,1,0,132674,472936,6154,101802,4.380821816295528,0.17712766512741457
5320,0.2537142857142857,0,1,0,132675,472935,6154,101802,4.38081255326244,0.17712797331649086
5321,0.25375,0,4,0,132679,472931,6154,101802,4.38077550113009,0.17712920608352054
5322,0.2537619047619047,0,1,0,132680,472930,6154,101802,4.380766238097002,0.17712951427795912
5323,0.2537857142857143,1,0,1,132680,472930,6155,101801,4.380766238097002,0.17712808252904402
5324,0.2538095238095238,0,5,0,132685,472925,6155,101801,4.380719922931565,0.17712962350754968
5325,0.2538333333333333,0,9,0,132694,472916,6155,101801,4.380636555633776,0.1771323973364282
5326,0.2538571428571428,0,1,0,132695,472915,6155,101801,4.380627292600689,0.17713270554499963
5327,0.2538809523809524,0,1,0,132696,472914,6155,101801,4.380618029567602,0.1771330137546436
5328,0.2539285714285714,0,1,0,132697,472913,6155,101801,4.380608766534514,0.17713332196536016
5329,0.2539523809523809,0,2,0,132699,472911,6155,101801,4.380590240468339,0.177133938390011
5330,0.2539999999999999,0,2,0,132701,472909,6155,101801,4.380571714402164,0.17713455481895216
5331,0.254,9,135,9,132836,472774,6164,101792,4.379321204935344,0.17716328498379647
5332,0.2540476190476191,0,5,0,132841,472769,6164,101792,4.379274889769906,0.177164826711176
5333,0.2540555555555555,0,2,0,132843,472767,6164,101792,4.379256363703731,0.17716544340964113
5334,0.2540833333333333,0,3,0,132846,472764,6164,101792,4.379228574604468,0.1771663684653889
5335,0.2540952380952381,0,1,0,132847,472763,6164,101792,4.379219311571381,0.17716667681945159
5336,0.2541190476190476,1,0,1,132847,472763,6165,101791,4.379219311571381,0.17716524469414538
5337,0.2541388888888888,0,1,0,132848,472762,6165,101791,4.379210048538293,0.17716555304732548
5338,0.2541666666666666,8,107,8,132955,472655,6173,101783,4.378218903997925,0.17718709416856127
5339,0.2542222222222222,0,1,0,132956,472654,6173,101783,4.378209640964838,0.17718740262204558
5340,0.2542619047619048,0,1,0,132957,472653,6173,101783,4.3782003779317495,0.17718771107660383
5341,0.2542727272727272,0,1,0,132958,472652,6173,101783,4.378191114898662,0.17718801953223604
5342,0.2542857142857143,0,7,0,132965,472645,6173,101783,4.37812627366705,0.17719017875173215
5343,0.2543095238095238,0,2,0,132967,472643,6173,101783,4.3781077476008745,0.17719079568125398
5344,0.2543333333333333,1,28,1,132995,472615,6174,101782,4.377848382674423,0.17719800068593672
5345,0.2543571428571428,1,1,1,132996,472614,6175,101781,4.377839119641336,0.1771968767137597
5346,0.2544047619047618,0,1,0,132997,472613,6175,101781,4.377829856608248,0.17719718520736638
5347,0.2544166666666667,1,4,1,133001,472609,6176,101780,4.377792804475898,0.1771969867110965
5348,0.2544444444444444,0,1,0,133002,472608,6176,101780,4.37778354144281,0.17719729520811717
5349,0.2544761904761905,0,1,0,133003,472607,6176,101780,4.377774278409722,0.17719760370621201
5350,0.2544848484848485,0,1,0,133004,472606,6176,101780,4.377765015376635,0.17719791220538106
5351,0.2544880952380952,0,1,0,133005,472605,6176,101780,4.377755752343547,0.17719822070562427
5352,0.2545,0,16,0,133021,472589,6176,101780,4.377607543814147,0.17720315685561025
5353,0.2545238095238095,0,4,0,133025,472585,6176,101780,4.377570491681796,0.17720439093607723
5354,0.2545357142857143,0,3,0,133028,472582,6176,101780,4.3775427025825335,0.17720531650770768
5355,0.2545476190476191,0,1,0,133029,472581,6176,101780,4.377533439549446,0.17720562503373313
5356,0.2545714285714285,0,1,0,133030,472580,6176,101780,4.377524176516358,0.17720593356083292
5357,0.2545833333333333,0,5,0,133035,472575,6176,101780,4.377477861350921,0.177207476212447
5358,0.254595238095238,0,1,0,133036,472574,6176,101780,4.377468598317833,0.17720778474599289
5359,0.2546428571428571,0,3,0,133039,472571,6176,101780,4.37744080921857,0.17720871035307678
5360,0.2546666666666666,2,12,2,133051,472559,6178,101778,4.37732965282152,0.17720954770457067
5361,0.2546666666666667,1,18,1,133069,472541,6179,101777,4.3771629182259435,0.17721366908228542
5362,0.2546904761904762,0,2,0,133071,472539,6179,101777,4.377144392159769,0.1772142862117719
5363,0.2547222222222222,0,1,0,133072,472538,6179,101777,4.377135129126681,0.17721459477812698
5364,0.2547971195471195,0,4,0,133076,472534,6179,101777,4.377098076994331,0.1772158290542929
5365,0.2548333333333333,3,13,3,133089,472521,6182,101774,4.3769776575641925,0.17721554253476002
5366,0.2548571428571428,0,1,0,133090,472520,6182,101774,4.376968394531105,0.1772158511145859
5367,0.2548809523809524,0,2,0,133092,472518,6182,101774,4.37694986846493,0.17721646827746165
5368,0.2549166666666667,0,1,0,133093,472517,6182,101774,4.376940605431843,0.1772167768605115
5369,0.2549206349206349,0,1,0,133094,472516,6182,101774,4.3769313423987555,0.177217085444636
5370,0.2549365079365079,0,1,0,133095,472515,6182,101774,4.376922079365667,0.17721739402983516
5371,0.254952380952381,0,1,0,133096,472514,6182,101774,4.37691281633258,0.177217702616109
5372,0.2549606782106782,0,5,0,133101,472509,6182,101774,4.376866501167142,0.17721924556359844
5373,0.2549761904761904,0,1,0,133102,472508,6182,101774,4.376857238134055,0.1772195541563204
5374,0.2549920634920635,0,1,0,133103,472507,6182,101774,4.376847975100967,0.1772198627501171
5375,0.2549999999999999,1,28,1,133131,472479,6183,101773,4.376588610174515,0.17722707104198157
5376,0.255,81,1288,81,134419,471191,6264,101692,4.364657823557746,0.1775091947221335
5377,0.2550238095238095,0,2,0,134421,471189,6264,101692,4.36463929749157,0.17750981442917466
5378,0.2550454545454545,0,1,0,134422,471188,6264,101692,4.364630034458483,0.17751012428431784
5379,0.255047619047619,0,1,0,134423,471187,6264,101692,4.364620771425396,0.17751043414054277
5380,0.2550833333333333,0,1,0,134424,471186,6264,101692,4.364611508392308,0.17751074399784947
5381,0.2551190476190476,0,1,0,134425,471185,6264,101692,4.364602245359221,0.1775110538562379
5382,0.2551428571428571,0,1,0,134426,471184,6264,101692,4.3645929823261325,0.1775113637157081
5383,0.2551666666666666,0,6,0,134432,471178,6264,101692,4.364537404127607,0.17751322289524674
5384,0.2551666666666667,0,2,0,134434,471176,6264,101692,4.364518878061433,0.17751384263041398
5385,0.2552380952380952,0,3,0,134437,471173,6264,101692,4.36449108896217,0.17751477224127848
5386,0.2552777777777777,0,1,0,134438,471172,6264,101692,4.364481825929082,0.17751508211373032
5387,0.2552857142857143,1,0,1,134438,471172,6265,101691,4.364481825929082,0.17751364636920172
5388,0.2553333333333333,3,38,3,134476,471134,6268,101688,4.3641298306717555,0.17752111476165372
5389,0.2553571428571428,0,2,0,134478,471132,6268,101688,4.36411130460558,0.17752173457630668
5390,0.2553809523809524,0,1,0,134479,471131,6268,101688,4.364102041572493,0.17752204448525624
5391,0.2554166666666666,1,4,1,134483,471127,6269,101687,4.364064989440142,0.17752184827884793
5392,0.2554166666666667,0,2,0,134485,471125,6269,101687,4.364046463373967,0.17752246810471847
5393,0.2554285714285714,0,1,0,134486,471124,6269,101687,4.36403720034088,0.17752277801927688
5394,0.2554657287157287,0,1,0,134487,471123,6269,101687,4.364027937307792,0.17752308793491733
5395,0.2554761904761904,0,1,0,134488,471122,6269,101687,4.364018674274704,0.1775233978516399
5396,0.2554761904761905,0,2,0,134490,471120,6269,101687,4.36400014820853,0.17752401768833131
5397,0.2554999999999999,0,1,0,134491,471119,6269,101687,4.363990885175442,0.1775243276083002
5398,0.2555,1,10,1,134501,471109,6270,101686,4.363898254844567,0.17752599097408323
5399,0.255530303030303,0,1,0,134502,471108,6270,101686,4.3638889918114785,0.1775263009039899
5400,0.2555476190476191,0,3,0,134505,471105,6270,101686,4.363861202712216,0.17752723070020304
5401,0.2555555555555556,0,2,0,134507,471103,6270,101686,4.363842676646041,0.17752785056975606
5402,0.2555952380952381,0,1,0,134508,471102,6270,101686,4.363833413612953,0.17752816050615586
5403,0.2556428571428571,0,1,0,134509,471101,6270,101686,4.363824150579866,0.17752847044363787
5404,0.2556666666666666,4,38,4,134547,471063,6274,101682,4.363472155322539,0.17753450488437264
5405,0.2556666666666667,0,5,0,134552,471058,6274,101682,4.363425840157101,0.17753605475433878
5406,0.2557142857142856,0,6,0,134558,471052,6274,101682,4.3633702619585755,0.17753791463401858
5407,0.2557142857142857,0,6,0,134564,471046,6274,101682,4.36331468376005,0.17753977455266723
5408,0.25575,0,1,0,134565,471045,6274,101682,4.363305420726963,0.1775400845428974
5409,0.2557777777777777,0,1,0,134566,471044,6274,101682,4.363296157693875,0.17754039453421008
5410,0.2558095238095237,0,1,0,134567,471043,6274,101682,4.363286894660788,0.17754070452660525
5411,0.2558095238095238,0,1,0,134568,471042,6274,101682,4.3632776316277,0.17754101452008297
5412,0.2558333333333333,6,116,6,134684,470926,6280,101676,4.362203119789544,0.17756836336582826
5413,0.2558571428571428,0,1,0,134685,470925,6280,101676,4.362193856756456,0.1775686734741993
5414,0.2558888888888889,0,1,0,134686,470924,6280,101676,4.362184593723369,0.1775689835836535
5415,0.2559047619047619,0,1,0,134687,470923,6280,101676,4.362175330690281,0.17756929369419086
5416,0.2559285714285714,1,0,1,134687,470923,6281,101675,4.362175330690281,0.1775678573798721
5417,0.2559523809523809,0,5,0,134692,470918,6281,101675,4.362129015524843,0.17756940793897236
5418,0.2559722222222222,0,2,0,134694,470916,6281,101675,4.362110489458669,0.1775700281701948
5419,0.2559999999999999,0,1,0,134695,470915,6281,101675,4.3621012264255805,0.1775703382874308
5420,0.256,11,116,11,134811,470799,6292,101664,4.361026714587425,0.1775905167670225
5421,0.2560714285714285,0,6,0,134817,470793,6292,101664,4.360971136388899,0.17759237811748305
5422,0.2560952380952381,0,1,0,134818,470792,6292,101664,4.360961873355811,0.17759268834635325
5423,0.2561038961038961,0,1,0,134819,470791,6292,101664,4.360952610322724,0.1775929985763073
5424,0.2561111111111111,0,1,0,134820,470790,6292,101664,4.360943347289637,0.17759330880734522
5425,0.2561428571428571,0,1,0,134821,470789,6292,101664,4.360934084256549,0.177593619039467
5426,0.2561666666666666,0,7,0,134828,470782,6292,101664,4.360869243024936,0.17759579069466813
5427,0.2561666666666667,0,2,0,134830,470780,6292,101664,4.360850716958761,0.17759641117733788
5428,0.2561904761904762,0,3,0,134833,470777,6292,101664,4.360822927859498,0.1775973419094719
5429,0.2562380952380952,0,1,0,134834,470776,6292,101664,4.360813664826411,0.17759765215568443
5430,0.2562380952380953,1,0,1,134834,470776,6293,101663,4.360813664826411,0.17759621549195634
5431,0.25625,2,7,2,134841,470769,6295,101661,4.360748823594798,0.17759551386195693
5432,0.2563333333333333,4,21,4,134862,470748,6299,101657,4.36055429989996,0.1775962823525301
5433,0.2563888888888889,0,2,0,134864,470746,6299,101657,4.360535773833784,0.17759690288136157
5434,0.2563993506493506,0,1,0,134865,470745,6299,101657,4.360526510800697,0.1775972131474034
5435,0.2564285714285713,0,3,0,134868,470742,6299,101657,4.3604987217014335,0.17759814395203347
5436,0.2564285714285714,2,3,2,134871,470739,6301,101655,4.360470932602171,0.17759620121804212
5437,0.2564523809523809,1,0,1,134871,470739,6302,101654,4.360470932602171,0.1775947644363226
5438,0.256461038961039,0,1,0,134872,470738,6302,101654,4.360461669569084,0.17759507470404898
5439,0.2564920634920634,0,2,0,134874,470736,6302,101654,4.360443143502908,0.17759569524275406
5440,0.2565,6,30,6,134904,470706,6308,101648,4.360165252510282,0.1775963826582849
5441,0.2565384615384615,1,0,1,134904,470706,6309,101647,4.360165252510282,0.17759494577647011
5442,0.256547619047619,0,2,0,134906,470704,6309,101647,4.360146726444107,0.1775955663570082
5443,0.2566190476190476,0,1,0,134907,470703,6309,101647,4.36013746341102,0.17759587664890364
5444,0.2566309523809524,0,1,0,134908,470702,6309,101647,4.360128200377932,0.17759618694188337
5445,0.2566428571428572,0,1,0,134909,470701,6309,101647,4.360118937344844,0.17759649723594736
5446,0.2566666666666666,43,735,43,135644,469966,6352,101604,4.353310608025492,0.177763003656595
5447,0.2567142857142857,0,1,0,135645,469965,6352,101604,4.3533013449924045,0.17776331466542097
5448,0.25675,0,1,0,135646,469964,6352,101604,4.353292081959316,0.1777636256753352
5449,0.2567857142857143,1,8,1,135654,469956,6353,101603,4.353217977694617,0.17776467521288267
5450,0.2568095238095238,0,1,0,135655,469955,6353,101603,4.353208714661529,0.17776498623061876
5451,0.2568253968253968,0,1,0,135656,469954,6353,101603,4.353199451628441,0.17776529724944318
5452,0.2568333333333333,1,23,1,135679,469931,6354,101602,4.352986401867428,0.17777101234749348
5453,0.2569166666666667,0,1,0,135680,469930,6354,101602,4.35297713883434,0.17777132339046633
5454,0.2569523809523809,1,3,1,135683,469927,6355,101601,4.352949349735077,0.17777081787768928
5455,0.2569696969696969,0,1,0,135684,469926,6355,101601,4.35294008670199,0.177771128923043
5456,0.2569999999999999,0,1,0,135685,469925,6355,101601,4.352930823668902,0.1777714399694852
5457,0.257,1,47,1,135732,469878,6356,101600,4.352495461113787,0.17778462163022898
5458,0.2570238095238095,0,2,0,135734,469876,6356,101600,4.352476935047612,0.17778524382476255
5459,0.2570555555555555,0,1,0,135735,469875,6356,101600,4.352467672014525,0.17778555492366246
5460,0.2570714285714286,0,3,0,135738,469872,6356,101600,4.352439882915262,0.17778648822689475
5461,0.257073593073593,0,1,0,135739,469871,6356,101600,4.352430619882174,0.17778679933014974
5462,0.2570782828282828,0,1,0,135740,469870,6356,101600,4.352421356849087,0.1777871104344935
5463,0.2570833333333333,0,4,0,135744,469866,6356,101600,4.352384304716736,0.1777883548627565
5464,0.257095238095238,0,1,0,135745,469865,6356,101600,4.352375041683649,0.17778866597254425
5465,0.2571190476190476,0,1,0,135746,469864,6356,101600,4.352365778650562,0.17778897708342084
5466,0.2571428571428572,0,8,0,135754,469856,6356,101600,4.352291674385861,0.17779146600963153
5467,0.2571666666666666,0,5,0,135759,469851,6356,101600,4.352245359220423,0.17779302162390126
5468,0.2571666666666667,0,6,0,135765,469845,6356,101600,4.352189781021898,0.1777948883969586
5469,0.2571904761904762,0,1,0,135766,469844,6356,101600,4.352180517988811,0.1777951995296127
5470,0.2572023809523809,0,1,0,135767,469843,6356,101600,4.3521712549557225,0.17779551066335575
5471,0.2572222222222222,0,1,0,135768,469842,6356,101600,4.352161991922635,0.17779582179818773
5472,0.2572380952380952,1,0,1,135768,469842,6357,101599,4.352161991922635,0.17779438297217035
5473,0.2572460317460317,0,1,0,135769,469841,6357,101599,4.352152728889547,0.17779469410611787
5474,0.25725,0,3,0,135772,469838,6357,101599,4.352124939790285,0.17779562751449415
5475,0.2572619047619047,0,2,0,135774,469836,6357,101599,4.35210641372411,0.17779624979218983
5476,0.2572619047619048,0,1,0,135775,469835,6357,101599,4.352097150691022,0.17779656093267113
5477,0.2572857142857143,0,2,0,135777,469833,6357,101599,4.3520786246248475,0.1777971832169007
5478,0.2573333333333333,0,43,0,135820,469790,6357,101599,4.351680314202082,0.17781056338151416
5479,0.2573571428571428,0,2,0,135822,469788,6357,101599,4.351661788135908,0.1778111857637643
5480,0.2573809523809524,0,3,0,135825,469785,6357,101599,4.351633999036644,0.17781211934530894
5481,0.2574285714285714,0,1,0,135826,469784,6357,101599,4.351624736003557,0.17781243054133566
5482,0.2574523809523809,0,1,0,135827,469783,6357,101599,4.35161547297047,0.17781274173845169
5483,0.2574999999999999,1,6,1,135833,469777,6358,101598,4.3515598947719445,0.17781316998468608
5484,0.2575,30,358,30,136191,469419,6388,101568,4.3482437289266,0.1778814578965896
5485,0.2575238095238095,0,1,0,136192,469418,6388,101568,4.348234465893512,0.17788176943042386
5486,0.2575476190476191,0,2,0,136194,469416,6388,101568,4.3482159398273375,0.17788239250136606
5487,0.2575757575757575,0,1,0,136195,469415,6388,101568,4.348206676794249,0.177882704038474
5488,0.2576082251082251,0,1,0,136196,469414,6388,101568,4.348197413761162,0.17788301557667316
5489,0.2576190476190476,1,4,1,136200,469410,6389,101567,4.348160361628811,0.17788282190000648
5490,0.2576428571428572,0,1,0,136201,469409,6389,101567,4.348151098595724,0.17788313344168583
5491,0.2576666666666666,3,16,3,136217,469393,6392,101564,4.348002890066323,0.1778837986047986
5492,0.2576666666666667,1,11,1,136228,469382,6393,101563,4.34790099670236,0.1778857858462724
5493,0.2577142857142857,0,1,0,136229,469381,6393,101563,4.347891733669273,0.17788609741060418
5494,0.25775,0,3,0,136232,469378,6393,101563,4.34786394457001,0.17788703211014797
5495,0.2577705627705627,0,3,0,136235,469375,6393,101563,4.347836155470747,0.17788796681951455
5496,0.2577777777777778,1,3,1,136238,469372,6394,101562,4.347808366371485,0.17788746159801308
5497,0.2578095238095238,0,3,0,136241,469369,6394,101562,4.347780577272222,0.1778883963210966
5498,0.2578333333333333,0,5,0,136246,469364,6394,101562,4.347734262106784,0.17788995421473186
5499,0.2578571428571428,0,3,0,136249,469361,6394,101562,4.347706473007522,0.1778908889640109
5500,0.2578809523809524,0,1,0,136250,469360,6394,101562,4.347697209974434,0.17789120054928695
5501,0.2579166666666666,0,2,0,136252,469358,6394,101562,4.347678683908259,0.17789182372311357
5502,0.2579166666666667,0,1,0,136253,469357,6394,101562,4.347669420875171,0.17789213531166417
5503,0.2579761904761904,0,2,0,136255,469355,6394,101562,4.3476508948089965,0.17789275849204
5504,0.2579999999999999,0,4,0,136259,469351,6394,101562,4.347613842676646,0.17789400486589024
5505,0.258,8,96,8,136355,469255,6402,101554,4.346724591500241,0.17791240152134952
5506,0.2580032467532467,0,1,0,136356,469254,6402,101554,4.346715328467154,0.1779127132065423
5507,0.2580238095238095,0,2,0,136358,469252,6402,101554,4.346696802400978,0.17791333658020414
5508,0.258030303030303,0,1,0,136359,469251,6402,101554,4.346687539367891,0.1779136482686732
5509,0.258047619047619,0,1,0,136360,469250,6402,101554,4.346678276334803,0.17791395995823436
5510,0.2580476190476191,0,1,0,136361,469249,6402,101554,4.346669013301716,0.17791427164888762
5511,0.2580541958041957,0,1,0,136362,469248,6402,101554,4.346659750268628,0.177914583340633
5512,0.2580555555555556,0,2,0,136364,469246,6402,101554,4.346641224202453,0.17791520672740013
5513,0.2580833333333333,0,2,0,136366,469244,6402,101554,4.346622698136278,0.17791583011853582
5514,0.2580952380952381,0,3,0,136369,469241,6402,101554,4.346594909037015,0.1779167652134304
5515,0.2581666666666666,1,10,1,136379,469231,6403,101553,4.346502278706139,0.17791844200257892
5516,0.2581666666666667,0,2,0,136381,469229,6403,101553,4.346483752639965,0.17791906542252559
5517,0.258202380952381,1,0,1,136381,469229,6404,101552,4.346483752639965,0.17791762514869977
5518,0.2582142857142857,0,2,0,136383,469227,6404,101552,4.346465226573789,0.17791824856906088
5519,0.2582380952380952,0,1,0,136384,469226,6404,101552,4.346455963540702,0.1779185602808798
5520,0.25825,0,4,0,136388,469222,6404,101552,4.346418911408351,0.17791980713907782
5521,0.2582619047619047,0,1,0,136389,469221,6404,101552,4.346409648375264,0.17792011885635794
5522,0.2582857142857142,0,1,0,136390,469220,6404,101552,4.346400385342177,0.17792043057473036
5523,0.258297619047619,0,1,0,136391,469219,6404,101552,4.346391122309089,0.17792074229419505
5524,0.2583333333333333,30,398,30,136789,468821,6434,101522,4.342704435140242,0.17800165865102227
5525,0.2583809523809524,0,2,0,136791,468819,6434,101522,4.342685909074067,0.17800228284482442
5526,0.258426948051948,0,1,0,136792,468818,6434,101522,4.34267664604098,0.17800259494336712
5527,0.2584285714285714,0,1,0,136793,468817,6434,101522,4.342667383007892,0.17800290704300425
5528,0.258452380952381,0,1,0,136794,468816,6434,101522,4.342658119974804,0.17800321914373582
5529,0.2584761904761904,0,1,0,136795,468815,6434,101522,4.342648856941717,0.17800353124556184
5530,0.2584848484848485,0,1,0,136796,468814,6434,101522,4.342639593908629,0.1780038433484823
5531,0.2585,3,27,3,136823,468787,6437,101519,4.342389492015266,0.17800794661111755
5532,0.2585361860361859,0,1,0,136824,468786,6437,101519,4.342380228982178,0.17800825873874507
5533,0.2585714285714285,0,9,0,136833,468777,6437,101519,4.34229686168439,0.17801106793665045
5534,0.2585952380952381,0,1,0,136834,468776,6437,101519,4.3422875986513025,0.1780113800752242
5535,0.2586111111111111,0,1,0,136835,468775,6437,101519,4.342278335618214,0.17801169221489266
5536,0.2586363636363636,0,1,0,136836,468774,6437,101519,4.342269072585127,0.17801200435565578
5537,0.2586428571428571,1,0,1,136836,468774,6438,101518,4.342269072585127,0.17801056300982654
5538,0.2586666666666666,5,36,5,136872,468738,6443,101513,4.341935603393975,0.17801459357370703
5539,0.2586904761904762,0,1,0,136873,468737,6443,101513,4.341926340360888,0.17801490574309514
5540,0.25875,0,8,0,136881,468729,6443,101513,4.341852236096187,0.17801740313761527
5541,0.2587857142857143,0,1,0,136882,468728,6443,101513,4.3418429730631,0.17801771531685726
5542,0.2588095238095238,1,1,1,136883,468727,6444,101512,4.341833710030012,0.17801658602796372
5543,0.2588333333333333,0,6,0,136889,468721,6444,101512,4.341778131831487,0.17801845912109612
5544,0.2588571428571428,1,2,1,136891,468719,6445,101511,4.341759605765311,0.1780176420041036
5545,0.2588809523809524,0,2,0,136893,468717,6445,101511,4.341741079699137,0.17801826637765947
5546,0.2588888888888888,0,1,0,136894,468716,6445,101511,4.341731816666049,0.17801857856607983
5547,0.2588888888888889,0,3,0,136897,468713,6445,101511,4.341704027566786,0.17801951513791073
5548,0.2588939393939393,0,8,0,136905,468705,6445,101511,4.341629923302086,0.17802201271097268
5549,0.2589166666666667,0,1,0,136906,468704,6445,101511,4.341620660268998,0.178022324912533
5550,0.2589285714285714,0,2,0,136908,468702,6445,101511,4.341602134202823,0.17802294931893872
5551,0.2589999999999999,0,3,0,136911,468699,6445,101511,4.34157434510356,0.17802388593676013
5552,0.259,3,69,3,136980,468630,6448,101508,4.34093519582052,0.17804110583753407
5553,0.2590238095238095,0,2,0,136982,468628,6448,101508,4.340916669754344,0.17804173039415158
5554,0.259047619047619,0,2,0,136984,468626,6448,101508,4.340898143688169,0.1780423549551509
5555,0.2590476190476191,0,2,0,136986,468624,6448,101508,4.340879617621994,0.17804297952053208
5556,0.2590952380952381,0,1,0,136987,468623,6448,101508,4.3408703545889065,0.1780432918048659
5557,0.2591428571428571,0,1,0,136988,468622,6448,101508,4.340861091555819,0.17804360409029518
5558,0.2591666666666666,10,123,10,137111,468499,6458,101498,4.33972173848605,0.17806760386458173
5559,0.25925,0,1,0,137112,468498,6458,101498,4.339712475452962,0.17806791626607907
5560,0.2592857142857142,0,1,0,137113,468497,6458,101498,4.339703212419875,0.17806822866867253
5561,0.2592857142857143,1,10,1,137123,468487,6459,101497,4.339610582089,0.1780699107343364
5562,0.2593333333333333,4,53,4,137176,468434,6463,101493,4.339119641335359,0.1780807015635336
5563,0.2593571428571429,0,2,0,137178,468432,6463,101493,4.339101115269184,0.17808132649032768
5564,0.2594404761904762,0,1,0,137179,468431,6463,101493,4.339091852236097,0.1780816389553695
5565,0.2594444444444444,0,1,0,137180,468430,6463,101493,4.3390825892030085,0.17808195142150782
5566,0.2594642857142857,0,1,0,137181,468429,6463,101493,4.339073326169921,0.17808226388874268
5567,0.2594761904761904,0,1,0,137182,468428,6463,101493,4.339064063136833,0.17808257635707406
5568,0.2594999999999999,0,2,0,137184,468426,6463,101493,4.339045537070659,0.17808320129702643
5569,0.2595,2,24,2,137208,468402,6465,101491,4.338823224276557,0.17808781648484892
5570,0.2595238095238095,0,1,0,137209,468401,6465,101491,4.33881396124347,0.17808812897882406
5571,0.2595714285714285,0,1,0,137210,468400,6465,101491,4.338804698210382,0.17808844147389588
5572,0.2595833333333333,1,5,1,137215,468395,6466,101490,4.3387583830449445,0.17808856172736603
5573,0.2595973909131804,1,2,1,137217,468393,6467,101489,4.338739856978769,0.1780877444804363
5574,0.2596190476190476,0,2,0,137219,468391,6467,101489,4.338721330912594,0.1780883694812943
5575,0.2596428571428572,0,1,0,137220,468390,6467,101489,4.338712067879507,0.17808868198336839
5576,0.2596666666666666,0,6,0,137226,468384,6467,101489,4.338656489680981,0.17809055701884455
5577,0.2596666666666667,1,22,1,137248,468362,6468,101488,4.338452702953055,0.1780959901728525
5578,0.2597142857142857,0,2,0,137250,468360,6468,101488,4.33843417688688,0.1780966152377476
5579,0.2597619047619047,0,1,0,137251,468359,6468,101488,4.3384249138537925,0.17809692777184052
5580,0.2597777777777778,0,1,0,137252,468358,6468,101488,4.338415650820704,0.1780972403070303
5581,0.2598030303030303,0,1,0,137253,468357,6468,101488,4.338406387787617,0.17809755284331705
5582,0.2598214285714286,0,1,0,137254,468356,6468,101488,4.33839712475453,0.1780978653807007
5583,0.2598333333333332,0,1,0,137255,468355,6468,101488,4.338387861721442,0.17809817791918126
5584,0.2598333333333333,4,13,4,137268,468342,6472,101484,4.338267442291304,0.17809647155447453
5585,0.2598492063492063,0,1,0,137269,468341,6472,101484,4.338258179258216,0.17809678410038168
5586,0.2598571428571428,0,2,0,137271,468339,6472,101484,4.3382396531920415,0.17809740919548703
5587,0.2598571428571429,0,1,0,137272,468338,6472,101484,4.338230390158953,0.1780977217446852
5588,0.2598809523809524,0,1,0,137273,468337,6472,101484,4.338221127125866,0.17809803429498036
5589,0.2599047619047619,0,3,0,137276,468334,6472,101484,4.338193338026604,0.17809897195244798
5590,0.2599642857142857,0,2,0,137278,468332,6472,101484,4.338174811960428,0.17809959706291154
5591,0.2599999999999999,2,31,2,137309,468301,6474,101482,4.337887657934714,0.17810640191090293
5592,0.26,227,3649,227,140958,464652,6701,101255,4.304086850198229,0.17892515908090906
5593,0.260047619047619,1,0,1,140958,464652,6702,101254,4.304086850198229,0.17892370817768322
5594,0.260063492063492,0,2,0,140960,464650,6702,101254,4.304068324132054,0.17892434052418785
5595,0.2600952380952381,1,1,1,140961,464649,6703,101253,4.304059061098966,0.17892320578474719
5596,0.260111111111111,0,1,0,140962,464648,6703,101253,4.304049798065878,0.17892352195878786
5597,0.2601190476190476,0,7,0,140969,464641,6703,101253,4.303984956834266,0.17892573520836058
5598,0.2601428571428571,0,1,0,140970,464640,6703,101253,4.303975693801179,0.17892605139134077
5599,0.2601515151515151,0,2,0,140972,464638,6703,101253,4.303957167735003,0.17892668376065354
5600,0.2601666666666666,0,5,0,140977,464633,6703,101253,4.303910852569565,0.17892826470349152
5601,0.2601666666666667,0,8,0,140985,464625,6703,101253,4.303836748304865,0.17893079427014302
5602,0.2601904761904761,1,0,1,140985,464625,6704,101252,4.303836748304865,0.1789293433025198
5603,0.2602380952380952,0,4,0,140989,464621,6704,101252,4.303799696172515,0.1789306081046454
5604,0.26025,0,2,0,140991,464619,6704,101252,4.3037811701063395,0.1789312405124136
5605,0.2602857142857143,1,0,1,140991,464619,6705,101251,4.3037811701063395,0.17892978952763003
5606,0.260313492063492,1,0,1,140991,464619,6706,101250,4.3037811701063395,0.17892833853771808
5607,0.2603333333333333,2,9,2,141000,464610,6708,101248,4.303697802808552,0.17892828236059224
5608,0.2603571428571428,0,4,0,141004,464606,6708,101248,4.303660750676201,0.17892954719768703
5609,0.2604166666666666,0,1,0,141005,464605,6708,101248,4.303651487643114,0.17892986340975484
5610,0.2604166666666667,0,1,0,141006,464604,6708,101248,4.3036422246100265,0.17893017962294028
5611,0.2604523809523809,0,1,0,141007,464603,6708,101248,4.303632961576938,0.17893049583724338
5612,0.2604761904761905,0,3,0,141010,464600,6708,101248,4.303605172477676,0.17893144448685866
5613,0.2604960317460317,0,1,0,141011,464599,6708,101248,4.303595909444589,0.17893176070563244
5614,0.2604999999999999,0,6,0,141017,464593,6708,101248,4.303540331246063,0.1789336580417467
5615,0.2605,2,13,2,141030,464580,6710,101246,4.303419911815925,0.178934866902546
5616,0.2605238095238095,1,0,1,141030,464580,6711,101245,4.303419911815925,0.1789334158087748
5617,0.2605476190476191,0,3,0,141033,464577,6711,101245,4.303392122716662,0.17893436451746308
5618,0.2605595238095238,0,1,0,141034,464576,6711,101245,4.303382859683575,0.1789346807559281
5619,0.2605714285714285,1,0,1,141034,464576,6712,101244,4.303382859683575,0.178933229649005
5620,0.2605714285714286,0,1,0,141035,464575,6712,101244,4.303373596650487,0.1789335458865821
5621,0.2605833333333333,0,3,0,141038,464572,6712,101244,4.303345807551224,0.17893449460602034
5622,0.2606060606060605,1,0,1,141038,464572,6713,101243,4.303345807551224,0.17893304348594505
5623,0.2606190476190476,0,1,0,141039,464571,6713,101243,4.303336544518137,0.1789333597259877
5624,0.2606666666666666,2,36,2,141075,464535,6715,101241,4.303003075326985,0.1789418427080682
5625,0.2606666666666667,0,3,0,141078,464532,6715,101241,4.302975286227722,0.17894279154360496
5626,0.2606904761904762,0,2,0,141080,464530,6715,101241,4.302956760161547,0.17894342410621966
5627,0.2606984126984127,0,1,0,141081,464529,6715,101241,4.30294749712846,0.1789437403892041
5628,0.2607063492063491,0,2,0,141083,464527,6715,101241,4.3029289710622844,0.17894437295852716
5629,0.2607142857142857,1,10,1,141093,464517,6716,101240,4.302836340731409,0.17894608462643857
5630,0.2607619047619047,0,1,0,141094,464516,6716,101240,4.302827077698321,0.17894640092195221
5631,0.2608333333333333,11,105,11,141199,464411,6727,101229,4.301854459224129,0.17896365179265963
5632,0.2608809523809524,0,1,0,141200,464410,6727,101229,4.30184519619104,0.17896396818465488
5633,0.2608928571428571,0,1,0,141201,464409,6727,101229,4.301835933157953,0.17896428457776883
5634,0.2609166666666666,0,1,0,141202,464408,6727,101229,4.301826670124866,0.17896460097200148
5635,0.2609166666666667,0,1,0,141203,464407,6727,101229,4.301817407091778,0.17896491736735284
5636,0.2609523809523809,0,2,0,141205,464405,6727,101229,4.301798881025603,0.1789655501614118
5637,0.260952380952381,0,5,0,141210,464400,6727,101229,4.301752565860165,0.17896713216613716
5638,0.2609999999999999,1,14,1,141224,464386,6728,101228,4.30162288339694,0.1789701103579473
5639,0.261,5,57,5,141281,464329,6733,101223,4.3010948905109485,0.17898088946728152
5640,0.2610416666666666,0,1,0,141282,464328,6733,101223,4.301085627477861,0.17898120593898695
5641,0.261060606060606,0,3,0,141285,464325,6733,101223,4.301057838378599,0.17898215536081818
5642,0.2610714285714285,0,2,0,141287,464323,6733,101223,4.301039312312423,0.1789827883143016
5643,0.2610952380952381,0,1,0,141288,464322,6733,101223,4.301030049279336,0.17898310479272206
5644,0.2611111111111111,0,1,0,141289,464321,6733,101223,4.301020786246249,0.17898342127226174
5645,0.2611428571428571,0,2,0,141291,464319,6733,101223,4.3010022601800735,0.17898405423469874
5646,0.2611666666666666,0,9,0,141300,464310,6733,101223,4.300918892882286,0.1789869026210672
5647,0.2611904761904762,1,3,1,141303,464307,6734,101222,4.300891103783023,0.17898640034374896
5648,0.26125,1,8,1,141311,464299,6735,101221,4.3008169995183225,0.17898748054887537
5649,0.2612857142857143,0,1,0,141312,464298,6735,101221,4.300807736485234,0.1789877970501433
5650,0.2613095238095237,0,2,0,141314,464296,6735,101221,4.30078921041906,0.1789884300560372
5651,0.2613333333333333,6,26,6,141340,464270,6741,101215,4.300548371558783,0.17898794839827759
5652,0.2614166666666667,0,1,0,141341,464269,6741,101215,4.300539108525696,0.17898826491996236
5653,0.2614285714285714,0,9,0,141350,464260,6741,101215,4.300455741227908,0.17899111366550247
5654,0.2614761904761905,0,1,0,141351,464259,6741,101215,4.30044647819482,0.17899143019838223
5655,0.2614999999999999,0,3,0,141354,464256,6741,101215,4.300418689095557,0.17899237980373883
5656,0.2615,0,17,0,141371,464239,6741,101215,4.300261217533069,0.17899776109108786
5657,0.261547619047619,1,2,1,141373,464237,6742,101214,4.300242691466894,0.1789969422637859
5658,0.2615833333333333,0,1,0,141374,464236,6742,101214,4.300233428433806,0.1789972588204085
5659,0.2615952380952381,0,2,0,141376,464234,6742,101214,4.300214902367631,0.17899789193701277
5660,0.2616666666666666,14,383,14,141759,463851,6756,101200,4.296667160695098,0.17909887780041095
5661,0.2616666666666667,1,3,1,141762,463848,6757,101199,4.296639371595836,0.17909837588731556
5662,0.2616904761904762,0,1,0,141763,463847,6757,101199,4.296630108562748,0.1790986928497857
5663,0.2617142857142857,0,1,0,141764,463846,6757,101199,4.29662084552966,0.1790990098133777
5664,0.26175,0,2,0,141766,463844,6757,101199,4.296602319463485,0.17909964374392745
5665,0.2617857142857143,0,6,0,141772,463838,6757,101199,4.29654674126496,0.179101545562503
5666,0.2618333333333333,2,18,2,141790,463820,6759,101197,4.296380006669384,0.17910434553296625
5667,0.2618571428571428,1,1,1,141791,463819,6760,101196,4.296370743636296,0.17910320964930135
5668,0.2618888888888888,0,1,0,141792,463818,6760,101196,4.296361480603209,0.179103526638278
5669,0.2619047619047619,0,3,0,141795,463815,6760,101196,4.296333691503946,0.1791044776119403
5670,0.2619285714285714,0,1,0,141796,463814,6760,101196,4.296324428470858,0.1791047946054052
5671,0.2619523809523809,0,1,0,141797,463813,6760,101196,4.296315165437771,0.1791051115999922
5672,0.2619999999999999,1,2,1,141799,463811,6761,101195,4.296296639371596,0.17910429269777667
5673,0.262,3,78,3,141877,463733,6764,101192,4.295574122790766,0.17912466256582732
5674,0.2620238095238095,0,1,0,141878,463732,6764,101192,4.295564859757679,0.17912497964327945
5675,0.262047619047619,0,2,0,141880,463730,6764,101192,4.295546333691504,0.17912561380155137
5676,0.2620833333333333,0,3,0,141883,463727,6764,101192,4.295518544592241,0.17912656504737848
5677,0.262095238095238,0,2,0,141885,463725,6764,101192,4.2955000185260666,0.17912719921687612
5678,0.2621428571428571,0,1,0,141886,463724,6764,101192,4.295490755492978,0.1791275163033088
5679,0.2621428571428572,1,10,1,141896,463714,6765,101191,4.295398125162103,0.17912923411901116
5680,0.2621666666666666,1,16,1,141912,463698,6766,101190,4.295249916632702,0.17913285465437395
5681,0.2621904761904761,0,2,0,141914,463696,6766,101190,4.295231390566527,0.17913348888094235
5682,0.2621904761904762,0,1,0,141915,463695,6766,101190,4.29522212753344,0.17913380599591067
5683,0.26225,0,3,0,141918,463692,6766,101190,4.295194338434177,0.17913475734755224
5684,0.2622619047619048,0,1,0,141919,463691,6766,101190,4.295185075401089,0.17913507446701163
5685,0.2622857142857143,0,1,0,141920,463690,6766,101190,4.295175812368002,0.1791353915875938
5686,0.2623333333333333,4,35,4,141955,463655,6770,101186,4.294851606209938,0.17914067852723156
5687,0.2623571428571428,0,1,0,141956,463654,6770,101186,4.29484234317685,0.17914099568019262
5688,0.2623809523809523,0,1,0,141957,463653,6770,101186,4.294833080143762,0.17914131283427667
5689,0.2623809523809524,1,4,1,141961,463649,6771,101185,4.294796028011412,0.17914112818987526
5690,0.2624285714285714,0,1,0,141962,463648,6771,101185,4.2947867649783245,0.1791414453475629
5691,0.2624365079365079,0,2,0,141964,463646,6771,101185,4.294768238912149,0.17914207966630727
5692,0.2624999999999999,0,18,0,141982,463628,6771,101185,4.2946015043165735,0.17914778873715725
5693,0.2625,19,337,19,142319,463291,6790,101166,4.291479862166067,0.17922711561731008
5694,0.262547619047619,0,1,0,142320,463290,6790,101166,4.29147059913298,0.1792274331391641
5695,0.2625555555555555,0,1,0,142321,463289,6790,101166,4.291461336099893,0.17922775066214314
5696,0.2626190476190476,0,5,0,142326,463284,6790,101166,4.291415020934455,0.17922933829391444
5697,0.2626428571428572,0,1,0,142327,463283,6790,101166,4.291405757901368,0.17922965582364395
5698,0.2626666666666666,1,26,1,142353,463257,6791,101165,4.2911649190410905,0.17923645782765377
5699,0.2626666666666667,2,12,2,142365,463245,6793,101163,4.29105376264404,0.17923736020750947
5700,0.2626785714285714,0,1,0,142366,463244,6793,101163,4.291044499610953,0.17923767777508076
5701,0.2627380952380952,0,2,0,142368,463242,6793,101163,4.2910259735447775,0.1792383129135993
5702,0.2627564102564102,0,1,0,142369,463241,6793,101163,4.29101671051169,0.17923863048454652
5703,0.2628095238095237,0,1,0,142370,463240,6793,101163,4.291007447478602,0.1792389480566191
5704,0.2628333333333333,0,8,0,142378,463232,6793,101163,4.290933343213902,0.17924148867371256
5705,0.2628571428571428,2,8,2,142386,463224,6795,101161,4.290859238949202,0.17924112086607547
5706,0.2628571428571429,0,1,0,142387,463223,6795,101161,4.290849975916114,0.1792414384532517
5707,0.2628730158730158,0,1,0,142388,463222,6795,101161,4.290840712883027,0.17924175604155335
5708,0.2629166666666667,0,2,0,142390,463220,6795,101161,4.290822186816851,0.17924239122153296
5709,0.2629523809523809,0,3,0,142393,463217,6795,101161,4.290794397717589,0.1792433439999433
5710,0.2629999999999999,0,8,0,142401,463209,6795,101161,4.290720293452888,0.17924588479189185
5711,0.263,3,45,3,142446,463164,6798,101158,4.290303456963948,0.17925581494253282
5712,0.2630595238095238,0,4,0,142450,463160,6798,101158,4.290266404831598,0.17925708554396635
5713,0.2630952380952381,0,2,0,142452,463158,6798,101158,4.290247878765423,0.17925772085143785
5714,0.2631111111111111,0,2,0,142454,463156,6798,101158,4.290229352699248,0.17925835616341257
5715,0.2631190476190476,0,1,0,142455,463155,6798,101158,4.29022008966616,0.17925867382108865
5716,0.2631428571428572,0,1,0,142456,463154,6798,101158,4.290210826633072,0.17925899147989055
5717,0.2631666666666666,1,12,1,142468,463142,6799,101157,4.290099670236022,0.1792613490365923
5718,0.2631666666666667,0,4,0,142472,463138,6799,101157,4.290062618103672,0.17926261972904242
5719,0.2632142857142857,1,1,1,142473,463137,6800,101156,4.290053355070584,0.1792614829530049
5720,0.2632380952380952,0,1,0,142474,463136,6800,101156,4.290044092037497,0.17926180062804364
5721,0.26325,0,1,0,142475,463135,6800,101156,4.2900348290044095,0.1792621183042083
5722,0.2632857142857142,0,1,0,142476,463134,6800,101156,4.290025565971321,0.17926243598149888
5723,0.2633333333333333,52,725,52,143201,462409,6852,101104,4.283309866982845,0.1794173337615991
5724,0.2633571428571428,0,2,0,143203,462407,6852,101104,4.28329134091667,0.17941797054538422
5725,0.2633809523809524,0,1,0,143204,462406,6852,101104,4.283282077883582,0.1794182889389718
5726,0.2634166666666667,0,1,0,143205,462405,6852,101104,4.283272814850495,0.17941860733368944
5727,0.2634285714285714,0,2,0,143207,462403,6852,101104,4.2832542887843195,0.17941924412651483
5728,0.2634523809523809,0,3,0,143210,462400,6852,101104,4.283226499685057,0.1794201993242284
5729,0.263452380952381,0,1,0,143211,462399,6852,101104,4.28321723665197,0.1794205177257264
5730,0.2634999999999999,0,2,0,143213,462397,6852,101104,4.283198710585794,0.17942115453211263
5731,0.2635,0,16,0,143229,462381,6852,101104,4.283050502056393,0.17942624914594
5732,0.263547619047619,0,4,0,143233,462377,6852,101104,4.283013449924043,0.17942752284460345
5733,0.2635693767017297,0,2,0,143235,462375,6852,101104,4.282994923857868,0.17942815970071643
5734,0.2635714285714285,0,5,0,143240,462370,6852,101104,4.28294860869243,0.17942975186077795
5735,0.2635833333333333,1,3,1,143243,462367,6853,101103,4.282920819593167,0.17942925089179548
5736,0.2635952380952381,0,1,0,143244,462366,6853,101103,4.28291155656008,0.17942956932857
5737,0.2636111111111111,0,1,0,143245,462365,6853,101103,4.282902293526993,0.17942988776647475
5738,0.2636190476190476,2,0,2,143245,462365,6855,101101,4.282902293526993,0.17942697518572548
5739,0.2636666666666666,2,23,2,143268,462342,6857,101099,4.2826892437659785,0.17943138678228954
5740,0.2636666666666667,0,2,0,143270,462340,6857,101099,4.282670717699804,0.17943202369733013
5741,0.2636742424242423,0,1,0,143271,462339,6857,101099,4.282661454666716,0.17943234215654605
5742,0.2636746031746031,0,2,0,143273,462337,6857,101099,4.2826429286005405,0.17943297907836914
5743,0.2636904761904761,0,2,0,143275,462335,6857,101099,4.282624402534366,0.17943361600471394
5744,0.26375,2,6,2,143281,462329,6859,101097,4.282568824335841,0.17943261404337038
5745,0.2637619047619047,0,1,0,143282,462328,6859,101097,4.282559561302753,0.17943293251098194
5746,0.2637777777777777,0,1,0,143283,462327,6859,101097,4.2825502982696655,0.17943325097972398
5747,0.2637777777777778,0,1,0,143284,462326,6859,101097,4.282541035236578,0.1794335694495965
5748,0.2638095238095237,0,1,0,143285,462325,6859,101097,4.28253177220349,0.17943388792059947
5749,0.2638333333333333,0,7,0,143292,462318,6859,101097,4.282466930971878,0.17943611724927452
5750,0.2638571428571428,1,0,1,143292,462318,6860,101096,4.282466930971878,0.179434660835549
5751,0.2638636363636363,2,1,2,143293,462317,6862,101094,4.28245766793879,0.17943206646657592
5752,0.2638690476190476,0,1,0,143294,462316,6862,101094,4.282448404905702,0.17943238494169433
5753,0.2638809523809524,0,1,0,143295,462315,6862,101094,4.282439141872615,0.17943270341794326
5754,0.2639166666666666,0,1,0,143296,462314,6862,101094,4.282429878839527,0.17943302189532276
5755,0.2639285714285714,1,4,1,143300,462310,6863,101093,4.282392826707177,0.17943283937075238
5756,0.2639523809523809,0,3,0,143303,462307,6863,101093,4.2823650376079145,0.17943379481718139
5757,0.2639761904761905,0,1,0,143304,462306,6863,101093,4.282355774574826,0.17943411330158557
5758,0.2639999999999999,0,1,0,143305,462305,6863,101093,4.282346511541739,0.1794344317871203
5759,0.264,9,144,9,143449,462161,6872,101084,4.281012634777132,0.17946719456009375
5760,0.264047619047619,0,5,0,143454,462156,6872,101084,4.280966319611694,0.1794687877281443
5761,0.2640476190476191,0,2,0,143456,462154,6872,101084,4.2809477935455185,0.17946942500328458
5762,0.2640714285714285,0,6,0,143462,462148,6872,101084,4.280892215346993,0.17947133685586047
5763,0.2640833333333333,1,2,1,143464,462146,6873,101083,4.280873689280818,0.17947051732066352
5764,0.2640952380952381,0,1,0,143465,462145,6873,101083,4.280864426247731,0.17947083596696187
5765,0.2641111111111111,0,1,0,143466,462144,6873,101083,4.280855163214643,0.1794711546143917
5766,0.2641666666666666,13,146,13,143612,461998,6886,101070,4.27950276038386,0.17949874615499373
5767,0.2641666666666667,0,1,0,143613,461997,6886,101070,4.279493497350773,0.17949906494253792
5768,0.2641904761904762,0,1,0,143614,461996,6886,101070,4.279484234317685,0.17949938373121446
5769,0.2642539682539682,0,2,0,143616,461994,6886,101070,4.27946570825151,0.17950002131196455
5770,0.2642619047619047,0,1,0,143617,461993,6886,101070,4.279456445218423,0.1795003401040381
5771,0.2642857142857143,0,5,0,143622,461988,6886,101070,4.279410130052985,0.17950193408139126
5772,0.2643333333333333,1,29,1,143651,461959,6887,101069,4.279141502093445,0.17950972242943514
5773,0.2643571428571428,1,2,1,143653,461957,6888,101068,4.279122976027271,0.1795089028018294
5774,0.2643809523809524,0,3,0,143656,461954,6888,101068,4.279095186928008,0.17950985929501867
5775,0.2644047619047619,0,2,0,143658,461952,6888,101068,4.279076660861833,0.17951049696280771
5776,0.2644285714285714,0,2,0,143660,461950,6888,101068,4.279058134795657,0.1795111346351271
5777,0.2644444444444444,0,2,0,143662,461948,6888,101068,4.279039608729482,0.17951177231197693
5778,0.2644444444444445,0,1,0,143663,461947,6888,101068,4.279030345696395,0.17951209115210073
5779,0.2644761904761904,0,2,0,143665,461945,6888,101068,4.279011819630219,0.17951272883574623
5780,0.2645,0,21,0,143686,461924,6888,101068,4.278817295935381,0.17951942478756358
5781,0.2645238095238095,0,3,0,143689,461921,6888,101068,4.278789506836119,0.1795203813928869
5782,0.264551282051282,1,0,1,143689,461921,6889,101067,4.278789506836119,0.17951892402679986
5783,0.2645833333333333,0,2,0,143691,461919,6889,101067,4.278770980769943,0.17951956176530146
5784,0.2646428571428572,0,1,0,143692,461918,6889,101067,4.278761717736856,0.1795198806362514
5785,0.2646666666666666,3,35,3,143727,461883,6892,101064,4.278437511578791,0.17952666947332518
5786,0.2647023809523809,0,1,0,143728,461882,6892,101064,4.278428248545704,0.17952698837899195
5787,0.2647142857142857,0,3,0,143731,461879,6892,101064,4.278400459446441,0.17952794510279016
5788,0.2647272727272727,0,1,0,143732,461878,6892,101064,4.278391196413353,0.1795282640129889
5789,0.2647619047619047,0,1,0,143733,461877,6892,101064,4.278381933380266,0.17952858292432067
5790,0.2647777777777777,0,1,0,143734,461876,6892,101064,4.278372670347179,0.17952890183678544
5791,0.2648095238095238,0,1,0,143735,461875,6892,101064,4.278363407314091,0.17952922075038324
5792,0.2648333333333333,0,14,0,143749,461861,6892,101064,4.278233724850865,0.17953368565972377
5793,0.2648571428571428,0,2,0,143751,461859,6892,101064,4.27821519878469,0.17953432352204476
5794,0.2649999999999999,0,27,0,143778,461832,6892,101064,4.277965096891326,0.179542935107018
5795,0.265,101,1340,101,145118,460492,6993,100963,4.265552632554003,0.17982385053120908
5796,0.2650595238095238,0,1,0,145119,460491,6993,100963,4.265543369520916,0.17982417081363744
5797,0.2650714285714286,0,1,0,145120,460490,6993,100963,4.265534106487828,0.17982449109720672
5798,0.2650952380952381,0,1,0,145121,460489,6993,100963,4.265524843454741,0.1798248113819169
5799,0.2651363636363636,0,3,0,145124,460486,6993,100963,4.265497054355478,0.17982577224289295
5800,0.2651666666666666,1,12,1,145136,460474,6994,100962,4.265385897958428,0.17982815494553253
5801,0.2651666666666667,0,4,0,145140,460470,6994,100962,4.265348845826077,0.17982943615611507
5802,0.2651904761904762,0,2,0,145142,460468,6994,100962,4.265330319759903,0.1798300767682525
5803,0.2652142857142857,0,1,0,145143,460467,6994,100962,4.2653210567268145,0.17983039707603277
5804,0.2652380952380952,1,0,1,145143,460467,6995,100961,4.2653210567268145,0.17982893621265772
5805,0.2652380952380953,1,3,1,145146,460464,6996,100960,4.265293267627552,0.17982843626207642
5806,0.26525,0,2,0,145148,460462,6996,100960,4.2652747415613765,0.17982907687978028
5807,0.2652539682539682,0,1,0,145149,460461,6996,100960,4.265265478528289,0.1798293971903438
5808,0.2652619047619048,0,1,0,145150,460460,6996,100960,4.265256215495202,0.17982971750204838
5809,0.2652777777777778,0,3,0,145153,460457,6996,100960,4.2652284263959395,0.17983067844400863
5810,0.2653055555555555,0,1,0,145154,460456,6996,100960,4.265219163362851,0.17983099876027758
5811,0.2653333333333333,0,33,0,145187,460423,6996,100960,4.264913483270962,0.17984156983734811
5812,0.2653571428571428,0,1,0,145188,460422,6996,100960,4.264904220237875,0.179841890192418
5813,0.2653968253968253,0,1,0,145189,460421,6996,100960,4.264894957204787,0.17984221054862917
5814,0.2654166666666666,0,3,0,145192,460418,6996,100960,4.264867168105525,0.17984317162411068
5815,0.2654166666666667,0,3,0,145195,460415,6996,100960,4.264839379006262,0.17984413270986419
5816,0.2654285714285714,0,3,0,145198,460412,6996,100960,4.264811589906999,0.17984509380588987
5817,0.2654761904761905,0,3,0,145201,460409,6996,100960,4.264783800807736,0.17984605491218789
5818,0.2654999999999999,0,2,0,145203,460407,6996,100960,4.264765274741562,0.17984669565542685
5819,0.2655,1,18,1,145221,460389,6997,100959,4.264598540145985,0.17985100151777508
5820,0.2655238095238095,0,3,0,145224,460386,6997,100959,4.264570751046723,0.1798519626967373
5821,0.2655411255411255,0,4,0,145228,460382,6997,100959,4.264533698914373,0.1798532442846683
5822,0.265547619047619,0,2,0,145230,460380,6997,100959,4.264515172848197,0.1798538850854831
5823,0.2655555555555555,0,1,0,145231,460379,6997,100959,4.26450590981511,0.17985420548760284
5824,0.2655833333333333,0,1,0,145232,460378,6997,100959,4.264496646782022,0.17985452589086412
5825,0.2655952380952381,0,2,0,145234,460376,6997,100959,4.2644781207158475,0.17985516670081145
5826,0.2656190476190476,0,1,0,145235,460375,6997,100959,4.264468857682759,0.1798554871074975
5827,0.2656666666666666,0,33,0,145268,460342,6997,100959,4.26416317759087,0.1798660611686065
5828,0.2656666666666667,0,1,0,145269,460341,6997,100959,4.264153914557783,0.1798663816141101
5829,0.2656944444444444,0,1,0,145270,460340,6997,100959,4.2641446515246955,0.1798667020607555
5830,0.2657142857142857,2,20,2,145290,460320,6999,100957,4.2639593908629445,0.17987018887287382
5831,0.2657777777777778,0,1,0,145291,460319,6999,100957,4.263950127829856,0.17987050933943372
5832,0.2658095238095238,0,1,0,145292,460318,6999,100957,4.263940864796769,0.17987082980713553
5833,0.2658333333333333,14,134,14,145426,460184,7013,100943,4.262699618363037,0.1798933218326689
5834,0.2658571428571428,0,1,0,145427,460183,7013,100943,4.2626903553299496,0.17989364242612177
5835,0.2658650793650794,0,1,0,145428,460182,7013,100943,4.262681092296861,0.1798939630207173
5836,0.2659166666666667,0,1,0,145429,460181,7013,100943,4.262671829263774,0.17989428361645554
5837,0.2659523809523809,0,5,0,145434,460176,7013,100943,4.262625514098336,0.17989588661228723
5838,0.265952380952381,0,1,0,145435,460175,7013,100943,4.262616251065249,0.17989620721488173
5839,0.2659999999999999,1,11,1,145446,460164,7014,100942,4.262514357701286,0.17989827234069855
5840,0.266,10,119,10,145565,460045,7024,100932,4.2614120567638665,0.17992181497637158
5841,0.266018759018759,0,2,0,145567,460043,7024,100932,4.261393530697692,0.17992245643745264
5842,0.2660238095238095,0,1,0,145568,460042,7024,100932,4.261384267664604,0.1799227771697084
5843,0.266047619047619,0,2,0,145570,460040,7024,100932,4.261365741598429,0.17992341863765035
5844,0.2660476190476191,0,1,0,145571,460039,7024,100932,4.261356478565341,0.17992373937333658
5845,0.2660595238095238,0,1,0,145572,460038,7024,100932,4.261347215532254,0.17992406011016632
5846,0.2660833333333333,0,1,0,145573,460037,7024,100932,4.261337952499166,0.17992438084813955
5847,0.2660952380952381,0,1,0,145574,460036,7024,100932,4.261328689466079,0.17992470158725632
5848,0.2661111111111111,0,1,0,145575,460035,7024,100932,4.261319426432991,0.1799250223275166
5849,0.2661111111111112,0,1,0,145576,460034,7024,100932,4.261310163399903,0.17992534306892038
5850,0.2661666666666666,1,14,1,145590,460020,7025,100931,4.261180480936678,0.1799283716403037
5851,0.2661666666666667,0,2,0,145592,460018,7025,100931,4.261161954870503,0.17992901315449356
5852,0.2661904761904761,0,2,0,145594,460016,7025,100931,4.261143428804328,0.1799296546732579
5853,0.2661904761904762,0,1,0,145595,460015,7025,100931,4.2611341657712405,0.17992997543435554
5854,0.2662222222222222,0,1,0,145596,460014,7025,100931,4.261124902738152,0.1799302961965968
5855,0.26625,1,6,1,145602,460008,7026,100930,4.261069324539627,0.1799307588360924
5856,0.2663095238095238,0,2,0,145604,460006,7026,100930,4.261050798473452,0.17993140037366118
5857,0.2663333333333333,1,15,1,145619,459991,7027,100929,4.260911852977139,0.17993475005348356
5858,0.2663809523809524,0,1,0,145620,459990,7027,100929,4.260902589944052,0.17993507083910512
5859,0.2664166666666666,0,3,0,145623,459987,7027,100929,4.260874800844789,0.1799360332028325
5860,0.2664285714285714,0,2,0,145625,459985,7027,100929,4.260856274778614,0.1799366747843698
5861,0.2664444444444445,0,1,0,145626,459984,7027,100929,4.260847011745526,0.17993699557685416
5862,0.2664999999999999,2,30,2,145656,459954,7029,100927,4.2605691207528995,0.17994369572155233
5863,0.2665,1,8,1,145664,459946,7030,100926,4.260495016488199,0.17994480023962686
5864,0.266547619047619,0,3,0,145667,459943,7030,100926,4.260467227388936,0.17994576273603996
5865,0.2666190476190476,1,0,1,145667,459943,7031,100925,4.260467227388936,0.17994430061975367
5866,0.2666428571428571,0,3,0,145670,459940,7031,100925,4.260439438289674,0.17994526312035874
5867,0.2666547619047619,0,1,0,145671,459939,7031,100925,4.260430175256586,0.1799455839561819
5868,0.2666666666666666,38,655,38,146326,459284,7069,100887,4.254362888584238,0.1801003622108249
5869,0.2666666666666667,0,1,0,146327,459283,7069,100887,4.2543536255511505,0.18010068372101326
5870,0.2667142857142857,0,1,0,146328,459282,7069,100887,4.254344362518063,0.18010100523234954
5871,0.2667261904761904,0,1,0,146329,459281,7069,100887,4.254335099484975,0.1801013267448337
5872,0.2667499999999999,0,1,0,146330,459280,7069,100887,4.254325836451888,0.18010164825846578
5873,0.26675,0,1,0,146331,459279,7069,100887,4.254316573418801,0.1801019697732458
5874,0.2667619047619047,0,2,0,146333,459277,7069,100887,4.254298047352625,0.1801026128062496
5875,0.2667857142857143,0,5,0,146338,459272,7069,100887,4.254251732187187,0.18010422040884821
5876,0.2667878787878787,0,1,0,146339,459271,7069,100887,4.2542424691541,0.1801045419328118
5877,0.2668095238095238,0,1,0,146340,459270,7069,100887,4.254233206121012,0.1801048634579234
5878,0.2668333333333333,1,15,1,146355,459255,7070,100886,4.254094260624699,0.1801082227510573
5879,0.2668333333333334,0,1,0,146356,459254,7070,100886,4.254084997591612,0.1801085442924983
5880,0.2668571428571428,0,1,0,146357,459253,7070,100886,4.254075734558524,0.18010886583508737
5881,0.2669166666666666,0,1,0,146358,459252,7070,100886,4.254066471525436,0.1801091873788245
5882,0.2669285714285714,0,1,0,146359,459251,7070,100886,4.254057208492349,0.18010950892370975
5883,0.2669642857142857,0,1,0,146360,459250,7070,100886,4.254047945459261,0.18010983046974305
5884,0.2669999999999999,0,2,0,146362,459248,7070,100886,4.254029419393086,0.18011047356525403
5885,0.267,4,53,4,146415,459195,7074,100882,4.253538478639446,0.18012166184292516
5886,0.2670238095238095,0,3,0,146418,459192,7074,100882,4.253510689540183,0.18012262665290657
5887,0.2670833333333333,0,5,0,146423,459187,7074,100882,4.253464374374746,0.1801242346925111
5888,0.267095238095238,1,2,1,146425,459185,7075,100881,4.25344584830857,0.18012341402620405
5889,0.2671190476190476,0,2,0,146427,459183,7075,100881,4.253427322242395,0.18012405725059993
5890,0.2671428571428571,2,5,2,146432,459178,7077,100879,4.253381007076957,0.18012273750707516
5891,0.2671666666666666,0,13,0,146445,459165,7077,100879,4.253260587646819,0.18012691859925292
5892,0.26725,1,1,1,146446,459164,7078,100878,4.253251324613731,0.18012577628106463
5893,0.2672619047619047,0,4,0,146450,459160,7078,100878,4.253214272481381,0.1801270628064524
5894,0.2672857142857142,0,3,0,146453,459157,7078,100878,4.253186483382119,0.18012802771255368
5895,0.2672857142857143,0,1,0,146454,459156,7078,100878,4.2531772203490315,0.18012834935021801
5896,0.2673095238095238,0,2,0,146456,459154,7078,100878,4.253158694282856,0.18012899262899262
5897,0.2673333333333333,4,33,4,146489,459121,7082,100874,4.252853014190967,0.1801337511942071
5898,0.2673809523809524,0,5,0,146494,459116,7082,100874,4.252806699025529,0.18013535955999213
5899,0.2674444444444444,0,1,0,146495,459115,7082,100874,4.252797435992441,0.1801356812365957
5900,0.2674999999999999,0,11,0,146506,459104,7082,100874,4.252695542628478,0.1801392197550618
5901,0.2675,26,307,26,146813,458797,7108,100848,4.249851791470599,0.18019994818143645
5902,0.267512987012987,0,1,0,146814,458796,7108,100848,4.249842528437512,0.18020027017175205
5903,0.2676190476190476,1,5,1,146819,458791,7109,100847,4.249796213272074,0.18020041526844138
5904,0.2676666666666666,1,28,1,146847,458763,7110,100846,4.249536848345622,0.18020796663384614
5905,0.2676666666666667,2,10,2,146857,458753,7112,100844,4.249444218014747,0.18020825701352938
5906,0.2676771284271284,0,1,0,146858,458752,7112,100844,4.249434954981659,0.180208579046312
5907,0.2676904761904762,0,1,0,146859,458751,7112,100844,4.249425691948572,0.18020890108024554
5908,0.2677142857142857,0,5,0,146864,458746,7112,100844,4.249379376783134,0.18021051126717774
5909,0.2677222222222222,1,1,1,146865,458745,7113,100843,4.249370113750047,0.180209368320979
5910,0.26775,0,1,0,146866,458744,7113,100843,4.2493608507169585,0.1802096903609269
5911,0.2677777777777778,0,1,0,146867,458743,7113,100843,4.249351587683871,0.18021001240202578
5912,0.2678333333333333,0,12,0,146879,458731,7113,100843,4.249240431286821,0.18021387698499217
5913,0.2678571428571428,0,3,0,146882,458728,7113,100843,4.249212642187558,0.1802148431566325
5914,0.2678571428571429,0,2,0,146884,458726,7113,100843,4.249194116121383,0.18021548727681483
5915,0.2679166666666667,0,1,0,146885,458725,7113,100843,4.249184853088296,0.18021580933863265
5916,0.2679285714285714,0,1,0,146886,458724,7113,100843,4.2491755900552075,0.1802161314016016
5917,0.2679523809523809,1,1,1,146887,458723,7114,100842,4.24916632702212,0.18021498842851144
5918,0.2679761904761905,0,2,0,146889,458721,7114,100842,4.249147800955945,0.1802156325561197
5919,0.2679999999999999,0,5,0,146894,458716,7114,100842,4.249101485790507,0.1802172428952852
5920,0.268,2,67,2,146961,458649,7116,100840,4.248480862573641,0.18023589382454347
5921,0.2680833333333333,0,1,0,146962,458648,7116,100840,4.2484715995405535,0.18023621596888584
5922,0.268095238095238,0,1,0,146963,458647,7116,100840,4.248462336507466,0.18023653811437979
5923,0.2680952380952381,0,1,0,146964,458646,7116,100840,4.248453073474378,0.1802368602610253
5924,0.2681190476190476,0,1,0,146965,458645,7116,100840,4.248443810441291,0.1802371824088224
5925,0.2681666666666666,0,16,0,146981,458629,7116,100840,4.24829560191189,0.1802423369301963
5926,0.2681746031746032,0,1,0,146982,458628,7116,100840,4.248286338878803,0.18024265909757126
5927,0.2681818181818182,0,1,0,146983,458627,7116,100840,4.248277075845715,0.18024298126609792
5928,0.2682222222222222,0,3,0,146986,458624,7116,100840,4.248249286746452,0.18024394777858807
5929,0.2682261904761904,0,1,0,146987,458623,7116,100840,4.248240023713365,0.18024426995172158
5930,0.26825,0,1,0,146988,458622,7116,100840,4.248230760680277,0.18024459212600677
5931,0.2682564935064934,1,0,1,146988,458622,7117,100839,4.248230760680277,0.18024312686675212
5932,0.2682857142857142,0,1,0,146989,458621,7117,100839,4.248221497647189,0.18024344904014586
5933,0.2682857142857143,0,4,0,146993,458617,7117,100839,4.248184445514839,0.18024473774523822
5934,0.2683333333333333,37,407,37,147400,458210,7154,100802,4.244414391048204,0.1803217104462874
5935,0.2683809523809523,0,1,0,147401,458209,7154,100802,4.244405128015117,0.18032203301902824
5936,0.2684285714285714,0,2,0,147403,458207,7154,100802,4.244386601948942,0.18032267816797226
5937,0.2684444444444444,0,3,0,147406,458204,7154,100802,4.244358812849679,0.18032364590004402
5938,0.2684523809523809,0,2,0,147408,458202,7154,100802,4.244340286783505,0.18032429106052908
5939,0.2684761904761905,0,1,0,147409,458201,7154,100802,4.244331023750417,0.18032461364250282
5940,0.2684999999999999,0,4,0,147413,458197,7154,100802,4.244293971618067,0.18032590398193915
5941,0.2685,3,26,3,147439,458171,7157,100799,4.244053132757791,0.18032989248081294
5942,0.2685238095238095,1,0,1,147439,458171,7158,100798,4.244053132757791,0.1803284260844519
5943,0.268543956043956,0,1,0,147440,458170,7158,100798,4.2440438697247025,0.18032874869402185
5944,0.2685454545454545,0,1,0,147441,458169,7158,100798,4.244034606691615,0.18032907130474607
5945,0.2685714285714285,0,11,0,147452,458158,7158,100798,4.243932713327652,0.18033262009889867
5946,0.2686071428571429,0,1,0,147453,458157,7158,100798,4.243923450294565,0.18033294272347505
5947,0.2686111111111111,0,1,0,147454,458156,7158,100798,4.243914187261477,0.18033326534920585
5948,0.2686190476190476,0,1,0,147455,458155,7158,100798,4.2439049242283895,0.180333587976091
5949,0.2686666666666666,2,27,2,147482,458128,7160,100796,4.243654822335025,0.1803393663539229
5950,0.2686666666666667,0,1,0,147483,458127,7160,100796,4.243645559301938,0.1803396890090406
5951,0.2686904761904762,0,2,0,147485,458125,7160,100796,4.243627033235763,0.18034033432273971
5952,0.2687222222222222,0,2,0,147487,458123,7160,100796,4.243608507169587,0.1803409796410571
5953,0.26875,2,6,2,147493,458117,7162,100794,4.243552928971062,0.18033998257325407
5954,0.2688095238095238,0,2,0,147495,458115,7162,100794,4.243534402904888,0.1803406279018588
5955,0.2688333333333333,1,11,1,147506,458104,7163,100793,4.243432509540924,0.18034271073203112
5956,0.2688461538461538,0,1,0,147507,458103,7163,100793,4.243423246507836,0.18034303340872004
5957,0.2688571428571428,0,1,0,147508,458102,7163,100793,4.243413983474749,0.18034335608656366
5958,0.2688690476190476,0,2,0,147510,458100,7163,100793,4.243395457408574,0.18034400144571502
5959,0.2688888888888889,0,2,0,147512,458098,7163,100793,4.243376931342398,0.18034464680948523
5960,0.2689047619047618,0,1,0,147513,458097,7163,100793,4.243367668309311,0.18034496949310239
5961,0.2689285714285714,1,3,1,147516,458094,7164,100792,4.2433398792100485,0.18034447096545628
5962,0.2689523809523809,0,1,0,147517,458093,7164,100792,4.243330616176961,0.18034479365164569
5963,0.2689999999999999,4,68,4,147585,458025,7168,100788,4.242700729927007,0.18036087206274729
5964,0.269,2,8,2,147593,458017,7170,100786,4.242626625662307,0.18036052061280988
5965,0.2690238095238095,1,1,1,147594,458016,7171,100785,4.242617362629219,0.18035937659381426
5966,0.2690357142857142,0,1,0,147595,458015,7171,100785,4.242608099596132,0.18035969935576235
5967,0.2690384615384615,0,1,0,147596,458014,7171,100785,4.242598836563044,0.18036002211886565
5968,0.269047619047619,0,7,0,147603,458007,7171,100785,4.242533995331431,0.18036228149293476
5969,0.2690476190476191,0,3,0,147606,458004,7171,100785,4.242506206232169,0.18036324981343585
5970,0.2691071428571429,0,2,0,147608,458002,7171,100785,4.242487680165993,0.1803638953662129
5971,0.2691666666666666,15,128,15,147736,457874,7186,100770,4.241302011930786,0.18038321363873952
5972,0.2691666666666667,0,1,0,147737,457873,7186,100770,4.241292748897699,0.18038353653406558
5973,0.2691904761904762,0,2,0,147739,457871,7186,100770,4.241274222831524,0.18038418232818573
5974,0.2692316017316017,0,3,0,147742,457868,7186,100770,4.241246433732261,0.18038515102803604
5975,0.2692857142857143,1,9,1,147751,457859,7187,100769,4.241163066434473,0.18038659000264934
5976,0.2693333333333333,4,37,4,147788,457822,7191,100765,4.240820334210234,0.1803926693603682
5977,0.2693650793650793,0,1,0,147789,457821,7191,100765,4.240811071177146,0.18039299230557157
5978,0.2694047619047619,0,1,0,147790,457820,7191,100765,4.240801808144059,0.18039331525193122
5979,0.2694444444444444,0,1,0,147791,457819,7191,100765,4.240792545110971,0.18039363819944718
5980,0.2694523809523809,0,1,0,147792,457818,7191,100765,4.240783282077883,0.18039396114811942
5981,0.2694999999999999,1,1,1,147793,457817,7192,100764,4.240774019044796,0.18039281679827993
5982,0.2695,1,16,1,147809,457801,7193,100763,4.240625810515395,0.18039651678232038
5983,0.2695119047619048,0,1,0,147810,457800,7193,100763,4.240616547482308,0.18039683974770976
5984,0.2695238095238095,0,2,0,147812,457798,7193,100763,4.240598021416132,0.18039748568195774
5985,0.2695714285714286,0,1,0,147813,457797,7193,100763,4.240588758383045,0.1803978086508164
5986,0.2695833333333333,1,10,1,147823,457787,7194,100762,4.240496128052169,0.18039957103136878
5987,0.2695952380952381,0,1,0,147824,457786,7194,100762,4.240486865019082,0.1803998940108997
5988,0.2696111111111111,0,1,0,147825,457785,7194,100762,4.240477601985995,0.1804002169915871
5989,0.2696190476190476,0,1,0,147826,457784,7194,100762,4.2404683389529065,0.18040053997343103
5990,0.2696428571428571,1,3,1,147829,457781,7195,100761,4.240440549853644,0.18040004153671524
5991,0.2696666666666666,2,28,2,147857,457753,7197,100759,4.240181184927192,0.1804061506288137
5992,0.2696904761904762,0,1,0,147858,457752,7197,100759,4.240171921894105,0.18040647364152182
5993,0.2696926406926406,0,1,0,147859,457751,7197,100759,4.240162658861017,0.18040679665538664
5994,0.2697012987012986,1,2,1,147861,457749,7198,100758,4.240144132794843,0.18040597521606713
5995,0.2697142857142857,0,1,0,147862,457748,7198,100758,4.2401348697617545,0.18040629823135293
5996,0.2697319624819624,0,2,0,147864,457746,7198,100758,4.24011634369558,0.1804069442653947
5997,0.2697619047619047,1,1,1,147865,457745,7199,100757,4.240107080662492,0.18040579980017976
5998,0.2698095238095238,0,1,0,147866,457744,7199,100757,4.240097817629405,0.1804061228180433
5999,0.2698333333333333,0,23,0,147889,457721,7199,100757,4.239884767868391,0.18041355254817557
6000,0.2698571428571428,0,1,0,147890,457720,7199,100757,4.239875504835303,0.18041387559380243
6001,0.2698809523809523,0,2,0,147892,457718,7199,100757,4.2398569787691285,0.18041452168852679
6002,0.2699523809523809,0,3,0,147895,457715,7199,100757,4.239829189669866,0.18041549083929007
6003,0.2699999999999999,6,35,6,147930,457680,7205,100751,4.239504983511801,0.1804179925541383
6004,0.27,228,3632,228,151562,454048,7433,100523,4.205861647337804,0.18126263363933562
6005,0.2700595238095238,0,2,0,151564,454046,7433,100523,4.205843121271629,0.18126328734566843
6006,0.2701190476190476,1,3,1,151567,454043,7434,100522,4.205815332172366,0.18126279155734676
6007,0.2701666666666666,1,15,1,151582,454028,7435,100521,4.205676386676053,0.18126621813401522
6008,0.2701904761904762,0,2,0,151584,454026,7435,100521,4.205657860609878,0.1812668718792095
6009,0.2702142857142857,0,1,0,151585,454025,7435,100521,4.205648597576791,0.181267198753575
6010,0.2702380952380952,0,2,0,151587,454023,7435,100521,4.205630071510615,0.18126785250584262
6011,0.2702380952380953,0,2,0,151589,454021,7435,100521,4.20561154544444,0.1812685062628259
6012,0.2702878787878788,0,1,0,151590,454020,7435,100521,4.205602282411353,0.1812688331430859
6013,0.2703030303030303,0,1,0,151591,454019,7435,100521,4.205593019378266,0.18126916002452484
6014,0.2703333333333333,2,25,2,151616,453994,7437,100519,4.205361443551077,0.18127437950057076
6015,0.2703571428571428,0,3,0,151619,453991,7437,100519,4.205333654451814,0.181275360227949
6016,0.2703787878787878,0,1,0,151620,453990,7437,100519,4.205324391418726,0.18127568713943326
6017,0.2703997113997114,0,1,0,151621,453989,7437,100519,4.205315128385639,0.18127601405209665
6018,0.2704166666666666,1,0,1,151621,453989,7438,100518,4.205315128385639,0.1812745375621949
6019,0.2704166666666667,0,2,0,151623,453987,7438,100518,4.205296602319463,0.18127519138691264
6020,0.2704242424242424,0,1,0,151624,453986,7438,100518,4.205287339286376,0.18127551830104022
6021,0.2704642857142857,1,4,1,151628,453982,7439,100517,4.205250287154025,0.18127534945960228
6022,0.2704761904761904,0,1,0,151629,453981,7439,100517,4.205241024120938,0.18127567637755232
6023,0.2704761904761905,1,4,1,151633,453977,7440,100516,4.205203971988588,0.1812755075357128
6024,0.2704999999999999,0,2,0,151635,453975,7440,100516,4.205185445922413,0.1812761613804372
6025,0.2705,0,13,0,151648,453962,7440,100516,4.205065026492274,0.18128041148611848
6026,0.2705238095238095,0,1,0,151649,453961,7440,100516,4.205055763459187,0.18128073842557943
6027,0.2705555555555555,0,1,0,151650,453960,7440,100516,4.2050465004261,0.18128106536621963
6028,0.2705833333333333,0,1,0,151651,453959,7440,100516,4.205037237393012,0.18128139230803914
6029,0.2705952380952381,0,1,0,151652,453958,7440,100516,4.205027974359925,0.18128171925103792
6030,0.2706190476190476,0,2,0,151654,453956,7440,100516,4.205009448293749,0.18128237314057338
6031,0.2706666666666666,1,45,1,151699,453911,7441,100515,4.204592611804809,0.18129561023472926
6032,0.2706666666666667,0,3,0,151702,453908,7441,100515,4.204564822705547,0.1812965912308833
6033,0.2707023809523809,0,2,0,151704,453906,7441,100515,4.204546296639371,0.1812972452342173
6034,0.2707142857142857,1,6,1,151710,453900,7442,100514,4.204490718440846,0.1812977305767892
6035,0.2707380952380953,0,1,0,151711,453899,7442,100514,4.204481455407759,0.1812980575852298
6036,0.27075,0,5,0,151716,453894,7442,100514,4.204435140242321,0.18129969264512777
6037,0.2707619047619047,0,1,0,151717,453893,7442,100514,4.204425877209234,0.18130001966064643
6038,0.2707857142857142,0,1,0,151718,453892,7442,100514,4.204416614176146,0.18130034667734476
6039,0.2708095238095238,0,1,0,151719,453891,7442,100514,4.204407351143058,0.18130067369522282
6040,0.2708333333333332,0,1,0,151720,453890,7442,100514,4.20439808810997,0.18130100071428057
6041,0.2708333333333333,11,108,11,151828,453782,7453,100503,4.203397680536515,0.1813200790207204
6042,0.2708571428571428,0,1,0,151829,453781,7453,100503,4.203388417503428,0.181320406145586
6043,0.2709047619047619,0,2,0,151831,453779,7453,100503,4.203369891437252,0.18132106039885834
6044,0.2709523809523809,0,2,0,151833,453777,7453,100503,4.203351365371077,0.18132171465685212
6045,0.270952380952381,0,4,0,151837,453773,7453,100503,4.203314313238727,0.1813230231870043
6046,0.2709999999999999,0,8,0,151845,453765,7453,100503,4.203240208974027,0.18132564030396847
6047,0.271,9,72,9,151917,453693,7462,100494,4.2025732705917225,0.181335902863113
6048,0.2710000000000001,0,1,0,151918,453692,7462,100494,4.202564007558635,0.18133623007437935
6049,0.2710238095238095,0,1,0,151919,453691,7462,100494,4.202554744525547,0.1813365572868266
6050,0.2710476190476191,0,1,0,151920,453690,7462,100494,4.20254548149246,0.1813368845004547
6051,0.2711111111111111,0,4,0,151924,453686,7462,100494,4.20250842936011,0.18133819336677615
6052,0.2711190476190476,0,3,0,151927,453683,7462,100494,4.2024806402608474,0.18133917502891675
6053,0.2711428571428571,0,1,0,151928,453682,7462,100494,4.202471377227759,0.18133950225199214
6054,0.2711666666666666,0,10,0,151938,453672,7462,100494,4.202378746896884,0.1813427745476987
6055,0.2711666666666667,1,1,1,151939,453671,7463,100493,4.202369483863796,0.18134162450105024
6056,0.2711904761904761,0,4,0,151943,453667,7463,100493,4.202332431731446,0.18134293344882343
6057,0.2711904761904762,0,5,0,151948,453662,7463,100493,4.202286116566008,0.18134456966011314
6058,0.27125,1,9,1,151957,453653,7464,100492,4.202202749268221,0.1813460375894396
6059,0.2712857142857142,0,1,0,151958,453652,7464,100492,4.2021934862351324,0.18134636484379513
6060,0.2713095238095238,1,7,1,151965,453645,7465,100491,4.20212864500352,0.18134717831001776
6061,0.2713333333333333,4,25,4,151990,453620,7469,100487,4.201897069176331,0.18134945055738333
6062,0.2713571428571428,0,2,0,151992,453618,7469,100487,4.201878543110156,0.18135010512448002
6063,0.2713611111111111,0,1,0,151993,453617,7469,100487,4.2018692800770685,0.18135043240980034
6064,0.2713888888888889,0,1,0,151994,453616,7469,100487,4.201860017043981,0.18135075969630196
6065,0.2714285714285714,2,9,2,152003,453607,7471,100485,4.201776649746193,0.18135075041689827
6066,0.2714801587301587,0,1,0,152004,453606,7471,100485,4.201767386713105,0.1813510777110619
6067,0.2714999999999999,1,16,1,152020,453590,7472,100484,4.201619178183704,0.18135483707952368
6068,0.2715,0,3,0,152023,453587,7472,100484,4.201591389084442,0.18135581901958414
6069,0.271547619047619,0,1,0,152024,453586,7472,100484,4.201582126051354,0.1813561463353006
6070,0.2715714285714286,0,1,0,152025,453585,7472,100484,4.201572863018266,0.18135647365219856
6071,0.2716190476190476,1,2,1,152027,453583,7473,100483,4.201554336952092,0.18135565077084678
6072,0.2716666666666666,36,384,36,152411,453199,7509,100447,4.197997332246471,0.18142820502631646
6073,0.2716666666666667,0,2,0,152413,453197,7509,100447,4.197978806180296,0.18142886042294326
6074,0.2717857142857143,0,1,0,152414,453196,7509,100447,4.197969543147208,0.18142918812303235
6075,0.2718333333333333,0,13,0,152427,453183,7509,100447,4.19784912371707,0.18143344833191843
6076,0.2718571428571428,0,3,0,152430,453180,7509,100447,4.1978213346178075,0.18143443148545862
6077,0.2718589743589743,0,1,0,152431,453179,7509,100447,4.197812071584719,0.18143475920567315
6078,0.2718888888888889,0,1,0,152432,453178,7509,100447,4.197802808551632,0.18143508692707158
6079,0.2719166666666666,0,1,0,152433,453177,7509,100447,4.197793545518545,0.1814354146496539
6080,0.2719523809523809,0,2,0,152435,453175,7509,100447,4.1977750194523695,0.18143607009837037
6081,0.2719642857142857,0,1,0,152436,453174,7509,100447,4.197765756419282,0.1814363978245045
6082,0.2719999999999999,0,1,0,152437,453173,7509,100447,4.197756493386194,0.18143672555182255
6083,0.272,7,94,7,152531,453079,7516,100440,4.196885768275965,0.18145718575152794
6084,0.2720238095238095,0,1,0,152532,453078,7516,100440,4.1968765052428765,0.18145751357679424
6085,0.2720833333333333,0,4,0,152536,453074,7516,100440,4.196839453110527,0.1814588248897047
6086,0.2720952380952381,0,1,0,152537,453073,7516,100440,4.1968301900774385,0.18145915272089364
6087,0.2721190476190476,0,1,0,152538,453072,7516,100440,4.196820927044351,0.18145948055326713
6088,0.2721428571428571,0,3,0,152541,453069,7516,100440,4.196793137945089,0.181460464057495
6089,0.2721666666666666,0,8,0,152549,453061,7516,100440,4.196719033680388,0.18146308678755774
6090,0.2722222222222222,0,3,0,152552,453058,7516,100440,4.1966912445811255,0.18146407033087744
6091,0.2722619047619047,0,1,0,152553,453057,7516,100440,4.196681981548038,0.18146439818101995
6092,0.2723095238095238,0,2,0,152555,453055,7516,100440,4.196663455481863,0.18146505388485895
6093,0.2723333333333333,0,23,0,152578,453032,7516,100440,4.196450405720849,0.18147259481961148
6094,0.2723809523809524,0,7,0,152585,453025,7516,100440,4.196385564489236,0.1814748900111118
6095,0.2724285714285714,0,3,0,152588,453022,7516,100440,4.1963577753899735,0.1814758736823847
6096,0.2724999999999999,1,9,1,152597,453013,7517,100439,4.196274408092186,0.18147734582222125
6097,0.2725,35,357,35,152954,452656,7552,100404,4.1929675052799285,0.18154268976241275
6098,0.2725079365079366,0,1,0,152955,452655,7552,100404,4.192958242246841,0.1815430180143529
6099,0.2725238095238095,0,1,0,152956,452654,7552,100404,4.192948979213754,0.1815433462674801
6100,0.2725714285714286,0,1,0,152957,452653,7552,100404,4.192939716180666,0.18154367452179432
6101,0.2726190476190476,0,5,0,152962,452648,7552,100404,4.192893401015229,0.18154531581117148
6102,0.2726666666666666,3,46,3,153008,452602,7555,100401,4.192467301493201,0.1815559770923485
6103,0.2727777777777778,0,1,0,153009,452601,7555,100401,4.192458038460114,0.18155630540215045
6104,0.2728333333333332,0,1,0,153010,452600,7555,100401,4.192448775427025,0.18155663371313976
6105,0.2728333333333333,1,16,1,153026,452584,7556,100400,4.192300566897625,0.181560406811047
6106,0.2728571428571428,1,12,1,153038,452572,7557,100399,4.192189410500574,0.18156286676878172
6107,0.2728571428571429,0,2,0,153040,452570,7557,100399,4.1921708844343994,0.1815635234524901
6108,0.2729047619047619,0,2,0,153042,452568,7557,100399,4.192152358368224,0.18156418014094874
6109,0.2729166666666666,0,2,0,153044,452566,7557,100399,4.192133832302049,0.18156483683415767
6110,0.2729166666666667,0,1,0,153045,452565,7557,100399,4.1921245692689615,0.18156516518254354
6111,0.2729285714285714,0,2,0,153047,452563,7557,100399,4.192106043202786,0.18156582188287804
6112,0.2729523809523809,0,1,0,153048,452562,7557,100399,4.192096780169699,0.1815661502348267
6113,0.272969696969697,0,1,0,153049,452561,7557,100399,4.192087517136612,0.18156647858796296
6114,0.2729761904761905,0,5,0,153054,452556,7557,100399,4.192041201971174,0.1815681203714588
6115,0.2729999999999999,1,12,1,153066,452544,7558,100398,4.191930045574122,0.18157058063956075
6116,0.273,2,51,2,153117,452493,7560,100396,4.191457630886657,0.18158436865265903
6117,0.273095238095238,2,0,2,153117,452493,7562,100394,4.191457630886657,0.1815814081358397
6118,0.2730952380952381,0,4,0,153121,452489,7562,100394,4.1914205787543075,0.18158272184169164
6119,0.2731666666666666,1,14,1,153135,452475,7563,100393,4.191290896291082,0.1815858396579292
6120,0.2731904761904761,0,1,0,153136,452474,7563,100393,4.191281633257994,0.1815861681019124
6121,0.2732142857142857,0,5,0,153141,452469,7563,100393,4.191235318092557,0.18158781033965077
6122,0.2732380952380953,0,2,0,153143,452467,7563,100393,4.191216792026381,0.18158846724306335
6123,0.27325,0,3,0,153146,452464,7563,100393,4.191189002927119,0.1815894526070937
6124,0.2733333333333332,0,5,0,153151,452459,7563,100393,4.191142687761681,0.181591094904242
6125,0.2733333333333333,29,441,29,153592,452018,7592,100364,4.187057690170069,0.18169310368549302
6126,0.2733333333333334,16,265,16,153857,451753,7608,100348,4.184602986401868,0.18175659888317536
6127,0.2733809523809524,1,1,1,153858,451752,7609,100347,4.1845937233687795,0.18175544603413518
6128,0.2734047619047619,0,1,0,153859,451751,7609,100347,4.184584460335692,0.1817557752428011
6129,0.2734523809523809,0,3,0,153862,451748,7609,100347,4.18455667123643,0.18175676287595433
6130,0.2734999999999999,1,2,1,153864,451746,7610,100346,4.184538145170254,0.18175593922752006
6131,0.2735,1,22,1,153886,451724,7611,100345,4.184334358442328,0.1817617000773454
6132,0.2735119047619048,0,1,0,153887,451723,7611,100345,4.184325095409241,0.18176202931522928
6133,0.2735238095238095,1,1,1,153888,451722,7612,100344,4.184315832376154,0.18176087641695016
6134,0.273531746031746,1,0,1,153888,451722,7613,100343,4.184315832376154,0.18175939427422497
6135,0.2735714285714286,0,7,0,153895,451715,7613,100343,4.18425099114454,0.1817616989519217
6136,0.2735833333333333,0,2,0,153897,451713,7613,100343,4.184232465078365,0.18176235744199865
6137,0.2736190476190476,0,1,0,153898,451712,7613,100343,4.184223202045278,0.1817626866888263
6138,0.2736309523809523,0,1,0,153899,451711,7613,100343,4.18421393901219,0.18176301593684677
6139,0.2736363636363636,0,1,0,153900,451710,7613,100343,4.184204675979102,0.18176334518606002
6140,0.2736428571428571,0,1,0,153901,451709,7613,100343,4.184195412946015,0.18176367443646613
6141,0.2736666666666666,5,28,5,153929,451681,7618,100338,4.1839360480195635,0.18176548270983425
6142,0.2736666666666667,0,1,0,153930,451680,7618,100338,4.183926784986476,0.18176581198439182
6143,0.2736904761904761,0,1,0,153931,451679,7618,100338,4.183917521953388,0.18176614126014234
6144,0.27375,1,10,1,153941,451669,7619,100337,4.183824891622513,0.1817679517976254
6145,0.2737619047619047,0,2,0,153943,451667,7619,100337,4.183806365556338,0.18176861037238862
6146,0.2737619047619048,0,2,0,153945,451665,7619,100337,4.183787839490162,0.18176926895192408
6147,0.2737777777777778,0,1,0,153946,451664,7619,100337,4.183778576457075,0.18176959824348143
6148,0.2738031135531135,0,1,0,153947,451663,7619,100337,4.183769313423988,0.1817699275362319
6149,0.2738095238095238,0,7,0,153954,451656,7619,100337,4.183704472192375,0.18177223261889192
6150,0.2738333333333333,1,14,1,153968,451642,7620,100336,4.183574789729149,0.18177536061219832
6151,0.2738333333333334,0,1,0,153969,451641,7620,100336,4.183565526696062,0.18177568992910936
6152,0.2738888888888889,0,3,0,153972,451638,7620,100336,4.183537737596799,0.18177667788700191
6153,0.2739285714285714,0,3,0,153975,451635,7620,100336,4.183509948497536,0.1817776658556337
6154,0.2739393939393939,0,3,0,153978,451632,7620,100336,4.183482159398273,0.18177865383500494
6155,0.2739523809523809,0,1,0,153979,451631,7620,100336,4.183472896365186,0.18177898316384855
6156,0.2739999999999999,5,112,5,154091,451519,7625,100331,4.18243543665938,0.18180846244450485
6157,0.274,1,11,1,154102,451508,7626,100330,4.1823335432954165,0.18181060383663322
6158,0.274047619047619,0,2,0,154104,451506,7626,100330,4.182315017229241,0.1818112627664741
6159,0.2740476190476191,0,1,0,154105,451505,7626,100330,4.182305754196154,0.18181159223318563
6160,0.2741111111111111,0,1,0,154106,451504,7626,100330,4.182296491163067,0.18181192170109128
6161,0.2741666666666666,14,133,14,154239,451371,7640,100316,4.181064507762422,0.18183498976774873
6162,0.2741666666666667,1,1,1,154240,451370,7641,100315,4.181055244729334,0.1818338363377652
6163,0.2741904761904761,0,1,0,154241,451369,7641,100315,4.181045981696246,0.1818341659355718
6164,0.27425,0,1,0,154242,451368,7641,100315,4.181036718663159,0.1818344955345733
6165,0.2742619047619047,0,1,0,154243,451367,7641,100315,4.181027455630072,0.18183482513476967
6166,0.2742777777777777,0,1,0,154244,451366,7641,100315,4.181018192596984,0.18183515473616094
6167,0.2742857142857142,1,8,1,154252,451358,7642,100314,4.180944088332284,0.1818363085311562
6168,0.2742857142857143,0,6,0,154258,451352,7642,100314,4.180888510133758,0.1818382862094093
6169,0.2743257575757576,0,1,0,154259,451351,7642,100314,4.180879247100671,0.1818386158266339
6170,0.2743333333333333,2,27,2,154286,451324,7644,100312,4.180629145207306,0.18184454966680927
6171,0.2743333333333334,0,9,0,154295,451315,7644,100312,4.1805457779095185,0.18184751652837877
6172,0.2743571428571428,0,1,0,154296,451314,7644,100312,4.180536514876431,0.18184784618564026
6173,0.2743809523809524,0,1,0,154297,451313,7644,100312,4.180527251843343,0.181848175844097
6174,0.2744047619047619,1,2,1,154299,451311,7645,100311,4.180508725777169,0.18184735199103735
6175,0.2744444444444444,0,1,0,154300,451310,7645,100311,4.180499462744081,0.18184768165098864
6176,0.2744523809523809,2,2,2,154302,451308,7647,100309,4.180480936677906,0.1818453745986799
6177,0.2744871794871795,0,2,0,154304,451306,7647,100309,4.180462410611731,0.18184603391858453
6178,0.2744999999999999,2,15,2,154319,451291,7649,100307,4.180323465115418,0.18184801250185822
6179,0.2745,0,1,0,154320,451290,7649,100307,4.18031420208233,0.1818483421773505
6180,0.2745238095238095,0,2,0,154322,451288,7649,100307,4.180295676016155,0.18184900153192107
6181,0.2745454545454545,0,1,0,154323,451287,7649,100307,4.180286412983067,0.1818493312109994
6182,0.2745833333333333,1,6,1,154329,451281,7650,100306,4.180230834784542,0.1818498260473869
6183,0.2746190476190476,0,1,0,154330,451280,7650,100306,4.180221571751455,0.18185015573274158
6184,0.2746428571428571,0,3,0,154333,451277,7650,100306,4.180193782652192,0.1818511447959781
6185,0.2746666666666666,3,23,3,154356,451254,7653,100303,4.1799807328911776,0.18185427798033565
6186,0.2746904761904762,0,1,0,154357,451253,7653,100303,4.17997146985809,0.18185460769169404
6187,0.2747106227106227,0,1,0,154358,451252,7653,100303,4.179962206825003,0.181854937404248
6188,0.2747222222222222,0,2,0,154360,451250,7653,100303,4.179943680758828,0.1818555968329426
6189,0.2747539682539683,0,1,0,154361,451249,7653,100303,4.1799344177257405,0.1818559265490833
6190,0.2747619047619047,0,2,0,154363,451247,7653,100303,4.179915891659565,0.1818565859849515
6191,0.2748333333333333,2,13,2,154376,451234,7655,100301,4.179795472229427,0.1818579056632852
6192,0.2748571428571428,1,1,1,154377,451233,7656,100300,4.179786209196339,0.1818567519985205
6193,0.2748809523809524,0,6,0,154383,451227,7656,100300,4.179730630997814,0.1818587303976052
6194,0.2749166666666667,0,1,0,154384,451226,7656,100300,4.179721367964726,0.18185906013497097
6195,0.2749523809523809,0,1,0,154385,451225,7656,100300,4.179712104931639,0.18185938987353248
6196,0.2749999999999999,2,32,2,154417,451193,7658,100298,4.1794156878728375,0.1818669751636926
6197,0.275,90,1365,90,155782,449828,7748,100208,4.166771647708326,0.1821844388367307
6198,0.275047619047619,0,4,0,155786,449824,7748,100208,4.166734595575975,0.18218576373738254
6199,0.2751125541125541,1,0,1,155786,449824,7749,100207,4.166734595575975,0.18218427688621186
6200,0.2751190476190476,0,3,0,155789,449821,7749,100207,4.1667068064767125,0.18218527056804382
6201,0.2751282051282051,0,1,0,155790,449820,7749,100207,4.166697543443625,0.18218560179772994
6202,0.2751428571428571,0,1,0,155791,449819,7749,100207,4.166688280410538,0.18218593302862046
6203,0.2751666666666666,2,19,2,155810,449800,7751,100205,4.166512282781874,0.1821892528249743
6204,0.2751904761904762,0,6,0,155816,449794,7751,100205,4.166456704583349,0.18219124034770973
6205,0.2751915584415584,0,3,0,155819,449791,7751,100205,4.166428915484086,0.18219223412533908
6206,0.2752142857142857,0,2,0,155821,449789,7751,100205,4.166410389417911,0.18219289664978164
6207,0.2752380952380953,0,2,0,155823,449787,7751,100205,4.166391863351736,0.1821935591790426
6208,0.2752857142857143,1,1,1,155824,449786,7752,100204,4.166382600318649,0.18219240349824542
6209,0.2753095238095239,0,1,0,155825,449785,7752,100204,4.1663733372855605,0.1821927347637862
6210,0.2753333333333332,0,1,0,155826,449784,7752,100204,4.166364074252473,0.18219306603053156
6211,0.2753333333333333,0,26,0,155852,449758,7752,100204,4.166123235392197,0.18220167938875778
6212,0.2753333333333334,1,10,1,155862,449748,7753,100203,4.166030605061321,0.18220350540320865
6213,0.2753571428571428,0,3,0,155865,449745,7753,100203,4.166002815962059,0.18220449933448254
6214,0.2753809523809524,1,1,1,155866,449744,7754,100202,4.165993552928971,0.1822033436010081
6215,0.2753888888888889,0,1,0,155867,449743,7754,100202,4.165984289895883,0.18220367491294584
6216,0.2754166666666666,1,0,1,155867,449743,7755,100201,4.165984289895883,0.18220218785912748
6217,0.2754166666666667,0,1,0,155868,449742,7755,100201,4.165975026862796,0.18220251917016855
6218,0.2754365079365079,0,1,0,155869,449741,7755,100201,4.165965763829709,0.1822028504824145
6219,0.2754761904761904,0,1,0,155870,449740,7755,100201,4.165956500796621,0.18220318179586537
6220,0.2754761904761905,1,5,1,155875,449735,7756,100200,4.165910185631183,0.18220335130515425
6221,0.2754999999999999,2,2,2,155877,449733,7758,100198,4.165891659565008,0.1822010397668071
6222,0.2755,0,17,0,155894,449716,7758,100198,4.16573418800252,0.18220667231603488
6223,0.2755555555555555,0,2,0,155896,449714,7758,100198,4.1657156619363445,0.1822073349917805
6224,0.2755952380952381,0,1,0,155897,449713,7758,100198,4.165706398903257,0.1822076663314609
6225,0.2756428571428571,0,1,0,155898,449712,7758,100198,4.165697135870169,0.18220799767234638
6226,0.2756666666666666,1,43,1,155941,449669,7759,100197,4.165298825447405,0.1822207592395238
6227,0.2756666666666667,0,2,0,155943,449667,7759,100197,4.165280299381229,0.18222142202435512
6228,0.2756904761904761,0,1,0,155944,449666,7759,100197,4.165271036348142,0.1822217534185788
6229,0.2757142857142857,0,22,0,155966,449644,7759,100197,4.165067249620216,0.18222904439647097
6230,0.2757499999999999,0,1,0,155967,449643,7759,100197,4.1650579865871284,0.18222937581841991
6231,0.27575,0,1,0,155968,449642,7759,100197,4.16504872355404,0.18222970724157436
6232,0.2757640692640692,0,1,0,155969,449641,7759,100197,4.165039460520953,0.18223003866593432
6233,0.275771978021978,0,1,0,155970,449640,7759,100197,4.165030197487866,0.18223037009149984
6234,0.2758095238095238,0,1,0,155971,449639,7759,100197,4.165020934454778,0.1822307015182709
6235,0.2758333333333332,0,1,0,155972,449638,7759,100197,4.1650116714216905,0.1822310329462475
6236,0.2758333333333333,5,96,5,156068,449542,7764,100192,4.164122420245285,0.18225541807492351
6237,0.2758333333333334,5,50,5,156118,449492,7769,100187,4.163659268590908,0.18226455804205727
6238,0.2758571428571429,0,2,0,156120,449490,7769,100187,4.163640742524732,0.1822652212117298
6239,0.2758888888888889,0,2,0,156122,449488,7769,100187,4.163622216458557,0.18226588438622823
6240,0.2758928571428571,0,1,0,156123,449487,7769,100187,4.16361295342547,0.18226621597528717
6241,0.2759047619047619,0,1,0,156124,449486,7769,100187,4.163603690392382,0.1822665475655526
6242,0.2759253246753246,0,1,0,156125,449485,7769,100187,4.163594427359294,0.18226687915702455
6243,0.2759444444444444,0,1,0,156126,449484,7769,100187,4.163585164326207,0.182267210749703
6244,0.2759523809523809,0,4,0,156130,449480,7769,100187,4.1635481121938565,0.18226853713248203
6245,0.2759761904761905,0,2,0,156132,449478,7769,100187,4.163529586127682,0.18226920033111077
6246,0.2759999999999999,0,8,0,156140,449470,7769,100187,4.163455481862981,0.18227185317388844
6247,0.276,7,140,7,156280,449330,7776,100180,4.162158657230724,0.18230787428800205
6248,0.2760714285714286,0,2,0,156282,449328,7776,100180,4.1621401311645485,0.1823085378192856
6249,0.2760833333333333,0,2,0,156284,449326,7776,100180,4.162121605098373,0.18230920135539921
6250,0.2761309523809523,1,0,1,156284,449326,7777,100179,4.162121605098373,0.1823077133056114
6251,0.2761666666666666,1,14,1,156298,449312,7778,100178,4.161991922635147,0.1823108700795283
6252,0.2761904761904761,0,2,0,156300,449310,7778,100178,4.161973396568973,0.1823115336458667
6253,0.2761904761904762,0,3,0,156303,449307,7778,100178,4.16194560746971,0.18231252900443143
6254,0.2762051282051282,0,1,0,156304,449306,7778,100178,4.161936344436622,0.1823128607930349
6255,0.2762222222222222,0,1,0,156305,449305,7778,100178,4.161927081403535,0.18231319258284606
6256,0.27625,1,7,1,156312,449298,7779,100177,4.161862240171922,0.18231402702579735
6257,0.2762857142857143,0,1,0,156313,449297,7779,100177,4.161852977138834,0.18231435882316543
6258,0.2763333333333333,3,20,3,156333,449277,7782,100174,4.1616677164770834,0.182316530500445
6259,0.2763333333333334,0,4,0,156337,449273,7782,100174,4.161630664344733,0.1823178577733612
6260,0.2763571428571428,0,2,0,156339,449271,7782,100174,4.161612138278558,0.1823185214170663
6261,0.2763888888888889,0,2,0,156341,449269,7782,100174,4.161593612212383,0.1823191850656028
6262,0.2764166666666667,1,1,1,156342,449268,7783,100173,4.161584349179296,0.1823180286873386
6263,0.2764285714285714,0,7,0,156349,449261,7783,100173,4.161519507947682,0.18232035148898684
6264,0.2764999999999999,1,29,1,156378,449232,7784,100172,4.161250879988144,0.18232848686940759
6265,0.2765,0,2,0,156380,449230,7784,100172,4.161232353921968,0.18232915060374735
6266,0.2765079365079365,0,3,0,156383,449227,7784,100172,4.161204564822706,0.18233014621431784
6267,0.276530303030303,0,1,0,156384,449226,7784,100172,4.161195301789618,0.18233047808692424
6268,0.276547619047619,0,1,0,156385,449225,7784,100172,4.16118603875653,0.18233080996073878
6269,0.2765833333333333,0,1,0,156386,449224,7784,100172,4.161176775723443,0.18233114183576146
6270,0.2766111111111111,0,1,0,156387,449223,7784,100172,4.161167512690355,0.1823314737119923
6271,0.2766666666666666,45,754,45,157141,448469,7829,100127,4.1541831857423395,0.18251500193220513
6272,0.2766666666666667,1,3,1,157144,448466,7830,100126,4.154155396643077,0.18251450987254644
6273,0.2767097069597069,1,5,1,157149,448461,7831,100125,4.154109081477639,0.1825146832037274
6274,0.2767142857142857,0,1,0,157150,448460,7831,100125,4.154099818444552,0.18251501590455443
6275,0.2767857142857142,0,1,0,157151,448459,7831,100125,4.1540905554114635,0.18251534860659444
6276,0.2767857142857143,0,6,0,157157,448453,7831,100125,4.154034977212938,0.18251734484430654
6277,0.2768333333333333,0,7,0,157164,448446,7831,100125,4.153970135981326,0.18251967384349518
6278,0.2768333333333334,0,4,0,157168,448442,7831,100125,4.153933083848975,0.18252100472686109
6279,0.2768571428571428,0,3,0,157171,448439,7831,100125,4.153905294749713,0.18252200290212264
6280,0.2769047619047619,1,2,1,157173,448437,7832,100124,4.153886768683538,0.1825211781369802
6281,0.2769069264069264,0,1,0,157174,448436,7832,100124,4.15387750565045,0.1825215108648097
6282,0.2769126984126984,0,2,0,157176,448434,7832,100124,4.153858979584275,0.18252217632410794
6283,0.2769523809523809,0,1,0,157177,448433,7832,100124,4.153849716551187,0.1825225090555767
6284,0.276969696969697,0,1,0,157178,448432,7832,100124,4.1538404535181,0.18252284178825862
6285,0.2769960317460316,0,1,0,157179,448431,7832,100124,4.153831190485012,0.18252317452215366
6286,0.2769999999999999,4,37,4,157216,448394,7836,100120,4.153488458260773,0.1825295252263388
6287,0.277,0,5,0,157221,448389,7836,100120,4.153442143095335,0.18253118909625912
6288,0.2770238095238095,1,1,1,157222,448388,7837,100119,4.1534328800622475,0.18253003152193134
6289,0.2770357142857143,0,1,0,157223,448387,7837,100119,4.15342361702916,0.18253036429865854
6290,0.2770549450549449,0,1,0,157224,448386,7837,100119,4.153414353996072,0.1825306970765991
6291,0.2770833333333333,0,3,0,157227,448383,7837,100119,4.15338656489681,0.1825316954177013
6292,0.277095238095238,1,0,1,157227,448383,7838,100118,4.15338656489681,0.1825302050497629
6293,0.2771071428571428,0,1,0,157228,448382,7838,100118,4.153377301863722,0.18253053783044668
6294,0.2771309523809524,0,1,0,157229,448381,7838,100118,4.153368038830635,0.18253087061234388
6295,0.2771428571428571,2,20,2,157249,448361,7840,100116,4.153182778168883,0.18253454566007327
6296,0.2771666666666667,1,6,1,157255,448355,7841,100115,4.153127199970358,0.1825350520538954
6297,0.2771904761904762,0,1,0,157256,448354,7841,100115,4.153117936937271,0.18253538486222556
6298,0.2772222222222222,0,1,0,157257,448353,7841,100115,4.153108673904184,0.18253571767176938
6299,0.2772619047619047,0,1,0,157258,448352,7841,100115,4.1530994108710955,0.18253605048252675
6300,0.2773333333333333,4,61,4,157319,448291,7845,100111,4.1525343658527545,0.18255039186582106
6301,0.2773809523809523,0,1,0,157320,448290,7845,100111,4.152525102819667,0.18255072474339032
6302,0.2773809523809524,0,2,0,157322,448288,7845,100111,4.152506576753492,0.18255139050217087
6303,0.2774523809523809,0,1,0,157323,448287,7845,100111,4.152497313720405,0.18255172338338213
6304,0.277452380952381,0,1,0,157324,448286,7845,100111,4.152488050687317,0.18255205626580742
6305,0.2774999999999999,0,8,0,157332,448278,7845,100111,4.152413946422617,0.18255471936891512
6306,0.2775,32,391,32,157723,447887,7877,100079,4.148792100485383,0.18263724391659336
6307,0.2775396825396825,0,2,0,157725,447885,7877,100079,4.148773574419208,0.18263791051966918
6308,0.2775595238095238,0,1,0,157726,447884,7877,100079,4.14876431138612,0.18263824382303184
6309,0.2776111111111111,0,1,0,157727,447883,7877,100079,4.148755048353033,0.18263857712761103
6310,0.2776190476190476,0,4,0,157731,447879,7877,100079,4.148717996220682,0.18263991035809313
6311,0.2776666666666667,1,38,1,157769,447841,7878,100078,4.148366000963356,0.1826510852881539
6312,0.2777142857142857,0,3,0,157772,447838,7878,100078,4.148338211864092,0.1826520853561495
6313,0.27775,0,2,0,157774,447836,7878,100078,4.148319685797918,0.18265275207423062
6314,0.2777777777777777,2,1,2,157775,447835,7880,100076,4.14831042276483,0.18265010193261313
6315,0.2777777777777778,0,4,0,157779,447831,7880,100076,4.14827337063248,0.18265143537133127
6316,0.2778333333333333,0,19,0,157798,447812,7880,100076,4.148097373003816,0.1826577694711328
6317,0.2778333333333334,0,2,0,157800,447810,7880,100076,4.148078846937641,0.18265843624403616
6318,0.2778409090909091,0,1,0,157801,447809,7880,100076,4.148069583904554,0.18265876963231334
6319,0.2778571428571428,2,3,2,157804,447806,7882,100074,4.148041794805291,0.18265678615755274
6320,0.2778809523809524,0,1,0,157805,447805,7882,100074,4.148032531772204,0.1826571195464692
6321,0.2779166666666666,0,2,0,157807,447803,7882,100074,4.148014005706028,0.18265778632795318
6322,0.2779166666666667,0,3,0,157810,447800,7882,100074,4.147986216606766,0.1826587865093069
6323,0.2779285714285714,0,1,0,157811,447799,7882,100074,4.147976953573679,0.18265911990552555
6324,0.2779523809523809,0,2,0,157813,447797,7882,100074,4.147958427507503,0.18265978670161406
6325,0.2779761904761904,0,1,0,157814,447796,7882,100074,4.147949164474415,0.18266012010148394
6326,0.2779761904761905,2,3,2,157817,447793,7884,100072,4.1479213753751525,0.1826581365847426
6327,0.2779999999999999,0,6,0,157823,447787,7884,100072,4.147865797176627,0.1826601370060545
6328,0.278,6,76,6,157899,447711,7890,100066,4.147161806661973,0.1826765271269148
6329,0.2780174825174825,0,4,0,157903,447707,7890,100066,4.1471247545296235,0.18267786108479242
6330,0.2780476190476191,0,1,0,157904,447706,7890,100066,4.147115491496535,0.18267819457730589
6331,0.2780555555555555,0,1,0,157905,447705,7890,100066,4.147106228463448,0.182678528071037
6332,0.278095238095238,0,1,0,157906,447704,7890,100066,4.147096965430361,0.18267886156598573
6333,0.2780952380952381,0,3,0,157909,447701,7890,100066,4.147069176331098,0.18267986205813785
6334,0.2781230158730159,0,3,0,157912,447698,7890,100066,4.147041387231835,0.18268086256124902
6335,0.2781666666666666,0,2,0,157914,447696,7890,100066,4.14702286116566,0.18268152956941153
6336,0.2781666666666667,0,11,0,157925,447685,7890,100066,4.146920967801697,0.18268519820137252
6337,0.2781818181818182,0,1,0,157926,447684,7890,100066,4.146911704768609,0.1826855317206755
6338,0.2782142857142857,0,3,0,157929,447681,7890,100066,4.146883915669346,0.1826865322858911
6339,0.2782575757575757,0,1,0,157930,447680,7890,100066,4.146874652636259,0.18268686581006524
6340,0.2782857142857142,0,1,0,157931,447679,7890,100066,4.146865389603172,0.18268719933545718
6341,0.2782857142857143,0,2,0,157933,447677,7890,100066,4.146846863536997,0.18268786638989454
6342,0.2783095238095238,0,3,0,157936,447674,7890,100066,4.146819074437734,0.18268886698068426
6343,0.2783333333333332,0,3,0,157939,447671,7890,100066,4.146791285338471,0.18268986758243463
6344,0.2783333333333333,20,276,20,158215,447395,7910,100046,4.144234688206306,0.18275211392643226
6345,0.2783333333333334,12,134,12,158349,447261,7922,100034,4.142993441772574,0.1827789400597484
6346,0.2783611111111111,1,3,1,158352,447258,7923,100033,4.142965652673311,0.1827784487594351
6347,0.2783809523809524,0,1,0,158353,447257,7923,100033,4.142956389640224,0.18277878272944875
6348,0.2783888888888889,0,1,0,158354,447256,7923,100033,4.142947126607136,0.1827791167006828
6349,0.2784285714285714,0,2,0,158356,447254,7923,100033,4.142928600540961,0.18277978464681235
6350,0.2784523809523809,0,4,0,158360,447250,7923,100033,4.142891548408611,0.18278112055371717
6351,0.2784999999999999,2,2,2,158362,447248,7925,100031,4.142873022342436,0.18277880203698663
6352,0.2785,2,22,2,158384,447226,7927,100029,4.14266923561451,0.1827831632419987
6353,0.2785714285714286,0,9,0,158393,447217,7927,100029,4.142585868316722,0.18278616929132419
6354,0.2785757575757575,0,1,0,158394,447216,7927,100029,4.142576605283634,0.18278650330290822
6355,0.2786190476190476,0,1,0,158395,447215,7927,100029,4.142567342250547,0.1827868373157129
6356,0.2786363636363636,0,1,0,158396,447214,7927,100029,4.1425580792174586,0.18278717132973835
6357,0.2786428571428571,0,1,0,158397,447213,7927,100029,4.142548816184371,0.18278750534498447
6358,0.2786428571428572,0,1,0,158398,447212,7927,100029,4.142539553151284,0.18278783936145135
6359,0.2786538461538461,0,1,0,158399,447211,7927,100029,4.142530290118196,0.18278817337913894
6360,0.2786666666666666,0,6,0,158405,447205,7927,100029,4.142474711919671,0.18279017751090026
6361,0.2786666666666667,1,31,1,158436,447174,7928,100028,4.142187557893957,0.1827990394771949
6362,0.2786904761904761,0,1,0,158437,447173,7928,100028,4.142178294860869,0.18279937353915654
6363,0.2786904761904762,0,1,0,158438,447172,7928,100028,4.142169031827781,0.18279970760233918
6364,0.2787142857142857,0,2,0,158440,447170,7928,100028,4.142150505761607,0.18280037573236743
6365,0.27875,0,4,0,158444,447166,7928,100028,4.142113453629256,0.1828017120070761
6366,0.2787857142857143,0,1,0,158445,447165,7928,100028,4.142104190596169,0.18280204607880585
6367,0.2788095238095238,0,4,0,158449,447161,7928,100028,4.142067138463819,0.18280338237793523
6368,0.2788333333333333,5,14,5,158463,447147,7933,100023,4.141937456000593,0.18280059213772684
6369,0.2788333333333334,0,2,0,158465,447145,7933,100023,4.141918929934418,0.18280126030762034
6370,0.2788888888888889,0,4,0,158469,447141,7933,100023,4.141881877802067,0.1828025966620611
6371,0.2789047619047619,0,1,0,158470,447140,7933,100023,4.14187261476898,0.1828029307537242
6372,0.2789166666666666,1,1,1,158471,447139,7934,100022,4.141863351735893,0.18280177132507616
6373,0.2789166666666667,0,1,0,158472,447138,7934,100022,4.141854088702805,0.18280210541706265
6374,0.2789523809523809,0,2,0,158474,447136,7934,100022,4.14183556263663,0.18280277360469918
6375,0.278968253968254,0,1,0,158475,447135,7934,100022,4.141826299603542,0.18280310770034927
6376,0.2789761904761903,0,2,0,158477,447133,7934,100022,4.1418077735373675,0.18280377589531302
6377,0.2789999999999999,6,78,6,158555,447055,7940,100016,4.141085256956538,0.18282087699768404
6378,0.279,0,9,0,158564,447046,7940,100016,4.1410018896587495,0.18282388467851907
6379,0.2790119047619047,0,1,0,158565,447045,7940,100016,4.140992626625662,0.18282421887138728
6380,0.2790317460317461,0,1,0,158566,447044,7940,100016,4.140983363592575,0.1828245530654773
6381,0.279047619047619,4,7,4,158573,447037,7944,100012,4.140918522360962,0.18282091732184869
6382,0.2790952380952381,0,1,0,158574,447036,7944,100012,4.1409092593278745,0.18282125151723433
6383,0.2791071428571428,1,0,1,158574,447036,7945,100011,4.1409092593278745,0.1828197577173442
6384,0.2791406926406926,0,1,0,158575,447035,7945,100011,4.140899996294786,0.1828200919118319
6385,0.2791428571428572,0,2,0,158577,447033,7945,100011,4.140881470228612,0.18282076030447278
6386,0.2791666666666666,6,58,6,158635,446975,7951,100005,4.1403442143095335,0.18283118212731728
6387,0.2791666666666667,2,63,2,158698,446912,7953,100003,4.139760643225018,0.18284925445453132
6388,0.2791904761904761,0,1,0,158699,446911,7953,100003,4.13975138019193,0.18284958878361132
6389,0.2792142857142857,0,4,0,158703,446907,7953,100003,4.13971432805958,0.1828509261121574
6390,0.27925,0,1,0,158704,446906,7953,100003,4.139705065026492,0.18285126044735048
6391,0.2792857142857142,0,3,0,158707,446903,7953,100003,4.139677275927229,0.18285226346026556
6392,0.2792857142857143,0,3,0,158710,446900,7953,100003,4.139649486827967,0.18285326648418457
6393,0.2793333333333333,2,47,2,158757,446853,7955,100001,4.1392141242728515,0.18286599348272117
6394,0.2793333333333334,1,8,1,158765,446845,7956,100000,4.139140020008152,0.18286717442785433
6395,0.2793658008658008,0,1,0,158766,446844,7956,100000,4.139130756975064,0.18286750883250066
6396,0.2793939393939393,0,1,0,158767,446843,7956,100000,4.1391214939419765,0.18286784323837008
6397,0.2794444444444444,0,2,0,158769,446841,7956,100000,4.139102967875801,0.18286851205377797
6398,0.2794999999999999,1,13,1,158782,446828,7957,99999,4.1389825484456635,0.18287136516667976
6399,0.2795,0,2,0,158784,446826,7957,99999,4.138964022379488,0.18287203401453847
6400,0.2795238095238095,1,2,1,158786,446824,7958,99998,4.138945496313313,0.18287120854683975
6401,0.279547619047619,0,1,0,158787,446823,7958,99998,4.1389362332802255,0.18287154297292899
6402,0.2795555555555555,0,2,0,158789,446821,7958,99998,4.13891770721405,0.18287221182877697
6403,0.2795714285714285,0,1,0,158790,446820,7958,99998,4.138908444180963,0.18287254625853575
6404,0.2795833333333333,0,2,0,158792,446818,7958,99998,4.138889918114788,0.18287321512172286
6405,0.2795952380952381,2,0,2,158792,446818,7960,99996,4.138889918114788,0.18287022643897194
6406,0.2796190476190476,0,2,0,158794,446816,7960,99996,4.138871392048612,0.18287089529856695
6407,0.2796428571428571,1,2,1,158796,446814,7961,99995,4.138852865982437,0.1828700698049959
6408,0.2796666666666666,1,1,1,158797,446813,7962,99994,4.13884360294935,0.18286890987130744
6409,0.2796666666666667,3,21,3,158818,446792,7965,99991,4.138649079254511,0.18287144991706034
6410,0.2797142857142857,0,2,0,158820,446790,7965,99991,4.138630553188336,0.18287211881905188
6411,0.27975,1,0,1,158820,446790,7966,99990,4.138630553188336,0.18287062438274992
6412,0.2797619047619047,0,3,0,158823,446787,7966,99990,4.1386027640890735,0.1828716277385479
6413,0.2797936507936508,0,1,0,158824,446786,7966,99990,4.138593501055985,0.18287196219292726
6414,0.2798095238095238,0,1,0,158825,446785,7966,99990,4.138584238022898,0.18287229664853002
6415,0.2798333333333333,4,13,4,158838,446772,7970,99986,4.13846381859276,0.1828706667300707
6416,0.2798809523809524,0,2,0,158840,446770,7970,99986,4.138445292526585,0.18287133565978242
6417,0.2799523809523809,0,2,0,158842,446768,7970,99986,4.13842676646041,0.18287200459438796
6418,0.2799999999999999,2,33,2,158875,446735,7972,99984,4.13812108636852,0.1828800535558486
6419,0.28,237,3653,237,162528,443082,8209,99747,4.104283226499685,0.18375399987841476
6420,0.2800119047619047,0,1,0,162529,443081,8209,99747,4.104273963466597,0.18375433839079783
6421,0.28002664002664,0,1,0,162530,443080,8209,99747,4.10426470043351,0.18375467690442812
6422,0.280047619047619,1,0,1,162530,443080,8210,99746,4.10426470043351,0.18375317320835774
6423,0.2800833333333333,0,2,0,162532,443078,8210,99746,4.104246174367335,0.183753850235067
6424,0.2801190476190476,0,4,0,162536,443074,8210,99746,4.104209122234985,0.18375520430345235
6425,0.2801428571428571,0,3,0,162539,443071,8210,99746,4.104181333135722,0.1837562198678376
6426,0.2801666666666666,0,1,0,162540,443070,8210,99746,4.104172070102634,0.18375655839179392
6427,0.2801666666666667,2,14,2,162554,443056,8212,99744,4.104042387639408,0.18375829034635224
6428,0.2802380952380952,0,1,0,162555,443055,8212,99744,4.104033124606321,0.18375862888472527
6429,0.2803333333333333,1,23,1,162578,443032,8213,99743,4.1038200748453075,0.18376491179586385
6430,0.2803333333333334,0,1,0,162579,443031,8213,99743,4.103810811812219,0.18376525036202912
6431,0.2803571428571428,0,6,0,162585,443025,8213,99743,4.103755233613694,0.18376728178521948
6432,0.2803968253968253,0,1,0,162586,443024,8213,99743,4.103745970580607,0.1837676203601177
6433,0.2804166666666666,1,0,1,162586,443024,8214,99742,4.103745970580607,0.18376611652166863
6434,0.2804166666666667,0,2,0,162588,443022,8214,99742,4.103727444514432,0.18376679367091406
6435,0.2804285714285714,0,1,0,162589,443021,8214,99742,4.103718181481344,0.18376713224740818
6436,0.2804761904761905,0,8,0,162597,443013,8214,99742,4.103644077216644,0.18376984090427542
6437,0.2804999999999999,0,1,0,162598,443012,8214,99742,4.103634814183557,0.18377017949199823
6438,0.2805,1,9,1,162607,443003,8215,99741,4.103551446885768,0.18377172294857244
6439,0.280547619047619,0,2,0,162609,443001,8215,99741,4.103532920819593,0.1837724001459257
6440,0.280595238095238,0,2,0,162611,442999,8215,99741,4.103514394753418,0.1837730773482699
6441,0.2806666666666666,1,11,1,162622,442988,8216,99740,4.103412501389455,0.18377529812355362
6442,0.2806666666666667,0,49,0,162671,442939,8216,99740,4.102958612768165,0.1837918917076209
6443,0.2807142857142857,2,7,2,162678,442932,8218,99738,4.102893771536552,0.1837912543534745
6444,0.28075,0,1,0,162679,442931,8218,99738,4.102884508503465,0.1837915930336909
6445,0.2807871572871573,0,1,0,162680,442930,8218,99738,4.1028752454703765,0.18379193171515548
6446,0.2808333333333332,0,3,0,162683,442927,8218,99738,4.102847456371114,0.18379294776703858
6447,0.2808333333333333,5,69,5,162752,442858,8223,99733,4.102208307088073,0.1838087988927203
6448,0.2808333333333334,9,67,9,162819,442791,8232,99724,4.101587683871207,0.18381795895044375
6449,0.2808571428571428,0,1,0,162820,442790,8232,99724,4.101578420838119,0.18381829777664724
6450,0.2808809523809523,0,1,0,162821,442789,8232,99724,4.101569157805032,0.1838186366040998
6451,0.2808809523809524,0,3,0,162824,442786,8232,99724,4.101541368705769,0.18381965309395218
6452,0.2809523809523809,0,5,0,162829,442781,8232,99724,4.101495053540331,0.18382134726868876
6453,0.280952380952381,1,1,1,162830,442780,8233,99723,4.101485790507244,0.18382018163954852
6454,0.2809848484848485,0,1,0,162831,442779,8233,99723,4.101476527474156,0.18382052047734387
6455,0.2809999999999999,0,3,0,162834,442776,8233,99723,4.101448738374893,0.18382153699822487
6456,0.281,3,74,3,162908,442702,8236,99720,4.100763273926415,0.18384210079974633
6457,0.2810128205128205,0,1,0,162909,442701,8236,99720,4.1007540108933265,0.18384243972855033
6458,0.2810357142857143,0,1,0,162910,442700,8236,99720,4.100744747860239,0.18384277865860404
6459,0.2810436507936508,0,2,0,162912,442698,8236,99720,4.100726221794064,0.18384345652246054
6460,0.281047619047619,0,1,0,162913,442697,8236,99720,4.100716958760977,0.18384379545626336
6461,0.2810714285714286,1,2,1,162915,442695,8237,99719,4.100698432694801,0.18384296865493885
6462,0.2810833333333333,1,2,1,162917,442693,8238,99718,4.100679906628627,0.18384214184446848
6463,0.281095238095238,0,2,0,162919,442691,8238,99718,4.100661380562451,0.18384281971722446
6464,0.2811111111111111,0,1,0,162920,442690,8238,99718,4.100652117529364,0.18384315865547707
6465,0.2811428571428571,0,2,0,162922,442688,8238,99718,4.100633591463189,0.18384383653573153
6466,0.2811666666666666,0,2,0,162924,442686,8238,99718,4.1006150653970135,0.1838445144209851
6467,0.2811666666666667,1,15,1,162939,442671,8239,99717,4.1004761199007005,0.18384809398438018
6468,0.2811829004329004,0,4,0,162943,442667,8239,99717,4.10043906776835,0.18384944983627835
6469,0.2811904761904761,0,3,0,162946,442664,8239,99717,4.100411278669087,0.183850466738326
6470,0.2811904761904762,1,0,1,162946,442664,8240,99716,4.100411278669087,0.183848961982374
6471,0.2812380952380952,0,3,0,162949,442661,8240,99716,4.100383489569825,0.1838499788892228
6472,0.28125,0,8,0,162957,442653,8240,99716,4.100309385305124,0.1838526906958178
6473,0.2812619047619047,0,1,0,162958,442652,8240,99716,4.100300122272037,0.1838530296772671
6474,0.2812857142857143,0,1,0,162959,442651,8240,99716,4.1002908592389495,0.1838533686599664
6475,0.2813051948051948,0,1,0,162960,442650,8240,99716,4.100281596205861,0.18385370764391573
6476,0.2813095238095238,0,3,0,162963,442647,8240,99716,4.100253807106599,0.18385472460326385
6477,0.2813333333333333,3,23,3,162986,442624,8243,99713,4.100040757345585,0.1838580071062826
6478,0.2813333333333334,1,6,1,162992,442618,8244,99712,4.09998517914706,0.18385853631552745
6479,0.2814285714285714,0,8,0,163000,442610,8244,99712,4.0999110748823595,0.18386124848337335
6480,0.2814285714285715,0,2,0,163002,442608,8244,99712,4.099892548816184,0.18386192653783745
6481,0.2814523809523809,0,1,0,163003,442607,8244,99712,4.099883285783097,0.1838622655669449
6482,0.2814761904761904,0,2,0,163005,442605,8244,99712,4.0998647597169215,0.18386294362891076
6483,0.2815,4,28,4,163033,442577,8248,99708,4.09960539479047,0.1838664171053966
6484,0.2815357142857143,0,1,0,163034,442576,8248,99708,4.099596131757383,0.1838667561646665
6485,0.2815833333333333,1,0,1,163034,442576,8249,99707,4.099596131757383,0.18386525116959226
6486,0.2816428571428571,0,1,0,163035,442575,8249,99707,4.099586868724295,0.18386559022796256
6487,0.2816666666666666,11,183,11,163218,442392,8260,99696,4.097891733669273,0.1839110993049099
6488,0.2816666666666667,15,249,15,163467,442143,8275,99681,4.095585238430472,0.18397302445074415
6489,0.2817142857142857,0,2,0,163469,442141,8275,99681,4.095566712364296,0.1839737035410153
6490,0.28175,0,2,0,163471,442139,8275,99681,4.095548186298122,0.18397438263629987
6491,0.2817619047619047,0,1,0,163472,442138,8275,99681,4.095538923265034,0.1839747221858222
6492,0.2817857142857142,0,3,0,163475,442135,8275,99681,4.095511134165771,0.18397574084190943
6493,0.2817857142857143,0,4,0,163479,442131,8275,99681,4.095474082033421,0.18397709906757326
6494,0.2818181818181818,0,1,0,163480,442130,8275,99681,4.095464819000333,0.18397743862712274
6495,0.2818333333333333,1,17,1,163497,442113,8276,99680,4.095307347437845,0.18398170518998955
6496,0.2818571428571428,0,3,0,163500,442110,8276,99680,4.095279558338582,0.1839827239336274
6497,0.2818611111111111,0,1,0,163501,442109,8276,99680,4.095270295305495,0.18398306351734717
6498,0.2819047619047619,0,3,0,163504,442106,8276,99680,4.095242506206232,0.1839840822760278
6499,0.2819177489177489,0,1,0,163505,442105,8276,99680,4.095233243173144,0.18398442186476185
6500,0.2819523809523809,0,1,0,163506,442104,8276,99680,4.095223980140057,0.18398476145474948
6501,0.282,7,113,7,163619,441991,8283,99673,4.094177257401164,0.18401259821586813
6502,0.2820238095238095,0,4,0,163623,441987,8283,99673,4.094140205268813,0.18401395709485655
6503,0.2820833333333333,1,3,1,163626,441984,8284,99672,4.09411241616955,0.18401346980371305
6504,0.282095238095238,0,1,0,163627,441983,8284,99672,4.094103153136463,0.18401380952820523
6505,0.2821428571428571,0,4,0,163631,441979,8284,99672,4.094066101004112,0.18401516843871793
6506,0.2821666666666667,1,14,1,163645,441965,8285,99671,4.093936418540887,0.18401841827352686
6507,0.2822142857142857,0,2,0,163647,441963,8285,99671,4.093917892474712,0.18401909776712688
6508,0.2822222222222222,1,2,1,163649,441961,8286,99670,4.093899366408537,0.1840182707415196
6509,0.2822380952380952,0,1,0,163650,441960,8286,99670,4.09389010337545,0.1840186104905563
6510,0.28225,0,1,0,163651,441959,8286,99670,4.093880840342361,0.18401895024084752
6511,0.2822857142857142,0,1,0,163652,441958,8286,99670,4.093871577309274,0.1840192899923933
6512,0.2822857142857143,0,1,0,163653,441957,8286,99670,4.093862314276187,0.18401962974519365
6513,0.2823055555555555,0,1,0,163654,441956,8286,99670,4.093853051243099,0.18401996949924856
6514,0.2823333333333333,3,28,3,163682,441928,8289,99667,4.093593686316647,0.184024963302837
6515,0.2823452380952381,0,1,0,163683,441927,8289,99667,4.09358442328356,0.1840253030868141
6516,0.2823571428571428,0,1,0,163684,441926,8289,99667,4.093575160250473,0.18402564287204598
6517,0.2823809523809524,0,7,0,163691,441919,8289,99667,4.0935103190188595,0.1840280214038029
6518,0.2824404761904762,0,1,0,163692,441918,8289,99667,4.093501055985772,0.1840283611990731
6519,0.2824523809523809,0,2,0,163694,441916,8289,99667,4.093482529919597,0.18402904079337792
6520,0.2825,21,439,21,164133,441477,8310,99646,4.089416058394161,0.18414667275277524
6521,0.2825079365079365,0,1,0,164134,441476,8310,99646,4.089406795361073,0.18414701305805345
6522,0.282515873015873,0,1,0,164135,441475,8310,99646,4.089397532327985,0.18414735336458943
6523,0.2825555555555555,1,0,1,164135,441475,8311,99645,4.089397532327985,0.18414584565345948
6524,0.2825714285714286,0,2,0,164137,441473,8311,99645,4.089379006261811,0.18414652626599004
6525,0.282579365079365,0,1,0,164138,441472,8311,99645,4.089369743228723,0.184146866574142
6526,0.2825833333333333,0,1,0,164139,441471,8311,99645,4.089360480195635,0.18414720688355177
6527,0.2826190476190476,0,7,0,164146,441464,8311,99645,4.089295638964022,0.18414958908463913
6528,0.2826666666666666,0,1,0,164147,441463,8311,99645,4.089286375930935,0.18414992940411157
6529,0.2826666666666667,3,61,3,164208,441402,8314,99642,4.088721330912594,0.18416616763146806
6530,0.2826904761904762,0,1,0,164209,441401,8314,99642,4.088712067879507,0.18416650802246773
6531,0.2826969696969697,2,0,2,164209,441401,8316,99640,4.088712067879507,0.18416349223071818
6532,0.2827142857142857,0,1,0,164210,441400,8316,99640,4.088702804846419,0.18416383261866034
6533,0.2827380952380952,0,2,0,164212,441398,8316,99640,4.088684278780244,0.18416451339831952
6534,0.28275,0,1,0,164213,441397,8316,99640,4.088675015747156,0.18416485379003655
6535,0.2828095238095238,0,1,0,164214,441396,8316,99640,4.088665752714069,0.18416519418301186
6536,0.2828333333333333,2,11,2,164225,441385,8318,99638,4.0885638593501055,0.18416592270568904
6537,0.2828571428571428,0,19,0,164244,441366,8318,99638,4.088387861721442,0.18417239059230617
6538,0.2829166666666666,0,2,0,164246,441364,8318,99638,4.088369335655267,0.18417307144890407
6539,0.2829166666666667,1,2,1,164248,441362,8319,99637,4.088350809589092,0.18417224431098764
6540,0.2829285714285713,0,1,0,164249,441361,8319,99637,4.088341546556005,0.18417258474153325
6541,0.2829285714285714,0,1,0,164250,441360,8319,99637,4.0883322835229166,0.1841729251733374
6542,0.2829523809523809,0,2,0,164252,441358,8319,99637,4.088313757456741,0.18417360604072128
6543,0.282969696969697,0,2,0,164254,441356,8319,99637,4.088295231390567,0.18417428691313936
6544,0.2829761904761904,1,0,1,164254,441356,8320,99636,4.088295231390567,0.18417277889506684
6545,0.2829761904761905,1,2,1,164256,441354,8321,99635,4.088276705324391,0.1841719517402387
6546,0.283,1,40,1,164296,441314,8322,99634,4.0879061840008895,0.18418406205402368
6547,0.283047619047619,0,1,0,164297,441313,8322,99634,4.087896920967801,0.18418440253851118
6548,0.2830952380952381,0,4,0,164301,441309,8322,99634,4.0878598688354515,0.1841857644890497
6549,0.2831111111111111,0,1,0,164302,441308,8322,99634,4.087850605802364,0.18418610497983148
6550,0.2831428571428571,0,2,0,164304,441306,8322,99634,4.087832079736189,0.18418678596517174
6551,0.2831666666666666,1,1,1,164305,441305,8323,99633,4.087822816703102,0.18418561831485308
6552,0.2831666666666667,1,15,1,164320,441290,8324,99632,4.087683871206788,0.1841892176690909
6553,0.2831746031746032,0,1,0,164321,441289,8324,99632,4.0876746081737005,0.18418955817947538
6554,0.2831904761904761,0,2,0,164323,441287,8324,99632,4.087656082107525,0.1841902392040213
6555,0.2832142857142857,0,4,0,164327,441283,8324,99632,4.087619029975175,0.18419160126822143
6556,0.2832510822510822,0,1,0,164328,441282,8324,99632,4.087609766942087,0.18419194178741907
6557,0.2832720057720057,0,1,0,164329,441281,8324,99632,4.087600503909,0.18419228230787577
6558,0.2832857142857142,0,2,0,164331,441279,8324,99632,4.087581977842825,0.18419296335256632
6559,0.2832857142857143,0,1,0,164332,441278,8324,99632,4.087572714809737,0.18419330387680022
6560,0.2833333333333332,0,4,0,164336,441274,8324,99632,4.087535662677387,0.18419466598632664
6561,0.2833333333333333,31,526,31,164862,440748,8355,99601,4.082663307273333,0.18432716633138954
6562,0.2833333333333334,20,253,20,165115,440495,8375,99581,4.080319759902182,0.18438330901576816
6563,0.2833690476190476,0,1,0,165116,440494,8375,99581,4.080310496869095,0.1843836504189233
6564,0.2833730158730158,0,1,0,165117,440493,8375,99581,4.080301233836007,0.18438399182334272
6565,0.2833809523809524,0,1,0,165118,440492,8375,99581,4.08029197080292,0.18438433322902645
6566,0.2834047619047619,0,1,0,165119,440491,8375,99581,4.0802827077698325,0.18438467463597447
6567,0.2834166666666667,0,1,0,165120,440490,8375,99581,4.080273444736744,0.18438501604418678
6568,0.2834444444444444,0,1,0,165121,440489,8375,99581,4.080264181703657,0.1843853574536634
6569,0.283452380952381,0,2,0,165123,440487,8375,99581,4.080245655637482,0.18438604027640965
6570,0.2834642857142857,0,1,0,165124,440486,8375,99581,4.0802363926043945,0.18438638168967925
6571,0.2835,4,31,4,165155,440455,8379,99577,4.07994923857868,0.1843909249822233
6572,0.2835238095238095,0,2,0,165157,440453,8379,99577,4.079930712512505,0.18439160787363665
6573,0.2835714285714286,0,5,0,165162,440448,8379,99577,4.079884397347067,0.1843933151242998
6574,0.2836363636363636,0,1,0,165163,440447,8379,99577,4.07987513431398,0.18439365657822615
6575,0.2836666666666666,2,6,2,165169,440441,8381,99575,4.079819556115455,0.1843926846611952
6576,0.2836666666666667,2,17,2,165186,440424,8383,99573,4.079662084552966,0.1843954688637159
6577,0.2836904761904761,0,1,0,165187,440423,8383,99573,4.079652821519878,0.18439581033933586
6578,0.2836904761904762,0,1,0,165188,440422,8383,99573,4.079643558486791,0.18439615181622052
6579,0.28375,0,3,0,165191,440419,8383,99573,4.079615769387528,0.18439717625446303
6580,0.2837619047619047,0,1,0,165192,440418,8383,99573,4.079606506354441,0.18439751773640672
6581,0.2837777777777778,0,1,0,165193,440417,8383,99573,4.079597243321353,0.18439785921961518
6582,0.2838095238095238,1,5,1,165198,440412,8384,99572,4.079550928155915,0.18439805623870337
6583,0.2838333333333333,0,8,0,165206,440404,8384,99572,4.079476823891215,0.1844007881831785
6584,0.2838333333333334,2,3,2,165209,440401,8386,99570,4.079449034791952,0.18439879178696633
6585,0.2838571428571428,0,2,0,165211,440399,8386,99570,4.079430508725777,0.18439947478466356
6586,0.2838809523809524,0,1,0,165212,440398,8386,99570,4.079421245692689,0.1843998162854095
6587,0.2838888888888888,0,1,0,165213,440397,8386,99570,4.079411982659602,0.18440015778742033
6588,0.2839285714285714,0,3,0,165216,440394,8386,99570,4.079384193560339,0.1844011823010423
6589,0.2839523809523809,0,1,0,165217,440393,8386,99570,4.079374930527252,0.18440152380811278
6590,0.2839642857142857,0,1,0,165218,440392,8386,99570,4.079365667494164,0.1844018653164482
6591,0.284,6,138,6,165356,440254,8392,99564,4.078087368928082,0.18443994086895954
6592,0.2840000000000001,0,1,0,165357,440253,8392,99564,4.078078105894995,0.18444028254019418
6593,0.2840238095238095,0,1,0,165358,440252,8392,99564,4.0780688428619065,0.1844406242126947
6594,0.284047619047619,0,4,0,165362,440248,8392,99564,4.078031790729557,0.1844419909153557
6595,0.2840833333333333,1,0,1,165362,440248,8393,99563,4.078031790729557,0.1844404800939588
6596,0.2841111111111111,0,1,0,165363,440247,8393,99563,4.078022527696469,0.184440821770623
6597,0.2841190476190476,1,0,1,165363,440247,8394,99562,4.078022527696469,0.18443931094146263
6598,0.2841349206349206,0,1,0,165364,440246,8394,99562,4.078013264663381,0.18443965261722686
6599,0.2841666666666666,1,68,1,165432,440178,8395,99561,4.077383378413428,0.18446137855519057
6600,0.2841666666666667,7,91,7,165523,440087,8402,99554,4.07654044240246,0.1844819055631429
6601,0.2842023809523809,0,1,0,165524,440086,8402,99554,4.076531179369373,0.18448224742420874
6602,0.2842222222222222,0,1,0,165525,440085,8402,99554,4.076521916336286,0.18448258928654157
6603,0.2842499999999999,0,1,0,165526,440084,8402,99554,4.0765126533031975,0.1844829311501414
6604,0.2842619047619048,1,2,1,165528,440082,8403,99553,4.076494127237022,0.18448210364412984
6605,0.2842857142857142,0,5,0,165533,440077,8403,99553,4.076447812071585,0.1844838129829698
6606,0.2842857142857143,0,6,0,165539,440071,8403,99553,4.07639223387306,0.18448586423139074
6607,0.2843095238095238,0,1,0,165540,440070,8403,99553,4.076382970839972,0.18448620611056238
6608,0.2843333333333333,1,24,1,165564,440046,8404,99552,4.076160658045871,0.18449290027020115
6609,0.2843333333333334,2,3,2,165567,440043,8406,99550,4.076132868946608,0.18449090332899054
6610,0.2843571428571428,1,0,1,165567,440043,8407,99549,4.076132868946608,0.18448939198505537
6611,0.2844166666666666,1,0,1,165567,440043,8408,99548,4.076132868946608,0.18448788063551838
6612,0.2844444444444444,0,2,0,165569,440041,8408,99548,4.076114342880433,0.18448856444441974
6613,0.2844761904761904,0,1,0,165570,440040,8408,99548,4.076105079847345,0.18448890635077134
6614,0.2844761904761905,0,2,0,165572,440038,8408,99548,4.07608655378117,0.1844895901672764
6615,0.2845,1,21,1,165593,440017,8409,99547,4.075892030086331,0.18449525913515358
6616,0.2845030802530801,1,4,1,165597,440013,8410,99546,4.075854977953981,0.18449511545539968
6617,0.2845238095238095,1,5,1,165602,440008,8411,99545,4.0758086627885435,0.18449531371338868
6618,0.2845312326562326,0,1,0,165603,440007,8411,99545,4.075799399755456,0.18449565565506199
6619,0.284547619047619,0,4,0,165607,440003,8411,99545,4.0757623476231055,0.1844970234344303
6620,0.2845833333333333,0,5,0,165612,439998,8411,99545,4.075716032457668,0.18449873318716026
6621,0.2845952380952381,1,1,1,165613,439997,8412,99544,4.07570676942458,0.18449756366986012
6622,0.2846071428571428,0,1,0,165614,439996,8412,99544,4.075697506391493,0.18449790562330876
6623,0.2846428571428571,0,5,0,165619,439991,8412,99544,4.075651191226055,0.18449961540956564
6624,0.2846666666666666,0,10,0,165629,439981,8412,99544,4.075558560895179,0.18450303507715118
6625,0.2846666666666667,1,19,1,165648,439962,8413,99543,4.075382563266516,0.18450802124169377
6626,0.2846904761904762,0,1,0,165649,439961,8413,99543,4.075373300233428,0.18450836323734393
6627,0.2847142857142857,0,2,0,165651,439959,8413,99543,4.075354774167253,0.1845090472324477
6628,0.2847272727272727,0,2,0,165653,439957,8413,99543,4.075336248101078,0.1845097312326228
6629,0.28475,0,1,0,165654,439956,8413,99543,4.07532698506799,0.1845100732346121
6630,0.2847619047619047,0,2,0,165656,439954,8413,99543,4.075308459001816,0.1845107572423943
6631,0.2848333333333333,2,25,2,165681,439929,8415,99541,4.075076883174627,0.18451628450145513
6632,0.2848571428571428,0,3,0,165684,439926,8415,99541,4.075049094075364,0.1845173106047265
6633,0.2848809523809523,0,4,0,165688,439922,8415,99541,4.075012041943014,0.18451867876017447
6634,0.2848888888888888,0,1,0,165689,439921,8415,99541,4.075002778909926,0.18451902080220664
6635,0.2849047619047619,0,1,0,165690,439920,8415,99541,4.074993515876839,0.1845193628455069
6636,0.2849166666666666,0,1,0,165691,439919,8415,99541,4.074984252843751,0.18451970489007527
6637,0.2849404761904762,0,1,0,165692,439918,8415,99541,4.074974989810664,0.18452004693591173
6638,0.2849523809523809,0,2,0,165694,439916,8415,99541,4.074956463744488,0.18452073103138897
6639,0.285,91,1412,91,167106,438504,8506,99450,4.061877061024862,0.1848671075965603
6640,0.285047619047619,0,1,0,167107,438503,8506,99450,4.061867797991774,0.1848674512457408
6641,0.2851111111111111,0,1,0,167108,438502,8506,99450,4.061858534958687,0.18486779489619892
6642,0.2851190476190476,0,1,0,167109,438501,8506,99450,4.061849271925599,0.18486813854793466
6643,0.2851428571428571,0,1,0,167110,438500,8506,99450,4.061840008892512,0.18486848220094804
6644,0.2851666666666666,0,1,0,167111,438499,8506,99450,4.0618307458594245,0.18486882585523906
6645,0.2851666666666667,2,10,2,167121,438489,8508,99448,4.061738115528549,0.18486923189890267
6646,0.2851904761904762,0,1,0,167122,438488,8508,99448,4.061728852495461,0.18486957556289224
6647,0.2852301587301587,0,1,0,167123,438487,8508,99448,4.061719589462373,0.18486991922815954
6648,0.2852380952380952,0,3,0,167126,438484,8508,99448,4.061691800363111,0.18487095023162778
6649,0.28525,0,1,0,167127,438483,8508,99448,4.061682537330023,0.18487129390200602
6650,0.2852777777777777,0,1,0,167128,438482,8508,99448,4.061673274296936,0.184871637573662
6651,0.2852936507936508,0,1,0,167129,438481,8508,99448,4.061664011263848,0.18487198124659573
6652,0.2853333333333332,1,0,1,167129,438481,8509,99447,4.061664011263848,0.18487046593596168
6653,0.2853333333333333,3,41,3,167170,438440,8512,99444,4.061284226907259,0.18488001130355244
6654,0.2853571428571428,0,4,0,167174,438436,8512,99444,4.061247174774908,0.1848813861827917
6655,0.2853787878787878,0,1,0,167175,438435,8512,99444,4.061237911741821,0.18488172990579665
6656,0.2854166666666666,2,1,2,167176,438434,8514,99442,4.061228648708733,0.18487904275334835
6657,0.2854166666666667,0,1,0,167177,438433,8514,99442,4.0612193856756456,0.18487938647455263
6658,0.2854191919191919,0,1,0,167178,438432,8514,99442,4.061210122642558,0.184879730197035
6659,0.2854285714285714,1,0,1,167178,438432,8515,99441,4.061210122642558,0.18487821474586008
6660,0.2854444444444444,0,1,0,167179,438431,8515,99441,4.06120085960947,0.18487855846744206
6661,0.2854469696969697,0,1,0,167180,438430,8515,99441,4.061191596576383,0.18487890219030215
6662,0.2854761904761905,0,4,0,167184,438426,8515,99441,4.061154544444033,0.18488027709452337
6663,0.2855,3,23,3,167207,438403,8518,99438,4.060941494683019,0.18488363661379478
6664,0.2855238095238095,0,1,0,167208,438402,8518,99438,4.0609322316499314,0.18488398036590808
6665,0.2855555555555555,0,1,0,167209,438401,8518,99438,4.060922968616844,0.18488432411929964
6666,0.285595238095238,0,1,0,167210,438400,8518,99438,4.060913705583756,0.18488466787396948
6667,0.2856111111111111,0,1,0,167211,438399,8518,99438,4.060904442550669,0.1848850116299176
6668,0.2856190476190476,0,1,0,167212,438398,8518,99438,4.060895179517582,0.18488535538714404
6669,0.2856666666666666,2,10,2,167222,438388,8520,99436,4.060802549186706,0.1848857618849289
6670,0.2856666666666667,2,20,2,167242,438368,8522,99434,4.060617288524955,0.1848896062119516
6671,0.2857142857142857,1,22,1,167264,438346,8523,99433,4.060413501797028,0.18489565416276946
6672,0.2857857142857142,0,1,0,167265,438345,8523,99433,4.060404238763941,0.18489599797686035
6673,0.2857857142857143,0,1,0,167266,438344,8523,99433,4.060394975730853,0.18489634179222986
6674,0.2858095238095238,0,1,0,167267,438343,8523,99433,4.060385712697766,0.18489668560887804
6675,0.2858333333333333,3,88,3,167355,438255,8526,99430,4.059570565786061,0.1849223988022727
6676,0.2858333333333334,2,42,2,167397,438213,8528,99428,4.059181518396383,0.18493381271145615
6677,0.2858809523809523,0,2,0,167399,438211,8528,99428,4.059162992330209,0.18493450065936437
6678,0.2859166666666667,0,1,0,167400,438210,8528,99428,4.059153729297121,0.18493484463523785
6679,0.2859444444444444,0,1,0,167401,438209,8528,99428,4.0591444662640335,0.1849351886123909
6680,0.2859523809523809,0,2,0,167403,438207,8528,99428,4.059125940197858,0.18493587657053578
6681,0.2859642857142857,0,1,0,167404,438206,8528,99428,4.059116677164771,0.1849362205515276
6682,0.2859761904761905,0,2,0,167406,438204,8528,99428,4.0590981510985955,0.18493690851735015
6683,0.2859920634920635,0,1,0,167407,438203,8528,99428,4.059088888065508,0.18493725250218088
6684,0.286,8,139,8,167546,438064,8536,99420,4.057801326466338,0.18497294803194142
6685,0.286047619047619,0,1,0,167547,438063,8536,99420,4.057792063433251,0.18497329217854333
6686,0.2860555555555555,0,1,0,167548,438062,8536,99420,4.057782800400163,0.18497363632642583
6687,0.2860714285714286,0,1,0,167549,438061,8536,99420,4.057773537367075,0.1849739804755889
6688,0.2860833333333332,0,2,0,167551,438059,8536,99420,4.0577550113009,0.1849746687777569
6689,0.2860943223443223,0,1,0,167552,438058,8536,99420,4.057745748267813,0.18497501293076182
6690,0.2861111111111111,0,2,0,167554,438056,8536,99420,4.057727222201637,0.18497570124061352
6691,0.2861190476190476,0,1,0,167555,438055,8536,99420,4.05771795916855,0.18497604539746035
6692,0.2861538461538461,0,1,0,167556,438054,8536,99420,4.057708696135463,0.18497638955558782
6693,0.2861666666666666,1,2,1,167558,438052,8537,99419,4.057690170069288,0.18497556147215385
6694,0.2861666666666667,1,15,1,167573,438037,8538,99418,4.057551224572975,0.1849792075615633
6695,0.2861785714285714,1,0,1,167573,438037,8539,99417,4.057551224572975,0.18497769111403023
6696,0.2861904761904761,0,3,0,167576,438034,8539,99417,4.057523435473711,0.18497872364178317
6697,0.2861904761904762,0,1,0,167577,438033,8539,99417,4.057514172440624,0.18497906782026236
6698,0.2862222222222222,0,3,0,167580,438030,8539,99417,4.057486383341361,0.18498010036338466
6699,0.2862337662337662,0,1,0,167581,438029,8539,99417,4.057477120308274,0.18498044454698703
6700,0.2862499999999999,0,1,0,167582,438028,8539,99417,4.057467857275186,0.18498078873187024
6701,0.28625,0,10,0,167592,438018,8539,99417,4.057375226944311,0.18498423065114852
6702,0.2862777777777777,0,1,0,167593,438017,8539,99417,4.057365963911223,0.18498457485012113
6703,0.2862857142857142,0,2,0,167595,438015,8539,99417,4.057347437845048,0.1849852632519091
6704,0.2862857142857143,1,1,1,167596,438014,8540,99416,4.05733817481196,0.18498409095137971
6705,0.2863095238095238,0,2,0,167598,438012,8540,99416,4.057319648745786,0.18498477935649055
6706,0.2863333333333333,1,19,1,167617,437993,8541,99415,4.057143651117122,0.1849898029057997
6707,0.2863333333333334,0,5,0,167622,437988,8541,99415,4.057097335951684,0.18499152405178237
6708,0.2863809523809523,0,1,0,167623,437987,8541,99415,4.057088072918597,0.18499186828482217
6709,0.2863809523809524,1,1,1,167624,437986,8542,99414,4.057078809885509,0.18499069594343134
6710,0.2863888888888888,0,1,0,167625,437985,8542,99414,4.057069546852421,0.18499104017685183
6711,0.2863888888888889,0,2,0,167627,437983,8542,99414,4.057051020786246,0.18499172864753619
6712,0.2864047619047619,0,2,0,167629,437981,8542,99414,4.0570324947200715,0.18499241712334502
6713,0.2864166666666667,0,1,0,167630,437980,8542,99414,4.057023231686983,0.18499276136317117
6714,0.2864200362760734,0,2,0,167632,437978,8542,99414,4.057004705620808,0.18499344984666685
6715,0.2864285714285714,1,4,1,167636,437974,8543,99413,4.056967653488458,0.18499331022149773
6716,0.2864285714285715,0,1,0,167637,437973,8543,99413,4.056958390455371,0.18499365446811045
6717,0.2865,4,28,4,167665,437945,8547,99409,4.0566990255289195,0.18499722715379432
6718,0.2865238095238095,0,1,0,167666,437944,8547,99409,4.056689762495831,0.18499757142883727
6719,0.286547619047619,1,0,1,167666,437944,8548,99408,4.056689762495831,0.18499605472762734
6720,0.2865476190476191,0,1,0,167667,437943,8548,99408,4.056680499462744,0.18499639900176978
6721,0.2865833333333333,0,1,0,167668,437942,8548,99408,4.056671236429657,0.18499674327719365
6722,0.2866043956043956,0,5,0,167673,437937,8548,99408,4.056624921264219,0.18499846467353376
6723,0.2866666666666666,26,333,26,168006,437604,8574,99382,4.053540331246063,0.1850737263168872
6724,0.2866666666666667,27,419,27,168425,437185,8601,99355,4.049659120382378,0.1851772468035934
6725,0.2867142857142857,0,1,0,168426,437184,8601,99355,4.049649857349291,0.18517759193646688
6726,0.28675,0,1,0,168427,437183,8601,99355,4.049640594316203,0.18517793707062688
6727,0.2867857142857142,0,1,0,168428,437182,8601,99355,4.049631331283115,0.18517828220607338
6728,0.2867857142857143,1,1,1,168429,437181,8602,99354,4.049622068250028,0.1851771086695183
6729,0.286797619047619,0,1,0,168430,437180,8602,99354,4.04961280521694,0.18517745380535064
6730,0.2868333333333333,3,10,3,168440,437170,8605,99351,4.049520174886065,0.1851763491084226
6731,0.2868333333333334,0,5,0,168445,437165,8605,99351,4.049473859720627,0.18517807483840185
6732,0.2869285714285714,0,1,0,168446,437164,8605,99351,4.04946459668754,0.18517841998825754
6733,0.2869880952380952,0,1,0,168447,437163,8605,99351,4.049455333654452,0.1851787651393999
6734,0.287,3,56,3,168503,437107,8608,99348,4.048936603801549,0.1851935390666505
6735,0.2870238095238095,0,5,0,168508,437102,8608,99348,4.048890288636111,0.18519526516916768
6736,0.2870833333333333,0,7,0,168515,437095,8608,99348,4.048825447404498,0.18519768176674875
6737,0.287095238095238,0,2,0,168517,437093,8608,99348,4.048806921338323,0.18519837223478444
6738,0.2871190476190476,0,1,0,168518,437092,8608,99348,4.048797658305236,0.185198717470733
6739,0.2871428571428571,2,15,2,168533,437077,8610,99346,4.048658712808922,0.1852008582778889
6740,0.2871666666666666,1,5,1,168538,437072,8611,99345,4.048612397643485,0.18520106558889818
6741,0.2871666666666667,0,4,0,168542,437068,8611,99345,4.048575345511134,0.18520244662228544
6742,0.2871904761904761,0,1,0,168543,437067,8611,99345,4.048566082478047,0.18520279188385047
6743,0.2872619047619047,0,2,0,168545,437065,8611,99345,4.048547556411871,0.18520348241084245
6744,0.2872857142857142,0,1,0,168546,437064,8611,99345,4.048538293378784,0.18520382767626942
6745,0.2872857142857143,0,1,0,168547,437063,8611,99345,4.048529030345696,0.1852041729429837
6746,0.2873095238095238,0,1,0,168548,437062,8611,99345,4.048519767312609,0.18520451821098532
6747,0.2873333333333333,3,51,3,168599,437011,8614,99342,4.048047352625144,0.18521757126370134
6748,0.2873571428571428,0,1,0,168600,437010,8614,99342,4.0480380895920565,0.18521791659208878
6749,0.2873809523809523,0,4,0,168604,437006,8614,99342,4.048001037459706,0.1852192979185156
6750,0.2873809523809524,0,5,0,168609,437001,8614,99342,4.047954722294268,0.18522102460552295
6751,0.2874047619047619,0,1,0,168610,437000,8614,99342,4.0479454592611805,0.18522136994678767
6752,0.2874166666666666,1,3,1,168613,436997,8615,99341,4.047917670161918,0.1852208868288281
6753,0.2875,32,358,32,168971,436639,8647,99309,4.0446015043165735,0.18529596154850844
6754,0.2875238095238095,0,1,0,168972,436638,8647,99309,4.044592241283486,0.18529630728411578
6755,0.2875555555555555,0,1,0,168973,436637,8647,99309,4.044582978250398,0.1852966530210133
6756,0.2875714285714286,0,1,0,168974,436636,8647,99309,4.044573715217311,0.18529699875920103
6757,0.2876190476190476,0,8,0,168982,436628,8647,99309,4.04449961095261,0.18529976471115076
6758,0.2876666666666666,0,1,0,168983,436627,8647,99309,4.044490347919523,0.18530011046095057
6759,0.2876666666666667,4,40,4,169023,436587,8651,99305,4.04411982659602,0.18530786053906384
6760,0.2876904761904761,0,2,0,169025,436585,8651,99305,4.044101300529846,0.18530855212823527
6761,0.2877056277056277,0,1,0,169026,436584,8651,99305,4.044092037496758,0.1853088979247568
6762,0.2877142857142857,1,0,1,169026,436584,8652,99304,4.044092037496758,0.1853073776610038
6763,0.2877380952380952,0,1,0,169027,436583,8652,99304,4.0440827744636705,0.18530772345662425
6764,0.2877777777777777,0,1,0,169028,436582,8652,99304,4.044073511430583,0.18530806925353527
6765,0.2878095238095238,0,1,0,169029,436581,8652,99304,4.044064248397495,0.18530841505173684
6766,0.2878333333333333,2,12,2,169041,436569,8654,99302,4.043953092000445,0.18530952412054394
6767,0.2878571428571428,1,12,1,169053,436557,8655,99301,4.043841935603394,0.18531215359292946
6768,0.2878888888888888,0,1,0,169054,436556,8655,99301,4.043832672570306,0.185312499416822
6769,0.2879047619047619,0,1,0,169055,436555,8655,99301,4.043823409537219,0.1853128452420053
6770,0.2879166666666666,2,6,2,169061,436549,8657,99299,4.043767831338694,0.18531187948821307
6771,0.288,2,75,2,169136,436474,8659,99297,4.043073103857127,0.18533477922470606
6772,0.2880238095238095,0,1,0,169137,436473,8659,99297,4.04306384082404,0.18533512514698472
6773,0.2880555555555555,0,3,0,169140,436470,8659,99297,4.043036051724777,0.18533616292156851
6774,0.2880833333333333,0,1,0,169141,436469,8659,99297,4.043026788691689,0.18533650884901245
6775,0.2880952380952381,0,4,0,169145,436465,8659,99297,4.042989736559339,0.1853378925717016
6776,0.2881060606060606,0,1,0,169146,436464,8659,99297,4.042980473526251,0.1853382385056023
6777,0.2881666666666666,0,6,0,169152,436458,8659,99297,4.042924895327726,0.18534031413612564
6778,0.2881666666666667,0,21,0,169173,436437,8659,99297,4.042730371632888,0.1853475792090851
6779,0.2881706349206349,0,2,0,169175,436435,8659,99297,4.042711845566712,0.18534827115050062
6780,0.2881904761904762,1,4,1,169179,436431,8660,99296,4.0426747934343625,0.1853481344042768
6781,0.288202380952381,0,1,0,169180,436430,8660,99296,4.042665530401274,0.18534848037989568
6782,0.2882142857142857,0,3,0,169183,436427,8660,99296,4.042637741302012,0.18534951831450208
6783,0.2882857142857142,0,1,0,169184,436426,8660,99296,4.042628478268925,0.1853498642952875
6784,0.2883333333333333,30,387,30,169571,436039,8690,99266,4.0390436844640405,0.18543820812434034
6785,0.2884166666666667,0,4,0,169575,436035,8690,99266,4.039006632331691,0.18543959379862918
6786,0.2884523809523809,0,3,0,169578,436032,8690,99266,4.038978843232428,0.18544063306793598
6787,0.2884999999999999,0,1,0,169579,436031,8690,99266,4.038969580199341,0.1854409794936269
6788,0.2885,1,41,1,169620,435990,8691,99265,4.038589795842751,0.18545366227312216
6789,0.2885238095238095,0,1,0,169621,435989,8691,99265,4.038580532809664,0.18545400875098553
6790,0.2885714285714286,0,7,0,169628,435982,8691,99265,4.03851569157805,0.1854564341322791
6791,0.2885833333333333,0,2,0,169630,435980,8691,99265,4.038497165511875,0.18545712711001505
6792,0.2885952380952381,0,1,0,169631,435979,8691,99265,4.038487902478788,0.18545747360082504
6793,0.2886666666666666,0,6,0,169637,435973,8691,99265,4.038432324280262,0.18545955257287414
6794,0.2886666666666667,1,22,1,169659,435951,8692,99264,4.038228537552336,0.18546565398951823
6795,0.2886904761904761,1,1,1,169660,435950,8693,99263,4.038219274519249,0.18546447862813498
6796,0.2887142857142857,0,4,0,169664,435946,8693,99263,4.038182222386898,0.18546586473695323
6797,0.28875,0,9,0,169673,435937,8693,99263,4.03809885508911,0.18546898355754857
6798,0.2887857142857142,0,2,0,169675,435935,8693,99263,4.038080329022935,0.1854696766430368
6799,0.2888095238095238,0,2,0,169677,435933,8693,99263,4.0380618029567605,0.18547036973370504
6800,0.2888333333333333,0,15,0,169692,435918,8693,99263,4.037922857460447,0.1854755680788369
6801,0.2888333333333334,1,1,1,169693,435917,8694,99262,4.037913594427359,0.18547439267983235
6802,0.2888888888888889,0,2,0,169695,435915,8694,99262,4.037895068361184,0.18547508581273112
6803,0.2889206349206349,0,1,0,169696,435914,8694,99262,4.037885805328097,0.1854754323811232
6804,0.2889444444444444,0,1,0,169697,435913,8694,99262,4.037876542295009,0.1854757789508105
6805,0.2889761904761904,0,1,0,169698,435912,8694,99262,4.0378672792619215,0.1854761255217929
6806,0.2889880952380952,0,1,0,169699,435911,8694,99262,4.037858016228834,0.1854764720940705
6807,0.2889999999999999,0,1,0,169700,435910,8694,99262,4.037848753195746,0.1854768186676433
6808,0.289,7,77,7,169777,435833,8701,99255,4.037135499648005,0.1854928535119457
6809,0.289047619047619,0,8,0,169785,435825,8701,99255,4.037061395383304,0.18549562682215742
6810,0.2890476190476191,0,2,0,169787,435823,8701,99255,4.037042869317129,0.18549632016266787
6811,0.2890714285714286,0,1,0,169788,435822,8701,99255,4.037033606284042,0.18549666683486676
6812,0.2891047008547008,0,1,0,169789,435821,8701,99255,4.0370243432509545,0.18549701350836142
6813,0.2891071428571428,0,1,0,169790,435820,8701,99255,4.037015080217866,0.18549736018315188
6814,0.2891269841269841,1,1,1,169791,435819,8702,99254,4.037005817184779,0.18549618463275105
6815,0.2891666666666666,2,52,2,169843,435767,8704,99252,4.036524139464226,0.18551116876223087
6816,0.2891666666666667,4,91,4,169934,435676,8708,99248,4.035681203453259,0.18553663698020653
6817,0.2892619047619048,1,1,1,169935,435675,8709,99247,4.035671940420171,0.185535461244817
6818,0.2892857142857142,1,4,1,169939,435671,8710,99246,4.035634888287821,0.1855353260412363
6819,0.2892857142857143,0,2,0,169941,435669,8710,99246,4.035616362221646,0.18553601974145426
6820,0.2893333333333333,1,40,1,169981,435629,8711,99245,4.035245840898144,0.18554837213998063
6821,0.2893333333333334,0,10,0,169991,435619,8711,99245,4.035153210567268,0.18555184121571092
6822,0.2893571428571428,2,0,2,169991,435619,8713,99243,4.035153210567268,0.18554879576414104
6823,0.2893809523809523,0,2,0,169993,435617,8713,99243,4.035134684501093,0.1855494895860599
6824,0.2893809523809524,0,2,0,169995,435615,8713,99243,4.035116158434918,0.18555018341316762
6825,0.2894166666666666,0,1,0,169996,435614,8713,99243,4.035106895401831,0.18555053032866728
6826,0.2894285714285714,0,2,0,169998,435612,8713,99243,4.035088369335655,0.18555122416355835
6827,0.2894444444444444,0,1,0,169999,435611,8713,99243,4.035079106302567,0.18555157108294973
6828,0.2894545454545454,0,1,0,170000,435610,8713,99243,4.03506984326948,0.18555191800363838
6829,0.2895,3,32,3,170032,435578,8716,99240,4.034773426210679,0.18555845166019094
6830,0.2895238095238095,0,2,0,170034,435576,8716,99240,4.034754900144503,0.18555914557530068
6831,0.289547619047619,0,1,0,170035,435575,8716,99240,4.034745637111416,0.18555949253480175
6832,0.2895833333333333,0,3,0,170038,435572,8716,99240,4.0347178480121535,0.18556053342109002
6833,0.2896190476190476,0,1,0,170039,435571,8716,99240,4.034708584979065,0.18556088038578114
6834,0.2896428571428571,1,4,1,170043,435567,8717,99239,4.0346715328467155,0.18556074539178694
6835,0.2896666666666666,1,10,1,170053,435557,8718,99238,4.03457890251584,0.18556269224656177
6836,0.2896666666666667,0,10,0,170063,435547,8718,99238,4.034486272184965,0.1855661621025272
6837,0.28975,1,2,1,170065,435545,8719,99237,4.034467746118789,0.18556533316379384
6838,0.2897619047619047,0,2,0,170067,435543,8719,99237,4.034449220052614,0.18556602715135195
6839,0.2897619047619048,0,1,0,170068,435542,8719,99237,4.034439957019527,0.18556637414707758
6840,0.2897777777777778,0,1,0,170069,435541,8719,99237,4.0344306939864385,0.18556672114410092
6841,0.2897857142857142,1,0,1,170069,435541,8720,99236,4.0344306939864385,0.18556519820411124
6842,0.2898095238095238,0,2,0,170071,435539,8720,99236,4.034412167920264,0.1855658921976532
6843,0.2898333333333333,3,13,3,170084,435526,8723,99233,4.0342917484901255,0.185565834329109
6844,0.2898333333333334,0,1,0,170085,435525,8723,99233,4.034282485457038,0.1855661813381006
6845,0.2898571428571428,0,1,0,170086,435524,8723,99233,4.03427322242395,0.18556652834839002
6846,0.2898809523809523,0,1,0,170087,435523,8723,99233,4.034263959390863,0.18556687535997726
6847,0.2899047619047619,0,1,0,170088,435522,8723,99233,4.034254696357776,0.18556722237286233
6848,0.2899404761904762,0,2,0,170090,435520,8723,99233,4.0342361702916,0.18556791640252604
6849,0.2899523809523809,0,3,0,170093,435517,8723,99233,4.034208381192338,0.1855689574567555
6850,0.29,261,3725,261,173818,431792,8984,98972,3.999703582941198,0.1864708231907213
6851,0.2900238095238095,1,1,1,173819,431791,8985,98971,3.9996943199081105,0.18646964176033703
6852,0.2900714285714286,0,1,0,173820,431790,8985,98971,3.9996850568750233,0.18646999308540002
6853,0.2900952380952381,0,1,0,173821,431789,8985,98971,3.9996757938419356,0.18647034441178686
6854,0.2901190476190476,0,2,0,173823,431787,8985,98971,3.9996572677757607,0.18647104706853218
6855,0.2901388888888889,1,0,1,173823,431787,8986,98970,3.9996572677757607,0.18646951429750339
6856,0.2901515151515151,0,1,0,173824,431786,8986,98970,3.999648004742673,0.1864698656256359
6857,0.2901666666666667,1,11,1,173835,431775,8987,98969,3.99954611137871,0.18647219751895452
6858,0.2901785714285714,0,2,0,173837,431773,8987,98969,3.999527585312535,0.18647290020386553
6859,0.2902063492063492,0,1,0,173838,431772,8987,98969,3.9995183222794473,0.186473251548307
6860,0.2902142857142857,0,1,0,173839,431771,8987,98969,3.9995090592463596,0.18647360289407242
6861,0.2902380952380952,0,1,0,173840,431770,8987,98969,3.999499796213272,0.18647395424116184
6862,0.29025,0,2,0,173842,431768,8987,98969,3.999481270147097,0.1864746569393127
6863,0.2902857142857142,0,1,0,173843,431767,8987,98969,3.9994720071140093,0.1864750082903741
6864,0.2903333333333333,0,21,0,173864,431746,8987,98969,3.9992774834191707,0.1864823869685236
6865,0.2903571428571428,0,2,0,173866,431744,8987,98969,3.9992589573529957,0.18648308973023084
6866,0.2904761904761905,0,2,0,173868,431742,8987,98969,3.9992404312868204,0.18648379249723485
6867,0.2905,1,14,1,173882,431728,8988,98968,3.9991107488235946,0.18648717910065274
6868,0.2905238095238095,0,1,0,173883,431727,8988,98968,3.9991014857905074,0.18648753050245434
6869,0.2905454545454546,0,2,0,173885,431725,8988,98968,3.999082959724332,0.18648823331003048
6870,0.290547619047619,0,1,0,173886,431724,8988,98968,3.999073696691245,0.186488584715805
6871,0.2905555555555555,1,0,1,173886,431724,8989,98967,3.999073696691245,0.1864870517871982
6872,0.290559829059829,0,1,0,173887,431723,8989,98967,3.999064433658157,0.1864874031920707
6873,0.2905952380952381,0,1,0,173888,431722,8989,98967,3.9990551706250694,0.18648775459826752
6874,0.2906428571428571,0,4,0,173892,431718,8989,98967,3.999018118492719,0.18648916023629836
6875,0.2906666666666666,1,7,1,173899,431711,8990,98966,3.9989532772611063,0.18649008719051324
6876,0.2906666666666667,4,35,4,173934,431676,8994,98962,3.998629071103042,0.18649625545098542
6877,0.2907142857142857,0,9,0,173943,431667,8994,98962,3.998545703805254,0.18649941861451222
6878,0.2907380952380952,0,2,0,173945,431665,8994,98962,3.9985271777390787,0.18650012155431217
6879,0.2907619047619048,0,1,0,173946,431664,8994,98962,3.9985179147059915,0.18650047302619924
6880,0.2907857142857142,1,0,1,173946,431664,8995,98961,3.9985179147059915,0.18649893992932862
6881,0.2907857142857143,0,3,0,173949,431661,8995,98961,3.9984901256067285,0.18649999434625777
6882,0.2908160173160173,1,0,1,173949,431661,8996,98960,3.9984901256067285,0.18649846123692806
6883,0.2908333333333333,7,139,7,174088,431522,9003,98953,3.9972025640075586,0.18653659456147792
6884,0.2908571428571428,0,1,0,174089,431521,9003,98953,3.997193300974471,0.18653694620282993
6885,0.2908690476190476,1,0,1,174089,431521,9004,98952,3.997193300974471,0.18653541273542668
6886,0.2909166666666666,0,1,0,174090,431520,9004,98952,3.9971840379413837,0.18653576437587657
6887,0.2909444444444444,0,2,0,174092,431518,9004,98952,3.9971655118752083,0.18653646766075366
6888,0.2909523809523809,0,10,0,174102,431508,9004,98952,3.997072881544333,0.18653998416468726
6889,0.2909722222222222,0,1,0,174103,431507,9004,98952,3.997063618511245,0.1865403358223727
6890,0.2909761904761905,0,1,0,174104,431506,9004,98952,3.997054355478158,0.186540687481384
6891,0.291,6,84,6,174188,431422,9010,98946,3.9962762606988034,0.1865610293230361
6892,0.2910606060606061,0,1,0,174189,431421,9010,98946,3.9962669976657157,0.18656138108140213
6893,0.2910714285714286,1,0,1,174189,431421,9011,98945,3.9962669976657157,0.18655984735069744
6894,0.2910833333333333,0,1,0,174190,431420,9011,98945,3.996257734632628,0.18656019910816135
6895,0.2910952380952381,0,1,0,174191,431419,9011,98945,3.9962484715995408,0.18656055086695175
6896,0.2911111111111111,0,3,0,174194,431416,9011,98945,3.9962206825002777,0.18656160615128187
6897,0.2911428571428571,0,1,0,174195,431415,9011,98945,3.9962114194671905,0.18656195791537825
6898,0.2911587301587302,0,1,0,174196,431414,9011,98945,3.996202156434103,0.18656230968080112
6899,0.2911666666666666,0,5,0,174201,431409,9011,98945,3.996155841268665,0.1865640685278135
6900,0.2911666666666667,0,4,0,174205,431405,9011,98945,3.9961187891363146,0.1865654756293014
6901,0.2911746031746032,0,1,0,174206,431404,9011,98945,3.9961095261032273,0.18656582740798983
6902,0.2911904761904761,1,1,1,174207,431403,9012,98944,3.9961002630701397,0.18656464541140047
6903,0.2911904761904762,0,4,0,174211,431399,9012,98944,3.9960632109377894,0.18656605253581174
6904,0.2912380952380953,1,0,1,174211,431399,9013,98943,3.9960632109377894,0.18656451874450827
6905,0.2912499999999999,0,1,0,174212,431398,9013,98943,3.9960539479047017,0.18656487052669887
6906,0.29125,0,10,0,174222,431388,9013,98943,3.995961317573826,0.18656838842157067
6907,0.2913333333333333,1,23,1,174245,431365,9014,98942,3.9957482678128127,0.18657494621040266
6908,0.2913333333333334,0,7,0,174252,431358,9014,98942,3.9956834265812,0.1865774090137658
6909,0.2913571428571428,0,2,0,174254,431356,9014,98942,3.9956649005150244,0.18657811268381175
6910,0.2913888888888889,0,1,0,174255,431355,9014,98942,3.995655637481937,0.18657846452082513
6911,0.2914166666666666,0,1,0,174256,431354,9014,98942,3.9956463744488495,0.18657881635916546
6912,0.2914285714285714,0,7,0,174263,431347,9014,98942,3.9955815332172366,0.18658127926470283
6913,0.2914545454545454,0,1,0,174264,431346,9014,98942,3.995572270184149,0.186581631113659
6914,0.2914880952380952,0,1,0,174265,431345,9014,98942,3.9955630071510617,0.18658198296394216
6915,0.2915,1,18,1,174283,431327,9015,98941,3.9953962725554857,0.18658678253260616
6916,0.2915238095238095,0,1,0,174284,431326,9015,98941,3.995387009522398,0.18658713440587477
6917,0.291547619047619,0,2,0,174286,431324,9015,98941,3.995368483456223,0.18658783815639352
6918,0.2916666666666666,16,168,16,174454,431156,9031,98925,3.993812293897514,0.18662242185628233
6919,0.2916666666666667,23,208,23,174662,430948,9054,98902,3.9918855830153026,0.18666037557799378
6920,0.2917142857142857,0,2,0,174664,430946,9054,98902,3.9918670569491272,0.186661080158838
6921,0.2917261904761905,0,1,0,174665,430945,9054,98902,3.99185779391604,0.1866614324512548
6922,0.29175,0,1,0,174666,430944,9054,98902,3.9918485308829523,0.1866617847450014
6923,0.2917777777777777,0,1,0,174667,430943,9054,98902,3.9918392678498646,0.18666213704007775
6924,0.2917857142857142,0,7,0,174674,430936,9054,98902,3.9917744266182518,0.18666460314284744
6925,0.2918095238095238,0,4,0,174678,430932,9054,98902,3.9917373744859015,0.18666601237368685
6926,0.2918333333333333,1,13,1,174691,430919,9055,98901,3.9916169550557634,0.1866690574157261
6927,0.2918333333333334,2,2,2,174693,430917,9057,98899,3.9915984289895885,0.18666669183263623
6928,0.2918571428571428,1,1,1,174694,430916,9058,98898,3.991589165956501,0.18666550902769652
6929,0.2918849206349206,0,3,0,174697,430913,9058,98898,3.991561376857238,0.1866665660018384
6930,0.2919047619047619,0,5,0,174702,430908,9058,98898,3.9915150616918003,0.18666832765200847
6931,0.292,3,90,3,174792,430818,9061,98895,3.9906813887139205,0.1866954369630347
6932,0.2920238095238094,0,2,0,174794,430816,9061,98895,3.990662862647745,0.1866961418584851
6933,0.2920238095238095,0,3,0,174797,430813,9061,98895,3.9906350735484826,0.18669719921164113
6934,0.2920303030303031,0,2,0,174799,430811,9061,98895,3.9906165474823077,0.18669790412039886
6935,0.2920833333333333,0,4,0,174803,430807,9061,98895,3.9905794953499574,0.1866993139538835
6936,0.2921111111111111,0,1,0,174804,430806,9061,98895,3.9905702323168697,0.1866996664155816
6937,0.2921428571428571,0,9,0,174813,430797,9061,98895,3.990486865019082,0.18670283863075146
6938,0.2921666666666666,0,4,0,174817,430793,9061,98895,3.9904498128867316,0.18670424853876244
6939,0.2921666666666667,0,4,0,174821,430789,9061,98895,3.9904127607543813,0.18670565846806775
6940,0.2921904761904761,0,3,0,174824,430786,9061,98895,3.9903849716551187,0.18670671592902144
6941,0.2922142857142857,0,1,0,174825,430785,9061,98895,3.990375708622031,0.18670706841866788
6942,0.2922222222222222,1,2,1,174827,430783,9062,98894,3.990357182555856,0.18670623795256355
6943,0.2923333333333333,2,31,2,174858,430752,9064,98892,3.990070028530142,0.18671409475043615
6944,0.2923333333333334,0,2,0,174860,430750,9064,98892,3.9900515024639667,0.18671479980817232
6945,0.2923809523809523,0,3,0,174863,430747,9064,98892,3.990023713364704,0.1867158574047606
6946,0.2923809523809524,0,9,0,174872,430738,9064,98892,3.9899403460669163,0.1867190302664124
6947,0.2924166666666666,0,1,0,174873,430737,9064,98892,3.9899310830338286,0.1867193828132523
6948,0.2924285714285714,0,1,0,174874,430736,9064,98892,3.989921820000741,0.1867197353614235
6949,0.2924404761904762,0,1,0,174875,430735,9064,98892,3.9899125569676537,0.18672008791092598
6950,0.2924603174603175,0,1,0,174876,430734,9064,98892,3.989903293934566,0.1867204404617598
6951,0.2925,24,386,24,175262,430348,9088,98868,3.98632776316277,0.1868197484580965
6952,0.2926190476190476,0,6,0,175268,430342,9088,98868,3.986272184964245,0.1868218665558096
6953,0.2926666666666666,2,26,2,175294,430316,9090,98866,3.9860313461039683,0.1868279722288362
6954,0.2926666666666667,1,21,1,175315,430295,9091,98865,3.9858368224091296,0.18683384987527402
6955,0.2927142857142857,0,1,0,175316,430294,9091,98865,3.985827559376042,0.18683420295223174
6956,0.2927857142857142,0,2,0,175318,430292,9091,98865,3.985809033309867,0.18683490911015066
6957,0.2928095238095238,0,2,0,175320,430290,9091,98865,3.9857905072436917,0.1868356152734076
6958,0.2928333333333333,0,7,0,175327,430283,9091,98865,3.985725666012079,0.1868380868868445
6959,0.2928571428571428,0,13,0,175340,430270,9091,98865,3.9856052465819407,0.18684267719958045
6960,0.2928809523809524,0,1,0,175341,430269,9091,98865,3.985595983548853,0.1868430303099026
6961,0.2929047619047619,0,1,0,175342,430268,9091,98865,3.985586720515766,0.18684338342155943
6962,0.2929166666666666,1,4,1,175346,430264,9092,98864,3.9855496683834155,0.18684325909798763
6963,0.2929285714285714,0,1,0,175347,430263,9092,98864,3.985540405350328,0.18684361221408094
6964,0.293,2,54,2,175401,430209,9094,98862,3.9850402015636,0.1868596086347579
6965,0.293047619047619,0,1,0,175402,430208,9094,98862,3.9850309385305125,0.186859961819797
6966,0.2930555555555555,0,3,0,175405,430205,9094,98862,3.98500314943125,0.18686102138292504
6967,0.2930833333333333,0,2,0,175407,430203,9094,98862,3.9849846233650745,0.18686172776501941
6968,0.2930952380952381,1,2,1,175409,430201,9095,98861,3.9849660972988996,0.18686089721053487
6969,0.2931428571428571,0,2,0,175411,430199,9095,98861,3.9849475712327243,0.18686160359883566
6970,0.2931666666666666,0,3,0,175414,430196,9095,98861,3.9849197821334617,0.18686266319130074
6971,0.2931666666666667,1,17,1,175431,430179,9096,98860,3.9847623105709733,0.18686713077863826
6972,0.2932142857142857,1,2,1,175433,430177,9097,98859,3.9847437845047984,0.1868663002139741
6973,0.2932380952380952,0,1,0,175434,430176,9097,98859,3.9847345214717107,0.18686665343502792
6974,0.2932619047619048,1,0,1,175434,430176,9098,98858,3.9847345214717107,0.18686511641973863
6975,0.2932738095238095,1,1,1,175435,430175,9099,98857,3.984725258438623,0.18686393261655249
6976,0.2932857142857142,0,1,0,175436,430174,9099,98857,3.984715995405536,0.18686428583580167
6977,0.2932857142857143,0,2,0,175438,430172,9099,98857,3.9846974693393604,0.1868649922783061
6978,0.2932936507936508,0,1,0,175439,430171,9099,98857,3.9846882063062727,0.18686534550156136
6979,0.2932954545454546,0,1,0,175440,430170,9099,98857,3.9846789432731855,0.18686569872615197
6980,0.2933095238095238,0,1,0,175441,430169,9099,98857,3.984669680240098,0.18686605195207798
6981,0.2933333333333333,59,755,59,176196,429414,9158,98798,3.9776760902589943,0.1870423239153976
6982,0.2933333333333334,0,1,0,176197,429413,9158,98798,3.977666827225907,0.1870426780207152
6983,0.2933571428571428,0,2,0,176199,429411,9158,98798,3.9776483011597317,0.18704338623537273
6984,0.2933809523809524,0,1,0,176200,429410,9158,98798,3.977639038126644,0.1870437403447127
6985,0.2934087301587302,0,1,0,176201,429409,9158,98798,3.9776297750935568,0.18704409445539344
6986,0.2934166666666666,0,1,0,176202,429408,9158,98798,3.977620512060469,0.18704444856741498
6987,0.2934285714285714,0,1,0,176203,429407,9158,98798,3.9776112490273814,0.18704480268077736
6988,0.2934444444444444,0,2,0,176205,429405,9158,98798,3.9775927229612065,0.18704551091152455
6989,0.2934523809523809,0,4,0,176209,429401,9158,98798,3.977555670828856,0.18704692738910902
6990,0.2935,4,36,4,176245,429365,9162,98794,3.977222201637704,0.18705351986807003
6991,0.2935238095238094,0,1,0,176246,429364,9162,98794,3.977212938604617,0.18705387403011978
6992,0.293547619047619,0,2,0,176248,429362,9162,98794,3.9771944125384415,0.18705458235824263
6993,0.2935714285714286,1,5,1,176253,429357,9163,98793,3.977148097373004,0.18705481397330304
6994,0.2936111111111111,0,1,0,176254,429356,9163,98793,3.9771388343399163,0.18705516814383819
6995,0.2936190476190476,0,4,0,176258,429352,9163,98793,3.977101782207566,0.1870565848393907
6996,0.2936428571428571,0,1,0,176259,429351,9163,98793,3.9770925191744784,0.18705693901663184
6997,0.2936666666666666,0,5,0,176264,429346,9163,98793,3.977046204009041,0.1870587099229559
6998,0.2936666666666667,6,14,6,176278,429332,9169,98787,3.976916521545815,0.18705443280775735
6999,0.2936904761904761,0,2,0,176280,429330,9169,98787,3.9768979954796397,0.18705514119030442
7000,0.29375,0,5,0,176285,429325,9169,98787,3.976851680314202,0.18705691217014572
7001,0.2937857142857142,0,1,0,176286,429324,9169,98787,3.9768424172811145,0.1870572663701381
7002,0.2937936507936508,0,1,0,176287,429323,9169,98787,3.976833154248027,0.18705762057147185
7003,0.2938095238095238,0,8,0,176295,429315,9169,98787,3.9767590499833267,0.18706045423043277
7004,0.2938333333333333,1,7,1,176302,429308,9170,98786,3.976694208751714,0.18706139437297148
7005,0.2938333333333334,1,2,1,176304,429306,9171,98785,3.9766756826855385,0.18706056342562172
7006,0.2938571428571429,0,1,0,176305,429305,9171,98785,3.976666419652451,0.18706091764661326
7007,0.2938888888888888,0,2,0,176307,429303,9171,98785,3.976647893586276,0.18706162609262092
7008,0.2939285714285714,2,3,2,176310,429300,9173,98783,3.9766201044870133,0.18705960994767867
7009,0.2939285714285715,0,1,0,176311,429299,9173,98783,3.9766108414539256,0.18705996417223084
7010,0.2939761904761905,0,1,0,176312,429298,9173,98783,3.976601578420838,0.18706031839812454
7011,0.2939880952380952,0,1,0,176313,429297,9173,98783,3.9765923153877507,0.1870606726253598
7012,0.2939999999999999,0,2,0,176315,429295,9173,98783,3.9765737893215753,0.18706138108385503
7013,0.294,9,159,9,176474,429136,9182,98774,3.9751009670606545,0.18710386240078802
7014,0.2940238095238095,0,1,0,176475,429135,9182,98774,3.975091704027567,0.1871042168252483
7015,0.294047619047619,0,3,0,176478,429132,9182,98774,3.9750639149283042,0.18710528010668567
7016,0.2940476190476191,0,1,0,176479,429131,9182,98774,3.9750546518952166,0.187105634536517
7017,0.2940555555555555,0,1,0,176480,429130,9182,98774,3.975045388862129,0.1871059889676911
7018,0.2940833333333333,0,2,0,176482,429128,9182,98774,3.975026862795954,0.1871066978340677
7019,0.2941190476190476,0,1,0,176483,429127,9182,98774,3.9750175997628663,0.18710705226927019
7020,0.2941212121212121,0,1,0,176484,429126,9182,98774,3.9750083367297786,0.1871074067058155
7021,0.2941428571428572,0,3,0,176487,429123,9182,98774,3.974980547630516,0.18710847002350836
7022,0.2941515151515151,0,2,0,176489,429121,9182,98774,3.974962021564341,0.1871091789086845
7023,0.2941666666666666,7,64,7,176553,429057,9189,98767,3.9743691874467375,0.1871210858164843
7024,0.2941666666666667,7,75,7,176628,428982,9196,98760,3.973674459965171,0.18713689643803222
7025,0.2941904761904761,0,1,0,176629,428981,9196,98760,3.9736651969320835,0.18713725103791443
7026,0.2942121212121212,0,1,0,176630,428980,9196,98760,3.973655933898996,0.18713760563914048
7027,0.2942142857142857,0,1,0,176631,428979,9196,98760,3.973646670865908,0.1871379602417104
7028,0.2942424242424242,0,1,0,176632,428978,9196,98760,3.973637407832821,0.18713831484562415
7029,0.2942499999999999,0,2,0,176634,428976,9196,98760,3.9736188817666456,0.18713902405748328
7030,0.2942619047619048,0,1,0,176635,428975,9196,98760,3.9736096187335583,0.18713937866542868
7031,0.2942857142857142,2,7,2,176642,428968,9198,98758,3.9735447775019455,0.18713878035192505
7032,0.2942857142857143,0,8,0,176650,428960,9198,98758,3.973470673237245,0.18714161730318088
7033,0.2943333333333333,2,39,2,176689,428921,9200,98756,3.9731094149468302,0.18715236783107847
7034,0.2943333333333334,1,11,1,176700,428910,9201,98755,3.973007521582867,0.18715472885258638
7035,0.2944047619047618,0,1,0,176701,428909,9201,98755,3.9729982585497794,0.18715508353800903
7036,0.2944047619047619,0,2,0,176703,428907,9201,98755,3.9729797324836045,0.18715579291288742
7037,0.2944444444444444,0,5,0,176708,428902,9201,98755,3.9729334173181665,0.18715756637361014
7038,0.294452380952381,0,1,0,176709,428901,9201,98755,3.9729241542850793,0.1871579210697879
7039,0.2945,1,20,1,176729,428881,9202,98754,3.972738893623328,0.18716347475053777
7040,0.2945238095238094,0,1,0,176730,428880,9202,98754,3.9727296305902406,0.18716382947270266
7041,0.2945238095238095,0,2,0,176732,428878,9202,98754,3.9727111045240653,0.1871645389210662
7042,0.2945238095238096,0,1,0,176733,428877,9202,98754,3.9727018414909776,0.18716489364726485
7043,0.2945555555555555,0,2,0,176735,428875,9202,98754,3.9726833154248027,0.18716560310369595
7044,0.2945714285714285,0,1,0,176736,428874,9202,98754,3.972674052391715,0.18716595783392845
7045,0.2945833333333333,0,4,0,176740,428870,9202,98754,3.9726370002593647,0.1871673767683047
7046,0.2945833333333334,0,3,0,176743,428867,9202,98754,3.972609211160102,0.18716844098320576
7047,0.2945952380952381,0,1,0,176744,428866,9202,98754,3.972599948127015,0.18716879572419545
7048,0.2946190476190476,1,0,1,176744,428866,9203,98753,3.972599948127015,0.18716725515949956
7049,0.2946428571428571,0,5,0,176749,428861,9203,98753,3.972553632961577,0.1871690288733809
7050,0.2946666666666666,0,5,0,176754,428856,9203,98753,3.972507317796139,0.18717080262088023
7051,0.2946666666666667,4,18,4,176772,428838,9207,98749,3.9723405832005634,0.18717102582133374
7052,0.2947142857142857,0,2,0,176774,428836,9207,98749,3.972322057134388,0.18717173536017892
7053,0.2947619047619047,0,6,0,176780,428830,9207,98749,3.972266478935863,0.18717386400899202
7054,0.2947619047619048,0,2,0,176782,428828,9207,98749,3.9722479528696875,0.18717457356935574
7055,0.2947777777777778,0,2,0,176784,428826,9207,98749,3.9722294268035125,0.18717528313509926
7056,0.2948095238095238,0,1,0,176785,428825,9207,98749,3.972220163770425,0.18717563791998848
7057,0.2948333333333333,1,20,1,176805,428805,9208,98748,3.972034903108674,0.1871811931692171
7058,0.2948809523809523,0,1,0,176806,428804,9208,98748,3.9720256400755862,0.18718154798010433
7059,0.2948809523809524,0,2,0,176808,428802,9208,98748,3.9720071140094113,0.18718225760591414
7060,0.2949166666666667,0,1,0,176809,428801,9208,98748,3.9719978509763236,0.18718261242083672
7061,0.2949285714285714,0,1,0,176810,428800,9208,98748,3.971988587943236,0.18718296723710448
7062,0.2949523809523809,0,1,0,176811,428799,9208,98748,3.9719793249101487,0.1871833220547174
7063,0.295,115,1374,115,178185,427425,9323,98633,3.9592519174478493,0.1874945348231564
7064,0.295047619047619,0,2,0,178187,427423,9323,98633,3.959233391381674,0.18749524765424214
7065,0.2950952380952381,0,1,0,178188,427422,9323,98633,3.9592241283485863,0.1874956040718176
7066,0.2951190476190476,0,3,0,178191,427419,9323,98633,3.9591963392493237,0.18749667333267434
7067,0.2951515151515151,0,1,0,178192,427418,9323,98633,3.9591870762162364,0.18749702975567006
7068,0.2951666666666666,0,9,0,178201,427409,9323,98633,3.959103708918448,0.18750023762361182
7069,0.2951666666666667,1,7,1,178208,427402,9324,98632,3.9590388676868353,0.1875011881361281
7070,0.2951785714285714,0,1,0,178209,427401,9324,98632,3.9590296046537476,0.18750154457990278
7071,0.2952142857142857,0,1,0,178210,427400,9324,98632,3.9590203416206604,0.1875019010250327
7072,0.2952261904761905,0,2,0,178212,427398,9324,98632,3.959001815554485,0.1875026139193582
7073,0.2952380952380952,0,4,0,178216,427394,9324,98632,3.9589647634221348,0.18750403972427218
7074,0.29525,0,3,0,178219,427391,9324,98632,3.958936974322872,0.18750510909218798
7075,0.2953333333333333,3,39,3,178258,427352,9327,98629,3.9585757160324575,0.18751437789577952
7076,0.2953571428571429,0,2,0,178260,427350,9327,98629,3.9585571899662826,0.18751509090667118
7077,0.2954166666666666,0,5,0,178265,427345,9327,98629,3.9585108748008446,0.18751687345762338
7078,0.2954545454545454,0,1,0,178266,427344,9327,98629,3.9585016117677574,0.1875172299718807
7079,0.2954761904761904,0,3,0,178269,427341,9327,98629,3.958473822668495,0.18751829952278648
7080,0.2954761904761905,0,2,0,178271,427339,9327,98629,3.9584552966023194,0.18751901256350195
7081,0.2954999999999999,0,1,0,178272,427338,9327,98629,3.9584460335692317,0.18751936908589323
7082,0.2955,1,21,1,178293,427317,9328,98628,3.958251509874393,0.18752531158200952
7083,0.2955555555555555,0,4,0,178297,427313,9328,98628,3.958214457742043,0.18752673778998025
7084,0.2955714285714286,0,5,0,178302,427308,9328,98628,3.9581681425766053,0.18752852058045086
7085,0.2955833333333333,0,1,0,178303,427307,9328,98628,3.9581588795435176,0.18752887714261268
7086,0.2955952380952381,0,4,0,178307,427303,9328,98628,3.9581218274111674,0.18753030340481927
7087,0.2956547619047619,0,2,0,178309,427301,9328,98628,3.9581033013449924,0.18753101654405824
7088,0.2956666666666666,0,11,0,178320,427290,9328,98628,3.9580014079810293,0.18753493890682577
7089,0.2956666666666667,3,31,3,178351,427259,9331,98625,3.957714253955315,0.18754135893086687
7090,0.2956883116883116,0,1,0,178352,427258,9331,98625,3.9577049909222275,0.187541715552699
7091,0.2956904761904761,0,3,0,178355,427255,9331,98625,3.957677201822965,0.18754278542633301
7092,0.2957142857142857,3,15,3,178370,427240,9334,98622,3.9575382563266515,0.1875435000057049
7093,0.2957499999999999,0,1,0,178371,427239,9334,98622,3.9575289932935642,0.18754385664652826
7094,0.2957857142857143,0,1,0,178372,427238,9334,98622,3.9575197302604765,0.18754421328870802
7095,0.2958333333333333,10,136,10,178508,427102,9344,98612,3.9562599577605693,0.18757727585721515
7096,0.2958333333333334,0,1,0,178509,427101,9344,98612,3.9562506947274816,0.18757763266268856
7097,0.2958809523809524,0,2,0,178511,427099,9344,98612,3.9562321686613067,0.18757834627770772
7098,0.2958928571428572,1,2,1,178513,427097,9345,98611,3.9562136425951313,0.18757751451376048
7099,0.2959047619047619,0,1,0,178514,427096,9345,98611,3.9562043795620436,0.1875778713237602
7100,0.2959166666666666,0,1,0,178515,427095,9345,98611,3.9561951165289564,0.18757822813511735
7101,0.2959285714285714,0,1,0,178516,427094,9345,98611,3.9561858534958687,0.18757858494783197
7102,0.2959404761904762,0,1,0,178517,427093,9345,98611,3.956176590462781,0.18757894176190404
7103,0.2959523809523809,0,5,0,178522,427088,9345,98611,3.9561302752973435,0.1875807258526267
7104,0.296,12,148,12,178670,426940,9357,98599,3.9547593464003854,0.1876150009799463
7105,0.2960238095238095,0,1,0,178671,426939,9357,98599,3.9547500833672977,0.18761535797601694
7106,0.296047619047619,0,1,0,178672,426938,9357,98599,3.95474082033421,0.1876157149734462
7107,0.2960555555555555,0,1,0,178673,426937,9357,98599,3.954731557301123,0.18761607197223407
7108,0.2960595238095238,0,1,0,178674,426936,9357,98599,3.954722294268035,0.18761642897238054
7109,0.2960833333333333,0,1,0,178675,426935,9357,98599,3.9547130312349474,0.18761678597388562
7110,0.2961428571428571,0,1,0,178676,426934,9357,98599,3.95470376820186,0.1876171429767493
7111,0.2961666666666667,0,10,0,178686,426924,9357,98599,3.9546111378709843,0.18762071308011258
7112,0.2961904761904761,1,5,1,178691,426919,9358,98598,3.9545648227055468,0.18762095231933507
7113,0.2961904761904762,2,2,2,178693,426917,9360,98596,3.9545462966393714,0.18761857461185547
7114,0.2962142857142857,0,1,0,178694,426916,9360,98596,3.954537033606284,0.187618931632389
7115,0.2962380952380952,0,1,0,178695,426915,9360,98596,3.9545277705731965,0.18761928865428126
7116,0.2962499999999999,0,1,0,178696,426914,9360,98596,3.954518507540109,0.1876196456775323
7117,0.29625,1,9,1,178705,426905,9361,98595,3.954435140242321,0.18762131303520457
7118,0.2962619047619048,0,1,0,178706,426904,9361,98595,3.9544258772092333,0.18762167006978128
7119,0.2962777777777778,0,1,0,178707,426903,9361,98595,3.9544166141761457,0.18762202710571688
7120,0.2963333333333333,2,26,2,178733,426877,9363,98593,3.9541757753158695,0.18762821854720535
7121,0.2963636363636364,1,1,1,178734,426876,9364,98592,3.954166512282782,0.1876270296193108
7122,0.2963809523809523,0,1,0,178735,426875,9364,98592,3.954157249249694,0.18762738668650933
7123,0.2963809523809524,1,0,1,178735,426875,9365,98591,3.954157249249694,0.18762584068236574
7124,0.2964166666666667,0,1,0,178736,426874,9365,98591,3.954147986216607,0.1876261977486607
7125,0.2964285714285714,0,3,0,178739,426871,9365,98591,3.9541201971173443,0.18762726895569995
7126,0.2964642857142857,0,1,0,178740,426870,9365,98591,3.9541109340842566,0.18762762602743116
7127,0.2964999999999999,1,1,1,178741,426869,9366,98590,3.954101671051169,0.1876264370769175
7128,0.2965,5,27,5,178768,426842,9371,98585,3.953851569157805,0.18762834799125283
7129,0.2965238095238095,0,1,0,178769,426841,9371,98585,3.9538423061247174,0.18762870508882318
7130,0.296547619047619,0,3,0,178772,426838,9371,98585,3.953814517025455,0.18762977638968983
7131,0.2965714285714286,0,1,0,178773,426837,9371,98585,3.953805253992367,0.1876301334926973
7132,0.2965833333333333,0,5,0,178778,426832,9371,98585,3.9537589388269296,0.18763191902812432
7133,0.2966230158730158,0,1,0,178779,426831,9371,98585,3.953749675793842,0.18763227613928773
7134,0.2966666666666666,24,297,24,179076,426534,9395,98561,3.9509985549668385,0.18770127310296233
7135,0.2966666666666667,33,444,33,179520,426090,9428,98528,3.946885768275964,0.18780903438311305
7136,0.2967619047619047,0,1,0,179521,426089,9428,98528,3.946876505242877,0.18780939237577127
7137,0.2967857142857142,0,2,0,179523,426087,9428,98528,3.9468579791767016,0.18781010836518208
7138,0.2967857142857143,1,1,1,179524,426086,9429,98527,3.946848716143614,0.18780891819302992
7139,0.2968333333333333,0,7,0,179531,426079,9429,98527,3.946783874912001,0.1878114241926322
7140,0.2968333333333334,0,1,0,179532,426078,9429,98527,3.9467746118789138,0.1878117821980347
7141,0.2968571428571428,0,1,0,179533,426077,9429,98527,3.946765348845826,0.1878121402048021
7142,0.2968571428571429,0,1,0,179534,426076,9429,98527,3.9467560858127384,0.18781249821293436
7143,0.2969047619047619,0,2,0,179536,426074,9429,98527,3.9467375597465635,0.1878132142332935
7144,0.2969166666666666,0,3,0,179539,426071,9429,98527,3.946709770647301,0.1878142882740689
7145,0.2969285714285714,0,1,0,179540,426070,9429,98527,3.946700507614213,0.18781464629039052
7146,0.2969444444444444,1,1,1,179541,426069,9430,98526,3.9466912445811255,0.18781345609470163
7147,0.2969999999999999,0,3,0,179544,426066,9430,98526,3.946663455481863,0.18781453014914448
7148,0.297,5,55,5,179599,426011,9435,98521,3.9461539886620476,0.18782648151113754
7149,0.297015873015873,0,1,0,179600,426010,9435,98521,3.94614472562896,0.18782683959575316
7150,0.2970238095238094,0,1,0,179601,426009,9435,98521,3.9461354625958722,0.18782719768173411
7151,0.2970238095238095,0,1,0,179602,426008,9435,98521,3.946126199562785,0.18782755576908045
7152,0.2970454545454545,0,1,0,179603,426007,9435,98521,3.9461169365296973,0.18782791385779216
7153,0.2970833333333333,0,5,0,179608,426002,9435,98521,3.9460706213642593,0.18782970432183146
7154,0.2970952380952381,0,1,0,179609,426001,9435,98521,3.946061358331172,0.18783006241873554
7155,0.2971428571428571,1,11,1,179620,425990,9436,98520,3.945959464967209,0.1878324531467465
7156,0.2971666666666666,0,9,0,179629,425981,9436,98520,3.9458760976694207,0.18783567619508829
7157,0.2971666666666667,1,16,1,179645,425965,9437,98519,3.94572788914002,0.1878398578412306
7158,0.297202380952381,0,1,0,179646,425964,9437,98519,3.9457186261069324,0.1878402159841215
7159,0.2972142857142857,0,2,0,179648,425962,9437,98519,3.9457001000407574,0.1878409322740004
7160,0.2972222222222222,0,2,0,179650,425960,9437,98519,3.945681573974582,0.18784164856934216
7161,0.2972619047619047,0,1,0,179651,425959,9437,98519,3.945672310941495,0.18784200671906162
7162,0.2972619047619048,0,1,0,179652,425958,9437,98519,3.945663047908407,0.18784236487014683
7163,0.2972640692640693,0,1,0,179653,425957,9437,98519,3.9456537848753195,0.1878427230225978
7164,0.2972857142857142,0,1,0,179654,425956,9437,98519,3.945644521842232,0.18784308117641452
7165,0.2973333333333333,4,60,4,179714,425896,9441,98515,3.945088739856979,0.187858378256749
7166,0.2973809523809523,0,2,0,179716,425894,9441,98515,3.9450702137908036,0.18785909471424023
7167,0.2973809523809524,0,3,0,179719,425891,9441,98515,3.945042424691541,0.18786016941072375
7168,0.2974166666666666,0,2,0,179721,425889,9441,98515,3.945023898625366,0.18786088588187733
7169,0.2974285714285714,0,2,0,179723,425887,9441,98515,3.9450053725591907,0.18786160235849597
7170,0.2975,30,376,30,180099,425511,9471,98485,3.9415224721182702,0.187949908014565
7171,0.2975238095238095,1,1,1,180100,425510,9472,98484,3.941513209085183,0.18794871697004165
7172,0.2975555555555555,0,1,0,180101,425509,9472,98484,3.9415039460520953,0.18794907565559082
7173,0.2976190476190476,1,7,1,180108,425502,9473,98483,3.9414391048204824,0.18795003673769287
7174,0.2976587301587302,0,1,0,180109,425501,9473,98483,3.9414298417873947,0.18795039543192157
7175,0.2976666666666666,0,21,0,180130,425480,9473,98483,3.941235318092556,0.1879579283270002
7176,0.2976666666666667,1,19,1,180149,425461,9474,98482,3.941059320463893,0.18796319446962742
7177,0.297690476190476,1,1,1,180150,425460,9475,98481,3.941050057430805,0.18796200335533964
7178,0.2976904761904761,0,1,0,180151,425459,9475,98481,3.9410407943977175,0.1879623621025308
7179,0.2977272727272727,0,2,0,180153,425457,9475,98481,3.9410222683315426,0.1879630796010215
7180,0.2977499999999999,0,1,0,180154,425456,9475,98481,3.941013005298455,0.187963438352321
7181,0.29775,0,1,0,180155,425455,9475,98481,3.941003742265367,0.18796379710498992
7182,0.2977777777777777,0,1,0,180156,425454,9475,98481,3.94099447923228,0.18796415585902831
7183,0.2978055555555555,0,2,0,180158,425452,9475,98481,3.9409759531661046,0.18796487337121348
7184,0.2978333333333333,2,15,2,180173,425437,9477,98479,3.9408370076697916,0.18796715504012093
7185,0.2978333333333334,0,1,0,180174,425436,9477,98479,3.940827744636704,0.18796751381426377
7186,0.2978571428571428,2,6,2,180180,425430,9479,98477,3.9407721664381787,0.1879665665852909
7187,0.2979166666666666,1,8,1,180188,425422,9480,98476,3.940698062173478,0.18796788687874358
7188,0.2979523809523809,0,1,0,180189,425421,9480,98476,3.9406887991403905,0.18796824566661005
7189,0.2979761904761904,0,1,0,180190,425420,9480,98476,3.940679536107303,0.1879686044558462
7190,0.2979999999999999,0,1,0,180191,425419,9480,98476,3.9406702730742156,0.18796896324645207
7191,0.298,8,110,8,180301,425309,9488,98468,3.9396513394345845,0.18799603648117424
7192,0.298047619047619,1,1,1,180302,425308,9489,98467,3.9396420764014968,0.18799484511479167
7193,0.2980499957558781,0,1,0,180303,425307,9489,98467,3.9396328133684095,0.18799520403838296
7194,0.2980595238095238,0,1,0,180304,425306,9489,98467,3.939623550335322,0.1879955629633448
7195,0.2980952380952381,0,1,0,180305,425305,9489,98467,3.939614287302234,0.18799592188967718
7196,0.2981111111111111,0,1,0,180306,425304,9489,98467,3.9396050242691465,0.18799628081738012
7197,0.2981309523809524,0,1,0,180307,425303,9489,98467,3.9395957612360593,0.1879966397464536
7198,0.2981428571428571,0,1,0,180308,425302,9489,98467,3.9395864982029716,0.18799699867689765
7199,0.2981666666666666,0,5,0,180313,425297,9489,98467,3.9395401830375336,0.18799879334967656
7200,0.2981666666666667,2,14,2,180327,425283,9491,98465,3.939410500574308,0.18800071790250272
7201,0.2982142857142857,0,5,0,180332,425278,9491,98465,3.9393641854088703,0.18800251268274706
7202,0.2982222222222222,0,1,0,180333,425277,9491,98465,3.9393549223757827,0.18800287164290816
7203,0.2982380952380952,0,1,0,180334,425276,9491,98465,3.939345659342695,0.18800323060444
7204,0.29825,0,1,0,180335,425275,9491,98465,3.9393363963096077,0.1880035895673426
7205,0.2982738095238095,1,0,1,180335,425275,9492,98464,3.9393363963096077,0.18800203918363917
7206,0.2982857142857142,1,2,1,180337,425273,9493,98463,3.9393178702434324,0.18800120671483342
7207,0.2983333333333333,37,424,37,180761,424849,9530,98426,3.9353903442143094,0.1880961253642922
7208,0.2984047619047619,0,1,0,180762,424848,9530,98426,3.9353810811812218,0.18809648482439412
7209,0.2984444444444444,0,1,0,180763,424847,9530,98426,3.9353718181481345,0.1880968442858699
7210,0.2984523809523809,0,3,0,180766,424844,9530,98426,3.935344029048872,0.18809792267854072
7211,0.2985,1,32,1,180798,424812,9531,98425,3.93504761199007,0.18810787463424797
7212,0.2985357142857143,0,1,0,180799,424811,9531,98425,3.9350383489569825,0.18810823414291067
7213,0.2985555555555555,1,0,1,180799,424811,9532,98424,3.9350383489569825,0.18810668246581363
7214,0.2985714285714286,0,4,0,180803,424807,9532,98424,3.935001296824632,0.1881081205050924
7215,0.2986190476190476,1,0,1,180803,424807,9533,98423,3.935001296824632,0.18810656881295032
7216,0.2986507936507936,0,1,0,180804,424806,9533,98423,3.9349920337915445,0.188106928323927
7217,0.2986666666666666,0,7,0,180811,424799,9533,98423,3.9349271925599316,0.18810944493924184
7218,0.2986666666666667,1,25,1,180836,424774,9534,98422,3.934695616732743,0.18811688162753537
7219,0.2986904761904762,1,9,1,180845,424765,9535,98421,3.934612249434955,0.18811856586376546
7220,0.2987142857142857,0,1,0,180846,424764,9535,98421,3.9346029864018672,0.18811892542790792
7221,0.29875,0,10,0,180856,424754,9535,98421,3.9345103560709918,0.1881225211449324
7222,0.2987777777777777,0,1,0,180857,424753,9535,98421,3.9345010930379045,0.188122880724195
7223,0.2987857142857143,0,1,0,180858,424752,9535,98421,3.934491830004817,0.18812324030483224
7224,0.2988076923076923,0,1,0,180859,424751,9535,98421,3.934482566971729,0.1881235998868441
7225,0.2988095238095238,0,2,0,180861,424749,9535,98421,3.9344640409055542,0.1881243190549917
7226,0.2988333333333333,0,8,0,180869,424741,9535,98421,3.9343899366408537,0.1881271957825683
7227,0.2988809523809523,0,1,0,180870,424740,9535,98421,3.934380673607766,0.18812755537970147
7228,0.2988888888888888,0,1,0,180871,424739,9535,98421,3.9343714105746788,0.18812791497820935
7229,0.2988888888888889,0,1,0,180872,424738,9535,98421,3.934362147541591,0.18812827457809195
7230,0.2988928571428571,0,2,0,180874,424736,9535,98421,3.9343436214754157,0.1881289937819813
7231,0.2989166666666666,0,2,0,180876,424734,9535,98421,3.934325095409241,0.18812971299136966
7232,0.2989761904761904,0,1,0,180877,424733,9535,98421,3.934315832376153,0.18813007259812597
7233,0.2989999999999999,2,5,2,180882,424728,9537,98419,3.9342695172107156,0.18812876686667418
7234,0.299,9,80,9,180962,424648,9546,98410,3.9335284745637114,0.18814357107624777
7235,0.2990238095238095,0,1,0,180963,424647,9546,98410,3.9335192115306237,0.1881439307761869
7236,0.2990277777777778,0,1,0,180964,424646,9546,98410,3.933509948497536,0.18814429047750145
7237,0.299047619047619,0,6,0,180970,424640,9546,98410,3.933454370299011,0.18814644871427205
7238,0.2990833333333333,0,2,0,180972,424638,9546,98410,3.9334358442328354,0.18814716813753232
7239,0.2991230158730159,0,1,0,180973,424637,9546,98410,3.933426581199748,0.1881475278512256
7240,0.2991666666666666,5,54,5,181027,424583,9551,98405,3.93292637741302,0.18815919294515362
7241,0.2991666666666667,8,78,8,181105,424505,9559,98397,3.9322038608321908,0.18817483964490478
7242,0.2991904761904762,1,0,1,181105,424505,9560,98396,3.9322038608321908,0.18817328710405984
7243,0.2992380952380952,0,1,0,181106,424504,9560,98396,3.9321945977991035,0.18817364696882768
7244,0.2992393162393162,0,2,0,181108,424502,9560,98396,3.932176071732928,0.18817436670249266
7245,0.2992857142857142,0,7,0,181115,424495,9560,98396,3.9321112305013153,0.1881768858136782
7246,0.2992857142857143,1,4,1,181119,424491,9561,98395,3.932074178368965,0.18817677275735056
7247,0.2992878787878788,0,1,0,181120,424490,9561,98395,3.9320649153358778,0.188177132639108
7248,0.2993333333333333,3,47,3,181167,424443,9564,98392,3.9316295527807625,0.1881893905342986
7249,0.2993333333333334,1,9,1,181176,424434,9565,98391,3.9315461854829747,0.18819107732032708
7250,0.2993571428571428,0,1,0,181177,424433,9565,98391,3.931536922449887,0.1881914372714336
7251,0.2994047619047619,0,1,0,181178,424432,9565,98391,3.9315276594167994,0.18819179722391707
7252,0.2994230769230769,0,1,0,181179,424431,9565,98391,3.9315183963837117,0.1881921571777775
7253,0.2994285714285714,0,2,0,181181,424429,9565,98391,3.931499870317537,0.1881928770896293
7254,0.2994426406926407,0,1,0,181182,424428,9565,98391,3.931490607284449,0.1881932370476207
7255,0.2994444444444444,0,2,0,181184,424426,9565,98391,3.931472081218274,0.18819395696773442
7256,0.2994523809523809,0,1,0,181185,424425,9565,98391,3.9314628181851865,0.18819431692985678
7257,0.2995,3,26,3,181211,424399,9568,98388,3.9312219793249104,0.1881990179556875
7258,0.2995238095238094,0,4,0,181215,424395,9568,98388,3.93118492719256,0.18820045793378898
7259,0.2995238095238095,0,4,0,181219,424391,9568,98388,3.93114787506021,0.1882018979339262
7260,0.2995833333333333,0,8,0,181227,424383,9568,98388,3.9310737707955092,0.18820477800030988
7261,0.2996428571428571,1,3,1,181230,424380,9569,98387,3.9310459816962466,0.18820430516845937
7262,0.2996666666666666,1,11,1,181241,424369,9570,98386,3.9309440883322835,0.18820671251351015
7263,0.2996666666666667,2,9,2,181250,424360,9572,98384,3.9308607210344957,0.18820684694611511
7264,0.2997142857142857,0,1,0,181251,424359,9572,98384,3.930851458001408,0.18820720698316382
7265,0.29975,0,1,0,181252,424358,9572,98384,3.9308421949683203,0.18820756702159
7266,0.2997619047619047,0,5,0,181257,424353,9572,98384,3.930795879802883,0.18820936723438364
7267,0.2997727272727272,0,1,0,181258,424352,9572,98384,3.930786616769795,0.18820972728107496
7268,0.2997765567765567,1,6,1,181264,424346,9573,98383,3.93073103857127,0.18821033460932912
7269,0.2997857142857142,0,1,0,181265,424345,9573,98383,3.9307217755381822,0.18821069466338133
7270,0.2997857142857143,1,1,1,181266,424344,9574,98382,3.9307125125050946,0.18820950172748246
7271,0.299794733044733,0,1,0,181267,424343,9574,98382,3.9307032494720073,0.18820986178200774
7272,0.2998055555555556,0,1,0,181268,424342,9574,98382,3.9306939864389197,0.18821022183791064
7273,0.299817821067821,0,2,0,181270,424340,9574,98382,3.9306754603727443,0.18821094195384927
7274,0.2998333333333333,2,10,2,181280,424330,9576,98380,3.930582830041869,0.1882114365518165
7275,0.2998333333333334,0,2,0,181282,424328,9576,98380,3.930564303975694,0.1882121566916902
7276,0.2998571428571428,1,0,1,181282,424328,9577,98379,3.930564303975694,0.18821060364601966
7277,0.2999047619047619,1,0,1,181282,424328,9578,98378,3.930564303975694,0.1882090505944068
7278,0.2999166666666666,0,1,0,181283,424327,9578,98378,3.930555040942606,0.1882094106618456
7279,0.2999166666666667,0,1,0,181284,424326,9578,98378,3.9305457779095185,0.18820977073066208
7280,0.3,272,3910,272,185194,420416,9850,98106,3.8943273185371816,0.18920315820736633
7281,0.3000393234216764,0,1,0,185195,420415,9850,98106,3.8943180555040944,0.18920352309742516
7282,0.3001190476190476,0,3,0,185198,420412,9850,98106,3.894290266404832,0.18920461777604636
7283,0.3001666666666666,1,12,1,185210,420400,9851,98105,3.894179110007781,0.18920743290807224
7284,0.3001666666666667,2,9,2,185219,420391,9853,98103,3.894095742709993,0.18920758967316884
7285,0.3002499999999999,0,1,0,185220,420390,9853,98103,3.8940864796769055,0.18920795459147954
7286,0.3002539682539682,0,1,0,185221,420389,9853,98103,3.894077216643818,0.18920831951119785
7287,0.3002857142857142,1,1,1,185222,420388,9854,98102,3.89406795361073,0.18920712067735154
7288,0.3003174603174603,0,1,0,185223,420387,9854,98102,3.894058690577643,0.18920748559757294
7289,0.3003205128205128,0,1,0,185224,420386,9854,98102,3.894049427544555,0.189207850519202
7290,0.3003333333333333,1,24,1,185248,420362,9855,98101,3.893827114750454,0.1892150452394867
7291,0.3004166666666666,0,1,0,185249,420361,9855,98101,3.8938178517173663,0.18921541019399685
7292,0.3004444444444444,0,2,0,185251,420359,9855,98101,3.8937993256511914,0.18921614010724067
7293,0.3004642857142857,1,0,1,185251,420359,9856,98100,3.8937993256511914,0.18921457627314792
7294,0.3004761904761904,1,3,1,185254,420356,9857,98099,3.8937715365519288,0.18921410729957278
7295,0.3004761904761905,0,3,0,185257,420353,9857,98099,3.8937437474526657,0.18921520217879378
7296,0.3005,1,14,1,185271,420339,9858,98098,3.89361406498944,0.18921874789029333
7297,0.300515873015873,0,1,0,185272,420338,9858,98098,3.8936048019563527,0.1892191128702482
7298,0.3005357142857143,0,1,0,185273,420337,9858,98098,3.893595538923265,0.1892194778516111
7299,0.300547619047619,0,1,0,185274,420336,9858,98098,3.8935862758901774,0.189219842834382
7300,0.3005555555555556,0,2,0,185276,420334,9858,98098,3.8935677498240024,0.1892205728041479
7301,0.3005714285714285,0,1,0,185277,420333,9858,98098,3.8935584867909148,0.18922093779114288
7302,0.3005833333333333,0,1,0,185278,420332,9858,98098,3.893549223757827,0.18922130277954594
7303,0.3005952380952381,0,2,0,185280,420330,9858,98098,3.893530697691652,0.1892220327605762
7304,0.3006190476190476,0,1,0,185281,420329,9858,98098,3.8935214346585645,0.18922239775320343
7305,0.3006309523809524,0,1,0,185282,420328,9858,98098,3.8935121716254772,0.18922276274723876
7306,0.3006428571428571,0,1,0,185283,420327,9858,98098,3.8935029085923896,0.18922312774268216
7307,0.3006666666666666,5,36,5,185319,420291,9863,98093,3.8931694394012375,0.18922844840890152
7308,0.3006666666666667,0,2,0,185321,420289,9863,98093,3.8931509133350626,0.18922917848227755
7309,0.3006904761904762,0,2,0,185323,420287,9863,98093,3.893132387268887,0.18922990856128707
7310,0.3006984126984127,0,1,0,185324,420286,9863,98093,3.8931231242358,0.18923027360290443
7311,0.3007142857142857,0,7,0,185331,420279,9863,98093,3.893058283004187,0.18923282893366153
7312,0.3007619047619048,0,1,0,185332,420278,9863,98093,3.8930490199710994,0.1892331939865463
7313,0.3007738095238095,0,1,0,185333,420277,9863,98093,3.8930397569380117,0.18923355904083955
7314,0.3008287545787544,0,1,0,185334,420276,9863,98093,3.893030493904924,0.18923392409654127
7315,0.3008333333333333,18,173,18,185507,420103,9881,98075,3.8914279891807775,0.18926893847287998
7316,0.3008571428571429,0,1,0,185508,420102,9881,98075,3.89141872614769,0.18926930373212242
7317,0.3009090909090908,0,1,0,185509,420101,9881,98075,3.891409463114602,0.18926966899277464
7318,0.3009166666666666,1,0,1,185509,420101,9882,98074,3.891409463114602,0.1892681044048825
7319,0.3009523809523809,0,5,0,185514,420096,9882,98074,3.8913631479491646,0.1892699307177181
7320,0.301,5,85,5,185599,420011,9887,98069,3.8905757901367224,0.18929315935762817
7321,0.3010606060606061,0,1,0,185600,420010,9887,98069,3.8905665271036347,0.18929352473271452
7322,0.3010714285714286,0,1,0,185601,420009,9887,98069,3.8905572640705475,0.18929389010921135
7323,0.3011111111111111,0,2,0,185603,420007,9887,98069,3.890538738004372,0.18929462086643659
7324,0.3011190476190476,0,1,0,185604,420006,9887,98069,3.8905294749712844,0.18929498624716498
7325,0.3011527777777777,0,2,0,185606,420004,9887,98069,3.8905109489051095,0.1892957170128534
7326,0.3011666666666666,0,6,0,185612,419998,9887,98069,3.8904553707065843,0.18929790934377214
7327,0.3011666666666667,0,9,0,185621,419989,9887,98069,3.890372003408796,0.18930119793536632
7328,0.3011794871794871,0,1,0,185622,419988,9887,98069,3.890362740375709,0.1893015633414856
7329,0.3011904761904762,0,5,0,185627,419983,9887,98069,3.890316425210271,0.18930339039324237
7330,0.3012142857142857,1,1,1,185628,419982,9888,98068,3.890307162177183,0.18930219090821349
7331,0.3012261904761905,0,5,0,185633,419977,9888,98068,3.8902608470117457,0.18930401799071508
7332,0.3012380952380952,0,2,0,185635,419975,9888,98068,3.8902423209455703,0.18930474883359102
7333,0.3012499999999999,0,1,0,185636,419974,9888,98068,3.890233057912483,0.18930511425714516
7334,0.30125,0,4,0,185640,419970,9888,98068,3.890196005780133,0.1893065759654697
7335,0.3012698412698412,0,1,0,185641,419969,9888,98068,3.890186742747045,0.1893069413960779
7336,0.3012770562770562,0,1,0,185642,419968,9888,98068,3.8901774797139574,0.18930730682809688
7337,0.3012857142857142,0,1,0,185643,419967,9888,98068,3.89016821668087,0.18930767226152673
7338,0.3013095238095238,0,2,0,185645,419965,9888,98068,3.890149690614695,0.18930840313261896
7339,0.3013333333333333,5,40,5,185685,419925,9893,98063,3.8897791692911925,0.1893151964910384
7340,0.3013888888888889,0,1,0,185686,419924,9893,98063,3.8897699062581053,0.18931556197356306
7341,0.3014166666666666,0,1,0,185687,419923,9893,98063,3.8897606432250176,0.18931592745749884
7342,0.3014285714285714,0,6,0,185693,419917,9893,98063,3.8897050650264924,0.1893181203907487
7343,0.3014999999999999,0,1,0,185694,419916,9893,98063,3.8896958019934047,0.18931848588456288
7344,0.3015,0,26,0,185720,419890,9893,98063,3.889454963133128,0.18932798921909902
7345,0.301547619047619,0,1,0,185721,419889,9893,98063,3.889445700100041,0.1893283547510194
7346,0.3015555555555556,0,2,0,185723,419887,9893,98063,3.8894271740338655,0.1893290858190945
7347,0.3015952380952381,0,3,0,185726,419884,9893,98063,3.889399384934603,0.18933018243179323
7348,0.3016190476190476,0,1,0,185727,419883,9893,98063,3.8893901219015152,0.18933054797218243
7349,0.3016666666666666,9,168,9,185895,419715,9902,98054,3.887833932342806,0.1893778885951071
7350,0.3016666666666667,21,275,21,186170,419440,9923,98033,3.885286598243729,0.18944563291224856
7351,0.3017142857142857,1,1,1,186171,419439,9924,98032,3.8852773352106413,0.1894444326348723
7352,0.30175,0,1,0,186172,419438,9924,98032,3.8852680721775537,0.18944479873229367
7353,0.3018333333333333,0,16,0,186188,419422,9924,98032,3.885119863648153,0.18945065648347487
7354,0.3018333333333334,0,3,0,186191,419419,9924,98032,3.8850920745488904,0.18945175485215024
7355,0.3018571428571429,0,2,0,186193,419417,9924,98032,3.885073548482715,0.1894524871050094
7356,0.3018636363636363,0,1,0,186194,419416,9924,98032,3.885064285449628,0.18945285323356165
7357,0.3019047619047619,0,5,0,186199,419411,9924,98032,3.88501797028419,0.18945468389755007
7358,0.3019523809523809,0,1,0,186200,419410,9924,98032,3.885008707251102,0.18945505003459326
7359,0.3019642857142857,0,2,0,186202,419408,9924,98032,3.8849901811849272,0.18945578231292518
7360,0.3019696969696969,0,1,0,186203,419407,9924,98032,3.8849809181518395,0.18945614845421394
7361,0.3019999999999999,0,3,0,186206,419404,9924,98032,3.884953129052577,0.18945724688657148
7362,0.302,10,77,10,186283,419327,9934,98022,3.8842398755048353,0.18946977765492926
7363,0.3020238095238095,0,4,0,186287,419323,9934,98022,3.884202823372485,0.18947124259440026
7364,0.3020277777777778,1,4,1,186291,419319,9935,98021,3.8841657712401347,0.18947114083581398
7365,0.3020555555555556,0,4,0,186295,419315,9935,98021,3.8841287191077845,0.18947260581131026
7366,0.3020833333333333,0,2,0,186297,419313,9935,98021,3.8841101930416095,0.18947333830755372
7367,0.302095238095238,1,0,1,186297,419313,9936,98020,3.8841101930416095,0.18947177156686312
7368,0.3021190476190476,0,1,0,186298,419312,9936,98020,3.884100930008522,0.1894721378147882
7369,0.3021212121212121,0,1,0,186299,419311,9936,98020,3.8840916669754346,0.18947250406412916
7370,0.3021428571428571,0,15,0,186314,419296,9936,98020,3.883952721479121,0.18947799797415893
7371,0.3021666666666666,0,8,0,186322,419288,9936,98020,3.8838786172144206,0.1894809281897825
7372,0.3021666666666667,3,9,3,186331,419279,9939,98017,3.883795249916633,0.18947952429556772
7373,0.3021904761904762,0,2,0,186333,419277,9939,98017,3.8837767238504575,0.18948025687520056
7374,0.3022380952380952,0,1,0,186334,419276,9939,98017,3.8837674608173702,0.18948062316714126
7375,0.30225,0,2,0,186336,419274,9939,98017,3.883748934751195,0.18948135575527122
7376,0.3022777777777777,0,4,0,186340,419270,9939,98017,3.8837118826188446,0.18948282094852567
7377,0.3022857142857142,0,2,0,186342,419268,9939,98017,3.8836933565526697,0.18948355355365032
7378,0.3023095238095238,0,2,0,186344,419266,9939,98017,3.8836748304864943,0.18948428616443996
7379,0.3023333333333333,2,31,2,186375,419235,9941,98015,3.88338767646078,0.18949250845819238
7380,0.3023809523809523,1,3,1,186378,419232,9942,98014,3.8833598873615176,0.1894920405377712
7381,0.3023809523809524,0,1,0,186379,419231,9942,98014,3.88335062432843,0.18949240688648514
7382,0.3024047619047618,0,2,0,186381,419229,9942,98014,3.883332098262255,0.18949313958816263
7383,0.3024285714285714,0,1,0,186382,419228,9942,98014,3.8833228352291673,0.1894935059411262
7384,0.3024523809523809,0,1,0,186383,419227,9942,98014,3.88331357219608,0.18949387229550635
7385,0.3024670329670329,0,1,0,186384,419226,9942,98014,3.8833043091629924,0.18949423865130308
7386,0.3024761904761905,0,1,0,186385,419225,9942,98014,3.8832950461299047,0.18949460500851636
7387,0.3025,31,397,31,186782,418828,9973,97983,3.8796176219941456,0.1895915528113759
7388,0.3025238095238096,1,1,1,186783,418827,9974,97982,3.8796083589610584,0.18959035156121506
7389,0.3025714285714285,1,2,1,186785,418825,9975,97981,3.879589832894883,0.1895895171495687
7390,0.3025952380952381,1,0,1,186785,418825,9976,97980,3.879589832894883,0.18958794903300083
7391,0.3026190476190475,1,2,1,186787,418823,9977,97979,3.879571306828708,0.18958711460094968
7392,0.3026190476190476,0,5,0,186792,418818,9977,97979,3.87952499166327,0.18958894885225727
7393,0.3026666666666666,2,25,2,186817,418793,9979,97977,3.8792934158360812,0.18959498422896065
7394,0.3026666666666667,2,27,2,186844,418766,9981,97975,3.8790433139427174,0.18960175407022087
7395,0.3027301587301587,0,1,0,186845,418765,9981,97975,3.8790340509096297,0.18960212098927895
7396,0.3027380952380952,0,1,0,186846,418764,9981,97975,3.8790247878765425,0.18960248790975714
7397,0.3027499999999999,0,1,0,186847,418763,9981,97975,3.879015524843455,0.1896028548316555
7398,0.3027777777777778,0,1,0,186848,418762,9981,97975,3.879006261810367,0.189603221754974
7399,0.3028333333333333,2,9,2,186857,418753,9983,97973,3.8789228945125793,0.18960338748195368
7400,0.3028571428571428,4,11,4,186868,418742,9987,97969,3.878821001148616,0.1896011503529052
7401,0.3029047619047619,0,1,0,186869,418741,9987,97969,3.8788117381155285,0.1896015172920981
7402,0.3029166666666666,0,4,0,186873,418737,9987,97969,3.878774685983178,0.1896029850630726
7403,0.3029761904761905,0,1,0,186874,418736,9987,97969,3.878765422950091,0.18960335200936704
7404,0.303,10,47,10,186921,418689,9997,97959,3.8783300603949757,0.18960491475821062
7405,0.303047619047619,0,1,0,186922,418688,9997,97959,3.878320797361888,0.18960528174943433
7406,0.3030555555555555,1,0,1,186922,418688,9998,97958,3.878320797361888,0.18960371318078528
7407,0.3030555555555556,0,2,0,186924,418686,9998,97958,3.878302271295713,0.18960444716284328
7408,0.3030833333333333,0,2,0,186926,418684,9998,97958,3.878283745229538,0.18960518115058397
7409,0.3030952380952381,1,3,1,186929,418681,9999,97957,3.878255956130275,0.18960471355184869
7410,0.3031298701298701,0,1,0,186930,418680,9999,97957,3.878246693097188,0.18960508054978642
7411,0.3031428571428571,0,2,0,186932,418678,9999,97957,3.8782281670310126,0.18960581454992403
7412,0.3031547619047619,0,1,0,186933,418677,9999,97957,3.878218903997925,0.18960618155212394
7413,0.3031666666666666,3,16,3,186949,418661,10002,97954,3.8780706954685242,0.18960734783155736
7414,0.3031666666666667,1,1,1,186950,418660,10003,97953,3.8780614324354366,0.18960614618679747
7415,0.3031818181818182,0,2,0,186952,418658,10003,97953,3.8780429063692616,0.18960688022515973
7416,0.3031904761904762,0,5,0,186957,418653,10003,97953,3.8779965912038237,0.18960871534593093
7417,0.3032142857142857,0,3,0,186960,418650,10003,97953,3.877968802104561,0.18960981643544464
7418,0.3032222222222221,0,1,0,186961,418649,10003,97953,3.8779595390714734,0.1896101834681244
7419,0.3032857142857142,0,4,0,186965,418645,10003,97953,3.8779224869391236,0.1896116516130531
7420,0.3033333333333333,61,795,61,187760,417850,10064,97892,3.8705583756345177,0.1898080823357415
7421,0.3033333333333334,0,1,0,187761,417849,10064,97892,3.8705491126014304,0.1898084503655905
7422,0.3033787878787879,0,1,0,187762,417848,10064,97892,3.8705398495683427,0.18980881839686664
7423,0.3033888888888889,0,1,0,187763,417847,10064,97892,3.870530586535255,0.18980918642957
7424,0.3034166666666666,0,1,0,187764,417846,10064,97892,3.8705213235021674,0.18980955446370057
7425,0.3034285714285714,0,2,0,187766,417844,10064,97892,3.8705027974359925,0.18981029053624335
7426,0.3034523809523809,0,1,0,187767,417843,10064,97892,3.870493534402905,0.1898106585746556
7427,0.3035,1,30,1,187797,417813,10065,97891,3.8702156434102783,0.18982012937654158
7428,0.3035714285714286,0,5,0,187802,417808,10065,97891,3.8701693282448404,0.18982196979245644
7429,0.3035833333333333,0,1,0,187803,417807,10065,97891,3.870160065211753,0.18982233787992198
7430,0.3035952380952381,0,3,0,187806,417804,10065,97891,3.87013227611249,0.18982344215088376
7431,0.3036114718614718,0,1,0,187807,417803,10065,97891,3.870123013079403,0.18982381024405945
7432,0.3036190476190476,0,1,0,187808,417802,10065,97891,3.870113750046315,0.18982417833866272
7433,0.3036428571428571,0,1,0,187809,417801,10065,97891,3.8701044870132275,0.18982454643469357
7434,0.3036507936507936,0,1,0,187810,417800,10065,97891,3.8700952239801403,0.189824914532152
7435,0.3036666666666666,1,10,1,187820,417790,10066,97890,3.8700025936492644,0.18982702451132485
7436,0.3036666666666667,3,16,3,187836,417774,10069,97887,3.8698543851198637,0.18982820108559692
7437,0.3036944444444443,0,5,0,187841,417769,10069,97887,3.8698080699544257,0.18983004173324852
7438,0.3037142857142857,0,1,0,187842,417768,10069,97887,3.8697988069213385,0.1898304098670623
7439,0.3037499999999999,0,1,0,187843,417767,10069,97887,3.869789543888251,0.18983077800230386
7440,0.30375,0,5,0,187848,417762,10069,97887,3.869743228722813,0.1898326186999296
7441,0.3037777777777778,0,1,0,187849,417761,10069,97887,3.8697339656897256,0.18983298684373837
7442,0.3038095238095238,0,3,0,187852,417758,10069,97887,3.8697061765904626,0.18983409128373202
7443,0.3038333333333333,1,12,1,187864,417746,10070,97886,3.869595020193412,0.18983693797126633
7444,0.3038690476190476,0,1,0,187865,417745,10070,97886,3.8695857571603245,0.18983730613558922
7445,0.3038888888888889,0,1,0,187866,417744,10070,97886,3.869576494127237,0.1898376743013401
7446,0.3038928571428571,0,1,0,187867,417743,10070,97886,3.8695672310941496,0.18983804246851904
7447,0.3039166666666666,0,1,0,187868,417742,10070,97886,3.869557968061062,0.189838410637126
7448,0.3039285714285714,0,1,0,187869,417741,10070,97886,3.869548705027974,0.189838778807161
7449,0.3039393939393939,0,1,0,187870,417740,10070,97886,3.869539441994887,0.18983914697862403
7450,0.303952380952381,0,1,0,187871,417739,10070,97886,3.8695301789617993,0.18983951515151515
7451,0.3039999999999999,1,2,1,187873,417737,10071,97885,3.869511652895624,0.1898386802735337
7452,0.304,14,146,14,188019,417591,10085,97871,3.868159250064841,0.1898704463180603
7453,0.304047619047619,0,4,0,188023,417587,10085,97871,3.868122197932491,0.1898719197296385
7454,0.3040833333333333,0,2,0,188025,417585,10085,97871,3.868103671866316,0.18987265644400297
7455,0.3041190476190476,1,1,1,188026,417584,10086,97870,3.8680944088332283,0.18987145312675816
7456,0.3041428571428571,0,3,0,188029,417581,10086,97870,3.8680666197339657,0.18987255820630866
7457,0.3041666666666666,5,63,5,188092,417518,10091,97865,3.86748304864945,0.18988790860389265
7458,0.3041666666666667,6,75,6,188167,417443,10097,97859,3.866788321167883,0.18990611330831242
7459,0.3041883116883117,0,1,0,188168,417442,10097,97859,3.866779058134796,0.1899064818426512
7460,0.3042261904761905,0,1,0,188169,417441,10097,97859,3.866769795101708,0.18990685037842034
7461,0.3042380952380952,0,2,0,188171,417439,10097,97859,3.866751269035533,0.18990758745424977
7462,0.30425,0,1,0,188172,417438,10097,97859,3.8667420060024456,0.18990795599431007
7463,0.3042857142857142,1,7,1,188179,417431,10098,97858,3.8666771647708327,0.1899089637077446
7464,0.3042857142857143,1,8,1,188187,417423,10099,97857,3.866603060506132,0.18991034000931534
7465,0.3043333333333333,2,31,2,188218,417392,10101,97855,3.866315906480418,0.1899186215543225
7466,0.3043571428571428,0,1,0,188219,417391,10101,97855,3.8663066434473303,0.18991899015227678
7467,0.3043809523809523,0,1,0,188220,417390,10101,97855,3.8662973804142426,0.18991935875166183
7468,0.3044047619047619,0,1,0,188221,417389,10101,97855,3.8662881173811554,0.18991972735247767
7469,0.3044285714285715,0,1,0,188222,417388,10101,97855,3.8662788543480677,0.18992009595472428
7470,0.3044444444444444,0,2,0,188224,417386,10101,97855,3.866260328281893,0.18992083316350988
7471,0.304452380952381,0,4,0,188228,417382,10101,97855,3.8662232761495425,0.1899223075982509
7472,0.3045,2,14,2,188242,417368,10103,97853,3.8660935936863168,0.1899243237368042
7473,0.3045238095238095,0,1,0,188243,417367,10103,97853,3.866084330653229,0.18992469236442686
7474,0.3045454545454545,0,3,0,188246,417364,10103,97853,3.8660565415539665,0.18992579825588055
7475,0.304547619047619,0,1,0,188247,417363,10103,97853,3.866047278520879,0.18992616688922703
7476,0.3045714285714286,1,0,1,188247,417363,10104,97852,3.866047278520879,0.18992459458672592
7477,0.3045833333333333,0,1,0,188248,417362,10104,97852,3.866038015487791,0.1899249632191672
7478,0.3045833333333334,0,2,0,188250,417360,10104,97852,3.866019489421616,0.18992570048834267
7479,0.3046190476190476,0,1,0,188251,417359,10104,97852,3.8660102263885285,0.18992606912507692
7480,0.3046428571428571,0,4,0,188255,417355,10104,97852,3.8659731742561783,0.18992754368632414
7481,0.3046666666666666,0,6,0,188261,417349,10104,97852,3.865917596057653,0.1899297555711266
7482,0.3046666666666667,4,25,4,188286,417324,10108,97848,3.865686020230464,0.18993268267685356
7483,0.3046904761904762,0,2,0,188288,417322,10108,97848,3.8656674941642892,0.18993342003610458
7484,0.3047142857142857,0,1,0,188289,417321,10108,97848,3.8656582311312015,0.18993378871787706
7485,0.3047222222222222,0,1,0,188290,417320,10108,97848,3.865648968098114,0.1899341574010808
7486,0.3047417027417027,0,3,0,188293,417317,10108,97848,3.8656211789988513,0.18993526345928002
7487,0.3047619047619047,0,2,0,188295,417315,10108,97848,3.8656026529326764,0.18993600083856954
7488,0.3047619047619048,0,2,0,188297,417313,10108,97848,3.865584126866501,0.18993673822358448
7489,0.3047857142857142,0,1,0,188298,417312,10108,97848,3.8655748638334138,0.189937106918239
7490,0.3047857142857143,0,1,0,188299,417311,10108,97848,3.865565600800326,0.1899374756143249
7491,0.3048095238095237,1,0,1,188299,417311,10109,97847,3.865565600800326,0.1899359031598073
7492,0.3048333333333333,0,14,0,188313,417297,10109,97847,3.8654359183371003,0.1899410650225956
7493,0.3048333333333334,0,1,0,188314,417296,10109,97847,3.8654266553040126,0.1899414337378165
7494,0.3048809523809524,0,3,0,188317,417293,10109,97847,3.86539886620475,0.18994253989206816
7495,0.3048888888888889,0,1,0,188318,417292,10109,97847,3.8653896031716624,0.18994290861301513
7496,0.3049307359307359,0,1,0,188319,417291,10109,97847,3.865380340138575,0.18994327733539362
7497,0.304952380952381,0,1,0,188320,417290,10109,97847,3.8653710771054874,0.18994364605920366
7498,0.3049761904761905,0,1,0,188321,417289,10109,97847,3.8653618140723998,0.18994401478444528
7499,0.3049999999999999,2,22,2,188343,417267,10111,97845,3.865158027344474,0.18994898196896987
7500,0.305,116,1453,116,189796,415814,10227,97729,3.8516988402682575,0.19030344099715116
7501,0.3050238095238095,0,1,0,189797,415813,10227,97729,3.85168957723517,0.19030381156750567
7502,0.305047619047619,0,4,0,189801,415809,10227,97729,3.8516525251028195,0.1903052938633558
7503,0.3051111111111111,0,2,0,189803,415807,10227,97729,3.8516339990366446,0.19030603501994017
7504,0.3051666666666666,1,6,1,189809,415801,10228,97728,3.8515784208381194,0.190306681803754
7505,0.3051666666666667,1,12,1,189821,415789,10229,97727,3.8514672644410686,0.19030955218532625
7506,0.3051904761904762,0,1,0,189822,415788,10229,97727,3.851458001407981,0.19030992278706563
7507,0.3052380952380952,1,6,1,189828,415782,10230,97726,3.8514024232094557,0.19031056965032678
7508,0.3052604617604617,0,1,0,189829,415781,10230,97726,3.851393160176368,0.1903109402598212
7509,0.3052857142857142,1,0,1,189829,415781,10231,97725,3.851393160176368,0.1903093634738445
7510,0.3053333333333333,1,31,1,189860,415750,10232,97724,3.851106006150654,0.19031927614640665
7511,0.3053333333333334,1,1,1,189861,415749,10233,97723,3.8510967431175662,0.1903180699239686
7512,0.3053571428571428,0,2,0,189863,415747,10233,97723,3.8510782170513913,0.1903188112255828
7513,0.3053809523809523,0,1,0,189864,415746,10233,97723,3.8510689540183036,0.19031918187855548
7514,0.3054166666666666,0,4,0,189868,415742,10233,97723,3.8510319018859533,0.1903206645048835
7515,0.3054761904761904,1,2,1,189870,415740,10234,97722,3.8510133758197784,0.19031982892599647
7516,0.3054761904761905,0,1,0,189871,415739,10234,97722,3.8510041127866907,0.19032019958672616
7517,0.3054999999999999,0,1,0,189872,415738,10234,97722,3.8509948497536035,0.19032057024889962
7518,0.3055,2,21,2,189893,415717,10236,97720,3.850800326058765,0.19032520056014662
7519,0.3055238095238095,0,1,0,189894,415716,10236,97720,3.850791063025677,0.19032557124938648
7520,0.3055357142857143,0,2,0,189896,415714,10236,97720,3.850772536959502,0.1903263126321981
7521,0.3055555555555555,0,1,0,189897,415713,10236,97720,3.8507632739264146,0.19032668332576988
7522,0.3055555555555556,1,3,1,189900,415710,10237,97719,3.850735484827152,0.1903262184255272
7523,0.3055714285714285,0,1,0,189901,415709,10237,97719,3.8507262217940643,0.19032658912252545
7524,0.3055952380952381,0,2,0,189903,415707,10237,97719,3.850707695727889,0.19032733052085402
7525,0.3056190476190476,0,3,0,189906,415704,10237,97719,3.8506799066286264,0.1903284426291771
7526,0.3056428571428571,0,1,0,189907,415703,10237,97719,3.850670643595539,0.19032881333483956
7527,0.3056666666666666,2,36,2,189943,415667,10239,97717,3.850337174404387,0.19033900550075578
7528,0.3056666666666667,0,3,0,189946,415664,10239,97717,3.8503093853051245,0.19034011776828516
7529,0.3056904761904762,0,1,0,189947,415663,10239,97717,3.8503001222720368,0.19034048852701702
7530,0.3057142857142857,5,18,5,189965,415645,10244,97712,3.8501333876764607,0.19033927656582067
7531,0.3057499999999999,0,1,0,189966,415644,10244,97712,3.850124124643373,0.1903396473402473
7532,0.30575,0,1,0,189967,415643,10244,97712,3.850114861610286,0.19034001811611848
7533,0.3057619047619047,0,1,0,189968,415642,10244,97712,3.850105598577198,0.19034038889343416
7534,0.3057857142857142,0,1,0,189969,415641,10244,97712,3.8500963355441105,0.19034075967219438
7535,0.3058333333333333,11,135,11,190104,415506,10255,97701,3.848845826077291,0.19037347503054322
7536,0.3058333333333334,0,1,0,190105,415505,10255,97701,3.848836563044203,0.19037384597997686
7537,0.3058809523809523,0,2,0,190107,415503,10255,97701,3.8488180369780283,0.19037458788318096
7538,0.3058809523809524,0,1,0,190108,415502,10255,97701,3.8488087739449406,0.19037495883695146
7539,0.3058928571428571,0,1,0,190109,415501,10255,97701,3.848799510911853,0.19037532979216762
7540,0.3059285714285714,0,2,0,190111,415499,10255,97701,3.848780984845678,0.19037607170693688
7541,0.3059523809523809,0,1,0,190112,415498,10255,97701,3.8487717218125903,0.19037644266649
7542,0.305952380952381,0,5,0,190117,415493,10255,97701,3.8487254066471523,0.19037829748594098
7543,0.306,15,154,15,190271,415339,10270,97686,3.847298899551669,0.19041177330539447
7544,0.3060119047619047,0,1,0,190272,415338,10270,97686,3.847289636518582,0.19041214446107785
7545,0.3060238095238095,1,3,1,190275,415335,10271,97685,3.847261847419319,0.19041167985653581
7546,0.3060952380952381,0,1,0,190276,415334,10271,97685,3.8472525843862315,0.1904120510156544
7547,0.3061111111111111,0,2,0,190278,415332,10271,97685,3.847234058320056,0.19041279333823247
7548,0.3061190476190476,0,1,0,190279,415331,10271,97685,3.847224795286969,0.19041316450169196
7549,0.3061428571428571,1,2,1,190281,415329,10272,97684,3.8472062692207936,0.1904123287324103
7550,0.3061666666666666,0,4,0,190285,415325,10272,97684,3.8471692170884433,0.19041381340288377
7551,0.3061666666666667,1,8,1,190293,415317,10273,97683,3.847095112823743,0.19041520467836257
7552,0.3061904761904762,0,5,0,190298,415312,10273,97683,3.847048797658305,0.1904170605951325
7553,0.3062142857142857,0,1,0,190299,415311,10273,97683,3.8470395346252175,0.19041743178282786
7554,0.3062222222222223,0,1,0,190300,415310,10273,97683,3.8470302715921303,0.1904178029719704
7555,0.3062233044733044,0,3,0,190303,415307,10273,97683,3.8470024824928672,0.19041891654808085
7556,0.30625,3,10,3,190313,415297,10276,97680,3.8469098521619918,0.19041789397965211
7557,0.3062619047619047,0,1,0,190314,415296,10276,97680,3.8469005891289045,0.1904182651819968
7558,0.3062857142857143,1,1,1,190315,415295,10277,97679,3.846891326095817,0.19041705817448837
7559,0.3063333333333333,4,22,4,190337,415273,10281,97675,3.8466875393678905,0.19041891185851198
7560,0.3063571428571429,0,1,0,190338,415272,10281,97675,3.846678276334803,0.19041928308382738
7561,0.3063809523809523,1,0,1,190338,415272,10282,97674,3.846678276334803,0.19041770478763848
7562,0.3063820346320346,0,4,0,190342,415268,10282,97674,3.846641224202453,0.1904191896939615
7563,0.3063888888888889,0,2,0,190344,415266,10282,97674,3.8466226981362777,0.1904199321558077
7564,0.3064166666666666,0,2,0,190346,415264,10282,97674,3.8466041720701027,0.19042067462344378
7565,0.3064285714285714,0,3,0,190349,415261,10282,97674,3.84657638297084,0.19042178833575404
7566,0.3064761904761904,0,1,0,190350,415260,10282,97674,3.8465671199377525,0.19042215957608583
7567,0.3064999999999999,2,1,2,190351,415259,10284,97672,3.846557856904665,0.1904193741458403
7568,0.3065,4,27,4,190378,415232,10288,97668,3.846307755011301,0.1904230844219146
7569,0.306547619047619,0,2,0,190380,415230,10288,97668,3.8462892289451256,0.19042382695974638
7570,0.3066190476190475,0,1,0,190381,415229,10288,97668,3.8462799659120384,0.19042419823083387
7571,0.3066666666666666,33,358,33,190739,414871,10321,97635,3.842963800066694,0.19050508676971586
7572,0.3066666666666667,48,462,48,191201,414409,10369,97587,3.838684278780244,0.1906010984460816
7573,0.3066904761904762,0,1,0,191202,414408,10369,97587,3.8386750157471563,0.19060147071748748
7574,0.3067142857142857,0,3,0,191205,414405,10369,97587,3.8386472266478937,0.19060258754043033
7575,0.3067380952380952,0,1,0,191206,414404,10369,97587,3.838637963614806,0.19060295981765304
7576,0.3067857142857143,0,2,0,191208,414402,10369,97587,3.838619437548631,0.1906037043764612
7577,0.3068095238095238,0,1,0,191209,414401,10369,97587,3.8386101745155434,0.19060407665804668
7578,0.3068322510822511,0,1,0,191210,414400,10369,97587,3.8386009114824557,0.19060444894108639
7579,0.3068333333333333,0,12,0,191222,414388,10369,97587,3.8384897550854054,0.1906089164509986
7580,0.3068571428571428,0,2,0,191224,414386,10369,97587,3.83847122901923,0.19060966105634478
7581,0.3069047619047619,0,6,0,191230,414380,10369,97587,3.838415650820705,0.19061189490728894
7582,0.3069484126984127,0,1,0,191231,414379,10369,97587,3.838406387787617,0.19061226722087013
7583,0.3069761904761905,0,1,0,191232,414378,10369,97587,3.8383971247545294,0.19061263953590576
7584,0.307,5,58,5,191290,414320,10374,97582,3.8378598688354515,0.19062633082113373
7585,0.3070833333333333,2,1,2,191291,414319,10376,97580,3.837850605802364,0.19062354097194956
7586,0.3070833333333334,0,2,0,191293,414317,10376,97580,3.837832079736189,0.19062428574498386
7587,0.3070952380952381,0,1,0,191294,414316,10376,97580,3.837822816703101,0.1906246581336834
7588,0.3071428571428571,1,17,1,191311,414299,10377,97579,3.837665345140613,0.19062940778857462
7589,0.3071468253968255,0,1,0,191312,414298,10377,97579,3.837656082107525,0.190629780201103
7590,0.3071666666666666,0,5,0,191317,414293,10377,97579,3.8376097669420877,0.1906316422855714
7591,0.3071666666666667,2,5,2,191322,414288,10379,97577,3.8375634517766497,0.190630341984703
7592,0.3072142857142858,0,1,0,191323,414287,10379,97577,3.837554188743562,0.19063071440851476
7593,0.3072539682539682,1,0,1,191323,414287,10380,97576,3.837554188743562,0.19062913318602828
7594,0.3072619047619047,0,1,0,191324,414286,10380,97576,3.837544925710475,0.19062950560893366
7595,0.3072619047619048,0,1,0,191325,414285,10380,97576,3.837535662677387,0.1906298780332942
7596,0.3072857142857143,0,2,0,191327,414283,10380,97576,3.837517136611212,0.19063062288638083
7597,0.3073333333333333,1,40,1,191367,414243,10381,97575,3.83714661528771,0.19064393983798927
7598,0.3073333333333334,0,3,0,191370,414240,10381,97575,3.8371188261884472,0.19064505729609332
7599,0.3073809523809523,1,1,1,191371,414239,10382,97574,3.8371095631553596,0.1906438484368314
7600,0.3073809523809524,1,2,1,191373,414237,10383,97573,3.8370910370891846,0.19064301205525488
7601,0.3074285714285714,1,1,1,191374,414236,10384,97572,3.837081774056097,0.19064180317619106
7602,0.3074603174603175,0,1,0,191375,414235,10384,97572,3.8370725110230093,0.1906421756638733
7603,0.3074999999999999,0,9,0,191384,414226,10384,97572,3.8369891437252215,0.1906455281185155
7604,0.3075,44,418,44,191802,413808,10428,97528,3.8331171958946237,0.1907317302126195
7605,0.3075238095238095,1,1,1,191803,413807,10429,97527,3.833107932861536,0.19073052055994713
7606,0.3075714285714286,0,1,0,191804,413806,10429,97527,3.833098669828449,0.19073089356642345
7607,0.3076111111111111,0,1,0,191805,413805,10429,97527,3.833089406795361,0.19073126657435874
7608,0.3076190476190475,1,2,1,191807,413803,10430,97526,3.833070880729186,0.19073042991889763
7609,0.3076190476190476,0,2,0,191809,413801,10430,97526,3.833052354663011,0.19073117594024958
7610,0.3076547619047619,0,2,0,191811,413799,10430,97526,3.833033828596836,0.19073192196743755
7611,0.3076666666666666,3,22,3,191833,413777,10433,97523,3.8328300418689096,0.1907353804028946
7612,0.3076666666666667,0,14,0,191847,413763,10433,97523,3.832700359405684,0.1907406031066761
7613,0.3077380952380952,1,1,1,191848,413762,10434,97522,3.832691096372596,0.19073939337041645
7614,0.3077499999999999,0,2,0,191850,413760,10434,97522,3.8326725703064213,0.1907401394924914
7615,0.3077777777777777,0,2,0,191852,413758,10434,97522,3.832654044240246,0.1907408856204037
7616,0.3077857142857143,0,2,0,191854,413756,10434,97522,3.832635518174071,0.19074163175415332
7617,0.3077948717948718,0,1,0,191855,413755,10434,97522,3.8326262551409833,0.19074200482321715
7618,0.3078333333333333,2,13,2,191868,413742,10436,97520,3.8325058357108452,0.19074368914568265
7619,0.3078571428571428,1,6,1,191874,413736,10437,97519,3.83245025751232,0.19074434479858388
7620,0.3078809523809525,0,3,0,191877,413733,10437,97519,3.832422468413057,0.19074546407642415
7621,0.3079047619047619,0,1,0,191878,413732,10437,97519,3.8324132053799698,0.19074583717195664
7622,0.3079166666666666,1,2,1,191880,413730,10438,97518,3.8323946793137944,0.19074500046943949
7623,0.3079285714285714,0,1,0,191881,413729,10438,97518,3.832385416280707,0.19074537356698426
7624,0.3079523809523809,0,3,0,191884,413726,10438,97518,3.832357627181444,0.19074649286837597
7625,0.3079761904761904,0,3,0,191887,413723,10438,97518,3.8323298380821815,0.19074761218290395
7626,0.308,8,103,8,191990,413620,10446,97510,3.8313757456741637,0.19077338446187858
7627,0.3080443722943723,0,1,0,191991,413619,10446,97510,3.831366482641076,0.19077375770108915
7628,0.308047619047619,0,1,0,191992,413618,10446,97510,3.8313572196079884,0.19077413094176018
7629,0.3080952380952381,0,1,0,191993,413617,10446,97510,3.8313479565749007,0.19077450418389166
7630,0.3081190476190476,0,1,0,191994,413616,10446,97510,3.8313386935418134,0.19077487742748364
7631,0.3081428571428571,0,1,0,191995,413615,10446,97510,3.8313294305087258,0.19077525067253606
7632,0.3081666666666666,2,16,2,192011,413599,10448,97508,3.831181221979325,0.1907780562582786
7633,0.3081666666666667,0,3,0,192014,413596,10448,97508,3.831153432880062,0.19077917605810168
7634,0.3081818181818181,0,2,0,192016,413594,10448,97508,3.831134906813887,0.19077992259862023
7635,0.3081904761904762,0,1,0,192017,413593,10448,97508,3.8311256437807995,0.19078029587107048
7636,0.3082142857142857,2,4,2,192021,413589,10450,97506,3.831088591648449,0.19077862236961818
7637,0.3082857142857143,0,2,0,192023,413587,10450,97506,3.8310700655822743,0.1907793689211161
7638,0.3083095238095238,0,2,0,192025,413585,10450,97506,3.8310515395160993,0.19078011547845686
7639,0.3083333333333333,53,427,53,192452,413158,10503,97453,3.8270962243877134,0.1908556611588861
7640,0.3085,3,29,3,192481,413129,10506,97450,3.8268275964281746,0.19086174715372156
7641,0.3085151515151514,0,1,0,192482,413128,10506,97450,3.826818333395087,0.1908621209687844
7642,0.3085238095238095,0,2,0,192484,413126,10506,97450,3.8267998073289116,0.19086286860330293
7643,0.3085714285714285,2,7,2,192491,413119,10508,97448,3.8267349660972987,0.19086231581751267
7644,0.3085714285714286,0,1,0,192492,413118,10508,97448,3.8267257030642114,0.19086268964247521
7645,0.3085833333333333,1,0,1,192492,413118,10509,97447,3.8267257030642114,0.19086110485442598
7646,0.3085952380952381,0,2,0,192494,413116,10509,97447,3.826707176998036,0.19086185250400048
7647,0.3086428571428571,0,1,0,192495,413115,10509,97447,3.826697913964949,0.1908622263309843
7648,0.3086666666666666,3,26,3,192521,413089,10512,97444,3.8264570751046723,0.19086719173882982
7649,0.3086904761904761,0,1,0,192522,413088,10512,97444,3.8264478120715846,0.1908675655982387
7650,0.3087142857142857,0,3,0,192525,413085,10512,97444,3.826420022972322,0.19086868718525293
7651,0.30875,1,7,1,192532,413078,10513,97443,3.826355181740709,0.19086971936511915
7652,0.3087777777777778,0,1,0,192533,413077,10513,97443,3.8263459187076214,0.19087009323826687
7653,0.3088095238095238,0,5,0,192538,413072,10513,97443,3.826299603542184,0.19087196262597572
7654,0.3088333333333333,1,10,1,192548,413062,10514,97442,3.8262069732113084,0.19087411655932177
7655,0.3088461538461539,0,1,0,192549,413061,10514,97442,3.8261977101782207,0.19087449045353308
7656,0.3088690476190476,0,1,0,192550,413060,10514,97442,3.826188447145133,0.19087486434920922
7657,0.3088776558838478,0,3,0,192553,413057,10514,97442,3.8261606580458705,0.19087598604502654
7658,0.3088809523809523,0,3,0,192556,413054,10514,97442,3.826132868946608,0.19087710775402744
7659,0.3088888888888889,0,2,0,192558,413052,10514,97442,3.826114342880433,0.1908778555673524
7660,0.3089047619047619,0,2,0,192560,413050,10514,97442,3.8260958168142576,0.19087860338653692
7661,0.3089285714285714,0,2,0,192562,413048,10514,97442,3.8260772907480827,0.19087935121158103
7662,0.3089365079365079,1,1,1,192563,413047,10515,97441,3.826068027714995,0.19087814013257903
7663,0.3089999999999999,1,8,1,192571,413039,10516,97440,3.8259939234502944,0.1908795464651827
7664,0.309,7,80,7,192651,412959,10523,97433,3.82525288080329,0.19089836831298296
7665,0.3090238095238095,0,2,0,192653,412957,10523,97433,3.8252343547371153,0.1908991163619977
7666,0.309047619047619,0,5,0,192658,412952,10523,97433,3.8251880395716773,0.1909009865101835
7667,0.3090743145743145,1,0,1,192658,412952,10524,97432,3.8251880395716773,0.19089940123514842
7668,0.3090952380952381,1,3,1,192661,412949,10525,97431,3.8251602504724147,0.19089893804616168
7669,0.3091190476190475,0,1,0,192662,412948,10525,97431,3.825150987439327,0.19089931207984653
7670,0.3091428571428571,0,2,0,192664,412946,10525,97431,3.825132461373152,0.19090006015161343
7671,0.3091666666666666,7,67,7,192731,412879,10532,97424,3.824511838156286,0.19091402558871887
7672,0.3091666666666667,5,82,5,192813,412797,10537,97419,3.8237522694431063,0.19093677971682582
7673,0.3092136752136752,0,4,0,192817,412793,10537,97419,3.823715217310756,0.19093827663794657
7674,0.3092182539682539,0,1,0,192818,412792,10537,97419,3.823705954277669,0.19093865087189418
7675,0.3092301587301587,0,1,0,192819,412791,10537,97419,3.823696691244581,0.19093902510730876
7676,0.3092842157842158,0,1,0,192820,412790,10537,97419,3.8236874282114934,0.19093939934419032
7677,0.3092857142857143,1,8,1,192828,412782,10538,97418,3.8236133239467933,0.1909408075264602
7678,0.3093095238095238,0,1,0,192829,412781,10538,97418,3.8236040609137056,0.19094118177417047
7679,0.3093333333333333,5,54,5,192883,412727,10543,97413,3.8231038571269775,0.19095346375504763
7680,0.3093571428571428,0,1,0,192884,412726,10543,97413,3.8230945940938903,0.19095383807158442
7681,0.3093571428571429,0,2,0,192886,412724,10543,97413,3.823076068027715,0.19095458670906051
7682,0.3094047619047619,0,1,0,192887,412723,10543,97413,3.8230668049946273,0.19095496102999984
7683,0.3094166666666667,0,1,0,192888,412722,10543,97413,3.82305754196154,0.19095533535240672
7684,0.3094285714285714,0,2,0,192890,412720,10543,97413,3.8230390158953647,0.19095608400162312
7685,0.3094444444444444,0,2,0,192892,412718,10543,97413,3.8230204898291897,0.19095683265670974
7686,0.3094999999999999,0,2,0,192894,412716,10543,97413,3.8230019637630144,0.1909575813176667
7687,0.3095,4,22,4,192916,412694,10547,97409,3.8227981770350885,0.19095947289076912
7688,0.3095238095238095,1,8,1,192924,412686,10548,97408,3.822724072770388,0.19096088171983988
7689,0.3095555555555555,0,2,0,192926,412684,10548,97408,3.822705546704213,0.19096163045097747
7690,0.3095833333333333,0,5,0,192931,412679,10548,97408,3.822659231538775,0.19096350230450884
7691,0.3096190476190475,0,1,0,192932,412678,10548,97408,3.8226499685056874,0.19096387667961873
7692,0.3096428571428571,0,3,0,192935,412675,10548,97408,3.822622179406425,0.1909649998137558
7693,0.3096666666666666,1,13,1,192948,412662,10549,97407,3.8225017599762867,0.19096828076201455
7694,0.3096666666666667,2,15,2,192963,412647,10551,97405,3.8223628144799733,0.19097072455357492
7695,0.3096904761904762,0,1,0,192964,412646,10551,97405,3.8223535514468856,0.1909710989685345
7696,0.3097142857142857,0,2,0,192966,412644,10551,97405,3.8223350253807107,0.19097184780285817
7697,0.3097142857142858,0,1,0,192967,412643,10551,97405,3.822325762347623,0.1909722222222222
7698,0.3097222222222222,0,3,0,192970,412640,10551,97405,3.8222979732483604,0.1909733454891235
7699,0.3097499999999999,0,1,0,192971,412639,10551,97405,3.8222887102152727,0.19097371991436032
7700,0.30975,0,1,0,192972,412638,10551,97405,3.8222794471821855,0.19097409434106535
7701,0.3097619047619048,0,1,0,192973,412637,10551,97405,3.822270184149098,0.19097446876923863
7702,0.3097777777777777,0,1,0,192974,412636,10551,97405,3.82226092111601,0.19097484319888008
7703,0.3097857142857143,0,1,0,192975,412635,10551,97405,3.822251658082923,0.1909752176299898
7704,0.3098095238095238,0,1,0,192976,412634,10551,97405,3.822242395049835,0.19097559206256776
7705,0.3098214285714286,0,2,0,192978,412632,10551,97405,3.82222386898366,0.19097634093212845
7706,0.3098333333333333,1,21,1,192999,412611,10552,97404,3.822029345288821,0.19098261815828946
7707,0.3098333333333334,0,1,0,193000,412610,10552,97404,3.822020082255734,0.1909829926237319
7708,0.3098650793650794,0,1,0,193001,412609,10552,97404,3.8220108192226463,0.19098336709064279
7709,0.3098809523809523,0,1,0,193002,412608,10552,97404,3.8220015561895586,0.19098374155902215
7710,0.3099047619047619,0,1,0,193003,412607,10552,97404,3.8219922931564714,0.19098411602886997
7711,0.3099090909090909,0,4,0,193007,412603,10552,97404,3.821955241024121,0.19098561392294616
7712,0.3099166666666666,0,1,0,193008,412602,10552,97404,3.8219459779910334,0.19098598840013647
7713,0.3099166666666667,0,1,0,193009,412601,10552,97404,3.8219367149579457,0.1909863628787953
7714,0.3099285714285714,0,1,0,193010,412600,10552,97404,3.821927451924858,0.1909867373589227
7715,0.3099523809523809,0,2,0,193012,412598,10552,97404,3.821908925858683,0.19098748632358303
7716,0.309952380952381,0,2,0,193014,412596,10552,97404,3.821890399792508,0.19098823529411765
7717,0.3099891774891775,0,1,0,193015,412595,10552,97404,3.8218811367594205,0.1909886097815878
7718,0.3099999999999999,3,46,3,193061,412549,10555,97401,3.821455037237393,0.19100107853711148
7719,0.31,286,3742,286,196803,408807,10841,97115,3.786792767423765,0.191956467597772
7720,0.3100238095238095,0,1,0,196804,408806,10841,97115,3.786783504390678,0.19195684701761737
7721,0.3100503663003662,0,1,0,196805,408805,10841,97115,3.78677424135759,0.19195722643896268
7722,0.3100833333333332,0,1,0,196806,408804,10841,97115,3.7867649783245025,0.1919576058618079
7723,0.3100833333333334,0,3,0,196809,408801,10841,97115,3.78673718922524,0.1919587441393433
7724,0.3101190476190475,1,1,1,196810,408800,10842,97114,3.7867279261921523,0.191957526378001
7725,0.3101190476190476,0,4,0,196814,408796,10842,97114,3.786690874059802,0.19195904409875275
7726,0.3101428571428571,0,1,0,196815,408795,10842,97114,3.7866816110267147,0.19195942353269066
7727,0.3101666666666666,2,12,2,196827,408783,10844,97112,3.786570454629664,0.19196078237578945
7728,0.3101666666666667,1,10,1,196837,408773,10845,97111,3.7864778242987884,0.1919629796554151
7729,0.3101904761904761,1,1,1,196838,408772,10846,97110,3.7864685612657007,0.19196176183378733
7730,0.3102023809523809,0,1,0,196839,408771,10846,97110,3.786459298232613,0.1919621412940988
7731,0.3102063492063492,0,1,0,196840,408770,10846,97110,3.786450035199526,0.1919625207559105
7732,0.3102380952380952,1,3,1,196843,408767,10847,97109,3.7864222461002632,0.1919620618491488
7733,0.3102499999999999,0,3,0,196846,408764,10847,97109,3.786394457001,0.19196320024986507
7734,0.3102777777777777,0,1,0,196847,408763,10847,97109,3.786385193967913,0.19196357971977102
7735,0.3102857142857143,0,2,0,196849,408761,10847,97109,3.7863666679017376,0.19196433866408366
7736,0.3103333333333333,1,30,1,196879,408731,10848,97108,3.786088776909111,0.19197412615476467
7737,0.3103571428571428,0,7,0,196886,408724,10848,97108,3.7860239356774983,0.1919767828053583
7738,0.3103571428571429,0,1,0,196887,408723,10848,97108,3.7860146726444106,0.191977162332874
7739,0.3104047619047618,0,2,0,196889,408721,10848,97108,3.7859961465782357,0.19197792139240732
7740,0.3104166666666666,0,1,0,196890,408720,10848,97108,3.785986883545148,0.19197830092442492
7741,0.3104166666666667,1,2,1,196892,408718,10849,97107,3.785968357478973,0.19197746256116247
7742,0.3104285714285714,1,2,1,196894,408716,10850,97106,3.7859498314127977,0.19197662418795544
7743,0.3104444444444444,0,2,0,196896,408714,10850,97106,3.785931305346623,0.1919773832588668
7744,0.3104761904761904,0,6,0,196902,408708,10850,97106,3.785875727148097,0.19197966050761742
7745,0.3104761904761905,0,1,0,196903,408707,10850,97106,3.78586646411501,0.19198004005432837
7746,0.3105,0,12,0,196915,408695,10850,97106,3.785755307717959,0.19198459473192026
7747,0.3105119047619047,0,1,0,196916,408694,10850,97106,3.7857460446848714,0.19198497429814157
7748,0.3105238095238095,0,1,0,196917,408693,10850,97106,3.785736781651784,0.1919853538658637
7749,0.3105555555555556,0,1,0,196918,408692,10850,97106,3.7857275186186965,0.19198573343508674
7750,0.3105833333333333,0,3,0,196921,408689,10850,97106,3.785699729519434,0.19198687215176108
7751,0.3105833333333334,0,1,0,196922,408688,10850,97106,3.785690466486346,0.19198725172698766
7752,0.3105952380952381,0,5,0,196927,408683,10850,97106,3.7856441513209087,0.1919891496256344
7753,0.3106666666666666,6,51,6,196978,408632,10856,97100,3.785171736633443,0.1919989243314641
7754,0.3106666666666667,0,6,0,196984,408626,10856,97100,3.785116158434918,0.1920012022320387
7755,0.3107142857142857,0,8,0,196992,408618,10856,97100,3.7850420541702174,0.19200423951688492
7756,0.3107499999999999,0,1,0,196993,408617,10856,97100,3.7850327911371298,0.19200461918424733
7757,0.3108333333333333,15,137,15,197130,408480,10871,97085,3.783763755604135,0.19203267631264032
7758,0.3108333333333334,0,1,0,197131,408479,10871,97085,3.7837544925710476,0.19203305615115
7759,0.3108809523809523,1,0,1,197131,408479,10872,97084,3.7837544925710476,0.19203145799831078
7760,0.3108809523809524,0,1,0,197132,408478,10872,97084,3.78374522953796,0.1920318378359133
7761,0.3108844211344211,0,1,0,197133,408477,10872,97084,3.783735966504872,0.19203221767501844
7762,0.3109126984126984,0,1,0,197134,408476,10872,97084,3.783726703471785,0.19203259751562624
7763,0.3109285714285714,0,3,0,197137,408473,10872,97084,3.783698914372522,0.1920337370464656
7764,0.3109523809523808,0,1,0,197138,408472,10872,97084,3.7836896513394347,0.19203411689308406
7765,0.3109523809523809,1,7,1,197145,408465,10873,97083,3.783624810107822,0.19203517766858932
7766,0.310952380952381,0,2,0,197147,408463,10873,97083,3.7836062840416465,0.19203593738255273
7767,0.311,6,75,6,197222,408388,10879,97077,3.78291155656008,0.1920548405923259
7768,0.311047619047619,0,1,0,197223,408387,10879,97077,3.7829022935269925,0.19205522054983143
7769,0.3110714285714285,0,3,0,197226,408384,10879,97077,3.78287450442773,0.1920563604313686
7770,0.3110843323343323,0,1,0,197227,408383,10879,97077,3.782865241394642,0.19205674039488782
7771,0.311111111111111,0,1,0,197228,408382,10879,97077,3.7828559783615545,0.1920571203599105
7772,0.3111190476190476,0,1,0,197229,408381,10879,97077,3.7828467153284673,0.19205750032643662
7773,0.3111309523809524,0,1,0,197230,408380,10879,97077,3.7828374522953796,0.1920578802944662
7774,0.3111428571428571,0,4,0,197234,408376,10879,97077,3.7828004001630293,0.19205940018161927
7775,0.3111666666666666,1,5,1,197239,408371,10880,97076,3.782754084997592,0.19205970161065353
7776,0.3111666666666667,0,1,0,197240,408370,10880,97076,3.782744821964504,0.19206008159130747
7777,0.3111785714285714,1,0,1,197240,408370,10881,97075,3.782744821964504,0.1920584831188359
7778,0.3111904761904762,0,3,0,197243,408367,10881,97075,3.7827170328652415,0.1920596230625868
7779,0.31125,0,9,0,197252,408358,10881,97075,3.7826336655674533,0.1920630429750333
7780,0.3112619047619047,0,1,0,197253,408357,10881,97075,3.782624402534366,0.19206342297282325
7781,0.3112857142857143,0,2,0,197255,408355,10881,97075,3.7826058764681907,0.19206418297291417
7782,0.3113095238095238,0,1,0,197256,408354,10881,97075,3.782596613435103,0.19206456297521513
7783,0.3113333333333333,2,46,2,197302,408308,10883,97073,3.782170513913076,0.1920788474438097
7784,0.3113452380952381,0,1,0,197303,408307,10883,97073,3.7821612508799882,0.19207922751197118
7785,0.3113690476190476,0,1,0,197304,408306,10883,97073,3.7821519878469005,0.19207960758163675
7786,0.3114285714285714,1,9,1,197313,408297,10884,97072,3.7820686205491127,0.19208142960886007
7787,0.311452380952381,1,2,1,197315,408295,10885,97071,3.7820500944829374,0.19208059109635392
7788,0.3114999999999999,0,1,0,197316,408294,10885,97071,3.78204083144985,0.1920809711792467
7789,0.3115,3,33,3,197349,408261,10888,97068,3.7817351513579607,0.19208871843887843
7790,0.311547619047619,1,2,1,197351,408259,10889,97067,3.7817166252917858,0.19208787990327036
7791,0.3115476190476191,0,1,0,197352,408258,10889,97067,3.781707362258698,0.19208826003067334
7792,0.3116190476190476,0,1,0,197353,408257,10889,97067,3.7816980992256104,0.19208864015958077
7793,0.3116428571428571,0,4,0,197357,408253,10889,97067,3.78166104709326,0.19209016069025567
7794,0.3116666666666666,11,174,11,197531,408079,10900,97056,3.780049279336026,0.19213873518960278
7795,0.3116666666666667,26,241,26,197772,407838,10926,97030,3.7778168883619254,0.19218884936260566
7796,0.3116904761904762,0,1,0,197773,407837,10926,97030,3.7778076253288377,0.19218923003484087
7797,0.3117142857142857,0,2,0,197775,407835,10926,97030,3.7777890992626624,0.19218999138383527
7798,0.3117261904761904,1,0,1,197775,407835,10927,97029,3.7777890992626624,0.19218839132915003
7799,0.31175,1,0,1,197775,407835,10928,97028,3.7777890992626624,0.1921867912681262
7800,0.3117619047619048,0,1,0,197776,407834,10928,97028,3.777779836229575,0.1921871719400549
7801,0.3117857142857143,0,8,0,197784,407826,10928,97028,3.7777057319648746,0.19219021736977424
7802,0.3118333333333333,3,10,3,197794,407816,10931,97025,3.777613101633999,0.19218922393387225
7803,0.3118571428571429,1,1,1,197795,407815,10932,97024,3.7776038386009114,0.19218800449252138
7804,0.3118611111111111,0,1,0,197796,407814,10932,97024,3.7775945755678237,0.19218838518495043
7805,0.3118809523809523,0,1,0,197797,407813,10932,97024,3.7775853125347365,0.19218876587888764
7806,0.3118968253968253,2,4,2,197801,407809,10934,97022,3.7775482604023862,0.1921870883523397
7807,0.3119047619047619,0,1,0,197802,407808,10934,97022,3.7775389973692985,0.1921874690489868
7808,0.3119166666666667,0,1,0,197803,407807,10934,97022,3.777529734336211,0.1921878497471421
7809,0.311952380952381,0,1,0,197804,407806,10934,97022,3.7775204713031236,0.19218823044680564
7810,0.3119999999999999,1,2,1,197806,407804,10935,97021,3.7775019452369483,0.19218739167038082
7811,0.312,6,79,6,197885,407725,10941,97015,3.7767701656230317,0.19220786939810597
7812,0.3120238095238095,1,2,1,197887,407723,10942,97014,3.7767516395568563,0.1922070305921698
7813,0.3120833333333333,0,4,0,197891,407719,10942,97014,3.7767145874245065,0.19220855382945043
7814,0.312095238095238,0,1,0,197892,407718,10942,97014,3.776705324391419,0.19220893464254296
7815,0.3121190476190476,0,1,0,197893,407717,10942,97014,3.776696061358331,0.1922093154571445
7816,0.3121428571428571,0,3,0,197896,407714,10942,97014,3.7766682722590685,0.19221045791000302
7817,0.3121666666666666,0,4,0,197900,407710,10942,97014,3.7766312201267183,0.1922119812016072
7818,0.3121666666666667,2,4,2,197904,407706,10944,97012,3.776594167994368,0.19221030357546195
7819,0.3122301587301587,0,2,0,197906,407704,10944,97012,3.776575641928193,0.19221106523272494
7820,0.3122619047619047,0,1,0,197907,407703,10944,97012,3.7765663788951054,0.19221144606362006
7821,0.3122857142857143,0,1,0,197908,407702,10944,97012,3.7765571158620177,0.19221182689602428
7822,0.3123333333333333,1,32,1,197940,407670,10945,97011,3.776260698803216,0.19222241376235683
7823,0.3123809523809523,0,3,0,197943,407667,10945,97011,3.7762329097039533,0.192223556406263
7824,0.3123809523809524,0,3,0,197946,407664,10945,97011,3.7762051206046907,0.1922246990637539
7825,0.3124999999999999,1,12,1,197958,407652,10946,97010,3.7760939642076403,0.19222766921226483
7826,0.3125,30,395,30,198353,407257,10976,96980,3.772435066138056,0.1923301939365814
7827,0.3125238095238095,0,2,0,198355,407255,10976,96980,3.772416540071881,0.1923309567959384
7828,0.3125833333333333,0,1,0,198356,407254,10976,96980,3.7724072770387935,0.19233133822788626
7829,0.3126190476190476,1,4,1,198360,407250,10977,96979,3.7723702249064432,0.19233126218444396
7830,0.3126666666666666,3,20,3,198380,407230,10980,96976,3.7721849642446923,0.19233408567133276
7831,0.3126666666666667,3,32,3,198412,407198,10983,96973,3.7718885471858905,0.19234148731283632
7832,0.3127261904761905,0,2,0,198414,407196,10983,96973,3.7718700211197156,0.19234225031685803
7833,0.3127380952380952,1,0,1,198414,407196,10984,96972,3.7718700211197156,0.19234064835531015
7834,0.3127619047619047,0,1,0,198415,407195,10984,96972,3.771860758086628,0.19234102985717033
7835,0.3127777777777777,0,1,0,198416,407194,10984,96972,3.7718514950535402,0.19234141136054395
7836,0.3128333333333333,3,14,3,198430,407180,10987,96969,3.7717218125903145,0.19234194652771303
7837,0.3128571428571428,0,7,0,198437,407173,10987,96969,3.7716569713587016,0.1923446171911882
7838,0.3128571428571429,0,1,0,198438,407172,10987,96969,3.7716477083256144,0.19234499872059602
7839,0.3128809523809523,0,1,0,198439,407171,10987,96969,3.7716384452925267,0.19234538025151743
7840,0.3128888888888889,0,1,0,198440,407170,10987,96969,3.771629182259439,0.19234576178395243
7841,0.3129166666666666,0,2,0,198442,407168,10987,96969,3.771610656193264,0.19234652485336326
7842,0.3129166666666667,1,4,1,198446,407164,10988,96968,3.771573604060914,0.192346448945911
7843,0.3129285714285714,0,3,0,198449,407161,10988,96968,3.771545814961651,0.19234759357228012
7844,0.3129523809523809,0,2,0,198451,407159,10988,96968,3.771527288895476,0.19234835666409456
7845,0.3129545454545455,0,1,0,198452,407158,10988,96968,3.7715180258623886,0.19234873821227233
7846,0.3129563492063492,0,1,0,198453,407157,10988,96968,3.771508762829301,0.1923491197619638
7847,0.3129999999999999,1,8,1,198461,407149,10989,96967,3.7714346585646004,0.19235057010688017
7848,0.313,5,46,5,198507,407103,10994,96962,3.771008559042573,0.19236011228710584
7849,0.313047619047619,0,1,0,198508,407102,10994,96962,3.770999296009485,0.1923604939055358
7850,0.3130476190476191,0,1,0,198509,407101,10994,96962,3.770990032976398,0.19236087552547995
7851,0.3130714285714285,0,2,0,198511,407099,10994,96962,3.7709715069102225,0.19236163876991078
7852,0.3130952380952381,1,2,1,198513,407097,10995,96961,3.7709529808440476,0.1923607997492352
7853,0.3131666666666666,3,12,3,198525,407085,10998,96958,3.770841824446997,0.19236057241148077
7854,0.3131666666666667,0,1,0,198526,407084,10998,96958,3.7708325614139095,0.19236095404748016
7855,0.3132142857142856,0,1,0,198527,407083,10998,96958,3.770823298380822,0.1923613356849939
7856,0.3132142857142857,0,2,0,198529,407081,10998,96958,3.7708047723146465,0.19236209896456424
7857,0.3132380952380952,0,1,0,198530,407080,10998,96958,3.7707955092815593,0.19236248060662092
7858,0.31325,1,1,1,198531,407079,10999,96957,3.7707862462484716,0.19236125991000644
7859,0.3132857142857143,0,1,0,198532,407078,10999,96957,3.770776983215384,0.19236164155266997
7860,0.313297619047619,0,1,0,198533,407077,10999,96957,3.7707677201822967,0.19236202319684784
7861,0.313313492063492,1,0,1,198533,407077,11000,96956,3.7707677201822967,0.1923604208454605
7862,0.3133333333333333,76,764,76,199297,406313,11076,96880,3.763690762903405,0.19253050022555956
7863,0.3133571428571428,0,1,0,199298,406312,11076,96880,3.7636814998703176,0.1925308828439244
7864,0.3134047619047619,0,1,0,199299,406311,11076,96880,3.76367223683723,0.19253126546380997
7865,0.3134285714285714,0,1,0,199300,406310,11076,96880,3.7636629738041423,0.19253164808521633
7866,0.3134393939393939,1,0,1,199300,406310,11077,96879,3.7636629738041423,0.1925300433833013
7867,0.3134523809523808,0,2,0,199302,406308,11077,96879,3.7636444477379674,0.19253080862581903
7868,0.3134523809523809,1,3,1,199305,406305,11078,96878,3.7636166586387048,0.19253035178056493
7869,0.313452380952381,0,2,0,199307,406303,11078,96878,3.7635981325725294,0.19253111703343329
7870,0.3134761904761904,0,4,0,199311,406299,11078,96878,3.763561080440179,0.19253264755742014
7871,0.3134963924963924,0,1,0,199312,406298,11078,96878,3.763551817407092,0.192533030192219
7872,0.3135,3,30,3,199342,406268,11081,96875,3.763273926414465,0.19253969547424887
7873,0.3135119047619047,0,1,0,199343,406267,11081,96875,3.7632646633813778,0.19254007814891225
7874,0.3135238095238095,1,0,1,199343,406267,11082,96874,3.7632646633813778,0.19253847331066243
7875,0.3135714285714285,0,5,0,199348,406262,11082,96874,3.76321834821594,0.19254038669465115
7876,0.3135714285714286,0,1,0,199349,406261,11082,96874,3.763209085182852,0.1925407693760124
7877,0.3136190476190476,0,2,0,199351,406259,11082,96874,3.763190559116677,0.1925415347432985
7878,0.3136538461538461,0,2,0,199353,406257,11082,96874,3.763172033050502,0.19254230011666942
7879,0.3136666666666666,0,24,0,199377,406233,11082,96874,3.7629497202564006,0.19255148507176406
7880,0.3136666666666667,0,4,0,199381,406229,11082,96874,3.7629126681240503,0.1925530159828107
7881,0.3136742424242424,0,1,0,199382,406228,11082,96874,3.762903405090963,0.19255339871437602
7882,0.3136904761904762,0,1,0,199383,406227,11082,96874,3.7628941420578754,0.19255378144746282
7883,0.3137142857142857,0,3,0,199386,406224,11082,96874,3.762866352958613,0.19255492965585233
7884,0.3137222222222222,1,0,1,199386,406224,11083,96873,3.762866352958613,0.19255332470676628
7885,0.3137301587301587,1,0,1,199386,406224,11084,96872,3.762866352958613,0.19255171975129995
7886,0.3137380952380952,1,0,1,199386,406224,11085,96871,3.762866352958613,0.19255011478945327
7887,0.31375,0,10,0,199396,406214,11085,96871,3.7627737226277373,0.19255394217676933
7888,0.3137619047619047,0,3,0,199399,406211,11085,96871,3.7627459335284748,0.19255509042263488
7889,0.3138095238095238,0,6,0,199405,406205,11085,96871,3.762690355329949,0.19255738695545008
7890,0.3138181818181819,1,0,1,199405,406205,11086,96870,3.762690355329949,0.19255578194106246
7891,0.3138333333333333,1,7,1,199412,406198,11087,96869,3.7626255140983362,0.19255685624380053
7892,0.3138571428571428,0,2,0,199414,406196,11087,96869,3.7626069880321613,0.1925576217784978
7893,0.3138809523809523,1,0,1,199414,406196,11088,96868,3.7626069880321613,0.19255601672948175
7894,0.3138888888888889,1,0,1,199414,406196,11089,96867,3.7626069880321613,0.19255441167408455
7895,0.3139285714285714,0,2,0,199416,406194,11089,96867,3.762588461965986,0.19255517720515006
7896,0.313956043956044,0,1,0,199417,406193,11089,96867,3.7625791989328987,0.19255555997296545
7897,0.3139761904761904,0,1,0,199418,406192,11089,96867,3.762569935899811,0.1925559427423026
7898,0.3139999999999999,0,8,0,199426,406184,11089,96867,3.7624958316351105,0.1925590049517842
7899,0.314,8,131,8,199557,406053,11097,96859,3.761282374300641,0.19259631903792312
7900,0.3140079365079364,0,1,0,199558,406052,11097,96859,3.7612731112675535,0.19259670200095047
7901,0.3140238095238095,1,1,1,199559,406051,11098,96858,3.761263848234466,0.19259547950026745
7902,0.314047619047619,0,2,0,199561,406049,11098,96858,3.761245322168291,0.19259624542907536
7903,0.3140833333333333,0,1,0,199562,406048,11098,96858,3.761236059135203,0.19259662839576383
7904,0.3141428571428571,0,1,0,199563,406047,11098,96858,3.7612267961021155,0.1925970113639753
7905,0.3141666666666666,7,50,7,199613,405997,11105,96851,3.760763644447738,0.19260492236222476
7906,0.3141666666666667,10,84,10,199697,405913,11115,96841,3.7599855496683836,0.19262104329353918
7907,0.3141746031746031,0,1,0,199698,405912,11115,96841,3.759976286635296,0.1926214264260979
7908,0.3141904761904762,0,2,0,199700,405910,11115,96841,3.7599577605691206,0.1926221926957878
7909,0.3142142857142857,0,1,0,199701,405909,11115,96841,3.7599484975360333,0.19262257583291895
7910,0.31425,0,1,0,199702,405908,11115,96841,3.7599392345029456,0.19262295897157428
7911,0.3142857142857143,1,20,1,199722,405888,11116,96840,3.7597539738411947,0.19262901608822267
7912,0.3143333333333333,1,54,1,199776,405834,11117,96839,3.7592537700544666,0.19264810324007853
7913,0.3144047619047619,0,2,0,199778,405832,11117,96839,3.7592352439882917,0.19264886973786036
7914,0.3144166666666666,0,1,0,199779,405831,11117,96839,3.759225980955204,0.19264925298903854
7915,0.3144166666666667,0,1,0,199780,405830,11117,96839,3.7592167179221163,0.19264963624174158
7916,0.3144285714285714,0,2,0,199782,405828,11117,96839,3.7591981918559414,0.19265040275172232
7917,0.3144345238095238,1,0,1,199782,405828,11118,96838,3.7591981918559414,0.19264879661644113
7918,0.3144444444444444,2,3,2,199785,405825,11120,96836,3.759170402756679,0.19264673408121974
7919,0.314452380952381,0,2,0,199787,405823,11120,96836,3.7591518766905034,0.19264750059185254
7920,0.3144545454545454,0,1,0,199788,405822,11120,96836,3.759142613657416,0.1926478838494563
7921,0.3144761904761904,0,2,0,199790,405820,11120,96836,3.759124087591241,0.19264865036923862
7922,0.3144761904761905,0,1,0,199791,405819,11120,96836,3.759114824558153,0.19264903363141717
7923,0.3144999999999999,0,3,0,199794,405816,11120,96836,3.7590870354588906,0.19265018342710266
7924,0.3145,2,22,2,199816,405794,11122,96834,3.7588832487309647,0.19265540320077673
7925,0.3145238095238095,0,5,0,199821,405789,11122,96834,3.7588369335655267,0.19265731970084934
7926,0.3145454545454545,0,1,0,199822,405788,11122,96834,3.758827670532439,0.19265770300543947
7927,0.3145714285714286,0,1,0,199823,405787,11122,96834,3.7588184074993514,0.19265808631155482
7928,0.3145833333333333,0,2,0,199825,405785,11122,96834,3.7587998814331764,0.19265885292836124
7929,0.3145833333333334,0,1,0,199826,405784,11122,96834,3.7587906184000888,0.19265923623905232
7930,0.3146190476190476,1,0,1,199826,405784,11123,96833,3.7587906184000888,0.19265762996476443
7931,0.3146428571428571,0,2,0,199828,405782,11123,96833,3.758772092333914,0.19265839658585598
7932,0.3146666666666666,0,11,0,199839,405771,11123,96833,3.7586701989699507,0.19266261311091834
7933,0.3146666666666667,2,15,2,199854,405756,11125,96831,3.7585312534736373,0.19266515051125477
7934,0.3146904761904762,0,1,0,199855,405755,11125,96831,3.75852199044055,0.19266553385888185
7935,0.3146969696969697,1,0,1,199855,405755,11126,96830,3.75852199044055,0.19266392749485162
7936,0.3147222222222222,0,3,0,199858,405752,11126,96830,3.758494201341287,0.1926650775395856
7937,0.31475,0,1,0,199859,405751,11126,96830,3.7584849383081997,0.19266546089088127
7938,0.3147619047619047,0,2,0,199861,405749,11126,96830,3.7584664122420244,0.19266622759804927
7939,0.3147619047619048,0,1,0,199862,405748,11126,96830,3.758457149208937,0.19266661095392157
7940,0.3147857142857143,0,1,0,199863,405747,11126,96830,3.7584478861758495,0.19266699431131945
7941,0.3148095238095237,1,0,1,199863,405747,11127,96829,3.7584478861758495,0.1926653879214288
7942,0.3148095238095239,0,2,0,199865,405745,11127,96829,3.758429360109674,0.1926661546359342
7943,0.3148333333333333,0,20,0,199885,405725,11127,96829,3.758244099447923,0.19267382211662826
7944,0.3148571428571428,0,2,0,199887,405723,11127,96829,3.7582255733817482,0.19267458889826328
7945,0.3148809523809524,0,4,0,199891,405719,11127,96829,3.758188521249398,0.19267612247984273
7946,0.3149007936507935,1,2,1,199893,405717,11128,96828,3.7581699951832226,0.1926752828104946
7947,0.3149285714285714,1,0,1,199893,405717,11129,96827,3.7581699951832226,0.1926736763348085
7948,0.3149523809523809,0,1,0,199894,405716,11129,96827,3.7581607321501354,0.19267405973220203
7949,0.3149999999999999,10,32,10,199926,405684,11139,96817,3.7578643150913336,0.19267026334275952
7950,0.315,129,1452,129,201378,404232,11268,96688,3.744414391048205,0.1930208416513615
7951,0.3150238095238095,0,1,0,201379,404231,11268,96688,3.744405128015117,0.19302122698480192
7952,0.315031746031746,0,1,0,201380,404230,11268,96688,3.74439586498203,0.19302161231978088
7953,0.315047619047619,0,1,0,201381,404229,11268,96688,3.7443866019489422,0.19302199765629835
7954,0.3150476190476191,0,3,0,201384,404226,11268,96688,3.7443588128496796,0.19302315367508194
7955,0.3150595238095238,1,0,1,201384,404226,11269,96687,3.7443588128496796,0.19302154266309718
7956,0.3150714285714285,0,1,0,201385,404225,11269,96687,3.744349549816592,0.19302192800332194
7957,0.3150833333333333,0,2,0,201387,404223,11269,96687,3.744331023750417,0.19302269868838715
7958,0.3151190476190476,0,1,0,201388,404222,11269,96687,3.7443217607173294,0.1930230840332276
7959,0.3151666666666666,1,12,1,201400,404210,11270,96686,3.7442106043202785,0.1930260972337571
7960,0.3151666666666667,0,9,0,201409,404201,11270,96686,3.7441272370224907,0.19302956555071304
7961,0.3151904761904762,1,2,1,201411,404199,11271,96685,3.7441087109563154,0.19302872521382197
7962,0.3152142857142856,0,1,0,201412,404198,11271,96685,3.744099447923228,0.19302911059069683
7963,0.3152380952380952,0,1,0,201413,404197,11271,96685,3.7440901848901404,0.19302949596911048
7964,0.3152424242424242,0,1,0,201414,404196,11271,96685,3.7440809218570528,0.19302988134906296
7965,0.31525,0,3,0,201417,404193,11271,96685,3.74405313275779,0.19303103749815323
7966,0.3152619047619047,0,1,0,201418,404192,11271,96685,3.7440438697247025,0.193031422884261
7967,0.3152976190476191,0,1,0,201419,404191,11271,96685,3.7440346066916153,0.1930318082719076
7968,0.3153333333333333,3,35,3,201454,404156,11274,96682,3.743710400533551,0.1930404641820309
7969,0.3153571428571428,0,1,0,201455,404155,11274,96682,3.743701137500463,0.1930408496177399
7970,0.3153571428571429,0,2,0,201457,404153,11274,96682,3.743682611434288,0.1930416204937754
7971,0.3154166666666666,0,1,0,201458,404152,11274,96682,3.7436733484012006,0.19304200593410192
7972,0.3154166666666667,0,1,0,201459,404151,11274,96682,3.743664085368113,0.19304239137596763
7973,0.3154285714285714,0,1,0,201460,404150,11274,96682,3.7436548223350252,0.19304277681937257
7974,0.3154444444444444,0,2,0,201462,404148,11274,96682,3.7436362962688503,0.19304354771080007
7975,0.3154523809523809,0,1,0,201463,404147,11274,96682,3.7436270332357626,0.19304393315882268
7976,0.3154761904761904,0,4,0,201467,404143,11274,96682,3.7435899811034123,0.19304547496630559
7977,0.3154761904761905,0,1,0,201468,404142,11274,96682,3.743580718070325,0.1930458604220245
7978,0.3154999999999999,0,2,0,201470,404140,11274,96682,3.7435621920041497,0.1930466313380802
7979,0.3155,2,18,2,201488,404122,11276,96680,3.7433954574085737,0.1930503472430222
7980,0.3155555555555556,0,3,0,201491,404119,11276,96680,3.743367668309311,0.19305150369709204
7981,0.3156388888888889,0,1,0,201492,404118,11276,96680,3.7433584052762234,0.19305188918486096
7982,0.3156428571428571,0,2,0,201494,404116,11276,96680,3.7433398792100485,0.1930526601650173
7983,0.3156666666666666,8,35,8,201529,404081,11284,96672,3.743015673051984,0.19305326178774765
7984,0.3156666666666667,0,3,0,201532,404078,11284,96672,3.7429878839527215,0.19305441837244133
7985,0.3157142857142856,0,6,0,201538,404072,11284,96672,3.7429323057541963,0.1930567315834039
7986,0.3157142857142857,0,6,0,201544,404066,11284,96672,3.7428767275556707,0.1930590448498017
7987,0.31575,0,4,0,201548,404062,11284,96672,3.7428396754233204,0.19306058705819856
7988,0.3157619047619047,0,1,0,201549,404061,11284,96672,3.742830412390233,0.19306097261414765
7989,0.3158333333333333,15,125,15,201674,403936,11299,96657,3.7416725332542886,0.19308500118859034
7990,0.3158571428571428,0,2,0,201676,403934,11299,96657,3.7416540071881137,0.193085772616767
7991,0.3159523809523809,0,2,0,201678,403932,11299,96657,3.7416354811219388,0.19308654405110778
7992,0.315952380952381,0,1,0,201679,403931,11299,96657,3.741626218088851,0.19308692977058978
7993,0.3159603174603174,0,2,0,201681,403929,11299,96657,3.7416076920226757,0.19308770121417698
7994,0.3159621212121212,0,1,0,201682,403928,11299,96657,3.7415984289895885,0.19308808693828222
7995,0.3159999999999999,0,1,0,201683,403927,11299,96657,3.741589165956501,0.19308847266392853
7996,0.316,8,129,8,201812,403798,11307,96649,3.7403942346882064,0.193125345940729
7997,0.3160238095238095,0,3,0,201815,403795,11307,96649,3.740366445588944,0.1931265036647457
7998,0.316047619047619,0,1,0,201816,403794,11307,96649,3.740357182555856,0.19312688957583582
7999,0.3160476190476191,1,1,1,201817,403793,11308,96648,3.7403479195227685,0.1931256631650884
8000,0.316111111111111,1,1,1,201818,403792,11309,96647,3.740338656489681,0.1931244367445383
8001,0.3161111111111111,0,4,0,201822,403788,11309,96647,3.740301604357331,0.19312598039705456
8002,0.3161212121212121,0,1,0,201823,403787,11309,96647,3.7402923413242433,0.19312636631403943
8003,0.3161428571428571,0,3,0,201826,403784,11309,96647,3.7402645522249807,0.193127524074248
8004,0.3161666666666666,0,13,0,201839,403771,11309,96647,3.740144132794842,0.1931325411955605
8005,0.3161666666666667,0,2,0,201841,403769,11309,96647,3.7401256067286672,0.19313331308351453
8006,0.3161904761904762,0,4,0,201845,403765,11309,96647,3.740088554596317,0.19313485687793258
8007,0.3162121212121211,0,2,0,201847,403763,11309,96647,3.740070028530142,0.1931356287843968
8008,0.3162142857142857,0,2,0,201849,403761,11309,96647,3.7400515024639667,0.19313640069703122
8009,0.31625,2,7,2,201856,403754,11311,96645,3.739986661232354,0.19313587756969938
8010,0.3162619047619047,0,1,0,201857,403753,11311,96645,3.7399773981992666,0.19313626353422675
8011,0.3162857142857143,0,2,0,201859,403751,11311,96645,3.739958872133091,0.19313703546790942
8012,0.3163001165501165,1,9,1,201868,403742,11312,96644,3.7398755048353034,0.19313889677169224
8013,0.3163095238095237,0,1,0,201869,403741,11312,96644,3.7398662418022157,0.19313928275228073
8014,0.3163095238095238,3,1,3,201870,403740,11315,96641,3.739856978769128,0.19313483125858097
8015,0.3163116883116883,0,1,0,201871,403739,11315,96641,3.739847715736041,0.19313521723490149
8016,0.3163333333333333,2,28,2,201899,403711,11317,96639,3.7395883508095893,0.19314280003997203
8017,0.3163888888888889,0,1,0,201900,403710,11317,96639,3.7395790877765016,0.19314318605613282
8018,0.3164047619047619,0,1,0,201901,403709,11317,96639,3.739569824743414,0.19314357207383662
8019,0.3164285714285714,0,2,0,201903,403707,11317,96639,3.739551298677239,0.1931443441138732
8020,0.3164999999999999,0,2,0,201905,403705,11317,96639,3.7395327726110636,0.19314511616008187
8021,0.3165,3,34,3,201939,403671,11320,96636,3.739217829486087,0.19315340381006063
8022,0.316547619047619,0,1,0,201940,403670,11320,96636,3.7392085664529993,0.1931537898805931
8023,0.3165476190476191,0,2,0,201942,403668,11320,96636,3.7391900403868243,0.19315456202628803
8024,0.3165714285714285,0,1,0,201943,403667,11320,96636,3.7391807773537367,0.1931549481014505
8025,0.3166190476190476,0,1,0,201944,403666,11320,96636,3.739171514320649,0.1931553341781564
8026,0.3166388888888889,0,3,0,201947,403663,11320,96636,3.7391437252213864,0.19315649241753433
8027,0.3166666666666666,56,793,56,202740,402870,11376,96580,3.731798139982956,0.19337270998097908
8028,0.3166666666666667,1,5,1,202745,402865,11377,96579,3.7317518248175183,0.193373030810261
8029,0.3167380952380952,0,2,0,202747,402863,11377,96579,3.731733298751343,0.19337380516656588
8030,0.31675,0,1,0,202748,402862,11377,96579,3.7317240357182557,0.193374192347044
8031,0.3167619047619047,0,1,0,202749,402861,11377,96579,3.731714772685168,0.19337457952907255
8032,0.3167857142857143,0,5,0,202754,402856,11377,96579,3.73166845751973,0.1933765154624726
8033,0.3168333333333333,0,16,0,202770,402840,11377,96579,3.7315202489903294,0.19338271070984484
8034,0.3168571428571429,0,1,0,202771,402839,11377,96579,3.7315109859572417,0.19338309792598585
8035,0.3169047619047619,0,1,0,202772,402838,11377,96579,3.7315017229241545,0.19338348514367754
8036,0.3169444444444444,1,0,1,202772,402838,11378,96578,3.7315017229241545,0.19338187002418825
8037,0.3169999999999999,0,2,0,202774,402836,11378,96578,3.731483196857979,0.1933826444593063
8038,0.317,8,56,8,202830,402780,11386,96570,3.730964467005076,0.19339140883148093
8039,0.3170238095238095,0,5,0,202835,402775,11386,96570,3.730918151839638,0.19339334528231983
8040,0.3170476190476191,1,2,1,202837,402773,11387,96569,3.7308996257734632,0.19339250453596935
8041,0.3170833333333333,1,7,1,202844,402766,11388,96568,3.7308347845418504,0.19339360027556707
8042,0.317095238095238,0,1,0,202845,402765,11388,96568,3.7308255215087627,0.19339398757943096
8043,0.3171428571428571,1,15,1,202860,402750,11389,96567,3.7306865760124497,0.19339818191649794
8044,0.3171666666666666,1,7,1,202867,402743,11390,96566,3.730621734780837,0.19339927780192226
8045,0.3171666666666667,0,3,0,202870,402740,11390,96566,3.7305939456815738,0.1934004398104569
8046,0.3171904761904762,0,2,0,202872,402738,11390,96566,3.730575419615399,0.19340121449057088
8047,0.3172222222222222,0,4,0,202876,402734,11390,96566,3.7305383674830486,0.19340276386941718
8048,0.31725,0,1,0,202877,402733,11390,96566,3.730529104449961,0.19340315121800764
8049,0.3172777777777777,0,1,0,202878,402732,11390,96566,3.7305198414168736,0.19340353856814968
8050,0.3172857142857143,0,1,0,202879,402731,11390,96566,3.730510578383786,0.1934039259198433
8051,0.3173095238095238,0,1,0,202880,402730,11390,96566,3.7305013153506983,0.19340431327308852
8052,0.3173333333333332,0,1,0,202881,402729,11390,96566,3.730492052317611,0.1934047006278853
8053,0.3173333333333333,9,43,9,202924,402686,11399,96557,3.730093741894846,0.1934068179223344
8054,0.3173809523809524,0,3,0,202927,402683,11399,96557,3.7300659527955835,0.1934079801297973
8055,0.3173888888888889,0,1,0,202928,402682,11399,96557,3.730056689762496,0.19340836753538887
8056,0.3174047619047619,0,1,0,202929,402681,11399,96557,3.730047426729408,0.19340875494253243
8057,0.3174166666666666,0,2,0,202931,402679,11399,96557,3.7300289006632332,0.19340952976147555
8058,0.3174761904761904,0,3,0,202934,402676,11399,96557,3.7300011115639706,0.19341069200153035
8059,0.3174999999999999,4,11,4,202945,402665,11403,96553,3.7298992182000075,0.1934084908797359
8060,0.3175,30,395,30,203340,402270,11433,96523,3.7262403201304237,0.1935131407217022
8061,0.3175595238095238,0,1,0,203341,402269,11433,96523,3.726231057097336,0.1935135286853037
8062,0.3175952380952381,0,1,0,203342,402268,11433,96523,3.7262217940642484,0.1935139166504608
8063,0.3176190476190476,0,4,0,203346,402264,11433,96523,3.726184741931898,0.19351546852664564
8064,0.3176666666666666,2,23,2,203369,402241,11435,96521,3.7259716921708845,0.1935211583881691
8065,0.3176666666666667,2,19,2,203388,402222,11437,96519,3.725795694542221,0.19352529669708327
8066,0.3177142857142857,0,1,0,203389,402221,11437,96519,3.725786431509133,0.19352568472550827
8067,0.31775,0,1,0,203390,402220,11437,96519,3.725777168476046,0.19352607275548933
8068,0.3177777777777777,2,6,2,203396,402214,11439,96517,3.7257215902775203,0.193525166873525
8069,0.3178333333333333,0,12,0,203408,402202,11439,96517,3.72561043388047,0.1935298234075702
8070,0.3178333333333334,0,1,0,203409,402201,11439,96517,3.725601170847382,0.19353021146218904
8071,0.3178373015873016,0,5,0,203414,402196,11439,96517,3.7255548556819447,0.1935321517586267
8072,0.3178571428571428,0,8,0,203422,402188,11439,96517,3.725480751417244,0.19353525631385288
8073,0.3178939393939394,1,0,1,203422,402188,11440,96516,3.725480751417244,0.1935336391927877
8074,0.3179047619047619,0,3,0,203425,402185,11440,96516,3.7254529623179815,0.1935348034192833
8075,0.3179166666666667,1,4,1,203429,402181,11441,96515,3.7254159101856312,0.19353473859826428
8076,0.3179365079365079,0,1,0,203430,402180,11441,96515,3.7254066471525435,0.19353512668063647
8077,0.3179761904761904,0,2,0,203432,402178,11441,96515,3.7253881210863686,0.19353590285005004
8078,0.3179999999999999,1,12,1,203444,402166,11442,96514,3.725276964689318,0.1935389428090158
8079,0.318,2,104,2,203548,402062,11444,96512,3.7243136092482123,0.1935760789772431
8080,0.3180238095238095,0,2,0,203550,402060,11444,96512,3.724295083182037,0.193576855499306
8081,0.3180238095238096,1,2,1,203552,402058,11445,96511,3.724276557115862,0.19357601455365256
8082,0.318047619047619,0,1,0,203553,402057,11445,96511,3.7242672940827743,0.1935764028176698
8083,0.3180674603174603,1,0,1,203553,402057,11446,96510,3.7242672940827743,0.19357478533476946
8084,0.3180930735930736,0,1,0,203554,402056,11446,96510,3.724258031049687,0.1935751735978787
8085,0.3180952380952381,0,3,0,203557,402053,11446,96510,3.724230241950424,0.1935763383965517
8086,0.3181666666666666,1,7,1,203564,402046,11447,96509,3.724165400718811,0.19357743879812658
8087,0.3181666666666667,0,2,0,203566,402044,11447,96509,3.7241468746526363,0.19357821535523806
8088,0.3181818181818182,0,2,0,203568,402042,11447,96509,3.7241283485864614,0.19357899191858005
8089,0.3181904761904762,0,1,0,203569,402041,11447,96509,3.7241190855533737,0.1935793802025875
8090,0.3182142857142856,1,5,1,203574,402036,11448,96508,3.7240727703879357,0.19357970409833436
8091,0.3182142857142857,1,1,1,203575,402035,11449,96507,3.7240635073548485,0.1935784748326119
8092,0.31825,0,1,0,203576,402034,11449,96507,3.724054244321761,0.19357886312259173
8093,0.3182857142857142,0,1,0,203577,402033,11449,96507,3.724044981288673,0.19357925141412927
8094,0.3182857142857143,0,1,0,203578,402032,11449,96507,3.7240357182555854,0.1935796397072245
8095,0.3183333333333333,39,514,39,204092,401518,11488,96468,3.7192745192485828,0.19371628921294975
8096,0.3184166666666667,0,1,0,204093,401517,11488,96468,3.719265256215495,0.19371667821319918
8097,0.3184242424242424,0,1,0,204094,401516,11488,96468,3.719255993182408,0.19371706721501092
8098,0.3184523809523809,0,3,0,204097,401513,11488,96468,3.719228204083145,0.19371823422982
8099,0.3185,5,32,5,204129,401481,11493,96463,3.7189317870243435,0.1937225872788908
8100,0.3185238095238095,0,2,0,204131,401479,11493,96463,3.718913260958168,0.19372336537187063
8101,0.3185714285714285,0,5,0,204136,401474,11493,96463,3.7188669457927306,0.19372531063166626
8102,0.3185833333333333,1,0,1,204136,401474,11494,96462,3.7188669457927306,0.1937236913980913
8103,0.3185873015873016,0,1,0,204137,401473,11494,96462,3.718857682759643,0.19372408045226786
8104,0.3185952380952381,0,2,0,204139,401471,11494,96462,3.7188391566934675,0.193724858565309
8105,0.3186111111111111,1,0,1,204139,401471,11495,96461,3.7188391566934675,0.19372323931781849
8106,0.3186428571428571,0,1,0,204140,401470,11495,96461,3.7188298936603803,0.1937236283742125
8107,0.3186666666666666,2,40,2,204180,401430,11497,96459,3.718459372336878,0.1937359531943867
8108,0.3186904761904761,0,2,0,204182,401428,11497,96459,3.718440846270703,0.19373673142701053
8109,0.3186904761904762,0,3,0,204185,401425,11497,96459,3.71841305717144,0.19373789878766942
8110,0.31875,1,8,1,204193,401417,11498,96458,3.71833895290674,0.19373939241777555
8111,0.3187738095238095,0,1,0,204194,401416,11498,96458,3.718329689873652,0.1937397815511555
8112,0.3187777777777778,0,1,0,204195,401415,11498,96458,3.7183204268405645,0.19374017068609867
8113,0.3187857142857143,0,1,0,204196,401414,11498,96458,3.7183111638074773,0.19374055982260502
8114,0.3188095238095238,1,8,1,204204,401406,11499,96457,3.7182370595427767,0.19374205353681637
8115,0.3188333333333333,0,4,0,204208,401402,11499,96457,3.7182000074104264,0.19374361013861355
8116,0.3188571428571428,1,0,1,204208,401402,11500,96456,3.7182000074104264,0.19374199068810785
8117,0.3188571428571429,1,0,1,204208,401402,11501,96455,3.7182000074104264,0.19374037123109647
8118,0.3188888888888888,0,1,0,204209,401401,11501,96455,3.7181907443773388,0.19374076038051163
8119,0.3189166666666667,0,1,0,204210,401400,11501,96455,3.7181814813442515,0.1937411495314901
8120,0.3189285714285714,0,4,0,204214,401396,11501,96455,3.7181444292119012,0.19374270615103717
8121,0.3189999999999999,0,3,0,204217,401393,11501,96455,3.7181166401126386,0.19374387363211262
8122,0.319,10,89,10,204306,401304,11511,96445,3.717292230167846,0.19376231795543536
8123,0.3190238095238095,0,1,0,204307,401303,11511,96445,3.7172829671347585,0.19376270723337913
8124,0.319047619047619,0,3,0,204310,401300,11511,96445,3.717255178035496,0.19376387507659545
8125,0.3190476190476191,0,1,0,204311,401299,11511,96445,3.717245915002408,0.1937642643607959
8126,0.3190793650793651,1,1,1,204312,401298,11512,96444,3.717236651969321,0.1937630338609159
8127,0.3190833333333333,0,1,0,204313,401297,11512,96444,3.7172273889362333,0.1937634231457726
8128,0.3190873015873016,0,1,0,204314,401296,11512,96444,3.7172181259031456,0.1937638124321935
8129,0.3191269841269841,0,3,0,204317,401293,11512,96444,3.717190336803883,0.1937649803008416
8130,0.3191428571428572,0,1,0,204318,401292,11512,96444,3.7171810737707953,0.19376536959351945
8131,0.3191666666666666,8,149,8,204467,401143,11520,96436,3.71580088184075,0.19381043010255658
8132,0.3191984126984127,0,2,0,204469,401141,11520,96436,3.7157823557745746,0.19381120911939256
8133,0.3192142857142857,1,2,1,204471,401139,11521,96435,3.7157638297083997,0.19381036790507541
8134,0.3192261904761905,0,1,0,204472,401138,11521,96435,3.715754566675312,0.1938107574164997
8135,0.3192380952380952,0,1,0,204473,401137,11521,96435,3.7157453036422248,0.1938111469294896
8136,0.3192857142857143,0,6,0,204479,401131,11521,96435,3.715689725443699,0.1938134840403082
8137,0.3193333333333333,3,60,3,204539,401071,11524,96432,3.715133943458446,0.19383199699298295
8138,0.3193636363636363,0,1,0,204540,401070,11524,96432,3.7151246804253586,0.19383238660347094
8139,0.3193809523809523,1,0,1,204540,401070,11525,96431,3.7151246804253586,0.19383076616931424
8140,0.3193809523809524,0,1,0,204541,401069,11525,96431,3.715115417392271,0.19383115577889448
8141,0.3194047619047619,0,3,0,204544,401066,11525,96431,3.7150876282930083,0.19383232461703287
8142,0.3194444444444444,1,3,1,204547,401063,11526,96430,3.7150598391937457,0.19383187301127855
8143,0.319452380952381,0,1,0,204548,401062,11526,96430,3.715050576160658,0.1938322626293488
8144,0.3194761904761904,0,2,0,204550,401060,11526,96430,3.715032050094483,0.19383304187018835
8145,0.3195,2,16,2,204566,401044,11528,96428,3.714883841565082,0.19383603499292423
8146,0.3195238095238095,1,1,1,204567,401043,11529,96427,3.7148745785319943,0.19383480410879048
8147,0.3195714285714285,0,1,0,204568,401042,11529,96427,3.714865315498907,0.19383519375076638
8148,0.3195833333333333,1,3,1,204571,401039,11530,96426,3.7148375263996445,0.1938347421426633
8149,0.3195952380952381,0,1,0,204572,401038,11530,96426,3.714828263366557,0.19383513178843093
8150,0.3196190476190476,0,2,0,204574,401036,11530,96426,3.7148097373003814,0.19383591108466577
8151,0.3196428571428572,1,2,1,204576,401034,11531,96425,3.7147912112342065,0.19383506982484988
8152,0.3196587301587301,0,1,0,204577,401033,11531,96425,3.714781948201119,0.19383545947597586
8153,0.3196666666666666,2,10,2,204587,401023,11533,96423,3.7146893178702434,0.1938361148747804
8154,0.3196666666666667,1,11,1,204598,401012,11534,96422,3.71458742450628,0.1938387806221529
8155,0.3197142857142857,0,3,0,204601,401009,11534,96422,3.7145596354070176,0.19383994966136006
8156,0.3197222222222222,0,1,0,204602,401008,11534,96422,3.71455037237393,0.19384033934422934
8157,0.31975,0,2,0,204604,401006,11534,96422,3.714531846307755,0.19384111871466825
8158,0.3197619047619047,0,1,0,204605,401005,11534,96422,3.7145225832746673,0.1938415084022379
8159,0.3197619047619048,0,1,0,204606,401004,11534,96422,3.71451332024158,0.1938418980913744
8160,0.3197857142857143,0,1,0,204607,401003,11534,96422,3.7145040572084924,0.1938422877820777
8161,0.3198333333333332,0,2,0,204609,401001,11534,96422,3.714485531142317,0.19384306716818483
8162,0.3198333333333333,1,16,1,204625,400985,11535,96421,3.7143373226129164,0.19384768177303852
8163,0.3198611111111111,0,1,0,204626,400984,11535,96421,3.7143280595798287,0.1938480714910385
8164,0.3198809523809524,0,1,0,204627,400983,11535,96421,3.7143187965467415,0.19384846121060548
8165,0.3199166666666667,1,0,1,204627,400983,11536,96420,3.7143187965467415,0.1938468404895025
8166,0.3199642857142857,0,1,0,204628,400982,11536,96420,3.714309533513654,0.1938472302081616
8167,0.3199761904761904,0,1,0,204629,400981,11536,96420,3.714300270480566,0.19384761992838775
8168,0.3199801587301587,0,1,0,204630,400980,11536,96420,3.7142910074474784,0.19384800965018095
8169,0.3199999999999999,2,35,2,204665,400945,11538,96418,3.713966801289414,0.19385840925038653
8170,0.32,285,3824,285,208489,397121,11823,96133,3.678544962762607,0.19489553049747188
8171,0.3201190476190476,0,2,0,208491,397119,11823,96133,3.678526436696432,0.19489632074477142
8172,0.3201428571428571,0,1,0,208492,397118,11823,96133,3.6785171736633444,0.19489671587082438
8173,0.3201428571428572,0,1,0,208493,397117,11823,96133,3.6785079106302567,0.19489711099847948
8174,0.3201666666666666,3,25,3,208518,397092,11826,96130,3.678276334803068,0.19490209276958448
8175,0.3201666666666667,0,1,0,208519,397091,11826,96130,3.6782670717699806,0.19490248793137357
8176,0.3201904761904761,0,2,0,208521,397089,11826,96130,3.678248545703805,0.19490327825975884
8177,0.3201904761904762,1,1,1,208522,397088,11827,96129,3.6782392826707175,0.19490204108941905
8178,0.3202380952380952,0,1,0,208523,397087,11827,96129,3.6782300196376303,0.19490243625510933
8179,0.32025,0,3,0,208526,397084,11827,96129,3.6782022305383677,0.1949036217617946
8180,0.3202597402597402,0,1,0,208527,397083,11827,96129,3.67819296750528,0.19490401693389456
8181,0.3202857142857143,0,1,0,208528,397082,11827,96129,3.6781837044721923,0.19490441210759696
8182,0.3203333333333333,4,34,4,208562,397048,11831,96125,3.6778687613472156,0.19491131915169727
8183,0.3203571428571428,0,4,0,208566,397044,11831,96125,3.6778317092148654,0.19491290004035128
8184,0.3203571428571429,0,1,0,208567,397043,11831,96125,3.6778224461817777,0.19491329526652176
8185,0.3204047619047619,0,1,0,208568,397042,11831,96125,3.67781318314869,0.19491369049429502
8186,0.3204166666666667,0,2,0,208570,397040,11831,96125,3.677794657082515,0.19491448095465005
8187,0.3204523809523809,0,1,0,208571,397039,11831,96125,3.6777853940494274,0.19491487618723183
8188,0.3204545454545455,0,1,0,208572,397038,11831,96125,3.67777613101634,0.19491527142141646
8189,0.3204761904761904,0,1,0,208573,397037,11831,96125,3.6777668679832525,0.19491566665720392
8190,0.3204761904761905,0,1,0,208574,397036,11831,96125,3.677757604950165,0.19491606189459426
8191,0.3204999999999999,6,29,6,208603,397007,11837,96119,3.6774889769906256,0.1949177289374318
8192,0.3205238095238096,0,1,0,208604,397006,11837,96119,3.6774797139575384,0.19491812420785803
8193,0.3205457875457875,0,1,0,208605,397005,11837,96119,3.6774704509244507,0.19491851947988742
8194,0.320547619047619,0,1,0,208606,397004,11837,96119,3.677461187891363,0.1949189147535199
8195,0.3205555555555556,0,1,0,208607,397003,11837,96119,3.6774519248582758,0.19491931002875557
8196,0.3205833333333333,0,2,0,208609,397001,11837,96119,3.6774333987921004,0.19492010058403633
8197,0.3205952380952381,0,2,0,208611,396999,11837,96119,3.6774148727259255,0.19492089114572983
8198,0.3206060606060606,0,1,0,208612,396998,11837,96119,3.677405609692838,0.19492128642898135
8199,0.3206071428571429,0,1,0,208613,396997,11837,96119,3.67739634665975,0.1949216817138361
8200,0.3206111111111111,1,0,1,208613,396997,11838,96118,3.67739634665975,0.1949200490757734
8201,0.3206190476190476,0,1,0,208614,396996,11838,96118,3.677387083626663,0.19492044435972208
8202,0.3206428571428572,0,3,0,208617,396993,11838,96118,3.6773592945274,0.19492163022118753
8203,0.3206666666666666,2,44,2,208661,396949,11840,96116,3.6769517210715477,0.19493575897701115
8204,0.3206666666666667,2,6,2,208667,396943,11842,96114,3.6768961428730225,0.1949348655429291
8205,0.3207142857142857,2,9,2,208676,396934,11844,96112,3.6768127755752342,0.19493515817996698
8206,0.32075,0,2,0,208678,396932,11844,96112,3.6767942495090593,0.19493594892139443
8207,0.3207575757575758,1,0,1,208678,396932,11845,96111,3.6767942495090593,0.19493431607385156
8208,0.3207857142857143,0,1,0,208679,396931,11845,96111,3.6767849864759716,0.19493471144446112
8209,0.3208333333333333,14,157,14,208836,396774,11859,96097,3.6753306902812257,0.19497393841390545
8210,0.3208333333333334,0,1,0,208837,396773,11859,96097,3.675321427248138,0.19497433400288108
8211,0.3208571428571429,0,1,0,208838,396772,11859,96097,3.6753121642150504,0.19497472959346196
8212,0.3209523809523809,1,8,1,208846,396764,11860,96096,3.6752380599503502,0.19497626100718257
8213,0.3209999999999999,1,10,1,208856,396754,11861,96095,3.6751454296194748,0.19497858370413657
8214,0.321,3,67,3,208923,396687,11864,96092,3.6745248064026086,0.19500019278418926
8215,0.321031746031746,0,1,0,208924,396686,11864,96092,3.674515543369521,0.1950005885002983
8216,0.3210714285714286,0,1,0,208925,396685,11864,96092,3.6745062803364332,0.19500098421801343
8217,0.3210952380952381,1,1,1,208926,396684,11865,96091,3.674497017303346,0.194999746334534
8218,0.321111111111111,0,2,0,208928,396682,11865,96091,3.6744784912371706,0.19500053777297052
8219,0.3211111111111111,0,2,0,208930,396680,11865,96091,3.6744599651709957,0.1950013292178314
8220,0.3211190476190477,0,1,0,208931,396679,11865,96091,3.674450702137908,0.195001724942671
8221,0.3211428571428571,0,4,0,208935,396675,11865,96091,3.6744136500055578,0.19500330785809086
8222,0.3211666666666666,1,10,1,208945,396665,11866,96090,3.6743210196746823,0.1950056316019117
8223,0.3211666666666667,0,1,0,208946,396664,11866,96090,3.6743117566415946,0.19500602734833203
8224,0.3211904761904762,1,2,1,208948,396662,11867,96089,3.6742932305754197,0.19500518517466225
8225,0.3212222222222222,0,1,0,208949,396661,11867,96089,3.674283967542332,0.19500558092338915
8226,0.3212290764790764,1,5,1,208954,396656,11868,96088,3.6742376523768945,0.1950059259980842
8227,0.32125,0,6,0,208960,396650,11868,96088,3.674182074178369,0.19500830055729415
8228,0.3212579365079365,0,1,0,208961,396649,11868,96088,3.6741728111452816,0.19500869632278478
8229,0.3212738095238095,0,1,0,208962,396648,11868,96088,3.674163548112194,0.1950090920898818
8230,0.3212857142857143,1,4,1,208966,396644,11869,96087,3.6741264959798436,0.19500904144452044
8231,0.3213095238095238,0,2,0,208968,396642,11869,96087,3.6741079699136687,0.19500983299136035
8232,0.3213333333333333,2,27,2,208995,396615,11871,96085,3.6738578680203045,0.1950172518774102
8233,0.3213333333333334,1,6,1,209001,396609,11872,96084,3.6738022898217793,0.19501799294895605
8234,0.3213888888888889,1,0,1,209001,396609,11873,96083,3.6738022898217793,0.1950163591046739
8235,0.3214047619047619,0,1,0,209002,396608,11873,96083,3.6737930267886916,0.1950167549234713
8236,0.3214285714285714,1,10,1,209012,396598,11874,96082,3.673700396457816,0.1950190793212633
8237,0.3214761904761904,0,1,0,209013,396597,11874,96082,3.6736911334247284,0.19501947515522278
8238,0.3214880952380953,0,1,0,209014,396596,11874,96082,3.673681870391641,0.19501987099078913
8239,0.3214999999999999,0,1,0,209015,396595,11874,96082,3.6736726073585535,0.19502026682796234
8240,0.3215,4,36,4,209051,396559,11878,96078,3.6733391381674014,0.1950279820638726
8241,0.321547619047619,0,2,0,209053,396557,11878,96078,3.6733206121012265,0.19502877383864323
8242,0.3216111111111111,0,1,0,209054,396556,11878,96078,3.673311349068139,0.19502916972843937
8243,0.3216190476190476,0,1,0,209055,396555,11878,96078,3.673302086035051,0.19502956561984278
8244,0.3216428571428571,0,1,0,209056,396554,11878,96078,3.673292823001964,0.1950299615128534
8245,0.3216666666666666,22,194,22,209250,396360,11900,96056,3.6714957945829783,0.1950708344164284
8246,0.3216666666666667,24,280,24,209530,396080,11924,96032,3.668902145318463,0.19514256917124556
8247,0.3217142857142857,0,1,0,209531,396079,11924,96032,3.6688928822853755,0.19514296571302003
8248,0.3217142857142858,0,2,0,209533,396077,11924,96032,3.6688743562192005,0.19514375880140375
8249,0.3217380952380951,0,1,0,209534,396076,11924,96032,3.668865093186113,0.19514415534801305
8250,0.3217380952380952,0,1,0,209535,396075,11924,96032,3.668855830153025,0.19514455189623395
8251,0.3217857142857143,0,6,0,209541,396069,11924,96032,3.6688002519545,0.19514693121940416
8252,0.3218095238095238,0,1,0,209542,396068,11924,96032,3.6687909889214123,0.19514732777890673
8253,0.3218333333333333,1,15,1,209557,396053,11925,96031,3.6686520434250993,0.19515164077677793
8254,0.3218730158730158,0,1,0,209558,396052,11925,96031,3.6686427803920116,0.19515203735955114
8255,0.3218888888888889,0,2,0,209560,396050,11925,96031,3.6686242543258363,0.19515283052993307
8256,0.3219047619047619,0,3,0,209563,396047,11925,96031,3.6685964652265737,0.1951540202975951
8257,0.3219444444444444,0,2,0,209565,396045,11925,96031,3.6685779391603988,0.19515481348409594
8258,0.321952380952381,0,1,0,209566,396044,11925,96031,3.668568676127311,0.19515521007976427
8259,0.3219642857142857,0,1,0,209567,396043,11925,96031,3.6685594130942234,0.1951556066770445
8260,0.3219801587301588,0,1,0,209568,396042,11925,96031,3.668550150061136,0.1951560032759367
8261,0.3219999999999999,1,4,1,209572,396038,11926,96030,3.668513097928786,0.1951559540551306
8262,0.322,5,100,5,209672,395938,11931,96025,3.6675867946200302,0.19518744295810864
8263,0.3220238095238095,0,1,0,209673,395937,11931,96025,3.667577531586943,0.19518783971119721
8264,0.3220555555555555,0,1,0,209674,395936,11931,96025,3.6675682685538553,0.19518823646589872
8265,0.3220833333333333,1,4,1,209678,395932,11932,96024,3.667531216421505,0.19518818756148923
8266,0.3220952380952381,0,1,0,209679,395931,11932,96024,3.6675219533884174,0.19518858432173675
8267,0.3221071428571428,1,0,1,209679,395931,11933,96023,3.6675219533884174,0.1951869483732219
8268,0.322111111111111,0,2,0,209681,395929,11933,96023,3.6675034273222424,0.19518774189351806
8269,0.3221428571428572,0,13,0,209694,395916,11933,96023,3.6673830078921044,0.19519289993271524
8270,0.3221666666666667,0,17,0,209711,395899,11933,96023,3.6672255363296156,0.19519964547224966
8271,0.3221904761904761,0,1,0,209712,395898,11933,96023,3.6672162732965283,0.19520004228321214
8272,0.3222128427128426,0,6,0,209718,395892,11933,96023,3.6671606950980027,0.19520242318286696
8273,0.3222142857142857,0,3,0,209721,395889,11933,96023,3.66713290599874,0.19520361365447478
8274,0.3222222222222222,0,2,0,209723,395887,11933,96023,3.667114379932565,0.19520440731028033
8275,0.3222222222222223,0,6,0,209729,395881,11933,96023,3.66705880173404,0.19520678831641947
8276,0.32225,0,2,0,209731,395879,11933,96023,3.6670402756678646,0.19520758199804025
8277,0.3222727272727272,0,1,0,209732,395878,11933,96023,3.667031012634777,0.19520797884127092
8278,0.3222864357864357,1,0,1,209732,395878,11934,96022,3.667031012634777,0.195206342752592
8279,0.3223095238095238,0,4,0,209736,395874,11934,96022,3.666993960502427,0.19520793013157253
8280,0.3223333333333333,4,35,4,209771,395839,11938,96018,3.6666697543443627,0.1952152759846866
8281,0.3223611111111111,0,1,0,209772,395838,11938,96018,3.666660491311275,0.19521567287986727
8282,0.3223809523809524,0,4,0,209776,395834,11938,96018,3.6666234391789247,0.19521726047672877
8283,0.3224285714285714,0,2,0,209778,395832,11938,96018,3.66660491311275,0.19521805428484293
8284,0.3224523809523809,0,1,0,209779,395831,11938,96018,3.666595650079662,0.19521845119132092
8285,0.3224603174603174,0,1,0,209780,395830,11938,96018,3.6665863870465745,0.19521884809941284
8286,0.3225,30,351,30,210131,395479,11968,95988,3.663335062432843,0.19530914588365036
8287,0.3225238095238095,0,1,0,210132,395478,11968,95988,3.6633257993997557,0.1953095432847847
8288,0.3225476190476191,0,1,0,210133,395477,11968,95988,3.663316536366668,0.19530994068753624
8289,0.322595238095238,0,1,0,210134,395476,11968,95988,3.6633072733335803,0.195310338091905
8290,0.3226190476190476,0,2,0,210136,395474,11968,95988,3.6632887472674054,0.1953111329054942
8291,0.3226666666666666,5,54,5,210190,395420,11973,95983,3.6627885434806773,0.19532440786889782
8292,0.3226904761904762,0,3,0,210193,395417,11973,95983,3.6627607543814147,0.1953256003256003
8293,0.3227023809523808,1,0,1,210193,395417,11974,95982,3.6627607543814147,0.19532396280822711
8294,0.3227142857142857,1,2,1,210195,395415,11975,95981,3.6627422283152393,0.1953231202533191
8295,0.3227272727272727,1,0,1,210195,395415,11976,95980,3.6627422283152393,0.19532148271756936
8296,0.3227380952380952,0,1,0,210196,395414,11976,95980,3.662732965282152,0.19532188020203747
8297,0.3227388167388167,0,1,0,210197,395413,11976,95980,3.6627237022490644,0.19532227768812335
8298,0.32275,0,1,0,210198,395412,11976,95980,3.6627144392159767,0.19532267517582705
8299,0.3227777777777778,0,1,0,210199,395411,11976,95980,3.6627051761828895,0.19532307266514853
8300,0.3228095238095239,0,2,0,210201,395409,11976,95980,3.662686650116714,0.19532386764864496
8301,0.3228333333333333,0,12,0,210213,395397,11976,95980,3.6625754937196637,0.19532863768552455
8302,0.3228571428571428,0,12,0,210225,395385,11976,95980,3.662464337322613,0.1953334079553896
8303,0.3228892496392495,0,3,0,210228,395382,11976,95980,3.6624365482233503,0.1953346005592618
8304,0.3229166666666666,1,1,1,210229,395381,11977,95979,3.6624272851902626,0.19533336046890265
8305,0.3229166666666667,0,3,0,210232,395378,11977,95979,3.662399496091,0.19533455308462075
8306,0.3229523809523809,0,4,0,210236,395374,11977,95979,3.6623624439586497,0.1953361432615655
8307,0.3229761904761905,0,1,0,210237,395373,11977,95979,3.662353180925562,0.1953365408098471
8308,0.3229999999999999,2,63,2,210300,395310,11979,95977,3.661769609841046,0.19535831397940512
8309,0.323,0,3,0,210303,395307,11979,95977,3.6617418207417836,0.19535950692471157
8310,0.3230238095238094,0,1,0,210304,395306,11979,95977,3.6617325577086963,0.1953599045763847
8311,0.323047619047619,0,1,0,210305,395305,11979,95977,3.6617232946756086,0.19536030222967665
8312,0.3230609668109667,0,2,0,210307,395303,11979,95977,3.6617047686094333,0.19536109754111708
8313,0.3230833333333334,0,1,0,210308,395302,11979,95977,3.661695505576346,0.1953614951992656
8314,0.3230952380952381,1,2,1,210310,395300,11980,95976,3.6616769795101707,0.19536065266774685
8315,0.3231428571428572,0,4,0,210314,395296,11980,95976,3.6616399273778204,0.19536224331938315
8316,0.3231666666666666,3,10,3,210324,395286,11983,95973,3.661547297046945,0.19536130635774612
8317,0.3231666666666667,0,2,0,210326,395284,11983,95973,3.66152877098077,0.19536210171050997
8318,0.3232142857142857,1,0,1,210326,395284,11984,95972,3.66152877098077,0.19536046379077304
8319,0.3232142857142858,0,1,0,210327,395283,11984,95972,3.6615195079476823,0.19536086146705886
8320,0.32325,0,4,0,210331,395279,11984,95972,3.661482455815332,0.1953624521883925
8321,0.3232619047619047,0,1,0,210332,395278,11984,95972,3.661473192782245,0.19536284987277353
8322,0.3232857142857143,1,0,1,210332,395278,11985,95971,3.661473192782245,0.19536121193122022
8323,0.3233333333333333,84,813,84,211145,394465,12069,95887,3.653942346882063,0.19554728032107546
8324,0.3233571428571429,0,1,0,211146,394464,12069,95887,3.6539330838489756,0.1955476791114936
8325,0.3233809523809523,0,2,0,211148,394462,12069,95887,3.6539145577828003,0.19554847669720954
8326,0.3234523809523809,0,4,0,211152,394458,12069,95887,3.65387750565045,0.19555007188816037
8327,0.3234722222222222,0,1,0,211153,394457,12069,95887,3.6538682426173628,0.1955504706899646
8328,0.3234848484848485,0,1,0,211154,394456,12069,95887,3.653858979584275,0.19555086949339545
8329,0.3234999999999999,1,3,1,211157,394453,12070,95886,3.6538311904850125,0.1955504253179943
8330,0.3235,3,24,3,211181,394429,12073,95883,3.6536088776909112,0.19555507513583187
8331,0.3235238095238095,1,0,1,211181,394429,12074,95882,3.6536088776909112,0.19555343445282689
8332,0.3235793650793651,0,1,0,211182,394428,12074,95882,3.6535996146578236,0.1955538332891436
8333,0.3235995670995671,0,3,0,211185,394425,12074,95882,3.653571825558561,0.19555502980785508
8334,0.3236190476190477,0,1,0,211186,394424,12074,95882,3.6535625625254733,0.19555542865067937
8335,0.3236428571428571,1,3,1,211189,394421,12075,95881,3.6535347734262107,0.19555498447895378
8336,0.3236666666666666,2,24,2,211213,394397,12077,95879,3.6533124606321095,0.19556127568961157
8337,0.3236666666666667,0,2,0,211215,394395,12077,95879,3.653293934565934,0.19556207345280394
8338,0.3236904761904761,0,1,0,211216,394394,12077,95879,3.653284671532847,0.1955624723368409
8339,0.3236904761904762,0,2,0,211218,394392,12077,95879,3.6532661454666715,0.1955632701097964
8340,0.3237142857142857,0,2,0,211220,394390,12077,95879,3.6532476194004966,0.19556406788926078
8341,0.3237380952380952,0,1,0,211221,394389,12077,95879,3.653238356367409,0.19556446678143383
8342,0.32375,0,7,0,211228,394382,12077,95879,3.653173515135796,0.19556725907220848
8343,0.3237619047619047,0,1,0,211229,394381,12077,95879,3.6531642521027083,0.19556765797739975
8344,0.3237692307692307,0,1,0,211230,394380,12077,95879,3.653154989069621,0.19556805688421836
8345,0.3238095238095237,0,4,0,211234,394376,12077,95879,3.653117936937271,0.19556965252776617
8346,0.3238333333333332,0,1,0,211235,394375,12077,95879,3.653108673904183,0.19557005144272152
8347,0.3238333333333333,0,5,0,211240,394370,12077,95879,3.6530623587387456,0.1955720460419093
8348,0.3238333333333334,1,1,1,211241,394369,12078,95878,3.653053095705658,0.1955708041048696
8349,0.3238571428571428,0,1,0,211242,394368,12078,95878,3.6530438326725703,0.19557120302868355
8350,0.3238809523809523,0,2,0,211244,394366,12078,95878,3.6530253066063954,0.19557200088119386
8351,0.3238809523809524,0,3,0,211247,394363,12078,95878,3.6529975175071328,0.19557319767216533
8352,0.3238888888888888,1,0,1,211247,394363,12079,95877,3.6529975175071328,0.19557155678851174
8353,0.3238888888888889,0,1,0,211248,394362,12079,95877,3.652988254474045,0.19557195571955718
8354,0.3238928571428572,0,1,0,211249,394361,12079,95877,3.6529789914409574,0.19557235465223013
8355,0.3239285714285714,0,3,0,211252,394358,12079,95877,3.652951202341695,0.19557355146001407
8356,0.3239999999999999,0,2,0,211254,394356,12079,95877,3.65293267627552,0.1955743493400077
8357,0.324,16,134,16,211388,394222,12095,95861,3.6516914298417875,0.1956015613681764
8358,0.3240833333333334,0,1,0,211389,394221,12095,95861,3.6516821668087,0.19560196048824482
8359,0.3241136363636363,0,1,0,211390,394220,12095,95861,3.651672903775612,0.19560235960994202
8360,0.3241190476190476,0,1,0,211391,394219,12095,95861,3.651663640742525,0.19560275873326805
8361,0.3241391941391942,0,1,0,211392,394218,12095,95861,3.6516543777094372,0.19560315785822285
8362,0.3241428571428571,0,1,0,211393,394217,12095,95861,3.6516451146763496,0.1956035569848065
8363,0.3241666666666665,0,1,0,211394,394216,12095,95861,3.651635851643262,0.19560395611301898
8364,0.3241666666666666,2,59,2,211453,394157,12097,95859,3.6510893326910963,0.19562422451511788
8365,0.3241666666666667,11,85,11,211538,394072,12108,95848,3.6503019748786545,0.19564010450685826
8366,0.3242142857142857,0,1,0,211539,394071,12108,95848,3.650292711845567,0.1956405038383896
8367,0.3242142857142858,0,2,0,211541,394069,12108,95848,3.6502741857793914,0.1956413025063429
8368,0.3242222222222222,0,1,0,211542,394068,12108,95848,3.650264922746304,0.1956417018427649
8369,0.3242380952380952,0,1,0,211543,394067,12108,95848,3.6502556597132165,0.19564210118081707
8370,0.32425,0,1,0,211544,394066,12108,95848,3.650246396680129,0.19564250052049953
8371,0.3242857142857143,1,24,1,211568,394042,12109,95847,3.6500240838860276,0.1956504432636781
8372,0.3243333333333333,3,47,3,211615,393995,12112,95844,3.6495887213309124,0.19566428969518557
8373,0.3244444444444444,0,6,0,211621,393989,12112,95844,3.649533143132387,0.1956666864012837
8374,0.3244761904761905,0,1,0,211622,393988,12112,95844,3.6495238800992995,0.19566708585800846
8375,0.3244880952380952,0,1,0,211623,393987,12112,95844,3.6495146170662123,0.19566748531636421
8376,0.3244999999999999,0,3,0,211626,393984,12112,95844,3.6494868279669497,0.19566868370121757
8377,0.3245,1,27,1,211653,393957,12113,95843,3.6492367260735854,0.1956778276847693
8378,0.3245238095238095,0,1,0,211654,393956,12113,95843,3.649227463040498,0.19567822719115394
8379,0.3245714285714285,0,1,0,211655,393955,12113,95843,3.6492182000074105,0.19567862669916986
8380,0.3245833333333333,0,5,0,211660,393950,12113,95843,3.6491718848419725,0.19568062426371957
8381,0.3246190476190477,0,1,0,211661,393949,12113,95843,3.6491626218088853,0.19568102378152358
8382,0.3246309523809524,1,1,1,211662,393948,12114,95842,3.6491533587757976,0.19567978113068865
8383,0.3246428571428572,0,1,0,211663,393947,12114,95842,3.64914409574271,0.19568018064921833
8384,0.3246666666666666,0,40,0,211703,393907,12114,95842,3.648773574419208,0.19569616272825469
8385,0.3246904761904761,0,2,0,211705,393905,12114,95842,3.6487550483530327,0.19569696190073652
8386,0.3247142857142857,0,4,0,211709,393901,12114,95842,3.6487179962206824,0.19569856026528198
8387,0.3247222222222222,0,1,0,211710,393900,12114,95842,3.648708733187595,0.19569895986049798
8388,0.324754329004329,0,3,0,211713,393897,12114,95842,3.648680944088332,0.19570015865593715
8389,0.3247619047619047,0,4,0,211717,393893,12114,95842,3.6486438919559823,0.1957017570727026
8390,0.3248333333333333,6,22,6,211739,393871,12120,95836,3.648440105228056,0.19570069449691346
8391,0.3248571428571428,1,0,1,211739,393871,12121,95835,3.648440105228056,0.19569905208431182
8392,0.3248809523809524,1,1,1,211740,393870,12122,95834,3.6484308421949683,0.19569780928887653
8393,0.3249166666666666,0,1,0,211741,393869,12122,95834,3.6484215791618806,0.1956982089143828
8394,0.3249365079365079,0,1,0,211742,393868,12122,95834,3.6484123161287934,0.19569860854152116
8395,0.3249523809523809,0,2,0,211744,393866,12122,95834,3.648393790062618,0.1956994078006943
8396,0.3249999999999999,0,1,0,211745,393865,12122,95834,3.6483845270295308,0.19569980743272908
8397,0.325,126,1500,126,213245,392365,12248,95708,3.634489977398199,0.19609361714333717
8398,0.3250476190476191,0,3,0,213248,392362,12248,95708,3.6344621882989365,0.19609482246399082
8399,0.3250952380952381,0,1,0,213249,392361,12248,95708,3.634452925265849,0.1960952242408348
8400,0.3251071428571429,0,2,0,213251,392359,12248,95708,3.634434399199674,0.19609602779946195
8401,0.3251190476190476,1,3,1,213254,392356,12249,95707,3.6344066101004113,0.19609558602065716
8402,0.3251428571428572,1,0,1,213254,392356,12250,95706,3.6344066101004113,0.1960939388848138
8403,0.3251666666666666,1,17,1,213271,392339,12251,95705,3.634249138537923,0.19609912221029252
8404,0.3251785714285714,0,1,0,213272,392338,12251,95705,3.6342398755048353,0.19609952401735092
8405,0.3252222222222222,0,1,0,213273,392337,12251,95705,3.6342306124717476,0.19609992582605595
8406,0.3252380952380951,0,1,0,213274,392336,12251,95705,3.6342213494386604,0.19610032763640758
8407,0.3252380952380952,0,3,0,213277,392333,12251,95705,3.6341935603393973,0.19610153307734235
8408,0.3252777777777777,0,1,0,213278,392332,12251,95705,3.63418429730631,0.19610193489428054
8409,0.3252777777777778,0,1,0,213279,392331,12251,95705,3.6341750342732224,0.19610233671286545
8410,0.3252857142857142,0,3,0,213282,392328,12251,95705,3.63414724517396,0.19610354217850023
8411,0.3252857142857143,0,1,0,213283,392327,12251,95705,3.634137982140872,0.1961039440036719
8412,0.325297619047619,0,2,0,213285,392325,12251,95705,3.634119456074697,0.1961047476589554
8413,0.3253030303030303,0,1,0,213286,392324,12251,95705,3.6341101930416095,0.19610514948906724
8414,0.3253095238095238,0,1,0,213287,392323,12251,95705,3.634100930008522,0.19610555132082585
8415,0.3253333333333333,5,34,5,213321,392289,12256,95700,3.633785986883545,0.19611097791138735
8416,0.3253571428571428,0,3,0,213324,392286,12256,95700,3.6337581977842826,0.1961121835462493
8417,0.3253809523809524,0,1,0,213325,392285,12256,95700,3.633748934751195,0.19611258542783078
8418,0.3254166666666667,0,3,0,213328,392282,12256,95700,3.6337211456519323,0.19611379108245797
8419,0.3254285714285714,0,1,0,213329,392281,12256,95700,3.6337118826188446,0.19611419297062796
8420,0.325452380952381,0,1,0,213330,392280,12256,95700,3.6337026195857574,0.1961145948604451
8421,0.3254642857142857,0,2,0,213332,392278,12256,95700,3.633684093519582,0.1961153986450209
8422,0.3254761904761905,1,6,1,213338,392272,12257,95699,3.633628515321057,0.19611616264081266
8423,0.325484126984127,0,2,0,213340,392270,12257,95699,3.6336099892548814,0.19611696644663903
8424,0.3254999999999999,1,11,1,213351,392259,12258,95698,3.6335080958909187,0.19611974005906258
8425,0.3255,0,3,0,213354,392256,12258,95698,3.6334803067916557,0.19612094582686074
8426,0.3255238095238095,0,4,0,213358,392252,12258,95698,3.633443254659306,0.19612255354032176
8427,0.325530303030303,0,2,0,213360,392250,12258,95698,3.6334247285931305,0.19612335740693682
8428,0.3255357142857143,0,1,0,213361,392249,12258,95698,3.633415465560043,0.1961237593427155
8429,0.3255952380952381,0,4,0,213365,392245,12258,95698,3.633378413427693,0.196125367102305
8430,0.3256190476190476,0,1,0,213366,392244,12258,95698,3.6333691503946053,0.1961257690463211
8431,0.32565873015873,0,3,0,213369,392241,12258,95698,3.6333413612953427,0.19612697488825448
8432,0.3256666666666666,7,30,7,213399,392211,12265,95691,3.633063470302716,0.196127501014548
8433,0.3256666666666667,1,4,1,213403,392207,12266,95690,3.6330264181703655,0.19612746132892803
8434,0.3257142857142857,3,14,3,213417,392193,12269,95687,3.63289673570714,0.19612814626547512
8435,0.3257380952380952,0,2,0,213419,392191,12269,95687,3.632878209640965,0.19612895027035449
8436,0.32575,1,0,1,213419,392191,12270,95686,3.632878209640965,0.1961273025783138
8437,0.3257619047619047,0,3,0,213422,392188,12270,95686,3.6328504205417023,0.19612850859033276
8438,0.3257683982683982,0,2,0,213424,392186,12270,95686,3.632831894475527,0.19612931260658534
8439,0.3257857142857142,1,0,1,213424,392186,12271,95685,3.632831894475527,0.19612766489502348
8440,0.3258095238095238,0,1,0,213425,392185,12271,95685,3.6328226314424397,0.19612806690306844
8441,0.3258333333333333,14,152,14,213577,392033,12285,95671,3.6314146504131313,0.19616611715302726
8442,0.3258333333333334,0,1,0,213578,392032,12285,95671,3.6314053873800436,0.196166519377572
8443,0.3258571428571428,0,1,0,213579,392031,12285,95671,3.6313961243469564,0.19616692160376623
8444,0.3259285714285714,0,1,0,213580,392030,12285,95671,3.6313868613138687,0.19616732383160995
8445,0.3259523809523809,1,2,1,213582,392028,12286,95670,3.6313683352476933,0.1961664800757846
8446,0.325952380952381,0,1,0,213583,392027,12286,95670,3.631359072214606,0.19616688230602197
8447,0.3259999999999999,1,7,1,213590,392020,12287,95669,3.631294230982993,0.19616804972021104
8448,0.326,8,151,8,213741,391869,12295,95661,3.6298955129867725,0.19621561750046151
8449,0.3260238095238095,1,3,1,213744,391866,12296,95660,3.62986772388751,0.19621517621624282
8450,0.3260714285714286,0,4,0,213748,391862,12296,95660,3.6298306717551596,0.19621678611426766
8451,0.3261031746031745,1,3,1,213751,391859,12297,95659,3.629802882655897,0.19621634483239594
8452,0.3261111111111111,0,1,0,213752,391858,12297,95659,3.6297936196228093,0.19621674731342703
8453,0.3261428571428572,0,1,0,213753,391857,12297,95659,3.6297843565897217,0.19621714979610927
8454,0.3261666666666666,0,13,0,213766,391844,12297,95659,3.6296639371595836,0.1962223822212376
8455,0.3261666666666667,1,1,1,213767,391843,12298,95658,3.629654674126496,0.1962211359566442
8456,0.3261904761904762,1,7,1,213774,391836,12299,95657,3.629589832894883,0.19622230473052946
8457,0.3262380952380952,0,1,0,213775,391835,12299,95657,3.6295805698617953,0.1962227072444266
8458,0.32625,1,10,1,213785,391825,12300,95656,3.62948793953092,0.19622508364428562
8459,0.3262857142857143,0,2,0,213787,391823,12300,95656,3.629469413464745,0.19622588870494934
8460,0.3263333333333332,0,2,0,213789,391821,12300,95656,3.6294508873985696,0.196226693772219
8461,0.3263333333333333,1,17,1,213806,391804,12301,95655,3.6292934158360812,0.19623188822034263
8462,0.3263333333333334,0,9,0,213815,391795,12301,95655,3.6292100485382934,0.19623551133449585
8463,0.3263387445887445,0,1,0,213816,391794,12301,95655,3.6292007855052058,0.19623591391099376
8464,0.3263531746031745,0,4,0,213820,391790,12301,95655,3.6291637333728555,0.19623752423350327
8465,0.3264285714285714,1,8,1,213828,391782,12302,95654,3.6290896291081554,0.19623909600439854
8466,0.3264999999999999,0,1,0,213829,391781,12302,95654,3.6290803660750677,0.1962394985998133
8467,0.3265,3,38,3,213867,391743,12305,95651,3.6287283708177407,0.19624985124970762
8468,0.3265476190476191,0,1,0,213868,391742,12305,95651,3.628719107784653,0.19625025390188205
8469,0.3265952380952381,0,1,0,213869,391741,12305,95651,3.6287098447515653,0.19625065655570875
8470,0.3266190476190476,0,2,0,213871,391739,12305,95651,3.6286913186853904,0.19625146186831902
8471,0.3266666666666666,29,328,29,214199,391411,12334,95622,3.6256530438326724,0.1963357719086797
8472,0.3266666666666667,43,496,43,214695,390915,12377,95579,3.6210585794212458,0.1964649101530543
8473,0.3266904761904762,0,1,0,214696,390914,12377,95579,3.621049316388158,0.1964653139921849
8474,0.3267142857142858,0,1,0,214697,390913,12377,95579,3.6210400533550704,0.19646571783297567
8475,0.3267222222222222,0,1,0,214698,390912,12377,95579,3.621030790321983,0.19646612167542668
8476,0.3267380952380952,0,1,0,214699,390911,12377,95579,3.6210215272888955,0.19646652551953792
8477,0.3267380952380953,0,1,0,214700,390910,12377,95579,3.621012264255808,0.19646692936530938
8478,0.3267777777777778,1,0,1,214700,390910,12378,95578,3.621012264255808,0.1964652776635806
8479,0.3267857142857143,1,1,1,214701,390909,12379,95577,3.6210030012227206,0.19646402979736313
8480,0.3267948717948718,0,1,0,214702,390908,12379,95577,3.620993738189633,0.19646443364132501
8481,0.3268333333333333,1,19,1,214721,390889,12380,95576,3.620817740560969,0.19647045522288345
8482,0.3268452380952381,1,1,1,214722,390888,12381,95575,3.620808477527882,0.19646920731895334
8483,0.3268571428571428,0,1,0,214723,390887,12381,95575,3.6207992144947942,0.19646961119265224
8484,0.3269047619047619,1,6,1,214729,390881,12382,95574,3.620743636296269,0.19647038266643368
8485,0.3269098646451586,0,1,0,214730,390880,12382,95574,3.6207343732631814,0.19647078654919067
8486,0.3269166666666666,0,1,0,214731,390879,12382,95574,3.6207251102300937,0.19647119043360817
8487,0.3269206349206349,0,1,0,214732,390878,12382,95574,3.620715847197006,0.19647159431968622
8488,0.3269230769230769,0,1,0,214733,390877,12382,95574,3.6207065841639188,0.1964719982074248
8489,0.3269285714285714,0,1,0,214734,390876,12382,95574,3.620697321130831,0.19647240209682393
8490,0.3269523809523809,0,1,0,214735,390875,12382,95574,3.6206880580977434,0.1964728059878836
8491,0.326968253968254,0,2,0,214737,390873,12382,95574,3.6206695320315685,0.19647361377498473
8492,0.3269696969696969,0,1,0,214738,390872,12382,95574,3.620660268998481,0.19647401767102618
8493,0.3269761904761904,0,2,0,214740,390870,12382,95574,3.620641742932306,0.1964748254680909
8494,0.3269841269841269,0,1,0,214741,390869,12382,95574,3.620632479899218,0.19647522936911416
8495,0.3269999999999999,0,2,0,214743,390867,12382,95574,3.6206139538330433,0.19647603717614265
8496,0.327,10,55,10,214798,390812,12392,95564,3.6201044870132275,0.19648173429610014
8497,0.3270555555555555,0,1,0,214799,390811,12392,95564,3.6200952239801403,0.19648213826779748
8498,0.3270714285714285,0,2,0,214801,390809,12392,95564,3.620076697913965,0.19648294621617565
8499,0.3270833333333333,0,6,0,214807,390803,12392,95564,3.6200211197154397,0.19648537010117875
8500,0.3271111111111111,0,1,0,214808,390802,12392,95564,3.620011856682352,0.19648577408782686
8501,0.3271190476190476,0,1,0,214809,390801,12392,95564,3.6200025936492644,0.19648617807613625
8502,0.327142857142857,1,0,1,214809,390801,12393,95563,3.6200025936492644,0.19648452599287777
8503,0.3271428571428572,1,11,1,214820,390790,12394,95562,3.619900700285301,0.19648731782741718
8504,0.3271666666666666,1,14,1,214834,390776,12395,95561,3.6197710178220754,0.19649132186117857
8505,0.3271904761904762,0,1,0,214835,390775,12395,95561,3.619761754788988,0.19649172588498487
8506,0.3272222222222222,0,1,0,214836,390774,12395,95561,3.6197524917559005,0.19649212991045267
8507,0.3272222222222223,0,1,0,214837,390773,12395,95561,3.619743228722813,0.19649253393758198
8508,0.3272261904761905,0,1,0,214838,390772,12395,95561,3.6197339656897256,0.19649293796637282
8509,0.3272499999999999,0,3,0,214841,390769,12395,95561,3.6197061765904626,0.19649415006271462
8510,0.32725,0,1,0,214842,390768,12395,95561,3.6196969135573753,0.19649455409815167
8511,0.3272619047619048,0,3,0,214845,390765,12395,95561,3.6196691244581127,0.1964957662144323
8512,0.327297619047619,0,1,0,214846,390764,12395,95561,3.619659861425025,0.1964961702565157
8513,0.3273333333333332,1,3,1,214849,390761,12396,95560,3.6196320723257625,0.19649573018644065
8514,0.3273333333333333,7,69,7,214918,390692,12403,95553,3.618992923042721,0.19651204639636397
8515,0.3273571428571429,0,1,0,214919,390691,12403,95553,3.6189836600096337,0.19651245053923544
8516,0.3273809523809524,1,5,1,214924,390686,12404,95552,3.6189373448441957,0.1965128188253489
8517,0.3274523809523809,0,1,0,214925,390685,12404,95552,3.618928081811108,0.19651322297562712
8518,0.3274999999999999,0,2,0,214927,390683,12404,95552,3.618909555744933,0.19651403128117062
8519,0.3275,28,432,28,215359,390251,12432,95524,3.6149079254511096,0.1966424785137152
8520,0.3275476190476191,0,2,0,215361,390249,12432,95524,3.6148893993849347,0.19664328812017134
8521,0.3275714285714286,0,1,0,215362,390248,12432,95524,3.614880136351847,0.1966436929258994
8522,0.3276190476190476,0,9,0,215371,390239,12432,95524,3.6147967690540592,0.19664733625245231
8523,0.3276666666666666,3,34,3,215405,390205,12435,95521,3.614481825929082,0.1966561394695775
8524,0.3276666666666667,0,2,0,215407,390203,12435,95521,3.614463299862907,0.1966569492139569
8525,0.3277272727272727,0,1,0,215408,390202,12435,95521,3.6144540368298195,0.19665735408864723
8526,0.3277420634920635,0,1,0,215409,390201,12435,95521,3.614444773796732,0.19665775896500468
8527,0.32775,0,3,0,215412,390198,12435,95521,3.614416984697469,0.19665897360407972
8528,0.3277777777777778,0,1,0,215413,390197,12435,95521,3.614407721664382,0.19665937848710568
8529,0.3278095238095238,0,1,0,215414,390196,12435,95521,3.6143984586312943,0.1966597833717988
8530,0.3278214285714285,0,2,0,215416,390194,12435,95521,3.614379932565119,0.19666059314618656
8531,0.3278333333333333,1,16,1,215432,390178,12436,95520,3.6142317240357182,0.19666541760517853
8532,0.3278571428571428,0,10,0,215442,390168,12436,95520,3.6141390937048428,0.19666946681820427
8533,0.3278636363636364,0,1,0,215443,390167,12436,95520,3.614129830671755,0.19666987174867764
8534,0.3278809523809524,0,1,0,215444,390166,12436,95520,3.6141205676386674,0.19667027668081846
8535,0.3279166666666666,0,2,0,215446,390164,12436,95520,3.6141020415724925,0.19667108655010254
8536,0.3279166666666667,0,1,0,215447,390163,12436,95520,3.614092778539405,0.1966714914872458
8537,0.3279365079365079,0,1,0,215448,390162,12436,95520,3.6140835155063176,0.19667189642605656
8538,0.3279523809523809,0,1,0,215449,390161,12436,95520,3.61407425247323,0.19667230136653482
8539,0.3279642857142857,0,1,0,215450,390160,12436,95520,3.614064989440142,0.1966727063086806
8540,0.3279999999999999,10,118,10,215568,390042,12446,95510,3.612971951535811,0.19670395755758394
8541,0.328,0,1,0,215569,390041,12446,95510,3.6129626885027233,0.1967043626725102
8542,0.3280108225108225,0,3,0,215572,390038,12446,95510,3.6129348994034607,0.1967055780273011
8543,0.3280119047619048,0,1,0,215573,390037,12446,95510,3.612925636370373,0.19670598314890217
8544,0.328095238095238,0,1,0,215574,390036,12446,95510,3.6129163733372858,0.19670638827217193
8545,0.3280952380952381,0,3,0,215577,390033,12446,95510,3.6128885842380227,0.19670760365199375
8546,0.3281666666666666,2,10,2,215587,390023,12448,95508,3.6127959539071473,0.19670834612002117
8547,0.3281666666666667,2,4,2,215591,390019,12450,95506,3.612758901774797,0.19670665774161988
8548,0.3281904761904761,0,1,0,215592,390018,12450,95506,3.6127496387417097,0.196707062884636
8549,0.3282142857142857,0,4,0,215596,390014,12450,95506,3.6127125866093595,0.19670868347338935
8550,0.3282857142857143,0,1,0,215597,390013,12450,95506,3.6127033235762718,0.19670908862475
8551,0.3283095238095238,0,1,0,215598,390012,12450,95506,3.612694060543184,0.1967094937777796
8552,0.3283333333333333,31,475,31,216073,389537,12481,95475,3.608294119826596,0.19685079956784574
8553,0.3283809523809523,0,4,0,216077,389533,12481,95475,3.608257067694246,0.1968524230528156
8554,0.3284047619047618,0,2,0,216079,389531,12481,95475,3.608238541628071,0.19685323480534261
8555,0.3284523809523809,1,6,1,216085,389525,12482,95474,3.6081829634295453,0.19685401413198791
8556,0.328452380952381,1,2,1,216087,389523,12483,95473,3.6081644373633703,0.1968531699230509
8557,0.3284696969696969,0,3,0,216090,389520,12483,95473,3.6081366482641077,0.19685438758909923
8558,0.3284722222222222,0,1,0,216091,389519,12483,95473,3.60812738523102,0.19685479348112958
8559,0.3284880952380952,0,1,0,216092,389518,12483,95473,3.6081181221979324,0.19685519937483376
8560,0.3284999999999999,0,2,0,216094,389516,12483,95473,3.6080995961317575,0.1968560111672636
8561,0.3285,4,28,4,216122,389488,12487,95469,3.607840231205306,0.19686075260280808
8562,0.3285357142857142,0,1,0,216123,389487,12487,95469,3.6078309681722183,0.1968611585380942
8563,0.3285595238095237,0,2,0,216125,389485,12487,95469,3.6078124421060433,0.19686197041368872
8564,0.328563492063492,0,1,0,216126,389484,12487,95469,3.6078031790729557,0.1968623763539972
8565,0.3285714285714286,0,6,0,216132,389478,12487,95469,3.6077476008744305,0.19686481203100545
8566,0.3286111111111111,0,1,0,216133,389477,12487,95469,3.607738337841343,0.19686521798303316
8567,0.3286190476190476,0,2,0,216135,389475,12487,95469,3.607719811775168,0.19686602989211124
8568,0.3286666666666666,2,23,2,216158,389452,12489,95467,3.607506762014154,0.1968720549205125
8569,0.3286666666666667,0,1,0,216159,389451,12489,95467,3.607497498981066,0.1968724609109169
8570,0.3286904761904762,0,1,0,216160,389450,12489,95467,3.607488235947979,0.19687286690299577
8571,0.3287142857142857,1,0,1,216160,389450,12490,95466,3.607488235947979,0.19687121068391228
8572,0.3287261904761904,0,2,0,216162,389448,12490,95466,3.6074697098818036,0.196872022667937
8573,0.32875,1,7,1,216169,389441,12491,95465,3.6074048686501907,0.1968732084156517
8574,0.3287857142857142,0,5,0,216174,389436,12491,95465,3.607358553484753,0.19687523845073532
8575,0.3287932345432345,1,8,1,216182,389428,12492,95464,3.6072844492200526,0.19687683030448017
8576,0.3288095238095238,0,8,0,216190,389420,12492,95464,3.607210344955352,0.19688007853424735
8577,0.3288095238095239,0,1,0,216191,389419,12492,95464,3.6072010819222644,0.19688048457050464
8578,0.3288333333333332,0,2,0,216193,389417,12492,95464,3.6071825558560895,0.19688129664804355
8579,0.3288333333333333,2,8,2,216201,389409,12494,95462,3.607108451591389,0.19688123232777377
8580,0.3288333333333334,0,1,0,216202,389408,12494,95462,3.6070991885583017,0.196881638377297
8581,0.3288571428571428,0,4,0,216206,389404,12494,95462,3.6070621364259514,0.19688326259213887
8582,0.3288636363636364,0,1,0,216207,389403,12494,95462,3.6070528733928637,0.19688366865003662
8583,0.3288888888888888,0,4,0,216211,389399,12494,95462,3.6070158212605135,0.19688529289837706
8584,0.3289047619047619,0,1,0,216212,389398,12494,95462,3.6070065582274258,0.19688569896464958
8585,0.3289285714285714,0,1,0,216213,389397,12494,95462,3.6069972951943385,0.1968861050325971
8586,0.3289765512265512,0,2,0,216215,389395,12494,95462,3.606978769128163,0.19688691717351714
8587,0.3289999999999999,5,75,5,216290,389320,12499,95457,3.606284041646597,0.19690909428458858
8588,0.329,1,10,1,216300,389310,12500,95456,3.6061914113157214,0.19691149956886414
8589,0.3290079365079364,0,1,0,216301,389309,12500,95456,3.6061821482826337,0.19691190576877457
8590,0.329047619047619,0,1,0,216302,389308,12500,95456,3.606172885249546,0.19691231197036083
8591,0.3290476190476191,1,0,1,216302,389308,12501,95455,3.606172885249546,0.19691065530991433
8592,0.3290750915750915,0,1,0,216303,389307,12501,95455,3.6061636222164584,0.19691106151059695
8593,0.329095238095238,0,2,0,216305,389305,12501,95455,3.6061450961502834,0.19691187391698986
8594,0.3291111111111111,0,3,0,216308,389302,12501,95455,3.606117307051021,0.1969130925391485
8595,0.3291190476190476,0,1,0,216309,389301,12501,95455,3.606108044017933,0.19691349874988653
8596,0.3291666666666665,0,1,0,216310,389300,12501,95455,3.6060987809848455,0.19691390496230055
8597,0.3291666666666666,5,74,5,216384,389226,12506,95450,3.605413316536367,0.19693568486989246
8598,0.3291666666666667,12,88,12,216472,389138,12518,95438,3.604598169624662,0.19695156177771908
8599,0.3292142857142858,0,1,0,216473,389137,12518,95438,3.6045889065915744,0.19695196821957386
8600,0.3292380952380952,0,1,0,216474,389136,12518,95438,3.6045796435584867,0.19695237466310614
8601,0.32925,0,2,0,216476,389134,12518,95438,3.604561117492312,0.19695318755520336
8602,0.3292857142857143,0,13,0,216489,389121,12518,95438,3.6044406980621733,0.19695847151740037
8603,0.3293333333333333,6,42,6,216531,389079,12524,95432,3.604051650672496,0.1969656003682063
8604,0.3293571428571428,0,1,0,216532,389078,12524,95432,3.6040423876394088,0.19696600689356256
8605,0.3293809523809524,1,2,1,216534,389076,12525,95431,3.6040238615732334,0.1969651625260316
8606,0.3293888888888889,0,1,0,216535,389075,12525,95431,3.604014598540146,0.1969655690538404
8607,0.3294285714285714,0,2,0,216537,389073,12525,95431,3.603996072473971,0.19696638211449236
8608,0.3294365079365079,0,1,0,216538,389072,12525,95431,3.603986809440883,0.19696678864733552
8609,0.3294444444444444,0,2,0,216540,389070,12525,95431,3.603968283374708,0.1969676017180563
8610,0.3294761904761905,0,2,0,216542,389068,12525,95431,3.6039497573085333,0.19696841479548977
8611,0.3294841269841269,0,1,0,216543,389067,12525,95431,3.6039404942754456,0.19696882133672378
8612,0.3294999999999999,0,2,0,216545,389065,12525,95431,3.6039219682092702,0.1969696344242264
8613,0.3295,3,25,3,216570,389040,12528,95428,3.6036903923820818,0.19697482599469934
8614,0.3295238095238095,0,5,0,216575,389035,12528,95428,3.603644077216644,0.19697685891389022
8615,0.3295476190476191,0,1,0,216576,389034,12528,95428,3.603634814183556,0.1969772655027639
8616,0.3295833333333333,0,3,0,216579,389031,12528,95428,3.6036070250842935,0.19697848527945605
8617,0.3296190476190476,0,1,0,216580,389030,12528,95428,3.603597762051206,0.19697889187504386
8618,0.329642857142857,0,1,0,216581,389029,12528,95428,3.6035884990181186,0.19697929847231024
8619,0.3296428571428571,0,6,0,216587,389023,12528,95428,3.603532920819593,0.19698173809115885
8620,0.3296620879120879,0,1,0,216588,389022,12528,95428,3.6035236577865057,0.19698214470017544
8621,0.3296666666666666,3,36,3,216624,388986,12531,95425,3.6031901885953537,0.19699181067316804
8622,0.3296904761904761,1,0,1,216624,388986,12532,95424,3.6031901885953537,0.19699015296959188
8623,0.3297222222222222,0,2,0,216626,388984,12532,95424,3.6031716625291788,0.19699096629287707
8624,0.32975,0,1,0,216627,388983,12532,95424,3.603162399496091,0.1969913729570382
8625,0.3297698412698412,0,2,0,216629,388981,12532,95424,3.6031438734299157,0.1969921862903975
8626,0.3298095238095238,0,1,0,216630,388980,12532,95424,3.6031346103968285,0.1969925929595957
8627,0.3298181818181818,0,1,0,216631,388979,12532,95424,3.603125347363741,0.19699299963047298
8628,0.3298333333333333,2,11,2,216642,388968,12534,95422,3.6030234539997776,0.19699415760028077
8629,0.3298690476190474,1,1,1,216643,388967,12535,95421,3.60301419096669,0.1969929065129607
8630,0.3298809523809523,0,1,0,216644,388966,12535,95421,3.6030049279336027,0.19699331319791819
8631,0.3298809523809524,0,2,0,216646,388964,12535,95421,3.6029864018674274,0.19699412657287074
8632,0.3299166666666667,0,2,0,216648,388962,12535,95421,3.6029678758012524,0.1969949399545401
8633,0.3299393939393939,0,1,0,216649,388961,12535,95421,3.6029586127681648,0.19699534664789362
8634,0.3299426406926408,0,1,0,216650,388960,12535,95421,3.602949349735077,0.19699575334292632
8635,0.3299444444444445,0,1,0,216651,388959,12535,95421,3.60294008670199,0.1969961600396383
8636,0.3299523809523809,0,1,0,216652,388958,12535,95421,3.602930823668902,0.1969965667380295
8637,0.3299999999999999,2,5,2,216657,388953,12537,95419,3.602884508503464,0.19699528461595633
8638,0.33,330,3814,330,220471,385139,12867,95089,3.5675553003075327,0.19800802951931165
8639,0.3300079365079364,0,1,0,220472,385138,12867,95089,3.567546037274445,0.19800844184104602
8640,0.3300277777777777,0,1,0,220473,385137,12867,95089,3.5675367742413577,0.19800885416449754
8641,0.3300555555555556,0,1,0,220474,385136,12867,95089,3.56752751120827,0.1980092664896663
8642,0.3301071428571429,0,2,0,220476,385134,12867,95089,3.567508985142095,0.19801009114515547
8643,0.3301190476190476,0,4,0,220480,385130,12867,95089,3.567471933009745,0.19801174047674083
8644,0.3301388888888888,0,1,0,220481,385129,12867,95089,3.567462669976657,0.19801215281393034
8645,0.3301428571428572,0,1,0,220482,385128,12867,95089,3.5674534069435695,0.19801256515283716
8646,0.3301666666666666,0,10,0,220492,385118,12867,95089,3.567360776612694,0.1980166886363589
8647,0.3301666666666667,0,1,0,220493,385117,12867,95089,3.5673515135796063,0.19801710099415668
8648,0.3301904761904762,0,1,0,220494,385116,12867,95089,3.567342250546519,0.19801751335367188
8649,0.3302380952380953,0,2,0,220496,385114,12867,95089,3.5673237244803437,0.19801833807785457
8650,0.33025,0,1,0,220497,385113,12867,95089,3.5673144614472565,0.1980187504425221
8651,0.3302619047619047,0,1,0,220498,385112,12867,95089,3.567305198414169,0.1980191628089071
8652,0.3302619047619048,0,1,0,220499,385111,12867,95089,3.567295935381081,0.19801957517700958
8653,0.3302857142857142,1,2,1,220501,385109,12868,95088,3.5672774093149062,0.19801872981297258
8654,0.3303333333333333,1,20,1,220521,385089,12869,95087,3.567092148653155,0.19802530738729132
8655,0.3303571428571428,0,2,0,220523,385087,12869,95087,3.56707362258698,0.19802613219374643
8656,0.3303571428571429,0,1,0,220524,385086,12869,95087,3.5670643595538922,0.19802654459955057
8657,0.3303809523809524,0,1,0,220525,385085,12869,95087,3.567055096520805,0.19802695700707246
8658,0.3303888888888888,0,2,0,220527,385083,12869,95087,3.5670365704546296,0.19802778182726952
8659,0.3304166666666667,1,1,1,220528,385082,12870,95086,3.567027307421542,0.19802652404991586
8660,0.3304285714285714,0,1,0,220529,385081,12870,95086,3.5670180443884547,0.19802693646168937
8661,0.330439393939394,0,1,0,220530,385080,12870,95086,3.567008781355367,0.19802734887518067
8662,0.3304761904761905,1,3,1,220533,385077,12871,95085,3.5669809922561044,0.1980269159158784
8663,0.3304999999999999,3,16,3,220549,385061,12874,95082,3.5668327837267033,0.1980285040081809
8664,0.3305,0,2,0,220551,385059,12874,95082,3.5668142576605284,0.19802932888464014
8665,0.3305555555555555,1,0,1,220551,385059,12875,95081,3.5668142576605284,0.19802765859957513
8666,0.330595238095238,0,1,0,220552,385058,12875,95081,3.5668049946274407,0.198028071037762
8667,0.3306190476190476,1,0,1,220552,385058,12876,95080,3.5668049946274407,0.1980264007431197
8668,0.3306428571428572,0,2,0,220554,385056,12876,95080,3.566786468561266,0.19802722561940783
8669,0.3306666666666666,4,50,4,220604,385006,12880,95076,3.566323316906888,0.19804116796713894
8670,0.3306666666666667,0,11,0,220615,384995,12880,95076,3.566221423542925,0.1980457057393594
8671,0.3306825396825397,0,1,0,220616,384994,12880,95076,3.566212160509837,0.19804611827441831
8672,0.3306904761904761,0,1,0,220617,384993,12880,95076,3.56620289747675,0.1980465308111959
8673,0.3307023809523809,0,1,0,220618,384992,12880,95076,3.566193634443662,0.19804694334969214
8674,0.3307142857142857,0,9,0,220627,384983,12880,95076,3.5661102671458744,0.19805065627349971
8675,0.3307271062271062,0,2,0,220629,384981,12880,95076,3.566091741079699,0.19805148138658535
8676,0.3308095238095238,0,1,0,220630,384980,12880,95076,3.5660824780466114,0.19805189394570633
8677,0.3308214285714285,1,0,1,220630,384980,12881,95075,3.5660824780466114,0.19805022341190073
8678,0.3308333333333333,12,137,12,220767,384843,12893,95063,3.564813442513617,0.19808670864711006
8679,0.3308571428571429,0,1,0,220768,384842,12893,95063,3.564804179480529,0.19808712140944562
8680,0.3308928571428571,0,1,0,220769,384841,12893,95063,3.5647949164474415,0.19808753417350136
8681,0.330904761904762,0,1,0,220770,384840,12893,95063,3.564785653414354,0.1980879469392773
8682,0.3309285714285714,0,3,0,220773,384837,12893,95063,3.5647578643150912,0.19808918524692645
8683,0.3309444444444445,0,1,0,220774,384836,12893,95063,3.564748601282004,0.19808959801958329
8684,0.3309523809523809,0,9,0,220783,384827,12893,95063,3.5646652339842158,0.1980933130509075
8685,0.330952380952381,0,4,0,220787,384823,12893,95063,3.5646281818518655,0.19809496422066908
8686,0.3309761904761905,0,1,0,220788,384822,12893,95063,3.5646189188187782,0.19809537701741042
8687,0.3309999999999998,1,0,1,220788,384822,12894,95062,3.5646189188187782,0.1980937059789449
8688,0.3309999999999999,2,7,2,220795,384815,12896,95060,3.5645540775871654,0.19809325345141965
8689,0.331,11,87,11,220882,384728,12907,95049,3.563748193708548,0.1981107889707093
8690,0.3310151515151516,0,2,0,220884,384726,12907,95049,3.563729667642373,0.1981116148194466
8691,0.3310277777777777,0,2,0,220886,384724,12907,95049,3.5637111415761975,0.19811244067506925
8692,0.331031746031746,0,1,0,220887,384723,12907,95049,3.5637018785431103,0.1981128536054626
8693,0.331047619047619,0,1,0,220888,384722,12907,95049,3.5636926155100226,0.1981132665375773
8694,0.3310476190476191,0,1,0,220889,384721,12907,95049,3.563683352476935,0.1981136794714134
8695,0.3310714285714285,0,2,0,220891,384719,12907,95049,3.56366482641076,0.1981145053442497
8696,0.3310714285714286,0,1,0,220892,384718,12907,95049,3.5636555633776723,0.19811491828325
8697,0.331095238095238,0,1,0,220893,384717,12907,95049,3.5636463003445846,0.19811533122397168
8698,0.3311111111111111,0,1,0,220894,384716,12907,95049,3.5636370373114974,0.1981157441664148
8699,0.3311428571428571,0,1,0,220895,384715,12907,95049,3.5636277742784097,0.19811615711057937
8700,0.3311666666666666,3,6,3,220901,384709,12910,95046,3.5635721960798845,0.19811362049379372
8701,0.3311666666666667,0,1,0,220902,384708,12910,95046,3.563562933046797,0.1981140334421391
8702,0.3311904761904762,0,1,0,220903,384707,12910,95046,3.563553670013709,0.198114446392206
8703,0.3312142857142857,0,2,0,220905,384705,12910,95046,3.5635351439475342,0.19811527229750434
8704,0.33125,0,12,0,220917,384693,12910,95046,3.5634239875504834,0.19812022787390643
8705,0.3312698412698412,0,1,0,220918,384692,12910,95046,3.563414724517396,0.1981206408497972
8706,0.3313095238095238,0,4,0,220922,384688,12910,95046,3.563377672385046,0.19812229277057702
8707,0.3313253968253968,0,1,0,220923,384687,12910,95046,3.563368409351958,0.19812270575507626
8708,0.331329365079365,1,1,1,220924,384686,12911,95045,3.5633591463188705,0.1981214472277172
8709,0.3313333333333332,0,1,0,220925,384685,12911,95045,3.5633498832857833,0.1981218602130365
8710,0.3313333333333333,2,25,2,220950,384660,12913,95043,3.5631183074585944,0.1981288422211243
8711,0.3313333333333334,0,5,0,220955,384655,12913,95043,3.5630719922931564,0.19813090736254893
8712,0.3313690476190477,1,0,1,220955,384655,12914,95042,3.5630719922931564,0.1981292357467318
8713,0.3313809523809523,1,0,1,220955,384655,12915,95041,3.5630719922931564,0.19812756412394517
8714,0.3314285714285714,0,9,0,220964,384646,12915,95041,3.5629886249953686,0.19813128143977218
8715,0.3314365079365079,0,1,0,220965,384645,12915,95041,3.562979361962281,0.19813169448347462
8716,0.3314761904761905,0,1,0,220966,384644,12915,95041,3.5629700989291933,0.19813210752889918
8717,0.3314999999999999,3,29,3,220995,384615,12918,95038,3.5627014709696545,0.1981390713703448
8718,0.3315000000000001,0,2,0,220997,384613,12918,95038,3.562682944903479,0.19813989755051067
8719,0.3315238095238095,0,3,0,221000,384610,12918,95038,3.5626551558042165,0.19814113683367804
8720,0.3315714285714286,0,1,0,221001,384609,12918,95038,3.562645892771129,0.19814154993151215
8721,0.3316190476190476,0,3,0,221004,384606,12918,95038,3.5626181036718663,0.19814278923534956
8722,0.3316666666666666,23,192,23,221196,384414,12941,95015,3.560839601319056,0.1981836726606025
8723,0.3316666666666667,21,258,21,221454,384156,12962,94994,3.5584497387824667,0.19825524366064906
8724,0.3316825396825397,0,1,0,221455,384155,12962,94994,3.5584404757493795,0.19825565742597814
8725,0.3317142857142857,1,0,1,221455,384155,12963,94993,3.5584404757493795,0.19825398415520884
8726,0.3317142857142858,0,1,0,221456,384154,12963,94993,3.558431212716292,0.19825439791963637
8727,0.3317857142857143,0,2,0,221458,384152,12963,94993,3.558412686650117,0.1982552254536727
8728,0.3318333333333333,1,16,1,221474,384136,12964,94992,3.558264478120716,0.19826017264697535
8729,0.3318571428571428,0,1,0,221475,384135,12964,94992,3.558255215087628,0.19826058644159064
8730,0.3318690476190476,0,1,0,221476,384134,12964,94992,3.558245952054541,0.19826100023793325
8731,0.3318888888888889,0,2,0,221478,384132,12964,94992,3.5582274259883655,0.19826182783580035
8732,0.3319047619047619,1,3,1,221481,384129,12965,94991,3.558199636889103,0.19826139589246952
8733,0.3319166666666666,0,1,0,221482,384128,12965,94991,3.558190373856015,0.1982618096965472
8734,0.3319523809523809,0,3,0,221485,384125,12965,94991,3.5581625847567526,0.1982630511191444
8735,0.3319761904761904,0,1,0,221486,384124,12965,94991,3.5581533217236654,0.19826346493013158
8736,0.3319999999999999,0,5,0,221491,384119,12965,94991,3.5581070065582274,0.19826553401097868
8737,0.332,9,98,9,221589,384021,12974,94982,3.557199229315647,0.1982910336678476
8738,0.3320238095238095,0,4,0,221593,384017,12974,94982,3.557162177183297,0.19829268954632473
8739,0.3320833333333333,0,7,0,221600,384010,12974,94982,3.557097335951684,0.1982955874002071
8740,0.3321111111111111,0,1,0,221601,384009,12974,94982,3.5570880729185963,0.19829600138624734
8741,0.3321190476190476,0,1,0,221602,384008,12974,94982,3.557078809885509,0.19829641537401616
8742,0.3321428571428571,0,7,0,221609,384001,12974,94982,3.557013968653896,0.198299313336799
8743,0.3321666666666666,1,20,1,221629,383981,12975,94981,3.556828707992145,0.19830591988508484
8744,0.3322142857142857,0,2,0,221631,383979,12975,94981,3.55681018192597,0.1983067479539001
8745,0.3322619047619048,0,3,0,221634,383976,12975,94981,3.5567823928267073,0.1983079900700898
8746,0.3322857142857143,0,1,0,221635,383975,12975,94981,3.5567731297936196,0.19830840411227754
8747,0.3323333333333332,0,1,0,221636,383974,12975,94981,3.556763866760532,0.19830881815619422
8748,0.3323333333333333,7,35,7,221671,383939,12982,94974,3.5564396606024675,0.19831159312860583
8749,0.3323809523809524,0,12,0,221683,383927,12982,94974,3.556328504205417,0.19831656229575634
8750,0.3324166666666667,1,2,1,221685,383925,12983,94973,3.5563099781392418,0.19831571649912924
8751,0.3324523809523809,0,1,0,221686,383924,12983,94973,3.5563007151061545,0.1983161306084607
8752,0.3324761904761905,0,1,0,221687,383923,12983,94973,3.556291452073067,0.19831654471952156
8753,0.3324999999999999,1,2,1,221689,383921,12984,94972,3.5562729260068915,0.19831569891395365
8754,0.3325,35,384,35,222073,383537,13019,94937,3.552715921301271,0.19841621488314934
8755,0.3325000000000001,1,4,1,222077,383533,13020,94936,3.5526788691689206,0.19841619833259835
8756,0.3325238095238094,0,2,0,222079,383531,13020,94936,3.5526603431027457,0.19841702771560002
8757,0.3325238095238095,0,1,0,222080,383530,13020,94936,3.552651080069658,0.198417442409701
8758,0.3325555555555555,0,1,0,222081,383529,13020,94936,3.5526418170365703,0.19841785710553542
8759,0.3325714285714285,0,1,0,222082,383528,13020,94936,3.552632554003483,0.19841827180310326
8760,0.3325714285714286,1,1,1,222083,383527,13021,94935,3.5526232909703954,0.19841701117330113
8761,0.3325833333333333,1,0,1,222083,383527,13022,94934,3.5526232909703954,0.19841533583719467
8762,0.3326190476190476,0,4,0,222087,383523,13022,94934,3.552586238838045,0.19841699463065646
8763,0.3326666666666666,5,36,5,222123,383487,13027,94929,3.552252769646893,0.19842354770743453
8764,0.332668831168831,0,1,0,222124,383486,13027,94929,3.552243506613806,0.19842396245937105
8765,0.3326904761904762,0,1,0,222125,383485,13027,94929,3.552234243580718,0.19842437721304143
8766,0.3327380952380953,0,1,0,222126,383484,13027,94929,3.5522249805476305,0.19842479196844567
8767,0.3327619047619048,1,2,1,222128,383482,13028,94928,3.5522064544814556,0.1984239459877511
8768,0.3327777777777777,0,1,0,222129,383481,13028,94928,3.552197191448368,0.19842436074572176
8769,0.3327777777777778,0,1,0,222130,383480,13028,94928,3.55218792841528,0.19842477550542634
8770,0.3328333333333333,4,9,4,222139,383471,13032,94924,3.5521045611174924,0.198421806247975
8771,0.3328571428571428,2,6,2,222145,383465,13034,94922,3.552048982918967,0.19842094371293534
8772,0.3328809523809524,0,1,0,222146,383464,13034,94922,3.5520397198858795,0.19842135848457104
8773,0.3329047619047619,0,1,0,222147,383463,13034,94922,3.552030456852792,0.19842177325794078
8774,0.3329166666666666,0,1,0,222148,383462,13034,94922,3.552021193819704,0.1984221880330446
8775,0.3329166666666667,0,1,0,222149,383461,13034,94922,3.552011930786617,0.19842260280988247
8776,0.3329285714285713,0,1,0,222150,383460,13034,94922,3.5520026677535292,0.1984230175884544
8777,0.3329761904761905,1,1,1,222151,383459,13035,94921,3.5519934047204416,0.19842175676240645
8778,0.3329880952380952,0,3,0,222154,383456,13035,94921,3.551965615621179,0.1984230011058224
8779,0.3329999999999999,9,60,9,222214,383396,13044,94912,3.5514098336359257,0.19843280898500548
8780,0.333,0,1,0,222215,383395,13044,94912,3.551400570602838,0.1984332238499541
8781,0.3330238095238095,0,1,0,222216,383394,13044,94912,3.5513913075697507,0.19843363871663747
8782,0.3330555555555555,0,2,0,222218,383392,13044,94912,3.5513727815035754,0.1984344684552084
8783,0.3330833333333334,0,1,0,222219,383391,13044,94912,3.551363518470488,0.198434883327096
8784,0.3330952380952381,0,1,0,222220,383390,13044,94912,3.5513542554374005,0.19843529820071837
8785,0.3331190476190475,0,2,0,222222,383388,13044,94912,3.551335729371225,0.19843612795316748
8786,0.3331428571428572,0,2,0,222224,383386,13044,94912,3.55131720330505,0.19843695771255576
8787,0.3331666666666666,5,17,5,222241,383369,13049,94907,3.551159731742562,0.1984356313091186
8788,0.3331666666666667,0,3,0,222244,383366,13049,94907,3.5511319426432992,0.19843687601014484
8789,0.3331904761904761,0,1,0,222245,383365,13049,94907,3.5511226796102116,0.1984372909139569
8790,0.3332023809523809,0,4,0,222249,383361,13049,94907,3.5510856274778613,0.1984389505465555
8791,0.3332142857142857,0,7,0,222256,383354,13049,94907,3.5510207862462484,0.1984418549704032
8792,0.3332272727272727,0,1,0,222257,383353,13049,94907,3.5510115232131607,0.19844226989503616
8793,0.3332857142857143,1,3,1,222260,383350,13050,94906,3.550983734113898,0.1984418386805393
8794,0.3333095238095238,1,1,1,222261,383349,13051,94905,3.550974471080811,0.19844057760102374
8795,0.3333333333333332,38,533,38,222794,382816,13089,94867,3.5460372744451445,0.19859823355656367
8796,0.3333333333333333,27,293,27,223087,382523,13116,94840,3.543323205750491,0.1986748030324931
8797,0.3333333333333334,1,0,1,223087,382523,13117,94839,3.543323205750491,0.1986731243794018
8798,0.3333809523809523,0,1,0,223088,382522,13117,94839,3.543313942717403,0.19867354056992506
8799,0.3334166666666667,0,1,0,223089,382521,13117,94839,3.543304679684316,0.19867395676219204
8800,0.3334285714285714,0,1,0,223090,382520,13117,94839,3.5432954166512283,0.19867437295620277
8801,0.3334523809523809,0,2,0,223092,382518,13117,94839,3.5432768905850534,0.19867520534945543
8802,0.3334761904761905,0,1,0,223093,382517,13117,94839,3.5432676275519657,0.19867562154869742
8803,0.3334999999999999,0,5,0,223098,382512,13117,94839,3.5432213123865277,0.19867770257106407
8804,0.3335,0,39,0,223137,382473,13117,94839,3.542860054096113,0.19869393604183427
8805,0.3335714285714286,0,4,0,223141,382469,13117,94839,3.542823001963763,0.19869560116319024
8806,0.3335833333333333,0,1,0,223142,382468,13117,94839,3.5428137389306755,0.19869601744788992
8807,0.333599567099567,0,2,0,223144,382466,13117,94839,3.5427952128645,0.1986968500225223
8808,0.3336060606060606,1,1,1,223145,382465,13118,94838,3.542785949831413,0.19869558749892627
8809,0.3336111111111111,0,1,0,223146,382464,13118,94838,3.5427766867983252,0.19869600378795815
8810,0.3336666666666666,0,20,0,223166,382444,13118,94838,3.5425914261365743,0.19870432993492318
8811,0.3336666666666667,1,0,1,223166,382444,13119,94837,3.5425914261365743,0.19870265105881021
8812,0.3336904761904762,0,1,0,223167,382443,13119,94837,3.5425821631034866,0.19870306738183038
8813,0.3337142857142857,0,2,0,223169,382441,13119,94837,3.5425636370373117,0.1987039000331044
8814,0.3337301587301587,1,1,1,223170,382440,13120,94836,3.542554374004224,0.19870263746762878
8815,0.3337380952380953,0,2,0,223172,382438,13120,94836,3.5425358479380487,0.19870347012407966
8816,0.33375,0,7,0,223179,382431,13120,94836,3.5424710067064358,0.1987063844766137
8817,0.3337619047619047,0,1,0,223180,382430,13120,94836,3.5424617436733485,0.19870680081966868
8818,0.3337857142857143,0,1,0,223181,382429,13120,94836,3.542452480640261,0.19870721716446837
8819,0.3338015873015872,0,1,0,223182,382428,13120,94836,3.542443217607173,0.19870763351101278
8820,0.3338095238095238,0,3,0,223185,382425,13120,94836,3.5424154285079106,0.19870888256111435
8821,0.3338333333333332,1,0,1,223185,382425,13121,94835,3.5424154285079106,0.198707203620668
8822,0.3338333333333333,1,8,1,223193,382417,13122,94834,3.54234132424321,0.19870885550789835
8823,0.3338333333333334,0,2,0,223195,382415,13122,94834,3.542322798177035,0.19870968823402457
8824,0.3338571428571428,0,1,0,223196,382414,13122,94834,3.5423135351439474,0.19871010459970498
8825,0.3338809523809523,1,0,1,223196,382414,13123,94833,3.5423135351439474,0.1987084256160856
8826,0.3338809523809524,0,1,0,223197,382413,13123,94833,3.54230427211086,0.19870884198086522
8827,0.3338888888888888,0,2,0,223199,382411,13123,94833,3.542285746044685,0.19870967471565906
8828,0.3339047619047619,0,2,0,223201,382409,13123,94833,3.54226721997851,0.1987105074574325
8829,0.3339166666666666,0,1,0,223202,382408,13123,94833,3.5422579569454222,0.19871092383093658
8830,0.3339285714285714,0,2,0,223204,382406,13123,94833,3.5422394308792473,0.1987117565831795
8831,0.3339523809523809,0,1,0,223205,382405,13123,94833,3.5422301678461596,0.19871217296191837
8832,0.3339545454545455,0,1,0,223206,382404,13123,94833,3.542220904813072,0.1987125893424022
8833,0.3339642857142857,0,1,0,223207,382403,13123,94833,3.5422116417799843,0.198713005724631
8834,0.3339761904761905,1,0,1,223207,382403,13124,94832,3.5422116417799843,0.19871132670487285
8835,0.3339999999999999,6,132,6,223339,382271,13130,94826,3.5409889214124273,0.19875622776919577
8836,0.3340000000000001,2,8,2,223347,382263,13132,94824,3.5409148171477267,0.1987562016990612
8837,0.3340238095238094,0,1,0,223348,382262,13132,94824,3.5409055541146395,0.1987566183036182
8838,0.3340238095238095,0,1,0,223349,382261,13132,94824,3.540896291081552,0.19875703490992172
8839,0.334047619047619,0,2,0,223351,382259,13132,94824,3.5408777650153764,0.19875786812776813
8840,0.3340555555555555,0,1,0,223352,382258,13132,94824,3.540868501982289,0.19875828473931106
8841,0.3340555555555556,0,1,0,223353,382257,13132,94824,3.5408592389492015,0.19875870135260051
8842,0.3340952380952381,0,1,0,223354,382256,13132,94824,3.540849975916114,0.19875911796763646
8843,0.3341071428571428,0,1,0,223355,382255,13132,94824,3.5408407128830266,0.19875953458441895
8844,0.3341428571428571,0,1,0,223356,382254,13132,94824,3.540831449849939,0.19875995120294795
8845,0.3341666666666665,0,1,0,223357,382253,13132,94824,3.5408221868168512,0.1987603678232235
8846,0.3341666666666666,11,65,11,223422,382188,13143,94813,3.5402200896661604,0.19876897532709575
8847,0.3341666666666667,14,105,14,223527,382083,13157,94799,3.5392474711919673,0.19878921829718882
8848,0.3341746031746031,0,1,0,223528,382082,13157,94799,3.5392382081588796,0.1987896351500689
8849,0.3341904761904761,0,2,0,223530,382080,13157,94799,3.5392196820927047,0.19879046886107377
8850,0.3342857142857143,2,11,2,223541,382069,13159,94797,3.5391177887287415,0.19879169410274586
8851,0.3343333333333333,0,35,0,223576,382034,13159,94797,3.538793582570677,0.1988062856651518
8852,0.3343571428571428,0,1,0,223577,382033,13159,94797,3.5387843195375894,0.19880670259841032
8853,0.3343888888888889,0,1,0,223578,382032,13159,94797,3.5387750565045017,0.19880711953341765
8854,0.3343948412698412,0,3,0,223581,382029,13159,94797,3.538747267405239,0.1988083703489323
8855,0.3344047619047618,0,1,0,223582,382028,13159,94797,3.5387380043721515,0.19880878729093482
8856,0.3344444444444444,0,9,0,223591,382019,13159,94797,3.5386546370743637,0.19881253984765612
8857,0.3345,1,20,1,223611,381999,13160,94796,3.5384693764126127,0.19881919902683542
8858,0.3345238095238095,0,4,0,223615,381995,13160,94796,3.5384323242802624,0.19882086700462048
8859,0.3345454545454545,0,2,0,223617,381993,13160,94796,3.538413798214087,0.19882170100400806
8860,0.3345476190476191,1,1,1,223618,381992,13161,94795,3.538404535181,0.19882043763777116
8861,0.3345555555555555,0,1,0,223619,381991,13161,94795,3.538395272147912,0.19882085463918822
8862,0.3345714285714286,0,1,0,223620,381990,13161,94795,3.5383860091148245,0.19882127164235452
8863,0.3345833333333333,0,5,0,223625,381985,13161,94795,3.538339693949387,0.1988233566844247
8864,0.3346428571428571,0,2,0,223627,381983,13161,94795,3.5383211678832116,0.1988241907134977
8865,0.3346666666666666,3,35,3,223662,381948,13164,94792,3.537996961725147,0.1988337458572807
8866,0.334702380952381,0,1,0,223663,381947,13164,94792,3.5379876986920595,0.19883416292772355
8867,0.3347500000000001,0,1,0,223664,381946,13164,94792,3.5379784356589723,0.1988345799999161
8868,0.3347619047619047,2,2,2,223666,381944,13166,94790,3.537959909592797,0.19883205309459784
8869,0.3347619047619048,0,1,0,223667,381943,13166,94790,3.5379506465597097,0.19883247016673902
8870,0.3347777777777777,0,2,0,223669,381941,13166,94790,3.5379321204935343,0.1988333043162706
8871,0.334797619047619,0,1,0,223670,381940,13166,94790,3.5379228574604467,0.19883372139366098
8872,0.3348333333333332,0,1,0,223671,381939,13166,94790,3.5379135944273594,0.1988341384728011
8873,0.3348333333333333,1,19,1,223690,381920,13167,94789,3.5377375967986957,0.19884038270727006
8874,0.3348452380952381,0,2,0,223692,381918,13167,94789,3.537719070732521,0.19884121693199386
8875,0.3348571428571428,0,1,0,223693,381917,13167,94789,3.537709807699433,0.19884163404698074
8876,0.3348730158730159,0,1,0,223694,381916,13167,94789,3.5377005446663454,0.19884205116371761
8877,0.3348809523809524,0,3,0,223697,381913,13167,94789,3.537672755567083,0.19884330252442825
8878,0.3348939393939393,0,1,0,223698,381912,13167,94789,3.537663492533995,0.1988437196481652
8879,0.3349166666666667,0,1,0,223699,381911,13167,94789,3.537654229500908,0.1988441367736522
8880,0.3349523809523809,0,2,0,223701,381909,13167,94789,3.5376357034347325,0.19884497102987636
8881,0.3349642857142856,0,1,0,223702,381908,13167,94789,3.5376264404016453,0.19884538816061356
8882,0.3349908424908425,0,1,0,223703,381907,13167,94789,3.5376171773685576,0.19884580529310084
8883,0.3349999999999999,0,6,0,223709,381901,13167,94789,3.5375615991700324,0.1988483081247771
8884,0.335,134,1445,134,225154,380456,13301,94655,3.5241765163585166,0.19922712797640973
8885,0.3350000000000001,1,8,1,225162,380448,13302,94654,3.524102412093816,0.19922879718460457
8886,0.3350238095238094,0,2,0,225164,380446,13302,94654,3.524083886027641,0.19922963586613346
8887,0.335047619047619,0,2,0,225166,380444,13302,94654,3.5240653599614657,0.19923047455472345
8888,0.3350555555555555,1,0,1,225166,380444,13303,94653,3.5240653599614657,0.19922878906833763
8889,0.3350595238095238,0,1,0,225167,380443,13303,94653,3.524056096928378,0.19922920841261554
8890,0.3351031746031747,0,1,0,225168,380442,13303,94653,3.524046833895291,0.1992296277586588
8891,0.3351111111111111,0,1,0,225169,380441,13303,94653,3.524037570862203,0.19923004710646736
8892,0.3351190476190476,0,1,0,225170,380440,13303,94653,3.5240283078291155,0.19923046645604123
8893,0.3351263736263736,0,5,0,225175,380435,13303,94653,3.523981992663678,0.199232563230391
8894,0.3351428571428571,0,1,0,225176,380434,13303,94653,3.5239727296305903,0.1992329825905571
8895,0.3351666666666666,1,15,1,225191,380419,13304,94652,3.523833784134277,0.19923758764479416
8896,0.3351904761904762,1,0,1,225191,380419,13305,94651,3.523833784134277,0.19923590207758857
8897,0.3352142857142857,0,1,0,225192,380418,13305,94651,3.523824521101189,0.19923632146067202
8898,0.3352272727272727,0,1,0,225193,380417,13305,94651,3.523815258068102,0.19923674084552107
8899,0.3352380952380951,0,1,0,225194,380416,13305,94651,3.5238059950350142,0.19923716023213567
8900,0.3352380952380953,1,2,1,225196,380414,13306,94650,3.5237874689688393,0.19923631342303352
8901,0.33525,0,1,0,225197,380413,13306,94650,3.5237782059357516,0.19923673281227963
8902,0.3352857142857143,0,1,0,225198,380412,13306,94650,3.523768942902664,0.19923715220329136
8903,0.3353015873015873,0,1,0,225199,380411,13306,94650,3.5237596798695763,0.19923757159606872
8904,0.3353181818181818,1,2,1,225201,380409,13307,94649,3.5237411538034014,0.1992367247788691
8905,0.3353333333333333,5,36,5,225237,380373,13312,94644,3.5234076846122493,0.1992433954995295
8906,0.3353571428571428,0,5,0,225242,380368,13312,94644,3.5233613694468118,0.19924549274544642
8907,0.3354166666666666,0,2,0,225244,380366,13312,94644,3.5233428433806364,0.19924633165617567
8908,0.3354166666666667,0,1,0,225245,380365,13312,94644,3.523333580347549,0.1992467511141894
8909,0.3354523809523809,0,1,0,225246,380364,13312,94644,3.5233243173144615,0.1992471705739693
8910,0.3354545454545454,1,2,1,225248,380362,13313,94643,3.523305791248286,0.19924632372290818
8911,0.3354761904761905,0,4,0,225252,380358,13313,94643,3.5232687391159363,0.19924800158315456
8912,0.3354844322344322,1,0,1,225252,380358,13314,94642,3.5232687391159363,0.1992463157894737
8913,0.3354999999999999,3,25,3,225277,380333,13317,94639,3.5230371632887474,0.19925174536604262
8914,0.3355,0,4,0,225281,380329,13317,94639,3.523000111156397,0.199253423388523
8915,0.3355238095238095,0,5,0,225286,380324,13317,94639,3.522953795990959,0.19925552095636923
8916,0.3355555555555555,0,6,0,225292,380318,13317,94639,3.522898217792434,0.19925803809608028
8917,0.3355833333333333,0,3,0,225295,380315,13317,94639,3.5228704286931714,0.1992592966897847
8918,0.3356666666666665,0,1,0,225296,380314,13317,94639,3.5228611656600837,0.19925971622455274
8919,0.3356666666666666,5,39,5,225335,380275,13322,94634,3.522499907369669,0.19926764917068324
8920,0.3356666666666667,0,4,0,225339,380271,13322,94634,3.5224628552373187,0.19926932754972046
8921,0.3356904761904762,0,1,0,225340,380270,13322,94634,3.5224535922042315,0.19926974714889747
8922,0.3357142857142857,1,18,1,225358,380252,13323,94633,3.5222868576086555,0.1992756140960443
8923,0.3357380952380952,0,2,0,225360,380250,13323,94633,3.52226833154248,0.19927645335798502
8924,0.33575,0,1,0,225361,380249,13323,94633,3.522259068509393,0.19927687299160635
8925,0.3357619047619047,0,1,0,225362,380248,13323,94633,3.522249805476305,0.19927729262699498
8926,0.3357777777777778,0,1,0,225363,380247,13323,94633,3.5222405424432175,0.19927771226415095
8927,0.3358333333333332,10,86,10,225449,380161,13333,94623,3.521443921597688,0.19929694345218035
8928,0.3358333333333334,5,51,5,225500,380110,13338,94618,3.5209715069102225,0.19930992062823344
8929,0.3359047619047619,0,1,0,225501,380109,13338,94618,3.5209622438771353,0.1993103404693645
8930,0.3359285714285714,1,1,1,225502,380108,13339,94617,3.5209529808440476,0.19930907367423245
8931,0.3359523809523809,0,9,0,225511,380099,13339,94617,3.5208696135462594,0.19931285231591098
8932,0.335952380952381,0,1,0,225512,380098,13339,94617,3.520860350513172,0.1993132721738306
8933,0.3359999999999999,0,8,0,225520,380090,13339,94617,3.5207862462484716,0.19931663110086853
8934,0.336,15,139,15,225659,379951,13354,94602,3.5194986846493017,0.19934970382654835
8935,0.3360714285714286,0,2,0,225661,379949,13354,94602,3.5194801585831264,0.19935054398789592
8936,0.336095238095238,0,1,0,225662,379948,13354,94602,3.519470895550039,0.19935096407122538
8937,0.3360952380952381,0,2,0,225664,379946,13354,94602,3.5194523694838638,0.19935180424319562
8938,0.3361111111111111,0,1,0,225665,379945,13354,94602,3.519443106450776,0.19935222433183647
8939,0.3361153846153846,0,1,0,225666,379944,13354,94602,3.519433843417689,0.1993526444222478
8940,0.3361428571428571,0,3,0,225669,379941,13354,94602,3.5194060543184262,0.1993539047041048
8941,0.3361666666666666,1,12,1,225681,379929,13355,94601,3.5192948979213754,0.19935725876130064
8942,0.3361666666666667,1,0,1,225681,379929,13356,94600,3.5192948979213754,0.1993555715246065
8943,0.3361904761904761,0,2,0,225683,379927,13356,94600,3.5192763718552005,0.19935641175317736
8944,0.3361904761904762,0,8,0,225691,379919,13356,94600,3.5192022675905,0.19935977273828867
8945,0.33625,0,6,0,225697,379913,13356,94600,3.5191466893919747,0.19936229355149385
8946,0.3362619047619047,0,1,0,225698,379912,13356,94600,3.519137426358887,0.1993627136932259
8947,0.3363333333333332,0,1,0,225699,379911,13356,94600,3.5191281633257994,0.19936313383672877
8948,0.3363333333333333,1,27,1,225726,379884,13357,94599,3.5188780614324355,0.19937279101674876
8949,0.3363333333333334,1,6,1,225732,379878,13358,94598,3.51882248323391,0.19937362479872534
8950,0.3363809523809524,0,1,0,225733,379877,13358,94598,3.5188132202008227,0.19937404499710207
8951,0.3363888888888888,0,2,0,225735,379875,13358,94598,3.5187946941346473,0.19937488539916917
8952,0.3363992673992674,1,0,1,225735,379875,13359,94597,3.5187946941346473,0.19937319799693132
8953,0.3364285714285714,0,6,0,225741,379869,13359,94597,3.518739115936122,0.19937571922961814
8954,0.3364761904761905,0,2,0,225743,379867,13359,94597,3.518720589869947,0.199376559654684
8955,0.336484126984127,0,1,0,225744,379866,13359,94597,3.5187113268368595,0.19937697986987393
8956,0.3364999999999999,1,34,1,225778,379832,13360,94596,3.518396383711883,0.1993895807161466
8957,0.3365000000000001,0,4,0,225782,379828,13360,94596,3.5183593315795325,0.19939126182486552
8958,0.3365476190476191,1,1,1,225783,379827,13361,94595,3.518350068546445,0.19938999456180362
8959,0.336563492063492,0,2,0,225785,379825,13361,94595,3.51833154248027,0.19939083512499473
8960,0.3366190476190476,0,1,0,225786,379824,13361,94595,3.5183222794471822,0.19939125540924793
8961,0.3366666666666666,32,382,32,226168,379442,13393,94563,3.5147838008077366,0.19949789559181866
8962,0.3366666666666667,53,440,53,226608,379002,13446,94510,3.5107080662492125,0.19959367450032944
8963,0.3366865079365079,0,2,0,226610,379000,13446,94510,3.5106895401830376,0.19959451753922833
8964,0.3367142857142858,0,1,0,226611,378999,13446,94510,3.51068027714995,0.19959493906134837
8965,0.3367619047619047,0,1,0,226612,378998,13446,94510,3.510671014116862,0.19959536058524882
8966,0.3367777777777778,0,2,0,226614,378996,13446,94510,3.5106524880506873,0.19959620363839106
8967,0.3367857142857143,0,3,0,226617,378993,13446,94510,3.5106246989514247,0.19959746823145788
8968,0.3368095238095238,0,2,0,226619,378991,13446,94510,3.5106061728852493,0.19959831130240485
8969,0.3368333333333333,0,3,0,226622,378988,13446,94510,3.5105783837859867,0.1995995759221792
8970,0.3368333333333334,0,15,0,226637,378973,13446,94510,3.5104394382896738,0.1996058992614307
8971,0.3368571428571428,0,2,0,226639,378971,13446,94510,3.5104209122234984,0.19960674240360227
8972,0.3368809523809524,0,2,0,226641,378969,13446,94510,3.5104023861573235,0.19960758555289676
8973,0.3368888888888889,1,0,1,226641,378969,13447,94509,3.5104023861573235,0.19960589509966672
8974,0.3369047619047619,1,3,1,226644,378966,13448,94508,3.510374597058061,0.199605469360514
8975,0.3369166666666666,0,2,0,226646,378964,13448,94508,3.5103560709918855,0.19960631251689645
8976,0.3369523809523809,0,1,0,226647,378963,13448,94508,3.510346807958798,0.1996067340977589
8977,0.3369999999999999,0,3,0,226650,378960,13448,94508,3.5103190188595352,0.19960799885103112
8978,0.337,6,55,6,226705,378905,13454,94502,3.50980955203972,0.19962104489371724
8979,0.3370238095238095,0,4,0,226709,378901,13454,94502,3.5097724999073696,0.1996227315838725
8980,0.3370476190476191,0,2,0,226711,378899,13454,94502,3.5097539738411947,0.19962357493963892
8981,0.3370555555555555,0,1,0,226712,378898,13454,94502,3.509744710808107,0.19962399662019434
8982,0.3370833333333333,0,3,0,226715,378895,13454,94502,3.5097169217088444,0.19962526167254968
8983,0.3370909090909091,0,1,0,226716,378894,13454,94502,3.5097076586757567,0.19962568336023118
8984,0.3370952380952381,0,1,0,226717,378893,13454,94502,3.509698395642669,0.19962610504969422
8985,0.3371111111111111,0,3,0,226720,378890,13454,94502,3.5096706065434065,0.19962737012877277
8986,0.3371428571428571,0,11,0,226731,378879,13454,94502,3.5095687131794433,0.19963200888924565
8987,0.3371666666666666,0,14,0,226745,378865,13454,94502,3.5094390307162175,0.19963791307801346
8988,0.3371904761904762,2,1,2,226746,378864,13456,94500,3.5094297676831303,0.1996349532283824
8989,0.3372222222222222,0,2,0,226748,378862,13456,94500,3.509411241616955,0.19963579670526996
8990,0.3372222222222223,0,1,0,226749,378861,13456,94500,3.5094019785838677,0.19963621844638657
8991,0.3372460317460317,1,0,1,226749,378861,13457,94499,3.5094019785838677,0.19963452763224607
8992,0.33725,0,2,0,226751,378859,13457,94499,3.5093834525176923,0.19963537111446306
8993,0.3372619047619047,0,1,0,226752,378858,13457,94499,3.5093741894846047,0.1996357928582444
8994,0.3372727272727273,0,1,0,226753,378857,13457,94499,3.5093649264515174,0.1996362146038077
8995,0.3372777777777777,0,1,0,226754,378856,13457,94499,3.5093556634184297,0.19963663635115295
8996,0.3372857142857143,1,4,1,226758,378852,13458,94498,3.5093186112860795,0.1996366325129397
8997,0.3373333333333332,1,3,1,226761,378849,13459,94497,3.509290822186817,0.19963620691840642
8998,0.3373333333333333,8,53,8,226814,378796,13467,94489,3.5087998814331764,0.19964503417602503
8999,0.3373809523809524,0,1,0,226815,378795,13467,94489,3.5087906184000888,0.19964545600527378
9000,0.3374523809523809,0,1,0,226816,378794,13467,94489,3.5087813553670015,0.19964587783630514
9001,0.3374761904761905,1,0,1,226816,378794,13468,94488,3.5087813553670015,0.19964418676391665
9002,0.3374999999999999,0,4,0,226820,378790,13468,94488,3.5087443032346513,0.1996458740951407
9003,0.3375,33,415,33,227235,378375,13501,94455,3.504900144503316,0.19976524332212423
9004,0.3375000000000001,1,4,1,227239,378371,13502,94454,3.504863092370966,0.19976524083963412
9005,0.3375555555555555,0,1,0,227240,378370,13502,94454,3.5048538293378786,0.19976566333350254
9006,0.3375555555555556,0,1,0,227241,378369,13502,94454,3.504844566304791,0.19976608582915806
9007,0.3375595238095238,1,0,1,227241,378369,13503,94453,3.504844566304791,0.19976439336579094
9008,0.3375757575757576,0,1,0,227242,378368,13503,94453,3.5048353032717032,0.19976481586054765
9009,0.3376111111111111,0,1,0,227243,378367,13503,94453,3.5048260402386155,0.1997652383570915
9010,0.3376190476190476,0,4,0,227247,378363,13503,94453,3.5047889881062657,0.19976692836113838
9011,0.3376666666666666,1,30,1,227277,378333,13504,94452,3.504511097113639,0.1997779117357784
9012,0.3376666666666667,0,2,0,227279,378331,13504,94452,3.504492571047464,0.19977875685039437
9013,0.3376904761904762,0,1,0,227280,378330,13504,94452,3.5044833080143762,0.19977917941038364
9014,0.337702380952381,0,1,0,227281,378329,13504,94452,3.5044740449812886,0.19977960197216046
9015,0.3377142857142857,0,5,0,227286,378324,13504,94452,3.504427729815851,0.19978171480785828
9016,0.337758658008658,0,2,0,227288,378322,13504,94452,3.5044092037496757,0.19978255995465063
9017,0.3377777777777778,0,2,0,227290,378320,13504,94452,3.5043906776835008,0.19978340510859358
9018,0.3378095238095238,0,1,0,227291,378319,13504,94452,3.504381414650413,0.19978382768824654
9019,0.3378174603174603,0,1,0,227292,378318,13504,94452,3.5043721516173254,0.19978425026968716
9020,0.3378318903318903,0,2,0,227294,378316,13504,94452,3.5043536255511505,0.1997850954379315
9021,0.3378333333333333,2,16,2,227310,378300,13506,94450,3.50420541702175,0.19978847170809097
9022,0.3378333333333334,0,4,0,227314,378296,13506,94450,3.5041683648893995,0.19979016215896062
9023,0.3378412698412698,0,1,0,227315,378295,13506,94450,3.504159101856312,0.1997905847761478
9024,0.3378571428571428,1,8,1,227323,378287,13507,94449,3.5040849975916113,0.19979227306572803
9025,0.3378571428571429,0,1,0,227324,378286,13507,94449,3.504075734558524,0.19979269569632035
9026,0.3379166666666667,0,2,0,227326,378284,13507,94449,3.5040572084923487,0.1997935409628691
9027,0.3379285714285714,0,1,0,227327,378283,13507,94449,3.504047945459261,0.19979396359882556
9028,0.3379523809523809,0,1,0,227328,378282,13507,94449,3.504038682426174,0.19979438623657006
9029,0.3379761904761904,0,2,0,227330,378280,13507,94449,3.5040201563599984,0.1997952315174233
9030,0.3379761904761905,0,3,0,227333,378277,13507,94449,3.503992367260736,0.19979649945211392
9031,0.3379999999999999,11,98,11,227431,378179,13518,94438,3.5030845900181555,0.19981930400302994
9032,0.338,0,3,0,227434,378176,13518,94438,3.503056800918893,0.19982057239099985
9033,0.3380176767676768,0,2,0,227436,378174,13518,94438,3.5030382748527176,0.19982141799192574
9034,0.3380555555555555,0,1,0,227437,378173,13518,94438,3.5030290118196303,0.19982184079507248
9035,0.3380952380952381,0,4,0,227441,378169,13518,94438,3.50299195968728,0.1998235320255519
9036,0.3381428571428572,0,1,0,227442,378168,13518,94438,3.5029826966541924,0.1998239548376449
9037,0.3381666666666666,3,16,3,227458,378152,13521,94435,3.5028344881247917,0.1998256405698845
9038,0.3381666666666667,0,4,0,227462,378148,13521,94435,3.5027974359924414,0.19982733191841434
9039,0.3382142857142857,0,2,0,227464,378146,13521,94435,3.502778909926266,0.19982817760341615
9040,0.3382619047619047,1,0,1,227464,378146,13522,94434,3.502778909926266,0.19982648440475687
9041,0.3382954545454545,1,0,1,227464,378146,13523,94433,3.502778909926266,0.19982479119893182
9042,0.3383333333333332,22,281,22,227745,377865,13545,94411,3.5001759976286637,0.19990641065817447
9043,0.3383333333333334,14,189,14,227934,377676,13559,94397,3.4984252843751156,0.19996271763053597
9044,0.3383809523809524,0,1,0,227935,377675,13559,94397,3.4984160213420283,0.19996314121574674
9045,0.3384285714285714,0,1,0,227936,377674,13559,94397,3.4984067583089407,0.19996356480275213
9046,0.3384523809523809,0,3,0,227939,377671,13559,94397,3.498378969209678,0.19996483557453587
9047,0.3384999999999999,0,1,0,227940,377670,13559,94397,3.4983697061765904,0.19996525916871968
9048,0.3385,2,32,2,227972,377638,13561,94395,3.4980732891177886,0.19997542544694968
9049,0.3385000000000001,0,2,0,227974,377636,13561,94395,3.4980547630516137,0.19997627274479854
9050,0.3385079365079365,0,1,0,227975,377635,13561,94395,3.498045500018526,0.1999766963964155
9051,0.3385119047619048,0,2,0,227977,377633,13561,94395,3.498026973952351,0.19997754370503446
9052,0.3385238095238095,0,2,0,227979,377631,13561,94395,3.4980084478861757,0.1999783910208336
9053,0.3385357142857142,0,2,0,227981,377629,13561,94395,3.497989921820001,0.19997923834381304
9054,0.3385515873015872,0,3,0,227984,377626,13561,94395,3.497962132720738,0.19998050934174538
9055,0.3385714285714285,0,1,0,227985,377625,13561,94395,3.4979528696876505,0.1999809330113131
9056,0.3385714285714286,0,8,0,227993,377617,13561,94395,3.49787876542295,0.19998432243248054
9057,0.3386190476190475,0,1,0,227994,377616,13561,94395,3.4978695023898627,0.19998474611820488
9058,0.3386190476190476,0,1,0,227995,377615,13561,94395,3.497860239356775,0.19998516980572445
9059,0.3386666666666666,3,38,3,228033,377577,13564,94392,3.497508244099448,0.19999618619019469
9060,0.3386666666666667,0,1,0,228034,377576,13564,94392,3.4974989810663604,0.19999660993965693
9061,0.3386904761904762,1,3,1,228037,377573,13565,94391,3.4974711919670978,0.1999961861497911
9062,0.3387063492063492,0,1,0,228038,377572,13565,94391,3.49746192893401,0.19999660990374246
9063,0.3387142857142857,0,1,0,228039,377571,13565,94391,3.4974526659009224,0.19999703365948954
9064,0.33875,2,8,2,228047,377563,13567,94389,3.4973785616362223,0.19999703359663695
9065,0.3387857142857142,0,2,0,228049,377561,13567,94389,3.497360035570047,0.1999978811314758
9066,0.3388095238095238,0,2,0,228051,377559,13567,94389,3.497341509503872,0.19999872867349794
9067,0.3388095238095239,0,1,0,228052,377558,13567,94389,3.4973322464707843,0.19999915244720276
9068,0.3388333333333332,0,3,0,228055,377555,13567,94389,3.4973044573715217,0.20000042377909244
9069,0.3388333333333333,2,11,2,228066,377544,13569,94387,3.4972025640075586,0.2000016951630641
9070,0.3388333333333334,0,2,0,228068,377542,13569,94387,3.4971840379413837,0.2000025427553721
9071,0.3388571428571428,0,1,0,228069,377541,13569,94387,3.497174774908296,0.20000296655422015
9072,0.3388809523809523,1,0,1,228069,377541,13570,94386,3.497174774908296,0.20000127138307408
9073,0.3388809523809524,0,1,0,228070,377540,13570,94386,3.4971655118752083,0.20000169518102415
9074,0.3389285714285714,0,3,0,228073,377537,13570,94386,3.4971377227759457,0.20000296658565062
9075,0.3389523809523809,0,1,0,228074,377536,13570,94386,3.497128459742858,0.2000033903907849
9076,0.3389999999999999,8,92,8,228166,377444,13578,94378,3.4962762606988034,0.20002882442955183
9077,0.3390000000000001,0,11,0,228177,377433,13578,94378,3.49617436733484,0.20003348798565526
9078,0.3390021645021645,1,0,1,228177,377433,13579,94377,3.49617436733484,0.20003179245882877
9079,0.3390357142857143,0,1,0,228178,377432,13579,94377,3.4961651043017525,0.20003221642656244
9080,0.339047619047619,0,14,0,228192,377418,13579,94377,3.496035421838527,0.20003815216354562
9081,0.339090909090909,0,1,0,228193,377417,13579,94377,3.496026158805439,0.20003857615823856
9082,0.339095238095238,1,0,1,228193,377417,13580,94376,3.496026158805439,0.2000368805811023
9083,0.3391190476190476,0,1,0,228194,377416,13580,94376,3.496016895772352,0.2000373045748974
9084,0.3391666666666666,8,60,8,228254,377356,13588,94368,3.4954611137870986,0.20004918130093022
9085,0.3391666666666667,4,80,4,228334,377276,13592,94364,3.4947200711400943,0.20007632940378253
9086,0.3391904761904761,0,1,0,228335,377275,13592,94364,3.4947108081070066,0.2000767536187635
9087,0.3392142857142858,0,1,0,228336,377274,13592,94364,3.494701545073919,0.20007717783554335
9088,0.3392398989898989,0,1,0,228337,377273,13592,94364,3.4946922820408313,0.20007760205412214
9089,0.33925,1,2,1,228339,377271,13593,94363,3.4946737559746563,0.20007675443246245
9090,0.3392619047619047,0,1,0,228340,377270,13593,94363,3.4946644929415687,0.20007717865374136
9091,0.3392857142857143,0,9,0,228349,377261,13593,94363,3.494581125643781,0.20008099672620563
9092,0.3393333333333333,2,10,2,228359,377251,13595,94361,3.4944884953129054,0.20008184694197773
9093,0.3393333333333334,11,39,11,228398,377212,13606,94350,3.4941272370224907,0.200079735008334
9094,0.3394047619047619,1,0,1,228398,377212,13607,94349,3.4941272370224907,0.20007803868428475
9095,0.3394285714285713,1,0,1,228398,377212,13608,94348,3.4941272370224907,0.20007634235304098
9096,0.3394285714285714,0,1,0,228399,377211,13608,94348,3.494117973989403,0.20007676664001747
9097,0.3394444444444444,0,3,0,228402,377208,13608,94348,3.4940901848901404,0.2000780395117441
9098,0.3394523809523809,0,2,0,228404,377206,13608,94348,3.4940716588239655,0.2000788881018929
9099,0.3394642857142858,0,1,0,228405,377205,13608,94348,3.494062395790878,0.20007931239966664
9100,0.3394761904761904,0,1,0,228406,377204,13608,94348,3.49405313275779,0.20007973669923995
9101,0.3394999999999999,1,2,1,228408,377202,13609,94347,3.4940346066916153,0.2000788889383712
9102,0.3395,1,26,1,228434,377176,13610,94346,3.4937937678313387,0.20008822493966347
9103,0.3395238095238095,1,6,1,228440,377170,13611,94345,3.4937381896328135,0.20008907457875147
9104,0.3395454545454545,0,1,0,228441,377169,13611,94345,3.493728926599726,0.20008949893322361
9105,0.3395595238095238,0,1,0,228442,377168,13611,94345,3.493719663566638,0.20008992328949574
9106,0.3395714285714284,0,2,0,228444,377166,13611,94345,3.493701137500463,0.2000907720074399
9107,0.3395833333333333,0,3,0,228447,377163,13611,94345,3.4936733484012006,0.20009204509785625
9108,0.339595238095238,0,2,0,228449,377161,13611,94345,3.4936548223350252,0.20009289383380063
9109,0.3396190476190476,0,1,0,228450,377160,13611,94345,3.493645559301938,0.2000933182044729
9110,0.3396428571428571,0,2,0,228452,377158,13611,94345,3.4936270332357626,0.2000941669512177
9111,0.3396666666666667,1,30,1,228482,377128,13612,94344,3.493349142243136,0.20010520242983676
9112,0.3396904761904761,0,1,0,228483,377127,13612,94344,3.4933398792100485,0.20010562685721922
9113,0.3397142857142857,0,3,0,228486,377124,13612,94344,3.493312090110786,0.20010690015016927
9114,0.3397222222222222,0,1,0,228487,377123,13612,94344,3.4933028270776982,0.20010732458475355
9115,0.33975,1,0,1,228487,377123,13613,94343,3.4933028270776982,0.20010562797741513
9116,0.3397619047619047,0,2,0,228489,377121,13613,94343,3.4932843010115233,0.2001064768465885
9117,0.3397619047619048,1,1,1,228490,377120,13614,94342,3.4932750379784356,0.20010520466124523
9118,0.3397857142857142,0,2,0,228492,377118,13614,94342,3.4932565119122607,0.2001060535358249
9119,0.3398333333333333,1,19,1,228511,377099,13615,94341,3.493080514283597,0.20011242151705413
9120,0.3398484848484849,0,1,0,228512,377098,13615,94341,3.4930712512505093,0.20011284598855844
9121,0.3398809523809524,0,3,0,228515,377095,13615,94341,3.4930434621512467,0.2001141194138759
9122,0.3399047619047619,0,1,0,228516,377094,13615,94341,3.493034199118159,0.2001145438925833
9123,0.3399166666666666,0,1,0,228517,377093,13615,94341,3.493024936085072,0.20011496837309145
9124,0.3399206349206349,0,1,0,228518,377092,13615,94341,3.493015673051984,0.20011539285540045
9125,0.3399523809523809,0,3,0,228521,377089,13615,94341,3.4929878839527215,0.20011666631313238
9126,0.3399999999999999,1,5,1,228526,377084,13616,94340,3.4929415687872836,0.2001170920445289
9127,0.34,353,3836,353,232362,373248,13969,93987,3.4574085738634257,0.2011557353366079
9128,0.3400000000000001,0,9,0,232371,373239,13969,93987,3.457325206565638,0.20115961012443656
9129,0.3400833333333333,0,1,0,232372,373238,13969,93987,3.4573159435325502,0.2011600406656322
9130,0.3400952380952381,0,1,0,232373,373237,13969,93987,3.4573066804994625,0.20116047120867078
9131,0.3401111111111111,1,0,1,232373,373237,13970,93986,3.4573066804994625,0.20115876144795955
9132,0.3401190476190475,0,2,0,232375,373235,13970,93986,3.4572881544332876,0.20115962253408987
9133,0.3401190476190476,1,1,1,232376,373234,13971,93985,3.4572788914002,0.20115834330367557
9134,0.3401363636363635,0,1,0,232377,373233,13971,93985,3.4572696283671127,0.20115877384861028
9135,0.3401388888888889,1,1,1,232378,373232,13972,93984,3.457260365334025,0.2011574946063491
9136,0.3401428571428571,0,1,0,232379,373231,13972,93984,3.4572511023009374,0.20115792515223185
9137,0.3401666666666667,2,13,2,232392,373218,13974,93982,3.4571306828707993,0.20116010273972604
9138,0.3401904761904761,0,2,0,232394,373216,13974,93982,3.457112156804624,0.20116096387398918
9139,0.3402128427128427,0,2,0,232396,373214,13974,93982,3.457093630738449,0.20116182501562513
9140,0.3402279942279943,0,3,0,232399,373211,13974,93982,3.4570658416391864,0.20116311674190324
9141,0.3402380952380952,0,4,0,232403,373207,13974,93982,3.457028789506836,0.20116483906941302
9142,0.34025,0,1,0,232404,373206,13974,93982,3.4570195264737484,0.2011652696558987
9143,0.3402619047619047,0,1,0,232405,373205,13974,93982,3.457010263440661,0.2011657002442277
9144,0.3402857142857142,0,2,0,232407,373203,13974,93982,3.456991737374486,0.20116656142641565
9145,0.3402857142857143,0,1,0,232408,373202,13974,93982,3.456982474341398,0.20116699202027466
9146,0.3403333333333333,3,25,3,232433,373177,13977,93979,3.4567508985142097,0.2011726275591023
9147,0.3403333333333334,1,3,1,232436,373174,13978,93978,3.4567231094149466,0.20117220947357606
9148,0.3403571428571428,0,1,0,232437,373173,13978,93978,3.4567138463818594,0.20117264010994304
9149,0.3403888888888888,0,1,0,232438,373172,13978,93978,3.4567045833487717,0.2011730707481537
9150,0.3403968253968255,1,1,1,232439,373171,13979,93977,3.456695320315684,0.20117179138089
9151,0.3404166666666667,0,2,0,232441,373169,13979,93977,3.456676794249509,0.20117265266105244
9152,0.3404523809523809,0,1,0,232442,373168,13979,93977,3.4566675312164215,0.20117308330389921
9153,0.3404761904761904,0,1,0,232443,373167,13979,93977,3.4566582681833338,0.20117351394858973
9154,0.3404761904761905,0,4,0,232447,373163,13979,93977,3.456621216050984,0.20117523654578928
9155,0.3404999999999999,1,16,1,232463,373147,13980,93976,3.456473007521583,0.2011804171492305
9156,0.3405,0,3,0,232466,373144,13980,93976,3.45644521842232,0.20118170919678027
9157,0.3405238095238095,0,1,0,232467,373143,13980,93976,3.4564359553892325,0.20118213988298486
9158,0.340547619047619,0,1,0,232468,373142,13980,93976,3.4564266923561453,0.20118257057103345
9159,0.3405555555555555,0,2,0,232470,373140,13980,93976,3.45640816628997,0.20118343195266272
9160,0.3405833333333333,0,2,0,232472,373138,13980,93976,3.456389640223795,0.2011842933416682
9161,0.3405952380952381,0,2,0,232474,373136,13980,93976,3.4563711141576197,0.20118515473805
9162,0.3406190476190476,0,1,0,232475,373135,13980,93976,3.4563618511245324,0.201185585439007
9163,0.3406666666666666,3,47,3,232522,373088,13983,93973,3.455926488569417,0.20120069969447246
9164,0.3406666666666667,1,5,1,232527,373083,13984,93972,3.4558801734039792,0.2012011433342968
9165,0.3406904761904761,0,1,0,232528,373082,13984,93972,3.455870910370892,0.20120157412205011
9166,0.3406926406926407,0,1,0,232529,373081,13984,93972,3.4558616473378043,0.20120200491164814
9167,0.3407063492063492,0,4,0,232533,373077,13984,93972,3.455824595205454,0.2012037280884875
9168,0.3407142857142857,1,11,1,232544,373066,13985,93971,3.455722701841491,0.20120675663812504
9169,0.3407417582417582,1,0,1,232544,373066,13986,93970,3.455722701841491,0.20120504629193467
9170,0.3407619047619047,0,1,0,232545,373065,13986,93970,3.455713438808403,0.20120547710557024
9171,0.3407619047619048,0,1,0,232546,373064,13986,93970,3.455704175775316,0.20120590792105073
9172,0.3407692307692308,0,1,0,232547,373063,13986,93970,3.4556949127422283,0.2012063387383761
9173,0.3407857142857143,0,1,0,232548,373062,13986,93970,3.4556856497091406,0.20120676955754638
9174,0.3408095238095238,0,1,0,232549,373061,13986,93970,3.4556763866760534,0.2012072003785616
9175,0.3408333333333332,14,113,14,232662,372948,14000,93956,3.4546296639371596,0.20123194489659543
9176,0.3408333333333334,7,72,7,232734,372876,14007,93949,3.4539627255548555,0.20125100412360092
9177,0.3408571428571429,1,1,1,232735,372875,14008,93948,3.4539534625217683,0.20124972419953602
9178,0.3408787878787879,0,1,0,232736,372874,14008,93948,3.4539441994886806,0.20125015530544832
9179,0.3408809523809524,0,1,0,232737,372873,14008,93948,3.453934936455593,0.20125058641320764
9180,0.3409166666666667,0,2,0,232739,372871,14008,93948,3.453916410389418,0.20125144863426725
9181,0.3409560439560439,1,2,1,232741,372869,14009,93947,3.4538978843232426,0.20125059980806143
9182,0.3409999999999999,1,8,1,232749,372861,14010,93946,3.4538237800585425,0.2012523376898804
9183,0.341,7,86,7,232835,372775,14017,93939,3.4530271592130126,0.20127744185946855
9184,0.3410000000000001,0,2,0,232837,372773,14017,93939,3.4530086331468377,0.2012783043932875
9185,0.341047619047619,0,1,0,232838,372772,14017,93939,3.45299937011375,0.20127873566296917
9186,0.3410476190476191,0,1,0,232839,372771,14017,93939,3.4529901070806623,0.20127916693449893
9187,0.3410833333333333,1,0,1,232839,372771,14018,93938,3.4529901070806623,0.20127745554510412
9188,0.3410929487179487,1,0,1,232839,372771,14019,93937,3.4529901070806623,0.20127574414837543
9189,0.3411071428571429,0,1,0,232840,372770,14019,93937,3.452980844047575,0.2012761754162676
9190,0.3411111111111111,0,1,0,232841,372769,14019,93937,3.4529715810144874,0.2012766066860079
9191,0.3411309523809524,0,1,0,232842,372768,14019,93937,3.4529623179813997,0.20127703795759633
9192,0.3411428571428571,0,2,0,232844,372766,14019,93937,3.452943791915225,0.20127790050631772
9193,0.3411666666666666,0,3,0,232847,372763,14019,93937,3.4529160028159622,0.2012791943432612
9194,0.3411666666666667,0,12,0,232859,372751,14019,93937,3.4528048464189114,0.20128436985737794
9195,0.3411904761904762,0,3,0,232862,372748,14019,93937,3.452777057319649,0.20128566377749446
9196,0.3412103174603174,0,5,0,232867,372743,14019,93937,3.452730742154211,0.20128782034799006
9197,0.3412337662337662,0,1,0,232868,372742,14019,93937,3.4527214791211236,0.2012882516676345
9198,0.3412380952380953,1,0,1,232868,372742,14020,93936,3.4527214791211236,0.20128654018402412
9199,0.34125,0,4,0,232872,372738,14020,93936,3.4526844269887733,0.20128826547011405
9200,0.3412777777777778,0,2,0,232874,372736,14020,93936,3.452665900922598,0.20128912812425
9201,0.3412857142857142,1,1,1,232875,372735,14021,93935,3.4526566378895107,0.20128784794394325
9202,0.3412857142857143,0,1,0,232876,372734,14021,93935,3.452647374856423,0.20128827927288934
9203,0.3413095238095237,0,1,0,232877,372733,14021,93935,3.4526381118233354,0.201288710603684
9204,0.3413095238095238,0,1,0,232878,372732,14021,93935,3.4526288487902477,0.2012891419363272
9205,0.3413333333333332,0,2,0,232880,372730,14021,93935,3.4526103227240728,0.20129000460715932
9206,0.3413333333333333,4,23,4,232903,372707,14025,93931,3.452397272963059,0.20129307943202226
9207,0.3413333333333334,2,10,2,232913,372697,14027,93929,3.4523046426321833,0.20129396990309156
9208,0.3413888888888888,0,1,0,232914,372696,14027,93929,3.452295379599096,0.2012944012858291
9209,0.3414285714285714,1,4,1,232918,372692,14028,93928,3.4522583274667458,0.2012944151558013
9210,0.3414761904761905,0,1,0,232919,372691,14028,93928,3.452249064433658,0.20129484654503996
9211,0.3414880952380952,0,1,0,232920,372690,14028,93928,3.4522398014005704,0.20129527793612761
9212,0.3414999999999999,2,22,2,232942,372668,14030,93926,3.4520360146726445,0.2013013454952271
9213,0.3415000000000001,0,4,0,232946,372664,14030,93926,3.4519989625402943,0.20130307121884308
9214,0.3415137085137085,1,2,1,232948,372662,14031,93925,3.451980436474119,0.20130222230795114
9215,0.341547619047619,1,1,1,232949,372661,14032,93924,3.4519711734410317,0.20130094195055565
9216,0.3415634920634921,0,1,0,232950,372660,14032,93924,3.451961910407944,0.20130137338614268
9217,0.3415833333333333,0,1,0,232951,372659,14032,93924,3.4519526473748563,0.2013018048235791
9218,0.3415833333333334,0,1,0,232952,372658,14032,93924,3.451943384341769,0.20130223626286484
9219,0.3416071428571428,0,1,0,232953,372657,14032,93924,3.4519341213086814,0.20130266770399996
9220,0.3416154401154401,0,1,0,232954,372656,14032,93924,3.4519248582755937,0.20130309914698444
9221,0.3416190476190476,0,1,0,232955,372655,14032,93924,3.451915595242506,0.20130353059181832
9222,0.3416666666666665,0,2,0,232957,372653,14032,93924,3.451897069176331,0.2013043934870343
9223,0.3416666666666666,21,221,21,233178,372432,14053,93903,3.4498499388639816,0.20136382643378686
9224,0.3416666666666667,25,257,25,233435,372175,14078,93878,3.44746933936048,0.20143202597129511
9225,0.3416904761904761,1,1,1,233436,372174,14079,93877,3.447460076327393,0.2014307447039058
9226,0.3417380952380952,1,2,1,233438,372172,14080,93876,3.4474415502612175,0.20142989563306785
9227,0.34175,0,2,0,233440,372170,14080,93876,3.4474230241950425,0.2014307600537286
9228,0.3417619047619047,0,2,0,233442,372168,14080,93876,3.447404498128867,0.2014316244818086
9229,0.3417857142857143,1,5,1,233447,372163,14081,93875,3.4473581829634297,0.20143207206279315
9230,0.3418333333333333,1,4,1,233451,372159,14082,93874,3.4473211308310794,0.2014320874272852
9231,0.3418333333333334,1,19,1,233470,372140,14083,93873,3.4471451332024157,0.20143858647720128
9232,0.3418809523809523,0,1,0,233471,372139,14083,93873,3.4471358701693284,0.20143901873771491
9233,0.3419047619047619,0,3,0,233474,372136,14083,93873,3.4471080810700654,0.20144031553038674
9234,0.3419102564102564,0,1,0,233475,372135,14083,93873,3.447098818036978,0.20144074779832105
9235,0.3419166666666667,0,2,0,233477,372133,14083,93873,3.447080291970803,0.20144161233975527
9236,0.3419285714285714,1,0,1,233477,372133,14084,93872,3.447080291970803,0.20143989871353313
9237,0.3419523809523809,1,0,1,233477,372133,14085,93871,3.447080291970803,0.2014381850799564
9238,0.3419999999999999,2,3,2,233480,372130,14087,93869,3.44705250287154,0.20143605458380812
9239,0.342,10,78,10,233558,372052,14097,93859,3.446329986290711,0.20145263795016644
9240,0.3420238095238095,0,1,0,233559,372051,14097,93859,3.4463207232576236,0.20145307033547252
9241,0.3420476190476189,0,1,0,233560,372050,14097,93859,3.446311460224536,0.20145350272263468
9242,0.3420555555555555,0,1,0,233561,372049,14097,93859,3.4463021971914483,0.20145393511165294
9243,0.3420714285714286,0,5,0,233566,372044,14097,93859,3.4462558820260107,0.20145609708458628
9244,0.3420783383283383,1,0,1,233566,372044,14098,93858,3.4462558820260107,0.20145438311061126
9245,0.3420833333333333,0,6,0,233572,372038,14098,93858,3.446200303827485,0.20145697752288064
9246,0.3421071428571429,1,0,1,233572,372038,14099,93857,3.446200303827485,0.2014552635250432
9247,0.3421168472050825,0,1,0,233573,372037,14099,93857,3.446191040794398,0.20145569593083404
9248,0.3421190476190476,0,4,0,233577,372033,14099,93857,3.4461539886620476,0.20145742557256005
9249,0.3421428571428571,0,11,0,233588,372022,14099,93857,3.4460520952980844,0.20146218224045298
9250,0.3421666666666667,1,14,1,233602,372008,14100,93856,3.4459224128348587,0.20146652241855992
9251,0.3421904761904761,0,1,0,233603,372007,14100,93856,3.445913149801771,0.20146695487729224
9252,0.3422222222222222,0,2,0,233605,372005,14100,93856,3.445894623735596,0.20146781980032671
9253,0.34225,0,3,0,233608,372002,14100,93856,3.4458668346363335,0.20146911719880306
9254,0.3422857142857143,0,1,0,233609,372001,14100,93856,3.445857571603246,0.20146954966867514
9255,0.3423333333333332,0,6,0,233615,371995,14100,93856,3.4458019934047206,0.20147214452689807
9256,0.3423333333333333,1,32,1,233647,371963,14101,93855,3.445505576345919,0.20148427068082383
9257,0.3423430735930735,0,3,0,233650,371960,14101,93855,3.445477787246656,0.2014855683050138
9258,0.3423809523809524,1,6,1,233656,371954,14102,93854,3.4454222090481306,0.20148644935252294
9259,0.3424047619047619,0,1,0,233657,371953,14102,93854,3.4454129460150433,0.20148688190602546
9260,0.3424166666666666,1,0,1,233657,371953,14103,93853,3.4454129460150433,0.20148516764489938
9261,0.3424285714285714,0,3,0,233660,371950,14103,93853,3.4453851569157803,0.20148646530829556
9262,0.3424444444444444,0,1,0,233661,371949,14103,93853,3.445375893882693,0.20148689786647545
9263,0.3424523809523809,0,1,0,233662,371948,14103,93853,3.4453666308496054,0.20148733042651262
9264,0.3424848484848485,0,1,0,233663,371947,14103,93853,3.4453573678165177,0.20148776298840704
9265,0.3424999999999999,0,4,0,233667,371943,14103,93853,3.4453203156841674,0.20148949325455778
9266,0.3425,41,416,41,234083,371527,14144,93812,3.441466893919745,0.2015992641923415
9267,0.3425000000000001,4,5,4,234088,371522,14148,93808,3.4414205787543075,0.20159456729632733
9268,0.3425238095238094,0,1,0,234089,371521,14148,93808,3.44141131572122,0.2015950005265092
9269,0.3425436507936508,0,1,0,234090,371520,14148,93808,3.441402052688132,0.2015954337585531
9270,0.3425555555555555,0,1,0,234091,371519,14148,93808,3.4413927896550445,0.20159586699245907
9271,0.3425714285714285,1,1,1,234092,371518,14149,93807,3.4413835266219572,0.20159458443023692
9272,0.3425833333333333,0,1,0,234093,371517,14149,93807,3.4413742635888696,0.20159501766511076
9273,0.3426190476190476,1,6,1,234099,371511,14150,93806,3.4413186853903444,0.2015959012887988
9274,0.3426428571428572,0,1,0,234100,371510,14150,93806,3.4413094223572567,0.20159633453395112
9275,0.3426666666666667,6,62,6,234162,371448,14156,93800,3.4407351143058285,0.20161290322580644
9276,0.3426904761904762,0,1,0,234163,371447,14156,93800,3.4407258512727408,0.2016133365717565
9277,0.34275,0,4,0,234167,371443,14156,93800,3.4406887991403905,0.20161506997418555
9278,0.3427619047619047,0,1,0,234168,371442,14156,93800,3.440679536107303,0.20161550332945005
9279,0.3427777777777778,0,3,0,234171,371439,14156,93800,3.44065174700804,0.2016168034064212
9280,0.3428095238095238,0,1,0,234172,371438,14156,93800,3.4406424839749525,0.2016172367691375
9281,0.3428333333333333,0,16,0,234188,371422,14156,93800,3.440494275445552,0.20162417082597126
9282,0.3428333333333334,0,2,0,234190,371420,14156,93800,3.440475749379377,0.2016250376166115
9283,0.3428571428571428,1,12,1,234202,371408,14157,93799,3.440364592982326,0.20162852235671433
9284,0.3428571428571429,0,1,0,234203,371407,14157,93799,3.4403553299492384,0.2016289557744311
9285,0.3428809523809524,0,1,0,234204,371406,14157,93799,3.440346066916151,0.20162938919401124
9286,0.3429166666666666,0,4,0,234208,371402,14157,93799,3.440309014783801,0.2016311228909654
9287,0.3429166666666667,0,2,0,234210,371400,14157,93799,3.4402904887176255,0.20163198975062285
9288,0.3429761904761905,0,5,0,234215,371395,14157,93799,3.440244173552188,0.2016341569323766
9289,0.3429999999999999,4,62,4,234277,371333,14161,93795,3.4396698655007594,0.20165416831495847
9290,0.343,1,4,1,234281,371329,14162,93794,3.4396328133684095,0.20165418609701088
9291,0.3430555555555555,0,2,0,234283,371327,14162,93794,3.439614287302234,0.20165505320121
9292,0.3430833333333333,0,3,0,234286,371324,14162,93794,3.4395864982029716,0.20165635387149067
9293,0.3430952380952381,0,6,0,234292,371318,14162,93794,3.4395309200044464,0.20165895526238842
9294,0.3431428571428572,0,1,0,234293,371317,14162,93794,3.4395216569713587,0.20165938883406326
9295,0.3431666666666666,1,16,1,234309,371301,14163,93793,3.439373448441958,0.2016646097348063
9296,0.3431666666666667,0,2,0,234311,371299,14163,93793,3.4393549223757827,0.20166547693789616
9297,0.3431904761904762,0,1,0,234312,371298,14163,93793,3.439345659342695,0.20166591054223798
9298,0.3432142857142857,2,2,2,234314,371296,14165,93791,3.43932713327652,0.20166334470754935
9299,0.34325,1,3,1,234317,371293,14166,93790,3.4392993441772575,0.2016629289825687
9300,0.3432777777777777,1,1,1,234318,371292,14167,93789,3.43929008114417,0.20166164603585182
9301,0.3432857142857143,0,2,0,234320,371290,14167,93789,3.439271555077995,0.20166251325043702
9302,0.3433333333333332,39,441,39,234761,370849,14206,93750,3.435186557486383,0.20178691732009754
9303,0.3433333333333334,30,315,30,235076,370534,14236,93720,3.4322687020638036,0.20187225096606598
9304,0.3433888888888889,1,0,1,235076,370534,14237,93719,3.4322687020638036,0.2018705318005484
9305,0.3434285714285714,0,1,0,235077,370533,14237,93719,3.4322594390307164,0.20187096663019222
9306,0.3434523809523809,0,4,0,235081,370529,14237,93719,3.432222386898366,0.20187270596750012
9307,0.3434999999999999,0,5,0,235086,370524,14237,93719,3.432176071732928,0.20187488018128438
9308,0.3435,3,23,3,235109,370501,14240,93716,3.4319630219719146,0.2018797243530504
9309,0.3435714285714286,1,6,1,235115,370495,14241,93715,3.431907443773389,0.2018806143771138
9310,0.3435753968253969,0,1,0,235116,370494,14241,93715,3.4318981807403017,0.2018810492687561
9311,0.3435833333333333,0,2,0,235118,370492,14241,93715,3.4318796546741264,0.20188191905766179
9312,0.343595238095238,0,1,0,235119,370491,14241,93715,3.431870391641039,0.20188235395492518
9313,0.3436031746031745,0,1,0,235120,370490,14241,93715,3.4318611286079514,0.20188278885406233
9314,0.3436111111111111,1,0,1,235120,370490,14242,93714,3.4318611286079514,0.2018810695297757
9315,0.3436309523809524,0,1,0,235121,370489,14242,93714,3.4318518655748638,0.20188150442801964
9316,0.3436388888888889,0,1,0,235122,370488,14242,93714,3.431842602541776,0.20188193932813733
9317,0.3436666666666666,0,9,0,235131,370479,14242,93714,3.4317592352439883,0.201885853513517
9318,0.3436666666666667,3,18,3,235149,370461,14245,93711,3.4315925006484123,0.20188852408159044
9319,0.3436904761904762,0,3,0,235152,370458,14245,93711,3.4315647115491497,0.20188982892007007
9320,0.3437142857142857,0,3,0,235155,370455,14245,93711,3.431536922449887,0.20189113377541656
9321,0.3437380952380953,0,1,0,235156,370454,14245,93711,3.4315276594167994,0.20189156873094696
9322,0.34375,0,2,0,235158,370452,14245,93711,3.4315091333506245,0.20189243864763026
9323,0.3437619047619047,0,2,0,235160,370450,14245,93711,3.431490607284449,0.2018933085718102
9324,0.3437777777777778,0,1,0,235161,370449,14245,93711,3.431481344251362,0.20189374353671147
9325,0.3437878787878787,1,0,1,235161,370449,14246,93710,3.431481344251362,0.20189202406933832
9326,0.3438095238095238,0,4,0,235165,370445,14246,93710,3.4314442921190116,0.201893763936616
9327,0.3438333333333332,0,1,0,235166,370444,14246,93710,3.431435029085924,0.20189419890812102
9328,0.3438333333333333,0,10,0,235176,370434,14246,93710,3.4313423987550484,0.20189854872625737
9329,0.3438333333333334,1,4,1,235180,370430,14247,93709,3.431305346622698,0.20189856917862967
9330,0.3438461538461538,0,1,0,235181,370429,14247,93709,3.4312960835896105,0.2018990041754823
9331,0.3438571428571428,1,1,1,235182,370428,14248,93708,3.4312868205565232,0.2018977196339004
9332,0.3438888888888888,0,1,0,235183,370427,14248,93708,3.4312775575234356,0.2018981546317343
9333,0.3438888888888889,0,1,0,235184,370426,14248,93708,3.431268294490348,0.20189858963144264
9334,0.3439047619047619,0,2,0,235186,370424,14248,93708,3.431249768424173,0.20189945963648273
9335,0.3439166666666666,1,0,1,235186,370424,14249,93707,3.431249768424173,0.2018977400776936
9336,0.3439285714285713,0,1,0,235187,370423,14249,93707,3.4312405053910853,0.20189817508025767
9337,0.3439285714285715,0,1,0,235188,370422,14249,93707,3.4312312423579976,0.20189861008469628
9338,0.3439523809523809,0,1,0,235189,370421,14249,93707,3.4312219793249104,0.20189904509100937
9339,0.3439999999999999,0,4,0,235193,370417,14249,93707,3.43118492719256,0.20190078513500703
9340,0.344,10,118,10,235311,370299,14259,93697,3.4300918892882284,0.20193493047353855
9341,0.3440000000000001,1,9,1,235320,370290,14260,93696,3.4300085219904406,0.20193712741332712
9342,0.3440079365079364,0,1,0,235321,370289,14260,93696,3.429999258957353,0.20193756263672316
9343,0.3440238095238095,0,1,0,235322,370288,14260,93696,3.4299899959242652,0.20193799786199523
9344,0.344047619047619,0,2,0,235324,370286,14260,93696,3.4299714698580903,0.2019388683181675
9345,0.3440595238095237,0,1,0,235325,370285,14260,93696,3.4299622068250026,0.20193930354906775
9346,0.3441190476190476,0,1,0,235326,370284,14260,93696,3.4299529437919154,0.20193973878184404
9347,0.3441468253968254,0,2,0,235328,370282,14260,93696,3.42993441772574,0.20194060925302493
9348,0.3441666666666666,5,59,5,235387,370223,14265,93691,3.4293878987735744,0.20195769043400286
9349,0.3441666666666667,12,75,12,235462,370148,14277,93679,3.4286931712920077,0.2019696999096646
9350,0.3441904761904761,1,2,1,235464,370146,14278,93678,3.4286746452258328,0.20196885025354444
9351,0.3442142857142857,0,2,0,235466,370144,14278,93678,3.428656119159658,0.2019697211430247
9352,0.3442222222222222,0,1,0,235467,370143,14278,93678,3.42864685612657,0.2019701565905813
9353,0.3442424242424242,0,1,0,235468,370142,14278,93678,3.4286375930934825,0.20197059204001552
9354,0.3442619047619047,1,0,1,235468,370142,14279,93677,3.4286375930934825,0.20196887147788253
9355,0.3442857142857142,0,1,0,235469,370141,14279,93677,3.428628330060395,0.20196930692642373
9356,0.3442857142857143,2,22,2,235491,370119,14281,93675,3.428424543332469,0.2019754459954204
9357,0.3443095238095238,0,2,0,235493,370117,14281,93675,3.4284060172662936,0.20197631696967605
9358,0.3443174603174603,1,1,1,235494,370116,14282,93674,3.4283967542332063,0.2019750318031868
9359,0.3443333333333333,2,14,2,235508,370102,14284,93672,3.4282670717699806,0.20197768740809102
9360,0.3443333333333334,5,35,5,235543,370067,14289,93667,3.4279428656119157,0.20198432722207127
9361,0.3444047619047619,0,8,0,235551,370059,14289,93667,3.4278687613472156,0.2019878117681562
9362,0.3444166666666666,0,1,0,235552,370058,14289,93667,3.427859498314128,0.20198824734487034
9363,0.3444358974358974,0,1,0,235553,370057,14289,93667,3.4278502352810403,0.2019886829234631
9364,0.3444444444444444,0,3,0,235556,370054,14289,93667,3.4278224461817777,0.2019899896705131
9365,0.3444761904761904,0,1,0,235557,370053,14289,93667,3.42781318314869,0.20199042525662037
9366,0.3444761904761905,0,1,0,235558,370052,14289,93667,3.4278039201156028,0.20199086084460632
9367,0.3444891774891775,0,1,0,235559,370051,14289,93667,3.427794657082515,0.20199129643447095
9368,0.3444920634920635,0,1,0,235560,370050,14289,93667,3.4277853940494274,0.20199173202621426
9369,0.3445,3,19,3,235579,370031,14292,93664,3.427609396420764,0.20199484574990026
9370,0.3445238095238095,0,1,0,235580,370030,14292,93664,3.4276001333876764,0.20199528137090408
9371,0.3445714285714285,0,1,0,235581,370029,14292,93664,3.4275908703545888,0.20199571699378685
9372,0.3445833333333333,0,5,0,235586,370024,14292,93664,3.4275445551891512,0.2019978951363848
9373,0.3446153846153846,0,1,0,235587,370023,14292,93664,3.4275352921560636,0.20199833077054133
9374,0.3446190476190476,0,1,0,235588,370022,14292,93664,3.427526029122976,0.20199876640657685
9375,0.3446363636363637,0,1,0,235589,370021,14292,93664,3.4275167660898886,0.2019992020444914
9376,0.3446428571428571,0,3,0,235592,370018,14292,93664,3.4274889769906256,0.20200050896950927
9377,0.3446666666666666,0,2,0,235594,370016,14292,93664,3.4274704509244507,0.20200138026224984
9378,0.3446666666666667,1,33,1,235627,369983,14293,93663,3.427164770832561,0.2020140365710046
9379,0.3447023809523809,0,1,0,235628,369982,14293,93663,3.427155507799474,0.20201447227943795
9380,0.3447142857142857,1,2,1,235630,369980,14294,93662,3.4271369817332986,0.2020136225794902
9381,0.3447500000000001,1,0,1,235630,369980,14295,93661,3.4271369817332986,0.20201190144961295
9382,0.3447619047619047,0,1,0,235631,369979,14295,93661,3.4271277187002114,0.20201233715813993
9383,0.3447619047619048,0,1,0,235632,369978,14295,93661,3.4271184556671237,0.20201277286854644
9384,0.3447777777777777,0,1,0,235633,369977,14295,93661,3.427109192634036,0.20201320858083247
9385,0.3447857142857142,0,4,0,235637,369973,14295,93661,3.4270721405016857,0.2020149514487721
9386,0.3448095238095238,0,1,0,235638,369972,14295,93661,3.4270628774685985,0.20201538717045595
9387,0.3448095238095239,0,1,0,235639,369971,14295,93661,3.427053614435511,0.2020158228940194
9388,0.344820929070929,0,3,0,235642,369968,14295,93661,3.427025825336248,0.20201713007598748
9389,0.3448333333333332,1,1,1,235643,369967,14296,93660,3.4270165623031605,0.20201584463372496
9390,0.3448333333333333,3,17,3,235660,369950,14299,93657,3.426859090740672,0.2020180885965915
9391,0.3448809523809523,0,1,0,235661,369949,14299,93657,3.4268498277075845,0.20201852435041825
9392,0.3448809523809524,0,3,0,235664,369946,14299,93657,3.426822038608322,0.20201983162317758
9393,0.3448888888888888,0,1,0,235665,369945,14299,93657,3.4268127755752342,0.2020202673845238
9394,0.3449047619047618,0,2,0,235667,369943,14299,93657,3.4267942495090593,0.20202113891285592
9395,0.3449523809523809,1,1,1,235668,369942,14300,93656,3.4267849864759716,0.20201985340747802
9396,0.3449999999999999,1,4,1,235672,369938,14301,93655,3.4267479343436213,0.20201987519224837
9397,0.345,127,1561,127,237233,368377,14428,93528,3.412288339693949,0.20248319459629144
9398,0.3450000000000001,1,4,1,237237,368373,14429,93527,3.4122512875615993,0.20248322147651007
9399,0.345047619047619,0,3,0,237240,368370,14429,93527,3.4122234984623363,0.20248453659582114
9400,0.3450555555555555,0,1,0,237241,368369,14429,93527,3.412214235429249,0.20248497497272114
9401,0.3451190476190476,1,0,1,237241,368369,14430,93526,3.412214235429249,0.20248324835731066
9402,0.3451428571428572,0,1,0,237242,368368,14430,93526,3.4122049723961614,0.20248368673331976
9403,0.3451666666666665,0,4,0,237246,368364,14430,93526,3.412167920263811,0.20248544025633808
9404,0.3451666666666667,2,19,2,237265,368345,14432,93524,3.411991922635148,0.20249031651832014
9405,0.3451904761904762,0,2,0,237267,368343,14432,93524,3.4119733965689725,0.20249119335219878
9406,0.3452295898545899,0,7,0,237274,368336,14432,93524,3.4119085553373596,0.20249426233057635
9407,0.3452380952380952,0,2,0,237276,368334,14432,93524,3.4118900292711847,0.20249513919862816
9408,0.3452777777777778,0,1,0,237277,368333,14432,93524,3.411880766238097,0.2024955776355019
9409,0.3452857142857142,0,2,0,237279,368331,14432,93524,3.411862240171922,0.20249645451494516
9410,0.3452857142857143,0,1,0,237280,368330,14432,93524,3.4118529771388344,0.20249689295751472
9411,0.3453333333333333,2,29,2,237309,368301,14434,93522,3.411584349179295,0.20250615495546995
9412,0.3453333333333334,0,6,0,237315,368295,14434,93522,3.41152877098077,0.20250878594768057
9413,0.3453571428571428,0,2,0,237317,368293,14434,93522,3.4115102449145946,0.2025096629602763
9414,0.3453809523809524,0,2,0,237319,368291,14434,93522,3.4114917188484197,0.20251053998046828
9415,0.3454166666666666,0,2,0,237321,368289,14434,93522,3.411473192782245,0.20251141700825662
9416,0.3454166666666667,0,1,0,237322,368288,14434,93522,3.411463929749157,0.20251185552499945
9417,0.3454722222222222,0,1,0,237323,368287,14434,93522,3.4114546667160695,0.2025122940436414
9418,0.3454722222222223,1,0,1,237323,368287,14435,93521,3.4114546667160695,0.20251056716211066
9419,0.3454761904761904,0,2,0,237325,368285,14435,93521,3.4114361406498945,0.20251144419951234
9420,0.3454761904761905,0,3,0,237328,368282,14435,93521,3.411408351550632,0.20251275976985858
9421,0.3455,4,28,4,237356,368254,14439,93517,3.4111489866241804,0.20251813128152266
9422,0.3455198412698412,1,0,1,237356,368254,14440,93516,3.4111489866241804,0.20251640427052428
9423,0.3455238095238095,0,1,0,237357,368253,14440,93516,3.4111397235910927,0.20251684283700291
9424,0.3455277777777777,0,1,0,237358,368252,14440,93516,3.411130460558005,0.20251728140538106
9425,0.345547619047619,0,1,0,237359,368251,14440,93516,3.4111211975249174,0.20251771997565873
9426,0.3455555555555555,1,2,1,237361,368249,14441,93515,3.4111026714587425,0.20251687008948294
9427,0.3456111111111111,0,1,0,237362,368248,14441,93515,3.411093408425655,0.20251730866266895
9428,0.3456349206349206,0,3,0,237365,368245,14441,93515,3.411065619326392,0.2025186243936244
9429,0.3456666666666666,2,38,2,237403,368207,14443,93513,3.410713624069065,0.20253183747725895
9430,0.3456666666666667,2,6,2,237409,368201,14445,93511,3.41065804587054,0.20253101500502477
9431,0.3457142857142856,0,1,0,237410,368200,14445,93511,3.4106487828374523,0.20253145365824077
9432,0.3457142857142857,0,24,0,237434,368176,14445,93511,3.410426470043351,0.20254198190549008
9433,0.3457222222222222,0,1,0,237435,368175,14445,93511,3.4104172070102634,0.2025424206062129
9434,0.3457857142857142,0,1,0,237436,368174,14445,93511,3.4104079439771757,0.20254285930883612
9435,0.3457857142857143,0,1,0,237437,368173,14445,93511,3.4103986809440885,0.2025432980133598
9436,0.3458008658008658,1,0,1,237437,368173,14446,93510,3.4103986809440885,0.2025415707314326
9437,0.3458333333333332,6,96,6,237533,368077,14452,93504,3.409509429767683,0.2025733294914652
9438,0.3458333333333334,10,53,10,237586,368024,14462,93494,3.4090184890140427,0.20257931434960283
9439,0.3458531746031745,0,3,0,237589,368021,14462,93494,3.40899069991478,0.20258063118208508
9440,0.3458809523809523,1,2,1,237591,368019,14463,93493,3.408972173848605,0.20257978124079115
9441,0.3459047619047619,0,3,0,237594,368016,14463,93493,3.408944384749342,0.2025810980934283
9442,0.3459166666666667,0,3,0,237597,368013,14463,93493,3.4089165956500795,0.20258241496318574
9443,0.3459444444444445,0,1,0,237598,368012,14463,93493,3.4089073326169923,0.20258285392357614
9444,0.3459523809523809,1,2,1,237600,368010,14464,93492,3.408888806550817,0.20258200397831427
9445,0.345952380952381,0,1,0,237601,368009,14464,93492,3.4088795435177293,0.20258244294161876
9446,0.3459848484848484,0,3,0,237604,368006,14464,93492,3.4088517544184667,0.20258375984294624
9447,0.3459920634920634,0,1,0,237605,368005,14464,93492,3.4088424913853794,0.2025841988138601
9448,0.3459999999999999,0,9,0,237614,367996,14464,93492,3.408759124087591,0.20258814963769373
9449,0.346,18,147,18,237761,367849,14482,93474,3.4073974582237208,0.20262159051250425
9450,0.3460000000000001,0,2,0,237763,367847,14482,93474,3.407378932157546,0.2026224689532885
9451,0.3460555555555556,0,1,0,237764,367846,14482,93474,3.407369669124458,0.2026229081765369
9452,0.3460714285714285,0,1,0,237765,367845,14482,93474,3.4073604060913705,0.2026233474016895
9453,0.3460714285714286,0,1,0,237766,367844,14482,93474,3.407351143058283,0.20262378662874633
9454,0.3460833333333333,0,2,0,237768,367842,14482,93474,3.407332616992108,0.2026246650885727
9455,0.3461190476190476,0,1,0,237769,367841,14482,93474,3.40732335395902,0.20262510432134226
9456,0.3461428571428571,0,1,0,237770,367840,14482,93474,3.407314090925933,0.20262554355601609
9457,0.3461666666666666,1,3,1,237773,367837,14483,93473,3.40728630182667,0.2026251327740565
9458,0.3461666666666667,1,11,1,237784,367826,14484,93472,3.407184408462707,0.202628235977611
9459,0.3461904761904762,1,4,1,237788,367822,14485,93471,3.407147356330357,0.20262826446531815
9460,0.3462142857142857,0,4,0,237792,367818,14485,93471,3.4071103041980066,0.20263002152663515
9461,0.34625,0,5,0,237797,367813,14485,93471,3.4070639890325687,0.2026322178961334
9462,0.3462857142857142,0,1,0,237798,367812,14485,93471,3.4070547259994814,0.20263265717574677
9463,0.3463214285714286,0,1,0,237799,367811,14485,93471,3.4070454629663938,0.20263309645726477
9464,0.3463333333333332,0,2,0,237801,367809,14485,93471,3.4070269369002184,0.20263397502601457
9465,0.3463333333333333,0,22,0,237823,367787,14485,93471,3.4068231501722925,0.2026436397851094
9466,0.3463333333333334,1,4,1,237827,367783,14486,93470,3.4067860980399423,0.20264366844226486
9467,0.3463809523809524,0,1,0,237828,367782,14486,93470,3.4067768350068546,0.20264410777622643
9468,0.3464094516594515,0,2,0,237830,367780,14486,93470,3.4067583089406797,0.2026449864498645
9469,0.3464166666666666,0,2,0,237832,367778,14486,93470,3.4067397828745043,0.2026458651311225
9470,0.3464285714285713,0,7,0,237839,367771,14486,93470,3.4066749416428914,0.20264894057553426
9471,0.3464285714285715,1,2,1,237841,367769,14487,93469,3.4066564155767165,0.2026480905736301
9472,0.3464761904761904,1,0,1,237841,367769,14488,93468,3.4066564155767165,0.20264636184868082
9473,0.3464999999999999,2,2,2,237843,367767,14490,93466,3.406637889510541,0.20264378307709985
9474,0.3465,4,34,4,237877,367733,14494,93462,3.4063229463855644,0.20265180671950042
9475,0.346547619047619,0,5,0,237882,367728,14494,93462,3.406276631220127,0.2026540037728485
9476,0.3465714285714286,0,1,0,237883,367727,14494,93462,3.4062673681870392,0.20265444318923478
9477,0.3465873015873016,0,1,0,237884,367726,14494,93462,3.4062581051539516,0.20265488260752665
9478,0.3466190476190476,0,4,0,237888,367722,14494,93462,3.4062210530216013,0.2026566402997502
9479,0.3466666666666666,35,372,35,238260,367350,14529,93427,3.402775204713031,0.2027596863558728
9480,0.3466666666666667,52,406,52,238666,366944,14581,93375,3.399014413279484,0.20284845943791155
9481,0.3466904761904761,0,1,0,238667,366943,14581,93375,3.3990051502463965,0.20284890010818607
9482,0.3467619047619047,0,1,0,238668,366942,14581,93375,3.3989958872133093,0.20284934078037525
9483,0.3467698412698412,1,0,1,238668,366942,14582,93374,3.3989958872133093,0.20284760903379417
9484,0.3467857142857143,1,4,1,238672,366938,14583,93373,3.398958835080959,0.20284763996515398
9485,0.3467976190476189,0,1,0,238673,366937,14583,93373,3.3989495720478713,0.20284808064130694
9486,0.3468214285714285,0,3,0,238676,366934,14583,93373,3.3989217829486087,0.20284940268125404
9487,0.3468333333333333,0,3,0,238679,366931,14583,93373,3.398893993849346,0.20285072473843374
9488,0.3468333333333334,0,17,0,238696,366914,14583,93373,3.3987365222868577,0.2028582167213065
9489,0.3468571428571428,0,3,0,238699,366911,14583,93373,3.398708733187595,0.20285953889337888
9490,0.3468888888888889,0,1,0,238700,366910,14583,93373,3.3986994701545075,0.20285997962123303
9491,0.3469047619047618,0,1,0,238701,366909,14583,93373,3.39869020712142,0.2028604203510022
9492,0.3469047619047619,0,1,0,238702,366908,14583,93373,3.398680944088332,0.20286086108268644
9493,0.3469166666666666,0,1,0,238703,366907,14583,93373,3.398671681055245,0.20286130181628573
9494,0.3469444444444445,0,1,0,238704,366906,14583,93373,3.398662418022157,0.20286174255180012
9495,0.3469642857142858,0,1,0,238705,366905,14583,93373,3.3986531549890695,0.20286218328922956
9496,0.3469696969696969,0,1,0,238706,366904,14583,93373,3.3986438919559823,0.2028626240285741
9497,0.3469761904761904,0,1,0,238707,366903,14583,93373,3.3986346289228946,0.20286306476983376
9498,0.347,4,63,4,238770,366840,14587,93369,3.3980510578383787,0.2028839070943854
9499,0.3470238095238095,0,1,0,238771,366839,14587,93369,3.398041794805291,0.20288434794701526
9500,0.3470833333333333,0,2,0,238773,366837,14587,93369,3.398023268739116,0.20288522965802272
9501,0.3470833333333334,0,1,0,238774,366836,14587,93369,3.3980140057060284,0.2028856705164003
9502,0.3471111111111111,0,1,0,238775,366835,14587,93369,3.3980047426729407,0.20288611137669382
9503,0.3471428571428571,2,15,2,238790,366820,14589,93367,3.3978657971766277,0.20288926023551296
9504,0.3471428571428572,0,1,0,238791,366819,14589,93367,3.39785653414354,0.20288970112085114
9505,0.3471666666666666,0,3,0,238794,366816,14589,93367,3.3978287450442775,0.20289102378836246
9506,0.3471666666666667,3,6,3,238800,366810,14592,93364,3.397773166845752,0.2028884726212259
9507,0.3471904761904762,0,1,0,238801,366809,14592,93364,3.3977639038126646,0.20288891351730762
9508,0.3472023809523809,1,1,1,238802,366808,14593,93363,3.397754640779577,0.20288762221000453
9509,0.34725,0,1,0,238803,366807,14593,93363,3.397745377746489,0.20288806310711258
9510,0.3472619047619048,0,1,0,238804,366806,14593,93363,3.397736114713402,0.20288850400613687
9511,0.3472640692640693,0,1,0,238805,366805,14593,93363,3.3977268516803143,0.20288894490707743
9512,0.3473015873015873,0,1,0,238806,366804,14593,93363,3.3977175886472266,0.2028893858099342
9513,0.3473333333333332,0,5,0,238811,366799,14593,93363,3.3976712734817887,0.20289159035296264
9514,0.3473333333333333,6,45,6,238856,366754,14599,93357,3.397254436992849,0.20290103909708745
9515,0.3473809523809523,1,0,1,238856,366754,14600,93356,3.397254436992849,0.20289930668753126
9516,0.3473809523809524,0,7,0,238863,366747,14600,93356,3.397189595761236,0.20290239359447776
9517,0.3473968253968254,0,1,0,238864,366746,14600,93356,3.3971803327281487,0.20290283458885203
9518,0.3474285714285715,0,1,0,238865,366745,14600,93356,3.397171069695061,0.20290327558514326
9519,0.3474444444444444,0,1,0,238866,366744,14600,93356,3.3971618066619733,0.20290371658335143
9520,0.3474999999999999,1,5,1,238871,366739,14601,93355,3.397115491496536,0.20290418914395755
9521,0.3475,39,378,39,239249,366361,14640,93316,3.39361406498944,0.20300341326627175
9522,0.3475000000000001,1,2,1,239251,366359,14641,93315,3.393595538923265,0.20300256268572944
9523,0.3475238095238095,0,1,0,239252,366358,14641,93315,3.3935862758901774,0.2030030043095853
9524,0.3475555555555555,0,1,0,239253,366357,14641,93315,3.39357701285709,0.2030034459353626
9525,0.3476190476190476,0,5,0,239258,366352,14641,93315,3.393530697691652,0.20300565409307172
9526,0.3476309523809524,0,1,0,239259,366351,14641,93315,3.3935214346585645,0.20300609573037814
9527,0.3476428571428572,0,1,0,239260,366350,14641,93315,3.3935121716254772,0.20300653736960614
9528,0.3476666666666667,5,38,5,239298,366312,14646,93310,3.39316017636815,0.20301465116987438
9529,0.3476785714285714,0,2,0,239300,366310,14646,93310,3.393141650301975,0.20301553457203778
9530,0.3477142857142856,0,1,0,239301,366309,14646,93310,3.393132387268887,0.2030159762760025
9531,0.3477142857142857,0,2,0,239303,366307,14646,93310,3.3931138612027123,0.20301685968969815
9532,0.3477380952380952,0,2,0,239305,366305,14646,93310,3.393095335136537,0.2030177431110821
9533,0.34775,0,3,0,239308,366302,14646,93310,3.3930675460372743,0.2030190682575738
9534,0.3477619047619047,0,2,0,239310,366300,14646,93310,3.3930490199710994,0.20301995169817888
9535,0.3477777777777778,0,5,0,239315,366295,14646,93310,3.3930027048056615,0.2030221603333297
9536,0.3478095238095238,0,1,0,239316,366294,14646,93310,3.3929934417725742,0.2030226020661265
9537,0.3478174603174602,0,1,0,239317,366293,14646,93310,3.3929841787394865,0.20302304380084552
9538,0.3478333333333333,0,19,0,239336,366274,14646,93310,3.392808181110823,0.2030314371257485
9539,0.3478333333333334,1,5,1,239341,366269,14647,93309,3.3927618659453853,0.20303191188438088
9540,0.3478571428571427,0,1,0,239342,366268,14647,93309,3.3927526029122976,0.20303235366434788
9541,0.3478571428571428,1,3,1,239345,366265,14648,93308,3.392724813813035,0.20303194487056464
9542,0.3478611111111111,0,1,0,239346,366264,14648,93308,3.3927155507799474,0.20303238665540982
9543,0.3478787878787878,0,1,0,239347,366263,14648,93308,3.3927062877468597,0.2030328284421776
9544,0.3478809523809523,0,2,0,239349,366261,14648,93308,3.3926877616806848,0.203033712021481
9545,0.3478888888888889,0,1,0,239350,366260,14648,93308,3.392678498647597,0.20303415381401665
9546,0.3478928571428571,1,1,1,239351,366259,14649,93307,3.3926692356145094,0.20303286143883578
9547,0.3479047619047619,1,3,1,239354,366256,14650,93306,3.392641446515247,0.20303245263968736
9548,0.3479166666666666,0,3,0,239357,366253,14650,93306,3.392613657415984,0.20303377803502923
9549,0.3479166666666667,0,4,0,239361,366249,14650,93306,3.392576605283634,0.20303554525573653
9550,0.3479285714285714,0,1,0,239362,366248,14650,93306,3.3925673422505467,0.20303598706572024
9551,0.347952380952381,0,1,0,239363,366247,14650,93306,3.392558079217459,0.20303642887762674
9552,0.3479761904761905,1,2,1,239365,366245,14651,93305,3.3925395531512836,0.20303557828310304
9553,0.348,12,100,12,239465,366145,14663,93293,3.3916132498425284,0.20305895463588122
9554,0.3480555555555555,0,1,0,239466,366144,14663,93293,3.3916039868094408,0.20305939660932837
9555,0.3480833333333333,0,2,0,239468,366142,14663,93293,3.391585460743266,0.20306028056199463
9556,0.348095238095238,0,2,0,239470,366140,14663,93293,3.3915669346770905,0.2030611645223569
9557,0.3480952380952381,0,5,0,239475,366135,14663,93293,3.391520619511653,0.2030633744569334
9558,0.3480952380952382,0,1,0,239476,366134,14663,93293,3.3915113564785653,0.20306381644962093
9559,0.3481190476190475,0,1,0,239477,366133,14663,93293,3.3915020934454776,0.2030642584442326
9560,0.3481190476190476,0,1,0,239478,366132,14663,93293,3.3914928304123904,0.20306470044076835
9561,0.348126984126984,1,0,1,239478,366132,14664,93292,3.3914928304123904,0.20306296580065472
9562,0.3481428571428571,0,2,0,239480,366130,14664,93292,3.391474304346215,0.20306384979387143
9563,0.3481666666666666,1,16,1,239496,366114,14665,93291,3.3913260958168143,0.2030691873183792
9564,0.3481666666666667,1,3,1,239499,366111,14666,93290,3.3912983067175517,0.20306877869225362
9565,0.3481706349206349,0,1,0,239500,366110,14666,93290,3.391289043684464,0.20306922072268177
9566,0.3481904761904762,0,2,0,239502,366108,14666,93290,3.391270517618289,0.20307010478931123
9567,0.3482142857142857,3,5,3,239507,366103,14669,93287,3.391224202452851,0.20306711073379916
9568,0.3482265512265511,0,2,0,239509,366101,14669,93287,3.3912056763866762,0.20306799481048698
9569,0.3482857142857143,0,1,0,239510,366100,14669,93287,3.3911964133535886,0.2030684368517176
9570,0.3483333333333333,26,280,26,239790,365820,14695,93261,3.3886027640890735,0.20314715703764696
9571,0.3483333333333334,13,195,13,239985,365625,14708,93248,3.386796472637,0.20321091020827114
9572,0.3483373015873015,0,2,0,239987,365623,14708,93248,3.386777946570825,0.20321179590778235
9573,0.348452380952381,0,1,0,239988,365622,14708,93248,3.3867686835377375,0.20321223876043323
9574,0.3484999999999999,0,4,0,239992,365618,14708,93248,3.3867316314053872,0.2032140101903388
9575,0.3485,1,33,1,240025,365585,14709,93247,3.386425951313498,0.20322688914461065
9576,0.3485000000000001,0,1,0,240026,365584,14709,93247,3.3864166882804105,0.2032273320677984
9577,0.3485119047619047,1,0,1,240026,365584,14710,93246,3.3864166882804105,0.2032255955364732
9578,0.348547619047619,0,1,0,240027,365583,14710,93246,3.386407425247323,0.2032260384587722
9579,0.3485714285714285,0,1,0,240028,365582,14710,93246,3.3863981622142356,0.20322648138300192
9580,0.3485714285714286,0,4,0,240032,365578,14710,93246,3.3863611100818853,0.2032282530992276
9581,0.3485833333333333,0,1,0,240033,365577,14710,93246,3.3863518470487977,0.2032286960331108
9582,0.3485930735930735,2,0,2,240033,365577,14712,93244,3.3863518470487977,0.20322522290828013
9583,0.3486111111111111,0,1,0,240034,365576,14712,93244,3.38634258401571,0.20322566583845517
9584,0.3486666666666666,0,10,0,240044,365566,14712,93244,3.3862499536848345,0.2032300952463983
9585,0.3486666666666667,3,29,3,240073,365537,14715,93241,3.3859813257252953,0.20323773153900143
9586,0.3486796536796537,0,1,0,240074,365536,14715,93241,3.385972062692208,0.20323817453795634
9587,0.3487142857142856,0,1,0,240075,365535,14715,93241,3.3859627996591204,0.20323861753884248
9588,0.34875,1,6,1,240081,365529,14716,93240,3.385907221460595,0.20323953885288676
9589,0.3487619047619048,0,3,0,240084,365526,14716,93240,3.3858794323613326,0.20324086789343587
9590,0.3487857142857143,0,1,0,240085,365525,14716,93240,3.385870169328245,0.2032413109108149
9591,0.3488095238095238,2,3,2,240088,365522,14718,93238,3.3858423802289823,0.20323916644868778
9592,0.3488292263292262,0,2,0,240090,365520,14718,93238,3.385823854162807,0.20324005248954788
9593,0.3488333333333333,0,6,0,240096,365514,14718,93238,3.3857682759642818,0.20324271065848215
9594,0.3488333333333334,0,4,0,240100,365510,14718,93238,3.3857312238319315,0.2032444828097343
9595,0.3488492063492064,1,3,1,240103,365507,14719,93237,3.385703434732669,0.20324407512686815
9596,0.3488571428571428,0,3,0,240106,365504,14719,93237,3.3856756456334063,0.20324540426951154
9597,0.3488571428571429,0,1,0,240107,365503,14719,93237,3.3856663826003186,0.20324584732092252
9598,0.3488888888888888,0,1,0,240108,365502,14719,93237,3.385657119567231,0.20324629037426512
9599,0.3489166666666666,1,2,1,240110,365500,14720,93236,3.385638593501056,0.2032454396428447
9600,0.3489285714285713,1,0,1,240110,365500,14721,93235,3.385638593501056,0.20324370279137194
9601,0.3489999999999999,0,1,0,240111,365499,14721,93235,3.3856293304679683,0.20324414584486872
9602,0.349,3,64,3,240175,365435,14724,93232,3.3850364963503647,0.2032672941371409
9603,0.3490317460317459,0,1,0,240176,365434,14724,93232,3.3850272333172775,0.2032677373077577
9604,0.349047619047619,0,4,0,240180,365430,14724,93232,3.3849901811849272,0.20326951000954951
9605,0.3490476190476191,0,1,0,240181,365429,14724,93232,3.3849809181518395,0.20326995318982866
9606,0.3490833333333333,0,1,0,240182,365428,14724,93232,3.384971655118752,0.20327039637204028
9607,0.349090909090909,0,1,0,240183,365427,14724,93232,3.3849623920856646,0.20327083955618444
9608,0.3491111111111111,0,1,0,240184,365426,14724,93232,3.384953129052577,0.2032712827422611
9609,0.3491190476190475,0,2,0,240186,365424,14724,93232,3.384934602986402,0.2032721691202121
9610,0.3491428571428572,0,1,0,240187,365423,14724,93232,3.3849253399533143,0.20327261231208643
9611,0.3491666666666665,0,2,0,240189,365421,14724,93232,3.384906813887139,0.20327349870163283
9612,0.3491666666666666,12,66,12,240255,365355,14736,93220,3.3842954537033605,0.20328190590415962
9613,0.3491666666666667,8,87,8,240342,365268,14744,93212,3.3834895698247434,0.2033065782585936
9614,0.3491904761904763,0,1,0,240343,365267,14744,93212,3.3834803067916557,0.20330702169565018
9615,0.3492380952380952,0,1,0,240344,365266,14744,93212,3.3834710437585684,0.20330746513464115
9616,0.3492857142857142,0,2,0,240346,365264,14744,93212,3.383452517692393,0.20330835201842626
9617,0.3492857142857143,1,8,1,240354,365256,14745,93211,3.383378413427693,0.20331016190914505
9618,0.3493095238095238,0,1,0,240355,365255,14745,93211,3.3833691503946053,0.20331060536659207
9619,0.3493333333333333,3,11,3,240366,365244,14748,93208,3.383267257030642,0.2033102702136756
9620,0.3493333333333334,3,43,3,240409,365201,14751,93205,3.382868946607877,0.2033241275201459
9621,0.3493809523809524,0,1,0,240410,365200,14751,93205,3.38285968357479,0.20332457106706953
9622,0.3494047619047619,0,2,0,240412,365198,14751,93205,3.3828411575086146,0.2033254581667223
9623,0.3494166666666666,0,1,0,240413,365197,14751,93205,3.382831894475527,0.20332590171945147
9624,0.3494444444444444,0,1,0,240414,365196,14751,93205,3.3828226314424397,0.2033263452741159
9625,0.3495,6,22,6,240436,365174,14757,93199,3.3826188447145134,0.20332567581423863
9626,0.3495238095238095,1,4,1,240440,365170,14758,93198,3.382581792582163,0.20332571209159453
9627,0.3495336648645472,1,8,1,240448,365162,14759,93197,3.3825076883174625,0.20332752274963511
9628,0.349547619047619,0,1,0,240449,365161,14759,93197,3.3824984252843753,0.2033279663494474
9629,0.3495833333333333,1,6,1,240455,365155,14760,93196,3.3824428470858496,0.20332888986824507
9630,0.3496071428571428,0,1,0,240456,365154,14760,93196,3.3824335840527624,0.2033293334787826
9631,0.3496428571428571,1,1,1,240457,365153,14761,93195,3.3824243210196747,0.2033280389572988
9632,0.3496666666666666,1,2,1,240459,365151,14762,93194,3.3824057949534994,0.20332718803521366
9633,0.3496666666666667,2,21,2,240480,365130,14764,93192,3.3822112712586607,0.20333302787123464
9634,0.3497142857142857,0,1,0,240481,365129,14764,93192,3.3822020082255735,0.20333347151886996
9635,0.3497424242424242,0,1,0,240482,365128,14764,93192,3.382192745192486,0.20333391516844126
9636,0.3497619047619047,1,2,1,240484,365126,14765,93191,3.382174219126311,0.20333306423283448
9637,0.3497777777777777,0,2,0,240486,365124,14765,93191,3.3821556930601355,0.20333395153987976
9638,0.3498095238095237,0,1,0,240487,365123,14765,93191,3.382146430027048,0.20333439519630647
9639,0.3498095238095238,1,0,1,240487,365123,14766,93190,3.382146430027048,0.2033326569396897
9640,0.3498333333333333,2,21,2,240508,365102,14768,93188,3.381951906332209,0.20333849745794147
9641,0.3498333333333334,0,1,0,240509,365101,14768,93188,3.381942643299122,0.20333894114848927
9642,0.3498611111111111,0,1,0,240510,365100,14768,93188,3.3819333802660343,0.20333938484097336
9643,0.3498809523809524,0,4,0,240514,365096,14768,93188,3.381896328133684,0.20334115963027294
9644,0.349904761904762,0,1,0,240515,365095,14768,93188,3.3818870651005963,0.2033416033324387
9645,0.3499166666666666,0,1,0,240516,365094,14768,93188,3.381877802067509,0.20334204703654082
9646,0.3499404761904763,0,1,0,240517,365093,14768,93188,3.3818685390344214,0.20334249074257935
9647,0.3499523809523809,0,2,0,240519,365091,14768,93188,3.3818500129682465,0.20334337816046558
9648,0.3499999999999999,1,14,1,240533,365077,14769,93187,3.3817203305050207,0.20334785189323185
9649,0.35,350,3872,350,244405,361205,15119,92837,3.345853866390011,0.20446786861127383
9650,0.3500000000000001,0,6,0,244411,361199,15119,92837,3.3457982881914856,0.2044705706155459
9651,0.3500238095238094,0,1,0,244412,361198,15119,92837,3.345789025158398,0.2044710209565342
9652,0.350047619047619,0,1,0,244413,361197,15119,92837,3.3457797621253103,0.2044714712995062
9653,0.3500952380952381,0,2,0,244415,361195,15119,92837,3.3457612360591353,0.20447237199140147
9654,0.350103896103896,0,1,0,244416,361194,15119,92837,3.3457519730260477,0.20447282234032477
9655,0.3501190476190476,0,2,0,244418,361192,15119,92837,3.3457334469598727,0.20447372304412273
9656,0.3501428571428572,0,2,0,244420,361190,15119,92837,3.3457149208936974,0.20447462375585593
9657,0.3501666666666667,2,13,2,244433,361177,15121,92835,3.3455945014635593,0.204476974176894
9658,0.3501904761904761,0,1,0,244434,361176,15121,92835,3.3455852384304716,0.2044774245557927
9659,0.3502380952380952,0,2,0,244436,361174,15121,92835,3.3455667123642967,0.20447832531954213
9660,0.35025,0,1,0,244437,361173,15121,92835,3.345557449331209,0.20447877570439288
9661,0.3502777777777778,0,1,0,244438,361172,15121,92835,3.3455481862981213,0.20447922609122768
9662,0.3502857142857142,1,1,1,244439,361171,15122,92834,3.345538923265034,0.20447792425193556
9663,0.3503333333333332,0,1,0,244440,361170,15122,92834,3.3455296602319464,0.204478374639871
9664,0.3503333333333333,4,27,4,244467,361143,15126,92830,3.3452795583385826,0.2044835265533413
9665,0.3503333333333334,0,3,0,244470,361140,15126,92830,3.3452517692393196,0.2044848778553649
9666,0.3503571428571428,0,3,0,244473,361137,15126,92830,3.345223980140057,0.20448622917524842
9667,0.3503787878787879,0,1,0,244474,361136,15126,92830,3.3452147171069697,0.20448667961917852
9668,0.3503809523809524,0,1,0,244475,361135,15126,92830,3.345205454073882,0.20448713006509311
9669,0.3503888888888889,0,2,0,244477,361133,15126,92830,3.3451869280077067,0.20448803096287582
9670,0.3504166666666666,0,3,0,244480,361130,15126,92830,3.345159138908444,0.20448938232443387
9671,0.3504444444444444,0,3,0,244483,361127,15126,92830,3.3451313498091815,0.204490733703853
9672,0.3504523809523809,0,1,0,244484,361126,15126,92830,3.345122086776094,0.20449118416762857
9673,0.3504545454545454,1,0,1,244484,361126,15127,92829,3.345122086776094,0.20448943177187165
9674,0.3504761904761904,0,2,0,244486,361124,15127,92829,3.345103560709919,0.2044903326996407
9675,0.3504761904761905,1,4,1,244490,361120,15128,92828,3.3450665085775686,0.2044903821583089
9676,0.3504999999999999,0,1,0,244491,361119,15128,92828,3.345057245544481,0.20449083263024098
9677,0.3505,5,17,5,244508,361102,15133,92823,3.3448997739819926,0.20448972847937436
9678,0.3505238095238095,0,1,0,244509,361101,15133,92823,3.3448905109489053,0.20449017897269148
9679,0.3505555555555555,0,1,0,244510,361100,15133,92823,3.3448812479158176,0.20449062946799346
9680,0.3506111111111111,0,1,0,244511,361099,15133,92823,3.34487198488273,0.20449107996528038
9681,0.3506150793650793,0,2,0,244513,361097,15133,92823,3.344853458816555,0.20449198096580895
9682,0.3506190476190477,0,1,0,244514,361096,15133,92823,3.3448441957834674,0.20449243146905063
9683,0.3506428571428571,0,1,0,244515,361095,15133,92823,3.3448349327503797,0.20449288197427729
9684,0.3506666666666666,4,44,4,244559,361051,15137,92819,3.3444273592945275,0.2045056954634587
9685,0.3506666666666667,1,13,1,244572,361038,15138,92818,3.344306939864389,0.20450980046534584
9686,0.3506904761904761,0,1,0,244573,361037,15138,92818,3.3442976768313017,0.20451025107137744
9687,0.3506944444444444,0,1,0,244574,361036,15138,92818,3.344288413798214,0.2045107016793947
9688,0.3507142857142857,0,14,0,244588,361022,15138,92818,3.3441587313349883,0.20451701040014103
9689,0.3507619047619048,0,1,0,244589,361021,15138,92818,3.3441494683019006,0.2045174610379452
9690,0.3507727272727272,1,0,1,244589,361021,15139,92817,3.3441494683019006,0.2045157082483177
9691,0.3507738095238095,0,1,0,244590,361020,15139,92817,3.3441402052688134,0.20451615888523852
9692,0.3508333333333333,12,135,12,244725,360885,15151,92805,3.3428896958019934,0.20455597434371486
9693,0.3508412698412698,0,1,0,244726,360884,15151,92805,3.3428804327689057,0.20455642521639272
9694,0.3508571428571428,0,2,0,244728,360882,15151,92805,3.3428619067027308,0.20455732696771123
9695,0.3508831168831169,0,2,0,244730,360880,15151,92805,3.342843380636556,0.20455822872698018
9696,0.3509166666666667,0,2,0,244732,360878,15151,92805,3.3428248545703805,0.2045591304941997
9697,0.3509422799422799,0,2,0,244734,360876,15151,92805,3.3428063285042056,0.2045600322693699
9698,0.3509444444444444,0,1,0,244735,360875,15151,92805,3.342797065471118,0.20456048315993652
9699,0.3509523809523809,2,3,2,244738,360872,15153,92803,3.3427692763718553,0.2045583292004188
9700,0.350952380952381,0,4,0,244742,360868,15153,92803,3.342732224239505,0.2045601327834488
9701,0.3509999999999999,3,7,3,244749,360861,15156,92800,3.342667383007892,0.20455802901285322
9702,0.351,10,79,10,244828,360782,15166,92790,3.341935603393975,0.20457612021906113
9703,0.3510000000000001,0,2,0,244830,360780,15166,92790,3.3419170773278,0.204577022289834
9704,0.3510238095238095,0,1,0,244831,360779,15166,92790,3.3419078142947125,0.20457747332820364
9705,0.351047619047619,1,1,1,244832,360778,15167,92789,3.3418985512616253,0.2045761706649734
9706,0.3510714285714285,0,1,0,244833,360777,15167,92789,3.3418892882285376,0.20457662170444874
9707,0.3510833333333333,0,2,0,244835,360775,15167,92789,3.3418707621623622,0.204577523789366
9708,0.3511111111111111,1,1,1,244836,360774,15168,92788,3.341861499129275,0.2045762211119979
9709,0.3511428571428571,1,1,1,244837,360773,15169,92787,3.3418522360961873,0.20457491842314138
9710,0.3511666666666666,0,3,0,244840,360770,15169,92787,3.3418244469969247,0.20457627156013466
9711,0.3511666666666667,2,8,2,244848,360762,15171,92785,3.341750342732224,0.20457637245974508
9712,0.3511794871794872,0,1,0,244849,360761,15171,92785,3.3417410796991365,0.2045768235195548
9713,0.3511904761904762,1,5,1,244854,360756,15172,92784,3.341694764533699,0.2045773250429951
9714,0.3512142857142856,0,1,0,244855,360755,15172,92784,3.3416855015006113,0.2045777761118669
9715,0.3512142857142857,0,1,0,244856,360754,15172,92784,3.3416762384675236,0.2045782271827278
9716,0.35125,1,10,1,244866,360744,15173,92783,3.341583608136648,0.20458098415309342
9717,0.3512857142857143,0,1,0,244867,360743,15173,92783,3.341574345103561,0.2045814352429629
9718,0.3513095238095238,0,3,0,244870,360740,15173,92783,3.341546556004298,0.20458278852450704
9719,0.3513214285714286,0,1,0,244871,360739,15173,92783,3.3415372929712106,0.20458323962233366
9720,0.3513333333333333,3,21,3,244892,360718,15176,92780,3.341342769276372,0.20458745132282832
9721,0.3513333333333334,0,14,0,244906,360704,15176,92780,3.341213086813146,0.20459376736555204
9722,0.3513571428571428,0,2,0,244908,360702,15176,92780,3.341194560746971,0.20459466968920487
9723,0.3513846153846153,0,3,0,244911,360699,15176,92780,3.3411667716477083,0.20459602318960746
9724,0.3514285714285713,1,11,1,244922,360688,15177,92779,3.341064878283745,0.20459923213817102
9725,0.3514285714285715,0,1,0,244923,360687,15177,92779,3.341055615250658,0.20459968332796727
9726,0.3514999999999999,0,3,0,244926,360684,15177,92779,3.341027826151395,0.2046010369092958
9727,0.3515,5,20,5,244946,360664,15182,92774,3.340842565489644,0.20460129058437979
9728,0.3515079365079364,0,1,0,244947,360663,15182,92774,3.340833302456556,0.20460174180757196
9729,0.3515238095238095,1,1,1,244948,360662,15183,92773,3.340824039423469,0.2046004388721647
9730,0.351547619047619,0,2,0,244950,360660,15183,92773,3.3408055133572936,0.20460134132275332
9731,0.3515833333333333,0,3,0,244953,360657,15183,92773,3.340777724258031,0.2046026950135633
9732,0.3516111111111111,0,1,0,244954,360656,15183,92773,3.3407684612249433,0.2046031462478139
9733,0.3516489898989899,2,0,2,244954,360656,15185,92771,3.3407684612249433,0.2045996378689403
9734,0.3516666666666666,18,205,18,245159,360451,15203,92753,3.338869539441995,0.204660594346034
9735,0.3516666666666667,21,245,21,245404,360206,15224,92732,3.336600096335544,0.2047344228128353
9736,0.3517142857142857,0,1,0,245405,360205,15224,92732,3.3365908333024565,0.2047348748280666
9737,0.3517261904761904,1,0,1,245405,360205,15225,92731,3.3365908333024565,0.20473311902785382
9738,0.3517460317460317,0,1,0,245406,360204,15225,92731,3.336581570269369,0.20473357104220252
9739,0.3517499999999999,0,1,0,245407,360203,15225,92731,3.3365723072362816,0.20473402305854715
9740,0.3517857142857143,0,6,0,245413,360197,15225,92731,3.336516729037756,0.20473673519853045
9741,0.3518253968253968,0,1,0,245414,360196,15225,92731,3.3365074660046687,0.20473718722884704
9742,0.3518333333333333,1,9,1,245423,360187,15226,92730,3.3364240987068805,0.20473949973173894
9743,0.3518333333333334,1,12,1,245435,360175,15227,92729,3.33631294230983,0.20474316853019625
9744,0.3518571428571428,0,1,0,245436,360174,15227,92729,3.3363036792767424,0.20474362059867124
9745,0.3518787878787879,1,0,1,245436,360174,15228,92728,3.3363036792767424,0.20474186468595856
9746,0.3519047619047619,0,7,0,245443,360167,15228,92728,3.3362388380451296,0.20474502920102894
9747,0.3519285714285714,0,1,0,245444,360166,15228,92728,3.336229575012042,0.20474548128259593
9748,0.3519285714285715,0,1,0,245445,360165,15228,92728,3.336220311978954,0.20474593336615934
9749,0.3519444444444444,0,1,0,245446,360164,15228,92728,3.336211048945867,0.20474638545171917
9750,0.3519484126984127,0,1,0,245447,360163,15228,92728,3.3362017859127793,0.20474683753927544
9751,0.3519523809523809,0,3,0,245450,360160,15228,92728,3.3361739968135167,0.2047481938139231
9752,0.352,12,84,12,245534,360076,15240,92716,3.335395902034162,0.20476510185692326
9753,0.3520238095238095,0,1,0,245535,360075,15240,92716,3.3353866390010745,0.20476555408565983
9754,0.3520714285714285,0,1,0,245536,360074,15240,92716,3.335377375967987,0.2047660063163939
9755,0.3520833333333333,0,2,0,245538,360072,15240,92716,3.335358849901812,0.2047669107838547
9756,0.3520952380952381,2,2,2,245540,360070,15242,92714,3.335340323835637,0.20476430262553447
9757,0.3521212121212121,0,1,0,245541,360069,15242,92714,3.3353310608025493,0.20476475486049608
9758,0.3521428571428571,1,11,1,245552,360058,15243,92713,3.335229167438586,0.20476797321383217
9759,0.3521428571428572,0,1,0,245553,360057,15243,92713,3.3352199044054984,0.20476842546988538
9760,0.3521558441558442,2,0,2,245553,360057,15245,92711,3.3352199044054984,0.20476491271467948
9761,0.3521666666666667,1,13,1,245566,360044,15246,92710,3.3350994849753604,0.20476903572359384
9762,0.3521904761904762,0,3,0,245569,360041,15246,92710,3.3350716958760978,0.2047703925557315
9763,0.3522222222222222,0,1,0,245570,360040,15246,92710,3.33506243284301,0.20477084483710656
9764,0.3522460317460317,0,2,0,245572,360038,15246,92710,3.335043906776835,0.2047717494058505
9765,0.35225,0,1,0,245573,360037,15246,92710,3.3350346437437475,0.20477220169321939
9766,0.3522619047619047,0,1,0,245574,360036,15246,92710,3.33502538071066,0.20477265398258626
9767,0.3522857142857143,0,1,0,245575,360035,15246,92710,3.3350161176775726,0.20477310627395112
9768,0.352297619047619,0,2,0,245577,360033,15246,92710,3.334997591611397,0.20477401086267485
9769,0.3523253968253968,0,1,0,245578,360032,15246,92710,3.3349883285783095,0.20477446316003375
9770,0.3523333333333333,9,45,9,245623,359987,15255,92701,3.3345714920893696,0.20477900894214116
9771,0.3523571428571428,0,1,0,245624,359986,15255,92701,3.334562229056282,0.20477946130549365
9772,0.3523809523809523,0,1,0,245625,359985,15255,92701,3.3345529660231947,0.2047799136708447
9773,0.3523809523809524,0,3,0,245628,359982,15255,92701,3.334525176923932,0.2047812707788894
9774,0.3524285714285714,0,1,0,245629,359981,15255,92701,3.3345159138908445,0.2047817231522349
9775,0.3524285714285715,0,1,0,245630,359980,15255,92701,3.3345066508577568,0.20478217552757902
9776,0.3524999999999999,1,3,1,245633,359977,15256,92700,3.334478861758494,0.20478177596829528
9777,0.3525,29,404,29,246037,359573,15285,92671,3.330736596391122,0.20491371914276363
9778,0.3525000000000001,0,4,0,246041,359569,15285,92671,3.330699544258772,0.20491553157615425
9779,0.3525238095238095,0,1,0,246042,359568,15285,92671,3.3306902812256847,0.20491598468951153
9780,0.352547619047619,0,2,0,246044,359566,15285,92671,3.3306717551595093,0.20491689092223767
9781,0.3525595238095238,0,1,0,246045,359565,15285,92671,3.330662492126422,0.2049173440416066
9782,0.3525714285714285,0,1,0,246046,359564,15285,92671,3.3306532290933344,0.20491779716297942
9783,0.3525714285714286,3,5,3,246051,359559,15288,92668,3.3306069139278964,0.20491478836955776
9784,0.3526190476190476,0,6,0,246057,359553,15288,92668,3.3305513357293712,0.2049175071480537
9785,0.3526666666666667,11,50,11,246107,359503,15299,92657,3.3300881840749934,0.2049208244869073
9786,0.3526904761904761,0,1,0,246108,359502,15299,92657,3.330078921041906,0.20492127769213928
9787,0.3527142857142857,0,3,0,246111,359499,15299,92657,3.330051131942643,0.20492263731986304
9788,0.3527380952380952,0,1,0,246112,359498,15299,92657,3.330041868909556,0.20492309053311364
9789,0.3527777777777777,1,1,1,246113,359497,15300,92656,3.330032605876468,0.20492178532487898
9790,0.3527777777777778,0,2,0,246115,359495,15300,92656,3.3300140798102933,0.2049226917556303
9791,0.3528095238095238,0,1,0,246116,359494,15300,92656,3.3300048167772056,0.20492314497401304
9792,0.3528333333333332,0,1,0,246117,359493,15300,92656,3.329995553744118,0.2049235981944005
9793,0.3528333333333333,1,11,1,246128,359482,15301,92655,3.3298936603801548,0.2049268252764096
9794,0.3528333333333334,0,3,0,246131,359479,15301,92655,3.329865871280892,0.20492818500709967
9795,0.3528571428571428,3,8,3,246139,359471,15304,92652,3.3297917670161916,0.2049265354781774
9796,0.3528571428571429,1,0,1,246139,359471,15305,92651,3.3297917670161916,0.20492477694073724
9797,0.3528888888888888,0,1,0,246140,359470,15305,92651,3.3297825039831044,0.20492523019280237
9798,0.3529166666666666,0,7,0,246147,359463,15305,92651,3.3297176627514915,0.20492840301339926
9799,0.3529166666666667,0,2,0,246149,359461,15305,92651,3.329699136685316,0.20492930955161553
9800,0.3529285714285714,0,1,0,246150,359460,15305,92651,3.329689873652229,0.20492976282373135
9801,0.3529444444444444,0,2,0,246152,359458,15305,92651,3.3296713475860535,0.20493066937397839
9802,0.3529523809523809,0,2,0,246154,359456,15305,92651,3.3296528215198786,0.20493157593224612
9803,0.3529761904761905,0,1,0,246155,359455,15305,92651,3.329643558486791,0.20493202921438777
9804,0.353,6,69,6,246224,359386,15311,92645,3.32900440920375,0.2049527576648504
9805,0.353012987012987,0,2,0,246226,359384,15311,92645,3.3289858831375745,0.2049536644772791
9806,0.3530238095238094,0,2,0,246228,359382,15311,92645,3.3289673570713996,0.2049545712977322
9807,0.3530357142857143,0,1,0,246229,359381,15311,92645,3.328958094038312,0.20495502471096796
9808,0.353047619047619,0,1,0,246230,359380,15311,92645,3.328948831005224,0.20495547812620984
9809,0.3530833333333333,0,1,0,246231,359379,15311,92645,3.328939567972137,0.20495593154345787
9810,0.3530952380952381,0,3,0,246234,359376,15311,92645,3.328911778872874,0.20495729180723904
9811,0.3531428571428571,0,3,0,246237,359373,15311,92645,3.3288839897736113,0.2049586520890761
9812,0.3531666666666666,2,14,2,246251,359359,15313,92643,3.3287543073103856,0.2049614824713165
9813,0.3531666666666667,0,3,0,246254,359356,15313,92643,3.328726518211123,0.20496284283814786
9814,0.3532142857142857,0,2,0,246256,359354,15313,92643,3.328707992144948,0.20496374975940107
9815,0.3532738095238095,0,1,0,246257,359353,15313,92643,3.3286987291118604,0.20496420322303738
9816,0.3532857142857142,1,0,1,246257,359353,15314,92642,3.3286987291118604,0.20496244427482604
9817,0.3532857142857143,0,1,0,246258,359352,15314,92642,3.3286894660787727,0.20496289773758058
9818,0.3533333333333333,86,829,86,247087,358523,15400,92556,3.3210104116491905,0.20518800476191532
9819,0.3533333333333334,0,1,0,247088,358522,15400,92556,3.321001148616103,0.20518845964556018
9820,0.3533809523809523,1,3,1,247091,358519,15401,92555,3.3209733595168403,0.20518806226916206
9821,0.3533809523809524,0,3,0,247094,358516,15401,92555,3.3209455704175777,0.20518942694165662
9822,0.3534206349206348,0,1,0,247095,358515,15401,92555,3.32093630738449,0.20518988183652204
9823,0.3534285714285714,0,1,0,247096,358514,15401,92555,3.3209270443514023,0.20519033673340442
9824,0.3534523809523808,0,1,0,247097,358513,15401,92555,3.320917781318315,0.20519079163230378
9825,0.3534523809523809,0,3,0,247100,358510,15401,92555,3.320889992219052,0.20519215634110383
9826,0.353452380952381,0,3,0,247103,358507,15401,92555,3.3208622031197894,0.20519352106805716
9827,0.3534761904761905,0,4,0,247107,358503,15401,92555,3.320825150987439,0.205195340732234
9828,0.3534866522366522,0,1,0,247108,358502,15401,92555,3.320815887954352,0.20519579565332097
9829,0.3534999999999999,0,2,0,247110,358500,15401,92555,3.3207973618881765,0.20519670550154637
9830,0.3535,3,23,3,247133,358477,15404,92552,3.320584312127163,0.20520188280576193
9831,0.3535714285714285,0,2,0,247135,358475,15404,92552,3.3205657860609876,0.2052027927374636
9832,0.3535714285714286,1,8,1,247143,358467,15405,92551,3.3204916817962875,0.2052046703235791
9833,0.3535833333333333,0,1,0,247144,358466,15405,92551,3.3204824187632,0.205205125305698
9834,0.3535952380952381,0,1,0,247145,358465,15405,92551,3.320473155730112,0.20520558028983452
9835,0.3536111111111111,0,1,0,247146,358464,15405,92551,3.320463892697025,0.2052060352759886
9836,0.3536309523809524,0,1,0,247147,358463,15405,92551,3.3204546296639372,0.20520649026416032
9837,0.3536428571428571,0,2,0,247149,358461,15405,92551,3.320436103597762,0.20520740024655662
9838,0.3536666666666666,0,8,0,247157,358453,15405,92551,3.3203619993330618,0.20521104025684916
9839,0.3536666666666667,2,16,2,247173,358437,15407,92549,3.3202137908036606,0.2052147960247103
9840,0.3537142857142856,0,4,0,247177,358433,15407,92549,3.3201767386713104,0.20521661618423795
9841,0.3537142857142857,0,1,0,247178,358432,15407,92549,3.320167475638223,0.20521707122916485
9842,0.35375,0,11,0,247189,358421,15407,92549,3.32006558227426,0.20522207685655366
9843,0.3537619047619047,0,5,0,247194,358416,15407,92549,3.320019267108822,0.20522435222245627
9844,0.3537619047619048,0,2,0,247196,358414,15407,92549,3.320000741042647,0.20522526238294495
9845,0.3537727272727272,0,4,0,247200,358410,15407,92549,3.319963688910297,0.20522708272814158
9846,0.3538095238095238,0,5,0,247205,358405,15407,92549,3.319917373744859,0.20522935820504973
9847,0.3538333333333333,2,7,2,247212,358398,15409,92547,3.319852532513246,0.20522901905997407
9848,0.3538333333333334,0,4,0,247216,358394,15409,92547,3.319815480380896,0.20523083951115556
9849,0.3538571428571428,0,1,0,247217,358393,15409,92547,3.3198062173478085,0.2052312946289972
9850,0.3538690476190476,0,2,0,247219,358391,15409,92547,3.319787691281633,0.20523220487073612
9851,0.3539112554112554,1,0,1,247219,358391,15410,92546,3.319787691281633,0.2052304423899569
9852,0.3539166666666666,0,2,0,247221,358389,15410,92546,3.319769165215458,0.20523135263397163
9853,0.3539285714285713,0,3,0,247224,358386,15410,92546,3.3197413761161956,0.2052327180151331
9854,0.3539761904761904,0,2,0,247226,358384,15410,92546,3.31972285005002,0.2052336282793338
9855,0.354,12,165,12,247391,358219,15422,92534,3.3181944495905737,0.2052875965329127
9856,0.3540238095238095,0,1,0,247392,358218,15422,92534,3.3181851865574865,0.20528805196649155
9857,0.3540357142857142,0,3,0,247395,358215,15422,92534,3.318157397458224,0.20528941827935282
9858,0.354047619047619,1,7,1,247402,358208,15423,92533,3.318092556226611,0.20529084330025446
9859,0.3540476190476191,0,1,0,247403,358207,15423,92533,3.3180832931935234,0.20529129875316146
9860,0.3540714285714286,0,2,0,247405,358205,15423,92533,3.318064767127348,0.20529220966503822
9861,0.354076923076923,1,0,1,247405,358205,15424,92532,3.318064767127348,0.205290446535341
9862,0.354090909090909,0,1,0,247406,358204,15424,92532,3.3180555040942608,0.20529090199140962
9863,0.354095238095238,1,1,1,247407,358203,15425,92531,3.318046241061173,0.20528959430617616
9864,0.3541071428571428,0,1,0,247408,358202,15425,92531,3.3180369780280854,0.2052900497633854
9865,0.3541190476190475,0,1,0,247409,358201,15425,92531,3.318027714994998,0.20529050522261566
9866,0.3541190476190476,0,1,0,247410,358200,15425,92531,3.3180184519619105,0.20529096068386687
9867,0.3541634199134199,0,1,0,247411,358199,15425,92531,3.318009188928823,0.20529141614713908
9868,0.3541666666666666,10,97,10,247508,358102,15435,92521,3.31711067471933,0.20531797089806778
9869,0.3541666666666667,5,88,5,247596,358014,15440,92516,3.3162955278076254,0.20534925532151022
9870,0.3542142857142857,0,1,0,247597,358013,15440,92516,3.3162862647745377,0.20534971111737535
9871,0.3542222222222222,0,1,0,247598,358012,15440,92516,3.31627700174145,0.20535016691526387
9872,0.3542499999999999,0,2,0,247600,358010,15440,92516,3.316258475675275,0.2053510785171111
9873,0.3542619047619047,0,1,0,247601,358009,15440,92516,3.3162492126421874,0.20535153432106987
9874,0.3542857142857142,0,1,0,247602,358008,15440,92516,3.3162399496091,0.20535199012705205
9875,0.3542857142857143,1,14,1,247616,357994,15441,92515,3.3161102671458744,0.2053566077481249
9876,0.3543333333333333,2,6,2,247622,357988,15443,92513,3.316054688947349,0.20535581497044403
9877,0.3543333333333334,1,37,1,247659,357951,15444,92512,3.3157119567231095,0.20537091836621432
9878,0.3543571428571428,0,1,0,247660,357950,15444,92512,3.315702693690022,0.2053713742779635
9879,0.3543809523809524,0,2,0,247662,357948,15444,92512,3.315684167623847,0.20537228610753452
9880,0.3544047619047619,0,1,0,247663,357947,15444,92512,3.315674904590759,0.20537274202535635
9881,0.3544285714285713,1,2,1,247665,357945,15445,92511,3.3156563785245843,0.20537188981831744
9882,0.3544444444444443,0,2,0,247667,357943,15445,92511,3.315637852458409,0.2053728016623229
9883,0.3544444444444444,0,4,0,247671,357939,15445,92511,3.3156008003260586,0.20537462537462536
9884,0.3544761904761905,0,1,0,247672,357938,15445,92511,3.3155915372929714,0.2053750813077618
9885,0.3544999999999998,0,1,0,247673,357937,15445,92511,3.3155822742598837,0.2053755372429226
9886,0.3545,4,19,4,247692,357918,15449,92507,3.31540627663122,0.20537714380862518
9887,0.3545238095238094,0,4,0,247696,357914,15449,92507,3.3153692244988697,0.20537896767690672
9888,0.3545238095238096,0,1,0,247697,357913,15449,92507,3.3153599614657825,0.20537942364903866
9889,0.3545595238095238,0,1,0,247698,357912,15449,92507,3.315350698432695,0.2053798796231953
9890,0.3545714285714285,0,1,0,247699,357911,15449,92507,3.315341435399607,0.20538033559937657
9891,0.3545833333333333,0,9,0,247708,357902,15449,92507,3.3152580681018193,0.2053844394761206
9892,0.3546190476190476,0,2,0,247710,357900,15449,92507,3.315239542035644,0.2053853514710029
9893,0.3546349206349206,0,1,0,247711,357899,15449,92507,3.3152302790025567,0.20538580747148127
9894,0.3546428571428571,0,4,0,247715,357895,15449,92507,3.3151932268702065,0.20538763149364345
9895,0.3546666666666666,0,2,0,247717,357893,15449,92507,3.315174700804031,0.20538854351687388
9896,0.3546666666666667,1,28,1,247745,357865,15450,92506,3.3149153358775796,0.20539954837234192
9897,0.3546904761904761,0,1,0,247746,357864,15450,92506,3.3149060728444923,0.20540000444079312
9898,0.3547142857142857,0,1,0,247747,357863,15450,92506,3.3148968098114047,0.20540046051126964
9899,0.3547222222222222,0,1,0,247748,357862,15450,92506,3.314887546778317,0.2054009165837715
9900,0.3547261904761905,0,3,0,247751,357859,15450,92506,3.3148597576790544,0.20540228481342912
9901,0.3547619047619047,0,2,0,247753,357857,15450,92506,3.3148412316128795,0.20540319697666104
9902,0.3547619047619048,0,2,0,247755,357855,15450,92506,3.314822705546704,0.20540410914799462
9903,0.3547727272727272,0,1,0,247756,357854,15450,92506,3.314813442513617,0.20540456523669953
9904,0.3547738095238095,0,1,0,247757,357853,15450,92506,3.314804179480529,0.20540502132742988
9905,0.3547857142857142,0,2,0,247759,357851,15450,92506,3.314785653414354,0.20540593351496703
9906,0.3548311688311688,0,5,0,247764,357846,15450,92506,3.3147393382489163,0.20540821401925605
9907,0.3548333333333333,2,24,2,247788,357822,15452,92504,3.314517025454815,0.20541563223087275
9908,0.3548333333333334,0,1,0,247789,357821,15452,92504,3.3145077624217274,0.205416088380614
9909,0.3549087301587302,0,1,0,247790,357820,15452,92504,3.3144984993886397,0.20541654453238112
9910,0.354924603174603,3,4,3,247794,357816,15455,92501,3.3144614472562894,0.20541307567780032
9911,0.3549523809523808,0,1,0,247795,357815,15455,92501,3.314452184223202,0.2054135318309809
9912,0.3549523809523809,0,1,0,247796,357814,15455,92501,3.3144429211901145,0.20541398798618746
9913,0.3549642857142857,0,1,0,247797,357813,15455,92501,3.314433658157027,0.20541444414341992
9914,0.3549761904761904,0,1,0,247798,357812,15455,92501,3.3144243951239396,0.20541490030267837
9915,0.3549999999999999,0,4,0,247802,357808,15455,92501,3.3143873429915893,0.20541672495997193
9916,0.355,155,1401,155,249203,356407,15610,92346,3.3014098336359257,0.20578358250529802
9917,0.3550000000000001,0,7,0,249210,356400,15610,92346,3.301344992404313,0.20578679252851279
9918,0.355047619047619,0,1,0,249211,356399,15610,92346,3.301335729371225,0.205787251111433
9919,0.3550476190476191,0,2,0,249213,356397,15610,92346,3.30131720330505,0.205788168283405
9920,0.3550595238095237,0,1,0,249214,356396,15610,92346,3.3013079402719625,0.20578862687245678
9921,0.3550833333333333,0,2,0,249216,356394,15610,92346,3.3012894142057876,0.20578954405669206
9922,0.3551190476190476,0,2,0,249218,356392,15610,92346,3.3012708881396122,0.20579046124910305
9923,0.3551428571428571,0,1,0,249219,356391,15610,92346,3.301261625106525,0.20579091984837444
9924,0.3551587301587301,1,0,1,249219,356391,15611,92345,3.301261625106525,0.20578914996790987
9925,0.3551666666666666,1,15,1,249234,356376,15612,92344,3.3011226796102116,0.20579425922624353
9926,0.3551666666666667,0,1,0,249235,356375,15612,92344,3.301113416577124,0.20579471785237533
9927,0.3552142857142857,0,1,0,249236,356374,15612,92344,3.3011041535440366,0.20579517648055126
9928,0.3552301587301587,0,1,0,249237,356373,15612,92344,3.301094890510949,0.20579563511077137
9929,0.3552380952380952,0,1,0,249238,356372,15612,92344,3.3010856274778613,0.20579609374303567
9930,0.3552777777777777,0,2,0,249240,356370,15612,92344,3.3010671014116864,0.20579701101369693
9931,0.3552777777777778,0,1,0,249241,356369,15612,92344,3.3010578383785987,0.2057974696520939
9932,0.3552857142857143,0,2,0,249243,356367,15612,92344,3.3010393123124238,0.20579838693502053
9933,0.3553333333333333,3,38,3,249281,356329,15615,92341,3.3006873170550963,0.20581050660842043
9934,0.3553333333333334,1,5,1,249286,356324,15616,92340,3.300641001889659,0.2058110300804165
9935,0.3553571428571428,0,6,0,249292,356318,15616,92340,3.3005854236911336,0.20581378243561912
9936,0.3553650793650794,0,1,0,249293,356317,15616,92340,3.300576160658046,0.2058142411686433
9937,0.3553809523809524,0,1,0,249294,356316,15616,92340,3.3005668976249583,0.20581469990371243
9938,0.3554047619047618,0,1,0,249295,356315,15616,92340,3.3005576345918706,0.20581515864082647
9939,0.3554166666666666,0,4,0,249299,356311,15616,92340,3.3005205824595207,0.2058169936097323
9940,0.3554166666666667,0,4,0,249303,356307,15616,92340,3.3004835303271705,0.20581882861135814
9941,0.3554761904761905,2,2,2,249305,356305,15618,92338,3.300465004260995,0.2058162057582532
9942,0.3555,1,27,1,249332,356278,15619,92337,3.3002149023676313,0.20582682255386023
9943,0.3555238095238095,1,1,1,249333,356277,15620,92336,3.3002056393345436,0.2058255110752475
9944,0.355530303030303,0,1,0,249334,356276,15620,92336,3.3001963763014563,0.2058259698804312
9945,0.3555555555555555,0,5,0,249339,356271,15620,92336,3.3001500611360184,0.20582826393703174
9946,0.3555833333333333,0,1,0,249340,356270,15620,92336,3.3001407981029307,0.20582872275448835
9947,0.355595238095238,0,1,0,249341,356269,15620,92336,3.3001315350698435,0.2058291815739905
9948,0.3556111111111111,0,2,0,249343,356267,15620,92336,3.300113009003668,0.2058300992191314
9949,0.3556428571428571,0,1,0,249344,356266,15620,92336,3.3001037459705804,0.20583055804477018
9950,0.3556630591630593,0,4,0,249348,356262,15620,92336,3.3000666938382306,0.2058323933677814
9951,0.3556666666666666,4,34,4,249382,356228,15624,92332,3.2997517507132534,0.20584091314428393
9952,0.3556666666666667,1,7,1,249389,356221,15625,92331,3.2996869094816406,0.20584235495550127
9953,0.3556904761904761,0,2,0,249391,356219,15625,92331,3.2996683834154656,0.20584327276780737
9954,0.3557142857142856,0,1,0,249392,356218,15625,92331,3.299659120382378,0.2058437316770297
9955,0.3557142857142857,0,14,0,249406,356204,15625,92331,3.299529437919152,0.20585015662099948
9956,0.3557380952380952,0,1,0,249407,356203,15625,92331,3.2995201748860645,0.20585061556091622
9957,0.35575,0,1,0,249408,356202,15625,92331,3.2995109118529773,0.2058510745028794
9958,0.3558095238095238,1,1,1,249409,356201,15626,92330,3.2995016488198896,0.20584976289264287
9959,0.3558333333333333,15,151,15,249560,356050,15641,92315,3.298102930823669,0.20589252060263402
9960,0.3558571428571428,0,3,0,249563,356047,15641,92315,3.2980751417244063,0.20589389823401627
9961,0.3558809523809523,1,0,1,249563,356047,15642,92314,3.2980751417244063,0.20589212710293714
9962,0.3559523809523808,0,1,0,249564,356046,15642,92314,3.2980658786913186,0.20589258631456864
9963,0.3559523809523809,0,5,0,249569,356041,15642,92314,3.298019563525881,0.20589488240345263
9964,0.3559761904761905,0,1,0,249570,356040,15642,92314,3.2980103004927934,0.2058953416273748
9965,0.3559999999999999,0,9,0,249579,356031,15642,92314,3.297926933195005,0.2058994747348582
9966,0.356,12,135,12,249714,355896,15654,92302,3.2966764237281856,0.2059402317725648
9967,0.356031746031746,0,1,0,249715,355895,15654,92302,3.296667160695098,0.2059406912585314
9968,0.3560454545454545,0,1,0,249716,355894,15654,92302,3.2966578976620102,0.2059411507465484
9969,0.356047619047619,0,3,0,249719,355891,15654,92302,3.2966301085627476,0.20594252922290174
9970,0.3560714285714286,2,2,2,249721,355889,15656,92300,3.2966115824965727,0.20593990481694108
9971,0.3561060606060606,0,1,0,249722,355888,15656,92300,3.296602319463485,0.20594036431140503
9972,0.3561111111111111,0,4,0,249726,355884,15656,92300,3.2965652673311348,0.20594220230976562
9973,0.3561150793650793,0,4,0,249730,355880,15656,92300,3.2965282151987845,0.20594404034093444
9974,0.3561428571428571,0,1,0,249731,355879,15656,92300,3.2965189521656972,0.20594449985385305
9975,0.3561666666666666,0,7,0,249738,355872,15656,92300,3.2964541109340844,0.20594771650170024
9976,0.3561666666666667,1,13,1,249751,355859,15657,92299,3.296333691503946,0.20595191874294333
9977,0.3561904761904761,1,0,1,249751,355859,15658,92298,3.296333691503946,0.20595014693511426
9978,0.3561904761904762,1,1,1,249752,355858,15659,92297,3.2963244284708586,0.2059488346665774
9979,0.3562034632034632,0,1,0,249753,355857,15659,92297,3.296315165437771,0.20594929421582758
9980,0.3562222222222222,0,1,0,249754,355856,15659,92297,3.2963059024046832,0.20594975376712862
9981,0.3562222222222223,0,1,0,249755,355855,15659,92297,3.296296639371596,0.20595021332048055
9982,0.3562380952380952,0,1,0,249756,355854,15659,92297,3.2962873763385083,0.20595067287588334
9983,0.35625,0,8,0,249764,355846,15659,92297,3.2962132720738078,0.2059543493929393
9984,0.3562698412698413,0,1,0,249765,355845,15659,92297,3.29620400904072,0.2059548089668007
9985,0.3562857142857142,0,1,0,249766,355844,15659,92297,3.296194746007633,0.20595526854271312
9986,0.3563055555555555,0,1,0,249767,355843,15659,92297,3.296185482974545,0.20595572812067658
9987,0.3563095238095238,1,2,1,249769,355841,15660,92296,3.2961669569083702,0.20595487540640472
9988,0.356313492063492,0,1,0,249770,355840,15660,92296,3.2961576938752826,0.20595533498759305
9989,0.3563333333333333,3,24,3,249794,355816,15663,92293,3.2959353810811813,0.2059610496553294
9990,0.3563333333333334,1,5,1,249799,355811,15664,92292,3.2958890659157434,0.20596157579842134
9991,0.3563419913419913,0,1,0,249800,355810,15664,92292,3.2958798028826557,0.20596203542943348
9992,0.3563571428571429,0,1,0,249801,355809,15664,92292,3.2958705398495685,0.20596249506249706
9993,0.3563809523809523,0,1,0,249802,355808,15664,92292,3.295861276816481,0.20596295469761214
9994,0.3563928571428573,0,4,0,249806,355804,15664,92292,3.2958242246841305,0.20596479325858744
9995,0.3564047619047619,0,1,0,249807,355803,15664,92292,3.295814961651043,0.2059652529039601
9996,0.3564271284271285,0,1,0,249808,355802,15664,92292,3.2958056986179556,0.2059657125513843
9997,0.3564285714285714,0,2,0,249810,355800,15664,92292,3.29578717255178,0.20596663185238745
9998,0.3564285714285715,0,1,0,249811,355799,15664,92292,3.295777909518693,0.20596709150596643
9999,0.3564722222222222,1,3,1,249814,355796,15665,92291,3.29575012041943,0.20596669843133142
10000,0.3565,0,35,0,249849,355761,15665,92291,3.2954259142613656,0.20598278771214054
10001,0.3565238095238094,0,1,0,249850,355760,15665,92291,3.2954166512282783,0.20598324744281343
10002,0.3565238095238095,0,1,0,249851,355759,15665,92291,3.2954073881951906,0.20598370717553843
10003,0.356547619047619,0,2,0,249853,355757,15665,92291,3.2953888621290157,0.20598462664714495
10004,0.3565555555555555,0,1,0,249854,355756,15665,92291,3.295379599095928,0.20598508638602647
10005,0.3565714285714286,0,1,0,249855,355755,15665,92291,3.2953703360628404,0.20598554612696018
10006,0.3565952380952381,0,1,0,249856,355754,15665,92291,3.2953610730297527,0.2059860058699461
10007,0.3566190476190476,0,1,0,249857,355753,15665,92291,3.2953518099966654,0.20598646561498424
10008,0.3566428571428571,0,1,0,249858,355752,15665,92291,3.2953425469635778,0.20598692536207464
10009,0.3566666666666666,35,397,35,250255,355355,15700,92256,3.2916651228278186,0.2061075353376034
10010,0.3566666666666667,48,479,48,250734,354876,15748,92208,3.2872281299788804,0.2062431220978608
10011,0.3567142857142857,1,2,1,250736,354874,15749,92207,3.287209603912705,0.2062422692979572
10012,0.3567222222222222,0,1,0,250737,354873,15749,92207,3.2872003408796178,0.20624273060749754
10013,0.3567272459222924,0,1,0,250738,354872,15749,92207,3.28719107784653,0.20624319191910154
10014,0.3567460317460317,0,1,0,250739,354871,15749,92207,3.2871818148134424,0.20624365323276922
10015,0.3567499999999999,1,2,1,250741,354869,15750,92206,3.2871632887472675,0.20624280042498463
10016,0.3567619047619048,0,1,0,250742,354868,15750,92206,3.28715402571418,0.20624326174190402
10017,0.3567857142857143,1,2,1,250744,354866,15751,92205,3.287135499648005,0.2062424089238622
10018,0.3568333333333333,0,1,0,250745,354865,15751,92205,3.287126236614917,0.20624287024403337
10019,0.3568333333333334,4,10,4,250755,354855,15755,92201,3.2870336062840417,0.20624038151819907
10020,0.3568571428571428,0,3,0,250758,354852,15755,92201,3.287005817184779,0.20624176551773504
10021,0.3569047619047619,0,8,0,250766,354844,15755,92201,3.2869317129200786,0.2062454562739769
10022,0.3569090909090909,1,0,1,250766,354844,15756,92200,3.2869317129200786,0.20624368071151833
10023,0.3569166666666666,0,1,0,250767,354843,15756,92200,3.286922449886991,0.2062441420623967
10024,0.3569523809523809,0,2,0,250769,354841,15756,92200,3.286903923820816,0.20624506477034546
10025,0.357,3,59,3,250828,354782,15759,92197,3.2863574048686504,0.20626696108765735
10026,0.3570476190476191,0,1,0,250829,354781,15759,92197,3.2863481418355627,0.20626742255770977
10027,0.3570833333333333,0,2,0,250831,354779,15759,92197,3.2863296157693873,0.20626834550400916
10028,0.357095238095238,0,1,0,250832,354778,15759,92197,3.2863203527363,0.20626880698025615
10029,0.3570952380952381,0,2,0,250834,354776,15759,92197,3.2863018266701247,0.20626972993894485
10030,0.3571428571428571,1,9,1,250843,354767,15760,92196,3.286218459372337,0.20627210753462816
10031,0.3571666666666666,1,1,1,250844,354766,15761,92195,3.2862091963392492,0.2062707932011965
10032,0.3571666666666667,2,11,2,250855,354755,15763,92193,3.286107302975286,0.2062723180325228
10033,0.3572142857142857,0,1,0,250856,354754,15763,92193,3.286098039942199,0.20627277954656817
10034,0.3572222222222222,0,1,0,250857,354753,15763,92193,3.286088776909111,0.20627324106267872
10035,0.3572380952380952,0,1,0,250858,354752,15763,92193,3.2860795138760235,0.20627370258085448
10036,0.3572499999999999,0,3,0,250861,354749,15763,92193,3.286051724776761,0.2062750871477731
10037,0.35725,0,1,0,250862,354748,15763,92193,3.286042461743673,0.2062755486742098
10038,0.3572619047619047,0,1,0,250863,354747,15763,92193,3.286033198710586,0.20627601020271177
10039,0.3572857142857142,0,1,0,250864,354746,15763,92193,3.2860239356774983,0.20627647173327904
10040,0.3573333333333333,5,65,5,250929,354681,15768,92188,3.285421838526807,0.20629759504463277
10041,0.3573333333333334,0,1,0,250930,354680,15768,92188,3.28541257549372,0.20629805669683218
10042,0.3573690476190476,0,1,0,250931,354679,15768,92188,3.285403312460632,0.20629851835109775
10043,0.3573809523809523,1,2,1,250933,354677,15769,92187,3.285384786394457,0.20629766550896916
10044,0.3573809523809524,1,3,1,250936,354674,15770,92186,3.285356997295194,0.20629727431410286
10045,0.3573917748917748,0,1,0,250937,354673,15770,92186,3.285347734262107,0.20629773597488246
10046,0.3574166666666666,0,1,0,250938,354672,15770,92186,3.2853384712290192,0.2062981976377283
10047,0.3574523809523809,0,1,0,250939,354671,15770,92186,3.2853292081959315,0.20629865930264044
10048,0.3574642857142857,0,1,0,250940,354670,15770,92186,3.2853199451628443,0.20629912096961886
10049,0.3574761904761904,0,1,0,250941,354669,15770,92186,3.2853106821297566,0.20629958263866355
10050,0.3574999999999999,0,3,0,250944,354666,15770,92186,3.285282893030494,0.20630096765819556
10051,0.3575,34,428,34,251372,354238,15804,92152,3.281318314869021,0.20643831627052578
10052,0.3575000000000001,0,5,0,251377,354233,15804,92152,3.281271999703583,0.2064406286053519
10053,0.3575198412698412,0,1,0,251378,354232,15804,92152,3.281262736670495,0.20644109107853328
10054,0.3575238095238095,0,1,0,251379,354231,15804,92152,3.281253473637408,0.20644155355378677
10055,0.3575263347763348,0,1,0,251380,354230,15804,92152,3.2812442106043203,0.20644201603111237
10056,0.357547619047619,1,1,1,251381,354229,15805,92151,3.2812349475712326,0.20644070074824142
10057,0.3575952380952381,0,2,0,251383,354227,15805,92151,3.2812164215050577,0.20644162570736013
10058,0.3576190476190476,2,4,2,251387,354223,15807,92149,3.2811793693727074,0.20643992006667086
10059,0.3576666666666666,8,39,8,251426,354184,15815,92141,3.2808181110822927,0.20644373494650758
10060,0.3576666666666667,0,7,0,251433,354177,15815,92141,3.28075326985068,0.20644697278621968
10061,0.3577023809523809,1,1,1,251434,354176,15816,92140,3.280744006817592,0.20644565733695408
10062,0.3577272727272727,0,2,0,251436,354174,15816,92140,3.2807254807514172,0.2064465824509202
10063,0.3577380952380952,0,1,0,251437,354173,15816,92140,3.2807162177183296,0.20644704501101246
10064,0.35775,0,3,0,251440,354170,15816,92140,3.280688428619067,0.20644843270372612
10065,0.3577777777777778,0,2,0,251442,354168,15816,92140,3.280669902552892,0.20644935784256613
10066,0.3577857142857143,0,1,0,251443,354167,15816,92140,3.2806606395198044,0.20644982041509544
10067,0.3578095238095238,0,1,0,251444,354166,15816,92140,3.2806513764867167,0.20645028298969764
10068,0.3578333333333333,1,12,1,251456,354154,15817,92139,3.2805402200896663,0.20645405596771627
10069,0.3578571428571427,1,0,1,251456,354154,15818,92138,3.2805402200896663,0.2064522778808493
10070,0.3578571428571429,1,8,1,251464,354146,15819,92137,3.2804661158249657,0.206454200585727
10071,0.3579047619047618,0,1,0,251465,354145,15819,92137,3.280456852791878,0.20645466319502018
10072,0.3579047619047619,0,1,0,251466,354144,15819,92137,3.280447589758791,0.20645512580638656
10073,0.3579166666666666,0,3,0,251469,354141,15819,92137,3.2804198006595278,0.20645651365292486
10074,0.3579166666666667,0,2,0,251471,354139,15819,92137,3.280401274593353,0.20645743889431653
10075,0.3579285714285714,0,1,0,251472,354138,15819,92137,3.280392011560265,0.20645790151812224
10076,0.3579523809523809,1,0,1,251472,354138,15820,92136,3.280392011560265,0.206456123368155
10077,0.3579761904761905,2,2,2,251474,354136,15822,92134,3.2803734854940902,0.206453492280458
10078,0.358,11,100,11,251574,354036,15833,92123,3.2794471821853346,0.2064802010045746
10079,0.358047619047619,0,1,0,251575,354035,15833,92123,3.2794379191522474,0.20648066380071634
10080,0.3580833333333333,0,1,0,251576,354034,15833,92123,3.2794286561191597,0.20648112659893267
10081,0.3580952380952381,0,3,0,251579,354031,15833,92123,3.279400867019897,0.20648251500602932
10082,0.3580963203463204,0,2,0,251581,354029,15833,92123,3.2793823409537217,0.2064834406211336
10083,0.3581666666666666,1,8,1,251589,354021,15834,92122,3.2793082366890216,0.20648536455800046
10084,0.3581666666666667,0,4,0,251593,354017,15834,92122,3.2792711845566713,0.2064872158677004
10085,0.3582142857142857,0,9,0,251602,354008,15834,92122,3.279187817258883,0.20649138143590434
10086,0.3582380952380953,0,1,0,251603,354007,15834,92122,3.279178554225796,0.20649184428719047
10087,0.35825,0,1,0,251604,354006,15834,92122,3.279169291192708,0.20649230714055158
10088,0.3582857142857143,1,1,1,251605,354005,15835,92121,3.2791600281596205,0.20649099133428672
10089,0.3583095238095238,1,0,1,251605,354005,15836,92120,3.2791600281596205,0.20648921266461193
10090,0.3583333333333333,46,475,46,252080,353530,15882,92074,3.2747600874430325,0.20662740908968502
10091,0.3583809523809523,0,4,0,252084,353526,15882,92074,3.274723035310682,0.20662926391382405
10092,0.3583888888888888,0,2,0,252086,353524,15882,92074,3.274704509244507,0.20663019133838123
10093,0.3584444444444444,0,1,0,252087,353523,15882,92074,3.2746952462114196,0.20663065505378178
10094,0.3584999999999999,0,5,0,252092,353518,15882,92074,3.2746489310459816,0.2066329736620047
10095,0.3585,1,33,1,252125,353485,15883,92073,3.2743432509540926,0.20664649720126224
10096,0.3585714285714285,0,3,0,252128,353482,15883,92073,3.2743154618548296,0.20664788858838976
10097,0.3585714285714286,2,9,2,252137,353473,15885,92071,3.274232094557042,0.20664850160702422
10098,0.3585952380952381,1,2,1,252139,353471,15886,92070,3.274213568490867,0.20664764858901874
10099,0.3586111111111111,1,2,1,252141,353469,15887,92069,3.2741950424246915,0.20664679555952578
10100,0.3586190476190476,0,2,0,252143,353467,15887,92069,3.2741765163585166,0.20664772319184083
10101,0.3586388888888889,0,1,0,252144,353466,15887,92069,3.274167253325429,0.20664818701112145
10102,0.3586428571428571,0,1,0,252145,353465,15887,92069,3.2741579902923412,0.20664865083248415
10103,0.3586666666666666,1,2,1,252147,353463,15888,92068,3.2741394642261663,0.2066477977963374
10104,0.3586666666666667,1,18,1,252165,353445,15889,92067,3.2739727296305903,0.20665436621235792
10105,0.3586878513643219,0,1,0,252166,353444,15889,92067,3.2739634665975026,0.20665483007153584
10106,0.3586904761904762,1,2,1,252168,353442,15890,92066,3.2739449405313277,0.20665397703296012
10107,0.3587121212121212,0,1,0,252169,353441,15890,92066,3.27393567749824,0.20665444089542925
10108,0.3587142857142857,0,1,0,252170,353440,15890,92066,3.2739264144651523,0.20665490475998077
10109,0.35875,1,10,1,252180,353430,15891,92065,3.273833784134277,0.20665776271338623
10110,0.3587857142857143,1,1,1,252181,353429,15892,92064,3.273824521101189,0.20665644578029285
10111,0.3587878787878788,0,1,0,252182,353428,15892,92064,3.273815258068102,0.20665690966392214
10112,0.3588095238095238,0,3,0,252185,353425,15892,92064,3.2737874689688393,0.2066583013273055
10113,0.3588333333333333,1,5,1,252190,353420,15893,92063,3.2737411538034014,0.20665883995573345
10114,0.3588333333333334,0,3,0,252193,353417,15893,92063,3.2737133647041388,0.20666023166023165
10115,0.3588571428571429,0,3,0,252196,353414,15893,92063,3.273685575604876,0.20666162338347435
10116,0.3588888888888888,0,3,0,252199,353411,15893,92063,3.2736577865056136,0.20666301512546187
10117,0.3588888888888889,0,1,0,252200,353410,15893,92063,3.273648523472526,0.20666347904362328
10118,0.3589285714285714,0,2,0,252202,353408,15893,92063,3.2736299974063505,0.2066644068861946
10119,0.3589444444444444,0,1,0,252203,353407,15893,92063,3.2736207343732633,0.20666487081060453
10120,0.3589523809523809,1,1,1,252204,353406,15894,92062,3.2736114713401756,0.2066635538355168
10121,0.3589999999999999,2,1,2,252205,353405,15896,92060,3.273602208307088,0.20666045592807517
10122,0.359,8,97,8,252302,353308,15904,92052,3.2727036940975953,0.20669121609484462
10123,0.3590277777777778,0,1,0,252303,353307,15904,92052,3.2726944310645076,0.20669168019507858
10124,0.3590367965367965,0,1,0,252304,353306,15904,92052,3.2726851680314204,0.2066921442973967
10125,0.359047619047619,0,6,0,252310,353300,15904,92052,3.2726295898328948,0.20669492895507374
10126,0.359090909090909,0,1,0,252311,353299,15904,92052,3.2726203267998075,0.20669539307198143
10127,0.3590952380952381,0,1,0,252312,353298,15904,92052,3.27261106376672,0.2066958571909734
10128,0.3591071428571428,0,1,0,252313,353297,15904,92052,3.272601800733632,0.20669632131204965
10129,0.3591111111111111,0,1,0,252314,353296,15904,92052,3.2725925377005445,0.20669678543521022
10130,0.3591269841269842,0,1,0,252315,353295,15904,92052,3.2725832746674572,0.2066972495604551
10131,0.3591388888888889,1,4,1,252319,353291,15905,92051,3.272546222535107,0.206697324752662
10132,0.3591666666666666,7,60,7,252379,353231,15912,92044,3.2719904405498537,0.2067127056313514
10133,0.3591666666666667,5,77,5,252456,353154,15917,92039,3.271277187002112,0.20673954891474036
10134,0.3591904761904761,1,1,1,252457,353153,15918,92038,3.2712679239690243,0.20673823145571227
10135,0.3591944444444444,0,1,0,252458,353152,15918,92038,3.2712586609359366,0.20673869583773222
10136,0.3592380952380952,0,2,0,252460,353150,15918,92038,3.2712401348697617,0.20673962460803078
10137,0.3592499999999999,0,1,0,252461,353149,15918,92038,3.271230871836674,0.2067400889963094
10138,0.3592777777777777,0,2,0,252463,353147,15918,92038,3.271212345770499,0.20674101777912554
10139,0.3592784992784992,0,4,0,252467,353143,15918,92038,3.271175293638149,0.2067428753697934
10140,0.3592857142857142,0,1,0,252468,353142,15918,92038,3.271166030605061,0.20674333977267623
10141,0.3592857142857143,2,12,2,252480,353130,15920,92036,3.2710548742080108,0.20674534892601862
10142,0.3592857142857144,0,1,0,252481,353129,15920,92036,3.271045611174923,0.20674581335010614
10143,0.3593055555555555,0,2,0,252483,353127,15920,92036,3.271027085108748,0.2067467422045408
10144,0.3593095238095238,1,0,1,252483,353127,15921,92035,3.271027085108748,0.20674496026165756
10145,0.3593333333333333,0,9,0,252492,353118,15921,92035,3.27094371781096,0.20674914018326282
10146,0.3593333333333334,9,42,9,252534,353076,15930,92026,3.2705546704212827,0.2067526095142237
10147,0.3593571428571429,0,1,0,252535,353075,15930,92026,3.270545407388195,0.2067530740214019
10148,0.3593809523809523,0,1,0,252536,353074,15930,92026,3.2705361443551078,0.20675353853066727
10149,0.359392857142857,0,1,0,252537,353073,15930,92026,3.27052688132202,0.20675400304201985
10150,0.3594166666666666,0,1,0,252538,353072,15930,92026,3.2705176182889324,0.2067544675554597
10151,0.3594246031746032,0,3,0,252541,353069,15930,92026,3.27048982918967,0.2067558611083027
10152,0.3594285714285714,0,1,0,252542,353068,15930,92026,3.270480566156582,0.2067563256300916
10153,0.3594444444444444,0,2,0,252544,353066,15930,92026,3.270462040090407,0.20675725467993133
10154,0.3594761904761904,0,3,0,252547,353063,15930,92026,3.2704342509911446,0.20675864827034593
10155,0.3594999999999999,0,3,0,252550,353060,15930,92026,3.270406461891882,0.20676004187954689
10156,0.3595,2,23,2,252573,353037,15932,92024,3.270193412130868,0.20676716225416292
10157,0.3595238095238094,0,2,0,252575,353035,15932,92024,3.270174886064693,0.2067680914215868
10158,0.3595238095238096,0,2,0,252577,353033,15932,92024,3.2701563599985177,0.20676902059736169
10159,0.3595357142857143,0,1,0,252578,353032,15932,92024,3.2701470969654305,0.20676948518838079
10160,0.3595555555555556,0,2,0,252580,353030,15932,92024,3.270128570899255,0.2067704143766824
10161,0.3595714285714285,0,1,0,252581,353029,15932,92024,3.270119307866168,0.2067708789739649
10162,0.3595833333333333,0,3,0,252584,353026,15932,92024,3.270091518766905,0.2067722727783395
10163,0.359595238095238,0,2,0,252586,353024,15932,92024,3.27007299270073,0.20677320199169527
10164,0.3596428571428571,0,9,0,252595,353015,15932,92024,3.269989625402942,0.2067773835551491
10165,0.3596666666666666,0,1,0,252596,353014,15932,92024,3.2699803623698545,0.2067778481837506
10166,0.3596666666666667,2,33,2,252629,352981,15934,92022,3.269674682277965,0.20678961714864844
10167,0.3597142857142856,1,2,1,252631,352979,15935,92021,3.26965615621179,0.2067887640449438
10168,0.3597380952380952,0,4,0,252635,352975,15935,92021,3.26961910407944,0.2067906228370592
10169,0.35975,0,1,0,252636,352974,15935,92021,3.269609841046352,0.20679108754030945
10170,0.3597619047619047,0,2,0,252638,352972,15935,92021,3.269591314980177,0.20679201695307567
10171,0.3597619047619048,0,1,0,252639,352971,15935,92021,3.2695820519470895,0.20679248166259168
10172,0.3598095238095238,0,2,0,252641,352969,15935,92021,3.2695635258809146,0.20679341108788962
10173,0.3598333333333333,1,13,1,252654,352956,15936,92020,3.269443106450776,0.2067976699866959
10174,0.3598571428571428,0,1,0,252655,352955,15936,92020,3.269433843417689,0.20679813472667002
10175,0.3598809523809524,0,3,0,252658,352952,15936,92020,3.2694060543184262,0.2067995289591255
10176,0.3599166666666666,0,1,0,252659,352951,15936,92020,3.2693967912853386,0.20679999370745508
10177,0.3599285714285714,0,1,0,252660,352950,15936,92020,3.269387528252251,0.20680045845787356
10178,0.3599523809523809,0,2,0,252662,352948,15936,92020,3.269369002186076,0.20680138796497727
10179,0.3599999999999999,4,15,4,252677,352933,15940,92016,3.2692300566897625,0.20680122890488573
10180,0.36,337,3785,337,256462,349148,16277,91679,3.2341694764533697,0.2079704736778827
10181,0.3600000000000001,3,20,3,256482,349128,16280,91676,3.2339842157916188,0.20797451928748378
10182,0.3600238095238095,0,1,0,256483,349127,16280,91676,3.233974952758531,0.20797499109579562
10183,0.360047619047619,0,2,0,256485,349125,16280,91676,3.233956426692356,0.20797593471884138
10184,0.3601190476190476,1,1,1,256486,349124,16281,91675,3.2339471636592685,0.20797460974276258
10185,0.3601428571428572,0,2,0,256488,349122,16281,91675,3.2339286375930936,0.20797555337264093
10186,0.3601666666666666,1,17,1,256505,349105,16282,91674,3.233771166030605,0.20798177771627052
10187,0.3601666666666667,0,2,0,256507,349103,16282,91674,3.23375263996443,0.20798272142148977
10188,0.3601746031746032,0,1,0,256508,349102,16282,91674,3.2337433769313426,0.20798319327731093
10189,0.3602380952380952,1,2,1,256510,349100,16283,91673,3.2337248508651673,0.2079823401161142
10190,0.3602499999999999,1,0,1,256510,349100,16284,91672,3.2337248508651673,0.20798054322869874
10191,0.3602619047619048,0,1,0,256511,349099,16284,91672,3.2337155878320796,0.20798101508493072
10192,0.3602777777777777,0,1,0,256512,349098,16284,91672,3.2337063247989923,0.20798148694330376
10193,0.3602777777777778,0,1,0,256513,349097,16284,91672,3.2336970617659047,0.20798195880381787
10194,0.3602857142857142,0,2,0,256515,349095,16284,91672,3.2336785356997297,0.20798290253126936
10195,0.360297619047619,0,3,0,256518,349092,16284,91672,3.2336507466004667,0.20798431813850496
10196,0.3603253968253967,0,1,0,256519,349091,16284,91672,3.2336414835673795,0.2079847900118658
10197,0.3603333333333332,0,1,0,256520,349090,16284,91672,3.233632220534292,0.2079852618873678
10198,0.3603333333333333,3,19,3,256539,349071,16287,91669,3.233456222905628,0.2079888369560285
10199,0.3603333333333334,2,4,2,256543,349067,16289,91667,3.233419170773278,0.2079871305594758
10200,0.3603419913419913,0,1,0,256544,349066,16289,91667,3.2334099077401905,0.20798760247133752
10201,0.3603571428571428,0,1,0,256545,349065,16289,91667,3.233400644707103,0.20798807438534075
10202,0.3603809523809523,0,1,0,256546,349064,16289,91667,3.233391381674015,0.2079885463014855
10203,0.3604166666666666,0,3,0,256549,349061,16289,91667,3.2333635925747526,0.20798996206276887
10204,0.3604166666666667,0,1,0,256550,349060,16289,91667,3.233354329541665,0.20799043398747977
10205,0.3604285714285714,0,4,0,256554,349056,16289,91667,3.233317277409315,0.20799232170773932
10206,0.3604523809523809,0,1,0,256555,349055,16289,91667,3.2333080143762274,0.20799279364315829
10207,0.3604761904761904,0,1,0,256556,349054,16289,91667,3.2332987513431397,0.20799326558071887
10208,0.3604761904761905,1,8,1,256564,349046,16290,91666,3.233224647078439,0.20799524405961262
10209,0.3605,2,28,2,256592,349018,16292,91664,3.2329652821519876,0.20800486518623407
10210,0.3605238095238095,0,2,0,256594,349016,16292,91664,3.2329467560858127,0.20800580920395753
10211,0.3605238095238096,0,1,0,256595,349015,16292,91664,3.232937493052725,0.20800628121603254
10212,0.360547619047619,0,2,0,256597,349013,16292,91664,3.23291896698655,0.2080072252466092
10213,0.3605555555555556,0,2,0,256599,349011,16292,91664,3.2329004409203748,0.2080081692857548
10214,0.3605714285714285,0,1,0,256600,349010,16292,91664,3.2328911778872875,0.20800864130854102
10215,0.3605833333333333,0,2,0,256602,349008,16292,91664,3.232872651821112,0.20800958536054026
10216,0.3605952380952381,0,3,0,256605,349005,16292,91664,3.2328448627218496,0.20801100145460652
10217,0.3606111111111111,0,1,0,256606,349004,16292,91664,3.232835599688762,0.20801147349024662
10218,0.3606428571428572,0,1,0,256607,349003,16292,91664,3.2328263366556746,0.2080119455280291
10219,0.3606666666666666,2,48,2,256655,348955,16294,91662,3.2323817110674717,0.20803101105949157
10220,0.3606666666666667,0,14,0,256669,348941,16294,91662,3.232252028604246,0.20803762116917043
10221,0.3606825396825397,0,1,0,256670,348940,16294,91662,3.2322427655711587,0.20803809333593584
10222,0.3607142857142857,0,11,0,256681,348929,16294,91662,3.2321408722071956,0.20804328731181526
10223,0.3607539682539682,0,4,0,256685,348925,16294,91662,3.2321038200748453,0.20804517609461923
10224,0.3607619047619047,0,2,0,256687,348923,16294,91662,3.2320852940086704,0.20804612049888216
10225,0.3607619047619048,0,1,0,256688,348922,16294,91662,3.2320760309755827,0.20804659270422893
10226,0.3608095238095238,1,1,1,256689,348921,16295,91661,3.232066767942495,0.2080452673963076
10227,0.3608095238095239,0,1,0,256690,348920,16295,91661,3.2320575049094074,0.2080457396029334
10228,0.360813492063492,0,2,0,256692,348918,16295,91661,3.2320389788432324,0.2080466840226157
10229,0.3608333333333333,16,169,16,256861,348749,16311,91645,3.2304735262514357,0.20809774883399865
10230,0.3608412698412699,0,1,0,256862,348748,16311,91645,3.230464263218348,0.20809822136137496
10231,0.3608571428571429,1,0,1,256862,348748,16312,91644,3.230464263218348,0.20809642318661556
10232,0.3609166666666666,0,1,0,256863,348747,16312,91644,3.2304550001852608,0.20809689571312764
10233,0.3609365079365079,0,3,0,256866,348744,16312,91644,3.230427211085998,0.20809831330553966
10234,0.360939393939394,0,4,0,256870,348740,16312,91644,3.230390158953648,0.2081002034587996
10235,0.3609523809523808,1,1,1,256871,348739,16313,91643,3.23038089592056,0.208098877792462
10236,0.3609523809523809,1,4,1,256875,348735,16314,91642,3.23034384378821,0.2080989697463764
10237,0.360952380952381,0,3,0,256878,348732,16314,91642,3.2303160546889473,0.20810038739798445
10238,0.3609999999999999,1,9,1,256887,348723,16315,91641,3.2302326873911595,0.20810284219418482
10239,0.361,9,93,9,256980,348630,16324,91632,3.2293712253140168,0.20813061313490602
10240,0.3610000000000001,0,1,0,256981,348629,16324,91632,3.229361962280929,0.20813108587860382
10241,0.3610238095238095,0,2,0,256983,348627,16324,91632,3.229343436214754,0.20813203137244213
10242,0.3610714285714286,0,1,0,256984,348626,16324,91632,3.2293341731816665,0.20813250412258266
10243,0.3611111111111111,0,4,0,256988,348622,16324,91632,3.229297121049316,0.20813439514462106
10244,0.3611153846153845,0,1,0,256989,348621,16324,91632,3.229287858016229,0.2081348679054998
10245,0.3611428571428571,0,2,0,256991,348619,16324,91632,3.2292693319500536,0.20813581343370033
10246,0.3611666666666666,0,2,0,256993,348617,16324,91632,3.2292508058838787,0.2081367589704917
10247,0.3611666666666667,2,13,2,257006,348604,16326,91630,3.2291303864537406,0.20813930773179717
10248,0.3611904761904762,0,1,0,257007,348603,16326,91630,3.229121123420653,0.20813978052531273
10249,0.3612261904761905,0,2,0,257009,348601,16326,91630,3.2291025973544776,0.20814072611878764
10250,0.3612380952380952,0,3,0,257012,348598,16326,91630,3.229074808255215,0.2081421445251097
10251,0.36125,1,9,1,257021,348589,16327,91629,3.228991440957427,0.20814460108400837
10252,0.3612698412698412,1,0,1,257021,348589,16328,91628,3.228991440957427,0.2081428022997749
10253,0.3612857142857142,1,0,1,257021,348589,16329,91627,3.228991440957427,0.2081410035073691
10254,0.3613030303030303,0,1,0,257022,348588,16329,91627,3.2289821779243395,0.20814147632406893
10255,0.3613095238095238,0,2,0,257024,348586,16329,91627,3.2289636518581646,0.20814242196391292
10256,0.3613333333333333,3,23,3,257047,348563,16332,91624,3.2287506020971506,0.20814790077853276
10257,0.3613333333333334,1,5,1,257052,348558,16333,91623,3.228704286931713,0.20814846619913172
10258,0.3613571428571429,1,0,1,257052,348558,16334,91622,3.228704286931713,0.20814666727247944
10259,0.3613809523809524,0,1,0,257053,348557,16334,91622,3.2286950238986254,0.20814714014071548
10260,0.3613888888888888,0,1,0,257054,348556,16334,91622,3.2286857608655377,0.20814761301110005
10261,0.3614215686274509,0,1,0,257055,348555,16334,91622,3.2286764978324505,0.20814808588363318
10262,0.3614285714285714,3,10,3,257065,348545,16337,91619,3.2285838675015746,0.20814741778064538
10263,0.3614444444444444,0,1,0,257066,348544,16337,91619,3.2285746044684873,0.20814789066777534
10264,0.3615,4,37,4,257103,348507,16341,91615,3.2282318722442476,0.20815819250117013
10265,0.3615086580086579,1,1,1,257104,348506,16342,91614,3.22822260921116,0.2081568663091884
10266,0.3615238095238095,0,3,0,257107,348503,16342,91614,3.2281948201118973,0.2081582851832581
10267,0.361547619047619,0,3,0,257110,348500,16342,91614,3.2281670310126347,0.20815970407667103
10268,0.3615476190476191,1,0,1,257110,348500,16343,91613,3.2281670310126347,0.2081579049016957
10269,0.3615555555555556,0,1,0,257111,348499,16343,91613,3.228157767979547,0.20815837786745192
10270,0.3615714285714286,0,1,0,257112,348498,16343,91613,3.2281485049464598,0.20815885083535746
10271,0.3616190476190475,0,1,0,257113,348497,16343,91613,3.228139241913372,0.20815932380541227
10272,0.3616190476190477,0,1,0,257114,348496,16343,91613,3.2281299788802844,0.20815979677761645
10273,0.3616666666666666,25,188,25,257302,348308,16368,91588,3.2263885286598244,0.20820375725171403
10274,0.3616666666666667,23,246,23,257548,348062,16391,91565,3.224109822520286,0.20827883637720157
10275,0.3616666666666668,0,1,0,257549,348061,16391,91565,3.2241005594871983,0.2082793101408925
10276,0.3616904761904762,1,1,1,257550,348060,16392,91564,3.224091296454111,0.20827798300365766
10277,0.3617142857142857,0,2,0,257552,348058,16392,91564,3.2240727703879357,0.20827893053577845
10278,0.3617777777777777,0,7,0,257559,348051,16392,91564,3.224007929156323,0.20828224696609535
10279,0.3617857142857143,0,3,0,257562,348048,16392,91564,3.2239801400570602,0.20828366832570538
10280,0.3618095238095238,0,1,0,257563,348047,16392,91564,3.2239708770239726,0.20828414211655305
10281,0.3618214285714285,0,1,0,257564,348046,16392,91564,3.2239616139908853,0.2082846159095562
10282,0.3618253968253968,1,0,1,257564,348046,16393,91563,3.2239616139908853,0.20828281495601775
10283,0.3618333333333333,0,5,0,257569,348041,16393,91563,3.2239152988254474,0.20828518393827172
10284,0.3618333333333334,1,3,1,257572,348038,16394,91562,3.2238875097261848,0.2082848043676069
10285,0.3618571428571428,0,2,0,257574,348036,16394,91562,3.22386898366001,0.2082857519824931
10286,0.3619047619047619,0,4,0,257578,348032,16394,91562,3.2238319315276596,0.20828764723813337
10287,0.3619166666666666,1,1,1,257579,348031,16395,91561,3.223822668494572,0.20828632004222097
10288,0.3619444444444444,1,0,1,257579,348031,16396,91560,3.223822668494572,0.20828451901881523
10289,0.3619523809523809,0,2,0,257581,348029,16396,91560,3.223804142428397,0.2082854666518043
10290,0.3619760239760239,1,0,1,257581,348029,16397,91559,3.223804142428397,0.208283665614166
10291,0.3619999999999999,0,8,0,257589,348021,16397,91559,3.2237300381636964,0.20828745620819875
10292,0.362,4,79,4,257668,347942,16401,91555,3.2229982585497794,0.2083176904506743
10293,0.3620476190476191,0,1,0,257669,347941,16401,91555,3.222988995516692,0.20831816444290732
10294,0.3620555555555556,0,1,0,257670,347940,16401,91555,3.2229797324836045,0.20831863843729737
10295,0.3620714285714285,1,3,1,257673,347937,16402,91554,3.222951943384342,0.20831825907697768
10296,0.3620833333333333,1,0,1,257673,347937,16403,91553,3.222951943384342,0.2083164577123484
10297,0.3621111111111111,0,1,0,257674,347936,16403,91553,3.222942680351254,0.20831693170932605
10298,0.3621190476190476,0,1,0,257675,347935,16403,91553,3.2229334173181665,0.20831740570846075
10299,0.3621190476190477,0,1,0,257676,347934,16403,91553,3.2229241542850793,0.20831787970975252
10300,0.3621385281385281,0,1,0,257677,347933,16403,91553,3.2229148912519916,0.20831835371320134
10301,0.3621428571428571,0,9,0,257686,347924,16403,91553,3.2228315239542034,0.20832261984131137
10302,0.3621428571428572,0,1,0,257687,347923,16403,91553,3.222822260921116,0.20832309386633172
10303,0.3621666666666666,1,4,1,257691,347919,16404,91552,3.222785208788766,0.2083231885607924
10304,0.3621666666666667,0,10,0,257701,347909,16404,91552,3.2226925784578904,0.2083279289857348
10305,0.3621904761904762,0,1,0,257702,347908,16404,91552,3.2226833154248027,0.20832840304009467
10306,0.3622142857142857,0,2,0,257704,347906,16404,91552,3.2226647893586278,0.20832935115528675
10307,0.3622222222222222,0,2,0,257706,347904,16404,91552,3.2226462632924524,0.2083302992791087
10308,0.3622380952380952,0,2,0,257708,347902,16404,91552,3.2226277372262775,0.2083312474115607
10309,0.36225,1,2,1,257710,347900,16405,91551,3.222609211160102,0.20833039405986106
10310,0.3622619047619047,1,2,1,257712,347898,16406,91550,3.222590685093927,0.20832954069651016
10311,0.3622857142857142,0,1,0,257713,347897,16406,91550,3.2225814220608395,0.2083300147685614
10312,0.3623333333333333,4,31,4,257744,347866,16410,91546,3.2222942680351254,0.20833750557563288
10313,0.3623809523809522,0,1,0,257745,347865,16410,91546,3.2222850050020377,0.2083379797046501
10314,0.3623809523809523,0,3,0,257748,347862,16410,91546,3.222257215902775,0.20833940210464988
10315,0.3623809523809524,0,8,0,257756,347854,16410,91546,3.2221831116380746,0.20834319526627218
10316,0.3623968253968254,0,3,0,257759,347851,16410,91546,3.222155322538812,0.20834461773749025
10317,0.3624105339105339,0,1,0,257760,347850,16410,91546,3.2221460595057247,0.20834509189887937
10318,0.3624444444444444,1,0,1,257760,347850,16411,91545,3.2221460595057247,0.20834329020585124
10319,0.3624523809523809,0,1,0,257761,347849,16411,91545,3.222136796472637,0.20834376436637733
10320,0.3624761904761904,1,0,1,257761,347849,16412,91544,3.222136796472637,0.20834196266212707
10321,0.3624761904761905,0,1,0,257762,347848,16412,91544,3.2221275334395494,0.2083424368217901
10322,0.3624848484848485,0,2,0,257764,347846,16412,91544,3.2221090073733745,0.208343385147591
10323,0.3624999999999999,1,2,1,257766,347844,16413,91543,3.222090481307199,0.20834253175446701
10324,0.3625,37,368,37,258134,347476,16450,91506,3.218681685130979,0.20845046038334145
10325,0.362547619047619,1,3,1,258137,347473,16451,91505,3.2186538960317166,0.20845008178086374
10326,0.3625714285714285,0,1,0,258138,347472,16451,91505,3.218644632998629,0.20845055663508566
10327,0.3625753968253968,0,1,0,258139,347471,16451,91505,3.2186353699655417,0.20845103149147107
10328,0.3625833333333333,0,1,0,258140,347470,16451,91505,3.218626106932454,0.20845150635001994
10329,0.3625952380952381,0,1,0,258141,347469,16451,91505,3.2186168438993663,0.2084519812107323
10330,0.3626071428571428,0,1,0,258142,347468,16451,91505,3.218607580866279,0.20845245607360818
10331,0.3626190476190476,0,4,0,258146,347464,16451,91505,3.218570528733929,0.20845435554674704
10332,0.3626388888888888,1,0,1,258146,347464,16452,91504,3.218570528733929,0.2084525523500574
10333,0.3626666666666666,5,63,5,258209,347401,16457,91499,3.217986957649413,0.2084734563681932
10334,0.3626666666666667,0,5,0,258214,347396,16457,91499,3.217940642483975,0.20847583134918374
10335,0.3627142857142856,0,1,0,258215,347395,16457,91499,3.2179313794508873,0.2084763063518754
10336,0.3627380952380952,3,3,3,258218,347392,16460,91496,3.2179035903516247,0.2084723209565994
10337,0.3627499999999999,1,5,1,258223,347387,16461,91495,3.217857275186187,0.20847289248590736
10338,0.3627748917748917,0,1,0,258224,347386,16461,91495,3.2178480121530995,0.2084733674959727
10339,0.3627777777777778,0,2,0,258226,347384,16461,91495,3.217829486086924,0.20847431752259735
10340,0.3628095238095238,0,1,0,258227,347383,16461,91495,3.217820223053837,0.20847479253915666
10341,0.3628333333333333,0,5,0,258232,347378,16461,91495,3.217773907888399,0.20847716765442395
10342,0.3628333333333334,0,3,0,258235,347375,16461,91495,3.2177461187891363,0.20847859274956138
10343,0.3628571428571428,1,15,1,258250,347360,16462,91494,3.217607173292823,0.2084839149238699
10344,0.3628571428571429,0,1,0,258251,347359,16462,91494,3.2175979102597356,0.20848438998935861
10345,0.362861111111111,1,1,1,258252,347358,16463,91493,3.217588647226648,0.2084830614491023
10346,0.3628636363636364,0,1,0,258253,347357,16463,91493,3.2175793841935603,0.20848353651589382
10347,0.3629166666666666,1,1,1,258254,347356,16464,91492,3.2175701211604726,0.2084822079626659
10348,0.3629166666666667,0,1,0,258255,347355,16464,91492,3.2175608581273853,0.20848268303076015
10349,0.3629285714285714,1,1,1,258256,347354,16465,91491,3.2175515950942977,0.20848135446456037
10350,0.362968253968254,0,4,0,258260,347350,16465,91491,3.2175145429619474,0.2084832547551391
10351,0.3629761904761905,0,3,0,258263,347347,16465,91491,3.217486753862685,0.2084846799958071
10352,0.363,7,66,7,258329,347281,16472,91484,3.2168753936789063,0.20850341298872974
10353,0.3630357142857143,0,1,0,258330,347280,16472,91484,3.2168661306458186,0.20850388819502055
10354,0.363047619047619,1,2,1,258332,347278,16473,91483,3.2168476045796437,0.20850303468175158
10355,0.3630714285714285,0,1,0,258333,347277,16473,91483,3.216838341546556,0.20850350989151245
10356,0.3630952380952381,1,0,1,258333,347277,16474,91482,3.216838341546556,0.20850170594791217
10357,0.3631428571428571,0,1,0,258334,347276,16474,91482,3.2168290785134683,0.20850218115681082
10358,0.3631666666666666,2,14,2,258348,347262,16476,91480,3.2166993960502426,0.20850522630612067
10359,0.3631666666666667,1,0,1,258348,347262,16477,91479,3.2166993960502426,0.20850342229242308
10360,0.3632142857142856,0,1,0,258349,347261,16477,91479,3.2166901330171553,0.20850389752472992
10361,0.3632142857142857,0,2,0,258351,347259,16477,91479,3.21667160695098,0.20850484799584262
10362,0.3632380952380953,0,1,0,258352,347258,16477,91479,3.2166623439178923,0.20850532323464854
10363,0.36325,0,3,0,258355,347255,16477,91479,3.2166345548186297,0.2085067489640648
10364,0.3632857142857142,1,2,1,258357,347253,16478,91478,3.216616028752455,0.20850589541199505
10365,0.3633333333333333,75,774,75,259131,346479,16553,91403,3.209446441142688,0.20873888399157764
10366,0.3633333333333334,0,2,0,259133,346477,16553,91403,3.2094279150765126,0.20873983739837398
10367,0.3633571428571429,0,2,0,259135,346475,16553,91403,3.2094093890103377,0.20874079081387967
10368,0.3633611111111111,0,1,0,259136,346474,16553,91403,3.20940012597725,0.20874126752489855
10369,0.3634285714285714,0,1,0,259137,346473,16553,91403,3.2093908629441623,0.2087417442380948
10370,0.3634444444444444,0,1,0,259138,346472,16553,91403,3.209381599911075,0.20874222095346845
10371,0.3634523809523809,1,4,1,259142,346468,16554,91402,3.209344547778725,0.2087423207801402
10372,0.3634761904761905,0,1,0,259143,346467,16554,91402,3.209335284745637,0.2087427975033629
10373,0.3634999999999999,1,2,1,259145,346465,16555,91401,3.209316758679462,0.20874194388237496
10374,0.3635,1,34,1,259179,346431,16556,91400,3.209001815554485,0.20875634662689485
10375,0.3635238095238095,0,1,0,259180,346430,16556,91400,3.208992552521398,0.20875682342461685
10376,0.3635396825396826,0,1,0,259181,346429,16556,91400,3.20898328948831,0.20875730022451688
10377,0.3635714285714285,0,2,0,259183,346427,16556,91400,3.2089647634221348,0.208758253830851
10378,0.3635714285714286,0,4,0,259187,346423,16556,91400,3.208927711289785,0.208760161069656
10379,0.3635833333333333,0,1,0,259188,346422,16556,91400,3.2089184482566973,0.2087606378848025
10380,0.3635873015873015,0,1,0,259189,346421,16556,91400,3.2089091852236096,0.20876111470212713
10381,0.3636190476190476,0,1,0,259190,346420,16556,91400,3.208899922190522,0.2087615915216299
10382,0.3636309523809524,1,0,1,259190,346420,16557,91399,3.208899922190522,0.20875978429442305
10383,0.3636363636363636,0,1,0,259191,346419,16557,91399,3.2088906591574347,0.20876026111306525
10384,0.3636428571428571,0,1,0,259192,346418,16557,91399,3.208881396124347,0.2087607379338856
10385,0.3636666666666666,0,4,0,259196,346414,16557,91399,3.2088443439919967,0.20876264523894905
10386,0.3636666666666667,3,26,3,259222,346388,16560,91396,3.2086035051317205,0.2087696215485262
10387,0.3636785714285714,0,2,0,259224,346386,16560,91396,3.208584979065545,0.20877057530917215
10388,0.3636904761904762,0,1,0,259225,346385,16560,91396,3.2085757160324575,0.20877105219276304
10389,0.3637121212121212,0,1,0,259226,346384,16560,91396,3.2085664529993703,0.2087715290785326
10390,0.3637142857142857,0,2,0,259228,346382,16560,91396,3.208547926933195,0.20877248285660768
10391,0.3637290764790764,0,1,0,259229,346381,16560,91396,3.2085386639001077,0.20877295974891327
10392,0.36375,0,5,0,259234,346376,16560,91396,3.2084923487346697,0.208775344243122
10393,0.3637948717948718,0,1,0,259235,346375,16560,91396,3.208483085701582,0.20877582114850002
10394,0.3638095238095238,1,4,1,259239,346371,16561,91395,3.2084460335692317,0.2087759213826565
10395,0.3638333333333332,0,1,0,259240,346370,16561,91395,3.2084367705361445,0.20877639829588934
10396,0.3638333333333333,0,9,0,259249,346361,16561,91395,3.2083534032383563,0.20878069061303559
10397,0.3638333333333334,0,3,0,259252,346358,16561,91395,3.2083256141390937,0.208782121424639
10398,0.3638571428571429,0,1,0,259253,346357,16561,91395,3.208316351106006,0.20878259836619822
10399,0.3638611111111111,0,1,0,259254,346356,16561,91395,3.2083070880729188,0.20878307530993648
10400,0.3638809523809523,0,1,0,259255,346355,16561,91395,3.208297825039831,0.2087835522558538
10401,0.3638809523809524,0,1,0,259256,346354,16561,91395,3.2082885620067434,0.2087840292039502
10402,0.3639166666666666,0,1,0,259257,346353,16561,91395,3.2082792989736557,0.20878450615422572
10403,0.3639285714285714,1,2,1,259259,346351,16562,91394,3.208260772907481,0.20878365258312487
10404,0.3639444444444444,0,1,0,259260,346350,16562,91394,3.208251509874393,0.2087841295368983
10405,0.3639696969696969,0,1,0,259261,346349,16562,91394,3.208242246841306,0.20878460649285083
10406,0.3639761904761904,0,1,0,259262,346348,16562,91394,3.208232983808218,0.20878508345098254
10407,0.364,16,140,16,259402,346208,16578,91378,3.2069361591759606,0.20882295137412987
10408,0.3640476190476189,0,1,0,259403,346207,16578,91378,3.206926896142873,0.2088234285910166
10409,0.364047619047619,0,4,0,259407,346203,16578,91378,3.2068898440105227,0.20882533748037507
10410,0.3640555555555556,0,1,0,259408,346202,16578,91378,3.2068805809774354,0.20882581470816766
10411,0.3640833333333333,0,2,0,259410,346200,16578,91378,3.20686205491126,0.2088267691702965
10412,0.364095238095238,1,0,1,259410,346200,16579,91377,3.20686205491126,0.208824961092562
10413,0.3641428571428571,0,2,0,259412,346198,16579,91377,3.206843528845085,0.20882591555733304
10414,0.3641666666666666,13,79,13,259491,346119,16592,91364,3.206111749231168,0.20884011493018015
10415,0.3641666666666667,10,80,10,259571,346039,16602,91354,3.205370706584164,0.20886022410052288
10416,0.3642207792207791,1,0,1,259571,346039,16603,91353,3.205370706584164,0.20885841533452829
10417,0.3642380952380952,0,1,0,259572,346038,16603,91353,3.205361443551076,0.20885889284416004
10418,0.3642857142857143,1,16,1,259588,346022,16604,91352,3.2052132350216755,0.20886472446921855
10419,0.3643181818181818,0,1,0,259589,346021,16604,91352,3.205203971988588,0.2088652020129272
10420,0.3643333333333333,0,21,0,259610,346000,16604,91352,3.2050094482937492,0.20887523093526497
10421,0.3643333333333334,7,37,7,259647,345963,16611,91345,3.20466671606951,0.20888024001390323
10422,0.3643571428571428,0,1,0,259648,345962,16611,91345,3.2046574530364222,0.20888071766516428
10423,0.3643809523809523,0,2,0,259650,345960,16611,91345,3.2046389269702473,0.20888167297423996
10424,0.3643888888888889,0,1,0,259651,345959,16611,91345,3.2046296639371596,0.2088821506320546
10425,0.3644444444444444,0,5,0,259656,345954,16611,91345,3.2045833487717217,0.20888453895389653
10426,0.364469696969697,0,1,0,259657,345953,16611,91345,3.2045740857386344,0.2088850166248188
10427,0.3644999999999999,0,2,0,259659,345951,16611,91345,3.204555559672459,0.20888597197321723
10428,0.3645,1,18,1,259677,345933,16612,91344,3.204388825076883,0.20889276133892246
10429,0.3645238095238094,0,10,0,259687,345923,16612,91344,3.2042961947460076,0.20889753857482957
10430,0.3645238095238096,0,3,0,259690,345920,16612,91344,3.204268405646745,0.20889897178821032
10431,0.364547619047619,0,1,0,259691,345919,16612,91344,3.2042591426136573,0.20889944953037418
10432,0.3645476190476191,1,0,1,259691,345919,16613,91343,3.2042591426136573,0.2088976403163321
10433,0.3645555555555556,0,3,0,259694,345916,16613,91343,3.2042313535143947,0.20889907354679949
10434,0.3645714285714285,0,1,0,259695,345915,16613,91343,3.204222090481307,0.20889955129465898
10435,0.3645833333333332,0,6,0,259701,345909,16613,91343,3.204166512282782,0.20890241782770577
10436,0.3645833333333333,0,4,0,259705,345905,16613,91343,3.2041294601504315,0.20890432889344263
10437,0.3646111111111111,0,1,0,259706,345904,16613,91343,3.2041201971173443,0.2089048066653402
10438,0.3646212121212121,0,1,0,259707,345903,16613,91343,3.2041109340842566,0.2089052844394231
10439,0.3646309523809524,0,1,0,259708,345902,16613,91343,3.204101671051169,0.20890576221569143
10440,0.3646428571428571,1,4,1,259712,345898,16614,91342,3.2040646189188187,0.2089058640563535
10441,0.3646666666666666,2,4,2,259716,345894,16616,91340,3.2040275667864684,0.20890415658434613
10442,0.3646666666666667,3,34,3,259750,345860,16619,91337,3.2037126236614917,0.20891497425645647
10443,0.3646904761904762,0,1,0,259751,345859,16619,91337,3.203703360628404,0.20891545210843648
10444,0.3647142857142857,0,3,0,259754,345856,16619,91337,3.2036755715291414,0.20891688567749256
10445,0.3647222222222222,0,2,0,259756,345854,16619,91337,3.2036570454629665,0.20891784140112674
10446,0.36475,0,1,0,259757,345853,16619,91337,3.203647782429879,0.20891831926622292
10447,0.3647619047619047,1,3,1,259760,345850,16620,91336,3.203619993330616,0.20891794339251485
10448,0.3647619047619048,0,1,0,259761,345849,16620,91336,3.2036107302975285,0.2089184212633096
10449,0.3647857142857142,1,0,1,259761,345849,16621,91335,3.2036107302975285,0.20891661176987264
10450,0.3648333333333333,0,16,0,259777,345833,16621,91335,3.203462521768128,0.20892425795117667
10451,0.3648809523809524,0,1,0,259778,345832,16621,91335,3.20345325873504,0.20892473585609161
10452,0.3649166666666666,0,2,0,259780,345830,16621,91335,3.2034347326688652,0.20892569167248065
10453,0.3649285714285715,1,1,1,259781,345829,16622,91334,3.2034254696357776,0.20892436002131928
10454,0.3649523809523809,1,1,1,259782,345828,16623,91333,3.20341620660269,0.20892302835797338
10455,0.3649999999999999,0,7,0,259789,345821,16623,91333,3.203351365371077,0.20892637377217183
10456,0.365,157,1376,157,261165,344445,16780,91176,3.1906054318426027,0.20930120448738698
10457,0.365047619047619,0,3,0,261168,344442,16780,91176,3.1905776427433397,0.2093026458961751
10458,0.3650952380952381,0,2,0,261170,344440,16780,91176,3.1905591166771647,0.20930360684639682
10459,0.3651190476190475,0,1,0,261171,344439,16780,91176,3.190549853644077,0.20930408732481665
10460,0.3651666666666666,4,13,4,261184,344426,16784,91172,3.190429434213939,0.20930307301686418
10461,0.3651666666666667,1,6,1,261190,344420,16785,91171,3.190373856015414,0.20930414081099014
10462,0.3651904761904762,0,1,0,261191,344419,16785,91171,3.190364592982326,0.2093046213182121
10463,0.3652142857142857,0,1,0,261192,344418,16785,91171,3.1903553299492384,0.20930510182764028
10464,0.3652380952380952,0,7,0,261199,344411,16785,91171,3.1902904887176255,0.20930846545541368
10465,0.3652777777777777,0,1,0,261200,344410,16785,91171,3.1902812256845383,0.20930894598249236
10466,0.3652777777777778,0,2,0,261202,344408,16785,91171,3.190262699618363,0.20930990704326885
10467,0.3652857142857142,1,0,1,261202,344408,16786,91170,3.190262699618363,0.20930809177690332
10468,0.3652857142857143,0,1,0,261203,344407,16786,91170,3.1902534365852753,0.2093085723075369
10469,0.3653095238095238,0,1,0,261204,344406,16786,91170,3.190244173552188,0.20930905284037687
10470,0.3653333333333333,2,43,2,261247,344363,16788,91168,3.189845863129423,0.20932608700643582
10471,0.3653333333333334,2,19,2,261266,344344,16790,91166,3.1896698655007594,0.20933158825285297
10472,0.3653571428571428,0,3,0,261269,344341,16790,91166,3.1896420764014968,0.20933303023831992
10473,0.3653809523809523,0,1,0,261270,344340,16790,91166,3.1896328133684095,0.20933351090455699
10474,0.3654047619047619,0,1,0,261271,344339,16790,91166,3.189623550335322,0.20933399157300145
10475,0.3654166666666667,0,3,0,261274,344336,16790,91166,3.1895957612360593,0.20933543359157938
10476,0.3654181096681095,1,1,1,261275,344335,16791,91165,3.1895864982029716,0.2093340987370838
10477,0.3654285714285714,0,1,0,261276,344334,16791,91165,3.189577235169884,0.20933457941350037
10478,0.365452380952381,0,1,0,261277,344333,16791,91165,3.1895679721367967,0.2093350600921244
10479,0.3654761904761904,0,2,0,261279,344331,16791,91165,3.1895494460706213,0.209336021455995
10480,0.3654761904761905,0,5,0,261284,344326,16791,91165,3.189503130905184,0.2093384249043034
10481,0.3654880952380953,0,2,0,261286,344324,16791,91165,3.1894846048390084,0.2093393862990799
10482,0.3655,1,17,1,261303,344307,16792,91164,3.18932713327652,0.20934574288528973
10483,0.3655119047619048,0,2,0,261305,344305,16792,91164,3.189308607210345,0.2093467043578303
10484,0.365531746031746,0,2,0,261307,344303,16792,91164,3.18929008114417,0.2093476658392025
10485,0.3655714285714285,0,1,0,261308,344302,16792,91164,3.189280818111082,0.20934814658320053
10486,0.365595238095238,0,1,0,261309,344301,16792,91164,3.189271555077995,0.20934862732940648
10487,0.3655952380952381,0,7,0,261316,344294,16792,91164,3.189206713846382,0.20935199261467236
10488,0.3656190476190475,0,1,0,261317,344293,16792,91164,3.1891974508132943,0.20935247337854254
10489,0.3656212121212121,1,1,1,261318,344292,16793,91163,3.1891881877802066,0.20935113846436487
10490,0.3656428571428571,0,1,0,261319,344291,16793,91163,3.1891789247471194,0.20935161922958567
10491,0.3656666666666666,3,31,3,261350,344260,16796,91160,3.188891770721405,0.20936107666161408
10492,0.3656666666666667,0,10,0,261360,344250,16796,91160,3.1887991403905294,0.20936588502790474
10493,0.3657142857142857,0,20,0,261380,344230,16796,91160,3.1886138797287784,0.2093755024231149
10494,0.3657539682539682,0,1,0,261381,344229,16796,91160,3.1886046166956907,0.20937598331606908
10495,0.3657777777777777,0,1,0,261382,344228,16796,91160,3.1885953536626035,0.2093764642112323
10496,0.3657857142857142,0,1,0,261383,344227,16796,91160,3.188586090629516,0.20937694510860452
10497,0.3658095238095238,0,1,0,261384,344226,16796,91160,3.188576827596428,0.20937742600818585
10498,0.3658333333333333,18,145,18,261529,344081,16814,91142,3.1872336877987326,0.20941448406908642
10499,0.3658333333333334,0,2,0,261531,344079,16814,91142,3.1872151617325577,0.20941544640538945
10500,0.3658571428571428,0,1,0,261532,344078,16814,91142,3.18720589869947,0.20941592757685767
10501,0.3658874458874459,0,3,0,261535,344075,16814,91142,3.1871781096002074,0.20941737110452946
10502,0.3658888888888889,0,1,0,261536,344074,16814,91142,3.1871688465671197,0.20941785228484247
10503,0.3659166666666666,1,3,1,261539,344071,16815,91141,3.187141057467857,0.20941747929744584
10504,0.3659523809523808,0,2,0,261541,344069,16815,91141,3.1871225314016822,0.2094184416718366
10505,0.365952380952381,0,8,0,261549,344061,16815,91141,3.1870484271369817,0.20942229125785267
10506,0.3659999999999999,0,7,0,261556,344054,16815,91141,3.186983585905369,0.209425659761716
10507,0.366,12,147,12,261703,343907,16827,91129,3.1856219200414984,0.2094746181925174
10508,0.3660000000000001,0,6,0,261709,343901,16827,91129,3.185566341842973,0.20947750729834724
10509,0.3660714285714286,1,5,1,261714,343896,16828,91128,3.185520026677535,0.20947809776012358
10510,0.366111111111111,0,1,0,261715,343895,16828,91128,3.1855107636444475,0.20947857929350863
10511,0.3661111111111111,0,2,0,261717,343893,16828,91128,3.1854922375782726,0.2094795423669202
10512,0.3661363636363636,0,1,0,261718,343892,16828,91128,3.185482974545185,0.2094800239069468
10513,0.3661428571428571,0,1,0,261719,343891,16828,91128,3.1854737115120977,0.20948050544918728
10514,0.3661666666666666,1,0,1,261719,343891,16829,91127,3.1854737115120977,0.20947868823818785
10515,0.3661666666666667,2,9,2,261728,343882,16831,91125,3.1853903442143094,0.20947938768801422
10516,0.3661904761904761,0,1,0,261729,343881,16831,91125,3.1853810811812218,0.20947986924318285
10517,0.3661904761904762,0,6,0,261735,343875,16831,91125,3.1853255029826966,0.20948275862068966
10518,0.3662380952380952,0,1,0,261736,343874,16831,91125,3.185316239949609,0.20948324019135675
10519,0.36625,2,9,2,261745,343865,16833,91123,3.185232872651821,0.2094839397868447
10520,0.3662619047619048,0,1,0,261746,343864,16833,91123,3.1852236096187334,0.2094844213735123
10521,0.3662820512820512,0,1,0,261747,343863,16833,91123,3.185214346585646,0.2094849029623942
10522,0.3663095238095238,1,2,1,261749,343861,16834,91122,3.185195820519471,0.2094840488019072
10523,0.3663333333333332,0,1,0,261750,343860,16834,91122,3.185186557486383,0.20948453039436116
10524,0.3663333333333333,3,16,3,261766,343844,16837,91119,3.1850383489569825,0.20948678393334605
10525,0.3663333333333334,1,4,1,261770,343840,16838,91118,3.185001296824632,0.2094868929873689
10526,0.3663636363636364,0,2,0,261772,343838,16838,91118,3.1849827707584573,0.20948785624293031
10527,0.3663809523809524,0,2,0,261774,343836,16838,91118,3.184964244692282,0.2094888195073502
10528,0.3663845598845599,0,1,0,261775,343835,16838,91118,3.1849549816591947,0.2094893011428821
10529,0.3663888888888889,0,1,0,261776,343834,16838,91118,3.184945718626107,0.20948978278062866
10530,0.3664166666666667,0,1,0,261777,343833,16838,91118,3.1849364555930193,0.2094902644205899
10531,0.3664285714285714,0,10,0,261787,343823,16838,91118,3.184843825262144,0.20949508094201283
10532,0.3664871794871794,0,1,0,261788,343822,16838,91118,3.184834562229056,0.2094955626063365
10533,0.3664999999999999,0,2,0,261790,343820,16838,91118,3.1848160361628812,0.20949652594162846
10534,0.3665,7,25,7,261815,343795,16845,91111,3.1845844603356923,0.20949584507916652
10535,0.3665075757575757,0,1,0,261816,343794,16845,91111,3.1845751973026046,0.2094963267840103
10536,0.3665238095238095,0,2,0,261818,343792,16845,91111,3.1845566712364297,0.20949729020034352
10537,0.366547619047619,0,1,0,261819,343791,16845,91111,3.184547408203342,0.209497771911833
10538,0.3665714285714286,0,1,0,261820,343790,16845,91111,3.1845381451702544,0.20949825362553776
10539,0.3665873015873016,0,1,0,261821,343789,16845,91111,3.184528882137167,0.2094987353414578
10540,0.3665952380952381,0,1,0,261822,343788,16845,91111,3.1845196191040794,0.20949921705959315
10541,0.3666190476190475,0,1,0,261823,343787,16845,91111,3.1845103560709918,0.20949969877994382
10542,0.3666321733821732,0,8,0,261831,343779,16845,91111,3.1844362518062916,0.20950355262250225
10543,0.3666666666666666,45,417,45,262248,343362,16890,91066,3.1805735670087816,0.20962276832984983
10544,0.3666666666666667,55,444,55,262692,342918,16945,91011,3.1764607803179072,0.2097370768028871
10545,0.3667499999999999,0,1,0,262693,342917,16945,91011,3.1764515172848196,0.20973756014822736
10546,0.3667619047619048,2,0,2,262693,342917,16947,91009,3.1764515172848196,0.20973391776478018
10547,0.3667777777777777,0,4,0,262697,342913,16947,91009,3.1764144651524697,0.20973585114375395
10548,0.3667857142857143,0,3,0,262700,342910,16947,91009,3.1763866760532067,0.2097373012013763
10549,0.3668230658230657,0,10,0,262710,342900,16947,91009,3.176294045722331,0.2097421348715975
10550,0.3668333333333333,2,13,2,262723,342887,16949,91007,3.176173626292193,0.20974477637395308
10551,0.3668571428571428,0,1,0,262724,342886,16949,91007,3.1761643632591054,0.20974525977602773
10552,0.3668809523809523,0,1,0,262725,342885,16949,91007,3.176155100226018,0.2097457431803306
10553,0.3669047619047618,0,2,0,262727,342883,16949,91007,3.176136574159843,0.209746709995621
10554,0.3669047619047619,0,4,0,262731,342879,16949,91007,3.1760995220274926,0.2097486436529411
10555,0.3669166666666667,0,1,0,262732,342878,16949,91007,3.1760902589944053,0.20974912707284188
10556,0.3669285714285714,0,1,0,262733,342877,16949,91007,3.1760809959613177,0.209749610494971
10557,0.3669801587301587,1,0,1,262733,342877,16950,91006,3.1760809959613177,0.20974778915053136
10558,0.3669999999999999,1,4,1,262737,342873,16951,91005,3.1760439438289674,0.20974790148382724
10559,0.367,3,54,3,262791,342819,16954,91002,3.1755437400422393,0.20976854509117815
10560,0.3670238095238095,1,1,1,262792,342818,16955,91001,3.175534477009152,0.20976720706100932
10561,0.3670357142857143,0,2,0,262794,342816,16955,91001,3.1755159509429767,0.20976817413794296
10562,0.3670714285714285,0,2,0,262796,342814,16955,91001,3.1754974248768018,0.20976914122379356
10563,0.3670833333333332,0,2,0,262798,342812,16955,91001,3.1754788988106264,0.20977010831856122
10564,0.3670833333333334,0,3,0,262801,342809,16955,91001,3.175451109711364,0.20977155897743252
10565,0.3671190476190476,0,1,0,262802,342808,16955,91001,3.175441846678276,0.2097720425348483
10566,0.3671349206349207,1,0,1,262802,342808,16956,91000,3.175441846678276,0.20977022092723047
10567,0.3671374458874458,0,2,0,262804,342806,16956,91000,3.175423320612101,0.20977118804258124
10568,0.3671428571428571,2,19,2,262823,342787,16958,90998,3.1752473229834375,0.20977673271321046
10569,0.3671666666666666,1,1,1,262824,342786,16959,90997,3.1752380599503502,0.20977539460974726
10570,0.3671666666666667,0,9,0,262833,342777,16959,90997,3.175154692652562,0.20977974705722335
10571,0.3671904761904761,0,1,0,262834,342776,16959,90997,3.1751454296194748,0.2097802306736473
10572,0.3672023809523809,0,1,0,262835,342775,16959,90997,3.175136166586387,0.20978071429230102
10573,0.3672142857142856,0,2,0,262837,342773,16959,90997,3.1751176405202117,0.20978168153629803
10574,0.3672222222222222,1,1,1,262838,342772,16960,90996,3.1751083774871245,0.20978034340938012
10575,0.3672222222222223,0,1,0,262839,342771,16960,90996,3.175099114454037,0.2097808270338684
10576,0.3672619047619047,0,1,0,262840,342770,16960,90996,3.175089851420949,0.20978131066058658
10577,0.3672738095238095,0,1,0,262841,342769,16960,90996,3.175080588387862,0.20978179428953467
10578,0.3672857142857142,0,2,0,262843,342767,16960,90996,3.1750620623216865,0.20978276155412057
10579,0.3673160173160172,0,3,0,262846,342764,16960,90996,3.175034273222424,0.20978421246772408
10580,0.3673333333333333,7,62,7,262908,342702,16967,90989,3.1744599651709957,0.20980144849674076
10581,0.3673809523809523,0,2,0,262910,342700,16967,90989,3.1744414391048204,0.20980241601700758
10582,0.3673809523809524,0,2,0,262912,342698,16967,90989,3.1744229130386454,0.20980338354619807
10583,0.3673888888888889,0,1,0,262913,342697,16967,90989,3.1744136500055578,0.20980386731413972
10584,0.3674166666666666,0,2,0,262915,342695,16967,90989,3.174395123939383,0.20980483485671594
10585,0.3674285714285714,0,1,0,262916,342694,16967,90989,3.174385860906295,0.20980531863135055
10586,0.3674523809523809,0,1,0,262917,342693,16967,90989,3.1743765978732075,0.20980580240821617
10587,0.3674761904761904,0,1,0,262918,342692,16967,90989,3.1743673348401202,0.20980628618731278
10588,0.3674999999999999,0,7,0,262925,342685,16967,90989,3.1743024936085074,0.2098096727034593
10589,0.3675,41,417,41,263342,342268,17008,90948,3.170439808810997,0.20993684443787855
10590,0.3675476190476191,0,1,0,263343,342267,17008,90948,3.1704305457779096,0.20993732903985318
10591,0.3675558608058608,0,1,0,263344,342266,17008,90948,3.170421282744822,0.20993781364406505
10592,0.3675753968253968,0,5,0,263349,342261,17008,90948,3.170374967579384,0.20994023669868356
10593,0.3676190476190475,0,10,0,263359,342251,17008,90948,3.1702823372485085,0.20994508297572248
10594,0.3676587301587302,1,0,1,263359,342251,17009,90947,3.1702823372485085,0.20994325920248938
10595,0.3676666666666666,7,26,7,263385,342225,17016,90940,3.1700414983882323,0.20994309327854282
10596,0.3676666666666667,0,3,0,263388,342222,17016,90940,3.1700137092889697,0.209944547305627
10597,0.3677222222222222,0,1,0,263389,342221,17016,90940,3.170004446255882,0.20994503198579742
10598,0.3677380952380952,0,1,0,263390,342220,17016,90940,3.1699951832227944,0.20994551666820574
10599,0.3677499999999999,0,3,0,263393,342217,17016,90940,3.169967394123532,0.20994697072885812
10600,0.3677564102564103,0,1,0,263394,342216,17016,90940,3.169958131090444,0.20994745542021812
10601,0.3677619047619048,0,2,0,263396,342214,17016,90940,3.169939605024269,0.209948424809652
10602,0.3677777777777777,0,4,0,263400,342210,17016,90940,3.169902552891919,0.20995036361537572
10603,0.3677777777777778,0,2,0,263402,342208,17016,90940,3.169884026825744,0.20995133303166585
10604,0.367797619047619,0,1,0,263403,342207,17016,90940,3.1698747637926563,0.209951817743168
10605,0.3678030303030303,1,0,1,263403,342207,17017,90939,3.1698747637926563,0.209949993766536
10606,0.3678333333333333,1,17,1,263420,342190,17018,90938,3.169717292230168,0.2099564101143311
10607,0.3678333333333334,0,5,0,263425,342185,17018,90938,3.16967097706473,0.20995883386474512
10608,0.3678571428571428,1,7,1,263432,342178,17019,90937,3.169606135833117,0.2099604031261905
10609,0.3678571428571429,0,1,0,263433,342177,17019,90937,3.1695968728000294,0.2099608878955656
10610,0.3679166666666666,0,2,0,263435,342175,17019,90937,3.1695783467338545,0.2099618574410314
10611,0.3679166666666667,0,2,0,263437,342173,17019,90937,3.1695598206676796,0.2099628269954515
10612,0.3679523809523809,0,1,0,263438,342172,17019,90937,3.169550557634592,0.20996331177601943
10613,0.367952380952381,1,0,1,263438,342172,17020,90936,3.169550557634592,0.20996148766589395
10614,0.3679761904761905,0,2,0,263440,342170,17020,90936,3.1695320315684166,0.20996245722756093
10615,0.3679920634920635,0,1,0,263441,342169,17020,90936,3.1695227685353293,0.20996294201175233
10616,0.368,11,105,11,263546,342064,17031,90925,3.168550150061136,0.20999378737104177
10617,0.3680238095238096,0,1,0,263547,342063,17031,90925,3.1685408870280485,0.2099942723585873
10618,0.368047619047619,0,2,0,263549,342061,17031,90925,3.1685223609618736,0.20999524234039899
10619,0.3680555555555556,0,1,0,263550,342060,17031,90925,3.168513097928786,0.20999572733466518
10620,0.3680714285714285,0,1,0,263551,342059,17031,90925,3.168503834895698,0.20999621233117158
10621,0.3680833333333334,0,1,0,263552,342058,17031,90925,3.1684945718626105,0.20999669732991827
10622,0.368095238095238,0,1,0,263553,342057,17031,90925,3.1684853088295233,0.20999718233090522
10623,0.3680952380952381,0,4,0,263557,342053,17031,90925,3.168448256697173,0.20999912235725604
10624,0.3680952380952382,0,1,0,263558,342052,17031,90925,3.1684389936640853,0.20999960736944456
10625,0.3681587301587302,0,1,0,263559,342051,17031,90925,3.1684297306309976,0.21000009238387346
10626,0.3681666666666666,0,10,0,263569,342041,17031,90925,3.168337100300122,0.21000494265138603
10627,0.3681666666666667,0,2,0,263571,342039,17031,90925,3.1683185742339472,0.21000591273177446
10628,0.3682142857142857,0,4,0,263575,342035,17031,90925,3.168281522101597,0.2100078529194383
10629,0.36825,0,3,0,263578,342032,17031,90925,3.1682537330023344,0.2100093080837127
10630,0.3682777777777777,0,1,0,263579,342031,17031,90925,3.1682444699692467,0.21000979314295218
10631,0.3682857142857142,0,5,0,263584,342026,17031,90925,3.168198154803809,0.2100122184727602
10632,0.3683333333333333,48,497,48,264081,341529,17079,90877,3.1635944273592944,0.21016590889118097
10633,0.3683549783549783,0,1,0,264082,341528,17079,90877,3.163585164326207,0.2101663949306784
10634,0.3683571428571429,1,1,1,264083,341527,17080,90876,3.1635759012931195,0.2101650543590123
10635,0.3683846153846153,0,1,0,264084,341526,17080,90876,3.163566638260032,0.21016554039990565
10636,0.3684444444444444,0,1,0,264085,341525,17080,90876,3.163557375226944,0.21016602644304708
10637,0.368452380952381,0,1,0,264086,341524,17080,90876,3.163548112193857,0.21016651248843662
10638,0.3684615384615384,0,1,0,264087,341523,17080,90876,3.163538849160769,0.21016699853607432
10639,0.3684642857142857,0,3,0,264090,341520,17080,90876,3.1635110600615066,0.21016845669247633
10640,0.3684999999999999,0,1,0,264091,341519,17080,90876,3.163501797028419,0.21016894274910672
10641,0.3685,2,19,2,264110,341500,17082,90874,3.1633257993997557,0.21017452483266802
10642,0.36855772005772,0,1,0,264111,341499,17082,90874,3.163316536366668,0.21017501092806443
10643,0.3685714285714285,0,3,0,264114,341496,17082,90874,3.1632887472674054,0.21017646922774474
10644,0.3685714285714286,0,11,0,264125,341485,17082,90874,3.1631868539034422,0.21018181649971435
10645,0.3686071428571428,0,1,0,264126,341484,17082,90874,3.1631775908703545,0.21018230262884
10646,0.368611111111111,0,1,0,264127,341483,17082,90874,3.163168327837267,0.21018278876021437
10647,0.3686111111111111,0,1,0,264128,341482,17082,90874,3.1631590648041796,0.21018327489383748
10648,0.3686190476190476,0,2,0,264130,341480,17082,90874,3.1631405387380043,0.21018424716783007
10649,0.3686428571428571,0,1,0,264131,341479,17082,90874,3.163131275704917,0.21018473330819956
10650,0.3686666666666666,1,8,1,264139,341471,17083,90873,3.1630571714402165,0.2101867956997206
10651,0.3686666666666667,2,28,2,264167,341443,17085,90871,3.162797806513765,0.21019675513631295
10652,0.3686904761904762,1,2,1,264169,341441,17086,90870,3.1627792804475896,0.21019590063634744
10653,0.36875,1,9,1,264178,341432,17087,90869,3.162695913149802,0.21019844969130305
10654,0.3687619047619047,1,0,1,264178,341432,17088,90868,3.162695913149802,0.2101966227157067
10655,0.3688095238095238,0,3,0,264181,341429,17088,90868,3.162668124050539,0.2101980814116221
10656,0.3688333333333332,1,2,1,264183,341427,17089,90867,3.162649597984364,0.21019722688725728
10657,0.3688333333333333,2,6,2,264189,341421,17091,90865,3.1625940197858387,0.21019649028652326
10658,0.3688333333333334,0,3,0,264192,341418,17091,90865,3.162566230686576,0.21019794902876124
10659,0.3688571428571429,2,5,2,264197,341413,17093,90863,3.162519915521138,0.21019672616569043
10660,0.3688809523809524,0,1,0,264198,341412,17093,90863,3.162510652488051,0.21019721242264763
10661,0.3688888888888889,1,2,1,264200,341410,17094,90862,3.1624921264218755,0.2101963578487619
10662,0.3689166666666666,0,2,0,264202,341408,17094,90862,3.1624736003557006,0.21019733037222108
10663,0.3689166666666667,0,1,0,264203,341407,17094,90862,3.162464337322613,0.21019781663732537
10664,0.3689285714285714,0,4,0,264207,341403,17094,90862,3.1624272851902626,0.21019976172024105
10665,0.368952380952381,0,1,0,264208,341402,17094,90862,3.162418022157175,0.21020024799659467
10666,0.3689642857142857,0,1,0,264209,341401,17094,90862,3.1624087591240877,0.2102007342751982
10667,0.3689999999999999,0,4,0,264213,341397,17094,90862,3.1623717069917374,0.2102026794121117
10668,0.369,7,93,7,264306,341304,17101,90855,3.1615102449145946,0.21023512179545029
10669,0.3690238095238095,0,1,0,264307,341303,17101,90855,3.1615009818815074,0.2102356082729002
10670,0.369030303030303,0,1,0,264308,341302,17101,90855,3.1614917188484197,0.2102360947526015
10671,0.369047619047619,0,1,0,264309,341301,17101,90855,3.161482455815332,0.2102365812345542
10672,0.3690833333333333,0,1,0,264310,341300,17101,90855,3.161473192782245,0.2102370677187583
10673,0.3690833333333334,0,1,0,264311,341299,17101,90855,3.161463929749157,0.2102375542052139
10674,0.3691111111111111,0,1,0,264312,341298,17101,90855,3.1614546667160695,0.2102380406939209
10675,0.3691309523809524,0,3,0,264315,341295,17101,90855,3.161426877616807,0.21023950017355086
10676,0.3691666666666666,6,80,6,264395,341215,17107,90849,3.1606858349698026,0.21026746037624056
10677,0.3691666666666667,7,78,7,264473,341137,17114,90842,3.1599633183889733,0.21029262996580853
10678,0.3691746031746031,0,1,0,264474,341136,17114,90842,3.1599540553558856,0.21029311677909523
10679,0.3691904761904762,0,1,0,264475,341135,17114,90842,3.1599447923227983,0.21029360359463584
10680,0.3692106782106783,0,3,0,264478,341132,17114,90842,3.1599170032235353,0.21029506405478107
10681,0.3692222222222222,0,1,0,264479,341131,17114,90842,3.159907740190448,0.21029555087933738
10682,0.3692380952380952,0,1,0,264480,341130,17114,90842,3.1598984771573604,0.21029603770614763
10683,0.3692499999999999,0,2,0,264482,341128,17114,90842,3.1598799510911855,0.2102970113665301
10684,0.3692857142857143,0,8,0,264490,341120,17114,90842,3.159805846826485,0.2103009060982216
10685,0.3693095238095238,1,0,1,264490,341120,17115,90841,3.159805846826485,0.21029907792601646
10686,0.3693333333333333,5,52,5,264542,341068,17120,90836,3.159324169105932,0.2103152552419056
10687,0.3694047619047619,0,1,0,264543,341067,17120,90836,3.1593149060728445,0.21031574219211258
10688,0.3694166666666667,0,1,0,264544,341066,17120,90836,3.159305643039757,0.21031622914457446
10689,0.3694285714285714,1,1,1,264545,341065,17121,90835,3.1592963800066696,0.21031488770548737
10690,0.3694444444444443,0,1,0,264546,341064,17121,90835,3.159287116973582,0.21031537465935324
10691,0.3694444444444444,0,3,0,264549,341061,17121,90835,3.1592593278743193,0.21031683553448052
10692,0.369452380952381,0,1,0,264550,341060,17121,90835,3.1592500648412316,0.21031732249736626
10693,0.3694999999999999,0,4,0,264554,341056,17121,90835,3.1592130127088813,0.21031927037145948
10694,0.3695,2,19,2,264573,341037,17123,90833,3.159037015080218,0.21032486627920438
10695,0.3695238095238095,1,4,1,264577,341033,17124,90832,3.158999962947868,0.21032498581732717
10696,0.369547619047619,0,1,0,264578,341032,17124,90832,3.15899069991478,0.21032547283404035
10697,0.3695833333333332,0,1,0,264579,341031,17124,90832,3.1589814368816924,0.21032595985300895
10698,0.3695833333333334,1,0,1,264579,341031,17125,90831,3.1589814368816924,0.21032413131972713
10699,0.3695952380952381,0,1,0,264580,341030,17125,90831,3.158972173848605,0.21032461833784483
10700,0.3696428571428571,0,4,0,264584,341026,17125,90831,3.158935121716255,0.21032656643287015
10701,0.3696666666666666,2,6,2,264590,341020,17127,90829,3.1588795435177293,0.21032583148276365
10702,0.3696666666666667,1,22,1,264612,340998,17128,90828,3.1586757567898034,0.2103347181503661
10703,0.3697077922077921,0,1,0,264613,340997,17128,90828,3.1586664937567157,0.21033520523360158
10704,0.3697142857142856,0,1,0,264614,340996,17128,90828,3.158657230723628,0.21033569231909297
10705,0.3697142857142858,0,2,0,264616,340994,17128,90828,3.158638704657453,0.2103366664968436
10706,0.3697619047619047,0,3,0,264619,340991,17128,90828,3.1586109155581905,0.21033812778038946
10707,0.3697777777777777,1,0,1,264619,340991,17129,90827,3.1586109155581905,0.21033629908896803
10708,0.3697857142857143,0,1,0,264620,340990,17129,90827,3.158601652525103,0.21033678618488852
10709,0.3698333333333333,0,18,0,264638,340972,17129,90827,3.158434917929527,0.21034555429725404
10710,0.3698333333333334,0,2,0,264640,340970,17129,90827,3.158416391863352,0.210346528577086
10711,0.3698809523809524,1,3,1,264643,340967,17130,90826,3.1583886027640893,0.21034616123929753
10712,0.3699999999999999,1,17,1,264660,340950,17131,90825,3.1582311312016005,0.2103526142087893
10713,0.37,357,3709,357,268369,337241,17488,90468,3.123874541479862,0.21151764400562065
10714,0.3701111111111111,0,1,0,268370,337240,17488,90468,3.1238652784467744,0.2115181385431182
10715,0.3701388888888888,0,1,0,268371,337239,17488,90468,3.123856015413687,0.21151863308292826
10716,0.3701428571428572,0,1,0,268372,337238,17488,90468,3.1238467523805995,0.21151912762505085
10717,0.3701666666666666,0,17,0,268389,337221,17488,90468,3.123689280818111,0.21152753519496645
10718,0.3702380952380952,1,4,1,268393,337217,17489,90467,3.123652228685761,0.2115276699619345
10719,0.3702380952380953,0,1,0,268394,337216,17489,90467,3.123642965652673,0.2115281645517825
10720,0.3702499999999999,0,1,0,268395,337215,17489,90467,3.123633702619586,0.2115286591439434
10721,0.3702777777777777,0,4,0,268399,337211,17489,90467,3.1235966504872357,0.21153063753571613
10722,0.3702857142857143,0,1,0,268400,337210,17489,90467,3.123587387454148,0.2115311321394417
10723,0.3703333333333333,2,19,2,268419,337191,17491,90465,3.1234113898254843,0.21153684269599865
10724,0.3703333333333334,1,4,1,268423,337187,17492,90464,3.1233743376931344,0.21153697758218734
10725,0.3703571428571428,0,4,0,268427,337183,17492,90464,3.123337285560784,0.21153895619517968
10726,0.3703809523809523,0,1,0,268428,337182,17492,90464,3.1233280225276965,0.2115394508542112
10727,0.3703823953823953,0,3,0,268431,337179,17492,90464,3.123300233428434,0.2115409348451863
10728,0.3704166666666666,1,1,1,268432,337178,17493,90463,3.123290970395346,0.2115395857740488
10729,0.3704285714285714,0,2,0,268434,337176,17493,90463,3.1232724443291713,0.21154057511125038
10730,0.3704761904761903,0,3,0,268437,337173,17493,90463,3.1232446552299087,0.21154205913440402
10731,0.3704761904761905,0,5,0,268442,337168,17493,90463,3.1231983400644707,0.21154453255259792
10732,0.3705,3,13,3,268455,337155,17496,90460,3.1230779206343326,0.2115454322229108
10733,0.3705022755022755,1,4,1,268459,337151,17497,90459,3.1230408685019824,0.21154556722246906
10734,0.3705064102564103,1,0,1,268459,337151,17498,90458,3.1230408685019824,0.21154372335474697
10735,0.3705238095238095,0,2,0,268461,337149,17498,90458,3.123022342435807,0.21154471278533793
10736,0.3705238095238096,0,1,0,268462,337148,17498,90458,3.1230130794027198,0.21154520750410424
10737,0.3705555555555556,0,5,0,268467,337143,17498,90458,3.122966764237282,0.2115476811326447
10738,0.3705833333333333,0,1,0,268468,337142,17498,90458,3.122957501204194,0.21154817586529467
10739,0.370595238095238,0,1,0,268469,337141,17498,90458,3.122948238171107,0.21154867060025864
10740,0.3705952380952381,0,1,0,268470,337140,17498,90458,3.122938975138019,0.21154916533753665
10741,0.3706269841269842,0,2,0,268472,337138,17498,90458,3.1229204490718443,0.2115501548190348
10742,0.3706428571428571,0,1,0,268473,337137,17498,90458,3.1229111860387566,0.21155064956325495
10743,0.3706666666666666,3,46,3,268519,337091,17501,90455,3.122485086516729,0.21156787807627717
10744,0.3706666666666667,0,17,0,268536,337074,17501,90455,3.1223276149542407,0.21157629073115508
10745,0.3706904761904762,0,7,0,268543,337067,17501,90455,3.122262773722628,0.21157975495997866
10746,0.3707142857142857,0,9,0,268552,337058,17501,90455,3.1221794064248396,0.2115842091351608
10747,0.3707261904761904,0,1,0,268553,337057,17501,90455,3.1221701433917524,0.21158470405509086
10748,0.3708095238095238,0,1,0,268554,337056,17501,90455,3.1221608803586647,0.21158519897733624
10749,0.3708333333333333,17,146,17,268700,336910,17518,90438,3.120808477527882,0.21162612203637315
10750,0.3708333333333334,0,1,0,268701,336909,17518,90438,3.1207992144947942,0.2116266172454703
10751,0.3709047619047619,0,1,0,268702,336908,17518,90438,3.1207899514617066,0.21162711245688506
10752,0.3709166666666666,0,1,0,268703,336907,17518,90438,3.120780688428619,0.21162760767061742
10753,0.3709166666666667,0,1,0,268704,336906,17518,90438,3.1207714253955317,0.21162810288666742
10754,0.3709285714285714,0,4,0,268708,336902,17518,90438,3.1207343732631814,0.21163008377404408
10755,0.3709523809523808,0,2,0,268710,336900,17518,90438,3.120715847197006,0.21163107423163866
10756,0.3709523809523809,1,3,1,268713,336897,17519,90437,3.1206880580977434,0.21163071508468786
10757,0.370952380952381,0,3,0,268716,336894,17519,90437,3.120660268998481,0.21163220079984837
10758,0.3709999999999999,1,7,1,268723,336887,17520,90436,3.120595427766868,0.21163382265873823
10759,0.371,9,72,9,268795,336815,17529,90427,3.1199284893845642,0.21165288056885792
10760,0.3710238095238095,0,1,0,268796,336814,17529,90427,3.1199192263514766,0.21165337596344921
10761,0.371111111111111,1,1,1,268797,336813,17530,90426,3.119909963318389,0.21165202614929818
10762,0.3711111111111111,0,1,0,268798,336812,17530,90426,3.119900700285301,0.21165252154536815
10763,0.3711666666666666,1,18,1,268816,336794,17531,90425,3.1197339656897256,0.21165959379147464
10764,0.3711666666666667,0,1,0,268817,336793,17531,90425,3.119724702656638,0.21166008922845012
10765,0.3711904761904762,0,1,0,268818,336792,17531,90425,3.1197154396235502,0.21166058466774496
10766,0.3712142857142856,0,1,0,268819,336791,17531,90425,3.1197061765904626,0.2116610801093592
10767,0.3712142857142857,0,1,0,268820,336790,17531,90425,3.1196969135573753,0.21166157555329285
10768,0.3712222222222222,0,1,0,268821,336789,17531,90425,3.1196876505242876,0.2116620709995459
10769,0.3712499999999999,0,1,0,268822,336788,17531,90425,3.1196783874912,0.21166256644811837
10770,0.37125,0,10,0,268832,336778,17531,90425,3.1195857571603245,0.21166752106141576
10771,0.3712857142857143,0,1,0,268833,336777,17531,90425,3.119576494127237,0.2116680165355031
10772,0.3713095238095238,0,1,0,268834,336776,17531,90425,3.1195672310941496,0.2116685120119101
10773,0.3713174603174603,1,2,1,268836,336774,17532,90424,3.119548705027974,0.21166765762011994
10774,0.3713333333333332,0,6,0,268842,336768,17532,90424,3.119493126829449,0.21167063053615237
10775,0.3713333333333333,2,28,2,268870,336740,17534,90422,3.1192337619029975,0.2116808143046432
10776,0.3713333333333334,0,4,0,268874,336736,17534,90422,3.1191967097706472,0.21168279652962135
10777,0.3713485680985681,1,5,1,268879,336731,17535,90421,3.1191503946052097,0.2116834288496835
10778,0.3713809523809523,1,1,1,268880,336730,17536,90420,3.119141131572122,0.21168207889500176
10779,0.3713888888888889,0,2,0,268882,336728,17536,90420,3.1191226055059467,0.21168307003661493
10780,0.3713961038961038,0,1,0,268883,336727,17536,90420,3.1191133424728594,0.2116835656109021
10781,0.3714080086580086,0,3,0,268886,336724,17536,90420,3.119085553373597,0.21168505234768603
10782,0.3714166666666667,1,2,1,268888,336722,17537,90419,3.1190670273074215,0.21168419795805132
10783,0.3714285714285713,0,1,0,268889,336721,17537,90419,3.119057764274334,0.21168469354310063
10784,0.3714285714285714,0,8,0,268897,336713,17537,90419,3.1189836600096337,0.2116886583070339
10785,0.3714523809523809,0,1,0,268898,336712,17537,90419,3.118974396976546,0.21168915391296816
10786,0.3714761904761904,0,1,0,268899,336711,17537,90419,3.1189651339434583,0.21168964952122304
10787,0.3715,2,29,2,268928,336682,17539,90417,3.1186965059839196,0.21170033177319544
10788,0.3715476190476189,0,1,0,268929,336681,17539,90417,3.118687242950832,0.21170082744475507
10789,0.371547619047619,1,5,1,268934,336676,17540,90416,3.118640927785394,0.21170146010695587
10790,0.3715476190476191,0,1,0,268935,336675,17540,90416,3.1186316647523067,0.21170195578928144
10791,0.3715555555555555,0,1,0,268936,336674,17540,90416,3.118622401719219,0.21170245147392822
10792,0.3715714285714286,1,0,1,268936,336674,17541,90415,3.118622401719219,0.21170060572854837
10793,0.3715833333333333,0,1,0,268937,336673,17541,90415,3.1186131386861313,0.2117011014123553
10794,0.3715844155844157,0,1,0,268938,336672,17541,90415,3.1186038756530436,0.21170159709848343
10795,0.371595238095238,0,1,0,268939,336671,17541,90415,3.1185946126199564,0.21170209278693283
10796,0.3716190476190475,0,3,0,268942,336668,17541,90415,3.118566823520694,0.21170357986620866
10797,0.3716666666666666,21,209,21,269151,336459,17562,90394,3.1166308496053947,0.21176845424537252
10798,0.3716666666666667,31,243,31,269394,336216,17593,90363,3.114379932565119,0.2118318060664027
10799,0.3717142857142857,0,2,0,269396,336214,17593,90363,3.114361406498944,0.21183279923671458
10800,0.3717142857142858,1,1,1,269397,336213,17594,90362,3.1143521434658563,0.2118314481626912
10801,0.3717380952380951,0,1,0,269398,336212,17594,90362,3.114342880432769,0.2118319447505005
10802,0.3717499999999999,1,0,1,269398,336212,17595,90361,3.114342880432769,0.2118300970759987
10803,0.37175,0,1,0,269399,336211,17595,90361,3.1143336173996814,0.21183059366296897
10804,0.3717857142857142,0,2,0,269401,336209,17595,90361,3.114315091333506,0.21183158684389433
10805,0.3717857142857143,0,3,0,269404,336206,17595,90361,3.1142873022342434,0.21183307663274467
10806,0.3718095238095237,0,1,0,269405,336205,17595,90361,3.114278039201156,0.21183357323368482
10807,0.3718333333333333,0,15,0,269420,336190,17595,90361,3.1141390937048428,0.21184102252720075
10808,0.3718452380952381,0,1,0,269421,336189,17595,90361,3.114129830671755,0.21184151916539679
10809,0.3719047619047619,0,2,0,269423,336187,17595,90361,3.11411130460558,0.2118425124487748
10810,0.3719104522928053,1,3,1,269426,336184,17596,90360,3.1140835155063176,0.2118421546194531
10811,0.371952380952381,1,2,1,269428,336182,17597,90359,3.114064989440142,0.2118413001329298
10812,0.3719999999999999,0,14,0,269442,336168,17597,90359,3.1139353069769165,0.21184825345171585
10813,0.372,6,74,6,269516,336094,17603,90353,3.1132498425284374,0.21187392571644306
10814,0.3720227272727272,0,1,0,269517,336093,17603,90353,3.11324057949535,0.21187442255291408
10815,0.372047619047619,0,1,0,269518,336092,17603,90353,3.1132313164622625,0.21187491939171524
10816,0.3720555555555556,0,2,0,269520,336090,17603,90353,3.113212790396087,0.21187591307630796
10817,0.3720833333333332,0,1,0,269521,336089,17603,90353,3.113203527363,0.2118764099220996
10818,0.3720833333333334,0,2,0,269523,336087,17603,90353,3.1131850012968245,0.21187740362067348
10819,0.3721428571428571,0,3,0,269526,336084,17603,90353,3.113157212197562,0.21187889418601105
10820,0.3721428571428572,0,1,0,269527,336083,17603,90353,3.1131479491644742,0.21187939104578413
10821,0.3721666666666666,0,3,0,269530,336080,17603,90353,3.1131201600652116,0.21188088163908517
10822,0.3721666666666667,2,9,2,269539,336071,17605,90351,3.113036792767424,0.21188165713776494
10823,0.3722142857142856,1,0,1,269539,336071,17606,90350,3.113036792767424,0.21187980892123043
10824,0.3722222222222222,0,1,0,269540,336070,17606,90350,3.113027529734336,0.21188030580179165
10825,0.3722380952380951,1,0,1,269540,336070,17607,90349,3.113027529734336,0.21187845757341958
10826,0.37225,0,1,0,269541,336069,17607,90349,3.1130182667012485,0.21187895445314223
10827,0.3722619047619047,1,4,1,269545,336065,17608,90348,3.1129812145688986,0.21187909374245156
10828,0.3722619047619048,0,1,0,269546,336064,17608,90348,3.112971951535811,0.21187959063065767
10829,0.3722857142857143,0,1,0,269547,336063,17608,90348,3.1129626885027233,0.21188008752119433
10830,0.3723095238095238,0,1,0,269548,336062,17608,90348,3.1129534254696356,0.21188058441406157
10831,0.3723293650793651,0,1,0,269549,336061,17608,90348,3.1129441624365484,0.21188108130925942
10832,0.3723333333333333,0,35,0,269584,336026,17608,90348,3.112619956278484,0.21189847410958454
10833,0.3723333333333334,0,3,0,269587,336023,17608,90348,3.1125921671792214,0.21189996505390846
10834,0.3723809523809523,0,1,0,269588,336022,17608,90348,3.1125829041461337,0.2119004620400122
10835,0.3723809523809524,0,1,0,269589,336021,17608,90348,3.112573641113046,0.2119009590284472
10836,0.3724999999999999,2,6,2,269595,336015,17610,90346,3.112518062914521,0.21190024415929223
10837,0.3725,48,397,48,269992,335618,17658,90298,3.1088406387787617,0.21200894073009702
10838,0.3725439560439561,0,1,0,269993,335617,17658,90298,3.108831375745674,0.21200943850298767
10839,0.372547619047619,0,3,0,269996,335614,17658,90298,3.1088035866464114,0.21201093183568437
10840,0.3725555555555555,1,0,1,269996,335614,17659,90297,3.1088035866464114,0.21200908170955904
10841,0.372579365079365,0,1,0,269997,335613,17659,90297,3.1087943236133238,0.21200957948862437
10842,0.372595238095238,0,1,0,269998,335612,17659,90297,3.1087850605802365,0.21201007727002716
10843,0.3726111111111111,0,1,0,269999,335611,17659,90297,3.108775797547149,0.21201057505376747
10844,0.3726190476190475,0,3,0,270002,335608,17659,90297,3.1087480084478862,0.21201206841901363
10845,0.3726428571428572,0,1,0,270003,335607,17659,90297,3.1087387454147986,0.21201256621210413
10846,0.3726666666666666,8,47,8,270050,335560,17667,90289,3.1083033828596838,0.21202116243081467
10847,0.3726666666666667,0,4,0,270054,335556,17667,90289,3.1082663307273335,0.21202315396447063
10848,0.3726904761904762,0,1,0,270055,335555,17667,90289,3.108257067694246,0.21202365185373048
10849,0.3727380952380952,0,2,0,270057,335553,17667,90289,3.108238541628071,0.21202464763926526
10850,0.3727564102564102,0,1,0,270058,335552,17667,90289,3.108229278594983,0.21202514553554025
10851,0.3727619047619048,0,1,0,270059,335551,17667,90289,3.1082200155618955,0.21202564343415367
10852,0.3727777777777777,1,0,1,270059,335551,17668,90288,3.1082200155618955,0.21202379302976007
10853,0.3727857142857143,1,1,1,270060,335550,17669,90287,3.108210752528808,0.21202244051127545
10854,0.3728095238095237,0,1,0,270061,335549,17669,90287,3.1082014894957206,0.21202293840821348
10855,0.3728333333333333,1,9,1,270070,335540,17670,90286,3.1081181221979324,0.21202556912917483
10856,0.3728333333333334,1,1,1,270071,335539,17671,90285,3.108108859164845,0.21202421657774104
10857,0.3728571428571428,0,8,0,270079,335531,17671,90285,3.1080347549001446,0.21202819997369757
10858,0.3728809523809523,0,1,0,270080,335530,17671,90285,3.108025491867057,0.21202869790871623
10859,0.3729047619047618,0,1,0,270081,335529,17671,90285,3.108016228833969,0.21202919584607363
10860,0.3729047619047619,0,1,0,270082,335528,17671,90285,3.108006965800882,0.2120296937857698
10861,0.3729166666666666,0,4,0,270086,335524,17671,90285,3.1079699136685317,0.21203168556794244
10862,0.3729166666666667,2,1,2,270087,335523,17673,90283,3.107960650635444,0.21202848245445108
10863,0.3729365079365079,0,1,0,270088,335522,17673,90283,3.1079513876023563,0.21202898040182713
10864,0.3729761904761904,0,2,0,270090,335520,17673,90283,3.1079328615361814,0.2120299763035958
10865,0.3729761904761905,0,2,0,270092,335518,17673,90283,3.1079143354700065,0.21203097221472003
10866,0.373,8,72,8,270164,335446,17681,90275,3.1072473970877024,0.21205202468283219
10867,0.3730238095238096,0,1,0,270165,335445,17681,90275,3.1072381340546147,0.21205252278492906
10868,0.3730714285714285,0,2,0,270167,335443,17681,90275,3.1072196079884398,0.212053518996143
10869,0.3730833333333334,0,1,0,270168,335442,17681,90275,3.107210344955352,0.21205401710526006
10870,0.3730952380952381,0,3,0,270171,335439,17681,90275,3.1071825558560895,0.21205551144665197
10871,0.3731111111111111,0,2,0,270173,335437,17681,90275,3.1071640297899146,0.2120565076859473
10872,0.3731190476190476,0,1,0,270174,335436,17681,90275,3.107154766756827,0.21205700580910525
10873,0.3731212121212122,0,1,0,270175,335435,17681,90275,3.107145503723739,0.21205750393460338
10874,0.373154761904762,0,1,0,270176,335434,17681,90275,3.1071362406906515,0.21205800206244171
10875,0.3731587301587301,0,1,0,270177,335433,17681,90275,3.1071269776575643,0.2120585001926203
10876,0.3731666666666666,2,11,2,270188,335422,17683,90273,3.107025084293601,0.2120602778984954
10877,0.3731666666666667,0,1,0,270189,335421,17683,90273,3.1070158212605135,0.2120607760504024
10878,0.3732142857142857,0,3,0,270192,335418,17683,90273,3.106988032161251,0.21206227052016605
10879,0.3732316017316017,0,1,0,270193,335417,17683,90273,3.106978769128163,0.21206276868143484
10880,0.3732857142857143,0,8,0,270201,335409,17683,90273,3.106904664863463,0.2120667540558445
10881,0.3733333333333333,91,785,91,270986,334624,17774,90182,3.0996331838897326,0.21228984524700686
10882,0.3733571428571428,0,1,0,270987,334623,17774,90182,3.0996239208566454,0.21229034498181518
10883,0.3733571428571429,1,0,1,270987,334623,17775,90181,3.0996239208566454,0.21228849069217803
10884,0.3733809523809524,1,1,1,270988,334622,17776,90180,3.0996146578235577,0.21228713612459452
10885,0.3734523809523808,0,2,0,270990,334620,17776,90180,3.099596131757383,0.21228813559322035
10886,0.3734523809523809,0,2,0,270992,334618,17776,90180,3.0995776056912074,0.2122891350712574
10887,0.373452380952381,0,1,0,270993,334617,17776,90180,3.0995683426581198,0.2122896348138052
10888,0.373468253968254,0,1,0,270994,334616,17776,90180,3.0995590796250325,0.21229013455870582
10889,0.3734999999999999,1,4,1,270998,334612,17777,90179,3.0995220274926822,0.2122902792196633
10890,0.3735,3,25,3,271023,334587,17780,90176,3.0992904516654933,0.21229721044441252
10891,0.3735245702010407,0,1,0,271024,334586,17780,90176,3.0992811886324056,0.21229771024715016
10892,0.3735476190476191,0,1,0,271025,334585,17780,90176,3.0992719255993184,0.21229821005224114
10893,0.3735714285714285,0,1,0,271026,334584,17780,90176,3.0992626625662307,0.21229870985968546
10894,0.3735714285714286,0,4,0,271030,334580,17780,90176,3.0992256104338805,0.21230070911299664
10895,0.3736111111111111,1,4,1,271034,334576,17781,90175,3.09918855830153,0.21230085391205672
10896,0.3736158008658008,0,1,0,271035,334575,17781,90175,3.0991792952684425,0.21230135373749265
10897,0.3736352813852813,0,4,0,271039,334571,17781,90175,3.0991422431360927,0.21230335306277162
10898,0.3736363636363636,0,1,0,271040,334570,17781,90175,3.099132980103005,0.21230385289997528
10899,0.3736666666666666,1,33,1,271073,334537,17782,90174,3.0988273000111155,0.21231849422313057
10900,0.3736666666666667,0,8,0,271081,334529,17782,90174,3.0987531957464154,0.21232249360141087
10901,0.3736904761904762,0,1,0,271082,334528,17782,90174,3.0987439327133277,0.21232299353428993
10902,0.3737142857142857,0,1,0,271083,334527,17782,90174,3.09873466968024,0.21232349346952326
10903,0.3737301587301587,0,1,0,271084,334526,17782,90174,3.0987254066471523,0.2123239934071109
10904,0.37375,1,6,1,271090,334520,17783,90173,3.098669828448627,0.212325138394087
10905,0.3737539682539681,0,1,0,271091,334519,17783,90173,3.0986605654155395,0.2123256383449653
10906,0.3737857142857143,0,2,0,271093,334517,17783,90173,3.0986420393493646,0.21232663825378512
10907,0.3738095238095238,0,2,0,271095,334515,17783,90173,3.0986235132831896,0.21232763817202274
10908,0.3738333333333332,0,2,0,271097,334513,17783,90173,3.0986049872170143,0.21232863809967836
10909,0.3738333333333333,0,11,0,271108,334502,17783,90173,3.098503093853051,0.212334137870136
10910,0.3738333333333334,0,2,0,271110,334500,17783,90173,3.098484567786876,0.2123351378590115
10911,0.3738571428571429,1,1,1,271111,334499,17784,90172,3.0984753047537885,0.21233378309326514
10912,0.3738888888888889,0,1,0,271112,334498,17784,90172,3.098466041720701,0.21233428309039962
10913,0.3738928571428571,1,1,1,271113,334497,17785,90171,3.0984567786876136,0.2123329283110571
10914,0.3739285714285714,0,1,0,271114,334496,17785,90171,3.098447515654526,0.21233342830971091
10915,0.373952380952381,0,1,0,271115,334495,17785,90171,3.0984382526214382,0.21233392831071948
10916,0.3739761904761905,0,1,0,271116,334494,17785,90171,3.098428989588351,0.21233442831408286
10917,0.3739999999999999,0,2,0,271118,334492,17785,90171,3.0984104635221756,0.2123354283278741
10918,0.374,14,158,14,271276,334334,17799,90157,3.096946904294342,0.21238848409035763
10919,0.3740238095238095,0,1,0,271277,334333,17799,90157,3.0969376412612544,0.21238898442837287
10920,0.37402886002886,1,5,1,271282,334328,17800,90156,3.096891326095817,0.2123896307045731
10921,0.3740476190476189,0,5,0,271287,334323,17800,90156,3.096845010930379,0.21239213247298452
10922,0.3740476190476191,0,5,0,271292,334318,17800,90156,3.0967986957649414,0.21239463430033406
10923,0.3740555555555555,0,1,0,271293,334317,17800,90156,3.0967894327318537,0.2123951346728767
10924,0.3740595238095238,0,2,0,271295,334315,17800,90156,3.096770906665679,0.21239613542503494
10925,0.3740714285714286,0,1,0,271296,334314,17800,90156,3.096761643632591,0.2123966358046505
10926,0.374095238095238,0,1,0,271297,334313,17800,90156,3.0967523805995034,0.21239713618662376
10927,0.3741190476190476,0,1,0,271298,334312,17800,90156,3.0967431175664157,0.2123976365709547
10928,0.3741428571428571,0,3,0,271301,334309,17800,90156,3.096715328467153,0.21239913773809382
10929,0.3741666666666666,8,76,8,271377,334233,17808,90148,3.096011337952499,0.21242232804955924
10930,0.3741666666666667,9,73,9,271450,334160,17817,90139,3.095335136537108,0.2124421693192772
10931,0.3741904761904762,0,1,0,271451,334159,17817,90139,3.09532587350402,0.21244267001022865
10932,0.3742619047619047,0,4,0,271455,334155,17817,90139,3.09528882137167,0.2124446727976356
10933,0.3742857142857142,0,1,0,271456,334154,17817,90139,3.0952795583385826,0.2124451735003877
10934,0.3742857142857143,1,23,1,271479,334131,17818,90138,3.0950665085775686,0.2124548340793223
10935,0.3743333333333333,4,43,4,271522,334088,17822,90134,3.0946681981548037,0.21246894314769155
10936,0.3743690476190476,0,1,0,271523,334087,17822,90134,3.0946589351217164,0.21246944399263593
10937,0.3743809523809523,0,2,0,271525,334085,17822,90134,3.094640409055541,0.21247044568960843
10938,0.3744047619047618,0,1,0,271526,334084,17822,90134,3.0946311460224534,0.21247094654163662
10939,0.3744047619047619,0,1,0,271527,334083,17822,90134,3.094621882989366,0.21247144739602608
10940,0.3744166666666667,1,0,1,271527,334083,17823,90133,3.094621882989366,0.21246959096309428
10941,0.3744444444444444,0,1,0,271528,334082,17823,90133,3.0946126199562785,0.21247009181664958
10942,0.374452380952381,0,1,0,271529,334081,17823,90133,3.0946033569231908,0.2124705926725662
10943,0.3744761904761905,1,1,1,271530,334080,17824,90132,3.0945940938901035,0.2124692370795734
10944,0.3744999999999999,0,5,0,271535,334075,17824,90132,3.0945477787246656,0.2124717413904061
10945,0.3745,1,13,1,271548,334062,17825,90131,3.0944273592945275,0.2124763963573185
10946,0.3745075757575757,1,2,1,271550,334060,17826,90130,3.094408833228352,0.21247554162050025
10947,0.3745238095238095,2,1,2,271551,334059,17828,90128,3.094399570195265,0.21247232942075076
10948,0.3745714285714285,0,1,0,271552,334058,17828,90128,3.0943903071621772,0.21247283031500333
10949,0.3745833333333332,0,2,0,271554,334056,17828,90128,3.094371781096002,0.2124738321105935
10950,0.3745833333333334,0,1,0,271555,334055,17828,90128,3.0943625180629146,0.21247433301193117
10951,0.3746428571428571,0,1,0,271556,334054,17828,90128,3.094353255029827,0.21247483391563055
10952,0.3746645021645021,0,1,0,271557,334053,17828,90128,3.0943439919967393,0.21247533482169167
10953,0.3746666666666666,3,5,3,271562,334048,17831,90125,3.0942976768313017,0.21247226956925594
10954,0.3746666666666667,6,28,6,271590,334020,17837,90119,3.0940383119048502,0.21247515555042096
10955,0.3747142857142856,0,2,0,271592,334018,17837,90119,3.094019785838675,0.21247615746798793
10956,0.3747222222222222,0,1,0,271593,334017,17837,90119,3.0940105228055876,0.2124766584303148
10957,0.37475,0,2,0,271595,334015,17837,90119,3.0939919967394123,0.2124776603620554
10958,0.3747619047619047,0,1,0,271596,334014,17837,90119,3.0939827337063246,0.21247816133146913
10959,0.3747619047619048,0,2,0,271598,334012,17837,90119,3.0939642076401497,0.21247916327738364
10960,0.3747857142857143,0,1,0,271599,334011,17837,90119,3.093954944607062,0.21247966425388443
10961,0.3748333333333333,2,25,2,271624,333986,17839,90117,3.093723368779873,0.21248847567689924
10962,0.3748333333333334,0,2,0,271626,333984,17839,90117,3.093704842713698,0.21248947774233023
10963,0.3748661616161615,1,4,1,271630,333980,17840,90116,3.093667790581348,0.21248962499056817
10964,0.3748809523809523,0,1,0,271631,333979,17840,90116,3.09365852754826,0.2124901260330822
10965,0.3748939393939394,1,1,1,271632,333978,17841,90115,3.093649264515173,0.2124887701518299
10966,0.374904761904762,0,1,0,271633,333977,17841,90115,3.0936400014820853,0.2124892711958726
10967,0.3749761904761905,0,1,0,271634,333976,17841,90115,3.0936307384489976,0.2124897722422782
10968,0.3749999999999999,0,13,0,271647,333963,17841,90115,3.0935103190188595,0.21249628606058318
10969,0.375,153,1537,153,273184,332426,17994,89962,3.0792730371632886,0.2129842703864693
10970,0.3750238095238095,0,1,0,273185,332425,17994,89962,3.0792637741302014,0.212984774626113
10971,0.3750714285714286,0,1,0,273186,332424,17994,89962,3.0792545110971137,0.2129852788681443
10972,0.3751111111111111,0,1,0,273187,332423,17994,89962,3.079245248064026,0.2129857831125632
10973,0.3751190476190476,1,2,1,273189,332421,17995,89961,3.079226721997851,0.21298492833501428
10974,0.3751428571428571,0,2,0,273191,332419,17995,89961,3.0792081959316757,0.2129859368341304
10975,0.3751666666666666,0,14,0,273205,332405,17995,89961,3.07907851346845,0.21299299659536988
10976,0.3751666666666667,1,1,1,273206,332404,17996,89960,3.0790692504353627,0.21299163754486652
10977,0.375202380952381,0,4,0,273210,332400,17996,89960,3.0790321983030124,0.21299365470214981
10978,0.3752222222222222,0,1,0,273211,332399,17996,89960,3.0790229352699248,0.21299415899744056
10979,0.3752380952380952,1,2,1,273213,332397,17997,89959,3.07900440920375,0.21299330422676604
10980,0.37525,0,3,0,273216,332394,17997,89959,3.078976620104487,0.21299481713164106
10981,0.3752619047619048,0,1,0,273217,332393,17997,89959,3.0789673570713996,0.2129953214380422
10982,0.3752857142857142,0,2,0,273219,332391,17997,89959,3.078948831005224,0.21299633005800875
10983,0.3753181818181818,0,1,0,273220,332390,17997,89959,3.078939567972137,0.2129968343715742
10984,0.3753333333333332,0,1,0,273221,332389,17997,89959,3.0789303049390493,0.21299733868752782
10985,0.3753333333333333,2,30,2,273251,332359,17999,89957,3.0786524139464224,0.2130087422688224
10986,0.3753333333333334,1,12,1,273263,332347,18000,89956,3.078541257549372,0.21301293147337338
10987,0.3753571428571428,0,3,0,273266,332344,18000,89956,3.0785134684501094,0.21301444470755387
10988,0.3753809523809523,0,1,0,273267,332343,18000,89956,3.0785042054170217,0.21301494912372512
10989,0.3754166666666666,0,5,0,273272,332338,18000,89956,3.078457890251584,0.21301747124041545
10990,0.3754285714285714,0,1,0,273273,332337,18000,89956,3.0784486272184965,0.21301797567092043
10991,0.3754523809523809,0,1,0,273274,332336,18000,89956,3.078439364185409,0.2130184801038144
10992,0.3754761904761905,0,2,0,273276,332334,18000,89956,3.078420838119234,0.2130194889767695
10993,0.3754880952380952,1,0,1,273276,332334,18001,89955,3.078420838119234,0.21301762537030328
10994,0.3754999999999999,1,24,1,273300,332310,18002,89954,3.0781985253251323,0.21302786882140082
10995,0.3755,0,3,0,273303,332307,18002,89954,3.0781707362258697,0.21302938230146756
10996,0.375547619047619,0,2,0,273305,332305,18002,89954,3.0781522101596948,0.21303039130012622
10997,0.3755555555555556,0,1,0,273306,332304,18002,89954,3.078142947126607,0.21303089580303985
10998,0.3755833333333334,0,3,0,273309,332301,18002,89954,3.0781151580273445,0.2130324093261181
10999,0.3755952380952381,0,1,0,273310,332300,18002,89954,3.078105894994257,0.21303291383859005
11000,0.3756349206349206,0,1,0,273311,332299,18002,89954,3.0780966319611696,0.2130334183534516
11001,0.3756410256410256,0,1,0,273312,332298,18002,89954,3.078087368928082,0.2130339228707028
11002,0.3756666666666666,2,35,2,273347,332263,18004,89952,3.0777631627700175,0.2130478547659368
11003,0.3756666666666667,0,8,0,273355,332255,18004,89952,3.077689058505317,0.21305189160767113
11004,0.3757142857142856,3,16,3,273371,332239,18007,89949,3.0775408499759163,0.21305437388083034
11005,0.37575,0,3,0,273374,332236,18007,89949,3.0775130608766537,0.21305588782168955
11006,0.3757738095238095,1,3,1,273377,332233,18008,89948,3.0774852717773906,0.21305553779066325
11007,0.3758015873015873,0,1,0,273378,332232,18008,89948,3.0774760087443034,0.2130560424463499
11008,0.3758095238095238,0,1,0,273379,332231,18008,89948,3.0774667457112157,0.21305654710442726
11009,0.3758333333333333,19,160,19,273539,332071,18027,89929,3.075984660417207,0.21310189573459715
11010,0.3758571428571428,1,0,1,273539,332071,18028,89928,3.075984660417207,0.2131000310427276
11011,0.3758571428571429,0,3,0,273542,332068,18028,89928,3.075956871317944,0.2131015459862179
11012,0.3758809523809524,0,1,0,273543,332067,18028,89928,3.075947608284857,0.21310205097216792
11013,0.3758888888888889,1,2,1,273545,332065,18029,89927,3.0759290822186816,0.21310119623120818
11014,0.3758968253968255,0,1,0,273546,332064,18029,89927,3.0759198191855943,0.2131017012211161
11015,0.3759523809523808,0,1,0,273547,332063,18029,89927,3.0759105561525066,0.21310220621341738
11016,0.3759523809523809,1,2,1,273549,332061,18030,89926,3.0758920300863313,0.2131013514634337
11017,0.3759761904761904,0,1,0,273550,332060,18030,89926,3.075882767053244,0.21310185645969298
11018,0.3759999999999999,0,3,0,273553,332057,18030,89926,3.0758549779539814,0.21310337146283145
11019,0.376,17,179,17,273732,331878,18047,89909,3.074196895031309,0.21316209366338934
11020,0.3760000000000001,1,1,1,273733,331877,18048,89908,3.0741876319982215,0.21316073354908308
11021,0.3760119047619046,0,1,0,273734,331876,18048,89908,3.074178368965134,0.21316123892798208
11022,0.3760238095238095,1,0,1,273734,331876,18049,89907,3.074178368965134,0.21315937342187807
11023,0.3760714285714285,0,1,0,273735,331875,18049,89907,3.074169105932046,0.2131598787999488
11024,0.3760714285714286,0,3,0,273738,331872,18049,89907,3.0741413168327836,0.2131613949485394
11025,0.3761111111111111,0,4,0,273742,331868,18049,89907,3.0741042647004333,0.21316341651354395
11026,0.3761428571428571,0,1,0,273743,331867,18049,89907,3.074095001667346,0.21316392191078634
11027,0.3761666666666666,2,9,2,273752,331858,18051,89905,3.074011634369558,0.21316473943897402
11028,0.3761666666666667,0,1,0,273753,331857,18051,89905,3.0740023713364706,0.21316524485373267
11029,0.3761904761904762,0,2,0,273755,331855,18051,89905,3.0739838452702952,0.21316625569044007
11030,0.3762380952380952,0,2,0,273757,331853,18051,89905,3.0739653192041203,0.21316726653673435
11031,0.3762499999999999,0,1,0,273758,331852,18051,89905,3.0739560561710326,0.2131677719634766
11032,0.37625,2,8,2,273766,331844,18053,89903,3.073881951906332,0.21316808418317143
11033,0.3762500000000001,0,2,0,273768,331842,18053,89903,3.073863425840157,0.21316909506929543
11034,0.3763095238095238,0,2,0,273770,331840,18053,89903,3.073844899773982,0.21317010596500713
11035,0.3763239538239538,0,1,0,273771,331839,18053,89903,3.0738356367408946,0.2131706114164584
11036,0.3763333333333332,0,6,0,273777,331833,18053,89903,3.073780058542369,0.21317364417550316
11037,0.3763333333333333,3,20,3,273797,331813,18056,89900,3.073594797880618,0.21317815670847234
11038,0.3763333333333334,2,3,2,273800,331810,18058,89898,3.0735670087813554,0.2131759416468267
11039,0.376336802086802,0,1,0,273801,331809,18058,89898,3.0735577457482677,0.2131764471540667
11040,0.376345238095238,0,3,0,273804,331806,18058,89898,3.073529956649005,0.2131779636901713
11041,0.3763809523809523,0,1,0,273805,331805,18058,89898,3.0735206936159174,0.21317846920700115
11042,0.3763888888888889,0,2,0,273807,331803,18058,89898,3.0735021675497425,0.21317948024785333
11043,0.3764047619047619,0,1,0,273808,331802,18058,89898,3.073492904516655,0.21317998577187575
11044,0.3764285714285714,1,3,1,273811,331799,18059,89897,3.073465115417392,0.21317963651540447
11045,0.3764737484737485,1,1,1,273812,331798,18060,89896,3.0734558523843045,0.21317827619079238
11046,0.3764761904761904,1,0,1,273812,331798,18061,89895,3.0734558523843045,0.213176410326944
11047,0.3764841269841269,0,2,0,273814,331796,18061,89895,3.0734373263181296,0.2131774213820072
11048,0.3764999999999999,0,2,0,273816,331794,18061,89895,3.0734188002519547,0.21317843244666093
11049,0.3765,4,34,4,273850,331760,18065,89891,3.0731038571269775,0.2131881579789921
11050,0.3765158730158731,0,2,0,273852,331758,18065,89891,3.0730853310608026,0.21318916919048783
11051,0.3765198412698413,0,1,0,273853,331757,18065,89891,3.073076068027715,0.21318967479983303
11052,0.3765357142857143,0,3,0,273856,331754,18065,89891,3.0730482789284523,0.2131911916422583
11053,0.3765476190476189,0,2,0,273858,331752,18065,89891,3.0730297528622774,0.21319220288253332
11054,0.3765714285714285,1,1,1,273859,331751,18066,89890,3.0730204898291897,0.21319084244653627
11055,0.3766150793650793,0,1,0,273860,331750,18066,89890,3.073011226796102,0.21319134806944312
11056,0.3766190476190476,0,1,0,273861,331749,18066,89890,3.0730019637630144,0.21319185369474836
11057,0.3766666666666666,56,408,56,274269,331341,18122,89834,3.0692226462632926,0.2132937615005639
11058,0.3766666666666667,39,419,39,274688,330922,18161,89795,3.065341435399607,0.2134332579857719
11059,0.3767142857142857,1,2,1,274690,330920,18162,89794,3.065322909333432,0.2134324030101209
11060,0.3767142857142858,0,1,0,274691,330919,18162,89794,3.0653136463003445,0.21343291032128792
11061,0.37675,0,6,0,274697,330913,18162,89794,3.0652580681018193,0.21343595423893588
11062,0.3767619047619046,0,1,0,274698,330912,18162,89794,3.0652488050687317,0.213436461566985
11063,0.3767857142857143,0,2,0,274700,330910,18162,89794,3.0652302790025567,0.2134374762303187
11064,0.3768095238095238,1,0,1,274700,330910,18163,89793,3.0652302790025567,0.21343560659182367
11065,0.3768333333333333,1,16,1,274716,330894,18164,89792,3.0650820704731556,0.21344185449480135
11066,0.3768571428571428,0,1,0,274717,330893,18164,89792,3.0650728074400684,0.21344236186220095
11067,0.3768571428571429,0,1,0,274718,330892,18164,89792,3.0650635444069807,0.21344286923201264
11068,0.3769047619047618,0,1,0,274719,330891,18164,89792,3.065054281373893,0.21344337660423646
11069,0.3769047619047619,0,1,0,274720,330890,18164,89792,3.0650450183408053,0.2134438839788724
11070,0.3769166666666666,0,1,0,274721,330889,18164,89792,3.065035755307718,0.21344439135592053
11071,0.3769523809523808,1,0,1,274721,330889,18165,89791,3.065035755307718,0.213442521631644
11072,0.3769999999999999,0,11,0,274732,330878,18165,89791,3.064933861943755,0.2134481029027573
11073,0.377,6,47,6,274779,330831,18171,89785,3.0644984993886397,0.21346073378093083
11074,0.3770000000000001,1,0,1,274779,330831,18172,89784,3.0644984993886397,0.21345886380656895
11075,0.3770277777777777,0,1,0,274780,330830,18172,89784,3.0644892363555525,0.21345937130005183
11076,0.3770277777777778,0,3,0,274783,330827,18172,89784,3.0644614472562894,0.2134608937949792
11077,0.3770555555555555,0,1,0,274784,330826,18172,89784,3.064452184223202,0.21346140129811464
11078,0.3770555555555556,0,1,0,274785,330825,18172,89784,3.0644429211901145,0.21346190880366325
11079,0.3770714285714285,0,1,0,274786,330824,18172,89784,3.064433658157027,0.21346241631162508
11080,0.3770833333333332,3,5,3,274791,330819,18175,89781,3.0643873429915893,0.21345934379457918
11081,0.3770952380952381,0,1,0,274792,330818,18175,89781,3.0643780799585016,0.21345985130730222
11082,0.3771002886002886,0,2,0,274794,330816,18175,89781,3.0643595538923263,0.21346086633998815
11083,0.3771190476190477,0,1,0,274795,330815,18175,89781,3.064350290859239,0.21346137385995112
11084,0.3771309523809523,0,1,0,274796,330814,18175,89781,3.0643410278261514,0.2134618813823274
11085,0.3771428571428571,1,20,1,274816,330794,18176,89780,3.0641557671644004,0.2134701622068887
11086,0.3771666666666666,0,3,0,274819,330791,18176,89780,3.064127978065138,0.21347168492359198
11087,0.3771666666666667,1,7,1,274826,330784,18177,89779,3.064063136833525,0.21347336784263
11088,0.3772142857142856,0,1,0,274827,330783,18177,89779,3.0640538738004373,0.2134738754333487
11089,0.3772142857142857,0,1,0,274828,330782,18177,89779,3.0640446107673496,0.2134743830264813
11090,0.377219696969697,1,0,1,274828,330782,18178,89778,3.0640446107673496,0.21347251284002283
11091,0.3772222222222222,0,1,0,274829,330781,18178,89778,3.064035347734262,0.21347302043232935
11092,0.3772450980392156,0,2,0,274831,330779,18178,89778,3.064016821668087,0.21347403562418413
11093,0.3772499999999999,0,1,0,274832,330778,18178,89778,3.0640075586349993,0.21347454322373238
11094,0.37725,0,1,0,274833,330777,18178,89778,3.063998295601912,0.21347505082569462
11095,0.3772619047619047,1,1,1,274834,330776,18179,89777,3.0639890325688244,0.21347368821527846
11096,0.377262987012987,0,1,0,274835,330775,18179,89777,3.0639797695357367,0.2134741958188286
11097,0.3772857142857143,0,1,0,274836,330774,18179,89777,3.063970506502649,0.21347470342479272
11098,0.3773333333333333,4,58,4,274894,330716,18183,89773,3.063433250583571,0.21349666697583053
11099,0.3773333333333334,0,1,0,274895,330715,18183,89773,3.0634239875504834,0.21349717471128785
11100,0.3773571428571428,0,1,0,274896,330714,18183,89773,3.063414724517396,0.21349768244916015
11101,0.3773571428571429,0,1,0,274897,330713,18183,89773,3.0634054614843085,0.21349819018944746
11102,0.3773611111111111,1,0,1,274897,330713,18184,89772,3.0634054614843085,0.21349631972603064
11103,0.3773809523809522,0,1,0,274898,330712,18184,89772,3.063396198451221,0.21349682746549214
11104,0.3773809523809523,0,1,0,274899,330711,18184,89772,3.063386935418133,0.21349733520736866
11105,0.3773809523809524,2,9,2,274908,330702,18186,89770,3.0633035681203453,0.21349816396811203
11106,0.3774025974025974,1,1,1,274909,330701,18187,89769,3.0632943050872576,0.21349680119865863
11107,0.3774166666666667,0,1,0,274910,330700,18187,89769,3.0632850420541704,0.21349730895737853
11108,0.3774404761904762,0,1,0,274911,330699,18187,89769,3.0632757790210827,0.21349781671851364
11109,0.3774523809523809,0,1,0,274912,330698,18187,89769,3.063266515987995,0.213498324482064
11110,0.3774761904761904,1,3,1,274915,330695,18188,89768,3.0632387268887324,0.21349797722986327
11111,0.3774761904761905,0,1,0,274916,330694,18188,89768,3.0632294638556448,0.2134984849998335
11112,0.3774999999999999,0,4,0,274920,330690,18188,89768,3.0631924117232945,0.2135005161038677
11113,0.3775,36,364,36,275284,330326,18224,89732,3.059820667679425,0.2136181194025587
11114,0.3775476190476191,0,1,0,275285,330325,18224,89732,3.0598114046463376,0.21361862794811182
11115,0.3775555555555556,0,1,0,275286,330324,18224,89732,3.05980214161325,0.21361913649608624
11116,0.3775833333333334,1,0,1,275286,330324,18225,89731,3.05980214161325,0.2136172644058516
11117,0.3776111111111111,0,2,0,275288,330322,18225,89731,3.0597836155470746,0.21361828150257228
11118,0.3776190476190476,0,3,0,275291,330319,18225,89731,3.059755826447812,0.21361980716581358
11119,0.3776190476190477,0,2,0,275293,330317,18225,89731,3.059737300381637,0.21362082428674817
11120,0.3776428571428571,0,1,0,275294,330316,18225,89731,3.0597280373485494,0.21362133285084764
11121,0.3776666666666666,6,38,6,275332,330278,18231,89725,3.0593760420912224,0.2136294264564777
11122,0.3776666666666667,1,5,1,275337,330273,18232,89724,3.0593297269257844,0.21363009735783828
11123,0.3776904761904761,0,1,0,275338,330272,18232,89724,3.059320463892697,0.2136306060057715
11124,0.3777142857142858,0,1,0,275339,330271,18232,89724,3.0593112008596095,0.21363111465612686
11125,0.3777380952380952,0,2,0,275341,330269,18232,89724,3.059292674793434,0.21363213196410416
11126,0.3777619047619048,0,1,0,275342,330268,18232,89724,3.059283411760347,0.21363264062172613
11127,0.3777770562770562,0,1,0,275343,330267,18232,89724,3.0592741487272592,0.21363314928177032
11128,0.3777777777777777,0,4,0,275347,330263,18232,89724,3.059237096594909,0.21363518394616976
11129,0.377797619047619,0,1,0,275348,330262,18232,89724,3.0592278335618213,0.21363569261832538
11130,0.3778095238095237,0,1,0,275349,330261,18232,89724,3.059218570528734,0.2136362012929033
11131,0.3778333333333333,0,14,0,275363,330247,18232,89724,3.0590888880655083,0.21364332299134942
11132,0.3778333333333334,0,4,0,275367,330243,18232,89724,3.059051835933158,0.21364535784954533
11133,0.3778571428571428,0,7,0,275374,330236,18232,89724,3.058986994701545,0.2136489189446614
11134,0.3778667027417025,0,8,0,275382,330228,18232,89724,3.0589128904368446,0.21365298891301862
11135,0.3778787878787878,0,2,0,275384,330226,18232,89724,3.0588943643706696,0.21365400642933682
11136,0.3778888888888889,1,1,1,275385,330225,18233,89723,3.058885101337582,0.21365264270814482
11137,0.3779166666666666,0,3,0,275388,330222,18233,89723,3.0588573122383194,0.2136541689983212
11138,0.3779166666666667,0,1,0,275389,330221,18233,89723,3.0588480492052317,0.21365467776655936
11139,0.377952380952381,0,1,0,275390,330220,18233,89723,3.058838786172144,0.21365518653722052
11140,0.3779761904761905,0,1,0,275391,330219,18233,89723,3.0588295231390568,0.21365569531030476
11141,0.3779880952380953,1,3,1,275394,330216,18234,89722,3.058801734039794,0.21365534912296577
11142,0.3779999999999999,8,95,8,275489,330121,18242,89714,3.0579217458964765,0.2136887110412424
11143,0.378,1,4,1,275493,330117,18243,89713,3.057884693764126,0.21368887406807519
11144,0.378047619047619,0,1,0,275494,330116,18243,89713,3.0578754307310385,0.21368938305834043
11145,0.3780555555555556,1,1,1,275495,330115,18244,89712,3.057866167697951,0.2136880191126345
11146,0.3780833333333333,0,1,0,275496,330114,18244,89712,3.0578569046648636,0.21368852810450042
11147,0.3780833333333334,0,1,0,275497,330113,18244,89712,3.057847641631776,0.21368903709879117
11148,0.3780952380952381,0,4,0,275501,330109,18244,89712,3.0578105894994256,0.21369107310020222
11149,0.3781190476190476,0,1,0,275502,330108,18244,89712,3.057801326466338,0.21369158210661712
11150,0.3781468253968253,1,6,1,275508,330102,18245,89711,3.0577457482678128,0.21369276320647526
11151,0.3781547619047619,0,2,0,275510,330100,18245,89711,3.057727222201638,0.21369378124918118
11152,0.3781666666666666,1,10,1,275520,330090,18246,89710,3.0576345918707624,0.21369699857074798
11153,0.3781666666666667,1,10,1,275530,330080,18247,89709,3.0575419615398864,0.21370021606092585
11154,0.3781904761904763,0,1,0,275531,330079,18247,89709,3.057532698506799,0.2137007251279217
11155,0.3782142857142856,1,7,1,275538,330072,18248,89708,3.0574678572751863,0.21370241555100292
11156,0.3782142857142858,0,4,0,275542,330068,18248,89708,3.057430805142836,0.2137044518981552
11157,0.3782380952380952,0,1,0,275543,330067,18248,89708,3.0574215421097484,0.21370496099100708
11158,0.37825,0,1,0,275544,330066,18248,89708,3.0574122790766607,0.21370547008628452
11159,0.3782619047619047,0,1,0,275545,330065,18248,89708,3.0574030160435735,0.21370597918398754
11160,0.3782857142857143,0,4,0,275549,330061,18248,89708,3.057365963911223,0.21370801559905567
11161,0.3783333333333333,54,479,54,276028,329582,18302,89654,3.0529289710622844,0.2138509097501169
11162,0.3783333333333334,1,0,1,276028,329582,18303,89653,3.0529289710622844,0.21384903455102747
11163,0.3784285714285714,0,2,0,276030,329580,18303,89653,3.0529104449961095,0.21385005474282798
11164,0.3784523809523809,0,1,0,276031,329579,18303,89653,3.052901181963022,0.21385056484237844
11165,0.3784761904761904,0,1,0,276032,329578,18303,89653,3.0528919189299346,0.21385107494436242
11166,0.3784880952380952,0,1,0,276033,329577,18303,89653,3.052882655896847,0.2138515850487799
11167,0.3784999999999999,0,5,0,276038,329572,18303,89653,3.052836340731409,0.21385413560737074
11168,0.3785,7,26,7,276064,329546,18310,89646,3.052595501871133,0.21385427202809215
11169,0.3785238095238095,0,1,0,276065,329545,18310,89646,3.052586238838045,0.21385478218759468
11170,0.378547619047619,0,1,0,276066,329544,18310,89646,3.0525769758049575,0.21385529234953124
11171,0.3785714285714285,0,1,0,276067,329543,18310,89646,3.0525677127718702,0.21385580251390185
11172,0.3785714285714286,0,5,0,276072,329538,18310,89646,3.0525213976064323,0.2138583533722661
11173,0.3785833333333333,1,3,1,276075,329535,18311,89645,3.0524936085071697,0.2138580084927716
11174,0.3785833333333334,0,2,0,276077,329533,18311,89645,3.0524750824409943,0.2138590288612475
11175,0.378611111111111,0,1,0,276078,329532,18311,89645,3.052465819407907,0.21385953904913677
11176,0.3786111111111111,1,0,1,276078,329532,18312,89644,3.052465819407907,0.21385766360669503
11177,0.3786153846153846,0,1,0,276079,329531,18312,89644,3.0524565563748194,0.21385817379376157
11178,0.3786666666666666,6,30,6,276109,329501,18318,89638,3.052178665382193,0.2138622270893427
11179,0.3786666666666667,1,4,1,276113,329497,18319,89637,3.0521416132498427,0.21386239245682764
11180,0.3786904761904762,0,4,0,276117,329493,18319,89637,3.0521045611174924,0.21386443346932932
11181,0.3787142857142857,0,1,0,276118,329492,18319,89637,3.0520952980844047,0.2138649437285418
11182,0.3787420634920634,0,4,0,276122,329488,18319,89637,3.0520582459520544,0.21386698478974053
11183,0.3787500000000001,0,1,0,276123,329487,18319,89637,3.052048982918967,0.21386749506112748
11184,0.3787857142857143,0,2,0,276125,329485,18319,89637,3.052030456852792,0.2138685156112063
11185,0.3787860472860472,1,3,1,276128,329482,18320,89636,3.0520026677535292,0.21386817077768075
11186,0.3788095238095238,0,4,0,276132,329478,18320,89636,3.051965615621179,0.21387021192324762
11187,0.3788095238095239,0,1,0,276133,329477,18320,89636,3.0519563525880913,0.21387072221572703
11188,0.3788181818181818,0,1,0,276134,329476,18320,89636,3.051947089555004,0.21387123251064155
11189,0.3788333333333332,0,6,0,276140,329470,18320,89636,3.0518915113564784,0.21387429433126703
11190,0.3788333333333333,1,6,1,276146,329464,18321,89635,3.051835933157953,0.21387548049506203
11191,0.3788333333333334,2,1,2,276147,329463,18323,89633,3.0518266701248655,0.21387223929600854
11192,0.3788571428571428,0,2,0,276149,329461,18323,89633,3.0518081440586906,0.21387325993691153
11193,0.3788690476190476,1,0,1,276149,329461,18324,89632,3.0518081440586906,0.21387138415578405
11194,0.3788809523809523,0,2,0,276151,329459,18324,89632,3.0517896179925157,0.21387240479991218
11195,0.3788888888888888,0,2,0,276153,329457,18324,89632,3.0517710919263403,0.2138734254537819
11196,0.3789166666666667,0,1,0,276154,329456,18324,89632,3.0517618288932526,0.21387393578436986
11197,0.3789285714285714,0,2,0,276156,329454,18324,89632,3.0517433028270777,0.21387495645285215
11198,0.3789444444444445,0,1,0,276157,329453,18324,89632,3.05173403979399,0.2138754667907465
11199,0.3789523809523809,0,1,0,276158,329452,18324,89632,3.0517247767609024,0.21387597713107634
11200,0.3789563492063492,0,1,0,276159,329451,18324,89632,3.051715513727815,0.2138764874738417
11201,0.379,8,87,8,276246,329364,18332,89624,3.050909629849198,0.21390588751945164
11202,0.3790476190476191,0,3,0,276249,329361,18332,89624,3.050881840749935,0.21390741912001623
11203,0.3790555555555554,0,2,0,276251,329359,18332,89624,3.05086331468376,0.21390844019924435
11204,0.3790555555555556,0,1,0,276252,329358,18332,89624,3.0508540516506724,0.213908950742514
11205,0.379060606060606,0,1,0,276253,329357,18332,89624,3.050844788617585,0.21390946128822072
11206,0.3790833333333333,0,1,0,276254,329356,18332,89624,3.0508355255844974,0.2139099718363645
11207,0.379095238095238,0,1,0,276255,329355,18332,89624,3.0508262625514098,0.2139104823869454
11208,0.3791269841269841,1,0,1,276255,329355,18333,89623,3.0508262625514098,0.21390860617979943
11209,0.3791349206349206,0,1,0,276256,329354,18333,89623,3.050816999518322,0.21390911672955795
11210,0.3791428571428571,1,1,1,276257,329353,18334,89622,3.050807736485235,0.2139077510591324
11211,0.3791666666666666,10,87,10,276344,329266,18344,89612,3.0500018526066177,0.21393341259268808
11212,0.3791666666666667,1,70,1,276414,329196,18345,89611,3.049353440290489,0.2139672928102921
11213,0.3791904761904762,0,1,0,276415,329195,18345,89611,3.0493441772574013,0.21396780370863835
11214,0.3792380952380952,0,1,0,276416,329194,18345,89611,3.0493349142243136,0.21396831460942442
11215,0.37925,0,2,0,276418,329192,18345,89611,3.0493163881581387,0.213969336418316
11216,0.3792619047619048,0,1,0,276419,329191,18345,89611,3.049307125125051,0.21396984732642155
11217,0.3792820512820513,1,1,1,276420,329190,18346,89610,3.0492978620919633,0.21396848137535818
11218,0.3792857142857143,1,12,1,276432,329178,18347,89609,3.049186705694913,0.2139727355433669
11219,0.3793333333333333,4,51,4,276483,329127,18351,89605,3.0487142910074474,0.21399128798372227
11220,0.3793571428571428,0,1,0,276484,329126,18351,89605,3.0487050279743597,0.2139917990308814
11221,0.3793571428571429,0,1,0,276485,329125,18351,89605,3.0486957649412725,0.21399231008048145
11222,0.3794047619047619,0,1,0,276486,329124,18351,89605,3.048686501908185,0.21399282113252246
11223,0.3794444444444443,0,1,0,276487,329123,18351,89605,3.048677238875097,0.21399333218700445
11224,0.3794444444444444,0,1,0,276488,329122,18351,89605,3.04866797584201,0.21399384324392742
11225,0.3794444444444445,0,1,0,276489,329121,18351,89605,3.048658712808922,0.21399435430329142
11226,0.379452380952381,0,2,0,276491,329119,18351,89605,3.048640186742747,0.21399537642934247
11227,0.3794722222222222,0,1,0,276492,329118,18351,89605,3.0486309237096596,0.2139958874960296
11228,0.3794761904761905,0,1,0,276493,329117,18351,89605,3.048621660676572,0.21399639856515779
11229,0.3794999999999999,0,4,0,276497,329113,18351,89605,3.0485846085442216,0.21399844286608172
11230,0.3795,1,16,1,276513,329097,18352,89604,3.048436400014821,0.21400474324159724
11231,0.3795238095238095,0,10,0,276523,329087,18352,89604,3.0483437696839455,0.2140098545227865
11232,0.3795555555555555,0,2,0,276525,329085,18352,89604,3.04832524361777,0.21401087680832312
11233,0.3795714285714285,1,0,1,276525,329085,18353,89603,3.04832524361777,0.21400899954142463
11234,0.3795833333333334,1,1,1,276526,329084,18354,89602,3.0483159805846824,0.21400763340546375
11235,0.3796428571428571,0,3,0,276529,329081,18354,89602,3.04828819148542,0.2140091668398287
11236,0.3796666666666666,1,5,1,276534,329076,18355,89601,3.0482418763199823,0.21400984529840425
11237,0.3796666666666667,4,27,4,276561,329049,18359,89597,3.047991774426618,0.2140161377392833
11238,0.3796904761904762,0,1,0,276562,329048,18359,89597,3.047982511393531,0.21401664895078168
11239,0.3797142857142857,0,1,0,276563,329047,18359,89597,3.047973248360443,0.2140171601647223
11240,0.3797222222222222,0,1,0,276564,329046,18359,89597,3.0479639853273555,0.21401767138110514
11241,0.3797460317460317,0,1,0,276565,329045,18359,89597,3.0479547222942682,0.21401818259993025
11242,0.37975,0,2,0,276567,329043,18359,89597,3.047936196228093,0.21401920504490732
11243,0.3797619047619047,0,3,0,276570,329040,18359,89597,3.0479084071288303,0.2140207387306903
11244,0.3797619047619048,0,1,0,276571,329039,18359,89597,3.0478991440957426,0.21402124996416935
11245,0.3798095238095238,0,2,0,276573,329037,18359,89597,3.0478806180295677,0.2140222724384546
11246,0.3798095238095239,0,2,0,276575,329035,18359,89597,3.0478620919633923,0.21402329492250952
11247,0.3798333333333332,1,1,1,276576,329034,18360,89596,3.047852828930305,0.21402192867209707
11248,0.3798333333333333,3,11,3,276587,329023,18363,89593,3.047750935566342,0.21402191985017296
11249,0.3798484848484848,0,1,0,276588,329022,18363,89593,3.0477416725332542,0.21402243111211972
11250,0.3798571428571428,0,1,0,276589,329021,18363,89593,3.0477324095001666,0.21402294237650915
11251,0.3798809523809523,0,1,0,276590,329020,18363,89593,3.0477231464670793,0.21402345364334122
11252,0.3798809523809524,0,2,0,276592,329018,18363,89593,3.047704620400904,0.21402447618433343
11253,0.3798888888888889,0,1,0,276593,329017,18363,89593,3.0476953573678167,0.21402498745849358
11254,0.3798928571428571,0,1,0,276594,329016,18363,89593,3.047686094334729,0.21402549873509646
11255,0.3799166666666666,1,1,1,276595,329015,18364,89592,3.0476768313016414,0.21402413242014587
11256,0.3799285714285714,0,1,0,276596,329014,18364,89592,3.0476675682685537,0.2140246436983703
11257,0.3799365079365078,0,1,0,276597,329013,18364,89592,3.0476583052354664,0.2140251549790375
11258,0.3799999999999999,1,20,1,276617,328993,18365,89591,3.047473044573715,0.2140335034306137
11259,0.38,406,3556,406,280173,325437,18771,89185,3.0145336989143727,0.2150995364452441
11260,0.3800396825396826,0,3,0,280176,325434,18771,89185,3.0145059098151097,0.21510109281050796
11261,0.3800833333333334,1,0,1,280176,325434,18772,89184,3.0145059098151097,0.21509919974530772
11262,0.3801190476190476,1,2,1,280178,325432,18773,89183,3.0144873837489348,0.21509834424707258
11263,0.3801190476190477,0,2,0,280180,325430,18773,89183,3.01446885768276,0.21509938183317936
11264,0.3801666666666666,1,12,1,280192,325418,18774,89182,3.014357701285709,0.21510371442354076
11265,0.3801666666666667,0,4,0,280196,325414,18774,89182,3.0143206491533587,0.2151057897326554
11266,0.3801904761904761,0,2,0,280198,325412,18774,89182,3.014302123087184,0.21510682740222964
11267,0.3801904761904762,0,4,0,280202,325408,18774,89182,3.0142650709548335,0.21510890277141273
11268,0.3802222222222222,1,0,1,280202,325408,18775,89181,3.0142650709548335,0.2151070095926327
11269,0.3802380952380952,0,3,0,280205,325405,18775,89181,3.014237281855571,0.21510856613585602
11270,0.3802619047619048,1,1,1,280206,325404,18776,89180,3.0142280188224833,0.2151071917874303
11271,0.3802857142857141,0,1,0,280207,325403,18776,89180,3.0142187557893956,0.21510771063936535
11272,0.3802857142857142,0,1,0,280208,325402,18776,89180,3.0142094927563083,0.2151082294938034
11273,0.3803030303030303,0,1,0,280209,325401,18776,89180,3.0142002297232207,0.21510874835074448
11274,0.3803333333333332,0,3,0,280212,325398,18776,89180,3.014172440623958,0.21511030493658612
11275,0.3803333333333333,0,17,0,280229,325381,18776,89180,3.0140149690614697,0.21511912601523056
11276,0.3803333333333334,0,4,0,280233,325377,18776,89180,3.0139779169291194,0.21512120166828688
11277,0.3803571428571428,0,1,0,280234,325376,18776,89180,3.0139686538960317,0.2151217205878096
11278,0.3803787878787878,0,1,0,280235,325375,18776,89180,3.013959390862944,0.21512223950983586
11279,0.3804166666666666,0,2,0,280237,325373,18776,89180,3.013940864796769,0.2151232773613989
11280,0.3804166666666667,0,1,0,280238,325372,18776,89180,3.0139316017636815,0.21512379629093575
11281,0.3804444444444443,1,1,1,280239,325371,18777,89179,3.013922338730594,0.2151224219032686
11282,0.3804523809523809,0,1,0,280240,325370,18777,89179,3.0139130756975065,0.21512294083449726
11283,0.3804761904761905,0,9,0,280249,325361,18777,89179,3.0138297083997183,0.21512761132821923
11284,0.3804999999999999,2,22,2,280271,325339,18779,89177,3.013625921671792,0.215135242065445
11285,0.3805,0,1,0,280272,325338,18779,89177,3.0136166586387048,0.21513576107016633
11286,0.3805128205128206,0,1,0,280273,325337,18779,89177,3.013607395605617,0.21513628007739183
11287,0.3805714285714286,0,1,0,280274,325336,18779,89177,3.0135981325725294,0.21513679908712152
11288,0.3805952380952381,0,4,0,280278,325332,18779,89177,3.013561080440179,0.21513887515108238
11289,0.3806190476190476,0,2,0,280280,325330,18779,89177,3.013542554374004,0.21513991319808834
11290,0.3806428571428571,0,1,0,280281,325329,18779,89177,3.0135332913409165,0.21514043222534776
11291,0.3806666666666666,5,40,5,280321,325289,18784,89172,3.0131627700174146,0.215151727183016
11292,0.3806666666666667,2,11,2,280332,325278,18786,89170,3.0130608766534515,0.21515365015635254
11293,0.3806785714285714,0,2,0,280334,325276,18786,89170,3.013042350587276,0.2151546884274429
11294,0.3806944444444444,0,1,0,280335,325275,18786,89170,3.013033087554189,0.2151552075667459
11295,0.3807142857142856,0,12,0,280347,325263,18786,89170,3.012921931157138,0.2151614374337951
11296,0.3807142857142858,0,3,0,280350,325260,18786,89170,3.0128941420578754,0.21516299495692878
11297,0.3807380952380953,0,1,0,280351,325259,18786,89170,3.0128848790247877,0.21516351413631768
11298,0.38075,0,2,0,280353,325257,18786,89170,3.012866352958613,0.21516455250261204
11299,0.3807619047619047,0,1,0,280354,325256,18786,89170,3.012857089925525,0.21516507168951754
11300,0.3807857142857142,0,1,0,280355,325255,18786,89170,3.0128478268924375,0.21516559087892864
11301,0.3808064713064714,0,2,0,280357,325253,18786,89170,3.0128293008262625,0.2151666292652676
11302,0.3808095238095237,0,1,0,280358,325252,18786,89170,3.012820037793175,0.21516714846219553
11303,0.3808333333333333,13,165,13,280523,325087,18799,89157,3.0112916373337284,0.21522822297969313
11304,0.3808333333333334,0,2,0,280525,325085,18799,89157,3.0112731112675535,0.21522926212214116
11305,0.3808492063492064,0,2,0,280527,325083,18799,89157,3.011254585201378,0.21523030127462342
11306,0.3808571428571429,0,2,0,280529,325081,18799,89157,3.011236059135203,0.21523134043714
11307,0.3808787323787322,2,7,2,280536,325074,18801,89155,3.0111712179035903,0.21523118854546638
11308,0.3808809523809524,1,1,1,280537,325073,18802,89154,3.0111619548705026,0.21522981360461776
11309,0.3809523809523809,1,4,1,280541,325069,18803,89153,3.0111249027381524,0.21522999744098575
11310,0.380952380952381,0,1,0,280542,325068,18803,89153,3.011115639705065,0.21523051704283463
11311,0.3809999999999999,1,5,1,280547,325063,18804,89152,3.011069324539627,0.21523122050143043
11312,0.381,12,87,12,280634,324976,18816,89140,3.01026344066101,0.21525369703174957
11313,0.381031746031746,0,1,0,280635,324975,18816,89140,3.0102541776279224,0.21525421682382914
11314,0.3810476190476191,0,1,0,280636,324974,18816,89140,3.010244914594835,0.2152547366184191
11315,0.3810696248196248,0,1,0,280637,324973,18816,89140,3.0102356515617474,0.21525525641551943
11316,0.3810952380952381,0,1,0,280638,324972,18816,89140,3.0102263885286598,0.2152557762151302
11317,0.381111111111111,1,2,1,280640,324970,18817,89139,3.010207862462485,0.21525492080587477
11318,0.3811111111111111,2,1,2,280641,324969,18819,89137,3.010198599429397,0.21525165054358064
11319,0.3811428571428571,0,2,0,280643,324967,18819,89137,3.0101800733632222,0.21525269014547072
11320,0.3811666666666666,1,10,1,280653,324957,18820,89136,3.0100874430323463,0.2152559932189146
11321,0.3811666666666667,0,1,0,280654,324956,18820,89136,3.010078179999259,0.21525651304541019
11322,0.3811904761904761,0,1,0,280655,324955,18820,89136,3.0100689169661714,0.2152570328744165
11323,0.3811904761904762,1,3,1,280658,324952,18821,89135,3.010041127866909,0.21525669726410152
11324,0.3812142857142856,0,1,0,280659,324951,18821,89135,3.010031864833821,0.2152572170998295
11325,0.3812142857142857,0,2,0,280661,324949,18821,89135,3.010013338767646,0.21525825677881782
11326,0.3812380952380952,0,2,0,280663,324947,18821,89135,3.009994812701471,0.21525929646784936
11327,0.38125,0,8,0,280671,324939,18821,89135,3.0099207084367707,0.2152634553244106
11328,0.3812857142857143,0,4,0,280675,324935,18821,89135,3.0098836563044205,0.21526553481295432
11329,0.3813095238095239,0,1,0,280676,324934,18821,89135,3.0098743932713328,0.21526605469136786
11330,0.3813214285714285,0,1,0,280677,324933,18821,89135,3.009865130238245,0.21526657457229248
11331,0.3813333333333332,0,5,0,280682,324928,18821,89135,3.0098188150728076,0.21526917401458232
11332,0.3813333333333333,2,25,2,280707,324903,18823,89133,3.0095872392456187,0.21527838159000667
11333,0.3813333333333334,0,8,0,280715,324895,18823,89133,3.009513134980918,0.21528254127740154
11334,0.3814285714285714,0,5,0,280720,324890,18823,89133,3.0094668198154806,0.21528514116365516
11335,0.3814294871794872,0,3,0,280723,324887,18823,89133,3.0094390307162175,0.21528670112554948
11336,0.381452380952381,0,2,0,280725,324885,18823,89133,3.0094205046500426,0.21528774111270524
11337,0.3814999999999999,0,1,0,280726,324884,18823,89133,3.009411241616955,0.21528826111005103
11338,0.3815,5,32,5,280758,324852,18828,89128,3.009114824558153,0.21529542489975362
11339,0.3815238095238094,0,1,0,280759,324851,18828,89128,3.009105561525066,0.21529594496339186
11340,0.3815277777777778,0,2,0,280761,324849,18828,89128,3.0090870354588906,0.21529698509820594
11341,0.3815357142857142,2,0,2,280761,324849,18830,89126,3.0090870354588906,0.21529319403345612
11342,0.381547619047619,0,4,0,280765,324845,18830,89126,3.0090499833265403,0.21529527430665432
11343,0.3815714285714285,0,1,0,280766,324844,18830,89126,3.009040720293453,0.21529579438123536
11344,0.3816547619047618,0,2,0,280768,324842,18830,89126,3.0090221942272777,0.2152968345379353
11345,0.3816666666666666,30,238,30,281006,324604,18860,89096,3.00681759235244,0.2153637901861252
11346,0.3816666666666667,18,247,18,281253,324357,18878,89078,3.004529623179814,0.21545829453239324
11347,0.3816904761904762,0,1,0,281254,324356,18878,89078,3.0045203601467265,0.2154588156755371
11348,0.38175,0,1,0,281255,324355,18878,89078,3.004511097113639,0.215459336821202
11349,0.3817857142857143,0,3,0,281258,324352,18878,89078,3.0044833080143762,0.21546090027332318
11350,0.3817985347985347,0,1,0,281259,324351,18878,89078,3.0044740449812886,0.21546142142907246
11351,0.3818333333333333,1,19,1,281278,324332,18879,89077,3.0042980473526253,0.21546942616150108
11352,0.3818571428571428,0,1,0,281279,324331,18879,89077,3.0042887843195376,0.21546994736434708
11353,0.3818888888888889,0,1,0,281280,324330,18879,89077,3.00427952128645,0.21547046856971458
11354,0.3819047619047619,0,4,0,281284,324326,18879,89077,3.0042424691540996,0.21547255341639998
11355,0.3819999999999999,1,8,1,281292,324318,18880,89076,3.0041683648893995,0.21547482546916502
11356,0.382,18,88,18,281380,324230,18898,89058,3.0033532179776947,0.2154865372331159
11357,0.3820238095238095,0,2,0,281382,324228,18898,89058,3.0033346919115194,0.21548758002932594
11358,0.382047619047619,0,2,0,281384,324226,18898,89058,3.0033161658453444,0.21548862283562878
11359,0.3820555555555555,0,1,0,281385,324225,18898,89058,3.0033069028122568,0.21548914424256502
11360,0.3820833333333333,1,3,1,281388,324222,18899,89057,3.003279113712994,0.2154888102226341
11361,0.382095238095238,0,2,0,281390,324220,18899,89057,3.0032605876468192,0.21548985305255314
11362,0.3820952380952381,0,1,0,281391,324219,18899,89057,3.0032513246137316,0.21549037447129762
11363,0.3821111111111112,0,1,0,281392,324218,18899,89057,3.003242061580644,0.21549089589256548
11364,0.3821428571428572,1,6,1,281398,324212,18900,89056,3.0031864833821187,0.21549212617478247
11365,0.3821666666666666,0,6,0,281404,324206,18900,89056,3.0031309051835935,0.21549525482623613
11366,0.3821666666666667,1,10,1,281414,324196,18901,89055,3.0030382748527176,0.21549857108633735
11367,0.3822142857142857,0,2,0,281416,324194,18901,89055,3.0030197487865427,0.21549961403415374
11368,0.3822380952380952,0,6,0,281422,324188,18901,89055,3.0029641705880175,0.2155027429381744
11369,0.3822857142857142,0,1,0,281423,324187,18901,89055,3.0029549075549298,0.21550326443101137
11370,0.3822857142857143,0,2,0,281425,324185,18901,89055,3.002936381488755,0.21550430742425708
11371,0.382297619047619,0,2,0,281427,324183,18901,89055,3.0029178554225795,0.21550535042759864
11372,0.3823333333333332,2,9,2,281436,324174,18903,89053,3.0028344881247917,0.21550624717165143
11373,0.3823333333333333,3,30,3,281466,324144,18906,89050,3.002556597132165,0.21551619820229723
11374,0.3823333333333334,0,3,0,281469,324141,18906,89050,3.0025288080329022,0.21551776297160394
11375,0.3823809523809523,0,2,0,281471,324139,18906,89050,3.0025102819667273,0.21551880616376526
11376,0.3823809523809524,0,6,0,281477,324133,18906,89050,3.0024547037682017,0.2155219358008437
11377,0.3823888888888889,0,1,0,281478,324132,18906,89050,3.0024454407351144,0.21552245741586032
11378,0.3824166666666666,0,1,0,281479,324131,18906,89050,3.0024361777020268,0.2155229790334018
11379,0.3824166666666667,0,1,0,281480,324130,18906,89050,3.002426914668939,0.21552350065346823
11380,0.3824523809523809,0,1,0,281481,324129,18906,89050,3.002417651635852,0.21552402227605952
11381,0.3824761904761904,0,1,0,281482,324128,18906,89050,3.002408388602764,0.21552454390117576
11382,0.3824761904761905,2,0,2,281482,324128,18908,89048,3.002408388602764,0.2155207466067729
11383,0.3824999999999999,0,5,0,281487,324123,18908,89048,3.002362073437326,0.2155233547369007
11384,0.3825,40,431,40,281918,323692,18948,89008,2.9983697061765904,0.21567240125999515
11385,0.3825476190476189,0,3,0,281921,323689,18948,89008,2.998341917077328,0.2156739690378171
11386,0.3825714285714286,0,2,0,281923,323687,18948,89008,2.998323391011153,0.21567501423569463
11387,0.3826190476190476,0,6,0,281929,323681,18948,89008,2.998267812812627,0.21567814989011094
11388,0.3826666666666666,8,37,8,281966,323644,18956,89000,2.997925080588388,0.21568228303331685
11389,0.3826666666666667,2,11,2,281977,323633,18958,88998,2.9978231872244248,0.21568423118961008
11390,0.3827261904761904,0,2,0,281979,323631,18958,88998,2.99780466115825,0.21568527660440734
11391,0.3827380952380952,0,2,0,281981,323629,18958,88998,2.9977861350920745,0.21568632202933885
11392,0.38275,0,2,0,281983,323627,18958,88998,2.9977676090258996,0.21568736746440473
11393,0.3827619047619048,0,1,0,281984,323626,18958,88998,2.997758345992812,0.2156878901857381
11394,0.3827777777777777,0,1,0,281985,323625,18958,88998,2.997749082959724,0.21568841290960514
11395,0.3827777777777778,0,4,0,281989,323621,18958,88998,2.997712030827374,0.21569050383041014
11396,0.3827857142857142,0,2,0,281991,323619,18958,88998,2.997693504761199,0.21569154930601503
11397,0.3828333333333333,3,17,3,282008,323602,18961,88995,2.9975360331987106,0.21569473360203784
11398,0.3828571428571428,3,10,3,282018,323592,18964,88992,2.997443402867835,0.21569425862369845
11399,0.3828571428571429,0,3,0,282021,323589,18964,88992,2.9974156137685726,0.2156958270012434
11400,0.3828809523809524,0,1,0,282022,323588,18964,88992,2.997406350735485,0.2156963497988269
11401,0.3828928571428571,0,1,0,282023,323587,18964,88992,2.997397087702397,0.21569687259894468
11402,0.3829047619047619,0,1,0,282024,323586,18964,88992,2.9973878246693095,0.2156973954015968
11403,0.3829166666666666,1,3,1,282027,323583,18965,88991,2.997360035570047,0.2156970628299408
11404,0.3829166666666667,0,1,0,282028,323582,18965,88991,2.9973507725369597,0.21569758563938987
11405,0.3829999999999999,5,51,5,282079,323531,18970,88986,2.996878357849494,0.21571474630136456
11406,0.383,2,7,2,282086,323524,18972,88984,2.9968135166178813,0.21571460432282524
11407,0.3830238095238095,0,1,0,282087,323523,18972,88984,2.9968042535847936,0.21571512725844652
11408,0.383047619047619,0,1,0,282088,323522,18972,88984,2.9967949905517064,0.21571565019660321
11409,0.383095238095238,0,1,0,282089,323521,18972,88984,2.9967857275186187,0.2157161731372953
11410,0.3830952380952381,1,1,1,282090,323520,18973,88983,2.996776464485531,0.21571479480149236
11411,0.3831428571428572,2,0,2,282090,323520,18975,88981,2.996776464485531,0.21571099221577644
11412,0.3831547619047619,0,1,0,282091,323519,18975,88981,2.996767201452444,0.21571151515151515
11413,0.3831666666666666,3,13,3,282104,323506,18978,88978,2.9966467820223053,0.21571260945879112
11414,0.3831666666666667,0,13,0,282117,323493,18978,88978,2.996526362592167,0.2157194081523307
11415,0.3831746031746031,0,1,0,282118,323492,18978,88978,2.9965170995590795,0.21571993114650762
11416,0.3832142857142857,1,8,1,282126,323484,18979,88977,2.9964429952943794,0.21572221373657147
11417,0.3832380952380952,0,1,0,282127,323483,18979,88977,2.9964337322612917,0.21572273675023032
11418,0.38325,0,2,0,282129,323481,18979,88977,2.9964152061951164,0.2157237827851563
11419,0.3833333333333333,76,867,76,282996,322614,19055,88901,2.988384156508207,0.21603343742026415
11420,0.3833809523809524,0,1,0,282997,322613,19055,88901,2.9883748934751195,0.216033962392531
11421,0.3834047619047619,0,2,0,282999,322611,19055,88901,2.988356367408944,0.21603501234471897
11422,0.3834090909090909,0,1,0,283000,322610,19055,88901,2.988347104375857,0.21603553732464018
11423,0.3834444444444444,0,3,0,283003,322607,19055,88901,2.9883193152765943,0.21603711227971267
11424,0.383452380952381,0,1,0,283004,322606,19055,88901,2.9883100522435067,0.21603763726983988
11425,0.3834722222222221,1,0,1,283004,322606,19056,88900,2.9883100522435067,0.2160357321642941
11426,0.3834999999999999,0,6,0,283010,322600,19056,88900,2.9882544740449815,0.21603888213851763
11427,0.3835,3,28,3,283038,322572,19059,88897,2.98799510911853,0.2160478675185737
11428,0.3835238095238095,1,1,1,283039,322571,19060,88896,2.9879858460854423,0.21604648732462142
11429,0.3835277777777777,0,1,0,283040,322570,19060,88896,2.9879765830523546,0.21604701238984508
11430,0.3835357142857143,0,1,0,283041,322569,19060,88896,2.987967320019267,0.21604753745762095
11431,0.3835396825396825,0,1,0,283042,322568,19060,88896,2.9879580569861797,0.21604806252794898
11432,0.3835714285714285,0,2,0,283044,322566,19060,88896,2.9879395309200043,0.21604911267626173
11433,0.3835714285714286,0,7,0,283051,322559,19060,88896,2.9878746896883914,0.2160527882757531
11434,0.3835833333333333,0,3,0,283054,322556,19060,88896,2.987846900589129,0.21605436357096333
11435,0.3836071428571428,0,1,0,283055,322555,19060,88896,2.987837637556041,0.21605488867447156
11436,0.3836190476190475,0,1,0,283056,322554,19060,88896,2.987828374522954,0.21605541378053225
11437,0.3836666666666666,3,25,3,283081,322529,19063,88893,2.987596798695765,0.21606282600347088
11438,0.3836666666666667,0,5,0,283086,322524,19063,88893,2.987550483530327,0.21606545184083303
11439,0.3836904761904762,0,2,0,283088,322522,19063,88893,2.987531957464152,0.21606650219364876
11440,0.3837142857142857,0,2,0,283090,322520,19063,88893,2.9875134313979768,0.21606755255667662
11441,0.38375,2,2,2,283092,322518,19065,88891,2.987494905331802,0.21606479197100695
11442,0.3837777777777778,1,0,1,283092,322518,19066,88890,2.987494905331802,0.21606288647765723
11443,0.3837857142857143,0,2,0,283094,322516,19066,88890,2.987476379265627,0.21606393684097946
11444,0.3838095238095238,1,2,1,283096,322514,19067,88889,2.9874578531994516,0.21606308169848057
11445,0.3838095238095239,0,2,0,283098,322512,19067,88889,2.9874393271332766,0.21606413207551756
11446,0.3838333333333332,0,4,0,283102,322508,19067,88889,2.9874022750009264,0.2160662328602299
11447,0.3838333333333333,0,9,0,283111,322499,19067,88889,2.987318907703138,0.21607095977520005
11448,0.3838571428571428,0,3,0,283114,322496,19067,88889,2.9872911186038755,0.21607253545948443
11449,0.3838888888888888,0,2,0,283116,322494,19067,88889,2.9872725925377006,0.2160735859284414
11450,0.3839047619047619,0,1,0,283117,322493,19067,88889,2.987263329504613,0.21607411116675013
11451,0.3839285714285714,0,2,0,283119,322491,19067,88889,2.987244803438438,0.21607516165102825
11452,0.3839393939393939,0,2,0,283121,322489,19067,88889,2.9872262773722627,0.21607621214552067
11453,0.3839523809523809,0,1,0,283122,322488,19067,88889,2.9872170143391754,0.21607673739659727
11454,0.383952380952381,0,1,0,283123,322487,19067,88889,2.9872077513060877,0.21607726265022753
11455,0.3839603174603175,0,1,0,283124,322486,19067,88889,2.987198488273,0.2160777879064114
11456,0.3839999999999999,0,2,0,283126,322484,19067,88889,2.987179962206825,0.21607883842644024
11457,0.384,17,148,17,283274,322336,19084,88872,2.985809033309867,0.21612419991828952
11458,0.384047619047619,1,1,1,283275,322335,19085,88871,2.9857997702767793,0.21612281921956392
11459,0.3840555555555556,0,1,0,283276,322334,19085,88871,2.9857905072436917,0.21612334480368672
11460,0.384060606060606,1,0,1,283276,322334,19086,88870,2.9857905072436917,0.2161214385074075
11461,0.3840833333333333,0,1,0,283277,322333,19086,88870,2.9857812442106044,0.2161219640907289
11462,0.3840833333333334,0,1,0,283278,322332,19086,88870,2.9857719811775167,0.21612248967660663
11463,0.3841111111111111,0,2,0,283280,322330,19086,88870,2.985753455111342,0.21612354085603114
11464,0.3841428571428571,0,1,0,283281,322329,19086,88870,2.985744192078254,0.21612406644957793
11465,0.3841666666666665,0,1,0,283282,322328,19086,88870,2.9857349290451665,0.21612459204568116
11466,0.3841666666666666,8,69,8,283351,322259,19094,88862,2.9850957797621254,0.21614561163258506
11467,0.3841666666666667,9,100,9,283451,322159,19103,88853,2.9841694764533697,0.21618103607680556
11468,0.3841785714285714,0,1,0,283452,322158,19103,88853,2.9841602134202825,0.2161815620506507
11469,0.3842142857142857,0,1,0,283453,322157,19103,88853,2.984150950387195,0.2161820880270553
11470,0.3842380952380951,0,1,0,283454,322156,19103,88853,2.984141687354107,0.21618261400601932
11471,0.3842380952380952,0,2,0,283456,322154,19103,88853,2.984123161287932,0.21618366597162578
11472,0.3842777777777777,0,2,0,283458,322152,19103,88853,2.984104635221757,0.2161847179474702
11473,0.3842857142857143,2,11,2,283469,322141,19105,88851,2.984002741857794,0.2161866897652509
11474,0.3842857142857144,0,2,0,283471,322139,19105,88851,2.9839842157916188,0.21618774179420425
11475,0.3843095238095237,0,2,0,283473,322137,19105,88851,2.983965689725444,0.2161887938333966
11476,0.3843333333333333,3,31,3,283504,322106,19108,88848,2.9836785356997297,0.21619937997926775
11477,0.384345238095238,0,1,0,283505,322105,19108,88848,2.983669272666642,0.2161999060719839
11478,0.3843809523809522,0,1,0,283506,322104,19108,88848,2.9836600096335544,0.2162004321672604
11479,0.3843809523809524,0,1,0,283507,322103,19108,88848,2.9836507466004667,0.2162009582650973
11480,0.3844047619047619,0,2,0,283509,322101,19108,88848,2.983632220534292,0.21620201046845228
11481,0.3844325396825397,1,0,1,283509,322101,19109,88847,2.983632220534292,0.21620010317607094
11482,0.3844444444444444,0,4,0,283513,322097,19109,88847,2.9835951684019415,0.21620220760006228
11483,0.3844444444444445,0,2,0,283515,322095,19109,88847,2.9835766423357666,0.2162032598274209
11484,0.384452380952381,0,1,0,283516,322094,19109,88847,2.983567379302679,0.216203785944941
11485,0.3844761904761904,0,1,0,283517,322093,19109,88847,2.983558116269591,0.21620431206502166
11486,0.3844848484848484,0,1,0,283518,322092,19109,88847,2.9835488532365035,0.2162048381876629
11487,0.3844999999999999,1,1,1,283519,322091,19110,88846,2.9835395902034163,0.21620345697759025
11488,0.3845,3,17,3,283536,322074,19113,88843,2.983382118640928,0.2162066792077232
11489,0.3845238095238095,2,4,2,283540,322070,19115,88841,2.9833450665085777,0.216204968959215
11490,0.384530303030303,0,1,0,283541,322069,19115,88841,2.98333580347549,0.216205495120586
11491,0.3845714285714285,0,1,0,283542,322068,19115,88841,2.9833265404424023,0.216206021284518
11492,0.3845833333333333,1,4,1,283546,322064,19116,88840,2.983289488310052,0.2162062184841228
11493,0.384595238095238,0,2,0,283548,322062,19116,88840,2.983270962243877,0.21620727083343474
11494,0.3846190476190476,1,1,1,283549,322061,19117,88839,2.9832616992107894,0.2162058895108299
11495,0.3846378343878344,0,1,0,283550,322060,19117,88839,2.983252436177702,0.21620641568852686
11496,0.3846428571428572,0,4,0,283554,322056,19117,88839,2.983215384045352,0.21620852042492608
11497,0.3846666666666666,0,13,0,283567,322043,19117,88839,2.9830949646152134,0.21621536110124073
11498,0.3846666666666667,3,22,3,283589,322021,19120,88836,2.9828911778872875,0.21622121565410837
11499,0.3846785714285714,0,1,0,283590,322020,19120,88836,2.9828819148542,0.2162217419241778
11500,0.3846904761904761,0,1,0,283591,322019,19120,88836,2.982872651821112,0.2162222681968091
11501,0.3846904761904762,0,1,0,283592,322018,19120,88836,2.982863388788025,0.2162227944720022
11502,0.3847142857142856,0,1,0,283593,322017,19120,88836,2.9828541257549372,0.21622332074975723
11503,0.3847142857142857,1,2,1,283595,322015,19121,88835,2.982835599688762,0.21622246562005598
11504,0.3847222222222222,0,2,0,283597,322013,19121,88835,2.982817073622587,0.21622351818677468
11505,0.38475,0,2,0,283599,322011,19121,88835,2.982798547556412,0.21622457076374116
11506,0.3847619047619047,1,1,1,283600,322010,19122,88834,2.9827892845233244,0.216223189337072
11507,0.3848278388278388,0,1,0,283601,322009,19122,88834,2.9827800214902367,0.2162237156285978
11508,0.3848333333333332,0,2,0,283603,322007,19122,88834,2.9827614954240618,0.21622476821933545
11509,0.3848333333333333,1,23,1,283626,321984,19123,88833,2.9825484456630478,0.21623496593373692
11510,0.3848333333333334,0,1,0,283627,321983,19123,88833,2.9825391826299605,0.21623549228851846
11511,0.3848571428571428,0,2,0,283629,321981,19123,88833,2.982520656563785,0.21623654500576903
11512,0.3848809523809524,0,1,0,283630,321980,19123,88833,2.9825113935306975,0.2162370713682381
11513,0.3848888888888889,1,1,1,283631,321979,19124,88832,2.9825021304976103,0.2162356898914586
11514,0.3849007936507936,0,4,0,283635,321975,19124,88832,2.98246507836526,0.21623779536375962
11515,0.3849523809523809,0,1,0,283636,321974,19124,88832,2.9824558153321723,0.2162383217382414
11516,0.3849999999999999,3,16,3,283652,321958,19127,88829,2.9823076068027716,0.21624102028545208
11517,0.385,181,1487,181,285139,320471,19308,88648,2.9685334766015785,0.21668023240181952
11518,0.3850476190476191,0,1,0,285140,320470,19308,88648,2.968524213568491,0.2166807620295367
11519,0.3851111111111111,0,1,0,285141,320469,19308,88648,2.968514950535403,0.21668129165984304
11520,0.3851190476190476,0,1,0,285142,320468,19308,88648,2.968505687502316,0.2166818212927385
11521,0.3851428571428571,0,2,0,285144,320466,19308,88648,2.9684871614361406,0.21668288056629692
11522,0.3851666666666666,2,19,2,285163,320447,19310,88646,2.9683111638074773,0.21668911470008043
11523,0.3851666666666667,1,2,1,285165,320445,19311,88645,2.968292637741302,0.2166882593072429
11524,0.3852142857142857,0,1,0,285166,320444,19311,88645,2.9682833747082142,0.2166887889921264
11525,0.3852380952380951,0,1,0,285167,320443,19311,88645,2.968274111675127,0.2166893186795995
11526,0.3852380952380952,1,7,1,285174,320436,19312,88644,2.968209270443514,0.21669111176298034
11527,0.38525,0,1,0,285175,320435,19312,88644,2.9682000074104264,0.21669164146778494
11528,0.3852777777777778,0,2,0,285177,320433,19312,88644,2.9681814813442515,0.21669270088516343
11529,0.3852857142857142,0,2,0,285179,320431,19312,88644,2.968162955278076,0.21669376031290105
11530,0.3852857142857143,0,3,0,285182,320428,19312,88644,2.9681351661788136,0.21669534947393124
11531,0.3852896825396826,0,1,0,285183,320427,19312,88644,2.968125903145726,0.21669587919945438
11532,0.3853333333333333,1,41,1,285224,320386,19313,88643,2.9677461187891363,0.2167156851959152
11533,0.3853571428571428,0,3,0,285227,320383,19313,88643,2.9677183296898737,0.21671727469647406
11534,0.3853809523809524,0,2,0,285229,320381,19313,88643,2.9676998036236983,0.2167183343764669
11535,0.3854166666666666,0,4,0,285233,320377,19313,88643,2.9676627514913485,0.21672045376754193
11536,0.3854166666666667,0,1,0,285234,320376,19313,88643,2.967653488458261,0.21672098362178774
11537,0.3854285714285714,1,1,1,285235,320375,19314,88642,2.967644225425173,0.2167195984518981
11538,0.385452380952381,0,1,0,285236,320374,19314,88642,2.9676349623920855,0.21672012830793905
11539,0.3854761904761904,0,1,0,285237,320373,19314,88642,2.9676256993589982,0.2167206581665709
11540,0.3854761904761905,0,3,0,285240,320370,19314,88642,2.9675979102597356,0.216722247758012
11541,0.3854999999999999,3,10,3,285250,320360,19317,88639,2.9675052799288597,0.21672180127579774
11542,0.3855,1,2,1,285252,320358,19318,88638,2.967486753862685,0.21672094592612154
11543,0.3855039682539683,0,1,0,285253,320357,19318,88638,2.967477490829597,0.21672147581266274
11544,0.3855555555555556,0,2,0,285255,320355,19318,88638,2.967458964763422,0.21672253559351873
11545,0.3855714285714285,0,2,0,285257,320353,19318,88638,2.967440438697247,0.2167235953847395
11546,0.3855714285714286,0,1,0,285258,320352,19318,88638,2.9674311756641596,0.2167241252842368
11547,0.3855833333333333,0,1,0,285259,320351,19318,88638,2.967421912631072,0.2167246551863253
11548,0.385595238095238,0,6,0,285265,320345,19318,88638,2.9673663344325467,0.2167278346532741
11549,0.3855952380952381,0,2,0,285267,320343,19318,88638,2.9673478083663714,0.21672889449632135
11550,0.3856071428571428,0,1,0,285268,320342,19318,88638,2.967338545333284,0.21672942442173213
11551,0.3856111111111112,0,1,0,285269,320341,19318,88638,2.9673292823001964,0.21672995434973433
11552,0.3856666666666666,1,21,1,285290,320320,19319,88637,2.967134758605358,0.21673916817660535
11553,0.3856666666666667,2,7,2,285297,320313,19321,88635,2.967069917373745,0.21673904750726253
11554,0.3857142857142857,4,24,4,285321,320289,19325,88631,2.9668476045796437,0.21674410642668493
11555,0.3857142857142858,0,1,0,285322,320288,19325,88631,2.966838341546556,0.21674463646834702
11556,0.38575,0,1,0,285323,320287,19325,88631,2.9668290785134683,0.21674516651260156
11557,0.3857857142857143,0,1,0,285324,320286,19325,88631,2.966819815480381,0.2167456965594485
11558,0.3858095238095238,1,2,1,285326,320284,19326,88630,2.9668012894142057,0.21674484121355592
11559,0.3858333333333333,22,155,22,285481,320129,19348,88608,2.9653655192856347,0.21678487633857468
11560,0.3858333333333334,0,1,0,285482,320128,19348,88608,2.9653562562525475,0.2167854067172943
11561,0.3858571428571429,0,3,0,285485,320125,19348,88608,2.9653284671532845,0.21678699786902453
11562,0.3858809523809524,0,1,0,285486,320124,19348,88608,2.9653192041201972,0.21678752825812514
11563,0.3858809523809525,1,2,1,285488,320122,19349,88607,2.965300678054022,0.21678667283212105
11564,0.3859047619047618,0,1,0,285489,320121,19349,88607,2.9652914150209346,0.21678720322561704
11565,0.3859523809523809,0,8,0,285497,320113,19349,88607,2.965217310756234,0.21679144646701898
11566,0.3859999999999999,1,5,1,285502,320108,19350,88606,2.965170995590796,0.21679218230841127
11567,0.386,19,179,19,285681,319929,19369,88587,2.963512912668124,0.21685074758393796
11568,0.3860238095238095,1,0,1,285681,319929,19370,88586,2.963512912668124,0.21684883052029913
11569,0.386047619047619,1,0,1,285681,319929,19371,88585,2.963512912668124,0.21684691344727475
11570,0.3860714285714286,0,1,0,285682,319928,19371,88585,2.9635036496350367,0.2168474442673795
11571,0.3861349206349206,1,0,1,285682,319928,19372,88584,2.9635036496350367,0.21684552718157607
11572,0.3861428571428571,0,2,0,285684,319926,19372,88584,2.9634851235688613,0.21684658882279503
11573,0.3861666666666666,4,13,4,285697,319913,19376,88580,2.963364704138723,0.2168458211034216
11574,0.3861666666666667,0,3,0,285700,319910,19376,88580,2.9633369150394606,0.21684741364537688
11575,0.3861904761904762,0,4,0,285704,319906,19376,88580,2.9632998629071103,0.21684953707103793
11576,0.3862142857142857,0,1,0,285705,319905,19376,88580,2.9632905998740227,0.21685006793395106
11577,0.386235294117647,0,1,0,285706,319904,19376,88580,2.963281336840935,0.2168505987994634
11578,0.3862380952380952,1,1,1,285707,319903,19377,88579,2.9632720738078477,0.2168492124499978
11579,0.3862460317460317,0,2,0,285709,319901,19377,88579,2.9632535477416724,0.2168502741872307
11580,0.38625,0,7,0,285716,319894,19377,88579,2.9631887065100595,0.21685399034942335
11581,0.3862500000000001,0,1,0,285717,319893,19377,88579,2.9631794434769723,0.21685452124013396
11582,0.3862857142857143,0,1,0,285718,319892,19377,88579,2.9631701804438846,0.216855052133444
11583,0.3863095238095237,0,4,0,285722,319888,19377,88579,2.9631331283115343,0.21685717573267851
11584,0.3863095238095239,0,1,0,285723,319887,19377,88579,2.9631238652784466,0.21685770663898588
11585,0.3863333333333332,0,4,0,285727,319883,19377,88579,2.9630868131460963,0.21685983029021058
11586,0.3863333333333333,2,20,2,285747,319863,19379,88577,2.9629015524843454,0.2168666144354128
11587,0.3863333333333334,0,8,0,285755,319855,19379,88577,2.962827448219645,0.2168708622243115
11588,0.3863340548340548,0,2,0,285757,319853,19379,88577,2.96280892215347,0.2168719241975369
11589,0.3863571428571428,0,2,0,285759,319851,19379,88577,2.962790396087295,0.2168729861811629
11590,0.3863690476190476,1,1,1,285760,319850,19380,88576,2.9627811330542073,0.21687159975124012
11591,0.3863809523809523,0,1,0,285761,319849,19380,88576,2.9627718700211196,0.21687213074615902
11592,0.3863809523809524,0,2,0,285763,319847,19380,88576,2.9627533439549447,0.2168731927437975
11593,0.3863888888888888,0,1,0,285764,319846,19380,88576,2.962744080921857,0.2168737237465171
11594,0.3864285714285714,0,7,0,285771,319839,19380,88576,2.962679239690244,0.21687744083836294
11595,0.3864642857142857,1,0,1,285771,319839,19381,88575,2.962679239690244,0.21687552336599628
11596,0.3864657303480832,0,1,0,285772,319838,19381,88575,2.9626699766571565,0.21687605438612384
11597,0.3864761904761905,0,1,0,285773,319837,19381,88575,2.9626607136240692,0.21687658540885185
11598,0.3865,2,34,2,285807,319803,19383,88573,2.962345770499092,0.21689080651164613
11599,0.386547619047619,0,4,0,285811,319799,19383,88573,2.962308718366742,0.21689293095510956
11600,0.3865476190476191,0,1,0,285812,319798,19383,88573,2.9622994553336546,0.2168934620724782
11601,0.3865714285714285,0,1,0,285813,319797,19383,88573,2.962290192300567,0.21689399319244804
11602,0.3865873015873016,0,1,0,285814,319796,19383,88573,2.962280929267479,0.21689452431501902
11603,0.3865952380952381,0,1,0,285815,319795,19383,88573,2.962271666234392,0.2168950554401912
11604,0.3866428571428571,0,1,0,285816,319794,19383,88573,2.9622624032013043,0.2168955865679646
11605,0.3866666666666665,0,1,0,285817,319793,19383,88573,2.9622531401682166,0.21689611769833925
11606,0.3866666666666666,44,385,44,286202,319408,19427,88529,2.9586868724295083,0.21701635301529404
11607,0.3866666666666667,33,445,33,286647,318963,19460,88496,2.9545648227055468,0.21718995039991754
11608,0.3866904761904762,0,1,0,286648,318962,19460,88496,2.954555559672459,0.21719048343632963
11609,0.3866991341991342,0,1,0,286649,318961,19460,88496,2.9545462966393714,0.21719101647535813
11610,0.3867034632034631,1,1,1,286650,318960,19461,88495,2.954537033606284,0.21718962830251193
11611,0.3867142857142858,0,1,0,286651,318959,19461,88495,2.9545277705731965,0.21719016134336636
11612,0.38675,1,0,1,286651,318959,19462,88494,2.9545277705731965,0.21718824011603793
11613,0.3867738095238095,1,1,1,286652,318958,19463,88493,2.954518507540109,0.2171868519159359
11614,0.3867820512820512,0,3,0,286655,318955,19463,88493,2.954490718440846,0.2171884510416053
11615,0.3867857142857143,0,2,0,286657,318953,19463,88493,2.9544721923746713,0.21718951713846743
11616,0.3868015873015872,0,1,0,286658,318952,19463,88493,2.9544629293415836,0.2171900501908233
11617,0.3868333333333333,3,25,3,286683,318927,19466,88490,2.9542313535143947,0.21719761325619696
11618,0.3868461538461538,0,1,0,286684,318926,19466,88490,2.954222090481307,0.21719814636636756
11619,0.3868571428571428,0,1,0,286685,318925,19466,88490,2.95421282744822,0.21719867947915517
11620,0.3868809523809524,0,1,0,286686,318924,19466,88490,2.954203564415132,0.21719921259455982
11621,0.3869047619047619,1,4,1,286690,318920,19467,88489,2.954166512282782,0.21719942367498019
11622,0.386904761904762,0,2,0,286692,318918,19467,88489,2.954147986216607,0.21720048992776267
11623,0.3869523809523809,0,1,0,286693,318917,19467,88489,2.954138723183519,0.21720102305807965
11624,0.3869722222222222,0,1,0,286694,318916,19467,88489,2.9541294601504315,0.21720155619101386
11625,0.3869999999999999,0,8,0,286702,318908,19467,88489,2.9540553558857314,0.217205821348709
11626,0.387,6,57,6,286759,318851,19473,88483,2.9535273629997407,0.2172246853933136
11627,0.3870238095238095,0,4,0,286763,318847,19473,88483,2.9534903108673904,0.21722681855006998
11628,0.387047619047619,0,1,0,286764,318846,19473,88483,2.9534810478343028,0.21722735184580524
11629,0.3870476190476191,0,1,0,286765,318845,19473,88483,2.9534717848012155,0.217227885144159
11630,0.3870634920634921,0,1,0,286766,318844,19473,88483,2.953462521768128,0.2172284184451313
11631,0.3870833333333333,1,5,1,286771,318839,19474,88482,2.95341620660269,0.21722916323980349
11632,0.3871212121212121,0,2,0,286773,318837,19474,88482,2.953397680536515,0.21723022986897247
11633,0.3871428571428572,2,8,2,286781,318829,19476,88480,2.9533235762718144,0.21723065289497653
11634,0.3871666666666666,2,12,2,286793,318817,19478,88478,2.9532124198747636,0.21723320934457827
11635,0.3871666666666667,0,1,0,286794,318816,19478,88478,2.9532031568416763,0.2172337427018321
11636,0.3872023809523809,0,1,0,286795,318815,19478,88478,2.9531938938085887,0.21723427606170495
11637,0.3872222222222222,0,2,0,286797,318813,19478,88478,2.9531753677424137,0.2172353427893079
11638,0.3872539682539682,1,0,1,286797,318813,19479,88477,2.9531753677424137,0.21723342090402417
11639,0.3872619047619048,0,1,0,286798,318812,19479,88477,2.953166104709326,0.21723395426834508
11640,0.3872922502334266,0,1,0,286799,318811,19479,88477,2.9531568416762384,0.2172344876352851
11641,0.3873095238095238,0,1,0,286800,318810,19479,88477,2.9531475786431507,0.21723502100484424
11642,0.3873333333333332,0,10,0,286810,318800,19479,88477,2.953054948312275,0.21724035484449158
11643,0.3873333333333333,7,44,7,286854,318756,19486,88470,2.952647374856423,0.21725037202929087
11644,0.3873333333333334,0,1,0,286855,318755,19486,88470,2.9526381118233354,0.21725090551906195
11645,0.3873809523809524,0,5,0,286860,318750,19486,88470,2.952591796657898,0.21725357300721967
11646,0.3874999999999999,3,19,3,286879,318731,19489,88467,2.952415799029234,0.21725794331013415
11647,0.3875,41,389,41,287268,318342,19530,88426,2.9488124791581756,0.2173868150886992
11648,0.3875238095238094,0,1,0,287269,318341,19530,88426,2.948803216125088,0.21738734951458696
11649,0.3875238095238095,0,1,0,287270,318340,19530,88426,2.9487939530920007,0.21738788394310243
11650,0.3875555555555555,0,1,0,287271,318339,19530,88426,2.948784690058913,0.21738841837424558
11651,0.3875714285714285,0,1,0,287272,318338,19530,88426,2.9487754270258253,0.21738895280801646
11652,0.3875952380952381,0,4,0,287276,318334,19530,88426,2.948738374893475,0.21739109056937753
11653,0.3876190476190476,0,6,0,287282,318328,19530,88426,2.94868279669495,0.21739429729025406
11654,0.3876277056277056,0,2,0,287284,318326,19530,88426,2.948664270628775,0.21739536621823619
11655,0.3876666666666666,6,33,6,287317,318293,19536,88420,2.9483585905368854,0.21740145999759045
11656,0.3876666666666667,2,6,2,287323,318287,19538,88418,2.9483030123383602,0.2174008187752794
11657,0.3877142857142857,0,2,0,287325,318285,19538,88418,2.948284486272185,0.21740188786411707
11658,0.3877222222222222,1,1,1,287326,318284,19539,88417,2.9482752232390976,0.217400498154664
11659,0.3877380952380952,0,2,0,287328,318282,19539,88417,2.9482566971729223,0.21740156725243975
11660,0.38775,0,1,0,287329,318281,19539,88417,2.9482474341398346,0.21740210180527075
11661,0.3877539682539682,0,1,0,287330,318280,19539,88417,2.9482381711067474,0.21740263636073048
11662,0.3877619047619048,0,1,0,287331,318279,19539,88417,2.9482289080736597,0.21740317091881897
11663,0.3878095238095237,0,2,0,287333,318277,19539,88417,2.9482103820074843,0.21740424004288236
11664,0.3878333333333333,2,16,2,287349,318261,19541,88415,2.9480621734780836,0.2174089447127443
11665,0.3878571428571428,1,2,1,287351,318259,19542,88414,2.9480436474119087,0.2174080895461464
11666,0.3878571428571429,0,3,0,287354,318256,19542,88414,2.9480158583126457,0.21740969336316915
11667,0.3878809523809523,1,1,1,287355,318255,19543,88413,2.9480065952795584,0.21740830357933252
11668,0.3879047619047619,0,1,0,287356,318254,19543,88413,2.9479973322464708,0.2174088381894769
11669,0.3879166666666666,1,1,1,287357,318253,19544,88412,2.947988069213383,0.21740744839118192
11670,0.3879166666666667,1,5,1,287362,318248,19545,88411,2.9479417540479456,0.21740819703978026
11671,0.3879761904761904,0,4,0,287366,318244,19545,88411,2.9479047019155953,0.2174103355424131
11672,0.3879761904761905,2,1,2,287367,318243,19547,88409,2.9478954388825076,0.2174070212368315
11673,0.3879999999999999,5,83,5,287450,318160,19552,88404,2.9471266071362408,0.2174417803839002
11674,0.388,1,7,1,287457,318153,19553,88403,2.947061765904628,0.21744359940573993
11675,0.3880238095238095,1,0,1,287457,318153,19554,88402,2.947061765904628,0.21744167455817787
11676,0.388047619047619,0,2,0,287459,318151,19554,88402,2.9470432398384525,0.21744274424244808
11677,0.3880555555555555,0,1,0,287460,318150,19554,88402,2.9470339768053653,0.21744327908852987
11678,0.3880833333333334,1,4,1,287464,318146,19555,88401,2.946996924673015,0.21744349361820406
11679,0.3880952380952381,1,4,1,287468,318142,19556,88400,2.9469598725406647,0.21744370815315514
11680,0.388103896103896,0,1,0,287469,318141,19556,88400,2.946950609507577,0.21744424301607956
11681,0.3881190476190476,0,1,0,287470,318140,19556,88400,2.94694134647449,0.21744477788163527
11682,0.3881666666666666,1,13,1,287483,318127,19557,88399,2.9468209270443513,0.2174498064084462
11683,0.3881666666666667,1,3,1,287486,318124,19558,88398,2.9467931379450887,0.21744948612867201
11684,0.3881813186813187,0,2,0,287488,318122,19558,88398,2.9467746118789138,0.21745055593820722
11685,0.3882142857142857,0,8,0,287496,318114,19558,88398,2.946700507614213,0.2174548352816153
11686,0.3882222222222222,0,1,0,287497,318113,19558,88398,2.9466912445811255,0.2174553702113842
11687,0.3882857142857143,0,2,0,287499,318111,19558,88398,2.9466727185149506,0.21745644007881745
11688,0.3883333333333333,53,444,53,287943,317667,19611,88345,2.9425599318240763,0.21759209087416134
11689,0.3883333333333334,0,1,0,287944,317666,19611,88345,2.942550668790989,0.2175926268007517
11690,0.3883442028985506,0,1,0,287945,317665,19611,88345,2.9425414057579014,0.21759316272998203
11691,0.3883809523809524,0,1,0,287946,317664,19611,88345,2.9425321427248137,0.21759369866185233
11692,0.3884166666666667,0,1,0,287947,317663,19611,88345,2.9425228796917264,0.21759423459636262
11693,0.3884523809523809,0,2,0,287949,317661,19611,88345,2.942504353625551,0.21759530647330336
11694,0.3884999999999999,1,5,1,287954,317656,19612,88344,2.9424580384601136,0.2175960591133005
11695,0.3885,2,23,2,287977,317633,19614,88342,2.9422449886990996,0.21760453229878687
11696,0.3885238095238095,1,0,1,287977,317633,19615,88341,2.9422449886990996,0.217602605092937
11697,0.388547619047619,0,4,0,287981,317629,19615,88341,2.9422079365667493,0.21760474911939306
11698,0.3885714285714285,0,2,0,287983,317627,19615,88341,2.9421894105005744,0.2176058211484649
11699,0.3885714285714286,0,3,0,287986,317624,19615,88341,2.9421616214013118,0.21760742921187787
11700,0.3885952380952382,0,2,0,287988,317622,19615,88341,2.9421430953351364,0.21760850126735687
11701,0.3886111111111111,0,1,0,287989,317621,19615,88341,2.942133832302049,0.21760903729905753
11702,0.3886190476190476,0,1,0,287990,317620,19615,88341,2.9421245692689615,0.21760957333339903
11703,0.3886547619047619,0,1,0,287991,317619,19615,88341,2.942115306235874,0.2176101093703813
11704,0.3886666666666666,5,46,5,288037,317573,19620,88336,2.9416892067138463,0.21762513272679346
11705,0.3886666666666667,0,5,0,288042,317568,19620,88336,2.9416428915484087,0.2176278134731365
11706,0.3887142857142857,0,1,0,288043,317567,19620,88336,2.941633628515321,0.2176283496303304
11707,0.38875,0,5,0,288048,317562,19620,88336,2.941587313349883,0.21763103045592735
11708,0.3887738095238095,0,1,0,288049,317561,19620,88336,2.941578050316796,0.21763156662897237
11709,0.3888095238095237,0,4,0,288053,317557,19620,88336,2.9415409981844456,0.2176337113475719
11710,0.3888333333333332,0,2,0,288055,317555,19620,88336,2.9415224721182702,0.2176347837227236
11711,0.3888333333333333,1,7,1,288062,317548,19621,88335,2.9414576308866573,0.21763660956482533
11712,0.3888333333333334,0,1,0,288063,317547,19621,88335,2.94144836785357,0.21763714577143112
11713,0.3888827838827838,1,2,1,288065,317545,19622,88334,2.9414298417873947,0.21763629061863266
11714,0.3888888888888888,0,2,0,288067,317543,19622,88334,2.94141131572122,0.2176373630434836
11715,0.3888968253968254,0,3,0,288070,317540,19622,88334,2.9413835266219572,0.21763897170057703
11716,0.3889047619047618,0,1,0,288071,317539,19622,88334,2.9413742635888696,0.21763950792489276
11717,0.3889047619047619,0,1,0,288072,317538,19622,88334,2.941365000555782,0.21764004415185084
11718,0.3889285714285714,1,5,1,288077,317533,19623,88333,2.9413186853903444,0.2176407977017045
11719,0.3889480519480519,0,1,0,288078,317532,19623,88333,2.9413094223572567,0.21764133394108878
11720,0.3889761904761905,0,1,0,288079,317531,19623,88333,2.941300159324169,0.21764187018311554
11721,0.389,12,99,12,288178,317432,19635,88321,2.940383119048501,0.21767183483547872
11722,0.3890064102564102,0,1,0,288179,317431,19635,88321,2.940373856015414,0.217672371300696
11723,0.3890238095238094,0,1,0,288180,317430,19635,88321,2.940364592982326,0.21767290776855758
11724,0.389047619047619,1,6,1,288186,317424,19636,88320,2.940309014783801,0.21767419850940495
11725,0.3890665584415584,0,1,0,288187,317423,19636,88320,2.9402997517507132,0.21767473499234738
11726,0.3890873015873016,0,1,0,288188,317422,19636,88320,2.9402904887176255,0.21767527147793425
11727,0.389090909090909,0,2,0,288190,317420,19636,88320,2.9402719626514506,0.21767634445704145
11728,0.3890952380952381,0,1,0,288191,317419,19636,88320,2.940262699618363,0.2176768809505618
11729,0.3891025641025641,0,1,0,288192,317418,19636,88320,2.9402534365852753,0.2176774174467267
11730,0.3891111111111111,0,1,0,288193,317417,19636,88320,2.940244173552188,0.21767795394553616
11731,0.3891666666666665,0,1,0,288194,317416,19636,88320,2.9402349105191004,0.21767849044699017
11732,0.3891666666666666,8,73,8,288267,317343,19644,88312,2.939558709103709,0.2177022346575292
11733,0.3891666666666667,9,61,9,288328,317282,19653,88303,2.938993664085368,0.2177176177619981
11734,0.3892063492063491,1,0,1,288328,317282,19654,88302,2.938993664085368,0.21771568898181387
11735,0.3892222222222222,0,1,0,288329,317281,19654,88302,2.9389844010522808,0.21771622577869387
11736,0.3892619047619047,0,1,0,288330,317280,19654,88302,2.938975138019193,0.21771676257822092
11737,0.3892857142857142,0,1,0,288331,317279,19654,88302,2.9389658749861054,0.21771729938039505
11738,0.3892857142857143,1,11,1,288342,317268,19655,88301,2.9388639816221422,0.21772127554127657
11739,0.3893095238095237,0,1,0,288343,317267,19655,88301,2.938854718589055,0.21772181237178476
11740,0.3893333333333332,0,1,0,288344,317266,19655,88301,2.9388454555559673,0.21772234920494024
11741,0.3893333333333333,4,46,4,288390,317220,19659,88297,2.9384193560339398,0.21773933028701634
11742,0.3894166666666667,0,1,0,288391,317219,19659,88297,2.938410093000852,0.2177398672308861
11743,0.3894444444444444,0,1,0,288392,317218,19659,88297,2.938400829967765,0.21774040417740403
11744,0.3894999999999999,1,4,1,288396,317214,19660,88296,2.9383637778354146,0.21774062291928684
11745,0.3895,3,20,3,288416,317194,19663,88293,2.938178517173663,0.21774557507392345
11746,0.3895238095238095,1,8,1,288424,317186,19664,88292,2.938104412908963,0.21774794193519748
11747,0.3895714285714285,0,1,0,288425,317185,19664,88292,2.9380951498758754,0.21774847895195043
11748,0.3895833333333333,0,5,0,288430,317180,19664,88292,2.9380488347104374,0.21775116407544787
11749,0.3896111111111111,0,4,0,288434,317176,19664,88292,2.938011782578087,0.21775331222192626
11750,0.3896190476190476,0,1,0,288435,317175,19664,88292,2.938002519545,0.2177538492651683
11751,0.3896190476190477,1,0,1,288435,317175,19665,88291,2.938002519545,0.21775192001302204
11752,0.3896309523809524,0,1,0,288436,317174,19665,88291,2.9379932565119122,0.21775245705547952
11753,0.3896428571428572,0,5,0,288441,317169,19665,88291,2.9379469413464743,0.2177551423075026
11754,0.3896666666666666,4,19,4,288460,317150,19669,88287,2.937770943717811,0.21775762942208038
11755,0.3896904761904761,0,1,0,288461,317149,19669,88287,2.9377616806847233,0.2177581665170335
11756,0.3897142857142857,0,1,0,288462,317148,19669,88287,2.9377524176516356,0.21775870361463612
11757,0.3897160894660894,0,1,0,288463,317147,19669,88287,2.9377431546185484,0.21775924071488825
11758,0.38975,0,4,0,288467,317143,19669,88287,2.937706102486198,0.21776138914239201
11759,0.3897619047619048,1,0,1,288467,317143,19670,88286,2.937706102486198,0.21775945973277688
11760,0.3898333333333332,1,4,1,288471,317139,19671,88285,2.937669050353848,0.21775967875606772
11761,0.3898333333333333,3,19,3,288490,317120,19674,88282,2.937493052725184,0.2177640958850721
11762,0.3898333333333334,0,1,0,288491,317119,19674,88282,2.937483789692097,0.21776463304234572
11763,0.3898571428571429,0,2,0,288493,317117,19674,88282,2.9374652636259215,0.21776570736484302
11764,0.3898636363636363,0,1,0,288494,317116,19674,88282,2.9374560005928343,0.21776624453006674
11765,0.3898809523809523,2,0,2,288494,317116,19676,88280,2.9374560005928343,0.21776238542067508
11766,0.3898809523809524,1,3,1,288497,317113,19677,88279,2.9374282114935713,0.21776206733235978
11767,0.3898939393939394,0,1,0,288498,317112,19677,88279,2.937418948460484,0.21776260449787982
11768,0.3899444444444444,0,1,0,288499,317111,19677,88279,2.9374096854273963,0.21776314166605
11769,0.3899444444444445,0,2,0,288501,317109,19677,88279,2.9373911593612214,0.2177642160103407
11770,0.3899761904761906,0,1,0,288502,317108,19677,88279,2.9373818963281337,0.21776475318646132
11771,0.3899999999999999,1,11,1,288513,317097,19678,88278,2.9372800029641706,0.21776873265494912
11772,0.39,390,3680,390,292193,313417,20068,87888,2.9031920412019714,0.2190054945739525
11773,0.3900238095238096,0,1,0,292194,313416,20068,87888,2.9031827781688837,0.219006040308594
11774,0.390047619047619,0,1,0,292195,313415,20068,87888,2.903173515135796,0.2190065860459553
11775,0.3900476190476191,0,1,0,292196,313414,20068,87888,2.9031642521027083,0.21900713178603645
11776,0.3901190476190476,1,0,1,292196,313414,20069,87887,2.9031642521027083,0.2190051856337263
11777,0.3901428571428571,0,1,0,292197,313413,20069,87887,2.903154989069621,0.21900573137303764
11778,0.3901666666666666,2,13,2,292210,313400,20071,87885,2.9030345696394826,0.21900893380016698
11779,0.3901666666666667,2,6,2,292216,313394,20073,87883,2.9029789914409574,0.2190083159513254
11780,0.3901904761904762,1,0,1,292216,313394,20074,87882,2.9029789914409574,0.21900636968071852
11781,0.3902142857142858,0,1,0,292217,313393,20074,87882,2.9029697284078697,0.21900691545698087
11782,0.3902380952380953,0,2,0,292219,313391,20074,87882,2.902951202341695,0.2190080070176663
11783,0.3902481962481962,0,5,0,292224,313386,20074,87882,2.902904887176257,0.21901073596698467
11784,0.3902658730158729,0,3,0,292227,313383,20074,87882,2.9028770980769942,0.21901237336921983
11785,0.3902777777777777,0,1,0,292228,313382,20074,87882,2.902867835043907,0.21901291917540572
11786,0.3902777777777778,0,1,0,292229,313381,20074,87882,2.9028585720108193,0.21901346498431204
11787,0.3902857142857142,0,1,0,292230,313380,20074,87882,2.9028493089777316,0.21901401079593882
11788,0.390297619047619,0,1,0,292231,313379,20074,87882,2.902840045944644,0.21901455661028607
11789,0.3903055555555555,0,2,0,292233,313377,20074,87882,2.902821519878469,0.21901564824714212
11790,0.3903181818181818,0,1,0,292234,313376,20074,87882,2.9028122568453814,0.21901619406965095
11791,0.3903333333333333,3,28,3,292262,313348,20077,87879,2.90255289191893,0.21902563885281898
11792,0.3903571428571428,0,5,0,292267,313343,20077,87879,2.9025065767534923,0.21902836833473738
11793,0.3903571428571429,0,1,0,292268,313342,20077,87879,2.9024973137204046,0.21902891423928458
11794,0.3904166666666666,0,3,0,292271,313339,20077,87879,2.902469524621142,0.2190305519692536
11795,0.3904166666666667,0,2,0,292273,313337,20077,87879,2.9024509985549667,0.21903164380283938
11796,0.3904444444444444,1,0,1,292273,313337,20078,87878,2.9024509985549667,0.21902969729446806
11797,0.3904523809523809,0,2,0,292275,313335,20078,87878,2.9024324724887918,0.21903078913195734
11798,0.390452380952381,0,1,0,292276,313334,20078,87878,2.902423209455704,0.219031335054784
11799,0.3904761904761904,0,1,0,292277,313333,20078,87878,2.9024139464226164,0.21903188098033205
11800,0.3904761904761905,1,9,1,292286,313324,20079,87877,2.9023305791248286,0.21903484786927252
11801,0.3904999999999999,0,15,0,292301,313309,20079,87877,2.902191633628515,0.21904303739412642
11802,0.3905,1,1,1,292302,313308,20080,87876,2.902182370595428,0.2190416367552046
11803,0.3905371572871574,0,4,0,292306,313304,20080,87876,2.9021453184630777,0.2190438207288499
11804,0.390547619047619,0,1,0,292307,313303,20080,87876,2.90213605542999,0.21904436672906608
11805,0.3905555555555555,0,1,0,292308,313302,20080,87876,2.9021267923969023,0.21904491273200424
11806,0.3905714285714285,0,1,0,292309,313301,20080,87876,2.902117529363815,0.21904545873766443
11807,0.3905714285714286,0,1,0,292310,313300,20080,87876,2.9021082663307274,0.21904600474604663
11808,0.3905833333333333,1,0,1,292310,313300,20081,87875,2.9021082663307274,0.21904405807939178
11809,0.3906666666666666,3,30,3,292340,313270,20084,87872,2.9018303753381005,0.21905459911951378
11810,0.3906666666666667,2,21,2,292361,313249,20086,87870,2.901635851643262,0.2190621735694395
11811,0.3907142857142856,0,1,0,292362,313248,20086,87870,2.9016265886101746,0.21906271969844285
11812,0.3907142857142857,0,11,0,292373,313237,20086,87870,2.9015246952462115,0.21906872729720497
11813,0.390735347985348,0,1,0,292374,313236,20086,87870,2.901515432213124,0.2190692734588862
11814,0.3907380952380952,0,1,0,292375,313235,20086,87870,2.901506169180036,0.21906981962329067
11815,0.3907738095238094,0,2,0,292377,313233,20086,87870,2.901487643113861,0.21907091196026957
11816,0.3907954545454545,0,1,0,292378,313232,20086,87870,2.9014783800807735,0.219071458132844
11817,0.3908095238095238,1,2,1,292380,313230,20087,87869,2.9014598540145986,0.2190706035168375
11818,0.3908333333333332,0,1,0,292381,313229,20087,87869,2.901450590981511,0.21907114969408972
11819,0.3908333333333333,22,131,22,292512,313098,20109,87847,2.900237133647041,0.2190998765416703
11820,0.3908571428571429,0,1,0,292513,313097,20109,87847,2.900227870613954,0.21910042300171595
11821,0.390904761904762,0,1,0,292514,313096,20109,87847,2.9002186075808662,0.21910096946448748
11822,0.3909523809523809,1,3,1,292517,313093,20110,87846,2.9001908184816036,0.21910066119783808
11823,0.390952380952381,0,5,0,292522,313088,20110,87846,2.9001445033161657,0.21910339357600003
11824,0.3909999999999999,2,5,2,292527,313083,20112,87844,2.900098188150728,0.2191022305806294
11825,0.391,6,80,6,292607,313003,20118,87838,2.899357145503724,0.219134270196911
11826,0.391047619047619,0,2,0,292609,313001,20118,87838,2.8993386194375486,0.21913536357490165
11827,0.3910714285714285,0,1,0,292610,313000,20118,87838,2.899329356404461,0.21913591026798857
11828,0.3911111111111111,1,2,1,292612,312998,20119,87837,2.899310830338286,0.2191350555714945
11829,0.3911190476190476,0,1,0,292613,312997,20119,87837,2.8993015673051983,0.21913560226926856
11830,0.3911666666666666,3,21,3,292634,312976,20122,87834,2.8991070436103596,0.21914123899104312
11831,0.3911666666666667,0,6,0,292640,312970,20122,87834,2.8990514654118344,0.2191445195157733
11832,0.3911904761904761,0,3,0,292643,312967,20122,87834,2.899023676312572,0.21914615981497051
11833,0.3911904761904762,0,1,0,292644,312966,20122,87834,2.899014413279484,0.21914670658682633
11834,0.3912261904761905,0,1,0,292645,312965,20122,87834,2.8990051502463965,0.21914725336141058
11835,0.3912380952380952,1,2,1,292647,312963,20123,87833,2.8989866241802216,0.21914639866665336
11836,0.3912380952380953,0,1,0,292648,312962,20123,87833,2.898977361147134,0.21914694544592622
11837,0.3912450156053097,0,1,0,292649,312961,20123,87833,2.8989680981140467,0.21914749222792757
11838,0.39125,0,2,0,292651,312959,20123,87833,2.8989495720478713,0.21914858580011576
11839,0.3912698412698412,0,1,0,292652,312958,20123,87833,2.8989403090147836,0.21914913259030266
11840,0.3912857142857142,0,1,0,292653,312957,20123,87833,2.8989310459816964,0.21914967938321814
11841,0.3913333333333332,0,4,0,292657,312953,20123,87833,2.898893993849346,0.21915186658216604
11842,0.3913333333333333,1,30,1,292687,312923,20124,87832,2.8986161028567192,0.21916632356427243
11843,0.3913333333333334,0,5,0,292692,312918,20124,87832,2.8985697876912817,0.21916905801621958
11844,0.3913636363636364,0,5,0,292697,312913,20124,87832,2.8985234725258437,0.21917179253640096
11845,0.3913809523809524,0,1,0,292698,312912,20124,87832,2.8985142094927565,0.21917233944862555
11846,0.3914047619047618,0,1,0,292699,312911,20124,87832,2.898504946459669,0.21917288636357965
11847,0.3914285714285714,0,7,0,292706,312904,20124,87832,2.898440105228056,0.2191767148446858
11848,0.3914484126984127,0,1,0,292707,312903,20124,87832,2.8984308421949683,0.21917726178147653
11849,0.391452380952381,0,1,0,292708,312902,20124,87832,2.8984215791618806,0.21917780872099696
11850,0.3914920634920635,0,1,0,292709,312901,20124,87832,2.8984123161287934,0.2191783556632471
11851,0.3914999999999999,5,39,5,292748,312862,20129,87827,2.8980510578383787,0.2191899453191877
11852,0.3915,1,4,1,292752,312858,20130,87826,2.8980140057060284,0.21919018478401933
11853,0.3915238095238095,1,0,1,292752,312858,20131,87825,2.8980140057060284,0.21918823608688165
11854,0.391547619047619,0,4,0,292756,312854,20131,87825,2.897976953573678,0.21919042425482743
11855,0.3915555555555556,0,1,0,292757,312853,20131,87825,2.8979676905405904,0.21919097130364032
11856,0.3915833333333333,0,7,0,292764,312846,20131,87825,2.8979028493089776,0.2191948007217892
11857,0.3915833333333334,0,1,0,292765,312845,20131,87825,2.8978935862758903,0.21919534779244765
11858,0.3916071428571428,0,1,0,292766,312844,20131,87825,2.8978843232428027,0.21919589486583688
11859,0.3916428571428571,0,1,0,292767,312843,20131,87825,2.897875060209715,0.21919644194195692
11860,0.3916666666666666,24,244,24,293011,312599,20155,87801,2.895614880136352,0.21928321678321677
11861,0.3916666666666667,23,251,23,293262,312348,20178,87778,2.8932898588313756,0.21937589659257334
11862,0.3916904761904762,0,1,0,293263,312347,20178,87778,2.8932805957982883,0.21937644486098096
11863,0.3917142857142856,0,2,0,293265,312345,20178,87778,2.893262069732113,0.21937754140601765
11864,0.3917142857142857,0,3,0,293268,312342,20178,87778,2.8932342806328504,0.21937918624412675
11865,0.3917142857142858,0,2,0,293270,312340,20178,87778,2.8932157545666755,0.2193802828165691
11866,0.391734126984127,0,2,0,293272,312338,20178,87778,2.8931972285005,0.219381379399974
11867,0.3917380952380952,0,1,0,293273,312337,20178,87778,2.893187965467413,0.21938192769578746
11868,0.3917619047619047,0,1,0,293274,312336,20178,87778,2.893178702434325,0.2193824759943416
11869,0.3917738095238095,0,1,0,293275,312335,20178,87778,2.8931694394012375,0.21938302429563647
11870,0.3917857142857143,0,3,0,293278,312332,20178,87778,2.893141650301975,0.2193846692159656
11871,0.3918253968253968,0,1,0,293279,312331,20178,87778,2.893132387268887,0.21938521752822357
11872,0.3918333333333333,1,17,1,293296,312314,20179,87777,2.892974915706399,0.21939258818618765
11873,0.3918571428571428,1,2,1,293298,312312,20180,87776,2.892956389640224,0.21939173381855992
11874,0.3918888888888889,0,5,0,293303,312307,20180,87776,2.892910074474786,0.2193944756463034
11875,0.3919444444444444,0,1,0,293304,312306,20180,87776,2.8929008114416983,0.21939502402007588
11876,0.3919761904761906,0,1,0,293305,312305,20180,87776,2.892891548408611,0.2193955723965897
11877,0.3919999999999999,1,10,1,293315,312295,20181,87775,2.8927989180777356,0.2193991051565976
11878,0.392,8,91,8,293406,312204,20189,87767,2.8919559820667677,0.21943340892214686
11879,0.3920000000000001,0,2,0,293408,312202,20189,87767,2.891937456000593,0.2194345061742285
11880,0.3920238095238095,1,2,1,293410,312200,20190,87766,2.891918929934418,0.21943365186040814
11881,0.3921212121212122,0,1,0,293411,312199,20190,87766,2.8919096669013302,0.21943420049254309
11882,0.3921428571428571,2,11,2,293422,312188,20192,87764,2.891807773537367,0.2194363323598832
11883,0.3921666666666666,0,15,0,293437,312173,20192,87764,2.8916688280410536,0.21944456251859668
11884,0.3921666666666668,0,1,0,293438,312172,20192,87764,2.8916595650079664,0.21944511121779484
11885,0.3921904761904762,0,1,0,293439,312171,20192,87764,2.8916503019748787,0.21944565991973697
11886,0.3922222222222222,0,1,0,293440,312170,20192,87764,2.891641038941791,0.21944620862442302
11887,0.3922619047619047,0,1,0,293441,312169,20192,87764,2.8916317759087034,0.2194467573318531
11888,0.3922727272727273,0,1,0,293442,312168,20192,87764,2.891622512875616,0.21944730604202714
11889,0.3922857142857143,0,1,0,293443,312167,20192,87764,2.8916132498425284,0.21944785475494522
11890,0.3923095238095238,0,2,0,293445,312165,20192,87764,2.8915947237763535,0.21944895218901356
11891,0.3923333333333332,0,10,0,293455,312155,20192,87764,2.8915020934454776,0.21945443952400362
11892,0.3923333333333333,4,46,4,293501,312109,20196,87760,2.8910759939234505,0.2194718770397305
11893,0.3923333333333334,0,1,0,293502,312108,20196,87760,2.891066730890363,0.2194724259005472
11894,0.3923809523809523,0,3,0,293505,312105,20196,87760,2.8910389417911,0.21947407249946857
11895,0.3923809523809524,0,6,0,293511,312099,20196,87760,2.8909833635925746,0.21947736577143442
11896,0.3924047619047618,0,1,0,293512,312098,20196,87760,2.8909741005594873,0.2194779146597042
11897,0.3924999999999999,0,6,0,293518,312092,20196,87760,2.8909185223609617,0.21948120804697738
11898,0.3925,36,392,36,293910,311700,20232,87724,2.8872874133906405,0.2196262618170165
11899,0.3926190476190476,0,1,0,293911,311699,20232,87724,2.887278150357553,0.21962681167584241
11900,0.3926363636363635,0,1,0,293912,311698,20232,87724,2.8872688873244656,0.21962736153742157
11901,0.3926666666666666,4,46,4,293958,311652,20236,87720,2.886842787802438,0.21964484240257204
11902,0.3926666666666667,0,8,0,293966,311644,20236,87720,2.8867686835377375,0.21964924229524946
11903,0.3926904761904762,0,2,0,293968,311642,20236,87720,2.8867501574715626,0.21965034229596206
11904,0.3927103174603175,0,1,0,293969,311641,20236,87720,2.886740894438475,0.21965089230044996
11905,0.3927121212121212,0,1,0,293970,311640,20236,87720,2.8867316314053872,0.21965144230769232
11906,0.3927142857142857,0,2,0,293972,311638,20236,87720,2.8867131053392123,0.21965254233044035
11907,0.3927222222222222,0,2,0,293974,311636,20236,87720,2.886694579273037,0.21965364236420637
11908,0.3927380952380953,0,2,0,293976,311634,20236,87720,2.886676053206862,0.21965474240899052
11909,0.39275,0,4,0,293980,311630,20236,87720,2.8866390010745118,0.21965694253161389
11910,0.3927777777777778,1,1,1,293981,311629,20237,87719,2.886629738041424,0.21965553852780031
11911,0.3927857142857143,0,5,0,293986,311624,20237,87719,2.8865834228759866,0.21965828873925422
11912,0.3928333333333332,1,1,1,293987,311623,20238,87718,2.886574159842899,0.2196568847175722
11913,0.3928333333333333,1,9,1,293996,311614,20239,87717,2.886490792545111,0.21965988115122542
11914,0.3928571428571428,0,13,0,294009,311601,20239,87717,2.8863703731149726,0.21966703229005455
11915,0.3928571428571429,0,1,0,294010,311600,20239,87717,2.8863611100818853,0.21966758239694278
11916,0.3928690476190475,0,1,0,294011,311599,20239,87717,2.8863518470487977,0.21966813250658626
11917,0.3928690476190477,0,3,0,294014,311596,20239,87717,2.886324057949535,0.21966978285204838
11918,0.3928809523809524,0,2,0,294016,311594,20239,87717,2.8863055318833597,0.21967088309613308
11919,0.3928888888888888,0,1,0,294017,311593,20239,87717,2.8862962688502725,0.21967143322230848
11920,0.3929166666666666,0,1,0,294018,311592,20239,87717,2.886287005817185,0.21967198335123927
11921,0.3929166666666667,1,3,1,294021,311589,20240,87716,2.886259216717922,0.21967167954320632
11922,0.3929464285714285,0,1,0,294022,311588,20240,87716,2.8862499536848345,0.2196722296796426
11923,0.392952380952381,0,1,0,294023,311587,20240,87716,2.886240690651747,0.21967277981883432
11924,0.3929999999999999,10,56,10,294079,311531,20250,87706,2.885721960798844,0.2196840473202634
11925,0.393,1,4,1,294083,311527,20251,87705,2.885684908666494,0.21968429384418084
11926,0.3930357142857143,0,1,0,294084,311526,20251,87705,2.8856756456334063,0.21968484411280687
11927,0.393047619047619,0,1,0,294085,311525,20251,87705,2.8856663826003186,0.21968539438418958
11928,0.3930555555555555,0,2,0,294087,311523,20251,87705,2.8856478565341437,0.219686494935225
11929,0.3931349206349206,0,1,0,294088,311522,20251,87705,2.885638593501056,0.21968704521487775
11930,0.393142857142857,0,2,0,294090,311520,20251,87705,2.885620067434881,0.2196881457824535
11931,0.3931428571428572,0,2,0,294092,311518,20251,87705,2.8856015413687057,0.21968924636105636
11932,0.3931666666666666,2,12,2,294104,311506,20253,87703,2.8854903849716553,0.21969194081295762
11933,0.3931666666666667,0,8,0,294112,311498,20253,87703,2.8854162807069548,0.21969634344603345
11934,0.3932142857142857,0,3,0,294115,311495,20253,87703,2.885388491607692,0.21969799447893026
11935,0.3932380952380951,0,1,0,294116,311494,20253,87703,2.8853792285746045,0.2196985448287437
11936,0.3932380952380953,0,1,0,294117,311493,20253,87703,2.885369965541517,0.21969909518131445
11937,0.3932792207792207,0,1,0,294118,311492,20253,87703,2.8853607025084296,0.21969964553664248
11938,0.3932857142857143,0,1,0,294119,311491,20253,87703,2.885351439475342,0.2197001958947279
11939,0.3933055555555556,0,2,0,294121,311489,20253,87703,2.8853329134091665,0.21970129661917073
11940,0.3933095238095238,0,1,0,294122,311488,20253,87703,2.8853236503760793,0.21970184698552822
11941,0.3933253968253968,0,1,0,294123,311487,20253,87703,2.8853143873429916,0.21970239735464314
11942,0.3933333333333333,104,811,104,294934,310676,20357,87599,2.877802067508985,0.21994601719917142
11943,0.3933333333333334,0,2,0,294936,310674,20357,87599,2.87778354144281,0.21994712169793082
11944,0.3933571428571428,0,1,0,294937,310673,20357,87599,2.8777742784097224,0.21994767395147036
11945,0.3934206349206349,0,1,0,294938,310672,20357,87599,2.8777650153766348,0.21994822620778315
11946,0.3934285714285714,0,2,0,294940,310670,20357,87599,2.87774648931046,0.21994933072872858
11947,0.3934523809523809,0,6,0,294946,310664,20357,87599,2.8776909111119346,0.21995264435812517
11948,0.3934761904761905,0,1,0,294947,310663,20357,87599,2.877681648078847,0.2199531966393982
11949,0.3934999999999999,0,4,0,294951,310659,20357,87599,2.8776445959464967,0.21995540579222514
11950,0.3935,2,25,2,294976,310634,20359,87597,2.8774130201193078,0.21996529652387684
11951,0.3935238095238095,0,2,0,294978,310632,20359,87597,2.877394494053133,0.21996640124149672
11952,0.3935714285714284,1,0,1,294978,310632,20360,87596,2.877394494053133,0.21996444248018723
11953,0.3935714285714285,0,1,0,294979,310631,20360,87596,2.877385231020045,0.21996499483962664
11954,0.3935714285714286,3,1,3,294980,310630,20363,87593,2.8773759679869575,0.21995967083769646
11955,0.3935833333333333,0,2,0,294982,310628,20363,87593,2.8773574419207826,0.2199607755492553
11956,0.3936666666666666,4,22,4,295004,310606,20367,87589,2.8771536551928563,0.21996509247981516
11957,0.3936666666666667,1,0,1,295004,310606,20368,87588,2.8771536551928563,0.2199631335479691
11958,0.3936904761904761,0,2,0,295006,310604,20368,87588,2.8771351291266813,0.21996423835737533
11959,0.3936904761904762,1,1,1,295007,310603,20369,87587,2.8771258660935937,0.21996283181395815
11960,0.3936944444444444,0,1,0,295008,310602,20369,87587,2.877116603060506,0.2199633842220654
11961,0.3937179487179487,0,1,0,295009,310601,20369,87587,2.8771073400274187,0.21996393663294725
11962,0.3937380952380953,0,3,0,295012,310598,20369,87587,2.8770795509281557,0.21996559388224066
11963,0.3937499999999999,0,1,0,295013,310597,20369,87587,2.8770702878950685,0.21996614630422118
11964,0.39375,2,2,2,295015,310595,20371,87585,2.877051761828893,0.21996333316590486
11965,0.3937619047619047,0,1,0,295016,310594,20371,87585,2.877042498795806,0.2199638855891446
11966,0.3937777777777778,0,1,0,295017,310593,20371,87585,2.877033235762718,0.21996443801515905
11967,0.393797619047619,0,2,0,295019,310591,20371,87585,2.877014709696543,0.21996554287551234
11968,0.3938095238095238,1,5,1,295024,310586,20372,87584,2.8769683945311053,0.21996634603310145
11969,0.3938095238095239,0,1,0,295025,310585,20372,87584,2.8769591314980176,0.21996689847778206
11970,0.3938181818181817,0,1,0,295026,310584,20372,87584,2.87694986846493,0.2199674509252376
11971,0.3938333333333332,0,1,0,295027,310583,20372,87584,2.8769406054318427,0.2199680033754681
11972,0.3938333333333333,0,15,0,295042,310568,20372,87584,2.8768016599355293,0.21997629046193415
11973,0.3938333333333334,0,1,0,295043,310567,20372,87584,2.8767923969024416,0.21997684295656672
11974,0.3938571428571428,0,1,0,295044,310566,20372,87584,2.8767831338693544,0.21997739545397463
11975,0.3938809523809523,0,1,0,295045,310565,20372,87584,2.8767738708362667,0.21997794795415787
11976,0.3938888888888888,1,2,1,295047,310563,20373,87583,2.8767553447700913,0.2199770938299016
11977,0.3938888888888889,0,1,0,295048,310562,20373,87583,2.876746081737004,0.21997764633487799
11978,0.3939033466533467,0,1,0,295049,310561,20373,87583,2.8767368187039164,0.2199781988426298
11979,0.3939166666666666,0,1,0,295050,310560,20373,87583,2.8767275556708287,0.21997875135315703
11980,0.3939285714285714,0,1,0,295051,310559,20373,87583,2.8767182926377415,0.2199793038664597
11981,0.3939682539682541,0,1,0,295052,310558,20373,87583,2.876709029604654,0.21997985638253784
11982,0.3939999999999999,9,106,9,295158,310452,20382,87574,2.875727148097373,0.2200208026611327
11983,0.3940000000000001,0,8,0,295166,310444,20382,87574,2.8756530438326724,0.22002522498982457
11984,0.3940238095238095,1,0,1,295166,310444,20383,87573,2.8756530438326724,0.2200232653379127
11985,0.394047619047619,0,5,0,295171,310439,20383,87573,2.875606728667235,0.22002602936594876
11986,0.3940833333333333,1,1,1,295172,310438,20384,87572,2.875597465634147,0.2200246224969222
11987,0.394090909090909,0,1,0,295173,310437,20384,87572,2.8755882026010595,0.22002517531010604
11988,0.3941071428571428,0,1,0,295174,310436,20384,87572,2.8755789395679723,0.22002572812606783
11989,0.3941666666666666,9,73,9,295247,310363,20393,87563,2.8749027381525805,0.22004845121957348
11990,0.3941666666666667,9,76,9,295323,310287,20402,87554,2.8741987476379265,0.22007284317101555
11991,0.3942142857142857,1,2,1,295325,310285,20403,87553,2.8741802215717516,0.2200719891010914
11992,0.3942142857142858,1,1,1,295326,310284,20404,87552,2.874170958538664,0.22007058184779657
11993,0.3942380952380951,0,1,0,295327,310283,20404,87552,2.874161695505576,0.22007113501828648
11994,0.39425,0,1,0,295328,310282,20404,87552,2.874152432472489,0.22007168819155729
11995,0.3942857142857142,0,1,0,295329,310281,20404,87552,2.8741431694394013,0.22007224136760903
11996,0.3942857142857143,0,23,0,295352,310258,20404,87552,2.8739301196783873,0.2200849651843845
11997,0.3942976190476191,0,1,0,295353,310257,20404,87552,2.8739208566453,0.2200855184271849
11998,0.3943095238095238,0,1,0,295354,310256,20404,87552,2.8739115936122124,0.22008607167276675
11999,0.3943333333333333,2,26,2,295380,310230,20406,87550,2.873670754751936,0.22009653577354316
12000,0.3943809523809524,0,2,0,295382,310228,20406,87550,2.873652228685761,0.22009764240355173
12001,0.3943939393939393,0,1,0,295383,310227,20406,87550,2.873642965652673,0.22009819572272907
12002,0.3944047619047619,0,2,0,295385,310225,20406,87550,2.8736244395864983,0.22009930236942996
12003,0.3944285714285714,0,1,0,295386,310224,20406,87550,2.8736151765534106,0.22009985569695353
12004,0.3944444444444444,0,4,0,295390,310220,20406,87550,2.8735781244210603,0.2201020690348694
12005,0.3944761904761904,0,3,0,295393,310217,20406,87550,2.8735503353217977,0.22010372906751943
12006,0.3944761904761905,0,6,0,295399,310211,20406,87550,2.8734947571232725,0.22010704920794144
12007,0.3944999999999999,1,1,1,295400,310210,20407,87549,2.873485494090185,0.2201056418585123
12008,0.3945,6,19,6,295419,310191,20413,87543,2.8733094964615216,0.22010439137715157
12009,0.3945238095238095,0,9,0,295428,310182,20413,87543,2.8732261291637333,0.2201093720535546
12010,0.3945454545454545,0,1,0,295429,310181,20413,87543,2.8732168661306456,0.2201099254759582
12011,0.3945714285714286,0,1,0,295430,310180,20413,87543,2.8732076030975584,0.22011047890114477
12012,0.3945833333333333,0,4,0,295434,310176,20413,87543,2.873170550965208,0.220112692629721
12013,0.3945952380952381,0,1,0,295435,310175,20413,87543,2.8731612879321204,0.22011324606882263
12014,0.3946031746031745,0,1,0,295436,310174,20413,87543,2.8731520248990328,0.22011379951070736
12015,0.3946190476190475,0,1,0,295437,310173,20413,87543,2.8731427618659455,0.22011435295537518
12016,0.3946190476190476,0,2,0,295439,310171,20413,87543,2.87312423579977,0.22011545985306025
12017,0.3946428571428571,0,7,0,295446,310164,20413,87543,2.8730593945681573,0.22011933408262868
12018,0.3946666666666666,5,51,5,295497,310113,20418,87538,2.8725869798806922,0.2201377589896668
12019,0.3947142857142857,0,3,0,295500,310110,20418,87538,2.8725591907814296,0.22013941978835552
12020,0.3947510822510822,0,1,0,295501,310109,20418,87538,2.872549927748342,0.22013997339348718
12021,0.3947579365079366,0,2,0,295503,310107,20418,87538,2.872531401682167,0.22014108061210377
12022,0.3947619047619047,0,2,0,295505,310105,20418,87538,2.8725128756159917,0.22014218784185816
12023,0.3947619047619048,0,2,0,295507,310103,20418,87538,2.8724943495498168,0.22014329508275052
12024,0.3947857142857143,0,2,0,295509,310101,20418,87538,2.8724758234836414,0.22014440233478105
12025,0.3948095238095238,0,1,0,295510,310100,20418,87538,2.8724665604505537,0.22014495596497316
12026,0.3948181818181818,0,2,0,295512,310098,20418,87538,2.872448034384379,0.22014606323371122
12027,0.3948214285714286,0,1,0,295513,310097,20418,87538,2.872438771351291,0.22014661687225723
12028,0.3948333333333332,0,8,0,295521,310089,20418,87538,2.872364667086591,0.2201510460808748
12029,0.3948333333333333,1,13,1,295534,310076,20419,87537,2.8722442476564525,0.22015628261651404
12030,0.3948333333333334,0,2,0,295536,310074,20419,87537,2.8722257215902776,0.22015739001184575
12031,0.3948504273504273,0,1,0,295537,310073,20419,87537,2.87221645855719,0.2201579437136893
12032,0.3948571428571428,0,3,0,295540,310070,20419,87537,2.8721886694579273,0.22015960483593094
12033,0.3948809523809523,1,1,1,295541,310069,20420,87536,2.8721794064248396,0.22015819720576954
12034,0.3948809523809524,1,0,1,295541,310069,20421,87535,2.8721794064248396,0.220156235852758
12035,0.3948888888888889,0,1,0,295542,310068,20421,87535,2.8721701433917524,0.22015678956144696
12036,0.3949166666666667,0,1,0,295543,310067,20421,87535,2.8721608803586647,0.22015734327292116
12037,0.3949285714285714,0,4,0,295547,310063,20421,87535,2.8721238282263144,0.22015955814667076
12038,0.3949444444444444,0,1,0,295548,310062,20421,87535,2.8721145651932267,0.22016011187207146
12039,0.3949523809523809,0,2,0,295550,310060,20421,87535,2.872096039127052,0.220161219331229
12040,0.3949963369963369,0,1,0,295551,310059,20421,87535,2.872086776093964,0.22016177306498588
12041,0.3949999999999999,2,18,2,295569,310041,20423,87533,2.871920041498388,0.22016781781504827
12042,0.395,162,1308,162,296877,308733,20585,87371,2.859803994219867,0.22057590935713853
12043,0.3950000000000001,1,10,1,296887,308723,20586,87370,2.8597113638889917,0.2205795103675147
12044,0.3950238095238095,0,1,0,296888,308722,20586,87370,2.859702100855904,0.22058006725710189
12045,0.3950396825396826,0,1,0,296889,308721,20586,87370,2.859692837822817,0.220580624149501
12046,0.3950476190476191,0,1,0,296890,308720,20586,87370,2.859683574789729,0.22058118104471205
12047,0.3950833333333332,1,0,1,296890,308720,20587,87369,2.859683574789729,0.22057921325762644
12048,0.3951111111111111,0,1,0,296891,308719,20587,87369,2.8596743117566414,0.2205797701520874
12049,0.3951190476190476,0,2,0,296893,308717,20587,87369,2.8596557856904665,0.22058088394944533
12050,0.3951666666666666,2,16,2,296909,308701,20589,87367,2.8595075771610654,0.22058585899391014
12051,0.3951666666666667,1,6,1,296915,308695,20590,87366,2.85945199896254,0.22058723277474934
12052,0.3952142857142857,0,1,0,296916,308694,20590,87366,2.8594427359294525,0.22058778972882898
12053,0.3952380952380951,0,3,0,296919,308691,20590,87366,2.85941494683019,0.2205894606079428
12054,0.3952380952380953,0,2,0,296921,308689,20590,87366,2.859396420764015,0.2205905745414147
12055,0.39525,0,1,0,296922,308688,20590,87366,2.8593871577309273,0.22059113151236953
12056,0.3952698412698412,2,0,2,296922,308688,20592,87364,2.8593871577309273,0.22058719562077708
12057,0.3952748917748917,0,1,0,296923,308687,20592,87364,2.8593778946978397,0.2205877525874193
12058,0.3952777777777778,0,1,0,296924,308686,20592,87364,2.8593686316647524,0.22058830955687414
12059,0.3953095238095238,0,2,0,296926,308684,20592,87364,2.859350105598577,0.2205894235042217
12060,0.3953333333333332,0,2,0,296928,308682,20592,87364,2.859331579532402,0.22059053746281998
12061,0.3953333333333333,3,37,3,296965,308645,20595,87361,2.8589888473081624,0.22060524335489867
12062,0.3953492063492063,0,1,0,296966,308644,20595,87361,2.858979584275075,0.22060580043181274
12063,0.3953571428571428,1,4,1,296970,308640,20596,87360,2.858942532142725,0.2206060606060606
12064,0.3953690476190475,0,1,0,296971,308639,20596,87360,2.858933269109637,0.22060661769347903
12065,0.3953809523809524,0,1,0,296972,308638,20596,87360,2.8589240060765495,0.22060717478371103
12066,0.3954166666666666,0,5,0,296977,308633,20596,87360,2.858877690911112,0.2206099602770756
12067,0.3954166666666667,0,1,0,296978,308632,20596,87360,2.8588684278780243,0.22061051738418958
12068,0.3954285714285714,1,1,1,296979,308631,20597,87359,2.8588591648449366,0.2206091062905629
12069,0.3954444444444445,0,1,0,296980,308630,20597,87359,2.8588499018118494,0.2206096633997409
12070,0.3954545454545454,0,1,0,296981,308629,20597,87359,2.8588406387787617,0.22061022051173268
12071,0.3954761904761905,0,5,0,296986,308624,20597,87359,2.8587943236133238,0.22061300611389884
12072,0.3954999999999999,2,19,2,297005,308605,20599,87357,2.8586183259846605,0.22061965542147985
12073,0.3955,1,4,1,297009,308601,20600,87356,2.85858127385231,0.22061991579893778
12074,0.3955238095238095,0,1,0,297010,308600,20600,87356,2.8585720108192225,0.22062047298184648
12075,0.395547619047619,0,1,0,297011,308599,20600,87356,2.8585627477861353,0.22062103016756954
12076,0.3955555555555555,0,2,0,297013,308597,20600,87356,2.85854422171996,0.2206221445474589
12077,0.3955714285714286,0,1,0,297014,308596,20600,87356,2.8585349586868722,0.22062270174162524
12078,0.3955833333333333,0,1,0,297015,308595,20600,87356,2.858525695653785,0.22062325893860604
12079,0.3955833333333334,1,0,1,297015,308595,20601,87355,2.858525695653785,0.22062129056699079
12080,0.3955952380952381,0,2,0,297017,308593,20601,87355,2.8585071695876096,0.22062240496226776
12081,0.3956190476190476,0,1,0,297018,308592,20601,87355,2.8584979065545224,0.22062296216412802
12082,0.3956428571428572,2,0,2,297018,308592,20603,87353,2.8584979065545224,0.2206190253696852
12083,0.3956515151515151,0,1,0,297019,308591,20603,87353,2.8584886435214347,0.22061958256723174
12084,0.3956599302811276,0,4,0,297023,308587,20603,87353,2.8584515913890844,0.22062181138556347
12085,0.3956666666666665,0,1,0,297024,308586,20603,87353,2.8584423283559968,0.2206223685971829
12086,0.3956666666666666,4,24,4,297048,308562,20607,87349,2.8582200155618955,0.22062786838456117
12087,0.3956666666666667,0,7,0,297055,308555,20607,87349,2.8581551743302827,0.22063176931781442
12088,0.3956904761904762,0,1,0,297056,308554,20607,87349,2.858145911297195,0.2206323266052543
12089,0.3957142857142857,4,13,4,297069,308541,20611,87345,2.858025491867057,0.22063169700368288
12090,0.3957222222222222,0,1,0,297070,308540,20611,87345,2.858016228833969,0.22063225431627873
12091,0.3957380952380952,0,1,0,297071,308539,20611,87345,2.858006965800882,0.2206328116316901
12092,0.3957499999999999,0,1,0,297072,308538,20611,87345,2.8579977027677943,0.22063336894991703
12093,0.3957777777777778,0,2,0,297074,308536,20611,87345,2.8579791767016194,0.22063448359481763
12094,0.3957857142857143,0,1,0,297075,308535,20611,87345,2.8579699136685317,0.22063504092149136
12095,0.3958055555555556,1,0,1,297075,308535,20612,87344,2.8579699136685317,0.22063307222661468
12096,0.395813492063492,0,1,0,297076,308534,20612,87344,2.857960650635444,0.2206336295525389
12097,0.3958333333333332,12,87,12,297163,308447,20624,87332,2.857154766756827,0.22065849880867858
12098,0.3958333333333333,11,67,11,297230,308380,20635,87321,2.8565341435399607,0.22067419592065726
12099,0.3958787878787879,1,1,1,297231,308379,20636,87320,2.856524880506873,0.2206727841111552
12100,0.3958809523809524,0,1,0,297232,308378,20636,87320,2.856515617473786,0.2206733417909618
12101,0.3959285714285714,0,1,0,297233,308377,20636,87320,2.856506354440698,0.22067389947358712
12102,0.3959523809523809,0,2,0,297235,308375,20636,87320,2.8564878283745228,0.22067501484729402
12103,0.395952380952381,0,2,0,297237,308373,20636,87320,2.856469302308348,0.22067613023227603
12104,0.3959999999999999,0,8,0,297245,308365,20636,87320,2.8563951980436473,0.220680591884959
12105,0.396,12,155,12,297400,308210,20648,87308,2.8549594279150767,0.22074343013465886
12106,0.3960000000000001,0,1,0,297401,308209,20648,87308,2.854950164881989,0.22074398824829275
12107,0.3960714285714285,1,0,1,297401,308209,20649,87307,2.854950164881989,0.22074201802202692
12108,0.3960714285714286,0,2,0,297403,308207,20649,87307,2.8549316388158137,0.2207431342506207
12109,0.3961111111111111,0,2,0,297405,308205,20649,87307,2.8549131127496388,0.22074425049050345
12110,0.3961363636363636,0,1,0,297406,308204,20649,87307,2.854903849716551,0.22074480861467824
12111,0.3961428571428571,0,2,0,297408,308202,20649,87307,2.854885323650376,0.22074592487149472
12112,0.3961666666666666,1,21,1,297429,308181,20650,87306,2.8546907999555375,0.220755675913494
12113,0.3961666666666667,0,5,0,297434,308176,20650,87306,2.8546444847900996,0.22075846688344855
12114,0.3961904761904761,0,1,0,297435,308175,20650,87306,2.854635221757012,0.22075902508590806
12115,0.3961904761904762,0,6,0,297441,308169,20650,87306,2.8545796435584867,0.2207623743599469
12116,0.3962222222222222,0,1,0,297442,308168,20650,87306,2.854570380525399,0.22076293258216723
12117,0.39625,0,7,0,297449,308161,20650,87306,2.854505539293786,0.22076684021675638
12118,0.3963095238095238,0,1,0,297450,308160,20650,87306,2.854496276260699,0.2207673984615618
12119,0.3963095238095239,0,1,0,297451,308159,20650,87306,2.8544870132276112,0.22076795670919044
12120,0.3963333333333332,0,5,0,297456,308154,20650,87306,2.8544406980621733,0.2207707479896829
12121,0.3963333333333333,2,26,2,297482,308128,20652,87304,2.854199859201897,0.22078132270529446
12122,0.3963333333333334,2,5,2,297487,308123,20654,87302,2.854153544036459,0.22078017323133337
12123,0.3963553391053391,0,1,0,297488,308122,20654,87302,2.854144281003372,0.2207807315691511
12124,0.3963571428571428,0,2,0,297490,308120,20654,87302,2.8541257549371966,0.22078184825325856
12125,0.3963809523809523,0,1,0,297491,308119,20654,87302,2.854116491904109,0.22078240659954834
12126,0.3963809523809524,0,1,0,297492,308118,20654,87302,2.8541072288710216,0.22078296494866217
12127,0.3963888888888888,0,1,0,297493,308117,20654,87302,2.854097965837934,0.2207835233006001
12128,0.3963888888888889,0,1,0,297494,308116,20654,87302,2.8540887028048463,0.22078408165536217
12129,0.3964166666666666,1,1,1,297495,308115,20655,87301,2.854079439771759,0.22078266939122343
12130,0.3964166666666667,0,1,0,297496,308114,20655,87301,2.8540701767386714,0.22078322774806217
12131,0.3964285714285714,1,5,1,297501,308109,20656,87300,2.8540238615732334,0.22078404892149647
12132,0.396452380952381,0,1,0,297502,308108,20656,87300,2.854014598540146,0.22078460729170882
12133,0.3964761904761905,0,1,0,297503,308107,20656,87300,2.8540053355070585,0.22078516566474543
12134,0.3964999999999999,0,25,0,297528,308082,20656,87300,2.8537737596798696,0.22079912590861495
12135,0.3965000000000001,0,5,0,297533,308077,20656,87300,2.8537274445144316,0.220801918169241
12136,0.396547619047619,1,2,1,297535,308075,20657,87299,2.8537089184482567,0.22080106430873048
12137,0.3965555555555555,0,2,0,297537,308073,20657,87299,2.8536903923820818,0.22080218123691106
12138,0.3965833333333333,0,2,0,297539,308071,20657,87299,2.8536718663159064,0.22080329817639174
12139,0.3966666666666665,0,1,0,297540,308070,20657,87299,2.8536626032828187,0.22080385665036967
12140,0.3966666666666666,52,404,52,297944,307666,20709,87247,2.849920337915447,0.22092714091458118
12141,0.3966666666666667,37,377,37,298321,307289,20746,87210,2.846428174441439,0.22106519915132863
12142,0.3967142857142857,0,1,0,298322,307288,20746,87210,2.8464189114083513,0.22106575952222826
12143,0.396780303030303,0,1,0,298323,307287,20746,87210,2.846409648375264,0.22106631989596878
12144,0.3967857142857143,0,3,0,298326,307284,20746,87210,2.8463818592760015,0.22106800103423627
12145,0.3968333333333333,3,13,3,298339,307271,20749,87207,2.846261439845863,0.22106936255000278
12146,0.3968571428571428,0,1,0,298340,307270,20749,87207,2.8462521768127758,0.221069922961288
12147,0.3969047619047618,1,2,1,298342,307268,20750,87206,2.8462336507466004,0.2210690691908719
12148,0.3969166666666666,0,2,0,298344,307266,20750,87206,2.8462151246804255,0.22107019002616154
12149,0.3969166666666667,0,1,0,298345,307265,20750,87206,2.846205861647338,0.22107075044806843
12150,0.3969264069264069,0,1,0,298346,307264,20750,87206,2.84619659861425,0.2210713108728167
12151,0.3969285714285713,0,1,0,298347,307263,20750,87206,2.846187335581163,0.22107187130040637
12152,0.3969642857142858,0,2,0,298349,307261,20750,87206,2.8461688095149875,0.22107299216411005
12153,0.3969929792429794,1,1,1,298350,307260,20751,87205,2.8461595464819,0.2210715779600218
12154,0.3969999999999999,1,4,1,298354,307256,20752,87204,2.84612249434955,0.22107184505399788
12155,0.397,6,53,6,298407,307203,20758,87198,2.8456315535959096,0.221089703119414
12156,0.3970000000000001,0,1,0,298408,307202,20758,87198,2.845622290562822,0.22109026369168358
12157,0.3970238095238095,0,1,0,298409,307201,20758,87198,2.845613027529734,0.2210908242667958
12158,0.3970476190476189,1,1,1,298410,307200,20759,87197,2.845603764496647,0.2210894099093046
12159,0.3970595238095238,0,2,0,298412,307198,20759,87197,2.8455852384304716,0.2210905310665703
12160,0.3970634920634921,0,1,0,298413,307197,20759,87197,2.845575975397384,0.22109109164946728
12161,0.3970714285714286,0,1,0,298414,307196,20759,87197,2.8455667123642967,0.22109165223520702
12162,0.3970765550239234,0,1,0,298415,307195,20759,87197,2.845557449331209,0.22109221282378952
12163,0.3970833333333333,1,4,1,298419,307191,20760,87196,2.8455203971988587,0.22109248022881078
12164,0.3970952380952381,0,1,0,298420,307190,20760,87196,2.845511134165771,0.22109304082802128
12165,0.3971428571428571,2,11,2,298431,307179,20762,87194,2.8454092408018083,0.22109525753537895
12166,0.3971666666666666,0,13,0,298444,307166,20762,87194,2.84528882137167,0.2211025458971498
12167,0.3972142857142857,0,1,0,298445,307165,20762,87194,2.8452795583385826,0.22110310656026616
12168,0.3972182539682539,1,0,1,298445,307165,20763,87193,2.8452795583385826,0.22110113145923246
12169,0.3972222222222222,1,0,1,298445,307165,20764,87192,2.8452795583385826,0.22109915634818197
12170,0.39725,1,1,1,298446,307164,20765,87191,2.845270295305495,0.22109774188231415
12171,0.3972857142857143,0,1,0,298447,307163,20765,87191,2.8452610322724072,0.22109830254035714
12172,0.3973095238095238,0,1,0,298448,307162,20765,87191,2.8452517692393196,0.22109886320124356
12173,0.3973333333333332,2,9,2,298457,307153,20767,87189,2.8451684019415318,0.22109995891890796
12174,0.3973333333333333,8,46,8,298503,307107,20775,87181,2.844742302419504,0.22110995008724588
12175,0.3973333333333334,0,1,0,298504,307106,20775,87181,2.8447330393864165,0.22111051087152253
12176,0.397361111111111,1,0,1,298504,307106,20776,87180,2.8447330393864165,0.2211085354285975
12177,0.3973611111111111,0,1,0,298505,307105,20776,87180,2.8447237763533293,0.22110909621213082
12178,0.3973650793650793,0,3,0,298508,307102,20776,87180,2.8446959872540662,0.22111077857979822
12179,0.3973809523809523,0,3,0,298511,307099,20776,87180,2.8446681981548037,0.2211124609730673
12180,0.3973809523809524,0,5,0,298516,307094,20776,87180,2.844621882989366,0.22111526501874332
12181,0.3974166666666667,0,1,0,298517,307093,20776,87180,2.8446126199562785,0.22111582583641284
12182,0.3974285714285714,1,3,1,298520,307090,20777,87179,2.844584830857016,0.22111553279613666
12183,0.3974444444444444,0,1,0,298521,307089,20777,87179,2.844575567823928,0.22111609362159748
12184,0.3974999999999999,2,14,2,298535,307075,20779,87177,2.8444458853607024,0.22111999431835475
12185,0.3975,58,419,58,298954,306656,20837,87119,2.8405646744970174,0.22124055615516475
12186,0.3975000000000001,2,7,2,298961,306649,20839,87117,2.8404998332654046,0.22124053371799496
12187,0.397547619047619,1,0,1,298961,306649,20840,87116,2.8404998332654046,0.2212385559915178
12188,0.3975714285714285,0,1,0,298962,306648,20840,87116,2.840490570232317,0.22123911784723846
12189,0.3975959595959596,0,3,0,298965,306645,20840,87116,2.8404627811330543,0.2212408034315232
12190,0.3976158008658008,0,3,0,298968,306642,20840,87116,2.8404349920337917,0.2212424890414925
12191,0.3976190476190476,2,3,2,298971,306639,20842,87114,2.840407202934529,0.22124021912214
12192,0.3976666666666666,2,33,2,299004,306606,20844,87112,2.8401015228426396,0.22125480673984935
12193,0.3976666666666667,1,5,1,299009,306601,20845,87111,2.8400552076772017,0.22125563863941156
12194,0.3976746031746031,0,4,0,299013,306597,20845,87111,2.840018155544852,0.2212578865555183
12195,0.3976944444444444,0,2,0,299015,306595,20845,87111,2.8399996294786765,0.22125901053070057
12196,0.3977272727272727,0,2,0,299017,306593,20845,87111,2.8399811034125015,0.22126013451730234
12197,0.3977380952380953,1,0,1,299017,306593,20846,87110,2.8399811034125015,0.2212581565291603
12198,0.39775,1,2,1,299019,306591,20847,87109,2.839962577346326,0.22125730251460504
12199,0.3977619047619047,0,3,0,299022,306588,20847,87109,2.8399347882470636,0.22125898851146947
12200,0.3977738095238095,0,1,0,299023,306587,20847,87109,2.839925525213976,0.22125955051613427
12201,0.3977777777777778,0,2,0,299025,306585,20847,87109,2.839906999147801,0.22126067453402898
12202,0.3978095238095238,1,1,1,299026,306584,20848,87108,2.8398977361147133,0.22125925850664988
12203,0.3978333333333332,0,1,0,299027,306583,20848,87108,2.839888473081626,0.22125982051913812
12204,0.3978333333333333,0,23,0,299050,306560,20848,87108,2.839675423320612,0.22127274759441967
12205,0.3978571428571428,0,3,0,299053,306557,20848,87108,2.8396476342213495,0.2212744338460366
12206,0.3978571428571429,0,2,0,299055,306555,20848,87108,2.839629108155174,0.22127555802805954
12207,0.3978787878787878,0,1,0,299056,306554,20848,87108,2.839619845122087,0.22127612012335454
12208,0.3978809523809524,0,1,0,299057,306553,20848,87108,2.839610582088999,0.22127668222150532
12209,0.3978888888888888,1,0,1,299057,306553,20849,87107,2.839610582088999,0.22127470405934055
12210,0.3979166666666666,0,2,0,299059,306551,20849,87107,2.8395920560228243,0.22127582825701497
12211,0.3979285714285714,1,1,1,299060,306550,20850,87106,2.8395827929897366,0.22127441217712926
12212,0.3979523809523809,0,1,0,299061,306549,20850,87106,2.839573529956649,0.2212749742795087
12213,0.3979761904761905,0,3,0,299064,306546,20850,87106,2.8395457408573863,0.221276660603782
12214,0.3979989177489177,0,1,0,299065,306545,20850,87106,2.8395364778242986,0.22127722271758488
12215,0.3979999999999999,11,85,11,299150,306460,20861,87095,2.838749120011857,0.22130324859295397
12216,0.398,0,9,0,299159,306451,20861,87095,2.8386657527140686,0.2213083095749925
12217,0.3980238095238095,1,1,1,299160,306450,20862,87094,2.838656489680981,0.22130689325717073
12218,0.3980555555555555,0,1,0,299161,306449,20862,87094,2.8386472266478937,0.2213074556020562
12219,0.3980952380952381,1,2,1,299163,306447,20863,87093,2.8386287005817183,0.22130660161610002
12220,0.398125,0,2,0,299165,306445,20863,87093,2.8386101745155434,0.22130772631867826
12221,0.3981666666666666,2,14,2,299179,306431,20865,87091,2.8384804920523177,0.2213116420428845
12222,0.3981666666666667,0,8,0,299187,306423,20865,87091,2.838406387787617,0.22131614123004517
12223,0.3981904761904761,0,1,0,299188,306422,20865,87091,2.8383971247545294,0.22131670364130282
12224,0.3982142857142857,0,5,0,299193,306417,20865,87091,2.838350809589092,0.2213195157404678
12225,0.3982380952380952,0,1,0,299194,306416,20865,87091,2.8383415465560042,0.22132007816887628
12226,0.39825,0,1,0,299195,306415,20865,87091,2.8383322835229166,0.22132064060014334
12227,0.3982619047619048,0,2,0,299197,306413,20865,87091,2.8383137574567416,0.22132176547125315
12228,0.3982738095238096,0,1,0,299198,306412,20865,87091,2.838304494423654,0.221322327911096
12229,0.3983333333333332,29,260,29,299458,306152,20894,87062,2.83589610582089,0.22141124171570697
12230,0.3983333333333334,24,216,24,299674,305936,20918,87038,2.8338952906739783,0.22148539089100042
12231,0.3983809523809523,1,0,1,299674,305936,20919,87037,2.8338952906739783,0.2214834098016912
12232,0.3984087301587302,2,2,2,299676,305934,20921,87035,2.8338767646078034,0.22148057480361047
12233,0.3984523809523809,0,2,0,299678,305932,20921,87035,2.833858238541628,0.22148170202586986
12234,0.398452380952381,0,1,0,299679,305931,20921,87035,2.8338489755085403,0.2214822656413023
12235,0.3984642857142857,0,1,0,299680,305930,20921,87035,2.833839712475453,0.22148282925960328
12236,0.3984880952380952,0,1,0,299681,305929,20921,87035,2.8338304494423654,0.2214833928807728
12237,0.3984999999999999,1,4,1,299685,305925,20922,87034,2.833793397310015,0.22148366623489982
12238,0.3985,6,32,6,299717,305893,20928,87028,2.8334969802512133,0.22148981601899617
12239,0.3985000000000001,0,1,0,299718,305892,20928,87028,2.833487717218126,0.2214903797210628
12240,0.3985714285714285,0,1,0,299719,305891,20928,87028,2.8334784541850384,0.22149094342599873
12241,0.3985714285714286,0,2,0,299721,305889,20928,87028,2.833459928118863,0.2214920708444786
12242,0.3986111111111111,0,1,0,299722,305888,20928,87028,2.833450665085776,0.22149263455802257
12243,0.3986190476190476,0,1,0,299723,305887,20928,87028,2.833441402052688,0.22149319827443595
12244,0.3986388888888889,0,1,0,299724,305886,20928,87028,2.8334321390196004,0.22149376199371873
12245,0.3986428571428571,0,1,0,299725,305885,20928,87028,2.833422875986513,0.22149432571587094
12246,0.3986666666666666,6,36,6,299761,305849,20934,87022,2.833089406795361,0.22150273244907362
12247,0.3986666666666667,0,3,0,299764,305846,20934,87022,2.8330616176960985,0.2215044238777401
12248,0.3986904761904762,0,3,0,299767,305843,20934,87022,2.833033828596836,0.22150611533223882
12249,0.3987222222222222,0,2,0,299769,305841,20934,87022,2.8330153025306606,0.2215072429829228
12250,0.3987301587301587,0,1,0,299770,305840,20934,87022,2.833006039497573,0.22150780681257032
12251,0.3987380952380952,0,1,0,299771,305839,20934,87022,2.8329967764644857,0.22150837064508822
12252,0.3987380952380953,0,1,0,299772,305838,20934,87022,2.832987513431398,0.2215089344804765
12253,0.39875,1,11,1,299783,305827,20935,87021,2.832885620067435,0.22151315521524864
12254,0.3987619047619048,0,1,0,299784,305826,20935,87021,2.832876357034347,0.22151371908147446
12255,0.3987857142857142,0,1,0,299785,305825,20935,87021,2.83286709400126,0.22151428295057096
12256,0.3988095238095237,1,0,1,299785,305825,20936,87020,2.83286709400126,0.22151230128931257
12257,0.3988095238095238,1,3,1,299788,305822,20937,87019,2.8328393049019973,0.2215120112208247
12258,0.3988333333333332,0,2,0,299790,305820,20937,87019,2.832820778835822,0.2215131389704179
12259,0.3988333333333333,1,9,1,299799,305811,20938,87018,2.832737411538034,0.2215162322537287
12260,0.3988333333333334,1,4,1,299803,305807,20939,87017,2.832700359405684,0.22151650611978901
12261,0.3988492063492063,0,2,0,299805,305805,20939,87017,2.8326818333395085,0.22151763394107254
12262,0.3988571428571428,0,1,0,299806,305804,20939,87017,2.8326725703064213,0.22151819785602095
12263,0.3989285714285714,0,3,0,299809,305801,20939,87017,2.8326447812071587,0.22151988961809285
12264,0.3989761904761904,0,1,0,299810,305800,20939,87017,2.832635518174071,0.22152045354452582
12265,0.3989999999999999,8,70,8,299880,305730,20947,87009,2.831987105857942,0.22154407889208863
12266,0.3990000000000001,1,3,1,299883,305727,20948,87008,2.8319593167586796,0.22154378906896507
12267,0.3990238095238095,0,1,0,299884,305726,20948,87008,2.831950053725592,0.22154435317543172
12268,0.3990436507936507,0,1,0,299885,305725,20948,87008,2.8319407906925043,0.22154491728477108
12269,0.399047619047619,1,7,1,299892,305718,20949,87007,2.8318759494608914,0.22154688395187472
12270,0.3990476190476191,2,1,2,299893,305717,20951,87005,2.8318666864278037,0.2215434836856606
12271,0.3990555555555554,0,2,0,299895,305715,20951,87005,2.831848160361629,0.2215446119372581
12272,0.3990714285714285,0,1,0,299896,305714,20951,87005,2.831838897328541,0.22154517606736623
12273,0.3990714285714286,0,1,0,299897,305713,20951,87005,2.831829634295454,0.2215457402003473
12274,0.399090909090909,0,1,0,299898,305712,20951,87005,2.831820371262366,0.2215463043362014
12275,0.3990912698412698,2,1,2,299899,305711,20953,87003,2.8318111082292785,0.22154290399629248
12276,0.3991071428571428,1,0,1,299899,305711,20954,87002,2.8318111082292785,0.22154092174183182
12277,0.3991428571428572,0,1,0,299900,305710,20954,87002,2.831801845196191,0.22154148587259875
12278,0.3991666666666666,11,83,11,299983,305627,20965,86991,2.831033013449924,0.22156650994096042
12279,0.3991666666666667,6,74,6,300057,305553,20971,86985,2.830347549001445,0.2215963804778136
12280,0.3992023809523809,0,1,0,300058,305552,20971,86985,2.8303382859683577,0.22159694500136293
12281,0.3992261904761904,0,1,0,300059,305551,20971,86985,2.83032902293527,0.22159750952778853
12282,0.39925,1,2,1,300061,305549,20972,86984,2.8303104968690946,0.22159665556781213
12283,0.3992857142857143,3,8,3,300069,305541,20975,86981,2.8302363926043945,0.22159522268815507
12284,0.3993095238095238,0,1,0,300070,305540,20975,86981,2.830227129571307,0.22159578723176596
12285,0.3993333333333333,0,19,0,300089,305521,20975,86981,2.830051131942643,0.2216065141069345
12286,0.3993333333333334,5,43,5,300132,305478,20980,86976,2.8296528215198786,0.22162087786084483
12287,0.3993571428571428,0,1,0,300133,305477,20980,86976,2.829643558486791,0.22162144256764504
12288,0.3993809523809524,1,0,1,300133,305477,20981,86975,2.829643558486791,0.22161945919500983
12289,0.3994047619047619,0,2,0,300135,305475,20981,86975,2.829625032420616,0.22162058861001402
12290,0.3994444444444444,0,3,0,300138,305472,20981,86975,2.829597243321353,0.22162228275410437
12291,0.3994642857142857,0,1,0,300139,305471,20981,86975,2.8295879802882657,0.22162284747455702
12292,0.3994999999999999,0,2,0,300141,305469,20981,86975,2.8295694542220904,0.2216239769240962
12293,0.3995,3,12,3,300153,305457,20984,86972,2.82945829782504,0.22162480346763364
12294,0.3995079365079364,0,2,0,300155,305455,20984,86972,2.8294397717588646,0.22162593297606945
12295,0.3995238095238095,1,6,1,300161,305449,20985,86971,2.8293841935603394,0.2216273380561643
12296,0.3995473097164273,0,1,0,300162,305448,20985,86971,2.8293749305272518,0.22162790282835437
12297,0.3995833333333333,0,3,0,300165,305445,20985,86971,2.829347141427989,0.2216295971621952
12298,0.3996190476190475,1,0,1,300165,305445,20986,86970,2.829347141427989,0.22162761362333244
12299,0.3996428571428571,0,4,0,300169,305441,20986,86970,2.829310089295639,0.22162987276095727
12300,0.3996666666666666,6,25,6,300194,305416,20992,86964,2.82907851346845,0.22163209134002754
12301,0.39975,0,2,0,300196,305414,20992,86964,2.829059987402275,0.22163322102666305
12302,0.3997619047619047,1,2,1,300198,305412,20993,86963,2.8290414613360997,0.22163236699585856
12303,0.3997619047619048,0,2,0,300200,305410,20993,86963,2.8290229352699248,0.22163349669829474
12304,0.3997777777777777,0,1,0,300201,305409,20993,86963,2.829013672236837,0.22163406155383156
12305,0.3997857142857143,1,0,1,300201,305409,20994,86962,2.829013672236837,0.22163207780391517
12306,0.3998253968253968,0,1,0,300202,305408,20994,86962,2.82900440920375,0.221632642658715
12307,0.3998333333333332,0,2,0,300204,305406,20994,86962,2.8289858831375745,0.22163377237695225
12308,0.3998333333333333,0,15,0,300219,305391,20994,86962,2.828846937641261,0.22164224563084772
12309,0.3998571428571428,0,2,0,300221,305389,20994,86962,2.828828411575086,0.22164337544698498
12310,0.3998571428571429,0,1,0,300222,305388,20994,86962,2.8288191485419985,0.22164394035937302
12311,0.3999126984126985,1,0,1,300222,305388,20995,86961,2.8288191485419985,0.22164195652340135
12312,0.3999603174603174,1,1,1,300223,305387,20996,86960,2.828809885508911,0.22164053758535174
12313,0.3999653679653679,0,1,0,300224,305386,20996,86960,2.8288006224758235,0.22164110249626606
12314,0.3999999999999999,4,25,4,300249,305361,21000,86956,2.8285690466486346,0.22164729032899416
12315,0.4,391,3638,391,303887,301723,21391,86565,2.7948701322761127,0.2229401887258942
12316,0.4000000000000001,2,29,2,303916,301694,21393,86563,2.7946015043165735,0.2229528379398182
12317,0.4000238095238094,0,1,0,303917,301693,21393,86563,2.794592241283486,0.22295341218165335
12318,0.400095238095238,0,3,0,303920,301690,21393,86563,2.7945644521842232,0.2229551349249072
12319,0.4000952380952381,0,3,0,303923,301687,21393,86563,2.7945366630849606,0.2229568576947843
12320,0.4001190476190476,0,3,0,303926,301684,21393,86563,2.794508873985698,0.2229585804912852
12321,0.4001428571428572,0,1,0,303927,301683,21393,86563,2.7944996109526103,0.222959154762702
12322,0.4001666666666665,0,1,0,303928,301682,21393,86563,2.7944903479195227,0.22295972903707711
12323,0.4001666666666666,3,10,3,303938,301672,21396,86560,2.794397717588647,0.22295946753487605
12324,0.4001666666666667,0,1,0,303939,301671,21396,86560,2.7943884545555595,0.2229600418307657
12325,0.4001904761904761,0,1,0,303940,301670,21396,86560,2.7943791915224723,0.22296061612961388
12326,0.4002380952380953,0,3,0,303943,301667,21396,86560,2.7943514024232097,0.22296233904390989
12327,0.40025,0,5,0,303948,301662,21396,86560,2.7943050872577717,0.22296521062690935
12328,0.4002619047619047,0,1,0,303949,301661,21396,86560,2.794295824224684,0.22296578495238537
12329,0.4002857142857143,0,1,0,303950,301660,21396,86560,2.794286561191597,0.22296635928082015
12330,0.4003095238095236,0,1,0,303951,301659,21396,86560,2.794277298158509,0.22296693361221373
12331,0.4003253968253968,0,1,0,303952,301658,21396,86560,2.7942680351254214,0.2229675079465661
12332,0.4003333333333332,0,1,0,303953,301657,21396,86560,2.7942587720923338,0.22296808228387732
12333,0.4003333333333333,2,11,2,303964,301646,21398,86558,2.7941568787283706,0.2229703970077588
12334,0.4003333333333334,1,5,1,303969,301641,21399,86557,2.794110563562933,0.22297126723991365
12335,0.4003571428571428,1,4,1,303973,301637,21400,86556,2.794073511430583,0.22297156311422411
12336,0.4003690476190475,0,1,0,303974,301636,21400,86556,2.794064248397495,0.22297213749896957
12337,0.4003809523809524,0,2,0,303976,301634,21400,86556,2.79404572233132,0.22297328627733842
12338,0.400404761904762,0,2,0,303978,301632,21400,86556,2.794027196265145,0.22297443506754458
12339,0.4004166666666666,1,1,1,303979,301631,21401,86555,2.7940179332320576,0.22297300778492785
12340,0.4004285714285714,0,1,0,303980,301630,21401,86555,2.79400867019897,0.2229735821837526
12341,0.4004523809523809,0,1,0,303981,301629,21401,86555,2.7939994071658822,0.22297415658553676
12342,0.4004642857142856,1,0,1,303981,301629,21402,86554,2.7939994071658822,0.22297215488571112
12343,0.4004761904761904,1,0,1,303981,301629,21403,86553,2.7939994071658822,0.22297015317557228
12344,0.4004761904761905,1,2,1,303983,301627,21404,86552,2.7939808810997073,0.2229693002455053
12345,0.4004999999999999,3,28,3,304011,301599,21407,86549,2.793721516173256,0.22297937899976297
12346,0.4005,0,4,0,304015,301595,21407,86549,2.7936844640409055,0.22298167690341728
12347,0.4005357142857143,0,1,0,304016,301594,21407,86549,2.793675201007818,0.22298225138673117
12348,0.400547619047619,0,1,0,304017,301593,21407,86549,2.7936659379747306,0.22298282587300525
12349,0.4005595238095237,0,1,0,304018,301592,21407,86549,2.793656674941643,0.2229834003622395
12350,0.4005952380952381,0,3,0,304021,301589,21407,86549,2.7936288858423803,0.22298512384770366
12351,0.4006666666666666,6,41,6,304062,301548,21413,86543,2.7932491014857903,0.22299666830717538
12352,0.4006666666666667,4,7,4,304069,301541,21417,86539,2.7931842602541774,0.22299268192125335
12353,0.4007142857142856,0,1,0,304070,301540,21417,86539,2.79317499722109,0.22299325652766575
12354,0.4007142857142857,1,5,1,304075,301535,21418,86538,2.7931286820556522,0.2229941273935574
12355,0.4007272727272727,0,2,0,304077,301533,21418,86538,2.7931101559894773,0.22299527663752253
12356,0.4007619047619047,0,1,0,304078,301532,21418,86538,2.7931008929563896,0.22299585126394722
12357,0.4007619047619048,0,2,0,304080,301530,21418,86538,2.7930823668902147,0.22299700052568106
12358,0.4007857142857143,0,2,0,304082,301528,21418,86538,2.7930638408240394,0.22299814979926094
12359,0.400829365079365,0,1,0,304083,301527,21418,86538,2.7930545777909517,0.2229987244404932
12360,0.4008333333333332,14,76,14,304159,301451,21432,86524,2.7923505872762977,0.22301436948256975
12361,0.4008333333333334,9,70,9,304229,301381,21441,86515,2.791702174960169,0.22303658712644625
12362,0.4008571428571429,1,2,1,304231,301379,21442,86514,2.791683648893994,0.22303573408130592
12363,0.4008636363636363,0,1,0,304232,301378,21442,86514,2.7916743858609063,0.2230363090757221
12364,0.4008809523809523,0,1,0,304233,301377,21442,86514,2.7916651228278186,0.22303688407310301
12365,0.4008809523809524,0,1,0,304234,301376,21442,86514,2.791655859794731,0.22303745907344866
12366,0.4008888888888889,0,1,0,304235,301375,21442,86514,2.7916465967616437,0.22303803407675907
12367,0.4008968253968253,0,1,0,304236,301374,21442,86514,2.791637333728556,0.22303860908303427
12368,0.4009047619047619,0,1,0,304237,301373,21442,86514,2.7916280706954684,0.2230391840922743
12369,0.4009090909090909,0,1,0,304238,301372,21442,86514,2.791618807662381,0.22303975910447915
12370,0.4009285714285714,0,1,0,304239,301371,21442,86514,2.7916095446292934,0.22304033411964885
12371,0.4009523809523809,0,5,0,304244,301366,21442,86514,2.7915632294638555,0.22304320923997112
12372,0.400952380952381,1,3,1,304247,301363,21443,86513,2.791535440364593,0.22304293124606833
12373,0.4009722222222223,0,1,0,304248,301362,21443,86513,2.791526177331505,0.22304350628424105
12374,0.4009880952380953,0,2,0,304250,301360,21443,86513,2.7915076512653303,0.22304465636948176
12375,0.4009920634920635,0,2,0,304252,301358,21443,86513,2.7914891251991554,0.22304580646658295
12376,0.4009999999999999,1,6,1,304258,301352,21444,86512,2.7914335470006297,0.22304725367654643
12377,0.401,13,79,13,304337,301273,21457,86499,2.790701767386713,0.22306664741136545
12378,0.4010000000000001,0,2,0,304339,301271,21457,86499,2.790683241320538,0.2230677979214483
12379,0.401031746031746,0,1,0,304340,301270,21457,86499,2.7906739782874506,0.2230683731809402
12380,0.4010555555555555,0,1,0,304341,301269,21457,86499,2.790664715254363,0.22306894844339914
12381,0.4010714285714286,0,2,0,304343,301267,21457,86499,2.790646189188188,0.22307009897721822
12382,0.4011111111111111,1,2,1,304345,301265,21458,86498,2.7906276631220126,0.22306924590535973
12383,0.4011190476190476,0,1,0,304346,301264,21458,86498,2.790618400088925,0.22306982117897062
12384,0.4011428571428571,0,2,0,304348,301262,21458,86498,2.79059987402275,0.22307097173509388
12385,0.4011507936507936,0,1,0,304349,301261,21458,86498,2.7905906109896623,0.2230715470176063
12386,0.4011587301587301,0,3,0,304352,301258,21458,86498,2.7905628218903997,0.223073272882947
12387,0.4011666666666666,0,17,0,304369,301241,21458,86498,2.7904053503279114,0.22308305329100245
12388,0.4011904761904762,1,0,1,304369,301241,21459,86497,2.7904053503279114,0.2230810495747128
12389,0.4012121212121212,0,1,0,304370,301240,21459,86497,2.7903960872948237,0.22308162491585792
12390,0.4012142857142857,0,1,0,304371,301239,21459,86497,2.7903868242617365,0.2230822002599707
12391,0.4012316017316017,0,2,0,304373,301237,21459,86497,2.790368298195561,0.22308335095709944
12392,0.4012380952380951,0,2,0,304375,301235,21459,86497,2.790349772129386,0.22308450166609928
12393,0.40125,0,6,0,304381,301229,21459,86497,2.7902941939308605,0.22308795386432687
12394,0.4012698412698413,0,1,0,304382,301228,21459,86497,2.7902849308977733,0.22308852924108583
12395,0.4012777777777778,0,1,0,304383,301227,21459,86497,2.7902756678646856,0.22308910462081274
12396,0.4013055555555555,0,1,0,304384,301226,21459,86497,2.790266404831598,0.22308968000350765
12397,0.4013095238095238,2,0,2,304384,301226,21461,86495,2.790266404831598,0.22308567242940155
12398,0.4013333333333332,0,4,0,304388,301222,21461,86495,2.7902293526992477,0.22308797396038862
12399,0.4013333333333333,2,37,2,304425,301185,21463,86493,2.7898866204750083,0.22310525745592993
12400,0.4013333333333334,1,3,1,304428,301182,21464,86492,2.7898588313757458,0.22310497995738687
12401,0.4013730158730159,0,2,0,304430,301180,21464,86492,2.7898403053095704,0.22310613095606596
12402,0.4013809523809524,1,5,1,304435,301175,21465,86491,2.789793990144133,0.22310700448324072
12403,0.4014166666666666,0,2,0,304437,301173,21465,86491,2.7897754640779575,0.22310815551611704
12404,0.4014285714285714,0,5,0,304442,301168,21465,86491,2.78972914891252,0.22311103315026867
12405,0.4014404761904762,0,3,0,304445,301165,21465,86491,2.7897013598132574,0.22311275976639083
12406,0.4014523809523808,2,2,2,304447,301163,21467,86489,2.789682833747082,0.2231099026962327
12407,0.4014642857142857,0,1,0,304448,301162,21467,86489,2.789673570713995,0.22311047823944735
12408,0.4014880952380952,0,1,0,304449,301161,21467,86489,2.789664307680907,0.22311105378563137
12409,0.4014978354978355,0,1,0,304450,301160,21467,86489,2.7896550446478194,0.22311162933478482
12410,0.4014999999999999,3,46,3,304496,301114,21470,86486,2.789228945125792,0.22313209494324046
12411,0.4015000000000001,1,3,1,304499,301111,21471,86485,2.7892011560265293,0.223131817665817
12412,0.4015238095238095,0,1,0,304500,301110,21471,86485,2.7891918929934416,0.22313239334872742
12413,0.4015476190476191,0,1,0,304501,301109,21471,86485,2.7891826299603544,0.22313296903460839
12414,0.4015876623376623,2,6,2,304507,301103,21473,86483,2.7891270517618287,0.22313241448349527
12415,0.4015952380952381,1,0,1,304507,301103,21474,86482,2.7891270517618287,0.2231304101035902
12416,0.4016190476190476,0,1,0,304508,301102,21474,86482,2.7891177887287415,0.2231309857992074
12417,0.4016428571428572,0,1,0,304509,301101,21474,86482,2.789108525695654,0.2231315614977953
12418,0.4016587579087579,0,4,0,304513,301097,21474,86482,2.7890714735633035,0.2231338643218544
12419,0.4016666666666665,0,2,0,304515,301095,21474,86482,2.7890529474971286,0.2231350157517087
12420,0.4016666666666666,33,237,33,304752,300858,21507,86449,2.786857608655378,0.2232053642201148
12421,0.4016666666666667,28,228,28,304980,300630,21535,86421,2.7847456371114157,0.22328065293720983
12422,0.4017142857142857,0,2,0,304982,300628,21535,86421,2.7847271110452407,0.22328180669630976
12423,0.4017222222222222,0,1,0,304983,300627,21535,86421,2.784717848012153,0.22328238358033112
12424,0.4017380952380951,0,1,0,304984,300626,21535,86421,2.7847085849790654,0.22328296046733342
12425,0.4017619047619047,0,1,0,304985,300625,21535,86421,2.784699321945978,0.2232835373573167
12426,0.4017857142857142,0,1,0,304986,300624,21535,86421,2.7846900589128905,0.22328411425028097
12427,0.4017857142857143,0,5,0,304991,300619,21535,86421,2.7846437437474525,0.2232869987598181
12428,0.4018015873015872,0,1,0,304992,300618,21535,86421,2.7846344807143653,0.22328757567066884
12429,0.4018095238095238,0,2,0,304994,300616,21535,86421,2.78461595464819,0.22328872950131382
12430,0.4018214285714285,0,2,0,304996,300614,21535,86421,2.784597428582015,0.22328988334388364
12431,0.4018333333333333,1,1,1,304997,300613,21536,86420,2.7845881655489273,0.22328845343937082
12432,0.4018333333333334,4,9,4,305006,300604,21540,86416,2.7845047982511395,0.223285618314299
12433,0.4018809523809523,0,1,0,305007,300603,21540,86416,2.784495535218052,0.22328619525139592
12434,0.4018888888888889,0,1,0,305008,300602,21540,86416,2.784486272184964,0.2232867721914743
12435,0.4019047619047619,0,1,0,305009,300601,21540,86416,2.784477009151877,0.22328734913453413
12436,0.401904761904762,0,2,0,305011,300599,21540,86416,2.7844584830857015,0.22328850302959832
12437,0.4019166666666666,0,1,0,305012,300598,21540,86416,2.784449220052614,0.22328907998160274
12438,0.4019166666666667,1,2,1,305014,300596,21541,86415,2.784430693986439,0.22328822694962158
12439,0.4019444444444444,2,3,2,305017,300593,21543,86413,2.7844029048871763,0.22328594388717488
12440,0.4019523809523809,0,3,0,305020,300590,21543,86413,2.7843751157879137,0.223287674772547
12441,0.401952380952381,0,1,0,305021,300589,21543,86413,2.784365852754826,0.2232882517403011
12442,0.4019999999999999,0,6,0,305027,300583,21543,86413,2.784310274556301,0.223291713609443
12443,0.402,7,92,7,305119,300491,21550,86406,2.7834580755122458,0.22333075728165377
12444,0.4020238095238095,0,1,0,305120,300490,21550,86406,2.783448812479158,0.2233313345188371
12445,0.4020396825396826,0,2,0,305122,300488,21550,86406,2.783430286412983,0.22333248900215563
12446,0.4020555555555555,1,0,1,305122,300488,21551,86405,2.783430286412983,0.22333048155433155
12447,0.4020833333333333,0,2,0,305124,300486,21551,86405,2.783411760346808,0.22333163604219275
12448,0.4021071428571429,0,2,0,305126,300484,21551,86405,2.783393234280633,0.22333279054199007
12449,0.4021190476190476,0,1,0,305127,300483,21551,86405,2.783383971247545,0.22333336779636484
12450,0.4021428571428571,0,9,0,305136,300474,21551,86405,2.7833006039497574,0.22333856322002488
12451,0.4021666666666666,0,2,0,305138,300472,21551,86405,2.783282077883582,0.22333971779144277
12452,0.4021666666666667,1,10,1,305148,300462,21552,86404,2.7831894475527066,0.22334348327327808
12453,0.4021666666666668,0,1,0,305149,300461,21552,86404,2.783180184519619,0.22334406058961137
12454,0.4021904761904761,0,1,0,305150,300460,21552,86404,2.7831709214865317,0.22334463790892925
12455,0.4022222222222222,1,2,1,305152,300458,21553,86403,2.7831523954203563,0.22334378497703308
12456,0.4022261904761905,0,1,0,305153,300457,21553,86403,2.783143132387269,0.2233443623016078
12457,0.40225,0,1,0,305154,300456,21553,86403,2.7831338693541814,0.2233449396291672
12458,0.4022857142857142,1,1,1,305155,300455,21554,86402,2.7831246063210937,0.2233435093587553
12459,0.4022857142857143,0,1,0,305156,300454,21554,86402,2.783115343288006,0.22334408668858696
12460,0.4023095238095239,0,1,0,305157,300453,21554,86402,2.783106080254919,0.22334466402140338
12461,0.4023333333333332,2,6,2,305163,300447,21556,86400,2.783050502056393,0.22334411278877697
12462,0.4023333333333333,1,29,1,305192,300418,21557,86399,2.7827818740968544,0.22335884927498015
12463,0.4023809523809523,0,3,0,305195,300415,21557,86399,2.782754084997592,0.22336058157150465
12464,0.4023809523809524,1,3,1,305198,300412,21558,86398,2.7827262958983288,0.22336030609343088
12465,0.4024126984126984,0,3,0,305201,300409,21558,86398,2.782698506799066,0.22336203843260333
12466,0.4024404761904762,0,1,0,305202,300408,21558,86398,2.782689243765979,0.2233626158849656
12467,0.402452380952381,0,2,0,305204,300406,21558,86398,2.7826707176998036,0.2233637707986474
12468,0.402468253968254,0,1,0,305205,300405,21558,86398,2.782661454666716,0.22336434825996695
12469,0.4024761904761905,2,1,2,305206,300404,21560,86396,2.7826521916336286,0.2233609100310238
12470,0.4024999999999999,1,10,1,305216,300394,21561,86395,2.782559561302753,0.2233646768651642
12471,0.4025,39,374,39,305590,300020,21600,86356,2.7790951869280076,0.2235024949789842
12472,0.4025000000000001,0,3,0,305593,300017,21600,86356,2.779067397828745,0.22350423036806402
12473,0.4025396825396825,0,1,0,305594,300016,21600,86356,2.7790581347956573,0.2235048088370793
12474,0.4025555555555556,0,1,0,305595,300015,21600,86356,2.77904887176257,0.22350538730908892
12475,0.4025833333333332,0,1,0,305596,300014,21600,86356,2.7790396087294824,0.22350596578409296
12476,0.4025833333333333,0,3,0,305599,300011,21600,86356,2.77901181963022,0.22350770122707167
12477,0.402595238095238,1,1,1,305600,300010,21601,86355,2.779002556597132,0.22350626997787065
12478,0.4025952380952381,0,4,0,305604,300006,21601,86355,2.778965504464782,0.2235085839409257
12479,0.4026190476190475,0,4,0,305608,300002,21601,86355,2.7789284523324316,0.22351089795189424
12480,0.4026190476190476,0,1,0,305609,300001,21601,86355,2.7789191892993443,0.22351147646212302
12481,0.4026428571428572,0,1,0,305610,300000,21601,86355,2.7789099262662567,0.2235120549753465
12482,0.4026666666666665,0,2,0,305612,299998,21601,86355,2.7788914002000813,0.2235132120107777
12483,0.4026666666666667,6,44,6,305656,299954,21607,86349,2.778483826744229,0.22352660994090132
12484,0.4026904761904762,0,1,0,305657,299953,21607,86349,2.7784745637111414,0.22352718857267112
12485,0.4026944444444444,0,1,0,305658,299952,21607,86349,2.778465300678054,0.2235277672074367
12486,0.4027142857142857,0,3,0,305661,299949,21607,86349,2.778437511578791,0.22352950312970815
12487,0.4027380952380952,1,4,1,305665,299945,21608,86348,2.7784004594464413,0.22352980768484026
12488,0.40275,0,1,0,305666,299944,21608,86348,2.7783911964133536,0.22353038633986724
12489,0.4027777777777778,0,1,0,305667,299943,21608,86348,2.778381933380266,0.22353096499789019
12490,0.4028333333333333,0,8,0,305675,299935,21608,86348,2.7783078291155654,0.22353559436993084
12491,0.4028333333333334,0,5,0,305680,299930,21608,86348,2.778261513950128,0.22353848782483082
12492,0.4028571428571428,1,7,1,305687,299923,21609,86347,2.778196672718515,0.2235405286457659
12493,0.4028787878787878,0,1,0,305688,299922,21609,86347,2.7781874096854273,0.2235411073630035
12494,0.4029166666666666,1,3,1,305691,299919,21610,86346,2.7781596205861647,0.22354083336569452
12495,0.4029166666666667,0,2,0,305693,299917,21610,86346,2.77814109451999,0.22354199081972645
12496,0.4029220779220779,0,1,0,305694,299916,21610,86346,2.778131831486902,0.22354256955123725
12497,0.4029285714285714,0,1,0,305695,299915,21610,86346,2.7781225684538144,0.22354314828574462
12498,0.4029444444444444,0,1,0,305696,299914,21610,86346,2.7781133054207268,0.2235437270232486
12499,0.4029761904761905,0,1,0,305697,299913,21610,86346,2.7781040423876395,0.2235443057637492
12500,0.4029999999999999,7,71,7,305768,299842,21617,86339,2.777446367038423,0.22357133054189615
12501,0.403,0,5,0,305773,299837,21617,86339,2.777400051872985,0.2235742252237322
12502,0.4030476190476191,0,1,0,305774,299836,21617,86339,2.777390788839898,0.2235748041690943
12503,0.4030555555555555,1,5,1,305779,299831,21618,86338,2.77734447367446,0.22357568836442077
12504,0.4030833333333333,1,0,1,305779,299831,21619,86337,2.77734447367446,0.2235736777775476
12505,0.4030952380952381,1,1,1,305780,299830,21620,86336,2.7773352106413722,0.22357224613249224
12506,0.4031666666666666,0,10,0,305790,299820,21620,86336,2.7772425803104968,0.22357803581972052
12507,0.4031666666666667,0,4,0,305794,299816,21620,86336,2.7772055281781465,0.22358035177857424
12508,0.4031904761904763,0,1,0,305795,299815,21620,86336,2.7771962651450592,0.22358093077578461
12509,0.4032142857142857,0,4,0,305799,299811,21620,86336,2.777159213012709,0.2235832467946145
12510,0.4032222222222222,0,1,0,305800,299810,21620,86336,2.7771499499796213,0.22358382580681918
12511,0.4032222222222223,0,1,0,305801,299809,21620,86336,2.7771406869465336,0.22358440482202283
12512,0.40325,0,1,0,305802,299808,21620,86336,2.7771314239134464,0.2235849838402254
12513,0.4032619047619047,0,1,0,305803,299807,21620,86336,2.7771221608803587,0.22358556286142697
12514,0.4033174603174602,0,2,0,305805,299805,21620,86336,2.7771036348141838,0.2235867209128272
12515,0.4033333333333332,50,423,50,306228,299382,21670,86286,2.773185371818148,0.22373129219950838
12516,0.4033333333333334,49,354,49,306582,299028,21719,86237,2.769906258105154,0.22383813738595512
12517,0.4033452380952381,0,3,0,306585,299025,21719,86237,2.7698784690058913,0.22383988039308314
12518,0.4033571428571428,0,1,0,306586,299024,21719,86237,2.7698692059728036,0.22384046140149147
12519,0.4033571428571429,0,1,0,306587,299023,21719,86237,2.7698599429397164,0.22384104241291594
12520,0.4033809523809523,1,4,1,306591,299019,21720,86236,2.769822890807366,0.22384135183190354
12521,0.4033809523809524,0,1,0,306592,299018,21720,86236,2.7698136277742784,0.22384193285468806
12522,0.4034166666666667,1,0,1,306592,299018,21721,86235,2.7698136277742784,0.22383991818363516
12523,0.4034285714285714,1,0,1,306592,299018,21722,86234,2.7698136277742784,0.2238379035021233
12524,0.4034444444444445,0,1,0,306593,299017,21722,86234,2.7698043647411907,0.22383848452048144
12525,0.4034523809523809,0,3,0,306596,299014,21722,86234,2.769776575641928,0.22384022759365396
12526,0.4034999999999999,0,2,0,306598,299012,21722,86234,2.7697580495757532,0.22384138965751754
12527,0.4035,5,19,5,306617,298993,21727,86229,2.7695820519470895,0.22384235583637488
12528,0.4035000000000001,0,1,0,306618,298992,21727,86229,2.769572788914002,0.2238429369115391
12529,0.4035238095238094,0,4,0,306622,298988,21727,86229,2.769535736781652,0.2238452612423647
12530,0.4035714285714285,0,2,0,306624,298986,21727,86229,2.7695172107154766,0.22384642342587904
12531,0.4035714285714286,0,2,0,306626,298984,21727,86229,2.7694986846493017,0.22384758562146137
12532,0.4035833333333333,0,1,0,306627,298983,21727,86229,2.769489421616214,0.22384816672377808
12533,0.4036666666666666,0,1,0,306628,298982,21727,86229,2.7694801585831264,0.22384874782911185
12534,0.4036666666666667,4,31,4,306659,298951,21731,86225,2.7691930045574122,0.22385870355370013
12535,0.4036746031746032,0,1,0,306660,298950,21731,86225,2.7691837415243246,0.22385928474070227
12536,0.4036904761904762,0,2,0,306662,298948,21731,86225,2.7691652154581496,0.22386044712375996
12537,0.4037142857142857,0,2,0,306664,298946,21731,86225,2.7691466893919747,0.223861609518889
12538,0.40375,0,12,0,306676,298934,21731,86225,2.769035532994924,0.22386858414317204
12539,0.4037619047619047,1,0,1,306676,298934,21732,86224,2.769035532994924,0.22386656904439217
12540,0.4037777777777778,0,1,0,306677,298933,21732,86224,2.769026269961836,0.22386715027897713
12541,0.4037857142857142,0,1,0,306678,298932,21732,86224,2.769017006928749,0.2238677315165803
12542,0.4038055555555555,0,1,0,306679,298931,21732,86224,2.7690077438956613,0.22386831275720165
12543,0.4038095238095238,2,9,2,306688,298922,21734,86222,2.768924376597873,0.2238695137403153
12544,0.4038333333333332,0,2,0,306690,298920,21734,86222,2.768905850531698,0.22387067627005106
12545,0.4038333333333333,0,13,0,306703,298907,21734,86222,2.76878543110156,0.2238782330076416
12546,0.4038333333333334,0,3,0,306706,298904,21734,86222,2.768757642002297,0.223879976942611
12547,0.4038571428571428,0,1,0,306707,298903,21734,86222,2.76874837896921,0.2238805582603051
12548,0.4038963585434173,0,3,0,306710,298900,21734,86222,2.768720589869947,0.22388230223150066
12549,0.4039166666666666,1,1,1,306711,298899,21735,86221,2.7687113268368595,0.22388086830078938
12550,0.4039166666666667,0,1,0,306712,298898,21735,86221,2.768702063803772,0.22388144962985468
12551,0.4039285714285714,0,3,0,306715,298895,21735,86221,2.768674274704509,0.22388319363516446
12552,0.4039404761904762,0,1,0,306716,298894,21735,86221,2.7686650116714215,0.22388377497630577
12553,0.4039444444444444,0,1,0,306717,298893,21735,86221,2.7686557486383343,0.22388435632046616
12554,0.4039523809523809,0,1,0,306718,298892,21735,86221,2.7686464856052466,0.2238849376676456
12555,0.403952380952381,0,2,0,306720,298890,21735,86221,2.7686279595390713,0.22388610037106185
12556,0.403968253968254,0,2,0,306722,298888,21735,86221,2.7686094334728963,0.2238872630865547
12557,0.4039999999999999,17,122,17,306844,298766,21752,86204,2.767479343436215,0.22392394212536043
12558,0.4040000000000001,2,8,2,306852,298758,21754,86202,2.7674052391715143,0.22392456359102245
12559,0.4040238095238095,0,2,0,306854,298756,21754,86202,2.7673867131053393,0.22392572696242188
12560,0.4040357142857143,0,2,0,306856,298754,21754,86202,2.767368187039164,0.22392689034590965
12561,0.404047619047619,0,11,0,306867,298743,21754,86202,2.767266293675201,0.2239332891711803
12562,0.4040476190476191,0,2,0,306869,298741,21754,86202,2.767247767609026,0.223934452633247
12563,0.4040833333333333,1,1,1,306870,298740,21755,86201,2.7672385045759382,0.22393301830670154
12564,0.4041031746031746,0,1,0,306871,298739,21755,86201,2.767229241542851,0.22393360004156493
12565,0.4041111111111111,0,1,0,306872,298738,21755,86201,2.7672199785097633,0.22393418177945076
12566,0.4041428571428572,0,2,0,306874,298736,21755,86201,2.767201452443588,0.22393534526429001
12567,0.4041666666666666,15,75,15,306949,298661,21770,86186,2.7665067249620217,0.2239487380699343
12568,0.4041666666666667,3,76,3,307025,298585,21773,86183,2.7658027344473672,0.22398692198935463
12569,0.4041904761904761,1,2,1,307027,298583,21774,86182,2.7657842083811923,0.22398606941899601
12570,0.4042142857142857,1,0,1,307027,298583,21775,86181,2.7657842083811923,0.22398405256209
12571,0.40425,0,3,0,307030,298580,21775,86181,2.7657564192819297,0.2239857989765075
12572,0.4042857142857142,0,1,0,307031,298579,21775,86181,2.765747156248842,0.22398638112069863
12573,0.4042857142857143,6,11,6,307042,298568,21781,86175,2.765645262884879,0.22398068320931114
12574,0.4043333333333332,0,1,0,307043,298567,21781,86175,2.7656359998517916,0.22398126536744103
12575,0.4043333333333333,1,10,1,307053,298557,21782,86174,2.7655433695209157,0.22398507008793156
12576,0.4043333333333334,8,26,8,307079,298531,21790,86166,2.7653025306606396,0.22398407058022288
12577,0.4043492063492063,0,2,0,307081,298529,21790,86166,2.765284004594464,0.22398523505634332
12578,0.4043809523809523,0,2,0,307083,298527,21790,86166,2.7652654785282893,0.22398639954457192
12579,0.4044444444444444,0,7,0,307090,298520,21790,86166,2.7652006372966764,0.223990475348726
12580,0.4044444444444445,0,2,0,307092,298518,21790,86166,2.7651821112305015,0.22399163989144336
12581,0.4044523809523809,0,1,0,307093,298517,21790,86166,2.765172848197414,0.223992222167343
12582,0.4044722222222222,0,2,0,307095,298515,21790,86166,2.7651543221312385,0.22399338672822416
12583,0.4044777167277167,0,2,0,307097,298513,21790,86166,2.7651357960650635,0.2239945513012148
12584,0.4044999999999999,1,4,1,307101,298509,21791,86165,2.7650987439327133,0.22399486318285095
12585,0.4045,5,28,5,307129,298481,21796,86160,2.7648393790062618,0.22400108152797024
12586,0.4045238095238095,1,10,1,307139,298471,21797,86159,2.7647467486753863,0.22400488781426306
12587,0.4045606060606061,0,1,0,307140,298470,21797,86159,2.7647374856422986,0.2240054702063547
12588,0.4045714285714286,0,2,0,307142,298468,21797,86159,2.7647189595761237,0.224006634999623
12589,0.4045833333333333,1,1,1,307143,298467,21798,86158,2.764709696543036,0.22400519987000325
12590,0.404595238095238,0,1,0,307144,298466,21798,86158,2.7647004335099483,0.22400578227047716
12591,0.4046428571428571,1,4,1,307148,298462,21799,86157,2.7646633813775985,0.22400609434271318
12592,0.4046666666666666,1,8,1,307156,298454,21800,86156,2.764589277112898,0.2240087361223057
12593,0.4046666666666667,1,34,1,307190,298420,21801,86155,2.764274333987921,0.2240265227848924
12594,0.4046904761904762,0,1,0,307191,298419,21801,86155,2.7642650709548335,0.22402710531653205
12595,0.4047142857142857,0,1,0,307192,298418,21801,86155,2.764255807921746,0.2240276878512012
12596,0.4047179487179487,1,0,1,307192,298418,21802,86154,2.764255807921746,0.22402567009558677
12597,0.4047222222222222,0,1,0,307193,298417,21802,86154,2.764246544888658,0.22402625262955345
12598,0.40475,0,4,0,307197,298413,21802,86154,2.7642094927563083,0.2240285827957157
12599,0.4047619047619047,0,2,0,307199,298411,21802,86154,2.764190966690133,0.2240297478969745
12600,0.4047619047619048,0,2,0,307201,298409,21802,86154,2.764172440623958,0.22403091301035202
12601,0.4048095238095237,0,2,0,307203,298407,21802,86154,2.7641539145577827,0.2240320781358484
12602,0.4048333333333332,0,2,0,307205,298405,21802,86154,2.764135388491608,0.22403324327346388
12603,0.4048333333333333,1,12,1,307217,298393,21803,86153,2.764024232094557,0.22403821649425557
12604,0.4048333333333334,0,1,0,307218,298392,21803,86153,2.7640149690614697,0.22403879910023533
12605,0.4048412698412698,0,1,0,307219,298391,21803,86153,2.764005706028382,0.22403938170924523
12606,0.4048809523809523,0,1,0,307220,298390,21803,86153,2.7639964429952943,0.22403996432128526
12607,0.4048841575091575,0,1,0,307221,298389,21803,86153,2.7639871799622067,0.22404054693635544
12608,0.4049166666666666,0,2,0,307223,298387,21803,86153,2.7639686538960317,0.2240417121755864
12609,0.4049404761904762,0,1,0,307224,298386,21803,86153,2.763959390862944,0.22404229479974724
12610,0.4049761904761905,0,2,0,307226,298384,21803,86153,2.763940864796769,0.22404346005715964
12611,0.4049999999999999,4,35,4,307261,298349,21807,86149,2.7636166586387048,0.22405578182461286
12612,0.405,147,1400,147,308661,296949,21954,86002,2.7506484123161288,0.22457703465978676
12613,0.4050000000000001,2,21,2,308682,296928,21956,86000,2.75045388862129,0.22458530063092802
12614,0.405047619047619,0,1,0,308683,296927,21956,86000,2.7504446255882025,0.22458588712731148
12615,0.4050833333333333,0,1,0,308684,296926,21956,86000,2.7504353625551152,0.22458647362675818
12616,0.405095238095238,2,0,2,308684,296926,21958,85998,2.7504353625551152,0.22458242366631498
12617,0.4051060606060606,0,1,0,308685,296925,21958,85998,2.7504260995220275,0.2245830101613118
12618,0.4051111111111111,1,0,1,308685,296925,21959,85997,2.7504260995220275,0.2245809851614689
12619,0.4051190476190476,0,3,0,308688,296922,21959,85997,2.750398310422765,0.22458274465356903
12620,0.4051309523809523,0,1,0,308689,296921,21959,85997,2.7503890473896773,0.22458333115706236
12621,0.4051507936507939,1,0,1,308689,296921,21960,85996,2.7503890473896773,0.22458130613161598
12622,0.4051511544011543,1,1,1,308690,296920,21961,85995,2.7503797843565896,0.22457986759463588
12623,0.4051666666666665,0,2,0,308692,296918,21961,85995,2.7503612582904147,0.2245810406019122
12624,0.4051666666666667,1,16,1,308708,296902,21962,85994,2.7502130497610136,0.22458839998328528
12625,0.405190476190476,0,5,0,308713,296897,21962,85994,2.750166734595576,0.2245913327813921
12626,0.4051904761904762,0,1,0,308714,296896,21962,85994,2.7501574715624884,0.22459191935020503
12627,0.4052142857142857,0,1,0,308715,296895,21962,85994,2.7501482085294007,0.22459250592208185
12628,0.4052380952380952,2,3,2,308718,296892,21964,85992,2.750120419430138,0.22459021531325415
12629,0.40525,0,2,0,308720,296890,21964,85992,2.750101893363963,0.2245913884695546
12630,0.4052857142857143,1,0,1,308720,296890,21965,85991,2.750101893363963,0.22458936327475115
12631,0.4053015873015873,0,2,0,308722,296888,21965,85991,2.750083367297788,0.22459053643579302
12632,0.4053333333333333,6,28,6,308750,296860,21971,85985,2.7498240023713363,0.2245948099100158
12633,0.4053333333333334,0,7,0,308757,296853,21971,85985,2.7497591611397234,0.22459891651298983
12634,0.4053571428571428,0,3,0,308760,296850,21971,85985,2.749731372040461,0.22460067653166507
12635,0.4054047619047618,0,1,0,308761,296849,21971,85985,2.7497221090073736,0.2246012632106866
12636,0.4054047619047619,0,3,0,308764,296846,21971,85985,2.7496943199081105,0.22460302326614093
12637,0.4054166666666666,0,1,0,308765,296845,21971,85985,2.7496850568750233,0.22460360995742235
12638,0.4054166666666667,0,8,0,308773,296837,21971,85985,2.7496109526103227,0.22460830359801684
12639,0.4054285714285714,0,1,0,308774,296836,21971,85985,2.749601689577235,0.22460889031688439
12640,0.4054285714285715,0,1,0,308775,296835,21971,85985,2.749592426544148,0.2246094770388172
12641,0.4054545454545454,0,1,0,308776,296834,21971,85985,2.74958316351106,0.2246100637638153
12642,0.4054761904761905,1,5,1,308781,296829,21972,85984,2.749536848345622,0.22461097193668972
12643,0.4054999999999999,4,18,4,308799,296811,21976,85980,2.749370113750046,0.22461343135026685
12644,0.4055,2,1,2,308800,296810,21978,85978,2.749360850716959,0.22460996687461468
12645,0.4055238095238095,0,1,0,308801,296809,21978,85978,2.7493515876838712,0.2246105536499411
12646,0.4055833333333333,0,1,0,308802,296808,21978,85978,2.7493423246507835,0.22461114042833333
12647,0.4056111111111111,0,1,0,308803,296807,21978,85978,2.7493330616176963,0.2246117272097914
12648,0.4056190476190475,0,3,0,308806,296804,21978,85978,2.7493052725184333,0.2246134875725609
12649,0.4056190476190476,0,1,0,308807,296803,21978,85978,2.749296009485346,0.22461407436628256
12650,0.4056428571428572,0,1,0,308808,296802,21978,85978,2.7492867464522583,0.22461466116307016
12651,0.4056666666666666,2,28,2,308836,296774,21980,85976,2.749027381525807,0.22462704114957543
12652,0.4056666666666667,1,11,1,308847,296763,21981,85975,2.7489254881618437,0.2246314711369135
12653,0.4056818181818181,0,1,0,308848,296762,21981,85975,2.748916225128756,0.22463205804508057
12654,0.4057063492063494,1,3,1,308851,296759,21982,85974,2.7488884360294934,0.22463179292091354
12655,0.4057142857142857,3,14,3,308865,296745,21985,85971,2.7487587535662676,0.22463393221082997
12656,0.4057380952380953,0,1,0,308866,296744,21985,85971,2.7487494905331804,0.22463451915916544
12657,0.4057619047619047,0,1,0,308867,296743,21985,85971,2.7487402275000927,0.2246351061105682
12658,0.4057698412698412,0,1,0,308868,296742,21985,85971,2.748730964467005,0.2246356930650383
12659,0.4058333333333332,6,59,6,308927,296683,21991,85965,2.7481844455148394,0.2246581714787481
12660,0.4058333333333334,8,65,8,308992,296618,21999,85957,2.747582348364148,0.22468012807946156
12661,0.4058571428571428,0,1,0,308993,296617,21999,85957,2.747573085331061,0.22468071536487058
12662,0.4058928571428571,0,1,0,308994,296616,21999,85957,2.7475638222979732,0.22468130265334982
12663,0.4059047619047619,0,2,0,308996,296614,21999,85957,2.7475452962317983,0.22468247723951895
12664,0.4059166666666667,1,2,1,308998,296612,22000,85956,2.747526770165623,0.22468162522741056
12665,0.4059523809523809,1,13,1,309011,296599,22001,85955,2.747406350735485,0.22468723369772634
12666,0.405952380952381,0,4,0,309015,296595,22001,85955,2.7473692986031346,0.22468958306103778
12667,0.4059999999999999,1,1,1,309016,296594,22002,85954,2.747360035570047,0.22468814371007037
12668,0.406,9,147,9,309163,296447,22011,85945,2.7459983697061765,0.22475627105169566
12669,0.4060000000000001,0,2,0,309165,296445,22011,85945,2.7459798436400016,0.2247574465859463
12670,0.406060606060606,0,1,0,309166,296444,22011,85945,2.745970580606914,0.22475803435768288
12671,0.4060714285714286,0,1,0,309167,296443,22011,85945,2.745961317573826,0.2247586221324937
12672,0.406095238095238,0,4,0,309171,296439,22011,85945,2.745924265441476,0.2247609732624796
12673,0.4061111111111111,0,1,0,309172,296438,22011,85945,2.7459150024083887,0.22476156105266187
12674,0.4061190476190476,0,1,0,309173,296437,22011,85945,2.745905739375301,0.22476214884591847
12675,0.4061309523809524,0,1,0,309174,296436,22011,85945,2.7458964763422133,0.2247627366422495
12676,0.4061388888888888,0,9,0,309183,296427,22011,85945,2.7458131090444255,0.22476802694757986
12677,0.4061428571428571,0,1,0,309184,296426,22011,85945,2.745803846011338,0.22476861477465604
12678,0.4061666666666666,0,5,0,309189,296421,22011,85945,2.7457575308459004,0.2247715539561572
12679,0.4061666666666667,0,11,0,309200,296410,22011,85945,2.745655637481937,0.22477802042604386
12680,0.4061904761904762,1,4,1,309204,296406,22012,85944,2.745618585349587,0.22477834444880346
12681,0.4062103174603174,0,3,0,309207,296403,22012,85944,2.7455907962503243,0.22478010812168003
12682,0.406218253968254,0,1,0,309208,296402,22012,85944,2.7455815332172366,0.22478069601878928
12683,0.4062380952380952,0,2,0,309210,296400,22012,85944,2.7455630071510617,0.2247818718222334
12684,0.40625,1,6,1,309216,296394,22013,85943,2.745507428952536,0.2247833717374986
12685,0.4062619047619047,0,6,0,309222,296388,22013,85943,2.745451850754011,0.2247868993097604
12686,0.4062698412698411,0,1,0,309223,296387,22013,85943,2.745442587720923,0.22478748724923495
12687,0.4062857142857143,0,1,0,309224,296386,22013,85943,2.745433324687836,0.2247880751917851
12688,0.4062867965367966,0,2,0,309226,296384,22013,85943,2.7454147986216606,0.22478925108611214
12689,0.4062976190476191,1,0,1,309226,296384,22014,85942,2.7454147986216606,0.22478722346897673
12690,0.4063095238095238,0,6,0,309232,296378,22014,85942,2.7453592204231354,0.2247907512031806
12691,0.4063333333333332,0,4,0,309236,296374,22014,85942,2.745322168290785,0.2247931030874983
12692,0.4063333333333333,4,15,4,309251,296359,22018,85938,2.7451832227944717,0.22479381214082245
12693,0.4063333333333334,0,3,0,309254,296356,22018,85938,2.745155433695209,0.22479557617958953
12694,0.4063636363636364,0,1,0,309255,296355,22018,85938,2.7451461706621214,0.22479616419866438
12695,0.4063809523809523,0,1,0,309256,296354,22018,85938,2.745136907629034,0.2247967522208155
12696,0.4063888888888888,0,1,0,309257,296353,22018,85938,2.7451276445959465,0.22479734024604295
12697,0.4064047619047619,0,1,0,309258,296352,22018,85938,2.745118381562859,0.2247979282743467
12698,0.4064285714285713,0,3,0,309261,296349,22018,85938,2.745090592463596,0.22479969237771621
12699,0.4064285714285715,0,2,0,309263,296347,22018,85938,2.7450720663974213,0.22480086846201133
12700,0.406439393939394,0,1,0,309264,296346,22018,85938,2.7450628033643336,0.2248014565087736
12701,0.4064880952380953,0,1,0,309265,296345,22018,85938,2.745053540331246,0.22480204455861233
12702,0.4064999999999999,1,2,1,309267,296343,22019,85937,2.745035014265071,0.22480119284294234
12703,0.4065,7,28,7,309295,296315,22026,85930,2.7447756493386195,0.22480346374707322
12704,0.4065000000000001,1,1,1,309296,296314,22027,85929,2.744766386305532,0.2248020238434713
12705,0.406547619047619,0,3,0,309299,296311,22027,85929,2.7447385972062692,0.22480378819589786
12706,0.4065714285714286,0,2,0,309301,296309,22027,85929,2.7447200711400943,0.22480496444623507
12707,0.406595238095238,1,0,1,309301,296309,22028,85928,2.7447200711400943,0.22480293639809856
12708,0.4066111111111111,1,2,1,309303,296307,22029,85927,2.744701545073919,0.22480208458692844
12709,0.4066190476190476,0,1,0,309304,296306,22029,85927,2.7446922820408313,0.22480267271533333
12710,0.4066547619047619,0,1,0,309305,296305,22029,85927,2.744683019007744,0.22480326084681554
12711,0.4066666666666665,0,1,0,309306,296304,22029,85927,2.7446737559746563,0.22480384898137515
12712,0.4066666666666666,38,411,38,309717,295893,22067,85889,2.7408666493756715,0.22496869941484932
12713,0.4066666666666667,40,360,40,310077,295533,22107,85849,2.737531957464152,0.2250997687358082
12714,0.4066904761904761,0,1,0,310078,295532,22107,85849,2.7375226944310644,0.22510035895862668
12715,0.4067142857142857,0,1,0,310079,295531,22107,85849,2.7375134313979768,0.22510094918454035
12716,0.4067499999999999,0,1,0,310080,295530,22107,85849,2.7375041683648895,0.22510153941354924
12717,0.40675,0,6,0,310086,295524,22107,85849,2.737448590166364,0.2251050808526036
12718,0.4067619047619048,0,2,0,310088,295522,22107,85849,2.737430064100189,0.22510626135705128
12719,0.4067857142857143,0,2,0,310090,295520,22107,85849,2.737411538034014,0.22510744187388068
12720,0.4068095238095238,0,1,0,310091,295519,22107,85849,2.7374022750009264,0.2251080321369386
12721,0.4068333333333333,1,6,1,310097,295513,22108,85848,2.737346696802401,0.22510954187764348
12722,0.4068333333333334,1,16,1,310113,295497,22109,85847,2.737198488273,0.22511695477049593
12723,0.4068809523809524,0,1,0,310114,295496,22109,85847,2.7371892252399124,0.22511754509719598
12724,0.4069047619047618,0,1,0,310115,295495,22109,85847,2.737179962206825,0.22511813542699205
12725,0.4069047619047619,0,2,0,310117,295493,22109,85847,2.7371614361406498,0.22511931609587246
12726,0.4069444444444444,1,1,1,310118,295492,22110,85846,2.7371521731075625,0.2251178744316066
12727,0.4069444444444445,1,0,1,310118,295492,22111,85845,2.7371521731075625,0.22511584241759913
12728,0.4069469696969696,0,1,0,310119,295491,22111,85845,2.737142910074475,0.22511643275221851
12729,0.4069523809523809,1,1,1,310120,295490,22112,85844,2.737133647041387,0.22511499105770794
12730,0.407,12,40,12,310160,295450,22124,85832,2.7367631257178853,0.22511421992121317
12731,0.407047619047619,0,1,0,310161,295449,22124,85832,2.7367538626847976,0.22511481033673328
12732,0.4070476190476191,0,1,0,310162,295448,22124,85832,2.73674459965171,0.2251154007553504
12733,0.4070595238095238,0,2,0,310164,295446,22124,85832,2.736726073585535,0.2251165816018758
12734,0.4070833333333333,0,3,0,310167,295443,22124,85832,2.7366982844862724,0.22511835289489213
12735,0.4071190476190476,0,1,0,310168,295442,22124,85832,2.7366890214531847,0.22511894333209187
12736,0.4071190476190477,0,1,0,310169,295441,22124,85832,2.736679758420097,0.2251195337723888
12737,0.4071428571428571,1,14,1,310183,295427,22125,85831,2.7365500759568713,0.22512576785274013
12738,0.4071507936507936,0,1,0,310184,295426,22125,85831,2.7365408129237836,0.22512635833571581
12739,0.4071666666666666,0,4,0,310188,295422,22125,85831,2.7365037607914338,0.22512872029859438
12740,0.4071666666666667,3,8,3,310196,295414,22128,85828,2.736429656526733,0.22512734693449304
12741,0.4071904761904761,0,1,0,310197,295413,22128,85828,2.7364203934936455,0.22512793744639217
12742,0.4072063492063492,0,1,0,310198,295412,22128,85828,2.736411130460558,0.22512852796138916
12743,0.4072142857142857,0,1,0,310199,295411,22128,85828,2.7364018674274706,0.225129118479484
12744,0.4072222222222222,0,2,0,310201,295409,22128,85828,2.7363833413612952,0.2251302995249674
12745,0.4072619047619047,0,1,0,310202,295408,22128,85828,2.736374078328208,0.225130890052356
12746,0.4072619047619048,1,1,1,310203,295407,22129,85827,2.7363648152951203,0.22512944805552496
12747,0.4072857142857142,0,1,0,310204,295406,22129,85827,2.7363555522620326,0.2251300385853271
12748,0.4073333333333332,1,13,1,310217,295393,22130,85826,2.7362351328318946,0.22513568316374577
12749,0.4073333333333333,5,39,5,310256,295354,22135,85821,2.73587387454148,0.22514855381386503
12750,0.4073333333333334,0,1,0,310257,295353,22135,85821,2.735864611508392,0.22514914448519574
12751,0.4073492063492063,0,1,0,310258,295352,22135,85821,2.7358553484753045,0.2251497351596257
12752,0.4073809523809523,0,1,0,310259,295351,22135,85821,2.7358460854422173,0.22515032583715489
12753,0.4073809523809524,1,3,1,310262,295348,22136,85820,2.7358182963429547,0.22515006506317425
12754,0.4074166666666666,0,1,0,310263,295347,22136,85820,2.735809033309867,0.22515065574931722
12755,0.4074404761904762,0,1,0,310264,295346,22136,85820,2.7357997702767793,0.22515124643855958
12756,0.4074523809523808,0,2,0,310266,295344,22136,85820,2.7357812442106044,0.22515242782634245
12757,0.4074761904761905,0,2,0,310268,295342,22136,85820,2.735762718144429,0.2251536092265231
12758,0.4074999999999999,1,11,1,310279,295331,22137,85819,2.735660824780466,0.22515807424898335
12759,0.4075,32,388,32,310667,294943,22169,85787,2.732066767942495,0.22532240695506
12760,0.4075000000000001,0,10,0,310677,294933,22169,85787,2.7319741376116196,0.22532832527841984
12761,0.4075039682539683,0,1,0,310678,294932,22169,85787,2.731964874578532,0.22532891712785547
12762,0.4075238095238095,2,8,2,310686,294924,22171,85785,2.7318907703138318,0.22532958243697943
12763,0.4075396825396825,0,1,0,310687,294923,22171,85785,2.731881507280744,0.22533017430681782
12764,0.4075595238095238,0,1,0,310688,294922,22171,85785,2.7318722442476564,0.22533076617976555
12765,0.4075757575757576,0,2,0,310690,294920,22171,85785,2.7318537181814815,0.22533194993498903
12766,0.4075833333333333,1,4,1,310694,294916,22172,85784,2.731816666049131,0.22533228263724717
12767,0.4076190476190476,1,9,1,310703,294907,22173,85783,2.731733298751343,0.22533557487719666
12768,0.4076428571428572,0,1,0,310704,294906,22173,85783,2.7317240357182557,0.22533616679231605
12769,0.4076666666666667,3,38,3,310742,294868,22176,85780,2.7313720404609287,0.22535255669279755
12770,0.4077142857142857,1,4,1,310746,294864,22177,85779,2.7313349883285785,0.22535288971556025
12771,0.4077272727272727,0,1,0,310747,294863,22177,85779,2.731325725295491,0.2253534817492552
12772,0.4077380952380952,0,1,0,310748,294862,22177,85779,2.731316462262403,0.22535407378606087
12773,0.4077738095238095,0,1,0,310749,294861,22177,85779,2.731307199229316,0.2253546658259773
12774,0.4077777777777778,1,2,1,310751,294859,22178,85778,2.7312886731631405,0.2253538147894188
12775,0.407801948051948,0,1,0,310752,294858,22178,85778,2.731279410130053,0.22535440683487637
12776,0.4078214285714285,0,3,0,310755,294855,22178,85778,2.73125162103079,0.22535618298991417
12777,0.4078333333333332,0,1,0,310756,294854,22178,85778,2.731242357997703,0.2253567750478152
12778,0.4078333333333333,1,8,1,310764,294846,22179,85777,2.7311682537330024,0.2253594764373146
12779,0.4078333333333334,0,1,0,310765,294845,22179,85777,2.7311589906999147,0.22536006851942347
12780,0.4078455988455989,0,4,0,310769,294841,22179,85777,2.7311219385675645,0.2253624368789705
12781,0.4078571428571427,0,1,0,310770,294840,22179,85777,2.7311126755344772,0.2253630289766353
12782,0.4078571428571428,0,4,0,310774,294836,22179,85777,2.731075623402127,0.2253653973984073
12783,0.4078888888888889,0,1,0,310775,294835,22179,85777,2.7310663603690393,0.22536598951162864
12784,0.4079166666666666,0,3,0,310778,294832,22179,85777,2.7310385712697767,0.22536776586996105
12785,0.4079350649350649,1,0,1,310778,294832,22180,85776,2.7310385712697767,0.2253657306204809
12786,0.4079523809523809,0,2,0,310780,294830,22180,85776,2.7310200452036013,0.22536691486734314
12787,0.4079999999999999,0,1,0,310781,294829,22180,85776,2.731010782170514,0.22536750699544147
12788,0.408,16,93,16,310874,294736,22196,85760,2.7301493200933713,0.2253900172406543
12789,0.408047619047619,0,1,0,310875,294735,22196,85760,2.7301400570602836,0.22539060960065177
12790,0.4080595238095237,0,2,0,310877,294733,22196,85760,2.7301215309941087,0.22539179432998768
12791,0.4080757575757577,0,1,0,310878,294732,22196,85760,2.730112267961021,0.22539238669932612
12792,0.4080833333333333,0,1,0,310879,294731,22196,85760,2.730103004927934,0.2253929790717783
12793,0.408095238095238,0,2,0,310881,294729,22196,85760,2.7300844788617584,0.22539416382602387
12794,0.4080952380952381,0,2,0,310883,294727,22196,85760,2.7300659527955835,0.2253953485927246
12795,0.4080952380952382,0,1,0,310884,294726,22196,85760,2.730056689762496,0.22539594098074567
12796,0.4081428571428571,0,1,0,310885,294725,22196,85760,2.730047426729408,0.22539653337188062
12797,0.4081666666666665,0,1,0,310886,294724,22196,85760,2.730038163696321,0.22539712576612947
12798,0.4081666666666666,3,13,3,310899,294711,22199,85757,2.7299177442661824,0.2253987194718084
12799,0.4081666666666667,2,9,2,310908,294702,22201,85755,2.7298343769683946,0.22539997949834015
12800,0.4082063492063492,0,2,0,310910,294700,22201,85755,2.7298158509022192,0.22540116439526356
12801,0.4082142857142857,2,5,2,310915,294695,22203,85753,2.7297695357367817,0.22540005467238625
12802,0.4082222222222222,0,1,0,310916,294694,22203,85753,2.729760272703694,0.2254006471335035
12803,0.40825,0,1,0,310917,294693,22203,85753,2.7297510096706064,0.22540123959773528
12804,0.4082601010101011,0,1,0,310918,294692,22203,85753,2.729741746637519,0.2254018320650817
12805,0.4082857142857142,0,1,0,310919,294691,22203,85753,2.7297324836044314,0.22540242453554268
12806,0.4082857142857143,0,1,0,310920,294690,22203,85753,2.7297232205713438,0.22540301700911833
12807,0.4083055555555555,0,2,0,310922,294688,22203,85753,2.729704694505169,0.2254042019656136
12808,0.4083095238095238,0,2,0,310924,294686,22203,85753,2.7296861684389935,0.2254053869345677
12809,0.4083214285714286,0,1,0,310925,294685,22203,85753,2.7296769054059062,0.22540597942371687
12810,0.4083333333333332,31,220,31,311145,294465,22234,85722,2.727639038126644,0.225473253951345
12811,0.4083333333333334,35,205,35,311350,294260,22269,85687,2.7257401163436956,0.22552355986492853
12812,0.4083571428571428,0,1,0,311351,294259,22269,85687,2.725730853310608,0.22552415343232984
12813,0.4083809523809523,0,1,0,311352,294258,22269,85687,2.7257215902775203,0.22552474700285569
12814,0.4083888888888889,1,0,1,311352,294258,22270,85686,2.7257215902775203,0.22552270860968984
12815,0.4083939393939394,0,1,0,311353,294257,22270,85686,2.725712327244433,0.22552330217953745
12816,0.4084999999999998,0,2,0,311355,294255,22270,85686,2.7256938011782577,0.22552448932860628
12817,0.4084999999999999,0,3,0,311358,294252,22270,85686,2.725666012078995,0.2255262700756439
12818,0.4085,3,33,3,311391,294219,22273,85683,2.725360331987106,0.22553974446041347
12819,0.4085119047619047,0,1,0,311392,294218,22273,85683,2.7253510689540184,0.22554033814072613
12820,0.4085238095238095,0,1,0,311393,294217,22273,85683,2.7253418059209307,0.22554093182416426
12821,0.4085714285714285,0,2,0,311395,294215,22273,85683,2.7253232798547558,0.22554211920041695
12822,0.4085714285714286,0,7,0,311402,294208,22273,85683,2.725258438623143,0.2255462751157569
12823,0.4085833333333333,0,3,0,311405,294205,22273,85683,2.7252306495238803,0.2255480562692162
12824,0.408595238095238,0,2,0,311407,294203,22273,85683,2.725212123457705,0.22554924372048457
12825,0.4086060606060606,0,1,0,311408,294202,22273,85683,2.7252028604246172,0.22554983745080748
12826,0.4086190476190476,0,2,0,311410,294200,22273,85683,2.7251843343584423,0.2255510249208309
12827,0.4086428571428571,1,0,1,311410,294200,22274,85682,2.7251843343584423,0.2255489862641557
12828,0.4086547619047618,0,1,0,311411,294199,22274,85682,2.7251750713253546,0.22554958000005265
12829,0.4086666666666666,2,5,2,311416,294194,22276,85680,2.725128756159917,0.2255484713352322
12830,0.4086666666666667,2,40,2,311456,294154,22278,85678,2.7247582348364148,0.2255681459171423
12831,0.40875,0,8,0,311464,294146,22278,85678,2.724684130571714,0.22557289692067906
12832,0.4087619047619047,1,2,1,311466,294144,22279,85677,2.7246656045055393,0.22557204577945927
12833,0.4087857142857142,0,1,0,311467,294143,22279,85677,2.7246563414724516,0.2255726396714233
12834,0.4087976190476191,1,1,1,311468,294142,22280,85676,2.7246470784393644,0.22557119462479397
12835,0.4088095238095238,1,4,1,311472,294138,22281,85675,2.724610026307014,0.22557153125353793
12836,0.4088333333333332,0,1,0,311473,294137,22281,85675,2.7246007632739264,0.22557212515665645
12837,0.4088333333333333,0,11,0,311484,294126,22281,85675,2.7244988699099633,0.22557865829737153
12838,0.4088333333333334,0,2,0,311486,294124,22281,85675,2.7244803438437883,0.22557984618179616
12839,0.4088809523809524,0,2,0,311488,294122,22281,85675,2.724461817777613,0.22558103407873153
12840,0.4088809523809525,1,0,1,311488,294122,22282,85674,2.724461817777613,0.22557899503944223
12841,0.4088888888888888,0,4,0,311492,294118,22282,85674,2.7244247656452627,0.22558137085562624
12842,0.4089166666666666,0,1,0,311493,294117,22282,85674,2.7244155026121755,0.22558196481749174
12843,0.4089285714285713,0,1,0,311494,294116,22282,85674,2.724406239579088,0.22558255878248507
12844,0.408952380952381,0,1,0,311495,294115,22282,85674,2.724396976546,0.22558315275060625
12845,0.4089761904761904,0,1,0,311496,294114,22282,85674,2.724387713512913,0.22558374672185535
12846,0.4089880952380952,1,1,1,311497,294113,22283,85673,2.724378450479825,0.2255823016119604
12847,0.4089926739926739,0,1,0,311498,294112,22283,85673,2.7243691874467375,0.2255828955856603
12848,0.409,9,76,9,311574,294036,22292,85664,2.7236651969320835,0.2256096918619963
12849,0.4090238095238095,0,2,0,311576,294034,22292,85664,2.723646670865908,0.2256108802258637
12850,0.409047619047619,0,3,0,311579,294031,22292,85664,2.7236188817666456,0.2256126627951382
12851,0.4090476190476191,0,2,0,311581,294029,22292,85664,2.7236003557004707,0.22561385119030375
12852,0.4090714285714286,0,1,0,311582,294028,22292,85664,2.723591092667383,0.22561444539258135
12853,0.4090833333333333,0,1,0,311583,294027,22292,85664,2.7235818296342953,0.2256150395979889
12854,0.4090952380952381,0,1,0,311584,294026,22292,85664,2.723572566601208,0.22561563380652638
12855,0.4091071428571428,1,0,1,311584,294026,22293,85663,2.723572566601208,0.22561359428374275
12856,0.4091111111111111,0,1,0,311585,294025,22293,85663,2.7235633035681204,0.22561418849160364
12857,0.4091190476190476,0,2,0,311587,294023,22293,85663,2.7235447775019455,0.2256153769167154
12858,0.4091666666666665,0,1,0,311588,294022,22293,85663,2.7235355144688578,0.2256159711339663
12859,0.4091666666666666,5,77,5,311665,293945,22298,85658,2.722822260921116,0.22565153594676543
12860,0.4091666666666667,8,80,8,311745,293865,22306,85650,2.722081218274112,0.2256827793367851
12861,0.4091825396825396,1,0,1,311745,293865,22307,85649,2.722081218274112,0.22568073905046981
12862,0.4092857142857143,0,4,0,311749,293861,22307,85649,2.7220441661417616,0.22568311770440833
12863,0.4093095238095238,1,2,1,311751,293859,22308,85648,2.7220256400755862,0.22568226673025793
12864,0.4093315295815295,0,1,0,311752,293858,22308,85648,2.722016377042499,0.22568286140403576
12865,0.4093333333333333,4,13,4,311765,293845,22312,85644,2.7218959576123605,0.22568243084779796
12866,0.4093333333333334,5,31,5,311796,293814,22317,85639,2.7216088035866464,0.22569066524707934
12867,0.409376984126984,0,2,0,311798,293812,22317,85639,2.7215902775204714,0.22569185481129317
12868,0.4094047619047618,0,1,0,311799,293811,22317,85639,2.7215810144873838,0.22569244959810253
12869,0.409404761904762,0,1,0,311800,293810,22317,85639,2.721571751454296,0.22569304438804688
12870,0.4094166666666666,1,1,1,311801,293809,22318,85638,2.721562488421209,0.2256915985631722
12871,0.4094444444444444,0,5,0,311806,293804,22318,85638,2.721516173255771,0.22569457255654354
12872,0.4095,3,13,3,311819,293791,22321,85635,2.721395753825633,0.22569618318196433
12873,0.4095000000000001,1,0,1,311819,293791,22322,85634,2.721395753825633,0.22569414245239508
12874,0.4095238095238095,0,2,0,311821,293789,22322,85634,2.7213772277594575,0.2256953321227232
12875,0.409547619047619,0,1,0,311822,293788,22322,85634,2.72136796472637,0.22569592696259047
12876,0.4095739538239538,0,1,0,311823,293787,22322,85634,2.7213587016932825,0.22569652180559327
12877,0.4095833333333333,0,6,0,311829,293781,22322,85634,2.7213031234947573,0.2257000909294572
12878,0.4096111111111111,0,1,0,311830,293780,22322,85634,2.7212938604616697,0.22570068579440927
12879,0.4096153846153846,1,0,1,311830,293780,22323,85633,2.7212938604616697,0.22569864501216352
12880,0.4096190476190476,0,1,0,311831,293779,22323,85633,2.721284597428582,0.2256992398764404
12881,0.4096309523809525,0,1,0,311832,293778,22323,85633,2.7212753343954943,0.22569983474385297
12882,0.4096428571428571,1,1,1,311833,293777,22324,85632,2.721266071362407,0.22569838880996498
12883,0.4096666666666666,0,7,0,311840,293770,22324,85632,2.721201230130794,0.22570255296492903
12884,0.4096666666666667,2,24,2,311864,293746,22326,85630,2.720978917336693,0.2257127493568386
12885,0.4096984126984127,0,1,0,311865,293745,22326,85630,2.7209696543036053,0.2257133443163097
12886,0.4097142857142857,1,2,1,311867,293743,22327,85629,2.72095112823743,0.2257124932783653
12887,0.4097619047619047,0,2,0,311869,293741,22327,85629,2.720932602171255,0.22571368321164034
12888,0.4097619047619048,1,0,1,311869,293741,22328,85628,2.720932602171255,0.22571164222696108
12889,0.4097738095238095,0,1,0,311870,293740,22328,85628,2.7209233391381673,0.2257122371944919
12890,0.4098095238095238,1,0,1,311870,293740,22329,85627,2.7209233391381673,0.22571019619524102
12891,0.4098214285714286,0,1,0,311871,293739,22329,85627,2.7209140761050796,0.22571079116209677
12892,0.4098333333333332,0,3,0,311874,293736,22329,85627,2.720886287005817,0.22571257608148396
12893,0.4098333333333333,1,5,1,311879,293731,22330,85626,2.7208399718403795,0.22571350996554695
12894,0.4098571428571428,0,4,0,311883,293727,22330,85626,2.7208029197080292,0.2257158899494666
12895,0.4099285714285714,1,0,1,311883,293727,22331,85625,2.7208029197080292,0.22571384887914128
12896,0.4099523809523808,0,1,0,311884,293726,22331,85625,2.7207936566749416,0.2257144438791515
12897,0.4099523809523809,0,1,0,311885,293725,22331,85625,2.720784393641854,0.22571503888229866
12898,0.4099761904761905,0,1,0,311886,293724,22331,85625,2.7207751306087666,0.22571563388858282
12899,0.4099999999999999,4,20,4,311906,293704,22335,85621,2.7205898699470152,0.2257193699334344
12900,0.41,416,3447,416,315353,290257,22751,85205,2.6886601948942164,0.22693375095216028
12901,0.4100000000000001,0,27,0,315380,290230,22751,85205,2.688410093000852,0.22695007125068253
12902,0.4100238095238095,0,1,0,315381,290229,22751,85205,2.688400829967765,0.22695067575126388
12903,0.410047619047619,0,3,0,315384,290226,22751,85205,2.688373040868502,0.22695248927232967
12904,0.4100714285714285,0,1,0,315385,290225,22751,85205,2.6883637778354146,0.2269530937857923
12905,0.4100952380952381,0,2,0,315387,290223,22751,85205,2.688345251769239,0.22695430282237872
12906,0.4101190476190476,1,2,1,315389,290221,22752,85204,2.6883267257030643,0.22695345275354598
12907,0.4101666666666667,3,24,3,315413,290197,22755,85201,2.688104412908963,0.22696178455932103
12908,0.4101818181818181,1,0,1,315413,290197,22756,85200,2.688104412908963,0.22695972530414468
12909,0.4101904761904761,1,0,1,315413,290197,22757,85199,2.688104412908963,0.22695766603799722
12910,0.410202380952381,0,1,0,315414,290196,22757,85199,2.6880951498758754,0.2269582706216119
12911,0.4102142857142857,1,0,1,315414,290196,22758,85198,2.6880951498758754,0.22695621134061814
12912,0.4102380952380952,1,1,1,315415,290195,22759,85197,2.6880858868427877,0.22695475662773848
12913,0.41025,0,3,0,315418,290192,22759,85197,2.688058097743525,0.22695657038432132
12914,0.4102619047619047,0,2,0,315420,290190,22759,85197,2.68803957167735,0.22695777957148222
12915,0.4102777777777778,0,1,0,315421,290189,22759,85197,2.6880303086442625,0.22695838416989444
12916,0.4102857142857142,0,2,0,315423,290187,22759,85197,2.688011782578087,0.22695959337638258
12917,0.4103030303030304,1,0,1,315423,290187,22760,85196,2.688011782578087,0.2269575340385686
12918,0.4103095238095238,0,1,0,315424,290186,22760,85196,2.688002519545,0.22695813864276923
12919,0.4103174603174603,0,1,0,315425,290185,22760,85196,2.6879932565119122,0.22695874325019114
12920,0.4103205128205128,1,0,1,315425,290185,22761,85195,2.6879932565119122,0.22695668389365442
12921,0.4103333333333333,4,10,4,315435,290175,22765,85191,2.6879006261810368,0.22695449241540255
12922,0.4103333333333334,3,13,3,315448,290162,22768,85188,2.6877802067508987,0.22695617423737843
12923,0.4103571428571428,0,3,0,315451,290159,22768,85188,2.6877524176516356,0.22695798820824464
12924,0.4104166666666666,0,3,0,315454,290156,22768,85188,2.687724628552373,0.22695980220810777
12925,0.4104166666666667,1,3,1,315457,290153,22769,85187,2.6876968394531104,0.22695955666862044
12926,0.4104523809523809,0,1,0,315458,290152,22769,85187,2.6876875764200228,0.2269601613474752
12927,0.4104761904761904,0,1,0,315459,290151,22769,85187,2.6876783133869355,0.22696076602955204
12928,0.4104761904761905,0,4,0,315463,290147,22769,85187,2.6876412612545852,0.2269631847900803
12929,0.4104880952380951,0,2,0,315465,290145,22769,85187,2.68762273518841,0.2269643941896774
12930,0.4105,1,15,1,315480,290130,22770,85186,2.687483789692097,0.22697140542902514
12931,0.4105476190476191,0,2,0,315482,290128,22770,85186,2.6874652636259215,0.22697261493043158
12932,0.4105555555555555,1,3,1,315485,290125,22771,85185,2.687437474526659,0.2269723695078735
12933,0.4105833333333333,1,0,1,315485,290125,22772,85184,2.687437474526659,0.22697030979805974
12934,0.4106190476190476,0,1,0,315486,290124,22772,85184,2.6874282114935713,0.22697091455551174
12935,0.4106428571428571,0,1,0,315487,290123,22772,85184,2.687418948460484,0.22697151931618648
12936,0.4106666666666666,5,43,5,315530,290080,22777,85179,2.687020638037719,0.22698722748821482
12937,0.4106666666666667,1,22,1,315552,290058,22778,85178,2.6868168513097928,0.22699847562600603
12938,0.4106785714285713,0,1,0,315553,290057,22778,85178,2.6868075882767055,0.22699908057617227
12939,0.4107142857142856,0,1,0,315554,290056,22778,85178,2.686798325243618,0.22699968552956287
12940,0.4107142857142857,0,12,0,315566,290044,22778,85178,2.686687168846567,0.22700694522176204
12941,0.4107222222222222,0,1,0,315567,290043,22778,85178,2.6866779058134798,0.22700755021707208
12942,0.4107777777777777,0,1,0,315568,290042,22778,85178,2.686668642780392,0.22700815521560685
12943,0.4107857142857142,0,1,0,315569,290041,22778,85178,2.6866593797473044,0.22700876021736638
12944,0.4107857142857143,1,0,1,315569,290041,22779,85177,2.6866593797473044,0.22700670010500562
12945,0.4108333333333333,11,77,11,315646,289964,22790,85166,2.6859461261995627,0.22703062938181431
12946,0.4108333333333334,8,77,8,315723,289887,22798,85158,2.685232872651821,0.22706075270967485
12947,0.4108690476190476,0,2,0,315725,289885,22798,85158,2.685214346585646,0.22706196356151162
12948,0.4109285714285714,0,1,0,315726,289884,22798,85158,2.6852050835525585,0.22706256899227287
12949,0.4109523809523809,0,5,0,315731,289879,22798,85158,2.6851587683871205,0.2270655961945088
12950,0.410952380952381,3,1,3,315732,289878,22801,85155,2.6851495053540333,0.2270600187183528
12951,0.4109761904761905,0,1,0,315733,289877,22801,85155,2.6851402423209456,0.22706062416007167
12952,0.4109999999999999,0,7,0,315740,289870,22801,85155,2.6850754010893327,0.2270648623425105
12953,0.411,7,65,7,315805,289805,22808,85148,2.6844733039386415,0.22708979525433853
12954,0.4110000000000001,0,1,0,315806,289804,22808,85148,2.6844640409055542,0.22709040090464913
12955,0.4110238095238095,0,1,0,315807,289803,22808,85148,2.6844547778724666,0.22709100655819028
12956,0.4110714285714285,0,2,0,315809,289801,22808,85148,2.6844362518062916,0.22709221787496434
12957,0.4110714285714286,0,2,0,315811,289799,22808,85148,2.6844177257401163,0.2270934292046609
12958,0.4111428571428571,0,2,0,315813,289797,22808,85148,2.6843991996739414,0.22709464054728026
12959,0.4111645021645021,0,1,0,315814,289796,22808,85148,2.6843899366408537,0.22709524622343602
12960,0.4111666666666667,3,9,3,315823,289787,22811,85145,2.684306569343066,0.22709451313838241
12961,0.4111904761904762,1,5,1,315828,289782,22812,85144,2.684260254177628,0.22709548017475448
12962,0.4112142857142856,0,2,0,315830,289780,22812,85144,2.684241728111453,0.2270966915961635
12963,0.41125,1,3,1,315833,289777,22813,85143,2.68421393901219,0.2270964472420783
12964,0.4112619047619048,1,2,1,315835,289775,22814,85142,2.684195412946015,0.22709559715883781
12965,0.4112727272727273,1,0,1,315835,289775,22815,85141,2.684195412946015,0.22709353561864523
12966,0.4112857142857142,0,1,0,315836,289774,22815,85141,2.6841861499129274,0.22709414133870343
12967,0.4113095238095238,0,1,0,315837,289773,22815,85141,2.68417688687984,0.2270947470619929
12968,0.4113333333333333,3,26,3,315863,289747,22818,85138,2.6839360480195635,0.22710431198900996
12969,0.4113333333333334,0,5,0,315868,289742,22818,85138,2.6838897328541256,0.22710734101579172
12970,0.4113571428571428,0,3,0,315871,289739,22818,85138,2.683861943754863,0.22710915847064503
12971,0.4113809523809523,0,1,0,315872,289738,22818,85138,2.6838526807217757,0.22710976429539367
12972,0.4113888888888888,0,1,0,315873,289737,22818,85138,2.683843417688688,0.22711037012337446
12973,0.4114166666666666,0,2,0,315875,289735,22818,85138,2.6838248916225127,0.22711158178903254
12974,0.4114206349206351,0,4,0,315879,289731,22818,85138,2.683787839490163,0.2271140051591356
12975,0.4114285714285713,1,6,1,315885,289725,22819,85137,2.6837322612916372,0.2271155785329001
12976,0.4114285714285715,0,2,0,315887,289723,22819,85137,2.6837137352254623,0.22711679026836687
12977,0.4114444444444444,0,1,0,315888,289722,22819,85137,2.6837044721923746,0.227117396140949
12978,0.4114880952380952,0,1,0,315889,289721,22819,85137,2.683695209159287,0.2271180020167637
12979,0.4114999999999999,0,1,0,315890,289720,22819,85137,2.6836859461261997,0.22711860789581093
12980,0.4115,4,25,4,315915,289695,22823,85133,2.683454370299011,0.2271255082331096
12981,0.411547619047619,0,1,0,315916,289694,22823,85133,2.683445107265923,0.22712611418067535
12982,0.4115555555555555,0,2,0,315918,289692,22823,85133,2.683426581199748,0.22712732608550656
12983,0.4115714285714286,0,2,0,315920,289690,22823,85133,2.683408055133573,0.22712853800327087
12984,0.4115833333333333,0,1,0,315921,289689,22823,85133,2.6833987921004856,0.227129143967003
12985,0.4115952380952382,0,2,0,315923,289687,22823,85133,2.6833802660343102,0.22713035590416733
12986,0.4116190476190475,0,2,0,315925,289685,22823,85133,2.6833617399681353,0.22713156785426528
12987,0.4116190476190476,0,1,0,315926,289684,22823,85133,2.6833524769350476,0.2271321738341644
12988,0.4116428571428571,0,1,0,315927,289683,22823,85133,2.68334321390196,0.22713277981729701
12989,0.4116666666666665,0,2,0,315929,289681,22823,85133,2.683324687835785,0.2271339917932628
12990,0.4116666666666666,20,257,20,316186,289424,22843,85113,2.6809440883322835,0.22724857624213363
12991,0.4116666666666667,32,191,32,316377,289233,22875,85081,2.679174849012561,0.22729847133689896
12992,0.4116684981684981,0,1,0,316378,289232,22875,85081,2.679165585979473,0.2272990785786227
12993,0.4117142857142857,1,3,1,316381,289229,22876,85080,2.6791377968802106,0.22729883598844805
12994,0.4117222222222222,0,2,0,316383,289227,22876,85080,2.6791192708140352,0.22730005049331165
12995,0.4117380952380952,0,1,0,316384,289226,22876,85080,2.679110007780948,0.22730065775061045
12996,0.4117499999999999,0,1,0,316385,289225,22876,85080,2.6791007447478603,0.227301265011154
12997,0.4117857142857142,0,1,0,316386,289224,22876,85080,2.6790914817147726,0.22730187227494228
12998,0.4117857142857143,1,3,1,316389,289221,22877,85079,2.67906369261551,0.22730162970878975
12999,0.4118055555555556,0,1,0,316390,289220,22877,85079,2.6790544295824223,0.22730223698166438
13000,0.4118333333333333,0,5,0,316395,289215,22877,85079,2.679008114416985,0.2273052733947111
13001,0.4118333333333334,1,13,1,316408,289202,22878,85078,2.6788876949868463,0.2273111039863204
13002,0.4118452380952381,0,3,0,316411,289199,22878,85078,2.6788599058875837,0.22731292598797148
13003,0.4118571428571429,0,1,0,316412,289198,22878,85078,2.6788506428544965,0.22731353332834592
13004,0.4118809523809523,0,1,0,316413,289197,22878,85078,2.678841379821409,0.22731414067196581
13005,0.4119047619047618,0,1,0,316414,289196,22878,85078,2.678832116788321,0.22731474801883111
13006,0.4119166666666666,0,2,0,316416,289194,22878,85078,2.678813590722146,0.22731596272229823
13007,0.4119444444444444,0,2,0,316418,289192,22878,85078,2.678795064655971,0.22731717743874744
13008,0.411968253968254,0,4,0,316422,289188,22878,85078,2.6787580125236206,0.227319606910593
13009,0.4119761904761905,0,1,0,316423,289187,22878,85078,2.6787487494905333,0.22732021428666854
13010,0.4119920634920635,0,2,0,316425,289185,22878,85078,2.678730223424358,0.22732142904855676
13011,0.412,14,98,14,316523,289087,22892,85064,2.6778224461817777,0.2273520583935363
13012,0.4120000000000001,0,1,0,316524,289086,22892,85064,2.67781318314869,0.22735266604303087
13013,0.4120238095238095,1,1,1,316525,289085,22893,85063,2.6778039201156028,0.22735120861263458
13014,0.412047619047619,0,1,0,316526,289084,22893,85063,2.677794657082515,0.22735181626473017
13015,0.4120833333333333,0,5,0,316531,289079,22893,85063,2.677748341917077,0.2273548545739318
13016,0.4121111111111111,0,1,0,316532,289078,22893,85063,2.67773907888399,0.22735546224551706
13017,0.4121428571428571,1,6,1,316538,289072,22894,85062,2.6776835006854642,0.22735704319842623
13018,0.4121428571428572,0,1,0,316539,289071,22894,85062,2.677674237652377,0.22735765088885504
13019,0.4121666666666666,1,2,1,316541,289069,22895,85061,2.6776557115862016,0.22735680111191298
13020,0.4121666666666667,2,16,2,316557,289053,22897,85059,2.677507503056801,0.22736239414934564
13021,0.4121904761904762,0,2,0,316559,289051,22897,85059,2.6774889769906256,0.22736360963353025
13022,0.4122222222222222,0,1,0,316560,289050,22897,85059,2.6774797139575384,0.22736421738049606
13023,0.4122857142857142,0,7,0,316567,289043,22897,85059,2.6774148727259255,0.2273684717002315
13024,0.4122961760461761,0,1,0,316568,289042,22897,85059,2.677405609692838,0.2273690794731904
13025,0.4123095238095237,1,0,1,316568,289042,22898,85058,2.677405609692838,0.22736701416733493
13026,0.4123333333333333,6,40,6,316608,289002,22904,85052,2.6770350883693355,0.22737893459233158
13027,0.4123333333333334,0,2,0,316610,289000,22904,85052,2.6770165623031605,0.2273801503534268
13028,0.4123809523809523,0,2,0,316612,288998,22904,85052,2.6769980362369856,0.22738136612752305
13029,0.4123809523809524,0,6,0,316618,288992,22904,85052,2.67694245803846,0.22738501352782026
13030,0.4123888888888889,0,1,0,316619,288991,22904,85052,2.6769331950053727,0.2273856214392463
13031,0.4123968253968255,0,1,0,316620,288990,22904,85052,2.676923931972285,0.22738622935392283
13032,0.4124404761904762,0,1,0,316621,288989,22904,85052,2.6769146689391974,0.22738683727184988
13033,0.4124523809523809,0,1,0,316622,288988,22904,85052,2.6769054059061097,0.22738744519302748
13034,0.4124761904761904,0,1,0,316623,288987,22904,85052,2.6768961428730225,0.22738805311745566
13035,0.4124999999999999,1,14,1,316637,288973,22905,85051,2.6767664604097967,0.2273944987487434
13036,0.4125,51,354,51,316991,288619,22956,85000,2.6734873466968025,0.22750448986802063
13037,0.4125000000000001,2,10,2,317001,288609,22958,84998,2.673394716365927,0.22750644393707828
13038,0.4125238095238095,0,1,0,317002,288608,22958,84998,2.6733854533328394,0.22750705288458964
13039,0.4125277777777778,0,1,0,317003,288607,22958,84998,2.6733761902997517,0.22750766183536086
13040,0.4125833333333334,0,1,0,317004,288606,22958,84998,2.673366927266664,0.22750827078939198
13041,0.4126190476190476,1,1,1,317005,288605,22959,84997,2.673357664233577,0.22750681206203394
13042,0.4126666666666665,0,3,0,317008,288602,22959,84997,2.673329875134314,0.22750863894175305
13043,0.4126666666666667,8,52,8,317060,288550,22967,84989,2.672848197413761,0.2275237659253786
13044,0.4126996336996337,0,1,0,317061,288549,22967,84989,2.6728389343806738,0.2275243750301174
13045,0.4127142857142857,0,1,0,317062,288548,22967,84989,2.672829671347586,0.2275249841381175
13046,0.4127380952380952,0,1,0,317063,288547,22967,84989,2.6728204083144984,0.2275255932493789
13047,0.4127738095238094,0,1,0,317064,288546,22967,84989,2.6728111452814107,0.22752620236390164
13048,0.4127777777777778,0,1,0,317065,288545,22967,84989,2.6728018822483235,0.22752681148168574
13049,0.4127878787878787,0,1,0,317066,288544,22967,84989,2.672792619215236,0.2275274206027312
13050,0.4128095238095238,0,2,0,317068,288542,22967,84989,2.672774093149061,0.22752863885460645
13051,0.4128333333333333,0,7,0,317075,288535,22967,84989,2.672709251917448,0.22753290283890729
13052,0.4128571428571428,2,12,2,317087,288523,22969,84987,2.672598095520397,0.22753607667800058
13053,0.4128787878787879,0,1,0,317088,288522,22969,84987,2.6725888324873095,0.22753668586299125
13054,0.4129047619047618,0,2,0,317090,288520,22969,84987,2.6725703064211346,0.2275379042427585
13055,0.4129166666666666,0,4,0,317094,288516,22969,84987,2.6725332542887843,0.22754034104143742
13056,0.4129166666666667,0,2,0,317096,288514,22969,84987,2.6725147282226094,0.2275415594603495
13057,0.4129357864357865,2,0,2,317096,288514,22971,84985,2.6725147282226094,0.22753742312563086
13058,0.4129444444444444,0,1,0,317097,288513,22971,84985,2.6725054651895217,0.22753803233216777
13059,0.412952380952381,0,1,0,317098,288512,22971,84985,2.672496202156434,0.22753864154196687
13060,0.4129761904761905,0,6,0,317104,288506,22971,84985,2.672440623957909,0.2275422968692686
13061,0.413,12,54,12,317158,288452,22983,84973,2.6719404201711807,0.22755037825533908
13062,0.4130357142857143,0,1,0,317159,288451,22983,84973,2.6719311571380935,0.22755098761729295
13063,0.4130555555555555,0,3,0,317162,288448,22983,84973,2.6719033680388304,0.22755281572273653
13064,0.4130714285714286,0,2,0,317164,288446,22983,84973,2.6718848419726555,0.22755403447601755
13065,0.4130952380952381,0,1,0,317165,288445,22983,84973,2.671875578939568,0.22755464385755372
13066,0.4131190476190476,0,1,0,317166,288444,22983,84973,2.6718663159064806,0.22755525324235373
13067,0.4131428571428571,0,1,0,317167,288443,22983,84973,2.671857052873393,0.22755586263041755
13068,0.4131547619047619,0,1,0,317168,288442,22983,84973,2.6718477898403052,0.22755647202174525
13069,0.4131666666666666,2,6,2,317174,288436,22985,84971,2.67179221164178,0.22755599118388248
13070,0.4131666666666667,1,6,1,317180,288430,22986,84970,2.671736633443255,0.22755757900374934
13071,0.4131812076812077,0,2,0,317182,288428,22986,84970,2.6717181073770795,0.22755879785108651
13072,0.4131904761904761,0,2,0,317184,288426,22986,84970,2.6716995813109046,0.22756001671148057
13073,0.4132142857142857,1,4,1,317188,288422,22987,84969,2.6716625291785543,0.22756038576184215
13074,0.4132222222222222,0,1,0,317189,288421,22987,84969,2.6716532661454666,0.2275609952060848
13075,0.4132499999999999,0,1,0,317190,288420,22987,84969,2.671644003112379,0.22756160465359182
13076,0.41325,0,1,0,317191,288419,22987,84969,2.6716347400792917,0.22756221410436328
13077,0.4132857142857142,0,1,0,317192,288418,22987,84969,2.671625477046204,0.22756282355839919
13078,0.4132857142857143,0,7,0,317199,288411,22987,84969,2.671560635814591,0.2275670898280572
13079,0.413297619047619,0,1,0,317200,288410,22987,84969,2.6715513727815035,0.2275676993082096
13080,0.4133095238095238,0,2,0,317202,288408,22987,84969,2.6715328467153285,0.22756891827830852
13081,0.4133174603174603,1,0,1,317202,288408,22988,84968,2.6715328467153285,0.22756684950291395
13082,0.4133333333333332,0,1,0,317203,288407,22988,84968,2.671523583682241,0.22756745898895211
13083,0.4133333333333333,98,772,98,317975,287635,23086,84870,2.664372522138649,0.2278358679749265
13084,0.4133333333333334,0,2,0,317977,287633,23086,84870,2.664353996072474,0.22783709124490273
13085,0.4133571428571428,0,2,0,317979,287631,23086,84870,2.6643354700062987,0.2278383145280147
13086,0.4133668831168831,0,5,0,317984,287626,23086,84870,2.664289154840861,0.22784137279326488
13087,0.4133809523809523,0,2,0,317986,287624,23086,84870,2.664270628774686,0.22784259612235364
13088,0.4133809523809525,0,1,0,317987,287623,23086,84870,2.6642613657415986,0.22784320779182426
13089,0.413388888888889,0,1,0,317988,287622,23086,84870,2.664252102708511,0.2278438194645791
13090,0.4133939393939394,0,1,0,317989,287621,23086,84870,2.664242839675423,0.22784443114061817
13091,0.4134523809523809,0,2,0,317991,287619,23086,84870,2.6642243136092483,0.22784565450254907
13092,0.4134545454545454,0,1,0,317992,287618,23086,84870,2.6642150505761606,0.22784626618844098
13093,0.4134999999999999,0,2,0,317994,287616,23086,84870,2.6641965245099857,0.2278474895700778
13094,0.4135,5,29,5,318023,287587,23091,84865,2.6639278965504465,0.22785486451945486
13095,0.4135000000000001,0,2,0,318025,287585,23091,84865,2.6639093704842716,0.22785608806551214
13096,0.4135555555555555,0,2,0,318027,287583,23091,84865,2.663890844418096,0.22785731162471
13097,0.4135714285714285,0,2,0,318029,287581,23091,84865,2.6638723183519213,0.2278585351970487
13098,0.4135714285714286,0,3,0,318032,287578,23091,84865,2.6638445292526587,0.22786037058019618
13099,0.4135725108225108,0,1,0,318033,287577,23091,84865,2.663835266219571,0.22786098238114927
13100,0.4135793650793651,0,1,0,318034,287576,23091,84865,2.6638260031864833,0.22786159418538776
13101,0.4135833333333332,1,0,1,318034,287576,23092,84864,2.6638260031864833,0.22785952099667062
13102,0.4136111111111111,1,2,1,318036,287574,23093,84863,2.6638074771203084,0.22785867139945817
13103,0.4136190476190476,0,5,0,318041,287569,23093,84863,2.6637611619548704,0.2278617304635477
13104,0.4136363636363637,0,1,0,318042,287568,23093,84863,2.6637518989217828,0.22786234228622215
13105,0.4136428571428571,0,3,0,318045,287565,23093,84863,2.66372410982252,0.22786417777395898
13106,0.4136515151515151,0,1,0,318046,287564,23093,84863,2.663714846789433,0.22786478960977588
13107,0.4136637806637807,0,1,0,318047,287563,23093,84863,2.6637055837563453,0.22786540144887843
13108,0.4136666666666666,0,2,0,318049,287561,23093,84863,2.66368705769017,0.2278666251369407
13109,0.4136666666666667,2,29,2,318078,287532,23095,84861,2.663418429730631,0.22788022331246827
13110,0.4136904761904761,1,0,1,318078,287532,23096,84860,2.663418429730631,0.2278781499065501
13111,0.4136995798319327,0,1,0,318079,287531,23096,84860,2.6634091666975435,0.22787876183903477
13112,0.4137142857142856,0,1,0,318080,287530,23096,84860,2.663399903664456,0.227879373774806
13113,0.4137142857142857,0,1,0,318081,287529,23096,84860,2.6633906406313685,0.22787998571386373
13114,0.4137380952380953,0,1,0,318082,287528,23096,84860,2.663381377598281,0.22788059765620805
13115,0.41375,0,9,0,318091,287519,23096,84860,2.6632980103004926,0.22788610528520672
13116,0.4137619047619048,1,1,1,318092,287518,23097,84859,2.6632887472674054,0.22788464378841872
13117,0.4137777777777778,0,1,0,318093,287517,23097,84859,2.6632794842343177,0.22788525576299223
13118,0.4138095238095238,0,4,0,318097,287513,23097,84859,2.6632424321019674,0.2278877036941553
13119,0.4138253968253968,0,4,0,318101,287509,23097,84859,2.663205379969617,0.22789015167791002
13120,0.4138333333333333,4,20,4,318121,287489,23101,84855,2.663020119307866,0.2278940979309456
13121,0.4138333333333334,0,1,0,318122,287488,23101,84855,2.6630108562747785,0.2278947099851481
13122,0.4138917748917749,0,1,0,318123,287487,23101,84855,2.6630015932416913,0.2278953220426382
13123,0.4139047619047619,0,1,0,318124,287486,23101,84855,2.6629923302086036,0.22789593410341596
13124,0.4139166666666666,0,1,0,318125,287485,23101,84855,2.662983067175516,0.22789654616748134
13125,0.4139285714285715,0,3,0,318128,287482,23101,84855,2.6629552780762533,0.2278983823794036
13126,0.4139523809523809,1,0,1,318128,287482,23102,84854,2.6629552780762533,0.2278963087104121
13127,0.4139999999999999,0,1,0,318129,287481,23102,84854,2.6629460150431656,0.22789692078370286
13128,0.414,21,163,21,318292,287318,23123,84833,2.6614361406498945,0.22795316954677
13129,0.4140238095238095,0,3,0,318295,287315,23123,84833,2.661408351550632,0.22795500714769393
13130,0.4140357142857143,0,1,0,318296,287314,23123,84833,2.6613990885175443,0.22795561968791903
13131,0.414047619047619,0,5,0,318301,287309,23123,84833,2.6613527733521063,0.22795868243842404
13132,0.4140714285714286,0,1,0,318302,287308,23123,84833,2.661343510319019,0.22795929499840115
13133,0.4140952380952381,0,2,0,318304,287306,23123,84833,2.6613249842528437,0.22796052012823165
13134,0.4141666666666665,1,0,1,318304,287306,23124,84832,2.6613249842528437,0.22795844552289743
13135,0.4141666666666666,15,88,15,318392,287218,23139,84817,2.660509837341139,0.22798123832435122
13136,0.4141666666666667,7,68,7,318460,287150,23146,84810,2.6598799510911855,0.22800838799870954
13137,0.4141796536796536,0,2,0,318462,287148,23146,84810,2.65986142502501,0.22800961398867614
13138,0.4141904761904761,0,2,0,318464,287146,23146,84810,2.659842898958835,0.228010839991827
13139,0.4142857142857142,0,3,0,318467,287143,23146,84810,2.6598151098595726,0.2280126790212742
13140,0.4142857142857143,1,15,1,318482,287128,23147,84809,2.659676164363259,0.22801979905199
13141,0.4143333333333333,0,14,0,318496,287114,23147,84809,2.6595464819000334,0.22802838221890015
13142,0.4143333333333334,5,26,5,318522,287088,23152,84804,2.659305643039757,0.22803394533896937
13143,0.4143571428571428,0,1,0,318523,287087,23152,84804,2.6592963800066696,0.22803455851311272
13144,0.4143690476190476,0,1,0,318524,287086,23152,84804,2.659287116973582,0.22803517169055365
13145,0.4143809523809523,1,0,1,318524,287086,23153,84803,2.659287116973582,0.22803309589689397
13146,0.4143939393939393,0,1,0,318525,287085,23153,84803,2.659277853940494,0.2280337090736996
13147,0.4144047619047619,0,2,0,318527,287083,23153,84803,2.6592593278743193,0.22803493543720388
13148,0.4144166666666665,1,2,1,318529,287081,23154,84802,2.659240801808144,0.22803408598941063
13149,0.4144419191919192,0,1,0,318530,287080,23154,84802,2.6592315387750567,0.22803469917877175
13150,0.4144444444444444,0,1,0,318531,287079,23154,84802,2.659222275741969,0.22803531237143065
13151,0.4144523809523809,0,1,0,318532,287078,23154,84802,2.6592130127088813,0.22803592556738733
13152,0.4144642857142857,1,0,1,318532,287078,23155,84801,2.6592130127088813,0.2280338497199358
13153,0.4144761904761904,1,0,1,318532,287078,23156,84800,2.6592130127088813,0.22803177386132012
13154,0.4145,4,21,4,318553,287057,23160,84796,2.6590184890140427,0.228036347696536
13155,0.4145238095238095,3,2,3,318555,287055,23163,84793,2.658999962947868,0.22803134614143414
13156,0.4145259740259741,0,1,0,318556,287054,23163,84793,2.65899069991478,0.22803195938114332
13157,0.4145833333333333,0,6,0,318562,287048,23163,84793,2.658935121716255,0.22803563888866477
13158,0.4146111111111111,0,2,0,318564,287046,23163,84793,2.6589165956500795,0.22803686541755974
13159,0.4146428571428571,0,2,0,318566,287044,23163,84793,2.6588980695839046,0.228038091959649
13160,0.4146666666666666,1,9,1,318575,287035,23164,84792,2.6588147022861164,0.22804153544524738
13161,0.4146666666666667,3,24,3,318599,287011,23167,84789,2.658592389492015,0.22805002689618073
13162,0.4147142857142857,0,1,0,318600,287010,23167,84789,2.658583126458928,0.22805064026530464
13163,0.4147619047619047,1,1,1,318601,287009,23168,84788,2.6585738634258402,0.22804917737367433
13164,0.4147619047619048,1,1,1,318602,287008,23169,84787,2.6585646003927526,0.22804771446630537
13165,0.414797619047619,0,1,0,318603,287007,23169,84787,2.658555337359665,0.22804832783745838
13166,0.4148333333333333,1,19,1,318622,286988,23170,84786,2.6583793397310016,0.22805790614728302
13167,0.4148484848484848,0,1,0,318623,286987,23170,84786,2.658370076697914,0.2280585195804967
13168,0.4148571428571428,0,1,0,318624,286986,23170,84786,2.6583608136648262,0.22805913301701042
13169,0.4148730158730159,0,1,0,318625,286985,23170,84786,2.658351550631739,0.22805974645682422
13170,0.4148795093795094,1,1,1,318626,286984,23171,84785,2.6583422875986513,0.22805828350400384
13171,0.4148809523809524,0,1,0,318627,286983,23171,84785,2.6583330245655636,0.22805889694648276
13172,0.4148888888888888,0,1,0,318628,286982,23171,84785,2.6583237615324764,0.22805951039226183
13173,0.4149166666666666,0,1,0,318629,286981,23171,84785,2.6583144984993887,0.22806012384134106
13174,0.4149206349206349,0,1,0,318630,286980,23171,84785,2.658305235466301,0.2280607372937205
13175,0.4149404761904762,0,2,0,318632,286978,23171,84785,2.658286709400126,0.22806196420838007
13176,0.4149523809523808,1,0,1,318632,286978,23172,84784,2.658286709400126,0.2280598877776642
13177,0.4149999999999999,1,32,1,318664,286946,23173,84783,2.6579902923413243,0.22807744351395776
13178,0.415,181,1427,181,320091,285519,23354,84602,2.6447719441253845,0.22857930244433577
13179,0.4150000000000001,3,23,3,320114,285496,23357,84599,2.6445588943643705,0.2285872546238128
13180,0.4150128205128204,0,1,0,320115,285495,23357,84599,2.6445496313312833,0.2285878722702881
13181,0.4150151515151515,0,1,0,320116,285494,23357,84599,2.6445403682981956,0.22858848992010117
13182,0.4150714285714285,1,0,1,320116,285494,23358,84598,2.6445403682981956,0.22858640554240567
13183,0.4151111111111111,1,1,1,320117,285493,23359,84597,2.644531105265108,0.2285849387986706
13184,0.4151190476190476,1,3,1,320120,285490,23360,84596,2.6445033161658453,0.22858470733829434
13185,0.4151666666666667,5,9,5,320129,285481,23365,84591,2.6444199488680575,0.22857984392226377
13186,0.4152121212121211,0,1,0,320130,285480,23365,84591,2.64441068583497,0.22858046158710085
13187,0.4152142857142857,0,1,0,320131,285479,23365,84591,2.644401422801882,0.22858107925527602
13188,0.4152222222222221,0,1,0,320132,285478,23365,84591,2.6443921597687945,0.22858169692678934
13189,0.4152380952380952,0,2,0,320134,285476,23365,84591,2.6443736337026196,0.2285829322798304
13190,0.4152619047619048,0,2,0,320136,285474,23365,84591,2.6443551076364447,0.2285841676462243
13191,0.4152777777777777,0,1,0,320137,285473,23365,84591,2.644345844603357,0.22858478533442864
13192,0.4152857142857142,0,1,0,320138,285472,23365,84591,2.6443365815702693,0.22858540302597125
13193,0.4152857142857143,0,1,0,320139,285471,23365,84591,2.6443273185371816,0.22858602072085218
13194,0.415297619047619,1,0,1,320139,285471,23366,84590,2.6443273185371816,0.22858393616187603
13195,0.4153030303030303,1,0,1,320139,285471,23367,84589,2.6443273185371816,0.2285818515916338
13196,0.4153095238095238,1,3,1,320142,285468,23368,84588,2.644299529437919,0.22858162007912317
13197,0.4153102453102453,0,2,0,320144,285466,23368,84588,2.644281003371744,0.22858285547514687
13198,0.4153269230769231,1,0,1,320144,285466,23369,84587,2.644281003371744,0.22858077086255213
13199,0.4153333333333333,5,28,5,320172,285438,23374,84582,2.6440216384452926,0.22858764391113995
13200,0.4153333333333334,0,11,0,320183,285427,23374,84582,2.6439197450813294,0.22859443959471257
13201,0.4153571428571428,0,1,0,320184,285426,23374,84582,2.6439104820482418,0.22859505740416425
13202,0.4153888888888889,1,0,1,320184,285426,23375,84581,2.6439104820482418,0.2285929725653839
13203,0.4154166666666667,0,1,0,320185,285425,23375,84581,2.6439012190151545,0.22859359037421015
13204,0.4154285714285713,0,1,0,320186,285424,23375,84581,2.643891955982067,0.22859420818637585
13205,0.4154285714285714,0,1,0,320187,285423,23375,84581,2.643882692948979,0.22859482600188105
13206,0.4154444444444444,0,1,0,320188,285422,23375,84581,2.6438734299158915,0.22859544382072577
13207,0.4154523809523809,0,4,0,320192,285418,23375,84581,2.6438363777835416,0.22859791512950034
13208,0.415469696969697,0,1,0,320193,285417,23375,84581,2.643827114750454,0.22859853296504307
13209,0.4154761904761904,0,3,0,320196,285414,23375,84581,2.6437993256511914,0.22860038649170936
13210,0.4154761904761905,0,6,0,320202,285408,23375,84581,2.6437437474526657,0.2286040936352162
13211,0.4155,2,22,2,320224,285386,23377,84579,2.64353996072474,0.22861351749489817
13212,0.4155151515151514,1,0,1,320224,285386,23378,84578,2.64353996072474,0.22861143246369917
13213,0.4155238095238095,0,1,0,320225,285385,23378,84578,2.643530697691652,0.2286120503942286
13214,0.4155357142857142,0,1,0,320226,285384,23378,84578,2.6435214346585645,0.22861266832809857
13215,0.4155476190476191,0,1,0,320227,285383,23378,84578,2.6435121716254772,0.22861328626530905
13216,0.4155555555555555,1,3,1,320230,285380,23379,84577,2.643484382526214,0.2286130550307198
13217,0.4155714285714286,0,1,0,320231,285379,23379,84577,2.643475119493127,0.22861367297732704
13218,0.4155952380952382,0,2,0,320233,285377,23379,84577,2.6434565934269516,0.22861490888056352
13219,0.4156071428571428,0,2,0,320235,285375,23379,84577,2.6434380673607767,0.22861614479716288
13220,0.4156190476190477,0,2,0,320237,285373,23379,84577,2.6434195412946013,0.22861738072712529
13221,0.4156428571428571,0,1,0,320238,285372,23379,84577,2.643410278261514,0.2286179986971177
13222,0.4156626984126983,0,3,0,320241,285369,23379,84577,2.6433824891622515,0.22861985262714019
13223,0.4156666666666666,5,28,5,320269,285341,23384,84572,2.6431231242358,0.2286267311502975
13224,0.4156666666666667,1,11,1,320280,285330,23385,84571,2.643021230871837,0.22863144462977933
13225,0.4156746031746031,1,2,1,320282,285328,23386,84570,2.6430027048056615,0.22863059546145154
13226,0.4156785714285715,0,1,0,320283,285327,23386,84570,2.6429934417725742,0.22863121355404342
13227,0.4157121212121212,0,1,0,320284,285326,23386,84570,2.6429841787394865,0.2286318316499773
13228,0.4157142857142857,2,21,2,320305,285305,23388,84568,2.642789655044648,0.22864064151749383
13229,0.4157424242424243,1,1,1,320306,285304,23389,84567,2.6427803920115602,0.22863917419857194
13230,0.4157619047619048,0,1,0,320307,285303,23389,84567,2.6427711289784726,0.22863979235947765
13231,0.4157857142857143,0,4,0,320311,285299,23389,84567,2.6427340768461227,0.22864226503652674
13232,0.4157954545454545,0,1,0,320312,285298,23389,84567,2.642724813813035,0.2286428832141457
13233,0.4158333333333333,20,152,20,320464,285146,23409,84547,2.6413168327837266,0.22869516057918327
13234,0.4158333333333334,0,1,0,320465,285145,23409,84547,2.641307569750639,0.22869577918916287
13235,0.4158571428571428,0,1,0,320466,285144,23409,84547,2.6412983067175517,0.2286963978024891
13236,0.4159047619047619,0,1,0,320467,285143,23409,84547,2.641289043684464,0.228697016419162
13237,0.4159523809523808,0,2,0,320469,285141,23409,84547,2.641270517618289,0.22869825366254787
13238,0.4159523809523809,1,2,1,320471,285139,23410,84546,2.6412519915521138,0.22869740454711443
13239,0.415952380952381,1,0,1,320471,285139,23411,84545,2.6412519915521138,0.22869531816362082
13240,0.4159999999999999,0,5,0,320476,285134,23411,84545,2.6412056763866762,0.2286984113244193
13241,0.416,17,137,17,320613,284997,23428,84528,2.6399366408536813,0.22874771666328395
13242,0.4160000000000001,0,2,0,320615,284995,23428,84528,2.639918114787506,0.22874895473353485
13243,0.4160238095238094,0,2,0,320617,284993,23428,84528,2.639899588721331,0.22875019281718767
13244,0.4160238095238096,0,1,0,320618,284992,23428,84528,2.6398903256882433,0.22875081186403984
13245,0.416047619047619,0,1,0,320619,284991,23428,84528,2.6398810626551557,0.22875143091424258
13246,0.4160606060606061,1,0,1,320619,284991,23429,84527,2.6398810626551557,0.2287493437396825
13247,0.4160634920634921,0,2,0,320621,284989,23429,84527,2.6398625365889807,0.22875058184219357
13248,0.4160714285714285,0,2,0,320623,284987,23429,84527,2.6398440105228054,0.22875181995810714
13249,0.4161031746031745,0,2,0,320625,284985,23429,84527,2.6398254844566305,0.2287530580874234
13250,0.4161103896103896,0,1,0,320626,284984,23429,84527,2.6398162214235428,0.22875367715710765
13251,0.4161111111111111,0,3,0,320629,284981,23429,84527,2.63978843232428,0.22875553438626497
13252,0.4161428571428571,0,2,0,320631,284979,23429,84527,2.6397699062581053,0.22875677255579072
13253,0.4161666666666666,0,1,0,320632,284978,23429,84527,2.6397606432250176,0.2287573916455799
13254,0.4161666666666667,0,11,0,320643,284967,23429,84527,2.6396587498610544,0.22876420185442795
13255,0.4161904761904761,0,2,0,320645,284965,23429,84527,2.6396402237948795,0.22876544011778333
13256,0.4161904761904762,1,2,1,320647,284963,23430,84526,2.639621697728704,0.22876459109743458
13257,0.4162499999999999,0,1,0,320648,284962,23430,84526,2.639612434695617,0.22876521023686833
13258,0.41625,2,12,2,320660,284950,23432,84524,2.639501278298566,0.22876846544005802
13259,0.4162619047619048,0,1,0,320661,284949,23432,84524,2.6394920152654784,0.22876908461511397
13260,0.4163333333333333,4,20,4,320681,284929,23436,84520,2.6393067546037274,0.2287731188878573
13261,0.4163333333333334,1,8,1,320689,284921,23437,84519,2.639232650339027,0.22877598527501083
13262,0.4163492063492064,0,1,0,320690,284920,23437,84519,2.6392233873059396,0.22877660452740506
13263,0.4163571428571428,0,1,0,320691,284919,23437,84519,2.639214124272852,0.2287772237831517
13264,0.4163636363636363,0,1,0,320692,284918,23437,84519,2.6392048612397643,0.22877784304225077
13265,0.4163888888888888,1,0,1,320692,284918,23438,84518,2.6392048612397643,0.22877575547591464
13266,0.4164047619047619,0,1,0,320693,284917,23438,84518,2.6391955982066766,0.22877637473439172
13267,0.4164166666666666,0,2,0,320695,284915,23438,84518,2.6391770721405017,0.22877761326140328
13268,0.4164166666666667,0,1,0,320696,284914,23438,84518,2.639167809107414,0.22877823252993784
13269,0.4164285714285713,0,1,0,320697,284913,23438,84518,2.6391585460743268,0.22877885180182497
13270,0.4164285714285715,1,2,1,320699,284911,23439,84517,2.6391400200081514,0.2287780027501976
13271,0.4164444444444444,0,1,0,320700,284910,23439,84517,2.6391307569750637,0.22877862202816796
13272,0.4164761904761904,0,1,0,320701,284909,23439,84517,2.6391214939419765,0.22877924130949093
13273,0.4165,3,22,3,320723,284887,23442,84514,2.63891770721405,0.22878660317649382
13274,0.4165714285714286,0,2,0,320725,284885,23442,84514,2.6388991811478753,0.22878784187288
13275,0.4165833333333333,0,1,0,320726,284884,23442,84514,2.6388899181147876,0.22878846122610302
13276,0.4166547619047619,0,2,0,320728,284882,23442,84514,2.638871392048612,0.228789699942609
13277,0.4166666666666666,42,422,42,321150,284460,23484,84472,2.6349623920856646,0.2289636030488003
13278,0.4166666666666667,48,354,48,321504,284106,23532,84424,2.6316832783726705,0.22908311399343337
13279,0.4166904761904762,0,1,0,321505,284105,23532,84424,2.631674015339583,0.2290837356083239
13280,0.4167142857142857,0,1,0,321506,284104,23532,84424,2.631664752306495,0.22908435722658793
13281,0.4167202380952381,0,1,0,321507,284103,23532,84424,2.631655489273408,0.2290849788482255
13282,0.4167301587301588,0,1,0,321508,284102,23532,84424,2.63164622624032,0.22908560047323662
13283,0.4167777777777777,0,1,0,321509,284101,23532,84424,2.6316369632072325,0.22908622210162133
13284,0.4167857142857142,0,3,0,321512,284098,23532,84424,2.63160917410797,0.22908808700701722
13285,0.4167857142857143,0,2,0,321514,284096,23532,84424,2.631590648041795,0.22908933029414957
13286,0.4168095238095238,0,1,0,321515,284095,23532,84424,2.6315813850087073,0.22908995194277634
13287,0.4168333333333333,0,3,0,321518,284092,23532,84424,2.6315535959094447,0.2290918169088995
13288,0.4168333333333334,0,7,0,321525,284085,23532,84424,2.631488754677832,0.22909616861460644
13289,0.4169047619047619,0,2,0,321527,284083,23532,84424,2.6314702286116565,0.22909741198946018
13290,0.4169166666666666,0,1,0,321528,284082,23532,84424,2.6314609655785692,0.2290980336819482
13291,0.4169166666666667,0,1,0,321529,284081,23532,84424,2.6314517025454816,0.22909865537781035
13292,0.4169444444444444,0,1,0,321530,284080,23532,84424,2.631442439512394,0.22909927707704666
13293,0.4169607843137254,0,1,0,321531,284079,23532,84424,2.631433176479306,0.22909989877965714
13294,0.417,8,41,8,321572,284038,23540,84416,2.6310533921227166,0.22910865399751393
13295,0.4170833333333333,1,3,1,321575,284035,23541,84415,2.631025603023454,0.2291084271950061
13296,0.4171111111111111,0,1,0,321576,284034,23541,84415,2.6310163399903663,0.22910904901356768
13297,0.4171363636363637,0,2,0,321578,284032,23541,84415,2.6309978139241914,0.2291102926608169
13298,0.4171428571428571,6,20,6,321598,284012,23547,84409,2.6308125532624405,0.22911017558716795
13299,0.4171666666666666,3,9,3,321607,284003,23550,84406,2.630729185964652,0.2291094951534843
13300,0.4171666666666667,0,11,0,321618,283992,23550,84406,2.630627292600689,0.2291163361364611
13301,0.4171904761904761,0,1,0,321619,283991,23550,84406,2.630618029567602,0.2291169580642622
13302,0.4172142857142856,0,1,0,321620,283990,23550,84406,2.630608766534514,0.2291175799954397
13303,0.4172142857142857,0,4,0,321624,283986,23550,84406,2.630571714402164,0.2291200677539143
13304,0.4172222222222222,0,3,0,321627,283983,23550,84406,2.6305439253029013,0.22912193360822392
13305,0.4172539682539684,0,4,0,321631,283979,23550,84406,2.630506873170551,0.22912442146124298
13306,0.4172619047619047,1,1,1,321632,283978,23551,84405,2.6304976101374633,0.22912295084192266
13307,0.4172619047619048,0,2,0,321634,283976,23551,84405,2.6304790840712884,0.2291241947874619
13308,0.4172857142857142,0,1,0,321635,283975,23551,84405,2.6304698210382007,0.2291248167652967
13309,0.4172857142857143,0,1,0,321636,283974,23551,84405,2.630460558005113,0.22912543874650834
13310,0.4173333333333333,4,53,4,321689,283921,23555,84401,2.6299696172514726,0.2291500371957146
13311,0.4173333333333334,1,0,1,321689,283921,23556,84400,2.6299696172514726,0.22914794432030755
13312,0.4173571428571428,0,1,0,321690,283920,23556,84400,2.6299603542183854,0.2291485664639444
13313,0.4173809523809523,0,3,0,321693,283917,23556,84400,2.6299325651191228,0.22915043291512474
13314,0.4173809523809524,0,1,0,321694,283916,23556,84400,2.629923302086035,0.2291510550722749
13315,0.4174166666666666,1,0,1,321694,283916,23557,84399,2.629923302086035,0.22914896216553765
13316,0.4174166666666667,0,1,0,321695,283915,23557,84399,2.6299140390529474,0.22914958432207302
13317,0.4174285714285714,0,1,0,321696,283914,23557,84399,2.6299047760198597,0.22915020648198678
13318,0.4174761904761904,1,1,1,321697,283913,23558,84398,2.6298955129867725,0.2291487357151972
13319,0.4174999999999999,1,3,1,321700,283910,23559,84397,2.62986772388751,0.22914850925993804
13320,0.4175,51,361,51,322061,283549,23610,84346,2.626523768942903,0.22926650267059895
13321,0.4175000000000001,1,5,1,322066,283544,23611,84345,2.626477453777465,0.22926752362805086
13322,0.4175555555555555,0,1,0,322067,283543,23611,84345,2.626468190744377,0.22926814682729527
13323,0.4175714285714286,0,4,0,322071,283539,23611,84345,2.626431138612027,0.2292706396581531
13324,0.4176190476190476,3,8,3,322079,283531,23614,84342,2.626357034347327,0.22926934023426562
13325,0.4176666666666666,4,31,4,322110,283500,23618,84338,2.6260698803216127,0.22928028099326334
13326,0.4176666666666667,1,6,1,322116,283494,23619,84337,2.626014302123087,0.2292819256669503
13327,0.4177222222222221,0,2,0,322118,283492,23619,84337,2.625995776056912,0.22928317234367057
13328,0.4177380952380952,0,2,0,322120,283490,23619,84337,2.625977249990737,0.22928441903394803
13329,0.41775,0,1,0,322121,283489,23619,84337,2.6259679869576495,0.22928504238417077
13330,0.4177619047619048,0,1,0,322122,283488,23619,84337,2.625958723924562,0.22928566573778292
13331,0.4177777777777778,0,3,0,322125,283485,23619,84337,2.6259309348252993,0.22928753581895592
13332,0.4178095238095238,0,1,0,322126,283484,23619,84337,2.6259216717922116,0.22928815918612586
13333,0.4178333333333333,0,6,0,322132,283478,23619,84337,2.6258660935936864,0.22929189946032652
13334,0.4178333333333334,0,4,0,322136,283474,23619,84337,2.625829041461336,0.2292943930442537
13335,0.4178571428571428,0,7,0,322143,283467,23619,84337,2.6257642002297232,0.22929875694663462
13336,0.4179166666666666,1,5,1,322148,283462,23620,84336,2.6257178850642853,0.22929977868286397
13337,0.4179166666666667,0,2,0,322150,283460,23620,84336,2.6256993589981104,0.2293010255685217
13338,0.4179523809523809,1,0,1,322150,283460,23621,84335,2.6256993589981104,0.22929893011052352
13339,0.4179642857142857,0,1,0,322151,283459,23621,84335,2.6256900959650227,0.22929955355443538
13340,0.4179761904761905,0,3,0,322154,283456,23621,84335,2.62566230686576,0.22930142390651212
13341,0.4179999999999999,1,1,1,322155,283455,23622,84334,2.6256530438326724,0.22929995187458027
13342,0.418,10,117,10,322272,283338,23632,84324,2.624569268961429,0.2293519591363807
13343,0.418047619047619,0,1,0,322273,283337,23632,84324,2.624560005928341,0.22935258295005453
13344,0.4180595238095238,0,3,0,322276,283334,23632,84324,2.6245322168290786,0.2293544544114367
13345,0.4180833333333333,1,2,1,322278,283332,23633,84323,2.624513690762903,0.2293536059621112
13346,0.418095238095238,0,1,0,322279,283331,23633,84323,2.624504427729816,0.2293542297921415
13347,0.4180952380952381,1,0,1,322279,283331,23634,84322,2.624504427729816,0.2293521336695199
13348,0.4181190476190476,0,1,0,322280,283330,23634,84322,2.6244951646967283,0.2293527574989392
13349,0.4181428571428571,0,1,0,322281,283329,23634,84322,2.6244859016636406,0.22935338133175212
13350,0.4181666666666666,0,9,0,322290,283320,23634,84322,2.624402534365853,0.22935899597978468
13351,0.4181666666666667,0,9,0,322299,283311,23634,84322,2.6243191670680646,0.22936461090272092
13352,0.4181904761904761,1,2,1,322301,283309,23635,84321,2.6243006410018896,0.229363762478579
13353,0.4181904761904762,1,0,1,322301,283309,23636,84320,2.6243006410018896,0.22936166624504595
13354,0.4182142857142856,0,1,0,322302,283308,23636,84320,2.624291377968802,0.22936229014112092
13355,0.4182142857142857,0,7,0,322309,283301,23636,84320,2.624226536737189,0.2293666575086842
13356,0.4182380952380952,0,3,0,322312,283298,23636,84320,2.6241987476379265,0.22936852928855497
13357,0.41825,0,1,0,322313,283297,23636,84320,2.624189484604839,0.22936915322196744
13358,0.4182619047619048,1,1,1,322314,283296,23637,84319,2.6241802215717516,0.22936768086177114
13359,0.4182820512820512,0,1,0,322315,283295,23637,84319,2.624170958538664,0.22936830479796744
13360,0.4182857142857143,0,1,0,322316,283294,23637,84319,2.624161695505576,0.22936892873755824
13361,0.4183214285714286,0,1,0,322317,283293,23637,84319,2.624152432472489,0.22936955268054363
13362,0.4183333333333333,47,467,47,322784,282826,23684,84272,2.619826596020601,0.2295626780859607
13363,0.4183441558441558,0,1,0,322785,282825,23684,84272,2.6198173329875134,0.2295633034320629
13364,0.4183611111111111,0,2,0,322787,282823,23684,84272,2.6197988069213385,0.22956455413448834
13365,0.4183690476190475,1,3,1,322790,282820,23685,84271,2.6197710178220754,0.22956433146004668
13366,0.4184285714285714,0,1,0,322791,282819,23685,84271,2.619761754788988,0.22956495682257758
13367,0.4184285714285715,0,2,0,322793,282817,23685,84271,2.619743228722813,0.22956620755786078
13368,0.4184365079365079,1,0,1,322793,282817,23686,84270,2.619743228722813,0.22956410878075226
13369,0.4184404761904761,0,1,0,322794,282816,23686,84270,2.6197339656897256,0.22956473414949086
13370,0.4184444444444445,1,1,1,322795,282815,23687,84269,2.619724702656638,0.22956326072506567
13371,0.4184523809523809,0,3,0,322798,282812,23687,84269,2.6196969135573753,0.22956513684990507
13372,0.4184761904761905,0,1,0,322799,282811,23687,84269,2.6196876505242876,0.2295657622316661
13373,0.4184999999999999,0,3,0,322802,282808,23687,84269,2.619659861425025,0.22956763839739347
13374,0.4185,1,23,1,322825,282785,23688,84268,2.619446811664011,0.22957992442508302
13375,0.4185238095238095,0,2,0,322827,282783,23688,84268,2.619428285597836,0.22958117536800063
13376,0.4185714285714286,1,3,1,322830,282780,23689,84267,2.6194004964985735,0.2295809528480004
13377,0.4186111111111111,0,1,0,322831,282779,23689,84267,2.619391233465486,0.22958157833078144
13378,0.4186190476190476,0,1,0,322832,282778,23689,84267,2.619381970432398,0.22958220381697067
13379,0.4186666666666666,0,5,0,322837,282773,23689,84267,2.6193356552669607,0.229585331299041
13380,0.4186666666666667,6,32,6,322869,282741,23695,84261,2.619039238208159,0.22959275426291956
13381,0.4186904761904762,0,2,0,322871,282739,23695,84261,2.619020712141984,0.22959400544959127
13382,0.4187023809523809,0,3,0,322874,282736,23695,84261,2.618992923042721,0.2295958822551683
13383,0.4187142857142856,0,1,0,322875,282735,23695,84261,2.6189836600096337,0.22959650786384592
13384,0.4187142857142857,0,2,0,322877,282733,23695,84261,2.6189651339434583,0.2295977590914293
13385,0.4187380952380952,0,1,0,322878,282732,23695,84261,2.618955870910371,0.22959838471033509
13386,0.41875,0,10,0,322888,282722,23695,84261,2.618863240579495,0.22960464108691683
13387,0.4188095238095238,0,3,0,322891,282719,23695,84261,2.6188354514802326,0.22960651806637963
13388,0.4188333333333333,1,11,1,322902,282708,23696,84260,2.6187335581162694,0.22961130125787535
13389,0.4188333333333334,0,2,0,322904,282706,23696,84260,2.6187150320500945,0.22961255266155448
13390,0.4188571428571429,0,3,0,322907,282703,23696,84260,2.618687242950832,0.2296144297926494
13391,0.4188809523809524,0,1,0,322908,282702,23696,84260,2.618677979917744,0.2296150555098348
13392,0.4188849206349206,1,2,1,322910,282700,23697,84259,2.6186594538515693,0.22961420758177345
13393,0.4188888888888889,0,2,0,322912,282698,23697,84259,2.618640927785394,0.2296154590319847
13394,0.4189047619047619,0,1,0,322913,282697,23697,84259,2.6186316647523067,0.22961608476220582
13395,0.4189166666666666,1,0,1,322913,282697,23698,84258,2.6186316647523067,0.22961398536605307
13396,0.4189285714285714,0,2,0,322915,282695,23698,84258,2.6186131386861313,0.2296152368286947
13397,0.4189365079365079,0,1,0,322916,282694,23698,84258,2.6186038756530436,0.22961586256513114
13398,0.4189523809523808,0,1,0,322917,282693,23698,84258,2.6185946126199564,0.22961648830497805
13399,0.4189523809523809,0,1,0,322918,282692,23698,84258,2.6185853495868687,0.22961711404823545
13400,0.4189999999999999,0,4,0,322922,282688,23698,84258,2.6185482974545184,0.22961961705537054
13401,0.419,4,73,4,322995,282615,23702,84254,2.617872096039127,0.22965690750649415
13402,0.419047619047619,3,5,3,323000,282610,23705,84251,2.617825780873689,0.22965373806428047
13403,0.4190714285714286,0,1,0,323001,282609,23705,84251,2.617816517840602,0.2296543640625852
13404,0.4190753968253968,1,0,1,323001,282609,23706,84250,2.617816517840602,0.22965226422140386
13405,0.4191071428571428,0,1,0,323002,282608,23706,84250,2.617807254807514,0.22965289021910384
13406,0.4191071428571429,0,1,0,323003,282607,23706,84250,2.6177979917744265,0.2296535162202166
13407,0.4191428571428571,0,1,0,323004,282606,23706,84250,2.6177887287413393,0.22965414222474212
13408,0.4191666666666666,6,94,6,323098,282512,23712,84244,2.616918003631109,0.229700400266117
13409,0.4191666666666667,12,85,12,323183,282427,23724,84232,2.616130645818667,0.22972843977646806
13410,0.4191666666666668,0,1,0,323184,282426,23724,84232,2.6161213827855794,0.22972906632338583
13411,0.4192142857142856,0,1,0,323185,282425,23724,84232,2.6161121197524917,0.22972969287372122
13412,0.41925,0,1,0,323186,282424,23724,84232,2.616102856719404,0.22973031942747427
13413,0.4192857142857143,1,13,1,323199,282411,23725,84231,2.615982437289266,0.22973636408267464
13414,0.4192965367965368,0,2,0,323201,282409,23725,84231,2.615963911223091,0.22973761728125683
13415,0.4193095238095237,0,2,0,323203,282407,23725,84231,2.6159453851569157,0.2297388704935113
13416,0.4193333333333333,1,9,1,323212,282398,23726,84230,2.615862017859128,0.22974240919951558
13417,0.4193333333333334,5,36,5,323248,282362,23731,84225,2.615528548667976,0.22975446483372297
13418,0.419345238095238,0,4,0,323252,282358,23731,84225,2.6154914965356255,0.22975697181811486
13419,0.4194047619047619,1,2,1,323254,282356,23732,84224,2.6154729704694506,0.22975612417480495
13420,0.4194166666666667,0,2,0,323256,282354,23732,84224,2.6154544444032752,0.22975737769315124
13421,0.4194696969696969,0,2,0,323258,282352,23732,84224,2.6154359183371003,0.22975863122517567
13422,0.419469696969697,0,1,0,323259,282351,23732,84224,2.6154266553040126,0.22975925799631727
13423,0.4194761904761904,0,1,0,323260,282350,23732,84224,2.6154173922709254,0.22975988477087847
13424,0.4195,2,17,2,323277,282333,23734,84222,2.6152599207084366,0.22976633793018783
13425,0.4195238095238094,1,4,1,323281,282329,23735,84221,2.6152228685760868,0.22976674396398855
13426,0.4195238095238096,0,1,0,323282,282328,23735,84221,2.615213605542999,0.2297673708017209
13427,0.4195833333333333,0,5,0,323287,282323,23735,84221,2.615167290377561,0.22977050504168667
13428,0.4196190476190475,0,2,0,323289,282321,23735,84221,2.615148764311386,0.22977175876161532
13429,0.4196190476190476,0,2,0,323291,282319,23735,84221,2.615130238245211,0.22977301249522564
13430,0.4196428571428571,0,3,0,323294,282316,23735,84221,2.6151024491459482,0.2297748931212947
13431,0.4196666666666666,1,8,1,323302,282308,23736,84220,2.615028344881248,0.22977780687969268
13432,0.4196666666666667,3,25,3,323327,282283,23739,84217,2.6147967690540592,0.22978717598908593
13433,0.4196785714285715,0,1,0,323328,282282,23739,84217,2.6147875060209715,0.2297878029680845
13434,0.4196904761904762,1,0,1,323328,282282,23740,84216,2.6147875060209715,0.22978570142265442
13435,0.4197023809523809,0,1,0,323329,282281,23740,84216,2.614778242987884,0.22978632840105104
13436,0.4197142857142857,0,3,0,323332,282278,23740,84216,2.6147504538886213,0.22978820935676983
13437,0.4197222222222222,0,2,0,323334,282276,23740,84216,2.6147319278224463,0.22978946334435676
13438,0.4197499999999999,0,2,0,323336,282274,23740,84216,2.614713401756271,0.22979071734563017
13439,0.41975,0,3,0,323339,282271,23740,84216,2.6146856126570084,0.22979259837320287
13440,0.4197619047619047,0,3,0,323342,282268,23740,84216,2.614657823557746,0.22979447943157136
13441,0.4197619047619048,0,1,0,323343,282267,23740,84216,2.614648560524658,0.22979510645787116
13442,0.4197857142857142,0,1,0,323344,282266,23740,84216,2.6146392974915704,0.22979573348759283
13443,0.4198095238095238,0,1,0,323345,282265,23740,84216,2.614630034458483,0.2297963605207364
13444,0.4198333333333333,4,19,4,323364,282246,23744,84212,2.6144540368298195,0.22979986792483723
13445,0.4198333333333334,0,3,0,323367,282243,23744,84212,2.614426247730557,0.22980174919157878
13446,0.4198571428571428,0,1,0,323368,282242,23744,84212,2.614416984697469,0.22980237628733757
13447,0.4198571428571429,0,1,0,323369,282241,23744,84212,2.614407721664382,0.22980300338651888
13448,0.4198809523809523,0,1,0,323370,282240,23744,84212,2.6143984586312943,0.22980363048912272
13449,0.4198809523809524,0,1,0,323371,282239,23744,84212,2.6143891955982066,0.22980425759514914
13450,0.4199047619047619,0,1,0,323372,282238,23744,84212,2.614379932565119,0.22980488470459817
13451,0.4199166666666666,1,0,1,323372,282238,23745,84211,2.614379932565119,0.2298027829247726
13452,0.4199285714285714,0,1,0,323373,282237,23745,84211,2.6143706695320317,0.22980341003362004
13453,0.4199761904761905,0,2,0,323375,282235,23745,84211,2.6143521434658563,0.22980466426158289
13454,0.4199949494949496,0,1,0,323376,282234,23745,84211,2.614342880432769,0.22980529138069833
13455,0.4199999999999999,5,35,5,323411,282199,23750,84206,2.6140186742747047,0.22981673285026133
13456,0.42,442,3380,442,326791,278819,24192,83764,2.5827096224387716,0.2310202077869067
13457,0.4200000000000001,2,33,2,326824,278786,24194,83762,2.582403942346882,0.23103699372221057
13458,0.4200238095238094,0,1,0,326825,278785,24194,83762,2.5823946793137944,0.23103763098301738
13459,0.4200238095238095,0,1,0,326826,278784,24194,83762,2.582385416280707,0.23103826824733964
13460,0.4200714285714286,0,1,0,326827,278783,24194,83762,2.5823761532476195,0.23103890551517742
13461,0.4201190476190476,0,2,0,326829,278781,24194,83762,2.582357627181444,0.23104018006139962
13462,0.4201428571428571,0,1,0,326830,278780,24194,83762,2.582348364148357,0.23104081733978407
13463,0.4201666666666666,3,14,3,326844,278766,24197,83759,2.582218681685131,0.23104337631887456
13464,0.4201666666666667,0,5,0,326849,278761,24197,83759,2.582172366519693,0.23104656294825113
13465,0.4201865079365079,0,1,0,326850,278760,24197,83759,2.5821631034866055,0.23104720028467474
13466,0.4201904761904761,0,2,0,326852,278758,24197,83759,2.5821445774204306,0.23104847496807046
13467,0.4202142857142857,1,1,1,326853,278757,24198,83758,2.582135314387343,0.23104699115898653
13468,0.4202222222222221,0,1,0,326854,278756,24198,83758,2.5821260513542557,0.23104762850538185
13469,0.4202857142857143,0,1,0,326855,278755,24198,83758,2.582116788321168,0.23104826585529348
13470,0.4203333333333333,7,27,7,326882,278728,24205,83751,2.5818666864278037,0.23105062638111448
13471,0.4203333333333334,1,6,1,326888,278722,24206,83750,2.5818111082292785,0.2310523295592487
13472,0.4203412698412698,0,2,0,326890,278720,24206,83750,2.5817925821631036,0.23105360443622922
13473,0.4203571428571429,1,6,1,326896,278714,24207,83749,2.581737003964578,0.23105530771416669
13474,0.4204166666666665,0,1,0,326897,278713,24207,83749,2.5817277409314907,0.2310559451749425
13475,0.4204166666666666,0,1,0,326898,278712,24207,83749,2.581718477898403,0.23105658263923567
13476,0.4204166666666667,0,1,0,326899,278711,24207,83749,2.5817092148653153,0.2310572201070463
13477,0.4204285714285714,1,3,1,326902,278708,24208,83748,2.5816814257660528,0.23105701105789392
13478,0.4204404761904762,1,0,1,326902,278708,24209,83747,2.5816814257660528,0.23105488957249865
13479,0.4204444444444444,0,1,0,326903,278707,24209,83747,2.581672162732965,0.2310555270461907
13480,0.4204722222222222,0,1,0,326904,278706,24209,83747,2.581662899699878,0.23105616452340028
13481,0.4204761904761904,0,1,0,326905,278705,24209,83747,2.58165363666679,0.23105680200412745
13482,0.4204761904761905,0,5,0,326910,278700,24209,83747,2.581607321501352,0.23105998946052803
13483,0.4204848484848485,0,1,0,326911,278699,24209,83747,2.581598058468265,0.2310606269623613
13484,0.4205,5,22,5,326933,278677,24214,83742,2.5813942717403386,0.23106404465549543
13485,0.420547619047619,0,1,0,326934,278676,24214,83742,2.581385008707251,0.23106468221777063
13486,0.4205555555555555,0,1,0,326935,278675,24214,83742,2.5813757456741637,0.23106531978356423
13487,0.4205714285714286,0,1,0,326936,278674,24214,83742,2.581366482641076,0.23106595735287624
13488,0.4205833333333333,0,1,0,326937,278673,24214,83742,2.5813572196079884,0.23106659492570672
13489,0.4205952380952381,0,1,0,326938,278672,24214,83742,2.5813479565749007,0.23106723250205566
13490,0.4206190476190476,0,1,0,326939,278671,24214,83742,2.5813386935418134,0.23106787008192312
13491,0.4206428571428571,0,1,0,326940,278670,24214,83742,2.5813294305087258,0.2310685076653091
13492,0.4206666666666666,4,25,4,326965,278645,24218,83738,2.581097854681537,0.23107596106881392
13493,0.4206666666666667,0,14,0,326979,278631,24218,83738,2.580968172218311,0.2310848886080211
13494,0.4206746031746031,0,1,0,326980,278630,24218,83738,2.5809589091852234,0.23108552631578946
13495,0.4206818181818181,0,1,0,326981,278629,24218,83738,2.580949646152136,0.23108616402707752
13496,0.4207142857142856,0,1,0,326982,278628,24218,83738,2.5809403831190485,0.23108680174188528
13497,0.4207142857142857,0,15,0,326997,278613,24218,83738,2.580801437622735,0.2310963678863864
13498,0.4207171717171717,0,1,0,326998,278612,24218,83738,2.580792174589648,0.23109700565751345
13499,0.4207380952380953,0,1,0,326999,278611,24218,83738,2.58078291155656,0.23109764343216072
13500,0.4208095238095238,0,1,0,327000,278610,24218,83738,2.5807736485234725,0.2310982812103282
13501,0.4208333333333333,18,134,18,327134,278476,24236,83720,2.57953240208974,0.23114556759323682
13502,0.4208333333333334,0,3,0,327137,278473,24236,83720,2.5795046129904775,0.2311474821434981
13503,0.4209523809523808,2,0,2,327137,278473,24238,83718,2.5795046129904775,0.23114323657959474
13504,0.4209523809523809,0,1,0,327138,278472,24238,83718,2.57949534995739,0.23114387476186532
13505,0.4209999999999999,2,3,2,327141,278469,24240,83716,2.5794675608581272,0.23114154368623768
13506,0.421,7,76,7,327217,278393,24247,83709,2.5787635703434733,0.2311751937299435
13507,0.4210000000000001,0,3,0,327220,278390,24247,83709,2.5787357812442107,0.2311771090226706
13508,0.421047619047619,0,3,0,327223,278387,24247,83709,2.578707992144948,0.23117902434713447
13509,0.4210660173160173,0,1,0,327224,278386,24247,83709,2.5786987291118604,0.23117966279567517
13510,0.4210714285714286,0,1,0,327225,278385,24247,83709,2.5786894660787727,0.2311803012477423
13511,0.4210833333333332,0,2,0,327227,278383,24247,83709,2.578670940012598,0.23118157816245596
13512,0.4211111111111111,0,1,0,327228,278382,24247,83709,2.57866167697951,0.23118221662510252
13513,0.4211190476190476,0,1,0,327229,278381,24247,83709,2.5786524139464224,0.23118285509127565
13514,0.4211547619047618,1,1,1,327230,278380,24248,83708,2.578643150913335,0.23118137027462937
13515,0.4211607142857143,1,0,1,327230,278380,24249,83707,2.578643150913335,0.23117924697655537
13516,0.4211666666666666,0,1,0,327231,278379,24249,83707,2.5786338878802475,0.2311798854415802
13517,0.4211666666666667,1,12,1,327243,278367,24250,83706,2.5785227314831967,0.23118542393384758
13518,0.4211904761904762,0,3,0,327246,278364,24250,83706,2.578494942383934,0.23118733946474437
13519,0.4212380952380952,0,2,0,327248,278362,24250,83706,2.578476416317759,0.23118861650297734
13520,0.42125,1,7,1,327255,278355,24251,83705,2.5784115750861463,0.23119096282384136
13521,0.4212857142857142,0,1,0,327256,278354,24251,83705,2.5784023120530586,0.23119160136883768
13522,0.4213095238095238,0,2,0,327258,278352,24251,83705,2.5783837859868837,0.23119287846941228
13523,0.4213333333333333,3,33,3,327291,278319,24254,83702,2.578078105894994,0.23120758188060914
13524,0.4213333333333334,1,3,1,327294,278316,24255,83701,2.5780503167957316,0.2312073742393313
13525,0.4213968253968254,0,2,0,327296,278314,24255,83701,2.5780317907295567,0.23120865157521098
13526,0.4214166666666666,0,2,0,327298,278312,24255,83701,2.5780132646633813,0.23120992892520434
13527,0.4214285714285714,0,6,0,327304,278306,24255,83701,2.577957686464856,0.23121376105986902
13528,0.4214285714285715,1,6,1,327310,278300,24256,83700,2.577902108266331,0.23121546961325967
13529,0.4214404761904762,1,0,1,327310,278300,24257,83699,2.577902108266331,0.2312133458932207
13530,0.4214444444444444,0,1,0,327311,278299,24257,83699,2.5778928452332432,0.23121398460764978
13531,0.4214999999999999,0,3,0,327314,278296,24257,83699,2.5778650561339806,0.2312159007721101
13532,0.4215,6,21,6,327335,278275,24263,83693,2.577670532439142,0.23121657163064138
13533,0.4215000000000001,0,1,0,327336,278274,24263,83693,2.5776612694060543,0.23121721040868368
13534,0.4215238095238095,1,1,1,327337,278273,24264,83692,2.5776520063729667,0.23121572527730583
13535,0.421547619047619,0,2,0,327339,278271,24264,83692,2.5776334803067917,0.231217002842832
13536,0.4215476190476191,0,1,0,327340,278270,24264,83692,2.577624217273704,0.23121764163088943
13537,0.4215714285714285,0,1,0,327341,278269,24264,83692,2.5776149542406164,0.23121828042247644
13538,0.4215833333333333,0,2,0,327343,278267,24264,83692,2.5775964281744415,0.23121955801623942
13539,0.4216666666666666,42,235,42,327578,278032,24306,83650,2.575419615398866,0.2312805171393655
13540,0.4216666666666667,27,177,27,327755,277855,24333,83623,2.573780058542369,0.23133634688694749
13541,0.4216666666666668,0,1,0,327756,277854,24333,83623,2.5737707955092817,0.23133698686223467
13542,0.4216904761904761,0,4,0,327760,277850,24333,83623,2.5737337433769314,0.2313395467987927
13543,0.4217142857142857,0,4,0,327764,277846,24333,83623,2.573696691244581,0.23134210679200706
13544,0.4217380952380952,0,1,0,327765,277845,24333,83623,2.5736874282114934,0.23134274679916342
13545,0.4217539682539683,1,0,1,327765,277845,24334,83622,2.5736874282114934,0.23134062030558805
13546,0.4217777777777777,0,1,0,327766,277844,24334,83622,2.573678165178406,0.2313412603121732
13547,0.4217857142857143,1,4,1,327770,277840,24335,83621,2.573641113046056,0.23134169384802233
13548,0.4218174603174603,1,0,1,327770,277840,24336,83620,2.573641113046056,0.23133956731035246
13549,0.4218333333333333,0,5,0,327775,277835,24336,83620,2.573594797880618,0.2313427674260973
13550,0.4218333333333334,0,10,0,327785,277825,24336,83620,2.5735021675497425,0.23134916792319718
13551,0.4219047619047618,0,2,0,327787,277823,24336,83620,2.5734836414835676,0.23135044806511676
13552,0.4219047619047619,0,4,0,327791,277819,24336,83620,2.5734465893512173,0.23135300839145748
13553,0.4219285714285714,0,1,0,327792,277818,24336,83620,2.5734373263181296,0.23135364848189732
13554,0.4219404761904762,0,1,0,327793,277817,24336,83620,2.573428063285042,0.23135428857587906
13555,0.4219444444444444,0,1,0,327794,277816,24336,83620,2.5734188002519547,0.23135492867340277
13556,0.4219523809523809,1,0,1,327794,277816,24337,83619,2.5734188002519547,0.23135280202526043
13557,0.4219642857142857,0,1,0,327795,277815,24337,83619,2.573409537218867,0.23135344212221318
13558,0.4219761904761905,0,1,0,327796,277814,24337,83619,2.5734002741857793,0.23135408222270795
13559,0.4219999999999999,1,9,1,327805,277805,24338,83618,2.5733169068879915,0.23135771658140183
13560,0.422,11,84,11,327889,277721,24349,83607,2.572538812108637,0.23138810166939733
13561,0.4220238095238094,1,2,1,327891,277719,24350,83606,2.5725202860424616,0.2313872552411264
13562,0.4220714285714285,0,1,0,327892,277718,24350,83606,2.5725110230093744,0.23138789562830037
13563,0.4220833333333333,1,6,1,327898,277712,24351,83605,2.5724554448108488,0.23138961078498935
13564,0.4220873015873016,2,4,2,327902,277708,24353,83603,2.5724183926784985,0.23138791788791374
13565,0.4220952380952381,0,2,0,327904,277706,24353,83603,2.5723998666123236,0.23138919871910194
13566,0.4221111111111111,0,2,0,327906,277704,24353,83603,2.5723813405461486,0.2313904795644701
13567,0.4221111111111112,0,1,0,327907,277703,24353,83603,2.572372077513061,0.23139111999247175
13568,0.4221190476190476,0,1,0,327908,277702,24353,83603,2.5723628144799733,0.2313917604240185
13569,0.4221428571428571,2,6,2,327914,277696,24355,83601,2.572307236281448,0.23139134839204312
13570,0.4221666666666666,0,9,0,327923,277687,24355,83601,2.57222386898366,0.2313971125528664
13571,0.4221666666666667,3,5,3,327928,277682,24358,83598,2.5721775538182223,0.23139393268379096
13572,0.4221904761904762,0,1,0,327929,277681,24358,83598,2.5721682907851346,0.23139457316921272
13573,0.4222222222222222,1,3,1,327932,277678,24359,83597,2.572140501685872,0.23139436717182202
13574,0.4222619047619047,0,1,0,327933,277677,24359,83597,2.5721312386527844,0.2313950076673107
13575,0.4222619047619048,0,3,0,327936,277674,24359,83597,2.5721034495535218,0.23139692917505142
13576,0.4222857142857142,0,2,0,327938,277672,24359,83597,2.572084923487347,0.23139821019794116
13577,0.4223095238095238,0,1,0,327939,277671,24359,83597,2.572075660454259,0.23139885071470487
13578,0.4223186274509803,0,1,0,327940,277670,24359,83597,2.5720663974211715,0.23139949123501455
13579,0.4223333333333333,4,35,4,327975,277635,24363,83593,2.571742191263107,0.2314134009545218
13580,0.4223333333333334,0,2,0,327977,277633,24363,83593,2.571723665196932,0.2314146822211026
13581,0.4223809523809522,1,0,1,327977,277633,24364,83592,2.571723665196932,0.23141255450204165
13582,0.4223809523809523,0,2,0,327979,277631,24364,83592,2.571705139130757,0.23141383577457691
13583,0.4223809523809524,1,2,1,327981,277629,24365,83591,2.571686613064582,0.23141298931399149
13584,0.4224047619047619,0,1,0,327982,277628,24365,83591,2.5716773500314942,0.231413629958557
13585,0.4224523809523808,1,0,1,327982,277628,24366,83590,2.5716773500314942,0.23141150219535017
13586,0.4224523809523809,0,1,0,327983,277627,24366,83590,2.5716680869984065,0.23141214283934589
13587,0.4224603174603175,0,1,0,327984,277626,24366,83590,2.5716588239653193,0.23141278348688873
13588,0.4224999999999999,1,11,1,327995,277615,24367,83589,2.571556930601356,0.2314177030154705
13589,0.4225,49,384,49,328379,277231,24416,83540,2.567999925895735,0.23155963201033342
13590,0.4225000000000001,3,9,3,328388,277222,24419,83537,2.5679165585979473,0.23155901862462197
13591,0.4225274170274169,0,1,0,328389,277221,24419,83537,2.5679072955648596,0.2315596604926294
13592,0.422547619047619,0,3,0,328392,277218,24419,83537,2.567879506465597,0.2315615861180025
13593,0.4225952380952381,0,1,0,328393,277217,24419,83537,2.5678702434325094,0.23156222800024392
13594,0.4226190476190476,1,2,1,328395,277215,24420,83536,2.5678517173663344,0.23156138167323168
13595,0.4226388888888888,0,1,0,328396,277214,24420,83536,2.5678424543332468,0.23156202356202357
13596,0.4226428571428571,0,1,0,328397,277213,24420,83536,2.5678331913001595,0.2315626654543741
13597,0.4226666666666666,6,46,6,328443,277167,24426,83530,2.567407091778132,0.2315794143006457
13598,0.4226666666666667,1,5,1,328448,277162,24427,83529,2.567360776612694,0.23158049410714435
13599,0.4226825396825397,1,0,1,328448,277162,24428,83528,2.567360776612694,0.23157836369181292
13600,0.4226904761904761,0,2,0,328450,277160,24428,83528,2.567342250546519,0.23157964778423457
13601,0.4227142857142857,0,1,0,328451,277159,24428,83528,2.5673329875134314,0.2315802898357856
13602,0.4227380952380952,0,2,0,328453,277157,24428,83528,2.5673144614472565,0.2315815739495682
13603,0.4227619047619048,0,3,0,328456,277154,24428,83528,2.5672866723479935,0.23158350014694384
13604,0.4227777777777778,0,2,0,328458,277152,24428,83528,2.5672681462818185,0.23158478429632914
13605,0.4227857142857142,1,0,1,328458,277152,24429,83527,2.5672681462818185,0.231582653827919
13606,0.422797619047619,1,0,1,328458,277152,24430,83526,2.5672681462818185,0.23158052334769516
13607,0.422813492063492,0,1,0,328459,277151,24430,83526,2.567258883248731,0.23158116541947504
13608,0.4228214285714285,2,1,2,328460,277150,24432,83524,2.5672496202156436,0.23157754648241902
13609,0.4228333333333332,0,1,0,328461,277149,24432,83524,2.567240357182556,0.23157818855306608
13610,0.4228333333333333,1,16,1,328477,277133,24433,83523,2.567092148653155,0.23158633157357703
13611,0.4228333333333334,0,3,0,328480,277130,24433,83523,2.5670643595538922,0.23158825796541274
13612,0.4228452380952381,0,2,0,328482,277128,24433,83523,2.5670458334877173,0.2315895422444413
13613,0.4228571428571427,0,3,0,328485,277125,24433,83523,2.5670180443884547,0.23159146868969188
13614,0.4228571428571428,2,14,2,328499,277111,24435,83521,2.566888361925229,0.23159619778610882
13615,0.4229166666666666,0,1,0,328500,277110,24435,83521,2.5668790988921413,0.2315968399832516
13616,0.4229166666666667,0,2,0,328502,277108,24435,83521,2.566860572825966,0.2315981243882217
13617,0.4229444444444444,0,1,0,328503,277107,24435,83521,2.5668513097928787,0.2315987665960491
13618,0.4229444444444445,0,1,0,328504,277106,24435,83521,2.566842046759791,0.23159940880743815
13619,0.4229523809523809,0,1,0,328505,277105,24435,83521,2.5668327837267033,0.23160005102238884
13620,0.4229761904761904,0,1,0,328506,277104,24435,83521,2.566823520693616,0.2316006932409012
13621,0.4229761904761905,1,0,1,328506,277104,24436,83520,2.566823520693616,0.2315985624916811
13622,0.4229920634920635,0,2,0,328508,277102,24436,83520,2.5668049946274407,0.23159984693113564
13623,0.4229999999999999,1,0,1,328508,277102,24437,83519,2.5668049946274407,0.23159771616184305
13624,0.423,2,62,2,328570,277040,24439,83517,2.5662306865760125,0.23163327851074864
13625,0.4230238095238096,0,2,0,328572,277038,24439,83517,2.566212160509837,0.23163456338145358
13626,0.423047619047619,0,3,0,328575,277035,24439,83517,2.5661843714105745,0.23163649071423817
13627,0.4230714285714285,0,1,0,328576,277034,24439,83517,2.5661751083774873,0.23163713316562706
13628,0.4230833333333333,0,2,0,328578,277032,24439,83517,2.566156582311312,0.23163841807909605
13629,0.423095238095238,1,0,1,328578,277032,24440,83516,2.566156582311312,0.23163628698536673
13630,0.4230952380952381,0,1,0,328579,277031,24440,83516,2.5661473192782243,0.23163692944331807
13631,0.4230952380952382,0,1,0,328580,277030,24440,83516,2.566138056245137,0.23163757190483322
13632,0.4231309523809525,0,1,0,328581,277029,24440,83516,2.5661287932120493,0.23163821436991222
13633,0.4231666666666666,1,14,1,328595,277015,24441,83515,2.5659991107488236,0.23164507807949408
13634,0.4231666666666667,0,6,0,328601,277009,24441,83515,2.5659435325502984,0.23164893321942506
13635,0.4231904761904762,0,2,0,328603,277007,24441,83515,2.565925006484123,0.23165021829458396
13636,0.4231944444444444,0,1,0,328604,277006,24441,83515,2.565915743451036,0.23165086083751016
13637,0.4232142857142857,1,1,1,328605,277005,24442,83514,2.565906480417948,0.231649372155143
13638,0.4232460317460317,0,5,0,328610,277000,24442,83514,2.56586016525251,0.23165258492041918
13639,0.42325,0,1,0,328611,276999,24442,83514,2.565850902219423,0.2316532274841684
13640,0.4232777777777778,1,3,1,328614,276996,24443,83513,2.56582311312016,0.23165302391895903
13641,0.4232857142857142,0,1,0,328615,276995,24443,83513,2.5658138500870726,0.2316536664928379
13642,0.4233333333333333,95,736,95,329351,276259,24538,83418,2.558996257734633,0.23192475471047636
13643,0.4233333333333334,1,3,1,329354,276256,24539,83417,2.5589684686353698,0.23192455369182563
13644,0.4233571428571428,0,1,0,329355,276255,24539,83417,2.5589592056022825,0.23192519851420182
13645,0.4233809523809523,0,1,0,329356,276254,24539,83417,2.558949942569195,0.23192584334016364
13646,0.4233809523809524,0,1,0,329357,276253,24539,83417,2.558940679536107,0.23192648816971112
13647,0.4234047619047619,1,1,1,329358,276252,24540,83416,2.55893141650302,0.23192499749769233
13648,0.4234444444444445,0,1,0,329359,276251,24540,83416,2.5589221534699322,0.2319256423302666
13649,0.4234523809523808,0,1,0,329360,276250,24540,83416,2.5589128904368446,0.23192628716642663
13650,0.4234523809523809,0,2,0,329362,276248,24540,83416,2.5588943643706696,0.231927576849504
13651,0.423452380952381,0,1,0,329363,276247,24540,83416,2.558885101337582,0.23192822169642138
13652,0.4234722222222222,0,1,0,329364,276246,24540,83416,2.5588758383044943,0.2319288665469246
13653,0.4234999999999999,0,4,0,329368,276242,24540,83416,2.558838786172144,0.23193144598479667
13654,0.4235,5,33,5,329401,276209,24545,83411,2.558533106080255,0.23194204994160503
13655,0.4235000000000001,0,2,0,329403,276207,24545,83411,2.5585145800140796,0.23194333987731425
13656,0.4235119047619047,0,1,0,329404,276206,24545,83411,2.5585053169809924,0.23194398485054935
13657,0.4235555555555555,0,1,0,329405,276205,24545,83411,2.5584960539479047,0.2319446298273714
13658,0.4235656565656566,0,1,0,329406,276204,24545,83411,2.558486790914817,0.23194527480778054
13659,0.4235714285714285,0,2,0,329408,276202,24545,83411,2.558468264848642,0.23194656477936004
13660,0.4235714285714286,0,8,0,329416,276194,24545,83411,2.5583941605839415,0.23195172480916562
13661,0.4235833333333333,0,1,0,329417,276193,24545,83411,2.558384897550854,0.23195236982903417
13662,0.4236111111111111,0,2,0,329419,276191,24545,83411,2.558366371484679,0.23195365987953348
13663,0.4236190476190477,2,1,2,329420,276190,24547,83409,2.5583571084515913,0.2319500332314606
13664,0.4236363636363636,0,1,0,329421,276189,24547,83409,2.558347845418504,0.2319506782573874
13665,0.4236666666666666,3,6,3,329427,276183,24550,83406,2.5582922672199784,0.23194814079407322
13666,0.4236666666666667,1,22,1,329449,276161,24551,83405,2.5580884804920525,0.23196019645906454
13667,0.4237182539682538,1,2,1,329451,276159,24552,83404,2.558069954425877,0.23195935065621323
13668,0.423718253968254,0,1,0,329452,276158,24552,83404,2.5580606913927895,0.2319599957726345
13669,0.42375,1,9,1,329461,276149,24553,83403,2.5579773240950017,0.23196366589533643
13670,0.4237619047619047,0,1,0,329462,276148,24553,83403,2.557968061061914,0.2319643110434959
13671,0.423797619047619,0,1,0,329463,276147,24553,83403,2.5579587980288268,0.23196495619524404
13672,0.4238095238095238,1,7,1,329470,276140,24554,83402,2.557893956797214,0.2319673362221938
13673,0.4238116883116883,1,0,1,329470,276140,24555,83401,2.557893956797214,0.2319652000745395
13674,0.4238174603174603,1,0,1,329470,276140,24556,83400,2.557893956797214,0.23196306391500252
13675,0.4238333333333333,1,17,1,329487,276123,24557,83399,2.557736485234725,0.23197189601748988
13676,0.4238333333333334,0,4,0,329491,276119,24557,83399,2.5576994331023752,0.23197447693856774
13677,0.4238430735930735,1,0,1,329491,276119,24558,83398,2.5576994331023752,0.23197234066817424
13678,0.4238809523809524,0,2,0,329493,276117,24558,83398,2.5576809070362,0.23197363114195513
13679,0.4238888888888888,0,2,0,329495,276115,24558,83398,2.557662380970025,0.23197492163009403
13680,0.4239047619047618,0,1,0,329496,276114,24558,83398,2.5576531179369373,0.23197556687954785
13681,0.4239166666666666,0,1,0,329497,276113,24558,83398,2.5576438549038496,0.2319762121325912
13682,0.424,19,141,19,329638,275972,24577,83379,2.5563377672385044,0.23202662577813893
13683,0.424047619047619,0,8,0,329646,275964,24577,83379,2.5562636629738043,0.23203179135255175
13684,0.4240476190476191,0,1,0,329647,275963,24577,83379,2.5562543999407166,0.23203243706552532
13685,0.4240952380952381,0,1,0,329648,275962,24577,83379,2.556245136907629,0.23203308278209278
13686,0.4241071428571429,1,0,1,329648,275962,24578,83378,2.556245136907629,0.23203094562253018
13687,0.4241666666666666,7,74,7,329722,275888,24585,83371,2.55555967245915,0.2320637757161268
13688,0.4241666666666667,13,84,13,329806,275804,24598,83358,2.5547815776797953,0.2320902545369499
13689,0.4242142857142857,0,3,0,329809,275801,24598,83358,2.5547537885805327,0.23209219315122273
13690,0.4242222222222221,0,1,0,329810,275800,24598,83358,2.5547445255474455,0.2320928393631772
13691,0.4242380952380952,0,1,0,329811,275799,24598,83358,2.554735262514358,0.2320934855787302
13692,0.4242619047619047,0,1,0,329812,275798,24598,83358,2.55472599948127,0.23209413179788171
13693,0.4242777777777777,0,2,0,329814,275796,24598,83358,2.554707473415095,0.2320954242469804
13694,0.4242857142857143,4,18,4,329832,275778,24602,83354,2.554540738819519,0.23209850417116826
13695,0.4243181818181818,0,1,0,329833,275777,24602,83354,2.5545314757864315,0.23209915044927895
13696,0.4243333333333333,2,9,2,329842,275768,24604,83352,2.5544481084886437,0.23210069057696592
13697,0.4243333333333334,2,34,2,329876,275734,24606,83350,2.5541331653636665,0.23211839012598723
13698,0.4243751803751804,0,2,0,329878,275732,24606,83350,2.5541146392974916,0.23211968296934962
13699,0.4243928571428572,0,1,0,329879,275731,24606,83350,2.554105376264404,0.23212032939643146
13700,0.4244047619047619,1,1,1,329880,275730,24607,83349,2.5540961132313162,0.23211883735890987
13701,0.4244166666666666,0,1,0,329881,275729,24607,83349,2.554086850198229,0.2321194837890375
13702,0.4244444444444444,1,1,1,329882,275728,24608,83348,2.5540775871651413,0.23211799173434036
13703,0.4244523809523809,1,0,1,329882,275728,24609,83347,2.5540775871651413,0.23211585323400405
13704,0.4244999999999999,0,4,0,329886,275724,24609,83347,2.554040535032791,0.2321184389716797
13705,0.4245,1,17,1,329903,275707,24610,83346,2.5538830634703027,0.2321272904000245
13706,0.4245238095238094,0,5,0,329908,275702,24610,83346,2.5538367483048647,0.2321305229384372
13707,0.4245238095238096,1,1,1,329909,275701,24611,83345,2.5538274852717775,0.23212903082056338
13708,0.424531746031746,0,1,0,329910,275700,24611,83345,2.55381822223869,0.23212967733849518
13709,0.4245454545454545,0,1,0,329911,275699,24611,83345,2.553808959205602,0.2321303238600283
13710,0.4245515873015872,0,1,0,329912,275698,24611,83345,2.553799696172515,0.23213097038516278
13711,0.4245555555555556,0,1,0,329913,275697,24611,83345,2.553790433139427,0.23213161691389866
13712,0.4245714285714285,0,1,0,329914,275696,24611,83345,2.5537811701063395,0.23213226344623594
13713,0.4245833333333333,2,3,2,329917,275693,24613,83343,2.553753381007077,0.23212992568990296
13714,0.4246190476190476,0,4,0,329921,275689,24613,83343,2.5537163288747267,0.23213251186523765
13715,0.4246428571428571,0,9,0,329930,275680,24613,83343,2.553632961576939,0.23213833097043923
13716,0.4246666666666666,1,17,1,329947,275663,24614,83342,2.5534754900144505,0.23214718457960196
13717,0.4246666666666667,1,27,1,329974,275636,24615,83341,2.5532253881210862,0.23216250623298987
13718,0.4246944444444444,1,0,1,329974,275636,24616,83340,2.5532253881210862,0.2321603672668925
13719,0.4246969696969698,0,1,0,329975,275635,24616,83340,2.553216125087999,0.23216101399818928
13720,0.4247142857142856,0,1,0,329976,275634,24616,83340,2.5532068620549113,0.2321616607330893
13721,0.4247142857142857,0,1,0,329977,275633,24616,83340,2.5531975990218236,0.23216230747159258
13722,0.42475,0,1,0,329978,275632,24616,83340,2.553188335988736,0.23216295421369912
13723,0.4247619047619047,0,1,0,329979,275631,24616,83340,2.5531790729556487,0.23216360095940897
13724,0.4248174603174602,0,1,0,329980,275630,24616,83340,2.553169809922561,0.23216424770872218
13725,0.4248333333333333,0,18,0,329998,275612,24616,83340,2.553003075326985,0.23217588981256546
13726,0.4248690476190476,0,2,0,330000,275610,24616,83340,2.55298454926081,0.23217718345173421
13727,0.4248809523809522,0,1,0,330001,275609,24616,83340,2.5529752862277224,0.23217783027672456
13728,0.4248809523809524,0,2,0,330003,275607,24616,83340,2.5529567601615475,0.23217912393751725
13729,0.4248888888888888,1,1,1,330004,275606,24617,83339,2.55294749712846,0.2321776316705902
13730,0.4249145299145299,0,2,0,330006,275604,24617,83339,2.5529289710622844,0.23217892534469262
13731,0.4249404761904762,0,2,0,330008,275602,24617,83339,2.5529104449961095,0.2321802190332116
13732,0.4249603174603175,0,1,0,330009,275601,24617,83339,2.552901181963022,0.23218086588287737
13733,0.4249999999999999,4,20,4,330029,275581,24621,83335,2.552715921301271,0.23218524668724716
13734,0.425,159,1390,159,331419,274191,24780,83176,2.5398403053095704,0.2327467281534109
13735,0.425047619047619,0,1,0,331420,274190,24780,83176,2.539831042276483,0.23274737943732757
13736,0.4250714285714286,0,1,0,331421,274189,24780,83176,2.5398217792433955,0.23274803072488912
13737,0.4251190476190477,0,2,0,331423,274187,24780,83176,2.5398032531772206,0.23274933331094713
13738,0.4251428571428571,0,1,0,331424,274186,24780,83176,2.539793990144133,0.23274998460944366
13739,0.4251666666666666,2,21,2,331445,274165,24782,83174,2.5395994664492942,0.2327593685547897
13740,0.4251666666666667,0,2,0,331447,274163,24782,83174,2.539580940383119,0.23276067129908182
13741,0.4251785714285714,1,0,1,331447,274163,24783,83173,2.539580940383119,0.23275852419011797
13742,0.4252142857142857,0,1,0,331448,274162,24783,83173,2.5395716773500316,0.2327591755635468
13743,0.4252380952380952,0,1,0,331449,274161,24783,83173,2.539562414316944,0.2327598269406214
13744,0.4252460317460317,0,2,0,331451,274159,24783,83173,2.539543888250769,0.23276112970570786
13745,0.4252539682539683,0,1,0,331452,274158,24783,83173,2.5395346252176814,0.23276178109371984
13746,0.4252777777777778,0,2,0,331454,274156,24783,83173,2.539516099151506,0.2327630838806814
13747,0.4252896825396825,2,0,2,331454,274156,24785,83171,2.539516099151506,0.2327587895680987
13748,0.4253095238095238,1,0,1,331454,274156,24786,83170,2.539516099151506,0.23275664239378047
13749,0.4253333333333332,0,1,0,331455,274155,24786,83170,2.5395068361184188,0.23275729378017213
13750,0.4253333333333333,2,24,2,331479,274131,24788,83168,2.5392845233243175,0.23276863355341046
13751,0.4253333333333334,0,13,0,331492,274118,24788,83168,2.539164103894179,0.2327771029371428
13752,0.4253571428571428,0,1,0,331493,274117,24788,83168,2.5391548408610918,0.23277775445372742
13753,0.4254166666666666,0,1,0,331494,274116,24788,83168,2.539145577828004,0.2327784059739591
13754,0.4254166666666667,0,2,0,331496,274114,24788,83168,2.5391270517618287,0.2327797090253637
13755,0.4254285714285714,0,2,0,331498,274112,24788,83168,2.539108525695654,0.23278101209135693
13756,0.4254761904761904,0,3,0,331501,274109,24788,83168,2.539080736596391,0.23278296671770082
13757,0.4254761904761905,0,2,0,331503,274107,24788,83168,2.539062210530216,0.23278426982016653
13758,0.4255,3,23,3,331526,274084,24791,83165,2.5388491607692023,0.23279281397568644
13759,0.4255555555555555,0,1,0,331527,274083,24791,83165,2.5388398977361146,0.23279346560372627
13760,0.4255555555555556,0,3,0,331530,274080,24791,83165,2.538812108636852,0.2327954205097342
13761,0.425595238095238,0,1,0,331531,274079,24791,83165,2.5388028456037643,0.23279607215236645
13762,0.4255952380952382,1,0,1,331531,274079,24792,83164,2.5388028456037643,0.23279392458354678
13763,0.4256388888888889,1,5,1,331536,274074,24793,83163,2.538756530438327,0.2327950352287137
13764,0.4256428571428571,0,1,0,331537,274073,24793,83163,2.538747267405239,0.23279568688486044
13765,0.4256666666666666,4,26,4,331563,274047,24797,83159,2.5385064285449626,0.23280404024568457
13766,0.4256666666666667,0,12,0,331575,274035,24797,83159,2.538395272147912,0.2328118613414559
13767,0.4257142857142857,4,12,4,331587,274023,24801,83155,2.5382841157508613,0.23281109138860737
13768,0.4257380952380952,1,0,1,331587,274023,24802,83154,2.5382841157508613,0.23280894346500475
13769,0.42575,1,0,1,331587,274023,24803,83153,2.5382841157508613,0.23280679552937486
13770,0.4257619047619048,0,1,0,331588,274022,24803,83153,2.538274852717774,0.23280744732974032
13771,0.4257777777777777,0,1,0,331589,274021,24803,83153,2.5382655896846864,0.23280809913375553
13772,0.4258246753246753,1,0,1,331589,274021,24804,83152,2.5382655896846864,0.2328059511777206
13773,0.4258333333333333,20,146,20,331735,273875,24824,83132,2.5369131868539037,0.23285817925138722
13774,0.4258571428571428,0,2,0,331737,273873,24824,83132,2.5368946607877283,0.23285948376073165
13775,0.4258809523809523,0,2,0,331739,273871,24824,83132,2.5368761347215534,0.23286078828469228
13776,0.4258888888888889,0,1,0,331740,273870,24824,83132,2.5368668716884657,0.23286144055215377
13777,0.4259007936507936,0,8,0,331748,273862,24824,83132,2.536792767423765,0.2328666588233976
13778,0.4259166666666666,0,2,0,331750,273860,24824,83132,2.53677424135759,0.23286796342775187
13779,0.4259523809523808,0,1,0,331751,273859,24824,83132,2.5367649783245025,0.2328686157354107
13780,0.4259523809523809,0,3,0,331754,273856,24824,83132,2.53673718922524,0.2328705726803142
13781,0.425952380952381,0,4,0,331758,273852,24824,83132,2.5367001370928897,0.23287318199134976
13782,0.4259615384615384,0,1,0,331759,273851,24824,83132,2.536690874059802,0.23287383432824532
13783,0.4259722222222222,0,3,0,331762,273848,24824,83132,2.5366630849605394,0.23287579136086056
13784,0.4259999999999999,0,11,0,331773,273837,24824,83132,2.5365611915965762,0.23288296742854422
13785,0.426,16,123,16,331896,273714,24840,83116,2.535421838526807,0.23292884566880587
13786,0.4260000000000001,1,4,1,331900,273710,24841,83115,2.535384786394457,0.23292930708330414
13787,0.426031746031746,0,1,0,331901,273709,24841,83115,2.5353755233613695,0.2329299598681703
13788,0.4260714285714285,1,0,1,331901,273709,24842,83114,2.5353755233613695,0.23292781014676744
13789,0.4260833333333332,1,0,1,331901,273709,24843,83113,2.5353755233613695,0.23292566041331533
13790,0.426111111111111,0,1,0,331902,273708,24843,83113,2.535366260328282,0.23292631319344995
13791,0.4261111111111111,0,1,0,331903,273707,24843,83113,2.535356997295194,0.23292696597724344
13792,0.4261190476190475,0,1,0,331904,273706,24843,83113,2.535347734262107,0.23292761876469584
13793,0.4261428571428571,0,1,0,331905,273705,24843,83113,2.5353384712290192,0.23292827155580717
13794,0.4261515151515151,0,2,0,331907,273703,24843,83113,2.5353199451628443,0.23292957714900678
13795,0.4261666666666667,1,15,1,331922,273688,24844,83112,2.535180999666531,0.2329372197309417
13796,0.4261904761904761,0,1,0,331923,273687,24844,83112,2.535171736633443,0.23293787258372362
13797,0.4261904761904762,1,8,1,331931,273679,24845,83111,2.5350976323687426,0.23294094565430645
13798,0.4262499999999999,0,1,0,331932,273678,24845,83111,2.5350883693356554,0.2329415985358293
13799,0.42625,0,11,0,331943,273667,24845,83111,2.5349864759716922,0.23294878047413237
13800,0.4262619047619047,0,1,0,331944,273666,24845,83111,2.5349772129386046,0.23294943339957452
13801,0.4262857142857143,0,1,0,331945,273665,24845,83111,2.534967949905517,0.2329500863286768
13802,0.4262878787878788,0,1,0,331946,273664,24845,83111,2.5349586868724296,0.23295073926143928
13803,0.4263095238095238,1,1,1,331947,273663,24846,83110,2.534949423839342,0.23294924223525884
13804,0.4263333333333332,0,3,0,331950,273660,24846,83110,2.5349216347400794,0.23295120105390027
13805,0.4263333333333333,1,6,1,331956,273654,24847,83109,2.534866056541554,0.23295296877759183
13806,0.4263333333333334,4,3,4,331959,273651,24851,83105,2.534838267442291,0.23294632746190674
13807,0.4263636363636363,0,1,0,331960,273650,24851,83105,2.534829004409204,0.23294698042073692
13808,0.4263888888888889,0,2,0,331962,273648,24851,83105,2.5348104783430285,0.23294828634937897
13809,0.4264166666666666,0,3,0,331965,273645,24851,83105,2.534782689243766,0.23295024526979677
13810,0.4264285714285714,0,5,0,331970,273640,24851,83105,2.5347363740783284,0.23295351021037436
13811,0.4264761904761904,0,2,0,331972,273638,24851,83105,2.534717848012153,0.2329548162122312
13812,0.4264999999999999,0,1,0,331973,273637,24851,83105,2.5347085849790654,0.232955469218651
13813,0.4265,3,38,3,332011,273599,24854,83102,2.5343565897217384,0.23297383522894524
13814,0.4265238095238094,0,1,0,332012,273598,24854,83102,2.534347326688651,0.2329744883655733
13815,0.4265238095238095,0,1,0,332013,273597,24854,83102,2.5343380636555635,0.2329751415058635
13816,0.426547619047619,1,4,1,332017,273593,24855,83101,2.534301011523213,0.2329756037387789
13817,0.4265714285714285,0,1,0,332018,273592,24855,83101,2.5342917484901255,0.23297625689318266
13818,0.4265714285714286,1,0,1,332018,273592,24856,83100,2.5342917484901255,0.23297410651206082
13819,0.4265833333333333,1,4,1,332022,273588,24857,83099,2.5342546963577752,0.23297456873953915
13820,0.4266190476190477,0,2,0,332024,273586,24857,83099,2.5342361702916003,0.23297587507184211
13821,0.4266428571428571,0,1,0,332025,273585,24857,83099,2.5342269072585126,0.23297652824348722
13822,0.4266666666666666,69,465,69,332490,273120,24926,83030,2.5299195968728,0.23313210725817773
13823,0.4266666666666667,43,347,43,332837,272773,24969,82987,2.526705324391419,0.23326680908477626
13824,0.4266666666666668,0,1,0,332838,272772,24969,82987,2.526696061358331,0.2332674647725005
13825,0.4266825396825396,0,1,0,332839,272771,24969,82987,2.5266867983252435,0.23326812046391085
13826,0.4267142857142857,0,1,0,332840,272770,24969,82987,2.526677535292156,0.2332687761590074
13827,0.4267380952380952,0,1,0,332841,272769,24969,82987,2.5266682722590685,0.23326943185779017
13828,0.4267474747474748,0,1,0,332842,272768,24969,82987,2.526659009225981,0.23327008756025916
13829,0.42675,0,1,0,332843,272767,24969,82987,2.5266497461928936,0.23327074326641442
13830,0.4267857142857142,0,1,0,332844,272766,24969,82987,2.526640483159806,0.233271398976256
13831,0.4267857142857143,0,1,0,332845,272765,24969,82987,2.5266312201267183,0.2332720546897839
13832,0.4268333333333333,0,12,0,332857,272753,24969,82987,2.526520063729668,0.23327992353966379
13833,0.4268333333333334,0,16,0,332873,272737,24969,82987,2.5263718552002667,0.23329041616534166
13834,0.4268571428571428,0,2,0,332875,272735,24969,82987,2.526353329134092,0.23329172780991897
13835,0.4269047619047619,3,1,3,332876,272734,24972,82984,2.526344066101004,0.2332859174964438
13836,0.4269166666666667,0,1,0,332877,272733,24972,82984,2.5263348030679165,0.23328657331530403
13837,0.4269444444444444,0,2,0,332879,272731,24972,82984,2.5263162770017416,0.23328788496408642
13838,0.4269545454545455,0,1,0,332880,272730,24972,82984,2.526307013968654,0.23328854079400868
13839,0.4269999999999999,0,5,0,332885,272725,24972,82984,2.526260698803216,0.2332918199989317
13840,0.427,5,39,5,332924,272686,24977,82979,2.5258994405128017,0.23330662280516778
13841,0.4270238095238094,0,2,0,332926,272684,24977,82979,2.5258809144466263,0.23330793475846517
13842,0.4270277777777778,0,1,0,332927,272683,24977,82979,2.5258716514135386,0.23330859074064703
13843,0.4270833333333332,0,1,0,332928,272682,24977,82979,2.5258623883804514,0.23330924672651768
13844,0.4270833333333333,0,2,0,332930,272680,24977,82979,2.525843862314276,0.23331055870932552
13845,0.4270909090909091,0,1,0,332931,272679,24977,82979,2.525834599281189,0.23331121470626276
13846,0.4271056166056166,0,1,0,332932,272678,24977,82979,2.525825336248101,0.23331187070688894
13847,0.4271111111111111,0,1,0,332933,272677,24977,82979,2.5258160732150134,0.2333125267112041
13848,0.4271428571428571,1,15,1,332948,272662,24978,82978,2.5256771277187,0.23332021144978068
13849,0.4271666666666666,2,5,2,332953,272657,24980,82976,2.5256308125532625,0.2333191801660701
13850,0.4271666666666667,1,12,1,332965,272645,24981,82975,2.5255196561562117,0.23332489736235307
13851,0.4272142857142857,0,1,0,332966,272644,24981,82975,2.5255103931231244,0.23332555347155243
13852,0.4272272727272728,0,1,0,332967,272643,24981,82975,2.5255011300900367,0.23332620958444172
13853,0.4273214285714286,0,2,0,332969,272641,24981,82975,2.5254826040238614,0.23332752182129038
13854,0.4273253968253968,0,1,0,332970,272640,24981,82975,2.525473340990774,0.23332817794524977
13855,0.4273333333333333,15,58,15,333028,272582,24996,82960,2.5249360850716958,0.23333389585477946
13856,0.4273333333333334,0,1,0,333029,272581,24996,82960,2.5249268220386085,0.23333455213322796
13857,0.4273571428571429,0,1,0,333030,272580,24996,82960,2.524917559005521,0.23333520841536817
13858,0.4273809523809523,0,2,0,333032,272578,24996,82960,2.5248990329393455,0.2333365209907239
13859,0.4273809523809524,0,4,0,333036,272574,24996,82960,2.5248619808069956,0.2333391461857375
13860,0.4274285714285714,0,1,0,333037,272573,24996,82960,2.524852717773908,0.2333398024937207
13861,0.4274523809523809,0,1,0,333038,272572,24996,82960,2.5248434547408203,0.23334045880539586
13862,0.4274722222222222,1,0,1,333038,272572,24997,82959,2.5248434547408203,0.23333830242651132
13863,0.4274761904761904,0,1,0,333039,272571,24997,82959,2.5248341917077326,0.23333895873765928
13864,0.4274999999999999,0,9,0,333048,272562,24997,82959,2.524750824409945,0.23334486570413562
13865,0.4275,49,385,49,333433,272177,25046,82910,2.5211845566712365,0.2334920737734696
13866,0.4275238095238095,1,0,1,333433,272177,25047,82909,2.5211845566712365,0.23348991511915423
13867,0.4275238095238096,0,2,0,333435,272175,25047,82909,2.521166030605061,0.23349123024411125
13868,0.427547619047619,0,2,0,333437,272173,25047,82909,2.5211475045388863,0.23349254538388317
13869,0.4275714285714285,0,1,0,333438,272172,25047,82909,2.5211382415057986,0.23349320295932477
13870,0.4275833333333333,0,1,0,333439,272171,25047,82909,2.521128978472711,0.2334938605384702
13871,0.427611111111111,1,0,1,333439,272171,25048,82908,2.521128978472711,0.23349170184663132
13872,0.4276190476190475,2,5,2,333444,272166,25050,82906,2.5210826633072734,0.2334906723143475
13873,0.4276190476190477,0,4,0,333448,272162,25050,82906,2.521045611174923,0.23349330269131546
13874,0.4276388888888888,1,1,1,333449,272161,25051,82905,2.5210363481418354,0.23349180152422366
13875,0.4276547619047619,0,1,0,333450,272160,25051,82905,2.521027085108748,0.23349245912720207
13876,0.4276666666666666,4,48,4,333498,272112,25055,82901,2.5205824595205453,0.23351539239408134
13877,0.4276666666666667,1,5,1,333503,272107,25056,82900,2.5205361443551078,0.23351652220942123
13878,0.4276904761904761,0,2,0,333505,272105,25056,82900,2.5205176182889324,0.23351783777693272
13879,0.4276904761904762,0,1,0,333506,272104,25056,82900,2.520508355255845,0.23351849556624715
13880,0.4276948051948052,0,1,0,333507,272103,25056,82900,2.5204990922227575,0.23351915335926737
13881,0.4277142857142857,0,1,0,333508,272102,25056,82900,2.52048982918967,0.2335198111559935
13882,0.4277222222222223,0,1,0,333509,272101,25056,82900,2.520480566156582,0.23352046895642548
13883,0.4277380952380952,0,2,0,333511,272099,25056,82900,2.520462040090407,0.23352178456840725
13884,0.4277619047619048,1,1,1,333512,272098,25057,82899,2.5204527770573195,0.23352028326999946
13885,0.4277777777777777,1,1,1,333513,272097,25058,82898,2.5204435140242323,0.23351878195467543
13886,0.4277777777777778,0,1,0,333514,272096,25058,82898,2.5204342509911446,0.23351943976517914
13887,0.4277857142857143,0,2,0,333516,272094,25058,82898,2.5204157249249692,0.23352075539730474
13888,0.4278095238095238,0,2,0,333518,272092,25058,82898,2.5203971988587943,0.23352207104425476
13889,0.4278333333333332,0,1,0,333519,272091,25058,82898,2.5203879358257066,0.23352272887328904
13890,0.4278333333333333,0,13,0,333532,272078,25058,82898,2.5202675163955686,0.23353128098801046
13891,0.4278333333333334,0,3,0,333535,272075,25058,82898,2.520239727296306,0.23353325464190233
13892,0.4278571428571428,1,1,1,333536,272074,25059,82897,2.5202304642632183,0.23353175329815676
13893,0.4278571428571429,0,2,0,333538,272072,25059,82897,2.5202119381970434,0.233533069084906
13894,0.4279047619047619,0,1,0,333539,272071,25059,82897,2.5202026751639557,0.23353372698384078
13895,0.4279166666666666,0,3,0,333542,272068,25059,82897,2.520174886064693,0.2335357007028862
13896,0.4279166666666667,0,3,0,333545,272065,25059,82897,2.5201470969654305,0.2335376744552938
13897,0.4279444444444444,1,3,1,333548,272062,25060,82896,2.520119307866168,0.23353748894235374
13898,0.4279642857142857,0,1,0,333549,272061,25060,82896,2.52011004483308,0.2335381468741284
13899,0.4279999999999999,0,1,0,333550,272060,25060,82896,2.5201007817999925,0.2335388048096102
13900,0.428,13,90,13,333640,271970,25073,82883,2.519267108822113,0.23356995713718076
13901,0.4280113636363636,0,1,0,333641,271969,25073,82883,2.519257845789025,0.23357061535513396
13902,0.4280357142857143,0,1,0,333642,271968,25073,82883,2.5192485827559374,0.23357127357679702
13903,0.4280602453102453,0,1,0,333643,271967,25073,82883,2.51923931972285,0.23357193180216992
13904,0.4280769230769231,0,1,0,333644,271966,25073,82883,2.5192300566897625,0.23357259003125272
13905,0.4280952380952381,0,3,0,333647,271963,25073,82883,2.5192022675905,0.23357456474076077
13906,0.4281666666666666,1,10,1,333657,271953,25074,82882,2.5191096372596244,0.23357898741668662
13907,0.4281666666666667,0,11,0,333668,271942,25074,82882,2.5190077438956613,0.23358622866547923
13908,0.4281818181818182,0,1,0,333669,271941,25074,82882,2.5189984808625736,0.23358688698308736
13909,0.4281904761904762,0,1,0,333670,271940,25074,82882,2.518989217829486,0.23358754530440615
13910,0.4282142857142857,1,3,1,333673,271937,25075,82881,2.5189614287302233,0.23358736028048183
13911,0.4282222222222223,0,1,0,333674,271936,25075,82881,2.518952165697136,0.23358801861241146
13912,0.42825,0,1,0,333675,271935,25075,82881,2.5189429026640484,0.23358867694805194
13913,0.4283333333333333,65,432,65,334107,271503,25140,82816,2.514941272370225,0.23373287912869475
13914,0.4283333333333334,1,5,1,334112,271498,25141,82815,2.514894957204787,0.23373401483998613
13915,0.4283809523809523,0,1,0,334113,271497,25141,82815,2.5148856941716997,0.2337346745241482
13916,0.4283809523809525,0,1,0,334114,271496,25141,82815,2.514876431138612,0.23373533421203407
13917,0.4283928571428571,0,1,0,334115,271495,25141,82815,2.5148671681055244,0.2337359939036437
13918,0.4284166666666666,0,1,0,334116,271494,25141,82815,2.514857905072437,0.23373665359897716
13919,0.4284444444444444,0,1,0,334117,271493,25141,82815,2.5148486420393494,0.2337373132980345
13920,0.4284523809523808,0,1,0,334118,271492,25141,82815,2.5148393790062618,0.23373797300081567
13921,0.428452380952381,1,0,1,334118,271492,25142,82814,2.5148393790062618,0.2337358102882819
13922,0.4284880952380953,0,1,0,334119,271491,25142,82814,2.514830115973174,0.23373646999054487
13923,0.4284999999999999,0,9,0,334128,271482,25142,82814,2.5147467486753863,0.23374240747849256
13924,0.4285,3,26,3,334154,271456,25145,82811,2.5145059098151097,0.23375307324701425
13925,0.4285000000000001,0,3,0,334157,271453,25145,82811,2.514478120715847,0.23375505272903824
13926,0.4285238095238095,0,3,0,334160,271450,25145,82811,2.5144503316165845,0.23375703224458802
13927,0.4285714285714285,1,5,1,334165,271445,25146,82810,2.514404016451147,0.2337581685509026
13928,0.4285714285714286,0,10,0,334175,271435,25146,82810,2.514311386120271,0.23376476732205112
13929,0.4286060606060606,1,0,1,334175,271435,25147,82809,2.514311386120271,0.2337626043066361
13930,0.428611111111111,0,1,0,334176,271434,25147,82809,2.514302123087184,0.2337632641999983
13931,0.4286190476190475,0,2,0,334178,271432,25147,82809,2.5142835970210085,0.23376458399789973
13932,0.4286190476190476,0,5,0,334183,271427,25147,82809,2.514237281855571,0.23376788355785408
13933,0.4286190476190477,0,2,0,334185,271425,25147,82809,2.5142187557893956,0.2337692034079168
13934,0.4286309523809524,0,1,0,334186,271424,25147,82809,2.5142094927563083,0.23376986333853705
13935,0.4286363636363636,0,1,0,334187,271423,25147,82809,2.5142002297232207,0.2337705232728833
13936,0.4286547619047618,0,3,0,334190,271420,25147,82809,2.514172440623958,0.23377250309827824
13937,0.4286666666666666,0,3,0,334193,271417,25147,82809,2.5141446515246955,0.2337744829572081
13938,0.4286666666666667,3,34,3,334227,271383,25150,82806,2.5138297083997183,0.23379043392087276
13939,0.4286785714285714,0,1,0,334228,271382,25150,82806,2.5138204453666306,0.23379109399527934
13940,0.4286904761904762,0,1,0,334229,271381,25150,82806,2.5138111823335434,0.2337917540734132
13941,0.4287142857142856,0,1,0,334230,271380,25150,82806,2.5138019193004557,0.23379241415527435
13942,0.4287222222222221,0,1,0,334231,271379,25150,82806,2.513792656267368,0.23379307424086282
13943,0.42875,1,5,1,334236,271374,25151,82805,2.5137463411019305,0.23379421140157944
13944,0.4288095238095238,1,5,1,334241,271369,25152,82804,2.5137000259364926,0.23379534860082501
13945,0.4288234273896039,0,5,0,334246,271364,25152,82804,2.513653710771055,0.23379864922861468
13946,0.4288333333333332,0,3,0,334249,271361,25152,82804,2.513625921671792,0.23380062965002188
13947,0.4288333333333333,3,9,3,334258,271352,25155,82801,2.513542554374004,0.2338000807560574
13948,0.4288333333333334,0,2,0,334260,271350,25155,82801,2.5135240283078293,0.23380140109727207
13949,0.4288360805860806,1,5,1,334265,271345,25156,82800,2.5134777131423913,0.23380253850823815
13950,0.4288928571428572,0,1,0,334266,271344,25156,82800,2.5134684501093036,0.23380319869883437
13951,0.4289166666666666,0,1,0,334267,271343,25156,82800,2.5134591870762164,0.23380385889315897
13952,0.4289285714285714,1,4,1,334271,271339,25157,82799,2.513422134943866,0.23380433616273882
13953,0.4289999999999999,0,2,0,334273,271337,25157,82799,2.5134036088776908,0.23380565658391125
13954,0.429,13,79,13,334352,271258,25170,82786,2.512671829263774,0.23382969348442567
13955,0.4290238095238095,0,1,0,334353,271257,25170,82786,2.5126625662306865,0.23383035394005813
13956,0.4290476190476189,0,2,0,334355,271255,25170,82786,2.5126440401645116,0.23383167486251594
13957,0.429047619047619,0,7,0,334362,271248,25170,82786,2.5125791989328987,0.23383629820864663
13958,0.4290833333333333,2,3,2,334365,271245,25172,82784,2.512551409833636,0.23383395145595418
13959,0.4291111111111111,0,1,0,334366,271244,25172,82784,2.5125421468005484,0.23383461195159705
13960,0.4291428571428571,1,3,1,334369,271241,25173,82783,2.512514357701286,0.23383442930422796
13961,0.4291666666666666,15,91,15,334460,271150,25188,82768,2.5116714216903184,0.2338620810470222
13962,0.4291666666666667,11,64,11,334524,271086,25199,82757,2.511078587572715,0.23388056284849496
13963,0.4291666666666668,1,2,1,334526,271084,25200,82756,2.5110600615065395,0.2338797196472982
13964,0.4291904761904762,0,1,0,334527,271083,25200,82756,2.5110507984734523,0.23388038062508654
13965,0.4292380952380952,1,2,1,334529,271081,25201,82755,2.511032272407277,0.23387953741281273
13966,0.4292499999999999,0,2,0,334531,271079,25201,82755,2.511013746341102,0.23388085938603978
13967,0.42925,0,1,0,334532,271078,25201,82755,2.5110044833080143,0.23388152037825755
13968,0.4292857142857142,1,0,1,334532,271078,25202,82754,2.5110044833080143,0.23387935517420697
13969,0.4292857142857143,1,11,1,334543,271067,25203,82753,2.510902589944051,0.23388446102538013
13970,0.4293333333333332,0,1,0,334544,271066,25203,82753,2.510893326910964,0.23388512205393153
13971,0.4293333333333333,7,59,7,334603,271007,25210,82746,2.510346807958798,0.23390897038329003
13972,0.4294285714285715,0,2,0,334605,271005,25210,82746,2.510328281892623,0.23391029283309447
13973,0.429452380952381,0,1,0,334606,271004,25210,82746,2.5103190188595352,0.23391095406360424
13974,0.4294642857142857,0,1,0,334607,271003,25210,82746,2.510309755826448,0.23391161529785243
13975,0.4294696969696969,1,0,1,334607,271003,25211,82745,2.510309755826448,0.2339094496647331
13976,0.4294999999999999,0,1,0,334608,271002,25211,82745,2.5103004927933603,0.23391011089846697
13977,0.4295,4,16,4,334624,270986,25215,82741,2.510152284263959,0.23391202820254037
13978,0.4295000000000001,0,1,0,334625,270985,25215,82741,2.510143021230872,0.23391268948282004
13979,0.4295238095238094,0,3,0,334628,270982,25215,82741,2.5101152321316094,0.23391467334609284
13980,0.4295238095238095,0,1,0,334629,270981,25215,82741,2.5101059690985217,0.2339153346413285
13981,0.4295238095238096,0,1,0,334630,270980,25215,82741,2.510096706065434,0.23391599594030324
13982,0.429547619047619,0,1,0,334631,270979,25215,82741,2.5100874430323463,0.23391665724301708
13983,0.4295555555555556,0,1,0,334632,270978,25215,82741,2.510078179999259,0.23391731854947007
13984,0.4295595238095238,1,0,1,334632,270978,25216,82740,2.510078179999259,0.2339151527487999
13985,0.4295714285714285,0,2,0,334634,270976,25216,82740,2.5100596539330837,0.23391647536441665
13986,0.4295833333333332,0,2,0,334636,270974,25216,82740,2.510041127866909,0.2339177979949903
13987,0.4295952380952381,1,0,1,334636,270974,25217,82739,2.510041127866909,0.23391563216506037
13988,0.4296190476190477,0,1,0,334637,270973,25217,82739,2.510031864833821,0.23391629348170262
13989,0.4296309523809523,0,4,0,334641,270969,25217,82739,2.509994812701471,0.233918938785665
13990,0.4296428571428571,1,3,1,334644,270966,25218,82738,2.5099670236022082,0.23391875692669578
13991,0.4296666666666666,0,9,0,334653,270957,25218,82738,2.5098836563044205,0.23392470914205743
13992,0.4296666666666667,3,20,3,334673,270937,25221,82735,2.509698395642669,0.2339314392996901
13993,0.4296904761904762,1,0,1,334673,270937,25222,82734,2.509698395642669,0.23392927325112886
13994,0.4297142857142856,0,2,0,334675,270935,25222,82734,2.509679869576494,0.233930596122363
13995,0.4297222222222222,0,1,0,334676,270934,25222,82734,2.5096706065434065,0.2339312575635907
13996,0.4297380952380951,0,1,0,334677,270933,25222,82734,2.509661343510319,0.2339319190085589
13997,0.4297619047619047,0,2,0,334679,270931,25222,82734,2.509642817444144,0.23393324190971682
13998,0.4297619047619048,0,2,0,334681,270929,25222,82734,2.509624291377969,0.23393456482583702
13999,0.4297857142857142,0,1,0,334682,270928,25222,82734,2.5096150283448813,0.23393522628950805
14000,0.4298095238095238,0,1,0,334683,270927,25222,82734,2.5096057653117936,0.23393588775691976
14001,0.4298333333333333,2,22,2,334705,270905,25224,82732,2.5094019785838677,0.23394610858026735
14002,0.4298484848484848,0,1,0,334706,270904,25224,82732,2.50939271555078,0.2339467701252135
14003,0.4298809523809523,0,2,0,334708,270902,25224,82732,2.5093741894846047,0.23394809322633003
14004,0.4298809523809524,0,4,0,334712,270898,25224,82732,2.509337137352255,0.23395073947346096
14005,0.4298888888888889,0,1,0,334713,270897,25224,82732,2.509327874319167,0.23395140104459758
14006,0.4299166666666666,0,4,0,334717,270893,25224,82732,2.509290822186817,0.2339540473665606
14007,0.4299523809523809,1,2,1,334719,270891,25225,82731,2.509272296120642,0.23395320426896515
14008,0.4299989177489178,0,1,0,334720,270890,25225,82731,2.5092630330875543,0.23395386586203873
14009,0.4299999999999999,2,33,2,334753,270857,25227,82729,2.508957352995665,0.23397136764464657
14010,0.43,447,3399,447,338152,267458,25674,82282,2.4774723035310684,0.2352661977468977
14011,0.4300238095238093,0,1,0,338153,267457,25674,82282,2.4774630404979807,0.23526687043766922
14012,0.4300952380952381,0,2,0,338155,267455,25674,82282,2.4774445144318054,0.23526821583075283
14013,0.4301190476190475,0,1,0,338156,267454,25674,82282,2.477435251398718,0.23526888853306493
14014,0.4301190476190477,1,0,1,338156,267454,25675,82281,2.477435251398718,0.2352667019314624
14015,0.4301428571428571,1,0,1,338156,267454,25676,82280,2.477435251398718,0.23526451531735548
14016,0.4301666666666666,2,15,2,338171,267439,25678,82278,2.4772963059024047,0.2352702327882259
14017,0.4301666666666667,1,5,1,338176,267434,25679,82277,2.4772499907369667,0.23527140982125241
14018,0.4301785714285714,0,2,0,338178,267432,25679,82277,2.477231464670792,0.23527275534801792
14019,0.4302222222222223,0,1,0,338179,267431,25679,82277,2.477222201637704,0.23527342811717203
14020,0.4302380952380952,0,2,0,338181,267429,25679,82277,2.477203675571529,0.23527477366702315
14021,0.4302499999999999,0,2,0,338183,267427,25679,82277,2.477185149505354,0.235276119232265
14022,0.4302619047619047,0,3,0,338186,267424,25679,82277,2.4771573604060912,0.23527813760898597
14023,0.4302777777777777,0,1,0,338187,267423,25679,82277,2.477148097373004,0.23527881040892193
14024,0.4302857142857143,0,2,0,338189,267421,25679,82277,2.4771295713068286,0.23528015602033756
14025,0.4303095238095238,0,1,0,338190,267420,25679,82277,2.477120308273741,0.23528082883181725
14026,0.4303278388278388,0,1,0,338191,267419,25679,82277,2.4771110452406537,0.23528150164714495
14027,0.4303333333333332,0,1,0,338192,267418,25679,82277,2.477101782207566,0.23528217446632066
14028,0.4303333333333333,1,14,1,338206,267404,25680,82276,2.4769720997443403,0.23528940745824753
14029,0.4303333333333334,0,5,0,338211,267399,25680,82276,2.4769257845789023,0.2352927718595839
14030,0.4303571428571428,0,1,0,338212,267398,25680,82276,2.476916521545815,0.23529344475139702
14031,0.4303809523809523,0,2,0,338214,267396,25680,82276,2.4768979954796397,0.23529479054656935
14032,0.4303863636363636,0,1,0,338215,267395,25680,82276,2.4768887324465525,0.23529546344992866
14033,0.4304047619047619,0,1,0,338216,267394,25680,82276,2.476879469413465,0.23529613635713673
14034,0.4304166666666666,0,2,0,338218,267392,25680,82276,2.4768609433472895,0.2352974821830994
14035,0.4304404761904761,0,1,0,338219,267391,25680,82276,2.476851680314202,0.23529815510185406
14036,0.430452380952381,0,1,0,338220,267390,25680,82276,2.4768424172811145,0.23529882802445762
14037,0.4304642857142858,0,1,0,338221,267389,25680,82276,2.476833154248027,0.23529950095091015
14038,0.4304761904761904,0,4,0,338225,267385,25680,82276,2.4767961021156766,0.2353021926952105
14039,0.4304761904761905,0,3,0,338228,267382,25680,82276,2.476768313016414,0.23530421154385142
14040,0.4305,5,31,5,338259,267351,25685,82271,2.4764811589907,0.23531413927041203
14041,0.4305000000000001,1,0,1,338259,267351,25686,82270,2.4764811589907,0.23531195208525804
14042,0.430547619047619,0,1,0,338260,267350,25686,82270,2.476471895957612,0.2353126251358618
14043,0.4305555555555556,0,1,0,338261,267349,25686,82270,2.476462632924525,0.23531329819031574
14044,0.4305952380952381,1,1,1,338262,267348,25687,82269,2.4764533698914373,0.23531178403796155
14045,0.4306071428571429,0,1,0,338263,267347,25687,82269,2.4764441068583496,0.23531245709578508
14046,0.4306666666666666,7,52,7,338315,267295,25694,82262,2.475962429137797,0.23533214897713392
14047,0.4306666666666667,2,6,2,338321,267289,25696,82260,2.4759068509392717,0.23533181327939717
14048,0.4307142857142857,0,9,0,338330,267280,25696,82260,2.4758234836414834,0.23533787263260286
14049,0.4307202380952381,0,7,0,338337,267273,25696,82260,2.4757586424098705,0.23534258567860544
14050,0.43075,0,3,0,338340,267270,25696,82260,2.475730853310608,0.23534460561325207
14051,0.4307619047619047,0,1,0,338341,267269,25696,82260,2.4757215902775203,0.2353452789325063
14052,0.4307994227994228,1,1,1,338342,267268,25697,82259,2.475712327244433,0.23534376457326617
14053,0.4308333333333333,24,159,24,338501,267109,25721,82235,2.4742395049835118,0.2353983466153705
14054,0.4308333333333334,0,1,0,338502,267108,25721,82235,2.474230241950424,0.2353990204469533
14055,0.4308571428571429,0,1,0,338503,267107,25721,82235,2.474220978917337,0.23539969428239377
14056,0.4308809523809523,0,2,0,338505,267105,25721,82235,2.4742024528511615,0.235401041964848
14057,0.430952380952381,1,7,1,338512,267098,25722,82234,2.4741376116195486,0.2354035702426345
14058,0.4309999999999999,2,4,2,338516,267094,25724,82232,2.4741005594871983,0.23540188820757688
14059,0.431,7,69,7,338585,267025,25731,82225,2.473461410204157,0.23543307086614174
14060,0.4310000000000001,0,2,0,338587,267023,25731,82225,2.4734428841379823,0.2354344190947407
14061,0.431047619047619,0,6,0,338593,267017,25731,82225,2.4733873059394567,0.23543846387318823
14062,0.4310714285714285,0,2,0,338595,267015,25731,82225,2.4733687798732817,0.23543981216355514
14063,0.4310714285714286,0,2,0,338597,267013,25731,82225,2.4733502538071064,0.23544116046936472
14064,0.4310797682709447,0,1,0,338598,267012,25731,82225,2.473340990774019,0.2354418346280606
14065,0.4310952380952381,0,3,0,338601,267009,25731,82225,2.4733132016747565,0.23544385712731292
14066,0.431111111111111,0,1,0,338602,267008,25731,82225,2.473303938641669,0.23544453130145204
14067,0.4311111111111111,0,2,0,338604,267006,25731,82225,2.4732854125754935,0.235445879661313
14068,0.4311190476190476,0,1,0,338605,267005,25731,82225,2.4732761495424063,0.23544655384703492
14069,0.4311309523809523,1,1,1,338606,267004,25732,82224,2.4732668865093186,0.23544503877123255
14070,0.4311666666666666,0,3,0,338609,267001,25732,82224,2.473239097410056,0.23544706135013244
14071,0.4311666666666667,2,11,2,338620,266990,25734,82222,2.473137204046093,0.2354500990802149
14072,0.4311753246753247,0,1,0,338621,266989,25734,82222,2.473127941013005,0.23545077331470085
14073,0.4311785714285714,0,1,0,338622,266988,25734,82222,2.473118677979918,0.2354514475530483
14074,0.4311904761904761,0,4,0,338626,266984,25734,82222,2.4730816258475676,0.23545414454505365
14075,0.4311904761904762,0,2,0,338628,266982,25734,82222,2.4730630997813923,0.23545549306422606
14076,0.4312380952380952,0,3,0,338631,266979,25734,82222,2.4730353106821297,0.2354575158719477
14077,0.4312499999999999,0,1,0,338632,266978,25734,82222,2.473026047649042,0.2354581901489118
14078,0.43125,0,9,0,338641,266969,25734,82222,2.472942680351254,0.2354642588153761
14079,0.4313095238095238,0,1,0,338642,266968,25734,82222,2.4729334173181665,0.23546493313096023
14080,0.4313333333333332,2,3,2,338645,266965,25736,82220,2.472905628218904,0.23546257714392085
14081,0.4313333333333333,2,28,2,338673,266937,25738,82218,2.4726462632924524,0.23547708037977402
14082,0.4313333333333334,0,7,0,338680,266930,25738,82218,2.4725814220608395,0.23548180141372713
14083,0.4313412698412699,0,2,0,338682,266928,25738,82218,2.4725628959946646,0.23548315031534087
14084,0.4313809523809524,0,3,0,338685,266925,25738,82218,2.472535106895402,0.23548517369673744
14085,0.4313888888888889,1,1,1,338686,266924,25739,82217,2.4725258438623143,0.23548365846463176
14086,0.4314166666666665,0,2,0,338688,266922,25739,82217,2.472507317796139,0.23548500740392794
14087,0.4314285714285714,1,5,1,338693,266917,25740,82216,2.4724610026307015,0.23548619007656107
14088,0.4314444444444444,0,2,0,338695,266915,25740,82216,2.472442476564526,0.23548753906126926
14089,0.4314722222222221,2,1,2,338696,266914,25742,82214,2.472433213531439,0.23548383400930317
14090,0.4314999999999999,0,1,0,338697,266913,25742,82214,2.472423950498351,0.23548450850263658
14091,0.4315,7,22,7,338719,266891,25749,82207,2.472220163770425,0.23548401881420117
14092,0.4315043290043289,0,1,0,338720,266890,25749,82207,2.4722109007373376,0.2354846933660272
14093,0.431547619047619,0,1,0,338721,266889,25749,82207,2.47220163770425,0.23548536792171781
14094,0.4315476190476191,0,1,0,338722,266888,25749,82207,2.4721923746711623,0.235486042481273
14095,0.4315714285714284,0,1,0,338723,266887,25749,82207,2.4721831116380746,0.23548671704469284
14096,0.4315714285714285,0,1,0,338724,266886,25749,82207,2.4721738486049873,0.23548739161197732
14097,0.431595238095238,0,1,0,338725,266885,25749,82207,2.4721645855718997,0.2354880661831265
14098,0.4316071428571428,0,1,0,338726,266884,25749,82207,2.472155322538812,0.23548874075814044
14099,0.4316309523809524,0,1,0,338727,266883,25749,82207,2.4721460595057247,0.23548941533701911
14100,0.431642857142857,0,1,0,338728,266882,25749,82207,2.472136796472637,0.23549008991976259
14101,0.4316666666666666,29,274,29,339002,266608,25778,82178,2.469598725406647,0.2356115211046315
14102,0.4316666666666667,30,167,30,339169,266441,25808,82148,2.4680517988810258,0.23565861229126564
14103,0.4316904761904762,0,2,0,339171,266439,25808,82148,2.4680332728148504,0.23565996437044412
14104,0.4317380952380952,0,1,0,339172,266438,25808,82148,2.4680240097817627,0.23566064041585147
14105,0.4317777777777777,0,1,0,339173,266437,25808,82148,2.4680147467486755,0.23566131646513763
14106,0.4317857142857142,0,1,0,339174,266436,25808,82148,2.468005483715588,0.2356619925183026
14107,0.4317857142857143,0,3,0,339177,266433,25808,82148,2.467977694616325,0.23566402070107093
14108,0.4318095238095237,0,1,0,339178,266432,25808,82148,2.4679684315832375,0.23566469676975157
14109,0.4318124098124097,0,1,0,339179,266431,25808,82148,2.46795916855015,0.2356653728423112
14110,0.4318333333333333,2,13,2,339192,266418,25810,82146,2.4678387491200118,0.23566977656900884
14111,0.4318571428571428,1,1,1,339193,266417,25811,82145,2.467829486086924,0.23566825987916065
14112,0.4318888888888889,1,1,1,339194,266416,25812,82144,2.467820223053837,0.23566674317190728
14113,0.4319047619047619,0,2,0,339196,266414,25812,82144,2.4678016969876615,0.235668095410233
14114,0.4319444444444444,0,2,0,339198,266412,25812,82144,2.4677831709214866,0.23566944766407694
14115,0.4319523809523808,1,1,1,339199,266411,25813,82143,2.467773907888399,0.2356679309375305
14116,0.431952380952381,0,1,0,339200,266410,25813,82143,2.467764644855311,0.2356686070698
14117,0.4319761904761904,0,1,0,339201,266409,25813,82143,2.467755381822224,0.23566928320594918
14118,0.4319999999999999,2,6,2,339207,266403,25815,82141,2.4676998036236983,0.23566895427836945
14119,0.432,12,85,12,339292,266318,25827,82129,2.4669124458112566,0.23570012082181796
14120,0.4320000000000001,1,0,1,339292,266318,25828,82128,2.4669124458112566,0.2356979273689467
14121,0.432015873015873,0,1,0,339293,266317,25828,82128,2.466903182778169,0.23569860379686894
14122,0.4320238095238096,0,1,0,339294,266316,25828,82128,2.466893919745081,0.23569928022867376
14123,0.432047619047619,0,1,0,339295,266315,25828,82128,2.466884656711994,0.23569995666436117
14124,0.4320555555555556,0,4,0,339299,266311,25828,82128,2.4668476045796437,0.23570266244593746
14125,0.4320714285714285,0,1,0,339300,266310,25828,82128,2.466838341546556,0.23570333890103834
14126,0.4320833333333334,0,1,0,339301,266309,25828,82128,2.4668290785134683,0.23570401536002203
14127,0.4320952380952381,1,0,1,339301,266309,25829,82127,2.4668290785134683,0.2357018218553766
14128,0.4321428571428571,4,15,4,339316,266294,25833,82123,2.4666901330171553,0.2357031947350445
14129,0.4321428571428572,0,1,0,339317,266293,25833,82123,2.4666808699840677,0.2357038712343865
14130,0.4321547619047619,0,2,0,339319,266291,25833,82123,2.4666623439178923,0.23570522424472037
14131,0.4321587301587302,0,1,0,339320,266290,25833,82123,2.466653080884805,0.23570590075571232
14132,0.4321666666666666,0,5,0,339325,266285,25833,82123,2.466606765719367,0.2357092833689238
14133,0.4321666666666667,0,11,0,339336,266274,25833,82123,2.466504872355404,0.2357167254597485
14134,0.4321746031746031,0,2,0,339338,266272,25833,82123,2.466486346289229,0.23571807861766098
14135,0.4321904761904762,1,0,1,339338,266272,25834,82122,2.466486346289229,0.23571588488894757
14136,0.4322222222222222,0,1,0,339339,266271,25834,82122,2.4664770832561413,0.2357165614693751
14137,0.4322222222222223,0,1,0,339340,266270,25834,82122,2.4664678202230537,0.23571723805368666
14138,0.43225,0,2,0,339342,266268,25834,82122,2.4664492941568787,0.23571859123396194
14139,0.4322619047619047,0,4,0,339346,266264,25834,82122,2.4664122420245285,0.2357212976411222
14140,0.4323095238095238,0,1,0,339347,266263,25834,82122,2.466402978991441,0.2357219742526228
14141,0.4323333333333333,1,43,1,339390,266220,25835,82121,2.4660046685686763,0.2357488782543542
14142,0.4323333333333334,0,2,0,339392,266218,25835,82121,2.465986142502501,0.23575023181441068
14143,0.4323571428571428,0,1,0,339393,266217,25835,82121,2.4659768794694137,0.23575090860026757
14144,0.4323809523809523,0,6,0,339399,266211,25835,82121,2.465921301270888,0.23575496939701204
14145,0.4323809523809524,0,2,0,339401,266209,25835,82121,2.465902775204713,0.2357563230270146
14146,0.4324166666666666,0,1,0,339402,266208,25835,82121,2.4658935121716254,0.23575699984784498
14147,0.4324761904761905,0,1,0,339403,266207,25835,82121,2.4658842491385378,0.2357576766725615
14148,0.4324999999999999,0,11,0,339414,266196,25835,82121,2.4657823557745746,0.23576512200093594
14149,0.4325,55,376,55,339790,265820,25890,82066,2.4622994553336546,0.23589911637720404
14150,0.4325238095238095,0,1,0,339791,265819,25890,82066,2.462290192300567,0.23589979447231124
14151,0.4325476190476191,0,1,0,339792,265818,25890,82066,2.462280929267479,0.23590047257131688
14152,0.4325595238095238,0,1,0,339793,265817,25890,82066,2.462271666234392,0.23590115067422093
14153,0.432560606060606,1,0,1,339793,265817,25891,82065,2.462271666234392,0.23589895424310542
14154,0.4325714285714286,1,0,1,339793,265817,25892,82064,2.462271666234392,0.23589675779936242
14155,0.4325833333333334,0,3,0,339796,265814,25892,82064,2.462243877135129,0.23589879210527828
14156,0.4325912698412696,0,3,0,339799,265811,25892,82064,2.4622160880358663,0.235900826446281
14157,0.4326190476190475,0,4,0,339803,265807,25892,82064,2.462179035903516,0.23590353895553237
14158,0.4326309523809523,0,2,0,339805,265805,25892,82064,2.462160509837341,0.23590489523355057
14159,0.4326666666666666,4,48,4,339853,265757,25896,82060,2.4617158842491387,0.2359286636363375
14160,0.4326666666666667,2,9,2,339862,265748,25898,82058,2.4616325169513504,0.23593037497915503
14161,0.4327121212121212,0,1,0,339863,265747,25898,82058,2.461623253918263,0.23593105332010753
14162,0.4327142857142857,0,1,0,339864,265746,25898,82058,2.4616139908851755,0.23593173166496073
14163,0.4327380952380952,0,1,0,339865,265745,25898,82058,2.461604727852088,0.23593241001371465
14164,0.4327777777777777,0,2,0,339867,265743,25898,82058,2.461586201785913,0.2359337667229249
14165,0.4327857142857143,1,2,1,339869,265741,25899,82057,2.4615676757197376,0.23593292658382164
14166,0.4328214285714286,1,0,1,339869,265741,25900,82056,2.4615676757197376,0.23593072970727177
14167,0.4328333333333333,0,12,0,339881,265729,25900,82056,2.461456519322687,0.23593887027905172
14168,0.4328333333333334,1,1,1,339882,265728,25901,82055,2.4614472562895995,0.23593735173944672
14169,0.4328571428571428,2,12,2,339894,265716,25903,82053,2.4613360998925486,0.23594109883284595
14170,0.4329166666666666,0,2,0,339896,265714,25903,82053,2.4613175738263737,0.23594245572466624
14171,0.4329166666666667,0,2,0,339898,265712,25903,82053,2.461299047760199,0.23594381263209352
14172,0.432952380952381,0,3,0,339901,265709,25903,82053,2.4612712586609358,0.23594584802249816
14173,0.4329761904761904,0,1,0,339902,265708,25903,82053,2.4612619956278485,0.23594652649377015
14174,0.4329761904761905,1,3,1,339905,265705,25904,82052,2.461234206528586,0.2359463648467177
14175,0.433,4,47,4,339952,265658,25908,82048,2.4607988439734707,0.23596946845898548
14176,0.4330555555555556,1,0,1,339952,265658,25909,82047,2.4607988439734707,0.23596727110625387
14177,0.433064935064935,1,0,1,339952,265658,25910,82046,2.4607988439734707,0.23596507374088305
14178,0.4330674603174603,0,1,0,339953,265657,25910,82046,2.460789580940383,0.2359657523806237
14179,0.4330714285714285,0,2,0,339955,265655,25910,82046,2.460771054874208,0.23596710967181572
14180,0.4330833333333334,0,1,0,339956,265654,25910,82046,2.4607617918411204,0.23596778832326717
14181,0.433095238095238,1,2,1,339958,265652,25911,82045,2.4607432657749455,0.2359669482336632
14182,0.4330952380952381,0,4,0,339962,265648,25911,82045,2.4607062136425952,0.23596966289226415
14183,0.4330952380952382,0,2,0,339964,265646,25911,82045,2.46068768757642,0.23597102024498764
14184,0.4331428571428571,1,0,1,339964,265646,25912,82044,2.46068768757642,0.23596882280192125
14185,0.4331666666666666,2,12,2,339976,265634,25914,82042,2.4605765311793695,0.23597257216488915
14186,0.4331666666666667,2,1,2,339977,265633,25916,82040,2.460567268146282,0.23596885579265575
14187,0.4331818181818181,0,2,0,339979,265631,25916,82040,2.460548742080107,0.23597021321881895
14188,0.4332142857142857,0,5,0,339984,265626,25916,82040,2.460502426914669,0.2359736068525539
14189,0.4332380952380952,0,1,0,339985,265625,25916,82040,2.4604931638815812,0.23597428559101433
14190,0.43325,1,0,1,339985,265625,25917,82039,2.4604931638815812,0.23597208799300473
14191,0.4332857142857143,1,8,1,339993,265617,25918,82038,2.460419059616881,0.23597532036070243
14192,0.4333015873015873,0,1,0,339994,265616,25918,82038,2.4604097965837934,0.23597599912556738
14193,0.4333333333333333,100,668,100,340662,264948,26018,81938,2.454222090481307,0.23621016702893746
14194,0.4333333333333334,1,2,1,340664,264946,26019,81937,2.454203564415132,0.2362093270641686
14195,0.4333809523809523,0,1,0,340665,264945,26019,81937,2.4541943013820444,0.23621000801425268
14196,0.4333888888888889,1,0,1,340665,264945,26020,81936,2.4541943013820444,0.23620780613524522
14197,0.4333939393939394,0,1,0,340666,264944,26020,81936,2.454185038348957,0.23620848708487086
14198,0.4334285714285714,0,1,0,340667,264943,26020,81936,2.4541757753158695,0.23620916803842262
14199,0.4334444444444444,0,2,0,340669,264941,26020,81936,2.454157249249694,0.23621052995730474
14200,0.4334523809523809,1,2,1,340671,264939,26021,81935,2.454138723183519,0.236209689973881
14201,0.433452380952381,0,1,0,340672,264938,26021,81935,2.4541294601504315,0.2362103709426793
14202,0.4334761904761905,0,3,0,340675,264935,26021,81935,2.454101671051169,0.2362124138726324
14203,0.4334935064935064,0,1,0,340676,264934,26021,81935,2.4540924080180813,0.23621309485713626
14204,0.4334999999999999,1,3,1,340679,264931,26022,81934,2.4540646189188187,0.23621293586842143
14205,0.4335,3,20,3,340699,264911,26025,81931,2.4538793582570677,0.23621995029437035
14206,0.4335238095238095,0,1,0,340700,264910,26025,81931,2.45387009522398,0.23622063135557791
14207,0.4335714285714285,1,0,1,340700,264910,26026,81930,2.45387009522398,0.236218429246915
14208,0.4335714285714286,0,2,0,340702,264908,26026,81930,2.453851569157805,0.23621979137234098
14209,0.4335833333333333,0,1,0,340703,264907,26026,81930,2.4538423061247174,0.23622047244094488
14210,0.433611111111111,0,1,0,340704,264906,26026,81930,2.4538330430916298,0.2362211535134761
14211,0.4336190476190476,0,1,0,340705,264905,26026,81930,2.4538237800585425,0.2362218345899347
14212,0.4336428571428571,0,5,0,340710,264900,26026,81930,2.4537774648931046,0.23622524003113918
14213,0.4336666666666666,3,27,3,340737,264873,26029,81927,2.4535273629997407,0.2362370242214533
14214,0.4336666666666667,0,3,0,340740,264870,26029,81927,2.453499573900478,0.2362390678120053
14215,0.4336904761904762,0,4,0,340744,264866,26029,81927,2.453462521768128,0.23624179265440767
14216,0.4337056277056277,1,0,1,340744,264866,26030,81926,2.453462521768128,0.23623959030196776
14217,0.4337499999999999,1,0,1,340744,264866,26031,81925,2.453462521768128,0.2362373879368265
14218,0.43375,1,1,1,340745,264865,26032,81924,2.45345325873504,0.23623586676624692
14219,0.4338095238095238,0,7,0,340752,264858,26032,81924,2.4533884175034273,0.2362406353270931
14220,0.4338181818181818,0,2,0,340754,264856,26032,81924,2.4533698914372524,0.2362419978084088
14221,0.4338333333333332,0,2,0,340756,264854,26032,81924,2.453351365371077,0.23624336030544038
14222,0.4338333333333333,2,11,2,340767,264843,26034,81922,2.453249472007114,0.23624644932447048
14223,0.4338333333333334,1,1,1,340768,264842,26035,81921,2.4532402089740266,0.2362449280920975
14224,0.4338369408369408,0,3,0,340771,264839,26035,81921,2.4532124198747636,0.23624697196908526
14225,0.4338571428571429,1,2,1,340773,264837,26036,81920,2.4531938938085887,0.23624613201752237
14226,0.4338580031080031,0,1,0,340774,264836,26036,81920,2.453184630775501,0.2362468133211826
14227,0.4338824786324785,0,5,0,340779,264831,26036,81920,2.4531383156100635,0.23625021989842857
14228,0.4339166666666667,0,1,0,340780,264830,26036,81920,2.4531290525769758,0.23625090122566691
14229,0.4339285714285714,0,2,0,340782,264828,26036,81920,2.453110526510801,0.23625226389193305
14230,0.433952380952381,0,1,0,340783,264827,26036,81920,2.453101263477713,0.2362529452309609
14231,0.4339999999999999,1,1,1,340784,264826,26037,81919,2.4530920004446255,0.23625142395708662
14232,0.434,22,130,22,340914,264696,26059,81897,2.4518878061432434,0.2362915581099445
14233,0.434047619047619,0,3,0,340917,264693,26059,81897,2.451860017043981,0.23629360339305808
14234,0.4340833333333333,0,1,0,340918,264692,26059,81897,2.451850754010893,0.23629428516196416
14235,0.4341042568542568,0,3,0,340921,264689,26059,81897,2.4518229649116305,0.23629633049228763
14236,0.4341309523809523,0,2,0,340923,264687,26059,81897,2.4518044388454556,0.23629769406550793
14237,0.4341666666666666,11,92,11,341015,264595,26070,81886,2.4509522398014005,0.2363361915949215
14238,0.4341666666666667,12,65,12,341080,264530,26082,81874,2.4503501426507097,0.23635408367108926
14239,0.4341839826839827,0,1,0,341081,264529,26082,81874,2.450340879617622,0.23635476598066413
14240,0.4341904761904762,0,1,0,341082,264528,26082,81874,2.4503316165845344,0.23635544829417843
14241,0.4341904761904763,0,1,0,341083,264527,26082,81874,2.4503223535514467,0.2363561306116322
14242,0.4342142857142858,0,1,0,341084,264526,26082,81874,2.4503130905183594,0.2363568129330254
14243,0.4342380952380951,0,1,0,341085,264525,26082,81874,2.4503038274852718,0.23635749525835814
14244,0.4342499999999999,2,3,2,341088,264522,26084,81872,2.450276038386009,0.23635513317205264
14245,0.4342619047619048,0,3,0,341091,264519,26084,81872,2.4502482492867466,0.23635718018077836
14246,0.4342857142857143,3,15,3,341106,264504,26087,81869,2.450109303790433,0.23636080179459715
14247,0.4343095238095238,0,1,0,341107,264503,26087,81869,2.4501000407573454,0.23636148418463387
14248,0.4343333333333332,0,1,0,341108,264502,26087,81869,2.450090777724258,0.23636216657861078
14249,0.4343333333333333,5,45,5,341153,264457,26092,81864,2.449673941235318,0.2363818538292509
14250,0.4343571428571428,0,1,0,341154,264456,26092,81864,2.4496646782022307,0.2363825363825364
14251,0.4343571428571429,0,1,0,341155,264455,26092,81864,2.449655415169143,0.23638321893976363
14252,0.4343838383838383,0,2,0,341157,264453,26092,81864,2.449636889102968,0.23638458406604354
14253,0.4343982683982683,0,1,0,341158,264452,26092,81864,2.4496276260698804,0.23638526663509626
14254,0.4344047619047619,1,3,1,341161,264449,26093,81863,2.449599836970618,0.23638510938113608
14255,0.4344444444444444,0,1,0,341162,264448,26093,81863,2.44959057393753,0.23638579196156057
14256,0.4344444444444445,0,3,0,341165,264445,26093,81863,2.4495627848382675,0.23638783972648625
14257,0.4344761904761905,0,2,0,341167,264443,26093,81863,2.449544258772092,0.23638920492281393
14258,0.4344999999999999,0,1,0,341168,264442,26093,81863,2.449534995739005,0.23638988752689102
14259,0.4345,4,13,4,341181,264429,26097,81859,2.4494145763088664,0.23638994132051933
14260,0.4345238095238095,1,7,1,341188,264422,26098,81858,2.4493497350772535,0.2363925147279658
14261,0.4345416666666666,0,1,0,341189,264421,26098,81858,2.4493404720441663,0.23639319739285375
14262,0.4345714285714285,1,2,1,341191,264419,26099,81857,2.449321945977991,0.23639235754138319
14263,0.4345833333333332,0,1,0,341192,264418,26099,81857,2.4493126829449037,0.23639304021370297
14264,0.4345833333333334,0,5,0,341197,264413,26099,81857,2.4492663677794657,0.2363964536344471
14265,0.434595238095238,0,1,0,341198,264412,26099,81857,2.449257104746378,0.2363971363304252
14266,0.4346190476190476,0,1,0,341199,264411,26099,81857,2.449247841713291,0.23639781903034643
14267,0.4346190476190477,0,1,0,341200,264410,26099,81857,2.449238578680203,0.23639850173421087
14268,0.4346428571428571,0,2,0,341202,264408,26099,81857,2.4492200526140278,0.2363998671537695
14269,0.4346666666666666,0,9,0,341211,264399,26099,81857,2.44913668531624,0.23640601173698073
14270,0.4346666666666667,2,22,2,341233,264377,26101,81855,2.4489328985883136,0.23641662238036923
14271,0.4347142857142856,0,2,0,341235,264375,26101,81855,2.4489143725221387,0.23641798804263062
14272,0.43475,0,2,0,341237,264373,26101,81855,2.4488958464559634,0.2364193537206696
14273,0.4347619047619047,1,0,1,341237,264373,26102,81854,2.4488958464559634,0.23641714828710644
14274,0.4347857142857142,0,1,0,341238,264372,26102,81854,2.448886583422876,0.23641783112764495
14275,0.4347936507936507,0,1,0,341239,264371,26102,81854,2.4488773203897884,0.23641851397212796
14276,0.4348214285714285,0,2,0,341241,264369,26102,81854,2.4488587943236135,0.23641987967292757
14277,0.4348333333333333,2,17,2,341258,264352,26104,81852,2.4487013227611247,0.2364270776767455
14278,0.4348333333333334,0,1,0,341259,264351,26104,81852,2.4486920597280375,0.23642776059132936
14279,0.4348571428571428,2,0,2,341259,264351,26106,81850,2.4486920597280375,0.23642334944150942
14280,0.4348809523809523,1,0,1,341259,264351,26107,81849,2.4486920597280375,0.236421143847487
14281,0.4348888888888889,0,2,0,341261,264349,26107,81849,2.448673533661862,0.23642250966210088
14282,0.4349047619047619,0,1,0,341262,264348,26107,81849,2.448664270628775,0.2364231925753256
14283,0.4349166666666667,1,0,1,341262,264348,26108,81848,2.448664270628775,0.2364209869553663
14284,0.4349523809523809,1,1,1,341263,264347,26109,81847,2.448655007595687,0.2364194642310381
14285,0.434952380952381,0,1,0,341264,264346,26109,81847,2.4486457445625995,0.23642014714335646
14286,0.4349999999999999,3,24,3,341288,264322,26112,81844,2.4484234317684983,0.23642992090499934
14287,0.435,169,1402,169,342690,262920,26281,81675,2.4354366593797474,0.2370173682148609
14288,0.4350357142857143,0,1,0,342691,262919,26281,81675,2.4354273963466597,0.2370180560311555
14289,0.435047619047619,0,1,0,342692,262918,26281,81675,2.435418133313572,0.23701874385144214
14290,0.4350555555555556,0,1,0,342693,262917,26281,81675,2.435408870280485,0.23701943167572084
14291,0.4350714285714286,0,1,0,342694,262916,26281,81675,2.435399607247397,0.23702011950399168
14292,0.435079365079365,0,1,0,342695,262915,26281,81675,2.4353903442143094,0.2370208073362547
14293,0.435095238095238,0,1,0,342696,262914,26281,81675,2.4353810811812218,0.23702149517250987
14294,0.4351666666666666,3,14,3,342710,262900,26284,81672,2.435251398717996,0.23702448254646344
14295,0.4351666666666667,1,4,1,342714,262896,26285,81671,2.435214346585646,0.2370250198074685
14296,0.4351785714285714,0,1,0,342715,262895,26285,81671,2.4352050835525585,0.23702570770186263
14297,0.4351904761904762,0,2,0,342717,262893,26285,81671,2.435186557486383,0.2370270835026294
14298,0.4351919191919192,1,0,1,342717,262893,26286,81670,2.435186557486383,0.23702486918212345
14299,0.4352222222222222,0,1,0,342718,262892,26286,81670,2.435177294453296,0.23702555708406614
14300,0.4352499999999999,0,1,0,342719,262891,26286,81670,2.435168031420208,0.23702624499000177
14301,0.4352619047619047,0,1,0,342720,262890,26286,81670,2.4351587683871205,0.23702693289993035
14302,0.4352777777777777,1,1,1,342721,262889,26287,81669,2.4351495053540333,0.2370254064627726
14303,0.4352857142857143,0,3,0,342724,262886,26287,81669,2.4351217162547703,0.23702747021520512
14304,0.4353095238095237,0,1,0,342725,262885,26287,81669,2.435112453221683,0.2370281581406688
14305,0.4353333333333333,4,21,4,342746,262864,26291,81665,2.4349179295268444,0.23703374752197928
14306,0.4353333333333334,1,13,1,342759,262851,26292,81664,2.434797510096706,0.23704047719257507
14307,0.4353571428571428,1,2,1,342761,262849,26293,81663,2.434778984030531,0.23703963867731748
14308,0.4353809523809523,0,1,0,342762,262848,26293,81663,2.4347697209974433,0.23704032672396527
14309,0.4354166666666666,0,1,0,342763,262847,26293,81663,2.434760457964356,0.2370410147746074
14310,0.4354166666666667,0,1,0,342764,262846,26293,81663,2.4347511949312683,0.23704170282924394
14311,0.4354264069264069,0,2,0,342766,262844,26293,81663,2.434732668865093,0.23704307895050028
14312,0.435452380952381,0,1,0,342767,262843,26293,81663,2.4347234058320057,0.23704376701712015
14313,0.4354545454545455,0,1,0,342768,262842,26293,81663,2.434714142798918,0.23704445508773458
14314,0.4354761904761904,0,2,0,342770,262840,26293,81663,2.434695616732743,0.2370458312409471
14315,0.4354761904761905,2,5,2,342775,262835,26295,81661,2.434649301567305,0.23704484232037526
14316,0.4354880952380952,0,1,0,342776,262834,26295,81661,2.4346400385342175,0.23704553041408438
14317,0.4354999999999999,0,1,0,342777,262833,26295,81661,2.4346307755011303,0.2370462185117883
14318,0.4355,5,14,5,342791,262819,26300,81656,2.4345010930379045,0.23704477828579723
14319,0.4355000000000001,0,1,0,342792,262818,26300,81656,2.434491830004817,0.23704546642126836
14320,0.4355238095238096,1,0,1,342792,262818,26301,81655,2.434491830004817,0.2370432515755952
14321,0.4355357142857143,0,1,0,342793,262817,26301,81655,2.434482566971729,0.2370439397106296
14322,0.4355555555555555,0,1,0,342794,262816,26301,81655,2.4344733039386415,0.23704462784965932
14323,0.4355555555555556,0,3,0,342797,262813,26301,81655,2.434445514839379,0.23704669229072076
14324,0.435595238095238,0,1,0,342798,262812,26301,81655,2.4344362518062916,0.2370473804457321
14325,0.4356428571428571,1,2,1,342800,262810,26302,81654,2.4344177257401163,0.23704654187375168
14326,0.4356666666666666,3,27,3,342827,262783,26305,81651,2.4341676238467524,0.23705847854741402
14327,0.4356666666666667,1,11,1,342838,262772,26306,81650,2.4340657304827893,0.23706383448211787
14328,0.4357136752136752,0,1,0,342839,262771,26306,81650,2.4340564674497016,0.2370645227788085
14329,0.4357142857142857,0,11,0,342850,262760,26306,81650,2.4339545740857385,0.23707209430620482
14330,0.4357142857142858,0,3,0,342853,262757,26306,81650,2.433926784986476,0.23707415935216183
14331,0.4357499999999999,0,1,0,342854,262756,26306,81650,2.4339175219533886,0.2370748477088088
14332,0.43575,0,2,0,342856,262754,26306,81650,2.4338989958872133,0.23707622443409485
14333,0.4357619047619048,0,1,0,342857,262753,26306,81650,2.4338897328541256,0.23707691280273402
14334,0.4357777777777778,0,2,0,342859,262751,26306,81650,2.4338712067879507,0.23707828955200477
14335,0.4357857142857143,0,1,0,342860,262750,26306,81650,2.433861943754863,0.23707897793263646
14336,0.4358095238095238,0,1,0,342861,262749,26306,81650,2.4338526807217757,0.23707966631726574
14337,0.4358333333333332,2,1,2,342862,262748,26308,81648,2.433843417688688,0.2370759242267622
14338,0.4358333333333333,30,158,30,343020,262590,26338,81618,2.4323798584608545,0.23711825407892903
14339,0.4358333333333334,0,1,0,343021,262589,26338,81618,2.432370595427767,0.23711894296164807
14340,0.4358809523809524,0,2,0,343023,262587,26338,81618,2.432352069361592,0.23712032073909445
14341,0.4358874458874459,0,1,0,343024,262586,26338,81618,2.432342806328504,0.2371210096338218
14342,0.4358888888888889,0,1,0,343025,262585,26338,81618,2.4323335432954165,0.23712169853255202
14343,0.4359090909090909,0,1,0,343026,262584,26338,81618,2.4323242802623293,0.2371223874352851
14344,0.4359166666666667,0,1,0,343027,262583,26338,81618,2.4323150172292416,0.2371230763420211
14345,0.4359523809523808,1,0,1,343027,262583,26339,81617,2.4323150172292416,0.23712085996513654
14346,0.4359523809523809,1,6,1,343033,262577,26340,81616,2.4322594390307164,0.23712277704659884
14347,0.435952380952381,0,2,0,343035,262575,26340,81616,2.432240912964541,0.23712415490236527
14348,0.4359523809523811,0,2,0,343037,262573,26340,81616,2.432222386898366,0.23712553277414444
14349,0.4359545454545454,0,2,0,343039,262571,26340,81616,2.4322038608321908,0.23712691066193667
14350,0.4359603174603175,0,1,0,343040,262570,26340,81616,2.4321945977991035,0.2371275996118378
14351,0.4359642857142857,0,1,0,343041,262569,26340,81616,2.432185334766016,0.23712828856574225
14352,0.4359999999999999,0,6,0,343047,262563,26340,81616,2.4321297565674906,0.23713242237324184
14353,0.436,25,133,25,343180,262430,26365,81591,2.430897773166846,0.23716866121544905
14354,0.4360000000000001,0,4,0,343184,262426,26365,81591,2.4308607210344957,0.2371714188543008
14355,0.4360238095238095,0,1,0,343185,262425,26365,81591,2.430851458001408,0.23717210827403376
14356,0.436047619047619,0,1,0,343186,262424,26365,81591,2.4308421949683203,0.2371727976977748
14357,0.4360714285714285,0,1,0,343187,262423,26365,81591,2.430832931935233,0.23717348712552397
14358,0.4360714285714286,0,1,0,343188,262422,26365,81591,2.4308236689021454,0.23717417655728126
14359,0.4360833333333332,0,1,0,343189,262421,26365,81591,2.4308144058690577,0.23717486599304674
14360,0.4360952380952381,0,1,0,343190,262420,26365,81591,2.43080514283597,0.23717555543282046
14361,0.4361111111111111,0,2,0,343192,262418,26365,81591,2.430786616769795,0.23717693432439269
14362,0.4361190476190475,0,1,0,343193,262417,26365,81591,2.4307773537367074,0.23717762377619125
14363,0.4361428571428571,0,1,0,343194,262416,26365,81591,2.43076809070362,0.23717831323199817
14364,0.4361547619047619,0,1,0,343195,262415,26365,81591,2.4307588276705325,0.23717900269181352
14365,0.4361666666666666,0,8,0,343203,262407,26365,81591,2.430684723405832,0.23718451851464253
14366,0.4361666666666667,0,3,0,343206,262404,26365,81591,2.4306569343065694,0.23718658701434614
14367,0.4361904761904762,1,2,1,343208,262402,26366,81590,2.4306384082403945,0.2371857485057792
14368,0.4362142857142857,1,0,1,343208,262402,26367,81589,2.4306384082403945,0.2371835309644729
14369,0.4362460317460318,0,1,0,343209,262401,26367,81589,2.4306291452073068,0.23718422047152535
14370,0.4362499999999999,0,2,0,343211,262399,26367,81589,2.4306106191411314,0.23718559949765688
14371,0.43625,1,9,1,343220,262390,26368,81588,2.4305272518433436,0.2371895877061905
14372,0.4362857142857143,0,3,0,343223,262387,26368,81588,2.430499462744081,0.23719165637037576
14373,0.4363095238095238,0,3,0,343226,262384,26368,81588,2.4304716736448184,0.2371937250706453
14374,0.4363253968253968,0,2,0,343228,262382,26368,81588,2.430453147578643,0.2371951042242056
14375,0.4363333333333332,0,3,0,343231,262379,26368,81588,2.4304253584793805,0.2371971729846177
14376,0.4363333333333333,2,25,2,343256,262354,26370,81586,2.4301937826521915,0.23720997848461942
14377,0.4363333333333334,0,6,0,343262,262348,26370,81586,2.4301382044536664,0.2372141166619177
14378,0.4363412698412698,1,0,1,343262,262348,26371,81585,2.4301382044536664,0.2372118988291324
14379,0.4363809523809523,2,2,2,343264,262346,26373,81583,2.430119678387491,0.23720884252272997
14380,0.4364285714285714,1,4,1,343268,262342,26374,81582,2.430082626255141,0.2372093834684407
14381,0.4364999999999998,0,1,0,343269,262341,26374,81582,2.4300733632220535,0.2372100731849862
14382,0.4365,4,33,4,343302,262308,26378,81578,2.429767683130164,0.2372239637554306
14383,0.4365198412698412,0,1,0,343303,262307,26378,81578,2.4297584200970768,0.2372246535905899
14384,0.4365238095238095,0,1,0,343304,262306,26378,81578,2.429749157063989,0.2372253434297612
14385,0.4365238095238096,0,1,0,343305,262305,26378,81578,2.4297398940309014,0.2372260332729446
14386,0.4365277777777778,0,1,0,343306,262304,26378,81578,2.4297306309978137,0.23722672312014004
14387,0.4365476190476189,1,0,1,343306,262304,26379,81577,2.4297306309978137,0.23722450498864434
14388,0.4365476190476191,1,4,1,343310,262300,26380,81576,2.429693578865464,0.23722504623759727
14389,0.4365595238095238,0,1,0,343311,262299,26380,81576,2.429684315832376,0.23722573609596512
14390,0.4365714285714286,0,2,0,343313,262297,26380,81576,2.429665789766201,0.23722711582473763
14391,0.4366111111111111,1,0,1,343313,262297,26381,81575,2.429665789766201,0.23722489763632978
14392,0.4366666666666666,57,412,57,343725,261885,26438,81518,2.4258494201341287,0.23738289997466533
14393,0.4366666666666667,37,340,37,344065,261545,26475,81481,2.4226999888843603,0.2375359302210328
14394,0.4367142857142857,0,2,0,344067,261543,26475,81481,2.422681462818185,0.23753731517328233
14395,0.4367142857142858,1,1,1,344068,261542,26476,81480,2.4226721997850977,0.23753578487677177
14396,0.4367261904761905,0,1,0,344069,261541,26476,81480,2.42266293675201,0.23753647735852906
14397,0.4367698412698412,0,1,0,344070,261540,26476,81480,2.4226536737189224,0.23753716984432394
14398,0.4367857142857143,0,1,0,344071,261539,26476,81480,2.422644410685835,0.2375378623341564
14399,0.436797619047619,0,1,0,344072,261538,26476,81480,2.4226351476527475,0.23753855482802652
14400,0.4368333333333333,0,14,0,344086,261524,26476,81480,2.4225054651895217,0.2375482501661788
14401,0.4368571428571428,0,2,0,344088,261522,26476,81480,2.4224869391233463,0.2375496352790946
14402,0.4368809523809523,1,1,1,344089,261521,26477,81479,2.422477676090259,0.2375481049562682
14403,0.4369047619047618,0,1,0,344090,261520,26477,81479,2.4224684130571714,0.2375487975183601
14404,0.4369285714285713,0,1,0,344091,261519,26477,81479,2.4224591500240837,0.23754949008449028
14405,0.4369523809523808,0,1,0,344092,261518,26477,81479,2.4224498869909965,0.2375501826546588
14406,0.436952380952381,0,2,0,344094,261516,26477,81479,2.422431360924821,0.2375515678071109
14407,0.4369722222222221,0,1,0,344095,261515,26477,81479,2.4224220978917335,0.23755226038939456
14408,0.4369761904761905,0,1,0,344096,261514,26477,81479,2.4224128348586462,0.2375529529757167
14409,0.4369999999999999,1,5,1,344101,261509,26478,81478,2.4223665196932083,0.23755419301606184
14410,0.437,8,46,8,344147,261463,26486,81470,2.4219404201711807,0.23756827135329642
14411,0.4370238095238095,0,3,0,344150,261460,26486,81470,2.421912631071918,0.2375703496340361
14412,0.4370416666666666,0,1,0,344151,261459,26486,81470,2.4219033680388304,0.23757104240236318
14413,0.4370454545454545,0,1,0,344152,261458,26486,81470,2.421894105005743,0.23757173517473057
14414,0.437047619047619,0,2,0,344154,261456,26486,81470,2.421875578939568,0.2375731207315864
14415,0.4370476190476191,1,0,1,344154,261456,26487,81469,2.421875578939568,0.237570897426551
14416,0.4370714285714286,0,1,0,344155,261455,26487,81469,2.4218663159064806,0.2375715902065764
14417,0.437079365079365,0,1,0,344156,261454,26487,81469,2.421857052873393,0.2375722829906422
14418,0.4370833333333334,1,1,1,344157,261453,26488,81468,2.4218477898403052,0.23757075244735668
14419,0.4370952380952381,2,2,2,344159,261451,26490,81466,2.4218292637741303,0.23756769130722594
14420,0.4371190476190476,0,1,0,344160,261450,26490,81466,2.4218200007410426,0.23756838409406386
14421,0.4371269841269841,0,1,0,344161,261449,26490,81466,2.421810737707955,0.23756907688494233
14422,0.4371349206349206,0,1,0,344162,261448,26490,81466,2.4218014746748677,0.23756976967986143
14423,0.437142857142857,0,1,0,344163,261447,26490,81466,2.42179221164178,0.23757046247882116
14424,0.4371428571428571,2,10,2,344173,261437,26492,81464,2.4216995813109046,0.237572943794273
14425,0.4371666666666666,0,3,0,344176,261434,26492,81464,2.421671792211642,0.2375750223098414
14426,0.4371666666666667,4,13,4,344189,261421,26496,81460,2.4215513727815035,0.23757513539682865
14427,0.4371746031746032,1,3,1,344192,261418,26497,81459,2.421523583682241,0.23757499044846986
14428,0.4371922799422799,0,1,0,344193,261417,26497,81459,2.421514320649153,0.23757568333741644
14429,0.4372142857142856,1,1,1,344194,261416,26498,81458,2.421505057616066,0.23757415260416362
14430,0.4372222222222223,0,1,0,344195,261415,26498,81458,2.4214957945829783,0.2375748454967291
14431,0.4372777777777778,0,1,0,344196,261414,26498,81458,2.4214865315498906,0.23757553839333628
14432,0.4372857142857143,1,3,1,344199,261411,26499,81457,2.421458742450628,0.23757539344587422
14433,0.437310606060606,0,2,0,344201,261409,26499,81457,2.421440216384453,0.23757677926653561
14434,0.4373160173160172,0,1,0,344202,261408,26499,81457,2.4214309533513654,0.23757747218292913
14435,0.4373333333333333,8,58,8,344260,261350,26507,81449,2.4208936974322874,0.23759987631235796
14436,0.4373809523809523,0,2,0,344262,261348,26507,81449,2.420875171366112,0.23760126255480649
14437,0.4373809523809524,0,4,0,344266,261344,26507,81449,2.420838119233762,0.23760403508823108
14438,0.4374166666666667,0,1,0,344267,261343,26507,81449,2.4208288562006746,0.23760472823169734
14439,0.4374242424242424,0,1,0,344268,261342,26507,81449,2.420819593167587,0.23760542137920773
14440,0.4374285714285714,0,1,0,344269,261341,26507,81449,2.420810330134499,0.23760611453076227
14441,0.4374404761904762,0,1,0,344270,261340,26507,81449,2.4208010671014115,0.237606807686361
14442,0.4374444444444444,0,1,0,344271,261339,26507,81449,2.4207918040683243,0.23760750084600393
14443,0.4374523809523809,0,2,0,344273,261337,26507,81449,2.420773278002149,0.23760888717742265
14444,0.4374761904761904,1,0,1,344273,261337,26508,81448,2.420773278002149,0.23760666306868736
14445,0.4374999999999999,2,8,2,344281,261329,26510,81446,2.420699173737449,0.23760776019254612
14446,0.4375,51,372,51,344653,260957,26561,81395,2.4172533254288786,0.23775237182782633
14447,0.4375714285714285,0,1,0,344654,260956,26561,81395,2.417244062395791,0.23775306629745496
14448,0.4375714285714286,1,0,1,344654,260956,26562,81394,2.417244062395791,0.23775083978384695
14449,0.437595238095238,0,1,0,344655,260955,26562,81394,2.4172347993627032,0.23775153425305756
14450,0.4376190476190476,1,3,1,344658,260952,26563,81393,2.4172070102634406,0.23775139114051613
14451,0.4376190476190477,0,1,0,344659,260951,26563,81393,2.417197747230353,0.23775208562148015
14452,0.4376428571428572,0,2,0,344661,260949,26563,81393,2.417179221164178,0.23775347459557986
14453,0.4376666666666666,6,34,6,344695,260915,26569,81387,2.4168642780392013,0.23776372910470872
14454,0.4376666666666667,0,8,0,344703,260907,26569,81387,2.416790173774501,0.23776928605234096
14455,0.4376785714285713,2,1,2,344704,260906,26571,81385,2.416780910741413,0.23776552699311404
14456,0.4377142857142856,0,1,0,344705,260905,26571,81385,2.4167716477083254,0.2377662216249379
14457,0.4377142857142857,0,1,0,344706,260904,26571,81385,2.416762384675238,0.23776691626082053
14458,0.43775,0,1,0,344707,260903,26571,81385,2.4167531216421505,0.23776761090076193
14459,0.4377619047619047,0,3,0,344710,260900,26571,81385,2.416725332542888,0.23776969484493915
14460,0.4377777777777777,0,1,0,344711,260899,26571,81385,2.4167160695098002,0.23777038950111604
14461,0.4377904040404039,0,3,0,344714,260896,26571,81385,2.4166882804105376,0.23777247349400055
14462,0.4378333333333333,1,10,1,344724,260886,26572,81384,2.416595650079662,0.23777719344377246
14463,0.4378333333333334,2,4,2,344728,260882,26574,81382,2.416558597947312,0.23777551831334875
14464,0.4378571428571428,0,4,0,344732,260878,26574,81382,2.4165215458149616,0.23777829720095833
14465,0.4378809523809523,0,1,0,344733,260877,26574,81382,2.416512282781874,0.2377789919330098
14466,0.4379047619047619,0,1,0,344734,260876,26574,81382,2.4165030197487867,0.23777968666912094
14467,0.4379166666666666,0,2,0,344736,260874,26574,81382,2.4164844936826113,0.2377810761535225
14468,0.4379166666666667,0,1,0,344737,260873,26574,81382,2.416475230649524,0.237781770901813
14469,0.4379761904761904,0,1,0,344738,260872,26574,81382,2.4164659676164364,0.23778246565416328
14470,0.4379999999999999,8,91,8,344829,260781,26582,81374,2.415623031605469,0.23782788502286975
14471,0.438,1,10,1,344839,260771,26583,81373,2.4155304012745935,0.2378326084923307
14472,0.4380122655122656,0,1,0,344840,260770,26583,81373,2.415521138241506,0.23783330361866237
14473,0.438095238095238,0,2,0,344842,260768,26583,81373,2.415502612175331,0.23783469388351586
14474,0.4380952380952381,0,2,0,344844,260766,26583,81373,2.4154840861091555,0.23783608416462315
14475,0.4381190476190476,0,1,0,344845,260765,26583,81373,2.415474823076068,0.23783677931127206
14476,0.4381309523809523,0,1,0,344846,260764,26583,81373,2.4154655600429806,0.23783747446198453
14477,0.4381349206349207,0,3,0,344849,260761,26583,81373,2.415437770943718,0.23783955993850361
14478,0.4381428571428571,0,2,0,344851,260759,26583,81373,2.4154192448775427,0.23784095027650146
14479,0.4381666666666666,2,17,2,344868,260742,26585,81371,2.4152617733150543,0.23784831327660744
14480,0.4381666666666667,0,4,0,344872,260738,26585,81371,2.415224721182704,0.23785109424189366
14481,0.4381904761904762,1,0,1,344872,260738,26586,81370,2.415224721182704,0.23784886643983771
14482,0.4381944444444445,0,1,0,344873,260737,26586,81370,2.4152154581496164,0.23784956168684065
14483,0.4382142857142856,0,1,0,344874,260736,26586,81370,2.415206195116529,0.23785025693790812
14484,0.4382142857142858,0,1,0,344875,260735,26586,81370,2.4151969320834414,0.23785095219304014
14485,0.43825,0,1,0,344876,260734,26586,81370,2.4151876690503538,0.23785164745223675
14486,0.4382857142857142,0,1,0,344877,260733,26586,81370,2.415178406017266,0.23785234271549796
14487,0.4382857142857143,1,0,1,344877,260733,26587,81369,2.415178406017266,0.23785011487801883
14488,0.4383333333333333,51,444,51,345321,260289,26638,81318,2.411065619326392,0.2380454733070458
14489,0.4383333333333334,0,3,0,345324,260286,26638,81318,2.4110378302271296,0.2380475638458566
14490,0.4383809523809524,0,1,0,345325,260285,26638,81318,2.411028567194042,0.2380482607002866
14491,0.4383888888888889,0,1,0,345326,260284,26638,81318,2.4110193041609547,0.2380489575587965
14492,0.4383928571428571,0,1,0,345327,260283,26638,81318,2.411010041127867,0.23804965442138634
14493,0.4383950216450216,2,2,2,345329,260281,26640,81316,2.4109915150616916,0.2380465870601908
14494,0.4384126984126983,0,1,0,345330,260280,26640,81316,2.4109822520286044,0.2380472839260413
14495,0.4384166666666667,0,2,0,345332,260278,26640,81316,2.410963725962429,0.2380486776699825
14496,0.4384523809523809,0,1,0,345333,260277,26640,81316,2.410954462929342,0.2380493745480733
14497,0.4384999999999999,0,5,0,345338,260272,26640,81316,2.410908147763904,0.23805285899973067
14498,0.4385,7,17,7,345355,260255,26647,81309,2.4107506762014155,0.23804909182466535
14499,0.4385238095238095,0,3,0,345358,260252,26647,81309,2.410722887102153,0.2380511826584417
14500,0.4385476190476191,0,1,0,345359,260251,26647,81309,2.410713624069065,0.2380518796111957
14501,0.4385714285714286,2,7,2,345366,260244,26649,81307,2.4106487828374523,0.23805229672874623
14502,0.4386111111111111,0,1,0,345367,260243,26649,81307,2.4106395198043646,0.2380529937051676
14503,0.4386190476190476,1,0,1,345367,260243,26650,81306,2.4106395198043646,0.2380507628480833
14504,0.4386428571428571,0,1,0,345368,260242,26650,81306,2.4106302567712774,0.238051459824095
14505,0.4386666666666666,3,33,3,345401,260209,26653,81303,2.410324576679388,0.23806776921455175
14506,0.4386666666666667,1,2,1,345403,260207,26654,81302,2.4103060506132126,0.23806693235024554
14507,0.4386666666666668,0,1,0,345404,260206,26654,81302,2.4102967875801253,0.2380676294552397
14508,0.4386904761904762,0,4,0,345408,260202,26654,81302,2.410259735447775,0.23807041791604197
14509,0.43875,1,8,1,345416,260194,26655,81301,2.4101856311830745,0.23807376389112578
14510,0.4388095238095238,0,7,0,345423,260187,26655,81301,2.4101207899514616,0.23807864405191398
14511,0.4388333333333332,1,3,1,345426,260184,26656,81300,2.410093000852199,0.2380785044101627
14512,0.4388333333333333,2,11,2,345437,260173,26658,81298,2.409991107488236,0.2380817111848444
14513,0.4388333333333334,1,2,1,345439,260171,26659,81297,2.409972581422061,0.23808087434254455
14514,0.4388571428571428,1,0,1,345439,260171,26660,81296,2.409972581422061,0.23807864303139104
14515,0.4388690476190476,0,1,0,345440,260170,26660,81296,2.4099633183889733,0.23807934025642377
14516,0.4388888888888889,1,2,1,345442,260168,26661,81295,2.4099447923227983,0.2380785033810398
14517,0.4389166666666667,0,1,0,345443,260167,26661,81295,2.4099355292897107,0.23807920061383112
14518,0.4389285714285714,0,1,0,345444,260166,26661,81295,2.409926266256623,0.23807989785070624
14519,0.4389523809523808,0,1,0,345445,260165,26661,81295,2.4099170032235353,0.2380805950916652
14520,0.4389523809523809,0,1,0,345446,260164,26661,81295,2.409907740190448,0.23808129233670808
14521,0.4389880952380952,1,0,1,345446,260164,26662,81294,2.409907740190448,0.23807906096796677
14522,0.4389999999999999,1,1,1,345447,260163,26663,81293,2.4098984771573604,0.2380775268262968
14523,0.439,10,82,10,345529,260081,26673,81283,2.4091389084441808,0.23811239615190824
14524,0.439030303030303,0,1,0,345530,260080,26673,81283,2.4091296454110935,0.2381130936861933
14525,0.4390476190476189,0,3,0,345533,260077,26673,81283,2.409101856311831,0.23811518631356926
14526,0.4390476190476191,1,7,1,345540,260070,26674,81282,2.409037015080218,0.23811783730577235
14527,0.4390485625485625,0,2,0,345542,260068,26674,81282,2.4090184890140427,0.23811923245935257
14528,0.4390833333333332,0,1,0,345543,260067,26674,81282,2.409009225980955,0.23811993004227344
14529,0.4390833333333333,0,1,0,345544,260066,26674,81282,2.408999962947868,0.23812062762928154
14530,0.439095238095238,0,1,0,345545,260065,26674,81282,2.40899069991478,0.2381213252203769
14531,0.4391190476190476,0,1,0,345546,260064,26674,81282,2.4089814368816924,0.23812202281555958
14532,0.4391212121212121,1,1,1,345547,260063,26675,81281,2.408972173848605,0.2381204884222368
14533,0.4391428571428571,0,1,0,345548,260062,26675,81281,2.4089629108155175,0.23812118602109902
14534,0.4391666666666666,11,101,11,345649,259961,26686,81270,2.4080273444736746,0.23816710674000896
14535,0.4391666666666667,7,62,7,345711,259899,26693,81263,2.407453036422246,0.23819475791559436
14536,0.4391904761904762,0,2,0,345713,259897,26693,81263,2.407434510356071,0.238196154297104
14537,0.4392142857142857,1,0,1,345713,259897,26694,81262,2.407434510356071,0.23819392130941877
14538,0.4392857142857143,2,16,2,345729,259881,26696,81260,2.40728630182667,0.2382006267203297
14539,0.4393095238095237,0,1,0,345730,259880,26696,81260,2.4072770387935827,0.23820132496922083
14540,0.4393333333333333,14,49,14,345779,259831,26710,81246,2.4068231501722925,0.238204276453704
14541,0.4393571428571429,0,1,0,345780,259830,26710,81246,2.406813887139205,0.23820497484431621
14542,0.4394444444444445,1,0,1,345780,259830,26711,81245,2.406813887139205,0.23820274133255148
14543,0.4394583333333334,1,2,1,345782,259828,26712,81244,2.40679536107303,0.2382019045831965
14544,0.4394999999999999,0,4,0,345786,259824,26712,81244,2.4067583089406797,0.23820469818335346
14545,0.4395,2,11,2,345797,259813,26714,81242,2.4066564155767165,0.2382079136796118
14546,0.4395000000000001,0,1,0,345798,259812,26714,81242,2.406647152543629,0.238208612125939
14547,0.4395184815184815,0,1,0,345799,259811,26714,81242,2.406637889510541,0.23820931057636202
14548,0.4395238095238095,1,7,1,345806,259804,26715,81241,2.4065730482789283,0.23821196616282309
14549,0.4395833333333332,1,1,1,345807,259803,26716,81240,2.406563785245841,0.2382104309427257
14550,0.4396428571428571,1,1,1,345808,259802,26717,81239,2.4065545222127533,0.23820889570462203
14551,0.4396666666666666,0,7,0,345815,259795,26717,81239,2.4064896809811405,0.23821378513579292
14552,0.4396666666666667,4,26,4,345841,259769,26721,81235,2.406248842120864,0.2382230120467795
14553,0.4396879509379509,0,1,0,345842,259768,26721,81235,2.4062395790877766,0.23822371064184186
14554,0.4396904761904761,0,1,0,345843,259767,26721,81235,2.406230316054689,0.23822440924100152
14555,0.4397142857142856,0,2,0,345845,259765,26721,81235,2.406211789988514,0.2382258064516129
14556,0.4397142857142857,1,0,1,345845,259765,26722,81234,2.406211789988514,0.23822357250314516
14557,0.4397222222222222,0,2,0,345847,259763,26722,81234,2.4061932639223387,0.23822496972114124
14558,0.4397499999999999,1,0,1,345847,259763,26723,81233,2.4061932639223387,0.238222735750566
14559,0.43975,0,2,0,345849,259761,26723,81233,2.4061747378561638,0.2382241329759468
14560,0.4397619047619047,0,2,0,345851,259759,26723,81233,2.4061562117899884,0.23822553021771772
14561,0.4397777777777779,0,3,0,345854,259756,26723,81233,2.406128422690726,0.23822762611110623
14562,0.4398095238095238,0,2,0,345856,259754,26723,81233,2.406109896624551,0.2382290233938537
14563,0.4398095238095239,0,1,0,345857,259753,26723,81233,2.406100633591463,0.23822972204137413
14564,0.4398333333333333,1,16,1,345873,259737,26724,81232,2.4059524250620625,0.23823866685827744
14565,0.4398333333333334,0,1,0,345874,259736,26724,81232,2.405943162028975,0.23823936557096267
14566,0.4398571428571429,0,1,0,345875,259735,26724,81232,2.405933898995887,0.23824006428774633
14567,0.4398809523809523,0,1,0,345876,259734,26724,81232,2.4059246359627995,0.23824076300862843
14568,0.4398809523809524,0,1,0,345877,259733,26724,81232,2.4059153729297122,0.23824146173360902
14569,0.4398888888888889,0,1,0,345878,259732,26724,81232,2.4059061098966246,0.23824216046268815
14570,0.4399285714285714,0,2,0,345880,259730,26724,81232,2.4058875838304496,0.2382435579331421
14571,0.4399642857142857,1,0,1,345880,259730,26725,81231,2.4058875838304496,0.23824132378776458
14572,0.4399920634920635,0,1,0,345881,259729,26725,81231,2.405878320797362,0.23824202252463633
14573,0.4399999999999999,7,30,7,345911,259699,26732,81224,2.405600429804735,0.23824734617494273
14574,0.44,465,3377,465,349288,256322,27197,80759,2.3743191670680646,0.23958336423589582
14575,0.440047619047619,0,1,0,349289,256321,27197,80759,2.3743099040349773,0.23958407499703335
14576,0.4400555555555555,1,0,1,349289,256321,27198,80758,2.3743099040349773,0.23958181909878692
14577,0.4400627705627706,0,1,0,349290,256320,27198,80758,2.3743006410018896,0.23958252985955772
14578,0.4400714285714285,0,1,0,349291,256319,27198,80758,2.374291377968802,0.23958324062454572
14579,0.4400952380952381,0,1,0,349292,256318,27198,80758,2.3742821149357147,0.23958395139375097
14580,0.4401190476190476,0,2,0,349294,256316,27198,80758,2.3742635888695394,0.2395853729448133
14581,0.4401190476190477,0,1,0,349295,256315,27198,80758,2.3742543258364517,0.23958608372667048
14582,0.4401428571428571,0,2,0,349297,256313,27198,80758,2.3742357997702768,0.23958750530303705
14583,0.4401666666666666,1,16,1,349313,256297,27199,80757,2.374087591240876,0.2395966224996588
14584,0.4401666666666667,0,1,0,349314,256296,27199,80757,2.3740783282077884,0.23959733335706848
14585,0.4401904761904762,0,5,0,349319,256291,27199,80757,2.3740320130423505,0.23960088770738885
14586,0.4402380952380952,0,1,0,349320,256290,27199,80757,2.374022750009263,0.2396015985901076
14587,0.44025,0,1,0,349321,256289,27199,80757,2.3740134869761755,0.23960230947704467
14588,0.4402619047619048,0,3,0,349324,256286,27199,80757,2.373985697876913,0.23960444216316612
14589,0.4402857142857142,0,1,0,349325,256285,27199,80757,2.3739764348438253,0.23960515306697683
14590,0.4402857142857143,0,1,0,349326,256284,27199,80757,2.3739671718107376,0.239605863975006
14591,0.4402857142857144,0,1,0,349327,256283,27199,80757,2.3739579087776503,0.23960657488725373
14592,0.440297619047619,0,1,0,349328,256282,27199,80757,2.3739486457445627,0.23960728580372004
14593,0.4403333333333333,4,18,4,349346,256264,27203,80753,2.3737819111489866,0.23961105819587736
14594,0.4403333333333334,0,9,0,349355,256255,27203,80753,2.373698543851199,0.23961745715235247
14595,0.4403484848484848,0,1,0,349356,256254,27203,80753,2.373689280818111,0.2396181681686137
14596,0.4403571428571428,0,5,0,349361,256249,27203,80753,2.373642965652673,0.23962172331321477
14597,0.4403846153846154,1,0,1,349361,256249,27204,80752,2.373642965652673,0.23961946700454895
14598,0.4404047619047618,1,0,1,349361,256249,27205,80751,2.373642965652673,0.2396172106824926
14599,0.4404166666666666,1,3,1,349364,256246,27206,80750,2.3736151765534106,0.2396170874431744
14600,0.4404166666666667,1,3,1,349367,256243,27207,80749,2.373587387454148,0.2396169642009306
14601,0.4404444444444444,0,3,0,349370,256240,27207,80749,2.3735595983548854,0.23961909735926099
14602,0.4404761904761905,0,2,0,349372,256238,27207,80749,2.37354107228871,0.2396205194859149
14603,0.4404999999999999,4,15,4,349387,256223,27211,80745,2.373402126792397,0.23962215996771208
14604,0.4405,2,6,2,349393,256217,27213,80743,2.3733465485938714,0.23962191358024693
14605,0.4405119047619047,1,1,1,349394,256216,27214,80742,2.373337285560784,0.23962036811709472
14606,0.4405555555555556,1,1,1,349395,256215,27215,80741,2.3733280225276965,0.23961882263559633
14607,0.4405714285714285,1,1,1,349396,256214,27216,80740,2.373318759494609,0.23961727713575146
14608,0.440579365079365,0,1,0,349397,256213,27216,80740,2.3733094964615216,0.23961798826542574
14609,0.4406587301587301,0,2,0,349399,256211,27216,80740,2.373290970395346,0.23961941053743718
14610,0.4406666666666666,5,49,5,349448,256162,27221,80735,2.372837081774056,0.23964297693360284
14611,0.4406666666666667,4,8,4,349456,256154,27225,80731,2.3727629775093555,0.23963963963963963
14612,0.4406904761904762,0,1,0,349457,256153,27225,80731,2.3727537144762683,0.2396403509813467
14613,0.4407142857142856,2,12,2,349469,256141,27227,80729,2.3726425580792174,0.23964437320034435
14614,0.4407142857142858,0,1,0,349470,256140,27227,80729,2.3726332950461297,0.23964508458777745
14615,0.4407575757575757,0,2,0,349472,256138,27227,80729,2.372614768979955,0.2396465073753143
14616,0.4407619047619047,0,1,0,349473,256137,27227,80729,2.372605505946867,0.2396472187754181
14617,0.4407738095238095,0,1,0,349474,256136,27227,80729,2.37259624291378,0.2396479301797456
14618,0.4407857142857143,1,1,1,349475,256135,27228,80728,2.3725869798806922,0.2396463844352155
14619,0.4408333333333333,20,194,20,349669,255941,27248,80708,2.3707899514617066,0.2397393130530612
14620,0.4408333333333334,0,3,0,349672,255938,27248,80708,2.370762162362444,0.2397414494751163
14621,0.4408571428571429,1,0,1,349672,255938,27249,80707,2.370762162362444,0.2397391911360632
14622,0.4408809523809524,1,0,1,349672,255938,27250,80706,2.370762162362444,0.23973693278359334
14623,0.4409166666666667,0,1,0,349673,255937,27250,80706,2.3707528993293563,0.23973764492355404
14624,0.4409285714285715,0,2,0,349675,255935,27250,80706,2.3707343732631814,0.23973906921616797
14625,0.4409372294372293,0,1,0,349676,255934,27250,80706,2.3707251102300937,0.2397397813688213
14626,0.4409404761904761,1,2,1,349678,255932,27251,80705,2.3707065841639188,0.23973894729337536
14627,0.4409523809523809,0,5,0,349683,255927,27251,80705,2.370660268998481,0.23974250813945197
14628,0.440952380952381,0,1,0,349684,255926,27251,80705,2.370651005965393,0.23974322032136078
14629,0.4409999999999999,0,5,0,349689,255921,27251,80705,2.3706046907999556,0.23974678129437418
14630,0.441,10,63,10,349752,255858,27261,80695,2.3700211197154397,0.23976907054758093
14631,0.441047619047619,0,1,0,349753,255857,27261,80695,2.370011856682352,0.23976978297558774
14632,0.4410476190476191,0,2,0,349755,255855,27261,80695,2.369993330616177,0.23977120784430248
14633,0.4410714285714285,0,1,0,349756,255854,27261,80695,2.3699840675830894,0.23977192028501051
14634,0.4410833333333333,0,1,0,349757,255853,27261,80695,2.3699748045500018,0.23977263272995233
14635,0.4411111111111111,0,1,0,349758,255852,27261,80695,2.3699655415169145,0.23977334517912802
14636,0.4411428571428571,0,4,0,349762,255848,27261,80695,2.3699284893845642,0.23977619501817005
14637,0.4411428571428572,0,1,0,349763,255847,27261,80695,2.3699192263514766,0.23977690748851554
14638,0.4411666666666666,0,14,0,349777,255833,27261,80695,2.369789543888251,0.239786882517948
14639,0.4411666666666667,1,0,1,349777,255833,27262,80694,2.369789543888251,0.2397846235220354
14640,0.4411904761904761,1,0,1,349777,255833,27263,80693,2.369789543888251,0.23978236451269738
14641,0.4411904761904762,1,1,1,349778,255832,27264,80692,2.369780280855163,0.2397808180100082
14642,0.4412380952380952,0,1,0,349779,255831,27264,80692,2.3697710178220754,0.2397815305343171
14643,0.44125,1,5,1,349784,255826,27265,80691,2.369724702656638,0.23978283415102358
14644,0.4412857142857143,0,3,0,349787,255823,27265,80691,2.3696969135573753,0.23978497179909306
14645,0.4413095238095238,0,3,0,349790,255820,27265,80691,2.3696691244581127,0.23978710948527684
14646,0.4413333333333332,1,5,1,349795,255815,27266,80690,2.3696228092926748,0.2397884132479458
14647,0.4413333333333333,5,37,5,349832,255778,27271,80685,2.3692800770684355,0.23980348507859706
14648,0.4413333333333334,2,7,2,349839,255771,27273,80683,2.3692152358368226,0.23980395536982768
14649,0.4413571428571428,0,2,0,349841,255769,27273,80683,2.3691967097706472,0.23980538085670466
14650,0.4413690476190476,0,1,0,349842,255768,27273,80683,2.3691874467375595,0.23980609360649843
14651,0.4413888888888888,0,1,0,349843,255767,27273,80683,2.3691781837044723,0.23980680636052906
14652,0.4414166666666667,0,1,0,349844,255766,27273,80683,2.3691689206713846,0.2398075191187966
14653,0.441420634920635,0,1,0,349845,255765,27273,80683,2.369159657638297,0.23980823188130113
14654,0.4414285714285714,1,6,1,349851,255759,27274,80682,2.3691040794397717,0.23981024904812434
14655,0.4414761904761904,0,1,0,349852,255758,27274,80682,2.369094816406684,0.23981096183569137
14656,0.4414999999999999,1,2,1,349854,255756,27275,80681,2.369076290340509,0.2398101278991312
14657,0.4415,4,24,4,349878,255732,27279,80677,2.368853977546408,0.23981819749174368
14658,0.4415238095238095,0,1,0,349879,255731,27279,80677,2.3688447145133202,0.2398189103707403
14659,0.441531746031746,0,1,0,349880,255730,27279,80677,2.3688354514802326,0.2398196232539751
14660,0.4415392156862744,0,1,0,349881,255729,27279,80677,2.3688261884471453,0.23982033614144813
14661,0.4415476190476189,0,1,0,349882,255728,27279,80677,2.3688169254140576,0.23982104903315943
14662,0.4415476190476191,0,1,0,349883,255727,27279,80677,2.36880766238097,0.23982176192910903
14663,0.4415555555555555,0,1,0,349884,255726,27279,80677,2.3687983993478823,0.239822474829297
14664,0.4415714285714285,0,1,0,349885,255725,27279,80677,2.368789136314795,0.23982318773372335
14665,0.4416071428571427,1,3,1,349888,255722,27280,80676,2.3687613472155324,0.23982306672453463
14666,0.4416190476190476,0,2,0,349890,255720,27280,80676,2.368742821149357,0.23982449256233723
14667,0.4416428571428571,0,3,0,349893,255717,27280,80676,2.3687150320500945,0.23982663135083074
14668,0.4416666666666666,35,229,35,350122,255488,27315,80641,2.3665937974730444,0.23991086755382607
14669,0.4416666666666667,35,187,35,350309,255301,27350,80606,2.364861610285672,0.2399652284709756
14670,0.4416904761904762,0,1,0,350310,255300,27350,80606,2.3648523472525844,0.23996594285306008
14671,0.4417142857142857,0,1,0,350311,255299,27350,80606,2.3648430842194967,0.23996665723939806
14672,0.44175,0,1,0,350312,255298,27350,80606,2.364833821186409,0.23996737162998952
14673,0.4417857142857143,0,3,0,350315,255295,27350,80606,2.3648060320871465,0.23996951482728543
14674,0.4418095238095237,0,1,0,350316,255294,27350,80606,2.3647967690540592,0.23997022923489134
14675,0.4418333333333333,3,15,3,350331,255279,27353,80603,2.364657823557746,0.23997415759105875
14676,0.4418571428571428,0,4,0,350335,255275,27353,80603,2.3646207714253955,0.23997701546394823
14677,0.4418809523809524,0,2,0,350337,255273,27353,80603,2.3646022453592206,0.2399784444259191
14678,0.4419047619047619,2,7,2,350344,255266,27355,80601,2.3645374041276077,0.2399789202273519
14679,0.4419404761904763,0,1,0,350345,255265,27355,80601,2.36452814109452,0.23997963473528133
14680,0.441952380952381,0,2,0,350347,255263,27355,80601,2.3645096150283447,0.23998106376390443
14681,0.4419999999999999,0,6,0,350353,255257,27355,80601,2.3644540368298195,0.23998535095189039
14682,0.442,17,85,17,350438,255172,27372,80584,2.3636666790173773,0.2400076245845197
14683,0.4420238095238095,0,3,0,350441,255169,27372,80584,2.3636388899181147,0.24000976908620325
14684,0.4420555555555555,0,1,0,350442,255168,27372,80584,2.3636296268850274,0.240010483928614
14685,0.4420833333333333,0,3,0,350445,255165,27372,80584,2.3636018377857644,0.24001262848139532
14686,0.4420952380952381,0,1,0,350446,255164,27372,80584,2.363592574752677,0.24001334334083896
14687,0.4421071428571428,0,1,0,350447,255163,27372,80584,2.3635833117195895,0.24001405820454091
14688,0.4421190476190476,0,3,0,350450,255160,27372,80584,2.363555522620327,0.2400162028211971
14689,0.4421349206349206,0,2,0,350452,255158,27372,80584,2.3635369965541515,0.24001763258692688
14690,0.4421428571428571,0,8,0,350460,255150,27372,80584,2.3634628922894514,0.240023351820191
14691,0.4421468253968253,0,1,0,350461,255149,27372,80584,2.3634536292563637,0.24002406674351345
14692,0.4421666666666666,0,4,0,350465,255145,27372,80584,2.3634165771240134,0.2400269264793926
14693,0.4421666666666667,1,10,1,350475,255135,27373,80583,2.363323946793138,0.24003181241399033
14694,0.4422222222222221,0,1,0,350476,255134,27373,80583,2.3633146837600503,0.240032527396587
14695,0.4422222222222222,0,1,0,350477,255133,27373,80583,2.363305420726963,0.24003324238344315
14696,0.4422222222222223,0,1,0,350478,255132,27373,80583,2.3632961576938754,0.24003395737455877
14697,0.4422261904761905,0,1,0,350479,255131,27373,80583,2.3632868946607877,0.24003467236993392
14698,0.4422380952380952,1,0,1,350479,255131,27374,80582,2.3632868946607877,0.24003240863475647
14699,0.44225,1,3,1,350482,255128,27375,80581,2.363259105561525,0.24003228987009584
14700,0.4422619047619047,1,0,1,350482,255128,27376,80580,2.363259105561525,0.2400300260941056
14701,0.4422640692640692,0,1,0,350483,255127,27376,80580,2.3632498425284374,0.24003074109267902
14702,0.4422692307692307,1,2,1,350485,255125,27377,80579,2.3632313164622625,0.24002990729928747
14703,0.4422857142857143,0,3,0,350488,255122,27377,80579,2.363203527363,0.24003205233228378
14704,0.4423095238095238,0,1,0,350489,255121,27377,80579,2.363194264329912,0.2400327673518022
14705,0.4423333333333332,3,4,3,350493,255117,27380,80576,2.363157212197562,0.24002883587087012
14706,0.4423333333333333,6,25,6,350518,255092,27386,80570,2.362925636370373,0.24003312856385292
14707,0.4423333333333334,1,0,1,350518,255092,27387,80569,2.362925636370373,0.24003086447338237
14708,0.4423809523809523,2,8,2,350526,255084,27389,80567,2.362851532105673,0.24003205710693548
14709,0.4423809523809524,1,4,1,350530,255080,27390,80566,2.3628144799733226,0.2400326534503614
14710,0.4424166666666667,0,1,0,350531,255079,27390,80566,2.362805216940235,0.24003336858883642
14711,0.4424285714285714,0,1,0,350532,255078,27390,80566,2.3627959539071473,0.24003408373157273
14712,0.4424404761904761,0,1,0,350533,255077,27390,80566,2.36278669087406,0.24003479887857038
14713,0.4424920634920634,0,1,0,350534,255076,27390,80566,2.3627774278409723,0.2400355140298294
14714,0.4424920634920635,1,1,1,350535,255075,27391,80565,2.3627681648078847,0.24003396496245977
14715,0.4424999999999999,0,7,0,350542,255068,27391,80565,2.3627033235762718,0.24003897113811812
14716,0.4425,43,367,43,350909,254701,27434,80522,2.3593037904331395,0.24020428192576285
14717,0.4425476190476189,0,4,0,350913,254697,27434,80522,2.3592667383007893,0.2402071481628428
14718,0.4425476190476191,0,2,0,350915,254695,27434,80522,2.359248212234614,0.24020858130703396
14719,0.4425555555555556,0,2,0,350917,254693,27434,80522,2.359229686168439,0.2402100144683263
14720,0.4425595238095238,0,1,0,350918,254692,27434,80522,2.3592204231353513,0.2402107310553855
14721,0.4425714285714285,1,0,1,350918,254692,27435,80521,2.3592204231353513,0.2402084644688601
14722,0.4425714285714286,0,3,0,350921,254689,27435,80521,2.3591926340360887,0.24021061424181855
14723,0.4425833333333333,0,2,0,350923,254687,27435,80521,2.359174107969914,0.2402120474451684
14724,0.4426190476190476,0,5,0,350928,254682,27435,80521,2.359127792804476,0.2402156305283664
14725,0.4426190476190477,2,1,2,350929,254681,27437,80519,2.359118529771388,0.2402118138424821
14726,0.4426515151515151,0,1,0,350930,254680,27437,80519,2.359109266738301,0.24021253046697633
14727,0.4426666666666666,14,49,14,350979,254631,27451,80505,2.3586553781170108,0.24021591234603265
14728,0.4426666666666667,2,7,2,350986,254624,27453,80503,2.358590536885398,0.24021639557540872
14729,0.4426746031746031,0,1,0,350987,254623,27453,80503,2.35858127385231,0.24021711236967588
14730,0.4426944444444444,0,1,0,350988,254622,27453,80503,2.3585720108192225,0.24021782916822082
14731,0.4427142857142857,0,1,0,350989,254621,27453,80503,2.3585627477861353,0.24021854597104356
14732,0.4427142857142858,0,1,0,350990,254620,27453,80503,2.3585534847530476,0.24021926277814415
14733,0.4427380952380952,0,1,0,350991,254619,27453,80503,2.35854422171996,0.24021997958952263
14734,0.44275,0,4,0,350995,254615,27453,80503,2.3585071695876096,0.24022284687781617
14735,0.4427572427572428,0,1,0,350996,254614,27453,80503,2.3584979065545224,0.24022356371058465
14736,0.4427619047619048,0,1,0,350997,254613,27453,80503,2.3584886435214347,0.24022428054763126
14737,0.4427777777777777,0,4,0,351001,254609,27453,80503,2.3584515913890844,0.24022714793859964
14738,0.4427777777777779,0,3,0,351004,254606,27453,80503,2.358423802289822,0.24022929852674801
14739,0.4428333333333332,0,1,0,351005,254605,27453,80503,2.358414539256734,0.24023001539802094
14740,0.4428333333333333,3,14,3,351019,254591,27456,80500,2.3582848567935084,0.2402332500723684
14741,0.4428333333333334,1,9,1,351028,254582,27457,80499,2.3582014894957206,0.24023743512762585
14742,0.4428571428571428,0,9,0,351037,254573,27457,80499,2.3581181221979324,0.2402438878808137
14743,0.4428661616161616,0,3,0,351040,254570,27457,80499,2.3580903330986698,0.24024603887557489
14744,0.4428809523809523,0,1,0,351041,254569,27457,80499,2.358081070065582,0.24024675588238806
14745,0.4429166666666666,0,5,0,351046,254564,27457,80499,2.3580347549001446,0.2402503409806514
14746,0.4429166666666667,0,1,0,351047,254563,27457,80499,2.358025491867057,0.24025105801314384
14747,0.4429285714285714,1,0,1,351047,254563,27458,80498,2.358025491867057,0.24024879051874137
14748,0.4429444444444444,0,1,0,351048,254562,27458,80498,2.358016228833969,0.24024950755088642
14749,0.442952380952381,0,2,0,351050,254560,27458,80498,2.3579977027677943,0.24025094162801663
14750,0.4429761904761905,0,3,0,351053,254557,27458,80498,2.3579699136685317,0.24025309277581292
14751,0.4429999999999999,6,59,6,351112,254498,27464,80492,2.357423394716366,0.2402817994567002
14752,0.443,0,12,0,351124,254486,27464,80492,2.3573122383193152,0.24029040713121458
14753,0.443020202020202,0,1,0,351125,254485,27464,80492,2.3573029752862276,0.2402911244652618
14754,0.4430238095238096,0,1,0,351126,254484,27464,80492,2.3572937122531403,0.2402918418035919
14755,0.443031746031746,0,4,0,351130,254480,27464,80492,2.35725666012079,0.24029471119974208
14756,0.4430750915750915,0,1,0,351131,254479,27464,80492,2.3572473970877024,0.24029542855948724
14757,0.443095238095238,1,0,1,351131,254479,27465,80491,2.3572473970877024,0.24029316058154462
14758,0.4430952380952381,0,2,0,351133,254477,27465,80491,2.3572288710215274,0.2402945953046261
14759,0.4431428571428571,1,1,1,351134,254476,27466,80490,2.3572196079884398,0.24029304466721996
14760,0.4431666666666666,2,13,2,351147,254463,27468,80488,2.3570991885583017,0.24029783460864426
14761,0.4431666666666667,2,7,2,351154,254456,27470,80486,2.357034347326689,0.24029832030620227
14762,0.4431944444444445,0,1,0,351155,254455,27470,80486,2.357025084293601,0.24029903774097527
14763,0.4432142857142856,1,5,1,351160,254450,27471,80485,2.356978769128163,0.240300356785645
14764,0.4432142857142858,0,1,0,351161,254449,27471,80485,2.356969506095076,0.24030107424149236
14765,0.4432188644688644,0,1,0,351162,254448,27471,80485,2.3569602430619883,0.2403017917016239
14766,0.4432380952380951,0,1,0,351163,254447,27471,80485,2.3569509800289006,0.24030250916603968
14767,0.4432777777777777,0,1,0,351164,254446,27471,80485,2.356941716995813,0.2403032266347397
14768,0.4432857142857142,0,1,0,351165,254445,27471,80485,2.3569324539627257,0.24030394410772402
14769,0.4432857142857143,0,1,0,351166,254444,27471,80485,2.356923190929638,0.24030466158499264
14770,0.4433333333333333,114,725,114,351891,253719,27585,80371,2.3502074919411613,0.24056691310724654
14771,0.4433333333333334,1,1,1,351892,253718,27586,80370,2.3501982289080736,0.2405653600249036
14772,0.4433571428571428,0,3,0,351895,253715,27586,80370,2.350170439808811,0.24056752024185463
14773,0.4433809523809524,0,2,0,351897,253713,27586,80370,2.350151913742636,0.24056896040804232
14774,0.4434047619047618,0,2,0,351899,253711,27586,80370,2.3501333876764607,0.24057040059147333
14775,0.4434166666666666,0,1,0,351900,253710,27586,80370,2.350124124643373,0.24057112068965517
14776,0.4434444444444444,0,1,0,351901,253709,27586,80370,2.350114861610286,0.24057184079214797
14777,0.4434523809523809,0,2,0,351903,253707,27586,80370,2.3500963355441105,0.24057328101006653
14778,0.443452380952381,0,1,0,351904,253706,27586,80370,2.3500870725110232,0.2405740011254924
14779,0.4434751082251082,0,1,0,351905,253705,27586,80370,2.3500778094779355,0.24057472124522936
14780,0.4435,5,29,5,351934,253676,27591,80365,2.3498091815183964,0.2405842396592035
14781,0.4435454545454545,0,1,0,351935,253675,27591,80365,2.3497999184853087,0.24058495988504372
14782,0.4435714285714285,0,5,0,351940,253670,27591,80365,2.349753603319871,0.24058856107892884
14783,0.4435714285714286,0,2,0,351942,253668,27591,80365,2.349735077253696,0.24059000158666957
14784,0.4435833333333333,0,1,0,351943,253667,27591,80365,2.3497258142206086,0.24059072184700867
14785,0.4436666666666666,3,20,3,351963,253647,27594,80362,2.349540553558857,0.24059830723124226
14786,0.4436666666666667,0,8,0,351971,253639,27594,80362,2.349466449294157,0.24060407004769446
14787,0.4436825396825397,0,1,0,351972,253638,27594,80362,2.3494571862610694,0.2406047904191617
14788,0.4436904761904761,0,1,0,351973,253637,27594,80362,2.3494479232279817,0.2406055107949425
14789,0.4436984126984126,0,4,0,351977,253633,27594,80362,2.3494108710956314,0.2406083923412027
14790,0.4437142857142856,0,4,0,351981,253629,27594,80362,2.349373818963281,0.24061127395648385
14791,0.4437222222222222,0,1,0,351982,253628,27594,80362,2.349364555930194,0.24061199437108896
14792,0.44375,0,5,0,351987,253623,27594,80362,2.349318240764756,0.24061559650882525
14793,0.4437777777777778,0,1,0,351988,253622,27594,80362,2.3493089777316682,0.24061631694931493
14794,0.4437857142857143,1,2,1,351990,253620,27595,80361,2.3492904516654933,0.24061548411436579
14795,0.4437878787878787,0,1,0,351991,253619,27595,80361,2.3492811886324056,0.2406162045631475
14796,0.4438095238095238,0,5,0,351996,253614,27595,80361,2.349234873466968,0.24061980687177184
14797,0.4438333333333332,0,2,0,351998,253612,27595,80361,2.3492163474007928,0.24062124782542302
14798,0.4438333333333333,0,15,0,352013,253597,27595,80361,2.34907740190448,0.24063205552794065
14799,0.4438333333333334,0,1,0,352014,253596,27595,80361,2.349068138871392,0.24063277607596187
14800,0.4438571428571428,0,2,0,352016,253594,27595,80361,2.3490496128052167,0.24063421718495007
14801,0.4438712121212121,0,1,0,352017,253593,27595,80361,2.3490403497721295,0.2406349377459171
14802,0.4438888888888888,0,2,0,352019,253591,27595,80361,2.349021823705954,0.24063637888079725
14803,0.4439047619047619,0,1,0,352020,253590,27595,80361,2.349012560672867,0.24063709945471043
14804,0.4439166666666667,1,1,1,352021,253589,27596,80360,2.349003297639779,0.24063554614626784
14805,0.4439285714285714,0,3,0,352024,253586,27596,80360,2.3489755085405166,0.24063770789289285
14806,0.443952380952381,0,3,0,352027,253583,27596,80360,2.348947719441254,0.2406398696783583
14807,0.4439999999999999,1,2,1,352029,253581,27597,80359,2.3489291933750787,0.240639036952746
14808,0.444,12,105,12,352134,253476,27609,80347,2.3479565749008855,0.24068743016508748
14809,0.4440238095238096,0,1,0,352135,253475,27609,80347,2.347947311867798,0.24068815117038422
14810,0.444047619047619,0,6,0,352141,253469,27609,80347,2.3478917336692726,0.2406924772928799
14811,0.4440476190476191,0,2,0,352143,253467,27609,80347,2.3478732076030977,0.24069391936827095
14812,0.4440833333333334,2,1,2,352144,253466,27611,80345,2.34786394457001,0.2406900910994545
14813,0.444095238095238,0,1,0,352145,253465,27611,80345,2.3478546815369223,0.24069081213864174
14814,0.4440952380952381,0,1,0,352146,253464,27611,80345,2.347845418503835,0.2406915331821491
14815,0.4441031746031745,0,2,0,352148,253462,27611,80345,2.3478268924376597,0.2406929752821241
14816,0.4441031746031746,0,1,0,352149,253461,27611,80345,2.347817629404572,0.2406936963385919
14817,0.4441428571428571,0,2,0,352151,253459,27611,80345,2.347799103338397,0.24069513846448815
14818,0.4441666666666666,10,84,10,352235,253375,27621,80335,2.3470210085590426,0.24073297174193162
14819,0.4441666666666667,12,63,12,352298,253312,27633,80323,2.3464374374745267,0.24075112023618625
14820,0.4441904761904762,0,2,0,352300,253310,27633,80323,2.3464189114083513,0.24075256344546253
14821,0.4442142857142857,0,1,0,352301,253309,27633,80323,2.346409648375264,0.2407532850565893
14822,0.4442698412698412,0,1,0,352302,253308,27633,80323,2.3464003853421764,0.24075400667204186
14823,0.4442857142857143,1,11,1,352313,253297,27634,80322,2.3462984919782133,0.2407596689636981
14824,0.4443095238095237,0,1,0,352314,253296,27634,80322,2.3462892289451256,0.24076039062640506
14825,0.4443333333333332,0,2,0,352316,253294,27634,80322,2.3462707028789507,0.24076183396479786
14826,0.4443333333333333,6,53,6,352369,253241,27640,80316,2.3457797621253103,0.24078643230392408
14827,0.4443492063492064,0,1,0,352370,253240,27640,80316,2.3457704990922226,0.24078715418100707
14828,0.4443571428571428,0,2,0,352372,253238,27640,80316,2.3457519730260477,0.24078859794815832
14829,0.4443571428571429,0,1,0,352373,253237,27640,80316,2.34574270999296,0.2407893198382266
14830,0.4443636363636363,0,1,0,352374,253236,27640,80316,2.3457334469598727,0.2407900417326234
14831,0.4443809523809524,0,1,0,352375,253235,27640,80316,2.345724183926785,0.24079076363134874
14832,0.4444047619047618,0,1,0,352376,253234,27640,80316,2.3457149208936974,0.24079148553440263
14833,0.4444444444444444,0,3,0,352379,253231,27640,80316,2.3456871317944348,0.24079365126953622
14834,0.4444999999999999,0,2,0,352381,253229,27640,80316,2.34566860572826,0.24079509511460223
14835,0.4445,1,25,1,352406,253204,27641,80315,2.345437029901071,0.2408108683463311
14836,0.4445238095238094,1,0,1,352406,253204,27642,80314,2.345437029901071,0.24080859204000984
14837,0.4445238095238095,1,6,1,352412,253198,27643,80313,2.3453814517025453,0.24081064792465615
14838,0.4445476190476191,1,0,1,352412,253198,27644,80312,2.3453814517025453,0.24080837156307158
14839,0.4445714285714285,0,1,0,352413,253197,27644,80312,2.345372188669458,0.24080909360766875
14840,0.4445714285714286,1,0,1,352413,253197,27645,80311,2.345372188669458,0.24080681722777264
14841,0.4445833333333333,0,6,0,352419,253191,27645,80311,2.3453166104709324,0.2408111495583235
14842,0.4446190476190476,0,1,0,352420,253190,27645,80311,2.345307347437845,0.24081187162857082
14843,0.4446428571428572,0,2,0,352422,253188,27645,80311,2.34528882137167,0.2408133157820563
14844,0.4446507936507934,0,7,0,352429,253181,27645,80311,2.345223980140057,0.2408183704556631
14845,0.4446666666666666,1,15,1,352444,253166,27646,80310,2.345085034643744,0.24082692607563963
14846,0.4446666666666667,6,26,6,352470,253140,27652,80304,2.3448441957834674,0.2408320437614712
14847,0.4446904761904761,0,1,0,352471,253139,27652,80304,2.3448349327503797,0.24083276601997944
14848,0.4447142857142857,1,2,1,352473,253137,27653,80303,2.3448164066842048,0.24083193378119003
14849,0.4447619047619047,0,1,0,352474,253136,27653,80303,2.344807143651117,0.24083265604803278
14850,0.4447857142857143,2,1,2,352475,253135,27655,80301,2.3447978806180294,0.24082882472198563
14851,0.4448095238095238,0,1,0,352476,253134,27655,80301,2.344788617584942,0.2408295469881686
14852,0.4448174603174603,0,1,0,352477,253133,27655,80301,2.3447793545518545,0.24083026925868387
14853,0.4448333333333332,1,4,1,352481,253129,27656,80300,2.344742302419504,0.2408308815369989
14854,0.4448333333333333,3,14,3,352495,253115,27659,80297,2.3446126199562785,0.24083416313749956
14855,0.4448571428571429,0,1,0,352496,253114,27659,80297,2.3446033569231908,0.2408348854716851
14856,0.4448809523809523,0,2,0,352498,253112,27659,80297,2.344584830857016,0.24083633015305525
14857,0.4448809523809524,1,0,1,352498,253112,27660,80296,2.344584830857016,0.24083405317208945
14858,0.4449047619047618,0,1,0,352499,253111,27660,80296,2.344575567823928,0.24083477551461127
14859,0.4449166666666667,1,0,1,352499,253111,27661,80295,2.344575567823928,0.24083249851532365
14860,0.4449285714285714,0,2,0,352501,253109,27661,80295,2.3445570417577533,0.24083394320404075
14861,0.4449761904761904,0,1,0,352502,253108,27661,80295,2.3445477787246656,0.24083466555489902
14862,0.4449999999999999,3,38,3,352540,253070,27664,80292,2.3441957834673386,0.2408552864453657
14863,0.445,193,1303,193,353843,251767,27857,80099,2.3321260513542557,0.24135946436212205
14864,0.4450476190476191,0,1,0,353844,251766,27857,80099,2.332116788321168,0.24136019164419267
14865,0.4450555555555556,0,2,0,353846,251764,27857,80099,2.3320982622549926,0.24136164622148296
14866,0.4450595238095238,0,1,0,353847,251763,27857,80099,2.3320889992219054,0.24136237351670273
14867,0.4451190476190474,0,2,0,353849,251761,27857,80099,2.33207047315573,0.2413638281202917
14868,0.4451190476190476,0,3,0,353852,251758,27857,80099,2.3320426840564674,0.24136601005854932
14869,0.4451428571428571,0,1,0,353853,251757,27857,80099,2.3320334210233797,0.24136673738006847
14870,0.4451666666666666,3,11,3,353864,251746,27860,80096,2.3319315276594166,0.24136787989464867
14871,0.4451666666666667,0,3,0,353867,251743,27860,80096,2.331903738560154,0.2413700619878917
14872,0.4451904761904762,0,1,0,353868,251742,27860,80096,2.3318944755270667,0.24137078936107378
14873,0.4452380952380952,1,1,1,353869,251741,27861,80095,2.331885212493979,0.24136923058378235
14874,0.44525,0,1,0,353870,251740,27861,80095,2.3318759494608914,0.24136995796103486
14875,0.4452745816275227,0,1,0,353871,251739,27861,80095,2.3318666864278037,0.24137068534267134
14876,0.4452857142857143,0,6,0,353877,251733,27861,80095,2.3318111082292785,0.2413750497245561
14877,0.4453333333333332,0,1,0,353878,251732,27861,80095,2.331801845196191,0.24137577713688158
14878,0.4453333333333333,2,39,2,353917,251693,27863,80093,2.3314405869057766,0.24139957683567118
14879,0.4453571428571428,1,3,1,353920,251690,27864,80092,2.3314127978065136,0.24139947314803092
14880,0.4453809523809524,0,2,0,353922,251688,27864,80092,2.3313942717403386,0.24140092832599916
14881,0.4454166666666666,0,5,0,353927,251683,27864,80092,2.3313479565749007,0.24140456634767538
14882,0.4454166666666667,0,1,0,353928,251682,27864,80092,2.3313386935418134,0.24140529396516905
14883,0.4454249084249083,0,1,0,353929,251681,27864,80092,2.3313294305087258,0.24140602158704896
14884,0.4454404761904761,0,1,0,353930,251680,27864,80092,2.331320167475638,0.24140674921331517
14885,0.445452380952381,0,4,0,353934,251676,27864,80092,2.331283115343288,0.2414096597622435
14886,0.4454761904761904,0,2,0,353936,251674,27864,80092,2.331264589277113,0.24141111506302634
14887,0.4454761904761905,0,3,0,353939,251671,27864,80092,2.3312368001778503,0.24141329804709988
14888,0.4454999999999999,6,19,6,353958,251652,27870,80086,2.3310608025491866,0.24141340455419638
14889,0.4455,0,4,0,353962,251648,27870,80086,2.3310237504168363,0.2414163154816811
14890,0.4455357142857143,0,1,0,353963,251647,27870,80086,2.331014487383749,0.24141704322452093
14891,0.4455555555555556,1,2,1,353965,251645,27871,80085,2.3309959613175737,0.241416211979622
14892,0.4455833333333334,0,2,0,353967,251643,27871,80085,2.3309774352513988,0.24141766748661553
14893,0.4455952380952381,0,2,0,353969,251641,27871,80085,2.3309589091852234,0.2414191230111598
14894,0.4456071428571428,0,3,0,353972,251638,27871,80085,2.330931120085961,0.24142130633088452
14895,0.4456190476190476,0,1,0,353973,251637,27871,80085,2.3309218570528736,0.24142203411290178
14896,0.4456262626262626,1,0,1,353973,251637,27872,80084,2.3309218570528736,0.24141974731777607
14897,0.4456309523809524,0,1,0,353974,251636,27872,80084,2.330912594019786,0.2414204750994815
14898,0.4456468253968254,0,2,0,353976,251634,27872,80084,2.3308940679536105,0.24142193067605616
14899,0.4456666666666665,0,1,0,353977,251633,27872,80084,2.3308848049205233,0.2414226584709255
14900,0.4456666666666666,5,32,5,354009,251601,27877,80079,2.3305883878617215,0.24143451519536904
14901,0.4456666666666667,1,6,1,354015,251595,27878,80078,2.3305328096631963,0.2414365956830975
14902,0.4456904761904761,0,2,0,354017,251593,27878,80078,2.330514283597021,0.2414380515631454
14903,0.4457142857142857,0,17,0,354034,251576,27878,80078,2.3303568120345326,0.24145042725249807
14904,0.4457193362193362,0,1,0,354035,251575,27878,80078,2.330347549001445,0.2414511552737349
14905,0.44575,0,1,0,354036,251574,27878,80078,2.3303382859683577,0.24145188329936199
14906,0.4457857142857142,0,1,0,354037,251573,27878,80078,2.33032902293527,0.24145261132937937
14907,0.4457857142857143,0,2,0,354039,251571,27878,80078,2.3303104968690946,0.24145406740258527
14908,0.4458168498168499,1,0,1,354039,251571,27879,80077,2.3303104968690946,0.24145178020069472
14909,0.4458333333333333,23,123,23,354162,251448,27902,80054,2.3291711437993254,0.2414887391327956
14910,0.4458333333333334,0,2,0,354164,251446,27902,80054,2.3291526177331505,0.24149019607843136
14911,0.4458452380952381,0,4,0,354168,251442,27902,80054,2.3291155656008002,0.2414931100224437
14912,0.4458888888888889,1,0,1,354168,251442,27903,80053,2.3291155656008002,0.241490821882683
14913,0.4459166666666667,0,1,0,354169,251441,27903,80053,2.3291063025677126,0.24149155037496908
14914,0.4459523809523809,0,1,0,354170,251440,27903,80053,2.3290970395346253,0.2414922788716504
14915,0.4459999999999999,2,7,2,354177,251433,27905,80051,2.3290321983030124,0.2414928020658614
14916,0.446,16,136,16,354313,251297,27921,80035,2.327772425803105,0.24155529800924752
14917,0.4460175902528843,0,1,0,354314,251296,27921,80035,2.3277631627700175,0.24155602705451648
14918,0.4460476190476191,0,1,0,354315,251295,27921,80035,2.32775389973693,0.24155675610418617
14919,0.4460714285714284,0,1,0,354316,251294,27921,80035,2.327744636703842,0.2415574851582566
14920,0.4460714285714285,0,1,0,354317,251293,27921,80035,2.327735373670755,0.24155821421672782
14921,0.4460714285714286,0,4,0,354321,251289,27921,80035,2.3276983215384046,0.24156113049462158
14922,0.4460793650793649,0,2,0,354323,251287,27921,80035,2.3276797954722293,0.2415625886599743
14923,0.4460833333333333,0,1,0,354324,251286,27921,80035,2.327670532439142,0.24156331774925224
14924,0.4460873015873015,0,1,0,354325,251285,27921,80035,2.3276612694060543,0.2415640468429313
14925,0.4460952380952381,0,1,0,354326,251284,27921,80035,2.3276520063729667,0.24156477594101153
14926,0.446111111111111,0,3,0,354329,251281,27921,80035,2.327624217273704,0.24156696326165955
14927,0.4461212121212121,1,0,1,354329,251281,27922,80034,2.327624217273704,0.2415646741016857
14928,0.4461666666666666,3,8,3,354337,251273,27925,80031,2.3275501130090035,0.2415636394368918
14929,0.4461666666666667,0,3,0,354340,251270,27925,80031,2.327522323909741,0.24156582684628178
14930,0.4461684704184704,0,2,0,354342,251268,27925,80031,2.327503797843566,0.24156728514121684
14931,0.4461904761904761,0,1,0,354343,251267,27925,80031,2.3274945348104783,0.24156801429528701
14932,0.4461904761904762,0,2,0,354345,251265,27925,80031,2.3274760087443034,0.24156947261663286
14933,0.4462142857142857,0,1,0,354346,251264,27925,80031,2.3274667457112157,0.2415702017839086
14934,0.4462499999999999,1,1,1,354347,251263,27926,80030,2.327457482678128,0.24156864165557376
14935,0.44625,3,8,3,354355,251255,27929,80027,2.327383378413428,0.24156760705380914
14936,0.4462500000000001,0,3,0,354358,251252,27929,80027,2.327355589314165,0.2415697946443934
14937,0.4462619047619047,0,1,0,354359,251251,27929,80027,2.3273463262810776,0.24157052385005948
14938,0.4462777777777778,1,0,1,354359,251251,27930,80026,2.3273463262810776,0.24156823443824957
14939,0.4462857142857143,0,1,0,354360,251250,27930,80026,2.32733706324799,0.24156896364360836
14940,0.4462878787878788,0,1,0,354361,251249,27930,80026,2.3273278002149023,0.24156969285336954
14941,0.4463095238095238,0,5,0,354366,251244,27930,80026,2.3272814850494647,0.24157333896821323
14942,0.4463095238095239,0,2,0,354368,251242,27930,80026,2.3272629589832894,0.24157479744496904
14943,0.4463333333333332,0,4,0,354372,251238,27930,80026,2.327225906850939,0.24157771445131376
14944,0.4463333333333333,2,20,2,354392,251218,27932,80024,2.327040646189188,0.24158772136383672
14945,0.4463333333333334,1,5,1,354397,251213,27933,80023,2.32699433102375,0.24158907848180752
14946,0.4463571428571428,1,1,1,354398,251212,27934,80022,2.326985067990663,0.24158751818955784
14947,0.4463636363636363,0,1,0,354399,251211,27934,80022,2.3269758049575753,0.24158824754779867
14948,0.4463809523809523,0,1,0,354400,251210,27934,80022,2.3269665419244876,0.24158897691044343
14949,0.4464166666666667,0,1,0,354401,251209,27934,80022,2.3269572788914004,0.24158970627749216
14950,0.4464285714285714,0,3,0,354404,251206,27934,80022,2.3269294897921373,0.24159189440506237
14951,0.4464350649350648,0,1,0,354405,251205,27934,80022,2.32692022675905,0.2415926237897273
14952,0.4464642857142857,1,0,1,354405,251205,27935,80021,2.32692022675905,0.24159033409213046
14953,0.4465,6,36,6,354441,251169,27941,80015,2.326586757567898,0.24160285521039665
14954,0.4465227272727273,0,1,0,354442,251168,27941,80015,2.3265774945348103,0.24160358472506138
14955,0.446547619047619,0,1,0,354443,251167,27941,80015,2.326568231501723,0.24160431424413162
14956,0.4465714285714285,0,1,0,354444,251166,27941,80015,2.3265589684686354,0.24160504376760744
14957,0.4466031746031745,0,4,0,354448,251162,27941,80015,2.326521916336285,0.2416079619055671
14958,0.4466190476190475,0,1,0,354449,251161,27941,80015,2.3265126533031975,0.24160869145107133
14959,0.4466190476190476,0,1,0,354450,251160,27941,80015,2.32650339027011,0.24160942100098134
14960,0.4466309523809524,0,1,0,354451,251159,27941,80015,2.3264941272370225,0.24161015055529722
14961,0.4466666666666665,0,1,0,354452,251158,27941,80015,2.326484864203935,0.24161088011401896
14962,0.4466666666666666,72,417,72,354869,250741,28013,79943,2.322622179406425,0.24175043243700936
14963,0.4466666666666667,52,315,52,355184,250426,28065,79891,2.3197043239838453,0.24186160566970516
14964,0.4467142857142858,0,1,0,355185,250425,28065,79891,2.3196950609507576,0.2418623378825125
14965,0.4467380952380952,0,1,0,355186,250424,28065,79891,2.3196857979176704,0.24186307009975327
14966,0.44675,1,0,1,355186,250424,28066,79890,2.3196857979176704,0.24186077489903546
14967,0.4467619047619047,0,1,0,355187,250423,28066,79890,2.3196765348845827,0.24186150711597787
14968,0.4467777777777778,0,1,0,355188,250422,28066,79890,2.319667271851495,0.24186223933735376
14969,0.4467857142857142,0,2,0,355190,250420,28066,79890,2.31964874578532,0.2418637037934062
14970,0.4467857142857143,1,3,1,355193,250417,28067,79889,2.3196209566860575,0.24186360526299855
14971,0.446813492063492,0,1,0,355194,250416,28067,79889,2.31961169365297,0.24186433750624423
14972,0.4468333333333333,1,19,1,355213,250397,28068,79888,2.319435696024306,0.24187595561409087
14973,0.4468571428571428,0,4,0,355217,250393,28068,79888,2.319398643891956,0.2418788849494824
14974,0.4468571428571429,0,1,0,355218,250392,28068,79888,2.3193893808588686,0.24187961729441687
14975,0.4468681318681318,0,1,0,355219,250391,28068,79888,2.319380117825781,0.24188034964378602
14976,0.4468874458874458,0,1,0,355220,250390,28068,79888,2.3193708547926932,0.2418810819975899
14977,0.4469444444444444,0,1,0,355221,250389,28068,79888,2.3193615917596055,0.2418818143558286
14978,0.446952380952381,0,1,0,355222,250388,28068,79888,2.3193523287265183,0.2418825467185021
14979,0.4469761904761904,0,2,0,355224,250386,28068,79888,2.319333802660343,0.24188401145715377
14980,0.4469999999999999,2,5,2,355229,250381,28070,79886,2.3192874874949054,0.2418830824756939
14981,0.447,4,54,4,355283,250327,28074,79882,2.3187872837081773,0.24191345481195242
14982,0.4470238095238095,0,1,0,355284,250326,28074,79882,2.3187780206750896,0.24191418742126175
14983,0.4470833333333333,0,4,0,355288,250322,28074,79882,2.31874096854274,0.24191711790287215
14984,0.4470952380952381,0,1,0,355289,250321,28074,79882,2.318731705509652,0.24191785053436826
14985,0.4471006493506493,0,1,0,355290,250320,28074,79882,2.3187224424765644,0.24191858317030182
14986,0.4471190476190476,0,1,0,355291,250319,28074,79882,2.3187131794434768,0.24191931581067289
14987,0.4471287878787879,0,1,0,355292,250318,28074,79882,2.3187039164103895,0.24192004845548154
14988,0.4471428571428572,3,10,3,355302,250308,28077,79879,2.318611286079514,0.24192048748133632
14989,0.4471666666666666,0,2,0,355304,250306,28077,79879,2.3185927600133387,0.2419219528446174
14990,0.4471666666666667,2,12,2,355316,250294,28079,79877,2.3184816036162883,0.24192615341747156
14991,0.4471684704184704,0,5,0,355321,250289,28079,79877,2.3184352884508503,0.24192981712229605
14992,0.4472142857142857,0,3,0,355324,250286,28079,79877,2.3184074993515877,0.24193201539845471
14993,0.4472222222222222,0,2,0,355326,250284,28079,79877,2.3183889732854124,0.24193348093808778
14994,0.4472380952380954,0,4,0,355330,250280,28079,79877,2.3183519211530625,0.24193641207062094
14995,0.4472424242424243,0,2,0,355332,250278,28079,79877,2.318333395086887,0.24193787766352168
14996,0.4472460317460318,0,1,0,355333,250277,28079,79877,2.3183241320537995,0.24193861046663073
14997,0.44725,0,2,0,355335,250275,28079,79877,2.3183056059876246,0.24194007608616638
14998,0.4472510822510822,0,3,0,355338,250272,28079,79877,2.318277816888362,0.24194227454876435
14999,0.4472619047619048,0,1,0,355339,250271,28079,79877,2.3182685538552743,0.24194300737850905
15000,0.4472698412698412,0,1,0,355340,250270,28079,79877,2.3182592908221866,0.24194374021269313
15001,0.4472727272727272,0,1,0,355341,250269,28079,79877,2.3182500277890994,0.2419444730513167
15002,0.4472777777777778,0,1,0,355342,250268,28079,79877,2.3182407647560117,0.24194520589437973
15003,0.4472857142857143,0,1,0,355343,250267,28079,79877,2.318231501722924,0.24194593874188233
15004,0.4473333333333332,1,7,1,355350,250260,28080,79876,2.318166660491311,0.24194877262703857
15005,0.4473333333333333,5,40,5,355390,250220,28085,79871,2.3177961391678092,0.24196660920776392
15006,0.4473571428571429,0,1,0,355391,250219,28085,79871,2.3177868761347216,0.24196734223999516
15007,0.4473809523809524,0,3,0,355394,250216,28085,79871,2.317759087035459,0.24196954136333754
15008,0.4474126984126985,0,2,0,355396,250214,28085,79871,2.3177405609692836,0.24197100746777345
15009,0.4474999999999999,5,12,5,355408,250202,28090,79866,2.317629404572233,0.24196832167916915
15010,0.4475,60,390,60,355798,249812,28150,79806,2.314016821668087,0.24211663198004962
15011,0.4475595238095238,0,1,0,355799,249811,28150,79806,2.3140075586349993,0.24211736651932395
15012,0.447563492063492,1,2,1,355801,249809,28151,79805,2.3139890325688244,0.2421165363121712
15013,0.4475833333333333,0,1,0,355802,249808,28151,79805,2.3139797695357367,0.24211727086006923
15014,0.4476190476190475,1,0,1,355802,249808,28152,79804,2.3139797695357367,0.24211497154229822
15015,0.4476190476190476,2,8,2,355810,249800,28154,79802,2.313905665271036,0.2421162492946038
15016,0.4476666666666666,2,27,2,355837,249773,28156,79800,2.3136555633776723,0.2421314852855058
15017,0.4476666666666667,1,7,1,355844,249766,28157,79799,2.3135907221460594,0.24213432858464945
15018,0.4477142857142857,1,6,1,355850,249760,28158,79798,2.3135351439475342,0.2421364372887322
15019,0.4477142857142858,0,1,0,355851,249759,28158,79798,2.3135258809144466,0.24213717202183538
15020,0.4477380952380951,0,1,0,355852,249758,28158,79798,2.313516617881359,0.2421379067593975
15021,0.4477380952380952,0,1,0,355853,249757,28158,79798,2.3135073548482716,0.2421386415014186
15022,0.44775,0,3,0,355856,249754,28158,79798,2.313479565749009,0.24214084575423606
15023,0.4477619047619048,1,0,1,355856,249754,28159,79797,2.313479565749009,0.24213854608239696
15024,0.4477777777777778,0,7,0,355863,249747,28159,79797,2.313414724517396,0.24214368946180176
15025,0.4477976190476191,0,1,0,355864,249746,28159,79797,2.3134054614843085,0.24214442424812543
15026,0.4478095238095237,0,1,0,355865,249745,28159,79797,2.313396198451221,0.24214515903890854
15027,0.4478095238095239,0,2,0,355867,249743,28159,79797,2.313377672385046,0.24214662863385325
15028,0.4478333333333333,3,11,3,355878,249732,28162,79794,2.3132757790210827,0.2421478123122303
15029,0.4478531746031745,0,1,0,355879,249731,28162,79794,2.313266515987995,0.2421485471512025
15030,0.4478571428571428,1,7,1,355886,249724,28163,79793,2.313201674756382,0.2421513912787504
15031,0.4479166666666666,1,1,1,355887,249723,28164,79792,2.3131924117232945,0.24214982625980608
15032,0.4479166666666667,0,1,0,355888,249722,28164,79792,2.3131831486902072,0.2421505611294209
15033,0.447952380952381,0,1,0,355889,249721,28164,79792,2.3131738856571196,0.24215129600349608
15034,0.4479999999999999,15,105,15,355994,249616,28179,79777,2.3122012671829264,0.2421939749782175
15035,0.448,0,10,0,356004,249606,28179,79777,2.312108636852051,0.24220132793738597
15036,0.448047619047619,0,1,0,356005,249605,28179,79777,2.3120993738189632,0.24220206325785865
15037,0.4480555555555556,0,1,0,356006,249604,28179,79777,2.3120901107858756,0.24220279858279622
15038,0.4480595238095238,0,1,0,356007,249603,28179,79777,2.3120808477527883,0.24220353391219868
15039,0.4480952380952381,0,3,0,356010,249600,28179,79777,2.3120530586535257,0.24220573992719588
15040,0.4481428571428572,0,1,0,356011,249599,28179,79777,2.312043795620438,0.24220647527445838
15041,0.4481666666666665,0,1,0,356012,249598,28179,79777,2.3120345325873504,0.24220721062618597
15042,0.4481666666666666,1,13,1,356025,249585,28180,79776,2.3119141131572123,0.2422144698370481
15043,0.4481666666666667,3,4,3,356029,249581,28183,79773,2.311877061024862,0.24221050905712393
15044,0.4481941391941392,1,0,1,356029,249581,28184,79772,2.311877061024862,0.2422082082142868
15045,0.4482142857142857,1,1,1,356030,249580,28185,79771,2.3118677979917743,0.24220664276106646
15046,0.4482380952380951,0,1,0,356031,249579,28185,79771,2.3118585349586867,0.242207378169121
15047,0.44825,0,2,0,356033,249577,28185,79771,2.3118400088925117,0.2422088489986276
15048,0.4482857142857143,0,1,0,356034,249576,28185,79771,2.311830745859424,0.24220958442007973
15049,0.4483333333333333,49,436,49,356470,249140,28234,79722,2.3077920634332507,0.24241779226544874
15050,0.4483333333333334,2,2,2,356472,249138,28236,79720,2.3077735373670754,0.2424146592146154
15051,0.4483636363636363,0,1,0,356473,249137,28236,79720,2.307764274333988,0.24241539635768738
15052,0.4483809523809524,0,1,0,356474,249136,28236,79720,2.3077550113009004,0.2424161335052424
15053,0.4483928571428572,0,2,0,356476,249134,28236,79720,2.307736485234725,0.24241760781380187
15054,0.4484047619047618,0,1,0,356477,249133,28236,79720,2.307727222201638,0.24241834497480638
15055,0.448404761904762,0,2,0,356479,249131,28236,79720,2.3077086961354625,0.24241981931026513
15056,0.4484523809523809,0,3,0,356482,249128,28236,79720,2.3076809070362,0.24242203084707828
15057,0.4484761904761905,0,2,0,356484,249126,28236,79720,2.307662380970025,0.24242350522737086
15058,0.4484871794871795,3,0,3,356484,249126,28239,79717,2.307662380970025,0.2424165939369243
15059,0.4484999999999999,1,3,1,356487,249123,28240,79716,2.3076345918707624,0.24241650169231752
15060,0.4485,0,27,0,356514,249096,28240,79716,2.307384489977398,0.24243640743038575
15061,0.4485555555555556,0,1,0,356515,249095,28240,79716,2.307375226944311,0.24243714474272454
15062,0.4485714285714285,0,4,0,356519,249091,28240,79716,2.3073381748119606,0.24244009403692743
15063,0.4485714285714286,0,6,0,356525,249085,28240,79716,2.307282596613435,0.24244451811277945
15064,0.4486111111111111,0,1,0,356526,249084,28240,79716,2.3072733335803477,0.24244525547445256
15065,0.4486507936507936,0,1,0,356527,249083,28240,79716,2.30726407054726,0.24244599284061083
15066,0.4486666666666666,4,32,4,356559,249051,28244,79712,2.3069676534884582,0.2424603741905263
15067,0.4486666666666667,0,1,0,356560,249050,28244,79712,2.3069583904553705,0.2424611116856571
15068,0.4486904761904762,1,0,1,356560,249050,28245,79711,2.3069583904553705,0.24245880746195564
15069,0.4487142857142857,0,1,0,356561,249049,28245,79711,2.3069491274222833,0.2424595449568074
15070,0.4487222222222221,0,1,0,356562,249048,28245,79711,2.3069398643891956,0.24246028245614568
15071,0.4487499999999999,1,1,1,356563,249047,28246,79710,2.306930601356108,0.24245871570795452
15072,0.44875,1,9,1,356572,249038,28247,79709,2.30684723405832,0.2424630490924632
15073,0.4487619047619047,0,2,0,356574,249036,28247,79709,2.306828707992145,0.24246452417527262
15074,0.4487619047619048,1,0,1,356574,249036,28248,79708,2.306828707992145,0.24246221984279562
15075,0.4488095238095237,0,4,0,356578,249032,28248,79708,2.3067916558597945,0.24246517004319523
15076,0.4488095238095239,1,2,1,356580,249030,28249,79707,2.3067731297936196,0.24246434079522536
15077,0.4488333333333332,1,1,1,356581,249029,28250,79706,2.306763866760532,0.24246277396687302
15078,0.4488333333333333,0,6,0,356587,249023,28250,79706,2.3067082885620067,0.24246719942566675
15079,0.4488461538461539,0,1,0,356588,249022,28250,79706,2.306699025528919,0.24246793701783845
15080,0.4488571428571428,0,1,0,356589,249021,28250,79706,2.306689762495832,0.24246867461449775
15081,0.4488888888888888,0,1,0,356590,249020,28250,79706,2.306680499462744,0.24246941221564464
15082,0.4488888888888889,0,1,0,356591,249019,28250,79706,2.3066712364296564,0.24247014982127918
15083,0.4489166666666666,1,0,1,356591,249019,28251,79705,2.3066712364296564,0.24246784536571714
15084,0.4489166666666667,0,1,0,356592,249018,28251,79705,2.3066619733965688,0.2424685829710729
15085,0.4489242424242423,0,1,0,356593,249017,28251,79705,2.3066527103634815,0.2424693205809164
15086,0.4489285714285714,0,4,0,356597,249013,28251,79705,2.3066156582311312,0.24247227106516833
15087,0.4489307359307359,0,3,0,356600,249010,28251,79705,2.3065878691318686,0.24247448397548027
15088,0.4489523809523808,0,2,0,356602,249008,28251,79705,2.3065693430656933,0.24247595927146173
15089,0.448952380952381,0,1,0,356603,249007,28251,79705,2.306560080032606,0.24247669692618462
15090,0.4489583333333333,0,1,0,356604,249006,28251,79705,2.3065508169995184,0.24247743458539567
15091,0.4489761904761905,1,2,1,356606,249004,28252,79704,2.306532290933343,0.24247660537620017
15092,0.4489880952380952,0,1,0,356607,249003,28252,79704,2.3065230279002558,0.2424773430441092
15093,0.4489999999999999,0,3,0,356610,249000,28252,79704,2.306495238800993,0.24247955607476634
15094,0.449,12,81,12,356691,248919,28264,79692,2.3057449331209012,0.24251166272583694
15095,0.4490000000000001,0,1,0,356692,248918,28264,79692,2.3057356700878135,0.24251240071817656
15096,0.4490079365079364,0,2,0,356694,248916,28264,79692,2.3057171440216386,0.2425138767163307
15097,0.449047619047619,1,8,1,356702,248908,28265,79691,2.305643039756938,0.24251747570747323
15098,0.4490476190476191,1,0,1,356702,248908,28266,79690,2.305643039756938,0.2425151705122977
15099,0.4490714285714285,0,1,0,356703,248907,28266,79690,2.3056337767238504,0.24251590854450894
15100,0.4490833333333333,0,1,0,356704,248906,28266,79690,2.3056245136907627,0.2425166465812122
15101,0.4491666666666665,0,1,0,356705,248905,28266,79690,2.3056152506576755,0.24251738462240752
15102,0.4491666666666666,6,81,6,356786,248824,28272,79684,2.3048649449775835,0.2425633470113361
15103,0.4491666666666667,14,67,14,356853,248757,28286,79670,2.3042443217607174,0.24258054301260248
15104,0.4492857142857142,0,1,0,356854,248756,28286,79670,2.3042350587276297,0.2425812816281293
15105,0.4492857142857143,1,3,1,356857,248753,28287,79669,2.304207269628367,0.24258119127220468
15106,0.4493333333333333,9,42,9,356899,248711,28296,79660,2.30381822223869,0.2425914590508906
15107,0.4493333333333334,0,1,0,356900,248710,28296,79660,2.303808959205602,0.24259219782562352
15108,0.4493452380952381,0,1,0,356901,248709,28296,79660,2.303799696172515,0.24259293660485612
15109,0.4493571428571428,0,1,0,356902,248708,28296,79660,2.303790433139427,0.24259367538858842
15110,0.4493724082934609,1,1,1,356903,248707,28297,79659,2.3037811701063395,0.24259210758726543
15111,0.4494047619047619,0,2,0,356905,248705,28297,79659,2.3037626440401646,0.24259358516767976
15112,0.4494206349206349,0,1,0,356906,248704,28297,79659,2.303753381007077,0.2425943239646367
15113,0.4494444444444444,0,2,0,356908,248702,28297,79659,2.303734854940902,0.24259580157205027
15114,0.4494523809523809,0,1,0,356909,248701,28297,79659,2.3037255919078143,0.242596540382507
15115,0.4494642857142857,0,1,0,356910,248700,28297,79659,2.3037163288747267,0.24259727919746374
15116,0.4494999999999999,2,5,2,356915,248695,28299,79657,2.303670013709289,0.24259636000389825
15117,0.4495,3,20,3,356935,248675,28302,79654,2.3034847530475377,0.24260421711149488
15118,0.4495238095238095,1,7,1,356942,248668,28303,79653,2.303419911815925,0.24260708270259898
15119,0.4495454545454545,0,1,0,356943,248667,28303,79653,2.3034106487828376,0.2426078216374269
15120,0.449547619047619,1,0,1,356943,248667,28304,79652,2.3034106487828376,0.2426055147585123
15121,0.4495833333333333,0,2,0,356945,248665,28304,79652,2.3033921227166623,0.2426069926321208
15122,0.4495873015873015,0,1,0,356946,248664,28304,79652,2.3033828596835746,0.24260773157567708
15123,0.4495952380952381,0,1,0,356947,248663,28304,79652,2.3033735966504874,0.24260847052373483
15124,0.4496428571428572,1,3,1,356950,248660,28305,79651,2.3033458075512248,0.24260838046851918
15125,0.4496666666666666,2,35,2,356985,248625,28307,79649,2.3030216013931604,0.24262963256304185
15126,0.4496666666666667,0,1,0,356986,248624,28307,79649,2.3030123383600727,0.24263037167235807
15127,0.4496969696969697,0,1,0,356987,248623,28307,79649,2.303003075326985,0.24263111078617733
15128,0.4497142857142857,0,2,0,356989,248621,28307,79649,2.30298454926081,0.24263258902732507
15129,0.4497380952380952,0,3,0,356992,248618,28307,79649,2.3029567601615475,0.24263480642282045
15130,0.4497619047619047,0,2,0,356994,248616,28307,79649,2.302938234095372,0.24263628470900034
15131,0.4497619047619048,0,2,0,356996,248614,28307,79649,2.302919708029197,0.2426377630131937
15132,0.4498095238095238,0,2,0,356998,248612,28307,79649,2.302901181963022,0.2426392413354008
15133,0.4498214285714286,0,1,0,356999,248611,28307,79649,2.3028919189299346,0.2426399805032596
15134,0.4498333333333332,0,8,0,357007,248603,28307,79649,2.302817814665234,0.24264589400826195
15135,0.4498333333333333,0,14,0,357021,248589,28307,79649,2.3026881322020083,0.2426562433356284
15136,0.4498571428571428,0,1,0,357022,248588,28307,79649,2.3026788691689206,0.24265698260707963
15137,0.4498571428571429,0,2,0,357024,248586,28307,79649,2.3026603431027457,0.24265846116349565
15138,0.4498690476190476,0,1,0,357025,248585,28307,79649,2.302651080069658,0.24265920044846054
15139,0.4498809523809523,0,2,0,357027,248583,28307,79649,2.302632554003483,0.24266067903190428
15140,0.4498809523809524,1,2,1,357029,248581,28308,79648,2.3026140279373077,0.24265985028745174
15141,0.4499206349206349,0,1,0,357030,248580,28308,79648,2.30260476490422,0.24266058959016293
15142,0.4499285714285714,0,1,0,357031,248579,28308,79648,2.302595501871133,0.24266132889737896
15143,0.4499603174603174,1,0,1,357031,248579,28309,79647,2.302595501871133,0.2426590215278497
15144,0.449978354978355,0,1,0,357032,248578,28309,79647,2.302586238838045,0.2426597608347932
15145,0.4499967532467532,0,1,0,357033,248577,28309,79647,2.3025769758049575,0.2426605001462416
15146,0.4499999999999999,3,32,3,357065,248545,28312,79644,2.3022805587461557,0.2426772378111393
15147,0.45,446,3383,446,360448,245162,28758,79198,2.27094371781096,0.24416697496608705
15148,0.4500119047619048,0,1,0,360449,245161,28758,79198,2.2709344547778723,0.24416772773377646
15149,0.4500238095238094,2,0,2,360449,245161,28760,79196,2.2709344547778723,0.24416306723764247
15150,0.4500476190476189,0,1,0,360450,245160,28760,79196,2.270925191744785,0.24416382000024664
15151,0.4500952380952382,0,2,0,360452,245158,28760,79196,2.2709066656786097,0.2441653255393798
15152,0.4501082251082251,0,1,0,360453,245157,28760,79196,2.2708974026455224,0.2441660783159089
15153,0.4501190476190476,1,1,1,360454,245156,28761,79195,2.2708881396124347,0.24416450080314228
15154,0.4501349206349206,0,1,0,360455,245155,28761,79195,2.270878876579347,0.24416525358409125
15155,0.4501666666666666,0,16,0,360471,245139,28761,79195,2.2707306680499464,0.24417729871058846
15156,0.4501666666666667,0,4,0,360475,245135,28761,79195,2.270693615917596,0.24418031017790523
15157,0.4502142857142857,0,2,0,360477,245133,28761,79195,2.2706750898514207,0.24418181593941934
15158,0.4502380952380951,0,1,0,360478,245132,28761,79195,2.2706658268183335,0.2441825688271405
15159,0.4502777777777778,0,2,0,360480,245130,28761,79195,2.270647300752158,0.2441840746165112
15160,0.4502857142857143,0,1,0,360481,245129,28761,79195,2.270638037719071,0.24418482751816084
15161,0.4503333333333332,0,1,0,360482,245128,28761,79195,2.2706287746859832,0.2441855804244534
15162,0.4503333333333333,3,20,3,360502,245108,28764,79192,2.2704435140242323,0.2441936478569226
15163,0.4503571428571428,0,3,0,360505,245105,28764,79192,2.2704157249249692,0.24419590683848447
15164,0.4503809523809524,0,3,0,360508,245102,28764,79192,2.2703879358257066,0.24419816586184143
15165,0.4504166666666666,0,1,0,360509,245101,28764,79192,2.2703786727926194,0.24419891887891507
15166,0.4504285714285714,0,1,0,360510,245100,28764,79192,2.2703694097595317,0.24419967190063277
15167,0.4504761904761904,0,3,0,360513,245097,28764,79192,2.270341620660269,0.24420193099365073
15168,0.4504761904761905,0,3,0,360516,245094,28764,79192,2.2703138315610065,0.24420419012846684
15169,0.4504761904761906,0,1,0,360517,245093,28764,79192,2.270304568527919,0.24420494318269423
15170,0.4504920634920635,0,1,0,360518,245092,28764,79192,2.270295305494831,0.24420569624156604
15171,0.4504999999999999,1,17,1,360535,245075,28765,79191,2.270137833932343,0.24421616820758266
15172,0.4505,2,4,2,360539,245071,28767,79189,2.2701007817999925,0.24421451921297724
15173,0.4505238095238095,0,1,0,360540,245070,28767,79189,2.270091518766905,0.24421527235944107
15174,0.450547619047619,0,1,0,360541,245069,28767,79189,2.2700822557338176,0.24421602551055024
15175,0.4505555555555555,0,1,0,360542,245068,28767,79189,2.27007299270073,0.2442167786663048
15176,0.4505555555555556,0,2,0,360544,245066,28767,79189,2.270054466634555,0.24421828499175033
15177,0.4505595238095237,0,1,0,360545,245065,28767,79189,2.2700452036014673,0.24421903816144133
15178,0.4505692640692642,0,1,0,360546,245064,28767,79189,2.2700359405683797,0.24421979133577792
15179,0.4506190476190476,0,1,0,360547,245063,28767,79189,2.270026677535292,0.24422054451476014
15180,0.4506666666666666,6,40,6,360587,245023,28773,79183,2.26965615621179,0.24423668901871032
15181,0.4506666666666667,2,16,2,360603,245007,28775,79181,2.269507947682389,0.2442440805952102
15182,0.4507142857142857,1,12,1,360615,244995,28776,79180,2.2693967912853386,0.24425079046811135
15183,0.4507380952380951,0,1,0,360616,244994,28776,79180,2.269387528252251,0.24425154392394208
15184,0.4507857142857143,0,1,0,360617,244993,28776,79180,2.269378265219163,0.24425229738442128
15185,0.4507936507936507,0,2,0,360619,244991,28776,79180,2.2693597391529883,0.2442538043193253
15186,0.4508095238095237,0,2,0,360621,244989,28776,79180,2.2693412130868134,0.24425531127282374
15187,0.4508333333333333,12,114,12,360735,244875,28788,79168,2.268285227314832,0.2443132547223671
15188,0.4508398268398268,0,2,0,360737,244873,28788,79168,2.268266701248657,0.24431476263806123
15189,0.4508608058608058,0,1,0,360738,244872,28788,79168,2.2682574382155694,0.24431551660288853
15190,0.4508809523809523,0,2,0,360740,244870,28788,79168,2.268238912149394,0.2443170245465038
15191,0.4508888888888889,0,1,0,360741,244869,28788,79168,2.2682296491163068,0.24431777852529185
15192,0.4509126984126985,0,1,0,360742,244868,28788,79168,2.268220386083219,0.2443185325087336
15193,0.4509285714285714,0,1,0,360743,244867,28788,79168,2.2682111230501314,0.24431928649682905
15194,0.4509523809523809,0,6,0,360749,244861,28788,79168,2.268155544851606,0.24432381052313218
15195,0.450952380952381,0,2,0,360751,244859,28788,79168,2.2681370187854313,0.2443253185691316
15196,0.4509920634920634,0,2,0,360753,244857,28788,79168,2.268118492719256,0.24432682663374738
15197,0.4509999999999999,0,2,0,360755,244855,28788,79168,2.268099966653081,0.24432833471697996
15198,0.451,16,80,16,360835,244775,28804,79152,2.2673589240060767,0.24435135076730252
15199,0.4510714285714286,0,1,0,360836,244774,28804,79152,2.267349660972989,0.24435210511042646
15200,0.4510833333333333,0,2,0,360838,244772,28804,79152,2.2673311349068137,0.24435361381064694
15201,0.451095238095238,0,2,0,360840,244770,28804,79152,2.267312608840639,0.24435512252949784
15202,0.4511111111111111,0,1,0,360841,244769,28804,79152,2.267303345807551,0.24435587689590982
15203,0.4511666666666666,0,14,0,360855,244755,28804,79152,2.2671736633443254,0.24436643851475887
15204,0.4511904761904762,0,1,0,360856,244754,28804,79152,2.267164400311238,0.24436719295104134
15205,0.451202380952381,0,1,0,360857,244753,28804,79152,2.2671551372781504,0.24436794739198223
15206,0.4512142857142857,0,1,0,360858,244752,28804,79152,2.2671458742450628,0.2443687018375815
15207,0.4512142857142859,0,1,0,360859,244751,28804,79152,2.267136611211975,0.24436945628783927
15208,0.4512272727272726,0,2,0,360861,244749,28804,79152,2.2671180851458,0.24437096520233034
15209,0.4512380952380952,0,1,0,360862,244748,28804,79152,2.2671088221127125,0.24437171966656376
15210,0.45125,1,4,1,360866,244744,28805,79151,2.267071769980362,0.2443724046373053
15211,0.4512619047619047,0,1,0,360867,244743,28805,79151,2.267062506947275,0.244373159119959
15212,0.4512857142857142,0,1,0,360868,244742,28805,79151,2.2670532439141873,0.24437391360727154
15213,0.4512857142857143,0,1,0,360869,244741,28805,79151,2.2670439808810996,0.24437466809924296
15214,0.451297619047619,0,1,0,360870,244740,28805,79151,2.2670347178480124,0.2443754225958733
15215,0.4513095238095237,0,1,0,360871,244739,28805,79151,2.2670254548149247,0.2443761770971626
15216,0.4513214285714286,0,2,0,360873,244737,28805,79151,2.2670069287487493,0.24437768611371832
15217,0.4513333333333332,1,7,1,360880,244730,28806,79150,2.2669420875171364,0.24438063480301347
15218,0.4513333333333333,7,24,7,360904,244706,28813,79143,2.266719774723035,0.2443824127911465
15219,0.4513333333333334,1,3,1,360907,244703,28814,79142,2.2666919856237726,0.24438234340502402
15220,0.4513809523809524,0,1,0,360908,244702,28814,79142,2.266682722590685,0.24438309803485628
15221,0.4513888888888888,0,1,0,360909,244701,28814,79142,2.2666734595575977,0.24438385266934903
15222,0.4513888888888889,0,1,0,360910,244700,28814,79142,2.26666419652451,0.24438460730850228
15223,0.4514166666666667,0,1,0,360911,244699,28814,79142,2.2666549334914223,0.2443853619523161
15224,0.4514285714285714,2,7,2,360918,244692,28816,79140,2.2665900922598095,0.24438597791447417
15225,0.4514523809523809,0,1,0,360919,244691,28816,79140,2.266580829226722,0.24438673258582408
15226,0.4514761904761905,0,1,0,360920,244690,28816,79140,2.2665715661936345,0.2443874872618349
15227,0.4514999999999999,0,1,0,360921,244689,28816,79140,2.266562303160547,0.2443882419425067
15228,0.4515,4,30,4,360951,244659,28820,79136,2.2662844121679204,0.24440155036365602
15229,0.4515357142857142,0,2,0,360953,244657,28820,79136,2.266265886101745,0.24440305997967837
15230,0.451547619047619,1,2,1,360955,244655,28821,79135,2.26624736003557,0.24440223601717162
15231,0.4515476190476191,0,1,0,360956,244654,28821,79135,2.2662380970024825,0.2444029908366251
15232,0.4516428571428572,0,2,0,360958,244652,28821,79135,2.2662195709363075,0.24440450048951934
15233,0.4516666666666665,0,3,0,360961,244649,28821,79135,2.2661917818370445,0.2444067650038297
15234,0.4516666666666666,38,241,38,361202,244408,28859,79097,2.263959390862944,0.24450008500641413
15235,0.4516666666666667,23,210,23,361412,244198,28882,79074,2.2620141539145577,0.24460516221633793
15236,0.4516904761904762,0,1,0,361413,244197,28882,79074,2.26200489088147,0.24460591887301986
15237,0.4517023809523809,0,1,0,361414,244196,28882,79074,2.261995627848383,0.24460667553438303
15238,0.4517142857142857,1,2,1,361416,244194,28883,79073,2.2619771017822075,0.24460585212842634
15239,0.45175,0,1,0,361417,244193,28883,79073,2.26196783874912,0.24460660879894575
15240,0.4517777777777777,0,2,0,361419,244191,28883,79073,2.261949312682945,0.2446081221540289
15241,0.4517857142857143,0,3,0,361422,244188,28883,79073,2.2619215235836823,0.2446103922217651
15242,0.4517954545454545,0,1,0,361423,244187,28883,79073,2.2619122605505946,0.2446111489203737
15243,0.451797619047619,0,4,0,361427,244183,28883,79073,2.2618752084182443,0.24461417576162547
15244,0.4518095238095237,0,4,0,361431,244179,28883,79073,2.2618381562858945,0.244617202677787
15245,0.4518214285714286,0,1,0,361432,244178,28883,79073,2.261828893252807,0.24461795941853234
15246,0.4518333333333333,3,21,3,361453,244157,28886,79070,2.261634369557968,0.24462684119829098
15247,0.4518333333333334,0,1,0,361454,244156,28886,79070,2.2616251065248805,0.2446275980273864
15248,0.4518571428571429,0,3,0,361457,244153,28886,79070,2.261597317425618,0.24462986854277077
15249,0.4518888888888888,0,1,0,361458,244152,28886,79070,2.26158805439253,0.2446306253905984
15250,0.4519047619047619,0,2,0,361460,244150,28886,79070,2.2615695283263553,0.2446321391003032
15251,0.4519166666666666,0,1,0,361461,244149,28886,79070,2.2615602652932676,0.24463289596218044
15252,0.4519166666666667,0,1,0,361462,244148,28886,79070,2.26155100226018,0.24463365282874097
15253,0.4519444444444444,0,1,0,361463,244147,28886,79070,2.2615417392270927,0.24463440969998484
15254,0.4519523809523809,1,0,1,361463,244147,28887,79069,2.2615417392270927,0.24463207266966983
15255,0.4519761904761905,0,1,0,361464,244146,28887,79069,2.261532476194005,0.2446328295407082
15256,0.4519999999999999,0,8,0,361472,244138,28887,79069,2.2614583719293044,0.24463888467762146
15257,0.452,6,75,6,361547,244063,28893,79063,2.260763644447738,0.24468164121735794
15258,0.4520000000000001,0,1,0,361548,244062,28893,79063,2.2607543814146505,0.24468239845261122
15259,0.4520119047619048,1,1,1,361549,244061,28894,79062,2.260745118381563,0.24468081814046044
15260,0.4520238095238094,0,1,0,361550,244060,28894,79062,2.260735855348475,0.24468157538019694
15261,0.4520238095238095,1,2,1,361552,244058,28895,79061,2.2607173292823,0.24468075229249905
15262,0.4520357142857142,0,2,0,361554,244056,28895,79061,2.2606988032161253,0.24468226679499996
15263,0.452047619047619,0,1,0,361555,244055,28895,79061,2.2606895401830376,0.24468302405328118
15264,0.452063492063492,0,1,0,361556,244054,28895,79061,2.26068027714995,0.24468378131624963
15265,0.4520833333333333,3,5,3,361561,244049,28898,79058,2.2606339619845124,0.24468055473883266
15266,0.4520952380952381,0,3,0,361564,244046,28898,79058,2.2606061728852493,0.24468282658215312
15267,0.4521190476190476,0,1,0,361565,244045,28898,79058,2.260596909852162,0.24468358387263503
15268,0.4521428571428572,1,8,1,361573,244037,28899,79057,2.2605228055874615,0.24468730462342228
15269,0.4521666666666666,1,17,1,361590,244020,28900,79056,2.260365334024973,0.24469784199383426
15270,0.4521904761904761,1,3,1,361593,244017,28901,79055,2.2603375449257106,0.24469777634706816
15271,0.4522121212121212,0,1,0,361594,244016,28901,79055,2.260328281892623,0.2446985337588332
15272,0.4522222222222223,0,1,0,361595,244015,28901,79055,2.2603190188595352,0.24469929117528708
15273,0.4522619047619047,0,6,0,361601,244009,28901,79055,2.26026344066101,0.2447038357724785
15274,0.4522857142857143,0,2,0,361603,244007,28901,79055,2.260244914594835,0.2447053506757217
15275,0.4523095238095238,0,1,0,361604,244006,28901,79055,2.2602356515617474,0.2447061081343771
15276,0.4523095238095239,0,1,0,361605,244005,28901,79055,2.2602263885286598,0.24470686559772178
15277,0.4523333333333332,1,9,1,361614,243996,28902,79054,2.260143021230872,0.24471134499303512
15278,0.4523333333333333,3,25,3,361639,243971,28905,79051,2.259911445403683,0.2447232696225025
15279,0.452361111111111,0,1,0,361640,243970,28905,79051,2.2599021823705954,0.24472402723042774
15280,0.4523809523809523,0,6,0,361646,243964,28905,79051,2.25984660417207,0.24472857297648715
15281,0.4523809523809524,0,4,0,361650,243960,28905,79051,2.25980955203972,0.24473160356768037
15282,0.4523809523809525,0,1,0,361651,243959,28905,79051,2.259800289006632,0.2447323612272066
15283,0.4524047619047619,0,1,0,361652,243958,28905,79051,2.259791025973545,0.24473311889142407
15284,0.4524285714285714,0,1,0,361653,243957,28905,79051,2.2597817629404573,0.24473387656033288
15285,0.4524365079365078,0,1,0,361654,243956,28905,79051,2.2597724999073696,0.24473463423393302
15286,0.4524999999999999,3,5,3,361659,243951,28908,79048,2.259726184741932,0.24473140783717598
15287,0.4525,58,359,58,362018,243592,28966,78990,2.2564007558635,0.24486797155451948
15288,0.452505621571411,0,3,0,362021,243589,28966,78990,2.2563729667642374,0.24487024883826908
15289,0.4525238095238095,0,1,0,362022,243588,28966,78990,2.2563637037311497,0.24487100794226513
15290,0.4525238095238096,1,2,1,362024,243586,28967,78989,2.2563451776649748,0.2448701852282415
15291,0.4525476190476191,0,1,0,362025,243585,28967,78989,2.256335914631887,0.24487094434145343
15292,0.4526190476190475,0,1,0,362026,243584,28967,78989,2.2563266515987994,0.24487170345937198
15293,0.4526190476190476,0,3,0,362029,243581,28967,78989,2.256298862499537,0.24487398084136777
15294,0.4526666666666666,7,44,7,362073,243537,28974,78982,2.2558912890436846,0.24489099866984582
15295,0.4526666666666667,1,12,1,362085,243525,28975,78981,2.255780132646634,0.24489776934382615
15296,0.4526984126984127,0,1,0,362086,243524,28975,78981,2.255770869613546,0.24489852870498133
15297,0.4527272727272727,0,2,0,362088,243522,28975,78981,2.255752343547371,0.24490004744141916
15298,0.4527777777777778,1,1,1,362089,243521,28976,78980,2.2557430805142835,0.24489846543111493
15299,0.4527857142857143,0,1,0,362090,243520,28976,78980,2.255733817481196,0.24489922480620155
15300,0.4528333333333332,0,1,0,362091,243519,28976,78980,2.2557245544481086,0.24489998418599748
15301,0.4528333333333333,4,16,4,362107,243503,28980,78976,2.2555763459187075,0.24490276886246856
15302,0.4528517316017315,0,1,0,362108,243502,28980,78976,2.2555670828856202,0.24490352830270593
15303,0.4528571428571427,0,1,0,362109,243501,28980,78976,2.2555578198525326,0.24490428774765333
15304,0.4528571428571428,1,10,1,362119,243491,28981,78975,2.255465189521657,0.24490954085081837
15305,0.4529166666666666,0,1,0,362120,243490,28981,78975,2.2554559264885694,0.24491030034267286
15306,0.4529285714285715,0,1,0,362121,243489,28981,78975,2.2554466634554817,0.24491105983923786
15307,0.4529365079365079,0,1,0,362122,243488,28981,78975,2.2554374004223945,0.24491181934051348
15308,0.4529416694416694,0,2,0,362124,243486,28981,78975,2.255418874356219,0.2449133383571967
15309,0.4529523809523809,0,1,0,362125,243485,28981,78975,2.2554096113231314,0.24491409787260435
15310,0.452952380952381,0,1,0,362126,243484,28981,78975,2.255400348290044,0.24491485739272278
15311,0.4529761904761905,0,3,0,362129,243481,28981,78975,2.2553725591907816,0.24491713598134318
15312,0.4529999999999999,13,48,13,362177,243433,28994,78962,2.2549279336025787,0.2449231532747096
15313,0.453,0,6,0,362183,243427,28994,78962,2.2548723554040535,0.2449277115534339
15314,0.4530039682539682,0,3,0,362186,243424,28994,78962,2.254844566304791,0.24492999075642244
15315,0.453047619047619,0,4,0,362190,243420,28994,78962,2.2548075141724406,0.24493302975972603
15316,0.4530476190476191,0,1,0,362191,243419,28994,78962,2.254798251139353,0.24493378952233538
15317,0.4530555555555555,2,2,2,362193,243417,28996,78960,2.254779725073178,0.24493062470337523
15318,0.4530714285714285,0,1,0,362194,243416,28996,78960,2.2547704620400904,0.24493138447030796
15319,0.4530741758241757,0,1,0,362195,243415,28996,78960,2.2547611990070027,0.24493214424195425
15320,0.4530952380952381,0,1,0,362196,243414,28996,78960,2.2547519359739154,0.24493290401831413
15321,0.4531082251082251,1,5,1,362201,243409,28997,78959,2.2547056208084775,0.2449343607305936
15322,0.4531190476190476,0,2,0,362203,243407,28997,78959,2.2546870947423026,0.24493588033477476
15323,0.453142857142857,0,1,0,362204,243406,28997,78959,2.254677831709215,0.24493664014393624
15324,0.4531428571428572,0,2,0,362206,243404,28997,78959,2.25465930564304,0.24493815977640113
15325,0.4531666666666666,1,11,1,362217,243393,28998,78958,2.254557412279077,0.24494417575872263
15326,0.4531666666666667,1,2,1,362219,243391,28999,78957,2.2545388862129014,0.2449433531462891
15327,0.4531666666666668,0,1,0,362220,243390,28999,78957,2.254529623179814,0.24494411302106114
15328,0.4531944444444443,0,1,0,362221,243389,28999,78957,2.2545203601467265,0.24494487290054787
15329,0.4531984126984127,0,1,0,362222,243388,28999,78957,2.254511097113639,0.24494563278474926
15330,0.4532142857142857,0,3,0,362225,243385,28999,78957,2.2544833080143762,0.24494791246564207
15331,0.4532499999999999,0,1,0,362226,243384,28999,78957,2.2544740449812886,0.2449486723687027
15332,0.45325,0,2,0,362228,243382,28999,78957,2.2544555189151136,0.24495019218896877
15333,0.4532777777777778,1,0,1,362228,243382,29000,78956,2.2544555189151136,0.24494784977259895
15334,0.4533333333333333,114,751,114,362979,242631,29114,78842,2.2474989810663604,0.24525232290114565
15335,0.4533333333333334,0,5,0,362984,242626,29114,78842,2.2474526659009224,0.24525613746935931
15336,0.4533809523809523,0,1,0,362985,242625,29114,78842,2.247443402867835,0.2452569003972414
15337,0.4533888888888889,0,2,0,362987,242623,29114,78842,2.24742487680166,0.24525842626724526
15338,0.4534047619047618,1,0,1,362987,242623,29115,78841,2.24742487680166,0.24525607844113181
15339,0.453452380952381,0,4,0,362991,242619,29115,78841,2.2473878246693095,0.24525913021837864
15340,0.4534682539682539,0,2,0,362993,242617,29115,78841,2.2473692986031346,0.2452606561354827
15341,0.4534999999999999,0,8,0,363001,242609,29115,78841,2.247295194338434,0.2452667599937782
15342,0.4535,2,30,2,363031,242579,29117,78839,2.2470173033458076,0.24528495603855416
15343,0.4535238095238095,0,1,0,363032,242578,29117,78839,2.24700804031272,0.24528571917477918
15344,0.4535396825396827,0,3,0,363035,242575,29117,78839,2.2469802512134573,0.24528800861194597
15345,0.453547619047619,0,1,0,363036,242574,29117,78839,2.2469709881803697,0.2452887717671656
15346,0.4535714285714285,0,1,0,363037,242573,29117,78839,2.2469617251472824,0.245289534927134
15347,0.4535714285714286,1,2,1,363039,242571,29118,78838,2.246943199081107,0.24528871313497755
15348,0.4535833333333333,0,3,0,363042,242568,29118,78838,2.2469154099818445,0.24529100265707549
15349,0.4535897435897435,0,1,0,363043,242567,29118,78838,2.246906146948757,0.24529176584060608
15350,0.4536071428571429,0,3,0,363046,242564,29118,78838,2.246878357849494,0.24529405541969249
15351,0.4536428571428571,0,3,0,363049,242561,29118,78838,2.2468505687502316,0.2452963450415216
15352,0.4536666666666666,4,18,4,363067,242543,29122,78834,2.2466838341546556,0.24530069046633704
15353,0.4536666666666667,2,1,2,363068,242542,29124,78832,2.246674571121568,0.24529675704941906
15354,0.4536944444444444,0,1,0,363069,242541,29124,78832,2.2466653080884806,0.24529752032684762
15355,0.4537023809523809,0,1,0,363070,242540,29124,78832,2.246656045055393,0.2452982836090263
15356,0.4537142857142857,0,1,0,363071,242539,29124,78832,2.2466467820223053,0.24529904689595514
15357,0.4537380952380953,0,1,0,363072,242538,29124,78832,2.246637518989218,0.2452998101876342
15358,0.45375,0,6,0,363078,242532,29124,78832,2.2465819407906924,0.2453043900374653
15359,0.4537500000000001,0,2,0,363080,242530,29124,78832,2.2465634147245175,0.24530591669207935
15360,0.4537777777777778,0,1,0,363081,242529,29124,78832,2.24655415169143,0.24530668002651224
15361,0.4537857142857143,0,1,0,363082,242528,29124,78832,2.246544888658342,0.2453074433656958
15362,0.4538095238095238,1,7,1,363089,242521,29125,78831,2.2464800474267292,0.24531043839776942
15363,0.4538095238095239,0,2,0,363091,242519,29125,78831,2.2464615213605543,0.24531196514703593
15364,0.4538333333333332,0,1,0,363092,242518,29125,78831,2.2464522583274666,0.2453127285287958
15365,0.4538333333333333,1,10,1,363102,242508,29126,78830,2.246359627996591,0.24531801405373782
15366,0.4538333333333334,0,4,0,363106,242504,29126,78830,2.246322575864241,0.24532106779861454
15367,0.4538571428571427,0,1,0,363107,242503,29126,78830,2.2463133128311537,0.24532183124671292
15368,0.4538690476190476,1,1,1,363108,242502,29127,78829,2.246304049798066,0.2453202461013721
15369,0.4538888888888888,0,2,0,363110,242500,29127,78829,2.2462855237318906,0.24532177301146177
15370,0.4539007936507936,0,1,0,363111,242499,29127,78829,2.2462762606988034,0.24532253647363442
15371,0.4539285714285714,0,1,0,363112,242498,29127,78829,2.2462669976657157,0.245323299940559
15372,0.4539346486846486,1,0,1,363112,242498,29128,78828,2.2462669976657157,0.2453209513080174
15373,0.4539523809523809,1,1,1,363113,242497,29129,78827,2.246257734632628,0.24531936612266747
15374,0.4539999999999999,15,143,15,363256,242354,29144,78812,2.244933120901108,0.24539334798826776
15375,0.454,0,5,0,363261,242349,29144,78812,2.24488680573567,0.24539716839840453
15376,0.4540079365079365,2,1,2,363262,242348,29146,78810,2.2448775427025827,0.2453932332372228
15377,0.4540238095238095,0,1,0,363263,242347,29146,78810,2.244868279669495,0.24539399732840947
15378,0.454047619047619,3,3,3,363266,242344,29149,78807,2.2448404905702324,0.2453892405753057
15379,0.4540686274509803,0,1,0,363267,242343,29149,78807,2.2448312275371447,0.24539000467071462
15380,0.4540833333333334,0,1,0,363268,242342,29149,78807,2.244821964504057,0.24539076877088206
15381,0.4541071428571428,0,1,0,363269,242341,29149,78807,2.24481270147097,0.24539153287580803
15382,0.4541071428571429,1,0,1,363269,242341,29150,78806,2.24481270147097,0.2453891831466587
15383,0.4541269841269841,0,1,0,363270,242340,29150,78806,2.244803438437882,0.2453899472514059
15384,0.4541378066378067,0,2,0,363272,242338,29150,78806,2.244784912371707,0.24539147547517626
15385,0.4541428571428571,0,1,0,363273,242337,29150,78806,2.2447756493386195,0.24539223959419948
15386,0.4541666666666666,6,81,6,363354,242256,29156,78800,2.2440253436585276,0.245440047842121
15387,0.4541666666666667,3,55,3,363409,242201,29159,78797,2.2435158768387122,0.24547504968878311
15388,0.4542261904761906,0,1,0,363410,242200,29159,78797,2.2435066138056245,0.24547581441571106
15389,0.4542286324786325,0,1,0,363411,242199,29159,78797,2.243497350772537,0.2454765791474037
15390,0.4542777777777778,0,1,0,363412,242198,29159,78797,2.243488087739449,0.2454773438838611
15391,0.4542857142857142,0,1,0,363413,242197,29159,78797,2.243478824706362,0.24547810862508335
15392,0.4542857142857143,1,13,1,363426,242184,29160,78796,2.2433584052762234,0.24548570004361642
15393,0.4543015873015874,1,1,1,363427,242183,29161,78795,2.243349142243136,0.24548411417604946
15394,0.4543174603174603,0,2,0,363429,242181,29161,78795,2.243330616176961,0.24548564378645132
15395,0.4543333333333333,2,37,2,363466,242144,29163,78793,2.2429878839527215,0.24550924324711704
15396,0.4543809523809524,0,1,0,363467,242143,29163,78793,2.242978620919634,0.24551000822593913
15397,0.4543928571428572,0,1,0,363468,242142,29163,78793,2.242969357886546,0.2455107732095284
15398,0.4544087301587302,0,1,0,363469,242141,29163,78793,2.242960094853459,0.24551153819788493
15399,0.454420634920635,0,6,0,363475,242135,29163,78793,2.2429045166549333,0.2455161282281384
15400,0.4544404761904762,0,1,0,363476,242134,29163,78793,2.242895253621846,0.24551689324986678
15401,0.4544444444444444,0,1,0,363477,242133,29163,78793,2.2428859905887584,0.24551765827636277
15402,0.4544682539682539,0,3,0,363480,242130,29163,78793,2.2428582014894958,0.2455199533844567
15403,0.4544761904761904,1,1,1,363481,242129,29164,78792,2.242848938456408,0.24551836744868674
15404,0.4544841269841269,0,1,0,363482,242128,29164,78792,2.2428396754233204,0.24551913249407953
15405,0.4544999999999999,0,4,0,363486,242124,29164,78792,2.2428026232909706,0.24552219272332948
15406,0.4545,2,13,2,363499,242111,29166,78790,2.242682203860832,0.24552743681072978
15407,0.4545238095238095,0,5,0,363504,242106,29166,78790,2.2426358886953945,0.24553126246509774
15408,0.4545555555555555,0,1,0,363505,242105,29166,78790,2.242626625662307,0.2455320276102775
15409,0.4545595238095238,0,3,0,363508,242102,29166,78790,2.2425988365630443,0.24553432307443002
15410,0.4545714285714285,0,2,0,363510,242100,29166,78790,2.242580310496869,0.2455358534077098
15411,0.4545833333333333,0,3,0,363513,242097,29166,78790,2.2425525213976063,0.2455381489433975
15412,0.4545858585858586,0,1,0,363514,242096,29166,78790,2.242543258364519,0.24553891413149842
15413,0.4545873015873016,0,1,0,363515,242095,29166,78790,2.2425339953314314,0.24553967932436854
15414,0.454588023088023,0,1,0,363516,242094,29166,78790,2.2425247322983437,0.24554044452200796
15415,0.4545912698412699,0,2,0,363518,242092,29166,78790,2.242506206232169,0.2455419749315948
15416,0.4546190476190475,0,1,0,363519,242091,29166,78790,2.242496943199081,0.2455427401435423
15417,0.4546190476190476,0,1,0,363520,242090,29166,78790,2.2424876801659934,0.2455435053602593
15418,0.4546428571428571,0,2,0,363522,242088,29166,78790,2.2424691540998185,0.2455450358080018
15419,0.4546666666666666,2,24,2,363546,242064,29168,78788,2.2422468413057173,0.2455586999613529
15420,0.4546666666666668,0,1,0,363547,242063,29168,78788,2.2422375782726296,0.24555946529697587
15421,0.4546785714285715,2,0,2,363547,242063,29170,78786,2.2422375782726296,0.2455547625206873
15422,0.4547222222222222,0,2,0,363549,242061,29170,78786,2.2422190522064547,0.24555629318647207
15423,0.4547380952380952,0,1,0,363550,242060,29170,78786,2.242209789173367,0.24555705852652052
15424,0.4547619047619048,0,1,0,363551,242059,29170,78786,2.2422005261402793,0.24555782387133973
15425,0.4547777777777778,0,1,0,363552,242058,29170,78786,2.2421912631071916,0.2455585892209298
15426,0.4547857142857143,0,1,0,363553,242057,29170,78786,2.2421820000741044,0.2455593545752907
15427,0.4548095238095238,0,3,0,363556,242054,29170,78786,2.242154210974842,0.24556165066699912
15428,0.4548333333333332,0,5,0,363561,242049,29170,78786,2.242107895809404,0.24556547758193464
15429,0.4548333333333333,2,6,2,363567,242043,29172,78784,2.2420523176108786,0.24556536700464737
15430,0.4548333333333334,0,1,0,363568,242042,29172,78784,2.242043054577791,0.2455661324206891
15431,0.4549047619047618,0,2,0,363570,242040,29172,78784,2.242024528511616,0.24556766326708726
15432,0.4549166666666667,0,1,0,363571,242039,29172,78784,2.2420152654785284,0.24556842869744377
15433,0.4549296536796536,0,1,0,363572,242038,29172,78784,2.2420060024454407,0.24556919413257194
15434,0.4549523809523809,0,2,0,363574,242036,29172,78784,2.2419874763792658,0.24557072501714358
15435,0.4549920634920634,0,1,0,363575,242035,29172,78784,2.241978213346178,0.24557149046658708
15436,0.4549999999999999,4,19,4,363594,242016,29176,78780,2.2418022157175144,0.24557662813750794
15437,0.455,200,1286,200,364880,240730,29376,78580,2.22988995516692,0.24609313832952304
15438,0.4550357142857142,0,1,0,364881,240729,29376,78580,2.229880692133832,0.24609390903482206
15439,0.4550476190476191,1,0,1,364881,240729,29377,78579,2.229880692133832,0.2460915479724905
15440,0.4550595238095238,0,2,0,364883,240727,29377,78579,2.229862166067657,0.24609308938760938
15441,0.4550833333333333,0,2,0,364885,240725,29377,78579,2.2298436400014823,0.24609463082203795
15442,0.4550833333333334,0,1,0,364886,240724,29377,78579,2.2298343769683946,0.24609540154649345
15443,0.4550912698412698,0,1,0,364887,240723,29377,78579,2.229825113935307,0.24609617227577654
15444,0.4551153846153846,1,0,1,364887,240723,29378,78578,2.229825113935307,0.2460938111687718
15445,0.4551190476190475,0,1,0,364888,240722,29378,78578,2.2298158509022192,0.24609458189790165
15446,0.4551190476190476,0,9,0,364897,240713,29378,78578,2.2297324836044314,0.24610151867731944
15447,0.4551388888888888,0,1,0,364898,240712,29378,78578,2.2297232205713438,0.24610228945472767
15448,0.4551666666666666,1,13,1,364911,240699,29379,78577,2.2296028011412057,0.2461099487590674
15449,0.4551666666666667,1,4,1,364915,240695,29380,78576,2.2295657490088554,0.24611067087208047
15450,0.4551785714285714,0,1,0,364916,240694,29380,78576,2.2295564859757677,0.24611144172643845
15451,0.4552380952380951,0,1,0,364917,240693,29380,78576,2.2295472229426805,0.2461122125856253
15452,0.4552380952380953,3,3,3,364920,240690,29383,78573,2.229519433843418,0.24610744120051495
15453,0.4552460317460317,1,1,1,364921,240689,29384,78572,2.22951017081033,0.2461058506989579
15454,0.4552499999999999,1,1,1,364922,240688,29385,78571,2.2295009077772425,0.24610426017747347
15455,0.45525,2,4,2,364926,240684,29387,78569,2.2294638556448922,0.2461026208054427
15456,0.4552777777777778,0,3,0,364929,240681,29387,78569,2.2294360665456296,0.24610493343774473
15457,0.4552857142857142,0,1,0,364930,240680,29387,78569,2.229426803512542,0.24610570432483736
15458,0.4553095238095238,0,1,0,364931,240679,29387,78569,2.2294175404794547,0.24610647521675938
15459,0.4553333333333333,3,31,3,364962,240648,29390,78566,2.2291303864537406,0.2461232903318777
15460,0.4553452380952381,0,1,0,364963,240647,29390,78566,2.229121123420653,0.24612406136341566
15461,0.4553571428571428,1,2,1,364965,240645,29391,78565,2.2291025973544776,0.2461232417530779
15462,0.4553809523809524,0,1,0,364966,240644,29391,78565,2.2290933343213903,0.2461240127941255
15463,0.4554166666666666,0,3,0,364969,240641,29391,78565,2.2290655452221277,0.24612632594625414
15464,0.4554285714285714,0,1,0,364970,240640,29391,78565,2.22905628218904,0.24612709700662583
15465,0.4554523809523809,0,1,0,364971,240639,29391,78565,2.2290470191559524,0.24612786807182868
15466,0.4554545454545454,0,1,0,364972,240638,29391,78565,2.2290377561228647,0.2461286391418627
15467,0.4554761904761904,0,1,0,364973,240637,29391,78565,2.2290284930897775,0.24612941021672796
15468,0.4554761904761905,1,3,1,364976,240634,29392,78564,2.229000703990515,0.24612936171279268
15469,0.4554999999999999,5,17,5,364993,240617,29397,78559,2.228843232428026,0.2461306614532421
15470,0.4555,1,4,1,364997,240613,29398,78558,2.2288061802956762,0.24613138411697805
15471,0.4555238095238095,0,1,0,364998,240612,29398,78558,2.2287969172625886,0.24613215527775167
15472,0.4555555555555555,0,3,0,365001,240609,29398,78558,2.228769128163326,0.24613446878906653
15473,0.4555725108225108,1,0,1,365001,240609,29399,78557,2.228769128163326,0.24613210680335626
15474,0.4555833333333333,0,1,0,365002,240608,29399,78557,2.2287598651302383,0.24613287797847508
15475,0.4555844155844156,0,1,0,365003,240607,29399,78557,2.2287506020971506,0.2461336491584264
15476,0.4555952380952381,0,1,0,365004,240606,29399,78557,2.2287413390640634,0.2461344203432102
15477,0.4556190476190477,1,2,1,365006,240604,29400,78556,2.228722812997888,0.24613360070184234
15478,0.4556428571428572,0,1,0,365007,240603,29400,78556,2.2287135499648003,0.24613437189613954
15479,0.4556666666666665,1,0,1,365007,240603,29401,78555,2.2287135499648003,0.24613200985092024
15480,0.4556666666666666,4,32,4,365039,240571,29405,78551,2.2284171329059985,0.24614724149384876
15481,0.4556666666666667,4,12,4,365051,240559,29409,78547,2.228305976508948,0.2461470483162335
15482,0.4557142857142856,0,1,0,365052,240558,29409,78547,2.2282967134758604,0.2461478196831764
15483,0.4557142857142857,1,18,1,365070,240540,29410,78546,2.2281299788802844,0.24615934262236513
15484,0.4557380952380953,0,1,0,365071,240539,29410,78546,2.228120715847197,0.2461601140761866
15485,0.4557619047619047,0,1,0,365072,240538,29410,78546,2.2281114528141095,0.2461608855348435
15486,0.4557619047619048,0,2,0,365074,240536,29410,78546,2.228092926747934,0.24616242846666375
15487,0.4557857142857142,0,1,0,365075,240535,29410,78546,2.228083663714847,0.2461631999398272
15488,0.4557857142857143,0,2,0,365077,240533,29410,78546,2.2280651376486715,0.24616474290066095
15489,0.4557976190476191,0,1,0,365078,240532,29410,78546,2.2280558746155843,0.24616551438833137
15490,0.4558095238095238,0,1,0,365079,240531,29410,78546,2.2280466115824966,0.24616628588083755
15491,0.4558333333333333,19,157,19,365236,240374,29429,78527,2.2265923153877507,0.24624256430679115
15492,0.4558515651015651,0,1,0,365237,240373,29429,78527,2.226583052354663,0.24624333646911256
15493,0.4558809523809524,0,1,0,365238,240372,29429,78527,2.2265737893215753,0.2462441086362767
15494,0.4559047619047618,0,3,0,365241,240369,29429,78527,2.2265460002223127,0.24624642516682554
15495,0.4559166666666667,0,2,0,365243,240367,29429,78527,2.226527474156138,0.24624796954473901
15496,0.4559523809523809,1,1,1,365244,240366,29430,78526,2.22651821112305,0.24624637808411626
15497,0.455952380952381,0,5,0,365249,240361,29430,78526,2.226471895957612,0.2462502391129146
15498,0.4559999999999998,0,1,0,365250,240360,29430,78526,2.226462632924525,0.2462510113332037
15499,0.4559999999999999,1,10,1,365260,240350,29431,78525,2.2263700025936495,0.2462563700509604
15500,0.456,21,143,21,365403,240207,29452,78504,2.225045388862129,0.24631719645697828
15501,0.456047619047619,0,1,0,365404,240206,29452,78504,2.2250361258290416,0.24631796931379624
15502,0.4560555555555555,0,1,0,365405,240205,29452,78504,2.225026862795954,0.24631874217546415
15503,0.4560714285714285,0,1,0,365406,240204,29452,78504,2.2250175997628663,0.246319515041982
15504,0.4560714285714286,0,1,0,365407,240203,29452,78504,2.2250083367297786,0.24632028791334987
15505,0.4561111111111111,0,1,0,365408,240202,29452,78504,2.2249990736966914,0.2463210607895678
15506,0.4561190476190476,0,1,0,365409,240201,29452,78504,2.2249898106636037,0.24632183367063584
15507,0.4561428571428571,0,6,0,365415,240195,29452,78504,2.2249342324650785,0.24632647105889885
15508,0.4561626984126984,0,1,0,365416,240194,29452,78504,2.224924969431991,0.2463272439739189
15509,0.4561666666666666,3,17,3,365433,240177,29455,78501,2.2247674978695025,0.24633328940184135
15510,0.4561666666666667,0,2,0,365435,240175,29455,78501,2.224748971803327,0.2463348353813905
15511,0.4561904761904761,0,2,0,365437,240173,29455,78501,2.224730445737152,0.2463363813803448
15512,0.4561904761904762,0,7,0,365444,240166,29455,78501,2.2246656045055393,0.24634179252950572
15513,0.4562142857142857,1,0,1,365444,240166,29456,78500,2.2246656045055393,0.24633942748834203
15514,0.4562499999999999,0,5,0,365449,240161,29456,78500,2.2246192893401013,0.24634329271545624
15515,0.45625,1,9,1,365458,240152,29457,78499,2.2245359220423135,0.2463478853039846
15516,0.4562777777777777,0,1,0,365459,240151,29457,78499,2.224526659009226,0.24634865840263612
15517,0.4562857142857142,0,1,0,365460,240150,29457,78499,2.2245173959761386,0.24634943150613997
15518,0.4562857142857143,1,0,1,365460,240150,29458,78498,2.2245173959761386,0.24634706635535136
15519,0.4563095238095238,1,2,1,365462,240148,29459,78497,2.2244988699099633,0.2463462473912975
15520,0.4563333333333332,0,6,0,365468,240142,29459,78497,2.224443291711438,0.24635088611249722
15521,0.4563333333333333,5,24,5,365492,240118,29464,78492,2.224220978917337,0.24635761589403973
15522,0.4563333333333334,0,3,0,365495,240115,29464,78492,2.2241931898180742,0.2463599355946354
15523,0.4563419913419914,0,1,0,365496,240114,29464,78492,2.2241839267849866,0.246360708837875
15524,0.4563787878787878,0,3,0,365499,240111,29464,78492,2.224156137685724,0.24636302859671755
15525,0.4563809523809524,0,2,0,365501,240109,29464,78492,2.2241376116195486,0.24636457512688284
15526,0.4564166666666666,0,3,0,365504,240106,29464,78492,2.224109822520286,0.24636689495853709
15527,0.4564285714285714,1,6,1,365510,240100,29465,78491,2.224054244321761,0.24636916924834662
15528,0.4564444444444444,0,1,0,365511,240099,29465,78491,2.224044981288673,0.24636994255940237
15529,0.4564482641541466,0,3,0,365514,240096,29465,78491,2.2240171921894105,0.24637226252169736
15530,0.4564523809523809,0,2,0,365516,240094,29465,78491,2.2239986661232356,0.246373809187501
15531,0.4564761904761905,0,2,0,365518,240092,29465,78491,2.2239801400570602,0.2463753558727239
15532,0.4564999999999999,3,26,3,365544,240066,29468,78488,2.223739301196784,0.24638836743534848
15533,0.4565000000000001,0,1,0,365545,240065,29468,78488,2.2237300381636964,0.24638914089649133
15534,0.4565064935064934,0,1,0,365546,240064,29468,78488,2.2237207751306087,0.24638991436249028
15535,0.456508658008658,1,1,1,365547,240063,29469,78487,2.223711512097521,0.24638832208444514
15536,0.4565238095238095,0,1,0,365548,240062,29469,78487,2.223702249064434,0.24638909555515792
15537,0.456547619047619,0,4,0,365552,240058,29469,78487,2.2236651969320835,0.24639218948657177
15538,0.456569264069264,0,1,0,365553,240057,29469,78487,2.223655933898996,0.24639296298156613
15539,0.4565714285714285,1,0,1,365553,240057,29470,78486,2.223655933898996,0.2463905971878208
15540,0.4565833333333333,0,3,0,365556,240054,29470,78486,2.2236281447997333,0.24639291768694668
15541,0.4565934343434344,0,1,0,365557,240053,29470,78486,2.2236188817666456,0.24639369119636842
15542,0.4565952380952381,0,1,0,365558,240052,29470,78486,2.2236096187335583,0.24639446471064677
15543,0.4566071428571428,1,0,1,365558,240052,29471,78485,2.2236096187335583,0.24639209887705352
15544,0.4566125541125541,0,1,0,365559,240051,29471,78485,2.2236003557004707,0.2463928723911897
15545,0.4566190476190476,0,2,0,365561,240049,29471,78485,2.2235818296342953,0.24639441943403215
15546,0.4566428571428571,1,0,1,365561,240049,29472,78484,2.2235818296342953,0.24639205357058766
15547,0.4566428571428572,0,1,0,365562,240048,29472,78484,2.223572566601208,0.24639282709429508
15548,0.4566666666666665,0,3,0,365565,240045,29472,78484,2.2235447775019455,0.24639514769455842
15549,0.4566666666666666,64,399,64,365964,239646,29536,78420,2.219848827300011,0.24655260229009074
15550,0.4566666666666667,38,298,38,366262,239348,29574,78382,2.21708844343992,0.24669373367324457
15551,0.4567142857142857,0,1,0,366263,239347,29574,78382,2.2170791804068326,0.2466945101013757
15552,0.4567142857142858,0,1,0,366264,239346,29574,78382,2.217069917373745,0.2466952865343942
15553,0.4567619047619047,0,1,0,366265,239345,29574,78382,2.2170606543406572,0.24669606297230012
15554,0.4567857142857143,0,3,0,366268,239342,29574,78382,2.2170328652413946,0.24669839231534288
15555,0.4568095238095238,0,2,0,366270,239340,29574,78382,2.2170143391752197,0.24669994523514266
15556,0.4568333333333333,8,27,8,366297,239313,29582,78374,2.2167642372818555,0.2467019424779736
15557,0.4568888888888889,0,1,0,366298,239312,29582,78374,2.216754974248768,0.24670271903703658
15558,0.4569047619047618,1,0,1,366298,239312,29583,78373,2.216754974248768,0.24670034782882416
15559,0.4569047619047619,0,3,0,366301,239309,29583,78373,2.216727185149505,0.24670267752028757
15560,0.456904761904762,0,1,0,366302,239308,29583,78373,2.216717922116418,0.24670345409388664
15561,0.4569166666666667,0,1,0,366303,239307,29583,78373,2.2167086590833303,0.2467042306723747
15562,0.4569523809523809,0,2,0,366305,239305,29583,78373,2.2166901330171553,0.24670578384401814
15563,0.4569999999999999,0,6,0,366311,239299,29583,78373,2.2166345548186297,0.24671044347629
15564,0.457,10,38,10,366349,239261,29593,78363,2.2162825595613027,0.24671624310505502
15565,0.4570357142857144,0,3,0,366352,239258,29593,78363,2.21625477046204,0.2467185733940766
15566,0.4570555555555555,0,1,0,366353,239257,29593,78363,2.2162455074289524,0.24671935016686605
15567,0.4570833333333333,0,5,0,366358,239252,29593,78363,2.216199192263515,0.24672323410418273
15568,0.4570873015873015,0,2,0,366360,239250,29593,78363,2.2161806661973396,0.24672478771334927
15569,0.4570952380952381,0,1,0,366361,239249,29593,78363,2.2161714031642523,0.24672556452526984
15570,0.4571071428571429,0,1,0,366362,239248,29593,78363,2.2161621401311646,0.246726341342082
15571,0.4571153846153846,0,1,0,366363,239247,29593,78363,2.216152877098077,0.24672711816378579
15572,0.4571428571428571,0,7,0,366370,239240,29593,78363,2.216088035866464,0.24673255605268213
15573,0.4571666666666666,4,10,4,366380,239230,29597,78359,2.2159954055355886,0.24673083765495657
15574,0.4571666666666668,1,1,1,366381,239229,29598,78358,2.215986142502501,0.2467292426957023
15575,0.4571904761904762,0,2,0,366383,239227,29598,78358,2.215967616436326,0.2467307964796826
15576,0.4572142857142857,0,1,0,366384,239226,29598,78358,2.2159583534032383,0.24673157337901153
15577,0.4572222222222222,0,2,0,366386,239224,29598,78358,2.2159398273370634,0.24673312719234716
15578,0.4572222222222223,0,1,0,366387,239223,29598,78358,2.2159305643039757,0.24673390410635396
15579,0.457224025974026,0,1,0,366388,239222,29598,78358,2.215921301270888,0.24673468102525348
15580,0.45725,0,1,0,366389,239221,29598,78358,2.215912038237801,0.24673545794904575
15581,0.4572500000000001,0,2,0,366391,239219,29598,78358,2.2158935121716254,0.24673701181130875
15582,0.4572619047619047,0,1,0,366392,239218,29598,78358,2.2158842491385378,0.24673778874977959
15583,0.4572698412698412,0,2,0,366394,239216,29598,78358,2.215865723072363,0.24673934264140013
15584,0.4572777777777778,1,0,1,366394,239216,29599,78357,2.215865723072363,0.24673697071224568
15585,0.4572857142857142,0,1,0,366395,239215,29599,78357,2.215856460039275,0.24673774766037307
15586,0.4573055555555556,0,3,0,366398,239212,29599,78357,2.2158286709400126,0.24674007853411384
15587,0.4573333333333332,0,12,0,366410,239200,29599,78357,2.2157175145429617,0.2467494024694779
15588,0.4573333333333333,3,29,3,366439,239171,29602,78354,2.215448886583423,0.24676482166758523
15589,0.4573333333333334,1,3,1,366442,239168,29603,78353,2.2154210974841604,0.24676478091212864
15590,0.4573809523809523,0,2,0,366444,239166,29603,78353,2.215402571417985,0.24676633524293035
15591,0.4573809523809524,1,7,1,366451,239159,29604,78352,2.215337730186372,0.2467694032647688
15592,0.4574285714285714,0,1,0,366452,239158,29604,78352,2.2153284671532845,0.24677018046675694
15593,0.4574487734487735,0,5,0,366457,239153,29604,78352,2.215282151987847,0.24677406655013306
15594,0.457452380952381,0,1,0,366458,239152,29604,78352,2.2152728889547593,0.24677484378149567
15595,0.4574761904761903,0,3,0,366461,239149,29604,78352,2.2152450998554967,0.24677717550495903
15596,0.4574848484848485,1,0,1,366461,239149,29605,78351,2.2152450998554967,0.2467748031496063
15597,0.4574999999999999,2,11,2,366472,239138,29607,78349,2.2151432064915335,0.24677860825797593
15598,0.4575,65,354,65,366826,238784,29672,78284,2.2118640927785393,0.24689971867233526
15599,0.4575000000000001,0,8,0,366834,238776,29672,78284,2.211789988513839,0.24690594840093358
15600,0.4575793650793651,0,1,0,366835,238775,29672,78284,2.2117807254807516,0.2469067271391129
15601,0.4575833333333333,1,3,1,366838,238772,29673,78283,2.211752936381489,0.24690668811404962
15602,0.4575833333333334,1,0,1,366838,238772,29674,78282,2.211752936381489,0.24690431282999112
15603,0.4576190476190476,1,7,1,366845,238765,29675,78281,2.211688095149876,0.24690738883316615
15604,0.4576626984126984,0,4,0,366849,238761,29675,78281,2.211651043017526,0.2469105039710827
15605,0.4576666666666666,3,30,3,366879,238731,29678,78278,2.211373152024899,0.24692674340476137
15606,0.4576666666666667,1,11,1,366890,238720,29679,78277,2.2112712586609358,0.24693293627384486
15607,0.4576785714285714,0,1,0,366891,238719,29679,78277,2.2112619956278485,0.24693371525192748
15608,0.4576904761904761,0,1,0,366892,238718,29679,78277,2.211252732594761,0.24693449423492483
15609,0.4577023809523809,0,5,0,366897,238713,29679,78277,2.211206417429323,0.2469383892236348
15610,0.4577272727272727,0,1,0,366898,238712,29679,78277,2.2111971543962357,0.24693916823612175
15611,0.4577380952380953,0,1,0,366899,238711,29679,78277,2.211187891363148,0.2469399472535238
15612,0.4577408424908426,0,1,0,366900,238710,29679,78277,2.2111786283300603,0.24694072627584096
15613,0.4577777777777778,0,2,0,366902,238708,29679,78277,2.2111601022638854,0.24694228433522092
15614,0.4577857142857142,0,1,0,366903,238707,29679,78277,2.2111508392307977,0.24694306337228378
15615,0.457797619047619,0,1,0,366904,238706,29679,78277,2.21114157619771,0.24694384241426195
15616,0.4578095238095237,1,0,1,366904,238706,29680,78276,2.21114157619771,0.24694146670788877
15617,0.4578095238095238,0,2,0,366906,238704,29680,78276,2.211123050131535,0.24694302479651714
15618,0.4578333333333332,0,1,0,366907,238703,29680,78276,2.2111137870984474,0.24694380384820447
15619,0.4578333333333333,4,12,4,366919,238691,29684,78272,2.211002630701397,0.24694364957424053
15620,0.4578531746031746,0,1,0,366920,238690,29684,78272,2.2109933676683093,0.2469444286696828
15621,0.4578571428571428,2,6,2,366926,238684,29686,78270,2.210937789469784,0.24694435154628117
15622,0.4578809523809524,1,0,1,366926,238684,29687,78269,2.210937789469784,0.24694197562414616
15623,0.4579166666666666,0,1,0,366927,238683,29687,78269,2.2109285264366965,0.2469427547388879
15624,0.4579166666666667,0,3,0,366930,238680,29687,78269,2.210900737337434,0.24694509211261118
15625,0.4579285714285714,0,1,0,366931,238679,29687,78269,2.210891474304346,0.24694587124701844
15626,0.4579325396825397,0,1,0,366932,238678,29687,78269,2.2108822112712585,0.2469466503863422
15627,0.4579761904761905,0,2,0,366934,238676,29687,78269,2.2108636852050836,0.24694820867973938
15628,0.4579999999999999,9,80,9,367014,238596,29696,78260,2.2101226425580793,0.2469891685813114
15629,0.458,4,5,4,367019,238591,29700,78256,2.2100763273926414,0.24698355988852663
15630,0.4580411255411254,0,1,0,367020,238590,29700,78256,2.2100670643595537,0.2469843393951636
15631,0.458047619047619,1,2,1,367022,238588,29701,78255,2.2100485382933788,0.24698352180733044
15632,0.4580476190476191,0,1,0,367023,238587,29701,78255,2.210039275260291,0.24698430132368815
15633,0.458095238095238,1,0,1,367023,238587,29702,78254,2.210039275260291,0.24698192468777716
15634,0.4580952380952381,2,0,2,367023,238587,29704,78252,2.210039275260291,0.24697717137094866
15635,0.4581178624437136,1,4,1,367027,238583,29705,78251,2.210002223127941,0.2469779127240132
15636,0.4581666666666665,0,1,0,367028,238582,29705,78251,2.2099929600948536,0.24697869224481037
15637,0.4581666666666666,2,13,2,367041,238569,29707,78249,2.209872540664715,0.24698407287464727
15638,0.4581666666666667,0,4,0,367045,238565,29707,78249,2.209835488532365,0.24698719122261012
15639,0.4581818181818182,0,1,0,367046,238564,29707,78249,2.2098262254992775,0.2469879708219044
15640,0.4581904761904762,0,1,0,367047,238563,29707,78249,2.20981696246619,0.24698875042612023
15641,0.4582142857142857,0,3,0,367050,238560,29707,78249,2.2097891733669273,0.2469910892682973
15642,0.4582179487179487,1,0,1,367050,238560,29708,78248,2.2097891733669273,0.24698871240625236
15643,0.4582301587301588,0,1,0,367051,238559,29708,78248,2.2097799103338396,0.24698949202511308
15644,0.4582380952380952,0,1,0,367052,238558,29708,78248,2.2097706473007523,0.24699027164889553
15645,0.45825,0,1,0,367053,238557,29708,78248,2.2097613842676647,0.2469910512775998
15646,0.4582777777777778,0,1,0,367054,238556,29708,78248,2.209752121234577,0.24699183091122587
15647,0.4582857142857142,0,2,0,367056,238554,29708,78248,2.209733595168402,0.24699339019324373
15648,0.4582857142857143,0,1,0,367057,238553,29708,78248,2.2097243321353144,0.2469941698416356
15649,0.4583333333333332,41,179,41,367236,238374,29749,78207,2.208066249212642,0.24703630350526407
15650,0.4583333333333333,36,226,36,367462,238148,29785,78171,2.205972803734855,0.24712710902601487
15651,0.4583333333333334,1,2,1,367464,238146,29786,78170,2.20595427766868,0.2471262914300889
15652,0.4583571428571429,0,1,0,367465,238145,29786,78170,2.205945014635592,0.24712707269652087
15653,0.4583809523809523,0,1,0,367466,238144,29786,78170,2.205935751602505,0.24712785396789266
15654,0.4583809523809524,0,1,0,367467,238143,29786,78170,2.205926488569417,0.2471286352442043
15655,0.4583846153846154,0,1,0,367468,238142,29786,78170,2.2059172255363295,0.2471294165254559
15656,0.4584047619047618,2,1,2,367469,238141,29788,78168,2.2059079625032423,0.24712543746779256
15657,0.4584523809523809,1,1,1,367470,238140,29789,78167,2.2058986994701546,0.2471238385492575
15658,0.4584603174603174,0,1,0,367471,238139,29789,78167,2.205889436437067,0.24712461983016445
15659,0.4584999999999999,0,2,0,367473,238137,29789,78167,2.205870910370892,0.2471261824067985
15660,0.4585,3,28,3,367501,238109,29792,78164,2.2056115454444405,0.24714091939558547
15661,0.4585238095238095,0,3,0,367504,238106,29792,78164,2.2055837563451774,0.24714326366711986
15662,0.4585696248196248,0,1,0,367505,238105,29792,78164,2.20557449331209,0.2471440451008477
15663,0.4585714285714285,0,2,0,367507,238103,29792,78164,2.205555967245915,0.24714560798312818
15664,0.4585714285714286,2,3,2,367510,238100,29794,78162,2.2055281781466523,0.24714319140459493
15665,0.4585833333333333,0,1,0,367511,238099,29794,78162,2.2055189151135646,0.24714397285786108
15666,0.4585833333333335,0,3,0,367514,238096,29794,78162,2.205491126014302,0.24714631724731073
15667,0.4586190476190477,0,2,0,367516,238094,29794,78162,2.205472599948127,0.24714788019832035
15668,0.4586349206349207,1,2,1,367518,238092,29795,78161,2.2054540738819517,0.24714706263655997
15669,0.4586666666666666,5,32,5,367550,238060,29800,78156,2.2051576568231503,0.24716016899840615
15670,0.4586666666666667,2,5,2,367555,238055,29802,78154,2.2051113416577124,0.24715931551600365
15671,0.4586904761904762,0,2,0,367557,238053,29802,78154,2.2050928155915375,0.2471608787914246
15672,0.4587142857142857,0,3,0,367560,238050,29802,78154,2.2050650264922744,0.24716322374163516
15673,0.4587499999999999,1,0,1,367560,238050,29803,78153,2.2050650264922744,0.24716084287625353
15674,0.45875,1,10,1,367570,238040,29804,78152,2.204972396161399,0.24716627871672908
15675,0.4588095238095238,0,2,0,367572,238038,29804,78152,2.204953870095224,0.24716784212024415
15676,0.4588333333333332,0,1,0,367573,238037,29804,78152,2.2049446070621364,0.24716862382941848
15677,0.4588333333333333,2,8,2,367581,238029,29806,78150,2.204870502797436,0.24717011566233052
15678,0.4588888888888888,0,2,0,367583,238027,29806,78150,2.204851976731261,0.2471716791543977
15679,0.4589285714285714,1,0,1,367583,238027,29807,78149,2.204851976731261,0.2471692981124437
15680,0.4589999999999999,7,76,7,367659,237951,29814,78142,2.204147986216607,0.24721205468010995
15681,0.4590000000000001,0,6,0,367665,237945,29814,78142,2.2040924080180813,0.24721674728793022
15682,0.459047619047619,1,4,1,367669,237941,29815,78141,2.2040553558857314,0.24721749419454445
15683,0.4591190476190476,0,1,0,367670,237940,29815,78141,2.2040460928526437,0.2472182763279033
15684,0.4591428571428571,0,1,0,367671,237939,29815,78141,2.204036829819556,0.2472190584662111
15685,0.4591428571428572,0,1,0,367672,237938,29815,78141,2.2040275667864684,0.2472198406094679
15686,0.4591666666666666,6,78,6,367750,237860,29821,78135,2.2033050502056395,0.2472665706735866
15687,0.4591666666666667,11,55,11,367805,237805,29832,78124,2.2027955833858237,0.24728340861396073
15688,0.459202380952381,0,1,0,367806,237804,29832,78124,2.2027863203527365,0.2472841913347345
15689,0.4592142857142857,1,0,1,367806,237804,29833,78123,2.2027863203527365,0.24728180877227968
15690,0.45925,0,1,0,367807,237803,29833,78123,2.202777057319649,0.24728259149294454
15691,0.4592857142857143,0,11,0,367818,237792,29833,78123,2.2026751639556856,0.24729120174730546
15692,0.4593253968253968,0,1,0,367819,237791,29833,78123,2.202665900922598,0.24729198452743467
15693,0.4593333333333333,3,40,3,367859,237751,29836,78120,2.202295379599096,0.24731615121362835
15694,0.4593571428571429,0,1,0,367860,237750,29836,78120,2.2022861165660084,0.24731693418178363
15695,0.4593809523809524,0,1,0,367861,237749,29836,78120,2.2022768535329207,0.2473177171548965
15696,0.4594047619047618,0,2,0,367863,237747,29836,78120,2.2022583274667458,0.24731928311599502
15697,0.4594444444444444,0,2,0,367865,237745,29836,78120,2.2022398014005704,0.2473208490969243
15698,0.4594444444444445,0,1,0,367866,237744,29836,78120,2.202230538367483,0.24732163209482563
15699,0.4594642857142856,0,3,0,367869,237741,29836,78120,2.2022027492682206,0.24732398111827672
15700,0.4594761904761905,0,1,0,367870,237740,29836,78120,2.202193486235133,0.24732476413600962
15701,0.4594999999999999,1,2,1,367872,237738,29837,78119,2.2021749601689575,0.24732394722928414
15702,0.4595,2,13,2,367885,237725,29839,78117,2.2020545407388195,0.24732936088297314
15703,0.4595238095238095,3,5,3,367890,237720,29842,78114,2.202008225573382,0.24732612701609072
15704,0.4595357142857144,1,1,1,367891,237719,29843,78113,2.2019989625402943,0.24732452696370222
15705,0.4595714285714286,0,1,0,367892,237718,29843,78113,2.2019896995072066,0.2473253100550611
15706,0.4595811688311688,0,1,0,367893,237717,29843,78113,2.201980436474119,0.2473260931513789
15707,0.4595833333333333,0,3,0,367896,237714,29843,78113,2.2019526473748563,0.24732844247008648
15708,0.459595238095238,0,2,0,367898,237712,29843,78113,2.2019341213086814,0.24733000870735375
15709,0.4595952380952381,0,1,0,367899,237711,29843,78113,2.2019248582755937,0.2473307918334262
15710,0.4596071428571429,0,1,0,367900,237710,29843,78113,2.201915595242506,0.24733157496445793
15711,0.4596428571428571,1,4,1,367904,237706,29844,78112,2.201878543110156,0.24733232431337035
15712,0.4596666666666666,3,33,3,367937,237673,29847,78109,2.2015728630182667,0.24735102064082184
15713,0.4596666666666668,0,1,0,367938,237672,29847,78109,2.201563599985179,0.2473518039400724
15714,0.4596746031746032,2,1,2,367939,237671,29849,78107,2.201554336952092,0.2473478203041377
15715,0.4596944444444444,0,1,0,367940,237670,29849,78107,2.201545073919004,0.24734860360317565
15716,0.4597142857142857,0,2,0,367942,237668,29849,78107,2.2015265478528288,0.2473501702161349
15717,0.4597222222222222,0,1,0,367943,237667,29849,78107,2.2015172848197415,0.24735095353005632
15718,0.4597301587301587,1,1,1,367944,237666,29850,78106,2.201508021786654,0.24734935333088431
15719,0.4597777777777777,0,1,0,367945,237665,29850,78106,2.201498758753566,0.24735013664966068
15720,0.4598095238095238,1,0,1,367945,237665,29851,78105,2.201498758753566,0.24734775311144186
15721,0.4598333333333332,3,4,3,367949,237661,29854,78102,2.201461706621216,0.24734373564983864
15722,0.4598333333333333,2,10,2,367959,237651,29856,78100,2.2013690762903404,0.24734680175201346
15723,0.4598571428571428,0,2,0,367961,237649,29856,78100,2.2013505502241655,0.2473483684825605
15724,0.4598809523809523,0,1,0,367962,237648,29856,78100,2.201341287191078,0.247349151855277
15725,0.4598809523809524,1,4,1,367966,237644,29857,78099,2.2013042350587275,0.2473499016605277
15726,0.4598888888888888,0,1,0,367967,237643,29857,78099,2.2012949720256403,0.2473506850529863
15727,0.4599047619047618,0,1,0,367968,237642,29857,78099,2.2012857089925526,0.24735146845040715
15728,0.4599047619047619,0,2,0,367970,237640,29857,78099,2.2012671829263772,0.24735303526013575
15729,0.4599285714285714,0,2,0,367972,237638,29857,78099,2.2012486568602023,0.2473546020897139
15730,0.4599523809523809,0,1,0,367973,237637,29857,78099,2.2012393938271146,0.2473553855119467
15731,0.4599999999999999,7,45,7,368018,237592,29864,78092,2.200822557338175,0.24737395623471573
15732,0.46,441,3210,441,371228,234382,30305,77651,2.171088221127126,0.24885508904506895
15733,0.4600000000000001,3,28,3,371256,234354,30308,77648,2.1708288562006746,0.2488701995500029
15734,0.4600119047619049,0,1,0,371257,234353,30308,77648,2.170819593167587,0.24887099720834227
15735,0.4600238095238094,0,2,0,371259,234351,30308,77648,2.1708010671014115,0.2488725925403607
15736,0.4600238095238095,0,1,0,371260,234350,30308,77648,2.1707918040683243,0.24887339021403984
15737,0.4601190476190476,0,3,0,371263,234347,30308,77648,2.1707640149690617,0.24887578326575746
15738,0.4601309523809524,0,1,0,371264,234346,30308,77648,2.170754751935974,0.24887658095989026
15739,0.4601428571428571,0,4,0,371268,234342,30308,77648,2.1707176998036237,0.2488797717875573
15740,0.4601428571428572,1,1,1,371269,234341,30309,77647,2.170708436770536,0.24887816198058899
15741,0.46015873015873,0,1,0,371270,234340,30309,77647,2.170699173737449,0.24887895970024393
15742,0.4601666666666666,1,13,1,371283,234327,30310,77646,2.1705787543073103,0.24888692290679001
15743,0.4601666666666667,1,0,1,371283,234327,30311,77645,2.1705787543073103,0.24888451527701205
15744,0.4601666666666668,0,1,0,371284,234326,30311,77645,2.170569491274223,0.24888531305794448
15745,0.4601746031746032,0,1,0,371285,234325,30311,77645,2.1705602282411354,0.2488861108439914
15746,0.4601865079365079,0,1,0,371286,234324,30311,77645,2.1705509652080477,0.24888690863515286
15747,0.4602222222222222,0,2,0,371288,234322,30311,77645,2.1705324391418728,0.2488885042328195
15748,0.46025,0,1,0,371289,234321,30311,77645,2.170523176108785,0.2488893020393248
15749,0.4602777777777778,0,1,0,371290,234320,30311,77645,2.1705139130756974,0.24889009985094482
15750,0.4602857142857143,1,2,1,371292,234318,30312,77644,2.1704953870095225,0.2488892877978728
15751,0.4603095238095238,0,3,0,371295,234315,30312,77644,2.17046759791026,0.24889168127862957
15752,0.4603333333333332,0,2,0,371297,234313,30312,77644,2.1704490718440845,0.24889327695804228
15753,0.4603333333333333,4,27,4,371324,234286,30316,77640,2.1701989699507207,0.24890518905124934
15754,0.4603571428571428,0,2,0,371326,234284,30316,77640,2.1701804438845453,0.24890678498608634
15755,0.4603809523809524,0,2,0,371328,234282,30316,77640,2.1701619178183704,0.2489083809413892
15756,0.4604047619047619,0,1,0,371329,234281,30316,77640,2.1701526547852827,0.2489091789267154
15757,0.4604166666666666,0,3,0,371332,234278,30316,77640,2.17012486568602,0.2489115729133939
15758,0.4604166666666667,0,1,0,371333,234277,30316,77640,2.1701156026529325,0.24891237091918683
15759,0.4604444444444444,0,1,0,371334,234276,30316,77640,2.1701063396198452,0.24891316893009657
15760,0.4604523809523809,0,1,0,371335,234275,30316,77640,2.1700970765867575,0.24891396694612314
15761,0.460452380952381,0,2,0,371337,234273,30316,77640,2.1700785505205826,0.24891556299352705
15762,0.4604761904761904,0,1,0,371338,234272,30316,77640,2.170069287487495,0.24891636102490447
15763,0.4604761904761905,0,2,0,371340,234270,30316,77640,2.1700507614213196,0.24891795710301048
15764,0.4604761904761906,1,1,1,371341,234269,30317,77639,2.1700414983882323,0.2489163471279993
15765,0.4604999999999999,0,17,0,371358,234252,30317,77639,2.169884026825744,0.2489299146176068
15766,0.4605,0,1,0,371359,234251,30317,77639,2.1698747637926563,0.24893071275129053
15767,0.4605555555555555,0,1,0,371360,234250,30317,77639,2.1698655007595686,0.2489315108900923
15768,0.4605714285714286,0,2,0,371362,234248,30317,77639,2.1698469746933937,0.24893310718305028
15769,0.4606190476190476,0,1,0,371363,234247,30317,77639,2.169837711660306,0.24893390533720655
15770,0.4606666666666665,0,1,0,371364,234246,30317,77639,2.1698284486272184,0.24893470349648109
15771,0.4606666666666666,8,42,8,371406,234204,30325,77631,2.169439401237541,0.24894896339410266
15772,0.4606666666666667,2,5,2,371411,234199,30327,77629,2.1693930860721036,0.24894813807611887
15773,0.4606904761904761,0,3,0,371414,234196,30327,77629,2.169365296972841,0.24895053315160748
15774,0.4607110389610389,0,1,0,371415,234195,30327,77629,2.1693560339397533,0.24895133152034482
15775,0.4607142857142857,0,9,0,371424,234186,30327,77629,2.169272666641965,0.24895851706941616
15776,0.4607619047619047,0,1,0,371425,234185,30327,77629,2.169263403608878,0.24895931548936226
15777,0.4607857142857143,0,2,0,371427,234183,30327,77629,2.1692448775427025,0.24896091234461792
15778,0.4608217893217893,0,1,0,371428,234182,30327,77629,2.169235614509615,0.2489617107799276
15779,0.4608333333333332,8,65,8,371493,234117,30335,77621,2.168633517358924,0.24899434781771873
15780,0.4608333333333334,11,78,11,371571,234039,30346,77610,2.1679110007780946,0.2490301589287949
15781,0.4608809523809523,0,1,0,371572,234038,30346,77610,2.1679017377450074,0.24903095800390185
15782,0.4608809523809524,0,1,0,371573,234037,30346,77610,2.1678924747119197,0.24903175708413686
15783,0.4608928571428572,0,2,0,371575,234035,30346,77610,2.1678739486457443,0.24903335525999135
15784,0.4609166666666666,1,0,1,371575,234035,30347,77609,2.1678739486457443,0.24903094556609465
15785,0.4609523809523809,0,7,0,371582,234028,30347,77609,2.1678091074141315,0.24903653930695008
15786,0.460952380952381,0,3,0,371585,234025,30347,77609,2.167781318314869,0.24903893670138688
15787,0.4609682539682539,0,1,0,371586,234024,30347,77609,2.1677720552817816,0.24903973584312317
15788,0.4609999999999999,2,7,2,371593,234017,30349,77607,2.1677072140501688,0.24904051035863733
15789,0.461,13,76,13,371669,233941,30362,77594,2.1670032235355143,0.2490699279374709
15790,0.4610000000000001,0,1,0,371670,233940,30362,77594,2.166993960502427,0.24907072743263978
15791,0.461047619047619,0,1,0,371671,233939,30362,77594,2.1669846974693394,0.2490715269329413
15792,0.4610555555555555,0,1,0,371672,233938,30362,77594,2.1669754344362517,0.2490723264383755
15793,0.4610714285714285,0,1,0,371673,233937,30362,77594,2.166966171403164,0.2490731259489425
15794,0.4610714285714286,0,1,0,371674,233936,30362,77594,2.166956908370077,0.24907392546464224
15795,0.4610833333333333,1,1,1,371675,233935,30363,77593,2.166947645336989,0.2490723145271051
15796,0.4611071428571429,0,3,0,371678,233932,30363,77593,2.1669198562377265,0.24907471310488724
15797,0.4611190476190476,1,1,1,371679,233931,30364,77592,2.166910593204639,0.24907310214655098
15798,0.4611435786435787,0,1,0,371680,233930,30364,77592,2.166901330171551,0.24907390168270618
15799,0.4611666666666666,2,15,2,371695,233915,30366,77590,2.166762384675238,0.24908107414006195
15800,0.4611666666666667,2,1,2,371696,233914,30368,77588,2.1667531216421505,0.24907705247478346
15801,0.4611904761904761,0,1,0,371697,233913,30368,77588,2.166743858609063,0.24907785207752142
15802,0.4611904761904762,0,1,0,371698,233912,30368,77588,2.1667345955759756,0.24907865168539325
15803,0.4612142857142858,0,1,0,371699,233911,30368,77588,2.166725332542888,0.24907945129839903
15804,0.46125,2,10,2,371709,233901,30370,77586,2.1666327022120124,0.24908262624122354
15805,0.4612619047619047,0,1,0,371710,233900,30370,77586,2.1666234391789247,0.2490834259003615
15806,0.461297619047619,0,1,0,371711,233899,30370,77586,2.166614176145837,0.24908422556463394
15807,0.4613095238095239,0,3,0,371714,233896,30370,77586,2.1665863870465745,0.2490866245882587
15808,0.4613333333333332,0,2,0,371716,233894,30370,77586,2.1665678609803996,0.24908822396301528
15809,0.4613333333333333,5,21,5,371737,233873,30375,77581,2.166373337285561,0.24909296396899702
15810,0.4613333333333334,0,2,0,371739,233871,30375,77581,2.1663548112193856,0.24909456352824833
15811,0.4613333333333335,0,1,0,371740,233870,30375,77581,2.1663455481862983,0.24909536331557774
15812,0.4613571428571428,0,2,0,371742,233868,30375,77581,2.166327022120123,0.24909696290564426
15813,0.4614285714285714,0,7,0,371749,233861,30375,77581,2.16626218088851,0.24910256163266353
15814,0.4614642857142857,0,1,0,371750,233860,30375,77581,2.1662529178554224,0.24910336147135412
15815,0.4614999999999999,5,25,5,371775,233835,30380,77576,2.166021342028234,0.24911130306893461
15816,0.4615000000000001,0,7,0,371782,233828,30380,77576,2.165956500796621,0.24911690280150545
15817,0.4615198412698413,0,1,0,371783,233827,30380,77576,2.1659472377635334,0.24911770278385242
15818,0.4615238095238096,0,1,0,371784,233826,30380,77576,2.1659379747304457,0.24911850277133737
15819,0.461547619047619,0,4,0,371788,233822,30380,77576,2.1659009225980954,0.2491217027726575
15820,0.4615476190476191,1,0,1,371788,233822,30381,77575,2.1659009225980954,0.2491192914511058
15821,0.4615595238095238,0,1,0,371789,233821,30381,77575,2.165891659565008,0.24912009145910674
15822,0.4615714285714286,0,2,0,371791,233819,30381,77575,2.165873133498833,0.24912169149052327
15823,0.4616190476190476,0,4,0,371795,233815,30381,77575,2.1658360813664825,0.24912489161501652
15824,0.4616428571428572,0,1,0,371796,233814,30381,77575,2.1658268183333953,0.24912569165898601
15825,0.4616601731601731,1,0,1,371796,233814,30382,77574,2.1658268183333953,0.2491232802805503
15826,0.4616666666666665,0,2,0,371798,233812,30382,77574,2.16580829226722,0.24912488037355565
15827,0.4616666666666666,46,215,46,372013,233597,30428,77528,2.1638167401533956,0.2491860184813178
15828,0.4616666666666667,27,182,27,372195,233415,30455,77501,2.162130868131461,0.24926668296260082
15829,0.4616953601953602,0,1,0,372196,233414,30455,77501,2.1621216050983736,0.24926748468230867
15830,0.4617142857142858,0,2,0,372198,233412,30455,77501,2.1621030790321982,0.24926908813719595
15831,0.46175,1,1,1,372199,233411,30456,77500,2.1620938159991105,0.24926747525819287
15832,0.4617857142857142,1,2,1,372201,233409,30457,77499,2.1620752899329356,0.24926666409355822
15833,0.4617857142857143,2,1,2,372202,233408,30459,77497,2.162066026899848,0.24926263649667904
15834,0.4618095238095238,0,1,0,372203,233407,30459,77497,2.1620567638667607,0.24926343823173713
15835,0.4618333333333333,1,9,1,372212,233398,30460,77496,2.1619733965689725,0.24926823933559347
15836,0.4618333333333334,1,15,1,372227,233383,30461,77495,2.161834451072659,0.24927785176178435
15837,0.4618571428571428,1,0,1,372227,233383,30462,77494,2.161834451072659,0.24927543690913126
15838,0.4618809523809524,1,3,1,372230,233380,30463,77493,2.1618066619733964,0.2492754275861847
15839,0.4619047619047619,1,3,1,372233,233377,30464,77492,2.161778872874134,0.24927541826299823
15840,0.4619206349206349,1,0,1,372233,233377,30465,77491,2.161778872874134,0.2492730033326042
15841,0.4619285714285714,0,1,0,372234,233376,30465,77491,2.161769609841046,0.2492738051964345
15842,0.4619404761904762,0,1,0,372235,233375,30465,77491,2.161760346807959,0.24927460706542368
15843,0.4619444444444444,0,3,0,372238,233372,30465,77491,2.1617325577086963,0.2492770127033452
15844,0.4619523809523809,0,1,0,372239,233371,30465,77491,2.1617232946756086,0.24927781459297052
15845,0.461952380952381,0,1,0,372240,233370,30465,77491,2.161714031642521,0.24927861648775498
15846,0.4619642857142857,0,1,0,372241,233369,30465,77491,2.1617047686094333,0.24927941838769865
15847,0.4619999999999999,1,10,1,372251,233359,30466,77490,2.161612138278558,0.2492850226315671
15848,0.462,12,63,12,372314,233296,30478,77478,2.161028567194042,0.2493065700476874
15849,0.4620000000000001,0,1,0,372315,233295,30478,77478,2.1610193041609547,0.2493073722620691
15850,0.4620238095238095,0,3,0,372318,233292,30478,77478,2.1609915150616916,0.24930977893619075
15851,0.462047619047619,0,1,0,372319,233291,30478,77478,2.1609822520286044,0.24931058117122365
15852,0.4620555555555555,0,2,0,372321,233289,30478,77478,2.160963725962429,0.24931218565677823
15853,0.4620833333333333,0,2,0,372323,233287,30478,77478,2.160945199896254,0.24931379016298488
15854,0.4620952380952381,0,1,0,372324,233286,30478,77478,2.1609359368631664,0.2493145924238329
15855,0.4621190476190476,0,1,0,372325,233285,30478,77478,2.1609266738300787,0.24931539468984404
15856,0.4621428571428571,1,14,1,372339,233271,30479,77477,2.160796991366853,0.24932421125799684
15857,0.4621666666666666,0,9,0,372348,233262,30479,77477,2.160713624069065,0.2493314324883584
15858,0.4621904761904761,0,1,0,372349,233261,30479,77477,2.1607043610359775,0.24933223487310854
15859,0.4621904761904762,0,1,0,372350,233260,30479,77477,2.1606950980028903,0.24933303726302308
15860,0.462202380952381,0,2,0,372352,233258,30479,77477,2.160676571936715,0.24933464205834555
15861,0.4622222222222222,0,1,0,372353,233257,30479,77477,2.1606673089036272,0.24933544446375355
15862,0.46225,1,0,1,372353,233257,30480,77476,2.1606673089036272,0.2493330286773532
15863,0.4622857142857143,0,1,0,372354,233256,30480,77476,2.16065804587054,0.2493338310827337
15864,0.4623214285714286,0,1,0,372355,233255,30480,77476,2.1606487828374523,0.24933463349327875
15865,0.4623333333333332,1,11,1,372366,233244,30481,77475,2.160546889473489,0.24934104448070443
15866,0.4623333333333333,4,29,4,372395,233215,30485,77471,2.16027826151395,0.24935465389492928
15867,0.4623571428571428,0,1,0,372396,233214,30485,77471,2.1602689984808627,0.24935545649130147
15868,0.4623809523809523,0,4,0,372400,233210,30485,77471,2.1602319463485125,0.24935866692845715
15869,0.4623809523809524,2,8,2,372408,233202,30487,77469,2.160157842083812,0.2493602557045878
15870,0.4624047619047619,0,1,0,372409,233201,30487,77469,2.160148579050724,0.24936105835774294
15871,0.4624285714285714,0,5,0,372414,233196,30487,77469,2.1601022638852867,0.24936507170102845
15872,0.4624444444444444,1,0,1,372414,233196,30488,77468,2.1601022638852867,0.24936265547343753
15873,0.4624523809523809,0,1,0,372415,233195,30488,77468,2.160093000852199,0.24936345815240307
15874,0.4624999999999999,2,14,2,372429,233181,30490,77466,2.1599633183889733,0.24936986354286375
15875,0.4625,57,346,57,372775,232835,30547,77409,2.1567583089406797,0.24951006304714998
15876,0.4625000000000001,2,11,2,372786,232824,30549,77407,2.1566564155767165,0.24951407177232449
15877,0.4625238095238095,1,0,1,372786,232824,30550,77406,2.1566564155767165,0.24951165264481193
15878,0.462547619047619,0,1,0,372787,232823,30550,77406,2.156647152543629,0.24951245692697974
15879,0.4625476190476191,0,2,0,372789,232821,30550,77406,2.156628626477454,0.24951406550687077
15880,0.4625833333333333,0,2,0,372791,232819,30550,77406,2.1566101004112785,0.2495156741075026
15881,0.4626190476190476,1,10,1,372801,232809,30551,77405,2.156517470080403,0.249521298200597
15882,0.4626309523809524,0,1,0,372802,232808,30551,77405,2.1565082070473154,0.24952210255534102
15883,0.4626388888888887,0,2,0,372804,232806,30551,77405,2.1564896809811405,0.24952371128038658
15884,0.4626388888888889,1,0,1,372804,232806,30552,77404,2.1564896809811405,0.24952129202798104
15885,0.4626428571428571,0,1,0,372805,232805,30552,77404,2.156480417948053,0.24952209639307693
15886,0.4626468253968253,0,2,0,372807,232803,30552,77404,2.156461891881878,0.24952370513882666
15887,0.4626507936507937,0,1,0,372808,232802,30552,77404,2.15645262884879,0.2495245095194806
15888,0.4626666666666665,0,1,0,372809,232801,30552,77404,2.1564433658157025,0.24952531390532068
15889,0.4626666666666666,3,30,3,372839,232771,30555,77401,2.156165474823076,0.24954218949486093
15890,0.4626666666666667,1,7,1,372846,232764,30556,77400,2.156100633591463,0.24954540178744147
15891,0.4626746031746032,0,2,0,372848,232762,30556,77400,2.1560821075252883,0.2495470109168757
15892,0.4626904761904762,1,0,1,372848,232762,30557,77399,2.1560821075252883,0.2495445913573918
15893,0.4627380952380951,1,1,1,372849,232761,30558,77398,2.1560728444922006,0.2495429763443911
15894,0.46275,0,1,0,372850,232760,30558,77398,2.156063581459113,0.24954378091166438
15895,0.4627777777777778,2,0,2,372850,232760,30560,77396,2.156063581459113,0.2495389416938573
15896,0.4627857142857142,0,1,0,372851,232759,30560,77396,2.1560543184260252,0.2495397462559043
15897,0.4628095238095238,0,1,0,372852,232758,30560,77396,2.156045055392938,0.24954055082313947
15898,0.4628333333333333,1,7,1,372859,232751,30561,77395,2.155980214161325,0.24954376325988406
15899,0.4628333333333334,1,8,1,372867,232743,30562,77394,2.1559061098966246,0.24954778049700616
15900,0.4628571428571428,0,7,0,372874,232736,30562,77394,2.1558412686650117,0.2495534130848354
15901,0.4628730158730158,0,1,0,372875,232735,30562,77394,2.155832005631924,0.24955421776099623
15902,0.4628809523809523,0,1,0,372876,232734,30562,77394,2.1558227425988368,0.2495550224423464
15903,0.4629166666666666,0,2,0,372878,232732,30562,77394,2.1558042165326614,0.24955663182061485
15904,0.4629166666666667,0,1,0,372879,232731,30562,77394,2.1557949534995737,0.24955743651753326
15905,0.462952380952381,1,1,1,372880,232730,30563,77393,2.1557856904664865,0.24955582139989618
15906,0.4629880952380952,0,1,0,372881,232729,30563,77393,2.155776427433399,0.24955662610198567
15907,0.4629999999999999,4,46,4,372927,232683,30567,77389,2.1553503279113713,0.24958396759462317
15908,0.463,0,6,0,372933,232677,30567,77389,2.155294749712846,0.24958879722381686
15909,0.4630476190476191,0,2,0,372935,232675,30567,77389,2.1552762236466707,0.24959040714175137
15910,0.4630714285714286,0,2,0,372937,232673,30567,77389,2.155257697580496,0.24959201708045486
15911,0.4630833333333333,2,2,2,372939,232671,30569,77387,2.1552391715143204,0.24958878661411735
15912,0.4630952380952381,0,3,0,372942,232668,30569,77387,2.155211382415058,0.24959120156101336
15913,0.4631428571428572,0,3,0,372945,232665,30569,77387,2.1551835933157952,0.24959361655464243
15914,0.4631666666666666,3,14,3,372959,232651,30572,77384,2.1550539108525695,0.24959762607447547
15915,0.4631666666666667,4,5,4,372964,232646,30576,77380,2.155007595687132,0.2495919697057666
15916,0.4632142857142857,0,6,0,372970,232640,30576,77380,2.1549520174886063,0.2495968002064383
15917,0.4632380952380952,0,1,0,372971,232639,30576,77380,2.154942754455519,0.24959760530806177
15918,0.4632380952380953,0,3,0,372974,232636,30576,77380,2.154914965356256,0.24960002064409578
15919,0.4632619047619047,0,1,0,372975,232635,30576,77380,2.154905702323169,0.24960082576649517
15920,0.4633333333333332,42,339,42,373314,232296,30618,77338,2.1517655341064876,0.24977231182622064
15921,0.4633333333333334,68,391,68,373705,231905,30686,77270,2.148143688169254,0.24992318266354008
15922,0.4634166666666666,1,0,1,373705,231905,30687,77269,2.148143688169254,0.24992075659660903
15923,0.4634404761904762,0,1,0,373706,231904,30687,77269,2.1481344251361665,0.24992156494907383
15924,0.4634523809523809,2,2,2,373708,231902,30689,77267,2.1481158990699916,0.24991832945735182
15925,0.463452380952381,0,4,0,373712,231898,30689,77267,2.1480788469376413,0.24992156291947665
15926,0.4634999999999999,0,7,0,373719,231891,30689,77267,2.1480140057060284,0.24992722167952955
15927,0.4635,5,37,5,373756,231854,30694,77262,2.1476712734817887,0.24994500446434348
15928,0.463517316017316,0,1,0,373757,231853,30694,77262,2.1476620104487014,0.2499458130469243
15929,0.4635555555555555,0,2,0,373759,231851,30694,77262,2.147643484382526,0.2499474302277808
15930,0.4635714285714284,0,1,0,373760,231850,30694,77262,2.147634221349439,0.24994823882605657
15931,0.4635714285714285,0,2,0,373762,231848,30694,77262,2.1476156952832635,0.24994985603830353
15932,0.4635714285714286,0,5,0,373767,231843,30694,77262,2.147569380117826,0.24995389916047944
15933,0.4635909090909091,1,0,1,373767,231843,30695,77261,2.147569380117826,0.24995147264351156
15934,0.4636190476190476,0,2,0,373769,231841,30695,77261,2.1475508540516506,0.2499530899185382
15935,0.4636269841269841,0,1,0,373770,231840,30695,77261,2.147541591018563,0.24995389856389982
15936,0.4636666666666666,4,28,4,373798,231812,30699,77257,2.1472822260921114,0.24996683588454358
15937,0.4636666666666667,0,6,0,373804,231806,30699,77257,2.147226647893586,0.2499716886201195
15938,0.4636904761904761,0,2,0,373806,231804,30699,77257,2.1472081218274113,0.2499733062405156
15939,0.4636904761904762,0,2,0,373808,231802,30699,77257,2.147189595761236,0.2499749238818478
15940,0.46375,2,1,2,373809,231801,30701,77255,2.1471803327281487,0.2499708790639884
15941,0.4638095238095237,0,1,0,373810,231800,30701,77255,2.147171069695061,0.24997168788726926
15942,0.4638095238095238,0,5,0,373815,231795,30701,77255,2.147124754529623,0.24997573208218735
15943,0.4638214285714284,0,1,0,373816,231794,30701,77255,2.147115491496536,0.24997654093687408
15944,0.4638333333333332,1,2,1,373818,231792,30702,77254,2.1470969654303604,0.2499757317680863
15945,0.4638333333333333,2,7,2,373825,231785,30704,77252,2.1470321241987476,0.24997654002595157
15946,0.4638333333333334,0,2,0,373827,231783,30704,77252,2.1470135981325726,0.24997815781383986
15947,0.4638690476190477,0,1,0,373828,231782,30704,77252,2.147004335099485,0.24997896671563646
15948,0.4638888888888888,1,0,1,373828,231782,30705,77251,2.147004335099485,0.24997653972229503
15949,0.4639761904761904,0,1,0,373829,231781,30705,77251,2.1469950720663973,0.2499773486240907
15950,0.463984126984127,0,1,0,373830,231780,30705,77251,2.14698580903331,0.2499781575311215
15951,0.4639999999999999,24,142,24,373972,231638,30729,77227,2.145670458334877,0.2500348048500154
15952,0.4640000000000001,0,4,0,373976,231634,30729,77227,2.145633406202527,0.25003804300316324
15953,0.464047619047619,0,5,0,373981,231629,30729,77227,2.1455870910370893,0.25004209081254697
15954,0.4640476190476191,0,1,0,373982,231628,30729,77227,2.1455778280040017,0.2500429003901507
15955,0.4640595238095238,0,1,0,373983,231627,30729,77227,2.145568564970914,0.25004370997299696
15956,0.4640714285714285,0,4,0,373987,231623,30729,77227,2.1455315128385637,0.2500469483568075
15957,0.4640714285714286,0,2,0,373989,231621,30729,77227,2.1455129867723888,0.2500485675801689
15958,0.4640833333333332,0,1,0,373990,231620,30729,77227,2.145503723739301,0.25004937719971376
15959,0.4640833333333333,0,1,0,373991,231619,30729,77227,2.145494460706214,0.25005018682450153
15960,0.4640833333333334,0,1,0,373992,231618,30729,77227,2.145485197673126,0.2500509964545322
15961,0.4640854978354978,0,1,0,373993,231617,30729,77227,2.1454759346400385,0.2500518060898059
15962,0.464095238095238,0,2,0,373995,231615,30729,77227,2.1454574085738636,0.2500534253760823
15963,0.4641190476190476,0,1,0,373996,231614,30729,77227,2.145448145540776,0.2500542350270851
15964,0.4641666666666665,0,1,0,373997,231613,30729,77227,2.145438882507688,0.2500550446833312
15965,0.4641666666666666,10,83,10,374080,231530,30739,77217,2.1446700507614214,0.250097976660502
15966,0.4641666666666667,10,54,10,374134,231476,30749,77207,2.1441698469746933,0.2501174343906208
15967,0.4641904761904762,0,1,0,374135,231475,30749,77207,2.144160583941606,0.2501182446660317
15968,0.4642142857142857,0,3,0,374138,231472,30749,77207,2.144132794842343,0.25012067552376416
15969,0.4642380952380953,0,3,0,374141,231469,30749,77207,2.1441050057430804,0.2501231064287473
15970,0.4642738095238095,0,4,0,374145,231465,30749,77207,2.14406795361073,0.25012634770889486
15971,0.4642857142857142,0,1,0,374146,231464,30749,77207,2.144058690577643,0.2501271580420577
15972,0.4642857142857143,0,7,0,374153,231457,30749,77207,2.14399384934603,0.250132830521214
15973,0.4643095238095238,0,2,0,374155,231455,30749,77207,2.1439753232798546,0.2501344512768012
15974,0.4643333333333332,0,1,0,374156,231454,30749,77207,2.1439660602467674,0.25013526166247113
15975,0.4643333333333333,4,16,4,374172,231438,30753,77203,2.1438178517173663,0.250138510437693
15976,0.4643333333333334,4,26,4,374198,231412,30757,77199,2.14357701285709,0.25014986504045544
15977,0.4643571428571428,0,1,0,374199,231411,30757,77199,2.1435677498240024,0.2501506756099932
15978,0.4643809523809523,0,1,0,374200,231410,30757,77199,2.1435584867909148,0.250151486184784
15979,0.4643809523809524,0,1,0,374201,231409,30757,77199,2.143549223757827,0.25015229676482786
15980,0.4643928571428571,0,2,0,374203,231407,30757,77199,2.143530697691652,0.25015391794067515
15981,0.4644007936507935,0,1,0,374204,231406,30757,77199,2.1435214346585645,0.2501547285364787
15982,0.4644145021645021,0,1,0,374205,231405,30757,77199,2.1435121716254772,0.25015553913753547
15983,0.4644444444444445,0,1,0,374206,231404,30757,77199,2.1435029085923896,0.25015634974384565
15984,0.4644642857142857,0,4,0,374210,231400,30757,77199,2.1434658564600393,0.25015959222162093
15985,0.4644999999999999,0,2,0,374212,231398,30757,77199,2.1434473303938644,0.2501612134920301
15986,0.4645,6,11,6,374223,231387,30763,77193,2.143345437029901,0.2501555512346879
15987,0.4645238095238095,0,2,0,374225,231385,30763,77193,2.143326910963726,0.2501571725787321
15988,0.4645714285714286,0,2,0,374227,231383,30763,77193,2.143308384897551,0.2501587939437934
15989,0.4645833333333333,0,2,0,374229,231381,30763,77193,2.1432898588313756,0.25016041532987227
15990,0.4646071428571428,1,0,1,374229,231381,30764,77192,2.1432898588313756,0.2501579853065563
15991,0.4646190476190476,0,1,0,374230,231380,30764,77192,2.1432805957982883,0.2501587960022296
15992,0.4646190476190477,0,1,0,374231,231379,30764,77192,2.1432713327652007,0.25015960670315746
15993,0.4646428571428571,0,7,0,374238,231372,30764,77192,2.1432064915335878,0.25016528175678304
15994,0.4646666666666666,1,17,1,374255,231355,30765,77191,2.1430490199710994,0.2501766349263967
15995,0.4646666666666667,3,21,3,374276,231334,30768,77188,2.142854496276261,0.2501863724466975
15996,0.4646666666666668,0,2,0,374278,231332,30768,77188,2.1428359702100854,0.2501879942953455
15997,0.4646825396825397,0,1,0,374279,231331,30768,77188,2.142826707176998,0.2501888052275549
15998,0.4647142857142857,0,3,0,374282,231328,30768,77188,2.1427989180777356,0.25019123805572485
15999,0.4647222222222222,1,0,1,374282,231328,30769,77187,2.1427989180777356,0.2501888076754777
16000,0.4647619047619048,0,3,0,374285,231325,30769,77187,2.1427711289784726,0.2501912405352142
16001,0.4647777777777777,0,2,0,374287,231323,30769,77187,2.1427526029122976,0.25019286246799133
16002,0.4648095238095238,0,1,0,374288,231322,30769,77187,2.14274333987921,0.25019367344226584
16003,0.4648333333333332,1,3,1,374291,231319,30770,77186,2.1427155507799474,0.2501936759533881
16004,0.4648333333333333,1,5,1,374296,231314,30771,77185,2.1426692356145094,0.2501953004709902
16005,0.4648333333333334,0,1,0,374297,231313,30771,77185,2.142659972581422,0.25019611148208415
16006,0.4648571428571428,0,2,0,374299,231311,30771,77185,2.142641446515247,0.25019773352004565
16007,0.4648809523809524,0,1,0,374300,231310,30771,77185,2.1426321834821596,0.25019854454691326
16008,0.4649166666666666,1,2,1,374302,231308,30772,77184,2.142613657415984,0.2501977360839179
16009,0.4649285714285714,0,2,0,374304,231306,30772,77184,2.1425951313498093,0.25019935816395994
16010,0.4649999999999999,3,25,3,374329,231281,30775,77181,2.1423635555226204,0.2502123438219294
16011,0.465,177,1239,177,375568,230042,30952,77004,2.1308866575271406,0.2507897839411684
16012,0.4650000000000001,5,22,5,375590,230020,30957,76999,2.1306828707992147,0.25079555336966114
16013,0.465047619047619,1,4,1,375594,230016,30958,76998,2.1306458186668644,0.2507963806210792
16014,0.4651153846153846,0,1,0,375595,230015,30958,76998,2.1306365556337767,0.2507971975128089
16015,0.4651190476190476,0,3,0,375598,230012,30958,76998,2.130608766534514,0.2507996482199277
16016,0.4651428571428571,0,1,0,375599,230011,30958,76998,2.1305995035014265,0.25080046513294396
16017,0.4651666666666667,4,12,4,375611,229999,30962,76994,2.130488347104376,0.25080050685194777
16018,0.4651785714285714,0,1,0,375612,229998,30962,76994,2.1304790840712884,0.2508013238129984
16019,0.4651904761904762,1,2,1,375614,229996,30963,76993,2.130460558005113,0.2508005172823782
16020,0.4652222222222222,0,1,0,375615,229995,30963,76993,2.130451294972026,0.25080133425410767
16021,0.4652271062271063,0,6,0,375621,229989,30963,76993,2.1303957167735,0.2508062361962591
16022,0.4652380952380952,1,2,1,375623,229987,30964,76992,2.1303771907073252,0.25080542968737274
16023,0.46525,0,1,0,375624,229986,30964,76992,2.1303679276742375,0.250806246701718
16024,0.4652619047619047,0,1,0,375625,229985,30964,76992,2.1303586646411503,0.2508070637213863
16025,0.4653174603174603,0,1,0,375626,229984,30964,76992,2.1303494016080626,0.25080788074637755
16026,0.4653333333333333,1,28,1,375654,229956,30965,76991,2.130090036681611,0.2508283188954445
16027,0.4653333333333334,0,12,0,375666,229944,30965,76991,2.1299788802845603,0.2508381253359832
16028,0.4653571428571428,0,2,0,375668,229942,30965,76991,2.1299603542183854,0.2508397598172891
16029,0.465404761904762,1,0,1,375668,229942,30966,76990,2.1299603542183854,0.2508373190152868
16030,0.4654166666666667,0,2,0,375670,229940,30966,76990,2.12994182815221,0.2508389535073144
16031,0.4654444444444444,0,1,0,375671,229939,30966,76990,2.1299325651191228,0.25083977076131614
16032,0.4654761904761904,0,1,0,375672,229938,30966,76990,2.129923302086035,0.2508405880206433
16033,0.4654761904761905,0,6,0,375678,229932,30966,76990,2.12986772388751,0.250845491688442
16034,0.4654999999999999,2,16,2,375694,229916,30968,76988,2.1297195153581088,0.2508536871464693
16035,0.4655,1,3,1,375697,229913,30969,76987,2.129691726258846,0.2508536982730531
16036,0.4655238095238095,0,1,0,375698,229912,30969,76987,2.1296824632257585,0.25085451565498745
16037,0.4655555555555555,0,2,0,375700,229910,30969,76987,2.1296639371595836,0.25085615043483644
16038,0.4655714285714286,0,1,0,375701,229909,30969,76987,2.129654674126496,0.2508569678327512
16039,0.4656060606060606,0,1,0,375702,229908,30969,76987,2.129645411093408,0.2508577852359928
16040,0.4656428571428572,0,1,0,375703,229907,30969,76987,2.129636148060321,0.25085860264456133
16041,0.4656666666666666,2,24,2,375727,229883,30971,76985,2.1294138352662197,0.25087333967699466
16042,0.4656666666666667,5,9,5,375736,229874,30976,76980,2.1293304679684315,0.25086849120428606
16043,0.4656666666666668,1,1,1,375737,229873,30977,76979,2.129321204935344,0.2508668674149101
16044,0.4656904761904761,0,1,0,375738,229872,30977,76979,2.1293119419022566,0.25086768496762274
16045,0.4657142857142857,5,17,5,375755,229855,30982,76974,2.1291544703397682,0.25086937675382703
16046,0.4657499999999999,0,1,0,375756,229854,30982,76974,2.1291452073066806,0.25087019437600216
16047,0.4657777777777777,0,1,0,375757,229853,30982,76974,2.129135944273593,0.25087101200350687
16048,0.4657857142857142,0,2,0,375759,229851,30982,76974,2.129117418207418,0.25087264727450503
16049,0.465797619047619,0,1,0,375760,229850,30982,76974,2.1291081551743303,0.2508734649179986
16050,0.4658095238095239,0,2,0,375762,229848,30982,76974,2.1290896291081554,0.25087510022097503
16051,0.4658333333333332,11,60,11,375822,229788,30993,76963,2.128533847122902,0.2508973075882393
16052,0.4658333333333334,11,71,11,375893,229717,31004,76952,2.1278761717736856,0.2509285255438274
16053,0.4658412698412698,0,1,0,375894,229716,31004,76952,2.127866908740598,0.2509293437854618
16054,0.4658809523809524,0,1,0,375895,229715,31004,76952,2.1278576457075107,0.25093016203243257
16055,0.4659047619047619,0,1,0,375896,229714,31004,76952,2.127848382674423,0.25093098028473976
16056,0.4659523809523809,1,5,1,375901,229709,31005,76951,2.127802067508985,0.250932628970195
16057,0.465952380952381,0,1,0,375902,229708,31005,76951,2.127792804475898,0.25093344724922473
16058,0.4659761904761905,0,2,0,375904,229706,31005,76951,2.1277742784097224,0.25093508382329444
16059,0.4659999999999999,2,8,2,375912,229698,31007,76949,2.127700174145022,0.2509367448564636
16060,0.466,18,128,18,376040,229570,31025,76931,2.126514505909815,0.250997549763296
16061,0.4660000000000001,1,0,1,376040,229570,31026,76930,2.126514505909815,0.2509951060358891
16062,0.4660238095238094,0,1,0,376041,229569,31026,76930,2.1265052428767275,0.25099592494592154
16063,0.466031746031746,0,2,0,376043,229567,31026,76930,2.1264867168105526,0.25099756278201746
16064,0.4660714285714285,0,1,0,376044,229566,31026,76930,2.126477453777465,0.25099838170808103
16065,0.466077034077034,0,4,0,376048,229562,31026,76930,2.1264404016451146,0.25100165746577396
16066,0.4660833333333333,0,3,0,376051,229559,31026,76930,2.126412612545852,0.25100411434015574
16067,0.4661111111111111,0,2,0,376053,229557,31026,76930,2.126394086479677,0.2510057522831311
16068,0.4661428571428571,0,5,0,376058,229552,31026,76930,2.126347771314239,0.2510098472340953
16069,0.4661666666666666,0,1,0,376059,229551,31026,76930,2.1263385082811515,0.2510106662403216
16070,0.4661666666666667,0,10,0,376069,229541,31026,76930,2.126245877950276,0.2510188565965458
16071,0.4661904761904761,0,2,0,376071,229539,31026,76930,2.126227351884101,0.2510204947319305
16072,0.4661904761904762,0,2,0,376073,229537,31026,76930,2.1262088258179257,0.251022132888696
16073,0.4662142857142857,0,3,0,376076,229534,31026,76930,2.126181036718663,0.2510245901639344
16074,0.4662142857142858,0,1,0,376077,229533,31026,76930,2.1261717736855754,0.25102540926637146
16075,0.4662222222222222,0,1,0,376078,229532,31026,76930,2.126162510652488,0.25102622837415406
16076,0.46625,0,8,0,376086,229524,31026,76930,2.1260884063877876,0.25103278142886043
16077,0.4662777777777777,1,0,1,376086,229524,31027,76929,2.1260884063877876,0.2510303374416305
16078,0.466297619047619,0,4,0,376090,229520,31027,76929,2.1260513542554373,0.25103361407607794
16079,0.4663095238095238,2,2,2,376092,229518,31029,76927,2.1260328281892624,0.25103036433944104
16080,0.4663333333333332,0,2,0,376094,229516,31029,76927,2.126014302123087,0.2510320026889177
16081,0.4663333333333333,3,20,3,376114,229496,31032,76924,2.125829041461336,0.25104105476143856
16082,0.4663333333333334,0,2,0,376116,229494,31032,76924,2.125810515395161,0.2510426933143614
16083,0.4663333333333335,0,2,0,376118,229492,31032,76924,2.125791989328986,0.2510443318886742
16084,0.4663571428571429,0,2,0,376120,229490,31032,76924,2.125773463262811,0.2510459704843773
16085,0.4663809523809524,1,4,1,376124,229486,31033,76923,2.1257364111304606,0.25104680345551206
16086,0.4663888888888888,0,1,0,376125,229485,31033,76923,2.125727148097373,0.25104762277747317
16087,0.4663928571428571,0,2,0,376127,229483,31033,76923,2.125708622031198,0.2510492614374392
16088,0.466404761904762,0,1,0,376128,229482,31033,76923,2.1256993589981104,0.2510500807754443
16089,0.4664166666666666,0,1,0,376129,229481,31033,76923,2.1256900959650227,0.2510509001187974
16090,0.4664166666666667,0,1,0,376130,229480,31033,76923,2.1256808329319354,0.2510517194674987
16091,0.4664285714285714,2,4,2,376134,229476,31035,76921,2.125643780799585,0.25105010819296536
16092,0.4664285714285715,0,1,0,376135,229475,31035,76921,2.1256345177664975,0.251050927557801
16093,0.4664523809523809,1,0,1,376135,229475,31036,76920,2.1256345177664975,0.2510484831671535
16094,0.466452380952381,0,1,0,376136,229474,31036,76920,2.12562525473341,0.2510493025320339
16095,0.4664642857142857,0,1,0,376137,229473,31036,76920,2.1256159917003226,0.2510501219022628
16096,0.4664761904761904,1,1,1,376138,229472,31037,76919,2.125606728667235,0.2510484968553254
16097,0.4664999999999999,4,28,4,376166,229444,31041,76915,2.1253473637407834,0.25106166295098237
16098,0.4665000000000001,2,4,2,376170,229440,31043,76913,2.125310311608433,0.251060051639775
16099,0.4665595238095239,0,1,0,376171,229439,31043,76913,2.1253010485753454,0.25106087115475006
16100,0.4666666666666665,0,1,0,376172,229438,31043,76913,2.125291785542258,0.25106169067507533
16101,0.4666666666666666,67,399,67,376571,229039,31110,76846,2.1215958353403237,0.2512251336286513
16102,0.4666666666666667,49,300,49,376871,228739,31159,76797,2.1188169254140576,0.2513517228739003
16103,0.466690476190476,0,1,0,376872,228738,31159,76797,2.11880766238097,0.25135254553488146
16104,0.4666904761904762,1,0,1,376872,228738,31160,76796,2.11880766238097,0.2513500952430826
16105,0.4667041847041846,0,1,0,376873,228737,31160,76796,2.1187983993478823,0.2513509179041217
16106,0.4667261904761905,0,1,0,376874,228736,31160,76796,2.118789136314795,0.2513517405705458
16107,0.4667380952380952,0,3,0,376877,228733,31160,76796,2.1187613472155324,0.2513542086021294
16108,0.46675,1,2,1,376879,228731,31161,76795,2.118742821149357,0.25135340363831554
16109,0.4667777777777777,0,3,0,376882,228728,31161,76795,2.1187150320500945,0.25135587173469753
16110,0.4667857142857142,0,2,0,376884,228726,31161,76795,2.1186965059839196,0.2513575171592133
16111,0.4667857142857143,1,3,1,376887,228723,31162,76794,2.1186687168846565,0.25135753493258967
16112,0.4668333333333333,0,6,0,376893,228717,31162,76794,2.1186131386861313,0.2513624714003751
16113,0.4668333333333334,0,13,0,376906,228704,31162,76794,2.1184927192559933,0.251373167745779
16114,0.4668452380952381,0,1,0,376907,228703,31162,76794,2.1184834562229056,0.25137399057928556
16115,0.4668571428571429,0,1,0,376908,228702,31162,76794,2.118474193189818,0.25137481341817897
16116,0.4668888888888889,1,0,1,376908,228702,31163,76793,2.118474193189818,0.251372362886463
16117,0.4669007936507935,0,3,0,376911,228699,31163,76793,2.1184464040905553,0.2513748314194807
16118,0.4669047619047619,0,2,0,376913,228697,31163,76793,2.1184278780243804,0.2513764771350944
16119,0.4669166666666666,0,3,0,376916,228694,31163,76793,2.1184000889251178,0.25137894574891895
16120,0.4669383116883116,0,1,0,376917,228693,31163,76793,2.11839082589203,0.25137976863096834
16121,0.4669999999999999,1,8,1,376925,228685,31164,76792,2.1183167216273295,0.2513839012429741
16122,0.467,3,43,3,376968,228642,31167,76789,2.117918411204565,0.2514119391941224
16123,0.4670714285714286,0,2,0,376970,228640,31167,76789,2.1178998851383897,0.25141358548140486
16124,0.4670833333333333,0,5,0,376975,228635,31167,76789,2.117853569972952,0.2514177012939389
16125,0.4671111111111111,0,1,0,376976,228634,31167,76789,2.1178443069398645,0.25141852447261664
16126,0.4671428571428571,2,13,2,376989,228621,31169,76787,2.1177238875097264,0.2514243241827326
16127,0.4671587301587301,0,1,0,376990,228620,31169,76787,2.1177146244766387,0.2514251474262214
16128,0.4671666666666666,1,3,1,376993,228617,31170,76786,2.117686835377376,0.25142516609201615
16129,0.4671666666666667,1,8,1,377001,228609,31171,76785,2.1176127311126756,0.25142930116505235
16130,0.4671746031746032,0,1,0,377002,228608,31171,76785,2.117603468079588,0.25143012446257773
16131,0.4671904761904761,0,1,0,377003,228607,31171,76785,2.1175942050465006,0.25143094776549485
16132,0.4671904761904762,0,5,0,377008,228602,31171,76785,2.1175478898810627,0.2514350643609584
16133,0.4672222222222222,0,1,0,377009,228601,31171,76785,2.117538626847975,0.25143588769622705
16134,0.4672619047619047,0,2,0,377011,228599,31171,76785,2.1175201007818,0.2514375343829408
16135,0.4672619047619048,0,1,0,377012,228598,31171,76785,2.1175108377487124,0.251438357734386
16136,0.4672857142857143,1,1,1,377013,228597,31172,76784,2.1175015747156247,0.251436729855492
16137,0.4673174603174603,0,1,0,377014,228596,31172,76784,2.1174923116825375,0.25143755321239114
16138,0.4673333333333332,2,10,2,377024,228586,31174,76782,2.1173996813516616,0.2514408844410678
16139,0.4673333333333333,7,44,7,377068,228542,31181,76775,2.1169921078958094,0.2514599580108543
16140,0.4673333333333334,0,1,0,377069,228541,31181,76775,2.1169828448627217,0.25146078161642366
16141,0.4673809523809524,1,6,1,377075,228535,31182,76774,2.1169272666641965,0.2514632716362767
16142,0.467404761904762,1,0,1,377075,228535,31183,76773,2.1169272666641965,0.2514608198933536
16143,0.4674166666666666,0,1,0,377076,228534,31183,76773,2.116918003631109,0.2514616435260246
16144,0.4674285714285714,1,4,1,377080,228530,31184,76772,2.1168809514987585,0.2514624863250159
16145,0.4674444444444443,0,1,0,377081,228529,31184,76772,2.1168716884656713,0.25146330997933186
16146,0.4674444444444445,0,1,0,377082,228528,31184,76772,2.1168624254325836,0.2514641336390436
16147,0.4674761904761905,0,2,0,377084,228526,31184,76772,2.1168438993664087,0.2514657809746543
16148,0.4674801587301588,0,1,0,377085,228525,31184,76772,2.116834636333321,0.25146660465055337
16149,0.4674999999999999,0,13,0,377098,228512,31184,76772,2.116714216903183,0.25147731292828973
16150,0.4675,55,385,55,377483,228127,31239,76717,2.1131479491644742,0.25165986537376495
16151,0.4675000000000001,2,7,2,377490,228120,31241,76715,2.1130831079328614,0.2516607344957108
16152,0.4675555555555556,0,2,0,377492,228118,31241,76715,2.1130645818666864,0.2516623856341013
16153,0.4675725108225108,1,2,1,377494,228116,31242,76714,2.1130460558005115,0.25166158186530196
16154,0.4675757575757576,0,1,0,377495,228115,31242,76714,2.113036792767424,0.25166240744811025
16155,0.4675833333333333,0,1,0,377496,228114,31242,76714,2.113027529734336,0.25166323303633525
16156,0.4676111111111111,0,1,0,377497,228113,31242,76714,2.1130182667012485,0.251664058629977
16157,0.4676190476190476,1,4,1,377501,228109,31243,76713,2.1129812145688986,0.2516649060763331
16158,0.4676388888888889,0,1,0,377502,228108,31243,76713,2.112971951535811,0.25166573169171413
16159,0.4676428571428571,1,0,1,377502,228108,31244,76712,2.112971951535811,0.25166327668788135
16160,0.4676666666666667,5,33,5,377535,228075,31249,76707,2.1126662714439215,0.25167824871547534
16161,0.4676904761904761,0,1,0,377536,228074,31249,76707,2.1126570084108343,0.25167907448298943
16162,0.4677142857142857,0,2,0,377538,228072,31249,76707,2.112638482344659,0.251680726034274
16163,0.46775,1,1,1,377539,228071,31250,76706,2.112629219311571,0.2516790965197505
16164,0.4677777777777778,1,4,1,377543,228067,31251,76705,2.1125921671792214,0.2516799443518433
16165,0.4677857142857143,0,2,0,377545,228065,31251,76705,2.112573641113046,0.25168159595760736
16166,0.4678095238095238,0,3,0,377548,228062,31251,76705,2.1125458520137834,0.25168407340689775
16167,0.4678333333333333,1,9,1,377557,228053,31252,76704,2.1124624847159956,0.25168905062065844
16168,0.4678333333333334,1,3,1,377560,228050,31253,76703,2.1124346956167326,0.25168907279009556
16169,0.4678571428571428,1,7,1,377567,228043,31254,76702,2.1123698543851197,0.2516923985627328
16170,0.4678571428571429,0,1,0,377568,228042,31254,76702,2.1123605913520325,0.25169322447693804
16171,0.4678690476190476,0,2,0,377570,228040,31254,76702,2.112342065285857,0.25169487632160975
16172,0.4678849206349206,0,1,0,377571,228039,31254,76702,2.1123328022527694,0.2516957022520764
16173,0.4678896103896104,1,0,1,377571,228039,31255,76701,2.1123328022527694,0.2516932467021067
16174,0.4679166666666666,1,3,1,377574,228036,31256,76700,2.112305013153507,0.25169326892785887
16175,0.4679166666666667,1,5,1,377579,228031,31257,76699,2.1122586979880693,0.25169494306435203
16176,0.4679242424242424,1,0,1,377579,228031,31258,76698,2.1122586979880693,0.25169248742325145
16177,0.4679523809523809,0,2,0,377581,228029,31258,76698,2.112240171921894,0.2516941393443968
16178,0.4679761904761904,0,1,0,377582,228028,31258,76698,2.1122309088888067,0.2516949653131009
16179,0.4679761904761905,0,1,0,377583,228027,31258,76698,2.112221645855719,0.2516957912872262
16180,0.4679999999999999,13,99,13,377682,227928,31271,76685,2.111304605580051,0.25174565760489537
16181,0.468,1,11,1,377693,227917,31272,76684,2.111202712216088,0.25175229234309804
16182,0.4680277777777777,0,1,0,377694,227916,31272,76684,2.1111934491830007,0.25175311884438606
16183,0.468095238095238,0,1,0,377695,227915,31272,76684,2.111184186149913,0.25175394535110096
16184,0.4680952380952381,0,2,0,377697,227913,31272,76684,2.1111656600837376,0.25175559838081135
16185,0.4681428571428572,0,1,0,377698,227912,31272,76684,2.1111563970506504,0.251756424903807
16186,0.4681666666666666,1,9,1,377707,227903,31273,76683,2.111073029752862,0.25176140728726865
16187,0.4681666666666667,0,3,0,377710,227900,31273,76683,2.1110452406535996,0.2517638870193018
16188,0.4681904761904761,0,1,0,377711,227899,31273,76683,2.111035977620512,0.2517647136075014
16189,0.4682142857142857,0,4,0,377715,227895,31273,76683,2.110998925488162,0.25176802001457754
16190,0.4682380952380953,0,1,0,377716,227894,31273,76683,2.1109896624550744,0.2517688466299162
16191,0.46825,1,1,1,377717,227893,31274,76682,2.1109803994219867,0.25176721661331364
16192,0.4682738095238095,0,2,0,377719,227891,31274,76682,2.1109618733558118,0.25176886986042757
16193,0.4682857142857142,0,2,0,377721,227889,31274,76682,2.1109433472896364,0.2517705231292539
16194,0.4682857142857143,0,1,0,377722,227888,31274,76682,2.110934084256549,0.2517713497718094
16195,0.4683333333333332,40,183,40,377905,227705,31314,76642,2.1092389492015267,0.2518243978090798
16196,0.4683333333333334,35,197,35,378102,227508,31349,76607,2.1074141316832784,0.2519014188711507
16197,0.4683809523809524,0,1,0,378103,227507,31349,76607,2.1074048686501907,0.2519022471836219
16198,0.4683928571428571,0,2,0,378105,227505,31349,76607,2.107386342584016,0.2519039038249066
16199,0.4684523809523809,1,0,1,378105,227505,31350,76606,2.107386342584016,0.2519014438806883
16200,0.468452380952381,0,2,0,378107,227503,31350,76606,2.1073678165178404,0.25190310053303255
16201,0.4684761904761904,1,1,1,378108,227502,31351,76605,2.107358553484753,0.25190146889088383
16202,0.4684999999999999,1,2,1,378110,227500,31352,76604,2.107340027418578,0.2519006655617815
16203,0.4685,8,22,8,378132,227478,31360,76596,2.1071362406906515,0.25189920874523963
16204,0.4685000000000001,2,1,2,378133,227477,31362,76594,2.1071269776575643,0.251895116601057
16205,0.4685238095238094,0,1,0,378134,227476,31362,76594,2.1071177146244766,0.25189594501266155
16206,0.4685238095238095,0,1,0,378135,227475,31362,76594,2.107108451591389,0.25189677342971495
16207,0.4685555555555555,1,0,1,378135,227475,31363,76593,2.107108451591389,0.2518943131141718
16208,0.4685714285714285,0,6,0,378141,227469,31363,76593,2.1070528733928637,0.25189928369871933
16209,0.4685714285714286,1,4,1,378145,227465,31364,76592,2.1070158212605135,0.2519001371453379
16210,0.4685833333333333,0,3,0,378148,227462,31364,76592,2.106988032161251,0.25190262256046625
16211,0.4685952380952381,0,1,0,378149,227461,31364,76592,2.106978769128163,0.2519034510430747
16212,0.4686111111111111,0,1,0,378150,227460,31364,76592,2.106969506095076,0.2519042795311328
16213,0.4686363636363637,1,0,1,378150,227460,31365,76591,2.106969506095076,0.2519018191027163
16214,0.4686666666666666,0,3,0,378153,227457,31365,76591,2.106941716995813,0.25190430458348684
16215,0.4686666666666667,7,30,7,378183,227427,31372,76584,2.1066638260031865,0.2519119373970021
16216,0.4686904761904762,0,2,0,378185,227425,31372,76584,2.1066452999370116,0.25191359466331587
16217,0.4687142857142856,0,1,0,378186,227424,31372,76584,2.106636036903924,0.25191442330464986
16218,0.4687380952380952,1,0,1,378186,227424,31373,76583,2.106636036903924,0.25191196255349385
16219,0.4687499999999999,0,1,0,378187,227423,31373,76583,2.106626773870836,0.2519127911949106
16220,0.46875,2,1,2,378188,227422,31375,76581,2.1066175108377485,0.25190869826942497
16221,0.4687619047619047,0,2,0,378190,227420,31375,76581,2.1065989847715736,0.2519103555580409
16222,0.4687619047619049,0,2,0,378192,227418,31375,76581,2.1065804587053987,0.2519120128684634
16223,0.4687662337662338,1,1,1,378193,227417,31376,76580,2.106571195672311,0.25191038069454635
16224,0.4687727272727272,0,1,0,378194,227416,31376,76580,2.1065619326392233,0.25191120935801786
16225,0.4687878787878787,0,1,0,378195,227415,31376,76580,2.1065526696061356,0.25191203802694123
16226,0.4688095238095238,0,4,0,378199,227411,31376,76580,2.106515617473786,0.251915352757154
16227,0.4688333333333333,1,6,1,378205,227405,31377,76579,2.10646003927526,0.2519178640981104
16228,0.4688333333333334,0,2,0,378207,227403,31377,76579,2.1064415132090852,0.25191952155061814
16229,0.4688571428571428,0,3,0,378210,227400,31377,76579,2.1064137241098226,0.2519220077702736
16230,0.4688888888888888,0,1,0,378211,227399,31377,76579,2.106404461076735,0.251922836521064
16231,0.4689166666666666,0,1,0,378212,227398,31377,76579,2.1063951980436473,0.25192366527730714
16232,0.4689285714285713,1,1,1,378213,227397,31378,76578,2.10638593501056,0.25192203306192945
16233,0.468968253968254,0,1,0,378214,227396,31378,76578,2.1063766719774724,0.2519228618237086
16234,0.4689999999999999,0,1,0,378215,227395,31378,76578,2.1063674089443847,0.25192369059094066
16235,0.469,14,79,14,378294,227316,31392,76564,2.105635629330468,0.2519547189680137
16236,0.4690000000000001,0,6,0,378300,227310,31392,76564,2.1055800511319425,0.25195969382046507
16237,0.469047619047619,1,8,1,378308,227302,31393,76563,2.1055059468672424,0.25196386553239103
16238,0.4690476190476191,0,2,0,378310,227300,31393,76563,2.105487420801067,0.2519655239367741
16239,0.4690952380952379,0,2,0,378312,227298,31393,76563,2.105468894734892,0.2519671823629883
16240,0.4691428571428572,0,3,0,378315,227295,31393,76563,2.1054411056356295,0.2519696700432439
16241,0.4691666666666666,21,81,21,378396,227214,31414,76542,2.1046907999555375,0.2519851459724252
16242,0.4691666666666667,9,49,9,378445,227165,31423,76533,2.1042369113342474,0.25200363519022184
16243,0.4692380952380952,0,3,0,378448,227162,31423,76533,2.104209122234985,0.252006124565765
16244,0.4692857142857143,6,5,6,378453,227157,31429,76527,2.104162807069547,0.2519954953175011
16245,0.4693095238095238,0,1,0,378454,227156,31429,76527,2.104153544036459,0.2519963251153341
16246,0.4693333333333332,1,4,1,378458,227152,31430,76526,2.104116491904109,0.25199718122485
16247,0.4693333333333333,4,10,4,378468,227142,31434,76522,2.1040238615732334,0.25199562674535014
16248,0.4693333333333334,4,36,4,378504,227106,31438,76518,2.1036903923820818,0.2520156509366848
16249,0.4693571428571428,0,1,0,378505,227105,31438,76518,2.103681129348994,0.2520164809648808
16250,0.4693665223665224,0,1,0,378506,227104,31438,76518,2.1036718663159064,0.25201731099854424
16251,0.4693809523809524,0,1,0,378507,227103,31438,76518,2.1036626032828187,0.2520181410376753
16252,0.4693888888888889,0,2,0,378509,227101,31438,76518,2.103644077216644,0.2520198011323402
16253,0.4694047619047619,0,1,0,378510,227100,31438,76518,2.103634814183556,0.2520206311878742
16254,0.4694102564102564,0,1,0,378511,227099,31438,76518,2.103625551150469,0.25202146124887603
16255,0.4694285714285714,0,1,0,378512,227098,31438,76518,2.103616288117381,0.2520222913153457
16256,0.4694444444444444,0,1,0,378513,227097,31438,76518,2.1036070250842935,0.2520231213872832
16257,0.4694523809523809,0,1,0,378514,227096,31438,76518,2.103597762051206,0.2520239514646887
16258,0.4694761904761905,0,1,0,378515,227095,31438,76518,2.1035884990181186,0.2520247815475622
16259,0.4695,2,14,2,378529,227081,31440,76516,2.103458816554893,0.2520314759368505
16260,0.4695238095238094,1,0,1,378529,227081,31441,76515,2.103458816554893,0.25202901223995045
16261,0.4695238095238095,0,3,0,378532,227078,31441,76515,2.1034310274556303,0.25203150270263147
16262,0.469547619047619,0,1,0,378533,227077,31441,76515,2.1034217644225426,0.25203233286779625
16263,0.4695555555555555,1,1,1,378534,227076,31442,76514,2.103412501389455,0.2520306992983959
16264,0.4695833333333333,1,4,1,378538,227072,31443,76513,2.1033754492571046,0.25203155623630946
16265,0.4695952380952382,1,0,1,378538,227072,31444,76512,2.1033754492571046,0.25202909244228944
16266,0.4696190476190477,0,1,0,378539,227071,31444,76512,2.1033661862240174,0.2520299226241259
16267,0.4696428571428571,0,2,0,378541,227069,31444,76512,2.103347660157842,0.25203158300420647
16268,0.4696666666666666,2,10,2,378551,227059,31446,76510,2.1032550298269665,0.25203495745613025
16269,0.4696666666666667,4,11,4,378562,227048,31450,76506,2.1031531364630034,0.2520342344360476
16270,0.4696904761904762,1,0,1,378562,227048,31451,76505,2.1031531364630034,0.25203177039923835
16271,0.4697380952380952,0,2,0,378564,227046,31451,76505,2.1031346103968285,0.252033430955589
16272,0.4697619047619047,1,1,1,378565,227045,31452,76504,2.103125347363741,0.25203179717277935
16273,0.4697619047619048,1,0,1,378565,227045,31453,76503,2.103125347363741,0.2520293330873536
16274,0.4697857142857143,1,0,1,378565,227045,31454,76502,2.103125347363741,0.2520268689856925
16275,0.4698055555555555,1,2,1,378567,227043,31455,76501,2.103106821297566,0.2520260654139103
16276,0.4698268398268398,1,0,1,378567,227043,31456,76500,2.103106821297566,0.25202360126901296
16277,0.4698333333333332,0,1,0,378568,227042,31456,76500,2.103097558264478,0.2520244315448933
16278,0.4698333333333333,0,14,0,378582,227028,31456,76500,2.1029678758012524,0.25203605598165574
16279,0.469846888405712,0,1,0,378583,227027,31456,76500,2.1029586127681648,0.25203688633960075
16280,0.4698722943722944,1,1,1,378584,227026,31457,76499,2.102949349735077,0.2520352524503748
16281,0.4698809523809523,0,2,0,378586,227024,31457,76499,2.102930823668902,0.252036913182856
16282,0.4698809523809524,0,1,0,378587,227023,31457,76499,2.1029215606358145,0.2520377435573039
16283,0.4699166666666667,0,1,0,378588,227022,31457,76499,2.1029122976027272,0.25203857393722345
16284,0.469952380952381,1,0,1,378588,227022,31458,76498,2.1029122976027272,0.2520361096468108
16285,0.4699999999999999,4,32,4,378620,226990,31462,76494,2.1026158805439255,0.252052826508152
16286,0.47,493,3071,493,381691,223919,31955,76001,2.074169105932046,0.25340424113096827
16287,0.4700000000000001,5,33,5,381724,223886,31960,75996,2.073863425840157,0.25341967840684004
16288,0.4700238095238094,0,1,0,381725,223885,31960,75996,2.0738541628070695,0.2534205234743115
16289,0.470047619047619,0,4,0,381729,223881,31960,75996,2.073817110674719,0.25342390380055824
16290,0.4700714285714285,0,1,0,381730,223880,31960,75996,2.073807847641632,0.2534247488962104
16291,0.4701190476190476,0,2,0,381732,223878,31960,75996,2.0737893215754566,0.25342643910442386
16292,0.4701587301587301,0,1,0,381733,223877,31960,75996,2.073780058542369,0.2534272842169852
16293,0.4701666666666667,0,18,0,381751,223859,31960,75996,2.0736133239467933,0.25344249720698336
16294,0.4701709401709402,0,2,0,381753,223857,31960,75996,2.073594797880618,0.2534441876519495
16295,0.4701785714285714,0,1,0,381754,223856,31960,75996,2.0735855348475303,0.2534450328828889
16296,0.4702142857142858,0,1,0,381755,223855,31960,75996,2.073576271814443,0.253445878119466
16297,0.4702380952380952,0,1,0,381756,223854,31960,75996,2.0735670087813554,0.25344672336168084
16298,0.47025,0,1,0,381757,223853,31960,75996,2.0735577457482677,0.2534475686095335
16299,0.4702619047619047,0,2,0,381759,223851,31960,75996,2.0735392196820928,0.25344925912215227
16300,0.4702619047619049,0,3,0,381762,223848,31960,75996,2.07351143058283,0.25345179493336534
16301,0.4702637917637917,0,7,0,381769,223841,31960,75996,2.0734465893512173,0.2534577120235328
16302,0.4702777777777778,1,0,1,381769,223841,31961,75995,2.0734465893512173,0.2534552221881295
16303,0.4702857142857143,0,1,0,381770,223840,31961,75995,2.0734373263181296,0.25345606750379374
16304,0.4703015873015873,1,2,1,381772,223838,31962,75994,2.0734188002519547,0.2534552682835721
16305,0.4703095238095238,0,1,0,381773,223837,31962,75994,2.073409537218867,0.25345611361066733
16306,0.4703333333333332,0,2,0,381775,223835,31962,75994,2.0733910111526916,0.25345780428177395
16307,0.4703333333333333,2,10,2,381785,223825,31964,75992,2.073298380821816,0.2534612780462749
16308,0.4703333333333334,1,6,1,381791,223819,31965,75991,2.073242802623291,0.25346386044494845
16309,0.4703373015873016,0,1,0,381792,223818,31965,75991,2.0732335395902033,0.2534647058627326
16310,0.4703571428571428,0,2,0,381794,223816,31965,75991,2.0732150135240284,0.25346639671522014
16311,0.4703809523809523,0,1,0,381795,223815,31965,75991,2.0732057504909407,0.2534672421499236
16312,0.4703809523809524,0,3,0,381798,223812,31965,75991,2.073177961391678,0.2534697784878737
16313,0.4703867623604466,0,2,0,381800,223810,31965,75991,2.073159435325503,0.25347146940804066
16314,0.4704166666666667,0,5,0,381805,223805,31965,75991,2.073113120160065,0.2534756968071622
16315,0.4704285714285714,0,1,0,381806,223804,31965,75991,2.0731038571269775,0.25347654230390765
16316,0.4704444444444444,0,2,0,381808,223802,31965,75991,2.0730853310608026,0.25347823331432023
16317,0.4704523809523809,1,0,1,381808,223802,31966,75990,2.0730853310608026,0.2534757431819395
16318,0.4704761904761905,0,5,0,381813,223797,31966,75990,2.0730390158953647,0.25347997077925327
16319,0.4704761904761906,0,2,0,381815,223795,31966,75990,2.0730204898291897,0.2534816618576647
16320,0.4705,2,18,2,381833,223777,31968,75988,2.0728537552336137,0.2534919019898921
16321,0.4705238095238095,0,3,0,381836,223774,31968,75988,2.072825966134351,0.25349443892154444
16322,0.4705555555555555,0,1,0,381837,223773,31968,75988,2.0728167031012634,0.2534952845767128
16323,0.4705952380952381,0,2,0,381839,223771,31968,75988,2.0727981770350885,0.2534969759039762
16324,0.4706349206349206,1,0,1,381839,223771,31969,75987,2.0727981770350885,0.25349448555167836
16325,0.4706428571428571,0,1,0,381840,223770,31969,75987,2.072788914002001,0.2534953312182868
16326,0.4706666666666666,8,32,8,381872,223738,31977,75979,2.072492496943199,0.253502470663993
16327,0.4706666666666667,2,15,2,381887,223723,31979,75977,2.0723535514468856,0.2535101768435102
16328,0.4706904761904761,0,1,0,381888,223722,31979,75977,2.0723442884137984,0.25351102272613524
16329,0.4706904761904762,0,1,0,381889,223721,31979,75977,2.0723350253807107,0.25351186861440517
16330,0.4706991341991342,0,2,0,381891,223719,31979,75977,2.0723164993145358,0.25351356040788
16331,0.4707142857142857,1,10,1,381901,223709,31980,75976,2.07222386898366,0.2535195288386139
16332,0.4707272727272727,0,1,0,381902,223708,31980,75976,2.0722146059505726,0.25352037479478384
16333,0.4707380952380952,0,1,0,381903,223707,31980,75976,2.072205342917485,0.2535212207565995
16334,0.4707500000000001,0,3,0,381906,223704,31980,75976,2.0721775538182223,0.253523758675921
16335,0.4707619047619047,0,1,0,381907,223703,31980,75976,2.0721682907851346,0.2535246046603199
16336,0.4707692307692308,0,2,0,381909,223701,31980,75976,2.0721497647189597,0.2535262966460556
16337,0.4707738095238095,1,0,1,381909,223701,31981,75975,2.0721497647189597,0.25352380571016697
16338,0.4707777777777777,1,0,1,381909,223701,31982,75974,2.0721497647189597,0.2535213147576541
16339,0.4707958152958153,0,2,0,381911,223699,31982,75974,2.0721312386527844,0.2535230067440176
16340,0.4708333333333332,14,73,14,381984,223626,31996,75960,2.071455037237393,0.2535498988604274
16341,0.4708333333333334,17,85,17,382069,223541,32013,75943,2.070667679424951,0.25357949005623004
16342,0.4708809523809523,0,1,0,382070,223540,32013,75943,2.0706584163918635,0.2535803367803849
16343,0.4709126984126984,1,0,1,382070,223540,32014,75942,2.0706584163918635,0.2535778444113503
16344,0.4709166666666667,0,3,0,382073,223537,32014,75942,2.0706306272926005,0.25358038460125754
16345,0.4709206349206349,1,0,1,382073,223537,32015,75941,2.0706306272926005,0.2535778921990931
16346,0.4709523809523809,1,1,1,382074,223536,32016,75940,2.0706213642595133,0.2535762465105718
16347,0.4709615384615385,1,0,1,382074,223536,32017,75939,2.0706213642595133,0.25357375406962185
16348,0.4709642857142857,0,1,0,382075,223535,32017,75939,2.0706121012264256,0.25357460080006944
16349,0.4709761904761905,1,0,1,382075,223535,32018,75938,2.0706121012264256,0.25357210833697863
16350,0.4709920634920634,0,1,0,382076,223534,32018,75938,2.070602838193338,0.2535729550675856
16351,0.4709999999999999,0,4,0,382080,223530,32018,75938,2.0705657860609876,0.2535763420465626
16352,0.471,10,71,10,382151,223459,32028,75928,2.0699081107117716,0.25361154625952365
16353,0.4710000000000001,0,2,0,382153,223457,32028,75928,2.0698895846455962,0.2536132404763098
16354,0.471065934065934,0,1,0,382154,223456,32028,75928,2.069880321612509,0.2536140875931914
16355,0.4710714285714285,0,1,0,382155,223455,32028,75928,2.0698710585794213,0.25361493471573204
16356,0.4710714285714286,1,0,1,382155,223455,32029,75927,2.0698710585794213,0.2536124416297573
16357,0.4710833333333333,0,1,0,382156,223454,32029,75927,2.0698617955463336,0.25361328875245925
16358,0.4711111111111111,0,3,0,382159,223451,32029,75927,2.069834006447071,0.2536158301545204
16359,0.4711363636363636,0,1,0,382160,223450,32029,75927,2.0698247434139834,0.25361667729985937
16360,0.4711388888888889,0,1,0,382161,223449,32029,75927,2.069815480380896,0.2536175244508578
16361,0.4711428571428571,0,1,0,382162,223448,32029,75927,2.0698062173478085,0.25361837160751566
16362,0.4711666666666666,0,3,0,382165,223445,32029,75927,2.069778428248546,0.25362091311144663
16363,0.4711666666666667,1,7,1,382172,223438,32030,75926,2.069713587016933,0.25362435028927993
16364,0.4711904761904761,0,3,0,382175,223435,32030,75926,2.0696857979176704,0.2536268919465127
16365,0.4711904761904762,0,1,0,382176,223434,32030,75926,2.0696765348845827,0.2536277391769107
16366,0.4712142857142856,1,0,1,382176,223434,32031,75925,2.0696765348845827,0.25362524594216307
16367,0.4712142857142857,2,1,2,382177,223433,32033,75923,2.069667271851495,0.25362110664225873
16368,0.4712380952380952,0,1,0,382178,223432,32033,75923,2.0696580088184073,0.25362195386748176
16369,0.47125,1,1,1,382179,223431,32034,75922,2.06964874578532,0.25362030779714917
16370,0.4712857142857142,0,1,0,382180,223430,32034,75922,2.0696394827522324,0.2536211550281942
16371,0.4712857142857143,1,2,1,382182,223428,32035,75921,2.0696209566860575,0.2536203561728952
16372,0.4713095238095238,0,3,0,382185,223425,32035,75921,2.0695931675867945,0.25362289791746007
16373,0.4713333333333332,1,9,1,382194,223416,32036,75920,2.0695098002890067,0.2536280300398215
16374,0.4713333333333333,4,24,4,382218,223392,32040,75916,2.0692874874949054,0.2536383925588357
16375,0.4713333333333334,0,3,0,382221,223389,32040,75916,2.069259698395643,0.25364093483236166
16376,0.4713888888888888,1,0,1,382221,223389,32041,75915,2.069259698395643,0.25363844118354584
16377,0.4714047619047619,0,1,0,382222,223388,32041,75915,2.069250435362555,0.2536392886138796
16378,0.4714166666666666,0,1,0,382223,223387,32041,75915,2.0692411723294675,0.25364013604987606
16379,0.4714166666666667,0,3,0,382226,223384,32041,75915,2.069213383230205,0.2536426783918423
16380,0.4714285714285713,0,2,0,382228,223382,32041,75915,2.06919485716403,0.253644373314801
16381,0.4714285714285715,0,1,0,382229,223381,32041,75915,2.0691855941309423,0.2536452207847749
16382,0.471452380952381,0,3,0,382232,223378,32041,75915,2.0691578050316797,0.2536477632286756
16383,0.4714682539682539,0,1,0,382233,223377,32041,75915,2.069148541998592,0.2536486107213023
16384,0.4714999999999999,0,6,0,382239,223371,32041,75915,2.069092963800067,0.25365369579599445
16385,0.4715,4,29,4,382268,223342,32045,75911,2.0688243358405276,0.25366830073549806
16386,0.471547619047619,0,4,0,382272,223338,32045,75911,2.0687872837081773,0.2536716914676407
16387,0.4715952380952381,0,2,0,382274,223336,32045,75911,2.0687687576420024,0.25367338686770463
16388,0.4716190476190476,0,1,0,382275,223335,32045,75911,2.0687594946089147,0.25367423457623495
16389,0.4716309523809523,0,1,0,382276,223334,32045,75911,2.068750231575827,0.2536750822904309
16390,0.4716428571428572,0,1,0,382277,223333,32045,75911,2.06874096854274,0.2536759300102926
16391,0.4716666666666665,0,3,0,382280,223330,32045,75911,2.0687131794434768,0.2536784732038725
16392,0.4716666666666666,25,273,25,382553,223057,32070,75886,2.0661843714105745,0.2538477234790579
16393,0.4716666666666667,25,170,25,382723,222887,32095,75861,2.0646096557856906,0.2539297334208095
16394,0.4716666666666668,0,1,0,382724,222886,32095,75861,2.064600392752603,0.253930583403348
16395,0.4716785714285716,0,2,0,382726,222884,32095,75861,2.064581866686428,0.253932283385496
16396,0.4716904761904761,0,1,0,382727,222883,32095,75861,2.0645726036533403,0.25393313338510565
16397,0.4716904761904762,0,1,0,382728,222882,32095,75861,2.0645633406202526,0.2539339833904058
16398,0.471702380952381,1,5,1,382733,222877,32096,75860,2.064517025454815,0.2539357361157138
16399,0.4717142857142856,0,1,0,382734,222876,32096,75860,2.0645077624217274,0.2539365861496438
16400,0.4717142857142857,0,1,0,382735,222875,32096,75860,2.0644984993886397,0.25393743618926473
16401,0.4717777777777778,1,0,1,382735,222875,32097,75859,2.0644984993886397,0.2539349387749637
16402,0.4717857142857143,1,3,1,382738,222872,32098,75858,2.064470710289377,0.25393499146386367
16403,0.4718095238095238,0,2,0,382740,222870,32098,75858,2.064452184223202,0.2539366915722664
16404,0.4718253968253969,0,2,0,382742,222868,32098,75858,2.064433658157027,0.2539383917034339
16405,0.4718333333333333,1,4,1,382746,222864,32099,75857,2.0643966060246766,0.25393929452566105
16406,0.4718333333333334,1,9,1,382755,222855,32100,75856,2.0643132387268888,0.2539444479781461
16407,0.4718571428571428,1,4,1,382759,222851,32101,75855,2.0642761865945385,0.2539453509470851
16408,0.4718939393939393,0,1,0,382760,222850,32101,75855,2.064266923561451,0.25394620110142113
16409,0.4719166666666666,0,2,0,382762,222848,32101,75855,2.064248397495276,0.2539479014271701
16410,0.4719404761904761,2,2,2,382764,222846,32103,75853,2.0642298714291005,0.25394460644327566
16411,0.4719444444444443,0,1,0,382765,222845,32103,75853,2.0642206083960133,0.25394545661504264
16412,0.4719444444444444,0,1,0,382766,222844,32103,75853,2.0642113453629256,0.2539463067925021
16413,0.4719731379731381,1,4,1,382770,222840,32104,75852,2.0641742932305753,0.25394720983488006
16414,0.4719871794871795,0,1,0,382771,222839,32104,75852,2.0641650301974876,0.2539480600352873
16415,0.472,9,82,9,382853,222757,32113,75843,2.0634054614843085,0.25399531145344945
16416,0.4720238095238096,1,2,1,382855,222755,32114,75842,2.063386935418133,0.2539945143454221
16417,0.472047619047619,0,1,0,382856,222754,32114,75842,2.063377672385046,0.2539953649747485
16418,0.4720555555555555,0,2,0,382858,222752,32114,75842,2.0633591463188705,0.253997066250494
16419,0.4720714285714285,0,1,0,382859,222751,32114,75842,2.0633498832857833,0.2539979168969132
16420,0.4720833333333333,0,6,0,382865,222745,32114,75842,2.0632943050872576,0.25400302089508253
16421,0.4720833333333334,0,1,0,382866,222744,32114,75842,2.0632850420541704,0.25400387158138693
16422,0.4720952380952382,0,1,0,382867,222743,32114,75842,2.0632757790210827,0.2540047222733895
16423,0.4721190476190476,0,1,0,382868,222742,32114,75842,2.063266515987995,0.2540055729710902
16424,0.4721428571428571,2,16,2,382884,222726,32116,75840,2.0631183074585944,0.2540141878177689
16425,0.4721666666666666,0,4,0,382888,222722,32116,75840,2.063081255326244,0.25401759098612686
16426,0.4721666666666667,3,7,3,382895,222715,32119,75837,2.063016414094631,0.2540160508052199
16427,0.4721904761904762,0,1,0,382896,222714,32119,75837,2.0630071510615435,0.25401690163489654
16428,0.4722142857142857,0,2,0,382898,222712,32119,75837,2.0629886249953686,0.25401860331134923
16429,0.4722222222222222,0,1,0,382899,222711,32119,75837,2.062979361962281,0.2540194541581253
16430,0.4722619047619048,0,1,0,382900,222710,32119,75837,2.0629700989291933,0.25402030501060135
16431,0.4722857142857142,0,1,0,382901,222709,32119,75837,2.062960835896106,0.2540211558687773
16432,0.4723095238095238,0,1,0,382902,222708,32119,75837,2.0629515728630183,0.25402200673265335
16433,0.4723333333333332,0,6,0,382908,222702,32119,75837,2.062895994664493,0.25402711203561346
16434,0.4723333333333333,6,25,6,382933,222677,32125,75831,2.0626644188373042,0.25403339273989306
16435,0.4723690476190477,0,1,0,382934,222676,32125,75831,2.0626551558042165,0.2540342437530778
16436,0.4723809523809523,0,3,0,382937,222673,32125,75831,2.062627366704954,0.2540367968268432
16437,0.4723809523809524,0,3,0,382940,222670,32125,75831,2.0625995776056913,0.25403934995192645
16438,0.472452380952381,0,2,0,382942,222668,32125,75831,2.062581051539516,0.254041052063826
16439,0.4724999999999999,2,16,2,382958,222652,32127,75829,2.0624328430101153,0.25404967150337876
16440,0.4725,57,325,57,383283,222327,32184,75772,2.0594223572566603,0.2541840126937695
16441,0.4725000000000001,3,3,3,383286,222324,32187,75769,2.0593945681573973,0.25417906492269193
16442,0.472547619047619,0,1,0,383287,222323,32187,75769,2.05938530512431,0.2541799176093287
16443,0.4725714285714286,0,1,0,383288,222322,32187,75769,2.0593760420912224,0.2541807703016864
16444,0.472595238095238,1,1,1,383289,222321,32188,75768,2.0593667790581347,0.25417912100077494
16445,0.4726190476190476,1,6,1,383295,222315,32189,75767,2.0593112008596095,0.2541817352272194
16446,0.4726666666666667,10,54,10,383349,222261,32199,75757,2.0588109970728814,0.2542027662758625
16447,0.4726764069264069,1,0,1,383349,222261,32200,75756,2.0588109970728814,0.2542002637433435
16448,0.4727380952380952,0,2,0,383351,222259,32200,75756,2.0587924710067065,0.25420196969951175
16449,0.4727777777777777,1,0,1,383351,222259,32201,75755,2.0587924710067065,0.25419946713912767
16450,0.4727777777777778,0,2,0,383353,222257,32201,75755,2.058773944940531,0.2542011731071232
16451,0.4727857142857143,0,1,0,383354,222256,32201,75755,2.058764681907444,0.2542020260997077
16452,0.4728095238095238,0,1,0,383355,222255,32201,75755,2.058755418874356,0.25420287909801687
16453,0.4728333333333331,0,1,0,383356,222254,32201,75755,2.0587461558412685,0.2542037321020506
16454,0.4728333333333332,0,1,0,383357,222253,32201,75755,2.0587368928081813,0.2542045851118091
16455,0.4728333333333333,1,8,1,383365,222245,32202,75754,2.0586627885434807,0.2542089067412978
16456,0.4728333333333334,1,5,1,383370,222240,32203,75753,2.0586164733780428,0.25421066937813974
16457,0.4728571428571428,0,7,0,383377,222233,32203,75753,2.05855163214643,0.25421664105025066
16458,0.4729166666666666,1,2,1,383379,222231,32204,75752,2.058533106080255,0.2542158445280435
16459,0.4729166666666667,0,4,0,383383,222227,32204,75752,2.0584960539479047,0.25421925706173926
16460,0.4729444444444444,0,1,0,383384,222226,32204,75752,2.058486790914817,0.25422011020947854
16461,0.4729761904761904,0,2,0,383386,222224,32204,75752,2.058468264848642,0.254221816522136
16462,0.4729761904761905,0,1,0,383387,222223,32204,75752,2.0584590018155544,0.25422266968705426
16463,0.4729999999999999,1,2,1,383389,222221,32205,75751,2.0584404757493795,0.25422187319613926
16464,0.473,4,54,4,383443,222167,32209,75747,2.0579402719626514,0.25425794021093334
16465,0.4730000000000001,0,1,0,383444,222166,32209,75747,2.0579310089295637,0.2542587936746634
16466,0.473030303030303,1,0,1,383444,222166,32210,75746,2.0579310089295637,0.25425629044818604
16467,0.473047619047619,0,1,0,383445,222165,32210,75746,2.0579217458964765,0.25425714391210796
16468,0.4730833333333333,0,1,0,383446,222164,32210,75746,2.057912482863389,0.2542579973817596
16469,0.473095238095238,0,1,0,383447,222163,32210,75746,2.057903219830301,0.25425885085714095
16470,0.4730952380952381,0,3,0,383450,222160,32210,75746,2.0578754307310385,0.25426141131766394
16471,0.4730952380952382,0,1,0,383451,222159,32210,75746,2.057866167697951,0.2542622648159648
16472,0.4731428571428571,1,1,1,383452,222158,32211,75745,2.0578569046648636,0.2542606150324099
16473,0.4731428571428572,0,2,0,383454,222156,32211,75745,2.0578383785986882,0.25426232204658594
16474,0.4731507936507936,0,2,0,383456,222154,32211,75745,2.0578198525325133,0.25426402908368273
16475,0.4731547619047619,0,1,0,383457,222153,32211,75745,2.0578105894994256,0.2542648826108265
16476,0.4731666666666665,0,3,0,383460,222150,32211,75745,2.057782800400163,0.25426744322664024
16477,0.4731666666666666,1,10,1,383470,222140,32212,75744,2.0576901700692876,0.2542734755810987
16478,0.4731666666666667,1,5,1,383475,222135,32213,75743,2.0576438549038496,0.25427524019900766
16479,0.4731746031746031,0,1,0,383476,222134,32213,75743,2.0576345918707624,0.2542760938239609
16480,0.4731904761904761,0,5,0,383481,222129,32213,75743,2.0575882767053244,0.25428036203469945
16481,0.4731904761904762,0,1,0,383482,222128,32213,75743,2.0575790136722367,0.25428121569404205
16482,0.4732142857142857,0,4,0,383486,222124,32213,75743,2.0575419615398864,0.25428463038873056
16483,0.4732261904761905,0,1,0,383487,222123,32213,75743,2.057532698506799,0.2542854840767325
16484,0.4732380952380952,0,2,0,383489,222121,32213,75743,2.057514172440624,0.25428719146993256
16485,0.4732597402597402,0,5,0,383494,222116,32213,75743,2.0574678572751863,0.25429146005324665
16486,0.4732619047619048,1,0,1,383494,222116,32214,75742,2.0574678572751863,0.25428895648261923
16487,0.4732857142857143,0,1,0,383495,222115,32214,75742,2.0574585942420986,0.25428981021094016
16488,0.4732965367965367,0,1,0,383496,222114,32214,75742,2.057449331209011,0.25429066394499356
16489,0.4733333333333333,57,303,57,383799,221811,32271,75685,2.0546426321834823,0.2544067819399252
16490,0.4733333333333334,65,341,65,384140,221470,32336,75620,2.051483937900626,0.25453566259382676
16491,0.4733809523809523,0,1,0,384141,221469,32336,75620,2.0514746748675385,0.25453651935951854
16492,0.4733809523809524,0,1,0,384142,221468,32336,75620,2.051465411834451,0.25453737613097804
16493,0.4733888888888888,1,0,1,384142,221468,32337,75619,2.051465411834451,0.2545348668908434
16494,0.4733968253968255,0,1,0,384143,221467,32337,75619,2.0514561488013636,0.2545357236625085
16495,0.4734166666666666,0,1,0,384144,221466,32337,75619,2.051446885768276,0.25453658043994143
16496,0.4734256421682892,1,5,1,384149,221461,32338,75618,2.051400570602838,0.2545383551176623
16497,0.4734523809523809,1,4,1,384153,221457,32339,75617,2.051363518470488,0.25453927304308016
16498,0.4734722222222222,0,1,0,384154,221456,32339,75617,2.0513542554374005,0.2545401298670697
16499,0.4734761904761905,0,1,0,384155,221455,32339,75617,2.051344992404313,0.25454098669682773
16500,0.4734999999999999,1,2,1,384157,221453,32340,75616,2.051326466338138,0.25454019099939745
16501,0.4735,4,20,4,384177,221433,32344,75612,2.0511412056763865,0.25454729081452304
16502,0.4735515873015873,0,2,0,384179,221431,32344,75612,2.0511226796102116,0.2545490046895567
16503,0.4735555555555555,0,2,0,384181,221429,32344,75612,2.0511041535440366,0.2545507185876697
16504,0.4735714285714285,0,5,0,384186,221424,32344,75612,2.0510578383785987,0.2545550034339272
16505,0.4735714285714286,1,1,1,384187,221423,32345,75611,2.051048575345511,0.2545533507948585
16506,0.4736111111111111,0,1,0,384188,221422,32345,75611,2.0510393123124238,0.25455420778162696
16507,0.4736190476190476,0,1,0,384189,221421,32345,75611,2.051030049279336,0.25455506477416573
16508,0.4736666666666666,0,2,0,384191,221419,32345,75611,2.0510115232131607,0.2545567787765546
16509,0.4736666666666667,7,20,7,384211,221399,32352,75604,2.0508262625514098,0.254556351282647
16510,0.4736904761904761,0,1,0,384212,221398,32352,75604,2.050816999518322,0.2545572083689672
16511,0.4737124819624819,1,3,1,384215,221395,32353,75603,2.0507892104190595,0.25455726974592424
16512,0.4737142857142856,0,2,0,384217,221393,32353,75603,2.0507706843528846,0.2545589839593799
16513,0.4737142857142857,0,1,0,384218,221392,32353,75603,2.050761421319797,0.2545598410747656
16514,0.4737380952380953,0,1,0,384219,221391,32353,75603,2.050752158286709,0.25456069819592314
16515,0.47375,1,3,1,384222,221388,32354,75602,2.0507243691874466,0.25456075962153607
16516,0.4738095238095238,1,8,1,384230,221380,32355,75601,2.0506502649227465,0.25456510685868794
16517,0.4738333333333333,1,9,1,384239,221371,32356,75600,2.0505668976249583,0.2545703115792451
16518,0.4738333333333334,0,4,0,384243,221367,32356,75600,2.050529845492608,0.25457374051662307
16519,0.4738571428571428,1,1,1,384244,221366,32357,75599,2.0505205824595207,0.2545720876197532
16520,0.4738809523809524,0,1,0,384245,221365,32357,75599,2.050511319426433,0.25457294486873827
16521,0.473904761904762,0,1,0,384246,221364,32357,75599,2.0505020563933454,0.25457380212349684
16522,0.4739285714285713,0,1,0,384247,221363,32357,75599,2.0504927933602577,0.25457465938402896
16523,0.4739285714285715,0,1,0,384248,221362,32357,75599,2.0504835303271705,0.25457551665033457
16524,0.4739404761904761,0,3,0,384251,221359,32357,75599,2.050455741227908,0.25457808848389335
16525,0.4739841269841269,0,1,0,384252,221358,32357,75599,2.05044647819482,0.25457894577329376
16526,0.4739999999999999,0,1,0,384253,221357,32357,75599,2.0504372151617325,0.25457980306846806
16527,0.474,22,136,22,384389,221221,32379,75577,2.049177442661825,0.25464120378169663
16528,0.474047619047619,1,0,1,384389,221221,32380,75576,2.049177442661825,0.2546386924396136
16529,0.4740555555555555,2,0,2,384389,221221,32382,75574,2.049177442661825,0.2546336697046783
16530,0.4740793650793651,0,1,0,384390,221220,32382,75574,2.0491681796287375,0.25463452765217626
16531,0.4740952380952379,0,1,0,384391,221219,32382,75574,2.04915891659565,0.2546353856054557
16532,0.4741190476190475,0,1,0,384392,221218,32382,75574,2.0491496535625626,0.2546362435645166
16533,0.4741428571428571,0,2,0,384394,221216,32382,75574,2.0491311274963873,0.25463795949998314
16534,0.4741666666666665,0,1,0,384395,221215,32382,75574,2.0491218644633,0.25463881747638895
16535,0.4741666666666666,24,87,24,384482,221128,32406,75550,2.0483159805846824,0.25465319302408673
16536,0.4741666666666667,9,43,9,384525,221085,32415,75541,2.047917670161918,0.25466749374633374
16537,0.4741904761904761,1,1,1,384526,221084,32416,75540,2.0479084071288303,0.25466583958142297
16538,0.4742142857142856,0,1,0,384527,221083,32416,75540,2.0478991440957426,0.25466669813197224
16539,0.4742142857142857,0,2,0,384529,221081,32416,75540,2.0478806180295677,0.25466841525043743
16540,0.4742380952380953,1,1,1,384530,221080,32417,75539,2.04787135499648,0.25466676106385633
16541,0.4742499999999999,0,2,0,384532,221078,32417,75539,2.047852828930305,0.2546684782059019
16542,0.47425,0,1,0,384533,221077,32417,75539,2.0478435658972174,0.2546693367856083
16543,0.4742564102564103,0,1,0,384534,221076,32417,75539,2.0478343028641297,0.25467019537110397
16544,0.4742857142857142,1,0,1,384534,221076,32418,75538,2.0478343028641297,0.25466768257735645
16545,0.4742857142857143,0,13,0,384547,221063,32418,75538,2.0477138834339916,0.2546788446431401
16546,0.4743333333333333,0,13,0,384560,221050,32418,75538,2.0475934640038536,0.2546900076874317
16547,0.4743333333333334,8,25,8,384585,221025,32426,75530,2.0473618881766646,0.2546913725953027
16548,0.4743571428571428,0,6,0,384591,221019,32426,75530,2.0473063099781394,0.25469652570064305
16549,0.4743782051282051,0,1,0,384592,221018,32426,75530,2.0472970469450518,0.25469738457180624
16550,0.4743809523809523,0,1,0,384593,221017,32426,75530,2.047287783911964,0.2546982434487619
16551,0.4743809523809524,0,1,0,384594,221016,32426,75530,2.0472785208788764,0.2546991023315101
16552,0.4744047619047619,0,3,0,384597,221013,32426,75530,2.047250731779614,0.2547016790145105
16553,0.474404761904762,0,1,0,384598,221012,32426,75530,2.0472414687465266,0.25470253792042946
16554,0.4744444444444444,0,3,0,384601,221009,32426,75530,2.0472136796472635,0.25470511467294354
16555,0.4744523809523809,0,1,0,384602,221008,32426,75530,2.0472044166141763,0.2547059736020341
16556,0.474452380952381,0,1,0,384603,221007,32426,75530,2.0471951535810886,0.25470683253691784
16557,0.4744761904761905,0,1,0,384604,221006,32426,75530,2.047185890548001,0.25470769147759464
16558,0.4744999999999998,0,1,0,384605,221005,32426,75530,2.0471766275149137,0.2547085504240646
16559,0.4745,0,25,0,384630,220980,32426,75530,2.046945051687725,0.25473002596877004
16560,0.4745238095238095,0,3,0,384633,220977,32426,75530,2.046917262588462,0.2547326032774943
16561,0.4745303030303029,0,1,0,384634,220976,32426,75530,2.0469079995553745,0.25473346239199207
16562,0.4745833333333333,1,2,1,384636,220974,32427,75529,2.046889473489199,0.2547326671230982
16563,0.4746428571428571,1,0,1,384636,220974,32428,75528,2.046889473489199,0.25473015359086953
16564,0.4746666666666666,1,15,1,384651,220959,32429,75527,2.046750527992886,0.25474052737734665
16565,0.4746666666666667,6,28,6,384679,220931,32435,75521,2.0464911630664346,0.25474950413557673
16566,0.4747222222222222,1,0,1,384679,220931,32436,75520,2.0464911630664346,0.25474699022772734
16567,0.47475,1,0,1,384679,220931,32437,75519,2.0464911630664346,0.25474447630291785
16568,0.4747619047619048,0,6,0,384685,220925,32437,75519,2.046435584867909,0.25474963230829434
16569,0.4748095238095237,1,0,1,384685,220925,32438,75518,2.046435584867909,0.25474711833303537
16570,0.4748333333333333,1,17,1,384702,220908,32439,75517,2.0462781133054206,0.2547592139664333
16571,0.4748412698412698,1,0,1,384702,220908,32440,75516,2.0462781133054206,0.2547566998623593
16572,0.47484126984127,0,2,0,384704,220906,32440,75516,2.0462595872392457,0.2547584187408492
16573,0.474857142857143,0,1,0,384705,220905,32440,75516,2.046250324206158,0.2547592781887923
16574,0.4748730158730159,0,1,0,384706,220904,32440,75516,2.0462410611730704,0.25476013764253425
16575,0.4748809523809524,2,1,2,384707,220903,32442,75514,2.046231798139983,0.2547559687872153
16576,0.4749206349206348,0,1,0,384708,220902,32442,75514,2.0462225351068954,0.25475682824139045
16577,0.4749206349206349,2,0,2,384708,220902,32444,75512,2.0462225351068954,0.25475179984751056
16578,0.474952380952381,0,1,0,384709,220901,32444,75512,2.0462132720738078,0.2547526592963197
16579,0.474984126984127,0,1,0,384710,220900,32444,75512,2.04620400904072,0.2547535187509278
16580,0.4749999999999999,8,27,8,384737,220873,32452,75504,2.0459539071473563,0.25475661066816924
16581,0.475,206,1200,206,385937,219673,32658,75298,2.034838267442291,0.25527255221699763
16582,0.4750000000000001,2,16,2,385953,219657,32660,75296,2.0346900589128905,0.25528134990998563
16583,0.4750119047619046,0,2,0,385955,219655,32660,75296,2.0346715328467155,0.2552830809185255
16584,0.475047619047619,0,2,0,385957,219653,32660,75296,2.03465300678054,0.2552848119505406
16585,0.4750634920634919,0,1,0,385958,219652,32660,75296,2.0346437437474525,0.2552856774753516
16586,0.4750714285714286,1,0,1,385958,219652,32661,75295,2.0346437437474525,0.2552831525663933
16587,0.4750833333333332,0,2,0,385960,219650,32661,75295,2.0346252176812776,0.2552848836223703
16588,0.475111111111111,0,1,0,385961,219649,32661,75295,2.03461595464819,0.2552857491591624
16589,0.4751190476190476,2,0,2,385961,219649,32663,75293,2.03461595464819,0.25528069925612495
16590,0.4751428571428571,0,1,0,385962,219648,32663,75293,2.0346066916151027,0.2552815647875338
16591,0.4751428571428572,0,1,0,385963,219647,32663,75293,2.034597428582015,0.25528243032481185
16592,0.4751666666666667,1,12,1,385975,219635,32664,75292,2.034486272184964,0.2552902921739956
16593,0.4751904761904761,0,1,0,385976,219634,32664,75292,2.034477009151877,0.2552911577819521
16594,0.4752380952380952,0,1,0,385977,219633,32664,75292,2.034467746118789,0.2552920233957786
16595,0.47525,0,2,0,385979,219631,32664,75292,2.034449220052614,0.2552937546410419
16596,0.4752619047619049,0,1,0,385980,219630,32664,75292,2.0344399570195266,0.25529462027247884
16597,0.4752727272727273,0,1,0,385981,219629,32664,75292,2.034430693986439,0.255295485909786
16598,0.4752777777777778,0,1,0,385982,219628,32664,75292,2.0344214309533513,0.25529635155296354
16599,0.4752857142857143,0,2,0,385984,219626,32664,75292,2.0344029048871763,0.25529808285692973
16600,0.4753030303030304,0,1,0,385985,219625,32664,75292,2.0343936418540887,0.25529894851771856
16601,0.4753333333333333,4,26,4,386011,219599,32668,75288,2.0341528029938125,0.25531135655352727
16602,0.4753333333333334,2,11,2,386022,219588,32670,75286,2.0340509096298494,0.2553158298120553
16603,0.4753571428571428,1,1,1,386023,219587,32671,75285,2.0340416465967617,0.25531417021622943
16604,0.4753571428571429,0,1,0,386024,219586,32671,75285,2.034032383563674,0.255315036066619
16605,0.4754047619047618,0,1,0,386025,219585,32671,75285,2.0340231205305863,0.2553159019228813
16606,0.4754047619047619,0,3,0,386028,219582,32671,75285,2.0339953314313237,0.25531849952690533
16607,0.4754166666666666,1,1,1,386029,219581,32672,75284,2.0339860683982365,0.2553168399097892
16608,0.4754285714285715,0,1,0,386030,219580,32672,75284,2.033976805365149,0.25531770578978785
16609,0.4754761904761904,0,1,0,386031,219579,32672,75284,2.033967542332061,0.2553185716756595
16610,0.4754761904761905,0,5,0,386036,219574,32672,75284,2.0339212271666236,0.2553229011931167
16611,0.4754999999999999,0,1,0,386037,219573,32672,75284,2.033911964133536,0.2553237671142283
16612,0.4755,1,18,1,386055,219555,32673,75283,2.03374522953796,0.25533682903831934
16613,0.4755000000000001,0,2,0,386057,219553,32673,75283,2.033726703471785,0.25533856109837333
16614,0.4755238095238095,0,1,0,386058,219552,32673,75283,2.0337174404386973,0.25533942713721236
16615,0.4755303030303029,0,1,0,386059,219551,32673,75283,2.0337081774056096,0.2553402931819261
16616,0.475547619047619,0,1,0,386060,219550,32673,75283,2.033698914372522,0.25534115923251466
16617,0.4755476190476191,0,1,0,386061,219549,32673,75283,2.0336896513394347,0.25534202528897815
16618,0.4755555555555555,0,2,0,386063,219547,32673,75283,2.0336711252732593,0.2553437574195299
16619,0.4755833333333333,0,1,0,386064,219546,32673,75283,2.033661862240172,0.25534462349361836
16620,0.475595238095238,0,1,0,386065,219545,32673,75283,2.0336525992070844,0.2553454895735819
16621,0.4755952380952381,0,1,0,386066,219544,32673,75283,2.0336433361739967,0.2553463556594206
16622,0.4756111111111111,0,1,0,386067,219543,32673,75283,2.033634073140909,0.25534722175113456
16623,0.4756190476190476,0,1,0,386068,219542,32673,75283,2.033624810107822,0.2553480878487238
16624,0.4756666666666665,0,1,0,386069,219541,32673,75283,2.033615547074734,0.25534895395218843
16625,0.4756666666666666,6,41,6,386110,219500,32679,75277,2.0332357627181445,0.25536931307395083
16626,0.4756666666666667,3,8,3,386118,219492,32682,75274,2.033161658453444,0.2553686653141814
16627,0.4756666666666668,0,1,0,386119,219491,32682,75274,2.0331523954203563,0.25536953166081455
16628,0.4756904761904762,0,2,0,386121,219489,32682,75274,2.0331338693541814,0.2553712643717156
16629,0.4756944444444445,1,0,1,386121,219489,32683,75273,2.0331338693541814,0.25536873816842065
16630,0.4757142857142857,0,16,0,386137,219473,32683,75273,2.0329856608247803,0.2553826006120524
16631,0.4757380952380953,0,1,0,386138,219472,32683,75273,2.032976397791693,0.2553834670647509
16632,0.4757467532467533,0,1,0,386139,219471,32683,75273,2.0329671347586054,0.25538433352332873
16633,0.47575,0,2,0,386141,219469,32683,75273,2.0329486086924304,0.2553860664581227
16634,0.475829365079365,0,1,0,386142,219468,32683,75273,2.0329393456593428,0.25538693293433895
16635,0.4758333333333333,25,136,25,386278,219332,32708,75248,2.0316795731594355,0.2554416457329079
16636,0.4758333333333334,0,1,0,386279,219331,32708,75248,2.031670310126348,0.25544251287430536
16637,0.4758333333333335,0,1,0,386280,219330,32708,75248,2.03166104709326,0.2554433800215902
16638,0.4758650793650794,0,3,0,386283,219327,32708,75248,2.0316332579939975,0.2554459814987694
16639,0.4758917748917748,0,1,0,386284,219326,32708,75248,2.03162399496091,0.25544684866960427
16640,0.4758928571428572,0,1,0,386285,219325,32708,75248,2.0316147319278226,0.2554477158463267
16641,0.4758974358974359,1,0,1,386285,219325,32709,75247,2.0316147319278226,0.25544518827315565
16642,0.4758989898989899,0,1,0,386286,219324,32709,75247,2.031605468894735,0.25544605545012916
16643,0.4759166666666666,1,1,1,386287,219323,32710,75246,2.0315962058616472,0.25544439503138483
16644,0.4759523809523809,1,3,1,386290,219320,32711,75245,2.0315684167623846,0.2554444689627077
16645,0.475952380952381,1,0,1,386290,219320,32712,75244,2.0315684167623846,0.25544194130986814
16646,0.4759617604617605,0,1,0,386291,219319,32712,75244,2.031559153729297,0.25544280849937023
16647,0.4759999999999999,1,3,1,386294,219316,32713,75243,2.0315313646300344,0.25544288241065455
16648,0.476,15,124,15,386418,219192,32728,75228,2.030382748527178,0.2555125331159568
16649,0.4760000000000001,0,2,0,386420,219190,32728,75228,2.0303642224610026,0.2555142688286722
16650,0.4760238095238094,0,1,0,386421,219189,32728,75228,2.030354959427915,0.255515136693873
16651,0.4760714285714286,1,0,1,386421,219189,32729,75227,2.030354959427915,0.25551260801043424
16652,0.4760833333333334,0,2,0,386423,219187,32729,75227,2.03033643336174,0.2555143437472403
16653,0.4761111111111111,0,2,0,386425,219185,32729,75227,2.030317907295565,0.2555160795076288
16654,0.4761547619047618,0,1,0,386426,219184,32729,75227,2.0303086442624774,0.2555169473966666
16655,0.4761666666666666,1,0,1,386426,219184,32730,75226,2.0303086442624774,0.2555144186678442
16656,0.4761666666666667,1,16,1,386442,219168,32731,75225,2.0301604357330763,0.25552577676779
16657,0.4761904761904762,1,2,1,386444,219166,32732,75224,2.0301419096669013,0.25552498386494105
16658,0.4761904761904763,0,1,0,386445,219165,32732,75224,2.0301326466338137,0.25552585184908405
16659,0.47625,1,7,1,386452,219158,32733,75223,2.0300678054022008,0.25552939897615673
16660,0.4762777777777777,0,1,0,386453,219157,32733,75223,2.0300585423691135,0.25553026700183434
16661,0.4762857142857142,1,0,1,386453,219157,32734,75222,2.0300585423691135,0.25552773805196705
16662,0.4763095238095238,0,2,0,386455,219155,32734,75222,2.030040016302938,0.25552947410973004
16663,0.4763333333333333,3,21,3,386476,219134,32737,75219,2.0298454926080995,0.25554011679853783
16664,0.4763333333333334,0,3,0,386479,219131,32737,75219,2.029817703508837,0.2555427212502123
16665,0.4763690476190476,0,1,0,386480,219130,32737,75219,2.0298084404757493,0.25554358941256805
16666,0.4763888888888888,0,2,0,386482,219128,32737,75219,2.0297899144095743,0.2555453257549763
16667,0.4764285714285715,0,2,0,386484,219126,32737,75219,2.029771388343399,0.2555470621209805
16668,0.4764523809523809,0,1,0,386485,219125,32737,75219,2.0297621253103117,0.25554793031283124
16669,0.4764743589743589,1,0,1,386485,219125,32738,75218,2.0297621253103117,0.2555454011136667
16670,0.4764761904761905,0,2,0,386487,219123,32738,75218,2.0297435992441364,0.2555471375037796
16671,0.4764880952380951,0,1,0,386488,219122,32738,75218,2.029734336211049,0.255548005707685
16672,0.4764999999999999,0,1,0,386489,219121,32738,75218,2.0297250731779615,0.2555488739174897
16673,0.4765,5,26,5,386515,219095,32743,75213,2.029484234317685,0.2555588023431235
16674,0.4765238095238094,0,1,0,386516,219094,32743,75213,2.0294749712845976,0.25555967068401364
16675,0.476547619047619,0,2,0,386518,219092,32743,75213,2.0294564452184223,0.2555614073834967
16676,0.4765714285714286,0,1,0,386519,219091,32743,75213,2.0294471821853346,0.25556227574208984
16677,0.4765833333333333,0,1,0,386520,219090,32743,75213,2.0294379191522474,0.25556314410658404
16678,0.4766666666666665,0,4,0,386524,219086,32743,75213,2.029400867019897,0.2555666176235733
16679,0.4766666666666666,57,420,57,386944,218666,32800,75156,2.0255103931231244,0.2557875176127043
16680,0.4766666666666667,47,281,47,387225,218385,32847,75109,2.0229074808255216,0.2559132384307686
16681,0.4766666666666668,0,1,0,387226,218384,32847,75109,2.022898217792434,0.2559141103876413
16682,0.4766744644244645,0,3,0,387229,218381,32847,75109,2.0228704286931714,0.2559167262939112
16683,0.4766785714285714,0,3,0,387232,218378,32847,75109,2.0228426395939088,0.2559193422536603
16684,0.4767619047619047,0,1,0,387233,218377,32847,75109,2.022833376560821,0.25592021425212785
16685,0.4767619047619049,0,1,0,387234,218376,32847,75109,2.0228241135277334,0.2559210862565378
16686,0.4767857142857143,0,1,0,387235,218375,32847,75109,2.022814850494646,0.2559219582668902
16687,0.476797619047619,0,1,0,387236,218374,32847,75109,2.0228055874615585,0.2559228302831851
16688,0.4768030303030302,0,1,0,387237,218373,32847,75109,2.022796324428471,0.2559237023054225
16689,0.4768333333333333,3,4,3,387241,218369,32850,75106,2.0227592722961205,0.2559195842916773
16690,0.4768333333333334,2,12,2,387253,218357,32852,75104,2.02264811589907,0.25592497810611975
16691,0.4768571428571428,0,2,0,387255,218355,32852,75104,2.0226295898328948,0.2559267223019229
16692,0.4768690476190477,0,2,0,387257,218353,32852,75104,2.02261106376672,0.2559284665215006
16693,0.4768888888888889,0,1,0,387258,218352,32852,75104,2.022601800733632,0.255929338640205
16694,0.4769047619047619,0,2,0,387260,218350,32852,75104,2.0225832746674572,0.2559310828954453
16695,0.4769166666666666,0,1,0,387261,218349,32852,75104,2.0225740116343696,0.2559319550319813
16696,0.4769166666666667,0,1,0,387262,218348,32852,75104,2.022564748601282,0.25593282717446125
16697,0.4769239926739926,0,2,0,387264,218346,32852,75104,2.022546222535107,0.25593457147725335
16698,0.477,5,47,5,387311,218299,32857,75099,2.0221108599799917,0.25596288999925015
16699,0.4770000000000001,0,1,0,387312,218298,32857,75099,2.0221015969469045,0.2559637624106586
16700,0.4770238095238095,0,1,0,387313,218297,32857,75099,2.022092333913817,0.255964634828014
16701,0.4770476190476191,0,2,0,387315,218295,32857,75099,2.0220738078476415,0.25596637968056607
16702,0.4770714285714285,0,1,0,387316,218294,32857,75099,2.022064544814554,0.2559672521157628
16703,0.4770833333333333,0,2,0,387318,218292,32857,75099,2.022046018748379,0.25596899700399806
16704,0.4770952380952381,0,2,0,387320,218290,32857,75099,2.022027492682204,0.25597074191602276
16705,0.4771190476190476,0,1,0,387321,218289,32857,75099,2.0220182296491163,0.2559716143809563
16706,0.4771428571428571,1,13,1,387334,218276,32858,75098,2.021897810218978,0.25598042089619394
16707,0.4771666666666666,0,4,0,387338,218272,32858,75098,2.021860758086628,0.25598391110202134
16708,0.4771666666666667,0,5,0,387343,218267,32858,75098,2.02181444292119,0.25598827399314844
16709,0.4771904761904761,0,1,0,387344,218266,32858,75098,2.0218051798881027,0.25598914658922023
16710,0.4771904761904762,1,1,1,387345,218265,32859,75097,2.021795916855015,0.25598748304143004
16711,0.4772222222222222,1,2,1,387347,218263,32860,75096,2.02177739078884,0.25598669207353447
16712,0.47725,0,1,0,387348,218262,32860,75096,2.0217681277557524,0.25598756468206085
16713,0.4772619047619047,0,2,0,387350,218260,32860,75096,2.021749601689577,0.25598930991696095
16714,0.4772857142857142,1,1,1,387351,218259,32861,75095,2.02174033865649,0.255987646324918
16715,0.4773095238095237,0,1,0,387352,218258,32861,75095,2.021731075623402,0.25598851895157027
16716,0.4773095238095238,0,1,0,387353,218257,32861,75095,2.0217218125903145,0.25598939158417194
16717,0.4773181818181818,0,1,0,387354,218256,32861,75095,2.0217125495572272,0.255990264222723
16718,0.4773333333333332,0,3,0,387357,218253,32861,75095,2.021684760457964,0.2559928821740731
16719,0.4773333333333333,8,35,8,387392,218218,32869,75087,2.0213605542999,0.25600313666660984
16720,0.4773333333333334,0,1,0,387393,218217,32869,75087,2.0213512912668126,0.25600400949185825
16721,0.4773387445887447,0,2,0,387395,218215,32869,75087,2.021332765200637,0.2560057551602103
16722,0.4773809523809523,2,0,2,387395,218215,32871,75085,2.021332765200637,0.25600068189566993
16723,0.4774166666666666,0,1,0,387396,218214,32871,75085,2.0213235021675495,0.2560015547274283
16724,0.4774523809523809,0,3,0,387399,218211,32871,75085,2.021295713068287,0.2560041732584147
16725,0.4774761904761905,0,1,0,387400,218210,32871,75085,2.0212864500351997,0.2560050461139808
16726,0.477490752711341,1,7,1,387407,218203,32872,75084,2.021221608803587,0.2560086195433142
16727,0.4774999999999999,1,11,1,387418,218192,32873,75083,2.0211197154396237,0.2560156849373455
16728,0.4775,54,328,54,387746,217864,32927,75029,2.0180814405869056,0.2561652207461428
16729,0.4775000000000001,0,10,0,387756,217854,32927,75029,2.01798881025603,0.25617396707900425
16730,0.477547619047619,0,1,0,387757,217853,32927,75029,2.0179795472229425,0.25617484174513966
16731,0.4775714285714286,0,1,0,387758,217852,32927,75029,2.0179702841898552,0.25617571641724796
16732,0.4775757575757575,0,1,0,387759,217851,32927,75029,2.0179610211567676,0.25617659109532914
16733,0.4775952380952381,0,1,0,387760,217850,32927,75029,2.01795175812368,0.2561774657793833
16734,0.4776071428571428,0,1,0,387761,217849,32927,75029,2.0179424950905926,0.25617834046941046
16735,0.4776190476190476,1,0,1,387761,217849,32928,75028,2.0179424950905926,0.2561758007627776
16736,0.4776666666666667,5,38,5,387799,217811,32933,75023,2.017590499833265,0.2561963433207893
16737,0.4776785714285714,0,1,0,387800,217810,32933,75023,2.017581236800178,0.2561972182096963
16738,0.4776825396825397,0,1,0,387801,217809,32933,75023,2.0175719737670903,0.25619809310457875
16739,0.4776904761904761,0,1,0,387802,217808,32933,75023,2.0175627107340026,0.25619896800543657
16740,0.4777142857142857,0,4,0,387806,217804,32933,75023,2.0175256586016523,0.2562024676686235
16741,0.4777380952380952,0,4,0,387810,217800,32933,75023,2.0174886064693025,0.256205967427422
16742,0.47775,0,1,0,387811,217799,32933,75023,2.017479343436215,0.2562068423820615
16743,0.4777619047619046,0,3,0,387814,217796,32933,75023,2.0174515543369522,0.25620946728183625
16744,0.4777777777777778,0,1,0,387815,217795,32933,75023,2.0174422913038645,0.25621034226038014
16745,0.4777857142857142,1,2,1,387817,217793,32934,75022,2.0174237652376896,0.2562095521062787
16746,0.4778051948051947,0,2,0,387819,217791,32934,75022,2.0174052391715143,0.2562113020938278
16747,0.4778095238095238,0,3,0,387822,217788,32934,75022,2.0173774500722517,0.2562139271199754
16748,0.4778333333333332,0,1,0,387823,217787,32934,75022,2.017368187039164,0.25621480214064457
16749,0.4778333333333333,0,7,0,387830,217780,32934,75022,2.017303345807551,0.2562209274526813
16750,0.4778333333333334,0,4,0,387834,217776,32934,75022,2.017266293675201,0.2562244277624847
16751,0.4778571428571428,0,5,0,387839,217771,32934,75022,2.0172199785097633,0.25622880328423153
16752,0.4778650793650794,0,1,0,387840,217770,32934,75022,2.0172107154766756,0.25622967840651384
16753,0.4779166666666666,0,1,0,387841,217769,32934,75022,2.017201452443588,0.256230553534774
16754,0.4779166666666667,0,2,0,387843,217767,32934,75022,2.017182926377413,0.2562323038092278
16755,0.4779523809523808,0,1,0,387844,217766,32934,75022,2.0171736633443254,0.2562331789554217
16756,0.4779523809523809,0,5,0,387849,217761,32934,75022,2.017127348178888,0.2562375547760628
16757,0.4779545454545454,1,0,1,387849,217761,32935,75021,2.017127348178888,0.2562350144476095
16758,0.4779642857142857,0,1,0,387850,217760,32935,75021,2.0171180851458,0.25623588962398514
16759,0.4779999999999999,1,2,1,387852,217758,32936,75020,2.0170995590796252,0.2562350996318029
16760,0.478,17,91,17,387943,217667,32953,75003,2.0162566230686574,0.2562715686609492
16761,0.4780238095238094,0,1,0,387944,217666,32953,75003,2.01624736003557,0.25627244429714113
16762,0.4780238095238095,0,1,0,387945,217665,32953,75003,2.0162380970024825,0.2562733199393169
16763,0.478047619047619,0,1,0,387946,217664,32953,75003,2.016228833969395,0.25627419558747655
16764,0.4780833333333333,0,1,0,387947,217663,32953,75003,2.0162195709363075,0.25627507124162013
16765,0.4781190476190477,0,1,0,387948,217662,32953,75003,2.01621030790322,0.2562759469017477
16766,0.4781547619047619,0,1,0,387949,217661,32953,75003,2.016201044870132,0.2562768225678594
16767,0.4781666666666666,2,11,2,387960,217650,32955,75001,2.016099151506169,0.2562813726930713
16768,0.4781666666666667,1,3,1,387963,217647,32956,75000,2.0160713624069064,0.2562814585490369
16769,0.4781666666666668,0,1,0,387964,217646,32956,75000,2.0160620993738188,0.25628233428784264
16770,0.4781825396825397,0,1,0,387965,217645,32956,75000,2.0160528363407315,0.2562832100326334
16771,0.4781904761904762,0,1,0,387966,217644,32956,75000,2.016043573307644,0.25628408578340917
16772,0.4782142857142857,0,2,0,387968,217642,32956,75000,2.016025047241469,0.2562858373029162
16773,0.47825,0,1,0,387969,217641,32956,75000,2.0160157842083812,0.2562867130716475
16774,0.4782857142857143,2,0,2,387969,217641,32958,74998,2.0160157842083812,0.2562816302680094
16775,0.4783095238095237,0,1,0,387970,217640,32958,74998,2.0160065211752936,0.2562825060313425
16776,0.4783333333333333,69,367,69,388337,217273,33027,74929,2.0126069880321613,0.2564287718769892
16777,0.4783333333333334,0,2,0,388339,217271,33027,74929,2.012588461965986,0.2564305270362765
16778,0.4783809523809523,0,1,0,388340,217270,33027,74929,2.0125791989328987,0.25643140462493025
16779,0.4783888888888888,0,1,0,388341,217269,33027,74929,2.012569935899811,0.2564322822195908
16780,0.4784090909090909,0,1,0,388342,217268,33027,74929,2.0125606728667234,0.25643315982025827
16781,0.4784166666666667,1,0,1,388342,217268,33028,74928,2.0125606728667234,0.25643061506659914
16782,0.4784285714285713,0,3,0,388345,217265,33028,74928,2.0125328837674608,0.2564332478875264
16783,0.4784285714285715,0,1,0,388346,217264,33028,74928,2.012523620734373,0.2564341255065163
16784,0.4784444444444444,0,1,0,388347,217263,33028,74928,2.012514357701286,0.2564350031315133
16785,0.4784523809523809,0,3,0,388350,217260,33028,74928,2.0124865686020232,0.25643763604254793
16786,0.4784615384615385,0,1,0,388351,217259,33028,74928,2.0124773055689356,0.2564385136915742
16787,0.4785,4,31,4,388382,217228,33032,74924,2.0121901515432215,0.25645554368958623
16788,0.4785454545454545,2,0,2,388382,217228,33034,74922,2.0121901515432215,0.2564504535341434
16789,0.478547619047619,0,1,0,388383,217227,33034,74922,2.0121808885101338,0.2564513313411992
16790,0.4785714285714285,0,2,0,388385,217225,33034,74922,2.012162362443959,0.25645308697333874
16791,0.4785714285714286,1,7,1,388392,217218,33035,74921,2.012097521212346,0.25645668671420113
16792,0.4785753968253969,0,2,0,388394,217216,33035,74921,2.0120789951461706,0.25645844244310034
16793,0.4785952380952381,0,1,0,388395,217215,33035,74921,2.012069732113083,0.2564593203165649
16794,0.4786190476190476,1,0,1,388395,217215,33036,74920,2.012069732113083,0.2564567751210913
16795,0.4786428571428571,0,1,0,388396,217214,33036,74920,2.0120604690799957,0.2564576529948585
16796,0.4786666666666666,0,2,0,388398,217212,33036,74920,2.0120419430138203,0.2564594087604234
16797,0.4786666666666667,2,32,2,388430,217180,33038,74918,2.0117455259550185,0.25648241343658634
16798,0.4786839826839827,1,0,1,388430,217180,33039,74917,2.0117455259550185,0.2564798679890584
16799,0.4786904761904762,2,4,2,388434,217176,33041,74915,2.0117084738226687,0.2564782893002523
16800,0.4787142857142856,0,1,0,388435,217175,33041,74915,2.011699210789581,0.25647916737991716
16801,0.4787142857142857,0,3,0,388438,217172,33041,74915,2.0116714216903184,0.25648180165498635
16802,0.4787380952380952,0,1,0,388439,217171,33041,74915,2.0116621586572307,0.2564826797587012
16803,0.4787380952380953,0,1,0,388440,217170,33041,74915,2.011652895624143,0.2564835578684287
16804,0.47875,1,4,1,388444,217166,33042,74914,2.011615843491793,0.2564845247877294
16805,0.4787619047619048,0,1,0,388445,217165,33042,74914,2.0116065804587056,0.25648540292181227
16806,0.4787665945165944,0,1,0,388446,217164,33042,74914,2.011597317425618,0.25648628106190813
16807,0.4788095238095238,1,6,1,388452,217158,33043,74913,2.0115417392270927,0.25648900438591987
16808,0.4788333333333333,0,15,0,388467,217143,33043,74913,2.0114027937307792,0.25650217766455746
16809,0.4788333333333334,0,1,0,388468,217142,33043,74913,2.0113935306976916,0.25650305593124584
16810,0.4788571428571428,0,2,0,388470,217140,33043,74913,2.0113750046315166,0.2565048124826658
16811,0.4788636363636364,1,0,1,388470,217140,33044,74912,2.0113750046315166,0.2565022667196253
16812,0.4788809523809523,0,1,0,388471,217139,33044,74912,2.011365741598429,0.2565031449986475
16813,0.4788888888888888,0,1,0,388472,217138,33044,74912,2.0113564785653413,0.2565040232836843
16814,0.4789285714285713,0,1,0,388473,217137,33044,74912,2.011347215532254,0.25650490157473577
16815,0.4789484126984127,0,1,0,388474,217136,33044,74912,2.0113379524991664,0.2565057798718019
16816,0.478952380952381,0,1,0,388475,217135,33044,74912,2.0113286894660787,0.25650665817488283
16817,0.4789891774891777,0,1,0,388476,217134,33044,74912,2.011319426432991,0.25650753648397856
16818,0.4789999999999998,0,1,0,388477,217133,33044,74912,2.0113101633999038,0.2565084147990892
16819,0.4789999999999999,0,2,0,388479,217131,33044,74912,2.0112916373337284,0.25651017144735533
16820,0.479,12,86,12,388565,217045,33056,74900,2.010495016488199,0.25655517306341946
16821,0.4790238095238095,0,1,0,388566,217044,33056,74900,2.0104857534551113,0.2565560518455594
16822,0.4790238095238096,0,3,0,388569,217041,33056,74900,2.0104579643558487,0.2565586882281009
16823,0.479047619047619,0,3,0,388572,217038,33056,74900,2.010430175256586,0.2565613246648261
16824,0.4790476190476191,0,1,0,388573,217037,33056,74900,2.0104209122234984,0.25656220348910896
16825,0.4790714285714285,0,1,0,388574,217036,33056,74900,2.0104116491904107,0.2565630823194125
16826,0.4790714285714286,0,1,0,388575,217035,33056,74900,2.0104023861573235,0.2565639611557367
16827,0.4790873015873015,0,2,0,388577,217033,33056,74900,2.010383860091148,0.25656571884644763
16828,0.4791666666666666,20,97,20,388674,216936,33076,74880,2.0094853458816555,0.2566000493461633
16829,0.4791666666666667,6,49,6,388723,216887,33082,74874,2.0090314572603654,0.25662785636188523
16830,0.4791987179487179,0,1,0,388724,216886,33082,74874,2.0090221942272777,0.25662873594735397
16831,0.4792063492063492,0,1,0,388725,216885,33082,74874,2.0090129311941904,0.2566296155388523
16832,0.4792222222222222,0,1,0,388726,216884,33082,74874,2.0090036681611028,0.25663049513638014
16833,0.4792380952380952,0,4,0,388730,216880,33082,74874,2.0089666160287525,0.2566340135867889
16834,0.4792460317460317,0,1,0,388731,216879,33082,74874,2.008957352995665,0.25663489321446564
16835,0.47925,2,0,2,388731,216879,33084,74872,2.008957352995665,0.25662979732717284
16836,0.4792619047619048,0,1,0,388732,216878,33084,74872,2.0089480899625776,0.256630676949443
16837,0.4792777777777777,1,0,1,388732,216878,33085,74871,2.0089480899625776,0.2566281289738782
16838,0.4792857142857143,2,9,2,388741,216869,33087,74869,2.0088647226647893,0.25663094968773353
16839,0.4793214285714285,0,2,0,388743,216867,33087,74869,2.0088461965986144,0.25663270902459756
16840,0.4793333333333333,6,7,6,388750,216860,33093,74863,2.0087813553670015,0.25662357784610745
16841,0.4793333333333334,7,27,7,388777,216833,33100,74856,2.0085312534736373,0.25662949237029853
16842,0.4793809523809523,0,1,0,388778,216832,33100,74856,2.00852199044055,0.2566303721784921
16843,0.4794047619047619,0,5,0,388783,216827,33100,74856,2.008475675275112,0.2566347713099495
16844,0.4794285714285714,0,2,0,388785,216825,33100,74856,2.008457149208937,0.256636531004762
16845,0.4794444444444445,0,1,0,388786,216824,33100,74856,2.0084478861758495,0.2566374108612178
16846,0.4794761904761905,0,1,0,388787,216823,33100,74856,2.008438623142762,0.25663829072370653
16847,0.4795,5,28,5,388815,216795,33105,74851,2.0081792582163103,0.2566501854988582
16848,0.4795238095238094,0,2,0,388817,216793,33105,74851,2.0081607321501354,0.2566519455226235
16849,0.4795238095238096,0,1,0,388818,216792,33105,74851,2.0081514691170477,0.2566528255435584
16850,0.479531746031746,0,1,0,388819,216791,33105,74851,2.00814220608396,0.25665370557052825
16851,0.479547619047619,0,1,0,388820,216790,33105,74851,2.0081329430508728,0.2566545856035331
16852,0.4795833333333333,1,5,1,388825,216785,33106,74850,2.008086627885435,0.2566564369845869
16853,0.4796111111111111,1,1,1,388826,216784,33107,74849,2.008077364852347,0.2566547681503808
16854,0.4796428571428571,0,2,0,388828,216782,33107,74849,2.008058838786172,0.2566565282840302
16855,0.4796666666666665,0,1,0,388829,216781,33107,74849,2.0080495757530845,0.2566574083599081
16856,0.4796666666666666,4,4,4,388833,216777,33111,74845,2.0080125236207342,0.25665073279793704
16857,0.4796666666666667,3,15,3,388848,216762,33114,74842,2.0078735781244212,0.25665628729372714
16858,0.479690476190476,0,1,0,388849,216761,33114,74842,2.0078643150913336,0.2566571674502663
16859,0.4796904761904761,1,2,1,388851,216759,33115,74841,2.007845789025158,0.256656378600823
16860,0.4797023809523809,0,2,0,388853,216757,33115,74841,2.0078272629589833,0.25665813894471157
16861,0.4797142857142857,0,3,0,388856,216754,33115,74841,2.0077994738597207,0.25666077950582145
16862,0.47975,0,1,0,388857,216753,33115,74841,2.007790210826633,0.2566616597049322
16863,0.4798333333333333,1,16,1,388873,216737,33116,74840,2.0076420022972323,0.2566731943877604
16864,0.4798571428571428,1,3,1,388876,216734,33117,74839,2.0076142131979697,0.2566732859352546
16865,0.4798636363636363,1,0,1,388876,216734,33118,74838,2.0076142131979697,0.256670736559066
16866,0.4798690476190476,0,1,0,388877,216733,33118,74838,2.007604950164882,0.2566716168617592
16867,0.4798809523809523,0,3,0,388880,216730,33118,74838,2.0075771610656195,0.25667425780606923
16868,0.4798809523809524,0,1,0,388881,216729,33118,74838,2.0075678980325318,0.25667513813291626
16869,0.4799047619047619,0,1,0,388882,216728,33118,74838,2.007558634999444,0.2566760184658019
16870,0.4799206349206349,0,1,0,388883,216727,33118,74838,2.007549371966357,0.2566768988047262
16871,0.4799285714285715,0,3,0,388886,216724,33118,74838,2.007521582867094,0.2566795398577318
16872,0.4799908424908425,0,3,0,388889,216721,33118,74838,2.007493793767831,0.25668218096508766
16873,0.4799999999999999,3,36,3,388925,216685,33121,74835,2.0071603245766796,0.25670622941822174
16874,0.48,484,3121,484,392046,213564,33605,74351,1.9782503983104227,0.2582394109372558
16875,0.4800000000000001,3,23,3,392069,213541,33608,74348,1.978037348549409,0.25825231252322944
16876,0.480015873015873,0,3,0,392072,213538,33608,74348,1.9780095594501463,0.258255003716749
16877,0.4800357142857143,1,0,1,392072,213538,33609,74347,1.9780095594501463,0.258252427184466
16878,0.480047619047619,0,1,0,392073,213537,33609,74347,1.9780002964170589,0.25825332425560293
16879,0.4800476190476191,0,1,0,392074,213536,33609,74347,1.9779910333839712,0.2582542213329721
16880,0.4800674603174604,2,5,2,392079,213531,33611,74345,1.9779447182185335,0.25825355361336133
16881,0.4800717468805704,0,1,0,392080,213530,33611,74345,1.977935455185446,0.2582544507164568
16882,0.4801190476190476,0,2,0,392082,213528,33611,74345,1.9779169291192709,0.25825624494134564
16883,0.4801666666666665,0,4,0,392086,213524,33611,74345,1.9778798769869206,0.2582598334659168
16884,0.4801666666666666,2,17,2,392103,213507,33613,74343,1.9777224054244322,0.2582699322563835
16885,0.4801666666666667,1,8,1,392111,213499,33614,74342,1.9776483011597317,0.25827453350981966
16886,0.4802380952380952,1,2,1,392113,213497,33615,74341,1.9776297750935565,0.2582737512072763
16887,0.4802619047619048,0,1,0,392114,213496,33615,74341,1.977620512060469,0.25827464849897686
16888,0.4802738095238096,0,1,0,392115,213495,33615,74341,1.9776112490273816,0.25827554579691214
16889,0.4802777777777777,0,1,0,392116,213494,33615,74341,1.977601985994294,0.2582764431010822
16890,0.4802777777777778,1,0,1,392116,213494,33616,74340,1.977601985994294,0.2582738661867604
16891,0.4802792207792208,0,3,0,392119,213491,33616,74340,1.9775741968950313,0.2582765581191741
16892,0.480281746031746,2,1,2,392120,213490,33618,74338,1.9775649338619437,0.25827230151340386
16893,0.4802857142857142,2,2,2,392122,213488,33620,74336,1.9775464077957687,0.25826894213130247
16894,0.4802857142857143,1,0,1,392122,213488,33621,74335,1.9775464077957687,0.2582663650924353
16895,0.4803333333333332,0,1,0,392123,213487,33621,74335,1.977537144762681,0.25826726240523656
16896,0.4803333333333333,7,7,7,392130,213480,33628,74328,1.9774723035310682,0.25825550366911276
16897,0.4803333333333334,3,9,3,392139,213471,33631,74325,1.9773889362332802,0.25825584789225703
16898,0.4803571428571428,0,3,0,392142,213468,33631,74325,1.9773611471340176,0.2582585399922861
16899,0.4803571428571429,0,1,0,392143,213467,33631,74325,1.97735188410093,0.2582594373714349
16900,0.4803791486291487,0,1,0,392144,213466,33631,74325,1.9773426210678424,0.25826033475682003
16901,0.4803809523809524,0,1,0,392145,213465,33631,74325,1.977333358034755,0.2582612321484416
16902,0.4804047619047618,0,1,0,392146,213464,33631,74325,1.9773240950016673,0.25826212954629957
16903,0.4804166666666666,0,2,0,392148,213462,33631,74325,1.9773055689354921,0.2582639243607251
16904,0.4804166666666667,1,3,1,392151,213459,33632,74324,1.9772777798362295,0.25826403922399865
16905,0.4804444444444444,0,3,0,392154,213456,33632,74324,1.977249990736967,0.25826673153103064
16906,0.4804444444444445,0,2,0,392156,213454,33632,74324,1.9772314646707918,0.25826852643357034
16907,0.4804761904761904,1,0,1,392156,213454,33633,74323,1.9772314646707918,0.2582659489813293
16908,0.4804761904761905,0,5,0,392161,213449,33633,74323,1.977185149505354,0.25827043631764035
16909,0.4804999999999999,0,1,0,392162,213448,33633,74323,1.9771758864722664,0.25827133380361467
16910,0.4805,2,9,2,392171,213439,33635,74321,1.9770925191744786,0.25827425632471507
16911,0.4805476190476189,0,1,0,392172,213438,33635,74321,1.977083256141391,0.25827515386139094
16912,0.4805555555555555,0,2,0,392174,213436,33635,74321,1.9770647300752158,0.25827694895345726
16913,0.4805714285714286,0,1,0,392175,213435,33635,74321,1.9770554670421283,0.2582778465088478
16914,0.4805952380952381,1,1,1,392176,213434,33636,74320,1.9770462040090406,0.25827616644772966
16915,0.4805952380952382,3,0,3,392176,213434,33639,74317,1.9770462040090406,0.2582684334719949
16916,0.4806428571428571,1,2,1,392178,213432,33640,74316,1.9770276779428657,0.2582676508611702
16917,0.4806428571428572,0,2,0,392180,213430,33640,74316,1.9770091518766906,0.2582694459697094
16918,0.4806666666666666,4,31,4,392211,213399,33644,74312,1.9767219978509762,0.25828696156907455
16919,0.4806666666666667,1,13,1,392224,213386,33645,74311,1.9766015784208382,0.2582960545295919
16920,0.4807142857142857,3,7,3,392231,213379,33648,74308,1.9765367371892253,0.25829460490046474
16921,0.48075,0,1,0,392232,213378,33648,74308,1.9765274741561376,0.25829550273562146
16922,0.4807619047619048,0,1,0,392233,213377,33648,74308,1.9765182111230502,0.25829640057702
16923,0.4808015873015872,0,3,0,392236,213374,33648,74308,1.9764904220237876,0.258299094138667
16924,0.4808095238095238,0,1,0,392237,213373,33648,74308,1.9764811589906999,0.25829999200503334
16925,0.4808333333333332,0,2,0,392239,213371,33648,74308,1.9764626329245247,0.2583017877564925
16926,0.4808333333333333,29,117,29,392356,213254,33677,74279,1.975378858053281,0.2583320870995677
16927,0.4808571428571428,0,2,0,392358,213252,33677,74279,1.9753603319871058,0.2583338839985949
16928,0.4809047619047619,0,1,0,392359,213251,33677,74279,1.9753510689540184,0.2583347824574827
16929,0.4809166666666666,0,2,0,392361,213249,33677,74279,1.9753325428878432,0.25833657939400684
16930,0.4809285714285714,0,1,0,392362,213248,33677,74279,1.9753232798547555,0.25833747787164335
16931,0.4809523809523809,2,5,2,392367,213243,33679,74277,1.9752769646893178,0.2583368113522538
16932,0.4809642857142857,0,1,0,392368,213242,33679,74277,1.9752677016562303,0.2583377098556965
16933,0.4809999999999999,1,5,1,392373,213237,33680,74276,1.9752213864907926,0.2583396229040078
16934,0.481,9,62,9,392435,213175,33689,74267,1.9746470784393642,0.25837212376757746
16935,0.4810000000000001,0,3,0,392438,213172,33689,74267,1.9746192893401016,0.2583748203966755
16936,0.481060606060606,0,1,0,392439,213171,33689,74267,1.9746100263070139,0.25837571928555025
16937,0.4810714285714286,0,2,0,392441,213169,33689,74267,1.974591500240839,0.25837751708206347
16938,0.4810833333333333,0,1,0,392442,213168,33689,74267,1.9745822372077513,0.258378415989702
16939,0.4810952380952381,0,3,0,392445,213165,33689,74267,1.9745544481084887,0.25838111275014614
16940,0.481111111111111,0,2,0,392447,213163,33689,74267,1.9745359220423135,0.2583829106217166
16941,0.4811428571428571,0,2,0,392449,213161,33689,74267,1.9745173959761384,0.2583847085183072
16942,0.4811666666666666,0,2,0,392451,213159,33689,74267,1.9744988699099633,0.25838650643991845
16943,0.4811666666666667,3,15,3,392466,213144,33692,74264,1.97435992441365,0.25839225073762734
16944,0.4811904761904761,0,1,0,392467,213143,33692,74264,1.9743506613805624,0.25839314978410405
16945,0.4811904761904762,0,3,0,392470,213140,33692,74264,1.9743228722812998,0.2583958469610722
16946,0.4812142857142856,0,2,0,392472,213138,33692,74264,1.9743043462151246,0.25839764511033325
16947,0.4812142857142858,0,2,0,392474,213136,33692,74264,1.9742858201489495,0.2583994432846207
16948,0.4812261904761905,0,1,0,392475,213135,33692,74264,1.974276557115862,0.25840034238114956
16949,0.4812499999999999,0,1,0,392476,213134,33692,74264,1.9742672940827746,0.2584012414839352
16950,0.48125,2,10,2,392486,213124,33694,74262,1.9741746637518989,0.25840507192417167
16951,0.4812857142857142,0,1,0,392487,213123,33694,74262,1.9741654007188114,0.2584059710840858
16952,0.4812857142857143,0,2,0,392489,213121,33694,74262,1.9741468746526363,0.2584077694226868
16953,0.4813095238095238,0,1,0,392490,213120,33694,74262,1.9741376116195488,0.2584086686013738
16954,0.4813333333333333,3,24,3,392514,213096,33697,74259,1.9739152988254474,0.2584225087435402
16955,0.4813333333333334,0,5,0,392519,213091,33697,74259,1.9738689836600096,0.25842700539411867
16956,0.4813571428571429,1,2,1,392521,213089,33698,74258,1.9738504575938345,0.25842622334668536
16957,0.4813809523809524,0,1,0,392522,213088,33698,74258,1.973841194560747,0.2584271227022475
16958,0.4813888888888888,0,2,0,392524,213086,33698,74258,1.9738226684945719,0.258428921432151
16959,0.4814166666666666,1,0,1,392524,213086,33699,74257,1.9738226684945719,0.2584263406451523
16960,0.4814285714285714,1,5,1,392529,213081,33700,74256,1.9737763533291341,0.2584282567159816
16961,0.4814285714285715,0,2,0,392531,213079,33700,74256,1.973757827262959,0.25843005551011883
16962,0.481468253968254,1,0,1,392531,213079,33701,74255,1.973757827262959,0.2584274746462305
16963,0.4815,2,25,2,392556,213054,33703,74253,1.97352625143577,0.25844479946538024
16964,0.4815238095238096,0,1,0,392557,213053,33703,74253,1.9735169884026826,0.25844569901081077
16965,0.481547619047619,1,4,1,392561,213049,33704,74252,1.9734799362703324,0.2584467161617955
16966,0.4815555555555555,0,1,0,392562,213048,33704,74252,1.973470673237245,0.2584476157326836
16967,0.4816428571428571,0,1,0,392563,213047,33704,74252,1.9734614102041572,0.258448515309834
16968,0.4816547619047619,0,1,0,392564,213046,33704,74252,1.9734521471710698,0.25844941489324674
16969,0.4816666666666666,39,213,39,392777,212833,33743,74213,1.9714791211234206,0.25854044299519935
16970,0.4816666666666667,32,162,32,392939,212671,33775,74181,1.969978509763237,0.2586037399076876
16971,0.4816904761904761,0,1,0,392940,212670,33775,74181,1.9699692467301493,0.2586046414340546
16972,0.4817142857142856,0,2,0,392942,212668,33775,74181,1.9699507206639741,0.25860644450564585
16973,0.4817142857142857,0,3,0,392945,212665,33775,74181,1.9699229315647115,0.2586091491601765
16974,0.4817261904761905,0,1,0,392946,212664,33775,74181,1.969913668531624,0.25861005072425874
16975,0.4817499999999999,1,1,1,392947,212663,33776,74180,1.9699044054985364,0.2586083676436239
16976,0.4817619047619048,1,0,1,392947,212663,33777,74179,1.9699044054985364,0.25860578297459924
16977,0.4817857142857143,2,2,2,392949,212661,33779,74177,1.9698858794323613,0.258602416695138
16978,0.4818181818181818,0,1,0,392950,212660,33779,74177,1.9698766163992738,0.25860331826089383
16979,0.4818253968253968,0,1,0,392951,212659,33779,74177,1.9698673533661861,0.2586042198329359
16980,0.4818333333333333,1,11,1,392962,212648,33780,74176,1.9697654600022232,0.2586115527291998
16981,0.4818333333333334,1,8,1,392970,212640,33781,74175,1.9696913557375226,0.25861618116207313
16982,0.4818621933621934,1,5,1,392975,212635,33782,74174,1.969645040572085,0.2586181047317204
16983,0.4818809523809523,0,1,0,392976,212634,33782,74174,1.9696357775389974,0.2586190064433349
16984,0.4819047619047619,0,2,0,392978,212632,33782,74174,1.9696172514728223,0.2586208098854278
16985,0.4819090909090909,0,1,0,392979,212631,33782,74174,1.9696079884397346,0.2586217116159063
16986,0.4819206349206349,0,1,0,392980,212630,33782,74174,1.9695987254066472,0.2586226133526729
16987,0.4819761904761905,0,1,0,392981,212629,33782,74174,1.9695894623735597,0.25862351509572773
16988,0.482,10,74,10,393055,212555,33792,74164,1.9689039979250806,0.25866440661414136
16989,0.4820000000000001,0,1,0,393056,212554,33792,74164,1.968894734891993,0.25866530877029
16990,0.4820555555555555,0,1,0,393057,212553,33792,74164,1.9688854718589055,0.25866621093273157
16991,0.4820833333333333,1,3,1,393060,212550,33793,74163,1.968857682759643,0.25866633183706356
16992,0.4821190476190475,0,2,0,393062,212548,33793,74163,1.9688391566934678,0.2586681362068424
16993,0.4821428571428571,1,8,1,393070,212540,33794,74162,1.9687650524287672,0.25867276824019364
16994,0.4821666666666666,1,7,1,393077,212533,33795,74161,1.9687002111971543,0.2586764982873726
16995,0.4821666666666667,0,7,0,393084,212526,33795,74161,1.9686353699655414,0.2586828143585164
16996,0.4821818181818182,0,1,0,393085,212525,33795,74161,1.968626106932454,0.2586837166795728
16997,0.4821904761904762,0,1,0,393086,212524,33795,74161,1.9686168438993663,0.25868461900692397
16998,0.4822142857142857,0,2,0,393088,212522,33795,74161,1.9685983178331914,0.2586864236805112
16999,0.4822222222222223,1,0,1,393088,212522,33796,74160,1.9685983178331914,0.2586838378412317
17000,0.4822380952380952,0,1,0,393089,212521,33796,74160,1.9685890548001037,0.2586847401815956
17001,0.4822499999999999,0,2,0,393091,212519,33796,74160,1.9685705287339286,0.2586865448812086
17002,0.48225,0,1,0,393092,212518,33796,74160,1.9685612657008411,0.25868744724045795
17003,0.4822619047619047,0,2,0,393094,212516,33796,74160,1.968542739634666,0.2586892519778426
17004,0.4822619047619048,1,1,1,393095,212515,33797,74159,1.9685334766015785,0.2586875684575511
17005,0.4822668303918304,1,1,1,393096,212514,33798,74158,1.9685242135684908,0.25868588491376904
17006,0.4822857142857142,0,2,0,393098,212512,33798,74158,1.9685056875023157,0.258687689678027
17007,0.4823015873015872,0,2,0,393100,212510,33798,74158,1.9684871614361406,0.2586894944674676
17008,0.4823333333333333,4,34,4,393134,212476,33802,74154,1.9681722183111638,0.25870983497889266
17009,0.4823611111111111,0,2,0,393136,212474,33802,74154,1.9681536922449887,0.25871164017472126
17010,0.4823809523809523,1,1,1,393137,212473,33803,74153,1.9681444292119012,0.25870995652871687
17011,0.4823809523809524,0,5,0,393142,212468,33803,74153,1.9680981140464633,0.2587144696306272
17012,0.4824166666666666,0,1,0,393143,212467,33803,74153,1.9680888510133758,0.2587153722699044
17013,0.4824166666666667,0,1,0,393144,212466,33803,74153,1.9680795879802884,0.2587162749154801
17014,0.4824393939393939,0,1,0,393145,212465,33803,74153,1.9680703249472007,0.25871717756735446
17015,0.4824523809523808,0,1,0,393146,212464,33803,74153,1.9680610619141132,0.25871808022552745
17016,0.4824999999999999,4,17,4,393163,212447,33807,74149,1.9679035903516247,0.25872308057335064
17017,0.4825,43,331,43,393494,212116,33850,74106,1.9648375263996443,0.2589109153035057
17018,0.4825000000000001,1,5,1,393499,212111,33851,74105,1.9647912112342065,0.2589128490370909
17019,0.482547619047619,0,2,0,393501,212109,33851,74105,1.9647726851680314,0.25891465826269855
17020,0.4825476190476191,0,1,0,393502,212108,33851,74105,1.964763422134944,0.25891556288498424
17021,0.4825555555555555,0,1,0,393503,212107,33851,74105,1.9647541591018562,0.2589164675135913
17022,0.4825912698412697,0,2,0,393505,212105,33851,74105,1.964735633035681,0.25891827678976975
17023,0.4825912698412699,0,2,0,393507,212103,33851,74105,1.9647171069695062,0.25892008609123435
17024,0.482611111111111,1,0,1,393507,212103,33852,74104,1.9647171069695062,0.2589174967768084
17025,0.4826190476190476,0,2,0,393509,212101,33852,74104,1.964698580903331,0.25891930609178737
17026,0.4826309523809524,0,3,0,393512,212098,33852,74104,1.9646707918040682,0.25892202011166937
17027,0.4826587301587301,0,4,0,393516,212094,33852,74104,1.9646337396717182,0.25892563889335357
17028,0.4826666666666666,5,49,5,393565,212045,33857,74099,1.964179851050428,0.2589570286289421
17029,0.4826666666666667,2,8,2,393573,212037,33859,74097,1.9641057467857275,0.2589590890981149
17030,0.4826904761904763,0,1,0,393574,212036,33859,74097,1.96409648375264,0.25895999412860454
17031,0.4827499999999999,0,1,0,393575,212035,33859,74097,1.9640872207195523,0.25896089916542014
17032,0.48275,0,1,0,393576,212034,33859,74097,1.9640779576864649,0.2589618042085618
17033,0.4827857142857142,0,1,0,393577,212033,33859,74097,1.9640686946533774,0.25896270925802956
17034,0.4828333333333332,0,1,0,393578,212032,33859,74097,1.9640594316202897,0.2589636143138235
17035,0.4828333333333333,0,4,0,393582,212028,33859,74097,1.9640223794879395,0.2589672346002621
17036,0.4828333333333334,2,6,2,393588,212022,33861,74095,1.9639668012894143,0.25896748532942815
17037,0.4828571428571429,1,12,1,393600,212010,33862,74094,1.9638556448923636,0.25897575706736015
17038,0.4829047619047618,0,1,0,393601,212009,33862,74094,1.963846381859276,0.2589766622510075
17039,0.4829166666666666,0,2,0,393603,212007,33862,74094,1.9638278557931008,0.25897847263728546
17040,0.4829166666666667,1,5,1,393608,212002,33863,74093,1.963781540627663,0.2589804086055331
17041,0.4829285714285714,0,2,0,393610,212000,33863,74093,1.963763014561488,0.25898221906862456
17042,0.4829523809523809,1,0,1,393610,212000,33864,74092,1.963763014561488,0.2589796289305538
17043,0.482952380952381,0,2,0,393612,211998,33864,74092,1.9637444884953128,0.25898143940717955
17044,0.4829761904761905,3,0,3,393612,211998,33867,74089,1.9637444884953128,0.2589736688489865
17045,0.483,11,52,11,393664,211946,33878,74078,1.96326281077476,0.2589922523984001
17046,0.4830259740259741,0,1,0,393665,211945,33878,74078,1.9632535477416726,0.25899315789289673
17047,0.4830833333333333,0,1,0,393666,211944,33878,74078,1.963244284708585,0.25899406339372494
17048,0.4830952380952381,0,1,0,393667,211943,33878,74078,1.9632350216754975,0.2589949689008849
17049,0.4831071428571428,0,1,0,393668,211942,33878,74078,1.9632257586424098,0.2589958744143766
17050,0.4831190476190475,0,1,0,393669,211941,33878,74078,1.9632164956093223,0.25899677993420017
17051,0.4831190476190476,0,1,0,393670,211940,33878,74078,1.9632072325762349,0.2589976854603556
17052,0.4831349206349206,0,1,0,393671,211939,33878,74078,1.9631979695431472,0.25899859099284306
17053,0.4831666666666666,1,12,1,393683,211927,33879,74077,1.9630868131460966,0.2590068670368247
17054,0.4831666666666667,0,5,0,393688,211922,33879,74077,1.9630404979806588,0.25901139514473825
17055,0.4831904761904762,0,2,0,393690,211920,33879,74077,1.9630219719144837,0.2590132064322353
17056,0.4832023809523809,0,1,0,393691,211919,33879,74077,1.9630127088813962,0.2590141120854837
17057,0.4832142857142857,0,2,0,393693,211917,33879,74077,1.962994182815221,0.2590159234109807
17058,0.4832142857142858,0,2,0,393695,211915,33879,74077,1.962975656749046,0.2590177347618115
17059,0.4832222222222222,0,1,0,393696,211914,33879,74077,1.9629663937159583,0.25901864044672734
17060,0.4832359307359307,1,3,1,393699,211911,33880,74076,1.9629386046166957,0.25901876658729245
17061,0.4832619047619048,0,3,0,393702,211908,33880,74076,1.962910815517433,0.2590214837193689
17062,0.4832619047619049,0,3,0,393705,211905,33880,74076,1.9628830264181705,0.25902420090845196
17063,0.4833055555555555,0,2,0,393707,211903,33880,74076,1.9628645003519953,0.25902601239951184
17064,0.4833333333333333,105,698,105,394405,211205,33985,73971,1.9563989032568825,0.25938718545740175
17065,0.4833333333333334,0,3,0,394408,211202,33985,73971,1.9563711141576197,0.25938991419243757
17066,0.4833571428571428,0,1,0,394409,211201,33985,73971,1.9563618511245322,0.25939082378354117
17067,0.4833928571428572,0,1,0,394410,211200,33985,73971,1.9563525880914447,0.259391733381024
17068,0.4834166666666666,1,0,1,394410,211200,33986,73970,1.9563525880914447,0.2593891363046604
17069,0.4834285714285713,0,2,0,394412,211198,33986,73970,1.9563340620252696,0.25939095550692925
17070,0.4834285714285714,0,1,0,394413,211197,33986,73970,1.956324798992182,0.25939186511763285
17071,0.4834444444444444,0,3,0,394416,211194,33986,73970,1.9562970098929193,0.25939459398802095
17072,0.4834523809523808,0,1,0,394417,211193,33986,73970,1.9562877468598319,0.25939550362424296
17073,0.483452380952381,0,2,0,394419,211191,33986,73970,1.9562692207936567,0.2593973229158265
17074,0.4834999999999999,0,4,0,394423,211187,33986,73970,1.9562321686613064,0.2594009615755531
17075,0.4835,3,27,3,394450,211160,33989,73967,1.9559820667679424,0.2594177331504908
17076,0.4835000000000001,0,3,0,394453,211157,33989,73967,1.9559542776686798,0.25942046267588836
17077,0.4835714285714285,0,3,0,394456,211154,33989,73967,1.9559264885694172,0.25942319225872523
17078,0.4835714285714286,2,3,2,394459,211151,33991,73965,1.9558986994701546,0.2594207270023429
17079,0.4835833333333333,0,1,0,394460,211150,33991,73965,1.955889436437067,0.25942163688336284
17080,0.4836666666666666,0,2,0,394462,211148,33991,73965,1.9558709103708918,0.2594234566645505
17081,0.4836666666666667,5,29,5,394491,211119,33996,73960,1.9556022824113528,0.2594368578534371
17082,0.4836904761904762,0,1,0,394492,211118,33996,73960,1.9555930193782651,0.25943776790913364
17083,0.4837142857142856,0,3,0,394495,211115,33996,73960,1.9555652302790025,0.25944049811453124
17084,0.48375,1,9,1,394504,211106,33997,73959,1.9554818629812145,0.25944609124234824
17085,0.4837777777777778,0,1,0,394505,211105,33997,73959,1.955472599948127,0.25944700137512977
17086,0.4837878787878787,0,1,0,394506,211104,33997,73959,1.9554633369150394,0.25944791151429686
17087,0.4838095238095238,2,12,2,394518,211092,33999,73957,1.9553521805179888,0.2594536377956071
17088,0.4838333333333333,0,12,0,394530,211080,33999,73957,1.9552410241209381,0.2594645607412371
17089,0.4838333333333334,0,1,0,394531,211079,33999,73957,1.9552317610878507,0.259465471028221
17090,0.4838452380952381,0,1,0,394532,211078,33999,73957,1.955222498054763,0.2594663813215921
17091,0.4838571428571429,0,1,0,394533,211077,33999,73957,1.9552132350216755,0.25946729162135046
17092,0.4838809523809524,0,1,0,394534,211076,33999,73957,1.9552039719885879,0.2594682019274961
17093,0.4838888888888888,0,3,0,394537,211073,33999,73957,1.9551761828893253,0.2594709328842578
17094,0.4839166666666666,2,0,2,394537,211073,34001,73955,1.9551761828893253,0.2594657366995523
17095,0.4839264069264068,0,1,0,394538,211072,34001,73955,1.9551669198562378,0.2594666470194052
17096,0.4839285714285715,1,1,1,394539,211071,34002,73954,1.9551576568231501,0.259464959214104
17097,0.4839523809523809,0,1,0,394540,211070,34002,73954,1.9551483937900627,0.2594658695408106
17098,0.4839722222222222,0,1,0,394541,211069,34002,73954,1.955139130756975,0.25946677987390493
17099,0.4839999999999999,3,1,3,394542,211068,34005,73951,1.9551298677238875,0.2594598956560791
17100,0.484,19,107,19,394649,210961,34024,73932,1.9541387231835192,0.25950795561842516
17101,0.4840238095238095,1,4,1,394653,210957,34025,73931,1.954101671051169,0.2595090000280812
17102,0.4840396825396825,0,1,0,394654,210956,34025,73931,1.9540924080180815,0.2595099109471475
17103,0.484047619047619,1,4,1,394658,210952,34026,73930,1.9540553558857312,0.2595109554131184
17104,0.4840714285714285,0,1,0,394659,210951,34026,73930,1.9540460928526437,0.2595118663582338
17105,0.4840714285714286,0,1,0,394660,210950,34026,73930,1.954036829819556,0.2595127773097445
17106,0.4840833333333333,0,1,0,394661,210949,34026,73930,1.9540275667864686,0.2595136882676505
17107,0.4841190476190475,0,1,0,394662,210948,34026,73930,1.954018303753381,0.2595145992319519
17108,0.4841428571428572,1,0,1,394662,210948,34027,73929,1.954018303753381,0.25951199991575313
17109,0.4841616161616162,0,1,0,394663,210947,34027,73929,1.9540090407202935,0.2595129108805235
17110,0.4841666666666666,15,89,15,394752,210858,34042,73914,1.9531846307755012,0.25955501243099743
17111,0.4841666666666667,13,50,13,394802,210808,34055,73901,1.9527214791211234,0.25956678573561076
17112,0.4841666666666668,1,0,1,394802,210808,34056,73900,1.9527214791211234,0.25956418505978057
17113,0.4842142857142855,0,2,0,394804,210806,34056,73900,1.9527029530549482,0.2595660084437982
17114,0.4842142857142857,4,3,4,394807,210803,34060,73896,1.9526751639556856,0.2595583405631913
17115,0.4842857142857142,0,1,0,394808,210802,34060,73896,1.9526659009225982,0.25955925226028986
17116,0.4842857142857143,1,11,1,394819,210791,34061,73895,1.952564007558635,0.25956668048305853
17117,0.4842857142857144,0,1,0,394820,210790,34061,73895,1.9525547445255473,0.25956759225108456
17118,0.4843257575757576,0,1,0,394821,210789,34061,73895,1.9525454814924599,0.259568504025516
17119,0.4843333333333333,0,11,0,394832,210778,34061,73895,1.9524435881284967,0.2595785339670429
17120,0.4843333333333334,4,32,4,394864,210746,34065,73891,1.9521471710696952,0.2595973116636277
17121,0.4843571428571428,1,0,1,394864,210746,34066,73890,1.9521471710696952,0.25959471043718996
17122,0.4843730158730158,0,1,0,394865,210745,34066,73890,1.9521379080366075,0.2595956224638572
17123,0.4844047619047619,1,3,1,394868,210742,34067,73889,1.9521101189373449,0.2595957573138555
17124,0.4844444444444444,0,4,0,394872,210738,34067,73889,1.9520730668049946,0.259599405537774
17125,0.4844999999999999,0,5,0,394877,210733,34067,73889,1.9520267516395569,0.25960396596187224
17126,0.4845,2,29,2,394906,210704,34069,73887,1.9517581236800179,0.25962521653882237
17127,0.4845079365079365,1,0,1,394906,210704,34070,73886,1.9517581236800179,0.25962261498998557
17128,0.4845238095238094,2,5,2,394911,210699,34072,73884,1.95171180851458,0.25962197320289687
17129,0.4845555555555556,0,1,0,394912,210698,34072,73884,1.9517025454814925,0.25962288549521756
17130,0.4845833333333333,2,1,2,394913,210697,34074,73882,1.951693282448405,0.25961859448518687
17131,0.4846190476190475,0,1,0,394914,210696,34074,73882,1.9516840194153173,0.2596195067784579
17132,0.4846190476190476,0,2,0,394916,210694,34074,73882,1.9516654933491422,0.25962133138423477
17133,0.4846428571428571,0,6,0,394922,210688,34074,73882,1.951609915150617,0.2596268053554486
17134,0.4846428571428572,0,2,0,394924,210686,34074,73882,1.9515913890844419,0.25962863006381603
17135,0.4846666666666666,2,11,2,394935,210675,34076,73880,1.9514894957204787,0.25963346277521043
17136,0.4846666666666667,0,24,0,394959,210651,34076,73880,1.9512671829263775,0.2596553626845581
17137,0.4846808560806238,1,5,1,394964,210646,34077,73879,1.9512208677609397,0.25965732360952465
17138,0.4846904761904761,0,1,0,394965,210645,34077,73879,1.951211604727852,0.2596582362120594
17139,0.4847118420794893,2,7,2,394972,210638,34079,73877,1.9511467634962392,0.2596594204172012
17140,0.4847142857142856,0,1,0,394973,210637,34079,73877,1.9511375004631517,0.2596603330591816
17141,0.4847142857142857,0,1,0,394974,210636,34079,73877,1.951128237430064,0.25966124570757754
17142,0.4847222222222222,0,3,0,394977,210633,34079,73877,1.9511004483308014,0.25966398369125865
17143,0.4847499999999999,0,2,0,394979,210631,34079,73877,1.9510819222646263,0.25966580904579134
17144,0.4847619047619046,0,1,0,394980,210630,34079,73877,1.9510726592315388,0.25966672173268146
17145,0.4847619047619047,1,2,1,394982,210628,34080,73876,1.9510541331653637,0.2596659449427776
17146,0.4847619047619048,1,1,1,394983,210627,34081,73875,1.951044870132276,0.2596642554358142
17147,0.4847857142857141,0,1,0,394984,210626,34081,73875,1.9510356070991886,0.2596651681364916
17148,0.4848095238095238,0,1,0,394985,210625,34081,73875,1.951026344066101,0.2596660808435852
17149,0.4848333333333333,3,17,3,395002,210608,34084,73872,1.9508688725036125,0.259673790776153
17150,0.4848809523809524,0,3,0,395005,210605,34084,73872,1.95084108340435,0.25967652920974277
17151,0.4849523809523809,0,1,0,395006,210604,34084,73872,1.9508318203712625,0.25967744203377435
17152,0.4849999999999999,1,17,1,395023,210587,34085,73871,1.9506743488087739,0.2596903585063524
17153,0.485,214,1228,214,396251,209359,34299,73657,1.9392993441772575,0.2602573706080222
17154,0.4850000000000001,5,21,5,396272,209338,34304,73652,1.9391048204824188,0.2602636135552493
17155,0.4851190476190476,0,3,0,396275,209335,34304,73652,1.939077031383156,0.26026637266022823
17156,0.4851428571428571,0,2,0,396277,209333,34304,73652,1.939058505316981,0.2602682120960475
17157,0.4851666666666666,2,14,2,396291,209319,34306,73650,1.9389288228537553,0.2602758606066389
17158,0.4851666666666667,0,2,0,396293,209317,34306,73650,1.9389102967875802,0.2602777002265282
17159,0.4851666666666668,0,1,0,396294,209316,34306,73650,1.9389010337544925,0.26027862004622465
17160,0.4851904761904761,0,1,0,396295,209315,34306,73650,1.938891770721405,0.26027953987242236
17161,0.485200577200577,0,1,0,396296,209314,34306,73650,1.9388825076883174,0.2602804597051215
17162,0.4852380952380952,1,1,1,396297,209313,34307,73649,1.93887324465523,0.2602787653465836
17163,0.4852499999999999,1,0,1,396297,209313,34308,73648,1.93887324465523,0.2602761511303678
17164,0.4852857142857143,0,4,0,396301,209309,34308,73648,1.9388361925228796,0.26027983050428155
17165,0.4853333333333333,5,22,5,396323,209287,34313,73643,1.9386324057949536,0.26028699678365674
17166,0.4853333333333334,2,11,2,396334,209276,34315,73641,1.9385305124309904,0.26029188772678913
17167,0.4853571428571428,0,1,0,396335,209275,34315,73641,1.938521249397903,0.26029280775919356
17168,0.4853888888888888,1,0,1,396335,209275,34316,73640,1.938521249397903,0.26029019316755914
17169,0.4853888888888889,0,1,0,396336,209274,34316,73640,1.9385119863648153,0.2602911132004779
17170,0.4854126984126984,0,1,0,396337,209273,34316,73640,1.9385027233317278,0.26029203323990063
17171,0.4854166666666666,0,1,0,396338,209272,34316,73640,1.9384934602986401,0.2602929532858274
17172,0.4854166666666667,0,2,0,396340,209270,34316,73640,1.938474934232465,0.26029479339719347
17173,0.4854285714285714,0,2,0,396342,209268,34316,73640,1.93845640816629,0.2602966335345766
17174,0.4854722222222222,0,3,0,396345,209265,34316,73640,1.9384286190670272,0.2602993937894346
17175,0.4854761904761905,0,1,0,396346,209264,34316,73640,1.9384193560339398,0.26030031388739644
17176,0.4854841269841269,0,1,0,396347,209263,34316,73640,1.938410093000852,0.26030123399186295
17177,0.4854862914862915,0,1,0,396348,209262,34316,73640,1.9384008299677646,0.2603021541028342
17178,0.4855,5,24,5,396372,209238,34321,73635,1.9381785171736634,0.26031116437411844
17179,0.4855128205128205,1,0,1,396372,209238,34322,73634,1.9381785171736634,0.2603085494499279
17180,0.4855238095238096,0,1,0,396373,209237,34322,73634,1.9381692541405757,0.2603094696875961
17181,0.485547619047619,0,1,0,396374,209236,34322,73634,1.9381599911074883,0.2603103899317708
17182,0.4855555555555556,0,1,0,396375,209235,34322,73634,1.9381507280744006,0.26031131018245196
17183,0.4855714285714285,0,2,0,396377,209233,34322,73634,1.9381322020082257,0.26031315070333405
17184,0.4855833333333333,0,1,0,396378,209232,34322,73634,1.938122938975138,0.26031407097353515
17185,0.4855909090909091,0,2,0,396380,209230,34322,73634,1.9381044129089628,0.2603159115334578
17186,0.4855952380952381,1,2,1,396382,209228,34323,73633,1.9380858868427877,0.2603151371168171
17187,0.4855952380952382,0,2,0,396384,209226,34323,73633,1.9380673607766128,0.26031697771681295
17188,0.4856111111111111,1,0,1,396384,209226,34324,73632,1.9380673607766128,0.26031436268374947
17189,0.4856428571428571,0,1,0,396385,209225,34324,73632,1.938058097743525,0.26031528298751666
17190,0.4856666666666666,1,23,1,396408,209202,34325,73631,1.9378450479825113,0.26033383657493997
17191,0.4856666666666667,4,15,4,396423,209187,34329,73627,1.9377061024861981,0.2603371827420142
17192,0.4856904761904762,0,1,0,396424,209186,34329,73627,1.9376968394531104,0.2603381032696517
17193,0.4857142857142857,4,13,4,396437,209173,34333,73623,1.9375764200229724,0.2603396087639146
17194,0.4857619047619048,1,3,1,396440,209170,34334,73622,1.9375486309237098,0.26033975501428613
17195,0.4857738095238096,2,0,2,396440,209170,34336,73620,1.9375486309237098,0.26033452385162137
17196,0.4857857142857142,0,3,0,396443,209167,34336,73620,1.937520841824447,0.2603372856602319
17197,0.4857857142857144,0,1,0,396444,209166,34336,73620,1.9375115787913595,0.260338206276124
17198,0.4858333333333333,17,136,17,396580,209030,34353,73603,1.936251806291452,0.2604189885823665
17199,0.4858333333333334,0,1,0,396581,209029,34353,73603,1.9362425432583645,0.2604199099889609
17200,0.4859166666666666,0,1,0,396582,209028,34353,73603,1.9362332802252769,0.2604208314020755
17201,0.4859523809523808,0,1,0,396583,209027,34353,73603,1.9362240171921894,0.2604217528217104
17202,0.4859523809523809,1,7,1,396590,209020,34354,73602,1.9361591759605765,0.2604255861185612
17203,0.485952380952381,0,1,0,396591,209019,34354,73602,1.936149912927489,0.2604265075843621
17204,0.4859621212121212,0,1,0,396592,209018,34354,73602,1.9361406498944014,0.26042742905668387
17205,0.4859761904761904,0,1,0,396593,209017,34354,73602,1.936131386861314,0.26042835053552665
17206,0.4859761904761905,0,1,0,396594,209016,34354,73602,1.9361221238282262,0.2604292720208904
17207,0.4859999999999999,0,11,0,396605,209005,34354,73602,1.9360202304642633,0.2604394087902989
17208,0.486,17,125,17,396730,208880,34371,73585,1.934862351328319,0.26051015170021063
17209,0.4860000000000001,1,2,1,396732,208878,34372,73584,1.9348438252621438,0.2605093782526499
17210,0.4860000000000002,0,3,0,396735,208875,34372,73584,1.9348160361628812,0.26051214512548726
17211,0.486047619047619,0,1,0,396736,208874,34372,73584,1.9348067731297935,0.2605130674294939
17212,0.4860476190476192,0,1,0,396737,208873,34372,73584,1.934797510096706,0.2605139897400312
17213,0.4860595238095239,0,1,0,396738,208872,34372,73584,1.9347882470636184,0.26051491205709915
17214,0.4860714285714285,0,1,0,396739,208871,34372,73584,1.934778984030531,0.2605158343806978
17215,0.4860714285714286,0,1,0,396740,208870,34372,73584,1.9347697209974435,0.26051675671082725
17216,0.4860793650793651,0,1,0,396741,208869,34372,73584,1.9347604579643558,0.26051767904748757
17217,0.4860873015873017,0,1,0,396742,208868,34372,73584,1.9347511949312683,0.2605186013906788
17218,0.4860952380952381,0,1,0,396743,208867,34372,73584,1.9347419318981807,0.260519523740401
17219,0.4861190476190474,0,1,0,396744,208866,34372,73584,1.9347326688650932,0.26052044609665426
17220,0.4861428571428571,0,1,0,396745,208865,34372,73584,1.9347234058320055,0.2605213684594387
17221,0.4861666666666666,1,2,1,396747,208863,34373,73583,1.9347048797658306,0.2605205950872025
17222,0.4861666666666667,1,5,1,396752,208858,34374,73582,1.9346585646003926,0.2605225888684322
17223,0.4861904761904762,1,1,1,396753,208857,34375,73581,1.9346493015673052,0.2605208930809594
17224,0.486202380952381,0,1,0,396754,208856,34375,73581,1.9346400385342177,0.26052181548451514
17225,0.4862142857142856,0,2,0,396756,208854,34375,73581,1.9346215124680426,0.26052366031122204
17226,0.4862301587301587,1,1,1,396757,208853,34376,73580,1.934612249434955,0.2605219645013154
17227,0.48625,1,9,1,396766,208844,34377,73579,1.934528882137167,0.26052764824394614
17228,0.4862857142857143,0,1,0,396767,208843,34377,73579,1.9345196191040794,0.2605285707204113
17229,0.4863095238095238,1,1,1,396768,208842,34378,73578,1.934510356070992,0.26052687486721904
17230,0.4863333333333333,4,19,4,396787,208823,34382,73574,1.9343343584423283,0.2605339291848001
17231,0.4863333333333334,0,1,0,396788,208822,34382,73574,1.9343250954092408,0.26053485176843866
17232,0.4863614718614718,0,2,0,396790,208820,34382,73574,1.9343065693430657,0.2605366969553177
17233,0.4863636363636363,0,1,0,396791,208819,34382,73574,1.9342973063099782,0.2605376195585585
17234,0.4863888888888888,1,0,1,396791,208819,34383,73573,1.9342973063099782,0.2605350009915295
17235,0.4864166666666666,0,2,0,396793,208817,34383,73573,1.934278780243803,0.2605368462056022
17236,0.4864285714285714,0,6,0,396799,208811,34383,73573,1.9342232020452776,0.26054238200464613
17237,0.4864404761904762,1,2,1,396801,208809,34384,73572,1.9342046759791025,0.26054160867763765
17238,0.4864523809523809,0,1,0,396802,208808,34384,73572,1.934195412946015,0.2605425313407465
17239,0.4864563492063491,0,2,0,396804,208806,34384,73572,1.93417688687984,0.26054437668656905
17240,0.4864999999999999,0,1,0,396805,208805,34384,73572,1.9341676238467524,0.2605452993692829
17241,0.4865,2,24,2,396829,208781,34386,73570,1.933945311052651,0.2605622080318469
17242,0.4865238095238095,1,1,1,396830,208780,34387,73569,1.9339360480195635,0.26056051199047986
17243,0.4865238095238097,0,2,0,396832,208778,34387,73569,1.9339175219533884,0.2605623576662759
17244,0.486531746031746,2,0,2,396832,208778,34389,73567,1.9339175219533884,0.26055711983566204
17245,0.486547619047619,0,1,0,396833,208777,34389,73567,1.933908258920301,0.26055804267135124
17246,0.4865476190476191,0,2,0,396835,208775,34389,73567,1.9338897328541258,0.26055988836234073
17247,0.4865714285714286,0,1,0,396836,208774,34389,73567,1.9338804698210381,0.2605608112176411
17248,0.4865952380952381,0,1,0,396837,208773,34389,73567,1.9338712067879507,0.26056173407947864
17249,0.4866666666666666,56,379,56,397216,208394,34445,73511,1.9303605172477676,0.2607651513807843
17250,0.4866666666666667,36,263,36,397479,208131,34481,73475,1.9279243395457408,0.26091418506707953
17251,0.4866666666666668,0,1,0,397480,208130,34481,73475,1.9279150765126534,0.2609151115924788
17252,0.4866904761904762,0,3,0,397483,208127,34481,73475,1.9278872874133905,0.26091789120815906
17253,0.4867142857142857,0,1,0,397484,208126,34481,73475,1.927878024380303,0.26091881775988013
17254,0.4867380952380952,1,3,1,397487,208123,34482,73474,1.9278502352810405,0.2609189728583756
17255,0.4867460317460317,0,2,0,397489,208121,34482,73474,1.9278317092148654,0.26092082600898453
17256,0.4867500000000001,0,1,0,397490,208120,34482,73474,1.9278224461817777,0.2609217525941604
17257,0.4867573260073259,0,4,0,397494,208116,34482,73474,1.9277853940494276,0.26092545900067476
17258,0.4867619047619048,1,1,1,397495,208115,34483,73473,1.92777613101634,0.26092376095572256
17259,0.4867857142857143,0,1,0,397496,208114,34483,73473,1.9277668679832525,0.26092468757435533
17260,0.4868095238095238,0,1,0,397497,208113,34483,73473,1.9277576049501648,0.26092561419956956
17261,0.4868214285714285,1,0,1,397497,208113,34484,73472,1.9277576049501648,0.26092298950583304
17262,0.4868333333333333,0,2,0,397499,208111,34484,73472,1.9277390788839899,0.2609248427639453
17263,0.4868333333333334,1,12,1,397511,208099,34485,73471,1.927627922486939,0.2609333380686863
17264,0.4868412698412698,0,1,0,397512,208098,34485,73471,1.9276186594538516,0.26093426478056886
17265,0.4868571428571428,1,2,1,397514,208096,34486,73470,1.9276001333876764,0.26093349339053723
17266,0.4868809523809523,1,2,1,397516,208094,34487,73469,1.9275816073215013,0.26093272198406753
17267,0.4868939393939394,0,1,0,397517,208093,34487,73469,1.9275723442884138,0.26093364871680125
17268,0.4869047619047619,0,2,0,397519,208091,34487,73469,1.9275538182222387,0.26093550220201733
17269,0.4869166666666667,0,1,0,397520,208090,34487,73469,1.9275445551891512,0.26093642895449976
17270,0.4869444444444444,1,0,1,397520,208090,34488,73468,1.9275445551891512,0.2609338040474787
17271,0.4869999999999999,1,7,1,397527,208083,34489,73467,1.9274797139575384,0.2609376664890783
17272,0.487,6,46,6,397573,208037,34495,73461,1.9270536144355108,0.26096455392223034
17273,0.4870000000000001,0,1,0,397574,208036,34495,73461,1.9270443514024231,0.2609654809820353
17274,0.4870238095238094,1,7,1,397581,208029,34496,73460,1.9269795101708103,0.26096934516091214
17275,0.487047619047619,0,1,0,397582,208028,34496,73460,1.9269702471377228,0.26097027226737907
17276,0.4870833333333333,0,2,0,397584,208026,34496,73460,1.9269517210715477,0.2609721265000746
17277,0.4870952380952381,1,1,1,397585,208025,34497,73459,1.9269424580384602,0.260970428159327
17278,0.4871031746031746,0,1,0,397586,208024,34497,73459,1.9269331950053725,0.26097135528610965
17279,0.4871111111111111,0,1,0,397587,208023,34497,73459,1.926923931972285,0.26097228241947973
17280,0.4871190476190476,0,1,0,397588,208022,34497,73459,1.9269146689391974,0.2609732095594374
17281,0.4871212121212121,1,0,1,397588,208022,34498,73458,1.9269146689391974,0.26097058405570556
17282,0.4871428571428571,3,15,3,397603,208007,34501,73455,1.9267757234428842,0.2609766149604565
17283,0.4871666666666666,1,2,1,397605,208005,34502,73454,1.926757197376709,0.26097584372857147
17284,0.4871666666666667,0,15,0,397620,207990,34502,73454,1.9266182518803958,0.26098975284603687
17285,0.4871904761904762,0,4,0,397624,207986,34502,73454,1.9265811997480455,0.26099346219442865
17286,0.4872222222222222,0,3,0,397627,207983,34502,73454,1.926553410648783,0.26099624427491763
17287,0.4872307692307692,0,1,0,397628,207982,34502,73454,1.9265441476156953,0.2609971716482611
17288,0.4872499999999999,0,4,0,397632,207978,34502,73454,1.926507095483345,0.2610008812075386
17289,0.48725,0,1,0,397633,207977,34502,73454,1.9264978324502575,0.2610018086138343
17290,0.4872619047619047,0,1,0,397634,207976,34502,73454,1.92648856941717,0.2610027360267207
17291,0.4872857142857141,0,1,0,397635,207975,34502,73454,1.9264793063840824,0.2610036634461978
17292,0.4872857142857142,0,2,0,397637,207973,34502,73454,1.9264607803179072,0.2610055183049245
17293,0.4872857142857144,0,2,0,397639,207971,34502,73454,1.926442254251732,0.2610073731900151
17294,0.4873095238095238,2,1,2,397640,207970,34504,73452,1.9264329912186446,0.26100304880215475
17295,0.4873333333333333,5,37,5,397677,207933,34509,73447,1.9260902589944051,0.26102423768569194
17296,0.4873571428571428,0,1,0,397678,207932,34509,73447,1.9260809959613177,0.26102516534638337
17297,0.4873809523809524,0,2,0,397680,207930,34509,73447,1.9260624698951425,0.2610270206875473
17298,0.4873888888888888,1,1,1,397681,207929,34510,73446,1.9260532068620548,0.26102532207907597
17299,0.4874126984126984,0,6,0,397687,207923,34510,73446,1.9259976286635296,0.26103088826416554
17300,0.4874166666666666,0,1,0,397688,207922,34510,73446,1.925988365630442,0.26103181598476016
17301,0.4874444444444444,0,1,0,397689,207921,34510,73446,1.9259791025973545,0.2610327437119492
17302,0.4874603174603175,0,1,0,397690,207920,34510,73446,1.9259698395642668,0.2610336714457326
17303,0.4874722222222222,0,1,0,397691,207919,34510,73446,1.9259605765311794,0.26103459918611055
17304,0.4874761904761904,0,2,0,397693,207917,34510,73446,1.9259420504650042,0.2610364546866503
17305,0.4874999999999999,4,8,4,397701,207909,34514,73442,1.9258679462003039,0.26103337112716857
17306,0.4875,39,340,39,398041,207569,34553,73403,1.9227185149505355,0.2612466722662756
17307,0.4875039682539681,0,1,0,398042,207568,34553,73403,1.9227092519174478,0.2612476020656936
17308,0.4875238095238095,0,1,0,398043,207567,34553,73403,1.9226999888843603,0.2612485318717301
17309,0.487547619047619,0,1,0,398044,207566,34553,73403,1.9226907258512727,0.2612494616843851
17310,0.4875555555555554,0,2,0,398046,207564,34553,73403,1.9226721997850977,0.26125132132955114
17311,0.4875595238095238,0,1,0,398047,207563,34553,73403,1.92266293675201,0.2612522511620623
17312,0.4875714285714285,1,2,1,398049,207561,34554,73402,1.922644410685835,0.2612514815118005
17313,0.4875833333333332,0,1,0,398050,207560,34554,73402,1.9226351476527475,0.2612524113581196
17314,0.4876190476190476,0,3,0,398053,207557,34554,73402,1.9226073585534849,0.2612552009367915
17315,0.4876190476190477,0,1,0,398054,207556,34554,73402,1.9225980955203972,0.2612561308095872
17316,0.4876428571428571,0,2,0,398056,207554,34554,73402,1.922579569454222,0.2612579905750367
17317,0.4876666666666666,5,20,5,398076,207534,34559,73397,1.922394308792471,0.26126344191278283
17318,0.4876666666666667,2,6,2,398082,207528,34561,73395,1.9223387305939457,0.26126376266806206
17319,0.4876904761904762,0,2,0,398084,207526,34561,73395,1.9223202045277705,0.2612656227195546
17320,0.4877301587301589,1,5,1,398089,207521,34562,73394,1.9222738893623328,0.2612676432372782
17321,0.4877380952380952,1,5,1,398094,207516,34563,73393,1.922227574196895,0.26126966384131517
17322,0.4877500000000001,0,1,0,398095,207515,34563,73393,1.9222183111638074,0.26127059393110913
17323,0.4877738095238096,0,1,0,398096,207514,34563,73393,1.92220904813072,0.2612715240275251
17324,0.4877777777777778,0,3,0,398099,207511,34563,73393,1.9221812590314573,0.2612743143565061
17325,0.4877857142857143,0,3,0,398102,207508,34563,73393,1.9221534699321945,0.26127710474508814
17326,0.4878095238095238,0,3,0,398105,207505,34563,73393,1.922125680832932,0.261279895193273
17327,0.4878333333333333,1,3,1,398108,207502,34564,73392,1.9220978917336693,0.26128005582176905
17328,0.4878333333333334,0,7,0,398115,207495,34564,73392,1.9220330505020564,0.261286567196061
17329,0.4878452380952381,0,1,0,398116,207494,34564,73392,1.9220237874689687,0.2612874974188817
17330,0.4878571428571428,2,9,2,398125,207485,34566,73390,1.921940420171181,0.26129060970182466
17331,0.4879047619047618,0,1,0,398126,207484,34566,73390,1.9219311571380933,0.2612915399787805
17332,0.4879166666666666,0,2,0,398128,207482,34566,73390,1.9219126310719181,0.2612934005525649
17333,0.4879166666666667,0,4,0,398132,207478,34566,73390,1.921875578939568,0.261297121779626
17334,0.4879642857142856,0,1,0,398133,207477,34566,73390,1.9218663159064804,0.26129805210295265
17335,0.4879761904761905,0,2,0,398135,207475,34566,73390,1.9218477898403052,0.26129991276948
17336,0.4879999999999999,0,2,0,398137,207473,34566,73390,1.92182926377413,0.26130177346250666
17337,0.488,17,88,17,398225,207385,34583,73373,1.9210141168624255,0.2613389467085533
17338,0.4880476190476192,1,0,1,398225,207385,34584,73372,1.9210141168624255,0.2613363157463572
17339,0.4880555555555556,0,1,0,398226,207384,34584,73372,1.9210048538293378,0.261337246577099
17340,0.488079365079365,0,1,0,398227,207383,34584,73372,1.9209955907962504,0.2613381774144717
17341,0.4880833333333333,0,5,0,398232,207378,34584,73372,1.9209492756308126,0.2613428317008014
17342,0.4880952380952381,0,3,0,398235,207375,34584,73372,1.9209214865315498,0.26134562435217473
17343,0.4881428571428571,1,4,1,398239,207371,34585,73371,1.9208844343991998,0.2613467169144624
17344,0.4881666666666666,1,13,1,398252,207358,34586,73370,1.9207640149690615,0.26135618819640366
17345,0.4881666666666667,2,4,2,398256,207354,34588,73368,1.9207269628367112,0.26135464979588346
17346,0.4881904761904762,0,2,0,398258,207352,34588,73368,1.920708436770536,0.26135651182673125
17347,0.4882142857142857,0,6,0,398264,207346,34588,73368,1.9206528585720108,0.2613620980784713
17348,0.4882222222222222,0,1,0,398265,207345,34588,73368,1.9206435955389232,0.26136302914364495
17349,0.48825,0,1,0,398266,207344,34588,73368,1.9206343325058357,0.26136396021545216
17350,0.4882619047619047,0,1,0,398267,207343,34588,73368,1.9206250694727482,0.261364891293893
17351,0.4882777777777777,0,1,0,398268,207342,34588,73368,1.9206158064396606,0.2613658223789676
17352,0.4882857142857142,0,1,0,398269,207341,34588,73368,1.920606543406573,0.26136675347067606
17353,0.4883333333333333,61,394,61,398663,206947,34649,73307,1.9169569083700766,0.26157342981723725
17354,0.4883333333333334,0,2,0,398665,206945,34649,73307,1.9169383823039017,0.2615752965188473
17355,0.4883809523809523,0,1,0,398666,206944,34649,73307,1.916929119270814,0.26157622987964363
17356,0.4884166666666666,0,2,0,398668,206942,34649,73307,1.9169105932046389,0.261578096621219
17357,0.4884285714285715,0,2,0,398670,206940,34649,73307,1.9168920671384637,0.2615799633894386
17358,0.4884523809523808,0,2,0,398672,206938,34649,73307,1.9168735410722888,0.26158183018430303
17359,0.4884523809523809,0,4,0,398676,206934,34649,73307,1.9168364889399385,0.26158556385396853
17360,0.4884999999999999,0,3,0,398679,206931,34649,73307,1.916808699840676,0.26158836417616455
17361,0.4885,11,19,11,398698,206912,34660,73296,1.9166327022120122,0.26157711414377893
17362,0.4885000000000001,0,2,0,398700,206910,34660,73296,1.9166141761458373,0.2615789811781332
17363,0.4885357142857143,0,1,0,398701,206909,34660,73296,1.9166049131127496,0.26157991470530506
17364,0.4885515873015873,1,3,1,398704,206906,34661,73295,1.916577124013487,0.26158008001398997
17365,0.4885714285714285,0,2,0,398706,206904,34661,73295,1.9165585979473119,0.26158194711615673
17366,0.4885714285714286,3,5,3,398711,206899,34664,73292,1.9165122827818741,0.2615787088093479
17367,0.4885833333333332,0,2,0,398713,206897,34664,73292,1.916493756715699,0.2615805759683642
17368,0.488611111111111,1,0,1,398713,206897,34665,73291,1.916493756715699,0.2615779405256471
17369,0.4886190476190476,0,1,0,398714,206896,34665,73291,1.9164844936826115,0.26157887410907715
17370,0.4886417748917749,0,1,0,398715,206895,34665,73291,1.9164752306495239,0.2615798076991713
17371,0.4886428571428571,0,2,0,398717,206893,34665,73291,1.9164567045833487,0.26158167489935186
17372,0.4886666666666666,1,6,1,398723,206887,34666,73290,1.9164011263848235,0.26158464113756663
17373,0.4886666666666667,7,21,7,398744,206866,34673,73283,1.9162066026899849,0.26158579898553985
17374,0.4886666666666668,1,0,1,398744,206866,34674,73282,1.9162066026899849,0.26158316318517355
17375,0.4886746031746032,1,1,1,398745,206865,34675,73281,1.9161973396568972,0.261581461095286
17376,0.4886904761904762,1,0,1,398745,206865,34676,73280,1.9161973396568972,0.2615788252512092
17377,0.488702380952381,0,1,0,398746,206864,34676,73280,1.9161880766238097,0.2615797589810954
17378,0.4887142857142856,0,2,0,398748,206862,34676,73280,1.9161695505576346,0.2615816264608663
17379,0.48875,2,6,2,398754,206856,34678,73278,1.9161139723591092,0.2615819572061942
17380,0.4888095238095238,1,1,1,398755,206855,34679,73277,1.9161047093260217,0.2615802550226322
17381,0.4888333333333333,1,4,1,398759,206851,34680,73276,1.9160676571936714,0.2615813541715008
17382,0.4888333333333334,0,2,0,398761,206849,34680,73276,1.9160491311274963,0.26158322177599286
17383,0.4888492063492065,1,1,1,398762,206848,34681,73275,1.9160398680944088,0.2615815195467705
17384,0.4888690476190476,0,1,0,398763,206847,34681,73275,1.9160306050613212,0.2615824533596076
17385,0.4888888888888889,0,3,0,398766,206844,34681,73275,1.9160028159620586,0.2615852548381224
17386,0.4889047619047618,1,0,1,398766,206844,34682,73274,1.9160028159620586,0.2615826187535253
17387,0.4889285714285714,0,2,0,398768,206842,34682,73274,1.9159842898958834,0.2615844864270517
17388,0.4889444444444444,0,1,0,398769,206841,34682,73274,1.915975026862796,0.2615854202738161
17389,0.4889999999999999,0,2,0,398771,206839,34682,73274,1.9159565007966208,0.261587287987348
17390,0.489,16,66,16,398837,206773,34698,73258,1.9153451406128423,0.26160675068117456
17391,0.4890238095238094,1,2,1,398839,206771,34699,73257,1.9153266145466672,0.26160598225891696
17392,0.4890238095238095,0,1,0,398840,206770,34699,73257,1.9153173515135795,0.2616069164759113
17393,0.4890476190476189,1,2,1,398842,206768,34700,73256,1.9152988254474046,0.2616061480444533
17394,0.489047619047619,0,1,0,398843,206767,34700,73256,1.915289562414317,0.26160708227538454
17395,0.4890476190476191,1,0,1,398843,206767,34701,73255,1.915289562414317,0.26160444536500704
17396,0.4890833333333333,0,2,0,398845,206765,34701,73255,1.9152710363481418,0.2616063138347261
17397,0.4890909090909091,1,0,1,398845,206765,34702,73254,1.9152710363481418,0.2616036768933537
17398,0.4891111111111111,0,2,0,398847,206763,34702,73254,1.9152525102819666,0.26160554537760206
17399,0.4891190476190477,0,1,0,398848,206762,34702,73254,1.9152432472488792,0.26160647962973543
17400,0.4891312576312577,0,1,0,398849,206761,34702,73254,1.9152339842157917,0.2616074138885417
17401,0.4891428571428571,0,1,0,398850,206760,34702,73254,1.915224721182704,0.2616083481540209
17402,0.4891525974025974,0,1,0,398851,206759,34702,73254,1.9152154581496166,0.2616092824261731
17403,0.4891666666666666,8,77,8,398928,206682,34710,73246,1.914502204601875,0.26166014117916037
17404,0.4891666666666667,5,61,5,398989,206621,34715,73241,1.913937159583534,0.2617039826771766
17405,0.4891666666666668,0,1,0,398990,206620,34715,73241,1.9139278965504465,0.26170491779847854
17406,0.489202380952381,1,2,1,398992,206618,34716,73240,1.9139093704842713,0.26170414996176633
17407,0.4892261904761905,0,1,0,398993,206617,34716,73240,1.9139001074511839,0.2617050850970317
17408,0.4892380952380953,0,1,0,398994,206616,34716,73240,1.9138908444180962,0.26170602023898004
17409,0.4892499999999999,0,2,0,398996,206614,34716,73240,1.913872318351921,0.261707890542926
17410,0.4892533577533578,0,2,0,398998,206612,34716,73240,1.9138537922857461,0.26170976087360465
17411,0.4892777777777778,0,2,0,399000,206610,34716,73240,1.913835266219571,0.2617116312310166
17412,0.4892857142857142,0,1,0,399001,206609,34716,73240,1.9138260031864833,0.26171256641974777
17413,0.4892857142857143,1,4,1,399005,206605,34717,73239,1.9137889510541333,0.26171366904418175
17414,0.4893095238095238,0,1,0,399006,206604,34717,73239,1.9137796880210456,0.2617146042602459
17415,0.4893333333333333,6,14,6,399020,206590,34723,73233,1.9136500055578198,0.2617118678593254
17416,0.4893333333333334,1,29,1,399049,206561,34724,73232,1.9133813775982809,0.26173635509108517
17417,0.4893928571428572,0,1,0,399050,206560,34724,73232,1.9133721145651932,0.26173729055870076
17418,0.4894047619047618,0,2,0,399052,206558,34724,73232,1.913353588499018,0.2617391615139926
17419,0.4894166666666666,0,2,0,399054,206556,34724,73232,1.913335062432843,0.2617410324960327
17420,0.4894166666666668,0,2,0,399056,206554,34724,73232,1.913316536366668,0.26174290350482154
17421,0.4894285714285714,0,2,0,399058,206552,34724,73232,1.9132980103004928,0.2617447745403597
17422,0.4894444444444444,0,2,0,399060,206550,34724,73232,1.9132794842343177,0.26174664560264777
17423,0.4894761904761904,1,1,1,399061,206549,34725,73231,1.91327022120123,0.2617449424547859
17424,0.4894761904761905,0,1,0,399062,206548,34725,73231,1.9132609581681426,0.26174587799656157
17425,0.4894999999999999,0,4,0,399066,206544,34725,73231,1.9132239060357923,0.2617496202305424
17426,0.4895,0,15,0,399081,206529,34725,73231,1.913084960539479,0.26176365456105233
17427,0.4895000000000001,1,0,1,399081,206529,34726,73230,1.913084960539479,0.2617610157313974
17428,0.4895238095238094,1,2,1,399083,206527,34727,73229,1.913066434473304,0.2617602482163028
17429,0.4895454545454546,1,0,1,399083,206527,34728,73228,1.913066434473304,0.2617576093367411
17430,0.4895833333333332,0,1,0,399084,206526,34728,73228,1.9130571714402165,0.26175854500739937
17431,0.4895833333333333,1,4,1,399088,206522,34729,73227,1.9130201193078662,0.2617596488280566
17432,0.4896111111111111,0,1,0,399089,206521,34729,73227,1.9130108562747785,0.2617605845260735
17433,0.4896190476190477,0,2,0,399091,206519,34729,73227,1.9129923302086036,0.2617624559421761
17434,0.4896428571428571,0,3,0,399094,206516,34729,73227,1.9129645411093408,0.2617652631165034
17435,0.4896666666666666,1,11,1,399105,206505,34730,73226,1.9128626477453778,0.2617729175529348
17436,0.4896666666666667,2,20,2,399125,206485,34732,73224,1.9126773870836267,0.2617863565348273
17437,0.4896785714285714,0,2,0,399127,206483,34732,73224,1.9126588610174515,0.26178822839614313
17438,0.4896944444444445,0,2,0,399129,206481,34732,73224,1.9126403349512764,0.261790100284228
17439,0.4897222222222222,0,1,0,399130,206480,34732,73224,1.912631071918189,0.26179103623830907
17440,0.48975,0,1,0,399131,206479,34732,73224,1.9126218088851012,0.2617919721990826
17441,0.4897619047619047,2,2,2,399133,206477,34734,73222,1.9126032828189263,0.26178856556512536
17442,0.4898333333333333,0,15,0,399148,206462,34734,73222,1.912464337322613,0.261802605797972
17443,0.4898333333333334,0,1,0,399149,206461,34734,73222,1.9124550742895254,0.26180354186704236
17444,0.4898571428571427,0,1,0,399150,206460,34734,73222,1.9124458112564378,0.2618044779428065
17445,0.4898809523809523,0,1,0,399151,206459,34734,73222,1.9124365482233503,0.26180541402526447
17446,0.4898809523809524,0,1,0,399152,206458,34734,73222,1.9124272851902626,0.2618063501144165
17447,0.4898888888888889,0,1,0,399153,206457,34734,73222,1.9124180221571752,0.2618072862102625
17448,0.4899047619047618,1,0,1,399153,206457,34735,73221,1.9124180221571752,0.26180464677235965
17449,0.4899166666666666,1,0,1,399153,206457,34736,73220,1.9124180221571752,0.2618020073155819
17450,0.4899285714285715,0,1,0,399154,206456,34736,73220,1.9124087591240877,0.2618029434059412
17451,0.489952380952381,0,3,0,399157,206453,34736,73220,1.9123809700248249,0.261805751717184
17452,0.4899999999999999,5,27,5,399184,206426,34741,73215,1.912130868131461,0.26181783071867143
17453,0.49,470,3039,470,402223,203387,35211,72745,1.8839805105783838,0.26344284617501773
17454,0.490030303030303,0,1,0,402224,203386,35211,72745,1.8839712475452963,0.26344380022525543
17455,0.490047619047619,0,1,0,402225,203385,35211,72745,1.8839619845122086,0.2634447542824032
17456,0.4901071428571428,0,1,0,402226,203384,35211,72745,1.8839527214791212,0.26344570834646125
17457,0.4901111111111111,0,1,0,402227,203383,35211,72745,1.8839434584460335,0.2634466624174296
17458,0.4901190476190477,0,3,0,402230,203380,35211,72745,1.883915669346771,0.2634495246717972
17459,0.4901309523809524,0,1,0,402231,203379,35211,72745,1.8839064063136834,0.2634504787704075
17460,0.4901468253968253,0,2,0,402233,203377,35211,72745,1.8838878802475083,0.2634523869883602
17461,0.4901666666666666,3,10,3,402243,203367,35214,72742,1.8837952499166326,0.2634539258046641
17462,0.4901666666666667,0,6,0,402249,203361,35214,72742,1.8837396717181074,0.2634596509273713
17463,0.4901904761904762,0,1,0,402250,203360,35214,72742,1.8837304086850197,0.26346060513868064
17464,0.4901904761904763,1,4,1,402254,203356,35215,72741,1.8836933565526697,0.26346175438342323
17465,0.4902380952380952,0,1,0,402255,203355,35215,72741,1.883684093519582,0.2634627086230876
17466,0.4902619047619048,0,1,0,402256,203354,35215,72741,1.8836748304864945,0.26346366286966444
17467,0.4902777777777777,0,1,0,402257,203353,35215,72741,1.8836655674534069,0.2634646171231537
17468,0.4902857142857142,0,1,0,402258,203352,35215,72741,1.8836563044203194,0.26346557138355553
17469,0.4903333333333332,1,1,1,402259,203351,35216,72740,1.883647041387232,0.2634638579308996
17470,0.4903333333333333,5,11,5,402270,203340,35221,72735,1.8835451480232688,0.26346101602825317
17471,0.4903333333333334,1,8,1,402278,203332,35222,72734,1.8834710437585682,0.26346598277223565
17472,0.4903571428571428,0,3,0,402281,203329,35222,72734,1.8834432546593056,0.26346884587938263
17473,0.490357142857143,1,1,1,402282,203328,35223,72733,1.8834339916262182,0.26346713226424595
17474,0.4904166666666666,0,3,0,402285,203325,35223,72733,1.8834062025269553,0.2634699954357418
17475,0.4904166666666667,1,2,1,402287,203323,35224,72732,1.8833876764607804,0.26346923620293056
17476,0.4904285714285714,0,1,0,402288,203322,35224,72732,1.8833784134276927,0.2634701906148797
17477,0.490452380952381,0,1,0,402289,203321,35224,72732,1.8833691503946053,0.2634711450337435
17478,0.4904761904761904,1,0,1,402289,203321,35225,72731,1.8833691503946053,0.2634684769536174
17479,0.4904761904761905,0,3,0,402292,203318,35225,72731,1.8833413612953425,0.26347134023307456
17480,0.4904999999999999,0,1,0,402293,203317,35225,72731,1.883332098262255,0.2634722946733901
17481,0.4905,3,13,3,402306,203304,35228,72728,1.8832116788321167,0.26347669835381404
17482,0.4905555555555555,0,1,0,402307,203303,35228,72728,1.8832024157990293,0.26347765287232233
17483,0.4905555555555556,1,2,1,402309,203301,35229,72727,1.883183889732854,0.26347689364847043
17484,0.4905714285714285,0,3,0,402312,203298,35229,72727,1.8831561006335915,0.26347975726836337
17485,0.4906190476190477,0,1,0,402313,203297,35229,72727,1.8831468376005038,0.2634807118221604
17486,0.4906428571428571,0,2,0,402315,203295,35229,72727,1.8831283115343287,0.26348262095050395
17487,0.4906666666666666,3,36,3,402351,203259,35232,72724,1.8827948423431768,0.26350898424902985
17488,0.4906666666666667,0,11,0,402362,203248,35232,72724,1.8826929489792137,0.26351948748423754
17489,0.4907142857142857,3,7,3,402369,203241,35235,72721,1.8826281077476008,0.2635181655445315
17490,0.4907222222222222,0,2,0,402371,203239,35235,72721,1.8826095816814257,0.2635200753732425
17491,0.49075,0,1,0,402372,203238,35235,72721,1.8826003186483382,0.2635210302979791
17492,0.4907683982683983,0,1,0,402373,203237,35235,72721,1.8825910556152508,0.2635219852296364
17493,0.4907857142857142,0,1,0,402374,203236,35235,72721,1.882581792582163,0.2635229401682146
17494,0.4908333333333333,16,121,16,402495,203115,35251,72705,1.881460965578569,0.26359582336306286
17495,0.4908333333333334,0,1,0,402496,203114,35251,72705,1.8814517025454816,0.26359677904712875
17496,0.4908531746031746,0,4,0,402500,203110,35251,72705,1.8814146504131313,0.26360060185269113
17497,0.4908571428571428,0,1,0,402501,203109,35251,72705,1.8814053873800438,0.2636015575714068
17498,0.4908571428571429,0,1,0,402502,203108,35251,72705,1.8813961243469561,0.2636025132970527
17499,0.490952380952381,0,7,0,402509,203101,35251,72705,1.8813312831153433,0.2636092035706257
17500,0.4909761904761904,0,1,0,402510,203100,35251,72705,1.8813220200822558,0.2636101593517159
17501,0.4909999999999999,0,3,0,402513,203097,35251,72705,1.881294230982993,0.2636130267365719
17502,0.491,6,62,6,402575,203035,35257,72699,1.8807199229315648,0.26365627742679537
17503,0.4910000000000001,0,3,0,402578,203032,35257,72699,1.8806921338323022,0.2636591460517678
17504,0.4910238095238095,0,1,0,402579,203031,35257,72699,1.8806828707992145,0.26366010227396364
17505,0.4910515873015873,1,0,1,402579,203031,35258,72698,1.8806828707992145,0.26365743175364215
17506,0.4910714285714285,1,1,1,402580,203030,35259,72697,1.880673607766127,0.263655717430647
17507,0.4910714285714286,1,1,1,402581,203029,35260,72696,1.8806643447330393,0.26365400308278175
17508,0.4911111111111111,0,2,0,402583,203027,35260,72696,1.8806458186668642,0.2636559155384208
17509,0.4911428571428571,1,1,1,402584,203026,35261,72695,1.8806365556337767,0.26365420116712185
17510,0.4911666666666666,0,2,0,402586,203024,35261,72695,1.8806180295676016,0.26365611365194275
17511,0.4911666666666667,1,10,1,402596,203014,35262,72694,1.8805253992367261,0.26366300578873303
17512,0.4911666666666668,0,1,0,402597,203013,35262,72694,1.8805161362036384,0.2636639621046981
17513,0.4911904761904762,0,1,0,402598,203012,35262,72694,1.880506873170551,0.2636649184276004
17514,0.4912142857142857,0,2,0,402600,203010,35262,72694,1.8804883471043758,0.263666831094217
17515,0.4912380952380952,0,1,0,402601,203009,35262,72694,1.8804790840712884,0.2636677874379314
17516,0.4912499999999999,1,0,1,402601,203009,35263,72693,1.8804790840712884,0.26366511668395587
17517,0.49125,0,8,0,402609,203001,35263,72693,1.8804049798065878,0.2636727676336808
17518,0.4912500000000001,0,1,0,402610,203000,35263,72693,1.8803957167735004,0.2636737240336171
17519,0.4912604617604617,1,0,1,402610,203000,35264,72692,1.8803957167735004,0.26367105320430045
17520,0.4912608225108226,0,1,0,402611,202999,35264,72692,1.8803864537404127,0.2636720096049563
17521,0.4912619047619047,0,1,0,402612,202998,35264,72692,1.8803771907073252,0.2636729660125503
17522,0.4913095238095237,0,1,0,402613,202997,35264,72692,1.8803679276742375,0.2636739224270827
17523,0.4913095238095238,1,0,1,402613,202997,35265,72691,1.8803679276742375,0.2636712515597342
17524,0.4913333333333332,1,4,1,402617,202993,35266,72690,1.8803308755418875,0.26367240635077244
17525,0.4913333333333333,0,27,0,402644,202966,35266,72690,1.8800807736485234,0.26369823257973707
17526,0.4913333333333334,1,4,1,402648,202962,35267,72689,1.8800437215161732,0.2636993879942391
17527,0.4913571428571429,0,1,0,402649,202961,35267,72689,1.8800344584830857,0.26370034463994196
17528,0.491366883116883,0,3,0,402652,202958,35267,72689,1.880006669383823,0.2637032146186971
17529,0.4913809523809523,0,2,0,402654,202956,35267,72689,1.879988143317648,0.2637051279725734
17530,0.4913809523809524,0,1,0,402655,202955,35267,72689,1.8799788802845603,0.2637060846599237
17531,0.4913888888888889,0,3,0,402658,202952,35267,72689,1.8799510911852977,0.2637089547636237
17532,0.4914166666666666,0,1,0,402659,202951,35267,72689,1.8799418281522102,0.2637099114787404
17533,0.4914285714285714,1,7,1,402666,202944,35268,72688,1.8798769869205973,0.26371393742381144
17534,0.4914999999999999,1,0,1,402666,202944,35269,72687,1.8798769869205973,0.2637112661493083
17535,0.4915,6,32,6,402698,202912,35275,72681,1.8795805698617956,0.26372585660738845
17536,0.4915039682539684,0,1,0,402699,202911,35275,72681,1.879571306828708,0.2637268135504659
17537,0.4915079365079364,0,1,0,402700,202910,35275,72681,1.8795620437956204,0.26372777050048807
17538,0.4915238095238096,0,1,0,402701,202909,35275,72681,1.879552780762533,0.2637287274574549
17539,0.491547619047619,0,1,0,402702,202908,35275,72681,1.8795435177294453,0.2637296844213666
17540,0.4915476190476191,0,1,0,402703,202907,35275,72681,1.8795342546963578,0.2637306413922232
17541,0.4916190476190476,0,1,0,402704,202906,35275,72681,1.8795249916632701,0.2637315983700247
17542,0.4916309523809524,0,1,0,402705,202905,35275,72681,1.8795157286301827,0.2637325553547713
17543,0.4916450216450216,0,1,0,402706,202904,35275,72681,1.8795064655970952,0.263733512346463
17544,0.4916507936507935,0,1,0,402707,202903,35275,72681,1.8794972025640075,0.26373446934509986
17545,0.4916666666666666,45,213,45,402920,202690,35320,72636,1.8775241765163586,0.2638181646484531
17546,0.4916666666666667,19,143,19,403063,202547,35339,72617,1.8761995627848382,0.2639044351732058
17547,0.4916904761904762,0,1,0,403064,202546,35339,72617,1.8761902997517508,0.2639053942572221
17548,0.4917142857142857,0,1,0,403065,202545,35339,72617,1.876181036718663,0.26390635334820944
17549,0.4917142857142858,0,4,0,403069,202541,35339,72617,1.876143984586313,0.26391018978187075
17550,0.4917380952380952,0,1,0,403070,202540,35339,72617,1.8761347215532254,0.2639111489077145
17551,0.4917496392496391,0,1,0,403071,202539,35339,72617,1.876125458520138,0.2639121080405297
17552,0.4917738095238096,0,3,0,403074,202536,35339,72617,1.876097669420875,0.2639149854808052
17553,0.4917857142857142,0,1,0,403075,202535,35339,72617,1.8760884063877876,0.26391594464150725
17554,0.4917857142857143,0,2,0,403077,202533,35339,72617,1.8760698803216125,0.263917862983827
17555,0.491827922077922,0,1,0,403078,202532,35339,72617,1.876060617288525,0.2639188221654449
17556,0.4918333333333333,2,10,2,403088,202522,35341,72615,1.8759679869576493,0.26392306378277003
17557,0.4918571428571428,0,2,0,403090,202520,35341,72615,1.8759494608914744,0.26392498228142547
17558,0.4918809523809523,0,3,0,403093,202517,35341,72615,1.8759216717922116,0.2639278600817062
17559,0.4919047619047618,1,1,1,403094,202516,35342,72614,1.8759124087591241,0.26392614400465236
17560,0.4919047619047619,0,4,0,403098,202512,35342,72614,1.8758753566267738,0.2639299811722629
17561,0.4919484126984126,0,2,0,403100,202510,35342,72614,1.8758568305605987,0.2639318997979093
17562,0.491952380952381,2,1,2,403101,202509,35344,72612,1.8758475675275113,0.26392750826000194
17563,0.4919761904761904,1,0,1,403101,202509,35345,72611,1.8758475675275113,0.2639248328002326
17564,0.4919999999999999,0,13,0,403114,202496,35345,72611,1.875727148097373,0.2639373043942902
17565,0.492,9,69,9,403183,202427,35354,72602,1.8750879988143319,0.26397943489595643
17566,0.4920000000000001,0,1,0,403184,202426,35354,72602,1.8750787357812442,0.26398039472344637
17567,0.4920238095238095,0,1,0,403185,202425,35354,72602,1.8750694727481567,0.26398135455791616
17568,0.4920238095238096,0,1,0,403186,202424,35354,72602,1.875060209715069,0.26398231439936587
17569,0.492047619047619,0,1,0,403187,202423,35354,72602,1.8750509466819816,0.26398327424779566
17570,0.4920833333333332,0,2,0,403189,202421,35354,72602,1.8750324206158064,0.2639851939655956
17571,0.4920833333333334,1,1,1,403190,202420,35355,72601,1.875023157582719,0.26398347762534496
17572,0.4920952380952381,0,1,0,403191,202419,35355,72601,1.8750138945496313,0.26398443749545486
17573,0.4921428571428571,2,8,2,403199,202411,35357,72599,1.874939790284931,0.26398676411766847
17574,0.492156862745098,0,1,0,403200,202410,35357,72599,1.8749305272518433,0.2639877240381224
17575,0.4921666666666666,0,1,0,403201,202409,35357,72599,1.8749212642187558,0.26398868396555736
17576,0.4921666666666667,2,12,2,403213,202397,35359,72597,1.8748101078217052,0.2639948507967447
17577,0.4921962759462759,0,1,0,403214,202396,35359,72597,1.8748008447886175,0.26399581080245677
17578,0.4922142857142856,0,1,0,403215,202395,35359,72597,1.87479158175553,0.263996770815151
17579,0.4922222222222221,0,1,0,403216,202394,35359,72597,1.8747823187224424,0.2639977308348273
17580,0.4922222222222222,0,1,0,403217,202393,35359,72597,1.874773055689355,0.26399869086148586
17581,0.4922380952380953,0,1,0,403218,202392,35359,72597,1.8747637926562675,0.2639996508951267
17582,0.4922499999999999,1,0,1,403218,202392,35360,72596,1.8747637926562675,0.26399697441342895
17583,0.49225,0,3,0,403221,202389,35360,72596,1.8747360035570046,0.26399985453752023
17584,0.4922619047619048,0,1,0,403222,202388,35360,72596,1.8747267405239172,0.264000814592849
17585,0.4922777777777777,0,1,0,403223,202387,35360,72596,1.8747174774908295,0.2640017746551605
17586,0.4922857142857142,0,2,0,403225,202385,35360,72596,1.8746989514246546,0.2640036948007317
17587,0.4923214285714285,0,1,0,403226,202384,35360,72596,1.874689688391567,0.26400465488399155
17588,0.4923333333333333,4,27,4,403253,202357,35364,72592,1.874439586498203,0.2640198727764058
17589,0.4923809523809523,1,1,1,403254,202356,35365,72591,1.8744303234651154,0.26401815622647273
17590,0.4923809523809524,2,2,2,403256,202354,35367,72589,1.8744117973989403,0.26401472305168705
17591,0.4924134199134199,0,1,0,403257,202353,35367,72589,1.8744025343658528,0.26401568330775216
17592,0.492414502164502,0,2,0,403259,202351,35367,72589,1.8743840082996777,0.264017603840838
17593,0.4924166666666666,0,1,0,403260,202350,35367,72589,1.8743747452665902,0.26401856411785884
17594,0.4924242424242424,0,1,0,403261,202349,35367,72589,1.8743654822335025,0.26401952440186516
17595,0.4924285714285715,0,1,0,403262,202348,35367,72589,1.874356219200415,0.2640204846928569
17596,0.4924404761904762,0,2,0,403264,202346,35367,72589,1.87433769313424,0.2640224052957972
17597,0.4924444444444444,0,3,0,403267,202343,35367,72589,1.874309904034977,0.26402528625260063
17598,0.4924523809523809,0,1,0,403268,202342,35367,72589,1.8743006410018896,0.2640262465855069
17599,0.4924682539682539,0,1,0,403269,202341,35367,72589,1.8742913779688022,0.2640272069253992
17600,0.4924761904761904,0,1,0,403270,202340,35367,72589,1.8742821149357145,0.26402816727227757
17601,0.4924999999999999,0,7,0,403277,202333,35367,72589,1.8742172737041016,0.26403488989604323
17602,0.4925,63,317,63,403594,202016,35430,72526,1.871280892215347,0.2641708736732449
17603,0.4925476190476189,0,1,0,403595,202015,35430,72526,1.8712716291822595,0.26417183590064874
17604,0.4925555555555555,0,2,0,403597,202013,35430,72526,1.8712531031160844,0.26417376037648566
17605,0.4925555555555556,0,1,0,403598,202012,35430,72526,1.8712438400829967,0.264174722624919
17606,0.4925652958152958,1,1,1,403599,202011,35431,72525,1.8712345770499093,0.26417300463327215
17607,0.4925714285714285,0,1,0,403600,202010,35431,72525,1.8712253140168216,0.26417396688946765
17608,0.4926190476190475,0,1,0,403601,202009,35431,72525,1.8712160509837341,0.26417492915267327
17609,0.4926190476190477,0,1,0,403602,202008,35431,72525,1.8712067879506467,0.26417589142288905
17610,0.4926666666666666,8,48,8,403650,201960,35439,72517,1.870762162362444,0.2642006434054584
17611,0.4926666666666667,0,7,0,403657,201953,35439,72517,1.870697321130831,0.2642073814988888
17612,0.4926688311688311,0,1,0,403658,201952,35439,72517,1.8706880580977436,0.26420834411172117
17613,0.4926785714285714,0,2,0,403660,201950,35439,72517,1.8706695320315685,0.26421026935842923
17614,0.4927380952380952,0,2,0,403662,201948,35439,72517,1.8706510059653934,0.2642121946331955
17615,0.4927500000000001,1,0,1,403662,201948,35440,72516,1.8706510059653934,0.2642095138160196
17616,0.4927727272727272,0,1,0,403663,201947,35440,72516,1.8706417429323057,0.2642104764576646
17617,0.4927777777777777,0,1,0,403664,201946,35440,72516,1.8706324798992182,0.2642114391063244
17618,0.4928095238095238,1,0,1,403664,201946,35441,72515,1.8706324798992182,0.264208758257093
17619,0.4928333333333333,3,7,3,403671,201939,35444,72512,1.8705676386676053,0.2642074541539291
17620,0.4928333333333334,1,6,1,403677,201933,35445,72511,1.87051206046908,0.2642105493288248
17621,0.4928571428571428,1,6,1,403683,201927,35446,72510,1.8704564822705547,0.26421364466161634
17622,0.4928769841269841,0,2,0,403685,201925,35446,72510,1.8704379562043796,0.26421557017144315
17623,0.4928888888888888,0,2,0,403687,201923,35446,72510,1.8704194301382044,0.2642174957093352
17624,0.4928968253968254,1,0,1,403687,201923,35447,72509,1.8704194301382044,0.2642148145988806
17625,0.4929047619047618,0,1,0,403688,201922,35447,72509,1.870410167105117,0.2642157773720899
17626,0.4929166666666667,0,4,0,403692,201918,35447,72509,1.8703731149727667,0.2642196285350931
17627,0.4929285714285714,0,1,0,403693,201917,35447,72509,1.870363851939679,0.2642205913433858
17628,0.4929404761904761,0,1,0,403694,201916,35447,72509,1.8703545889065916,0.26422155415869547
17629,0.492952380952381,1,2,1,403696,201914,35448,72508,1.8703360628404164,0.26422079862401704
17630,0.4929642857142856,0,1,0,403697,201913,35448,72508,1.870326799807329,0.26422176145411613
17631,0.4929761904761905,0,2,0,403699,201911,35448,72508,1.8703082737411538,0.264223687135366
17632,0.4929999999999999,1,3,1,403702,201908,35449,72507,1.8702804846418912,0.26422389446641037
17633,0.493,13,51,13,403753,201857,35462,72494,1.869808069954426,0.2642381474826044
17634,0.4930158730158729,0,1,0,403754,201856,35462,72494,1.8697988069213383,0.2642391106251139
17635,0.4930357142857143,0,1,0,403755,201855,35462,72494,1.8697895438882508,0.2642400737746447
17636,0.4930476190476189,0,1,0,403756,201854,35462,72494,1.8697802808551631,0.2642410369311969
17637,0.4930555555555556,0,1,0,403757,201853,35462,72494,1.8697710178220757,0.2642420000947705
17638,0.4930952380952381,0,2,0,403759,201851,35462,72494,1.8697524917559005,0.2642439264429824
17639,0.4930952380952382,1,0,1,403759,201851,35463,72493,1.8697524917559005,0.26424124456886244
17640,0.4931071428571428,0,2,0,403761,201849,35463,72493,1.8697339656897254,0.26424317093263155
17641,0.4931111111111111,2,1,2,403762,201848,35465,72491,1.869724702656638,0.2642387702805653
17642,0.4931428571428571,0,3,0,403765,201845,35465,72491,1.8696969135573753,0.2642416598623586
17643,0.4931666666666666,1,13,1,403778,201832,35466,72490,1.869576494127237,0.26425150006197096
17644,0.4931666666666667,0,4,0,403782,201828,35466,72490,1.8695394419948868,0.2642553532761248
17645,0.4931904761904762,0,1,0,403783,201827,35466,72490,1.8695301789617993,0.2642563165972215
17646,0.4932063492063492,2,4,2,403787,201823,35468,72488,1.869493126829449,0.26425480567676835
17647,0.4932142857142857,0,2,0,403789,201821,35468,72488,1.8694746007632739,0.2642567323711581
17648,0.4932222222222223,0,1,0,403790,201820,35468,72488,1.8694653377301864,0.2642576957288887
17649,0.4932380952380952,0,3,0,403793,201817,35468,72488,1.8694375486309238,0.2642605858442245
17650,0.4932499999999999,0,4,0,403797,201813,35468,72488,1.8694004964985735,0.26426443942967764
17651,0.4933015873015872,0,1,0,403798,201812,35468,72488,1.8693912334654859,0.2642654028436019
17652,0.4933333333333333,126,618,126,404416,201194,35594,72362,1.8636666790173775,0.26452353448654026
17653,0.4933333333333334,0,4,0,404420,201190,35594,72362,1.8636296268850272,0.2645274024682693
17654,0.4933809523809522,0,2,0,404422,201188,35594,72362,1.863611100818852,0.26452933650155364
17655,0.4933809523809523,1,0,1,404422,201188,35595,72361,1.863611100818852,0.26452664787661445
17656,0.4934285714285714,0,1,0,404423,201187,35595,72361,1.8636018377857646,0.26452761489756826
17657,0.4934285714285715,0,2,0,404425,201185,35595,72361,1.8635833117195895,0.2645295489606867
17658,0.4934444444444444,0,1,0,404426,201184,35595,72361,1.863574048686502,0.26453051600285143
17659,0.4934523809523808,0,1,0,404427,201183,35595,72361,1.8635647856534143,0.2645314830520867
17660,0.493452380952381,0,1,0,404428,201182,35595,72361,1.8635555226203269,0.2645324501083925
17661,0.4934999999999999,1,1,1,404429,201181,35596,72360,1.8635462595872392,0.2645307284831159
17662,0.4935,5,34,5,404463,201147,35601,72355,1.8632313164622625,0.26455016782327
17663,0.4935000000000001,0,1,0,404464,201146,35601,72355,1.8632220534291748,0.26455113509639816
17664,0.4935061327561327,0,1,0,404465,201145,35601,72355,1.8632127903960873,0.26455210237659965
17665,0.4935555555555555,0,1,0,404466,201144,35601,72355,1.8632035273629997,0.26455306966387443
17666,0.4935714285714285,1,1,1,404467,201143,35602,72354,1.8631942643299122,0.26455134791240853
17667,0.4935714285714286,0,2,0,404469,201141,35602,72354,1.863175738263737,0.2645532825097351
17668,0.4935757575757576,1,0,1,404469,201141,35603,72353,1.863175738263737,0.26455059343166576
17669,0.4935833333333332,1,1,1,404470,201140,35604,72352,1.8631664752306496,0.2645488716306144
17670,0.4935897435897435,0,1,0,404471,201139,35604,72352,1.863157212197562,0.2645498389343708
17671,0.4936071428571428,0,1,0,404472,201138,35604,72352,1.8631479491644745,0.26455080624520094
17672,0.4936111111111111,0,2,0,404474,201136,35604,72352,1.8631294230982993,0.26455274088808284
17673,0.4936428571428571,0,1,0,404475,201135,35604,72352,1.8631201600652119,0.2645537082201348
17674,0.4936666666666667,2,14,2,404489,201121,35606,72350,1.8629904776019859,0.264561873105375
17675,0.4937142857142856,0,1,0,404490,201120,35606,72350,1.8629812145688984,0.264562840530954
17676,0.49375,4,9,4,404499,201111,35610,72346,1.8628978472711104,0.2645607901790775
17677,0.4937500000000001,0,1,0,404500,201110,35610,72346,1.862888584238023,0.26456175765022527
17678,0.4937976190476191,0,2,0,404502,201108,35610,72346,1.8628700581718478,0.26456369261374857
17679,0.4938030303030303,0,1,0,404503,201107,35610,72346,1.8628607951387601,0.2645646601061243
17680,0.4938095238095238,3,5,3,404508,201102,35613,72343,1.8628144799733224,0.2645614291722284
17681,0.4938333333333332,0,2,0,404510,201100,35613,72343,1.8627959539071473,0.2645633642111884
17682,0.4938333333333333,4,6,4,404516,201094,35617,72339,1.862740375708622,0.2645584110184213
17683,0.4938333333333334,0,5,0,404521,201089,35617,72339,1.8626940605431843,0.26456324882601634
17684,0.4938492063492063,1,0,1,404521,201089,35618,72338,1.8626940605431843,0.26456055912547044
17685,0.4938571428571429,2,1,2,404522,201088,35620,72336,1.8626847975100966,0.2645561472292118
17686,0.4938809523809524,0,2,0,404524,201086,35620,72336,1.8626662714439215,0.26455808237815537
17687,0.4938888888888889,2,1,2,404525,201085,35622,72334,1.862657008410834,0.2645536703740413
17688,0.493920634920635,0,1,0,404526,201084,35622,72334,1.8626477453777466,0.2645546379536095
17689,0.4939285714285714,0,4,0,404530,201080,35622,72334,1.8626106932453963,0.26455850834265987
17690,0.4939761904761904,1,1,1,404531,201079,35623,72333,1.8626014302123086,0.26455678609570904
17691,0.4939880952380953,0,1,0,404532,201078,35623,72333,1.8625921671792212,0.2645577537114454
17692,0.4939999999999999,0,2,0,404534,201076,35623,72333,1.862573641113046,0.2645596889641526
17693,0.494,28,114,28,404648,200962,35651,72305,1.8615176553410648,0.26459470042119976
17694,0.494012987012987,0,2,0,404650,200960,35651,72305,1.8614991292748897,0.26459663696411906
17695,0.4940238095238095,0,1,0,404651,200959,35651,72305,1.8614898662418022,0.2645976052462088
17696,0.494047619047619,2,1,2,404652,200958,35653,72303,1.8614806032087146,0.26459319112496843
17697,0.4940833333333333,0,1,0,404653,200957,35653,72303,1.861471340175627,0.2645941594086218
17698,0.4941071428571428,0,2,0,404655,200955,35653,72303,1.861452814109452,0.2645960959971895
17699,0.4941428571428571,0,3,0,404658,200952,35653,72303,1.8614250250101894,0.2645990009331943
17700,0.4941666666666666,17,84,17,404742,200868,35670,72286,1.8606469302308348,0.2646346017264986
17701,0.4941666666666667,11,40,11,404782,200828,35681,72275,1.8602764089073327,0.2646437424707894
17702,0.4941666666666668,0,2,0,404784,200826,35681,72275,1.8602578828411576,0.2646456805357725
17703,0.4941904761904762,1,3,1,404787,200823,35682,72274,1.8602300937418947,0.26464589504827957
17704,0.494202380952381,0,1,0,404788,200822,35682,72274,1.8602208307088073,0.2646468641063948
17705,0.4942142857142856,0,1,0,404789,200821,35682,72274,1.8602115676757198,0.26464783317160695
17706,0.4942142857142858,1,1,1,404790,200820,35683,72273,1.8602023046426321,0.2646461095670706
17707,0.4942222222222222,0,1,0,404791,200819,35683,72273,1.8601930416095447,0.26464707864016523
17708,0.49425,0,1,0,404792,200818,35683,72273,1.860183778576457,0.26464804772035694
17709,0.4942857142857143,2,7,2,404799,200811,35685,72271,1.8601189373448441,0.26464944595396256
17710,0.4943095238095237,0,1,0,404800,200810,35685,72271,1.8601096743117567,0.2646504150783101
17711,0.4943095238095238,0,1,0,404801,200809,35685,72271,1.860100411278669,0.26465138420975537
17712,0.4943333333333333,7,37,7,404838,200772,35692,72264,1.8597576790544297,0.2646683953764339
17713,0.4943571428571428,1,2,1,404840,200770,35693,72263,1.8597391529882545,0.2646676409078756
17714,0.4943888888888888,2,1,2,404841,200769,35695,72261,1.8597298899551669,0.26466322382155805
17715,0.4944444444444444,0,3,0,404844,200766,35695,72261,1.8597021008559043,0.2646661319210188
17716,0.4944999999999999,2,5,2,404849,200761,35697,72259,1.8596557856904665,0.264665592264303
17717,0.4945,5,8,5,404857,200753,35702,72254,1.859581681425766,0.2646598805158842
17718,0.4945000000000001,0,2,0,404859,200751,35702,72254,1.859563155359591,0.2646618193805974
17719,0.4945079365079365,0,1,0,404860,200750,35702,72254,1.8595538923265034,0.264662788823607
17720,0.4945238095238095,1,4,1,404864,200746,35703,72253,1.859516840194153,0.2646639731281067
17721,0.494547619047619,0,2,0,404866,200744,35703,72253,1.8594983141279782,0.2646659120796199
17722,0.4945714285714285,0,1,0,404867,200743,35703,72253,1.8594890510948905,0.2646668815660303
17723,0.4945833333333332,0,3,0,404870,200740,35703,72253,1.859461261995628,0.2646697900678772
17724,0.4945833333333334,0,2,0,404872,200738,35703,72253,1.8594427359294528,0.2646717291046225
17725,0.4946190476190476,0,4,0,404876,200734,35703,72253,1.8594056837971025,0.26467560726334954
17726,0.4946428571428571,0,2,0,404878,200732,35703,72253,1.8593871577309273,0.26467754638533253
17727,0.4946666666666666,3,12,3,404890,200720,35706,72250,1.8592760013338767,0.26468110048723303
17728,0.4946666666666667,3,16,3,404906,200704,35709,72247,1.8591277928044758,0.26468853383940705
17729,0.4947142857142856,0,1,0,404907,200703,35709,72247,1.8591185297713884,0.2646895035720828
17730,0.4947222222222221,0,1,0,404908,200702,35709,72247,1.8591092667383007,0.2646904733118641
17731,0.4947380952380952,0,1,0,404909,200701,35709,72247,1.8591000037052132,0.26469144305875114
17732,0.4947619047619047,1,5,1,404914,200696,35710,72246,1.8590536885397755,0.26469359790724767
17733,0.4947619047619048,0,1,0,404915,200695,35710,72246,1.8590444255066878,0.26469456769045324
17734,0.4947777777777778,0,1,0,404916,200694,35710,72246,1.8590351624736003,0.264695537480765
17735,0.4947976190476191,0,3,0,404919,200691,35710,72246,1.8590073733743377,0.26469844689433825
17736,0.4948095238095238,0,1,0,404920,200690,35710,72246,1.85899811034125,0.2646994167130756
17737,0.4948214285714285,0,1,0,404921,200689,35710,72246,1.8589888473081626,0.26470038653891953
17738,0.4948333333333333,5,12,5,404933,200677,35715,72241,1.858877690911112,0.2646985541444683
17739,0.4948333333333334,0,1,0,404934,200676,35715,72241,1.8588684278780243,0.2646995240311157
17740,0.4948515512265512,0,5,0,404939,200671,35715,72241,1.8588221127125866,0.26470437357096793
17741,0.4948809523809523,0,2,0,404941,200669,35715,72241,1.8588035866464114,0.2647063134366641
17742,0.4948809523809524,1,2,1,404943,200667,35716,72240,1.8587850605802363,0.2647055590365949
17743,0.4948928571428571,0,1,0,404944,200666,35716,72240,1.8587757975471488,0.2647065289880032
17744,0.4949047619047618,0,2,0,404946,200664,35716,72240,1.8587572714809737,0.26470846891214495
17745,0.4949047619047619,0,1,0,404947,200663,35716,72240,1.8587480084478862,0.2647094388848785
17746,0.494904761904762,1,0,1,404947,200663,35717,72239,1.8587480084478862,0.26470674454566107
17747,0.4949285714285715,0,1,0,404948,200662,35717,72239,1.8587387454147986,0.2647077145191846
17748,0.4949999999999999,0,25,0,404973,200637,35717,72239,1.8585071695876099,0.26473196616778316
17749,0.495,188,1123,188,406096,199514,35905,72051,1.8481047834302864,0.2653176955793272
17750,0.4950238095238095,0,1,0,406097,199513,35905,72051,1.848095520397199,0.26531867257810315
17751,0.4950238095238096,0,1,0,406098,199512,35905,72051,1.8480862573641113,0.2653196495840744
17752,0.495047619047619,0,3,0,406101,199509,35905,72051,1.8480584682648487,0.2653225806451613
17753,0.4950714285714286,0,1,0,406102,199508,35905,72051,1.8480492052317612,0.26532355767991483
17754,0.4950952380952381,0,1,0,406103,199507,35905,72051,1.8480399421986735,0.2653245347218642
17755,0.495111111111111,0,1,0,406104,199506,35905,72051,1.848030679165586,0.2653255117710094
17756,0.4951190476190475,0,2,0,406106,199504,35905,72051,1.848012153099411,0.2653274658908877
17757,0.4951190476190477,1,0,1,406106,199504,35906,72050,1.848012153099411,0.2653247604528013
17758,0.4951666666666666,2,14,2,406120,199490,35908,72048,1.8478824706361852,0.2653330288946667
17759,0.4951666666666667,0,4,0,406124,199486,35908,72048,1.8478454185038349,0.2653369375474158
17760,0.4951746031746031,0,1,0,406125,199485,35908,72048,1.8478361554707474,0.2653379147285965
17761,0.4951904761904761,0,1,0,406126,199484,35908,72048,1.8478268924376597,0.2653388919169748
17762,0.4951904761904762,1,1,1,406127,199483,35909,72047,1.8478176294045723,0.265337163481015
17763,0.4951984126984126,1,1,1,406128,199482,35910,72046,1.8478083663714846,0.26533543501959284
17764,0.4952142857142857,0,1,0,406129,199481,35910,72046,1.8477991033383971,0.26533641221683296
17765,0.4952380952380952,0,5,0,406134,199476,35910,72046,1.8477527881729594,0.26534129831100245
17766,0.4952619047619047,0,1,0,406135,199475,35910,72046,1.8477435251398717,0.26534227555143064
17767,0.4952738095238094,0,1,0,406136,199474,35910,72046,1.8477342621067843,0.2653432527990572
17768,0.4952777777777777,1,0,1,406136,199474,35911,72045,1.8477342621067843,0.26534054707037075
17769,0.4952857142857143,0,3,0,406139,199471,35911,72045,1.8477064730075217,0.26534347883734294
17770,0.4953333333333333,0,20,0,406159,199451,35911,72045,1.8475212123457705,0.26536302560627045
17771,0.4953333333333334,2,13,2,406172,199438,35913,72043,1.8474007929156322,0.26537032057492055
17772,0.4953571428571428,2,1,2,406173,199437,35915,72041,1.8473915298825447,0.2653658860018123
17773,0.4953636363636364,0,1,0,406174,199436,35915,72041,1.8473822668494573,0.26536686349119815
17774,0.4953809523809523,0,1,0,406175,199435,35915,72041,1.8473730038163696,0.2653678409877853
17775,0.4954166666666666,0,2,0,406177,199433,35915,72041,1.8473544777501945,0.2653697960025638
17776,0.4954166666666667,1,3,1,406180,199430,35916,72040,1.8473266886509319,0.26537002247025454
17777,0.4954285714285714,0,2,0,406182,199428,35916,72040,1.8473081625847567,0.26537197754431463
17778,0.4954404761904761,0,1,0,406183,199427,35916,72040,1.8472988995516693,0.2653729550921475
17779,0.4954761904761904,0,1,0,406184,199426,35916,72040,1.8472896365185816,0.26537393264718234
17780,0.4954761904761905,1,3,1,406187,199423,35917,72039,1.847261847419319,0.2653741591825007
17781,0.4954999999999999,0,1,0,406188,199422,35917,72039,1.8472525843862315,0.2653751367599766
17782,0.4955,3,16,3,406204,199406,35920,72036,1.8471043758568306,0.26538266001576766
17783,0.4955238095238095,0,1,0,406205,199405,35920,72036,1.847095112823743,0.2653836376965897
17784,0.495547619047619,1,0,1,406205,199405,35921,72035,1.847095112823743,0.2653809313292072
17785,0.4955476190476191,0,2,0,406207,199403,35921,72035,1.8470765867575678,0.26538288669972515
17786,0.4955555555555556,1,2,1,406209,199401,35922,72034,1.8470580606913929,0.26538213568626007
17787,0.4955952380952382,0,1,0,406210,199400,35922,72034,1.8470487976583052,0.26538311339036375
17788,0.4956190476190476,0,2,0,406212,199398,35922,72034,1.84703027159213,0.2653850688201833
17789,0.4956666666666666,7,22,7,406234,199376,35929,72027,1.846826484864204,0.2653876338876136
17790,0.4956666666666667,3,13,3,406247,199363,35932,72024,1.8467060654340657,0.265392225861961
17791,0.4957142857142857,4,22,4,406269,199341,35936,72020,1.8465022787061396,0.26540291346214084
17792,0.4957442279942279,0,1,0,406270,199340,35936,72020,1.846493015673052,0.26540389150943394
17793,0.49575,0,2,0,406272,199338,35936,72020,1.8464744896068768,0.26540584762564584
17794,0.4957619047619048,0,1,0,406273,199337,35936,72020,1.8464652265737893,0.26540682569456475
17795,0.495797619047619,0,2,0,406275,199335,35936,72020,1.8464467005076142,0.26540878185402883
17796,0.4958095238095237,0,1,0,406276,199334,35936,72020,1.8464374374745267,0.2654097599445742
17797,0.4958333333333333,13,141,13,406417,199193,35949,72007,1.8451313498091815,0.26551253687315635
17798,0.4958888888888889,0,1,0,406418,199192,35949,72007,1.845122086776094,0.26551351590529465
17799,0.4959047619047619,0,4,0,406422,199188,35949,72007,1.8450850346437437,0.26551743210604917
17800,0.4959523809523809,0,5,0,406427,199183,35949,72007,1.845038719478306,0.2655223275194513
17801,0.4959761904761904,0,1,0,406428,199182,35949,72007,1.8450294564452183,0.26552330662379375
17802,0.495984126984127,0,1,0,406429,199181,35949,72007,1.8450201934121309,0.265524285735357
17803,0.4959960317460317,0,1,0,406430,199180,35949,72007,1.8450109303790434,0.26552526485414124
17804,0.4959999999999999,1,7,1,406437,199173,35950,72006,1.8449460891474305,0.2655294104631996
17805,0.496,19,116,19,406553,199057,35969,71987,1.8438715773092742,0.2655915644692375
17806,0.4960000000000001,0,4,0,406557,199053,35969,71987,1.843834525176924,0.26559548406139316
17807,0.4960277777777778,0,2,0,406559,199051,35969,71987,1.8438159991107488,0.2655974439008552
17808,0.4960303030303031,0,1,0,406560,199050,35969,71987,1.8438067360776613,0.2655984238314326
17809,0.4960454545454545,0,1,0,406561,199049,35969,71987,1.8437974730445736,0.26559940376924096
17810,0.496047619047619,0,4,0,406565,199045,35969,71987,1.8437604209122236,0.2656033235927861
17811,0.4960555555555555,0,1,0,406566,199044,35969,71987,1.843751157879136,0.2656043035667507
17812,0.496111111111111,1,0,1,406566,199044,35970,71986,1.843751157879136,0.2656015939194923
17813,0.4961111111111111,1,1,1,406567,199043,35971,71985,1.8437418948460484,0.26559986422067094
17814,0.4961309523809524,0,1,0,406568,199042,35971,71985,1.8437326318129608,0.2656008441963347
17815,0.4961666666666666,3,14,3,406582,199028,35974,71982,1.843602949349735,0.2656064351868935
17816,0.4961666666666667,0,5,0,406587,199023,35974,71982,1.8435566341842973,0.2656113355842143
17817,0.4961904761904761,1,1,1,406588,199022,35975,71981,1.8435473711512098,0.2656096057977218
17818,0.4961904761904762,0,6,0,406594,199016,35975,71981,1.8434917929526844,0.2656154865183009
17819,0.4962272727272727,0,1,0,406595,199015,35975,71981,1.843482529919597,0.2656164666637146
17820,0.4962380952380952,0,2,0,406597,199013,35975,71981,1.8434640038534218,0.265618426976243
17821,0.49625,3,13,3,406610,199000,35978,71978,1.8433435844232835,0.2656230395087424
17822,0.4962857142857143,1,4,1,406614,198996,35979,71977,1.8433065322909334,0.2656242503865699
17823,0.4963095238095238,0,2,0,406616,198994,35979,71977,1.8432880062247583,0.2656262109229401
17824,0.4963333333333332,2,4,2,406620,198990,35981,71975,1.843250954092408,0.26562471167863005
17825,0.4963333333333333,1,21,1,406641,198969,35982,71974,1.8430564303975694,0.26564258903164134
17826,0.4963333333333334,0,8,0,406649,198961,35982,71974,1.842982326132869,0.2656504327606252
17827,0.4963501221001222,1,0,1,406649,198961,35983,71973,1.842982326132869,0.2656477223235179
17828,0.4963809523809523,1,0,1,406649,198961,35984,71972,1.842982326132869,0.2656450118664024
17829,0.4963888888888889,0,2,0,406651,198959,35984,71972,1.842963800066694,0.26564697284548466
17830,0.4964166666666667,0,1,0,406652,198958,35984,71972,1.8429545370336062,0.2656479533458827
17831,0.4964285714285714,2,5,2,406657,198953,35986,71970,1.8429082218681685,0.26564743488002124
17832,0.496452380952381,0,1,0,406658,198952,35986,71970,1.842898958835081,0.26564841541107775
17833,0.4964999999999999,0,2,0,406660,198950,35986,71970,1.842880432768906,0.26565037649490625
17834,0.4965,4,25,4,406685,198925,35990,71966,1.842648856941717,0.26566404937779403
17835,0.4965079365079365,0,1,0,406686,198924,35990,71966,1.8426395939086295,0.2656650300860128
17836,0.4965476190476189,1,0,1,406686,198924,35991,71965,1.8426395939086295,0.2656623192525352
17837,0.496547619047619,1,1,1,406687,198923,35992,71964,1.8426303308755418,0.26566058910172874
17838,0.4965833333333333,1,1,1,406688,198922,35993,71963,1.8426210678424544,0.2656588589253742
17839,0.4965952380952381,0,1,0,406689,198921,35993,71963,1.8426118048093667,0.2656598396361542
17840,0.4966111111111111,0,1,0,406690,198920,35993,71963,1.8426025417762792,0.26566082035417504
17841,0.4966428571428571,0,2,0,406692,198918,35993,71963,1.842584015710104,0.2656627818119396
17842,0.4966666666666666,59,396,59,407088,198522,36052,71904,1.8389158546074327,0.2658915932639613
17843,0.4966666666666667,50,245,50,407333,198277,36102,71854,1.836646411500982,0.26599686818617635
17844,0.4966904761904761,0,1,0,407334,198276,36102,71854,1.8366371484678943,0.26599785288564765
17845,0.4966904761904762,0,1,0,407335,198275,36102,71854,1.8366278854348068,0.26599883759240955
17846,0.4967142857142856,0,1,0,407336,198274,36102,71854,1.8366186224017191,0.26599982230646213
17847,0.4967142857142858,1,0,1,407336,198274,36103,71853,1.8366186224017191,0.26599710506539515
17848,0.4967164816177975,0,4,0,407340,198270,36103,71853,1.836581570269369,0.26600104396885865
17849,0.4967380952380952,0,1,0,407341,198269,36103,71853,1.8365723072362814,0.2660020287129519
17850,0.4967579365079366,0,2,0,407343,198267,36103,71853,1.8365537811701063,0.266003998223012
17851,0.4967619047619048,0,5,0,407348,198262,36103,71853,1.8365074660046685,0.26600892212576127
17852,0.4967857142857143,2,0,2,407348,198262,36105,71851,1.8365074660046685,0.2660034874293351
17853,0.496797619047619,0,3,0,407351,198259,36105,71851,1.836479676905406,0.2660064418199993
17854,0.4968095238095238,0,1,0,407352,198258,36105,71851,1.8364704138723182,0.266007426631471
17855,0.4968333333333333,2,25,2,407377,198233,36107,71849,1.8362388380451296,0.26602661413940953
17856,0.4968809523809523,0,2,0,407379,198231,36107,71849,1.8362203119789544,0.2660285841232227
17857,0.4968928571428572,0,4,0,407383,198227,36107,71849,1.8361832598466041,0.2660325241783794
17858,0.4969047619047618,1,0,1,407383,198227,36108,71848,1.8361832598466041,0.2660298065352217
17859,0.4969047619047619,0,2,0,407385,198225,36108,71848,1.836164733780429,0.2660317765937358
17860,0.4969166666666667,1,0,1,407385,198225,36109,71847,1.836164733780429,0.26602905891762196
17861,0.4969166666666668,0,1,0,407386,198224,36109,71847,1.8361554707473415,0.2660300439514054
17862,0.4969404761904761,0,1,0,407387,198223,36109,71847,1.8361462077142539,0.26603102899248343
17863,0.4969999999999999,2,7,2,407394,198216,36111,71845,1.836081366482641,0.2660324889561988
17864,0.497,4,39,4,407433,198177,36115,71841,1.8357201081922265,0.2660600404417483
17865,0.4970000000000001,1,0,1,407433,198177,36116,71840,1.8357201081922265,0.266057322316743
17866,0.4970238095238095,0,2,0,407435,198175,36116,71840,1.8357015821260514,0.2660592930022406
17867,0.4970396825396825,1,0,1,407435,198175,36117,71839,1.8357015821260514,0.2660565748442673
17868,0.497047619047619,0,3,0,407438,198172,36117,71839,1.8356737930267888,0.26605953090800005
17869,0.4970833333333332,2,1,2,407439,198171,36119,71837,1.835664529993701,0.26605507984948595
17870,0.4970833333333334,0,3,0,407442,198168,36119,71837,1.8356367408944385,0.266058035962297
17871,0.4970952380952381,0,1,0,407443,198167,36119,71837,1.8356274778613508,0.2660590213478319
17872,0.4971428571428571,4,12,4,407455,198155,36123,71833,1.8355163214643002,0.2660599730358386
17873,0.4971666666666666,0,5,0,407460,198150,36123,71833,1.8354700062988625,0.2660649003826167
17874,0.4971666666666667,3,9,3,407469,198141,36126,71830,1.8353866390010745,0.2660656144548859
17875,0.4972222222222222,1,3,1,407472,198138,36127,71829,1.8353588499018119,0.2660658524930825
17876,0.4972478632478632,0,1,0,407473,198137,36127,71829,1.8353495868687244,0.2660668380462725
17877,0.4972738095238095,0,2,0,407475,198135,36127,71829,1.8353310608025493,0.2660688091745566
17878,0.4972777777777778,1,0,1,407475,198135,36128,71828,1.8353310608025493,0.266066090538333
17879,0.4973030303030302,0,4,0,407479,198131,36128,71828,1.835294008670199,0.2660700328568412
17880,0.4973095238095238,0,1,0,407480,198130,36128,71828,1.8352847456371115,0.2660710184547226
17881,0.4973333333333333,7,40,7,407520,198090,36135,71821,1.8349142243136092,0.2660914153183827
17882,0.4973333333333334,1,5,1,407525,198085,36136,71820,1.8348679091481714,0.26609362553491045
17883,0.4973809523809523,1,1,1,407526,198084,36137,71819,1.834858646115084,0.266091892272409
17884,0.4974166666666667,1,0,1,407526,198084,36138,71818,1.834858646115084,0.266089173107276
17885,0.4974285714285714,0,1,0,407527,198083,36138,71818,1.8348493830819963,0.2660901589842201
17886,0.4974999999999999,0,10,0,407537,198073,36138,71818,1.8347567527511208,0.26610001815547757
17887,0.4975,61,318,61,407855,197755,36199,71757,1.8318111082292785,0.2662478850663421
17888,0.4975238095238095,0,1,0,407856,197754,36199,71757,1.831801845196191,0.2662488729588032
17889,0.497547619047619,0,2,0,407858,197752,36199,71757,1.831783319130016,0.2662508487657184
17890,0.4975595238095239,0,1,0,407859,197751,36199,71757,1.8317740560969284,0.26625183668017277
17891,0.4975833333333333,0,1,0,407860,197750,36199,71757,1.8317647930638408,0.26625282460195837
17892,0.4976190476190475,1,4,1,407864,197746,36200,71756,1.8317277409314907,0.26625405377325584
17893,0.4976212121212121,0,3,0,407867,197743,36200,71756,1.831699951832228,0.2662570176512714
17894,0.4976473379561614,0,2,0,407869,197741,36200,71756,1.8316814257660528,0.2662589936066079
17895,0.4976507936507937,1,3,1,407872,197738,36201,71755,1.8316536366667902,0.266259234933746
17896,0.4976666666666666,1,36,1,407908,197702,36202,71754,1.8313201674756383,0.26629208479306454
17897,0.4976666666666667,0,16,0,407924,197686,36202,71754,1.8311719589462374,0.2663078978622328
17898,0.4976883116883117,1,1,1,407925,197685,36203,71753,1.8311626959131497,0.26630616319895484
17899,0.4977142857142857,1,1,1,407926,197684,36204,71752,1.8311534328800623,0.2663044285099244
17900,0.4977380952380952,0,1,0,407927,197683,36204,71752,1.8311441698469746,0.2663054168909013
17901,0.4977499999999999,0,3,0,407930,197680,36204,71752,1.831116380747712,0.2663083820778527
17902,0.4977619047619048,0,1,0,407931,197679,36204,71752,1.8311071177146245,0.26630937048817693
17903,0.4977777777777777,0,2,0,407933,197677,36204,71752,1.8310885916484494,0.2663113473308367
17904,0.4978181818181817,0,1,0,407934,197676,36204,71752,1.8310793286153617,0.26631233576317237
17905,0.4978333333333333,2,5,2,407939,197671,36206,71750,1.831033013449924,0.2663118316686524
17906,0.4978333333333334,4,2,4,407941,197669,36210,71746,1.8310144873837488,0.26630291557634134
17907,0.4978383838383838,0,1,0,407942,197668,36210,71746,1.8310052243506614,0.2663039040287439
17908,0.4978571428571428,0,2,0,407944,197666,36210,71746,1.8309866982844862,0.26630588095556246
17909,0.4979166666666666,1,2,1,407946,197664,36211,71745,1.830968172218311,0.2663051345723417
17910,0.4979166666666667,0,1,0,407947,197663,36211,71745,1.8309589091852236,0.2663061230549947
17911,0.4979285714285714,0,2,0,407949,197661,36211,71745,1.8309403831190485,0.2663081000423153
17912,0.4979444444444444,0,2,0,407951,197659,36211,71745,1.8309218570528734,0.26631007705898946
17913,0.4979761904761904,0,1,0,407952,197658,36211,71745,1.830912594019786,0.26631106557833434
17914,0.4979999999999999,0,1,0,407953,197657,36211,71745,1.8309033309866982,0.2663120541050178
17915,0.498,25,74,25,408027,197583,36236,71720,1.8302178665382194,0.2663171223491755
17916,0.4980238095238095,0,2,0,408029,197581,36236,71720,1.8301993404720442,0.26631910018900784
17917,0.498047619047619,0,1,0,408030,197580,36236,71720,1.8301900774389566,0.2663200891199406
17918,0.4980476190476191,1,0,1,408030,197580,36237,71719,1.8301900774389566,0.26631736471357115
17919,0.4980833333333333,0,1,0,408031,197579,36237,71719,1.830180814405869,0.26631835364540396
17920,0.498095238095238,0,1,0,408032,197578,36237,71719,1.8301715513727814,0.26631934258458134
17921,0.4980952380952381,0,2,0,408034,197576,36237,71719,1.8301530253066063,0.26632132048497004
17922,0.4981428571428571,0,1,0,408035,197575,36237,71719,1.8301437622735188,0.2663223094461815
17923,0.4981428571428572,1,0,1,408035,197575,36238,71718,1.8301437622735188,0.2663195849873558
17924,0.4981666666666665,0,1,0,408036,197574,36238,71718,1.8301344992404314,0.2663205739494675
17925,0.4981666666666666,3,16,3,408052,197558,36241,71715,1.8299862907110305,0.26632822451564026
17926,0.4981666666666667,1,8,1,408060,197550,36242,71714,1.82991218644633,0.26633341256164955
17927,0.4981785714285716,0,2,0,408062,197548,36242,71714,1.8298936603801548,0.26633539080895186
17928,0.4982142857142857,1,2,1,408064,197546,36243,71713,1.8298751343139799,0.26633464433872217
17929,0.49825,1,2,1,408066,197544,36244,71712,1.8298566082478047,0.26633389785185846
17930,0.4982619047619048,0,1,0,408067,197543,36244,71712,1.829847345214717,0.2663348870030269
17931,0.4982857142857143,0,2,0,408069,197541,36244,71712,1.829828819148542,0.2663368653274058
17932,0.4983095238095238,0,1,0,408070,197540,36244,71712,1.8298195561154544,0.26633785450061653
17933,0.4983333333333333,60,354,60,408424,197186,36304,71652,1.8265404424024603,0.26652482163979796
17934,0.4983333333333334,0,1,0,408425,197185,36304,71652,1.8265311793693728,0.2665258130391278
17935,0.4983571428571427,1,3,1,408428,197182,36305,71651,1.82650339027011,0.26652605892877734
17936,0.4983571428571429,0,2,0,408430,197180,36305,71651,1.8264848642039349,0.2665280417808958
17937,0.4983690476190477,0,1,0,408431,197179,36305,71651,1.8264756011708474,0.2665290332180188
17938,0.4983809523809524,0,1,0,408432,197178,36305,71651,1.82646633813776,0.2665300246625178
17939,0.4983888888888888,1,1,1,408433,197177,36306,71650,1.8264570751046723,0.2665282877091959
17940,0.4984126984126984,1,1,1,408434,197176,36307,71649,1.8264478120715848,0.26652655073002884
17941,0.4984444444444444,0,1,0,408435,197175,36307,71649,1.8264385490384971,0.2665275421837336
17942,0.4984761904761904,0,1,0,408436,197174,36307,71649,1.8264292860054097,0.2665285336448146
17943,0.4984999999999999,0,2,0,408438,197172,36307,71649,1.8264107599392345,0.26653051658910576
17944,0.4985,7,25,7,408463,197147,36314,71642,1.8261791841120456,0.26653620497862635
17945,0.4985000000000001,1,0,1,408463,197147,36315,71641,1.8261791841120456,0.266533476196854
17946,0.4985238095238095,1,1,1,408464,197146,36316,71640,1.8261699210789581,0.26653173900426363
17947,0.4985714285714285,1,1,1,408465,197145,36317,71639,1.8261606580458705,0.2665300017858206
17948,0.4985714285714286,0,4,0,408469,197141,36317,71639,1.8261236059135204,0.2665339683012129
17949,0.4986190476190476,0,1,0,408470,197140,36317,71639,1.8261143428804327,0.2665349599485079
17950,0.4986190476190477,0,1,0,408471,197139,36317,71639,1.8261050798473453,0.26653595160318183
17951,0.4986269841269841,0,2,0,408473,197137,36317,71639,1.8260865537811701,0.26653793493466676
17952,0.4986363636363636,0,1,0,408474,197136,36317,71639,1.8260772907480824,0.266538926611478
17953,0.4986666666666666,4,25,4,408499,197111,36321,71635,1.8258457149208938,0.26655280450685775
17954,0.4986666666666667,0,4,0,408503,197107,36321,71635,1.8258086627885435,0.26655677192251304
17955,0.4986904761904761,0,1,0,408504,197106,36321,71635,1.825799399755456,0.26655776379488055
17956,0.4986904761904762,1,1,1,408505,197105,36322,71634,1.8257901367223683,0.26655602647922333
17957,0.4987142857142857,0,1,0,408506,197104,36322,71634,1.8257808736892809,0.26655701835988954
17958,0.49875,3,4,3,408510,197100,36325,71631,1.8257438215569306,0.26655279815131117
17959,0.4987619047619047,0,1,0,408511,197099,36325,71631,1.8257345585238431,0.26655379004949203
17960,0.4987738095238095,0,1,0,408512,197098,36325,71631,1.8257252954907555,0.2665547819550551
17961,0.4988095238095237,0,1,0,408513,197097,36325,71631,1.825716032457668,0.26655577386800033
17962,0.4988095238095238,0,4,0,408517,197093,36325,71631,1.8256789803253177,0.26655974159360535
17963,0.4988333333333332,0,2,0,408519,197091,36325,71631,1.8256604542591426,0.26656172550070334
17964,0.4988333333333333,1,10,1,408529,197081,36326,71630,1.825567823928267,0.266568916047352
17965,0.4988333333333334,1,1,1,408530,197080,36327,71629,1.8255585608951794,0.2665671786207384
17966,0.4988571428571429,0,2,0,408532,197078,36327,71629,1.8255400348290045,0.266569162693938
17967,0.4988888888888889,0,2,0,408534,197076,36327,71629,1.8255215087628294,0.26657114679667293
17968,0.4989047619047619,0,1,0,408535,197075,36327,71629,1.8255122457297417,0.26657213885911635
17969,0.4989102564102564,0,1,0,408536,197074,36327,71629,1.8255029826966542,0.26657313092894386
17970,0.4989285714285714,0,2,0,408538,197072,36327,71629,1.825484456630479,0.26657511509075144
17971,0.4989523809523809,1,1,1,408539,197071,36328,71628,1.8254751935973916,0.26657337764561834
17972,0.498968253968254,2,1,2,408540,197070,36330,71626,1.825465930564304,0.266568910590407
17973,0.4989761904761904,2,3,2,408543,197067,36332,71624,1.8254381414650414,0.2665664276064327
17974,0.4989999999999999,0,2,0,408545,197065,36332,71624,1.8254196153988662,0.26656841180695895
17975,0.499,9,58,9,408603,197007,36341,71615,1.824882359479788,0.2666013952691887
17976,0.4990151515151514,0,1,0,408604,197006,36341,71615,1.8248730964467006,0.26660238775077155
17977,0.4990238095238096,0,2,0,408606,197004,36341,71615,1.8248545703805255,0.26660437273610577
17978,0.4990476190476191,1,5,1,408611,196999,36342,71614,1.8248082552150877,0.26660660504145367
17979,0.4990634920634922,0,2,0,408613,196997,36342,71614,1.8247897291489126,0.2666085901173072
17980,0.4990952380952381,0,4,0,408617,196993,36342,71614,1.8247526770165623,0.2666125603576973
17981,0.4991428571428571,0,1,0,408618,196992,36342,71614,1.8247434139834748,0.266613552936271
17982,0.4991666666666665,1,1,1,408619,196991,36343,71613,1.8247341509503872,0.26661181516284194
17983,0.4991666666666666,11,76,11,408695,196915,36354,71602,1.8240301604357332,0.26665723213055414
17984,0.4991666666666667,5,50,5,408745,196865,36359,71597,1.8235670087813554,0.2666932377766686
17985,0.4991904761904762,0,1,0,408746,196864,36359,71597,1.823557745748268,0.26669423119186775
17986,0.49925,0,1,0,408747,196863,36359,71597,1.8235484827151802,0.2666952246144677
17987,0.4992857142857142,1,1,1,408748,196862,36360,71596,1.8235392196820928,0.26669348650440666
17988,0.4992857142857143,1,4,1,408752,196858,36361,71595,1.8235021675497425,0.26669472868621324
17989,0.4993095238095239,0,1,0,408753,196857,36361,71595,1.823492904516655,0.2666957221402709
17990,0.4993333333333333,6,48,6,408801,196809,36367,71589,1.8230482789284523,0.2667270247915409
17991,0.4993571428571428,0,2,0,408803,196807,36367,71589,1.8230297528622772,0.2667290123548786
17992,0.4993809523809524,1,0,1,408803,196807,36368,71588,1.8230297528622772,0.2667262802958326
17993,0.4994047619047619,1,1,1,408804,196806,36369,71587,1.8230204898291897,0.2667245419962518
17994,0.4994444444444444,1,2,1,408806,196804,36370,71586,1.8230019637630146,0.2667237974589217
17995,0.4994999999999999,0,1,0,408807,196803,36370,71586,1.822992700729927,0.2667247912544851
17996,0.4995,4,11,4,408818,196792,36374,71582,1.822890807365964,0.2667247945031933
17997,0.4995000000000001,0,2,0,408820,196790,36374,71582,1.8228722812997888,0.26672678222765417
17998,0.4995238095238095,1,0,1,408820,196790,36375,71581,1.8228722812997888,0.26672404991597454
17999,0.4995685425685425,0,1,0,408821,196789,36375,71581,1.8228630182667012,0.2667250437828371
18000,0.499579365079365,0,1,0,408822,196788,36375,71581,1.8228537552336137,0.26672603765710645
18001,0.4995833333333332,0,2,0,408824,196786,36375,71581,1.8228352291674386,0.26672802542786556
18002,0.4995833333333334,0,2,0,408826,196784,36375,71581,1.8228167031012634,0.26673001322825257
18003,0.499595238095238,0,1,0,408827,196783,36375,71581,1.822807440068176,0.2667310071395567
18004,0.4996190476190477,2,1,2,408828,196782,36377,71579,1.8227981770350883,0.2667265362701734
18005,0.4996309523809523,0,1,0,408829,196781,36377,71579,1.8227889140020008,0.26672753018333584
18006,0.4996428571428571,1,0,1,408829,196781,36378,71578,1.8227889140020008,0.2667247977522647
18007,0.4996666666666665,0,1,0,408830,196780,36378,71578,1.8227796509689134,0.2667257916663561
18008,0.4996666666666666,3,8,3,408838,196772,36381,71575,1.8227055467042128,0.26672554565543866
18009,0.4996666666666667,2,7,2,408845,196765,36383,71573,1.8226407054726,0.2667270382875329
18010,0.4996753246753246,0,2,0,408847,196763,36383,71573,1.8226221794064248,0.26672902629539086
18011,0.4997142857142856,0,5,0,408852,196758,36383,71573,1.822575864240987,0.2667339964446896
18012,0.4997222222222222,0,1,0,408853,196757,36383,71573,1.8225666012078996,0.26673499049677635
18013,0.4997222222222223,1,0,1,408853,196757,36384,71572,1.8225666012078996,0.26673225778801396
18014,0.49975,0,1,0,408854,196756,36384,71572,1.822557338174812,0.26673325184103036
18015,0.4997619047619047,1,1,1,408855,196755,36385,71571,1.8225480751417245,0.26673151315936583
18016,0.4997619047619048,0,2,0,408857,196753,36385,71571,1.8225295490755493,0.26673350128948586
18017,0.4997857142857143,0,2,0,408859,196751,36385,71571,1.8225110230093742,0.2667354894492438
18018,0.4998333333333333,3,13,3,408872,196738,36388,71568,1.8223906035792359,0.26674021453116964
18019,0.4998690476190476,0,1,0,408873,196737,36388,71568,1.8223813405461484,0.26674120869905515
18020,0.4998809523809524,0,1,0,408874,196736,36388,71568,1.822372077513061,0.26674220287435146
18021,0.4998939393939394,0,1,0,408875,196735,36388,71568,1.8223628144799733,0.2667431970570586
18022,0.4999047619047619,0,1,0,408876,196734,36388,71568,1.8223535514468858,0.2667441912471767
18023,0.499952380952381,0,1,0,408877,196733,36388,71568,1.8223442884137981,0.26674518544470577
18024,0.4999999999999999,5,27,5,408904,196706,36393,71563,1.8220941865204343,0.2667583656702787
18025,0.5,528,2902,528,411806,193804,36921,71035,1.795212864500352,0.2682195598080343
18026,0.5000000000000001,6,30,6,411836,193774,36927,71029,1.7949349735077254,0.2682333659361865
18027,0.5000357142857144,0,3,0,411839,193771,36927,71029,1.7949071844084628,0.2682364048338369
18028,0.5000714285714285,1,0,1,411839,193771,36928,71028,1.7949071844084628,0.26823364136571515
18029,0.5000833333333333,0,1,0,411840,193770,36928,71028,1.794897921375375,0.2682346543402896
18030,0.5000952380952381,1,1,1,411841,193769,36929,71027,1.7948886583422876,0.2682329038202994
18031,0.5001190476190476,1,1,1,411842,193768,36930,71026,1.7948793953092002,0.2682311532738657
18032,0.5001428571428571,0,1,0,411843,193767,36930,71026,1.7948701322761125,0.2682321662581715
18033,0.5001666666666665,0,1,0,411844,193766,36930,71026,1.794860869243025,0.2682331792501284
18034,0.5001666666666666,2,14,2,411858,193752,36932,71024,1.7947311867797993,0.2682418346073662
18035,0.5001666666666668,0,4,0,411862,193748,36932,71024,1.794694134647449,0.26824588702732916
18036,0.500202380952381,0,1,0,411863,193747,36932,71024,1.7946848716143613,0.26824690015145164
18037,0.5002142857142857,1,0,1,411863,193747,36933,71023,1.7946848716143613,0.2682441364202893
18038,0.5002326007326007,0,1,0,411864,193746,36933,71023,1.7946756085812738,0.2682451495454528
18039,0.5002380952380951,0,1,0,411865,193745,36933,71023,1.7946663455481864,0.2682461626782693
18040,0.5002380952380953,0,4,0,411869,193741,36933,71023,1.794629293415836,0.2682502152860661
18041,0.50025,0,1,0,411870,193740,36933,71023,1.7946200303827484,0.2682512284571485
18042,0.5002619047619048,1,0,1,411870,193740,36934,71022,1.7946200303827484,0.2682484646588257
18043,0.5002777777777778,1,1,1,411871,193739,36935,71021,1.794610767349661,0.2682467140051367
18044,0.5002857142857142,0,1,0,411872,193738,36935,71021,1.7946015043165735,0.26824772717830175
18045,0.5002857142857143,0,2,0,411874,193736,36935,71021,1.7945829782503984,0.2682497535475927
18046,0.5003186274509804,0,3,0,411877,193733,36935,71021,1.7945551891511355,0.26825279315893247
18047,0.5003333333333333,4,11,4,411888,193722,36939,71017,1.7944532957871726,0.26825288302819
18048,0.5003333333333334,0,9,0,411897,193713,36939,71017,1.7943699284893846,0.2682620027953009
18049,0.5003571428571428,0,4,0,411901,193709,36939,71017,1.7943328763570343,0.26826605622417143
18050,0.5003809523809525,0,1,0,411902,193708,36939,71017,1.7943236133239469,0.2682670696005289
18051,0.5004166666666666,0,5,0,411907,193703,36939,71017,1.7942772981585091,0.26827213659715926
18052,0.5004166666666667,1,0,1,411907,193703,36940,71016,1.7942772981585091,0.26826937242887744
18053,0.5004285714285713,2,0,2,411907,193703,36942,71014,1.7942772981585091,0.26826384402966186
18054,0.5004444444444445,0,1,0,411908,193702,36942,71014,1.7942680351254214,0.2682648574321159
18055,0.500452380952381,0,1,0,411909,193701,36942,71014,1.794258772092334,0.26826587084222653
18056,0.5004701687201688,3,2,3,411911,193699,36945,71011,1.7942402460261588,0.2682596048505912
18057,0.5004761904761904,1,0,1,411911,193699,36946,71010,1.7942402460261588,0.2682568405305449
18058,0.5004761904761905,1,0,1,411911,193699,36947,71009,1.7942402460261588,0.2682540761896127
18059,0.5005,2,13,2,411924,193686,36949,71007,1.7941198265960205,0.2682617220704741
18060,0.5005000000000001,0,2,0,411926,193684,36949,71007,1.7941013005298454,0.26826374905078
18061,0.5005238095238095,0,1,0,411927,193683,36949,71007,1.794092037496758,0.2682647625524198
18062,0.5005555555555555,0,2,0,411929,193681,36949,71007,1.7940735114305828,0.2682667895786738
18063,0.5005714285714286,0,1,0,411930,193680,36949,71007,1.7940642483974953,0.268267803103288
18064,0.5006060606060605,0,1,0,411931,193679,36949,71007,1.7940549853644077,0.2682688166355606
18065,0.5006190476190476,0,1,0,411932,193678,36949,71007,1.7940457223313202,0.2682698301754916
18066,0.5006349206349205,0,1,0,411933,193677,36949,71007,1.7940364592982325,0.26827084372308113
18067,0.5006428571428572,0,2,0,411935,193675,36949,71007,1.7940179332320576,0.2682728708412359
18068,0.5006666666666666,5,32,5,411967,193643,36954,71002,1.7937215161732558,0.2682914848192862
18069,0.5006666666666667,0,7,0,411974,193636,36954,71002,1.793656674941643,0.2682985814584451
18070,0.5006666666666668,0,1,0,411975,193635,36954,71002,1.7936474119085553,0.26829959529468667
18071,0.5006904761904762,1,1,1,411976,193634,36955,71001,1.7936381488754678,0.26829784420050257
18072,0.5006944444444444,0,1,0,411977,193633,36955,71001,1.7936288858423803,0.26829885804545145
18073,0.5007142857142857,1,10,1,411987,193623,36956,71000,1.7935362555115046,0.2683062318846057
18074,0.5007142857142858,0,1,0,411988,193622,36956,71000,1.7935269924784172,0.2683072458072269
18075,0.50075,0,3,0,411991,193619,36956,71000,1.7934992033791544,0.2683102876210703
18076,0.5007857142857143,0,1,0,411992,193618,36956,71000,1.793489940346067,0.2683113015743449
18077,0.5008168498168499,0,1,0,411993,193617,36956,71000,1.7934806773129794,0.26831231553528306
18078,0.5008181818181818,0,1,0,411994,193616,36956,71000,1.7934714142798918,0.26831332950388487
18079,0.5008333333333332,14,63,14,412057,193553,36970,70986,1.7928878431953759,0.26833850585357927
18080,0.5008333333333334,13,80,13,412137,193473,36983,70973,1.7921468005483716,0.26838371538990946
18081,0.5008333333333335,0,3,0,412140,193470,36983,70973,1.7921190114491088,0.2683867600957484
18082,0.5008571428571428,0,3,0,412143,193467,36983,70973,1.7920912223498462,0.2683898048706701
18083,0.500857142857143,1,0,1,412143,193467,36984,70972,1.7920912223498462,0.2683870382205348
18084,0.5008809523809523,0,2,0,412145,193465,36984,70972,1.792072696283671,0.26838906809561447
18085,0.500904761904762,0,1,0,412146,193464,36984,70972,1.7920634332505836,0.26839008304466866
18086,0.5009285714285714,0,1,0,412147,193463,36984,70972,1.792054170217496,0.2683910980013992
18087,0.5009448051948051,0,1,0,412148,193462,36984,70972,1.7920449071844085,0.26839211296580623
18088,0.5009523809523809,0,3,0,412151,193459,36984,70972,1.7920171180851459,0.2683951579050868
18089,0.500952380952381,0,2,0,412153,193457,36984,70972,1.7919985920189707,0.268397187902991
18090,0.5009545454545454,1,0,1,412153,193457,36985,70971,1.7919985920189707,0.26839442116568596
18091,0.5009999999999999,0,6,0,412159,193451,36985,70971,1.7919430138204453,0.2684005113039006
18092,0.501,11,67,11,412226,193384,36996,70960,1.7913223906035793,0.2684380958145447
18093,0.5010000000000001,0,1,0,412227,193383,36996,70960,1.7913131275704917,0.2684391113061439
18094,0.5010119047619048,0,1,0,412228,193382,36996,70960,1.7913038645374042,0.2684401268054263
18095,0.5010227272727272,0,2,0,412230,193380,36996,70960,1.791285338471229,0.26844215782704095
18096,0.5010238095238095,1,1,1,412231,193379,36997,70959,1.7912760754381414,0.268440405844033
18097,0.5010833333333333,0,1,0,412232,193378,36997,70959,1.791266812405054,0.2684414213674211
18098,0.5010897435897437,0,1,0,412233,193377,36997,70959,1.7912575493719665,0.26844243689849284
18099,0.5010952380952379,0,1,0,412234,193376,36997,70959,1.7912482863388788,0.2684434524372482
18100,0.501095238095238,0,1,0,412235,193375,36997,70959,1.7912390233057913,0.2684444679836873
18101,0.5011428571428571,0,3,0,412238,193372,36997,70959,1.7912112342065285,0.26844751466910804
18102,0.5011666666666666,1,9,1,412247,193363,36998,70958,1.7911278669087407,0.26845388750799215
18103,0.5011666666666668,0,2,0,412249,193361,36998,70958,1.7911093408425656,0.2684559187950923
18104,0.5011904761904762,2,2,2,412251,193359,37000,70956,1.7910908147763904,0.26845241473242154
18105,0.5012142857142856,0,1,0,412252,193358,37000,70956,1.7910815517433027,0.26845343038961234
18106,0.5012222222222221,0,1,0,412253,193357,37000,70956,1.7910722887102153,0.2684544460544884
18107,0.5012222222222222,1,2,1,412255,193355,37001,70955,1.7910537626440401,0.2684537096591124
18108,0.5012272727272727,0,1,0,412256,193354,37001,70955,1.7910444996109527,0.268454725340416
18109,0.50125,0,4,0,412260,193350,37001,70955,1.7910074474786024,0.2684587881424869
18110,0.5012777777777777,0,2,0,412262,193348,37001,70955,1.7909889214124273,0.26846081958963763
18111,0.5012857142857143,0,1,0,412263,193347,37001,70955,1.7909796583793398,0.26846183532474216
18112,0.501297619047619,0,3,0,412266,193344,37001,70955,1.790951869280077,0.2684648825761732
18113,0.5013015873015872,0,1,0,412267,193343,37001,70955,1.7909426062469895,0.268465898342023
18114,0.5013015873015874,0,1,0,412268,193342,37001,70955,1.7909333432139019,0.2684669141155594
18115,0.5013095238095239,1,1,1,412269,193341,37002,70954,1.7909240801808144,0.26846516203484744
18116,0.5013333333333333,6,39,6,412308,193302,37008,70948,1.7905628218903997,0.268488174077578
18117,0.5013333333333334,2,1,2,412309,193301,37010,70946,1.7905535588573123,0.2684836535514121
18118,0.5013636363636363,0,1,0,412310,193300,37010,70946,1.7905442958242246,0.2684846695881868
18119,0.5013636363636365,0,1,0,412311,193299,37010,70946,1.7905350327911371,0.2684856856326515
18120,0.5014166666666666,0,1,0,412312,193298,37010,70946,1.7905257697580497,0.2684867016848065
18121,0.5014177489177488,1,2,1,412314,193296,37011,70945,1.7905072436918745,0.26848596546334597
18122,0.5014285714285713,0,7,0,412321,193289,37011,70945,1.7904424024602617,0.268493078105013
18123,0.5014285714285714,2,2,2,412323,193287,37013,70943,1.7904238763940865,0.26848957347765207
18124,0.501436507936508,1,0,1,412323,193287,37014,70942,1.7904238763940865,0.2684868050062635
18125,0.5015,4,21,4,412344,193266,37018,70938,1.7902293526992479,0.2684970704455648
18126,0.5015000000000001,0,1,0,412345,193265,37018,70938,1.7902200896661602,0.2684980866984856
18127,0.5015238095238095,1,1,1,412346,193264,37019,70937,1.7902108266330727,0.2684963342303776
18128,0.501547619047619,1,2,1,412348,193262,37020,70936,1.7901923005668976,0.26849559799847084
18129,0.5015714285714286,1,0,1,412348,193262,37021,70935,1.7901923005668976,0.26849282921456336
18130,0.5015833333333333,0,1,0,412349,193261,37021,70935,1.7901830375338101,0.268493845478357
18131,0.5015833333333334,0,1,0,412350,193260,37021,70935,1.7901737745007225,0.2684948617498439
18132,0.501607142857143,0,1,0,412351,193259,37021,70935,1.790164511467635,0.26849587802902414
18133,0.5016111111111111,0,2,0,412353,193257,37021,70935,1.7901459854014599,0.26849791061046513
18134,0.5016190476190476,0,1,0,412354,193256,37021,70935,1.7901367223683724,0.26849892691272603
18135,0.5016349206349207,0,4,0,412358,193252,37021,70935,1.7900996702360221,0.2685029921987077
18136,0.5016666666666666,47,236,47,412594,193016,37068,70888,1.7879135944273592,0.2686128289074815
18137,0.5016666666666667,28,144,28,412738,192872,37096,70860,1.7865797176627516,0.2686818436898063
18138,0.5016904761904761,0,1,0,412739,192871,37096,70860,1.786570454629664,0.26868286246212997
18139,0.5016904761904762,1,3,1,412742,192868,37097,70859,1.7865426655304013,0.26868314582883057
18140,0.5017142857142857,1,2,1,412744,192866,37098,70858,1.7865241394642262,0.2686824103987502
18141,0.5017301587301587,0,1,0,412745,192865,37098,70858,1.7865148764311387,0.2686834292041271
18142,0.5017460317460318,0,1,0,412746,192864,37098,70858,1.786505613398051,0.2686844480172303
18143,0.5017539682539683,0,1,0,412747,192863,37098,70858,1.7864963503649636,0.26868546683805994
18144,0.501785409035409,0,1,0,412748,192862,37098,70858,1.786487087331876,0.2686864856666161
18145,0.5017857142857143,1,4,1,412752,192858,37099,70857,1.7864500351995258,0.2686877879529037
18146,0.5018333333333332,1,1,1,412753,192857,37100,70856,1.7864407721664382,0.2686860336805542
18147,0.5018333333333334,3,19,3,412772,192838,37103,70853,1.7862647745377747,0.26869707346856736
18148,0.5018611111111111,0,4,0,412776,192834,37103,70853,1.7862277224054244,0.26870114946887785
18149,0.5019047619047619,0,2,0,412778,192832,37103,70853,1.7862091963392492,0.2687031875154066
18150,0.5019285714285714,0,1,0,412779,192831,37103,70853,1.7861999333061618,0.2687042065502647
18151,0.5019761904761905,0,4,0,412783,192827,37103,70853,1.7861628811738115,0.26870828276699027
18152,0.502,12,72,12,412855,192755,37115,70841,1.7854959427915076,0.26874838768418335
18153,0.5020000000000001,0,3,0,412858,192752,37115,70841,1.785468153692245,0.2687514463585907
18154,0.502008658008658,0,2,0,412860,192750,37115,70841,1.7854496276260698,0.26875348551354183
18155,0.5020238095238095,0,4,0,412864,192746,37115,70841,1.7854125754937196,0.26875756391627814
18156,0.5020476190476191,2,1,2,412865,192745,37117,70839,1.785403312460632,0.2687530350855894
18157,0.5020555555555555,1,0,1,412865,192745,37118,70838,1.785403312460632,0.2687502608286574
18158,0.5020714285714285,0,7,0,412872,192738,37118,70838,1.7853384712290192,0.2687573982456673
18159,0.5020746753246752,0,1,0,412873,192737,37118,70838,1.7853292081959318,0.26875841790761645
18160,0.5020833333333333,1,3,1,412876,192734,37119,70837,1.785301419096669,0.2687587025886763
18161,0.502095238095238,1,1,1,412877,192733,37120,70836,1.7852921560635815,0.26875694789599686
18162,0.5021190476190476,0,1,0,412878,192732,37120,70836,1.7852828930304938,0.26875796758331816
18163,0.5021428571428571,2,6,2,412884,192726,37122,70834,1.7852273148319686,0.2687585369555319
18164,0.5021666666666665,0,1,0,412885,192725,37122,70834,1.785218051798881,0.2687595566837027
18165,0.5021666666666667,4,14,4,412899,192711,37126,70830,1.7850883693356552,0.26876273521008115
18166,0.5021904761904762,0,2,0,412901,192709,37126,70830,1.7850698432694803,0.2687647748530578
18167,0.5022142857142857,1,0,1,412901,192709,37127,70829,1.7850698432694803,0.26876200016695884
18168,0.5022142857142858,0,3,0,412904,192706,37127,70829,1.7850420541702174,0.2687650596694936
18169,0.5022222222222222,0,2,0,412906,192704,37127,70829,1.7850235281040423,0.2687670993765487
18170,0.5022619047619047,1,1,1,412907,192703,37128,70828,1.7850142650709548,0.26876534449457556
18171,0.5022777777777778,0,1,0,412908,192702,37128,70828,1.7850050020378674,0.2687663643607938
18172,0.5022817460317459,0,2,0,412910,192700,37128,70828,1.7849864759716922,0.26876840411645064
18173,0.5022857142857142,0,1,0,412911,192699,37128,70828,1.7849772129386046,0.2687694240058893
18174,0.5023134920634921,0,1,0,412912,192698,37128,70828,1.784967949905517,0.26877044390306837
18175,0.5023333333333333,6,40,6,412952,192658,37134,70822,1.784597428582015,0.2687945954152118
18176,0.5023333333333334,0,1,0,412953,192657,37134,70822,1.7845881655489273,0.26879561558985726
18177,0.5023571428571428,0,2,0,412955,192655,37134,70822,1.7845696394827522,0.26879765596238003
18178,0.5023809523809524,0,3,0,412958,192652,37134,70822,1.7845418503834896,0.26880071657924504
18179,0.5024285714285714,0,1,0,412959,192651,37134,70822,1.784532587350402,0.26880173680035524
18180,0.5024444444444444,0,1,0,412960,192650,37134,70822,1.7845233243173144,0.2688027570292099
18181,0.5025,56,339,56,413299,192311,37190,70766,1.7813831561006337,0.26899348859839517
18182,0.5025000000000001,0,5,0,413304,192306,37190,70766,1.7813368409351957,0.26899860114341323
18183,0.5025119047619048,0,1,0,413305,192305,37190,70766,1.7813275779021083,0.2689996236757377
18184,0.5025238095238095,1,2,1,413307,192303,37191,70765,1.7813090518359331,0.2689988900208311
18185,0.5025714285714286,0,1,0,413308,192302,37191,70765,1.7812997888028457,0.2689999125698016
18186,0.5026025641025642,0,3,0,413311,192299,37191,70765,1.7812719997035829,0.26900298026335795
18187,0.5026190476190476,0,1,0,413312,192298,37191,70765,1.7812627366704954,0.26900400284342535
18188,0.5026493506493507,1,1,1,413313,192297,37192,70764,1.781253473637408,0.2690022466272081
18189,0.5026666666666666,1,1,1,413314,192296,37193,70763,1.7812442106043203,0.2690004903842864
18190,0.5026666666666667,11,44,11,413358,192252,37204,70752,1.7808366371484678,0.26901491992517224
18191,0.5026785714285714,1,0,1,413358,192252,37205,70751,1.7808366371484678,0.2690121405459253
18192,0.5026904761904762,0,1,0,413359,192251,37205,70751,1.7808273741153804,0.26901316339799697
18193,0.5027045454545455,0,1,0,413360,192250,37205,70751,1.7808181110822927,0.26901418625784695
18194,0.5027142857142857,0,2,0,413362,192248,37205,70751,1.7807995850161176,0.26901623200088215
18195,0.5027380952380952,0,1,0,413363,192247,37205,70751,1.7807903219830301,0.2690172548840676
18196,0.5027777777777778,0,3,0,413366,192244,37205,70751,1.7807625328837675,0.2690203235802962
18197,0.5027777777777779,0,1,0,413367,192243,37205,70751,1.7807532698506798,0.26902134649459686
18198,0.5027857142857143,0,1,0,413368,192242,37205,70751,1.7807440068175924,0.2690223694166765
18199,0.5028095238095238,1,1,1,413369,192241,37206,70750,1.7807347437845047,0.26902061287268386
18200,0.5028333333333332,0,1,0,413370,192240,37206,70750,1.7807254807514172,0.26902163580364274
18201,0.5028333333333334,3,10,3,413380,192230,37209,70747,1.7806328504205418,0.2690235267723033
18202,0.5028571428571429,0,6,0,413386,192224,37209,70747,1.7805772722220163,0.26902966486798924
18203,0.5028759018759018,0,1,0,413387,192223,37209,70747,1.7805680091889289,0.2690306879111686
18204,0.5028809523809524,0,1,0,413388,192222,37209,70747,1.7805587461558412,0.26903171096212863
18205,0.5028888888888888,0,1,0,413389,192221,37209,70747,1.7805494831227537,0.26903273402086947
18206,0.5029166666666667,1,4,1,413393,192217,37210,70746,1.7805124309904035,0.26903404661492303
18207,0.5029365079365079,0,1,0,413394,192216,37210,70746,1.780503167957316,0.2690350697058891
18208,0.5029523809523809,0,1,0,413395,192215,37210,70746,1.7804939049242283,0.2690360928046364
18209,0.5029722222222223,1,0,1,413395,192215,37211,70745,1.7804939049242283,0.26903331305141465
18210,0.5029761904761905,0,2,0,413397,192213,37211,70745,1.7804753788580532,0.26903535925889305
18211,0.5029999999999999,0,1,0,413398,192212,37211,70745,1.7804661158249657,0.26903638237430455
18212,0.503,9,52,9,413450,192160,37220,70736,1.779984438104413,0.26906457306311243
18213,0.5030158730158729,0,1,0,413451,192159,37220,70736,1.7799751750713253,0.2690655965309344
18214,0.5030454545454545,0,1,0,413452,192158,37220,70736,1.7799659120382378,0.2690666200065426
18215,0.5030476190476191,0,2,0,413454,192156,37220,70736,1.7799473859720627,0.2690686669811177
18216,0.5030555555555556,0,2,0,413456,192154,37220,70736,1.7799288599058876,0.2690707139868386
18217,0.5031111111111112,0,2,0,413458,192152,37220,70736,1.7799103338397124,0.2690727610237059
18218,0.5031428571428571,1,0,1,413458,192152,37221,70735,1.7799103338397124,0.2690699806380688
18219,0.5031558441558444,0,1,0,413459,192151,37221,70735,1.779901070806625,0.26907100416149965
18220,0.5031666666666667,4,17,4,413476,192134,37225,70731,1.7797435992441366,0.2690772830159968
18221,0.5031904761904762,0,1,0,413477,192133,37225,70731,1.779734336211049,0.2690783066528699
18222,0.5032142857142857,1,3,1,413480,192130,37226,70730,1.7797065471117863,0.26907859697177205
18223,0.5032222222222222,0,1,0,413481,192129,37226,70730,1.7796972840786986,0.2690796206331151
18224,0.5032619047619048,0,2,0,413483,192127,37226,70730,1.7796787580125237,0.2690816679791674
18225,0.5032738095238095,0,1,0,413484,192126,37226,70730,1.779669494979436,0.26908269166387677
18226,0.5032777777777778,0,4,0,413488,192122,37226,70730,1.7796324428470858,0.2690867864806051
18227,0.5032857142857143,0,2,0,413490,192120,37226,70730,1.7796139167809106,0.26908883393570476
18228,0.503297619047619,0,2,0,413492,192118,37226,70730,1.7795953907147357,0.2690908814219625
18229,0.5033253968253969,0,1,0,413493,192117,37226,70730,1.779586127681648,0.26909190517677584
18230,0.5033333333333333,42,270,42,413763,191847,37268,70688,1.7770851087480084,0.26925171881844323
18231,0.5033333333333334,55,351,55,414114,191496,37323,70633,1.7738337841342768,0.26945893052657277
18232,0.5033492063492063,0,2,0,414116,191494,37323,70633,1.773815258068102,0.2694609864683913
18233,0.5033658008658007,1,0,1,414116,191494,37324,70632,1.773815258068102,0.2694581994918474
18234,0.5033809523809524,0,1,0,414117,191493,37324,70632,1.7738059950350142,0.26945922746781115
18235,0.503452380952381,1,1,1,414118,191492,37325,70631,1.7737967320019268,0.26945746844038865
18236,0.5034920634920634,0,1,0,414119,191491,37325,70631,1.773787468968839,0.26945849642532865
18237,0.5035,1,0,1,414119,191491,37326,70630,1.773787468968839,0.2694557093861232
18238,0.5035000000000001,5,34,5,414153,191457,37331,70625,1.7734725258438624,0.2694767286574431
18239,0.5035238095238095,1,0,1,414153,191457,37332,70624,1.7734725258438624,0.2694739412624341
18240,0.5035714285714286,3,5,3,414158,191452,37335,70621,1.7734262106784247,0.26947071999023176
18241,0.5035833333333334,0,1,0,414159,191451,37335,70621,1.773416947645337,0.2694717482218627
18242,0.5035952380952381,0,1,0,414160,191450,37335,70621,1.7734076846122495,0.2694727764613406
18243,0.5036111111111111,0,3,0,414163,191447,37335,70621,1.7733798955129867,0.2694758612268571
18244,0.5036190476190476,0,1,0,414164,191446,37335,70621,1.7733706324798992,0.26947688949772386
18245,0.5036666666666666,0,3,0,414167,191443,37335,70621,1.7733428433806366,0.2694799743574089
18246,0.5036666666666667,1,28,1,414195,191415,37336,70620,1.7730834784541851,0.26950598202530196
18247,0.5036984126984128,1,1,1,414196,191414,37337,70619,1.7730742154210974,0.26950422275056957
18248,0.5037142857142857,0,1,0,414197,191413,37337,70619,1.77306495238801,0.2695052512670208
18249,0.5037142857142858,0,1,0,414198,191412,37337,70619,1.7730556893549223,0.2695062797913224
18250,0.5037499999999999,0,1,0,414199,191411,37337,70619,1.7730464263218348,0.2695073083234744
18251,0.50375,2,6,2,414205,191405,37339,70617,1.7729908481233094,0.269507903916465
18252,0.5038095238095238,1,4,1,414209,191401,37340,70616,1.7729537959909594,0.2695092303171168
18253,0.5038311688311689,1,1,1,414210,191400,37341,70615,1.7729445329578717,0.2695074709463199
18254,0.5038333333333332,0,5,0,414215,191395,37341,70615,1.772898217792434,0.26951261402236554
18255,0.5038333333333334,3,5,3,414220,191390,37344,70612,1.7728519026269962,0.26950939305806826
18256,0.5038571428571429,0,3,0,414223,191387,37344,70612,1.7728241135277336,0.26951247905526354
18257,0.5038690476190476,0,1,0,414224,191386,37344,70612,1.772814850494646,0.2695135077367003
18258,0.5038809523809524,1,2,1,414226,191384,37345,70611,1.7727963244284708,0.2695127769613924
18259,0.5038888888888888,0,1,0,414227,191383,37345,70611,1.7727870613953833,0.2695138056596716
18260,0.5039166666666667,0,2,0,414229,191381,37345,70611,1.7727685353292082,0.2695158630797887
18261,0.503952380952381,0,2,0,414231,191379,37345,70611,1.772750009263033,0.269517920531318
18262,0.5039761904761907,1,1,1,414232,191378,37346,70610,1.7727407462299456,0.26951616104554404
18263,0.5039999999999999,2,3,2,414235,191375,37348,70608,1.7727129571306828,0.2695136707343606
18264,0.504,24,115,24,414350,191260,37372,70584,1.7716477083256141,0.269565084554162
18265,0.5040238095238095,1,3,1,414353,191257,37373,70583,1.7716199192263515,0.26956538344026887
18266,0.504047619047619,0,1,0,414354,191256,37373,70583,1.7716106561932639,0.2695664129484149
18267,0.5040476190476191,1,3,1,414357,191253,37374,70582,1.7715828670940013,0.26956671186052283
18268,0.5040833333333334,0,1,0,414358,191252,37374,70582,1.7715736040609138,0.26956774139340195
18269,0.5041190476190477,1,1,1,414359,191251,37375,70581,1.7715643410278261,0.269565981239879
18270,0.5041428571428572,1,0,1,414359,191251,37376,70580,1.7715643410278261,0.26956319152430386
18271,0.5041666666666667,13,84,13,414443,191167,37389,70567,1.7707862462484716,0.2696134243162906
18272,0.5041666666666668,5,59,5,414502,191108,37394,70562,1.770239727296306,0.26966025910497954
18273,0.5041904761904761,0,2,0,414504,191106,37394,70562,1.7702212012301308,0.26966232019199904
18274,0.5041904761904762,0,1,0,414505,191105,37394,70562,1.7702119381970431,0.2696633507473239
18275,0.5041944444444444,0,1,0,414506,191104,37394,70562,1.7702026751639557,0.2696643813105256
18276,0.5042380952380953,0,2,0,414508,191102,37394,70562,1.7701841490977805,0.2696664424605601
18277,0.5042777777777778,1,0,1,414508,191102,37395,70561,1.7701841490977805,0.26966365133778947
18278,0.5042857142857143,2,9,2,414517,191093,37397,70559,1.7701007817999925,0.2696673444116613
18279,0.5043333333333333,1,8,1,414525,191085,37398,70558,1.7700266775352922,0.2696727984314505
18280,0.5043333333333334,5,27,5,414552,191058,37403,70553,1.7697765756419281,0.2696866721965055
18281,0.5043809523809524,0,1,0,414553,191057,37403,70553,1.7697673126088407,0.26968770306945455
18282,0.5044444444444445,1,2,1,414555,191055,37404,70552,1.7697487865426655,0.26968697320790347
18283,0.504452380952381,1,1,1,414556,191054,37405,70551,1.769739523509578,0.26968521243860016
18284,0.5045,0,3,0,414559,191051,37405,70551,1.7697117344103153,0.26968830513528186
18285,0.5045000000000001,1,20,1,414579,191031,37406,70550,1.7695264737485643,0.2697061330907061
18286,0.5045238095238096,0,1,0,414580,191030,37406,70550,1.7695172107154766,0.26970716415628104
18287,0.504530303030303,0,1,0,414581,191029,37406,70550,1.7695079476823892,0.2697081952297394
18288,0.504547619047619,1,0,1,414581,191029,37407,70549,1.7695079476823892,0.26970540335960974
18289,0.5045714285714284,0,1,0,414582,191028,37407,70549,1.7694986846493015,0.26970643443422015
18290,0.5045833333333333,0,5,0,414587,191023,37407,70549,1.7694523694838638,0.2697115899255272
18291,0.5046388888888889,0,1,0,414588,191022,37407,70549,1.7694431064507763,0.26971262104744026
18292,0.5046428571428571,0,1,0,414589,191021,37407,70549,1.7694338434176886,0.2697136521772375
18293,0.5046428571428572,0,4,0,414593,191017,37407,70549,1.7693967912853386,0.269717776775269
18294,0.5046587301587302,0,1,0,414594,191016,37407,70549,1.7693875282522509,0.269718807944488
18295,0.5046666666666666,5,9,5,414603,191007,37412,70544,1.7693041609544629,0.26971412841090264
18296,0.5046666666666667,3,17,3,414620,190990,37415,70541,1.7691466893919745,0.26972328328190537
18297,0.5046904761904762,0,2,0,414622,190988,37415,70541,1.7691281633257994,0.2697253459463386
18298,0.5046944444444444,0,1,0,414623,190987,37415,70541,1.769118900292712,0.26972637729038573
18299,0.5047142857142857,1,3,1,414626,190984,37416,70540,1.769091111193449,0.2697266790046038
18300,0.5047142857142858,0,1,0,414627,190983,37416,70540,1.7690818481603616,0.2697277103734662
18301,0.5047380952380953,0,1,0,414628,190982,37416,70540,1.7690725851272742,0.26972874175021605
18302,0.50475,1,0,1,414628,190982,37417,70539,1.7690725851272742,0.26972594935014776
18303,0.5047619047619049,1,4,1,414632,190978,37418,70538,1.7690355329949239,0.26972728246072897
18304,0.5047802197802198,0,2,0,414634,190976,37418,70538,1.7690170069287487,0.269729345274058
18305,0.5047857142857143,0,1,0,414635,190975,37418,70538,1.7690077438956613,0.2697303766925545
18306,0.5047857142857144,0,1,0,414636,190974,37418,70538,1.7689984808625736,0.2697314081189391
18307,0.5048095238095238,0,2,0,414638,190972,37418,70538,1.7689799547963985,0.26973347099537304
18308,0.5048333333333332,0,1,0,414639,190971,37418,70538,1.768970691763311,0.2697345024454225
18309,0.5048333333333334,3,17,3,414656,190954,37421,70535,1.7688132202008227,0.26974366034517705
18310,0.5048333333333335,1,0,1,414656,190954,37422,70534,1.7688132202008227,0.2697408676497583
18311,0.5048571428571428,0,1,0,414657,190953,37422,70534,1.768803957167735,0.2697418992148749
18312,0.5048571428571429,1,0,1,414657,190953,37423,70533,1.768803957167735,0.2697391064913609
18313,0.5048611111111111,0,1,0,414658,190952,37423,70533,1.7687946941346475,0.26974013805763236
18314,0.5048809523809524,0,2,0,414660,190950,37423,70533,1.7687761680684724,0.2697422012138456
18315,0.5049166666666667,0,2,0,414662,190948,37423,70533,1.7687576420022972,0.26974426440162
18316,0.5049285714285713,0,1,0,414663,190947,37423,70533,1.7687483789692098,0.2697452960073428
18317,0.5049444444444444,1,0,1,414663,190947,37424,70532,1.7687483789692098,0.26974250322205606
18318,0.5049523809523809,0,3,0,414666,190944,37424,70532,1.768720589869947,0.2697455980663617
18319,0.5049603174603174,0,1,0,414667,190943,37424,70532,1.7687113268368595,0.26974662969691177
18320,0.5049999999999999,6,23,6,414690,190920,37430,70526,1.7684982770758457,0.26975360112604513
18321,0.505,187,1114,187,415804,189806,37617,70339,1.7581792582163103,0.2703838244056199
18322,0.5050000000000001,1,19,1,415823,189787,37618,70338,1.7580032605876468,0.27040076886112446
18323,0.5050119047619048,0,1,0,415824,189786,37618,70338,1.7579939975545593,0.2704018083683167
18324,0.5050238095238094,0,1,0,415825,189785,37618,70338,1.7579847345214716,0.2704028478835013
18325,0.5050833333333332,1,1,1,415826,189784,37619,70337,1.7579754714883842,0.2704010825731102
18326,0.5051111111111111,0,1,0,415827,189783,37619,70337,1.7579662084552965,0.2704021220974935
18327,0.5051111111111112,0,3,0,415830,189780,37619,70337,1.757938419356034,0.2704052407185997
18328,0.5051190476190476,0,2,0,415832,189778,37619,70337,1.7579198932898588,0.27040731983930183
18329,0.5051428571428571,0,1,0,415833,189777,37619,70337,1.7579106302567713,0.2704083594116426
18330,0.5051666666666665,1,1,1,415834,189776,37620,70336,1.7579013672236836,0.2704065940825491
18331,0.5051666666666667,5,6,5,415840,189770,37625,70331,1.7578457890251584,0.2703988066174294
18332,0.5051666666666668,0,7,0,415847,189763,37625,70331,1.7577809477935455,0.2704060839542627
18333,0.5052142857142857,0,1,0,415848,189762,37625,70331,1.7577716847604579,0.27040712360578717
18334,0.5052380952380953,0,1,0,415849,189761,37625,70331,1.7577624217273704,0.27040816326530615
18335,0.5053095238095238,1,3,1,415852,189758,37626,70330,1.7577346326281078,0.2704084771308173
18336,0.5053333333333333,2,21,2,415873,189737,37628,70328,1.7575401089332692,0.27042470151692843
18337,0.5053333333333334,2,13,2,415886,189724,37630,70326,1.7574196895031309,0.270432609113632
18338,0.5053571428571428,1,0,1,415886,189724,37631,70325,1.7574196895031309,0.2704298036139343
18339,0.5053632756132754,0,4,0,415890,189720,37631,70325,1.7573826373707806,0.2704339633524967
18340,0.5053809523809524,0,1,0,415891,189719,37631,70325,1.7573733743376931,0.27043500330713266
18341,0.5054166666666667,1,1,1,415892,189718,37632,70324,1.7573641113046057,0.2704332377077549
18342,0.5054285714285714,0,1,0,415893,189717,37632,70324,1.757354848271518,0.27043427767159794
18343,0.5054761904761904,0,2,0,415895,189715,37632,70324,1.7573363222053429,0.2704363576232796
18344,0.5054761904761905,0,1,0,415896,189714,37632,70324,1.7573270591722554,0.2704373976111184
18345,0.505496031746032,1,0,1,415896,189714,37633,70323,1.7573270591722554,0.2704345920003692
18346,0.5055,4,23,4,415919,189691,37637,70319,1.7571140094112416,0.2704472904888274
18347,0.5055000000000001,1,8,1,415927,189683,37638,70318,1.7570399051465413,0.27045280595074633
18348,0.5055028860028861,0,1,0,415928,189682,37638,70318,1.7570306421134536,0.27045384615384616
18349,0.5055238095238095,0,1,0,415929,189681,37638,70318,1.7570213790803662,0.2704548863649476
18350,0.5055238095238096,0,1,0,415930,189680,37638,70318,1.7570121160472785,0.27045592658405065
18351,0.5055555555555555,3,3,3,415933,189677,37641,70315,1.7569843269480159,0.27045062925013075
18352,0.5055833333333334,0,2,0,415935,189675,37641,70315,1.7569658008818407,0.2704527097196046
18353,0.5055952380952381,0,1,0,415936,189674,37641,70315,1.7569565378487533,0.27045374996634475
18354,0.5056111111111111,0,1,0,415937,189673,37641,70315,1.7569472748156656,0.27045479022108715
18355,0.5056190476190476,0,1,0,415938,189672,37641,70315,1.7569380117825781,0.27045583048383187
18356,0.5056666666666666,4,24,4,415962,189648,37645,70311,1.7567156989884767,0.2704695740482153
18357,0.5056666666666667,5,9,5,415971,189639,37650,70306,1.7566323316906889,0.2704649060378157
18358,0.5056904761904761,0,1,0,415972,189638,37650,70306,1.7566230686576012,0.2704659465115563
18359,0.5057142857142857,3,13,3,415985,189625,37653,70303,1.7565026492274631,0.27047105352251394
18360,0.5057380952380952,0,1,0,415986,189624,37653,70303,1.7564933861943755,0.2704720940879555
18361,0.50575,0,1,0,415987,189623,37653,70303,1.756484123161288,0.27047313466140366
18362,0.5057857142857143,0,1,0,415988,189622,37653,70303,1.7564748601282003,0.2704741752428585
18363,0.5058095238095238,0,1,0,415989,189621,37653,70303,1.7564655970951129,0.2704752158323202
18364,0.5058333333333332,12,66,12,416055,189555,37665,70291,1.7558542369113344,0.2705102252872855
18365,0.5058333333333334,14,66,14,416121,189489,37679,70277,1.7552428767275556,0.2705396395217234
18366,0.5058333333333335,0,1,0,416122,189488,37679,70277,1.7552336136944682,0.27054068100013473
18367,0.505904761904762,1,2,1,416124,189486,37680,70276,1.755215087628293,0.27053995580569906
18368,0.5059166666666667,0,1,0,416125,189485,37680,70276,1.7552058245952054,0.2705409973013655
18369,0.5059523809523809,0,4,0,416129,189481,37680,70276,1.7551687724628553,0.2705451633642212
18370,0.5059801587301588,1,0,1,416129,189481,37681,70275,1.7551687724628553,0.2705423551332789
18371,0.5059999999999999,1,12,1,416141,189469,37682,70274,1.7550576160658047,0.2705520456759181
18372,0.506,16,119,16,416260,189350,37698,70258,1.7539553151283855,0.2706311053588487
18373,0.5060000000000001,0,4,0,416264,189346,37698,70258,1.7539182629960355,0.2706352752654042
18374,0.5060714285714285,0,2,0,416266,189344,37698,70258,1.7538997369298603,0.2706373602668701
18375,0.5060714285714286,0,1,0,416267,189343,37698,70258,1.7538904738967727,0.2706384027796503
18376,0.5060833333333333,0,1,0,416268,189342,37698,70258,1.7538812108636852,0.27063944530046224
18377,0.5061111111111112,0,1,0,416269,189341,37698,70258,1.7538719478305977,0.27064048782930594
18378,0.5061666666666667,1,6,1,416275,189335,37699,70257,1.7538163696320723,0.2706439335572745
18379,0.5061666666666668,0,3,0,416278,189332,37699,70257,1.7537885805328097,0.27064706131615746
18380,0.5061746031746033,2,0,2,416278,189332,37701,70255,1.7537885805328097,0.27064144198284196
18381,0.5061904761904761,1,0,1,416278,189332,37702,70254,1.7537885805328097,0.2706386322837133
18382,0.5061904761904762,0,3,0,416281,189329,37702,70254,1.753760791433547,0.27064176005362445
18383,0.5062121212121212,0,1,0,416282,189328,37702,70254,1.7537515284004594,0.2706428026596605
18384,0.5062142857142856,0,1,0,416283,189327,37702,70254,1.753742265367372,0.2706438452737296
18385,0.5062179487179488,0,1,0,416284,189326,37702,70254,1.7537330023342843,0.27064488789583174
18386,0.5062261904761904,0,1,0,416285,189325,37702,70254,1.7537237393011968,0.270645930525967
18387,0.5062380952380952,0,1,0,416286,189324,37702,70254,1.7537144762681092,0.27064697316413566
18388,0.50625,2,5,2,416291,189319,37704,70252,1.7536681611026714,0.2706465668352782
18389,0.5063095238095238,0,2,0,416293,189317,37704,70252,1.7536496350364963,0.2706486521888207
18390,0.5063095238095239,0,2,0,416295,189315,37704,70252,1.7536311089703212,0.2706507375744991
18391,0.5063333333333333,7,14,7,416309,189301,37711,70245,1.7535014265070954,0.2706456658935218
18392,0.5063333333333334,1,1,1,416310,189300,37712,70244,1.753492163474008,0.2706438985297291
18393,0.5063571428571428,0,3,0,416313,189297,37712,70244,1.7534643743747453,0.27064702686666076
18394,0.5064126984126984,1,0,1,416313,189297,37713,70243,1.7534643743747453,0.2706442166910688
18395,0.5064166666666666,0,1,0,416314,189296,37713,70243,1.7534551113416577,0.27064525947930756
18396,0.5064246031746031,0,1,0,416315,189295,37713,70243,1.7534458483085702,0.270646302275582
18397,0.5064285714285713,0,5,0,416320,189290,37713,70243,1.7533995331431325,0.2706515163774934
18398,0.5064285714285715,1,1,1,416321,189289,37714,70242,1.7533902701100448,0.2706497489702579
18399,0.5064545454545455,0,1,0,416322,189288,37714,70242,1.7533810070769573,0.270650791815975
18400,0.5064880952380952,1,0,1,416322,189288,37715,70241,1.7533810070769573,0.2706479815357821
18401,0.5065,2,25,2,416347,189263,37717,70239,1.7531494312497684,0.2706684341546501
18402,0.5065000000000001,1,2,1,416349,189261,37718,70238,1.7531309051835933,0.27066770970215687
18403,0.5065238095238095,0,5,0,416354,189256,37718,70238,1.7530845900181555,0.2706729250001927
18404,0.5065238095238096,0,1,0,416355,189255,37718,70238,1.753075326985068,0.27067396808391747
18405,0.506531746031746,1,0,1,416355,189255,37719,70237,1.753075326985068,0.27067115749233117
18406,0.506547619047619,1,1,1,416356,189254,37720,70236,1.7530660639519804,0.2706693899572238
18407,0.5065768398268399,0,2,0,416358,189252,37720,70236,1.7530475378858053,0.2706714761376249
18408,0.5065833333333333,0,1,0,416359,189251,37720,70236,1.7530382748527178,0.27067251923988483
18409,0.506595238095238,0,1,0,416360,189250,37720,70236,1.7530290118196301,0.2706735623501846
18410,0.5066666666666666,55,361,55,416721,188889,37775,70181,1.749685056875023,0.270895896861852
18411,0.5066666666666667,50,248,50,416969,188641,37825,70131,1.7473878246693098,0.27101463836891165
18412,0.5066904761904761,0,2,0,416971,188639,37825,70131,1.7473692986031346,0.27101673300614443
18413,0.5067142857142856,0,1,0,416972,188638,37825,70131,1.7473600355700472,0.2710177803369028
18414,0.5067142857142857,0,1,0,416973,188637,37825,70131,1.7473507725369595,0.2710188276757559
18415,0.5067857142857143,1,5,1,416978,188632,37826,70130,1.7473044573715217,0.2710212473237956
18416,0.506797619047619,0,2,0,416980,188630,37826,70130,1.7472859313053466,0.2710233420930592
18417,0.5068257967522674,0,1,0,416981,188629,37826,70130,1.7472766682722591,0.27102438948983415
18418,0.5068333333333332,5,5,5,416986,188624,37831,70125,1.7472303531068214,0.27101554015667695
18419,0.5068333333333334,0,7,0,416993,188617,37831,70125,1.7471655118752085,0.27102287220474447
18420,0.506859557109557,0,2,0,416995,188615,37831,70125,1.7471469858090334,0.27102496714848884
18421,0.5068690476190476,0,1,0,416996,188614,37831,70125,1.7471377227759457,0.27102601463250614
18422,0.5069166666666667,0,1,0,416997,188613,37831,70125,1.7471284597428582,0.2710270621246203
18423,0.5069285714285716,0,1,0,416998,188612,37831,70125,1.7471191967097706,0.27102810962483137
18424,0.5069444444444444,0,1,0,416999,188611,37831,70125,1.747109933676683,0.2710291571331396
18425,0.5069523809523809,0,2,0,417001,188609,37831,70125,1.747091407610508,0.2710312521740475
18426,0.5069761904761905,0,1,0,417002,188608,37831,70125,1.7470821445774205,0.2710322997066474
18427,0.507,6,34,6,417036,188574,37837,70119,1.7467672014524436,0.27105101413644744
18428,0.5070000000000001,0,2,0,417038,188572,37837,70119,1.7467486753862684,0.2710531096945777
18429,0.5070158730158729,0,1,0,417039,188571,37837,70119,1.746739412353181,0.2710541574857938
18430,0.507015873015873,0,1,0,417040,188570,37837,70119,1.7467301493200933,0.2710552052851107
18431,0.5070238095238095,0,2,0,417042,188568,37837,70119,1.7467116232539182,0.2710573009080472
18432,0.5070347985347986,0,1,0,417043,188567,37837,70119,1.7467023602208307,0.27105834873166695
18433,0.5070496031746032,0,1,0,417044,188566,37837,70119,1.7466930971877432,0.2710593965633879
18434,0.5070833333333333,0,4,0,417048,188562,37837,70119,1.746656045055393,0.2710635879712851
18435,0.5071190476190476,0,1,0,417049,188561,37837,70119,1.7466467820223053,0.2710646358435132
18436,0.5071190476190477,0,1,0,417050,188560,37837,70119,1.7466375189892178,0.27106568372384304
18437,0.5071237373737373,0,1,0,417051,188559,37837,70119,1.7466282559561304,0.27106673161227474
18438,0.5071428571428571,1,9,1,417060,188550,37838,70118,1.7465448886583423,0.2710733449827578
18439,0.5071666666666667,4,16,4,417076,188534,37842,70114,1.7463966801289414,0.2710788407410844
18440,0.5071666666666668,0,1,0,417077,188533,37842,70114,1.7463874170958538,0.27107988880597883
18441,0.5071904761904763,0,3,0,417080,188530,37842,70114,1.7463596279965912,0.2710830330492878
18442,0.5072222222222222,0,2,0,417082,188528,37842,70114,1.746341101930416,0.2710851292520163
18443,0.50725,1,1,1,417083,188527,37843,70113,1.7463318388973286,0.2710833591091865
18444,0.5072500000000001,1,2,1,417085,188525,37844,70112,1.7463133128311534,0.27108263705502306
18445,0.5072619047619047,1,0,1,417085,188525,37845,70111,1.7463133128311534,0.2710798187413972
18446,0.5072619047619048,0,1,0,417086,188524,37845,70111,1.746304049798066,0.2710808668587005
18447,0.5072777777777778,0,2,0,417088,188522,37845,70111,1.7462855237318908,0.27108296311762226
18448,0.5073015873015874,0,2,0,417090,188520,37845,70111,1.7462669976657157,0.2710850594089649
18449,0.5073095238095238,1,1,1,417091,188519,37846,70110,1.746257734632628,0.27108328919030733
18450,0.5073333333333332,0,1,0,417092,188518,37846,70110,1.7462484715995406,0.2710843373493976
18451,0.5073333333333333,4,45,4,417137,188473,37850,70106,1.7458316351106007,0.27112023791568535
18452,0.5073333333333334,2,1,2,417138,188472,37852,70104,1.745822372077513,0.2711156487841099
18453,0.5073548445019034,1,0,1,417138,188472,37853,70103,1.745822372077513,0.2711128299332882
18454,0.5073730158730159,0,3,0,417141,188469,37853,70103,1.7457945829782504,0.27111597543430843
18455,0.5073809523809524,2,2,2,417143,188467,37855,70101,1.7457760569120753,0.27111243464001733
18456,0.5073928571428571,0,1,0,417144,188466,37855,70101,1.7457667938789878,0.27111348315910383
18457,0.5074047619047619,0,1,0,417145,188465,37855,70101,1.7457575308459001,0.2711145316863006
18458,0.5074285714285715,1,1,1,417146,188464,37856,70100,1.7457482678128127,0.27111276125059947
18459,0.5074404761904762,0,1,0,417147,188463,37856,70100,1.745739004779725,0.27111380978716987
18460,0.507452380952381,0,2,0,417149,188461,37856,70100,1.74572047871355,0.2711159068846423
18461,0.5074523809523811,0,1,0,417150,188460,37856,70100,1.7457112156804624,0.27111695544554454
18462,0.5075,66,312,66,417462,188148,37922,70034,1.7428211493571455,0.2712582596772819
18463,0.5075000000000001,0,5,0,417467,188143,37922,70034,1.7427748341917078,0.27126351301626406
18464,0.5075238095238095,0,2,0,417469,188141,37922,70034,1.7427563081255326,0.27126561440883123
18465,0.5075555555555556,0,1,0,417470,188140,37922,70034,1.7427470450924452,0.271266665117324
18466,0.5075833333333333,0,1,0,417471,188139,37922,70034,1.7427377820593575,0.2712677158339563
18467,0.5076150793650794,0,1,0,417472,188138,37922,70034,1.74272851902627,0.2712687665587283
18468,0.5076190476190476,1,4,1,417476,188134,37923,70033,1.7426914668939197,0.271270146842935
18469,0.5076666666666666,2,3,2,417479,188131,37925,70031,1.7426636777946571,0.27126765364383604
18470,0.5076666666666667,9,28,9,417507,188103,37934,70022,1.7424043128682056,0.27127167070217917
18471,0.5076785714285714,0,1,0,417508,188102,37934,70022,1.742395049835118,0.27127272163766253
18472,0.5077142857142857,0,1,0,417509,188101,37934,70022,1.7423857868020305,0.27127377258128876
18473,0.5077272727272727,0,1,0,417510,188100,37934,70022,1.7423765237689428,0.271274823533058
18474,0.5077380952380952,0,1,0,417511,188099,37934,70022,1.7423672607358553,0.27127587449297036
18475,0.50775,0,2,0,417513,188097,37934,70022,1.7423487346696802,0.2712779764372247
18476,0.5077777777777778,0,4,0,417517,188093,37934,70022,1.74231168253733,0.27128218042345464
18477,0.5077857142857144,0,1,0,417518,188092,37934,70022,1.7423024195042425,0.2712832314403713
18478,0.5078095238095238,0,1,0,417519,188091,37934,70022,1.742293156471155,0.2712842824654318
18479,0.5078333333333334,2,15,2,417534,188076,37936,70020,1.7421542109748416,0.27129440208294586
18480,0.5078571428571427,0,1,0,417535,188075,37936,70020,1.7421449479417541,0.27129545322458787
18481,0.5078571428571428,0,1,0,417536,188074,37936,70020,1.7421356849086664,0.27129650437437525
18482,0.5078571428571429,1,2,1,417538,188072,37937,70019,1.7421171588424913,0.2712957832702419
18483,0.5079166666666667,0,2,0,417540,188070,37937,70019,1.7420986327763164,0.2712978856131025
18484,0.5079444444444445,0,1,0,417541,188069,37937,70019,1.7420893697432287,0.2712989367967515
18485,0.5079761904761905,1,1,1,417542,188068,37938,70018,1.7420801067101412,0.27129716451105446
18486,0.5079999999999999,0,1,0,417543,188067,37938,70018,1.7420708436770536,0.2712982157041285
18487,0.508,14,84,14,417627,187983,37952,70004,1.741292748897699,0.27134700585688426
18488,0.5080000000000001,0,1,0,417628,187982,37952,70004,1.7412834858646116,0.27134805764653896
18489,0.5080238095238095,0,1,0,417629,187981,37952,70004,1.7412742228315239,0.27134910944434754
18490,0.508031746031746,0,1,0,417630,187980,37952,70004,1.7412649597984364,0.2713501612503101
18491,0.5080357142857143,1,0,1,417630,187980,37953,70003,1.7412649597984364,0.2713473368400243
18492,0.5080634920634922,0,1,0,417631,187979,37953,70003,1.7412556967653487,0.27134838864726996
18493,0.5080833333333333,0,1,0,417632,187978,37953,70003,1.7412464337322613,0.27134944046266973
18494,0.508095238095238,0,2,0,417634,187976,37953,70003,1.7412279076660861,0.27135154411793205
18495,0.5080952380952382,1,1,1,417635,187975,37954,70002,1.7412186446329987,0.271349771491257
18496,0.5081031746031746,1,2,1,417637,187973,37955,70001,1.7412001185668236,0.27134905067952586
18497,0.5081273448773449,1,0,1,417637,187973,37956,70000,1.7412001185668236,0.2713462261554504
18498,0.5081428571428571,0,1,0,417638,187972,37956,70000,1.7411908555337359,0.2713472779991627
18499,0.5081507936507936,0,1,0,417639,187971,37956,70000,1.7411815925006484,0.27134832985102975
18500,0.5081666666666665,0,2,0,417641,187969,37956,70000,1.7411630664344733,0.2713504335792285
18501,0.5081666666666667,1,15,1,417656,187954,37957,69999,1.74102412093816,0.271363387903998
18502,0.5082063492063492,0,2,0,417658,187952,37957,69999,1.741005594871985,0.27136549189574766
18503,0.5082142857142857,0,1,0,417659,187951,37957,69999,1.7409963318388972,0.27136654390385734
18504,0.5082222222222222,0,1,0,417660,187950,37957,69999,1.7409870688058098,0.27136759592012377
18505,0.5082222222222224,0,1,0,417661,187949,37957,69999,1.7409778057727223,0.27136864794454696
18506,0.5082380952380953,0,2,0,417663,187947,37957,69999,1.7409592797065472,0.2713707520178642
18507,0.50825,0,1,0,417664,187946,37957,69999,1.7409500166734595,0.2713718040667584
18508,0.5082857142857143,1,2,1,417666,187944,37958,69998,1.7409314906072844,0.2713710834218545
18509,0.5083333333333333,72,361,72,418027,187583,38030,69926,1.7375875356626773,0.27154779056265993
18510,0.5083333333333334,1,2,1,418029,187581,38031,69925,1.7375690095965022,0.27154707074786605
18511,0.5083517316017316,1,0,1,418029,187581,38032,69924,1.7375690095965022,0.27154424185938136
18512,0.5083809523809524,0,1,0,418030,187580,38032,69924,1.7375597465634147,0.27154529638374547
18513,0.5083809523809525,1,0,1,418030,187580,38033,69923,1.7375597465634147,0.27154246746639843
18514,0.5084047619047619,2,1,2,418031,187579,38035,69921,1.7375504835303273,0.2715378640776699
18515,0.5084166666666667,1,2,1,418033,187577,38036,69920,1.7375319574641521,0.2715371441220674
18516,0.5084285714285715,0,2,0,418035,187575,38036,69920,1.737513431397977,0.2715392531893823
18517,0.508452380952381,0,2,0,418037,187573,38036,69920,1.7374949053318018,0.2715413622894603
18518,0.5084761904761905,1,1,1,418038,187572,38037,69919,1.7374856422987144,0.27153958779141796
18519,0.5085,0,2,0,418040,187570,38037,69919,1.7374671162325392,0.27154169692685903
18520,0.5085000000000001,2,23,2,418063,187547,38039,69917,1.7372540664715255,0.271560295808346
18521,0.5085128205128205,0,2,0,418065,187545,38039,69917,1.7372355404053503,0.2715624053258345
18522,0.5085238095238096,0,1,0,418066,187544,38039,69917,1.7372262773722629,0.27156346009686905
18523,0.5085555555555555,0,1,0,418067,187543,38039,69917,1.7372170143391752,0.2715645148760973
18524,0.5085714285714286,1,7,1,418074,187536,38040,69916,1.7371521731075623,0.2715690691857123
18525,0.5085793650793651,0,1,0,418075,187535,38040,69916,1.7371429100744749,0.2715701240236006
18526,0.508595238095238,0,1,0,418076,187534,38040,69916,1.7371336470413872,0.27157117886968346
18527,0.5086190476190475,1,1,1,418077,187533,38041,69915,1.7371243840082997,0.27156940430688914
18528,0.5086190476190476,0,4,0,418081,187529,38041,69915,1.7370873318759494,0.27157362377837513
18529,0.5086666666666665,0,1,0,418082,187528,38041,69915,1.737078068842862,0.271574678666734
18530,0.5086666666666666,2,8,2,418090,187520,38043,69913,1.7370039645781614,0.2715774589893293
18531,0.5086666666666667,8,11,8,418101,187509,38051,69905,1.7369020712141985,0.2715664260685122
18532,0.5086666666666668,0,1,0,418102,187508,38051,69905,1.7368928081811108,0.2715674810518505
18533,0.5086904761904761,0,1,0,418103,187507,38051,69905,1.7368835451480233,0.2715685360433857
18534,0.5086904761904762,0,3,0,418106,187504,38051,69905,1.7368557560487605,0.27157170106717327
18535,0.5087142857142858,0,1,0,418107,187503,38051,69905,1.736846493015673,0.2715727560914968
18536,0.5087179487179487,0,1,0,418108,187502,38051,69905,1.7368372299825856,0.27157381112401763
18537,0.50875,2,4,2,418112,187498,38053,69903,1.7368001778502353,0.27157237151370817
18538,0.5087619047619047,0,1,0,418113,187497,38053,69903,1.7367909148171476,0.2715734265734266
18539,0.5088015873015873,0,4,0,418117,187493,38053,69903,1.7367538626847976,0.27157764689427966
18540,0.5088095238095238,2,6,2,418123,187487,38055,69901,1.7366982844862722,0.2715783175594822
18541,0.5088333333333332,2,4,2,418127,187483,38057,69899,1.736661232353922,0.2715768779479528
18542,0.5088333333333334,3,6,3,418133,187477,38060,69896,1.7366056541553967,0.27157471840480546
18543,0.5088809523809524,0,1,0,418134,187476,38060,69896,1.736596391122309,0.27157577358842455
18544,0.5088888888888888,0,1,0,418135,187475,38060,69896,1.7365871280892216,0.2715768287802433
18545,0.508888888888889,0,4,0,418139,187471,38060,69896,1.7365500759568713,0.2715810496295174
18546,0.5088928571428571,0,3,0,418142,187468,38060,69896,1.7365222868576087,0.27158421535257454
18547,0.508904761904762,0,1,0,418143,187467,38060,69896,1.736513023824521,0.27158527060999443
18548,0.5089166666666667,1,1,1,418144,187466,38061,69895,1.7365037607914335,0.27158349555682487
18549,0.5089285714285714,0,1,0,418145,187465,38061,69895,1.736494497758346,0.2715845508237488
18550,0.5089999999999999,0,3,0,418148,187462,38061,69895,1.7364667086590833,0.2715877166737256
18551,0.509,10,60,10,418208,187402,38071,69885,1.7359109266738302,0.2716227403638738
18552,0.5090000000000001,1,1,1,418209,187401,38072,69884,1.7359016636407425,0.27162096507763767
18553,0.5090238095238095,0,3,0,418212,187398,38072,69884,1.73587387454148,0.27162413227509113
18554,0.5090277777777777,0,1,0,418213,187397,38072,69884,1.7358646115083922,0.27162518802398933
18555,0.5090476190476191,0,2,0,418215,187395,38072,69884,1.7358460854422173,0.2716272995464068
18556,0.5090714285714286,0,2,0,418217,187393,38072,69884,1.7358275593760422,0.27162941110165306
18557,0.5090833333333333,1,0,1,418217,187393,38073,69883,1.7358275593760422,0.27162658001523654
18558,0.5091031746031746,1,4,1,418221,187389,38074,69882,1.7357905072436919,0.2716279720605898
18559,0.5091111111111111,0,1,0,418222,187388,38074,69882,1.7357812442106044,0.2716290278695534
18560,0.5091190476190476,0,1,0,418223,187387,38074,69882,1.7357719811775167,0.2716300836867248
18561,0.5091249028749028,0,7,0,418230,187380,38074,69882,1.7357071399459039,0.27163747463675164
18562,0.5091666666666665,1,4,1,418234,187376,38075,69881,1.7356700878135536,0.27163886696960626
18563,0.5091666666666667,21,71,21,418305,187305,38096,69860,1.7350124124643374,0.27165438531681996
18564,0.5091666666666668,17,59,17,418364,187246,38113,69843,1.7344658935121717,0.2716685661385746
18565,0.5091785714285715,0,1,0,418365,187245,38113,69843,1.734456630479084,0.27166962285287527
18566,0.5091904761904762,0,1,0,418366,187244,38113,69843,1.7344473674459966,0.27167067957539665
18567,0.5092142857142857,0,1,0,418367,187243,38113,69843,1.734438104412909,0.2716717363061388
18568,0.50925,1,0,1,418367,187243,38114,69842,1.734438104412909,0.271668903281016
18569,0.5092619047619047,0,1,0,418368,187242,38114,69842,1.7344288413798215,0.27166996001306964
18570,0.5092619047619048,0,2,0,418370,187240,38114,69842,1.7344103153136463,0.27167207350183986
18571,0.5092698412698413,0,2,0,418372,187238,38114,69842,1.7343917892474712,0.2716741870234946
18572,0.5092857142857141,0,1,0,418373,187237,38114,69842,1.7343825262143837,0.2716752437966539
18573,0.5092857142857143,0,4,0,418377,187233,38114,69842,1.7343454740820334,0.27167947097150635
18574,0.5093095238095238,0,1,0,418378,187232,38114,69842,1.734336211048946,0.27168052778577373
18575,0.5093095238095239,0,2,0,418380,187230,38114,69842,1.7343176849827708,0.2716826414389743
18576,0.5093333333333333,4,9,4,418389,187221,38118,69838,1.7342343176849828,0.2716808203564162
18577,0.5093333333333334,5,36,5,418425,187185,38123,69833,1.7339008484938307,0.2717047055070073
18578,0.5093571428571428,0,1,0,418426,187184,38123,69833,1.7338915854607433,0.27170576265383223
18579,0.5094047619047618,0,1,0,418427,187183,38123,69833,1.7338823224276556,0.2717068198088835
18580,0.5094047619047619,0,2,0,418429,187181,38123,69833,1.7338637963614807,0.2717089341436653
18581,0.5094105339105338,2,0,2,418429,187181,38125,69831,1.7338637963614807,0.27170326677353585
18582,0.5094166666666667,1,0,1,418429,187181,38126,69830,1.7338637963614807,0.27170043305539454
18583,0.5094404761904762,0,1,0,418430,187180,38126,69830,1.733854533328393,0.27170149021438855
18584,0.5094444444444445,2,1,2,418431,187179,38128,69828,1.7338452702953056,0.2716968798515216
18585,0.5094981684981685,0,1,0,418432,187178,38128,69828,1.7338360072622179,0.27169793701314365
18586,0.5095,0,3,0,418435,187175,38128,69828,1.7338082181629553,0.27170110854737106
18587,0.5095000000000001,3,11,3,418446,187164,38131,69825,1.7337063247989921,0.2717042363680936
18588,0.5095238095238095,0,2,0,418448,187162,38131,69825,1.733687798732817,0.2717063509049096
18589,0.5095238095238096,1,1,1,418449,187161,38132,69824,1.7336785356997295,0.27170457419693755
18590,0.5095252525252526,0,1,0,418450,187160,38132,69824,1.733669272666642,0.27170563147900256
18591,0.509538961038961,0,1,0,418451,187159,38132,69824,1.7336600096335544,0.27170668876929605
18592,0.5095714285714287,0,1,0,418452,187158,38132,69824,1.733650746600467,0.271707746067818
18593,0.5095833333333333,1,1,1,418453,187157,38133,69823,1.7336414835673792,0.2717059693361351
18594,0.5095833333333334,0,4,0,418457,187153,38133,69823,1.7336044314350292,0.27171019861776974
18595,0.5096055194805195,0,1,0,418458,187152,38133,69823,1.7335951684019415,0.27171125595875084
18596,0.5096111111111112,0,1,0,418459,187151,38133,69823,1.733585905368854,0.27171231330796114
18597,0.5096230158730158,0,1,0,418460,187150,38133,69823,1.7335766423357664,0.27171337066540063
18598,0.5096666666666666,1,13,1,418473,187137,38134,69822,1.7334562229056283,0.2717242828622465
18599,0.5096666666666667,7,16,7,418489,187121,38141,69815,1.7333080143762274,0.2717213625182925
18600,0.509690476190476,0,2,0,418491,187119,38141,69815,1.7332894883100523,0.27172347762460397
18601,0.5096904761904762,0,1,0,418492,187118,38141,69815,1.7332802252769648,0.2717245351901079
18602,0.5096991341991342,1,1,1,418493,187117,38142,69814,1.7332709622438771,0.27172275825026954
18603,0.5097142857142857,0,1,0,418494,187116,38142,69814,1.7332616992107897,0.27172381582532207
18604,0.5097222222222222,0,4,0,418498,187112,38142,69814,1.7332246470784394,0.2717280462078575
18605,0.5097301587301587,0,1,0,418499,187111,38142,69814,1.733215384045352,0.27172910382407317
18606,0.5097380952380953,0,3,0,418502,187108,38142,69814,1.733187594946089,0.27173227672211797
18607,0.5097619047619049,0,1,0,418503,187107,38142,69814,1.7331783319130016,0.2717333343712659
18608,0.5097727272727273,0,1,0,418504,187106,38142,69814,1.733169068879914,0.2717343920286471
18609,0.5098095238095239,1,1,1,418505,187105,38143,69813,1.7331598058468265,0.27173261507562724
18610,0.5098333333333332,0,3,0,418508,187102,38143,69813,1.733132016747564,0.2717357881011229
18611,0.5098333333333334,3,10,3,418518,187092,38146,69810,1.7330393864166882,0.27173786112992504
18612,0.5098809523809523,0,3,0,418521,187089,38146,69810,1.7330115973174256,0.2717410344143029
18613,0.5098809523809524,0,3,0,418524,187086,38146,69810,1.732983808218163,0.27174420777279523
18614,0.5099166666666667,0,1,0,418525,187085,38146,69810,1.7329745451850753,0.27174526557542966
18615,0.5099285714285714,0,1,0,418526,187084,38146,69810,1.7329652821519879,0.2717463233862994
18616,0.5099444444444444,0,1,0,418527,187083,38146,69810,1.7329560191189004,0.2717473812054046
18617,0.5099523809523809,0,1,0,418528,187082,38146,69810,1.7329467560858127,0.27174843903274526
18618,0.5099603174603176,0,3,0,418531,187079,38146,69810,1.7329189669865501,0.2717516125641814
18619,0.5099761904761904,0,1,0,418532,187078,38146,69810,1.7329097039534624,0.27175267042446516
18620,0.5099960317460317,0,1,0,418533,187077,38146,69810,1.732900440920375,0.27175372829298483
18621,0.5099999999999999,4,39,4,418572,187038,38150,69806,1.7325391826299603,0.27178365077634675
18622,0.51,486,2830,486,421402,184208,38636,69320,1.706324798992182,0.2734214761288694
18623,0.5100000000000001,4,32,4,421434,184176,38640,69316,1.7060283819333804,0.2734445268489735
18624,0.5100357142857145,0,3,0,421437,184173,38640,69316,1.7060005928341175,0.2734477630193026
18625,0.510047619047619,0,1,0,421438,184172,38640,69316,1.70599132980103,0.27344884175976775
18626,0.5100476190476191,0,1,0,421439,184171,38640,69316,1.7059820667679424,0.27344992050874406
18627,0.5100555555555555,0,1,0,421440,184170,38640,69316,1.705972803734855,0.2734509992662317
18628,0.5100714285714285,0,1,0,421441,184169,38640,69316,1.7059635407017675,0.2734520780322307
18629,0.5100833333333332,0,2,0,421443,184167,38640,69316,1.7059450146355923,0.2734542355897634
18630,0.5100833333333333,0,1,0,421444,184166,38640,69316,1.7059357516025047,0.2734553143812973
18631,0.5100833333333334,0,1,0,421445,184165,38640,69316,1.7059264885694172,0.27345639318134296
18632,0.5101190476190476,2,0,2,421445,184165,38642,69314,1.7059264885694172,0.2734506606069931
18633,0.5101190476190477,0,1,0,421446,184164,38642,69314,1.7059172255363295,0.27345173940144707
18634,0.510142857142857,0,1,0,421447,184163,38642,69314,1.705907962503242,0.27345281820441303
18635,0.5101428571428571,1,0,1,421447,184163,38643,69313,1.705907962503242,0.2734499518692105
18636,0.5101439393939394,1,3,1,421450,184160,38644,69312,1.7058801734039795,0.2734503219290494
18637,0.5101515151515151,0,1,0,421451,184159,38644,69312,1.7058709103708918,0.2734514007519598
18638,0.5101666666666667,0,12,0,421463,184147,38644,69312,1.7057597539738412,0.2734643472908833
18639,0.5101666666666668,1,1,1,421464,184146,38645,69311,1.7057504909407537,0.2734625597241347
18640,0.5102380952380952,1,2,1,421466,184144,38646,69310,1.7057319648745786,0.2734618510656766
18641,0.5102380952380953,1,3,1,421469,184141,38647,69309,1.705704175775316,0.273462221345433
18642,0.5102857142857143,0,2,0,421471,184139,38647,69309,1.7056856497091408,0.273464379280957
18643,0.5103095238095238,1,0,1,421471,184139,38648,69308,1.7056856497091408,0.2734615126633971
18644,0.5103333333333333,3,11,3,421482,184128,38651,69305,1.7055837563451777,0.2734647816188105
18645,0.5103333333333334,4,14,4,421496,184114,38655,69301,1.705454073881952,0.2734684213641655
18646,0.5103787878787879,0,1,0,421497,184113,38655,69301,1.7054448108488645,0.2734695005011562
18647,0.5104166666666667,0,4,0,421501,184109,38655,69301,1.7054077587165142,0.2734738171342883
18648,0.5104285714285716,0,1,0,421502,184108,38655,69301,1.7053984956834265,0.2734748963138641
18649,0.510452380952381,0,2,0,421504,184106,38655,69301,1.7053799696172516,0.2734770546985679
18650,0.510469696969697,0,1,0,421505,184105,38655,69301,1.705370706584164,0.273478133903696
18651,0.5104761904761904,1,2,1,421507,184103,38656,69300,1.7053521805179888,0.2734774252869934
18652,0.5104761904761905,0,2,0,421509,184101,38656,69300,1.7053336544518136,0.27347958374276343
18653,0.5105,7,18,7,421527,184083,38663,69293,1.7051669198562378,0.2734789403889871
18654,0.5105000000000001,0,7,0,421534,184076,38663,69293,1.705102078624625,0.2734864959801712
18655,0.5105357142857144,0,2,0,421536,184074,38663,69293,1.7050835525584498,0.2734886547971914
18656,0.510547619047619,0,1,0,421537,184073,38663,69293,1.705074289525362,0.2734897342184823
18657,0.510595238095238,0,1,0,421538,184072,38663,69293,1.7050650264922746,0.273490813648294
18658,0.5105952380952381,1,1,1,421539,184071,38664,69292,1.705055763459187,0.2734890256272621
18659,0.5106071428571429,0,4,0,421543,184067,38664,69292,1.705018711326837,0.27349334343757276
18660,0.5106190476190475,0,1,0,421544,184066,38664,69292,1.7050094482937492,0.27349442291145337
18661,0.5106428571428572,0,1,0,421545,184065,38664,69292,1.7050001852606618,0.2734955023938553
18662,0.5106547619047618,0,2,0,421547,184063,38664,69292,1.7049816591944866,0.2734976613842237
18663,0.5106666666666666,4,36,4,421583,184027,38668,69288,1.7046481900033348,0.2735250577344413
18664,0.5106666666666667,4,17,4,421600,184010,38672,69284,1.7044907184408462,0.273531943117484
18665,0.5106666666666668,0,3,0,421603,184007,38672,69284,1.7044629293415836,0.2735351828529241
18666,0.5106825396825397,0,1,0,421604,184006,38672,69284,1.7044536663084962,0.2735362627817916
18667,0.5106904761904761,0,1,0,421605,184005,38672,69284,1.7044444032754085,0.2735373427191864
18668,0.5106904761904763,0,1,0,421606,184004,38672,69284,1.704435140242321,0.27353842266510847
18669,0.5107142857142857,1,10,1,421616,183994,38673,69283,1.7043425099114453,0.27354635438669916
18670,0.5107142857142858,0,1,0,421617,183993,38673,69283,1.7043332468783579,0.2735474344193686
18671,0.5107692307692308,0,1,0,421618,183992,38673,69283,1.7043239838452704,0.2735485144605666
18672,0.5108333333333333,16,53,16,421671,183939,38689,69267,1.70383304309163,0.2735598682495676
18673,0.5108333333333334,11,55,11,421726,183884,38700,69256,1.7033235762718144,0.273587738010587
18674,0.5109047619047619,0,1,0,421727,183883,38700,69256,1.703314313238727,0.27358881879125696
18675,0.5109177489177488,1,5,1,421732,183878,38701,69255,1.7032679980732892,0.27359135316217165
18676,0.5109523809523809,0,3,0,421735,183875,38701,69255,1.7032402089740264,0.2735945956623079
18677,0.5109999999999999,0,4,0,421739,183871,38701,69255,1.7032031568416763,0.27359891911538126
18678,0.511,10,53,10,421792,183818,38711,69245,1.702712216088036,0.2736275156779142
18679,0.5110000000000001,1,4,1,421796,183814,38712,69244,1.7026751639556856,0.2736289704336555
18680,0.5110019147519149,0,1,0,421797,183813,38712,69244,1.7026659009225982,0.2736300517274764
18681,0.5110238095238094,0,1,0,421798,183812,38712,69244,1.7026566378895105,0.2736311330298432
18682,0.5110238095238095,0,1,0,421799,183811,38712,69244,1.702647374856423,0.27363221434075596
18683,0.5110357142857144,0,2,0,421801,183809,38712,69244,1.702628848790248,0.27363437698821985
18684,0.511047619047619,0,1,0,421802,183808,38712,69244,1.7026195857571602,0.2736354583247712
18685,0.5110476190476191,1,0,1,421802,183808,38713,69243,1.7026195857571602,0.2736325878973013
18686,0.5110579975579975,0,1,0,421803,183807,38713,69243,1.7026103227240728,0.273633669235329
18687,0.5110833333333334,0,1,0,421804,183806,38713,69243,1.7026010596909853,0.2736347505819031
18688,0.5111111111111112,0,2,0,421806,183804,38713,69243,1.7025825336248102,0.2736369133006912
18689,0.5111190476190476,0,1,0,421807,183803,38713,69243,1.7025732705917225,0.27363799467290534
18690,0.5111479076479077,0,2,0,421809,183801,38713,69243,1.7025547445255473,0.2736401574429743
18691,0.511154761904762,0,1,0,421810,183800,38713,69243,1.7025454814924599,0.2736412388408294
18692,0.5111666666666665,0,2,0,421812,183798,38713,69243,1.7025269554262847,0.2736434016621812
18693,0.5111666666666667,2,3,2,421815,183795,38715,69241,1.7024991663270221,0.27364090485148357
18694,0.5111666666666668,1,4,1,421819,183791,38716,69240,1.7024621141946719,0.27364236002703224
18695,0.5111904761904761,0,1,0,421820,183790,38716,69240,1.7024528511615844,0.2736434414891515
18696,0.5111904761904762,0,5,0,421825,183785,38716,69240,1.7024065359961467,0.27364884892797153
18697,0.5112142857142856,0,1,0,421826,183784,38716,69240,1.702397272963059,0.27364993044138103
18698,0.51125,3,11,3,421837,183773,38719,69237,1.7022953795990958,0.2736532152879333
18699,0.5112777777777778,0,1,0,421838,183772,38719,69237,1.7022861165660084,0.2736542968827196
18700,0.5113095238095238,0,1,0,421839,183771,38719,69237,1.702276853532921,0.27365537848605576
18701,0.5113333333333333,4,26,4,421865,183745,38723,69233,1.7020360146726443,0.27367201891073534
18702,0.5113333333333334,1,1,1,421866,183744,38724,69232,1.7020267516395569,0.2736702295869964
18703,0.5113809523809524,0,1,0,421867,183743,38724,69232,1.7020174886064694,0.27367131139440654
18704,0.5113888888888889,0,1,0,421868,183742,38724,69232,1.7020082255733817,0.27367239321036946
18705,0.5114047619047619,0,1,0,421869,183741,38724,69232,1.7019989625402943,0.27367347503488515
18706,0.5114141414141414,0,1,0,421870,183740,38724,69232,1.7019896995072066,0.2736745568679538
18707,0.5114285714285715,0,2,0,421872,183738,38724,69232,1.7019711734410314,0.2736767205597502
18708,0.5114859307359307,1,0,1,421872,183738,38725,69231,1.7019711734410314,0.27367384936494193
18709,0.5114999999999998,0,2,0,421874,183736,38725,69231,1.7019526473748565,0.2736760130768045
18710,0.5115,5,23,5,421897,183713,38730,69226,1.7017395976138427,0.2736865410237251
18711,0.5115000000000001,0,3,0,421900,183710,38730,69226,1.70171180851458,0.27368978713982983
18712,0.5115659340659341,0,1,0,421901,183709,38730,69226,1.7017025454814925,0.27369086919564317
18713,0.5115714285714286,0,1,0,421902,183708,38730,69226,1.701693282448405,0.2736919512600125
18714,0.5115757575757577,0,2,0,421904,183706,38730,69226,1.7016747563822299,0.2736941154144197
18715,0.5115952380952381,0,1,0,421905,183705,38730,69226,1.7016654933491422,0.27369519750445775
18716,0.5116579384667621,1,12,1,421917,183693,38731,69225,1.7015543369520916,0.2737053116029701
18717,0.5116666666666666,48,207,48,422124,183486,38779,69177,1.6996368891029678,0.273791572173211
18718,0.5116666666666667,21,121,21,422245,183365,38800,69156,1.6985160620993738,0.2738623718423418
18719,0.5116666666666668,0,2,0,422247,183363,38800,69156,1.6984975360331986,0.27386454088603235
18720,0.5117142857142857,0,2,0,422249,183361,38800,69156,1.6984790099670235,0.27386670996408163
18721,0.5117142857142858,0,1,0,422250,183360,38800,69156,1.698469746933936,0.2738677945159911
18722,0.5117222222222223,1,0,1,422250,183360,38801,69155,1.698469746933936,0.27386491891570797
18723,0.5117380952380952,0,1,0,422251,183359,38801,69155,1.6984604839008486,0.2738660034691146
18724,0.5117813852813853,0,2,0,422253,183357,38801,69155,1.6984419578346734,0.27386817260169816
18725,0.5117846320346319,0,1,0,422254,183356,38801,69155,1.6984326948015858,0.2738692571808753
18726,0.5117857142857143,0,4,0,422258,183352,38801,69155,1.6983956426692357,0.2738735955834888
18727,0.5117888777888777,1,1,1,422259,183351,38802,69154,1.698386379636148,0.2738718045187224
18728,0.5118095238095237,0,1,0,422260,183350,38802,69154,1.6983771166030606,0.2738728891423502
18729,0.5118244810744811,0,1,0,422261,183349,38802,69154,1.6983678535699729,0.273873973774569
18730,0.5118333333333333,2,3,2,422264,183346,38804,69152,1.6983400644707103,0.2738714762097125
18731,0.5118333333333334,0,13,0,422277,183333,38804,69152,1.698219645040572,0.27388557736103136
18732,0.5118571428571428,1,1,1,422278,183332,38805,69151,1.6982103820074845,0.27388378623511284
18733,0.5118809523809523,0,2,0,422280,183330,38805,69151,1.6981918559413094,0.27388595577489
18734,0.5119047619047619,1,0,1,422280,183330,38806,69150,1.6981918559413094,0.2738830798479088
18735,0.511904761904762,0,1,0,422281,183329,38806,69150,1.698182592908222,0.27388416462359244
18736,0.5119444444444443,0,1,0,422282,183328,38806,69150,1.6981733298751343,0.2738852494078692
18737,0.5119444444444444,0,3,0,422285,183325,38806,69150,1.6981455407758717,0.27388850381225865
18738,0.5119523809523809,0,1,0,422286,183324,38806,69150,1.6981362777427842,0.2738895886309085
18739,0.511952380952381,0,3,0,422289,183321,38806,69150,1.6981084886435214,0.2738928431384199
18740,0.5119603174603174,1,3,1,422292,183318,38807,69149,1.6980806995442588,0.2738932216883791
18741,0.5119642857142856,0,1,0,422293,183317,38807,69149,1.6980714365111713,0.2738943065600913
18742,0.512,15,60,15,422353,183257,38822,69134,1.697515654525918,0.27391626484304116
18743,0.5120000000000001,0,1,0,422354,183256,38822,69134,1.6975063914928303,0.2739173501327311
18744,0.5120238095238094,0,1,0,422355,183255,38822,69134,1.6974971284597429,0.2739184354310212
18745,0.5120238095238095,0,1,0,422356,183254,38822,69134,1.6974878654266552,0.2739195207379115
18746,0.5120256410256411,0,1,0,422357,183253,38822,69134,1.6974786023935677,0.2739206060534021
18747,0.512047619047619,0,1,0,422358,183252,38822,69134,1.6974693393604803,0.2739216913774932
18748,0.5120714285714285,1,2,1,422360,183250,38823,69133,1.6974508132943051,0.2739209851693656
18749,0.5120833333333333,2,4,2,422364,183246,38825,69131,1.6974137611619549,0.2739195727027423
18750,0.5121190476190476,1,0,1,422364,183246,38826,69130,1.6974137611619549,0.27391669572384064
18751,0.5121212121212121,1,1,1,422365,183245,38827,69129,1.6974044981288674,0.2739149040709423
18752,0.5121428571428571,0,7,0,422372,183238,38827,69129,1.6973396568972545,0.27392250175339883
18753,0.5121666666666667,3,6,3,422378,183232,38830,69126,1.697284078698729,0.27392038294803417
18754,0.5121666666666668,0,1,0,422379,183231,38830,69126,1.6972748156656416,0.2739214683959629
18755,0.5121904761904762,1,0,1,422379,183231,38831,69125,1.6972748156656416,0.2739185911965636
18756,0.5122222222222222,2,0,2,422379,183231,38833,69123,1.6972748156656416,0.2739128367293564
18757,0.5122619047619047,0,2,0,422381,183229,38833,69123,1.6972562895994665,0.27391500760841997
18758,0.5122727272727272,0,1,0,422382,183228,38833,69123,1.6972470265663788,0.27391609306085574
18759,0.5123095238095238,0,3,0,422385,183225,38833,69123,1.6972192374671162,0.2739193494697798
18760,0.5123095238095239,0,2,0,422387,183223,38833,69123,1.697200711400941,0.2739215204520777
18761,0.512323943213649,0,1,0,422388,183222,38833,69123,1.6971914483678536,0.2739226059561315
18762,0.5123333333333332,0,1,0,422389,183221,38833,69123,1.697182185334766,0.27392369146878864
18763,0.5123333333333333,7,29,7,422418,183192,38840,69116,1.696913557375227,0.2739350317865466
18764,0.5123333333333334,1,2,1,422420,183190,38841,69115,1.6968950313090518,0.27393432551871744
18765,0.5123571428571428,1,0,1,422420,183190,38842,69114,1.6968950313090518,0.27393144777728456
18766,0.512357142857143,0,1,0,422421,183189,38842,69114,1.6968857682759644,0.27393253350138524
18767,0.5123809523809524,1,5,1,422426,183184,38843,69113,1.6968394531105264,0.27393508444412734
18768,0.5123809523809525,0,1,0,422427,183183,38843,69113,1.696830190077439,0.27393617021276595
18769,0.5123888888888889,0,2,0,422429,183181,38843,69113,1.6968116640112638,0.2739383417758647
18770,0.5124040404040404,0,1,0,422430,183180,38843,69113,1.6968024009781764,0.27393942757032497
18771,0.5124047619047619,1,1,1,422431,183179,38844,69112,1.6967931379450887,0.2739376355082028
18772,0.5124166666666666,0,1,0,422432,183178,38844,69112,1.6967838749120012,0.27393872131277497
18773,0.5124285714285715,0,1,0,422433,183177,38844,69112,1.6967746118789135,0.2739398071259548
18774,0.5124761904761905,0,1,0,422434,183176,38844,69112,1.696765348845826,0.27394089294774226
18775,0.5124783549783551,0,2,0,422436,183174,38844,69112,1.696746822779651,0.27394306461714085
18776,0.5125,49,314,49,422750,182860,38893,69063,1.693838230390159,0.274143289814745
18777,0.5125000000000001,1,5,1,422755,182855,38894,69062,1.6937919152247212,0.27414584962507493
18778,0.5125238095238095,1,0,1,422755,182855,38895,69061,1.6937919152247212,0.27414296829101764
18779,0.5125714285714286,0,1,0,422756,182854,38895,69061,1.6937826521916337,0.27414405652700313
18780,0.5126118326118326,0,5,0,422761,182849,38895,69061,1.6937363370261957,0.2741494978365289
18781,0.5126190476190476,0,3,0,422764,182846,38895,69061,1.6937085479269332,0.27415276272592665
18782,0.5126428571428572,0,1,0,422765,182845,38895,69061,1.6936992848938457,0.27415385103967355
18783,0.5126547619047619,0,1,0,422766,182844,38895,69061,1.693690021860758,0.2741549393620611
18784,0.5126666666666666,5,41,5,422807,182803,38900,69056,1.6933102375041684,0.27418515915651215
18785,0.5126666666666667,2,8,2,422815,182795,38902,69054,1.6932361332394679,0.2741881047770688
18786,0.5126731601731601,0,1,0,422816,182794,38902,69054,1.6932268702063804,0.27418919348178267
18787,0.5126843434343435,0,1,0,422817,182793,38902,69054,1.6932176071732927,0.2741902821951423
18788,0.5127142857142857,0,1,0,422818,182792,38902,69054,1.6932083441402053,0.2741913709171478
18789,0.5127380952380952,0,3,0,422821,182789,38902,69054,1.6931805550409427,0.2741946371350405
18790,0.5127380952380953,0,1,0,422822,182788,38902,69054,1.693171292007855,0.2741957258916305
18791,0.51275,0,4,0,422826,182784,38902,69054,1.693134239875505,0.27420008100445525
18792,0.5127777777777778,0,2,0,422828,182782,38902,69054,1.6931157138093298,0.274202258612748
18793,0.5128030303030303,0,1,0,422829,182781,38902,69054,1.6931064507762421,0.2742033474298648
18794,0.5128095238095237,0,1,0,422830,182780,38902,69054,1.6930971877431547,0.2742044362556287
18795,0.5128181818181818,0,1,0,422831,182779,38902,69054,1.693087924710067,0.2742055250900398
18796,0.5128333333333334,1,10,1,422841,182769,38903,69053,1.6929952943791915,0.27421353178038455
18797,0.5128571428571428,0,1,0,422842,182768,38903,69053,1.692986031346104,0.2742146207028008
18798,0.5128571428571429,6,15,6,422857,182753,38909,69047,1.6928470858497906,0.27421366163621924
18799,0.5128870851370853,0,3,0,422860,182750,38909,69047,1.692819296750528,0.2742169287163866
18800,0.5129047619047619,0,1,0,422861,182749,38909,69047,1.6928100337174405,0.2742180177604092
18801,0.5129166666666667,0,7,0,422868,182742,38909,69047,1.6927451924858277,0.27422564131078003
18802,0.5129365911865912,0,6,0,422874,182736,38909,69047,1.6926896142873022,0.2742321761199128
18803,0.5129563492063492,0,1,0,422875,182735,38909,69047,1.6926803512542148,0.27423326528504816
18804,0.5129761904761905,1,0,1,422875,182735,38910,69046,1.6926803512542148,0.2742303827532657
18805,0.513,10,51,10,422926,182684,38920,69036,1.6922079365667495,0.27425711107579853
18806,0.5130238095238095,0,1,0,422927,182683,38920,69036,1.6921986735336618,0.2742582006125878
18807,0.5130476190476191,0,2,0,422929,182681,38920,69036,1.6921801474674867,0.27426037971213707
18808,0.5130555555555556,0,1,0,422930,182680,38920,69036,1.6921708844343992,0.2742614692748971
18809,0.5130833333333333,0,3,0,422933,182677,38920,69036,1.6921430953351366,0.2742647380151204
18810,0.5131111111111112,0,1,0,422934,182676,38920,69036,1.692133832302049,0.27426582761250956
18811,0.5131190476190476,1,1,1,422935,182675,38921,69035,1.6921245692689615,0.27426403400738947
18812,0.5131190476190477,0,1,0,422936,182674,38921,69035,1.6921153062358738,0.2742651236149681
18813,0.5131428571428571,0,1,0,422937,182673,38921,69035,1.6921060432027863,0.2742662132312044
18814,0.5131666666666667,5,14,5,422951,182659,38926,69030,1.6919763607395606,0.2742670517980524
18815,0.5131666666666668,0,3,0,422954,182656,38926,69030,1.691948571640298,0.27427032095547627
18816,0.5131904761904762,0,1,0,422955,182655,38926,69030,1.6919393086072103,0.27427141069193633
18817,0.5132142857142857,0,4,0,422959,182651,38926,69030,1.69190225647486,0.2742757697243733
18818,0.51325,0,1,0,422960,182650,38926,69030,1.6918929934417726,0.2742768595041322
18819,0.5132857142857143,0,3,0,422963,182647,38926,69030,1.69186520434251,0.27428012889536985
18820,0.5133333333333333,107,622,107,423585,182025,39033,68923,1.686103597762051,0.2746505252084097
18821,0.5133333333333334,1,4,1,423589,182021,39034,68922,1.686066545629701,0.27465201260844097
18822,0.5133849206349208,1,2,1,423591,182019,39035,68921,1.686048019563526,0.2746513110703754
18823,0.5133888888888889,0,1,0,423592,182018,39035,68921,1.6860387565304382,0.274652405564699
18824,0.5134047619047617,0,5,0,423597,182013,39035,68921,1.6859924413650005,0.27465787816716747
18825,0.5134047619047619,0,1,0,423598,182012,39035,68921,1.685983178331913,0.274658972713832
18826,0.5134090909090909,0,1,0,423599,182011,39035,68921,1.6859739152988253,0.2746600672692203
18827,0.5134166666666666,0,1,0,423600,182010,39035,68921,1.6859646522657379,0.27466116183333267
18828,0.513452380952381,0,3,0,423603,182007,39035,68921,1.6859368631664753,0.2746644455780144
18829,0.5134761904761906,0,1,0,423604,182006,39035,68921,1.6859276001333876,0.2746655401770236
18830,0.5135,0,2,0,423606,182004,39035,68921,1.6859090740672125,0.2746677294012155
18831,0.5135000000000001,1,19,1,423625,181985,39036,68920,1.685733076438549,0.27468563799047446
18832,0.5135238095238095,0,1,0,423626,181984,39036,68920,1.6857238134054615,0.2746867327742882
18833,0.513547619047619,1,2,1,423628,181982,39037,68919,1.6857052873392864,0.27468603154232146
18834,0.5135714285714286,2,4,2,423632,181978,39039,68917,1.685668235206936,0.2746846290280795
18835,0.5136111111111111,0,2,0,423634,181976,39039,68917,1.685649709140761,0.27468681868366196
18836,0.5136190476190476,0,1,0,423635,181975,39039,68917,1.6856404461076735,0.2746879135245444
18837,0.5136349206349206,0,3,0,423638,181972,39039,68917,1.685612657008411,0.274691198099558
18838,0.5136666666666667,5,19,5,423657,181953,39044,68912,1.6854366593797474,0.27469754648914757
18839,0.5136944444444443,0,1,0,423658,181952,39044,68912,1.6854273963466597,0.2746986414949933
18840,0.5137060439560439,0,1,0,423659,181951,39044,68912,1.6854181333135723,0.27469973650956897
18841,0.5137142857142858,0,1,0,423660,181950,39044,68912,1.6854088702804846,0.27470083153287467
18842,0.5137499999999999,0,1,0,423661,181949,39044,68912,1.6853996072473971,0.27470192656491044
18843,0.51375,1,11,1,423672,181938,39045,68911,1.685297713883434,0.2747110811683523
18844,0.5137857142857143,0,1,0,423673,181937,39045,68911,1.6852884508503465,0.2747121762979972
18845,0.5138095238095238,1,4,1,423677,181933,39046,68910,1.6852513987179962,0.27471366551986703
18846,0.5138333333333333,0,2,0,423679,181931,39046,68910,1.685232872651821,0.274715855860884
18847,0.5138333333333334,1,6,1,423685,181925,39047,68909,1.685177294453296,0.2747195356291412
18848,0.5138333333333335,0,1,0,423686,181924,39047,68909,1.6851680314202082,0.2747206308579812
18849,0.5138809523809523,0,1,0,423687,181923,39047,68909,1.6851587683871208,0.274721726095554
18850,0.513888888888889,0,1,0,423688,181922,39047,68909,1.685149505354033,0.27472282134185966
18851,0.5139047619047619,1,1,1,423689,181921,39048,68908,1.6851402423209456,0.27472102508083196
18852,0.5139285714285714,0,1,0,423690,181920,39048,68908,1.685130979287858,0.27472212033744237
18853,0.5139285714285715,0,1,0,423691,181919,39048,68908,1.6851217162547705,0.274723215602786
18854,0.5139444444444444,0,1,0,423692,181918,39048,68908,1.685112453221683,0.27472431087686283
18855,0.5139999999999999,0,1,0,423693,181917,39048,68908,1.6851031901885953,0.27472540615967306
18856,0.514,22,102,22,423795,181815,39070,68886,1.6841583608136648,0.274773535007838
18857,0.5140238095238095,0,1,0,423796,181814,39070,68886,1.6841490977805773,0.2747746310331073
18858,0.5140476190476191,1,1,1,423797,181813,39071,68885,1.6841398347474896,0.274772834246783
18859,0.5140833333333333,0,1,0,423798,181812,39071,68885,1.6841305717144022,0.27477393028237274
18860,0.514095238095238,0,1,0,423799,181811,39071,68885,1.6841213086813147,0.2747750263267065
18861,0.5141071428571429,0,1,0,423800,181810,39071,68885,1.684112045648227,0.2747761223797842
18862,0.5141190476190477,0,3,0,423803,181807,39071,68885,1.6840842565489644,0.27477941059148275
18863,0.5141504435107377,0,1,0,423804,181806,39071,68885,1.6840749935158768,0.27478050667953774
18864,0.5141666666666665,0,1,0,423805,181805,39071,68885,1.6840657304827893,0.2747816027763373
18865,0.5141666666666667,24,99,24,423904,181706,39095,68861,1.6831486902071213,0.2748207066373465
18866,0.5141904761904762,2,2,2,423906,181704,39097,68859,1.6831301641409464,0.2748171118640821
18867,0.5142142857142856,0,1,0,423907,181703,39097,68859,1.6831209011078587,0.27481820866691675
18868,0.5142634032634033,0,2,0,423909,181701,39097,68859,1.6831023750416836,0.2748204022988506
18869,0.5142857142857143,1,17,1,423926,181684,39098,68858,1.6829449034791952,0.2748361552154928
18870,0.514309523809524,1,0,1,423926,181684,39099,68857,1.6829449034791952,0.2748332608235778
18871,0.5143333333333333,2,10,2,423936,181674,39101,68855,1.6828522731483198,0.27483844185703055
18872,0.5143333333333334,6,24,6,423960,181650,39107,68849,1.6826299603542183,0.2748474045804574
18873,0.5144047619047618,0,1,0,423961,181649,39107,68849,1.6826206973211308,0.27484850178444536
18874,0.5144047619047619,0,1,0,423962,181648,39107,68849,1.6826114342880434,0.2748495989971936
18875,0.5144166666666666,0,1,0,423963,181647,39107,68849,1.6826021712549557,0.2748506962187021
18876,0.5144444444444445,0,1,0,423964,181646,39107,68849,1.6825929082218682,0.27485179344897104
18877,0.514452380952381,0,3,0,423967,181643,39107,68849,1.6825651191226054,0.2748550851923415
18878,0.5144761904761905,0,1,0,423968,181642,39107,68849,1.682555856089518,0.27485618245765314
18879,0.5145,1,5,1,423973,181637,39108,68848,1.6825095409240802,0.27485877397848174
18880,0.5145000000000001,2,21,2,423994,181616,39110,68846,1.6823150172292416,0.2748760290982265
18881,0.5145119047619048,0,1,0,423995,181615,39110,68846,1.682305754196154,0.2748771265785891
18882,0.5145238095238095,0,1,0,423996,181614,39110,68846,1.6822964911630665,0.2748782240677154
18883,0.5145555555555555,0,1,0,423997,181613,39110,68846,1.6822872281299788,0.27487932156560557
18884,0.5145714285714285,0,1,0,423998,181612,39110,68846,1.6822779650968913,0.27488041907225963
18885,0.5145833333333333,0,1,0,423999,181611,39110,68846,1.6822687020638039,0.27488151658767773
18886,0.5145952380952381,0,1,0,424000,181610,39110,68846,1.6822594390307162,0.27488261411186
18887,0.5146190476190476,0,1,0,424001,181609,39110,68846,1.6822501759976287,0.27488371164480646
18888,0.514623015873016,0,1,0,424002,181608,39110,68846,1.682240912964541,0.2748848091865173
18889,0.5146428571428572,0,3,0,424005,181605,39110,68846,1.6822131238652784,0.2748881018642369
18890,0.5146428571428573,0,1,0,424006,181604,39110,68846,1.682203860832191,0.2748891994410062
18891,0.5146666666666666,3,12,3,424018,181592,39113,68843,1.6820927044351401,0.27489368498812067
18892,0.5146666666666667,4,25,4,424043,181567,39117,68839,1.6818611286079514,0.27490954689584113
18893,0.5147142857142856,0,1,0,424044,181566,39117,68839,1.6818518655748638,0.2749106447554961
18894,0.5147142857142857,0,1,0,424045,181565,39117,68839,1.6818426025417763,0.27491174262391976
18895,0.5147380952380952,1,0,1,424045,181565,39118,68838,1.6818426025417763,0.27490884693873474
18896,0.51475,0,1,0,424046,181564,39118,68838,1.6818333395086886,0.27490994480874753
18897,0.5147619047619048,1,2,1,424048,181562,39119,68837,1.6818148134425137,0.274909244845227
18898,0.5147619047619049,0,1,0,424049,181561,39119,68837,1.681805550409426,0.2749103427343669
18899,0.5148333333333333,1,1,1,424050,181560,39120,68836,1.6817962873763386,0.27490854486493393
18900,0.5148333333333334,2,10,2,424060,181550,39122,68834,1.6817036570454629,0.27491373250686946
18901,0.5148611111111111,0,1,0,424061,181549,39122,68834,1.6816943940123754,0.2749148304797051
18902,0.5149444444444444,1,0,1,424061,181549,39123,68833,1.6816943940123754,0.2749119345639862
18903,0.5149523809523809,0,1,0,424062,181548,39123,68833,1.681685130979288,0.2749130325384115
18904,0.5149999999999999,1,20,1,424082,181528,39124,68832,1.6814998703175368,0.27493209777919797
18905,0.515,206,1095,206,425177,180433,39330,68626,1.671356849086665,0.27554113683906223
18906,0.5150000000000001,6,14,6,425191,180419,39336,68620,1.6712271666234393,0.2755391725793952
18907,0.5150833333333333,0,4,0,425195,180415,39336,68620,1.671190114491089,0.27554359828939706
18908,0.5150952380952382,1,0,1,425195,180415,39337,68619,1.671190114491089,0.2755406892231583
18909,0.5151190476190476,0,2,0,425197,180413,39337,68619,1.6711715884249139,0.275542902116997
18910,0.5151666666666666,0,1,0,425198,180412,39337,68619,1.6711623253918264,0.2755440085772454
18911,0.5151666666666667,2,13,2,425211,180399,39339,68617,1.6710419059616881,0.27555257493494395
18912,0.5151666666666668,1,3,1,425214,180396,39340,68616,1.6710141168624255,0.27555298539829404
18913,0.5151785714285715,1,1,1,425215,180395,39341,68615,1.6710048538293378,0.2755511826834264
18914,0.5151872294372295,1,0,1,425215,180395,39342,68614,1.6710048538293378,0.2755482733555815
18915,0.5152380952380952,1,0,1,425215,180395,39343,68613,1.6710048538293378,0.27554536400436935
18916,0.5152380952380953,1,5,1,425220,180390,39344,68612,1.6709585386639,0.27554798756636495
18917,0.5152619047619047,1,0,1,425220,180390,39345,68611,1.6709585386639,0.27554507813221635
18918,0.5152857142857142,0,1,0,425221,180389,39345,68611,1.6709492756308126,0.2755461847389558
18919,0.5152857142857143,0,1,0,425222,180388,39345,68611,1.670940012597725,0.2755472913545838
18920,0.5153076923076922,0,1,0,425223,180387,39345,68611,1.6709307495646375,0.27554839797910025
18921,0.5153214285714287,0,3,0,425226,180384,39345,68611,1.6709029604653747,0.27555171790598204
18922,0.5153333333333333,5,18,5,425244,180366,39350,68606,1.6707362258697989,0.2755570907571936
18923,0.5153333333333334,2,11,2,425255,180355,39352,68604,1.6706343325058357,0.2755634461899349
18924,0.5153571428571428,0,1,0,425256,180354,39352,68604,1.6706250694727482,0.27556455305714217
18925,0.5153809523809524,1,0,1,425256,180354,39353,68603,1.6706250694727482,0.27556164317532744
18926,0.5154166666666666,1,1,1,425257,180353,39354,68602,1.6706158064396606,0.2755598401317507
18927,0.5154166666666667,0,1,0,425258,180352,39354,68602,1.670606543406573,0.2755609470022575
18928,0.5154751082251081,0,3,0,425261,180349,39354,68602,1.6705787543073103,0.27556426766713127
18929,0.5154761904761904,0,1,0,425262,180348,39354,68602,1.6705694912742228,0.27556537457320746
18930,0.5154761904761905,0,1,0,425263,180347,39354,68602,1.6705602282411354,0.2755664814881763
18931,0.5154999999999998,0,2,0,425265,180345,39354,68602,1.6705417021749602,0.2755686953447923
18932,0.5155,1,23,1,425288,180322,39355,68601,1.6703286524139465,0.2755912470924744
18933,0.5155000000000001,0,2,0,425290,180320,39355,68601,1.6703101263477713,0.2755934613793131
18934,0.5155238095238096,0,1,0,425291,180319,39355,68601,1.6703008633146839,0.27559456853607583
18935,0.515547619047619,0,1,0,425292,180318,39355,68601,1.6702916002815962,0.2755956757017343
18936,0.5155555555555555,0,2,0,425294,180316,39355,68601,1.670273074215421,0.2755978900597388
18937,0.5155555555555557,1,0,1,425294,180316,39356,68600,1.670273074215421,0.27559497983255393
18938,0.5155833333333334,0,2,0,425296,180314,39356,68600,1.670254548149246,0.2755971942116554
18939,0.5155894660894661,0,2,0,425298,180312,39356,68600,1.670236022083071,0.27559940862634186
18940,0.5155897435897435,0,1,0,425299,180311,39356,68600,1.6702267590499833,0.27560051584702966
18941,0.5155919913419915,1,2,1,425301,180309,39357,68599,1.6702082329838082,0.2755998200138204
18942,0.5155952380952382,2,0,2,425301,180309,39359,68597,1.6702082329838082,0.2755939993411167
18943,0.5156111111111111,0,1,0,425302,180308,39359,68597,1.6701989699507207,0.2755951065667624
18944,0.5156190476190475,2,2,2,425304,180306,39361,68595,1.6701804438845456,0.2755915002350332
18945,0.5156190476190476,0,1,0,425305,180305,39361,68595,1.670171180851458,0.27559260747288067
18946,0.5156349206349207,0,3,0,425308,180302,39361,68595,1.6701433917521953,0.275595929239806
18947,0.5156428571428572,1,1,1,425309,180301,39362,68594,1.6701341287191078,0.2755941260370839
18948,0.5156666666666666,3,15,3,425324,180286,39365,68591,1.6699951832227944,0.27560200420287934
18949,0.5156666666666667,1,10,1,425334,180276,39366,68590,1.669902552891919,0.27561016772078145
18950,0.5156727994227993,0,3,0,425337,180273,39366,68590,1.6698747637926563,0.27561349015321684
18951,0.5157142857142857,2,11,2,425348,180262,39368,68588,1.6697728704286932,0.2756198513160538
18952,0.5157142857142858,0,2,0,425350,180260,39368,68588,1.669754344362518,0.27562206648235066
18953,0.5157261904761904,2,0,2,425350,180260,39370,68586,1.669754344362518,0.2756162445850044
18954,0.5157380952380951,0,1,0,425351,180259,39370,68586,1.6697450813294306,0.2756173521670116
18955,0.5157777777777778,0,1,0,425352,180258,39370,68586,1.6697358182963429,0.2756184597579206
18956,0.5157857142857142,0,1,0,425353,180257,39370,68586,1.6697265552632554,0.2756195673577316
18957,0.5157857142857143,0,1,0,425354,180256,39370,68586,1.6697172922301677,0.27562067496644455
18958,0.515797619047619,0,1,0,425355,180255,39370,68586,1.6697080291970803,0.2756217825840597
18959,0.5158095238095238,0,1,0,425356,180254,39370,68586,1.6696987661639928,0.27562289021057707
18960,0.5158232323232324,0,1,0,425357,180253,39370,68586,1.6696895031309051,0.2756239978459968
18961,0.5158333333333333,10,56,10,425413,180197,39380,68576,1.6691707732780021,0.27565692418389454
18962,0.5158333333333334,6,61,6,425474,180136,39386,68570,1.6686057282596614,0.27570705974122056
18963,0.5158333333333335,0,3,0,425477,180133,39386,68570,1.6685779391603988,0.2757103854798696
18964,0.5158690476190477,0,1,0,425478,180132,39386,68570,1.668568676127311,0.2757114940772491
18965,0.5158809523809524,0,1,0,425479,180131,39386,68570,1.6685594130942236,0.2757126026835437
18966,0.5159047619047619,0,1,0,425480,180130,39386,68570,1.668550150061136,0.2757137112987535
18967,0.5159523809523809,0,6,0,425486,180124,39386,68570,1.6684945718626107,0.2757203631772379
18968,0.515952380952381,0,1,0,425487,180123,39386,68570,1.668485308829523,0.2757214718548572
18969,0.5159761904761905,0,1,0,425488,180122,39386,68570,1.6684760457964356,0.2757225805413926
18970,0.5159999999999999,1,7,1,425495,180115,39387,68569,1.6684112045648227,0.27572742918724163
18971,0.516,17,107,17,425602,180008,39404,68552,1.6674200600244544,0.2757965883488896
18972,0.5160000000000001,0,4,0,425606,180004,39404,68552,1.6673830078921041,0.27580102673039475
18973,0.5160714285714285,0,1,0,425607,180003,39404,68552,1.6673737448590167,0.275802136348092
18974,0.5160714285714286,0,2,0,425609,180001,39404,68552,1.6673552187928415,0.2758043556102723
18975,0.5160833333333333,0,1,0,425610,180000,39404,68552,1.667345955759754,0.2758054652547555
18976,0.5161190476190476,0,1,0,425611,179999,39404,68552,1.6673366927266664,0.27580657490816773
18977,0.5161309523809523,0,1,0,425612,179998,39404,68552,1.667327429693579,0.27580768457050897
18978,0.5161309523809524,1,0,1,425612,179998,39405,68551,1.667327429693579,0.275804770890247
18979,0.5161428571428571,0,2,0,425614,179996,39405,68551,1.6673089036274038,0.2758069902272005
18980,0.5161666666666666,0,4,0,425618,179992,39405,68551,1.6672718514950535,0.27581142900826017
18981,0.5161666666666667,2,5,2,425623,179987,39407,68549,1.6672255363296158,0.27581115009495605
18982,0.5161666666666668,0,4,0,425627,179983,39407,68549,1.6671884841972655,0.2758155891394267
18983,0.5161904761904761,0,1,0,425628,179982,39407,68549,1.667179221164178,0.2758166989228708
18984,0.5161904761904762,0,4,0,425632,179978,39407,68549,1.6671421690318278,0.275821138145956
18985,0.5162142857142857,1,1,1,425633,179977,39408,68548,1.6671329059987403,0.275819334071019
18986,0.5162222222222222,1,3,1,425636,179974,39409,68547,1.6671051168994775,0.2758197496388635
18987,0.5162499999999999,0,1,0,425637,179973,39409,68547,1.66709585386639,0.27582085948817
18988,0.51625,0,11,0,425648,179962,39409,68547,1.6669939605024269,0.2758330684200572
18989,0.5162857142857143,0,4,0,425652,179958,39409,68547,1.6669569083700766,0.2758375082996318
18990,0.5163095238095238,0,2,0,425654,179956,39409,68547,1.6669383823039017,0.2758397282930186
18991,0.5163095238095239,1,0,1,425654,179956,39410,68546,1.6669383823039017,0.2758368141906303
18992,0.5163333333333333,1,17,1,425671,179939,39411,68545,1.666780910741413,0.2758527712045846
18993,0.5163333333333334,0,3,0,425674,179936,39411,68545,1.6667531216421505,0.27585610167376984
18994,0.5163571428571428,0,1,0,425675,179935,39411,68545,1.666743858609063,0.2758572118480361
18995,0.5163690476190477,0,1,0,425676,179934,39411,68545,1.6667345955759754,0.27585832203123806
18996,0.5163809523809523,0,1,0,425677,179933,39411,68545,1.666725332542888,0.2758594322233759
18997,0.5163809523809524,0,1,0,425678,179932,39411,68545,1.6667160695098002,0.27586054242444974
18998,0.5163809523809525,0,1,0,425679,179931,39411,68545,1.6667068064767128,0.27586165263445966
18999,0.5163888888888889,0,1,0,425680,179930,39411,68545,1.666697543443625,0.2758627628534058
19000,0.5164166666666666,1,0,1,425680,179930,39412,68544,1.666697543443625,0.2758598485153376
19001,0.5164285714285713,0,2,0,425682,179928,39412,68544,1.6666790173774502,0.27586206896551724
19002,0.5164285714285715,1,0,1,425682,179928,39413,68543,1.6666790173774502,0.2758591545894692
19003,0.5164653287533723,1,5,1,425687,179923,39414,68542,1.6666327022120122,0.27586179139919104
19004,0.5165,5,25,5,425712,179898,39419,68537,1.6664011263848235,0.2758749773582627
19005,0.5165000000000001,0,5,0,425717,179893,39419,68537,1.6663548112193858,0.2758805297266836
19006,0.5165833333333333,0,1,0,425718,179892,39419,68537,1.666345548186298,0.27588164022718764
19007,0.5166190476190475,1,1,1,425719,179891,39420,68536,1.6663362851532106,0.2758798359276568
19008,0.5166190476190476,0,1,0,425720,179890,39420,68536,1.666327022120123,0.27588094643877853
19009,0.5166666666666666,74,331,74,426051,179559,39494,68462,1.6632609581681426,0.2760330778442148
19010,0.5166666666666667,45,262,45,426313,179297,39539,68417,1.6608340434992033,0.2761935134873281
19011,0.5166666666666668,0,1,0,426314,179296,39539,68417,1.6608247804661158,0.2761946284611627
19012,0.5167142857142857,0,3,0,426317,179293,39539,68417,1.6607969913668532,0.27619797343668
19013,0.5167142857142858,0,1,0,426318,179292,39539,68417,1.6607877283337655,0.27619908844652397
19014,0.5167380952380952,0,1,0,426319,179291,39539,68417,1.660778465300678,0.2762002034653705
19015,0.5167857142857143,0,1,0,426320,179290,39539,68417,1.6607692022675904,0.2762013184932198
19016,0.516829365079365,0,1,0,426321,179289,39539,68417,1.660759939234503,0.27620243353007196
19017,0.5168333333333333,1,6,1,426327,179283,39540,68416,1.6607043610359775,0.2762062018821231
19018,0.5168333333333334,1,14,1,426341,179269,39541,68415,1.6605746785727518,0.2762188918137627
19019,0.5168571428571428,0,1,0,426342,179268,39541,68415,1.6605654155396643,0.2762200070251087
19020,0.516857142857143,0,1,0,426343,179267,39541,68415,1.6605561525065768,0.2762211222454599
19021,0.5168888888888888,0,1,0,426344,179266,39541,68415,1.6605468894734892,0.2762222374748164
19022,0.5169047619047619,1,3,1,426347,179263,39542,68414,1.6605191003742266,0.2762226609656932
19023,0.5169166666666666,0,1,0,426348,179262,39542,68414,1.6605098373411389,0.2762237762237762
19024,0.5169444444444444,1,1,1,426349,179261,39543,68413,1.6605005743080514,0.2762219692014503
19025,0.516952380952381,1,0,1,426349,179261,39544,68412,1.6605005743080514,0.27621904688843757
19026,0.5169642857142857,0,1,0,426350,179260,39544,68412,1.660491311274964,0.2762201621499402
19027,0.5169999999999999,2,4,2,426354,179256,39546,68410,1.6604542591426137,0.2762187785162275
19028,0.517,7,34,7,426388,179222,39553,68403,1.6601393160176368,0.27623624432105
19029,0.5170000000000001,0,2,0,426390,179220,39553,68403,1.6601207899514616,0.27623847542433455
19030,0.5170238095238094,0,1,0,426391,179219,39553,68403,1.6601115269183742,0.276239590989492
19031,0.5170238095238096,0,1,0,426392,179218,39553,68403,1.6601022638852867,0.2762407065636598
19032,0.5170714285714285,0,1,0,426393,179217,39553,68403,1.660093000852199,0.2762418221468379
19033,0.5170714285714286,0,1,0,426394,179216,39553,68403,1.6600837378191116,0.2762429377390265
19034,0.5170833333333333,1,2,1,426396,179214,39554,68402,1.6600652117529364,0.276242246058413
19035,0.517142857142857,0,1,0,426397,179213,39554,68402,1.6600559487198487,0.276243361670335
19036,0.5171428571428571,0,13,0,426410,179200,39554,68402,1.6599355292897107,0.2762578654453518
19037,0.5171666666666666,1,0,1,426410,179200,39555,68401,1.6599355292897107,0.2762549424275346
19038,0.5171666666666667,3,14,3,426424,179186,39558,68398,1.659805846826485,0.2762617939769937
19039,0.5171746031746032,0,2,0,426426,179184,39558,68398,1.6597873207603098,0.2762640256561463
19040,0.517202380952381,0,1,0,426427,179183,39558,68398,1.6597780577272223,0.2762651415092434
19041,0.5172142857142856,0,1,0,426428,179182,39558,68398,1.6597687946941346,0.27626625737135474
19042,0.5172142857142857,0,1,0,426429,179181,39558,68398,1.6597595316610472,0.2762673732424802
19043,0.51725,1,1,1,426430,179180,39559,68397,1.6597502686279595,0.27626556586435735
19044,0.5172619047619047,0,4,0,426434,179176,39559,68397,1.6597132164956092,0.27627002944586043
19045,0.5172619047619048,0,1,0,426435,179175,39559,68397,1.6597039534625218,0.27627114536377295
19046,0.5172777777777777,0,1,0,426436,179174,39559,68397,1.6596946904294343,0.2762722612907004
19047,0.5172857142857142,1,3,1,426439,179171,39560,68396,1.6596669013301715,0.2762726857779914
19048,0.5173333333333333,3,44,3,426483,179127,39563,68393,1.659259327874319,0.27631302521008405
19049,0.5173333333333334,0,1,0,426484,179126,39563,68393,1.6592500648412316,0.2763141415406494
19050,0.5173809523809524,1,1,1,426485,179125,39564,68392,1.6592408018081442,0.2763123341023041
19051,0.5174166666666666,0,3,0,426488,179122,39564,68392,1.6592130127088813,0.2763156831532762
19052,0.5174761904761905,0,2,0,426490,179120,39564,68392,1.6591944866427062,0.2763179158990271
19053,0.5175,55,300,55,426790,178820,39619,68337,1.6564155767164401,0.27649227009552635
19054,0.5175000000000001,2,3,2,426793,178817,39621,68335,1.6563877876171773,0.27648977147666215
19055,0.5175335497835498,0,3,0,426796,178814,39621,68335,1.6563599985179147,0.2764931276274636
19056,0.5175714285714287,1,1,1,426797,178813,39622,68334,1.6563507354848273,0.27649131893164797
19057,0.5175833333333333,0,2,0,426799,178811,39622,68334,1.6563322094186521,0.2764935564142507
19058,0.5176190476190476,1,2,1,426801,178809,39623,68333,1.656313683352477,0.2764928664492478
19059,0.5176666666666666,5,12,5,426813,178797,39628,68328,1.6562025269554264,0.2764916540212443
19060,0.5176666666666667,1,3,1,426816,178794,39629,68327,1.6561747378561635,0.27649208282582216
19061,0.5176904761904761,0,2,0,426818,178792,39629,68327,1.6561562117899886,0.27649432055001844
19062,0.5177499999999999,0,2,0,426820,178790,39629,68327,1.6561376857238135,0.27649655831043596
19063,0.5177777777777778,1,5,1,426825,178785,39630,68326,1.6560913705583757,0.2764992250446156
19064,0.5177857142857143,0,1,0,426826,178784,39630,68326,1.656082107525288,0.2765003439763668
19065,0.5178333333333334,2,10,2,426836,178774,39632,68324,1.6559894771944126,0.27650567790916963
19066,0.5178333333333335,0,3,0,426839,178771,39632,68324,1.65596168809515,0.2765090349865436
19067,0.5178571428571428,0,6,0,426845,178765,39632,68324,1.6559061098966246,0.27651574938584883
19068,0.5178571428571429,0,2,0,426847,178763,39632,68324,1.6558875838304494,0.27651798759141516
19069,0.5178611111111112,0,1,0,426848,178762,39632,68324,1.655878320797362,0.27651910670778596
19070,0.5178809523809524,0,1,0,426849,178761,39632,68324,1.6558690577642743,0.2765202258332153
19071,0.5179047619047619,0,1,0,426850,178760,39632,68324,1.6558597947311868,0.2765213449677033
19072,0.5179166666666667,0,1,0,426851,178759,39632,68324,1.6558505316980991,0.2765224641112501
19073,0.5179166666666668,0,1,0,426852,178758,39632,68324,1.6558412686650117,0.27652358326385573
19074,0.5179444444444444,0,1,0,426853,178757,39632,68324,1.655832005631924,0.27652470242552035
19075,0.5179696969696971,0,2,0,426855,178755,39632,68324,1.655813479565749,0.2765269407760271
19076,0.5179761904761905,1,4,1,426859,178751,39633,68323,1.6557764274333988,0.2765284894404106
19077,0.518,19,88,19,426947,178663,39652,68304,1.654961280521694,0.276571363785445
19078,0.5180000000000001,0,1,0,426948,178662,39652,68304,1.6549520174886065,0.2765724836617186
19079,0.5180238095238096,0,1,0,426949,178661,39652,68304,1.6549427544555189,0.27657360354706134
19080,0.5180277777777776,0,3,0,426952,178658,39652,68304,1.6549149653562563,0.2765769632575052
19081,0.5180833333333333,0,2,0,426954,178656,39652,68304,1.6548964392900811,0.2765792031098154
19082,0.518095238095238,1,2,1,426956,178654,39653,68303,1.654877913223906,0.27657851366837144
19083,0.5180952380952383,0,3,0,426959,178651,39653,68303,1.6548501241246434,0.2765818735473003
19084,0.5181071428571429,0,1,0,426960,178650,39653,68303,1.654840861091556,0.2765829935250837
19085,0.5181111111111112,0,1,0,426961,178649,39653,68303,1.6548315980584682,0.27658411351193757
19086,0.5181190476190476,1,1,1,426962,178648,39654,68302,1.6548223350253808,0.27658230411014373
19087,0.5181208791208791,1,0,1,426962,178648,39655,68301,1.6548223350253808,0.2765793746887009
19088,0.5181666666666667,3,13,3,426975,178635,39658,68298,1.6547019155952425,0.27658514657822164
19089,0.5181666666666668,0,1,0,426976,178634,39658,68298,1.654692652562155,0.2765862666645068
19090,0.5181785714285714,0,1,0,426977,178633,39658,68298,1.6546833895290673,0.2765873867598641
19091,0.5181904761904762,0,1,0,426978,178632,39658,68298,1.65467412649598,0.27658850686429354
19092,0.5182023809523808,0,1,0,426979,178631,39658,68298,1.6546648634628922,0.2765896269777952
19093,0.5182142857142857,2,4,2,426983,178627,39660,68296,1.6546278113305422,0.2765882481583328
19094,0.5182222222222223,0,1,0,426984,178626,39660,68296,1.6546185482974545,0.2765893683025409
19095,0.5182301587301588,0,1,0,426985,178625,39660,68296,1.654609285264367,0.2765904884558219
19096,0.5182619047619048,0,1,0,426986,178624,39660,68296,1.6546000222312793,0.27659160861817594
19097,0.5182777777777777,0,1,0,426987,178623,39660,68296,1.6545907591981919,0.27659272878960306
19098,0.5182857142857142,2,1,2,426988,178622,39662,68294,1.6545814961651042,0.2765879894377035
19099,0.5182857142857143,1,0,1,426988,178622,39663,68293,1.6545814961651042,0.27658505963590707
19100,0.5182954545454546,1,0,1,426988,178622,39664,68292,1.6545814961651042,0.27658212981037933
19101,0.5183095238095238,0,2,0,426990,178620,39664,68292,1.6545629700989293,0.2765843701399689
19102,0.5183333333333333,72,325,72,427315,178295,39736,68220,1.651552484345474,0.27673772387075835
19103,0.5183333333333334,1,3,1,427318,178292,39737,68219,1.6515246952462115,0.2767381577292697
19104,0.518361111111111,0,1,0,427319,178291,39737,68219,1.6515154322131238,0.2767392803537382
19105,0.5183809523809524,0,1,0,427320,178290,39737,68219,1.6515061691800363,0.27674040298731484
19106,0.5184166666666666,0,1,0,427321,178289,39737,68219,1.6514969061469487,0.2767415256299998
19107,0.5184285714285712,0,1,0,427322,178288,39737,68219,1.6514876431138612,0.27674264828179324
19108,0.5184365079365079,0,1,0,427323,178287,39737,68219,1.6514783800807737,0.2767437709426951
19109,0.5184444444444444,0,1,0,427324,178286,39737,68219,1.651469117047686,0.2767448936127056
19110,0.518452380952381,0,2,0,427326,178284,39737,68219,1.651450590981511,0.276747138980053
19111,0.518468253968254,1,2,1,427328,178282,39738,68218,1.6514320649153358,0.27674645030425965
19112,0.5184761904761905,0,1,0,427329,178281,39738,68218,1.6514228018822483,0.2767475730124666
19113,0.5184848484848485,0,1,0,427330,178280,39738,68218,1.6514135388491609,0.2767486957297828
19114,0.5185,10,14,10,427344,178266,39748,68208,1.6512838563859351,0.2767350714476983
19115,0.5185000000000001,0,2,0,427346,178264,39748,68208,1.65126533031976,0.27673731701775456
19116,0.5185238095238095,0,4,0,427350,178260,39748,68208,1.6512282781874097,0.27674180826719896
19117,0.5185714285714286,2,5,2,427355,178255,39750,68206,1.651181963021972,0.27674155343036017
19118,0.5185833333333334,0,1,0,427356,178254,39750,68206,1.6511726999888843,0.2767426762963564
19119,0.5186428571428572,0,2,0,427358,178252,39750,68206,1.6511541739227094,0.27674492205568496
19120,0.5186666666666666,1,3,1,427361,178249,39751,68205,1.6511263848234465,0.2767453561313673
19121,0.5186666666666667,6,25,6,427386,178224,39757,68199,1.6508948089962578,0.2767558223055478
19122,0.5187142857142857,1,2,1,427388,178222,39758,68198,1.6508762829300827,0.2767551335118903
19123,0.5187424242424243,0,1,0,427389,178221,39758,68198,1.650867019896995,0.27675625661982234
19124,0.5187499999999999,0,1,0,427390,178220,39758,68198,1.6508577568639076,0.27675737973686987
19125,0.51875,2,6,2,427396,178214,39760,68196,1.6508021786653821,0.2767582484477091
19126,0.5187619047619048,0,1,0,427397,178213,39760,68196,1.6507929156322947,0.2767593716138615
19127,0.5187777777777778,0,1,0,427398,178212,39760,68196,1.650783652599207,0.27676049478913023
19128,0.5187878787878788,0,1,0,427399,178211,39760,68196,1.6507743895661195,0.27676161797351534
19129,0.5188095238095238,1,4,1,427403,178207,39761,68195,1.6507373374337693,0.2767631756235745
19130,0.5188333333333333,0,1,0,427404,178206,39761,68195,1.6507280744006818,0.27676429884618975
19131,0.5188333333333334,0,8,0,427412,178198,39761,68195,1.6506539701359813,0.2767732849553356
19132,0.5188333333333335,1,1,1,427413,178197,39762,68194,1.6506447071028938,0.27677147298399696
19133,0.5188809523809524,0,1,0,427414,178196,39762,68194,1.6506354440698061,0.2767725962904339
19134,0.5188888888888888,0,1,0,427415,178195,39762,68194,1.6506261810367187,0.2767737196059889
19135,0.518888888888889,1,0,1,427415,178195,39763,68193,1.6506261810367187,0.27677078429144275
19136,0.5188968253968254,0,1,0,427416,178194,39763,68193,1.6506169180036312,0.2767719076087618
19137,0.518904761904762,0,1,0,427417,178193,39763,68193,1.6506076549705435,0.2767730309351992
19138,0.5189112554112555,1,1,1,427418,178192,39764,68192,1.650598391937456,0.27677121891031886
19139,0.5189166666666666,0,1,0,427419,178191,39764,68192,1.6505891289043684,0.27677234224763886
19140,0.5189166666666667,0,1,0,427420,178190,39764,68192,1.650579865871281,0.2767734655940775
19141,0.5189285714285714,0,1,0,427421,178189,39764,68192,1.6505706028381932,0.2767745889496349
19142,0.5189523809523809,0,2,0,427423,178187,39764,68192,1.6505520767720183,0.2767768356881065
19143,0.5189761904761905,0,1,0,427424,178186,39764,68192,1.6505428137389306,0.27677795907102093
19144,0.5189999999999999,0,1,0,427425,178185,39764,68192,1.6505335507058432,0.2767790824630546
19145,0.519,8,51,8,427476,178134,39772,68184,1.650061136018378,0.2768129003970477
19146,0.5190000000000001,0,2,0,427478,178132,39772,68184,1.6500426099522028,0.276815148021241
19147,0.5190238095238096,1,1,1,427479,178131,39773,68183,1.6500333469191153,0.2768133358233799
19148,0.5190476190476191,0,1,0,427480,178130,39773,68183,1.6500240838860276,0.27681445965093193
19149,0.5190477577977578,0,1,0,427481,178129,39773,68183,1.6500148208529402,0.2768155834876092
19150,0.5190807525807526,0,1,0,427482,178128,39773,68183,1.6500055578198525,0.27681670733341185
19151,0.5190833333333333,0,1,0,427483,178127,39773,68183,1.649996294786765,0.2768178311883399
19152,0.5190952380952382,0,1,0,427484,178126,39773,68183,1.6499870317536773,0.2768189550523935
19153,0.5191428571428571,0,1,0,427485,178125,39773,68183,1.6499777687205899,0.27682007892557287
19154,0.5191493506493506,0,2,0,427487,178123,39773,68183,1.6499592426544147,0.276822326699309
19155,0.5191666666666666,0,2,0,427489,178121,39773,68183,1.6499407165882396,0.27682457450954917
19156,0.5191666666666667,19,138,19,427627,177983,39792,68164,1.6486624180221572,0.27692395194741354
19157,0.5191666666666668,0,2,0,427629,177981,39792,68164,1.648643891955982,0.27692620203538565
19158,0.5191785714285713,0,3,0,427632,177978,39792,68164,1.6486161028567194,0.2769295772359045
19159,0.5191904761904762,0,1,0,427633,177977,39792,68164,1.6486068398236318,0.2769307023210274
19160,0.5192261904761905,0,1,0,427634,177976,39792,68164,1.6485975767905443,0.2769318274152921
19161,0.51925,1,1,1,427635,177975,39793,68163,1.6485883137574568,0.27693001486970725
19162,0.5192857142857144,3,5,3,427640,177970,39796,68160,1.6485419985920189,0.2769268272863934
19163,0.5193095238095238,0,2,0,427642,177968,39796,68160,1.648523472525844,0.27692907755314305
19164,0.5193269230769232,0,1,0,427643,177967,39796,68160,1.6485142094927563,0.276930202700232
19165,0.5193333333333332,0,2,0,427645,177965,39796,68160,1.6484956834265811,0.2769324530218385
19166,0.5193333333333333,0,12,0,427657,177953,39796,68160,1.6483845270295305,0.2769459557195272
19167,0.5193333333333334,5,30,5,427687,177923,39801,68155,1.6481066360369039,0.27696502734905193
19168,0.5194047619047619,0,1,0,427688,177922,39801,68155,1.6480973730038164,0.27696615287084936
19169,0.5194166666666666,0,1,0,427689,177921,39801,68155,1.6480881099707287,0.2769672784017946
19170,0.5194166666666667,0,2,0,427691,177919,39801,68155,1.6480695839045536,0.2769695294911287
19171,0.5194444444444445,0,1,0,427692,177918,39801,68155,1.6480603208714661,0.27697065504951784
19172,0.519452380952381,0,1,0,427693,177917,39801,68155,1.6480510578383787,0.2769717806170552
19173,0.5194761904761905,1,3,1,427696,177914,39802,68154,1.6480232687391159,0.2769722190613977
19174,0.5194999999999999,1,0,1,427696,177914,39803,68153,1.6480232687391159,0.27696928072435556
19175,0.5195,0,5,0,427701,177909,39803,68153,1.6479769535736781,0.27697490876283215
19176,0.5195000000000001,6,19,6,427720,177890,39809,68147,1.6478009559450146,0.2769786658104269
19177,0.5195238095238095,1,0,1,427720,177890,39810,68146,1.6478009559450146,0.2769757271293632
19178,0.5195833333333333,1,2,1,427722,177888,39811,68145,1.6477824298788395,0.27697503993366746
19179,0.5195833333333334,1,1,1,427723,177887,39812,68144,1.647773166845752,0.2769732269510753
19180,0.5196071428571429,0,2,0,427725,177885,39812,68144,1.647754640779577,0.27697547850050197
19181,0.5196190476190476,1,0,1,427725,177885,39813,68143,1.647754640779577,0.2769725397109272
19182,0.5196428571428572,1,2,1,427727,177883,39814,68142,1.6477361147134018,0.2769718524540189
19183,0.5196666666666665,0,1,0,427728,177882,39814,68142,1.6477268516803143,0.2769729782460248
19184,0.5196666666666666,2,8,2,427736,177874,39816,68140,1.6476527474156137,0.27697610705081827
19185,0.5196666666666667,0,11,0,427747,177863,39816,68140,1.6475508540516506,0.27698849201026005
19186,0.5196785714285713,0,2,0,427749,177861,39816,68140,1.6475323279854757,0.2769907439400653
19187,0.5197142857142857,2,0,2,427749,177861,39818,68138,1.6475323279854757,0.2769848657921374
19188,0.5197222222222222,0,1,0,427750,177860,39818,68138,1.647523064952388,0.27698599175603056
19189,0.5198055555555555,0,1,0,427751,177859,39818,68138,1.6475138019193005,0.27698711772907797
19190,0.5198095238095238,0,2,0,427753,177857,39818,68138,1.6474952758531254,0.2769893697026362
19191,0.5198333333333333,0,1,0,427754,177856,39818,68138,1.6474860128200377,0.2769904957031472
19192,0.5198333333333334,2,14,2,427768,177842,39820,68136,1.647356330356812,0.277000382147997
19193,0.5198809523809523,0,1,0,427769,177841,39820,68136,1.6473470673237245,0.27700150827109854
19194,0.5198809523809524,0,3,0,427772,177838,39820,68136,1.647319278224462,0.2770048866953418
19195,0.5199166666666666,0,1,0,427773,177837,39820,68136,1.6473100151913742,0.2770060128550695
19196,0.5199285714285713,1,0,1,427773,177837,39821,68135,1.6473100151913742,0.2770030735205633
19197,0.5199285714285714,1,0,1,427773,177837,39822,68134,1.6473100151913742,0.27700013416215735
19198,0.5199999999999999,7,28,7,427801,177809,39829,68127,1.6470506502649227,0.2770110923167003
19199,0.52,530,2863,530,430664,174946,40359,67597,1.620530586535255,0.2787010963004498
19200,0.5200198412698412,1,0,1,430664,174946,40360,67596,1.620530586535255,0.2786981223870505
19201,0.5200476190476191,1,1,1,430665,174945,40361,67595,1.6205213235021676,0.2786962975179352
19202,0.5200714285714286,0,1,0,430666,174944,40361,67595,1.62051206046908,0.27869744659621754
19203,0.520079365079365,1,3,1,430669,174941,40362,67594,1.6204842713698173,0.27869791988785125
19204,0.5200833333333335,1,0,1,430669,174941,40363,67593,1.6204842713698173,0.27869494586326043
19205,0.520095238095238,1,0,1,430669,174941,40364,67592,1.6204842713698173,0.2786919718141449
19206,0.5201111111111111,0,1,0,430670,174940,40364,67592,1.6204750083367299,0.2786931209077565
19207,0.5201428571428572,0,1,0,430671,174939,40364,67592,1.6204657453036422,0.27869427001084396
19208,0.5201666666666666,0,1,0,430672,174938,40364,67592,1.6204564822705547,0.2786954191234074
19209,0.5201666666666667,3,13,3,430685,174925,40367,67589,1.6203360628404164,0.2787014357933975
19210,0.5201666666666668,3,1,3,430686,174924,40370,67586,1.620326799807329,0.2786936621170261
19211,0.5201904761904761,1,0,1,430686,174924,40371,67585,1.620326799807329,0.27869068776828904
19212,0.5201904761904762,0,1,0,430687,174923,40371,67585,1.6203175367742413,0.27869183697032673
19213,0.5202380952380953,0,1,0,430688,174922,40371,67585,1.6203082737411538,0.2786929861818422
19214,0.52025,0,1,0,430689,174921,40371,67585,1.6202990107080661,0.2786941354028354
19215,0.5202619047619048,0,1,0,430690,174920,40371,67585,1.6202897476749787,0.2786952846333065
19216,0.5202777777777778,0,2,0,430692,174918,40371,67585,1.6202712216088035,0.278697583122683
19217,0.5202857142857141,0,3,0,430695,174915,40371,67585,1.620243432509541,0.27870103092783505
19218,0.5202857142857142,1,0,1,430695,174915,40372,67584,1.620243432509541,0.2786980564868309
19219,0.5202857142857144,0,1,0,430696,174914,40372,67584,1.6202341694764533,0.2786992057666455
19220,0.5203095238095239,1,0,1,430696,174914,40373,67583,1.6202341694764533,0.278696231293583
19221,0.5203333333333333,1,3,1,430699,174911,40374,67582,1.6202063803771907,0.27869670464714447
19222,0.5203333333333334,2,8,2,430707,174903,40376,67580,1.6201322761124903,0.2786999500995946
19223,0.5203571428571427,0,1,0,430708,174902,40376,67580,1.6201230130794027,0.27870109946305294
19224,0.5203571428571429,1,4,1,430712,174898,40377,67579,1.6200859609470526,0.2787027223200551
19225,0.5204166666666665,0,1,0,430713,174897,40377,67579,1.620076697913965,0.27870387172338706
19226,0.5204166666666666,0,3,0,430716,174894,40377,67579,1.6200489088147023,0.27870731999026693
19227,0.5204166666666667,1,1,1,430717,174893,40378,67578,1.6200396457816146,0.27870549467771405
19228,0.5204444444444444,1,1,1,430718,174892,40379,67577,1.6200303827485272,0.27870366933504903
19229,0.5204523809523809,0,2,0,430720,174890,40379,67577,1.620011856682352,0.27870596823485255
19230,0.5204761904761905,0,1,0,430721,174889,40379,67577,1.6200025936492646,0.2787071176989763
19231,0.5204999999999999,0,1,0,430722,174888,40379,67577,1.619993330616177,0.2787082671725816
19232,0.5205,7,14,7,430736,174874,40386,67570,1.6198636481529511,0.2787035356618436
19233,0.5205000000000001,1,4,1,430740,174870,40387,67569,1.619826596020601,0.27870515882345664
19234,0.5205238095238095,0,1,0,430741,174869,40387,67569,1.6198173329875134,0.27870630841699734
19235,0.5205952380952381,0,1,0,430742,174868,40387,67569,1.619808069954426,0.27870745802002167
19236,0.5206071428571428,0,1,0,430743,174867,40387,67569,1.6197988069213383,0.2787086076325298
19237,0.5206190476190475,1,1,1,430744,174866,40388,67568,1.6197895438882508,0.27870678205202243
19238,0.5206666666666666,6,30,6,430774,174836,40394,67562,1.6195116528956242,0.278723421810411
19239,0.5206666666666667,2,13,2,430787,174823,40396,67560,1.6193912334654859,0.2787324193528424
19240,0.5206746031746031,0,1,0,430788,174822,40396,67560,1.6193819704323984,0.2787335693244548
19241,0.5206904761904761,0,1,0,430789,174821,40396,67560,1.619372707399311,0.27873471930555616
19242,0.520702380952381,1,0,1,430789,174821,40397,67559,1.619372707399311,0.27873174354319663
19243,0.5207088744588745,0,1,0,430790,174820,40397,67559,1.6193634443662233,0.27873289352625435
19244,0.5207142857142857,2,8,2,430798,174812,40399,67557,1.619289340101523,0.2787361419983579
19245,0.5207499999999999,0,1,0,430799,174811,40399,67557,1.6192800770684352,0.278737292051756
19246,0.52075,0,1,0,430800,174810,40399,67557,1.6192708140353478,0.2787384421146443
19247,0.5207575757575758,0,1,0,430801,174809,40399,67557,1.61926155100226,0.27873959218702293
19248,0.5208095238095237,0,4,0,430805,174805,40399,67557,1.61922449886991,0.27874419257144273
19249,0.5208333333333333,13,60,13,430865,174745,40412,67544,1.6186687168846567,0.2787745213360904
19250,0.5208333333333334,10,53,10,430918,174692,40422,67534,1.6181777761310163,0.27880574339666264
19251,0.5208474025974025,0,3,0,430921,174689,40422,67534,1.6181499870317537,0.27880919648423147
19252,0.5208520923520923,0,1,0,430922,174688,40422,67534,1.618140723998666,0.27881034753242895
19253,0.5208571428571429,0,1,0,430923,174687,40422,67534,1.6181314609655786,0.2788114985901305
19254,0.5208809523809523,0,1,0,430924,174686,40422,67534,1.6181221979324911,0.2788126496573363
19255,0.520888888888889,0,1,0,430925,174685,40422,67534,1.6181129348994034,0.27881380073404644
19256,0.5209166666666667,0,1,0,430926,174684,40422,67534,1.618103671866316,0.2788149518202611
19257,0.5209523809523808,0,1,0,430927,174683,40422,67534,1.6180944088332283,0.2788161029159803
19258,0.520952380952381,1,0,1,430927,174683,40423,67533,1.6180944088332283,0.2788131254747828
19259,0.5209523809523811,0,2,0,430929,174681,40423,67533,1.6180758827670532,0.27881542767965517
19260,0.520984126984127,1,1,1,430930,174680,40424,67532,1.6180666197339657,0.2788136013079451
19261,0.5209999999999999,2,9,2,430939,174671,40426,67530,1.6179832524361777,0.2788180065317649
19262,0.521,11,60,11,430999,174611,40437,67519,1.6174274704509244,0.27885433444843677
19263,0.5210000000000001,1,4,1,431003,174607,40438,67518,1.6173904183185743,0.2788559628291172
19264,0.5210238095238094,0,4,0,431007,174603,40438,67518,1.617353366186224,0.27886056971514245
19265,0.521031746031746,0,1,0,431008,174602,40438,67518,1.6173441031531364,0.27886172146043287
19266,0.5210714285714285,0,2,0,431010,174600,40438,67518,1.6173255770869615,0.2788640249795554
19267,0.5210833333333332,0,1,0,431011,174599,40438,67518,1.6173163140538738,0.27886517675338784
19268,0.5211060606060606,0,1,0,431012,174598,40438,67518,1.6173070510207863,0.27886632853673443
19269,0.5211111111111112,0,1,0,431013,174597,40438,67518,1.6172977879876986,0.27886748032959546
19270,0.5211428571428571,0,1,0,431014,174596,40438,67518,1.6172885249546112,0.2788686321319709
19271,0.5211666666666666,1,3,1,431017,174593,40439,67517,1.6172607358553486,0.2788691090826484
19272,0.5211666666666667,4,3,4,431020,174590,40443,67513,1.6172329467560858,0.2788606502191216
19273,0.5211666666666668,0,1,0,431021,174589,40443,67513,1.6172236837229983,0.2788618020503755
19274,0.5211904761904761,0,1,0,431022,174588,40443,67513,1.6172144206899106,0.2788629538911446
19275,0.5212380952380953,0,1,0,431023,174587,40443,67513,1.6172051576568232,0.27886410574142917
19276,0.5212499999999999,0,2,0,431025,174585,40443,67513,1.617186631590648,0.278866409470545
19277,0.52125,1,3,1,431028,174582,40444,67512,1.6171588424913854,0.2788668864160202
19278,0.5212500000000001,0,1,0,431029,174581,40444,67512,1.6171495794582977,0.27886803831585383
19279,0.5212777777777778,1,1,1,431030,174580,40445,67511,1.6171403164252103,0.2788662114659364
19280,0.5212857142857142,0,1,0,431031,174579,40445,67511,1.6171310533921228,0.27886736337725637
19281,0.5213095238095238,0,1,0,431032,174578,40445,67511,1.6171217903590351,0.27886851529809287
19282,0.5213095238095239,0,2,0,431034,174576,40445,67511,1.61710326429286,0.2788708191683155
19283,0.5213214285714286,1,0,1,431034,174576,40446,67510,1.61710326429286,0.27886784035425427
19284,0.5213333333333332,1,6,1,431040,174570,40447,67509,1.6170476860943348,0.27887177326409973
19285,0.5213333333333333,4,24,4,431064,174546,40451,67505,1.6168253733002333,0.2788875071782393
19286,0.5213333333333334,0,2,0,431066,174544,40451,67505,1.6168068472340584,0.27888981156707937
19287,0.5213571428571429,1,2,1,431068,174542,40452,67504,1.6167883211678833,0.2788891367756542
19288,0.521357142857143,0,1,0,431069,174541,40452,67504,1.6167790581347956,0.2788902889958479
19289,0.5213636363636364,1,1,1,431070,174540,40453,67503,1.6167697951017082,0.27888846196750167
19290,0.5213809523809523,1,1,1,431071,174539,40454,67502,1.6167605320686205,0.2788866349089617
19291,0.5213809523809524,0,1,0,431072,174538,40454,67502,1.616751269035533,0.2788877871426211
19292,0.5213888888888889,0,2,0,431074,174536,40454,67502,1.6167327429693579,0.27889009163850303
19293,0.5214166666666666,0,1,0,431075,174535,40454,67502,1.6167234799362704,0.27889124390072595
19294,0.5214285714285714,1,2,1,431077,174533,40455,67501,1.6167049538700953,0.27889056909359844
19295,0.5214285714285715,1,3,1,431080,174530,40456,67500,1.6166771647708325,0.2788910465644755
19296,0.5214365079365079,0,1,0,431081,174529,40456,67500,1.616667901737745,0.2788921988687306
19297,0.521452380952381,0,2,0,431083,174527,40456,67500,1.6166493756715699,0.2788945035058072
19298,0.5214848484848484,0,1,0,431084,174526,40456,67500,1.6166401126384824,0.2788956558386289
19299,0.5215,7,19,7,431103,174507,40463,67493,1.616464115009819,0.278896694214876
19300,0.5215000000000001,0,3,0,431106,174504,40463,67493,1.616436325910556,0.27890015165477255
19301,0.5215277777777778,0,1,0,431107,174503,40463,67493,1.6164270628774686,0.27890130415378767
19302,0.5215454545454545,1,2,1,431109,174501,40464,67492,1.6164085368112935,0.2789006293570475
19303,0.5215476190476189,0,2,0,431111,174499,40464,67492,1.6163900107451183,0.2789029344066515
19304,0.521547619047619,0,1,0,431112,174498,40464,67492,1.6163807477120309,0.27890408694574154
19305,0.5216017316017316,0,1,0,431113,174497,40464,67492,1.6163714846789432,0.2789052394943572
19306,0.5216111111111111,0,1,0,431114,174496,40464,67492,1.6163622216458557,0.27890639205249845
19307,0.5216190476190475,0,1,0,431115,174495,40464,67492,1.616352958612768,0.27890754462016554
19308,0.5216666666666666,50,196,50,431311,174299,40514,67442,1.6145374041276075,0.2789845330332877
19309,0.5216666666666667,18,148,18,431459,174151,40532,67424,1.6131664752306496,0.2791017282417469
19310,0.5217142857142857,0,1,0,431460,174150,40532,67424,1.613157212197562,0.27910288358846563
19311,0.5217380952380952,0,1,0,431461,174149,40532,67424,1.6131479491644745,0.2791040389447496
19312,0.5217499999999999,0,1,0,431462,174148,40532,67424,1.6131386861313868,0.27910519431059894
19313,0.5217857142857143,1,1,1,431463,174147,40533,67423,1.6131294230982993,0.2791033654841247
19314,0.5218095238095237,0,1,0,431464,174146,40533,67423,1.6131201600652119,0.27910452086153437
19315,0.5218333333333333,2,3,2,431467,174143,40535,67421,1.613092370965949,0.2791020185126923
19316,0.5218333333333334,0,7,0,431474,174136,40535,67421,1.6130275297343362,0.27911010651730234
19317,0.5218333333333335,0,1,0,431475,174135,40535,67421,1.6130182667012487,0.2791112619847986
19318,0.5218571428571428,0,2,0,431477,174133,40535,67421,1.6129997406350736,0.2791135729484919
19319,0.521892857142857,0,3,0,431480,174130,40535,67421,1.612971951535811,0.2791170394657857
19320,0.5218928571428572,0,1,0,431481,174129,40535,67421,1.6129626885027233,0.27911819499068513
19321,0.5219047619047619,2,4,2,431485,174125,40537,67419,1.612925636370373,0.2791168482760905
19322,0.521904761904762,0,2,0,431487,174123,40537,67419,1.612907110304198,0.2791191594008495
19323,0.5219166666666667,0,2,0,431489,174121,40537,67419,1.612888584238023,0.27912147056388176
19324,0.5219264069264069,0,1,0,431490,174120,40537,67419,1.6128793212049353,0.2791226261597506
19325,0.5219444444444444,0,1,0,431491,174119,40537,67419,1.6128700581718478,0.2791237817651881
19326,0.5219444444444445,0,1,0,431492,174118,40537,67419,1.6128607951387601,0.27912493738019434
19327,0.5219484126984127,0,2,0,431494,174116,40537,67419,1.6128422690725852,0.27912724863891364
19328,0.521952380952381,0,1,0,431495,174115,40537,67419,1.6128330060394975,0.27912840428262686
19329,0.5219761904761905,0,1,0,431496,174114,40537,67419,1.61282374300641,0.2791295599359094
19330,0.5219999999999999,2,7,2,431503,174107,40539,67417,1.6127589017747972,0.2791316804955201
19331,0.522,8,66,8,431569,174041,40547,67409,1.6121475415910185,0.2791840960861462
19332,0.5220000000000001,1,2,1,431571,174039,40548,67408,1.6121290155248436,0.2791834232771581
19333,0.5220021645021644,0,2,0,431573,174037,40548,67408,1.6121104894586684,0.27918573588187784
19334,0.5220238095238094,0,1,0,431574,174036,40548,67408,1.6121012264255807,0.27918689219860504
19335,0.5220238095238096,0,1,0,431575,174035,40548,67408,1.6120919633924933,0.27918804852491064
19336,0.5220396825396826,1,0,1,431575,174035,40549,67407,1.6120919633924933,0.27918506307933166
19337,0.522047619047619,1,0,1,431575,174035,40550,67406,1.6120919633924933,0.27918207760902247
19338,0.5220833333333332,1,0,1,431575,174035,40551,67405,1.6120919633924933,0.2791790921139828
19339,0.5220833333333333,1,1,1,431576,174034,40552,67404,1.6120827003594056,0.27917726289979206
19340,0.5221111111111111,0,1,0,431577,174033,40552,67404,1.6120734373263181,0.27917841921495046
19341,0.5221190476190477,1,0,1,431577,174033,40553,67403,1.6120734373263181,0.2791754336552958
19342,0.5221428571428571,3,9,3,431586,174024,40556,67400,1.6119900700285301,0.27917688382265227
19343,0.5221666666666667,1,10,1,431596,174014,40557,67399,1.6118974396976546,0.2791854622576249
19344,0.5221904761904761,0,1,0,431597,174013,40557,67399,1.611888176664567,0.2791866187264925
19345,0.5222063492063491,0,2,0,431599,174011,40557,67399,1.611869650598392,0.2791889316929705
19346,0.52225,0,4,0,431603,174007,40557,67399,1.6118325984660418,0.2791935577409012
19347,0.5222554112554112,1,2,1,431605,174005,40558,67398,1.6118140723998666,0.27919288492686506
19348,0.5222619047619047,0,4,0,431609,174001,40558,67398,1.6117770202675163,0.27919751117444563
19349,0.5222777777777776,0,2,0,431611,173999,40558,67398,1.6117584942013412,0.2791998243557294
19350,0.5222777777777777,0,1,0,431612,173998,40558,67398,1.6117492311682537,0.279200980960745
19351,0.5222857142857142,0,2,0,431614,173996,40558,67398,1.6117307051020786,0.27920329419952444
19352,0.5223095238095239,1,0,1,431614,173996,40559,67397,1.6117307051020786,0.27920030821109143
19353,0.5223333333333333,10,34,10,431648,173962,40569,67387,1.6114157619771017,0.27920977505603917
19354,0.5223333333333334,1,3,1,431651,173959,40570,67386,1.611387972877839,0.2792102591725538
19355,0.5223484848484848,0,1,0,431652,173958,40570,67386,1.6113787098447516,0.27921141607000793
19356,0.5223809523809524,1,3,1,431655,173955,40571,67385,1.6113509207454888,0.2792119002237507
19357,0.5223928571428571,0,1,0,431656,173954,40571,67385,1.6113416577124013,0.279213057151973
19358,0.5224047619047618,1,3,1,431659,173951,40572,67384,1.6113138686131387,0.2792135413429465
19359,0.5224285714285715,0,1,0,431660,173950,40572,67384,1.611304605580051,0.2792146983019384
19360,0.5225,43,306,43,431966,173644,40615,67341,1.6084701174552596,0.27944062908479783
19361,0.5225000000000001,0,7,0,431973,173637,40615,67341,1.6084052762236467,0.27944874635858874
19362,0.5225000000000002,0,1,0,431974,173636,40615,67341,1.608396013190559,0.27944990600762726
19363,0.5225238095238095,0,1,0,431975,173635,40615,67341,1.6083867501574716,0.2794510656662904
19364,0.5225833333333333,0,1,0,431976,173634,40615,67341,1.608377487124384,0.27945222533457825
19365,0.5226190476190475,0,2,0,431978,173632,40615,67341,1.608358961058209,0.2794545447000286
19366,0.5226190476190476,0,1,0,431979,173631,40615,67341,1.6083496980251213,0.27945570439719136
19367,0.5226428571428571,0,1,0,431980,173630,40615,67341,1.6083404349920338,0.2794568641039793
19368,0.5226666666666666,6,25,6,432005,173605,40621,67335,1.608108859164845,0.27946791732381504
19369,0.5226666666666667,2,11,2,432016,173594,40623,67333,1.6080069658008818,0.2794746956547004
19370,0.5226904761904761,0,1,0,432017,173593,40623,67333,1.6079977027677943,0.2794758556569237
19371,0.5227142857142857,0,3,0,432020,173590,40623,67333,1.6079699136685317,0.27947933572137157
19372,0.5227380952380952,1,1,1,432021,173589,40624,67332,1.607960650635444,0.27947750507427743
19373,0.522761904761905,0,1,0,432022,173588,40624,67332,1.6079513876023566,0.27947866511705133
19374,0.5227777777777778,0,2,0,432024,173586,40624,67332,1.6079328615361814,0.27948098523148956
19375,0.5227777777777779,0,1,0,432025,173585,40624,67332,1.6079235985030937,0.2794821453031542
19376,0.522784632034632,0,1,0,432026,173584,40624,67332,1.6079143354700063,0.2794833053844494
19377,0.5228095238095238,0,2,0,432028,173582,40624,67332,1.6078958094038311,0.27948562557593165
19378,0.5228214285714285,0,1,0,432029,173581,40624,67332,1.6078865463707437,0.27948678568611907
19379,0.5228333333333333,1,8,1,432037,173573,40625,67331,1.6078124421060431,0.2794930760800983
19380,0.5228333333333334,0,5,0,432042,173568,40625,67331,1.6077661269406054,0.2794988771227776
19381,0.5228571428571428,2,8,2,432050,173560,40627,67329,1.607692022675905,0.2795021773513942
19382,0.522861111111111,0,2,0,432052,173558,40627,67329,1.60767349660973,0.27950449795962423
19383,0.5228809523809523,0,1,0,432053,173557,40627,67329,1.6076642335766422,0.2795056582781897
19384,0.5229047619047619,0,3,0,432056,173554,40627,67329,1.6076364444773796,0.2795091392916893
19385,0.5229157509157509,1,0,1,432056,173554,40628,67328,1.6076364444773796,0.27950614823855663
19386,0.5229166666666666,0,1,0,432057,173553,40628,67328,1.6076271814442922,0.279507308588058
19387,0.5229166666666667,0,4,0,432061,173549,40628,67328,1.607590129311942,0.2795119500824072
19388,0.5229393939393939,0,1,0,432062,173548,40628,67328,1.6075808662788544,0.27951311048008104
19389,0.522952380952381,1,0,1,432062,173548,40629,67327,1.6075808662788544,0.2795101193565127
19390,0.5229642857142858,0,3,0,432065,173545,40629,67327,1.6075530771795916,0.27951360058454283
19391,0.5229761904761905,0,2,0,432067,173543,40629,67327,1.6075345511134165,0.2795159214514053
19392,0.5229999999999999,1,3,1,432070,173540,40630,67326,1.6075067620141539,0.27951641161475677
19393,0.523,18,49,18,432119,173491,40648,67308,1.6070528733928637,0.27951943322023765
19394,0.523015873015873,0,1,0,432120,173490,40648,67308,1.6070436103597763,0.27952059402486734
19395,0.5230357142857143,0,1,0,432121,173489,40648,67308,1.6070343473266886,0.2795217548391384
19396,0.5230476190476191,0,1,0,432122,173488,40648,67308,1.6070250842936011,0.2795229156630509
19397,0.5230952380952381,1,3,1,432125,173485,40649,67307,1.6069972951943385,0.2795234060932257
19398,0.5231190476190476,0,1,0,432126,173484,40649,67307,1.6069880321612509,0.27952456694810024
19399,0.5231428571428571,0,1,0,432127,173483,40649,67307,1.6069787691281634,0.2795257278126168
19400,0.5231547619047618,0,1,0,432128,173482,40649,67307,1.6069695060950757,0.27952688868677555
19401,0.5231666666666664,0,2,0,432130,173480,40649,67307,1.6069509800289006,0.2795292104640201
19402,0.5231666666666666,0,1,0,432131,173479,40649,67307,1.6069417169958131,0.27953037136710607
19403,0.5231666666666667,7,16,7,432147,173463,40656,67300,1.6067935084664122,0.27952800056487087
19404,0.5231666666666668,0,1,0,432148,173462,40656,67300,1.6067842454333248,0.27952916157865443
19405,0.5231904761904762,0,2,0,432150,173460,40656,67300,1.6067657193671496,0.27953148363515534
19406,0.5232142857142856,0,3,0,432153,173457,40656,67300,1.606737930267887,0.2795349667922428
19407,0.5232142857142857,3,4,3,432157,173453,40659,67297,1.6067008781355367,0.2795306334371755
19408,0.5232380952380953,0,1,0,432158,173452,40659,67297,1.606691615102449,0.2795317945245879
19409,0.5233095238095238,0,2,0,432160,173450,40659,67297,1.606673089036274,0.27953411672834966
19410,0.5233333333333333,99,587,99,432747,172863,40758,67198,1.6012356886138797,0.2799205202011156
19411,0.5233333333333334,1,3,1,432750,172860,40759,67197,1.601207899514617,0.279921018758045
19412,0.523345238095238,0,1,0,432751,172859,40759,67197,1.6011986364815296,0.2799221848235412
19413,0.5233809523809523,0,2,0,432753,172857,40759,67197,1.6011801104153545,0.27992451698367865
19414,0.5233928571428571,0,2,0,432755,172855,40759,67197,1.6011615843491793,0.2799268491826771
19415,0.5234166666666666,0,1,0,432756,172854,40759,67197,1.6011523213160916,0.27992801529674943
19416,0.5234246031746032,0,2,0,432758,172852,40759,67197,1.6011337952499167,0.27993034755404106
19417,0.5234285714285714,1,1,1,432759,172851,40760,67196,1.601124532216829,0.2799285139993418
19418,0.5234285714285715,0,2,0,432761,172849,40760,67196,1.601106006150654,0.27993084629965215
19419,0.5234444444444444,0,1,0,432762,172848,40760,67196,1.6010967431175664,0.27993201246438154
19420,0.523452380952381,0,4,0,432766,172844,40760,67196,1.6010596909852162,0.2799366772204633
19421,0.5234682539682539,1,3,1,432769,172841,40761,67195,1.6010319018859536,0.27993717609025315
19422,0.5234761904761904,0,1,0,432770,172840,40761,67195,1.6010226388528659,0.2799383423250776
19423,0.5235,6,22,6,432792,172818,40767,67189,1.6008188521249398,0.2799460015749541
19424,0.5235000000000001,0,2,0,432794,172816,40767,67189,1.6008003260587647,0.2799483344096998
19425,0.5235555555555556,1,0,1,432794,172816,40768,67188,1.6008003260587647,0.27994533424442924
19426,0.5235714285714285,0,2,0,432796,172814,40768,67188,1.6007817999925895,0.27994766710277413
19427,0.5235714285714286,3,5,3,432801,172809,40771,67185,1.6007354848271518,0.2799444986124653
19428,0.5235833333333333,0,1,0,432802,172808,40771,67185,1.6007262217940643,0.2799456650818982
19429,0.5235833333333334,0,1,0,432803,172807,40771,67185,1.6007169587609766,0.27994683156105205
19430,0.5236363636363637,0,1,0,432804,172806,40771,67185,1.6007076957278892,0.27994799804992687
19431,0.5236428571428572,0,2,0,432806,172804,40771,67185,1.600689169661714,0.2799503310568401
19432,0.5236580086580086,1,0,1,432806,172804,40772,67184,1.600689169661714,0.2799473306998683
19433,0.5236666666666666,1,7,1,432813,172797,40773,67183,1.6006243284301012,0.27995249604133676
19434,0.5236666666666667,3,17,3,432830,172780,40776,67180,1.6004668568676128,0.27996332722120354
19435,0.5237142857142857,0,2,0,432832,172778,40776,67180,1.6004483308014377,0.2799656606572817
19436,0.5237380952380952,0,1,0,432833,172777,40776,67180,1.60043906776835,0.27996682738990736
19437,0.5237460317460317,1,0,1,432833,172777,40777,67179,1.60043906776835,0.27996382670156195
19438,0.52375,1,6,1,432839,172771,40778,67178,1.6003834895698248,0.27996782649646385
19439,0.5237857142857143,0,2,0,432841,172769,40778,67178,1.6003649635036497,0.279970160077017
19440,0.5238095238095238,3,5,3,432846,172764,40781,67175,1.600318648338212,0.27996699161036764
19441,0.5238333333333333,1,4,1,432850,172760,40782,67174,1.6002815962058616,0.27996865804762977
19442,0.5238333333333334,3,9,3,432859,172751,40785,67171,1.6001982289080736,0.2799701569676812
19443,0.5238690476190476,1,0,1,432859,172751,40786,67170,1.6001982289080736,0.2799671558554691
19444,0.5238809523809524,0,1,0,432860,172750,40786,67170,1.6001889658749862,0.2799683227742581
19445,0.5239285714285714,1,4,1,432864,172746,40787,67169,1.6001519137426359,0.27996998937123563
19446,0.5239365079365079,1,0,1,432864,172746,40788,67168,1.6001519137426359,0.2799669881707612
19447,0.5239393939393939,0,1,0,432865,172745,40788,67168,1.6001426507095484,0.27996815512289874
19448,0.5239642857142858,1,0,1,432865,172745,40789,67167,1.6001426507095484,0.27996515388975957
19449,0.5239761904761905,0,1,0,432866,172744,40789,67167,1.6001333876764607,0.27996632084397965
19450,0.5239999999999999,0,1,0,432867,172743,40789,67167,1.6001241246433733,0.27996748780792796
19451,0.524,18,85,18,432952,172658,40807,67149,1.599336766830931,0.2800126768609757
19452,0.524047619047619,2,1,2,432953,172657,40809,67147,1.5993275037978436,0.28000783973578425
19453,0.5240476190476191,2,4,2,432957,172653,40811,67145,1.5992904516654933,0.2800065054754418
19454,0.5240714285714285,0,1,0,432958,172652,40811,67145,1.5992811886324059,0.2800076731568785
19455,0.5240714285714286,1,0,1,432958,172652,40812,67144,1.5992811886324059,0.28000467063670786
19456,0.5240833333333333,0,2,0,432960,172650,40812,67144,1.5992626625662307,0.28000700601349493
19457,0.5241428571428571,0,2,0,432962,172648,40812,67144,1.5992441365000556,0.28000934142923867
19458,0.5241666666666666,0,2,0,432964,172646,40812,67144,1.5992256104338805,0.28001167688394013
19459,0.5241666666666667,23,125,23,433089,172521,40835,67121,1.5980677312979361,0.2800886322097128
19460,0.5241904761904761,0,1,0,433090,172520,40835,67121,1.5980584682648487,0.28008980099398684
19461,0.5242023809523809,0,2,0,433092,172518,40835,67121,1.5980399421986735,0.2800921385917985
19462,0.5242142857142857,1,3,1,433095,172515,40836,67120,1.598012153099411,0.2800926408913556
19463,0.5242380952380952,0,1,0,433096,172514,40836,67120,1.5980028900663232,0.28009380972649955
19464,0.5242424242424243,0,1,0,433097,172513,40836,67120,1.5979936270332358,0.28009497857139876
19465,0.52425,0,1,0,433098,172512,40836,67120,1.5979843640001483,0.28009614742605327
19466,0.5242857142857144,2,18,2,433116,172494,40838,67118,1.5978176294045723,0.2801111797405806
19467,0.5243095238095238,0,2,0,433118,172492,40838,67118,1.5977991033383971,0.28011351779975796
19468,0.5243333333333332,0,1,0,433119,172491,40838,67118,1.5977898403053095,0.28011468684398333
19469,0.5243333333333333,8,33,8,433152,172458,40846,67110,1.5974841602134202,0.2801292326187137
19470,0.5243333333333334,1,2,1,433154,172456,40847,67109,1.597465634147245,0.28012856635986055
19471,0.5243571428571429,0,2,0,433156,172454,40847,67109,1.5974471080810702,0.28013090502289584
19472,0.5244047619047618,1,0,1,433156,172454,40848,67108,1.5974471080810702,0.28012790008432054
19473,0.5244444444444444,0,2,0,433158,172452,40848,67108,1.597428582014895,0.2801302387710803
19474,0.5244632034632034,0,1,0,433159,172451,40848,67108,1.5974193189818073,0.2801314081291039
19475,0.5244632034632035,0,1,0,433160,172450,40848,67108,1.5974100559487199,0.2801325774968901
19476,0.5244642857142857,0,1,0,433161,172449,40848,67108,1.5974007929156322,0.2801337468744391
19477,0.5244761904761904,0,1,0,433162,172448,40848,67108,1.5973915298825447,0.2801349162617509
19478,0.5244761904761905,1,1,1,433163,172447,40849,67107,1.5973822668494573,0.2801330806415255
19479,0.5244920634920636,1,3,1,433166,172444,40850,67106,1.5973544777501945,0.2801335838029639
19480,0.5245,0,6,0,433172,172438,40850,67106,1.5972988995516693,0.2801406004742344
19481,0.5245000000000001,1,8,1,433180,172430,40851,67105,1.5972247952869687,0.28014695138497503
19482,0.5245238095238095,0,2,0,433182,172428,40851,67105,1.5972062692207936,0.2801492904944204
19483,0.5245238095238096,0,1,0,433183,172427,40851,67105,1.597197006187706,0.2801504600637911
19484,0.5245555555555554,0,2,0,433185,172425,40851,67105,1.597178480121531,0.280152799231829
19485,0.5245606060606061,0,2,0,433187,172423,40851,67105,1.5971599540553558,0.2801551384389299
19486,0.5245714285714285,0,1,0,433188,172422,40851,67105,1.5971506910222684,0.28015630805712927
19487,0.5245714285714286,0,1,0,433189,172421,40851,67105,1.5971414279891807,0.28015747768509475
19488,0.5245833333333333,1,5,1,433194,172416,40852,67104,1.597095112823743,0.28016032064128255
19489,0.5245833333333334,0,1,0,433195,172415,40852,67104,1.5970858497906555,0.2801614903201834
19490,0.5245952380952381,0,1,0,433196,172414,40852,67104,1.5970765867575678,0.2801626600088511
19491,0.5246153846153846,0,1,0,433197,172413,40852,67104,1.5970673237244803,0.2801638297072859
19492,0.5246428571428572,0,4,0,433201,172409,40852,67104,1.59703027159213,0.2801685085986982
19493,0.5246666666666666,0,18,0,433219,172391,40852,67104,1.5968635369965543,0.28018956554416585
19494,0.5246666666666667,3,14,3,433233,172377,40855,67101,1.5967338545333285,0.28019692831909404
19495,0.5246969696969697,0,1,0,433234,172376,40855,67101,1.5967245915002408,0.2801980983560008
19496,0.5247142857142858,0,1,0,433235,172375,40855,67101,1.5967153284671534,0.28019926840267917
19497,0.5247380952380952,0,1,0,433236,172374,40855,67101,1.5967060654340657,0.28020043845912934
19498,0.52475,0,2,0,433238,172372,40855,67101,1.5966875393678905,0.28020277860134546
19499,0.5247619047619048,0,3,0,433241,172369,40855,67101,1.596659750268628,0.2802062888879609
19500,0.5247777777777778,0,1,0,433242,172368,40855,67101,1.5966504872355405,0.2802074590030442
19501,0.5247857142857143,0,2,0,433244,172366,40855,67101,1.5966319611693653,0.28020979926252887
19502,0.5248095238095238,0,1,0,433245,172365,40855,67101,1.5966226981362777,0.2802109694069304
19503,0.5248333333333333,0,1,0,433246,172364,40855,67101,1.5966134351031902,0.28021213956110497
19504,0.5248333333333334,0,11,0,433257,172353,40855,67101,1.596511541739227,0.2802250119020772
19505,0.5248412698412699,0,1,0,433258,172352,40855,67101,1.5965022787061396,0.2802261821735372
19506,0.5248809523809523,1,0,1,433258,172352,40856,67100,1.5965022787061396,0.2802231762524431
19507,0.5248809523809524,0,2,0,433260,172350,40856,67100,1.5964837526399644,0.28022551680935476
19508,0.524885864135864,1,6,1,433266,172344,40857,67099,1.596428174441439,0.28022953270715784
19509,0.5249285714285714,0,1,0,433267,172343,40857,67099,1.5964189114083516,0.28023070305126085
19510,0.524952380952381,0,3,0,433270,172340,40857,67099,1.596391122309089,0.2802342141422241
19511,0.5249761904761905,1,0,1,433270,172340,40858,67098,1.596391122309089,0.28023120807891816
19512,0.5249999999999999,1,20,1,433290,172320,40859,67097,1.5962058616473378,0.2802516112055535
19513,0.525,215,1032,215,434322,171288,41074,66882,1.586646411500982,0.2808162237057564
19514,0.5250357142857143,0,1,0,434323,171287,41074,66882,1.5866371484678943,0.28081740276862227
19515,0.5250476190476189,0,1,0,434324,171286,41074,66882,1.5866278854348068,0.28081858184138925
19516,0.525047619047619,0,1,0,434325,171285,41074,66882,1.5866186224017191,0.28081976092405747
19517,0.5250476190476191,0,1,0,434326,171284,41074,66882,1.5866093593686317,0.28082094001662705
19518,0.5250515873015873,0,1,0,434327,171283,41074,66882,1.5866000963355442,0.2808221191190981
19519,0.5250555555555555,0,1,0,434328,171282,41074,66882,1.5865908333024565,0.28082329823147073
19520,0.5250833333333333,0,1,0,434329,171281,41074,66882,1.586581570269369,0.2808244773537451
19521,0.5250984848484849,0,1,0,434330,171280,41074,66882,1.5865723072362814,0.28082565648592134
19522,0.5251190476190476,1,1,1,434331,171279,41075,66881,1.586563044203194,0.2808238159220692
19523,0.5251190476190477,0,1,0,434332,171278,41075,66881,1.5865537811701063,0.28082499506632125
19524,0.5251309523809524,0,1,0,434333,171277,41075,66881,1.5865445181370188,0.28082617422047546
19525,0.5251428571428571,0,1,0,434334,171276,41075,66881,1.5865352551039313,0.2808273533845321
19526,0.5251428571428572,0,1,0,434335,171275,41075,66881,1.5865259920708437,0.28082853255849105
19527,0.5251507936507935,0,2,0,434337,171273,41075,66881,1.5865074660046685,0.28083089093611696
19528,0.5251666666666667,1,10,1,434347,171263,41076,66880,1.586414835673793,0.28083966356348916
19529,0.5251666666666668,1,3,1,434350,171260,41077,66879,1.5863870465745304,0.2808401815746266
19530,0.5251984126984127,0,1,0,434351,171259,41077,66879,1.5863777835414428,0.28084136089158385
19531,0.5252142857142856,0,1,0,434352,171258,41077,66879,1.5863685205083553,0.2808425402184457
19532,0.5252380952380953,1,1,1,434353,171257,41078,66878,1.5863592574752676,0.28084069960316627
19533,0.5252499999999999,0,1,0,434354,171256,41078,66878,1.5863499944421802,0.2808418789421082
19534,0.5252777777777777,0,1,0,434355,171255,41078,66878,1.5863407314090925,0.28084305829095507
19535,0.5252857142857144,0,1,0,434356,171254,41078,66878,1.586331468376005,0.2808442376497069
19536,0.5253030303030303,0,1,0,434357,171253,41078,66878,1.5863222053429176,0.28084541701836385
19537,0.5253333333333333,6,24,6,434381,171229,41084,66872,1.5860998925488161,0.2808556032944003
19538,0.5253333333333334,3,13,3,434394,171216,41087,66869,1.585979473118678,0.28086187706071364
19539,0.5253571428571427,0,1,0,434395,171215,41087,66869,1.5859702100855904,0.2808630567362779
19540,0.5253571428571429,0,3,0,434398,171212,41087,66869,1.5859424209863278,0.2808665958224302
19541,0.5254126984126986,0,2,0,434400,171210,41087,66869,1.5859238949201526,0.2808689552627489
19542,0.5254166666666666,1,2,1,434402,171208,41088,66868,1.5859053688539775,0.280868294158168
19543,0.5254166666666668,0,2,0,434404,171206,41088,66868,1.5858868427878023,0.2808706536623067
19544,0.5254761904761904,0,1,0,434405,171205,41088,66868,1.5858775797547149,0.28087183342924227
19545,0.5254761904761905,0,4,0,434409,171201,41088,66868,1.5858405276223646,0.28087655259609606
19546,0.5254999999999999,1,0,1,434409,171201,41089,66867,1.5858405276223646,0.280873531932053
19547,0.5255,1,18,1,434427,171183,41090,66866,1.5856737930267888,0.28089174917769033
19548,0.5255000000000001,0,6,0,434433,171177,41090,66866,1.5856182148282634,0.28089882920312714
19549,0.525530303030303,0,1,0,434434,171176,41090,66866,1.585608951795176,0.28090000924206654
19550,0.5255555555555556,1,2,1,434436,171174,41091,66865,1.5855904257290008,0.28089934842609826
19551,0.5255606060606061,0,1,0,434437,171173,41091,66865,1.585581162695913,0.2809005284870483
19552,0.5256190476190475,0,3,0,434440,171170,41091,66865,1.5855533735966505,0.28090406872938856
19553,0.5256428571428571,3,1,3,434441,171169,41094,66862,1.585544110563563,0.2808961857909264
19554,0.5256666666666666,4,15,4,434456,171154,41098,66858,1.5854051650672496,0.28090180327042336
19555,0.5256666666666667,2,12,2,434468,171142,41100,66856,1.585294008670199,0.2809099236128035
19556,0.525690476190476,0,1,0,434469,171141,41100,66856,1.5852847456371115,0.280911103921478
19557,0.5257142857142857,3,12,3,434481,171129,41103,66853,1.5851735892400607,0.28091620374650184
19558,0.5257142857142858,0,2,0,434483,171127,41103,66853,1.5851550631738855,0.28091856458525927
19559,0.5257369436119436,0,1,0,434484,171126,41103,66853,1.585145800140798,0.28091974501951855
19560,0.5257499999999999,0,2,0,434486,171124,41103,66853,1.585127274074623,0.28092210591779876
19561,0.5257619047619047,0,2,0,434488,171122,41103,66853,1.5851087480084478,0.28092446685576217
19562,0.5257698412698413,0,2,0,434490,171120,41103,66853,1.5850902219422727,0.28092682783340966
19563,0.5258333333333333,5,52,5,434542,171068,41108,66848,1.58460854422172,0.28097311656214796
19564,0.5258333333333334,9,53,9,434595,171015,41117,66839,1.5841176034680795,0.28100851783026565
19565,0.5258571428571428,0,3,0,434598,171012,41117,66839,1.584089814368817,0.28101206217337743
19566,0.5258653846153846,0,1,0,434599,171011,41117,66839,1.5840805513357294,0.2810132436409502
19567,0.5258690476190476,0,1,0,434600,171010,41117,66839,1.5840712883026418,0.28101442511845753
19568,0.5259126984126984,0,3,0,434603,171007,41117,66839,1.5840434992033792,0.28101796961058834
19569,0.525926406926407,1,1,1,434604,171006,41118,66838,1.5840342361702917,0.28101612821849614
19570,0.5259404761904762,0,1,0,434605,171005,41118,66838,1.584024973137204,0.28101730973793637
19571,0.525952380952381,0,2,0,434607,171003,41118,66838,1.584006447071029,0.28101967280662293
19572,0.5259743589743591,0,1,0,434608,171002,41118,66838,1.5839971840379414,0.2810208543558695
19573,0.525979797979798,0,1,0,434609,171001,41118,66838,1.5839879210048537,0.28102203591505176
19574,0.5259999999999999,1,8,1,434617,170993,41119,66837,1.5839138167401534,0.2810284657108018
19575,0.526,18,89,18,434706,170904,41137,66819,1.5830894067953611,0.28107923928269457
19576,0.5260000000000001,0,2,0,434708,170902,41137,66819,1.583070880729186,0.2810816040652698
19577,0.526047619047619,0,2,0,434710,170900,41137,66819,1.5830523546630109,0.28108396888763626
19578,0.5260714285714285,0,1,0,434711,170899,41137,66819,1.5830430916299234,0.2810851513137415
19579,0.5260714285714286,1,0,1,434711,170899,41138,66818,1.5830430916299234,0.2810821270670587
19580,0.5260833333333332,0,1,0,434712,170898,41138,66818,1.5830338285968357,0.2810833094953642
19581,0.5260952380952381,2,1,2,434713,170897,41140,66816,1.5830245655637483,0.2810784433329267
19582,0.5260952380952382,0,2,0,434715,170895,41140,66816,1.5830060394975731,0.2810808082082865
19583,0.5261111111111112,0,1,0,434716,170894,41140,66816,1.5829967764644854,0.2810819906608893
19584,0.5261230158730158,0,1,0,434717,170893,41140,66816,1.582987513431398,0.28108317312344083
19585,0.5261428571428571,0,2,0,434719,170891,41140,66816,1.5829689873652228,0.28108553807839065
19586,0.5261428571428572,1,1,1,434720,170890,41141,66815,1.5829597243321354,0.2810836961780358
19587,0.5261666666666666,1,2,1,434722,170888,41142,66814,1.5829411982659602,0.28108303674348556
19588,0.5261666666666667,1,10,1,434732,170878,41143,66813,1.5828485679350848,0.28109183772208457
19589,0.5261666666666668,0,5,0,434737,170873,41143,66813,1.5828022527696468,0.28109775081409927
19590,0.5261746031746031,0,1,0,434738,170872,41143,66813,1.5827929897365594,0.28109893346235565
19591,0.5261785714285714,1,0,1,434738,170872,41144,66812,1.5827929897365594,0.2810959088537722
19592,0.5261904761904761,0,1,0,434739,170871,41144,66812,1.582783726703472,0.2810970915042304
19593,0.5261904761904762,0,3,0,434742,170868,41144,66812,1.582755937604209,0.2811006395153147
19594,0.5262142857142857,0,1,0,434743,170867,41144,66812,1.5827466745711216,0.2811018222055798
19595,0.5262142857142859,0,2,0,434745,170865,41144,66812,1.5827281485049465,0.28110418761596623
19596,0.5262380952380952,0,2,0,434747,170863,41144,66812,1.5827096224387713,0.2811065530661618
19597,0.52625,3,8,3,434755,170855,41147,66809,1.582635518174071,0.2811069408913424
19598,0.5263030303030303,0,1,0,434756,170854,41147,66809,1.5826262551409833,0.28110812368774274
19599,0.5263333333333332,0,3,0,434759,170851,41147,66809,1.5825984660417207,0.2811116721366658
19600,0.5263333333333333,3,12,3,434771,170839,41150,66806,1.58248730964467,0.2811167918533948
19601,0.5263333333333334,0,2,0,434773,170837,41150,66806,1.582468783578495,0.2811191577281889
19602,0.5263470418470417,0,6,0,434779,170831,41150,66806,1.5824132053799695,0.28112625559151144
19603,0.5263531746031745,0,1,0,434780,170830,41150,66806,1.582403942346882,0.2811274386035786
19604,0.5263668831168831,0,1,0,434781,170829,41150,66806,1.5823946793137944,0.2811286216256023
19605,0.5263690476190476,1,2,1,434783,170827,41151,66805,1.5823761532476195,0.28112796256396444
19606,0.5263888888888889,0,1,0,434784,170826,41151,66805,1.5823668902145318,0.2811291456081067
19607,0.5264166666666666,0,3,0,434787,170823,41151,66805,1.5823391011152692,0.2811326948002761
19608,0.5264285714285714,0,3,0,434790,170820,41151,66805,1.5823113120160066,0.28113624408206206
19609,0.5264285714285715,0,1,0,434791,170819,41151,66805,1.582302048982919,0.2811374271959061
19610,0.526445054945055,0,1,0,434792,170818,41151,66805,1.5822927859498315,0.2811386103197081
19611,0.5264610389610389,0,1,0,434793,170817,41151,66805,1.5822835229167438,0.2811397934534681
19612,0.5264761904761904,0,1,0,434794,170816,41151,66805,1.5822742598836563,0.2811409765971863
19613,0.5264761904761905,1,1,1,434795,170815,41152,66804,1.5822649968505687,0.28113913449682054
19614,0.5265,2,21,2,434816,170794,41154,66802,1.58207047315573,0.28115793195171634
19615,0.5265000000000001,0,5,0,434821,170789,41154,66802,1.5820241579902923,0.2811638487989865
19616,0.5265238095238095,0,1,0,434822,170788,41154,66802,1.5820148949572048,0.28116503219832484
19617,0.5265476190476189,0,1,0,434823,170787,41154,66802,1.5820056319241171,0.28116621560762495
19618,0.526547619047619,0,3,0,434826,170784,41154,66802,1.5819778428248545,0.28116976589529685
19619,0.5265555555555556,0,1,0,434827,170783,41154,66802,1.581968579791767,0.28117094934444514
19620,0.5265714285714285,1,0,1,434827,170783,41155,66801,1.581968579791767,0.28116792376591015
19621,0.5265833333333333,0,1,0,434828,170782,41155,66801,1.5819593167586794,0.28116910721726723
19622,0.5266060606060606,0,1,0,434829,170781,41155,66801,1.581950053725592,0.2811702906785868
19623,0.52665873015873,1,0,1,434829,170781,41156,66800,1.581950053725592,0.2811672650590746
19624,0.5266666666666666,68,334,68,435163,170447,41224,66732,1.5788562006743487,0.2813571184632704
19625,0.5266666666666667,44,235,44,435398,170212,41268,66688,1.5766793878987735,0.2815027437737442
19626,0.5267142857142857,0,2,0,435400,170210,41268,66688,1.5766608618325986,0.28150512034715364
19627,0.5267261904761904,1,0,1,435400,170210,41269,66687,1.5766608618325986,0.28150208740507476
19628,0.52675,0,1,0,435401,170209,41269,66687,1.576651598799511,0.28150327569904093
19629,0.5267857142857143,1,0,1,435401,170209,41270,66686,1.576651598799511,0.2815002427235695
19630,0.5268095238095238,0,1,0,435402,170208,41270,66686,1.5766423357664234,0.281501431019781
19631,0.5268333333333333,0,1,0,435403,170207,41270,66686,1.5766330727333357,0.2815026193260248
19632,0.5268333333333334,3,10,3,435413,170197,41273,66683,1.5765404424024603,0.28150540357987164
19633,0.5268571428571428,0,1,0,435414,170196,41273,66683,1.5765311793693728,0.28150659197311706
19634,0.5268809523809523,0,3,0,435417,170193,41273,66683,1.57650339027011,0.2815101572130566
19635,0.5268888888888889,1,1,1,435418,170192,41274,66682,1.5764941272370225,0.2815083124361475
19636,0.5269047619047619,0,4,0,435422,170188,41274,66682,1.5764570751046723,0.2815130662388652
19637,0.526904761904762,0,1,0,435423,170187,41274,66682,1.5764478120715848,0.2815142547146313
19638,0.5269166666666666,3,1,3,435424,170186,41277,66679,1.5764385490384971,0.28150634327570556
19639,0.5269166666666667,0,6,0,435430,170180,41277,66679,1.576382970839972,0.28151347426105827
19640,0.5269285714285714,0,2,0,435432,170178,41277,66679,1.5763644447737968,0.2815158513364604
19641,0.5269285714285715,0,1,0,435433,170177,41277,66679,1.576355181740709,0.2815170398892154
19642,0.5269365079365079,0,2,0,435435,170175,41277,66679,1.576336655674534,0.28151941702483385
19643,0.5269523809523811,1,1,1,435436,170174,41278,66678,1.5763273926414465,0.2815175721547633
19644,0.5269761904761905,0,1,0,435437,170173,41278,66678,1.576318129608359,0.2815187607398744
19645,0.5269848484848485,0,1,0,435438,170172,41278,66678,1.5763088665752714,0.28151994933502217
19646,0.5269999999999999,1,11,1,435449,170161,41279,66677,1.5762069732113082,0.2815299909642878
19647,0.527,4,27,4,435476,170134,41283,66673,1.5759568713179444,0.28154995418209766
19648,0.5270000000000001,0,2,0,435478,170132,41283,66673,1.5759383452517692,0.2815523320875826
19649,0.5270238095238096,0,1,0,435479,170131,41283,66673,1.5759290822186818,0.28155352105538756
19650,0.527047619047619,0,1,0,435480,170130,41283,66673,1.575919819185594,0.2815547100332344
19651,0.527064935064935,0,1,0,435481,170129,41283,66673,1.5759105561525066,0.28155589902112316
19652,0.527079365079365,0,1,0,435482,170128,41283,66673,1.575901293119419,0.281557088019054
19653,0.5270833333333332,0,3,0,435485,170125,41283,66673,1.5758735040201564,0.2815606550731003
19654,0.5270833333333333,0,1,0,435486,170124,41283,66673,1.575864240987069,0.2815618441112007
19655,0.5270952380952382,0,1,0,435487,170123,41283,66673,1.5758549779539812,0.2815630331593439
19656,0.527111111111111,0,1,0,435488,170122,41283,66673,1.5758457149208938,0.2815642222175299
19657,0.5271190476190477,0,1,0,435489,170121,41283,66673,1.575836451887806,0.2815654112857589
19658,0.5271428571428571,3,9,3,435498,170112,41286,66670,1.575753084590018,0.28156701100590414
19659,0.5271666666666666,1,7,1,435505,170105,41287,66669,1.5756882433584052,0.28157230101278014
19660,0.5271666666666667,2,5,2,435510,170100,41289,66667,1.5756419281929674,0.28157217855528854
19661,0.5271904761904763,0,4,0,435514,170096,41289,66667,1.5756048760606174,0.2815769355853744
19662,0.5272063492063492,0,1,0,435515,170095,41289,66667,1.5755956130275297,0.2815781248680109
19663,0.5272142857142856,0,1,0,435516,170094,41289,66667,1.5755863499944422,0.2815793141606937
19664,0.5272304639804639,0,1,0,435517,170093,41289,66667,1.5755770869613546,0.2815805034634229
19665,0.5272619047619047,0,1,0,435518,170092,41289,66667,1.575567823928267,0.2815816927761986
19666,0.5272619047619048,0,1,0,435519,170091,41289,66667,1.5755585608951794,0.28158288209902094
19667,0.5273015873015872,1,0,1,435519,170091,41290,66666,1.5755585608951794,0.2815798476919373
19668,0.5273134920634921,0,1,0,435520,170090,41290,66666,1.575549297862092,0.2815810370170133
19669,0.5273333333333333,4,42,4,435562,170048,41294,66662,1.5751602504724147,0.28161885851886276
19670,0.5273333333333334,0,2,0,435564,170046,41294,66662,1.5751417244062396,0.2816212379809723
19671,0.5273809523809523,0,3,0,435567,170043,41294,66662,1.575113935306977,0.28162480724953
19672,0.5273809523809524,1,2,1,435569,170041,41295,66661,1.5750954092408018,0.28162415188718304
19673,0.5274126984126984,0,1,0,435570,170040,41295,66661,1.5750861462077141,0.28162534167578507
19674,0.5274285714285716,0,1,0,435571,170039,41295,66661,1.5750768831746267,0.2816265314744402
19675,0.5275,51,311,51,435882,169728,41346,66610,1.5721960798843972,0.28184210749012006
19676,0.5275000000000001,1,12,1,435894,169716,41347,66609,1.5720849234873466,0.28185337987940334
19677,0.5275476190476192,0,1,0,435895,169715,41347,66609,1.5720756604542592,0.2818545725360099
19678,0.5275555555555556,0,2,0,435897,169713,41347,66609,1.572057134388084,0.2818569578795034
19679,0.5275714285714286,0,2,0,435899,169711,41347,66609,1.572038608321909,0.2818593432633717
19680,0.5276190476190475,0,2,0,435901,169709,41347,66609,1.5720200822557338,0.28186172868761583
19681,0.5276190476190477,0,1,0,435902,169708,41347,66609,1.5720108192226463,0.2818629214148792
19682,0.5276666666666666,7,21,7,435923,169687,41354,66602,1.5718162955278077,0.28186669713782697
19683,0.5276666666666667,0,7,0,435930,169680,41354,66602,1.5717514542961948,0.2818750476125985
19684,0.5277121212121212,0,1,0,435931,169679,41354,66602,1.571742191263107,0.2818762405779559
19685,0.5277142857142857,0,4,0,435935,169675,41354,66602,1.571705139130757,0.28188101254036574
19686,0.5277380952380952,0,1,0,435936,169674,41354,66602,1.5716958760976694,0.2818822055562139
19687,0.5277777777777778,0,2,0,435938,169672,41354,66602,1.5716773500314942,0.281884591618206
19688,0.5277857142857143,0,1,0,435939,169671,41354,66602,1.5716680869984068,0.28188578466435016
19689,0.5277857142857144,0,3,0,435942,169668,41354,66602,1.5716402978991442,0.28188936386337665
19690,0.527797619047619,1,0,1,435942,169668,41355,66601,1.5716402978991442,0.2818863244860731
19691,0.5278095238095236,0,1,0,435943,169667,41355,66601,1.5716310348660565,0.2818875175647993
19692,0.5278095238095238,2,0,2,435943,169667,41357,66599,1.5716310348660565,0.28188143871737786
19693,0.5278333333333333,0,5,0,435948,169662,41357,66599,1.5715847197006187,0.28188740418435543
19694,0.5278333333333334,1,4,1,435952,169658,41358,66598,1.5715476675682685,0.2818891372070974
19695,0.5278571428571428,1,2,1,435954,169656,41359,66597,1.5715291415020936,0.2818884839557593
19696,0.5278869047619047,1,0,1,435954,169656,41360,66596,1.5715291415020936,0.28188544435602664
19697,0.527888888888889,2,0,2,435954,169656,41362,66594,1.5715291415020936,0.28187936507936506
19698,0.527904761904762,0,1,0,435955,169655,41362,66594,1.5715198784690059,0.2818805582245851
19699,0.5279166666666666,0,2,0,435957,169653,41362,66594,1.5715013524028307,0.2818829445453276
19700,0.5279761904761905,0,3,0,435960,169650,41362,66594,1.5714735633035681,0.28188652410219944
19701,0.5279999999999999,0,1,0,435961,169649,41362,66594,1.5714643002704807,0.28188771730802603
19702,0.528,9,87,9,436048,169562,41371,66585,1.5706584163918633,0.2819642002650891
19703,0.5280119047619046,0,1,0,436049,169561,41371,66585,1.5706491533587759,0.28196539428997314
19704,0.5280357142857143,0,1,0,436050,169560,41371,66585,1.5706398903256882,0.28196658832496985
19705,0.5280555555555556,0,1,0,436051,169559,41371,66585,1.5706306272926007,0.2819677823700793
19706,0.5280952380952381,0,3,0,436054,169556,41371,66585,1.5706028381933381,0.2819713645660855
19707,0.5281031746031748,0,1,0,436055,169555,41371,66585,1.5705935751602504,0.28197255865164733
19708,0.5281190476190476,0,1,0,436056,169554,41371,66585,1.570584312127163,0.28197375274732256
19709,0.5281309523809523,0,1,0,436057,169553,41371,66585,1.5705750490940753,0.2819749468531113
19710,0.5281428571428571,0,1,0,436058,169552,41371,66585,1.5705657860609878,0.28197614096901374
19711,0.5281666666666666,0,2,0,436060,169550,41371,66585,1.5705472599948127,0.2819785292311601
19712,0.5281666666666667,4,19,4,436079,169531,41375,66581,1.5703712623661492,0.2819890560412008
19713,0.5281818181818182,0,1,0,436080,169530,41375,66581,1.5703619993330615,0.2819902503483531
19714,0.5281904761904762,0,2,0,436082,169528,41375,66581,1.5703434732668866,0.28199263899300747
19715,0.5281984126984126,0,1,0,436083,169527,41375,66581,1.570334210233799,0.28199383333050976
19716,0.5282142857142857,1,6,1,436089,169521,41376,66580,1.5702786320352737,0.2819979585008111
19717,0.5282499999999999,0,1,0,436090,169520,41376,66580,1.570269369002186,0.281999152901313
19718,0.52825,0,4,0,436094,169516,41376,66580,1.5702323168698358,0.28200393060449985
19719,0.5282857142857142,0,1,0,436095,169515,41376,66580,1.5702230538367483,0.28200512505559205
19720,0.5283333333333332,0,2,0,436097,169513,41376,66580,1.5702045277705732,0.2820075139881318
19721,0.5283333333333333,60,309,60,436406,169204,41436,66520,1.5673422505465189,0.28219443077497414
19722,0.5283333333333334,0,2,0,436408,169202,41436,66520,1.5673237244803437,0.28219682507360366
19723,0.5283809523809524,0,2,0,436410,169200,41436,66520,1.5673051984141688,0.28219921941286275
19724,0.5283863636363636,0,1,0,436411,169199,41436,66520,1.5672959353810811,0.28220041659772865
19725,0.5283888888888889,0,3,0,436414,169196,41436,66520,1.5672681462818185,0.2822040082132736
19726,0.5284166666666666,0,1,0,436415,169195,41436,66520,1.5672588832487309,0.2822052054387714
19727,0.5284523809523809,1,1,1,436416,169194,41437,66519,1.5672496202156434,0.28220335747285896
19728,0.5284761904761904,0,1,0,436417,169193,41437,66519,1.567240357182556,0.28220455471083356
19729,0.5285,5,18,5,436435,169175,41442,66514,1.56707362258698,0.28221087959132585
19730,0.5285396825396826,0,1,0,436436,169174,41442,66514,1.5670643595538922,0.2822120769831302
19731,0.5285714285714286,1,5,1,436441,169169,41443,66513,1.5670180443884545,0.28221501854193365
19732,0.5285818903318903,1,1,1,436442,169168,41444,66512,1.567008781355367,0.2822131704005431
19733,0.5285952380952381,0,1,0,436443,169167,41444,66512,1.5669995183222794,0.28221436784779297
19734,0.5286111111111113,0,1,0,436444,169166,41444,66512,1.566990255289192,0.2822155653052046
19735,0.5286190476190477,1,3,1,436447,169163,41445,66511,1.5669624661899293,0.2822161120870355
19736,0.528626984126984,0,3,0,436450,169160,41445,66511,1.5669346770906665,0.2822197045881759
19737,0.5286666666666666,5,15,5,436465,169145,41450,66506,1.5667957315943533,0.2822224391154716
19738,0.5286666666666667,1,4,1,436469,169141,41451,66505,1.566758679462003,0.28222418373322694
19739,0.5286904761904762,0,3,0,436472,169138,41451,66505,1.5667308903627404,0.2822277767640032
19740,0.5287142857142857,0,2,0,436474,169136,41451,66505,1.5667123642965652,0.28223017216868035
19741,0.5287142857142858,3,2,3,436476,169134,41454,66502,1.56669383823039,0.28222342935714406
19742,0.5287301587301587,0,4,0,436480,169130,41454,66502,1.56665678609804,0.2822282202756841
19743,0.52875,0,6,0,436486,169124,41454,66502,1.5666012078995146,0.28223540695848504
19744,0.5287619047619048,1,2,1,436488,169122,41455,66501,1.5665826818333395,0.28223475636928486
19745,0.5288015873015872,0,1,0,436489,169121,41455,66501,1.566573418800252,0.2822359541978253
19746,0.5288095238095238,1,3,1,436492,169118,41456,66500,1.5665456297009892,0.2822365014557462
19747,0.5288333333333334,0,9,0,436501,169109,41456,66500,1.5664622624032014,0.2822472825740952
19748,0.5288636363636363,0,1,0,436502,169108,41456,66500,1.5664529993701137,0.282248480526977
19749,0.5288888888888889,0,1,0,436503,169107,41456,66500,1.5664437363370263,0.2822496784900279
19750,0.5289166666666667,0,1,0,436504,169106,41456,66500,1.5664344733039386,0.282250876463248
19751,0.5289285714285714,0,1,0,436505,169105,41456,66500,1.5664252102708511,0.28225207444663736
19752,0.5289999999999999,2,0,2,436505,169105,41458,66498,1.5664252102708511,0.2822459815876708
19753,0.529,9,66,9,436571,169039,41467,66489,1.5658138500870724,0.2822976461397371
19754,0.5290238095238096,1,0,1,436571,169039,41468,66488,1.5658138500870724,0.28229459892071823
19755,0.5290357142857143,0,1,0,436572,169038,41468,66488,1.565804587053985,0.2822957974915721
19756,0.529047619047619,1,1,1,436573,169037,41469,66487,1.5657953240208975,0.28229394881201064
19757,0.5290476190476191,2,4,2,436577,169033,41471,66485,1.5657582718885472,0.28229264854490954
19758,0.5291434676434676,0,1,0,436578,169032,41471,66485,1.5657490088554595,0.28229384715328404
19759,0.5291666666666666,0,3,0,436581,169029,41471,66485,1.565721219756197,0.2822974430394796
19760,0.5291666666666667,20,115,20,436696,168914,41491,66465,1.5646559709511283,0.2823743834411736
19761,0.5291666666666668,1,0,1,436696,168914,41492,66464,1.5646559709511283,0.28237133461920827
19762,0.5291904761904762,0,1,0,436697,168913,41492,66464,1.5646467079180406,0.2823725342748017
19763,0.5292142857142857,0,2,0,436699,168911,41492,66464,1.5646281818518655,0.2823749336165693
19764,0.5292380952380953,0,1,0,436700,168910,41492,66464,1.564618918818778,0.2823761333027437
19765,0.5292857142857144,2,10,2,436710,168900,41494,66462,1.5645262884879025,0.28238203278354196
19766,0.5293333333333333,8,46,8,436756,168854,41502,66454,1.564100188965875,0.2824128376425791
19767,0.5293333333333334,0,2,0,436758,168852,41502,66454,1.5640816628996999,0.28241523803047947
19768,0.5293809523809524,2,0,2,436758,168852,41504,66452,1.5640816628996999,0.28240913881616975
19769,0.5294047619047619,1,2,1,436760,168850,41505,66451,1.5640631368335247,0.28240848955168063
19770,0.5294166666666666,0,2,0,436762,168848,41505,66451,1.5640446107673496,0.282410889974033
19771,0.5294206349206351,1,1,1,436763,168847,41506,66450,1.5640353477342621,0.282409040489254
19772,0.5294404761904762,0,1,0,436764,168846,41506,66450,1.5640260847011747,0.28241024071807425
19773,0.5294444444444444,1,2,1,436766,168844,41507,66449,1.5640075586349995,0.2824095914455594
19774,0.5294444444444446,0,1,0,436767,168843,41507,66449,1.5639982956019118,0.2824107916971253
19775,0.5294642857142857,1,0,1,436767,168843,41508,66448,1.5639982956019118,0.2824077419025802
19776,0.5294761904761905,0,1,0,436768,168842,41508,66448,1.5639890325688244,0.28240894215648776
19777,0.5295,0,5,0,436773,168837,41508,66448,1.5639427174033866,0.2824149435790637
19778,0.5295000000000001,1,13,1,436786,168824,41509,66447,1.5638222979732483,0.28242749850172777
19779,0.5295238095238095,0,2,0,436788,168822,41509,66447,1.5638037719070732,0.28242989939176005
19780,0.5295833333333333,0,2,0,436790,168820,41509,66447,1.563785245840898,0.2824323003226122
19781,0.5295833333333334,2,3,2,436793,168817,41511,66445,1.5637574567416355,0.2824298016679277
19782,0.5295873015873017,0,1,0,436794,168816,41511,66445,1.563748193708548,0.28243100216355455
19783,0.5295952380952381,0,1,0,436795,168815,41511,66445,1.5637389306754603,0.28243220266938707
19784,0.5296071428571429,0,1,0,436796,168814,41511,66445,1.5637296676423729,0.2824334031854254
19785,0.5296190476190477,0,1,0,436797,168813,41511,66445,1.5637204046092852,0.28243460371166973
19786,0.5296428571428572,1,2,1,436799,168811,41512,66444,1.56370187854311,0.28243395464495974
19787,0.5296666666666666,0,15,0,436814,168796,41512,66444,1.5635629330467968,0.2824519639517089
19788,0.5296666666666667,1,20,1,436834,168776,41513,66443,1.5633776723850457,0.2824729294827374
19789,0.5296904761904763,0,1,0,436835,168775,41513,66443,1.5633684093519582,0.2824741303811783
19790,0.5297142857142858,0,2,0,436837,168773,41513,66443,1.563349883285783,0.2824765322086933
19791,0.5297619047619048,0,2,0,436839,168771,41513,66443,1.563331357219608,0.2824789340770532
19792,0.5297857142857142,0,1,0,436840,168770,41513,66443,1.5633220941865205,0.2824801350265504
19793,0.5297857142857143,0,3,0,436843,168767,41513,66443,1.5632943050872579,0.2824837379363122
19794,0.5298095238095237,0,1,0,436844,168766,41513,66443,1.5632850420541702,0.2824849389266567
19795,0.5298095238095238,0,1,0,436845,168765,41513,66443,1.5632757790210827,0.2824861399272134
19796,0.5298333333333333,0,6,0,436851,168759,41513,66443,1.5632202008225573,0.28249334614501576
19797,0.5298333333333334,2,14,2,436865,168745,41515,66441,1.5630905183593315,0.282504060615853
19798,0.5298571428571429,0,1,0,436866,168744,41515,66441,1.563081255326244,0.2825052618151668
19799,0.5298809523809523,0,2,0,436868,168742,41515,66441,1.563062729260069,0.28250766424443946
19800,0.5299166666666667,0,3,0,436871,168739,41515,66441,1.5630349401608064,0.282511267964963
19801,0.529952380952381,1,2,1,436873,168737,41516,66440,1.5630164140946312,0.2825106196609362
19802,0.5299642857142857,0,1,0,436874,168736,41516,66440,1.5630071510615435,0.2825118209341089
19803,0.5299999999999999,12,29,12,436903,168707,41528,66428,1.5627385231020046,0.2825100474195675
19804,0.53,576,2562,576,439465,166145,42104,65852,1.5390066323316907,0.28384849804092294
19805,0.5300303030303031,0,1,0,439466,166144,42104,65852,1.5389973692986032,0.28384972154692323
19806,0.5301190476190476,0,1,0,439467,166143,42104,65852,1.5389881062655155,0.2838509450634712
19807,0.5301190476190477,0,1,0,439468,166142,42104,65852,1.538978843232428,0.283852168590567
19808,0.5301587301587302,0,1,0,439469,166141,42104,65852,1.5389695801993404,0.28385339212821076
19809,0.5301666666666666,0,2,0,439471,166139,42104,65852,1.5389510541331655,0.28385583923514274
19810,0.5301666666666667,3,18,3,439489,166121,42107,65849,1.5387843195375894,0.28386860369875416
19811,0.5301904761904761,0,1,0,439490,166120,42107,65849,1.5387750565045017,0.28386982743383815
19812,0.5301904761904762,0,2,0,439492,166118,42107,65849,1.5387565304383268,0.283872274935659
19813,0.5302142857142857,0,3,0,439495,166115,42107,65849,1.538728741339064,0.28387594626752427
19814,0.5302380952380952,0,1,0,439496,166114,42107,65849,1.5387194783059766,0.2838771700659157
19815,0.5302380952380953,1,1,1,439497,166113,42108,65848,1.5387102152728889,0.2838753066248206
19816,0.5302564102564102,1,0,1,439497,166113,42109,65847,1.5387102152728889,0.2838722193481635
19817,0.5302619047619047,0,1,0,439498,166112,42109,65847,1.5387009522398014,0.28387344315159146
19818,0.5302777777777777,0,1,0,439499,166111,42109,65847,1.538691689206714,0.28387466696557134
19819,0.5302857142857144,0,2,0,439501,166109,42109,65847,1.5386731631405388,0.28387711462518755
19820,0.5303095238095238,0,1,0,439502,166108,42109,65847,1.5386639001074511,0.2838783384708241
19821,0.5303333333333332,0,2,0,439504,166106,42109,65847,1.538645374041276,0.2838807861937548
19822,0.5303333333333333,2,2,2,439506,166104,42111,65845,1.538626847975101,0.2838770591811131
19823,0.5303333333333334,1,8,1,439514,166096,42112,65844,1.5385527437104005,0.28388376304216606
19824,0.530357142857143,0,1,0,439515,166095,42112,65844,1.538543480677313,0.2838849870008925
19825,0.5304166666666666,2,5,2,439520,166090,42114,65842,1.538497165511875,0.28388493179035235
19826,0.5304285714285714,0,1,0,439521,166089,42114,65842,1.5384879024787876,0.28388615579633597
19827,0.5304545454545455,0,1,0,439522,166088,42114,65842,1.5384786394457002,0.2838873798128746
19828,0.5304761904761904,1,0,1,439522,166088,42115,65841,1.5384786394457002,0.2838842921756227
19829,0.5304761904761905,0,3,0,439525,166085,42115,65841,1.5384508503464374,0.28388796426446367
19830,0.5305,1,18,1,439543,166067,42116,65840,1.5382841157508615,0.28390691095999687
19831,0.5305000000000001,0,6,0,439549,166061,42116,65840,1.5382285375523361,0.2839142565146334
19832,0.5305013018027724,1,0,1,439549,166061,42117,65839,1.5382285375523361,0.28391116860715826
19833,0.5305357142857142,1,1,1,439550,166060,42118,65838,1.5382192745192487,0.2839093049530397
19834,0.5305555555555554,0,1,0,439551,166059,42118,65838,1.538210011486161,0.2839105292435866
19835,0.5305555555555556,0,3,0,439554,166056,42118,65838,1.5381822223868984,0.2839142021785816
19836,0.5305574732285259,0,1,0,439555,166055,42118,65838,1.5381729593538107,0.28391542651136514
19837,0.5305681818181817,0,1,0,439556,166054,42118,65838,1.5381636963207233,0.28391665085470824
19838,0.5305714285714286,0,1,0,439557,166053,42118,65838,1.5381544332876358,0.28391787520861095
19839,0.5305833333333332,0,1,0,439558,166052,42118,65838,1.538145170254548,0.28391909957307343
19840,0.5305833333333334,0,1,0,439559,166051,42118,65838,1.5381359072214607,0.28392032394809585
19841,0.5305952380952381,1,1,1,439560,166050,42119,65837,1.538126644188373,0.28391846028453516
19842,0.5306060606060605,0,1,0,439561,166049,42119,65837,1.5381173811552855,0.2839196846726409
19843,0.5306190476190477,1,0,1,439561,166049,42120,65836,1.5381173811552855,0.28391659658882634
19844,0.5306547619047619,0,1,0,439562,166048,42120,65836,1.5381081181221978,0.2839178209794552
19845,0.5306666666666666,5,30,5,439592,166018,42125,65831,1.5378302271295714,0.2839391155450315
19846,0.5306666666666667,2,9,2,439601,166009,42127,65829,1.5377468598317834,0.28394396086922763
19847,0.5306879509379508,0,4,0,439605,166005,42127,65829,1.537709807699433,0.2839488599601439
19848,0.5307142857142857,1,9,1,439614,165996,42128,65828,1.537626440401645,0.28395679480985575
19849,0.5307142857142858,0,1,0,439615,165995,42128,65828,1.5376171773685576,0.2839580196960612
19850,0.5307539682539681,0,4,0,439619,165991,42128,65828,1.5375801252362074,0.28396291934655915
19851,0.5307582972582972,0,1,0,439620,165990,42128,65828,1.53757086220312,0.28396414428560335
19852,0.5307857142857144,0,2,0,439622,165988,42128,65828,1.5375523361369448,0.2839665941953963
19853,0.5308333333333333,13,45,13,439667,165943,42141,65815,1.5371354996480047,0.2839815669793492
19854,0.5308333333333334,10,65,10,439732,165878,42151,65805,1.5365334024973136,0.2840303345519525
19855,0.5308412698412699,0,1,0,439733,165877,42151,65805,1.5365241394642262,0.28403156050103157
19856,0.5308809523809525,0,1,0,439734,165876,42151,65805,1.5365148764311387,0.2840327864606938
19857,0.5308928571428573,0,1,0,439735,165875,42151,65805,1.536505613398051,0.28403401243093923
19858,0.530904761904762,0,2,0,439737,165873,42151,65805,1.536487087331876,0.28403646440318026
19859,0.530909090909091,0,1,0,439738,165872,42151,65805,1.5364778242987884,0.2840376904051762
19860,0.5309166666666666,1,2,1,439740,165870,42152,65804,1.5364592982326133,0.28403705206453894
19861,0.5309285714285715,0,1,0,439741,165869,42152,65804,1.5364500351995258,0.28403827809023924
19862,0.530952380952381,0,5,0,439746,165864,42152,65804,1.5364037200340879,0.2840444083775057
19863,0.5309523809523811,0,2,0,439748,165862,42152,65804,1.536385193967913,0.28404686056650524
19864,0.5309761904761905,0,2,0,439750,165860,42152,65804,1.5363666679017378,0.2840493127978452
19865,0.5309761904761906,0,1,0,439751,165859,42152,65804,1.5363574048686501,0.28405053892939314
19866,0.5309801587301588,0,2,0,439753,165857,42152,65804,1.536338878802475,0.28405299122424577
19867,0.5309999999999999,0,7,0,439760,165850,42152,65804,1.5362740375708621,0.2840615745896898
19868,0.531,10,53,10,439813,165797,42162,65794,1.535783096817222,0.2840956686572449
19869,0.5310000000000001,0,5,0,439818,165792,42162,65794,1.535736781651784,0.284101802354201
19870,0.5310238095238096,0,3,0,439821,165789,42162,65794,1.5357089925525214,0.2841054826995073
19871,0.5310595238095237,0,3,0,439824,165786,42162,65794,1.5356812034532588,0.28410916314016754
19872,0.5310714285714286,1,0,1,439824,165786,42163,65793,1.5356812034532588,0.2841060717940746
19873,0.5310833333333334,0,2,0,439826,165784,42163,65793,1.5356626773870836,0.284108525458055
19874,0.5311111111111111,0,1,0,439827,165783,42163,65793,1.5356534143539962,0.28410975230593843
19875,0.5311212121212122,0,1,0,439828,165782,42163,65793,1.5356441513209085,0.2841109791644176
19876,0.5311428571428571,0,1,0,439829,165781,42163,65793,1.535634888287821,0.2841122060334925
19877,0.5311428571428572,0,2,0,439831,165779,42163,65793,1.5356163622216459,0.2841146598034305
19878,0.5311666666666666,0,5,0,439836,165774,42163,65793,1.5355700470562081,0.2841207944137118
19879,0.5311666666666667,1,8,1,439844,165766,42164,65792,1.5354959427915076,0.284127518807383
19880,0.5311666666666668,2,1,2,439845,165765,42166,65790,1.5354866797584201,0.2841225626740947
19881,0.5311904761904761,1,1,1,439846,165764,42167,65789,1.5354774167253324,0.28412069806912454
19882,0.5311904761904762,0,3,0,439849,165761,42167,65789,1.5354496276260698,0.2841243791837616
19883,0.53125,1,4,1,439853,165757,42168,65788,1.5354125754937196,0.2841261957718802
19884,0.5312738095238094,0,1,0,439854,165756,42168,65788,1.535403312460632,0.2841274228656325
19885,0.5312857142857144,1,7,1,439861,165749,42169,65787,1.5353384712290192,0.28413292101444265
19886,0.5313095238095238,0,1,0,439862,165748,42169,65787,1.5353292081959318,0.28413414818493965
19887,0.5313333333333332,0,6,0,439868,165742,42169,65787,1.5352736299974064,0.28414151143053357
19888,0.5313333333333333,2,21,2,439889,165721,42171,65785,1.5350791063025677,0.2841611016561126
19889,0.5313333333333334,3,3,3,439892,165718,42174,65782,1.5350513172033051,0.2841555075593952
19890,0.5313809523809524,0,1,0,439893,165717,42174,65782,1.5350420541702174,0.2841567350182938
19891,0.5313888888888889,1,1,1,439894,165716,42175,65781,1.53503279113713,0.2841548702574979
19892,0.5314047619047619,0,1,0,439895,165715,42175,65781,1.5350235281040423,0.2841560977295504
19893,0.5314285714285714,0,1,0,439896,165714,42175,65781,1.5350142650709548,0.2841573252122076
19894,0.5314285714285715,1,2,1,439898,165712,42176,65780,1.5349957390047797,0.2841566879201009
19895,0.5314642857142857,1,0,1,439898,165712,42177,65779,1.5349957390047797,0.28415359560414877
19896,0.5314657564657564,0,1,0,439899,165711,42177,65779,1.5349864759716922,0.28415482310250983
19897,0.5314761904761904,0,1,0,439900,165710,42177,65779,1.5349772129386046,0.28415605061147614
19898,0.5314880952380953,0,2,0,439902,165708,42177,65779,1.5349586868724294,0.284158505661225
19899,0.5314999999999999,0,3,0,439905,165705,42177,65779,1.5349308977731668,0.28416218831539114
19900,0.5315,4,31,4,439936,165674,42181,65775,1.5346437437474527,0.2841878772429347
19901,0.5315000000000001,2,9,2,439945,165665,42183,65773,1.5345603764496647,0.28419274276480094
19902,0.5315238095238096,0,3,0,439948,165662,42183,65773,1.534532587350402,0.2841964266424698
19903,0.531531746031746,1,0,1,439948,165662,42184,65772,1.534532587350402,0.28419333373661604
19904,0.531547619047619,0,4,0,439952,165658,42184,65772,1.5344955352180518,0.2841982456898414
19905,0.5315833333333334,0,1,0,439953,165657,42184,65772,1.5344862721849641,0.28419947370467835
19906,0.5315863887574414,0,1,0,439954,165656,42184,65772,1.5344770091518767,0.28420070173012774
19907,0.5316190476190477,0,1,0,439955,165655,42184,65772,1.5344677461187892,0.2842019297661898
19908,0.5316190476190478,1,0,1,439955,165655,42185,65771,1.5344677461187892,0.28419883677719876
19909,0.5316388888888889,0,5,0,439960,165650,42185,65771,1.5344214309533513,0.2842049770764105
19910,0.5316666666666666,43,231,43,440191,165419,42228,65728,1.5322816703101263,0.28435584281863924
19911,0.5316666666666667,18,130,18,440321,165289,42246,65710,1.5310774760087442,0.28446010588790427
19912,0.5317380952380952,0,1,0,440322,165288,42246,65710,1.5310682129756568,0.28446133732759593
19913,0.5317424242424241,0,4,0,440326,165284,42246,65710,1.5310311608433065,0.28446626319298335
19914,0.53175,0,2,0,440328,165282,42246,65710,1.5310126347771313,0.2844687261896516
19915,0.5317777777777778,0,1,0,440329,165281,42246,65710,1.5310033717440439,0.2844699577039798
19916,0.5317857142857143,0,4,0,440333,165277,42246,65710,1.5309663196116936,0.2844748838679233
19917,0.5318333333333333,2,3,2,440336,165274,42248,65708,1.530938530512431,0.28447238312942136
19918,0.5318333333333334,2,14,2,440350,165260,42250,65706,1.5308088480492053,0.2844834304616264
19919,0.5318571428571428,0,1,0,440351,165259,42250,65706,1.5307995850161176,0.28448466217825213
19920,0.5318809523809523,0,4,0,440355,165255,42250,65706,1.5307625328837675,0.2844895891514152
19921,0.531904761904762,0,1,0,440356,165254,42250,65706,1.5307532698506798,0.2844908209213717
19922,0.5319444444444443,0,1,0,440357,165253,42250,65706,1.5307440068175924,0.28449205270199474
19923,0.5319761904761904,1,1,1,440358,165252,42251,65705,1.5307347437845047,0.2844901864849301
19924,0.5319761904761905,0,2,0,440360,165250,42251,65705,1.5307162177183298,0.28449265008334956
19925,0.5319999999999999,1,9,1,440369,165241,42252,65704,1.5306328504205418,0.28450063868020525
19926,0.532,8,50,8,440419,165191,42260,65696,1.530169698766164,0.28453745771741157
19927,0.5320238095238095,1,0,1,440419,165191,42261,65695,1.530169698766164,0.2845343589477058
19928,0.5320238095238096,1,0,1,440419,165191,42262,65694,1.530169698766164,0.2845312601511575
19929,0.5320833333333332,0,1,0,440420,165190,42262,65694,1.5301604357330765,0.2845324925070598
19930,0.5321190476190476,0,1,0,440421,165189,42262,65694,1.5301511726999888,0.2845337248736373
19931,0.5321428571428571,0,3,0,440424,165186,42262,65694,1.5301233836007262,0.28453742203742205
19932,0.5321515151515152,0,1,0,440425,165185,42262,65694,1.5301141205676387,0.2845386544467015
19933,0.5321666666666666,0,5,0,440430,165180,42262,65694,1.530067805402201,0.28454481665323944
19934,0.5321666666666667,0,6,0,440436,165174,42262,65694,1.5300122272036756,0.2845522116534123
19935,0.5321666666666668,0,1,0,440437,165173,42262,65694,1.5300029641705881,0.28455344419081113
19936,0.5321984126984127,0,2,0,440439,165171,42262,65694,1.529984438104413,0.28455590929764146
19937,0.5322222222222223,0,3,0,440442,165168,42262,65694,1.5299566490051502,0.28455960703797073
19938,0.5322380952380953,0,1,0,440443,165167,42262,65694,1.5299473859720627,0.28456083963943674
19939,0.5322499999999999,0,1,0,440444,165166,42262,65694,1.5299381229389752,0.28456207225158103
19940,0.53225,0,1,0,440445,165165,42262,65694,1.5299288599058876,0.28456330487440384
19941,0.5322500000000001,0,2,0,440447,165163,42262,65694,1.5299103338397124,0.2845657701520855
19942,0.5322619047619047,1,0,1,440447,165163,42263,65693,1.5299103338397124,0.2845626711023322
19943,0.5322857142857144,0,1,0,440448,165162,42263,65693,1.529901070806625,0.28456390374910656
19944,0.5323095238095238,0,1,0,440449,165161,42263,65693,1.5298918077735373,0.28456513640656
19945,0.5323333333333333,7,32,7,440481,165129,42270,65686,1.5295953907147357,0.2845828910599398
19946,0.5323809523809523,2,4,2,440485,165125,42272,65684,1.5295583385823854,0.2845816237668375
19947,0.5323809523809524,0,3,0,440488,165122,42272,65684,1.5295305494831228,0.284585322738577
19948,0.5323809523809525,0,1,0,440489,165121,42272,65684,1.5295212864500352,0.2845865557505253
19949,0.5324044011544011,1,0,1,440489,165121,42273,65683,1.5295212864500352,0.28458345609261537
19950,0.5324047619047618,1,0,1,440489,165121,42274,65682,1.5295212864500352,0.2845803564078456
19951,0.5324285714285715,0,1,0,440490,165120,42274,65682,1.5295120234169477,0.28458158941430317
19952,0.5324761904761904,1,0,1,440490,165120,42275,65681,1.5295120234169477,0.2845784896945854
19953,0.5324761904761905,0,1,0,440491,165119,42275,65681,1.52950276038386,0.2845797227036395
19954,0.5325,65,296,65,440787,164823,42340,65616,1.526760902589944,0.2847434679025686
19955,0.5325000000000001,0,7,0,440794,164816,42340,65616,1.5266960613583311,0.284752117761422
19956,0.5325238095238096,0,1,0,440795,164815,42340,65616,1.5266867983252437,0.2847533534984442
19957,0.5325714285714286,0,1,0,440796,164814,42340,65616,1.526677535292156,0.2847545892461919
19958,0.5325833333333334,0,1,0,440797,164813,42340,65616,1.5266682722590685,0.28475582500466523
19959,0.5325952380952381,0,1,0,440798,164812,42340,65616,1.5266590092259809,0.2847570607738643
19960,0.5326190476190475,0,2,0,440800,164810,42340,65616,1.526640483159806,0.2847595323444403
19961,0.5326190476190477,0,1,0,440801,164809,42340,65616,1.5266312201267183,0.2847607681458175
19962,0.5326666666666666,5,17,5,440818,164792,42345,65611,1.52647374856423,0.2847662573838014
19963,0.5326666666666667,2,5,2,440823,164787,42347,65609,1.5264274333987922,0.2847662285803573
19964,0.5326904761904762,0,1,0,440824,164786,42347,65609,1.5264181703657045,0.2847674645717138
19965,0.5327142857142857,1,0,1,440824,164786,42348,65608,1.5264181703657045,0.2847643601829909
19966,0.5327380952380952,2,1,2,440825,164785,42350,65606,1.526408907332617,0.28475938730245537
19967,0.5327435064935065,0,1,0,440826,164784,42350,65606,1.5263996442995293,0.28476062329094143
19968,0.5327619047619047,0,1,0,440827,164783,42350,65606,1.5263903812664419,0.28476185929015707
19969,0.5327777777777778,0,1,0,440828,164782,42350,65606,1.5263811182333544,0.2847630953001024
19970,0.5328333333333333,0,6,0,440834,164776,42350,65606,1.526325540034829,0.28477051158510647
19971,0.5328571428571428,2,13,2,440847,164763,42352,65604,1.5262051206046907,0.28478037218872493
19972,0.5328571428571429,0,1,0,440848,164762,42352,65604,1.5261958575716033,0.2847816083970725
19973,0.5329166666666666,2,2,2,440850,164760,42354,65602,1.5261773315054281,0.2847778713503095
19974,0.5329166666666667,0,2,0,440852,164758,42354,65602,1.526158805439253,0.2847803438096892
19975,0.5329404761904761,0,1,0,440853,164757,42354,65602,1.5261495424061655,0.2847815800554786
19976,0.5329444444444443,0,2,0,440855,164755,42354,65602,1.5261310163399904,0.28478405257925743
19977,0.532952380952381,0,1,0,440856,164754,42354,65602,1.526121753306903,0.284785288857247
19978,0.5329707792207791,0,2,0,440858,164752,42354,65602,1.5261032272407278,0.28478776144542745
19979,0.5329761904761905,0,3,0,440861,164749,42354,65602,1.526075438141465,0.28479147040820313
19980,0.5329999999999999,8,42,8,440903,164707,42362,65594,1.5256863907517877,0.28481856353207324
19981,0.533,1,3,1,440906,164704,42363,65593,1.525658601652525,0.28481916829138026
19982,0.5330238095238095,0,1,0,440907,164703,42363,65593,1.5256493386194376,0.28482040504394346
19983,0.533047619047619,0,1,0,440908,164702,42363,65593,1.52564007558635,0.28482164180724723
19984,0.5330833333333334,0,1,0,440909,164701,42363,65593,1.5256308125532625,0.28482287858129174
19985,0.5330952380952381,0,2,0,440911,164699,42363,65593,1.5256122864870874,0.28482535216160354
19986,0.533111111111111,0,3,0,440914,164696,42363,65593,1.5255844973878248,0.2848290626126302
19987,0.5331190476190477,1,0,1,440914,164696,42364,65592,1.5255844973878248,0.28482595706246094
19988,0.5331666666666667,1,18,1,440932,164678,42365,65591,1.5254177627922487,0.28484511592963013
19989,0.5332023809523809,0,3,0,440935,164675,42365,65591,1.5253899736929861,0.2848488270087638
19990,0.5332142857142856,0,4,0,440939,164671,42365,65591,1.5253529215606358,0.28485377526469846
19991,0.5332142857142858,1,0,1,440939,164671,42366,65590,1.5253529215606358,0.2848506694577023
19992,0.5332222222222223,0,1,0,440940,164670,42366,65590,1.5253436585275482,0.2848519065404326
19993,0.53325,0,1,0,440941,164669,42366,65590,1.5253343954944607,0.2848531436339079
19994,0.5332777777777779,0,1,0,440942,164668,42366,65590,1.5253251324613732,0.2848543807381285
19995,0.5332857142857145,0,1,0,440943,164667,42366,65590,1.5253158694282856,0.2848556178530946
19996,0.5332936507936507,1,0,1,440943,164667,42367,65589,1.5253158694282856,0.28485251198665834
19997,0.5333214285714285,0,1,0,440944,164666,42367,65589,1.525306606395198,0.284853749104254
19998,0.5333333333333333,124,568,124,441512,164098,42491,65465,1.5200452036014673,0.2851722620805618
19999,0.5333333333333334,0,6,0,441518,164092,42491,65465,1.519989625402942,0.2851797157133087
20000,0.533345238095238,0,1,0,441519,164091,42491,65465,1.5199803623698545,0.28518095802331456
20001,0.5333571428571429,0,2,0,441521,164089,42491,65465,1.5199618363036793,0.2851834426757974
20002,0.5333809523809524,0,2,0,441523,164087,42491,65465,1.5199433102375042,0.28518592737157594
20003,0.5333928571428571,0,2,0,441525,164085,42491,65465,1.519924784171329,0.28518841211065127
20004,0.5334047619047619,0,1,0,441526,164084,42491,65465,1.5199155211382416,0.2851896544964256
20005,0.5334166666666667,0,1,0,441527,164083,42491,65465,1.519906258105154,0.28519089689302457
20006,0.5334373126873128,0,1,0,441528,164082,42491,65465,1.5198969950720664,0.2851921393004483
20007,0.5334523809523809,0,2,0,441530,164080,42491,65465,1.5198784690058913,0.2851946241477706
20008,0.533452380952381,0,3,0,441533,164077,42491,65465,1.5198506799066287,0.2851983514999434
20009,0.5334999999999999,0,1,0,441534,164076,42491,65465,1.519841416873541,0.28519959397231864
20010,0.5335,4,25,4,441559,164051,42495,65461,1.5196098410463523,0.28521820209836524
20011,0.5335000000000001,0,2,0,441561,164049,42495,65461,1.5195913149801772,0.2852206875517407
20012,0.5335119047619048,0,1,0,441562,164048,42495,65461,1.5195820519470895,0.2852219302946725
20013,0.5335238095238095,0,2,0,441564,164046,42495,65461,1.5195635258809144,0.2852244158130253
20014,0.5335712065712067,0,1,0,441565,164045,42495,65461,1.519554262847827,0.2852256585884465
20015,0.5335714285714286,1,1,1,441566,164044,42496,65460,1.5195449998147392,0.28522378694924705
20016,0.5335833333333333,0,4,0,441570,164040,42496,65460,1.5195079476823892,0.28522875816993465
20017,0.5335952380952381,0,1,0,441571,164039,42496,65460,1.5194986846493015,0.28523000100218304
20018,0.5336428571428571,0,1,0,441572,164038,42496,65460,1.519489421616214,0.2852312438452623
20019,0.5336428571428572,0,1,0,441573,164037,42496,65460,1.5194801585831264,0.28523248669917256
20020,0.5336666666666665,0,1,0,441574,164036,42496,65460,1.519470895550039,0.28523372956391396
20021,0.5336666666666666,6,9,6,441583,164027,42502,65454,1.5193875282522509,0.2852262278794323
20022,0.5336666666666667,0,4,0,441587,164023,42502,65454,1.5193504761199006,0.28523119964092264
20023,0.5336785714285714,0,1,0,441588,164022,42502,65454,1.5193412130868131,0.2852324426083773
20024,0.5337142857142857,2,1,2,441589,164021,42504,65452,1.5193319500537257,0.2852274559534237
20025,0.5337179487179488,0,1,0,441590,164020,42504,65452,1.519322687020638,0.28522869892623065
20026,0.53375,1,5,1,441595,164015,42505,65451,1.5192763718552003,0.2852317990464818
20027,0.5337500000000001,0,1,0,441596,164014,42505,65451,1.5192671088221128,0.2852330420761336
20028,0.5337777777777776,0,1,0,441597,164013,42505,65451,1.5192578457890251,0.2852342851166196
20029,0.5338333333333333,0,4,0,441601,164009,42505,65451,1.5192207936566748,0.2852392573869084
20030,0.5338333333333334,2,6,2,441607,164003,42507,65449,1.5191652154581496,0.28524048602757873
20031,0.5338571428571428,0,2,0,441609,164001,42507,65449,1.5191466893919745,0.2852429723251253
20032,0.5338888888888889,0,3,0,441612,163998,42507,65449,1.519118900292712,0.28524670185271545
20033,0.5339166666666667,0,1,0,441613,163997,42507,65449,1.5191096372596242,0.2852479450502515
20034,0.5339206349206349,0,2,0,441615,163995,42507,65449,1.519091111193449,0.28525043147783335
20035,0.533952380952381,0,2,0,441617,163993,42507,65449,1.5190725851272742,0.2852529179487627
20036,0.5339880952380952,0,1,0,441618,163992,42507,65449,1.5190633220941865,0.2852541612004829
20037,0.534,22,105,22,441723,163887,42529,65427,1.5180907036199933,0.28531620398231244
20038,0.534047619047619,0,2,0,441725,163885,42529,65427,1.5180721775538182,0.2853186924365057
20039,0.5340476190476191,1,1,1,441726,163884,42530,65426,1.5180629145207307,0.2853168200252933
20040,0.5340833333333334,0,4,0,441730,163880,42530,65426,1.5180258623883804,0.28532179707465133
20041,0.5341666666666666,1,2,1,441732,163878,42531,65425,1.5180073363222053,0.28532116893368165
20042,0.5341666666666667,14,123,14,441855,163755,42545,65411,1.516867983252436,0.28543064852552297
20043,0.5341746031746031,0,1,0,441856,163754,42545,65411,1.5168587202193486,0.2854318940501385
20044,0.5341904761904762,0,1,0,441857,163753,42545,65411,1.516849457186261,0.2854331395856243
20045,0.5342142857142858,1,0,1,441857,163753,42546,65410,1.516849457186261,0.2854300214257974
20046,0.5342777777777777,0,3,0,441860,163750,42546,65410,1.5168216680869984,0.2854337580729621
20047,0.5342857142857143,2,14,2,441874,163736,42548,65408,1.5166919856237726,0.2854449603742625
20048,0.534297619047619,0,1,0,441875,163735,42548,65408,1.5166827225906852,0.2854462060809189
20049,0.5343095238095238,0,5,0,441880,163730,42548,65408,1.5166364074252474,0.28545243477729576
20050,0.5343333333333332,1,0,1,441880,163730,42549,65407,1.5166364074252474,0.28544931634786175
20051,0.5343333333333333,4,35,4,441915,163695,42553,65403,1.516312201267183,0.285480449414661
20052,0.5343333333333334,0,1,0,441916,163694,42553,65403,1.5163029382340953,0.2854816955263491
20053,0.5344166666666667,0,2,0,441918,163692,42553,65403,1.5162844121679202,0.285484187782361
20054,0.5344444444444444,0,3,0,441921,163689,42553,65403,1.5162566230686576,0.28548792624797026
20055,0.534452380952381,0,1,0,441922,163688,42553,65403,1.5162473600355701,0.2854891724249316
20056,0.5345,1,14,1,441936,163674,42554,65402,1.5161176775723444,0.2855035010214951
20057,0.5345238095238095,0,1,0,441937,163673,42554,65402,1.5161084145392567,0.28550474735348685
20058,0.5345555555555556,0,2,0,441939,163671,42554,65402,1.5160898884730816,0.285507240050115
20059,0.5345714285714286,0,1,0,441940,163670,42554,65402,1.5160806254399941,0.2855084864147517
20060,0.5345833333333333,1,2,1,441942,163668,42555,65401,1.516062099373819,0.28550786007709467
20061,0.5345833333333334,1,0,1,441942,163668,42556,65400,1.516062099373819,0.2855047409502855
20062,0.5346428571428571,0,1,0,441943,163667,42556,65400,1.5160528363407315,0.2855059873312175
20063,0.5346428571428572,0,1,0,441944,163666,42556,65400,1.5160435733076438,0.2855072337230318
20064,0.5346666666666666,6,10,6,441954,163656,42562,65394,1.5159509429767684,0.28550098231827115
20065,0.5346666666666667,1,11,1,441965,163645,42563,65393,1.5158490496128052,0.2855115744985548
20066,0.5347380952380952,1,1,1,441966,163644,42564,65392,1.5158397865797177,0.28550970153163696
20067,0.5347380952380953,0,1,0,441967,163643,42564,65392,1.51583052354663,0.2855109481083677
20068,0.5347619047619048,0,4,0,441971,163639,42564,65392,1.51579347141428,0.28551593452414736
20069,0.5347857142857143,0,1,0,441972,163638,42564,65392,1.5157842083811923,0.28551718115530716
20070,0.5348095238095238,0,1,0,441973,163637,42564,65392,1.5157749453481049,0.28551842779735315
20071,0.5348333333333333,0,6,0,441979,163631,42564,65392,1.5157193671495794,0.28552590787824805
20072,0.5348333333333334,3,15,3,441994,163616,42567,65389,1.5155804216532662,0.28553525032204535
20073,0.5348373015873015,0,4,0,441998,163612,42567,65389,1.515543369520916,0.2855402378155554
20074,0.5348571428571428,0,1,0,441999,163611,42567,65389,1.5155341064878283,0.2855414847161572
20075,0.534878787878788,0,1,0,442000,163610,42567,65389,1.5155248434547408,0.28554273162764904
20076,0.5348809523809522,1,0,1,442000,163610,42568,65388,1.5155248434547408,0.2855396116996655
20077,0.5348809523809523,1,2,1,442002,163608,42569,65387,1.5155063173885657,0.28553898556737045
20078,0.5348809523809525,0,5,0,442007,163603,42569,65387,1.515460002223128,0.2855452203152976
20079,0.534952380952381,1,1,1,442008,163602,42570,65386,1.5154507391900405,0.28554334724963754
20080,0.5349999999999999,4,17,4,442025,163585,42574,65382,1.515293267627552,0.2855520664549913
20081,0.535,222,989,222,443014,162596,42796,65160,1.5061321279039608,0.2860956462178823
20082,0.5350238095238096,0,1,0,443015,162595,42796,65160,1.5061228648708733,0.28609690237316415
20083,0.5350357142857143,0,1,0,443016,162594,42796,65160,1.5061136018377859,0.2860981585394768
20084,0.5350833333333334,0,2,0,443018,162592,42796,65160,1.5060950757716107,0.28610067090519514
20085,0.5350952380952381,0,1,0,443019,162591,42796,65160,1.506085812738523,0.2861019271046011
20086,0.5350952380952382,0,1,0,443020,162590,42796,65160,1.5060765497054356,0.2861031833150384
20087,0.5351111111111112,1,1,1,443021,162589,42797,65159,1.506067286672348,0.28610130495108627
20088,0.5351190476190476,0,1,0,443022,162588,42797,65159,1.5060580236392604,0.2861025611753393
20089,0.5351190476190477,0,1,0,443023,162587,42797,65159,1.506048760606173,0.28610381741062413
20090,0.5351388888888888,1,0,1,443023,162587,42798,65158,1.506048760606173,0.2861006827811807
20091,0.5351666666666666,0,2,0,443025,162585,42798,65158,1.5060302345399978,0.2861031952683507
20092,0.5351666666666667,3,15,3,443040,162570,42801,65155,1.5058912890436844,0.28611263585464924
20093,0.5351904761904762,0,1,0,443041,162569,42801,65155,1.505882026010597,0.2861138922555374
20094,0.5351969696969696,0,1,0,443042,162568,42801,65155,1.5058727629775093,0.28611514866746
20095,0.5352142857142858,1,1,1,443043,162567,42802,65154,1.5058634999444218,0.28611327018588534
20096,0.5352380952380953,0,4,0,443047,162563,42802,65154,1.5058264478120715,0.28611829595506705
20097,0.5352597402597402,0,1,0,443048,162562,42802,65154,1.505817184778984,0.28611955242495035
20098,0.5352777777777777,1,0,1,443048,162562,42803,65153,1.505817184778984,0.2861164174516391
20099,0.5353095238095239,0,1,0,443049,162561,42803,65153,1.5058079217458964,0.28611767392430854
20100,0.535325396825397,2,0,2,443049,162561,42805,65151,1.5058079217458964,0.28611140387858347
20101,0.5353333333333332,0,1,0,443050,162560,42805,65151,1.505798658712809,0.2861126603457892
20102,0.5353333333333333,0,14,0,443064,162546,42805,65151,1.5056689762495832,0.2861302520454815
20103,0.5353333333333334,1,11,1,443075,162535,42806,65150,1.50556708288562,0.2861409403342337
20104,0.5353571428571429,0,1,0,443076,162534,42806,65150,1.5055578198525326,0.28614219708016375
20105,0.5353809523809524,0,1,0,443077,162533,42806,65150,1.5055485568194449,0.2861434538371332
20106,0.5354166666666667,1,3,1,443080,162530,42807,65149,1.5055207677201823,0.2861440888268132
20107,0.5354285714285713,0,1,0,443081,162529,42807,65149,1.5055115046870948,0.28614534561969096
20108,0.5354444444444445,0,1,0,443082,162528,42807,65149,1.5055022416540071,0.2861466024236089
20109,0.5354642857142856,0,1,0,443083,162527,42807,65149,1.5054929786209197,0.28614785923856706
20110,0.5354761904761904,0,1,0,443084,162526,42807,65149,1.505483715587832,0.2861491160645657
20111,0.5354761904761905,0,1,0,443085,162525,42807,65149,1.5054744525547445,0.28615037290160494
20112,0.5355,1,14,1,443099,162511,42808,65148,1.5053447700915188,0.2861648342477126
20113,0.5355000000000001,0,1,0,443100,162510,42808,65148,1.505335507058431,0.28616609124212633
20114,0.5355476190476189,0,1,0,443101,162509,42808,65148,1.5053262440253437,0.286167348247583
20115,0.5355555555555556,1,4,1,443105,162505,42809,65147,1.5052891918929934,0.28616924077100137
20116,0.5355714285714286,0,1,0,443106,162504,42809,65147,1.505279928859906,0.2861704978234227
20117,0.5355833333333334,0,1,0,443107,162503,42809,65147,1.5052706658268182,0.2861717548868878
20118,0.5355952380952381,0,1,0,443108,162502,42809,65147,1.5052614027937308,0.2861730119613967
20119,0.5356428571428571,0,2,0,443110,162500,42809,65147,1.5052428767275556,0.2861755261435468
20120,0.5356666666666665,0,1,0,443111,162499,42809,65147,1.5052336136944682,0.2861767832511882
20121,0.5356666666666666,7,22,7,443133,162477,42816,65140,1.5050298269665419,0.28618249076299224
20122,0.5356666666666667,0,10,0,443143,162467,42816,65140,1.5049371966356664,0.2861950642994284
20123,0.5357142857142856,0,1,0,443144,162466,42816,65140,1.504927933602579,0.28619632171383885
20124,0.5357142857142857,0,10,0,443154,162456,42816,65140,1.5048353032717032,0.2862088964656672
20125,0.5357142857142858,0,1,0,443155,162455,42816,65140,1.5048260402386158,0.2862101540016257
20126,0.5357261904761906,0,2,0,443157,162453,42816,65140,1.5048075141724406,0.28621266910669485
20127,0.5357500000000001,0,1,0,443158,162452,42816,65140,1.5047982511393532,0.2862139266758058
20128,0.5357738095238095,0,1,0,443159,162451,42816,65140,1.5047889881062655,0.2862151842559679
20129,0.5358095238095238,0,1,0,443160,162450,42816,65140,1.504779725073178,0.2862164418471813
20130,0.5358333333333333,9,33,9,443193,162417,42825,65131,1.5044740449812888,0.2862297185648742
20131,0.5358333333333334,11,77,11,443270,162340,42836,65120,1.503760791433547,0.2862920953134617
20132,0.5358809523809523,0,1,0,443271,162339,42836,65120,1.5037515284004594,0.28629335396708855
20133,0.5358809523809525,0,3,0,443274,162336,42836,65120,1.5037237393011968,0.2862971299943725
20134,0.5358928571428571,0,1,0,443275,162335,42836,65120,1.5037144762681092,0.2862983886922688
20135,0.535952380952381,1,1,1,443276,162334,42837,65119,1.5037052132350217,0.2862965096085785
20136,0.535969088101441,0,6,0,443282,162328,42837,65119,1.5036496350364963,0.28630406204522374
20137,0.5359841269841271,0,1,0,443283,162327,42837,65119,1.5036403720034088,0.28630532082340426
20138,0.5359999999999999,3,3,3,443286,162324,42840,65116,1.5036125829041462,0.28629968343299333
20139,0.536,9,111,9,443397,162213,42849,65107,1.5025843862314276,0.2864112264648953
20140,0.5360238095238095,0,1,0,443398,162212,42849,65107,1.50257512319834,0.28641248641776534
20141,0.5360238095238096,0,1,0,443399,162211,42849,65107,1.5025658601652525,0.28641374638172074
20142,0.536047619047619,0,1,0,443400,162210,42849,65107,1.502556597132165,0.2864150063567617
20143,0.5360476190476191,0,1,0,443401,162209,42849,65107,1.5025473340990774,0.2864162663428883
20144,0.5360714285714285,0,1,0,443402,162208,42849,65107,1.50253807106599,0.28641752634010076
20145,0.5360833333333334,0,1,0,443403,162207,42849,65107,1.5025288080329022,0.2864187863483991
20146,0.5360952380952381,0,1,0,443404,162206,42849,65107,1.5025195449998148,0.2864200463677836
20147,0.5361190476190477,0,3,0,443407,162203,42849,65107,1.5024917559005522,0.28642382649245524
20148,0.5361309523809524,0,1,0,443408,162202,42849,65107,1.5024824928674645,0.28642508655618565
20149,0.5361428571428571,0,2,0,443410,162200,42849,65107,1.5024639668012894,0.2864276067169071
20150,0.5361449938949938,0,1,0,443411,162199,42849,65107,1.502454703768202,0.28642886681389845
20151,0.5361666666666666,0,4,0,443415,162195,42849,65107,1.5024176516358516,0.2864339073127381
20152,0.5361666666666667,4,11,4,443426,162184,42853,65103,1.5023157582718885,0.28643521186869464
20153,0.5361666666666668,0,1,0,443427,162183,42853,65103,1.502306495238801,0.28643647211002876
20154,0.5361904761904762,1,2,1,443429,162181,42854,65102,1.5022879691726259,0.2864358530994399
20155,0.5362063492063492,0,1,0,443430,162180,42854,65102,1.5022787061395384,0.28643711336577465
20156,0.5362380952380953,0,2,0,443432,162178,42854,65102,1.5022601800733633,0.2864396339317142
20157,0.53625,1,6,1,443438,162172,42855,65101,1.5022046018748378,0.2864440562671325
20158,0.5362500000000001,0,1,0,443439,162171,42855,65101,1.5021953388417504,0.2864453166250132
20159,0.5363095238095238,0,1,0,443440,162170,42855,65101,1.5021860758086627,0.2864465769939852
20160,0.5363095238095239,0,3,0,443443,162167,42855,65101,1.5021582867094,0.2864503581674499
20161,0.5363333333333332,1,4,1,443447,162163,42856,65100,1.5021212345770498,0.2864522601567347
20162,0.5363333333333333,6,17,6,443464,162146,42862,65094,1.5019637630145615,0.2864548494983278
20163,0.5363333333333334,1,2,1,443466,162144,42863,65093,1.5019452369483863,0.2864542306050511
20164,0.5363571428571429,0,1,0,443467,162143,42863,65093,1.5019359739152989,0.2864554912073791
20165,0.5363809523809523,0,1,0,443468,162142,42863,65093,1.5019267108822112,0.28645675182080227
20166,0.5363888888888888,0,1,0,443469,162141,42863,65093,1.5019174478491237,0.2864580124453207
20167,0.5363888888888889,0,1,0,443470,162140,42863,65093,1.5019081848160363,0.28645927308093455
20168,0.5364285714285714,0,1,0,443471,162139,42863,65093,1.5018989217829486,0.286460533727644
20169,0.5364285714285716,1,1,1,443472,162138,42864,65092,1.5018896587498611,0.2864586542269947
20170,0.5364502442002442,0,2,0,443474,162136,42864,65092,1.501871132683686,0.2864611755593501
20171,0.5364761904761906,1,1,1,443475,162135,42865,65091,1.5018618696505983,0.286459296031264
20172,0.5364880952380952,0,1,0,443476,162134,42865,65091,1.5018526066175109,0.28646055671691056
20173,0.5364999999999999,0,2,0,443478,162132,42865,65091,1.5018340805513357,0.28646307812149296
20174,0.5365,2,18,2,443496,162114,42867,65089,1.5016673459557597,0.2864794919081174
20175,0.5365000000000001,0,2,0,443498,162112,42867,65089,1.5016488198895845,0.28648201372353116
20176,0.5365476190476189,0,1,0,443499,162111,42867,65089,1.501639556856497,0.2864832746478873
20177,0.536547619047619,0,2,0,443501,162109,42867,65089,1.501621030790322,0.28648579652989903
20178,0.5365714285714286,0,1,0,443502,162108,42867,65089,1.5016117677572345,0.2864870574875549
20179,0.5365833333333333,0,1,0,443503,162107,42867,65089,1.5016025047241468,0.28648831845631084
20180,0.5366428571428572,1,1,1,443504,162106,42868,65088,1.5015932416910593,0.2864864389024358
20181,0.5366666666666666,62,362,62,443866,161744,42930,65026,1.4982400237133646,0.2867486880980729
20182,0.5366666666666667,35,187,35,444053,161557,42965,64991,1.496507836525992,0.2868751875982132
20183,0.5367142857142858,1,0,1,444053,161557,42966,64990,1.496507836525992,0.2868720397974813
20184,0.5367619047619047,0,2,0,444055,161555,42966,64990,1.496489310459817,0.2868745723807632
20185,0.5367619047619048,0,1,0,444056,161554,42966,64990,1.4964800474267295,0.286875838689173
20186,0.5367738095238095,0,1,0,444057,161553,42966,64990,1.4964707843936418,0.2868771050087621
20187,0.5367857142857142,0,1,0,444058,161552,42966,64990,1.4964615213605543,0.28687837133953087
20188,0.5368333333333333,1,6,1,444064,161546,42967,64989,1.496405943162029,0.28688282163904033
20189,0.5368333333333334,0,13,0,444077,161533,42967,64989,1.4962855237318908,0.28689928572059226
20190,0.5368452380952381,0,1,0,444078,161532,42967,64989,1.4962762606988032,0.28690055226667727
20191,0.5368571428571428,0,2,0,444080,161530,42967,64989,1.496257734632628,0.28690308539239534
20192,0.5369047619047619,0,3,0,444083,161527,42967,64989,1.4962299455333654,0.28690688516484486
20193,0.5369166666666667,0,1,0,444084,161526,42967,64989,1.496220682500278,0.2869081517780279
20194,0.5369761904761905,0,2,0,444086,161524,42967,64989,1.4962021564341028,0.28691068503794487
20195,0.5369999999999999,6,11,6,444097,161513,42973,64983,1.4961002630701397,0.286905729019497
20196,0.537,3,44,3,444141,161469,42976,64980,1.4956926896142873,0.28695202893366717
20197,0.5370000000000001,0,2,0,444143,161467,42976,64980,1.4956741635481121,0.28695456331945224
20198,0.5370238095238095,0,1,0,444144,161466,42976,64980,1.4956649005150247,0.28695583052913276
20199,0.5370833333333332,0,2,0,444146,161464,42976,64980,1.4956463744488495,0.2869583649820706
20200,0.5370833333333334,0,1,0,444147,161463,42976,64980,1.495637111415762,0.2869596322253282
20201,0.5370952380952382,0,1,0,444148,161462,42976,64980,1.4956278483826744,0.2869608994797785
20202,0.5371406926406926,0,1,0,444149,161461,42976,64980,1.495618585349587,0.2869621667454215
20203,0.5371428571428571,3,14,3,444163,161447,42979,64977,1.4954889028863612,0.28697046249514185
20204,0.5371666666666666,0,6,0,444169,161441,42979,64977,1.4954333246878357,0.28697806711480534
20205,0.5371666666666667,2,5,2,444174,161436,42981,64975,1.495387009522398,0.2869781061874202
20206,0.5371666666666668,0,1,0,444175,161435,42981,64975,1.4953777464893105,0.286979373702575
20207,0.5371904761904763,0,1,0,444176,161434,42981,64975,1.4953684834562229,0.2869806412289264
20208,0.5371969696969697,0,1,0,444177,161433,42981,64975,1.4953592204231354,0.28698190876647467
20209,0.5372222222222223,1,2,1,444179,161431,42982,64974,1.4953406943569603,0.2869812945827168
20210,0.53725,0,1,0,444180,161430,42982,64974,1.4953314313238726,0.28698256214554513
20211,0.5372579365079364,0,1,0,444181,161429,42982,64974,1.4953221682907851,0.28698382971957087
20212,0.5372619047619048,0,1,0,444182,161428,42982,64974,1.4953129052576977,0.2869850973047941
20213,0.5372777777777777,0,2,0,444184,161426,42982,64974,1.4952943791915225,0.2869876325088339
20214,0.5373333333333332,2,11,2,444195,161415,42984,64972,1.4951924858275594,0.28699527799741154
20215,0.5373333333333333,5,30,5,444225,161385,42989,64967,1.4949145948349327,0.2870175655616032
20216,0.5373333333333334,0,1,0,444226,161384,42989,64967,1.4949053318018453,0.287018833581473
20217,0.5373571428571429,0,1,0,444227,161383,42989,64967,1.4948960687687576,0.28702010161254693
20218,0.5373809523809523,1,0,1,444227,161383,42990,64966,1.4948960687687576,0.2870169516984833
20219,0.5373809523809524,0,1,0,444228,161382,42990,64966,1.4948868057356701,0.2870182197324474
20220,0.5374444444444444,0,2,0,444230,161380,42990,64966,1.494868279669495,0.28702075583398867
20221,0.5375,82,291,82,444521,161089,43072,64884,1.4921727370410167,0.28713164847127753
20222,0.5375000000000001,2,14,2,444535,161075,43074,64882,1.492043054577791,0.28714312900242084
20223,0.5375238095238095,0,2,0,444537,161073,43074,64882,1.4920245285116158,0.28714567059812796
20224,0.5375277777777778,1,0,1,444537,161073,43075,64881,1.4920245285116158,0.28714251573329086
20225,0.5375555555555556,0,2,0,444539,161071,43075,64881,1.4920060024454407,0.2871450573573148
20226,0.5375595238095238,0,1,0,444540,161070,43075,64881,1.4919967394123532,0.2871463281861997
20227,0.5375714285714285,0,2,0,444542,161068,43075,64881,1.491978213346178,0.28714886987771576
20228,0.5375714285714286,0,1,0,444543,161067,43075,64881,1.4919689503130906,0.28715014074034734
20229,0.5376190476190477,0,1,0,444544,161066,43075,64881,1.491959687280003,0.28715141161422814
20230,0.5376428571428571,1,1,1,444545,161065,43076,64880,1.4919504242469155,0.28714952753988804
20231,0.5376666666666666,2,19,2,444564,161046,43078,64878,1.4917744266182518,0.28716736601689064
20232,0.5376666666666667,1,5,1,444569,161041,43079,64877,1.491728111452814,0.2871705663116706
20233,0.5377142857142857,1,0,1,444569,161041,43080,64876,1.491728111452814,0.2871674110403378
20234,0.5377380952380952,1,2,1,444571,161039,43081,64875,1.491709585386639,0.28716679798507394
20235,0.53775,1,0,1,444571,161039,43082,64874,1.491709585386639,0.28716364264119376
20236,0.5377777777777778,0,3,0,444574,161036,43082,64874,1.4916817962873763,0.2871674560665752
20237,0.5377914862914862,0,3,0,444577,161033,43082,64874,1.4916540071881137,0.2871712695932397
20238,0.5378015873015873,0,2,0,444579,161031,43082,64874,1.4916354811219386,0.28717381200061975
20239,0.5378095238095237,0,1,0,444580,161030,43082,64874,1.491626218088851,0.2871750832211913
20240,0.5378333333333333,0,7,0,444587,161023,43082,64874,1.4915613768572382,0.28718398208032864
20241,0.5378333333333334,1,3,1,444590,161020,43083,64873,1.4915335877579754,0.28718464051564235
20242,0.5378571428571428,1,5,1,444595,161015,43084,64872,1.4914872725925377,0.28718784170846484
20243,0.5378888888888889,0,1,0,444596,161014,43084,64872,1.4914780095594502,0.2871891130924449
20244,0.5379285714285714,0,1,0,444597,161013,43084,64872,1.4914687465263625,0.2871903844876818
20245,0.5379761904761904,0,1,0,444598,161012,43084,64872,1.491459483493275,0.2871916558941758
20246,0.5379999999999999,15,65,15,444663,160947,43099,64857,1.490857386342584,0.28722697560716376
20247,0.538,0,7,0,444670,160940,43099,64857,1.4907925451109711,0.28723588001612066
20248,0.5380238095238095,0,3,0,444673,160937,43099,64857,1.4907647560117085,0.2872396963603993
20249,0.5380833333333332,0,1,0,444674,160936,43099,64857,1.4907554929786209,0.2872409684976948
20250,0.5380833333333334,0,2,0,444676,160934,43099,64857,1.4907369669124457,0.28724351280609056
20251,0.5380919913419913,0,1,0,444677,160933,43099,64857,1.4907277038793583,0.2872447849771912
20252,0.5380952380952381,0,2,0,444679,160931,43099,64857,1.4907091778131831,0.2872473293531986
20253,0.5381428571428571,0,5,0,444684,160926,43099,64857,1.4906628626477454,0.28725369049042665
20254,0.5381666666666667,5,21,5,444705,160905,43104,64852,1.4904683389529068,0.28726462523864155
20255,0.5382142857142856,1,5,1,444710,160900,43105,64851,1.490422023787469,0.28726783048580073
20256,0.5382222222222223,0,1,0,444711,160899,43105,64851,1.4904127607543813,0.2872691029900332
20257,0.5382380952380952,0,1,0,444712,160898,43105,64851,1.4904034977212939,0.28727037550553935
20258,0.53825,0,4,0,444716,160894,43105,64851,1.4903664455889436,0.287275465680303
20259,0.5383095238095238,0,1,0,444717,160893,43105,64851,1.4903571825558561,0.2872767382521795
20260,0.5383095238095239,0,1,0,444718,160892,43105,64851,1.4903479195227685,0.28727801083533044
20261,0.5383333333333333,63,313,63,445031,160579,43168,64788,1.487448590166364,0.28747775850057905
20262,0.5383333333333334,0,3,0,445034,160576,43168,64788,1.4874208010671015,0.28748158534637297
20263,0.5383492063492062,0,1,0,445035,160575,43168,64788,1.4874115380340138,0.2874828609842787
20264,0.5383571428571429,1,0,1,445035,160575,43169,64787,1.4874115380340138,0.28747969932819195
20265,0.5384047619047618,0,1,0,445036,160574,43169,64787,1.4874022750009264,0.2874809749690497
20266,0.538410173160173,2,0,2,445036,160574,43171,64785,1.4874022750009264,0.2874746515559618
20267,0.5384166666666667,0,1,0,445037,160573,43171,64785,1.4873930119678387,0.28747592719140214
20268,0.5384444444444445,0,1,0,445038,160572,43171,64785,1.4873837489347512,0.28747720283816347
20269,0.5384493145743147,0,1,0,445039,160571,43171,64785,1.4873744859016635,0.2874784784962459
20270,0.5384523809523809,0,1,0,445040,160570,43171,64785,1.487365222868576,0.28747975416564975
20271,0.5384761904761904,1,2,1,445042,160568,43172,64784,1.487346696802401,0.2874791437395719
20272,0.5385,7,25,7,445067,160543,43179,64777,1.487115120975212,0.2874889046689153
20273,0.5385000000000001,0,1,0,445068,160542,43179,64777,1.4871058579421246,0.2874901805884102
20274,0.5385238095238095,0,2,0,445070,160540,43179,64777,1.4870873318759494,0.28749273246137663
20275,0.5385238095238096,0,2,0,445072,160538,43179,64777,1.4870688058097743,0.2874952843796463
20276,0.5385714285714286,2,6,2,445078,160532,43181,64775,1.487013227611249,0.28749661572876123
20277,0.5385833333333333,0,2,0,445080,160530,43181,64775,1.486994701545074,0.2874991677947671
20278,0.5386190476190477,0,1,0,445081,160529,43181,64775,1.4869854385119863,0.28750044384476087
20279,0.5386428571428571,1,1,1,445082,160528,43182,64774,1.4869761754788988,0.2874985574917222
20280,0.5386428571428572,0,1,0,445083,160527,43182,64774,1.4869669124458114,0.2874998335559984
20281,0.5386507936507936,0,2,0,445085,160525,43182,64774,1.4869483863796362,0.28750238571853404
20282,0.5386666666666666,7,28,7,445113,160497,43189,64767,1.4866890214531847,0.28751598124866823
20283,0.5386666666666667,0,1,0,445114,160496,43189,64767,1.486679758420097,0.2875172576055544
20284,0.5386904761904762,0,2,0,445116,160494,43189,64767,1.486661232353922,0.28751981035332347
20285,0.5387142857142857,0,2,0,445118,160492,43189,64767,1.4866427062877468,0.28752236314642254
20286,0.53875,0,8,0,445126,160484,43189,64767,1.4865686020230464,0.28753257477214306
20287,0.5387777777777778,0,1,0,445127,160483,43189,64767,1.486559338989959,0.2875338512763596
20288,0.5388095238095238,1,3,1,445130,160480,43190,64766,1.4865315498906961,0.28753451781607664
20289,0.5388333333333333,2,7,2,445137,160473,43192,64764,1.4864667086590833,0.2875371275589712
20290,0.5388888888888889,1,1,1,445138,160472,43193,64763,1.4864574456259958,0.2875352409705419
20291,0.5389166666666667,0,1,0,445139,160471,43193,64763,1.4864481825929081,0.28753651757727516
20292,0.5389393939393939,0,1,0,445140,160470,43193,64763,1.4864389195598207,0.28753779419534437
20293,0.5389682539682539,0,2,0,445142,160468,43193,64763,1.4864203934936455,0.287540347465491
20294,0.5389761904761905,0,1,0,445143,160467,43193,64763,1.486411130460558,0.28754162411756873
20295,0.5389981962481962,1,0,1,445143,160467,43194,64762,1.486411130460558,0.2875384608553961
20296,0.5389999999999999,0,3,0,445146,160464,43194,64762,1.4863833413612952,0.28754229085451943
20297,0.539,8,72,8,445218,160392,43202,64754,1.4857164029789915,0.2876089293169765
20298,0.5390000000000001,0,1,0,445219,160391,43202,64754,1.4857071399459039,0.28761020675564636
20299,0.5390238095238096,0,1,0,445220,160390,43202,64754,1.4856978769128164,0.2876114842056639
20300,0.539047619047619,0,6,0,445226,160384,43202,64754,1.485642298714291,0.28761914914408054
20301,0.5390833333333334,1,2,1,445228,160382,43203,64753,1.4856237726481158,0.28761853998711884
20302,0.5391190476190476,0,2,0,445230,160380,43203,64753,1.4856052465819407,0.2876210950860158
20303,0.5391417748917748,0,1,0,445231,160379,43203,64753,1.4855959835488532,0.2876223726524883
20304,0.5391428571428571,1,0,1,445231,160379,43204,64752,1.4855959835488532,0.2876192083720145
20305,0.5391457431457432,1,0,1,445231,160379,43205,64751,1.4855959835488532,0.28761604406343
20306,0.5391666666666666,0,3,0,445234,160376,43205,64751,1.4855681944495907,0.2876198767806616
20307,0.5391666666666667,27,121,27,445355,160255,43232,64724,1.4844473674459966,0.2876890732023878
20308,0.5391666666666668,0,1,0,445356,160254,43232,64724,1.484438104412909,0.28769035194552356
20309,0.5391666666666669,0,1,0,445357,160253,43232,64724,1.4844288413798215,0.2876916307000271
20310,0.5391904761904762,0,1,0,445358,160252,43232,64724,1.4844195783467338,0.2876929094658986
20311,0.5392142857142858,0,1,0,445359,160251,43232,64724,1.4844103153136463,0.28769418824313814
20312,0.5392222222222223,1,0,1,445359,160251,43233,64723,1.4844103153136463,0.2876910220736619
20313,0.5392380952380953,0,1,0,445360,160250,43233,64723,1.4844010522805589,0.28769230085388026
20314,0.53925,1,0,1,445360,160250,43234,64722,1.4844010522805589,0.2876891346478673
20315,0.5392619047619048,0,1,0,445361,160249,43234,64722,1.4843917892474712,0.28769041343106444
20316,0.5392857142857143,4,10,4,445371,160239,43238,64718,1.4842991589165957,0.28769053641362574
20317,0.5392936507936508,0,1,0,445372,160238,43238,64718,1.484289895883508,0.28769181528832305
20318,0.5393333333333333,4,25,4,445397,160213,43242,64714,1.4840583200563193,0.28771112405358185
20319,0.5393452380952382,0,7,0,445404,160206,43242,64714,1.4839934788247064,0.2877200782500445
20320,0.5393571428571429,0,1,0,445405,160205,43242,64714,1.4839842157916188,0.2877213574664657
20321,0.5393809523809524,0,1,0,445406,160204,43242,64714,1.4839749527585313,0.2877226366942619
20322,0.5393838383838384,1,1,1,445407,160203,43243,64713,1.4839656897254436,0.2877207490796564
20323,0.5394047619047619,0,1,0,445408,160202,43243,64713,1.4839564266923562,0.2877220283218105
20324,0.5394166666666667,0,2,0,445410,160200,43243,64713,1.483937900626181,0.2877245868402449
20325,0.5394444444444444,0,1,0,445411,160199,43243,64713,1.4839286375930936,0.28772586611652556
20326,0.539452380952381,1,0,1,445411,160199,43244,64712,1.4839286375930936,0.2877226992010173
20327,0.5394761904761904,0,1,0,445412,160198,43244,64712,1.4839193745600059,0.28772397848028103
20328,0.5394999999999999,1,0,1,445412,160198,43245,64711,1.4839193745600059,0.2877208115282181
20329,0.5395,4,15,4,445427,160183,43249,64707,1.4837804290636927,0.28772733336297746
20330,0.5395000000000001,0,1,0,445428,160182,43249,64707,1.483771166030605,0.28772861278230594
20331,0.5395000000000002,0,1,0,445429,160181,43249,64707,1.4837619029975175,0.2877298922130127
20332,0.5395238095238095,0,2,0,445431,160179,43249,64707,1.4837433769313424,0.28773245110856166
20333,0.5395357142857143,0,2,0,445433,160177,43249,64707,1.4837248508651673,0.2877350100496256
20334,0.539547619047619,1,0,1,445433,160177,43250,64706,1.4837248508651673,0.28773184278046804
20335,0.5395497835497836,0,2,0,445435,160175,43250,64706,1.4837063247989921,0.28773440175025905
20336,0.5395833333333333,0,3,0,445438,160172,43250,64706,1.4836785356997295,0.2877382402902907
20337,0.5396190476190477,0,2,0,445440,160170,43250,64706,1.4836600096335544,0.28774079937387714
20338,0.5396428571428571,0,3,0,445443,160167,43250,64706,1.4836322205342918,0.28774463808460776
20339,0.5396428571428572,0,7,0,445450,160160,43250,64706,1.483567379302679,0.28775359547463825
20340,0.5396507936507936,0,3,0,445453,160157,43250,64706,1.4835395902034163,0.28775743452680075
20341,0.5396666666666666,0,10,0,445463,160147,43250,64706,1.4834469598725406,0.28777023210719893
20342,0.5396666666666667,0,9,0,445472,160138,43250,64706,1.4833635925747526,0.2877817509028482
20343,0.5396904761904762,0,1,0,445473,160137,43250,64706,1.4833543295416651,0.28778303082595413
20344,0.5397020202020202,0,1,0,445474,160136,43250,64706,1.4833450665085777,0.28778431076044514
20345,0.5397619047619048,0,1,0,445475,160135,43250,64706,1.48333580347549,0.28778559070632137
20346,0.5397777777777777,0,1,0,445476,160134,43250,64706,1.4833265404424025,0.287786870663583
20347,0.5397777777777778,0,1,0,445477,160133,43250,64706,1.4833172774093148,0.2877881506322302
20348,0.5398095238095239,0,1,0,445478,160132,43250,64706,1.4833080143762274,0.28778943061226303
20349,0.5398192640692641,1,1,1,445479,160131,43251,64705,1.4832987513431397,0.28778754292017295
20350,0.5398214285714286,0,1,0,445480,160130,43251,64705,1.4832894883100523,0.2877888229145818
20351,0.5398333333333333,0,4,0,445484,160126,43251,64705,1.483252436177702,0.28779394300608013
20352,0.5398333333333334,2,19,2,445503,160107,43253,64703,1.4830764385490385,0.28781193007428496
20353,0.5398452380952381,0,1,0,445504,160106,43253,64703,1.483067175515951,0.2878132103252094
20354,0.5398809523809524,0,2,0,445506,160104,43253,64703,1.4830486494497759,0.2878157708612276
20355,0.5398809523809525,1,0,1,445506,160104,43254,64702,1.4830486494497759,0.28781260286647153
20356,0.5398888888888889,0,1,0,445507,160103,43254,64702,1.4830393864166882,0.2878138831431685
20357,0.5399047619047619,0,2,0,445509,160101,43254,64702,1.4830208603505133,0.2878164437307331
20358,0.5399404761904762,0,1,0,445510,160100,43254,64702,1.4830115973174256,0.28781772404160105
20359,0.539952380952381,0,1,0,445511,160099,43254,64702,1.4830023342843381,0.2878190043638596
20360,0.539968253968254,0,1,0,445512,160098,43254,64702,1.4829930712512505,0.2878202846975089
20361,0.5399999999999999,5,24,5,445536,160074,43259,64697,1.4827707584571492,0.28783517446645696
20362,0.54,504,2624,504,448160,157450,43763,64193,1.458464559635407,0.2896234034009646
20363,0.5400357142857143,1,1,1,448161,157449,43764,64192,1.4584552966023194,0.289621505046449
20364,0.5400833333333332,0,1,0,448162,157448,43764,64192,1.458446033569232,0.2896228117668291
20365,0.5400833333333334,0,1,0,448163,157447,43764,64192,1.4584367705361443,0.2896241184990006
20366,0.5401071428571427,0,1,0,448164,157446,43764,64192,1.4584275075030568,0.28962542524296375
20367,0.5401269841269842,1,0,1,448164,157446,43765,64191,1.4584275075030568,0.28962222011667726
20368,0.5401428571428571,2,0,2,448164,157446,43767,64189,1.4584275075030568,0.2896158097773366
20369,0.5401666666666667,3,6,3,448170,157440,43770,64186,1.4583719293045314,0.2896140344544413
20370,0.5402222222222222,0,1,0,448171,157439,43770,64186,1.458362666271444,0.2896153412295544
20371,0.5402380952380953,0,4,0,448175,157435,43770,64186,1.4583256141390937,0.2896205684479359
20372,0.54025,0,1,0,448176,157434,43770,64186,1.4583163511060062,0.2896218752820143
20373,0.5402777777777777,0,2,0,448178,157432,43770,64186,1.458297825039831,0.2896244889855517
20374,0.5403333333333332,0,1,0,448179,157431,43770,64186,1.4582885620067434,0.28962579585501114
20375,0.5403333333333333,4,17,4,448196,157414,43774,64182,1.458131090444255,0.2896351919709742
20376,0.5403571428571426,0,2,0,448198,157412,43774,64182,1.45811256437808,0.2896378060777819
20377,0.5403571428571429,0,4,0,448202,157408,43774,64182,1.4580755122457298,0.2896430344329618
20378,0.5403809523809524,0,1,0,448203,157407,43774,64182,1.4580662492126422,0.2896443415512503
20379,0.5404166666666667,1,2,1,448205,157405,43775,64181,1.458047723146467,0.2896437500564115
20380,0.5404166666666668,0,3,0,448208,157402,43775,64181,1.4580199340472044,0.2896476715271478
20381,0.5404761904761904,0,1,0,448209,157401,43775,64181,1.458010671014117,0.28964897870765677
20382,0.5404761904761906,0,2,0,448211,157399,43775,64181,1.4579921449479418,0.28965159310407074
20383,0.5404999999999999,0,1,0,448212,157398,43775,64181,1.4579828819148541,0.28965290031997615
20384,0.5405,3,8,3,448220,157390,43778,64178,1.4579087776501538,0.2896537406123628
20385,0.5405000000000001,1,4,1,448224,157386,43779,64177,1.4578717255178035,0.28965576382338204
20386,0.5405357142857142,1,0,1,448224,157386,43780,64176,1.4578717255178035,0.2896525577490725
20387,0.540547619047619,0,1,0,448225,157385,43780,64176,1.457862462484716,0.28965386507553226
20388,0.5405555555555556,1,2,1,448227,157383,43781,64175,1.457843936418541,0.2896532736348947
20389,0.5405606060606061,0,1,0,448228,157382,43781,64175,1.4578346733854533,0.28965458098818814
20390,0.5405714285714285,0,2,0,448230,157380,43781,64175,1.4578161473192783,0.28965719573017984
20391,0.5405952380952382,1,1,1,448231,157379,43782,64174,1.4578068842861907,0.2896552969266947
20392,0.5406428571428572,0,2,0,448233,157377,43782,64174,1.4577883582200155,0.2896579117223574
20393,0.5406666666666666,2,10,2,448243,157367,43784,64172,1.45769572788914,0.2896645737319388
20394,0.5406666666666667,3,10,3,448253,157357,43787,64169,1.4576030975582646,0.2896680299377951
20395,0.5406818181818182,0,2,0,448255,157355,43787,64169,1.4575845714920894,0.28967064516711505
20396,0.5407142857142857,0,9,0,448264,157346,43787,64169,1.4575012041943014,0.2896824142834571
20397,0.5407380952380952,0,1,0,448265,157345,43787,64169,1.4574919411612137,0.28968372202208437
20398,0.5407500000000001,0,1,0,448266,157344,43787,64169,1.4574826781281263,0.289685029772519
20399,0.5407777777777778,0,1,0,448267,157343,43787,64169,1.4574734150950388,0.2896863375347611
20400,0.5407857142857142,0,3,0,448270,157340,43787,64169,1.457445625995776,0.28969026089233396
20401,0.5408095238095239,0,1,0,448271,157339,43787,64169,1.4574363629626885,0.2896915687018076
20402,0.5408333333333333,11,37,11,448308,157302,43798,64158,1.457093630738449,0.28970468707667296
20403,0.5408333333333334,17,75,17,448383,157227,43815,64141,1.4563989032568825,0.2897482924361245
20404,0.5408376623376623,0,2,0,448385,157225,43815,64141,1.4563803771907073,0.28975091025722105
20405,0.5408492063492063,0,1,0,448386,157224,43815,64141,1.4563711141576197,0.2897522191855081
20406,0.5408809523809524,0,1,0,448387,157223,43815,64141,1.4563618511245322,0.28975352812562116
20407,0.5408888888888889,0,2,0,448389,157221,43815,64141,1.456343325058357,0.289756146041326
20408,0.540904761904762,1,0,1,448389,157221,43816,64140,1.456343325058357,0.28975293750931735
20409,0.5409166666666667,0,1,0,448390,157220,43816,64140,1.4563340620252696,0.28975424647632814
20410,0.540952380952381,1,4,1,448394,157216,43817,64139,1.4562970098929193,0.2897562738587337
20411,0.5409523809523811,0,2,0,448396,157214,43817,64139,1.4562784838267442,0.2897588919056891
20412,0.5409999999999999,2,4,2,448400,157210,43819,64137,1.456241431694394,0.28975771074376433
20413,0.541,15,71,15,448471,157139,43834,64122,1.4555837563451777,0.2898025408906224
20414,0.5410238095238096,0,1,0,448472,157138,43834,64122,1.4555744933120902,0.2898038506734159
20415,0.5410367965367965,0,1,0,448473,157137,43834,64122,1.4555652302790025,0.2898051604680488
20416,0.5410555555555557,0,1,0,448474,157136,43834,64122,1.455555967245915,0.28980647027452117
20417,0.5410714285714286,0,1,0,448475,157135,43834,64122,1.4555467042128274,0.2898077800928332
20418,0.5411190476190475,0,1,0,448476,157134,43834,64122,1.45553744117974,0.28980908992298515
20419,0.5411190476190476,0,1,0,448477,157133,43834,64122,1.4555281781466523,0.2898103997649771
20420,0.5411388888888888,0,1,0,448478,157132,43834,64122,1.4555189151135648,0.28981170961880914
20421,0.5411428571428571,1,1,1,448479,157131,43835,64121,1.4555096520804773,0.2898098096288395
20422,0.5411666666666666,0,4,0,448483,157127,43835,64121,1.455472599948127,0.28981504917558576
20423,0.5411666666666667,1,9,1,448492,157118,43836,64120,1.455389232650339,0.2898236288521863
20424,0.5411666666666668,1,3,1,448495,157115,43837,64119,1.4553614435510764,0.289824348879467
20425,0.5411904761904761,0,3,0,448498,157112,43837,64119,1.4553336544518136,0.2898282790386519
20426,0.5411904761904762,0,1,0,448499,157111,43837,64119,1.4553243914187262,0.28982958911540024
20427,0.5412380952380953,0,1,0,448500,157110,43837,64119,1.4553151283856387,0.28983089920399224
20428,0.5412499999999999,0,1,0,448501,157109,43837,64119,1.455305865352551,0.289832209304428
20429,0.54125,0,6,0,448507,157103,43837,64119,1.4552502871540258,0.2898400701557711
20430,0.5412619047619048,0,1,0,448508,157102,43837,64119,1.4552410241209381,0.2898413803391179
20431,0.5412857142857141,1,0,1,448508,157102,43838,64118,1.4552410241209381,0.2898381701473646
20432,0.5412857142857143,1,0,1,448508,157102,43839,64117,1.4552410241209381,0.2898349599265886
20433,0.5412857142857144,0,1,0,448509,157101,43839,64117,1.4552317610878507,0.2898362701046027
20434,0.5413095238095238,0,2,0,448511,157099,43839,64117,1.4552132350216755,0.2898388904961666
20435,0.5413333333333332,1,3,1,448514,157096,43840,64116,1.455185445922413,0.28983961087101967
20436,0.5413333333333333,3,18,3,448532,157078,43843,64113,1.455018711326837,0.2898535654705662
20437,0.5413333333333334,0,1,0,448533,157077,43843,64113,1.4550094482937492,0.28985487589854875
20438,0.5413571428571429,0,1,0,448534,157076,43843,64113,1.4550001852606618,0.2898561863383803
20439,0.5414166666666668,1,1,1,448535,157075,43844,64112,1.454990922227574,0.2898542861922265
20440,0.5414285714285714,0,3,0,448538,157072,43844,64112,1.4549631331283115,0.2898582175925926
20441,0.5414285714285715,1,1,1,448539,157071,43845,64111,1.454953870095224,0.2898563174218517
20442,0.5414761904761904,0,2,0,448541,157069,43845,64111,1.454935344029049,0.2898589384211954
20443,0.5414761904761906,0,1,0,448542,157068,43845,64111,1.4549260809959612,0.2898602489386425
20444,0.5414996392496392,0,1,0,448543,157067,43845,64111,1.4549168179628738,0.28986155946793984
20445,0.5414999999999999,0,1,0,448544,157066,43845,64111,1.4549075549297863,0.2898628700090877
20446,0.5415,0,23,0,448567,157043,43845,64111,1.4546945051687725,0.28989301572659776
20447,0.5415000000000001,3,4,3,448571,157039,43848,64108,1.4546574530364222,0.28988862611746935
20448,0.5415476190476189,0,1,0,448572,157038,43848,64108,1.4546481900033348,0.28988993696472015
20449,0.5415555555555556,0,1,0,448573,157037,43848,64108,1.454638926970247,0.28989124782382597
20450,0.5415714285714285,0,2,0,448575,157035,43848,64108,1.454620400904072,0.28989386957760366
20451,0.541642219708396,2,3,2,448578,157032,43850,64106,1.4545926118048094,0.28989138004323095
20452,0.5416666666666665,1,2,1,448580,157030,43851,64105,1.4545740857386342,0.2898907906934678
20453,0.5416666666666666,50,210,50,448790,156820,43901,64055,1.452628848790248,0.29000565930956423
20454,0.5416666666666667,23,116,23,448906,156704,43924,64032,1.4515543369520916,0.29008408234270805
20455,0.5416904761904762,0,1,0,448907,156703,43924,64032,1.4515450739190041,0.2900853965161846
20456,0.54175,2,7,2,448914,156696,43926,64030,1.4514802326873912,0.2900881636055562
20457,0.5417619047619048,0,2,0,448916,156694,43926,64030,1.451461706621216,0.2900907921204762
20458,0.5417857142857142,0,3,0,448919,156691,43926,64030,1.4514339175219535,0.2900947349821721
20459,0.5417857142857143,0,1,0,448920,156690,43926,64030,1.4514246544888658,0.2900960492932222
20460,0.5418333333333333,1,7,1,448927,156683,43927,64029,1.451359813257253,0.29010203341911633
20461,0.5418333333333334,2,12,2,448939,156671,43929,64027,1.4512486568602023,0.29011137391367386
20462,0.5418571428571429,1,0,1,448939,156671,43930,64026,1.4512486568602023,0.2901081573378886
20463,0.5419047619047619,0,2,0,448941,156669,43930,64026,1.4512301307940272,0.29011078637939236
20464,0.5419166666666667,0,2,0,448943,156667,43930,64026,1.451211604727852,0.2901134154685468
20465,0.5419444444444445,0,1,0,448944,156666,43930,64026,1.4512023416947646,0.2901147300309934
20466,0.5419523809523809,0,1,0,448945,156665,43930,64026,1.451193078661677,0.2901160446053532
20467,0.5419999999999999,0,4,0,448949,156661,43930,64026,1.4511560265293268,0.29012130302192696
20468,0.542,10,62,10,449011,156599,43940,64016,1.4505817184778984,0.2901706592933391
20469,0.5420238095238095,0,2,0,449013,156597,43940,64016,1.4505631924117233,0.2901732898786563
20470,0.542051948051948,1,0,1,449013,156597,43941,64015,1.4505631924117233,0.2901700723442061
20471,0.5420833333333333,1,4,1,449017,156593,43942,64014,1.450526140279373,0.2901721160253301
20472,0.5420833333333334,0,3,0,449020,156590,43942,64014,1.4504983511801104,0.2901760620840964
20473,0.5420952380952381,0,5,0,449025,156585,43942,64014,1.4504520360146727,0.29018263908721253
20474,0.5420952380952382,0,1,0,449026,156584,43942,64014,1.4504427729815852,0.29018395452361306
20475,0.5421111111111111,1,0,1,449026,156584,43943,64013,1.4504427729815852,0.29018073681872375
20476,0.542142857142857,0,1,0,449027,156583,43943,64013,1.4504335099484975,0.2901820522584272
20477,0.5421428571428571,3,7,3,449034,156576,43946,64010,1.4503686687168846,0.29018160717361935
20478,0.5421666666666666,1,3,1,449037,156573,43947,64009,1.450340879617622,0.2901823358206925
20479,0.5421666666666667,2,4,2,449041,156569,43949,64007,1.4503038274852718,0.29018116204845495
20480,0.5421904761904761,0,1,0,449042,156568,43949,64007,1.4502945644521843,0.29018247761532356
20481,0.5422142857142858,0,1,0,449043,156567,43949,64007,1.4502853014190966,0.2901837931941208
20482,0.5422261904761905,0,1,0,449044,156566,43949,64007,1.4502760383860092,0.2901851087848467
20483,0.5422380952380952,0,1,0,449045,156565,43949,64007,1.4502667753529215,0.2901864243875016
20484,0.54225,0,2,0,449047,156563,43949,64007,1.4502482492867466,0.29018905562859865
20485,0.5422619047619047,0,1,0,449048,156562,43949,64007,1.4502389862536589,0.29019037126704117
20486,0.5422619047619048,0,1,0,449049,156561,43949,64007,1.4502297232205714,0.2901916869174132
20487,0.5422857142857143,0,1,0,449050,156560,43949,64007,1.4502204601874837,0.29019300257971503
20488,0.5423333333333332,2,5,2,449055,156555,43951,64005,1.450174145022046,0.2901931447225245
20489,0.5423333333333333,6,22,6,449077,156533,43957,63999,1.44997035829412,0.2902027823626503
20490,0.5423333333333334,0,2,0,449079,156531,43957,63999,1.4499518322279448,0.29020541422935653
20491,0.542348484848485,0,1,0,449080,156530,43957,63999,1.449942569194857,0.29020673018061116
20492,0.5423809523809523,1,1,1,449081,156529,43958,63998,1.4499333061617696,0.2902048275267881
20493,0.5423809523809524,1,3,1,449084,156526,43959,63997,1.449905517062507,0.2902055567899947
20494,0.5424047619047618,0,2,0,449086,156524,43959,63997,1.449886990996332,0.2902081887892763
20495,0.5424523809523809,0,1,0,449087,156523,43959,63997,1.4498777279632442,0.29020950480682023
20496,0.5424761904761906,0,1,0,449088,156522,43959,63997,1.4498684649301568,0.29021082083629984
20497,0.5425,53,284,53,449372,156238,44012,63944,1.4472377635332914,0.29041429362981536
20498,0.5425000000000001,2,8,2,449380,156230,44014,63942,1.4471636592685908,0.290418400159875
20499,0.5425238095238096,0,1,0,449381,156229,44014,63942,1.4471543962355033,0.290419719218244
20500,0.5425714285714285,0,2,0,449383,156227,44014,63942,1.4471358701693282,0.2904223573709287
20501,0.5426190476190476,1,1,1,449384,156226,44015,63941,1.4471266071362408,0.290420453564794
20502,0.5426190476190477,0,3,0,449387,156223,44015,63941,1.447098818036978,0.2904244108936974
20503,0.5426309523809524,0,1,0,449388,156222,44015,63941,1.4470895550038905,0.29042573002729793
20504,0.5426428571428571,0,1,0,449389,156221,44015,63941,1.447080291970803,0.2904270491728818
20505,0.5426666666666666,7,33,7,449422,156188,44022,63934,1.4467746118789135,0.29044802427744615
20506,0.5426666666666667,3,8,3,449430,156180,44025,63931,1.4467005076142132,0.2904489098682029
20507,0.5426785714285713,0,1,0,449431,156179,44025,63931,1.4466912445811257,0.29045022943073917
20508,0.5427142857142857,0,1,0,449432,156178,44025,63931,1.446681981548038,0.2904515490052656
20509,0.5427380952380951,0,1,0,449433,156177,44025,63931,1.4466727185149506,0.2904528685917822
20510,0.5427380952380952,0,1,0,449434,156176,44025,63931,1.446663455481863,0.2904541881902893
20511,0.54275,2,1,2,449435,156175,44027,63929,1.4466541924487755,0.2904490604441537
20512,0.5427738095238095,2,1,2,449436,156174,44029,63927,1.4466449294156878,0.29044393255823464
20513,0.5427857142857142,1,0,1,449436,156174,44030,63926,1.4466449294156878,0.2904407087687415
20514,0.5428333333333333,0,5,0,449441,156169,44030,63926,1.44659861425025,0.2904473068447716
20515,0.5428333333333334,0,2,0,449443,156167,44030,63926,1.446580088184075,0.2904499461591236
20516,0.5428571428571428,1,9,1,449452,156158,44031,63925,1.4464967208862871,0.29045859971010934
20517,0.5428571428571429,0,1,0,449453,156157,44031,63925,1.4464874578531994,0.29045991948455574
20518,0.5428650793650793,0,1,0,449454,156156,44031,63925,1.446478194820112,0.29046123927099565
20519,0.5428809523809524,1,1,1,449455,156155,44032,63924,1.4464689317870243,0.2904593350569568
20520,0.5428809523809526,0,1,0,449456,156154,44032,63924,1.4464596687539368,0.2904606548587319
20521,0.5428917748917749,0,1,0,449457,156153,44032,63924,1.4464504057208492,0.290461974672501
20522,0.5429166666666666,1,2,1,449459,156151,44033,63923,1.4464318796546742,0.29046139025963996
20523,0.5429166666666667,0,1,0,449460,156150,44033,63923,1.4464226166215866,0.2904627101007393
20524,0.5429206349206349,0,2,0,449462,156148,44033,63923,1.4464040905554114,0.2904653498189221
20525,0.5429285714285714,1,1,1,449463,156147,44034,63922,1.446394827522324,0.2904634455557121
20526,0.5429761904761904,0,1,0,449464,156146,44034,63922,1.4463855644892363,0.2904647654361379
20527,0.5429761904761905,0,1,0,449465,156145,44034,63922,1.4463763014561488,0.29046608532855905
20528,0.5429999999999999,9,41,9,449506,156104,44043,63913,1.445996517099559,0.29049118931718915
20529,0.543,1,5,1,449511,156099,44044,63912,1.4459502019341213,0.29049456618078184
20530,0.5430039682539683,0,1,0,449512,156098,44044,63912,1.4459409389010338,0.2904958865506113
20531,0.5430238095238095,1,0,1,449512,156098,44045,63911,1.4459409389010338,0.290492661663841
20532,0.5430357142857143,0,1,0,449513,156097,44045,63911,1.4459316758679461,0.2904939820370168
20533,0.5430555555555556,0,1,0,449514,156096,44045,63911,1.4459224128348587,0.2904953024221957
20534,0.5430714285714285,0,7,0,449521,156089,44045,63911,1.4458575716032458,0.29050454545454546
20535,0.5430952380952381,0,2,0,449523,156087,44045,63911,1.4458390455370707,0.29050718642896756
20536,0.5431071428571428,0,1,0,449524,156086,44045,63911,1.4458297825039832,0.29050850693418545
20537,0.5431190476190476,0,1,0,449525,156085,44045,63911,1.4458205194708955,0.2905098274514082
20538,0.5431428571428573,0,2,0,449527,156083,44045,63911,1.4458019934047204,0.2905124685218688
20539,0.5431666666666666,4,10,4,449537,156073,44049,63907,1.445709363073845,0.2905127738885353
20540,0.5431666666666667,0,5,0,449542,156068,44049,63907,1.4456630479084072,0.29051937720195475
20541,0.5431890331890332,0,1,0,449543,156067,44049,63907,1.4456537848753195,0.290520697900661
20542,0.5432023809523809,0,1,0,449544,156066,44049,63907,1.445644521842232,0.29052201861137505
20543,0.5432142857142856,0,4,0,449548,156062,44049,63907,1.4456074697098817,0.2905273015743127
20544,0.54325,1,0,1,449548,156062,44050,63906,1.4456074697098817,0.29052407622926973
20545,0.5432619047619047,0,3,0,449551,156059,44050,63906,1.4455796806106191,0.29052803855158776
20546,0.5432777777777777,0,1,0,449552,156058,44050,63906,1.4455704175775317,0.29052935934971175
20547,0.5432777777777779,0,1,0,449553,156057,44050,63906,1.445561154544444,0.29053068015984507
20548,0.5433095238095238,0,1,0,449554,156056,44050,63906,1.4455518915113565,0.2905320009819878
20549,0.5433333333333332,0,1,0,449555,156055,44050,63906,1.4455426284782689,0.2905333218161401
20550,0.5433333333333333,108,543,108,450098,155512,44158,63798,1.440512801511727,0.29090328758378553
20551,0.5433333333333334,1,0,1,450098,155512,44159,63797,1.440512801511727,0.290900054261339
20552,0.5433809523809523,0,1,0,450099,155511,44159,63797,1.4405035384786395,0.29090138070658617
20553,0.5434166666666667,0,2,0,450101,155509,44159,63797,1.4404850124124644,0.29090403363337075
20554,0.5434444444444445,1,0,1,450101,155509,44160,63796,1.4404850124124644,0.29090080025535214
20555,0.5434523809523809,0,1,0,450102,155508,44160,63796,1.4404757493793767,0.29090212672819465
20556,0.5435,3,32,3,450134,155476,44163,63793,1.4401793323205752,0.2909348790754735
20557,0.5435000000000001,0,2,0,450136,155474,44163,63793,1.4401608062544,0.29093753277967044
20558,0.5435714285714286,0,2,0,450138,155472,44163,63793,1.4401422801882249,0.29094018653227827
20559,0.5435833333333333,0,2,0,450140,155470,44163,63793,1.4401237541220497,0.29094284033329837
20560,0.5436190476190476,0,1,0,450141,155469,44163,63793,1.4401144910889623,0.2909441672519634
20561,0.5436666666666666,3,16,3,450157,155453,44166,63790,1.4399662825595614,0.29095569755932915
20562,0.5436666666666667,1,1,1,450158,155452,44167,63789,1.4399570195264737,0.2909537905774923
20563,0.5436904761904762,0,6,0,450164,155446,44167,63789,1.4399014413279485,0.29096175336967184
20564,0.5437142857142857,0,3,0,450167,155443,44167,63789,1.4398736522286857,0.2909657349292074
20565,0.5437261904761904,0,1,0,450168,155442,44167,63789,1.4398643891955982,0.29096706213993456
20566,0.54375,1,7,1,450175,155435,44168,63788,1.4397995479639853,0.2909731186964871
20567,0.5437619047619047,0,1,0,450176,155434,44168,63788,1.4397902849308977,0.2909744459953837
20568,0.5438095238095237,0,5,0,450181,155429,44168,63788,1.43974396976546,0.29098108267150813
20569,0.5438095238095239,1,1,1,450182,155428,44169,63787,1.4397347067323725,0.29097917569509385
20570,0.5438333333333333,2,11,2,450193,155417,44171,63785,1.4396328133684093,0.29098730850995885
20571,0.5438333333333334,0,1,0,450194,155416,44171,63785,1.4396235503353219,0.29098863600074815
20572,0.5438571428571428,0,2,0,450196,155414,44171,63785,1.4396050242691467,0.2909912910186634
20573,0.5438809523809524,0,2,0,450198,155412,44171,63785,1.4395864982029716,0.29099394608502854
20574,0.5439166666666666,0,1,0,450199,155411,44171,63785,1.4395772351698841,0.2909952736363802
20575,0.5439999999999998,0,1,0,450200,155410,44171,63785,1.4395679721367964,0.2909966011998449
20576,0.5439999999999999,0,1,0,450201,155409,44171,63785,1.439558709103709,0.2909979287754227
20577,0.544,25,101,25,450302,155308,44196,63760,1.4386231427618659,0.2910511804553837
20578,0.544027777777778,1,0,1,450302,155308,44197,63759,1.4386231427618659,0.29104794423623825
20579,0.544047619047619,0,3,0,450305,155305,44197,63759,1.4385953536626033,0.2910519300295804
20580,0.5440555555555556,0,1,0,450306,155304,44197,63759,1.4385860906295158,0.2910532586516208
20581,0.5440595238095238,1,0,1,450306,155304,44198,63758,1.4385860906295158,0.2910500223680967
20582,0.5440714285714285,0,2,0,450308,155302,44198,63758,1.4385675645633407,0.2910526796311513
20583,0.5440833333333334,0,1,0,450309,155301,44198,63758,1.438558301530253,0.2910540082808741
20584,0.5441111111111111,1,0,1,450309,155301,44199,63757,1.438558301530253,0.29105077194167756
20585,0.5441428571428572,0,1,0,450310,155300,44199,63757,1.4385490384971655,0.29105210059482234
20586,0.5441666666666666,0,1,0,450311,155299,44199,63757,1.4385397754640779,0.29105342926009786
20587,0.5441666666666667,24,123,24,450434,155176,44223,63733,1.4374004223943089,0.2911392405063291
20588,0.5441904761904762,0,2,0,450436,155174,44223,63733,1.4373818963281337,0.2911419004417401
20589,0.5442380952380952,0,2,0,450438,155172,44223,63733,1.4373633702619586,0.2911445604257555
20590,0.54425,0,2,0,450440,155170,44223,63733,1.4373448441957835,0.29114722045837654
20591,0.5442619047619047,0,1,0,450441,155169,44223,63733,1.437335581162696,0.29114855049291466
20592,0.5442777777777777,0,1,0,450442,155168,44223,63733,1.4373263181296083,0.29114988053960467
20593,0.5442857142857143,3,15,3,450457,155153,44226,63730,1.437187372633295,0.29116011750569937
20594,0.544329365079365,0,1,0,450458,155152,44226,63730,1.4371781096002074,0.2911614477206897
20595,0.5443333333333333,5,26,5,450484,155126,44231,63725,1.436937270739931,0.2911798438206816
20596,0.5443571428571429,0,1,0,450485,155125,44231,63725,1.4369280077068436,0.2911811743203107
20597,0.5443650793650794,0,2,0,450487,155123,44231,63725,1.4369094816406685,0.2911838353560462
20598,0.5443809523809524,0,1,0,450488,155122,44231,63725,1.4369002186075808,0.291185165892153
20599,0.544404761904762,0,1,0,450489,155121,44231,63725,1.4368909555744933,0.2911864964404193
20600,0.5444166666666667,0,2,0,450491,155119,44231,63725,1.4368724295083182,0.2911891575734313
20601,0.5444285714285715,0,1,0,450492,155118,44231,63725,1.4368631664752307,0.29119048815817733
20602,0.5444444444444444,1,0,1,450492,155118,44232,63724,1.4368631664752307,0.2911872492483161
20603,0.5444761904761904,0,1,0,450493,155117,44232,63724,1.436853903442143,0.2911885798365023
20604,0.5445,2,9,2,450502,155108,44234,63722,1.436770536144355,0.29119407759447974
20605,0.5445238095238095,0,3,0,450505,155105,44234,63722,1.4367427470450924,0.2911980697080342
20606,0.5445714285714286,1,0,1,450505,155105,44235,63721,1.4367427470450924,0.29119483059599865
20607,0.5445833333333333,1,3,1,450508,155102,44236,63720,1.4367149579458298,0.2911955836250468
20608,0.5446428571428571,1,1,1,450509,155101,44237,63719,1.4367056949127421,0.2911936751668038
20609,0.5446428571428572,1,2,1,450511,155099,44238,63718,1.4366871688465672,0.2911930974284448
20610,0.5446666666666666,6,35,6,450546,155064,44244,63712,1.4363629626885028,0.2912202435367682
20611,0.5446666666666667,1,0,1,450546,155064,44245,63711,1.4363629626885028,0.2912170037709976
20612,0.5447142857142857,0,2,0,450548,155062,44245,63711,1.4363444366223277,0.29121966604654137
20613,0.5447510822510822,0,1,0,450549,155061,44245,63711,1.43633517358924,0.29122099720256706
20614,0.5447777777777779,0,2,0,450551,155059,44245,63711,1.4363166475230649,0.2912236595511268
20615,0.5448253968253968,0,2,0,450553,155057,44245,63711,1.43629812145689,0.2912263219483654
20616,0.5448333333333333,1,5,1,450558,155052,44246,63710,1.436251806291452,0.2912297382543586
20617,0.5448333333333334,3,11,3,450569,155041,44249,63707,1.436149912927489,0.2912346627169163
20618,0.5448333333333335,0,1,0,450570,155040,44249,63707,1.4361406498944014,0.29123599409363327
20619,0.5448809523809524,0,3,0,450573,155037,44249,63707,1.4361128607951388,0.29123998829682185
20620,0.5449166666666666,1,0,1,450573,155037,44250,63706,1.4361128607951388,0.2912367481473693
20621,0.544952380952381,0,2,0,450575,155035,44250,63706,1.4360943347289636,0.2912394109929094
20622,0.5449999999999999,4,28,4,450603,155007,44254,63702,1.4358349698025121,0.29126373400271593
20623,0.545,201,1010,201,451613,153997,44455,63501,1.4264793063840824,0.29196130539131393
20624,0.5450238095238095,0,1,0,451614,153996,44455,63501,1.426470043350995,0.2919626477606588
20625,0.545049603174603,2,2,2,451616,153994,44457,63499,1.4264515172848198,0.29195882166322595
20626,0.5450689033189032,0,2,0,451618,153992,44457,63499,1.4264329912186446,0.29196150645314056
20627,0.5450833333333334,0,1,0,451619,153991,44457,63499,1.4264237281855572,0.29196284886661455
20628,0.5451111111111111,0,1,0,451620,153990,44457,63499,1.4264144651524695,0.2919641912924332
20629,0.5451190476190476,0,1,0,451621,153989,44457,63499,1.426405202119382,0.29196553373059664
20630,0.5451428571428572,0,2,0,451623,153987,44457,63499,1.426386676053207,0.29196821864395867
20631,0.5451666666666666,0,1,0,451624,153986,44457,63499,1.4263774130201192,0.2919695611191576
20632,0.5451666666666667,4,11,4,451635,153975,44461,63495,1.4262755196561563,0.29197130638708785
20633,0.5452142857142858,0,1,0,451636,153974,44461,63495,1.4262662566230686,0.29197264897525627
20634,0.5452380952380952,0,1,0,451637,153973,44461,63495,1.4262569935899811,0.2919739915757721
20635,0.5452380952380953,1,3,1,451640,153970,44462,63494,1.4262292044907185,0.2919747636390391
20636,0.54525,0,2,0,451642,153968,44462,63494,1.4262106784245434,0.2919774489336068
20637,0.5452579365079365,0,1,0,451643,153967,44462,63494,1.4262014153914557,0.2919787915994132
20638,0.5452777777777778,1,0,1,451643,153967,44463,63493,1.4262014153914557,0.2919755357307091
20639,0.5452857142857144,0,1,0,451644,153966,44463,63493,1.4261921523583683,0.2919768784000662
20640,0.5453253968253968,0,1,0,451645,153965,44463,63493,1.4261828893252806,0.2919782210817721
20641,0.5453333333333332,0,3,0,451648,153962,44463,63493,1.426155100226018,0.2919822492009841
20642,0.5453333333333333,5,14,5,451662,153948,44468,63488,1.4260254177627922,0.29198476793171324
20643,0.5453333333333334,0,1,0,451663,153947,44468,63488,1.4260161547297048,0.29198611079173087
20644,0.5453571428571429,0,1,0,451664,153946,44468,63488,1.426006891696617,0.2919874536641004
20645,0.5454166666666667,2,6,2,451670,153940,44470,63486,1.425951313498092,0.2919889985558305
20646,0.5454285714285715,0,1,0,451671,153939,44470,63486,1.4259420504650042,0.29199034149706793
20647,0.545452380952381,1,0,1,451671,153939,44471,63485,1.4259420504650042,0.2919870851423946
20648,0.5454592352092351,0,1,0,451672,153938,44471,63485,1.4259327874319168,0.2919884280871849
20649,0.5454761904761906,0,1,0,451673,153937,44471,63485,1.425923524398829,0.29198977104432855
20650,0.5455,3,19,3,451692,153918,44474,63482,1.4257475267701656,0.29200551977920886
20651,0.5455000000000001,1,3,1,451695,153915,44475,63481,1.425719737670903,0.29200629266407846
20652,0.545547619047619,0,1,0,451696,153914,44475,63481,1.4257104746378153,0.2920076358701902
20653,0.5455555555555556,0,1,0,451697,153913,44475,63481,1.4257012116047278,0.2920089790886593
20654,0.5456190476190477,0,2,0,451699,153911,44475,63481,1.4256826855385527,0.2920116655626702
20655,0.5456428571428571,0,1,0,451700,153910,44475,63481,1.4256734225054652,0.29201300881821235
20656,0.5456666666666666,4,26,4,451726,153884,44479,63477,1.4254325836451889,0.2920349096664075
20657,0.5456666666666667,3,11,3,451737,153873,44482,63474,1.4253306902812257,0.29203991773523447
20658,0.5457142857142857,1,12,1,451749,153861,44483,63473,1.425219533884175,0.2920527851141561
20659,0.5457619047619048,0,1,0,451750,153860,44483,63473,1.4252102708510874,0.29205412891737564
20660,0.5457777777777778,1,0,1,451750,153860,44484,63472,1.4252102708510874,0.2920508714777391
20661,0.5457857142857142,0,1,0,451751,153859,44484,63472,1.425201007818,0.2920522152845199
20662,0.5457857142857143,0,1,0,451752,153858,44484,63472,1.4251917447849123,0.29205355910366726
20663,0.5457900432900433,0,1,0,451753,153857,44484,63472,1.4251824817518248,0.2920549029351812
20664,0.5458333333333333,9,37,9,451790,153820,44493,63463,1.4248397495275853,0.29207531192039876
20665,0.5458333333333334,11,62,11,451852,153758,44504,63452,1.4242654414761569,0.29212283044058746
20666,0.5458571428571428,1,0,1,451852,153758,44505,63451,1.4242654414761569,0.29211957147263695
20667,0.545892857142857,1,0,1,451852,153758,44506,63450,1.4242654414761569,0.2921163124746787
20668,0.5459523809523809,0,1,0,451853,153757,44506,63450,1.4242561784430694,0.29211765734990125
20669,0.545952380952381,0,5,0,451858,153752,44506,63450,1.4242098632776317,0.29212438191176876
20670,0.5459999999999999,2,4,2,451862,153748,44508,63448,1.4241728111452814,0.29212324352198016
20671,0.546,18,96,18,451958,153652,44526,63430,1.4232835599688762,0.2921937332436591
20672,0.5460149572649571,0,2,0,451960,153650,44526,63430,1.423265033902701,0.29219642528100237
20673,0.5460238095238095,0,1,0,451961,153649,44526,63430,1.4232557708696136,0.29219777131827585
20674,0.5460357142857143,0,1,0,451962,153648,44526,63430,1.423246507836526,0.2921991173679507
20675,0.5460392156862746,0,1,0,451963,153647,44526,63430,1.4232372448034385,0.29220046343002715
20676,0.5460476190476191,0,1,0,451964,153646,44526,63430,1.4232279817703508,0.29220180950450536
20677,0.5460595238095238,1,0,1,451964,153646,44527,63429,1.4232279817703508,0.29219854888863295
20678,0.5460714285714285,0,3,0,451967,153643,44527,63429,1.4232001926710882,0.2922025871600206
20679,0.5461190476190476,0,1,0,451968,153642,44527,63429,1.4231909296380008,0.2922039332752878
20680,0.5461190476190477,0,5,0,451973,153637,44527,63429,1.4231446144725628,0.292210664037666
20681,0.546126984126984,0,3,0,451976,153634,44527,63429,1.4231168253733002,0.29221470264393284
20682,0.5461428571428572,0,1,0,451977,153633,44527,63429,1.4231075623402127,0.2922160488708295
20683,0.5461428571428573,0,1,0,451978,153632,44527,63429,1.423098299307125,0.29221739511013034
20684,0.5461666666666666,0,1,0,451979,153631,44527,63429,1.4230890362740376,0.29221874136183545
20685,0.5461666666666667,1,7,1,451986,153624,44528,63428,1.4230241950424247,0.2922249046311483
20686,0.5461904761904761,1,1,1,451987,153623,44529,63427,1.423014932009337,0.2922229900944483
20687,0.5461904761904762,0,2,0,451989,153621,44529,63427,1.4229964059431621,0.29222568279827504
20688,0.5461969696969696,0,2,0,451991,153619,44529,63427,1.422977879876987,0.29222837555172637
20689,0.54625,1,3,1,451994,153616,44530,63426,1.4229500907777242,0.2922291538043328
20690,0.5462857142857143,0,1,0,451995,153615,44530,63426,1.4229408277446367,0.2922305002280675
20691,0.5462950937950937,0,1,0,451996,153614,44530,63426,1.4229315647115492,0.29223184666420937
20692,0.5463095238095239,0,1,0,451997,153613,44530,63426,1.4229223016784616,0.2922331931127585
20693,0.5463333333333332,0,3,0,452000,153610,44530,63426,1.422894512579199,0.29223723253285167
20694,0.5463333333333333,3,23,3,452023,153587,44533,63423,1.4226814628181852,0.2922584212709092
20695,0.5463333333333334,1,6,1,452029,153581,44534,63422,1.4226258846196598,0.29226324060036035
20696,0.5463571428571429,1,0,1,452029,153581,44535,63421,1.4226258846196598,0.2922599791706989
20697,0.5463809523809524,1,0,1,452029,153581,44536,63420,1.4226258846196598,0.2922567177109783
20698,0.5463888888888888,0,1,0,452030,153580,44536,63420,1.4226166215865723,0.292258064516129
20699,0.5463968253968254,0,2,0,452032,153578,44536,63420,1.4225980955203972,0.2922607581636697
20700,0.5464126984126985,1,0,1,452032,153578,44537,63419,1.4225980955203972,0.29225749664741907
20701,0.5464166666666667,0,2,0,452034,153576,44537,63419,1.422579569454222,0.29226019032696604
20702,0.5464166666666668,0,2,0,452036,153574,44537,63419,1.422561043388047,0.29226288405616774
20703,0.5464285714285714,0,1,0,452037,153573,44537,63419,1.4225517803549594,0.29226423093938947
20704,0.5464285714285715,1,2,1,452039,153571,44538,63418,1.4225332542887843,0.29226366313499763
20705,0.5464444444444445,0,2,0,452041,153569,44538,63418,1.4225147282226092,0.2922663569706941
20706,0.546452380952381,0,2,0,452043,153567,44538,63418,1.422496202156434,0.29226905085605
20707,0.5464761904761906,0,1,0,452044,153566,44538,63418,1.4224869391233466,0.2922703978173506
20708,0.5464999999999999,1,1,1,452045,153565,44539,63417,1.422477676090259,0.29226848309998066
20709,0.5465,5,28,5,452073,153537,44544,63412,1.4222183111638074,0.292289893016331
20710,0.5465000000000001,1,1,1,452074,153536,44545,63411,1.42220904813072,0.2922879781697834
20711,0.5465714285714286,0,2,0,452076,153534,44545,63411,1.4221905220645448,0.2922906727511581
20712,0.5465833333333333,1,1,1,452077,153533,44546,63410,1.4221812590314573,0.2922887578764929
20713,0.5466190476190476,0,1,0,452078,153532,44546,63410,1.4221719959983696,0.29229010518940546
20714,0.5466428571428572,1,1,1,452079,153531,44547,63409,1.4221627329652822,0.29228819028302755
20715,0.5466666666666665,0,3,0,452082,153528,44547,63409,1.4221349438660196,0.29229223230707535
20716,0.5466666666666666,85,338,85,452420,153190,44632,63324,1.419004038682426,0.2924706947356753
20717,0.5466666666666667,44,218,44,452638,152972,44676,63280,1.4169846974693394,0.292621571129978
20718,0.5466746031746031,0,1,0,452639,152971,44676,63280,1.4169754344362517,0.29262292428705533
20719,0.5466904761904761,0,2,0,452641,152969,44676,63280,1.4169569083700766,0.2926256306387544
20720,0.5466904761904762,0,2,0,452643,152967,44676,63280,1.4169383823039017,0.29262833704051383
20721,0.5467142857142857,0,1,0,452644,152966,44676,63280,1.416929119270814,0.29262969026016666
20722,0.54675,1,2,1,452646,152964,44677,63279,1.4169105932046389,0.2926291255670704
20723,0.5467857142857143,0,5,0,452651,152959,44677,63279,1.4168642780392011,0.29263589193388767
20724,0.5468095238095237,1,1,1,452652,152958,44678,63278,1.4168550150061137,0.2926339739913798
20725,0.5468333333333333,1,4,1,452656,152954,44679,63277,1.4168179628737634,0.2926361160055681
20726,0.5468333333333334,2,12,2,452668,152942,44681,63275,1.4167068064767128,0.29264581415892366
20727,0.5468571428571428,0,2,0,452670,152940,44681,63275,1.4166882804105376,0.29264852114793144
20728,0.5469047619047618,0,1,0,452671,152939,44681,63275,1.4166790173774502,0.2926498746612153
20729,0.5469047619047619,1,3,1,452674,152936,44682,63274,1.4166512282781873,0.29265066370658155
20730,0.5469166666666667,0,1,0,452675,152935,44682,63274,1.4166419652450999,0.2926520172610761
20731,0.546952380952381,0,2,0,452677,152933,44682,63274,1.4166234391789247,0.29265472440762785
20732,0.5469523809523811,1,0,1,452677,152933,44683,63273,1.4166234391789247,0.2926514527811439
20733,0.5469642857142857,0,1,0,452678,152932,44683,63273,1.4166141761458373,0.29265280636433016
20734,0.5469920634920634,1,0,1,452678,152932,44684,63272,1.4166141761458373,0.29264953469871047
20735,0.5469999999999999,0,3,0,452681,152929,44684,63272,1.4165863870465745,0.2926535954967831
20736,0.547,6,43,6,452724,152886,44690,63266,1.4161880766238097,0.29269217957733445
20737,0.5470238095238096,1,1,1,452725,152885,44691,63265,1.416178813590722,0.29269026139255144
20738,0.5470555555555555,0,1,0,452726,152884,44691,63265,1.4161695505576346,0.2926916155059704
20739,0.5470833333333333,0,1,0,452727,152883,44691,63265,1.4161602875245471,0.2926929696319189
20740,0.5470833333333334,0,1,0,452728,152882,44691,63265,1.4161510244914595,0.292694323770397
20741,0.5470952380952382,0,1,0,452729,152881,44691,63265,1.416141761458372,0.292695677921405
20742,0.5471309523809523,0,1,0,452730,152880,44691,63265,1.4161324984252843,0.29269703208494297
20743,0.547142857142857,0,1,0,452731,152879,44691,63265,1.4161232353921969,0.2926983862610112
20744,0.5471428571428572,2,7,2,452738,152872,44693,63263,1.416058394160584,0.29270132093367573
20745,0.5471666666666666,0,5,0,452743,152867,44693,63263,1.4160120789951463,0.29270809235182527
20746,0.5471666666666667,0,6,0,452749,152861,44693,63263,1.4159565007966208,0.29271621846717627
20747,0.5472023809523809,0,1,0,452750,152860,44693,63263,1.4159472377635334,0.29271757286360084
20748,0.5472222222222222,1,0,1,452750,152860,44694,63262,1.4159472377635334,0.2927143002563367
20749,0.5472380952380953,0,1,0,452751,152859,44694,63262,1.4159379747304457,0.2927156546564193
20750,0.5472500000000001,0,1,0,452752,152858,44694,63262,1.4159287116973582,0.2927170090690357
20751,0.5472539682539683,0,1,0,452753,152857,44694,63262,1.4159194486642706,0.29271836349418606
20752,0.5472857142857143,1,3,1,452756,152854,44695,63261,1.415891659565008,0.2927191541540384
20753,0.5473333333333332,3,18,3,452774,152836,44698,63258,1.415724924969432,0.29273371773394913
20754,0.5473333333333333,9,24,9,452798,152812,44707,63249,1.4155026121753307,0.29273677341121257
20755,0.5473333333333334,0,1,0,452799,152811,44707,63249,1.4154933491422432,0.2927381282976951
20756,0.5473809523809523,0,2,0,452801,152809,44707,63249,1.415474823076068,0.2927408381082857
20757,0.5473809523809524,0,7,0,452808,152802,44707,63249,1.4154099818444552,0.29275032284044045
20758,0.5473888888888888,1,1,1,452809,152801,44708,63248,1.4154007188113675,0.2927484042971733
20759,0.5474285714285715,1,0,1,452809,152801,44709,63247,1.4154007188113675,0.2927451307116937
20760,0.5474523809523809,0,1,0,452810,152800,44709,63247,1.41539145577828,0.29274648571838535
20761,0.5474999999999999,0,11,0,452821,152789,44709,63247,1.415289562414317,0.2927613916199152
20762,0.5475,63,262,63,453083,152527,44772,63184,1.4128626477453778,0.292910421814372
20763,0.5475000000000001,1,7,1,453090,152520,44773,63183,1.412797806513765,0.2929166492816512
20764,0.5475324675324675,0,1,0,453091,152519,44773,63183,1.4127885434806773,0.2929180072507441
20765,0.5475757575757576,0,1,0,453092,152518,44773,63183,1.4127792804475898,0.29291936523242823
20766,0.5475952380952382,0,1,0,453093,152517,44773,63183,1.4127700174145021,0.29292072322670376
20767,0.5476190476190477,0,1,0,453094,152516,44773,63183,1.4127607543814147,0.29292208123357083
20768,0.5476428571428571,0,1,0,453095,152515,44773,63183,1.412751491348327,0.2929234392530297
20769,0.5476428571428572,0,1,0,453096,152514,44773,63183,1.4127422283152395,0.2929247972850805
20770,0.5476666666666666,6,26,6,453122,152488,44779,63177,1.4125013894549632,0.29294044003431247
20771,0.5476666666666667,0,5,0,453127,152483,44779,63177,1.4124550742895254,0.29294723175368637
20772,0.5476756021756022,0,1,0,453128,152482,44779,63177,1.4124458112564378,0.29294859013535257
20773,0.5476904761904762,0,2,0,453130,152480,44779,63177,1.4124272851902626,0.2929513069364778
20774,0.5477142857142857,0,1,0,453131,152479,44779,63177,1.4124180221571752,0.2929526653559372
20775,0.5477380952380952,0,1,0,453132,152478,44779,63177,1.4124087591240877,0.29295402378799473
20776,0.54775,0,2,0,453134,152476,44779,63177,1.4123902330579126,0.2929567406899046
20777,0.5477619047619047,0,1,0,453135,152475,44779,63177,1.4123809700248249,0.2929580991597574
20778,0.5477619047619048,0,1,0,453136,152474,44779,63177,1.4123717069917374,0.29295945764220893
20779,0.5477777777777778,0,2,0,453138,152472,44779,63177,1.4123531809255623,0.2929621746449091
20780,0.5477857142857143,1,0,1,453138,152472,44780,63176,1.4123531809255623,0.29295889597863184
20781,0.5478095238095237,1,0,1,453138,152472,44781,63175,1.4123531809255623,0.2929556172819469
20782,0.5478174603174604,0,1,0,453139,152471,44781,63175,1.4123439178924748,0.2929569757843874
20783,0.5478333333333333,1,4,1,453143,152467,44782,63174,1.4123068657601245,0.2929591311485293
20784,0.5478333333333334,3,2,3,453145,152465,44785,63171,1.4122883396939494,0.2929520117234599
20785,0.5478333333333335,0,2,0,453147,152463,44785,63171,1.4122698136277743,0.29295472884610035
20786,0.5478571428571428,0,4,0,453151,152459,44785,63171,1.412232761495424,0.2929601632425915
20787,0.5478571428571429,1,2,1,453153,152457,44786,63170,1.4122142354292488,0.2929596015341307
20788,0.5478809523809524,0,1,0,453154,152456,44786,63170,1.4122049723961614,0.2929609601810542
20789,0.5478809523809526,1,0,1,453154,152456,44787,63169,1.4122049723961614,0.2929576811594203
20790,0.5478869047619048,0,1,0,453155,152455,44787,63169,1.412195709363074,0.2929590398100397
20791,0.5479166666666667,1,0,1,453155,152455,44788,63168,1.412195709363074,0.2929557607490852
20792,0.5479285714285714,0,2,0,453157,152453,44788,63168,1.4121771832968988,0.29295847807031783
20793,0.5479572094572095,0,1,0,453158,152452,44788,63168,1.412167920263811,0.29295983674983767
20794,0.5479642857142857,0,1,0,453159,152451,44788,63168,1.4121586572307236,0.29296119544196014
20795,0.5479761904761904,0,1,0,453160,152450,44788,63168,1.412149394197636,0.2929625541466853
20796,0.5479761904761905,0,3,0,453163,152447,44788,63168,1.4121216050983734,0.29296663033647935
20797,0.5479779942279942,0,2,0,453165,152445,44788,63168,1.4121030790321982,0.29296934785935913
20798,0.5479999999999999,13,68,13,453233,152377,44801,63155,1.4114731927822446,0.29301913404970026
20799,0.548,1,4,1,453237,152373,44802,63154,1.4114361406498943,0.29302129199589844
20800,0.5480000000000002,2,2,2,453239,152371,44804,63152,1.4114176145837194,0.2930174505737207
20801,0.548047619047619,0,1,0,453240,152370,44804,63152,1.4114083515506317,0.293018810144672
20802,0.548063492063492,1,3,1,453243,152367,44805,63151,1.4113805624513691,0.2930196085709778
20803,0.5480634920634921,1,0,1,453243,152367,44806,63150,1.4113805624513691,0.29301632817828754
20804,0.5481190476190476,1,0,1,453243,152367,44807,63149,1.4113805624513691,0.2930130477551551
20805,0.5481547619047619,1,0,1,453243,152367,44808,63148,1.4113805624513691,0.29300976730157996
20806,0.5481666666666666,0,9,0,453252,152358,44808,63148,1.411297195153581,0.2930220040277301
20807,0.5481666666666667,0,8,0,453260,152350,44808,63148,1.4112230908888808,0.29303288197570276
20808,0.5481904761904761,0,1,0,453261,152349,44808,63148,1.411213827855793,0.2930342417759876
20809,0.5481944444444444,0,1,0,453262,152348,44808,63148,1.4112045648227056,0.2930356015888926
20810,0.5482142857142857,0,1,0,453263,152347,44808,63148,1.411195301789618,0.293036961414418
20811,0.5482142857142858,1,0,1,453263,152347,44809,63147,1.411195301789618,0.2930336807521323
20812,0.5482380952380952,0,1,0,453264,152346,44809,63147,1.4111860387565305,0.2930350405813646
20813,0.5482499999999999,0,1,0,453265,152345,44809,63147,1.4111767757234428,0.29303640042321755
20814,0.54825,1,0,1,453265,152345,44810,63146,1.4111767757234428,0.2930331197126562
20815,0.5482676767676767,0,1,0,453266,152344,44810,63146,1.4111675126903553,0.29303447955821615
20816,0.5482857142857143,0,1,0,453267,152343,44810,63146,1.4111582496572679,0.2930358394163971
20817,0.5483333333333333,57,307,57,453574,152036,44867,63089,1.4083144984993887,0.293266705403835
20818,0.5483571428571428,1,0,1,453574,152036,44868,63088,1.4083144984993887,0.2932634201669735
20819,0.5483611111111112,0,1,0,453575,152035,44868,63088,1.408305235466301,0.2932647834029834
20820,0.5483809523809523,0,2,0,453577,152033,44868,63088,1.408286709400126,0.2932675099130257
20821,0.548420634920635,0,2,0,453579,152031,44868,63088,1.4082681833339508,0.2932702364737657
20822,0.5484523809523809,0,3,0,453582,152028,44868,63088,1.4082403942346882,0.29327432640993695
20823,0.548452380952381,1,0,1,453582,152028,44869,63087,1.4082403942346882,0.293271041071055
20824,0.5484761904761905,0,1,0,453583,152027,44869,63087,1.4082311312016007,0.2932724043995277
20825,0.5485,8,33,8,453616,151994,44877,63079,1.4079254511097115,0.2932911151097534
20826,0.5485714285714285,1,3,1,453619,151991,44878,63078,1.4078976620104486,0.29329192026744905
20827,0.5485714285714286,2,3,2,453622,151988,44880,63076,1.407869872911186,0.2932894394226835
20828,0.5486111111111112,0,1,0,453623,151987,44880,63076,1.4078606098780986,0.2932908031600043
20829,0.5486190476190477,1,1,1,453624,151986,44881,63075,1.407851346845011,0.2932888808291601
20830,0.5486428571428571,0,4,0,453628,151982,44881,63075,1.4078142947126606,0.2932943359202444
20831,0.5486666666666666,6,21,6,453649,151961,44887,63069,1.407619771017822,0.2933032600102311
20832,0.5486666666666667,1,2,1,453651,151959,44888,63068,1.407601244951647,0.2933027015212043
20833,0.5486904761904762,0,2,0,453653,151957,44888,63068,1.407582718885472,0.29330542960120914
20834,0.54875,2,2,2,453655,151955,44890,63066,1.4075641928192968,0.29330158449639804
20835,0.5487857142857142,0,1,0,453656,151954,44890,63066,1.407554929786209,0.2933029485629244
20836,0.5488095238095237,1,1,1,453657,151953,44891,63065,1.4075456667531216,0.29330102596061725
20837,0.5488095238095239,0,2,0,453659,151951,44891,63065,1.4075271406869465,0.2933037541392268
20838,0.5488333333333333,0,9,0,453668,151942,44891,63065,1.4074437733891585,0.2933160315710651
20839,0.5488333333333334,0,1,0,453669,151941,44891,63065,1.407434510356071,0.2933173957936058
20840,0.5488441558441558,1,0,1,453669,151941,44892,63064,1.407434510356071,0.2933141089742099
20841,0.5488571428571428,1,1,1,453670,151940,44893,63063,1.4074252473229834,0.29331218634158596
20842,0.5488809523809524,1,0,1,453670,151940,44894,63062,1.4074252473229834,0.2933088994520981
20843,0.5488888888888889,1,6,1,453676,151934,44895,63061,1.4073696691244582,0.2933137979953022
20844,0.5489166666666666,1,1,1,453677,151933,44896,63060,1.4073604060913705,0.2933118752703576
20845,0.5489285714285714,0,5,0,453682,151928,44896,63060,1.4073140909259327,0.293318696857499
20846,0.548952380952381,0,2,0,453684,151926,44896,63060,1.4072955648597576,0.2933214255812006
20847,0.5489523809523811,0,1,0,453685,151925,44896,63060,1.4072863018266701,0.2933227899620904
20848,0.5489761904761905,1,1,1,453686,151924,44897,63059,1.4072770387935827,0.29332086723136247
20849,0.548984126984127,0,1,0,453687,151923,44897,63059,1.407267775760495,0.2933222316286945
20850,0.5489999999999999,15,42,15,453729,151881,44912,63044,1.4068787283708177,0.2933302314760963
20851,0.549,2,2,2,453731,151879,44914,63042,1.4068602023046426,0.2933263850438068
20852,0.5490151515151516,0,1,0,453732,151878,44914,63042,1.4068509392715551,0.29332774986041316
20853,0.5490436507936508,1,0,1,453732,151878,44915,63041,1.4068509392715551,0.29332446177397065
20854,0.549047619047619,3,8,3,453740,151870,44918,63038,1.4067768350068546,0.29332551603476836
20855,0.5490714285714285,0,1,0,453741,151869,44918,63038,1.4067675719737671,0.2933268809298906
20856,0.5490833333333334,1,0,1,453741,151869,44919,63037,1.4067675719737671,0.2933235926405033
20857,0.5491428571428574,0,1,0,453742,151868,44919,63037,1.4067583089406794,0.2933249575393779
20858,0.5491666666666666,1,3,1,453745,151865,44920,63036,1.4067305198414168,0.29332576395642646
20859,0.5491666666666667,18,99,18,453844,151766,44938,63018,1.405813479565749,0.2934017431466031
20860,0.5492857142857143,1,7,1,453851,151759,44939,63017,1.4057486383341362,0.2934080157931985
20861,0.5493095238095238,1,0,1,453851,151759,44940,63016,1.4057486383341362,0.29340472587591665
20862,0.5493214285714285,0,2,0,453853,151757,44940,63016,1.405730112267961,0.29340745810693153
20863,0.5493333333333333,8,44,8,453897,151713,44948,63008,1.4053225388121087,0.29344125632797907
20864,0.5493333333333335,0,1,0,453898,151712,44948,63008,1.405313275779021,0.2934426229508197
20865,0.5493571428571429,0,1,0,453899,151711,44948,63008,1.4053040127459335,0.2934439895863897
20866,0.5493809523809524,0,2,0,453901,151709,44948,63008,1.4052854866797584,0.29344672289571855
20867,0.5494285714285714,0,1,0,453902,151708,44948,63008,1.405276223646671,0.2934480895694778
20868,0.5494444444444444,0,1,0,453903,151707,44948,63008,1.4052669606135832,0.2934494562559672
20869,0.5494444444444446,0,1,0,453904,151706,44948,63008,1.4052576975804958,0.2934508229551869
20870,0.5494523809523809,0,1,0,453905,151705,44948,63008,1.405248434547408,0.29345218966713704
20871,0.5494761904761905,0,1,0,453906,151704,44948,63008,1.4052391715143207,0.29345355639181786
20872,0.5495,1,16,1,453922,151688,44949,63007,1.4050909629849198,0.2934721348890286
20873,0.5495238095238095,0,3,0,453925,151685,44949,63007,1.4050631738856572,0.2934762357237345
20874,0.5495476190476191,0,1,0,453926,151684,44949,63007,1.4050539108525695,0.29347760269410456
20875,0.5495833333333333,0,1,0,453927,151683,44949,63007,1.405044647819482,0.293478969677209
20876,0.549595238095238,0,2,0,453929,151681,44949,63007,1.4050261217533069,0.2934817036816217
20877,0.5495952380952381,0,1,0,453930,151680,44949,63007,1.4050168587202194,0.29348307070293034
20878,0.5496309523809524,0,1,0,453931,151679,44949,63007,1.4050075956871317,0.293484437736974
20879,0.5496428571428571,2,3,2,453934,151676,44951,63005,1.4049798065878691,0.29348195695007945
20880,0.5496666666666665,0,1,0,453935,151675,44951,63005,1.4049705435547817,0.2934833240171418
20881,0.5496666666666666,5,23,5,453958,151652,44956,63000,1.404757493793768,0.29349831354937295
20882,0.5496666666666667,0,1,0,453959,151651,44956,63000,1.4047482307606802,0.29349968087733114
20883,0.5496785714285712,1,1,1,453960,151650,44957,62999,1.4047389677275928,0.2934977568029667
20884,0.549702380952381,0,1,0,453961,151649,44957,62999,1.404729704694505,0.2934991241474414
20885,0.5497142857142857,0,4,0,453965,151645,44957,62999,1.404692652562155,0.29350459365274595
20886,0.5498095238095237,1,0,1,453965,151645,44958,62998,1.404692652562155,0.2935013021621949
20887,0.5498333333333333,0,7,0,453972,151638,44958,62998,1.4046278113305422,0.2935108742242681
20888,0.5498333333333334,1,10,1,453982,151628,44959,62997,1.4045351809996665,0.29352125800815376
20889,0.549873015873016,0,5,0,453987,151623,44959,62997,1.4044888658342287,0.29352809616997483
20890,0.5498809523809522,0,1,0,453988,151622,44959,62997,1.4044796028011413,0.29352946384057327
20891,0.5498888888888889,0,1,0,453989,151621,44959,62997,1.4044703397680536,0.2935308315239169
20892,0.5499126984126983,0,1,0,453990,151620,44959,62997,1.4044610767349661,0.2935321992200059
20893,0.549952380952381,0,1,0,453991,151619,44959,62997,1.4044518137018784,0.29353356692884036
20894,0.5499722222222223,0,1,0,453992,151618,44959,62997,1.404442550668791,0.2935349346504205
20895,0.5499761904761905,1,2,1,453994,151616,44960,62996,1.4044240246026158,0.29353437831994483
20896,0.5499999999999999,8,26,8,454020,151590,44968,62988,1.4041831857423395,0.29354360652070577
20897,0.55,550,2491,550,456511,149099,45518,62438,1.381108970321242,0.29516349385686663
20898,0.5500238095238095,0,2,0,456513,149097,45518,62438,1.3810904442550669,0.2951662845392016
20899,0.5500238095238096,2,1,2,456514,149096,45520,62436,1.3810811812219794,0.29516101582739257
20900,0.5500277777777778,0,1,0,456515,149095,45520,62436,1.3810719181888917,0.29516241118323083
20901,0.5500476190476191,0,1,0,456516,149094,45520,62436,1.3810626551558043,0.2951638065522621
20902,0.5500714285714285,3,3,3,456519,149091,45523,62433,1.3810348660565415,0.295157996255744
20903,0.5500952380952381,0,1,0,456520,149090,45523,62433,1.381025603023454,0.2951593916500806
20904,0.5500952380952382,0,2,0,456522,149088,45523,62433,1.3810070769572789,0.2951621824783355
20905,0.5501071428571429,0,2,0,456524,149086,45523,62433,1.3809885508911037,0.29516497335936726
20906,0.5501111111111111,0,1,0,456525,149085,45523,62433,1.3809792878580163,0.2951663688196749
20907,0.5501190476190476,2,4,2,456529,149081,45525,62431,1.380942235725666,0.29516528613033777
20908,0.5501666666666667,4,14,4,456543,149067,45529,62427,1.3808125532624402,0.29517149422678657
20909,0.550190476190476,0,3,0,456546,149064,45529,62427,1.3807847641631776,0.2951756812346625
20910,0.5502222222222222,0,1,0,456547,149063,45529,62427,1.38077550113009,0.29517707693035133
20911,0.5502380952380952,0,3,0,456550,149060,45529,62427,1.3807477120308274,0.29518126409661116
20912,0.5502380952380953,0,1,0,456551,149059,45529,62427,1.38073844899774,0.2951826598450961
20913,0.55025,0,2,0,456553,149057,45529,62427,1.3807199229315648,0.2951854513816648
20914,0.5502857142857143,0,2,0,456555,149055,45529,62427,1.3807013968653896,0.295188242971033
20915,0.5503333333333332,0,2,0,456557,149053,45529,62427,1.3806828707992145,0.2951910346132022
20916,0.5503333333333333,6,16,6,456573,149037,45535,62421,1.3805346622698136,0.2951933717333939
20917,0.5503571428571429,0,3,0,456576,149034,45535,62421,1.380506873170551,0.2951975597644889
20918,0.550357142857143,0,2,0,456578,149032,45535,62421,1.3804883471043758,0.29520035185123883
20919,0.5503809523809524,1,1,1,456579,149031,45536,62420,1.3804790840712884,0.29519841476275827
20920,0.5504166666666667,0,2,0,456581,149029,45536,62420,1.3804605580051132,0.2952012069104134
20921,0.5504285714285715,0,1,0,456582,149028,45536,62420,1.3804512949720256,0.29520260300404827
20922,0.5504444444444444,0,1,0,456583,149027,45536,62420,1.380442031938938,0.2952039991108883
20923,0.5504761904761906,1,1,1,456584,149026,45537,62419,1.3804327689058504,0.29520206200193905
20924,0.5504999999999999,0,3,0,456587,149023,45537,62419,1.3804049798065878,0.2952062504138251
20925,0.5505,1,22,1,456609,149001,45538,62418,1.3802011930786617,0.2952336355767457
20926,0.5505555555555556,0,1,0,456610,149000,45538,62418,1.380191930045574,0.29523503202187135
20927,0.5505714285714286,0,1,0,456611,148999,45538,62418,1.3801826670124866,0.29523642848020737
20928,0.550595238095238,0,4,0,456615,148995,45538,62418,1.3801456148801363,0.2952420144456585
20929,0.5506190476190477,0,3,0,456618,148992,45538,62418,1.3801178257808737,0.2952462040584646
20930,0.5506666666666666,5,29,5,456647,148963,45543,62413,1.3798491978213345,0.2952700401180834
20931,0.5506666666666667,2,18,2,456665,148945,45545,62411,1.3796824632257587,0.29528851795075606
20932,0.5506904761904763,1,9,1,456674,148936,45546,62410,1.3795990959279707,0.2952977581785319
20933,0.5507142857142856,0,1,0,456675,148935,45546,62410,1.379589832894883,0.2952991554094017
20934,0.5507142857142857,0,4,0,456679,148931,45546,62410,1.379552780762533,0.29530474446510613
20935,0.5507500000000001,0,2,0,456681,148929,45546,62410,1.3795342546963578,0.2953075390722962
20936,0.5508333333333332,1,1,1,456682,148928,45547,62409,1.3795249916632701,0.29530560195327843
20937,0.5508333333333333,6,45,6,456727,148883,45553,62403,1.3791081551743303,0.2953484849919067
20938,0.5508333333333334,10,64,10,456791,148819,45563,62393,1.378515321056727,0.2954046171619037
20939,0.5508571428571428,0,1,0,456792,148818,45563,62393,1.3785060580236392,0.2954060157851627
20940,0.5508571428571429,0,1,0,456793,148817,45563,62393,1.3784967949905518,0.2954074144216656
20941,0.5508928571428573,3,1,3,456794,148816,45566,62390,1.378487531957464,0.2953988049581925
20942,0.5509166666666666,0,1,0,456795,148815,45566,62390,1.3784782689243766,0.2954002035936649
20943,0.5509444444444443,1,0,1,456795,148815,45567,62389,1.3784782689243766,0.2953968674835704
20944,0.5509444444444445,0,1,0,456796,148814,45567,62389,1.378469005891289,0.29539826612311376
20945,0.550952380952381,0,1,0,456797,148813,45567,62389,1.3784597428582015,0.29539966477590174
20946,0.5509761904761905,0,1,0,456798,148812,45567,62389,1.378450479825114,0.29540106344193445
20947,0.5509999999999999,0,3,0,456801,148809,45567,62389,1.3784226907258512,0.295405259519503
20948,0.551,9,53,9,456854,148756,45576,62380,1.3779317499722108,0.29544937859957565
20949,0.5510238095238095,0,1,0,456855,148755,45576,62380,1.3779224869391233,0.29545077793828595
20950,0.5510476190476191,0,3,0,456858,148752,45576,62380,1.3778946978398607,0.2954549760339503
20951,0.5510714285714285,0,1,0,456859,148751,45576,62380,1.377885434806773,0.2954563754256836
20952,0.5510833333333334,0,1,0,456860,148750,45576,62380,1.3778761717736856,0.29545777483067304
20953,0.5510952380952381,0,2,0,456862,148748,45576,62380,1.3778576457075105,0.29546057368042133
20954,0.5511666666666666,1,4,1,456866,148744,45577,62379,1.3778205935751602,0.2954628344614277
20955,0.5511666666666667,0,11,0,456877,148733,45577,62379,1.3777187002111972,0.2954782295653492
20956,0.5511904761904761,0,1,0,456878,148732,45577,62379,1.3777094371781096,0.29547962919980486
20957,0.5511904761904762,1,3,1,456881,148729,45578,62378,1.377681648078847,0.29548049093587614
20958,0.5512023809523808,0,1,0,456882,148728,45578,62378,1.3776723850457593,0.29548189061419383
20959,0.5512222222222222,0,1,0,456883,148727,45578,62378,1.3776631220126718,0.29548329030577203
20960,0.5512380952380952,0,2,0,456885,148725,45578,62378,1.3776445959464967,0.29548608972871065
20961,0.55125,0,4,0,456889,148721,45578,62378,1.3776075438141464,0.2954916887337221
20962,0.551261904761905,0,4,0,456893,148717,45578,62378,1.3775704916817963,0.29549728795092256
20963,0.5512738095238094,0,2,0,456895,148715,45578,62378,1.3775519656156212,0.29550008763909746
20964,0.5512857142857143,0,1,0,456896,148714,45578,62378,1.3775427025825335,0.29550148750307925
20965,0.5513095238095238,0,1,0,456897,148713,45578,62378,1.377533439549446,0.29550288738032415
20966,0.5513214285714286,0,1,0,456898,148712,45578,62378,1.3775241765163586,0.29550428727083233
20967,0.5513333333333332,6,16,6,456914,148696,45584,62372,1.3773759679869577,0.2955066613603199
20968,0.5513333333333333,4,24,4,456938,148672,45588,62368,1.3771536551928563,0.29552691432903716
20969,0.5513333333333335,1,3,1,456941,148669,45589,62367,1.3771258660935937,0.29552777725127466
20970,0.5513571428571429,0,1,0,456942,148668,45589,62367,1.3771166030605062,0.29552917762456465
20971,0.5513809523809523,0,2,0,456944,148666,45589,62367,1.377098076994331,0.2955319784109594
20972,0.5513888888888889,0,1,0,456945,148665,45589,62367,1.3770888139612434,0.2955333788240646
20973,0.5514166666666666,0,1,0,456946,148664,45589,62367,1.377079550928156,0.29553477925044186
20974,0.5514285714285714,1,3,1,456949,148661,45590,62366,1.3770517618288933,0.2955356423585608
20975,0.5514285714285715,0,1,0,456950,148660,45590,62366,1.3770424987958056,0.29553704282884574
20976,0.5514523809523809,0,3,0,456953,148657,45590,62366,1.377014709696543,0.2955412443193396
20977,0.551452380952381,0,1,0,456954,148656,45590,62366,1.3770054466634556,0.2955426448427178
20978,0.5514761904761906,1,0,1,456954,148656,45591,62365,1.3770054466634556,0.2955393065145175
20979,0.5514999999999999,0,1,0,456955,148655,45591,62365,1.376996183630368,0.29554070704198654
20980,0.5515,4,28,4,456983,148627,45595,62361,1.3767368187039164,0.29556657250649326
20981,0.5515000000000001,0,1,0,456984,148626,45595,62361,1.376727555670829,0.2955679733822463
20982,0.5515277777777778,1,0,1,456984,148626,45596,62360,1.376727555670829,0.2955646346203066
20983,0.5515396825396826,1,1,1,456985,148625,45597,62359,1.3767182926377413,0.2955626966973799
20984,0.551547619047619,0,1,0,456986,148624,45597,62359,1.3767090296046538,0.29556409758132174
20985,0.5515714285714285,0,1,0,456987,148623,45597,62359,1.3766997665715661,0.2955654984785432
20986,0.5516666666666665,0,4,0,456991,148619,45597,62359,1.376662714439216,0.2955711022002294
20987,0.5516666666666666,48,215,48,457206,148404,45645,62311,1.3746711623253918,0.295712217924685
20988,0.5516666666666667,29,130,29,457336,148274,45674,62282,1.3734669680240097,0.29579779251125593
20989,0.5516904761904762,0,1,0,457337,148273,45674,62282,1.3734577049909222,0.2957991973593598
20990,0.5516904761904763,0,1,0,457338,148272,45674,62282,1.3734484419578348,0.29580060222080795
20991,0.5517142857142856,0,1,0,457339,148271,45674,62282,1.373439178924747,0.2958020070956006
20992,0.5517222222222222,1,0,1,457339,148271,45675,62281,1.373439178924747,0.2957986625631673
20993,0.5517380952380952,0,3,0,457342,148268,45675,62281,1.3734113898254845,0.2958028772399774
20994,0.5517619047619047,0,2,0,457344,148266,45675,62281,1.3733928637593094,0.2958056870912433
20995,0.5517619047619048,0,1,0,457345,148265,45675,62281,1.373383600726222,0.29580709203689454
20996,0.5517777777777777,2,1,2,457346,148264,45677,62279,1.3733743376931342,0.29580180770673925
20997,0.5518333333333333,3,8,3,457354,148256,45680,62276,1.3733002334284339,0.2958030133186404
20998,0.5518333333333334,2,7,2,457361,148249,45682,62274,1.373235392196821,0.2958061589470034
20999,0.5518571428571428,0,1,0,457362,148248,45682,62274,1.3732261291637333,0.29580756405506314
21000,0.5518625541125542,0,1,0,457363,148247,45682,62274,1.3732168661306459,0.2958089691764717
21001,0.5518888888888889,0,1,0,457364,148246,45682,62274,1.3732076030975582,0.29581037431122936
21002,0.5519047619047619,1,1,1,457365,148245,45683,62273,1.3731983400644707,0.29580843443316013
21003,0.551904761904762,1,1,1,457366,148244,45684,62272,1.3731890770313833,0.2958064945182314
21004,0.5519444444444445,0,2,0,457368,148242,45684,62272,1.3731705509652081,0.2958093048443334
21005,0.5519761904761905,0,1,0,457369,148241,45684,62272,1.3731612879321204,0.2958107100274092
21006,0.5519841269841269,0,1,0,457370,148240,45684,62272,1.373152024899033,0.2958121152238352
21007,0.5519999999999999,1,8,1,457378,148232,45685,62271,1.3730779206343324,0.29582001206633635
21008,0.552,10,39,10,457417,148193,45695,62261,1.372716662343918,0.29584137151111406
21009,0.5520227272727274,0,1,0,457418,148192,45695,62261,1.3727073993108303,0.29584277724717634
21010,0.5520238095238095,1,0,1,457418,148192,45696,62260,1.3727073993108303,0.2958394313192557
21011,0.5520476190476189,0,1,0,457419,148191,45696,62260,1.3726981362777428,0.295840837059458
21012,0.5520833333333334,0,2,0,457421,148189,45696,62260,1.3726796102115677,0.295843648579941
21013,0.5520952380952381,0,1,0,457422,148188,45696,62260,1.37267034717848,0.295845054360222
21014,0.5521111111111111,0,2,0,457424,148186,45696,62260,1.372651821112305,0.29584786596086404
21015,0.552142857142857,0,1,0,457425,148185,45696,62260,1.3726425580792174,0.2958492717812255
21016,0.5521428571428572,1,12,1,457437,148173,45697,62259,1.3725314016821668,0.2958627965328467
21017,0.5521666666666666,2,4,2,457441,148169,45699,62257,1.3724943495498165,0.2958617281134461
21018,0.5521666666666667,3,10,3,457451,148159,45702,62254,1.372401719218941,0.29586574973979746
21019,0.5521666666666668,0,2,0,457453,148157,45702,62254,1.372383193152766,0.29586856200483813
21020,0.5522047397047395,0,1,0,457454,148156,45702,62254,1.3723739301196785,0.29586996815740696
21021,0.5522142857142857,0,1,0,457455,148155,45702,62254,1.3723646670865908,0.2958713743233417
21022,0.5522222222222222,0,1,0,457456,148154,45702,62254,1.3723554040535033,0.2958727805026425
21023,0.5522380952380952,0,2,0,457458,148152,45702,62254,1.3723368779873282,0.29587559290134313
21024,0.5522460317460317,0,2,0,457460,148150,45702,62254,1.372318351921153,0.2958784053535104
21025,0.55225,0,1,0,457461,148149,45702,62254,1.3723090888880656,0.2958798115996445
21026,0.5522619047619047,0,2,0,457463,148147,45702,62254,1.3722905628218904,0.2958826241320146
21027,0.5522673992673992,0,2,0,457465,148145,45702,62254,1.3722720367557153,0.2958854367178551
21028,0.5522727272727272,0,1,0,457466,148144,45702,62254,1.3722627737226278,0.2958868430308273
21029,0.5522738095238097,0,1,0,457467,148143,45702,62254,1.3722535106895402,0.2958882493571676
21030,0.5523333333333332,1,1,1,457468,148142,45703,62253,1.3722442476564527,0.29588630908529195
21031,0.5523333333333333,4,24,4,457492,148118,45707,62249,1.3720219348623512,0.2959066773781059
21032,0.5523809523809523,0,2,0,457494,148116,45707,62249,1.3720034087961763,0.29590949064720845
21033,0.5523809523809524,0,8,0,457502,148108,45707,62249,1.3719293045314758,0.29592074425856996
21034,0.5524166666666666,0,1,0,457503,148107,45707,62249,1.3719200414983883,0.29592215102017533
21035,0.5524166666666667,0,1,0,457504,148106,45707,62249,1.3719107784653006,0.29592355779515583
21036,0.5524166666666668,0,1,0,457505,148105,45707,62249,1.3719015154322132,0.2959249645835116
21037,0.5524285714285715,1,0,1,457505,148105,45708,62248,1.3719015154322132,0.29592161747158346
21038,0.5524642857142857,1,2,1,457507,148103,45709,62247,1.371882989366038,0.2959210839077728
21039,0.5524761904761905,0,1,0,457508,148102,45709,62247,1.3718737263329506,0.2959224907178071
21040,0.5524871794871795,0,2,0,457510,148100,45709,62247,1.3718552002667754,0.29592530437800396
21041,0.5524999999999999,2,10,2,457520,148090,45711,62245,1.3717625699358997,0.2959326788218794
21042,0.5525,56,228,56,457748,147862,45767,62189,1.3696505983919374,0.2960661934482578
21043,0.5525000000000001,3,7,3,457755,147855,45770,62186,1.3695857571603245,0.29606600616070194
21044,0.5525010822510823,1,1,1,457756,147854,45771,62185,1.369576494127237,0.2960640642928218
21045,0.5525357142857144,1,0,1,457756,147854,45772,62184,1.369576494127237,0.29606071282339386
21046,0.5525714285714285,0,2,0,457758,147852,45772,62184,1.369557968061062,0.2960635319659487
21047,0.5525865800865801,0,1,0,457759,147851,45772,62184,1.3695487050279744,0.29606494155735946
21048,0.5526031746031745,0,5,0,457764,147846,45772,62184,1.3695023898625367,0.2960719897157549
21049,0.5526111111111112,0,1,0,457765,147845,45772,62184,1.369493126829449,0.2960733993877036
21050,0.5526190476190476,0,1,0,457766,147844,45772,62184,1.3694838637963616,0.296074809073076
21051,0.5526190476190477,0,3,0,457769,147841,45772,62184,1.3694560746970987,0.2960790382097369
21052,0.5526666666666666,4,31,4,457800,147810,45776,62180,1.3691689206713846,0.2961093385399305
21053,0.5526666666666668,1,17,1,457817,147793,45777,62179,1.3690114491088963,0.2961299601851676
21054,0.5526904761904763,0,3,0,457820,147790,45777,62179,1.3689836600096335,0.29613419123775414
21055,0.5527380952380951,0,2,0,457822,147788,45777,62179,1.3689651339434585,0.29613701200664866
21056,0.5527380952380953,0,1,0,457823,147787,45777,62179,1.3689558709103709,0.29613842241124755
21057,0.5527777777777778,0,3,0,457826,147784,45777,62179,1.3689280818111083,0.2961426537056529
21058,0.5528333333333333,3,7,3,457833,147777,45780,62176,1.3688632405794954,0.2961424699813768
21059,0.5528333333333334,0,8,0,457841,147769,45780,62176,1.3687891363147948,0.29615375455476434
21060,0.5528571428571428,0,5,0,457846,147764,45780,62176,1.368742821149357,0.2961608078498619
21061,0.5528809523809524,0,2,0,457848,147762,45780,62176,1.368724295083182,0.2961636292619726
21062,0.5529166666666666,0,2,0,457850,147760,45780,62176,1.368705769017007,0.29616645072784087
21063,0.5529166666666667,0,3,0,457853,147757,45780,62176,1.3686779799177442,0.2961706830274421
21064,0.5529761904761905,0,2,0,457855,147755,45780,62176,1.368659453851569,0.296173504627711
21065,0.5529999999999999,14,39,14,457894,147716,45794,62162,1.3682981955611546,0.2961815912101316
21066,0.553,0,6,0,457900,147710,45794,62162,1.3682426173626292,0.2961900587024472
21067,0.553047619047619,0,3,0,457903,147707,45794,62162,1.3682148282633666,0.29619429263016456
21068,0.5530476190476191,0,1,0,457904,147706,45794,62162,1.368205565230279,0.2961957039663026
21069,0.5530714285714287,0,1,0,457905,147705,45794,62162,1.3681963021971915,0.29619711531589055
21070,0.5530952380952381,0,1,0,457906,147704,45794,62162,1.368187039164104,0.2961985266789285
21071,0.553142857142857,0,1,0,457907,147703,45794,62162,1.3681777761310163,0.29619993805541656
21072,0.5531666666666666,0,6,0,457913,147697,45794,62162,1.3681221979324911,0.29620840659681025
21073,0.5531666666666667,1,5,1,457918,147692,45795,62161,1.3680758827670532,0.2962121103820293
21074,0.5531904761904761,0,1,0,457919,147691,45795,62161,1.3680666197339657,0.2962135219106799
21075,0.5531904761904762,0,2,0,457921,147689,45795,62161,1.3680480936677906,0.29621634500833927
21076,0.5532142857142857,1,3,1,457924,147686,45796,62160,1.368020304568528,0.2962172259657082
21077,0.5532467532467532,0,1,0,457925,147685,45796,62160,1.3680110415354403,0.2962186375658224
21078,0.5532738095238094,0,2,0,457927,147683,45796,62160,1.3679925154692651,0.29622146080641243
21079,0.5532857142857143,0,2,0,457929,147681,45796,62160,1.3679739894030902,0.2962242841008192
21080,0.5532857142857144,0,2,0,457931,147679,45796,62160,1.367955463336915,0.2962271074490443
21081,0.5532997557997557,1,1,1,457932,147678,45797,62159,1.3679462003038274,0.296225165247311
21082,0.5533095238095238,1,0,1,457932,147678,45798,62158,1.3679462003038274,0.296221811319316
21083,0.5533333333333332,49,208,49,458140,147470,45847,62109,1.3660194894216162,0.29635125656673617
21084,0.5533333333333333,53,284,53,458424,147186,45900,62056,1.3633887880247508,0.2965752573575095
21085,0.5533333333333335,0,1,0,458425,147185,45900,62056,1.3633795249916634,0.2965766747434776
21086,0.5533571428571428,0,2,0,458427,147183,45900,62056,1.3633609989254882,0.2965795095560579
21087,0.553404761904762,0,1,0,458428,147182,45900,62056,1.3633517358924006,0.29658092698267047
21088,0.5534166666666667,0,2,0,458430,147180,45900,62056,1.3633332098262254,0.29658376187654134
21089,0.5534294871794873,0,3,0,458433,147177,45900,62056,1.3633054207269628,0.296588014318965
21090,0.5534523809523809,0,2,0,458435,147175,45900,62056,1.3632868946607877,0.2965908493483279
21091,0.5534563492063493,0,2,0,458437,147173,45900,62056,1.3632683685946125,0.29659368443189044
21092,0.5534761904761905,1,0,1,458437,147173,45901,62055,1.3632683685946125,0.2965903225189745
21093,0.5535,3,25,3,458462,147148,45904,62052,1.3630367927674238,0.29661567877629064
21094,0.5535606060606061,1,1,1,458463,147147,45905,62051,1.3630275297343362,0.296613734356925
21095,0.5535714285714285,0,2,0,458465,147145,45905,62051,1.363009003668161,0.296616570106503
21096,0.5535714285714286,1,1,1,458466,147144,45906,62050,1.3629997406350736,0.2966146256584797
21097,0.5535873015873016,0,1,0,458467,147143,45906,62050,1.3629904776019859,0.2966160435578628
21098,0.5536190476190477,0,1,0,458468,147142,45906,62050,1.3629812145688984,0.2966174614708019
21099,0.5536428571428571,0,1,0,458469,147141,45906,62050,1.362971951535811,0.2966188793972972
21100,0.5536645021645021,0,1,0,458470,147140,45906,62050,1.3629626885027233,0.29662029733734885
21101,0.5536666666666666,3,14,3,458484,147126,45909,62047,1.3628330060394975,0.2966300621973199
21102,0.5536666666666668,1,2,1,458486,147124,45910,62046,1.3628144799733224,0.2966295357842903
21103,0.5536829004329005,1,0,1,458486,147124,45911,62045,1.3628144799733224,0.2966261730944834
21104,0.5536904761904762,1,1,1,458487,147123,45912,62044,1.362805216940235,0.29662422848728526
21105,0.5537142857142857,0,1,0,458488,147122,45912,62044,1.3627959539071473,0.29662564661560675
21106,0.55375,2,5,2,458493,147117,45914,62042,1.3627496387417095,0.2966260117900736
21107,0.5537500000000001,0,1,0,458494,147116,45914,62042,1.362740375708622,0.2966274299811626
21108,0.5537777777777778,0,1,0,458495,147115,45914,62042,1.3627311126755344,0.2966288481858126
21109,0.5538095238095238,0,1,0,458496,147114,45914,62042,1.362721849642447,0.2966302664040238
21110,0.5538095238095239,0,1,0,458497,147113,45914,62042,1.3627125866093595,0.2966316846357964
21111,0.5538333333333333,4,9,4,458506,147104,45918,62038,1.3626292193115714,0.2966309971215729
21112,0.5538333333333334,2,2,2,458508,147102,45920,62036,1.3626106932453963,0.2966271074601459
21113,0.5538492063492062,0,1,0,458509,147101,45920,62036,1.3626014302123086,0.2966285257988783
21114,0.5538571428571428,0,1,0,458510,147100,45920,62036,1.3625921671792212,0.29662994415117433
21115,0.5538809523809524,0,1,0,458511,147099,45920,62036,1.3625829041461337,0.2966313625170344
21116,0.5539047619047619,0,1,0,458512,147098,45920,62036,1.362573641113046,0.2966327808964587
21117,0.553904761904762,1,4,1,458516,147094,45921,62035,1.3625365889806957,0.29663509125946186
21118,0.5539166666666667,1,1,1,458517,147093,45922,62034,1.3625273259476083,0.2966331463656056
21119,0.5539285714285714,1,0,1,458517,147093,45923,62033,1.3625273259476083,0.2966297830016354
21120,0.553952380952381,0,1,0,458518,147092,45923,62033,1.3625180629145208,0.29663120143454874
21121,0.5539523809523811,0,1,0,458519,147091,45923,62033,1.3625087998814331,0.2966326198810275
21122,0.5539761904761905,0,1,0,458520,147090,45923,62033,1.3624995368483457,0.296634038341072
21123,0.5539999999999998,0,1,0,458521,147089,45923,62033,1.362490273815258,0.29663545681468234
21124,0.5539999999999999,24,104,24,458625,146985,45947,62009,1.3615269183741525,0.29670229767361744
21125,0.554,3,3,3,458628,146982,45950,62006,1.3614991292748897,0.2966964610408253
21126,0.5540238095238094,0,1,0,458629,146981,45950,62006,1.3614898662418022,0.2966978807294234
21127,0.5540396825396826,1,0,1,458629,146981,45951,62005,1.3614898662418022,0.2966945154220857
21128,0.554047619047619,0,6,0,458635,146975,45951,62005,1.3614342880432768,0.2967030337831371
21129,0.5540476190476191,0,1,0,458636,146974,45951,62005,1.3614250250101894,0.2967044535575345
21130,0.5541071428571428,0,1,0,458637,146973,45951,62005,1.3614157619771017,0.2967058733455196
21131,0.5541212121212121,0,1,0,458638,146972,45951,62005,1.3614064989440142,0.29670729314709277
21132,0.5541666666666666,1,1,1,458639,146971,45952,62004,1.3613972359109268,0.2967053475296088
21133,0.5541666666666667,23,118,23,458757,146853,45975,61981,1.3603041980065953,0.2967955409559746
21134,0.5542142857142857,0,1,0,458758,146852,45975,61981,1.3602949349735076,0.2967969621659412
21135,0.5542142857142859,0,1,0,458759,146851,45975,61981,1.3602856719404202,0.29679838338951886
21136,0.5542499999999998,0,5,0,458764,146846,45975,61981,1.3602393567749824,0.29680548971157944
21137,0.5542857142857142,1,0,1,458764,146846,45976,61980,1.3602393567749824,0.29680212234108777
21138,0.5542857142857143,4,10,4,458774,146836,45980,61976,1.360146726444107,0.2968028657356857
21139,0.5543095238095238,0,1,0,458775,146835,45980,61976,1.3601374634110193,0.29680428713046725
21140,0.5543268398268398,0,1,0,458776,146834,45980,61976,1.3601282003779318,0.29680570853886307
21141,0.5543333333333333,5,33,5,458809,146801,45985,61971,1.3598225202860426,0.2968357825762075
21142,0.5543452380952382,0,1,0,458810,146800,45985,61971,1.3598132572529549,0.29683720440099437
21143,0.5543939393939394,0,1,0,458811,146799,45985,61971,1.3598039942198674,0.2968386262394022
21144,0.554404761904762,0,1,0,458812,146798,45985,61971,1.3597947311867797,0.2968400480914312
21145,0.5544166666666667,0,1,0,458813,146797,45985,61971,1.3597854681536923,0.29684146995708155
21146,0.5544444444444444,0,3,0,458816,146794,45985,61971,1.3597576790544297,0.2968457356357627
21147,0.5544761904761905,1,2,1,458818,146792,45986,61970,1.3597391529882545,0.29684521129324304
21148,0.5544880952380953,0,1,0,458819,146791,45986,61970,1.3597298899551669,0.2968466332313028
21149,0.5545,5,11,5,458830,146780,45991,61965,1.359627996591204,0.29684543342355507
21150,0.5545000000000001,0,1,0,458831,146779,45991,61965,1.3596187335581162,0.29684685547848083
21151,0.5545198412698413,0,1,0,458832,146778,45991,61965,1.3596094705250288,0.2968482775470315
21152,0.5545238095238095,0,2,0,458834,146776,45991,61965,1.3595909444588536,0.2968511217250085
21153,0.5545714285714286,1,2,1,458836,146774,45992,61964,1.3595724183926785,0.296850597399611
21154,0.5545833333333333,3,3,3,458839,146771,45995,61961,1.359544629293416,0.2968447578713374
21155,0.5546150793650794,1,0,1,458839,146771,45996,61960,1.359544629293416,0.2968413891563783
21156,0.5546428571428571,0,1,0,458840,146770,45996,61960,1.3595353662603282,0.29684281128730894
21157,0.5546428571428572,0,1,0,458841,146769,45996,61960,1.3595261032272408,0.2968442334318662
21158,0.5546626984126983,1,1,1,458842,146768,45997,61959,1.359516840194153,0.2968422868148347
21159,0.5546666666666666,2,33,2,458875,146735,45999,61957,1.3592111601022638,0.2968824871101911
21160,0.5546666666666668,0,2,0,458877,146733,45999,61957,1.3591926340360887,0.29688533231108344
21161,0.5546904761904762,0,1,0,458878,146732,45999,61957,1.3591833710030012,0.29688675493198013
21162,0.5547142857142856,0,1,0,458879,146731,45999,61957,1.3591741079699136,0.29688817756651076
21163,0.5547142857142857,0,1,0,458880,146730,45999,61957,1.359164844936826,0.2968896002146756
21164,0.5547222222222222,0,1,0,458881,146729,45999,61957,1.3591555819037386,0.29689102287647473
21165,0.5547380952380953,0,2,0,458883,146727,45999,61957,1.3591370558375635,0.2968938682409768
21166,0.5548333333333333,3,16,3,458899,146711,46002,61954,1.3589888473081626,0.2969065248124985
21167,0.5548809523809524,0,1,0,458900,146710,46002,61954,1.358979584275075,0.29690794770540196
21168,0.5548928571428572,0,3,0,458903,146707,46002,61954,1.3589517951758123,0.29691221646594235
21169,0.5549047619047619,0,1,0,458904,146706,46002,61954,1.3589425321427249,0.29691363941339977
21170,0.5549126984126984,0,1,0,458905,146705,46002,61954,1.3589332691096372,0.29691506237449616
21171,0.5549264069264069,0,3,0,458908,146702,46002,61954,1.3589054800103746,0.2969193313396212
21172,0.5549285714285714,0,1,0,458909,146701,46002,61954,1.3588962169772871,0.29692075435527543
21173,0.5549523809523809,0,1,0,458910,146700,46002,61954,1.3588869539441994,0.29692217738456966
21174,0.5549523809523811,0,1,0,458911,146699,46002,61954,1.358877690911112,0.29692360042750404
21175,0.5549999999999999,5,22,5,458933,146677,46007,61949,1.3586739041831857,0.2969380614113294
21176,0.555,185,947,185,459880,145730,46192,61764,1.3499018118492718,0.29766643854762065
21177,0.5550000000000002,0,3,0,459883,145727,46192,61764,1.3498740227500092,0.2976707423454511
21178,0.555047619047619,0,3,0,459886,145724,46192,61764,1.3498462336507466,0.29767504626773594
21179,0.555063492063492,1,0,1,459886,145724,46193,61763,1.3498462336507466,0.29767166135709705
21180,0.5550833333333333,0,2,0,459888,145722,46193,61763,1.3498277075845715,0.2976745306889655
21181,0.5550833333333334,0,1,0,459889,145721,46193,61763,1.349818444551484,0.29767596537564345
21182,0.5551428571428572,0,3,0,459892,145718,46193,61763,1.3497906554522212,0.2976802695186547
21183,0.5551515151515152,0,1,0,459893,145717,46193,61763,1.3497813924191338,0.2976817042606516
21184,0.5551666666666667,3,18,3,459911,145699,46196,61760,1.3496146578235577,0.29769737634906174
21185,0.5551666666666668,0,1,0,459912,145698,46196,61760,1.3496053947904703,0.2976988113256659
21186,0.5552142857142858,0,1,0,459913,145697,46196,61760,1.3495961317573826,0.29770024631610403
21187,0.5552380952380952,0,1,0,459914,145696,46196,61760,1.3495868687242951,0.2977016813203764
21188,0.5552380952380953,0,2,0,459916,145694,46196,61760,1.34956834265812,0.2977045513704243
21189,0.55525,0,4,0,459920,145690,46196,61760,1.3495312905257697,0.29771029163653895
21190,0.5552619047619047,0,1,0,459921,145689,46196,61760,1.3495220274926822,0.297711726737656
21191,0.5552857142857142,1,1,1,459922,145688,46197,61759,1.3495127644595946,0.2977097764730268
21192,0.5552857142857143,1,0,1,459922,145688,46198,61758,1.3495127644595946,0.2977063910608062
21193,0.5553095238095238,1,1,1,459923,145687,46199,61757,1.349503501426507,0.29770444071653074
21194,0.5553333333333333,7,19,7,459942,145668,46206,61750,1.3493275037978436,0.2977080099123509
21195,0.5553412698412697,0,2,0,459944,145666,46206,61750,1.3493089777316685,0.2977108805492344
21196,0.5553452380952382,0,1,0,459945,145665,46206,61750,1.349299714698581,0.2977123158884362
21197,0.5553571428571429,0,1,0,459946,145664,46206,61750,1.3492904516654933,0.2977137512414784
21198,0.5553641456582633,0,1,0,459947,145663,46206,61750,1.3492811886324059,0.2977151866083611
21199,0.5553809523809524,0,1,0,459948,145662,46206,61750,1.3492719255993182,0.29771662198908455
21200,0.555404761904762,0,2,0,459950,145660,46206,61750,1.349253399533143,0.2977194927920544
21201,0.5554166666666667,1,3,1,459953,145657,46207,61749,1.3492256104338805,0.29772041310280317
21202,0.5554285714285714,1,2,1,459955,145655,46208,61748,1.3492070843677053,0.2977198979764034
21203,0.5554285714285715,0,1,0,459956,145654,46208,61748,1.3491978213346179,0.29772133344905066
21204,0.5554523809523809,0,1,0,459957,145653,46208,61748,1.3491885583015302,0.29772276893554034
21205,0.555452380952381,0,1,0,459958,145652,46208,61748,1.3491792952684427,0.2977242044358727
21206,0.5554761904761905,0,1,0,459959,145651,46208,61748,1.3491700322353553,0.29772563995004797
21207,0.5554920634920635,0,1,0,459960,145650,46208,61748,1.3491607692022676,0.2977270754780663
21208,0.5554999999999999,0,1,0,459961,145649,46208,61748,1.3491515061691801,0.297728511019928
21209,0.5555,3,25,3,459986,145624,46211,61745,1.3489199303419912,0.297754244848555
21210,0.5555238095238095,0,1,0,459987,145623,46211,61745,1.3489106673089035,0.2977556807221944
21211,0.5555476190476191,0,1,0,459988,145622,46211,61745,1.348901404275816,0.29775711660968235
21212,0.5555555555555556,0,3,0,459991,145619,46211,61745,1.3488736151765535,0.29776142435524006
21213,0.5555714285714285,0,1,0,459992,145618,46211,61745,1.3488643521434658,0.29776286029812454
21214,0.5555952380952381,0,1,0,459993,145617,46211,61745,1.3488550891103783,0.2977642962548587
21215,0.5556031746031747,0,1,0,459994,145616,46211,61745,1.3488458260772906,0.29776573222544256
21216,0.5556190476190477,0,2,0,459996,145614,46211,61745,1.3488273000111157,0.2977686042081607
21217,0.5556349206349208,0,2,0,459998,145612,46211,61745,1.3488087739449406,0.2977714762462806
21218,0.5556666666666665,0,1,0,459999,145611,46211,61745,1.348799510911853,0.29777291228611663
21219,0.5556666666666666,5,28,5,460027,145583,46216,61740,1.3485401459854014,0.2977961924147345
21220,0.5556666666666668,1,6,1,460033,145577,46217,61739,1.3484845677868762,0.2978014239132532
21221,0.5557142857142857,2,14,2,460047,145563,46219,61737,1.3483548853236504,0.2978147612156295
21222,0.55575,0,1,0,460048,145562,46219,61737,1.3483456222905628,0.297816197859131
21223,0.5557619047619048,0,1,0,460049,145561,46219,61737,1.3483363592574753,0.2978176345164932
21224,0.5557936507936507,0,2,0,460051,145559,46219,61737,1.3483178331913002,0.29782050787280023
21225,0.5558333333333333,8,40,8,460091,145519,46227,61729,1.347947311867798,0.2978508839651046
21226,0.5558333333333334,17,57,17,460148,145462,46244,61712,1.3474193189818073,0.29787521600200795
21227,0.5558571428571429,1,2,1,460150,145460,46245,61711,1.3474007929156322,0.2978747025404135
21228,0.5558809523809524,1,0,1,460150,145460,46246,61710,1.3474007929156322,0.29787131341410433
21229,0.5559343434343434,1,0,1,460150,145460,46247,61709,1.3474007929156322,0.2978679242550768
21230,0.555952380952381,2,7,2,460157,145453,46249,61707,1.3473359516840193,0.29787121065842825
21231,0.5559642857142856,0,1,0,460158,145452,46249,61707,1.3473266886509319,0.29787264854532025
21232,0.5559642857142858,1,0,1,460158,145452,46250,61706,1.3473266886509319,0.2978692592127748
21233,0.5559761904761904,1,1,1,460159,145451,46251,61705,1.3473174256178444,0.2978673077294406
21234,0.5559761904761905,0,1,0,460160,145450,46251,61705,1.3473081625847567,0.29786874562525645
21235,0.5559999999999999,1,4,1,460164,145446,46252,61704,1.3472711104524064,0.2978711078928313
21236,0.556,11,100,11,460264,145346,46263,61693,1.346344807143651,0.2979776757036114
21237,0.5560238095238095,1,0,1,460264,145346,46264,61692,1.346344807143651,0.29797428491388056
21238,0.556047619047619,0,1,0,460265,145345,46264,61692,1.3463355441105636,0.2979757241459256
21239,0.5561111111111111,0,1,0,460266,145344,46264,61692,1.346326281077476,0.29797716339187386
21240,0.5561190476190475,0,1,0,460267,145343,46264,61692,1.3463170180443884,0.29797860265172554
21241,0.5561190476190476,0,1,0,460268,145342,46264,61692,1.346307755011301,0.29798004192548083
21242,0.556142857142857,1,0,1,460268,145342,46265,61691,1.346307755011301,0.2979766510652891
21243,0.5561428571428572,0,4,0,460272,145338,46265,61691,1.3462707028789507,0.2979824082616445
21244,0.5561666666666666,0,5,0,460277,145333,46265,61691,1.346224387713513,0.2979896050699436
21245,0.5561666666666667,3,7,3,460284,145326,46268,61688,1.3461595464819,0.29798950795598367
21246,0.5561904761904761,1,1,1,460285,145325,46269,61687,1.3461502834488124,0.2979875562769308
21247,0.5561904761904762,0,1,0,460286,145324,46269,61687,1.346141020415725,0.29798899575384885
21248,0.5562222222222222,0,2,0,460288,145322,46269,61687,1.3461224943495498,0.297991874749407
21249,0.55625,1,4,1,460292,145318,46270,61686,1.3460854422171995,0.29799424165716604
21250,0.5562738095238096,1,0,1,460292,145318,46271,61685,1.3460854422171995,0.2979908503741492
21251,0.5562835497835498,0,1,0,460293,145317,46271,61685,1.346076179184112,0.2979922899295659
21252,0.5563095238095238,1,2,1,460295,145315,46272,61684,1.346057653117937,0.2979917777380567
21253,0.5563333333333332,3,5,3,460300,145310,46275,61681,1.3460113379524992,0.29798880144547346
21254,0.5563333333333333,4,16,4,460316,145294,46279,61677,1.3458631294230983,0.29799827028907433
21255,0.5563809523809524,0,1,0,460317,145293,46279,61677,1.3458538663900108,0.2979997101029135
21256,0.5564047619047618,0,3,0,460320,145290,46279,61677,1.345826077290748,0.29800402962791167
21257,0.5564285714285715,0,1,0,460321,145289,46279,61677,1.3458168142576605,0.29800546949740536
21258,0.556452380952381,0,1,0,460322,145288,46279,61677,1.345807551224573,0.2980069093808132
21259,0.5564761904761906,0,1,0,460323,145287,46279,61677,1.3457982881914854,0.29800834927813535
21260,0.5565,5,14,5,460337,145273,46284,61672,1.3456686057282596,0.29801154896228466
21261,0.5565000000000001,1,1,1,460338,145272,46285,61671,1.3456593426951722,0.2980095968455082
21262,0.5565238095238096,0,1,0,460339,145271,46285,61671,1.3456500796620845,0.29801103690889236
21263,0.5565357142857144,1,0,1,460339,145271,46286,61670,1.3456500796620845,0.2980076446909989
21264,0.556547619047619,1,0,1,460339,145271,46287,61669,1.3456500796620845,0.29800425244032086
21265,0.5565714285714286,1,0,1,460339,145271,46288,61668,1.3456500796620845,0.29800086015685784
21266,0.5565952380952379,0,2,0,460341,145269,46288,61668,1.3456315535959094,0.29800374026877746
21267,0.556607142857143,1,0,1,460341,145269,46289,61667,1.3456315535959094,0.29800034793366065
21268,0.5566457431457431,0,2,0,460343,145267,46289,61667,1.3456130275297344,0.2980032280823838
21269,0.5566666666666665,0,3,0,460346,145264,46289,61667,1.3455852384304716,0.29800754840985644
21270,0.5566666666666666,75,322,75,460668,144942,46364,61592,1.3426025417762792,0.2982172426815924
21271,0.5566666666666668,40,182,40,460850,144760,46404,61552,1.3409166697543444,0.2983442553026484
21272,0.556666666666667,0,1,0,460851,144759,46404,61552,1.3409074067212567,0.29834570139255784
21273,0.5566706349206348,0,2,0,460853,144757,46404,61552,1.3408888806550816,0.2983485936144327
21274,0.5567142857142857,0,1,0,460854,144756,46404,61552,1.3408796176219941,0.29835003974639857
21275,0.5567777777777778,0,1,0,460855,144755,46404,61552,1.3408703545889067,0.2983514858923837
21276,0.5567857142857143,0,1,0,460856,144754,46404,61552,1.340861091555819,0.2983529320523882
21277,0.5568333333333333,0,12,0,460868,144742,46404,61552,1.3407499351587684,0.29837028706603197
21278,0.5568333333333334,1,6,1,460874,144736,46405,61551,1.340694356960243,0.29837556414122074
21279,0.5568571428571428,0,1,0,460875,144735,46405,61551,1.3406850939271555,0.29837701055815713
21280,0.5569029304029304,0,2,0,460877,144733,46405,61551,1.3406665678609804,0.29837990343410054
21281,0.5569047619047619,0,1,0,460878,144732,46405,61551,1.340657304827893,0.298381349893108
21282,0.5569285714285713,0,2,0,460880,144730,46405,61551,1.3406387787617178,0.2983842428531954
21283,0.5569285714285714,1,3,1,460883,144727,46406,61550,1.3406109896624552,0.298385181091445
21284,0.5569444444444445,0,1,0,460884,144726,46406,61550,1.3406017266293675,0.29838662762512363
21285,0.5569523809523809,0,1,0,460885,144725,46406,61550,1.34059246359628,0.29838807417282753
21286,0.5569999999999999,0,5,0,460890,144720,46406,61550,1.3405461484308423,0.2983953071217337
21287,0.557,9,30,9,460920,144690,46415,61541,1.3402682574382156,0.2984080957760957
21288,0.5570238095238095,1,1,1,460921,144689,46416,61540,1.340258994405128,0.2984061407464518
21289,0.5570238095238096,0,1,0,460922,144688,46416,61540,1.3402497313720405,0.29840758771844755
21290,0.5570952380952381,0,3,0,460925,144685,46416,61540,1.3402219422727777,0.29841192871863254
21291,0.5571190476190477,0,1,0,460926,144684,46416,61540,1.3402126792396902,0.2984133757467608
21292,0.5571428571428572,0,9,0,460935,144675,46416,61540,1.3401293119419022,0.2984263996314526
21293,0.5571666666666666,1,6,1,460941,144669,46417,61539,1.340073733743377,0.2984316806331471
21294,0.5571666666666667,1,3,1,460944,144666,46418,61538,1.3400459446441142,0.2984326201237609
21295,0.5571666666666668,1,1,1,460945,144665,46419,61537,1.3400366816110267,0.2984306650759934
21296,0.5571904761904762,0,2,0,460947,144663,46419,61537,1.3400181555448516,0.29843355965082446
21297,0.5572272727272726,0,1,0,460948,144662,46419,61537,1.3400088925117641,0.2984350069592966
21298,0.5572380952380952,0,1,0,460949,144661,46419,61537,1.3399996294786765,0.2984364542818068
21299,0.5572499999999999,0,1,0,460950,144660,46419,61537,1.339990366445589,0.29843790161835526
21300,0.5572738095238094,1,0,1,460950,144660,46420,61536,1.339990366445589,0.29843449921433973
21301,0.5572857142857142,1,1,1,460951,144659,46421,61535,1.3399811034125013,0.29843254410894593
21302,0.5573134920634921,0,1,0,460952,144658,46421,61535,1.3399718403794139,0.2984339914546081
21303,0.5573333333333332,1,8,1,460960,144650,46422,61534,1.3398977361147133,0.298442168160478
21304,0.5573333333333333,2,19,2,460979,144631,46424,61532,1.3397217384860498,0.29846286676076694
21305,0.5573809523809524,0,3,0,460982,144628,46424,61532,1.3396939493867872,0.2984672099340318
21306,0.5574166666666667,0,1,0,460983,144627,46424,61532,1.3396846863536997,0.2984686576865429
21307,0.5574761904761905,0,2,0,460985,144625,46424,61532,1.3396661602875246,0.2984715532337005
21308,0.5574999999999999,2,9,2,460994,144616,46426,61530,1.3395827929897366,0.2984777778855762
21309,0.5575,61,263,61,461257,144353,46487,61469,1.3371466152877098,0.29865126176987883
21310,0.5575000000000001,1,5,1,461262,144348,46488,61468,1.337100300122272,0.29865510941812107
21311,0.5575277777777778,0,1,0,461263,144347,46488,61468,1.3370910370891844,0.2986565605033647
21312,0.557561605061605,0,1,0,461264,144346,46488,61468,1.337081774056097,0.2986580116027092
21313,0.5575833333333332,0,1,0,461265,144345,46488,61468,1.3370725110230093,0.29865946271615496
21314,0.5576190476190476,1,0,1,461265,144345,46489,61467,1.3370725110230093,0.2986560550405224
21315,0.5576190476190477,0,3,0,461268,144342,46489,61467,1.3370447219237467,0.2986604084369488
21316,0.5576666666666665,0,2,0,461270,144340,46489,61467,1.3370261958575715,0.29866331077174246
21317,0.5576666666666666,6,20,6,461290,144320,46495,61461,1.3368409351958206,0.29867188904709374
21318,0.5576666666666668,2,2,2,461292,144318,46497,61459,1.3368224091296455,0.2986679755269053
21319,0.5576837606837606,0,1,0,461293,144317,46497,61459,1.3368131460965578,0.2986694269496929
21320,0.5576904761904762,0,1,0,461294,144316,46497,61459,1.3368038830634703,0.2986708783865873
21321,0.5577142857142857,1,0,1,461294,144316,46498,61458,1.3368038830634703,0.29866747013714073
21322,0.5577619047619049,0,1,0,461295,144315,46498,61458,1.3367946200303829,0.2986689215786328
21323,0.5577777777777777,1,0,1,461295,144315,46499,61457,1.3367946200303829,0.29866551328655017
21324,0.5577857142857143,0,1,0,461296,144314,46499,61457,1.3367853569972952,0.2986669647326397
21325,0.5578095238095238,0,1,0,461297,144313,46499,61457,1.3367760939642077,0.2986684161928367
21326,0.5578333333333333,0,11,0,461308,144302,46499,61457,1.3366742006002446,0.2986843831861547
21327,0.5578333333333334,0,3,0,461311,144299,46499,61457,1.336646411500982,0.2986887381169929
21328,0.5578571428571428,1,7,1,461318,144292,46500,61456,1.336581570269369,0.29869549157221453
21329,0.5578571428571429,0,1,0,461319,144291,46500,61456,1.3365723072362814,0.29869694333331714
21330,0.5578787878787879,0,1,0,461320,144290,46500,61456,1.336563044203194,0.29869839510853186
21331,0.5578888888888889,0,1,0,461321,144289,46500,61456,1.3365537811701063,0.298699846897859
21332,0.5579047619047618,0,2,0,461323,144287,46500,61456,1.3365352551039313,0.2987027505188512
21333,0.5579166666666666,0,1,0,461324,144286,46500,61456,1.3365259920708437,0.29870420235051665
21334,0.5579166666666667,0,2,0,461326,144284,46500,61456,1.3365074660046685,0.29870710605618744
21335,0.5579523809523811,0,1,0,461327,144283,46500,61456,1.336498202971581,0.29870855793019313
21336,0.5579761904761904,1,0,1,461327,144283,46501,61455,1.336498202971581,0.298705149267515
21337,0.5579761904761905,0,3,0,461330,144280,46501,61455,1.3364704138723182,0.29870950494568255
21338,0.557989898989899,1,0,1,461330,144280,46502,61454,1.3364704138723182,0.29870609622133437
21339,0.5579999999999999,15,69,15,461399,144211,46517,61439,1.3358312645892771,0.2987551665451009
21340,0.558,1,1,1,461400,144210,46518,61438,1.3358220015561895,0.29875320936746286
21341,0.5580119047619047,0,2,0,461402,144208,46518,61438,1.3358034754900145,0.2987561148770217
21342,0.5580555555555555,1,2,1,461404,144206,46519,61437,1.3357849494238394,0.2987556104511216
21343,0.5580595238095237,0,1,0,461405,144205,46519,61437,1.3357756863907517,0.298757063245835
21344,0.5581666666666666,1,9,1,461414,144196,46520,61436,1.3356923190929637,0.29876672891378775
21345,0.5581666666666667,1,4,1,461418,144192,46521,61435,1.3356552669606137,0.2987691305130163
21346,0.5582142857142857,0,10,0,461428,144182,46521,61435,1.335562636629738,0.2987836608840709
21347,0.5582261904761905,0,1,0,461429,144181,46521,61435,1.3355533735966505,0.2987851139989106
21348,0.5582499999999999,0,3,0,461432,144178,46521,61435,1.335525584497388,0.29878947342823653
21349,0.5582948717948718,0,1,0,461433,144177,46521,61435,1.3355163214643002,0.2987909265996148
21350,0.5583253968253967,0,1,0,461434,144176,46521,61435,1.3355070584312128,0.29879237978512824
21351,0.5583333333333332,28,126,28,461560,144050,46549,61407,1.334339916262181,0.2988800576276301
21352,0.5583333333333333,36,149,36,461709,143901,46585,61371,1.3329597243321354,0.2989740441950193
21353,0.558404761904762,0,2,0,461711,143899,46585,61371,1.3329411982659602,0.2989769571783505
21354,0.5584090909090909,0,1,0,461712,143898,46585,61371,1.3329319352328726,0.2989784136913026
21355,0.5584393939393939,0,3,0,461715,143895,46585,61371,1.33290414613361,0.2989827833153079
21356,0.5584404761904761,0,2,0,461717,143893,46585,61371,1.3328856200674348,0.2989856964689376
21357,0.5584722222222223,0,1,0,461718,143892,46585,61371,1.3328763570343474,0.2989871530670408
21358,0.5584761904761905,0,1,0,461719,143891,46585,61371,1.3328670940012597,0.29898860967933666
21359,0.5584978354978355,1,0,1,461719,143891,46586,61370,1.3328670940012597,0.29898519445973665
21360,0.5585,3,26,3,461745,143865,46589,61367,1.3326262551409833,0.2990128245107975
21361,0.5585000000000001,0,1,0,461746,143864,46589,61367,1.3326169921078959,0.29901428146819925
21362,0.5585634920634922,0,1,0,461747,143863,46589,61367,1.3326077290748082,0.29901573843979923
21363,0.5585714285714285,0,2,0,461749,143861,46589,61367,1.332589203008633,0.29901865242559494
21364,0.5585714285714286,0,4,0,461753,143857,46589,61367,1.332552150876283,0.29902448056757497
21365,0.5586071428571429,0,1,0,461754,143856,46589,61367,1.3325428878431953,0.2990259376385688
21366,0.5586190476190477,0,1,0,461755,143855,46589,61367,1.3325336248101078,0.29902739472376255
21367,0.5586428571428571,0,3,0,461758,143852,46589,61367,1.3325058357108452,0.2990317660645457
21368,0.5586666666666666,3,26,3,461784,143826,46592,61364,1.3322649968505687,0.2990594083532336
21369,0.5586666666666668,1,5,1,461789,143821,46593,61363,1.332218681685131,0.2990632797878977
21370,0.5586666666666669,0,1,0,461790,143820,46593,61363,1.3322094186520435,0.2990647373320402
21371,0.5586904761904762,0,1,0,461791,143819,46593,61363,1.3322001556189558,0.29906619489039
21372,0.5586904761904763,1,0,1,461791,143819,46594,61362,1.3322001556189558,0.2990627787173276
21373,0.5587142857142857,0,1,0,461792,143818,46594,61362,1.3321908925858683,0.29906423628033924
21374,0.5587380952380951,0,1,0,461793,143817,46594,61362,1.3321816295527809,0.29906569385755855
21375,0.5587380952380953,0,1,0,461794,143816,46594,61362,1.3321723665196932,0.29906715144898577
21376,0.55875,0,6,0,461800,143810,46594,61362,1.332116788321168,0.2990758972959273
21377,0.5587619047619047,0,1,0,461801,143809,46594,61362,1.3321075252880803,0.29907735498681587
21378,0.5587619047619048,1,1,1,461802,143808,46595,61361,1.3320982622549928,0.2990753963805448
21379,0.5588095238095238,0,5,0,461807,143803,46595,61361,1.332051947089555,0.299082685071455
21380,0.5588095238095239,0,1,0,461808,143802,46595,61361,1.3320426840564674,0.2990841428522687
21381,0.5588333333333333,2,11,2,461819,143791,46597,61359,1.3319407906925043,0.2990933463319522
21382,0.5588333333333334,0,5,0,461824,143786,46597,61359,1.3318944755270665,0.29910063613541643
21383,0.558845238095238,0,1,0,461825,143785,46597,61359,1.331885212493979,0.29910209413875133
21384,0.5588571428571428,1,1,1,461826,143784,46598,61358,1.3318759494608914,0.29910013551588654
21385,0.5588809523809524,0,1,0,461827,143783,46598,61358,1.331866686427804,0.29910159353810306
21386,0.5588888888888889,1,3,1,461830,143780,46599,61357,1.3318388973285413,0.2991025509781268
21387,0.558904761904762,0,2,0,461832,143778,46599,61357,1.3318203712623662,0.2991054671314013
21388,0.5589123376623377,0,1,0,461833,143777,46599,61357,1.3318111082292785,0.2991069252293623
21389,0.5589166666666666,0,2,0,461835,143775,46599,61357,1.3317925821631036,0.29910984146793285
21390,0.5589999999999999,10,58,10,461893,143717,46609,61347,1.3312553262440254,0.2991602621620567
21391,0.559,2,2,2,461895,143715,46611,61345,1.3312368001778503,0.2991563444845411
21392,0.559047619047619,2,9,2,461904,143706,46613,61343,1.3311534328800623,0.29916263917405106
21393,0.5590833333333334,0,1,0,461905,143705,46613,61343,1.3311441698469746,0.2991640981623815
21394,0.5591111111111111,0,2,0,461907,143703,46613,61343,1.3311256437807997,0.29916701618173486
21395,0.5591666666666666,16,43,16,461950,143660,46629,61327,1.3307273333580347,0.29917506963856244
21396,0.5591666666666667,7,45,7,461995,143615,46636,61320,1.3303104968690949,0.29921682484690265
21397,0.5591666666666668,1,1,1,461996,143614,46637,61319,1.3303012338360072,0.2992148653462351
21398,0.5591785714285715,1,0,1,461996,143614,46638,61318,1.3303012338360072,0.29921144574785785
21399,0.5591883116883117,1,2,1,461998,143612,46639,61317,1.3302827077698323,0.29921094623015776
21400,0.5591904761904761,0,1,0,461999,143611,46639,61317,1.3302734447367446,0.29921240630855717
21401,0.5591904761904762,0,1,0,462000,143610,46639,61317,1.3302641817036571,0.2992138664012063
21402,0.5592261904761905,0,1,0,462001,143609,46639,61317,1.3302549186705694,0.29921532650810534
21403,0.5592380952380952,0,2,0,462003,143607,46639,61317,1.3302363926043943,0.2992182467646542
21404,0.5592857142857143,3,10,3,462013,143597,46642,61314,1.3301437622735188,0.29922258931926543
21405,0.5592857142857144,0,1,0,462014,143596,46642,61314,1.3301344992404314,0.2992240495827436
21406,0.559297619047619,0,1,0,462015,143595,46642,61314,1.3301252362073437,0.29922550986047464
21407,0.5593095238095237,0,1,0,462016,143594,46642,61314,1.3301159731742562,0.29922697015245864
21408,0.5593333333333333,7,34,7,462050,143560,46649,61307,1.3298010300492793,0.29925268588889375
21409,0.5593333333333335,0,1,0,462051,143559,46649,61307,1.3297917670161918,0.29925414661290795
21410,0.5593571428571429,0,2,0,462053,143557,46649,61307,1.3297732409500167,0.2992570681037176
21411,0.5593939393939393,0,1,0,462054,143556,46649,61307,1.329763977916929,0.29925852887051346
21412,0.5594047619047618,0,1,0,462055,143555,46649,61307,1.3297547148838416,0.2992599896515703
21413,0.5594166666666667,0,3,0,462058,143552,46649,61307,1.329726925784579,0.29926437208030887
21414,0.5594404761904762,1,0,1,462058,143552,46650,61306,1.329726925784579,0.299260951488348
21415,0.5594444444444444,1,1,1,462059,143551,46651,61305,1.3297176627514913,0.29925899168196196
21416,0.5594523809523809,0,1,0,462060,143550,46651,61305,1.3297083997184038,0.2992604525151937
21417,0.5594761904761906,0,1,0,462061,143549,46651,61305,1.3296991366853161,0.2992619133626876
21418,0.5594880952380952,0,1,0,462062,143548,46651,61305,1.3296898736522287,0.2992633742244439
21419,0.5594999999999999,0,2,0,462064,143546,46651,61305,1.3296713475860535,0.2992662959907445
21420,0.5595,2,17,2,462081,143529,46653,61303,1.3295138760235652,0.29928429151695046
21421,0.5595039682539683,0,1,0,462082,143528,46653,61303,1.3295046129904775,0.29928575264486335
21422,0.5595238095238095,1,4,1,462086,143524,46654,61302,1.3294675608581275,0.29928817630574245
21423,0.559541847041847,1,1,1,462087,143523,46655,61301,1.3294582978250398,0.2992862164590087
21424,0.5595833333333333,0,3,0,462090,143520,46655,61301,1.3294305087257772,0.29929060008495223
21425,0.5596190476190476,0,1,0,462091,143519,46655,61301,1.3294212456926897,0.29929206132213654
21426,0.5596428571428571,0,4,0,462095,143515,46655,61301,1.3293841935603394,0.29929790641356147
21427,0.5596666666666666,6,21,6,462116,143494,46661,61295,1.3291896698655008,0.29930806830444995
21428,0.5596666666666668,0,1,0,462117,143493,46661,61295,1.3291804068324131,0.29930952985526493
21429,0.5596904761904762,0,1,0,462118,143492,46661,61295,1.3291711437993257,0.29931099142035383
21430,0.5597142857142857,0,1,0,462119,143491,46661,61295,1.3291618807662382,0.29931245299971676
21431,0.55975,1,0,1,462119,143491,46662,61294,1.3291618807662382,0.2993090314231999
21432,0.5597619047619048,0,1,0,462120,143490,46662,61294,1.3291526177331505,0.2993104930072662
21433,0.5597759740259739,0,5,0,462125,143485,46662,61294,1.3291063025677128,0.29931780114171863
21434,0.55977886002886,0,2,0,462127,143483,46662,61294,1.3290877765015376,0.29932072449542674
21435,0.5598095238095238,1,0,1,462127,143483,46663,61293,1.3290877765015376,0.29931730280892294
21436,0.5598214285714286,0,1,0,462128,143482,46663,61293,1.3290785134684502,0.29931876449761935
21437,0.5598253968253968,0,4,0,462132,143478,46663,61293,1.3290414613361,0.29932461139516825
21438,0.5598333333333333,4,30,4,462162,143448,46667,61289,1.3287635703434733,0.2993547819886
21439,0.5598571428571428,0,1,0,462163,143447,46667,61289,1.3287543073103858,0.29935624413879336
21440,0.5598690476190477,1,0,1,462163,143447,46668,61288,1.3287543073103858,0.2993528219405573
21441,0.559893745143745,0,2,0,462165,143445,46668,61288,1.3287357812442107,0.2993557462646471
21442,0.5599047619047618,0,1,0,462166,143444,46668,61288,1.328726518211123,0.29935720844811753
21443,0.559952380952381,1,1,1,462167,143443,46669,61287,1.3287172551780355,0.2993552483759097
21444,0.5599761904761905,0,1,0,462168,143442,46669,61287,1.3287079921449478,0.2993567105783743
21445,0.5599999999999999,4,36,4,462204,143406,46673,61283,1.328374522953796,0.2993956685508259
21446,0.56,512,2392,512,464596,141014,47185,60771,1.3062173478083663,0.3011670837772877
21447,0.560047619047619,0,2,0,464598,141012,47185,60771,1.3061988217421914,0.3011700688363242
21448,0.560060606060606,1,2,1,464600,141010,47186,60770,1.3061802956760162,0.30116959064327486
21449,0.5601190476190476,1,2,1,464602,141008,47187,60769,1.306161769609841,0.3011691124360061
21450,0.5601388888888889,0,1,0,464603,141007,47187,60769,1.3061525065767534,0.3011706050273571
21451,0.5601428571428572,0,1,0,464604,141006,47187,60769,1.306143243543666,0.30117209763350267
21452,0.5601666666666666,1,0,1,464604,141006,47188,60768,1.306143243543666,0.30116863421451723
21453,0.5601666666666667,2,13,2,464617,140993,47190,60766,1.3060228241135277,0.30118111211891413
21454,0.5602380952380952,1,4,1,464621,140989,47191,60765,1.3059857719811776,0.30118361965562024
21455,0.56025,0,2,0,464623,140987,47191,60765,1.3059672459150025,0.3011866053372457
21456,0.5603333333333332,0,3,0,464626,140984,47191,60765,1.3059394568157396,0.30119108397067645
21457,0.5603333333333333,3,22,3,464648,140962,47194,60762,1.3057356700878135,0.3012135392913089
21458,0.5603333333333335,2,0,2,464648,140962,47196,60760,1.3057356700878135,0.30120661107861313
21459,0.5603571428571428,1,0,1,464648,140962,47197,60759,1.3057356700878135,0.30120314692074696
21460,0.5603571428571429,1,1,1,464649,140961,47198,60758,1.305726407054726,0.30120117589319795
21461,0.5603809523809524,0,1,0,464650,140960,47198,60758,1.3057171440216384,0.3012026690726658
21462,0.5604166666666666,0,1,0,464651,140959,47198,60758,1.305707880988551,0.30120416226693836
21463,0.5604166666666667,0,2,0,464653,140957,47198,60758,1.3056893549223758,0.3012071486998984
21464,0.5604444444444444,1,0,1,464653,140957,47199,60757,1.3056893549223758,0.3012036844244822
21465,0.5604523809523809,0,2,0,464655,140955,47199,60757,1.3056708288562007,0.30120667089712067
21466,0.5604761904761905,1,5,1,464660,140950,47200,60756,1.305624513690763,0.30121067295965415
21467,0.5604999999999999,0,2,0,464662,140948,47200,60756,1.3056059876245878,0.30121365962003727
21468,0.5605,5,17,5,464679,140931,47205,60751,1.3054485160620994,0.3012217252903085
21469,0.560547619047619,0,2,0,464681,140929,47205,60751,1.3054299899959243,0.30122471241570803
21470,0.5605476190476191,0,2,0,464683,140927,47205,60751,1.3054114639297492,0.30122769960035306
21471,0.5605555555555556,1,3,1,464686,140924,47206,60750,1.3053836748304866,0.3012287156500094
21472,0.5605595238095238,0,1,0,464687,140923,47206,60750,1.3053744117973989,0.30123020929921207
21473,0.560595238095238,0,1,0,464688,140922,47206,60750,1.3053651487643114,0.30123170296322743
21474,0.5605952380952381,0,1,0,464689,140921,47206,60750,1.3053558857312237,0.3012331966420556
21475,0.5606428571428571,0,2,0,464691,140919,47206,60750,1.3053373596650488,0.30123618404415153
21476,0.5606428571428572,0,1,0,464692,140918,47206,60750,1.3053280966319611,0.3012376777674197
21477,0.5606666666666666,8,36,8,464728,140882,47214,60742,1.3049946274408093,0.301263738443836
21478,0.5607142857142857,0,10,0,464738,140872,47214,60742,1.3049019971099336,0.3012786810439751
21479,0.5607380952380953,0,1,0,464739,140871,47214,60742,1.3048927340768461,0.3012801753855158
21480,0.5607420634920636,1,0,1,464739,140871,47215,60741,1.3048927340768461,0.30127670971965953
21481,0.5607499999999999,0,1,0,464740,140870,47215,60741,1.3048834710437585,0.3012782040662464
21482,0.5607619047619047,0,1,0,464741,140869,47215,60741,1.304874208010671,0.30127969842765734
21483,0.5608095238095239,1,0,1,464741,140869,47216,60740,1.304874208010671,0.30127623270786524
21484,0.5608333333333332,0,1,0,464742,140868,47216,60740,1.3048649449775835,0.30127772707432243
21485,0.5608333333333333,4,37,4,464779,140831,47220,60736,1.304522212753344,0.3013191643473386
21486,0.5608333333333334,16,64,16,464843,140767,47236,60720,1.3039293786357404,0.30135939291368674
21487,0.5608571428571428,0,2,0,464845,140765,47236,60720,1.3039108525695653,0.3013623842965978
21488,0.560952380952381,1,1,1,464846,140764,47237,60719,1.3039015895364778,0.3013604125410084
21489,0.5609761904761905,1,1,1,464847,140763,47238,60718,1.3038923265033904,0.3013584407462738
21490,0.5609999999999999,1,7,1,464854,140756,47239,60717,1.3038274852717775,0.3013654435085595
21491,0.561,15,42,15,464896,140714,47254,60702,1.3034384378821,0.3013762561067641
21492,0.5610119047619048,0,1,0,464897,140713,47254,60702,1.3034291748490126,0.30137775240175757
21493,0.5610714285714287,0,2,0,464899,140711,47254,60702,1.3034106487828374,0.3013807450363184
21494,0.5610833333333334,0,3,0,464902,140708,47254,60702,1.3033828596835748,0.30138523409959783
21495,0.5610873015873016,0,2,0,464904,140706,47254,60702,1.3033643336173997,0.30138822688274547
21496,0.5611428571428573,0,1,0,464905,140705,47254,60702,1.3033550705843122,0.30138972329660835
21497,0.5611547619047619,0,1,0,464906,140704,47254,60702,1.3033458075512245,0.30139121972533095
21498,0.5611666666666666,0,4,0,464910,140700,47254,60702,1.3033087554188743,0.3013972055888224
21499,0.5611666666666667,0,8,0,464918,140692,47254,60702,1.303234651154174,0.3014091780291369
21500,0.5611904761904761,0,1,0,464919,140691,47254,60702,1.3032253881210865,0.3014106746510554
21501,0.5611904761904762,0,1,0,464920,140690,47254,60702,1.3032161250879988,0.30141217128783665
21502,0.5612222222222222,0,1,0,464921,140689,47254,60702,1.3032068620549113,0.30141366793948093
21503,0.5612380952380953,0,2,0,464923,140687,47254,60702,1.3031883359887362,0.3014166612873593
21504,0.5612499999999999,0,4,0,464927,140683,47254,60702,1.303151283856386,0.30142264816148173
21505,0.56125,1,3,1,464930,140680,47255,60701,1.3031234947571233,0.3014236695616766
21506,0.5612857142857144,0,1,0,464931,140679,47255,60701,1.3031142317240356,0.30142516635217004
21507,0.5613095238095238,0,1,0,464932,140678,47255,60701,1.3031049686909482,0.30142666315752886
21508,0.5613333333333332,1,5,1,464937,140673,47256,60700,1.3030586535255104,0.3014306783928332
21509,0.5613333333333334,7,17,7,464954,140656,47263,60693,1.302901181963022,0.3014318422241978
21510,0.5613412698412699,0,3,0,464957,140653,47263,60693,1.3028733928637592,0.3014363334757085
21511,0.5613846153846154,0,1,0,464958,140652,47263,60693,1.3028641298306718,0.301437830589287
21512,0.5614231601731601,0,1,0,464959,140651,47263,60693,1.302854866797584,0.3014393277177368
21513,0.5614285714285715,0,4,0,464963,140647,47263,60693,1.302817814665234,0.3014453163802523
21514,0.5614523809523809,0,1,0,464964,140646,47263,60693,1.3028085516321464,0.3014468135830614
21515,0.5614761904761906,0,1,0,464965,140645,47263,60693,1.302799288599059,0.301448310800743
21516,0.5614999999999999,1,0,1,464965,140645,47264,60692,1.302799288599059,0.3014448412363351
21517,0.5615,3,14,3,464979,140631,47267,60689,1.3026696061358332,0.30145539439697994
21518,0.5615000000000001,0,3,0,464982,140628,47267,60689,1.3026418170365706,0.30145988664643325
21519,0.5615238095238095,0,1,0,464983,140627,47267,60689,1.3026325540034829,0.3014613840926702
21520,0.5615476190476191,0,5,0,464988,140622,47267,60689,1.3025862388380451,0.30146887154700935
21521,0.5615714285714285,0,1,0,464989,140621,47267,60689,1.3025769758049577,0.30147036908250957
21522,0.56162987012987,1,2,1,464991,140619,47268,60688,1.3025584497387825,0.3014698942411342
21523,0.5616428571428571,0,1,0,464992,140618,47268,60688,1.3025491867056949,0.3014713918114711
21524,0.5616666666666666,37,214,37,465206,140404,47305,60651,1.3005668976249583,0.30166372385665613
21525,0.5616666666666668,24,107,24,465313,140297,47329,60627,1.29957575308459,0.3017409567796779
21526,0.5617142857142857,0,1,0,465314,140296,47329,60627,1.2995664900515025,0.30174245855377435
21527,0.5617142857142859,0,2,0,465316,140294,47329,60627,1.2995479639853273,0.3017454621468139
21528,0.5617261904761904,1,0,1,465316,140294,47330,60626,1.2995479639853273,0.30174198686044196
21529,0.5617380952380953,0,1,0,465317,140293,47330,60626,1.29953870095224,0.30174348866956335
21530,0.5617857142857142,1,1,1,465318,140292,47331,60625,1.2995294379191522,0.3017415151530234
21531,0.5617857142857143,0,1,0,465319,140291,47331,60625,1.2995201748860647,0.30174301698222145
21532,0.5618333333333332,0,1,0,465320,140290,47331,60625,1.299510911852977,0.3017445188263694
21533,0.5618333333333333,1,2,1,465322,140288,47332,60624,1.299492385786802,0.30174404714501873
21534,0.5618333333333334,2,5,2,465327,140283,47334,60622,1.2994460706213642,0.30174460565939126
21535,0.5618571428571428,0,2,0,465329,140281,47334,60622,1.299427544555189,0.30174760954291374
21536,0.5619047619047618,1,0,1,465329,140281,47335,60621,1.299427544555189,0.3017441339558591
21537,0.5619047619047619,1,1,1,465330,140280,47336,60620,1.2994182815221016,0.3017421602787456
21538,0.561904761904762,0,1,0,465331,140279,47336,60620,1.2994090184890141,0.3017436622382391
21539,0.5619166666666666,0,1,0,465332,140278,47336,60620,1.2993997554559265,0.30174516421268505
21540,0.561966810966811,0,1,0,465333,140277,47336,60620,1.299390492422839,0.3017466662020837
21541,0.5619999999999999,2,2,2,465335,140275,47338,60618,1.2993719663566639,0.30174271876073333
21542,0.562,14,62,14,465397,140213,47352,60604,1.2987976583052354,0.3017871992908967
21543,0.5620238095238096,0,1,0,465398,140212,47352,60604,1.298788395272148,0.30178870209545056
21544,0.5620454545454545,0,1,0,465399,140211,47352,60604,1.2987791322390603,0.3017902049149715
21545,0.562047619047619,0,1,0,465400,140210,47352,60604,1.2987698692059728,0.3017917077494597
21546,0.5620555555555555,0,1,0,465401,140209,47352,60604,1.2987606061728854,0.3017932105989154
21547,0.5620555555555556,0,2,0,465403,140207,47352,60604,1.2987420801067102,0.30179621634273024
21548,0.5621428571428572,0,5,0,465408,140202,47352,60604,1.2986957649412725,0.3018037309642142
21549,0.5621666666666666,1,8,1,465416,140194,47353,60603,1.298621660676572,0.30181227807188354
21550,0.5621666666666667,1,7,1,465423,140187,47354,60602,1.298556819444959,0.3018193227716658
21551,0.5621904761904761,0,1,0,465424,140186,47354,60602,1.2985475564118716,0.30182082594577364
21552,0.5622121212121213,0,1,0,465425,140185,47354,60602,1.298538293378784,0.30182232913485435
21553,0.5622142857142857,0,1,0,465426,140184,47354,60602,1.2985290303456964,0.3018238323389081
21554,0.5622222222222222,1,0,1,465426,140184,47355,60601,1.2985290303456964,0.30182035510620814
21555,0.5622380952380952,0,1,0,465427,140183,47355,60601,1.2985197673126088,0.3018218583154036
21556,0.56225,1,2,1,465429,140181,47356,60600,1.2985012412464336,0.30182138748188325
21557,0.5623095238095238,0,1,0,465430,140180,47356,60600,1.2984919782133462,0.30182289072616797
21558,0.5623333333333332,2,4,2,465434,140176,47358,60598,1.2984549260809959,0.3018219490571488
21559,0.5623333333333334,5,13,5,465447,140163,47363,60593,1.2983345066508578,0.3018241048835402
21560,0.5623333333333335,0,4,0,465451,140159,47363,60593,1.2982974545185075,0.30183011875348686
21561,0.562357142857143,0,1,0,465452,140158,47363,60593,1.29828819148542,0.30183162225841964
21562,0.5623712121212121,0,1,0,465453,140157,47363,60593,1.2982789284523324,0.30183312577833127
21563,0.5623809523809523,0,2,0,465455,140155,47363,60593,1.2982604023861573,0.301836132863092
21564,0.5624159835262776,1,0,1,465455,140155,47364,60592,1.2982604023861573,0.3018326550334501
21565,0.5624285714285715,0,1,0,465456,140154,47364,60592,1.2982511393530698,0.301834158588465
21566,0.5624999999999999,6,13,6,465469,140141,47370,60586,1.2981307199229315,0.3018328376351961
21567,0.5625,64,232,64,465701,139909,47434,60522,1.295981696246619,0.3019592777564349
21568,0.5625000000000001,6,7,6,465708,139902,47440,60516,1.2959168550150062,0.3019489267431069
21569,0.5625289563377798,0,1,0,465709,139901,47440,60516,1.2959075919819185,0.3019504333464726
21570,0.5625476190476192,0,3,0,465712,139898,47440,60516,1.295879802882656,0.3019549532467792
21571,0.5625714285714285,0,1,0,465713,139897,47440,60516,1.2958705398495682,0.30195645991028525
21572,0.5626190476190477,0,3,0,465716,139894,47440,60516,1.2958427507503056,0.3019609799910184
21573,0.5626666666666665,0,5,0,465721,139889,47440,60516,1.295796435584868,0.30196851375963674
21574,0.5626666666666666,4,38,4,465759,139851,47444,60512,1.295444440327541,0.3020118484949816
21575,0.5626666666666668,2,7,2,465766,139844,47446,60510,1.295379599095928,0.30201543268414904
21576,0.5626818181818183,1,0,1,465766,139844,47447,60509,1.295379599095928,0.3020119489101735
21577,0.5626825396825396,0,1,0,465767,139843,47447,60509,1.2953703360628404,0.3020134563168823
21578,0.5626904761904762,0,1,0,465768,139842,47447,60509,1.295361073029753,0.3020149637386387
21579,0.5626904761904763,1,0,1,465768,139842,47448,60508,1.295361073029753,0.3020114799101572
21580,0.5627777777777778,0,1,0,465769,139841,47448,60508,1.2953518099966652,0.30201298733709675
21581,0.5627857142857142,0,1,0,465770,139840,47448,60508,1.2953425469635778,0.3020144947790844
21582,0.5628333333333333,1,1,1,465771,139839,47449,60507,1.2953332839304903,0.30201251834326615
21583,0.5628333333333334,0,7,0,465778,139832,47449,60507,1.2952684426988774,0.30202307089483327
21584,0.5628571428571428,0,2,0,465780,139830,47449,60507,1.2952499166327023,0.30202608604501413
21585,0.562857142857143,0,1,0,465781,139829,47449,60507,1.2952406535996146,0.3020275936426803
21586,0.5629040404040403,0,2,0,465783,139827,47449,60507,1.2952221275334395,0.30203060888316513
21587,0.5629166666666666,1,1,1,465784,139826,47450,60506,1.295212864500352,0.30202863247009964
21588,0.5629166666666667,0,2,0,465786,139824,47450,60506,1.2951943384341769,0.3020316477811611
21589,0.5629285714285713,0,1,0,465787,139823,47450,60506,1.2951850754010894,0.3020331554592695
21590,0.5629285714285714,0,2,0,465789,139821,47450,60506,1.2951665493349143,0.3020361708606428
21591,0.5629444444444445,0,2,0,465791,139819,47450,60506,1.2951480232687391,0.30203918632222637
21592,0.5629761904761904,0,1,0,465792,139818,47450,60506,1.2951387602356517,0.3020406940755975
21593,0.5629761904761905,0,1,0,465793,139817,47450,60506,1.295129497202564,0.3020422018440219
21594,0.5629841269841269,0,3,0,465796,139814,47450,60506,1.2951017081033014,0.3020467252396166
21595,0.563,5,39,5,465835,139775,47455,60501,1.2947404498128867,0.30208811839661265
21596,0.5630000000000001,1,9,1,465844,139766,47456,60500,1.2946570825150987,0.3020982093815226
21597,0.5630238095238095,1,0,1,465844,139766,47457,60499,1.2946570825150987,0.3020947244900507
21598,0.5630238095238096,1,0,1,465844,139766,47458,60498,1.2946570825150987,0.3020912395637758
21599,0.5630436507936507,0,1,0,465845,139765,47458,60498,1.2946478194820112,0.30209274803633224
21600,0.563095238095238,0,1,0,465846,139764,47458,60498,1.2946385564489236,0.3020942565239536
21601,0.5630952380952381,0,1,0,465847,139763,47458,60498,1.294629293415836,0.30209576502664026
21602,0.5631159420289855,1,0,1,465847,139763,47459,60497,1.294629293415836,0.3020922800359533
21603,0.5631428571428572,0,1,0,465848,139762,47459,60497,1.2946200303827484,0.30209378854383573
21604,0.5631666666666666,2,7,2,465855,139755,47461,60495,1.2945551891511355,0.30209737827715355
21605,0.5631666666666667,0,6,0,465861,139749,47461,60495,1.2944996109526103,0.30210643015521066
21606,0.5632142857142857,1,4,1,465865,139745,47462,60494,1.29446255882026,0.30210897976917583
21607,0.5632380952380952,0,1,0,465866,139744,47462,60494,1.2944532957871726,0.3021104885186628
21608,0.5632619047619049,1,0,1,465866,139744,47463,60493,1.2944532957871726,0.3021070032012066
21609,0.5632857142857142,0,1,0,465867,139743,47463,60493,1.294444032754085,0.30210851195589206
21610,0.5632857142857143,0,1,0,465868,139742,47463,60493,1.2944347697209975,0.30211002072564735
21611,0.5633095238095238,0,1,0,465869,139741,47463,60493,1.2944255066879098,0.30211152951047276
21612,0.5633095238095239,0,2,0,465871,139739,47463,60493,1.2944069806217349,0.3021145471253346
21613,0.5633333333333332,59,183,59,466054,139556,47522,60434,1.2927118455667124,0.30218510925546277
21614,0.5633333333333334,59,304,59,466358,139252,47581,60375,1.2898958835080958,0.3024390488260606
21615,0.5633333333333335,1,4,1,466362,139248,47582,60374,1.2898588313757458,0.30244161465169167
21616,0.5633571428571429,0,1,0,466363,139247,47582,60374,1.289849568342658,0.3024431297308399
21617,0.5633809523809524,0,1,0,466364,139246,47582,60374,1.2898403053095706,0.3024446448251678
21618,0.5633993506493508,1,0,1,466364,139246,47583,60373,1.2898403053095706,0.30244115039149577
21619,0.5634047619047619,0,1,0,466365,139245,47583,60373,1.289831042276483,0.302442665491088
21620,0.5634523809523809,0,1,0,466366,139244,47583,60373,1.2898217792433955,0.3024441806058602
21621,0.5634761904761905,1,1,1,466367,139243,47584,60372,1.289812516210308,0.30244220123738197
21622,0.5634999999999999,0,3,0,466370,139240,47584,60372,1.2897847271110452,0.30244674668857585
21623,0.5635,7,19,7,466389,139221,47591,60365,1.2896087294823817,0.30245107372260577
21624,0.5635714285714286,0,2,0,466391,139219,47591,60365,1.2895902034162066,0.3024541045374379
21625,0.5635833333333333,0,1,0,466392,139218,47591,60365,1.289580940383119,0.30245561996763254
21626,0.5635833333333334,0,1,0,466393,139217,47591,60365,1.2895716773500314,0.3024571354130132
21627,0.5635952380952381,0,4,0,466397,139213,47591,60365,1.2895346252176814,0.3024631973464009
21628,0.5636190476190476,1,4,1,466401,139209,47592,60364,1.289497573085331,0.30246576440700895
21629,0.5636190476190477,0,1,0,466402,139208,47592,60364,1.2894883100522434,0.3024672799791554
21630,0.5636428571428571,0,3,0,466405,139205,47592,60364,1.2894605209529808,0.3024718267867254
21631,0.5636666666666666,2,11,2,466416,139194,47594,60362,1.2893586275890176,0.3024815089498687
21632,0.5636666666666668,0,1,0,466417,139193,47594,60362,1.2893493645559302,0.3024830247300243
21633,0.5637142857142856,0,1,0,466418,139192,47594,60362,1.2893401015228427,0.3024845405253716
21634,0.5637142857142857,0,1,0,466419,139191,47594,60362,1.289330838489755,0.30248605633591075
21635,0.56375,6,1,6,466420,139190,47600,60356,1.2893215754566676,0.3024665991801389
21636,0.5637619047619048,0,1,0,466421,139189,47600,60356,1.28931231242358,0.30246811496153747
21637,0.5637857142857142,0,2,0,466423,139187,47600,60356,1.2892937863574048,0.30247114656991225
21638,0.5638095238095238,0,5,0,466428,139182,47600,60356,1.289247471191967,0.302478725856729
21639,0.5638095238095239,0,2,0,466430,139180,47600,60356,1.289228945125792,0.30248175767781255
21640,0.5638333333333333,1,7,1,466437,139173,47601,60355,1.289164103894179,0.3024888737420312
21641,0.5638502886002886,1,0,1,466437,139173,47602,60354,1.289164103894179,0.3024853779187779
21642,0.5638888888888889,0,1,0,466438,139172,47602,60354,1.2891548408610916,0.30248689393863454
21643,0.5639047619047618,2,1,2,466439,139171,47604,60352,1.289145577828004,0.30248141818236496
21644,0.5639166666666667,1,0,1,466439,139171,47605,60351,1.289145577828004,0.3024779222341396
21645,0.5639743589743589,0,1,0,466440,139170,47605,60351,1.2891363147949164,0.3024794382546198
21646,0.564,16,78,16,466518,139092,47621,60335,1.2884137982140873,0.30254178220602024
21647,0.5640000000000001,0,3,0,466521,139089,47621,60335,1.2883860091148245,0.30254633344030807
21648,0.5640595238095237,0,1,0,466522,139088,47621,60335,1.288376746081737,0.3025478505488334
21649,0.5640714285714286,0,2,0,466524,139086,47621,60335,1.2883582200155619,0.30255088481152936
21650,0.5640833333333333,1,0,1,466524,139086,47622,60334,1.2883582200155619,0.3025473874235282
21651,0.5641190476190476,0,1,0,466525,139085,47622,60334,1.2883489569824744,0.3025489045677694
21652,0.5641666666666666,13,69,13,466594,139016,47635,60321,1.287709807699433,0.30260814600400326
21653,0.5641666666666667,6,38,6,466632,138978,47641,60315,1.2873578124421061,0.302644849543135
21654,0.5641666666666668,0,1,0,466633,138977,47641,60315,1.2873485494090184,0.30264636814322704
21655,0.5642142857142857,1,2,1,466635,138975,47642,60314,1.2873300233428433,0.30264590619652865
21656,0.5642142857142858,0,1,0,466636,138974,47642,60314,1.2873207603097558,0.30264742483240337
21657,0.5642261904761905,0,1,0,466637,138973,47642,60314,1.2873114972766684,0.30264894348351873
21658,0.5642270923520923,0,1,0,466638,138972,47642,60314,1.2873022342435807,0.30265046214987507
21659,0.5642420634920634,0,2,0,466640,138970,47642,60314,1.2872837081774056,0.30265349952831133
21660,0.5642857142857143,4,7,4,466647,138963,47646,60310,1.2872188669457927,0.30265013323430673
21661,0.5643095238095238,0,1,0,466648,138962,47646,60310,1.2872096039127052,0.3026516520133285
21662,0.5643333333333334,6,33,6,466681,138929,47652,60304,1.286903923820816,0.3026807807943463
21663,0.5643571428571428,0,1,0,466682,138928,47652,60304,1.2868946607877283,0.3026823000321234
21664,0.5643650793650794,0,2,0,466684,138926,47652,60304,1.2868761347215532,0.3026853385534307
21665,0.5643730158730158,0,1,0,466685,138925,47652,60304,1.2868668716884657,0.3026868578369615
21666,0.5644047619047619,0,1,0,466686,138924,47652,60304,1.286857608655378,0.302688377135744
21667,0.5644444444444444,1,0,1,466686,138924,47653,60303,1.286857608655378,0.30268487704979746
21668,0.5644761904761905,0,2,0,466688,138922,47653,60303,1.286839082589203,0.3026879156732338
21669,0.5645,3,10,3,466698,138912,47656,60300,1.2867464522583274,0.3026926088789832
21670,0.5645238095238095,1,5,1,466703,138907,47657,60299,1.2867001370928897,0.30269670592251235
21671,0.5645750915750916,0,1,0,466704,138906,47657,60299,1.2866908740598022,0.30269822544614844
21672,0.5645833333333333,0,3,0,466707,138903,47657,60299,1.2866630849605394,0.3027027841085933
21673,0.5645873015873014,0,2,0,466709,138901,47657,60299,1.2866445588943645,0.3027058232931727
21674,0.564595238095238,0,2,0,466711,138899,47657,60299,1.2866260328281893,0.3027088625387805
21675,0.5645952380952381,0,2,0,466713,138897,47657,60299,1.2866075067620142,0.3027119018454186
21676,0.5646071428571429,0,1,0,466714,138896,47657,60299,1.2865982437289265,0.30271342152162456
21677,0.5646190476190477,0,3,0,466717,138893,47657,60299,1.286570454629664,0.30271798064179284
21678,0.5646428571428571,1,3,1,466720,138890,47658,60298,1.2865426655304013,0.3027190392995562
21679,0.5646666666666667,5,26,5,466746,138864,47663,60293,1.286301826670125,0.30274105354067393
21680,0.5646666666666668,0,2,0,466748,138862,47663,60293,1.2862833006039498,0.3027440937962893
21681,0.5646904761904762,0,1,0,466749,138861,47663,60293,1.2862740375708621,0.3027456139469958
21682,0.5646904761904763,0,1,0,466750,138860,47663,60293,1.2862647745377747,0.30274713411296844
21683,0.5647142857142857,0,1,0,466751,138859,47663,60293,1.2862555115046872,0.30274865429420744
21684,0.5647222222222222,1,0,1,466751,138859,47664,60292,1.2862555115046872,0.3027451531752288
21685,0.56475,0,1,0,466752,138858,47664,60292,1.2862462484715995,0.3027466733617876
21686,0.5647619047619048,1,2,1,466754,138856,47665,60291,1.2862277224054244,0.302746212596725
21687,0.5648095238095238,0,2,0,466756,138854,47665,60291,1.2862091963392492,0.3027492530568179
21688,0.5648333333333332,1,0,1,466756,138854,47666,60290,1.2862091963392492,0.3027457518177801
21689,0.5648333333333333,0,7,0,466763,138847,47666,60290,1.2861443551076364,0.3027563938394171
21690,0.5648333333333334,0,1,0,466764,138846,47666,60290,1.286135092074549,0.30275791418929776
21691,0.5648571428571428,1,0,1,466764,138846,47667,60289,1.286135092074549,0.3027544128355136
21692,0.5648809523809524,1,3,1,466767,138843,47668,60288,1.2861073029752863,0.30275547252813473
21693,0.564952380952381,0,2,0,466769,138841,47668,60288,1.2860887769091112,0.3027585133255327
21694,0.5649761904761906,0,1,0,466770,138840,47668,60288,1.2860795138760235,0.3027600337471375
21695,0.564994227994228,0,2,0,466772,138838,47668,60288,1.2860609878098486,0.30276307463616003
21696,0.565,212,949,212,467721,137889,47880,60076,1.2772703694097596,0.3034677847094183
21697,0.5650000000000001,3,16,3,467737,137873,47883,60073,1.2771221608803587,0.30348175765107654
21698,0.565047619047619,1,0,1,467737,137873,47884,60072,1.2771221608803587,0.3034782389047463
21699,0.5650833333333334,0,1,0,467738,137872,47884,60072,1.277112897847271,0.3034797720567433
21700,0.5650952380952382,0,1,0,467739,137871,47884,60072,1.2771036348141835,0.3034813052242312
21701,0.5651190476190476,0,1,0,467740,137870,47884,60072,1.277094371781096,0.3034828384072102
21702,0.5651666666666667,1,6,1,467746,137864,47885,60071,1.2770387935825707,0.30348851895824386
21703,0.565219696969697,0,1,0,467747,137863,47885,60071,1.2770295305494832,0.30349005223963543
21704,0.5652380952380952,0,4,0,467751,137859,47885,60071,1.276992478417133,0.30349618552013335
21705,0.56525,0,1,0,467752,137858,47885,60071,1.2769832153840452,0.30349771887899196
21706,0.5652857142857143,1,0,1,467752,137858,47886,60070,1.2769832153840452,0.3034941999110788
21707,0.5652976190476191,0,1,0,467753,137857,47886,60070,1.2769739523509578,0.3034957332753995
21708,0.5653015873015873,1,1,1,467754,137856,47887,60069,1.2769646893178703,0.3034937476316787
21709,0.5653095238095238,0,1,0,467755,137855,47887,60069,1.2769554262847826,0.303495281016956
21710,0.5653333333333332,0,1,0,467756,137854,47887,60069,1.2769461632516952,0.30349681441772813
21711,0.5653333333333334,4,26,4,467782,137828,47891,60065,1.2767053243914188,0.30352261070376413
21712,0.5653571428571429,0,3,0,467785,137825,47891,60065,1.276677535292156,0.30352721208752337
21713,0.5653611111111112,0,2,0,467787,137823,47891,60065,1.2766590092259809,0.3035302797542044
21714,0.5654166666666667,1,2,1,467789,137821,47892,60064,1.276640483159806,0.3035298279303636
21715,0.5654444444444444,0,2,0,467791,137819,47892,60064,1.2766219570936308,0.303532895700995
21716,0.565448717948718,0,1,0,467792,137818,47892,60064,1.2766126940605431,0.3035344296095653
21717,0.5654523809523809,0,1,0,467793,137817,47892,60064,1.2766034310274557,0.30353596353363893
21718,0.5654545454545454,1,0,1,467793,137817,47893,60063,1.2766034310274557,0.3035324439053972
21719,0.5654761904761905,2,2,2,467795,137815,47895,60061,1.2765849049612805,0.30352847237663994
21720,0.5655,2,17,2,467812,137798,47897,60059,1.2764274333987922,0.30354751158665094
21721,0.5655000000000001,0,1,0,467813,137797,47897,60059,1.2764181703657045,0.3035490457706615
21722,0.5655119047619046,0,1,0,467814,137796,47897,60059,1.276408907332617,0.3035505799701802
21723,0.5655317460317459,2,0,2,467814,137796,47899,60057,1.276408907332617,0.3035435399008355
21724,0.5655555555555555,0,1,0,467815,137795,47899,60057,1.2763996442995293,0.3035450740957888
21725,0.5655555555555556,0,3,0,467818,137792,47899,60057,1.2763718552002667,0.30354967677370115
21726,0.5655714285714286,0,1,0,467819,137791,47899,60057,1.2763625921671793,0.3035512110306902
21727,0.5655952380952382,0,3,0,467822,137788,47899,60057,1.2763348030679165,0.3035558138947156
21728,0.5656428571428571,1,3,1,467825,137785,47900,60056,1.2763070139686539,0.3035568966998752
21729,0.5656666666666665,0,1,0,467826,137784,47900,60056,1.2762977509355664,0.3035584310553983
21730,0.5656666666666667,9,35,9,467861,137749,47909,60047,1.275973544777502,0.3035804566320856
21731,0.5657142857142857,2,17,2,467878,137732,47911,60045,1.2758160732150134,0.30359950853739315
21732,0.56575,0,1,0,467879,137731,47911,60045,1.275806810181926,0.3036010436048863
21733,0.5657619047619048,0,1,0,467880,137730,47911,60045,1.2757975471488383,0.3036025786879029
21734,0.5657857142857143,0,2,0,467882,137728,47911,60045,1.2757790210826634,0.3036056489005072
21735,0.5658095238095238,1,1,1,467883,137727,47912,60044,1.2757697580495757,0.3036036628221529
21736,0.5658333333333332,0,2,0,467885,137725,47912,60044,1.2757512319834006,0.3036067331078177
21737,0.5658333333333333,16,50,16,467935,137675,47928,60028,1.275288080329023,0.30362715790858
21738,0.5658333333333334,18,53,18,467988,137622,47946,60010,1.2747971395753825,0.30364515867875647
21739,0.5658571428571428,0,1,0,467989,137621,47946,60010,1.274787876542295,0.30364669510350095
21740,0.5658809523809524,1,0,1,467989,137621,47947,60009,1.274787876542295,0.30364317158326165
21741,0.5658888888888889,1,0,1,467989,137621,47948,60008,1.274787876542295,0.30363964802736443
21742,0.5659007936507938,0,3,0,467992,137618,47948,60008,1.2747600874430323,0.30364425733456124
21743,0.5659047619047619,0,1,0,467993,137617,47948,60008,1.2747508244099448,0.3036457938013915
21744,0.5659285714285714,0,2,0,467995,137615,47948,60008,1.2747322983437697,0.3036488667817005
21745,0.565952380952381,0,7,0,468002,137608,47948,60008,1.2746674571121568,0.30365962270261515
21746,0.5659523809523811,1,0,1,468002,137608,47949,60007,1.2746674571121568,0.30365609898034057
21747,0.566,3,6,3,468008,137602,47952,60004,1.2746118789136314,0.3036547473254861
21748,0.5660000000000001,22,95,22,468103,137507,47974,59982,1.273731890770314,0.30372324534531037
21749,0.5660714285714286,1,2,1,468105,137505,47975,59981,1.2737133647041388,0.30372279553993703
21750,0.5661111111111111,0,2,0,468107,137503,47975,59981,1.2736948386379636,0.3037258714630046
21751,0.5661428571428572,0,2,0,468109,137501,47975,59981,1.2736763125717885,0.30372894744837503
21752,0.5661666666666666,0,1,0,468110,137500,47975,59981,1.273667049538701,0.30373048546442444
21753,0.5661666666666667,2,13,2,468123,137487,47977,59979,1.2735466301085627,0.3037434292485795
21754,0.5661666666666668,0,1,0,468124,137486,47977,59979,1.2735373670754753,0.30374496746258833
21755,0.5661785714285714,1,0,1,468124,137486,47978,59978,1.2735373670754753,0.3037414414779403
21756,0.5661904761904761,0,2,0,468126,137484,47978,59978,1.2735188410093001,0.30374451793256424
21757,0.5661904761904762,1,1,1,468127,137483,47979,59977,1.2735095779762124,0.3037425301326851
21758,0.5662142857142857,1,0,1,468127,137483,47980,59976,1.2735095779762124,0.30373900404640963
21759,0.56625,2,7,2,468134,137476,47982,59974,1.2734447367445996,0.3037427196758673
21760,0.5662777777777778,0,1,0,468135,137475,47982,59974,1.2734354737115121,0.3037442580109294
21761,0.5662857142857143,0,1,0,468136,137474,47982,59974,1.2734262106784247,0.30374579636157367
21762,0.5663095238095238,0,1,0,468137,137473,47982,59974,1.273416947645337,0.30374733472780036
21763,0.5663333333333332,2,4,2,468141,137469,47984,59972,1.2733798955129867,0.30374643564406584
21764,0.5663333333333334,4,10,4,468151,137459,47988,59968,1.2732872651821112,0.30374771434504905
21765,0.5663571428571429,0,1,0,468152,137458,47988,59968,1.2732780021490238,0.3037492528846251
21766,0.5663809523809524,1,0,1,468152,137458,47989,59967,1.2732780021490238,0.3037457262251488
21767,0.5664285714285713,0,1,0,468153,137457,47989,59967,1.273268739115936,0.3037472647702407
21768,0.5664285714285714,1,2,1,468155,137455,47990,59966,1.273250213049761,0.30374681518176894
21769,0.5664285714285715,0,1,0,468156,137454,47990,59966,1.2732409500166735,0.3037483537635498
21770,0.5664444444444444,0,1,0,468157,137453,47990,59966,1.2732316869835858,0.30374989236091765
21771,0.5664523809523809,0,1,0,468158,137452,47990,59966,1.2732224239504983,0.3037514309738727
21772,0.566452380952381,0,1,0,468159,137451,47990,59966,1.2732131609174109,0.3037529696024152
21773,0.5664563492063492,0,3,0,468162,137448,47990,59966,1.273185371818148,0.3037575855815697
21774,0.5664880952380952,0,2,0,468164,137446,47990,59966,1.273166845751973,0.3037606629789476
21775,0.5664999999999999,1,0,1,468164,137446,47991,59965,1.273166845751973,0.30375713612716615
21776,0.5665,4,21,4,468185,137425,47995,59961,1.2729723220571343,0.3037753437427173
21777,0.5665238095238095,1,0,1,468185,137425,47996,59960,1.2729723220571343,0.30377181650074725
21778,0.566547619047619,0,1,0,468186,137424,47996,59960,1.2729630590240468,0.30377335548980666
21779,0.5665476190476191,0,1,0,468187,137423,47996,59960,1.2729537959909594,0.30377489449446
21780,0.5665555555555555,0,1,0,468188,137422,47996,59960,1.2729445329578717,0.3037764335147075
21781,0.5666007326007327,0,1,0,468189,137421,47996,59960,1.2729352699247842,0.30377797255054945
21782,0.5666111111111111,0,2,0,468191,137419,47996,59960,1.272916743858609,0.30378105066901745
21783,0.5666190476190477,0,1,0,468192,137418,47996,59960,1.2729074808255214,0.30378258975164407
21784,0.5666666666666665,2,3,2,468195,137415,47998,59958,1.2728796917262588,0.3037801523004666
21785,0.5666666666666667,75,317,75,468512,137098,48073,59883,1.2699433102375042,0.30400393946624293
21786,0.5666666666666668,45,185,45,468697,136913,48118,59838,1.2682296491163065,0.3041306016233717
21787,0.5666904761904761,0,3,0,468700,136910,48118,59838,1.268201860017044,0.30413523898591094
21788,0.5667380952380952,0,2,0,468702,136908,48118,59838,1.2681833339508688,0.30413833063950474
21789,0.5667380952380953,0,1,0,468703,136907,48118,59838,1.2681740709177813,0.3041398764898727
21790,0.5667478354978355,0,4,0,468707,136903,48118,59838,1.268137018785431,0.30414606004849015
21791,0.5667500000000001,1,1,1,468708,136902,48119,59837,1.2681277557523436,0.3041440690457916
21792,0.5667619047619047,0,1,0,468709,136901,48119,59837,1.268118492719256,0.30414561498032916
21793,0.5667777777777778,0,1,0,468710,136900,48119,59837,1.2681092296861685,0.30414716093058247
21794,0.5667857142857142,0,1,0,468711,136899,48119,59837,1.2680999666530808,0.3041487068965517
21795,0.5668095238095238,1,1,1,468712,136898,48120,59836,1.2680907036199933,0.30414671587015973
21796,0.5668333333333332,0,1,0,468713,136897,48120,59836,1.2680814405869059,0.3041482618574413
21797,0.5668333333333333,0,4,0,468717,136893,48120,59836,1.2680443884545556,0.3041544459637369
21798,0.5668333333333334,3,5,3,468722,136888,48123,59833,1.2679980732891178,0.3041515649066444
21799,0.5668380230880231,0,4,0,468726,136884,48123,59833,1.2679610211567676,0.30415774945734225
21800,0.5668571428571428,0,1,0,468727,136883,48123,59833,1.26795175812368,0.3041592956343155
21801,0.566857142857143,0,2,0,468729,136881,48123,59833,1.267933232057505,0.304162388035422
21802,0.5668809523809524,0,2,0,468731,136879,48123,59833,1.2679147059913298,0.3041654804994103
21803,0.5669166666666666,1,3,1,468734,136876,48124,59832,1.2678869168920672,0.3041665819387112
21804,0.5669285714285714,1,0,1,468734,136876,48125,59831,1.2678869168920672,0.30416304452815607
21805,0.566952380952381,1,2,1,468736,136874,48126,59830,1.267868390825892,0.30416259964210185
21806,0.5669696969696969,0,1,0,468737,136873,48126,59830,1.2678591277928044,0.30416414594591845
21807,0.567,0,5,0,468742,136868,48126,59830,1.2678128126273667,0.30417187770084086
21808,0.5670000000000001,8,31,8,468773,136837,48134,59822,1.2675256586016526,0.30419151933041455
21809,0.5670238095238095,2,1,2,468774,136836,48136,59820,1.2675163955685649,0.3041859897485965
21810,0.5670357142857143,1,0,1,468774,136836,48137,59819,1.2675163955685649,0.30418245150136025
21811,0.567047619047619,0,2,0,468776,136834,48137,59819,1.26749786950239,0.3041855450972017
21812,0.5670714285714286,1,0,1,468776,136834,48138,59818,1.26749786950239,0.304182006793727
21813,0.5670833333333333,1,0,1,468776,136834,48139,59817,1.26749786950239,0.3041784684542667
21814,0.5670833333333334,0,2,0,468778,136832,48139,59817,1.2674793434362148,0.30418156207252517
21815,0.5670952380952381,1,0,1,468778,136832,48140,59816,1.2674793434362148,0.30417802367682356
21816,0.5671111111111111,1,0,1,468778,136832,48141,59815,1.2674793434362148,0.3041744852451347
21817,0.5671190476190477,0,1,0,468779,136831,48141,59815,1.2674700804031271,0.30417603205760607
21818,0.5671428571428571,0,1,0,468780,136830,48141,59815,1.2674608173700397,0.30417757888580943
21819,0.5671428571428572,2,8,2,468788,136822,48143,59813,1.2673867131053391,0.3041828769039083
21820,0.5671666666666666,1,5,1,468793,136817,48144,59812,1.2673403979399014,0.3041870731173937
21821,0.5671666666666667,1,4,1,468797,136813,48145,59811,1.2673033458075513,0.3041897225160713
21822,0.5672222222222223,0,2,0,468799,136811,48145,59811,1.2672848197413762,0.3041928166736174
21823,0.5672380952380953,0,1,0,468800,136810,48145,59811,1.2672755567082885,0.30419436377599546
21824,0.56725,0,2,0,468802,136808,48145,59811,1.2672570306421134,0.3041974580279627
21825,0.5672619047619049,0,1,0,468803,136807,48145,59811,1.267247767609026,0.3041990051775524
21826,0.5672857142857143,1,1,1,468804,136806,48146,59810,1.2672385045759385,0.3041970134678765
21827,0.5672857142857144,1,1,1,468805,136805,48147,59809,1.2672292415428508,0.3041950217176803
21828,0.5673095238095239,0,1,0,468806,136804,48147,59809,1.2672199785097633,0.3041965688942237
21829,0.5673333333333332,2,18,2,468824,136786,48149,59807,1.2670532439141873,0.3042173424282655
21830,0.5673333333333334,2,16,2,468840,136770,48151,59805,1.2669050353847864,0.3042350247996948
21831,0.5673333333333335,0,5,0,468845,136765,48151,59805,1.2668587202193486,0.3042427633921758
21832,0.5673636363636363,0,1,0,468846,136764,48151,59805,1.266849457186261,0.304244311157914
21833,0.5673809523809523,0,1,0,468847,136763,48151,59805,1.2668401941531735,0.3042458589394001
21834,0.5673809523809524,1,4,1,468851,136759,48152,59804,1.2668031420208232,0.30424851065561676
21835,0.5673888888888888,0,2,0,468853,136757,48152,59804,1.266784615954648,0.30425160637155896
21836,0.5673968253968253,0,2,0,468855,136755,48152,59804,1.2667660898884732,0.3042547021504993
21837,0.5674285714285715,1,1,1,468856,136754,48153,59803,1.2667568268553855,0.30425271040970303
21838,0.5674545454545455,0,1,0,468857,136753,48153,59803,1.266747563822298,0.3042542583284153
21839,0.5674603174603174,0,2,0,468859,136751,48153,59803,1.2667290377561229,0.3042573542130916
21840,0.5674920634920635,1,0,1,468859,136751,48154,59802,1.2667290377561229,0.3042538144927831
21841,0.5674999999999999,0,11,0,468870,136740,48154,59802,1.2666271443921597,0.304270842873279
21842,0.5675,66,222,66,469092,136518,48220,59736,1.2645707510467228,0.30438105720138187
21843,0.5675000000000001,0,8,0,469100,136510,48220,59736,1.2644966467820222,0.30439346534451656
21844,0.567576479076479,0,4,0,469104,136506,48220,59736,1.2644595946496722,0.30439966979545663
21845,0.5675833333333332,0,1,0,469105,136505,48220,59736,1.2644503316165845,0.30440122094771227
21846,0.5676111111111112,0,1,0,469106,136504,48220,59736,1.264441068583497,0.3044027721157766
21847,0.5676190476190476,1,2,1,469108,136502,48221,59735,1.264422542517322,0.30440232983586174
21848,0.5676190476190477,3,4,3,469112,136498,48224,59732,1.2643854903849716,0.30439790042297304
21849,0.5676666666666665,1,0,1,469112,136498,48225,59731,1.2643854903849716,0.30439435557435446
21850,0.5676666666666667,3,25,3,469137,136473,48228,59728,1.2641539145577827,0.30442250549181704
21851,0.5676666666666668,2,10,2,469147,136463,48230,59726,1.2640612842269072,0.30443093139778477
21852,0.5677142857142857,0,3,0,469150,136460,48230,59726,1.2640334951276446,0.30443558663717085
21853,0.5677380952380952,0,3,0,469153,136457,48230,59726,1.264005706028382,0.30444024201893133
21854,0.5677380952380953,0,3,0,469156,136454,48230,59726,1.2639779169291192,0.3044448975430727
21855,0.56775,0,2,0,469158,136452,48230,59726,1.263959390862944,0.3044480013049374
21856,0.5677579365079365,0,1,0,469159,136451,48230,59726,1.2639501278298566,0.30444955320960154
21857,0.5677738095238095,0,3,0,469162,136448,48230,59726,1.263922338730594,0.3044542090185244
21858,0.5677777777777778,0,5,0,469167,136443,48230,59726,1.2638760235651563,0.3044619690165113
21859,0.5677857142857142,0,1,0,469168,136442,48230,59726,1.2638667605320686,0.30446352106357816
21860,0.5678095238095238,1,0,1,469168,136442,48231,59725,1.2638667605320686,0.3044599754290987
21861,0.5678095238095239,1,0,1,469168,136442,48232,59724,1.2638667605320686,0.30445642975846987
21862,0.5678333333333333,1,5,1,469173,136437,48233,59723,1.2638204453666309,0.30446064437194126
21863,0.5678333333333334,1,7,1,469180,136430,48234,59722,1.263755604135018,0.30446796362004974
21864,0.5678571428571428,2,2,2,469182,136428,48236,59720,1.2637370780688428,0.3044639761812509
21865,0.5679047619047619,0,5,0,469187,136423,48236,59720,1.263690762903405,0.30447173745685546
21866,0.5679166666666666,0,2,0,469189,136421,48236,59720,1.26367223683723,0.30447484207789294
21867,0.5679166666666667,1,2,1,469191,136419,48237,59719,1.2636537107710548,0.3044744006770743
21868,0.5679285714285714,1,1,1,469192,136418,48238,59718,1.2636444477379674,0.30447240690133376
21869,0.567952380952381,0,2,0,469194,136416,48238,59718,1.2636259216717922,0.30447551164000125
21870,0.5679761904761905,1,1,1,469195,136415,48239,59717,1.2636166586387048,0.3044735178349275
21871,0.5679920634920634,0,1,0,469196,136414,48239,59717,1.263607395605617,0.3044750702336704
21872,0.568,12,60,12,469256,136354,48251,59705,1.2630516136203638,0.3045256784947388
21873,0.5680000000000001,2,9,2,469265,136345,48253,59703,1.2629682463225758,0.30453256345384805
21874,0.568047619047619,0,1,0,469266,136344,48253,59703,1.2629589832894883,0.30453411681892606
21875,0.5680682650682651,0,2,0,469268,136342,48253,59703,1.2629404572233132,0.3045372235966232
21876,0.5680833333333334,0,1,0,469269,136341,48253,59703,1.2629311941902257,0.3045387770092428
21877,0.568095238095238,1,3,1,469272,136338,48254,59702,1.2629034050909629,0.3045398898184044
21878,0.5681190476190476,0,1,0,469273,136337,48254,59702,1.2628941420578754,0.3045414432842445
21879,0.5681190476190477,1,1,1,469274,136336,48255,59701,1.262884879024788,0.30453944918561293
21880,0.5681349206349207,0,1,0,469275,136335,48255,59701,1.2628756159917003,0.30454100267297846
21881,0.5681666666666666,4,13,4,469288,136322,48259,59697,1.2627551965615622,0.30454700819818487
21882,0.5681666666666667,1,5,1,469293,136317,48260,59696,1.2627088813961242,0.3045512287450322
21883,0.5681904761904761,0,2,0,469295,136315,48260,59696,1.2626903553299493,0.3045543362362316
21884,0.5681904761904762,0,1,0,469296,136314,48260,59696,1.2626810922968617,0.30455589000561195
21885,0.5682142857142857,0,2,0,469298,136312,48260,59696,1.2626625662306865,0.304558997591935
21886,0.5682182539682539,0,1,0,469299,136311,48260,59696,1.262653303197599,0.3045605514088783
21887,0.5682272727272728,1,0,1,469299,136311,48261,59695,1.262653303197599,0.3045570033570401
21888,0.56825,0,1,0,469300,136310,48261,59695,1.2626440401645114,0.3045585571796638
21889,0.5682619047619047,0,1,0,469301,136309,48261,59695,1.262634777131424,0.3045601110181425
21890,0.5682857142857143,0,3,0,469304,136306,48261,59695,1.2626069880321613,0.30456477262871107
21891,0.5683333333333332,18,115,18,469419,136191,48279,59677,1.2615417392270925,0.30467968223497455
21892,0.5683333333333334,41,157,41,469576,136034,48320,59636,1.2600874430323465,0.3047784535186794
21893,0.5683333333333335,0,4,0,469580,136030,48320,59636,1.2600503908999963,0.3047846841045455
21894,0.5683531746031746,0,2,0,469582,136028,48320,59636,1.2600318648338211,0.30478779949300844
21895,0.5683650793650792,2,2,2,469584,136026,48322,59634,1.260013338767646,0.3047838086476541
21896,0.5683809523809523,0,1,0,469585,136025,48322,59634,1.2600040757345585,0.3047853663772175
21897,0.568392857142857,0,1,0,469586,136024,48322,59634,1.259994812701471,0.3047869241227039
21898,0.5684166666666667,0,2,0,469588,136022,48322,59634,1.259976286635296,0.30479003966144663
21899,0.5684523809523808,0,1,0,469589,136021,48322,59634,1.2599670236022082,0.3047915974547034
21900,0.568452380952381,0,1,0,469590,136020,48322,59634,1.2599577605691208,0.30479315526388423
21901,0.5684603174603174,0,1,0,469591,136019,48322,59634,1.259948497536033,0.3047947130889892
21902,0.5684642857142856,1,0,1,469591,136019,48323,59633,1.259948497536033,0.3047911598143643
21903,0.5684761904761904,0,1,0,469592,136018,48323,59633,1.2599392345029456,0.3047927176451948
21904,0.5684999999999999,1,1,1,469593,136017,48324,59632,1.2599299714698582,0.30479072216060393
21905,0.5685,5,13,5,469606,136004,48329,59627,1.25980955203972,0.30479320762046913
21906,0.5685000000000001,0,1,0,469607,136003,48329,59627,1.2598002890066324,0.3047947656289935
21907,0.5685039682539682,0,1,0,469608,136002,48329,59627,1.2597910259735448,0.30479632365344606
21908,0.5685238095238094,0,1,0,469609,136001,48329,59627,1.2597817629404573,0.30479788169382704
21909,0.5685238095238097,0,1,0,469610,136000,48329,59627,1.2597724999073696,0.30479943975013674
21910,0.568547619047619,0,1,0,469611,135999,48329,59627,1.2597632368742822,0.30480099782237535
21911,0.5685555555555556,0,2,0,469613,135997,48329,59627,1.259744710808107,0.3048041140146403
21912,0.5685714285714285,1,4,1,469617,135993,48330,59626,1.2597076586757567,0.30480679279620077
21913,0.5685714285714286,0,4,0,469621,135989,48330,59626,1.2596706065434067,0.30481302558597245
21914,0.5685833333333333,0,1,0,469622,135988,48330,59626,1.259661343510319,0.3048145838232437
21915,0.5686111111111111,0,1,0,469623,135987,48330,59626,1.2596520804772315,0.30481614207644686
21916,0.5686666666666667,7,18,7,469641,135969,48337,59619,1.2594853458816555,0.3048193140683477
21917,0.5686666666666668,3,7,3,469648,135962,48340,59616,1.2594205046500426,0.30481956048226283
21918,0.5686904761904762,0,4,0,469652,135958,48340,59616,1.2593834525176923,0.3048257948398049
21919,0.5687142857142857,1,1,1,469653,135957,48341,59615,1.259374189484605,0.30482379890781913
21920,0.5687222222222222,0,1,0,469654,135956,48341,59615,1.2593649264515172,0.30482535754278495
21921,0.56875,0,5,0,469659,135951,48341,59615,1.2593186112860795,0.30483315095671026
21922,0.5687619047619048,0,2,0,469661,135949,48341,59615,1.2593000852199043,0.3048362684338631
21923,0.5688095238095238,1,2,1,469663,135947,48342,59614,1.2592815591537292,0.304835831275152
21924,0.5688095238095239,1,0,1,469663,135947,48343,59613,1.2592815591537292,0.30483227653916956
21925,0.5688214285714285,0,2,0,469665,135945,48343,59613,1.2592630330875543,0.30483539410302823
21926,0.5688333333333333,1,10,1,469675,135935,48344,59612,1.2591704027566786,0.3048474279840652
21927,0.5688571428571428,1,1,1,469676,135934,48345,59611,1.2591611397235911,0.3048454319977499
21928,0.5688888888888889,1,1,1,469677,135933,48346,59610,1.2591518766905034,0.3048434359706049
21929,0.5689166666666667,0,1,0,469678,135932,48346,59610,1.259142613657416,0.30484499493714906
21930,0.5689219114219113,2,1,2,469679,135931,48348,59608,1.2591333506243285,0.30483944379382116
21931,0.5689285714285713,0,1,0,469680,135930,48348,59608,1.2591240875912408,0.30484100277183973
21932,0.5689444444444445,0,2,0,469682,135928,48348,59608,1.2591055615250657,0.30484412077571393
21933,0.568952380952381,0,1,0,469683,135927,48348,59608,1.2590962984919782,0.30484567980157007
21934,0.569,8,56,8,469739,135871,48356,59600,1.2585775686390752,0.3049045638483458
21935,0.5690000000000001,1,3,1,469742,135868,48357,59599,1.2585497795398126,0.3049056874050351
21936,0.569047619047619,1,3,1,469745,135865,48358,59598,1.2585219904405498,0.3049068110077099
21937,0.5690555555555555,1,5,1,469750,135860,48359,59597,1.258475675275112,0.3049110546053608
21938,0.5691666666666666,16,60,16,469810,135800,48375,59581,1.2579198932898588,0.304947768718555
21939,0.5691666666666667,11,53,11,469863,135747,48386,59570,1.2574289525362186,0.3049913729987661
21940,0.5691666666666668,0,1,0,469864,135746,48386,59570,1.2574196895031309,0.3049929345266133
21941,0.5691904761904761,0,1,0,469865,135745,48386,59570,1.2574104264700434,0.3049944960704503
21942,0.5691904761904762,0,1,0,469866,135744,48386,59570,1.2574011634369557,0.3049960576302774
21943,0.56925,0,2,0,469868,135742,48386,59570,1.2573826373707806,0.30499918079790284
21944,0.5692857142857143,2,6,2,469874,135736,48388,59568,1.2573270591722554,0.30500143366239296
21945,0.5693333333333332,3,14,3,469888,135722,48391,59565,1.2571973767090296,0.3050126224479868
21946,0.5693333333333334,4,30,4,469918,135692,48395,59561,1.256919485716403,0.3050452489846507
21947,0.5693809523809523,1,1,1,469919,135691,48396,59560,1.2569102226833153,0.3050432520191958
21948,0.5693809523809524,0,1,0,469920,135690,48396,59560,1.2569009596502279,0.305044814340589
21949,0.5694047619047619,1,0,1,469920,135690,48397,59559,1.2569009596502279,0.30504125501282975
21950,0.5694166666666667,0,2,0,469922,135688,48397,59559,1.2568824335840527,0.30504437968317055
21951,0.5694285714285714,0,1,0,469923,135687,48397,59559,1.2568731705509653,0.3050459420423466
21952,0.5694444444444444,1,3,1,469926,135684,48398,59558,1.2568453814517024,0.3050470697903115
21953,0.5694523809523809,0,1,0,469927,135683,48398,59558,1.256836118418615,0.305048632203277
21954,0.5695,5,24,5,469951,135659,48403,59553,1.2566138056245137,0.3050683359629531
21955,0.5695238095238095,0,1,0,469952,135658,48403,59553,1.256604542591426,0.30506989872496937
21956,0.5695476190476191,0,1,0,469953,135657,48403,59553,1.2565952795583386,0.3050714615029968
21957,0.5695833333333333,1,5,1,469958,135652,48404,59552,1.2565489643929009,0.30507571566156433
21958,0.569595238095238,0,1,0,469959,135651,48404,59552,1.2565397013598132,0.3050772785254325
21959,0.5696309523809524,0,1,0,469960,135650,48404,59552,1.2565304383267257,0.3050788414053135
21960,0.5696428571428571,0,3,0,469963,135647,48404,59552,1.2565026492274631,0.30508353014103556
21961,0.5696568986568985,2,2,2,469965,135645,48406,59550,1.256484123161288,0.3050795358487666
21962,0.5696666666666667,3,24,3,469989,135621,48409,59547,1.2562618103671865,0.30510636989670437
21963,0.5696666666666668,1,3,1,469992,135618,48410,59546,1.256234021267924,0.30510749933389353
21964,0.5696904761904763,0,2,0,469994,135616,48410,59546,1.2562154952017488,0.30511062604400446
21965,0.5697006604506605,0,2,0,469996,135614,48410,59546,1.2561969691355737,0.30511375281820047
21966,0.5697222222222221,0,1,0,469997,135613,48410,59546,1.2561877061024862,0.30511531622933097
21967,0.5697272727272727,0,1,0,469998,135612,48410,59546,1.2561784430693987,0.3051168796564835
21968,0.5697380952380953,0,1,0,469999,135611,48410,59546,1.256169180036311,0.30511844309965824
21969,0.5697564102564102,0,1,0,470000,135610,48410,59546,1.2561599170032236,0.30512000655885546
21970,0.5697857142857142,0,1,0,470001,135609,48410,59546,1.256150653970136,0.3051215700340755
21971,0.5698095238095238,0,2,0,470003,135607,48410,59546,1.2561321279039608,0.3051246970325847
21972,0.5698333333333333,2,7,2,470010,135600,48412,59544,1.256067286672348,0.3051285204771861
21973,0.5698333333333334,0,2,0,470012,135598,48412,59544,1.256048760606173,0.30513164772319645
21974,0.5698571428571428,0,3,0,470015,135595,48412,59544,1.2560209715069102,0.30513633871240503
21975,0.5698809523809524,2,1,2,470016,135594,48414,59542,1.2560117084738227,0.30513078058379794
21976,0.5699047619047619,0,2,0,470018,135592,48414,59542,1.2559931824076476,0.3051339079811822
21977,0.569904761904762,0,1,0,470019,135591,48414,59542,1.25598391937456,0.30513547170391475
21978,0.5699126984126983,1,0,1,470019,135591,48415,59541,1.25598391937456,0.3051319107065986
21979,0.569952380952381,0,1,0,470020,135590,48415,59541,1.2559746563414724,0.30513347443512306
21980,0.5699523809523811,0,1,0,470021,135589,48415,59541,1.255965393308385,0.3051350381796751
21981,0.5699960317460318,0,1,0,470022,135588,48415,59541,1.2559561302752973,0.3051366019402549
21982,0.57,608,2359,608,472381,133229,49023,58933,1.234104635221757,0.3066839437557894
21983,0.5700000000000001,0,24,0,472405,133205,49023,58933,1.2338823224276556,0.30672225171491324
21984,0.5700238095238095,1,1,1,472406,133204,49024,58932,1.2338730593945682,0.3067202398301203
21985,0.5700952380952381,0,3,0,472409,133201,49024,58932,1.2338452702953056,0.30672502901635845
21986,0.5701082251082251,0,4,0,472413,133197,49024,58932,1.2338082181629553,0.30673141483066063
21987,0.5701190476190476,0,1,0,472414,133196,49024,58932,1.2337989551298678,0.3067330113257828
21988,0.5701515151515152,0,1,0,472415,133195,49024,58932,1.2337896920967801,0.30673460783752415
21989,0.5701666666666666,2,2,2,472417,133193,49026,58930,1.233771166030605,0.3067305840529244
21990,0.5701666666666667,4,11,4,472428,133182,49030,58926,1.233669272666642,0.30673371228683866
21991,0.5702380952380952,1,1,1,472429,133181,49031,58925,1.2336600096335544,0.30673170020717727
21992,0.57025,0,2,0,472431,133179,49031,58925,1.2336414835673792,0.3067348935993004
21993,0.5702857142857143,0,1,0,472432,133178,49031,58925,1.2336322205342918,0.30673649032029693
21994,0.5703030303030303,0,2,0,472434,133176,49031,58925,1.2336136944681166,0.3067396838121613
21995,0.5703333333333332,0,1,0,472435,133175,49031,58925,1.2336044314350292,0.3067412805830297
21996,0.5703333333333334,2,22,2,472457,133153,49033,58923,1.2334006447071029,0.3067691955267707
21997,0.5703333333333335,2,2,2,472459,133151,49035,58921,1.2333821186409277,0.30676517139406057
21998,0.5703571428571429,0,4,0,472463,133147,49035,58921,1.2333450665085777,0.30677156007247436
21999,0.5703690476190476,0,1,0,472464,133146,49035,58921,1.23333580347549,0.30677315728365623
22000,0.5704047619047619,0,1,0,472465,133145,49035,58921,1.2333265404424025,0.30677475451147
22001,0.5704166666666667,0,3,0,472468,133142,49035,58921,1.2332987513431397,0.3067795462947054
22002,0.5704206349206349,0,1,0,472469,133141,49035,58921,1.2332894883100523,0.30678114358904934
22003,0.5704285714285714,1,1,1,472470,133140,49036,58920,1.2332802252769648,0.3067791315213996
22004,0.5704523809523809,0,1,0,472471,133139,49036,58920,1.2332709622438771,0.30678072883853397
22005,0.5704574314574313,1,1,1,472472,133138,49037,58919,1.2332616992107897,0.3067787167351359
22006,0.5704761904761905,0,6,0,472478,133132,49037,58919,1.2332061210122642,0.3067883010242071
22007,0.5704999999999999,0,1,0,472479,133131,49037,58919,1.2331968579791768,0.30678989846394167
22008,0.5705,4,21,4,472500,133110,49041,58915,1.2330023342843381,0.30680900924358806
22009,0.5705268620268621,0,1,0,472501,133109,49041,58915,1.2329930712512505,0.3068106070074574
22010,0.5705555555555555,0,1,0,472502,133108,49041,58915,1.232983808218163,0.3068122047879681
22011,0.5705555555555556,0,2,0,472504,133106,49041,58915,1.2329652821519879,0.3068154003989147
22012,0.5705714285714286,0,1,0,472505,133105,49041,58915,1.2329560191189004,0.3068169982293511
22013,0.5705952380952383,0,1,0,472506,133104,49041,58915,1.2329467560858127,0.3068185960764299
22014,0.5706190476190476,0,2,0,472508,133102,49041,58915,1.2329282300196376,0.3068217918205159
22015,0.5706309523809524,0,1,0,472509,133101,49041,58915,1.2329189669865501,0.30682338971752354
22016,0.5706666666666667,12,32,12,472541,133069,49053,58903,1.2326225499277483,0.30683120455066365
22017,0.5706904761904762,0,3,0,472544,133066,49053,58903,1.2325947608284857,0.30683599956242935
22018,0.5707142857142856,1,0,1,472544,133066,49054,58902,1.2325947608284857,0.30683238873145524
22019,0.5707142857142857,1,5,1,472549,133061,49055,58901,1.232548445663048,0.30683676977735175
22020,0.5707619047619048,0,3,0,472552,133058,49055,58901,1.2325206565637852,0.3068415651258863
22021,0.5707857142857143,1,3,1,472555,133055,49056,58900,1.2324928674645226,0.30684274960277147
22022,0.5708095238095237,0,2,0,472557,133053,49056,58900,1.2324743413983474,0.30684594666402715
22023,0.5708333333333332,0,1,0,472558,133052,49056,58900,1.23246507836526,0.30684754521963825
22024,0.5708333333333333,26,110,26,472668,132942,49082,58874,1.2314461447256289,0.3069295574925971
22025,0.5708333333333334,1,0,1,472668,132942,49083,58873,1.2314461447256289,0.3069259442692177
22026,0.5708760683760683,0,1,0,472669,132941,49083,58873,1.2314368816925414,0.30692754439196307
22027,0.5708809523809523,0,1,0,472670,132940,49083,58873,1.231427618659454,0.30692914453139253
22028,0.5708928571428572,0,1,0,472671,132939,49083,58873,1.2314183556263663,0.30693074468750653
22029,0.5709166666666666,0,1,0,472672,132938,49083,58873,1.2314090925932788,0.3069323448603052
22030,0.5709444444444444,0,1,0,472673,132937,49083,58873,1.2313998295601911,0.3069339450497889
22031,0.570952380952381,1,3,1,472676,132934,49084,58872,1.2313720404609285,0.3069351323733356
22032,0.571,1,4,1,472680,132930,49085,58871,1.2313349883285782,0.3069379200316995
22033,0.5710000000000001,11,52,11,472732,132878,49096,58860,1.2308533106080255,0.30698140170440913
22034,0.5710714285714286,0,1,0,472733,132877,49096,58860,1.230844047574938,0.30698300275898754
22035,0.5710833333333333,0,1,0,472734,132876,49096,58860,1.2308347845418504,0.3069846038302666
22036,0.5711111111111111,1,1,1,472735,132875,49097,58859,1.230825521508763,0.30698259046387183
22037,0.5711190476190476,0,1,0,472736,132874,49097,58859,1.2308162584756752,0.30698419155805207
22038,0.5711428571428571,0,1,0,472737,132873,49097,58859,1.2308069954425878,0.3069857926689337
22039,0.5711428571428572,0,1,0,472738,132872,49097,58859,1.2307977324095,0.306987393796517
22040,0.5711666666666666,1,2,1,472740,132870,49098,58858,1.2307792063433252,0.30698698155720605
22041,0.5711666666666667,2,15,2,472755,132855,49100,58856,1.2306402608470117,0.30700377130159456
22042,0.5711904761904762,0,5,0,472760,132850,49100,58856,1.230593945681574,0.30701177845242195
22043,0.5712142857142857,1,0,1,472760,132850,49101,58855,1.230593945681574,0.30700816358467437
22044,0.5712380952380952,1,0,1,472760,132850,49102,58854,1.230593945681574,0.3070045486792138
22045,0.57125,0,3,0,472763,132847,49102,58854,1.2305661565823114,0.3070093531071825
22046,0.5712619047619047,0,3,0,472766,132844,49102,58854,1.2305383674830486,0.3070141576855262
22047,0.5712857142857143,0,1,0,472767,132843,49102,58854,1.230529104449961,0.3070157592450586
22048,0.5713095238095238,2,0,2,472767,132843,49104,58852,1.230529104449961,0.3070085291739482
22049,0.5713333333333332,1,7,1,472774,132836,49105,58851,1.2304642632183482,0.3070161252458435
22050,0.5713333333333334,4,26,4,472800,132810,49109,58847,1.2302234243580719,0.30704331174963606
22051,0.5713571428571429,0,1,0,472801,132809,49109,58847,1.2302141613249842,0.30704491380389864
22052,0.5714285714285715,0,2,0,472803,132807,49109,58847,1.230195635258809,0.3070481179625784
22053,0.5714821428571428,0,1,0,472804,132806,49109,58847,1.2301863722257216,0.3070497200669961
22054,0.5714838217338218,0,1,0,472805,132805,49109,58847,1.2301771091926341,0.30705132218813264
22055,0.5714999999999999,1,0,1,472805,132805,49110,58846,1.2301771091926341,0.30704770650818414
22056,0.5715,5,32,5,472837,132773,49115,58841,1.2298806921338323,0.307080902230526
22057,0.5715317460317461,0,1,0,472838,132772,49115,58841,1.2298714291007447,0.30708250484048577
22058,0.5716190476190476,0,1,0,472839,132771,49115,58841,1.2298621660676572,0.30708410746717324
22059,0.5716190476190477,1,0,1,472839,132771,49116,58840,1.2298621660676572,0.30708049120353215
22060,0.5716666666666665,1,3,1,472842,132768,49117,58839,1.2298343769683946,0.3070816828195212
22061,0.5716666666666667,40,203,40,473045,132565,49157,58799,1.2279539812516211,0.3072625990259401
22062,0.5716666666666668,18,100,18,473145,132465,49175,58781,1.2270276779428657,0.3073580623908474
22063,0.5717380952380953,0,1,0,473146,132464,49175,58781,1.227018414909778,0.307359669533844
22064,0.57175,0,2,0,473148,132462,49175,58781,1.226999888843603,0.3073628838702593
22065,0.5717857142857143,0,2,0,473150,132460,49175,58781,1.2269813627774278,0.3073660982739057
22066,0.5718333333333332,0,2,0,473152,132458,49175,58781,1.2269628367112528,0.3073693127447853
22067,0.5718333333333333,4,2,4,473154,132456,49179,58777,1.2269443106450777,0.3073580396688856
22068,0.5718333333333334,1,11,1,473165,132445,49180,58776,1.2268424172811145,0.307372098252807
22069,0.571857142857143,0,1,0,473166,132444,49180,58776,1.226833154248027,0.30737370567932226
22070,0.5719047619047619,0,3,0,473169,132441,49180,58776,1.2268053651487643,0.30737852805974364
22071,0.5719632034632035,0,5,0,473174,132436,49180,58776,1.2267590499833265,0.3073865656967136
22072,0.5719761904761905,0,1,0,473175,132435,49180,58776,1.226749786950239,0.3073881732745501
22073,0.5719999999999998,1,2,1,473177,132433,49181,58775,1.226731260884064,0.30738776620225094
22074,0.572,1,4,1,473181,132429,49182,58774,1.2266942087517136,0.3073905744156734
22075,0.5720000000000001,17,47,17,473228,132382,49199,58757,1.2262588461965986,0.30740455898586894
22076,0.5720238095238094,0,1,0,473229,132381,49199,58757,1.226249583163511,0.3074061672718141
22077,0.5720238095238096,0,1,0,473230,132380,49199,58757,1.2262403201304235,0.30740777557458787
22078,0.5720714285714287,0,1,0,473231,132379,49199,58757,1.226231057097336,0.30740938389419054
22079,0.5720833333333333,0,2,0,473233,132377,49199,58757,1.226212531031161,0.30741260058388353
22080,0.5720833333333334,0,1,0,473234,132376,49199,58757,1.2262032679980732,0.3074142089539745
22081,0.5720952380952381,1,2,1,473236,132374,49200,58756,1.226184741931898,0.30741380212420866
22082,0.5721190476190475,1,0,1,473236,132374,49201,58755,1.226184741931898,0.3074101784658529
22083,0.5721428571428571,0,1,0,473237,132373,49201,58755,1.2261754788988106,0.30741178686534676
22084,0.5721428571428572,1,3,1,473240,132370,49202,58754,1.226147689799548,0.30741298842636194
22085,0.5721666666666666,2,12,2,473252,132358,49204,58752,1.2260365334024974,0.30742504316885566
22086,0.5721666666666667,1,6,1,473258,132352,49205,58751,1.225980955203972,0.30743107120244056
22087,0.5722142857142858,1,0,1,473258,132352,49206,58750,1.225980955203972,0.3074274471224791
22088,0.5722222222222222,1,2,1,473260,132350,49207,58749,1.2259624291377968,0.30742704043453917
22089,0.5722222222222223,0,1,0,473261,132349,49207,58749,1.2259531661047094,0.307428649174769
22090,0.5722380952380952,0,1,0,473262,132348,49207,58749,1.2259439030716217,0.30743025793183565
22091,0.5722380952380953,0,1,0,473263,132347,49207,58749,1.2259346400385343,0.3074318667057395
22092,0.5722460317460318,0,2,0,473265,132345,49207,58749,1.2259161139723591,0.3074350843040598
22093,0.57225,1,0,1,473265,132345,49208,58748,1.2259161139723591,0.307431460074414
22094,0.5722619047619047,0,1,0,473266,132344,49208,58748,1.2259068509392717,0.3074330688882842
22095,0.5722619047619049,0,2,0,473268,132342,49208,58748,1.2258883248730965,0.3074362865665393
22096,0.5722857142857143,0,1,0,473269,132341,49208,58748,1.2258790618400088,0.30743789543092487
22097,0.5723333333333332,0,7,0,473276,132334,49208,58748,1.225814220608396,0.30744915795313005
22098,0.5723333333333334,5,24,5,473300,132310,49213,58743,1.2255919078142947,0.3074696550171942
22099,0.5723809523809523,2,0,2,473300,132310,49215,58741,1.2255919078142947,0.30746240532632646
22100,0.5723809523809524,1,4,1,473304,132306,49216,58740,1.2255548556819444,0.3074652178009485
22101,0.572390873015873,0,1,0,473305,132305,49216,58740,1.225545592648857,0.3074668271873119
22102,0.5724166666666668,0,1,0,473306,132304,49216,58740,1.2255363296157693,0.30746843659052364
22103,0.572452380952381,0,1,0,473307,132303,49216,58740,1.2255270665826818,0.30747004601058403
22104,0.5724642857142856,0,1,0,473308,132302,49216,58740,1.2255178035495944,0.3074716554474932
22105,0.5724761904761904,0,1,0,473309,132301,49216,58740,1.2255085405165067,0.30747326490125154
22106,0.5724999999999999,0,16,0,473325,132285,49216,58740,1.2253603319871058,0.3074990184530821
22107,0.5725,53,229,53,473554,132056,49269,58687,1.223239097410056,0.30767577316074507
22108,0.5725000000000001,1,8,1,473562,132048,49270,58686,1.2231649931453554,0.3076850482871433
22109,0.5725119047619048,0,1,0,473563,132047,49270,58686,1.223155730112268,0.30768666145868834
22110,0.5725595238095239,0,1,0,473564,132046,49270,58686,1.2231464670791805,0.3076882746471489
22111,0.5725833333333332,0,1,0,473565,132045,49270,58686,1.2231372040460928,0.30768988785252527
22112,0.5725859140859142,0,1,0,473566,132044,49270,58686,1.2231279410130054,0.3076915010748178
22113,0.5726190476190476,0,4,0,473570,132040,49270,58686,1.223090888880655,0.30769795413315437
22114,0.5726190476190477,0,2,0,473572,132038,49270,58686,1.22307236281448,0.30770118076382624
22115,0.572642857142857,0,1,0,473573,132037,49270,58686,1.2230630997813925,0.30770279410453905
22116,0.5726428571428571,0,1,0,473574,132036,49270,58686,1.2230538367483048,0.3077044074621701
22117,0.5726547619047618,1,0,1,473574,132036,49271,58685,1.2230538367483048,0.3077007775756209
22118,0.5726666666666665,0,2,0,473576,132034,49271,58685,1.2230353106821297,0.30770400432049244
22119,0.5726666666666667,3,34,3,473610,132000,49274,58682,1.222720367557153,0.3077479783094367
22120,0.5726666666666668,1,8,1,473618,131992,49275,58681,1.2226462632924524,0.3077572598113
22121,0.5727380952380952,0,1,0,473619,131991,49275,58681,1.222637000259365,0.30775887387765377
22122,0.5727420634920635,1,0,1,473619,131991,49276,58680,1.222637000259365,0.30775524332488946
22123,0.5727500000000001,0,1,0,473620,131990,49276,58680,1.2226277372262773,0.30775685739759795
22124,0.5727619047619047,1,0,1,473620,131990,49277,58679,1.2226277372262773,0.30775322679617556
22125,0.5727777777777778,1,1,1,473621,131989,49278,58678,1.2226184741931898,0.30775121022515695
22126,0.5728333333333332,0,2,0,473623,131987,49278,58678,1.2225999481270147,0.3077544384129232
22127,0.5728333333333333,1,5,1,473628,131982,49279,58677,1.222553632961577,0.30775887841643984
22128,0.5728333333333334,1,6,1,473634,131976,49280,58676,1.2224980547630515,0.3077649329668716
22129,0.5728571428571428,0,6,0,473640,131970,49280,58676,1.2224424765645263,0.30777461892722635
22130,0.5728712121212122,1,1,1,473641,131969,49281,58675,1.2224332135314386,0.30777260233734083
22131,0.5728888888888889,0,1,0,473642,131968,49281,58675,1.2224239504983512,0.30777421672969896
22132,0.572904761904762,0,1,0,473643,131967,49281,58675,1.2224146874652637,0.3077758311389935
22133,0.5729166666666666,0,1,0,473644,131966,49281,58675,1.222405424432176,0.3077774455652247
22134,0.5729166666666667,0,1,0,473645,131965,49281,58675,1.2223961613990886,0.3077790600083928
22135,0.5729285714285715,1,0,1,473645,131965,49282,58674,1.2223961613990886,0.3077754289521032
22136,0.5729365079365079,0,1,0,473646,131964,49282,58674,1.222386898366001,0.3077770434016303
22137,0.572952380952381,0,1,0,473647,131963,49282,58674,1.2223776353329134,0.3077786578680949
22138,0.573,10,21,10,473668,131942,49292,58664,1.2221831116380748,0.3077762504852943
22139,0.5730000000000001,2,5,2,473673,131937,49294,58662,1.222136796472637,0.3077770607400878
22140,0.5730079365079365,0,1,0,473674,131936,49294,58662,1.2221275334395494,0.3077786755369941
22141,0.5730238095238094,1,2,1,473676,131934,49295,58661,1.2221090073733742,0.30777827330202784
22142,0.5730238095238095,1,3,1,473679,131931,49296,58660,1.2220812182741116,0.3077794859148648
22143,0.5730357142857143,0,1,0,473680,131930,49296,58660,1.2220719552410242,0.3077811007922766
22144,0.573047619047619,0,1,0,473681,131929,49296,58660,1.2220626922079365,0.30778271568663457
22145,0.5730555555555555,1,0,1,473681,131929,49297,58659,1.2220626922079365,0.3077790836778811
22146,0.5730833333333334,0,1,0,473682,131928,49297,58659,1.222053429174849,0.3077806985786019
22147,0.5731060606060606,0,1,0,473683,131927,49297,58659,1.2220441661417614,0.3077823134962694
22148,0.5731428571428571,0,1,0,473684,131926,49297,58659,1.222034903108674,0.30778392843088387
22149,0.5731428571428572,2,2,2,473686,131924,49299,58657,1.2220163770424988,0.3077798941132642
22150,0.5731428571428573,0,2,0,473688,131922,49299,58657,1.2219978509763236,0.30778312405878927
22151,0.5731666666666666,1,12,1,473700,131910,49300,58656,1.221886694579273,0.30779887283145996
22152,0.5731666666666667,1,2,1,473702,131908,49301,58655,1.2218681685130979,0.30779847084691153
22153,0.5731666666666668,0,1,0,473703,131907,49301,58655,1.2218589054800104,0.30780008606122944
22154,0.5732023809523811,0,2,0,473705,131905,49301,58655,1.2218403794138353,0.30780331654072207
22155,0.5732142857142857,0,2,0,473707,131903,49301,58655,1.2218218533476601,0.3078065470880257
22156,0.5732142857142858,0,3,0,473710,131900,49301,58655,1.2217940642483975,0.3078113930361313
22157,0.5732380952380951,0,2,0,473712,131898,49301,58655,1.2217755381822224,0.30781462375297164
22158,0.57325,0,1,0,473713,131897,49301,58655,1.221766275149135,0.30781623913682354
22159,0.5732857142857143,0,1,0,473714,131896,49301,58655,1.2217570121160473,0.30781785453763033
22160,0.5733333333333333,39,168,39,473882,131728,49340,58616,1.2202008225573382,0.307947715714706
22161,0.5733333333333334,69,296,69,474178,131432,49409,58547,1.2174589647634222,0.3081761668394928
22162,0.5733333333333335,2,4,2,474182,131428,49411,58545,1.217421912631072,0.30817537228974645
22163,0.5733809523809524,0,3,0,474185,131425,49411,58545,1.2173941235318093,0.3081802389851029
22164,0.5734047619047619,0,1,0,474186,131424,49411,58545,1.2173848604987216,0.30818186125104624
22165,0.5734166666666667,0,1,0,474187,131423,49411,58545,1.2173755974656342,0.3081834835340689
22166,0.5734285714285714,0,2,0,474189,131421,49411,58545,1.217357071399459,0.3081867281513534
22167,0.5734444444444444,0,1,0,474190,131420,49411,58545,1.2173478083663716,0.30818835048561577
22168,0.5734761904761905,1,0,1,474190,131420,49412,58544,1.2173478083663716,0.30818470868164494
22169,0.5734999999999999,0,1,0,474191,131419,49412,58544,1.217338545333284,0.308186331022357
22170,0.5735,3,19,3,474210,131400,49415,58541,1.2171625477046204,0.3082062324616591
22171,0.5735000000000001,0,1,0,474211,131399,49415,58541,1.217153284671533,0.30820785511214066
22172,0.5735606060606061,0,1,0,474212,131398,49415,58541,1.2171440216384453,0.3082094777797082
22173,0.5735714285714285,0,2,0,474214,131396,49415,58541,1.2171254955722701,0.30821272316610243
22174,0.5735714285714286,0,1,0,474215,131395,49415,58541,1.2171162325391827,0.3082143458849297
22175,0.5735952380952383,0,1,0,474216,131394,49415,58541,1.217106969506095,0.308215968620844
22176,0.5736111111111111,0,1,0,474217,131393,49415,58541,1.2170977064730075,0.30821759137384563
22177,0.5736111111111112,0,1,0,474218,131392,49415,58541,1.21708844343992,0.308219214143935
22178,0.5736190476190476,0,1,0,474219,131391,49415,58541,1.2170791804068324,0.3082208369311122
22179,0.5736428571428572,0,2,0,474221,131389,49415,58541,1.2170606543406572,0.30822408255673145
22180,0.5736666666666665,1,2,1,474223,131387,49416,58540,1.217042128274482,0.3082236859424937
22181,0.5736666666666667,4,21,4,474244,131366,49420,58536,1.2168476045796435,0.3082431991237586
22182,0.5736666666666668,1,3,1,474247,131363,49421,58535,1.2168198154803809,0.30824442595498636
22183,0.5736904761904762,1,0,1,474247,131363,49422,58534,1.2168198154803809,0.308240783161398
22184,0.57375,0,2,0,474249,131361,49422,58534,1.2168012894142057,0.30824402959530267
22185,0.5737770562770563,0,1,0,474250,131360,49422,58534,1.2167920263811183,0.30824565283789906
22186,0.5738095238095238,1,3,1,474253,131357,49423,58533,1.2167642372818557,0.30824687977249987
22187,0.5738095238095239,1,0,1,474253,131357,49424,58532,1.2167642372818557,0.30824323683836347
22188,0.5738333333333333,1,5,1,474258,131352,49425,58531,1.2167179221164177,0.3082477104322135
22189,0.5738333333333334,1,3,1,474261,131349,49426,58530,1.2166901330171551,0.30824893748123805
22190,0.5738571428571428,1,2,1,474263,131347,49427,58529,1.21667160695098,0.3082485411531736
22191,0.5738809523809524,0,1,0,474264,131346,49427,58529,1.2166623439178925,0.3082501645819618
22192,0.5738888888888889,0,1,0,474265,131345,49427,58529,1.2166530808848048,0.30825178802785
22193,0.5739285714285713,1,0,1,474265,131345,49428,58528,1.2166530808848048,0.3082481448125853
22194,0.573952380952381,0,2,0,474267,131343,49428,58528,1.21663455481863,0.3082513917343881
22195,0.5739761904761904,0,1,0,474268,131342,49428,58528,1.2166252917855422,0.3082530152209406
22196,0.574,23,94,23,474362,131248,49451,58505,1.2157545666753122,0.3083218710639621
22197,0.5740000000000001,0,5,0,474367,131243,49451,58505,1.2157082515098745,0.3083299955730759
22198,0.5740000000000002,1,0,1,474367,131243,49452,58504,1.2157082515098745,0.3083263503507302
22199,0.5740151515151516,0,1,0,474368,131242,49452,58504,1.2156989884767868,0.3083279752932868
22200,0.5740238095238095,0,2,0,474370,131240,49452,58504,1.2156804624106117,0.3083312252297833
22201,0.574047619047619,0,4,0,474374,131236,49452,58504,1.2156434102782616,0.30833772530831666
22202,0.5740833333333333,0,1,0,474375,131235,49452,58504,1.215634147245174,0.3083393503707725
22203,0.5740952380952381,1,1,1,474376,131234,49453,58503,1.2156248842120865,0.30833733009376135
22204,0.5741135531135532,1,1,1,474377,131233,49454,58502,1.2156156211789988,0.3083353097741587
22205,0.5741190476190475,0,1,0,474378,131232,49454,58502,1.2156063581459113,0.3083369348667081
22206,0.5741190476190476,0,1,0,474379,131231,49454,58502,1.2155970951128237,0.30833855997638787
22207,0.5741309523809524,0,1,0,474380,131230,49454,58502,1.2155878320797362,0.3083401851031982
22208,0.5741666666666666,17,66,17,474446,131164,49471,58485,1.2149764718959577,0.3083854910914373
22209,0.5741666666666667,6,40,6,474486,131124,49477,58479,1.2146059505724554,0.3084286641034161
22210,0.5741666666666668,0,1,0,474487,131123,49477,58479,1.214596687539368,0.30843029081971707
22211,0.5741904761904761,0,1,0,474488,131122,49477,58479,1.2145874245062804,0.30843191755317745
22212,0.5742121212121212,0,1,0,474489,131121,49477,58479,1.2145781614731928,0.3084335443037975
22213,0.5742380952380952,0,1,0,474490,131120,49477,58479,1.2145688984401053,0.30843517107157736
22214,0.5742499999999999,0,1,0,474491,131119,49477,58479,1.2145596354070176,0.30843679785651745
22215,0.5742857142857143,2,7,2,474498,131112,49479,58477,1.2144947941754047,0.3084408905579965
22216,0.5743095238095237,0,1,0,474499,131111,49479,58477,1.2144855311423173,0.3084425174589109
22217,0.5743333333333333,3,9,3,474508,131102,49482,58474,1.2144021638445293,0.3084462168206946
22218,0.5743333333333334,1,18,1,474526,131084,49483,58473,1.2142354292489532,0.30847185806907684
22219,0.5743333333333335,0,1,0,474527,131083,49483,58473,1.2142261662158658,0.30847348540800607
22220,0.5743571428571428,0,1,0,474528,131082,49483,58473,1.214216903182778,0.3084751127641054
22221,0.5743809523809523,0,1,0,474529,131081,49483,58473,1.2142076401496906,0.3084767401373751
22222,0.5743849206349205,0,1,0,474530,131080,49483,58473,1.2141983771166032,0.30847836752781543
22223,0.574388888888889,0,1,0,474531,131079,49483,58473,1.2141891140835155,0.3084799949354267
22224,0.5744047619047619,0,1,0,474532,131078,49483,58473,1.214179851050428,0.30848162236020915
22225,0.574404761904762,0,1,0,474533,131077,49483,58473,1.2141705880173403,0.308483249802163
22226,0.574420634920635,1,0,1,474533,131077,49484,58472,1.2141705880173403,0.30847960158059395
22227,0.5744285714285715,0,3,0,474536,131074,49484,58472,1.2141427989180777,0.30848448397750416
22228,0.574451381951382,0,7,0,474543,131067,49484,58472,1.2140779576864649,0.3084958768380122
22229,0.5744523809523809,0,1,0,474544,131066,49484,58472,1.2140686946533774,0.3084975044582089
22230,0.5744642857142858,0,2,0,474546,131064,49484,58472,1.2140501685872023,0.30850075975012664
22231,0.5744761904761905,0,1,0,474547,131063,49484,58472,1.2140409055541146,0.3085023874218482
22232,0.5744761904761906,1,5,1,474552,131058,49485,58471,1.2139945903886769,0.3085068775754634
22233,0.5744935064935066,0,2,0,474554,131056,49485,58471,1.2139760643225017,0.3085101331208746
22234,0.5745,4,10,4,474564,131046,49489,58467,1.2138834339916262,0.3085118171312786
22235,0.5745000000000001,0,1,0,474565,131045,49489,58467,1.2138741709585386,0.3085134450588881
22236,0.5745238095238094,2,3,2,474568,131042,49491,58465,1.213846381859276,0.30851103125478213
22237,0.5745238095238095,0,2,0,474570,131040,49491,58465,1.2138278557931008,0.30851428722197305
22238,0.5745476190476191,1,0,1,474570,131040,49492,58464,1.2138278557931008,0.30851063829787234
22239,0.5745555555555556,0,1,0,474571,131039,49492,58464,1.2138185927600134,0.3085122662965758
22240,0.5745714285714285,0,1,0,474572,131038,49492,58464,1.2138093297269257,0.30851389431246107
22241,0.5745833333333333,0,3,0,474575,131035,49492,58464,1.213781540627663,0.3085187784632109
22242,0.5745887445887446,0,1,0,474576,131034,49492,58464,1.2137722775945756,0.30852040654782636
22243,0.5746190476190476,0,1,0,474577,131033,49492,58464,1.213763014561488,0.3085220346496251
22244,0.5746428571428571,0,1,0,474578,131032,49492,58464,1.2137537515284005,0.30852366276860727
22245,0.5746666666666667,5,26,5,474604,131006,49497,58459,1.213512912668124,0.30854775288311825
22246,0.5746666666666668,0,1,0,474605,131005,49497,58459,1.2135036496350364,0.3085493814128278
22247,0.5746904761904762,0,1,0,474606,131004,49497,58459,1.213494386601949,0.3085510099597283
22248,0.5747142857142857,0,1,0,474607,131003,49497,58459,1.2134851235688613,0.3085526385238201
22249,0.5747222222222222,0,1,0,474608,131002,49497,58459,1.2134758605357738,0.3085542671051034
22250,0.57475,0,1,0,474609,131001,49497,58459,1.2134665975026864,0.3085558957035786
22251,0.5747619047619047,1,0,1,474609,131001,49498,58458,1.2134665975026864,0.3085522461324086
22252,0.5747619047619048,0,2,0,474611,130999,49498,58458,1.2134480714365112,0.3085555033596014
22253,0.5748214285714285,1,0,1,474611,130999,49499,58457,1.2134480714365112,0.30855185372857025
22254,0.5748333333333333,0,22,0,474633,130977,49499,58457,1.213244284708585,0.3085876875323332
22255,0.5748571428571428,0,4,0,474637,130973,49499,58457,1.2132072325762349,0.30859420366362245
22256,0.5748809523809524,1,3,1,474640,130970,49500,58456,1.213179443476972,0.30859544096375363
22257,0.5748888888888889,0,1,0,474641,130969,49500,58456,1.2131701804438846,0.3085970700805068
22258,0.5749047619047619,0,1,0,474642,130968,49500,58456,1.213160917410797,0.3085986992144607
22259,0.5749126984126984,0,1,0,474643,130967,49500,58456,1.2131516543777094,0.3086003283656156
22260,0.5749285714285715,1,0,1,474643,130967,49501,58455,1.2131516543777094,0.3085966783161407
22261,0.5749509803921569,0,1,0,474644,130966,49501,58455,1.213142391344622,0.30859830747382816
22262,0.5749523809523809,0,2,0,474646,130964,49501,58455,1.2131238652784468,0.30860156584080795
22263,0.575,221,845,221,475491,130119,49722,58234,1.2052966023194636,0.3091747941365415
22264,0.5750000000000001,3,15,3,475506,130104,49725,58231,1.2051576568231501,0.3091884142618207
22265,0.575030303030303,0,4,0,475510,130100,49725,58231,1.2051206046907998,0.3091949811767579
22266,0.575111111111111,0,1,0,475511,130099,49725,58231,1.2051113416577124,0.30919662294907874
22267,0.5751190476190475,0,1,0,475512,130098,49725,58231,1.205102078624625,0.3091982647388347
22268,0.5751190476190476,1,0,1,475512,130098,49726,58230,1.205102078624625,0.3091945966611444
22269,0.5751309523809524,0,1,0,475513,130097,49726,58230,1.2050928155915372,0.30919623845757643
22270,0.5751587301587302,0,1,0,475514,130096,49726,58230,1.2050835525584498,0.3091978802714442
22271,0.5751666666666666,4,8,4,475522,130088,49730,58226,1.2050094482937492,0.3091963422793844
22272,0.5751666666666667,1,4,1,475526,130084,49731,58225,1.2049723961613992,0.30919924167193286
22273,0.5752142857142857,0,1,0,475527,130083,49731,58225,1.2049631331283115,0.3092008836586868
22274,0.5752261904761905,0,1,0,475528,130082,49731,58225,1.204953870095224,0.3092025256628803
22275,0.5752380952380952,0,1,0,475529,130081,49731,58225,1.2049446070621364,0.30920416768451353
22276,0.57525,0,1,0,475530,130080,49731,58225,1.204935344029049,0.30920580972358674
22277,0.5752777777777778,1,1,1,475531,130079,49732,58224,1.2049260809959612,0.30920378326420717
22278,0.5752857142857143,1,1,1,475532,130078,49733,58223,1.2049168179628738,0.30920175676178036
22279,0.5753095238095238,1,1,1,475533,130077,49734,58222,1.2049075549297863,0.3091997302163049
22280,0.5753333333333333,0,1,0,475534,130076,49734,58222,1.2048982918966986,0.30920137229285494
22281,0.5753333333333334,4,33,4,475567,130043,49738,58218,1.2045926118048094,0.3092408942903735
22282,0.5753571428571429,2,5,2,475572,130038,49740,58216,1.2045462966393716,0.30924176909919576
22283,0.5753636363636363,0,1,0,475573,130037,49740,58216,1.204537033606284,0.3092434117915784
22284,0.5754166666666666,0,1,0,475574,130036,49740,58216,1.2045277705731965,0.309245054501413
22285,0.5754166666666667,1,3,1,475577,130033,49741,58215,1.204499981473934,0.3092463133738473
22286,0.5754761904761905,0,1,0,475578,130032,49741,58215,1.2044907184408462,0.3092479561427274
22287,0.5754999999999999,1,2,1,475580,130030,49742,58214,1.204472192374671,0.3092475722997811
22288,0.5755,5,18,5,475598,130012,49747,58209,1.2043054577790953,0.30925879683988505
22289,0.5755000000000001,0,4,0,475602,130008,49747,58209,1.204268405646745,0.30926536922807185
22290,0.575547619047619,0,1,0,475603,130007,49747,58209,1.2042591426136575,0.3092670123687678
22291,0.5755476190476191,0,2,0,475605,130005,49747,58209,1.2042406165474824,0.30927029870254075
22292,0.5755555555555556,1,1,1,475606,130004,49748,58208,1.2042313535143947,0.30926827194865364
22293,0.5755714285714286,1,2,1,475608,130002,49749,58207,1.2042128274482196,0.30926788835815505
22294,0.5755873293373294,0,1,0,475609,130001,49749,58207,1.204203564415132,0.3092695315820794
22295,0.5756349206349206,1,0,1,475609,130001,49750,58206,1.204203564415132,0.30926586152481045
22296,0.5756428571428571,0,2,0,475611,129999,49750,58206,1.204185038348957,0.3092691480035068
22297,0.5756666666666667,5,20,5,475631,129979,49755,58201,1.203999777687206,0.30928366457646933
22298,0.5756904761904762,0,1,0,475632,129978,49755,58201,1.2039905146541183,0.30928530813746485
22299,0.5757142857142857,3,15,3,475647,129963,49758,58198,1.2038515691578051,0.3092989514298925
22300,0.5757380952380953,1,1,1,475648,129962,49759,58197,1.2038423061247174,0.3092969244096748
22301,0.57575,0,1,0,475649,129961,49759,58197,1.20383304309163,0.30929856822457724
22302,0.5757738095238095,0,1,0,475650,129960,49759,58197,1.2038237800585423,0.30930021205695246
22303,0.5757857142857143,0,1,0,475651,129959,49759,58197,1.2038145170254548,0.30930185590680076
22304,0.5758095238095238,1,1,1,475652,129958,49760,58196,1.2038052539923672,0.3092998288635905
22305,0.5758333333333333,18,94,18,475746,129864,49778,58178,1.2029345288821371,0.3093883281394582
22306,0.5758333333333334,1,0,1,475746,129864,49779,58177,1.2029345288821371,0.3093846554740721
22307,0.5758571428571428,1,1,1,475747,129863,49780,58176,1.2029252658490497,0.30938262807183614
22308,0.5758809523809524,0,1,0,475748,129862,49780,58176,1.202916002815962,0.3093842733915485
22309,0.575917388167388,1,0,1,475748,129862,49781,58175,1.202916002815962,0.30938060062647244
22310,0.575952380952381,1,3,1,475751,129859,49782,58174,1.2028882137166994,0.30938186382177596
22311,0.5759642857142856,0,1,0,475752,129858,49782,58174,1.202878950683612,0.30938350918992513
22312,0.576,0,5,0,475757,129853,49782,58174,1.202832635518174,0.30939173629319194
22313,0.5760000000000001,23,107,23,475864,129746,49805,58151,1.2018414909778057,0.3094833871748884
22314,0.5760238095238095,1,0,1,475864,129746,49806,58150,1.2018414909778057,0.3094797121812066
22315,0.5760238095238096,0,2,0,475866,129744,49806,58150,1.2018229649116308,0.30948300637593534
22316,0.5760981240981242,1,0,1,475866,129744,49807,58149,1.2018229649116308,0.30947933132155003
22317,0.576111111111111,0,1,0,475867,129743,49807,58149,1.201813701878543,0.3094809784344198
22318,0.5761111111111111,1,1,1,475868,129742,49808,58148,1.2018044388454556,0.3094789504497312
22319,0.5761190476190476,0,1,0,475869,129741,49808,58148,1.201795175812368,0.3094805975868731
22320,0.5761428571428572,0,1,0,475870,129740,49808,58148,1.2017859127792805,0.3094822447415482
22321,0.5761666666666666,0,2,0,475872,129738,49808,58148,1.2017673867131053,0.3094855391034989
22322,0.5761666666666667,5,10,5,475882,129728,49813,58143,1.2016747563822299,0.3094836350474528
22323,0.5761904761904761,1,1,1,475883,129727,49814,58142,1.2016654933491422,0.3094816068643576
22324,0.5761904761904763,1,3,1,475886,129724,49815,58141,1.2016377042498796,0.3094828733398983
22325,0.5762142857142858,0,1,0,475887,129723,49815,58141,1.2016284412167921,0.3094845207171145
22326,0.57625,0,3,0,475890,129720,49815,58141,1.2016006521175293,0.3094894629539926
22327,0.5762857142857143,0,2,0,475892,129718,49815,58141,1.2015821260513542,0.30949275786627206
22328,0.5763095238095237,0,1,0,475893,129717,49815,58141,1.2015728630182667,0.30949440534872086
22329,0.5763095238095238,0,3,0,475896,129714,49815,58141,1.2015450739190041,0.30949934790130684
22330,0.5763174603174603,0,2,0,475898,129712,49815,58141,1.201526547852829,0.3095026430240667
22331,0.5763333333333333,1,5,1,475903,129707,49816,58140,1.2014802326873912,0.30950720533199894
22332,0.5763333333333334,3,12,3,475915,129695,49819,58137,1.2013690762903404,0.30951595042378294
22333,0.5763774003774004,1,1,1,475916,129694,49820,58136,1.201359813257253,0.30951392216365864
22334,0.5763809523809524,1,1,1,475917,129693,49821,58135,1.2013505502241655,0.30951189386034034
22335,0.576404761904762,0,1,0,475918,129692,49821,58135,1.2013412871910778,0.30951354171657963
22336,0.5764166666666667,1,0,1,475918,129692,49822,58134,1.2013412871910778,0.30950986551382664
22337,0.5764285714285714,0,1,0,475919,129691,49822,58134,1.2013320241579903,0.30951151337681354
22338,0.5764285714285715,0,2,0,475921,129689,49822,58134,1.2013134980918152,0.3095148091554282
22339,0.5764523809523809,1,0,1,475921,129689,49823,58133,1.2013134980918152,0.30951113288113213
22340,0.5764761904761905,0,2,0,475923,129687,49823,58133,1.20129497202564,0.3095144287083378
22341,0.5764999999999999,0,2,0,475925,129685,49823,58133,1.201276445959465,0.30951772460573534
22342,0.5765,4,20,4,475945,129665,49827,58129,1.201091185297714,0.3095359809152582
22343,0.5765000000000001,0,2,0,475947,129663,49827,58129,1.2010726592315388,0.309539277498509
22344,0.5765119047619048,0,1,0,475948,129662,49827,58129,1.2010633961984511,0.3095409258164662
22345,0.5765238095238093,0,1,0,475949,129661,49827,58129,1.2010541331653637,0.3095425741519783
22346,0.5765476190476191,0,2,0,475951,129659,49827,58129,1.2010356070991886,0.3095458708756683
22347,0.5765714285714285,0,2,0,475953,129657,49827,58129,1.2010170810330134,0.30954916766958135
22348,0.5765952380952382,0,4,0,475957,129653,49827,58129,1.2009800289006631,0.30955576146808533
22349,0.5766031746031746,0,2,0,475959,129651,49827,58129,1.2009615028344882,0.3095590584726808
22350,0.5766060606060607,0,1,0,475960,129650,49827,58129,1.2009522398014005,0.3095607070013154
22351,0.5766190476190476,0,1,0,475961,129649,49827,58129,1.200942976768313,0.3095623555475082
22352,0.5766666666666665,2,3,2,475964,129646,49829,58127,1.2009151876690503,0.30955994738327663
22353,0.5766666666666667,101,509,101,476473,129137,49930,58026,1.1962003038274853,0.3100292258619492
22354,0.5766666666666668,0,1,0,476474,129136,49930,58026,1.1961910407943976,0.3100308823372266
22355,0.5766785714285715,0,2,0,476476,129134,49930,58026,1.1961725147282225,0.3100341953408848
22356,0.5766904761904761,0,2,0,476478,129132,49930,58026,1.1961539886620476,0.3100375084153496
22357,0.5767142857142857,0,1,0,476479,129131,49930,58026,1.19614472562896,0.31003916497913514
22358,0.5767777777777777,0,1,0,476480,129130,49930,58026,1.1961354625958724,0.31004082156062324
22359,0.5767857142857142,0,2,0,476482,129128,49930,58026,1.1961169365296973,0.31004413477670795
22360,0.5767857142857143,2,4,2,476486,129124,49932,58024,1.196079884397347,0.3100433881206318
22361,0.5768095238095239,0,3,0,476489,129121,49932,58024,1.1960520952980844,0.31004835822490584
22362,0.5768333333333333,1,7,1,476496,129114,49933,58023,1.1959872540664716,0.3100562689366614
22363,0.5768333333333334,4,10,4,476506,129104,49937,58019,1.195894623735596,0.3100580901332279
22364,0.5768344155844156,0,3,0,476509,129101,49937,58019,1.1958668346363333,0.31006306113723814
22365,0.5769166666666667,1,1,1,476510,129100,49938,58018,1.1958575716032458,0.31006103100717197
22366,0.5769642857142857,1,0,1,476510,129100,49939,58017,1.1958575716032458,0.31005734380093736
22367,0.5769999999999998,0,1,0,476511,129099,49939,58017,1.1958483085701581,0.3100590008337074
22368,0.577,1,1,1,476512,129098,49940,58016,1.1958390455370707,0.31005697061684323
22369,0.5770000000000001,5,27,5,476539,129071,49945,58011,1.1955889436437066,0.31008327898996163
22370,0.5770238095238095,0,2,0,476541,129069,49945,58011,1.1955704175775317,0.31008659397049393
22371,0.5770238095238096,0,2,0,476543,129067,49945,58011,1.1955518915113565,0.3100899090219053
22372,0.577047619047619,0,1,0,476544,129066,49945,58011,1.1955426284782689,0.3100915665741914
22373,0.5770476190476191,1,4,1,476548,129062,49946,58010,1.1955055763459188,0.31009450906602803
22374,0.5770555555555554,1,0,1,476548,129062,49947,58009,1.1955055763459188,0.3100908211320835
22375,0.5770833333333333,0,2,0,476550,129060,49947,58009,1.1954870502797437,0.3100941363881776
22376,0.5770833333333334,1,0,1,476550,129060,49948,58008,1.1954870502797437,0.3100904483930977
22377,0.5770952380952381,0,1,0,476551,129059,49948,58008,1.195477787246656,0.3100921060368745
22378,0.5771190476190475,0,1,0,476552,129058,49948,58008,1.1954685242135685,0.3100937636983738
22379,0.5771190476190476,1,1,1,476553,129057,49949,58007,1.1954592611804808,0.31009173331052475
22380,0.5771428571428571,0,1,0,476554,129056,49949,58007,1.1954499981473934,0.3100933909966161
22381,0.5771428571428572,2,8,2,476562,129048,49951,58005,1.195375893882693,0.3100992766755946
22382,0.5771587301587302,0,1,0,476563,129047,49951,58005,1.1953666308496054,0.3101009344994975
22383,0.5771666666666666,2,5,2,476568,129042,49953,58003,1.1953203156841676,0.3101018471490818
22384,0.5771666666666667,0,7,0,476575,129035,49953,58003,1.1952554744525548,0.3101134528812327
22385,0.5772142857142857,0,1,0,476576,129034,49953,58003,1.1952462114194673,0.31011511091388333
22386,0.5772222222222222,0,1,0,476577,129033,49953,58003,1.1952369483863796,0.31011676896426354
22387,0.57725,0,1,0,476578,129032,49953,58003,1.1952276853532922,0.31011842703237363
22388,0.5772619047619048,0,1,0,476579,129031,49953,58003,1.1952184223202045,0.3101200851182138
22389,0.5772878787878788,0,1,0,476580,129030,49953,58003,1.195209159287117,0.3101217432217844
22390,0.5772900432900433,1,0,1,476580,129030,49954,58002,1.195209159287117,0.3101180546644424
22391,0.5773095238095238,0,2,0,476582,129028,49954,58002,1.1951906332209419,0.3101213709030637
22392,0.5773333333333333,1,15,1,476597,129013,49955,58001,1.1950516877246284,0.31014255617226516
22393,0.5773333333333334,8,33,8,476630,128980,49963,57993,1.1947460076327392,0.3101677782353602
22394,0.5773636363636364,0,1,0,476631,128979,49963,57993,1.1947367445996517,0.3101694371349721
22395,0.5773690476190477,1,1,1,476632,128978,49964,57992,1.194727481566564,0.3101674065358079
22396,0.5773809523809523,0,1,0,476633,128977,49964,57992,1.1947182185334766,0.3101690654600495
22397,0.5773809523809524,0,3,0,476636,128974,49964,57992,1.194690429434214,0.31017404233924883
22398,0.5774047619047619,0,1,0,476637,128973,49964,57992,1.1946811664011263,0.31017570133447436
22399,0.5774166666666667,0,1,0,476638,128972,49964,57992,1.1946719033680389,0.3101773603474466
22400,0.5774285714285715,0,1,0,476639,128971,49964,57992,1.1946626403349512,0.3101790193781657
22401,0.5774444444444444,0,2,0,476641,128969,49964,57992,1.1946441142687763,0.3101823374928461
22402,0.5774523809523809,0,1,0,476642,128968,49964,57992,1.1946348512356886,0.3101839965768079
22403,0.5774761904761905,1,0,1,476642,128968,49965,57991,1.1946348512356886,0.3101803069122107
22404,0.5774845154845156,0,1,0,476643,128967,49965,57991,1.1946255882026011,0.31018196600305953
22405,0.5774920634920635,1,0,1,476643,128967,49966,57990,1.1946255882026011,0.31017827628813044
22406,0.5774999999999999,1,11,1,476654,128956,49967,57989,1.194523694838638,0.31019283746556475
22407,0.5775,56,230,56,476884,128726,50023,57933,1.1923931972285005,0.310368104404288
22408,0.5775000000000001,4,10,4,476894,128716,50027,57929,1.192300566897625,0.310369953655335
22409,0.5775396825396826,0,1,0,476895,128715,50027,57929,1.1922913038645373,0.31037161655343865
22410,0.5775833333333334,0,1,0,476896,128714,50027,57929,1.1922820408314498,0.3103732794693613
22411,0.5776190476190476,0,1,0,476897,128713,50027,57929,1.1922727777983624,0.31037494240310326
22412,0.5776190476190477,0,2,0,476899,128711,50027,57929,1.1922542517321872,0.3103782683240463
22413,0.5776507936507936,1,1,1,476900,128710,50028,57928,1.1922449886990996,0.3103762363505824
22414,0.5776666666666666,0,1,0,476901,128709,50028,57928,1.192235725666012,0.31037789934471727
22415,0.5776666666666667,3,22,3,476923,128687,50031,57925,1.1920319389380858,0.3104034038539858
22416,0.5776666666666668,2,6,2,476929,128681,50033,57923,1.1919763607395606,0.31040599344065506
22417,0.5777142857142857,0,3,0,476932,128678,50033,57923,1.191948571640298,0.3104109838639664
22418,0.5777380952380952,1,0,1,476932,128678,50034,57922,1.191948571640298,0.31040728831725617
22419,0.5777380952380953,0,4,0,476936,128674,50034,57922,1.1919115195079477,0.3104139424210594
22420,0.5777460317460318,0,1,0,476937,128673,50034,57922,1.19190225647486,0.3104156059915861
22421,0.57775,1,1,1,476938,128672,50035,57921,1.1918929934417726,0.3104135739282824
22422,0.5777777777777776,0,3,0,476941,128669,50035,57921,1.19186520434251,0.31041856476767243
22423,0.5777777777777778,0,3,0,476944,128666,50035,57921,1.1918374152432472,0.3104235557675508
22424,0.5777857142857143,1,0,1,476944,128666,50036,57920,1.1918374152432472,0.3104198600109333
22425,0.5778095238095238,0,1,0,476945,128665,50036,57920,1.1918281522101597,0.31042152370233406
22426,0.5778095238095239,0,1,0,476946,128664,50036,57920,1.1918188891770722,0.310423187411568
22427,0.5778333333333333,3,4,3,476950,128660,50039,57917,1.191781837044722,0.310418754723251
22428,0.5778333333333334,2,4,2,476954,128656,50041,57915,1.1917447849123717,0.3104180178055539
22429,0.5778571428571428,0,4,0,476958,128652,50041,57915,1.1917077327800214,0.3104246731737124
22430,0.577861111111111,1,1,1,476959,128651,50042,57914,1.191698469746934,0.3104226409026345
22431,0.5778690476190477,0,4,0,476963,128647,50042,57914,1.1916614176145837,0.3104292965839591
22432,0.5778950216450217,1,0,1,476963,128647,50043,57913,1.1916614176145837,0.31042560034305317
22433,0.5779021226451566,0,1,0,476964,128646,50043,57913,1.1916521545814962,0.3104272642970856
22434,0.5779047619047619,1,2,1,476966,128644,50044,57912,1.191633628515321,0.31042689594545336
22435,0.5779166666666666,0,2,0,476968,128642,50044,57912,1.191615102449146,0.31043022395660236
22436,0.5779166666666667,0,1,0,476969,128641,50044,57912,1.1916058394160585,0.3104318879889361
22437,0.577936507936508,0,1,0,476970,128640,50044,57912,1.1915965763829708,0.3104335520391097
22438,0.5779761904761905,0,1,0,476971,128639,50044,57912,1.1915873133498833,0.31043521610712355
22439,0.5779999999999998,0,2,0,476973,128637,50044,57912,1.1915687872837082,0.3104385442966727
22440,0.578,20,46,20,477019,128591,50064,57892,1.1911426877616806,0.31044116621890466
22441,0.5780000000000001,0,8,0,477027,128583,50064,57892,1.1910685834969803,0.31045448451535057
22442,0.5780238095238096,0,2,0,477029,128581,50064,57892,1.1910500574308052,0.31045781426801733
22443,0.578047619047619,0,2,0,477031,128579,50064,57892,1.19103153136463,0.31046114409211084
22444,0.5780714285714287,1,0,1,477031,128579,50065,57891,1.19103153136463,0.31045744623800076
22445,0.5780833333333333,1,0,1,477031,128579,50066,57890,1.19103153136463,0.3104537483442288
22446,0.5781428571428572,0,1,0,477032,128578,50066,57890,1.1910222683315426,0.31045541326125664
22447,0.5781666666666666,5,10,5,477042,128568,50071,57885,1.1909296380006669,0.3104535727502373
22448,0.5781666666666667,0,5,0,477047,128563,50071,57885,1.1908833228352291,0.3104618982236334
22449,0.5781904761904763,0,1,0,477048,128562,50071,57885,1.1908740598021417,0.31046356337189657
22450,0.5782142857142857,2,4,2,477052,128558,50073,57883,1.1908370076697914,0.31046282738238906
22451,0.5782619047619048,2,0,2,477052,128558,50075,57881,1.1908370076697914,0.3104554304625105
22452,0.5782777777777778,0,1,0,477053,128557,50075,57881,1.190827744636704,0.3104570956564649
22453,0.5782857142857143,2,0,2,477053,128557,50077,57879,1.190827744636704,0.31044969855607285
22454,0.5782965367965367,0,1,0,477054,128556,50077,57879,1.1908184816036163,0.31045136374607774
22455,0.5783214285714287,0,1,0,477055,128555,50077,57879,1.1908092185705288,0.31045302895394616
22456,0.5783333333333333,27,91,27,477146,128464,50104,57852,1.1899662825595614,0.3105047338929561
22457,0.5783333333333334,49,185,49,477331,128279,50153,57803,1.1882526214383637,0.31063187197042164
22458,0.5783333333333335,1,4,1,477335,128275,50154,57802,1.1882155693060135,0.31063484471482233
22459,0.578404761904762,0,2,0,477337,128273,50154,57802,1.1881970432398385,0.31063818352814726
22460,0.5784523809523809,0,1,0,477338,128272,50154,57802,1.1881877802067509,0.3106398529617249
22461,0.5784999999999999,3,5,3,477343,128267,50157,57799,1.1881414650413131,0.3106370857652661
22462,0.5785,3,20,3,477363,128247,50160,57796,1.187956204379562,0.31065936369548974
22463,0.5785238095238096,1,0,1,477363,128247,50161,57795,1.187956204379562,0.3106556583997162
22464,0.5785555555555555,0,1,0,477364,128246,50161,57795,1.1879469413464745,0.3106573282233486
22465,0.5785714285714285,2,2,2,477366,128244,50163,57793,1.1879284152802994,0.3106532571477717
22466,0.5785714285714286,0,4,0,477370,128240,50163,57793,1.187891363147949,0.3106599366779012
22467,0.5785833333333332,0,1,0,477371,128239,50163,57793,1.1878821001148616,0.3106616066053152
22468,0.5785943500943502,0,5,0,477376,128234,50163,57793,1.1878357849494239,0.31066995651168916
22469,0.5785952380952382,0,1,0,477377,128233,50163,57793,1.1878265219163362,0.3106716265468268
22470,0.5786111111111112,0,1,0,477378,128232,50163,57793,1.1878172588832487,0.3106732965999194
22471,0.5786190476190476,0,3,0,477381,128229,50163,57793,1.1877894697839861,0.3106783068669297
22472,0.5786428571428571,1,4,1,477385,128225,50164,57792,1.1877524176516359,0.31068128181832844
22473,0.5786666666666666,0,1,0,477386,128224,50164,57792,1.1877431546185484,0.31068295200412865
22474,0.5786666666666667,5,18,5,477404,128206,50169,57787,1.1875764200229724,0.31069448850225545
22475,0.5786666666666668,0,5,0,477409,128201,50169,57787,1.1875301048575346,0.3107028410435082
22476,0.5786904761904761,0,4,0,477413,128197,50169,57787,1.1874930527251844,0.31070952339986235
22477,0.5786904761904762,0,2,0,477415,128195,50169,57787,1.1874745266590092,0.3107128646858298
22478,0.5787380952380952,1,0,1,477415,128195,50170,57786,1.1874745266590092,0.3107091584624236
22479,0.5787499999999999,1,0,1,477415,128195,50171,57785,1.1874745266590092,0.3107054521991612
22480,0.57875,3,3,3,477418,128192,50174,57782,1.1874467375597466,0.31069934506974095
22481,0.5787619047619047,1,0,1,477418,128192,50175,57781,1.1874467375597466,0.31069563861420746
22482,0.5787777777777778,0,1,0,477419,128191,50175,57781,1.187437474526659,0.3106973092723636
22483,0.5787878787878789,1,0,1,477419,128191,50176,57780,1.187437474526659,0.31069360276602265
22484,0.5788095238095238,0,1,0,477420,128190,50176,57780,1.1874282114935715,0.31069527343119857
22485,0.5788333333333333,1,9,1,477429,128181,50177,57779,1.1873448441957835,0.3107066035706604
22486,0.5788333333333334,1,0,1,477429,128181,50178,57778,1.1873448441957835,0.31070289687511765
22487,0.578857142857143,0,1,0,477430,128180,50178,57778,1.187335581162696,0.31070456769808236
22488,0.5788809523809523,0,2,0,477432,128178,50178,57778,1.1873170550965209,0.3107079093979221
22489,0.5788888888888889,0,1,0,477433,128177,50178,57778,1.1873077920634332,0.31070958027479767
22490,0.578889971139971,3,2,3,477435,128175,50181,57775,1.187289265997258,0.310701801559559
22491,0.5789166666666667,0,1,0,477436,128174,50181,57775,1.1872800029641706,0.3107034724575018
22492,0.5789761904761905,0,1,0,477437,128173,50181,57775,1.1872707399310831,0.3107051433734162
22493,0.579,5,46,5,477483,128127,50186,57770,1.1868446404090556,0.3107634873074875
22494,0.5790000000000001,0,1,0,477484,128126,50186,57770,1.186835377375968,0.31076515901364204
22495,0.579047619047619,1,2,1,477486,128124,50187,57769,1.186816851309793,0.3107647948013104
22496,0.5791190476190475,0,1,0,477487,128123,50187,57769,1.1868075882767053,0.3107664665504702
22497,0.5791233766233767,1,0,1,477487,128123,50188,57768,1.1868075882767053,0.31076275882102955
22498,0.5791666666666666,21,81,21,477568,128042,50209,57747,1.1860572825966134,0.310820339201998
22499,0.5791666666666667,4,34,4,477602,128008,50213,57743,1.1857423394716367,0.31086239105038466
22500,0.5791865079365078,0,1,0,477603,128007,50213,57743,1.185733076438549,0.31086406460296095
22501,0.5792222222222222,0,1,0,477604,128006,50213,57743,1.1857238134054615,0.3108657381735568
22502,0.5792380952380952,2,0,2,477604,128006,50215,57741,1.1857238134054615,0.3108583180347462
22503,0.5792777777777779,0,1,0,477605,128005,50215,57741,1.1857145503723738,0.31085999160143424
22504,0.5792857142857142,1,0,1,477605,128005,50216,57740,1.1857145503723738,0.31085628146114297
22505,0.5792857142857143,1,3,1,477608,128002,50217,57739,1.1856867612731112,0.31085759202330127
22506,0.5793095238095238,0,1,0,477609,128001,50217,57739,1.1856774982400238,0.31085926564014216
22507,0.5793095238095239,0,1,0,477610,128000,50217,57739,1.185668235206936,0.3108609392750042
22508,0.579329365079365,0,1,0,477611,127999,50217,57739,1.1856589721738486,0.3108626129278877
22509,0.5793333333333333,3,11,3,477622,127988,50220,57736,1.1855570788098855,0.31086989295944517
22510,0.5793333333333334,3,19,3,477641,127969,50223,57733,1.185381081181222,0.310890566606714
22511,0.5794047619047619,0,1,0,477642,127968,50223,57733,1.1853718181481345,0.3108922407526077
22512,0.5794166666666666,0,1,0,477643,127967,50223,57733,1.1853625551150468,0.31089391491653207
22513,0.5794523809523809,0,1,0,477644,127966,50223,57733,1.1853532920819594,0.31089558909848736
22514,0.5794761904761905,0,2,0,477646,127964,50223,57733,1.1853347660157842,0.31089893751649195
22515,0.5794771062271061,0,4,0,477650,127960,50223,57733,1.185297713883434,0.3109056345688852
22516,0.5794999999999999,0,4,0,477654,127956,50223,57733,1.1852606617510837,0.31091233190980616
22517,0.5795,2,8,2,477662,127948,50225,57731,1.1851865574863834,0.31091830524722774
22518,0.5795079365079365,0,1,0,477663,127947,50225,57731,1.185177294453296,0.3109199797498896
22519,0.5795119047619046,0,1,0,477664,127946,50225,57731,1.1851680314202082,0.31092165427058815
22520,0.5795238095238094,0,1,0,477665,127945,50225,57731,1.1851587683871208,0.3109233288093238
22521,0.5795238095238096,0,2,0,477667,127943,50225,57731,1.1851402423209456,0.31092667794090717
22522,0.5795555555555556,0,1,0,477668,127942,50225,57731,1.185130979287858,0.31092835253375556
22523,0.5795833333333333,0,2,0,477670,127940,50225,57731,1.185112453221683,0.3109317017735672
22524,0.579595238095238,0,3,0,477673,127937,50225,57731,1.1850846641224202,0.31093672576857617
22525,0.5796190476190476,1,0,1,477673,127937,50226,57730,1.1850846641224202,0.3109330144829183
22526,0.5796428571428571,0,1,0,477674,127936,50226,57730,1.1850754010893327,0.31093468917303113
22527,0.5796666666666667,4,14,4,477688,127922,50230,57726,1.184945718626107,0.31094329052831166
22528,0.5796666666666668,0,2,0,477690,127920,50230,57726,1.1849271925599318,0.3109466403800782
22529,0.5796800144300146,1,0,1,477690,127920,50231,57725,1.1849271925599318,0.310942928708018
22530,0.5797142857142856,0,2,0,477692,127918,50231,57725,1.1849086664937567,0.31094627861002033
22531,0.57975,1,0,1,477692,127918,50232,57724,1.1849086664937567,0.3109425668760302
22532,0.5797619047619047,0,2,0,477694,127916,50232,57724,1.1848901404275816,0.3109459168282698
22533,0.5797619047619048,0,1,0,477695,127915,50232,57724,1.184880877394494,0.3109475918314578
22534,0.5797857142857142,0,2,0,477697,127913,50232,57724,1.184862351328319,0.310950941891972
22535,0.579797619047619,0,1,0,477698,127912,50232,57724,1.1848530882952313,0.31095261694929865
22536,0.5798095238095239,0,1,0,477699,127911,50232,57724,1.1848438252621438,0.31095429202467206
22537,0.5798333333333333,2,11,2,477710,127900,50234,57722,1.1847419318981807,0.31096529506200776
22538,0.5798333333333334,2,2,2,477712,127898,50236,57720,1.1847234058320055,0.31096122143326616
22539,0.5798441558441558,1,0,1,477712,127898,50237,57719,1.1847234058320055,0.3109575092798612
22540,0.5798571428571428,2,0,2,477712,127898,50239,57717,1.1847234058320055,0.31095008485305603
22541,0.5798809523809524,0,1,0,477713,127897,50239,57717,1.184714142798918,0.3109517601043025
22542,0.5798888888888889,1,0,1,477713,127897,50240,57716,1.184714142798918,0.3109480478199264
22543,0.5799523809523809,0,1,0,477714,127896,50240,57716,1.1847048797658306,0.31094972307824925
22544,0.5799761904761904,0,1,0,477715,127895,50240,57716,1.184695616732743,0.3109513983546234
22545,0.5799761904761905,0,1,0,477716,127894,50240,57716,1.1846863536996555,0.31095307364904906
22546,0.58,569,2236,569,479952,125658,50809,57147,1.1639742117158842,0.3126117994584393
22547,0.5800000000000001,3,28,3,479980,125630,50812,57144,1.1637148467894327,0.31264840732270455
22548,0.5800238095238095,0,1,0,479981,125629,50812,57144,1.1637055837563453,0.3126501179058176
22549,0.580047619047619,2,0,2,479981,125629,50814,57142,1.1637055837563453,0.31264259647318227
22550,0.5800714285714286,1,0,1,479981,125629,50815,57141,1.1637055837563453,0.31263883569513595
22551,0.5800833333333333,0,3,0,479984,125626,50815,57141,1.1636777946570824,0.31264396745583173
22552,0.5800952380952381,0,1,0,479985,125625,50815,57141,1.163668531623995,0.3126456780801681
22553,0.5801190476190476,1,0,1,479985,125625,50816,57140,1.163668531623995,0.3126419172160972
22554,0.5801428571428571,0,1,0,479986,125624,50816,57140,1.1636592685909075,0.31264362784793504
22555,0.580150432900433,0,3,0,479989,125621,50816,57140,1.1636314794916447,0.3126487598557679
22556,0.5801666666666666,1,10,1,479999,125611,50817,57139,1.1635388491607692,0.31266210670314637
22557,0.5801666666666667,0,3,0,480002,125608,50817,57139,1.1635110600615066,0.31266723940748686
22558,0.5802380952380952,1,4,1,480006,125604,50818,57138,1.1634740079291563,0.3126703220934432
22559,0.5802499999999999,1,0,1,480006,125604,50819,57137,1.1634740079291563,0.31266656087030276
22560,0.5802727272727272,0,1,0,480007,125603,50819,57137,1.1634647448960687,0.31266827186166135
22561,0.5802777777777778,0,2,0,480009,125601,50819,57137,1.1634462188298937,0.3126716939005571
22562,0.5803333333333333,0,2,0,480011,125599,50819,57137,1.1634276927637186,0.3126751160143595
22563,0.5803333333333334,10,12,10,480023,125587,50829,57127,1.163316536366668,0.31265803386713664
22564,0.5803571428571428,0,5,0,480028,125582,50829,57127,1.16327022120123,0.3126665900420888
22565,0.5803809523809523,0,2,0,480030,125580,50829,57127,1.163251695135055,0.3126700126431938
22566,0.5803968253968254,0,1,0,480031,125579,50829,57127,1.1632424321019674,0.3126717239718455
22567,0.5804166666666667,2,2,2,480033,125577,50831,57125,1.1632239060357923,0.31266762268612275
22568,0.5804285714285714,0,1,0,480034,125576,50831,57125,1.1632146430027048,0.31266933404852737
22569,0.5804444444444443,0,4,0,480038,125572,50831,57125,1.1631775908703545,0.31267617968549016
22570,0.5804761904761905,1,2,1,480040,125570,50832,57124,1.1631590648041794,0.31267584047642505
22571,0.5804999999999999,0,6,0,480046,125564,50832,57124,1.1631034866056542,0.31268610965142757
22572,0.5805,3,16,3,480062,125548,50835,57121,1.1629552780762533,0.3127022100082663
22573,0.5805000000000001,0,2,0,480064,125546,50835,57121,1.1629367520100782,0.3127056337488435
22574,0.5805555555555556,1,2,1,480066,125544,50836,57120,1.162918225943903,0.31270529496780974
22575,0.5805714285714287,0,2,0,480068,125542,50836,57120,1.162899699877728,0.3127087188358827
22576,0.5805833333333333,1,0,1,480068,125542,50837,57119,1.162899699877728,0.3127049561756478
22577,0.580595238095238,0,4,0,480072,125538,50837,57119,1.1628626477453778,0.31271180409182237
22578,0.5806428571428571,1,0,1,480072,125538,50838,57118,1.1628626477453778,0.31270804134548
22579,0.5806428571428572,0,4,0,480076,125534,50838,57118,1.1628255956130276,0.31271488951667653
22580,0.5806547619047618,1,0,1,480076,125534,50839,57117,1.1628255956130276,0.3127111266842229
22581,0.5806666666666667,8,40,8,480116,125494,50847,57109,1.1624550742895254,0.31274951671111645
22582,0.5806666666666668,0,1,0,480117,125493,50847,57109,1.1624458112564378,0.31275122944984174
22583,0.5806818181818181,0,1,0,480118,125492,50847,57109,1.1624365482233503,0.31275294220732636
22584,0.5807023809523808,0,1,0,480119,125491,50847,57109,1.1624272851902626,0.31275465498357063
22585,0.5807142857142857,2,8,2,480127,125483,50849,57107,1.1623531809255623,0.3127608302754806
22586,0.5808095238095238,0,1,0,480128,125482,50849,57107,1.1623439178924748,0.3127625431981116
22587,0.5808333333333332,0,1,0,480129,125481,50849,57107,1.1623346548593871,0.3127642561395053
22588,0.5808333333333333,14,80,14,480209,125401,50863,57093,1.1615936122123829,0.31284864159917586
22589,0.580857142857143,0,1,0,480210,125400,50863,57093,1.1615843491792952,0.31285035590406207
22590,0.5808809523809524,1,1,1,480211,125399,50864,57092,1.1615750861462077,0.3128483048479103
22591,0.5808928571428571,0,1,0,480212,125398,50864,57092,1.16156582311312,0.3128500191791331
22592,0.5809166666666666,0,1,0,480213,125397,50864,57092,1.1615565600800326,0.31285173352914425
22593,0.580952380952381,1,3,1,480216,125394,50865,57091,1.16152877098077,0.3128531112146204
22594,0.581,12,51,12,480267,125343,50877,57079,1.1610563562933047,0.31289537446141363
22595,0.5810000000000001,1,4,1,480271,125339,50878,57078,1.1610193041609544,0.3128984688927019
22596,0.581031746031746,1,0,1,480271,125339,50879,57077,1.1610193041609544,0.3128947022191036
22597,0.5810476190476189,0,1,0,480272,125338,50879,57077,1.161010041127867,0.31289641750952496
22598,0.5810714285714286,1,0,1,480272,125338,50880,57076,1.161010041127867,0.31289265078338285
22599,0.5811190476190476,1,0,1,480272,125338,50881,57075,1.161010041127867,0.31288888401594184
22600,0.5811428571428572,1,2,1,480274,125336,50882,57074,1.1609915150616918,0.31288854777698594
22601,0.5811666666666666,1,1,1,480275,125335,50883,57073,1.1609822520286042,0.31288649620630676
22602,0.5811666666666667,3,11,3,480286,125324,50886,57070,1.1608803586646412,0.31289406449773566
22603,0.5811904761904761,1,1,1,480287,125323,50887,57069,1.1608710956315536,0.3128920128075793
22604,0.5811904761904763,0,5,0,480292,125318,50887,57069,1.1608247804661158,0.3129005905026126
22605,0.581202380952381,0,1,0,480293,125317,50887,57069,1.1608155174330284,0.31290230609805575
22606,0.5812142857142857,1,0,1,480293,125317,50888,57068,1.1608155174330284,0.3128985388052746
22607,0.5812222222222222,0,1,0,480294,125316,50888,57068,1.1608062543999407,0.31290025440828145
22608,0.5812380952380952,0,5,0,480299,125311,50888,57068,1.160759939234503,0.31290883270551983
22609,0.5812499999999999,0,1,0,480300,125310,50888,57068,1.1607506762014155,0.3129105484214105
22610,0.58125,1,4,1,480304,125306,50889,57067,1.1607136240690652,0.3129136440152874
22611,0.5812857142857142,0,2,0,480306,125304,50889,57067,1.16069509800289,0.3129170756315423
22612,0.5813095238095238,1,3,1,480309,125301,50890,57066,1.1606673089036275,0.31291845564164567
22613,0.5813333333333333,1,4,1,480313,125297,50891,57065,1.1606302567712772,0.3129215516390476
22614,0.5813333333333334,4,22,4,480335,125275,50895,57061,1.160426470043351,0.31294423481923483
22615,0.5813809523809523,1,1,1,480336,125274,50896,57060,1.1604172070102634,0.3129421830267531
22616,0.5813968253968252,0,1,0,480337,125273,50896,57060,1.160407943977176,0.3129438993489933
22617,0.5814166666666667,0,1,0,480338,125272,50896,57060,1.1603986809440883,0.3129456156900599
22618,0.5814285714285714,1,3,1,480341,125269,50897,57059,1.1603708918448257,0.3129469966214734
22619,0.5814285714285715,0,1,0,480342,125268,50897,57059,1.1603616288117382,0.31294871302659505
22620,0.5814444444444444,0,1,0,480343,125267,50897,57059,1.1603523657786505,0.31295042945054463
22621,0.5814761904761903,0,1,0,480344,125266,50897,57059,1.160343102745563,0.3129521458933224
22622,0.5814761904761905,0,1,0,480345,125265,50897,57059,1.1603338397124754,0.3129538623549286
22623,0.5814823232323233,1,2,1,480347,125263,50898,57058,1.1603153136463003,0.31295352702102336
22624,0.5814880952380953,0,1,0,480348,125262,50898,57058,1.1603060506132128,0.3129552435278631
22625,0.5814999999999999,0,1,0,480349,125261,50898,57058,1.1602967875801253,0.3129569600535325
22626,0.5815,3,17,3,480366,125244,50901,57055,1.1601393160176368,0.3129748380408011
22627,0.5815357142857143,0,1,0,480367,125243,50901,57055,1.1601300529845493,0.3129765548716936
22628,0.581547619047619,1,0,1,480367,125243,50902,57054,1.1601300529845493,0.3129727861676275
22629,0.5815476190476191,0,1,0,480368,125242,50902,57054,1.1601207899514616,0.31297450300609997
22630,0.5815714285714284,0,1,0,480369,125241,50902,57054,1.1601115269183742,0.31297621986340823
22631,0.5815833333333333,1,1,1,480370,125240,50903,57053,1.1601022638852867,0.3129741679603715
22632,0.5816666666666666,1,2,1,480372,125238,50904,57052,1.1600837378191116,0.31297383290361513
22633,0.5816666666666667,64,269,64,480641,124969,50968,56988,1.1575919819185594,0.3131948757123936
22634,0.5817142857142857,1,2,1,480643,124967,50969,56987,1.1575734558523842,0.3131945436758741
22635,0.5817380952380953,0,3,0,480646,124964,50969,56987,1.1575456667531216,0.3131997076135883
22636,0.5817738095238094,0,3,0,480649,124961,50969,56987,1.157517877653859,0.3132048717215908
22637,0.5817857142857144,1,7,1,480656,124954,50970,56986,1.1574530364222462,0.31321314719138177
22638,0.5818333333333333,1,2,1,480658,124952,50971,56985,1.157434510356071,0.3132128154251197
22639,0.5818333333333334,1,2,1,480660,124950,50972,56984,1.157415984289896,0.31321248364791626
22640,0.5818809523809523,0,1,0,480661,124949,50972,56984,1.1574067212568084,0.31321420522939764
22641,0.5818888888888888,0,2,0,480663,124947,50972,56984,1.1573881951906333,0.3132176484491373
22642,0.5818888888888889,0,1,0,480664,124946,50972,56984,1.1573789321575456,0.31321937008739625
22643,0.5819047619047619,0,2,0,480666,124944,50972,56984,1.1573604060913705,0.3132228134206939
22644,0.5819166666666666,1,1,1,480667,124943,50973,56983,1.157351143058283,0.3132207600892671
22645,0.5819285714285715,0,2,0,480669,124941,50973,56983,1.1573326169921079,0.3132242035135551
22646,0.581952380952381,0,1,0,480670,124940,50973,56983,1.1573233539590204,0.31322592525409104
22647,0.5819761904761905,0,2,0,480672,124938,50973,56983,1.1573048278928453,0.3132293687919481
22648,0.582,1,3,1,480675,124935,50974,56982,1.1572770387935827,0.3132307590824387
22649,0.5820000000000001,14,61,14,480736,124874,50988,56968,1.1567119937752417,0.31328295993224886
22650,0.5820238095238095,0,1,0,480737,124873,50988,56968,1.1567027307421542,0.3132846827723121
22651,0.5820317460317461,0,1,0,480738,124872,50988,56968,1.1566934677090666,0.31328640563132426
22652,0.582047619047619,0,1,0,480739,124871,50988,56968,1.156684204675979,0.31328812850928567
22653,0.5820833333333334,0,1,0,480740,124870,50988,56968,1.1566749416428916,0.31328985140619675
22654,0.5821349206349207,1,0,1,480740,124870,50989,56967,1.1566749416428916,0.31328607489124877
22655,0.5821428571428572,1,6,1,480746,124864,50990,56966,1.1566193634443662,0.31329263597866136
22656,0.5821666666666666,0,6,0,480752,124858,50990,56966,1.1565637852458408,0.31330297430482223
22657,0.5821666666666667,3,11,3,480763,124847,50993,56963,1.1564618918818779,0.31331059897695396
22658,0.5821904761904761,0,1,0,480764,124846,50993,56963,1.1564526288487902,0.31331232227227473
22659,0.5822142857142857,0,1,0,480765,124845,50993,56963,1.1564433658157027,0.31331404558655285
22660,0.5822222222222222,1,0,1,480765,124845,50994,56962,1.1564433658157027,0.3133102685815178
22661,0.5822619047619049,0,1,0,480766,124844,50994,56962,1.156434102782615,0.31331199190345754
22662,0.5822857142857143,0,3,0,480769,124841,50994,56962,1.1564063136833524,0.31331716198302556
22663,0.5822868936618937,2,6,2,480775,124835,50996,56960,1.1563507354848273,0.3133199482934074
22664,0.5823095238095238,0,1,0,480776,124834,50996,56960,1.1563414724517396,0.31332167178234704
22665,0.5823333333333333,2,9,2,480785,124825,50998,56958,1.1562581051539516,0.3133296292832663
22666,0.5823333333333334,0,11,0,480796,124814,50998,56958,1.1561562117899886,0.31334859054199765
22667,0.5823809523809523,1,2,1,480798,124812,50999,56957,1.1561376857238135,0.3133482607045206
22668,0.5823809523809524,0,1,0,480799,124811,50999,56957,1.1561284226907258,0.3133499845957484
22669,0.5824615384615385,2,0,2,480799,124811,51001,56955,1.1561284226907258,0.31334242927720257
22670,0.5824999999999999,4,8,4,480807,124803,51005,56951,1.1560543184260255,0.3133411094116223
22671,0.5825,68,224,68,481031,124579,51073,56883,1.1539793990144134,0.313470588883623
22672,0.5825000000000002,1,0,1,481031,124579,51074,56882,1.1539793990144134,0.3134668055394823
22673,0.5825833333333335,0,1,0,481032,124578,51074,56882,1.1539701359813257,0.31346853301002975
22674,0.5825952380952382,0,2,0,481034,124576,51074,56882,1.1539516099151506,0.31347198800824433
22675,0.5826190476190476,0,1,0,481035,124575,51074,56882,1.153942346882063,0.3134737155359121
22676,0.5826190476190477,0,1,0,481036,124574,51074,56882,1.1539330838489754,0.3134754430826206
22677,0.5826666666666667,6,26,6,481062,124548,51080,56876,1.153692244988699,0.3134976629332393
22678,0.5826666666666668,3,7,3,481069,124541,51083,56873,1.1536274037570862,0.3134984069586691
22679,0.5827083333333333,0,1,0,481070,124540,51083,56873,1.1536181407239987,0.3135001350509611
22680,0.5827380952380953,2,0,2,481070,124540,51085,56871,1.1536181407239987,0.3134925666029072
22681,0.5828333333333332,0,1,0,481071,124539,51085,56871,1.153608877690911,0.3134942946915826
22682,0.5828333333333333,1,6,1,481077,124533,51086,56870,1.1535532994923858,0.31350087925778514
22683,0.5828333333333334,0,2,0,481079,124531,51086,56870,1.1535347734262107,0.31350433569825964
22684,0.5828571428571429,4,8,4,481087,124523,51090,56866,1.1534606691615104,0.31350302388788737
22685,0.582888888888889,0,1,0,481088,124522,51090,56866,1.1534514061284227,0.31350475224380886
22686,0.5829047619047619,0,1,0,481089,124521,51090,56866,1.1534421430953352,0.31350648061878744
22687,0.5829166666666667,0,7,0,481096,124514,51090,56866,1.1533773018637223,0.3135185797772632
22688,0.5829999999999999,0,1,0,481097,124513,51090,56866,1.1533680388306347,0.31352030830471
22689,0.583,6,33,6,481130,124480,51096,56860,1.1530623587387454,0.3135546487261498
22690,0.5830000000000001,2,6,2,481136,124474,51098,56858,1.15300678054022,0.3135574526283281
22691,0.583047619047619,0,1,0,481137,124473,51098,56858,1.1529975175071325,0.31355918182770737
22692,0.5830555555555555,0,1,0,481138,124472,51098,56858,1.152988254474045,0.31356091104615896
22693,0.5830714285714285,0,1,0,481139,124471,51098,56858,1.1529789914409574,0.31356264028368325
22694,0.5830714285714286,1,1,1,481140,124470,51099,56857,1.15296972840787,0.313560583917453
22695,0.5830833333333334,0,1,0,481141,124469,51099,56857,1.1529604653747823,0.31356231318178307
22696,0.5830952380952381,0,1,0,481142,124468,51099,56857,1.1529512023416948,0.3135640424651868
22697,0.5830952380952382,0,1,0,481143,124467,51099,56857,1.1529419393086071,0.31356577176766454
22698,0.5831428571428572,0,2,0,481145,124465,51099,56857,1.1529234132424322,0.313569230429843
22699,0.5831666666666666,0,11,0,481156,124454,51099,56857,1.152821519878469,0.3135882544357485
22700,0.5831666666666667,3,1,3,481157,124453,51102,56854,1.1528122568453814,0.31357862630786454
22701,0.5831904761904761,1,0,1,481157,124453,51103,56853,1.1528122568453814,0.31357484032519606
22702,0.5832142857142857,0,1,0,481158,124452,51103,56853,1.152802993812294,0.3135765698684537
22703,0.5832499999999999,0,1,0,481159,124451,51103,56853,1.1527937307792064,0.3135782994307903
22704,0.58325,0,1,0,481160,124450,51103,56853,1.1527844677461188,0.3135800290122061
22705,0.5832976190476189,1,0,1,481160,124450,51104,56852,1.1527844677461188,0.3135762429537457
22706,0.5833333333333333,59,178,59,481338,124272,51163,56793,1.1511356478565342,0.31366084002982353
22707,0.5833333333333334,69,262,69,481600,124010,51232,56724,1.148708733187595,0.3138535084710126
22708,0.5833333333333335,0,2,0,481602,124008,51232,56724,1.1486902071214198,0.313856981608127
22709,0.5833571428571428,0,1,0,481603,124007,51232,56724,1.1486809440883323,0.31385871820550987
22710,0.583373015873016,0,1,0,481604,124006,51232,56724,1.1486716810552446,0.31386045482211034
22711,0.5833809523809523,0,1,0,481605,124005,51232,56724,1.1486624180221572,0.3138621914579287
22712,0.5833888888888891,0,2,0,481607,124003,51232,56724,1.148643891955982,0.3138656647872205
22713,0.5833928571428572,0,1,0,481608,124002,51232,56724,1.1486346289228946,0.31386740148069453
22714,0.5834166666666667,0,1,0,481609,124001,51232,56724,1.148625365889807,0.31386913819338774
22715,0.5834285714285714,0,4,0,481613,123997,51232,56724,1.1485883137574568,0.3138760852363588
22716,0.5834444444444444,0,2,0,481615,123995,51232,56724,1.1485697876912817,0.31387955887316776
22717,0.5834761904761905,1,2,1,481617,123993,51233,56723,1.1485512616251066,0.3138792359281967
22718,0.5834761904761906,0,1,0,481618,123992,51233,56723,1.1485419985920189,0.31388097280247906
22719,0.5834848484848485,0,1,0,481619,123991,51233,56723,1.1485327355589314,0.3138827096959837
22720,0.5834999999999999,1,4,1,481623,123987,51234,56722,1.1484956834265811,0.3138858606931586
22721,0.5835,4,21,4,481644,123966,51238,56718,1.1483011597317425,0.3139071528192867
22722,0.5835000000000001,0,1,0,481645,123965,51238,56718,1.148291896698655,0.313908890155687
22723,0.583547619047619,0,1,0,481646,123964,51238,56718,1.1482826336655674,0.3139106275113182
22724,0.5835476190476191,1,1,1,481647,123963,51239,56717,1.14827337063248,0.313908567633385
22725,0.5835555555555555,0,1,0,481648,123962,51239,56717,1.1482641075993922,0.31391030501607825
22726,0.5835714285714285,0,2,0,481650,123960,51239,56717,1.1482455815332173,0.31391377983916047
22727,0.5835714285714286,0,1,0,481651,123959,51239,56717,1.1482363185001296,0.31391551727955014
22728,0.583579365079365,0,1,0,481652,123958,51239,56717,1.1482270554670422,0.31391725473917254
22729,0.5835833333333333,0,1,0,481653,123957,51239,56717,1.1482177924339545,0.31391899221802805
22730,0.5836111111111111,0,1,0,481654,123956,51239,56717,1.148208529400867,0.31392072971611695
22731,0.5836190476190476,0,1,0,481655,123955,51239,56717,1.1481992663677794,0.3139224672334396
22732,0.5836666666666666,0,5,0,481660,123950,51239,56717,1.1481529512023416,0.3139311551085699
22733,0.5836666666666667,0,10,0,481670,123940,51239,56717,1.1480603208714661,0.3139485323015438
22734,0.5836666666666668,1,9,1,481679,123931,51240,56716,1.1479769535736781,0.313960375760461
22735,0.5837499999999999,1,0,1,481679,123931,51241,56715,1.1479769535736781,0.3139565780587447
22736,0.58375,5,10,5,481689,123921,51246,56710,1.1478843232428027,0.3139549689698889
22737,0.5837777777777778,1,1,1,481690,123920,51247,56709,1.147875060209715,0.31395290900132317
22738,0.5837857142857142,0,1,0,481691,123919,51247,56709,1.1478657971766275,0.31395464712004784
22739,0.5838095238095238,0,3,0,481694,123916,51247,56709,1.147838008077365,0.3139598615916955
22740,0.5838333333333332,0,4,0,481698,123912,51247,56709,1.1478009559450146,0.31396681449000946
22741,0.5838333333333333,0,11,0,481709,123901,51247,56709,1.1476990625810515,0.3139859365483639
22742,0.5838571428571427,0,1,0,481710,123900,51247,56709,1.147689799547964,0.31398767503280567
22743,0.5838730158730158,0,1,0,481711,123899,51247,56709,1.1476805365148763,0.31398941353649895
22744,0.5838809523809524,0,1,0,481712,123898,51247,56709,1.1476712734817889,0.313991152059444
22745,0.5838809523809525,0,6,0,481718,123892,51247,56709,1.1476156952832635,0.3140015836014197
22746,0.5838888888888889,0,1,0,481719,123891,51247,56709,1.147606432250176,0.3140033222591362
22747,0.583888888888889,0,1,0,481720,123890,51247,56709,1.1475971692170885,0.3140050609361071
22748,0.5838928571428571,0,1,0,481721,123889,51247,56709,1.1475879061840009,0.3140067996323326
22749,0.5839047619047618,0,2,0,481723,123887,51247,56709,1.1475693801178257,0.3140102770825489
22750,0.5839166666666668,1,0,1,481723,123887,51248,56708,1.1475693801178257,0.31400647858467845
22751,0.5839285714285715,2,1,2,481724,123886,51250,56706,1.1475601170847383,0.31400062018251085
22752,0.5839393939393939,0,1,0,481725,123885,51250,56706,1.1475508540516506,0.31400235892154094
22753,0.5839523809523809,0,1,0,481726,123884,51250,56706,1.1475415910185631,0.31400409767982723
22754,0.5839801587301587,1,4,1,481730,123880,51251,56705,1.1475045388862128,0.3140072542016225
22755,0.5839920634920633,0,2,0,481732,123878,51251,56705,1.1474860128200377,0.3140107319072116
22756,0.584,19,77,19,481809,123801,51270,56686,1.146772759272296,0.31407248167458046
22757,0.5840000000000001,1,2,1,481811,123799,51271,56685,1.146754233206121,0.3140721615212429
22758,0.5840357142857143,0,1,0,481812,123798,51271,56685,1.1467449701730335,0.31407390169711275
22759,0.584047619047619,0,3,0,481815,123795,51271,56685,1.1467171810737709,0.3140791223404255
22760,0.5840476190476191,0,1,0,481816,123794,51271,56685,1.1467079180406832,0.31408086259343193
22761,0.5840714285714285,0,1,0,481817,123793,51271,56685,1.1466986550075957,0.31408260286572326
22762,0.58412987012987,0,1,0,481818,123792,51271,56685,1.146689391974508,0.31408434315729983
22763,0.5841666666666666,13,73,13,481891,123719,51284,56672,1.1460131905591167,0.3141620147346597
22764,0.5841666666666667,9,29,9,481920,123690,51293,56663,1.1457445625995777,0.3141783058779172
22765,0.5842142857142858,0,3,0,481923,123687,51293,56663,1.1457167735003149,0.31418353202107013
22766,0.5842857142857142,0,1,0,481924,123686,51293,56663,1.1457075104672274,0.314185274107425
22767,0.5842857142857143,2,11,2,481935,123675,51295,56661,1.1456056171032643,0.3141968325791855
22768,0.5843095238095237,0,1,0,481936,123674,51295,56661,1.1455963540701768,0.31419857487453906
22769,0.5843333333333333,4,6,4,481942,123668,51299,56657,1.1455407758716514,0.31419381671981145
22770,0.5843333333333334,2,14,2,481956,123654,51301,56655,1.1454110934084256,0.3142106051278638
22771,0.5843373015873016,0,3,0,481959,123651,51301,56655,1.145383304309163,0.3142158330837576
22772,0.5843571428571428,0,1,0,481960,123650,51301,56655,1.1453740412760753,0.3142175757743823
22773,0.5843809523809526,0,1,0,481961,123649,51301,56655,1.1453647782429879,0.31421931848433754
22774,0.5844047619047619,0,1,0,481962,123648,51301,56655,1.1453555152099004,0.31422106121362375
22775,0.5844166666666667,0,1,0,481963,123647,51301,56655,1.1453462521768127,0.3142228039622411
22776,0.584436507936508,0,1,0,481964,123646,51301,56655,1.1453369891437253,0.31422454673019007
22777,0.5844380341880341,1,2,1,481966,123644,51302,56654,1.1453184630775501,0.31422422877680284
22778,0.5844642857142857,0,1,0,481967,123643,51302,56654,1.1453092000444625,0.31422597159131876
22779,0.5844880952380952,0,1,0,481968,123642,51302,56654,1.145299937011375,0.3142277144251675
22780,0.5844999999999998,0,1,0,481969,123641,51302,56654,1.1452906739782875,0.3142294572783494
22781,0.5844999999999999,0,3,0,481972,123638,51302,56654,1.1452628848790247,0.31423468595389703
22782,0.5845,1,9,1,481981,123629,51303,56653,1.1451795175812367,0.3142465692637091
22783,0.5845119047619047,1,2,1,481983,123627,51304,56652,1.1451609915150618,0.31424625164328623
22784,0.5845238095238094,2,1,2,481984,123626,51306,56650,1.145151728481974,0.3142403869622135
22785,0.5845476190476191,0,1,0,481985,123625,51306,56650,1.1451424654488866,0.3142421300790459
22786,0.5845714285714285,0,1,0,481986,123624,51306,56650,1.145133202415799,0.31424387321521685
22787,0.5845714285714286,0,1,0,481987,123623,51306,56650,1.1451239393827115,0.3142456163707266
22788,0.5845833333333332,0,3,0,481990,123620,51306,56650,1.145096150283449,0.3142508459532923
22789,0.5845833333333333,1,0,1,481990,123620,51307,56649,1.145096150283449,0.3142470419206852
22790,0.5845952380952381,0,2,0,481992,123618,51307,56649,1.1450776242172738,0.3142505283828987
22791,0.5846190476190477,0,2,0,481994,123616,51307,56649,1.1450590981510986,0.31425401492247523
22792,0.5846428571428572,0,2,0,481996,123614,51307,56649,1.1450405720849235,0.3142575015394174
22793,0.5846666666666667,3,22,3,482018,123592,51310,56646,1.1448367853569974,0.3142844461212397
22794,0.5846666666666668,1,2,1,482020,123590,51311,56645,1.1448182592908223,0.31428412905373543
22795,0.5846904761904761,0,1,0,482021,123589,51311,56645,1.1448089962577346,0.3142858728097917
22796,0.5847142857142856,0,2,0,482023,123587,51311,56645,1.1447904701915594,0.31428936037995475
22797,0.5847380952380952,0,1,0,482024,123586,51311,56645,1.144781207158472,0.3142911041940621
22798,0.58475,0,2,0,482026,123584,51311,56645,1.1447626810922968,0.31429459188033004
22799,0.5847619047619048,1,1,1,482027,123583,51312,56644,1.1447534180592094,0.31429253108579736
22800,0.5847675438596491,0,1,0,482028,123582,51312,56644,1.1447441550261217,0.3142942749658762
22801,0.5847857142857142,0,1,0,482029,123581,51312,56644,1.1447348919930342,0.3142960188653073
22802,0.5847936507936508,1,0,1,482029,123581,51313,56643,1.1447348919930342,0.3142922141335227
22803,0.5848214285714285,0,1,0,482030,123580,51313,56643,1.1447256289599466,0.31429395804087157
22804,0.5848333333333333,1,10,1,482040,123570,51314,56642,1.144632998629071,0.3143075932790269
22805,0.5848333333333334,0,2,0,482042,123568,51314,56642,1.144614472562896,0.3143110815160091
22806,0.5848571428571429,0,2,0,482044,123566,51314,56642,1.1445959464967208,0.31431456983041817
22807,0.5848809523809523,0,1,0,482045,123565,51314,56642,1.1445866834636333,0.3143163140166586
22808,0.5848809523809524,1,2,1,482047,123563,51315,56641,1.1445681573974582,0.3143159974251404
22809,0.5848888888888889,0,1,0,482048,123562,51315,56641,1.1445588943643707,0.314317741658019
22810,0.5849010989010989,0,3,0,482051,123559,51315,56641,1.144531105265108,0.314322974472808
22811,0.585,185,797,185,482848,122762,51500,56456,1.1371484678943273,0.31501300092624623
22812,0.5850000000000001,4,6,4,482854,122756,51504,56452,1.137092889695802,0.31500825855988573
22813,0.5850119047619047,0,1,0,482855,122755,51504,56452,1.1370836266627145,0.31501001634980774
22814,0.585047619047619,1,0,1,482855,122755,51505,56451,1.1370836266627145,0.31500619398904056
22815,0.5850714285714286,0,1,0,482856,122754,51505,56451,1.137074363629627,0.31500795178705954
22816,0.5850833333333333,0,1,0,482857,122753,51505,56451,1.1370651005965393,0.3150097096046963
22817,0.5850952380952381,0,3,0,482860,122750,51505,56451,1.1370373114972767,0.3150149831753171
22818,0.5851190476190476,0,1,0,482861,122749,51505,56451,1.137028048464189,0.3150167410714286
22819,0.5851428571428571,1,2,1,482863,122747,51506,56450,1.1370095223980141,0.3150164344269156
22820,0.5851547619047619,1,0,1,482863,122747,51507,56449,1.1370095223980141,0.31501261188865826
22821,0.5851666666666665,0,3,0,482866,122744,51507,56449,1.1369817332987513,0.3150178857433047
22822,0.5851666666666666,1,9,1,482875,122735,51508,56448,1.1368983660009633,0.31502988564763396
22823,0.5851666666666667,0,6,0,482881,122729,51508,56448,1.136842787802438,0.3150404348772443
22824,0.5852142857142857,1,2,1,482883,122727,51509,56447,1.136824261736263,0.3150401285900856
22825,0.5852222222222222,0,1,0,482884,122726,51509,56447,1.1368149987031753,0.31504188689144014
22826,0.5852380952380952,1,2,1,482886,122724,51510,56446,1.1367964726370003,0.31504158062175586
22827,0.5852857142857143,0,1,0,482887,122723,51510,56446,1.1367872096039127,0.3150433389704692
22828,0.5853333333333333,0,12,0,482899,122711,51510,56446,1.136676053206862,0.3150644406861021
22829,0.5853333333333334,2,8,2,482907,122703,51512,56444,1.1366019489421617,0.3150708635924688
22830,0.5853571428571428,2,1,2,482908,122702,51514,56442,1.136592685909074,0.3150649756620372
22831,0.5853809523809524,1,0,1,482908,122702,51515,56441,1.136592685909074,0.3150611522638339
22832,0.5854047619047619,0,1,0,482909,122701,51515,56441,1.1365834228759866,0.31506291098681494
22833,0.5854166666666667,0,1,0,482910,122700,51515,56441,1.136574159842899,0.315064669729431
22834,0.5854285714285714,1,0,1,482910,122700,51516,56440,1.136574159842899,0.3150608462654907
22835,0.585452380952381,1,1,1,482911,122699,51517,56439,1.1365648968098114,0.31505878149806293
22836,0.5854761904761905,0,3,0,482914,122696,51517,56439,1.1365371077105488,0.3150640578334775
22837,0.5854999999999999,0,1,0,482915,122695,51517,56439,1.1365278446774612,0.31506581665122196
22838,0.5855,3,13,3,482928,122682,51520,56436,1.136407425247323,0.3150772116705189
22839,0.5855238095238094,0,1,0,482929,122681,51520,56436,1.1363981622142354,0.3150789707286299
22840,0.5855476190476191,0,1,0,482930,122680,51520,56436,1.136388899181148,0.31508072980638246
22841,0.5855555555555556,1,2,1,482932,122678,51521,56435,1.1363703731149728,0.3150804240898204
22842,0.5855714285714285,0,1,0,482933,122677,51521,56435,1.1363611100818851,0.3150821832149716
22843,0.5855833333333333,1,3,1,482936,122674,51522,56434,1.1363333209826225,0.31508363668847844
22844,0.5855839169000933,0,1,0,482937,122673,51522,56434,1.136324057949535,0.3150853958806747
22845,0.5856388888888888,1,1,1,482938,122672,51523,56433,1.1363147949164474,0.31508333100695124
22846,0.5856570537305831,0,5,0,482943,122667,51523,56433,1.1362684797510096,0.3150921273031826
22847,0.5856666666666666,0,2,0,482945,122665,51523,56433,1.1362499536848345,0.31509564595919554
22848,0.5856666666666667,9,32,9,482977,122633,51532,56424,1.135953536626033,0.3151175324058819
22849,0.5856666666666668,0,1,0,482978,122632,51532,56424,1.1359442735929453,0.3151192922884461
22850,0.5856904761904762,0,4,0,482982,122628,51532,56424,1.135907221460595,0.31512633201528045
22851,0.5857142857142857,1,9,1,482991,122619,51533,56423,1.1358238541628072,0.31513834742686075
22852,0.5857301587301587,0,1,0,482992,122618,51533,56423,1.1358145911297195,0.3151401075731257
22853,0.5857857142857142,0,3,0,482995,122615,51533,56423,1.135786802030457,0.31514538812989423
22854,0.5858333333333333,17,89,17,483084,122526,51550,56406,1.1349623920856646,0.31523707330158945
22855,0.5858809523809524,0,4,0,483088,122522,51550,56406,1.1349253399533143,0.31524412054010553
22856,0.5859166666666666,2,3,2,483091,122519,51552,56404,1.1348975508540518,0.31524175203858645
22857,0.5859523809523809,0,1,0,483092,122518,51552,56404,1.134888287820964,0.31524351393344585
22858,0.585952380952381,2,5,2,483097,122513,51554,56402,1.1348419726555263,0.3152446692563508
22859,0.586,26,88,26,483185,122425,51580,56376,1.1340268257438215,0.3153002499986018
22860,0.5860000000000001,3,0,3,483185,122425,51583,56373,1.1340268257438215,0.3152887616192575
22861,0.5861190476190477,0,2,0,483187,122423,51583,56373,1.1340082996776464,0.31529228841808543
22862,0.5861309523809524,0,1,0,483188,122422,51583,56373,1.133999036644559,0.3152940518470874
22863,0.5861428571428572,0,1,0,483189,122421,51583,56373,1.1339897736114712,0.3152958152958153
22864,0.5861666666666666,2,3,2,483192,122418,51585,56371,1.1339619845122086,0.31529344646482726
22865,0.5861666666666667,2,8,2,483200,122410,51587,56369,1.1338878802475083,0.3152998954015852
22866,0.5861904761904762,0,2,0,483202,122408,51587,56369,1.1338693541813332,0.315303422699788
22867,0.5862142857142856,0,1,0,483203,122407,51587,56369,1.1338600911482455,0.3153051863784848
22868,0.5862142857142857,0,2,0,483205,122405,51587,56369,1.1338415650820706,0.31530871379507086
22869,0.58625,1,5,1,483210,122400,51588,56368,1.1337952499166326,0.31531370267609415
22870,0.5862777777777777,0,1,0,483211,122399,51588,56368,1.1337859868835451,0.315315466501088
22871,0.5863095238095238,0,5,0,483216,122394,51588,56368,1.1337396717181074,0.31532428592206396
22872,0.5863333333333333,1,1,1,483217,122393,51589,56367,1.1337304086850197,0.3153222197359588
22873,0.5863333333333334,3,18,3,483235,122375,51592,56364,1.133563674089444,0.31534248261431475
22874,0.5863463203463204,1,0,1,483235,122375,51593,56363,1.133563674089444,0.31533865210531614
22875,0.5863571428571429,0,1,0,483236,122374,51593,56363,1.1335544110563562,0.3153404163659455
22876,0.5863809523809524,0,1,0,483237,122373,51593,56363,1.1335451480232688,0.31534218064631636
22877,0.5864502164502164,0,1,0,483238,122372,51593,56363,1.133535884990181,0.3153439449464291
22878,0.5864999999999998,0,1,0,483239,122371,51593,56363,1.1335266219570936,0.31534570926628397
22879,0.5864999999999999,0,2,0,483241,122369,51593,56363,1.1335080958909185,0.3153492379652217
22880,0.5865,3,13,3,483254,122356,51596,56360,1.1333876764607804,0.3153606839902415
22881,0.5865000000000002,1,0,1,483254,122356,51597,56359,1.1333876764607804,0.3153568530901156
22882,0.5865476190476191,0,1,0,483255,122355,51597,56359,1.1333784134276927,0.31535861767964457
22883,0.5865833333333332,0,1,0,483256,122354,51597,56359,1.1333691503946053,0.3153603822889213
22884,0.5865833333333333,0,2,0,483258,122352,51597,56359,1.1333506243284301,0.31536391156671945
22885,0.5866398046398047,0,1,0,483259,122351,51597,56359,1.1333413612953425,0.3153656762352415
22886,0.586642857142857,0,1,0,483260,122350,51597,56359,1.133332098262255,0.31536744092351254
22887,0.5866507936507936,0,1,0,483261,122349,51597,56359,1.1333228352291675,0.315369205631533
22888,0.5866666666666666,0,6,0,483267,122343,51597,56359,1.1332672570306421,0.31537979429441193
22889,0.5866666666666667,120,441,120,483708,121902,51717,56239,1.1291822594390306,0.31569936174154184
22890,0.5867142857142857,1,0,1,483708,121902,51718,56238,1.1291822594390306,0.31569552037723136
22891,0.5867179487179487,0,1,0,483709,121901,51718,56238,1.1291729964059432,0.3156972925636722
22892,0.5867619047619048,0,1,0,483710,121900,51718,56238,1.1291637333728557,0.31569906477000975
22893,0.5867857142857144,0,4,0,483714,121896,51718,56238,1.1291266812405054,0.3157061537943346
22894,0.5868333333333333,3,10,3,483724,121886,51721,56235,1.12903405090963,0.3157123528388006
22895,0.5868333333333334,0,1,0,483725,121885,51721,56235,1.1290247878765423,0.3157141253087806
22896,0.5869047619047619,2,0,2,483725,121885,51723,56233,1.1290247878765423,0.31570644179701096
22897,0.5869285714285715,0,4,0,483729,121881,51723,56233,1.128987735744192,0.31571353178301537
22898,0.5869444444444444,1,0,1,483729,121881,51724,56232,1.128987735744192,0.3157096899159522
22899,0.5869761904761905,1,1,1,483730,121880,51725,56231,1.1289784727111045,0.3157076205287714
22900,0.587,2,8,2,483738,121872,51727,56229,1.1289043684464042,0.3157141172705375
22901,0.5870000000000001,10,26,10,483764,121846,51737,56219,1.1286635295861276,0.31572178698789766
22902,0.5870238095238095,0,2,0,483766,121844,51737,56219,1.1286450035199527,0.31572533316859763
22903,0.5870357142857143,0,1,0,483767,121843,51737,56219,1.128635740486865,0.3157271062888207
22904,0.5870833333333334,1,0,1,483767,121843,51738,56218,1.128635740486865,0.31572326337603407
22905,0.5870952380952381,0,2,0,483769,121841,51738,56218,1.1286172144206899,0.31572680965298017
22906,0.5871190476190477,1,0,1,483769,121841,51739,56217,1.1286172144206899,0.31572296667378047
22907,0.5871428571428572,0,6,0,483775,121835,51739,56217,1.1285616362221647,0.31573360591287936
22908,0.5871666666666666,2,6,2,483781,121829,51741,56215,1.1285060580236392,0.3157365595021455
22909,0.5871666666666667,1,10,1,483791,121819,51742,56214,1.1284134276927638,0.31575045075912894
22910,0.5871904761904763,0,1,0,483792,121818,51742,56214,1.128404164659676,0.3157522243192235
22911,0.5872142857142857,1,0,1,483792,121818,51743,56213,1.128404164659676,0.3157483808999556
22912,0.5872222222222223,0,1,0,483793,121817,51743,56213,1.1283949016265886,0.31575015446834803
22913,0.5872619047619048,0,1,0,483794,121816,51743,56213,1.1283856385935012,0.3157519280566649
22914,0.5872727272727273,0,1,0,483795,121815,51743,56213,1.1283763755604135,0.3157537016649066
22915,0.5872738095238096,0,3,0,483798,121812,51743,56213,1.1283485864611509,0.3157590226091841
22916,0.5872829670329671,0,1,0,483799,121811,51743,56213,1.1283393234280632,0.3157607962971285
22917,0.5872857142857143,1,1,1,483800,121810,51744,56212,1.1283300603949757,0.31575872644953995
22918,0.5873333333333333,2,7,2,483807,121803,51746,56210,1.1282652191633629,0.3157634554779707
22919,0.5873333333333334,2,29,2,483836,121774,51748,56208,1.1279965912038237,0.31580721646009147
22920,0.5873484848484849,0,1,0,483837,121773,51748,56208,1.1279873281707362,0.31580899084733766
22921,0.5873690476190477,0,1,0,483838,121772,51748,56208,1.1279780651376488,0.315810765254523
22922,0.5873809523809523,0,2,0,483840,121770,51748,56208,1.1279595390714736,0.3158143141287125
22923,0.5874444444444444,0,3,0,483843,121767,51748,56208,1.1279317499722108,0.3158196375895491
22924,0.5874523809523808,0,1,0,483844,121766,51748,56208,1.1279224869391233,0.31582141211637654
22925,0.5874523809523811,0,1,0,483845,121765,51748,56208,1.1279132239060359,0.3158231866631455
22926,0.5874761904761906,0,2,0,483847,121763,51748,56208,1.1278946978398607,0.31582673581650944
22927,0.5874999999999999,4,13,4,483860,121750,51752,56204,1.1277742784097224,0.31583442912213266
22928,0.5875,53,245,53,484105,121505,51805,56151,1.1255048353032717,0.3160658801278876
22929,0.5875555555555555,0,1,0,484106,121504,51805,56151,1.125495572270184,0.31606765922715374
22930,0.5875714285714284,0,1,0,484107,121503,51805,56151,1.1254863092370966,0.31606943834644874
22931,0.5875873015873015,0,1,0,484108,121502,51805,56151,1.1254770462040091,0.3160712174857728
22932,0.5876111111111112,0,2,0,484110,121500,51805,56151,1.125458520137834,0.3160747758245099
22933,0.5876190476190476,1,3,1,484113,121497,51806,56150,1.1254307310385712,0.3160762636014118
22934,0.5876190476190477,0,4,0,484117,121493,51806,56150,1.125393678906221,0.31608338071300307
22935,0.587642857142857,0,1,0,484118,121492,51806,56150,1.1253844158731334,0.3160851600409813
22936,0.5876450216450217,0,1,0,484119,121491,51806,56150,1.125375152840046,0.3160869393889924
22937,0.5876507936507935,1,1,1,484120,121490,51807,56149,1.1253658898069583,0.3160848687506685
22938,0.5876666666666666,0,2,0,484122,121488,51807,56149,1.1253473637407834,0.3160884275235452
22939,0.5876666666666667,3,25,3,484147,121463,51810,56146,1.1251157879135945,0.3161213677234825
22940,0.5876666666666668,2,10,2,484157,121453,51812,56144,1.125023157582719,0.3161314661846765
22941,0.5876785714285715,0,1,0,484158,121452,51812,56144,1.1250138945496313,0.3161332462442848
22942,0.5876904761904763,0,1,0,484159,121451,51812,56144,1.1250046315165438,0.3161350263239393
22943,0.5877380952380952,0,1,0,484160,121450,51812,56144,1.1249953684834562,0.31613680642364045
22944,0.5877500000000001,0,1,0,484161,121449,51812,56144,1.1249861054503687,0.31613858654338856
22945,0.5877777777777777,2,2,2,484163,121447,51814,56142,1.1249675793841936,0.31613444526406476
22946,0.5877857142857141,0,1,0,484164,121446,51814,56142,1.124958316351106,0.3161362254206365
22947,0.5878095238095238,0,2,0,484166,121444,51814,56142,1.124939790284931,0.3161397857939252
22948,0.5878333333333333,1,6,1,484172,121438,51815,56141,1.1248842120864055,0.31614661643550196
22949,0.5878333333333334,0,2,0,484174,121436,51815,56141,1.1248656860202304,0.3161501771062694
22950,0.5878452380952383,1,2,1,484176,121434,51816,56140,1.1248471599540553,0.3161498868077534
22951,0.5878571428571429,1,4,1,484180,121430,51817,56139,1.1248101078217052,0.31615315736417954
22952,0.5879047619047619,0,2,0,484182,121428,51817,56139,1.12479158175553,0.31615671830914527
22953,0.5879126984126984,0,1,0,484183,121427,51817,56139,1.1247823187224424,0.31615849881170943
22954,0.5879166666666668,2,0,2,484183,121427,51819,56137,1.1247823187224424,0.3161507963325899
22955,0.587952380952381,0,1,0,484184,121426,51819,56137,1.124773055689355,0.316152576831885
22956,0.5879761904761905,0,1,0,484185,121425,51819,56137,1.1247637926562675,0.31615435735123504
22957,0.5879801587301587,0,3,0,484188,121422,51819,56137,1.1247360035570046,0.3161596990296183
22958,0.5879999999999999,0,1,0,484189,121421,51819,56137,1.1247267405239172,0.3161614796291916
22959,0.588,15,62,15,484251,121359,51834,56122,1.1241524324724887,0.3162141299632073
22960,0.5880000000000001,0,13,0,484264,121346,51834,56122,1.1240320130423507,0.3162372934838957
22961,0.5880476190476189,0,1,0,484265,121345,51834,56122,1.124022750009263,0.31623907543374263
22962,0.588047619047619,0,1,0,484266,121344,51834,56122,1.1240134869761755,0.3162408574036717
22963,0.5880476190476192,0,1,0,484267,121343,51834,56122,1.1240042239430879,0.31624263939368324
22964,0.5880833333333333,1,1,1,484268,121342,51835,56121,1.1239949609100004,0.3162405684565233
22965,0.5880952380952381,0,3,0,484271,121339,51835,56121,1.1239671718107378,0.316245914572298
22966,0.5881071428571428,0,3,0,484274,121336,51835,56121,1.123939382711475,0.3162512608688302
22967,0.5881410533910535,1,0,1,484274,121336,51836,56120,1.123939382711475,0.3162474078081327
22968,0.5881428571428571,1,0,1,484274,121336,51837,56119,1.123939382711475,0.31624355470400944
22969,0.5881666666666666,1,7,1,484281,121329,51838,56118,1.123874541479862,0.31625217670628414
22970,0.5881666666666667,1,6,1,484287,121323,51839,56117,1.123818963281337,0.31625901713255183
22971,0.5882142857142857,1,4,1,484291,121319,51840,56116,1.1237819111489866,0.31626229323414207
22972,0.5882142857142858,1,0,1,484291,121319,51841,56115,1.1237819111489866,0.3162584397578818
22973,0.5882222222222222,0,1,0,484292,121318,51841,56115,1.1237726481158992,0.3162602221683678
22974,0.5882380952380953,1,0,1,484292,121318,51842,56114,1.1237726481158992,0.31625636863699896
22975,0.5882857142857143,1,0,1,484292,121318,51843,56113,1.1237726481158992,0.3162525150621932
22976,0.588297619047619,0,1,0,484293,121317,51843,56113,1.1237633850828115,0.3162542974694246
22977,0.5883333333333333,24,107,24,484400,121210,51867,56089,1.1227722405424432,0.3163526021015347
22978,0.5883333333333334,49,150,49,484550,121060,51916,56040,1.1213827855793101,0.3164313946922643
22979,0.5883333333333335,0,1,0,484551,121059,51916,56040,1.1213735225462225,0.316433181440889
22980,0.5883484848484849,2,1,2,484552,121058,51918,56038,1.121364259513135,0.3164272484979898
22981,0.588404761904762,0,2,0,484554,121056,51918,56038,1.1213457334469599,0.31643082204930717
22982,0.588452380952381,1,1,1,484555,121055,51919,56037,1.1213364704138724,0.3164287488988774
22983,0.5884920634920635,0,3,0,484558,121052,51919,56037,1.1213086813146096,0.31643410940261674
22984,0.5884999999999999,0,2,0,484560,121050,51919,56037,1.1212901552484345,0.31643768317267784
22985,0.5885,4,24,4,484584,121026,51923,56033,1.1210678424543332,0.3164651330912295
22986,0.5885000000000001,0,2,0,484586,121024,51923,56033,1.121049316388158,0.3164687078172566
22987,0.5885476190476191,0,2,0,484588,121022,51923,56033,1.121030790321983,0.31647228262404337
22988,0.5885714285714285,0,2,0,484590,121020,51923,56033,1.121012264255808,0.3164758575115926
22989,0.5885714285714286,0,3,0,484593,121017,51923,56033,1.1209844751565452,0.31648121999435186
22990,0.5885833333333332,0,1,0,484594,121016,51923,56033,1.1209752121234577,0.31648300752898917
22991,0.5885952380952382,0,2,0,484596,121014,51923,56033,1.1209566860572826,0.316486582658842
22992,0.5886190476190476,0,1,0,484597,121013,51923,56033,1.1209474230241951,0.3164883702540583
22993,0.5886190476190477,1,0,1,484597,121013,51924,56032,1.1209474230241951,0.3164845095879579
22994,0.5886363636363636,1,0,1,484597,121013,51925,56031,1.1209474230241951,0.31648064887824495
22995,0.5886428571428571,0,1,0,484598,121012,51925,56031,1.1209381599911075,0.31648243647023605
22996,0.5886666666666666,2,4,2,484602,121008,51927,56029,1.1209011078587572,0.3164818653727752
22997,0.5886666666666667,5,14,5,484616,120994,51932,56024,1.1207714253955314,0.31648758883277406
22998,0.5886666666666668,0,2,0,484618,120992,51932,56024,1.1207528993293565,0.3164911646404845
22999,0.588680735930736,1,0,1,484618,120992,51933,56023,1.1207528993293565,0.3164873033358755
23000,0.5887499999999999,1,0,1,484618,120992,51934,56022,1.1207528993293565,0.3164834419876394
23001,0.58875,0,5,0,484623,120987,51934,56022,1.1207065841639186,0.3164923817433012
23002,0.5887619047619047,0,1,0,484624,120986,51934,56022,1.120697321130831,0.3164941697550393
23003,0.5887857142857144,0,2,0,484626,120984,51934,56022,1.120678795064656,0.3164977458391241
23004,0.588806277056277,0,1,0,484627,120983,51934,56022,1.1206695320315685,0.31649953391147145
23005,0.5888095238095238,0,2,0,484629,120981,51934,56022,1.1206510059653934,0.3165031101167777
23006,0.588829365079365,0,1,0,484630,120980,51934,56022,1.1206417429323057,0.31650489824973727
23007,0.5888333333333332,1,1,1,484631,120979,51935,56021,1.1206324798992182,0.3165028248587571
23008,0.5888333333333333,1,5,1,484636,120974,51936,56020,1.1205861647337805,0.316507904222742
23009,0.5888333333333334,0,2,0,484638,120972,51936,56020,1.1205676386676053,0.31651148074489244
23010,0.5888571428571427,0,2,0,484640,120970,51936,56020,1.1205491126014302,0.3165150573478728
23011,0.5888571428571429,0,1,0,484641,120969,51936,56020,1.1205398495683427,0.31651684567967503
23012,0.5888809523809523,0,1,0,484642,120968,51936,56020,1.120530586535255,0.3165186340316858
23013,0.5889285714285714,1,2,1,484644,120966,51937,56019,1.12051206046908,0.3165183490126282
23014,0.5889285714285716,1,0,1,484644,120966,51938,56018,1.12051206046908,0.3165144871852823
23015,0.5889761904761904,0,1,0,484645,120965,51938,56018,1.1205027974359925,0.3165162755744902
23016,0.589,11,50,11,484695,120915,51949,56007,1.1200396457816146,0.3165632312544511
23017,0.5890000000000001,1,6,1,484701,120909,51950,56006,1.1199840675830894,0.31657010428736965
23018,0.5890238095238095,0,1,0,484702,120908,51950,56006,1.1199748045500018,0.3165718936884588
23019,0.5890476190476189,2,0,2,484702,120908,51952,56004,1.1199748045500018,0.3165641674957041
23020,0.589047619047619,1,5,1,484707,120903,51953,56003,1.119928489384564,0.3165692514668807
23021,0.5890714285714285,0,1,0,484708,120902,51953,56003,1.1199192263514766,0.3165710409541844
23022,0.5891031746031746,0,1,0,484709,120901,51953,56003,1.1199099633183889,0.31657283046171936
23023,0.5891190476190477,0,1,0,484710,120900,51953,56003,1.1199007002853014,0.3165746199894858
23024,0.589123015873016,1,0,1,484710,120900,51954,56002,1.1199007002853014,0.31657075669014484
23025,0.5891666666666665,0,1,0,484711,120899,51954,56002,1.119891437252214,0.31657254622642045
23026,0.5891666666666666,13,60,13,484771,120839,51967,55989,1.1193356552669607,0.3166297192752279
23027,0.5891666666666667,5,36,5,484807,120803,51972,55984,1.1190021860758086,0.31667486862721805
23028,0.5891706349206349,1,0,1,484807,120803,51973,55983,1.1190021860758086,0.3166710033599946
23029,0.5891883116883117,1,0,1,484807,120803,51974,55982,1.1190021860758086,0.3166671380490426
23030,0.5891904761904762,0,2,0,484809,120801,51974,55982,1.1189836600096335,0.31667072060096274
23031,0.5891904761904763,0,1,0,484810,120800,51974,55982,1.118974396976546,0.3166725119073209
23032,0.5892142857142857,0,1,0,484811,120799,51974,55982,1.1189651339434585,0.3166743032339448
23033,0.5892142857142858,0,1,0,484812,120798,51974,55982,1.1189558709103709,0.31667609458083495
23034,0.5892380952380952,1,0,1,484812,120798,51975,55981,1.1189558709103709,0.3166722291674916
23035,0.5892499999999999,0,1,0,484813,120797,51975,55981,1.1189466078772834,0.31667402052291577
23036,0.5892857142857143,1,8,1,484821,120789,51976,55980,1.1188725036125828,0.31668448653327225
23037,0.5893095238095237,0,1,0,484822,120788,51976,55980,1.1188632405794954,0.31668627805937727
23038,0.5893333333333333,5,12,5,484834,120776,51981,55975,1.1187520841824448,0.316688448721648
23039,0.5893333333333334,9,17,9,484851,120759,51990,55966,1.1185946126199562,0.31668411373603056
23040,0.5893571428571428,0,1,0,484852,120758,51990,55966,1.1185853495868687,0.31668590570607275
23041,0.5893888888888889,0,1,0,484853,120757,51990,55966,1.1185760865537813,0.31668769769639493
23042,0.5893928571428572,0,1,0,484854,120756,51990,55966,1.1185668235206936,0.31668948970699745
23043,0.5894047619047619,0,1,0,484855,120755,51990,55966,1.1185575604876061,0.31669128173788064
23044,0.5894166666666666,0,2,0,484857,120753,51990,55966,1.118539034421431,0.3166948658604904
23045,0.5894166666666667,0,1,0,484858,120752,51990,55966,1.1185297713883433,0.31669665795221763
23046,0.5894444444444444,1,1,1,484859,120751,51991,55965,1.1185205083552558,0.31669458339935264
23047,0.589452380952381,1,1,1,484860,120750,51992,55964,1.1185112453221684,0.3166925087995292
23048,0.5894689754689754,1,0,1,484860,120750,51993,55963,1.1185112453221684,0.3166886420353907
23049,0.5894761904761904,1,0,1,484860,120750,51994,55962,1.1185112453221684,0.3166847752274888
23050,0.5894761904761905,0,1,0,484861,120749,51994,55962,1.1185019822890807,0.3166865673331032
23051,0.5894920634920634,0,4,0,484865,120745,51994,55962,1.1184649301567304,0.3166937359583944
23052,0.5894999999999999,0,3,0,484868,120742,51994,55962,1.1184371410574678,0.3166991126403477
23053,0.5895,2,7,2,484875,120735,51996,55960,1.118372299825855,0.3167039248422423
23054,0.5895000000000001,0,1,0,484876,120734,51996,55960,1.1183630367927675,0.3167057172286552
23055,0.5895158730158729,0,1,0,484877,120733,51996,55960,1.1183537737596798,0.31670750963535627
23056,0.5895238095238095,0,1,0,484878,120732,51996,55960,1.1183445107265924,0.31670930206234577
23057,0.5895238095238096,0,1,0,484879,120731,51996,55960,1.1183352476935047,0.31671109450962415
23058,0.5895277777777778,0,1,0,484880,120730,51996,55960,1.1183259846604172,0.3167128869771917
23059,0.5895714285714285,0,2,0,484882,120728,51996,55960,1.118307458594242,0.3167164719731957
23060,0.5895833333333331,0,1,0,484883,120727,51996,55960,1.1182981955611546,0.3167182645016328
23061,0.5895833333333332,1,0,1,484883,120727,51997,55959,1.1182981955611546,0.3167143972923718
23062,0.5896111111111112,1,0,1,484883,120727,51998,55958,1.1182981955611546,0.3167105300393355
23063,0.5896388888888889,0,1,0,484884,120726,51998,55958,1.118288932528067,0.3167123225645786
23064,0.5896428571428571,1,2,1,484886,120724,51999,55957,1.1182704064618918,0.3167120403438966
23065,0.5896666666666666,2,5,2,484891,120719,52001,55955,1.118224091296454,0.3167132685058356
23066,0.5896666666666667,1,11,1,484902,120708,52002,55954,1.1181221979324911,0.31672912114659635
23067,0.5897142857142856,0,1,0,484903,120707,52002,55954,1.1181129348994034,0.3167309140104494
23068,0.58975,0,1,0,484904,120706,52002,55954,1.118103671866316,0.3167327068945998
23069,0.5897500000000001,1,0,1,484904,120706,52003,55953,1.118103671866316,0.3167288391760397
23070,0.5897619047619047,1,0,1,484904,120706,52004,55952,1.118103671866316,0.316724971413692
23071,0.5897619047619048,0,1,0,484905,120705,52004,55952,1.1180944088332283,0.3167267642946501
23072,0.5897777777777777,0,1,0,484906,120704,52004,55952,1.1180851458001408,0.31672855719590615
23073,0.5897857142857142,1,2,1,484908,120702,52005,55951,1.1180666197339657,0.3167282752061952
23074,0.5898333333333333,3,14,3,484922,120688,52008,55948,1.11793693727074,0.3167417740437963
23075,0.5898333333333334,0,4,0,484926,120684,52008,55948,1.1178998851383897,0.3167489469631777
23076,0.5898412698412698,0,1,0,484927,120683,52008,55948,1.1178906221053022,0.3167507402437851
23077,0.5898690476190476,0,1,0,484928,120682,52008,55948,1.1178813590722145,0.31675253354469796
23078,0.5898809523809523,1,1,1,484929,120681,52009,55947,1.117872096039127,0.31675045859093687
23079,0.5898809523809524,1,1,1,484930,120680,52010,55946,1.1178628330060394,0.3167483835901849
23080,0.589890553890554,0,1,0,484931,120679,52010,55946,1.117853569972952,0.31675017692852087
23081,0.5899285714285714,0,2,0,484933,120677,52010,55946,1.1178350439067768,0.3167537636661137
23082,0.5899285714285715,0,1,0,484934,120676,52010,55946,1.1178257808736893,0.31675555706537123
23083,0.5899523809523809,1,0,1,484934,120676,52011,55945,1.1178257808736893,0.31675168864404574
23084,0.589952380952381,0,1,0,484935,120675,52011,55945,1.1178165178406017,0.31675348205186277
23085,0.59,525,2129,525,487064,118546,52536,55420,1.098095520397199,0.31856799604520425
23086,0.5900000000000001,4,20,4,487084,118526,52540,55416,1.0979102597354478,0.31858895493900263
23087,0.5900714285714286,1,1,1,487085,118525,52541,55415,1.0979009967023603,0.31858686903529954
23088,0.5900757575757576,0,1,0,487086,118524,52541,55415,1.0978917336692726,0.31858870063643
23089,0.5901111111111111,0,2,0,487088,118522,52541,55415,1.0978732076030975,0.3185923639018725
23090,0.5901190476190475,0,3,0,487091,118519,52541,55415,1.0978454185038349,0.3185978589579956
23091,0.5901309523809524,0,1,0,487092,118518,52541,55415,1.0978361554707474,0.3185996906854938
23092,0.5901428571428571,1,0,1,487092,118518,52542,55414,1.0978361554707474,0.3185957730607364
23093,0.5901428571428572,0,1,0,487093,118517,52542,55414,1.0978268924376597,0.3185976047973047
23094,0.5901666666666666,0,13,0,487106,118504,52542,55414,1.0977064730075217,0.31862141928955023
23095,0.5901666666666667,0,1,0,487107,118503,52542,55414,1.097697209974434,0.3186232513210324
23096,0.5902142857142857,0,1,0,487108,118502,52542,55414,1.0976879469413465,0.31862508337358264
23097,0.5902261904761905,0,1,0,487109,118501,52542,55414,1.0976786839082588,0.31862691544720123
23098,0.5902380952380952,2,4,2,487113,118497,52544,55412,1.0976416317759088,0.3186264080639875
23099,0.59025,1,0,1,487113,118497,52545,55411,1.0976416317759088,0.3186224900522115
23100,0.5902857142857143,0,1,0,487114,118496,52545,55411,1.097632368742821,0.31862432219519626
23101,0.5903333333333333,0,7,0,487121,118489,52545,55411,1.0975675275112082,0.31863714778608393
23102,0.5903333333333334,2,9,2,487130,118480,52547,55409,1.0974841602134202,0.31864580278223464
23103,0.5903571428571428,0,2,0,487132,118478,52547,55409,1.097465634147245,0.31864946775779673
23104,0.5903809523809523,1,3,1,487135,118475,52548,55408,1.0974378450479825,0.31865104696836377
23105,0.5904166666666666,0,1,0,487136,118474,52548,55408,1.097428582014895,0.31865287953899774
23106,0.5904166666666667,0,2,0,487138,118472,52548,55408,1.0974100559487199,0.31865654474350125
23107,0.5904498556998558,0,5,0,487143,118467,52548,55408,1.0973637407832821,0.318665708123652
23108,0.590452380952381,0,1,0,487144,118466,52548,55408,1.0973544777501945,0.3186675408629237
23109,0.5904761904761905,1,1,1,487145,118465,52549,55407,1.097345214717107,0.3186654550473912
23110,0.5904999999999999,0,1,0,487146,118464,52549,55407,1.0973359516840193,0.31866728781682974
23111,0.5905,4,14,4,487160,118450,52553,55403,1.0972062692207936,0.31867727332861673
23112,0.5905476190476191,0,1,0,487161,118449,52553,55403,1.097197006187706,0.31867910636633456
23113,0.5905555555555555,0,1,0,487162,118448,52553,55403,1.0971877431546186,0.3186809394251399
23114,0.5905555555555556,1,1,1,487163,118447,52554,55402,1.097178480121531,0.3186788534877969
23115,0.5905714285714285,1,0,1,487163,118447,52555,55401,1.097178480121531,0.3186749344254751
23116,0.5906190476190478,0,1,0,487164,118446,52555,55401,1.0971692170884435,0.31867676750245905
23117,0.5906428571428571,0,1,0,487165,118445,52555,55401,1.0971599540553558,0.3186786006005315
23118,0.5906666666666666,1,0,1,487165,118445,52556,55400,1.0971599540553558,0.3186746814691248
23119,0.5906666666666667,1,27,1,487192,118418,52557,55399,1.096909852161992,0.3187202632653883
23120,0.5907142857142857,1,2,1,487194,118416,52558,55398,1.0968913260958169,0.3187200110462909
23121,0.59075,1,0,1,487194,118416,52559,55397,1.0968913260958169,0.318716091431596
23122,0.5907698412698413,0,1,0,487195,118415,52559,55397,1.0968820630627292,0.31871792511449154
23123,0.5907734487734487,0,1,0,487196,118414,52559,55397,1.0968728000296417,0.31871975881848674
23124,0.5907857142857142,0,1,0,487197,118413,52559,55397,1.0968635369965543,0.31872159254358207
23125,0.5908181818181819,0,1,0,487198,118412,52559,55397,1.0968542739634666,0.31872342628977784
23126,0.5908333333333333,22,71,22,487269,118341,52581,55375,1.0961965986142503,0.31876741347947224
23127,0.5908571428571429,0,1,0,487270,118340,52581,55375,1.0961873355811627,0.31876924848170857
23128,0.590857142857143,0,2,0,487272,118338,52581,55375,1.0961688095149875,0.31877291854956163
23129,0.5908809523809524,0,3,0,487275,118335,52581,55375,1.096141020415725,0.31877842380979793
23130,0.5908928571428571,0,2,0,487277,118333,52581,55375,1.0961224943495498,0.3187820940889308
23131,0.5909007936507936,1,3,1,487280,118330,52582,55374,1.0960947052502872,0.3187836779809331
23132,0.5909523809523809,1,2,1,487282,118328,52583,55373,1.096076179184112,0.3187834266929954
23133,0.5909642857142856,0,1,0,487283,118327,52583,55373,1.0960669161510246,0.3187852619458837
23134,0.5909761904761905,0,2,0,487285,118325,52583,55373,1.0960483900848494,0.31878893251505486
23135,0.591,11,45,11,487330,118280,52594,55362,1.0956315535959094,0.31882839405213026
23136,0.5910000000000001,0,2,0,487332,118278,52594,55362,1.0956130275297344,0.31883206634416034
23137,0.5910238095238095,0,1,0,487333,118277,52594,55362,1.0956037644966468,0.31883390252189886
23138,0.591063492063492,1,2,1,487335,118275,52595,55361,1.0955852384304716,0.3188336520076482
23139,0.5910714285714286,0,1,0,487336,118274,52595,55361,1.0955759753973842,0.3188354882368186
23140,0.5910833333333333,0,2,0,487338,118272,52595,55361,1.095557449331209,0.3188391607586116
23141,0.5911071428571428,0,1,0,487339,118271,52595,55361,1.0955481862981216,0.3188409970512348
23142,0.5911111111111111,0,1,0,487340,118270,52595,55361,1.0955389232650339,0.3188428333650097
23143,0.5911309523809524,0,1,0,487341,118269,52595,55361,1.0955296602319464,0.31884466969993663
23144,0.5911666666666666,2,3,2,487344,118266,52597,55359,1.0955018711326836,0.31884233261339096
23145,0.5911666666666667,2,2,2,487346,118264,52599,55357,1.0954833450665087,0.31883815897846457
23146,0.5911792929292928,0,1,0,487347,118263,52599,55357,1.095474082033421,0.3188399953922359
23147,0.5911904761904762,0,3,0,487350,118260,52599,55357,1.0954462929341584,0.3188455047604785
23148,0.5911904761904763,0,1,0,487351,118259,52599,55357,1.0954370299010707,0.31884734125887015
23149,0.5912142857142857,0,1,0,487352,118258,52599,55357,1.0954277668679833,0.31884917777841776
23150,0.5912499999999999,0,3,0,487355,118255,52599,55357,1.0953999777687207,0.3188546874640002
23151,0.59125,1,5,1,487360,118250,52600,55356,1.095353662603283,0.31885994723684663
23152,0.5912954545454546,1,0,1,487360,118250,52601,55355,1.095353662603283,0.31885602373203537
23153,0.5913095238095238,0,1,0,487361,118249,52601,55355,1.0953443995701952,0.3188578604179627
23154,0.5913333333333333,2,3,2,487364,118246,52603,55353,1.0953166104709327,0.3188555233613097
23155,0.5913333333333334,2,29,2,487393,118217,52605,55351,1.0950479825113935,0.3189009494837758
23156,0.5913571428571428,0,3,0,487396,118214,52605,55351,1.0950201934121309,0.31890646155618935
23157,0.5913888888888889,1,0,1,487396,118214,52606,55350,1.0950201934121309,0.3189025373925468
23158,0.5914285714285714,2,3,2,487399,118211,52608,55348,1.0949924043128683,0.31890020108435746
23159,0.591452380952381,0,2,0,487401,118209,52608,55348,1.0949738782466931,0.31890387596005926
23160,0.5914999999999999,0,3,0,487404,118206,52608,55348,1.0949460891474305,0.31890938843241873
23161,0.5915,3,19,3,487423,118187,52611,55345,1.0947700915187668,0.31893253117580617
23162,0.5915000000000002,1,0,1,487423,118187,52612,55344,1.0947700915187668,0.3189286064161447
23163,0.5915079365079365,0,1,0,487424,118186,52612,55344,1.0947608284856793,0.31893044430357864
23164,0.591531746031746,0,3,0,487427,118183,52612,55344,1.0947330393864168,0.31893595809297687
23165,0.5915396825396825,0,2,0,487429,118181,52612,55344,1.0947145133202416,0.318939634058493
23166,0.591547619047619,1,1,1,487430,118180,52613,55343,1.094705250287154,0.3189375471839468
23167,0.5915555555555555,0,1,0,487431,118179,52613,55343,1.0946959872540665,0.31893938520763937
23168,0.5915714285714286,0,1,0,487432,118178,52613,55343,1.094686724220979,0.318941223252517
23169,0.5915952380952381,1,0,1,487432,118178,52614,55342,1.094686724220979,0.31893729829414474
23170,0.5916190476190476,0,2,0,487434,118176,52614,55342,1.0946681981548039,0.31894097442340275
23171,0.5916666666666667,58,262,58,487696,117914,52672,55284,1.0922412834858646,0.31919537177103663
23172,0.5917063492063492,0,1,0,487697,117913,52672,55284,1.0922320204527771,0.3191972147323568
23173,0.5917142857142857,0,1,0,487698,117912,52672,55284,1.0922227574196894,0.31919905771495877
23174,0.5917619047619048,0,1,0,487699,117911,52672,55284,1.092213494386602,0.31920090071884294
23175,0.5917777777777778,0,1,0,487700,117910,52672,55284,1.0922042313535143,0.3192027437440096
23176,0.5917857142857142,0,1,0,487701,117909,52672,55284,1.0921949683204268,0.3192045867904592
23177,0.5917857142857144,0,1,0,487702,117908,52672,55284,1.0921857052873394,0.3192064298581921
23178,0.5918095238095238,1,0,1,487702,117908,52673,55283,1.0921857052873394,0.31920249897511993
23179,0.5918333333333333,0,8,0,487710,117900,52673,55283,1.0921116010226388,0.3192172441867851
23180,0.5918333333333334,1,1,1,487711,117899,52674,55282,1.0921023379895514,0.3192151563970643
23181,0.5918571428571427,1,0,1,487711,117899,52675,55281,1.0921023379895514,0.3192112253147015
23182,0.5918571428571429,0,2,0,487713,117897,52675,55281,1.0920838119233762,0.31921491182482764
23183,0.5918809523809524,0,1,0,487714,117896,52675,55281,1.0920745488902885,0.319216755111822
23184,0.5918939393939394,0,1,0,487715,117895,52675,55281,1.092065285857201,0.3192185984201044
23185,0.5919444444444444,0,1,0,487716,117894,52675,55281,1.0920560228241136,0.3192204417496752
23186,0.5919523809523809,0,1,0,487717,117893,52675,55281,1.092046759791026,0.31922228510053474
23187,0.5919761904761905,0,1,0,487718,117892,52675,55281,1.0920374967579385,0.3192241284726834
23188,0.5919999999999999,0,1,0,487719,117891,52675,55281,1.0920282337248508,0.31922597186612156
23189,0.592,0,6,0,487725,117885,52675,55281,1.0919726555263256,0.3192370326738505
23190,0.5920000000000001,12,45,12,487770,117840,52687,55269,1.0915558190373855,0.319272828102525
23191,0.5920238095238095,0,4,0,487774,117836,52687,55269,1.0915187669050355,0.319280205655527
23192,0.5920530303030305,0,1,0,487775,117835,52687,55269,1.0915095038719478,0.31928205009705146
23193,0.5920833333333333,0,3,0,487778,117832,52687,55269,1.0914817147726852,0.31928758354948844
23194,0.5920833333333334,0,1,0,487779,117831,52687,55269,1.0914724517395975,0.3192894280762565
23195,0.5921428571428571,1,1,1,487780,117830,52688,55268,1.09146318870651,0.3192873401194699
23196,0.5921428571428572,2,6,2,487786,117824,52690,55266,1.0914076105079846,0.319290542492345
23197,0.5921666666666666,1,10,1,487796,117814,52691,55265,1.0913149801771092,0.3193050572282021
23198,0.5921666666666667,2,5,2,487801,117809,52693,55263,1.0912686650116714,0.3193064158269391
23199,0.5921904761904762,0,3,0,487804,117806,52693,55263,1.0912408759124088,0.3193119507248554
23200,0.5921969696969697,0,1,0,487805,117805,52693,55263,1.0912316128793211,0.3193137957334689
23201,0.5922142857142858,0,2,0,487807,117803,52693,55263,1.091213086813146,0.3193174858146603
23202,0.5922222222222222,0,1,0,487808,117802,52693,55263,1.0912038237800585,0.3193193308872389
23203,0.5922261904761905,1,0,1,487808,117802,52694,55262,1.0912038237800585,0.3193153977719225
23204,0.5922619047619048,0,3,0,487811,117799,52694,55262,1.091176034680796,0.319320933081399
23205,0.5922738095238096,0,1,0,487812,117798,52694,55262,1.0911667716477083,0.31932277822720445
23206,0.5922857142857143,1,1,1,487813,117797,52695,55261,1.0911575086146208,0.3193206901732367
23207,0.5923015873015873,0,1,0,487814,117796,52695,55261,1.0911482455815331,0.3193225353496247
23208,0.5923333333333333,3,9,3,487823,117787,52698,55258,1.0910648782837453,0.319327342598746
23209,0.5923333333333334,7,27,7,487850,117760,52705,55251,1.0908147763903813,0.3193496367283005
23210,0.5923571428571429,0,1,0,487851,117759,52705,55251,1.0908055133572938,0.3193514825732617
23211,0.5923690476190475,0,1,0,487852,117758,52705,55251,1.0907962503242061,0.31935332843956094
23212,0.5923809523809523,0,2,0,487854,117756,52705,55251,1.090777724258031,0.3193570202361754
23213,0.592452380952381,1,0,1,487854,117756,52706,55250,1.090777724258031,0.319353086020138
23214,0.5924761904761905,0,1,0,487855,117755,52706,55250,1.0907684612249435,0.31935493193838327
23215,0.5924969474969477,0,8,0,487863,117747,52706,55250,1.090694356960243,0.31936970005260207
23216,0.5924999999999999,3,7,3,487870,117740,52709,55247,1.09062951572863,0.3193708197725841
23217,0.5925,45,214,45,488084,117526,52754,55202,1.0886472266478935,0.319589180677134
23218,0.5925228937728937,0,1,0,488085,117525,52754,55202,1.088637963614806,0.31959103093320673
23219,0.5925238095238095,2,1,2,488086,117524,52756,55200,1.0886287005817186,0.31958500266320833
23220,0.5925476190476189,0,1,0,488087,117523,52756,55200,1.0886194375486309,0.3195868529379411
23221,0.5925952380952382,1,0,1,488087,117523,52757,55199,1.0886194375486309,0.3195829135836778
23222,0.5926190476190476,0,1,0,488088,117522,52757,55199,1.0886101745155434,0.3195847638677405
23223,0.5926428571428572,0,1,0,488089,117521,52757,55199,1.0886009114824557,0.31958661417322837
23224,0.5926666666666667,10,21,10,488110,117500,52767,55189,1.0884063877876171,0.3195860767043645
23225,0.5927380952380953,0,2,0,488112,117498,52767,55189,1.088387861721442,0.31958977803772143
23226,0.5927619047619048,0,4,0,488116,117494,52767,55189,1.088350809589092,0.31959718096164647
23227,0.592765873015873,0,2,0,488118,117492,52767,55189,1.0883322835229168,0.3196008825522206
23228,0.5927777777777777,0,3,0,488121,117489,52767,55189,1.0883044944236542,0.3196064350988545
23229,0.5927777777777778,0,1,0,488122,117488,52767,55189,1.0882952313905665,0.31960828599060676
23230,0.5927857142857144,0,1,0,488123,117487,52767,55189,1.088285968357479,0.3196101369037967
23231,0.5928333333333333,2,3,2,488126,117484,52769,55187,1.0882581792582162,0.31960780907042874
23232,0.5928333333333334,4,2,4,488128,117482,52773,55183,1.0882396531920413,0.3195957489937162
23233,0.5928571428571429,0,13,0,488141,117469,52773,55183,1.088119233761903,0.3196198132659917
23234,0.592857142857143,0,1,0,488142,117468,52773,55183,1.0881099707288155,0.3196216645139617
23235,0.5928632756132756,1,6,1,488148,117462,52774,55182,1.0880543925302901,0.31962883158406896
23236,0.5929047619047618,0,1,0,488149,117461,52774,55182,1.0880451294972027,0.3196306829700596
23237,0.5929047619047619,0,1,0,488150,117460,52774,55182,1.088035866464115,0.31963253437749795
23238,0.5929166666666668,0,1,0,488151,117459,52774,55182,1.0880266034310275,0.31963438580638437
23239,0.5929523809523809,0,1,0,488152,117458,52774,55182,1.0880173403979398,0.3196362372567192
23240,0.5929960317460318,0,1,0,488153,117457,52774,55182,1.0880080773648524,0.31963808872850286
23241,0.5929999999999999,0,1,0,488154,117456,52774,55182,1.0879988143317647,0.31963994022173564
23242,0.593,4,23,4,488177,117433,52778,55178,1.0877857645707512,0.3196667651540168
23243,0.5930000000000001,2,8,2,488185,117425,52780,55176,1.0877116603060506,0.3196736982983876
23244,0.5930238095238096,0,2,0,488187,117423,52780,55176,1.0876931342398755,0.31967740253419774
23245,0.593030303030303,0,1,0,488188,117422,52780,55176,1.087683871206788,0.3196792546842953
23246,0.5930396825396825,1,0,1,488188,117422,52781,55175,1.087683871206788,0.31967531301239305
23247,0.593047619047619,0,1,0,488189,117421,52781,55175,1.0876746081737003,0.3196771651718464
23248,0.5930476190476192,0,2,0,488191,117419,52781,55175,1.0876560821075252,0.31968086955514097
23249,0.5930595238095239,1,0,1,488191,117419,52782,55174,1.0876560821075252,0.3196769278012434
23250,0.5930833333333333,0,3,0,488194,117416,52782,55174,1.0876282930082626,0.31968248450084014
23251,0.593095238095238,1,0,1,488194,117416,52783,55173,1.0876282930082626,0.3196785426649439
23252,0.5930952380952381,0,1,0,488195,117415,52783,55173,1.0876190299751751,0.3196803949289638
23253,0.5931190476190475,0,1,0,488196,117414,52783,55173,1.0876097669420874,0.3196822472144484
23254,0.5931666666666666,0,3,0,488199,117411,52783,55173,1.0875819778428248,0.31968780419969406
23255,0.5931666666666667,1,6,1,488205,117405,52784,55172,1.0875263996442994,0.3196949767350226
23256,0.5932142857142857,2,1,2,488206,117404,52786,55170,1.087517136611212,0.319688945032276
23257,0.5932142857142858,0,1,0,488207,117403,52786,55170,1.0875078735781245,0.3196907975175723
23258,0.5932261904761904,0,1,0,488208,117402,52786,55170,1.0874986105450368,0.31969265002433767
23259,0.5932348484848486,0,2,0,488210,117400,52786,55170,1.0874800844788617,0.31969635510227734
23260,0.5932380952380952,0,1,0,488211,117399,52786,55170,1.0874708214457742,0.31969820767345236
23261,0.5933131868131869,0,2,0,488213,117397,52786,55170,1.087452295379599,0.31970191288021466
23262,0.5933333333333333,40,166,40,488379,117231,52826,55130,1.0859146318870652,0.3198519386636188
23263,0.5933333333333334,71,230,71,488609,117001,52897,55059,1.0837841342769277,0.31999883761478554
23264,0.5933333333333335,0,1,0,488610,117000,52897,55059,1.08377487124384,0.3200006974351821
23265,0.5933492063492065,0,2,0,488612,116998,52897,55059,1.083756345177665,0.3200044171408312
23266,0.5933571428571429,0,1,0,488613,116997,52897,55059,1.0837470821445774,0.32000627702608453
23267,0.5933730158730158,0,1,0,488614,116996,52897,55059,1.08373781911149,0.3200081369329575
23268,0.5933809523809523,0,2,0,488616,116994,52897,55059,1.0837192930453148,0.32001185681156386
23269,0.5934523809523811,0,3,0,488619,116991,52897,55059,1.0836915039460522,0.32001743679163036
23270,0.5934999999999999,0,6,0,488625,116985,52897,55059,1.0836359257475268,0.3200285973355653
23271,0.5935,4,9,4,488634,116976,52901,55055,1.0835525584497387,0.3200295295615325
23272,0.5935000000000001,0,1,0,488635,116975,52901,55055,1.0835432954166513,0.3200313898738592
23273,0.5935714285714285,0,2,0,488637,116973,52901,55055,1.0835247693504761,0.3200351105633967
23274,0.5935714285714286,0,5,0,488642,116968,52901,55055,1.0834784541850384,0.3200444126657482
23275,0.5935735930735933,3,1,3,488643,116967,52904,55052,1.0834691911519507,0.3200344148030159
23276,0.5936190476190477,1,1,1,488644,116966,52905,55051,1.0834599281188633,0.32003232238674084
23277,0.5936439393939393,0,1,0,488645,116965,52905,55051,1.0834506650857756,0.3200341828667101
23278,0.5936666666666666,0,1,0,488646,116964,52905,55051,1.0834414020526881,0.32003604336831093
23279,0.5936666666666667,0,17,0,488663,116947,52905,55051,1.0832839304901998,0.32006767520552565
23280,0.5936666666666668,0,7,0,488670,116940,52905,55051,1.083219089258587,0.3200807018971923
23281,0.59375,1,3,1,488673,116937,52906,55050,1.083191300159324,0.32008233180414797
23282,0.5937976190476191,1,0,1,488673,116937,52907,55049,1.083191300159324,0.3200783784726664
23283,0.5938095238095238,1,1,1,488674,116936,52908,55048,1.0831820371262366,0.32007628616615497
23284,0.5938333333333332,1,3,1,488677,116933,52909,55047,1.083154248026974,0.32007791603674846
23285,0.5938333333333333,1,8,1,488685,116925,52910,55046,1.0830801437622735,0.32008885219019484
23286,0.5938333333333334,0,1,0,488686,116924,52910,55046,1.083070880729186,0.3200907134965401
23287,0.5938412698412698,0,1,0,488687,116923,52910,55046,1.0830616176960983,0.32009257482453235
23288,0.5938571428571429,1,2,1,488689,116921,52911,55045,1.0830430916299234,0.3200923438354093
23289,0.5938809523809523,0,1,0,488690,116920,52911,55045,1.0830338285968357,0.3200942052161777
23290,0.5939047619047619,0,2,0,488692,116918,52911,55045,1.0830153025306606,0.32009792804266035
23291,0.5939285714285714,0,1,0,488693,116917,52911,55045,1.0830060394975731,0.32009978948837536
23292,0.5939393939393939,0,1,0,488694,116916,52911,55045,1.0829967764644854,0.32010165095573995
23293,0.5939523809523809,0,2,0,488696,116914,52911,55045,1.0829782503983105,0.3201053739554196
23294,0.5939761904761905,0,1,0,488697,116913,52911,55045,1.0829689873652228,0.3201072354877354
23295,0.5939891774891776,0,1,0,488698,116912,52911,55045,1.0829597243321354,0.32010909704170226
23296,0.5939999999999999,0,1,0,488699,116911,52911,55045,1.0829504612990477,0.3201109586173207
23297,0.594,23,62,23,488761,116849,52934,55022,1.0823761532476195,0.32013545042502806
23298,0.5940000000000001,2,11,2,488772,116838,52936,55020,1.0822742598836563,0.32014802918688684
23299,0.5940238095238095,1,1,1,488773,116837,52937,55019,1.0822649968505687,0.32014593613257614
23300,0.594047619047619,0,1,0,488774,116836,52937,55019,1.0822557338174812,0.32014779901661283
23301,0.5940873015873016,0,1,0,488775,116835,52937,55019,1.0822464707843937,0.3201496619223294
23302,0.5940952380952381,0,2,0,488777,116833,52937,55019,1.0822279447182186,0.32015338779880365
23303,0.5941428571428571,0,1,0,488778,116832,52937,55019,1.082218681685131,0.320155250769562
23304,0.5941666666666666,12,41,12,488819,116791,52949,55007,1.0818388973285413,0.32018416978078906
23305,0.5941666666666667,6,41,6,488860,116750,52955,55001,1.0814591129719515,0.32023685451613093
23306,0.5942142857142857,0,1,0,488861,116749,52955,55001,1.081449849938864,0.3202387190684134
23307,0.5942261904761905,0,1,0,488862,116748,52955,55001,1.0814405869057764,0.32024058364240837
23308,0.5942832167832166,0,1,0,488863,116747,52955,55001,1.081431323872689,0.3202424482381163
23309,0.5942857142857142,0,1,0,488864,116746,52955,55001,1.0814220608396012,0.3202443128555375
23310,0.5942857142857143,1,8,1,488872,116738,52956,55000,1.081347956574901,0.32025527256635106
23311,0.5942857142857144,0,1,0,488873,116737,52956,55000,1.0813386935418132,0.3202571373670205
23312,0.5942965367965367,1,0,1,488873,116737,52957,54999,1.0813386935418132,0.3202531792984581
23313,0.5943333333333333,1,12,1,488885,116725,52958,54998,1.0812275371447626,0.3202716001933346
23314,0.5943333333333334,0,16,0,488901,116709,52958,54998,1.0810793286153617,0.3203014437384614
23315,0.5943571428571428,0,4,0,488905,116705,52958,54998,1.0810422764830117,0.3203089054937887
23316,0.5943657176157175,0,1,0,488906,116704,52958,54998,1.081033013449924,0.3203107709869425
23317,0.5943809523809522,0,1,0,488907,116703,52958,54998,1.0810237504168365,0.32031263650182584
23318,0.5943928571428572,0,1,0,488908,116702,52958,54998,1.0810144873837488,0.32031450203843914
23319,0.5944134199134199,3,3,3,488911,116699,52961,54995,1.0809866982844862,0.3203082227684136
23320,0.5944285714285714,0,1,0,488912,116698,52961,54995,1.0809774352513988,0.3203100883553785
23321,0.5944523809523808,0,1,0,488913,116697,52961,54995,1.080968172218311,0.3203119539640752
23322,0.594452380952381,0,1,0,488914,116696,52961,54995,1.0809589091852236,0.32031381959450406
23323,0.5944999999999999,0,10,0,488924,116686,52961,54995,1.0808662788543482,0.32033247709414553
23324,0.5945,2,10,2,488934,116676,52963,54993,1.0807736485234725,0.3203432186358632
23325,0.5945000000000001,1,1,1,488935,116675,52964,54992,1.080764385490385,0.3203411255512125
23326,0.594547619047619,0,1,0,488936,116674,52964,54992,1.0807551224572973,0.32034299162326846
23327,0.5945476190476191,1,1,1,488937,116673,52965,54991,1.0807458594242099,0.3203408984993942
23328,0.5945714285714285,0,1,0,488938,116672,52965,54991,1.0807365963911224,0.3203427646027391
23329,0.594579365079365,0,1,0,488939,116671,52965,54991,1.0807273333580347,0.3203446307278256
23330,0.5945833333333332,1,0,1,488939,116671,52966,54990,1.0807273333580347,0.32034067143963973
23331,0.5945833333333334,0,1,0,488940,116670,52966,54990,1.0807180703249473,0.3203425375742747
23332,0.5946212121212121,0,1,0,488941,116669,52966,54990,1.0807088072918596,0.32034440373065204
23333,0.5946349206349207,0,1,0,488942,116668,52966,54990,1.0806995442587721,0.3203462699087721
23334,0.594642857142857,1,0,1,488942,116668,52967,54989,1.0806995442587721,0.32034231053787493
23335,0.5946428571428571,0,2,0,488944,116666,52967,54989,1.080681018192597,0.3203460429349567
23336,0.5946547619047619,0,1,0,488945,116665,52967,54989,1.0806717551595095,0.3203479091661132
23337,0.5946666666666666,4,18,4,488963,116647,52971,54985,1.0805050205639335,0.32036566607625616
23338,0.5946666666666667,2,14,2,488977,116633,52973,54983,1.0803753381007077,0.320383880290882
23339,0.5946666666666668,0,1,0,488978,116632,52973,54983,1.08036607506762,0.320385747166623
23340,0.5947142857142856,0,2,0,488980,116630,52973,54983,1.0803475490014451,0.3203894809833754
23341,0.5947619047619047,0,1,0,488981,116629,52973,54983,1.0803382859683575,0.32039134792438756
23342,0.5947619047619048,0,1,0,488982,116628,52973,54983,1.08032902293527,0.3203932148871576
23343,0.5947738095238095,1,1,1,488983,116627,52974,54982,1.0803197599021823,0.3203911216777675
23344,0.5947777777777777,1,0,1,488983,116627,52975,54981,1.0803197599021823,0.3203871614376952
23345,0.5947777777777778,0,1,0,488984,116626,52975,54981,1.0803104968690949,0.3203890284195866
23346,0.5947857142857143,1,0,1,488984,116626,52976,54980,1.0803104968690949,0.32038506812116124
23347,0.5948095238095238,0,1,0,488985,116625,52976,54980,1.0803012338360072,0.3203869351126133
23348,0.5948333333333333,2,15,2,489000,116610,52978,54978,1.080162288339694,0.32040702147003286
23349,0.5948333333333334,0,2,0,489002,116608,52978,54978,1.0801437622735188,0.32041075612229436
23350,0.5948571428571428,0,1,0,489003,116607,52978,54978,1.0801344992404314,0.3204126234810735
23351,0.5948571428571429,0,1,0,489004,116606,52978,54978,1.0801252362073437,0.3204144908616188
23352,0.5948809523809523,0,1,0,489005,116605,52978,54978,1.0801159731742562,0.32041635826393056
23353,0.5948809523809524,0,1,0,489006,116604,52978,54978,1.0801067101411685,0.3204182256880092
23354,0.5948809523809525,1,0,1,489006,116604,52979,54977,1.0801067101411685,0.3204142649827195
23355,0.5949285714285714,0,1,0,489007,116603,52979,54977,1.080097447108081,0.3204161324163655
23356,0.5949285714285715,0,1,0,489008,116602,52979,54977,1.0800881840749934,0.32041799987177916
23357,0.5949999999999999,0,1,0,489009,116601,52979,54977,1.080078921041906,0.32041986734896083
23358,0.595,207,803,207,489812,115798,53186,54770,1.0726407054726,0.3211036067726655
23359,0.5950000000000001,4,20,4,489832,115778,53190,54766,1.0724554448108488,0.3211253400881884
23360,0.595047619047619,0,1,0,489833,115777,53190,54766,1.0724461817777613,0.32112722304638713
23361,0.5950714285714286,0,1,0,489834,115776,53190,54766,1.0724369187446738,0.32112910602666794
23362,0.5951190476190477,1,2,1,489836,115774,53191,54765,1.0724183926784987,0.3211288913386381
23363,0.5951428571428571,0,1,0,489837,115773,53191,54765,1.072409129645411,0.321130774372867
23364,0.5951666666666666,1,9,1,489846,115764,53192,54764,1.072325762347623,0.32114374179020455
23365,0.5951666666666667,0,7,0,489853,115757,53192,54764,1.0722609211160101,0.32115692495352477
23366,0.5952222222222222,0,2,0,489855,115755,53192,54764,1.0722423950498352,0.32116069177041856
23367,0.5952380952380952,1,4,1,489859,115751,53193,54763,1.072205342917485,0.3211642445781578
23368,0.5952857142857142,0,1,0,489860,115750,53193,54763,1.0721960798843972,0.321166128095805
23369,0.5953095238095238,1,1,1,489861,115749,53194,54762,1.0721868168513098,0.3211640304731073
23370,0.5953333333333333,1,10,1,489871,115739,53195,54761,1.0720941865204343,0.3211788856304985
23371,0.5953333333333334,0,13,0,489884,115726,53195,54761,1.071973767090296,0.3212033762105029
23372,0.5953571428571429,1,1,1,489885,115725,53196,54760,1.0719645040572086,0.3212012787048714
23373,0.5953809523809523,0,1,0,489886,115724,53196,54760,1.0719552410241209,0.3212031627601417
23374,0.5953809523809526,0,1,0,489887,115723,53196,54760,1.0719459779910334,0.3212050468375146
23375,0.5954166666666667,0,3,0,489890,115720,53196,54760,1.0719181888917708,0.3212106992022525
23376,0.5954285714285714,1,0,1,489890,115720,53197,54759,1.0719181888917708,0.3212067175429232
23377,0.5954444444444446,0,1,0,489891,115719,53197,54759,1.0719089258586831,0.3212086016964066
23378,0.595452380952381,0,1,0,489892,115718,53197,54759,1.0718996628255957,0.32121048587199447
23379,0.5954682539682539,0,1,0,489893,115717,53197,54759,1.071890399792508,0.3212123700696872
23380,0.5954761904761905,0,1,0,489894,115716,53197,54759,1.0718811367594205,0.32121425428948525
23381,0.5954999999999999,4,8,4,489902,115708,53201,54755,1.07180703249472,0.32121340114863633
23382,0.5955,2,1,2,489903,115707,53203,54753,1.0717977694616325,0.3212073213657163
23383,0.5955238095238095,1,0,1,489903,115707,53204,54752,1.0717977694616325,0.32120333921940175
23384,0.5955357142857143,1,0,1,489903,115707,53205,54751,1.0717977694616325,0.32119935702636426
23385,0.5955555555555555,0,1,0,489904,115706,53205,54751,1.071788506428545,0.32120124136879097
23386,0.5955555555555556,0,2,0,489906,115704,53205,54751,1.07176998036237,0.321205010119973
23387,0.5956190476190476,1,0,1,489906,115704,53206,54750,1.07176998036237,0.3212010278432891
23388,0.5956666666666667,8,26,8,489932,115678,53214,54742,1.0715291415020936,0.32121816688182137
23389,0.5956904761904762,0,1,0,489933,115677,53214,54742,1.0715198784690059,0.3212200517547926
23390,0.5957142857142856,1,8,1,489941,115669,53215,54741,1.0714457742043055,0.32123114840678363
23391,0.5957171717171718,0,1,0,489942,115668,53215,54741,1.0714365111712179,0.32123303346654225
23392,0.5957857142857143,1,2,1,489944,115666,53216,54740,1.0714179851050427,0.3212328204405948
23393,0.5958015873015873,0,2,0,489946,115664,53216,54740,1.0713994590388678,0.32123659069035937
23394,0.5958333333333333,31,72,31,490018,115592,53247,54709,1.0707325206565639,0.3212488476286105
23395,0.5958333333333334,1,1,1,490019,115591,53248,54708,1.0707232576234762,0.321246748366109
23396,0.5958928571428571,0,1,0,490020,115590,53248,54708,1.0707139945903887,0.32124863474615084
23397,0.5959523809523809,0,1,0,490021,115589,53248,54708,1.070704731557301,0.32125052114834673
23398,0.595952380952381,0,2,0,490023,115587,53248,54708,1.070686205491126,0.32125429401920197
23399,0.5959761904761904,0,1,0,490024,115586,53248,54708,1.0706769424580385,0.32125618048786214
23400,0.596,24,86,24,490110,115500,53272,54684,1.0698803216125088,0.3213228035538006
23401,0.5960000000000001,1,1,1,490111,115499,53273,54683,1.0698710585794213,0.3213207037171969
23402,0.5960357142857142,1,1,1,490112,115498,53274,54682,1.0698617955463336,0.3213186038312375
23403,0.596047619047619,0,1,0,490113,115497,53274,54682,1.0698525325132462,0.3213204919525911
23404,0.5960476190476192,1,3,1,490116,115494,53275,54681,1.0698247434139834,0.321322168356104
23405,0.5960714285714286,0,1,0,490117,115493,53275,54681,1.069815480380896,0.32132405655388013
23406,0.596111111111111,1,0,1,490117,115493,53276,54680,1.069815480380896,0.32132006840098015
23407,0.5961279831279832,0,1,0,490118,115492,53276,54680,1.0698062173478085,0.32132195660860774
23408,0.5961349206349206,1,0,1,490118,115492,53277,54679,1.0698062173478085,0.3213179683964953
23409,0.5961428571428572,0,2,0,490120,115490,53277,54679,1.0697876912816333,0.3213217448536455
23410,0.5961666666666666,0,4,0,490124,115486,53277,54679,1.069750639149283,0.32132929803426086
23411,0.5961904761904762,1,2,1,490126,115484,53278,54678,1.069732113083108,0.3213290864000188
23412,0.5962142857142858,1,2,1,490128,115482,53279,54677,1.0697135870169328,0.3213288747583143
23413,0.5962222222222222,1,0,1,490128,115482,53280,54676,1.0697135870169328,0.32132488628216127
23414,0.5962380952380952,0,1,0,490129,115481,53280,54676,1.0697043239838453,0.321326774684556
23415,0.59625,0,2,0,490131,115479,53280,54676,1.0696857979176702,0.3213305515559343
23416,0.5962738095238095,0,1,0,490132,115478,53280,54676,1.0696765348845827,0.3213324400249186
23417,0.5963095238095238,0,2,0,490134,115476,53280,54676,1.0696580088184076,0.3213362170294795
23418,0.5963333333333332,0,1,0,490135,115475,53280,54676,1.0696487457853199,0.32133810556505693
23419,0.5963333333333333,0,5,0,490140,115470,53280,54676,1.0696024306198821,0.3213475485759289
23420,0.5963333333333334,1,13,1,490153,115457,53281,54675,1.069482011189744,0.32136811417017375
23421,0.5963730158730159,0,2,0,490155,115455,53281,54675,1.069463485123569,0.32137189208252515
23422,0.5963809523809523,0,3,0,490158,115452,53281,54675,1.069435696024306,0.32137755911760035
23423,0.5963903318903319,0,1,0,490159,115451,53281,54675,1.0694264329912186,0.32137944817370656
23424,0.596404761904762,0,1,0,490160,115450,53281,54675,1.0694171699581312,0.32138133725202056
23425,0.5964285714285714,1,1,1,490161,115449,53282,54674,1.0694079069250435,0.3213792373753108
23426,0.596452380952381,0,1,0,490162,115448,53282,54674,1.069398643891956,0.3213811264856985
23427,0.5964999999999999,0,2,0,490164,115446,53282,54674,1.069380117825781,0.32138490477310133
23428,0.5965,3,13,3,490177,115433,53285,54671,1.0692596983956426,0.3213974980012228
23429,0.5965277777777777,0,1,0,490178,115432,53285,54671,1.0692504353625552,0.3213993874299689
23430,0.5965277777777778,0,1,0,490179,115431,53285,54671,1.0692411723294675,0.3214012768809303
23431,0.596547619047619,1,2,1,490181,115429,53286,54670,1.0692226462632926,0.3214010664377803
23432,0.5965555555555556,0,1,0,490182,115428,53286,54670,1.0692133832302049,0.3214029559430446
23433,0.5965952380952381,0,5,0,490187,115423,53286,54670,1.0691670680647671,0.32141240380262565
23434,0.5966428571428571,0,1,0,490188,115422,53286,54670,1.0691578050316797,0.32141429344119654
23435,0.5966666666666666,0,4,0,490192,115418,53286,54670,1.0691207528993294,0.32142185221767555
23436,0.5966666666666667,104,417,104,490609,115001,53390,54566,1.0652580681018193,0.32179610419480204
23437,0.5966818181818182,0,1,0,490610,115000,53390,54566,1.0652488050687317,0.32179800195793967
23438,0.5967222222222223,1,0,1,490610,115000,53391,54565,1.0652488050687317,0.32179400230000293
23439,0.5967246642246643,1,1,1,490611,114999,53392,54564,1.0652395420356442,0.32179190035562005
23440,0.5967261904761905,0,1,0,490612,114998,53392,54564,1.0652302790025565,0.32179379813873393
23441,0.5967857142857143,1,2,1,490614,114996,53393,54563,1.0652117529363816,0.32179359397024043
23442,0.5968095238095238,1,2,1,490616,114994,53394,54562,1.0651932268702065,0.32179338979452216
23443,0.5968333333333333,3,10,3,490626,114984,53397,54559,1.0651005965393308,0.3218003692278655
23444,0.5969047619047619,0,2,0,490628,114982,53397,54559,1.0650820704731558,0.3218041653641302
23445,0.5969087301587302,0,1,0,490629,114981,53397,54559,1.0650728074400682,0.3218060634658488
23446,0.5969285714285715,1,2,1,490631,114979,53398,54558,1.065054281373893,0.3218058594878994
23447,0.5969444444444444,0,1,0,490632,114978,53398,54558,1.0650450183408056,0.3218077576443941
23448,0.5969444444444445,0,1,0,490633,114977,53398,54558,1.0650357553077179,0.3218096558232813
23449,0.596969696969697,0,1,0,490634,114976,53398,54558,1.0650264922746304,0.32181155402456146
23450,0.597,4,22,4,490656,114954,53402,54554,1.064822705546704,0.32183731741274746
23451,0.5970238095238095,0,1,0,490657,114953,53402,54554,1.0648134425136166,0.32183921607957194
23452,0.5970833333333334,1,2,1,490659,114951,53403,54553,1.0647949164474415,0.32183901264866904
23453,0.5970952380952381,1,1,1,490660,114950,53404,54552,1.064785653414354,0.3218369104789324
23454,0.5971071428571428,0,1,0,490661,114949,53404,54552,1.0647763903812664,0.3218388092105651
23455,0.5971309523809523,0,2,0,490663,114947,53404,54552,1.0647578643150912,0.3218426067410427
23456,0.5971428571428572,1,7,1,490670,114940,53405,54551,1.0646930230834784,0.321851897740883
23457,0.5971666666666666,0,5,0,490675,114935,53405,54551,1.0646467079180406,0.3218613926814014
23458,0.5971666666666667,1,3,1,490678,114932,53406,54550,1.064618918818778,0.3218630887055853
23459,0.5971904761904762,1,0,1,490678,114932,53407,54549,1.064618918818778,0.3218590874493306
23460,0.5971904761904763,1,0,1,490678,114932,53408,54548,1.064618918818778,0.3218550861458579
23461,0.5972222222222223,0,1,0,490679,114931,53408,54548,1.0646096557856906,0.3218569852312086
23462,0.5972619047619048,0,1,0,490680,114930,53408,54548,1.0646003927526029,0.32185888433897025
23463,0.5972857142857141,0,2,0,490682,114928,53408,54548,1.0645818666864277,0.3218626826217281
23464,0.5972857142857143,0,3,0,490685,114925,53408,54548,1.0645540775871651,0.32186838021395736
23465,0.5973333333333332,0,1,0,490686,114924,53408,54548,1.0645448145540777,0.32187027945619334
23466,0.5973333333333333,2,11,2,490697,114913,53410,54546,1.0644429211901145,0.32188316938020406
23467,0.5973333333333334,7,24,7,490721,114889,53417,54539,1.0642206083960133,0.3219007484005005
23468,0.5973599733599734,0,1,0,490722,114888,53417,54539,1.0642113453629256,0.32190264833822235
23469,0.5973809523809523,0,1,0,490723,114887,53417,54539,1.0642020823298382,0.3219045482983722
23470,0.5974181096681097,0,2,0,490725,114885,53417,54539,1.064183556263663,0.3219083482859571
23471,0.597452380952381,0,3,0,490728,114882,53417,54539,1.0641557671644004,0.32191404843555405
23472,0.5974642857142857,1,1,1,490729,114881,53418,54538,1.0641465041313127,0.3219119461217455
23473,0.5974999999999999,2,3,2,490732,114878,53420,54536,1.0641187150320501,0.3219096414700084
23474,0.5975,56,208,56,490940,114670,53476,54480,1.0621920041498387,0.3220809932013006
23475,0.5975555555555555,0,1,0,490941,114669,53476,54480,1.0621827411167513,0.3220828973272086
23476,0.5975833333333334,0,1,0,490942,114668,53476,54480,1.0621734780836638,0.3220848014756308
23477,0.5976190476190477,0,6,0,490948,114662,53476,54480,1.0621178998851384,0.32209622683898737
23478,0.5976428571428571,0,1,0,490949,114661,53476,54480,1.062108636852051,0.322098131145021
23479,0.5976666666666666,0,1,0,490950,114660,53476,54480,1.0620993738189632,0.3221000354735722
23480,0.5976666666666667,7,39,7,490989,114621,53483,54473,1.0617381155285486,0.3221462618425255
23481,0.5977142857142858,0,1,0,490990,114620,53483,54473,1.0617288524954611,0.3221481669850319
23482,0.59775,1,1,1,490991,114619,53484,54472,1.0617195894623737,0.32214606336233154
23483,0.5977777777777777,0,6,0,490997,114613,53484,54472,1.0616640112638482,0.3221574947511607
23484,0.5978333333333333,1,2,1,490999,114611,53485,54471,1.061645485197673,0.3221572964597059
23485,0.5978333333333334,0,2,0,491001,114609,53485,54471,1.061626959131498,0.3221611071682044
23486,0.5979166666666667,0,6,0,491007,114603,53485,54471,1.0615713809329728,0.3221725398346286
23487,0.5979166666666668,0,1,0,491008,114602,53485,54471,1.061562117899885,0.32217444535792233
23488,0.5979285714285715,0,1,0,491009,114601,53485,54471,1.0615528548667976,0.32217635090375696
23489,0.5979444444444444,0,2,0,491011,114599,53485,54471,1.0615343288006225,0.32218016206305083
23490,0.597952380952381,1,0,1,491011,114599,53486,54470,1.0615343288006225,0.3221761529316433
23491,0.5979722222222221,0,1,0,491012,114598,53486,54470,1.061525065767535,0.3221780585326614
23492,0.5979761904761904,0,1,0,491013,114597,53486,54470,1.0615158027344473,0.3221799641562221
23493,0.5979999999999999,2,1,2,491014,114596,53488,54468,1.0615065397013599,0.3221738513225761
23494,0.598,10,59,10,491073,114537,53498,54458,1.060960020749194,0.3222462203023758
23495,0.5980000000000001,2,5,2,491078,114532,53500,54456,1.0609137055837563,0.32224773356688047
23496,0.5980238095238095,0,1,0,491079,114531,53500,54456,1.0609044425506688,0.3222496405048909
23497,0.5980476190476192,0,1,0,491080,114530,53500,54456,1.0608951795175812,0.3222515474654705
23498,0.5980555555555556,1,0,1,491080,114530,53501,54455,1.0608951795175812,0.32224753676361806
23499,0.5980952380952381,0,1,0,491081,114529,53501,54455,1.0608859164844937,0.322249443734318
23500,0.5981111111111111,1,1,1,491082,114528,53502,54454,1.060876653451406,0.3222473399533678
23501,0.5981190476190477,1,0,1,491082,114528,53503,54453,1.060876653451406,0.3222433291316775
23502,0.5981666666666665,0,1,0,491083,114527,53503,54453,1.0608673904183186,0.3222452361226181
23503,0.5981666666666666,2,10,2,491093,114517,53505,54451,1.060774760087443,0.3222562852137683
23504,0.5981666666666667,3,5,3,491098,114512,53508,54448,1.0607284449220054,0.3222537878787879
23505,0.5981818181818181,0,1,0,491099,114511,53508,54448,1.0607191818889177,0.3222556951686504
23506,0.5982142857142856,0,1,0,491100,114510,53508,54448,1.0607099188558302,0.32225760248109
23507,0.5982142857142857,1,2,1,491102,114508,53509,54447,1.060691392789655,0.32225740581811724
23508,0.5982142857142858,1,3,1,491105,114505,53510,54446,1.0606636036903925,0.3222591165485851
23509,0.5982380952380952,0,2,0,491107,114503,53510,54446,1.0606450776242173,0.3222629314171732
23510,0.5982591991341991,1,0,1,491107,114503,53511,54445,1.0606450776242173,0.3222589199043493
23511,0.5982738095238095,0,2,0,491109,114501,53511,54445,1.0606265515580422,0.3222627348383507
23512,0.5982857142857143,0,4,0,491113,114497,53511,54445,1.060589499425692,0.32227036497732947
23513,0.598309523809524,0,1,0,491114,114496,53511,54445,1.0605802363926045,0.32227227256852986
23514,0.5983333333333332,0,4,0,491118,114492,53511,54445,1.0605431842602542,0.3222799031591658
23515,0.5983333333333333,22,97,22,491215,114395,53533,54423,1.0596446700507614,0.3223767607719556
23516,0.5983333333333334,38,147,38,491362,114248,53571,54385,1.058283004186891,0.3225050850070864
23517,0.5983571428571428,0,3,0,491365,114245,53571,54385,1.0582552150876283,0.3225108225108225
23518,0.5984285714285715,0,2,0,491367,114243,53571,54385,1.0582366890214532,0.32251464762672866
23519,0.598452380952381,1,1,1,491368,114242,53572,54384,1.0582274259883657,0.32251254254978473
23520,0.5984761904761904,0,1,0,491369,114241,53572,54384,1.058218162955278,0.3225144551519644
23521,0.5984761904761905,0,1,0,491370,114240,53572,54384,1.0582088999221906,0.3225163677768289
23522,0.5984999999999999,0,9,0,491379,114231,53572,54384,1.0581255326244026,0.32253358242149277
23523,0.5985,6,11,6,491390,114220,53578,54378,1.0580236392604394,0.3225305163762322
23524,0.598521645021645,0,1,0,491391,114219,53578,54378,1.058014376227352,0.3225324294026584
23525,0.5985238095238095,0,2,0,491393,114217,53578,54378,1.0579958501611768,0.32253625552359205
23526,0.5985714285714285,1,4,1,491397,114213,53579,54377,1.0579587980288265,0.3225398896731716
23527,0.5985714285714286,0,5,0,491402,114208,53579,54377,1.0579124828633888,0.32254945576415456
23528,0.5985873015873014,1,0,1,491402,114208,53580,54376,1.0579124828633888,0.3225454372894225
23529,0.5985952380952382,0,1,0,491403,114207,53580,54376,1.0579032198303013,0.32254735056322403
23530,0.5986111111111111,0,1,0,491404,114206,53580,54376,1.0578939567972137,0.32254926385972404
23531,0.5986190476190477,0,3,0,491407,114203,53580,54376,1.057866167697951,0.3225550038854187
23532,0.5986428571428571,0,1,0,491408,114202,53580,54376,1.0578569046648634,0.3225569172727165
23533,0.5986666666666666,1,3,1,491411,114199,53581,54375,1.0578291155656008,0.3225586389360162
23534,0.5986666666666667,3,18,3,491429,114181,53584,54372,1.0576623809700247,0.3225810279259343
23535,0.5986666666666668,1,4,1,491433,114177,53585,54371,1.0576253288376747,0.3225846643092769
23536,0.5986904761904762,0,1,0,491434,114176,53585,54371,1.057616065804587,0.3225865782244715
23537,0.5986904761904763,0,1,0,491435,114175,53585,54371,1.0576068027714995,0.32258849216237706
23538,0.5986984126984126,1,2,1,491437,114173,53586,54370,1.0575882767053244,0.32258830090837354
23539,0.5987142857142856,2,0,2,491437,114173,53588,54368,1.0575882767053244,0.3225802623693938
23540,0.5987142857142858,0,1,0,491438,114172,53588,54368,1.057579013672237,0.3225821763379613
23541,0.5987380952380952,0,1,0,491439,114171,53588,54368,1.0575697506391493,0.3225840903292413
23542,0.59875,0,7,0,491446,114164,53588,54368,1.0575049094075364,0.3225974889041844
23543,0.5987857142857144,1,0,1,491446,114164,53589,54367,1.0575049094075364,0.3225934694507242
23544,0.5988095238095238,0,1,0,491447,114163,53589,54367,1.057495646374449,0.32259538361122647
23545,0.5988095238095239,1,0,1,491447,114163,53590,54366,1.057495646374449,0.3225913640975737
23546,0.5988333333333332,0,1,0,491448,114162,53590,54366,1.0574863833413612,0.32259327826829964
23547,0.5988333333333333,0,4,0,491452,114158,53590,54366,1.057449331209011,0.32260093517837224
23548,0.5988333333333334,1,3,1,491455,114155,53591,54365,1.0574215421097484,0.3226026584381676
23549,0.5988888888888888,1,3,1,491458,114152,53592,54364,1.0573937530104858,0.32260438177977163
23550,0.5988888888888889,0,1,0,491459,114151,53592,54364,1.057384489977398,0.32260629617541464
23551,0.5989285714285715,0,1,0,491460,114150,53592,54364,1.0573752269443106,0.32260821059377853
23552,0.5989393939393939,1,0,1,491460,114150,53593,54363,1.0573752269443106,0.322604190774599
23553,0.5989761904761904,0,2,0,491462,114148,53593,54363,1.0573567008781355,0.32260801965450325
23554,0.5989761904761906,0,1,0,491463,114147,53593,54363,1.057347437845048,0.3226099341285384
23555,0.5989999999999999,1,1,1,491464,114146,53594,54362,1.0573381748119604,0.3226078287084293
23556,0.599,18,53,18,491517,114093,53612,54344,1.0568472340583202,0.32263695031376716
23557,0.5990000000000001,0,3,0,491520,114090,53612,54344,1.0568194449590573,0.3226426968426802
23558,0.5990238095238094,1,0,1,491520,114090,53613,54343,1.0568194449590573,0.32263867531896956
23559,0.5990476190476189,0,1,0,491521,114089,53613,54343,1.0568101819259699,0.322640590861594
23560,0.599047619047619,1,1,1,491522,114088,53614,54342,1.0568009188928822,0.3226384848304934
23561,0.5990714285714286,0,1,0,491523,114087,53614,54342,1.0567916558597947,0.3226404004061058
23562,0.5990739538239538,1,0,1,491523,114087,53615,54341,1.0567916558597947,0.32263637874937656
23563,0.599095238095238,0,1,0,491524,114086,53615,54341,1.0567823928267073,0.3226382943352313
23564,0.5991428571428571,0,2,0,491526,114084,53615,54341,1.0567638667605321,0.32264212557518185
23565,0.5991666666666666,11,43,11,491569,114041,53626,54330,1.0563655563377672,0.3226802715431992
23566,0.5991666666666667,6,31,6,491600,114010,53632,54324,1.056078402312053,0.3227155536017679
23567,0.5991904761904762,0,2,0,491602,114008,53632,54324,1.056059876245878,0.32271938787633964
23568,0.5992142857142857,0,1,0,491603,114007,53632,54324,1.0560506132127905,0.32272130504779273
23569,0.5992380952380951,0,1,0,491604,114006,53632,54324,1.0560413501797028,0.3227232222420246
23570,0.5992380952380952,0,2,0,491606,114004,53632,54324,1.0560228241135277,0.3227270566988261
23571,0.5992380952380953,0,1,0,491607,114003,53632,54324,1.0560135610804402,0.32272897396139655
23572,0.59925,0,1,0,491608,114002,53632,54324,1.0560042980473525,0.32273089124674736
23573,0.5992857142857142,0,4,0,491612,113998,53632,54324,1.0559672459150025,0.3227385606159623
23574,0.5992857142857143,1,3,1,491615,113995,53633,54323,1.0559394568157396,0.32274028921446307
23575,0.5993333333333333,2,11,2,491626,113984,53635,54321,1.0558375634517767,0.3227533347197053
23576,0.5993333333333334,5,16,5,491642,113968,53640,54316,1.0556893549223758,0.32276389912291126
23577,0.5993452380952381,0,2,0,491644,113966,53640,54316,1.0556708288562007,0.32276773511130125
23578,0.5993809523809523,1,0,1,491644,113966,53641,54315,1.0556708288562007,0.32276371069817744
23579,0.5994047619047618,1,1,1,491645,113965,53642,54314,1.0556615658231132,0.32276160424057665
23580,0.5994047619047619,0,2,0,491647,113963,53642,54314,1.055643039756938,0.32276544031567
23581,0.5994285714285714,1,0,1,491647,113963,53643,54313,1.055643039756938,0.3227614157693313
23582,0.5994285714285715,0,2,0,491649,113961,53643,54313,1.055624513690763,0.3227652519105744
23583,0.5994444444444444,0,1,0,491650,113960,53643,54313,1.0556152506576753,0.3227671700153917
23584,0.5994761904761904,0,1,0,491651,113959,53643,54313,1.0556059876245878,0.3227690881430066
23585,0.5994776334776334,0,1,0,491652,113958,53643,54313,1.0555967245915003,0.32277100629341954
23586,0.5994999999999999,1,1,1,491653,113957,53644,54312,1.0555874615584127,0.3227688997973483
23587,0.5995,2,10,2,491663,113947,53646,54310,1.0554948312275372,0.3227800329258218
23588,0.5995119047619049,0,1,0,491664,113946,53646,54310,1.0554855681944495,0.32278195131228604
23589,0.5995238095238095,1,5,1,491669,113941,53647,54309,1.0554392530290118,0.32278751857355126
23590,0.5995238095238096,0,2,0,491671,113939,53647,54309,1.0554207269628366,0.3227913556178974
23591,0.599547619047619,0,1,0,491672,113938,53647,54309,1.0554114639297492,0.3227932741742795
23592,0.5995952380952381,1,0,1,491672,113938,53648,54308,1.0554114639297492,0.3227892490757581
23593,0.599642857142857,0,2,0,491674,113936,53648,54308,1.055392937863574,0.3227930862319013
23594,0.5996428571428571,0,1,0,491675,113935,53648,54308,1.0553836748304866,0.3227950048441837
23595,0.5996666666666666,2,15,2,491690,113920,53650,54306,1.0552447293341731,0.32281573597422514
23596,0.5996666666666667,3,8,3,491698,113912,53653,54303,1.0551706250694728,0.3228190113842404
23597,0.5996666666666668,0,1,0,491699,113911,53653,54303,1.055161362036385,0.3228209304814106
23598,0.5996904761904762,0,1,0,491700,113910,53653,54303,1.0551520990032976,0.32282284960139823
23599,0.599702380952381,0,1,0,491701,113909,53653,54303,1.0551428359702102,0.32282476874420374
23600,0.5997142857142858,2,2,2,491703,113907,53655,54301,1.055124309904035,0.32282055550271094
23601,0.59975,0,1,0,491704,113906,53655,54301,1.0551150468709474,0.32282247468892494
23602,0.5997857142857143,0,2,0,491706,113904,53655,54301,1.0550965208047722,0.32282631312981186
23603,0.5998055555555556,0,1,0,491707,113903,53655,54301,1.0550872577716848,0.3228282323844855
23604,0.5998333333333332,0,4,0,491711,113899,53655,54301,1.0550502056393345,0.3228359096313912
23605,0.5998333333333333,0,9,0,491720,113890,53655,54301,1.0549668383415465,0.3228531847720746
23606,0.5998809523809523,1,0,1,491720,113890,53656,54300,1.0549668383415465,0.32284915868957725
23607,0.5998809523809524,0,2,0,491722,113888,53656,54300,1.0549483122753716,0.3228529978357552
23608,0.5999166666666668,0,1,0,491723,113887,53656,54300,1.0549390492422839,0.3228549174430842
23609,0.5999318181818182,0,1,0,491724,113886,53656,54300,1.0549297862091964,0.32285683707324037
23610,0.5999523809523809,0,3,0,491727,113883,53656,54300,1.0549019971099336,0.322862596100676
23611,0.6,573,2160,573,493887,111723,54229,53727,1.0348938456408165,0.32473254759746145
23612,0.6000000000000001,4,15,4,493902,111708,54233,53723,1.0347549001445033,0.3247456643555319
23613,0.6000238095238095,0,1,0,493903,111707,54233,53723,1.0347456371114159,0.3247476273952729
23614,0.600031746031746,0,1,0,493904,111706,54233,53723,1.0347363740783282,0.32474959045874663
23615,0.600047619047619,1,4,1,493908,111702,54234,53722,1.034699321945978,0.32475336106006386
23616,0.6000793650793651,0,1,0,493909,111701,54234,53722,1.0346900589128905,0.3247553242293998
23617,0.6000833333333334,0,1,0,493910,111700,54234,53722,1.0346807958798028,0.324757287422471
23618,0.6000866013071895,0,1,0,493911,111699,54234,53722,1.0346715328467153,0.32475925063927796
23619,0.600095238095238,0,1,0,493912,111698,54234,53722,1.0346622698136279,0.32476121387982104
23620,0.6000952380952382,2,0,2,493912,111698,54236,53720,1.0346622698136279,0.32475304984947223
23621,0.6001190476190477,1,0,1,493912,111698,54237,53719,1.0346622698136279,0.32474896776026646
23622,0.6001309523809524,0,1,0,493913,111697,54237,53719,1.0346530067805402,0.32475093098611985
23623,0.6001666666666666,2,7,2,493920,111690,54239,53717,1.0345881655489273,0.324756509700315
23624,0.6001666666666667,1,5,1,493925,111685,54240,53716,1.0345418503834896,0.32476224448461616
23625,0.6001709956709957,2,5,2,493930,111680,54242,53714,1.0344955352180518,0.3247638971183961
23626,0.6002142857142857,0,1,0,493931,111679,54242,53714,1.0344862721849641,0.32476586070752694
23627,0.6002142857142858,1,1,1,493932,111678,54243,53713,1.0344770091518767,0.3247637416788096
23628,0.6002222222222222,0,1,0,493933,111677,54243,53713,1.0344677461187892,0.32476570530261806
23629,0.6002380952380952,0,3,0,493936,111674,54243,53713,1.0344399570195264,0.32477159631651825
23630,0.60025,0,2,0,493938,111672,54243,53713,1.0344214309533513,0.3247755237778517
23631,0.6003030303030303,0,1,0,493939,111671,54243,53713,1.0344121679202638,0.3247774875441397
23632,0.6003333333333333,2,6,2,493945,111665,54245,53711,1.0343565897217384,0.32478110487616096
23633,0.6003333333333334,1,8,1,493953,111657,54246,53710,1.034282485457038,0.32479273373768647
23634,0.6003333333333335,0,1,0,493954,111656,54246,53710,1.0342732224239506,0.3247946978218013
23635,0.6003492063492063,0,1,0,493955,111655,54246,53710,1.034263959390863,0.3247966619296707
23636,0.6003571428571428,1,0,1,493955,111655,54247,53709,1.034263959390863,0.3247925787958685
23637,0.6004166666666666,0,1,0,493956,111654,54247,53709,1.0342546963577754,0.32479454291467863
23638,0.6004166666666667,0,1,0,493957,111653,54247,53709,1.0342454333246878,0.3247965070572441
23639,0.6004285714285715,1,1,1,493958,111652,54248,53708,1.0342361702916003,0.32479438800193516
23640,0.6004761904761904,0,4,0,493962,111648,54248,53708,1.03419911815925,0.32480224485352815
23641,0.6004761904761905,1,0,1,493962,111648,54249,53707,1.03419911815925,0.32479816153125096
23642,0.6004999999999999,1,12,1,493974,111636,54250,53706,1.0340879617621994,0.32481765068766555
23643,0.6005,1,2,1,493976,111634,54251,53705,1.0340694356960243,0.32481749617452627
23644,0.600547619047619,1,0,1,493976,111634,54252,53704,1.0340694356960243,0.32481341252464646
23645,0.6005476190476192,0,1,0,493977,111633,54252,53704,1.0340601726629368,0.3248153770783309
23646,0.6005714285714286,0,1,0,493978,111632,54252,53704,1.0340509096298491,0.32481734165577975
23647,0.6005833333333332,1,4,1,493982,111628,54253,53703,1.034013857497499,0.32482111642704636
23648,0.6006428571428571,0,1,0,493983,111627,54253,53703,1.0340045944644114,0.3248230811105063
23649,0.6006587301587303,0,1,0,493984,111626,54253,53703,1.033995331431324,0.32482504581773314
23650,0.6006666666666667,8,33,8,494017,111593,54261,53695,1.0336896513394347,0.32485721891486374
23651,0.6006666666666668,0,1,0,494018,111592,54261,53695,1.033680388306347,0.3248591843278661
23652,0.6006904761904761,0,1,0,494019,111591,54261,53695,1.0336711252732596,0.32486114976465036
23653,0.6006904761904762,0,1,0,494020,111590,54261,53695,1.0336618622401719,0.32486311522521705
23654,0.6007142857142856,2,9,2,494029,111581,54263,53693,1.0335784949423839,0.3248726357442792
23655,0.60075,1,1,1,494030,111580,54264,53692,1.0335692319092964,0.3248705164819207
23656,0.6007579365079363,0,1,0,494031,111579,54264,53692,1.033559968876209,0.3248724821656552
23657,0.6007619047619047,0,1,0,494032,111578,54264,53692,1.0335507058431213,0.3248744478731772
23658,0.6007857142857143,0,2,0,494034,111576,54264,53692,1.0335321797769461,0.32487837935958563
23659,0.6008051948051948,1,0,1,494034,111576,54265,53691,1.0335321797769461,0.3248742943237307
23660,0.6008055555555556,1,0,1,494034,111576,54266,53690,1.0335321797769461,0.32487020923843984
23661,0.6008333333333333,13,94,13,494128,111482,54279,53677,1.032661454666716,0.3250019678007254
23662,0.6008333333333334,1,2,1,494130,111480,54280,53676,1.032642928600541,0.3250018164644336
23663,0.600845238095238,1,0,1,494130,111480,54281,53675,1.032642928600541,0.3249977294057098
23664,0.6008571428571429,0,1,0,494131,111479,54281,53675,1.0326336655674535,0.3249996972522615
23665,0.6008809523809525,0,1,0,494132,111478,54281,53675,1.0326244025343658,0.32500166512264383
23666,0.6009047619047618,0,1,0,494133,111477,54281,53675,1.0326151395012784,0.3250036330168572
23667,0.6009166666666667,0,1,0,494134,111476,54281,53675,1.0326058764681907,0.325005600934902
23668,0.6009285714285714,0,1,0,494135,111475,54281,53675,1.0325966134351032,0.3250075688767787
23669,0.6009523809523809,1,4,1,494139,111471,54282,53674,1.032559561302753,0.3250113536589058
23670,0.600952380952381,0,1,0,494140,111470,54282,53674,1.0325502982696655,0.3250133217071162
23671,0.6009880952380952,0,2,0,494142,111468,54282,53674,1.0325317722034904,0.3250172578750409
23672,0.6009999999999999,0,1,0,494143,111467,54282,53674,1.0325225091704027,0.325019225994756
23673,0.601,11,51,11,494194,111416,54293,53663,1.0320500944829374,0.3250746612228085
23674,0.6010000000000001,0,4,0,494198,111412,54293,53663,1.0320130423505873,0.32508253824019384
23675,0.6010714285714286,1,6,1,494204,111406,54294,53662,1.031957464152062,0.3250902658298398
23676,0.6011111111111112,0,1,0,494205,111405,54294,53662,1.0319482011189745,0.3250922352741614
23677,0.6011666666666666,2,10,2,494215,111395,54296,53660,1.0318555707880988,0.3251037532943564
23678,0.6011666666666667,0,1,0,494216,111394,54296,53660,1.0318463077550113,0.32510572297551105
23679,0.6011904761904762,0,2,0,494218,111392,54296,53660,1.0318277816888362,0.32510966240942246
23680,0.6011955266955267,1,1,1,494219,111391,54297,53659,1.0318185186557487,0.32510754316873675
23681,0.6012380952380952,0,1,0,494220,111390,54297,53659,1.031809255622661,0.32510951293252305
23682,0.6012380952380953,0,2,0,494222,111388,54297,53659,1.0317907295564859,0.3251134525317031
23683,0.60125,2,8,2,494230,111380,54299,53657,1.0317166252917855,0.325121033465223
23684,0.6012777777777777,0,1,0,494231,111379,54299,53657,1.031707362258698,0.32512300346591044
23685,0.6013095238095238,0,5,0,494236,111374,54299,53657,1.0316610470932601,0.3251328538274627
23686,0.6013333333333332,0,2,0,494238,111372,54299,53657,1.0316425210270852,0.32513679413921187
23687,0.6013333333333333,5,26,5,494264,111346,54304,53652,1.0314016821668086,0.32516757778882166
23688,0.6013333333333334,1,2,1,494266,111344,54305,53651,1.0313831561006337,0.32516742931603987
23689,0.6013373015873016,0,1,0,494267,111343,54305,53651,1.031373893067546,0.32516940009939754
23690,0.6013571428571428,0,2,0,494269,111341,54305,53651,1.0313553670013709,0.32517334173778123
23691,0.6013809523809523,2,1,2,494270,111340,54307,53649,1.0313461039682834,0.3251671323542782
23692,0.6014047619047619,0,1,0,494271,111339,54307,53649,1.0313368409351957,0.325169103207506
23693,0.6014285714285714,1,2,1,494273,111337,54308,53648,1.0313183148690208,0.3251689547534624
23694,0.6014285714285716,1,0,1,494273,111337,54309,53647,1.0313183148690208,0.32516486447170634
23695,0.6014761904761905,0,2,0,494275,111335,54309,53647,1.0312997888028457,0.32516880629401995
23696,0.6015,7,21,7,494296,111314,54316,53640,1.031105265108007,0.32518156576985097
23697,0.6015000000000001,0,2,0,494298,111312,54316,53640,1.031086739041832,0.325185508511567
23698,0.6015238095238096,0,1,0,494299,111311,54316,53640,1.0310774760087442,0.3251874799182788
23699,0.601547619047619,1,2,1,494301,111309,54317,53639,1.0310589499425693,0.32518733176516235
23700,0.6015555555555555,0,1,0,494302,111308,54317,53639,1.0310496869094816,0.3251893032307347
23701,0.6015634920634921,0,1,0,494303,111307,54317,53639,1.0310404238763942,0.3251912747202115
23702,0.6015714285714285,0,1,0,494304,111306,54317,53639,1.0310311608433065,0.325193246233593
23703,0.6015952380952381,0,1,0,494305,111305,54317,53639,1.031021897810219,0.32519521777087984
23704,0.6016111111111111,1,0,1,494305,111305,54318,53638,1.031021897810219,0.32519112663162425
23705,0.6016190476190476,1,1,1,494306,111304,54319,53637,1.0310126347771313,0.3251890069782528
23706,0.6016666666666666,1,2,1,494308,111302,54320,53636,1.0309941087109564,0.32518885884392923
23707,0.6016666666666667,67,208,67,494516,111094,54387,53569,1.029067397828745,0.3253250578454176
23708,0.6016666666666668,0,1,0,494517,111093,54387,53569,1.0290581347956576,0.32532703355965553
23709,0.6017142857142858,0,3,0,494520,111090,54387,53569,1.0290303456963947,0.3253329608463552
23710,0.60175,0,3,0,494523,111087,54387,53569,1.0290025565971321,0.32533888834904284
23711,0.6017738095238095,0,1,0,494524,111086,54387,53569,1.0289932935640447,0.32534086423127145
23712,0.6017857142857143,1,4,1,494528,111082,54388,53568,1.0289562414316944,0.32534467051320987
23713,0.6018030303030303,0,1,0,494529,111081,54388,53568,1.028946978398607,0.32534664650256
23714,0.6018095238095238,0,1,0,494530,111080,54388,53568,1.0289377153655193,0.32534862251591273
23715,0.6018333333333333,3,11,3,494541,111069,54391,53565,1.028835822001556,0.32535806698494846
23716,0.6018888888888889,0,1,0,494542,111068,54391,53565,1.0288265589684686,0.32536004324770856
23717,0.6018928571428571,0,1,0,494543,111067,54391,53565,1.0288172959353812,0.3253620195344769
23718,0.6019047619047619,1,1,1,494544,111066,54392,53564,1.0288080329022935,0.3253598979529855
23719,0.6019761904761906,0,1,0,494545,111065,54392,53564,1.028798769869206,0.3253618742748847
23720,0.6019999999999999,1,0,1,494545,111065,54393,53563,1.028798769869206,0.32535777631994556
23721,0.602,13,41,13,494586,111024,54406,53550,1.0284189855126162,0.3253855408509242
23722,0.6020000000000001,1,0,1,494586,111024,54407,53549,1.0284189855126162,0.32538144167026184
23723,0.6020238095238095,0,4,0,494590,111020,54407,53549,1.028381933380266,0.3253893503636772
23724,0.6020555555555556,0,1,0,494591,111019,54407,53549,1.0283726703471785,0.3253913275971027
23725,0.6020833333333333,1,7,1,494598,111012,54408,53548,1.0283078291155656,0.32540106951871656
23726,0.6021031746031745,0,2,0,494600,111010,54408,53548,1.0282893030493905,0.3254050243683078
23727,0.6021292658150244,0,1,0,494601,111009,54408,53548,1.028280040016303,0.32540700182915344
23728,0.6021428571428572,2,2,2,494603,111007,54410,53546,1.0282615139501279,0.325402757774091
23729,0.6021666666666666,1,2,1,494605,111005,54411,53545,1.0282429878839527,0.325402613187481
23730,0.6021666666666667,1,11,1,494616,110994,54412,53544,1.0281410945199896,0.3254202676585348
23731,0.6022222222222222,0,1,0,494617,110993,54412,53544,1.0281318314869021,0.3254222454523906
23732,0.6022222222222223,1,0,1,494617,110993,54413,53543,1.0281318314869021,0.3254181455730053
23733,0.6022380952380952,0,1,0,494618,110992,54413,53543,1.0281225684538144,0.3254201233780047
23734,0.6022467532467534,1,1,1,494619,110991,54414,53542,1.028113305420727,0.32541800125202847
23735,0.6022500000000001,0,3,0,494622,110988,54414,53542,1.0280855163214644,0.32542393484470916
23736,0.6022727272727273,1,0,1,494622,110988,54415,53541,1.0280855163214644,0.32541983480115966
23737,0.6023333333333333,3,7,3,494629,110981,54418,53538,1.0280206750898515,0.32542137990140957
23738,0.6023333333333334,5,17,5,494646,110964,54423,53533,1.027863203527363,0.3254345064043721
23739,0.6023452380952382,0,2,0,494648,110962,54423,53533,1.0278446774611878,0.3254384631751725
23740,0.6023690476190476,0,2,0,494650,110960,54423,53533,1.0278261513950129,0.32544242004219026
23741,0.6023809523809524,0,2,0,494652,110958,54423,53533,1.0278076253288377,0.3254463770054289
23742,0.6023809523809525,0,1,0,494653,110957,54423,53533,1.02779836229575,0.3254483555231321
23743,0.6023855311355312,0,1,0,494654,110956,54423,53533,1.0277890992626626,0.3254503340648919
23744,0.6024166666666667,0,1,0,494655,110955,54423,53533,1.027779836229575,0.3254523126307086
23745,0.6024242424242423,0,1,0,494656,110954,54423,53533,1.0277705731964875,0.3254542912205828
23746,0.6024444444444444,0,1,0,494657,110953,54423,53533,1.0277613101634,0.3254562698345148
23747,0.602452380952381,2,0,2,494657,110953,54425,53531,1.0277613101634,0.3254480678971815
23748,0.6024999999999999,2,9,2,494666,110944,54427,53529,1.027677942865612,0.32545767390392344
23749,0.6025,70,190,70,494856,110754,54497,53459,1.0259179665789766,0.32554669849524703
23750,0.6025119047619047,0,1,0,494857,110753,54497,53459,1.0259087035458891,0.32554868097337586
23751,0.6025238095238095,0,1,0,494858,110752,54497,53459,1.0258994405128015,0.3255506634756502
23752,0.6025332167832167,2,1,2,494859,110751,54499,53457,1.025890177479714,0.3255444314527916
23753,0.6025393217893218,2,0,2,494859,110751,54501,53455,1.025890177479714,0.32553621670340915
23754,0.6025476190476191,0,2,0,494861,110749,54501,53455,1.0258716514135389,0.32554018172517113
23755,0.6026013708513708,0,1,0,494862,110748,54501,53455,1.0258623883804512,0.3255421642722727
23756,0.6026190476190476,0,3,0,494865,110745,54501,53455,1.0258345992811886,0.3255481120584653
23757,0.6026428571428571,0,1,0,494866,110744,54501,53455,1.0258253362481011,0.3255500947021602
23758,0.6026666666666666,2,0,2,494866,110744,54503,53453,1.0258253362481011,0.32554187957149033
23759,0.6026666666666667,7,22,7,494888,110722,54510,53446,1.0256215495201748,0.32555674674723456
23760,0.6027142857142858,0,1,0,494889,110721,54510,53446,1.0256122864870874,0.3255587298299902
23761,0.6027222222222223,1,0,1,494889,110721,54511,53445,1.0256122864870874,0.3255546215416103
23762,0.6027380952380952,0,1,0,494890,110720,54511,53445,1.0256030234539997,0.32555660463558006
23763,0.6027380952380953,1,4,1,494894,110716,54512,53444,1.0255659713216496,0.32556042884990255
23764,0.60275,1,0,1,494894,110716,54513,53443,1.0255659713216496,0.3255563203966886
23765,0.6027619047619048,0,1,0,494895,110715,54513,53443,1.025556708288562,0.32555830358557
23766,0.6027777777777777,1,1,1,494896,110714,54514,53442,1.0255474452554745,0.325556178269451
23767,0.6028095238095239,0,1,0,494897,110713,54514,53442,1.0255381822223868,0.3255581614937102
23768,0.6028333333333333,1,8,1,494905,110705,54515,53441,1.0254640779576865,0.3255699194619424
23769,0.6028571428571429,1,3,1,494908,110702,54516,53440,1.0254362888584239,0.325571761036176
23770,0.6028787878787879,0,1,0,494909,110701,54516,53440,1.0254270258253362,0.32557374452452464
23771,0.6029166666666667,1,3,1,494912,110698,54517,53439,1.0253992367260736,0.32557558624807326
23772,0.6029166666666668,0,3,0,494915,110695,54517,53439,1.025371447626811,0.32558153703681136
23773,0.6029523809523808,0,1,0,494916,110694,54517,53439,1.0253621845937233,0.3255835206813986
23774,0.602952380952381,0,2,0,494918,110692,54517,53439,1.0253436585275482,0.3255874880430875
23775,0.6029722222222221,0,1,0,494919,110691,54517,53439,1.0253343954944607,0.3255894717601901
23776,0.6029761904761904,0,1,0,494920,110690,54517,53439,1.0253251324613732,0.3255914555014653
23777,0.6029761904761906,1,0,1,494920,110690,54518,53438,1.0253251324613732,0.3255873464612985
23778,0.6029999999999999,0,1,0,494921,110689,54518,53438,1.0253158694282856,0.3255893302137979
23779,0.603,4,30,4,494951,110659,54522,53434,1.025037978435659,0.32563241576423124
23780,0.6030000000000001,3,8,3,494959,110651,54525,53431,1.0249638741709586,0.3256359625065516
23781,0.603015873015873,0,1,0,494960,110650,54525,53431,1.024954611137871,0.32563794711148764
23782,0.6030238095238095,0,1,0,494961,110649,54525,53431,1.0249453481047834,0.32563993174061434
23783,0.6030238095238096,0,1,0,494962,110648,54525,53431,1.024936085071696,0.3256419163939322
23784,0.6030357142857143,1,0,1,494962,110648,54526,53430,1.024936085071696,0.32563780640914686
23785,0.6030476190476189,0,1,0,494963,110647,54526,53430,1.0249268220386083,0.3256397910737032
23786,0.6030555555555555,0,1,0,494964,110646,54526,53430,1.0249175590055208,0.32564177576245157
23787,0.6030833333333334,1,0,1,494964,110646,54527,53429,1.0249175590055208,0.3256376657016608
23788,0.6030952380952381,0,1,0,494965,110645,54527,53429,1.0249082959724332,0.32563965040164805
23789,0.603107142857143,1,1,1,494966,110644,54528,53428,1.0248990329393457,0.3256375249890292
23790,0.6031309523809525,0,1,0,494967,110643,54528,53428,1.024889769906258,0.32563950972444855
23791,0.6031428571428571,1,0,1,494967,110643,54529,53427,1.024889769906258,0.32563539952459314
23792,0.6031428571428572,1,2,1,494969,110641,54530,53426,1.024871243840083,0.3256352587662357
23793,0.6031666666666665,0,1,0,494970,110640,54530,53426,1.0248619808069954,0.3256372435483281
23794,0.6031666666666666,2,4,2,494974,110636,54532,53424,1.0248249286746451,0.32563696208704135
23795,0.6031666666666667,2,8,2,494982,110628,54534,53422,1.0247508244099448,0.3256446205425175
23796,0.6031785714285715,0,1,0,494983,110627,54534,53422,1.0247415613768573,0.325646605587355
23797,0.6031904761904763,0,2,0,494985,110625,54534,53422,1.0247230353106822,0.32565057574963274
23798,0.6032142857142857,0,3,0,494988,110622,54534,53422,1.0246952462114194,0.32565653117456295
23799,0.6032857142857143,0,3,0,494991,110619,54534,53422,1.0246674571121568,0.3256624868173201
23800,0.6033095238095237,1,1,1,494992,110618,54535,53421,1.0246581940790693,0.3256603612555551
23801,0.6033333333333332,0,1,0,494993,110617,54535,53421,1.0246489310459816,0.3256623465294627
23802,0.6033333333333333,43,148,43,495141,110469,54578,53378,1.0232780021490238,0.32577953822773686
23803,0.6033333333333334,66,248,66,495389,110221,54644,53312,1.0209807699433102,0.32600147982364414
23804,0.6033571428571429,0,3,0,495392,110218,54644,53312,1.0209529808440476,0.3260074604048187
23805,0.6033809523809524,0,2,0,495394,110216,54644,53312,1.0209344547778725,0.32601144758084244
23806,0.6034047619047619,1,3,1,495397,110213,54645,53311,1.0209066656786099,0.32601330691519287
23807,0.6034285714285714,1,1,1,495398,110212,54646,53310,1.0208974026455222,0.32601117892393683
23808,0.603452380952381,0,2,0,495400,110210,54646,53310,1.020878876579347,0.3260151663405088
23809,0.6034761904761905,0,2,0,495402,110208,54646,53310,1.0208603505131721,0.3260191538546215
23810,0.6034841269841269,1,1,1,495403,110207,54647,53309,1.0208510874800845,0.32601702585679687
23811,0.6034999999999999,0,4,0,495407,110203,54647,53309,1.0208140353477342,0.3260250012231518
23812,0.6035,2,19,2,495426,110184,54649,53307,1.0206380377190707,0.3260546452098281
23813,0.6035238095238095,0,2,0,495428,110182,54649,53307,1.0206195116528956,0.3260586339142083
23814,0.6035476190476191,1,1,1,495429,110181,54650,53306,1.020610248619808,0.3260565060218855
23815,0.603563492063492,0,1,0,495430,110180,54650,53306,1.0206009855867204,0.3260585004220545
23816,0.6035714285714285,0,1,0,495431,110179,54650,53306,1.020591722553633,0.32606049484662203
23817,0.6035714285714286,1,4,1,495435,110175,54651,53305,1.0205546704212827,0.3260643503792513
23818,0.6035833333333334,0,1,0,495436,110174,54651,53305,1.0205454073881952,0.32606634491280223
23819,0.6036428571428573,0,1,0,495437,110173,54651,53305,1.0205361443551075,0.3260683394707545
23820,0.6036666666666666,0,2,0,495439,110171,54651,53305,1.0205176182889326,0.32607232865986446
23821,0.6036666666666667,4,10,4,495449,110161,54655,53301,1.020424987958057,0.32607578519778296
23822,0.6036666666666668,1,3,1,495452,110158,54656,53300,1.0203971988587943,0.3260776468572967
23823,0.6036904761904762,1,1,1,495453,110157,54657,53299,1.0203879358257069,0.32607551879404856
23824,0.6037307692307691,0,1,0,495454,110156,54657,53299,1.0203786727926192,0.32607751368878285
23825,0.6037380952380952,0,1,0,495455,110155,54657,53299,1.0203694097595317,0.3260795086079264
23826,0.6037499999999999,0,1,0,495456,110154,54657,53299,1.020360146726444,0.32608150355147963
23827,0.60375,2,3,2,495459,110151,54659,53297,1.0203323576271814,0.32607924232783514
23828,0.6037500000000001,1,0,1,495459,110151,54660,53296,1.0203323576271814,0.32607511915177395
23829,0.6037857142857143,0,4,0,495463,110147,54660,53296,1.0202953054948312,0.32608309930679197
23830,0.6037857142857144,0,1,0,495464,110146,54660,53296,1.0202860424617437,0.32608509440657846
23831,0.6038095238095238,0,3,0,495467,110143,54660,53296,1.020258253362481,0.32609107985242203
23832,0.6038095238095239,0,1,0,495468,110142,54660,53296,1.0202489903293934,0.326093075049866
23833,0.6038333333333333,0,5,0,495473,110137,54660,53296,1.0202026751639557,0.32610305140332735
23834,0.6038333333333334,0,2,0,495475,110135,54660,53296,1.0201841490977805,0.3261070421156329
23835,0.6038809523809523,0,2,0,495477,110133,54660,53296,1.0201656230316054,0.32611103292561294
23836,0.6038888888888889,0,1,0,495478,110132,54660,53296,1.020156359998518,0.32611302836723205
23837,0.6039045954045954,0,2,0,495480,110130,54660,53296,1.0201378339323428,0.3261170193237306
23838,0.6039047619047618,0,2,0,495482,110128,54660,53296,1.0201193078661677,0.3261210103779127
23839,0.6039166666666667,1,2,1,495484,110126,54661,53295,1.0201007817999925,0.3261208779777385
23840,0.6039166666666668,1,1,1,495485,110125,54662,53294,1.020091518766905,0.3261187499617548
23841,0.603919191919192,0,1,0,495486,110124,54662,53294,1.0200822557338174,0.32612074557270315
23842,0.6039285714285714,0,2,0,495488,110122,54662,53294,1.0200637296676425,0.32612473686787097
23843,0.6039285714285715,0,2,0,495490,110120,54662,53294,1.0200452036014673,0.3261287282607365
23844,0.6039761904761906,0,1,0,495491,110119,54662,53294,1.0200359405683797,0.3261307239938071
23845,0.6039999999999999,1,2,1,495493,110117,54663,53293,1.0200174145022045,0.32613059176305
23846,0.604,20,66,20,495559,110051,54683,53273,1.019406054318426,0.32617986333912957
23847,0.6040000000000001,0,3,0,495562,110048,54683,53273,1.0193782652191634,0.3261858548502642
23848,0.604047619047619,0,2,0,495564,110046,54683,53273,1.0193597391529883,0.3261898493133071
23849,0.6040476190476192,0,1,0,495565,110045,54683,53273,1.0193504761199006,0.32619184658151584
23850,0.604107142857143,1,2,1,495567,110043,54684,53272,1.0193319500537257,0.32619171539662617
23851,0.6041666666666666,18,60,18,495627,109983,54702,53254,1.0187761680684724,0.3262373113938629
23852,0.6041666666666667,10,33,10,495660,109950,54712,53244,1.0184704879765831,0.32626199492628405
23853,0.6041785714285715,0,1,0,495661,109949,54712,53244,1.0184612249434954,0.32626399416641644
23854,0.6042142857142856,0,1,0,495662,109948,54712,53244,1.018451961910408,0.32626599343105056
23855,0.6042142857142858,1,1,1,495663,109947,54713,53243,1.0184426988773203,0.32626386420736564
23856,0.6042261904761905,0,1,0,495664,109946,54713,53243,1.0184334358442328,0.32626586350795705
23857,0.6042380952380951,0,1,0,495665,109945,54713,53243,1.0184241728111454,0.3262678628330514
23858,0.6042857142857143,2,5,2,495670,109940,54715,53241,1.0183778576457074,0.32626960246597336
23859,0.6043095238095239,0,1,0,495671,109939,54715,53241,1.01836859461262,0.326271601911999
23860,0.6043333333333333,0,9,0,495680,109930,54715,53241,1.018285227314832,0.32628959802906154
23861,0.6043333333333334,10,16,10,495696,109914,54725,53231,1.018137018785431,0.32628030279812437
23862,0.6043531746031747,1,1,1,495697,109913,54726,53230,1.0181277557523436,0.32627817313645086
23863,0.6043571428571428,0,1,0,495698,109912,54726,53230,1.018118492719256,0.3262801731007343
23864,0.6043571428571429,1,0,1,495698,109912,54727,53229,1.018118492719256,0.32627604342256084
23865,0.6043690476190475,0,3,0,495701,109909,54727,53229,1.0180907036199933,0.32628204342335937
23866,0.6043809523809524,0,1,0,495702,109908,54727,53229,1.0180814405869059,0.3262840434726641
23867,0.6043809523809525,1,1,1,495703,109907,54728,53228,1.0180721775538182,0.32628191375241367
23868,0.604404761904762,1,1,1,495704,109906,54729,53227,1.0180629145207307,0.32627978397994273
23869,0.6044166666666666,1,0,1,495704,109906,54730,53226,1.0180629145207307,0.3262756540715494
23870,0.6044166666666667,1,2,1,495706,109904,54731,53225,1.0180443884545556,0.3262755242783319
23871,0.6044285714285713,0,1,0,495707,109903,54731,53225,1.018035125421468,0.3262775243980187
23872,0.6044444444444445,0,3,0,495710,109900,54731,53225,1.0180073363222053,0.3262835249042146
23873,0.604452380952381,2,1,2,495711,109899,54733,53223,1.0179980732891178,0.32627726486923897
23874,0.6044531024531024,1,1,1,495712,109898,54734,53222,1.0179888102560302,0.32627513487003434
23875,0.6044801587301586,0,1,0,495713,109897,54734,53222,1.0179795472229427,0.3262771350976894
23876,0.6044999999999999,2,2,2,495715,109895,54736,53220,1.0179610211567676,0.3262728749655151
23877,0.6045,4,4,4,495719,109891,54740,53216,1.0179239690244173,0.3262643540743193
23878,0.6045000000000001,0,1,0,495720,109890,54740,53216,1.0179147059913298,0.3262663543953012
23879,0.6045238095238095,0,1,0,495721,109889,54740,53216,1.0179054429582421,0.3262683547408111
23880,0.6045277777777778,1,0,1,495721,109889,54741,53215,1.0179054429582421,0.32626422405336475
23881,0.6045833333333333,1,1,1,495722,109888,54742,53214,1.0178961799251547,0.3262620936591826
23882,0.6045833333333334,0,1,0,495723,109887,54742,53214,1.0178869168920672,0.32626409402762707
23883,0.6045833333333335,2,2,2,495725,109885,54744,53212,1.017868390825892,0.3262598331054526
23884,0.6045952380952382,0,1,0,495726,109884,54744,53212,1.0178591277928044,0.3262618335213617
23885,0.6046111111111111,0,1,0,495727,109883,54744,53212,1.017849864759717,0.3262638339618014
23886,0.6046190476190476,0,1,0,495728,109882,54744,53212,1.0178406017266293,0.3262658344267723
23887,0.604642857142857,0,1,0,495729,109881,54744,53212,1.0178313386935418,0.32626783491627476
23888,0.6046428571428571,0,3,0,495732,109878,54744,53212,1.0178035495942792,0.3262738365319762
23889,0.6046645021645022,1,2,1,495734,109876,54745,53211,1.017785023528104,0.32627370667189903
23890,0.6046666666666666,3,17,3,495751,109859,54748,53208,1.0176275519656157,0.3262953264609026
23891,0.6046666666666667,3,10,3,495761,109849,54751,53205,1.01753492163474,0.3263029425834386
23892,0.6046666666666668,1,1,1,495762,109848,54752,53204,1.0175256586016526,0.3263008120108922
23893,0.6047539682539682,0,1,0,495763,109847,54752,53204,1.0175163955685649,0.3263028132302163
23894,0.6047857142857144,0,1,0,495764,109846,54752,53204,1.0175071325354774,0.3263048144740877
23895,0.6048333333333332,1,4,1,495768,109842,54753,53203,1.0174700804031271,0.32630868778558064
23896,0.6048333333333333,2,2,2,495770,109840,54755,53201,1.017451554336952,0.32630442649394936
23897,0.6048333333333334,1,0,1,495770,109840,54756,53200,1.017451554336952,0.32630029440628067
23898,0.6048373015873016,0,1,0,495771,109839,54756,53200,1.0174422913038645,0.3263022957697238
23899,0.6048809523809523,2,0,2,495771,109839,54758,53198,1.0174422913038645,0.32629403141618163
23900,0.6049166666666667,0,1,0,495772,109838,54758,53198,1.017433028270777,0.32629603277803676
23901,0.6049195526695527,0,1,0,495773,109837,54758,53198,1.0174237652376894,0.3262980341644432
23902,0.6049523809523809,0,3,0,495776,109834,54758,53198,1.0173959761384268,0.326304038470975
23903,0.6049761904761904,0,1,0,495777,109833,54758,53198,1.0173867131053391,0.32630603995559126
23904,0.605,184,734,184,496511,109099,54942,53014,1.0105876468190744,0.3270188078685855
23905,0.6050000000000001,2,16,2,496527,109083,54944,53012,1.0104394382896735,0.3270427835528548
23906,0.6050238095238094,0,2,0,496529,109081,54944,53012,1.0104209122234984,0.3270468188015522
23907,0.6050476190476191,1,0,1,496529,109081,54945,53011,1.0104209122234984,0.3270426671273104
23908,0.6050714285714285,0,1,0,496530,109080,54945,53011,1.010411649190411,0.3270446847758358
23909,0.6050833333333333,0,1,0,496531,109079,54945,53011,1.0104023861573233,0.3270467024492566
23910,0.6050833333333334,0,1,0,496532,109078,54945,53011,1.0103931231242358,0.32704872014757325
23911,0.6051111111111112,0,1,0,496533,109077,54945,53011,1.0103838600911483,0.32705073787078626
23912,0.6051190476190476,0,1,0,496534,109076,54945,53011,1.0103745970580607,0.327052755618896
23913,0.6051190476190477,0,1,0,496535,109075,54945,53011,1.0103653340249732,0.3270547733919031
23914,0.6051388888888889,0,1,0,496536,109074,54945,53011,1.0103560709918855,0.3270567911898078
23915,0.6051666666666666,3,6,3,496542,109068,54948,53008,1.0103004927933603,0.3270564426565315
23916,0.6051666666666667,0,2,0,496544,109066,54948,53008,1.0102819667271852,0.3270604785468366
23917,0.6051904761904762,0,1,0,496545,109065,54948,53008,1.0102727036940975,0.3270624965293417
23918,0.6052380952380951,0,1,0,496546,109064,54948,53008,1.01026344066101,0.3270645145367491
23919,0.6052380952380952,1,0,1,496546,109064,54949,53007,1.01026344066101,0.3270603624337482
23920,0.60525,0,1,0,496547,109063,54949,53007,1.0102541776279226,0.3270623804528907
23921,0.6052619047619047,1,1,1,496548,109062,54950,53006,1.010244914594835,0.32706024631636105
23922,0.6052857142857143,0,1,0,496549,109061,54950,53006,1.0102356515617474,0.32706226437214236
23923,0.6052857142857144,1,0,1,496549,109061,54951,53005,1.0102356515617474,0.3270581121271581
23924,0.6053333333333333,4,12,4,496561,109049,54955,53001,1.0101244951646968,0.32706572045664917
23925,0.6053333333333334,2,15,2,496576,109034,54957,52999,1.0099855496683834,0.3270876920133553
23926,0.605345238095238,0,1,0,496577,109033,54957,52999,1.009976286635296,0.32708971067443465
23927,0.6053492063492064,1,0,1,496577,109033,54958,52998,1.009976286635296,0.3270855577019212
23928,0.6053571428571428,0,5,0,496582,109028,54958,52998,1.0099299714698582,0.327095651315221
23929,0.6053690476190475,0,1,0,496583,109027,54958,52998,1.0099207084367705,0.32709767011263696
23930,0.6053690476190478,0,1,0,496584,109026,54958,52998,1.009911445403683,0.3270996889349726
23931,0.6053809523809524,0,2,0,496586,109024,54958,52998,1.009892919337508,0.32710372665440496
23932,0.6054166666666666,1,1,1,496587,109023,54959,52997,1.0098836563044202,0.3271015923960005
23933,0.6054166666666667,0,1,0,496588,109022,54959,52997,1.0098743932713328,0.32710361130484694
23934,0.6054166666666668,0,1,0,496589,109021,54959,52997,1.0098651302382453,0.32710563023861544
23935,0.6054285714285714,0,2,0,496591,109019,54959,52997,1.0098466041720702,0.3271096681809204
23936,0.6054444444444445,0,1,0,496592,109018,54959,52997,1.0098373411389825,0.32711168718945777
23937,0.6054761904761904,0,1,0,496593,109017,54959,52997,1.009828078105895,0.327113706222919
23938,0.6054761904761905,0,2,0,496595,109015,54959,52997,1.00980955203972,0.327117744364615
23939,0.6054761904761906,1,1,1,496596,109014,54960,52996,1.0098002890066324,0.3271156101475218
23940,0.6054999999999999,3,15,3,496611,108999,54963,52993,1.009661343510319,0.3271334386883303
23941,0.6055,1,1,1,496612,108998,54964,52992,1.0096520804772315,0.3271313044015063
23942,0.6055000000000001,1,1,1,496613,108997,54965,52991,1.0096428174441439,0.3271291700619799
23943,0.6055238095238095,1,0,1,496613,108997,54966,52990,1.0096428174441439,0.3271250162050041
23944,0.605547619047619,1,0,1,496613,108997,54967,52989,1.0096428174441439,0.3271208622967417
23945,0.6055555555555555,1,0,1,496613,108997,54968,52988,1.0096428174441439,0.3271167083371917
23946,0.6055555555555556,0,4,0,496617,108993,54968,52988,1.0096057653117938,0.3271247862403615
23947,0.6056071428571429,0,3,0,496620,108990,54968,52988,1.009577976212531,0.32713084492955835
23948,0.6056190476190476,1,1,1,496621,108989,54969,52987,1.0095687131794435,0.327128710426236
23949,0.6056428571428571,0,2,0,496623,108987,54969,52987,1.0095501871132684,0.3271327497005692
23950,0.6056666666666666,3,13,3,496636,108974,54972,52984,1.00942976768313,0.3271465441657714
23951,0.6056666666666667,2,14,2,496650,108960,54974,52982,1.0093000852199043,0.3271665164071087
23952,0.6056904761904761,0,1,0,496651,108959,54974,52982,1.0092908221868169,0.3271685366892881
23953,0.6057142857142856,1,7,1,496658,108952,54975,52981,1.009225980955204,0.32717852445147066
23954,0.6057142857142858,0,3,0,496661,108949,54975,52981,1.0091981918559414,0.3271845859321929
23955,0.6057619047619047,0,1,0,496662,108948,54975,52981,1.0091889288228537,0.3271866064756776
23956,0.6058333333333333,19,86,19,496748,108862,54994,52962,1.008392307977324,0.3272814910025707
23957,0.6058333333333334,2,3,2,496751,108859,54996,52960,1.0083645188780614,0.3272792440937096
23958,0.6059047619047618,0,1,0,496752,108858,54996,52960,1.008355255844974,0.32728126660816476
23959,0.6059285714285714,1,0,1,496752,108858,54997,52959,1.008355255844974,0.32727710932720294
23960,0.6059523809523809,0,4,0,496756,108854,54997,52959,1.0083182037126237,0.3272851995822338
23961,0.605952380952381,1,4,1,496760,108850,54998,52958,1.0082811515802734,0.32728913279936717
23962,0.606,17,67,17,496827,108783,55015,52941,1.0076605283634072,0.32735401053646956
23963,0.6060000000000001,1,0,1,496827,108783,55016,52940,1.0076605283634072,0.3273498512889323
23964,0.6060476190476191,0,1,0,496828,108782,55016,52940,1.0076512653303198,0.32735187544057087
23965,0.6060555555555556,0,1,0,496829,108781,55016,52940,1.007642002297232,0.32735389961724204
23966,0.6060714285714286,0,3,0,496832,108778,55016,52940,1.0076142131979695,0.32735997229745606
23967,0.6060833333333333,0,3,0,496835,108775,55016,52940,1.007586424098707,0.32736604520298057
23968,0.6060952380952381,0,1,0,496836,108774,55016,52940,1.0075771610656192,0.3273680695548932
23969,0.6061111111111112,0,4,0,496840,108770,55016,52940,1.0075401089332692,0.327376167212912
23970,0.6061190476190476,0,2,0,496842,108768,55016,52940,1.007521582867094,0.3273802161921488
23971,0.6061190476190477,0,3,0,496845,108765,55016,52940,1.0074937937678314,0.32738628984879875
23972,0.6061515151515152,0,1,0,496846,108764,55016,52940,1.0074845307347438,0.32738831445109584
23973,0.6061666666666666,0,5,0,496851,108759,55016,52940,1.007438215569306,0.32739843783820555
23974,0.6061666666666667,0,3,0,496854,108756,55016,52940,1.0074104264700434,0.32740451217098754
23975,0.6061890331890332,0,1,0,496855,108755,55016,52940,1.0074011634369557,0.32740653699867034
23976,0.6061904761904762,1,1,1,496856,108754,55017,52939,1.0073919004038683,0.32740440216954353
23977,0.6062142857142857,0,1,0,496857,108753,55017,52939,1.0073826373707806,0.32740642703411427
23978,0.60625,2,3,2,496860,108750,55019,52937,1.007354848271518,0.3274041821544094
23979,0.6062619047619048,1,3,1,496863,108747,55020,52936,1.0073270591722554,0.32740609711596147
23980,0.6063095238095237,0,4,0,496867,108743,55020,52936,1.0072900070399051,0.32741419726742493
23981,0.6063095238095239,1,1,1,496868,108742,55021,52935,1.0072807440068177,0.32741206232178977
23982,0.6063333333333333,3,13,3,496881,108729,55024,52932,1.0071603245766794,0.32742590977415703
23983,0.6063333333333334,1,2,1,496883,108727,55025,52931,1.0071417985105042,0.3274258001459872
23984,0.606468253968254,0,1,0,496884,108726,55025,52931,1.0071325354774168,0.32742782558132344
23985,0.6064761904761904,1,1,1,496885,108725,55026,52930,1.007123272444329,0.3274256905137484
23986,0.6064999999999998,0,1,0,496886,108724,55026,52930,1.0071140094112416,0.3274277159859948
23987,0.6064999999999999,0,4,0,496890,108720,55026,52930,1.0070769572788913,0.32743581812558
23988,0.6065,12,16,12,496906,108704,55038,52918,1.0069287487494905,0.32741829701402037
23989,0.6065238095238095,0,1,0,496907,108703,55038,52918,1.006919485716403,0.32742032285408457
23990,0.6065238095238097,0,1,0,496908,108702,55038,52918,1.0069102226833153,0.32742234871921794
23991,0.6065714285714287,0,1,0,496909,108701,55038,52918,1.0069009596502279,0.3274243746094209
23992,0.6066190476190476,2,1,2,496910,108700,55040,52916,1.0068916966171404,0.32741807741807744
23993,0.606638888888889,0,2,0,496912,108698,55040,52916,1.0068731705509653,0.327422129270979
23994,0.6066666666666666,2,4,2,496916,108694,55042,52914,1.006836118418615,0.3274219098064452
23995,0.6066666666666667,113,421,113,497337,108273,55155,52801,1.0029363814887546,0.3278058532103257
23996,0.6066666666666668,0,1,0,497338,108272,55155,52801,1.0029271184556672,0.3278078883487611
23997,0.6066666666666669,1,1,1,497339,108271,55156,52800,1.0029178554225795,0.32780575025920244
23998,0.6066904761904761,0,1,0,497340,108270,55156,52800,1.002908592389492,0.3278077854349041
23999,0.6067142857142858,0,1,0,497341,108269,55156,52800,1.0028993293564044,0.32780982063587655
24000,0.6067380952380952,0,2,0,497343,108267,55156,52800,1.0028808032902294,0.32781389111363596
24001,0.6067619047619047,0,1,0,497344,108266,55156,52800,1.0028715402571418,0.3278159263904238
24002,0.6067857142857143,0,3,0,497347,108263,55156,52800,1.0028437511578792,0.3278220323724257
24003,0.6068095238095238,0,1,0,497348,108262,55156,52800,1.0028344881247915,0.3278240677503073
24004,0.6068333333333333,3,7,3,497355,108255,55159,52797,1.0027696468931786,0.32782579539527607
24005,0.6068571428571429,0,1,0,497356,108254,55159,52797,1.0027603838600911,0.32782783093554213
24006,0.606904761904762,0,1,0,497357,108253,55159,52797,1.0027511208270037,0.32782986650108664
24007,0.606936507936508,0,2,0,497359,108251,55159,52797,1.0027325947608285,0.3278339377080125
24008,0.6069523809523808,0,2,0,497361,108249,55159,52797,1.0027140686946534,0.32783800901605753
24009,0.6069682539682539,0,1,0,497362,108248,55159,52797,1.0027048056615657,0.3278400447080009
24010,0.6069761904761904,0,1,0,497363,108247,55159,52797,1.0026955426284783,0.3278420804252254
24011,0.6069999999999999,0,1,0,497364,108246,55159,52797,1.0026862795953908,0.3278441161677316
24012,0.607,7,29,7,497393,108217,55166,52790,1.0024176516358516,0.32787394336892184
24013,0.6070000000000001,0,1,0,497394,108216,55166,52790,1.0024083886027642,0.32787597977715116
24014,0.6070079365079366,0,3,0,497397,108213,55166,52790,1.0023805995035013,0.3278820891536183
24015,0.6070238095238095,0,1,0,497398,108212,55166,52790,1.0023713364704139,0.32788412566303526
24016,0.6070714285714286,0,1,0,497399,108211,55166,52790,1.0023620734373264,0.3278861621977503
24017,0.6070982905982906,0,1,0,497400,108210,55166,52790,1.0023528104042387,0.327888198757764
24018,0.6071071428571428,0,2,0,497402,108208,55166,52790,1.0023342843380636,0.32789227195368886
24019,0.6071190476190477,0,3,0,497405,108205,55166,52790,1.002306495238801,0.32789838193732723
24020,0.6071428571428572,2,9,2,497414,108196,55168,52788,1.002223127941013,0.32790836356408093
24021,0.6071666666666666,1,8,1,497422,108188,55169,52787,1.0021490236763126,0.32792048454728995
24022,0.6071666666666667,0,1,0,497423,108187,55169,52787,1.002139760643225,0.3279225216494589
24023,0.6071944444444445,0,1,0,497424,108186,55169,52787,1.0021304976101375,0.32792455877693777
24024,0.6072142857142857,0,2,0,497426,108184,55169,52787,1.0021119715439624,0.3279286331078269
24025,0.6072222222222222,0,1,0,497427,108183,55169,52787,1.002102708510875,0.3279306703112381
24026,0.6072619047619048,0,2,0,497429,108181,55169,52787,1.0020841824446998,0.3279347447939963
24027,0.6073095238095239,1,3,1,497432,108178,55170,52786,1.002056393345437,0.3279366814939987
24028,0.6073333333333333,2,9,2,497441,108169,55172,52784,1.0019730260476492,0.3279466676607457
24029,0.6073333333333334,7,20,7,497461,108149,55179,52777,1.001787765385898,0.3279581919640083
24030,0.6073809523809524,1,3,1,497464,108146,55180,52776,1.0017599762866354,0.3279601297523024
24031,0.6074285714285714,0,1,0,497465,108145,55180,52776,1.0017507132535477,0.3279621677717638
24032,0.6074444444444445,0,1,0,497466,108144,55180,52776,1.0017414502204602,0.32796420581655483
24033,0.6074444444444446,0,1,0,497467,108143,55180,52776,1.0017321871873726,0.3279662438866759
24034,0.6074999999999999,1,4,1,497471,108139,55181,52775,1.0016951350550225,0.3279702201175783
24035,0.6075,55,192,55,497663,107947,55236,52720,0.999916632702212,0.3281320993109973
24036,0.6075595238095238,0,2,0,497665,107945,55236,52720,0.999898106636037,0.328136183985311
24037,0.6075714285714285,0,1,0,497666,107944,55236,52720,0.9998888436029494,0.32813822636060347
24038,0.6075714285714287,1,0,1,497666,107944,55237,52719,0.9998888436029494,0.328134044552884
24039,0.6076190476190476,2,4,2,497670,107940,55239,52717,0.9998517914705991,0.3281338503768899
24040,0.6076666666666667,1,28,1,497698,107912,55240,52716,0.9995924265441476,0.328186866548796
24041,0.6077261904761905,0,1,0,497699,107911,55240,52716,0.99958316351106,0.32818890971007364
24042,0.6077380952380952,0,1,0,497700,107910,55240,52716,0.9995739004779725,0.3281909528967913
24043,0.60775,0,3,0,497703,107907,55240,52716,0.9995461113787099,0.3281970826095889
24044,0.6077777777777778,0,2,0,497705,107905,55240,52716,0.9995275853125347,0.32820116921199594
24045,0.6078333333333333,0,7,0,497712,107898,55240,52716,0.9994627440809218,0.32821547312189475
24046,0.6078571428571428,0,2,0,497714,107896,55240,52716,0.9994442180147467,0.3282195601823027
24047,0.6078571428571429,3,3,3,497717,107893,55243,52713,0.9994164289154841,0.32821314272194063
24048,0.6078809523809524,1,0,1,497717,107893,55244,52712,0.9994164289154841,0.3282089598704897
24049,0.607904761904762,0,1,0,497718,107892,55244,52712,0.9994071658823965,0.3282110034619312
24050,0.6079166666666667,1,4,1,497722,107888,55245,52711,0.9993701137500464,0.32821499511204927
24051,0.6079209956709957,0,1,0,497723,107887,55245,52711,0.9993608507169588,0.32821703881741987
24052,0.607952380952381,0,1,0,497724,107886,55245,52711,0.9993515876838712,0.3282190825482419
24053,0.6079545454545454,1,1,1,497725,107885,55246,52710,0.9993423246507837,0.32821694324231765
24054,0.6079761904761906,0,1,0,497726,107884,55246,52710,0.9993330616176961,0.3282189870107227
24055,0.608,19,47,19,497773,107837,55265,52691,0.9988976990625811,0.3282355726103857
24056,0.6080000000000001,1,7,1,497780,107830,55266,52690,0.9988328578309682,0.3282457014702218
24057,0.6080476190476191,0,2,0,497782,107828,55266,52690,0.9988143317647931,0.3282497913006641
24058,0.6080833333333333,1,1,1,497783,107827,55267,52689,0.9988050687317055,0.3282476513244786
24059,0.608095238095238,0,1,0,497784,107826,55267,52689,0.9987958056986179,0.32824969629006634
24060,0.6080952380952381,0,1,0,497785,107825,55267,52689,0.9987865426655304,0.3282517412811344
24061,0.6081095701683935,0,1,0,497786,107824,55267,52689,0.9987772796324429,0.32825378629768304
24062,0.6081309523809523,0,1,0,497787,107823,55267,52689,0.9987680165993553,0.3282558313397129
24063,0.6081428571428572,0,2,0,497789,107821,55267,52689,0.9987494905331802,0.32825992150021804
24064,0.6081547619047619,0,1,0,497790,107820,55267,52689,0.9987402275000926,0.3282619666186943
24065,0.6081666666666665,0,2,0,497792,107818,55267,52689,0.9987217014339175,0.32826605693209643
24066,0.6081666666666666,2,4,2,497796,107814,55269,52687,0.9986846493015673,0.3282658675023832
24067,0.6081666666666667,1,2,1,497798,107812,55270,52686,0.9986661232353922,0.32826577278221536
24068,0.6081904761904762,0,1,0,497799,107811,55270,52686,0.9986568602023046,0.3282678180900578
24069,0.6082142857142856,0,1,0,497800,107810,55270,52686,0.9986475971692171,0.3282698634233875
24070,0.6082142857142857,1,2,1,497802,107808,55271,52685,0.998629071103042,0.32826976877496217
24071,0.6082500000000001,1,1,1,497803,107807,55272,52684,0.9986198080699544,0.32826762871438275
24072,0.6082857142857143,1,1,1,497804,107806,55273,52683,0.9986105450368669,0.32826548860046484
24073,0.6082967032967034,0,1,0,497805,107805,55273,52683,0.9986012820037793,0.3282675340212352
24074,0.6083095238095239,0,1,0,497806,107804,55273,52683,0.9985920189706917,0.3282695794674958
24075,0.6083333333333333,25,113,25,497919,107691,55298,52658,0.9975452962317981,0.32839618581968083
24076,0.6083333333333334,39,144,39,498063,107547,55337,52619,0.9962114194671904,0.32852790230136236
24077,0.6084166666666667,0,1,0,498064,107546,55337,52619,0.9962021564341028,0.3285299534854681
24078,0.608452380952381,1,2,1,498066,107544,55338,52618,0.9961836303679277,0.3285298635131929
24079,0.608468253968254,1,2,1,498068,107542,55339,52617,0.9961651043017525,0.3285297735375471
24080,0.6085,5,9,5,498077,107533,55344,52612,0.9960817370039646,0.32852727215960537
24081,0.6085198412698412,1,1,1,498078,107532,55345,52611,0.9960724739708771,0.32852513066446865
24082,0.6085238095238095,0,1,0,498079,107531,55345,52611,0.9960632109377895,0.3285271821258633
24083,0.6085714285714285,1,1,1,498080,107530,55346,52610,0.9960539479047019,0.3285250405894842
24084,0.6085714285714287,0,2,0,498082,107528,55346,52610,0.9960354218385268,0.3285291436136332
24085,0.6085952380952381,1,0,1,498082,107528,55347,52609,0.9960354218385268,0.32852495051112485
24086,0.6085955155955154,1,5,1,498087,107523,55348,52608,0.995989106673089,0.32853101523127937
24087,0.6086349206349205,0,4,0,498091,107519,55348,52608,0.9959520545407389,0.32853922199254343
24088,0.6086428571428572,0,1,0,498092,107518,55348,52608,0.9959427915076513,0.3285412737469243
24089,0.6086428571428573,0,1,0,498093,107517,55348,52608,0.9959335284745637,0.3285433255269321
24090,0.6086666666666666,1,1,1,498094,107516,55349,52607,0.9959242654414762,0.32854118396482707
24091,0.6086666666666667,5,14,5,498108,107502,55354,52602,0.9957945829782504,0.3285489431869285
24092,0.60875,1,7,1,498115,107495,55355,52601,0.9957297417466375,0.3285591145312812
24093,0.6087500000000001,0,1,0,498116,107494,55355,52601,0.99572047871355,0.3285611668072082
24094,0.6087619047619046,0,2,0,498118,107492,55355,52601,0.9957019526473748,0.32856527143597786
24095,0.6088095238095238,1,1,1,498119,107491,55356,52600,0.9956926896142873,0.32856312971997176
24096,0.6088095238095239,0,1,0,498120,107490,55356,52600,0.9956834265811998,0.3285651820850771
24097,0.6088333333333332,1,8,1,498128,107482,55357,52599,0.9956093223164993,0.32857740768735827
24098,0.6088333333333333,3,11,3,498139,107471,55360,52596,0.9955074289525362,0.3285874040245647
24099,0.6088333333333334,0,2,0,498141,107469,55360,52596,0.9954889028863612,0.3285915096991847
24100,0.6088809523809524,1,0,1,498141,107469,55361,52595,0.9954889028863612,0.32858731507397043
24101,0.6089285714285714,0,1,0,498142,107468,55361,52595,0.9954796398532736,0.32858936793637505
24102,0.6089285714285715,2,1,2,498143,107467,55363,52593,0.995470376820186,0.3285830313632388
24103,0.6089523809523809,1,0,1,498143,107467,55364,52592,0.995470376820186,0.3285788365540207
24104,0.6089682539682539,0,1,0,498144,107466,55364,52592,0.9954611137870985,0.3285808894275825
24105,0.6089999999999999,1,5,1,498149,107461,55365,52591,0.9954147986216607,0.32858695923824754
24106,0.609,11,32,11,498181,107429,55376,52580,0.9951183815628589,0.32860651588348155
24107,0.6090000000000001,2,11,2,498192,107418,55378,52578,0.9950164881988959,0.32862071551788796
24108,0.6090151515151515,0,1,0,498193,107417,55378,52578,0.9950072251658083,0.32862276946154567
24109,0.609047619047619,1,0,1,498193,107417,55379,52577,0.9950072251658083,0.32861857319649485
24110,0.6090476190476191,1,4,1,498197,107413,55380,52576,0.994970173033458,0.32862259280325523
24111,0.6090476190476192,0,1,0,498198,107412,55380,52576,0.9949609100003706,0.3286246468485136
24112,0.6090714285714286,0,1,0,498199,107411,55380,52576,0.994951646967283,0.32862670091944973
24113,0.6090833333333333,0,1,0,498200,107410,55380,52576,0.9949423839341954,0.3286287550160639
24114,0.6090833333333334,1,0,1,498200,107410,55381,52575,0.9949423839341954,0.3286245585523643
24115,0.6091111111111112,0,1,0,498201,107409,55381,52575,0.9949331209011079,0.32862661266126614
24116,0.6091349206349207,0,1,0,498202,107408,55381,52575,0.9949238578680203,0.32862866679584707
24117,0.6091428571428571,1,0,1,498202,107408,55382,52574,0.9949238578680203,0.3286244702529035
24118,0.6091428571428572,0,1,0,498203,107407,55382,52574,0.9949145948349327,0.32862652439977247
24119,0.60915873015873,0,1,0,498204,107406,55382,52574,0.9949053318018451,0.32862857857232153
24120,0.6091666666666665,0,1,0,498205,107405,55382,52574,0.9948960687687577,0.32863063277055116
24121,0.6091666666666666,12,50,12,498255,107355,55394,52562,0.99443291711438,0.328683004308485
24122,0.6091666666666667,9,24,9,498279,107331,55403,52553,0.9942106043202786,0.3286945535513247
24123,0.6091904761904761,0,1,0,498280,107330,55403,52553,0.9942013412871911,0.32869660939562056
24124,0.6091904761904762,1,0,1,498280,107330,55404,52552,0.9942013412871911,0.3286924106528565
24125,0.6092063492063493,0,2,0,498282,107328,55404,52552,0.9941828152210159,0.32869652239179387
24126,0.6092499999999998,1,0,1,498282,107328,55405,52551,0.9941828152210159,0.3286923235696996
24127,0.6092777777777778,0,2,0,498284,107326,55405,52551,0.9941642891548409,0.328696435384702
24128,0.6092857142857143,0,4,0,498288,107322,55405,52551,0.9941272370224906,0.3287046593233379
24129,0.6093333333333333,2,16,2,498304,107306,55407,52549,0.9939790284930897,0.3287291608019768
24130,0.6093333333333334,6,23,6,498327,107283,55413,52543,0.9937659787320761,0.3287512670028656
24131,0.6093571428571428,0,2,0,498329,107281,55413,52543,0.9937474526659009,0.3287553809190109
24132,0.6093928571428572,1,1,1,498330,107280,55414,52542,0.9937381896328134,0.3287532379772497
24133,0.6094047619047619,0,2,0,498332,107278,55414,52542,0.9937196635666382,0.32875735202102363
24134,0.6094166666666666,0,1,0,498333,107277,55414,52542,0.9937104005335508,0.32875940908152346
24135,0.6094206349206349,0,1,0,498334,107276,55414,52542,0.9937011375004632,0.32876146616776586
24136,0.6094404761904763,0,1,0,498335,107275,55414,52542,0.9936918744673756,0.3287635232797512
24137,0.609452380952381,0,1,0,498336,107274,55414,52542,0.993682611434288,0.3287655804174801
24138,0.6094722222222222,0,4,0,498340,107270,55414,52542,0.9936455593019379,0.3287738092258404
24139,0.6094999999999999,1,6,1,498346,107264,55415,52541,0.9935899811034125,0.3287819530052251
24140,0.6095,3,7,3,498353,107257,55418,52538,0.9935251398717996,0.32878375418504957
24141,0.6095238095238095,1,3,1,498356,107254,55419,52537,0.993497350772537,0.32878572635505127
24142,0.6095238095238096,1,0,1,498356,107254,55420,52536,0.993497350772537,0.3287815257525502
24143,0.6095476190476191,0,1,0,498357,107253,55420,52536,0.9934880877394494,0.32878358335054353
24144,0.6095681818181817,0,2,0,498359,107251,55420,52536,0.9934695616732743,0.3287876986237929
24145,0.6095714285714284,0,1,0,498360,107250,55420,52536,0.9934602986401867,0.32878975629905
24146,0.6095714285714287,0,1,0,498361,107249,55420,52536,0.9934510356070992,0.3287918140000626
24147,0.6095833333333334,2,1,2,498362,107248,55422,52534,0.9934417725740117,0.3287854702031518
24148,0.6096111111111111,0,1,0,498363,107247,55422,52534,0.9934325095409241,0.32878752792885263
24149,0.6096190476190475,0,1,0,498364,107246,55422,52534,0.9934232465078365,0.3287895856803104
24150,0.6096212121212121,0,1,0,498365,107245,55422,52534,0.993413983474749,0.3287916434575257
24151,0.6096428571428572,0,3,0,498368,107242,55422,52534,0.9933861943754864,0.32879781694372123
24152,0.6096626984126983,0,2,0,498370,107240,55422,52534,0.9933676683093112,0.3288019327299811
24153,0.6096666666666666,2,13,2,498383,107227,55424,52532,0.993247248879173,0.3288202855551174
24154,0.6096666666666667,3,9,3,498392,107218,55427,52529,0.993163881581385,0.32882620643893157
24155,0.6097121212121213,0,2,0,498394,107216,55427,52529,0.9931453555152099,0.3288303233278037
24156,0.6097380952380952,0,1,0,498395,107215,55427,52529,0.9931360924821223,0.3288323818108974
24157,0.60975,0,2,0,498397,107213,55427,52529,0.9931175664159473,0.32883649885440275
24158,0.6097857142857143,1,1,1,498398,107212,55428,52528,0.9931083033828597,0.32883435582822085
24159,0.6097857142857144,0,1,0,498399,107211,55428,52528,0.9930990403497721,0.3288364144009916
24160,0.6098095238095238,0,1,0,498400,107210,55428,52528,0.9930897773166846,0.3288384729995367
24161,0.6098333333333332,0,1,0,498401,107209,55428,52528,0.993080514283597,0.32884053162385674
24162,0.6098333333333333,2,8,2,498409,107201,55430,52526,0.9930064100188966,0.3288485979202013
24163,0.6098333333333334,0,3,0,498412,107198,55430,52526,0.992978620919634,0.3288547744859883
24164,0.6098809523809523,0,1,0,498413,107197,55430,52526,0.9929693578865464,0.3288568333928113
24165,0.6098888888888889,0,1,0,498414,107196,55430,52526,0.9929600948534588,0.32885889232541543
24166,0.6099047619047618,1,0,1,498414,107196,55431,52525,0.9929600948534588,0.3288546903663263
24167,0.6099166666666668,1,0,1,498414,107196,55432,52524,0.9929600948534588,0.3288504883546206
24168,0.609952380952381,2,1,2,498415,107195,55434,52522,0.9929508318203712,0.32884414307806936
24169,0.6099999999999999,3,20,3,498435,107175,55437,52519,0.9927655711586202,0.32887271907523136
24170,0.61,564,2048,564,500483,105127,56001,51955,0.9737948793953092,0.3307508180440789
24171,0.6100000000000001,7,17,7,500500,105110,56008,51948,0.9736374078328208,0.33075679048504375
24172,0.6100476190476191,0,1,0,500501,105109,56008,51948,0.9736281447997333,0.3307588964516067
24173,0.6100595238095238,1,1,1,500502,105108,56009,51947,0.9736188817666457,0.3307567412689822
24174,0.6100833333333333,1,0,1,500502,105108,56010,51946,0.9736188817666457,0.3307524800387128
24175,0.610111111111111,0,1,0,500503,105107,56010,51946,0.9736096187335581,0.33075458603146707
24176,0.6101666666666666,4,9,4,500512,105098,56014,51942,0.9735262514357701,0.3307564951604687
24177,0.6101666666666667,2,2,2,500514,105096,56016,51940,0.9735077253695951,0.33075218421253727
24178,0.6102142857142856,0,1,0,500515,105095,56016,51940,0.9734984623365075,0.3307542904448053
24179,0.6102619047619047,0,1,0,500516,105094,56016,51940,0.9734891993034199,0.3307563967038985
24180,0.6102857142857142,0,3,0,500519,105091,56016,51940,0.9734614102041572,0.33076271564213433
24181,0.610297619047619,0,1,0,500520,105090,56016,51940,0.9734521471710696,0.3307648220085334
24182,0.6103095238095237,0,4,0,500524,105086,56016,51940,0.9734150950387195,0.33077324774241207
24183,0.610312049062049,0,3,0,500527,105083,56016,51940,0.9733873059394568,0.33077956732453206
24184,0.6103138528138526,1,0,1,500527,105083,56017,51939,0.9733873059394568,0.33077530537122185
24185,0.6103333333333333,2,9,2,500536,105074,56019,51937,0.9733039386416689,0.3307857411264179
24186,0.6103333333333334,3,8,3,500544,105066,56022,51934,0.9732298343769684,0.33078980891719745
24187,0.6103571428571428,0,2,0,500546,105064,56022,51934,0.9732113083107933,0.33079402285379433
24188,0.6103968253968254,0,1,0,500547,105063,56022,51934,0.9732020452777057,0.33079612986235407
24189,0.6104166666666666,0,2,0,500549,105061,56022,51934,0.9731835192115307,0.33080034395999874
24190,0.6104523809523809,0,1,0,500550,105060,56022,51934,0.9731742561784431,0.3308024510490847
24191,0.6104761904761904,1,0,1,500550,105060,56023,51933,0.9731742561784431,0.3307981884542623
24192,0.6104761904761905,0,3,0,500553,105057,56023,51933,0.9731464670791804,0.33080450984139115
24193,0.6104999999999999,2,11,2,500564,105046,56025,51931,0.9730445737152174,0.33081916459099103
24194,0.6105,1,1,1,500565,105045,56026,51930,0.9730353106821298,0.33081700907787864
24195,0.6105000000000002,0,1,0,500566,105044,56026,51930,0.9730260476490422,0.33081911654159285
24196,0.6105238095238094,0,1,0,500567,105043,56026,51930,0.9730167846159546,0.3308212240321584
24197,0.6105238095238095,1,0,1,500567,105043,56027,51929,0.9730167846159546,0.3308169609866728
24198,0.6105476190476189,0,1,0,500568,105042,56027,51929,0.9730075215828671,0.3308190684903581
24199,0.6105833333333334,0,1,0,500569,105041,56027,51929,0.9729982585497795,0.3308211760208957
24200,0.6105952380952381,0,1,0,500570,105040,56027,51929,0.9729889955166919,0.33082328357828616
24201,0.6106428571428572,0,2,0,500572,105038,56027,51929,0.9729704694505169,0.3308274987736276
24202,0.6106428571428573,1,1,1,500573,105037,56028,51928,0.9729612064174293,0.33082534322938234
24203,0.6106666666666666,3,18,3,500591,105019,56031,51925,0.9727944718218533,0.3308504944438781
24204,0.6106666666666667,3,8,3,500599,105011,56034,51922,0.972720367557153,0.3308545685101285
24205,0.6106785714285713,1,2,1,500601,105009,56035,51921,0.9727018414909778,0.33085452112406805
24206,0.6106904761904762,1,0,1,500601,105009,56036,51920,0.9727018414909778,0.3308502571226478
24207,0.6107142857142857,0,5,0,500606,105004,56036,51920,0.9726555263255401,0.3308607988580459
24208,0.6107142857142858,0,1,0,500607,105003,56036,51920,0.9726462632924525,0.33086290728573886
24209,0.6107499999999999,0,1,0,500608,105002,56036,51920,0.972637000259365,0.3308650157403041
24210,0.6108246753246752,1,0,1,500608,105002,56037,51919,0.972637000259365,0.33086075158837885
24211,0.6108333333333333,18,77,18,500685,104925,56055,51901,0.9719237467116233,0.3309463991940112
24212,0.6108333333333335,0,1,0,500686,104924,56055,51901,0.9719144836785357,0.33094850948509485
24213,0.6108571428571428,0,1,0,500687,104923,56055,51901,0.9719052206454482,0.3309506198030914
24214,0.6108928571428571,0,1,0,500688,104922,56055,51901,0.9718959576123606,0.33095273014800125
24215,0.6109166666666667,0,1,0,500689,104921,56055,51901,0.971886694579273,0.33095484051982504
24216,0.6109166666666668,0,1,0,500690,104920,56055,51901,0.9718774315461854,0.3309569509185632
24217,0.6109523809523809,1,3,1,500693,104917,56056,51900,0.9718496424469228,0.3309590159230186
24218,0.610952380952381,1,1,1,500694,104916,56057,51899,0.9718403794138353,0.3309568599942608
24219,0.6109761904761905,0,1,0,500695,104915,56057,51899,0.9718311163807477,0.3309589705000829
24220,0.611,13,43,13,500738,104872,56070,51886,0.9714328059579829,0.33099427142474386
24221,0.6110000000000001,1,1,1,500739,104871,56071,51885,0.9714235429248953,0.33099211513434895
24222,0.6110238095238094,0,1,0,500740,104870,56071,51885,0.9714142798918077,0.3309942266594367
24223,0.6110595238095238,0,1,0,500741,104869,56071,51885,0.9714050168587203,0.3309963382114651
24224,0.6110714285714285,0,2,0,500743,104867,56071,51885,0.9713864907925451,0.3310005613963458
24225,0.611111111111111,1,1,1,500744,104866,56072,51884,0.9713772277594576,0.33099840510366824
24226,0.6111111111111112,0,1,0,500745,104865,56072,51884,0.97136796472637,0.33100051674970815
24227,0.611126984126984,1,5,1,500750,104860,56073,51883,0.9713216495609323,0.3310068073215391
24228,0.6111309523809524,0,1,0,500751,104859,56073,51883,0.9713123865278447,0.33100891911548913
24229,0.6111428571428571,1,1,1,500752,104858,56074,51882,0.9713031234947571,0.3310067627918846
24230,0.6111666666666666,0,10,0,500762,104848,56074,51882,0.9712104931638815,0.33102788234543484
24231,0.6111666666666667,1,3,1,500765,104845,56075,51881,0.9711827040646189,0.33102995035922567
24232,0.6111904761904762,1,2,1,500767,104843,56076,51880,0.9711641779984438,0.33102990626774625
24233,0.61125,0,4,0,500771,104839,56076,51880,0.9711271258660936,0.3310383552728131
24234,0.6112619047619049,0,2,0,500773,104837,56076,51880,0.9711085997999185,0.331042579937084
24235,0.6112738095238095,0,2,0,500775,104835,56076,51880,0.9710900737337433,0.33104680470918546
24236,0.6113333333333333,2,17,2,500792,104818,56078,51878,0.970932602171255,0.3310741818553122
24237,0.6113333333333334,0,3,0,500795,104815,56078,51878,0.9709048130719923,0.331080520508255
24238,0.6113333333333335,0,1,0,500796,104814,56078,51878,0.9708955500389047,0.3310826334465065
24239,0.6113373015873016,0,2,0,500798,104812,56078,51878,0.9708770239727297,0.3310868594039186
24240,0.6113676470588235,1,1,1,500799,104811,56079,51877,0.9708677609396421,0.33108470335954254
24241,0.6113690476190476,0,2,0,500801,104809,56079,51877,0.970849234873467,0.33108892945125923
24242,0.6113809523809524,0,2,0,500803,104807,56079,51877,0.9708307088072918,0.33109315565086417
24243,0.611388888888889,0,1,0,500804,104806,56079,51877,0.9708214457742043,0.33109526879112605
24244,0.6114047619047619,0,1,0,500805,104805,56079,51877,0.9708121827411168,0.3310973819583615
24245,0.6114126984126984,0,1,0,500806,104804,56079,51877,0.9708029197080292,0.33109949515257114
24246,0.6114166666666666,0,1,0,500807,104803,56079,51877,0.9707936566749417,0.3311016083737554
24247,0.6114285714285714,0,5,0,500812,104798,56079,51877,0.9707473415095039,0.33111217488431466
24248,0.6114285714285715,0,1,0,500813,104797,56079,51877,0.9707380784764164,0.3311142882673577
24249,0.611452380952381,0,1,0,500814,104796,56079,51877,0.9707288154433288,0.331116401677379
24250,0.6114617604617605,0,1,0,500815,104795,56079,51877,0.9707195524102412,0.33111851511437906
24251,0.6114761904761905,1,0,1,500815,104795,56080,51876,0.9707195524102412,0.33111424577618065
24252,0.6114999999999999,0,18,0,500833,104777,56080,51876,0.9705528178146652,0.3311522920084518
24253,0.6115,1,2,1,500835,104775,56081,51875,0.9705342917484902,0.33115225023938716
24254,0.6115238095238095,2,1,2,500836,104774,56083,51873,0.9705250287154026,0.33114582468863113
24255,0.6115238095238096,0,1,0,500837,104773,56083,51873,0.970515765682315,0.33114793866424935
24256,0.611547619047619,0,4,0,500841,104769,56083,51873,0.9704787135499648,0.33115639483663384
24257,0.6115476190476191,0,1,0,500842,104768,56083,51873,0.9704694505168773,0.3311585089472105
24258,0.6115714285714285,0,1,0,500843,104767,56083,51873,0.9704601874837897,0.3311606230847804
24259,0.6115833333333334,0,1,0,500844,104766,56083,51873,0.9704509244507021,0.33116273724934403
24260,0.6115952380952381,1,0,1,500844,104766,56084,51872,0.9704509244507021,0.3311584672940155
24261,0.6116190476190476,0,2,0,500846,104764,56084,51872,0.970432398384527,0.3311626956766005
24262,0.611642857142857,0,1,0,500847,104763,56084,51872,0.9704231353514394,0.33116480990838576
24263,0.6116666666666666,1,3,1,500850,104760,56085,51871,0.9703953462521768,0.3311668826732895
24264,0.6116666666666667,62,219,62,501069,104541,56147,51809,0.9683667420060025,0.3313655260633195
24265,0.6116904761904762,0,1,0,501070,104540,56147,51809,0.9683574789729149,0.33136764545983666
24266,0.6117142857142857,0,1,0,501071,104539,56147,51809,0.9683482159398273,0.3313697648834651
24267,0.61175,0,2,0,501073,104537,56147,51809,0.9683296898736522,0.3313740038120579
24268,0.6117777777777778,0,1,0,501074,104536,56147,51809,0.9683204268405646,0.33137612331702326
24269,0.6117857142857144,0,1,0,501075,104535,56147,51809,0.9683111638074772,0.331378242849102
24270,0.6118333333333333,3,13,3,501088,104522,56150,51806,0.9681907443773389,0.33139296863005985
24271,0.6118809523809524,1,2,1,501090,104520,56151,51805,0.9681722183111638,0.3313929313929314
24272,0.6118860028860028,0,1,0,501091,104519,56151,51805,0.9681629552780763,0.33139505130370256
24273,0.6119047619047618,0,1,0,501092,104518,56151,51805,0.9681536922449887,0.3313971712415959
24274,0.611904761904762,0,2,0,501094,104516,56151,51805,0.9681351661788136,0.3314014111987513
24275,0.6119166666666667,0,1,0,501095,104515,56151,51805,0.968125903145726,0.3314035312180143
24276,0.6119285714285713,1,0,1,501095,104515,56152,51804,0.968125903145726,0.33139925408939414
24277,0.6119523809523809,0,2,0,501097,104513,56152,51804,0.968107377079551,0.3314034941816949
24278,0.6119642857142857,0,1,0,501098,104512,56152,51804,0.9680981140464634,0.331405614268533
24279,0.6119761904761905,1,0,1,501098,104512,56153,51803,0.9680981140464634,0.33140133704378977
24280,0.6119779942279941,0,1,0,501099,104511,56153,51803,0.9680888510133758,0.33140345714395386
24281,0.6119999999999999,0,3,0,501102,104508,56153,51803,0.9680610619141131,0.33140981760720617
24282,0.612,12,41,12,501143,104467,56165,51791,0.9676812775575234,0.3314454299939843
24283,0.6120000000000001,0,1,0,501144,104466,56165,51791,0.9676720145244359,0.3314475511497085
24284,0.6120238095238095,1,0,1,501144,104466,56166,51790,0.9676720145244359,0.331443272578333
24285,0.6120476190476191,1,2,1,501146,104464,56167,51789,0.9676534884582608,0.3314432362898632
24286,0.6120833333333333,3,2,3,501148,104462,56170,51786,0.9676349623920857,0.33143464236342224
24287,0.6121428571428571,2,5,2,501153,104457,56172,51784,0.967588647226648,0.3314366907533874
24288,0.6121666666666666,1,5,1,501158,104452,56173,51783,0.9675423320612101,0.33144301852977887
24289,0.6121666666666667,0,1,0,501159,104451,56173,51783,0.9675330690281225,0.3314451399823342
24290,0.6121904761904762,1,0,1,501159,104451,56174,51782,0.9675330690281225,0.3314408607656513
24291,0.6122222222222223,0,1,0,501160,104450,56174,51782,0.9675238059950351,0.33144298223155305
24292,0.61225,0,1,0,501161,104449,56174,51782,0.9675145429619475,0.3314451037246129
24293,0.6122619047619048,0,2,0,501163,104447,56174,51782,0.9674960168957724,0.3314493467922089
24294,0.6122784992784993,3,1,3,501164,104446,56177,51779,0.9674867538626848,0.3314386301808289
24295,0.6122857142857143,0,1,0,501165,104445,56177,51779,0.9674774908295972,0.3314407517410897
24296,0.6123048618048618,0,1,0,501166,104444,56177,51779,0.9674682277965096,0.3314428733285112
24297,0.6123333333333333,3,4,3,501170,104440,56180,51776,0.9674311756641595,0.3314385210221744
24298,0.6123333333333334,6,16,6,501186,104424,56186,51770,0.9672829671347586,0.33144679052972587
24299,0.6123412698412699,0,2,0,501188,104422,56186,51770,0.9672644410685834,0.33145103462405245
24300,0.6123571428571428,0,1,0,501189,104421,56186,51770,0.967255178035496,0.33145315671197445
24301,0.6123636363636362,0,1,0,501190,104420,56186,51770,0.9672459150024084,0.3314552788270696
24302,0.6123809523809524,0,5,0,501195,104415,56186,51770,0.9671995998369706,0.331465889810161
24303,0.6123928571428573,0,2,0,501197,104413,56186,51770,0.9671810737707955,0.331470134393628
24304,0.6123968253968255,1,0,1,501197,104413,56187,51769,0.9671810737707955,0.3314658539396345
24305,0.6124999999999999,0,8,0,501205,104405,56187,51769,0.9671069695060951,0.33148283325009287
24306,0.6125,59,171,59,501376,104234,56246,51710,0.9655229908481233,0.33159339249987174
24307,0.6125119047619049,0,2,0,501378,104232,56246,51710,0.9655044647819482,0.3315976452783727
24308,0.6125238095238096,0,1,0,501379,104231,56246,51710,0.9654952017488606,0.3315997717085308
24309,0.6125555555555556,1,0,1,501379,104231,56247,51709,0.9654952017488606,0.3315954854431192
24310,0.6125833333333334,0,1,0,501380,104230,56247,51709,0.965485938715773,0.3315976118866993
24311,0.6126111111111111,0,1,0,501381,104229,56247,51709,0.9654766756826856,0.33159973835755235
24312,0.6126190476190476,0,1,0,501382,104228,56247,51709,0.965467412649598,0.3316018648556789
24313,0.6126587301587301,0,1,0,501383,104227,56247,51709,0.9654581496165104,0.33160399138107943
24314,0.6126666666666666,1,2,1,501385,104225,56248,51708,0.9654396235503353,0.331603958110214
24315,0.6126666666666667,3,23,3,501408,104202,56251,51705,0.9652265737893215,0.3316400161634821
24316,0.6126666666666668,2,1,2,501409,104201,56253,51703,0.9652173107562341,0.3316335693760263
24317,0.6127142857142857,0,1,0,501410,104200,56253,51703,0.9652080477231465,0.33163569655490915
24318,0.6127380952380953,0,5,0,501415,104195,56253,51703,0.9651617325577087,0.331646332858664
24319,0.6127619047619048,1,0,1,501415,104195,56254,51702,0.9651617325577087,0.33164204570966727
24320,0.6127777777777778,1,0,1,501415,104195,56255,51701,0.9651617325577087,0.33163775850567045
24321,0.6127857142857143,0,5,0,501420,104190,56255,51701,0.9651154173922709,0.3316483953531634
24322,0.6128333333333333,1,8,1,501428,104182,56256,51700,0.9650413131275705,0.3316611282893471
24323,0.6128354978354976,1,1,1,501429,104181,56257,51699,0.9650320500944829,0.33165896843725945
24324,0.6128571428571428,1,1,1,501430,104180,56258,51698,0.9650227870613954,0.3316568085297476
24325,0.6128571428571429,0,3,0,501433,104177,56258,51698,0.9649949979621327,0.331663191659984
24326,0.6128809523809524,0,2,0,501435,104175,56258,51698,0.9649764718959576,0.3316674472166443
24327,0.612888888888889,0,1,0,501436,104174,56258,51698,0.96496720886287,0.3316695750359269
24328,0.6129166666666667,0,2,0,501438,104172,56258,51698,0.964948682796695,0.33167383075639956
24329,0.6129285714285715,1,1,1,501439,104171,56259,51697,0.9649394197636074,0.3316716709010188
24330,0.6129444444444444,1,0,1,501439,104171,56260,51696,0.9649394197636074,0.33166738308942884
24331,0.6129999999999999,0,2,0,501441,104169,56260,51696,0.9649208936974323,0.33167163891829465
24332,0.613,11,34,11,501475,104135,56271,51685,0.9646059505724555,0.3316968296752663
24333,0.6130714285714286,0,1,0,501476,104134,56271,51685,0.9645966875393679,0.3316989584068695
24334,0.6130833333333334,0,2,0,501478,104132,56271,51685,0.9645781614731928,0.3317032159520463
24335,0.613095238095238,0,2,0,501480,104130,56271,51685,0.9645596354070177,0.33170747360652053
24336,0.6130952380952381,0,2,0,501482,104128,56271,51685,0.9645411093408426,0.33171173137029647
24337,0.6131309523809523,0,2,0,501484,104126,56271,51685,0.9645225832746674,0.3317159892433782
24338,0.6131666666666665,1,0,1,501484,104126,56272,51684,0.9645225832746674,0.3317117001476157
24339,0.6131666666666666,0,11,0,501495,104115,56272,51684,0.9644206899107044,0.33173512025109275
24340,0.6131666666666667,0,5,0,501500,104110,56272,51684,0.9643743747452665,0.33174576684596324
24341,0.6131825396825397,0,1,0,501501,104109,56272,51684,0.9643651117121791,0.33174789624694306
24342,0.6132142857142857,0,2,0,501503,104107,56272,51684,0.964346585646004,0.33175215513091255
24343,0.6132222222222222,1,0,1,501503,104107,56273,51683,0.964346585646004,0.33174786571666987
24344,0.6132380952380952,0,1,0,501504,104106,56273,51683,0.9643373226129164,0.3317499951857962
24345,0.6132420634920636,1,1,1,501505,104105,56274,51682,0.9643280595798288,0.33174783518522083
24346,0.6132500000000001,1,0,1,501505,104105,56275,51681,0.9643280595798288,0.3317435456331121
24347,0.6132738095238095,0,2,0,501507,104103,56275,51681,0.9643095335136537,0.3317478046525959
24348,0.6132777777777778,0,1,0,501508,104102,56275,51681,0.9643002704805661,0.331749934203347
24349,0.6132857142857141,0,3,0,501511,104099,56275,51681,0.9642724813813035,0.3317563230196431
24350,0.6132857142857142,0,1,0,501512,104098,56275,51681,0.9642632183482159,0.33175845267975784
24351,0.6132857142857143,0,2,0,501514,104096,56275,51681,0.9642446922820408,0.3317627120820147
24352,0.6133333333333332,0,1,0,501515,104095,56275,51681,0.9642354292489532,0.3317648418241578
24353,0.6133333333333333,37,139,37,501654,103956,56312,51644,0.9629478676497832,0.33190231362467865
24354,0.6133333333333334,63,211,63,501865,103745,56375,51581,0.9609933676683093,0.33208220130564103
24355,0.6133809523809524,0,1,0,501866,103744,56375,51581,0.9609841046352218,0.33208433928858844
24356,0.6133809523809525,1,6,1,501872,103738,56376,51580,0.9609285264366965,0.3320928675362804
24357,0.6133888888888889,1,0,1,501872,103738,56377,51579,0.9609285264366965,0.3320885672527798
24358,0.6134166666666667,0,1,0,501873,103737,56377,51579,0.9609192634036089,0.33209070540060265
24359,0.6134444444444445,0,1,0,501874,103736,56377,51579,0.9609100003705213,0.33209284357595853
24360,0.6134523809523809,0,1,0,501875,103735,56377,51579,0.9609007373374338,0.332094981778848
24361,0.613452380952381,2,0,2,501875,103735,56379,51577,0.9609007373374338,0.33208638096219223
24362,0.6134563492063493,0,4,0,501879,103731,56379,51577,0.9608636852050836,0.33209493393772377
24363,0.6134761904761906,0,1,0,501880,103730,56379,51577,0.960854422171996,0.3320970722504459
24364,0.6134999999999999,1,6,1,501886,103724,56380,51576,0.9607988439734707,0.332105602060528
24365,0.6135,4,15,4,501901,103709,56384,51572,0.9606598984771574,0.3321204783585886
24366,0.6135238095238096,0,1,0,501902,103708,56384,51572,0.9606506354440698,0.3321226172076249
24367,0.613547619047619,0,1,0,501903,103707,56384,51572,0.9606413724109822,0.3321247560842097
24368,0.6135714285714285,1,0,1,501903,103707,56385,51571,0.9606413724109822,0.33212045492600367
24369,0.6135714285714287,0,1,0,501904,103706,56385,51571,0.9606321093778947,0.33212259381621234
24370,0.6136190476190475,0,1,0,501905,103705,56385,51571,0.9606228463448071,0.3321247327339705
24371,0.613640331890332,2,3,2,501908,103702,56387,51569,0.9605950572455445,0.3321225470306754
24372,0.6136666666666666,1,4,1,501912,103698,56388,51568,0.9605580051131942,0.3321268017466799
24373,0.6136666666666667,6,17,6,501929,103681,56394,51562,0.9604005335507059,0.33213735885031853
24374,0.6136904761904762,0,3,0,501932,103678,56394,51562,0.9603727444514432,0.3321437773769647
24375,0.6137142857142858,0,2,0,501934,103676,56394,51562,0.960354218385268,0.33214805653255003
24376,0.6137380952380953,0,1,0,501935,103675,56394,51562,0.9603449553521806,0.3321501961516906
24377,0.61375,1,3,1,501938,103672,56395,51561,0.9603171662529179,0.33215231297468967
24378,0.6137857142857144,0,1,0,501939,103671,56395,51561,0.9603079032198303,0.33215445269016697
24379,0.6138095238095238,2,3,2,501942,103668,56397,51559,0.9602801141205677,0.3321522673246278
24380,0.6138095238095239,1,1,1,501943,103667,56398,51558,0.9602708510874801,0.33215010468674505
24381,0.6138214285714285,0,1,0,501944,103666,56398,51558,0.9602615880543925,0.33215224449827346
24382,0.6138333333333332,0,2,0,501946,103664,56398,51558,0.9602430619882174,0.33215652420404324
24383,0.6138333333333333,2,6,2,501952,103658,56400,51556,0.9601874837896921,0.33216075869444767
24384,0.6138333333333335,0,4,0,501956,103654,56400,51556,0.9601504316573419,0.33216931898717866
24385,0.6138571428571428,0,1,0,501957,103653,56400,51556,0.9601411686242544,0.33217145912930307
24386,0.6138571428571429,1,1,1,501958,103652,56401,51555,0.9601319055911668,0.33216929648791615
24387,0.6138888888888888,1,0,1,501958,103652,56402,51554,0.9601319055911668,0.33216499362138063
24388,0.6138888888888889,1,0,1,501958,103652,56403,51553,0.9601319055911668,0.3321606906993976
24389,0.6138939393939394,1,0,1,501958,103652,56404,51552,0.9601319055911668,0.33215638772196593
24390,0.6139166666666668,0,1,0,501959,103651,56404,51552,0.9601226425580792,0.3321585278635078
24391,0.6139285714285715,0,1,0,501960,103650,56404,51552,0.9601133795249917,0.33216066803262845
24392,0.613952380952381,0,3,0,501963,103647,56404,51552,0.960085590425729,0.33216708870546846
24393,0.6139761904761905,1,0,1,501963,103647,56405,51551,0.960085590425729,0.33216278560290724
24394,0.6139761904761906,0,1,0,501964,103646,56405,51551,0.9600763273926415,0.3321649258684124
24395,0.6139999999999999,0,2,0,501966,103644,56405,51551,0.9600578013264663,0.3321692064821676
24396,0.614,19,71,19,502037,103573,56424,51532,0.95940012597725,0.3322394506946907
24397,0.6140000000000001,0,3,0,502040,103570,56424,51532,0.9593723368779873,0.33224587690680973
24398,0.6140238095238095,0,1,0,502041,103569,56424,51532,0.9593630738448998,0.3322480190327593
24399,0.614047619047619,0,1,0,502042,103568,56424,51532,0.9593538108118123,0.3322501611863314
24400,0.6140595238095239,0,1,0,502043,103567,56424,51532,0.9593445477787247,0.33225230336752654
24401,0.6140714285714286,0,1,0,502044,103566,56424,51532,0.9593352847456371,0.33225444557634526
24402,0.6141190476190477,0,3,0,502047,103563,56424,51532,0.9593074956463744,0.3322608723685483
24403,0.6141428571428572,0,1,0,502048,103562,56424,51532,0.959298232613287,0.33226301468786673
24404,0.6141666666666665,0,1,0,502049,103561,56424,51532,0.9592889695801994,0.33226515703481135
24405,0.6141666666666666,8,39,8,502088,103522,56432,51524,0.9589277112897847,0.3323142809230809
24406,0.6141666666666667,7,31,7,502119,103491,56439,51517,0.9586405572640705,0.33235058835673
24407,0.6141904761904762,0,2,0,502121,103489,56439,51517,0.9586220311978955,0.3323548765854225
24408,0.6142142857142856,0,1,0,502122,103488,56439,51517,0.9586127681648079,0.3323570207412664
24409,0.6142142857142857,0,1,0,502123,103487,56439,51517,0.9586035051317203,0.33235916492477613
24410,0.6142222222222222,0,1,0,502124,103486,56439,51517,0.9585942420986328,0.3323613091359522
24411,0.6142380952380951,0,1,0,502125,103485,56439,51517,0.9585849790655452,0.33236345337479517
24412,0.61425,0,1,0,502126,103484,56439,51517,0.9585757160324576,0.3323655976413055
24413,0.6142500000000001,0,1,0,502127,103483,56439,51517,0.9585664529993702,0.33236774193548385
24414,0.6142619047619047,0,1,0,502128,103482,56439,51517,0.9585571899662826,0.3323698862573307
24415,0.6142857142857142,1,1,1,502129,103481,56440,51516,0.958547926933195,0.33236772324625635
24416,0.6142857142857143,5,12,5,502141,103469,56445,51511,0.9584367705361444,0.3323719189572848
24417,0.6143333333333333,2,11,2,502152,103458,56447,51509,0.9583348771721812,0.3323868952744778
24418,0.6143333333333334,6,6,6,502158,103452,56453,51503,0.9582792989736559,0.33237391500758284
24419,0.6144126984126984,0,1,0,502159,103451,56453,51503,0.9582700359405684,0.33237605999199765
24420,0.6144285714285715,0,1,0,502160,103450,56453,51503,0.9582607729074808,0.33237820500409804
24421,0.6144307359307359,2,0,2,502160,103450,56455,51501,0.9582607729074808,0.3323695878051771
24422,0.6144761904761905,0,1,0,502161,103449,56455,51501,0.9582515098743932,0.33237173281703775
24423,0.6144999999999999,0,8,0,502169,103441,56455,51501,0.9581774056096929,0.3323888939086884
24424,0.6145,3,11,3,502180,103430,56458,51498,0.9580755122457297,0.3323995662501291
24425,0.6145079365079367,1,0,1,502180,103430,56459,51497,0.9580755122457297,0.33239525712109574
24426,0.6145238095238096,0,1,0,502181,103429,56459,51497,0.9580662492126422,0.3323974026309335
24427,0.6145357142857144,0,1,0,502182,103428,56459,51497,0.9580569861795546,0.3323995481684686
24428,0.614547619047619,0,1,0,502183,103427,56459,51497,0.9580477231464671,0.3324016937337017
24429,0.6145555555555557,1,0,1,502183,103427,56460,51496,0.9580477231464671,0.33239738450714224
24430,0.6145833333333334,0,4,0,502187,103423,56460,51496,0.9580106710141169,0.33240596698920083
24431,0.6145952380952382,0,2,0,502189,103421,56460,51496,0.9579921449479417,0.3324102583964316
24432,0.6146428571428572,0,4,0,502193,103417,56460,51496,0.9579550928155915,0.33241884154331786
24433,0.6146666666666666,1,19,1,502212,103398,56461,51495,0.957779095186928,0.3324553078576824
24434,0.6146666666666667,3,17,3,502229,103381,56464,51492,0.9576216236244396,0.33247886978362917
24435,0.6146666666666668,0,1,0,502230,103380,56464,51492,0.957612360591352,0.332481016581435
24436,0.6146904761904762,0,1,0,502231,103379,56464,51492,0.9576030975582644,0.3324831634069645
24437,0.6147142857142857,1,0,1,502231,103379,56465,51491,0.9576030975582644,0.33247885323174275
24438,0.6147619047619047,0,1,0,502232,103378,56465,51491,0.9575938345251769,0.33248100007102777
24439,0.6147619047619048,1,0,1,502232,103378,56466,51490,0.9575938345251769,0.33247668982617457
24440,0.6148095238095239,0,2,0,502234,103376,56466,51490,0.9575753084590019,0.3324809835599809
24441,0.6148333333333332,0,1,0,502235,103375,56466,51490,0.9575660454259143,0.33248313046847255
24442,0.6148333333333333,1,4,1,502239,103371,56467,51489,0.957528993293564,0.3324874079814026
24443,0.6148333333333335,1,2,1,502241,103369,56468,51488,0.957510467227389,0.3324873915935347
24444,0.6148888888888889,0,1,0,502242,103368,56468,51488,0.9575012041943014,0.33248953866818204
24445,0.6149166666666666,0,1,0,502243,103367,56468,51488,0.9574919411612138,0.33249168577055954
24446,0.6149285714285715,0,1,0,502244,103366,56468,51488,0.9574826781281263,0.33249383290066775
24447,0.6149523809523809,0,1,0,502245,103365,56468,51488,0.9574734150950387,0.3324959800585071
24448,0.6149761904761905,0,1,0,502246,103364,56468,51488,0.9574641520619511,0.33249812724407823
24449,0.6149761904761906,0,1,0,502247,103363,56468,51488,0.9574548890288637,0.3325002744573816
24450,0.6149999999999999,3,16,3,502263,103347,56471,51485,0.9573066804994628,0.3325217009403741
24451,0.615,212,686,212,502949,102661,56683,51273,0.9509522398014005,0.33308430885964113
24452,0.6150000000000001,4,18,4,502967,102643,56687,51269,0.9507855052058246,0.3331059306616768
24453,0.6150108225108225,0,1,0,502968,102642,56687,51269,0.950776242172737,0.33310809493798366
24454,0.6150476190476191,0,1,0,502969,102641,56687,51269,0.9507669791396495,0.3331102592424144
24455,0.6150714285714285,0,1,0,502970,102640,56687,51269,0.9507577161065619,0.3331124235749696
24456,0.615095238095238,0,3,0,502973,102637,56687,51269,0.9507299270072993,0.3331189167413876
24457,0.615111111111111,0,1,0,502974,102636,56687,51269,0.9507206639742117,0.3331210811864462
24458,0.6151190476190476,0,1,0,502975,102635,56687,51269,0.9507114009411242,0.333123245659632
24459,0.6151666666666666,0,5,0,502980,102630,56687,51269,0.9506650857756864,0.3331340684474883
24460,0.6151666666666668,0,3,0,502983,102627,56687,51269,0.9506372966764237,0.3331405624577637
24461,0.6152380952380951,0,2,0,502985,102625,56687,51269,0.9506187706102486,0.3331448919386071
24462,0.6152380952380953,1,2,1,502987,102623,56688,51268,0.9506002445440735,0.3331448882650707
24463,0.61525,0,1,0,502988,102622,56688,51268,0.950590981510986,0.33314705308986936
24464,0.6152579365079365,1,0,1,502988,102622,56689,51267,0.950590981510986,0.3331427197525489
24465,0.6152619047619049,0,1,0,502989,102621,56689,51267,0.9505817184778984,0.33314488459139113
24466,0.6152857142857142,0,1,0,502990,102620,56689,51267,0.9505724554448108,0.3331470494583688
24467,0.6152857142857143,0,1,0,502991,102619,56689,51267,0.9505631924117233,0.33314921435348244
24468,0.6152993117993119,0,1,0,502992,102618,56689,51267,0.9505539293786357,0.3331513792767326
24469,0.6153095238095239,1,0,1,502992,102618,56690,51266,0.9505539293786357,0.3331470458267266
24470,0.6153333333333333,5,17,5,503009,102601,56695,51261,0.9503964578161473,0.3331621842950176
24471,0.6153333333333334,1,9,1,503018,102592,56696,51260,0.9503130905183593,0.3331773392611081
24472,0.6153571428571428,1,0,1,503018,102592,56697,51259,0.9503130905183593,0.3331730050503409
24473,0.6153690476190476,0,1,0,503019,102591,56697,51259,0.9503038274852718,0.3331751706207345
24474,0.615392857142857,0,1,0,503020,102590,56697,51259,0.9502945644521842,0.3331773362192799
24475,0.6154166666666666,1,3,1,503023,102587,56698,51258,0.9502667753529216,0.3331794988462414
24476,0.615436507936508,0,2,0,503025,102585,56698,51258,0.9502482492867464,0.3331838302685205
24477,0.6154393939393938,0,1,0,503026,102584,56698,51258,0.9502389862536589,0.3331859960218926
24478,0.6154444444444445,0,1,0,503027,102583,56698,51258,0.9502297232205713,0.3331881618034204
24479,0.6154545454545455,0,1,0,503028,102582,56698,51258,0.9502204601874837,0.3331903276131045
24480,0.6154999999999999,4,10,4,503038,102572,56702,51254,0.9501278298566083,0.33319464849895336
24481,0.6155238095238095,1,2,1,503040,102570,56703,51253,0.9501093037904331,0.333194645794192
24482,0.6155357142857143,0,1,0,503041,102569,56703,51253,0.9501000407573456,0.3331968118994682
24483,0.6155555555555555,1,4,1,503045,102565,56704,51252,0.9500629886249954,0.3332011416163363
24484,0.6155833333333334,1,1,1,503046,102564,56705,51251,0.9500537255919078,0.3331989727919904
24485,0.6155952380952381,0,1,0,503047,102563,56705,51251,0.9500444625588202,0.333201139038059
24486,0.6155952380952382,2,1,2,503048,102562,56707,51249,0.9500351995257327,0.3331946349740916
24487,0.6155966810966812,0,1,0,503049,102561,56707,51249,0.9500259364926451,0.3331968012482934
24488,0.6156111111111112,0,1,0,503050,102560,56707,51249,0.9500166734595576,0.33319896755066347
24489,0.6156150793650793,1,0,1,503050,102560,56708,51248,0.9500166734595576,0.33319463226880264
24490,0.6156190476190476,0,1,0,503051,102559,56708,51248,0.9500074104264701,0.33319679858523993
24491,0.6156428571428572,0,1,0,503052,102558,56708,51248,0.9499981473933825,0.3331989649298467
24492,0.6156507936507937,0,3,0,503055,102555,56708,51248,0.9499703582941198,0.3332054641326892
24493,0.6156666666666666,3,19,3,503074,102536,56711,51245,0.9497943606654563,0.3332336244399503
24494,0.6156666666666667,3,5,3,503079,102531,56714,51242,0.9497480455000186,0.3332314515552145
24495,0.6156666666666668,0,1,0,503080,102530,56714,51242,0.949738782466931,0.3332336186041672
24496,0.6156944444444444,0,1,0,503081,102529,56714,51242,0.9497295194338434,0.3332357856813053
24497,0.6157142857142857,6,8,6,503089,102521,56720,51236,0.949655415169143,0.33322710510740977
24498,0.6157142857142858,0,1,0,503090,102520,56720,51236,0.9496461521360554,0.3332292723535992
24499,0.6157380952380953,0,1,0,503091,102519,56720,51236,0.9496368891029678,0.3332314396279796
24500,0.6157857142857143,1,2,1,503093,102517,56721,51235,0.9496183630367928,0.3332314376398356
24501,0.6157857142857144,1,0,1,503093,102517,56722,51234,0.9496183630367928,0.33322710096194497
24502,0.6158333333333332,3,34,3,503127,102483,56725,51231,0.9493034199118159,0.33328779421523086
24503,0.6158333333333333,14,45,14,503172,102438,56739,51217,0.948886583422876,0.33332465588493704
24504,0.6158333333333335,0,1,0,503173,102437,56739,51217,0.9488773203897884,0.33332682520468065
24505,0.6158849206349207,0,1,0,503174,102436,56739,51217,0.9488680573567009,0.33332899455266085
24506,0.6158888888888889,0,1,0,503175,102435,56739,51217,0.9488587943236133,0.33333116392887824
24507,0.6159166666666667,1,2,1,503177,102433,56740,51216,0.9488402682574382,0.33333116388652057
24508,0.6159523809523809,0,2,0,503179,102431,56740,51216,0.9488217421912631,0.3333355028083855
24509,0.6159761904761905,0,1,0,503180,102430,56740,51216,0.9488124791581756,0.3333376723116775
24510,0.616,25,78,25,503258,102352,56765,51191,0.9480899625773463,0.3333984616687182
24511,0.6160000000000001,1,1,1,503259,102351,56766,51190,0.9480806995442588,0.3333962915442781
24512,0.6160238095238095,0,1,0,503260,102350,56766,51190,0.9480714365111712,0.3333984629412531
24513,0.6160396825396826,0,1,0,503261,102349,56766,51190,0.9480621734780836,0.33340063436651274
24514,0.616047619047619,0,3,0,503264,102346,56766,51190,0.948034384378821,0.333407148812005
24515,0.6160555555555556,1,2,1,503266,102344,56767,51189,0.9480158583126459,0.3334071502543427
24516,0.6160714285714285,0,1,0,503267,102343,56767,51189,0.9480065952795583,0.33340932183518746
24517,0.6161111111111112,1,3,1,503270,102340,56768,51188,0.9479788061802957,0.3334114949716013
24518,0.6161176046176047,0,2,0,503272,102338,56768,51188,0.9479602801141206,0.3334158383596264
24519,0.6161190476190476,0,1,0,503273,102337,56768,51188,0.947951017081033,0.3334180100960756
24520,0.6161190476190477,0,1,0,503274,102336,56768,51188,0.9479417540479455,0.33342018186081657
24521,0.6161428571428571,0,1,0,503275,102335,56768,51188,0.9479324910148579,0.3334223536538499
24522,0.6161626984126984,1,4,1,503279,102331,56769,51187,0.9478954388825077,0.3334266991492854
24523,0.6161666666666666,0,5,0,503284,102326,56769,51187,0.9478491237170699,0.33343755903408834
24524,0.61625,0,3,0,503287,102323,56769,51187,0.9478213346178073,0.3334440753045404
24525,0.6162500000000001,0,1,0,503288,102322,56769,51187,0.9478120715847197,0.3334462474512895
24526,0.6163095238095238,0,2,0,503290,102320,56769,51187,0.9477935455185446,0.33345059182968856
24527,0.6163095238095239,0,1,0,503291,102319,56769,51187,0.947784282485457,0.3334527640613396
24528,0.6163333333333333,3,10,3,503301,102309,56772,51184,0.9476916521545815,0.3334614607832279
24529,0.6163333333333334,1,6,1,503307,102303,56773,51183,0.9476360739560562,0.333470153629647
24530,0.6163636363636364,0,1,0,503308,102302,56773,51183,0.9476268109229686,0.3334723262859563
24531,0.6163690476190475,0,1,0,503309,102301,56773,51183,0.9476175478898811,0.33347449897057674
24532,0.6163809523809524,0,2,0,503311,102299,56773,51183,0.9475990218237059,0.3334788444247534
24533,0.6163968253968254,1,1,1,503312,102298,56774,51182,0.9475897587906184,0.33347667448527496
24534,0.6164047619047619,0,1,0,503313,102297,56774,51182,0.9475804957575309,0.3334788472690075
24535,0.6164166666666667,0,5,0,503318,102292,56774,51182,0.947534180592093,0.3334897116123904
24536,0.6164285714285713,1,0,1,503318,102292,56775,51181,0.947534180592093,0.3334853687619321
24537,0.6164285714285714,0,1,0,503319,102291,56775,51181,0.9475249175590055,0.33348754170141787
24538,0.616452380952381,0,1,0,503320,102290,56775,51181,0.947515654525918,0.3334897146692209
24539,0.6164999999999999,5,8,5,503328,102282,56780,51176,0.9474415502612176,0.33348538362288055
24540,0.6165,0,1,0,503329,102281,56780,51176,0.94743228722813,0.333487556774862
24541,0.616547619047619,1,5,1,503334,102276,56781,51175,0.9473859720626923,0.333494079543307
24542,0.6165714285714285,0,1,0,503335,102275,56781,51175,0.9473767090296047,0.3334962528510916
24543,0.6165865800865801,1,0,1,503335,102275,56782,51174,0.9473767090296047,0.33349190936402323
24544,0.6166111111111112,0,1,0,503336,102274,56782,51174,0.9473674459965171,0.33349408268599134
24545,0.6166190476190476,0,1,0,503337,102273,56782,51174,0.9473581829634296,0.33349625603628613
24546,0.6166666666666666,0,3,0,503340,102270,56782,51174,0.9473303938641668,0.33350277625713615
24547,0.6166666666666667,110,400,110,503740,101870,56892,51064,0.9436251806291452,0.33389566741208626
24548,0.6167261904761905,1,0,1,503740,101870,56893,51063,0.9436251806291452,0.33389131188167365
24549,0.6167619047619047,0,2,0,503742,101868,56893,51063,0.9436066545629701,0.3338956784432195
24550,0.6167738095238096,0,2,0,503744,101866,56893,51063,0.943588128496795,0.3339000451189768
24551,0.6167777777777776,0,1,0,503745,101865,56893,51063,0.9435788654637074,0.33390222849968615
24552,0.6167857142857144,0,1,0,503746,101864,56893,51063,0.9435696024306199,0.33390441190895004
24553,0.6168333333333333,6,17,6,503763,101847,56899,51057,0.9434121308681315,0.33391539789671953
24554,0.6168333333333335,0,1,0,503764,101846,56899,51057,0.9434028678350439,0.33391758173482533
24555,0.6168575868575867,0,4,0,503768,101842,56899,51057,0.9433658157026937,0.3339263173729063
24556,0.6168809523809524,0,1,0,503769,101841,56899,51057,0.9433565526696062,0.3339285013538437
24557,0.6168928571428571,0,1,0,503770,101840,56899,51057,0.9433472896365186,0.3339306853633492
24558,0.6169047619047618,0,1,0,503771,101839,56899,51057,0.943338026603431,0.3339328694014232
24559,0.6169444444444445,0,1,0,503772,101838,56899,51057,0.9433287635703435,0.33393505346806635
24560,0.6169523809523809,1,0,1,503772,101838,56900,51056,0.9433287635703435,0.33393069708425444
24561,0.6169761904761905,1,0,1,503772,101838,56901,51055,0.9433287635703435,0.33392634064345655
24562,0.6169999999999999,0,1,0,503773,101837,56901,51055,0.9433195005372559,0.33392852471025297
24563,0.617,13,25,13,503798,101812,56914,51042,0.9430879247100671,0.3339264919465634
24564,0.6170000000000001,0,4,0,503802,101808,56914,51042,0.9430508725777168,0.3339352306182532
24565,0.6170238095238094,0,1,0,503803,101807,56914,51042,0.9430416095446293,0.33393741535764054
24566,0.6170238095238095,0,1,0,503804,101806,56914,51042,0.9430323465115418,0.33393960012561497
24567,0.6170833333333333,1,1,1,503805,101805,56915,51041,0.9430230834784542,0.3339374272143203
24568,0.6170952380952381,0,1,0,503806,101804,56915,51041,0.9430138204453666,0.33393961202525435
24569,0.6171428571428571,5,8,5,503814,101796,56920,51036,0.9429397161806662,0.3339353015075377
24570,0.6171428571428572,0,1,0,503815,101795,56920,51036,0.9429304531475786,0.3339374865047013
24571,0.6171666666666665,0,2,0,503817,101793,56920,51036,0.9429119270814036,0.33394185658481046
24572,0.6171666666666666,3,9,3,503826,101784,56923,51033,0.9428285597836156,0.3339484481438583
24573,0.6171666666666668,0,1,0,503827,101783,56923,51033,0.942819296750528,0.3339506334415244
24574,0.617202380952381,0,1,0,503828,101782,56923,51033,0.9428100337174404,0.3339528187677911
24575,0.6172222222222222,1,0,1,503828,101782,56924,51032,0.9428100337174404,0.3339484602196134
24576,0.6172380952380953,0,1,0,503829,101781,56924,51032,0.9428007706843529,0.33395064556025994
24577,0.61725,1,6,1,503835,101775,56925,51031,0.9427451924858276,0.3339593995000196
24578,0.6172619047619048,1,2,1,503837,101773,56926,51030,0.9427266664196524,0.3339594117916533
24579,0.6172817460317461,0,1,0,503838,101772,56926,51030,0.9427174033865648,0.3339615973612911
24580,0.6172857142857144,0,1,0,503839,101771,56926,51030,0.9427081403534774,0.3339637829595356
24581,0.6173095238095239,0,1,0,503840,101770,56926,51030,0.9426988773203898,0.33396596858638744
24582,0.6173333333333333,6,23,6,503863,101747,56932,51024,0.942485827559376,0.3339900897421631
24583,0.6173333333333334,1,1,1,503864,101746,56933,51023,0.9424765645262885,0.33398791639665115
24584,0.6173809523809524,0,7,0,503871,101739,56933,51023,0.9424117232946756,0.33400322069624644
24585,0.6174047619047619,1,0,1,503871,101739,56934,51022,0.9424117232946756,0.33399886096582243
24586,0.6174285714285713,0,1,0,503872,101738,56934,51022,0.942402460261588,0.3340010473946059
24587,0.6174285714285714,0,1,0,503873,101737,56934,51022,0.9423931972285005,0.33400323385201525
24588,0.6174404761904762,1,0,1,503873,101737,56935,51021,0.9423931972285005,0.33399887403605705
24589,0.617452380952381,0,1,0,503874,101736,56935,51021,0.942383934195413,0.33400106050786543
24590,0.6174761904761905,0,3,0,503877,101733,56935,51021,0.9423561450961503,0.3340076200950548
24591,0.6174999999999999,3,5,3,503882,101728,56938,51018,0.9423098299307126,0.3340054731384128
24592,0.6175,42,180,42,504062,101548,56980,50976,0.9406424839749528,0.3342162544910965
24593,0.6175555555555554,0,2,0,504064,101546,56980,50976,0.9406239579087776,0.3342206370228557
24594,0.6175833333333334,0,5,0,504069,101541,56980,50976,0.9405776427433399,0.33423159385511125
24595,0.6176072122322122,1,5,1,504074,101536,56981,50975,0.9405313275779021,0.33423818609805195
24596,0.6176190476190476,2,6,2,504080,101530,56983,50973,0.9404757493793768,0.33424260506350695
24597,0.6176190476190477,0,1,0,504081,101529,56983,50973,0.9404664863462893,0.3342447967895503
24598,0.6176428571428572,0,2,0,504083,101527,56983,50973,0.9404479602801141,0.3342491803278689
24599,0.6176666666666666,0,2,0,504085,101525,56983,50973,0.940429434213939,0.33425356398116696
24600,0.6176666666666667,3,25,3,504110,101500,56986,50970,0.9401978583867502,0.334295271200892
24601,0.6177142857142858,0,1,0,504111,101499,56986,50970,0.9401885953536626,0.33429746374672886
24602,0.6177777777777778,2,2,2,504113,101497,56988,50968,0.9401700692874875,0.3342931164529564
24603,0.6178095238095239,0,1,0,504114,101496,56988,50968,0.9401608062543999,0.3342953090565642
24604,0.6178333333333332,1,2,1,504116,101494,56989,50967,0.9401422801882249,0.3342953279855176
24605,0.6178333333333333,3,10,3,504126,101484,56992,50964,0.9400496498573493,0.3343041561712846
24606,0.6178492063492063,0,1,0,504127,101483,56992,50964,0.9400403868242617,0.3343063490918155
24607,0.6178571428571429,0,4,0,504131,101479,56992,50964,0.9400033346919116,0.33431512106164274
24608,0.6178888888888889,0,3,0,504134,101476,56992,50964,0.9399755455926488,0.3343217003411178
24609,0.6179047619047618,1,0,1,504134,101476,56993,50963,0.9399755455926488,0.33431733349077336
24610,0.6179166666666667,2,1,2,504135,101475,56995,50961,0.9399662825595613,0.3343107927261277
24611,0.6179285714285713,0,1,0,504136,101474,56995,50961,0.9399570195264737,0.33431298586282676
24612,0.6179761904761905,0,1,0,504137,101473,56995,50961,0.9399477564933862,0.33431517902830077
24613,0.6179999999999999,1,1,1,504138,101472,56996,50960,0.9399384934602987,0.334313005143277
24614,0.618,16,56,16,504194,101416,57012,50944,0.9394197636073957,0.3343659753216067
24615,0.6180079365079366,0,1,0,504195,101415,57012,50944,0.9394105005743081,0.3343681699144783
24616,0.6180476190476191,0,2,0,504197,101413,57012,50944,0.9393919745081329,0.33437255918664716
24617,0.618095238095238,0,1,0,504198,101412,57012,50944,0.9393827114750454,0.33437475386594556
24618,0.6180952380952381,0,1,0,504199,101411,57012,50944,0.9393734484419578,0.33437694857405403
24619,0.6181666666666666,3,5,3,504204,101406,57015,50941,0.9393271332765201,0.33437481538855374
24620,0.6181666666666668,0,4,0,504208,101402,57015,50941,0.9392900811441699,0.3343835949141083
24621,0.6181904761904762,1,0,1,504208,101402,57016,50940,0.9392900811441699,0.3343792256895669
24622,0.6182142857142857,1,0,1,504208,101402,57017,50939,0.9392900811441699,0.3343748564076644
24623,0.6182222222222222,1,0,1,504208,101402,57018,50938,0.9392900811441699,0.3343704870683996
24624,0.6182500000000001,0,1,0,504209,101401,57018,50938,0.9392808181110823,0.3343726819790073
24625,0.6182619047619048,1,3,1,504212,101398,57019,50937,0.9392530290118196,0.33437489743000626
24626,0.6182738095238096,0,1,0,504213,101397,57019,50937,0.939243765978732,0.33437709244160857
24627,0.6182857142857142,0,1,0,504214,101396,57019,50937,0.9392345029456445,0.3343792874820295
24628,0.618297619047619,0,2,0,504216,101394,57019,50937,0.9392159768794694,0.3343836776493294
24629,0.6183333333333332,0,1,0,504217,101393,57019,50937,0.9392067138463819,0.33438587277620957
24630,0.6183333333333333,25,85,25,504302,101308,57044,50912,0.9384193560339398,0.3344632768361582
24631,0.6183333333333334,44,142,44,504444,101166,57088,50868,0.9371040053355071,0.3345830537905995
24632,0.6183571428571427,0,1,0,504445,101165,57088,50868,0.9370947423024195,0.3345852545171114
24633,0.6183809523809523,1,0,1,504445,101165,57089,50867,0.9370947423024195,0.3345808777099558
24634,0.6184090909090909,0,2,0,504447,101163,57089,50867,0.9370762162362444,0.33458527922120634
24635,0.6184226329226329,0,5,0,504452,101158,57089,50867,0.9370299010708066,0.3345962835060023
24636,0.618431818181818,0,1,0,504453,101157,57089,50867,0.9370206380377191,0.3345984844498237
24637,0.6184444444444444,1,0,1,504453,101157,57090,50866,0.9370206380377191,0.3345941074705801
24638,0.618452380952381,0,2,0,504455,101155,57090,50866,0.9370021119715439,0.3345985094164622
24639,0.6184999999999999,1,2,1,504457,101153,57091,50865,0.9369835859053689,0.3345985343840861
24640,0.6185,8,16,8,504473,101137,57099,50857,0.936835377375968,0.33459873416055896
24641,0.6185714285714285,1,2,1,504475,101135,57100,50856,0.9368168513097929,0.33459875913705417
24642,0.6186190476190475,0,1,0,504476,101134,57100,50856,0.9368075882767053,0.33460096058951244
24643,0.618621212121212,1,0,1,504476,101134,57101,50855,0.9368075882767053,0.3345965826474284
24644,0.6186428571428572,0,2,0,504478,101132,57101,50855,0.9367890622105303,0.3346009856106114
24645,0.6186666666666665,0,1,0,504479,101131,57101,50855,0.9367797991774427,0.33460318713565723
24646,0.6186666666666667,5,12,5,504491,101119,57106,50850,0.936668642780392,0.3346077160473518
24647,0.6186904761904761,0,1,0,504492,101118,57106,50850,0.9366593797473045,0.33460991787744787
24648,0.6187142857142857,0,3,0,504495,101115,57106,50850,0.9366315906480418,0.334616523541605
24649,0.6187142857142858,0,2,0,504497,101113,57106,50850,0.9366130645818667,0.334620927462606
24650,0.6187499999999999,1,1,1,504498,101112,57107,50849,0.9366038015487791,0.33461875086370846
24651,0.61875,4,9,4,504507,101103,57111,50845,0.9365204342509912,0.3346210545713007
24652,0.6187500000000001,0,3,0,504510,101100,57111,50845,0.9364926451517285,0.33462766132482147
24653,0.6187619047619048,0,1,0,504511,101099,57111,50845,0.9364833821186409,0.3346298636339704
24654,0.6187777777777778,1,0,1,504511,101099,57112,50844,0.9364833821186409,0.33462548455670876
24655,0.6188015873015873,0,1,0,504512,101098,57112,50844,0.9364741190855533,0.3346276868805202
24656,0.6188095238095238,0,2,0,504514,101096,57112,50844,0.9364555930193783,0.3346320916151112
24657,0.6188095238095239,0,2,0,504516,101094,57112,50844,0.9364370669532032,0.3346364964656636
24658,0.6188333333333332,0,4,0,504520,101090,57112,50844,0.9364000148208529,0.33464530651467084
24659,0.6188333333333333,3,5,3,504525,101085,57115,50841,0.9363536996554152,0.334643181548912
24660,0.6188571428571429,0,2,0,504527,101083,57115,50841,0.93633517358924,0.3346475869513704
24661,0.6188809523809524,0,1,0,504528,101082,57115,50841,0.9363259105561526,0.33464978969609604
24662,0.6188888888888888,0,1,0,504529,101081,57115,50841,0.936316647523065,0.33465199246982
24663,0.6189285714285714,0,2,0,504531,101079,57115,50841,0.9362981214568898,0.3346563981042654
24664,0.6189523809523809,1,1,1,504532,101078,57116,50840,0.9362888584238023,0.334654221356258
24665,0.6189999999999999,1,3,1,504535,101075,57117,50839,0.9362610693245397,0.33465645036007213
24666,0.619,4,36,4,504571,101039,57121,50835,0.9359276001333877,0.3347182532889105
24667,0.6190000000000001,1,2,1,504573,101037,57122,50834,0.9359090740672126,0.3347182806460746
24668,0.619047619047619,0,4,0,504577,101033,57122,50834,0.9358720219348623,0.33472709673595974
24669,0.6190476190476191,0,3,0,504580,101030,57122,50834,0.9358442328355997,0.3347337091081494
24670,0.6190555555555556,0,1,0,504581,101029,57122,50834,0.9358349698025121,0.3347359132902682
24671,0.619095238095238,0,2,0,504583,101027,57122,50834,0.935816443736337,0.33474032174159263
24672,0.6191111111111112,0,1,0,504584,101026,57122,50834,0.9358071807032494,0.3347425260107994
24673,0.6191150793650793,0,1,0,504585,101025,57122,50834,0.935797917670162,0.3347447303090367
24674,0.6191428571428572,1,0,1,504585,101025,57123,50833,0.935797917670162,0.33474034953706755
24675,0.6191666666666665,0,3,0,504588,101022,57123,50833,0.9357701285708993,0.33474696256297126
24676,0.6191666666666666,21,52,21,504640,100970,57144,50812,0.9352884508503464,0.3347696037738335
24677,0.6191666666666668,5,37,5,504677,100933,57149,50807,0.934945718626107,0.3348293132990642
24678,0.6192074314574315,0,1,0,504678,100932,57149,50807,0.9349364555930194,0.3348315199124813
24679,0.6192142857142857,0,1,0,504679,100931,57149,50807,0.9349271925599318,0.33483372655498295
24680,0.6192380952380953,1,0,1,504679,100931,57150,50806,0.9349271925599318,0.33482934287616073
24681,0.61925,0,1,0,504680,100930,57150,50806,0.9349179295268443,0.3348315495334001
24682,0.6192500000000001,0,1,0,504681,100929,57150,50806,0.9349086664937567,0.33483375621972516
24683,0.6192738095238095,1,0,1,504681,100929,57151,50805,0.9349086664937567,0.33482937245442684
24684,0.6192857142857143,2,4,2,504685,100925,57153,50803,0.9348716143614065,0.334829431614468
24685,0.6193333333333333,0,14,0,504699,100911,57153,50803,0.9347419318981808,0.33486032930382165
24686,0.6193333333333334,12,18,12,504717,100893,57165,50791,0.9345751973026047,0.3348474460061707
24687,0.6193571428571427,0,1,0,504718,100892,57165,50791,0.9345659342695172,0.3348496535537931
24688,0.6194047619047619,1,1,1,504719,100891,57166,50790,0.9345566712364296,0.33484747595282205
24689,0.6194166666666666,0,1,0,504720,100890,57166,50790,0.9345474082033421,0.3348496835443038
24690,0.6194444444444445,1,1,1,504721,100889,57167,50789,0.9345381451702546,0.334847505900658
24691,0.619452380952381,0,1,0,504722,100888,57167,50789,0.934528882137167,0.33484971353600085
24692,0.6194642857142857,0,3,0,504725,100885,57167,50789,0.9345010930379043,0.33485633661669106
24693,0.6194761904761904,1,0,1,504725,100885,57168,50788,0.9345010930379043,0.3348519512372011
24694,0.6194761904761905,0,1,0,504726,100884,57168,50788,0.9344918300048167,0.33485415897462945
24695,0.6194999999999999,0,2,0,504728,100882,57168,50788,0.9344733039386417,0.3348585745368234
24696,0.6195,2,6,2,504734,100876,57170,50786,0.9344177257401164,0.3348630507312313
24697,0.6195238095238095,1,3,1,504737,100873,57171,50785,0.9343899366408537,0.3348652890055256
24698,0.619547619047619,0,1,0,504738,100872,57171,50785,0.9343806736077661,0.3348674970492625
24699,0.6195555555555555,0,1,0,504739,100871,57171,50785,0.9343714105746785,0.3348697051221185
24700,0.6195714285714286,0,1,0,504740,100870,57171,50785,0.934362147541591,0.33487191322409415
24701,0.6195833333333334,2,0,2,504740,100870,57173,50783,0.934362147541591,0.3348631415138507
24702,0.6196349206349204,0,3,0,504743,100867,57173,50783,0.9343343584423284,0.33486976590834155
24703,0.6196428571428572,0,3,0,504746,100864,57173,50783,0.9343065693430657,0.3348763905649304
24704,0.6196666666666666,1,9,1,504755,100855,57174,50782,0.9342232020452778,0.3348918799501441
24705,0.6196666666666667,2,8,2,504763,100847,57176,50780,0.9341490977805773,0.3349007762469745
24706,0.6196904761904761,1,0,1,504763,100847,57177,50779,0.9341490977805773,0.33489638980122144
24707,0.6197142857142857,0,1,0,504764,100846,57177,50779,0.9341398347474897,0.33489859851607584
24708,0.6197619047619047,1,1,1,504765,100845,57178,50778,0.9341305717144022,0.334896420727726
24709,0.6197878787878789,1,0,1,504765,100845,57179,50777,0.9341305717144022,0.3348920341375262
24710,0.6198333333333332,0,9,0,504774,100836,57179,50777,0.9340472044166142,0.33491191388601244
24711,0.6198333333333333,2,10,2,504784,100826,57181,50775,0.9339545740857387,0.3349252313639092
24712,0.6198333333333335,0,1,0,504785,100825,57181,50775,0.9339453110526511,0.33492744063324537
24713,0.6198452380952381,0,2,0,504787,100823,57181,50775,0.933926784986476,0.334931859259357
24714,0.619857142857143,2,0,2,504787,100823,57183,50773,0.933926784986476,0.33492308504182167
24715,0.6198888888888888,0,1,0,504788,100822,57183,50773,0.9339175219533884,0.33492529436986707
24716,0.6198968253968256,1,0,1,504788,100822,57184,50772,0.9339175219533884,0.33492090715991396
24717,0.6199166666666667,0,1,0,504789,100821,57184,50772,0.9339082589203008,0.33492311650274087
24718,0.6199444444444446,0,3,0,504792,100818,57184,50772,0.9338804698210382,0.3349297447061152
24719,0.6199476911976912,0,1,0,504793,100817,57184,50772,0.9338712067879507,0.3349319541655397
24720,0.619984126984127,1,1,1,504794,100816,57185,50771,0.9338619437548631,0.33492977630007853
24721,0.6199999999999999,8,17,8,504811,100799,57193,50763,0.9337044721923746,0.33493223895171614
24722,0.62,611,1835,611,506646,98964,57804,50152,0.9167068064767128,0.3363287641835886
24723,0.6200000000000001,6,21,6,506667,98943,57810,50146,0.9165122827818741,0.3363494288646379
24724,0.6200238095238096,0,1,0,506668,98942,57810,50146,0.9165030197487866,0.3363516849109251
24725,0.6200681818181818,0,1,0,506669,98941,57810,50146,0.916493756715699,0.3363539409874771
24726,0.620095238095238,1,0,1,506669,98941,57811,50145,0.916493756715699,0.33634948955636346
24727,0.6201190476190477,1,3,1,506672,98938,57812,50144,0.9164659676164363,0.33635180638843054
24728,0.6201309523809523,0,1,0,506673,98937,57812,50144,0.9164567045833488,0.3363540625565967
24729,0.6201428571428572,1,0,1,506673,98937,57813,50143,0.9164567045833488,0.3363496109471425
24730,0.6201666666666665,0,1,0,506674,98936,57813,50143,0.9164474415502613,0.3363518671308501
24731,0.6201666666666666,2,8,2,506682,98928,57815,50141,0.9163733372855608,0.3363610140270613
24732,0.6201666666666668,1,1,1,506683,98927,57816,50140,0.9163640742524732,0.33635881851784766
24733,0.6202222222222222,0,1,0,506684,98926,57816,50140,0.9163548112193857,0.33636107496008477
24734,0.6202380952380951,0,2,0,506686,98924,57816,50140,0.9163362851532105,0.33636558793538346
24735,0.6202380952380953,0,2,0,506688,98922,57816,50140,0.9163177590870355,0.33637010103178544
24736,0.62025,1,1,1,506689,98921,57817,50139,0.9163084960539479,0.33636790554139273
24737,0.6202500000000001,0,2,0,506691,98919,57817,50139,0.9162899699877728,0.3363724187900012
24738,0.6202857142857142,0,1,0,506692,98918,57817,50139,0.9162807069546852,0.33637467545972344
24739,0.6202857142857143,2,1,2,506693,98917,57819,50137,0.9162714439215977,0.336368027694661
24740,0.6203095238095238,1,0,1,506693,98917,57820,50136,0.9162714439215977,0.3363635753725185
24741,0.6203134920634921,0,2,0,506695,98915,57820,50136,0.9162529178554226,0.3363680887749831
24742,0.6203253968253968,0,1,0,506696,98914,57820,50136,0.916243654822335,0.336370345521637
24743,0.6203333333333332,1,1,1,506697,98913,57821,50135,0.9162343917892475,0.3363681498577639
24744,0.6203333333333333,2,8,2,506705,98905,57823,50133,0.916160287524547,0.3363772997490573
24745,0.6203333333333334,2,5,2,506710,98900,57825,50131,0.9161139723591093,0.336379679395562
24746,0.6203571428571428,1,5,1,506715,98895,57826,50130,0.9160676571936714,0.33638651233014594
24747,0.6204166666666666,1,0,1,506715,98895,57827,50129,0.9160676571936714,0.33638205926562165
24748,0.6204166666666667,0,2,0,506717,98893,57827,50129,0.9160491311274964,0.3363865737944733
24749,0.6204285714285713,1,1,1,506718,98892,57828,50128,0.9160398680944088,0.3363843779358475
24750,0.6204444444444445,0,1,0,506719,98891,57828,50128,0.9160306050613213,0.33638663526127544
24751,0.620452380952381,1,0,1,506719,98891,57829,50127,0.9160306050613213,0.3363821820182797
24752,0.6204761904761905,0,3,0,506722,98888,57829,50127,0.9160028159620586,0.3363889541321343
24753,0.6204999999999999,4,14,4,506736,98874,57833,50123,0.9158731334988328,0.33640274636402073
24754,0.6205,0,4,0,506740,98870,57833,50123,0.9158360813664826,0.33641177773452446
24755,0.620531746031746,1,1,1,506741,98869,57834,50122,0.9158268183333951,0.33640958178681934
24756,0.620547619047619,0,1,0,506742,98868,57834,50122,0.9158175553003075,0.33641183972078664
24757,0.6205555555555554,0,1,0,506743,98867,57834,50122,0.9158082922672199,0.336414097685064
24758,0.6205555555555555,1,2,1,506745,98865,57835,50121,0.9157897662010449,0.33641415971970523
24759,0.6205714285714286,0,1,0,506746,98864,57835,50121,0.9157805031679573,0.3364164177601772
24760,0.6205792908072317,2,5,2,506751,98859,57837,50119,0.9157341880025196,0.33641880009128866
24761,0.6205952380952381,0,1,0,506752,98858,57837,50119,0.915724924969432,0.3364210582841647
24762,0.6205952380952382,0,1,0,506753,98857,57837,50119,0.9157156619363445,0.3364233165073569
24763,0.620607142857143,0,1,0,506754,98856,57837,50119,0.9157063989032569,0.33642557476086593
24764,0.6206190476190476,0,1,0,506755,98855,57837,50119,0.9156971358701693,0.33642783304469237
24765,0.6206666666666666,5,15,5,506770,98840,57842,50114,0.915558190373856,0.33643943767874646
24766,0.6206666666666667,1,4,1,506774,98836,57843,50113,0.9155211382415058,0.3364440177510423
24767,0.6207142857142857,2,8,2,506782,98828,57845,50111,0.9154470339768054,0.3364531788181739
24768,0.6207142857142858,2,2,2,506784,98826,57847,50109,0.9154285079106302,0.3364487863833216
24769,0.6207261904761906,0,1,0,506785,98825,57847,50109,0.9154192448775427,0.3364510454295191
24770,0.6207380952380953,1,0,1,506785,98825,57848,50108,0.9154192448775427,0.33644659007741734
24771,0.62075,1,1,1,506786,98824,57849,50107,0.9154099818444551,0.3364443937125246
24772,0.6207637085137085,0,1,0,506787,98823,57849,50107,0.9154007188113676,0.33644665278990127
24773,0.6208095238095238,0,1,0,506788,98822,57849,50107,0.9153914557782801,0.33644891189761567
24774,0.6208333333333332,10,25,10,506813,98797,57859,50097,0.9151598799510912,0.33646083791153436
24775,0.6208333333333333,15,37,15,506850,98760,57874,50082,0.9148171477268516,0.3364776071270206
24776,0.6208333333333335,0,2,0,506852,98758,57874,50082,0.9147986216606766,0.3364821284600914
24777,0.6208888888888889,0,1,0,506853,98757,57874,50082,0.914789358627589,0.33648438917219275
24778,0.6209166666666666,0,1,0,506854,98756,57874,50082,0.9147800955945015,0.3364866499146723
24779,0.6209404761904761,0,1,0,506855,98755,57874,50082,0.9147708325614139,0.3364889106875307
24780,0.6209523809523809,0,2,0,506857,98753,57874,50082,0.9147523064952388,0.33649343232438605
24781,0.620952380952381,0,2,0,506859,98751,57874,50082,0.9147337804290637,0.3364979540827639
24782,0.6209761904761905,0,1,0,506860,98750,57874,50082,0.9147245173959762,0.33650021500752525
24783,0.621,13,49,13,506909,98701,57887,50069,0.914270628774686,0.3365530684949923
24784,0.6210000000000001,0,1,0,506910,98700,57887,50069,0.9142613657415984,0.3365553307476692
24785,0.6210238095238094,0,1,0,506911,98699,57887,50069,0.9142521027085109,0.33655759303075933
24786,0.6210555555555556,0,1,0,506912,98698,57887,50069,0.9142428396754233,0.3365598553442632
24787,0.6210714285714286,1,2,1,506914,98696,57888,50068,0.9142243136092482,0.3365599204108521
24788,0.6211111111111111,0,1,0,506915,98695,57888,50068,0.9142150505761607,0.33656218280083083
24789,0.6211190476190476,0,2,0,506917,98693,57888,50068,0.9141965245099856,0.3365667076720377
24790,0.6211428571428571,1,0,1,506917,98693,57889,50067,0.9141965245099856,0.3365622479161065
24791,0.6211666666666666,2,12,2,506929,98681,57891,50065,0.914085368112935,0.3365804794750783
24792,0.6211666666666668,0,1,0,506930,98680,57891,50065,0.9140761050798474,0.3365827422770513
24793,0.6211904761904762,0,5,0,506935,98675,57891,50065,0.9140297899144095,0.3365940567433105
24794,0.6211904761904763,0,1,0,506936,98674,57891,50065,0.9140205268813221,0.3365963197278454
24795,0.6212182539682539,0,1,0,506937,98673,57891,50065,0.9140112638482345,0.3365985827428095
24796,0.6212380952380951,0,1,0,506938,98672,57891,50065,0.9140020008151469,0.3366008457882033
24797,0.6212380952380953,0,1,0,506939,98671,57891,50065,0.9139927377820594,0.33660310886402756
24798,0.62125,1,4,1,506943,98667,57892,50064,0.9139556856497092,0.33660770115174377
24799,0.6212751970251971,0,4,0,506947,98663,57892,50064,0.9139186335173589,0.33661675418720205
24800,0.6212857142857142,1,0,1,506947,98663,57893,50063,0.9139186335173589,0.33661229374823504
24801,0.6212857142857143,0,1,0,506948,98662,57893,50063,0.9139093704842713,0.33661455706841487
24802,0.6212976190476192,0,1,0,506949,98661,57893,50063,0.9139001074511838,0.33661682041903124
24803,0.6213055555555556,1,0,1,506949,98661,57894,50062,0.9139001074511838,0.33661235989053473
24804,0.6213095238095238,0,1,0,506950,98660,57894,50062,0.9138908444180963,0.33661462325681474
24805,0.6213095238095239,1,0,1,506950,98660,57895,50061,0.9138908444180963,0.33661016265355936
24806,0.6213333333333333,4,16,4,506966,98644,57899,50057,0.9137426358886954,0.33662853645906887
24807,0.6213333333333334,1,2,1,506968,98642,57900,50056,0.9137241098225203,0.3366286029401875
24808,0.6213333333333335,1,0,1,506968,98642,57901,50055,0.9137241098225203,0.3366241417109962
24809,0.6213571428571428,0,2,0,506970,98640,57901,50055,0.9137055837563451,0.3366286694239887
24810,0.6214166666666666,0,5,0,506975,98635,57901,50055,0.9136592685909074,0.33663998923935706
24811,0.621424603174603,0,1,0,506976,98634,57901,50055,0.9136500055578198,0.3366422532937877
24812,0.6214285714285714,0,2,0,506978,98632,57901,50055,0.9136314794916447,0.3366467814940109
24813,0.6214999999999999,4,21,4,506999,98611,57905,50051,0.9134369557968061,0.3366764876027499
24814,0.6215,1,0,1,506999,98611,57906,50050,0.9134369557968061,0.33667202561532616
24815,0.6215238095238094,0,2,0,507001,98609,57906,50050,0.913418429730631,0.33667655506898336
24816,0.6215238095238095,0,3,0,507004,98606,57906,50050,0.9133906406313683,0.33668334947798945
24817,0.621547619047619,2,0,2,507004,98606,57908,50048,0.9133906406313683,0.33667442517523916
24818,0.6216060606060605,0,1,0,507005,98605,57908,50048,0.9133813775982808,0.3366766900096197
24819,0.6216190476190476,1,1,1,507006,98604,57909,50047,0.9133721145651932,0.33667449260348065
24820,0.6216666666666666,36,136,36,507142,98468,57945,50011,0.9121123420652859,0.3368220421743142
24821,0.6216666666666667,19,67,19,507209,98401,57964,49992,0.9114917188484197,0.3368892063641816
24822,0.6216666666666668,0,1,0,507210,98400,57964,49992,0.9114824558153322,0.3368914766294679
24823,0.6217142857142858,0,1,0,507211,98399,57964,49992,0.9114731927822446,0.3368937469253526
24824,0.62175,0,1,0,507212,98398,57964,49992,0.911463929749157,0.3368960172518364
24825,0.6217857142857143,1,3,1,507215,98395,57965,49991,0.9114361406498944,0.3368983596835281
24826,0.6217857142857144,0,1,0,507216,98394,57965,49991,0.9114268776168069,0.33690063011759946
24827,0.6218095238095238,1,2,1,507218,98392,57966,49990,0.9114083515506317,0.33690070224151175
24828,0.6218333333333333,1,12,1,507230,98380,57967,49989,0.9112971951535811,0.3369234813202219
24829,0.6218571428571429,0,2,0,507232,98378,57967,49989,0.911278669087406,0.33692802307790815
24830,0.6218809523809523,0,3,0,507235,98375,57967,49989,0.9112508799881434,0.33693483594402956
24831,0.6219047619047618,0,1,0,507236,98374,57967,49989,0.9112416169550558,0.33693710696063034
24832,0.622,12,54,12,507290,98320,57979,49977,0.9107414131683278,0.3370061430777426
24833,0.6220238095238095,0,1,0,507291,98319,57979,49977,0.9107321501352403,0.33700841560122996
24834,0.622031746031746,0,1,0,507292,98318,57979,49977,0.9107228871021528,0.337010688155366
24835,0.6220357142857142,0,1,0,507293,98317,57979,49977,0.9107136240690652,0.3370129607401513
24836,0.6220476190476191,0,3,0,507296,98314,57979,49977,0.9106858349698025,0.3370197786784093
24837,0.6220833333333333,0,1,0,507297,98313,57979,49977,0.9106765719367149,0.3370220513857981
24838,0.622095238095238,0,1,0,507298,98312,57979,49977,0.9106673089036273,0.33702432412383926
24839,0.6220952380952381,0,1,0,507299,98311,57979,49977,0.9106580458705399,0.33702659689253345
24840,0.622107142857143,0,2,0,507301,98309,57979,49977,0.9106395198043647,0.3370311425218834
24841,0.6221190476190477,0,1,0,507302,98308,57979,49977,0.9106302567712772,0.3370334153825404
24842,0.6221428571428571,2,2,2,507304,98306,57981,49975,0.910611730705102,0.3370290192270082
24843,0.6221666666666666,4,14,4,507318,98292,57985,49971,0.9104820482418763,0.33704295744723906
24844,0.6221666666666668,0,1,0,507319,98291,57985,49971,0.9104727852087887,0.33704523074017617
24845,0.6221904761904762,0,1,0,507320,98290,57985,49971,0.9104635221757013,0.3370475040637794
24846,0.6222142857142857,2,0,2,507320,98290,57987,49969,0.9104635221757013,0.33703856089680895
24847,0.6222301587301586,0,1,0,507321,98289,57987,49969,0.9104542591426137,0.33704083422142483
24848,0.62225,0,5,0,507326,98284,57987,49969,0.9104079439771758,0.33705220130452673
24849,0.6222857142857143,0,1,0,507327,98283,57987,49969,0.9103986809440884,0.337054474813156
24850,0.6223095238095238,1,0,1,507327,98283,57988,49968,0.9103986809440884,0.3370500030353927
24851,0.6223333333333332,0,1,0,507328,98282,57988,49968,0.9103894179110008,0.3370522765598651
24852,0.6223333333333333,1,30,1,507358,98252,57989,49967,0.9101115269183742,0.337116024261397
24853,0.6223333333333334,0,1,0,507359,98251,57989,49967,0.9101022638852866,0.3371182987221525
24854,0.6223809523809524,1,4,1,507363,98247,57990,49966,0.9100652117529364,0.33712292443982644
24855,0.6224166666666666,0,1,0,507364,98246,57990,49966,0.9100559487198489,0.3371251990392141
24856,0.6224285714285714,0,1,0,507365,98245,57990,49966,0.9100466856867613,0.3371274736692958
24857,0.6224545454545455,0,1,0,507366,98244,57990,49966,0.9100374226536737,0.3371297483300722
24858,0.6224880952380952,0,1,0,507367,98243,57990,49966,0.9100281596205861,0.3371320230215439
24859,0.6224960317460317,1,0,1,507367,98243,57991,49965,0.9100281596205861,0.3371275504696103
24860,0.6224999999999999,2,10,2,507377,98233,57993,49963,0.9099355292897107,0.33714135334287026
24861,0.6225,63,184,63,507561,98049,58056,49900,0.9082311312016007,0.33727838647101366
24862,0.6225000000000002,1,0,1,507561,98049,58057,49899,0.9082311312016007,0.3372739070484224
24863,0.622531746031746,0,1,0,507562,98048,58057,49899,0.9082218681685131,0.3372761867425497
24864,0.6226190476190476,0,4,0,507566,98044,58057,49899,0.9081848160361629,0.33728530582724425
24865,0.6226428571428572,0,1,0,507567,98043,58057,49899,0.9081755530030753,0.3372875856754674
24866,0.6226666666666667,7,33,7,507600,98010,58064,49892,0.907869872911186,0.3373314762477857
24867,0.6227380952380952,0,2,0,507602,98008,58064,49892,0.9078513468450109,0.33733603786342126
24868,0.6227451437451436,1,1,1,507603,98007,58065,49891,0.9078420838119233,0.33733383818577667
24869,0.62275,0,4,0,507607,98003,58065,49891,0.9078050316795732,0.3373429618510555
24870,0.6227777777777778,1,1,1,507608,98002,58066,49890,0.9077957686464856,0.33734076217780545
24871,0.6227857142857143,0,1,0,507609,98001,58066,49890,0.907786505613398,0.3373430431872122
24872,0.6228095238095238,0,2,0,507611,97999,58066,49890,0.907767979547223,0.3373476052985685
24873,0.6228333333333332,0,1,0,507612,97998,58066,49890,0.9077587165141354,0.3373498864005193
24874,0.6228333333333333,1,17,1,507629,97981,58067,49889,0.907601244951647,0.3373841888144992
24875,0.6228333333333336,0,3,0,507632,97978,58067,49889,0.9075734558523844,0.33739103383445934
24876,0.6228571428571428,0,2,0,507634,97976,58067,49889,0.9075549297862092,0.3373955973354073
24877,0.6228571428571429,1,5,1,507639,97971,58068,49888,0.9075086146207714,0.3374025253789083
24878,0.6228665223665223,0,5,0,507644,97966,58068,49888,0.9074622994553336,0.3374139353686745
24879,0.6229166666666667,0,6,0,507650,97960,58068,49888,0.9074067212568083,0.33742762837508794
24880,0.6229285714285714,0,1,0,507651,97959,58068,49888,0.9073974582237208,0.3374299106508756
24881,0.622952380952381,0,1,0,507652,97958,58068,49888,0.9073881951906332,0.3374321929575369
24882,0.6229761904761905,0,4,0,507656,97954,58068,49888,0.907351143058283,0.33744132249293163
24883,0.6229999999999999,2,1,2,507657,97953,58070,49886,0.9073418800251954,0.3374346417386481
24884,0.623,7,38,7,507695,97915,58077,49879,0.9069898847678683,0.3374900198925532
24885,0.6230555555555556,2,0,2,507695,97915,58079,49877,0.9069898847678683,0.3374810544549096
24886,0.6230714285714285,0,1,0,507696,97914,58079,49877,0.9069806217347809,0.33748333795697977
24887,0.6231428571428572,0,1,0,507697,97913,58079,49877,0.9069713587016933,0.337485621489952
24888,0.6231666666666666,5,9,5,507706,97904,58084,49872,0.9068879914039053,0.33748375920311824
24889,0.6231666666666668,1,0,1,507706,97904,58085,49871,0.9068879914039053,0.3374792759262392
24890,0.6231764069264067,1,1,1,507707,97903,58086,49870,0.9068787283708177,0.33747707632652785
24891,0.6232142857142857,2,2,2,507709,97901,58088,49868,0.9068602023046426,0.3374726769484804
24892,0.6232619047619048,1,2,1,507711,97899,58089,49867,0.9068416762384676,0.3374727609869659
24893,0.6232738095238095,0,1,0,507712,97898,58089,49867,0.90683241320538,0.33747504483470375
24894,0.6232857142857143,0,1,0,507713,97897,58089,49867,0.9068231501722924,0.33747732871335373
24895,0.6233253968253967,0,1,0,507714,97896,58089,49867,0.9068138871392049,0.3374796126229164
24896,0.6233333333333333,48,148,48,507862,97748,58137,49819,0.9054429582422469,0.3376025805227456
24897,0.6233333333333334,61,186,61,508048,97562,58198,49758,0.9037200340879618,0.33775454792288895
24898,0.6233571428571428,0,1,0,508049,97561,58198,49758,0.9037107710548742,0.3377568405976147
24899,0.6233809523809524,0,2,0,508051,97559,58198,49758,0.903692244988699,0.3377614260404434
24900,0.623452380952381,0,2,0,508053,97557,58198,49758,0.903673718922524,0.33776601160777925
24901,0.6234999999999998,0,2,0,508055,97555,58198,49758,0.9036551928563489,0.33777059729962733
24902,0.6234999999999999,0,3,0,508058,97552,58198,49758,0.9036274037570862,0.33777747607087094
24903,0.6235,6,23,6,508081,97529,58204,49752,0.9034143539960725,0.337803246854652
24904,0.6235555555555555,0,2,0,508083,97527,58204,49752,0.9033958279298974,0.33780783411076937
24905,0.6235714285714286,0,3,0,508086,97524,58204,49752,0.9033680388306347,0.3378147152285505
24906,0.6235714285714287,1,2,1,508088,97522,58205,49751,0.9033495127644596,0.3378148065157904
24907,0.6236190476190476,0,2,0,508090,97520,58205,49751,0.9033309866982845,0.3378193941780799
24908,0.6236428571428572,0,1,0,508091,97519,58205,49751,0.9033217236651969,0.33782168805595164
24909,0.62366341991342,0,1,0,508092,97518,58205,49751,0.9033124606321093,0.33782398196497565
24910,0.6236666666666666,0,1,0,508093,97517,58205,49751,0.9033031975990218,0.3378262759051525
24911,0.6236666666666667,6,23,6,508116,97494,58211,49745,0.9030901478380081,0.337852063651614
24912,0.6236904761904761,1,1,1,508117,97493,58212,49744,0.9030808848049205,0.3378498611082812
24913,0.6236904761904762,0,1,0,508118,97492,58212,49744,0.903071621771833,0.3378521557227852
24914,0.6237142857142858,0,2,0,508120,97490,58212,49744,0.9030530957056578,0.33785674504530205
24915,0.6237222222222223,0,2,0,508122,97488,58212,49744,0.9030345696394827,0.3378613344925016
24916,0.62375,0,4,0,508126,97484,58212,49744,0.9029975175071325,0.3378705137609694
24917,0.6238095238095238,0,3,0,508129,97481,58212,49744,0.9029697284078698,0.3378773985396502
24918,0.6238253968253968,0,3,0,508132,97478,58212,49744,0.9029419393086072,0.33788428359891864
24919,0.6238333333333332,0,1,0,508133,97477,58212,49744,0.9029326762755197,0.33788657868103056
24920,0.6238333333333334,0,10,0,508143,97467,58212,49744,0.9028400459446441,0.33790953121709655
24921,0.6238452380952382,0,1,0,508144,97466,58212,49744,0.9028307829115566,0.3379118266422118
24922,0.6238571428571429,0,2,0,508146,97464,58212,49744,0.9028122568453815,0.3379164175860008
24923,0.623876984126984,1,0,1,508146,97464,58213,49743,0.9028122568453815,0.3379119199494589
24924,0.6238769841269841,1,0,1,508146,97464,58214,49742,0.9028122568453815,0.33790742225181036
24925,0.6239999999999999,0,4,0,508150,97460,58214,49742,0.9027752047130312,0.33791660439396204
24926,0.624,20,67,20,508217,97393,58234,49722,0.9021545814961651,0.3379804914522652
24927,0.6240000000000001,0,1,0,508218,97392,58234,49722,0.9021453184630776,0.3379827888576206
24928,0.6240329670329671,1,0,1,508218,97392,58235,49721,0.9021453184630776,0.3379782887984067
24929,0.624047619047619,0,1,0,508219,97391,58235,49721,0.90213605542999,0.33798058622002286
24930,0.6240476190476191,2,2,2,508221,97389,58237,49719,0.9021175293638148,0.3379761807651521
24931,0.6240833333333332,0,1,0,508222,97388,58237,49719,0.9021082663307274,0.3379784782505251
24932,0.6240833333333333,0,1,0,508223,97387,58237,49719,0.9020990032976398,0.3379807757671339
24933,0.6240952380952381,0,1,0,508224,97386,58237,49719,0.9020897402645522,0.3379830733149791
24934,0.6241190476190476,0,1,0,508225,97385,58237,49719,0.9020804772314647,0.33798537089406133
24935,0.6241428571428571,1,1,1,508226,97384,58238,49718,0.9020712141983771,0.33798316814183355
24936,0.6241471306471307,0,3,0,508229,97381,58238,49718,0.9020434250991145,0.3379900611153033
24937,0.6241666666666665,0,5,0,508234,97376,58238,49718,0.9019971099336767,0.338001550029233
24938,0.6241666666666666,13,66,13,508300,97310,58251,49705,0.9013857497498982,0.33809475223616636
24939,0.6241666666666668,11,19,11,508319,97291,58262,49694,0.9012097521212346,0.3380889206381604
24940,0.6241904761904763,0,1,0,508320,97290,58262,49694,0.901200489088147,0.33809122081314974
24941,0.6242857142857142,0,1,0,508321,97289,58262,49694,0.9011912260550594,0.3380935210194376
24942,0.6242857142857143,3,3,3,508324,97286,58265,49691,0.9011634369557968,0.33808691155759063
24943,0.6242936507936506,0,4,0,508328,97282,58265,49691,0.9011263848234465,0.33809611289148345
24944,0.6243333333333332,0,3,0,508331,97279,58265,49691,0.9010985957241839,0.33810301422058925
24945,0.6243333333333333,0,10,0,508341,97269,58265,49691,0.9010059653933084,0.3381260206859009
24946,0.6243333333333334,7,16,7,508357,97253,58272,49684,0.9008577568639076,0.33813130797552693
24947,0.6244166666666667,0,2,0,508359,97251,58272,49684,0.9008392307977324,0.3381359104365876
24948,0.6244285714285714,0,3,0,508362,97248,58272,49684,0.9008114416984697,0.3381428143631067
24949,0.6244444444444445,1,1,1,508363,97247,58273,49683,0.9008021786653821,0.3381406111753896
24950,0.6244523809523809,0,1,0,508364,97246,58273,49683,0.9007929156322947,0.33814291256321083
24951,0.624452380952381,0,2,0,508366,97244,58273,49683,0.9007743895661195,0.338147515432834
24952,0.6244761904761905,0,1,0,508367,97243,58273,49683,0.900765126533032,0.3381498169146373
24953,0.6244999999999999,1,2,1,508369,97241,58274,49682,0.9007466004668568,0.3381499152617357
24954,0.6245,5,9,5,508378,97232,58279,49677,0.9006632331690689,0.3381481052896691
24955,0.624525641025641,0,1,0,508379,97231,58279,49677,0.9006539701359814,0.3381504070574782
24956,0.624547619047619,0,1,0,508380,97230,58279,49677,0.9006447071028938,0.3381527088566236
24957,0.624568376068376,0,1,0,508381,97229,58279,49677,0.9006354440698062,0.338155010687106
24958,0.6245833333333333,0,3,0,508384,97226,58279,49677,0.9006076549705435,0.33816191636658205
24959,0.6245833333333334,0,2,0,508386,97224,58279,49677,0.9005891289043685,0.33816652030959626
24960,0.6246666666666666,1,11,1,508397,97213,58280,49676,0.9004872355404053,0.33818733873877554
24961,0.6246666666666667,3,15,3,508412,97198,58283,49673,0.900348290044092,0.3382083597170306
24962,0.6247207792207791,0,1,0,508413,97197,58283,49673,0.9003390270110044,0.33821066249063797
24963,0.6247222222222223,1,0,1,508413,97197,58284,49672,0.9003390270110044,0.338206156506819
24964,0.62475,0,2,0,508415,97195,58284,49672,0.9003205009448294,0.33821076211810686
24965,0.6247619047619049,0,1,0,508416,97194,58284,49672,0.9003112379117418,0.3382130649707897
24966,0.6248253968253968,1,0,1,508416,97194,58285,49671,0.9003112379117418,0.33820855888060464
24967,0.6248333333333332,1,3,1,508419,97191,58286,49670,0.9002834488124791,0.33821096138525547
24968,0.6248333333333334,0,11,0,508430,97180,58286,49670,0.9001815554485161,0.33823629553966633
24969,0.6248333333333335,0,1,0,508431,97179,58286,49670,0.9001722924154285,0.33823859883281465
24970,0.6248809523809524,0,2,0,508433,97177,58286,49670,0.9001537663492534,0.33824320551322123
24971,0.6249047619047619,0,1,0,508434,97176,58286,49670,0.9001445033161658,0.3382455089004808
24972,0.6249166666666668,1,0,1,508434,97176,58287,49669,0.9001445033161658,0.3382410024175151
24973,0.6249285714285714,0,1,0,508435,97175,58287,49669,0.9001352402830783,0.33824330582114354
24974,0.6249444444444444,1,0,1,508435,97175,58288,49668,0.9001352402830783,0.3382387992617966
24975,0.6249999999999999,6,16,6,508451,97159,58294,49662,0.8999870317536774,0.33824861566124736
24976,0.625,213,688,213,509139,96471,58507,49449,0.8936140649894402,0.3388774671052632
24977,0.6250000000000001,1,18,1,509157,96453,58508,49448,0.8934473303938641,0.33891474355898865
24978,0.6250450937950939,0,1,0,509158,96452,58508,49448,0.8934380673607766,0.3389170664838931
24979,0.6250454545454545,0,1,0,509159,96451,58508,49448,0.893428804327689,0.33891938944064043
24980,0.625047619047619,0,1,0,509160,96450,58508,49448,0.8934195412946015,0.33892171242923136
24981,0.6250476190476191,1,0,1,509160,96450,58509,49447,0.8934195412946015,0.3389171812991357
24982,0.6250476190476192,0,1,0,509161,96449,58509,49447,0.893410278261514,0.338919504304436
24983,0.6250616883116882,1,3,1,509164,96446,58510,49446,0.8933824891622513,0.33892194225865707
24984,0.6250714285714285,0,1,0,509165,96445,58510,49446,0.8933732261291637,0.3389242653762055
24985,0.6250793650793651,0,1,0,509166,96444,58510,49446,0.8933639630960761,0.3389265885256015
24986,0.625095238095238,1,1,1,509167,96443,58511,49445,0.8933547000629887,0.33892438034656724
24987,0.6250952380952381,1,1,1,509168,96442,58512,49444,0.8933454370299011,0.33892217210698766
24988,0.6251031746031745,0,1,0,509169,96441,58512,49444,0.8933361739968135,0.33892449532165747
24989,0.6251190476190476,1,1,1,509170,96440,58513,49443,0.893326910963726,0.33892228703824295
24990,0.625142857142857,0,2,0,509172,96438,58513,49443,0.8933083848975508,0.33892693359656156
24991,0.6251428571428571,0,2,0,509174,96436,58513,49443,0.8932898588313758,0.33893158028228876
24992,0.6251666666666665,0,2,0,509176,96434,58513,49443,0.8932713327652007,0.3389362270954297
24993,0.6251666666666666,4,10,4,509186,96424,58517,49439,0.8931787024343251,0.3389413353626348
24994,0.6251666666666668,0,4,0,509190,96420,58517,49439,0.8931416503019749,0.33895063040333473
24995,0.6251904761904762,0,1,0,509191,96419,58517,49439,0.8931323872688873,0.338952954243168
24996,0.6252142857142856,2,0,2,509191,96419,58519,49437,0.8931323872688873,0.33894388986397544
24997,0.6252142857142858,0,1,0,509192,96418,58519,49437,0.8931231242357998,0.33894621370539235
24998,0.6252380952380951,1,0,1,509192,96418,58520,49436,0.8931231242357998,0.33894168140743486
24999,0.6252777777777778,0,2,0,509194,96416,58520,49436,0.8931045981696246,0.33894632915558237
25000,0.6252823753044342,0,1,0,509195,96415,58520,49436,0.8930953351365372,0.33894865307745575
25001,0.6253333333333333,5,17,5,509212,96398,58525,49431,0.8929378635740487,0.3389655006891633
25002,0.6253333333333334,1,8,1,509220,96390,58526,49430,0.8928637593093482,0.33897956384583733
25003,0.6253571428571428,0,1,0,509221,96389,58526,49430,0.8928544962762607,0.3389818885056131
25004,0.62537987012987,0,5,0,509226,96384,58526,49430,0.8928081811108229,0.3389935122827712
25005,0.625388888888889,0,1,0,509227,96383,58526,49430,0.8927989180777354,0.3389958371338632
25006,0.6254090909090909,0,1,0,509228,96382,58526,49430,0.8927896550446478,0.33899816201684363
25007,0.6254166666666666,1,0,1,509228,96382,58527,49429,0.8927896550446478,0.33899362873857253
25008,0.6254206349206349,0,1,0,509229,96381,58527,49429,0.8927803920115602,0.33899595363829643
25009,0.6254285714285714,1,0,1,509229,96381,58528,49428,0.8927803920115602,0.3389914202826986
25010,0.6254444444444445,0,1,0,509230,96380,58528,49428,0.8927711289784727,0.33899374519916603
25011,0.6254560439560439,0,1,0,509231,96379,58528,49428,0.8927618659453852,0.3389960701475238
25012,0.6254761904761905,1,1,1,509232,96378,58529,49427,0.8927526029122976,0.338993861664552
25013,0.6255,1,13,1,509245,96365,58530,49426,0.8926321834821594,0.33901955539093637
25014,0.6255000000000001,0,4,0,509249,96361,58530,49426,0.8925951313498092,0.33902885716833464
25015,0.6255129935424053,0,1,0,509250,96360,58530,49426,0.8925858683167216,0.3390311826924396
25016,0.6255595238095238,1,0,1,509250,96360,58531,49425,0.8925858683167216,0.33902664883218436
25017,0.6255707070707072,0,1,0,509251,96359,58531,49425,0.892576605283634,0.3390289743730451
25018,0.6256071428571428,1,1,1,509252,96358,58532,49424,0.8925673422505466,0.33902676599305814
25019,0.6256547619047619,0,1,0,509253,96357,58532,49424,0.892558079217459,0.3390290915825793
25020,0.6256666666666666,4,10,4,509263,96347,58536,49420,0.8924654488865834,0.3390342121330617
25021,0.6256666666666667,0,8,0,509271,96339,58536,49420,0.892391344621883,0.33905282006599935
25022,0.6256666666666668,0,1,0,509272,96338,58536,49420,0.8923820815887954,0.33905514620123767
25023,0.6256904761904761,0,2,0,509274,96336,58536,49420,0.8923635555226204,0.33905979856746893
25024,0.6257142857142857,1,8,1,509282,96328,58537,49419,0.8922894512579199,0.33907387459090066
25025,0.6257380952380952,1,1,1,509283,96327,58538,49418,0.8922801882248323,0.3390716662664242
25026,0.62575,0,1,0,509284,96326,58538,49418,0.8922709251917448,0.3390739927544187
25027,0.6257738095238095,0,3,0,509287,96323,58538,49418,0.8922431360924821,0.33908097240996016
25028,0.6258333333333332,10,22,10,509309,96301,58548,49408,0.892039349364556,0.33908681001173574
25029,0.6258333333333334,13,49,13,509358,96252,58561,49395,0.8915854607432657,0.33914189787637233
25030,0.6258333333333335,2,1,2,509359,96251,58563,49393,0.8915761977101783,0.33913515146521656
25031,0.6258441558441558,1,0,1,509359,96251,58564,49392,0.8915761977101783,0.3391306138983679
25032,0.6258809523809523,0,1,0,509360,96250,58564,49392,0.8915669346770907,0.33913294242045566
25033,0.625900432900433,0,1,0,509361,96249,58564,49392,0.8915576716440031,0.33913527097451956
25034,0.6259166666666666,0,1,0,509362,96248,58564,49392,0.8915484086109156,0.3391375995605603
25035,0.6259523809523809,0,1,0,509363,96247,58564,49392,0.891539145577828,0.3391399281785785
25036,0.625987012987013,0,1,0,509364,96246,58564,49392,0.8915298825447404,0.33914225682857496
25037,0.6259880952380952,0,4,0,509368,96242,58564,49392,0.8914928304123902,0.3391515717483555
25038,0.6259999999999999,0,2,0,509370,96240,58564,49392,0.8914743043462151,0.33915622940013185
25039,0.626,16,60,16,509430,96180,58580,49376,0.8909185223609619,0.3392233916843002
25040,0.6260000000000001,2,1,2,509431,96179,58582,49374,0.8909092593278743,0.3392166427349488
25041,0.6260674603174603,0,1,0,509432,96178,58582,49374,0.8908999962947868,0.33921897328789713
25042,0.6260714285714286,0,2,0,509434,96176,58582,49374,0.8908814702286116,0.33922363448986603
25043,0.6260833333333333,1,2,1,509436,96174,58583,49373,0.8908629441624365,0.33922375590015597
25044,0.6261190476190477,0,2,0,509438,96172,58583,49373,0.8908444180962615,0.33922841732797415
25045,0.6261666666666666,1,10,1,509448,96162,58584,49372,0.8907517877653859,0.3392471862245249
25046,0.6261666666666668,0,1,0,509449,96161,58584,49372,0.8907425247322983,0.33924951729161085
25047,0.6261904761904762,0,2,0,509451,96159,58584,49372,0.8907239986661233,0.3392541795218888
25048,0.6262142857142856,1,0,1,509451,96159,58585,49371,0.8907239986661233,0.33924963924963925
25049,0.6262380952380951,0,1,0,509452,96158,58585,49371,0.8907147356330357,0.3392519703976527
25050,0.62625,1,2,1,509454,96156,58586,49370,0.8906962095668606,0.3392520924096038
25051,0.6262513875013874,2,4,2,509458,96152,58588,49368,0.8906591574345104,0.33925233644859815
25052,0.6262857142857141,1,0,1,509458,96152,58589,49367,0.8906591574345104,0.33924779582047704
25053,0.6262857142857142,0,2,0,509460,96150,58589,49367,0.8906406313683353,0.339252458475642
25054,0.6263095238095238,0,1,0,509461,96149,58589,49367,0.8906313683352477,0.3392547898512878
25055,0.6263095238095239,1,0,1,509461,96149,58590,49366,0.8906313683352477,0.3392502491152115
25056,0.6263333333333333,6,20,6,509481,96129,58596,49360,0.8904461076734966,0.3392696355050897
25057,0.6263333333333334,1,4,1,509485,96125,58597,49359,0.8904090555411464,0.33927442192955926
25058,0.6263571428571428,0,2,0,509487,96123,58597,49359,0.8903905294749713,0.3392790860725038
25059,0.6263571428571431,0,1,0,509488,96122,58597,49359,0.8903812664418838,0.3392814181920663
25060,0.6263636363636365,0,1,0,509489,96121,58597,49359,0.8903720034087962,0.33928375034368985
25061,0.6264047619047619,0,1,0,509490,96120,58597,49359,0.8903627403757086,0.3392860825273751
25062,0.6264285714285713,0,1,0,509491,96119,58597,49359,0.890353477342621,0.33928841474312266
25063,0.6264285714285714,0,2,0,509493,96117,58597,49359,0.8903349512764459,0.33929307927080754
25064,0.626436507936508,0,2,0,509495,96115,58597,49359,0.8903164252102709,0.3392977439267498
25065,0.6264444444444445,0,1,0,509496,96114,58597,49359,0.8903071621771833,0.33930007630281905
25066,0.6264761904761905,0,1,0,509497,96113,58597,49359,0.8902978991440957,0.3393024087109547
25067,0.6265,5,20,5,509517,96093,58602,49354,0.8901126384823447,0.33932635255453875
25068,0.6265000000000001,0,5,0,509522,96088,58602,49354,0.8900663233169069,0.3393380179040442
25069,0.626547619047619,0,1,0,509523,96087,58602,49354,0.8900570602838194,0.3393403510701934
25070,0.6265873015873016,0,1,0,509524,96086,58602,49354,0.8900477972507318,0.33934268426842684
25071,0.6266111111111112,0,5,0,509529,96081,58602,49354,0.8900014820852941,0.33935435074088083
25072,0.6266190476190476,2,0,2,509529,96081,58604,49352,0.8900014820852941,0.33934526551745475
25073,0.6266666666666666,75,232,75,509761,95849,58679,49277,0.8878524584089814,0.339546325262186
25074,0.6266666666666667,39,114,39,509875,95735,58718,49238,0.8867964726370002,0.3396356562946204
25075,0.6266785714285715,0,1,0,509876,95734,58718,49238,0.8867872096039127,0.3396379990618878
25076,0.6266904761904761,0,1,0,509877,95733,58718,49238,0.8867779465708252,0.33964034186147574
25077,0.6266904761904762,0,1,0,509878,95732,58718,49238,0.8867686835377376,0.3396426846933848
25078,0.6267142857142857,0,1,0,509879,95731,58718,49238,0.8867594205046501,0.3396450275576158
25079,0.6267261904761905,1,3,1,509882,95728,58719,49237,0.8867316314053874,0.3396475011209602
25080,0.6267500000000001,0,1,0,509883,95727,58719,49237,0.8867223683722998,0.33964984409922466
25081,0.6267619047619047,0,1,0,509884,95726,58719,49237,0.8867131053392123,0.3396521871098142
25082,0.6267619047619049,0,1,0,509885,95725,58719,49237,0.8867038423061248,0.3396545301527297
25083,0.6267738095238095,0,1,0,509886,95724,58719,49237,0.8866945792730372,0.33965687322797167
25084,0.6268333333333332,0,1,0,509887,95723,58719,49237,0.8866853162399496,0.33965921633554086
25085,0.6268333333333334,4,15,4,509902,95708,58723,49233,0.8865463707436363,0.3396761440862144
25086,0.6268571428571428,0,1,0,509903,95707,58723,49233,0.8865371077105487,0.3396784876500621
25087,0.6268809523809523,0,2,0,509905,95705,58723,49233,0.8865185816443736,0.33968317487477406
25088,0.6269047619047619,0,3,0,509908,95702,58723,49233,0.886490792545111,0.33969020595439336
25089,0.6269166666666667,0,2,0,509910,95700,58723,49233,0.8864722664789358,0.33969489350251497
25090,0.6269444444444443,0,1,0,509911,95699,58723,49233,0.8864630034458483,0.3396972373250904
25091,0.6269523809523809,0,1,0,509912,95698,58723,49233,0.8864537404127607,0.3396995811800098
25092,0.6269642857142856,0,1,0,509913,95697,58723,49233,0.8864444773796732,0.33970192506727387
25093,0.626969696969697,0,1,0,509914,95696,58723,49233,0.8864352143465857,0.3397042689868832
25094,0.6269761904761905,0,1,0,509915,95695,58723,49233,0.8864259513134981,0.3397066129388386
25095,0.6269999999999999,0,2,0,509917,95693,58723,49233,0.886407425247323,0.33971130093978996
25096,0.627,3,24,3,509941,95669,58726,49230,0.8861851124532217,0.33975389754242613
25097,0.6270000000000001,0,1,0,509942,95668,58726,49230,0.8861758494201342,0.33975624232218526
25098,0.6270238095238095,0,2,0,509944,95666,58726,49230,0.886157323353959,0.3397609319787986
25099,0.6270833333333333,0,1,0,509945,95665,58726,49230,0.8861480603208715,0.3397632768556541
25100,0.6271062271062271,0,1,0,509946,95664,58726,49230,0.8861387972877839,0.3397656217648764
25101,0.6271111111111112,0,1,0,509947,95663,58726,49230,0.8861295342546963,0.33976796670646614
25102,0.6271212121212122,0,1,0,509948,95662,58726,49230,0.8861202712216089,0.33977031168042404
25103,0.6271309523809524,0,1,0,509949,95661,58726,49230,0.8861110081885213,0.3397726566867507
25104,0.6271428571428571,3,4,3,509953,95657,58729,49227,0.886073956056171,0.33976836641727176
25105,0.6271666666666667,1,2,1,509955,95655,58730,49226,0.886055429989996,0.33976849966524253
25106,0.6271904761904762,0,1,0,509956,95654,58730,49226,0.8860461669569084,0.33977084483710657
25107,0.6272222222222222,1,0,1,509956,95654,58731,49225,0.8860461669569084,0.3397662877297607
25108,0.62725,0,2,0,509958,95652,58731,49225,0.8860276408907333,0.33977097814007745
25109,0.6273095238095238,0,1,0,509959,95651,58731,49225,0.8860183778576457,0.33977332339379884
25110,0.6273095238095239,0,1,0,509960,95650,58731,49225,0.8860091148245581,0.33977566867989645
25111,0.6273333333333333,7,28,7,509988,95622,58738,49218,0.8857497498981066,0.3398094449047225
25112,0.6273409090909091,0,1,0,509989,95621,58738,49218,0.885740486865019,0.339811791023136
25113,0.6273809523809524,1,3,1,509992,95618,58739,49217,0.8857126977657565,0.33981427141229675
25114,0.6273809523809525,0,2,0,509994,95616,58739,49217,0.8856941716995813,0.3398189639101586
25115,0.6274285714285714,0,2,0,509996,95614,58739,49217,0.8856756456334062,0.3398236565376197
25116,0.6274444444444444,0,1,0,509997,95613,58739,49217,0.8856663826003186,0.3398260028999517
25117,0.627469696969697,0,1,0,509998,95612,58739,49217,0.8856571195672311,0.3398283492946855
25118,0.6274761904761905,0,1,0,509999,95611,58739,49217,0.8856478565341436,0.33983069572182173
25119,0.6275,51,195,51,510194,95416,58790,49166,0.8838415650820705,0.34005616190120486
25120,0.6275000000000001,2,4,2,510198,95412,58792,49164,0.8838045129497203,0.3400564409030544
25121,0.6275238095238095,0,1,0,510199,95411,58792,49164,0.8837952499166327,0.34005879301400654
25122,0.6275555555555556,1,0,1,510199,95411,58793,49163,0.8837952499166327,0.3400542282844772
25123,0.6275634920634918,0,3,0,510202,95408,58793,49163,0.88376746081737,0.3400612847666544
25124,0.6275952380952381,0,2,0,510204,95406,58793,49163,0.883748934751195,0.34006598925080755
25125,0.6276190476190474,0,2,0,510206,95404,58793,49163,0.8837304086850198,0.3400706938651283
25126,0.6276190476190476,1,3,1,510209,95401,58794,49162,0.8837026195857571,0.3400731860849595
25127,0.6276666666666666,0,3,0,510212,95398,58794,49162,0.8836748304864945,0.3400802434975097
25128,0.6276666666666667,4,31,4,510243,95367,58798,49158,0.8833876764607803,0.3401349247535029
25129,0.6277222222222222,0,1,0,510244,95366,58798,49158,0.8833784134276927,0.34013727823752454
25130,0.6277261904761905,0,1,0,510245,95365,58798,49158,0.8833691503946052,0.34013963175411527
25131,0.6277380952380952,1,0,1,510245,95365,58799,49157,0.8833691503946052,0.34013506594151754
25132,0.62775,0,2,0,510247,95363,58799,49157,0.8833506243284301,0.34013977304179355
25133,0.6277777777777778,0,1,0,510248,95362,58799,49157,0.8833413612953426,0.3401421266407877
25134,0.6277857142857143,0,1,0,510249,95361,58799,49157,0.883332098262255,0.3401444802723536
25135,0.6278095238095238,0,1,0,510250,95360,58799,49157,0.8833228352291674,0.3401468339364919
25136,0.6278333333333334,4,11,4,510261,95349,58803,49153,0.8832209418652044,0.3401544615299442
25137,0.6278571428571429,2,5,2,510266,95344,58805,49151,0.8831746266997665,0.3401570988615523
25138,0.627904761904762,0,1,0,510267,95343,58805,49151,0.883165363666679,0.3401594529876673
25139,0.6279166666666667,1,2,1,510269,95341,58806,49150,0.8831468376005039,0.34015959471524176
25140,0.627952380952381,0,1,0,510270,95340,58806,49150,0.8831375745674164,0.34016194892380097
25141,0.6279761904761905,1,0,1,510270,95340,58807,49149,0.8831375745674164,0.3401573822228682
25142,0.6279816017316017,0,1,0,510271,95339,58807,49149,0.8831283115343288,0.3401597364487016
25143,0.628,15,52,15,510323,95287,58822,49134,0.882646633813776,0.34021368083588954
25144,0.6280476190476191,0,2,0,510325,95285,58822,49134,0.8826281077476009,0.3402183923168004
25145,0.6280555555555556,0,1,0,510326,95284,58822,49134,0.8826188447145134,0.34022074810619174
25146,0.6280714285714286,0,1,0,510327,95283,58822,49134,0.8826095816814258,0.34022310392820787
25147,0.6281428571428571,0,1,0,510328,95282,58822,49134,0.8826003186483382,0.34022545978284957
25148,0.6281666666666667,1,7,1,510335,95275,58823,49133,0.8825354774167253,0.34023738297047257
25149,0.6281904761904761,0,1,0,510336,95274,58823,49133,0.8825262143836378,0.34023973907082067
25150,0.6281904761904762,1,0,1,510336,95274,58824,49132,0.8825262143836378,0.3402351702837832
25151,0.6282142857142857,0,5,0,510341,95269,58824,49132,0.8824798992182,0.34024695119839893
25152,0.6282222222222222,1,0,1,510341,95269,58825,49131,0.8824798992182,0.34024238227146814
25153,0.6282301587301586,0,1,0,510342,95268,58825,49131,0.8824706361851125,0.34024473853697046
25154,0.6282503607503607,0,1,0,510343,95267,58825,49131,0.8824613731520249,0.3402470948351085
25155,0.6282619047619047,0,1,0,510344,95266,58825,49131,0.8824521101189373,0.34024945116588295
25156,0.6283095238095239,0,2,0,510346,95264,58825,49131,0.8824335840527623,0.3402541639253437
25157,0.6283333333333332,0,1,0,510347,95263,58825,49131,0.8824243210196747,0.3402565203540313
25158,0.6283333333333333,16,80,16,510427,95183,58841,49115,0.8816832783726704,0.3403720079280378
25159,0.6283333333333334,33,110,33,510537,95073,58874,49082,0.8806643447330393,0.34048073254483024
25160,0.6283571428571428,0,1,0,510538,95072,58874,49082,0.8806550816999519,0.34048309446841574
25161,0.628357142857143,0,1,0,510539,95071,58874,49082,0.8806458186668643,0.3404854564247709
25162,0.6283809523809524,0,1,0,510540,95070,58874,49082,0.8806365556337767,0.34048781841389647
25163,0.6284047619047618,1,0,1,510540,95070,58875,49081,0.8806365556337767,0.3404832432657422
25164,0.6284047619047619,1,0,1,510540,95070,58876,49080,0.8806365556337767,0.3404786680541103
25165,0.6284285714285714,3,2,3,510542,95068,58879,49077,0.8806180295676016,0.34046966596135836
25166,0.6284523809523809,0,1,0,510543,95067,58879,49077,0.880608766534514,0.34047202797202797
25167,0.6284880952380952,0,1,0,510544,95066,58879,49077,0.8805995035014265,0.34047439001547075
25168,0.6285,0,2,0,510546,95064,58879,49077,0.8805809774352514,0.3404791142006785
25169,0.6285000000000001,2,16,2,510562,95048,58881,49075,0.8804327689058505,0.3405077607321524
25170,0.6285119047619048,0,1,0,510563,95047,58881,49075,0.880423505872763,0.34051012336770237
25171,0.6285238095238095,0,1,0,510564,95046,58881,49075,0.8804142428396754,0.3405124860360392
25172,0.6285238095238096,0,1,0,510565,95045,58881,49075,0.8804049798065878,0.3405148487371635
25173,0.6285595238095237,0,5,0,510570,95040,58881,49075,0.8803586646411501,0.3405266627346217
25174,0.6285714285714286,1,2,1,510572,95038,58882,49074,0.880340138574975,0.34052681247918287
25175,0.6285833333333333,1,0,1,510572,95038,58883,49073,0.880340138574975,0.3405222363317165
25176,0.6285833333333334,0,1,0,510573,95037,58883,49073,0.8803308755418874,0.3405245992644508
25177,0.628595238095238,0,1,0,510574,95036,58883,49073,0.8803216125087999,0.3405269622299787
25178,0.6285952380952381,0,1,0,510575,95035,58883,49073,0.8803123494757124,0.340529325228301
25179,0.6286190476190476,0,1,0,510576,95034,58883,49073,0.8803030864426248,0.3405316882594184
25180,0.6286309523809523,1,1,1,510577,95033,58884,49072,0.8802938234095372,0.34052947503556436
25181,0.6286666666666666,3,1,3,510578,95032,58887,49069,0.8802845603764496,0.3405181088264481
25182,0.6286666666666667,4,14,4,510592,95018,58891,49065,0.8801548779132239,0.34053288729412906
25183,0.6286904761904761,0,1,0,510593,95017,58891,49065,0.8801456148801363,0.3405352507599839
25184,0.6287142857142857,0,1,0,510594,95016,58891,49065,0.8801363518470487,0.3405376142586462
25185,0.6287380952380952,0,2,0,510596,95014,58891,49065,0.8801178257808737,0.34054234135439587
25186,0.6287499999999999,1,3,1,510599,95011,58892,49064,0.880090036681611,0.3405448551101857
25187,0.62875,2,2,2,510601,95009,58894,49062,0.8800715106154359,0.3405404279834248
25188,0.6288095238095238,0,3,0,510604,95006,58894,49062,0.8800437215161733,0.3405475192270317
25189,0.6288333333333332,0,4,0,510608,95002,58894,49062,0.880006669383823,0.3405569746779209
25190,0.6288333333333334,2,2,2,510610,95000,58896,49060,0.879988143317648,0.3405525475496321
25191,0.6288571428571429,0,1,0,510611,94999,58896,49060,0.8799788802845604,0.34055491152930395
25192,0.6288809523809523,1,0,1,510611,94999,58897,49059,0.8799788802845604,0.340550333893293
25193,0.6288900560224089,0,1,0,510612,94998,58897,49059,0.8799696172514728,0.34055269789041837
25194,0.628904761904762,1,1,1,510613,94997,58898,49058,0.8799603542183853,0.3405504841900663
25195,0.6289285714285715,0,1,0,510614,94996,58898,49058,0.8799510911852977,0.3405528482374665
25196,0.628930735930736,0,1,0,510615,94995,58898,49058,0.8799418281522101,0.34055521231768865
25197,0.6289404761904762,0,1,0,510616,94994,58898,49058,0.8799325651191227,0.34055757643073337
25198,0.628952380952381,0,1,0,510617,94993,58898,49058,0.8799233020860351,0.3405599405766013
25199,0.6289999999999999,0,3,0,510620,94990,58898,49058,0.8798955129867724,0.34056703321115184
25200,0.629,9,42,9,510662,94948,58907,49049,0.8795064655970951,0.34062515191288706
25201,0.6290000000000001,0,5,0,510667,94943,58907,49049,0.8794601504316574,0.3406369798322129
25202,0.6290238095238095,0,1,0,510668,94942,58907,49049,0.8794508873985698,0.3406393455146502
25203,0.6290476190476191,0,2,0,510670,94940,58907,49049,0.8794323613323947,0.3406440769781025
25204,0.6290974025974027,0,1,0,510671,94939,58907,49049,0.8794230982993071,0.3406464427591188
25205,0.6291071428571429,1,0,1,510671,94939,58908,49048,0.8794230982993071,0.3406418635015661
25206,0.6291190476190477,1,0,1,510671,94939,58909,49047,0.8794230982993071,0.34063728418040645
25207,0.6291428571428571,0,1,0,510672,94938,58909,49047,0.8794138352662195,0.34063964996353785
25208,0.6291428571428572,0,1,0,510673,94937,58909,49047,0.8794045722331321,0.34064201577953107
25209,0.6291666666666665,0,7,0,510680,94930,58909,49047,0.8793397310015192,0.34065857741166994
25210,0.6291666666666667,11,45,11,510725,94885,58920,49036,0.8789228945125792,0.3407146976466256
25211,0.6291666666666668,11,27,11,510752,94858,58931,49025,0.8786727926192153,0.3407282305762321
25212,0.6292380952380952,0,1,0,510753,94857,58931,49025,0.8786635295861277,0.3407305986850336
25213,0.6292380952380953,1,0,1,510753,94857,58932,49024,0.8786635295861277,0.3407260166387501
25214,0.62925,0,2,0,510755,94855,58932,49024,0.8786450035199526,0.34073075292433225
25215,0.6292777777777778,0,1,0,510756,94854,58932,49024,0.878635740486865,0.3407331211165015
25216,0.6292857142857142,0,2,0,510758,94852,58932,49024,0.87861721442069,0.3407378575995997
25217,0.6292857142857143,1,7,1,510765,94845,58933,49023,0.8785523731890771,0.34074985403286345
25218,0.629292207792208,0,4,0,510769,94841,58933,49023,0.8785153210567268,0.34075932825446253
25219,0.6292976190476192,0,1,0,510770,94840,58933,49023,0.8785060580236392,0.34076169689218216
25220,0.6293055555555555,0,1,0,510771,94839,58933,49023,0.8784967949905517,0.34076406556283106
25221,0.6293095238095238,0,1,0,510772,94838,58933,49023,0.8784875319574642,0.34076643426640996
25222,0.6293095238095239,0,1,0,510773,94837,58933,49023,0.8784782689243766,0.3407688030029195
25223,0.6293333333333332,0,1,0,510774,94836,58933,49023,0.8784690058912891,0.34077117177236044
25224,0.6293333333333333,0,4,0,510778,94832,58933,49023,0.8784319537589388,0.34078064717945156
25225,0.6293333333333334,4,27,4,510805,94805,58937,49019,0.8781818518655748,0.34082628768494827
25226,0.6293809523809524,1,1,1,510806,94804,58938,49018,0.8781725888324873,0.34082407420283406
25227,0.6294166666666665,1,0,1,510806,94804,58939,49017,0.8781725888324873,0.3408194908949319
25228,0.6294166666666666,0,2,0,510808,94802,58939,49017,0.8781540627663122,0.3408242304563375
25229,0.6294393939393939,0,1,0,510809,94801,58939,49017,0.8781447997332247,0.34082660028647316
25230,0.6294444444444445,0,1,0,510810,94800,58939,49017,0.8781355367001371,0.3408289701495651
25231,0.629452380952381,0,1,0,510811,94799,58939,49017,0.8781262736670495,0.34083134004561383
25232,0.6294545454545455,0,1,0,510812,94798,58939,49017,0.878117010633962,0.34083370997462015
25233,0.6294999999999998,0,1,0,510813,94797,58939,49017,0.8781077476008744,0.34083607993658477
25234,0.6295,1,2,1,510815,94795,58940,49016,0.8780892215346994,0.3408362364492285
25235,0.6295000000000001,0,14,0,510829,94781,58940,49016,0.8779595390714736,0.34086942008525906
25236,0.6295238095238095,0,1,0,510830,94780,58940,49016,0.877950276038386,0.3408717905922279
25237,0.6295238095238096,0,1,0,510831,94779,58940,49016,0.8779410130052985,0.34087416113216734
25238,0.6295595238095238,0,2,0,510833,94777,58940,49016,0.8779224869391233,0.3408789023109609
25239,0.6295714285714286,0,1,0,510834,94776,58940,49016,0.8779132239060358,0.3408812729498164
25240,0.6295833333333334,1,2,1,510836,94774,58941,49015,0.8778946978398607,0.34088143042930963
25241,0.629585353243248,1,4,1,510840,94770,58942,49014,0.8778576457075105,0.34088632949424136
25242,0.629625,0,1,0,510841,94769,58942,49014,0.8778483826744229,0.3408887003331409
25243,0.6296309523809525,0,1,0,510842,94768,58942,49014,0.8778391196413353,0.3408910712050187
25244,0.6296428571428572,0,2,0,510844,94766,58942,49014,0.8778205935751603,0.34089581304771177
25245,0.6296666666666666,1,7,1,510851,94759,58943,49013,0.8777557523435474,0.3409078262804997
25246,0.6296666666666667,2,6,2,510857,94753,58945,49011,0.877700174145022,0.34091288500598205
25247,0.6297023809523808,0,1,0,510858,94752,58945,49011,0.8776909111119345,0.3409152563594249
25248,0.6297142857142858,1,0,1,510858,94752,58946,49010,0.8776909111119345,0.34091067180478846
25249,0.6297380952380951,0,1,0,510859,94751,58946,49010,0.877681648078847,0.34091304317582655
25250,0.62975,1,2,1,510861,94749,58947,49009,0.8776631220126718,0.34091320135227254
25251,0.6297619047619047,1,0,1,510861,94749,58948,49008,0.8776631220126718,0.34090861662388616
25252,0.6297629870129869,0,1,0,510862,94748,58948,49008,0.8776538589795843,0.34091098806310693
25253,0.6297857142857142,1,0,1,510862,94748,58949,49007,0.8776538589795843,0.34090640325553895
25254,0.6298333333333332,3,2,3,510864,94746,58952,49004,0.8776353329134091,0.3408973913043478
25255,0.6298333333333334,0,6,0,510870,94740,58952,49004,0.8775797547148838,0.34091162065894925
25256,0.6298333333333335,0,5,0,510875,94735,58952,49004,0.8775334395494461,0.340923479361899
25257,0.6298550338550338,1,2,1,510877,94733,58953,49003,0.8775149134832709,0.34092363778037515
25258,0.6298809523809523,0,2,0,510879,94731,58953,49003,0.8774963874170959,0.3409283815937774
25259,0.6298888888888889,0,1,0,510880,94730,58953,49003,0.8774871243840083,0.34093075354998503
25260,0.6299047619047619,0,1,0,510881,94729,58953,49003,0.8774778613509208,0.34093312553919797
25261,0.6299404761904762,0,1,0,510882,94728,58953,49003,0.8774685983178332,0.34093549756141683
25262,0.6299444444444444,1,0,1,510882,94728,58954,49002,0.8774685983178332,0.34093091212690463
25263,0.6299999999999999,1,16,1,510898,94712,58955,49001,0.8773203897884323,0.34096428298066284
25264,0.63,594,1800,594,512698,92912,59549,48407,0.8606469302308348,0.3425370969225653
25265,0.6300000000000001,2,24,2,512722,92888,59551,48405,0.8604246174367335,0.3425859738274366
25266,0.6300183982683982,1,1,1,512723,92887,59552,48404,0.8604153544036459,0.3425837456030462
25267,0.6300198412698412,0,1,0,512724,92886,59552,48404,0.8604060913705583,0.34258617028806004
25268,0.6300238095238094,0,1,0,512725,92885,59552,48404,0.8603968283374708,0.3425885950073962
25269,0.6300238095238095,0,1,0,512726,92884,59552,48404,0.8603875653043833,0.34259101976105544
25270,0.6300476190476191,1,0,1,512726,92884,59553,48403,0.8603875653043833,0.3425863667570265
25271,0.6300595238095239,0,1,0,512727,92883,59553,48403,0.8603783022712957,0.34258879152923855
25272,0.630095238095238,0,1,0,512728,92882,59553,48403,0.8603690392382082,0.3425912163357752
25273,0.6301071428571429,2,1,2,512729,92881,59555,48401,0.8603597762051206,0.3425843348763466
25274,0.6301111111111112,0,1,0,512730,92880,59555,48401,0.860350513172033,0.34258675971999064
25275,0.6301666666666665,0,2,0,512732,92878,59555,48401,0.8603319871058579,0.34259160951025985
25276,0.6301666666666667,1,4,1,512736,92874,59556,48400,0.8602949349735077,0.342596656143381
25277,0.6301666666666668,0,3,0,512739,92871,59556,48400,0.860267145874245,0.34260393145089935
25278,0.6301688311688313,0,1,0,512740,92870,59556,48400,0.8602578828411576,0.34260635662207123
25279,0.630202380952381,0,4,0,512744,92866,59556,48400,0.8602208307088073,0.3426160576501069
25280,0.6302261904761906,0,1,0,512745,92865,59556,48400,0.8602115676757197,0.3426184829929565
25281,0.6302261904761908,0,1,0,512746,92864,59556,48400,0.8602023046426321,0.34262090837014386
25282,0.6302380952380953,0,2,0,512748,92862,59556,48400,0.8601837785764571,0.34262575922753463
25283,0.6302619047619047,0,1,0,512749,92861,59556,48400,0.8601745155433695,0.3426281847077396
25284,0.6302857142857143,0,1,0,512750,92860,59556,48400,0.860165252510282,0.34263061022228514
25285,0.630297619047619,0,1,0,512751,92859,59556,48400,0.8601559894771944,0.3426330357711721
25286,0.6303095238095239,0,1,0,512752,92858,59556,48400,0.8601467264441068,0.34263546135440115
25287,0.6303333333333332,1,0,1,512752,92858,59557,48399,0.8601467264441068,0.3426308076767877
25288,0.6303333333333333,4,6,4,512758,92852,59561,48395,0.8600911482455815,0.34262674605478344
25289,0.6303333333333334,2,9,2,512767,92843,59563,48393,0.8600077809477935,0.34263927044096404
25290,0.6303571428571428,0,1,0,512768,92842,59563,48393,0.8599985179147059,0.34264169646334125
25291,0.6303730158730158,0,3,0,512771,92839,59563,48393,0.8599707288154433,0.3426489747366036
25292,0.6303809523809525,0,3,0,512774,92836,59563,48393,0.8599429397161806,0.3426562533190775
25293,0.6304166666666666,0,1,0,512775,92835,59563,48393,0.8599336766830931,0.34265867958195256
25294,0.6304184704184704,0,1,0,512776,92834,59563,48393,0.8599244136500056,0.3426611058791874
25295,0.6304285714285714,0,1,0,512777,92833,59563,48393,0.859915150616918,0.3426635322107827
25296,0.6304761904761904,1,0,1,512777,92833,59564,48392,0.859915150616918,0.34265887767746506
25297,0.6304761904761905,0,1,0,512778,92832,59564,48392,0.8599058875838305,0.34266130402764405
25298,0.6305,2,5,2,512783,92827,59566,48390,0.8598595724183927,0.34266412684025294
25299,0.6305000000000001,0,2,0,512785,92825,59566,48390,0.8598410463522176,0.342668979924229
25300,0.630547619047619,0,2,0,512787,92823,59566,48390,0.8598225202860424,0.34267383314567357
25301,0.6305476190476191,0,1,0,512788,92822,59566,48390,0.8598132572529549,0.34267625980794836
25302,0.6305555555555555,0,2,0,512790,92820,59566,48390,0.8597947311867798,0.3426811132356065
25303,0.6305833333333334,1,0,1,512790,92820,59567,48389,0.8597947311867798,0.3426764582994002
25304,0.6305833333333335,0,1,0,512791,92819,59567,48389,0.8597854681536923,0.34267888504900573
25305,0.6306666666666666,3,17,3,512808,92802,59570,48386,0.8596279965912038,0.342706178995382
25306,0.6306666666666667,1,8,1,512816,92794,59571,48385,0.8595538923265034,0.3427209429164394
25307,0.6307142857142857,1,5,1,512821,92789,59572,48384,0.8595075771610656,0.3427284254071246
25308,0.6307380952380952,0,2,0,512823,92787,59572,48384,0.8594890510948905,0.34273328091463545
25309,0.6307727272727273,0,1,0,512824,92786,59572,48384,0.8594797880618029,0.342735708719983
25310,0.6307857142857142,0,3,0,512827,92783,59572,48384,0.8594519989625403,0.34274299234240296
25311,0.6307857142857143,1,0,1,512827,92783,59573,48383,0.8594519989625403,0.34273833642661833
25312,0.6307857142857144,0,1,0,512828,92782,59573,48383,0.8594427359294528,0.34274076435377043
25313,0.6307896825396826,0,1,0,512829,92781,59573,48383,0.8594334728963652,0.3427431923153212
25314,0.6307936507936507,1,2,1,512831,92779,59574,48382,0.85941494683019,0.34274339229673917
25315,0.6308333333333332,8,37,8,512868,92742,59582,48374,0.8590722146059506,0.3427959976189801
25316,0.6308333333333334,13,32,13,512900,92710,59595,48361,0.8587757975471488,0.34281319335653676
25317,0.6308333333333335,0,1,0,512901,92709,59595,48361,0.8587665345140613,0.3428156234493514
25318,0.6308571428571429,0,1,0,512902,92708,59595,48361,0.8587572714809737,0.34281805357661854
25319,0.6309444444444444,0,1,0,512903,92707,59595,48361,0.8587480084478861,0.34282048373833895
25320,0.6309523809523809,0,2,0,512905,92705,59595,48361,0.8587294823817111,0.34282534416514254
25321,0.630952380952381,0,1,0,512906,92704,59595,48361,0.8587202193486235,0.3428277744302272
25322,0.631,10,34,10,512940,92670,59605,48351,0.8584052762236467,0.3428638287914566
25323,0.6310000000000001,1,0,1,512940,92670,59606,48350,0.8584052762236467,0.342859168912211
25324,0.6310238095238094,0,1,0,512941,92669,59606,48350,0.8583960131905591,0.3428616002099008
25325,0.631047619047619,0,1,0,512942,92668,59606,48350,0.8583867501574716,0.3428640315420726
25326,0.6310476190476191,1,0,1,512942,92668,59607,48349,0.8583867501574716,0.34285937156513047
25327,0.6310714285714285,0,3,0,512945,92665,59607,48349,0.8583589610582089,0.34286666572113406
25328,0.6310714285714286,0,1,0,512946,92664,59607,48349,0.8583496980251214,0.34286909717543773
25329,0.6310833333333333,0,1,0,512947,92663,59607,48349,0.8583404349920338,0.34287152866422715
25330,0.6311111111111111,1,1,1,512948,92662,59608,48348,0.8583311719589463,0.3428693000496419
25331,0.6311111111111112,0,1,0,512949,92661,59608,48348,0.8583219089258587,0.34287173159160056
25332,0.6311428571428571,0,2,0,512951,92659,59608,48348,0.8583033828596836,0.3428765947789826
25333,0.6311666666666667,2,6,2,512957,92653,59610,48346,0.8582478046611582,0.3428818644103859
25334,0.6311666666666668,0,3,0,512960,92650,59610,48346,0.8582200155618955,0.34288915997616953
25335,0.6311904761904761,0,1,0,512961,92649,59610,48346,0.8582107525288081,0.342891591900422
25336,0.6311904761904762,1,0,1,512961,92649,59611,48345,0.8582107525288081,0.34288693135878123
25337,0.6312142857142856,0,1,0,512962,92648,59611,48345,0.8582014894957205,0.3428893633017242
25338,0.6312301587301588,0,1,0,512963,92647,59611,48345,0.8581922264626329,0.3428917952791648
25339,0.63125,1,6,1,512969,92641,59612,48344,0.8581366482641076,0.3429017271340923
25340,0.6312857142857141,0,1,0,512970,92640,59612,48344,0.8581273852310201,0.34290415933722973
25341,0.6313095238095238,1,0,1,512970,92640,59613,48343,0.8581273852310201,0.3428994985210983
25342,0.6313095238095239,1,1,1,512971,92639,59614,48342,0.8581181221979325,0.34289726984487273
25343,0.6313333333333333,5,15,5,512986,92624,59619,48337,0.8579791767016192,0.34291045040826895
25344,0.6313333333333334,0,1,0,512987,92623,59619,48337,0.8579699136685316,0.3429128830874007
25345,0.6313571428571428,1,1,1,512988,92622,59620,48336,0.857960650635444,0.34291065423743244
25346,0.6314285714285713,0,1,0,512989,92621,59620,48336,0.8579513876023566,0.3429130869697851
25347,0.6314285714285715,3,2,3,512991,92619,59623,48333,0.8579328615361814,0.34290396730801975
25348,0.6315,7,19,7,513010,92600,59630,48326,0.8577568639075179,0.3429175595702709
25349,0.6315000000000001,3,4,3,513014,92596,59633,48323,0.8577198117751677,0.34291330480630716
25350,0.6315238095238095,1,0,1,513014,92596,59634,48322,0.8577198117751677,0.34290864190522147
25351,0.631547619047619,1,0,1,513014,92596,59635,48321,0.8577198117751677,0.3429039789379564
25352,0.6316190476190476,0,1,0,513015,92595,59635,48321,0.8577105487420801,0.34290641233075025
25353,0.6316428571428572,0,1,0,513016,92594,59635,48321,0.8577012857089925,0.3429088457580811
25354,0.6316666666666666,29,127,29,513143,92467,59664,48292,0.8565248805068731,0.3430828579344838
25355,0.6316666666666667,21,66,21,513209,92401,59685,48271,0.8559135203230946,0.3431457575068244
25356,0.6316666666666668,0,1,0,513210,92400,59685,48271,0.8559042572900071,0.34314819685649495
25357,0.6317307692307692,1,0,1,513210,92400,59686,48270,0.8559042572900071,0.3431435274045639
25358,0.6317619047619047,0,1,0,513211,92399,59686,48270,0.8558949942569195,0.343145966773063
25359,0.6317857142857143,1,3,1,513214,92396,59687,48269,0.8558672051576568,0.34314861550492304
25360,0.6318333333333332,0,1,0,513215,92395,59687,48269,0.8558579421245692,0.3431510549963033
25361,0.6318333333333334,4,7,4,513222,92388,59691,48265,0.8557931008929563,0.3431494529089319
25362,0.6318333333333335,0,1,0,513223,92387,59691,48265,0.8557838378598689,0.3431518926143958
25363,0.6318571428571428,1,0,1,513223,92387,59692,48264,0.8557838378598689,0.3431472225579626
25364,0.6318888888888888,0,1,0,513224,92386,59692,48264,0.8557745748267813,0.34314966228226096
25365,0.6318888888888889,0,1,0,513225,92385,59692,48264,0.8557653117936938,0.3431521020412516
25366,0.6319047619047619,1,1,1,513226,92384,59693,48263,0.8557560487606062,0.3431498716645218
25367,0.6319166666666667,1,0,1,513226,92384,59694,48262,0.8557560487606062,0.3431452014276979
25368,0.6319523809523809,0,1,0,513227,92383,59694,48262,0.8557467857275186,0.3431476412243592
25369,0.6319761904761905,1,1,1,513228,92382,59695,48261,0.855737522694431,0.3431454107207611
25370,0.632,14,46,14,513274,92336,59709,48247,0.8553114231724036,0.34319227787143536
25371,0.6320000000000001,0,3,0,513277,92333,59709,48247,0.8552836340731409,0.3431996016503059
25372,0.6320238095238095,1,0,1,513277,92333,59710,48246,0.8552836340731409,0.34319492954139663
25373,0.6320833333333333,0,2,0,513279,92331,59710,48246,0.8552651080069658,0.3431998122025651
25374,0.6321349206349207,1,0,1,513279,92331,59711,48245,0.8552651080069658,0.3431951399954473
25375,0.6321428571428571,2,5,2,513284,92326,59713,48243,0.855218792841528,0.3431980024045131
25376,0.6321428571428572,0,1,0,513285,92325,59713,48243,0.8552095298084404,0.34320044391326615
25377,0.6321666666666667,2,10,2,513295,92315,59715,48241,0.855116899477565,0.3432155155240616
25378,0.6321904761904762,1,2,1,513297,92313,59716,48240,0.8550983734113898,0.34321572645194337
25379,0.6322142857142856,0,2,0,513299,92311,59716,48240,0.8550798473452147,0.34322061031227097
25380,0.6322191142191143,1,1,1,513300,92310,59717,48239,0.8550705843121271,0.34321837935524263
25381,0.6322380952380952,0,1,0,513301,92309,59717,48239,0.8550613212790396,0.3432208213564049
25382,0.6322380952380953,0,3,0,513304,92306,59717,48239,0.855033532179777,0.3432281475683945
25383,0.6322619047619047,1,2,1,513306,92304,59718,48238,0.8550150061136018,0.343228358782428
25384,0.6322619047619049,0,1,0,513307,92303,59718,48238,0.8550057430805142,0.3432308009762276
25385,0.6322698412698412,0,1,0,513308,92302,59718,48238,0.8549964800474267,0.34323324320478155
25386,0.6323333333333332,0,1,0,513309,92301,59718,48238,0.8549872170143392,0.3432356854680907
25387,0.6323333333333333,4,15,4,513324,92286,59722,48234,0.8548482715180259,0.3432536293766012
25388,0.6323333333333334,0,1,0,513325,92285,59722,48234,0.8548390084849383,0.3432560721325942
25389,0.6323809523809524,0,6,0,513331,92279,59722,48234,0.854783430286413,0.34327072939870334
25390,0.6323968253968254,1,1,1,513332,92278,59723,48233,0.8547741672533254,0.3432684985517148
25391,0.6324126984126984,0,1,0,513333,92277,59723,48233,0.8547649042202379,0.343270941569995
25392,0.6324871794871795,1,0,1,513333,92277,59724,48232,0.8547649042202379,0.3432662676412187
25393,0.6325,58,208,58,513541,92069,59782,48174,0.8528381933380266,0.3435037755895125
25394,0.6325000000000001,4,4,4,513545,92065,59786,48170,0.8528011412056764,0.34349484793382534
25395,0.6325000000000002,0,1,0,513546,92064,59786,48170,0.8527918781725888,0.3434972973743885
25396,0.6325238095238095,1,0,1,513546,92064,59787,48169,0.8527918781725888,0.34349261586074603
25397,0.6325357142857143,0,2,0,513548,92062,59787,48169,0.8527733521064137,0.34349751481484125
25398,0.632547619047619,0,2,0,513550,92060,59787,48169,0.8527548260402387,0.343502413908678
25399,0.6325714285714286,0,1,0,513551,92059,59787,48169,0.8527455630071511,0.34350486350800125
25400,0.6325952380952381,0,2,0,513553,92057,59787,48169,0.852727036940976,0.3435097628114615
25401,0.6326190476190476,1,2,1,513555,92055,59788,48168,0.8527085108748008,0.34350998053101134
25402,0.6326666666666666,0,1,0,513556,92054,59788,48168,0.8526992478417132,0.343512430289113
25403,0.6326666666666667,4,28,4,513584,92026,59792,48164,0.8524398829152617,0.34356230829588413
25404,0.6326904761904761,0,3,0,513587,92023,59792,48164,0.8524120938159991,0.34356966052487037
25405,0.6327142857142857,0,1,0,513588,92022,59792,48164,0.8524028307829116,0.3435721113377941
25406,0.6327142857142858,0,1,0,513589,92021,59792,48164,0.852393567749824,0.3435745621856832
25407,0.6327222222222222,0,1,0,513590,92020,59792,48164,0.8523843047167364,0.3435770130685385
25408,0.6327380952380952,0,1,0,513591,92019,59792,48164,0.8523750416836489,0.3435794639863607
25409,0.6327857142857143,0,2,0,513593,92017,59792,48164,0.8523565156174738,0.3435843659269088
25410,0.6328095238095238,0,1,0,513594,92016,59792,48164,0.8523472525843863,0.34358681694963616
25411,0.6328333333333334,3,8,3,513602,92008,59795,48161,0.8522731483196858,0.343592377772546
25412,0.6328333333333335,0,1,0,513603,92007,59795,48161,0.8522638852865982,0.3435948290622681
25413,0.6328373015873017,0,2,0,513605,92005,59795,48161,0.8522453592204231,0.34359973174664327
25414,0.6328571428571427,0,2,0,513607,92003,59795,48161,0.8522268331542481,0.3436046345709312
25415,0.6328571428571429,2,6,2,513613,91997,59797,48159,0.8521712549557227,0.3436099774536945
25416,0.6328690476190476,0,1,0,513614,91996,59797,48159,0.8521619919226352,0.3436124290963576
25417,0.6328809523809524,0,1,0,513615,91995,59797,48159,0.8521527288895476,0.34361488077400576
25418,0.6328838383838383,0,1,0,513616,91994,59797,48159,0.8521434658564601,0.3436173324866396
25419,0.6329047619047619,0,2,0,513618,91992,59797,48159,0.8521249397902849,0.34362223601686753
25420,0.6329166666666667,0,1,0,513619,91991,59797,48159,0.8521156767571973,0.3436246878344631
25421,0.6329523809523809,0,1,0,513620,91990,59797,48159,0.8521064137241098,0.34362713968704733
25422,0.6329761904761905,0,5,0,513625,91985,59797,48159,0.852060098558672,0.3436393994748259
25423,0.6329999999999999,1,7,1,513632,91978,59798,48158,0.8519952573270592,0.3436518810298567
25424,0.633,7,19,7,513651,91959,59805,48151,0.8518192596983957,0.3436656912425951
25425,0.6330476190476191,0,1,0,513652,91958,59805,48151,0.8518099966653081,0.3436681440878173
25426,0.6330555555555556,1,0,1,513652,91958,59806,48150,0.8518099966653081,0.343663459616867
25427,0.6330714285714286,0,1,0,513653,91957,59806,48150,0.8518007336322205,0.3436659124811751
25428,0.6330833333333333,1,0,1,513653,91957,59807,48149,0.8518007336322205,0.34366122792742637
25429,0.6330833333333334,0,1,0,513654,91956,59807,48149,0.851791470599133,0.34366368081082044
25430,0.6330952380952382,0,2,0,513656,91954,59807,48149,0.8517729445329578,0.34366858668265493
25431,0.6331428571428571,0,1,0,513657,91953,59807,48149,0.8517636814998704,0.34367103967109675
25432,0.6331547619047619,0,1,0,513658,91952,59807,48149,0.8517544184667828,0.34367349269455605
25433,0.6331666666666667,0,10,0,513668,91942,59807,48149,0.8516617881359072,0.3436980248552726
25434,0.6331904761904762,0,1,0,513669,91941,59807,48149,0.8516525251028196,0.34370047826397315
25435,0.6332142857142857,0,3,0,513672,91938,59807,48149,0.851624736003557,0.3437078387002363
25436,0.63325,1,1,1,513673,91937,59808,48148,0.8516154729704695,0.3437056073098476
25437,0.6332777777777778,0,1,0,513674,91936,59808,48148,0.8516062099373819,0.34370806087775907
25438,0.6332857142857143,0,2,0,513676,91934,59808,48148,0.8515876838712068,0.34371296811867336
25439,0.6333333333333333,103,326,103,514002,91608,59911,48045,0.8485679350846641,0.3440312775235763
25440,0.6333333333333334,0,3,0,514005,91605,59911,48045,0.8485401459854015,0.3440386680988185
25441,0.6333412698412699,1,3,1,514008,91602,59912,48044,0.8485123568861388,0.3440413617289432
25442,0.6333690476190476,0,1,0,514009,91601,59912,48044,0.8485030938530512,0.3440438254144438
25443,0.6334523809523809,0,1,0,514010,91600,59912,48044,0.8484938308199637,0.3440462891352296
25444,0.633452380952381,0,3,0,514013,91597,59912,48044,0.8484660417207011,0.344053680509306
25445,0.6335000000000001,11,16,11,514029,91581,59923,48033,0.8483178331913002,0.34404142851003483
25446,0.6335079365079366,0,1,0,514030,91580,59923,48033,0.8483085701582126,0.3440438927607028
25447,0.6335714285714286,0,1,0,514031,91579,59923,48033,0.848299307125125,0.3440463570466722
25448,0.6335833333333333,0,1,0,514032,91578,59923,48033,0.8482900440920375,0.3440488213679438
25449,0.633595238095238,0,1,0,514033,91577,59923,48033,0.84828078105895,0.3440512857245183
25450,0.6335952380952381,0,2,0,514035,91575,59923,48033,0.8482622549927749,0.34405621454357915
25451,0.6336111111111111,0,1,0,514036,91574,59923,48033,0.8482529919596873,0.344058679006067
25452,0.6336190476190476,0,1,0,514037,91573,59923,48033,0.8482437289265997,0.34406114350386086
25453,0.6336428571428572,1,2,1,514039,91571,59924,48032,0.8482252028604246,0.34406137403923986
25454,0.6336666666666666,1,2,1,514041,91569,59925,48031,0.8482066767942495,0.3440616045845272
25455,0.6336666666666667,3,15,3,514056,91554,59928,48028,0.8480677312979362,0.34408448080698084
25456,0.6336904761904761,0,2,0,514058,91552,59928,48028,0.8480492052317611,0.3440894110904141
25457,0.6337142857142857,0,2,0,514060,91550,59928,48028,0.8480306791655859,0.3440943415151385
25458,0.6337222222222222,0,1,0,514061,91549,59928,48028,0.8480214161324984,0.34409680678048676
25459,0.63375,1,2,1,514063,91547,59929,48027,0.8480028900663233,0.3440970381303108
25460,0.6337878787878788,0,1,0,514064,91546,59929,48027,0.8479936270332358,0.3440995034856312
25461,0.6338095238095238,1,3,1,514067,91543,59930,48026,0.8479658379339731,0.3441022003453489
25462,0.6338253968253968,0,1,0,514068,91542,59930,48026,0.8479565749008855,0.3441046658259773
25463,0.6338333333333332,0,2,0,514070,91540,59930,48026,0.8479380488347105,0.3441095968932261
25464,0.6338333333333334,2,13,2,514083,91527,59932,48024,0.8478176294045723,0.3441322527248103
25465,0.6338423520923521,0,1,0,514084,91526,59932,48024,0.8478083663714847,0.3441347187388033
25466,0.6338571428571429,1,2,1,514086,91524,59933,48023,0.8477898403053096,0.344134950948426
25467,0.6338888888888888,1,1,1,514087,91523,59934,48022,0.847780577272222,0.3441327170446809
25468,0.633904813323931,0,1,0,514088,91522,59934,48022,0.8477713142391344,0.34413518316803304
25469,0.6339285714285714,0,1,0,514089,91521,59934,48022,0.8477620512060469,0.34413764932673085
25470,0.6339285714285715,0,1,0,514090,91520,59934,48022,0.8477527881729594,0.3441401155207751
25471,0.6339999999999999,0,2,0,514092,91518,59934,48022,0.8477342621067843,0.34414504801490614
25472,0.634,15,71,15,514163,91447,59949,48007,0.8470765867575679,0.3442497167524775
25473,0.6340119047619048,0,3,0,514166,91444,59949,48007,0.8470487976583052,0.3442571225735204
25474,0.6340476190476191,0,5,0,514171,91439,59949,48007,0.8470024824928675,0.3442694663167104
25475,0.6340833333333333,0,1,0,514172,91438,59949,48007,0.8469932194597799,0.344271935171573
25476,0.6341150793650795,0,1,0,514173,91437,59949,48007,0.8469839564266923,0.3442744040618456
25477,0.6341190476190476,0,1,0,514174,91436,59949,48007,0.8469746933936048,0.34427687298752896
25478,0.6341190476190477,0,1,0,514175,91435,59949,48007,0.8469654303605173,0.3442793419486238
25479,0.6341428571428572,1,0,1,514175,91435,59950,48006,0.8469654303605173,0.34427463945324543
25480,0.6341666666666665,0,1,0,514176,91434,59950,48006,0.8469561673274297,0.34427710843373494
25481,0.6341666666666667,12,52,12,514228,91382,59962,47994,0.8464744896068769,0.34434909884054643
25482,0.6341666666666668,6,23,6,514251,91359,59968,47988,0.8462614398458631,0.3443777045792159
25483,0.6341699134199134,0,1,0,514252,91358,59968,47988,0.8462521768127755,0.3443801759648644
25484,0.6341904761904761,0,1,0,514253,91357,59968,47988,0.846242913779688,0.34438264738598445
25485,0.6342142857142857,1,0,1,514253,91357,59969,47987,0.846242913779688,0.34437794235847974
25486,0.6342222222222222,0,1,0,514254,91356,59969,47987,0.8462336507466005,0.34438041379904266
25487,0.6342222222222224,0,1,0,514255,91355,59969,47987,0.8462243877135129,0.3443828852750786
25488,0.6342380952380952,0,1,0,514256,91354,59969,47987,0.8462151246804254,0.34438535678658827
25489,0.63425,0,1,0,514257,91353,59969,47987,0.8462058616473378,0.34438782833357257
25490,0.6342500000000001,0,1,0,514258,91352,59969,47987,0.8461965986142502,0.34439029991603215
25491,0.6342857142857143,1,5,1,514263,91347,59970,47986,0.8461502834488125,0.344397953105151
25492,0.6343030303030303,1,0,1,514263,91347,59971,47985,0.8461502834488125,0.3443932477822754
25493,0.6343095238095238,1,0,1,514263,91347,59972,47984,0.8461502834488125,0.34438854239185823
25494,0.6343333333333333,3,9,3,514272,91338,59975,47981,0.8460669161510245,0.34439667238495825
25495,0.6343333333333334,1,15,1,514287,91323,59976,47980,0.8459279706547111,0.34442905034349586
25496,0.634357142857143,0,1,0,514288,91322,59976,47980,0.8459187076216236,0.34443152287835066
25497,0.6343928571428571,0,1,0,514289,91321,59976,47980,0.8459094445885361,0.3444339954487046
25498,0.6344047619047618,0,1,0,514290,91320,59976,47980,0.8459001815554485,0.3444364680545585
25499,0.6344166666666665,0,1,0,514291,91319,59976,47980,0.845890918522361,0.34443894069591313
25500,0.6344403292785646,1,0,1,514291,91319,59977,47979,0.845890918522361,0.3444342345188014
25501,0.6344642857142856,1,0,1,514291,91319,59978,47978,0.845890918522361,0.3444295282741193
25502,0.6345,3,3,3,514294,91316,59981,47975,0.8458631294230983,0.3444228270311793
25503,0.6345000000000001,1,11,1,514305,91305,59982,47974,0.8457612360591352,0.34444532197962363
25504,0.6345079365079366,0,2,0,514307,91303,59982,47974,0.8457427099929601,0.344450268170624
25505,0.6345238095238095,1,3,1,514310,91300,59983,47973,0.8457149208936975,0.3444529808361994
25506,0.6345238095238096,0,3,0,514313,91297,59983,47973,0.8456871317944348,0.34446040066058736
25507,0.634547619047619,1,0,1,514313,91297,59984,47972,0.8456871317944348,0.3444556936575979
25508,0.6345714285714286,1,1,1,514314,91296,59985,47971,0.8456778687613472,0.34445345990076615
25509,0.6345833333333333,0,1,0,514315,91295,59985,47971,0.8456686057282596,0.3444559332500395
25510,0.634595238095238,0,1,0,514316,91294,59985,47971,0.8456593426951721,0.34445840663483285
25511,0.6345952380952382,0,1,0,514317,91293,59985,47971,0.8456500796620846,0.3444608800551471
25512,0.6346190476190474,0,1,0,514318,91292,59985,47971,0.845640816628997,0.34446335351098284
25513,0.6346428571428572,0,2,0,514320,91290,59985,47971,0.8456222905628219,0.3444683005292221
25514,0.6346666666666666,2,6,2,514326,91284,59987,47969,0.8455667123642966,0.34447372767552586
25515,0.6346666666666667,3,12,3,514338,91272,59990,47966,0.8454555559672459,0.3444892917163418
25516,0.6346818181818181,0,1,0,514339,91271,59990,47966,0.8454462929341584,0.34449176583810337
25517,0.6346904761904761,0,1,0,514340,91270,59990,47966,0.8454370299010708,0.34449423999540346
25518,0.6347196969696969,0,2,0,514342,91268,59990,47966,0.8454185038348957,0.34449918841662236
25519,0.6347619047619047,0,1,0,514343,91267,59990,47966,0.8454092408018081,0.34450166268054266
25520,0.6347857142857142,0,1,0,514344,91266,59990,47966,0.8453999777687206,0.3445041369800046
25521,0.6348333333333332,0,5,0,514349,91261,59990,47966,0.8453536626032828,0.34451650901046493
25522,0.6348333333333334,2,11,2,514360,91250,59992,47964,0.8452517692393198,0.34453431407760715
25523,0.6348571428571429,0,1,0,514361,91249,59992,47964,0.8452425062062322,0.3445367889493079
25524,0.6348690476190476,0,2,0,514363,91247,59992,47964,0.8452239801400571,0.3445417387993765
25525,0.6348809523809523,2,2,2,514365,91245,59994,47962,0.8452054540738819,0.34453727183259464
25526,0.6348809523809524,0,1,0,514366,91244,59994,47962,0.8451961910407944,0.3445397468499921
25527,0.6349166666666667,0,1,0,514367,91243,59994,47962,0.8451869280077069,0.34454222190294886
25528,0.6349523809523809,0,2,0,514369,91241,59994,47962,0.8451684019415318,0.3445471721155435
25529,0.6349761904761905,0,2,0,514371,91239,59994,47962,0.8451498758753566,0.3445521224703845
25530,0.6349999999999999,5,17,5,514388,91222,59999,47957,0.8449924043128682,0.3445706608037132
25531,0.635,180,603,180,514991,90619,60179,47777,0.839406795361073,0.34521951501488485
25532,0.6350000000000001,3,12,3,515003,90607,60182,47774,0.8392956389640224,0.34523525628518364
25533,0.6350238095238095,0,1,0,515004,90606,60182,47774,0.8392863759309348,0.3452377511201041
25534,0.635047619047619,0,1,0,515005,90605,60182,47774,0.8392771128978472,0.34524024599108244
25535,0.6350555555555555,0,1,0,515006,90604,60182,47774,0.8392678498647597,0.3452427408981196
25536,0.6351111111111112,0,1,0,515007,90603,60182,47774,0.8392585868316722,0.3452452358412164
25537,0.6351190476190476,1,1,1,515008,90602,60183,47773,0.8392493237985846,0.3452429990966576
25538,0.6351428571428572,0,1,0,515009,90601,60183,47773,0.8392400607654971,0.34524549409571165
25539,0.6351587301587301,1,0,1,515009,90601,60184,47772,0.8392400607654971,0.3452407622874405
25540,0.6351666666666665,0,3,0,515012,90598,60184,47772,0.8392122716662344,0.34524824745248245
25541,0.6351666666666667,1,7,1,515019,90591,60185,47771,0.8391474304346215,0.3452609820615487
25542,0.6351666666666668,0,5,0,515024,90586,60185,47771,0.8391011152691837,0.3452734592395036
25543,0.6352380952380952,0,1,0,515025,90585,60185,47771,0.8390918522360962,0.34527595478331263
25544,0.6352380952380953,1,2,1,515027,90583,60186,47770,0.839073326169921,0.3452762137431064
25545,0.63525,0,1,0,515028,90582,60186,47770,0.8390640631368336,0.34527870937897537
25546,0.6352777777777778,0,1,0,515029,90581,60186,47770,0.839054800103746,0.3452812050509212
25547,0.6352857142857143,0,4,0,515033,90577,60186,47770,0.8390177479713957,0.34529118809948894
25548,0.6352960927960928,0,1,0,515034,90576,60186,47770,0.8390084849383082,0.3452936839518309
25549,0.6353095238095238,0,1,0,515035,90575,60186,47770,0.8389992219052207,0.34529617984025446
25550,0.6353095238095239,0,2,0,515037,90573,60186,47770,0.8389806958390456,0.3453011717253493
25551,0.6353134920634921,0,1,0,515038,90572,60186,47770,0.838971432805958,0.34530366772202226
25552,0.6353333333333332,0,2,0,515040,90570,60186,47770,0.8389529067397828,0.34530865982362297
25553,0.6353333333333333,6,8,6,515048,90562,60192,47764,0.8388788024750824,0.34530023278342464
25554,0.6353333333333334,2,11,2,515059,90551,60194,47762,0.8387769091111194,0.3453182274984998
25555,0.6353571428571427,1,1,1,515060,90550,60195,47761,0.8387676460780318,0.34531599077441416
25556,0.6353571428571428,0,1,0,515061,90549,60195,47761,0.8387583830449442,0.3453184874557154
25557,0.6353650793650795,1,2,1,515063,90547,60196,47760,0.8387398569787692,0.3453187474242085
25558,0.6353968253968252,0,1,0,515064,90546,60196,47760,0.8387305939456816,0.3453212441976487
25559,0.6354011544011544,0,2,0,515066,90544,60196,47760,0.8387120678795065,0.3453262378528459
25560,0.6354047619047619,1,0,1,515066,90544,60197,47759,0.8387120678795065,0.3453215042334584
25561,0.6354166666666666,0,1,0,515067,90543,60197,47759,0.8387028048464189,0.3453240010990441
25562,0.6354166666666667,1,1,1,515068,90542,60198,47758,0.8386935418133313,0.3453217642805495
25563,0.6354404761904762,0,1,0,515069,90541,60198,47758,0.8386842787802438,0.3453242612021779
25564,0.6354444444444445,0,1,0,515070,90540,60198,47758,0.8386750157471562,0.34532675815991554
25565,0.6354761904761904,1,1,1,515071,90539,60199,47757,0.8386657527140687,0.3453245213165963
25566,0.6354761904761905,0,2,0,515073,90537,60199,47757,0.8386472266478936,0.3453295153802768
25567,0.6355,4,17,4,515090,90520,60203,47753,0.8384897550854051,0.34535303349171564
25568,0.6355000000000001,0,1,0,515091,90519,60203,47753,0.8384804920523176,0.3453555311270539
25569,0.6355119047619049,0,1,0,515092,90518,60203,47753,0.8384712290192301,0.34535802879851885
25570,0.6355277777777778,0,1,0,515093,90517,60203,47753,0.8384619659861425,0.3453605265061112
25571,0.6355714285714286,0,1,0,515094,90516,60203,47753,0.838452702953055,0.34536302424983184
25572,0.6355833333333333,0,1,0,515095,90515,60203,47753,0.8384434399199674,0.3453655220296815
25573,0.6355833333333334,0,1,0,515096,90514,60203,47753,0.8384341768868798,0.34536801984566096
25574,0.6356190476190475,0,1,0,515097,90513,60203,47753,0.8384249138537923,0.34537051769777094
25575,0.6356666666666666,10,4,10,515101,90509,60213,47743,0.8383878617214421,0.34533315973729134
25576,0.6356666666666667,1,5,1,515106,90504,60214,47742,0.8383415465560043,0.34534091402282885
25577,0.6356904761904761,0,1,0,515107,90503,60214,47742,0.8383322835229168,0.34534341205830227
25578,0.6356904761904763,1,1,1,515108,90502,60215,47741,0.8383230204898292,0.3453411745983522
25579,0.6357142857142857,4,7,4,515115,90495,60219,47737,0.8382581792582163,0.345339718733723
25580,0.6357222222222222,0,1,0,515116,90494,60219,47737,0.8382489162251288,0.3453422170135498
25581,0.6357271062271063,0,1,0,515117,90493,60219,47737,0.8382396531920412,0.34534471532952327
25582,0.6357380952380951,0,1,0,515118,90492,60219,47737,0.8382303901589536,0.3453472136816442
25583,0.63575,0,1,0,515119,90491,60219,47737,0.838221127125866,0.3453497120699135
25584,0.6357500000000001,1,0,1,515119,90491,60220,47736,0.838221127125866,0.34534497601771
25585,0.6358174603174603,1,0,1,515119,90491,60221,47735,0.838221127125866,0.3453402398969803
25586,0.6358333333333333,7,27,7,515146,90464,60228,47728,0.8379710252325021,0.345374551348848
25587,0.6358333333333334,12,45,12,515191,90419,60240,47716,0.8375541887435622,0.34543019509899736
25588,0.6358571428571428,1,1,1,515192,90418,60241,47715,0.8375449257104747,0.34542795711379615
25589,0.6358809523809524,0,1,0,515193,90417,60241,47715,0.8375356626773871,0.34543045782295195
25590,0.6358888888888888,0,1,0,515194,90416,60241,47715,0.8375263996442995,0.3454329585683156
25591,0.6358968253968253,0,1,0,515195,90415,60241,47715,0.837517136611212,0.3454354593498878
25592,0.63589898989899,1,0,1,515195,90415,60242,47714,0.837517136611212,0.3454307205583187
25593,0.6359166666666667,0,5,0,515200,90410,60242,47714,0.8374708214457742,0.3454432249283253
25594,0.6359285714285714,0,1,0,515201,90409,60242,47714,0.8374615584126867,0.3454457259109634
25595,0.6359523809523809,1,3,1,515204,90406,60243,47713,0.837433769313424,0.3454484900701569
25596,0.6359761904761905,0,1,0,515205,90405,60243,47713,0.8374245062803364,0.34545099118145356
25597,0.6359999999999999,2,10,2,515215,90395,60245,47711,0.8373318759494609,0.34546652571213415
25598,0.636,15,56,15,515271,90339,60260,47696,0.8368131460965579,0.3455355525772449
25599,0.6360238095238095,0,1,0,515272,90338,60260,47696,0.8368038830634703,0.3455380558413145
25600,0.6360714285714285,0,1,0,515273,90337,60260,47696,0.8367946200303827,0.34554055914165455
25601,0.6360952380952383,0,1,0,515274,90336,60260,47696,0.8367853569972952,0.3455430624782659
25602,0.6361111111111112,0,1,0,515275,90335,60260,47696,0.8367760939642076,0.34554556585114937
25603,0.6361309523809523,0,1,0,515276,90334,60260,47696,0.83676683093112,0.34554806926030573
25604,0.6361428571428571,0,1,0,515277,90333,60260,47696,0.8367575678980326,0.34555057270573575
25605,0.6361428571428572,0,1,0,515278,90332,60260,47696,0.836748304864945,0.34555307618744024
25606,0.6361666666666665,1,2,1,515280,90330,60261,47695,0.8367297787987699,0.34555334178590835
25607,0.6361666666666667,3,4,3,515284,90326,60264,47692,0.8366927266664197,0.34554913127273257
25608,0.6361666666666668,0,1,0,515285,90325,60264,47692,0.8366834636333321,0.3455516349435214
25609,0.6362142857142856,1,1,1,515286,90324,60265,47691,0.8366742006002446,0.34554939680469515
25610,0.6362222222222222,1,1,1,515287,90323,60266,47690,0.836664937567157,0.3455471586010014
25611,0.63625,3,8,3,515295,90315,60269,47687,0.8365908333024565,0.34555296300053623
25612,0.6362777777777777,0,1,0,515296,90314,60269,47687,0.836581570269369,0.3455554669893696
25613,0.6362857142857143,1,0,1,515296,90314,60270,47686,0.836581570269369,0.34555072463768116
25614,0.6363095238095238,0,1,0,515297,90313,60270,47686,0.8365723072362814,0.3455532286465844
25615,0.6363192640692639,0,2,0,515299,90311,60270,47686,0.8365537811701064,0.3455582367732632
25616,0.6363333333333333,2,6,2,515305,90305,60272,47684,0.8364982029715811,0.3455637768227902
25617,0.6363333333333334,0,1,0,515306,90304,60272,47684,0.8364889399384935,0.345566281125895
25618,0.6363452380952382,0,2,0,515308,90302,60272,47684,0.8364704138723184,0.3455712898409984
25619,0.6363690476190477,0,1,0,515309,90301,60272,47684,0.8364611508392308,0.3455737942529985
25620,0.6363888888888889,0,2,0,515311,90299,60272,47684,0.8364426247730556,0.34557880318589973
25621,0.636396103896104,1,0,1,515311,90299,60273,47683,0.8364426247730556,0.34557406038468785
25622,0.6364285714285715,0,1,0,515312,90298,60273,47683,0.8364333617399682,0.34557656488936883
25623,0.6364404761904762,1,0,1,515312,90298,60274,47682,0.8364333617399682,0.34557182200318887
25624,0.6364444444444445,0,1,0,515313,90297,60274,47682,0.8364240987068806,0.3455743265279499
25625,0.636452380952381,0,1,0,515314,90296,60274,47682,0.836414835673793,0.3455768310890142
25626,0.6365,1,13,1,515327,90283,60275,47681,0.8362944162436549,0.3456046504885332
25627,0.6365000000000001,2,5,2,515332,90278,60277,47679,0.836248101078217,0.3456076893524794
25628,0.6365041486291486,0,3,0,515335,90275,60277,47679,0.8362203119789544,0.34561520506835613
25629,0.636547619047619,0,3,0,515338,90272,60277,47679,0.8361925228796917,0.3456227211111192
25630,0.6365555555555555,0,1,0,515339,90271,60277,47679,0.8361832598466041,0.3456252265313519
25631,0.6365593295593296,1,1,1,515340,90270,60278,47678,0.8361739968135166,0.3456229883724302
25632,0.6365714285714286,1,1,1,515341,90269,60279,47677,0.8361647337804291,0.3456207501486089
25633,0.6366190476190476,0,1,0,515342,90268,60279,47677,0.8361554707473415,0.3456232556453659
25634,0.6366250000000001,1,1,1,515343,90267,60280,47676,0.836146207714254,0.34562101737674256
25635,0.6366666666666666,89,233,89,515576,90034,60369,47587,0.8339879210048539,0.3457829837016153
25636,0.6366666666666667,37,115,37,515691,89919,60406,47550,0.8329226721997851,0.3458961656809899
25637,0.6366904761904761,1,0,1,515691,89919,60407,47549,0.8329226721997851,0.3458914074548258
25638,0.6367142857142857,0,2,0,515693,89917,60407,47549,0.83290414613361,0.34589643984694396
25639,0.6367142857142858,0,1,0,515694,89916,60407,47549,0.8328948831005224,0.3458989560979158
25640,0.6367234848484847,0,1,0,515695,89915,60407,47549,0.8328856200674348,0.3459014723854973
25641,0.6367500000000001,0,1,0,515696,89914,60407,47549,0.8328763570343474,0.34590398870968914
25642,0.6367857142857143,0,1,0,515697,89913,60407,47549,0.8328670940012598,0.3459065050704922
25643,0.636797619047619,0,1,0,515698,89912,60407,47549,0.8328578309681722,0.34590902146790725
25644,0.6368214285714286,0,1,0,515699,89911,60407,47549,0.8328485679350847,0.34591153790193513
25645,0.6368253968253967,0,1,0,515700,89910,60407,47549,0.8328393049019971,0.34591405437257655
25646,0.6368333333333333,2,2,2,515702,89908,60409,47547,0.832820778835822,0.34590957040485976
25647,0.6368333333333334,1,4,1,515706,89904,60410,47546,0.8327837267034718,0.34591487813750454
25648,0.6368571428571428,1,2,1,515708,89902,60411,47545,0.8327652006372966,0.3459151527497872
25649,0.6368809523809523,0,1,0,515709,89901,60411,47545,0.8327559376042091,0.3459176694847431
25650,0.6368809523809525,0,1,0,515710,89900,60411,47545,0.8327466745711216,0.3459201862563207
25651,0.6369523809523809,0,2,0,515712,89898,60411,47545,0.8327281485049465,0.3459252199093442
25652,0.637,7,24,7,515736,89874,60418,47538,0.8325058357108451,0.34595231857479697
25653,0.6370000000000001,1,1,1,515737,89873,60419,47537,0.8324965726777576,0.34595007641365255
25654,0.6370357142857143,0,2,0,515739,89871,60419,47537,0.8324780466115825,0.3459551117838845
25655,0.637047619047619,0,1,0,515740,89870,60419,47537,0.832468783578495,0.3459576295239689
25656,0.6370476190476191,0,1,0,515741,89869,60419,47537,0.8324595205454074,0.3459601473007001
25657,0.6370833333333333,1,3,1,515744,89866,60420,47536,0.8324317314461447,0.3459629408596673
25658,0.637111111111111,0,1,0,515745,89865,60420,47536,0.8324224684130572,0.3459654587666756
25659,0.6371428571428571,1,9,1,515754,89856,60421,47535,0.8323391011152692,0.3459833613555473
25660,0.6371666666666667,2,9,2,515763,89847,60423,47533,0.8322557338174812,0.34599650604163634
25661,0.6371666666666668,0,1,0,515764,89846,60423,47533,0.8322464707843936,0.3459990245961901
25662,0.6371904761904762,0,3,0,515767,89843,60423,47533,0.832218681685131,0.34600658047985094
25663,0.6372222222222222,0,1,0,515768,89842,60423,47533,0.8322094186520435,0.3460090991810737
25664,0.6372499999999999,0,1,0,515769,89841,60423,47533,0.8322001556189559,0.34601161791896573
25665,0.6372539682539684,0,1,0,515770,89840,60423,47533,0.8321908925858683,0.3460141366935278
25666,0.6372619047619047,2,0,2,515770,89840,60425,47531,0.8321908925858683,0.34600461523902426
25667,0.6372619047619048,0,1,0,515771,89839,60425,47531,0.8321816295527807,0.3460071340176167
25668,0.6372857142857142,0,2,0,515773,89837,60425,47531,0.8321631034866056,0.3460121716848174
25669,0.6373095238095239,1,0,1,515773,89837,60426,47530,0.8321631034866056,0.3460074108046328
25670,0.6373134920634919,0,1,0,515774,89836,60426,47530,0.8321538404535181,0.3460099296769215
25671,0.6373214285714286,1,0,1,515774,89836,60427,47529,0.8321538404535181,0.34600516871109815
25672,0.6373333333333332,0,1,0,515775,89835,60427,47529,0.8321445774204306,0.34600768760373896
25673,0.6373333333333333,3,24,3,515799,89811,60430,47526,0.8319222646263292,0.34605386749382905
25674,0.6373333333333334,0,1,0,515800,89810,60430,47526,0.8319130015932417,0.3460563872546164
25675,0.6373452380952379,0,1,0,515801,89809,60430,47526,0.8319037385601541,0.3460589070520989
25676,0.6373571428571428,0,1,0,515802,89808,60430,47526,0.8318944755270666,0.3460614268862772
25677,0.6373809523809524,2,3,2,515805,89805,60432,47524,0.8318666864278039,0.3460594630413096
25678,0.6374166666666666,0,2,0,515807,89803,60432,47524,0.8318481603616288,0.34606450297465174
25679,0.6374285714285715,2,1,2,515808,89802,60434,47522,0.8318388973285412,0.3460574990533337
25680,0.6374325396825397,0,2,0,515810,89800,60434,47522,0.8318203712623662,0.34606253914157964
25681,0.6374999999999998,0,2,0,515812,89798,60434,47522,0.831801845196191,0.3460675793766385
25682,0.6375,60,156,60,515968,89642,60494,47462,0.8303568120345326,0.34617516629711753
25683,0.6375000000000001,3,11,3,515979,89631,60497,47459,0.8302549186705694,0.34618863520315124
25684,0.6375000000000002,0,1,0,515980,89630,60497,47459,0.830245655637482,0.3461911604869829
25685,0.6375093795093797,0,2,0,515982,89628,60497,47459,0.8302271295713068,0.34619621116517246
25686,0.6375317460317461,0,1,0,515983,89627,60497,47459,0.8302178665382193,0.346198736559532
25687,0.637547619047619,0,1,0,515984,89626,60497,47459,0.8302086035051317,0.3462012619907357
25688,0.6375476190476191,1,1,1,515985,89625,60498,47458,0.8301993404720441,0.34619901811311393
25689,0.637595238095238,0,1,0,515986,89624,60498,47458,0.8301900774389566,0.3462015436016399
25690,0.6376190476190476,2,0,2,515986,89624,60500,47456,0.8301900774389566,0.34619200466880656
25691,0.6376190476190478,1,0,1,515986,89624,60501,47455,0.8301900774389566,0.3461872350980092
25692,0.6376363636363637,0,1,0,515987,89623,60501,47455,0.8301808144058691,0.3461897605742716
25693,0.6376428571428572,0,1,0,515988,89622,60501,47455,0.8301715513727815,0.34619228608738156
25694,0.6376547619047619,0,1,0,515989,89621,60501,47455,0.830162288339694,0.3461948116373399
25695,0.6376666666666666,4,15,4,516004,89606,60505,47451,0.8300233428433806,0.3462136191511561
25696,0.6376666666666667,1,4,1,516008,89602,60506,47450,0.8299862907110305,0.3462189533899542
25697,0.6376666666666668,1,4,1,516012,89598,60507,47449,0.8299492385786802,0.3462242880179792
25698,0.6377142857142858,0,1,0,516013,89597,60507,47449,0.8299399755455926,0.3462268143543044
25699,0.6377222222222222,1,0,1,516013,89597,60508,47448,0.8299399755455926,0.34622204385420846
25700,0.6377380952380952,0,1,0,516014,89596,60508,47448,0.829930712512505,0.3462245702110271
25701,0.63775,1,0,1,516014,89596,60509,47447,0.829930712512505,0.34621979962493526
25702,0.6377777777777778,0,2,0,516016,89594,60509,47447,0.82991218644633,0.34622485241643014
25703,0.6377857142857143,1,1,1,516017,89593,60510,47446,0.8299029234132425,0.34622260816263983
25704,0.6378333333333334,1,3,1,516020,89590,60511,47445,0.8298751343139797,0.34622541686430475
25705,0.6378571428571429,1,2,1,516022,89588,60512,47444,0.8298566082478046,0.346225699106778
25706,0.6378650793650794,0,1,0,516023,89587,60512,47444,0.8298473452147171,0.34622822572994433
25707,0.6378730158730158,0,2,0,516025,89585,60512,47444,0.829828819148542,0.3462332790869086
25708,0.6378809523809523,1,0,1,516025,89585,60513,47443,0.829828819148542,0.346228508042152
25709,0.6378968253968255,0,1,0,516026,89584,60513,47443,0.8298195561154544,0.34623103475957295
25710,0.6379047619047619,0,3,0,516029,89581,60513,47443,0.8297917670161917,0.3462386151331154
25711,0.6379166666666667,1,1,1,516030,89580,60514,47442,0.8297825039831043,0.34623637080176906
25712,0.6379444444444445,1,1,1,516031,89579,60515,47441,0.8297732409500167,0.3462341264049044
25713,0.6379523809523809,0,1,0,516032,89578,60515,47441,0.8297639779169291,0.3462366533108547
25714,0.637952380952381,0,1,0,516033,89577,60515,47441,0.8297547148838416,0.34623918025368927
25715,0.638,10,52,10,516085,89525,60525,47431,0.8292730371632887,0.34632290662694587
25716,0.6380476190476191,0,2,0,516087,89523,60525,47431,0.8292545110971137,0.3463279641339428
25717,0.6380555555555556,0,1,0,516088,89522,60525,47431,0.8292452480640261,0.3463304929428344
25718,0.6380595238095236,0,3,0,516091,89519,60525,47431,0.8292174589647634,0.34633807959109164
25719,0.6380833333333333,0,2,0,516093,89517,60525,47431,0.8291989328985883,0.34634313754125656
25720,0.6381111111111112,0,1,0,516094,89516,60525,47431,0.8291896698655008,0.34634566657173943
25721,0.6381428571428571,0,2,0,516096,89514,60525,47431,0.8291711437993257,0.34635072474351014
25722,0.6381666666666667,3,11,3,516107,89503,60528,47428,0.8290692504353625,0.3463642272385362
25723,0.6381818181818182,1,0,1,516107,89503,60529,47427,0.8290692504353625,0.34635945373548527
25724,0.6382142857142857,0,3,0,516110,89500,60529,47427,0.8290414613360999,0.34636704229260845
25725,0.6382222222222222,0,1,0,516111,89499,60529,47427,0.8290321983030123,0.346369571885544
25726,0.6382738095238095,0,1,0,516112,89498,60529,47427,0.8290229352699248,0.34637210151542813
25727,0.6383333333333333,59,172,59,516284,89326,60588,47368,0.8274296935788654,0.34652581678786193
25728,0.6383333333333334,0,3,0,516287,89323,60588,47368,0.8274019044796028,0.3465334220980167
25729,0.6383809523809524,1,2,1,516289,89321,60589,47367,0.8273833784134277,0.3465337118108393
25730,0.6384285714285715,0,1,0,516290,89320,60589,47367,0.8273741153803401,0.3465362470461712
25731,0.638452380952381,0,3,0,516293,89317,60589,47367,0.8273463262810775,0.34654385297474466
25732,0.6385,0,3,0,516296,89314,60589,47367,0.8273185371818148,0.34655145923720193
25733,0.6385000000000001,7,22,7,516318,89292,60596,47360,0.8271147504538886,0.346573778649416
25734,0.6385238095238095,0,2,0,516320,89290,60596,47360,0.8270962243877135,0.34657885107939995
25735,0.6385476190476189,0,1,0,516321,89289,60596,47360,0.827086961354626,0.3465813873500721
25736,0.6385714285714285,0,1,0,516322,89288,60596,47360,0.8270776983215384,0.34658392365786544
25737,0.6385714285714286,2,8,2,516330,89280,60598,47358,0.827003594056838,0.3465946515610592
25738,0.6385833333333333,0,2,0,516332,89278,60598,47358,0.8269850679906628,0.34659972481630025
25739,0.6385952380952381,0,1,0,516333,89277,60598,47358,0.8269758049575753,0.34660226149961576
25740,0.6386190476190476,0,2,0,516335,89275,60598,47358,0.8269572788914002,0.34660733497764085
25741,0.6386428571428572,1,1,1,516336,89274,60599,47357,0.8269480158583127,0.3466050896209499
25742,0.6386666666666665,1,2,1,516338,89272,60600,47356,0.8269294897921375,0.3466053810346342
25743,0.6386666666666666,0,2,0,516340,89270,60600,47356,0.8269109637259624,0.34661045481826297
25744,0.6386666666666667,6,13,6,516353,89257,60606,47350,0.8267905442958242,0.3466147415578997
25745,0.6386746031746031,1,2,1,516355,89255,60607,47349,0.8267720182296491,0.34661503323475157
25746,0.6386904761904761,1,1,1,516356,89254,60608,47348,0.8267627551965616,0.346612787514092
25747,0.6387142857142857,0,1,0,516357,89253,60608,47348,0.826753492163474,0.3466153249244149
25748,0.6387380952380952,0,1,0,516358,89252,60608,47348,0.8267442291303865,0.34661786237188874
25749,0.6387619047619048,0,1,0,516359,89251,60608,47348,0.8267349660972989,0.3466203998565143
25750,0.6387777777777778,1,1,1,516360,89250,60609,47347,0.8267257030642113,0.3466181541322284
25751,0.6387857142857143,0,1,0,516361,89249,60609,47347,0.8267164400311238,0.3466206916747196
25752,0.6388095238095237,1,1,1,516362,89248,60610,47346,0.8267071769980362,0.3466184459053838
25753,0.6388095238095238,1,1,1,516363,89247,60611,47345,0.8266979139649486,0.3466162000702823
25754,0.6388333333333333,0,6,0,516369,89241,60611,47345,0.8266423357664233,0.34663142635409194
25755,0.6388333333333334,0,3,0,516372,89238,60611,47345,0.8266145466671607,0.3466390399976571
25756,0.6388809523809523,0,1,0,516373,89237,60611,47345,0.8266052836340732,0.34664157795317097
25757,0.6388888888888888,0,1,0,516374,89236,60611,47345,0.8265960206009856,0.346644115945849
25758,0.638904761904762,0,1,0,516375,89235,60611,47345,0.826586757567898,0.3466466539756919
25759,0.6389166666666666,0,1,0,516376,89234,60611,47345,0.8265774945348104,0.34664919204270056
25760,0.6389166666666667,1,0,1,516376,89234,60612,47344,0.8265774945348104,0.3466444083234489
25761,0.6389523809523809,0,1,0,516377,89233,60612,47344,0.8265682315017229,0.346646946411182
25762,0.638952380952381,0,2,0,516379,89231,60612,47344,0.8265497054355478,0.3466520226981512
25763,0.6389999999999999,0,5,0,516384,89226,60612,47344,0.82650339027011,0.3466647140660467
25764,0.639,9,36,9,516420,89190,60621,47335,0.8261699210789581,0.3467130562168101
25765,0.6390238095238095,0,2,0,516422,89188,60621,47335,0.826151395012783,0.3467181354057558
25766,0.639047619047619,0,2,0,516424,89186,60621,47335,0.8261328689466079,0.3467232147435193
25767,0.6390476190476191,0,1,0,516425,89185,60621,47335,0.8261236059135203,0.3467257544682098
25768,0.6390714285714286,1,0,1,516425,89185,60622,47334,0.8261236059135203,0.3467209692423765
25769,0.6390833333333333,0,3,0,516428,89182,60622,47334,0.8260958168142577,0.3467285885903484
25770,0.639142857142857,0,1,0,516429,89181,60622,47334,0.8260865537811701,0.3467311284474234
25771,0.6391428571428572,0,2,0,516431,89179,60622,47334,0.826068027714995,0.3467362082732047
25772,0.6391666666666667,16,72,16,516503,89107,60638,47318,0.8254010893326911,0.34684258750229063
25773,0.6391904761904762,0,2,0,516505,89105,60638,47318,0.8253825632665159,0.3468476723133196
25774,0.6392142857142857,0,1,0,516506,89104,60638,47318,0.8253733002334285,0.3468502147747431
25775,0.6392261904761906,0,1,0,516507,89103,60638,47318,0.8253640372003409,0.3468527572734403
25776,0.6392380952380953,0,3,0,516510,89100,60638,47318,0.8253362481010782,0.3468603849931827
25777,0.6392619047619048,0,1,0,516511,89099,60638,47318,0.8253269850679906,0.34686292764098314
25778,0.6392857142857142,2,0,2,516511,89099,60640,47316,0.8253269850679906,0.3468533519041161
25779,0.6392857142857143,0,3,0,516514,89096,60640,47316,0.825299195968728,0.3468609799724364
25780,0.6393095238095238,0,1,0,516515,89095,60640,47316,0.8252899329356405,0.3468635227364362
25781,0.6393333333333332,0,1,0,516516,89094,60640,47316,0.8252806699025529,0.34686606553771715
25782,0.6393333333333333,3,12,3,516528,89082,60643,47313,0.8251695135055023,0.3468822170900693
25783,0.6393333333333334,6,18,6,516546,89064,60649,47307,0.8250027789099262,0.3468992674395583
25784,0.6393809523809523,0,1,0,516547,89063,60649,47307,0.8249935158768387,0.34690181124880837
25785,0.6393809523809524,0,1,0,516548,89062,60649,47307,0.8249842528437512,0.34690435509536627
25786,0.6393928571428572,1,0,1,516548,89062,60650,47306,0.8249842528437512,0.3468995658805585
25787,0.6394047619047619,0,1,0,516549,89061,60650,47306,0.8249749898106636,0.34690210974795954
25788,0.6394166666666666,0,2,0,516551,89059,60650,47306,0.8249564637444885,0.34690719759469074
25789,0.6394444444444444,0,1,0,516552,89058,60650,47306,0.8249472007114009,0.3469097415740225
25790,0.639452380952381,0,1,0,516553,89057,60650,47306,0.8249379376783134,0.3469122855906661
25791,0.6394812687312686,0,1,0,516554,89056,60650,47306,0.8249286746452258,0.3469148296446224
25792,0.6395000000000001,3,14,3,516568,89042,60653,47303,0.824798992182,0.3469360812644395
25793,0.6395119047619048,0,1,0,516569,89041,60653,47303,0.8247897291489125,0.346938625828786
25794,0.6395170940170939,0,2,0,516571,89039,60653,47303,0.8247712030827374,0.3469437150694577
25795,0.6395238095238095,1,3,1,516574,89036,60654,47302,0.8247434139834747,0.3469465592864792
25796,0.6395454545454545,1,1,1,516575,89035,60655,47301,0.8247341509503872,0.346944314047647
25797,0.6395714285714286,0,1,0,516576,89034,60655,47301,0.8247248879172996,0.3469468588403565
25798,0.6395833333333333,1,1,1,516577,89033,60656,47300,0.8247156248842121,0.34694461355651235
25799,0.6395833333333334,1,0,1,516577,89033,60657,47299,0.8247156248842121,0.34693982337235574
25800,0.6396031746031746,0,1,0,516578,89032,60657,47299,0.8247063618511246,0.3469423682067908
25801,0.6396428571428571,0,1,0,516579,89031,60657,47299,0.824697098818037,0.3469449130785594
25802,0.6396428571428572,0,1,0,516580,89030,60657,47299,0.8246878357849494,0.3469474579876622
25803,0.6396666666666665,0,1,0,516581,89029,60657,47299,0.8246785727518618,0.3469500029341001
25804,0.6396666666666666,2,4,2,516585,89025,60659,47297,0.8246415206195117,0.34695060225055385
25805,0.6396666666666667,2,6,2,516591,89019,60661,47295,0.8245859424209864,0.34695629209032086
25806,0.6396825396825396,0,1,0,516592,89018,60661,47295,0.8245766793878988,0.34695883738161437
25807,0.6396904761904761,1,0,1,516592,89018,60662,47294,0.8245766793878988,0.3469540465989788
25808,0.6396969696969697,0,1,0,516593,89017,60662,47294,0.8245674163548112,0.34695659191114436
25809,0.6397142857142857,0,2,0,516595,89015,60662,47294,0.8245488902886361,0.3469616826475141
25810,0.6397619047619048,1,1,1,516596,89014,60663,47293,0.8245396272555485,0.3469594371528975
25811,0.6398095238095238,0,1,0,516597,89013,60663,47293,0.824530364222461,0.34696198259797806
25812,0.6398333333333333,1,5,1,516602,89008,60664,47292,0.8244840490570232,0.34696991929567134
25813,0.6398333333333334,4,9,4,516611,88999,60668,47288,0.8244006817592352,0.34697366586688383
25814,0.6398571428571427,1,0,1,516611,88999,60669,47287,0.8244006817592352,0.34696887427908957
25815,0.6398571428571428,0,3,0,516614,88996,60669,47287,0.8243728926599726,0.3469765121108282
25816,0.6398809523809523,0,1,0,516615,88995,60669,47287,0.824363629626885,0.34697905812946683
25817,0.6399206349206349,0,3,0,516618,88992,60669,47287,0.8243358405276223,0.3469866964095715
25818,0.6399660894660895,0,1,0,516619,88991,60669,47287,0.8243265774945349,0.3469892425776721
25819,0.6399761904761905,0,1,0,516620,88990,60669,47287,0.8243173144614473,0.34699178878314024
25820,0.6399999999999999,2,26,2,516646,88964,60671,47285,0.8240764756011708,0.3470484187039905
25821,0.64,579,1773,579,518419,87191,61250,46706,0.8076531179369373,0.3488203619199833
25822,0.6400000000000001,0,1,0,518420,87190,61250,46706,0.8076438549038497,0.3488229670789269
25823,0.6400238095238094,0,2,0,518422,87188,61250,46706,0.8076253288376746,0.3488281775135555
25824,0.6400833333333332,0,1,0,518423,87187,61250,46706,0.807616065804587,0.3488307827892422
25825,0.6401053391053391,0,4,0,518427,87183,61250,46706,0.8075790136722368,0.3488412042811583
25826,0.6401190476190476,0,1,0,518428,87182,61250,46706,0.8075697506391493,0.34884380975143403
25827,0.6401587301587301,0,1,0,518429,87181,61250,46706,0.8075604876060617,0.34884641526063026
25828,0.6401666666666667,2,7,2,518436,87174,61252,46704,0.8074956463744488,0.34885492762066955
25829,0.6401666666666668,0,5,0,518441,87169,61252,46704,0.8074493312090111,0.3488679569442681
25830,0.640190476190476,0,1,0,518442,87168,61252,46704,0.8074400681759235,0.34887056292577984
25831,0.6401904761904763,1,0,1,518442,87168,61253,46703,0.8074400681759235,0.34886569906850623
25832,0.6402380952380952,1,3,1,518445,87165,61254,46702,0.8074122790766609,0.3488686532155049
25833,0.6402499999999999,0,1,0,518446,87164,61254,46702,0.8074030160435733,0.3488712593190205
25834,0.6402777777777777,0,1,0,518447,87163,61254,46702,0.8073937530104858,0.34887386546147237
25835,0.6402857142857143,1,2,1,518449,87161,61255,46701,0.8073752269443106,0.34887421374251093
25836,0.6403030303030303,1,0,1,518449,87161,61256,46700,0.8073752269443106,0.3488693495491592
25837,0.6403181818181818,0,1,0,518450,87160,61256,46700,0.8073659639112231,0.34887195577469
25838,0.6403333333333333,3,16,3,518466,87144,61259,46697,0.8072177553818223,0.34889906680314703
25839,0.6403571428571427,1,2,1,518468,87142,61260,46696,0.8071992293156471,0.3488994157115319
25840,0.6403809523809523,0,1,0,518469,87141,61260,46696,0.8071899662825596,0.34890202260959224
25841,0.6403888888888889,1,0,1,518469,87141,61261,46695,0.8071899662825596,0.3488971577154129
25842,0.6404166666666665,0,1,0,518470,87140,61261,46695,0.807180703249472,0.3488997646355587
25843,0.6404166666666667,0,1,0,518471,87139,61261,46695,0.8071714402163844,0.34890237159466203
25844,0.6404285714285715,0,1,0,518472,87138,61261,46695,0.8071621771832969,0.3489049785927238
25845,0.6404444444444445,0,1,0,518473,87137,61261,46695,0.8071529141502094,0.3489075856297448
25846,0.6404523809523809,1,0,1,518473,87137,61262,46694,0.8071529141502094,0.34890272059537775
25847,0.6404761904761904,0,2,0,518475,87135,61262,46694,0.8071343880840343,0.3489079347525574
25848,0.6405,7,9,7,518484,87126,61269,46687,0.8070510207862462,0.34889734181282833
25849,0.6405000000000001,0,2,0,518486,87124,61269,46687,0.8070324947200711,0.3489025565910127
25850,0.640547619047619,0,1,0,518487,87123,61269,46687,0.8070232316869835,0.34890516403856214
25851,0.6405555555555554,0,2,0,518489,87121,61269,46687,0.8070047056208085,0.3489103790505799
25852,0.6405606060606062,0,2,0,518491,87119,61269,46687,0.8069861795546334,0.34891559421849544
25853,0.6406190476190478,0,2,0,518493,87117,61269,46687,0.8069676534884582,0.34892080954231564
25854,0.6406428571428572,0,1,0,518494,87116,61269,46687,0.8069583904553707,0.34892341726269216
25855,0.6406666666666666,10,22,10,518516,87094,61279,46677,0.8067546037274446,0.3489321302823482
25856,0.6406666666666667,2,2,2,518518,87092,61281,46675,0.8067360776612694,0.34892761293891617
25857,0.6406904761904761,0,1,0,518519,87091,61281,46675,0.8067268146281819,0.3489302214314549
25858,0.640702380952381,1,1,1,518520,87090,61282,46674,0.8067175515950943,0.3489279626805418
25859,0.6407142857142857,0,1,0,518521,87089,61282,46674,0.8067082885620067,0.3489305712341978
25860,0.6407619047619048,0,2,0,518523,87087,61282,46674,0.8066897624958317,0.3489357884585193
25861,0.6408055555555555,0,1,0,518524,87086,61282,46674,0.8066804994627441,0.3489383971291866
25862,0.6408333333333331,0,1,0,518525,87085,61282,46674,0.8066712364296565,0.34894100583885945
25863,0.6408333333333333,7,17,7,518542,87068,61289,46667,0.8065137648671681,0.3489512842561783
25864,0.6408333333333335,9,49,9,518591,87019,61298,46658,0.8060598762458779,0.34903536135610463
25865,0.6408571428571428,0,2,0,518593,87017,61298,46658,0.8060413501797028,0.349040583504769
25866,0.6409047619047621,1,4,1,518597,87013,61299,46657,0.8060042980473526,0.349046158449914
25867,0.6409166666666667,0,1,0,518598,87012,61299,46657,0.8059950350142651,0.3490487697222243
25868,0.6409285714285714,1,1,1,518599,87011,61300,46656,0.8059857719811775,0.34904651110595736
25869,0.6409285714285715,2,2,2,518601,87009,61302,46654,0.8059672459150025,0.3490419936706493
25870,0.6409404761904761,0,1,0,518602,87008,61302,46654,0.8059579828819149,0.34904460504855533
25871,0.640952380952381,0,6,0,518608,87002,61302,46654,0.8059024046833896,0.34906027413658947
25872,0.6409999999999999,13,36,13,518644,86966,61315,46641,0.8055689354922376,0.34909099074150307
25873,0.6410000000000001,4,1,4,518645,86965,61319,46637,0.8055596724591501,0.34907411565695123
25874,0.641047619047619,1,0,1,518645,86965,61320,46636,0.8055596724591501,0.3490692434936864
25875,0.6410476190476192,0,4,0,518649,86961,61320,46636,0.8055226203267998,0.3490796949033287
25876,0.6410595238095239,1,2,1,518651,86959,61321,46635,0.8055040942606247,0.3490800485051724
25877,0.6410714285714286,1,0,1,518651,86959,61322,46634,0.8055040942606247,0.34907517609455585
25878,0.6410833333333333,0,1,0,518652,86958,61322,46634,0.8054948312275372,0.34907778908916703
25879,0.6411190476190476,0,1,0,518653,86957,61322,46634,0.8054855681944496,0.3490804021228975
25880,0.6411190476190477,0,1,0,518654,86956,61322,46634,0.805476305161362,0.3490830151957482
25881,0.6411428571428571,1,1,1,518655,86955,61323,46633,0.8054670421282745,0.3490807557565051
25882,0.6411666666666668,2,4,2,518659,86951,61325,46631,0.8054299899959243,0.3490814630713719
25883,0.6412380952380953,0,1,0,518660,86950,61325,46631,0.8054207269628367,0.3490840763282203
25884,0.64125,3,5,3,518665,86945,61328,46628,0.805374411797399,0.3490825241628173
25885,0.6412878787878787,0,1,0,518666,86944,61328,46628,0.8053651487643114,0.3490851376036894
25886,0.641297619047619,0,1,0,518667,86943,61328,46628,0.8053558857312239,0.34908775108369333
25887,0.6413174603174603,1,1,1,518668,86942,61329,46627,0.8053466226981363,0.34908549139396117
25888,0.6413333333333333,6,19,6,518687,86923,61335,46621,0.8051706250694728,0.34910591265800034
25889,0.6413333333333334,0,3,0,518690,86920,61335,46621,0.8051428359702101,0.34911375532607963
25890,0.6413461538461539,0,1,0,518691,86919,61335,46621,0.8051335729371225,0.34911636962707804
25891,0.6413809523809525,1,0,1,518691,86919,61336,46620,0.8051335729371225,0.34911149551816323
25892,0.6414166666666665,0,1,0,518692,86918,61336,46620,0.8051243099040349,0.34911410984139346
25893,0.6414285714285713,1,2,1,518694,86916,61337,46619,0.8051057838378599,0.3491144643726364
25894,0.6414404761904763,2,2,2,518696,86914,61339,46617,0.8050872577716848,0.34910994450726796
25895,0.6414444444444445,0,1,0,518697,86913,61339,46617,0.8050779947385972,0.34911255897551113
25896,0.6415,1,1,1,518698,86912,61340,46616,0.8050687317055096,0.34911029896351325
25897,0.6415000000000001,2,13,2,518711,86899,61342,46614,0.8049483122753714,0.3491345412057253
25898,0.6415833333333333,0,1,0,518712,86898,61342,46614,0.8049390492422839,0.3491371562106777
25899,0.641595238095238,0,1,0,518713,86897,61342,46614,0.8049297862091963,0.349139771254803
25900,0.6416190476190476,1,0,1,518713,86897,61343,46613,0.8049297862091963,0.34913489626245225
25901,0.6416666666666666,47,108,47,518821,86789,61390,46566,0.8039293786357404,0.3491882569082524
25902,0.6416666666666667,18,65,18,518886,86724,61408,46548,0.8033272814850495,0.3492706645056726
25903,0.6416847041847042,1,3,1,518889,86721,61409,46547,0.8032994923857868,0.34927364408560196
25904,0.6416969696969698,1,0,1,518889,86721,61410,46546,0.8032994923857868,0.3492687612087013
25905,0.6417142857142857,0,1,0,518890,86720,61410,46546,0.8032902293526992,0.34927138204793423
25906,0.6417142857142858,0,1,0,518891,86719,61410,46546,0.8032809663196117,0.34927400292649985
25907,0.6417500000000002,0,3,0,518894,86716,61410,46546,0.8032531772203491,0.34928186579820203
25908,0.6417857142857143,0,1,0,518895,86715,61410,46546,0.8032439141872615,0.3492844868341075
25909,0.6418095238095239,0,1,0,518896,86714,61410,46546,0.8032346511541739,0.34928710790935014
25910,0.6418333333333333,0,1,0,518897,86713,61410,46546,0.8032253881210863,0.34928972902393085
25911,0.6418333333333334,1,13,1,518910,86700,61411,46545,0.8031049686909482,0.3493189237870089
25912,0.6418571428571428,0,2,0,518912,86698,61411,46545,0.803086442624773,0.349324167123226
25913,0.6418809523809524,0,1,0,518913,86697,61411,46545,0.8030771795916855,0.3493267888503625
25914,0.6418928571428572,0,1,0,518914,86696,61411,46545,0.803067916558598,0.3493294106168522
25915,0.6419047619047619,0,1,0,518915,86695,61411,46545,0.8030586535255104,0.3493320324226959
25916,0.6419047619047621,0,2,0,518917,86693,61411,46545,0.8030401274593353,0.349337276152449
25917,0.6419444444444445,0,1,0,518918,86692,61411,46545,0.8030308644262477,0.3493398980763602
25918,0.6419523809523809,0,3,0,518921,86689,61411,46545,0.8030030753269851,0.3493477640842428
25919,0.6419761904761905,0,1,0,518922,86688,61411,46545,0.8029938122938975,0.3493503861655896
25920,0.6419761904761906,0,1,0,518923,86687,61411,46545,0.80298454926081,0.34935300828629756
25921,0.6419999999999999,2,10,2,518933,86677,61413,46543,0.8028919189299344,0.34936946404443775
25922,0.642,10,44,10,518977,86633,61423,46533,0.802484345474082,0.3494360422330024
25923,0.6420000000000001,0,2,0,518979,86631,61423,46533,0.802465819407907,0.34944129043885735
25924,0.6420138501849025,0,1,0,518980,86630,61423,46533,0.8024565563748194,0.3494439146009026
25925,0.6420476190476191,0,1,0,518981,86629,61423,46533,0.8024472933417318,0.34944653880236104
25926,0.6420746753246752,0,1,0,518982,86628,61423,46533,0.8024380303086442,0.34944916304323337
25927,0.6420833333333333,1,0,1,518982,86628,61424,46532,0.8024380303086442,0.3494442775608291
25928,0.6420833333333335,0,2,0,518984,86626,61424,46532,0.8024195042424691,0.3494495261268568
25929,0.642095238095238,0,1,0,518985,86625,61424,46532,0.8024102412093816,0.34945215046899525
25930,0.6421428571428572,2,4,2,518989,86621,61426,46530,0.8023731890770314,0.34945287680903636
25931,0.6421666666666667,0,12,0,519001,86609,61426,46530,0.8022620326799808,0.34948437347433886
25932,0.6421904761904762,0,1,0,519002,86608,61426,46530,0.8022527696468932,0.34948699845273323
25933,0.6422222222222222,0,1,0,519003,86607,61426,46530,0.8022435066138056,0.3494896234705604
25934,0.6422380952380952,0,1,0,519004,86606,61426,46530,0.802234243580718,0.3494922485278212
25935,0.64225,1,0,1,519004,86606,61427,46529,0.802234243580718,0.3494873624516468
25936,0.6422500000000001,0,1,0,519005,86605,61427,46529,0.8022249805476305,0.3494899875313594
25937,0.6422539682539683,1,3,1,519008,86602,61428,46528,0.8021971914483679,0.34949297678960417
25938,0.6422857142857142,1,0,1,519008,86602,61429,46527,0.8021971914483679,0.34948809049868923
25939,0.6423333333333332,3,1,3,519009,86601,61432,46524,0.8021879284152803,0.3494760563380282
25940,0.6423333333333333,5,15,5,519024,86586,61437,46519,0.802048982918967,0.34949100334322525
25941,0.6423333333333335,0,1,0,519025,86585,61437,46519,0.8020397198858794,0.34949362904195214
25942,0.6423571428571428,0,1,0,519026,86584,61437,46519,0.8020304568527918,0.3494962547801327
25943,0.642357142857143,1,0,1,519026,86584,61438,46518,0.8020304568527918,0.3494913675226518
25944,0.6423809523809524,2,4,2,519030,86580,61440,46516,0.8019934047204417,0.34949209593075675
25945,0.6424285714285715,0,2,0,519032,86578,61440,46516,0.8019748786542665,0.34949734773919183
25946,0.6424523809523808,0,1,0,519033,86577,61440,46516,0.801965615621179,0.34949997370259894
25947,0.6424523809523809,0,1,0,519034,86576,61440,46516,0.8019563525880914,0.3495025997054669
25948,0.6424880952380951,0,1,0,519035,86575,61440,46516,0.8019470895550039,0.34950522574779663
25949,0.6425,48,166,48,519201,86409,61488,46468,0.8004094260624699,0.34970687176862814
25950,0.6425238095238095,0,1,0,519202,86408,61488,46468,0.8004001630293823,0.3497095035973389
25951,0.6425457875457876,1,1,1,519203,86407,61489,46467,0.8003908999962948,0.34970724144678417
25952,0.642547619047619,0,1,0,519204,86406,61489,46467,0.8003816369632072,0.34970987333769843
25953,0.6425833333333333,0,1,0,519205,86405,61489,46467,0.8003723739301197,0.34971250526822806
25954,0.6425912698412699,0,1,0,519206,86404,61489,46467,0.8003631108970322,0.34971513723837405
25955,0.6426190476190476,0,3,0,519209,86401,61489,46467,0.8003353217977695,0.34972303338651894
25956,0.6426666666666666,6,17,6,519226,86384,61495,46461,0.800177850235281,0.349738416952087
25957,0.6426666666666668,2,5,2,519231,86379,61497,46459,0.8001315350698432,0.34974179075264605
25958,0.6426904761904759,0,1,0,519232,86378,61497,46459,0.8001222720367557,0.34974442361691394
25959,0.6426904761904763,0,1,0,519233,86377,61497,46459,0.8001130090036681,0.34974705652082266
25960,0.6427142857142857,2,2,2,519235,86375,61499,46457,0.8000944829374931,0.34974253192001925
25961,0.6427380952380953,0,1,0,519236,86374,61499,46457,0.8000852199044055,0.34974516490879387
25962,0.6427619047619046,0,1,0,519237,86373,61499,46457,0.8000759568713179,0.349747797937213
25963,0.6427777777777777,0,1,0,519238,86372,61499,46457,0.8000666938382304,0.3497504310052775
25964,0.6428095238095237,0,1,0,519239,86371,61499,46457,0.8000574308051428,0.34975306411298823
25965,0.6428333333333334,1,10,1,519249,86361,61500,46456,0.7999648004742673,0.3497745017580581
25966,0.6428333333333335,0,2,0,519251,86359,61500,46456,0.7999462744080922,0.3497797688514099
25967,0.6428571428571428,0,2,0,519253,86357,61500,46456,0.799927748341917,0.3497850361033935
25968,0.6428571428571429,0,1,0,519254,86356,61500,46456,0.7999184853088295,0.3497876697888745
25969,0.642888888888889,0,1,0,519255,86355,61500,46456,0.799909222275742,0.34979030351401613
25970,0.6429004329004329,0,1,0,519256,86354,61500,46456,0.7998999592426544,0.3497929372788194
25971,0.6429166666666667,1,2,1,519258,86352,61501,46455,0.7998814331764793,0.3497933090876234
25972,0.6429285714285714,0,1,0,519259,86351,61501,46455,0.7998721701433917,0.3497959429543846
25973,0.6429642857142858,0,1,0,519260,86350,61501,46455,0.7998629071103042,0.34979857686081095
25974,0.6429761904761904,1,2,1,519262,86348,61502,46454,0.7998443810441291,0.34979894881101187
25975,0.6429761904761905,0,1,0,519263,86347,61502,46454,0.7998351180110416,0.3498015828194065
25976,0.6429999999999998,0,1,0,519264,86346,61502,46454,0.799825854977954,0.3498042168674699
25977,0.643,4,27,4,519291,86319,61506,46450,0.7995757530845901,0.34985576452334505
25978,0.6430000000000001,0,7,0,519298,86312,61506,46450,0.7995109118529772,0.34987421099410976
25979,0.6430065767565768,1,1,1,519299,86311,61507,46449,0.7995016488198896,0.34987194938234406
25980,0.6430476190476191,1,0,1,519299,86311,61508,46448,0.7995016488198896,0.34986705232790244
25981,0.6430714285714286,0,2,0,519301,86309,61508,46448,0.7994831227537145,0.3498723231166718
25982,0.6430833333333333,0,1,0,519302,86308,61508,46448,0.7994738597206269,0.34987495857061074
25983,0.6431190476190476,0,2,0,519304,86306,61508,46448,0.7994553336544518,0.34988022959760157
25984,0.6431190476190477,0,1,0,519305,86305,61508,46448,0.7994460706213643,0.34988286517065526
25985,0.6431428571428571,0,2,0,519307,86303,61508,46448,0.7994275445551892,0.34988813643588373
25986,0.6431547619047617,0,1,0,519308,86302,61508,46448,0.7994182815221016,0.34989077212806025
25987,0.6431666666666667,4,14,4,519322,86288,61512,46444,0.7992885990588758,0.34990808546544916
25988,0.6431868212197159,0,1,0,519323,86287,61512,46444,0.7992793360257883,0.3499107216852129
25989,0.6432142857142857,0,2,0,519325,86285,61512,46444,0.7992608099596131,0.3499159942439105
25990,0.6432142857142858,0,1,0,519326,86284,61512,46444,0.7992515469265257,0.3499186305828461
25991,0.6432777777777778,0,2,0,519328,86282,61512,46444,0.7992330208603505,0.34992390337989543
25992,0.6432857142857142,1,2,1,519330,86280,61513,46443,0.7992144947941754,0.3499242783843042
25993,0.6433333333333331,1,1,1,519331,86279,61514,46442,0.7992052317610878,0.34992201686244073
25994,0.6433333333333333,48,122,48,519453,86157,61562,46394,0.7980751417244062,0.35000867590587775
25995,0.6433333333333334,63,209,63,519662,85948,61625,46331,0.7961391678091074,0.35025211862805133
25996,0.6433571428571428,0,1,0,519663,85947,61625,46331,0.7961299047760199,0.35025476647666276
25997,0.6433809523809524,0,2,0,519665,85945,61625,46331,0.7961113787098447,0.35026006229399137
25998,0.6433888888888889,0,1,0,519666,85944,61625,46331,0.7961021156767571,0.3502627102627103
25999,0.6434166666666666,0,2,0,519668,85942,61625,46331,0.7960835896105821,0.3502680063202619
26000,0.643452380952381,0,2,0,519670,85940,61625,46331,0.796065063544407,0.3502733025379713
26001,0.6435,6,13,6,519683,85927,61631,46325,0.7959446441142688,0.35027825666152496
26002,0.6435000000000001,0,2,0,519685,85925,61631,46325,0.7959261180480937,0.3502835538752363
26003,0.6435476190476191,0,1,0,519686,85924,61631,46325,0.7959168550150061,0.35028620254217424
26004,0.6435555555555555,1,0,1,519686,85924,61632,46324,0.7959168550150061,0.3502812896981429
26005,0.6435714285714286,0,4,0,519690,85920,61632,46324,0.7958798028826559,0.3502918846979825
26006,0.6435833333333332,1,0,1,519690,85920,61633,46323,0.7958798028826559,0.35028697171116807
26007,0.6436190476190475,0,1,0,519691,85919,61633,46323,0.7958705398495683,0.3502896205441539
26008,0.6436428571428572,0,1,0,519692,85918,61633,46323,0.7958612768164808,0.35029226941720043
26009,0.6436666666666666,1,2,1,519694,85916,61634,46322,0.7958427507503056,0.35029265415387406
26010,0.6436666666666667,1,8,1,519702,85908,61635,46321,0.7957686464856052,0.35030893374373245
26011,0.6437142857142857,0,3,0,519705,85905,61635,46321,0.7957408573863426,0.3503168817025396
26012,0.6437380952380952,0,1,0,519706,85904,61635,46321,0.795731594353255,0.35031953110228775
26013,0.6437380952380954,0,2,0,519708,85902,61635,46321,0.7957130682870799,0.35032483002200826
26014,0.6437474747474746,1,1,1,519709,85901,61636,46320,0.7957038052539923,0.3503225660069127
26015,0.64375,1,2,1,519711,85899,61637,46319,0.7956852791878173,0.3503229514892072
26016,0.6437619047619048,0,1,0,519712,85898,61637,46319,0.7956760161547297,0.3503256010951693
26017,0.6438095238095238,0,4,0,519716,85894,61637,46319,0.7956389640223794,0.35033619991982634
26018,0.6438333333333333,3,5,3,519721,85889,61640,46316,0.7955926488569417,0.3503347074618963
26019,0.6438333333333334,2,3,2,519724,85886,61642,46314,0.7955648597576791,0.35033282904689866
26020,0.6438571428571429,1,2,1,519726,85884,61643,46313,0.795546333691504,0.35033321482333185
26021,0.6438809523809523,0,1,0,519727,85883,61643,46313,0.7955370706584164,0.3503358649278344
26022,0.6438888888888888,0,1,0,519728,85882,61643,46313,0.7955278076253288,0.35033851507243086
26023,0.6439285714285714,0,1,0,519729,85881,61643,46313,0.7955185445922413,0.3503411652571221
26024,0.6439318181818183,0,1,0,519730,85880,61643,46313,0.7955092815591537,0.350343815481909
26025,0.6439523809523808,0,2,0,519732,85878,61643,46313,0.7954907554929787,0.35034911605177355
26026,0.6439523809523812,0,1,0,519733,85877,61643,46313,0.7954814924598911,0.350351766396853
26027,0.6439761904761906,0,1,0,519734,85876,61643,46313,0.7954722294268035,0.3503544167820318
26028,0.6439999999999999,0,3,0,519737,85873,61643,46313,0.7954444403275408,0.3503623681781732
26029,0.644,16,58,16,519795,85815,61659,46297,0.7949071844084628,0.3504375075693351
26030,0.644047619047619,0,2,0,519797,85813,61659,46297,0.7948886583422876,0.3504428128075089
26031,0.6440476190476191,0,1,0,519798,85812,61659,46297,0.7948793953092,0.35044546548683286
26032,0.6440555555555555,1,0,1,519798,85812,61660,46296,0.7948793953092,0.3504405486420202
26033,0.6440833333333333,0,1,0,519799,85811,61660,46296,0.7948701322761125,0.3504432013443648
26034,0.6441666666666666,8,36,8,519835,85775,61668,46288,0.7945366630849605,0.35049938287029675
26035,0.6441666666666667,12,26,12,519861,85749,61680,46276,0.7942958242246841,0.35050937322476805
26036,0.6442063492063492,0,1,0,519862,85748,61680,46276,0.7942865611915966,0.3505120281161001
26037,0.6442619047619047,0,1,0,519863,85747,61680,46276,0.794277298158509,0.35051468304765077
26038,0.6442857142857141,0,1,0,519864,85746,61680,46276,0.7942680351254214,0.35051733801942103
26039,0.6442857142857144,3,6,3,519870,85740,61683,46273,0.7942124569268961,0.35051850954072705
26040,0.6442857142857145,0,1,0,519871,85739,61683,46273,0.7942031938938086,0.35052116474259915
26041,0.6443333333333334,7,18,7,519889,85721,61690,46266,0.7940364592982326,0.3505345223393213
26042,0.6443571428571429,1,0,1,519889,85721,61691,46265,0.7940364592982326,0.3505296016244147
26043,0.6443928571428572,0,1,0,519890,85720,61691,46265,0.7940271962651451,0.35053225745349853
26044,0.6444285714285715,1,0,1,519890,85720,61692,46264,0.7940271962651451,0.3505273366468663
26045,0.6444444444444444,1,1,1,519891,85719,61693,46263,0.7940179332320575,0.3505250716006728
26046,0.6444978354978355,0,1,0,519892,85718,61693,46263,0.7940086701989699,0.3505277274759246
26047,0.6444999999999999,0,3,0,519895,85715,61693,46263,0.7939808810997073,0.35053569534316326
26048,0.6445000000000001,1,2,1,519897,85713,61694,46262,0.7939623550335322,0.3505360863799962
26049,0.6445238095238095,0,1,0,519898,85712,61694,46262,0.7939530920004446,0.35053874247957933
26050,0.6445357142857142,0,2,0,519900,85710,61694,46262,0.7939345659342695,0.3505440547995029
26051,0.6445454545454545,0,1,0,519901,85709,61694,46262,0.793925302901182,0.35054671101984525
26052,0.6445833333333334,0,2,0,519903,85707,61694,46262,0.7939067768350069,0.3505520235812956
26053,0.6446111111111111,0,1,0,519904,85706,61694,46262,0.7938975138019193,0.3505546799224054
26054,0.6446428571428572,0,1,0,519905,85705,61694,46262,0.7938882507688317,0.3505573363037729
26055,0.6446538461538462,0,1,0,519906,85704,61694,46262,0.7938789877357442,0.35055999272539895
26056,0.6446666666666665,1,1,1,519907,85703,61695,46261,0.7938697247026566,0.35055772786517536
26057,0.6446666666666667,4,26,4,519933,85677,61699,46257,0.7936288858423802,0.35060712174268954
26058,0.6446904761904761,0,1,0,519934,85676,61699,46257,0.7936196228092927,0.3506097792061122
26059,0.6446947496947496,0,1,0,519935,85675,61699,46257,0.7936103597762051,0.35061243670982023
26060,0.6446969696969697,0,1,0,519936,85674,61699,46257,0.7936010967431175,0.3506150942538145
26061,0.6447142857142856,0,2,0,519938,85672,61699,46257,0.7935825706769425,0.35062040946266554
26062,0.6447222222222223,0,2,0,519940,85670,61699,46257,0.7935640446107673,0.3506257248326726
26063,0.6447380952380953,0,1,0,519941,85669,61699,46257,0.7935547815776798,0.35062838257811196
26064,0.6447420634920635,0,1,0,519942,85668,61699,46257,0.7935455185445922,0.35063104036384307
26065,0.6447487904252608,0,2,0,519944,85666,61699,46257,0.7935269924784172,0.35063635605618426
26066,0.6447857142857143,0,3,0,519947,85663,61699,46257,0.7934992033791545,0.3506443298969072
26067,0.6448333333333331,0,3,0,519950,85660,61699,46257,0.7934714142798918,0.3506523041003055
26068,0.6448333333333334,1,4,1,519954,85656,61700,46256,0.7934343621475416,0.350658014433865
26069,0.6448611111111111,0,1,0,519955,85655,61700,46256,0.793425099114454,0.3506606727263079
26070,0.6448787878787878,1,0,1,519955,85655,61701,46255,0.793425099114454,0.3506557501326662
26071,0.6448809523809524,0,1,0,519956,85654,61701,46255,0.7934158360813665,0.3506584084482484
26072,0.6448888888888888,0,1,0,519957,85653,61701,46255,0.7934065730482789,0.3506610668041362
26073,0.6449047619047619,1,2,1,519959,85651,61702,46254,0.7933880469821039,0.3506614608998901
26074,0.6449523809523809,1,2,1,519961,85649,61703,46253,0.7933695209159287,0.35066185501357067
26075,0.6449628427128428,0,4,0,519965,85645,61703,46253,0.7933324687835785,0.3506724893478294
26076,0.6449999999999999,0,3,0,519968,85642,61703,46253,0.7933046796843158,0.3506804655218166
26077,0.645,228,581,228,520549,85061,61931,46025,0.7879228574604469,0.3511053812001282
26078,0.6450476190476191,1,1,1,520550,85060,61932,46024,0.7879135944273593,0.35110310945653167
26079,0.6450833333333332,0,1,0,520551,85059,61932,46024,0.7879043313942717,0.3511057879358879
26080,0.6450952380952382,0,1,0,520552,85058,61932,46024,0.7878950683611842,0.35110846645611143
26081,0.6451190476190476,0,2,0,520554,85056,61932,46024,0.787876542295009,0.3511138236191639
26082,0.6451269841269841,0,1,0,520555,85055,61932,46024,0.7878672792619216,0.3511165022619947
26083,0.6451413586413586,0,2,0,520557,85053,61932,46024,0.7878487531957464,0.35112185967027015
26084,0.645142857142857,0,1,0,520558,85052,61932,46024,0.7878394901626589,0.35112453843571667
26085,0.6451666666666666,1,0,1,520558,85052,61933,46023,0.7878394901626589,0.35111958802212473
26086,0.6451666666666667,4,10,4,520568,85042,61937,46019,0.7877468598317833,0.35112657464844615
26087,0.6451666666666668,0,3,0,520571,85039,61937,46019,0.7877190707325207,0.3511346121564498
26088,0.6451904761904761,0,1,0,520572,85038,61937,46019,0.7877098076994331,0.3511372914075555
26089,0.6452142857142857,0,1,0,520573,85037,61937,46019,0.7877005446663455,0.3511399706995483
26090,0.6452380952380952,0,1,0,520574,85036,61937,46019,0.787691281633258,0.3511426500324291
26091,0.6452500000000001,0,1,0,520575,85035,61937,46019,0.7876820186001704,0.35114532940619897
26092,0.6452661064425769,0,1,0,520576,85034,61937,46019,0.7876727555670829,0.3511480088208587
26093,0.6452777777777777,1,1,1,520577,85033,61938,46018,0.7876634925339954,0.3511457371557638
26094,0.6452857142857142,0,1,0,520578,85032,61938,46018,0.7876542295009078,0.3511484166348722
26095,0.6453095238095239,0,2,0,520580,85030,61938,46018,0.7876357034347327,0.3511537757157683
26096,0.6453333333333333,4,17,4,520597,85013,61942,46014,0.7874782318722442,0.351179527883566
26097,0.6453333333333334,1,1,1,520598,85012,61943,46013,0.7874689688391567,0.35117725624880747
26098,0.6453571428571427,0,1,0,520599,85011,61943,46013,0.7874597058060692,0.3511799365001832
26099,0.645357142857143,2,0,2,520599,85011,61945,46011,0.7874597058060692,0.35117003251362366
26100,0.6454444444444445,0,1,0,520600,85010,61945,46011,0.7874504427729816,0.35117271277123513
26101,0.645452380952381,0,1,0,520601,85009,61945,46011,0.787441179739894,0.35117539306976037
26102,0.6454642857142858,0,1,0,520602,85008,61945,46011,0.7874319167068065,0.3511780734092002
26103,0.6454761904761905,1,1,1,520603,85007,61946,46010,0.7874226536737189,0.35117580161353107
26104,0.6455,1,3,1,520606,85004,61947,46009,0.7873948645744563,0.35117889064443986
26105,0.6455000000000001,1,1,1,520607,85003,61948,46008,0.7873856015413687,0.3511766187572036
26106,0.6455119047619047,0,1,0,520608,85002,61948,46008,0.7873763385082811,0.35117929929013053
26107,0.6455238095238096,0,1,0,520609,85001,61948,46008,0.7873670754751936,0.3511819798639788
26108,0.645547619047619,2,0,2,520609,85001,61950,46006,0.7873670754751936,0.35117207477463036
26109,0.6455555555555555,1,3,1,520612,84998,61951,46005,0.787339286375931,0.35117516392754367
26110,0.6455595238095236,0,1,0,520613,84997,61951,46005,0.7873300233428434,0.35117784461305934
26111,0.6456150793650792,0,1,0,520614,84996,61951,46005,0.7873207603097558,0.3511805253395012
26112,0.6456190476190475,0,4,0,520618,84992,61951,46005,0.7872837081774056,0.3511912486545493
26113,0.6456349206349207,0,1,0,520619,84991,61951,46005,0.7872744451443181,0.3511939295856362
26114,0.6456428571428572,0,1,0,520620,84990,61951,46005,0.7872651821112305,0.3511966105576549
26115,0.6456666666666666,4,25,4,520645,84965,61955,46001,0.7870336062840416,0.35124383427759875
26116,0.6456666666666667,0,1,0,520646,84964,61955,46001,0.787024343250954,0.35124651624479825
26117,0.6456904761904763,0,1,0,520647,84963,61955,46001,0.7870150802178666,0.35124919825295503
26118,0.6456944444444445,0,4,0,520651,84959,61955,46001,0.7869780280855163,0.3512599266951741
26119,0.6457142857142857,3,6,3,520657,84953,61958,45998,0.786922449886991,0.3512611587540378
26120,0.6457261904761903,1,1,1,520658,84952,61959,45997,0.7869131868539034,0.35125888704762925
26121,0.64575,1,0,1,520658,84952,61960,45996,0.7869131868539034,0.3512539328588447
26122,0.6457619047619048,0,1,0,520659,84951,61960,45996,0.7869039238208159,0.35125661527182755
26123,0.6457972582972584,0,1,0,520660,84950,61960,45996,0.7868946607877283,0.3512592977257801
26124,0.6458333333333333,7,20,7,520680,84930,61967,45989,0.7867094001259772,0.3512782712975198
26125,0.6458333333333335,11,36,11,520716,84894,61978,45978,0.7863759309348253,0.3513203741059967
26126,0.6458809523809523,0,1,0,520717,84893,61978,45978,0.7863666679017377,0.35132305858440754
26127,0.6459047619047618,1,1,1,520718,84892,61979,45977,0.7863574048686502,0.35132078643529024
26128,0.6459523809523811,0,8,0,520726,84884,61979,45977,0.7862833006039498,0.35134226392890167
26129,0.6459603174603175,0,1,0,520727,84883,61979,45977,0.7862740375708622,0.3513449488002445
26130,0.6459999999999999,23,67,23,520794,84816,62002,45954,0.785653414353996,0.35141087405368204
26131,0.6460000000000001,1,3,1,520797,84813,62003,45953,0.7856256252547335,0.351413976109998
26132,0.6460119047619048,0,1,0,520798,84812,62003,45953,0.7856163622216459,0.35141666348028905
26133,0.6460714285714286,0,1,0,520799,84811,62003,45953,0.7856070991885583,0.35141935089168275
26134,0.6461110278610276,0,3,0,520802,84808,62003,45953,0.7855793100892956,0.35142741337248873
26135,0.6461666666666666,1,4,1,520806,84804,62004,45952,0.7855422579569454,0.35143320383003457
26136,0.6461666666666668,1,4,1,520810,84800,62005,45951,0.7855052058245952,0.3514389947304418
26137,0.64625,1,4,1,520814,84796,62006,45950,0.785468153692245,0.35144478607376134
26138,0.6462619047619049,0,3,0,520817,84793,62006,45950,0.7854403645929823,0.35145285024819684
26139,0.6463095238095238,2,1,2,520818,84792,62008,45948,0.7854311015598948,0.35144561725562184
26140,0.6463214285714287,0,1,0,520819,84791,62008,45948,0.7854218385268072,0.35144830540236655
26141,0.6463333333333331,0,2,0,520821,84789,62008,45948,0.7854033124606321,0.3514536818192249
26142,0.6463333333333332,0,11,0,520832,84778,62008,45948,0.7853014190966691,0.3514832550525527
26143,0.6463333333333334,0,3,0,520835,84775,62008,45948,0.7852736299974064,0.3514913213436044
26144,0.6463636363636363,1,0,1,520835,84775,62009,45947,0.7852736299974064,0.35148636036780345
26145,0.6463809523809525,0,1,0,520836,84774,62009,45947,0.7852643669643188,0.3514890491963801
26146,0.6463888888888889,0,1,0,520837,84773,62009,45947,0.7852551039312312,0.35149173806609546
26147,0.6464166666666666,0,3,0,520840,84770,62009,45947,0.7852273148319686,0.3514998049220836
26148,0.6464285714285714,0,4,0,520844,84766,62009,45947,0.7851902626996183,0.3515105613060675
26149,0.6464285714285716,0,1,0,520845,84765,62009,45947,0.7851809996665308,0.3515132505049269
26150,0.646452380952381,0,1,0,520846,84764,62009,45947,0.7851717366334433,0.3515159397449335
26151,0.6464761904761904,0,1,0,520847,84763,62009,45947,0.7851624736003557,0.35151862902608827
26152,0.6465,1,4,1,520851,84759,62010,45946,0.7851254214680055,0.3515244252323936
26153,0.6465000000000001,2,15,2,520866,84744,62012,45944,0.7849864759716921,0.35155484818805094
26154,0.6465555555555556,0,1,0,520867,84743,62012,45944,0.7849772129386046,0.35155753824022284
26155,0.6466190476190476,1,1,1,520868,84742,62013,45943,0.7849679499055171,0.3515552664804683
26156,0.646654761904762,0,1,0,520869,84741,62013,45943,0.7849586868724295,0.3515579565975942
26157,0.6466666666666666,78,213,78,521082,84528,62091,45865,0.7829856608247805,0.35174434210425404
26158,0.6466666666666667,43,119,43,521201,84409,62134,45822,0.7818833598873616,0.35185170965438334
26159,0.6467142857142858,1,3,1,521204,84406,62135,45821,0.7818555707880989,0.35185483809041135
26160,0.6467499999999998,0,1,0,521205,84405,62135,45821,0.7818463077550113,0.351857539968977
26161,0.6467499999999999,1,1,1,521206,84404,62136,45820,0.7818370447219237,0.3518552647745423
26162,0.6467857142857143,1,0,1,521206,84404,62137,45819,0.7818370447219237,0.3518502875836066
26163,0.6468333333333334,2,11,2,521217,84393,62139,45817,0.7817351513579607,0.35187005606328237
26164,0.6469047619047618,0,1,0,521218,84392,62139,45817,0.7817258883248731,0.3518727584114769
26165,0.6469166666666666,0,1,0,521219,84391,62139,45817,0.7817166252917855,0.35187546080117965
26166,0.6469285714285712,0,3,0,521222,84388,62139,45817,0.7816888361925228,0.3518835682193464
26167,0.6469285714285715,0,1,0,521223,84387,62139,45817,0.7816795731594354,0.3518862707750914
26168,0.6469999999999999,2,8,2,521231,84379,62141,45815,0.7816054688947349,0.3518979369248967
26169,0.647,3,26,3,521257,84353,62144,45812,0.7813646300344584,0.35195329005493026
26170,0.6470238095238097,2,0,2,521257,84353,62146,45810,0.7813646300344584,0.3519433325906748
26171,0.6470714285714285,0,1,0,521258,84352,62146,45810,0.781355367001371,0.3519460364776202
26172,0.6470753968253969,0,1,0,521259,84351,62146,45810,0.7813461039682834,0.3519487404061124
26173,0.6470833333333335,1,7,1,521266,84344,62147,45809,0.7812812627366705,0.35196269006476993
26174,0.6471222943722943,1,3,1,521269,84341,62148,45808,0.7812534736374078,0.3519658237865831
26175,0.6471428571428572,0,8,0,521277,84333,62148,45808,0.7811793693727074,0.3519874597551886
26176,0.6471666666666667,2,7,2,521284,84326,62150,45806,0.7811145281410945,0.35199643438969663
26177,0.6471904761904761,0,1,0,521285,84325,62150,45806,0.7811052651080069,0.3519991393288302
26178,0.6472142857142856,0,2,0,521287,84323,62150,45806,0.7810867390418319,0.3520045493318169
26179,0.6472222222222223,0,1,0,521288,84322,62150,45806,0.7810774760087443,0.35200725439567193
26180,0.64725,0,1,0,521289,84321,62150,45806,0.7810682129756568,0.35200995950110275
26181,0.6472857142857142,0,4,0,521293,84317,62150,45806,0.7810311608433065,0.3520207803386027
26182,0.6473030303030304,0,1,0,521294,84316,62150,45806,0.781021897810219,0.35202348565192665
26183,0.6473333333333332,2,5,2,521299,84311,62152,45804,0.7809755826447812,0.3520270529915844
26184,0.6473333333333333,7,17,7,521316,84294,62159,45797,0.7808181110822928,0.3520381886525586
26185,0.6473333333333335,0,1,0,521317,84293,62159,45797,0.7808088480492053,0.3520408947651626
26186,0.6473611111111112,0,1,0,521318,84292,62159,45797,0.7807995850161177,0.3520436009193706
26187,0.6473809523809524,0,2,0,521320,84290,62159,45797,0.7807810589499425,0.35204901335260247
26188,0.64740873015873,0,1,0,521321,84289,62159,45797,0.780771795916855,0.3520517196316283
26189,0.6474285714285715,0,1,0,521322,84288,62159,45797,0.7807625328837675,0.352054425952262
26190,0.6474285714285716,0,1,0,521323,84287,62159,45797,0.7807532698506799,0.3520571323145045
26191,0.6474761904761905,0,3,0,521326,84284,62159,45797,0.7807254807514172,0.3520652516508944
26192,0.6475,53,174,53,521500,84110,62212,45744,0.7791137129941829,0.3522725522509896
26193,0.6475000000000002,0,2,0,521502,84108,62212,45744,0.7790951869280077,0.3522779780057296
26194,0.6475476190476189,0,1,0,521503,84107,62212,45744,0.7790859238949202,0.3522806909457763
26195,0.6475555555555556,0,1,0,521504,84106,62212,45744,0.7790766608618326,0.35228340392760876
26196,0.6475833333333333,0,1,0,521505,84105,62212,45744,0.779067397828745,0.35228611695122797
26197,0.6475897435897435,0,3,0,521508,84102,62212,45744,0.7790396087294824,0.35229425627281546
26198,0.6475952380952381,0,1,0,521509,84101,62212,45744,0.7790303456963948,0.3522969694635912
26199,0.6476190476190475,0,2,0,521511,84099,62212,45744,0.7790118196302197,0.35230239597051827
26200,0.6476190476190478,0,1,0,521512,84098,62212,45744,0.7790025565971321,0.35230510928667147
26201,0.6476428571428571,1,0,1,521512,84098,62213,45743,0.7790025565971321,0.3523001209171217
26202,0.6476666666666665,1,2,1,521514,84096,62214,45742,0.7789840305309571,0.35230055915833575
26203,0.6476666666666666,2,12,2,521526,84084,62216,45740,0.7788728741339064,0.35232314518116836
26204,0.6476666666666668,1,3,1,521529,84081,62217,45739,0.7788450850346438,0.3523262979510091
26205,0.6476904761904761,0,1,0,521530,84080,62217,45739,0.7788358220015562,0.3523290119319976
26206,0.6477142857142857,0,2,0,521532,84078,62217,45739,0.7788172959353811,0.35233444001941194
26207,0.6477777777777777,1,1,1,521533,84077,62218,45738,0.7788080329022935,0.35233216500404424
26208,0.6477857142857143,0,1,0,521534,84076,62218,45738,0.7787987698692059,0.352334879134762
26209,0.6477857142857144,2,0,2,521534,84076,62220,45736,0.7787987698692059,0.35232490062551997
26210,0.6477896825396826,0,2,0,521536,84074,62220,45736,0.7787802438030309,0.35233032894230026
26211,0.6478333333333333,2,14,2,521550,84060,62222,45734,0.7786505613398051,0.3523583524662157
26212,0.6478611111111111,1,2,1,521552,84058,62223,45733,0.77863203527363,0.3523587922120948
26213,0.6478928571428572,0,1,0,521553,84057,62223,45733,0.7786227722405424,0.35236150704984975
26214,0.6479166666666666,0,1,0,521554,84056,62223,45733,0.7786135092074549,0.35236422192943934
26215,0.6479166666666667,1,3,1,521557,84053,62224,45732,0.7785857201081923,0.35236737681550256
26216,0.6479285714285714,0,1,0,521558,84052,62224,45732,0.7785764570751047,0.3523700918449115
26217,0.6479523809523811,0,2,0,521560,84050,62224,45732,0.7785579310089296,0.35237552202924904
26218,0.6479960317460316,1,2,1,521562,84048,62225,45731,0.7785394049427544,0.35237596221268463
26219,0.6479999999999998,0,2,0,521564,84046,62225,45731,0.7785208788765794,0.3523813926967028
26220,0.648,17,38,17,521602,84008,62242,45714,0.7781688836192523,0.3523997471516011
26221,0.6480000000000001,1,9,1,521611,83999,62243,45713,0.7780855163214643,0.3524192056247687
26222,0.6480119047619047,0,1,0,521612,83998,62243,45713,0.7780762532883767,0.35242192258173943
26223,0.6480129870129869,1,0,1,521612,83998,62244,45712,0.7780762532883767,0.3524169300747822
26224,0.6480238095238094,0,2,0,521614,83996,62244,45712,0.7780577272222017,0.3524223640793166
26225,0.6480555555555556,0,1,0,521615,83995,62244,45712,0.7780484641891141,0.3524250811444255
26226,0.6480595238095239,2,0,2,521615,83995,62246,45710,0.7780484641891141,0.35241509579430247
26227,0.648095238095238,0,1,0,521616,83994,62246,45710,0.7780392011560265,0.3524178128662185
26228,0.6480952380952381,0,1,0,521617,83993,62246,45710,0.778029938122939,0.3524205299800313
26229,0.6481111111111111,1,0,1,521617,83993,62247,45709,0.778029938122939,0.3524155371544001
26230,0.6481666666666667,2,25,2,521642,83968,62249,45707,0.7777983622957502,0.3524734914208598
26231,0.6481666666666668,0,1,0,521643,83967,62249,45707,0.7777890992626626,0.3524762095716952
26232,0.6481904761904762,0,3,0,521646,83964,62249,45707,0.7777613101633999,0.352484364275744
26233,0.6482142857142857,1,1,1,521647,83963,62250,45706,0.7777520471303123,0.3524820890112517
26234,0.64825,0,1,0,521648,83962,62250,45706,0.7777427840972247,0.35248480735416604
26235,0.6482619047619046,0,1,0,521649,83961,62250,45706,0.7777335210641373,0.3524875257390084
26236,0.6482619047619047,0,1,0,521650,83960,62250,45706,0.7777242580310497,0.3524902441657798
26237,0.648297619047619,0,3,0,521653,83957,62250,45706,0.777696468931787,0.3524983996976778
26238,0.6482976190476191,0,3,0,521656,83954,62250,45706,0.7776686798325244,0.3525065556069721
26239,0.6483333333333333,24,87,24,521743,83867,62274,45682,0.7768627959539072,0.35262333171232507
26240,0.6483333333333334,40,118,40,521861,83749,62314,45642,0.7757697580495757,0.35274478132173026
26241,0.6483571428571427,0,1,0,521862,83748,62314,45642,0.7757604950164882,0.3527475075353582
26242,0.6483928571428572,0,1,0,521863,83747,62314,45642,0.7757512319834007,0.35275023379112597
26243,0.6484166666666666,0,3,0,521866,83744,62314,45642,0.775723442884138,0.3527584128112779
26244,0.6484761904761904,0,2,0,521868,83742,62314,45642,0.7757049168179628,0.3527638657020961
26245,0.6484848484848484,0,1,0,521869,83741,62314,45642,0.7756956537848754,0.3527665922107232
26246,0.6485,3,10,3,521879,83731,62317,45639,0.7756030234539998,0.35277885135657416
26247,0.6485000000000001,0,5,0,521884,83726,62317,45639,0.775556708288562,0.3527924863757585
26248,0.6485119047619047,0,1,0,521885,83725,62317,45639,0.7755474452554745,0.3527952135060759
26249,0.6485119047619048,1,2,1,521887,83723,62318,45638,0.7755289191892993,0.35279566484489144
26250,0.648547619047619,1,1,1,521888,83722,62319,45637,0.7755196561562118,0.35279338894085455
26251,0.6485595238095238,1,2,1,521890,83720,62320,45636,0.7755011300900366,0.3527938402548007
26252,0.6485714285714286,1,2,1,521892,83718,62321,45635,0.7754826040238616,0.35279429158968095
26253,0.6485833333333333,1,4,1,521896,83714,62322,45634,0.7754455518915113,0.3528001979157003
26254,0.6486190476190475,1,0,1,521896,83714,62323,45633,0.7754455518915113,0.35279519432224943
26255,0.648642857142857,0,1,0,521897,83713,62323,45633,0.7754362888584238,0.3527979218530144
26256,0.6486547619047619,0,4,0,521901,83709,62323,45633,0.7753992367260736,0.352808832397829
26257,0.6486666666666667,3,15,3,521916,83694,62326,45630,0.7752602912297603,0.3528347406513872
26258,0.6486904761904762,1,1,1,521917,83693,62327,45629,0.7752510281966727,0.352832464700515
26259,0.6487142857142857,0,1,0,521918,83692,62327,45629,0.7752417651635851,0.3528351930467596
26260,0.6487380952380952,2,0,2,521918,83692,62329,45627,0.7752417651635851,0.35282518423433523
26261,0.64875,1,4,1,521922,83688,62330,45626,0.775204713031235,0.3528310933077625
26262,0.6487619047619048,0,2,0,521924,83686,62330,45626,0.7751861869650598,0.35283655035882205
26263,0.6488095238095238,0,4,0,521928,83682,62330,45626,0.7751491348327096,0.35284746496736474
26264,0.6488333333333333,6,10,6,521938,83672,62336,45620,0.775056504501834,0.3528447235714507
26265,0.6488333333333334,0,4,0,521942,83668,62336,45620,0.7750194523694839,0.3528556401212796
26266,0.6488452380952381,1,1,1,521943,83667,62337,45619,0.7750101893363963,0.35285336385996935
26267,0.6488888888888888,0,1,0,521944,83666,62337,45619,0.7750009263033087,0.35285609312758637
26268,0.6489285714285714,0,1,0,521945,83665,62337,45619,0.7749916632702212,0.35285882243742456
26269,0.648952380952381,1,2,1,521947,83663,62338,45618,0.7749731372040461,0.35285927553159396
26270,0.6489761904761905,0,2,0,521949,83661,62338,45618,0.774954611137871,0.35286473441162136
26271,0.6489999999999999,1,0,1,521949,83661,62339,45617,0.774954611137871,0.35285972864679216
26272,0.649,10,38,10,521987,83623,62349,45607,0.7746026158805439,0.35291341019887024
26273,0.6490075757575756,0,2,0,521989,83621,62349,45607,0.7745840898143688,0.3529188720710682
26274,0.649022755022755,0,1,0,521990,83620,62349,45607,0.7745748267812813,0.35292160307056575
26275,0.649047619047619,1,4,1,521994,83616,62350,45606,0.774537774648931,0.35292752008171985
26276,0.6490476190476191,0,1,0,521995,83615,62350,45606,0.7745285116158435,0.3529302512749476
26277,0.6490714285714286,0,1,0,521996,83614,62350,45606,0.7745192485827559,0.3529329825104473
26278,0.6491428571428571,0,1,0,521997,83613,62350,45606,0.7745099855496684,0.35293571378822
26279,0.6491666666666666,8,36,8,522033,83577,62358,45598,0.7741765163585165,0.3529940003870718
26280,0.6491666666666667,5,22,5,522055,83555,62363,45593,0.7739727296305903,0.35302908291262736
26281,0.649202380952381,1,0,1,522055,83555,62364,45592,0.7739727296305903,0.3530240733427799
26282,0.6492142857142857,0,3,0,522058,83552,62364,45592,0.7739449405313276,0.3530322740506721
26283,0.64925,0,1,0,522059,83551,62364,45592,0.77393567749824,0.35303500770463747
26284,0.6492575757575758,0,1,0,522060,83550,62364,45592,0.7739264144651524,0.3530377414009385
26285,0.6492857142857141,1,1,1,522061,83549,62365,45591,0.773917151432065,0.35303546538640235
26286,0.6492857142857144,3,3,3,522064,83546,62368,45588,0.7738893623328023,0.35302863691978875
26287,0.6492985347985346,0,2,0,522066,83544,62368,45588,0.7738708362666271,0.3530341046371155
26288,0.6493333333333332,1,2,1,522068,83542,62369,45587,0.7738523102004521,0.3530345623368879
26289,0.6493333333333333,5,28,5,522096,83514,62374,45582,0.7735929452740005,0.3530860754787135
26290,0.6493452380952381,0,1,0,522097,83513,62374,45582,0.773583682240913,0.35308881056586233
26291,0.6493571428571429,0,2,0,522099,83511,62374,45582,0.7735651561747379,0.35309428086728173
26292,0.6493888888888888,0,1,0,522100,83510,62374,45582,0.7735558931416503,0.35309701608155425
26293,0.6494047619047619,1,2,1,522102,83508,62375,45581,0.7735373670754752,0.35309747538519937
26294,0.6494285714285715,1,3,1,522105,83505,62376,45580,0.7735095779762126,0.3531006701010962
26295,0.6494426406926407,1,0,1,522105,83505,62377,45579,0.7735095779762126,0.353095658640885
26296,0.6494444444444444,0,2,0,522107,83503,62377,45579,0.7734910519100374,0.3531011295145721
26297,0.6494501361641454,1,5,1,522112,83498,62378,45578,0.7734447367445997,0.35310979577923085
26298,0.6494761904761904,1,0,1,522112,83498,62379,45577,0.7734447367445997,0.35310478404028667
26299,0.6494999999999999,2,9,2,522121,83489,62381,45575,0.7733613694468117,0.35311938263187254
26300,0.6495000000000001,3,8,3,522129,83481,62384,45572,0.7732872651821112,0.35312623495773054
26301,0.6495000000000002,2,2,2,522131,83479,62386,45570,0.7732687391159361,0.3531216824617006
26302,0.6495238095238095,0,1,0,522132,83478,62386,45570,0.7732594760828486,0.35312441882090384
26303,0.6495238095238096,0,1,0,522133,83477,62386,45570,0.773250213049761,0.3531271552225158
26304,0.6495811688311687,0,2,0,522135,83475,62386,45570,0.7732316869835859,0.3531326281529699
26305,0.6495833333333333,0,1,0,522136,83474,62386,45570,0.7732224239504983,0.35313536468181395
26306,0.6495833333333334,0,2,0,522138,83472,62386,45570,0.7732038978843232,0.35314083786674105
26307,0.6495984848484849,0,1,0,522139,83471,62386,45570,0.7731946348512357,0.3531435745228261
26308,0.6496428571428571,0,1,0,522140,83470,62386,45570,0.7731853718181482,0.3531463112213267
26309,0.6496428571428572,0,1,0,522141,83469,62386,45570,0.7731761087850606,0.353149047962244
26310,0.6496666666666665,0,3,0,522144,83466,62386,45570,0.7731483196857979,0.35315725843950524
26311,0.6496666666666667,7,18,7,522162,83448,62393,45563,0.772981585090222,0.35317143499391523
26312,0.6497142857142856,0,1,0,522163,83447,62393,45563,0.7729723220571344,0.35317417254476396
26313,0.6497222222222223,0,1,0,522164,83446,62393,45563,0.7729630590240468,0.35317691013805236
26314,0.6497261904761905,0,2,0,522166,83444,62393,45563,0.7729445329578717,0.35318238545195224
26315,0.6497857142857143,0,2,0,522168,83442,62393,45563,0.7729260068916967,0.35318786093562266
26316,0.6498214285714287,0,1,0,522169,83441,62393,45563,0.7729167438586091,0.3531905987411243
26317,0.6498333333333332,1,6,1,522175,83435,62394,45562,0.7728611656600838,0.35320201244990196
26318,0.6498333333333334,0,9,0,522184,83426,62394,45562,0.7727777983622958,0.3532266567432629
26319,0.6498333333333335,0,4,0,522188,83422,62394,45562,0.7727407462299455,0.35323761086646405
26320,0.6498571428571429,0,3,0,522191,83419,62394,45562,0.7727129571306829,0.3532458269047379
26321,0.6498809523809524,0,1,0,522192,83418,62394,45562,0.7727036940975953,0.35324856566909596
26322,0.6499047619047619,0,2,0,522194,83416,62394,45562,0.7726851680314202,0.35325404332521826
26323,0.6499166666666667,0,1,0,522195,83415,62394,45562,0.7726759049983326,0.3532567822169844
26324,0.649939393939394,0,1,0,522196,83414,62394,45562,0.7726666419652451,0.35325952115122194
26325,0.6499404761904762,0,1,0,522197,83413,62394,45562,0.7726573789321576,0.35326226012793177
26326,0.6499523809523811,1,1,1,522198,83412,62395,45561,0.77264811589907,0.35325998464794955
26327,0.649964285714286,0,2,0,522200,83410,62395,45561,0.7726295898328949,0.35326546277845405
26328,0.6499999999999999,0,2,0,522202,83408,62395,45561,0.7726110637667197,0.3532709410788639
26329,0.65,576,1716,576,523918,81692,62971,44985,0.7567156989884768,0.3551157668716499
26330,0.6500000000000001,0,1,0,523919,81691,62971,44985,0.7567064359553892,0.35511857021061605
26331,0.6500238095238094,0,1,0,523920,81690,62971,44985,0.7566971729223017,0.3551213735938425
26332,0.6500714285714285,0,1,0,523921,81689,62971,44985,0.7566879098892141,0.35512417702133037
26333,0.6500952380952378,0,3,0,523924,81686,62971,44985,0.7566601207899515,0.3551325875693726
26334,0.6500952380952382,1,0,1,523924,81686,62972,44984,0.7566601207899515,0.3551274966448251
26335,0.6501190476190476,0,1,0,523925,81685,62972,44984,0.7566508577568639,0.35513030023131154
26336,0.6501428571428572,0,1,0,523926,81684,62972,44984,0.7566415947237763,0.3551331038620646
26337,0.6501666666666667,1,5,1,523931,81679,62973,44983,0.7565952795583386,0.35514203154853075
26338,0.6501666666666668,3,0,3,523931,81679,62976,44980,0.7565952795583386,0.3551267576721749
26339,0.6501969696969698,1,0,1,523931,81679,62977,44979,0.7565952795583386,0.3551216662192676
26340,0.650202380952381,0,1,0,523932,81678,62977,44979,0.756586016525251,0.35512447002534403
26341,0.6502380952380952,2,2,2,523934,81676,62979,44977,0.7565674904590759,0.35511989451493453
26342,0.6502777777777777,0,1,0,523935,81675,62979,44977,0.7565582274259883,0.35512269841771155
26343,0.6502777777777778,0,1,0,523936,81674,62979,44977,0.7565489643929008,0.35512550236476614
26344,0.6502857142857144,0,1,0,523937,81673,62979,44977,0.7565397013598133,0.3551283063560995
26345,0.6503333333333333,5,7,5,523944,81666,62984,44972,0.7564748601282004,0.35512247508646694
26346,0.6503336940836941,2,2,2,523946,81664,62986,44970,0.7564563340620253,0.3551178988265395
26347,0.6503571428571427,0,2,0,523948,81662,62986,44970,0.7564378079958501,0.35512350748625937
26348,0.6503720029970029,0,1,0,523949,81661,62986,44970,0.7564285449627626,0.3551263118825564
26349,0.6503809523809523,1,0,1,523949,81661,62987,44969,0.7564285449627626,0.35512121930032375
26350,0.6504166666666668,0,1,0,523950,81660,62987,44969,0.756419281929675,0.3551240237228439
26351,0.6504523809523809,0,1,0,523951,81659,62987,44969,0.7564100188965875,0.3551268281896579
26352,0.6504761904761903,0,1,0,523952,81658,62987,44969,0.7564007558635,0.3551296327007668
26353,0.6504761904761905,1,3,1,523955,81655,62988,44968,0.7563729667642373,0.35513295372878545
26354,0.6504880952380951,0,1,0,523956,81654,62988,44968,0.7563637037311497,0.3551357583990144
26355,0.6505,8,8,8,523964,81646,62996,44960,0.7562895994664492,0.35511745098968456
26356,0.6505000000000001,0,4,0,523968,81642,62996,44960,0.7562525473340991,0.3551286709530655
26357,0.6505238095238096,0,1,0,523969,81641,62996,44960,0.7562432843010115,0.35513147605469153
26358,0.650547619047619,0,1,0,523970,81640,62996,44960,0.7562340212679239,0.3551342812006319
26359,0.6505714285714285,0,2,0,523972,81638,62996,44960,0.7562154952017489,0.3551398916254601
26360,0.6505952380952381,0,1,0,523973,81637,62996,44960,0.7562062321686613,0.35514269690435
26361,0.6506428571428573,1,1,1,523974,81636,62997,44959,0.7561969691355738,0.3551404083889569
26362,0.6506507936507937,0,1,0,523975,81635,62997,44959,0.7561877061024862,0.35514321373840785
26363,0.6506666666666666,4,14,4,523989,81621,63001,44955,0.7560580236392604,0.35516211604095566
26364,0.6506666666666667,0,3,0,523992,81618,63001,44955,0.7560302345399977,0.3551705340001422
26365,0.650690476190476,0,1,0,523993,81617,63001,44955,0.7560209715069103,0.3551733400752141
26366,0.6507142857142857,3,5,3,523998,81612,63004,44952,0.7559746563414724,0.35517208684934104
26367,0.6507857142857142,0,1,0,523999,81611,63004,44952,0.7559653933083849,0.35517489313622463
26368,0.6508073593073594,1,0,1,523999,81611,63005,44951,0.7559653933083849,0.3551697982016719
26369,0.6508095238095237,0,2,0,524001,81609,63005,44951,0.7559468672422098,0.3551754108723135
26370,0.6508333333333333,7,30,7,524031,81579,63012,44944,0.7556689762495832,0.3552239513764296
26371,0.6508333333333334,15,50,15,524081,81529,63027,44929,0.7552058245952055,0.3552879216815069
26372,0.6508571428571429,1,4,1,524085,81525,63028,44928,0.7551687724628552,0.35529406182534223
26373,0.6508968253968255,0,1,0,524086,81524,63028,44928,0.7551595094297677,0.3552968715401892
26374,0.6509523809523808,1,0,1,524086,81524,63029,44927,0.7551595094297677,0.3552917730978798
26375,0.6509523809523811,1,4,1,524090,81520,63030,44926,0.7551224572974174,0.35529791373392594
26376,0.6509999999999999,20,36,20,524126,81484,63050,44906,0.7547889881062655,0.35529709628926337
26377,0.6510000000000001,0,3,0,524129,81481,63050,44906,0.7547611990070029,0.35530552984088554
26378,0.6510595238095239,0,1,0,524130,81480,63050,44906,0.7547519359739153,0.35530834111373094
26379,0.6510714285714286,2,0,2,524130,81480,63052,44904,0.7547519359739153,0.35529813900493734
26380,0.6510833333333333,0,1,0,524131,81479,63052,44904,0.7547426729408278,0.3553009502860353
26381,0.6510952380952381,0,2,0,524133,81477,63052,44904,0.7547241468746526,0.3553065729816982
26382,0.6511111111111112,0,2,0,524135,81475,63052,44904,0.7547056208084775,0.3553121958553241
26383,0.6511388888888888,0,1,0,524136,81474,63052,44904,0.75469635777539,0.3553150073588758
26384,0.6511666666666666,0,3,0,524139,81471,63052,44904,0.7546685686761273,0.3553234421364985
26385,0.6511666666666668,2,1,2,524140,81470,63054,44902,0.7546593056430397,0.355316051023961
26386,0.6511904761904762,0,5,0,524145,81465,63054,44902,0.754612990477602,0.35533010991793745
26387,0.6512142857142856,1,1,1,524146,81464,63055,44901,0.7546037274445144,0.3553278202033791
26388,0.65125,1,3,1,524149,81461,63056,44900,0.7545759383452517,0.3553311543909909
26389,0.6513253968253967,0,3,0,524152,81458,63056,44900,0.7545481492459891,0.35533959068677884
26390,0.6513333333333332,2,12,2,524164,81446,63058,44898,0.7544369928489385,0.35536313556639015
26391,0.6513333333333334,0,5,0,524169,81441,63058,44898,0.7543906776835007,0.355377199439603
26392,0.6513333333333335,0,1,0,524170,81440,63058,44898,0.7543814146504131,0.35538001234782884
26393,0.6513636363636363,0,1,0,524171,81439,63058,44898,0.7543721516173256,0.35538282530058496
26394,0.6514047619047619,0,1,0,524172,81438,63058,44898,0.7543628885842381,0.35538563829787234
26395,0.6514166666666666,0,2,0,524174,81436,63058,44898,0.7543443625180629,0.35539126442604524
26396,0.6514285714285714,0,1,0,524175,81435,63058,44898,0.7543350994849753,0.35539407755693286
26397,0.6514523809523809,0,2,0,524177,81433,63058,44898,0.7543165734188002,0.35539970395231574
26398,0.6515,0,1,0,524178,81432,63058,44898,0.7543073103857127,0.3554025172168131
26399,0.6515000000000001,2,11,2,524189,81421,63060,44896,0.7542054170217496,0.3554232605270866
26400,0.6515238095238095,0,1,0,524190,81420,63060,44896,0.754196153988662,0.35542607428987616
26401,0.6515476190476189,0,2,0,524192,81418,63060,44896,0.754177627922487,0.35543170194911095
26402,0.6515714285714286,1,1,1,524193,81417,63061,44895,0.7541683648893994,0.3554294128823865
26403,0.6515873015873015,0,1,0,524194,81416,63061,44895,0.7541591018563119,0.35543222680526637
26404,0.651595238095238,0,1,0,524195,81415,63061,44895,0.7541498388232243,0.3554350407727021
26405,0.6516666666666666,27,110,27,524305,81305,63088,44868,0.7531309051835933,0.35560698406156627
26406,0.6516666666666667,21,56,21,524361,81249,63109,44847,0.7526121753306902,0.3556575942139322
26407,0.6517138417138415,0,3,0,524364,81246,63109,44847,0.7525843862314276,0.3556660560062811
26408,0.6517264957264958,0,1,0,524365,81245,63109,44847,0.7525751231983401,0.3556688766932081
26409,0.6517857142857142,0,3,0,524368,81242,63109,44847,0.7525473340990774,0.35567733902243653
26410,0.6517857142857143,1,1,1,524369,81241,63110,44846,0.7525380710659898,0.3556750497672242
26411,0.651809523809524,1,0,1,524369,81241,63111,44845,0.7525380710659898,0.35566993956505877
26412,0.6518333333333334,2,11,2,524380,81230,63113,44843,0.7524361777020268,0.35569075059687644
26413,0.6518333333333335,0,1,0,524381,81229,63113,44843,0.7524269146689392,0.35569357192715273
26414,0.6518571428571428,1,2,1,524383,81227,63114,44842,0.752408388602764,0.3556941040224004
26415,0.6519047619047619,1,0,1,524383,81227,63115,44841,0.752408388602764,0.3556889932417426
26416,0.651904761904762,0,3,0,524386,81224,63115,44841,0.7523805995035014,0.3556974576607306
26417,0.6519166666666666,0,1,0,524387,81223,63115,44841,0.7523713364704139,0.3557002792232517
26418,0.6519444444444444,1,1,1,524388,81222,63116,44840,0.7523620734373263,0.35569798987799656
26419,0.651952380952381,1,0,1,524388,81222,63117,44839,0.7523620734373263,0.355692878844369
26420,0.6519999999999999,1,7,1,524395,81215,63118,44838,0.7522972322057134,0.35570751985276033
26421,0.652,7,19,7,524414,81196,63125,44831,0.7521212345770499,0.3557253604386362
26422,0.6520238095238095,0,2,0,524416,81194,63125,44831,0.7521027085108748,0.35573100575282685
26423,0.6520238095238097,0,2,0,524418,81192,63125,44831,0.7520841824446997,0.3557366512462011
26424,0.6520476190476191,1,0,1,524418,81192,63126,44830,0.7520841824446997,0.3557315389376458
26425,0.6520833333333332,0,2,0,524420,81190,63126,44830,0.7520656563785246,0.35573718457387715
26426,0.6520833333333335,1,0,1,524420,81190,63127,44829,0.7520656563785246,0.35573207214785074
26427,0.6520898268398266,0,1,0,524421,81189,63127,44829,0.7520563933454371,0.35573489501499783
26428,0.6521428571428572,2,4,2,524425,81185,63129,44827,0.7520193412130868,0.3557359616544456
26429,0.6521666666666667,2,6,2,524431,81179,63131,44825,0.7519637630145615,0.3557426748357195
26430,0.6521904761904763,0,1,0,524432,81178,63131,44825,0.7519544999814739,0.35574549812306056
26431,0.6522349624060151,0,1,0,524433,81177,63131,44825,0.7519452369483863,0.355748321455215
26432,0.6522380952380954,0,1,0,524434,81176,63131,44825,0.7519359739152989,0.3557511448321839
26433,0.6522619047619048,0,1,0,524435,81175,63131,44825,0.7519267108822113,0.35575396825396827
26434,0.6522835497835499,1,0,1,524435,81175,63132,44824,0.7519267108822113,0.35574885514964405
26435,0.6522857142857142,0,1,0,524436,81174,63132,44824,0.7519174478491237,0.355751678598073
26436,0.6523134643134643,1,4,1,524440,81170,63133,44823,0.7518803957167735,0.35575785956362654
26437,0.6523333333333332,2,4,2,524444,81166,63135,44821,0.7518433435844233,0.3557589275083937
26438,0.6523333333333333,1,11,1,524455,81155,63136,44820,0.7517414502204602,0.3557848779519746
26439,0.6523333333333334,0,1,0,524456,81154,63136,44820,0.7517321871873727,0.3557877022242685
26440,0.652357142857143,0,1,0,524457,81153,63136,44820,0.7517229241542851,0.35579052654140175
26441,0.6523809523809523,1,0,1,524457,81153,63137,44819,0.7517229241542851,0.3557854126313784
26442,0.6523809523809524,1,2,1,524459,81151,63138,44818,0.75170439808811,0.3557859473362494
26443,0.6523888888888888,0,1,0,524460,81150,63138,44818,0.7516951350550224,0.35578877175155593
26444,0.6524047619047618,1,0,1,524460,81150,63139,44817,0.7516951350550224,0.35578365762461595
26445,0.6524166666666668,0,2,0,524462,81148,63139,44817,0.7516766089888474,0.3557893065534077
26446,0.6524242424242425,0,1,0,524463,81147,63139,44817,0.7516673459557598,0.3557921310850719
26447,0.6524523809523811,0,1,0,524464,81146,63139,44817,0.7516580829226722,0.35579495566158315
26448,0.6524642857142857,0,4,0,524468,81142,63139,44817,0.7516210307903219,0.3558062544161195
26449,0.6524999999999999,1,1,1,524469,81141,63140,44816,0.7516117677572345,0.3558039648451456
26450,0.6525,56,151,56,524620,80990,63196,44760,0.7502130497610138,0.3559443339960239
26451,0.6525238095238095,0,1,0,524621,80989,63196,44760,0.7502037867279262,0.35594716458977804
26452,0.6525324675324674,0,4,0,524625,80985,63196,44760,0.7501667345955759,0.3559584874150066
26453,0.6525476190476189,1,0,1,524625,80985,63197,44759,0.7501667345955759,0.35595336556813845
26454,0.6525595238095238,0,1,0,524626,80984,63197,44759,0.7501574715624885,0.35595619636878395
26455,0.6525714285714286,1,0,1,524626,80984,63198,44758,0.7501574715624885,0.3559510744222296
26456,0.6525952380952381,1,0,1,524626,80984,63199,44757,0.7501574715624885,0.3559459523942071
26457,0.6526190476190475,0,2,0,524628,80982,63199,44757,0.7501389454963133,0.35595161405769093
26458,0.6526428571428571,0,1,0,524629,80981,63199,44757,0.7501296824632258,0.35595444495697404
26459,0.6526666666666665,0,3,0,524632,80978,63199,44757,0.750101893363963,0.355962937925001
26460,0.6526666666666666,6,17,6,524649,80961,63205,44751,0.7499444218014747,0.3559803360061092
26461,0.6526666666666668,0,3,0,524652,80958,63205,44751,0.749916632702212,0.3559888313485908
26462,0.6527142857142857,0,2,0,524654,80956,63205,44751,0.749898106636037,0.3559944951355135
26463,0.6527499999999999,0,2,0,524656,80954,63205,44751,0.7498795805698618,0.356000159102661
26464,0.65275,1,1,1,524657,80953,63206,44750,0.7498703175367742,0.3559978679904219
26465,0.6527619047619048,1,0,1,524657,80953,63207,44749,0.7498703175367742,0.35599274474550924
26466,0.6527777777777777,0,1,0,524658,80952,63207,44749,0.7498610545036867,0.355995576805276
26467,0.6528095238095238,0,2,0,524660,80950,63207,44749,0.7498425284375115,0.35600124105999253
26468,0.6528214285714284,0,1,0,524661,80949,63207,44749,0.7498332654044241,0.3560040732549444
26469,0.6528333333333333,2,6,2,524667,80943,63209,44747,0.7497776872058987,0.356010820272098
26470,0.6528571428571428,1,7,1,524674,80936,63210,44746,0.7497128459742858,0.35602552473703475
26471,0.6529166666666667,0,1,0,524675,80935,63210,44746,0.7497035829411983,0.3560283575082948
26472,0.653,8,21,8,524696,80914,63218,44738,0.7495090592463596,0.3560468595804285
26473,0.6530000000000001,2,4,2,524700,80910,63220,44736,0.7494720071140094,0.35604794422424907
26474,0.6530238095238096,0,1,0,524701,80909,63220,44736,0.7494627440809218,0.3560507779855943
26475,0.6530833333333333,0,2,0,524703,80907,63220,44736,0.7494442180147467,0.3560564456436093
26476,0.653095238095238,0,2,0,524705,80905,63220,44736,0.7494256919485717,0.35606211348206396
26477,0.6530952380952381,0,1,0,524706,80904,63220,44736,0.7494164289154841,0.35606494746895895
26478,0.6531190476190477,0,2,0,524708,80902,63220,44736,0.749397902849309,0.35607061557808944
26479,0.6531666666666665,1,1,1,524709,80901,63221,44735,0.7493886398162214,0.3560683243656277
26480,0.6531666666666667,2,3,2,524712,80898,63223,44733,0.7493608507169588,0.35606657592473195
26481,0.6531666666666668,0,1,0,524713,80897,63223,44733,0.7493515876838712,0.3560694101727294
26482,0.6531944444444444,1,0,1,524713,80897,63224,44732,0.7493515876838712,0.35606428452029387
26483,0.6532142857142855,0,2,0,524715,80895,63224,44732,0.7493330616176961,0.3560699531151743
26484,0.65325,1,0,1,524715,80895,63225,44731,0.7493330616176961,0.35606482734465794
26485,0.6533333333333333,45,141,45,524856,80754,63270,44686,0.748026973952351,0.35623405612244896
26486,0.6533333333333334,67,203,67,525059,80551,63337,44619,0.7461465782355775,0.35646720460174164
26487,0.6533809523809524,1,1,1,525060,80550,63338,44618,0.7461373152024899,0.35646491115940176
26488,0.6533928571428572,0,1,0,525061,80549,63338,44618,0.7461280521694024,0.3564677590738773
26489,0.6534444444444444,1,0,1,525061,80549,63339,44617,0.7461280521694024,0.3564626176437691
26490,0.6534523809523809,0,1,0,525062,80548,63339,44617,0.7461187891363148,0.35646546558542724
26491,0.6534920634920635,0,1,0,525063,80547,63339,44617,0.7461095261032272,0.35646831357259273
26492,0.6535,5,15,5,525078,80532,63344,44612,0.7459705806069139,0.3564853289011059
26493,0.6535000000000001,0,1,0,525079,80531,63344,44612,0.7459613175738263,0.3564881775249115
26494,0.6535067155067154,1,3,1,525082,80528,63345,44611,0.7459335284745637,0.356491581361526
26495,0.6535119047619048,0,1,0,525083,80527,63345,44611,0.7459242654414762,0.35649443014911536
26496,0.6535476190476192,0,1,0,525084,80526,63345,44611,0.7459150024083886,0.3564972789822355
26497,0.6535714285714286,0,4,0,525088,80522,63345,44611,0.7458779502760384,0.35650867477004466
26498,0.6535833333333333,1,1,1,525089,80521,63346,44610,0.7458686872429509,0.3565063813123846
26499,0.6536190476190477,1,0,1,525089,80521,63347,44609,0.7458686872429509,0.3565012387117398
26500,0.6536428571428572,1,2,1,525091,80519,63348,44608,0.7458501611767757,0.356501794177116
26501,0.6536666666666665,1,0,1,525091,80519,63349,44607,0.7458501611767757,0.3564966513754136
26502,0.6536666666666666,0,3,0,525094,80516,63349,44607,0.745822372077513,0.3565051988842978
26503,0.6536666666666667,2,7,2,525101,80509,63351,44605,0.7457575308459001,0.3565148584490944
26504,0.6536904761904762,0,1,0,525102,80508,63351,44605,0.7457482678128127,0.35651770799197524
26505,0.6537380952380951,1,0,1,525102,80508,63352,44604,0.7457482678128127,0.35651256474199117
26506,0.65375,3,5,3,525107,80503,63355,44601,0.7457019526473748,0.35651138252973524
26507,0.6538095238095238,0,4,0,525111,80499,63355,44601,0.7456649005150247,0.35652278177458036
26508,0.6538333333333333,3,11,3,525122,80488,63358,44598,0.7455630071510615,0.35653870137345506
26509,0.653845238095238,1,0,1,525122,80488,63359,44597,0.7455630071510615,0.35653355718111684
26510,0.6539166666666667,0,1,0,525123,80487,63359,44597,0.745553744117974,0.35653640753413707
26511,0.6539285714285714,0,2,0,525125,80485,63359,44597,0.7455352180517989,0.35654210837690475
26512,0.6539999999999999,1,6,1,525131,80479,63360,44596,0.7454796398532736,0.35655406755946434
26513,0.654,21,61,21,525192,80418,63381,44575,0.7449145948349327,0.3566199707183602
26514,0.6540416666666665,1,7,1,525199,80411,63382,44574,0.7448497536033198,0.35663479617554106
26515,0.654047619047619,2,1,2,525200,80410,63384,44572,0.7448404905702323,0.3566273543390248
26516,0.6540604395604396,0,1,0,525201,80409,63384,44572,0.7448312275371448,0.35663020779158433
26517,0.6541666666666666,10,38,10,525239,80371,63394,44562,0.7444792322798177,0.3566871843308013
26518,0.6541666666666667,4,29,4,525268,80342,63398,44558,0.7442106043202786,0.3567493995196157
26519,0.6541984126984126,1,0,1,525268,80342,63399,44557,0.7442106043202786,0.3567442493534776
26520,0.6542142857142857,0,3,0,525271,80339,63399,44557,0.7441828152210159,0.35675281834486294
26521,0.6542857142857141,0,1,0,525272,80338,63399,44557,0.7441735521879285,0.35675567476680414
26522,0.6542857142857144,2,6,2,525278,80332,63401,44555,0.744117973989403,0.35676251331203407
26523,0.6543333333333333,8,18,8,525296,80314,63409,44547,0.7439512393938271,0.35677273127718023
26524,0.65434126984127,0,1,0,525297,80313,63409,44547,0.7439419763607396,0.3567755886592984
26525,0.6543571428571429,0,2,0,525299,80311,63409,44547,0.7439234502945644,0.35678130356084514
26526,0.6544444444444443,1,0,1,525299,80311,63410,44546,0.7439234502945644,0.35677615191779394
26527,0.6544444444444444,0,1,0,525300,80310,63410,44546,0.7439141872614768,0.3567790094188505
26528,0.654452380952381,0,3,0,525303,80307,63410,44546,0.7438863981622142,0.3567875821966633
26529,0.6544523809523811,0,1,0,525304,80306,63410,44546,0.7438771351291267,0.3567904398808189
26530,0.6544761904761904,0,1,0,525305,80305,63410,44546,0.7438678720960391,0.356793297610752
26531,0.6544999999999999,0,2,0,525307,80303,63410,44546,0.743849346029864,0.3567990132079552
26532,0.6545000000000001,0,9,0,525316,80294,63410,44546,0.7437659787320761,0.3568247356616469
26533,0.6545238095238096,0,3,0,525319,80291,63410,44546,0.7437381896328134,0.35683331063707074
26534,0.6545833333333333,0,1,0,525320,80290,63410,44546,0.7437289265997258,0.35683616905379856
26535,0.6545833333333334,0,1,0,525321,80289,63410,44546,0.7437196635666382,0.35683902751632157
26536,0.6546190476190477,0,2,0,525323,80287,63410,44546,0.7437011375004632,0.3568447445787572
26537,0.6546666666666665,1,1,1,525324,80286,63411,44545,0.7436918744673756,0.35684245099374357
26538,0.6546666666666667,3,20,3,525344,80266,63414,44542,0.7435066138056245,0.3568841740914044
26539,0.6546666666666668,1,0,1,525344,80266,63415,44541,0.7435066138056245,0.3568790212087463
26540,0.6547222222222221,0,1,0,525345,80265,63415,44541,0.743497350772537,0.35688188067881355
26541,0.6547499999999999,0,2,0,525347,80263,63415,44541,0.7434788247063618,0.35688759975641804
26542,0.6548095238095237,0,4,0,525351,80259,63415,44541,0.7434417725740117,0.3568990384615385
26543,0.6548333333333332,1,5,1,525356,80254,63416,44540,0.7433954574085738,0.35690818468836644
26544,0.6548333333333334,1,10,1,525366,80244,63417,44539,0.7433028270776983,0.3569316333154356
26545,0.6548809523809525,0,1,0,525367,80243,63417,44539,0.7432935640446108,0.3569344937571124
26546,0.654952380952381,1,0,1,525367,80243,63418,44538,0.7432935640446108,0.3569293402040375
26547,0.6549761904761905,0,1,0,525368,80242,63418,44538,0.7432843010115232,0.3569322006731848
26548,0.6549999999999998,1,2,1,525370,80240,63419,44537,0.7432657749453481,0.35693276805821583
26549,0.655,188,579,188,525949,79661,63607,44349,0.7379024787876542,0.3576243851302314
26550,0.655040404040404,0,1,0,525950,79660,63607,44349,0.7378932157545667,0.35762726898854114
26551,0.6550833333333334,0,1,0,525951,79659,63607,44349,0.7378839527214791,0.3576301528933617
26552,0.6551046176046177,0,1,0,525952,79658,63607,44349,0.7378746896883915,0.3576330368446943
26553,0.6551121933621935,1,2,1,525954,79656,63608,44348,0.7378561636222165,0.35763362472178317
26554,0.6551190476190476,0,1,0,525955,79655,63608,44348,0.7378469005891289,0.35763650879414205
26555,0.6551428571428572,0,1,0,525956,79654,63608,44348,0.7378376375560414,0.35763939291301755
26556,0.6551666666666667,0,6,0,525962,79648,63608,44348,0.7377820593575161,0.3576566986031807
26557,0.6551666666666668,0,2,0,525964,79646,63608,44348,0.7377635332913409,0.35766246753875186
26558,0.6551904761904762,0,1,0,525965,79645,63608,44348,0.7377542702582534,0.3576653520763269
26559,0.6552142857142857,1,2,1,525967,79643,63609,44347,0.7377357441920782,0.3576659408016776
26560,0.6552380952380952,0,1,0,525968,79642,63609,44347,0.7377264811589908,0.3576688254603231
26561,0.6552500000000001,0,1,0,525969,79641,63609,44347,0.7377172181259032,0.35767171016549987
26562,0.6552777777777777,1,0,1,525969,79641,63610,44346,0.7377172181259032,0.3576665295555179
26563,0.6552857142857142,0,1,0,525970,79640,63610,44346,0.7377079550928156,0.35766941428871
26564,0.6553333333333333,3,23,3,525993,79617,63613,44343,0.7374949053318018,0.35772023233301065
26565,0.6553333333333334,1,2,1,525995,79615,63614,44342,0.7374763792656267,0.3577208225433013
26566,0.6553492063492063,0,1,0,525996,79614,63614,44342,0.7374671162325391,0.35772370841266254
26567,0.6553571428571427,1,0,1,525996,79614,63615,44341,0.7374671162325391,0.3577185268847566
26568,0.6553730158730159,0,1,0,525997,79613,63615,44341,0.7374578531994517,0.35772141278216113
26569,0.6553939393939393,0,1,0,525998,79612,63615,44341,0.7374485901663641,0.35772429872613004
26570,0.6554166666666665,0,1,0,525999,79611,63615,44341,0.7374393271332765,0.35772718471666454
26571,0.6554166666666668,0,1,0,526000,79610,63615,44341,0.737430064100189,0.3577300707537656
26572,0.6554523809523809,0,1,0,526001,79609,63615,44341,0.7374208010671014,0.35773295683743445
26573,0.655452380952381,0,2,0,526003,79607,63615,44341,0.7374022750009263,0.35773872914447996
26574,0.6554761904761905,1,0,1,526003,79607,63616,44340,0.7374022750009263,0.35773354740332564
26575,0.6554999999999999,1,0,1,526003,79607,63617,44339,0.7374022750009263,0.3577283655785584
26576,0.6555,5,11,5,526014,79596,63622,44334,0.7373003816369632,0.3577342047930283
26577,0.6555000000000001,2,2,2,526016,79594,63624,44332,0.7372818555707881,0.3577296128334651
26578,0.6555079365079364,1,0,1,526016,79594,63625,44331,0.7372818555707881,0.35772443009885013
26579,0.6555238095238096,1,0,1,526016,79594,63626,44330,0.7372818555707881,0.35771924728059135
26580,0.655531746031746,1,0,1,526016,79594,63627,44329,0.7372818555707881,0.35771406437868675
26581,0.6555555555555554,1,0,1,526016,79594,63628,44328,0.7372818555707881,0.3577088813931344
26582,0.6555555555555556,2,0,2,526016,79594,63630,44326,0.7372818555707881,0.3576985151710781
26583,0.6555714285714285,0,1,0,526017,79593,63630,44326,0.7372725925377005,0.35770140172209264
26584,0.6555833333333334,0,1,0,526018,79592,63630,44326,0.737263329504613,0.3577042883196953
26585,0.6556666666666665,1,2,1,526020,79590,63631,44325,0.7372448034384379,0.35770487834402614
26586,0.6556666666666666,5,8,5,526028,79582,63636,44320,0.7371706991737375,0.35770205484980067
26587,0.6557142857142857,1,3,1,526031,79579,63637,44319,0.7371429100744747,0.35770553196984617
26588,0.6557619047619048,0,1,0,526032,79578,63637,44319,0.7371336470413873,0.35770841909005063
26589,0.6557692307692308,0,1,0,526033,79577,63637,44319,0.7371243840082997,0.3577113062568606
26590,0.6557857142857142,1,0,1,526033,79577,63638,44318,0.7371243840082997,0.35770612211953673
26591,0.6557857142857144,1,0,1,526033,79577,63639,44317,0.7371243840082997,0.35770093789852614
26592,0.6558333333333333,8,36,8,526069,79541,63647,44309,0.7367909148171478,0.3577634234961647
26593,0.6558333333333334,19,48,19,526117,79493,63666,44290,0.7363462892289451,0.35780357561216
26594,0.6558571428571429,0,6,0,526123,79487,63666,44290,0.7362907110304198,0.35782091988010695
26595,0.6558928571428573,0,1,0,526124,79486,63666,44290,0.7362814479973322,0.3578238107549121
26596,0.6559126984126985,0,1,0,526125,79485,63666,44290,0.7362721849642447,0.357826701676429
26597,0.6559325396825397,1,0,1,526125,79485,63667,44289,0.7362721849642447,0.35782151340346113
26598,0.6559523809523811,0,4,0,526129,79481,63667,44289,0.7362351328318945,0.3578330774824271
26599,0.6559642857142856,0,1,0,526130,79480,63667,44289,0.7362258697988069,0.3578359686189595
26600,0.6559761904761905,0,1,0,526131,79479,63667,44289,0.7362166067657193,0.3578388598022106
26601,0.6559999999999999,10,50,10,526181,79429,63677,44279,0.7357534551113416,0.3579315808193488
26602,0.6560000000000001,0,2,0,526183,79427,63677,44279,0.7357349290451666,0.3579373676297027
26603,0.656047619047619,0,1,0,526184,79426,63677,44279,0.735725666012079,0.3579402611050483
26604,0.6560714285714284,0,1,0,526185,79425,63677,44279,0.7357164029789914,0.3579431546271745
26605,0.6560714285714286,1,0,1,526185,79425,63678,44278,0.7357164029789914,0.3579379643177611
26606,0.6560833333333332,0,1,0,526186,79424,63678,44278,0.7357071399459039,0.35794085786810237
26607,0.6560854978354979,0,1,0,526187,79423,63678,44278,0.7356978769128163,0.3579437514652266
26608,0.6561190476190475,0,2,0,526189,79421,63678,44278,0.7356793508466413,0.3579495387998286
26609,0.6561190476190477,0,1,0,526190,79420,63678,44278,0.7356700878135537,0.35795243253730863
26610,0.6561428571428572,0,1,0,526191,79419,63678,44278,0.7356608247804661,0.3579553263215761
26611,0.6561666666666666,1,3,1,526194,79416,63679,44277,0.7356330356812034,0.3579588173946788
26612,0.6561666666666668,2,7,2,526201,79409,63681,44275,0.7355681944495905,0.357968694414799
26613,0.6561904761904762,1,5,1,526206,79404,63682,44274,0.7355218792841528,0.3579779750642798
26614,0.6562142857142856,1,3,1,526209,79401,63683,44273,0.7354940901848901,0.3579814674062455
26615,0.65625,0,2,0,526211,79399,63683,44273,0.7354755641187151,0.35798725661427
26616,0.6563015873015874,1,4,1,526215,79395,63684,44272,0.7354385119863648,0.3579936442219832
26617,0.6563030303030304,0,1,0,526216,79394,63684,44272,0.7354292489532772,0.35799653906490064
26618,0.6563333333333332,1,15,1,526231,79379,63685,44271,0.735290303456964,0.3580347755762232
26619,0.6563333333333334,1,3,1,526234,79376,63686,44270,0.7352625143577013,0.35803827054656034
26620,0.6563611111111111,1,0,1,526234,79376,63687,44269,0.7352625143577013,0.3580330785717174
26621,0.6564047619047619,0,1,0,526235,79375,63687,44269,0.7352532513246137,0.35803597424864936
26622,0.6564166666666666,0,2,0,526237,79373,63687,44269,0.7352347252584386,0.3580417657430323
26623,0.6564642857142857,0,2,0,526239,79371,63687,44269,0.7352161991922636,0.3580475574247816
26624,0.6564761904761904,0,1,0,526240,79370,63687,44269,0.735206936159176,0.3580504533359215
26625,0.6564761904761905,0,1,0,526241,79369,63687,44269,0.7351976731260884,0.3580533492939064
26626,0.6564999999999999,0,6,0,526247,79363,63687,44269,0.7351420949275631,0.35807072602562445
26627,0.6565000000000001,3,19,3,526266,79344,63690,44266,0.7349660972988995,0.35811018526009225
26628,0.6565476190476189,0,2,0,526268,79342,63690,44266,0.7349475712327245,0.3581159795482493
26629,0.6565476190476193,0,1,0,526269,79341,63690,44266,0.7349383081996369,0.35811887676264287
26630,0.6565634920634921,0,3,0,526272,79338,63690,44266,0.7349105191003742,0.3581275686870975
26631,0.6565714285714286,0,1,0,526273,79337,63690,44266,0.7349012560672866,0.3581304660890108
26632,0.6566071428571427,1,0,1,526273,79337,63691,44265,0.7349012560672866,0.35812527305383407
26633,0.6566190476190477,0,3,0,526276,79334,63691,44265,0.734873466968024,0.35813396548515763
26634,0.6566547619047618,0,1,0,526277,79333,63691,44265,0.7348642039349365,0.3581368630560365
26635,0.6566666666666666,62,202,62,526479,79131,63753,44203,0.7329930712512505,0.3584007654012681
26636,0.6566666666666667,49,115,49,526594,79016,63802,44154,0.7319278224461818,0.35848014938702605
26637,0.6566666666666668,0,2,0,526596,79014,63802,44154,0.7319092963800067,0.3584859703819174
26638,0.6566727994227994,1,1,1,526597,79013,63803,44153,0.7319000333469191,0.3584836724420701
26639,0.6567142857142858,1,1,1,526598,79012,63804,44152,0.7318907703138315,0.3584813744275925
26640,0.65675,0,3,0,526601,79009,63804,44152,0.7318629812145689,0.3584901064460341
26641,0.6567828772534655,1,0,1,526601,79009,63805,44151,0.7318629812145689,0.3584848976940565
26642,0.6567857142857142,0,1,0,526602,79008,63805,44151,0.7318537181814814,0.35848780844274475
26643,0.6567857142857143,2,3,2,526605,79005,63807,44149,0.7318259290822187,0.35848612306543026
26644,0.6568095238095237,1,0,1,526605,79005,63808,44148,0.7318259290822187,0.358480913985043
26645,0.6568174603174604,1,2,1,526607,79003,63809,44147,0.7318074030160435,0.35848152659358506
26646,0.6568333333333333,1,1,1,526608,79002,63810,44146,0.7317981399829561,0.3584792282456881
26647,0.6568333333333334,3,14,3,526622,78988,63813,44143,0.7316684575197303,0.35850435714807805
26648,0.6568333333333335,0,4,0,526626,78984,63813,44143,0.73163140538738,0.3585160038009535
26649,0.6568571428571428,0,1,0,526627,78983,63813,44143,0.7316221423542925,0.3585189155824115
26650,0.6569047619047619,1,0,1,526627,78983,63814,44142,0.7316221423542925,0.35851370558375634
26651,0.6569166666666666,0,1,0,526628,78982,63814,44142,0.7316128793212049,0.3585166173938468
26652,0.656936507936508,0,1,0,526629,78981,63814,44142,0.7316036162881174,0.3585195292512366
26653,0.6569444444444444,0,1,0,526630,78980,63814,44142,0.7315943532550299,0.35852244115592663
26654,0.6569761904761904,0,2,0,526632,78978,63814,44142,0.7315758271888547,0.3585282651072125
26655,0.6569999999999999,0,2,0,526634,78976,63814,44142,0.7315573011226796,0.35853408924771357
26656,0.657,3,13,3,526647,78963,63817,44139,0.7314368816925414,0.3585563191499732
26657,0.6570000000000001,0,2,0,526649,78961,63817,44139,0.7314183556263663,0.3585621445978879
26658,0.6570238095238095,0,1,0,526650,78960,63817,44139,0.7314090925932788,0.3585650573928302
26659,0.6570833333333332,2,5,2,526655,78955,63819,44137,0.731362777427841,0.35856920027296657
26660,0.6570952380952383,0,1,0,526656,78954,63819,44137,0.7313535143947534,0.35857211331453964
26661,0.657142857142857,0,1,0,526657,78953,63819,44137,0.7313442513616658,0.35857502640344463
26662,0.6571428571428573,2,2,2,526659,78951,63821,44135,0.7313257252954908,0.3585704304307557
26663,0.6571666666666666,0,1,0,526660,78950,63821,44135,0.7313164622624032,0.35857334362432464
26664,0.6571666666666667,3,5,3,526665,78945,63824,44132,0.7312701470969655,0.35857227589232754
26665,0.6571666666666668,0,2,0,526667,78943,63824,44132,0.7312516210307903,0.35857810278285596
26666,0.6572142857142858,1,0,1,526667,78943,63825,44131,0.7312516210307903,0.35857289110616375
26667,0.6572222222222223,0,1,0,526668,78942,63825,44131,0.7312423579977028,0.35857580460377175
26668,0.6572857142857143,0,1,0,526669,78941,63825,44131,0.7312330949646152,0.35857871814872594
26669,0.6573333333333332,1,2,1,526671,78939,63826,44130,0.73121456889844,0.3585793335445969
26670,0.6573333333333333,5,10,5,526681,78929,63831,44125,0.7311219385675646,0.3585824109740439
26671,0.6573333333333334,0,4,0,526685,78925,63831,44125,0.7310848864352143,0.3585940674522552
26672,0.6573571428571428,0,2,0,526687,78923,63831,44125,0.7310663603690393,0.35859989597555425
26673,0.6573809523809524,0,3,0,526690,78920,63831,44125,0.7310385712697766,0.3586086391157707
26674,0.6573888888888888,1,0,1,526690,78920,63832,44124,0.7310385712697766,0.35860342641656645
26675,0.657404761904762,0,1,0,526691,78919,63832,44124,0.731029308236689,0.35860634087270304
26676,0.6574523809523811,0,1,0,526692,78918,63832,44124,0.7310200452036014,0.358609255376213
26677,0.6574999999999999,0,4,0,526696,78914,63832,44124,0.7309829930712513,0.3586209138640095
26678,0.6575,60,182,60,526878,78732,63892,44064,0.7292971210493164,0.35883905013192613
26679,0.6575357142857143,0,1,0,526879,78731,63892,44064,0.7292878580162289,0.35884197239301274
26680,0.6575476190476192,0,1,0,526880,78730,63892,44064,0.7292785949831413,0.3588448947016955
26681,0.657569264069264,1,0,1,526880,78730,63893,44063,0.7292785949831413,0.3588396732712777
26682,0.6575714285714285,1,0,1,526880,78730,63894,44062,0.7292785949831413,0.3588344517558147
26683,0.6575833333333333,0,4,0,526884,78726,63894,44062,0.729241542850791,0.35884614131674103
26684,0.6575952380952381,0,1,0,526885,78725,63894,44062,0.7292322798177036,0.3588490638259751
26685,0.6576190476190475,1,1,1,526886,78724,63895,44061,0.729223016784616,0.3588467646699515
26686,0.6576666666666665,2,0,2,526886,78724,63897,44059,0.729223016784616,0.358836320989062
26687,0.6576666666666666,3,15,3,526901,78709,63900,44056,0.7290840712883027,0.3588644972101169
26688,0.6576666666666668,0,7,0,526908,78702,63900,44056,0.7290192300566898,0.3588849606542954
26689,0.6577142857142857,0,1,0,526909,78701,63900,44056,0.7290099670236022,0.3588878841939767
26690,0.6577777777777779,0,2,0,526911,78699,63900,44056,0.7289914409574271,0.3588937314162356
26691,0.6578095238095238,0,2,0,526913,78697,63900,44056,0.728972914891252,0.3588995788290307
26692,0.6578333333333332,0,1,0,526914,78696,63900,44056,0.7289636518581645,0.35890250260688217
26693,0.6578333333333333,3,6,3,526920,78690,63903,44053,0.7289080736596392,0.3589043774390393
26694,0.6578571428571429,0,2,0,526922,78688,63903,44053,0.728889547593464,0.35891022559698876
26695,0.6578809523809522,0,1,0,526923,78687,63903,44053,0.7288802845603765,0.3589131497474336
26696,0.6578809523809523,1,0,1,526923,78687,63904,44052,0.7288802845603765,0.358907926575905
26697,0.6579047619047619,0,1,0,526924,78686,63904,44052,0.7288710215272889,0.3589108507552673
26698,0.6579166666666666,0,1,0,526925,78685,63904,44052,0.7288617584942013,0.35891377498227917
26699,0.6579404761904764,0,1,0,526926,78684,63904,44052,0.7288524954611137,0.35891669925694175
26700,0.657952380952381,0,2,0,526928,78682,63904,44052,0.7288339693949387,0.3589225479492235
26701,0.6579523809523811,0,1,0,526929,78681,63904,44052,0.7288247063618511,0.3589254723668451
26702,0.6579761904761905,0,1,0,526930,78680,63904,44052,0.7288154433287636,0.358928396832122
26703,0.6579999999999998,1,4,1,526934,78676,63905,44051,0.7287783911964133,0.3589348717071223
26704,0.6579999999999999,14,47,14,526981,78629,63919,44037,0.7283430286412983,0.35899923369148745
26705,0.6580000000000001,0,2,0,526983,78627,63919,44037,0.7283245025751232,0.35900508706711015
26706,0.6580357142857145,0,1,0,526984,78626,63919,44037,0.7283152395420357,0.35900801382650027
26707,0.6580454545454546,0,1,0,526985,78625,63919,44037,0.7283059765089481,0.35901094063361105
26708,0.6580555555555556,1,0,1,526985,78625,63920,44036,0.7283059765089481,0.35900571493791833
26709,0.6580714285714285,0,1,0,526986,78624,63920,44036,0.7282967134758606,0.35900864177400943
26710,0.6580833333333334,1,0,1,526986,78624,63921,44035,0.7282967134758606,0.35900341597436797
26711,0.6581349206349206,0,1,0,526987,78623,63921,44035,0.728287450442773,0.3590063428394397
26712,0.6581428571428571,0,1,0,526988,78622,63921,44035,0.7282781874096854,0.3590092697522359
26713,0.6581666666666667,6,11,6,526999,78611,63927,44029,0.7281762940457224,0.3590101108936725
26714,0.6581666666666668,2,2,2,527001,78609,63929,44027,0.7281577679795472,0.3590055122476271
26715,0.6582142857142856,0,4,0,527005,78605,63929,44027,0.728120715847197,0.35901722225846433
26716,0.6582142857142859,0,1,0,527006,78604,63929,44027,0.7281114528141095,0.35902014988053593
26717,0.6582261904761905,0,1,0,527007,78603,63929,44027,0.7281021897810219,0.35902307755035473
26718,0.65825,1,0,1,527007,78603,63930,44026,0.7281021897810219,0.35901785058999097
26719,0.6582738095238096,0,1,0,527008,78602,63930,44026,0.7280929267479344,0.3590207782888084
26720,0.6582857142857143,0,1,0,527009,78601,63930,44026,0.7280836637148468,0.3590237060353756
26721,0.6582857142857144,0,1,0,527010,78600,63930,44026,0.7280744006817592,0.3590266338296935
26722,0.6583052503052503,0,1,0,527011,78599,63930,44026,0.7280651376486716,0.35902956167176353
26723,0.6583333333333331,0,2,0,527013,78597,63930,44026,0.7280466115824966,0.3590354174991641
26724,0.6583333333333333,20,65,20,527078,78532,63950,44006,0.7274445144318056,0.3591212521829963
26725,0.6583333333333334,21,94,21,527172,78438,63971,43985,0.7265737893215755,0.35928706207166955
26726,0.6583430735930736,0,3,0,527175,78435,63971,43985,0.7265460002223127,0.3592958666884496
26727,0.6584166666666667,0,1,0,527176,78434,63971,43985,0.7265367371892253,0.3592988016566056
26728,0.6584642857142856,0,1,0,527177,78433,63971,43985,0.7265274741561377,0.35930173667271154
26729,0.6584761904761904,0,2,0,527179,78431,63971,43985,0.7265089480899626,0.35930760684877794
26730,0.6585,2,16,2,527195,78415,63973,43983,0.7263607395605617,0.3593441069298518
26731,0.6585000000000001,0,1,0,527196,78414,63973,43983,0.7263514765274741,0.35934704281967694
26732,0.6585277777777777,1,1,1,527197,78413,63974,43982,0.7263422134943867,0.359344744474856
26733,0.6585476190476192,1,0,1,527197,78413,63975,43981,0.7263422134943867,0.35933951010670456
26734,0.6585714285714286,1,3,1,527200,78410,63976,43980,0.726314424395124,0.35934308358526024
26735,0.6585952380952381,0,1,0,527201,78409,63976,43980,0.7263051613620364,0.35934601965862945
26736,0.6586190476190475,1,1,1,527202,78408,63977,43979,0.7262958983289488,0.3593437211468538
26737,0.6586190476190477,0,1,0,527203,78407,63977,43979,0.7262866352958612,0.3593466572974033
26738,0.6586666666666667,4,7,4,527210,78400,63981,43975,0.7262217940642484,0.3593462717058223
26739,0.6586666666666668,1,0,1,527210,78400,63982,43974,0.7262217940642484,0.35934103649468024
26740,0.658690476190476,0,1,0,527211,78399,63982,43974,0.7262125310311608,0.3593439729352063
26741,0.6586904761904762,1,2,1,527213,78397,63983,43973,0.7261940049649858,0.359344610607175
26742,0.6587142857142857,1,2,1,527215,78395,63984,43972,0.7261754788988106,0.3593452483104105
26743,0.65875,0,1,0,527216,78394,63984,43972,0.726166215865723,0.3593481849533367
26744,0.6587500000000002,0,1,0,527217,78393,63984,43972,0.7261569528326355,0.35935112164426103
26745,0.6587857142857143,0,4,0,527221,78389,63984,43972,0.7261199007002853,0.35936286888796265
26746,0.6588055555555556,0,1,0,527222,78388,63984,43972,0.7261106376671977,0.35936580581889505
26747,0.6588333333333333,1,14,1,527236,78374,63985,43971,0.725980955203972,0.35940169193673627
26748,0.6588333333333334,0,3,0,527239,78371,63985,43971,0.7259531661047093,0.359410504977849
26749,0.6588571428571428,1,0,1,527239,78371,63986,43970,0.7259531661047093,0.359405268879607
26750,0.6588809523809523,0,1,0,527240,78370,63986,43970,0.7259439030716218,0.3594082066372405
26751,0.6589166666666667,0,1,0,527241,78369,63986,43970,0.7259346400385343,0.35941114444290045
26752,0.6589761904761906,0,1,0,527242,78368,63986,43970,0.7259253770054467,0.35941408229658817
26753,0.659,7,33,7,527275,78335,63993,43963,0.7256196969135573,0.35947439860014063
26754,0.6590000000000003,0,1,0,527276,78334,63993,43963,0.7256104338804699,0.35947733795595965
26755,0.6590151515151516,0,1,0,527277,78333,63993,43963,0.7256011708473823,0.3594802773598482
26756,0.6590238095238093,1,0,1,527277,78333,63994,43962,0.7256011708473823,0.35947503986262724
26757,0.6590277777777778,0,1,0,527278,78332,63994,43962,0.7255919078142947,0.3594779792957954
26758,0.659047619047619,1,5,1,527283,78327,63995,43961,0.725545592648857,0.35948743948711237
26759,0.6590476190476191,0,1,0,527284,78326,63995,43961,0.7255363296157694,0.3594903791899384
26760,0.6590555555555556,1,1,1,527285,78325,63996,43960,0.7255270665826818,0.35948808112196917
26761,0.6590689033189031,0,2,0,527287,78323,63996,43960,0.7255085405165067,0.35949396073043677
26762,0.6590833333333334,0,2,0,527289,78321,63996,43960,0.7254900144503316,0.35949984053123546
26763,0.6591071428571428,0,1,0,527290,78320,63996,43960,0.7254807514172441,0.35950278050376183
26764,0.6591666666666666,18,53,18,527343,78267,64014,43942,0.7249898106636037,0.3595643528709015
26765,0.6591666666666667,9,26,9,527369,78241,64023,43933,0.7247489718033273,0.35959369423936355
26766,0.6591666666666669,0,1,0,527370,78240,64023,43933,0.7247397087702397,0.3595966375549426
26767,0.6591865079365078,0,2,0,527372,78238,64023,43933,0.7247211827040646,0.3596025243306513
26768,0.6591904761904762,0,1,0,527373,78237,64023,43933,0.724711919670977,0.35960546779078334
26769,0.6592380952380953,0,1,0,527374,78236,64023,43933,0.7247026566378895,0.35960841129910204
26770,0.65925,1,0,1,527374,78236,64024,43932,0.7247026566378895,0.3596031694060638
26771,0.6592857142857141,0,2,0,527376,78234,64024,43932,0.7246841305717144,0.35960905652964
26772,0.6592857142857143,2,4,2,527380,78230,64026,43930,0.7246470784393642,0.35961034708578915
26773,0.6592912087912087,0,1,0,527381,78229,64026,43930,0.7246378154062766,0.35961329087500715
26774,0.6593225108225108,0,2,0,527383,78227,64026,43930,0.7246192893401016,0.35961917859803366
26775,0.6593333333333332,0,3,0,527386,78224,64026,43930,0.7245915002408388,0.35962801054406734
26776,0.6593333333333333,4,25,4,527411,78199,64030,43926,0.72435992441365,0.3596806550665302
26777,0.6593333333333335,1,1,1,527412,78198,64031,43925,0.7243506613805625,0.3596783570662365
26778,0.6593571428571429,0,2,0,527414,78196,64031,43925,0.7243321353143873,0.3596842475905045
26779,0.6593809523809523,0,1,0,527415,78195,64031,43925,0.7243228722812998,0.3596871929249918
26780,0.6594047619047617,0,1,0,527416,78194,64031,43925,0.7243136092482122,0.35969013830771623
26781,0.659404761904762,1,0,1,527416,78194,64032,43924,0.7243136092482122,0.35968489493768324
26782,0.6594285714285715,1,0,1,527416,78194,64033,43923,0.7243136092482122,0.35967965148177566
26783,0.6594444444444444,0,1,0,527417,78193,64033,43923,0.7243043462151246,0.35968259687510235
26784,0.6594999999999999,0,5,0,527422,78188,64033,43923,0.7242580310496869,0.35969732456535447
26785,0.6595,3,10,3,527432,78178,64036,43920,0.7241654007188114,0.3597110517780799
26786,0.6595198412698413,1,1,1,527433,78177,64037,43919,0.7241561376857238,0.3597087537675272
26787,0.6595238095238096,2,1,2,527434,78176,64039,43917,0.7241468746526363,0.35970121137165934
26788,0.659547619047619,1,0,1,527434,78176,64040,43916,0.7241468746526363,0.3596959669757232
26789,0.6595833333333333,0,2,0,527436,78174,64040,43916,0.7241283485864611,0.3597018592841347
26790,0.6596071428571426,1,2,1,527438,78172,64041,43915,0.724109822520286,0.3597025072284518
26791,0.6596190476190477,0,3,0,527441,78169,64041,43915,0.7240820334210234,0.35971134628616364
26792,0.6596428571428571,0,1,0,527442,78168,64041,43915,0.7240727703879358,0.3597142927352703
26793,0.6596428571428572,1,1,1,527443,78167,64042,43914,0.7240635073548483,0.35971199449545793
26794,0.6596666666666665,0,1,0,527444,78166,64042,43914,0.7240542443217607,0.35971494102228047
26795,0.6596666666666667,5,12,5,527456,78154,64047,43909,0.7239430879247101,0.3597240769111033
26796,0.6596772949272948,0,1,0,527457,78153,64047,43909,0.7239338248916225,0.35972702397142436
26797,0.6597142857142856,0,1,0,527458,78152,64047,43909,0.7239245618585349,0.35972997108003374
26798,0.6597142857142857,0,1,0,527459,78151,64047,43909,0.7239152988254474,0.35973291823693265
26799,0.6597380952380953,1,1,1,527460,78150,64048,43908,0.7239060357923599,0.3597306198692425
26800,0.6597619047619048,1,1,1,527461,78149,64049,43907,0.7238967727592723,0.35972832142623057
26801,0.6598214285714286,1,0,1,527461,78149,64050,43906,0.7238967727592723,0.35972307566261114
26802,0.6598333333333332,0,3,0,527464,78146,64050,43906,0.7238689836600096,0.35973191754334216
26803,0.6598333333333334,2,6,2,527470,78140,64052,43904,0.7238134054614843,0.3597391104847432
26804,0.6598333333333335,1,1,1,527471,78139,64053,43903,0.7238041424283967,0.35973681191720885
26805,0.6598809523809525,0,2,0,527473,78137,64053,43903,0.7237856163622216,0.359742707309079
26806,0.6599920634920636,0,1,0,527474,78136,64053,43903,0.723776353329134,0.35974565507747525
26807,0.6599999999999998,1,1,1,527475,78135,64054,43902,0.7237670902960466,0.3597433565230217
26808,0.66,543,1641,543,529116,76494,64597,43359,0.7085664529993702,0.3617681660033541
26809,0.6600000000000001,0,1,0,529117,76493,64597,43359,0.7085571899662826,0.361771184460835
26810,0.6600238095238095,0,1,0,529118,76492,64597,43359,0.708547926933195,0.3617742029686861
26811,0.6600476190476189,1,0,1,529118,76492,64598,43358,0.708547926933195,0.3617688777638715
26812,0.6600476190476191,0,1,0,529119,76491,64598,43358,0.7085386639001074,0.36177189630284773
26813,0.6600595238095238,1,0,1,529119,76491,64599,43357,0.7085386639001074,0.36176657098992054
26814,0.6601190476190476,1,0,1,529119,76491,64600,43356,0.7085386639001074,0.36176124558812484
26815,0.6601428571428571,0,5,0,529124,76486,64600,43356,0.7084923487346697,0.3617763388461474
26816,0.6601666666666666,1,0,1,529124,76486,64601,43355,0.7084923487346697,0.36177101325923516
26817,0.6601666666666667,3,6,3,529130,76480,64604,43352,0.7084367705361444,0.36177314907537217
26818,0.6601666666666668,0,2,0,529132,76478,64604,43352,0.7084182444699693,0.36177918718184093
26819,0.6602142857142858,0,1,0,529133,76477,64604,43352,0.7084089814368817,0.3617822063106594
26820,0.66025,0,1,0,529134,76476,64604,43352,0.7083997184037941,0.3617852254898688
26821,0.6602575757575757,0,2,0,529136,76474,64604,43352,0.708381192337619,0.3617912639994659
26822,0.6602619047619046,0,1,0,529137,76473,64604,43352,0.7083719293045315,0.361794283329856
26823,0.6602777777777777,0,1,0,529138,76472,64604,43352,0.708362666271444,0.36179730271064225
26824,0.6603030303030303,1,0,1,529138,76472,64605,43351,0.708362666271444,0.36179197649866884
26825,0.6603095238095237,0,1,0,529139,76471,64605,43351,0.7083534032383564,0.3617949959106007
26826,0.6603333333333333,5,16,5,529155,76455,64610,43346,0.7082051947089555,0.3618166793265499
26827,0.6603333333333334,0,2,0,529157,76453,64610,43346,0.7081866686427803,0.36182271972220137
26828,0.6604166666666668,1,0,1,529157,76453,64611,43345,0.7081866686427803,0.361817392610895
26829,0.6604523809523809,2,2,2,529159,76451,64613,43343,0.7081681425766053,0.36181277860326894
26830,0.6604761904761905,0,2,0,529161,76449,64613,43343,0.7081496165104302,0.36181881928676374
26831,0.6605,3,13,3,529174,76436,64616,43340,0.708029197080292,0.3618421052631579
26832,0.6605000000000001,1,3,1,529177,76433,64617,43339,0.7080014079810293,0.3618458404301506
26833,0.6605151515151515,0,1,0,529178,76432,64617,43339,0.7079921449479417,0.3618488615775104
26834,0.6605833333333334,1,1,1,529179,76431,64618,43338,0.7079828819148541,0.361846554617639
26835,0.6605952380952381,0,1,0,529180,76430,64618,43338,0.7079736188817667,0.36184957584663685
26836,0.6606129426129425,0,1,0,529181,76429,64618,43338,0.7079643558486791,0.3618525971260865
26837,0.6606349206349207,1,0,1,529181,76429,64619,43337,0.7079643558486791,0.36184726884090646
26838,0.6606507936507938,0,3,0,529184,76426,64619,43337,0.7079365667494164,0.36185633292419195
26839,0.6606666666666665,0,1,0,529185,76425,64619,43337,0.7079273037163288,0.3618593543861993
26840,0.6606666666666666,8,24,8,529209,76401,64627,43329,0.7077049909222276,0.36188925081433226
26841,0.6606666666666667,0,1,0,529210,76400,64627,43329,0.70769572788914,0.361892273384059
26842,0.6607142857142857,0,1,0,529211,76399,64627,43329,0.7076864648560525,0.36189529600427633
26843,0.6607500000000002,0,1,0,529212,76398,64627,43329,0.7076772018229649,0.3618983186749856
26844,0.6607777777777777,0,1,0,529213,76397,64627,43329,0.7076679387898773,0.36190134139618796
26845,0.6607777777777778,0,1,0,529214,76396,64627,43329,0.7076586757567898,0.36190436416788474
26846,0.6608095238095238,0,2,0,529216,76394,64627,43329,0.7076401496906147,0.36191040986276657
26847,0.6608333333333333,6,25,6,529241,76369,64633,43323,0.7074085738634258,0.36195401530595195
26848,0.6608333333333334,16,29,16,529270,76340,64649,43307,0.7071399459038867,0.36195642180748366
26849,0.6608412698412698,1,0,1,529270,76340,64650,43306,0.7071399459038867,0.3619510890460191
26850,0.6608690476190475,1,0,1,529270,76340,64651,43305,0.7071399459038867,0.3619457561954114
26851,0.6608809523809523,0,2,0,529272,76338,64651,43305,0.7071214198377117,0.3619518066247085
26852,0.6609126984126984,0,2,0,529274,76336,64651,43305,0.7071028937715366,0.36195785725629176
26853,0.6609404761904761,0,1,0,529275,76335,64651,43305,0.707093630738449,0.36196088264794385
26854,0.6609523809523811,0,5,0,529280,76330,64651,43305,0.7070473155730113,0.36197601036485977
26855,0.660957792207792,0,1,0,529281,76329,64651,43305,0.7070380525399237,0.36197903605998294
26856,0.6609761904761905,0,1,0,529282,76328,64651,43305,0.7070287895068361,0.3619820618056891
26857,0.6609985569985571,0,1,0,529283,76327,64651,43305,0.7070195264737485,0.3619850876019794
26858,0.6609999999999998,0,3,0,529286,76324,64651,43305,0.706991737374486,0.3619941652943684
26859,0.6609999999999999,14,37,14,529323,76287,64665,43291,0.7066490051502464,0.36203147736205654
26860,0.661,1,4,1,529327,76283,64666,43290,0.7066119530178961,0.36203825278281887
26861,0.6610119047619046,0,2,0,529329,76281,64666,43290,0.7065934269517211,0.3620443084025391
26862,0.6610714285714286,0,1,0,529330,76280,64666,43290,0.7065841639186335,0.36204733628836666
26863,0.6611071428571427,0,2,0,529332,76278,64666,43290,0.7065656378524584,0.3620533922119631
26864,0.6611190476190475,0,2,0,529334,76276,64666,43290,0.7065471117862833,0.36205944833815634
26865,0.6611428571428571,0,2,0,529336,76274,64666,43290,0.7065285857201082,0.3620655046669566
26866,0.6611666666666666,0,2,0,529338,76272,64666,43290,0.7065100596539331,0.3620715611983741
26867,0.6611666666666668,2,7,2,529345,76265,64668,43288,0.7064452184223202,0.3620820891152878
26868,0.6611904761904762,0,1,0,529346,76264,64668,43288,0.7064359553892327,0.36208511777301927
26869,0.6611969696969696,0,1,0,529347,76263,64668,43288,0.7064266923561451,0.36208814648141796
26870,0.6612142857142856,0,1,0,529348,76262,64668,43288,0.7064174293230575,0.3620911752404852
26871,0.6612222222222222,0,1,0,529349,76261,64668,43288,0.7064081662899699,0.3620942040502221
26872,0.66125,1,4,1,529353,76257,64669,43287,0.7063711141576198,0.3621009837382052
26873,0.6612857142857144,0,1,0,529354,76256,64669,43287,0.7063618511245322,0.3621040127820115
26874,0.6613311688311688,0,1,0,529355,76255,64669,43287,0.7063525880914446,0.3621070418764953
26875,0.6613333333333332,2,17,2,529372,76238,64671,43285,0.7061951165289563,0.36214787112103947
26876,0.6613333333333334,0,3,0,529375,76235,64671,43285,0.7061673274296936,0.3621569611780455
26877,0.661357142857143,1,0,1,529375,76235,64672,43284,0.7061673274296936,0.3621516244279152
26878,0.6613809523809523,0,1,0,529376,76234,64672,43284,0.706158064396606,0.3621546545290249
26879,0.6613888888888888,0,1,0,529377,76233,64672,43284,0.7061488013635184,0.36215768468084036
26880,0.6613914565826332,0,2,0,529379,76231,64672,43284,0.7061302752973434,0.3621637451365937
26881,0.6614166666666668,0,1,0,529380,76230,64672,43284,0.7061210122642558,0.36216677544053416
26882,0.6614175824175824,0,1,0,529381,76229,64672,43284,0.7061117492311683,0.3621698057951855
26883,0.6614285714285714,1,1,1,529382,76228,64673,43283,0.7061024861980807,0.36216749922601266
26884,0.6614404761904763,1,0,1,529382,76228,64674,43282,0.7061024861980807,0.3621621621621622
26885,0.6614999999999999,0,1,0,529383,76227,64674,43282,0.7060932231649931,0.36216519257963836
26886,0.6615000000000001,3,16,3,529399,76211,64677,43279,0.7059450146355922,0.3621976734454766
26887,0.6615476190476189,1,2,1,529401,76209,64678,43278,0.7059264885694172,0.36219839815210025
26888,0.6615476190476192,0,1,0,529402,76208,64678,43278,0.7059172255363296,0.3622014294561706
26889,0.6616666666666666,42,124,42,529526,76084,64720,43236,0.7047686094334729,0.3623533355682199
26890,0.6616666666666667,19,62,19,529588,76022,64739,43217,0.7041943013820445,0.36244014122896034
26891,0.6616666666666668,1,0,1,529588,76022,64740,43216,0.7041943013820445,0.3624347942769922
26892,0.6617142857142858,0,1,0,529589,76021,64740,43216,0.704185038348957,0.36243783389384165
26893,0.661722222222222,1,0,1,529589,76021,64741,43215,0.704185038348957,0.36243248683283574
26894,0.6617380952380952,0,1,0,529590,76020,64741,43215,0.7041757753158694,0.3624355264813184
26895,0.66175,0,1,0,529591,76019,64741,43215,0.7041665122827818,0.36243856618078735
26896,0.6617619047619047,0,1,0,529592,76018,64741,43215,0.7041572492496944,0.36244160593124386
26897,0.6617857142857142,1,1,1,529593,76017,64742,43214,0.7041479862166068,0.36243929850458356
26898,0.6617857142857143,1,1,1,529594,76016,64743,43213,0.7041387231835192,0.36243699100051163
26899,0.6617948717948718,0,1,0,529595,76015,64743,43213,0.7041294601504317,0.362440030865233
26900,0.6618333333333333,0,1,0,529596,76014,64743,43213,0.7041201971173441,0.3624430707809473
26901,0.6618333333333334,3,8,3,529604,76006,64746,43210,0.7040460928526436,0.36245134881223995
26902,0.6618333333333335,0,1,0,529605,76005,64746,43210,0.7040368298195561,0.3624543891288848
26903,0.6618571428571428,0,3,0,529608,76002,64746,43210,0.7040090407202935,0.3624635103848606
26904,0.6618571428571429,0,1,0,529609,76001,64746,43210,0.7039997776872059,0.36246655090553725
26905,0.6618849206349207,0,1,0,529610,76000,64746,43210,0.7039905146541183,0.3624695914772251
26906,0.6619047619047618,0,3,0,529613,75997,64746,43210,0.7039627255548557,0.3624787134983684
26907,0.6619047619047619,0,1,0,529614,75996,64746,43210,0.7039534625217682,0.3624817542741137
26908,0.6619126984126982,0,2,0,529616,75994,64746,43210,0.703934936455593,0.3624878359786584
26909,0.6619285714285715,0,1,0,529617,75993,64746,43210,0.7039256734225054,0.3624908769074604
26910,0.661952380952381,0,2,0,529619,75991,64746,43210,0.7039071473563303,0.3624969589181299
26911,0.6619642857142857,0,1,0,529620,75990,64746,43210,0.7038978843232429,0.3625
26912,0.6619999999999999,0,2,0,529622,75988,64746,43210,0.7038793582570677,0.3625060823168174
26913,0.662,7,43,7,529665,75945,64753,43203,0.7034810478343029,0.36259945613858396
26914,0.6620000000000001,1,3,1,529668,75942,64754,43202,0.7034532587350402,0.36260323641979453
26915,0.662010198135198,0,1,0,529669,75941,64754,43202,0.7034439957019526,0.3626062798485853
26916,0.6620238095238097,0,2,0,529671,75939,64754,43202,0.7034254696357776,0.3626123668594355
26917,0.6620277777777779,0,2,0,529673,75937,64754,43202,0.7034069435696024,0.3626184540746523
26918,0.6620476190476191,2,2,2,529675,75935,64756,43200,0.7033884175034273,0.3626138414403828
26919,0.662063492063492,0,1,0,529676,75934,64756,43200,0.7033791544703397,0.36261688518810753
26920,0.6620753968253967,0,1,0,529677,75933,64756,43200,0.7033698914372523,0.3626199289869306
26921,0.6620833333333332,0,3,0,529680,75930,64756,43200,0.7033421023379895,0.3626290606900025
26922,0.6620952380952381,0,1,0,529681,75929,64756,43200,0.703332839304902,0.3626321046932317
26923,0.6621060606060606,0,1,0,529682,75928,64756,43200,0.7033235762718144,0.36263514874756564
26924,0.6621190476190475,0,2,0,529684,75926,64756,43200,0.7033050502056394,0.3626412370095529
26925,0.6621428571428573,0,2,0,529686,75924,64756,43200,0.7032865241394642,0.3626473254759746
26926,0.6621666666666667,2,12,2,529698,75912,64758,43198,0.7031753677424136,0.36267315926454535
26927,0.6621904761904761,0,1,0,529699,75911,64758,43198,0.7031661047093261,0.3626762041491407
26928,0.662202380952381,0,1,0,529700,75910,64758,43198,0.7031568416762385,0.36267924908486415
26929,0.6622142857142856,0,1,0,529701,75909,64758,43198,0.7031475786431509,0.36268229407171704
26930,0.6622857142857143,1,0,1,529701,75909,64759,43197,0.7031475786431509,0.36267694322704147
26931,0.6623232323232322,0,2,0,529703,75907,64759,43197,0.7031290525769758,0.36268303331542184
26932,0.6623333333333332,0,3,0,529706,75904,64759,43197,0.7031012634777132,0.36269216883149596
26933,0.6623333333333333,5,10,5,529716,75894,64764,43192,0.7030086331468376,0.36269586685252675
26934,0.662357142857143,0,2,0,529718,75892,64764,43192,0.7029901070806625,0.36270195828154916
26935,0.6623809523809524,1,2,1,529720,75890,64765,43191,0.7029715810144874,0.362702698163435
26936,0.6623888888888888,0,1,0,529721,75889,64765,43191,0.7029623179813999,0.3627057440376218
26937,0.6624047619047618,1,0,1,529721,75889,64766,43190,0.7029623179813999,0.36270039217662225
26938,0.6624999999999999,0,1,0,529722,75888,64766,43190,0.7029530549483123,0.3627034380826013
26939,0.6625,50,148,50,529870,75740,64816,43140,0.7015821260513543,0.3628869448183042
26940,0.6625357142857143,0,1,0,529871,75739,64816,43140,0.7015728630182667,0.3628899973923065
26941,0.6626190476190476,1,2,1,529873,75737,64817,43139,0.7015543369520916,0.36289074329553483
26942,0.6626666666666665,0,1,0,529874,75736,64817,43139,0.701545073919004,0.3628937960042061
26943,0.6626666666666666,7,21,7,529895,75715,64824,43132,0.7013505502241654,0.36292039344703697
26944,0.6626666666666668,0,3,0,529898,75712,64824,43132,0.7013227611249028,0.36292955471037663
26945,0.662670634920635,1,1,1,529899,75711,64825,43131,0.7013134980918152,0.3629272479426465
26946,0.6626904761904762,0,1,0,529900,75710,64825,43131,0.7013042350587276,0.36293030183185937
26947,0.6626984126984127,0,1,0,529901,75709,64825,43131,0.7012949720256401,0.36293335577246716
26948,0.6627222222222224,0,1,0,529902,75708,64825,43131,0.7012857089925525,0.3629364097644713
26949,0.6627777777777777,1,0,1,529902,75708,64826,43130,0.7012857089925525,0.3629310489910635
26950,0.662781746031746,0,1,0,529903,75707,64826,43130,0.7012764459594649,0.36293410301505424
26951,0.6628095238095238,1,0,1,529903,75707,64827,43129,0.7012764459594649,0.36292874213201387
26952,0.6628333333333332,0,1,0,529904,75706,64827,43129,0.7012671829263775,0.36293179618799176
26953,0.6628333333333333,0,4,0,529908,75702,64827,43129,0.7012301307940272,0.36294401292592
26954,0.6628333333333335,0,1,0,529909,75701,64827,43129,0.7012208677609396,0.36294706723891274
26955,0.6628571428571428,2,2,2,529911,75699,64829,43127,0.7012023416947646,0.3629424536717553
26956,0.6628571428571429,0,1,0,529912,75698,64829,43127,0.701193078661677,0.36294550810014725
26957,0.6628650793650794,0,1,0,529913,75697,64829,43127,0.7011838156285894,0.3629485625799502
26958,0.6629166666666666,0,1,0,529914,75696,64829,43127,0.7011745525955019,0.36295161711116536
26959,0.6629285714285714,0,1,0,529915,75695,64829,43127,0.7011652895624143,0.3629546716937941
26960,0.6629444444444442,0,2,0,529917,75693,64829,43127,0.7011467634962392,0.36296078101329743
26961,0.662952380952381,0,2,0,529919,75691,64829,43127,0.7011282374300641,0.3629668905384706
26962,0.6629761904761904,1,0,1,529919,75691,64830,43126,0.7011282374300641,0.3629615290741224
26963,0.6629761904761905,1,0,1,529919,75691,64831,43125,0.7011282374300641,0.362956167519526
26964,0.6629999999999999,9,22,9,529941,75669,64840,43116,0.7009244507021379,0.36297512312160624
26965,0.6630000000000001,3,4,3,529945,75665,64843,43113,0.7008873985697877,0.3629712573035411
26966,0.6630119047619047,1,0,1,529945,75665,64844,43112,0.7008873985697877,0.3629658940704008
26967,0.663031746031746,0,1,0,529946,75664,64844,43112,0.7008781355367001,0.3629689499562201
26968,0.6630555555555556,0,1,0,529947,75663,64844,43112,0.7008688725036126,0.3629720058934961
26969,0.6630595238095238,1,2,1,529949,75661,64845,43111,0.7008503464374375,0.36297275452126765
26970,0.663079365079365,0,1,0,529950,75660,64845,43111,0.7008410834043499,0.36297581059349504
26971,0.6631580086580087,0,1,0,529951,75659,64845,43111,0.7008318203712623,0.3629788667171845
26972,0.6631666666666667,1,10,1,529961,75649,64846,43110,0.7007391900403869,0.3630040670601807
26973,0.6632142857142855,0,2,0,529963,75647,64846,43110,0.7007206639742117,0.3630101804525207
26974,0.6632142857142856,1,1,1,529964,75646,64847,43109,0.7007114009411242,0.36300787335270096
26975,0.6632380952380953,1,0,1,529964,75646,64848,43108,0.7007114009411242,0.3630025093891574
26976,0.6632575757575758,0,1,0,529965,75645,64848,43108,0.7007021379080366,0.3630055661751703
26977,0.6632857142857143,1,0,1,529965,75645,64849,43107,0.7007021379080366,0.36300020210185935
26978,0.6633333333333331,0,1,0,529966,75644,64849,43107,0.700692874874949,0.3630032589199249
26979,0.6633333333333333,41,99,41,530065,75545,64890,43066,0.6997758345992812,0.3630860544131657
26980,0.6633333333333334,55,182,55,530247,75363,64945,43011,0.6980899625773463,0.3633483704191799
26981,0.6633809523809522,0,1,0,530248,75362,64945,43011,0.6980806995442588,0.36335143993985114
26982,0.6633809523809524,0,2,0,530250,75360,64945,43011,0.6980621734780836,0.3633575791367818
26983,0.6633928571428572,0,1,0,530251,75359,64945,43011,0.6980529104449961,0.36336064881304386
26984,0.6634444444444445,0,1,0,530252,75358,64945,43011,0.6980436474119086,0.3633637185411721
26985,0.663452380952381,1,1,1,530253,75357,64946,43010,0.698034384378821,0.36336140985240817
26986,0.6635,7,12,7,530265,75345,64953,43003,0.6979232279817703,0.3633605975597391
26987,0.6635000000000001,0,6,0,530271,75339,64953,43003,0.697867649783245,0.3633790201281033
26988,0.6635119047619048,0,1,0,530272,75338,64953,43003,0.6978583867501574,0.36338209073778316
26989,0.6635378787878788,1,0,1,530272,75338,64954,43002,0.6978583867501574,0.3633767111712016
26990,0.6635714285714286,1,3,1,530275,75335,64955,43001,0.6978305976508948,0.3633805435370471
26991,0.6635833333333335,0,1,0,530276,75334,64955,43001,0.6978213346178073,0.3633836143152913
26992,0.6635952380952381,1,1,1,530277,75333,64956,43000,0.6978120715847197,0.36338130529945156
26993,0.663607142857143,1,1,1,530278,75332,64957,42999,0.6978028085516321,0.36337899620555897
26994,0.6636111111111112,0,1,0,530279,75331,64957,42999,0.6977935455185446,0.3633820671004817
26995,0.6636428571428571,0,1,0,530280,75330,64957,42999,0.697784282485457,0.36338513804730876
26996,0.6636666666666666,2,2,2,530282,75328,64959,42997,0.697765756419282,0.3633805197549123
26997,0.6636666666666667,2,6,2,530288,75322,64961,42995,0.6977101782207566,0.3633881859749656
26998,0.6637261904761904,0,3,0,530291,75319,64961,42995,0.6976823891214939,0.3633974001386142
26999,0.66375,1,3,1,530294,75316,64962,42994,0.6976546000222312,0.36340123404614993
27000,0.6637857142857143,1,1,1,530295,75315,64963,42993,0.6976453369891438,0.3633989248402475
27001,0.6638095238095238,0,1,0,530296,75314,64963,42993,0.6976360739560562,0.3634019965006297
27002,0.663809523809524,0,1,0,530297,75313,64963,42993,0.6976268109229686,0.36340506821293933
27003,0.6638333333333333,1,6,1,530303,75307,64964,42992,0.6975712327244433,0.36341811849635247
27004,0.6638333333333334,0,7,0,530310,75300,64964,42992,0.6975063914928304,0.36343962398133434
27005,0.6638571428571428,2,3,2,530313,75297,64966,42990,0.6974786023935677,0.3634380785716097
27006,0.6638809523809525,0,1,0,530314,75296,64966,42990,0.6974693393604802,0.36344115110833064
27007,0.6638888888888889,0,1,0,530315,75295,64966,42990,0.6974600763273926,0.363444223697003
27008,0.6639285714285714,1,0,1,530315,75295,64967,42989,0.6974600763273926,0.3634388421088228
27009,0.6639285714285715,0,1,0,530316,75294,64967,42989,0.6974508132943051,0.3634419147299274
27010,0.6639999999999999,0,9,0,530325,75285,64967,42989,0.6973674459965171,0.3634695706579637
27011,0.664,13,50,13,530375,75235,64980,42976,0.6969042943421394,0.36355330722183216
27012,0.6640079365079365,0,1,0,530376,75234,64980,42976,0.6968950313090518,0.3635563827087387
27013,0.664047619047619,1,0,1,530376,75234,64981,42975,0.6968950313090518,0.36355099865492474
27014,0.6640476190476191,0,1,0,530377,75233,64981,42975,0.6968857682759643,0.36355407417433677
27015,0.6640541125541125,0,1,0,530378,75232,64981,42975,0.6968765052428767,0.36355714974578496
27016,0.6640656565656564,0,1,0,530379,75231,64981,42975,0.6968672422097891,0.3635602253692706
27017,0.6640714285714285,1,0,1,530379,75231,64982,42974,0.6968672422097891,0.3635548411657713
27018,0.6640793650793652,1,1,1,530380,75230,64983,42973,0.6968579791767017,0.3635525325076352
27019,0.6640952380952382,0,1,0,530381,75229,64983,42973,0.6968487161436141,0.3635556081961388
27020,0.6641071428571428,0,2,0,530383,75227,64983,42973,0.696830190077439,0.3635617597292724
27021,0.6641190476190475,1,1,1,530384,75226,64984,42972,0.6968209270443514,0.363559451090543
27022,0.6641190476190476,0,1,0,530385,75225,64984,42972,0.6968116640112638,0.36356252696768954
27023,0.6641363636363635,0,1,0,530386,75224,64984,42972,0.6968024009781763,0.36356560289688317
27024,0.6641428571428571,0,1,0,530387,75223,64984,42972,0.6967931379450888,0.3635686788781251
27025,0.6641666666666666,15,35,15,530422,75188,64999,42957,0.6964689317870243,0.3635955817004528
27026,0.6641666666666667,8,21,8,530443,75167,65007,42949,0.6962744080921857,0.3636171221511057
27027,0.6641666666666669,0,1,0,530444,75166,65007,42949,0.6962651450590982,0.36362020065190703
27028,0.6641904761904763,0,2,0,530446,75164,65007,42949,0.6962466189929231,0.36362635780989394
27029,0.6642619047619047,1,0,1,530446,75164,65008,42948,0.6962466189929231,0.3636209699268491
27030,0.6642857142857143,2,5,2,530451,75159,65010,42946,0.6962003038274853,0.36362558740104145
27031,0.6643095238095239,0,1,0,530452,75158,65010,42946,0.6961910407943978,0.3636286662602452
27032,0.6643333333333332,0,3,0,530455,75155,65010,42946,0.696163251695135,0.36363790315069305
27033,0.6643333333333333,4,19,4,530474,75136,65014,42942,0.6959872540664716,0.3636748589915141
27034,0.664357142857143,0,1,0,530475,75135,65014,42942,0.695977991033384,0.3636779389720267
27035,0.6643809523809523,0,1,0,530476,75134,65014,42942,0.6959687280002964,0.36368101900470884
27036,0.6643809523809524,0,1,0,530477,75133,65014,42942,0.6959594649672088,0.36368409908956173
27037,0.6644047619047619,1,1,1,530478,75132,65015,42941,0.6959502019341213,0.3636817900790189
27038,0.6644166666666667,0,1,0,530479,75131,65015,42941,0.6959409389010337,0.3636848702486618
27039,0.6644444444444443,0,1,0,530480,75130,65015,42941,0.6959316758679462,0.36368795047047964
27040,0.6644444444444444,1,1,1,530481,75129,65016,42940,0.6959224128348587,0.36368564144695054
27041,0.6644761904761904,1,1,1,530482,75128,65017,42939,0.6959131498017711,0.36368333234519384
27042,0.6644999999999999,2,1,2,530483,75127,65019,42937,0.6959038867686835,0.3636756335546822
27043,0.6645,3,5,3,530488,75122,65022,42934,0.6958575716032458,0.3636748661652097
27044,0.6645000000000002,0,2,0,530490,75120,65022,42934,0.6958390455370707,0.3636810273264777
27045,0.6645238095238095,0,2,0,530492,75118,65022,42934,0.6958205194708955,0.3636871886965066
27046,0.6645238095238096,0,1,0,530493,75117,65022,42934,0.695811256437808,0.36369026945980976
27047,0.6645555555555555,1,0,1,530493,75117,65023,42933,0.695811256437808,0.3636848792884371
27048,0.6645833333333334,0,4,0,530497,75113,65023,42933,0.6957742043054578,0.36369720278535483
27049,0.6645941558441559,0,1,0,530498,75112,65023,42933,0.6957649412723702,0.36370028379008007
27050,0.6645952380952381,1,0,1,530498,75112,65024,42932,0.6957649412723702,0.3636948934295686
27051,0.6646428571428572,0,3,0,530501,75109,65024,42932,0.6957371521731076,0.36370413669826585
27052,0.6646666666666667,5,12,5,530513,75097,65029,42927,0.6956259957760569,0.3637141598318986
27053,0.6646904761904762,0,1,0,530514,75096,65029,42927,0.6956167327429693,0.3637172415546122
27054,0.6646984126984128,0,1,0,530515,75095,65029,42927,0.6956074697098819,0.36372032332954873
27055,0.664702380952381,1,1,1,530516,75094,65030,42926,0.6955982066767943,0.3637180138959498
27056,0.6647222222222223,0,1,0,530517,75093,65030,42926,0.6955889436437067,0.36372109575576816
27057,0.66475,0,1,0,530518,75092,65030,42926,0.6955796806106191,0.3637241776678134
27058,0.6647500000000001,1,0,1,530518,75092,65031,42925,0.6955796806106191,0.36371878627655335
27059,0.6647619047619048,1,3,1,530521,75089,65032,42924,0.6955518915113564,0.36372264072602173
27060,0.6647728937728936,0,1,0,530522,75088,65032,42924,0.695542628478269,0.36372572280785004
27061,0.6647976190476191,1,1,1,530523,75087,65033,42923,0.6955333654451814,0.36372341327006186
27062,0.6648333333333332,1,0,1,530523,75087,65034,42922,0.6955333654451814,0.36371802150683424
27063,0.6648333333333334,4,3,4,530526,75084,65038,42918,0.6955055763459187,0.36370569990339147
27064,0.6648333333333335,1,1,1,530527,75083,65039,42917,0.6954963133128311,0.3637033898305085
27065,0.6648809523809525,0,3,0,530530,75080,65039,42917,0.6954685242135685,0.3637126367619516
27066,0.664888888888889,0,1,0,530531,75079,65039,42917,0.695459261180481,0.36371571917692125
27067,0.6649285714285714,1,2,1,530533,75077,65040,42916,0.6954407351143058,0.36371649165628467
27068,0.664952380952381,1,1,1,530534,75076,65041,42915,0.6954314720812182,0.36371418159012125
27069,0.6649999999999998,0,2,0,530536,75074,65041,42915,0.6954129460150432,0.36372034681199095
27070,0.665,203,538,203,531074,74536,65244,42712,0.690429434213939,0.3642876637554585
27071,0.6650000000000001,0,3,0,531077,74533,65244,42712,0.6904016451146764,0.3642969849460531
27072,0.6650238095238095,0,1,0,531078,74532,65244,42712,0.6903923820815888,0.364300092115588
27073,0.6650476190476189,0,1,0,531079,74531,65244,42712,0.6903831190485012,0.36430319933812677
27074,0.6650476190476191,0,1,0,531080,74530,65244,42712,0.6903738560154137,0.36430630661367086
27075,0.6650714285714285,0,1,0,531081,74529,65244,42712,0.6903645929823261,0.3643094139422216
27076,0.6650714285714286,0,1,0,531082,74528,65244,42712,0.6903553299492385,0.3643125213237803
27077,0.6650833333333332,0,1,0,531083,74527,65244,42712,0.6903460669161511,0.36431562875834833
27078,0.6650952380952382,0,1,0,531084,74526,65244,42712,0.6903368038830635,0.3643187362459271
27079,0.6651190476190476,1,0,1,531084,74526,65245,42711,0.6903368038830635,0.3643133140561427
27080,0.665142857142857,0,1,0,531085,74525,65245,42711,0.6903275408499759,0.36431642157699
27081,0.6651666666666665,0,1,0,531086,74524,65245,42711,0.6903182778168884,0.36431952915085086
27082,0.6651666666666667,2,6,2,531092,74518,65247,42709,0.6902626996183631,0.3643273307343871
27083,0.6651666666666668,1,5,1,531097,74513,65248,42708,0.6902163844529252,0.3643374480681789
27084,0.6652380952380952,0,1,0,531098,74512,65248,42708,0.6902071214198378,0.36434055621907524
27085,0.66525,0,1,0,531099,74511,65248,42708,0.6901978583867502,0.3643436644230031
27086,0.6653333333333333,4,6,4,531105,74505,65252,42704,0.6901422801882249,0.3643406223071607
27087,0.6653571428571428,0,3,0,531108,74502,65252,42704,0.6901144910889622,0.36434994795488285
27088,0.6653809523809522,1,0,1,531108,74502,65253,42703,0.6901144910889622,0.36434452455100036
27089,0.6653863636363636,0,2,0,531110,74500,65253,42703,0.690095965022787,0.364350741875208
27090,0.6654047619047619,0,1,0,531111,74499,65253,42703,0.6900867019896995,0.3643538506168837
27091,0.6654166666666668,0,1,0,531112,74498,65253,42703,0.690077438956612,0.3643569594116091
27092,0.6654523809523809,0,1,0,531113,74497,65253,42703,0.6900681759235244,0.36436006825938566
27093,0.6654761904761906,1,0,1,531113,74497,65254,42702,0.6900681759235244,0.36435464466420364
27094,0.6654761904761907,1,2,1,531115,74495,65255,42701,0.6900496498573493,0.36435543875217585
27095,0.6654999999999999,0,2,0,531117,74493,65255,42701,0.6900311237911742,0.3643616567401061
27096,0.6655,3,8,3,531125,74485,65258,42698,0.6899570195264737,0.3643702584845925
27097,0.6655000000000001,0,5,0,531130,74480,65258,42698,0.689910704361036,0.36438580620935673
27098,0.6655357142857143,0,1,0,531131,74479,65258,42698,0.6899014413279484,0.3643889159135325
27099,0.6655555555555556,1,0,1,531131,74479,65259,42697,0.6899014413279484,0.36438349149996585
27100,0.6655833333333334,0,2,0,531133,74477,65259,42697,0.6898829152617734,0.36438971102804374
27101,0.6655952380952382,0,1,0,531134,74476,65259,42697,0.6898736522286858,0.36439282087170255
27102,0.6656666666666666,5,21,5,531155,74455,65264,42692,0.6896791285338472,0.36443101402511374
27103,0.6656666666666667,0,3,0,531158,74452,65264,42692,0.6896513394345845,0.3644403469234446
27104,0.6656785714285715,1,0,1,531158,74452,65265,42691,0.6896513394345845,0.36443492142082756
27105,0.6656904761904763,0,1,0,531159,74451,65265,42691,0.6896420764014969,0.36443803247340834
27106,0.6657142857142857,2,8,2,531167,74443,65267,42689,0.6895679721367964,0.3644520711675716
27107,0.6657142857142858,0,1,0,531168,74442,65267,42689,0.6895587091037089,0.36445518265873256
27108,0.6657222222222222,0,1,0,531169,74441,65267,42689,0.6895494460706214,0.3644582942030223
27109,0.6657518315018315,0,1,0,531170,74440,65267,42689,0.6895401830375338,0.36446140580044223
27110,0.6657586580086579,0,3,0,531173,74437,65267,42689,0.6895123939382711,0.364470740911497
27111,0.6657619047619048,2,0,2,531173,74437,65269,42687,0.6895123939382711,0.3644598886650046
27112,0.6657936507936507,0,1,0,531174,74436,65269,42687,0.6895031309051836,0.36446300043543967
27113,0.6658333333333332,1,2,1,531176,74434,65270,42686,0.6894846048390085,0.3644637978142076
27114,0.6658333333333333,11,32,11,531208,74402,65281,42675,0.6891881877802067,0.36450370269139115
27115,0.6658333333333334,9,34,9,531242,74368,65290,42666,0.6888732446552299,0.3645607259428884
27116,0.6658809523809524,0,2,0,531244,74366,65290,42666,0.6888547185890548,0.3645669560462096
27117,0.6659285714285714,0,1,0,531245,74365,65290,42666,0.6888454555559672,0.36457007117772217
27118,0.6659523809523811,2,5,2,531250,74360,65292,42664,0.6887991403905295,0.3645747880776593
27119,0.6659603174603174,0,2,0,531252,74358,65292,42664,0.6887806143243543,0.364581018953701
27120,0.6659761904761905,0,2,0,531254,74356,65292,42664,0.6887620882581793,0.36458725004272774
27121,0.6659999999999999,26,79,26,531333,74277,65318,42638,0.6880303086442625,0.3646922978232049
27122,0.666,0,1,0,531334,74276,65318,42638,0.6880210456111749,0.36469541714422565
27123,0.6660238095238094,0,1,0,531335,74275,65318,42638,0.6880117825780874,0.36469853651860784
27124,0.6660238095238096,0,1,0,531336,74274,65318,42638,0.6880025195449998,0.3647016559463528
27125,0.6660833333333334,0,1,0,531337,74273,65318,42638,0.6879932565119122,0.36470477542746194
27126,0.6661309523809521,0,2,0,531339,74271,65318,42638,0.6879747304457372,0.36471101454977806
27127,0.6661428571428571,0,1,0,531340,74270,65318,42638,0.6879654674126496,0.3647141341909878
27128,0.6661428571428573,0,1,0,531341,74269,65318,42638,0.6879562043795621,0.36471725388556714
27129,0.6661666666666668,3,7,3,531348,74262,65321,42635,0.6878913631479492,0.3647227901485923
27130,0.6661904761904762,0,2,0,531350,74260,65321,42635,0.687872837081774,0.3647290303263613
27131,0.6662142857142856,1,0,1,531350,74260,65322,42634,0.687872837081774,0.3647235957363081
27132,0.66625,2,2,2,531352,74258,65324,42632,0.6878543110155989,0.3647189665497476
27133,0.6663095238095238,0,1,0,531353,74257,65324,42632,0.6878450479825114,0.3647220867660772
27134,0.6663333333333332,1,9,1,531362,74248,65325,42631,0.6877616806847234,0.364744736009035
27135,0.6663333333333334,1,3,1,531365,74245,65326,42630,0.6877338915854607,0.36474866310160425
27136,0.6663690476190476,0,1,0,531366,74244,65326,42630,0.6877246285523732,0.3647517839724832
27137,0.6663809523809523,0,2,0,531368,74242,65326,42630,0.6877061024861981,0.36475802587446093
27138,0.6664285714285715,0,1,0,531369,74241,65326,42630,0.6876968394531106,0.36476114690556255
27139,0.6664999999999999,0,4,0,531373,74237,65326,42630,0.6876597873207603,0.36477363156408565
27140,0.6665000000000001,9,10,9,531383,74227,65335,42621,0.6875671569898848,0.36475592222374364
27141,0.6665476190476189,0,3,0,531386,74224,65335,42621,0.6875393678906221,0.36476528734648467
27142,0.6665476190476192,0,2,0,531388,74222,65335,42621,0.687520841824447,0.36477153102881643
27143,0.6665714285714286,1,0,1,531388,74222,65336,42620,0.687520841824447,0.3647660943838688
27144,0.6665833333333333,0,2,0,531390,74220,65336,42620,0.6875023157582719,0.3647723382403287
27145,0.6666212121212121,0,1,0,531391,74219,65336,42620,0.6874930527251844,0.3647754602487183
27146,0.6666666666666665,73,194,73,531585,74025,65409,42547,0.6856960243061988,0.3649847304670075
27147,0.6666666666666667,32,97,32,531682,73928,65441,42515,0.6847975100967061,0.3651142619135543
27148,0.6666666666666669,0,2,0,531684,73926,65441,42515,0.684778984030531,0.3651205331455415
27149,0.6666825396825398,1,2,1,531686,73924,65442,42514,0.6847604579643558,0.36512135213590063
27150,0.6666904761904762,0,1,0,531687,73923,65442,42514,0.6847511949312683,0.3651244879205064
27151,0.6667142857142855,0,1,0,531688,73922,65442,42514,0.6847419318981808,0.3651276237589749
27152,0.6667142857142856,0,1,0,531689,73921,65442,42514,0.6847326688650932,0.3651307596513076
27153,0.6667142857142858,0,1,0,531690,73920,65442,42514,0.6847234058320056,0.36513389559750586
27154,0.66675,0,1,0,531691,73919,65442,42514,0.6847141427989181,0.36513703159757116
27155,0.6667857142857143,0,1,0,531692,73918,65442,42514,0.6847048797658305,0.36514016765150475
27156,0.6667857142857144,2,1,2,531693,73917,65444,42512,0.6846956167327429,0.3651323982856505
27157,0.666797619047619,0,1,0,531694,73916,65444,42512,0.6846863536996555,0.3651355344075308
27158,0.666809523809524,0,1,0,531695,73915,65444,42512,0.6846770906665679,0.3651386705832839
27159,0.6668333333333333,0,4,0,531699,73911,65444,42512,0.6846400385342176,0.3651512158250518
27160,0.6668333333333334,3,15,3,531714,73896,65447,42509,0.6845010930379043,0.36518190799364286
27161,0.6668452380952381,1,0,1,531714,73896,65448,42508,0.6845010930379043,0.36517645441737395
27162,0.6668571428571428,1,1,1,531715,73895,65449,42507,0.6844918300048167,0.3651741379014106
27163,0.6668809523809525,1,1,1,531716,73894,65450,42506,0.6844825669717293,0.3651718213058419
27164,0.6669047619047618,0,1,0,531717,73893,65450,42506,0.6844733039386417,0.36517495854775384
27165,0.6669047619047619,1,1,1,531718,73892,65451,42505,0.6844640409055541,0.36517264190657833
27166,0.666952380952381,1,1,1,531719,73891,65452,42504,0.6844547778724666,0.3651703251857898
27167,0.6669761904761904,0,2,0,531721,73889,65452,42504,0.6844362518062914,0.36517659996735197
27168,0.6669999999999999,2,4,2,531725,73885,65454,42502,0.6843991996739412,0.36517824155618755
27169,0.667,7,15,7,531740,73870,65461,42495,0.6842602541776279,0.36518712671335885
27170,0.6670000000000001,1,4,1,531744,73866,65462,42494,0.6842232020452778,0.3651942248195256
27171,0.6670259740259739,0,2,0,531746,73864,65462,42494,0.6842046759791026,0.36520050189931075
27172,0.667047619047619,0,1,0,531747,73863,65462,42494,0.684195412946015,0.36520364052012344
27173,0.6670833333333333,1,1,1,531748,73862,65463,42493,0.6841861499129275,0.36520132353573115
27174,0.6670833333333335,1,0,1,531748,73862,65464,42492,0.6841861499129275,0.3651958677828008
27175,0.6671190476190476,1,1,1,531749,73861,65465,42491,0.6841768868798399,0.3651935506050605
27176,0.667142857142857,0,1,0,531750,73860,65465,42491,0.6841676238467523,0.3651966893279817
27177,0.6671428571428573,1,5,1,531755,73855,65466,42490,0.6841213086813146,0.36520692767200996
27178,0.6671666666666667,1,8,1,531763,73847,65467,42489,0.6840472044166142,0.36522658506395267
27179,0.6672499999999999,0,1,0,531764,73846,65467,42489,0.6840379413835266,0.3652297245025143
27180,0.6672619047619048,1,0,1,531764,73846,65468,42488,0.6840379413835266,0.36522426805577046
27181,0.6672857142857143,0,2,0,531766,73844,65468,42488,0.6840194153173516,0.3652305470549806
27182,0.6673333333333332,1,7,1,531773,73837,65469,42487,0.6839545740857387,0.36524706853271893
27183,0.6673333333333333,6,17,6,531790,73820,65475,42481,0.6837971025232502,0.36526771050979784
27184,0.6673333333333334,3,5,3,531795,73815,65478,42478,0.6837507873578125,0.36526704100848717
27185,0.6673571428571428,0,2,0,531797,73813,65478,42478,0.6837322612916373,0.3652733229570646
27186,0.6673809523809521,1,0,1,531797,73813,65479,42477,0.6837322612916373,0.36526786482070683
27187,0.6673809523809524,0,1,0,531798,73812,65479,42477,0.6837229982585498,0.3652710058560999
27188,0.6673888888888888,0,1,0,531799,73811,65479,42477,0.6837137352254622,0.3652741469455146
27189,0.6674285714285714,1,4,1,531803,73807,65480,42476,0.683676683093112,0.36528125349363194
27190,0.6674354256854255,1,0,1,531803,73807,65481,42475,0.683676683093112,0.3652757950499647
27191,0.6674473276551451,0,4,0,531807,73803,65481,42475,0.6836396309607617,0.36528836065291803
27192,0.6674761904761906,0,1,0,531808,73802,65481,42475,0.6836303679276743,0.36529150218873896
27193,0.6674801587301588,0,1,0,531809,73801,65481,42475,0.6836211048945867,0.3652946437785958
27194,0.6674999999999999,0,1,0,531810,73800,65481,42475,0.6836118418614991,0.3652977854224898
27195,0.6675,33,151,33,531961,73649,65514,42442,0.6822131238652784,0.3655925093245816
27196,0.6675000000000001,0,2,0,531963,73647,65514,42442,0.6821945977991033,0.36559880781124826
27197,0.6675238095238094,0,2,0,531965,73645,65514,42442,0.6821760717329283,0.3656051065149414
27198,0.6675476190476191,0,1,0,531966,73644,65514,42442,0.6821668086998407,0.36560825594817636
27199,0.6675714285714287,0,1,0,531967,73643,65514,42442,0.6821575456667531,0.3656114054356721
27200,0.6675970418470419,0,1,0,531968,73642,65514,42442,0.6821482826336656,0.3656145549774301
27201,0.6676190476190476,1,7,1,531975,73635,65515,42441,0.6820834414020527,0.36563113821978704
27202,0.6676190476190478,0,1,0,531976,73634,65515,42441,0.6820741783689651,0.36563428817574845
27203,0.6676190476190479,0,1,0,531977,73633,65515,42441,0.6820649153358775,0.3656374381859848
27204,0.6676666666666665,0,2,0,531979,73631,65515,42441,0.6820463892697025,0.36564373836928804
27205,0.6676666666666666,4,18,4,531997,73613,65519,42437,0.6818796546741265,0.36567858681602755
27206,0.6676666666666669,3,1,3,531998,73612,65522,42434,0.6818703916410389,0.36566533960670766
27207,0.6677142857142857,0,1,0,531999,73611,65522,42434,0.6818611286079513,0.3656684906717222
27208,0.6677380952380951,0,1,0,532000,73610,65522,42434,0.6818518655748639,0.3656716417910448
27209,0.6677857142857142,0,2,0,532002,73608,65522,42434,0.6818333395086887,0.3656779441926199
27210,0.6678333333333333,1,7,1,532009,73601,65523,42433,0.6817684982770759,0.3656945378078839
27211,0.6679365079365079,0,1,0,532010,73600,65523,42433,0.6817592352439883,0.365697689450415
27212,0.6679484126984128,0,1,0,532011,73599,65523,42433,0.6817499722109007,0.3657008411472697
27213,0.6679761904761905,1,3,1,532014,73596,65524,42432,0.6817221831116381,0.3657048298686524
27214,0.6679920634920634,1,0,1,532014,73596,65525,42431,0.6817221831116381,0.36569936307928325
27215,0.6679999999999998,0,1,0,532015,73595,65525,42431,0.6817129200785506,0.3657025149535449
27216,0.6679999999999999,13,35,13,532050,73560,65538,42418,0.6813887139204862,0.36574177861318524
27217,0.6680000000000001,1,3,1,532053,73557,65539,42417,0.6813609248212235,0.365745770603756
27218,0.668047619047619,1,0,1,532053,73557,65540,42416,0.6813609248212235,0.3657403016219292
27219,0.6680555555555556,0,1,0,532054,73556,65540,42416,0.6813516617881359,0.3657434553168006
27220,0.6680833333333334,1,0,1,532054,73556,65541,42415,0.6813516617881359,0.3657379862206931
27221,0.6680952380952381,0,1,0,532055,73555,65541,42415,0.6813423987550483,0.3657411399499871
27222,0.6681190476190477,0,1,0,532056,73554,65541,42415,0.6813331357219607,0.3657442937336702
27223,0.6681269841269842,0,1,0,532057,73553,65541,42415,0.6813238726888733,0.36574744757174393
27224,0.6681666666666666,4,12,4,532069,73541,65545,42411,0.6812127162918226,0.36576341934593626
27225,0.6682142857142856,1,5,1,532074,73536,65546,42410,0.6811664011263848,0.3657737222500129
27226,0.6682222222222223,0,1,0,532075,73535,65546,42410,0.6811571380932973,0.3657768769675277
27227,0.6682261904761903,0,2,0,532077,73533,65546,42410,0.6811386120271221,0.3657831865658125
27228,0.6682619047619047,1,0,1,532077,73533,65547,42409,0.6811386120271221,0.36577771644442914
27229,0.6682683982683981,0,1,0,532078,73532,65547,42409,0.6811293489940347,0.36578087130523285
27230,0.6682857142857144,0,2,0,532080,73530,65547,42409,0.6811108229278595,0.3657871811901086
27231,0.668309523809524,0,1,0,532081,73529,65547,42409,0.681101559894772,0.36579033621418344
27232,0.6683333333333331,1,0,1,532081,73529,65548,42408,0.681101559894772,0.36578486591855924
27233,0.6683333333333333,28,64,28,532145,73465,65576,42380,0.6805087257771685,0.3658336570417368
27234,0.6683333333333334,43,101,43,532246,73364,65619,42337,0.6795731594353255,0.3659173213714661
27235,0.6683571428571428,1,0,1,532246,73364,65620,42336,0.6795731594353255,0.36591184096802076
27236,0.6683809523809523,1,0,1,532246,73364,65621,42335,0.6795731594353255,0.3659063604698398
27237,0.668409090909091,0,1,0,532247,73363,65621,42335,0.6795638964022379,0.3659095230686788
27238,0.6684444444444445,0,1,0,532248,73362,65621,42335,0.6795546333691503,0.3659126857221881
27239,0.668452380952381,1,2,1,532250,73360,65622,42334,0.6795361073029753,0.3659135305201653
27240,0.6684642857142858,0,1,0,532251,73359,65622,42334,0.6795268442698877,0.3659166933176597
27241,0.6684999999999998,1,1,1,532252,73358,65623,42333,0.6795175812368002,0.36591437536195554
27242,0.6685,0,16,0,532268,73342,65623,42333,0.6793693727073993,0.36596498811324835
27243,0.6685000000000001,0,5,0,532273,73337,65623,42333,0.6793230575419615,0.3659808074695254
27244,0.6685357142857142,0,2,0,532275,73335,65623,42333,0.6793045314757864,0.36598713559497875
27245,0.6685714285714286,0,5,0,532280,73330,65623,42333,0.6792582163103487,0.3660029568660678
27246,0.668595238095238,1,1,1,532281,73329,65624,42332,0.6792489532772611,0.36600063980079717
27247,0.6686190476190476,1,0,1,532281,73329,65625,42331,0.6792489532772611,0.36599515822237594
27248,0.6686309523809524,0,1,0,532282,73328,65625,42331,0.6792396902441735,0.3659983226553921
27249,0.6686666666666666,1,1,1,532283,73327,65626,42330,0.679230427211086,0.3659960054298486
27250,0.6686666666666667,2,12,2,532295,73315,65628,42328,0.6791192708140353,0.3660230191191858
27251,0.6687142857142857,0,1,0,532296,73314,65628,42328,0.6791100077809478,0.36602618425831446
27252,0.6687380952380952,0,1,0,532297,73313,65628,42328,0.6791007447478602,0.3660293494521839
27253,0.6687460317460318,0,1,0,532298,73312,65628,42328,0.6790914817147727,0.36603251470079556
27254,0.66875,0,2,0,532300,73310,65628,42328,0.6790729556485976,0.3660388453622512
27255,0.6687619047619048,0,1,0,532301,73309,65628,42328,0.67906369261551,0.36604201077509796
27256,0.6688030303030302,0,1,0,532302,73308,65628,42328,0.6790544295824225,0.36604517624269256
27257,0.6688095238095237,1,1,1,532303,73307,65629,42327,0.6790451665493349,0.3660428593666223
27258,0.6688333333333333,2,3,2,532306,73304,65631,42325,0.6790173774500723,0.36604139100052757
27259,0.6688333333333334,0,4,0,532310,73300,65631,42325,0.678980325317722,0.36605405405405406
27260,0.668845238095238,1,0,1,532310,73300,65632,42324,0.678980325317722,0.3660485712308863
27261,0.6688571428571428,1,1,1,532311,73299,65633,42323,0.6789710622846344,0.36604625417308123
27262,0.6688690476190478,0,1,0,532312,73298,65633,42323,0.6789617992515469,0.3660494200880463
27263,0.6688809523809524,0,1,0,532313,73297,65633,42323,0.6789525362184594,0.36605258605777546
27264,0.6689999999999999,1,3,1,532316,73294,65634,42322,0.6789247471191967,0.36605660116246885
27265,0.669,11,31,11,532347,73263,65645,42311,0.6786375930934825,0.366094450308893
27266,0.669047619047619,0,1,0,532348,73262,65645,42311,0.678628330060395,0.3660976179557509
27267,0.6690595238095238,0,1,0,532349,73261,65645,42311,0.6786190670273075,0.36610078565742565
27268,0.6690833333333334,1,0,1,532349,73261,65646,42310,0.6786190670273075,0.36609530072423013
27269,0.6691666666666666,6,42,6,532391,73219,65652,42304,0.6782300196376302,0.3661954762255135
27270,0.6691666666666667,4,36,4,532427,73183,65656,42300,0.6778965504464782,0.36628767870595674
27271,0.6691666666666669,1,1,1,532428,73182,65657,42299,0.6778872874133907,0.36628536296014064
27272,0.6691904761904762,0,2,0,532430,73180,65657,42299,0.6778687613472155,0.36629170671723865
27273,0.6692222222222222,0,1,0,532431,73179,65657,42299,0.677859498314128,0.3662948786781898
27274,0.6692499999999998,0,1,0,532432,73178,65657,42299,0.6778502352810404,0.3662980506940776
27275,0.6692619047619048,1,0,1,532432,73178,65658,42298,0.6778502352810404,0.3662925629568049
27276,0.6692857142857142,0,1,0,532433,73177,65658,42298,0.6778409722479529,0.3662957350075774
27277,0.6692857142857143,0,5,0,532438,73172,65658,42298,0.6777946570825151,0.36631159608556335
27278,0.6693095238095238,0,1,0,532439,73171,65658,42298,0.6777853940494275,0.3663147684659952
27279,0.66932085969586,3,6,3,532445,73165,65661,42295,0.6777298158509022,0.36631733933829896
27280,0.6693333333333332,0,3,0,532448,73162,65661,42295,0.6777020267516396,0.36632685761798767
27281,0.6693333333333333,6,28,6,532476,73134,65667,42289,0.6774426618251881,0.3663827833274131
27282,0.6693809523809523,0,4,0,532480,73130,65667,42289,0.6774056096928378,0.3663954808133843
27283,0.6694166666666667,0,2,0,532482,73128,65667,42289,0.6773870836266627,0.3664018298864119
27284,0.6694444444444444,1,3,1,532485,73125,65668,42288,0.6773592945274001,0.36640586415741727
27285,0.6694523809523809,0,3,0,532488,73122,65668,42288,0.6773315054281374,0.3664153886145048
27286,0.6694999999999999,0,2,0,532490,73120,65668,42288,0.6773129793619623,0.3664217385276584
27287,0.6695,1,4,1,532494,73116,65669,42287,0.677275927229612,0.3664289489874613
27288,0.6695000000000002,0,3,0,532497,73113,65669,42287,0.6772481381303495,0.36643847487001735
27289,0.6695151515151515,1,0,1,532497,73113,65670,42286,0.6772481381303495,0.3664329846879089
27290,0.6695238095238095,0,1,0,532498,73112,65670,42286,0.6772388750972619,0.3664361600720983
27291,0.6695238095238096,0,3,0,532501,73109,65670,42286,0.6772110859979992,0.36644568655487675
27292,0.6695357142857142,0,1,0,532502,73108,65670,42286,0.6772018229649116,0.3664488621592111
27293,0.6695833333333333,1,1,1,532503,73107,65671,42285,0.677192559931824,0.36644654742096505
27294,0.6695833333333334,0,1,0,532504,73106,65671,42285,0.6771832968987366,0.366449723115321
27295,0.6696190476190477,0,1,0,532505,73105,65671,42285,0.677174033865649,0.36645289886471966
27296,0.6696428571428572,0,1,0,532506,73104,65671,42285,0.6771647708325614,0.3664560746691626
27297,0.6696547619047618,0,1,0,532507,73103,65671,42285,0.6771555077994739,0.36645925052865114
27298,0.6696666666666665,1,1,1,532508,73102,65672,42284,0.6771462447663863,0.36645693585010314
27299,0.6696666666666666,5,14,5,532522,73088,65677,42279,0.6770165623031605,0.3664739483561157
27300,0.6696764069264068,1,2,1,532524,73086,65678,42278,0.6769980362369854,0.366474810166083
27301,0.6697142857142859,2,0,2,532524,73086,65680,42276,0.6769980362369854,0.3664638269100744
27302,0.6698095238095237,0,2,0,532526,73084,65680,42276,0.6769795101708104,0.3664701803051318
27303,0.6698333333333332,0,3,0,532529,73081,65680,42276,0.6769517210715477,0.3664797108107874
27304,0.6698333333333334,3,10,3,532539,73071,65683,42273,0.6768590907406721,0.3664950062421973
27305,0.6698928571428572,0,4,0,532543,73067,65683,42273,0.6768220386083219,0.3665077163169759
27306,0.669904761904762,0,1,0,532544,73066,65683,42273,0.6768127755752343,0.3665108939734175
27307,0.669952380952381,0,1,0,532545,73065,65683,42273,0.6768035125421468,0.36651407168496075
27308,0.6699999999999998,1,3,1,532548,73062,65684,42272,0.6767757234428842,0.36651811261206585
27309,0.67,627,1613,627,534161,71449,66311,41645,0.6618344510726593,0.36823350487205336
27310,0.6700000000000002,2,4,2,534165,71445,66313,41643,0.661797398940309,0.3682353565365025
27311,0.6700396825396825,0,2,0,534167,71443,66313,41643,0.661778872874134,0.36824186902003786
27312,0.6700714285714287,0,1,0,534168,71442,66313,41643,0.6617696098410464,0.36824512534818943
27313,0.6701190476190476,1,0,1,534168,71442,66314,41642,0.6617696098410464,0.3682395387499558
27314,0.6701616161616161,1,0,1,534168,71442,66315,41641,0.6617696098410464,0.36823395205291687
27315,0.6701666666666667,0,4,0,534172,71438,66315,41641,0.6617325577086961,0.36824697777659865
27316,0.6701666666666668,1,0,1,534172,71438,66316,41640,0.6617325577086961,0.368241390898318
27317,0.6701904761904761,0,1,0,534173,71437,66316,41640,0.6617232946756085,0.36824464745262075
27318,0.6702142857142858,0,2,0,534175,71435,66316,41640,0.6617047686094335,0.3682511607340261
27319,0.6702651515151514,1,0,1,534175,71435,66317,41639,0.6617047686094335,0.3682455736951023
27320,0.6702777777777778,0,1,0,534176,71434,66317,41639,0.6616955055763459,0.36824883040159895
27321,0.6702857142857144,0,1,0,534177,71433,66317,41639,0.6616862425432584,0.36825208716569974
27322,0.6702976190476191,0,1,0,534178,71432,66317,41639,0.6616769795101708,0.36825534398740617
27323,0.6703333333333333,0,10,0,534188,71422,66317,41639,0.6615843491792953,0.36828791537311717
27324,0.6703571428571428,0,1,0,534189,71421,66317,41639,0.6615750861462077,0.3682911728285866
27325,0.6703809523809524,0,1,0,534190,71420,66317,41639,0.6615658231131202,0.36829443034168
27326,0.670404761904762,0,1,0,534191,71419,66317,41639,0.6615565600800326,0.3682976879123989
27327,0.6704166666666665,1,1,1,534192,71418,66318,41638,0.661547297046945,0.36829535805264646
27328,0.670452380952381,0,1,0,534193,71417,66318,41638,0.6615380340138575,0.36829861571801337
27329,0.6704761904761903,1,0,1,534193,71417,66319,41637,0.6615380340138575,0.3682930281104605
27330,0.6704761904761906,1,0,1,534193,71417,66320,41636,0.6615380340138575,0.36828744040405825
27331,0.6705,3,9,3,534202,71408,66323,41633,0.6614546667160696,0.36829999734609564
27332,0.6705000000000001,1,7,1,534209,71401,66324,41632,0.6613898254844567,0.3683172170958923
27333,0.6705833333333334,0,3,0,534212,71398,66324,41632,0.661362036385194,0.36832699283376097
27334,0.6705952380952381,0,1,0,534213,71397,66324,41632,0.6613527733521064,0.36833025152836885
27335,0.6706428571428572,0,1,0,534214,71396,66324,41632,0.6613435103190188,0.36833351028063843
27336,0.6706666666666666,8,21,8,534235,71375,66332,41624,0.6611489866241802,0.3683572420994876
27337,0.6706666666666667,1,1,1,534236,71374,66333,41623,0.6611397235910926,0.3683549120773118
27338,0.6707142857142857,2,3,2,534239,71371,66335,41621,0.66111193449183,0.3683535117530445
27339,0.6707467532467533,0,1,0,534240,71370,66335,41621,0.6611026714587425,0.36835677177828324
27340,0.6707499999999998,0,1,0,534241,71369,66335,41621,0.6610934084256549,0.3683600318612267
27341,0.6707500000000002,0,1,0,534242,71368,66335,41621,0.6610841453925673,0.3683632920018763
27342,0.6708095238095236,0,1,0,534243,71367,66335,41621,0.6610748823594798,0.3683665522002337
27343,0.670809523809524,1,0,1,534243,71367,66336,41620,0.6610748823594798,0.3683609618805703
27344,0.6708333333333333,11,30,11,534273,71337,66347,41609,0.6607969913668532,0.3683972871991925
27345,0.6708333333333334,10,30,10,534303,71307,66357,41599,0.6605191003742266,0.3684392326359981
27346,0.6708531746031747,0,1,0,534304,71306,66357,41599,0.660509837341139,0.3684424959036358
27347,0.6708571428571427,0,1,0,534305,71305,66357,41599,0.6605005743080514,0.3684457592290796
27348,0.6708571428571429,0,1,0,534306,71304,66357,41599,0.6604913112749639,0.3684490226123309
27349,0.6708809523809524,1,0,1,534306,71304,66358,41598,0.6604913112749639,0.36844342881437
27350,0.6709090909090909,0,1,0,534307,71303,66358,41598,0.6604820482418763,0.36844669223478976
27351,0.6709166666666667,0,2,0,534309,71301,66358,41598,0.6604635221757013,0.3684532192490633
27352,0.6709523809523809,1,0,1,534309,71301,66359,41597,0.6604635221757013,0.36844762529008485
27353,0.670952380952381,0,1,0,534310,71300,66359,41597,0.6604542591426137,0.3684508888633002
27354,0.6709999999999999,13,34,13,534344,71266,66372,41584,0.6601393160176369,0.3684891448825875
27355,0.671,0,7,0,534351,71259,66372,41584,0.660074474786024,0.3685120034029581
27356,0.671031746031746,0,2,0,534353,71257,66372,41584,0.6600559487198489,0.36851853492967984
27357,0.6710714285714287,2,1,2,534354,71256,66374,41582,0.6600466856867613,0.36851060812846737
27358,0.6711190476190477,0,1,0,534355,71255,66374,41582,0.6600374226536737,0.36851387399523206
27359,0.6711666666666665,1,0,1,534355,71255,66375,41581,0.6600374226536737,0.36850827750008863
27360,0.6711666666666666,0,1,0,534356,71254,66375,41581,0.6600281596205861,0.3685115434040856
27361,0.6711666666666667,1,3,1,534359,71251,66376,41580,0.6600003705213235,0.36851574478645055
27362,0.6711904761904762,0,2,0,534361,71249,66376,41580,0.6599818444551484,0.36852227707415647
27363,0.6712142857142857,0,1,0,534362,71248,66376,41580,0.6599725814220608,0.36852554330485343
27364,0.671214285714286,0,1,0,534363,71247,66376,41580,0.6599633183889733,0.36852880959344836
27365,0.6712380952380953,0,1,0,534364,71246,66376,41580,0.6599540553558857,0.3685320759399429
27366,0.67125,2,2,2,534366,71244,66378,41578,0.6599355292897107,0.36852741486589496
27367,0.6712857142857144,0,1,0,534367,71243,66378,41578,0.6599262662566231,0.3685306813447851
27368,0.6713030303030303,0,1,0,534368,71242,66378,41578,0.6599170032235355,0.3685339478815813
27369,0.6713095238095238,0,2,0,534370,71240,66378,41578,0.6598984771573604,0.36854048112889787
27370,0.6713333333333332,6,14,6,534384,71226,66384,41572,0.6597687946941346,0.3685526339119488
27371,0.6713333333333334,1,2,1,534386,71224,66385,41571,0.6597502686279595,0.36855357063699634
27372,0.6713374096663568,2,3,2,534389,71221,66387,41569,0.6597224795286969,0.3685521766114017
27373,0.6713492063492064,1,0,1,534389,71221,66388,41568,0.6597224795286969,0.3685465781237532
27374,0.6713690476190476,0,1,0,534390,71220,66388,41568,0.6597132164956093,0.368549845728269
27375,0.6713809523809523,0,1,0,534391,71219,66388,41568,0.6597039534625218,0.36855311339072766
27376,0.6713809523809524,0,1,0,534392,71218,66388,41568,0.6596946904294342,0.3685563811111308
27377,0.6714285714285714,0,3,0,534395,71215,66388,41568,0.6596669013301716,0.3685661846200225
27378,0.6714761904761906,0,1,0,534396,71214,66388,41568,0.659657638297084,0.36856945257221896
27379,0.6714999999999999,0,1,0,534397,71213,66388,41568,0.6596483752639964,0.3685727205823676
27380,0.6715000000000001,5,20,5,534417,71193,66393,41563,0.6594631146022454,0.36861009613679097
27381,0.6715317460317459,0,1,0,534418,71192,66393,41563,0.6594538515691578,0.36861336526096405
27382,0.671547619047619,0,1,0,534419,71191,66393,41563,0.6594445885360702,0.368616634443124
27383,0.6715833333333333,0,1,0,534420,71190,66393,41563,0.6594353255029827,0.3686199036832723
27384,0.6716190476190476,0,1,0,534421,71189,66393,41563,0.6594260624698951,0.3686231729814105
27385,0.6716666666666665,29,94,29,534515,71095,66422,41534,0.6585553373596651,0.36876825684326414
27386,0.6716666666666667,17,56,17,534571,71039,66439,41517,0.658036607506762,0.3688563914851274
27387,0.6716904761904763,1,0,1,534571,71039,66440,41516,0.658036607506762,0.36885078406112565
27388,0.6716962481962483,1,3,1,534574,71036,66441,41515,0.6580088184074994,0.3688550079519507
27389,0.6717460317460316,0,1,0,534575,71035,66441,41515,0.6579995553744118,0.3688582852065749
27390,0.67175,0,2,0,534577,71033,66441,41515,0.6579810293082367,0.3688648398905356
27391,0.6717857142857143,3,2,3,534579,71031,66444,41512,0.6579625032420616,0.36885457114169695
27392,0.6718030303030303,0,1,0,534580,71030,66444,41512,0.657953240208974,0.36885784862540205
27393,0.6718095238095239,0,1,0,534581,71029,66444,41512,0.6579439771758865,0.36886112616735234
27394,0.6718333333333333,0,2,0,534583,71027,66444,41512,0.6579254511097113,0.3688676814259945
27395,0.6718333333333334,5,9,5,534592,71018,66449,41507,0.6578420838119233,0.36886914019106865
27396,0.6719047619047618,0,1,0,534593,71017,66449,41507,0.6578328207788359,0.36887241832853435
27397,0.6719285714285715,1,0,1,534593,71017,66450,41506,0.6578328207788359,0.3688668094522898
27398,0.6719404761904761,0,6,0,534599,71011,66450,41506,0.6577772425803105,0.3688864793764498
27399,0.671952380952381,0,1,0,534600,71010,66450,41506,0.657767979547223,0.3688897579010985
27400,0.6719682539682539,1,0,1,534600,71010,66451,41505,0.657767979547223,0.3688841487801626
27401,0.6719999999999999,0,5,0,534605,71005,66451,41505,0.6577216643817851,0.36890054217402896
27402,0.672,4,34,4,534639,70971,66455,41501,0.6574067212568083,0.36898961519311474
27403,0.6720000000000002,1,1,1,534640,70970,66456,41500,0.6573974582237208,0.36898728549835513
27404,0.6720238095238095,0,2,0,534642,70968,66456,41500,0.6573789321575456,0.36899384713874167
27405,0.6720238095238096,0,3,0,534645,70965,66456,41500,0.657351143058283,0.36900369003690037
27406,0.6720476190476191,0,1,0,534646,70964,66456,41500,0.6573418800251954,0.3690069711196472
27407,0.6720714285714285,0,1,0,534647,70963,66456,41500,0.6573326169921079,0.3690102522607435
27408,0.672095238095238,0,1,0,534648,70962,66456,41500,0.6573233539590203,0.369013533460191
27409,0.6720952380952382,1,1,1,534649,70961,66457,41499,0.6573140909259327,0.3690112039836386
27410,0.6721190476190475,1,1,1,534650,70960,66458,41498,0.6573048278928453,0.36900887442422947
27411,0.672142857142857,0,1,0,534651,70959,66458,41498,0.6572955648597577,0.36901215575731167
27412,0.6721428571428573,3,4,3,534655,70955,66461,41495,0.6572585127274074,0.36900844819919965
27413,0.6721666666666667,1,5,1,534660,70950,66462,41494,0.6572121975619697,0.3690192451353563
27414,0.6721904761904761,1,1,1,534661,70949,66463,41493,0.6572029345288821,0.36901691538748865
27415,0.6722142857142857,2,2,2,534663,70947,66465,41491,0.657184408462707,0.36901225564310997
27416,0.6722222222222223,2,2,2,534665,70945,66467,41489,0.657165882396532,0.3690075955671772
27417,0.6722499999999999,1,1,1,534666,70944,66468,41488,0.6571566193634444,0.36900526540486694
27418,0.6722619047619048,0,1,0,534667,70943,66468,41488,0.6571473563303568,0.3690085474646672
27419,0.6722857142857143,1,3,1,534670,70940,66469,41487,0.6571195672310941,0.3690127816271892
27420,0.6722857142857144,0,1,0,534671,70939,66469,41487,0.6571103041980066,0.3690160638998097
27421,0.6723055555555555,0,1,0,534672,70938,66469,41487,0.6571010411649191,0.36901934623082056
27422,0.6723095238095237,1,0,1,534672,70938,66470,41486,0.6571010411649191,0.36901373372233687
27423,0.6723333333333332,2,8,2,534680,70930,66472,41484,0.6570269369002186,0.369028768658708
27424,0.6723333333333333,1,7,1,534687,70923,66473,41483,0.6569620956686058,0.3690461363272423
27425,0.6723809523809524,0,2,0,534689,70921,66473,41483,0.6569435696024306,0.3690527027507918
27426,0.6723809523809525,0,2,0,534691,70919,66473,41483,0.6569250435362555,0.36905926940801764
27427,0.6724523809523809,0,2,0,534693,70917,66473,41483,0.6569065174700804,0.36906583629893236
27428,0.672452380952381,0,3,0,534696,70914,66473,41483,0.6568787283708177,0.3690756870734984
27429,0.6724880952380952,0,3,0,534699,70911,66473,41483,0.656850939271555,0.36908553837393454
27430,0.6724999999999999,0,3,0,534702,70908,66473,41483,0.6568231501722924,0.3690953902002829
27431,0.6725,57,144,57,534846,70764,66530,41426,0.6554892734076846,0.3692485961315625
27432,0.6725000000000001,0,2,0,534848,70762,66530,41426,0.6554707473415095,0.36925517880700254
27433,0.6725158730158731,0,2,0,534850,70760,66530,41426,0.6554522212753344,0.3692617617171483
27434,0.6725833333333334,0,2,0,534852,70758,66530,41426,0.6554336952091593,0.36926834486201243
27435,0.6725897435897434,0,2,0,534854,70756,66530,41426,0.6554151691429841,0.3692749282416074
27436,0.6725992063492063,0,1,0,534855,70755,66530,41426,0.6554059061098966,0.3692782200194329
27437,0.6726190476190476,1,0,1,534855,70755,66531,41425,0.6554059061098966,0.36927259761098236
27438,0.6726666666666666,4,10,4,534865,70745,66535,41421,0.6553132757790211,0.36928302694221066
27439,0.6726666666666667,1,6,1,534871,70739,66536,41420,0.6552576975804958,0.36929715849820344
27440,0.6726785714285713,1,0,1,534871,70739,66537,41419,0.6552576975804958,0.3692915351557624
27441,0.6726904761904763,2,0,2,534871,70739,66539,41417,0.6552576975804958,0.3692802881700489
27442,0.6726984126984127,0,1,0,534872,70738,66539,41417,0.6552484345474082,0.3692835807587713
27443,0.6727380952380951,0,1,0,534873,70737,66539,41417,0.6552391715143207,0.3692868734062093
27444,0.67275,0,2,0,534875,70735,66539,41417,0.6552206454481455,0.369293458877238
27445,0.6727777777777777,1,0,1,534875,70735,66540,41416,0.6552206454481455,0.3692878351508234
27446,0.6727857142857142,1,0,1,534875,70735,66541,41415,0.6552206454481455,0.3692822113241195
27447,0.6727857142857144,0,1,0,534876,70734,66541,41415,0.6552113824150579,0.3692855041061445
27448,0.6728095238095239,0,1,0,534877,70733,66541,41415,0.6552021193819705,0.3692887969468916
27449,0.6728333333333332,0,1,0,534878,70732,66541,41415,0.6551928563488829,0.36929208984636236
27450,0.6728333333333333,0,6,0,534884,70726,66541,41415,0.6551372781503576,0.3693118484764716
27451,0.6728333333333335,0,2,0,534886,70724,66541,41415,0.6551187520841825,0.3693184351563684
27452,0.6728370861164977,1,4,1,534890,70720,66542,41414,0.6550816999518322,0.3693259849822534
27453,0.6728492063492064,0,1,0,534891,70719,66542,41414,0.6550724369187447,0.36932927862449055
27454,0.6728571428571428,0,5,0,534896,70714,66542,41414,0.6550261217533069,0.369345747716895
27455,0.6728809523809524,0,1,0,534897,70713,66542,41414,0.6550168587202193,0.3693490417116306
27456,0.672904761904762,1,1,1,534898,70712,66543,41413,0.6550075956871318,0.3693467112597547
27457,0.6729155844155844,2,0,2,534898,70712,66545,41411,0.6550075956871318,0.36933546194803923
27458,0.6729166666666666,0,2,0,534900,70710,66545,41411,0.6549890696209567,0.3693420501065813
27459,0.6729166666666667,0,2,0,534902,70708,66545,41411,0.6549705435547816,0.369348638500165
27460,0.6729761904761904,0,1,0,534903,70707,66545,41411,0.654961280521694,0.3693519327851014
27461,0.6729761904761905,0,1,0,534904,70706,66545,41411,0.6549520174886064,0.3693552271288029
27462,0.6729761904761906,1,0,1,534904,70706,66546,41410,0.6549520174886064,0.3693496021977238
27463,0.6729999999999999,6,25,6,534929,70681,66552,41404,0.6547204416614176,0.36939822456171656
27464,0.6730000000000002,1,4,1,534933,70677,66553,41403,0.6546833895290673,0.3694057815845824
27465,0.6730238095238096,0,1,0,534934,70676,66553,41403,0.6546741264959799,0.36940907752567387
27466,0.6730259740259739,0,2,0,534936,70674,66553,41403,0.6546556004298048,0.36941566958430366
27467,0.673041514041514,0,1,0,534937,70673,66553,41403,0.6546463373967172,0.3694189657018452
27468,0.6730476190476189,1,0,1,534937,70673,66554,41402,0.6546463373967172,0.369413339281731
27469,0.673047619047619,0,3,0,534940,70670,66554,41402,0.6546185482974545,0.3694232279249054
27470,0.6730786435786436,0,1,0,534941,70669,66554,41402,0.654609285264367,0.3694265242569443
27471,0.673095238095238,0,1,0,534942,70668,66554,41402,0.6546000222312794,0.3694298206478094
27472,0.673142857142857,0,1,0,534943,70667,66554,41402,0.6545907591981919,0.36943311709750243
27473,0.6731428571428572,1,0,1,534943,70667,66555,41401,0.6545907591981919,0.36942749045222545
27474,0.6731626984126983,0,2,0,534945,70665,66555,41401,0.6545722331320167,0.36943408348651685
27475,0.6731666666666665,0,1,0,534946,70664,66555,41401,0.6545629700989292,0.36943738009191096
27476,0.6731666666666666,1,9,1,534955,70655,66556,41400,0.6544796028011413,0.3694614251929856
27477,0.6731666666666668,0,2,0,534957,70653,66556,41400,0.6544610767349661,0.36946801959786885
27478,0.673206349206349,0,1,0,534958,70652,66556,41400,0.6544518137018785,0.3694713168885874
27479,0.6732142857142857,1,1,1,534959,70651,66557,41399,0.654442550668791,0.3694689870593485
27480,0.6732500000000001,1,0,1,534959,70651,66558,41398,0.654442550668791,0.3694633597800962
27481,0.6732857142857143,2,0,2,534959,70651,66560,41396,0.654442550668791,0.36945210492025665
27482,0.6733333333333331,0,1,0,534960,70650,66560,41396,0.6544332876357034,0.3694554022455063
27483,0.6733333333333333,43,124,43,535084,70526,66603,41353,0.6532846715328468,0.3696225386354901
27484,0.6733333333333335,53,188,53,535272,70338,66656,41300,0.6515432213123865,0.36994571740805104
27485,0.6733809523809523,2,0,2,535272,70338,66658,41298,0.6515432213123865,0.36993442975384283
27486,0.6734285714285714,0,1,0,535273,70337,66658,41298,0.6515339582792989,0.3699377435392126
27487,0.6734285714285716,0,1,0,535274,70336,66658,41298,0.6515246952462114,0.3699410573839511
27488,0.673452380952381,0,2,0,535276,70334,66658,41298,0.6515061691800363,0.36994768525154076
27489,0.6734761904761905,0,1,0,535277,70333,66658,41298,0.6514969061469488,0.3699509992743951
27490,0.6735,4,14,4,535291,70319,66662,41294,0.651367223683723,0.3699748237212511
27491,0.6735000000000001,3,2,3,535293,70317,66665,41291,0.6513486976175479,0.3699645186724966
27492,0.6735833333333335,0,1,0,535294,70316,66665,41291,0.6513394345844603,0.36996783355882695
27493,0.6736190476190477,0,2,0,535296,70314,66665,41291,0.6513209085182853,0.36997446350969937
27494,0.6736428571428571,0,1,0,535297,70313,66665,41291,0.6513116454851977,0.36997777857424463
27495,0.6736547619047619,1,0,1,535297,70313,66666,41290,0.6513116454851977,0.36997213336559054
27496,0.6736666666666666,0,1,0,535298,70312,66666,41290,0.6513023824521101,0.3699754484686654
27497,0.6736666666666667,3,10,3,535308,70302,66669,41287,0.6512097521212346,0.36999166584519977
27498,0.6736904761904762,0,2,0,535310,70300,66669,41287,0.6511912260550594,0.3699982972926954
27499,0.67375,2,4,2,535314,70296,66671,41285,0.6511541739227092,0.3700002688629785
27500,0.6737777777777777,0,1,0,535315,70295,66671,41285,0.6511449108896217,0.3700035848718408
27501,0.6737857142857142,1,1,1,535316,70294,66672,41284,0.6511356478565341,0.37000125472763445
27502,0.6738095238095237,1,3,1,535319,70291,66673,41283,0.6511078587572715,0.37000555685016223
27503,0.6738333333333333,1,6,1,535325,70285,66674,41282,0.6510522805587462,0.3700198087248021
27504,0.6738333333333334,1,3,1,535328,70282,66675,41281,0.6510244914594835,0.3700241119367532
27505,0.6738354978354978,0,1,0,535329,70281,66675,41281,0.6510152284263959,0.3700274286943583
27506,0.6738513708513707,0,1,0,535330,70280,66675,41281,0.6510059653933084,0.37003074551142423
27507,0.6738571428571428,2,0,2,535330,70280,66677,41279,0.6510059653933084,0.37001945159063815
27508,0.6738690476190476,0,1,0,535331,70279,66677,41279,0.6509967023602208,0.37002276842539306
27509,0.6738888888888889,0,1,0,535332,70278,66677,41279,0.6509874393271333,0.3700260853196124
27510,0.6739047619047618,0,1,0,535333,70277,66677,41279,0.6509781762940458,0.3700294022732977
27511,0.6739047619047621,0,2,0,535335,70275,66677,41279,0.6509596502278706,0.37003603635907273
27512,0.6739166666666666,0,2,0,535337,70273,66677,41279,0.6509411241616955,0.37004267068273095
27513,0.6739484126984128,0,2,0,535339,70271,66677,41279,0.6509225980955204,0.3700493052442851
27514,0.6739761904761903,3,0,3,535339,70271,66680,41276,0.6509225980955204,0.37003236303979486
27515,0.6739999999999999,0,6,0,535345,70265,66680,41276,0.650867019896995,0.3700522677759748
27516,0.674,16,58,16,535403,70207,66696,41260,0.650329763977917,0.3701543954713054
27517,0.674047619047619,0,6,0,535409,70201,66696,41260,0.6502741857793916,0.3701743210629727
27518,0.6740476190476191,1,1,1,535410,70200,66697,41259,0.6502649227463041,0.3701719914946303
27519,0.6740555555555556,0,1,0,535411,70199,66697,41259,0.6502556597132165,0.3701753126738323
27520,0.6740647408147408,0,1,0,535412,70198,66697,41259,0.650246396680129,0.37017863391263
27521,0.6740782828282827,1,1,1,535413,70197,66698,41258,0.6502371336470414,0.37017630433807364
27522,0.6741071428571428,0,1,0,535414,70196,66698,41258,0.6502278706139538,0.37017962567516643
27523,0.6741161616161616,0,2,0,535416,70194,66698,41258,0.6502093445477787,0.3701862685281556
27524,0.6741190476190476,1,2,1,535418,70192,66699,41257,0.6501908184816036,0.37018726054069573
27525,0.6741428571428573,0,1,0,535419,70191,66699,41257,0.6501815554485161,0.3701905821549063
27526,0.6741666666666666,3,43,3,535462,70148,66702,41254,0.6497832450257512,0.3703165113732249
27527,0.6741666666666667,6,23,6,535485,70125,66708,41248,0.6495701952647375,0.37035906368689
27528,0.6741904761904762,0,1,0,535486,70124,66708,41248,0.6495609322316499,0.37036238911036884
27529,0.6742142857142857,0,1,0,535487,70123,66708,41248,0.6495516691985623,0.37036571459356565
27530,0.6742261904761905,0,4,0,535491,70119,66708,41248,0.6495146170662122,0.3703790171235644
27531,0.6742301587301589,1,0,1,535491,70119,66709,41247,0.6495146170662122,0.37037336350412153
27532,0.6742857142857143,2,8,2,535499,70111,66711,41245,0.6494405128015117,0.3703886633858975
27533,0.6743333333333332,1,2,1,535501,70109,66712,41244,0.6494219867353366,0.37038966170646503
27534,0.6743333333333333,6,24,6,535525,70085,66718,41238,0.6491996739412353,0.37043557935017923
27535,0.674404761904762,1,0,1,535525,70085,66719,41237,0.6491996739412353,0.37042992400423996
27536,0.6744444444444444,0,1,0,535526,70084,66719,41237,0.6491904109081478,0.37043325158775076
27537,0.6744523809523808,0,1,0,535527,70083,66719,41237,0.6491811478750602,0.3704365792310456
27538,0.6744523809523809,2,4,2,535531,70079,66721,41235,0.64914409574271,0.37043857915446393
27539,0.6744999999999999,0,2,0,535533,70077,66721,41235,0.6491255696765349,0.3704452350150927
27540,0.6745,2,4,2,535537,70073,66723,41233,0.6490885175441846,0.37044723554884734
27541,0.6745238095238095,0,1,0,535538,70072,66723,41233,0.6490792545110972,0.3704505637662279
27542,0.6745238095238096,1,0,1,535538,70072,66724,41232,0.6490792545110972,0.3704449076403364
27543,0.6745476190476191,1,0,1,535538,70072,66725,41231,0.6490792545110972,0.3704392514128101
27544,0.6745714285714286,0,1,0,535539,70071,66725,41231,0.6490699914780096,0.37044257964816446
27545,0.6745833333333334,0,2,0,535541,70069,66725,41231,0.6490514654118344,0.3704492362982929
27546,0.6746212121212122,0,1,0,535542,70068,66725,41231,0.6490422023787469,0.3704525647130702
27547,0.674642857142857,0,1,0,535543,70067,66725,41231,0.6490329393456593,0.37045589318765837
27548,0.6746428571428572,0,2,0,535545,70065,66725,41231,0.6490144132794843,0.37046255031627373
27549,0.6746547619047618,0,4,0,535549,70061,66725,41231,0.648977361147134,0.3704758652913058
27550,0.6746666666666666,5,8,5,535557,70053,66730,41226,0.6489032568824336,0.3704742134634567
27551,0.6747142857142856,0,2,0,535559,70051,66730,41226,0.6488847308162585,0.3704808720580174
27552,0.6747857142857143,1,0,1,535559,70051,66731,41225,0.6488847308162585,0.3704752147812646
27553,0.6748225108225108,0,1,0,535560,70050,66731,41225,0.648875467783171,0.3704785441473826
27554,0.6748333333333332,0,3,0,535563,70047,66731,41225,0.6488476786839082,0.37048853260478826
27555,0.6748333333333334,0,14,0,535577,70033,66731,41225,0.6487179962206825,0.3705351525283575
27556,0.6748333333333335,0,4,0,535581,70029,66731,41225,0.6486809440883323,0.3705484746615852
27557,0.6748769841269839,0,1,0,535582,70028,66731,41225,0.6486716810552448,0.370551805344575
27558,0.6748809523809522,0,1,0,535583,70027,66731,41225,0.6486624180221572,0.3705551360874411
27559,0.6748809523809524,0,3,0,535586,70024,66731,41225,0.6486346289228945,0.37056512867531394
27560,0.6749999999999998,0,2,0,535588,70022,66731,41225,0.6486161028567194,0.3705717906999739
27561,0.675,218,495,218,536083,69527,66949,41007,0.64403090147838,0.37098992165306605
27562,0.6750238095238096,0,1,0,536084,69526,66949,41007,0.6440216384452925,0.37099327802556703
27563,0.6750714285714287,0,1,0,536085,69525,66949,41007,0.644012375412205,0.37099663445879927
27564,0.6750833333333333,1,0,1,536085,69525,66950,41006,0.644012375412205,0.37099094371714725
27565,0.6751190476190476,0,1,0,536086,69524,66950,41006,0.6440031123791174,0.3709943001899937
27566,0.6751666666666665,1,0,1,536086,69524,66951,41005,0.6440031123791174,0.37098860932424976
27567,0.6751666666666667,4,11,4,536097,69513,66955,41001,0.6439012190151543,0.3710027688799609
27568,0.6751666666666668,1,1,1,536098,69512,66956,41000,0.6438919559820667,0.3710004343419719
27569,0.6752142857142858,0,2,0,536100,69510,66956,41000,0.6438734299158917,0.3710071486743281
27570,0.6752380952380952,1,4,1,536104,69506,66957,40999,0.6438363777835414,0.37101488620424417
27571,0.675260198135198,0,1,0,536105,69505,66957,40999,0.6438271147504538,0.37101824368348657
27572,0.6753333333333333,2,11,2,536116,69494,66959,40997,0.6437252213864908,0.3710437954222516
27573,0.6753333333333335,0,1,0,536117,69493,66959,40997,0.6437159583534032,0.37104715358856005
27574,0.6754126984126984,0,1,0,536118,69492,66959,40997,0.6437066953203157,0.37105051181565585
27575,0.6754166666666666,1,1,1,536119,69491,66960,40996,0.6436974322872281,0.3710481776136559
27576,0.6754166666666667,1,0,1,536119,69491,66961,40995,0.6436974322872281,0.3710424850207266
27577,0.6754761904761903,1,0,1,536119,69491,66962,40994,0.6436974322872281,0.37103679232474995
27578,0.6754761904761906,0,3,0,536122,69488,66962,40994,0.6436696431879655,0.37104686736300935
27579,0.6755,4,12,4,536134,69476,66966,40990,0.6435584867909148,0.3710643999058534
27580,0.6755357142857144,1,1,1,536135,69475,66967,40989,0.6435492237578273,0.37106206546929316
27581,0.6755833333333334,0,1,0,536136,69474,66967,40989,0.6435399607247397,0.3710654246218191
27582,0.6755952380952382,0,1,0,536137,69473,66967,40989,0.6435306976916522,0.37106878383516506
27583,0.6756031746031746,1,1,1,536138,69472,66968,40988,0.6435214346585646,0.3710664493934456
27584,0.6756666666666666,5,15,5,536153,69457,66973,40983,0.6433824891622513,0.37108837377761683
27585,0.6756666666666667,1,2,1,536155,69455,66974,40982,0.6433639630960761,0.3710893993860753
27586,0.675697691197691,0,2,0,536157,69453,66974,40982,0.6433454370299011,0.3710961198895278
27587,0.6757142857142857,2,6,2,536163,69447,66976,40980,0.6432898588313758,0.37110489282512427
27588,0.6757499999999999,0,1,0,536164,69446,66976,40980,0.6432805957982882,0.37110825349102566
27589,0.6757572150072149,0,2,0,536166,69444,66976,40980,0.6432620697321131,0.3711149750054336
27590,0.6757619047619048,0,1,0,536167,69443,66976,40980,0.6432528066990255,0.3711183358539435
27591,0.6758095238095236,1,0,1,536167,69443,66977,40979,0.6432528066990255,0.3711126405969825
27592,0.6758333333333332,0,1,0,536168,69442,66977,40979,0.643243543665938,0.3711160014852247
27593,0.6758333333333333,6,26,6,536194,69416,66983,40973,0.6430027048056616,0.3711692288180888
27594,0.6758333333333334,8,36,8,536230,69380,66991,40965,0.6426692356145096,0.3712447324301056
27595,0.6759166666666667,0,1,0,536231,69379,66991,40965,0.642659972581422,0.37124809686072646
27596,0.6759444444444445,0,1,0,536232,69378,66991,40965,0.6426507095483345,0.37125146135232867
27597,0.675952380952381,0,7,0,536239,69371,66991,40965,0.6425858683167216,0.37127501450116007
27598,0.6759999999999999,17,58,17,536297,69313,67008,40948,0.6420486123976434,0.37137337771288126
27599,0.676,1,6,1,536303,69307,67009,40947,0.6419930341991181,0.3713878861537903
27600,0.6760476190476191,0,3,0,536306,69304,67009,40947,0.6419652450998555,0.37139799185494915
27601,0.6760714285714287,0,3,0,536309,69301,67009,40947,0.6419374560005928,0.3714080981060881
27602,0.6761098068598068,0,3,0,536312,69298,67009,40947,0.6419096669013302,0.371418204907252
27603,0.6761190476190475,1,0,1,536312,69298,67010,40946,0.6419096669013302,0.371412503174776
27604,0.676142857142857,0,1,0,536313,69297,67010,40946,0.6419004038682427,0.3714158722095734
27605,0.6761666666666666,0,3,0,536316,69294,67010,40946,0.6418726147689799,0.3714259796806967
27606,0.6761666666666667,1,7,1,536323,69287,67011,40945,0.6418077735373671,0.3714438638507874
27607,0.6761904761904762,0,2,0,536325,69285,67011,40945,0.6417892474711919,0.37145060328404245
27608,0.6762222222222222,0,1,0,536326,69284,67011,40945,0.6417799844381045,0.37145397309238043
27609,0.67625,0,2,0,536328,69282,67011,40945,0.6417614583719293,0.3714607128924855
27610,0.6762857142857144,1,2,1,536330,69280,67012,40944,0.6417429323057542,0.37146175061692555
27611,0.6762857142857145,0,2,0,536332,69278,67012,40944,0.641724406239579,0.3714684908638929
27612,0.6763023088023088,0,2,0,536334,69276,67012,40944,0.641705880173404,0.3714752313554709
27613,0.6763095238095239,0,1,0,536335,69275,67012,40944,0.6416966171403164,0.371478601692993
27614,0.6763333333333332,1,11,1,536346,69264,67013,40943,0.6415947237763533,0.37150997668024716
27615,0.6763333333333335,0,1,0,536347,69263,67013,40943,0.6415854607432657,0.37151334773061356
27616,0.6763333333333336,0,1,0,536348,69262,67013,40943,0.6415761977101783,0.3715167188421578
27617,0.6764217171717172,0,1,0,536349,69261,67013,40943,0.6415669346770907,0.3715200900148815
27618,0.6764285714285714,0,2,0,536351,69259,67013,40943,0.6415484086109156,0.371526832543874
27619,0.6764444444444444,0,1,0,536352,69258,67013,40943,0.641539145577828,0.37153020390014607
27620,0.676452380952381,0,1,0,536353,69257,67013,40943,0.6415298825447404,0.37153357531760434
27621,0.6764740259740258,0,2,0,536355,69255,67013,40943,0.6415113564785654,0.371540318336086
27622,0.6764761904761905,0,1,0,536356,69254,67013,40943,0.6415020934454778,0.3715436899371126
27623,0.6764999999999998,0,1,0,536357,69253,67013,40943,0.6414928304123902,0.3715470615993321
27624,0.6764999999999999,0,2,0,536359,69251,67013,40943,0.6414743043462151,0.37155380510735614
27625,0.6765000000000001,5,11,5,536370,69240,67018,40938,0.6413724109822521,0.37156238087458476
27626,0.6765238095238095,1,0,1,536370,69240,67019,40937,0.6413724109822521,0.37155667698339945
27627,0.6765457875457876,0,2,0,536372,69238,67019,40937,0.6413538849160769,0.37156342182890856
27628,0.676547619047619,0,2,0,536374,69236,67019,40937,0.6413353588499018,0.37157016691929967
27629,0.6765595238095239,0,2,0,536376,69234,67019,40937,0.6413168327837268,0.37157691225458606
27630,0.6765714285714286,0,1,0,536377,69233,67019,40937,0.6413075697506392,0.37158028501406914
27631,0.6765833333333333,0,1,0,536378,69232,67019,40937,0.6412983067175516,0.3715836578347811
27632,0.6765952380952381,0,1,0,536379,69231,67019,40937,0.641289043684464,0.37158703071672355
27633,0.6766111111111112,1,0,1,536379,69231,67020,40936,0.641289043684464,0.37158132653153847
27634,0.6766190476190477,1,0,1,536379,69231,67021,40935,0.641289043684464,0.3715756222427972
27635,0.6766230158730159,1,2,1,536381,69229,67022,40934,0.6412705176182889,0.37157666367110553
27636,0.6766666666666665,58,167,58,536548,69062,67080,40876,0.6397235910926674,0.3718095653914024
27637,0.6766666666666667,36,102,36,536650,68960,67116,40840,0.6387787617177368,0.37194899817850635
27638,0.6766904761904762,2,2,2,536652,68958,67118,40838,0.6387602356515617,0.37194433312688985
27639,0.6767023809523809,0,1,0,536653,68957,67118,40838,0.6387509726184742,0.37194772075231114
27640,0.6767142857142858,0,1,0,536654,68956,67118,40838,0.6387417095853867,0.3719511084394411
27641,0.6767222222222222,1,1,1,536655,68955,67119,40837,0.6387324465522991,0.37194877586709413
27642,0.6767298534798535,0,1,0,536656,68954,67119,40837,0.6387231835192115,0.3719521636564017
27643,0.6767857142857142,1,0,1,536656,68954,67120,40836,0.6387231835192115,0.3719464432097641
27644,0.6767857142857143,1,1,1,536657,68953,67121,40835,0.638713920486124,0.37194411046744635
27645,0.67679329004329,1,0,1,536657,68953,67122,40834,0.638713920486124,0.371938389791141
27646,0.6768333333333334,0,10,0,536667,68943,67122,40834,0.6386212901552485,0.37197227105860065
27647,0.676904761904762,1,0,1,536667,68943,67123,40833,0.6386212901552485,0.3719665500655881
27648,0.6769285714285715,0,1,0,536668,68942,67123,40833,0.6386120271221609,0.37196993851058985
27649,0.6769642857142857,0,1,0,536669,68941,67123,40833,0.6386027640890733,0.3719733270173265
27650,0.6769761904761904,1,1,1,536670,68940,67124,40832,0.6385935010559858,0.3719709944248078
27651,0.6769999999999999,0,2,0,536672,68938,67124,40832,0.6385749749898106,0.371977771704473
27652,0.677,7,17,7,536689,68921,67131,40825,0.6384175034273223,0.3719953346819018
27653,0.6770000000000002,1,1,1,536690,68920,67132,40824,0.6384082403942347,0.37199300189532003
27654,0.6770714285714285,1,0,1,536690,68920,67133,40823,0.6384082403942347,0.3719872793708938
27655,0.6770779220779221,0,3,0,536693,68917,67133,40823,0.638380451294972,0.37199744851467104
27656,0.6770833333333333,0,1,0,536694,68916,67133,40823,0.6383711882618844,0.37200083835281894
27657,0.6770833333333335,1,0,1,536694,68916,67134,40822,0.6383711882618844,0.3719951156390676
27658,0.6771212121212122,1,0,1,536694,68916,67135,40821,0.6383711882618844,0.3719893928210175
27659,0.6771269841269842,0,1,0,536695,68915,67135,40821,0.6383619252287969,0.3719927826784282
27660,0.6771428571428573,2,4,2,536699,68911,67137,40819,0.6383248730964467,0.3719948965642942
27661,0.6771547619047618,0,1,0,536700,68910,67137,40819,0.6383156100633591,0.37199828668811347
27662,0.6771666666666666,0,1,0,536701,68909,67137,40819,0.6383063470302716,0.3720016768737241
27663,0.6771666666666667,5,13,5,536714,68896,67142,40814,0.6381859276001334,0.37201713608604503
27664,0.6771904761904761,1,0,1,536714,68896,67143,40813,0.6381859276001334,0.3720114120081306
27665,0.6772222222222223,1,1,1,536715,68895,67144,40812,0.6381766645670458,0.37200907872788425
27666,0.6772499999999999,0,1,0,536716,68894,67144,40812,0.6381674015339582,0.3720124696917215
27667,0.6772500000000001,0,2,0,536718,68892,67144,40812,0.6381488754677832,0.37201925180485673
27668,0.6772619047619048,0,1,0,536719,68891,67144,40812,0.6381396124346956,0.37202264295415804
27669,0.6772698412698412,0,1,0,536720,68890,67144,40812,0.6381303494016081,0.3720260341652841
27670,0.6772727272727272,0,1,0,536721,68889,67144,40812,0.6381210863685205,0.37202942543823664
27671,0.6772738095238094,0,1,0,536722,68888,67144,40812,0.6381118233354329,0.3720328167730173
27672,0.6773333333333332,1,6,1,536728,68882,67145,40811,0.6380562451369076,0.37204744149581104
27673,0.6773333333333333,4,15,4,536743,68867,67149,40807,0.6379172996405943,0.37207542352791
27674,0.6773333333333335,2,5,2,536748,68862,67151,40805,0.6378709844751566,0.37208093592420693
27675,0.6773506493506494,0,1,0,536749,68861,67151,40805,0.637861721442069,0.37208432878011416
27676,0.6773571428571428,1,0,1,536749,68861,67152,40804,0.637861721442069,0.37207860301828294
27677,0.6773809523809524,1,5,1,536754,68856,67153,40803,0.6378154062766312,0.3720898421470194
27678,0.6774722222222223,1,0,1,536754,68856,67154,40802,0.6378154062766312,0.372084116069963
27679,0.6774999999999999,0,1,0,536755,68855,67154,40802,0.6378061432435437,0.37208750923333667
27680,0.6775,59,155,59,536910,68700,67213,40743,0.6363703731149728,0.3722759792768839
27681,0.6775000000000001,1,2,1,536912,68698,67214,40742,0.6363518470487977,0.3722770467836257
27682,0.6775238095238096,0,1,0,536913,68697,67214,40742,0.6363425840157101,0.37228044846901015
27683,0.6775476190476191,1,2,1,536915,68695,67215,40741,0.636324057949535,0.3722815161372857
27684,0.6775714285714285,0,1,0,536916,68694,67215,40741,0.6363147949164475,0.3722849179878467
27685,0.6776071428571427,0,1,0,536917,68693,67215,40741,0.6363055318833599,0.37228831990057937
27686,0.6776190476190476,0,2,0,536919,68691,67215,40741,0.6362870058171848,0.3722951239125667
27687,0.6776190476190478,0,1,0,536920,68690,67215,40741,0.6362777427840972,0.3722985260118248
27688,0.6776349206349208,0,1,0,536921,68689,67215,40741,0.6362684797510096,0.37230192817326146
27689,0.6776666666666665,1,1,1,536922,68688,67216,40740,0.6362592167179221,0.3722995942537559
27690,0.6776666666666666,4,16,4,536938,68672,67220,40736,0.6361110081885213,0.3723310909622697
27691,0.6776666666666668,0,4,0,536942,68668,67220,40736,0.636073956056171,0.3723447040327593
27692,0.6777380952380951,0,1,0,536943,68667,67220,40736,0.6360646930230834,0.37234810745591984
27693,0.6777619047619047,0,3,0,536946,68664,67220,40736,0.6360369039238208,0.3723583180987203
27694,0.6777777777777777,1,0,1,536946,68664,67221,40735,0.6360369039238208,0.37235258091938683
27695,0.6778333333333333,1,14,1,536960,68650,67222,40734,0.6359072214605951,0.37239450010970526
27696,0.6778333333333335,0,2,0,536962,68648,67222,40734,0.63588869539442,0.3724013091733558
27697,0.6778571428571429,1,1,1,536963,68647,67223,40733,0.6358794323613324,0.37239897604680927
27698,0.6778690476190476,0,3,0,536966,68644,67223,40733,0.6358516432620698,0.37240919023195007
27699,0.6779047619047618,1,0,1,536966,68644,67224,40732,0.6358516432620698,0.3724034523112932
27700,0.677904761904762,1,0,1,536966,68644,67225,40731,0.6358516432620698,0.3723977142857143
27701,0.6779682539682539,0,1,0,536967,68643,67225,40731,0.6358423802289822,0.37240111909594603
27702,0.6779880952380951,1,0,1,536967,68643,67226,40730,0.6358423802289822,0.3723953809441087
27703,0.6779999999999998,0,3,0,536970,68640,67226,40730,0.6358145911297195,0.37240559568437415
27704,0.6779999999999999,14,43,14,537013,68597,67240,40716,0.6354162807069547,0.3724717096777145
27705,0.6780000000000002,2,2,2,537015,68595,67242,40714,0.6353977546407795,0.3724670429699293
27706,0.6780064935064936,0,1,0,537016,68594,67242,40714,0.6353884916076921,0.3724704504702309
27707,0.6780238095238096,0,2,0,537018,68592,67242,40714,0.6353699655415169,0.37247726565787787
27708,0.678047619047619,0,1,0,537019,68591,67242,40714,0.6353607025084294,0.37248067334522666
27709,0.678111111111111,0,1,0,537020,68590,67242,40714,0.6353514394753418,0.3724840810949279
27710,0.6781150793650792,2,1,2,537021,68589,67244,40712,0.6353421764422542,0.3724760066239101
27711,0.6781349206349206,0,1,0,537022,68588,67244,40712,0.6353329134091666,0.3724794144556267
27712,0.6781666666666666,4,11,4,537033,68577,67248,40708,0.6352310200452036,0.37249393786887497
27713,0.6781666666666668,1,4,1,537037,68573,67249,40707,0.6351939679128534,0.37250183016105415
27714,0.6781984126984127,0,1,0,537038,68572,67249,40707,0.6351847048797659,0.3725052388839576
27715,0.678202380952381,0,3,0,537041,68569,67249,40707,0.6351569157805032,0.3725154654269922
27716,0.67825,0,1,0,537042,68568,67249,40707,0.6351476527474156,0.3725188743994509
27717,0.6782857142857144,1,2,1,537044,68566,67250,40706,0.6351291266812406,0.37251995021597484
27718,0.6783322510822509,0,2,0,537046,68564,67250,40706,0.6351106006150654,0.3725267685549556
27719,0.6783333333333331,1,0,1,537046,68564,67251,40705,0.6351106006150654,0.37252102609157217
27720,0.6783333333333332,33,73,33,537119,68491,67284,40672,0.6344343991996739,0.37258045308392035
27721,0.6783333333333335,22,86,22,537205,68405,67306,40650,0.6336377783541443,0.3727476961166384
27722,0.6783809523809523,1,0,1,537205,68405,67307,40649,0.6336377783541443,0.3727419443578411
27723,0.678452380952381,0,1,0,537206,68404,67307,40649,0.6336285153210567,0.3727453623467488
27724,0.6784761904761905,2,1,2,537207,68403,67309,40647,0.6336192522879692,0.3727372764786795
27725,0.6785,2,15,2,537222,68388,67311,40645,0.6334803067916559,0.3727770491502573
27726,0.6785000000000001,0,3,0,537225,68385,67311,40645,0.6334525176923932,0.3727873062459873
27727,0.6785714285714286,1,3,1,537228,68382,67312,40644,0.6334247285931305,0.37279181112762094
27728,0.6785833333333333,0,1,0,537229,68381,67312,40644,0.633415465560043,0.37279523045173124
27729,0.6786111111111112,0,1,0,537230,68380,67312,40644,0.6334062025269555,0.37279864983856764
27730,0.6786190476190476,1,3,1,537233,68377,67313,40643,0.6333784134276927,0.3728031553843332
27731,0.6786428571428571,1,0,1,537233,68377,67314,40642,0.6333784134276927,0.3727974022876746
27732,0.6786666666666666,0,3,0,537236,68374,67314,40642,0.6333506243284301,0.3728076612607324
27733,0.6786666666666668,4,15,4,537251,68359,67318,40638,0.6332116788321168,0.3728359496132921
27734,0.6787222222222223,0,1,0,537252,68358,67318,40638,0.6332024157990293,0.37283937025211933
27735,0.6787261904761904,0,1,0,537253,68357,67318,40638,0.6331931527659417,0.3728427909537135
27736,0.6787420634920636,1,0,1,537253,68357,67319,40637,0.6331931527659417,0.3728370369011138
27737,0.67875,1,2,1,537255,68355,67320,40636,0.6331746266997665,0.3728381242487912
27738,0.6787857142857143,0,1,0,537256,68354,67320,40636,0.633165363666679,0.37284154509588036
27739,0.6787936507936507,0,1,0,537257,68353,67320,40636,0.6331561006335915,0.3728449660057437
27740,0.6788095238095238,1,1,1,537258,68352,67321,40635,0.6331468376005039,0.3728426326075587
27741,0.678809523809524,0,1,0,537259,68351,67321,40635,0.6331375745674164,0.3728460536215661
27742,0.6788333333333333,0,8,0,537267,68343,67321,40635,0.6330634703027159,0.3728734239938336
27743,0.6788333333333334,1,1,1,537268,68342,67322,40634,0.6330542072696284,0.3728710908823961
27744,0.6788571428571428,0,3,0,537271,68339,67322,40634,0.6330264181703658,0.3728813559322034
27745,0.6788888888888889,1,1,1,537272,68338,67323,40633,0.6330171551372782,0.37287902285929286
27746,0.6789047619047619,0,2,0,537274,68336,67323,40633,0.632998629071103,0.37288586662261747
27747,0.6789285714285714,0,1,0,537275,68335,67323,40633,0.6329893660380155,0.37288928859848763
27748,0.6789404761904761,0,1,0,537276,68334,67323,40633,0.6329801030049279,0.3728927106371654
27749,0.6789999999999999,1,3,1,537279,68331,67324,40632,0.6329523139056653,0.3728972219927865
27750,0.679,8,39,8,537318,68292,67332,40624,0.6325910556152506,0.37298468544566454
27751,0.6790000000000002,0,1,0,537319,68291,67332,40624,0.6325817925821631,0.37298810999403204
27752,0.6790238095238097,0,1,0,537320,68290,67332,40624,0.6325725295490755,0.3729915346052849
27753,0.679047619047619,0,2,0,537322,68288,67332,40624,0.6325540034829005,0.37299838401645363
27754,0.6790833333333333,0,1,0,537323,68287,67332,40624,0.6325447404498129,0.373001808816373
27755,0.6791428571428572,0,1,0,537324,68286,67332,40624,0.6325354774167253,0.37300523367918464
27756,0.6791666666666666,11,33,11,537357,68253,67343,40613,0.6322297973248361,0.37305494828504765
27757,0.6791666666666667,4,14,4,537371,68239,67347,40609,0.6321001148616103,0.3730798912244598
27758,0.6792222222222222,0,1,0,537372,68238,67347,40609,0.6320908518285228,0.3730833187869211
27759,0.67925,0,2,0,537374,68236,67347,40609,0.6320723257623476,0.37309017410078554
27760,0.6792500000000001,0,1,0,537375,68235,67347,40609,0.63206306272926,0.37309360185219215
27761,0.6792857142857143,0,2,0,537377,68233,67347,40609,0.6320445366630849,0.3731004575439628
27762,0.6793095238095238,0,1,0,537378,68232,67347,40609,0.6320352736299975,0.3731038854843304
27763,0.6793174603174602,0,1,0,537379,68231,67347,40609,0.6320260105969099,0.37310731348768833
27764,0.6793333333333332,1,1,1,537380,68230,67348,40608,0.6320167475638223,0.3731049817159448
27765,0.6793333333333333,6,22,6,537402,68208,67354,40602,0.6318129608358961,0.3731458505652054
27766,0.6793809523809523,1,0,1,537402,68208,67355,40601,0.6318129608358961,0.3731400895146541
27767,0.6794285714285715,0,2,0,537404,68206,67355,40601,0.631794434769721,0.3731469482661961
27768,0.6794761904761905,0,3,0,537407,68203,67355,40601,0.6317666456704584,0.37315723686629165
27769,0.6795,2,3,2,537410,68200,67357,40599,0.6317388565711957,0.3731560032720889
27770,0.6795000000000002,1,0,1,537410,68200,67358,40598,0.6317388565711957,0.3731502417323848
27771,0.6795238095238095,0,2,0,537412,68198,67358,40598,0.6317203305050205,0.37315710136402075
27772,0.6795238095238096,0,1,0,537413,68197,67358,40598,0.6317110674719331,0.3731605312744152
27773,0.6795555555555555,1,0,1,537413,68197,67359,40597,0.6317110674719331,0.37315476956449806
27774,0.6795833333333333,0,1,0,537414,68196,67359,40597,0.6317018044388455,0.373158199516513
27775,0.6795833333333334,2,0,2,537414,68196,67361,40595,0.6317018044388455,0.3731466757360443
27776,0.6796428571428572,0,1,0,537415,68195,67361,40595,0.6316925414057579,0.37315010570824525
27777,0.6796666666666665,0,5,0,537420,68190,67361,40595,0.6316462262403202,0.37316725651514454
27778,0.6796666666666666,3,8,3,537428,68182,67364,40592,0.6315721219756197,0.3731774137201905
27779,0.679666666666667,0,1,0,537429,68181,67364,40592,0.6315628589425322,0.37318084451104594
27780,0.6797142857142856,0,1,0,537430,68180,67364,40592,0.6315535959094446,0.3731842753649836
27781,0.67975,1,0,1,537430,68180,67365,40591,0.6315535959094446,0.37317851265502755
27782,0.6798095238095238,0,2,0,537432,68178,67365,40591,0.6315350698432695,0.37318537450928113
27783,0.6798293650793652,0,1,0,537433,68177,67365,40591,0.6315258068101819,0.37318880553103856
27784,0.6798333333333332,0,4,0,537437,68173,67365,40591,0.6314887546778317,0.3732025302489794
27785,0.6798333333333333,2,4,2,537441,68169,67367,40589,0.6314517025454814,0.37320472976700564
27786,0.6798333333333335,0,1,0,537442,68168,67367,40589,0.631442439512394,0.3732081613137545
27787,0.6798452380952381,1,0,1,537442,68168,67368,40588,0.631442439512394,0.3732023980286145
27788,0.6798531746031748,0,1,0,537443,68167,67368,40588,0.6314331764793064,0.3732058296170291
27789,0.6799047619047619,0,1,0,537444,68166,67368,40588,0.6314239134462188,0.37320926126855103
27790,0.6799047619047621,0,1,0,537445,68165,67368,40588,0.6314146504131313,0.37321269298318205
27791,0.6799166666666667,0,1,0,537446,68164,67368,40588,0.6314053873800437,0.3732161247609239
27792,0.6799285714285714,0,1,0,537447,68163,67368,40588,0.6313961243469561,0.37321955660177836
27793,0.679952380952381,0,1,0,537448,68162,67368,40588,0.6313868613138686,0.37322298850574714
27794,0.6799999999999998,2,3,2,537451,68159,67370,40586,0.631359072214606,0.3732217573221757
27795,0.68,616,1566,616,539017,66593,67986,39970,0.6168531623994961,0.3750832840667023
27796,0.6800000000000002,2,2,2,539019,66591,67988,39968,0.616834636333321,0.37507859495678453
27797,0.6800079365079366,1,1,1,539020,66590,67989,39967,0.6168253733002335,0.3750762502698086
27798,0.680047619047619,0,1,0,539021,66589,67989,39967,0.6168161102671459,0.37507977026164646
27799,0.6800714285714287,0,3,0,539024,66586,67989,39967,0.6167883211678832,0.37509033063358144
27800,0.680142857142857,0,1,0,539025,66585,67989,39967,0.6167790581347956,0.3750938508897064
27801,0.6801666666666665,1,1,1,539026,66584,67990,39966,0.6167697951017082,0.37509150633505395
27802,0.6801666666666667,2,6,2,539032,66578,67992,39964,0.6167142169031827,0.37510089917591183
27803,0.6801666666666668,2,3,2,539035,66575,67994,39962,0.6166864278039201,0.37509973061002283
27804,0.6802142857142855,0,1,0,539036,66574,67994,39962,0.6166771647708326,0.3751032514830668
27805,0.680232683982684,0,3,0,539039,66571,67994,39962,0.6166493756715699,0.3751138144987938
27806,0.6802380952380952,0,3,0,539042,66568,67994,39962,0.6166215865723073,0.37512437810945276
27807,0.68025,0,1,0,539043,66567,67994,39962,0.6166123235392197,0.3751278994452215
27808,0.6802777777777778,0,1,0,539044,66566,67994,39962,0.6166030605061321,0.3751314208471012
27809,0.6802777777777779,1,0,1,539044,66566,67995,39961,0.6166030605061321,0.37512555502360906
27810,0.6803095238095237,1,1,1,539045,66565,67996,39960,0.6165937974730445,0.37512321051396386
27811,0.6803333333333333,6,14,6,539059,66551,68002,39954,0.6164641150098188,0.37513731749683116
27812,0.6803333333333335,0,3,0,539062,66548,68002,39954,0.6164363259105562,0.37514788454676906
27813,0.6803452380952382,0,1,0,539063,66547,68002,39954,0.6164270628774686,0.375151407029042
27814,0.6803571428571428,0,3,0,539066,66544,68002,39954,0.6163992737782059,0.3751619748727676
27815,0.680404761904762,0,1,0,539067,66543,68002,39954,0.6163900107451183,0.37516549761965123
27816,0.6804166666666666,0,1,0,539068,66542,68002,39954,0.6163807477120308,0.3751690204326923
27817,0.680436507936508,0,1,0,539069,66541,68002,39954,0.6163714846789433,0.3751725433118926
27818,0.6804523809523809,0,1,0,539070,66540,68002,39954,0.6163622216458557,0.3751760662572539
27819,0.6804761904761903,1,1,1,539071,66539,68003,39953,0.6163529586127682,0.3751737219697254
27820,0.6804761904761905,0,2,0,539073,66537,68003,39953,0.616334432546593,0.3751807681472439
27821,0.6804999999999999,0,3,0,539076,66534,68003,39953,0.6163066434473304,0.3751913379097918
27822,0.6805,2,12,2,539088,66522,68005,39951,0.6161954870502797,0.37522188723901834
27823,0.6805000000000001,0,4,0,539092,66518,68005,39951,0.6161584349179295,0.3752359841831895
27824,0.6805555555555556,0,1,0,539093,66517,68005,39951,0.616149171884842,0.3752395085847391
27825,0.6805562770562772,1,3,1,539096,66514,68006,39950,0.6161213827855793,0.37524421400661256
27826,0.6805714285714285,0,1,0,539097,66513,68006,39950,0.6161121197524918,0.3752477386509867
27827,0.6805833333333333,0,1,0,539098,66512,68006,39950,0.6161028567194042,0.37525126336157505
27828,0.6806428571428572,0,1,0,539099,66511,68006,39950,0.6160935936863167,0.3752547881383793
27829,0.6806666666666665,0,1,0,539100,66510,68006,39950,0.6160843306532291,0.37525831298140144
27830,0.6806666666666666,6,26,6,539126,66484,68012,39944,0.6158434917929527,0.3753147667906942
27831,0.6806666666666668,1,3,1,539129,66481,68013,39943,0.61581570269369,0.37531947680974215
27832,0.6807142857142856,0,1,0,539130,66480,68013,39943,0.6158064396606024,0.37532300348608855
27833,0.6807142857142857,1,4,1,539134,66476,68014,39942,0.6157693875282523,0.37533124095547743
27834,0.6807142857142858,0,1,0,539135,66475,68014,39942,0.6157601244951647,0.3753347679412124
27835,0.6807380952380951,1,0,1,539135,66475,68015,39941,0.6157601244951647,0.3753288979100887
27836,0.6807619047619048,0,1,0,539136,66474,68015,39941,0.6157508614620771,0.37533242494009306
27837,0.6808333333333332,0,3,0,539139,66471,68015,39941,0.6157230723628144,0.37534300642784646
27838,0.6808333333333333,8,23,8,539162,66448,68023,39933,0.6155100226018008,0.3753771820155855
27839,0.6808333333333334,5,25,5,539187,66423,68028,39928,0.6152784467746119,0.3754360560784572
27840,0.6808333333333336,0,1,0,539188,66422,68028,39928,0.6152691837415243,0.37543958627174423
27841,0.6808373015873016,0,1,0,539189,66421,68028,39928,0.6152599207084368,0.37544311653142015
27842,0.680871212121212,0,2,0,539191,66419,68028,39928,0.6152413946422617,0.37545017724994595
27843,0.6808809523809524,0,1,0,539192,66418,68028,39928,0.6152321316091741,0.3754537077087996
27844,0.6809166666666667,0,1,0,539193,66417,68028,39928,0.6152228685760865,0.37545723823404953
27845,0.6809444444444445,0,1,0,539194,66416,68028,39928,0.615213605542999,0.37546076882569773
27846,0.6809523809523809,0,3,0,539197,66413,68028,39928,0.6151858164437364,0.3754713609990502
27847,0.680952380952381,3,4,3,539201,66409,68031,39925,0.6151487643113861,0.3754678654052326
27848,0.6809642857142858,0,1,0,539202,66408,68031,39925,0.6151395012782985,0.37547139646205785
27849,0.6809999999999999,7,38,7,539240,66370,68038,39918,0.6147875060209715,0.3755645039891615
27850,0.681,0,1,0,539241,66369,68038,39918,0.614778242987884,0.37556803748341755
27851,0.6810000000000003,0,1,0,539242,66368,68038,39918,0.6147689799547964,0.37557157104416383
27852,0.681063492063492,0,2,0,539244,66366,68038,39918,0.6147504538886213,0.37557863836513494
27853,0.6810714285714287,1,0,1,539244,66366,68039,39917,0.6147504538886213,0.3755727632829333
27854,0.6810793650793652,0,1,0,539245,66365,68039,39917,0.6147411908555337,0.37557629702113243
27855,0.6810952380952381,0,1,0,539246,66364,68039,39917,0.6147319278224462,0.37557983082582963
27856,0.6811111111111111,0,2,0,539248,66362,68039,39917,0.6147134017562711,0.3755868986347256
27857,0.6811309523809522,1,0,1,539248,66362,68040,39916,0.6147134017562711,0.3755810233538456
27858,0.6811428571428572,2,1,2,539249,66361,68042,39914,0.6147041387231835,0.3755728063984945
27859,0.6811507936507938,1,0,1,539249,66361,68043,39913,0.6147041387231835,0.37556693076387454
27860,0.6811666666666666,0,3,0,539252,66358,68043,39913,0.6146763496239208,0.37557753291114226
27861,0.6811666666666667,2,4,2,539256,66354,68045,39911,0.6146392974915706,0.37557991812920527
27862,0.6811904761904762,0,4,0,539260,66350,68045,39911,0.6146022453592205,0.3755940561447756
27863,0.6812142857142857,1,0,1,539260,66350,68046,39910,0.6146022453592205,0.375588179936006
27864,0.6812380952380953,0,1,0,539261,66349,68046,39910,0.6145929823261329,0.3755917145841764
27865,0.6812499999999999,0,1,0,539262,66348,68046,39910,0.6145837192930453,0.37559524929887633
27866,0.68125,1,3,1,539265,66345,68047,39909,0.6145559301937826,0.375599977412615
27867,0.6813095238095239,0,1,0,539266,66344,68047,39909,0.6145466671606951,0.37560351237141537
27868,0.6813333333333332,3,18,3,539284,66326,68050,39906,0.6143799325651191,0.3756495218013405
27869,0.6813333333333333,0,5,0,539289,66321,68050,39906,0.6143336173996814,0.37566720325341013
27870,0.6813571428571429,0,2,0,539291,66319,68050,39906,0.6143150913335063,0.375674276300306
27871,0.6813809523809524,0,1,0,539292,66318,68050,39906,0.6143058283004187,0.37567781292363306
27872,0.681404761904762,0,1,0,539293,66317,68050,39906,0.6142965652673311,0.3756813496135489
27873,0.6814285714285714,0,1,0,539294,66316,68050,39906,0.6142873022342435,0.37568488637005515
27874,0.6814444444444444,0,2,0,539296,66314,68050,39906,0.6142687761680685,0.37569196008284694
27875,0.6814801587301587,0,3,0,539299,66311,68050,39906,0.6142409870688058,0.37570257115151057
27876,0.6814999999999999,1,2,1,539301,66309,68051,39905,0.6142224610026307,0.3757037678648766
27877,0.6815000000000001,3,10,3,539311,66299,68054,39902,0.6141298306717552,0.3757215092136609
27878,0.681547619047619,0,1,0,539312,66298,68054,39902,0.6141205676386676,0.37572504708097926
27879,0.6815476190476191,0,1,0,539313,66297,68054,39902,0.61411130460558,0.3757285850149248
27880,0.6815952380952384,1,3,1,539316,66294,68055,39901,0.6140835155063173,0.3757333207778144
27881,0.6816547619047617,0,1,0,539317,66293,68055,39901,0.6140742524732299,0.37573685895624986
27882,0.6816666666666664,0,1,0,539318,66292,68055,39901,0.6140649894401423,0.37574039720132213
27883,0.6816666666666665,23,88,23,539406,66204,68078,39878,0.6132498425284375,0.3759167436511378
27884,0.6816666666666668,22,52,22,539458,66152,68100,39856,0.6127681648078847,0.37597162478303525
27885,0.6816666666666669,1,1,1,539459,66151,68101,39855,0.6127589017747972,0.37596928475746655
27886,0.6816890331890331,0,2,0,539461,66149,68101,39855,0.612740375708622,0.37597637824987734
27887,0.6817857142857143,0,1,0,539462,66148,68101,39855,0.6127311126755345,0.37597992509645956
27888,0.6818095238095238,0,1,0,539463,66147,68101,39855,0.6127218496424469,0.37598347200996207
27889,0.6818333333333332,0,4,0,539467,66143,68101,39855,0.6126847975100967,0.37599766033321386
27890,0.6818333333333334,2,6,2,539473,66137,68103,39853,0.6126292193115713,0.37600717048778187
27891,0.6818333333333335,0,1,0,539474,66136,68103,39853,0.6126199562784839,0.37601071809338704
27892,0.6818809523809523,1,0,1,539474,66136,68104,39852,0.6126199562784839,0.37600483073555496
27893,0.6819047619047619,0,1,0,539475,66135,68104,39852,0.6126106932453963,0.37600837838602846
27894,0.6819166666666666,0,1,0,539476,66134,68104,39852,0.6126014302123087,0.37601192610344764
27895,0.6819444444444445,0,1,0,539477,66133,68104,39852,0.6125921671792212,0.3760154738878143
27896,0.6819444444444446,0,1,0,539478,66132,68104,39852,0.6125829041461336,0.37601902173913043
27897,0.6819999999999999,1,8,1,539486,66124,68105,39851,0.6125087998814331,0.3760415192262326
27898,0.682,7,23,7,539509,66101,68112,39844,0.6122957501204195,0.3760819293029402
27899,0.6820000000000002,0,1,0,539510,66100,68112,39844,0.6122864870873319,0.37608547912104506
27900,0.6820238095238095,0,1,0,539511,66099,68112,39844,0.6122772240542443,0.3760890290061637
27901,0.6820259740259741,0,1,0,539512,66098,68112,39844,0.6122679610211568,0.37609257895829795
27902,0.6821111111111111,0,1,0,539513,66097,68112,39844,0.6122586979880692,0.3760961289774497
27903,0.682142857142857,0,1,0,539514,66096,68112,39844,0.6122494349549816,0.3760996790636209
27904,0.6821428571428573,2,2,2,539516,66094,68114,39842,0.6122309088888066,0.37609500075517294
27905,0.6821666666666667,0,8,0,539524,66086,68114,39842,0.6121568046241062,0.3761234045766936
27906,0.6822499999999999,0,1,0,539525,66085,68114,39842,0.6121475415910186,0.37612695535604707
27907,0.6822777777777778,2,0,2,539525,66085,68116,39840,0.6121475415910186,0.3761151758319566
27908,0.6822777777777779,0,1,0,539526,66084,68116,39840,0.612138278557931,0.37611872663419055
27909,0.6822857142857143,1,3,1,539529,66081,68117,39839,0.6121104894586683,0.3761234894259819
27910,0.6823333333333332,2,11,2,539540,66070,68119,39837,0.6120085960947053,0.3761507737921006
27911,0.6823333333333333,7,13,7,539553,66057,68126,39830,0.6118881766645671,0.37615571316592217
27912,0.6823333333333335,0,2,0,539555,66055,68126,39830,0.6118696505983919,0.37616281815176844
27913,0.6823809523809523,0,1,0,539556,66054,68126,39830,0.6118603875653044,0.376166370745344
27914,0.6823809523809524,1,3,1,539559,66051,68127,39829,0.6118325984660418,0.3761711371363808
27915,0.6824047619047618,0,3,0,539562,66048,68127,39829,0.6118048093667791,0.37618179585745726
27916,0.6824285714285714,0,1,0,539563,66047,68127,39829,0.6117955463336915,0.3761853488987117
27917,0.6824285714285715,0,1,0,539564,66046,68127,39829,0.6117862833006039,0.3761889020070838
27918,0.6824999999999999,0,1,0,539565,66045,68127,39829,0.6117770202675163,0.3761924551825755
27919,0.6825,51,129,51,539694,65916,68178,39778,0.610582088999222,0.37635059700645257
27920,0.6825079365079365,0,1,0,539695,65915,68178,39778,0.6105728259661344,0.37635415779663745
27921,0.6825650183150184,0,1,0,539696,65914,68178,39778,0.6105635629330468,0.37635771865420276
27922,0.6825703463203463,0,1,0,539697,65913,68178,39778,0.6105542998999592,0.37636127957915055
27923,0.6825833333333332,0,1,0,539698,65912,68178,39778,0.6105450368668717,0.3763648405714826
27924,0.6826190476190476,3,3,3,539701,65909,68181,39775,0.6105172477676091,0.3763578214299232
27925,0.6826666666666665,2,3,2,539704,65906,68183,39773,0.6104894586683464,0.37635670284540923
27926,0.6826666666666666,5,16,5,539720,65890,68188,39768,0.6103412501389455,0.3763841829298302
27927,0.6826666666666668,2,5,2,539725,65885,68190,39766,0.6102949349735077,0.3763901903436787
27928,0.6827142857142857,1,0,1,539725,65885,68191,39765,0.6102949349735077,0.3763842877425461
27929,0.6827301587301587,0,2,0,539727,65883,68191,39765,0.6102764089073326,0.3763914129940936
27930,0.6827445887445888,0,1,0,539728,65882,68191,39765,0.610267145874245,0.37639497572103325
27931,0.6827777777777777,0,1,0,539729,65881,68191,39765,0.6102578828411576,0.37639853851541943
27932,0.6827922077922078,0,1,0,539730,65880,68191,39765,0.61024861980807,0.376402101377254
27933,0.6828214285714285,0,1,0,539731,65879,68191,39765,0.6102393567749824,0.37640566430653893
27934,0.6828333333333333,4,10,4,539741,65869,68195,39761,0.6101467264441068,0.37641768436997064
27935,0.6828333333333334,0,1,0,539742,65868,68195,39761,0.6101374634110193,0.37642124795274023
27936,0.6828571428571428,3,4,3,539746,65864,68198,39758,0.6101004112786691,0.37641779174793133
27937,0.6828571428571429,0,1,0,539747,65863,68198,39758,0.6100911482455815,0.37642135560163226
27938,0.6829166666666666,0,1,0,539748,65862,68198,39758,0.610081885212494,0.37642491952281765
27939,0.6829166666666667,0,1,0,539749,65861,68198,39758,0.6100726221794064,0.3764284835114894
27940,0.6829444444444445,1,0,1,539749,65861,68199,39757,0.6100726221794064,0.37642257948455754
27941,0.6829999999999999,8,19,8,539768,65842,68207,39749,0.6098966245507429,0.37644306806451305
27942,0.6830000000000002,0,4,0,539772,65838,68207,39749,0.6098595724183927,0.37645732902724766
27943,0.6830833333333333,0,1,0,539773,65837,68207,39749,0.6098503093853052,0.37646089443676245
27944,0.6830952380952382,0,1,0,539774,65836,68207,39749,0.6098410463522176,0.3764644599138135
27945,0.6831349206349207,0,4,0,539778,65832,68207,39749,0.6098039942198673,0.37647872249741904
27946,0.6831428571428572,1,0,1,539778,65832,68208,39748,0.6098039942198673,0.3764728168213677
27947,0.6831666666666666,2,10,2,539788,65822,68210,39746,0.6097113638889918,0.3764966656562595
27948,0.6831666666666668,3,2,3,539790,65820,68213,39743,0.6096928378228167,0.3764860794028211
27949,0.6831666666666669,0,3,0,539793,65817,68213,39743,0.6096650487235541,0.37649677908298596
27950,0.6831785714285714,0,2,0,539795,65815,68213,39743,0.609646522657379,0.37650391254097276
27951,0.6831904761904761,0,1,0,539796,65814,68213,39743,0.6096372596242914,0.37650747937133494
27952,0.6832142857142857,1,3,1,539799,65811,68214,39742,0.6096094705250287,0.37651227345504157
27953,0.68325,0,1,0,539800,65810,68214,39742,0.6096002074919412,0.37651584053357584
27954,0.6832857142857143,0,1,0,539801,65809,68214,39742,0.6095909444588536,0.3765194076796999
27955,0.6833095238095238,0,1,0,539802,65808,68214,39742,0.6095816814257661,0.37652297489341546
27956,0.6833333333333332,39,117,39,539919,65691,68253,39703,0.6084979065545222,0.3767102491602938
27957,0.6833333333333335,58,145,58,540064,65546,68311,39645,0.6071547667568269,0.37688585525377644
27958,0.6833809523809523,0,1,0,540065,65545,68311,39645,0.6071455037237393,0.37688943815952086
27959,0.6834166666666667,1,0,1,540065,65545,68312,39644,0.6071455037237393,0.3768835144359201
27960,0.6834523809523809,0,1,0,540066,65544,68312,39644,0.6071362406906518,0.3768870973875347
27961,0.683452380952381,0,1,0,540067,65543,68312,39644,0.6071269776575642,0.37689068040727464
27962,0.6834761904761905,0,1,0,540068,65542,68312,39644,0.6071177146244766,0.37689426349514193
27963,0.6835,5,7,5,540075,65535,68317,39639,0.6070528733928637,0.37688972559758116
27964,0.6835000000000001,1,1,1,540076,65534,68318,39638,0.6070436103597762,0.3768873844749553
27965,0.6835714285714286,2,2,2,540078,65532,68320,39636,0.6070250842936011,0.3768827019625742
27966,0.6835833333333333,1,0,1,540078,65532,68321,39635,0.6070250842936011,0.3768767769357308
27967,0.6836190476190477,0,1,0,540079,65531,68321,39635,0.6070158212605136,0.3768803605728087
27968,0.6836666666666666,1,2,1,540081,65529,68322,39634,0.6069972951943384,0.37688160284510713
27969,0.6836666666666668,5,11,5,540092,65518,68327,39629,0.6068954018303754,0.3768913996595243
27970,0.6837499999999999,0,1,0,540093,65517,68327,39629,0.6068861387972878,0.3768949841173226
27971,0.68375,3,2,3,540095,65515,68330,39626,0.6068676127311127,0.37688437431639416
27972,0.6838095238095238,2,1,2,540096,65514,68332,39624,0.6068583496980251,0.376876105689665
27973,0.6838333333333333,0,6,0,540102,65508,68332,39624,0.6068027714994998,0.37689761442757674
27974,0.6838333333333334,0,1,0,540103,65507,68332,39624,0.6067935084664122,0.3769011994559169
27975,0.6838571428571428,1,1,1,540104,65506,68333,39623,0.6067842454333247,0.37689885759400354
27976,0.6838636363636362,0,1,0,540105,65505,68333,39623,0.6067749824002371,0.3769024427364736
27977,0.6839166666666668,0,2,0,540107,65503,68333,39623,0.606756456334062,0.3769096132260335
27978,0.6839285714285714,0,1,0,540108,65502,68333,39623,0.6067471933009745,0.3769131985731272
27979,0.6839523809523809,0,1,0,540109,65501,68333,39623,0.6067379302678869,0.3769167839884327
27980,0.6839761904761906,0,2,0,540111,65499,68333,39623,0.6067194042017118,0.37692395502368675
27981,0.6839999999999999,3,4,3,540115,65495,68336,39620,0.6066823520693616,0.37692051562574325
27982,0.684,18,40,18,540155,65455,68354,39602,0.6063118307458594,0.37695727081489094
27983,0.6840000000000002,1,1,1,540156,65454,68355,39601,0.6063025677127719,0.37695492837085337
27984,0.6840833333333333,0,1,0,540157,65453,68355,39601,0.6062933046796843,0.3769585165724294
27985,0.6841071428571429,0,1,0,540158,65452,68355,39601,0.6062840416465968,0.3769621048423177
27986,0.6841293845043847,1,2,1,540160,65450,68356,39600,0.6062655155804216,0.3769633507853403
27987,0.6841666666666665,0,1,0,540161,65449,68356,39600,0.6062562525473341,0.37696693923787944
27988,0.6841666666666666,11,38,11,540199,65411,68367,39589,0.6059042572900071,0.3770380952380952
27989,0.6841666666666667,7,19,7,540218,65392,68374,39582,0.6057282596613435,0.37706479699735174
27990,0.6841904761904761,0,1,0,540219,65391,68374,39582,0.6057189966282559,0.377068389014318
27991,0.6842142857142857,1,0,1,540219,65391,68375,39581,0.6057189966282559,0.37706245474983807
27992,0.6842380952380952,0,2,0,540221,65389,68375,39581,0.6057004705620809,0.37706963894446033
27993,0.6842500000000001,0,1,0,540222,65388,68375,39581,0.6056912075289933,0.37707323114443314
27994,0.6842857142857143,1,6,1,540228,65382,68376,39580,0.605635629330468,0.3770888512032926
27995,0.6843181818181818,1,0,1,540228,65382,68377,39579,0.605635629330468,0.3770829165118473
27996,0.6843293650793651,0,1,0,540229,65381,68377,39579,0.6056263662973804,0.37708650914634145
27997,0.6843333333333332,1,4,1,540233,65377,68378,39578,0.6055893141650301,0.37709494545281314
27998,0.6843333333333333,6,21,6,540254,65356,68384,39572,0.6053947904701915,0.37713479719426657
27999,0.6843571428571429,1,0,1,540254,65356,68385,39571,0.6053947904701915,0.3771288610176599
28000,0.6843809523809522,1,0,1,540254,65356,68386,39570,0.6053947904701915,0.3771229247279035
28001,0.6843809523809523,0,2,0,540256,65354,68386,39570,0.6053762644040165,0.3771301132248103
28002,0.6844166666666667,0,1,0,540257,65353,68386,39570,0.6053670013709289,0.37713370757603193
28003,0.6844523809523809,1,0,1,540257,65353,68387,39569,0.6053670013709289,0.37712777110615503
28004,0.6844632034632034,0,2,0,540259,65351,68387,39569,0.6053484753047538,0.3771349599695006
28005,0.6845,3,8,3,540267,65343,68390,39566,0.6052743710400533,0.37714590740546566
28006,0.6845238095238095,1,0,1,540267,65343,68391,39565,0.6052743710400533,0.37713997025965607
28007,0.6845714285714286,1,0,1,540267,65343,68392,39564,0.6052743710400533,0.37713403300065773
28008,0.6846031746031745,0,1,0,540268,65342,68392,39564,0.6052651080069658,0.377137627971708
28009,0.6846428571428571,0,2,0,540270,65340,68392,39564,0.6052465819407907,0.37714481811942346
28010,0.6846428571428572,0,1,0,540271,65339,68392,39564,0.6052373189077032,0.37714841329609256
28011,0.6846666666666665,1,3,1,540274,65336,68393,39563,0.6052095298084404,0.37715326170888186
28012,0.6846666666666666,4,16,4,540290,65320,68397,39559,0.6050613212790396,0.37718704411750686
28013,0.6846666666666669,0,1,0,540291,65319,68397,39559,0.6050520582459521,0.3771906405537863
28014,0.6846706349206347,0,1,0,540292,65318,68397,39559,0.6050427952128645,0.3771942370586497
28015,0.6846969696969697,0,1,0,540293,65317,68397,39559,0.605033532179777,0.37719783363209886
28016,0.6847301587301586,0,1,0,540294,65316,68397,39559,0.6050242691466894,0.3772014302741359
28017,0.6847380952380953,1,0,1,540294,65316,68398,39558,0.6050242691466894,0.37719549173293665
28018,0.6847500000000001,0,1,0,540295,65315,68398,39558,0.6050150061136018,0.3771990884212333
28019,0.6847619047619048,0,2,0,540297,65313,68398,39558,0.6049964800474267,0.37720628200360445
28020,0.6847738095238095,0,1,0,540298,65312,68398,39558,0.6049872170143392,0.37720987889768287
28021,0.6847857142857143,0,2,0,540300,65310,68398,39558,0.6049686909481641,0.3772170728916352
28022,0.6848106060606061,0,1,0,540301,65309,68398,39558,0.6049594279150765,0.37722066999151305
28023,0.6848333333333332,2,4,2,540305,65305,68400,39556,0.6049223757827263,0.3772231811636357
28024,0.6848333333333333,2,8,2,540313,65297,68402,39554,0.6048482715180259,0.3772400835471288
28025,0.6848333333333335,1,0,1,540313,65297,68403,39553,0.6048482715180259,0.3772341440152599
28026,0.6848549783549782,0,1,0,540314,65296,68403,39553,0.6048390084849383,0.3772377418954878
28027,0.6848571428571429,0,1,0,540315,65295,68403,39553,0.6048297454518508,0.3772413398443461
28028,0.6848769841269841,1,1,1,540316,65294,68404,39552,0.6048204824187632,0.3772389981496671
28029,0.6848809523809523,0,1,0,540317,65293,68404,39552,0.6048112193856756,0.37724259621345796
28030,0.6848809523809524,0,1,0,540318,65292,68404,39552,0.604801956352588,0.3772461943458853
28031,0.6848888888888888,0,1,0,540319,65291,68404,39552,0.6047926933195006,0.3772497925469512
28032,0.684888888888889,2,0,2,540319,65291,68406,39550,0.6047926933195006,0.3772379126486775
28033,0.6849047619047619,0,1,0,540320,65290,68406,39550,0.604783430286413,0.3772415108737123
28034,0.6849848484848485,0,3,0,540323,65287,68406,39550,0.6047556411871503,0.3772523059606818
28035,0.6849920634920637,1,1,1,540324,65286,68407,39549,0.6047463781540627,0.3772499642295035
28036,0.6849999999999998,0,4,0,540328,65282,68407,39549,0.6047093260217126,0.3772643588251567
28037,0.685,191,525,191,540853,64757,68598,39358,0.5998462336507466,0.3780243000528262
28038,0.6850000000000002,1,2,1,540855,64755,68599,39357,0.5998277075845715,0.3780255878284924
28039,0.6850396825396825,1,7,1,540862,64748,68600,39356,0.5997628663529586,0.3780450318911857
28040,0.685047619047619,0,1,0,540863,64747,68600,39356,0.599753603319871,0.3780486633430353
28041,0.6850555555555556,3,0,3,540863,64747,68603,39353,0.599753603319871,0.37803073967339096
28042,0.6851190476190476,0,2,0,540865,64745,68603,39353,0.5997350772536959,0.3780380026513478
28043,0.685142857142857,0,4,0,540869,64741,68603,39353,0.5996980251213457,0.3780525294445405
28044,0.6851428571428572,0,1,0,540870,64740,68603,39353,0.5996887620882582,0.3780561613172836
28045,0.6851547619047619,1,4,1,540874,64736,68604,39352,0.599651709955908,0.37806471447236956
28046,0.6851666666666665,0,3,0,540877,64733,68604,39352,0.5996239208566453,0.37807561127924294
28047,0.6851666666666667,4,8,4,540885,64725,68608,39348,0.5995498165919448,0.37808077022858955
28048,0.6851666666666668,1,1,1,540886,64724,68609,39347,0.5995405535588573,0.3780784272275658
28049,0.6852301587301588,1,0,1,540886,64724,68610,39346,0.5995405535588573,0.37807245123474587
28050,0.6852380952380952,0,3,0,540889,64721,68610,39346,0.5995127644595947,0.37808335014942296
28051,0.6852380952380953,0,1,0,540890,64720,68610,39346,0.5995035014265071,0.37808698326062307
28052,0.6852857142857143,0,1,0,540891,64719,68610,39346,0.5994942383934195,0.37809061644164704
28053,0.6852857142857144,1,0,1,540891,64719,68611,39345,0.5994942383934195,0.3780846402214022
28054,0.6853333333333331,0,2,0,540893,64717,68611,39345,0.5994757123272444,0.3780919067479003
28055,0.6853333333333333,1,14,1,540907,64703,68612,39344,0.5993460298640186,0.3781368035599296
28056,0.6853571428571428,0,1,0,540908,64702,68612,39344,0.5993367668309311,0.378140437883244
28057,0.6854166666666666,1,1,1,540909,64701,68613,39343,0.5993275037978436,0.37813809542116794
28058,0.6854761904761904,0,1,0,540910,64700,68613,39343,0.599318240764756,0.3781417298616918
28059,0.6854761904761905,1,0,1,540910,64700,68614,39342,0.599318240764756,0.37813575286903367
28060,0.6855,1,12,1,540922,64688,68615,39341,0.5992070843677053,0.3781733939574542
28061,0.6855476190476191,1,0,1,540922,64688,68616,39340,0.5992070843677053,0.37816741646479796
28062,0.6855555555555556,0,3,0,540925,64685,68616,39340,0.5991792952684427,0.3781783225186253
28063,0.6855595238095239,0,1,0,540926,64684,68616,39340,0.5991700322353551,0.37818195800969007
28064,0.6855952380952379,0,1,0,540927,64683,68616,39340,0.5991607692022676,0.3781855935706526
28065,0.6855952380952381,0,2,0,540929,64681,68616,39340,0.5991422431360924,0.3781928649022793
28066,0.6856111111111111,1,0,1,540929,64681,68617,39339,0.5991422431360924,0.37818688713708903
28067,0.6856190476190475,0,1,0,540930,64680,68617,39339,0.599132980103005,0.37819052288524213
28068,0.6856666666666665,0,1,0,540931,64679,68617,39339,0.5991237170699174,0.37819415870330136
28069,0.6856666666666666,6,20,6,540951,64659,68623,39333,0.5989384564081663,0.37823101777059775
28070,0.6856666666666668,0,1,0,540952,64658,68623,39333,0.5989291933750788,0.37823465492206054
28071,0.6857142857142855,0,1,0,540953,64657,68623,39333,0.5989199303419912,0.3782382921434753
28072,0.6857142857142857,5,10,5,540963,64647,68628,39328,0.5988273000111156,0.3782447703774946
28073,0.6857142857142858,1,0,1,540963,64647,68629,39327,0.5988273000111156,0.3782387904668475
28074,0.6857500000000001,0,2,0,540965,64645,68629,39327,0.5988087739449406,0.3782460662486054
28075,0.6857619047619048,1,0,1,540965,64645,68630,39326,0.5988087739449406,0.3782400861778765
28076,0.6857857142857143,1,1,1,540966,64644,68631,39325,0.598799510911853,0.37823774394290605
28077,0.685792207792208,0,1,0,540967,64643,68631,39325,0.5987902478787654,0.3782413819636811
28078,0.6858333333333332,0,2,0,540969,64641,68631,39325,0.5987717218125903,0.3782486582151857
28079,0.6858333333333333,12,26,12,540995,64615,68643,39313,0.5985308829523139,0.3782714956508352
28080,0.6858333333333334,7,39,7,541034,64576,68650,39306,0.5981696246618993,0.37837161394659324
28081,0.6858531746031744,0,1,0,541035,64575,68650,39306,0.5981603616288117,0.37837525630288504
28082,0.6858571428571429,0,1,0,541036,64574,68650,39306,0.5981510985957241,0.378378898729303
28083,0.6858690476190474,0,1,0,541037,64573,68650,39306,0.5981418355626367,0.3783825412258493
28084,0.6858809523809525,1,0,1,541037,64573,68651,39305,0.5981418355626367,0.3783765571150773
28085,0.6859999999999999,18,59,18,541096,64514,68669,39287,0.5975953166104709,0.37848382963555266
28086,0.686,0,3,0,541099,64511,68669,39287,0.5975675275112082,0.3784947686853311
28087,0.6860183982683984,1,2,1,541101,64509,68670,39286,0.5975490014450332,0.37849607399200347
28088,0.6860186093146617,0,7,0,541108,64502,68670,39286,0.5974841602134203,0.37852160172659655
28089,0.686025641025641,0,1,0,541109,64501,68670,39286,0.5974748971803328,0.3785252488269244
28090,0.6860714285714287,0,2,0,541111,64499,68670,39286,0.5974563711141576,0.3785325432384256
28091,0.6861666666666665,0,1,0,541112,64498,68670,39286,0.59744710808107,0.378536190549603
28092,0.6861666666666666,1,2,1,541114,64496,68671,39285,0.5974285820148949,0.3785374972297434
28093,0.6861666666666667,1,11,1,541125,64485,68672,39284,0.5973266886509319,0.3785716350740587
28094,0.6861904761904762,0,1,0,541126,64484,68672,39284,0.5973174256178443,0.37857528332433893
28095,0.6862142857142858,0,4,0,541130,64480,68672,39284,0.5972803734854941,0.37858987702864194
28096,0.6862380952380951,1,0,1,541130,64480,68673,39283,0.5972803734854941,0.3785838882838777
28097,0.68625,0,1,0,541131,64479,68673,39283,0.5972711104524066,0.3785875368632062
28098,0.6862619047619047,0,1,0,541132,64478,68673,39283,0.597261847419319,0.3785911855128613
28099,0.6863333333333331,0,1,0,541133,64477,68673,39283,0.5972525843862314,0.378594834232845
28100,0.6863333333333332,2,18,2,541151,64459,68675,39281,0.5970858497906555,0.3786485444380181
28101,0.6863333333333334,1,2,1,541153,64457,68676,39280,0.5970673237244803,0.37864985492158054
28102,0.6863809523809523,1,1,1,541154,64456,68677,39279,0.5970580606913928,0.37864751530341734
28103,0.686404761904762,1,0,1,541154,64456,68678,39278,0.5970580606913928,0.37864152544006785
28104,0.686407647907648,1,0,1,541154,64456,68679,39277,0.5970580606913928,0.3786355354612322
28105,0.6864285714285714,1,3,1,541157,64453,68680,39276,0.5970302715921302,0.3786404959076054
28106,0.6864999999999999,1,3,1,541160,64450,68681,39275,0.5970024824928675,0.378645456736563
28107,0.6865000000000001,3,3,3,541163,64447,68684,39272,0.5969746933936048,0.3786384365448953
28108,0.6865151515151515,1,0,1,541163,64447,68685,39271,0.5969746933936048,0.37863244566998977
28109,0.686547619047619,0,1,0,541164,64446,68685,39271,0.5969654303605173,0.37863609630051004
28110,0.6865476190476191,0,1,0,541165,64445,68685,39271,0.5969561673274297,0.378639747001427
28111,0.6865555555555557,0,1,0,541166,64444,68685,39271,0.5969469042943422,0.3786433977727426
28112,0.6865714285714286,0,1,0,541167,64443,68685,39271,0.5969376412612546,0.37864704861445897
28113,0.6866190476190477,0,1,0,541168,64442,68685,39271,0.596928378228167,0.37865069952657815
28114,0.6866666666666665,53,188,53,541356,64254,68738,39218,0.5951869280077069,0.37902041131900416
28115,0.6866666666666668,30,112,30,541468,64142,68768,39188,0.5941494683019007,0.3792509435788251
28116,0.6867142857142856,0,3,0,541471,64139,68768,39188,0.5941216792026381,0.3792619547649695
28117,0.6867142857142858,0,4,0,541475,64135,68768,39188,0.5940846270702879,0.37927663734115347
28118,0.6867261904761905,0,1,0,541476,64134,68768,39188,0.5940753640372003,0.37928030816283076
28119,0.6867619047619048,0,2,0,541478,64132,68768,39188,0.5940568379710253,0.3792876500193573
28120,0.6867777777777778,1,0,1,541478,64132,68769,39187,0.5940568379710253,0.379281642292318
28121,0.6867857142857143,1,0,1,541478,64132,68770,39186,0.5940568379710253,0.37927563444898277
28122,0.6868333333333332,0,2,0,541480,64130,68770,39186,0.5940383119048501,0.3792829764992838
28123,0.6868333333333334,2,8,2,541488,64122,68772,39184,0.5939642076401497,0.3793003310553114
28124,0.6868636363636362,2,2,2,541490,64120,68774,39182,0.5939456815739745,0.3792956573928869
28125,0.6868809523809525,0,2,0,541492,64118,68774,39182,0.5939271555077995,0.3793030009680542
28126,0.6868928571428572,0,1,0,541493,64117,68774,39182,0.5939178924747119,0.3793066728622736
28127,0.6869047619047619,1,0,1,541493,64117,68775,39181,0.5939178924747119,0.3793006640980464
28128,0.6869285714285716,2,1,2,541494,64116,68777,39179,0.5939086294416244,0.3792923181180115
28129,0.6869761904761904,0,1,0,541495,64115,68777,39179,0.5938993664085368,0.3792959900865491
28130,0.6869999999999998,4,7,4,541502,64108,68781,39175,0.5938345251769239,0.37929765789142456
28131,0.687,7,14,7,541516,64094,68788,39168,0.5937048427136982,0.37930700548120316
28132,0.6870238095238095,0,1,0,541517,64093,68788,39168,0.5936955796806106,0.3793106787654584
28133,0.6870238095238096,2,2,2,541519,64091,68790,39166,0.5936770536144355,0.37930600346707727
28134,0.6870833333333334,0,1,0,541520,64090,68790,39166,0.593667790581348,0.37930967691950107
28135,0.6871309523809523,0,2,0,541522,64088,68790,39166,0.5936492645151729,0.37931702403780965
28136,0.6871428571428573,4,4,4,541526,64084,68794,39162,0.5936122123828226,0.3793076729364818
28137,0.6871666666666666,0,6,0,541532,64078,68794,39162,0.5935566341842973,0.37932971716388997
28138,0.6871666666666667,0,12,0,541544,64066,68794,39162,0.5934454777872467,0.37937381330646724
28139,0.6871746031746031,0,2,0,541546,64064,68794,39162,0.5934269517210715,0.37938116366031815
28140,0.6872142857142858,0,1,0,541547,64063,68794,39162,0.593417688687984,0.3793848389440542
28141,0.6872395382395385,0,2,0,541549,64061,68794,39162,0.5933991626218089,0.37939218972515815
28142,0.6872499999999999,0,1,0,541550,64060,68794,39162,0.5933898995887213,0.3793958652225301
28143,0.6872857142857142,0,1,0,541551,64059,68794,39162,0.5933806365556338,0.3793995407911181
28144,0.6872857142857143,1,0,1,541551,64059,68795,39161,0.5933806365556338,0.37939352838597173
28145,0.6873333333333332,0,8,0,541559,64051,68795,39161,0.5933065322909333,0.37942293531759874
28146,0.6873333333333334,9,16,9,541575,64035,68804,39152,0.5931583237615324,0.37942764107881805
28147,0.6873333333333335,2,1,2,541576,64034,68806,39150,0.593149060728445,0.379419289812374
28148,0.6873394938394936,0,4,0,541580,64030,68806,39150,0.5931120085960947,0.3794339988369839
28149,0.6873571428571428,0,1,0,541581,64029,68806,39150,0.5931027455630071,0.3794376762713343
28150,0.6873809523809523,0,1,0,541582,64028,68806,39150,0.5930934825299196,0.37944135377696797
28151,0.6873809523809524,2,4,2,541586,64024,68808,39148,0.5930564303975694,0.37944403520334974
28152,0.687420274170274,0,1,0,541587,64023,68808,39148,0.5930471673644818,0.37944771302013164
28153,0.6874523809523809,0,1,0,541588,64022,68808,39148,0.5930379043313942,0.37945139090820973
28154,0.6874999999999999,0,1,0,541589,64021,68808,39148,0.5930286412983067,0.3794550688675862
28155,0.6875,45,139,45,541728,63882,68853,39103,0.5917410796991367,0.37969607224353064
28156,0.6875000000000001,1,2,1,541730,63880,68854,39102,0.5917225536329616,0.37969742285059527
28157,0.6875238095238096,0,3,0,541733,63877,68854,39102,0.591694764533699,0.3797084842540712
28158,0.6875637973137971,2,1,2,541734,63876,68856,39100,0.5916855015006114,0.37970012430080796
28159,0.6875833333333334,1,1,1,541735,63875,68857,39099,0.5916762384675238,0.3796977877910929
28160,0.687595238095238,1,0,1,541735,63875,68858,39098,0.5916762384675238,0.3796917638604294
28161,0.6876031746031745,0,2,0,541737,63873,68858,39098,0.5916577124013487,0.3796991385924192
28162,0.6876190476190476,0,5,0,541742,63868,68858,39098,0.5916113972359109,0.3797175766757959
28163,0.6876309523809523,0,2,0,541744,63866,68858,39098,0.5915928711697358,0.37972495241055126
28164,0.687642857142857,0,1,0,541745,63865,68858,39098,0.5915836081366482,0.3797286403853812
28165,0.6876428571428573,0,1,0,541746,63864,68858,39098,0.5915743451035607,0.3797323284318486
28166,0.6876666666666665,1,2,1,541748,63862,68859,39097,0.5915558190373856,0.37973368039705124
28167,0.6876666666666666,4,11,4,541759,63851,68863,39093,0.5914539256734225,0.37975015542430834
28168,0.6876666666666668,0,6,0,541765,63845,68863,39093,0.5913983474748972,0.37977229011638075
28169,0.6876857864357863,1,3,1,541768,63842,68864,39092,0.5913705583756346,0.3797773330483611
28170,0.6876904761904763,0,1,0,541769,63841,68864,39092,0.591361295342547,0.37978102260693847
28171,0.6877019989814107,0,1,0,541770,63840,68864,39092,0.5913520323094594,0.37978471223720517
28172,0.6877142857142857,0,1,0,541771,63839,68864,39092,0.5913427692763719,0.37978840193916313
28173,0.6877380952380951,1,0,1,541771,63839,68865,39091,0.5913427692763719,0.37978237637229184
28174,0.6877481962481963,0,2,0,541773,63837,68865,39091,0.5913242432101967,0.3797897559459039
28175,0.6877500000000002,0,1,0,541774,63836,68865,39091,0.5913149801771092,0.3797934458402557
28176,0.6877629315129314,1,3,1,541777,63833,68866,39090,0.5912871910778466,0.3797984901334007
28177,0.6877777777777777,0,3,0,541780,63830,68866,39090,0.5912594019785838,0.3798095608239409
28178,0.6877857142857144,0,1,0,541781,63829,68866,39090,0.5912501389454963,0.3798132511975437
28179,0.6878134920634921,0,1,0,541782,63828,68866,39090,0.5912408759124088,0.3798169416428613
28180,0.6878333333333333,4,3,4,541785,63825,68870,39086,0.5912130868131461,0.3798039082313844
28181,0.6878809523809524,2,0,2,541785,63825,68872,39084,0.5912130868131461,0.37979185493980117
28182,0.6878809523809525,0,1,0,541786,63824,68872,39084,0.5912038237800585,0.3797955455358184
28183,0.6879166666666666,1,0,1,541786,63824,68873,39083,0.5912038237800585,0.3797895186916342
28184,0.6879166666666667,0,1,0,541787,63823,68873,39083,0.591194560746971,0.3797932093366762
28185,0.6879761904761905,1,1,1,541788,63822,68874,39082,0.5911852977138834,0.37979087304672315
28186,0.688,12,31,12,541819,63791,68886,39070,0.5908981436881693,0.379832978485529
28187,0.6880000000000002,1,3,1,541822,63788,68887,39069,0.5908703545889066,0.37983802755281604
28188,0.688059523809524,1,0,1,541822,63788,68888,39068,0.5908703545889066,0.3798319981333126
28189,0.6880833333333333,0,1,0,541823,63787,68888,39068,0.590861091555819,0.37983569102134074
28190,0.6880952380952382,0,1,0,541824,63786,68888,39068,0.5908518285227314,0.3798393839811772
28191,0.688125,0,1,0,541825,63785,68888,39068,0.590842565489644,0.3798430770128241
28192,0.6881428571428572,0,1,0,541826,63784,68888,39068,0.5908333024565564,0.3798467701162836
28193,0.6881666666666665,0,1,0,541827,63783,68888,39068,0.5908240394234688,0.3798504632915577
28194,0.6881666666666666,3,8,3,541835,63775,68891,39065,0.5907499351587684,0.37986192143134967
28195,0.6881666666666668,0,4,0,541839,63771,68891,39065,0.5907128830264182,0.3798766968765802
28196,0.6882142857142857,1,0,1,541839,63771,68892,39064,0.5907128830264182,0.3798706666018379
28197,0.6882222222222222,1,2,1,541841,63769,68893,39063,0.5906943569602431,0.3798720242726
28198,0.6882500000000001,0,1,0,541842,63768,68893,39063,0.5906850939271555,0.379875718411763
28199,0.6883095238095238,0,1,0,541843,63767,68893,39063,0.5906758308940679,0.37987941262277547
28200,0.6883333333333332,28,62,28,541905,63705,68921,39035,0.5901015228426396,0.37993965349425735
28201,0.6883333333333335,31,72,31,541977,63633,68952,39004,0.5894345844603357,0.38001890156571216
28202,0.6883764013764013,0,1,0,541978,63632,68952,39004,0.5894253214272481,0.3800226041544877
28203,0.6884227994227995,0,3,0,541981,63629,68952,39004,0.5893975323279855,0.3800337123537264
28204,0.6884285714285714,0,1,0,541982,63628,68952,39004,0.589388269294898,0.380037415231117
28205,0.688452380952381,1,2,1,541984,63626,68953,39003,0.5893697432287228,0.3800387804616629
28206,0.6884722222222223,0,1,0,541985,63625,68953,39003,0.5893604801956353,0.3800424835327591
28207,0.6884999999999999,2,14,2,541999,63611,68955,39001,0.5892307977324095,0.38008225158850817
28208,0.6885000000000001,0,5,0,542004,63606,68955,39001,0.5891844825669718,0.38010077285175475
28209,0.6885119047619048,0,4,0,542008,63602,68955,39001,0.5891474304346215,0.3801155911620518
28210,0.6885714285714286,3,4,3,542012,63598,68958,38998,0.5891103783022713,0.3801122850793403
28211,0.6886071428571426,1,0,1,542012,63598,68959,38997,0.5891103783022713,0.38010624299429796
28212,0.6886111111111112,0,1,0,542013,63597,68959,38997,0.5891011152691837,0.3801099479501725
28213,0.6886190476190477,0,1,0,542014,63596,68959,38997,0.5890918522360962,0.3801136529782734
28214,0.6886428571428571,0,1,0,542015,63595,68959,38997,0.5890825892030086,0.38011735807860264
28215,0.6886666666666666,2,5,2,542020,63590,68961,38995,0.5890362740375709,0.3801237997757957
28216,0.6886666666666668,2,8,2,542028,63582,68963,38993,0.5889621697728704,0.3801413599805021
28217,0.6886796536796536,0,2,0,542030,63580,68963,38993,0.5889436437066953,0.38014877209402087
28218,0.6886904761904763,0,1,0,542031,63579,68963,38993,0.5889343806736078,0.38015247825917403
28219,0.6887142857142856,1,0,1,542031,63579,68964,38992,0.5889343806736078,0.380146435152236
28220,0.68875,0,2,0,542033,63577,68964,38992,0.5889158546074327,0.3801538476537745
28221,0.6887857142857143,0,1,0,542034,63576,68964,38992,0.5889065915743451,0.3801575540129475
28222,0.6888095238095238,2,1,2,542035,63575,68966,38990,0.5888973285412575,0.38014917369473017
28223,0.6888333333333333,3,8,3,542043,63567,68969,38987,0.5888232242765571,0.3801606958285391
28224,0.6888333333333334,0,3,0,542046,63564,68969,38987,0.5887954351772945,0.3801718169496153
28225,0.6888333333333335,0,1,0,542047,63563,68969,38987,0.5887861721442069,0.3801755241345685
28226,0.6888452380952381,0,1,0,542048,63562,68969,38987,0.5887769091111194,0.38017923139182247
28227,0.6888888888888889,0,1,0,542049,63561,68969,38987,0.5887676460780318,0.38018293872137926
28228,0.6889166666666666,0,1,0,542050,63560,68969,38987,0.5887583830449442,0.38018664612324105
28229,0.689,0,2,0,542052,63558,68969,38987,0.5887398569787692,0.38019406114388804
28230,0.6890000000000001,9,33,9,542085,63525,68978,38978,0.5884341768868798,0.3802620411109919
28231,0.689047619047619,2,3,2,542088,63522,68980,38976,0.5884063877876172,0.38026107826494177
28232,0.6890476190476191,1,0,1,542088,63522,68981,38975,0.5884063877876172,0.38025503185459086
28233,0.6890833333333333,1,0,1,542088,63522,68982,38974,0.5884063877876172,0.3802489853262566
28234,0.6890909090909091,0,1,0,542089,63521,68982,38974,0.5883971247545297,0.380252695253427
28235,0.6891190476190476,0,1,0,542090,63520,68982,38974,0.5883878617214421,0.3802564052529904
28236,0.6891428571428571,0,1,0,542091,63519,68982,38974,0.5883785986883545,0.380260115324949
28237,0.6891666666666666,10,30,10,542121,63489,68992,38964,0.5881007076957279,0.38031097186026763
28238,0.6891666666666667,13,30,13,542151,63459,69005,38951,0.5878228167031012,0.380343716433942
28239,0.6891984126984125,0,1,0,542152,63458,69005,38951,0.5878135536700138,0.38034743040162483
28240,0.6892857142857143,3,4,3,542156,63454,69008,38948,0.5877765015376635,0.3803441339036347
28241,0.6893095238095238,0,1,0,542157,63453,69008,38948,0.5877672385045759,0.38034784816554523
28242,0.6893167175961294,1,0,1,542157,63453,69009,38947,0.5877672385045759,0.380341796875
28243,0.6893333333333332,2,1,2,542158,63452,69011,38945,0.5877579754714883,0.3803334082053185
28244,0.6893333333333334,5,9,5,542167,63443,69016,38940,0.5876746081737004,0.3803365793149253
28245,0.6893571428571428,0,1,0,542168,63442,69016,38940,0.5876653451406129,0.3803402941923385
28246,0.6894047619047619,0,1,0,542169,63441,69016,38940,0.5876560821075253,0.3803440091423213
28247,0.6894166666666668,1,0,1,542169,63441,69017,38939,0.5876560821075253,0.3803379566321547
28248,0.6894285714285715,1,2,1,542171,63439,69018,38938,0.5876375560413502,0.3803393340301044
28249,0.6894404761904761,0,1,0,542172,63438,69018,38938,0.5876282930082626,0.380343049152145
28250,0.6894444444444444,0,1,0,542173,63437,69018,38938,0.5876190299751751,0.38034676434676434
28251,0.689484126984127,1,0,1,542173,63437,69019,38937,0.5876190299751751,0.3803407115087815
28252,0.6894999999999999,1,1,1,542174,63436,69020,38936,0.5876097669420876,0.38033837377407886
28253,0.6895,1,8,1,542182,63428,69021,38935,0.5875356626773871,0.3803620448794975
28254,0.6895151515151514,0,1,0,542183,63427,69021,38935,0.5875263996442995,0.38036576073152145
28255,0.6895158730158731,0,3,0,542186,63424,69021,38935,0.5874986105450368,0.3803769087232193
28256,0.6895238095238095,0,3,0,542189,63421,69021,38935,0.5874708214457742,0.3803880573684005
28257,0.6895238095238096,0,1,0,542190,63420,69021,38935,0.5874615584126867,0.3803917737286894
28258,0.689547619047619,0,2,0,542192,63418,69021,38935,0.5874430323465115,0.3803992066671226
28259,0.6895714285714287,0,2,0,542194,63416,69021,38935,0.5874245062803364,0.380406639896044
28260,0.6895833333333334,0,1,0,542195,63415,69021,38935,0.5874152432472489,0.3804103566194431
28261,0.6895952380952381,1,1,1,542196,63414,69022,38934,0.5874059802141613,0.38040801969750265
28262,0.6896190476190476,0,2,0,542198,63412,69022,38934,0.5873874541479862,0.3804154534617865
28263,0.6896428571428571,0,1,0,542199,63411,69022,38934,0.5873781911148986,0.38041917045288
28264,0.6896428571428572,0,1,0,542200,63410,69022,38934,0.5873689280818111,0.38042288751661063
28265,0.6896666666666665,0,1,0,542201,63409,69022,38934,0.5873596650487235,0.38042660465298067
28266,0.6896666666666667,5,14,5,542215,63395,69027,38929,0.5872299825854977,0.3804483796567765
28267,0.6896666666666669,1,1,1,542216,63394,69028,38928,0.5872207195524103,0.38044604288422823
28268,0.6897142857142857,1,2,1,542218,63392,69029,38927,0.5872021934862351,0.3804474242320586
28269,0.6897500000000002,0,1,0,542219,63391,69029,38927,0.5871929304531476,0.3804511425164683
28270,0.6897619047619047,0,1,0,542220,63390,69029,38927,0.58718366742006,0.3804548608735596
28271,0.6897619047619048,0,1,0,542221,63389,69029,38927,0.5871744043869724,0.38045857930333477
28272,0.6897857142857142,0,1,0,542222,63388,69029,38927,0.5871651413538849,0.3804622978057958
28273,0.6898095238095239,0,1,0,542223,63387,69029,38927,0.5871558783207974,0.38046601638094496
28274,0.6898333333333332,2,0,2,542223,63387,69031,38925,0.5871558783207974,0.3804539057002111
28275,0.6898333333333333,1,2,1,542225,63385,69032,38924,0.5871373522546223,0.3804552874136195
28276,0.6898333333333335,0,2,0,542227,63383,69032,38924,0.5871188261884471,0.38046272493573263
28277,0.689857142857143,0,2,0,542229,63381,69032,38924,0.587100300122272,0.38047016274864376
28278,0.6898809523809523,1,2,1,542231,63379,69033,38923,0.587081774056097,0.3804715450333327
28279,0.6898809523809524,0,1,0,542232,63378,69033,38923,0.5870725110230094,0.38047526417141575
28280,0.6898928571428571,0,3,0,542235,63375,69033,38923,0.5870447219237467,0.3804864220219359
28281,0.6899523809523808,0,1,0,542236,63374,69033,38923,0.5870354588906591,0.38049014145087345
28282,0.689952380952381,0,1,0,542237,63373,69033,38923,0.5870261958575717,0.3804938609525299
28283,0.6899999999999998,1,5,1,542242,63368,69034,38922,0.5869798806921338,0.3805064033629876
28284,0.69,599,1408,599,543650,61960,69633,38323,0.5739375301048575,0.3821485196892793
28285,0.6900000000000002,2,3,2,543653,61957,69635,38321,0.5739097410055949,0.3821476295897405
28286,0.690015873015873,1,0,1,543653,61957,69636,38320,0.5739097410055949,0.3821414681332708
28287,0.6900833333333332,2,1,2,543654,61956,69638,38318,0.5739004779725073,0.38213295570137823
28288,0.6900833333333333,0,1,0,543655,61955,69638,38318,0.5738912149394197,0.382136766627108
28289,0.6901190476190476,0,3,0,543658,61952,69638,38318,0.5738634258401571,0.38214819986037696
28290,0.6901450216450219,2,2,2,543660,61950,69640,38316,0.573844899773982,0.38214349829453653
28291,0.6901666666666665,1,4,1,543664,61946,69641,38315,0.5738078476416317,0.3821525817616022
28292,0.6901666666666667,1,9,1,543673,61937,69642,38314,0.5737244803438438,0.38218072637679423
28293,0.6901666666666668,0,3,0,543676,61934,69642,38314,0.5736966912445811,0.382192163434682
28294,0.6902000499500498,1,4,1,543680,61930,69643,38313,0.573659639112231,0.38220125096016677
28295,0.6902380952380952,1,2,1,543682,61928,69644,38312,0.5736411130460558,0.3822027134876297
28296,0.69025,0,1,0,543683,61927,69644,38312,0.5736318500129682,0.38220652640189945
28297,0.6902777777777778,1,3,1,543686,61924,69645,38311,0.5736040609137056,0.382211802264678
28298,0.6902817460317461,0,1,0,543687,61923,69645,38311,0.5735947978806181,0.382215615459824
28299,0.6902857142857143,0,1,0,543688,61922,69645,38311,0.5735855348475305,0.38221942873105663
28300,0.6902857142857144,1,0,1,543688,61922,69646,38310,0.5735855348475305,0.38221326522467874
28301,0.6903333333333334,3,8,3,543696,61914,69649,38307,0.57351143058283,0.3822252821265004
28302,0.6903333333333335,0,2,0,543698,61912,69649,38307,0.5734929045166549,0.3822329099272593
28303,0.6904166666666666,0,2,0,543700,61910,69649,38307,0.5734743784504798,0.38224053803246955
28304,0.6904166666666667,0,1,0,543701,61909,69649,38307,0.5734651154173923,0.3822443521992496
28305,0.6904285714285713,0,2,0,543703,61907,69649,38307,0.5734465893512172,0.3822519807611711
28306,0.6904603174603173,1,0,1,543703,61907,69650,38306,0.5734465893512172,0.3822458164110445
28307,0.6904761904761905,1,3,1,543706,61904,69651,38305,0.5734188002519545,0.382251095211009
28308,0.6904999999999998,0,1,0,543707,61903,69651,38305,0.5734095372188669,0.3822549097876417
28309,0.6905,1,6,1,543713,61897,69652,38304,0.5733539590203416,0.3822716340156286
28310,0.6905000000000001,0,1,0,543714,61896,69652,38304,0.573344695987254,0.3822754491017964
28311,0.6905303030303029,1,0,1,543714,61896,69653,38303,0.573344695987254,0.38226928412459205
28312,0.690563492063492,0,1,0,543715,61895,69653,38303,0.5733354329541666,0.38227309926345837
28313,0.6905714285714288,0,1,0,543716,61894,69653,38303,0.573326169921079,0.3822769144784774
28314,0.6905833333333333,0,1,0,543717,61893,69653,38303,0.5733169068879914,0.3822807297696515
28315,0.6905952380952379,0,1,0,543718,61892,69653,38303,0.5733076438549038,0.3822845451369829
28316,0.6906150793650793,1,0,1,543718,61892,69654,38302,0.5733076438549038,0.38227837994291075
28317,0.6906190476190476,0,1,0,543719,61891,69654,38302,0.5732983808218163,0.3822821953629495
28318,0.6906190476190477,0,1,0,543720,61890,69654,38302,0.5732891177887287,0.3822860108591504
28319,0.690638888888889,0,1,0,543721,61889,69654,38302,0.5732798547556411,0.3822898264315158
28320,0.6906666666666667,5,14,5,543735,61875,69659,38297,0.5731501722924154,0.38231242263307114
28321,0.6906666666666668,0,1,0,543736,61874,69659,38297,0.5731409092593279,0.3823162392309151
28322,0.6906904761904761,1,3,1,543739,61871,69660,38296,0.5731131201600652,0.38232152305649564
28323,0.6906933621933622,1,2,1,543741,61869,69661,38295,0.5730945940938901,0.3823229902959147
28324,0.6907142857142857,1,1,1,543742,61868,69662,38294,0.5730853310608025,0.3823206405622891
28325,0.6907222222222222,0,1,0,543743,61867,69662,38294,0.573076068027715,0.3823244576232266
28326,0.69075,0,2,0,543745,61865,69662,38294,0.5730575419615399,0.3823320919737617
28327,0.6907738095238095,0,4,0,543749,61861,69662,38294,0.5730204898291896,0.3823473615895362
28328,0.6907857142857142,1,0,1,543749,61861,69663,38293,0.5730204898291896,0.382341194560377
28329,0.6908333333333332,0,1,0,543750,61860,69663,38293,0.5730112267961022,0.3823450121314389
28330,0.6908333333333333,4,26,4,543776,61834,69667,38289,0.5727703879358257,0.38241962386264894
28331,0.6908333333333334,10,24,10,543800,61810,69677,38279,0.5725480751417245,0.38244961983834386
28332,0.6908571428571426,0,1,0,543801,61809,69677,38279,0.5725388121086369,0.38245344097194467
28333,0.6908571428571428,0,4,0,543805,61805,69677,38279,0.5725017599762866,0.3824687262699333
28334,0.6909285714285714,0,3,0,543808,61802,69677,38279,0.572473970877024,0.3824801910452533
28335,0.690952380952381,2,2,2,543810,61800,69679,38277,0.5724554448108489,0.3824754938697203
28336,0.691,5,24,5,543834,61776,69684,38272,0.5722331320167475,0.38253638253638256
28337,0.6910000000000001,0,4,0,543838,61772,69684,38272,0.5721960798843974,0.38255167726200473
28338,0.6910238095238094,0,2,0,543840,61770,69684,38272,0.5721775538182222,0.38255932508346496
28339,0.6910952380952382,0,2,0,543842,61768,69684,38272,0.5721590277520471,0.3825669732107157
28340,0.6911428571428572,0,2,0,543844,61766,69684,38272,0.572140501685872,0.38257462164377537
28341,0.6911666666666666,0,6,0,543850,61760,69684,38272,0.5720849234873467,0.38259756877799106
28342,0.6911666666666667,0,9,0,543859,61751,69684,38272,0.5720015561895587,0.38263199464123254
28343,0.6911904761904762,0,2,0,543861,61749,69684,38272,0.5719830301233836,0.3826396456744084
28344,0.6911904761904764,0,3,0,543864,61746,69684,38272,0.571955241024121,0.38265112279789637
28345,0.6912142857142857,0,2,0,543866,61744,69684,38272,0.5719367149579458,0.3826587745960646
28346,0.6912261904761904,0,2,0,543868,61742,69684,38272,0.5719181888917707,0.38266642670026196
28347,0.69125,3,2,3,543870,61740,69687,38269,0.5718996628255956,0.38265556099951004
28348,0.6912619047619049,0,1,0,543871,61739,69687,38269,0.5718903997925081,0.3826593872490201
28349,0.6913095238095238,1,1,1,543872,61738,69688,38268,0.5718811367594205,0.38265704057756533
28350,0.6913333333333332,5,11,5,543883,61727,69693,38263,0.5717792433954574,0.38266826682668265
28351,0.6913333333333334,1,8,1,543891,61719,69694,38262,0.5717051391307569,0.3826927116152069
28352,0.691357142857143,0,2,0,543893,61717,69694,38262,0.5716866130645819,0.3827003670770862
28353,0.6913809523809523,0,2,0,543895,61715,69694,38262,0.5716680869984068,0.3827080228452544
28354,0.6913888888888888,0,1,0,543896,61714,69694,38262,0.5716588239653192,0.3827118508442026
28355,0.6914047619047617,0,1,0,543897,61713,69694,38262,0.5716495609322316,0.3827156789197299
28356,0.6914285714285714,0,2,0,543899,61711,69694,38262,0.5716310348660565,0.38272333530053115
28357,0.6914761904761905,0,1,0,543900,61710,69694,38262,0.571621771832969,0.3827271636058096
28358,0.6914761904761906,0,1,0,543901,61709,69694,38262,0.5716125087998815,0.3827309919876764
28359,0.6914999999999999,2,5,2,543906,61704,69696,38260,0.5715661936344436,0.382737785602817
28360,0.6915,3,11,3,543917,61693,69699,38257,0.5714643002704806,0.38276138069034515
28361,0.691547619047619,1,0,1,543917,61693,69700,38256,0.5714643002704806,0.38275520515462885
28362,0.6916071428571429,0,2,0,543919,61691,69700,38256,0.5714457742043054,0.3827628643180886
28363,0.6916190476190477,1,1,1,543920,61690,69701,38255,0.5714365111712179,0.3827605182850568
28364,0.6916428571428572,0,1,0,543921,61689,69701,38255,0.5714272481381304,0.38276434803489956
28365,0.6916666666666664,0,1,0,543922,61688,69701,38255,0.5714179851050428,0.382768177861381
28366,0.6916666666666665,34,69,34,543991,61619,69735,38221,0.5707788358220015,0.38282251602564105
28367,0.6916666666666668,16,44,16,544035,61575,69751,38205,0.5703712623661492,0.3828923631990379
28368,0.6916904761904762,0,1,0,544036,61574,69751,38205,0.5703619993330616,0.38289620060333335
28369,0.6917142857142856,0,1,0,544037,61573,69751,38205,0.5703527362999741,0.3829000380845477
28370,0.6917142857142857,0,3,0,544040,61570,69751,38205,0.5703249472007114,0.3829115509897269
28371,0.6917261904761903,0,2,0,544042,61568,69751,38205,0.5703064211345363,0.38291922664448297
28372,0.6917380952380953,0,1,0,544043,61567,69751,38205,0.5702971581014488,0.38292306458725894
28373,0.6917619047619047,0,1,0,544044,61566,69751,38205,0.5702878950683612,0.38292690260697
28374,0.6917857142857143,1,1,1,544045,61565,69752,38204,0.5702786320352736,0.3829245557237218
28375,0.6918333333333331,1,0,1,544045,61565,69753,38203,0.5702786320352736,0.382918370619838
28376,0.6918333333333332,0,4,0,544049,61561,69753,38203,0.5702415799029235,0.3829337235876669
28377,0.6918333333333334,2,12,2,544061,61549,69755,38201,0.5701304235058727,0.3829674185463659
28378,0.6918333333333335,1,1,1,544062,61548,69756,38200,0.5701211604727852,0.3829650719813931
28379,0.6918809523809525,1,1,1,544063,61547,69757,38199,0.5701118974396977,0.3829627253223187
28380,0.6919166666666666,1,1,1,544064,61546,69758,38198,0.5701026344066101,0.382960378569137
28381,0.6919444444444445,0,1,0,544065,61545,69758,38198,0.5700933713735226,0.38296421804036374
28382,0.6919696969696969,0,1,0,544066,61544,69758,38198,0.570084108340435,0.38296805758857855
28383,0.6919804362304361,0,2,0,544068,61542,69758,38198,0.5700655822742599,0.3829757369159816
28384,0.6919880952380953,0,1,0,544069,61541,69758,38198,0.5700563192411723,0.3829795766951744
28385,0.6920000000000001,5,22,5,544091,61519,69763,38193,0.5698525325132462,0.38303313543003853
28386,0.6920238095238096,0,5,0,544096,61514,69763,38193,0.5698062173478083,0.3830523433660626
28387,0.6920476190476191,1,1,1,544097,61513,69764,38192,0.5697969543147208,0.38304999749260316
28388,0.6920555555555555,0,1,0,544098,61512,69764,38192,0.5697876912816333,0.383053839364519
28389,0.6920833333333333,1,1,1,544099,61511,69765,38191,0.5697784282485457,0.38305149345048245
28390,0.6921111111111111,0,1,0,544100,61510,69765,38191,0.5697691652154582,0.38305533545300446
28391,0.6921163003663005,0,1,0,544101,61509,69765,38191,0.5697599021823706,0.38305917753259777
28392,0.6921428571428572,0,3,0,544104,61506,69765,38191,0.5697321130831079,0.3830707042338285
28393,0.6921666666666667,1,5,1,544109,61501,69766,38190,0.5696857979176702,0.3830837287217502
28394,0.6921984126984126,0,1,0,544110,61500,69766,38190,0.5696765348845826,0.38308757147156186
28395,0.6922023809523808,0,3,0,544113,61497,69766,38190,0.56964874578532,0.38309910018357457
28396,0.6922023809523811,1,0,1,544113,61497,69767,38189,0.56964874578532,0.38309291174287263
28397,0.6922222222222222,0,1,0,544114,61496,69767,38189,0.5696394827522324,0.3830967547775493
28398,0.6922261904761905,0,1,0,544115,61495,69767,38189,0.5696302197191448,0.38310059788933026
28399,0.6922380952380952,0,1,0,544116,61494,69767,38189,0.5696209566860573,0.38310444107821795
28400,0.6922499999999999,1,1,1,544117,61493,69768,38188,0.5696116936529697,0.3831020956852359
28401,0.6922919799498747,0,1,0,544118,61492,69768,38188,0.5696024306198821,0.38310593900481543
28402,0.6923304473304472,1,0,1,544118,61492,69769,38187,0.5696024306198821,0.383099750198136
28403,0.6923333333333332,0,5,0,544123,61487,69769,38187,0.5695561154544444,0.38311896783514254
28404,0.6923333333333334,4,11,4,544134,61476,69773,38183,0.5694542220904814,0.38313649544948275
28405,0.6923333333333335,1,3,1,544137,61473,69774,38182,0.5694264329912186,0.3831418393457428
28406,0.6923571428571429,0,1,0,544138,61472,69774,38182,0.5694171699581311,0.3831456840668714
28407,0.6923809523809524,2,0,2,544138,61472,69776,38180,0.5694171699581311,0.3831333038975635
28408,0.6923888888888889,1,0,1,544138,61472,69777,38179,0.5694171699581311,0.38312711362655666
28409,0.6924285714285712,1,0,1,544138,61472,69778,38178,0.5694171699581311,0.3831209232313096
28410,0.6924285714285713,0,1,0,544139,61471,69778,38178,0.5694079069250435,0.3831247679354534
28411,0.6924523809523809,0,1,0,544140,61470,69778,38178,0.5693986438919559,0.383128612716763
28412,0.6924642857142856,0,1,0,544141,61469,69778,38178,0.5693893808588685,0.3831324575752406
28413,0.692472222222222,0,2,0,544143,61467,69778,38178,0.5693708547926933,0.3831401475237092
28414,0.6924999999999999,0,1,0,544144,61466,69778,38178,0.5693615917596058,0.3831439926137048
28415,0.6925,51,129,51,544273,61337,69829,38127,0.5681666604913113,0.3833246199630017
28416,0.6925000000000001,0,2,0,544275,61335,69829,38127,0.5681481344251361,0.3833323279242324
28417,0.6925158730158728,0,1,0,544276,61334,69829,38127,0.5681388713920487,0.3833361820210937
28418,0.6925238095238097,0,1,0,544277,61333,69829,38127,0.5681296083589611,0.3833400361954555
28419,0.6925414862914863,0,1,0,544278,61332,69829,38127,0.5681203453258735,0.38334389044732
28420,0.6925476190476191,1,1,1,544279,61331,69830,38126,0.568111082292786,0.383341544587108
28421,0.6925714285714285,0,1,0,544280,61330,69830,38126,0.5681018192596984,0.383345398970399
28422,0.6926190476190476,0,2,0,544282,61328,69830,38126,0.5680832931935232,0.38335310796951355
28423,0.6926666666666665,1,2,1,544284,61326,69831,38125,0.5680647671273482,0.3833546168464872
28424,0.6926666666666667,3,18,3,544302,61308,69834,38122,0.5678980325317722,0.38340541084179824
28425,0.6926666666666668,0,3,0,544305,61305,69834,38122,0.5678702434325096,0.3834169792913394
28426,0.6927142857142857,0,1,0,544306,61304,69834,38122,0.567860980399422,0.3834208355963229
28427,0.6927380952380952,0,2,0,544308,61302,69834,38122,0.5678424543332469,0.3834285484390087
28428,0.6927380952380954,0,1,0,544309,61301,69834,38122,0.5678331913001593,0.38343240497671566
28429,0.6927640415140414,1,3,1,544312,61298,69835,38121,0.5678054022008967,0.38343777346382485
28430,0.6927651515151514,0,2,0,544314,61296,69835,38121,0.5677868761347216,0.38344548719031957
28431,0.6927777777777777,1,0,1,544314,61296,69836,38120,0.5677868761347216,0.38343928542689304
28432,0.6927857142857143,0,1,0,544315,61295,69836,38120,0.567777613101634,0.3834431423829402
28433,0.6928333333333333,1,8,1,544323,61287,69837,38119,0.5677035088369335,0.38346779872442305
28434,0.6928333333333334,0,2,0,544325,61285,69837,38119,0.5676849827707584,0.38347551406382036
28435,0.6928513708513708,1,6,1,544331,61279,69838,38118,0.5676294045722331,0.3834924595309718
28436,0.6928534798534798,0,1,0,544332,61278,69838,38118,0.5676201415391455,0.38349631775926596
28437,0.6928571428571427,0,2,0,544334,61276,69838,38118,0.5676016154729705,0.38350403444875947
28438,0.692857142857143,0,1,0,544335,61275,69838,38118,0.5675923524398829,0.38350789290996345
28439,0.6929166666666666,0,1,0,544336,61274,69838,38118,0.5675830894067954,0.3835117514488088
28440,0.6929411976911976,0,4,0,544340,61270,69838,38118,0.5675460372744452,0.3835271863806496
28441,0.6929523809523808,0,2,0,544342,61268,69838,38118,0.56752751120827,0.3835349043124786
28442,0.6929523809523809,1,2,1,544344,61266,69839,38117,0.5675089851420949,0.3835364197096083
28443,0.6929523809523811,0,1,0,544345,61265,69839,38117,0.5674997221090073,0.38354027892374876
28444,0.6929761904761905,0,2,0,544347,61263,69839,38117,0.5674811960428323,0.38354799758502717
28445,0.6929999999999998,0,1,0,544348,61262,69839,38117,0.5674719330097447,0.38355185703216976
28446,0.693,7,35,7,544383,61227,69846,38110,0.5671477268516804,0.3836435567814611
28447,0.6930000000000001,0,1,0,544384,61226,69846,38110,0.5671384638185928,0.3836474188612386
28448,0.6930833333333334,1,1,1,544385,61225,69847,38109,0.5671292007855052,0.38364507620754223
28449,0.6931071428571428,0,2,0,544387,61223,69847,38109,0.5671106747193301,0.38365280070873437
28450,0.6931428571428571,0,1,0,544388,61222,69847,38109,0.5671014116862425,0.3836566630759783
28451,0.6931666666666666,6,10,6,544398,61212,69853,38103,0.567008781355367,0.3836580576952122
28452,0.6931666666666668,1,1,1,544399,61211,69854,38102,0.5669995183222795,0.383655714760404
28453,0.6931904761904761,1,0,1,544399,61211,69855,38101,0.5669995183222795,0.3836495086193008
28454,0.6932142857142858,0,1,0,544400,61210,69855,38101,0.5669902552891919,0.38365337173122815
28455,0.6933333333333332,54,106,54,544506,61104,69909,38047,0.5660083737819112,0.3837278494417605
28456,0.6933333333333335,68,138,68,544644,60966,69977,37979,0.5647300752158286,0.38383950679670525
28457,0.6933650793650794,0,1,0,544645,60965,69977,37979,0.5647208121827412,0.38384338615782665
28458,0.6933809523809523,1,2,1,544647,60963,69978,37978,0.564702286116566,0.38384491767821227
28459,0.6933809523809525,1,0,1,544647,60963,69979,37977,0.564702286116566,0.38383869011522137
28460,0.6934166666666667,1,3,1,544650,60960,69980,37976,0.5646744970173033,0.3838441012371634
28461,0.6934285714285714,0,1,0,544651,60959,69980,37976,0.5646652339842158,0.3838479809976247
28462,0.693433897801545,2,9,2,544660,60950,69982,37974,0.5645818666864278,0.3838704459989487
28463,0.6934444444444443,0,3,0,544663,60947,69982,37974,0.5645540775871651,0.3838820877265697
28464,0.6934523809523809,0,2,0,544665,60945,69982,37974,0.56453555152099,0.38388984927061537
28465,0.693452380952381,1,1,1,544666,60944,69983,37973,0.5645262884879024,0.38388750164279145
28466,0.6934556277056277,1,1,1,544667,60943,69984,37972,0.564517025454815,0.38388515392003236
28467,0.6934642857142856,0,1,0,544668,60942,69984,37972,0.5645077624217274,0.38388903491922277
28468,0.6934761904761905,0,1,0,544669,60941,69984,37972,0.5644984993886398,0.38389291599688613
28469,0.6934999999999999,5,11,5,544680,60930,69989,37967,0.5643966060246767,0.38390446626287955
28470,0.6935000000000001,1,7,1,544687,60923,69990,37966,0.5643317647930638,0.38392541131976254
28471,0.6935046897546897,1,0,1,544687,60923,69991,37965,0.5643317647930638,0.38391918129601166
28472,0.6935238095238094,0,2,0,544689,60921,69991,37965,0.5643132387268888,0.3839269461804502
28473,0.6935238095238095,1,3,1,544692,60918,69992,37964,0.5642854496276261,0.3839323638275925
28474,0.6935660173160173,0,1,0,544693,60917,69992,37964,0.5642761865945385,0.3839362465994478
28475,0.6935714285714286,0,4,0,544697,60913,69992,37964,0.5642391344621883,0.38395177847224327
28476,0.6936190476190476,0,1,0,544698,60912,69992,37964,0.5642298714291007,0.3839556616367976
28477,0.6936227106227106,0,1,0,544699,60911,69992,37964,0.5642206083960132,0.38395954487989886
28478,0.6936666666666667,0,2,0,544701,60909,69992,37964,0.564202082329838,0.38396731160175174
28479,0.6936666666666668,2,7,2,544708,60902,69994,37962,0.5641372410982252,0.38398203592814373
28480,0.6936904761904762,0,1,0,544709,60901,69994,37962,0.5641279780651377,0.38398591990936953
28481,0.6937023809523809,0,3,0,544712,60898,69994,37962,0.564100188965875,0.38399757232449927
28482,0.6937117604617603,1,5,1,544717,60893,69995,37961,0.5640538738004373,0.3840107633479677
28483,0.6937142857142856,0,1,0,544718,60892,69995,37961,0.5640446107673497,0.38401464801270574
28484,0.6937348484848485,0,1,0,544719,60891,69995,37961,0.5640353477342621,0.3840185327560393
28485,0.69375,3,2,3,544721,60889,69998,37958,0.564016821668087,0.38400760771697673
28486,0.6938095238095238,1,4,1,544725,60885,69999,37957,0.5639797695357368,0.38401691588595943
28487,0.6938333333333333,3,6,3,544731,60879,70002,37954,0.5639241913372115,0.38402153126991995
28488,0.6938333333333334,2,4,2,544735,60875,70004,37952,0.5638871392048612,0.3840246086595768
28489,0.6939484126984128,0,1,0,544736,60874,70004,37952,0.5638778761717737,0.3840284945257321
28490,0.6939642857142857,0,1,0,544737,60873,70004,37952,0.5638686131386861,0.38403238047052873
28491,0.694,0,3,0,544740,60870,70004,37952,0.5638408240394235,0.3840440387767906
28492,0.6940000000000001,13,50,13,544790,60820,70017,37939,0.5633776723850458,0.3841573932502354
28493,0.6940476190476191,0,2,0,544792,60818,70017,37939,0.5633591463188706,0.38416517310165355
28494,0.6940563048063048,1,2,1,544794,60816,70018,37938,0.5633406202526955,0.3841667172975272
28495,0.6940714285714286,1,0,1,544794,60816,70019,37937,0.5633406202526955,0.3841604812005711
28496,0.6940952380952382,1,0,1,544794,60816,70020,37936,0.5633406202526955,0.3841542449773169
28497,0.6941190476190476,0,1,0,544795,60815,70020,37936,0.563331357219608,0.3841581351074926
28498,0.6941363636363636,0,1,0,544796,60814,70020,37936,0.5633220941865205,0.3841620253164557
28499,0.6941483516483515,0,2,0,544798,60812,70020,37936,0.5633035681203453,0.38416980597075384
28500,0.6941666666666666,10,22,10,544820,60790,70030,37926,0.5630997813924191,0.3841930386158272
28501,0.6941666666666667,8,19,8,544839,60771,70038,37918,0.5629237837637556,0.38421708599742627
28502,0.6941666666666668,1,1,1,544840,60770,70039,37917,0.562914520730668,0.38421473953002927
28503,0.6941904761904761,1,0,1,544840,60770,70040,37916,0.562914520730668,0.38420849968587234
28504,0.6942499999999999,1,1,1,544841,60769,70041,37915,0.5629052576975805,0.3842061529731263
28505,0.6942857142857142,0,1,0,544842,60768,70041,37915,0.5628959946644929,0.3842100463099014
28506,0.6942857142857143,1,6,1,544848,60762,70042,37914,0.5628404164659676,0.38422716770035265
28507,0.6943333333333332,0,1,0,544849,60761,70042,37914,0.56283115343288,0.38423106156574616
28508,0.6943333333333334,5,19,5,544868,60742,70047,37909,0.5626551558042165,0.3842738542944319
28509,0.6943333333333335,0,2,0,544870,60740,70047,37909,0.5626366297380414,0.384281645024278
28510,0.6943888888888888,0,1,0,544871,60739,70047,37909,0.5626273667049538,0.3842855405076636
28511,0.6944047619047619,0,2,0,544873,60737,70047,37909,0.5626088406387788,0.384293331711372
28512,0.6944444444444444,1,1,1,544874,60736,70048,37908,0.5625995776056912,0.38429098576700055
28513,0.6944999999999999,1,2,1,544876,60734,70049,37907,0.5625810515395161,0.38429253555823645
28514,0.6945,2,7,2,544883,60727,70051,37905,0.5625162103079032,0.3843073241949874
28515,0.6945000000000001,0,3,0,544886,60724,70051,37905,0.5624884212086405,0.3843190136775188
28516,0.6945238095238093,0,1,0,544887,60723,70051,37905,0.562479158175553,0.3843229103297238
28517,0.6945238095238095,0,1,0,544888,60722,70051,37905,0.5624698951424655,0.3843268070609468
28518,0.6945714285714285,0,1,0,544889,60721,70051,37905,0.5624606321093779,0.38433070387119017
28519,0.6945833333333334,0,1,0,544890,60720,70051,37905,0.5624513690762903,0.3843346007604563
28520,0.6946309523809522,1,0,1,544890,60720,70052,37904,0.5624513690762903,0.3843283582089552
28521,0.6946309523809525,0,2,0,544892,60718,70052,37904,0.5624328430101152,0.38433615217699907
28522,0.6946666666666664,1,0,1,544892,60718,70053,37903,0.5624328430101152,0.3843299094513339
28523,0.6946666666666665,0,3,0,544895,60715,70053,37903,0.5624050539108526,0.3843416009247805
28524,0.6946666666666667,4,18,4,544913,60697,70057,37899,0.5622383193152766,0.38438679053916996
28525,0.6946666666666669,0,1,0,544914,60696,70057,37899,0.562229056282189,0.38439068918302144
28526,0.6946904761904762,0,1,0,544915,60695,70057,37899,0.5622197932491015,0.38439458790595776
28527,0.6947164502164501,0,2,0,544917,60693,70057,37899,0.5622012671829264,0.38440238558909445
28528,0.6947619047619048,1,1,1,544918,60692,70058,37898,0.5621920041498388,0.3844000405720661
28529,0.6947698412698412,1,0,1,544918,60692,70059,37897,0.5621920041498388,0.3843937964681658
28530,0.6948095238095238,0,1,0,544919,60691,70059,37897,0.5621827411167513,0.3843976954598937
28531,0.6948333333333332,2,3,2,544922,60688,70061,37895,0.5621549520174886,0.384396904131544
28532,0.6948333333333333,2,8,2,544930,60680,70063,37893,0.5620808477527882,0.38441561076562547
28533,0.6948333333333335,0,1,0,544931,60679,70063,37893,0.5620715847197006,0.3844195106115327
28534,0.6949761904761905,1,0,1,544931,60679,70064,37892,0.5620715847197006,0.3844132655649227
28535,0.6949999999999998,0,2,0,544933,60677,70064,37892,0.5620530586535255,0.38442106544654
28536,0.695,185,463,185,545396,60214,70249,37707,0.5577642743339879,0.38507572430837106
28537,0.6950000000000002,0,3,0,545399,60211,70249,37707,0.5577364852347253,0.3850875222124635
28538,0.695047619047619,0,1,0,545400,60210,70249,37707,0.5577272222016377,0.3850914550078127
28539,0.6950714285714283,1,2,1,545402,60208,70250,37706,0.5577086961354626,0.38509304083175033
28540,0.6950714285714286,0,1,0,545403,60207,70250,37706,0.557699433102375,0.38509697384412694
28541,0.6951190476190476,1,0,1,545403,60207,70251,37705,0.557699433102375,0.3850906936841245
28542,0.6951269841269841,0,1,0,545404,60206,70251,37705,0.5576901700692874,0.3850946267528674
28543,0.6951428571428571,0,1,0,545405,60205,70251,37705,0.5576809070361999,0.3850985599019508
28544,0.6951666666666667,0,9,0,545414,60196,70251,37705,0.557597539738412,0.38513396185942944
28545,0.6952380952380952,1,4,1,545418,60192,70252,37704,0.5575604876060617,0.38514341750429026
28546,0.6952380952380953,1,0,1,545418,60192,70253,37703,0.5575604876060617,0.38513713672812705
28547,0.6952619047619047,1,1,1,545419,60191,70254,37702,0.5575512245729741,0.38513479002584455
28548,0.6952777777777777,0,1,0,545420,60190,70254,37702,0.5575419615398867,0.3851387243084215
28549,0.6953333333333334,6,7,6,545427,60183,70260,37696,0.5574771203082738,0.3851285771207307
28550,0.6953452380952381,0,1,0,545428,60182,70260,37696,0.5574678572751862,0.3851325119025726
28551,0.6953571428571429,0,1,0,545429,60181,70260,37696,0.5574585942420986,0.38513644676481706
28552,0.6953809523809522,0,1,0,545430,60180,70260,37696,0.5574493312090111,0.3851403817074666
28553,0.6953809523809524,0,1,0,545431,60179,70260,37696,0.5574400681759235,0.38514431673052363
28554,0.6954166666666666,1,0,1,545431,60179,70261,37695,0.5574400681759235,0.38513803461593477
28555,0.6954761904761905,0,1,0,545432,60178,70261,37695,0.5574308051428359,0.38514196969542164
28556,0.6954999999999998,0,1,0,545433,60177,70261,37695,0.5574215421097484,0.38514590485532124
28557,0.6955,1,7,1,545440,60170,70262,37694,0.5573567008781355,0.3851671707675958
28558,0.6955000000000001,0,6,0,545446,60164,70262,37694,0.5573011226796102,0.3851907866500439
28559,0.6955555555555556,1,0,1,545446,60164,70263,37693,0.5573011226796102,0.38518450391898384
28560,0.6955833333333333,1,0,1,545446,60164,70264,37692,0.5573011226796102,0.38517822105951605
28561,0.695585137085137,1,1,1,545447,60163,70265,37691,0.5572918596465226,0.3851758742616551
28562,0.6955952380952382,0,2,0,545449,60161,70265,37691,0.5572733335803476,0.38518374688304785
28563,0.6956111111111111,0,1,0,545450,60160,70265,37691,0.55726407054726,0.38518768331442704
28564,0.6956190476190477,1,0,1,545450,60160,70266,37690,0.55726407054726,0.38518140010219726
28565,0.695619047619048,1,1,1,545451,60159,70267,37689,0.5572548075141724,0.38517905322541085
28566,0.6956666666666667,6,10,6,545461,60149,70273,37683,0.5571621771832969,0.38518071796549186
28567,0.6956666666666668,1,1,1,545462,60148,70274,37682,0.5571529141502094,0.3851783706429521
28568,0.6956746031746033,0,1,0,545463,60147,70274,37682,0.5571436511171218,0.38518230790460906
28569,0.6957142857142857,1,3,1,545466,60144,70275,37681,0.5571158620178591,0.3851878354203936
28570,0.69575,0,2,0,545468,60142,70275,37681,0.557097335951684,0.3851957106202018
28571,0.6957619047619046,0,1,0,545469,60141,70275,37681,0.5570880729185964,0.385199648340864
28572,0.6957857142857145,0,2,0,545471,60139,70275,37681,0.5570695468524214,0.38520752402371705
28573,0.6958333333333333,6,35,6,545506,60104,70281,37675,0.556745340694357,0.38530768365395435
28574,0.6958333333333334,13,39,13,545545,60065,70294,37662,0.5563840824039423,0.3853796801293399
28575,0.6958333333333335,0,1,0,545546,60064,70294,37662,0.5563748193708548,0.38538362360067946
28576,0.6959523809523809,0,1,0,545547,60063,70294,37662,0.5563655563377672,0.3853875671527245
28577,0.695952380952381,0,1,0,545548,60062,70294,37662,0.5563562933046797,0.38539151078547745
28578,0.6959761904761906,0,1,0,545549,60061,70294,37662,0.5563470302715922,0.38539545449894086
28579,0.6959848484848484,0,1,0,545550,60060,70294,37662,0.5563377672385046,0.3853993982931172
28580,0.696,11,46,11,545596,60014,70305,37651,0.555911667716477,0.3855116981518456
28581,0.6960000000000001,0,4,0,545600,60010,70305,37651,0.5558746155841269,0.38552748794298647
28582,0.6960119047619046,1,2,1,545602,60008,70306,37650,0.5558560895179517,0.38552909131868357
28583,0.6960238095238096,0,1,0,545603,60007,70306,37650,0.5558468264848642,0.3855330391062597
28584,0.6960833333333334,1,0,1,545603,60007,70307,37649,0.5558468264848642,0.38552674694847217
28585,0.6961111111111111,0,1,0,545604,60006,70307,37649,0.5558375634517766,0.38553069479289337
28586,0.6961428571428572,0,2,0,545606,60004,70307,37649,0.5558190373856016,0.3855385907242993
28587,0.6961666666666665,0,1,0,545607,60003,70307,37649,0.555809774352514,0.3855425388112891
28588,0.6961666666666666,0,4,0,545611,59999,70307,37649,0.5557727222201637,0.38555833196788464
28589,0.6961666666666667,2,9,2,545620,59990,70309,37647,0.5556893549223758,0.38558128578305356
28590,0.6961904761904762,1,1,1,545621,59989,70310,37646,0.5556800918892882,0.38557894197777437
28591,0.6962142857142857,0,1,0,545622,59988,70310,37646,0.5556708288562007,0.38558289120593237
28592,0.696281746031746,0,1,0,545623,59987,70310,37646,0.5556615658231131,0.3855868405149898
28593,0.6962857142857143,1,2,1,545625,59985,70311,37645,0.555643039756938,0.38558844617433163
28594,0.6963095238095236,1,1,1,545626,59984,70312,37644,0.5556337767238505,0.38558610234768714
28595,0.6963095238095238,1,0,1,545626,59984,70313,37643,0.5556337767238505,0.38557980886435106
28596,0.6963333333333332,1,13,1,545639,59971,70314,37642,0.5555133572937122,0.38562486554045056
28597,0.6963333333333334,3,3,3,545642,59968,70317,37639,0.5554855681944496,0.3856178347864395
28598,0.6963919413919415,0,1,0,545643,59967,70317,37639,0.555476305161362,0.38562178554597054
28599,0.696392857142857,0,1,0,545644,59966,70317,37639,0.5554670421282745,0.3856257363864556
28600,0.6964285714285714,1,0,1,545644,59966,70318,37638,0.5554670421282745,0.38561944182615465
28601,0.6964285714285715,0,2,0,545646,59964,70318,37638,0.5554485160620993,0.3856273437019733
28602,0.6964512987012985,0,1,0,545647,59963,70318,37638,0.5554392530290119,0.3856312947613242
28603,0.6964646464646465,0,2,0,545649,59961,70318,37638,0.5554207269628367,0.38563919712292133
28604,0.6964999999999999,1,2,1,545651,59959,70319,37637,0.5554022008966616,0.3856408049510226
28605,0.6965,2,9,2,545660,59950,70321,37635,0.5553188335988736,0.3856637802941026
28606,0.696537878787879,0,1,0,545661,59949,70321,37635,0.5553095705657861,0.38566773241515
28607,0.6965476190476189,1,3,1,545664,59946,70322,37634,0.5552817814665234,0.385673293707727
28608,0.696547619047619,1,0,1,545664,59946,70323,37633,0.5552817814665234,0.3856669980221154
28609,0.6965714285714284,0,1,0,545665,59945,70323,37633,0.5552725184334358,0.38567095041915184
28610,0.6966190476190477,0,2,0,545667,59943,70323,37633,0.5552539923672607,0.38567885545625974
28611,0.6966309523809524,0,4,0,545671,59939,70323,37633,0.5552169402349105,0.3856946665026852
28612,0.6966666666666665,81,173,81,545844,59766,70404,37552,0.5536144355107636,0.3858690067613391
28613,0.6966666666666668,32,111,32,545955,59655,70436,37520,0.5525862388380451,0.3861075379470028
28614,0.6966666666666669,0,1,0,545956,59654,70436,37520,0.5525769758049576,0.3861115113096096
28615,0.6967380952380953,0,2,0,545958,59652,70436,37520,0.5525584497387824,0.38611945828016303
28616,0.6967857142857143,2,0,2,545958,59652,70438,37518,0.5525584497387824,0.3861068230935474
28617,0.6968333333333332,1,2,1,545960,59650,70439,37517,0.5525399236726074,0.3861084524581391
28618,0.6968333333333334,5,12,5,545972,59638,70444,37512,0.5524287672755567,0.3861245496654658
28619,0.6968809523809523,0,1,0,545973,59637,70444,37512,0.5524195042424691,0.38612852422567395
28620,0.696952380952381,0,1,0,545974,59636,70444,37512,0.5524102412093816,0.386132498867707
28621,0.6969603174603174,0,1,0,545975,59635,70444,37512,0.5524009781762941,0.38613647359156744
28622,0.6969999999999998,1,1,1,545976,59634,70445,37511,0.5523917151432065,0.38613412939420455
28623,0.6970000000000001,5,16,5,545992,59618,70450,37506,0.5522435066138056,0.38616613813269635
28624,0.6970000000000002,0,2,0,545994,59616,70450,37506,0.5522249805476305,0.3861740903193921
28625,0.6970714285714286,0,1,0,545995,59615,70450,37506,0.552215717514543,0.38617806653555875
28626,0.6970833333333334,0,1,0,545996,59614,70450,37506,0.5522064544814554,0.3861820428336079
28627,0.697142857142857,0,1,0,545997,59613,70450,37506,0.5521971914483679,0.3861860192135422
28628,0.6971428571428571,0,3,0,546000,59610,70450,37506,0.5521694023491052,0.38619794884468056
28629,0.6971428571428572,2,6,2,546006,59604,70452,37504,0.5521138241505799,0.3862091691724678
28630,0.6971666666666665,1,1,1,546007,59603,70453,37503,0.5521045611174923,0.38620682553086316
28631,0.6971666666666667,3,11,3,546018,59592,70456,37500,0.5520026677535292,0.38623161537510814
28632,0.6972142857142858,0,1,0,546019,59591,70456,37500,0.5519934047204417,0.38623559341236574
28633,0.6972222222222223,0,1,0,546020,59590,70456,37500,0.5519841416873541,0.3862395715315686
28634,0.6972619047619049,0,1,0,546021,59589,70456,37500,0.5519748786542665,0.38624354973271946
28635,0.6972727272727272,0,1,0,546022,59588,70456,37500,0.551965615621179,0.3862475280158207
28636,0.6972835497835499,0,1,0,546023,59587,70456,37500,0.5519563525880914,0.3862515063808749
28637,0.6972857142857142,1,1,1,546024,59586,70457,37499,0.5519470895550039,0.3862491631044961
28638,0.6972857142857143,1,0,1,546024,59586,70458,37498,0.5519470895550039,0.38624284125087555
28639,0.6972891414141412,1,0,1,546024,59586,70459,37497,0.5519470895550039,0.38623651926701896
28640,0.6973095238095239,0,2,0,546026,59584,70459,37497,0.5519285634888288,0.3862444762620904
28641,0.6973214285714286,0,1,0,546027,59583,70459,37497,0.5519193004557412,0.3862484548825711
28642,0.6973333333333332,0,8,0,546035,59575,70459,37497,0.5518451961910408,0.3862802867974287
28643,0.6973333333333334,2,17,2,546052,59558,70461,37495,0.5516877246285524,0.386335301330201
28644,0.6973333333333335,1,2,1,546054,59556,70462,37494,0.5516691985623773,0.3863369397217929
28645,0.6973571428571427,1,0,1,546054,59556,70463,37493,0.5516691985623773,0.38633061649269956
28646,0.6973571428571428,1,0,1,546054,59556,70464,37492,0.5516691985623773,0.38632429313329486
28647,0.6973809523809524,0,5,0,546059,59551,70464,37492,0.5516228833969395,0.3863441979328751
28648,0.6973809523809525,0,1,0,546060,59550,70464,37492,0.551613620363852,0.38634817913892955
28649,0.697404761904762,0,1,0,546061,59549,70464,37492,0.5516043573307644,0.386352160427036
28650,0.6974166666666666,0,1,0,546062,59548,70464,37492,0.5515950942976768,0.386356141797197
28651,0.6974569115095431,0,1,0,546063,59547,70464,37492,0.5515858312645893,0.3863601232494152
28652,0.6975,72,125,72,546188,59422,70536,37420,0.550427952128645,0.38640259391586296
28653,0.6975000000000001,1,2,1,546190,59420,70537,37419,0.5504094260624699,0.38640423796197815
28654,0.6976190476190476,1,2,1,546192,59418,70538,37418,0.5503908999962948,0.38640588210995913
28655,0.6976190476190477,0,1,0,546193,59417,70538,37418,0.5503816369632072,0.3864098724634688
28656,0.6976666666666665,1,1,1,546194,59416,70539,37417,0.5503723739301197,0.38640752635981535
28657,0.6976666666666667,7,14,7,546208,59402,70546,37410,0.550242691466894,0.38641903896211216
28658,0.6976666666666668,0,4,0,546212,59398,70546,37410,0.5502056393345437,0.3864350053714569
28659,0.6977142857142856,1,0,1,546212,59398,70547,37409,0.5502056393345437,0.38642866734843556
28660,0.6977142857142857,0,1,0,546213,59397,70547,37409,0.5501963763014561,0.38643265913269836
28661,0.6978095238095237,0,1,0,546214,59396,70547,37409,0.5501871132683686,0.38643665099943186
28662,0.6978333333333332,0,1,0,546215,59395,70547,37409,0.550177850235281,0.3864406429486385
28663,0.6978333333333333,0,8,0,546223,59387,70547,37409,0.5501037459705806,0.3864725815116327
28664,0.6978333333333334,0,3,0,546226,59384,70547,37409,0.5500759568713179,0.3864845598338723
28665,0.6978571428571427,2,0,2,546226,59384,70549,37407,0.5500759568713179,0.38647188271636823
28666,0.6979166666666667,0,1,0,546227,59383,70549,37407,0.5500666938382304,0.3864758756069842
28667,0.6979761904761904,0,2,0,546229,59381,70549,37407,0.5500481677720552,0.38648386163573994
28668,0.6979999999999998,0,1,0,546230,59380,70549,37407,0.5500389047389678,0.3864878547738849
28669,0.698,10,30,10,546260,59350,70559,37397,0.5497610137463411,0.38654428561092335
28670,0.6980000000000001,0,2,0,546262,59348,70559,37397,0.549742487680166,0.38655227660344205
28671,0.6980238095238094,0,1,0,546263,59347,70559,37397,0.5497332246470784,0.38655627222360045
28672,0.698047619047619,1,1,1,546264,59346,70560,37396,0.5497239616139908,0.38655392693969526
28673,0.6980555555555554,0,1,0,546265,59345,70560,37396,0.5497146985809034,0.38655792270081973
28674,0.6980833333333333,0,1,0,546266,59344,70560,37396,0.5497054355478158,0.3865619185445524
28675,0.6980952380952381,1,1,1,546267,59343,70561,37395,0.5496961725147282,0.38655957328040685
28676,0.6981190476190478,0,1,0,546268,59342,70561,37395,0.5496869094816407,0.3865635692651209
28677,0.6981666666666666,2,9,2,546277,59333,70563,37393,0.5496035421838527,0.38658685358641937
28678,0.6982142857142856,0,1,0,546278,59332,70563,37393,0.5495942791507651,0.3865908503489274
28679,0.6982142857142857,0,2,0,546280,59330,70563,37393,0.5495757530845901,0.3865988441218738
28680,0.6982380952380953,1,0,1,546280,59330,70564,37392,0.5495757530845901,0.3865925022228655
28681,0.69825,1,2,1,546282,59328,70565,37391,0.5495572270184149,0.38659415419927834
28682,0.6982857142857142,0,2,0,546284,59326,70565,37391,0.5495387009522398,0.3866021485364517
28683,0.6983333333333333,25,62,25,546346,59264,70590,37366,0.5489643929008114,0.3866915036738073
28684,0.6983333333333335,29,69,29,546415,59195,70619,37337,0.5483252436177702,0.3867836572328347
28685,0.6983787878787879,0,1,0,546416,59194,70619,37337,0.5483159805846827,0.3867876640664657
28686,0.6983809523809522,0,1,0,546417,59193,70619,37337,0.5483067175515951,0.38679167098311407
28687,0.698452380952381,0,1,0,546418,59192,70619,37337,0.5482974545185075,0.38679567798278236
28688,0.6984999999999999,2,11,2,546429,59181,70621,37335,0.5481955611545445,0.38682705458162375
28689,0.6985000000000001,0,1,0,546430,59180,70621,37335,0.5481862981214569,0.38683106252914057
28690,0.6985238095238097,0,1,0,546431,59179,70621,37335,0.5481770350883693,0.38683507055971156
28691,0.6985595238095239,0,1,0,546432,59178,70621,37335,0.5481677720552818,0.38683907867333933
28692,0.6985714285714286,0,3,0,546435,59175,70621,37335,0.5481399829560191,0.3868511035125894
28693,0.6985833333333333,0,3,0,546438,59172,70621,37335,0.5481121938567565,0.38686312909944354
28694,0.698597985347985,0,1,0,546439,59171,70621,37335,0.5481029308236689,0.3868671377945413
28695,0.6985984848484849,0,1,0,546440,59170,70621,37335,0.5480936677905813,0.38687114657271643
28696,0.6986190476190474,0,1,0,546441,59169,70621,37335,0.5480844047574938,0.38687515543397166
28697,0.6986190476190476,1,0,1,546441,59169,70622,37334,0.5480844047574938,0.38686880200615525
28698,0.6986190476190477,0,1,0,546442,59168,70622,37334,0.5480751417244062,0.3868728109261984
28699,0.6986428571428571,1,1,1,546443,59167,70623,37333,0.5480658786913187,0.3868704663212435
28700,0.698658424908425,0,1,0,546444,59166,70623,37333,0.5480566156582312,0.3868744753831646
28701,0.6986666666666665,1,2,1,546446,59164,70624,37332,0.548038089592056,0.38687613994362463
28702,0.6986666666666668,1,11,1,546457,59153,70625,37331,0.547936196228093,0.38691389245885327
28703,0.6986904761904763,1,0,1,546457,59153,70626,37330,0.547936196228093,0.3869075381155229
28704,0.6987142857142856,0,1,0,546458,59152,70626,37330,0.5479269331950054,0.3869115482680707
28705,0.69875,0,2,0,546460,59150,70626,37330,0.5479084071288303,0.3869195688225539
28706,0.6987500000000001,0,1,0,546461,59149,70626,37330,0.5478991440957427,0.38692357922449444
28707,0.6987698412698411,0,1,0,546462,59148,70626,37330,0.5478898810626551,0.3869275897095711
28708,0.6987738095238096,0,1,0,546463,59147,70626,37330,0.5478806180295676,0.3869316002777864
28709,0.6988095238095238,1,3,1,546466,59144,70627,37329,0.547852828930305,0.3869372777875675
28710,0.6988253968253967,0,1,0,546467,59143,70627,37329,0.5478435658972174,0.38694128866406835
28711,0.6988333333333333,0,7,0,546474,59136,70627,37329,0.5477787246656045,0.38696936712797386
28712,0.6988333333333334,1,2,1,546476,59134,70628,37328,0.5477601985994294,0.3869710352263067
28713,0.698857142857143,0,1,0,546477,59133,70628,37328,0.5477509355663418,0.3869750469101502
28714,0.6988809523809523,0,1,0,546478,59132,70628,37328,0.5477416725332543,0.38697905867717186
28715,0.6988888888888889,0,1,0,546479,59131,70628,37328,0.5477324095001668,0.38698307052737435
28716,0.6989166666666666,0,2,0,546481,59129,70628,37328,0.5477138834339916,0.3869910944773319
28717,0.6989285714285713,0,1,0,546482,59128,70628,37328,0.5477046204009041,0.38699510657709213
28718,0.6989502164502164,0,1,0,546483,59127,70628,37328,0.5476953573678165,0.38699911876004356
28719,0.6989761904761906,1,0,1,546483,59127,70629,37327,0.5476953573678165,0.3869927633898024
28720,0.699,0,4,0,546487,59123,70629,37327,0.5476583052354663,0.38700881285640226
28721,0.6990000000000001,8,29,8,546516,59094,70637,37319,0.5473896772759272,0.3870743571924948
28722,0.6990357142857144,0,1,0,546517,59093,70637,37319,0.5473804142428397,0.3870783719868896
28723,0.699047619047619,1,0,1,546517,59093,70638,37318,0.5473804142428397,0.3870720146041427
28724,0.6990833333333333,0,1,0,546518,59092,70638,37318,0.5473711512097521,0.3870760294575252
28725,0.6991071428571429,0,1,0,546519,59091,70638,37318,0.5473618881766645,0.3870800443941956
28726,0.6991230158730158,0,1,0,546520,59090,70638,37318,0.547352625143577,0.3870840594141565
28727,0.6991428571428571,1,0,1,546520,59090,70639,37317,0.547352625143577,0.38707770182663087
28728,0.6991666666666666,22,27,22,546547,59063,70661,37295,0.547102523250213,0.3870462234583532
28729,0.6991666666666667,12,24,12,546571,59039,70673,37283,0.5468802104561118,0.38706629845725793
28730,0.6992857142857142,0,1,0,546572,59038,70673,37283,0.5468709474230242,0.38707031696099503
28731,0.6992857142857143,0,2,0,546574,59036,70673,37283,0.5468524213568491,0.3870783542187938
28732,0.6992976190476189,0,2,0,546576,59034,70673,37283,0.5468338952906739,0.38708639181037613
28733,0.6993333333333333,0,5,0,546581,59029,70673,37283,0.5467875801252362,0.3871064872497716
28734,0.6993333333333334,9,15,9,546596,59014,70682,37274,0.5466486346289229,0.3871095048188767
28735,0.6993809523809524,0,1,0,546597,59013,70682,37274,0.5466393715958353,0.38711352519031644
28736,0.6994230769230769,0,1,0,546598,59012,70682,37274,0.5466301085627477,0.3871175456452651
28737,0.6994444444444444,0,1,0,546599,59011,70682,37274,0.5466208455296603,0.3871215661837254
28738,0.6995,2,9,2,546608,59002,70684,37272,0.5465374782318723,0.38714502357853625
28739,0.6995000000000001,1,0,1,546608,59002,70685,37271,0.5465374782318723,0.3871386577752849
28740,0.6995238095238094,0,2,0,546610,59000,70685,37271,0.5465189521656971,0.38714670046015937
28741,0.6995238095238097,0,1,0,546611,58999,70685,37271,0.5465096891326096,0.38715072192791106
28742,0.6995714285714285,0,3,0,546614,58996,70685,37271,0.546481900033347,0.3871627868324556
28743,0.6995833333333333,0,1,0,546615,58995,70685,37271,0.5464726370002594,0.38716680863440883
28744,0.6995833333333334,0,3,0,546618,58992,70685,37271,0.5464448479009967,0.38717887454162037
28745,0.6996428571428572,1,0,1,546618,58992,70686,37270,0.5464448479009967,0.38717250836259376
28746,0.6996626984126983,0,2,0,546620,58990,70686,37270,0.5464263218348216,0.38718055266985246
28747,0.6996666666666665,1,1,1,546621,58989,70687,37269,0.5464170588017341,0.38717820856448293
28748,0.6996666666666667,6,10,6,546631,58979,70693,37263,0.5463244284708585,0.3871802331622369
28749,0.6996666666666669,0,3,0,546634,58976,70693,37263,0.5462966393715958,0.3871923024969087
28750,0.6996904761904762,0,3,0,546637,58973,70693,37263,0.5462688502723332,0.38720437258406415
28751,0.6997142857142856,0,3,0,546640,58970,70693,37263,0.5462410611730705,0.38721644342377354
28752,0.6997619047619048,2,5,2,546645,58965,70695,37261,0.5461947460076327,0.38722382724003906
28753,0.6998333333333333,2,7,2,546652,58958,70697,37259,0.5461299047760199,0.3872392612532089
28754,0.6998492063492064,1,0,1,546652,58958,70698,37258,0.5461299047760199,0.3872328926581857
28755,0.6998809523809524,0,1,0,546653,58957,70698,37258,0.5461206417429323,0.38723691732058413
28756,0.6999285714285712,0,1,0,546654,58956,70698,37258,0.5461113787098447,0.3872409420666431
28757,0.6999285714285713,0,1,0,546655,58955,70698,37258,0.5461021156767571,0.38724496689636534
28758,0.6999523809523809,1,0,1,546655,58955,70699,37257,0.5461021156767571,0.38723859809587163
28759,0.6999999999999998,2,10,2,546665,58945,70701,37255,0.5460094853458817,0.38726611226611224
28760,0.7,689,1480,689,548145,57465,71390,36566,0.5323001963763014,0.38887175505950167
28761,0.7000000000000002,2,3,2,548148,57462,71392,36564,0.5322724072770388,0.3888711632952588
28762,0.7000714285714287,1,1,1,548149,57461,71393,36563,0.5322631442439513,0.38886879945545816
28763,0.7000833333333334,0,2,0,548151,57459,71393,36563,0.5322446181777761,0.3888770713237327
28764,0.7001071428571427,0,1,0,548152,57458,71393,36563,0.5322353551446886,0.38888120738983845
28765,0.7001190476190476,0,2,0,548154,57456,71393,36563,0.5322168290785134,0.3888894797860007
28766,0.7001666666666665,0,1,0,548155,57455,71393,36563,0.532207566045426,0.3888936161160629
28767,0.7001666666666666,4,8,4,548163,57447,71397,36559,0.5321334617807255,0.3889007084654171
28768,0.7001666666666668,1,2,1,548165,57445,71398,36558,0.5321149357145504,0.3889024818356861
28769,0.7001904761904761,1,0,1,548165,57445,71399,36557,0.5321149357145504,0.3888959809365758
28770,0.7002406204906205,2,3,2,548168,57442,71401,36555,0.5320871466152877,0.38889539027841313
28771,0.70025,0,3,0,548171,57439,71401,36555,0.5320593575160251,0.3889078026256995
28772,0.7002777777777777,1,0,1,548171,57439,71402,36554,0.5320593575160251,0.38890130116072474
28773,0.7002857142857144,0,1,0,548172,57438,71402,36554,0.5320500944829375,0.38890543876074557
28774,0.7003333333333334,5,5,5,548177,57433,71407,36549,0.5320037793174998,0.3888936179268371
28775,0.7003333333333335,1,1,1,548178,57432,71408,36548,0.5319945162844122,0.3888912534581826
28776,0.7003571428571428,1,1,1,548179,57431,71409,36547,0.5319852532513246,0.3888888888888889
28777,0.7003809523809522,1,0,1,548179,57431,71410,36546,0.5319852532513246,0.3888823861157517
28778,0.7003882783882784,0,1,0,548180,57430,71410,36546,0.531975990218237,0.38888652421894954
28779,0.7004047619047619,0,2,0,548182,57428,71410,36546,0.5319574641520619,0.38889480068955246
28780,0.7004166666666669,0,1,0,548183,57427,71410,36546,0.5319482011189745,0.38889893905696316
28781,0.7004603174603176,0,1,0,548184,57426,71410,36546,0.5319389380858869,0.3889030775124505
28782,0.7004761904761904,1,0,1,548184,57426,71411,36545,0.5319389380858869,0.388896574475104
28783,0.7004761904761905,1,2,1,548186,57424,71412,36544,0.5319204120197117,0.3888983483739145
28784,0.7004999999999998,0,1,0,548187,57423,71412,36544,0.5319111489866242,0.3889024870433237
28785,0.7005,6,9,6,548196,57414,71418,36538,0.5318277816888362,0.3889007152588556
28786,0.7005000000000001,0,1,0,548197,57413,71418,36538,0.5318185186557486,0.38890485465827934
28787,0.7006442307692308,1,0,1,548197,57413,71419,36537,0.5318185186557486,0.3888983501862693
28788,0.7006475468975469,0,4,0,548201,57409,71419,36537,0.5317814665233984,0.3889149085644945
28789,0.7006666666666664,0,1,0,548202,57408,71419,36537,0.5317722034903108,0.3889190483793709
28790,0.7006666666666667,8,18,8,548220,57390,71427,36529,0.5316054688947349,0.3889415347267326
28791,0.7006666666666668,3,2,3,548222,57388,71430,36526,0.5315869428285598,0.38893029793215067
28792,0.7006666666666669,1,0,1,548222,57388,71431,36525,0.5315869428285598,0.38892379116842185
28793,0.7007142857142857,2,2,2,548224,57386,71433,36523,0.5315684167623846,0.38891905994100673
28794,0.7007222222222222,0,1,0,548225,57385,71433,36523,0.5315591537292971,0.38892320143118797
28795,0.7008095238095237,0,2,0,548227,57383,71433,36523,0.531540627663122,0.3889314846761655
28796,0.7008333333333332,0,1,0,548228,57382,71433,36523,0.5315313646300345,0.38893562643096746
28797,0.7008333333333333,8,26,8,548254,57356,71441,36515,0.5312905257697581,0.38899127526073013
28798,0.7008333333333334,7,22,7,548276,57334,71448,36508,0.5310867390418319,0.38903689179685
28799,0.7008412698412698,0,1,0,548277,57333,71448,36508,0.5310774760087443,0.3890410374996004
28800,0.7008571428571428,1,0,1,548277,57333,71449,36507,0.5310774760087443,0.38903452685421996
28801,0.7008928571428572,0,1,0,548278,57332,71449,36507,0.5310682129756568,0.389038672620126
28802,0.7009523809523808,0,1,0,548279,57331,71449,36507,0.5310589499425692,0.38904281847439204
28803,0.700952380952381,1,2,1,548281,57329,71450,36506,0.531040423876394,0.3890445995630628
28804,0.701,9,23,9,548304,57306,71459,36497,0.5308273741153804,0.3890813726639873
28805,0.7010000000000001,3,2,3,548306,57304,71462,36494,0.5308088480492053,0.3890701294270667
28806,0.7010238095238095,1,1,1,548307,57303,71463,36493,0.5307995850161177,0.38906776408375626
28807,0.701047619047619,1,1,1,548308,57302,71464,36492,0.5307903219830301,0.38906539863957185
28808,0.7011111111111111,0,1,0,548309,57301,71464,36492,0.5307810589499425,0.38906954676788247
28809,0.7011190476190475,1,0,1,548309,57301,71465,36491,0.5307810589499425,0.389063033094507
28810,0.7011309523809522,1,0,1,548309,57301,71466,36490,0.5307810589499425,0.3890565192822339
28811,0.7011428571428573,0,1,0,548310,57300,71466,36490,0.530771795916855,0.3890606674485553
28812,0.7011666666666667,2,4,2,548314,57296,71468,36488,0.5307347437845048,0.389064232704939
28813,0.7011666666666669,0,1,0,548315,57295,71468,36488,0.5307254807514172,0.3890683812631287
28814,0.7011904761904763,1,0,1,548315,57295,71469,36487,0.5307254807514172,0.38906186688277067
28815,0.70125,2,1,2,548316,57294,71471,36485,0.5307162177183297,0.38905298627624524
28816,0.7013253968253969,0,1,0,548317,57293,71471,36485,0.5307069546852421,0.3890571349356992
28817,0.7013333333333333,4,14,4,548331,57279,71475,36481,0.5305772722220163,0.3890891638225256
28818,0.7013333333333334,1,0,1,548331,57279,71476,36480,0.5305772722220163,0.3890826480657857
28819,0.7013650793650793,1,0,1,548331,57279,71477,36479,0.5305772722220163,0.3890761321700548
28820,0.7013690476190475,0,1,0,548332,57278,71477,36479,0.5305680091889288,0.38908028200561023
28821,0.7013928571428572,1,0,1,548332,57278,71478,36478,0.5305680091889288,0.38907376594564613
28822,0.7014444444444444,1,0,1,548332,57278,71479,36477,0.5305680091889288,0.38906724974668017
28823,0.7014444444444446,2,0,2,548332,57278,71481,36475,0.5305680091889288,0.38905421693172487
28824,0.7014761904761905,0,3,0,548335,57275,71481,36475,0.5305402200896662,0.38906666666666667
28825,0.7014999999999999,0,2,0,548337,57273,71481,36475,0.530521694023491,0.3890749669326279
28826,0.7015,3,11,3,548348,57262,71484,36472,0.530419800659528,0.3891010732498346
28827,0.7015476190476191,0,1,0,548349,57261,71484,36472,0.5304105376264404,0.38910522441402706
28828,0.7015714285714286,1,0,1,548349,57261,71485,36471,0.5304105376264404,0.3890987069517347
28829,0.7015793650793651,1,0,1,548349,57261,71486,36470,0.5304105376264404,0.389092189350375
28830,0.7015833333333333,0,1,0,548350,57260,71486,36470,0.5304012745933528,0.38909634055265124
28831,0.7016190476190475,0,1,0,548351,57259,71486,36470,0.5303920115602653,0.38910049184350626
28832,0.7016190476190477,1,0,1,548351,57259,71487,36469,0.5303920115602653,0.3890939740525777
28833,0.7016428571428572,0,1,0,548352,57258,71487,36469,0.5303827485271777,0.38909812540676647
28834,0.7016666666666665,26,72,26,548424,57186,71513,36443,0.5297158101448738,0.38922769654701
28835,0.7016666666666667,21,49,21,548473,57137,71534,36422,0.5292619215235836,0.3892944559048301
28836,0.7017142857142857,0,1,0,548474,57136,71534,36422,0.5292526584904961,0.3892986169007461
28837,0.7017500000000001,1,3,1,548477,57133,71535,36421,0.5292248693912335,0.38930457276011715
28838,0.7018095238095238,1,1,1,548478,57132,71536,36420,0.5292156063581459,0.3893022062596203
28839,0.7018333333333332,0,2,0,548480,57130,71536,36420,0.5291970802919708,0.38931052912880815
28840,0.7018333333333334,3,7,3,548487,57123,71539,36417,0.5291322390603579,0.3893200769724182
28841,0.7018571428571428,0,1,0,548488,57122,71539,36417,0.5291229760272703,0.38932423908743946
28842,0.7018809523809523,1,0,1,548488,57122,71540,36416,0.5291229760272703,0.3893177104492292
28843,0.7019007936507937,0,1,0,548489,57121,71540,36416,0.5291137129941829,0.38932187262794404
28844,0.7019047619047618,1,0,1,548489,57121,71541,36415,0.5291137129941829,0.3893153438248375
28845,0.7019047619047619,1,1,1,548490,57120,71542,36414,0.5291044499610953,0.3893129770992366
28846,0.7019166666666665,1,0,1,548490,57120,71543,36413,0.5291044499610953,0.38930644799161795
28847,0.7019404761904763,0,1,0,548491,57119,71543,36413,0.5290951869280077,0.38931061027242014
28848,0.7019761904761904,1,1,1,548492,57118,71544,36412,0.5290859238949202,0.38930824334438147
28849,0.7019761904761905,0,2,0,548494,57116,71544,36412,0.529067397828745,0.389316568300402
28850,0.7019999999999998,0,4,0,548498,57112,71544,36412,0.5290303456963948,0.3893332192806125
28851,0.7020000000000001,4,22,4,548520,57090,71548,36408,0.5288265589684686,0.3893987037155875
28852,0.7020000000000002,0,1,0,548521,57089,71548,36408,0.5288172959353811,0.3894028685412366
28853,0.7020476190476191,0,1,0,548522,57088,71548,36408,0.5288080329022935,0.3894070334559767
28854,0.7020555555555554,0,1,0,548523,57087,71548,36408,0.5287987698692059,0.3894111984598107
28855,0.7021428571428571,0,2,0,548525,57085,71548,36408,0.5287802438030309,0.3894195287347716
28856,0.7021428571428572,0,6,0,548531,57079,71548,36408,0.5287246656045055,0.38944452169820404
28857,0.7021666666666665,0,2,0,548533,57077,71548,36408,0.5287061395383305,0.389452853398941
28858,0.7021666666666667,4,4,4,548537,57073,71552,36404,0.5286690874059802,0.38944339249227083
28859,0.7021904761904763,1,0,1,548537,57073,71553,36403,0.5286690874059802,0.3894368607984937
28860,0.7022142857142856,1,1,1,548538,57072,71554,36402,0.5286598243728926,0.3894344951537326
28861,0.7022499999999999,2,0,2,548538,57072,71556,36400,0.5286598243728926,0.38942143101677507
28862,0.7022619047619049,0,2,0,548540,57070,71556,36400,0.5286412983067176,0.3894297635605007
28863,0.7023333333333333,2,1,2,548541,57069,71558,36398,0.52863203527363,0.38942086511817003
28864,0.7023333333333334,5,19,5,548560,57050,71563,36393,0.5284560376449665,0.38946737583339575
28865,0.7023333333333335,1,2,1,548562,57048,71564,36392,0.5284375115787914,0.3894691780821918
28866,0.702388888888889,0,1,0,548563,57047,71564,36392,0.5284282485457038,0.3894733462472843
28867,0.7024166666666667,0,1,0,548564,57046,71564,36392,0.5284189855126162,0.3894775145015946
28868,0.7024350649350649,0,2,0,548566,57044,71564,36392,0.5284004594464411,0.38948585127788005
28869,0.7024404761904762,0,1,0,548567,57043,71564,36392,0.5283911964133536,0.38949001979986086
28870,0.7024523809523809,0,1,0,548568,57042,71564,36392,0.5283819333802661,0.3894941884110709
28871,0.7025,52,93,52,548661,56949,71616,36340,0.5275204713031235,0.3895421753904533
28872,0.7025000000000001,1,2,1,548663,56947,71617,36339,0.5275019452369484,0.3895439830199601
28873,0.7025238095238094,2,0,2,548663,56947,71619,36337,0.5275019452369484,0.3895308949015908
28874,0.7025476190476191,0,1,0,548664,56946,71619,36337,0.5274926822038608,0.38953507069884113
28875,0.7025714285714285,1,0,1,548664,56946,71620,36336,0.5274926822038608,0.3895285264038078
28876,0.7025833333333332,0,3,0,548667,56943,71620,36336,0.5274648931045982,0.3895410542565851
28877,0.7026190476190476,0,3,0,548670,56940,71620,36336,0.5274371040053355,0.38955358291521935
28878,0.702642857142857,0,1,0,548671,56939,71620,36336,0.5274278409722479,0.3895577593138569
28879,0.7026507936507939,1,1,1,548672,56938,71621,36335,0.5274185779391604,0.38955539116357357
28880,0.7026666666666666,0,2,0,548674,56936,71621,36335,0.5274000518729853,0.38956374435783897
28881,0.7026666666666667,10,10,10,548684,56926,71631,36325,0.5273074215421097,0.3895400585516509
28882,0.7026666666666668,0,4,0,548688,56922,71631,36325,0.5272703694097596,0.38955676858236726
28883,0.7027164502164502,2,1,2,548689,56921,71633,36323,0.527261106376672,0.3895478529449616
28884,0.7027380952380952,1,1,1,548690,56920,71634,36322,0.5272518433435844,0.3895454837948564
28885,0.7027460317460317,0,1,0,548691,56919,71634,36322,0.5272425803104969,0.38954966162954063
28886,0.702761904761905,0,6,0,548697,56913,71634,36322,0.5271870021119716,0.38957473051965463
28887,0.7027777777777777,0,1,0,548698,56912,71634,36322,0.527177739078884,0.38957890898170194
28888,0.7027896825396824,0,4,0,548702,56908,71634,36322,0.5271406869465338,0.3895956237262684
28889,0.7028095238095237,0,1,0,548703,56907,71634,36322,0.5271314239134463,0.38959980263651867
28890,0.7028333333333332,0,2,0,548705,56905,71634,36322,0.5271128978472711,0.38960816072596993
28891,0.7028333333333333,1,8,1,548713,56897,71635,36321,0.5270387935825707,0.38963504902486645
28892,0.7028333333333334,1,4,1,548717,56893,71636,36320,0.5270017414502205,0.3896452211601386
28893,0.7028333333333336,0,1,0,548718,56892,71636,36320,0.5269924784171329,0.38964940136463116
28894,0.7028434343434344,1,2,1,548720,56890,71637,36319,0.5269739523509578,0.38965121393856816
28895,0.7028571428571427,2,5,2,548725,56885,71639,36317,0.52692763718552,0.3896590201926997
28896,0.702857142857143,0,1,0,548726,56884,71639,36317,0.5269183741524325,0.38966320103861546
28897,0.7028809523809523,0,1,0,548727,56883,71639,36317,0.5269091111193449,0.38966738197424894
28898,0.7028809523809524,2,0,2,548727,56883,71641,36315,0.5269091111193449,0.3896542844267044
28899,0.702888888888889,0,1,0,548728,56882,71641,36315,0.5268998480862573,0.3896584654012468
28900,0.7028968253968254,0,1,0,548729,56881,71641,36315,0.5268905850531698,0.3896626464655135
28901,0.702904761904762,0,2,0,548731,56879,71641,36315,0.5268720589869947,0.3896710088632315
28902,0.7029166666666665,2,1,2,548732,56878,71643,36313,0.5268627959539072,0.38966209183290235
28903,0.7029166666666667,0,1,0,548733,56877,71643,36313,0.5268535329208196,0.3896662732052795
28904,0.7029303751803749,0,2,0,548735,56875,71643,36313,0.5268350068546445,0.3896746362192557
28905,0.702952380952381,1,0,1,548735,56875,71644,36312,0.5268350068546445,0.3896680867502978
28906,0.7029761904761906,1,1,1,548736,56874,71645,36311,0.5268257438215569,0.38966571873155553
28907,0.703,5,15,5,548751,56859,71650,36306,0.5266867983252436,0.3896957011753341
28908,0.7030000000000001,1,1,1,548752,56858,71651,36305,0.5266775352921561,0.389693333190215
28909,0.7030555555555555,0,2,0,548754,56856,71651,36305,0.526659009225981,0.3897016992088964
28910,0.7030714285714285,0,1,0,548755,56855,71651,36305,0.5266497461928934,0.3897058823529412
28911,0.7031626984126986,0,2,0,548757,56853,71651,36305,0.5266312201267183,0.3897142489104532
28912,0.7031666666666666,0,5,0,548762,56848,71651,36305,0.5265849049612805,0.3897351668759997
28913,0.7031666666666667,2,3,2,548765,56845,71653,36303,0.5265571158620178,0.3897346158801048
28914,0.7032142857142857,0,3,0,548768,56842,71653,36303,0.5265293267627552,0.3897471683933652
28915,0.7032440476190476,1,1,1,548769,56841,71654,36302,0.5265200637296676,0.38974480100490644
28916,0.7033333333333333,37,116,37,548885,56725,71691,36265,0.5254455518915113,0.38998817077105064
28917,0.7033333333333335,62,146,62,549031,56579,71753,36203,0.5240931490607285,0.39019421870621457
28918,0.7033809523809524,0,1,0,549032,56578,71753,36203,0.5240838860276409,0.39019842424634354
28919,0.7033917748917747,0,1,0,549033,56577,71753,36203,0.5240746229945533,0.39020262987712867
28920,0.7034047619047619,1,0,1,549033,56577,71754,36202,0.5240746229945533,0.3901960572974488
28921,0.7034444444444443,0,1,0,549034,56576,71754,36202,0.5240653599614657,0.39020026299338206
28922,0.703452380952381,1,3,1,549037,56573,71755,36201,0.5240375708622032,0.3902063078017548
28923,0.7034677871148459,1,0,1,549037,56573,71756,36200,0.5240375708622032,0.3901997348366443
28924,0.7034761904761905,0,1,0,549038,56572,71756,36200,0.5240283078291156,0.3902039408442202
28925,0.7034999999999998,0,1,0,549039,56571,71756,36200,0.524019044796028,0.39020814694247125
28926,0.7034999999999999,5,14,5,549053,56557,71761,36195,0.5238893623328023,0.39023417284802486
28927,0.7035000000000001,1,2,1,549055,56555,71762,36194,0.5238708362666271,0.3902360133262892
28928,0.703547619047619,0,1,0,549056,56554,71762,36194,0.5238615732335395,0.39024022081338683
28929,0.7035714285714286,1,2,1,549058,56552,71763,36193,0.5238430471673645,0.3902420615666613
28930,0.7035833333333333,2,1,2,549059,56551,71765,36191,0.523833784134277,0.39023311983782966
28931,0.7036111111111112,0,1,0,549060,56550,71765,36191,0.5238245211011894,0.3902373276113046
28932,0.7036190476190476,0,1,0,549061,56549,71765,36191,0.5238152580681018,0.390241535475523
28933,0.7036190476190477,0,1,0,549062,56548,71765,36191,0.5238059950350142,0.39024574343048773
28934,0.7036309523809524,2,1,2,549063,56547,71767,36189,0.5237967320019267,0.39023680124223603
28935,0.7036428571428571,0,1,0,549064,56546,71767,36189,0.5237874689688392,0.39024100932765404
28936,0.7036666666666666,0,7,0,549071,56539,71767,36189,0.5237226277372263,0.390270468466914
28937,0.7036666666666668,5,8,5,549079,56531,71772,36184,0.5236485234725259,0.3902712613924392
28938,0.7036666666666669,0,2,0,549081,56529,71772,36184,0.5236299974063507,0.390279680303733
28939,0.7037386363636364,1,2,1,549083,56527,71773,36183,0.5236114713401756,0.3902815230287995
28940,0.70375,0,4,0,549087,56523,71773,36183,0.5235744192078254,0.39029836256552974
28941,0.7037539682539682,0,1,0,549088,56522,71773,36183,0.5235651561747379,0.3903025726767704
28942,0.7038095238095238,0,3,0,549091,56519,71773,36183,0.5235373670754752,0.39031520355547883
28943,0.7038333333333333,2,4,2,549095,56515,71775,36181,0.523500314943125,0.390318891861569
28944,0.7038333333333334,1,4,1,549099,56511,71776,36180,0.5234632628107747,0.3903291581706962
28945,0.7038571428571428,1,3,1,549102,56508,71777,36179,0.5234354737115121,0.3903352142155858
28946,0.7038888888888889,0,1,0,549103,56507,71777,36179,0.5234262106784245,0.39033942558746737
28947,0.703952380952381,0,1,0,549104,56506,71777,36179,0.523416947645337,0.3903436370502239
28948,0.7039642857142857,0,1,0,549105,56505,71777,36179,0.5234076846122494,0.3903478486038583
28949,0.7039761904761906,0,1,0,549106,56504,71777,36179,0.5233984215791618,0.3903520602483735
28950,0.704,2,2,2,549108,56502,71779,36177,0.5233798955129868,0.3903473278736283
28951,0.7040000000000001,12,45,12,549153,56457,71791,36165,0.5229630590240468,0.3904579905422038
28952,0.7040357142857144,0,1,0,549154,56456,71791,36165,0.5229537959909593,0.3904622061951393
28953,0.704047619047619,0,4,0,549158,56452,71791,36165,0.5229167438586091,0.3904790697172225
28954,0.7040476190476191,0,1,0,549159,56451,71791,36165,0.5229074808255215,0.39048328582534336
28955,0.7040595238095235,1,1,1,549160,56450,71792,36164,0.522898217792434,0.39048092081110847
28956,0.7040833333333333,0,1,0,549161,56449,71792,36164,0.5228889547593464,0.39048513707578847
28957,0.704126984126984,0,1,0,549162,56448,71792,36164,0.5228796917262588,0.39048935343152075
28958,0.7041666666666666,12,28,12,549190,56420,71804,36152,0.5226203267998073,0.39052845352806465
28959,0.7041666666666667,4,26,4,549216,56394,71808,36148,0.5223794879395309,0.39061183030407814
28960,0.7041666666666668,1,0,1,549216,56394,71809,36147,0.5223794879395309,0.3906052452426492
28961,0.7041904761904761,0,1,0,549217,56393,71809,36147,0.5223702249064434,0.39060946617678843
28962,0.7042263292263291,1,1,1,549218,56392,71810,36146,0.5223609618733558,0.39060710194730813
28963,0.7042857142857143,1,5,1,549223,56387,71811,36145,0.522314646707918,0.39062162278995377
28964,0.7043087468087468,2,2,2,549225,56385,71813,36143,0.5222961206417429,0.3906168943454954
28965,0.7043095238095237,1,3,1,549228,56382,71814,36142,0.5222683315424803,0.3906229734987679
28966,0.7043333333333333,0,8,0,549236,56374,71814,36142,0.5221942272777799,0.3906567512646461
28967,0.7043333333333334,3,13,3,549249,56361,71817,36139,0.5220738078476417,0.3906918918918919
28968,0.7043809523809521,0,1,0,549250,56360,71817,36139,0.5220645448145541,0.3906961156336825
28969,0.7043809523809524,0,1,0,549251,56359,71817,36139,0.5220552817814665,0.3907003394667993
28970,0.7044047619047619,0,1,0,549252,56358,71817,36139,0.522046018748379,0.3907045633912451
28971,0.704424603174603,0,1,0,549253,56357,71817,36139,0.5220367557152914,0.39070878740702303
28972,0.7044523809523809,1,0,1,549253,56357,71818,36138,0.5220367557152914,0.39070220011892537
28973,0.7044761904761905,1,0,1,549253,56357,71819,36137,0.5220367557152914,0.3906956126883906
28974,0.7044999999999999,0,1,0,549254,56356,71819,36137,0.5220274926822038,0.3906998367444023
28975,0.7045,0,9,0,549263,56347,71819,36137,0.5219441253844159,0.39073785735911076
28976,0.7045238095238092,1,3,1,549266,56344,71820,36136,0.5219163362851532,0.3907439446366782
28977,0.7045238095238097,0,1,0,549267,56343,71820,36136,0.5219070732520656,0.39074816985477784
28978,0.7045555555555556,0,1,0,549268,56342,71820,36136,0.5218978102189781,0.3907523951642553
28979,0.7045833333333335,1,1,1,549269,56341,71821,36135,0.5218885471858905,0.3907500324408495
28980,0.7045873015873014,0,1,0,549270,56340,71821,36135,0.521879284152803,0.3907542579075426
28981,0.7045992063492064,0,3,0,549273,56337,71821,36135,0.5218514950535403,0.39076693485595637
28982,0.7046153846153845,0,1,0,549274,56336,71821,36135,0.5218422320204528,0.39077116068821577
28983,0.7046428571428572,1,2,1,549276,56334,71822,36134,0.5218237059542776,0.3907730241813384
28984,0.7046666666666666,2,3,2,549279,56331,71824,36132,0.521795916855015,0.39077252522630673
28985,0.7046666666666667,2,15,2,549294,56316,71826,36130,0.5216569713587017,0.39082275057871624
28986,0.7046666666666668,0,1,0,549295,56315,71826,36130,0.5216477083256141,0.390826978203256
28987,0.7047142857142856,0,1,0,549296,56314,71826,36130,0.5216384452925266,0.39083120591925924
28988,0.7047142857142858,1,0,1,549296,56314,71827,36129,0.5216384452925266,0.3908246162500135
28989,0.7047222222222222,1,1,1,549297,56313,71828,36128,0.521629182259439,0.39082225419456734
28990,0.7047246919746919,0,4,0,549301,56309,71828,36128,0.5215921301270888,0.3908391661347729
28991,0.7047380952380952,0,1,0,549302,56308,71828,36128,0.5215828670940013,0.3908433943485222
28992,0.70475,1,0,1,549302,56308,71829,36127,0.5215828670940013,0.39083680424081785
28993,0.704781746031746,1,3,1,549305,56305,71830,36126,0.5215550779947385,0.39084289902738256
28994,0.7047857142857142,0,1,0,549306,56304,71830,36126,0.5215458149616511,0.3908471275559883
28995,0.7048333333333332,1,1,1,549307,56303,71831,36125,0.5215365519285635,0.3908447656554291
28996,0.7048333333333333,0,10,0,549317,56293,71831,36125,0.5214439215976879,0.39088705663398904
28997,0.7048412698412698,0,1,0,549318,56292,71831,36125,0.5214346585646004,0.39089128623521646
28998,0.7048730158730158,0,2,0,549320,56290,71831,36125,0.5214161324984253,0.39089974571227615
28999,0.7049404761904762,1,0,1,549320,56290,71832,36124,0.5214161324984253,0.3908931547168178
29000,0.7049523809523811,1,3,1,549323,56287,71833,36123,0.5213883433991626,0.390899253327562
29001,0.7049642857142857,0,1,0,549324,56286,71833,36123,0.521379080366075,0.3909034834269389
29002,0.7049999999999998,0,3,0,549327,56283,71833,36123,0.5213512912668125,0.3909161742743978
29003,0.705,225,411,225,549738,55872,72058,35898,0.5175441846678276,0.3911735861392612
29004,0.7050000000000002,4,2,4,549740,55870,72062,35894,0.5175256586016526,0.3911555729915871
29005,0.7051190476190476,0,2,0,549742,55868,72062,35894,0.5175071325354774,0.3911640984285434
29006,0.7051190476190478,0,1,0,549743,55867,72062,35894,0.5174978695023899,0.39116836128638527
29007,0.7051428571428571,0,1,0,549744,55866,72062,35894,0.5174886064693023,0.3911726242371404
29008,0.7051666666666666,3,8,3,549752,55858,72065,35891,0.5174145022046018,0.39118682492452234
29009,0.7051666666666668,1,4,1,549756,55854,72066,35890,0.5173774500722517,0.3911972445064527
29010,0.7051904761904763,0,1,0,549757,55853,72066,35890,0.5173681870391641,0.3912015085619611
29011,0.7052142857142857,2,0,2,549757,55853,72068,35888,0.5173681870391641,0.39118823644826195
29012,0.7052222222222221,1,0,1,549757,55853,72069,35887,0.5173681870391641,0.39118160017440595
29013,0.7052380952380952,0,2,0,549759,55851,72069,35887,0.517349660972989,0.3911901284091652
29014,0.7052619047619048,0,1,0,549760,55850,72069,35887,0.5173403979399014,0.3911943926659908
29015,0.7052857142857144,1,1,1,549761,55849,72070,35886,0.5173311349068139,0.3911920204938137
29016,0.7053095238095238,0,1,0,549762,55848,72070,35886,0.5173218718737264,0.3911962849107201
29017,0.7053333333333334,4,8,4,549770,55840,72074,35882,0.5172477676090259,0.3912038551274503
29018,0.7053333333333335,0,2,0,549772,55838,72074,35882,0.5172292415428508,0.39121238552115134
29019,0.7053571428571428,0,2,0,549774,55836,72074,35882,0.5172107154766756,0.3912209162868793
29020,0.7053571428571429,0,1,0,549775,55835,72074,35882,0.5172014524435882,0.3912251818092611
29021,0.7053809523809522,0,1,0,549776,55834,72074,35882,0.5171921894105006,0.3912294474246587
29022,0.7054285714285714,0,1,0,549777,55833,72074,35882,0.517182926377413,0.3912337131330753
29023,0.7054318181818182,0,1,0,549778,55832,72074,35882,0.5171736633443255,0.39123797893451384
29024,0.7054761904761905,0,2,0,549780,55830,72074,35882,0.5171551372781503,0.39124651081646894
29025,0.7055,4,11,4,549791,55819,72078,35878,0.5170532439141873,0.3912668898655354
29026,0.7055000000000001,0,1,0,549792,55818,72078,35878,0.5170439808810997,0.3912711568661665
29027,0.705515873015873,0,1,0,549793,55817,72078,35878,0.5170347178480121,0.391275423959867
29028,0.7055238095238096,0,1,0,549794,55816,72078,35878,0.5170254548149246,0.3912796911466399
29029,0.7055714285714285,0,1,0,549795,55815,72078,35878,0.517016191781837,0.3912839584264884
29030,0.7055833333333336,0,2,0,549797,55813,72078,35878,0.516997665715662,0.3912924932654241
29031,0.7056190476190477,1,0,1,549797,55813,72079,35877,0.516997665715662,0.39128585450976117
29032,0.7056547619047621,0,1,0,549798,55812,72079,35877,0.5169884026825744,0.3912901220429932
29033,0.7056666666666664,0,1,0,549799,55811,72079,35877,0.5169791396494868,0.39129438966931335
29034,0.7056666666666667,4,10,4,549809,55801,72083,35873,0.5168865093186112,0.3913105133407509
29035,0.7056666666666668,1,2,1,549811,55799,72084,35872,0.5168679832524362,0.3913124106860403
29036,0.7057049062049061,0,2,0,549813,55797,72084,35872,0.5168494571862611,0.39132094819404595
29037,0.7057142857142857,3,6,3,549819,55791,72087,35869,0.5167938789877358,0.3913266419375955
29038,0.7057499999999999,0,1,0,549820,55790,72087,35869,0.5167846159546482,0.3913309113125825
29039,0.70575,0,1,0,549821,55789,72087,35869,0.5167753529215606,0.3913351807807284
29040,0.7057857142857143,0,2,0,549823,55787,72087,35869,0.5167568268553855,0.3913437199965087
29041,0.7058333333333333,11,27,11,549850,55760,72098,35858,0.5165067249620215,0.39138597218887117
29042,0.7058333333333334,13,25,13,549875,55735,72111,35845,0.5162751491348327,0.391406420615855
29043,0.7058571428571427,0,1,0,549876,55734,72111,35845,0.5162658861017452,0.3914106945915548
29044,0.705888888888889,1,0,1,549876,55734,72112,35844,0.5162658861017452,0.3914040490074035
29045,0.7059166666666665,0,1,0,549877,55733,72112,35844,0.5162566230686576,0.3914083230505476
29046,0.7059166666666666,0,1,0,549878,55732,72112,35844,0.51624736003557,0.3914125971870359
29047,0.705952380952381,0,1,0,549879,55731,72112,35844,0.5162380970024825,0.3914168714168714
29048,0.7059563492063491,1,0,1,549879,55731,72113,35843,0.5162380970024825,0.39141022560988925
29049,0.7059711399711397,1,0,1,549879,55731,72114,35842,0.5162380970024825,0.3914035796577594
29050,0.7059756354756351,1,2,1,549881,55729,72115,35841,0.5162195709363074,0.39140548214480725
29051,0.706,17,39,17,549920,55690,72132,35824,0.5158583126458928,0.39145923028170554
29052,0.7060000000000001,1,6,1,549926,55684,72133,35823,0.5158027344473675,0.39147824756576
29053,0.7060411255411253,0,2,0,549928,55682,72133,35823,0.5157842083811923,0.3914868039997814
29054,0.7060714285714286,0,1,0,549929,55681,72133,35823,0.5157749453481048,0.39149108235705543
29055,0.706126984126984,0,1,0,549930,55680,72133,35823,0.5157656823150172,0.39149536080784236
29056,0.7061666666666666,1,2,1,549932,55678,72134,35822,0.5157471562488422,0.39149726775956284
29057,0.7061666666666667,3,9,3,549941,55669,72137,35819,0.5156637889510541,0.391515827212312
29058,0.706190476190476,0,1,0,549942,55668,72137,35819,0.5156545259179666,0.39152010668182363
29059,0.7061904761904763,0,1,0,549943,55667,72137,35819,0.515645262884879,0.39152438624488994
29060,0.7062222222222222,1,0,1,549943,55667,72138,35818,0.515645262884879,0.39151773514783844
29061,0.70625,0,2,0,549945,55665,72138,35818,0.515626736818704,0.3915262945028038
29062,0.7062857142857142,0,1,0,549946,55664,72138,35818,0.5156174737856164,0.3915305743206314
29063,0.7063134920634921,0,1,0,549947,55663,72138,35818,0.5156082107525288,0.39153485423202633
29064,0.7063333333333333,5,4,5,549951,55659,72143,35813,0.5155711586201785,0.39151871610984784
29065,0.7063333333333334,1,2,1,549953,55657,72144,35812,0.5155526325540035,0.3915206244738655
29066,0.706404761904762,0,1,0,549954,55656,72144,35812,0.515543369520916,0.39152490488476843
29067,0.7064166666666667,0,1,0,549955,55655,72144,35812,0.5155341064878284,0.39152918538926607
29068,0.7064166666666668,0,1,0,549956,55654,72144,35812,0.5155248434547408,0.39153346598736144
29069,0.7064285714285714,0,3,0,549959,55651,72144,35812,0.5154970543554782,0.3915463083432645
29070,0.7064444444444444,0,1,0,549960,55650,72144,35812,0.5154877913223906,0.3915505893157814
29071,0.7064469696969695,1,0,1,549960,55650,72145,35811,0.5154877913223906,0.3915439367599305
29072,0.7064705882352941,0,1,0,549961,55649,72145,35811,0.5154785282893031,0.3915482178001312
29073,0.7064999999999999,0,1,0,549962,55648,72145,35811,0.5154692652562155,0.39155249893394856
29074,0.7065,1,7,1,549969,55641,72146,35810,0.5154044240246026,0.39157581655750073
29075,0.7065238095238096,0,3,0,549972,55638,72146,35810,0.5153766349253399,0.39158866240923806
29076,0.7065436507936507,0,3,0,549975,55635,72146,35810,0.5153488458260773,0.3916015091038329
29077,0.7066190476190477,0,2,0,549977,55633,72146,35810,0.5153303197599022,0.3916100740351913
29078,0.7066666666666666,70,147,70,550124,55486,72216,35740,0.5139686538960317,0.39177427487777605
29079,0.7066666666666667,39,100,39,550224,55386,72255,35701,0.5130423505872763,0.3919439656592049
29080,0.70675,1,0,1,550224,55386,72256,35700,0.5130423505872763,0.3919372900335946
29081,0.7067857142857144,2,1,2,550225,55385,72258,35698,0.5130330875541887,0.391928241274442
29082,0.7068095238095239,1,0,1,550225,55385,72259,35697,0.5130330875541887,0.3919215651830219
29083,0.7068116883116883,0,1,0,550226,55384,72259,35697,0.5130238245211012,0.39192586818326547
29084,0.7068333333333332,1,0,1,550226,55384,72260,35696,0.5130238245211012,0.39191919191919194
29085,0.7068333333333334,2,7,2,550233,55377,72262,35694,0.5129589832894883,0.39193596205158615
29086,0.70685101010101,0,1,0,550234,55376,72262,35694,0.5129497202564007,0.3919402657296585
29087,0.7068571428571429,3,1,3,550235,55375,72265,35691,0.5129404572233132,0.3919245382469857
29088,0.706857142857143,0,2,0,550237,55373,72265,35691,0.5129219311571381,0.3919331459193534
29089,0.7068636363636364,0,2,0,550239,55371,72265,35691,0.512903405090963,0.3919417539698228
29090,0.7068888888888888,0,1,0,550240,55370,72265,35691,0.5128941420578754,0.3919460581368533
29091,0.7069047619047619,0,1,0,550241,55369,72265,35691,0.5128848790247879,0.39195036239841863
29092,0.706904761904762,0,1,0,550242,55368,72265,35691,0.5128756159917003,0.3919546667545218
29093,0.706952380952381,0,1,0,550243,55367,72265,35691,0.5128663529586127,0.39195897120516593
29094,0.7069563492063492,0,1,0,550244,55366,72265,35691,0.5128570899255253,0.39196327575035417
29095,0.7069999999999999,0,2,0,550246,55364,72265,35691,0.5128385638593501,0.39197188512437536
29096,0.7070000000000001,8,17,8,550263,55347,72273,35683,0.5126810922968617,0.3919916511040316
29097,0.7070000000000002,2,0,2,550263,55347,72275,35681,0.5126810922968617,0.39197829239354925
29098,0.7070833333333333,0,1,0,550264,55346,72275,35681,0.5126718292637741,0.39198259856965517
29099,0.7070833333333334,0,1,0,550265,55345,72275,35681,0.5126625662306866,0.3919869048403753
29100,0.7070952380952381,1,0,1,550265,55345,72276,35680,0.5126625662306866,0.39198022521285364
29101,0.7070952380952383,0,1,0,550266,55344,72276,35680,0.512653303197599,0.3919845315521181
29102,0.7071190476190476,0,1,0,550267,55343,72276,35680,0.5126440401645115,0.39198883798600354
29103,0.7071428571428571,0,1,0,550268,55342,72276,35680,0.5126347771314239,0.39199314451451295
29104,0.7071428571428572,0,2,0,550270,55340,72276,35680,0.5126162510652488,0.3920017578554164
29105,0.7071666666666667,2,6,2,550276,55334,72278,35678,0.5125606728667235,0.3920142398804553
29106,0.7071666666666668,1,0,1,550276,55334,72279,35677,0.5125606728667235,0.3920075595257716
29107,0.7072142857142858,1,0,1,550276,55334,72280,35676,0.5125606728667235,0.39200087902428304
29108,0.7073333333333331,2,3,2,550279,55331,72282,35674,0.5125328837674609,0.3920004395362892
29109,0.7073333333333334,3,14,3,550293,55317,72285,35671,0.5124032013042351,0.3920407086648789
29110,0.7073333333333335,1,2,1,550295,55315,72286,35670,0.51238467523806,0.39204264439193276
29111,0.7073412698412699,1,3,1,550298,55312,72287,35669,0.5123568861387973,0.39204888932854115
29112,0.7073809523809522,1,1,1,550299,55311,72288,35668,0.5123476231057097,0.39204651622901987
29113,0.7073809523809524,1,2,1,550301,55309,72289,35667,0.5123290970395347,0.3920484523390784
29114,0.7074047619047619,0,1,0,550302,55308,72289,35667,0.5123198340064471,0.3920527617477329
29115,0.7074999999999999,1,7,1,550309,55301,72290,35666,0.5122549927748342,0.3920762474303868
29116,0.7075,44,150,44,550459,55151,72334,35622,0.5108655378117011,0.39242946691196723
29117,0.7075000000000001,0,2,0,550461,55149,72334,35622,0.5108470117455259,0.392438113494398
29118,0.7075238095238094,0,1,0,550462,55148,72334,35622,0.5108377487124384,0.3924424369285006
29119,0.7075714285714285,0,1,0,550463,55147,72334,35622,0.5108284856793508,0.3924467604578656
29120,0.7076190476190476,1,0,1,550463,55147,72335,35621,0.5108284856793508,0.3924400669839591
29121,0.7076190476190477,1,0,1,550463,55147,72336,35620,0.5108284856793508,0.3924333733625657
29122,0.7076428571428574,0,1,0,550464,55146,72336,35620,0.5108192226462633,0.39243769693497565
29123,0.7076666666666666,0,1,0,550465,55145,72336,35620,0.5108099596131758,0.3924420206026552
29124,0.7076666666666667,3,13,3,550478,55132,72339,35617,0.5106895401830376,0.3924781540292455
29125,0.7076666666666668,1,3,1,550481,55129,72340,35616,0.5106617510837749,0.3924844344040994
29126,0.7077142857142857,0,1,0,550482,55128,72340,35616,0.5106524880506873,0.39248875958741075
29127,0.7077380952380952,1,0,1,550482,55128,72341,35615,0.5106524880506873,0.3924820647322658
29128,0.7077777777777777,1,0,1,550482,55128,72342,35614,0.5106524880506873,0.39247536972956293
29129,0.7077857142857144,1,1,1,550483,55127,72343,35613,0.5106432250175997,0.39247299977959005
29130,0.707797619047619,0,1,0,550484,55126,72343,35613,0.5106339619845122,0.3924773250752157
29131,0.7078095238095239,0,1,0,550485,55125,72343,35613,0.5106246989514247,0.39248165046617733
29132,0.7078333333333333,2,10,2,550495,55115,72345,35611,0.5105320686205491,0.39251151819765007
29133,0.7078333333333334,0,4,0,550499,55111,72345,35611,0.510495016488199,0.3925288243204515
29134,0.7078571428571427,1,0,1,550499,55111,72346,35610,0.510495016488199,0.39252212828341837
29135,0.7078582251082248,0,1,0,550500,55110,72346,35610,0.5104857534551114,0.392526455026455
29136,0.7078888888888889,0,2,0,550502,55108,72346,35610,0.5104672273889362,0.39253510879869485
29137,0.7079047619047618,0,1,0,550503,55107,72346,35610,0.5104579643558487,0.39253943582790435
29138,0.7079166666666665,0,1,0,550504,55106,72346,35610,0.5104487013227611,0.39254376295251114
29139,0.7079191919191921,0,1,0,550505,55105,72346,35610,0.5104394382896735,0.39254809017251835
29140,0.7079487179487179,0,1,0,550506,55104,72346,35610,0.5104301752565861,0.3925524174879291
29141,0.7079523809523809,0,1,0,550507,55103,72346,35610,0.5104209122234985,0.3925567448987466
29142,0.7079761904761903,0,2,0,550509,55101,72346,35610,0.5104023861573234,0.39256540000661444
29143,0.7079880952380952,0,1,0,550510,55100,72346,35610,0.5103931231242358,0.39256972770367105
29144,0.708,13,32,13,550542,55068,72359,35597,0.5100967060654341,0.39262118788948325
29145,0.7080000000000001,1,0,1,550542,55068,72360,35596,0.5100967060654341,0.3926144886614312
29146,0.7080555555555554,0,1,0,550543,55067,72360,35596,0.5100874430323465,0.3926188191434212
29147,0.7081190476190475,0,1,0,550544,55066,72360,35596,0.510078179999259,0.39262314972094153
29148,0.7081190476190478,0,1,0,550545,55065,72360,35596,0.5100689169661714,0.3926274803939952
29149,0.7081212121212122,0,2,0,550547,55063,72360,35596,0.5100503908999963,0.3926361420267155
29150,0.7081428571428572,1,0,1,550547,55063,72361,35595,0.5100503908999963,0.3926294425202409
29151,0.7081666666666666,1,9,1,550556,55054,72362,35594,0.5099670236022084,0.39266172447268555
29152,0.7081666666666667,1,4,1,550560,55050,72363,35593,0.5099299714698581,0.39267235197422856
29153,0.7081785714285713,1,0,1,550560,55050,72364,35592,0.5099299714698581,0.3926656516846495
29154,0.70825,0,1,0,550561,55049,72364,35592,0.5099207084367705,0.3926699837821736
29155,0.7083008658008657,0,1,0,550562,55048,72364,35592,0.5099114454036829,0.39267431597528685
29156,0.7083333333333333,29,59,29,550621,54989,72393,35563,0.5093649264515173,0.39273566569484936
29157,0.7083333333333335,27,69,27,550690,54920,72420,35536,0.508725777168476,0.3928539842575396
29158,0.7084523809523812,0,1,0,550691,54919,72420,35536,0.5087165141353885,0.39285832734508874
29159,0.7084761904761904,0,3,0,550694,54916,72420,35536,0.5086887250361258,0.39287135718392074
29160,0.7084761904761906,0,1,0,550695,54915,72420,35536,0.5086794620030383,0.39287570065560357
29161,0.7084999999999999,4,8,4,550703,54907,72424,35532,0.5086053577383378,0.3928836011012948
29162,0.7085000000000001,1,6,1,550709,54901,72425,35531,0.5085497795398125,0.39290295470629866
29163,0.7085476190476192,0,2,0,550711,54899,72425,35531,0.5085312534736374,0.39291164436580783
29164,0.7085714285714285,0,3,0,550714,54896,72425,35531,0.5085034643743748,0.3929246795757904
29165,0.7085714285714286,2,1,2,550715,54895,72427,35529,0.5084942013412872,0.39291559762894807
29166,0.708573593073593,2,1,2,550716,54894,72429,35527,0.5084849383081996,0.3929065150794616
29167,0.7086190476190477,0,1,0,550717,54893,72429,35527,0.5084756752751121,0.3929108604291086
29168,0.7086237373737372,1,0,1,550717,54893,72430,35526,0.5084756752751121,0.39290414625244696
29169,0.7086374458874459,0,1,0,550718,54892,72430,35526,0.5084664122420245,0.3929084916720122
29170,0.7086666666666666,2,2,2,550720,54890,72432,35524,0.5084478861758495,0.39290375384343135
29171,0.7086666666666668,2,6,2,550726,54884,72434,35522,0.508392307977324,0.39291639935402517
29172,0.7087142857142856,1,0,1,550726,54884,72435,35521,0.508392307977324,0.3929096841988828
29173,0.7087261904761906,0,2,0,550728,54882,72435,35521,0.508373781911149,0.39291837660254636
29174,0.7087857142857144,2,1,2,550729,54881,72437,35519,0.5083645188780614,0.3929092920353982
29175,0.7088253968253969,0,1,0,550730,54880,72437,35519,0.5083552558449739,0.3929136384252038
29176,0.7088333333333332,0,8,0,550738,54872,72437,35519,0.5082811515802734,0.3929484130057196
29177,0.7088333333333334,1,3,1,550741,54869,72438,35518,0.5082533624810108,0.39295473906645867
29178,0.7088333333333335,0,1,0,550742,54868,72438,35518,0.5082440994479233,0.39295908658420553
29179,0.7088571428571427,0,1,0,550743,54867,72438,35518,0.5082348364148357,0.39296343419815233
29180,0.7088888888888889,0,1,0,550744,54866,72438,35518,0.5082255733817481,0.39296778190830234
29181,0.7089166666666666,0,2,0,550746,54864,72438,35518,0.508207047315573,0.39297647761722465
29182,0.7089761904761903,0,1,0,550747,54863,72438,35518,0.5081977842824854,0.39298082561600334
29183,0.7090000000000001,11,25,11,550772,54838,72449,35507,0.5079662084552966,0.3930156621838508
29184,0.7090476190476189,1,3,1,550775,54835,72450,35506,0.5079384193560339,0.393021994443276
29185,0.7091547619047618,0,2,0,550777,54833,72450,35506,0.5079198932898589,0.3930306954914267
29186,0.7091666666666666,13,28,13,550805,54805,72463,35493,0.5076605283634074,0.39306518416797714
29187,0.7091666666666667,5,22,5,550827,54783,72468,35488,0.5074567416354812,0.3931273609464834
29188,0.7091666666666668,0,2,0,550829,54781,72468,35488,0.507438215569306,0.39313607107644927
29189,0.7092857142857143,1,0,1,550829,54781,72469,35487,0.507438215569306,0.39312934816324724
29190,0.7093253968253969,0,2,0,550831,54779,72469,35487,0.5074196895031309,0.39313805862672546
29191,0.7093333333333333,0,1,0,550832,54778,72469,35487,0.5074104264700433,0.39314241400321276
29192,0.7093333333333334,7,13,7,550845,54765,72476,35480,0.5072900070399051,0.3931519751786803
29193,0.7093809523809523,0,1,0,550846,54764,72476,35480,0.5072807440068176,0.3931563317228846
29194,0.7093809523809524,0,2,0,550848,54762,72476,35480,0.5072622179406425,0.3931650451009508
29195,0.7094047619047621,1,1,1,550849,54761,72477,35479,0.507252954907555,0.3931626773049645
29196,0.7094523809523811,0,1,0,550850,54760,72477,35479,0.5072436918744674,0.39316703420915566
29197,0.7094880952380953,0,2,0,550852,54758,72477,35479,0.5072251658082922,0.3931757483072354
29198,0.7094999999999999,2,2,2,550854,54756,72479,35477,0.5072066397421171,0.3931710128223599
29199,0.7095,3,6,3,550860,54750,72482,35474,0.5071510615435918,0.39317698173435006
29200,0.7095238095238094,0,1,0,550861,54749,72482,35474,0.5071417985105042,0.3931813395697328
29201,0.7095476190476191,0,3,0,550864,54746,72482,35474,0.5071140094112416,0.3931944136555088
29202,0.7095555555555555,0,1,0,550865,54745,72482,35474,0.5071047463781541,0.3931987718773207
29203,0.7095714285714285,0,1,0,550866,54744,72482,35474,0.5070954833450665,0.3932031301957481
29204,0.7095833333333332,0,1,0,550867,54743,72482,35474,0.5070862203119789,0.39320748861079396
29205,0.7095833333333335,0,1,0,550868,54742,72482,35474,0.5070769572788913,0.39321184712246166
29206,0.7095992063492063,1,2,1,550870,54740,72483,35473,0.5070584312127163,0.39321383836032503
29207,0.7096309523809525,0,1,0,550871,54739,72483,35473,0.5070491681796288,0.39321819713563605
29208,0.7096507936507936,0,2,0,550873,54737,72483,35473,0.5070306421134536,0.39322691497616674
29209,0.7096666666666666,1,1,1,550874,54736,72484,35472,0.507021379080366,0.3932245477119546
29210,0.7096666666666667,8,2,8,550876,54734,72492,35464,0.507002853014191,0.393179449655203
29211,0.7096666666666668,0,1,0,550877,54733,72492,35464,0.5069935899811034,0.39318380877412773
29212,0.7096904761904761,1,1,1,550878,54732,72493,35463,0.5069843269480159,0.3931814402128721
29213,0.7097142857142856,0,1,0,550879,54731,72493,35463,0.5069750639149283,0.393185799498858
29214,0.7097142857142857,0,1,0,550880,54730,72493,35463,0.5069658008818407,0.39319015888150965
29215,0.7097222222222221,1,0,1,550880,54730,72494,35462,0.5069658008818407,0.3931834309029626
29216,0.7097619047619048,1,1,1,550881,54729,72495,35461,0.5069565378487532,0.393181062202018
29217,0.7097857142857142,0,4,0,550885,54725,72495,35461,0.506919485716403,0.39319850087596747
29218,0.7097936507936506,1,0,1,550885,54725,72496,35460,0.506919485716403,0.39319177246770526
29219,0.709797619047619,0,1,0,550886,54724,72496,35460,0.5069102226833154,0.39319613235163664
29220,0.7098333333333332,1,0,1,550886,54724,72497,35459,0.5069102226833154,0.3931894037678942
29221,0.7098333333333333,5,16,5,550902,54708,72502,35454,0.5067620141539145,0.39322552738404204
29222,0.7098333333333335,0,1,0,550903,54707,72502,35454,0.506752751120827,0.3932298887545613
29223,0.7098809523809524,0,1,0,550904,54706,72502,35454,0.5067434880877395,0.39323425022182784
29224,0.7099047619047618,0,2,0,550906,54704,72502,35454,0.5067249620215644,0.39324297344661596
29225,0.7099285714285715,0,2,0,550908,54702,72502,35454,0.5067064359553892,0.39325169705843205
29226,0.7099523809523811,0,1,0,550909,54701,72502,35454,0.5066971729223017,0.3932560590094837
29227,0.7099999999999999,2,3,2,550912,54698,72504,35452,0.506669383823039,0.3932556849694953
29228,0.71,677,1412,677,552324,53286,73181,34775,0.4935899811034125,0.39489671931956255
29229,0.7100000000000002,2,8,2,552332,53278,73183,34773,0.49351587683871206,0.3949188538460665
29230,0.710047619047619,0,1,0,552333,53277,73183,34773,0.4935066138056245,0.39492333901192506
29231,0.7100476190476193,0,1,0,552334,53276,73183,34773,0.493497350772537,0.39492782427966244
29232,0.7100476190476194,0,1,0,552335,53275,73183,34773,0.4934880877394494,0.3949323096492822
29233,0.7100833333333335,1,0,1,552335,53275,73184,34772,0.4934880877394494,0.3949254375503992
29234,0.7101190476190475,2,0,2,552335,53275,73186,34770,0.4934880877394494,0.39491169288432054
29235,0.7101428571428571,0,1,0,552336,53274,73186,34770,0.49347882470636184,0.3949161782744991
29236,0.7101587301587301,0,2,0,552338,53272,73186,34770,0.49346029864018676,0.39492514936053247
29237,0.7101666666666665,0,1,0,552339,53271,73186,34770,0.4934510356070992,0.39492963505639417
29238,0.7101666666666666,1,10,1,552349,53261,73187,34769,0.49335840527622365,0.3949676246734068
29239,0.7101666666666668,0,2,0,552351,53259,73187,34769,0.4933398792100485,0.3949765983550688
29240,0.7101904761904761,1,1,1,552352,53258,73188,34768,0.493330616176961,0.3949742121645877
29241,0.7102142857142857,0,1,0,552353,53257,73188,34768,0.49332135314387343,0.3949786992331724
29242,0.7102380952380952,1,1,1,552354,53256,73189,34767,0.49331209011078586,0.3949763130090999
29243,0.7102380952380953,0,1,0,552355,53255,73189,34767,0.49330282707769835,0.39498080025448185
29244,0.71025,1,0,1,552355,53255,73190,34766,0.49330282707769835,0.39497392667658854
29245,0.7102777777777777,0,1,0,552356,53254,73190,34766,0.4932935640446108,0.3949784139968189
29246,0.7103333333333332,0,1,0,552357,53253,73190,34766,0.4932843010115232,0.3949829014190118
29247,0.7103333333333333,3,11,3,552368,53242,73193,34763,0.4931824076475601,0.3950116470655076
29248,0.7103333333333335,0,2,0,552370,53240,73193,34763,0.493163881581385,0.395020624296899
29249,0.7103452380952381,1,0,1,552370,53240,73194,34762,0.493163881581385,0.3950137496875071
29250,0.7104444444444443,0,1,0,552371,53239,73194,34762,0.49315461854829745,0.39501823842910877
29251,0.7104603174603175,1,1,1,552372,53238,73195,34761,0.4931453555152099,0.3950158524528688
29252,0.7104761904761905,0,2,0,552374,53236,73195,34761,0.4931268294490348,0.3950248303919452
29253,0.7104761904761907,0,1,0,552375,53235,73195,34761,0.49311756641594723,0.3950293195145234
29254,0.7105,3,4,3,552379,53231,73198,34758,0.493080514283597,0.39502665105865503
29255,0.7105000000000001,0,1,0,552380,53230,73198,34758,0.4930712512505095,0.3950311406100832
29256,0.7105555555555556,2,1,2,552381,53229,73200,34756,0.4930619882174219,0.39502187872932887
29257,0.7105833333333333,1,0,1,552381,53229,73201,34755,0.4930619882174219,0.3950150027277687
29258,0.7106190476190476,0,1,0,552382,53228,73201,34755,0.49305272518433435,0.3950194924019413
29259,0.7106428571428571,1,0,1,552382,53228,73202,34754,0.49305272518433435,0.3950126162169535
29260,0.7106666666666664,1,1,1,552383,53227,73203,34753,0.4930434621512468,0.3950102295976358
29261,0.7106666666666667,4,16,4,552399,53211,73207,34749,0.49289525362184594,0.3950545702592087
29262,0.7106666666666668,0,4,0,552403,53207,73207,34749,0.4928582014894957,0.39507253626813404
29263,0.7106785714285715,0,3,0,552406,53204,73207,34749,0.49283041239023306,0.3950860118472366
29264,0.7107142857142855,0,2,0,552408,53202,73207,34749,0.4928118863240579,0.39509499607736126
29265,0.7107142857142857,0,2,0,552410,53200,73207,34749,0.49279336025788284,0.3951039807160968
29266,0.7107619047619046,0,1,0,552411,53199,73207,34749,0.49278409722479527,0.3951084731887024
29267,0.7107857142857142,0,1,0,552412,53198,73207,34749,0.49277483419170776,0.39511296576347116
29268,0.7107857142857144,0,1,0,552413,53197,73207,34749,0.4927655711586202,0.39511745844040663
29269,0.7108333333333333,6,12,6,552425,53185,73213,34743,0.4926544147615695,0.39513010645073243
29270,0.7108333333333334,10,36,10,552461,53149,73223,34733,0.49232094557041756,0.395223140119706
29271,0.7109166666666665,1,1,1,552462,53148,73224,34732,0.49231168253733004,0.3952207555757852
29272,0.7109285714285715,0,1,0,552463,53147,73224,34732,0.49230241950424247,0.39522525290456195
29273,0.7109285714285716,0,1,0,552464,53146,73224,34732,0.4922931564711549,0.3952297503356927
29274,0.710952380952381,0,3,0,552467,53143,73224,34732,0.49226536737189225,0.3952432432432432
29275,0.7109523809523811,0,1,0,552468,53142,73224,34732,0.4922561043388047,0.39524774108382454
29276,0.711,16,18,16,552486,53124,73240,34716,0.4920893697432287,0.39521857923497267
29277,0.7110000000000001,1,1,1,552487,53123,73241,34715,0.4920801067101412,0.39521619344702746
29278,0.7110238095238094,0,1,0,552488,53122,73241,34715,0.4920708436770536,0.3952206928743013
29279,0.7110714285714286,0,4,0,552492,53118,73241,34715,0.4920337915447034,0.3952386916079378
29280,0.7111111111111111,0,1,0,552493,53117,73241,34715,0.4920245285116158,0.39524319154749976
29281,0.7111428571428572,1,1,1,552494,53116,73242,34714,0.4920152654785283,0.3952408061026984
29282,0.7111428571428573,0,1,0,552495,53115,73242,34714,0.49200600244544074,0.3952453062200412
29283,0.7111666666666666,0,3,0,552498,53112,73242,34714,0.4919782133461781,0.3952588071869378
29284,0.7111666666666667,1,6,1,552504,53106,73243,34713,0.4919226351476527,0.3952789259727394
29285,0.7111785714285714,1,0,1,552504,53106,73244,34712,0.4919226351476527,0.39527203990070375
29286,0.7111904761904762,0,1,0,552505,53105,73244,34712,0.4919133721145652,0.39527654098864684
29287,0.7112380952380952,0,1,0,552506,53104,73244,34712,0.49190410908147764,0.39528104217910176
29288,0.71125,2,3,2,552509,53101,73246,34710,0.491876319982215,0.39528077347940466
29289,0.7112619047619048,1,0,1,552509,53101,73247,34709,0.491876319982215,0.3952738868010477
29290,0.7113095238095238,0,1,0,552510,53100,73247,34709,0.4918670569491274,0.39527838832010387
29291,0.7113333333333333,1,10,1,552520,53090,73248,34708,0.4917744266182519,0.39531652201644685
29292,0.7113333333333334,2,6,2,552526,53084,73250,34706,0.4917188484197266,0.3953297642100467
29293,0.7113571428571427,1,2,1,552528,53082,73251,34705,0.49170032235355143,0.3953318828528142
29294,0.7113690476190476,0,1,0,552529,53081,73251,34705,0.4916910593204639,0.39533638621192446
29295,0.7114047619047619,0,1,0,552530,53080,73251,34705,0.49168179628737635,0.39534088967363445
29296,0.7114166666666667,1,0,1,552530,53080,73252,34704,0.49168179628737635,0.39533400164039006
29297,0.7114285714285714,1,1,1,552531,53079,73253,34703,0.4916725332542888,0.39533161696019686
29298,0.7114685869685868,0,1,0,552532,53078,73253,34703,0.4916632702212012,0.3953361205727891
29299,0.7114722222222223,0,2,0,552534,53076,73253,34703,0.4916447441550261,0.3953451281058112
29300,0.7114761904761903,1,2,1,552536,53074,73254,34702,0.491626218088851,0.39534724753919065
29301,0.7114999999999999,1,0,1,552536,53074,73255,34701,0.491626218088851,0.3953403588721162
29302,0.7115,6,7,6,552543,53067,73261,34695,0.4915613768572381,0.39533055308675735
29303,0.7115000000000002,0,2,0,552545,53065,73261,34695,0.491542850791063,0.3953395624430264
29304,0.711514069264069,1,2,1,552547,53063,73262,34694,0.49152432472488794,0.3953416821450141
29305,0.7115292207792208,0,1,0,552548,53062,73262,34694,0.49151506169180037,0.39534618715529424
29306,0.711547619047619,1,1,1,552549,53061,73263,34693,0.4915057986587128,0.395343801991932
29307,0.7115555555555555,1,0,1,552549,53061,73264,34692,0.4915057986587128,0.3953369115585792
29308,0.7116111111111111,0,1,0,552550,53060,73264,34692,0.49149653562562523,0.39534141671984685
29309,0.7116547619047618,0,1,0,552551,53059,73264,34692,0.4914872725925377,0.39534592198379503
29310,0.7116666666666666,26,82,26,552633,52977,73290,34666,0.49072770387935827,0.3955364375934188
29311,0.7116666666666667,28,51,28,552684,52926,73318,34638,0.490255289191893,0.39557352336576673
29312,0.7116666666666669,1,2,1,552686,52924,73319,34637,0.4902367631257179,0.3955756558285081
29313,0.7116904761904762,0,1,0,552687,52923,73319,34637,0.49022750009263033,0.395580173595249
29314,0.7117142857142857,0,2,0,552689,52921,73319,34637,0.49020897402645525,0.39558920943831516
29315,0.7117380952380953,0,1,0,552690,52920,73319,34637,0.4901997109933677,0.3955937275146476
29316,0.71175,1,1,1,552691,52919,73320,34636,0.4901904479602801,0.39559134258466105
29317,0.7117738095238094,0,3,0,552694,52916,73320,34636,0.49016265886101745,0.3956048976608187
29318,0.7117777777777777,0,1,0,552695,52915,73320,34636,0.4901533958279299,0.3956094162259711
29319,0.7118333333333332,0,3,0,552698,52912,73320,34636,0.49012560672866723,0.3956229725407776
29320,0.7118333333333333,1,5,1,552703,52907,73321,34635,0.4900792915632295,0.3956386648694341
29321,0.7118333333333335,0,2,0,552705,52905,73321,34635,0.49006076549705435,0.39564770390678544
29322,0.7118650793650795,0,1,0,552706,52904,73321,34635,0.4900515024639668,0.395652223580347
29323,0.711888888888889,0,2,0,552708,52902,73321,34635,0.4900329763977917,0.3956612632372597
29324,0.7119166666666666,0,1,0,552709,52901,73321,34635,0.4900237133647041,0.3956657832206178
29325,0.7119588744588744,0,2,0,552711,52899,73321,34635,0.49000518729852904,0.3956748234971554
29326,0.7119931457431459,0,3,0,552714,52896,73321,34635,0.4899773981992664,0.3956883846865682
29327,0.7119999999999999,1,4,1,552718,52892,73322,34634,0.48994034606691617,0.395699563558257
29328,0.7120000000000001,8,24,8,552742,52868,73330,34626,0.4897180332728148,0.3957528516241114
29329,0.7120238095238095,1,0,1,552742,52868,73331,34625,0.4897180332728148,0.3957459453899169
29330,0.712047619047619,1,0,1,552742,52868,73332,34624,0.4897180332728148,0.39573903899785123
29331,0.7120555555555554,0,1,0,552743,52867,73332,34624,0.4897087702397273,0.39574356219496865
29332,0.7120555555555557,1,1,1,552744,52866,73333,34623,0.48969950720663974,0.3957411788910606
29333,0.7120555555555558,0,1,0,552745,52865,73333,34623,0.48969024417355217,0.3957457022677396
29334,0.7120833333333333,0,1,0,552746,52864,73333,34623,0.48968098114046466,0.39575022574782537
29335,0.7120833333333334,0,1,0,552747,52863,73333,34623,0.4896717181073771,0.3957547493313216
29336,0.7121428571428572,1,1,1,552748,52862,73334,34622,0.4896624550742895,0.3957523661469526
29337,0.7121666666666665,0,1,0,552749,52861,73334,34622,0.48965319204120195,0.39575688991003966
29338,0.7121666666666667,2,7,2,552756,52854,73336,34620,0.48958835080958907,0.39577474449550726
29339,0.7121666666666668,0,3,0,552759,52851,73336,34620,0.4895605617103264,0.39578831841410295
29340,0.7122619047619047,0,1,0,552760,52850,73336,34620,0.4895512986772389,0.3957928432605465
29341,0.7122619047619048,0,1,0,552761,52849,73336,34620,0.48954203564415133,0.3957973682104517
29342,0.7122857142857144,0,3,0,552764,52846,73336,34620,0.4895142465448887,0.3958109436809732
29343,0.7123333333333332,0,6,0,552770,52840,73336,34620,0.4894586683463633,0.3958380974159616
29344,0.7123333333333334,3,10,3,552780,52830,73339,34617,0.4893660380154878,0.3958626367971457
29345,0.7123333333333335,0,1,0,552781,52829,73339,34617,0.4893567749824002,0.3958671637353338
29346,0.7123809523809522,1,0,1,552781,52829,73340,34616,0.4893567749824002,0.39586025501743954
29347,0.7123809523809524,0,2,0,552783,52827,73340,34616,0.4893382489162251,0.39586930914996055
29348,0.7124166666666666,0,1,0,552784,52826,73340,34616,0.48932898588313756,0.3958738363715377
29349,0.7124192415771362,0,6,0,552790,52820,73340,34616,0.48927340768461225,0.39590100187565763
29350,0.7124285714285713,0,1,0,552791,52819,73340,34616,0.4892641446515247,0.3959055298221536
29351,0.7124404761904762,0,1,0,552792,52818,73340,34616,0.48925488161843717,0.3959100578722236
29352,0.7124722222222224,1,0,1,552792,52818,73341,34615,0.48925488161843717,0.39590314869671633
29353,0.7124761904761904,0,1,0,552793,52817,73341,34615,0.4892456185853496,0.3959076768231311
29354,0.7124999999999999,0,2,0,552795,52815,73341,34615,0.48922709251917446,0.39591673338670935
29355,0.7125,39,112,39,552907,52703,73380,34576,0.4881896328133684,0.3961548597027922
29356,0.7125000000000001,1,2,1,552909,52701,73381,34575,0.48817110674719333,0.3961570191117833
29357,0.712500777000777,1,1,1,552910,52700,73382,34574,0.48816184371410576,0.3961546394115086
29358,0.7125714285714285,1,0,1,552910,52700,73383,34573,0.48816184371410576,0.39614772037170715
29359,0.7126190476190476,1,1,1,552911,52699,73384,34572,0.4881525806810182,0.39614534037652827
29360,0.712642857142857,0,2,0,552913,52697,73384,34572,0.4881340546148431,0.39615441909498217
29361,0.7126666666666666,1,2,1,552915,52695,73385,34571,0.48811552854866797,0.3961565787362776
29362,0.7126666666666667,6,14,6,552929,52681,73391,34565,0.4879858460854422,0.3961786213694611
29363,0.7126666666666668,3,5,3,552934,52676,73394,34562,0.48793953092000447,0.39618056351589903
29364,0.7126904761904762,0,1,0,552935,52675,73394,34562,0.4879302678869169,0.3961851049440031
29365,0.7127142857142856,1,0,1,552935,52675,73395,34561,0.4879302678869169,0.3961781833188133
29366,0.7127460317460317,0,2,0,552937,52673,73395,34561,0.48791174182074176,0.3961872664328129
29367,0.7127500000000002,0,2,0,552939,52671,73395,34561,0.4878932157545667,0.3961963499633162
29368,0.7128095238095239,0,1,0,552940,52670,73395,34561,0.4878839527214791,0.39620089188476576
29369,0.7128333333333333,1,3,1,552943,52667,73396,34560,0.48785616362221645,0.3962075962717966
29370,0.7128571428571427,2,0,2,552943,52667,73398,34558,0.48785616362221645,0.39619375179134425
29371,0.712857142857143,1,2,1,552945,52665,73399,34557,0.48783763755604137,0.3961959138749398
29372,0.7129166666666668,0,1,0,552946,52664,73399,34557,0.4878283745229538,0.3962004563121267
29373,0.7129523809523809,0,1,0,552947,52663,73399,34557,0.48781911148986623,0.396204998853474
29374,0.7129761904761903,0,3,0,552950,52660,73399,34557,0.4877913223906036,0.39621862710251443
29375,0.713,7,27,7,552977,52633,73406,34550,0.48754122049723964,0.3962928552584793
29376,0.7130000000000001,0,5,0,552982,52628,73406,34550,0.48749490533180184,0.39631558420702473
29377,0.713047619047619,0,1,0,552983,52627,73406,34550,0.4874856422987143,0.3963201303096
29378,0.7130555555555556,0,1,0,552984,52626,73406,34550,0.48747637926562676,0.3963246765164724
29379,0.7130714285714285,0,1,0,552985,52625,73406,34550,0.4874671162325392,0.39632922282764554
29380,0.7131666666666665,1,0,1,552985,52625,73407,34549,0.4874671162325392,0.3963222979328699
29381,0.7131666666666666,1,6,1,552991,52619,73408,34548,0.4874115380340139,0.396342652609359
29382,0.7131666666666667,1,3,1,552994,52616,73409,34547,0.48738374893475117,0.3963493684246756
29383,0.7132142857142856,1,1,1,552995,52615,73410,34546,0.48737448590166366,0.39634699005289065
29384,0.7132499999999999,0,2,0,552997,52613,73410,34546,0.4873559598354885,0.3963560848564118
29385,0.7133333333333332,0,1,0,552998,52612,73410,34546,0.487346696802401,0.39636063241469516
29386,0.7133333333333333,43,99,43,553097,52513,73453,34503,0.4864296565267331,0.39651328491311943
29387,0.7133333333333334,50,120,50,553217,52393,73503,34453,0.4853180925562266,0.3967137231421136
29388,0.7133434343434343,1,2,1,553219,52391,73504,34452,0.4852995664900515,0.3967159126239305
29389,0.7133506493506492,0,1,0,553220,52390,73504,34452,0.48529030345696395,0.39672048087331013
29390,0.7133928571428573,1,0,1,553220,52390,73505,34451,0.48529030345696395,0.3967135339298258
29391,0.7134523809523807,1,0,1,553220,52390,73506,34450,0.48529030345696395,0.3967065868263473
29392,0.7134940476190478,0,1,0,553221,52389,73506,34450,0.4852810404238764,0.396711155126153
29393,0.7134999999999999,2,9,2,553230,52380,73508,34448,0.4851976731260884,0.39673837932464184
29394,0.7135555555555555,1,0,1,553230,52380,73509,34447,0.4851976731260884,0.3967314314671703
29395,0.7136190476190475,0,1,0,553231,52379,73509,34447,0.48518841009300084,0.3967360007371064
29396,0.7136190476190477,0,1,0,553232,52378,73509,34447,0.4851791470599133,0.39674057011229485
29397,0.7136428571428571,0,2,0,553234,52376,73509,34447,0.4851606209937382,0.3967497091784435
29398,0.7136428571428572,0,2,0,553236,52374,73509,34447,0.4851420949275631,0.3967588486656454
29399,0.7136666666666666,1,2,1,553238,52372,73510,34446,0.48512356886138797,0.39676104033725723
29400,0.7136666666666668,2,10,2,553248,52362,73512,34444,0.48503093853051243,0.3967928484206161
29401,0.7136904761904762,1,0,1,553248,52362,73513,34443,0.48503093853051243,0.39678589942975634
29402,0.7137380952380952,1,1,1,553249,52361,73514,34442,0.48502167549742486,0.3967835213068673
29403,0.7137380952380953,0,2,0,553251,52359,73514,34442,0.4850031494312498,0.39679266367898985
29404,0.71375,1,1,1,553252,52358,73515,34441,0.4849938863981622,0.3967902856023687
29405,0.7137857142857144,0,1,0,553253,52357,73515,34441,0.48498462336507464,0.3967948570243554
29406,0.7138095238095238,0,2,0,553255,52355,73515,34441,0.48496609729889956,0.3968040001843403
29407,0.7138333333333332,1,7,1,553262,52348,73516,34440,0.4849012560672867,0.39682905470802415
29408,0.7138333333333334,2,2,2,553264,52346,73518,34438,0.48488273000111154,0.3968242994100295
29409,0.7138333333333335,0,1,0,553265,52345,73518,34438,0.484873466968024,0.39682887201410416
29410,0.7138888888888889,0,1,0,553266,52344,73518,34438,0.48486420393493646,0.3968334447235602
29411,0.7139166666666666,1,0,1,553266,52344,73519,34437,0.48486420393493646,0.39682649427870154
29412,0.7139166666666668,1,0,1,553266,52344,73520,34436,0.48486420393493646,0.3968195436736575
29413,0.7139285714285714,0,2,0,553268,52342,73520,34436,0.48484567786876137,0.3968286892991311
29414,0.7139393939393939,0,1,0,553269,52341,73520,34436,0.4848364148356738,0.3968332622699563
29415,0.7139516594516596,1,0,1,553269,52341,73521,34435,0.4848364148356738,0.3968263114225131
29416,0.7139761904761904,0,1,0,553270,52340,73521,34435,0.48482715180258623,0.3968308844713339
29417,0.7139761904761905,0,1,0,553271,52339,73521,34435,0.48481788876949866,0.39683545762555605
29418,0.714,1,3,1,553274,52336,73522,34434,0.484790099670236,0.39684222657600554
29419,0.7140000000000001,13,47,13,553321,52289,73535,34421,0.48435473711512095,0.3969669011648022
29420,0.7140151515151516,0,1,0,553322,52288,73535,34421,0.48434547408203343,0.3969714793158726
29421,0.7140476190476189,1,2,1,553324,52286,73536,34420,0.4843269480158583,0.3969736811754665
29422,0.7140714285714286,0,1,0,553325,52285,73536,34420,0.4843176849827708,0.3969782596159391
29423,0.7141071428571428,1,0,1,553325,52285,73537,34419,0.4843176849827708,0.3969713046687581
29424,0.7141666666666666,10,22,10,553347,52263,73547,34409,0.4841138982548446,0.397002492154329
29425,0.7141666666666667,7,20,7,553367,52243,73554,34402,0.48392863759309346,0.39704541519995384
29426,0.7141666666666668,0,1,0,553368,52242,73554,34402,0.48391937456000594,0.39704999769170396
29427,0.7142619047619049,0,3,0,553371,52239,73554,34402,0.4838915854607433,0.3970637458016413
29428,0.7142857142857142,0,1,0,553372,52238,73554,34402,0.4838823224276557,0.39706832871652814
29429,0.7142857142857143,3,8,3,553380,52230,73557,34399,0.4838082181629553,0.3970841173279156
29430,0.7143095238095236,0,1,0,553381,52229,73557,34399,0.4837989551298677,0.3970887011128042
29431,0.7143333333333333,1,3,1,553384,52226,73558,34398,0.48377116603060505,0.3970954931658663
29432,0.7143333333333334,4,13,4,553397,52213,73562,34394,0.48365074660046686,0.397127252993407
29433,0.7143333333333335,1,0,1,553397,52213,73563,34393,0.48365074660046686,0.39712029189663534
29434,0.7144047619047619,0,1,0,553398,52212,73563,34393,0.4836414835673793,0.39712487731655216
29435,0.714404761904762,0,1,0,553399,52211,73563,34393,0.4836322205342917,0.39712946284236295
29436,0.7144285714285714,0,1,0,553400,52210,73563,34393,0.4836229575012042,0.39713404847407136
29437,0.714452380952381,0,1,0,553401,52209,73563,34393,0.48361369446811664,0.397138634211681
29438,0.7144682539682541,0,1,0,553402,52208,73563,34393,0.48360443143502907,0.39714322005519564
29439,0.7144761904761904,0,2,0,553404,52206,73563,34393,0.483585905368854,0.3971523920599545
29440,0.7144999999999999,2,5,2,553409,52201,73565,34391,0.4835395902034162,0.39716140059127863
29441,0.7145,1,11,1,553420,52190,73566,34390,0.4834376968394531,0.3972048972048972
29442,0.7145833333333332,1,2,1,553422,52188,73567,34389,0.483419170773278,0.39720711043348694
29443,0.7145952380952381,0,1,0,553423,52187,73567,34389,0.48340990774019044,0.39721169839216414
29444,0.7146190476190476,0,2,0,553425,52185,73567,34389,0.48339138167401535,0.3972208746274863
29445,0.7146428571428572,0,1,0,553426,52184,73567,34389,0.4833821186409278,0.3972254629041387
29446,0.7146666666666666,1,1,1,553427,52183,73568,34388,0.4833728556078402,0.3972230885631447
29447,0.7146666666666667,3,10,3,553437,52173,73571,34385,0.4832802252769647,0.39724808798724554
29448,0.7146666666666668,1,1,1,553438,52172,73572,34384,0.4832709622438771,0.39724571375756734
29449,0.7147380952380954,0,2,0,553440,52170,73572,34384,0.483252436177702,0.39725489289923055
29450,0.7147619047619048,2,0,2,553440,52170,73574,34382,0.483252436177702,0.39724096496903594
29451,0.7148095238095238,0,1,0,553441,52169,73574,34382,0.48324317314461446,0.3972455546440827
29452,0.7148333333333332,2,3,2,553444,52166,73576,34380,0.4832153840453518,0.39724539551221316
29453,0.7148333333333333,0,7,0,553451,52159,73576,34380,0.4831505428137389,0.3972775280509366
29454,0.7148333333333334,1,4,1,553455,52155,73577,34379,0.4831134906813887,0.39728892689578665
29455,0.7148888888888888,1,1,1,553456,52154,73578,34378,0.48310422764830113,0.3972865529515093
29456,0.7149285714285715,1,1,1,553457,52153,73579,34377,0.4830949646152136,0.3972841788974922
29457,0.7149523809523809,0,2,0,553459,52151,73579,34377,0.4830764385490385,0.3972933616863905
29458,0.7149707792207792,0,1,0,553460,52150,73579,34377,0.48306717551595096,0.39729795324002914
29459,0.7149761904761905,1,0,1,553460,52150,73580,34376,0.48306717551595096,0.3972909876800037
29460,0.7149999999999999,3,9,3,553469,52141,73583,34373,0.48298380821816295,0.39731141780521073
29461,0.715,221,401,221,553870,51740,73804,34152,0.4792693319500537,0.3976156103013086
29462,0.7150000000000002,2,3,2,553873,51737,73806,34150,0.47924154285079107,0.3976154714916111
29463,0.715047619047619,1,3,1,553876,51734,73807,34149,0.4792137537515284,0.39762234668094965
29464,0.7150714285714286,0,1,0,553877,51733,73807,34149,0.47920449071844085,0.3976269765492187
29465,0.7151428571428572,0,1,0,553878,51732,73807,34149,0.4791952276853533,0.39763160652530827
29466,0.7151666666666666,3,16,3,553894,51716,73810,34146,0.47904701915595244,0.39768465677482473
29467,0.7151666666666668,0,2,0,553896,51714,73810,34146,0.4790284930897773,0.3976939203354298
29468,0.7152164502164503,0,1,0,553897,51713,73810,34146,0.4790192300566898,0.3976985522775714
29469,0.7152380952380952,0,2,0,553899,51711,73810,34146,0.47900070399051464,0.39770781648555154
29470,0.7152431734931737,0,2,0,553901,51709,73810,34146,0.47898217792433956,0.39771708112515286
29471,0.7152820512820512,1,1,1,553902,51708,73811,34145,0.478972914891252,0.39771469837978873
29472,0.7152857142857143,0,1,0,553903,51707,73811,34145,0.4789636518581644,0.3977193309416205
29473,0.7153040293040293,0,1,0,553904,51706,73811,34145,0.4789543888250769,0.3977239636113732
29474,0.715313492063492,0,1,0,553905,51705,73811,34145,0.47894512579198933,0.39772859638905067
29475,0.7153333333333333,4,10,4,553915,51695,73815,34141,0.4788524954611138,0.39774686611678084
29476,0.7153333333333335,0,2,0,553917,51693,73815,34141,0.47883396939493866,0.39775613393294035
29477,0.7153980463980464,0,1,0,553918,51692,73815,34141,0.47882470636185115,0.39776076800298255
29478,0.7154166666666666,1,2,1,553920,51690,73816,34140,0.478806180295676,0.3977630199231038
29479,0.715452380952381,1,0,1,553920,51690,73817,34139,0.478806180295676,0.3977560032156963
29480,0.7154761904761904,1,0,1,553920,51690,73818,34138,0.478806180295676,0.39774898634478256
29481,0.7154761904761905,1,4,1,553924,51686,73819,34137,0.4787691281633258,0.39776050709017396
29482,0.7155,5,7,5,553931,51679,73824,34132,0.4787042869317129,0.39775786321101025
29483,0.7155000000000001,1,2,1,553933,51677,73825,34131,0.4786857608655378,0.3977601156069364
29484,0.7155555555555556,0,1,0,553934,51676,73825,34131,0.47867649783245025,0.3977647511275304
29485,0.7155595238095238,0,1,0,553935,51675,73825,34131,0.4786672347993627,0.3977693867561709
29486,0.7155714285714285,0,1,0,553936,51674,73825,34131,0.47865797176627517,0.3977740224928617
29487,0.7155811688311685,1,3,1,553939,51671,73826,34130,0.47863018266701246,0.39778091164438645
29488,0.7156666666666667,3,13,3,553952,51658,73829,34127,0.4785097632368743,0.39782013172466046
29489,0.7157142857142857,2,6,2,553958,51652,73831,34125,0.47845418503834897,0.39783391818319597
29490,0.7157142857142859,0,2,0,553960,51650,73831,34125,0.4784356589721738,0.3978431944039639
29491,0.7158095238095238,0,1,0,553961,51649,73831,34125,0.4784263959390863,0.39784783267656865
29492,0.7158333333333333,3,14,3,553975,51635,73834,34122,0.47829671347586056,0.3978917172942151
29493,0.7158333333333334,9,26,9,554001,51609,73843,34113,0.47805587461558413,0.3979491845733884
29494,0.7159047619047619,0,1,0,554002,51608,73843,34113,0.47804661158249656,0.39795382695022224
29495,0.7159166666666666,0,2,0,554004,51606,73843,34113,0.4780280855163215,0.39796311202883844
29496,0.7159523809523809,1,0,1,554004,51606,73844,34112,0.4780280855163215,0.3979560885694953
29497,0.715952380952381,1,2,1,554006,51604,73845,34111,0.47800955945014634,0.39795835034708044
29498,0.7159761904761904,0,2,0,554008,51602,73845,34111,0.47799103338397125,0.3979676361812094
29499,0.7159880952380953,0,1,0,554009,51601,73845,34111,0.4779817703508837,0.39797227926078027
29500,0.716,18,50,18,554059,51551,73863,34093,0.47751861869650597,0.3980780907010415
29501,0.7160000000000001,0,1,0,554060,51550,73863,34093,0.47750935566341846,0.3980827388111112
29502,0.7160039682539684,0,1,0,554061,51549,73863,34093,0.4775000926303309,0.3980873870297284
29503,0.7160097402597403,0,3,0,554064,51546,73863,34093,0.47747230353106823,0.3981013323369026
29504,0.7160238095238094,1,3,1,554067,51543,73864,34092,0.4774445144318056,0.3981082501313715
29505,0.7160476190476192,1,3,1,554070,51540,73865,34091,0.47741672533254287,0.39811516857212925
29506,0.7160833333333332,0,1,0,554071,51539,73865,34091,0.47740746229945535,0.3981198178208572
29507,0.7161111111111111,0,1,0,554072,51538,73865,34091,0.4773981992663678,0.3981244671781756
29508,0.7161538461538461,0,1,0,554073,51537,73865,34091,0.4773889362332802,0.3981291166440884
29509,0.7161547619047617,0,1,0,554074,51536,73865,34091,0.47737967320019264,0.39813376621859925
29510,0.7161666666666666,0,1,0,554075,51535,73865,34091,0.47737041016710513,0.3981384159017121
29511,0.7161666666666667,3,9,3,554084,51526,73868,34088,0.4772870428693171,0.3981591795734343
29512,0.7161904761904762,0,1,0,554085,51525,73868,34088,0.4772777798362296,0.3981638302594232
29513,0.7162380952380951,0,1,0,554086,51524,73868,34088,0.47726851680314203,0.39816848105405783
29514,0.71625,1,5,1,554091,51519,73869,34087,0.47722220163770424,0.39818470667943834
29515,0.7162936507936507,1,0,1,554091,51519,73870,34086,0.47722220163770424,0.3981776765375854
29516,0.7163333333333333,2,9,2,554100,51510,73872,34084,0.4771388343399163,0.398205481692642
29517,0.7163333333333334,2,5,2,554105,51505,73874,34082,0.4770925191744785,0.39821468213630573
29518,0.7163333333333335,0,1,0,554106,51504,73874,34082,0.4770832561413909,0.39821933493795714
29519,0.716357142857143,0,2,0,554108,51502,73874,34082,0.4770647300752158,0.39822864086745186
29520,0.7163809523809523,0,1,0,554109,51501,73874,34082,0.47705546704212826,0.39823329399530283
29521,0.7164047619047618,0,2,0,554111,51499,73874,34082,0.47703694097595317,0.39824260057723093
29522,0.7164047619047619,0,1,0,554112,51498,73874,34082,0.4770276779428656,0.3982472540313157
29523,0.7164285714285714,1,0,1,554112,51498,73875,34081,0.4770276779428656,0.39824022248448804
29524,0.7164761904761905,1,1,1,554113,51497,73876,34080,0.47701841490977803,0.3982378442805894
29525,0.7164999999999999,1,1,1,554114,51496,73877,34079,0.4770091518766905,0.39823546596552734
29526,0.7165,3,6,3,554120,51490,73880,34076,0.47695357367816515,0.3982422924993572
29527,0.7165714285714284,0,1,0,554121,51489,73880,34076,0.47694431064507764,0.3982469467656168
29528,0.7165952380952383,0,1,0,554122,51488,73880,34076,0.47693504761199007,0.39825160114066666
29529,0.7166666666666665,0,2,0,554124,51486,73880,34076,0.476916521545815,0.3982609102171525
29530,0.7166666666666666,67,154,67,554278,51332,73947,34009,0.4754900144503316,0.39850716537186115
29531,0.7166666666666667,43,89,43,554367,51243,73990,33966,0.4746656045055393,0.3986198640988628
29532,0.7167142857142856,0,1,0,554368,51242,73990,33966,0.4746563414724517,0.39862454229649796
29533,0.7167142857142857,1,0,1,554368,51242,73991,33965,0.4746563414724517,0.3986174844789747
29534,0.7167222222222221,0,1,0,554369,51241,73991,33965,0.4746470784393642,0.39862216275849116
29535,0.7167380952380953,0,1,0,554370,51240,73991,33965,0.47463781540627664,0.39862684114782
29536,0.71675,0,2,0,554372,51238,73991,33965,0.4746192893401015,0.39863619825592994
29537,0.7167698412698412,1,1,1,554373,51237,73992,33964,0.474610026307014,0.3986338188518914
29538,0.7167857142857144,0,3,0,554376,51234,73992,33964,0.4745822372077513,0.3986478555834644
29539,0.7168293650793651,1,0,1,554376,51234,73993,33963,0.4745822372077513,0.3986407972111694
29540,0.7168333333333332,0,1,0,554377,51233,73993,33963,0.47457297417466376,0.39864547631344194
29541,0.7168333333333333,1,8,1,554385,51225,73994,33962,0.4744988699099633,0.39867585429701713
29542,0.7168333333333335,0,1,0,554386,51224,73994,33962,0.47448960687687575,0.39868053436010614
29543,0.7168809523809524,0,1,0,554387,51223,73994,33962,0.47448034384378823,0.3986852145330751
29544,0.7169047619047619,0,1,0,554388,51222,73994,33962,0.47447108081070066,0.39868989481592787
29545,0.7169444444444444,1,0,1,554388,51222,73995,33961,0.47447108081070066,0.3986828357770917
29546,0.716952380952381,0,1,0,554389,51221,73995,33961,0.4744618177776131,0.3986875161419079
29547,0.7169761904761904,1,0,1,554389,51221,73996,33960,0.4744618177776131,0.3986804569094047
29548,0.7169880952380953,0,1,0,554390,51220,73996,33960,0.4744525547445255,0.3986851373561869
29549,0.7169999999999999,2,1,2,554391,51219,73998,33958,0.474443291711438,0.3986756988388884
29550,0.7170000000000001,2,15,2,554406,51204,74000,33956,0.4743043462151247,0.398731798966651
29551,0.7170238095238096,0,1,0,554407,51203,74000,33956,0.4742950831820371,0.39873648117051635
29552,0.7170454545454545,0,1,0,554408,51202,74000,33956,0.4742858201489496,0.39874116348434674
29553,0.7170476190476193,1,0,1,554408,51202,74001,33955,0.4742858201489496,0.3987341028923048
29554,0.7171031746031745,1,1,1,554409,51201,74002,33954,0.47427655711586203,0.39873172450237804
29555,0.7171190476190477,0,1,0,554410,51200,74002,33954,0.47426729408277446,0.3987364069802945
29556,0.7171428571428571,0,1,0,554411,51199,74002,33954,0.4742580310496869,0.39874108956818904
29557,0.7171428571428572,2,2,2,554413,51197,74004,33952,0.4742395049835118,0.3987363327813597
29558,0.7171666666666665,0,2,0,554415,51195,74004,33952,0.47422097891733667,0.3987456986153358
29559,0.7171666666666667,1,10,1,554425,51185,74005,33951,0.47412834858646113,0.3987854726555159
29560,0.7171666666666668,0,3,0,554428,51182,74005,33951,0.4741005594871985,0.398799525448416
29561,0.7171904761904763,1,0,1,554428,51182,74006,33950,0.4741005594871985,0.398792463468496
29562,0.7172222222222221,0,2,0,554430,51180,74006,33950,0.4740820334210234,0.3988018324914836
29563,0.7172499999999999,0,1,0,554431,51179,74006,33950,0.4740727703879358,0.3988065171680626
29564,0.7172857142857141,0,2,0,554433,51177,74006,33950,0.47405424432176074,0.39881588685141023
29565,0.7173095238095238,1,0,1,554433,51177,74007,33949,0.47405424432176074,0.3988088245659375
29566,0.7173333333333332,0,13,0,554446,51164,74007,33949,0.4739338248916225,0.39886973787788
29567,0.7173333333333334,2,16,2,554462,51148,74009,33947,0.47378561636222166,0.39893060696868204
29568,0.7173333333333335,0,2,0,554464,51146,74009,33947,0.4737670902960465,0.39893998331237585
29569,0.7173571428571429,1,0,1,554464,51146,74010,33946,0.4737670902960465,0.3989329196634231
29570,0.7173809523809525,0,3,0,554467,51143,74010,33946,0.47373930119678387,0.39894698492167024
29571,0.7173809523809526,0,1,0,554468,51142,74010,33946,0.4737300381636963,0.3989516735614893
29572,0.7174761904761905,1,2,1,554470,51140,74011,33945,0.4737115120975212,0.3989539871892813
29573,0.7174880952380953,0,1,0,554471,51139,74011,33945,0.47370224906443364,0.3989586761318227
29574,0.7174999999999998,1,1,1,554472,51138,74012,33944,0.47369298603134613,0.3989563009802308
29575,0.7175,41,98,41,554570,51040,74053,33903,0.4727852087887658,0.3991264730466313
29576,0.7175000000000001,1,2,1,554572,51038,74054,33902,0.4727666827225907,0.3991287967977396
29577,0.7175392156862747,0,1,0,554573,51037,74054,33902,0.47275741968950313,0.3991334958028703
29578,0.7175952380952382,1,0,1,554573,51037,74055,33901,0.47275741968950313,0.3991264216251854
29579,0.7176111111111111,0,1,0,554574,51036,74055,33901,0.47274815665641556,0.39913112071299905
29580,0.7176666666666666,1,0,1,554574,51036,74056,33900,0.47274815665641556,0.39912404634077425
29581,0.7176666666666667,3,13,3,554587,51023,74059,33897,0.4726277372262774,0.3991639189825718
29582,0.7176666666666668,0,6,0,554593,51017,74059,33897,0.47257215902775207,0.3991921237958405
29583,0.7177109279609278,0,2,0,554595,51015,74059,33897,0.47255363296157693,0.39920152628603733
29584,0.7177222222222222,0,1,0,554596,51014,74059,33897,0.47254436992848936,0.3992062276972359
29585,0.7177380952380952,0,1,0,554597,51013,74059,33897,0.47253510689540185,0.3992109292191732
29586,0.7177777777777777,0,2,0,554599,51011,74059,33897,0.4725165808292267,0.3992203325952796
29587,0.7177857142857139,0,1,0,554600,51010,74059,33897,0.4725073177961392,0.39922503444945645
29588,0.717797619047619,0,1,0,554601,51009,74059,33897,0.4724980547630516,0.3992297364143877
29589,0.7178333333333333,0,12,0,554613,50997,74059,33897,0.47238689836600095,0.3992861686338257
29590,0.7178333333333334,0,1,0,554614,50996,74059,33897,0.4723776353329134,0.3992908720389196
29591,0.7178571428571427,1,3,1,554617,50993,74060,33896,0.4723498462336507,0.39929790667813264
29592,0.717857142857143,1,0,1,554617,50993,74061,33895,0.4723498462336507,0.399290830270474
29593,0.7178809523809525,0,1,0,554618,50992,74061,33895,0.4723405832005632,0.3992955340629307
29594,0.7179047619047618,1,0,1,554618,50992,74062,33894,0.4723405832005632,0.3992884574605942
29595,0.7179166666666668,1,0,1,554618,50992,74063,33893,0.4723405832005632,0.3992813806915238
29596,0.7179404761904762,0,1,0,554619,50991,74063,33893,0.47233132016747564,0.39928608453890013
29597,0.7179761904761905,0,1,0,554620,50990,74063,33893,0.4723220571343881,0.3992907884971078
29598,0.7179999999999999,0,3,0,554623,50987,74063,33893,0.4722942680351254,0.39930490103675775
29599,0.718,16,34,16,554657,50953,74079,33877,0.4719793249101486,0.3993516444654014
29600,0.7180000000000001,2,2,2,554659,50951,74081,33875,0.47196079884397346,0.39934689835663595
29601,0.7180238095238096,0,2,0,554661,50949,74081,33875,0.4719422727777984,0.39935631425068374
29602,0.7180611055611054,0,4,0,554665,50945,74081,33875,0.47190522064544815,0.39937514737090307
29603,0.7181190476190475,0,2,0,554667,50943,74081,33875,0.471886694579273,0.3993845645971374
29604,0.7181428571428572,1,1,1,554668,50942,74082,33874,0.4718774315461855,0.39938219203923786
29605,0.7181666666666665,0,1,0,554669,50941,74082,33874,0.47186816851309793,0.3993869009019631
29606,0.7181666666666666,3,4,3,554673,50937,74085,33871,0.4718311163807477,0.39938449202905385
29607,0.7181666666666667,2,2,2,554675,50935,74087,33869,0.4718125903145726,0.39937974623838496
29608,0.7181746031746031,0,1,0,554676,50934,74087,33869,0.47180332728148505,0.39938445573859416
29609,0.7182619047619048,1,0,1,554676,50934,74088,33868,0.47180332728148505,0.399377373175161
29610,0.7183333333333333,25,47,25,554723,50887,74113,33843,0.47136796472637,0.39942169243479286
29611,0.7183333333333334,28,68,28,554791,50819,74141,33815,0.4707380784764163,0.39954391851974386
29612,0.7183809523809523,0,2,0,554793,50817,74141,33815,0.4707195524102412,0.3995533604310426
29613,0.7184047619047618,1,0,1,554793,50817,74142,33814,0.4707195524102412,0.39954626555281164
29614,0.718404761904762,1,1,1,554794,50816,74143,33813,0.47071028937715365,0.3995438915738104
29615,0.7184166666666667,0,1,0,554795,50815,74143,33813,0.4707010263440661,0.3995486127522806
29616,0.7184523809523811,0,2,0,554797,50813,74143,33813,0.470682500277891,0.3995580554439534
29617,0.7184722222222224,0,1,0,554798,50812,74143,33813,0.4706732372448034,0.39956277695716397
29618,0.7184999999999998,0,2,0,554800,50810,74143,33813,0.47065471117862834,0.39957222031835316
29619,0.7184999999999999,6,4,6,554804,50806,74149,33807,0.4706176590462781,0.39954853273137697
29620,0.7185000000000001,0,1,0,554805,50805,74149,33807,0.47060839601319054,0.399553254857467
29621,0.7185714285714283,0,3,0,554808,50802,74149,33807,0.4705806069139279,0.39956742190547107
29622,0.7185714285714286,3,3,3,554811,50799,74152,33804,0.47055281781466524,0.3995602992801674
29623,0.7185912698412698,0,2,0,554813,50797,74152,33804,0.47053429174849015,0.3995697450384747
29624,0.7186428571428571,1,1,1,554814,50796,74153,33803,0.4705250287154026,0.39956737077270416
29625,0.7186666666666666,2,7,2,554821,50789,74155,33801,0.4704601874837897,0.3995862395082161
29626,0.7186666666666668,2,6,2,554827,50783,74157,33799,0.47040460928526434,0.3996003877893642
29627,0.7186904761904762,1,1,1,554828,50782,74158,33798,0.4703953462521768,0.3995980137148262
29628,0.7187142857142856,0,1,0,554829,50781,74158,33798,0.47038608321908926,0.3996027382683645
29629,0.71875,0,3,0,554832,50778,74158,33798,0.4703582941198266,0.399616912599319
29630,0.7188333333333332,4,5,4,554837,50773,74162,33794,0.4703119789543888,0.39961214185202265
29631,0.7188333333333334,2,2,2,554839,50771,74164,33792,0.4702934528882137,0.39960739330440026
29632,0.7188888888888889,1,0,1,554839,50771,74165,33791,0.4702934528882137,0.39960029327593954
29633,0.7189047619047618,0,1,0,554840,50770,74165,33791,0.47028418985512616,0.3996050188621232
29634,0.7189166666666666,2,2,2,554842,50768,74167,33789,0.47026566378895107,0.39960026964059747
29635,0.7189444444444445,1,1,1,554843,50767,74168,33788,0.4702564007558635,0.39959789486133285
29636,0.7189999999999999,1,1,1,554844,50766,74169,33787,0.47024713772277593,0.39959551996972315
29637,0.7190000000000001,10,21,10,554865,50745,74179,33777,0.4700526140279373,0.399623766593313
29638,0.7190000000000002,0,2,0,554867,50743,74179,33777,0.4700340879617622,0.3996332229058211
29639,0.7190238095238095,0,1,0,554868,50742,74179,33777,0.47002482492867464,0.399637951229901
29640,0.7190476190476189,0,1,0,554869,50741,74179,33777,0.4700155618955871,0.39964267966586997
29641,0.7190476190476192,0,1,0,554870,50740,74179,33777,0.47000629886249956,0.3996474082137321
29642,0.7190833333333334,0,1,0,554871,50739,74179,33777,0.469997035829412,0.39965213687349144
29643,0.7190963480963479,1,5,1,554876,50734,74180,33776,0.4699507206639742,0.39966867826292746
29644,0.7191666666666664,0,1,0,554877,50733,74180,33776,0.4699414576308867,0.39967340756605807
29645,0.7191666666666666,13,30,13,554907,50703,74193,33763,0.46966356663826003,0.3997229654535553
29646,0.7191666666666667,5,16,5,554923,50687,74198,33758,0.46951535810885914,0.3997631594528983
29647,0.7192142857142856,4,0,4,554923,50687,74202,33754,0.46951535810885914,0.39973472602171933
29648,0.7192857142857143,2,4,2,554927,50683,74204,33752,0.46947830597650897,0.3997394445431397
29649,0.7193333333333333,1,3,1,554930,50680,74205,33751,0.46945051687724626,0.3997465385936445
29650,0.7193333333333334,6,13,6,554943,50667,74211,33745,0.4693300974471081,0.3997654361939061
29651,0.7193650793650793,0,2,0,554945,50665,74211,33745,0.469311571380933,0.39977490818623385
29652,0.7193690476190477,0,4,0,554949,50661,74211,33745,0.46927451924858277,0.39979385351752245
29653,0.719388888888889,0,1,0,554950,50660,74211,33745,0.4692652562154952,0.3997985901309164
29654,0.7194285714285715,0,1,0,554951,50659,74211,33745,0.4692559931824076,0.39980332685654707
29655,0.7194444444444444,0,1,0,554952,50658,74211,33745,0.4692467301493201,0.39980806369441846
29656,0.7194761904761906,1,0,1,554952,50658,74212,33744,0.4692467301493201,0.399800952584062
29657,0.7194999999999999,0,4,0,554956,50654,74212,33744,0.4692096780169699,0.39981990094552006
29658,0.7195,1,3,1,554959,50651,74213,33743,0.46918188891770723,0.3998270019195677
29659,0.7195238095238095,1,0,1,554959,50651,74214,33742,0.46918188891770723,0.39981989027525977
29660,0.7195238095238097,1,1,1,554960,50650,74215,33741,0.46917262588461967,0.39981751608583854
29661,0.7195833333333335,0,2,0,554962,50648,74215,33741,0.4691540998184445,0.3998269916695304
29662,0.7196190476190476,0,1,0,554963,50647,74215,33741,0.469144836785357,0.3998317296298052
29663,0.7196363636363639,0,1,0,554964,50646,74215,33741,0.46913557375226944,0.39983646770237125
29664,0.7196428571428573,2,3,2,554967,50643,74217,33739,0.4691077846530068,0.39983645801237233
29665,0.7196666666666666,0,2,0,554969,50641,74217,33739,0.46908925858683165,0.39984593505570043
29666,0.7196666666666667,5,7,5,554976,50634,74222,33734,0.46902441735521877,0.399843542575384
29667,0.7196666666666668,0,1,0,554977,50633,74222,33734,0.46901515432213126,0.3998482819111738
29668,0.7197142857142856,0,1,0,554978,50632,74222,33734,0.4690058912890437,0.3998530213593154
29669,0.7197142857142859,0,1,0,554979,50631,74222,33734,0.4689966282559561,0.39985776091981273
29670,0.7197222222222223,0,1,0,554980,50630,74222,33734,0.4689873652228686,0.39986250059266987
29671,0.7197499999999999,1,1,1,554981,50629,74223,33733,0.46897810218978103,0.39986012659728315
29672,0.7197500000000001,0,1,0,554982,50628,74223,33733,0.46896883915669346,0.39986486646673225
29673,0.7197857142857145,0,2,0,554984,50626,74223,33733,0.4689503130905184,0.39987434654275184
29674,0.7198134920634918,2,2,2,554986,50624,74225,33731,0.46893178702434324,0.3998695987196965
29675,0.7198333333333332,1,2,1,554988,50622,74226,33730,0.46891326095816815,0.3998719650986343
29676,0.7198333333333333,2,5,2,554993,50617,74228,33728,0.46886694579273036,0.3998814393265754
29677,0.7198809523809524,0,4,0,554997,50613,74228,33728,0.46882989366038014,0.39990040431107055
29678,0.7199047619047618,0,1,0,554998,50612,74228,33728,0.4688206306272926,0.39990514583827363
29679,0.7199444444444444,1,1,1,554999,50611,74229,33727,0.46881136759420505,0.39990277217861464
29680,0.7199523809523809,0,1,0,555000,50610,74229,33727,0.4688021045611175,0.3999075139025576
29681,0.7199920634920633,0,1,0,555001,50609,74229,33727,0.4687928415280299,0.39991225573894895
29682,0.7199999999999999,4,6,4,555007,50603,74233,33723,0.4687372633295046,0.3999122453335863
29683,0.72,698,1376,698,556383,49227,74931,33025,0.4559913298010301,0.4015099936779653
29684,0.7200000000000002,3,6,3,556389,49221,74934,33022,0.4559357516025047,0.40151745437301656
29685,0.7200238095238096,0,2,0,556391,49219,74934,33022,0.45591722553632963,0.4015272187838183
29686,0.7200436507936507,0,2,0,556393,49217,74934,33022,0.4558986994701545,0.4015369836695485
29687,0.7200476190476189,0,1,0,556394,49216,74934,33022,0.455889436437067,0.40154186629052263
29688,0.720111111111111,0,1,0,556395,49215,74934,33022,0.4558801734039794,0.40154674903024185
29689,0.7201428571428571,1,0,1,556395,49215,74935,33021,0.4558801734039794,0.40153947176419086
29690,0.7201666666666665,1,0,1,556395,49215,74936,33020,0.4558801734039794,0.4015321943211528
29691,0.7201666666666666,2,5,2,556400,49210,74938,33018,0.4558338582385416,0.4015420538016248
29692,0.7201666666666668,1,2,1,556402,49208,74939,33017,0.4558153321723665,0.40154454241410764
29693,0.7201746031746034,0,2,0,556404,49206,74939,33017,0.4557968061061914,0.4015543096213955
29694,0.7201904761904762,0,1,0,556405,49205,74939,33017,0.4557875430731039,0.40155919340322543
29695,0.7202777777777777,1,1,1,556406,49204,74940,33016,0.4557782800400163,0.40155679883240086
29696,0.7202777777777779,0,1,0,556407,49203,74940,33016,0.45576901700692873,0.4015616828227052
29697,0.7202857142857142,0,1,0,556408,49202,74940,33016,0.4557597539738412,0.4015665669318154
29698,0.7203170995670996,2,4,2,556412,49198,74942,33014,0.455722701841491,0.40157154673283707
29699,0.7203333333333332,0,1,0,556413,49197,74942,33014,0.4557134388084034,0.40157643137779614
29700,0.7203333333333333,3,11,3,556424,49186,74945,33011,0.4556115454444403,0.40160833120430184
29701,0.7203333333333335,0,1,0,556425,49185,74945,33011,0.45560228241135275,0.4016132171881843
29702,0.7203571428571428,0,2,0,556427,49183,74945,33011,0.45558375634517767,0.4016229895126165
29703,0.7203809523809523,0,2,0,556429,49181,74945,33011,0.45556523027900253,0.40163276231263384
29704,0.7204047619047619,1,1,1,556430,49180,74946,33010,0.455555967245915,0.40163036865798757
29705,0.720404761904762,0,1,0,556431,49179,74946,33010,0.45554670421282745,0.40163525532613853
29706,0.7204166666666666,0,1,0,556432,49178,74946,33010,0.4555374411797399,0.40164014211320387
29707,0.7204166666666668,0,1,0,556433,49177,74946,33010,0.45552817814665236,0.40164502901918797
29708,0.7204761904761905,0,1,0,556434,49176,74946,33010,0.4555189151135648,0.4016499160440951
29709,0.7204761904761906,1,0,1,556434,49176,74947,33009,0.4555189151135648,0.4016426355174302
29710,0.7204999999999998,0,1,0,556435,49175,74947,33009,0.4555096520804772,0.4016475226321425
29711,0.7204999999999999,2,11,2,556446,49164,74949,33007,0.4554077587165141,0.4016867264606735
29712,0.7205238095238097,0,1,0,556447,49163,74949,33007,0.4553984956834266,0.401691614944627
29713,0.7206428571428571,0,1,0,556448,49162,74949,33007,0.45538923265033904,0.4016965035475666
29714,0.7206428571428574,0,1,0,556449,49161,74949,33007,0.45537996961725147,0.40170139226949664
29715,0.7206666666666667,5,10,5,556459,49151,74954,33002,0.45528733928637594,0.4017138753301766
29716,0.7206666666666668,2,6,2,556465,49145,74956,33000,0.45523176108785063,0.401728650556942
29717,0.7206904761904762,0,1,0,556466,49144,74956,33000,0.45522249805476306,0.40173354109855863
29718,0.7207142857142856,1,1,1,556467,49143,74957,32999,0.4552132350216755,0.40173114849894087
29719,0.7207142857142859,1,1,1,556468,49142,74958,32998,0.4552039719885879,0.4017287557828098
29720,0.7207380952380953,1,1,1,556469,49141,74959,32997,0.4551947089555004,0.40172636295015707
29721,0.720814393939394,0,1,0,556470,49140,74959,32997,0.45518544592241283,0.4017312538807115
29722,0.7208333333333333,7,28,7,556498,49112,74966,32990,0.4549260809959613,0.40181725171128596
29723,0.7208333333333334,5,34,5,556532,49078,74971,32985,0.45461113787098445,0.4019472844034461
29724,0.720845238095238,0,1,0,556533,49077,74971,32985,0.45460187483789694,0.40195218249616144
29725,0.7208492063492062,0,2,0,556535,49075,74971,32985,0.4545833487717218,0.401961979039727
29726,0.7208571428571429,1,0,1,556535,49075,74972,32984,0.4545833487717218,0.40195469113686494
29727,0.720879120879121,0,3,0,556538,49072,74972,32984,0.45455555967245914,0.4019693867602613
29728,0.7208809523809524,0,3,0,556541,49069,74972,32984,0.4545277705731965,0.4019840834582526
29729,0.7209166666666667,0,1,0,556542,49068,74972,32984,0.4545185075401089,0.40198898259640226
29730,0.7209523809523809,1,0,1,556542,49068,74973,32983,0.4545185075401089,0.4019816943120742
29731,0.720952380952381,2,5,2,556547,49063,74975,32981,0.4544721923746712,0.4019916142557652
29732,0.7209761904761904,1,0,1,556547,49063,74976,32980,0.4544721923746712,0.40198432529283423
29733,0.7209920634920632,0,1,0,556548,49062,74976,32980,0.4544629293415836,0.40198922503108164
29734,0.721,5,28,5,556576,49034,74981,32975,0.4542035644151321,0.4020900145106025
29735,0.7210000000000001,0,7,0,556583,49027,74981,32975,0.4541387231835192,0.40212433843077
29736,0.7210238095238094,1,0,1,556583,49027,74982,32974,0.4541387231835192,0.40211704735308107
29737,0.7210357142857142,1,4,1,556587,49023,74983,32973,0.454101671051169,0.40212937216449585
29738,0.7210476190476192,0,1,0,556588,49022,74983,32973,0.45409240801808143,0.40213427648027317
29739,0.7210833333333335,0,1,0,556589,49021,74983,32973,0.4540831449849939,0.40213918091567674
29740,0.721138888888889,0,1,0,556590,49020,74983,32973,0.45407388195190634,0.4021440854707109
29741,0.7211666666666666,3,6,3,556596,49014,74986,32970,0.454018303753381,0.4021516393442623
29742,0.7211666666666667,2,2,2,556598,49012,74988,32968,0.4539997776872059,0.4021468650890461
29743,0.7211904761904762,0,1,0,556599,49011,74988,32968,0.4539905146541183,0.40215177057539125
29744,0.72125,0,2,0,556601,49009,74988,32968,0.45397198858794324,0.4021615819071203
29745,0.7212500000000002,0,3,0,556604,49006,74988,32968,0.4539441994886806,0.40217629980237635
29746,0.7212954545454545,0,1,0,556605,49005,74988,32968,0.453934936455593,0.4021812060068559
29747,0.7213308080808082,0,1,0,556606,49004,74988,32968,0.45392567342250545,0.40218611233103985
29748,0.7213333333333333,9,12,9,556618,48992,74997,32959,0.45381451702545483,0.4021793510756428
29749,0.7213333333333334,1,2,1,556620,48990,74998,32958,0.4537959909592797,0.40218187143066336
29750,0.7214166666666667,0,2,0,556622,48988,74998,32958,0.4537774648931046,0.4021916872086496
29751,0.7214285714285715,0,1,0,556623,48987,74998,32958,0.45376820186001704,0.40219659527732016
29752,0.7214999999999999,0,5,0,556628,48982,74998,32958,0.45372188669457925,0.40222113741762267
29753,0.7215,4,11,4,556639,48971,75002,32954,0.4536199933306162,0.40224595666768387
29754,0.721547619047619,1,1,1,556640,48970,75003,32953,0.45361073029752863,0.40224357018175605
29755,0.7215476190476191,0,2,0,556642,48968,75003,32953,0.4535922042313535,0.40225339046154224
29756,0.7216666666666665,0,1,0,556643,48967,75003,32953,0.453582941198266,0.40225830078125
29757,0.7216666666666666,25,66,25,556709,48901,75028,32928,0.45297158101448737,0.4024001270943064
29758,0.7216666666666667,21,46,21,556755,48855,75049,32907,0.4525454814924599,0.4024730314816174
29759,0.7217142857142856,1,0,1,556755,48855,75050,32906,0.4525454814924599,0.4024657232665941
29760,0.7217142857142858,0,2,0,556757,48853,75050,32906,0.4525269554262848,0.4024755684389486
29761,0.7217539682539683,0,1,0,556758,48852,75050,32906,0.4525176923931972,0.4024804912057536
29762,0.7217857142857143,0,2,0,556760,48850,75050,32906,0.45249916632702214,0.4024903371006409
29763,0.7218174603174603,0,1,0,556761,48849,75050,32906,0.45248990329393457,0.40249526022873217
29764,0.7218333333333332,1,2,1,556763,48847,75051,32905,0.45247137722775943,0.40249779821900383
29765,0.7218333333333333,3,10,3,556773,48837,75054,32902,0.4523787468968839,0.40252511041241024
29766,0.7218809523809526,0,1,0,556774,48836,75054,32902,0.4523694838637964,0.40253003498984563
29767,0.7219047619047617,0,2,0,556776,48834,75054,32902,0.45235095779762124,0.40253988450621514
29768,0.7219047619047619,2,5,2,556781,48829,75056,32900,0.4523046426321835,0.4025498904917471
29769,0.721904761904762,0,1,0,556782,48828,75056,32900,0.45229537959909594,0.40255481597494125
29770,0.7219166666666668,2,0,2,556782,48828,75058,32898,0.45229537959909594,0.40254019528668966
29771,0.7219444444444444,0,1,0,556783,48827,75058,32898,0.45228611656600837,0.40254512083205873
29772,0.7219603174603173,1,2,1,556785,48825,75059,32897,0.4522675904998333,0.40254766158439587
29773,0.7219999999999999,0,5,0,556790,48820,75059,32897,0.4522212753343955,0.40257229217910595
29774,0.722,8,33,8,556823,48787,75067,32889,0.4519155952425062,0.40267642881629856
29775,0.7220000000000002,0,1,0,556824,48786,75067,32889,0.45190633220941867,0.4026813590449954
29776,0.7220238095238095,0,1,0,556825,48785,75067,32889,0.4518970691763311,0.40268628939442175
29777,0.7220833333333333,0,1,0,556826,48784,75067,32889,0.45188780614324353,0.40269121986458195
29778,0.7220833333333334,0,1,0,556827,48783,75067,32889,0.451878543110156,0.40269615045548046
29779,0.722111111111111,1,1,1,556828,48782,75068,32888,0.45186928007706845,0.4026937676013224
29780,0.7221190476190477,0,2,0,556830,48780,75068,32888,0.4518507540108933,0.40270362932850073
29781,0.7221428571428572,0,3,0,556833,48777,75068,32888,0.45182296491163065,0.4027184228249556
29782,0.7221465919701214,0,1,0,556834,48776,75068,32888,0.4518137018785431,0.4027233542319749
29783,0.7221547619047619,1,1,1,556835,48775,75069,32887,0.45180443884545557,0.4027209718106341
29784,0.7221666666666665,0,1,0,556836,48774,75069,32887,0.451795175812368,0.4027259034300339
29785,0.7221666666666667,1,2,1,556838,48772,75070,32886,0.4517766497461929,0.4027284528154008
29786,0.7221666666666668,0,1,0,556839,48771,75070,32886,0.45176738671310535,0.4027333847679929
29787,0.7221904761904763,0,1,0,556840,48770,75070,32886,0.4517581236800178,0.40273831684138334
29788,0.7222142857142857,1,0,1,556840,48770,75071,32885,0.4517581236800178,0.4027310023880963
29789,0.7222222222222221,0,1,0,556841,48769,75071,32885,0.4517488606469302,0.40273593455311435
29790,0.7223333333333332,2,4,2,556845,48765,75073,32883,0.45171180851458004,0.4027410346854791
29791,0.7223333333333334,5,9,5,556854,48756,75078,32878,0.451628441216792,0.40274885464389837
29792,0.7223571428571428,0,1,0,556855,48755,75078,32878,0.45161917818370445,0.40275378829639974
29793,0.7223809523809525,0,2,0,556857,48753,75078,32878,0.45160065211752937,0.4027636559640333
29794,0.7223809523809526,0,1,0,556858,48752,75078,32878,0.4515913890844418,0.4027685899791743
29795,0.7224285714285714,0,2,0,556860,48750,75078,32878,0.4515728630182667,0.4027784583721272
29796,0.7224444444444444,0,1,0,556861,48749,75078,32878,0.45156359998517914,0.40278339274994795
29797,0.7224523809523811,0,1,0,556862,48748,75078,32878,0.4515543369520916,0.40278832724867075
29798,0.7224999999999998,1,5,1,556867,48743,75079,32877,0.45150802178665383,0.4028056848811566
29799,0.7225,44,116,44,556983,48627,75123,32833,0.4504335099484975,0.40305671495212375
29800,0.7225000000000001,0,1,0,556984,48626,75123,32833,0.45042424691541,0.40306166292245177
29801,0.7225454545454545,0,3,0,556987,48623,75123,32833,0.45039645781614734,0.40307650756236496
29802,0.7226190476190476,0,2,0,556989,48621,75123,32833,0.4503779317499722,0.40308640459645934
29803,0.7226482683982686,1,0,1,556989,48621,75124,32832,0.4503779317499722,0.40307907627711687
29804,0.7226666666666666,2,3,2,556992,48618,75126,32830,0.45035014265070955,0.40307926529810434
29805,0.7226666666666667,3,14,3,557006,48604,75129,32827,0.4502204601874838,0.4031265734179858
29806,0.7226666666666668,1,4,1,557010,48600,75130,32826,0.45018340805513357,0.40313904649620513
29807,0.7227777777777777,0,1,0,557011,48599,75130,32826,0.450174145022046,0.4031439975437519
29808,0.7227857142857143,0,1,0,557012,48598,75130,32826,0.4501648819889585,0.4031489487129102
29809,0.7227857142857144,1,1,1,557013,48597,75131,32825,0.4501556189558709,0.40314656972317064
29810,0.7228333333333333,2,4,2,557017,48593,75133,32823,0.4501185668235207,0.4031517146506829
29811,0.7228333333333334,0,1,0,557018,48592,75133,32823,0.4501093037904331,0.4031566664619542
29812,0.7228571428571428,3,1,3,557019,48591,75136,32820,0.4501000407573456,0.4031396248664185
29813,0.7228571428571429,0,1,0,557020,48590,75136,32820,0.45009077772425804,0.40314457683331284
29814,0.7229166666666665,0,1,0,557021,48589,75136,32820,0.45008151469117047,0.4031495289218637
29815,0.7229166666666668,1,0,1,557021,48589,75137,32819,0.45008151469117047,0.40314219732704404
29816,0.7229523809523809,1,2,1,557023,48587,75138,32818,0.4500629886249954,0.4031447699772741
29817,0.7229761904761903,1,1,1,557024,48586,75139,32817,0.4500537255919078,0.40314239032959476
29818,0.7229761904761905,0,2,0,557026,48584,75139,32817,0.45003519952573273,0.4031522954263461
29819,0.723,8,13,8,557039,48571,75147,32809,0.4499147800955945,0.40315802408454166
29820,0.7230000000000001,0,1,0,557040,48570,75147,32809,0.4499055170625069,0.4031629781638998
29821,0.7230357142857143,1,0,1,557040,48570,75148,32808,0.4499055170625069,0.40315564403155646
29822,0.723047619047619,0,3,0,557043,48567,75148,32808,0.44987772796324427,0.4031705069124424
29823,0.7230714285714286,0,1,0,557044,48566,75148,32808,0.44986846493015675,0.4031754614496031
29824,0.7230833333333335,0,1,0,557045,48565,75148,32808,0.4498592018970692,0.4031804161085372
29825,0.723095238095238,0,1,0,557046,48564,75148,32808,0.4498499388639816,0.4031853708892494
29826,0.7230952380952381,1,1,1,557047,48563,75149,32807,0.44984067583089404,0.4031829912744255
29827,0.7231071428571428,0,1,0,557048,48562,75149,32807,0.44983141279780653,0.4031879462694638
29828,0.7231428571428572,1,1,1,557049,48561,75150,32806,0.44982214976471896,0.4031855666302063
29829,0.7231666666666666,4,3,4,557052,48558,75154,32802,0.4497943606654563,0.40317109144542773
29830,0.7231666666666667,2,3,2,557055,48555,75156,32800,0.44976657156619365,0.403171286337656
29831,0.7232023809523809,1,1,1,557056,48554,75157,32799,0.4497573085331061,0.4031689058793161
29832,0.7232142857142856,1,1,1,557057,48553,75158,32798,0.4497480455000185,0.4031665253039299
29833,0.7232142857142857,1,0,1,557057,48553,75159,32797,0.4497480455000185,0.40315918869084205
29834,0.7232222222222222,1,0,1,557057,48553,75160,32796,0.4497480455000185,0.4031518518973804
29835,0.7232777777777778,0,4,0,557061,48549,75160,32796,0.4497109933676683,0.4031716761939886
29836,0.7233333333333333,47,94,47,557155,48455,75207,32749,0.4488402682574382,0.40329294123442194
29837,0.7233333333333334,61,108,61,557263,48347,75268,32688,0.44783986068398235,0.4033812550132659
29838,0.7233571428571429,0,1,0,557264,48346,75268,32688,0.44783059765089483,0.40338623293926007
29839,0.7234166666666667,0,3,0,557267,48343,75268,32688,0.4478028085516321,0.403401167454431
29840,0.7234166666666668,0,1,0,557268,48342,75268,32688,0.4477935455185446,0.4034061458718993
29841,0.7234285714285713,0,2,0,557270,48340,75268,32688,0.44777501945236947,0.4034161030754801
29842,0.7234642857142858,1,0,1,557270,48340,75269,32687,0.44777501945236947,0.4034087402964444
29843,0.7234761904761905,0,1,0,557271,48339,75269,32687,0.44776575641928196,0.40341371905314344
29844,0.7234920634920635,0,1,0,557272,48338,75269,32687,0.4477564933861944,0.4034186979327368
29845,0.7234999999999999,3,11,3,557283,48327,75272,32684,0.4476546000222313,0.4034513831454988
29846,0.7235,1,8,1,557291,48319,75273,32683,0.44758049575753084,0.4034838645959359
29847,0.7235277777777778,0,1,0,557292,48318,75273,32683,0.44757123272444327,0.4034888458167183
29848,0.7235497835497836,1,1,1,557293,48317,75274,32682,0.44756196969135575,0.403486462795837
29849,0.7235714285714286,1,2,1,557295,48315,75275,32681,0.4475434436251806,0.4034890611882068
29850,0.7236190476190475,1,1,1,557296,48314,75276,32680,0.4475341805920931,0.40348667802553273
29851,0.7236666666666666,0,4,0,557300,48310,75276,32680,0.4474971284597429,0.40350660575379677
29852,0.7236666666666668,0,11,0,557311,48299,75276,32680,0.4473952350957798,0.4035614171575347
29853,0.7237380952380952,0,3,0,557314,48296,75276,32680,0.4473674459965171,0.4035763683066588
29854,0.7237380952380953,0,3,0,557317,48293,75276,32680,0.4473396568972544,0.40359132056364466
29855,0.72375,1,1,1,557318,48292,75277,32679,0.4473303938641669,0.4035889392498549
29856,0.7238073038073035,2,4,2,557322,48288,75279,32677,0.4472933417318167,0.4035941456184771
29857,0.7238333333333332,0,5,0,557327,48283,75279,32677,0.4472470265663789,0.40361907114624507
29858,0.7238333333333334,1,4,1,557331,48279,75280,32676,0.44720997443402866,0.40363164721141376
29859,0.7239999999999999,0,5,0,557336,48274,75280,32676,0.4471636592685909,0.403656578134651
29860,0.7240000000000001,18,40,18,557376,48234,75298,32658,0.44679313794508874,0.4037234831627355
29861,0.7240238095238095,1,0,1,557376,48234,75299,32657,0.44679313794508874,0.40371611180477435
29862,0.7240476190476189,1,2,1,557378,48232,75300,32656,0.44677461187891365,0.40371872218376026
29863,0.7240476190476192,0,1,0,557379,48231,75300,32656,0.4467653488458261,0.40372371332847057
29864,0.7240714285714285,0,1,0,557380,48230,75300,32656,0.4467560858127385,0.4037287045965927
29865,0.7240833333333333,2,2,2,557382,48228,75302,32654,0.44673755974656343,0.40372394352266266
29866,0.7241190476190477,0,1,0,557383,48227,75302,32654,0.44672829671347586,0.40372893510218716
29867,0.7241666666666666,11,20,11,557403,48207,75313,32643,0.4465430360517248,0.40374768089053803
29868,0.7241666666666667,6,20,6,557423,48187,75319,32637,0.4463577753899737,0.40380332574482825
29869,0.7241904761904762,0,1,0,557424,48186,75319,32637,0.44634851235688616,0.4038083218885713
29870,0.72425,0,2,0,557426,48184,75319,32637,0.446329986290711,0.4038183145469618
29871,0.7242857142857142,0,1,0,557427,48183,75319,32637,0.44632072325762345,0.4038233110616184
29872,0.7242857142857143,2,4,2,557431,48179,75321,32635,0.4462836711252733,0.40382854455911105
29873,0.7242857142857144,0,1,0,557432,48178,75321,32635,0.4462744080921857,0.4038335416331531
29874,0.7243095238095237,0,1,0,557433,48177,75321,32635,0.44626514505909815,0.4038385388308667
29875,0.7243113275613277,0,1,0,557434,48176,75321,32635,0.4462558820260106,0.4038435361522565
29876,0.7243333333333333,0,3,0,557437,48173,75321,32635,0.4462280929267479,0.40385852885852885
29877,0.7243333333333334,2,16,2,557453,48157,75323,32633,0.4460798843973471,0.40392375293972027
29878,0.7244285714285715,0,1,0,557454,48156,75323,32633,0.4460706213642595,0.4039287526767258
29879,0.7244444444444443,1,1,1,557455,48155,75324,32632,0.44606135833117194,0.4039263742928937
29880,0.7244444444444444,1,1,1,557456,48154,75325,32631,0.44605209529808443,0.4039239957912979
29881,0.7244523809523808,0,1,0,557457,48153,75325,32631,0.44604283226499686,0.40392899584076053
29882,0.7244999999999999,1,0,1,557457,48153,75326,32630,0.44604283226499686,0.40392161717192976
29883,0.7245,1,4,1,557461,48149,75327,32629,0.44600578013264663,0.40393423952066154
29884,0.7245000000000001,0,1,0,557462,48148,75327,32629,0.44599651709955906,0.4039392401302351
29885,0.7245238095238095,0,1,0,557463,48147,75327,32629,0.44598725406647155,0.40394424086362285
29886,0.7245714285714285,0,2,0,557465,48145,75327,32629,0.4459687280002964,0.40395424270185953
29887,0.7245833333333332,0,2,0,557467,48143,75327,32629,0.4459502019341213,0.4039642450354083
29888,0.7245833333333335,1,0,1,557467,48143,75328,32628,0.4459502019341213,0.4039568657067512
29889,0.7246428571428569,0,1,0,557468,48142,75328,32628,0.44594093890103376,0.40396186702983783
29890,0.7246666666666666,0,1,0,557469,48141,75328,32628,0.4459316758679462,0.40396686847676705
29891,0.7246666666666667,5,5,5,557474,48136,75333,32623,0.44588536070250845,0.40395497715424905
29892,0.7247142857142858,2,0,2,557474,48136,75335,32621,0.44588536070250845,0.40394021570885497
29893,0.7247142857142859,0,1,0,557475,48135,75335,32621,0.4458760976694209,0.403945217692803
29894,0.7247222222222223,1,0,1,557475,48135,75336,32620,0.4458760976694209,0.40393783666646027
29895,0.7247447552447552,0,1,0,557476,48134,75336,32620,0.4458668346363333,0.40394283874483
29896,0.7247500000000001,0,1,0,557477,48133,75336,32620,0.44585757160324574,0.4039478409470856
29897,0.7247619047619048,1,1,1,557478,48132,75337,32619,0.4458483085701582,0.4039454619757031
29898,0.7247857142857143,1,1,1,557479,48131,75338,32618,0.44583904553707066,0.4039430828864754
29899,0.7248095238095238,0,2,0,557481,48129,75338,32618,0.44582051947089557,0.40395308804042257
29900,0.7248214285714285,0,1,0,557482,48128,75338,32618,0.445811256437808,0.4039580908032596
29901,0.7248333333333331,0,2,0,557484,48126,75338,32618,0.44579273037163286,0.4039680967006836
29902,0.7248333333333333,1,3,1,557487,48123,75339,32617,0.4457649412723702,0.4039757245479316
29903,0.7248809523809524,1,1,1,557488,48122,75340,32616,0.4457556782392827,0.40397334588421807
29904,0.7249047619047618,1,0,1,557488,48122,75341,32615,0.4457556782392827,0.4039659635606971
29905,0.7249523809523811,0,1,0,557489,48121,75341,32615,0.4457464152061951,0.40397096710265556
29906,0.7249999999999999,1,6,1,557495,48115,75342,32614,0.4456908370076698,0.40399360824486863
29907,0.725,165,404,165,557899,47711,75507,32449,0.4419485716402979,0.40480289421157684
29908,0.7250000000000001,1,1,1,557900,47710,75508,32448,0.44193930860721037,0.40480051897502434
29909,0.7250238095238096,0,1,0,557901,47709,75508,32448,0.4419300455741228,0.40480556907069876
29910,0.7250833333333335,1,2,1,557903,47707,75509,32447,0.44191151950794766,0.4048082441300497
29911,0.7251190476190476,0,1,0,557904,47706,75509,32447,0.44190225647486014,0.40481329457412696
29912,0.7251230158730161,0,2,0,557906,47704,75509,32447,0.441883730408685,0.4048233958403513
29913,0.7251428571428572,0,1,0,557907,47703,75509,32447,0.4418744673755975,0.4048284466625078
29914,0.7251666666666665,1,4,1,557911,47699,75510,32446,0.44183741524324727,0.4048412252791815
29915,0.7251666666666666,6,8,6,557919,47691,75516,32440,0.4417633109785468,0.4048370792826746
29916,0.7251904761904764,1,1,1,557920,47690,75517,32439,0.44175404794545925,0.4048347040397359
29917,0.7251944444444444,0,1,0,557921,47689,75517,32439,0.4417447849123717,0.4048397563897764
29918,0.725309523809524,0,1,0,557922,47688,75517,32439,0.44173552187928417,0.40484480886592533
29919,0.7253333333333333,1,11,1,557933,47677,75518,32438,0.44163362851532106,0.40489296636085625
29920,0.7253333333333335,0,1,0,557934,47676,75518,32438,0.4416243654822335,0.4048980203210425
29921,0.7253571428571429,1,1,1,557935,47675,75519,32437,0.4416151024491459,0.40489564609546635
29922,0.7253809523809523,1,1,1,557936,47674,75520,32436,0.4416058394160584,0.40489327175134193
29923,0.7253928571428573,0,1,0,557937,47673,75520,32436,0.44159657638297084,0.4048983260307831
29924,0.7254047619047619,0,1,0,557938,47672,75520,32436,0.44158731334988327,0.40490338043641083
29925,0.7254166666666666,0,2,0,557940,47670,75520,32436,0.4415687872837082,0.40491348962624524
29926,0.7254166666666667,2,0,2,557940,47670,75522,32434,0.4415687872837082,0.4048986317786877
29927,0.7254999999999999,1,7,1,557947,47663,75523,32433,0.4415039460520953,0.40492658809428683
29928,0.7255000000000001,1,1,1,557948,47662,75524,32432,0.44149468301900774,0.40492421404849305
29929,0.725547619047619,0,1,0,557949,47661,75524,32432,0.44148541998592017,0.40492926972394594
29930,0.7255555555555554,0,2,0,557951,47659,75524,32432,0.4414668939197451,0.40493938145359654
29931,0.7255555555555556,0,1,0,557952,47658,75524,32432,0.4414576308866575,0.40494443750780373
29932,0.7255714285714285,0,1,0,557953,47657,75524,32432,0.44144836785357,0.4049494936882718
29933,0.7256190476190476,0,1,0,557954,47656,75524,32432,0.44143910482048243,0.4049545499950055
29934,0.7256666666666667,5,11,5,557965,47645,75529,32427,0.44133721145651933,0.4049730242781497
29935,0.7256666666666668,0,1,0,557966,47644,75529,32427,0.44132794842343176,0.40497808195226737
29936,0.7257142857142856,1,6,1,557972,47638,75530,32426,0.44127237022490645,0.4050009992006395
29937,0.7257142857142859,0,2,0,557974,47636,75530,32426,0.4412538441587313,0.4050111163848018
29938,0.7257222222222223,1,0,1,557974,47636,75531,32425,0.4412538441587313,0.4050036846904235
29939,0.72575,1,0,1,557974,47636,75532,32424,0.4412538441587313,0.4049962528103922
29940,0.7257857142857143,0,2,0,557976,47634,75532,32424,0.44123531809255623,0.4050063703814734
29941,0.7258095238095238,0,1,0,557977,47633,75532,32424,0.44122605505946866,0.4050114293565834
29942,0.7258333333333331,1,1,1,557978,47632,75533,32423,0.44121679202638114,0.40500905627381173
29943,0.7258333333333333,6,21,6,557999,47611,75539,32417,0.44102226833154246,0.40507072524616383
29944,0.7258333333333334,12,31,12,558030,47580,75551,32405,0.4407351143058283,0.4051384634618991
29945,0.7258333333333336,0,1,0,558031,47579,75551,32405,0.4407258512727407,0.40514352870574116
29946,0.7258571428571428,1,0,1,558031,47579,75552,32404,0.4407258512727407,0.40513609141942664
29947,0.7258928571428569,0,1,0,558032,47578,75552,32404,0.4407165882396532,0.40514115676027107
29948,0.7259285714285714,0,1,0,558033,47577,75552,32404,0.44070732520656564,0.4051462222277791
29949,0.7259404761904762,0,4,0,558037,47573,75552,32404,0.4406702730742154,0.4051664853645423
29950,0.726,19,39,19,558076,47534,75571,32385,0.4403090147838008,0.40522278807292383
29951,0.7260000000000001,0,5,0,558081,47529,75571,32385,0.44026269961836306,0.40524814175238383
29952,0.7260476190476192,0,1,0,558082,47528,75571,32385,0.4402534365852755,0.405253212868995
29953,0.7260873015873014,0,1,0,558083,47527,75571,32385,0.4402441735521879,0.4052582841125238
29954,0.7261428571428571,0,1,0,558084,47526,75571,32385,0.44023491051910035,0.4052633554829748
29955,0.7261666666666666,1,6,1,558090,47520,75572,32384,0.44017933232057505,0.4052863436123348
29956,0.7261666666666667,0,5,0,558095,47515,75572,32384,0.44013301715513725,0.40531170602886146
29957,0.7261904761904762,0,1,0,558096,47514,75572,32384,0.44012375412204974,0.4053167788930887
29958,0.7261904761904764,1,0,1,558096,47514,75573,32383,0.44012375412204974,0.4053093357698036
29959,0.72625,1,1,1,558097,47513,75574,32382,0.44011449108896217,0.4053069653920771
29960,0.7262698412698413,1,0,1,558097,47513,75575,32381,0.44011449108896217,0.40529952186647306
29961,0.7263095238095238,0,1,0,558098,47512,75575,32381,0.4401052280558746,0.40530459489567294
29962,0.7263214285714286,0,1,0,558099,47511,75575,32381,0.4400959650227871,0.40530966805187
29963,0.7263333333333332,1,0,1,558099,47511,75576,32380,0.4400959650227871,0.40530222428058227
29964,0.7263333333333333,1,10,1,558109,47501,75577,32379,0.4400033346919115,0.4053455182774161
29965,0.7263333333333334,0,3,0,558112,47498,75577,32379,0.43997554559264884,0.40536074214104184
29966,0.7263650793650792,1,0,1,558112,47498,75578,32378,0.43997554559264884,0.4053532976112975
29967,0.7263888888888889,0,1,0,558113,47497,75578,32378,0.43996628255956133,0.405358372456964
29968,0.7264047619047619,0,1,0,558114,47496,75578,32378,0.43995701952647376,0.40536344742970176
29969,0.7264285714285714,0,1,0,558115,47495,75578,32378,0.4399477564933862,0.4053685225295156
29970,0.7264999999999999,1,5,1,558120,47490,75579,32377,0.43990144132794845,0.4053864549814066
29971,0.7265,2,17,2,558137,47473,75581,32375,0.43974396976546,0.40545786995291055
29972,0.7266190476190475,0,2,0,558139,47471,75581,32375,0.4397254436992849,0.4054680259499537
29973,0.7266190476190478,0,1,0,558140,47470,75581,32375,0.43971618066619733,0.40547310413926985
29974,0.7266666666666666,55,107,55,558247,47363,75636,32320,0.438725036125829,0.40560721860371723
29975,0.7266666666666667,40,101,40,558348,47262,75676,32280,0.4377894697839861,0.4058233386135626
29976,0.7267142857142858,0,2,0,558350,47260,75676,32280,0.43777094371781095,0.4058335428715112
29977,0.7267619047619048,0,1,0,558351,47259,75676,32280,0.43776168068472343,0.40583864519292423
29978,0.7267857142857143,0,2,0,558353,47257,75676,32280,0.4377431546185483,0.40584885022065204
29979,0.7268333333333332,0,3,0,558356,47254,75676,32280,0.43771536551928564,0.4058641587245706
29980,0.7268333333333333,1,11,1,558367,47243,75677,32279,0.43761347215532254,0.4059128291541963
29981,0.7268571428571429,0,2,0,558369,47241,75677,32279,0.43759494608914745,0.40592303822937625
29982,0.7269047619047619,1,0,1,558369,47241,75678,32278,0.43759494608914745,0.40591556734868395
29983,0.7269285714285714,0,1,0,558370,47240,75678,32278,0.4375856830560599,0.4059206720490958
29984,0.7269761904761906,0,1,0,558371,47239,75678,32278,0.4375764200229723,0.4059257768779003
29985,0.7269999999999999,4,7,4,558378,47232,75682,32274,0.43751157879135943,0.40593162780167535
29986,0.727,8,10,8,558388,47222,75690,32266,0.4374189484604839,0.40592290660225444
29987,0.7270000000000002,1,1,1,558389,47221,75691,32265,0.43740968542739633,0.4059205394660695
29988,0.7270833333333333,0,1,0,558390,47220,75691,32265,0.4374004223943088,0.40592564634836764
29989,0.7270833333333334,0,1,0,558391,47219,75691,32265,0.43739115936122125,0.4059307533591666
29990,0.727090909090909,0,1,0,558392,47218,75691,32265,0.4373818963281337,0.40593586049847136
29991,0.7271428571428571,1,1,1,558393,47217,75692,32264,0.4373726332950461,0.40593349353933644
29992,0.7271428571428572,4,2,4,558395,47215,75696,32260,0.437354107228871,0.405913809374017
29993,0.7271666666666665,0,2,0,558397,47213,75696,32260,0.4373355811626959,0.4059240245114693
29994,0.7271666666666667,0,6,0,558403,47207,75696,32260,0.4372800029641706,0.40595467300892196
29995,0.7271904761904762,1,0,1,558403,47207,75697,32259,0.4372800029641706,0.40594719754360353
29996,0.7272142857142857,2,2,2,558405,47205,75699,32257,0.4372614768979955,0.40594246306410614
29997,0.7272222222222223,0,1,0,558406,47204,75699,32257,0.4372522138649079,0.4059475717647651
29998,0.7272261904761906,0,3,0,558409,47201,75699,32257,0.43722442476564527,0.4059628986382743
29999,0.72725,0,2,0,558411,47199,75699,32257,0.43720589869947013,0.4059731171969392
30000,0.7272619047619047,2,3,2,558414,47196,75701,32255,0.4371781096002075,0.40597349309637387
30001,0.7273333333333332,1,3,1,558417,47193,75702,32254,0.4371503205009448,0.40598134605460245
30002,0.7273333333333334,6,13,6,558430,47180,75708,32248,0.43702990107080664,0.4060029208843229
30003,0.7273333333333335,0,1,0,558431,47179,75708,32248,0.43702063803771907,0.40600803253301776
30004,0.7274256854256853,1,2,1,558433,47177,75709,32247,0.437002111971544,0.40601077759871074
30005,0.7274493284493283,0,1,0,558434,47176,75709,32247,0.4369928489384564,0.40601588960376717
30006,0.7274999999999998,0,1,0,558435,47175,75709,32247,0.43698358590536884,0.40602100173755384
30007,0.7275,40,117,40,558552,47058,75749,32207,0.435899811034125,0.4063205702390715
30008,0.7275238095238095,1,0,1,558552,47058,75750,32206,0.435899811034125,0.4063130803391199
30009,0.7276111111111112,0,1,0,558553,47057,75750,32206,0.43589054800103744,0.40631820647717093
30010,0.7276190476190476,1,2,1,558555,47055,75751,32205,0.43587202193486235,0.40632096896290687
30011,0.7276428571428571,1,0,1,558555,47055,75752,32204,0.43587202193486235,0.4063134785954907
30012,0.7276666666666665,2,2,2,558557,47053,75754,32202,0.43585349586868727,0.40630875023657814
30013,0.7276666666666667,3,7,3,558564,47046,75757,32199,0.4357886546370744,0.4063221654363051
30014,0.7276666666666668,1,3,1,558567,47043,75758,32198,0.4357608655378117,0.4063300564101917
30015,0.7276904761904761,0,1,0,558568,47042,75758,32198,0.43575160250472417,0.4063351842503786
30016,0.7277142857142858,0,1,0,558569,47041,75758,32198,0.4357423394716366,0.40634031221999267
30017,0.7277380952380953,1,1,1,558570,47040,75759,32197,0.435733076438549,0.4063379481807741
30018,0.72775,1,1,1,558571,47039,75760,32196,0.43572381340546146,0.4063355840222124
30019,0.7277777777777777,1,0,1,558571,47039,75761,32195,0.43572381340546146,0.40632809147588156
30020,0.7277857142857144,0,1,0,558572,47038,75761,32195,0.43571455037237394,0.4063332197442985
30021,0.7278095238095237,0,1,0,558573,47037,75761,32195,0.4357052873392864,0.4063383481421648
30022,0.7278333333333333,1,8,1,558581,47029,75762,32194,0.4356311830745859,0.40637188695202153
30023,0.7278333333333334,0,2,0,558583,47027,75762,32194,0.43561265700841084,0.4063821461481173
30024,0.7278571428571428,0,3,0,558586,47024,75762,32194,0.4355848679091482,0.406397535913555
30025,0.7279047619047619,1,0,1,558586,47024,75763,32193,0.4355848679091482,0.4063900425413737
30026,0.7279166666666668,0,3,0,558589,47021,75763,32193,0.43555707880988553,0.40640543338298785
30027,0.7279285714285715,0,3,0,558592,47018,75763,32193,0.4355292897106228,0.40642082539041297
30028,0.7279484126984127,0,1,0,558593,47017,75763,32193,0.4355200266775353,0.40642595631864664
30029,0.7279761904761906,1,0,1,558593,47017,75764,32192,0.4355200266775353,0.40641846254844777
30030,0.7279999999999999,0,1,0,558594,47016,75764,32192,0.43551076364444774,0.40642359357640645
30031,0.728,12,29,12,558623,46987,75776,32180,0.43524213568490866,0.40648249902105676
30032,0.7280000000000001,1,4,1,558627,46983,75777,32179,0.43520508355255844,0.40649554078977285
30033,0.728030303030303,1,4,1,558631,46979,75778,32178,0.4351680314202082,0.4065085842060715
30034,0.7281150793650794,0,2,0,558633,46977,75778,32178,0.43514950535403313,0.406518855410271
30035,0.7281428571428572,1,0,1,558633,46977,75779,32177,0.43514950535403313,0.40651135760669077
30036,0.7281666666666666,2,9,2,558642,46968,75781,32175,0.4350661380562451,0.40654258746825367
30037,0.7281684704184702,0,1,0,558643,46967,75781,32175,0.4350568750231576,0.40654772434358494
30038,0.7281904761904763,0,1,0,558644,46966,75781,32175,0.43504761199007,0.40655286134873203
30039,0.7282142857142857,1,0,1,558644,46966,75782,32174,0.43504761199007,0.4065453626484711
30040,0.7282142857142858,0,1,0,558645,46965,75782,32174,0.43503834895698246,0.4065504997535981
30041,0.7282380952380951,1,0,1,558645,46965,75783,32173,0.43503834895698246,0.4065430008339862
30042,0.7282857142857142,1,1,1,558646,46964,75784,32172,0.43502908592389494,0.4065406389001213
30043,0.7282857142857143,0,2,0,558648,46962,75784,32172,0.4350105598577198,0.40655091364015467
30044,0.7283333333333333,22,57,22,558705,46905,75806,32150,0.4344825669717292,0.40667889444057936
30045,0.7283333333333334,20,48,20,558753,46857,75826,32130,0.43403794138352664,0.4067757985491283
30046,0.7283571428571427,1,1,1,558754,46856,75827,32129,0.43402867835043907,0.40677343799455595
30047,0.7284365079365079,0,4,0,558758,46852,75827,32129,0.43399162621808884,0.40679403907268835
30048,0.7284444444444443,0,1,0,558759,46851,75827,32129,0.4339823631850013,0.40679918966827044
30049,0.7284523809523811,1,0,1,558759,46851,75828,32128,0.4339823631850013,0.40679167880069383
30050,0.7284642857142856,0,1,0,558760,46850,75828,32128,0.43397310015191376,0.4067968294968219
30051,0.7284761904761905,0,2,0,558762,46848,75828,32128,0.4339545740857386,0.406807131280389
30052,0.7284999999999999,2,16,2,558778,46832,75830,32126,0.4338063655563378,0.40687454089515945
30053,0.7285,0,1,0,558779,46831,75830,32126,0.4337971025232502,0.40687969401066404
30054,0.7285714285714286,3,2,3,558781,46829,75833,32123,0.4337785764570751,0.4068674637754585
30055,0.7286666666666666,0,6,0,558787,46823,75833,32123,0.43372299825854976,0.4068983862386948
30056,0.7286666666666668,4,10,4,558797,46813,75837,32119,0.43363036792767423,0.40691988040338517
30057,0.7286984126984127,0,1,0,558798,46812,75837,32119,0.43362110489458666,0.40692503579075395
30058,0.72875,0,1,0,558799,46811,75837,32119,0.43361184186149915,0.4069301913087546
30059,0.7287619047619047,1,1,1,558800,46810,75838,32118,0.4336025788284116,0.4069278329616866
30060,0.7287857142857144,1,1,1,558801,46809,75839,32117,0.433593315795324,0.4069254744950967
30061,0.7288095238095238,1,2,1,558803,46807,75840,32116,0.4335747897291489,0.4069282718599141
30062,0.7288333333333332,2,6,2,558809,46801,75842,32114,0.43351921153062356,0.40694418044731673
30063,0.7288333333333334,2,1,2,558810,46800,75844,32112,0.43350994849753605,0.40693430656934304
30064,0.7288571428571429,1,0,1,558810,46800,75845,32111,0.43350994849753605,0.4069267909416938
30065,0.7289999999999999,2,5,2,558815,46795,75847,32109,0.43346363333209825,0.4069375443577005
30066,0.7290000000000001,10,25,10,558840,46770,75857,32099,0.4332320575049094,0.40699134007024307
30067,0.7290079365079366,1,4,1,558844,46766,75858,32098,0.43319500537255917,0.40700446337999596
30068,0.7290476190476189,3,3,3,558847,46763,75861,32095,0.4331672162732965,0.4069973877095539
30069,0.7290476190476192,0,1,0,558848,46762,75861,32095,0.43315795324020895,0.4070025489176611
30070,0.7290952380952382,1,0,1,558848,46762,75862,32094,0.43315795324020895,0.4069950289134625
30071,0.7291428571428571,0,1,0,558849,46761,75862,32094,0.43314869020712143,0.4070001902225604
30072,0.7291547619047618,0,3,0,558852,46758,75862,32094,0.4331209011078588,0.40701567493532187
30073,0.7291666666666665,6,29,6,558881,46729,75868,32088,0.4328522731483197,0.4071202913077128
30074,0.7291666666666667,7,22,7,558903,46707,75875,32081,0.4326484864203935,0.40718129664415903
30075,0.7292142857142858,0,1,0,558904,46706,75875,32081,0.4326392233873059,0.40718646477210707
30076,0.72925,0,2,0,558906,46704,75875,32081,0.43262069732113084,0.4071968014215904
30077,0.7292500000000001,0,1,0,558907,46703,75875,32081,0.4326114342880433,0.4072019699431357
30078,0.7292619047619049,0,2,0,558909,46701,75875,32081,0.4325929082218682,0.40721230737985836
30079,0.7292857142857143,1,2,1,558911,46699,75876,32080,0.43257438215569305,0.40721512078091876
30080,0.7293293650793651,0,2,0,558913,46697,75876,32080,0.43255585608951796,0.40722545920763675
30081,0.7293333333333333,0,2,0,558915,46695,75876,32080,0.4325373300233428,0.4072357981593145
30082,0.7293333333333334,7,19,7,558934,46676,75883,32073,0.43236133239467933,0.4072813623030134
30083,0.7294166666666666,1,1,1,558935,46675,75884,32072,0.43235206936159176,0.4072790074542522
30084,0.7294444444444445,1,0,1,558935,46675,75885,32071,0.43235206936159176,0.40727148045615014
30085,0.729452380952381,0,1,0,558936,46674,75885,32071,0.4323428063285042,0.40727665248587214
30086,0.7294841269841271,0,3,0,558939,46671,75885,32071,0.43231501722924154,0.4072921693632369
30087,0.7294999999999999,0,6,0,558945,46665,75885,32071,0.43225943903071623,0.4073232066653119
30088,0.7295,1,7,1,558952,46658,75886,32070,0.43219459779910335,0.4073518951326085
30089,0.7295238095238095,1,1,1,558953,46657,75887,32069,0.4321853347660158,0.40734954144755225
30090,0.7295476190476192,1,1,1,558954,46656,75888,32068,0.4321760717329282,0.40734718764290434
30091,0.7295833333333335,1,0,1,558954,46656,75889,32067,0.4321760717329282,0.407339659311764
30092,0.729595238095238,0,2,0,558956,46654,75889,32067,0.43215754566675313,0.40735000825700896
30093,0.7296190476190475,1,0,1,558956,46654,75890,32066,0.43215754566675313,0.40734247967479675
30094,0.7296190476190476,1,0,1,558956,46654,75891,32065,0.43215754566675313,0.40733495090130717
30095,0.7296428571428573,1,1,1,558957,46653,75892,32064,0.43214828263366556,0.40733259651663556
30096,0.7296666666666666,0,4,0,558961,46649,75892,32064,0.43211123050131534,0.4073532961518428
30097,0.7296666666666667,1,3,1,558964,46646,75893,32063,0.4320834414020527,0.40736129286358613
30098,0.7297142857142854,0,1,0,558965,46645,75893,32063,0.4320741783689651,0.4073664684657214
30099,0.7297142857142858,1,3,1,558968,46642,75894,32062,0.43204638926970246,0.40737446635495017
30100,0.7297222222222223,0,1,0,558969,46641,75894,32062,0.43203712623661494,0.4073796424532737
30101,0.7297500000000001,0,1,0,558970,46640,75894,32062,0.4320278632035274,0.40738481868313386
30102,0.7297619047619047,1,0,1,558970,46640,75895,32061,0.4320278632035274,0.4073772887256833
30103,0.7297619047619048,0,2,0,558972,46638,75895,32061,0.43200933713735223,0.4073876415202226
30104,0.7298253968253968,0,1,0,558973,46637,75895,32061,0.4320000741042647,0.4073928181148187
30105,0.7298333333333333,1,3,1,558976,46634,75896,32060,0.431972285005002,0.40740081835972247
30106,0.7298333333333334,0,1,0,558977,46633,75896,32060,0.4319630219719145,0.4074059954506754
30107,0.7298809523809523,0,1,0,558978,46632,75896,32060,0.4319537589388269,0.4074111726732069
30108,0.7299523809523809,1,0,1,558978,46632,75897,32059,0.4319537589388269,0.4074036420937591
30109,0.7299761904761904,1,2,1,558980,46630,75898,32058,0.43193523287265184,0.40740646604310693
30110,0.7299761904761906,0,2,0,558982,46628,75898,32058,0.4319167068064767,0.40741682128968304
30111,0.7299999999999999,2,10,2,558992,46618,75900,32056,0.43182407647560117,0.40745354246638027
30112,0.73,691,1343,691,560335,45275,76591,31365,0.4193838230390159,0.4092510438413361
30113,0.7300000000000001,1,1,1,560336,45274,76592,31364,0.4193745600059283,0.409248675591743
30114,0.7300079365079364,0,1,0,560337,45273,76592,31364,0.4193652969728408,0.40925401568433
30115,0.7300714285714287,0,2,0,560339,45271,76592,31364,0.41934677090666567,0.40926469628759704
30116,0.7301190476190476,0,2,0,560341,45269,76592,31364,0.4193282448404906,0.40927537744835774
30117,0.7301309523809525,0,1,0,560342,45268,76592,31364,0.419318981807403,0.40928071823781187
30118,0.7301428571428571,1,0,1,560342,45268,76593,31363,0.419318981807403,0.4092730096175177
30119,0.7301666666666666,4,7,4,560349,45261,76597,31359,0.41925414057579014,0.40927956147220046
30120,0.7301666666666669,1,2,1,560351,45259,76598,31358,0.41923561450961505,0.409282535207591
30121,0.7301746031746031,0,2,0,560353,45257,76598,31358,0.4192170884434399,0.4092932193434706
30122,0.7302380952380951,1,3,1,560356,45254,76599,31357,0.41918929934417726,0.40930153633290256
30123,0.73025,0,2,0,560358,45252,76599,31357,0.4191707732780022,0.40931222180161597
30124,0.7302539682539683,0,1,0,560359,45251,76599,31357,0.4191615102449146,0.4093175647451963
30125,0.7302777777777777,0,1,0,560360,45250,76599,31357,0.41915224721182703,0.40932290782826636
30126,0.7302857142857142,0,4,0,560364,45246,76599,31357,0.4191151950794768,0.40934428155555264
30127,0.7303246753246754,0,1,0,560365,45245,76599,31357,0.4191059320463893,0.4093496253361531
30128,0.7303333333333332,0,2,0,560367,45243,76599,31357,0.41908740598021416,0.40936031331592687
30129,0.7303333333333333,1,3,1,560370,45240,76600,31356,0.4190596168809515,0.4093686354378819
30130,0.7303333333333335,0,6,0,560376,45234,76600,31356,0.4190040386824262,0.40940070505287895
30131,0.7303571428571428,0,2,0,560378,45232,76600,31356,0.41898551261625105,0.4094113960411553
30132,0.7303690476190476,0,1,0,560379,45231,76600,31356,0.4189762495831635,0.4094167417446825
30133,0.7303809523809524,0,1,0,560380,45230,76600,31356,0.41896698655007597,0.4094220875878098
30134,0.7304166666666666,0,1,0,560381,45229,76600,31356,0.4189577235169884,0.4094274335705425
30135,0.7304166666666667,1,0,1,560381,45229,76601,31355,0.4189577235169884,0.40941972213517186
30136,0.7304285714285714,1,2,1,560383,45227,76602,31354,0.4189391974508133,0.40942270275917003
30137,0.7304444444444446,1,0,1,560383,45227,76603,31353,0.4189391974508133,0.40941499085923216
30138,0.7304761904761905,1,1,1,560384,45226,76604,31352,0.41892993441772575,0.4094126250359111
30139,0.7304999999999999,3,11,3,560395,45215,76607,31349,0.41882804105376265,0.4094483046862755
30140,0.7305000000000001,0,1,0,560396,45214,76607,31349,0.4188187780206751,0.4094536525475752
30141,0.7306190476190477,0,1,0,560397,45213,76607,31349,0.41880951498758756,0.40945900054857504
30142,0.7306428571428569,0,1,0,560398,45212,76607,31349,0.4188002519545,0.40946434868928044
30143,0.7306666666666666,4,9,4,560407,45203,76611,31345,0.418716884656712,0.40948163243977637
30144,0.7306666666666668,0,2,0,560409,45201,76611,31345,0.4186983585905369,0.4094923314085648
30145,0.7306865079365078,0,5,0,560414,45196,76611,31345,0.4186520434250991,0.4095190812767014
30146,0.7307142857142856,1,1,1,560415,45195,76612,31344,0.4186427803920116,0.4095167169678203
30147,0.7307575757575758,0,1,0,560416,45194,76612,31344,0.418633517358924,0.40952206746975356
30148,0.7307777777777779,0,1,0,560417,45193,76612,31344,0.41862425432583644,0.4095274181115016
30149,0.7308009082420847,0,2,0,560419,45191,76612,31344,0.41860572825966136,0.409538119814464
30150,0.7308333333333331,0,1,0,560420,45190,76612,31344,0.4185964652265738,0.40954347087568926
30151,0.7308333333333333,5,20,5,560440,45170,76617,31339,0.4184112045648227,0.4096119410788273
30152,0.7308333333333334,14,22,14,560462,45148,76631,31325,0.4182074178368965,0.40962169654649355
30153,0.7308571428571429,0,1,0,560463,45147,76631,31325,0.41819815480380895,0.4096270530390208
30154,0.7308641636141635,0,2,0,560465,45145,76631,31325,0.41817962873763387,0.4096377664443573
30155,0.7309166666666667,0,1,0,560466,45144,76631,31325,0.4181703657045463,0.4096431233571774
30156,0.7309404761904762,0,1,0,560467,45143,76631,31325,0.41816110267145873,0.4096484804101062
30157,0.730952380952381,0,3,0,560470,45140,76631,31325,0.4181333135721961,0.40966455240959915
30158,0.7309999999999998,0,1,0,560471,45139,76631,31325,0.4181240505391085,0.4096699100230174
30159,0.731,6,31,6,560502,45108,76637,31319,0.41783689651339434,0.4097897339945307
30160,0.7310000000000001,0,1,0,560503,45107,76637,31319,0.41782763348030677,0.4097950959097689
30161,0.7310238095238094,1,0,1,560503,45107,76638,31318,0.41782763348030677,0.40978737324174025
30162,0.7310238095238097,0,1,0,560504,45106,76638,31318,0.41781837044721926,0.40979273526640847
30163,0.7310476190476192,1,1,1,560505,45105,76639,31317,0.4178091074141317,0.4097903744994897
30164,0.7310595238095239,0,1,0,560506,45104,76639,31317,0.4177998443810441,0.4097957367739234
30165,0.7310714285714286,0,2,0,560508,45102,76639,31317,0.41778131831486903,0.4098064617438072
30166,0.731107142857143,0,4,0,560512,45098,76639,31317,0.4177442661825188,0.4098279133677943
30167,0.7311190476190477,0,1,0,560513,45097,76639,31317,0.41773500314943124,0.40983327662470226
30168,0.7311666666666664,1,0,1,560513,45097,76640,31316,0.41773500314943124,0.409825553243558
30169,0.7311666666666666,1,3,1,560516,45094,76641,31315,0.4177072140501686,0.4098339200879478
30170,0.7311666666666667,1,3,1,560519,45091,76642,31314,0.41767942495090593,0.4098422878083895
30171,0.7311904761904762,0,1,0,560520,45090,76642,31314,0.41767016191781836,0.409847651955395
30172,0.7312380952380952,0,2,0,560522,45088,76642,31314,0.4176516358516433,0.40985838067066305
30173,0.73125,1,0,1,560522,45088,76643,31313,0.4176516358516433,0.4098506564050209
30174,0.7313253968253969,1,0,1,560522,45088,76644,31312,0.4176516358516433,0.40984293193717275
30175,0.7313333333333333,5,9,5,560531,45079,76649,31307,0.41756826855385526,0.409852590788888
30176,0.7313333333333334,1,5,1,560536,45074,76650,31306,0.4175219533884175,0.40987169416077507
30177,0.7313809523809525,0,1,0,560537,45073,76650,31306,0.41751269035532995,0.4098770604485526
30178,0.7313888888888889,1,0,1,560537,45073,76651,31305,0.41751269035532995,0.40986933410144283
30179,0.7314285714285714,0,1,0,560538,45072,76651,31305,0.4175034273222424,0.4098747004988413
30180,0.7314285714285715,0,1,0,560539,45071,76651,31305,0.41749416428915487,0.4098800670367655
30181,0.7314325396825397,0,1,0,560540,45070,76651,31305,0.4174849012560673,0.40988543371522096
30182,0.731452380952381,0,3,0,560543,45067,76651,31305,0.41745711215680464,0.4099015345938302
30183,0.7314999999999999,1,4,1,560547,45063,76652,31304,0.4174200600244544,0.4099152775413464
30184,0.7315,5,6,5,560553,45057,76657,31299,0.41736448182592906,0.4099088480276599
30185,0.7315000000000002,0,1,0,560554,45056,76657,31299,0.41735521879284154,0.4099142164887696
30186,0.7315476190476191,0,1,0,560555,45055,76657,31299,0.417345955759754,0.4099195850904995
30187,0.7315833333333331,0,1,0,560556,45054,76657,31299,0.4173366927266664,0.40992495383285527
30188,0.7316111111111111,0,1,0,560557,45053,76657,31299,0.4173274296935789,0.4099303227158424
30189,0.7316190476190476,0,1,0,560558,45052,76657,31299,0.4173181666604913,0.4099356917394664
30190,0.7316428571428572,0,1,0,560559,45051,76657,31299,0.41730890362740375,0.40994106090373283
30191,0.7316666666666666,33,62,33,560621,44989,76690,31266,0.4167345955759754,0.41001901514654776
30192,0.7316666666666667,23,54,23,560675,44935,76713,31243,0.4162343917892475,0.41013153403869884
30193,0.7317420634920636,1,4,1,560679,44931,76714,31242,0.41619733965689726,0.4101453270844
30194,0.7317857142857142,0,1,0,560680,44930,76714,31242,0.4161880766238097,0.4101507115475503
30195,0.7318095238095239,0,2,0,560682,44928,76714,31242,0.4161695505576346,0.4101614808979913
30196,0.7318214285714285,0,1,0,560683,44927,76714,31242,0.41616028752454703,0.4101668657852932
30197,0.7318333333333333,5,13,5,560696,44914,76719,31237,0.41603986809440885,0.410198158921091
30198,0.7318571428571429,0,1,0,560697,44913,76719,31237,0.4160306050613213,0.4102035456336179
30199,0.7318809523809523,2,0,2,560697,44913,76721,31235,0.4160306050613213,0.41018805484057363
30200,0.7318888888888888,1,5,1,560702,44908,76722,31234,0.4159842898958835,0.41020724435922357
30201,0.731904761904762,1,0,1,560702,44908,76723,31233,0.4159842898958835,0.41019949829920804
30202,0.7319047619047621,0,1,0,560703,44907,76723,31233,0.41597502686279597,0.41020488573680064
30203,0.7319444444444444,0,1,0,560704,44906,76723,31233,0.4159657638297084,0.41021027331590904
30204,0.7319523809523809,0,1,0,560705,44905,76723,31233,0.41595650079662083,0.4102156610365389
30205,0.7319761904761906,0,3,0,560708,44902,76723,31233,0.4159287116973582,0.4102318250476128
30206,0.7319999999999999,1,1,1,560709,44901,76724,31232,0.4159194486642706,0.41022946685405803
30207,0.732,6,27,6,560736,44874,76730,31226,0.41566934677090667,0.41032851511169516
30208,0.7320000000000002,0,1,0,560737,44873,76730,31226,0.4156600837378191,0.4103339071472687
30209,0.7320238095238095,1,0,1,560737,44873,76731,31225,0.4156600837378191,0.4103261583747273
30210,0.7320238095238096,0,1,0,560738,44872,76731,31225,0.4156508207047316,0.41033155052104553
30211,0.7320317460317461,1,0,1,560738,44872,76732,31224,0.4156508207047316,0.4103238015138772
30212,0.7320833333333333,0,3,0,560741,44869,76732,31224,0.4156230316054689,0.41033997871026245
30213,0.7320833333333334,0,1,0,560742,44868,76732,31224,0.41561376857238136,0.41034537139252486
30214,0.7320952380952381,1,0,1,560742,44868,76733,31223,0.41561376857238136,0.4103376220577992
30215,0.7321111111111113,0,1,0,560743,44867,76733,31223,0.4156045055392938,0.4103430148508345
30216,0.7321428571428571,0,1,0,560744,44866,76733,31223,0.4155952425062062,0.4103484077856195
30217,0.7321428571428572,0,1,0,560745,44865,76733,31223,0.4155859794731187,0.4103538008621596
30218,0.7321626984126983,0,2,0,560747,44863,76733,31223,0.41556745340694357,0.41036458744052784
30219,0.7321666666666665,1,1,1,560748,44862,76734,31222,0.415558190373856,0.4103622312181273
30220,0.7321666666666666,4,4,4,560752,44858,76738,31218,0.41552113824150577,0.4103528050896472
30221,0.7321666666666669,1,1,1,560753,44857,76739,31217,0.41551187520841826,0.41035044824775874
30222,0.7322222222222223,1,0,1,560753,44857,76740,31216,0.41551187520841826,0.4103426971461622
30223,0.7322380952380952,1,0,1,560753,44857,76741,31215,0.41551187520841826,0.4103349458407824
30224,0.7322619047619047,0,2,0,560755,44855,76741,31215,0.4154933491422431,0.4103457341921914
30225,0.7322619047619048,0,1,0,560756,44854,76741,31215,0.4154840861091556,0.4103511285806307
30226,0.7323333333333332,0,3,0,560759,44851,76741,31215,0.4154562970098929,0.4103673125969553
30227,0.7323333333333334,2,16,2,560775,44835,76743,31213,0.41530808848049205,0.4104381443298969
30228,0.7323333333333336,0,1,0,560776,44834,76743,31213,0.4152988254474045,0.410443541494076
30229,0.7323809523809524,1,3,1,560779,44831,76744,31212,0.41527103634814183,0.41045198111594755
30230,0.732388888888889,0,1,0,560780,44830,76744,31212,0.41526177331505426,0.4104573788169696
30231,0.7324242424242425,0,1,0,560781,44829,76744,31212,0.41525251028196675,0.4104627766599598
30232,0.7324285714285712,0,4,0,560785,44825,76744,31212,0.4152154581496165,0.4104843694517143
30233,0.7324285714285713,0,1,0,560786,44824,76744,31212,0.41520619511652895,0.4104897680046294
30234,0.7324285714285714,1,1,1,560787,44823,76745,31211,0.4151969320834414,0.41048741352552803
30235,0.7324523809523807,0,1,0,560788,44822,76745,31211,0.41518766905035387,0.41049281233148766
30236,0.7324523809523811,0,1,0,560789,44821,76745,31211,0.4151784060172663,0.4104982112794613
30237,0.7324761904761905,0,1,0,560790,44820,76745,31211,0.41516914298417873,0.41050361036945454
30238,0.7324999999999998,2,6,2,560796,44814,76747,31209,0.4151135647856534,0.4105205003748865
30239,0.7325,39,99,39,560895,44715,76786,31170,0.41419652450998556,0.4107531132634908
30240,0.7325000000000002,0,3,0,560898,44712,76786,31170,0.4141687354107229,0.41076935241559265
30241,0.7325238095238096,0,1,0,560899,44711,76786,31170,0.41415947237763534,0.4107747657516374
30242,0.7325238095238098,0,1,0,560900,44710,76786,31170,0.41415020934454777,0.41078017923036375
30243,0.7325357142857145,1,0,1,560900,44710,76787,31169,0.41415020934454777,0.41077241397488107
30244,0.7325476190476191,1,0,1,560900,44710,76788,31168,0.41415020934454777,0.410764648514721
30245,0.7325595238095238,1,0,1,560900,44710,76789,31167,0.41415020934454777,0.41075688284987544
30246,0.7325714285714287,0,1,0,560901,44709,76789,31167,0.4141409463114602,0.4107622963783014
30247,0.7325833333333333,0,1,0,560902,44708,76789,31167,0.4141316832783727,0.4107677100494234
30248,0.7326071428571429,0,1,0,560903,44707,76789,31167,0.4141224202452851,0.41077312386324694
30249,0.7326190476190476,0,2,0,560905,44705,76789,31167,0.41410389417911003,0.4107839519190215
30250,0.732642857142857,0,1,0,560906,44704,76789,31167,0.41409463114602246,0.41078936616098377
30251,0.7326666666666665,1,1,1,560907,44703,76790,31166,0.4140853681129349,0.4107870144591335
30252,0.7326666666666667,4,13,4,560920,44690,76794,31162,0.4139649486827967,0.4108263460422929
30253,0.7326666666666668,2,7,2,560927,44683,76796,31160,0.41390010745118383,0.4108487269754625
30254,0.7327142857142855,0,1,0,560928,44682,76796,31160,0.41389084441809626,0.4108541441417684
30255,0.7327142857142858,1,0,1,560928,44682,76797,31159,0.41389084441809626,0.410846375970781
30256,0.7327222222222222,0,2,0,560930,44680,76797,31159,0.4138723183519212,0.41085721066997194
30257,0.7327380952380953,0,1,0,560931,44679,76797,31159,0.4138630553188336,0.41086262823386693
30258,0.7327738095238095,1,0,1,560931,44679,76798,31158,0.4138630553188336,0.41085485976502234
30259,0.7328095238095238,0,1,0,560932,44678,76798,31158,0.41385379228574604,0.4108602774407933
30260,0.7328333333333333,0,4,0,560936,44674,76798,31158,0.4138167401533958,0.4108819495727397
30261,0.7328333333333334,0,1,0,560937,44673,76798,31158,0.4138074771203083,0.41088736796297026
30262,0.7328571428571428,0,2,0,560939,44671,76798,31158,0.41378895105413316,0.4108982051721637
30263,0.7328571428571429,1,0,1,560939,44671,76799,31157,0.41378895105413316,0.41089043625046157
30264,0.7328809523809524,2,0,2,560939,44671,76801,31155,0.41378895105413316,0.410874897792314
30265,0.732888888888889,0,1,0,560940,44670,76801,31155,0.4137796880210456,0.4108803165182987
30266,0.7329166666666665,1,0,1,560940,44670,76802,31154,0.4137796880210456,0.41087254695083353
30267,0.7329999999999999,1,0,1,560940,44670,76803,31153,0.4137796880210456,0.41086477717842873
30268,0.733,9,10,9,560950,44660,76812,31144,0.41368705769017006,0.41084903171336606
30269,0.7330000000000001,1,2,1,560952,44658,76813,31143,0.413668531623995,0.41085209957652274
30270,0.7330555555555556,0,1,0,560953,44657,76813,31143,0.4136592685909074,0.4108575197889182
30271,0.733111111111111,0,1,0,560954,44656,76813,31143,0.41365000555781983,0.41086294014432906
30272,0.7331666666666666,3,11,3,560965,44645,76816,31140,0.41354811219385673,0.4108992544698819
30273,0.7331666666666667,1,0,1,560965,44645,76817,31139,0.41354811219385673,0.41089148105140927
30274,0.7331904761904764,0,3,0,560968,44642,76817,31139,0.4135203230945941,0.4109077473245273
30275,0.7332142857142857,1,0,1,560968,44642,76818,31138,0.4135203230945941,0.4108999736078121
30276,0.7332500000000002,0,1,0,560969,44641,76818,31138,0.41351106006150656,0.4109053959540242
30277,0.7332857142857142,1,0,1,560969,44641,76819,31137,0.41351106006150656,0.4108976220011085
30278,0.7333333333333332,1,0,1,560969,44641,76820,31136,0.41351106006150656,0.4108898478430131
30279,0.7333333333333333,38,106,38,561075,44535,76858,31098,0.4125291785542258,0.41116972749990083
30280,0.7333333333333334,63,100,63,561175,44435,76921,31035,0.4116028752454704,0.41122300251755667
30281,0.7333571428571429,0,1,0,561176,44434,76921,31035,0.41159361221238283,0.41122845141713815
30282,0.7333809523809524,0,1,0,561177,44433,76921,31035,0.41158434917929526,0.41123390046112257
30283,0.7333809523809525,1,0,1,561177,44433,76922,31034,0.41158434917929526,0.41122609882465183
30284,0.7334047619047618,1,0,1,561177,44433,76923,31033,0.41158434917929526,0.4112182969814221
30285,0.7334444444444443,0,1,0,561178,44432,76923,31033,0.4115750861462077,0.41122374610746704
30286,0.733452380952381,0,2,0,561180,44430,76923,31033,0.4115565600800326,0.41123464479281235
30287,0.7334761904761905,0,1,0,561181,44429,76923,31033,0.41154729704694504,0.4112400943521243
30288,0.7334999999999999,4,6,4,561187,44423,76927,31029,0.41149171884841973,0.41124158405343797
30289,0.7335,1,3,1,561190,44420,76928,31028,0.4114639297491571,0.4112501325416181
30290,0.7335238095238092,1,2,1,561192,44418,76929,31027,0.41144540368298194,0.41125323083040627
30291,0.7335238095238096,0,3,0,561195,44415,76929,31027,0.4114176145837193,0.41126958458153284
30292,0.7335714285714284,0,1,0,561196,44414,76929,31027,0.4114083515506317,0.4112750361209422
30293,0.7335714285714287,0,1,0,561197,44413,76929,31027,0.4113990885175442,0.411280487804878
30294,0.7335952380952381,0,2,0,561199,44411,76929,31027,0.41138056245136906,0.41129139160635225
30295,0.7336031746031746,0,1,0,561200,44410,76929,31027,0.41137129941828154,0.4112968437239021
30296,0.7336190476190475,0,1,0,561201,44409,76929,31027,0.411362036385194,0.4113022959860014
30297,0.7336190476190477,0,2,0,561203,44407,76929,31027,0.41134351031901883,0.41131320094387147
30298,0.7336309523809524,0,1,0,561204,44406,76929,31027,0.4113342472859313,0.41131865363965375
30299,0.7336666666666666,1,5,1,561209,44401,76930,31026,0.4112879321204935,0.41133811499860795
30300,0.7336666666666667,0,9,0,561218,44392,76930,31026,0.41120456482270556,0.4113872019942189
30301,0.7336818181818181,0,5,0,561223,44387,76930,31026,0.41115824965726777,0.41141447760996114
30302,0.7336904761904762,0,2,0,561225,44385,76930,31026,0.4111397235910927,0.4114253888689979
30303,0.73375,2,1,2,561226,44384,76932,31024,0.4111304605580051,0.4114152344578825
30304,0.7337936507936509,0,2,0,561228,44382,76932,31024,0.41111193449183,0.41142614646049386
30305,0.7338080808080807,1,1,1,561229,44381,76933,31023,0.41110267145874246,0.41142379714604
30306,0.7338095238095238,1,2,1,561231,44379,76934,31022,0.4110841453925673,0.4114269041524648
30307,0.7338333333333332,2,4,2,561235,44375,76936,31020,0.4110470932602171,0.41143311890708933
30308,0.7338333333333334,0,4,0,561239,44371,76936,31020,0.41101004112786693,0.4114549482033664
30309,0.7338571428571429,0,1,0,561240,44370,76936,31020,0.41100077809477936,0.41146040588937527
30310,0.7339166666666667,0,3,0,561243,44367,76936,31020,0.4109729889955167,0.41147677981614866
30311,0.7339285714285714,0,1,0,561244,44366,76936,31020,0.41096372596242914,0.4114822380813414
30312,0.7339999999999999,1,5,1,561249,44361,76937,31019,0.41091741079699134,0.41150172459538337
30313,0.7340000000000001,18,34,18,561283,44327,76955,31001,0.4106024676720145,0.4115468351741716
30314,0.7340555555555557,0,1,0,561284,44326,76955,31001,0.41059320463892696,0.4115522986445763
30315,0.7340714285714285,0,1,0,561285,44325,76955,31001,0.41058394160583944,0.41155776226004304
30316,0.734090909090909,1,0,1,561285,44325,76956,31000,0.41058394160583944,0.4115499502157318
30317,0.734095238095238,2,2,2,561287,44323,76958,30998,0.4105654155396643,0.4115452529838956
30318,0.734142857142857,0,1,0,561288,44322,76958,30998,0.41055615250657673,0.4115507169410515
30319,0.7341428571428571,0,1,0,561289,44321,76958,30998,0.4105468894734892,0.41155618104329583
30320,0.7341666666666665,7,26,7,561315,44295,76965,30991,0.4103060506132128,0.41164359907552533
30321,0.7341666666666667,6,16,6,561331,44279,76971,30985,0.4101578420838119,0.4116842049319728
30322,0.7341904761904762,1,0,1,561331,44279,76972,30984,0.4101578420838119,0.4116763881322828
30323,0.7342142857142858,0,1,0,561332,44278,76972,30984,0.4101485790507244,0.4116818580425713
30324,0.7342857142857142,0,1,0,561333,44277,76972,30984,0.4101393160176368,0.4116873280982182
30325,0.7342857142857143,6,5,6,561338,44272,76978,30978,0.410093000852199,0.4116677740863787
30326,0.7343015873015872,0,2,0,561340,44270,76978,30978,0.41007447478602393,0.41167871571337444
30327,0.7343333333333333,1,0,1,561340,44270,76979,30977,0.41007447478602393,0.41167089717862504
30328,0.7343333333333334,7,6,7,561346,44264,76986,30970,0.4100188965874986,0.41164898848924686
30329,0.7343571428571427,0,1,0,561347,44263,76986,30970,0.41000963355441106,0.41165446014381984
30330,0.7344047619047619,1,0,1,561347,44263,76987,30969,0.41000963355441106,0.41164663972777543
30331,0.7344404761904763,0,4,0,561351,44259,76987,30969,0.40997258142206083,0.41166852767586537
30332,0.7344999999999997,0,2,0,561353,44257,76987,30969,0.40995405535588575,0.41167947252279796
30333,0.7344999999999999,0,3,0,561356,44254,76987,30969,0.4099262662566231,0.4116958908844369
30334,0.7345,5,4,5,561360,44250,76992,30964,0.40988921412427287,0.41167867684207726
30335,0.734547619047619,1,0,1,561360,44250,76993,30963,0.40988921412427287,0.41167085477244625
30336,0.7345714285714287,0,1,0,561361,44249,76993,30963,0.4098799510911853,0.4116763282454927
30337,0.7345833333333335,2,2,2,561363,44247,76995,30961,0.40986142502501016,0.4116716306775875
30338,0.7345873015873013,1,0,1,561363,44247,76996,30960,0.40986142502501016,0.411663807890223
30339,0.7346428571428573,0,2,0,561365,44245,76996,30960,0.4098428989588351,0.41167475566784123
30340,0.7346626984126982,1,5,1,561370,44240,76997,30959,0.4097965837933973,0.41169430444553784
30341,0.7346666666666666,1,6,1,561376,44234,76998,30958,0.409741005594872,0.41171933184381315
30342,0.7346666666666667,3,15,3,561391,44219,77001,30955,0.40960206009855865,0.4117780083539522
30343,0.7346666666666668,0,1,0,561392,44218,77001,30955,0.40959279706547114,0.41178348609208093
30344,0.7347500000000001,0,1,0,561393,44217,77001,30955,0.40958353403238357,0.4117889639759485
30345,0.7347619047619045,2,0,2,561393,44217,77003,30953,0.40958353403238357,0.41177331382200344
30346,0.7347619047619048,0,1,0,561394,44216,77003,30953,0.409574270999296,0.41177879178916843
30347,0.7348333333333332,1,5,1,561399,44211,77004,30952,0.40952795583385826,0.4117983582347698
30348,0.7348333333333333,3,9,3,561408,44202,77007,30949,0.40944458853607024,0.41182419395616826
30349,0.7348333333333334,0,1,0,561409,44201,77007,30949,0.40943532550298267,0.41182967398536263
30350,0.7348452380952382,0,2,0,561411,44199,77007,30949,0.4094167994368076,0.41184063448129027
30351,0.7348809523809524,1,2,1,561413,44197,77008,30948,0.4093982733706325,0.41184376871381995
30352,0.7349047619047618,0,2,0,561415,44195,77008,30948,0.40937974730445736,0.41185473031420095
30353,0.7349206349206351,0,1,0,561416,44194,77008,30948,0.4093704842713698,0.4118602113332091
30354,0.7349523809523809,0,1,0,561417,44193,77008,30948,0.4093612212382823,0.41186569249810356
30355,0.7349816017316019,0,1,0,561418,44192,77008,30948,0.4093519582051947,0.41187117380889005
30356,0.7349999999999999,2,5,2,561423,44187,77010,30946,0.4093056430397569,0.41188292760837447
30357,0.735,190,382,190,561805,43805,77200,30756,0.40576716440031124,0.4124944676171189
30358,0.7350000000000001,5,5,5,561810,43800,77205,30751,0.40572084923487345,0.4124827299432603
30359,0.735047619047619,1,2,1,561812,43798,77206,30750,0.40570232316869836,0.41248591511509364
30360,0.7350476190476191,0,1,0,561813,43797,77206,30750,0.4056930601356108,0.41249144834802204
30361,0.7350833333333333,0,1,0,561814,43796,77206,30750,0.4056837971025232,0.41249698172940197
30362,0.7351190476190478,1,0,1,561814,43796,77207,30749,0.4056837971025232,0.412489100543296
30363,0.7351547619047618,0,1,0,561815,43795,77207,30749,0.4056745340694357,0.41249463404163983
30364,0.7351666666666666,2,2,2,561817,43793,77209,30747,0.40565600800326057,0.41248993828816743
30365,0.7351666666666667,2,1,2,561818,43792,77211,30745,0.40564674497017306,0.4124797080644512
30366,0.7351686369186368,1,3,1,561821,43789,77212,30744,0.40561895587091035,0.4124884279446688
30367,0.7351904761904762,0,1,0,561822,43788,77212,30744,0.40560969283782283,0.4124939623249074
30368,0.7352380952380951,0,4,0,561826,43784,77212,30744,0.4055726407054726,0.4125161013310434
30369,0.7352380952380954,0,1,0,561827,43783,77212,30744,0.40556337767238504,0.4125216364539026
30370,0.7352777777777777,1,0,1,561827,43783,77213,30743,0.40556337767238504,0.4125137535893514
30371,0.7352777777777778,0,1,0,561828,43782,77213,30743,0.40555411463929747,0.41251928882925193
30372,0.7353333333333332,0,3,0,561831,43779,77213,30743,0.4055263255400348,0.4125358954402727
30373,0.7353333333333333,4,10,4,561841,43769,77217,30739,0.4054336952091593,0.41255972513018735
30374,0.7354166666666666,1,0,1,561841,43769,77218,30738,0.4054336952091593,0.41255184076663937
30375,0.7354166666666667,0,1,0,561842,43768,77218,30738,0.4054244321760717,0.4125573779292943
30376,0.7354404761904761,1,1,1,561843,43767,77219,30737,0.4054151691429842,0.41255503060238374
30377,0.7354523809523809,0,2,0,561845,43765,77219,30737,0.40539664307680906,0.41256610560790313
30378,0.7354523809523811,0,2,0,561847,43763,77219,30737,0.405378117010634,0.4125771812080537
30379,0.7354642857142857,1,1,1,561848,43762,77220,30736,0.4053688539775464,0.41257483422373753
30380,0.7354761904761904,0,1,0,561849,43761,77220,30736,0.40535959094445884,0.4125803723639878
30381,0.7354999999999999,0,7,0,561856,43754,77220,30736,0.40529474971284596,0.4126191435091959
30382,0.7355000000000002,0,1,0,561857,43753,77220,30736,0.40528548667975844,0.4126246828390769
30383,0.7355555555555555,0,1,0,561858,43752,77220,30736,0.4052762236466709,0.41263022231768876
30384,0.7355714285714285,0,1,0,561859,43751,77220,30736,0.4052669606135833,0.41263576194503737
30385,0.7355952380952381,0,2,0,561861,43749,77220,30736,0.4052484345474082,0.412646841645969
30386,0.7356153846153844,0,1,0,561862,43748,77220,30736,0.40523917151432065,0.4126523817195639
30387,0.7356256930204299,0,1,0,561863,43747,77220,30736,0.4052299084812331,0.41265792194191964
30388,0.735642857142857,0,1,0,561864,43746,77220,30736,0.40522064544814557,0.4126634623130421
30389,0.7356547619047621,0,1,0,561865,43745,77220,30736,0.405211382415058,0.4126690028329373
30390,0.7356666666666666,3,20,3,561885,43725,77223,30733,0.4050261217533069,0.41275618469472725
30391,0.7356666666666668,2,0,2,561885,43725,77225,30731,0.4050261217533069,0.41274041044375204
30392,0.7357142857142857,1,3,1,561888,43722,77226,30730,0.4049983326540442,0.41274915381722455
30393,0.7358333333333333,7,22,7,561910,43700,77233,30723,0.404794545926118,0.4128159305591014
30394,0.7358333333333335,11,27,11,561937,43673,77244,30712,0.4045444440327541,0.4128789406466358
30395,0.7358809523809523,0,2,0,561939,43671,77244,30712,0.404525917966579,0.4128900420795074
30396,0.735909090909091,1,0,1,561939,43671,77245,30711,0.404525917966579,0.41288214890699365
30397,0.735952380952381,0,1,0,561940,43670,77245,30711,0.4045166549334914,0.4128876998158132
30398,0.7359956701794934,0,5,0,561945,43665,77245,30711,0.40447033976805363,0.4129154565989029
30399,0.736,13,44,13,561989,43621,77258,30698,0.4040627663122013,0.41305722628130087
30400,0.7360000000000001,3,5,3,561994,43616,77261,30695,0.4040164511467635,0.4130613233572419
30401,0.7360476190476188,0,2,0,561996,43614,77261,30695,0.4039979250805884,0.41307244075414823
30402,0.7360555555555556,1,0,1,561996,43614,77262,30694,0.4039979250805884,0.4130645421758088
30403,0.7361190476190476,0,1,0,561997,43613,77262,30694,0.40398866204750083,0.4130701010671942
30404,0.7361190476190477,1,0,1,561997,43613,77263,30693,0.40398866204750083,0.41306220224477164
30405,0.7361666666666664,0,1,0,561998,43612,77263,30693,0.40397939901441327,0.41306776125428973
30406,0.7361666666666666,1,6,1,562004,43606,77264,30692,0.40392382081588796,0.41309321919836334
30407,0.7361666666666667,1,6,1,562010,43600,77265,30691,0.40386824261736265,0.4131186819399389
30408,0.7362222222222222,1,1,1,562011,43599,77266,30690,0.4038589795842751,0.41311634293098576
30409,0.73625,1,4,1,562015,43595,77267,30689,0.40382192745192486,0.41313068763125305
30410,0.7363095238095237,2,2,2,562017,43593,77269,30687,0.40380340138574977,0.4131260096930533
30411,0.7363138528138529,0,2,0,562019,43591,77269,30687,0.40378487531957463,0.41313713347155284
30412,0.7363333333333333,2,5,2,562024,43586,77271,30685,0.4037385601541369,0.41314914300332567
30413,0.7363333333333334,0,3,0,562027,43583,77271,30685,0.4037107710548742,0.4131658318522109
30414,0.7363571428571428,0,2,0,562029,43581,77271,30685,0.4036922449886991,0.41317695850052516
30415,0.7363636363636364,0,1,0,562030,43580,77271,30685,0.40368298195561153,0.41318252204941763
30416,0.7363690476190476,0,1,0,562031,43579,77271,30685,0.403673718922524,0.41318808574814175
30417,0.7363809523809525,1,0,1,562031,43579,77272,30684,0.403673718922524,0.4131801839408588
30418,0.7364285714285714,0,1,0,562032,43578,77272,30684,0.40366445588943645,0.4131857477579381
30419,0.7364761904761906,0,2,0,562034,43576,77272,30684,0.4036459298232613,0.4131968758416375
30420,0.7364999999999998,1,1,1,562035,43575,77273,30683,0.4036366667901738,0.41319453796223976
30421,0.7364999999999999,1,3,1,562038,43572,77274,30682,0.40360887769091114,0.4132033291135831
30422,0.7365,2,6,2,562044,43566,77276,30680,0.4035532994923858,0.41322091425800717
30423,0.7365000000000002,1,0,1,562044,43566,77277,30679,0.4035532994923858,0.41321301097717017
30424,0.7365238095238095,0,1,0,562045,43565,77277,30679,0.4035440364592982,0.4132185765853133
30425,0.7365238095238097,0,3,0,562048,43562,77277,30679,0.40351624736003555,0.41323527430934387
30426,0.7366111111111111,0,1,0,562049,43561,77277,30679,0.40350698432694804,0.41324084051724136
30427,0.7366428571428573,0,3,0,562052,43558,77277,30679,0.4034791952276853,0.41325754004068055
30428,0.7366666666666666,59,118,59,562170,43440,77336,30620,0.402386157323354,0.41344855522549284
30429,0.7366666666666667,44,93,44,562263,43347,77380,30576,0.4015246952462114,0.41361957712755165
30430,0.7367142857142858,0,1,0,562264,43346,77380,30576,0.40151543221312386,0.4136251724790996
30431,0.7367460317460316,0,1,0,562265,43345,77380,30576,0.4015061691800363,0.41363076798203485
30432,0.7367857142857143,0,2,0,562267,43343,77380,30576,0.4014876431138612,0.41364195944209203
30433,0.7368095238095238,0,1,0,562268,43342,77380,30576,0.40147838008077363,0.41364755539922615
30434,0.7368333333333332,1,2,1,562270,43340,77381,30575,0.40145985401459855,0.41365081512548196
30435,0.7368333333333333,0,5,0,562275,43335,77381,30575,0.40141353884916076,0.4136787985387634
30436,0.7368333333333336,1,0,1,562275,43335,77382,30574,0.40141353884916076,0.4136708655238198
30437,0.7368809523809524,0,2,0,562277,43333,77382,30574,0.40139501278298567,0.41368205988607304
30438,0.736904761904762,0,2,0,562279,43331,77382,30574,0.40137648671681053,0.4136932548542047
30439,0.7369166666666667,1,0,1,562279,43331,77383,30573,0.40137648671681053,0.4136853214981598
30440,0.7369444444444443,0,1,0,562280,43330,77383,30573,0.401367223683723,0.41369091917784123
30441,0.7369999999999999,0,4,0,562284,43326,77383,30573,0.4013301715513728,0.4137133114115211
30442,0.737,0,11,0,562295,43315,77383,30573,0.4012282781874097,0.4137749025552187
30443,0.7370238095238097,0,1,0,562296,43314,77383,30573,0.4012190151543221,0.4137805026594665
30444,0.7370476190476191,0,1,0,562297,43313,77383,30573,0.40120975212123455,0.41378610291530193
30445,0.7370714285714286,1,1,1,562298,43312,77384,30572,0.40120048908814704,0.4137837691516431
30446,0.7370833333333333,0,2,0,562300,43310,77384,30572,0.4011819630219719,0.41379497035813867
30447,0.7371190476190477,0,1,0,562301,43309,77384,30572,0.4011726999888844,0.4138005711888036
30448,0.7371428571428571,0,1,0,562302,43308,77384,30572,0.4011634369557968,0.4138061721710882
30449,0.7371428571428572,3,5,3,562307,43303,77387,30569,0.401117121790359,0.41381037470218757
30450,0.7371533189033189,0,1,0,562308,43302,77387,30569,0.4011078587572715,0.4138159764995736
30451,0.737153846153846,1,0,1,562308,43302,77388,30568,0.4011078587572715,0.41380804115337755
30452,0.7371666666666666,3,4,3,562312,43298,77391,30565,0.4010708066249213,0.4138066420264544
30453,0.7371666666666669,0,1,0,562313,43297,77391,30565,0.4010615435918337,0.41381224445587717
30454,0.737190476190476,0,1,0,562314,43296,77391,30565,0.40105228055874614,0.4138178470370019
30455,0.7372142857142856,0,1,0,562315,43295,77391,30565,0.40104301752565863,0.4138234497698348
30456,0.7372222222222223,0,3,0,562318,43292,77391,30565,0.4010152284263959,0.41384025887864384
30457,0.7372539682539683,1,0,1,562318,43292,77392,30564,0.4010152284263959,0.41383232235701906
30458,0.7372559523809524,0,2,0,562320,43290,77392,30564,0.40099670236022084,0.4138435291250305
30459,0.7372777777777777,1,1,1,562321,43289,77393,30563,0.40098743932713327,0.41384119590532414
30460,0.7372857142857143,1,2,1,562323,43287,77394,30562,0.4009689132609582,0.4138444664111904
30461,0.7373333333333332,3,4,3,562327,43283,77397,30559,0.40093186112860796,0.41384307033937323
30462,0.7373333333333334,7,11,7,562338,43272,77404,30552,0.40082996776464486,0.4138491547464239
30463,0.7373333333333335,1,1,1,562339,43271,77405,30551,0.4008207047315573,0.4138468207309474
30464,0.7374166666666667,0,1,0,562340,43270,77405,30551,0.4008114416984698,0.4138524268162176
30465,0.7374246031746031,0,1,0,562341,43269,77405,30551,0.4008021786653822,0.41385803305337304
30466,0.7374285714285714,2,0,2,562341,43269,77407,30549,0.4008021786653822,0.4138421523205722
30467,0.7374325535575533,3,2,3,562343,43267,77410,30546,0.40078365259920706,0.4138295422215599
30468,0.7374523809523807,0,1,0,562344,43266,77410,30546,0.40077438956611955,0.4138351487562998
30469,0.7374999999999998,3,5,3,562349,43261,77413,30543,0.40072807440068176,0.4138393583003631
30470,0.7375,45,98,45,562447,43163,77458,30498,0.39982029715810147,0.41403184860373876
30471,0.7375000000000002,0,2,0,562449,43161,77458,30498,0.39980177109192633,0.4140430904573779
30472,0.7375238095238095,0,2,0,562451,43159,77458,30498,0.39978324502575124,0.4140543329215146
30473,0.7375238095238096,0,1,0,562452,43158,77458,30498,0.3997739819926637,0.414059954382535
30474,0.7375476190476191,1,0,1,562452,43158,77459,30497,0.3997739819926637,0.4140519991853914
30475,0.7376190476190476,0,2,0,562454,43156,77459,30497,0.3997554559264886,0.41406324250200266
30476,0.7376666666666665,0,1,0,562455,43155,77459,30497,0.399746192893401,0.4140688643892902
30477,0.7376666666666667,4,10,4,562465,43145,77463,30493,0.3996535625625255,0.41409326706320104
30478,0.7376666666666668,0,4,0,562469,43141,77463,30493,0.39961651043017526,0.4141157617405003
30479,0.7377142857142858,0,1,0,562470,43140,77463,30493,0.3996072473970877,0.41412138579169666
30480,0.7377777777777778,0,1,0,562471,43139,77463,30493,0.3995979843640001,0.41412700999565405
30481,0.7378333333333331,0,1,0,562472,43138,77463,30493,0.3995887213309126,0.41413263435237874
30482,0.7378333333333333,1,14,1,562486,43124,77464,30492,0.39945903886768686,0.4142034340360791
30483,0.7378333333333335,0,4,0,562490,43120,77464,30492,0.39942198673533663,0.41422594142259417
30484,0.7378571428571428,1,3,1,562493,43117,77465,30491,0.399394197636074,0.4142348657754592
30485,0.7378571428571429,0,1,0,562494,43116,77465,30491,0.3993849346029864,0.41424049343133124
30486,0.7379880952380953,1,0,1,562494,43116,77466,30490,0.3993849346029864,0.4142325353911366
30487,0.738,9,23,9,562517,43093,77475,30481,0.39917188484197264,0.41429037431701415
30488,0.7380000000000001,0,3,0,562520,43090,77475,30481,0.39914409574271,0.41430726780932703
30489,0.7380476190476191,0,5,0,562525,43085,77475,30481,0.39909778057727224,0.4143354266916782
30490,0.7380714285714285,1,1,1,562526,43084,77476,30480,0.3990885175441847,0.4143330977108368
30491,0.7380952380952381,1,0,1,562526,43084,77477,30479,0.3990885175441847,0.4143251362777483
30492,0.7381071428571427,0,4,0,562530,43080,77477,30479,0.39905146541183445,0.4143476664990008
30493,0.7381666666666666,2,7,2,562537,43073,77479,30477,0.39898662418022157,0.41437117607070023
30494,0.7381666666666667,1,1,1,562538,43072,77480,30476,0.398977361147134,0.41436884755533804
30495,0.7382380952380951,0,1,0,562539,43071,77480,30476,0.3989680981140465,0.41437448162399554
30496,0.7382619047619048,1,1,1,562540,43070,77481,30475,0.3989588350809589,0.41437215310354203
30497,0.7382857142857142,0,2,0,562542,43068,77481,30475,0.3989403090147838,0.4143834219436248
30498,0.7383333333333332,1,1,1,562543,43067,77482,30474,0.39893104598169626,0.41438109353965813
30499,0.7383333333333333,18,47,18,562590,43020,77500,30456,0.3984956834265812,0.4145026947574718
30500,0.7383333333333334,22,50,22,562640,42970,77522,30434,0.3980325317722035,0.41460955806223093
30501,0.7384126984126985,1,1,1,562641,42969,77523,30433,0.3980232687391159,0.41460723141058825
30502,0.7384285714285715,1,1,1,562642,42968,77524,30432,0.3980140057060284,0.4146049046321526
30503,0.7384375901875901,0,2,0,562644,42966,77524,30432,0.39799547963985327,0.41461620207635086
30504,0.738452380952381,0,1,0,562645,42965,77524,30432,0.3979862166067657,0.41462185102933363
30505,0.7384642857142856,1,3,1,562648,42962,77525,30431,0.39795842750750304,0.41463082310302074
30506,0.7384761904761903,1,0,1,562648,42962,77526,30430,0.39795842750750304,0.41462284717680403
30507,0.7384761904761905,0,1,0,562649,42961,77526,30430,0.39794916447441553,0.4146284966821545
30508,0.7384999999999999,2,8,2,562657,42953,77528,30428,0.3978750602097151,0.41465774519289733
30509,0.7385238095238094,0,1,0,562658,42952,77528,30428,0.3978657971766275,0.4146633960207141
30510,0.7385555555555555,0,1,0,562659,42951,77528,30428,0.39785653414353994,0.4146690470025484
30511,0.7385634920634919,0,1,0,562660,42950,77528,30428,0.3978472711104524,0.4146746981384066
30512,0.7385714285714287,0,3,0,562663,42947,77528,30428,0.3978194820111897,0.4146916524701874
30513,0.7386111111111111,1,0,1,562663,42947,77529,30427,0.3978194820111897,0.41468367541636003
30514,0.7386190476190475,0,2,0,562665,42945,77529,30427,0.39780095594501463,0.4146949790110669
30515,0.7386666666666666,1,5,1,562670,42940,77530,30426,0.39775464077957684,0.41471526320093777
30516,0.7386666666666667,3,8,3,562678,42932,77533,30423,0.39768053651487645,0.4147365551087179
30517,0.7386904761904762,0,1,0,562679,42931,77533,30423,0.3976712734817889,0.41474220901382336
30518,0.7387142857142857,0,1,0,562680,42930,77533,30423,0.3976620104487013,0.4147478630730849
30519,0.7387142857142858,0,1,0,562681,42929,77533,30423,0.3976527474156138,0.4147535172865089
30520,0.7387499999999999,0,3,0,562684,42926,77533,30423,0.3976249583163511,0.414770480851818
30521,0.73875,0,1,0,562685,42925,77533,30423,0.39761569528326357,0.41477613568195454
30522,0.7387619047619047,0,1,0,562686,42924,77533,30423,0.397606432250176,0.4147817906662849
30523,0.7388333333333332,1,3,1,562689,42921,77534,30422,0.39757864315091335,0.4147907775793191
30524,0.7388333333333335,1,1,1,562690,42920,77535,30421,0.3975693801178258,0.4147884539343614
30525,0.7388571428571429,0,1,0,562691,42919,77535,30421,0.3975601170847382,0.4147941096263976
30526,0.7388888888888888,1,1,1,562692,42918,77536,30420,0.3975508540516507,0.41479178597725597
30527,0.7389166666666666,0,1,0,562693,42917,77536,30420,0.3975415910185631,0.41479744194608453
30528,0.7389761904761903,0,2,0,562695,42915,77536,30420,0.397523064952388,0.4148087543464921
30529,0.7389999999999999,2,6,2,562701,42909,77538,30418,0.3974674867538627,0.41482673503620765
30530,0.7390000000000001,9,19,9,562720,42890,77547,30409,0.3972914891251992,0.4148624128569285
30531,0.7390000000000002,0,2,0,562722,42888,77547,30409,0.39727296305902404,0.4148737328949343
30532,0.7390119047619048,1,1,1,562723,42887,77548,30408,0.3972637000259365,0.41487141005525613
30533,0.739047619047619,0,2,0,562725,42885,77548,30408,0.3972451739597614,0.4148827309565716
30534,0.7390518762283466,0,5,0,562730,42880,77548,30408,0.3971988587943236,0.4149110359131099
30535,0.7390595238095239,0,1,0,562731,42879,77548,30408,0.3971895957612361,0.41491669736788245
30536,0.7391428571428571,1,0,1,562731,42879,77549,30407,0.3971895957612361,0.414908713806184
30537,0.7391507936507938,0,1,0,562732,42878,77549,30407,0.3971803327281485,0.4149143753837757
30538,0.7391666666666665,11,34,11,562766,42844,77560,30396,0.39686538960317164,0.4150191152375751
30539,0.7391666666666667,7,22,7,562788,42822,77567,30389,0.3966616028752455,0.41508789662755596
30540,0.7392380952380951,1,0,1,562788,42822,77568,30388,0.3966616028752455,0.41507990711651416
30541,0.7392857142857143,1,3,1,562791,42819,77569,30387,0.39663381377598284,0.4150889271371199
30542,0.7393333333333332,2,4,2,562795,42815,77571,30385,0.3965967616436326,0.41509562841530057
30543,0.7393333333333334,6,7,6,562802,42808,77577,30379,0.39653192041201973,0.4150873789060899
30544,0.7393690476190475,0,2,0,562804,42806,77577,30379,0.3965133943458446,0.4150987224157956
30545,0.7393809523809525,0,1,0,562805,42805,77577,30379,0.396504131312757,0.4151043944031482
30546,0.7393809523809526,0,1,0,562806,42804,77577,30379,0.3964948682796695,0.4151100665455092
30547,0.7394047619047619,0,1,0,562807,42803,77577,30379,0.39648560524658194,0.4151157388428849
30548,0.7394166666666667,0,1,0,562808,42802,77577,30379,0.39647634221349437,0.4151214112952816
30549,0.7394761904761904,1,0,1,562808,42802,77578,30378,0.39647634221349437,0.4151134189669309
30550,0.7394761904761906,0,1,0,562809,42801,77578,30378,0.39646707918040686,0.4151190915426557
30551,0.7394999999999999,0,3,0,562812,42798,77578,30378,0.39643929008114415,0.4151361102000656
30552,0.7395,0,2,0,562814,42796,77578,30378,0.39642076401496906,0.415147456746932
30553,0.7395238095238095,1,3,1,562817,42793,77579,30377,0.3963929749157064,0.4151564848981823
30554,0.7395238095238096,0,1,0,562818,42792,77579,30377,0.39638371188261884,0.41516215883775914
30555,0.7395476190476191,0,3,0,562821,42789,77579,30377,0.3963559227833562,0.41517918158707595
30556,0.7395714285714287,0,1,0,562822,42788,77579,30377,0.3963466597502686,0.41518485614706485
30557,0.7395833333333335,0,1,0,562823,42787,77579,30377,0.3963373967171811,0.41519053086217267
30558,0.739642857142857,0,1,0,562824,42786,77579,30377,0.39632813368409353,0.41519620573240573
30559,0.7396428571428573,1,4,1,562828,42782,77580,30376,0.3962910815517433,0.4152109133655923
30560,0.7396666666666666,1,1,1,562829,42781,77581,30375,0.39628181851865574,0.41520859533052656
30561,0.7396666666666667,1,9,1,562838,42772,77582,30374,0.3961984512208678,0.4152516884040139
30562,0.7396904761904763,0,1,0,562839,42771,77582,30374,0.3961891881877802,0.4152573655068699
30563,0.7397142857142858,1,1,1,562840,42770,77583,30373,0.39617992515469264,0.4152550483299837
30564,0.7397619047619048,1,1,1,562841,42769,77584,30372,0.3961706621216051,0.4152527310263737
30565,0.739823593073593,0,1,0,562842,42768,77584,30372,0.39616139908851755,0.41525840853158325
30566,0.7398333333333332,1,3,1,562845,42765,77585,30371,0.3961336099892549,0.4152674469481514
30567,0.7398333333333333,2,6,2,562851,42759,77587,30369,0.39607803179072953,0.4152855267476206
30568,0.7398809523809523,0,1,0,562852,42758,77587,30369,0.396068768757642,0.41529120571061306
30569,0.7398809523809524,0,1,0,562853,42757,77587,30369,0.39605950572455445,0.4152968848289254
30570,0.7399285714285714,0,1,0,562854,42756,77587,30369,0.3960502426914669,0.4153025641025641
30571,0.7399999999999999,1,4,1,562858,42752,77588,30368,0.39601319055911666,0.4153172866520788
30572,0.74,757,1297,757,564155,41455,78345,29611,0.3839990366445589,0.41666901190442684
30573,0.7400000000000001,0,5,0,564160,41450,78345,29611,0.38395272147912113,0.41669832960414294
30574,0.740058080808081,0,1,0,564161,41449,78345,29611,0.38394345844603356,0.41670419363917816
30575,0.7400833333333332,1,0,1,564161,41449,78346,29610,0.38394345844603356,0.41669598502652727
30576,0.7400952380952381,0,1,0,564162,41448,78346,29610,0.383934195412946,0.41670184919361647
30577,0.7401309523809522,0,1,0,564163,41447,78346,29610,0.3839249323798585,0.416707713525761
30578,0.7401666666666665,0,1,0,564164,41446,78346,29610,0.3839156693467709,0.4167135780229678
30579,0.7401666666666666,4,4,4,564168,41442,78350,29606,0.3838786172144207,0.41670419997748004
30580,0.7401666666666668,1,5,1,564173,41437,78351,29605,0.38383230204898294,0.4167253174178655
30581,0.7401904761904761,0,1,0,564174,41436,78351,29605,0.3838230390158954,0.4167311834011346
30582,0.7402142857142857,0,1,0,564175,41435,78351,29605,0.3838137759828078,0.41673704954954954
30583,0.7402777777777778,0,1,0,564176,41434,78351,29605,0.38380451294972023,0.41674291586311746
30584,0.740277777777778,0,2,0,564178,41432,78351,29605,0.38378598688354515,0.41675464898573983
30585,0.7402857142857144,0,1,0,564179,41431,78351,29605,0.3837767238504576,0.4167605157948083
30586,0.7403095238095238,0,1,0,564180,41430,78351,29605,0.38376746081737007,0.41676638276905753
30587,0.7403333333333332,0,1,0,564181,41429,78351,29605,0.3837581977842825,0.41677224990849454
30588,0.7403333333333333,6,8,6,564189,41421,78357,29599,0.38368409351958205,0.4167699239650803
30589,0.7403474025974027,0,3,0,564192,41418,78357,29599,0.3836563044203194,0.41678752974639877
30590,0.7403571428571428,1,0,1,564192,41418,78358,29598,0.3836563044203194,0.4167793173369382
30591,0.7403571428571429,0,2,0,564194,41416,78358,29598,0.38363777835414425,0.4167910552848734
30592,0.7403809523809523,0,1,0,564195,41415,78358,29598,0.38362851532105674,0.41679692450678046
30593,0.7404166666666666,0,2,0,564197,41413,78358,29598,0.3836099892548816,0.4168086634465083
30594,0.7404523809523809,1,4,1,564201,41409,78359,29597,0.3835729371225314,0.4168239303720812
30595,0.7404523809523811,0,1,0,564202,41408,78359,29597,0.38356367408944386,0.41682980071825926
30596,0.7404761904761904,0,1,0,564203,41407,78359,29597,0.3835544110563563,0.4168356712297899
30597,0.7404761904761905,0,1,0,564204,41406,78359,29597,0.3835451480232687,0.41684154190668
30598,0.7404999999999999,4,7,4,564211,41399,78363,29593,0.38348030679165585,0.41684978589136806
30599,0.7405952380952381,0,2,0,564213,41397,78363,29593,0.38346178072548076,0.41686152979292856
30600,0.7406006493506492,1,0,1,564213,41397,78364,29592,0.38346178072548076,0.4168533153023708
30601,0.7406190476190475,0,1,0,564214,41396,78364,29592,0.3834525176923932,0.4168591874683045
30602,0.7406349206349206,0,2,0,564216,41394,78364,29592,0.3834339916262181,0.4168709322965092
30603,0.7406666666666666,6,10,6,564226,41384,78370,29586,0.3833413612953425,0.416880371988164
30604,0.7406666666666668,0,1,0,564227,41383,78370,29586,0.383332098262255,0.4168862461074554
30605,0.7406785714285714,0,2,0,564229,41381,78370,29586,0.38331357219607987,0.41689799484267337
30606,0.7407142857142855,0,1,0,564230,41380,78370,29586,0.38330430916299235,0.41690386945861396
30607,0.7407142857142857,1,2,1,564232,41378,78371,29585,0.3832857830968172,0.41690740244916363
30608,0.7407698412698412,1,1,1,564233,41377,78372,29584,0.38327652006372964,0.4169050605262045
30609,0.7407777777777776,0,1,0,564234,41376,78372,29584,0.38326725703064213,0.4169109357384442
30610,0.7407857142857143,0,1,0,564235,41375,78372,29584,0.38325799399755456,0.41691681111627843
30611,0.7408015873015874,2,1,2,564236,41374,78374,29582,0.383248730964467,0.41690625176165513
30612,0.7408095238095237,0,1,0,564237,41373,78374,29582,0.3832394679313795,0.41691212740469313
30613,0.7408095238095238,0,1,0,564238,41372,78374,29582,0.3832302048982919,0.4169180032133495
30614,0.7408333333333332,6,18,6,564256,41354,78380,29576,0.3830634703027159,0.41697448188354713
30615,0.7408333333333335,5,18,5,564274,41336,78385,29571,0.38289673570713995,0.4170392203872678
30616,0.7408571428571429,0,3,0,564277,41333,78385,29571,0.3828689466078773,0.41705686562112154
30617,0.7408809523809523,2,2,2,564279,41331,78387,29569,0.38285042054170215,0.4170521861777151
30618,0.7408809523809525,1,0,1,564279,41331,78388,29568,0.38285042054170215,0.4170439639487158
30619,0.741,10,20,10,564299,41311,78398,29558,0.3826651598799511,0.41707940001975474
30620,0.7410000000000001,1,1,1,564300,41310,78399,29557,0.3826558968468635,0.41707705984449744
30621,0.7410714285714285,1,1,1,564301,41309,78400,29556,0.382646633813776,0.4170747195371481
30622,0.741095238095238,0,1,0,564302,41308,78400,29556,0.38263737078068844,0.417080605102732
30623,0.7411111111111112,0,1,0,564303,41307,78400,29556,0.38262810774760087,0.417086490834427
30624,0.741142857142857,0,2,0,564305,41305,78400,29556,0.3826095816814258,0.41709826279617845
30625,0.7411428571428571,0,1,0,564306,41304,78400,29556,0.3826003186483382,0.4171041490262489
30626,0.7411666666666666,2,1,2,564307,41303,78402,29554,0.38259105561525064,0.41709358284996545
30627,0.7411666666666668,1,2,1,564309,41301,78403,29553,0.38257252954907556,0.4170971293081548
30628,0.7411904761904762,1,2,1,564311,41299,78404,29552,0.3825540034829004,0.4171006760666751
30629,0.74125,1,1,1,564312,41298,78405,29551,0.3825447404498129,0.4170983358974721
30630,0.7412857142857142,0,1,0,564313,41297,78405,29551,0.38253547741672533,0.4171042231255646
30631,0.7413333333333333,7,3,7,564316,41294,78412,29544,0.3825076883174627,0.4170642875292922
30632,0.7413333333333334,2,2,2,564318,41292,78414,29542,0.38248916225128754,0.4170596041449022
30633,0.7413333333333335,0,1,0,564319,41291,78414,29542,0.3824798992182,0.4170654920729039
30634,0.7413809523809524,0,2,0,564321,41289,78414,29542,0.3824613731520249,0.41707726842766585
30635,0.7413888888888889,0,2,0,564323,41287,78414,29542,0.3824428470858498,0.4170890454474862
30636,0.7414285714285714,1,0,1,564323,41287,78415,29541,0.3824428470858498,0.41708081549669623
30637,0.7414523809523811,1,2,1,564325,41285,78416,29540,0.38242432101967466,0.4170843628662196
30638,0.7414888167388165,1,2,1,564327,41283,78417,29539,0.3824057949534996,0.41708791053627403
30639,0.7414999999999999,1,2,1,564329,41281,78418,29538,0.38238726888732444,0.4170914585068979
30640,0.7415,2,15,2,564344,41266,78420,29536,0.38224832339101117,0.4171633569673173
30641,0.741547619047619,0,2,0,564346,41264,78420,29536,0.38222979732483603,0.41717514124293786
30642,0.7415555555555556,0,2,0,564348,41262,78420,29536,0.38221127125866095,0.4171869261843555
30643,0.7415833333333333,0,1,0,564349,41261,78420,29536,0.3822020082255734,0.41719281890475585
30644,0.7416349206349205,0,1,0,564350,41260,78420,29536,0.3821927451924858,0.41719871179162665
30645,0.7416428571428573,1,1,1,564351,41259,78421,29535,0.3821834821593983,0.4171963725739469
30646,0.7416666666666666,32,61,32,564412,41198,78453,29503,0.3816184371410575,0.4172925418310915
30647,0.7416666666666667,23,36,23,564448,41162,78476,29480,0.3812849679499055,0.417315478044223
30648,0.7416666666666668,0,1,0,564449,41161,78476,29480,0.38127570491681795,0.4173213855975991
30649,0.7417857142857143,1,0,1,564449,41161,78477,29479,0.38127570491681795,0.41731313703284256
30650,0.7418095238095239,0,1,0,564450,41160,78477,29479,0.38126644188373043,0.41731904472033865
30651,0.7418333333333332,0,1,0,564451,41159,78477,29479,0.38125717885064286,0.4173249525751012
30652,0.7418333333333333,6,6,6,564457,41153,78483,29473,0.38120160065211756,0.41731090533231385
30653,0.7418571428571429,0,1,0,564458,41152,78483,29473,0.38119233761903,0.41731681415929206
30654,0.7419047619047617,1,1,1,564459,41151,78484,29472,0.3811830745859424,0.41731447262223353
30655,0.7419047619047618,0,2,0,564461,41149,78484,29472,0.38116454851976733,0.41732629104657254
30656,0.7419166666666668,0,3,0,564464,41146,78484,29472,0.3811367594205046,0.41734401993825937
30657,0.7419285714285714,0,1,0,564465,41145,78484,29472,0.3811274963874171,0.4173499299035643
30658,0.7419642857142859,1,0,1,564465,41145,78485,29471,0.3811274963874171,0.4173416789396171
30659,0.7419761904761905,0,2,0,564467,41143,78485,29471,0.38110897032124197,0.4173534993060866
30660,0.7419999999999999,1,3,1,564470,41140,78486,29470,0.3810811812219793,0.41736297974791103
30661,0.742,11,28,11,564498,41112,78497,29459,0.3808218162955278,0.4174377577191764
30662,0.7420000000000002,0,1,0,564499,41111,78497,29459,0.38081255326244023,0.4174436729488451
30663,0.7420238095238095,0,2,0,564501,41109,78497,29459,0.38079402719626515,0.4174555039111212
30664,0.7420476190476191,0,1,0,564502,41108,78497,29459,0.3807847641631776,0.41746141964374284
30665,0.7420714285714287,1,0,1,564502,41108,78498,29458,0.3807847641631776,0.4174531644134569
30666,0.7420833333333334,0,2,0,564504,41106,78498,29458,0.3807662380970025,0.4174649963154016
30667,0.7421042568542567,1,1,1,564505,41105,78499,29457,0.3807569750639149,0.41746265695416795
30668,0.7421388888888886,1,0,1,564505,41105,78500,29456,0.3807569750639149,0.4174544011564462
30669,0.7421428571428572,0,1,0,564506,41104,78500,29456,0.38074771203082736,0.4174603174603175
30670,0.7421666666666665,0,1,0,564507,41103,78500,29456,0.38073844899773984,0.4174662339318868
30671,0.7421666666666666,0,5,0,564512,41098,78500,29456,0.38069213383230205,0.417495818805454
30672,0.7422380952380953,0,1,0,564513,41097,78500,29456,0.3806828707992145,0.41750173628336146
30673,0.7422619047619048,0,1,0,564514,41096,78500,29456,0.38067360776612696,0.4175076539290169
30674,0.7423214285714285,0,2,0,564516,41094,78500,29456,0.3806550816999518,0.41751948972360026
30675,0.7423333333333332,1,2,1,564518,41092,78501,29455,0.38063655563377674,0.4175230697265653
30676,0.7423333333333333,9,6,9,564524,41086,78510,29446,0.3805809774352514,0.4174842624624284
30677,0.7423333333333335,0,1,0,564525,41085,78510,29446,0.38057171440216386,0.41749018162226537
30678,0.7423452380952379,0,2,0,564527,41083,78510,29446,0.3805531883359887,0.4175020204454905
30679,0.7423636363636363,0,1,0,564528,41082,78510,29446,0.3805439253029012,0.4175079401088929
30680,0.7423809523809524,2,4,2,564532,41078,78512,29444,0.380506873170551,0.41751510167040073
30681,0.7424761904761905,0,1,0,564533,41077,78512,29444,0.3804976101374634,0.4175210221068901
30682,0.7424999999999998,1,5,1,564538,41072,78513,29443,0.3804512949720256,0.4175423668722967
30683,0.7425,54,88,54,564626,40984,78567,29389,0.37963614806032087,0.4176175521862078
30684,0.7425238095238096,1,1,1,564627,40983,78568,29388,0.3796268850272333,0.4176152108112717
30685,0.7426190476190476,1,3,1,564630,40980,78569,29387,0.37959909592797064,0.41762473886907214
30686,0.7426190476190477,0,1,0,564631,40979,78569,29387,0.37958983289488313,0.41763067390501096
30687,0.7426666666666667,5,11,5,564642,40968,78574,29382,0.37948793953092,0.4176545842217484
30688,0.7426666666666668,1,6,1,564648,40962,78575,29381,0.37943236133239466,0.41768192997171005
30689,0.7426785714285713,2,1,2,564649,40961,78577,29379,0.37942309829930715,0.41767131077622976
30690,0.7426904761904761,1,2,1,564651,40959,78578,29378,0.379404572233132,0.4176749079431878
30691,0.7427222222222223,1,0,1,564651,40959,78579,29377,0.379404572233132,0.4176666287534122
30692,0.7427261904761903,1,0,1,564651,40959,78580,29376,0.379404572233132,0.417658349328215
30693,0.7427619047619046,0,1,0,564652,40958,78580,29376,0.37939530920004444,0.4176642875422982
30694,0.7427619047619047,0,1,0,564653,40957,78580,29376,0.3793860461669569,0.41767022592524133
30695,0.7427857142857144,0,1,0,564654,40956,78580,29376,0.37937678313386936,0.4176761644770517
30696,0.7428333333333331,0,1,0,564655,40955,78580,29376,0.3793675201007818,0.4176821031977364
30697,0.7428333333333333,1,4,1,564659,40951,78581,29375,0.37933046796843156,0.41769757984244804
30698,0.7428571428571428,1,1,1,564660,40950,78582,29374,0.37932120493534405,0.4176952391786588
30699,0.7429166666666666,0,1,0,564661,40949,78582,29374,0.3793119419022565,0.4177011788461812
30700,0.7429545454545454,1,0,1,564661,40949,78583,29373,0.3793119419022565,0.41769289838172974
30701,0.7429761904761903,0,1,0,564662,40948,78583,29373,0.3793026788691689,0.417698838184895
30702,0.7429999999999999,0,1,0,564663,40947,78583,29373,0.3792934158360814,0.4177047781569966
30703,0.743,5,8,5,564671,40939,78588,29368,0.37921931157138095,0.41771089649679266
30704,0.7430833333333333,0,1,0,564672,40938,78588,29368,0.3792100485382934,0.4177168378232299
30705,0.7430952380952383,0,1,0,564673,40937,78588,29368,0.3792007855052058,0.4177227793186829
30706,0.7431666666666665,0,1,0,564674,40936,78588,29368,0.3791915224721183,0.41772872098315883
30707,0.7431666666666666,5,3,5,564677,40933,78593,29363,0.3791637333728556,0.41770513258222375
30708,0.7431666666666668,0,6,0,564683,40927,78593,29363,0.3791081551743303,0.4177407881633234
30709,0.7431785714285715,0,1,0,564684,40926,78593,29363,0.3790988921412427,0.41774673135198964
30710,0.7432142857142857,0,1,0,564685,40925,78593,29363,0.3790896291081552,0.4177526747097655
30711,0.7432619047619046,1,1,1,564686,40924,78594,29362,0.3790803660750676,0.41775033434823433
30712,0.7432619047619048,1,0,1,564686,40924,78595,29361,0.3790803660750676,0.41774205022408767
30713,0.7433253968253968,0,1,0,564687,40923,78595,29361,0.37907110304198005,0.41774799385350864
30714,0.7433333333333332,0,1,0,564688,40922,78595,29361,0.37906184000889254,0.4177539376520638
30715,0.7433333333333333,48,85,48,564773,40837,78643,29313,0.3782744821964504,0.4178617248752673
30716,0.7433333333333334,42,118,42,564891,40719,78685,29271,0.37718144429211903,0.41821688812687524
30717,0.7433412698412699,0,1,0,564892,40718,78685,29271,0.37717218125903146,0.4182228635928503
30718,0.7433809523809524,0,2,0,564894,40716,78685,29271,0.3771536551928564,0.4182348150370783
30719,0.7433809523809525,0,1,0,564895,40715,78685,29271,0.3771443921597688,0.41824079101534595
30720,0.7434047619047621,0,1,0,564896,40714,78685,29271,0.37713512912668123,0.41824676716439235
30721,0.7434285714285714,1,0,1,564896,40714,78686,29270,0.37713512912668123,0.4182384545038866
30722,0.7434469696969697,1,0,1,564896,40714,78687,29269,0.37713512912668123,0.41823014160581856
30723,0.7434999999999999,4,2,4,564898,40712,78691,29265,0.37711660306050615,0.4182088400474442
30724,0.7435,0,2,0,564900,40710,78691,29265,0.377098076994331,0.4182207931404073
30725,0.7435238095238096,0,2,0,564902,40708,78691,29265,0.3770795509281559,0.41823274691666784
30726,0.7435714285714287,1,1,1,564903,40707,78692,29264,0.37707028789506836,0.4182304097411785
30727,0.743595238095238,2,1,2,564904,40706,78694,29262,0.3770610248619808,0.41821975760347585
30728,0.7436031746031745,1,1,1,564905,40705,78695,29261,0.3770517618288933,0.4182174198896607
30729,0.7436190476190476,0,1,0,564906,40704,78695,29261,0.3770424987958057,0.4182233974129922
30730,0.7436666666666666,1,3,1,564909,40701,78696,29260,0.37701470969654305,0.41823301553722786
30731,0.7436666666666667,2,10,2,564919,40691,78698,29258,0.3769220793656675,0.41827617264006633
30732,0.7436666666666669,0,2,0,564921,40689,78698,29258,0.3769035532994924,0.4182881324431355
30733,0.7436904761904762,1,1,1,564922,40688,78699,29257,0.3768942902664048,0.4182857959825577
30734,0.7436944444444442,0,1,0,564923,40687,78699,29257,0.3768850272333173,0.4182917762781654
30735,0.7436984126984129,0,1,0,564924,40686,78699,29257,0.3768757642002297,0.41829775674477787
30736,0.7437142857142856,0,1,0,564925,40685,78699,29257,0.37686650116714215,0.41830373738240256
30737,0.7437142857142857,0,1,0,564926,40684,78699,29257,0.37685723813405464,0.41830971819104673
30738,0.7437222222222222,0,2,0,564928,40682,78699,29257,0.3768387120678795,0.418321680321423
30739,0.7437380952380953,0,1,0,564929,40681,78699,29257,0.37682944903479193,0.41832766164316965
30740,0.74375,1,1,1,564930,40680,78700,29256,0.3768201860017044,0.41832532601235417
30741,0.7437857142857142,0,2,0,564932,40678,78700,29256,0.3768016599355293,0.41833728944433324
30742,0.7438095238095238,0,1,0,564933,40677,78700,29256,0.37679239690244176,0.4183432714169276
30743,0.7438095238095239,1,1,1,564934,40676,78701,29255,0.3767831338693542,0.41834093606555034
30744,0.7438333333333332,2,4,2,564938,40672,78703,29253,0.37674608173700397,0.4183482302466929
30745,0.7438333333333333,1,5,1,564943,40667,78704,29252,0.3766997665715662,0.4183698279437635
30746,0.7438571428571429,1,0,1,564943,40667,78705,29251,0.3766997665715662,0.4183615091964873
30747,0.7439285714285715,0,1,0,564944,40666,78705,29251,0.37669050353847866,0.4183674928844201
30748,0.7439761904761905,1,1,1,564945,40665,78706,29250,0.3766812405053911,0.4183651576914825
30749,0.7439999999999999,1,1,1,564946,40664,78707,29249,0.3766719774723035,0.41836282236493927
30750,0.7440000000000001,11,26,11,564972,40638,78718,29238,0.37643113861202715,0.41842692770049805
30751,0.7440555555555557,0,1,0,564973,40637,78718,29238,0.3764218755789396,0.418432915921288
30752,0.7440595238095239,0,1,0,564974,40636,78718,29238,0.376412612545852,0.4184389043134785
30753,0.7440952380952381,0,1,0,564975,40635,78718,29238,0.37640334951276444,0.418444892877077
30754,0.7441666666666665,7,22,7,564997,40613,78725,29231,0.3761995627848383,0.4185184124620583
30755,0.7441666666666668,6,23,6,565020,40590,78731,29225,0.3759865130238245,0.4186063166941202
30756,0.7441666666666669,1,3,1,565023,40587,78732,29224,0.37595872392456187,0.41861597742476114
30757,0.7441865079365079,0,2,0,565025,40585,78732,29224,0.3759401978583867,0.4186279706055093
30758,0.7441944444444444,0,2,0,565027,40583,78732,29224,0.37592167179221164,0.41863996447347684
30759,0.7442222222222223,1,0,1,565027,40583,78733,29223,0.37592167179221164,0.41863163624903305
30760,0.7442857142857142,1,1,1,565028,40582,78734,29222,0.3759124087591241,0.41862930491089334
30761,0.7442857142857143,2,7,2,565035,40575,78736,29220,0.3758475675275112,0.41865463142058884
30762,0.7443333333333332,2,4,2,565039,40571,78738,29218,0.37581051539516097,0.4186619667855966
30763,0.7443333333333334,7,8,7,565047,40563,78745,29211,0.3757364111304606,0.41865164674520594
30764,0.7444047619047619,1,1,1,565048,40562,78746,29210,0.375727148097373,0.41864931491142576
30765,0.7444999999999999,3,0,3,565048,40562,78749,29207,0.375727148097373,0.41862431739024497
30766,0.7445,0,8,0,565056,40554,78749,29207,0.37565304383267256,0.4186723240779232
30767,0.7445000000000002,1,0,1,565056,40554,78750,29206,0.37565304383267256,0.41866399082568806
30768,0.7445216450216448,0,2,0,565058,40552,78750,29206,0.3756345177664975,0.4186759941512085
30769,0.7445476190476189,0,1,0,565059,40551,78750,29206,0.3756252547334099,0.4186819960720788
30770,0.7445515873015878,1,1,1,565060,40550,78751,29205,0.37561599170032234,0.41867966454017636
30771,0.7445714285714286,0,1,0,565061,40549,78751,29205,0.3756067286672348,0.418685666771798
30772,0.7445833333333334,1,0,1,565061,40549,78752,29204,0.3756067286672348,0.4186773328745717
30773,0.7445873015873015,0,2,0,565063,40547,78752,29204,0.3755882026010597,0.41868933778727185
30774,0.744642857142857,0,1,0,565064,40546,78752,29204,0.3755789395679721,0.41869534050179213
30775,0.7446428571428573,0,2,0,565066,40544,78752,29204,0.37556041350179703,0.41870734644720997
30776,0.7446666666666666,0,3,0,565069,40541,78752,29204,0.3755326244025344,0.41872535665639116
30777,0.7446666666666667,7,6,7,565075,40535,78759,29197,0.37547704620400907,0.4187030344748466
30778,0.7446666666666668,0,1,0,565076,40534,78759,29197,0.3754677831709215,0.4187090390213822
30779,0.7447142857142857,0,2,0,565078,40532,78759,29197,0.37544925710474636,0.4187210486311291
30780,0.7447619047619048,0,2,0,565080,40530,78759,29197,0.3754307310385713,0.4187330589298263
30781,0.7447777777777778,0,1,0,565081,40529,78759,29197,0.3754214680054837,0.4187390643375498
30782,0.7448095238095237,0,1,0,565082,40528,78759,29197,0.37541220497239614,0.4187450699175332
30783,0.7448095238095239,0,2,0,565084,40526,78759,29197,0.37539367890622105,0.4187570815943089
30784,0.7448333333333332,0,2,0,565086,40524,78759,29197,0.37537515284004597,0.41876909396021283
30785,0.7448333333333333,3,7,3,565093,40517,78762,29194,0.3753103116084331,0.418786131313566
30786,0.7448333333333335,1,0,1,565093,40517,78763,29193,0.3753103116084331,0.41877779371682683
30787,0.7448690476190477,1,0,1,565093,40517,78764,29192,0.3753103116084331,0.4187694558808762
30788,0.7448809523809524,0,1,0,565094,40516,78764,29192,0.3753010485753455,0.4187754633614506
30789,0.7449354256854254,1,1,1,565095,40515,78765,29191,0.37529178554225795,0.4187731328723496
30790,0.7449880952380954,0,1,0,565096,40514,78765,29191,0.3752825225091704,0.41877914066422783
30791,0.7449999999999999,2,12,2,565108,40502,78767,29189,0.37517136611211976,0.4188345697435824
30792,0.745,190,367,190,565475,40135,78957,28999,0.37177183296898736,0.4194607573697457
30793,0.7450000000000001,0,4,0,565479,40131,78957,28999,0.37173478083663714,0.4194850282077246
30794,0.745047619047619,0,1,0,565480,40130,78957,28999,0.3717255178035496,0.4194910963560879
30795,0.7450634920634923,1,0,1,565480,40130,78958,28998,0.3717255178035496,0.4194826987617174
30796,0.7450714285714285,1,0,1,565480,40130,78959,28997,0.3717255178035496,0.41947430092438553
30797,0.7451190476190476,0,3,0,565483,40127,78959,28997,0.3716977287042869,0.41949250622070483
30798,0.7451190476190477,1,0,1,565483,40127,78960,28996,0.3716977287042869,0.41948410803929226
30799,0.7451388888888889,0,2,0,565485,40125,78960,28996,0.3716792026381118,0.4194962457140377
30800,0.7451666666666665,0,2,0,565487,40123,78960,28996,0.3716606765719367,0.419508384091205
30801,0.7451666666666666,0,4,0,565491,40119,78960,28996,0.3716236244395865,0.41953266295304925
30802,0.7451904761904763,0,2,0,565493,40117,78960,28996,0.3716050983734114,0.41954480343784817
30803,0.7452142857142857,1,0,1,565493,40117,78961,28995,0.3716050983734114,0.4195364046764672
30804,0.7452182539682538,0,1,0,565494,40116,78961,28995,0.3715958353403238,0.4195424751486739
30805,0.7452380952380954,0,1,0,565495,40115,78961,28995,0.3715865723072363,0.4195485457965562
30806,0.74525,0,1,0,565496,40114,78961,28995,0.3715773092741487,0.41955461662012183
30807,0.7452521645021645,0,1,0,565497,40113,78961,28995,0.37156804624106116,0.41956068761937837
30808,0.7452857142857142,0,1,0,565498,40112,78961,28995,0.37155878320797364,0.4195667587943334
30809,0.7452857142857144,1,0,1,565498,40112,78962,28994,0.37155878320797364,0.4195583596214511
30810,0.7452878787878788,0,1,0,565499,40111,78962,28994,0.37154952017488607,0.41956443093842705
30811,0.7453333333333332,1,0,1,565499,40111,78963,28993,0.37154952017488607,0.4195560314887706
30812,0.7453333333333333,3,9,3,565508,40102,78966,28990,0.37146615287709805,0.4195854802292595
30813,0.7453333333333334,0,1,0,565509,40101,78966,28990,0.37145688984401054,0.419591553169009
30814,0.7453571428571428,1,2,1,565511,40099,78967,28989,0.3714383637778354,0.41959529874942103
30815,0.7453571428571429,1,0,1,565511,40099,78968,28988,0.3714383637778354,0.41958689767973717
30816,0.7453690476190475,0,1,0,565512,40098,78968,28988,0.3714291007447479,0.4195929710795241
30817,0.7453809523809525,1,0,1,565512,40098,78969,28987,0.3714291007447479,0.4195845697329377
30818,0.7453968253968255,0,2,0,565514,40096,78969,28987,0.37141057467857275,0.4195967169926031
30819,0.745404761904762,0,1,0,565515,40095,78969,28987,0.3714013116454852,0.41960279088619323
30820,0.7454166666666666,0,2,0,565517,40093,78969,28987,0.3713827855793101,0.41961493920092646
30821,0.7454444444444445,0,1,0,565518,40092,78969,28987,0.3713735225462225,0.41962101362208487
30822,0.7454523809523811,1,0,1,565518,40092,78970,28986,0.3713735225462225,0.4196126118301051
30823,0.7454761904761905,3,1,3,565519,40091,78973,28983,0.37136425951313495,0.4195934794568144
30824,0.7454999999999998,0,1,0,565520,40090,78973,28983,0.37135499648004744,0.41959955409494304
30825,0.7454999999999999,2,10,2,565530,40080,78975,28981,0.3712623661491719,0.4196435035693083
30826,0.7455000000000002,0,2,0,565532,40078,78975,28981,0.37124384008299677,0.4196556567572655
30827,0.7455238095238096,0,2,0,565534,40076,78975,28981,0.3712253140168217,0.41966781064917386
30828,0.7455555555555555,0,2,0,565536,40074,78975,28981,0.37120678795064654,0.4196799652450945
30829,0.7455833333333333,0,1,0,565537,40073,78975,28981,0.37119752491755903,0.4196860428070785
30830,0.7456190476190475,0,1,0,565538,40072,78975,28981,0.37118826188447146,0.41969212054508853
30831,0.7456587301587302,0,2,0,565540,40070,78975,28981,0.3711697358182963,0.41970427654921727
30832,0.7456666666666666,4,4,4,565544,40066,78979,28977,0.37113268368594615,0.41969497269817363
30833,0.7456666666666668,0,3,0,565547,40063,78979,28977,0.37110489458668344,0.41971320973348786
30834,0.7457142857142857,1,4,1,565551,40059,78980,28976,0.3710678424543333,0.41972912290866954
30835,0.74575,0,1,0,565552,40058,78980,28976,0.3710585794212457,0.4197352029434771
30836,0.7457857142857144,0,3,0,565555,40055,78980,28976,0.37103079032198305,0.41975344410482246
30837,0.745800865800866,0,3,0,565558,40052,78980,28976,0.37100300122272034,0.41977168685171234
30838,0.7458333333333332,6,20,6,565578,40032,78986,28970,0.3708177405609693,0.41984290310425787
30839,0.7458333333333335,9,26,9,565604,40006,78995,28961,0.37057690170069285,0.41992547160236054
30840,0.7458571428571429,0,1,0,565605,40005,78995,28961,0.37056763866760534,0.41993156047907665
30841,0.7459166666666667,1,0,1,565605,40005,78996,28960,0.37056763866760534,0.4199231494236207
30842,0.7459285714285714,0,3,0,565608,40002,78996,28960,0.3705398495683427,0.4199414170122676
30843,0.7459444444444443,0,1,0,565609,40001,78996,28960,0.3705305865352551,0.4199475065616798
30844,0.745952380952381,1,1,1,565610,40000,78997,28959,0.37052132350216754,0.4199451848199655
30845,0.746,25,44,25,565654,39956,79022,28934,0.3701137500463152,0.420002903178981
30846,0.7460000000000001,0,2,0,565656,39954,79022,28934,0.37009522398014005,0.42001509696899314
30847,0.7460595238095236,0,1,0,565657,39953,79022,28934,0.3700859609470525,0.42002119412951644
30848,0.746060606060606,0,1,0,565658,39952,79022,28934,0.37007669791396497,0.4200272914670615
30849,0.7460714285714285,1,0,1,565658,39952,79023,28933,0.37007669791396497,0.4200188720330986
30850,0.7460833333333332,1,0,1,565658,39952,79024,28932,0.37007669791396497,0.42001045235468326
30851,0.7460952380952383,0,3,0,565661,39949,79024,28932,0.37004890881470226,0.420028745227276
30852,0.7461190476190476,0,2,0,565663,39947,79024,28932,0.3700303827485272,0.4200409413609373
30853,0.7461190476190477,0,1,0,565664,39946,79024,28932,0.3700211197154396,0.42004703969337087
30854,0.7461428571428573,0,1,0,565665,39945,79024,28932,0.3700118566823521,0.4200531382028834
30855,0.7461547619047618,0,2,0,565667,39943,79024,28932,0.36999333061617695,0.42006533575317606
30856,0.7461666666666664,0,1,0,565668,39942,79024,28932,0.3699840675830894,0.4200714347939716
30857,0.7461666666666666,0,3,0,565671,39939,79024,28932,0.36995627848382673,0.4200897329790478
30858,0.7461666666666668,0,5,0,565676,39934,79024,28932,0.369909963318389,0.42012023349693606
30859,0.7461904761904761,0,1,0,565677,39933,79024,28932,0.3699007002853014,0.4201263341319974
30860,0.7461904761904762,0,2,0,565679,39931,79024,28932,0.36988217421912634,0.4201385359336654
30861,0.7462142857142857,0,1,0,565680,39930,79024,28932,0.36987291118603877,0.42014463710028754
30862,0.74625,0,2,0,565682,39928,79024,28932,0.3698543851198636,0.4201568399651467
30863,0.7462857142857143,2,4,2,565686,39924,79026,28930,0.36981733298751346,0.42016440584425013
30864,0.7463333333333333,3,9,3,565695,39915,79029,28927,0.36973396568972544,0.42019406757502686
30865,0.7463333333333334,2,2,2,565697,39913,79031,28925,0.36971543962355036,0.42018943025654437
30866,0.7463571428571428,0,2,0,565699,39911,79031,28925,0.3696969135573752,0.4202016386774362
30867,0.746357142857143,1,2,1,565701,39909,79032,28924,0.36967838749120013,0.4202054247236064
30868,0.7463636363636362,1,0,1,565701,39909,79033,28923,0.36967838749120013,0.4201970013947001
30869,0.7463809523809521,0,1,0,565702,39908,79033,28923,0.36966912445811256,0.42020310615856227
30870,0.7464166666666666,1,0,1,565702,39908,79034,28922,0.36966912445811256,0.4201946825512131
30871,0.7464285714285714,1,0,1,565702,39908,79035,28921,0.36966912445811256,0.4201862586990949
30872,0.7464392274392274,0,2,0,565704,39906,79035,28921,0.3696505983919375,0.42019846862423177
30873,0.7464761904761904,0,1,0,565705,39905,79035,28921,0.3696413353588499,0.42020457385290444
30874,0.7464761904761906,1,0,1,565705,39905,79036,28920,0.3696413353588499,0.4201961496549219
30875,0.7464999999999999,1,5,1,565710,39900,79037,28919,0.3695950201934121,0.42021825367994303
30876,0.7465,2,5,2,565715,39895,79039,28917,0.3695487050279744,0.42023193629018196
30877,0.7465000000000002,1,2,1,565717,39893,79040,28916,0.36953017896179924,0.4202357249778372
30878,0.7465476190476191,0,1,0,565718,39892,79040,28916,0.3695209159287117,0.42024183234507617
30879,0.7465606060606059,0,1,0,565719,39891,79040,28916,0.36951165289562415,0.4202479398898368
30880,0.7465714285714286,0,1,0,565720,39890,79040,28916,0.3695023898625366,0.42025404761212687
30881,0.7465952380952382,1,0,1,565720,39890,79041,28915,0.3695023898625366,0.4202456216844706
30882,0.7466071428571428,0,1,0,565721,39889,79041,28915,0.369493126829449,0.4202517295506075
30883,0.7466666666666666,72,129,72,565850,39760,79113,28843,0.36829819556115456,0.4204335087386849
30884,0.7466666666666667,38,85,38,565935,39675,79151,28805,0.36751083774871246,0.420633761682243
30885,0.7466666666666668,1,0,1,565935,39675,79152,28804,0.36751083774871246,0.4206253011872253
30886,0.7466785714285714,0,1,0,565936,39674,79152,28804,0.3675015747156249,0.420631443675341
30887,0.7467142857142857,1,0,1,565936,39674,79153,28803,0.3675015747156249,0.42062298289936767
30888,0.746731601731602,0,1,0,565937,39673,79153,28803,0.3674923116825373,0.4206291255330335
30889,0.7467380952380952,0,2,0,565939,39671,79153,28803,0.36747378561636224,0.42064141133861027
30890,0.7467857142857143,0,2,0,565941,39669,79153,28803,0.3674552595501871,0.42065369786189977
30891,0.7467912087912087,0,1,0,565942,39668,79153,28803,0.3674459965170996,0.4206598413927064
30892,0.7468333333333332,1,1,1,565943,39667,79154,28802,0.367436733484012,0.420657523842907
30893,0.7468333333333333,1,8,1,565951,39659,79155,28801,0.36736262921931156,0.42069821793748174
30894,0.7469444444444444,1,0,1,565951,39659,79156,28800,0.36736262921931156,0.42068975591229785
30895,0.7469523809523809,1,0,1,565951,39659,79157,28799,0.36736262921931156,0.420681293639896
30896,0.7469523809523811,1,1,1,565952,39658,79158,28798,0.367353366186224,0.4206789762767325
30897,0.7469696969696968,0,1,0,565953,39657,79158,28798,0.3673441031531365,0.4206851216127383
30898,0.746984126984127,1,0,1,565953,39657,79159,28797,0.3673441031531365,0.4206766587781576
30899,0.7469999999999999,0,1,0,565954,39656,79159,28797,0.3673348401200489,0.4206828042598571
30900,0.747,5,17,5,565971,39639,79164,28792,0.3671773685575605,0.4207449839984802
30901,0.7470048701298699,0,1,0,565972,39638,79164,28792,0.36716810552447293,0.42075113254420576
30902,0.7470555555555555,0,2,0,565974,39636,79164,28792,0.36714957945829785,0.42076343017478224
30903,0.7470793650793651,0,1,0,565975,39635,79164,28792,0.3671403164252103,0.420769579259649
30904,0.7470833333333334,1,1,1,565976,39634,79165,28791,0.3671310533921227,0.42076726342710996
30905,0.7471428571428572,4,1,4,565977,39633,79169,28787,0.36712179035903514,0.4207395498392283
30906,0.7471666666666665,1,1,1,565978,39632,79170,28786,0.3671125273259476,0.42073723289192905
30907,0.7471666666666666,5,5,5,565983,39627,79175,28781,0.36706621216050983,0.4207256461232604
30908,0.747190476190476,1,1,1,565984,39626,79176,28780,0.36705694912742226,0.4207233283630091
30909,0.7471904761904762,0,1,0,565985,39625,79176,28780,0.36704768609433475,0.42072947883926615
30910,0.7472103174603174,0,2,0,565987,39623,79176,28780,0.3670291600281596,0.420741780331272
30911,0.7472142857142857,0,3,0,565990,39620,79176,28780,0.36700137092889695,0.42076023391812867
30912,0.7472222222222222,1,1,1,565991,39619,79177,28779,0.3669921078958094,0.4207579168981549
30913,0.74725,1,0,1,565991,39619,79178,28778,0.3669921078958094,0.420749448075208
30914,0.7472976190476188,1,1,1,565992,39618,79179,28777,0.36698284486272187,0.42074713063820457
30915,0.7473235653235654,1,3,1,565995,39615,79180,28776,0.3669550557634592,0.4207571171645392
30916,0.7473333333333332,1,4,1,565999,39611,79181,28775,0.366918003631109,0.42077325768432133
30917,0.7473333333333333,8,7,8,566006,39604,79189,28767,0.3668531623994961,0.42074856298723146
30918,0.7473809523809524,0,1,0,566007,39603,79189,28767,0.36684389936640854,0.4207547169811321
30919,0.7474166666666667,0,1,0,566008,39602,79189,28767,0.366834636333321,0.42076087115505567
30920,0.7474920634920637,0,1,0,566009,39601,79189,28767,0.3668253733002334,0.4207670255090101
30921,0.7474999999999998,2,2,2,566011,39599,79191,28765,0.3668068472340583,0.42076238956175765
30922,0.7475,49,109,49,566120,39490,79240,28716,0.36579717662751493,0.42101867870861803
30923,0.7475000000000002,2,4,2,566124,39486,79242,28714,0.3657601244951647,0.4210263929618768
30924,0.7475238095238096,0,1,0,566125,39485,79242,28714,0.36575086146207714,0.42103256645991877
30925,0.7475555555555556,0,1,0,566126,39484,79242,28714,0.36574159842898957,0.421038740139007
30926,0.7475833333333334,0,1,0,566127,39483,79242,28714,0.36573233539590205,0.4210449139991495
30927,0.7475952380952379,0,1,0,566128,39482,79242,28714,0.3657230723628145,0.4210510880403543
30928,0.747595238095238,1,0,1,566128,39482,79243,28713,0.3657230723628145,0.42104259843097
30929,0.7476190476190474,0,1,0,566129,39481,79243,28713,0.3657138093297269,0.421048772619292
30930,0.7476190476190476,0,4,0,566133,39477,79243,28713,0.3656767571973767,0.421073471183458
30931,0.7476190476190477,0,1,0,566134,39476,79243,28713,0.3656674941642892,0.4210796462772588
30932,0.747642857142857,0,2,0,566136,39474,79243,28713,0.36564896809811404,0.42109199700822736
30933,0.7476626984126985,0,1,0,566137,39473,79243,28713,0.36563970506502647,0.4210981726454111
30934,0.7476666666666665,1,0,1,566137,39473,79244,28712,0.36563970506502647,0.4210896824814842
30935,0.7476666666666667,4,3,4,566140,39470,79248,28708,0.3656119159657638,0.42107424682448885
30936,0.7476666666666668,1,3,1,566143,39467,79249,28707,0.36558412686650116,0.42108428433127
30937,0.7476904761904761,1,0,1,566143,39467,79250,28706,0.36558412686650116,0.4210757924691593
30938,0.7477142857142858,0,1,0,566144,39466,79250,28706,0.3655748638334136,0.42108196913688906
30939,0.7477337662337662,1,2,1,566146,39464,79251,28705,0.3655563377672385,0.4210858308028576
30940,0.74775,0,1,0,566147,39463,79251,28705,0.36554707473415093,0.421092007980284
30941,0.7477619047619046,1,0,1,566147,39463,79252,28704,0.36554707473415093,0.4210835154840319
30942,0.7477651515151515,0,1,0,566148,39462,79252,28704,0.3655378117010634,0.42108969280873165
30943,0.7477777777777778,0,1,0,566149,39461,79252,28704,0.36552854866797585,0.4210958703146776
30944,0.7477857142857139,0,1,0,566150,39460,79252,28704,0.3655192856348883,0.42110204800187784
30945,0.7477976190476191,0,2,0,566152,39458,79252,28704,0.3655007595687132,0.42111440392007277
30946,0.7478095238095238,1,2,1,566154,39456,79253,28703,0.36548223350253806,0.42111826758021687
30947,0.7478214285714284,1,0,1,566154,39456,79254,28702,0.36548223350253806,0.42110977434783886
30948,0.7478333333333331,3,0,3,566154,39456,79257,28699,0.36548223350253806,0.42108429315530777
30949,0.7478333333333333,5,1,5,566155,39455,79262,28694,0.36547297046945054,0.4210479977695931
30950,0.7478333333333335,0,2,0,566157,39453,79262,28694,0.3654544444032754,0.42106035482119536
30951,0.7478571428571427,1,0,1,566157,39453,79263,28693,0.3654544444032754,0.42105185924338917
30952,0.7478571428571428,0,1,0,566158,39452,79263,28693,0.36544518137018783,0.42105803800719055
30953,0.7478730158730158,0,1,0,566159,39451,79263,28693,0.3654359183371003,0.42106421695233626
30954,0.7479166666666667,0,1,0,566160,39450,79263,28693,0.36542665530401275,0.42107039607883423
30955,0.7479761904761905,0,1,0,566161,39449,79263,28693,0.3654173922709252,0.4210765753866925
30956,0.748,12,11,12,566172,39438,79275,28681,0.3653154989069621,0.4210425872370411
30957,0.7480000000000001,3,2,3,566174,39436,79278,28678,0.365296972840787,0.42102945062689023
30958,0.7480555555555556,0,1,0,566175,39435,79278,28678,0.3652877098076994,0.42103563196452953
30959,0.7481111111111107,0,1,0,566176,39434,79278,28678,0.36527844677461185,0.4210418134836739
30960,0.7481150793650794,0,1,0,566177,39433,79278,28678,0.36526918374152434,0.42104799518433145
30961,0.7481190476190476,0,1,0,566178,39432,79278,28678,0.36525992070843677,0.42105417706651005
30962,0.7481428571428572,0,1,0,566179,39431,79278,28678,0.3652506576753492,0.4210603591302177
30963,0.7481547619047619,1,1,1,566180,39430,79279,28677,0.3652413946422617,0.4210580410236833
30964,0.7481666666666665,0,1,0,566181,39429,79279,28677,0.3652321316091741,0.42106422341643907
30965,0.7481666666666666,2,3,2,566184,39426,79281,28675,0.36520434250991146,0.4210657699593251
30966,0.7481666666666668,3,2,3,566186,39424,79284,28672,0.3651858164437363,0.42105263157894735
30967,0.7481818181818182,0,1,0,566187,39423,79284,28672,0.3651765534106488,0.42105881489096114
30968,0.7482142857142857,0,2,0,566189,39421,79284,28672,0.36515802734447367,0.42107118205982996
30969,0.7482240259740256,0,1,0,566190,39420,79284,28672,0.3651487643113861,0.4210773659167009
30970,0.7482500000000001,0,1,0,566191,39419,79284,28672,0.3651395012782986,0.421083549955207
30971,0.7483037518037517,0,1,0,566192,39418,79284,28672,0.365130238245211,0.42108973417535617
30972,0.7483055555555554,1,0,1,566192,39418,79285,28671,0.365130238245211,0.42108123191704977
30973,0.7483333333333332,0,2,0,566194,39416,79285,28671,0.36511171217903593,0.4210936008342268
30974,0.7483333333333333,32,55,32,566249,39361,79317,28639,0.3646022453592204,0.42116176470588235
30975,0.7483333333333334,16,58,16,566307,39303,79333,28623,0.36406498944014226,0.42138503665753907
30976,0.7483809523809525,1,0,1,566307,39303,79334,28622,0.36406498944014226,0.4213765182186235
30977,0.748388888888889,2,0,2,566307,39303,79336,28620,0.36406498944014226,0.42135948058831324
30978,0.7484999999999999,2,6,2,566313,39297,79338,28618,0.36400941124161695,0.4213796657586689
30979,0.7485,0,4,0,566317,39293,79338,28618,0.36397235910926673,0.4214044852822076
30980,0.7485396825396826,1,1,1,566318,39292,79339,28617,0.36396309607617916,0.4214021705517678
30981,0.7485714285714287,1,2,1,566320,39290,79340,28616,0.3639445700100041,0.4214060613200601
30982,0.7486428571428572,0,1,0,566321,39289,79340,28616,0.3639353069769165,0.42141226713791324
30983,0.7486666666666666,1,1,1,566322,39288,79341,28615,0.363926043943829,0.42140995243214585
30984,0.7486666666666667,11,10,11,566332,39278,79352,28604,0.3638334136129534,0.4213782740638166
30985,0.7487142857142856,0,1,0,566333,39277,79352,28604,0.3638241505798659,0.4213844816664457
30986,0.7487222222222223,0,2,0,566335,39275,79352,28604,0.36380562451369075,0.42139689742040987
30987,0.7487380952380951,1,0,1,566335,39275,79353,28603,0.36380562451369075,0.4213883732579039
30988,0.7487380952380953,0,1,0,566336,39274,79353,28603,0.36379636148060324,0.4213945813751344
30989,0.74875,1,1,1,566337,39273,79354,28602,0.36378709844751567,0.42139226519337014
30990,0.7487857142857144,0,2,0,566339,39271,79354,28602,0.3637685723813405,0.4214046822742475
30991,0.7488095238095238,0,3,0,566342,39268,79354,28602,0.3637407832820779,0.4214233092677177
30992,0.7488333333333332,2,2,2,566344,39266,79356,28600,0.3637222572159028,0.4214186779830843
30993,0.7488333333333334,0,3,0,566347,39263,79356,28600,0.36369446811664013,0.42143730751661435
30994,0.7488571428571426,0,2,0,566349,39261,79356,28600,0.363675942050465,0.42144972812071735
30995,0.748857142857143,2,1,2,566350,39260,79358,28598,0.3636666790173774,0.4214388870877421
30996,0.7489166666666667,0,1,0,566351,39259,79358,28598,0.3636574159842899,0.42144509777915323
30997,0.7489632034632032,0,4,0,566355,39255,79358,28598,0.3636203638519397,0.42146994237542923
30998,0.7489999999999999,0,9,0,566364,39246,79358,28598,0.36353699655415167,0.4215258534284535
30999,0.7490000000000001,5,16,5,566380,39230,79363,28593,0.36338878802475083,0.4215826489538947
31000,0.7490000000000002,0,1,0,566381,39229,79363,28593,0.36337952499166326,0.4215888649700687
31001,0.7490238095238094,0,1,0,566382,39228,79363,28593,0.3633702619585757,0.42159508116954925
31002,0.7490476190476191,0,4,0,566386,39224,79363,28593,0.3633332098262255,0.42161994780069895
31003,0.7490714285714284,0,3,0,566389,39221,79363,28593,0.3633054207269628,0.42163859969917716
31004,0.7490833333333333,0,2,0,566391,39219,79363,28593,0.36328689466078773,0.4216510352150062
31005,0.7491111111111111,0,1,0,566392,39218,79363,28593,0.36327763162770016,0.42165725324799813
31006,0.7491378066378064,1,3,1,566395,39215,79364,28592,0.3632498425284375,0.4216673794740956
31007,0.7491486291486291,0,1,0,566396,39214,79364,28592,0.36324057949534994,0.4216735982066484
31008,0.7491666666666665,8,24,8,566420,39190,79372,28584,0.36301826670124865,0.4217546551775017
31009,0.7491666666666668,11,14,11,566434,39176,79383,28573,0.3628885842380229,0.4217479224785606
31010,0.7492619047619048,0,1,0,566435,39175,79383,28573,0.3628793212049353,0.42175414772391806
31011,0.7492777777777778,1,0,1,566435,39175,79384,28572,0.3628793212049353,0.42174561235183844
31012,0.7492857142857143,2,3,2,566438,39172,79386,28570,0.36285153210567267,0.4217472173836025
31013,0.7493095238095239,0,1,0,566439,39171,79386,28570,0.3628422690725851,0.4217534432618355
31014,0.7493333333333332,1,5,1,566444,39166,79387,28569,0.36279595390714736,0.42177603897541893
31015,0.7493333333333334,1,8,1,566452,39158,79388,28568,0.3627218496424469,0.4218173227416354
31016,0.7493333333333335,1,0,1,566452,39158,79389,28567,0.3627218496424469,0.42180878552971574
31017,0.7494047619047619,1,0,1,566452,39158,79390,28566,0.3627218496424469,0.42180024806567834
31018,0.749404761904762,0,1,0,566453,39157,79390,28566,0.36271258660935934,0.42180647638173147
31019,0.7494365079365078,0,1,0,566454,39156,79390,28566,0.36270332357627183,0.42181270488172234
31020,0.7494999999999998,1,1,1,566455,39155,79391,28565,0.36269406054318426,0.4218103957471943
31021,0.7495,4,8,4,566463,39147,79395,28561,0.3626199562784838,0.42182607668222366
31022,0.7495000000000002,0,3,0,566466,39144,79395,28561,0.36259216717922116,0.4218447677424119
31023,0.7495238095238094,1,0,1,566466,39144,79396,28560,0.36259216717922116,0.4218362282878412
31024,0.7495238095238096,1,0,1,566466,39144,79397,28559,0.36259216717922116,0.4218276885810082
31025,0.7495833333333333,0,1,0,566467,39143,79397,28559,0.3625829041461336,0.4218339192342915
31026,0.7496666666666666,1,0,1,566467,39143,79398,28558,0.3625829041461336,0.4218253792410747
31027,0.7496666666666667,3,3,3,566470,39140,79401,28555,0.36255511504687093,0.4218184504025408
31028,0.7496666666666668,0,1,0,566471,39139,79401,28555,0.3625458520137834,0.4218246816556859
31029,0.7497142857142858,0,1,0,566472,39138,79401,28555,0.36253658898069585,0.4218309130929343
31030,0.7497499999999999,0,2,0,566474,39136,79401,28555,0.3625180629145207,0.42184337651977366
31031,0.7497619047619046,0,1,0,566475,39135,79401,28555,0.3625087998814332,0.421849608509381
31032,0.7498095238095237,1,0,1,566475,39135,79402,28554,0.3625087998814332,0.42184106723396714
31033,0.7498333333333332,0,1,0,566476,39134,79402,28554,0.3624995368483456,0.4218472993735965
31034,0.7498333333333334,4,7,4,566483,39127,79406,28550,0.36243469561673275,0.42185676079022416
31035,0.7498333333333335,0,1,0,566484,39126,79406,28550,0.3624254325836452,0.42186299426680063
31036,0.7498636363636364,0,1,0,566485,39125,79406,28550,0.3624161695505576,0.4218692279275951
31037,0.7498809523809525,0,1,0,566486,39124,79406,28550,0.3624069065174701,0.42187546177261576
31038,0.7499285714285715,0,1,0,566487,39123,79406,28550,0.3623976434843825,0.42188169580187074
31039,0.7499999999999999,2,12,2,566499,39111,79408,28548,0.36228648708733185,0.4219394315612114
31040,0.75,706,1160,706,567659,37951,80114,27842,0.351541368705769,0.4231757177815269
31041,0.7500000000000001,2,11,2,567670,37940,80116,27840,0.3514394753418059,0.4232289449680754
31042,0.7500357142857141,1,0,1,567670,37940,80117,27839,0.3514394753418059,0.423220176652123
31043,0.7501190476190476,0,2,0,567672,37938,80117,27839,0.35142094927563083,0.4232330449853292
31044,0.750142857142857,0,1,0,567673,37937,80117,27839,0.35141168624254326,0.4232394794453904
31045,0.7501666666666666,1,5,1,567678,37932,80118,27838,0.35136537107710547,0.423262885814201
31046,0.750173937173937,0,2,0,567680,37930,80118,27838,0.3513468450109304,0.42327575720715244
31047,0.7501904761904761,0,1,0,567681,37929,80118,27838,0.3513375819778428,0.4232821931971962
31048,0.750202380952381,0,2,0,567683,37927,80118,27838,0.35131905591166773,0.4232950657644644
31049,0.7502380952380951,0,1,0,567684,37926,80118,27838,0.35130979287858016,0.4233015023417067
31050,0.7502380952380954,0,1,0,567685,37925,80118,27838,0.3513005298454926,0.42330793911469977
31051,0.7502499999999999,0,2,0,567687,37923,80118,27838,0.3512820037793175,0.4233208132479737
31052,0.7502751970251967,0,1,0,567688,37922,80118,27838,0.35127274074622994,0.42332725060827253
31053,0.7503333333333333,4,6,4,567694,37916,80122,27834,0.35121716254770463,0.42333079847908744
31054,0.7503333333333334,0,1,0,567695,37915,80122,27834,0.35120789951461706,0.4233372370682444
31055,0.7503571428571427,1,0,1,567695,37915,80123,27833,0.35120789951461706,0.42332846626513354
31056,0.750357142857143,1,2,1,567697,37913,80124,27832,0.351189373448442,0.4233325728192258
31057,0.7503784271284272,0,4,0,567701,37909,80124,27832,0.35115232131609175,0.42335833041785187
31058,0.7504166666666667,0,1,0,567702,37908,80124,27832,0.3511430582830042,0.42336477030727104
31059,0.7504523809523809,0,1,0,567703,37907,80124,27832,0.3511337952499166,0.4233712103926132
31060,0.7504523809523811,0,2,0,567705,37905,80124,27832,0.35111526918374153,0.4233840911511021
31061,0.7504761904761905,0,2,0,567707,37903,80124,27832,0.3510967431175664,0.4233969726933901
31062,0.7504761904761906,0,1,0,567708,37902,80124,27832,0.3510874800844789,0.4234034137584812
31063,0.7504999999999998,1,0,1,567708,37902,80125,27831,0.3510874800844789,0.423394641960659
31064,0.7505,4,7,4,567715,37895,80129,27827,0.351022638852866,0.42340464380268406
31065,0.7505000000000002,1,3,1,567718,37892,80130,27826,0.35099484975360334,0.42341519827140206
31066,0.7505555555555555,0,1,0,567719,37891,80130,27826,0.3509855867205158,0.42342164128003407
31067,0.7506190476190475,0,1,0,567720,37890,80130,27826,0.3509763236874282,0.42342808448475255
31068,0.7506507936507936,0,1,0,567721,37889,80130,27826,0.35096706065434063,0.42343452788556646
31069,0.7506666666666666,4,12,4,567733,37877,80134,27822,0.35085590425729,0.42347676524756844
31070,0.7506666666666668,2,3,2,567736,37874,80136,27820,0.35082811515802736,0.4234785520747709
31071,0.7507063492063492,0,1,0,567737,37873,80136,27820,0.3508188521249398,0.4234849984016562
31072,0.7507142857142857,0,2,0,567739,37871,80136,27820,0.35080032605876466,0.42349789164421303
31073,0.7507272727272729,0,1,0,567740,37870,80136,27820,0.35079106302567714,0.42350433855990255
31074,0.7507579365079363,0,4,0,567744,37866,80136,27820,0.3507540108933269,0.4235301281856103
31075,0.750797619047619,2,2,2,567746,37864,80138,27818,0.3507354848271518,0.4235254712097683
31076,0.7508333333333332,11,12,11,567758,37852,80149,27807,0.35062432843010116,0.423506297689578
31077,0.7508333333333335,9,22,9,567780,37830,80158,27798,0.35042054170217496,0.423569208264765
31078,0.7508690476190476,1,1,1,567781,37829,80159,27797,0.3504112786690874,0.42356687898089174
31079,0.7509444444444446,1,3,1,567784,37826,80160,27796,0.35038348956982474,0.423577458779068
31080,0.750952380952381,1,1,1,567785,37825,80161,27795,0.35037422653673717,0.42357512953367876
31081,0.7509785541256128,0,4,0,567789,37821,80161,27795,0.350337174404387,0.423600950987564
31082,0.7509816017316016,0,2,0,567791,37819,80161,27795,0.35031864833821186,0.4236138628951138
31083,0.7509999999999999,9,16,9,567807,37803,80170,27786,0.350170439808811,0.42363811004894114
31084,0.7510000000000001,1,3,1,567810,37800,80171,27785,0.3501426507095483,0.4236487001600976
31085,0.7510714285714286,0,1,0,567811,37799,80171,27785,0.3501333876764608,0.42365515979507196
31086,0.7511111111111112,0,1,0,567812,37798,80171,27785,0.3501241246433732,0.42366161962703747
31087,0.7511428571428571,1,0,1,567812,37798,80172,27784,0.3501241246433732,0.423652831569638
31088,0.7511666666666666,0,4,0,567816,37794,80172,27784,0.350087072511023,0.4236786727256092
31089,0.7511666666666668,0,5,0,567821,37789,80172,27784,0.35004075734558526,0.4237109786039986
31090,0.751186202686203,0,1,0,567822,37788,80172,27784,0.3500314943124977,0.42371744037089004
31091,0.7511904761904761,1,1,1,567823,37787,80173,27783,0.3500222312794101,0.4237151136190331
31092,0.7511904761904762,2,2,2,567825,37785,80175,27781,0.35000370521323504,0.4237104596894732
31093,0.7512023809523809,0,2,0,567827,37783,80175,27781,0.3499851791470599,0.42372338478433286
31094,0.7512222222222223,0,3,0,567830,37780,80175,27781,0.34995739004779725,0.42374277390521803
31095,0.75125,2,1,2,567831,37779,80177,27779,0.3499481270147097,0.42373165746362
31096,0.7512777777777778,0,1,0,567832,37778,80177,27779,0.34993886398162216,0.423738121024452
31097,0.7512857142857143,1,0,1,567832,37778,80178,27778,0.34993886398162216,0.4237293306486058
31098,0.751297619047619,1,0,1,567832,37778,80179,27777,0.34993886398162216,0.4237205400045763
31099,0.7513095238095236,0,1,0,567833,37777,80179,27777,0.3499296009485346,0.42372700369161304
31100,0.7513095238095238,1,2,1,567835,37775,80180,27776,0.3499110748823595,0.42373114063858675
31101,0.7513333333333333,3,13,3,567848,37762,80183,27773,0.34979065545222127,0.4237888151369497
31102,0.7513333333333334,3,11,3,567859,37751,80186,27770,0.34968876208825816,0.4238335800735642
31103,0.7513888888888889,0,1,0,567860,37750,80186,27770,0.34967949905517065,0.42384004884004883
31104,0.7514285714285713,0,1,0,567861,37749,80186,27770,0.3496702360220831,0.4238465178039958
31105,0.7514583333333335,2,0,2,567861,37749,80188,27768,0.3496702360220831,0.4238289298960575
31106,0.7514761904761904,1,1,1,567862,37748,80189,27767,0.3496609729889955,0.4238266045943677
31107,0.7515,0,1,0,567863,37747,80189,27767,0.34965170995590794,0.42383307384681135
31108,0.7515000000000001,2,6,2,567869,37741,80191,27765,0.34959613175738263,0.42385430342258723
31109,0.7515238095238095,0,2,0,567871,37739,80191,27765,0.34957760569120755,0.4238672447484123
31110,0.751547619047619,0,3,0,567874,37736,80191,27765,0.34954981659194484,0.4238866582189585
31111,0.7515555555555555,0,2,0,567876,37734,80191,27765,0.34953129052576976,0.4238996015206339
31112,0.7515833333333333,0,1,0,567877,37733,80191,27765,0.3495220274926822,0.42390607346789216
31113,0.7516190476190476,0,3,0,567880,37730,80191,27765,0.34949423839341953,0.4239254904954577
31114,0.7516666666666666,30,42,30,567922,37688,80221,27735,0.34910519100374227,0.42393347905170964
31115,0.7516666666666667,22,54,22,567976,37634,80243,27713,0.34860498721701433,0.42408985875403615
31116,0.7517142857142858,1,2,1,567978,37632,80244,27712,0.34858646115083924,0.4240940254652302
31117,0.7517896825396825,0,1,0,567979,37631,80244,27712,0.3485771981177517,0.42410051574001806
31118,0.7518095238095238,1,1,1,567980,37630,80245,27711,0.3485679350846641,0.4240981925590364
31119,0.7518333333333332,1,6,1,567986,37624,80246,27710,0.3485123568861388,0.4241283252211712
31120,0.7518333333333334,2,6,2,567992,37618,80248,27708,0.3484567786876135,0.42414964945044853
31121,0.7518333333333335,0,1,0,567993,37617,80248,27708,0.3484475156545259,0.4241561423650976
31122,0.7519047619047617,0,2,0,567995,37615,80248,27708,0.34842898958835083,0.4241691287907781
31123,0.7519047619047619,0,1,0,567996,37614,80248,27708,0.34841972655526326,0.42417562230182787
31124,0.7519166666666668,1,0,1,567996,37614,80249,27707,0.34841972655526326,0.4241668069992805
31125,0.7519523809523809,1,1,1,567997,37613,80250,27706,0.3484104635221757,0.4241644850656011
31126,0.7519999999999999,1,3,1,568000,37610,80251,27705,0.34838267442291304,0.42417515119038507
31127,0.752,14,15,14,568015,37595,80265,27691,0.3482437289265997,0.4241491284502037
31128,0.7520238095238093,0,2,0,568017,37593,80265,27691,0.34822520286042463,0.42416212241896945
31129,0.7520238095238095,0,3,0,568020,37590,80265,27691,0.348197413761162,0.42418161486496836
31130,0.7520833333333333,1,1,1,568021,37589,80266,27690,0.3481881507280744,0.42417929196219306
31131,0.7520833333333334,3,5,3,568026,37584,80269,27687,0.3481418355626366,0.42418531966723355
31132,0.752095238095238,1,0,1,568026,37584,80270,27686,0.3481418355626366,0.42417649762524895
31133,0.7520952380952381,1,1,1,568027,37583,80271,27685,0.3481325725295491,0.4241741741741742
31134,0.7521111111111112,0,1,0,568028,37582,80271,27685,0.34812330949646153,0.4241806732345596
31135,0.7521428571428571,0,1,0,568029,37581,80271,27685,0.34811404646337396,0.42418717249410104
31136,0.7521428571428572,1,0,1,568029,37581,80272,27684,0.34811404646337396,0.4241783498046426
31137,0.7521666666666667,3,3,3,568032,37578,80275,27681,0.3480862573641113,0.42417137866041466
31138,0.7522222222222222,1,2,1,568034,37576,80276,27680,0.3480677312979362,0.42417555473826163
31139,0.7522936507936504,0,5,0,568039,37571,80276,27680,0.34802141613249843,0.4242080581140519
31140,0.7523214285714286,0,1,0,568040,37570,80276,27680,0.34801215309941086,0.42421455938697317
31141,0.7523333333333332,1,1,1,568041,37569,80277,27679,0.3480028900663233,0.42421223639038746
31142,0.7523333333333333,4,11,4,568052,37558,80281,27675,0.34790099670236024,0.4242484632011405
31143,0.7523333333333335,1,0,1,568052,37558,80282,27674,0.34790099670236024,0.42423963698798134
31144,0.7523888888888887,0,1,0,568053,37557,80282,27674,0.3478917336692727,0.4242461406386534
31145,0.7524166666666667,0,1,0,568054,37556,80282,27674,0.3478824706361851,0.4242526444887322
31146,0.7524523809523808,0,1,0,568055,37555,80282,27674,0.34787320760309753,0.4242591485382269
31147,0.752452380952381,1,0,1,568055,37555,80283,27673,0.34787320760309753,0.42425032194762985
31148,0.7524999999999998,1,4,1,568059,37551,80284,27672,0.34783615547074737,0.42426751299388255
31149,0.7525,43,106,43,568165,37445,80327,27629,0.3468542739634666,0.42457817254202906
31150,0.7525000000000002,1,5,1,568170,37440,80328,27628,0.34680795879802884,0.4246019548779738
31151,0.7525238095238096,0,1,0,568171,37439,80328,27628,0.34679869576494127,0.42460848048934174
31152,0.7525753968253969,0,1,0,568172,37438,80328,27628,0.3467894327318537,0.42461500630129406
31153,0.7525833333333333,0,1,0,568173,37437,80328,27628,0.3467801696987662,0.42462153231384003
31154,0.7526190476190476,0,1,0,568174,37436,80328,27628,0.3467709066656786,0.4246280585269888
31155,0.7526666666666665,1,2,1,568176,37434,80329,27627,0.34675238059950353,0.42463226817909344
31156,0.7526666666666667,5,10,5,568186,37424,80334,27622,0.34665975026862794,0.4246533222642438
31157,0.7526666666666668,2,5,2,568191,37419,80336,27620,0.3466134351031902,0.4246682759575024
31158,0.7526904761904761,0,1,0,568192,37418,80336,27620,0.34660417207010263,0.42467480549832404
31159,0.7528333333333331,1,0,1,568192,37418,80337,27619,0.34660417207010263,0.42466595937697005
31160,0.7528333333333334,2,2,2,568194,37416,80339,27617,0.34658564600392755,0.42466132578844584
31161,0.7528571428571428,0,1,0,568195,37415,80339,27617,0.34657638297084,0.4246678558248247
31162,0.7528571428571429,1,2,1,568197,37413,80340,27616,0.34655785690466484,0.4246720693844285
31163,0.7529166666666666,1,1,1,568198,37412,80341,27615,0.3465485938715773,0.42466975256431944
31164,0.752952380952381,0,1,0,568199,37411,80341,27615,0.34653933083848976,0.4246762833328207
31165,0.753,7,11,7,568210,37400,80348,27608,0.34643743747452665,0.4246861924686193
31166,0.7530000000000001,1,3,1,568213,37397,80349,27607,0.346409648375264,0.424696941726663
31167,0.7530317460317459,0,1,0,568214,37396,80349,27607,0.34640038534217643,0.4247034752242204
31168,0.7530476190476189,0,1,0,568215,37395,80349,27607,0.34639112230908886,0.42471000892280236
31169,0.7530476190476191,0,1,0,568216,37394,80349,27607,0.34638185927600135,0.4247165428224181
31170,0.7530952380952382,0,1,0,568217,37393,80349,27607,0.3463725962429138,0.4247230769230769
31171,0.7531666666666665,1,0,1,568217,37393,80350,27606,0.3463725962429138,0.42471422637271344
31172,0.7531666666666667,2,7,2,568224,37386,80352,27604,0.3463077550113009,0.4247422680412371
31173,0.7531666666666668,0,1,0,568225,37385,80352,27604,0.34629849197821333,0.42474880364369355
31174,0.7531904761904761,0,1,0,568226,37384,80352,27604,0.3462892289451258,0.42475533944728255
31175,0.7532142857142857,1,1,1,568227,37383,80353,27603,0.34627996591203825,0.42475302372818763
31176,0.7532222222222222,0,1,0,568228,37382,80353,27603,0.3462707028789507,0.4247595598984381
31177,0.7532380952380952,1,0,1,568228,37382,80354,27602,0.3462707028789507,0.4247507078665518
31178,0.7532499999999999,0,1,0,568229,37381,80354,27602,0.3462614398458631,0.42475724420232985
31179,0.7532619047619048,2,0,2,568229,37381,80356,27600,0.3462614398458631,0.4247395392499346
31180,0.7532857142857142,0,1,0,568230,37380,80356,27600,0.3462521768127756,0.4247460757156048
31181,0.7533333333333332,2,2,2,568232,37378,80358,27598,0.34623365074660045,0.42474144299433636
31182,0.7533333333333333,37,86,37,568318,37292,80395,27561,0.3454370299010708,0.4249764852820995
31183,0.7533333333333334,63,105,63,568423,37187,80458,27498,0.3444644114268776,0.4251062843008425
31184,0.7534080086580086,0,3,0,568426,37184,80458,27498,0.34443662232761496,0.4251260010512971
31185,0.753452380952381,1,1,1,568427,37183,80459,27497,0.3444273592945274,0.42512368583797155
31186,0.7534761904761906,0,1,0,568428,37182,80459,27497,0.3444180962614398,0.42513025866200777
31187,0.7534871794871795,0,1,0,568429,37181,80459,27497,0.3444088332283523,0.42513683168929156
31188,0.7534999999999998,0,1,0,568430,37180,80459,27497,0.34439957019526474,0.4251434049198324
31189,0.7535,3,8,3,568438,37172,80462,27494,0.3443254659305643,0.42516933164259424
31190,0.7535000000000001,1,1,1,568439,37171,80463,27493,0.3443162028974768,0.42516701719658545
31191,0.7535238095238094,1,0,1,568439,37171,80464,27492,0.3443162028974768,0.4251581275226946
31192,0.7535555555555554,0,1,0,568440,37170,80464,27492,0.3443069398643892,0.42516470260740463
31193,0.7535555555555555,1,0,1,568440,37170,80465,27491,0.3443069398643892,0.4251558126227556
31194,0.7535714285714286,0,1,0,568441,37169,80465,27491,0.34429767683130164,0.4251623878750387
31195,0.7535952380952382,0,1,0,568442,37168,80465,27491,0.34428841379821407,0.42516896333070414
31196,0.753611111111111,0,1,0,568443,37167,80465,27491,0.34427915076512655,0.4251755389897615
31197,0.7536190476190475,1,0,1,568443,37167,80466,27490,0.34427915076512655,0.4251666486227323
31198,0.7536666666666666,2,5,2,568448,37162,80468,27488,0.34423283559968876,0.4251817478731632
31199,0.7536666666666667,3,6,3,568454,37156,80471,27485,0.34417725740116345,0.4251945359756192
31200,0.7536904761904762,0,1,0,568455,37155,80471,27485,0.3441679943680759,0.42520111386138615
31201,0.7536944444444444,0,1,0,568456,37154,80471,27485,0.3441587313349883,0.4252076919506799
31202,0.7537222222222222,1,1,1,568457,37153,80472,27484,0.3441494683019008,0.4252053777248325
31203,0.75375,2,3,2,568460,37150,80474,27482,0.3441216792026381,0.4252073276395594
31204,0.7537539682539682,0,1,0,568461,37149,80474,27482,0.3441124161695506,0.42521390663922887
31205,0.7538095238095238,0,2,0,568463,37147,80474,27482,0.34409389010337543,0.4252270652493463
31206,0.7538333333333332,2,7,2,568470,37140,80476,27480,0.34402904887176255,0.42525533890436396
31207,0.7538333333333334,0,4,0,568474,37136,80476,27480,0.34399199673941233,0.4252816639841525
31208,0.7538690476190476,0,1,0,568475,37135,80476,27480,0.3439827337063248,0.42528824576336766
31209,0.7538888888888888,0,1,0,568476,37134,80476,27480,0.34397347067323725,0.42529482774630883
31210,0.7539285714285714,0,1,0,568477,37133,80476,27480,0.3439642076401497,0.4253014099329856
31211,0.753952380952381,1,1,1,568478,37132,80477,27479,0.34395494460706216,0.4252990976768662
31212,0.7539761904761907,0,1,0,568479,37131,80477,27479,0.3439456815739746,0.4253056802352577
31213,0.7539999999999999,3,1,3,568480,37130,80480,27476,0.343936418540887,0.425285577190973
31214,0.754,13,33,13,568513,37097,80493,27463,0.3436307384489977,0.42538723667905826
31215,0.7540079365079366,0,1,0,568514,37096,80493,27463,0.3436214754159102,0.4253938258027541
31216,0.7540357142857143,0,1,0,568515,37095,80493,27463,0.34361221238282263,0.42540041513058025
31217,0.754047619047619,1,3,1,568518,37092,80494,27462,0.34358442328356,0.42541128357654057
31218,0.7540833333333332,1,1,1,568519,37091,80495,27461,0.3435751602504724,0.4254089726112282
31219,0.7540930735930736,0,2,0,568521,37089,80495,27461,0.3435566341842973,0.425422153369481
31220,0.7541071428571429,0,1,0,568522,37088,80495,27461,0.34354737115120976,0.42542874405490405
31221,0.7541190476190477,0,1,0,568523,37087,80495,27461,0.3435381081181222,0.4254353349445374
31222,0.7541237373737373,0,6,0,568529,37081,80495,27461,0.3434825299195969,0.4254748845712869
31223,0.7541428571428571,1,1,1,568530,37080,80496,27460,0.3434732668865093,0.42547257514719555
31224,0.7541666666666665,17,17,17,568547,37063,80513,27443,0.3433157953240209,0.4254332930270052
31225,0.7541666666666668,5,11,5,568558,37052,80518,27438,0.3432139019600578,0.42546131183129166
31226,0.7541666666666669,0,2,0,568560,37050,80518,27438,0.3431953758938827,0.4254745068850019
31227,0.7541785714285716,0,1,0,568561,37049,80518,27438,0.34318611286079514,0.42548110471878053
31228,0.7541944444444444,1,0,1,568561,37049,80519,27437,0.34318611286079514,0.42547219551530563
31229,0.7542272727272727,0,2,0,568563,37047,80519,27437,0.34316758679462,0.4254853917250791
31230,0.75425,0,1,0,568564,37046,80519,27437,0.3431583237615325,0.42549199013693534
31231,0.7542817460317459,0,1,0,568565,37045,80519,27437,0.3431490607284449,0.4254985887534506
31232,0.7542857142857141,0,1,0,568566,37044,80519,27437,0.34313979769535735,0.4255051875746344
31233,0.7542857142857143,0,5,0,568571,37039,80519,27437,0.3430934825299196,0.4255381847509151
31234,0.7543095238095239,1,0,1,568571,37039,80520,27436,0.3430934825299196,0.4255292749127569
31235,0.7543333333333332,1,1,1,568572,37038,80521,27435,0.34308421949683204,0.4255269647759527
31236,0.7543333333333334,6,7,6,568579,37031,80527,27429,0.34301937826521917,0.42551970214086254
31237,0.7543566188713245,0,1,0,568580,37030,80527,27429,0.3430101152321316,0.4255263035417863
31238,0.754452380952381,0,1,0,568581,37029,80527,27429,0.3430008521990441,0.42553290514753794
31239,0.7544588744588744,0,1,0,568582,37028,80527,27429,0.3429915891659565,0.42553950695812714
31240,0.7544999999999998,0,2,0,568584,37026,80527,27429,0.3429730630997814,0.4255527111938562
31241,0.7545000000000001,2,5,2,568589,37021,80529,27427,0.34292674793434363,0.4255678997020854
31242,0.7545000000000002,0,4,0,568593,37017,80529,27427,0.3428896958019934,0.4255943144435479
31243,0.7545238095238096,0,1,0,568594,37016,80529,27427,0.34288043276890584,0.4256009186412799
31244,0.7545714285714286,0,2,0,568596,37014,80529,27427,0.34286190670273076,0.42561412765165035
31245,0.7546153846153846,1,0,1,568596,37014,80530,27426,0.34286190670273076,0.4256052141527002
31246,0.7546190476190475,1,0,1,568596,37014,80531,27425,0.34286190670273076,0.42559630037710083
31247,0.7546190476190476,0,1,0,568597,37013,80531,27425,0.3428526436696432,0.425602905118098
31248,0.7546388888888891,1,1,1,568598,37012,80532,27424,0.3428433806365556,0.4256005959401577
31249,0.7546428571428571,1,0,1,568598,37012,80533,27423,0.3428433806365556,0.42559168153953597
31250,0.7546428571428572,1,1,1,568599,37011,80534,27422,0.3428341176034681,0.4255893719057005
31251,0.7546666666666666,0,3,0,568602,37008,80534,27422,0.3428063285042054,0.42560918826633554
31252,0.7546666666666667,2,13,2,568615,36995,80536,27420,0.3426859090740672,0.42567724908794535
31253,0.7546904761904761,0,1,0,568616,36994,80536,27420,0.34267664604097964,0.4256838575464961
31254,0.7546904761904762,0,1,0,568617,36993,80536,27420,0.3426673830078921,0.42569046621023704
31255,0.7547142857142856,0,1,0,568618,36992,80536,27420,0.34265811997480455,0.4256970750791778
31256,0.7547619047619046,0,2,0,568620,36990,80536,27420,0.3426395939086294,0.4257102934326968
31257,0.7547619047619049,0,1,0,568621,36989,80536,27420,0.3426303308755419,0.4257169029172942
31258,0.7547857142857143,0,1,0,568622,36988,80536,27420,0.34262106784245433,0.42572351260712954
31259,0.7548214285714284,1,0,1,568622,36988,80537,27419,0.34262106784245433,0.42571459623953917
31260,0.7548333333333332,0,1,0,568623,36987,80537,27419,0.34261180480936676,0.42572120609881065
31261,0.7548333333333334,2,7,2,568630,36980,80539,27417,0.3425469635777539,0.4257496467226734
31262,0.7548333333333335,1,0,1,568630,36980,80540,27416,0.3425469635777539,0.42574072923784084
31263,0.7548690476190477,0,1,0,568631,36979,80540,27416,0.34253770054466637,0.4257473406320367
31264,0.7549999999999999,0,4,0,568635,36975,80540,27416,0.34250064841231614,0.4257737882623348
31265,0.755,177,350,177,568985,36625,80717,27239,0.33925858683167215,0.42651572090692724
31266,0.7550000000000001,2,6,2,568991,36619,80719,27237,0.33920300863314684,0.42653783512904037
31267,0.755047619047619,1,1,1,568992,36618,80720,27236,0.33919374560005927,0.42653553418736495
31268,0.7550714285714285,1,0,1,568992,36618,80721,27235,0.33919374560005927,0.426526553176828
31269,0.7550955433455434,0,2,0,568994,36616,80721,27235,0.3391752195338842,0.4265399132355014
31270,0.755109668109668,1,1,1,568995,36615,80722,27234,0.3391659565007966,0.4265376121787342
31271,0.7551190476190477,0,1,0,568996,36614,80722,27234,0.33915669346770905,0.426544292695151
31272,0.7551215728715728,1,1,1,568997,36613,80723,27233,0.33914743043462153,0.4265419916674498
31273,0.7551666666666665,0,2,0,568999,36611,80723,27233,0.3391289043684464,0.4265553536745818
31274,0.7551666666666667,0,10,0,569009,36601,80723,27233,0.33903627403757086,0.42662217626969956
31275,0.7551666666666668,0,1,0,569010,36600,80723,27233,0.3390270110044833,0.4266288596807294
31276,0.7552261904761904,0,1,0,569011,36599,80723,27233,0.3390177479713958,0.42663554330116554
31277,0.755234126984127,0,2,0,569013,36597,80723,27233,0.33899922190522064,0.4266489111702961
31278,0.7552380952380952,0,1,0,569014,36596,80723,27233,0.33898995887213307,0.42665559541901016
31279,0.7552777777777777,0,1,0,569015,36595,80723,27233,0.33898069583904555,0.42666227987716987
31280,0.7552777777777778,1,0,1,569015,36595,80724,27232,0.33898069583904555,0.4266532971939775
31281,0.7553333333333333,3,4,3,569019,36591,80727,27229,0.33894364370669533,0.4266530868066437
31282,0.7553333333333334,3,2,3,569021,36589,80730,27226,0.3389251176405202,0.4266395048186163
31283,0.755345238095238,0,1,0,569022,36588,80730,27226,0.3389158546074327,0.4266461904911148
31284,0.7554166666666666,0,1,0,569023,36587,80730,27226,0.3389065915743451,0.4266528763731528
31285,0.7554285714285714,0,1,0,569024,36586,80730,27226,0.33889732854125754,0.4266595624647402
31286,0.7554761904761905,0,1,0,569025,36585,80730,27226,0.33888806550817,0.42666624876588677
31287,0.7555,2,5,2,569030,36580,80732,27224,0.33884175034273223,0.42668171274528244
31288,0.7555000000000001,0,1,0,569031,36579,80732,27224,0.33883248730964466,0.426688400231964
31289,0.755547619047619,0,1,0,569032,36578,80732,27224,0.3388232242765571,0.4266950879282781
31290,0.7555873015873016,0,1,0,569033,36577,80732,27224,0.3388139612434696,0.4267017758342346
31291,0.755595238095238,1,0,1,569033,36577,80733,27223,0.3388139612434696,0.42669278996865206
31292,0.7556428571428571,0,2,0,569035,36575,80733,27223,0.33879543517729444,0.42670616633750275
31293,0.7556666666666666,4,12,4,569047,36563,80737,27219,0.3386842787802438,0.42675049386974384
31294,0.7556666666666668,1,1,1,569048,36562,80738,27218,0.33867501574715625,0.42674819692693633
31295,0.7557142857142857,1,5,1,569053,36557,80739,27217,0.33862870058171846,0.4267726659767303
31296,0.7558333333333332,7,18,7,569071,36539,80746,27210,0.3384619659861425,0.42683022478783983
31297,0.7558333333333335,6,16,6,569087,36523,80752,27204,0.33831375745674164,0.4268834246080939
31298,0.7558492063492064,0,2,0,569089,36521,80752,27204,0.33829523139056655,0.4268968222832483
31299,0.755904761904762,2,1,2,569090,36520,80754,27202,0.338285968357479,0.4268855340384796
31300,0.7559523809523807,0,1,0,569091,36519,80754,27202,0.3382767053243914,0.4268922333296715
31301,0.755972222222222,0,1,0,569092,36518,80754,27202,0.33826744229130384,0.4268989328311362
31302,0.7559761904761905,1,0,1,569092,36518,80755,27201,0.33826744229130384,0.42688993863682734
31303,0.7559880952380952,1,0,1,569092,36518,80756,27200,0.33826744229130384,0.4268809441602059
31304,0.7559999999999998,1,1,1,569093,36517,80757,27199,0.33825817925821633,0.42687864900495953
31305,0.7559999999999999,11,36,11,569129,36481,80768,27188,0.33792471006706437,0.4270209992303947
31306,0.7560000000000001,0,8,0,569137,36473,80768,27188,0.3378506058023639,0.4270746610954902
31307,0.7560238095238095,0,2,0,569139,36471,80768,27188,0.33783207973618884,0.4270880786691591
31308,0.7560714285714286,1,0,1,569139,36471,80769,27187,0.33783207973618884,0.42707907882748436
31309,0.7560833333333332,0,2,0,569141,36469,80769,27187,0.3378135536700137,0.42709249717230113
31310,0.7561655844155842,2,2,2,569143,36467,80771,27185,0.3377950276038386,0.4270879155407528
31311,0.7561666666666668,0,2,0,569145,36465,80771,27185,0.3377765015376635,0.42710133542812256
31312,0.7561785714285715,0,1,0,569146,36464,80771,27185,0.33776723850457596,0.42710804568807054
31313,0.7561904761904762,0,3,0,569149,36461,80771,27185,0.33773944940531325,0.42712817773308615
31314,0.7562214582802815,0,5,0,569154,36456,80771,27185,0.3376931342398755,0.427161735359281
31315,0.7562857142857143,0,2,0,569156,36454,80771,27185,0.3376746081737004,0.4271751598862333
31316,0.7563095238095238,0,1,0,569157,36453,80771,27185,0.33766534514061286,0.4271818724661366
31317,0.7563116883116885,0,3,0,569160,36450,80771,27185,0.3376375560413502,0.4272020114716744
31318,0.7563333333333333,0,2,0,569162,36448,80771,27185,0.33761902997517507,0.42721543853032234
31319,0.7563333333333334,1,1,1,569163,36447,80772,27184,0.3376097669420875,0.4272131508227122
31320,0.7563611111111112,0,1,0,569164,36446,80772,27184,0.337600503909,0.42721986484362723
31321,0.7564166666666668,0,2,0,569166,36444,80772,27184,0.33758197784282484,0.42723329351857675
31322,0.7564523809523809,0,2,0,569168,36442,80772,27184,0.33756345177664976,0.42724672303775185
31323,0.7564545454545454,0,1,0,569169,36441,80772,27184,0.3375541887435622,0.42725343811394895
31324,0.7565,1,1,1,569170,36440,80773,27183,0.3375449257104746,0.42725115131320435
31325,0.7565000000000001,7,6,7,569176,36434,80780,27176,0.3374893475119493,0.42722842320389876
31326,0.7565088522588523,0,7,0,569183,36427,80780,27176,0.33742450628033643,0.4272754429822493
31327,0.756515873015873,1,2,1,569185,36425,80781,27175,0.33740598021416135,0.42727987421383645
31328,0.756547619047619,0,1,0,569186,36424,80781,27175,0.3373967171810738,0.4272865925564867
31329,0.7565714285714286,1,1,1,569187,36423,80782,27174,0.3373874541479862,0.42728430586348415
31330,0.7565833333333335,0,1,0,569188,36422,80782,27174,0.33737819111489864,0.4272910245927417
31331,0.7566190476190476,1,1,1,569189,36421,80783,27173,0.3373689280818111,0.4272887379312514
31332,0.7566428571428571,0,1,0,569190,36420,80783,27173,0.33735966504872356,0.42729545704715927
31333,0.7566666666666664,0,2,0,569192,36418,80783,27173,0.33734113898254847,0.42730889591294363
31334,0.7566666666666666,49,106,49,569298,36312,80832,27124,0.3363592574752677,0.4275805536288543
31335,0.7566666666666667,39,94,39,569392,36218,80871,27085,0.3354885323650376,0.42786281850781166
31336,0.7566984126984128,0,1,0,569393,36217,80871,27085,0.33547926933195005,0.4278695775804872
31337,0.7567023809523807,1,1,1,569394,36216,80872,27084,0.3354700062988625,0.42786729857819905
31338,0.7567460317460316,0,2,0,569396,36214,80872,27084,0.3354514802326874,0.4278808177193592
31339,0.7568333333333332,0,6,0,569402,36208,80872,27084,0.3353959020341621,0.4279213802692283
31340,0.7568333333333334,0,9,0,569411,36199,80872,27084,0.33531253473637407,0.42798223851587314
31341,0.7568452380952384,0,1,0,569412,36198,80872,27084,0.3353032717032865,0.42798900161183273
31342,0.7569047619047621,1,0,1,569412,36198,80873,27083,0.3353032717032865,0.4279799623899749
31343,0.7569523809523809,1,0,1,569412,36198,80874,27082,0.3353032717032865,0.42797092288242733
31344,0.757,6,4,6,569416,36194,80880,27076,0.33526621957093633,0.4279437332068911
31345,0.7570714285714285,0,1,0,569417,36193,80880,27076,0.33525695653784876,0.42795049708387994
31346,0.7570739538239537,0,1,0,569418,36192,80880,27076,0.3352476935047612,0.42795726117468547
31347,0.7570833333333333,0,1,0,569419,36191,80880,27076,0.3352384304716736,0.42796402547931783
31348,0.7571428571428571,0,1,0,569420,36190,80880,27076,0.3352291674385861,0.4279707899977871
31349,0.7571428571428572,1,2,1,569422,36188,80881,27075,0.33521064137241097,0.4279752778085137
31350,0.7571666666666665,0,3,0,569425,36185,80881,27075,0.3351828522731483,0.42799557382232056
31351,0.7571666666666667,2,7,2,569432,36178,80883,27073,0.33511801104153544,0.4280248533620022
31352,0.7571666666666669,0,1,0,569433,36177,80883,27073,0.33510874800844787,0.4280316205533597
31353,0.7571785714285716,0,2,0,569435,36175,80883,27073,0.3350902219422728,0.428045155578042
31354,0.7571904761904762,0,2,0,569437,36173,80883,27073,0.3350716958760977,0.42805869145874836
31355,0.7572619047619049,1,1,1,569438,36172,80884,27072,0.3350624328430101,0.4280564164189488
31356,0.7572727272727272,0,1,0,569439,36171,80884,27072,0.33505316980992256,0.4280631848584033
31357,0.7572857142857142,0,1,0,569440,36170,80884,27072,0.335043906776835,0.42806995351190663
31358,0.7573095238095238,0,1,0,569441,36169,80884,27072,0.3350346437437475,0.42807672237946903
31359,0.7573333333333332,0,6,0,569447,36163,80884,27072,0.3349790655452221,0.42811734008065155
31360,0.7573333333333333,6,8,6,569455,36155,80890,27066,0.3349049612805217,0.42811723952484143
31361,0.7573333333333335,1,5,1,569460,36150,80891,27065,0.3348586461150839,0.4281420548920351
31362,0.7573809523809524,0,2,0,569462,36148,80891,27065,0.33484012004890884,0.42815560090487714
31363,0.757392857142857,0,2,0,569464,36146,80891,27065,0.3348215939827337,0.4281691477749126
31364,0.7574018759018759,0,3,0,569467,36143,80891,27065,0.33479380488347105,0.42818946968738136
31365,0.7574999999999997,0,3,0,569470,36140,80891,27065,0.3347660157842084,0.42820979352899297
31366,0.7574999999999998,1,3,1,569473,36137,80892,27064,0.33473822668494574,0.42822107245138524
31367,0.7575,50,76,50,569549,36061,80942,27014,0.3340342361702916,0.42828378913991283
31368,0.7575000000000002,2,3,2,569552,36058,80944,27012,0.33400644707102894,0.42828603139368954
31369,0.7575714285714283,0,2,0,569554,36056,80944,27012,0.3339879210048538,0.4282996131160018
31370,0.7576666666666665,1,1,1,569555,36055,80945,27011,0.3339786579717663,0.42829733929534136
31371,0.7576666666666667,2,21,2,569576,36034,80947,27009,0.33378413427692766,0.428421870786606
31372,0.7576666666666668,0,2,0,569578,36032,80947,27009,0.3337656082107525,0.42843546263542776
31373,0.7577142857142857,1,1,1,569579,36031,80948,27008,0.33375634517766495,0.4284331921508907
31374,0.7577777777777777,0,2,0,569581,36029,80948,27008,0.33373781911148986,0.4284467852213779
31375,0.7578333333333334,0,2,0,569583,36027,80948,27008,0.3337192930453148,0.428460379154438
31376,0.7578333333333335,0,2,0,569585,36025,80948,27008,0.33370076697913964,0.4284739739501531
31377,0.7578571428571428,0,5,0,569590,36020,80948,27008,0.3336544518137019,0.4285079647140953
31378,0.7578571428571429,0,1,0,569591,36019,80948,27008,0.33364518878061433,0.42851476351404955
31379,0.7579047619047619,0,1,0,569592,36018,80948,27008,0.33363592574752676,0.4285215625297496
31380,0.7579285714285714,2,1,2,569593,36017,80950,27006,0.3336266627144392,0.4285102264252733
31381,0.7579949494949494,0,1,0,569594,36016,80950,27006,0.3336173996813517,0.4285170258005141
31382,0.758,13,26,13,569620,35990,80963,26993,0.33337656082107525,0.4285759649429211
31383,0.7580000000000001,1,4,1,569624,35986,80964,26992,0.33333950868872503,0.4285941122296675
31384,0.7580555555555556,0,1,0,569625,35985,80964,26992,0.33333024565563746,0.4286009177953856
31385,0.7580952380952382,0,1,0,569626,35984,80964,26992,0.33332098262254994,0.42860772357723576
31386,0.7581269841269842,1,2,1,569628,35982,80965,26991,0.3333024565563748,0.42861226239817063
31387,0.7581349206349206,1,0,1,569628,35982,80966,26990,0.3333024565563748,0.42860318871879566
31388,0.7581666666666667,1,1,1,569629,35981,80967,26989,0.3332931935232873,0.4286009210735271
31389,0.7581666666666668,3,1,3,569630,35980,80970,26986,0.3332839304901997,0.4285805037639361
31390,0.7582132034632033,0,1,0,569631,35979,80970,26986,0.33327466745711215,0.42858731041054554
31391,0.758234126984127,0,1,0,569632,35978,80970,26986,0.3332654044240246,0.42859411727336255
31392,0.7582521645021645,0,3,0,569635,35975,80970,26986,0.3332376153247619,0.42861453915916203
31393,0.7583333333333332,0,1,0,569636,35974,80970,26986,0.3332283522916744,0.42862134688691234
31394,0.7583333333333333,22,47,22,569683,35927,80992,26964,0.33279298973655935,0.42874179135329377
31395,0.7583333333333334,21,55,21,569738,35872,81013,26943,0.33228352291674385,0.428926211892064
31396,0.7583571428571426,0,2,0,569740,35870,81013,26943,0.33226499685056876,0.4289398691353701
31397,0.7583809523809524,1,1,1,569741,35869,81014,26942,0.3322557338174812,0.4289376064702043
31398,0.7584404761904763,0,1,0,569742,35868,81014,26942,0.3322464707843936,0.42894443559942685
31399,0.7584999999999998,1,1,1,569743,35867,81015,26941,0.3322372077513061,0.428942172971596
31400,0.7585,1,8,1,569751,35859,81016,26940,0.33216310348660566,0.42898772273443847
31401,0.7585000000000001,3,1,3,569752,35858,81019,26937,0.3321538404535181,0.4289672744645274
31402,0.7585714285714286,2,1,2,569753,35857,81021,26935,0.3321445774204305,0.42895591795133137
31403,0.7585833333333335,0,1,0,569754,35856,81021,26935,0.332135314387343,0.4289627494386138
31404,0.7586385281385278,0,1,0,569755,35855,81021,26935,0.33212605135425544,0.4289695811434942
31405,0.7586626984126984,0,1,0,569756,35854,81021,26935,0.33211678832116787,0.4289764130659829
31406,0.7586666666666666,2,0,2,569756,35854,81023,26933,0.33211678832116787,0.4289582238361444
31407,0.7586666666666667,2,8,2,569764,35846,81025,26931,0.3320426840564675,0.42899469550950187
31408,0.7586865079365077,1,2,1,569766,35844,81026,26930,0.33202415799029233,0.4289992672125402
31409,0.7586879721585607,0,1,0,569767,35843,81026,26930,0.33201489495720476,0.4290061013493062
31410,0.758690476190476,0,1,0,569768,35842,81026,26930,0.33200563192411725,0.429012935703817
31411,0.75875,0,2,0,569770,35840,81026,26930,0.3319871058579421,0.4290266050661144
31412,0.7587698412698413,0,1,0,569771,35839,81026,26930,0.3319778428248546,0.42903344007392186
31413,0.7588095238095238,1,1,1,569772,35838,81027,26929,0.331968579791767,0.42903117880414865
31414,0.7588333333333332,1,4,1,569776,35834,81028,26928,0.3319315276594168,0.42904942481119146
31415,0.758857142857143,0,1,0,569777,35833,81028,26928,0.33192226462632923,0.42905626105383915
31416,0.7589047619047617,1,0,1,569777,35833,81029,26927,0.33192226462632923,0.4290471637985978
31417,0.7589285714285714,0,1,0,569778,35832,81029,26927,0.3319130015932417,0.42905400022307555
31418,0.7589999999999999,2,3,2,569781,35829,81031,26925,0.331885212493979,0.4290563151352902
31419,0.759,11,15,11,569796,35814,81042,26914,0.33174626699766574,0.42905879352123455
31420,0.759047619047619,1,2,1,569798,35812,81043,26913,0.3317277409314906,0.42906337186129934
31421,0.7590555555555557,0,1,0,569799,35811,81043,26913,0.33171847789840303,0.4290702123589057
31422,0.7590660173160173,0,1,0,569800,35810,81043,26913,0.3317092148653155,0.42907705307462973
31423,0.7590833333333333,0,1,0,569801,35809,81043,26913,0.33169995183222795,0.42908389400848185
31424,0.7591017316017316,0,1,0,569802,35808,81043,26913,0.3316906887991404,0.4290907351604726
31425,0.7591190476190477,0,1,0,569803,35807,81043,26913,0.33168142576605286,0.42909757653061226
31426,0.7591269841269841,0,1,0,569804,35806,81043,26913,0.3316721627329653,0.4291044181189113
31427,0.7591666666666665,9,26,9,569830,35780,81052,26904,0.33143132387268887,0.42920043392253204
31428,0.7591666666666668,7,20,7,569850,35760,81059,26897,0.3312460632109378,0.4292736645546387
31429,0.7591904761904763,0,3,0,569853,35757,81059,26897,0.33121827411167515,0.4292942190442749
31430,0.7592380952380953,0,1,0,569854,35756,81059,26897,0.3312090110785876,0.42930107097824527
31431,0.7592420634920635,0,1,0,569855,35755,81059,26897,0.3311997480455,0.42930792313094557
31432,0.7592424242424243,0,1,0,569856,35754,81059,26897,0.33119048501241244,0.4293147755023862
31433,0.75925,0,1,0,569857,35753,81059,26897,0.3311812219793249,0.4293216280925778
31434,0.7592500000000001,0,1,0,569858,35752,81059,26897,0.33117195894623735,0.42932848090153075
31435,0.7592857142857141,0,2,0,569860,35750,81059,26897,0.33115343288006227,0.4293421871757626
31436,0.7592857142857143,1,1,1,569861,35749,81060,26896,0.3311441698469747,0.42933993135924653
31437,0.7593095238095238,0,2,0,569863,35747,81060,26896,0.33112564378079956,0.4293536388742557
31438,0.7593333333333332,1,6,1,569869,35741,81061,26895,0.33107006558227425,0.4293856568107797
31439,0.7593333333333334,7,16,7,569885,35725,81068,26888,0.3309218570528734,0.42943158768945744
31440,0.7593492063492066,0,1,0,569886,35724,81068,26888,0.33091259401978584,0.42943844630422284
31441,0.7593650793650794,0,1,0,569887,35723,81068,26888,0.3309033309866983,0.4294453051380748
31442,0.7594166666666666,0,2,0,569889,35721,81068,26888,0.3308848049205232,0.4294590234630804
31443,0.7594444444444445,0,2,0,569891,35719,81068,26888,0.33086627885434805,0.42947274266455826
31444,0.7594999999999998,1,0,1,569891,35719,81069,26887,0.33086627885434805,0.4294636296840558
31445,0.7595000000000001,3,4,3,569895,35715,81072,26884,0.3308292267219978,0.4294637294525472
31446,0.7595191197691196,1,0,1,569895,35715,81073,26883,0.3308292267219978,0.42945461516342376
31447,0.7595476190476189,0,2,0,569897,35713,81073,26883,0.33081070065582274,0.4294683366349287
31448,0.759595238095238,0,1,0,569898,35712,81073,26883,0.3308014376227352,0.42947519769949677
31449,0.7596190476190475,1,0,1,569898,35712,81074,26882,0.3308014376227352,0.42946608301115125
31450,0.7596309523809524,0,2,0,569900,35710,81074,26882,0.3307829115565601,0.4294798057259714
31451,0.7596428571428572,1,0,1,569900,35710,81075,26881,0.3307829115565601,0.4294706906743781
31452,0.7596666666666665,1,0,1,569900,35710,81076,26880,0.3307829115565601,0.4294615753315226
31453,0.7596666666666667,4,7,4,569907,35703,81080,26876,0.3307180703249472,0.42947314594352737
31454,0.7596666666666668,0,1,0,569908,35702,81080,26876,0.33070880729185964,0.42948000894883187
31455,0.7597380952380952,1,0,1,569908,35702,81081,26875,0.33070880729185964,0.42947089186122694
31456,0.7597499999999999,0,1,0,569909,35701,81081,26875,0.33069954425877207,0.42947775504985936
31457,0.7597619047619049,1,0,1,569909,35701,81082,26874,0.33069954425877207,0.42946863763483817
31458,0.7598333333333332,1,3,1,569912,35698,81083,26873,0.3306717551595094,0.4294801105943648
31459,0.7598333333333334,3,4,3,569916,35694,81086,26870,0.3306347030271592,0.42948021226264305
31460,0.7598571428571428,0,1,0,569917,35693,81086,26870,0.3306254399940717,0.4294870770263574
31461,0.7598690476190477,1,0,1,569917,35693,81087,26869,0.3306254399940717,0.4294779578657971
31462,0.7598809523809524,1,1,1,569918,35692,81088,26868,0.3306161769609841,0.42947570332480817
31463,0.7599285714285713,0,1,0,569919,35691,81088,26868,0.33060691392789654,0.42948256845537813
31464,0.7599285714285716,0,1,0,569920,35690,81088,26868,0.33059765089480897,0.4294894338054286
31465,0.7599444444444444,1,0,1,569920,35690,81089,26867,0.33059765089480897,0.42948031395367425
31466,0.7599523809523809,0,1,0,569921,35689,81089,26867,0.33058838786172146,0.42948717948717946
31467,0.7599642857142855,1,1,1,569922,35688,81090,26866,0.3305791248286339,0.4294849250247786
31468,0.7599999999999999,2,5,2,569927,35683,81092,26864,0.3305328096631961,0.4295010152365421
31469,0.76,700,1180,700,571107,34503,81792,26164,0.3196024306198822,0.43127235564639754
31470,0.7600000000000001,3,3,3,571110,34500,81795,26161,0.3195746415206195,0.4312655577718798
31471,0.7600158730158728,0,2,0,571112,34498,81795,26161,0.3195561154544444,0.43127977711469034
31472,0.7600238095238097,1,0,1,571112,34498,81796,26160,0.3195561154544444,0.43127040126611493
31473,0.7600476190476191,1,0,1,571112,34498,81797,26159,0.3195561154544444,0.43126102510839637
31474,0.7601190476190477,0,1,0,571113,34497,81797,26159,0.31954685242135683,0.43126813505671324
31475,0.7601666666666665,3,1,3,571114,34496,81800,26156,0.3195375893882693,0.4312471146870672
31476,0.7601666666666667,0,3,0,571117,34493,81800,26156,0.3195098002890066,0.43126844630579236
31477,0.7601666666666668,0,1,0,571118,34492,81800,26156,0.3195005372559191,0.4312755573143385
31478,0.7601746031746031,0,1,0,571119,34491,81800,26156,0.3194912742228315,0.4312826685573895
31479,0.7601904761904761,0,1,0,571120,34490,81800,26156,0.31948201118974395,0.43128978003495694
31480,0.7602380952380952,0,2,0,571122,34488,81800,26156,0.31946348512356887,0.43130400369368777
31481,0.7603095238095239,0,1,0,571123,34487,81800,26156,0.3194542220904813,0.43131111587487425
31482,0.7603333333333333,3,4,3,571127,34483,81803,26153,0.3194171699581311,0.43131143215251666
31483,0.7603333333333334,0,1,0,571128,34482,81803,26153,0.31940790692504356,0.4313185453945741
31484,0.7603809523809527,1,2,1,571130,34480,81804,26152,0.3193893808588684,0.4313233935875445
31485,0.7604166666666665,0,1,0,571131,34479,81804,26152,0.31938011782578085,0.4313305074961653
31486,0.7604444444444444,1,0,1,571131,34479,81805,26151,0.31938011782578085,0.431321128154379
31487,0.7604761904761904,1,1,1,571132,34478,81806,26150,0.31937085479269334,0.431318862571749
31488,0.7604761904761905,0,1,0,571133,34477,81806,26150,0.31936159175960577,0.4313259768749897
31489,0.7604999999999998,0,2,0,571135,34475,81806,26150,0.3193430656934307,0.431340206185567
31490,0.7605,2,2,2,571137,34473,81808,26148,0.31932453962725554,0.4313356757559262
31491,0.7605000000000001,1,1,1,571138,34472,81809,26147,0.319315276594168,0.43133341031689737
31492,0.7605555555555555,0,1,0,571139,34471,81809,26147,0.31930601356108046,0.4313405259163945
31493,0.7605598290598291,0,1,0,571140,34470,81809,26147,0.3192967505279929,0.431347641750664
31494,0.7605952380952382,0,2,0,571142,34468,81809,26147,0.31927822446181775,0.43136187412356675
31495,0.7606071428571428,1,0,1,571142,34468,81810,26146,0.31927822446181775,0.4313524928234401
31496,0.7606190476190475,1,2,1,571144,34466,81811,26145,0.31925969839564267,0.4313573443764333
31497,0.7606269841269842,0,1,0,571145,34465,81811,26145,0.3192504353625551,0.4313644613100148
31498,0.7606666666666666,11,17,11,571162,34448,81822,26134,0.3190929638000667,0.4313822587567264
31499,0.7606666666666668,0,5,0,571167,34443,81822,26134,0.31904664863462895,0.43141786486620337
31500,0.7607142857142857,1,2,1,571169,34441,81823,26133,0.3190281225684538,0.4314227226202661
31501,0.7607619047619046,1,0,1,571169,34441,81824,26132,0.3190281225684538,0.4314133359747742
31502,0.7608333333333333,10,15,10,571184,34426,81834,26122,0.3188891770721405,0.4314263064015327
31503,0.7608333333333335,19,18,19,571202,34408,81853,26103,0.3187224424765645,0.4313761134339211
31504,0.760904761904762,0,1,0,571203,34407,81853,26103,0.318713179443477,0.43138324243926623
31505,0.7609166666666667,0,1,0,571204,34406,81853,26103,0.3187039164103894,0.4313903716802459
31506,0.7609523809523808,1,2,1,571206,34404,81854,26102,0.31868539034421434,0.431395233530559
31507,0.760952380952381,2,1,2,571207,34403,81856,26100,0.31867612731112677,0.43138356775697073
31508,0.760968253968254,1,3,1,571210,34400,81857,26099,0.3186483382118641,0.43139556025719433
31509,0.7609761904761906,1,1,1,571211,34399,81858,26098,0.31863907517877654,0.43139329222936673
31510,0.7609945887445888,0,4,0,571215,34395,81858,26098,0.3186020230464263,0.4314218174003604
31511,0.7609999999999999,10,16,10,571231,34379,81868,26088,0.3184538145170255,0.43144194353945126
31512,0.7610000000000001,3,3,3,571234,34376,81871,26085,0.31842602541776277,0.4314351400076082
31513,0.7610238095238095,1,0,1,571234,34376,81872,26084,0.31842602541776277,0.4314257360238174
31514,0.7610714285714286,1,0,1,571234,34376,81873,26083,0.31842602541776277,0.4314163317289403
31515,0.7611666666666665,0,1,0,571235,34375,81873,26083,0.31841676238467526,0.43142346753117866
31516,0.7611666666666668,2,5,2,571240,34370,81875,26081,0.31837044721923746,0.43144034011017185
31517,0.7611904761904762,1,1,1,571241,34369,81876,26080,0.3183611841861499,0.4314380717629738
31518,0.7611984126984126,0,2,0,571243,34367,81876,26080,0.3183426581199748,0.43145234668387183
31519,0.7612142857142856,1,0,1,571243,34367,81877,26079,0.3183426581199748,0.4314429408066704
31520,0.7612261904761904,0,1,0,571244,34366,81877,26079,0.31833339508688724,0.43145007858383655
31521,0.7612878787878787,0,1,0,571245,34365,81877,26079,0.31832413205379967,0.43145721659718084
31522,0.7613333333333333,2,5,2,571250,34360,81879,26077,0.31827781688836193,0.43147409699356354
31523,0.7613333333333334,0,2,0,571252,34358,81879,26077,0.3182592908221868,0.43148837594109374
31524,0.7614285714285713,1,3,1,571255,34355,81880,26076,0.31823150172292414,0.4315003888732604
31525,0.7615,0,1,0,571256,34354,81880,26076,0.3182222386898366,0.43150752937282805
31526,0.7615000000000001,4,5,4,571261,34349,81884,26072,0.31817592352439883,0.43150560235679647
31527,0.761551587301587,0,1,0,571262,34348,81884,26072,0.31816666049131126,0.4315127441244621
31528,0.7616071428571429,0,1,0,571263,34347,81884,26072,0.31815739745822375,0.4315198861285357
31529,0.7616190476190476,0,4,0,571267,34343,81884,26072,0.3181203453258735,0.4315484565091451
31530,0.7616428571428573,0,2,0,571269,34341,81884,26072,0.3181018192596984,0.43156274311820303
31531,0.7616666666666666,26,47,26,571316,34294,81910,26046,0.3176664567045833,0.43165396088829966
31532,0.7616666666666667,21,38,21,571354,34256,81931,26025,0.3173144614472563,0.43172807352233705
31533,0.7616666666666668,0,1,0,571355,34255,81931,26025,0.3173051984141687,0.4317352355673524
31534,0.7617142857142857,0,2,0,571357,34253,81931,26025,0.3172866723479936,0.43174956037028434
31535,0.7617261904761906,0,1,0,571358,34252,81931,26025,0.31727740931490606,0.4317567231282247
31536,0.7617857142857143,0,1,0,571359,34251,81931,26025,0.31726814628181854,0.4317638861238304
31537,0.7618095238095237,0,2,0,571361,34249,81931,26025,0.3172496202156434,0.4317782128280851
31538,0.7618333333333333,1,3,1,571364,34246,81932,26024,0.31722183111638075,0.43179027708644435
31539,0.7618333333333334,2,9,2,571373,34237,81934,26022,0.3171384638185928,0.4318359083290463
31540,0.7618846153846153,0,1,0,571374,34236,81934,26022,0.3171292007855052,0.43184307477845263
31541,0.761888888888889,1,0,1,571374,34236,81935,26021,0.3171292007855052,0.43183364588346584
31542,0.7619166666666666,0,1,0,571375,34235,81935,26021,0.31711993775241765,0.43184081253319173
31543,0.7619285714285715,0,1,0,571376,34234,81935,26021,0.3171106747193301,0.43184797942079495
31544,0.7619523809523809,0,2,0,571378,34232,81935,26021,0.317092148653155,0.43186231390968083
31545,0.7619999999999999,0,4,0,571382,34228,81935,26021,0.31705509652080477,0.43189098574250195
31546,0.762,11,14,11,571396,34214,81946,26010,0.316925414057579,0.43188761955366634
31547,0.7620317460317461,0,1,0,571397,34213,81946,26010,0.31691615102449144,0.43189479102668415
31548,0.7620833333333334,1,2,1,571399,34211,81947,26009,0.31689762495831636,0.4318997010959814
31549,0.7620952380952382,0,1,0,571400,34210,81947,26009,0.3168883619252288,0.4319068732459855
31550,0.7621428571428572,2,1,2,571401,34209,81949,26007,0.3168790988921412,0.43189517736149863
31551,0.7621666666666667,3,3,3,571404,34206,81952,26004,0.31685130979287857,0.4318883906327852
31552,0.7622023809523809,0,1,0,571405,34205,81952,26004,0.31684204675979105,0.4318955637861449
31553,0.7622222222222222,1,1,1,571406,34204,81953,26003,0.3168327837267035,0.43189330144335375
31554,0.7622857142857142,1,0,1,571406,34204,81954,26002,0.3168327837267035,0.4318838653954755
31555,0.7622857142857145,0,2,0,571408,34202,81954,26002,0.31681425766052834,0.43189821274333934
31556,0.7623052780552778,1,2,1,571410,34200,81955,26001,0.31679573159435326,0.4319031245328151
31557,0.7623333333333332,2,3,2,571413,34197,81957,25999,0.3167679424950906,0.43190577447006445
31558,0.7623333333333333,4,4,4,571417,34193,81961,25995,0.3167308903627404,0.4318967235993886
31559,0.7623333333333335,0,3,0,571420,34190,81961,25995,0.3167031012634777,0.4319182520561602
31560,0.7623412698412699,1,0,1,571420,34190,81962,25994,0.3167031012634777,0.4319088129735478
31561,0.7623809523809523,0,2,0,571422,34188,81962,25994,0.3166845751973026,0.4319231663952677
31562,0.7623809523809524,2,1,2,571423,34187,81964,25992,0.3166753121642151,0.4319114641320062
31563,0.7624047619047619,1,0,1,571423,34187,81965,25991,0.3166753121642151,0.43190202399548006
31564,0.7624166666666666,1,0,1,571423,34187,81966,25990,0.3166753121642151,0.4318925835452083
31565,0.7624999999999998,1,1,1,571424,34186,81967,25989,0.3166660491311275,0.4318903199002908
31566,0.7625,48,75,48,571499,34111,82015,25941,0.31597132164956093,0.4319756211283554
31567,0.7625000000000002,2,2,2,571501,34109,82017,25939,0.31595279558338585,0.4319710897948308
31568,0.7626190476190476,1,0,1,571501,34109,82018,25938,0.31595279558338585,0.43196163005645577
31569,0.7626666666666665,1,2,1,571503,34107,82019,25937,0.3159342695172107,0.4319665578575711
31570,0.7626666666666666,5,5,5,571508,34102,82024,25932,0.31588795435177297,0.43195522537228903
31571,0.7626666666666668,0,3,0,571511,34099,82024,25932,0.31586016525251026,0.43197681198047677
31572,0.7627619047619046,0,1,0,571512,34098,82024,25932,0.31585090221942275,0.431984007996002
31573,0.7628095238095237,0,1,0,571513,34097,82024,25932,0.3158416391863352,0.43199120425127857
31574,0.7628333333333331,0,3,0,571516,34094,82024,25932,0.3158138500870725,0.43201279445573587
31575,0.7628333333333334,1,2,1,571518,34092,82025,25931,0.3157953240208974,0.4320177265381604
31576,0.7628571428571428,2,2,2,571520,34090,82027,25929,0.3157767979547223,0.43201319582132325
31577,0.7629047619047619,1,0,1,571520,34090,82028,25928,0.3157767979547223,0.4320037322136692
31578,0.762904761904762,0,1,0,571521,34089,82028,25928,0.31576753492163473,0.432010930236433
31579,0.7629166666666666,0,1,0,571522,34088,82028,25928,0.31575827188854716,0.4320181284990669
31580,0.7629166666666667,0,1,0,571523,34087,82028,25928,0.31574900885545965,0.4320253270015829
31581,0.763,4,16,4,571539,34071,82032,25924,0.31560080032605875,0.4321026752229352
31582,0.7630000000000001,2,1,2,571540,34070,82034,25922,0.31559153729297124,0.4320909454593946
31583,0.7630476190476191,0,2,0,571542,34068,82034,25922,0.3155730112267961,0.4321053508918153
31584,0.7630952380952383,0,3,0,571545,34065,82034,25922,0.31554522212753344,0.43212696084151564
31585,0.7631060606060608,0,1,0,571546,34064,82034,25922,0.3155359590944459,0.43213416463841564
31586,0.7631190476190477,0,2,0,571548,34062,82034,25922,0.3155174330282708,0.4321485729527874
31587,0.7631666666666667,0,1,0,571549,34061,82034,25922,0.3155081699951832,0.4321557774702832
31588,0.7631666666666668,1,3,1,571552,34058,82035,25921,0.31548038089592056,0.43216792544057087
31589,0.7631753246753248,1,0,1,571552,34058,82036,25920,0.31548038089592056,0.4321584581013038
31590,0.7632142857142857,0,1,0,571553,34057,82036,25920,0.315471117862833,0.4321656635043433
31591,0.7632222222222222,0,2,0,571555,34055,82036,25920,0.3154525917966579,0.43218007503126304
31592,0.7632371794871795,0,2,0,571557,34053,82036,25920,0.31543406573048277,0.4321944875193837
31593,0.7632499999999999,1,0,1,571557,34053,82037,25919,0.31543406573048277,0.4321850196758487
31594,0.76325,0,1,0,571558,34052,82037,25919,0.31542480269739526,0.43219222624268394
31595,0.7632857142857142,2,0,2,571558,34052,82039,25917,0.31542480269739526,0.43217328953292533
31596,0.7633333333333332,1,4,1,571562,34048,82040,25916,0.31538775056504503,0.43219264892268694
31597,0.7633333333333333,47,76,47,571638,33972,82087,25869,0.3146837600503909,0.4322955832957337
31598,0.7633333333333334,61,81,61,571719,33891,82148,25808,0.313933454370299,0.4323020486105295
31599,0.7634047619047618,0,1,0,571720,33890,82148,25808,0.31392419133721144,0.43230929009347047
31600,0.7634166666666666,1,0,1,571720,33890,82149,25807,0.31392419133721144,0.432299780558487
31601,0.7634523809523809,2,0,2,571720,33890,82151,25805,0.31392419133721144,0.4322807605327079
31602,0.7635,5,6,5,571726,33884,82156,25800,0.31386861313868614,0.4322766570605187
31603,0.7635000000000001,0,3,0,571729,33881,82156,25800,0.3138408240394235,0.43229838642113905
31604,0.7635238095238095,0,1,0,571730,33880,82156,25800,0.3138315610063359,0.43230563002680966
31605,0.763547619047619,1,0,1,571730,33880,82157,25799,0.3138315610063359,0.4322961175622916
31606,0.7635714285714286,0,4,0,571734,33876,82157,25799,0.3137945088739857,0.43232509426057814
31607,0.7635833333333334,0,1,0,571735,33875,82157,25799,0.3137852458408981,0.4323323390421289
31608,0.7636146631146629,0,3,0,571738,33872,82157,25799,0.31375745674163547,0.43235407484372645
31609,0.7636150793650793,0,1,0,571739,33871,82157,25799,0.31374819370854795,0.4323613205966147
31610,0.7636363636363636,0,1,0,571740,33870,82157,25799,0.3137389306754604,0.4323685665923679
31611,0.7636547619047618,0,1,0,571741,33869,82157,25799,0.3137296676423728,0.4323758128309982
31612,0.7636666666666666,2,7,2,571748,33862,82159,25797,0.31366482641075993,0.43240751604954825
31613,0.7636666666666667,3,5,3,571753,33857,82162,25794,0.3136185112453222,0.4324152151682285
31614,0.7636818181818184,0,2,0,571755,33855,82162,25794,0.31359998517914706,0.4324297138258814
31615,0.7637142857142857,0,1,0,571756,33854,82162,25794,0.3135907221460595,0.4324369635193133
31616,0.7637283549783552,0,2,0,571758,33852,82162,25794,0.3135721960798844,0.4324514636354492
31617,0.7637857142857141,1,1,1,571759,33851,82163,25793,0.31356293304679683,0.43244919857823083
31618,0.7638095238095238,0,1,0,571760,33850,82163,25793,0.31355367001370926,0.4324564492061097
31619,0.7638095238095239,0,1,0,571761,33849,82163,25793,0.31354440698062175,0.43246370007712687
31620,0.7638333333333331,0,1,0,571762,33848,82163,25793,0.3135351439475342,0.4324709511912946
31621,0.7638333333333333,2,2,2,571764,33846,82165,25791,0.3135166178813591,0.43246642185220585
31622,0.7638333333333334,1,2,1,571766,33844,82166,25790,0.31349809181518395,0.43247140892779284
31623,0.7638333333333336,0,1,0,571767,33843,82166,25790,0.3134888287820964,0.43247866114399747
31624,0.7638571428571429,0,1,0,571768,33842,82166,25790,0.31347956574900887,0.4324859136034344
31625,0.7638888888888888,0,1,0,571769,33841,82166,25790,0.3134703027159213,0.43249316630611595
31626,0.7639166666666667,1,1,1,571770,33840,82167,25789,0.31346103968283373,0.432490902077848
31627,0.7639999999999999,0,5,0,571775,33835,82167,25789,0.313414724517396,0.4325271702670066
31628,0.764,18,32,18,571807,33803,82185,25771,0.31311830745859426,0.43258804176318527
31629,0.7640476190476191,0,1,0,571808,33802,82185,25771,0.3131090444255067,0.43259530324140133
31630,0.7641125541125541,0,1,0,571809,33801,82185,25771,0.3130997813924191,0.4326025649634056
31631,0.7641190476190477,0,3,0,571812,33798,82185,25771,0.31307199229315646,0.43262435159227114
31632,0.7641666666666665,7,13,7,571825,33785,82192,25764,0.3129515728630183,0.4326521016305899
31633,0.7641666666666667,7,17,7,571842,33768,82199,25757,0.31279410130052987,0.4327089458210836
31634,0.7641666666666669,1,0,1,571842,33768,82200,25756,0.31279410130052987,0.43269941536187084
31635,0.7642857142857143,2,5,2,571847,33763,82202,25754,0.3127477861350921,0.43271670279079927
31636,0.7643333333333332,1,7,1,571854,33756,82203,25753,0.3126829449034792,0.4327580702078677
31637,0.7643333333333334,3,5,3,571859,33751,82206,25750,0.3126366297380414,0.43276583586830475
31638,0.7643333333333335,0,1,0,571860,33750,82206,25750,0.3126273667049539,0.4327731092436975
31639,0.7643571428571428,0,1,0,571861,33749,82206,25750,0.3126181036718663,0.43278038286357756
31640,0.7644166666666666,0,1,0,571862,33748,82206,25750,0.31260884063877875,0.4327876567279572
31641,0.7644285714285708,1,3,1,571865,33745,82207,25749,0.3125810515395161,0.4327999462130635
31642,0.7644404761904761,1,0,1,571865,33745,82208,25748,0.3125810515395161,0.4327904123174155
31643,0.7644761904761904,0,2,0,571867,33743,82208,25748,0.312562525473341,0.4328049620951068
31644,0.7644999999999998,2,3,2,571870,33740,82210,25746,0.3125347363740783,0.43280771946340313
31645,0.7645000000000001,0,6,0,571876,33734,82210,25746,0.312479158175553,0.4328513786146604
31646,0.7645238095238095,1,0,1,571876,33734,82211,25745,0.312479158175553,0.4328418433396661
31647,0.7645238095238096,1,0,1,571876,33734,82212,25744,0.312479158175553,0.4328323077440398
31648,0.7645454545454545,0,1,0,571877,33733,82212,25744,0.3124698951424654,0.43283958504968306
31649,0.7645714285714286,1,0,1,571877,33733,82213,25743,0.3124698951424654,0.43283004909543343
31650,0.7645833333333333,0,1,0,571878,33732,82213,25743,0.3124606321093779,0.43283732660781843
31651,0.7646666666666665,0,2,0,571880,33730,82213,25743,0.31244210604320277,0.4328518823667883
31652,0.7646666666666667,6,4,6,571884,33726,82219,25737,0.31240505391085255,0.432823772766258
31653,0.7646666666666668,1,0,1,571884,33726,82220,25736,0.31240505391085255,0.43281423430089805
31654,0.7646892274392272,0,1,0,571885,33725,82220,25736,0.31239579087776503,0.43282151326079277
31655,0.7647142857142856,2,0,2,571885,33725,82222,25734,0.31239579087776503,0.43280243529154544
31656,0.7647380952380953,1,0,1,571885,33725,82223,25733,0.31239579087776503,0.4327928958256248
31657,0.7647619047619049,1,1,1,571886,33724,82224,25732,0.31238652784467746,0.43279063509149623
31658,0.7647857142857143,0,1,0,571887,33723,82224,25732,0.3123772648115899,0.4327979143890337
31659,0.7648095238095238,1,0,1,571887,33723,82225,25731,0.3123772648115899,0.43278837420526794
31660,0.7648174603174602,1,0,1,571887,33723,82226,25730,0.3123772648115899,0.4327788337005702
31661,0.7648333333333333,1,0,1,571887,33723,82227,25729,0.3123772648115899,0.4327692928749243
31662,0.7648333333333334,3,6,3,571893,33717,82230,25726,0.3123216866130646,0.4327843480308867
31663,0.7648809523809522,1,0,1,571893,33717,82231,25725,0.3123216866130646,0.4327748056929444
31664,0.7648809523809524,0,1,0,571894,33716,82231,25725,0.312312423579977,0.43278208643865346
31665,0.764904761904762,0,1,0,571895,33715,82231,25725,0.31230316054688945,0.4327893674293405
31666,0.7649166666666667,0,2,0,571897,33713,82231,25725,0.31228463448071436,0.432803930145698
31667,0.7649880952380953,0,1,0,571898,33712,82231,25725,0.3122753714476268,0.43281121187139326
31668,0.7649999999999999,3,2,3,571900,33710,82234,25722,0.3122568453814517,0.43279714631848165
31669,0.765,203,336,203,572236,33374,82437,25519,0.30914446626403347,0.4333112594026455
31670,0.7650000000000001,2,7,2,572243,33367,82439,25517,0.3090796250324206,0.4333435228585015
31671,0.765015873015873,0,1,0,572244,33366,82439,25517,0.3090703619993331,0.43335088225803714
31672,0.7650238095238094,0,1,0,572245,33365,82439,25517,0.3090610989662455,0.4333582419075439
31673,0.7650238095238096,1,2,1,572247,33363,82440,25516,0.3090425729000704,0.43336333837191526
31674,0.7650476190476191,1,0,1,572247,33363,82441,25515,0.3090425729000704,0.43335371446040966
31675,0.7650833333333334,0,1,0,572248,33362,82441,25515,0.30903330986698285,0.4333610747830222
31676,0.7651190476190476,0,4,0,572252,33358,82441,25515,0.30899625773463263,0.4333905185738794
31677,0.7651515151515151,0,1,0,572253,33357,82441,25515,0.30898699470154506,0.43339788014675906
31678,0.7651587301587301,0,1,0,572254,33356,82441,25515,0.30897773166845754,0.4334052419697304
31679,0.7651666666666666,2,3,2,572257,33353,82443,25513,0.30894994256919484,0.43340807936669723
31680,0.7651666666666667,0,3,0,572260,33350,82443,25513,0.3089221534699322,0.4334301683570324
31681,0.7651666666666668,1,0,1,572260,33350,82444,25512,0.3089221534699322,0.43342054296490096
31682,0.7651746031746031,0,3,0,572263,33347,82444,25512,0.3088943643706695,0.43344263409164274
31683,0.7651904761904763,0,1,0,572264,33346,82444,25512,0.30888510133758196,0.4334499983009956
31684,0.765238095238095,0,1,0,572265,33345,82444,25512,0.30887583830449444,0.4334573627605892
31685,0.7652619047619048,0,1,0,572266,33344,82444,25512,0.3088665752714069,0.4334647274704363
31686,0.7652727272727273,0,1,0,572267,33343,82444,25512,0.3088573122383193,0.4334720924305497
31687,0.7653333333333333,2,11,2,572278,33332,82446,25510,0.3087554188743562,0.4335338703647055
31688,0.7653333333333334,0,2,0,572280,33330,82446,25510,0.3087368928081811,0.43354860639021076
31689,0.7653571428571427,0,1,0,572281,33329,82446,25510,0.30872762977509355,0.4335559747786332
31690,0.7654166666666665,1,0,1,572281,33329,82447,25509,0.30872762977509355,0.43354634759849076
31691,0.7654242424242423,0,1,0,572282,33328,82447,25509,0.308718366742006,0.4335537161989904
31692,0.7654444444444445,0,1,0,572283,33327,82447,25509,0.30870910370891846,0.43356108504996943
31693,0.7654523809523809,2,0,2,572283,33327,82449,25507,0.30870910370891846,0.43354182955433934
31694,0.7654761904761905,0,1,0,572284,33326,82449,25507,0.3086998406758309,0.4335491985790288
31695,0.7655,3,6,3,572290,33320,82452,25504,0.3086442624773056,0.43356453148374813
31696,0.7655357142857142,0,2,0,572292,33318,82452,25504,0.30862573641113045,0.4335792730610996
31697,0.7655714285714287,1,2,1,572294,33316,82453,25503,0.30860721034495536,0.4335843859977218
31698,0.7656190476190475,0,1,0,572295,33315,82453,25503,0.3085979473118678,0.4335917576252168
31699,0.7656428571428571,0,1,0,572296,33314,82453,25503,0.3085886842787802,0.43359912950337487
31700,0.7656666666666665,1,0,1,572296,33314,82454,25502,0.3085886842787802,0.43358949945593034
31701,0.7656666666666666,1,6,1,572302,33308,82455,25501,0.3085331060802549,0.43362410515397304
31702,0.7656666666666667,2,2,2,572304,33306,82457,25499,0.30851458001407983,0.43361959017090385
31703,0.7656818181818181,2,0,2,572304,33306,82459,25497,0.30851458001407983,0.43360032651395336
31704,0.7656904761904763,1,0,1,572304,33306,82460,25496,0.30851458001407983,0.43359069419407503
31705,0.7657142857142857,1,3,1,572307,33303,82461,25495,0.3084867909148171,0.43360318378176127
31706,0.7657602675102676,0,2,0,572309,33301,82461,25495,0.30846826484864204,0.4336179331927342
31707,0.7657619047619046,0,1,0,572310,33300,82461,25495,0.30845900181555447,0.4336253082745131
31708,0.7658333333333333,9,21,9,572331,33279,82470,25486,0.30826447812071583,0.43369352505743214
31709,0.7658333333333335,5,12,5,572343,33267,82475,25481,0.3081533217236652,0.43373391434602027
31710,0.7658452380952383,1,1,1,572344,33266,82476,25480,0.30814405869057765,0.43373165832567323
31711,0.7658787878787878,0,1,0,572345,33265,82476,25480,0.3081347956574901,0.4337390416205634
31712,0.7659999999999999,17,28,17,572373,33237,82493,25463,0.30787543073103857,0.43378194207836457
31713,0.7660000000000001,1,3,1,572376,33234,82494,25462,0.3078476416317759,0.43379446640316205
31714,0.7660714285714285,1,1,1,572377,33233,82495,25461,0.30783837859868834,0.4337922104474052
31715,0.7660714285714286,1,0,1,572377,33233,82496,25460,0.30783837859868834,0.4337825635084252
31716,0.7660833333333333,0,2,0,572379,33231,82496,25460,0.30781985253251326,0.43379734541922954
31717,0.7661111111111112,0,1,0,572380,33230,82496,25460,0.3078105894994257,0.43380473675242803
31718,0.7661190476190474,1,0,1,572380,33230,82497,25459,0.3078105894994257,0.43379508936938777
31719,0.7661190476190478,0,1,0,572381,33229,82497,25459,0.3078013264663381,0.4338024809160305
31720,0.7661666666666666,1,2,1,572383,33227,82498,25458,0.30778280040016304,0.4338076169378887
31721,0.7661666666666668,1,3,1,572386,33224,82499,25457,0.3077550113009004,0.43382014621427717
31722,0.7661904761904762,0,1,0,572387,33223,82499,25457,0.3077457482678128,0.4338275391956374
31723,0.7661904761904763,0,2,0,572389,33221,82499,25457,0.30772722220163773,0.433842325914312
31724,0.7662460317460318,1,1,1,572390,33220,82500,25456,0.30771795916855016,0.43384007089781174
31725,0.76625,2,2,2,572392,33218,82502,25454,0.307699433102375,0.43383556040359966
31726,0.7662857142857142,0,1,0,572393,33217,82502,25454,0.3076901700692875,0.43384295478174906
31727,0.7663333333333333,1,3,1,572396,33214,82503,25453,0.30766238097002485,0.4338554894574463
31728,0.7663333333333334,2,2,2,572398,33212,82505,25451,0.3076438549038497,0.4338509793225713
31729,0.7663571428571428,1,3,1,572401,33209,82506,25450,0.30761606580458706,0.43386351625496516
31730,0.7663888888888889,0,2,0,572403,33207,82506,25450,0.3075975397384119,0.433878309494178
31731,0.7664166666666666,1,1,1,572404,33206,82507,25449,0.3075882767053244,0.4338760548972807
31732,0.7664285714285713,0,2,0,572406,33204,82507,25449,0.30756975063914926,0.43389084957291185
31733,0.7664761904761904,0,1,0,572407,33203,82507,25449,0.30756048760606175,0.433898247289095
31734,0.7665,0,3,0,572410,33200,82507,25449,0.30753269850679904,0.43392044195126944
31735,0.7665000000000001,1,6,1,572416,33194,82508,25448,0.30747712030827373,0.4339551857030797
31736,0.7665238095238095,0,1,0,572417,33193,82508,25448,0.30746785727518616,0.4339625859040603
31737,0.7665476190476191,1,0,1,572417,33193,82509,25447,0.30746785727518616,0.43395293315143246
31738,0.7665613275613277,0,3,0,572420,33190,82509,25447,0.3074400681759235,0.433975135153572
31739,0.7665714285714285,0,3,0,572423,33187,82509,25447,0.30741227907666085,0.43399733942763585
31740,0.7665714285714286,2,1,2,572424,33186,82511,25445,0.3074030160435733,0.4339854343265508
31741,0.7666190476190476,0,1,0,572425,33185,82511,25445,0.30739375301048577,0.4339928364318608
31742,0.7666666666666666,51,115,51,572540,33070,82562,25394,0.306328504205417,0.4343527640941434
31743,0.7666666666666667,55,83,55,572623,32987,82617,25339,0.30555967245915,0.4344374721393547
31744,0.7666666666666668,0,1,0,572624,32986,82617,25339,0.3055504094260625,0.43444492070295754
31745,0.7667142857142857,0,1,0,572625,32985,82617,25339,0.3055411463929749,0.4344523695219807
31746,0.7667142857142858,0,1,0,572626,32984,82617,25339,0.30553188335988735,0.43445981859643706
31747,0.7668333333333333,0,2,0,572628,32982,82617,25339,0.30551335729371226,0.43447471751170247
31748,0.7668333333333334,3,7,3,572635,32975,82620,25336,0.3054485160620994,0.4344977791497316
31749,0.7668668831168831,0,2,0,572637,32973,82620,25336,0.30542998999592424,0.4345126824332436
31750,0.7669047619047619,1,0,1,572637,32973,82621,25335,0.30542998999592424,0.43450298415311794
31751,0.7669166666666666,0,1,0,572638,32972,82621,25335,0.30542072696283673,0.4345104361397431
31752,0.7669285714285715,0,1,0,572639,32971,82621,25335,0.30541146392974916,0.4345178883819847
31753,0.7669523809523809,1,0,1,572639,32971,82622,25334,0.30541146392974916,0.43450818969213617
31754,0.7669999999999999,0,2,0,572641,32969,82622,25334,0.305392937863574,0.43452309486647345
31755,0.767,3,13,3,572654,32956,82625,25331,0.30527251843343584,0.43459090363202774
31756,0.767047619047619,0,1,0,572655,32955,82625,25331,0.30526325540034827,0.4345983598119617
31757,0.7670476190476191,0,1,0,572656,32954,82625,25331,0.30525399236726075,0.43460581624774813
31758,0.7670714285714285,0,2,0,572658,32952,82625,25331,0.3052354663010856,0.434620729886931
31759,0.767095238095238,0,1,0,572659,32951,82625,25331,0.3052262032679981,0.4346281870903538
31760,0.7671428571428572,1,0,1,572659,32951,82626,25330,0.3052262032679981,0.43461848629913696
31761,0.7671666666666666,1,2,1,572661,32949,82627,25329,0.30520767720182296,0.43462370019561414
31762,0.7671666666666667,2,3,2,572664,32946,82629,25327,0.3051798881025603,0.4346266710140202
31763,0.767190476190476,0,1,0,572665,32945,82629,25327,0.30517062506947273,0.43463412959912134
31764,0.7672222222222222,0,1,0,572666,32944,82629,25327,0.3051613620363852,0.434641588440219
31765,0.7672261904761905,0,1,0,572667,32943,82629,25327,0.30515209900329765,0.43464904753732625
31766,0.76725,0,1,0,572668,32942,82629,25327,0.3051428359702101,0.4346565068904563
31767,0.7672619047619047,0,4,0,572672,32938,82629,25327,0.30510578383785986,0.43468634686346863
31768,0.7672619047619048,0,1,0,572673,32937,82629,25327,0.30509652080477234,0.4346938074969106
31769,0.7672857142857141,0,5,0,572678,32932,82629,25327,0.30505020563933455,0.43473111450591323
31770,0.7673333333333332,1,1,1,572679,32931,82630,25326,0.305040942606247,0.434728873783408
31771,0.7673333333333333,2,9,2,572688,32922,82632,25324,0.304957575308459,0.4347766370222848
31772,0.7673333333333335,1,1,1,572689,32921,82633,25323,0.30494831227537145,0.4347743973628185
31773,0.7673412698412698,1,1,1,572690,32920,82634,25322,0.3049390492422839,0.4347721575495347
31774,0.7673809523809524,0,5,0,572695,32915,82634,25322,0.30489273407684614,0.4348094853787111
31775,0.7673888888888889,0,1,0,572696,32914,82634,25322,0.30488347104375857,0.4348169517137166
31776,0.7674166666666664,0,1,0,572697,32913,82634,25322,0.304874208010671,0.43482441830514296
31777,0.767426406926407,0,1,0,572698,32912,82634,25322,0.3048649449775835,0.4348318851530034
31778,0.7674285714285715,0,1,0,572699,32911,82634,25322,0.3048556819444959,0.43483935225731113
31779,0.767440476190476,0,1,0,572700,32910,82634,25322,0.30484641891140835,0.4348468196180794
31780,0.7674523809523809,0,1,0,572701,32909,82634,25322,0.3048371558783208,0.4348542872353214
31781,0.7674999999999998,1,2,1,572703,32907,82635,25321,0.3048186298121457,0.43485951775777976
31782,0.7675,56,82,56,572785,32825,82691,25265,0.30405906109896624,0.43492855913238077
31783,0.7675000000000002,2,1,2,572786,32824,82693,25263,0.3040497980658787,0.43491659063129445
31784,0.7675476190476193,0,1,0,572787,32823,82693,25263,0.30404053503279116,0.4349240780911063
31785,0.7675714285714286,0,1,0,572788,32822,82693,25263,0.3040312719997036,0.4349315658087286
31786,0.7675833333333333,1,2,1,572790,32820,82694,25262,0.30401274593352845,0.43493681347061053
31787,0.7676190476190476,2,0,2,572790,32820,82696,25260,0.30401274593352845,0.43491735537190085
31788,0.7676190476190478,0,1,0,572791,32819,82696,25260,0.30400348290044094,0.4349248437473097
31789,0.7676533189033189,0,1,0,572792,32818,82696,25260,0.30399421986735337,0.4349323323805916
31790,0.7676666666666665,0,2,0,572794,32816,82696,25260,0.3039756938011783,0.4349473104208279
31791,0.7676666666666666,5,6,5,572800,32810,82701,25255,0.3039201156026529,0.43494359769224145
31792,0.7676666666666668,1,5,1,572805,32805,82702,25254,0.3038738004372152,0.4349713222756162
31793,0.7677142857142857,1,0,1,572805,32805,82703,25253,0.3038738004372152,0.43496159013400393
31794,0.7677857142857143,0,1,0,572806,32804,82703,25253,0.3038645374041276,0.4349690821089619
31795,0.7678181818181818,1,0,1,572806,32804,82704,25252,0.3038645374041276,0.4349593495934959
31796,0.7678333333333334,1,4,1,572810,32800,82705,25251,0.3038274852717774,0.4349795869149541
31797,0.7678333333333335,0,1,0,572811,32799,82705,25251,0.3038182222386898,0.4349870801033592
31798,0.7678412698412699,0,2,0,572813,32797,82705,25251,0.30379969617251473,0.43500206725468576
31799,0.7678571428571428,1,0,1,572813,32797,82706,25250,0.30379969617251473,0.43499233379847363
31800,0.7678809523809522,0,1,0,572814,32796,82706,25250,0.30379043313942716,0.4349998277228405
31801,0.7679271284271284,0,2,0,572816,32794,82706,25250,0.3037719070732521,0.43501481634622013
31802,0.7679761904761904,0,2,0,572818,32792,82706,25250,0.30375338100707694,0.43502980600254987
31803,0.7679999999999998,1,1,1,572819,32791,82707,25249,0.3037441179739894,0.4350275671950379
31804,0.768,19,30,19,572849,32761,82726,25230,0.3034662269813628,0.4350675104757635
31805,0.7680000000000001,2,2,2,572851,32759,82728,25228,0.3034477009151877,0.43506303136909996
31806,0.7680476190476191,0,2,0,572853,32757,82728,25228,0.30342917484901255,0.43507803742347156
31807,0.7680833333333333,0,3,0,572856,32754,82728,25228,0.3034013857497499,0.4351005484460695
31808,0.7681388888888889,0,2,0,572858,32752,82728,25228,0.3033828596835748,0.43511555708865124
31809,0.7681666666666664,0,2,0,572860,32750,82728,25228,0.3033643336173997,0.4351305667667046
31810,0.7681666666666667,2,7,2,572867,32743,82730,25226,0.3032994923857868,0.4351636219358623
31811,0.7681666666666668,1,4,1,572871,32739,82731,25225,0.30326244025343657,0.4351839072527776
31812,0.7681818181818181,0,1,0,572872,32738,82731,25225,0.30325317722034906,0.43519141521315324
31813,0.7681905365875954,0,3,0,572875,32735,82731,25225,0.30322538812108635,0.43521394064872326
31814,0.7682380952380952,1,0,1,572875,32735,82732,25224,0.30322538812108635,0.43520419606963545
31815,0.7683333333333333,21,48,21,572923,32687,82753,25203,0.3027807625328838,0.43536016583174986
31816,0.7683333333333334,18,43,18,572966,32644,82771,25185,0.30238245211011894,0.43550813605630395
31817,0.7683888888888889,0,1,0,572967,32643,82771,25185,0.30237318907703137,0.43551566715086115
31818,0.7684242424242425,0,1,0,572968,32642,82771,25185,0.30236392604394385,0.4355231985058883
31819,0.768452380952381,0,2,0,572970,32640,82771,25185,0.3023453999777687,0.435538261997406
31820,0.768456349206349,0,1,0,572971,32639,82771,25185,0.30233613694468114,0.43554579413392364
31821,0.7684761904761903,0,2,0,572973,32637,82771,25185,0.30231761087850606,0.43556085918854415
31822,0.7685,2,14,2,572987,32623,82773,25183,0.3021879284152803,0.4356468186693423
31823,0.7685000000000001,0,2,0,572989,32621,82773,25183,0.30216940234910517,0.4356618919105944
31824,0.7685378232878235,0,3,0,572992,32618,82773,25183,0.3021416132498425,0.4356845037283092
31825,0.7685714285714286,1,1,1,572993,32617,82774,25182,0.302132350216755,0.43568227824010797
31826,0.7685937950937952,1,0,1,572993,32617,82775,25181,0.302132350216755,0.43567251461988304
31827,0.7686666666666666,4,2,4,572995,32615,82779,25177,0.30211382415057986,0.4356485326688815
31828,0.7686666666666667,0,10,0,573005,32605,82779,25177,0.3020211938197043,0.43572392786680975
31829,0.7686904761904763,0,1,0,573006,32604,82779,25177,0.30201193078661676,0.4357314688219311
31830,0.7687142857142857,0,1,0,573007,32603,82779,25177,0.30200266775352924,0.43573901003807547
31831,0.76875,0,3,0,573010,32600,82779,25177,0.30197487865426653,0.4357616352527823
31832,0.7687619047619049,0,2,0,573012,32598,82779,25177,0.30195635258809145,0.43577672003461704
31833,0.7687727272727274,0,1,0,573013,32597,82779,25177,0.3019470895550039,0.4357842628171842
31834,0.7688030303030301,1,0,1,573013,32597,82780,25176,0.3019470895550039,0.4357744967372302
31835,0.7688333333333333,1,5,1,573018,32592,82781,25175,0.30190077438956614,0.4358024477642945
31836,0.7688333333333334,1,2,1,573020,32590,82782,25174,0.301882248323391,0.43580776954504535
31837,0.7688571428571429,0,5,0,573025,32585,82782,25174,0.30183593315795326,0.43584549594002664
31838,0.7688888888888888,1,0,1,573025,32585,82783,25173,0.30183593315795326,0.4358357283839468
31839,0.768904761904762,0,2,0,573027,32583,82783,25173,0.3018174070917781,0.43585082069395387
31840,0.7689999999999999,1,6,1,573033,32577,82784,25172,0.3017618288932528,0.43588633569412455
31841,0.769,7,14,7,573047,32563,82791,25165,0.30163214643002706,0.4359236419068736
31842,0.769047619047619,1,0,1,573047,32563,82792,25164,0.30163214643002706,0.4359138704592305
31843,0.7690595238095238,0,1,0,573048,32562,82792,25164,0.3016228833969395,0.43592142188961647
31844,0.7691666666666666,9,15,9,573063,32547,82801,25155,0.30148393790062616,0.4359467609441614
31845,0.7691666666666667,7,9,7,573072,32538,82808,25148,0.3014005706028382,0.43594633013209444
31846,0.76925,0,1,0,573073,32537,82808,25148,0.30139130756975063,0.4359538874924157
31847,0.7692500000000001,0,1,0,573074,32536,82808,25148,0.30138204453666306,0.4359614451147632
31848,0.7692575757575757,0,1,0,573075,32535,82808,25148,0.30137278150357555,0.43596900299915053
31849,0.7692619047619048,1,1,1,573076,32534,82809,25147,0.301363518470488,0.4359667828227666
31850,0.7692738095238094,1,0,1,573076,32534,82810,25146,0.301363518470488,0.4359570041608877
31851,0.7692857142857141,0,1,0,573077,32533,82810,25146,0.3013542554374004,0.43596456249241494
31852,0.7692857142857144,1,1,1,573078,32532,82811,25145,0.3013449924043129,0.4359623420080795
31853,0.7692857142857145,0,1,0,573079,32531,82811,25145,0.3013357293712253,0.43596990082529996
31854,0.7693333333333331,1,1,1,573080,32530,82812,25144,0.30132646633813776,0.43596768041058365
31855,0.7693333333333332,1,1,1,573081,32529,82813,25143,0.3013172033050502,0.43596545984186436
31856,0.7693333333333334,4,12,4,573093,32517,82817,25139,0.30120604690799957,0.4360170667406688
31857,0.769404761904762,1,0,1,573093,32517,82818,25138,0.30120604690799957,0.43600728471077965
31858,0.7694166666666667,0,1,0,573094,32516,82818,25138,0.301196783874912,0.4360148471918687
31859,0.7694444444444444,0,1,0,573095,32515,82818,25138,0.30118752084182443,0.4360224099353026
31860,0.7694509379509381,0,2,0,573097,32513,82818,25138,0.30116899477564935,0.43603753620925917
31861,0.7694999999999999,0,4,0,573101,32509,82818,25138,0.3011319426432991,0.4360677919059101
31862,0.7695000000000001,4,5,4,573106,32504,82822,25134,0.30108562747786133,0.4360664839168604
31863,0.7695238095238096,0,1,0,573107,32503,82822,25134,0.3010763644447738,0.43607404965560315
31864,0.7695595238095239,1,1,1,573108,32502,82823,25133,0.30106710141168624,0.4360718313524768
31865,0.7695833333333333,2,0,2,573108,32502,82825,25131,0.30106710141168624,0.43605226172505335
31866,0.7695833333333334,0,1,0,573109,32501,82825,25131,0.3010578383785987,0.43605982787340364
31867,0.7696428571428572,1,2,1,573111,32499,82826,25130,0.3010393123124236,0.4360651755192698
31868,0.7696666666666665,1,3,1,573114,32496,82827,25129,0.30101152321316094,0.4360780911062907
31869,0.7696666666666667,3,6,3,573120,32490,82830,25126,0.3009559450146356,0.4360941405165232
31870,0.7696666666666668,0,1,0,573121,32489,82830,25126,0.30094668198154806,0.4361017096242298
31871,0.7697160062160061,2,0,2,573121,32489,82832,25124,0.30094668198154806,0.436082134240536
31872,0.7697380952380953,0,2,0,573123,32487,82832,25124,0.3009281559153729,0.43609727309020846
31873,0.7697420634920634,0,1,0,573124,32486,82832,25124,0.30091889288228535,0.43610484290921714
31874,0.7697857142857144,0,1,0,573125,32485,82832,25124,0.30090962984919783,0.4361124129910257
31875,0.7698214285714287,0,2,0,573127,32483,82832,25124,0.3008911037830227,0.4361275539430972
31876,0.769833333333333,0,1,0,573128,32482,82832,25124,0.3008818407499352,0.4361351248133875
31877,0.7698333333333331,0,5,0,573133,32477,82832,25124,0.3008355255844974,0.4361729831079322
31878,0.7698333333333334,1,3,1,573136,32474,82833,25123,0.30080773648523473,0.4361859124607184
31879,0.769839466089466,1,2,1,573138,32472,82834,25122,0.3007892104190596,0.4361912699239504
31880,0.7698571428571429,0,2,0,573140,32470,82834,25122,0.3007706843528845,0.43620641755799416
31881,0.7698769841269839,0,2,0,573142,32468,82834,25122,0.3007521582867094,0.4362215662441396
31882,0.7698809523809524,2,2,2,573144,32466,82836,25120,0.3007336322205343,0.43621713610947105
31883,0.7699880952380951,1,0,1,573144,32466,82837,25119,0.3007336322205343,0.43620734566293307
31884,0.7699999999999999,1,5,1,573149,32461,82838,25118,0.30068731705509655,0.436235433057191
31885,0.77,775,1186,775,574335,31275,83613,24343,0.28970135981325723,0.43768204538099176
31886,0.7700000000000001,5,10,5,574345,31265,83618,24338,0.2896087294823817,0.43771019549304896
31887,0.7700714285714286,0,1,0,574346,31264,83618,24338,0.28959946644929413,0.43771806769540667
31888,0.7701190476190476,1,1,1,574347,31263,83619,24337,0.2895902034162066,0.43771582733812947
31889,0.770142857142857,1,0,1,574347,31263,83620,24336,0.2895902034162066,0.43770571413154913
31890,0.7701666666666666,1,0,1,574347,31263,83621,24335,0.2895902034162066,0.43769560056117124
31891,0.7701666666666667,1,3,1,574350,31260,83622,24334,0.28956241431694396,0.437709105299133
31892,0.7701666666666668,0,2,0,574352,31258,83622,24334,0.2895438882507688,0.43772485249676213
31893,0.7702142857142857,0,2,0,574354,31256,83622,24334,0.28952536218459374,0.43774060082748695
31894,0.7702380952380952,0,1,0,574355,31255,83622,24334,0.28951609915150617,0.4377484754177985
31895,0.7702777777777777,2,0,2,574355,31255,83624,24332,0.28951609915150617,0.4377282458128699
31896,0.770297619047619,0,1,0,574356,31254,83624,24332,0.2895068361184186,0.43773612060590794
31897,0.770309523809524,0,1,0,574357,31253,83624,24332,0.2894975730853311,0.4377439956822884
31898,0.7703333333333332,1,0,1,574357,31253,83625,24331,0.2894975730853311,0.4377338802533103
31899,0.7703333333333333,1,6,1,574363,31247,83626,24330,0.2894419948868057,0.43777102038613097
31900,0.7703333333333334,0,2,0,574365,31245,83626,24330,0.28942346882063064,0.4377867746288799
31901,0.7703452380952379,1,0,1,574365,31245,83627,24329,0.28942346882063064,0.43777665814949435
31902,0.7703809523809524,0,1,0,574366,31244,83627,24329,0.28941420578754307,0.43778453565580405
31903,0.7704166666666665,1,0,1,574366,31244,83628,24328,0.28941420578754307,0.4377744187720435
31904,0.770434065934066,0,1,0,574367,31243,83628,24328,0.2894049427544555,0.437782296521567
31905,0.7704642857142856,0,1,0,574368,31242,83628,24328,0.289395679721368,0.4377901745546158
31906,0.7704761904761903,0,1,0,574369,31241,83628,24328,0.2893864166882804,0.43779805287120516
31907,0.7704761904761905,0,1,0,574370,31240,83628,24328,0.28937715365519284,0.43780593147135044
31908,0.7705,1,4,1,574374,31236,83629,24327,0.2893401015228426,0.43782733113762756
31909,0.7705000000000001,1,1,1,574375,31235,83630,24326,0.2893308384897551,0.4378250931408722
31910,0.7705952380952381,2,0,2,574375,31235,83632,24324,0.2893308384897551,0.4378048560989219
31911,0.7706666666666666,2,9,2,574384,31226,83634,24322,0.2892474711919671,0.43785554835457624
31912,0.7706666666666667,1,4,1,574388,31222,83635,24321,0.28921041905961686,0.4378769601930036
31913,0.770690476190476,0,1,0,574389,31221,83635,24321,0.28920115602652935,0.43788484390191207
31914,0.7707142857142857,1,3,1,574392,31218,83636,24320,0.28917336692726664,0.4378983758867802
31915,0.7708333333333333,11,24,11,574416,31194,83647,24309,0.28895105413316535,0.4379763256040214
31916,0.7708333333333335,4,13,4,574429,31181,83651,24305,0.28883063470302717,0.43803842410698196
31917,0.7708571428571429,0,2,0,574431,31179,83651,24305,0.288812108636852,0.4380542138274097
31918,0.770904761904762,0,1,0,574432,31178,83651,24305,0.2888028456037645,0.43806210911450355
31919,0.7709523809523808,1,0,1,574432,31178,83652,24304,0.2888028456037645,0.43805198082260915
31920,0.7709523809523811,2,1,2,574433,31177,83654,24302,0.28879358257067694,0.43803961859442314
31921,0.7709999999999999,7,11,7,574444,31166,83661,24295,0.28869168920671384,0.4380555705811291
31922,0.7710000000000001,1,2,1,574446,31164,83662,24294,0.28867316314053876,0.43806123552959
31923,0.771047619047619,0,1,0,574447,31163,83662,24294,0.2886639001074512,0.43806913464485997
31924,0.7711111111111112,1,0,1,574447,31163,83663,24293,0.2886639001074512,0.4380590017311021
31925,0.7711666666666666,2,3,2,574450,31160,83665,24291,0.28863611100818853,0.4380624334998467
31926,0.7711666666666668,0,3,0,574453,31157,83665,24291,0.2886083219089259,0.43808613475688934
31927,0.7711904761904762,0,1,0,574454,31156,83665,24291,0.2885990588758383,0.4380940357458474
31928,0.7712380952380954,0,1,0,574455,31155,83665,24291,0.28858979584275074,0.43810193701980304
31929,0.77125,2,0,2,574455,31155,83667,24289,0.28858979584275074,0.4380816679893226
31930,0.7712500000000001,1,0,1,574455,31155,83668,24288,0.28858979584275074,0.4380715329257075
31931,0.7712857142857144,1,1,1,574456,31154,83669,24287,0.28858053280966317,0.4380692988943201
31932,0.7713095238095237,0,1,0,574457,31153,83669,24287,0.28857126977657566,0.43807720057720057
31933,0.7713333333333332,5,9,5,574466,31144,83674,24282,0.28848790247878764,0.43809764370512033
31934,0.7713333333333334,3,3,3,574469,31141,83677,24279,0.288460113379525,0.43809094189823167
31935,0.7713809523809523,0,1,0,574470,31140,83677,24279,0.2884508503464374,0.43809884696584206
31936,0.7714761904761904,1,1,1,574471,31139,83678,24278,0.2884415873133499,0.438096612952704
31937,0.7715,1,2,1,574473,31137,83679,24277,0.28842306124717476,0.43810228462121487
31938,0.7715000000000001,2,8,2,574481,31129,83681,24275,0.2883489569824743,0.4381452602700166
31939,0.7715476190476189,0,1,0,574482,31128,83681,24275,0.2883396939493868,0.4381531686009783
31940,0.7716017316017317,0,1,0,574483,31127,83681,24275,0.28833043091629923,0.438161077217429
31941,0.7716190476190476,1,0,1,574483,31127,83682,24274,0.28833043091629923,0.43815093590368404
31942,0.7716428571428571,0,1,0,574484,31126,83682,24274,0.28832116788321166,0.43815884476534295
31943,0.7716666666666666,27,49,27,574533,31077,83709,24247,0.2878672792619215,0.4382727206998771
31944,0.7716666666666667,28,42,28,574575,31035,83737,24219,0.28747823187224425,0.4383212075143881
31945,0.7716666666666668,0,1,0,574576,31034,83737,24219,0.2874689688391567,0.43832914049915844
31946,0.7717499999999999,1,0,1,574576,31034,83738,24218,0.2874689688391567,0.43831897487873744
31947,0.7717857142857142,0,1,0,574577,31033,83738,24218,0.28745970580606917,0.4383269081102604
31948,0.7717857142857143,0,1,0,574578,31032,83738,24218,0.2874504427729816,0.43833484162895925
31949,0.7718333333333333,0,2,0,574580,31030,83738,24218,0.28743191670680646,0.4383507095279467
31950,0.7718333333333334,0,5,0,574585,31025,83738,24218,0.2873856015413687,0.43839038430208355
31951,0.771873015873016,0,1,0,574586,31024,83738,24218,0.28737633850828115,0.43839832011875024
31952,0.7718809523809524,1,3,1,574589,31021,83739,24217,0.2873485494090185,0.43841196277924616
31953,0.771888888888889,0,1,0,574590,31020,83739,24217,0.2873392863759309,0.43841989970490797
31954,0.7719523809523808,1,0,1,574590,31020,83740,24216,0.2873392863759309,0.43840973278296763
31955,0.7719687651529757,2,4,2,574594,31016,83742,24214,0.2873022342435807,0.43842114792685133
31956,0.7719761904761903,1,0,1,574594,31016,83743,24213,0.2873022342435807,0.4384109797389053
31957,0.7719999999999999,0,2,0,574596,31014,83743,24213,0.2872837081774056,0.43842685642892065
31958,0.772,9,13,9,574609,31001,83752,24204,0.28716328874726743,0.4384385472330405
31959,0.7720000000000001,0,1,0,574610,31000,83752,24204,0.28715402571417986,0.43844648938482716
31960,0.7720238095238094,0,1,0,574611,30999,83752,24204,0.2871447626810923,0.4384544318243574
31961,0.7720833333333335,1,1,1,574612,30998,83753,24203,0.2871354996480047,0.43845220195286316
31962,0.7721428571428571,1,0,1,574612,30998,83754,24202,0.2871354996480047,0.43844202898550727
31963,0.7721428571428572,2,3,2,574615,30995,83756,24200,0.28710771054874207,0.4384455113687834
31964,0.7721666666666666,0,1,0,574616,30994,83756,24200,0.28709844751565455,0.4384534550856977
31965,0.7721666666666667,2,7,2,574623,30987,83758,24198,0.2870336062840416,0.43848871976080456
31966,0.7722142857142857,0,1,0,574624,30986,83758,24198,0.2870243432509541,0.43849666570020296
31967,0.77225,1,0,1,574624,30986,83759,24197,0.2870243432509541,0.4384864904046536
31968,0.7722619047619047,0,1,0,574625,30985,83759,24197,0.28701508021786654,0.4384944365916422
31969,0.7722857142857142,0,1,0,574626,30984,83759,24197,0.28700581718477897,0.43850238306663525
31970,0.7723095238095238,0,1,0,574627,30983,83759,24197,0.28699655415169145,0.43851032982964844
31971,0.7723333333333332,0,3,0,574630,30980,83759,24197,0.28696876505242874,0.43853417184696525
31972,0.7723333333333333,1,11,1,574641,30969,83760,24196,0.2868668716884657,0.4386114384120366
31973,0.7723382187987453,0,1,0,574642,30968,83760,24196,0.2868576086553781,0.43861938945689216
31974,0.7723809523809524,1,1,1,574643,30967,83761,24195,0.28684834562229056,0.4386171639897031
31975,0.7724047619047618,1,0,1,574643,30967,83762,24194,0.28684834562229056,0.43860698682039845
31976,0.7724999999999999,1,3,1,574646,30964,83763,24193,0.2868205565230279,0.4386206646481861
31977,0.7725,38,87,38,574733,30877,83801,24155,0.28601467264441066,0.43892644279691817
31978,0.7725000000000002,0,4,0,574737,30873,83801,24155,0.2859776205120605,0.43895834847713894
31979,0.772547619047619,0,1,0,574738,30872,83801,24155,0.2859683574789729,0.4389663256219674
31980,0.7726666666666665,1,1,1,574739,30871,83802,24154,0.28595909444588535,0.4389641072239891
31981,0.7726666666666666,2,8,2,574747,30863,83804,24152,0.2858849901811849,0.4390075433972553
31982,0.7726666666666668,2,3,2,574750,30860,83806,24150,0.28585720108192225,0.43901108889292856
31983,0.7727777777777777,2,0,2,574750,30860,83808,24148,0.28585720108192225,0.43899069226294357
31984,0.7727857142857143,0,1,0,574751,30859,83808,24148,0.28584793804883474,0.43899867289617683
31985,0.7727922077922079,0,2,0,574753,30857,83808,24148,0.2858294119826596,0.4390146350331788
31986,0.7728095238095236,1,0,1,574753,30857,83809,24147,0.2858294119826596,0.4390044360410152
31987,0.7728095238095238,1,0,1,574753,30857,83810,24146,0.2858294119826596,0.43899423667799936
31988,0.7728333333333333,2,4,2,574757,30853,83812,24144,0.2857923598503094,0.43900576395076096
31989,0.7728333333333335,0,3,0,574760,30850,83812,24144,0.2857645707510467,0.4390297123322544
31990,0.7728492063492064,2,1,2,574761,30849,83814,24142,0.28575530771795915,0.43901729373897547
31991,0.7729166666666667,0,1,0,574762,30848,83814,24142,0.28574604468487164,0.43902527732314967
31992,0.7729285714285714,1,0,1,574762,30848,83815,24141,0.28574604468487164,0.4390150757424212
31993,0.772952380952381,1,0,1,574762,30848,83816,24140,0.28574604468487164,0.43900487379064523
31994,0.7729722222222223,1,2,1,574764,30846,83817,24139,0.2857275186186965,0.4390106392652542
31995,0.7729761904761905,1,0,1,574764,30846,83818,24138,0.2857275186186965,0.43900043649061543
31996,0.7729999999999998,1,0,1,574764,30846,83819,24137,0.2857275186186965,0.43899023334485204
31997,0.773,3,12,3,574776,30834,83822,24134,0.2856163622216459,0.43905545044389466
31998,0.7730000000000001,1,1,1,574777,30833,83823,24133,0.2856070991885583,0.4390532329076156
31999,0.773011904761905,0,1,0,574778,30832,83823,24133,0.28559783615547074,0.439061220776858
32000,0.773095238095238,0,1,0,574779,30831,83823,24133,0.28558857312238317,0.4390692089367586
32001,0.7730952380952381,1,0,1,574779,30831,83824,24132,0.28558857312238317,0.4390590033295126
32002,0.7731309523809523,1,0,1,574779,30831,83825,24131,0.28558857312238317,0.43904879735089697
32003,0.7731666666666667,1,3,1,574782,30828,83826,24130,0.2855607840231205,0.4390625568616034
32004,0.7731666666666668,1,0,1,574782,30828,83827,24129,0.2855607840231205,0.43905235001910586
32005,0.7731904761904762,0,1,0,574783,30827,83827,24129,0.285551520990033,0.43906033918043524
32006,0.7732142857142857,0,1,0,574784,30826,83827,24129,0.28554225795694543,0.4390683286325175
32007,0.7733333333333331,1,1,1,574785,30825,83828,24128,0.28553299492385786,0.43906611104034354
32008,0.7733333333333333,48,87,48,574872,30738,83876,24080,0.2847271110452407,0.4392717720456784
32009,0.7733333333333334,56,93,56,574965,30645,83932,24024,0.2838656489680981,0.43944465784996983
32010,0.7733809523809522,0,1,0,574966,30644,83932,24024,0.28385638593501056,0.4394526962757006
32011,0.7733928571428572,0,1,0,574967,30643,83932,24024,0.283847122901923,0.4394607349955183
32012,0.7734047619047622,1,1,1,574968,30642,83933,24023,0.2838378598688355,0.4394585200768316
32013,0.7734603174603174,0,1,0,574969,30641,83933,24023,0.2838285968357479,0.43946655934435824
32014,0.7735,4,5,4,574974,30636,83937,24019,0.2837822816703101,0.4394657396395572
32015,0.7735000000000001,1,1,1,574975,30635,83938,24018,0.2837730186372226,0.43946352441768977
32016,0.7735021645021644,1,0,1,574975,30635,83939,24017,0.2837730186372226,0.4394532679499378
32017,0.7736190476190474,1,0,1,574975,30635,83940,24016,0.2837730186372226,0.4394430111068416
32018,0.7736515151515152,0,2,0,574977,30633,83940,24016,0.28375449257104746,0.4394590934875295
32019,0.773654761904762,1,1,1,574978,30632,83941,24015,0.2837452295379599,0.43945687777920106
32020,0.7736666666666666,2,3,2,574981,30629,83943,24013,0.28371744043869723,0.439460488269097
32021,0.7736666666666667,4,2,4,574983,30627,83947,24009,0.28369891437252215,0.4394355370085658
32022,0.773689033189033,1,2,1,574985,30625,83948,24008,0.283680388306347,0.4394413632786045
32023,0.7737222222222222,0,1,0,574986,30624,83948,24008,0.2836711252732595,0.43944940694098694
32024,0.77375,1,1,1,574987,30623,83949,24007,0.2836618622401719,0.4394471901885411
32025,0.773761904761905,1,2,1,574989,30621,83950,24006,0.28364333617399684,0.43945301773848094
32026,0.7738095238095236,0,2,0,574991,30619,83950,24006,0.2836248101078217,0.43946910755148744
32027,0.7738333333333332,0,1,0,574992,30618,83950,24006,0.28361554707473413,0.43947715289982425
32028,0.7738333333333333,2,3,2,574995,30615,83952,24004,0.2835877579754715,0.43948076676614367
32029,0.7738333333333334,1,6,1,575001,30609,83953,24003,0.28353217977694617,0.43951878707976266
32030,0.7738412698412697,0,2,0,575003,30607,83953,24003,0.28351365371077103,0.43953488372093025
32031,0.7738888888888888,0,2,0,575005,30605,83953,24003,0.28349512764459595,0.4395509815411661
32032,0.773888888888889,1,0,1,575005,30605,83954,24002,0.28349512764459595,0.43954071822293844
32033,0.7739166666666667,0,1,0,575006,30604,83954,24002,0.2834858646115084,0.4395487675347031
32034,0.7739285714285713,0,1,0,575007,30603,83954,24002,0.28347660157842086,0.4395568171412874
32035,0.7739999999999999,0,5,0,575012,30598,83954,24002,0.28343028641298307,0.4395970695970696
32036,0.774,13,38,13,575050,30560,83967,23989,0.283078291155656,0.43976974829969384
32037,0.7740238095238096,0,1,0,575051,30559,83967,23989,0.28306902812256846,0.43977781036884944
32038,0.774047619047619,0,1,0,575052,30558,83967,23989,0.2830597650894809,0.43978587273360586
32039,0.7740714285714286,1,0,1,575052,30558,83968,23988,0.2830597650894809,0.43977560224397755
32040,0.7741666666666664,0,2,0,575054,30556,83968,23988,0.2830412390233058,0.43979172777940745
32041,0.7741666666666666,5,17,5,575071,30539,83973,23983,0.2828837674608174,0.43987748065001286
32042,0.7741666666666667,7,15,7,575086,30524,83980,23976,0.28274482196450407,0.4399266055045872
32043,0.7742023809523809,0,1,0,575087,30523,83980,23976,0.2827355589314165,0.43993467770050826
32044,0.7742206958418261,3,3,3,575090,30520,83983,23973,0.28270776983215384,0.4399280641550291
32045,0.7742651515151515,1,2,1,575092,30518,83984,23972,0.28268924376597876,0.4399339328317122
32046,0.7742857142857141,2,1,2,575093,30517,83986,23970,0.2826799807328912,0.43992144915300896
32047,0.7742857142857144,2,4,2,575097,30513,83988,23968,0.28264292860054097,0.4399331877168187
32048,0.7743333333333331,0,1,0,575098,30512,83988,23968,0.2826336655674534,0.43994126284875185
32049,0.7743333333333332,1,5,1,575103,30507,83989,23967,0.28258735040201566,0.43997136248485513
32050,0.7743333333333333,3,11,3,575114,30496,83992,23964,0.28248545703805256,0.4400293793609989
32051,0.7743333333333335,1,1,1,575115,30495,83993,23963,0.282476194004965,0.4400271769069742
32052,0.7743809523809523,1,2,1,575117,30493,83994,23962,0.2824576679387899,0.44003305481590305
32053,0.7744206349206348,0,1,0,575118,30492,83994,23962,0.28244840490570233,0.44004113563741876
32054,0.7744318181818179,0,1,0,575119,30491,83994,23962,0.28243914187261476,0.44004921675573433
32055,0.7744444444444446,0,1,0,575120,30490,83994,23962,0.2824298788395272,0.4400572981708661
32056,0.7744523809523808,0,2,0,575122,30488,83994,23962,0.2824113527733521,0.4400734618916437
32057,0.7744642857142857,0,2,0,575124,30486,83994,23962,0.282392826707177,0.44008962679988245
32058,0.7744761904761904,0,1,0,575125,30485,83994,23962,0.28238356367408946,0.44009770969934064
32059,0.7744999999999999,0,2,0,575127,30483,83994,23962,0.2823650376079143,0.44011387638901645
32060,0.7745000000000001,0,3,0,575130,30480,83994,23962,0.28233724850865166,0.4401381286506741
32061,0.7745833333333334,0,1,0,575131,30479,83994,23962,0.2823279854755641,0.4401462133318639
32062,0.7746488095238092,0,2,0,575133,30477,83994,23962,0.282309459409389,0.4401623835852973
32063,0.7746666666666665,2,2,2,575135,30475,83996,23960,0.2822909333432139,0.44015798658951044
32064,0.7746666666666667,3,6,3,575141,30469,83999,23957,0.28223535514468856,0.4401756513431081
32065,0.7747142857142858,0,1,0,575142,30468,83999,23957,0.28222609211160105,0.4401837390904915
32066,0.7747222222222223,0,2,0,575144,30466,83999,23957,0.2822075660454259,0.44019991547691234
32067,0.7747359307359308,0,1,0,575145,30465,83999,23957,0.28219830301233834,0.4402080041159825
32068,0.7747499999999999,0,3,0,575148,30462,83999,23957,0.2821705139130757,0.44023227181682867
32069,0.7747857142857143,0,1,0,575149,30461,83999,23957,0.28216125087998817,0.44024036164504393
32070,0.7747976190476191,0,1,0,575150,30460,83999,23957,0.2821519878469006,0.4402484517705864
32071,0.7748095238095236,0,2,0,575152,30458,83999,23957,0.28213346178072546,0.44026463291371865
32072,0.7748095238095237,1,0,1,575152,30458,84000,23956,0.28213346178072546,0.4402543463079355
32073,0.7748333333333332,1,1,1,575153,30457,84001,23955,0.28212419874763794,0.44025215026097186
32074,0.7748333333333334,1,7,1,575160,30450,84002,23954,0.28205935751602507,0.44029850746268656
32075,0.7748809523809524,2,0,2,575160,30450,84004,23952,0.28205935751602507,0.44027793095842066
32076,0.7749166666666666,0,1,0,575161,30449,84004,23952,0.2820500944829375,0.4402860241539678
32077,0.7749285714285715,1,1,1,575162,30448,84005,23951,0.2820408314498499,0.44028382874685196
32078,0.7749523809523808,1,0,1,575162,30448,84006,23950,0.2820408314498499,0.4402735394683628
32079,0.774952380952381,0,1,0,575163,30447,84006,23950,0.28203156841676236,0.44028163317830027
32080,0.7749642857142858,1,1,1,575164,30446,84007,23949,0.28202230538367484,0.4402794374482949
32081,0.7749761904761905,0,1,0,575165,30445,84007,23949,0.2820130423505873,0.44028753171305657
32082,0.7749999999999999,0,5,0,575170,30440,84007,23949,0.2819667271851495,0.44032800750151685
32083,0.775,180,343,180,575513,30097,84187,23769,0.2787895068361184,0.4412616492778376
32084,0.7750000000000001,0,4,0,575517,30093,84187,23769,0.2787524547037682,0.4412944190709591
32085,0.7750198412698412,0,1,0,575518,30092,84187,23769,0.2787431916706806,0.44130261227975714
32086,0.7750277777777778,0,1,0,575519,30091,84187,23769,0.2787339286375931,0.44131080579279613
32087,0.7750357142857142,0,1,0,575520,30090,84187,23769,0.27872466560450554,0.441318999610093
32088,0.7751428571428572,0,1,0,575521,30089,84187,23769,0.27871540257141797,0.44132719373166474
32089,0.7751666666666667,4,4,4,575525,30085,84191,23765,0.27867835043906775,0.4413184772516249
32090,0.7751666666666668,0,1,0,575526,30084,84191,23765,0.27866908740598023,0.4413266727330127
32091,0.7752222222222221,2,0,2,575526,30084,84193,23763,0.27866908740598023,0.44130592233550614
32092,0.7752380952380952,0,1,0,575527,30083,84193,23763,0.27865982437289266,0.44131411804033727
32093,0.7752499999999999,0,2,0,575529,30081,84193,23763,0.2786412983067176,0.4413305103632717
32094,0.7752500000000001,0,1,0,575530,30080,84193,23763,0.27863203527363,0.4413387069814089
32095,0.7752619047619048,0,1,0,575531,30079,84193,23763,0.27862277224054244,0.44134690390401543
32096,0.7752857142857141,0,1,0,575532,30078,84193,23763,0.27861350920745487,0.44135510113110826
32097,0.775309523809524,0,1,0,575533,30077,84193,23763,0.27860424617436735,0.4413632986627043
32098,0.7753333333333333,0,5,0,575538,30072,84193,23763,0.27855793100892956,0.441404290888827
32099,0.7753333333333334,0,3,0,575541,30069,84193,23763,0.2785301419096669,0.4414288898796255
32100,0.7753571428571427,1,0,1,575541,30069,84194,23762,0.2785301419096669,0.441418513495941
32101,0.7753888888888889,0,1,0,575542,30068,84194,23762,0.27852087887657934,0.44142671372840425
32102,0.7754166666666665,0,3,0,575545,30065,84194,23762,0.2784930897773167,0.4414513162539246
32103,0.7754166666666668,1,0,1,575545,30065,84195,23761,0.2784930897773167,0.44144093932300377
32104,0.775452380952381,0,2,0,575547,30063,84195,23761,0.2784745637111416,0.44145734244946494
32105,0.7754761904761903,1,1,1,575548,30062,84196,23760,0.27846530067805403,0.44145516703206866
32106,0.7754761904761905,2,2,2,575550,30060,84198,23758,0.2784467746118789,0.4414508157122152
32107,0.7755,3,7,3,575557,30053,84201,23755,0.278381933380266,0.4414771037763901
32108,0.7755555555555556,1,1,1,575558,30052,84202,23754,0.2783726703471785,0.44147492844664166
32109,0.7756096681096681,0,4,0,575562,30048,84202,23754,0.2783356182148283,0.4415077506412401
32110,0.7756190476190475,0,3,0,575565,30045,84202,23754,0.2783078291155656,0.4415323704901578
32111,0.7756428571428571,1,1,1,575566,30044,84203,23753,0.27829856608247805,0.44153019685112554
32112,0.7756666666666665,0,2,0,575568,30042,84203,23753,0.27828004001630297,0.4415466121386746
32113,0.7756666666666666,3,8,3,575576,30034,84206,23750,0.2782059357516025,0.44158113937230403
32114,0.7756666666666667,2,1,2,575577,30033,84208,23748,0.27819667271851495,0.4415685837005634
32115,0.7756904761904763,0,2,0,575579,30031,84208,23748,0.27817814665233986,0.4415850052994663
32116,0.7757023809523811,0,1,0,575580,30030,84208,23748,0.2781688836192523,0.4415932165569564
32117,0.7757142857142857,2,3,2,575583,30027,84210,23746,0.27814109451998964,0.441597084038458
32118,0.7757460317460318,0,1,0,575584,30026,84210,23746,0.27813183148690207,0.44160529643680724
32119,0.7758095238095238,1,0,1,575584,30026,84211,23745,0.27813183148690207,0.4415949117554072
32120,0.7758214285714286,0,1,0,575585,30025,84211,23745,0.2781225684538145,0.4416031244188209
32121,0.7758333333333333,8,20,8,575605,30005,84219,23737,0.27793730779206344,0.4416843437162741
32122,0.7758333333333334,8,18,8,575623,29987,84227,23729,0.27777057319648746,0.44174919949363317
32123,0.7758888888888891,1,1,1,575624,29986,84228,23728,0.2777613101633999,0.4417470305693115
32124,0.7759523809523811,0,1,0,575625,29985,84228,23728,0.2777520471303124,0.44175525478003463
32125,0.7759999999999999,22,33,22,575658,29952,84250,23706,0.27744636703842307,0.4417980543441798
32126,0.7760000000000001,0,1,0,575659,29951,84250,23706,0.2774371040053355,0.4418062880891589
32127,0.7760238095238096,0,3,0,575662,29948,84250,23706,0.27740931490607285,0.44183099116561675
32128,0.7760833333333333,1,1,1,575663,29947,84251,23705,0.2774000518729853,0.44182882278386637
32129,0.7761190476190477,0,2,0,575665,29945,84251,23705,0.2773815258068102,0.4418452935694315
32130,0.7761666666666666,0,2,0,575667,29943,84251,23705,0.27736299974063505,0.44186176558305995
32131,0.7761666666666668,0,4,0,575671,29939,84251,23705,0.2773259476082849,0.4418947132950563
32132,0.7761904761904762,0,1,0,575672,29938,84251,23705,0.2773166845751973,0.4419029509908096
32133,0.7762142857142856,1,1,1,575673,29937,84252,23704,0.27730742154210974,0.4419007848474115
32134,0.77625,2,5,2,575678,29932,84254,23702,0.27726110637667195,0.4419211694074654
32135,0.776261904761905,0,1,0,575679,29931,84254,23702,0.27725184334358444,0.4419294091324371
32136,0.7763333333333331,0,1,0,575680,29930,84254,23702,0.27724258031049687,0.4419376491646778
32137,0.7763333333333332,4,5,4,575685,29925,84258,23698,0.2771962651450591,0.4419372284280999
32138,0.7763333333333334,2,2,2,575687,29923,84260,23696,0.277177739078884,0.4419328969208676
32139,0.7763809523809525,1,0,1,575687,29923,84261,23695,0.277177739078884,0.4419224887164758
32140,0.7763888888888889,0,2,0,575689,29921,84261,23695,0.2771592130127089,0.44193897344076394
32141,0.7764285714285716,0,1,0,575690,29920,84261,23695,0.27714994997962134,0.4419472162641052
32142,0.7765,0,1,0,575691,29919,84261,23695,0.27714068694653377,0.44195545939493414
32143,0.7765000000000001,4,9,4,575700,29910,84265,23691,0.2770573196487458,0.4419880226115184
32144,0.7765128205128206,0,1,0,575701,29909,84265,23691,0.27704805661565823,0.44199626865671643
32145,0.7765476190476192,0,1,0,575702,29908,84265,23691,0.27703879358257066,0.4420045150096084
32146,0.7766190476190475,0,1,0,575703,29907,84265,23691,0.27702953054948315,0.4420127616702116
32147,0.7766190476190477,1,1,1,575704,29906,84266,23690,0.2770202675163956,0.4420105978058064
32148,0.7766666666666666,63,83,63,575787,29823,84329,23627,0.27625143577012856,0.44203928905519174
32149,0.7766666666666667,37,64,37,575851,29759,84366,23590,0.2756586016525251,0.4421826088586478
32150,0.776690476190476,0,1,0,575852,29758,84366,23590,0.2756493386194375,0.44219089750318663
32151,0.7767168109668109,0,1,0,575853,29757,84366,23590,0.27564007558635,0.44219918645847
32152,0.7767777777777779,0,1,0,575854,29756,84366,23590,0.27563081255326244,0.4422074757245154
32153,0.7768214285714283,1,0,1,575854,29756,84367,23589,0.27563081255326244,0.4421970194020058
32154,0.7768333333333333,0,3,0,575857,29753,84367,23589,0.2756030234539998,0.44222188894304676
32155,0.7768333333333334,1,3,1,575860,29750,84368,23588,0.27557523435473713,0.4422363043233717
32156,0.7768571428571428,0,1,0,575861,29749,84368,23588,0.27556597132164956,0.4422445956840467
32157,0.776924603174603,0,6,0,575867,29743,84368,23588,0.27551039312312425,0.44229435037782905
32158,0.7769761904761904,0,1,0,575868,29742,84368,23588,0.2755011300900367,0.4423026439152447
32159,0.7769999999999999,1,0,1,575868,29742,84369,23587,0.2755011300900367,0.442292186240132
32160,0.777,7,12,7,575880,29730,84376,23580,0.275389973692986,0.4423185143500281
32161,0.7770000000000001,1,0,1,575880,29730,84377,23579,0.275389973692986,0.4423080530492037
32162,0.7770238095238095,0,1,0,575881,29729,84377,23579,0.2753807106598985,0.4423163502663765
32163,0.777047619047619,0,4,0,575885,29725,84377,23579,0.2753436585275483,0.4423495422482365
32164,0.7770476190476191,1,2,1,575887,29723,84378,23578,0.27532513246137313,0.44235567812986626
32165,0.7770833333333335,1,0,1,575887,29723,84379,23577,0.27532513246137313,0.4423452157598499
32166,0.7771190476190476,1,1,1,575888,29722,84380,23576,0.2753158694282856,0.4423430522721303
32167,0.7771428571428571,1,1,1,575889,29721,84381,23575,0.27530660639519805,0.4423408886220354
32168,0.7771428571428572,1,1,1,575890,29720,84382,23574,0.2752973433621105,0.44233872480954706
32169,0.7771666666666666,0,1,0,575891,29719,84382,23574,0.2752880803290229,0.4423470249376091
32170,0.7771666666666667,1,4,1,575895,29715,84383,23573,0.27525102819667274,0.4423697642996547
32171,0.7772142857142857,0,1,0,575896,29714,84383,23573,0.2752417651635852,0.4423780659447895
32172,0.7772301587301584,0,1,0,575897,29713,84383,23573,0.2752325021304976,0.4423863679015126
32173,0.7773055555555554,0,1,0,575898,29712,84383,23573,0.27522323909741003,0.4423946701698414
32174,0.7773095238095239,0,2,0,575900,29710,84383,23573,0.27520471303123495,0.44241127564138655
32175,0.7773333333333332,3,3,3,575903,29707,84386,23570,0.2751769239319723,0.44240479005950034
32176,0.7773333333333333,2,7,2,575910,29700,84388,23568,0.2751120827003594,0.4424419914395134
32177,0.7773333333333334,1,3,1,575913,29697,84389,23567,0.27508429360109676,0.4424564433763893
32178,0.7773809523809523,0,2,0,575915,29695,84389,23567,0.2750657675349216,0.4424730577146934
32179,0.7774999999999999,0,3,0,575918,29692,84389,23567,0.27503797843565897,0.44249798156180176
32180,0.7775,27,89,27,576007,29603,84416,23540,0.27421356849086664,0.442955798505918
32181,0.7775000000000002,3,3,3,576010,29600,84419,23537,0.274185779391604,0.4429493573216403
32182,0.7775176767676767,0,1,0,576011,29599,84419,23537,0.2741765163585164,0.44295769346582353
32183,0.7775476190476192,0,2,0,576013,29597,84419,23537,0.27415799029234134,0.44297436669552454
32184,0.7775714285714286,0,1,0,576014,29596,84419,23537,0.27414872725925377,0.4429827037810777
32185,0.7776190476190474,0,1,0,576015,29595,84419,23537,0.2741394642261662,0.44299104118045624
32186,0.7776666666666665,1,1,1,576016,29594,84420,23536,0.2741302011930787,0.4429888951628082
32187,0.7776666666666666,5,4,5,576020,29590,84425,23531,0.27409314906072846,0.4429698236102483
32188,0.7776666666666668,1,0,1,576020,29590,84426,23530,0.27409314906072846,0.4429593373493976
32189,0.7777380952380952,1,0,1,576020,29590,84427,23529,0.27409314906072846,0.4429488506937254
32190,0.7777857142857143,0,2,0,576022,29588,84427,23529,0.2740746229945533,0.442965528926709
32191,0.7777857142857144,0,2,0,576024,29586,84427,23529,0.27405609692837823,0.4429822084157018
32192,0.7778333333333332,0,1,0,576025,29585,84427,23529,0.27404683389529066,0.442990548631246
32193,0.7778333333333333,4,7,4,576032,29578,84431,23525,0.2739819926636778,0.44300698642261266
32194,0.7778333333333335,0,1,0,576033,29577,84431,23525,0.2739727296305902,0.4430153289894919
32195,0.7778571428571428,0,1,0,576034,29576,84431,23525,0.2739634665975027,0.4430236718705862
32196,0.777888888888889,1,0,1,576034,29576,84432,23524,0.2739634665975027,0.44301318267419965
32197,0.7779047619047617,0,1,0,576035,29575,84432,23524,0.27395420356441513,0.44302152582911164
32198,0.7779166666666666,0,3,0,576038,29572,84432,23524,0.2739264144651525,0.4430465571794485
32199,0.777962121212121,0,1,0,576039,29571,84432,23524,0.2739171514320649,0.44305490159148697
32200,0.7779761904761904,1,0,1,576039,29571,84433,23523,0.2739171514320649,0.4430444117979433
32201,0.7779880952380952,0,1,0,576040,29570,84433,23523,0.27390788839897734,0.4430527564839056
32202,0.7779999999999998,0,2,0,576042,29568,84433,23523,0.27388936233280226,0.4430694467988925
32203,0.778,9,20,9,576062,29548,84442,23514,0.2737041016710512,0.4431419848479138
32204,0.7780000000000001,1,1,1,576063,29547,84443,23513,0.2736948386379636,0.44313984168865433
32205,0.7780476190476192,1,0,1,576063,29547,84444,23512,0.2736948386379636,0.44312934657645264
32206,0.7780952380952381,0,2,0,576065,29545,84444,23512,0.2736763125717885,0.4431460504740185
32207,0.7781031746031748,0,3,0,576068,29542,84444,23512,0.27364852347252583,0.4431711086817205
32208,0.7781309523809523,0,1,0,576069,29541,84444,23512,0.2736392604394383,0.44317946204738656
32209,0.7781428571428571,0,1,0,576070,29540,84444,23512,0.27362999740635074,0.443187815727965
32210,0.7781666666666667,2,1,2,576071,29539,84446,23510,0.2736207343732632,0.4431751776659315
32211,0.7781666666666668,4,6,4,576077,29533,84450,23506,0.27356515617473787,0.4431833179358585
32212,0.7782023809523809,0,1,0,576078,29532,84450,23506,0.2735558931416503,0.44319167389418906
32213,0.7782142857142855,1,1,1,576079,29531,84451,23505,0.2735466301085627,0.4431895316388868
32214,0.7782142857142857,0,2,0,576081,29529,84451,23505,0.27352810404238764,0.44320624505034506
32215,0.7782222222222223,1,0,1,576081,29529,84452,23504,0.27352810404238764,0.4431957460449154
32216,0.77825,0,1,0,576082,29528,84452,23504,0.2735188410093001,0.44320410318298387
32217,0.7782500000000003,2,1,2,576083,29527,84454,23502,0.2735095779762125,0.44319146127590564
32218,0.7783055555555554,0,1,0,576084,29526,84454,23502,0.273500314943125,0.4431998189635664
32219,0.7783333333333331,0,1,0,576085,29525,84454,23502,0.2734910519100374,0.44320817696645104
32220,0.7783333333333333,17,58,17,576143,29467,84471,23485,0.27295379599095926,0.4435148814020245
32221,0.7783333333333334,18,31,18,576174,29436,84489,23467,0.2726666419652451,0.4435854299378107
32222,0.7783585858585859,0,1,0,576175,29435,84489,23467,0.2726573789321575,0.44359381497863976
32223,0.778440476190476,0,2,0,576177,29433,84489,23467,0.27263885286598244,0.4436105860113422
32224,0.7784761904761904,0,1,0,576178,29432,84489,23467,0.27262958983289487,0.44361897200325145
32225,0.7785,4,11,4,576189,29421,84493,23463,0.27252769646893177,0.4436691626957114
32226,0.7785000000000001,1,1,1,576190,29420,84494,23462,0.27251843343584425,0.4436670322605045
32227,0.7785714285714285,0,1,0,576191,29419,84494,23462,0.2725091704027567,0.44367542217431594
32228,0.7785714285714286,3,1,3,576192,29418,84497,23459,0.2724999073696691,0.4436522495603003
32229,0.7786190476190475,0,2,0,576194,29416,84497,23459,0.27248138130349403,0.4436690307328605
32230,0.7786309523809524,0,1,0,576195,29415,84497,23459,0.27247211827040646,0.44367742179521125
32231,0.7786428571428572,0,3,0,576198,29412,84497,23459,0.2724443291711438,0.4437025968867621
32232,0.7786666666666666,0,3,0,576201,29409,84497,23459,0.27241654007188115,0.4437277748354392
32233,0.7786666666666667,1,9,1,576210,29400,84498,23458,0.27233317277409314,0.44379280335994553
32234,0.7786904761904762,0,1,0,576211,29399,84498,23458,0.2723239097410056,0.44380119946270125
32235,0.7787261904761904,0,1,0,576212,29398,84498,23458,0.27231464670791805,0.4438095958831542
32236,0.77875,0,2,0,576214,29396,84498,23458,0.2722961206417429,0.44382638967722404
32237,0.778809523809524,1,1,1,576215,29395,84499,23457,0.2722868576086554,0.4438242639824415
32238,0.7788205128205128,0,1,0,576216,29394,84499,23457,0.2722775945755678,0.4438326616336493
32239,0.7788333333333333,0,4,0,576220,29390,84499,23457,0.2722405424432176,0.4438662554165799
32240,0.7788333333333334,0,2,0,576222,29388,84499,23457,0.2722220163770425,0.44388305421515756
32241,0.7788888888888889,0,1,0,576223,29387,84499,23457,0.27221275334395495,0.44389145409128755
32242,0.7789999999999999,1,4,1,576227,29383,84500,23456,0.2721757012116047,0.4439145328261322
32243,0.779,2,9,2,576236,29374,84502,23454,0.27209233391381676,0.4439691072915878
32244,0.7790000000000002,0,2,0,576238,29372,84502,23454,0.2720738078476416,0.44398591602619925
32245,0.7790714285714284,0,2,0,576240,29370,84502,23454,0.27205528178146654,0.44400272603362106
32246,0.7790714285714286,0,1,0,576241,29369,84502,23454,0.27204601874837897,0.4440111315146811
32247,0.7790952380952381,0,2,0,576243,29367,84502,23454,0.2720274926822039,0.4440279434315897
32248,0.7791428571428569,0,1,0,576244,29366,84502,23454,0.2720182296491163,0.4440363498674744
32249,0.7791515151515153,0,1,0,576245,29365,84502,23454,0.27200896661602875,0.44404475662167026
32250,0.7791666666666666,13,15,13,576260,29350,84515,23441,0.2718700211197154,0.4440340209505408
32251,0.7791666666666667,11,21,11,576281,29329,84526,23430,0.2716754974248768,0.4440948463769215
32252,0.7791904761904762,1,2,1,576283,29327,84527,23429,0.2716569713587017,0.44410114489347186
32253,0.7793095238095238,1,1,1,576284,29326,84528,23428,0.27164770832561413,0.44409902566630016
32254,0.7793333333333332,1,0,1,576284,29326,84529,23427,0.27164770832561413,0.4440884878585104
32255,0.7793333333333333,10,7,10,576291,29319,84539,23417,0.27158286709400126,0.44404202063106796
32256,0.779392857142857,0,2,0,576293,29317,84539,23417,0.2715643410278262,0.4440588614556074
32257,0.7794047619047619,0,1,0,576294,29316,84539,23417,0.2715550779947386,0.4440672823469175
32258,0.7794166666666666,0,1,0,576295,29315,84539,23417,0.27154581496165103,0.44407570355761206
32259,0.7794285714285715,0,2,0,576297,29313,84539,23417,0.27152728889547595,0.4440925469372274
32260,0.7794444444444444,0,1,0,576298,29312,84539,23417,0.2715180258623884,0.44410096910618446
32261,0.7794642857142857,1,0,1,576298,29312,84540,23416,0.2715180258623884,0.4440904263389471
32262,0.7794999999999999,1,1,1,576299,29311,84541,23415,0.2715087628293008,0.44408830557978984
32263,0.7795000000000001,2,5,2,576304,29306,84543,23413,0.27146244766386307,0.44410933439556893
32264,0.7795238095238095,0,1,0,576305,29305,84543,23413,0.2714531846307755,0.4441177586403126
32265,0.7795833333333334,2,0,2,576305,29305,84545,23411,0.2714531846307755,0.4440966689430154
32266,0.7796100876247931,4,4,4,576309,29301,84549,23407,0.2714161324984253,0.4440881839568946
32267,0.779611111111111,0,1,0,576310,29300,84549,23407,0.2714068694653377,0.44409660955850266
32268,0.7796190476190474,0,3,0,576313,29297,84549,23407,0.27137908036607505,0.44412188828172433
32269,0.7796666666666665,1,0,1,576313,29297,84550,23406,0.27137908036607505,0.4441113409103846
32270,0.7796666666666667,6,8,6,576321,29289,84556,23400,0.2713049761013746,0.44411547002220575
32271,0.7796666666666668,1,0,1,576321,29289,84557,23399,0.2713049761013746,0.44410491952626785
32272,0.7796825396825396,0,1,0,576322,29288,84557,23399,0.2712957130682871,0.44411334864387797
32273,0.7796904761904763,1,6,1,576328,29282,84558,23398,0.27124013486976173,0.44415337889141987
32274,0.7797350427350426,1,0,1,576328,29282,84559,23397,0.27124013486976173,0.44414282731259136
32275,0.7797499999999999,0,2,0,576330,29280,84559,23397,0.27122160880358664,0.4441596901873683
32276,0.7797619047619048,0,1,0,576331,29279,84559,23397,0.2712123457704991,0.44416812210494344
32277,0.7798333333333332,1,0,1,576331,29279,84560,23396,0.2712123457704991,0.4441575700047461
32278,0.7798333333333334,2,6,2,576337,29273,84562,23394,0.27115676757197377,0.4441870621072019
32279,0.7798333333333335,0,1,0,576338,29272,84562,23394,0.2711475045388862,0.44419549614552084
32280,0.779840381840382,0,2,0,576340,29270,84562,23394,0.2711289784727111,0.44421236518304724
32281,0.7798571428571429,0,4,0,576344,29266,84562,23394,0.2710919263403609,0.44424610710216483
32282,0.7798888888888889,0,1,0,576345,29265,84562,23394,0.2710826633072733,0.4442545433828975
32283,0.7799166666666666,0,1,0,576346,29264,84562,23394,0.2710734002741858,0.444262979984048
32284,0.7799523809523808,0,4,0,576350,29260,84562,23394,0.2710363481418356,0.4442967295931933
32285,0.7799999999999998,3,7,3,576357,29253,84565,23391,0.2709715069102227,0.44432413950307725
32286,0.78,678,1078,678,577435,28175,85243,22713,0.26098595724183926,0.44633312372268513
32287,0.7800000000000001,2,5,2,577440,28170,85245,22711,0.2609396420764015,0.44635522100587643
32288,0.7801666666666666,1,1,1,577441,28169,85246,22710,0.26093037904331395,0.44635311228601193
32289,0.7801666666666667,0,5,0,577446,28164,85246,22710,0.26088406387787616,0.4463969807760349
32290,0.780214285714286,0,1,0,577447,28163,85246,22710,0.2608748008447886,0.44640575550881606
32291,0.7802857142857142,0,2,0,577449,28161,85246,22710,0.2608562747786135,0.4464233060093177
32292,0.7803333333333332,1,2,1,577451,28159,85247,22709,0.2608377487124384,0.44642997562318154
32293,0.7803333333333333,5,6,5,577457,28153,85252,22704,0.26078217051391306,0.4464282203039896
32294,0.7803333333333334,0,3,0,577460,28150,85252,22704,0.2607543814146504,0.4464545561804381
32295,0.780357142857143,0,2,0,577462,28148,85252,22704,0.2607358553484753,0.44647211515771257
32296,0.7803769841269842,0,1,0,577463,28147,85252,22704,0.26072659231538775,0.44648089516430356
32297,0.7803809523809523,1,0,1,577463,28147,85253,22703,0.26072659231538775,0.4464700098328417
32298,0.7804166666666665,1,2,1,577465,28145,85254,22702,0.26070806624921267,0.4464766849568313
32299,0.7804166666666668,0,1,0,577466,28144,85254,22702,0.2606988032161251,0.44648546591668964
32300,0.7804523809523809,0,1,0,577467,28143,85254,22702,0.2606895401830375,0.4464942472219491
32301,0.7804761904761905,0,1,0,577468,28142,85254,22702,0.26068027714994996,0.44650302887263
32302,0.7804999999999999,0,2,0,577470,28140,85254,22702,0.2606617510837749,0.44652059321033793
32303,0.7805,3,7,3,577477,28133,85257,22699,0.260596909852162,0.44654941768964435
32304,0.7805000000000001,0,1,0,577478,28132,85257,22699,0.2605876468190744,0.446558202671598
32305,0.7805000000000003,0,1,0,577479,28131,85257,22699,0.2605783837859869,0.44656698799921307
32306,0.780515873015873,1,0,1,577479,28131,85258,22698,0.2605783837859869,0.4465560998642507
32307,0.780547619047619,0,1,0,577480,28130,85258,22698,0.26056912075289934,0.44656488549618323
32308,0.7805555555555556,1,0,1,577480,28130,85259,22697,0.26056912075289934,0.446553996891416
32309,0.7805714285714285,0,1,0,577481,28129,85259,22697,0.26055985771981177,0.44656278282768663
32310,0.7805833333333334,0,1,0,577482,28128,85259,22697,0.2605505946867242,0.4465715691096901
32311,0.7806179653679653,1,3,1,577485,28125,85260,22696,0.26052280558746155,0.4465870407902245
32312,0.7806190476190475,1,0,1,577485,28125,85261,22695,0.26052280558746155,0.44657615112160565
32313,0.7806666666666665,1,0,1,577485,28125,85262,22694,0.26052280558746155,0.44656526102442
32314,0.7806666666666666,3,8,3,577493,28117,85265,22691,0.2604487013227611,0.4466028971815462
32315,0.7806666666666667,3,1,3,577494,28116,85268,22688,0.2604394382896736,0.4465790095268089
32316,0.7807142857142857,1,1,1,577495,28115,85269,22687,0.260430175256586,0.44657690642100706
32317,0.780765873015873,1,0,1,577495,28115,85270,22686,0.260430175256586,0.4465660124800693
32318,0.7807738095238094,1,0,1,577495,28115,85271,22685,0.260430175256586,0.44655511811023624
32319,0.7808214285714286,0,2,0,577497,28113,85271,22685,0.26041164919041093,0.4465726997125871
32320,0.7808333333333333,17,18,17,577515,28095,85288,22668,0.26024491459483495,0.44654571242834346
32321,0.7808333333333334,7,14,7,577529,28081,85295,22661,0.2601152321316092,0.44659256631587246
32322,0.7808809523809523,0,1,0,577530,28080,85295,22661,0.2601059690985216,0.4466013677302379
32323,0.7809523809523811,1,2,1,577532,28078,85296,22660,0.2600874430323465,0.4466080649611731
32324,0.7809761904761904,1,1,1,577533,28077,85297,22659,0.260078179999259,0.4466059602649007
32325,0.7809999999999999,3,17,3,577550,28060,85300,22656,0.2599207084367705,0.4467229276756842
32326,0.7810000000000001,0,4,0,577554,28056,85300,22656,0.25988365630442034,0.44675816374822525
32327,0.781047619047619,0,1,0,577555,28055,85300,22656,0.25987439327133277,0.4467669736349116
32328,0.7810634920634921,0,1,0,577556,28054,85300,22656,0.2598651302382452,0.44677578386905936
32329,0.7810833333333332,2,1,2,577557,28053,85302,22654,0.25985586720515763,0.4467627743704025
32330,0.7811111111111111,0,1,0,577558,28052,85302,22654,0.2598466041720701,0.44677158521673965
32331,0.7811190476190475,0,2,0,577560,28050,85302,22654,0.259828078105895,0.44678920795203536
32332,0.7811666666666666,0,1,0,577561,28049,85302,22654,0.25981881507280746,0.44679801984103507
32333,0.7811666666666668,3,2,3,577563,28047,85305,22651,0.2598002890066323,0.44678291056846425
32334,0.7811904761904762,0,1,0,577564,28046,85305,22651,0.25979102597354475,0.44679172337613665
32335,0.7812103174603174,0,3,0,577567,28043,85305,22651,0.2597632368742821,0.4468181638852724
32336,0.7812142857142856,0,1,0,577568,28042,85305,22651,0.2597539738411946,0.4468269780837591
32337,0.7812499999999999,0,1,0,577569,28041,85305,22651,0.259744710808107,0.4468357926300008
32338,0.78125,0,1,0,577570,28040,85305,22651,0.25973544777501945,0.44684460752401806
32339,0.7812500000000001,0,1,0,577571,28039,85305,22651,0.2597261847419319,0.4468534227658315
32340,0.7812857142857144,0,2,0,577573,28037,85305,22651,0.2597076586757568,0.4468710542929293
32341,0.7813333333333332,3,8,3,577581,28029,85308,22648,0.25963355441105634,0.44690885411527914
32342,0.7813333333333334,1,2,1,577583,28027,85309,22647,0.25961502834488126,0.44691557800844617
32343,0.7813809523809523,0,1,0,577584,28026,85309,22647,0.2596057653117937,0.4469243976081937
32344,0.7813888888888889,0,1,0,577585,28025,85309,22647,0.2595965022787061,0.44693321755604676
32345,0.7814166666666665,0,1,0,577586,28024,85309,22647,0.2595872392456186,0.4469420378520258
32346,0.7814285714285714,1,2,1,577588,28022,85310,22646,0.25956871317944347,0.4469487645061972
32347,0.7814444444444445,0,1,0,577589,28021,85310,22646,0.2595594501463559,0.44695758580535655
32348,0.7815000000000001,1,10,1,577599,28011,85311,22645,0.25946681981548037,0.4470349020846494
32349,0.7815000000000002,0,1,0,577600,28010,85311,22645,0.25945755678239285,0.44704372717402036
32350,0.7816666666666666,31,43,31,577643,27967,85342,22614,0.259059246359628,0.4470848737668294
32351,0.7816666666666667,26,55,26,577698,27912,85368,22588,0.2585497795398125,0.4472871287128713
32352,0.7816904761904762,0,1,0,577699,27911,85368,22588,0.25854051650672494,0.4472959860591299
32353,0.781739010989011,1,2,1,577701,27909,85369,22587,0.25852199044054985,0.4473027566539924
32354,0.78175,0,1,0,577702,27908,85369,22587,0.2585127274074623,0.4473116150113873
32355,0.7817857142857143,0,2,0,577704,27906,85369,22587,0.2584942013412872,0.44732933277880105
32356,0.7818095238095237,0,1,0,577705,27905,85369,22587,0.25848493830819963,0.4473381921888616
32357,0.7818253968253969,1,0,1,577705,27905,85370,22586,0.25848493830819963,0.4473272464399596
32358,0.7818333333333333,0,2,0,577707,27903,85370,22586,0.25846641224202455,0.447344966230268
32359,0.7818333333333334,4,7,4,577714,27896,85374,22582,0.25840157101041167,0.44736320773406235
32360,0.7818333333333335,0,2,0,577716,27894,85374,22582,0.25838304494423653,0.44738093351295666
32361,0.7818809523809523,0,1,0,577717,27893,85374,22582,0.258373781911149,0.44738979692917286
32362,0.7819047619047619,2,1,2,577718,27892,85376,22580,0.25836451887806144,0.44737676335393883
32363,0.781904761904762,0,1,0,577719,27891,85376,22580,0.2583552558449739,0.44738562738998633
32364,0.7819444444444443,0,1,0,577720,27890,85376,22580,0.2583459928118863,0.44739449177729346
32365,0.7819761904761906,0,1,0,577721,27889,85376,22580,0.2583367297787988,0.44740335651588103
32366,0.7819999999999999,1,2,1,577723,27887,85377,22579,0.25831820371262365,0.4474101375183292
32367,0.782,10,25,10,577748,27862,85387,22569,0.2580866278854348,0.4475223572802443
32368,0.782008297258297,0,1,0,577749,27861,85387,22569,0.2580773648523473,0.44753123140987505
32369,0.7820196078431372,1,0,1,577749,27861,85388,22568,0.2580773648523473,0.44752027603164846
32370,0.7820476190476191,1,0,1,577749,27861,85389,22567,0.2580773648523473,0.447509320218926
32371,0.7820609668109668,0,2,0,577751,27859,85389,22567,0.25805883878617214,0.44752706936897635
32372,0.7821309523809523,0,1,0,577752,27858,85389,22567,0.25804957575308457,0.4475359444719881
32373,0.782142857142857,1,2,1,577754,27856,85390,22566,0.2580310496869095,0.44754273928047283
32374,0.7821428571428573,0,2,0,577756,27854,85390,22566,0.25801252362073435,0.4475604918683062
32375,0.7821666666666666,2,0,2,577756,27854,85392,22564,0.25801252362073435,0.4475385774921655
32376,0.7821666666666667,2,7,2,577763,27847,85394,22562,0.25794768238912147,0.4475788053720566
32377,0.7821666666666668,0,3,0,577766,27844,85394,22562,0.2579198932898588,0.44760544379637346
32378,0.782198412698413,0,2,0,577768,27842,85394,22562,0.25790136722368373,0.44762320450757875
32379,0.7822619047619048,0,1,0,577769,27841,85394,22562,0.25789210419059616,0.44763208539174254
32380,0.782265873015873,1,5,1,577774,27836,85395,22561,0.2578457890251584,0.4476655356469631
32381,0.7823333333333333,1,4,1,577778,27832,85396,22560,0.2578087368928082,0.44769010954119703
32382,0.7823571428571431,0,2,0,577780,27830,85396,22560,0.25779021082663306,0.4477078785473308
32383,0.782404761904762,0,1,0,577781,27829,85396,22560,0.25778094779354555,0.44771676357935264
32384,0.7824523809523811,0,1,0,577782,27828,85396,22560,0.257771684760458,0.44772564896403905
32385,0.7825,43,65,43,577847,27763,85439,22517,0.25716958760976694,0.4478321400159109
32386,0.7825000000000002,1,1,1,577848,27762,85440,22516,0.25716032457667937,0.44783006483949245
32387,0.7825833333333334,1,0,1,577848,27762,85441,22515,0.25716032457667937,0.44781908228414585
32388,0.7826190476190478,1,2,1,577850,27760,85442,22514,0.2571417985105043,0.44782591399132754
32389,0.7826666666666665,1,1,1,577851,27759,85443,22513,0.2571325354774167,0.4478238383195417
32390,0.7826666666666666,6,6,6,577857,27753,85449,22507,0.2570769572788914,0.44781138081973737
32391,0.7826666666666668,2,0,2,577857,27753,85451,22505,0.2570769572788914,0.44778940666162603
32392,0.7827500000000001,0,1,0,577858,27752,85451,22505,0.25706769424580383,0.4477983166524066
32393,0.7827619047619048,0,4,0,577862,27748,85451,22505,0.2570306421134536,0.4478339601615824
32394,0.7827777777777777,0,1,0,577863,27747,85451,22505,0.2570213790803661,0.4478428719254955
32395,0.7827857142857142,0,1,0,577864,27746,85451,22505,0.2570121160472785,0.44785178404409864
32396,0.7828333333333333,1,4,1,577868,27742,85452,22504,0.2569750639149283,0.44787644787644787
32397,0.7828333333333335,0,2,0,577870,27740,85452,22504,0.2569565378487532,0.4478942759334448
32398,0.7828571428571428,1,0,1,577870,27740,85453,22503,0.2569565378487532,0.44788328722409093
32399,0.7828571428571429,0,2,0,577872,27738,85453,22503,0.2569380117825781,0.4479011166179017
32400,0.7829166666666667,0,1,0,577873,27737,85453,22503,0.2569287487494905,0.44791003184713374
32401,0.7829761904761904,0,1,0,577874,27736,85453,22503,0.256919485716403,0.44791894743127847
32402,0.7829761904761905,1,1,1,577875,27735,85454,22502,0.2569102226833154,0.4479168740171587
32403,0.7829999999999998,1,0,1,577875,27735,85455,22501,0.2569102226833154,0.44790588422645117
32404,0.7829999999999999,8,11,8,577886,27724,85463,22493,0.2568083293193523,0.4479160443674453
32405,0.7830000000000001,2,5,2,577891,27719,85465,22491,0.25676201415391453,0.44793865763792073
32406,0.7830833333333334,1,0,1,577891,27719,85466,22490,0.25676201415391453,0.447927662371288
32407,0.7830952380952381,0,1,0,577892,27718,85466,22490,0.256752751120827,0.4479365838113448
32408,0.7831190476190476,0,1,0,577893,27717,85466,22490,0.25674348808773945,0.4479455056067879
32409,0.7831666666666667,2,4,2,577897,27713,85468,22488,0.2567064359553892,0.44795920399992034
32410,0.7831666666666668,0,1,0,577898,27712,85468,22488,0.25669717292230165,0.44796812749003984
32411,0.7832142857142856,0,1,0,577899,27711,85468,22488,0.25668790988921414,0.447977051335684
32412,0.7832380952380953,0,1,0,577900,27710,85468,22488,0.25667864685612657,0.44798597553687397
32413,0.7833333333333331,1,1,1,577901,27709,85469,22487,0.256669383823039,0.4479839030998486
32414,0.7833333333333333,55,80,55,577981,27629,85524,22432,0.2559283411760347,0.4480933261421066
32415,0.7833333333333334,54,82,54,578063,27547,85578,22378,0.25516877246285524,0.44823234852278415
32416,0.7833571428571431,0,1,0,578064,27546,85578,22378,0.2551595094297677,0.4482413268167615
32417,0.7833809523809524,0,2,0,578066,27544,85578,22378,0.2551409833635926,0.4482592844837947
32418,0.783452380952381,0,1,0,578067,27543,85578,22378,0.255131720330505,0.4482682638568939
32419,0.7835,0,8,0,578075,27535,85578,22378,0.25505761606580457,0.4483401117945225
32420,0.7835476190476192,0,1,0,578076,27534,85578,22378,0.25504835303271706,0.44834909440615484
32421,0.7835714285714286,0,1,0,578077,27533,85578,22378,0.2550390899996295,0.44835807737773237
32422,0.7835833333333332,0,1,0,578078,27532,85578,22378,0.2550298269665419,0.4483670607092767
32423,0.7836111111111111,0,1,0,578079,27531,85578,22378,0.25502056393345435,0.44837604440080947
32424,0.7836190476190477,1,4,1,578083,27527,85579,22377,0.2549835118011042,0.4484009297851876
32425,0.783642857142857,0,2,0,578085,27525,85579,22377,0.25496498573492904,0.44841890104605026
32426,0.7836428571428571,0,1,0,578086,27524,85579,22377,0.25495572270184147,0.448427887216689
32427,0.7836666666666666,1,0,1,578086,27524,85580,22376,0.25495572270184147,0.44841683366733465
32428,0.7836666666666667,1,6,1,578092,27518,85581,22375,0.25490014450331616,0.44845970376605937
32429,0.7836904761904762,0,5,0,578097,27513,85581,22375,0.25485382933787837,0.44850465041693394
32430,0.7837142857142857,0,2,0,578099,27511,85581,22375,0.2548353032717033,0.4485226316000481
32431,0.78375,2,1,2,578100,27510,85583,22373,0.2548260402386157,0.44850951225868535
32432,0.7837857142857142,0,3,0,578103,27507,85583,22373,0.25479825113935306,0.4485364875701684
32433,0.7838095238095238,0,1,0,578104,27506,85583,22373,0.2547889881062655,0.44854548006174944
32434,0.7838214285714283,0,1,0,578105,27505,85583,22373,0.254779725073178,0.44855447291390993
32435,0.7838333333333333,2,0,2,578105,27505,85585,22371,0.254779725073178,0.4485323602534285
32436,0.7838333333333334,2,0,2,578105,27505,85587,22369,0.254779725073178,0.448510245819465
32437,0.7838333333333337,0,1,0,578106,27504,85587,22369,0.2547704620400904,0.44851923886672146
32438,0.7839285714285714,1,0,1,578106,27504,85588,22368,0.2547704620400904,0.44850818094321465
32439,0.7839285714285715,0,1,0,578107,27503,85588,22368,0.25476119900700284,0.4485171743097191
32440,0.783952380952381,1,0,1,578107,27503,85589,22367,0.25476119900700284,0.4485061159013435
32441,0.7839999999999999,0,4,0,578111,27499,85589,22367,0.2547241468746526,0.44854209280872737
32442,0.784,20,25,20,578136,27474,85609,22347,0.25449257104746376,0.4485457939423135
32443,0.7840158730158729,1,0,1,578136,27474,85610,22346,0.25449257104746376,0.4485347250100361
32444,0.7840238095238096,0,2,0,578138,27472,85610,22346,0.25447404498128867,0.4485527319442772
32445,0.784047619047619,0,1,0,578139,27471,85610,22346,0.2544647819482011,0.4485617359535901
32446,0.7841071428571429,0,1,0,578140,27470,85610,22346,0.2544555189151136,0.44857074032439376
32447,0.7841190476190475,0,2,0,578142,27468,85610,22346,0.25443699284893845,0.4485887501505601
32448,0.7841309523809525,0,1,0,578143,27467,85610,22346,0.2544277298158509,0.4485977556059663
32449,0.7841666666666666,11,15,11,578158,27452,85621,22335,0.2542887843195376,0.4486110832144937
32450,0.7841666666666667,8,20,8,578178,27432,85629,22327,0.2541035236577865,0.448702747241705
32451,0.7841666666666669,1,0,1,578178,27432,85630,22326,0.2541035236577865,0.4486916676715302
32452,0.7842014652014655,0,1,0,578179,27431,85630,22326,0.254094260624699,0.4487006853307072
32453,0.7842142857142858,1,0,1,578179,27431,85631,22325,0.254094260624699,0.4486896052737358
32454,0.7842857142857143,5,4,5,578183,27427,85636,22320,0.25405720849234875,0.4486702715741653
32455,0.7843333333333332,0,2,0,578185,27425,85636,22320,0.2540386824261736,0.44868831038295304
32456,0.7843333333333333,4,9,4,578194,27416,85640,22316,0.25395531512838565,0.4487251668945548
32457,0.7845,1,0,1,578194,27416,85641,22315,0.25395531512838565,0.4487140817598681
32458,0.7845000000000002,0,1,0,578195,27415,85641,22315,0.2539460520952981,0.44872310476573496
32459,0.7845238095238095,0,1,0,578196,27414,85641,22315,0.2539367890622105,0.44873212813448893
32460,0.7845357142857143,0,2,0,578198,27412,85641,22315,0.2539182629960354,0.4487501759607457
32461,0.7845476190476188,0,3,0,578201,27409,85641,22315,0.2538904738967728,0.44877725042233124
32462,0.7845833333333333,1,0,1,578201,27409,85642,22314,0.2538904738967728,0.44876616455161594
32463,0.7846071428571428,0,1,0,578202,27408,85642,22314,0.2538812108636852,0.44877519005671535
32464,0.7846190476190478,0,1,0,578203,27407,85642,22314,0.25387194783059763,0.44878421592486073
32465,0.7846428571428571,0,1,0,578204,27406,85642,22314,0.2538626847975101,0.448793242156074
32466,0.7846428571428572,1,1,1,578205,27405,85643,22313,0.25385342176442255,0.4487911822679915
32467,0.7846666666666665,1,0,1,578205,27405,85644,22312,0.25385342176442255,0.44878009533962226
32468,0.7846666666666667,4,7,4,578212,27398,85648,22308,0.25378858053280967,0.4487989377539935
32469,0.7846666666666668,0,1,0,578213,27397,85648,22308,0.2537793174997221,0.44880796700533143
32470,0.78475,1,0,1,578213,27397,85649,22307,0.2537793174997221,0.4487968775148881
32471,0.7847857142857144,0,1,0,578214,27396,85649,22307,0.25377005446663453,0.4488059070881033
32472,0.7848333333333332,0,1,0,578215,27395,85649,22307,0.253760791433547,0.448814937024667
32473,0.7848333333333334,1,1,1,578216,27394,85650,22306,0.25375152840045945,0.4488128772635815
32474,0.7848333333333335,0,1,0,578217,27393,85650,22306,0.2537422653673719,0.44882190788547055
32475,0.7849603174603175,0,1,0,578218,27392,85650,22306,0.25373300233428436,0.4488309388707795
32476,0.7849941215475269,1,1,1,578219,27391,85651,22305,0.2537237393011968,0.4488288795878944
32477,0.7849999999999998,1,3,1,578222,27388,85652,22304,0.25369595020193414,0.44884488448844884
32478,0.785,202,282,202,578504,27106,85854,22102,0.25108377487124384,0.4491546090066656
32479,0.7850000000000001,3,3,3,578507,27103,85857,22099,0.2510559857719812,0.44914840860127636
32480,0.7850079365079364,1,2,1,578509,27101,85858,22098,0.25103745970580604,0.44915547063964717
32481,0.7850328837828836,1,0,1,578509,27101,85859,22097,0.25103745970580604,0.4491442741574861
32482,0.7850476190476191,0,1,0,578510,27100,85859,22097,0.25102819667271853,0.44915340366282497
32483,0.7850476190476192,0,2,0,578512,27098,85859,22097,0.2510096706065434,0.4491716637869702
32484,0.7850858585858586,1,0,1,578512,27098,85860,22096,0.2510096706065434,0.4491604667235842
32485,0.7851150793650794,0,1,0,578513,27097,85860,22096,0.2510004075734559,0.44916959730042894
32486,0.785142857142857,0,1,0,578514,27096,85860,22096,0.2509911445403683,0.4491787282484957
32487,0.7851666666666667,0,4,0,578518,27092,85860,22096,0.2509540924080181,0.4492152557534358
32488,0.7851666666666668,1,0,1,578518,27092,85861,22095,0.2509540924080181,0.44920405798280033
32489,0.7852261904761906,0,2,0,578520,27090,85861,22095,0.250935566341843,0.4492223238792315
32490,0.7852777777777775,1,0,1,578520,27090,85862,22094,0.250935566341843,0.4492111255692908
32491,0.7853333333333333,5,12,5,578532,27078,85867,22089,0.2508244099447923,0.44926475074745253
32492,0.7853333333333334,1,0,1,578532,27078,85868,22088,0.2508244099447923,0.4492535492006671
32493,0.7853571428571428,0,1,0,578533,27077,85868,22088,0.25081514691170476,0.4492626868707414
32494,0.7853571428571429,0,1,0,578534,27076,85868,22088,0.25080588387861724,0.44927182491253764
32495,0.7853809523809523,0,1,0,578535,27075,85868,22088,0.25079662084552967,0.44928096332607853
32496,0.7854166666666668,1,0,1,578535,27075,85869,22087,0.25079662084552967,0.449269761197673
32497,0.7854523809523809,0,1,0,578536,27074,85869,22087,0.2507873578124421,0.44927889994101017
32498,0.7854978354978354,0,1,0,578537,27073,85869,22087,0.25077809477935453,0.44928803905614323
32499,0.7855,1,9,1,578546,27064,85870,22086,0.25069472748156657,0.44935910478128177
32500,0.7855000000000001,1,3,1,578549,27061,85871,22085,0.2506669383823039,0.4493753306474586
32501,0.7855555555555556,0,1,0,578550,27060,85871,22085,0.25065767534921635,0.4493844745141927
32502,0.7855654345654344,0,2,0,578552,27058,85871,22085,0.25063914928304126,0.44940276336406
32503,0.7855714285714286,0,1,0,578553,27057,85871,22085,0.2506298862499537,0.4494119083472386
32504,0.7855833333333331,0,1,0,578554,27056,85871,22085,0.2506206232168661,0.4494210537026109
32505,0.785611111111111,0,1,0,578555,27055,85871,22085,0.25061136018377855,0.4494301994301994
32506,0.7856111111111111,0,2,0,578557,27053,85871,22085,0.25059283411760347,0.4494484920021165
32507,0.7856428571428569,0,1,0,578558,27052,85871,22085,0.2505835710845159,0.4494576388464904
32508,0.7856428571428572,0,1,0,578559,27051,85871,22085,0.2505743080514284,0.4494667860631716
32509,0.7856666666666665,0,1,0,578560,27050,85871,22085,0.2505650450183408,0.44947593365218275
32510,0.7856666666666666,2,7,2,578567,27043,85873,22083,0.25050020378672794,0.449517567072426
32511,0.7856666666666667,0,1,0,578568,27042,85873,22083,0.25049094075364037,0.44952671755725193
32512,0.7857142857142857,1,5,1,578573,27037,85874,22082,0.2504446255882026,0.44956126956982023
32513,0.7857380952380951,0,1,0,578574,27036,85874,22082,0.25043536255511506,0.4495704222484629
32514,0.7857402597402598,0,3,0,578577,27033,85874,22082,0.2504075734558524,0.4495978825206149
32515,0.7857683982683982,0,1,0,578578,27032,85874,22082,0.25039831042276484,0.44960703669014945
32516,0.7858333333333333,7,21,7,578599,27011,85881,22075,0.2502037867279262,0.4497208980157275
32517,0.7858333333333334,1,14,1,578613,26997,85882,22074,0.25007410426470045,0.44983798985143975
32518,0.7858571428571429,1,0,1,578613,26997,85883,22073,0.25007410426470045,0.44982677807214183
32519,0.7859444444444443,0,1,0,578614,26996,85883,22073,0.2500648412316129,0.4498359453015142
32520,0.7859523809523808,0,1,0,578615,26995,85883,22073,0.2500555781985253,0.44984511290454066
32521,0.7859523809523811,0,1,0,578616,26994,85883,22073,0.2500463151654378,0.449854280881244
32522,0.7859999999999999,16,29,16,578645,26965,85899,22057,0.2497776872058987,0.44994084288686714
32523,0.786,2,3,2,578648,26962,85901,22055,0.24974989810663603,0.449945937123855
32524,0.7860119047619045,1,0,1,578648,26962,85902,22054,0.24974989810663603,0.44993471519503836
32525,0.7860238095238095,1,0,1,578648,26962,85903,22053,0.24974989810663603,0.449923492808324
32526,0.7860714285714286,0,1,0,578649,26961,85903,22053,0.2497406350735485,0.44993267229771083
32527,0.7860952380952381,0,1,0,578650,26960,85903,22053,0.24973137204046092,0.4499418521616714
32528,0.7861666666666668,0,1,0,578651,26959,85903,22053,0.24972210900737338,0.4499510324002285
32529,0.7862301587301586,1,2,1,578653,26957,85904,22052,0.24970358294119827,0.4499581709481932
32530,0.7862380952380953,1,1,1,578654,26956,85905,22051,0.24969431990811072,0.44995612871630586
32531,0.78625,0,2,0,578656,26954,85905,22051,0.2496757938419356,0.4499744923987348
32532,0.7862619047619047,1,1,1,578657,26953,85906,22050,0.24966653080884804,0.4499724506662857
32533,0.7863095238095239,0,3,0,578660,26950,85906,22050,0.2496387417095854,0.45
32534,0.7863333333333332,1,3,1,578663,26947,85907,22049,0.24961095261032273,0.45001632786349904
32535,0.7863333333333334,0,1,0,578664,26946,85907,22049,0.24960168957723516,0.4500255128074293
32536,0.7863636363636364,0,1,0,578665,26945,85907,22049,0.24959242654414762,0.4500346981263012
32537,0.786401098901099,0,3,0,578668,26942,85907,22049,0.24956463744488494,0.45006225633279584
32538,0.7864523809523809,0,1,0,578669,26941,85907,22049,0.2495553744117974,0.4500714431516636
32539,0.786452380952381,0,1,0,578670,26940,85907,22049,0.24954611137870986,0.45008063034558776
32540,0.7864920634920634,0,1,0,578671,26939,85907,22049,0.2495368483456223,0.45008981791459135
32541,0.7864999999999999,0,2,0,578673,26937,85907,22049,0.24951832227944717,0.4501081941779284
32542,0.7865000000000001,4,8,4,578681,26929,85911,22045,0.24944421801474675,0.45013680728549843
32543,0.786531746031746,0,1,0,578682,26928,85911,22045,0.24943495498165918,0.45014599881567396
32544,0.7865476190476189,0,1,0,578683,26927,85911,22045,0.24942569194857164,0.45015519072122845
32545,0.7865555555555553,0,1,0,578684,26926,85911,22045,0.24941642891548407,0.450164383002185
32546,0.7865595238095238,1,2,1,578686,26924,85912,22044,0.249397902849309,0.4501715405979415
32547,0.7865873293373291,0,2,0,578688,26922,85912,22044,0.24937937678313388,0.4501899277049381
32548,0.7865952380952382,1,1,1,578689,26921,85913,22043,0.2493701137500463,0.4501878931459848
32549,0.7866666666666666,60,98,60,578787,26823,85973,21983,0.248462336507466,0.4504159324673196
32550,0.7866666666666667,45,77,45,578864,26746,86018,21938,0.24774908295972434,0.4506203270068195
32551,0.7866666666666668,0,1,0,578865,26745,86018,21938,0.24773981992663677,0.4506295832220693
32552,0.7867380952380952,0,2,0,578867,26743,86018,21938,0.24772129386046168,0.45064809679341017
32553,0.7868333333333333,2,3,2,578870,26740,86020,21936,0.247693504761199,0.45065329936724463
32554,0.7868333333333334,1,8,1,578878,26732,86021,21935,0.24761940049649858,0.45071609098567816
32555,0.7868968253968254,0,1,0,578879,26731,86021,21935,0.247610137463411,0.4507253524020877
32556,0.7869047619047618,1,1,1,578880,26730,86022,21934,0.24760087443032347,0.45072332730560577
32557,0.7869166666666668,0,1,0,578881,26729,86022,21934,0.2475916113972359,0.4507325894416703
32558,0.7869444444444446,1,0,1,578881,26729,86023,21933,0.2475916113972359,0.45072130204266164
32559,0.7869523809523808,0,2,0,578883,26727,86023,21933,0.24757308533106082,0.45073982737361284
32560,0.786952380952381,0,2,0,578885,26725,86023,21933,0.2475545592648857,0.4507583542274652
32561,0.7869603174603175,0,1,0,578886,26724,86023,21933,0.24754529623179813,0.45076761822553796
32562,0.786988095238095,1,2,1,578888,26722,86024,21932,0.24752677016562302,0.4507748592099314
32563,0.7869999999999999,0,1,0,578889,26721,86024,21932,0.24751750713253548,0.45078412430888126
32564,0.787,4,8,4,578897,26713,86028,21928,0.24744340286783503,0.4508131000596205
32565,0.787047619047619,0,1,0,578898,26712,86028,21928,0.2474341398347475,0.4508223684210526
32566,0.7870963203463203,0,3,0,578901,26709,86028,21928,0.24740635073548484,0.45085017579209247
32567,0.7871428571428573,1,7,1,578908,26702,86029,21927,0.24734150950387196,0.4509037816940509
32568,0.7871666666666666,1,0,1,578908,26702,86030,21926,0.24734150950387196,0.45089248992350084
32569,0.7871666666666667,1,3,1,578911,26699,86031,21925,0.24731372040460928,0.4509090161237249
32570,0.7872142857142858,1,0,1,578911,26699,86032,21924,0.24731372040460928,0.450897723299673
32571,0.7872380952380954,0,1,0,578912,26698,86032,21924,0.24730445737152174,0.45090699683270946
32572,0.7872499999999999,0,3,0,578915,26695,86032,21924,0.24727666827225908,0.45093481972068533
32573,0.7873095238095239,0,1,0,578916,26694,86032,21924,0.2472674052391715,0.4509440947797112
32574,0.7873333333333332,2,1,2,578917,26693,86034,21922,0.24725814220608397,0.4509307826802427
32575,0.7873333333333333,3,6,3,578923,26687,86037,21919,0.24720256400755863,0.450952557297453
32576,0.7873333333333334,1,0,1,578923,26687,86038,21918,0.24720256400755863,0.4509412611871207
32577,0.7873452380952379,1,1,1,578924,26686,86039,21917,0.2471933009744711,0.4509392424335946
32578,0.7873975468975469,1,2,1,578926,26684,86040,21916,0.24717477490829598,0.45094650205761316
32579,0.7874523809523809,0,2,0,578928,26682,86040,21916,0.24715624884212087,0.45096506029054695
32580,0.7874603174603172,1,0,1,578928,26682,86041,21915,0.24715624884212087,0.4509537625779369
32581,0.7874999999999999,0,3,0,578931,26679,86041,21915,0.24712845974285821,0.45098160266699594
32582,0.7875,45,77,45,579008,26602,86086,21870,0.24641520619511653,0.4511883149034494
32583,0.7875000000000001,1,0,1,579008,26602,86087,21869,0.24641520619511653,0.4511769924284624
32584,0.787547619047619,1,0,1,579008,26602,86088,21868,0.24641520619511653,0.4511656694862802
32585,0.7875714285714285,1,0,1,579008,26602,86089,21867,0.24641520619511653,0.4511543460768739
32586,0.7876190476190478,0,1,0,579009,26601,86089,21867,0.24640594316202896,0.45116365436989353
32587,0.7876666666666666,7,10,7,579019,26591,86096,21860,0.24631331283115343,0.45117747827702215
32588,0.7876666666666668,0,3,0,579022,26588,86096,21860,0.24628552373189078,0.45120541611624837
32589,0.7877500000000001,0,1,0,579023,26587,86096,21860,0.2462762606988032,0.45121472949821456
32590,0.7877777777777777,1,0,1,579023,26587,86097,21859,0.2462762606988032,0.45120340172563267
32591,0.7878095238095238,0,1,0,579024,26586,86097,21859,0.24626699766571566,0.4512127154505109
32592,0.7878333333333332,1,0,1,579024,26586,86098,21858,0.24626699766571566,0.4512013871686896
32593,0.7878333333333333,2,6,2,579030,26580,86100,21856,0.24621141946719033,0.4512346188785201
32594,0.7878571428571428,1,5,1,579035,26575,86101,21855,0.24616510430175256,0.4512698740450134
32595,0.7879166666666666,1,0,1,579035,26575,86102,21854,0.24616510430175256,0.4512585434347189
32596,0.7879166666666667,1,1,1,579036,26574,86103,21853,0.24615584126866502,0.45125653044789066
32597,0.7879285714285713,1,0,1,579036,26574,86104,21852,0.24615584126866502,0.4512451988601165
32598,0.7879437229437228,0,2,0,579038,26572,86104,21852,0.2461373152024899,0.45126383611432347
32599,0.7879444444444446,0,1,0,579039,26571,86104,21852,0.24612805216940234,0.4512731553187535
32600,0.7879999999999999,7,12,7,579051,26559,86111,21845,0.2460168957723517,0.45130567721675896
32601,0.7880000000000001,0,1,0,579052,26558,86111,21845,0.24600763273926415,0.4513150011362932
32602,0.7880497211766563,1,3,1,579055,26555,86112,21844,0.24597984364000147,0.45133163908345214
32603,0.7880555555555557,1,0,1,579055,26555,86113,21843,0.24597984364000147,0.4513203024918385
32604,0.7880714285714285,0,1,0,579056,26554,86113,21843,0.24597058060691393,0.45132962786949604
32605,0.7880833333333334,0,1,0,579057,26553,86113,21843,0.24596131757382636,0.4513389536325316
32606,0.7881190476190476,0,1,0,579058,26552,86113,21843,0.24595205454073882,0.4513482797809691
32607,0.788142857142857,1,0,1,579058,26552,86114,21842,0.24595205454073882,0.4513369425961896
32608,0.7881666666666667,1,3,1,579061,26549,86115,21841,0.24592426544147616,0.4513535854515396
32609,0.7881666666666668,2,0,2,579061,26549,86117,21839,0.24592426544147616,0.4513309084897082
32610,0.7881904761904762,0,1,0,579062,26548,86117,21839,0.2459150024083886,0.45134023601380535
32611,0.7882142857142856,2,2,2,579064,26546,86119,21837,0.24589647634221348,0.4513362131327119
32612,0.7882777777777779,0,1,0,579065,26545,86119,21837,0.24588721330912594,0.4513455417303956
32613,0.7883333333333331,0,1,0,579066,26544,86119,21837,0.2458779502760384,0.45135487071370994
32614,0.7883333333333333,12,42,12,579108,26502,86131,21825,0.2454889028863611,0.4516109007387175
32615,0.7883333333333334,15,41,15,579149,26461,86146,21810,0.24510911852977138,0.45182407656771145
32616,0.7883809523809522,1,1,1,579150,26460,86147,21809,0.24509985549668384,0.4518220804242889
32617,0.7883809523809524,0,2,0,579152,26458,86147,21809,0.24508132943050873,0.45184080220440465
32618,0.7883809523809525,1,2,1,579154,26456,86148,21808,0.24506280336433361,0.4518481684070943
32619,0.7884047619047619,0,1,0,579155,26455,86148,21808,0.24505354033124607,0.45185753061351347
32620,0.7885,5,11,5,579166,26444,86153,21803,0.24495164696728297,0.45190374531058924
32621,0.7885000000000001,0,1,0,579167,26443,86153,21803,0.2449423839341954,0.4519131119678315
32622,0.7885714285714286,0,5,0,579172,26438,86153,21803,0.24489606876875764,0.45195995107895776
32623,0.7886190476190477,0,1,0,579173,26437,86153,21803,0.2448868057356701,0.451969320066335
32624,0.788642857142857,0,2,0,579175,26435,86153,21803,0.24486827966949498,0.45198805920643476
32625,0.7886666666666666,3,2,3,579177,26433,86156,21800,0.24484975360331987,0.4519727157755064
32626,0.7886666666666667,1,5,1,579182,26428,86157,21799,0.2448034384378821,0.4520082111680179
32627,0.7887142857142857,0,1,0,579183,26427,86157,21799,0.24479417540479453,0.45201758387591756
32628,0.7887619047619048,1,0,1,579183,26427,86158,21798,0.24479417540479453,0.4520062208398134
32629,0.7888055555555554,0,1,0,579184,26426,86158,21798,0.244784912371707,0.45201559389515594
32630,0.7888095238095236,0,2,0,579186,26424,86158,21798,0.24476638630553188,0.45203434117207913
32631,0.7888095238095238,0,1,0,579187,26423,86158,21798,0.24475712327244434,0.45204371539370813
32632,0.7888199447611209,0,3,0,579190,26420,86158,21798,0.24472933417318166,0.452071840391555
32633,0.7888333333333333,0,1,0,579191,26419,86158,21798,0.24472007114009411,0.4520812161685713
32634,0.7888333333333334,1,3,1,579194,26416,86159,21797,0.24469228204083146,0.4520979818721092
32635,0.7888647741147742,1,2,1,579196,26414,86160,21796,0.24467375597465635,0.45210537232939224
32636,0.7888809523809523,0,1,0,579197,26413,86160,21796,0.24466449294156878,0.452114750357817
32637,0.7888888888888889,0,2,0,579199,26411,86160,21796,0.24464596687539367,0.4521335075818865
32638,0.7889047619047618,0,1,0,579200,26410,86160,21796,0.24463670384230612,0.4521428867775796
32639,0.7889285714285714,0,1,0,579201,26409,86160,21796,0.24462744080921858,0.4521522663624105
32640,0.788952380952381,0,1,0,579202,26408,86160,21796,0.244618177776131,0.4521616463364036
32641,0.7889642857142857,0,1,0,579203,26407,86160,21796,0.24460891474304347,0.45217102669958303
32642,0.7889999999999999,1,2,1,579205,26405,86161,21795,0.24459038867686836,0.4521784232365145
32643,0.789,4,17,4,579222,26388,86165,21791,0.24443291711437992,0.4522924925797547
32644,0.789047619047619,3,3,3,579225,26385,86168,21788,0.24440512801511727,0.45228655055736616
32645,0.7890714285714284,0,1,0,579226,26384,86168,21788,0.24439586498202973,0.452295939549946
32646,0.7890873015873016,0,2,0,579228,26382,86168,21788,0.2443773389158546,0.4523147187045879
32647,0.7890952380952382,1,1,1,579229,26381,86169,21787,0.24436807588276704,0.4523127387477163
32648,0.7891428571428573,0,3,0,579232,26378,86169,21787,0.2443402867835044,0.4523409114502232
32649,0.7891666666666666,10,15,10,579247,26363,86179,21777,0.24420134128719106,0.4523680930619028
32650,0.7891666666666667,8,15,8,579262,26348,86187,21769,0.24406239579087777,0.4524180643015982
32651,0.7892380952380953,0,1,0,579263,26347,86187,21769,0.2440531327577902,0.4524274669548591
32652,0.78925,0,1,0,579264,26346,86187,21769,0.24404386972470266,0.4524368699989608
32653,0.7892597402597403,0,1,0,579265,26345,86187,21769,0.2440346066916151,0.45244627343392774
32654,0.7892857142857143,2,2,2,579267,26343,86189,21767,0.24401608062544,0.45244231968405735
32655,0.7893214285714285,2,1,2,579268,26342,86191,21765,0.24400681759235243,0.45242896044234726
32656,0.7893333333333332,3,1,3,579269,26341,86194,21762,0.2439975545592649,0.45240421595326696
32657,0.7893333333333333,6,7,6,579276,26334,86200,21756,0.243932713327652,0.4524017467248908
32658,0.7893333333333336,2,0,2,579276,26334,86202,21754,0.243932713327652,0.45237897188487775
32659,0.7893809523809523,0,1,0,579277,26333,86202,21754,0.24392345029456444,0.45238837939567866
32660,0.7894047619047619,1,0,1,579277,26333,86203,21753,0.24392345029456444,0.4523769912240569
32661,0.7894206349206349,0,2,0,579279,26331,86203,21753,0.24390492422838933,0.45239580733715995
32662,0.7894285714285714,0,1,0,579280,26330,86203,21753,0.2438956611953018,0.45240521598070005
32663,0.789468253968254,0,1,0,579281,26329,86203,21753,0.24388639816221425,0.45241462501559837
32664,0.7894999999999999,1,1,1,579282,26328,86204,21752,0.24387713512912668,0.45241264559068217
32665,0.7895,3,1,3,579283,26327,86207,21749,0.24386787209603913,0.45238788584740824
32666,0.7895454545454544,0,1,0,579284,26326,86207,21749,0.24385860906295156,0.4523972958918357
32667,0.7895555555555553,2,1,2,579285,26325,86209,21747,0.24384934602986402,0.45238392411382927
32668,0.7895833333333334,1,0,1,579285,26325,86210,21746,0.24384934602986402,0.45237253229597885
32669,0.7896212121212122,0,1,0,579286,26324,86210,21746,0.24384008299677645,0.45238194299979195
32670,0.7896666666666665,1,0,1,579286,26324,86211,21745,0.24384008299677645,0.45237055066674986
32671,0.7896666666666667,3,6,3,579292,26318,86214,21742,0.24378450479825114,0.4523928422804827
32672,0.7896825396825397,0,4,0,579296,26314,86214,21742,0.24374745266590092,0.45243049775262195
32673,0.7897142857142857,0,1,0,579297,26313,86214,21742,0.24373818963281338,0.45243991260014566
32674,0.7897857142857143,0,1,0,579298,26312,86214,21742,0.2437289265997258,0.45244932783951386
32675,0.7898247863247865,0,2,0,579300,26310,86214,21742,0.2437104005335507,0.45246815949388164
32676,0.7898333333333332,1,2,1,579302,26308,86215,21741,0.24369187446737559,0.452475597827218
32677,0.7898333333333334,0,2,0,579304,26306,86215,21741,0.2436733484012005,0.45249443253480964
32678,0.7898333333333335,0,2,0,579306,26304,86215,21741,0.2436548223350254,0.45251326881049014
32679,0.7898879551820728,1,1,1,579307,26303,86216,21740,0.24364555930193782,0.45251129196761236
32680,0.7899285714285716,0,1,0,579308,26302,86216,21740,0.24363629626885028,0.4525207110445027
32681,0.7899642857142858,0,1,0,579309,26301,86216,21740,0.2436270332357627,0.4525301305135197
32682,0.7899999999999998,1,8,1,579317,26293,86217,21739,0.2435529289710623,0.45259410393071287
32683,0.79,760,1015,760,580332,25278,86977,20979,0.23415095038719477,0.45353135741617484
32684,0.7900000000000001,0,2,0,580334,25276,86977,20979,0.23413242432101966,0.45355096746297696
32685,0.790095238095238,0,1,0,580335,25275,86977,20979,0.23412316128793212,0.45356077312232457
32686,0.7901190476190476,1,0,1,580335,25275,86978,20978,0.23412316128793212,0.4535489589864441
32687,0.7901230158730159,0,1,0,580336,25274,86978,20978,0.23411389825484458,0.45355876502637726
32688,0.7901666666666665,0,2,0,580338,25272,86978,20978,0.23409537218866946,0.4535783783783784
32689,0.7901666666666667,2,3,2,580341,25269,86980,20976,0.23406758308940678,0.45358417126175804
32690,0.7901666666666668,0,2,0,580343,25267,86980,20976,0.2340490570232317,0.4536037886815302
32691,0.7901987179487179,0,2,0,580345,25265,86980,20976,0.2340305309570566,0.45362340779827426
32692,0.7902380952380951,1,1,1,580346,25264,86981,20975,0.23402126792396902,0.45362140184692573
32693,0.7902380952380953,1,1,1,580347,25263,86982,20974,0.23401200489088148,0.4536193957220408
32694,0.7902619047619045,1,0,1,580347,25263,86983,20973,0.23401200489088148,0.45360757851025174
32695,0.7902777777777779,0,1,0,580348,25262,86983,20973,0.2340027418577939,0.45361738942359686
32696,0.7902857142857143,0,1,0,580349,25261,86983,20973,0.23399347882470636,0.45362720076134444
32697,0.7903095238095239,1,0,1,580349,25261,86984,20972,0.23399347882470636,0.4536153829515714
32698,0.7903333333333332,0,1,0,580350,25260,86984,20972,0.23398421579161882,0.45362519467035817
32699,0.7903333333333333,3,1,3,580351,25259,86987,20969,0.23397495275853125,0.453599550056243
32700,0.7904126984126983,0,2,0,580353,25257,86987,20969,0.23395642669235614,0.4536191753558603
32701,0.7904166666666665,1,1,1,580354,25256,86988,20968,0.2339471636592686,0.4536171685704396
32702,0.7904761904761906,2,2,2,580356,25254,86990,20966,0.23392863759309349,0.4536131544785807
32703,0.7905,3,4,3,580360,25250,86993,20963,0.23389158546074326,0.4536169476121438
32704,0.7905000000000001,0,1,0,580361,25249,86993,20963,0.23388232242765572,0.45362676361118326
32705,0.7905357142857143,0,2,0,580363,25247,86993,20963,0.2338637963614806,0.4536463968837914
32706,0.7905952380952381,0,1,0,580364,25246,86993,20963,0.23385453332839304,0.45365621415741525
32707,0.7906666666666665,0,1,0,580365,25245,86993,20963,0.2338452702953055,0.45366603185595566
32708,0.7906666666666666,7,8,7,580373,25237,87000,20956,0.23377116603060505,0.4536618102309874
32709,0.7906666666666667,0,7,0,580380,25230,87000,20956,0.23370632479899217,0.4537305677044992
32710,0.7906969696969697,0,1,0,580381,25229,87000,20956,0.23369706176590463,0.4537403919021327
32711,0.7906999111999111,0,2,0,580383,25227,87000,20956,0.23367853569972952,0.4537600415737393
32712,0.7907142857142856,0,1,0,580384,25226,87000,20956,0.23366927266664198,0.4537698670477675
32713,0.7907142857142857,0,4,0,580388,25222,87000,20956,0.23363222053429175,0.453809173199359
32714,0.7907619047619049,0,1,0,580389,25221,87000,20956,0.23362295750120418,0.4538190008012647
32715,0.7907857142857142,0,1,0,580390,25220,87000,20956,0.23361369446811664,0.45382882882882886
32716,0.7908333333333332,0,1,0,580391,25219,87000,20956,0.2336044314350291,0.45383865728207906
32717,0.7908333333333333,9,8,9,580399,25211,87009,20947,0.23353032717032865,0.45381082369253434
32718,0.7908333333333334,9,10,9,580409,25201,87018,20938,0.23343769683945312,0.4538026398491515
32719,0.7908809523809527,1,0,1,580409,25201,87019,20937,0.23343769683945312,0.4537908015085179
32720,0.7909523809523811,0,1,0,580410,25200,87019,20937,0.23342843380636555,0.4538006372325899
32721,0.7909761904761905,1,1,1,580411,25199,87020,20936,0.233419170773278,0.4537986344423973
32722,0.7909999999999999,9,9,9,580420,25190,87029,20927,0.23333580347549002,0.45378060151354166
32723,0.791,1,3,1,580423,25187,87030,20926,0.23330801437622736,0.4537982781428231
32724,0.7910164835164835,0,1,0,580424,25186,87030,20926,0.2332987513431398,0.45380811936155446
32725,0.7910198412698413,0,4,0,580428,25182,87030,20926,0.23326169921078957,0.45384748850524853
32726,0.7910447330447329,0,1,0,580429,25181,87030,20926,0.23325243617770203,0.453857331858503
32727,0.791047619047619,0,3,0,580432,25178,87030,20926,0.23322464707843937,0.4538868644803054
32728,0.7910476190476191,0,1,0,580433,25177,87030,20926,0.2332153840453518,0.45389670954167843
32729,0.7910714285714286,0,1,0,580434,25176,87030,20926,0.23320612101226426,0.45390655503015054
32730,0.7911190476190475,0,1,0,580435,25175,87030,20926,0.2331968579791767,0.45391640094574953
32731,0.7911428571428571,1,1,1,580436,25174,87031,20925,0.23318759494608915,0.4539144016139179
32732,0.7911666666666666,3,1,3,580437,25173,87034,20922,0.23317833191300158,0.4538887081028311
32733,0.7911984126984127,0,2,0,580439,25171,87034,20922,0.2331598058468265,0.4539084025773979
32734,0.7912142857142858,1,0,1,580439,25171,87035,20921,0.2331598058468265,0.45389655471665363
32735,0.7912380952380951,1,0,1,580439,25171,87036,20920,0.2331598058468265,0.4538847063418021
32736,0.79125,0,1,0,580440,25170,87036,20920,0.23315054281373893,0.4538945541332176
32737,0.7912619047619048,1,0,1,580440,25170,87037,20919,0.23315054281373893,0.45388270520080715
32738,0.7912857142857144,0,1,0,580441,25169,87037,20919,0.23314127978065138,0.45389255337615
32739,0.7913095238095238,0,2,0,580443,25167,87037,20919,0.23312275371447627,0.4539122510089832
32740,0.7913293650793649,0,1,0,580444,25166,87037,20919,0.2331134906813887,0.45392210046652925
32741,0.7913333333333332,3,6,3,580450,25160,87040,20916,0.2330579124828634,0.45394565500477474
32742,0.7914047619047619,1,0,1,580450,25160,87041,20915,0.2330579124828634,0.45393380358111773
32743,0.7914113109113109,0,1,0,580451,25159,87041,20915,0.23304864944977582,0.45394365585796764
32744,0.7914166666666667,0,1,0,580452,25158,87041,20915,0.23303938641668828,0.45395350856249866
32745,0.7914285714285714,0,1,0,580453,25157,87041,20915,0.2330301233836007,0.45396336169473867
32746,0.7914761904761906,0,1,0,580454,25156,87041,20915,0.23302086035051317,0.45397321525471557
32747,0.7914999999999999,0,1,0,580455,25155,87041,20915,0.23301159731742563,0.4539830692424571
32748,0.7915000000000001,3,3,3,580458,25152,87044,20912,0.23298380821816295,0.45397707537339355
32749,0.7915238095238095,0,1,0,580459,25151,87044,20912,0.2329745451850754,0.45398693094240494
32750,0.7915476190476189,0,1,0,580460,25150,87044,20912,0.23296528215198783,0.45399678693934264
32751,0.7915822510822511,0,1,0,580461,25149,87044,20912,0.2329560191189003,0.4540066433642344
32752,0.791595238095238,0,1,0,580462,25148,87044,20912,0.23294675608581275,0.4540165002171081
32753,0.7916085858585857,0,3,0,580465,25145,87044,20912,0.23291896698655007,0.45404607334389996
32754,0.7916428571428571,0,1,0,580466,25144,87044,20912,0.23290970395346253,0.45405593190898036
32755,0.7916666666666665,26,37,26,580503,25107,87070,20886,0.23256697172922303,0.454112582349488
32756,0.7916666666666667,20,37,20,580540,25070,87090,20866,0.2322242395049835,0.45424068268895856
32757,0.7917380952380952,0,1,0,580541,25069,87090,20866,0.23221497647189596,0.4542505714596713
32758,0.7917857142857142,0,2,0,580543,25067,87090,20866,0.23219645040572084,0.4542703502928178
32759,0.7918333333333333,0,1,0,580544,25066,87090,20866,0.2321871873726333,0.45428024035530784
32760,0.7918333333333334,0,4,0,580548,25062,87090,20866,0.23215013524028308,0.4543198049120362
32761,0.7918434343434342,1,0,1,580548,25062,87091,20865,0.23215013524028308,0.4543079234437259
32762,0.7918571428571429,1,0,1,580548,25062,87092,20864,0.23215013524028308,0.4542960414579976
32763,0.7918690476190475,1,0,1,580548,25062,87093,20863,0.23215013524028308,0.45428415895481766
32764,0.7919047619047619,0,1,0,580549,25061,87093,20863,0.23214087220719554,0.4542940510408501
32765,0.7919166666666666,2,0,2,580549,25061,87095,20861,0.23214087220719554,0.45427028439527894
32766,0.7919523809523811,1,0,1,580549,25061,87096,20860,0.23214087220719554,0.4542584002961608
32767,0.7919999999999999,0,2,0,580551,25059,87096,20860,0.23212234614102042,0.4542781855005553
32768,0.792,8,20,8,580571,25039,87104,20852,0.23193708547926933,0.4543810333180798
32769,0.7920000000000001,0,1,0,580572,25038,87104,20852,0.23192782244618176,0.45439093484419263
32770,0.7920357142857141,0,1,0,580573,25037,87104,20852,0.23191855941309422,0.45440083680184795
32771,0.7920476190476191,0,2,0,580575,25035,87104,20852,0.2319000333469191,0.4544206420118988
32772,0.7920714285714285,0,2,0,580577,25033,87104,20852,0.231881507280744,0.4544404489484581
32773,0.7920833333333333,1,1,1,580578,25032,87105,20851,0.23187224424765646,0.454438463047316
32774,0.7920833333333336,0,1,0,580579,25031,87105,20851,0.2318629812145689,0.4544483675515453
32775,0.7921666666666666,2,2,2,580581,25029,87107,20849,0.2318444551483938,0.45444439600680064
32776,0.7921666666666667,1,3,1,580584,25026,87108,20848,0.23181666604913112,0.45446222260975716
32777,0.7921666666666668,0,1,0,580585,25025,87108,20848,0.23180740301604358,0.45447212957513133
32778,0.7922738095238097,0,1,0,580586,25024,87108,20848,0.231798139982956,0.45448203697244505
32779,0.7923333333333332,2,4,2,580590,25020,87110,20846,0.2317610878506058,0.4544978851436794
32780,0.7923333333333333,0,8,0,580598,25012,87110,20846,0.23168698358590537,0.45457717301234246
32781,0.7923809523809524,1,1,1,580599,25011,87111,20845,0.23167772055281782,0.4545751919050942
32782,0.7924444444444444,0,1,0,580600,25010,87111,20845,0.23166845751973025,0.4545851052229855
32783,0.7924523809523809,1,1,1,580601,25009,87112,20844,0.2316591944866427,0.4545831243321048
32784,0.7924642857142855,0,1,0,580602,25008,87112,20844,0.23164993145355514,0.4545930384716043
32785,0.7924642857142856,2,3,2,580605,25005,87114,20842,0.2316221423542925,0.4545989923004777
32786,0.7924999999999999,1,2,1,580607,25003,87115,20841,0.23160361628811738,0.4546069278422476
32787,0.7925,41,93,41,580700,24910,87156,20800,0.23074215421097485,0.4550426602493984
32788,0.7925476190476191,0,1,0,580701,24909,87156,20800,0.23073289117788728,0.45505261545866243
32789,0.7926190476190474,0,2,0,580703,24907,87156,20800,0.23071436511171217,0.45507252718401997
32790,0.7926190476190476,0,2,0,580705,24905,87156,20800,0.23069583904553706,0.45509244065200744
32791,0.7926547619047619,1,2,1,580707,24903,87157,20799,0.23067731297936198,0.4551004332414336
32792,0.7926666666666665,0,2,0,580709,24901,87157,20799,0.23065878691318686,0.4551203501094092
32793,0.7926666666666666,7,14,7,580723,24887,87164,20792,0.2305291044499611,0.4551763392368484
32794,0.7926666666666669,1,2,1,580725,24885,87165,20791,0.230510578383786,0.4551843418863298
32795,0.7926865079365077,0,3,0,580728,24882,87165,20791,0.23048278928452332,0.45521424036082586
32796,0.7927777777777777,0,2,0,580730,24880,87165,20791,0.2304642632183482,0.45523417485931994
32797,0.7927857142857142,0,1,0,580731,24879,87165,20791,0.23045500018526066,0.45524414276330194
32798,0.7928095238095239,1,1,1,580732,24878,87166,20790,0.23044573715217312,0.4552421827099939
32799,0.7928333333333333,1,0,1,580732,24878,87167,20789,0.23044573715217312,0.4552302537937679
32800,0.7928333333333336,0,1,0,580733,24877,87167,20789,0.23043647411908555,0.4552402224849998
32801,0.7928571428571428,2,2,2,580735,24875,87169,20787,0.23041794805291044,0.45523630151986333
32802,0.7929166666666667,0,1,0,580736,24874,87169,20787,0.2304086850198229,0.45524627143514157
32803,0.7929761904761905,0,1,0,580737,24873,87169,20787,0.23039942198673533,0.4552562417871222
32804,0.7929999999999998,0,1,0,580738,24872,87169,20787,0.23039015895364778,0.4552662125758339
32805,0.7929999999999999,5,11,5,580749,24861,87174,20782,0.23028826558968468,0.4553162587910523
32806,0.7930238095238096,0,1,0,580750,24860,87174,20782,0.23027900255659714,0.45532623460847466
32807,0.7930476190476192,0,1,0,580751,24859,87174,20782,0.23026973952350957,0.4553362108630398
32808,0.7930833333333331,1,1,1,580752,24858,87175,20781,0.23026047649042203,0.4553342535988957
32809,0.7930873015873016,0,1,0,580753,24857,87175,20781,0.23025121345733446,0.4553442306849555
32810,0.7930952380952381,1,1,1,580754,24856,87176,20780,0.23024195042424692,0.4553422736436147
32811,0.7931111111111112,1,1,1,580755,24855,87177,20779,0.23023268739115937,0.4553403164307315
32812,0.7931150793650792,0,1,0,580756,24854,87177,20779,0.2302234243580718,0.4553502947428396
32813,0.7931666666666668,0,1,0,580757,24853,87177,20779,0.23021416132498426,0.45536027349228614
32814,0.7931666666666669,0,1,0,580758,24852,87177,20779,0.2302048982918967,0.45537025267909975
32815,0.7931944444444443,1,1,1,580759,24851,87178,20778,0.23019563525880915,0.455368296478117
32816,0.7932683982683981,0,1,0,580760,24850,87178,20778,0.23018637222572158,0.4553782764968879
32817,0.7933333333333331,0,1,0,580761,24849,87178,20778,0.23017710919263404,0.45538825695311985
32818,0.7933333333333333,45,56,45,580817,24793,87223,20733,0.229658379339731,0.45541009533014104
32819,0.7933333333333334,41,68,41,580885,24725,87264,20692,0.22902849308977732,0.45560032586916793
32820,0.793357142857143,2,0,2,580885,24725,87266,20690,0.22902849308977732,0.4555763514257404
32821,0.7934404761904763,0,2,0,580887,24723,87266,20690,0.2290099670236022,0.4555964151234228
32822,0.7935,3,2,3,580889,24721,87269,20687,0.2289914409574271,0.45558051444679354
32823,0.7935000000000001,0,3,0,580892,24718,87269,20687,0.22896365185816445,0.4556106155709724
32824,0.7935238095238094,0,1,0,580893,24717,87269,20687,0.22895438882507688,0.45562065016298126
32825,0.7935476190476191,0,1,0,580894,24716,87269,20687,0.22894512579198933,0.45563068519701344
32826,0.7935714285714286,0,1,0,580895,24715,87269,20687,0.22893586275890176,0.4556407206730981
32827,0.7935833333333335,1,1,1,580896,24714,87270,20686,0.22892659972581422,0.45563876651982377
32828,0.7936666666666666,1,5,1,580901,24709,87271,20685,0.22888028456037646,0.4556769617130017
32829,0.7936666666666667,3,6,3,580907,24703,87274,20682,0.22882470636185112,0.45570122287099263
32830,0.7937222222222223,1,0,1,580907,24703,87275,20681,0.22882470636185112,0.4556892296844703
32831,0.79375,0,1,0,580908,24702,87275,20681,0.22881544332876358,0.45569927065200627
32832,0.7937857142857141,0,2,0,580910,24700,87275,20681,0.22879691726258847,0.45571935391463386
32833,0.7937857142857143,0,1,0,580911,24699,87275,20681,0.2287876542295009,0.45572939620978403
32834,0.7938095238095236,0,1,0,580912,24698,87275,20681,0.22877839119641336,0.4557394389475308
32835,0.7938095238095237,0,1,0,580913,24697,87275,20681,0.22876912816332579,0.4557494821279034
32836,0.793809523809524,0,1,0,580914,24696,87275,20681,0.22875986513023824,0.4557595257509311
32837,0.7938333333333333,3,1,3,580915,24695,87278,20678,0.2287506020971507,0.45573358605337977
32838,0.7938333333333334,2,3,2,580918,24692,87280,20676,0.22872281299788802,0.4557397284429554
32839,0.7938809523809524,0,2,0,580920,24690,87280,20676,0.2287042869317129,0.45575982012961247
32840,0.7939761904761903,0,1,0,580921,24689,87280,20676,0.22869502389862537,0.4557698666372754
32841,0.7939999999999999,0,2,0,580923,24687,87280,20676,0.22867649783245025,0.45578996098141655
32842,0.794,15,26,15,580949,24661,87295,20661,0.22843565897217386,0.4558713207713693
32843,0.7940357142857144,0,1,0,580950,24660,87295,20661,0.22842639593908629,0.45588137949295027
32844,0.7940436507936509,0,1,0,580951,24659,87295,20661,0.22841713290599874,0.45589143865842896
32845,0.794047619047619,0,1,0,580952,24658,87295,20661,0.22840786987291117,0.45590149826783466
32846,0.7940714285714285,0,1,0,580953,24657,87295,20661,0.22839860683982363,0.4559115583211969
32847,0.7940833333333334,1,0,1,580953,24657,87296,20660,0.22839860683982363,0.4558995520444866
32848,0.7940952380952381,0,1,0,580954,24656,87296,20660,0.2283893438067361,0.4559096124988966
32849,0.7941111111111111,0,1,0,580955,24655,87296,20660,0.22838008077364852,0.4559196733973298
32850,0.7941190476190476,0,1,0,580956,24654,87296,20660,0.22837081774056098,0.4559297347398155
32851,0.7941666666666666,6,18,6,580974,24636,87302,20654,0.228204083144985,0.45603886067564586
32852,0.7941666666666667,8,16,8,580990,24620,87310,20646,0.22805587461558413,0.4561039190562453
32853,0.7941666666666669,1,0,1,580990,24620,87311,20645,0.22805587461558413,0.4560919032364962
32854,0.7941825396825395,0,1,0,580991,24619,87311,20645,0.22804661158249656,0.45610197949805587
32855,0.7942142857142857,1,0,1,580991,24619,87312,20644,0.22804661158249656,0.45608996310452243
32856,0.7942222222222222,0,1,0,580992,24618,87312,20644,0.22803734854940902,0.4561000397684592
32857,0.7942380952380952,1,0,1,580992,24618,87313,20643,0.22803734854940902,0.456088022801087
32858,0.7942857142857143,1,3,1,580995,24615,87314,20642,0.22800955945014637,0.45610623770908365
32859,0.7943333333333332,1,0,1,580995,24615,87315,20641,0.22800955945014637,0.45609421955099877
32860,0.7943333333333333,5,13,5,581008,24602,87320,20636,0.22788914002000815,0.45616517087404396
32861,0.7943787878787877,0,2,0,581010,24600,87320,20636,0.22787061395383304,0.456185339110443
32862,0.7944166666666668,0,2,0,581012,24598,87320,20636,0.22785208788765793,0.4562055091303002
32863,0.7944444444444444,0,1,0,581013,24597,87320,20636,0.22784282485457039,0.45621559480909957
32864,0.7944999999999999,0,2,0,581015,24595,87320,20636,0.22782429878839527,0.45623576750458755
32865,0.7945,3,9,3,581024,24586,87323,20633,0.22774093149060728,0.45629049735730554
32866,0.7945238095238095,1,0,1,581024,24586,87324,20632,0.22774093149060728,0.45627847317439957
32867,0.7945238095238096,3,1,3,581025,24585,87327,20629,0.22773166845751974,0.4562524881673818
32868,0.7945714285714286,1,0,1,581025,24585,87328,20628,0.22773166845751974,0.45624046181408
32869,0.7946190476190477,0,1,0,581026,24584,87328,20628,0.22772240542443217,0.4562505529505441
32870,0.7946428571428572,1,0,1,581026,24584,87329,20627,0.22772240542443217,0.45623852602242815
32871,0.7946666666666665,0,3,0,581029,24581,87329,20627,0.22769461632516952,0.4562688019819501
32872,0.7946666666666666,2,5,2,581034,24576,87331,20625,0.22764830115973175,0.45629521470763923
32873,0.7947142857142855,0,1,0,581035,24575,87331,20625,0.22763903812664418,0.4563053097345133
32874,0.7947142857142857,0,1,0,581036,24574,87331,20625,0.22762977509355664,0.45631540520807984
32875,0.7947261904761905,0,1,0,581037,24573,87331,20625,0.22762051206046907,0.4563255011283685
32876,0.7948333333333332,0,1,0,581038,24572,87331,20625,0.22761124902738153,0.456335597495409
32877,0.7948333333333334,2,5,2,581043,24567,87333,20623,0.22756493386194376,0.45636202699712325
32878,0.7948968253968255,0,4,0,581047,24563,87333,20623,0.22752788172959354,0.4564024255300314
32879,0.7949642857142857,1,0,1,581047,24563,87334,20622,0.22752788172959354,0.45639039504260265
32880,0.7949761904761905,1,0,1,581047,24563,87335,20621,0.22752788172959354,0.4563783640226629
32881,0.7949999999999998,1,4,1,581051,24559,87336,20620,0.22749082959724332,0.45640673764359546
32882,0.795,148,284,148,581335,24275,87484,20472,0.22486012820037793,0.4575055310970568
32883,0.7950833333333333,0,1,0,581336,24274,87484,20472,0.2248508651672904,0.4575157555982658
32884,0.7950833333333334,2,0,2,581336,24274,87486,20470,0.2248508651672904,0.45749150724119436
32885,0.7951111111111112,0,1,0,581337,24273,87486,20470,0.22484160213420282,0.4575017321145207
32886,0.7951190476190475,1,0,1,581337,24273,87487,20469,0.22484160213420282,0.45748960708059544
32887,0.7951190476190476,0,2,0,581339,24271,87487,20469,0.2248230760680277,0.45751005811354495
32888,0.7951666666666665,0,1,0,581340,24270,87487,20469,0.22481381303494016,0.4575202843156977
32889,0.7951666666666667,5,5,5,581345,24265,87492,20464,0.2247674978695024,0.45751078718504773
32890,0.7951666666666668,1,0,1,581345,24265,87493,20463,0.2247674978695024,0.45749865855839744
32891,0.7952380952380952,1,3,1,581348,24262,87494,20462,0.22473970877023972,0.45751721670691353
32892,0.79525,1,0,1,581348,24262,87495,20461,0.22473970877023972,0.45750508686805447
32893,0.7952857142857143,0,1,0,581349,24261,87495,20461,0.22473044573715217,0.4575153168462949
32894,0.7952857142857144,0,2,0,581351,24259,87495,20461,0.22471191967097706,0.45753577817531305
32895,0.7953095238095237,0,1,0,581352,24258,87495,20461,0.22470265663788952,0.4575460095261522
32896,0.7953095238095238,1,0,1,581352,24258,87496,20460,0.22470265663788952,0.45753387897490944
32897,0.7953333333333333,2,6,2,581358,24252,87498,20458,0.22464707843936418,0.457571013196153
32898,0.7953333333333334,0,1,0,581359,24251,87498,20458,0.22463781540627664,0.457581247623521
32899,0.7953571428571429,1,1,1,581360,24250,87499,20457,0.22462855237318907,0.45757934998993444
32900,0.7954761904761903,0,1,0,581361,24249,87499,20457,0.22461928934010153,0.45758958529056504
32901,0.7955,3,6,3,581367,24243,87502,20454,0.2245637111415762,0.4576146050070474
32902,0.7955238095238094,1,1,1,581368,24242,87503,20453,0.22455444810848865,0.4576127083566394
32903,0.795547619047619,0,1,0,581369,24241,87503,20453,0.22454518507540108,0.45762294715174295
32904,0.7955555555555556,0,1,0,581370,24240,87503,20453,0.22453592204231354,0.45763318640502987
32905,0.7955833333333331,1,0,1,581370,24240,87504,20452,0.22453592204231354,0.45762105074733733
32906,0.7955952380952381,0,1,0,581371,24239,87504,20452,0.22452665900922597,0.4576312904164149
32907,0.7956547619047619,0,1,0,581372,24238,87504,20452,0.22451739597613843,0.4576415305437458
32908,0.7956666666666666,5,9,5,581381,24229,87509,20447,0.22443402867835044,0.4576730235473185
32909,0.7956666666666667,1,0,1,581381,24229,87510,20446,0.22443402867835044,0.45766088416340234
32910,0.7956904761904761,0,1,0,581382,24228,87510,20446,0.2244247656452629,0.4576711286206742
32911,0.7957142857142856,0,1,0,581383,24227,87510,20446,0.22441550261217533,0.4576813735365881
32912,0.7957142857142857,0,3,0,581386,24224,87510,20446,0.22438771351291267,0.4577121110364898
32913,0.7957222222222222,0,1,0,581387,24223,87510,20446,0.2243784504798251,0.45772235778727977
32914,0.7958333333333333,10,16,10,581403,24207,87520,20436,0.22423024195042424,0.4577649351522075
32915,0.7958333333333334,8,15,8,581418,24192,87528,20428,0.22409129645411094,0.4578216046615867
32916,0.7958690476190476,1,0,1,581418,24192,87529,20427,0.22409129645411094,0.45780945337188195
32917,0.7959523809523809,1,0,1,581418,24192,87530,20426,0.22409129645411094,0.4577973015374961
32918,0.7959999999999999,19,30,19,581448,24162,87549,20407,0.22381340546148432,0.45787430725392086
32919,0.796,1,2,1,581450,24160,87550,20406,0.2237948793953092,0.4578826908405511
32920,0.7960000000000003,0,1,0,581451,24159,87550,20406,0.22378561636222163,0.4578929653315382
32921,0.796017316017316,0,1,0,581452,24158,87550,20406,0.2237763533291341,0.457903240283637
32922,0.7960782828282827,0,2,0,581454,24156,87550,20406,0.22375782726295898,0.4579237915712939
32923,0.7960833333333333,0,1,0,581455,24155,87550,20406,0.22374856422987144,0.4579340679069141
32924,0.796111111111111,1,0,1,581455,24155,87551,20405,0.22374856422987144,0.45792190305206465
32925,0.796142857142857,0,1,0,581456,24154,87551,20405,0.22373930119678387,0.4579321798065486
32926,0.7961428571428572,0,1,0,581457,24153,87551,20405,0.22373003816369633,0.457942457022308
32927,0.7961666666666665,1,1,1,581458,24152,87552,20404,0.22372077513060876,0.4579405691713798
32928,0.7961666666666667,0,2,0,581460,24150,87552,20404,0.22370224906443364,0.4579611258248418
32929,0.7961904761904762,2,2,2,581462,24148,87554,20402,0.22368372299825856,0.4579573512906846
32930,0.7962142857142858,0,1,0,581463,24147,87554,20402,0.223674459965171,0.457967631147725
32931,0.7962222222222222,0,1,0,581464,24146,87554,20402,0.22366519693208345,0.4579779114662836
32932,0.79625,3,1,3,581465,24145,87557,20399,0.22365593389899588,0.45795168821839083
32933,0.7962857142857144,0,1,0,581466,24144,87557,20399,0.22364667086590834,0.45796196933300404
32934,0.7963333333333332,1,7,1,581473,24137,87558,20398,0.22358182963429546,0.45802178062198273
32935,0.7963333333333334,0,4,0,581477,24133,87558,20398,0.22354477750194524,0.45806292245851205
32936,0.7963650793650793,0,2,0,581479,24131,87558,20398,0.22352625143577012,0.45808349614857735
32937,0.7963690476190477,0,1,0,581480,24130,87558,20398,0.22351698840268258,0.4580937836866691
32938,0.7964880952380953,0,1,0,581481,24129,87558,20398,0.223507725369595,0.4581040716868417
32939,0.7964999999999999,3,3,3,581484,24126,87561,20395,0.22347993627033236,0.45809842546214147
32940,0.7965000000000001,1,8,1,581492,24118,87562,20394,0.2234058320056319,0.4581685837526959
32941,0.7965238095238095,2,1,2,581493,24117,87564,20392,0.22339656897254437,0.45815453054438426
32942,0.796547619047619,0,2,0,581495,24115,87564,20392,0.22337804290636926,0.45817511852068216
32943,0.7965833333333334,0,1,0,581496,24114,87564,20392,0.22336877987328171,0.4581854132027142
32944,0.796595238095238,0,1,0,581497,24113,87564,20392,0.22335951684019414,0.4581957083473767
32945,0.7965952380952381,0,1,0,581498,24112,87564,20392,0.2233502538071066,0.4582060039547007
32946,0.7966190476190477,0,2,0,581500,24110,87564,20392,0.2233317277409315,0.45822659655745807
32947,0.7966666666666665,45,96,45,581596,24014,87609,20347,0.2224424765645263,0.4586686503911093
32948,0.7966666666666667,37,78,37,581674,23936,87646,20310,0.22171995998369706,0.4590245445916015
32949,0.7967142857142856,1,0,1,581674,23936,87647,20309,0.22171995998369706,0.45901231777601986
32950,0.79675,1,0,1,581674,23936,87648,20308,0.22171995998369706,0.4590000904077389
32951,0.7967857142857143,0,1,0,581675,23935,87648,20308,0.22171069695060952,0.4590104649323057
32952,0.7968095238095236,0,1,0,581676,23934,87648,20308,0.22170143391752195,0.4590208399258623
32953,0.7968253968253967,0,1,0,581677,23933,87648,20308,0.2216921708844344,0.4590312153884406
32954,0.7968333333333333,2,4,2,581681,23929,87650,20306,0.22165511875208418,0.45904826494857015
32955,0.7968333333333334,1,4,1,581685,23925,87651,20305,0.22161806661973396,0.45907754917476823
32956,0.7969999999999999,1,1,1,581686,23924,87652,20304,0.22160880358664642,0.45907569865243736
32957,0.797,8,10,8,581696,23914,87660,20296,0.22151617325577086,0.45908165573399684
32958,0.7970238095238095,0,1,0,581697,23913,87660,20296,0.22150691022268332,0.4590920400823362
32959,0.7970833333333335,0,2,0,581699,23911,87660,20296,0.2214883841565082,0.4591128101884317
32960,0.7970887445887445,1,0,1,581699,23911,87661,20295,0.2214883841565082,0.45910057458263587
32961,0.7971111111111111,0,1,0,581700,23910,87661,20295,0.22147912112342066,0.45911096029860876
32962,0.7971428571428573,0,8,0,581708,23902,87661,20295,0.22140501685872022,0.4591940629454488
32963,0.797162698412698,0,3,0,581711,23899,87661,20295,0.22137722775945756,0.4592252341946871
32964,0.7971666666666666,0,3,0,581714,23896,87661,20295,0.22134943866019488,0.4592564096761784
32965,0.7971666666666667,0,2,0,581716,23894,87661,20295,0.2213309125940198,0.45927719568218334
32966,0.7972261904761906,1,0,1,581716,23894,87662,20294,0.2213309125940198,0.45926495881234725
32967,0.7972857142857143,0,2,0,581718,23892,87662,20294,0.22131238652784468,0.4592857466165754
32968,0.797333333333333,1,2,1,581720,23890,87663,20293,0.22129386046166957,0.45929429871217436
32969,0.7973333333333332,0,2,0,581722,23888,87663,20293,0.22127533439549446,0.45931509019714356
32970,0.7973333333333333,3,8,3,581730,23880,87666,20290,0.22120123013079404,0.45936155761829295
32971,0.797357142857143,0,1,0,581731,23879,87666,20290,0.22119196709770647,0.4593719577078947
32972,0.7973690476190477,0,1,0,581732,23878,87666,20290,0.22118270406461893,0.45938235826842966
32973,0.7973809523809523,1,1,1,581733,23877,87667,20289,0.22117344103153136,0.45938051895122944
32974,0.7973809523809524,0,2,0,581735,23875,87667,20289,0.22115491496535625,0.45940132234399056
32975,0.7974484126984126,0,1,0,581736,23874,87667,20289,0.2211456519322687,0.4594117247469601
32976,0.7974642857142856,0,1,0,581737,23873,87667,20289,0.22113638889918114,0.45942212762103163
32977,0.797464285714286,1,0,1,581737,23873,87668,20288,0.22113638889918114,0.45940988655148207
32978,0.7975,47,62,47,581799,23811,87715,20241,0.22056208084775278,0.45947970580223374
32979,0.7975000000000001,0,3,0,581802,23808,87715,20241,0.22053429174849012,0.45951099911462234
32980,0.7975476190476191,0,1,0,581803,23807,87715,20241,0.22052502871540258,0.45952143116600075
32981,0.7975854145854144,0,1,0,581804,23806,87715,20241,0.220515765682315,0.4595318636910573
32982,0.7976269841269841,0,2,0,581806,23804,87715,20241,0.2204972396161399,0.459552730162334
32983,0.7976666666666665,0,2,0,581808,23802,87715,20241,0.2204787135499648,0.4595735985287106
32984,0.7976666666666666,1,12,1,581820,23790,87716,20240,0.22036755715291415,0.45968657733363616
32985,0.7977301587301586,0,1,0,581821,23789,87716,20240,0.2203582941198266,0.45969701787458267
32986,0.7977619047619048,0,1,0,581822,23788,87716,20240,0.22034903108673903,0.4597074588897974
32987,0.7978095238095237,0,1,0,581823,23787,87716,20240,0.2203397680536515,0.4597179003793127
32988,0.7978116883116881,0,1,0,581824,23786,87716,20240,0.22033050502056392,0.45972834234316085
32989,0.7978333333333333,0,6,0,581830,23780,87716,20240,0.2202749268220386,0.45979100408905044
32990,0.7978531746031744,0,1,0,581831,23779,87716,20240,0.22026566378895104,0.4598014493741339
32991,0.7978571428571428,1,2,1,581833,23777,87717,20239,0.22024713772277593,0.45981006906579425
32992,0.7978650793650794,0,1,0,581834,23776,87717,20239,0.2202378746896884,0.45982051573327276
32993,0.797904761904762,0,1,0,581835,23775,87717,20239,0.22022861165660085,0.4598309628754487
32994,0.7979487179487179,1,0,1,581835,23775,87718,20238,0.22022861165660085,0.45981868993251995
32995,0.7979761904761905,0,2,0,581837,23773,87718,20238,0.22021008559042574,0.4598395855581559
32996,0.7979999999999998,0,1,0,581838,23772,87718,20238,0.22020082255733817,0.45985003408316294
32997,0.7979999999999999,10,27,10,581865,23745,87728,20228,0.21995072066397423,0.46000955131558
32998,0.7980000000000002,1,3,1,581868,23742,87729,20227,0.21992293156471154,0.46002865655348085
32999,0.798047619047619,0,1,0,581869,23741,87729,20227,0.219913668531624,0.46003911935953423
33000,0.7980555555555554,0,1,0,581870,23740,87729,20227,0.21990440549853643,0.4600495826415266
33001,0.7980833333333333,1,0,1,581870,23740,87730,20226,0.21990440549853643,0.46003730155119865
33002,0.7980952380952381,0,1,0,581871,23739,87730,20226,0.2198951424654489,0.4600477652678267
33003,0.7981666666666666,2,5,2,581876,23734,87732,20224,0.21984882730001112,0.46007552663906454
33004,0.7981666666666668,2,1,2,581877,23733,87734,20222,0.21983956426692355,0.4600614264588784
33005,0.7981746031746033,0,1,0,581878,23732,87734,20222,0.219830301233836,0.46007189334304044
33006,0.7982380952380953,0,2,0,581880,23730,87734,20222,0.2198117751676609,0.4600928285402257
33007,0.7982738095238094,0,1,0,581881,23729,87734,20222,0.21980251213457336,0.4601032968533139
33008,0.7983333333333333,25,36,25,581917,23693,87759,20197,0.2194690429434214,0.4601731601731602
33009,0.7983333333333335,17,31,17,581948,23662,87776,20180,0.2191818889177072,0.4602892203822818
33010,0.7984285714285716,1,0,1,581948,23662,87777,20179,0.2191818889177072,0.4602769097420223
33011,0.7984523809523809,1,1,1,581949,23661,87778,20178,0.21917262588461967,0.4602750975159105
33012,0.798452380952381,0,1,0,581950,23660,87778,20178,0.2191633628515321,0.46028559697066473
33013,0.7984682539682537,0,1,0,581951,23659,87778,20178,0.21915409981844455,0.46029609690444145
33014,0.7984761904761903,0,1,0,581952,23658,87778,20178,0.219144836785357,0.46030659731727347
33015,0.7984999999999998,2,0,2,581952,23658,87780,20176,0.219144836785357,0.4602819728977506
33016,0.7985,3,5,3,581957,23653,87783,20173,0.21909852161991922,0.4602975402728974
33017,0.7985000000000001,1,0,1,581957,23653,87784,20172,0.21909852161991922,0.46028522532800914
33018,0.7986666666666667,5,6,5,581963,23647,87789,20167,0.2190429434213939,0.46028666636234994
33019,0.79875,1,1,1,581964,23646,87790,20166,0.21903368038830634,0.4602848534648042
33020,0.7987777777777778,2,0,2,581964,23646,87792,20164,0.21903368038830634,0.4602602145628852
33021,0.7987857142857143,1,0,1,581964,23646,87793,20163,0.21903368038830634,0.46024789426830104
33022,0.7988333333333333,0,1,0,581965,23645,87793,20163,0.2190244173552188,0.46025840029218407
33023,0.7988333333333334,0,2,0,581967,23643,87793,20163,0.21900589128904369,0.4602794137789344
33024,0.7988571428571427,0,1,0,581968,23642,87793,20163,0.21899662825595614,0.46028992124186735
33025,0.7988571428571428,1,2,1,581970,23640,87794,20162,0.21897810218978103,0.4602986165015296
33026,0.7988888888888889,0,2,0,581972,23638,87794,20162,0.21895957612360592,0.46031963470319637
33027,0.7989047619047621,0,1,0,581973,23637,87794,20162,0.21895031309051835,0.4603301445238476
33028,0.7989365079365078,0,2,0,581975,23635,87794,20162,0.21893178702434324,0.4603511656049501
33029,0.7989523809523809,1,0,1,581975,23635,87795,20161,0.21893178702434324,0.460338843730021
33030,0.799,8,7,8,581982,23628,87803,20153,0.21886694579273036,0.4603138347685069
33031,0.799047619047619,1,1,1,581983,23627,87804,20152,0.21885768275964282,0.4603120217455858
33032,0.7990476190476191,0,3,0,581986,23624,87804,20152,0.21882989366038016,0.46034356725146197
33033,0.7990833333333331,3,0,3,581986,23624,87807,20149,0.21882989366038016,0.4603065816827725
33034,0.7990833333333334,0,1,0,581987,23623,87807,20149,0.2188206306272926,0.46031709768801976
33035,0.7991150793650789,1,0,1,581987,23623,87808,20148,0.2188206306272926,0.4603047679970757
33036,0.7991666666666665,1,0,1,581987,23623,87809,20147,0.2188206306272926,0.4602924377427462
33037,0.7991666666666666,8,12,8,581999,23611,87817,20139,0.21870947423024195,0.46032
33038,0.7991666666666667,12,20,12,582019,23591,87829,20127,0.21852421356849086,0.46038245116428017
33039,0.7991984126984127,0,1,0,582020,23590,87829,20127,0.21851495053540332,0.46039298213509616
33040,0.7992023809523809,0,1,0,582021,23589,87829,20127,0.21850568750231575,0.46040351358770243
33041,0.7992857142857143,1,2,1,582023,23587,87830,20126,0.21848716143614064,0.4604122343467618
33042,0.7993095238095236,0,2,0,582025,23585,87830,20126,0.21846863536996555,0.4604333005421976
33043,0.7993095238095238,0,1,0,582026,23584,87830,20126,0.21845937233687798,0.460443834362846
33044,0.7993095238095239,0,1,0,582027,23583,87830,20126,0.21845010930379044,0.4604543686654922
33045,0.7993253968253966,0,4,0,582031,23579,87830,20126,0.21841305717144022,0.4604965106967166
33046,0.7993333333333332,1,1,1,582032,23578,87831,20125,0.21840379413835267,0.46049470288080907
33047,0.7993333333333333,4,12,4,582044,23566,87835,20121,0.218292637741302,0.4605717948131023
33048,0.7993888888888889,0,1,0,582045,23565,87835,20121,0.21828337470821446,0.46058233759099027
33049,0.7994444444444444,0,1,0,582046,23564,87835,20121,0.2182741116751269,0.46059288085155087
33050,0.7994761904761905,1,0,1,582046,23564,87836,20120,0.2182741116751269,0.4605805329182309
33051,0.7994999999999999,1,0,1,582046,23564,87837,20119,0.2182741116751269,0.46056818441956826
33052,0.7995,1,2,1,582048,23562,87838,20118,0.2182555856089518,0.46057692307692305
33053,0.7995238095238095,0,1,0,582049,23561,87838,20118,0.21824632257586424,0.46058746766180547
33054,0.7995714285714284,1,3,1,582052,23558,87839,20117,0.21821853347660158,0.4606067544361763
33055,0.7996428571428572,1,0,1,582052,23558,87840,20116,0.21821853347660158,0.4605944039932225
33056,0.7996666666666665,0,3,0,582055,23555,87840,20116,0.2181907443773389,0.4606260447436514
33057,0.7996666666666666,1,4,1,582059,23551,87841,20115,0.2181536922449887,0.4606558878761508
33058,0.7996904761904763,0,1,0,582060,23550,87841,20115,0.21814442921190114,0.46066643765029197
33059,0.7997222222222223,0,2,0,582062,23548,87841,20115,0.21812590314572602,0.46068753864828343
33060,0.7997261904761905,0,1,0,582063,23547,87841,20115,0.21811664011263848,0.46069808987220007
33061,0.7997435220867879,2,2,2,582065,23545,87843,20113,0.21809811404646337,0.46069448898254617
33062,0.7997619047619047,2,0,2,582065,23545,87845,20111,0.21809811404646337,0.4606697819314642
33063,0.7997857142857144,1,0,1,582065,23545,87846,20110,0.21809811404646337,0.46065742755698086
33064,0.799829365079365,0,2,0,582067,23543,87846,20110,0.21807958798028826,0.46067853297596956
33065,0.7998333333333332,2,1,2,582068,23542,87848,20108,0.21807032494720072,0.4606643757159221
33066,0.7998333333333334,2,3,2,582071,23539,87850,20106,0.21804253584793806,0.4606713254668347
33067,0.7998351370851371,0,1,0,582072,23538,87850,20106,0.2180332728148505,0.4606818806708826
33068,0.7999148629148629,1,1,1,582073,23537,87851,20105,0.21802400978176295,0.460680078823152
33069,0.7999166666666667,0,1,0,582074,23536,87851,20105,0.21801474674867538,0.46069063495336954
33070,0.7999285714285713,0,3,0,582077,23533,87851,20105,0.21798695764941273,0.46072230624684907
33071,0.7999794372294372,1,0,1,582077,23533,87852,20104,0.21798695764941273,0.4607099479799253
33072,0.7999801587301585,0,1,0,582078,23532,87852,20104,0.21797769461632516,0.4607205060042167
33073,0.7999999999999998,1,4,1,582082,23528,87853,20103,0.21794064248397496,0.46075038390135453
33074,0.8,772,1096,772,583178,22432,88625,19331,0.20778835822001557,0.4628738356918804
33075,0.8000000000000002,3,5,3,583183,22427,88628,19328,0.2077420430545778,0.4628906717758352
33076,0.8000476190476189,0,1,0,583184,22426,88628,19328,0.20773278002149023,0.46290175791540933
33077,0.8001666666666667,5,3,5,583187,22423,88633,19323,0.20770499092222758,0.46287069419824656
33078,0.8001666666666668,0,1,0,583188,22422,88633,19323,0.20769572788914,0.4628817822493712
33079,0.8001904761904762,0,1,0,583189,22421,88633,19323,0.20768646485605247,0.4628928708317363
33080,0.8002380952380953,1,0,1,583189,22421,88634,19322,0.20768646485605247,0.462880003832978
33081,0.80025,0,1,0,583190,22420,88634,19322,0.20767720182296492,0.4628910929040295
33082,0.8002857142857144,0,1,0,583191,22419,88634,19322,0.20766793878987735,0.4629021825064086
33083,0.8003333333333333,5,3,5,583194,22416,88639,19317,0.2076401496906147,0.4628711091941629
33084,0.8003333333333335,1,0,1,583194,22416,88640,19316,0.2076401496906147,0.4628582382823732
33085,0.8003492063492064,0,1,0,583195,22415,88640,19316,0.20763088665752713,0.4628693297548585
33086,0.8003571428571431,1,1,1,583196,22414,88641,19315,0.2076216236244396,0.4628675501449831
33087,0.8003611111111111,1,0,1,583196,22414,88642,19314,0.2076216236244396,0.46285467791411045
33088,0.800404761904762,1,1,1,583197,22413,88643,19313,0.20761236059135202,0.46285289747399705
33089,0.8004166666666666,0,1,0,583198,22412,88643,19313,0.20760309755826448,0.4628639904134212
33090,0.8004545454545454,1,0,1,583198,22412,88644,19312,0.20760309755826448,0.46285111686319624
33091,0.8004761904761903,0,1,0,583199,22411,88644,19312,0.20759383452517693,0.4628622102916856
33092,0.8005,1,6,1,583205,22405,88645,19311,0.2075382563266516,0.46291590756544254
33093,0.8005833333333332,0,1,0,583206,22404,88645,19311,0.20752899329356406,0.4629270046745775
33094,0.8005833333333335,0,1,0,583207,22403,88645,19311,0.2075197302604765,0.46293810231576926
33095,0.8006060606060607,0,1,0,583208,22402,88645,19311,0.20751046722738895,0.4629492004890562
33096,0.8006666666666666,4,7,4,583215,22395,88649,19307,0.20744562599577607,0.4629753968634598
33097,0.8006666666666667,2,5,2,583220,22390,88651,19305,0.20739931083033827,0.46300515649358437
33098,0.8007857142857143,1,0,1,583220,22390,88652,19304,0.20739931083033827,0.4629922770662445
33099,0.8008134920634917,0,1,0,583221,22389,88652,19304,0.20739004779725073,0.4630033818626628
33100,0.8008333333333332,0,1,0,583222,22388,88652,19304,0.2073807847641632,0.4630144871917874
33101,0.8008333333333333,7,13,7,583235,22375,88659,19297,0.20726036533402498,0.46306872720291803
33102,0.8008333333333334,5,17,5,583252,22358,88664,19292,0.20710289377153654,0.46319327731092436
33103,0.8009047619047617,0,1,0,583253,22357,88664,19292,0.207093630738449,0.463204398665034
33104,0.800952380952381,0,1,0,583254,22356,88664,19292,0.20708436770536146,0.46321552055320786
33105,0.8009642857142856,0,1,0,583255,22355,88664,19292,0.20707510467227389,0.46322664297548444
33106,0.8009761904761905,2,1,2,583256,22354,88666,19290,0.20706584163918634,0.4632119873211027
33107,0.8009999999999999,6,14,6,583270,22340,88672,19284,0.2069361591759606,0.4632904093792043
33108,0.801,3,2,3,583272,22338,88675,19281,0.20691763310978548,0.4632739854393426
33109,0.8010714285714284,0,2,0,583274,22336,88675,19281,0.20689910704361036,0.4632962491289617
33110,0.8010714285714287,1,0,1,583274,22336,88676,19280,0.20689910704361036,0.46328335255670894
33111,0.8011388888888888,0,1,0,583275,22335,88676,19280,0.2068898440105228,0.4632944851616004
33112,0.8011428571428572,0,1,0,583276,22334,88676,19280,0.20688058097743525,0.46330561830153316
33113,0.8011666666666666,2,2,2,583278,22332,88678,19278,0.20686205491126014,0.46330209084354723
33114,0.8011666666666667,1,5,1,583283,22327,88679,19277,0.20681573974582237,0.463344870685511
33115,0.8011904761904762,0,1,0,583284,22326,88679,19277,0.2068064767127348,0.4633560079801937
33116,0.8012435897435897,0,1,0,583285,22325,88679,19277,0.20679721367964726,0.4633671458102976
33117,0.80125,1,3,1,583288,22322,88680,19276,0.2067694245803846,0.46338766286840716
33118,0.8012857142857144,1,1,1,583289,22321,88681,19275,0.20676016154729704,0.4633859024906241
33119,0.8013095238095238,4,0,4,583289,22321,88685,19271,0.20676016154729704,0.4633342950567417
33120,0.8013333333333332,6,3,6,583292,22318,88691,19265,0.20673237244803438,0.46329028689608737
33121,0.8013333333333335,2,5,2,583297,22313,88693,19263,0.20668605728259662,0.46332018472195496
33122,0.8014999999999999,0,7,0,583304,22306,88693,19263,0.20662121605098374,0.46339820539344223
33123,0.8015000000000001,3,5,3,583309,22301,88696,19260,0.20657490088554598,0.4634152210004572
33124,0.8015833333333332,1,1,1,583310,22300,88697,19259,0.2065656378524584,0.4634134603816261
33125,0.8016190476190477,0,1,0,583311,22299,88697,19259,0.20655637481937086,0.463424611386496
33126,0.8016428571428572,1,0,1,583311,22299,88698,19258,0.20655637481937086,0.4634116995933296
33127,0.8016666666666665,22,49,22,583360,22250,88720,19236,0.2061024861980807,0.4636744925999132
33128,0.8016666666666667,23,41,23,583401,22209,88743,19213,0.20572270184149097,0.4638356428950799
33129,0.8016666666666669,0,1,0,583402,22208,88743,19213,0.20571343880840343,0.463846840974385
33130,0.8016904761904762,1,0,1,583402,22208,88744,19212,0.20571343880840343,0.4638338966682762
33131,0.8017182539682538,1,0,1,583402,22208,88745,19211,0.20571343880840343,0.46382095173712545
33132,0.8017857142857143,0,3,0,583405,22205,88745,19211,0.20568564970914077,0.46385454896658296
33133,0.8018095238095237,1,0,1,583405,22205,88746,19210,0.20568564970914077,0.46384160328383434
33134,0.8018333333333332,0,1,0,583406,22204,88746,19210,0.2056763866760532,0.4638528033998165
33135,0.8018333333333334,1,5,1,583411,22199,88747,19209,0.20563007151061544,0.4638958655332303
33136,0.8018571428571428,1,1,1,583412,22198,88748,19208,0.2056208084775279,0.4638941216248853
33137,0.8018928571428573,0,1,0,583413,22197,88748,19208,0.20561154544444032,0.463905325443787
33138,0.8019047619047619,1,0,1,583413,22197,88749,19207,0.20561154544444032,0.463892377548063
33139,0.8019166666666666,0,1,0,583414,22196,88749,19207,0.20560228241135278,0.46390358186604835
33140,0.8019761904761903,1,0,1,583414,22196,88750,19206,0.20560228241135278,0.463890633302739
33141,0.8019761904761904,0,1,0,583415,22195,88750,19206,0.2055930193782652,0.4639018381198522
33142,0.8019999999999999,0,3,0,583418,22192,88750,19206,0.20556523027900256,0.4639354558191217
33143,0.802,5,18,5,583436,22174,88755,19201,0.20539849568342658,0.4640725075528701
33144,0.8020000000000002,0,1,0,583437,22173,88755,19201,0.20538923265033904,0.4640837240779233
33145,0.8020317460317459,1,0,1,583437,22173,88756,19200,0.20538923265033904,0.4640707707925459
33146,0.8020476190476188,0,1,0,583438,22172,88756,19200,0.20537996961725147,0.4640819878178478
33147,0.8020476190476191,0,1,0,583439,22171,88756,19200,0.20537070658416393,0.46409320538541493
33148,0.8021309523809523,0,1,0,583440,22170,88756,19200,0.20536144355107636,0.46410442349528647
33149,0.802142857142857,0,1,0,583441,22169,88756,19200,0.2053521805179888,0.46411564214750173
33150,0.8021428571428573,2,3,2,583444,22166,88758,19198,0.20532439141872616,0.46412339232182576
33151,0.8021666666666666,0,2,0,583446,22164,88758,19198,0.20530586535255105,0.46414583434069917
33152,0.8021666666666667,1,4,1,583450,22160,88759,19197,0.20526881322020082,0.46417776918054987
33153,0.8022142857142858,0,1,0,583451,22159,88759,19197,0.20525955018711328,0.46418899313279816
33154,0.8022222222222223,0,1,0,583452,22158,88759,19197,0.2052502871540257,0.46420021762785635
33155,0.8023333333333332,0,1,0,583453,22157,88759,19197,0.20524102412093817,0.4642114426657639
33156,0.8023333333333333,3,6,3,583459,22151,88762,19194,0.20518544592241283,0.4642399322771798
33157,0.8023333333333335,0,2,0,583461,22149,88762,19194,0.20516691985623772,0.46426239024744215
33158,0.8023809523809523,0,2,0,583463,22147,88762,19194,0.2051483937900626,0.46428485039065337
33159,0.8024761904761903,1,1,1,583464,22146,88763,19193,0.20513913075697507,0.4642831224751445
33160,0.8024999999999999,0,1,0,583465,22145,88763,19193,0.2051298677238875,0.4642943538632735
33161,0.8025,52,63,52,583528,22082,88815,19141,0.2045462966393716,0.4643281663149213
33162,0.8025000000000001,2,2,2,583530,22080,88817,19139,0.2045277705731965,0.4643247046265072
33163,0.8025386002886001,0,1,0,583531,22079,88817,19139,0.20451850754010895,0.4643359697219661
33164,0.8025476190476191,0,2,0,583533,22077,88817,19139,0.20449998147393383,0.464358501552795
33165,0.8026666666666665,2,0,2,583533,22077,88819,19137,0.20449998147393383,0.4643325083709419
33166,0.8026666666666666,2,3,2,583536,22074,88821,19135,0.20447219237467115,0.46434031400907566
33167,0.8026666666666668,0,2,0,583538,22072,88821,19135,0.20445366630849604,0.46436285097192226
33168,0.8026818181818183,0,1,0,583539,22071,88821,19135,0.2044444032754085,0.4643741202737465
33169,0.8026944444444445,0,1,0,583540,22070,88821,19135,0.20443514024232096,0.4643853901225579
33170,0.8027500000000001,0,1,0,583541,22069,88821,19135,0.2044258772092334,0.4643966605183963
33171,0.8027857142857142,0,1,0,583542,22068,88821,19135,0.20441661417614584,0.4644079314613014
33172,0.8028333333333333,1,1,1,583543,22067,88822,19134,0.20440735114305827,0.4644062037329191
33173,0.8028571428571428,2,4,2,583547,22063,88824,19132,0.20437029901070808,0.4644252943318364
33174,0.8028719336219338,1,2,1,583549,22061,88825,19131,0.20435177294453297,0.46443484171683824
33175,0.8029642857142858,1,1,1,583550,22060,88826,19130,0.2043425099114454,0.4644331148336975
33176,0.8029999999999999,5,7,5,583557,22053,88831,19125,0.20427766867983252,0.4644470348244208
33177,0.8030000000000002,2,2,2,583559,22051,88833,19123,0.2042591426136574,0.4644435809005683
33178,0.8030357142857143,1,1,1,583560,22050,88834,19122,0.20424987958056987,0.4644418536869717
33179,0.8030833333333334,0,1,0,583561,22049,88834,19122,0.2042406165474823,0.4644531344878677
33180,0.8031428571428572,0,1,0,583562,22048,88834,19122,0.20423135351439475,0.46446441583677434
33181,0.8031666666666665,0,1,0,583563,22047,88834,19122,0.2042220904813072,0.4644756977337317
33182,0.8031666666666666,0,3,0,583566,22044,88834,19122,0.20419430138204453,0.4645095467133071
33183,0.8032142857142857,0,2,0,583568,22042,88834,19122,0.20417577531586942,0.4645321154406763
33184,0.8032619047619047,0,3,0,583571,22039,88834,19122,0.20414798621660676,0.4645659726440077
33185,0.8032698412698412,0,1,0,583572,22038,88834,19122,0.20413872318351922,0.46457725947521866
33186,0.8033333333333331,1,0,1,583572,22038,88835,19121,0.20413872318351922,0.46456425083213876
33187,0.8033333333333332,34,86,34,583658,21952,88869,19087,0.20334210233798955,0.4650941787080582
33188,0.8033333333333335,47,64,47,583722,21888,88916,19040,0.20274926822038608,0.4652071931196247
33189,0.8034166666666666,0,1,0,583723,21887,88916,19040,0.20274000518729854,0.4652185598748992
33190,0.8035,1,4,1,583727,21883,88917,19039,0.20270295305494831,0.46525096525096526
33191,0.8035000000000001,0,2,0,583729,21881,88917,19039,0.2026844269887732,0.4652737047898338
33192,0.8035476190476192,0,1,0,583730,21880,88917,19039,0.20267516395568566,0.4652850753928493
33193,0.8035555555555554,0,2,0,583732,21878,88917,19039,0.20265663788951055,0.4653078182662463
33194,0.8035714285714286,0,1,0,583733,21877,88917,19039,0.20264737485642298,0.46531919053670934
33195,0.8036190476190476,0,1,0,583734,21876,88917,19039,0.20263811182333544,0.46533056336306977
33196,0.803626984126984,0,1,0,583735,21875,88917,19039,0.20262884879024787,0.46534193674536833
33197,0.8036666666666666,0,1,0,583736,21874,88917,19039,0.20261958575716033,0.46535331068364577
33198,0.8036666666666668,4,1,4,583737,21873,88921,19035,0.20261032272407278,0.4653124083308888
33199,0.8036666666666669,2,2,2,583739,21871,88923,19033,0.20259179665789767,0.46530901623313126
33200,0.8037142857142857,0,1,0,583740,21870,88923,19033,0.2025825336248101,0.4653203921472753
33201,0.80375,1,3,1,583743,21867,88924,19032,0.20255474452554745,0.4653414508912198
33202,0.8037878787878787,1,0,1,583743,21867,88925,19031,0.20255474452554745,0.4653283779157905
33203,0.8038095238095238,2,2,2,583745,21865,88927,19029,0.20253621845937234,0.46532498655059423
33204,0.803809523809524,0,1,0,583746,21864,88927,19029,0.2025269554262848,0.46533636563715064
33205,0.8038333333333333,0,3,0,583749,21861,88927,19029,0.2024991663270221,0.4653705062362436
33206,0.8038333333333334,2,4,2,583753,21857,88929,19027,0.20246211419467192,0.4653898835730359
33207,0.8038571428571428,1,1,1,583754,21856,88930,19026,0.20245285116158435,0.46538819040164375
33208,0.8039285714285714,1,0,1,583754,21856,88931,19025,0.20245285116158435,0.46537511313324037
33209,0.8039880952380953,0,1,0,583755,21855,88931,19025,0.2024435881284968,0.46538649706457924
33210,0.8039999999999999,1,5,1,583760,21850,88932,19024,0.202397272963059,0.46543034691980234
33211,0.804,19,22,19,583782,21828,88951,19005,0.20219348623513284,0.46543237087649697
33212,0.8040000000000002,1,0,1,583782,21828,88952,19004,0.20219348623513284,0.4654192789968652
33213,0.8040952380952382,0,1,0,583783,21827,88952,19004,0.20218422320204527,0.46543067767137714
33214,0.8041428571428573,1,0,1,583783,21827,88953,19003,0.20218422320204527,0.4654175851089885
33215,0.8041666666666666,10,19,10,583802,21808,88963,18993,0.20200822557338174,0.4655032964878312
33216,0.8041666666666667,10,13,10,583815,21795,88973,18983,0.20188780614324353,0.46552062386581
33217,0.8041666666666668,0,1,0,583816,21794,88973,18983,0.201878543110156,0.46553204012065624
33218,0.8042103174603175,1,0,1,583816,21794,88974,18982,0.201878543110156,0.46551893270551303
33219,0.8042142857142857,0,1,0,583817,21793,88974,18982,0.20186928007706845,0.46553034947884736
33220,0.8042142857142858,1,2,1,583819,21791,88975,18981,0.20185075401089334,0.4655400765231041
33221,0.8042380952380952,0,1,0,583820,21790,88975,18981,0.20184149097780577,0.46555149493512543
33222,0.80425,0,1,0,583821,21789,88975,18981,0.20183222794471822,0.46556291390728477
33223,0.8042619047619047,0,2,0,583823,21787,88975,18981,0.2018137018785431,0.4655857535321821
33224,0.8042817460317457,1,2,1,583825,21785,88976,18980,0.201795175812368,0.4655954863240525
33225,0.8042857142857143,3,7,3,583832,21778,88979,18977,0.20173033458075512,0.46563611826769724
33226,0.8043333333333332,0,3,0,583835,21775,88979,18977,0.20170254548149247,0.46567039654495485
33227,0.8043333333333333,1,4,1,583839,21771,88980,18976,0.20166549334914224,0.46570299653962255
33228,0.8043690476190477,0,1,0,583840,21770,88980,18976,0.2016562303160547,0.46571442595592205
33229,0.8044166666666668,0,1,0,583841,21769,88980,18976,0.20164696728296713,0.46572585593324334
33230,0.8044444444444444,0,1,0,583842,21768,88980,18976,0.2016377042498796,0.4657372864716277
33231,0.8044523809523809,0,1,0,583843,21767,88980,18976,0.20162844121679202,0.4657487175711165
33232,0.8045,0,2,0,583845,21765,88980,18976,0.2016099151506169,0.46577158145357256
33233,0.8045238095238096,0,1,0,583846,21764,88980,18976,0.20160065211752937,0.4657830142366225
33234,0.8045454545454547,0,1,0,583847,21763,88980,18976,0.2015913890844418,0.4657944475809421
33235,0.8045714285714286,1,0,1,583847,21763,88981,18975,0.2015913890844418,0.46578133438067654
33236,0.8045833333333333,1,2,1,583849,21761,88982,18974,0.2015728630182667,0.46579108874432307
33237,0.8046190476190476,1,2,1,583851,21759,88983,18973,0.2015543369520916,0.4658008445448296
33238,0.804642857142857,0,1,0,583852,21758,88983,18973,0.20154507391900403,0.4658122805725369
33239,0.8046428571428572,1,0,1,583852,21758,88984,18972,0.20154507391900403,0.4657991652344709
33240,0.8046666666666664,1,0,1,583852,21758,88985,18971,0.20154507391900403,0.46578604925237543
33241,0.8046666666666666,4,9,4,583861,21749,88989,18967,0.20146170662121604,0.4658365261813538
33242,0.8046904761904762,0,1,0,583862,21748,88989,18967,0.2014524435881285,0.46584796757951613
33243,0.804702380952381,0,1,0,583863,21747,88989,18967,0.20144318055504093,0.46585940953971605
33244,0.8047460317460313,0,1,0,583864,21746,88989,18967,0.2014339175219534,0.46587085206199497
33245,0.8047619047619048,0,1,0,583865,21745,88989,18967,0.20142465448886585,0.4658822951463942
33246,0.8047857142857141,0,2,0,583867,21743,88989,18967,0.20140612842269073,0.46590518300171946
33247,0.8047857142857143,1,1,1,583868,21742,88990,18966,0.20139686538960316,0.46590350790999313
33248,0.804797619047619,1,0,1,583868,21742,88991,18965,0.20139686538960316,0.46589038740265803
33249,0.8048055555555554,0,1,0,583869,21741,88991,18965,0.20138760235651562,0.46590183265366286
33250,0.8048333333333332,2,2,2,583871,21739,88993,18963,0.2013690762903405,0.4658984816470935
33251,0.8048333333333333,1,5,1,583876,21734,88994,18962,0.20132276112490274,0.465942598781207
33252,0.8048333333333335,0,2,0,583878,21732,88994,18962,0.20130423505872763,0.4659654985993021
33253,0.8049047619047619,0,2,0,583880,21730,88994,18962,0.20128570899255252,0.46598840066843605
33254,0.8049999999999998,3,3,3,583883,21727,88997,18959,0.20125791989328987,0.4659833849481394
33255,0.805,165,281,165,584164,21446,89162,18794,0.19865500759568713,0.4670477137176938
33256,0.8050000000000002,0,1,0,584165,21445,89162,18794,0.1986457445625996,0.46705932055965604
33257,0.8050238095238095,0,1,0,584166,21444,89162,18794,0.19863648152951202,0.4670709279785278
33258,0.805095238095238,0,1,0,584167,21443,89162,18794,0.19862721849642448,0.46708253597435195
33259,0.8050952380952381,0,2,0,584169,21441,89162,18794,0.19860869243024937,0.46710575369702995
33260,0.8051569264069265,0,4,0,584173,21437,89162,18794,0.19857164029789914,0.46715219606770897
33261,0.8051666666666665,0,1,0,584174,21436,89162,18794,0.1985623772648116,0.4671638081034054
33262,0.8051666666666667,0,6,0,584180,21430,89162,18794,0.19850679906628627,0.467233492442323
33263,0.8051666666666668,0,1,0,584181,21429,89162,18794,0.19849753603319872,0.467245108520001
33264,0.8051789321789319,1,0,1,584181,21429,89163,18793,0.19849753603319872,0.46723186315946497
33265,0.8052103174603173,1,1,1,584182,21428,89164,18792,0.19848827300011115,0.46723023371456984
33266,0.8052777777777779,0,2,0,584184,21426,89164,18792,0.19846974693393604,0.46725346859615097
33267,0.8052857142857143,1,1,1,584185,21425,89165,18791,0.1984604839008485,0.4672518400636563
33268,0.8052976190476191,0,1,0,584186,21424,89165,18791,0.19845122086776093,0.4672634589083675
33269,0.8053333333333331,0,1,0,584187,21423,89165,18791,0.1984419578346734,0.4672750783309295
33270,0.8053333333333333,2,6,2,584193,21417,89167,18789,0.19838637963614805,0.46731831069989554
33271,0.8054166666666666,0,1,0,584194,21416,89167,18789,0.1983771166030605,0.46732993408780005
33272,0.8054166666666667,0,1,0,584195,21415,89167,18789,0.19836785356997294,0.46734155805392497
33273,0.8054761904761903,1,0,1,584195,21415,89168,18788,0.19836785356997294,0.4673283088326742
33274,0.8054761904761905,0,3,0,584198,21412,89168,18788,0.1983400644707103,0.467363184079602
33275,0.8055,2,1,2,584199,21411,89170,18786,0.19833080143762274,0.46734830957534146
33276,0.8055833333333332,0,1,0,584200,21410,89170,18786,0.19832153840453517,0.46735993631207084
33277,0.8056569264069264,1,0,1,584200,21410,89171,18785,0.19832153840453517,0.4673466849110586
33278,0.8056666666666665,0,2,0,584202,21408,89171,18785,0.19830301233836006,0.4673699400393103
33279,0.8056666666666666,2,6,2,584208,21402,89173,18783,0.19824743413983476,0.4674132138857783
33280,0.8056666666666668,0,3,0,584211,21399,89173,18783,0.19821964504057207,0.46744811109451995
33281,0.8057142857142857,1,2,1,584213,21397,89174,18782,0.198201118974397,0.46745812489111227
33282,0.8057857142857142,0,2,0,584215,21395,89174,18782,0.19818259290822188,0.4674813948278866
33283,0.8057857142857143,0,2,0,584217,21393,89174,18782,0.19816406684204677,0.46750466708151833
33284,0.8058333333333332,0,1,0,584218,21392,89174,18782,0.1981548038089592,0.4675163040772639
33285,0.8058333333333333,7,12,7,584230,21380,89181,18775,0.19804364741190855,0.46756319262856433
33286,0.8058333333333334,6,9,6,584239,21371,89187,18769,0.19796028011412056,0.4675884404583956
33287,0.805880952380952,0,2,0,584241,21369,89187,18769,0.19794175404794545,0.46761173949872936
33288,0.8059047619047619,2,0,2,584241,21369,89189,18767,0.19794175404794545,0.4675852102850309
33289,0.805952380952381,0,1,0,584242,21368,89189,18767,0.1979324910148579,0.4675968605954902
33290,0.8059999999999999,10,35,10,584277,21333,89199,18757,0.19760828485679352,0.4678722873534547
33291,0.806,0,1,0,584278,21332,89199,18757,0.19759902182370595,0.46788395819302053
33292,0.806047619047619,0,1,0,584279,21331,89199,18757,0.1975897587906184,0.4678956296148473
33293,0.8060613553113554,3,0,3,584279,21331,89202,18754,0.1975897587906184,0.4678558064113758
33294,0.8060714285714287,0,1,0,584280,21330,89202,18754,0.19758049575753084,0.4678674782955793
33295,0.8060833333333334,0,1,0,584281,21329,89202,18754,0.1975712327244433,0.4678791507621685
33296,0.8061040626040625,1,3,1,584284,21326,89203,18753,0.19754344362518064,0.4679008957309314
33297,0.8061071428571428,0,1,0,584285,21325,89203,18753,0.19753418059209307,0.4679125704875493
33298,0.8061538461538461,0,1,0,584286,21324,89203,18753,0.19752491755900553,0.46792424582678344
33299,0.8061666666666666,1,1,1,584287,21323,89204,18752,0.19751565452591796,0.467922645040549
33300,0.8061666666666667,1,2,1,584289,21321,89205,18751,0.19749712845974285,0.4679327211020164
33301,0.8061904761904762,0,2,0,584291,21319,89205,18751,0.19747860239356774,0.4679560768654854
33302,0.80625,2,1,2,584292,21318,89207,18749,0.1974693393604802,0.467941198492525
33303,0.8062619047619047,0,1,0,584293,21317,89207,18749,0.19746007632739265,0.4679528777517097
33304,0.8063095238095237,0,1,0,584294,21316,89207,18749,0.19745081329430508,0.46796455759390987
33305,0.8063095238095238,2,1,2,584295,21315,89209,18747,0.19744155026121754,0.46794967799910137
33306,0.8063333333333332,1,6,1,584301,21309,89210,18746,0.1973859720626922,0.4680064910747722
33307,0.8063333333333333,1,2,1,584303,21307,89211,18745,0.1973674459965171,0.4680165784480176
33308,0.8063809523809523,2,0,2,584303,21307,89213,18743,0.1973674459965171,0.4679900124843945
33309,0.8064166666666667,0,1,0,584304,21306,89213,18743,0.19735818296342955,0.4680016979200479
33310,0.8064285714285714,1,1,1,584305,21305,89214,18742,0.19734891993034198,0.4680000998826379
33311,0.8064285714285715,1,0,1,584305,21305,89215,18741,0.19734891993034198,0.4679868151625631
33312,0.8064920634920635,0,2,0,584307,21303,89215,18741,0.19733039386416687,0.4680101887923284
33313,0.8065000000000001,3,5,3,584312,21298,89218,18738,0.1972840786987291,0.468028774103307
33314,0.8065238095238096,1,0,1,584312,21298,89219,18737,0.1972840786987291,0.4680154864493568
33315,0.8066666666666665,61,59,61,584371,21239,89280,18676,0.19673755974656343,0.46789427533508704
33316,0.8066666666666668,39,70,39,584441,21169,89319,18637,0.19608914743043462,0.4681957493845149
33317,0.8067142857142858,0,1,0,584442,21168,89319,18637,0.19607988439734705,0.4682075116191433
33318,0.8067380952380951,0,2,0,584444,21166,89319,18637,0.19606135833117197,0.46823103786146775
33319,0.8067857142857143,0,1,0,584445,21165,89319,18637,0.1960520952980844,0.4682428018692528
33320,0.8067976190476189,0,2,0,584447,21163,89319,18637,0.1960335692319093,0.46826633165829146
33321,0.8068095238095238,1,0,1,584447,21163,89320,18636,0.1960335692319093,0.4682529711801804
33322,0.8068333333333332,1,2,1,584449,21161,89321,18635,0.19601504316573418,0.46826314202432406
33323,0.8068333333333334,4,3,4,584452,21158,89325,18631,0.19598725406647152,0.46824499233456485
33324,0.8068690476190475,0,1,0,584453,21157,89325,18631,0.19597799103338398,0.4682567608324118
33325,0.8069047619047619,1,0,1,584453,21157,89326,18630,0.19597799103338398,0.4682433960841481
33326,0.8069761904761904,0,1,0,584454,21156,89326,18630,0.1959687280002964,0.46825516513346405
33327,0.807,4,5,4,584459,21151,89330,18626,0.19592241283485864,0.46826055258063704
33328,0.8070000000000002,1,0,1,584459,21151,89331,18625,0.19592241283485864,0.46824718423169753
33329,0.8070476190476189,0,2,0,584461,21149,89331,18625,0.19590388676868353,0.4682707296223664
33330,0.8070833333333334,1,0,1,584461,21149,89332,18624,0.19590388676868353,0.4682573605209564
33331,0.8071428571428573,3,3,3,584464,21146,89335,18621,0.19587609766942088,0.4682525712273996
33332,0.8071666666666666,1,4,1,584468,21142,89336,18620,0.19583904553707066,0.46828630350585987
33333,0.8071666666666667,2,2,2,584470,21140,89338,18618,0.19582051947089554,0.46828311283263746
33334,0.8071904761904762,0,2,0,584472,21138,89338,18618,0.19580199340472043,0.4683066706912164
33335,0.8072261904761906,0,1,0,584473,21137,89338,18618,0.1957927303716329,0.4683184505093699
33336,0.8072380952380952,0,1,0,584474,21136,89338,18618,0.19578346733854532,0.46833023092015896
33337,0.8073333333333332,1,1,1,584475,21135,89339,18617,0.19577420430545778,0.46832863755282755
33338,0.8073333333333333,2,3,2,584478,21132,89341,18615,0.19574641520619512,0.4683372329987169
33339,0.8073333333333335,2,1,2,584479,21131,89343,18613,0.19573715217310755,0.4683222624798712
33340,0.8073809523809524,1,2,1,584481,21129,89344,18612,0.19571862610693244,0.4683324526307843
33341,0.8073863636363637,0,1,0,584482,21128,89344,18612,0.1957093630738449,0.46834423754403626
33342,0.8074166666666664,0,1,0,584483,21127,89344,18612,0.19570010004075736,0.46835602305040386
33343,0.8074166666666666,0,1,0,584484,21126,89344,18612,0.1956908370076698,0.46836780914993204
33344,0.807452380952381,0,2,0,584486,21124,89344,18612,0.19567231094149468,0.4683913831286491
33345,0.8074761904761903,0,2,0,584488,21122,89344,18612,0.19565378487531956,0.4684149594805456
33346,0.8074999999999999,2,2,2,584490,21120,89346,18610,0.19563525880914448,0.468411779511704
33347,0.8075,45,59,45,584549,21061,89391,18565,0.19508873985697878,0.4685055266744057
33348,0.8075000000000001,1,3,1,584552,21058,89392,18564,0.1950609507577161,0.4685275856847206
33349,0.8075238095238094,1,0,1,584552,21058,89393,18563,0.1950609507577161,0.4685141717775927
33350,0.8076071428571429,0,1,0,584553,21057,89393,18563,0.19505168772462855,0.46852599697122665
33351,0.8076190476190476,2,0,2,584553,21057,89395,18561,0.19505168772462855,0.46849916704528244
33352,0.8076190476190477,1,0,1,584553,21057,89396,18560,0.19505168772462855,0.46848575106646134
33353,0.8076666666666666,3,3,3,584556,21054,89399,18557,0.1950238986253659,0.4684809775062483
33354,0.8076904761904761,0,1,0,584557,21053,89399,18557,0.19501463559227833,0.4684928048472608
33355,0.8077142857142857,0,1,0,584558,21052,89399,18557,0.1950053725591908,0.46850463278547805
33356,0.8078293650793649,0,1,0,584559,21051,89399,18557,0.19499610952610322,0.46851646132094527
33357,0.8078333333333333,2,3,2,584562,21048,89401,18555,0.19496832042684056,0.46852511173395955
33358,0.8079166666666666,1,2,1,584564,21046,89402,18554,0.19494979436066545,0.4685353535353535
33359,0.8079523809523809,0,1,0,584565,21045,89402,18554,0.1949405313275779,0.46854718553498825
33360,0.8079761904761904,1,0,1,584565,21045,89403,18553,0.1949405313275779,0.4685337643315319
33361,0.8079999999999999,18,13,18,584578,21032,89421,18535,0.1948201118974397,0.4684459271615235
33362,0.8080000000000002,0,1,0,584579,21031,89421,18535,0.19481084886435215,0.4684577667694485
33363,0.8080555555555553,1,0,1,584579,21031,89422,18534,0.19481084886435215,0.4684443321117149
33364,0.8081190476190475,1,1,1,584580,21030,89423,18533,0.19480158583126458,0.4684427369006395
33365,0.8081666666666665,0,1,0,584581,21029,89423,18533,0.19479232279817704,0.4684545776249937
33366,0.8081666666666666,0,6,0,584587,21023,89423,18533,0.1947367445996517,0.4685256345434321
33367,0.8081666666666668,0,4,0,584591,21019,89423,18533,0.19469969246730148,0.46857301779935273
33368,0.8082142857142857,3,1,3,584592,21018,89426,18530,0.19469042943421394,0.46854455345403057
33369,0.8083333333333331,0,1,0,584593,21017,89426,18530,0.19468116640112637,0.4685564012440893
33370,0.8083333333333332,16,35,16,584628,20982,89442,18514,0.19435696024306198,0.4687563297549119
33371,0.8083333333333335,19,21,19,584649,20961,89461,18495,0.19416243654822335,0.46875
33372,0.8084520757020758,0,3,0,584652,20958,89461,18495,0.1941346474489607,0.4687856436772869
33373,0.808452380952381,1,2,1,584654,20956,89462,18494,0.19411612138278558,0.4687959442332066
33374,0.8084615384615382,0,2,0,584656,20954,89462,18494,0.19409759531661047,0.46881971202595824
33375,0.8084761904761902,0,1,0,584657,20953,89462,18494,0.19408833228352293,0.46883159682612113
33376,0.8084999999999998,1,0,1,584657,20953,89463,18493,0.19408833228352293,0.468818131115956
33377,0.8085,3,8,3,584665,20945,89466,18490,0.19401422801882248,0.4688728287054647
33378,0.8085000000000001,0,1,0,584666,20944,89466,18490,0.19400496498573494,0.46888471877060406
33379,0.8085238095238095,1,0,1,584666,20944,89467,18489,0.19400496498573494,0.46887124996830065
33380,0.8085714285714286,0,7,0,584673,20937,89467,18489,0.19394012375412206,0.46895449703241515
33381,0.808595238095238,0,1,0,584674,20936,89467,18489,0.1939308607210345,0.4689663918833228
33382,0.8086190476190477,0,2,0,584676,20934,89467,18489,0.19391233465485938,0.4689901833954798
33383,0.8086666666666666,2,2,2,584678,20932,89469,18487,0.19389380858868427,0.4689870367081864
33384,0.8086666666666668,1,6,1,584684,20926,89470,18486,0.19383823039015896,0.46904496092560644
33385,0.80875,0,1,0,584685,20925,89470,18486,0.1938289673570714,0.4690568622973282
33386,0.8087619047619049,0,1,0,584686,20924,89470,18486,0.19381970432398385,0.46906876427302713
33387,0.8087738095238093,0,1,0,584687,20923,89470,18486,0.19381044129089628,0.46908066685274935
33388,0.808797619047619,0,1,0,584688,20922,89470,18486,0.19380117825780874,0.4690925700365408
33389,0.8088333333333333,2,2,2,584690,20920,89472,18484,0.19378265219163363,0.4690894325449193
33390,0.8088333333333334,0,3,0,584693,20917,89472,18484,0.19375486309237097,0.46912514910789066
33391,0.8088809523809524,0,1,0,584694,20916,89472,18484,0.1937456000592834,0.46913705583756343
33392,0.8088809523809525,0,1,0,584695,20915,89472,18484,0.19373633702619586,0.4691489631716541
33393,0.8089166666666666,0,1,0,584696,20914,89472,18484,0.1937270739931083,0.46916087111020865
33394,0.8089999999999997,0,1,0,584697,20913,89472,18484,0.19371781096002075,0.4691727796532731
33395,0.8089999999999999,2,4,2,584701,20909,89474,18482,0.19368075882767052,0.4691934705897286
33396,0.809,8,9,8,584710,20900,89482,18474,0.19359739152988253,0.4691928683903083
33397,0.8090476190476191,0,1,0,584711,20899,89482,18474,0.193588128496795,0.4692047850049526
33398,0.8090952380952379,1,1,1,584712,20898,89483,18473,0.19357886546370745,0.46920322064463693
33399,0.8091547619047619,0,1,0,584713,20897,89483,18473,0.19356960243061988,0.46921513843027685
33400,0.8091666666666666,6,13,6,584726,20884,89489,18467,0.19344918300048167,0.46928921755482705
33401,0.8091666666666667,6,21,6,584747,20863,89495,18461,0.19325465930564303,0.4694588546434747
33402,0.8091681096681096,3,2,3,584749,20861,89498,18458,0.19323613323946792,0.4694422543808337
33403,0.8091736874236872,0,4,0,584753,20857,89498,18458,0.19319908110711773,0.46949001653312983
33404,0.8091904761904761,0,1,0,584754,20856,89498,18458,0.19318981807403016,0.46950195858981536
33405,0.8092142857142857,1,1,1,584755,20855,89499,18457,0.19318055504094261,0.469500407000407
33406,0.8092341269841269,0,4,0,584759,20851,89499,18457,0.1931435029085924,0.4695481835758624
33407,0.8092857142857143,2,0,2,584759,20851,89501,18455,0.1931435029085924,0.4695211926932275
33408,0.8093095238095238,0,2,0,584761,20849,89501,18455,0.19312497684241728,0.46954508446977405
33409,0.8093333333333332,3,0,3,584761,20849,89504,18452,0.19312497684241728,0.46950459275845396
33410,0.8093333333333333,5,5,5,584766,20844,89509,18447,0.1930786616769795,0.4694968313354203
33411,0.8094047619047617,1,0,1,584766,20844,89510,18446,0.1930786616769795,0.46948332909137186
33412,0.8094166666666667,0,1,0,584767,20843,89510,18446,0.19306939864389194,0.46949527857670087
33413,0.8094285714285714,0,1,0,584768,20842,89510,18446,0.1930601356108044,0.4695072286703319
33414,0.8094285714285715,0,1,0,584769,20841,89510,18446,0.19305087257771686,0.46951917937231147
33415,0.8094523809523809,1,1,1,584770,20840,89511,18445,0.1930416095446293,0.46951762759322896
33416,0.8094999999999999,1,1,1,584771,20839,89512,18444,0.19303234651154175,0.46951607565613623
33417,0.8095,0,3,0,584774,20836,89512,18444,0.19300455741227907,0.4695519348268839
33418,0.8095833333333333,0,1,0,584775,20835,89512,18444,0.19299529437919152,0.46956388910104635
33419,0.8096428571428572,0,2,0,584777,20833,89512,18444,0.1929767683130164,0.46958779947552004
33420,0.8096666666666665,2,1,2,584778,20832,89514,18442,0.19296750527992887,0.4695727453276977
33421,0.8096666666666666,2,5,2,584783,20827,89516,18440,0.19292119011449108,0.46960552117554183
33422,0.8097142857142856,0,1,0,584784,20826,89516,18440,0.19291192708140353,0.4696174807721693
33423,0.8097142857142857,0,1,0,584785,20825,89516,18440,0.192902664048316,0.4696294409779702
33424,0.8097619047619048,1,0,1,584785,20825,89517,18439,0.192902664048316,0.4696159331703341
33425,0.8098333333333332,0,1,0,584786,20824,89517,18439,0.19289340101522842,0.4696278939459542
33426,0.8098333333333333,1,1,1,584787,20823,89518,18438,0.19288413798214088,0.4696263467563231
33427,0.8098333333333335,1,1,1,584788,20822,89519,18437,0.1928748749490533,0.4696247994090527
33428,0.809904761904762,0,1,0,584789,20821,89519,18437,0.19286561191596577,0.4696367619338733
33429,0.8099523809523811,1,1,1,584790,20820,89520,18436,0.1928563488828782,0.46963521499898103
33430,0.8099621212121213,0,1,0,584791,20819,89520,18436,0.19284708584979066,0.4696471787033499
33431,0.8099999999999998,5,7,5,584798,20812,89525,18431,0.19278224461817778,0.46966337945620873
33432,0.81,764,987,764,585785,19825,90289,17667,0.1836396309607618,0.4712205270457698
33433,0.8100000000000002,0,1,0,585786,19824,90289,17667,0.18363036792767423,0.4712330959430263
33434,0.8100079365079366,0,1,0,585787,19823,90289,17667,0.1836211048945867,0.4712456655108029
33435,0.810142857142857,0,1,0,585788,19822,90289,17667,0.18361184186149912,0.4712582357491531
33436,0.8101666666666665,0,1,0,585789,19821,90289,17667,0.18360257882841158,0.4712708066581306
33437,0.8101666666666667,1,4,1,585793,19817,90290,17666,0.18356552669606135,0.47130699250326813
33438,0.8101666666666668,2,0,2,585793,19817,90292,17664,0.18356552669606135,0.4712787812491662
33439,0.8102499999999999,0,1,0,585794,19816,90292,17664,0.1835562636629738,0.4712913553895411
33440,0.81025,1,0,1,585794,19816,90293,17663,0.1835562636629738,0.47127724859254516
33441,0.8102857142857143,1,0,1,585794,19816,90294,17662,0.1835562636629738,0.4712631410427451
33442,0.8102976190476191,0,1,0,585795,19815,90294,17662,0.18354700062988624,0.47127571577234034
33443,0.8103333333333333,1,3,1,585798,19812,90295,17661,0.1835192115306236,0.47129933552157555
33444,0.8103333333333335,0,1,0,585799,19811,90295,17661,0.18350994849753605,0.47131191289496155
33445,0.8103571428571428,1,0,1,585799,19811,90296,17660,0.18350994849753605,0.47129780363481094
33446,0.8104166666666666,0,1,0,585800,19810,90296,17660,0.18350068546444848,0.47131038163864425
33447,0.8104166666666667,0,1,0,585801,19809,90296,17660,0.18349142243136093,0.47132296031385945
33448,0.8104563492063492,0,1,0,585802,19808,90296,17660,0.18348215939827336,0.4713355396605103
33449,0.8104761904761904,0,1,0,585803,19807,90296,17660,0.18347289636518582,0.47134811967865053
33450,0.8104761904761905,0,1,0,585804,19806,90296,17660,0.18346363333209825,0.47136070036833394
33451,0.8104999999999998,0,1,0,585805,19805,90296,17660,0.1834543702990107,0.4713732817296143
33452,0.8105,3,6,3,585811,19799,90299,17657,0.18339879210048537,0.4714064502349423
33453,0.8105000000000001,1,2,1,585813,19797,90300,17656,0.18338026603431026,0.47141750994579873
33454,0.8106428571428572,0,1,0,585814,19796,90300,17656,0.18337100300122272,0.47143009719107126
33455,0.8106547619047619,1,2,1,585816,19794,90301,17655,0.1833524769350476,0.47144115997756947
33456,0.8106666666666666,8,5,8,585821,19789,90309,17647,0.18330616176960984,0.47139117427075544
33457,0.8106666666666668,0,1,0,585822,19788,90309,17647,0.18329689873652227,0.4714037665286497
33458,0.8106904761904761,0,1,0,585823,19787,90309,17647,0.18328763570343473,0.47141635945931504
33459,0.8107142857142857,1,5,1,585828,19782,90310,17646,0.18324132053799697,0.47146521320936197
33460,0.8107582417582416,1,2,1,585830,19780,90311,17645,0.18322279447182185,0.4714762859051436
33461,0.8108095238095239,1,0,1,585830,19780,90312,17644,0.18322279447182185,0.4714621633176571
33462,0.810809523809524,0,1,0,585831,19779,90312,17644,0.1832135314387343,0.47147476151030115
33463,0.8108333333333332,0,1,0,585832,19778,90312,17644,0.18320426840564674,0.4714873603762493
33464,0.8108333333333333,1,12,1,585844,19766,90313,17643,0.1830931120085961,0.47162447539362184
33465,0.8108333333333334,9,10,9,585854,19756,90322,17634,0.18300048167772054,0.47162342872425783
33466,0.8108441558441559,1,0,1,585854,19756,90323,17633,0.18300048167772054,0.4716092968520153
33467,0.8108492063492063,0,1,0,585855,19755,90323,17633,0.182991218644633,0.47162191077351023
33468,0.8108690476190478,0,1,0,585856,19754,90323,17633,0.18298195561154545,0.47163452536978095
33469,0.8108968253968252,0,1,0,585857,19753,90323,17633,0.18297269257845789,0.4716471406408816
33470,0.810952380952381,0,3,0,585860,19750,90323,17633,0.18294490347919523,0.4716849905037049
33471,0.8109761904761905,0,1,0,585861,19749,90323,17633,0.18293564044610766,0.47169760847466696
33472,0.8109999999999998,0,3,0,585864,19746,90323,17633,0.182907851346845,0.4717354664383745
33473,0.8109999999999999,7,13,7,585877,19733,90330,17626,0.1827874319167068,0.47180063706201986
33474,0.811,3,2,3,585879,19731,90333,17623,0.1827689058505317,0.47178347700380147
33475,0.8110238095238096,0,1,0,585880,19730,90333,17623,0.18275964281744414,0.4717961074077049
33476,0.8110714285714284,0,1,0,585881,19729,90333,17623,0.1827503797843566,0.4718087384878989
33477,0.8110714285714287,0,1,0,585882,19728,90333,17623,0.18274111675126903,0.4718213702444379
33478,0.8110833333333334,0,1,0,585883,19727,90333,17623,0.1827318537181815,0.4718340026773762
33479,0.8111666666666666,2,1,2,585884,19726,90335,17621,0.18272259068509392,0.47181835221035157
33480,0.8111666666666667,1,1,1,585885,19725,90336,17620,0.18271332765200637,0.47181684295086357
33481,0.8112499999999998,0,1,0,585886,19724,90336,17620,0.18270406461891883,0.4718294772922022
33482,0.81132683982684,0,1,0,585887,19723,90336,17620,0.18269480158583126,0.4718421123102054
33483,0.8113333333333332,4,5,4,585892,19718,90340,17616,0.1826484864203935,0.47184871698719666
33484,0.8113333333333334,1,1,1,585893,19717,90341,17615,0.18263922338730593,0.47184720882888675
33485,0.8114152236652236,0,2,0,585895,19715,90341,17615,0.18262069732113084,0.47187248861505493
33486,0.8114166666666667,1,0,1,585895,19715,90342,17614,0.18262069732113084,0.47185834070025984
33487,0.8114285714285714,0,2,0,585897,19713,90342,17614,0.18260217125495573,0.4718836231146355
33488,0.8114404761904762,1,2,1,585899,19711,90343,17613,0.18258364518878062,0.4718947594041367
33489,0.8114523809523808,1,2,1,585901,19709,90344,17612,0.1825651191226055,0.47190589748399026
33490,0.8114999999999999,1,3,1,585904,19706,90345,17611,0.18253733002334285,0.4719296835222553
33491,0.8115000000000001,2,5,2,585909,19701,90347,17609,0.18249101485790506,0.47196462074510853
33492,0.8115974025974028,0,4,0,585913,19697,90347,17609,0.18245396272555486,0.47201522543290625
33493,0.8116666666666664,1,0,1,585913,19697,90348,17608,0.18245396272555486,0.4720010722423268
33494,0.8116666666666665,15,31,15,585944,19666,90363,17593,0.18216680869984067,0.4721812179607612
33495,0.8116666666666668,18,29,18,585973,19637,90381,17575,0.18189818074030162,0.4722938836934322
33496,0.8116666666666669,0,1,0,585974,19636,90381,17575,0.18188891770721405,0.47230657601246945
33497,0.8117500000000001,0,1,0,585975,19635,90381,17575,0.1818796546741265,0.47231926901370597
33498,0.8117777777777776,0,1,0,585976,19634,90381,17575,0.18187039164103894,0.4723319626971969
33499,0.8117857142857143,1,0,1,585976,19634,90382,17574,0.18187039164103894,0.4723177811223393
33500,0.8118123543123543,0,1,0,585977,19633,90382,17574,0.1818611286079514,0.47233047544816836
33501,0.8118333333333332,3,3,3,585980,19630,90385,17571,0.1818333395086887,0.47232601274159297
33502,0.8118333333333334,1,1,1,585981,19629,90386,17570,0.18182407647560117,0.4723245248528186
33503,0.8118333333333335,0,1,0,585982,19628,90386,17570,0.18181481344251363,0.4723372224313135
33504,0.8119444444444445,0,1,0,585983,19627,90386,17570,0.18180555040942606,0.47234992069252896
33505,0.8119523809523811,1,1,1,585984,19626,90387,17569,0.18179628737633852,0.47234843392929154
33506,0.8119642857142857,0,2,0,585986,19624,90387,17569,0.1817777613101634,0.47237383378592745
33507,0.8119761904761904,0,1,0,585987,19623,90387,17569,0.18176849827707584,0.4723865347386535
33508,0.812,6,14,6,586001,19609,90393,17563,0.18163881581385008,0.4724792854836974
33509,0.8120000000000002,0,1,0,586002,19608,90393,17563,0.18162955278076254,0.47249199644884454
33510,0.8120833333333332,1,0,1,586002,19608,90394,17562,0.18162955278076254,0.4724778046811945
33511,0.8120833333333333,0,1,0,586003,19607,90394,17562,0.18162028974767497,0.4724905162904571
33512,0.8121388888888889,1,0,1,586003,19607,90395,17561,0.18162028974767497,0.47247632371932846
33513,0.8121666666666666,2,0,2,586003,19607,90397,17559,0.18162028974767497,0.4724479362858527
33514,0.8121666666666667,1,2,1,586005,19605,90398,17558,0.18160176368149988,0.4724591663751581
33515,0.8121666666666668,0,1,0,586006,19604,90398,17558,0.1815925006484123,0.472471879877294
33516,0.8122261904761905,0,1,0,586007,19603,90398,17558,0.18158323761532477,0.4724845940636689
33517,0.8122658730158728,0,1,0,586008,19602,90398,17558,0.1815739745822372,0.472497308934338
33518,0.8122857142857143,2,0,2,586008,19602,90400,17556,0.1815739745822372,0.4724689165186501
33519,0.8123333333333332,1,2,1,586010,19600,90401,17555,0.1815554485160621,0.4724801507199569
33520,0.8123333333333334,1,6,1,586016,19594,90402,17554,0.18149987031753678,0.47254226337891675
33521,0.8123452380952381,0,1,0,586017,19593,90402,17554,0.1814906072844492,0.4725549842517565
33522,0.812357142857143,1,0,1,586017,19593,90403,17553,0.1814906072844492,0.4725407850104991
33523,0.8124285714285715,0,3,0,586020,19590,90403,17553,0.18146281818518656,0.4725789516194169
33524,0.8124523809523809,1,0,1,586020,19590,90404,17552,0.18146281818518656,0.47256475149426524
33525,0.8124603174603173,0,2,0,586022,19588,90404,17552,0.18144429211901145,0.47259019924609585
33526,0.8124999999999999,1,2,1,586024,19586,90405,17551,0.18142576605283633,0.4726014486899857
33527,0.8125,34,60,34,586084,19526,90439,17517,0.1808699840675831,0.4728828658585968
33528,0.8125000000000001,0,3,0,586087,19523,90439,17517,0.18084219496832044,0.47292116630669545
33529,0.8125833333333334,1,0,1,586087,19523,90440,17516,0.18084219496832044,0.4729069359323956
33530,0.8125912698412698,0,1,0,586088,19522,90440,17516,0.18083293193523287,0.47291970408769374
33531,0.8126190476190476,1,0,1,586088,19522,90441,17515,0.18083293193523287,0.4729054729054729
33532,0.8126493506493504,0,1,0,586089,19521,90441,17515,0.18082366890214532,0.4729182417107679
33533,0.8126666666666665,0,2,0,586091,19519,90441,17515,0.1808051428359702,0.472943781390074
33534,0.8126666666666666,3,5,3,586096,19514,90444,17512,0.18075882767053245,0.47296494355317886
33535,0.8126666666666668,0,2,0,586098,19512,90444,17512,0.18074030160435733,0.472990492653414
33536,0.8127142857142856,2,0,2,586098,19512,90446,17510,0.18074030160435733,0.47296202258116793
33537,0.8127272727272729,0,1,0,586099,19511,90446,17510,0.18073103857126976,0.4729747980875719
33538,0.8127738095238096,2,0,2,586099,19511,90448,17508,0.18073103857126976,0.47294632486020693
33539,0.8128333333333333,0,1,0,586100,19510,90448,17508,0.18072177553818222,0.47295910097790267
33540,0.8128571428571427,0,1,0,586101,19509,90448,17508,0.18071251250509468,0.4729718777858822
33541,0.8128809523809524,0,1,0,586102,19508,90448,17508,0.1807032494720071,0.4729846552842014
33542,0.8128888888888889,0,1,0,586103,19507,90448,17508,0.18069398643891957,0.4729974334729164
33543,0.8129166666666666,0,1,0,586104,19506,90448,17508,0.180684723405832,0.473010212352083
33544,0.8129206349206349,0,1,0,586105,19505,90448,17508,0.18067546037274446,0.47302299192175723
33545,0.8129761904761904,0,1,0,586106,19504,90448,17508,0.1806661973396569,0.47303577218199505
33546,0.8129999999999998,0,1,0,586107,19503,90448,17508,0.18065693430656934,0.4730485531328524
33547,0.813,3,7,3,586114,19496,90451,17505,0.18059209307495647,0.47309532174806085
33548,0.8130000000000002,0,1,0,586115,19495,90451,17505,0.1805828300418689,0.4731081081081081
33549,0.8130476190476191,1,0,1,586115,19495,90452,17504,0.1805828300418689,0.4730938674018217
33550,0.8130714285714284,0,1,0,586116,19494,90452,17504,0.18057356700878135,0.4731066544137521
33551,0.8130952380952381,0,1,0,586117,19493,90452,17504,0.1805643039756938,0.4731194421169284
33552,0.8131071428571428,0,1,0,586118,19492,90452,17504,0.18055504094260624,0.4731322305114066
33553,0.8131666666666665,2,2,2,586120,19490,90454,17502,0.18053651487643113,0.47312932525951557
33554,0.8131666666666666,2,6,2,586126,19484,90456,17500,0.18048093667790582,0.47317759030932294
33555,0.8131666666666668,1,3,1,586129,19481,90457,17499,0.18045314757864314,0.4732017306652244
33556,0.8132142857142857,2,0,2,586129,19481,90459,17497,0.18045314757864314,0.47317323814159773
33557,0.8132222222222221,1,0,1,586129,19481,90460,17496,0.18045314757864314,0.47315899072396356
33558,0.8133333333333332,37,58,37,586187,19423,90497,17459,0.179915891659565,0.4733745458489236
33559,0.8133333333333335,50,59,50,586246,19364,90547,17409,0.1793693727073993,0.4734179968998994
33560,0.8133690476190477,1,1,1,586247,19363,90548,17408,0.17936010967431176,0.473416551086454
33561,0.813452380952381,1,1,1,586248,19362,90549,17407,0.1793508466412242,0.4734151051157225
33562,0.8134999999999999,3,5,3,586253,19357,90552,17404,0.17930453147578643,0.47343652240145806
33563,0.8135000000000001,2,0,2,586253,19357,90554,17402,0.17930453147578643,0.47340787290187436
33564,0.8135714285714286,1,3,1,586256,19354,90555,17401,0.17927674237652377,0.4734321860971296
33565,0.8136190476190477,1,0,1,586256,19354,90556,17400,0.17927674237652377,0.4734178592806225
33566,0.8136428571428571,0,1,0,586257,19353,90556,17400,0.1792674793434362,0.4734307403477267
33567,0.8136666666666664,0,1,0,586258,19352,90556,17400,0.17925821631034866,0.4734436221158032
33568,0.8136666666666666,1,1,1,586259,19351,90557,17399,0.17924895327726112,0.4734421768707483
33569,0.8136666666666668,0,3,0,586262,19348,90557,17399,0.17922116417799844,0.4734808283669415
33570,0.81375,0,5,0,586267,19343,90557,17399,0.17917484901256067,0.4735452615535355
33571,0.8137500000000002,0,1,0,586268,19342,90557,17399,0.17916558597947313,0.4735581502953104
33572,0.8137579365079365,2,1,2,586269,19341,90559,17397,0.17915632294638556,0.4735423811856933
33573,0.8137857142857142,0,1,0,586270,19340,90559,17397,0.17914705991329802,0.4735552712524158
33574,0.8138333333333333,1,1,1,586271,19339,90560,17396,0.17913779688021045,0.4735538314958486
33575,0.8138333333333334,1,0,1,586271,19339,90561,17395,0.17913779688021045,0.4735395001905592
33576,0.8138571428571428,0,1,0,586272,19338,90561,17395,0.1791285338471229,0.47355239158250073
33577,0.8138928571428571,0,1,0,586273,19337,90561,17395,0.17911927081403534,0.4735652836763585
33578,0.8139285714285716,0,1,0,586274,19336,90561,17395,0.1791100077809478,0.4735781764721897
33579,0.8139920634920635,1,0,1,586274,19336,90562,17394,0.1791100077809478,0.47356384426898995
33580,0.814,0,2,0,586276,19334,90562,17394,0.17909148171477268,0.47358963188847747
33581,0.8140000000000001,12,25,12,586301,19309,90574,17382,0.17885990588758383,0.473740154261263
33582,0.814047619047619,0,4,0,586305,19305,90574,17382,0.1788228537552336,0.4737918063619266
33583,0.814111111111111,1,0,1,586305,19305,90575,17381,0.1788228537552336,0.47377746279234584
33584,0.8141428571428571,1,0,1,586305,19305,90576,17380,0.1788228537552336,0.4737631184407796
33585,0.8141486291486291,0,1,0,586306,19304,90576,17380,0.17881359072214606,0.4737760331479664
33586,0.8141666666666666,5,7,5,586313,19297,90581,17375,0.17874874949053318,0.4737947207678883
33587,0.8141666666666667,4,7,4,586320,19290,90585,17371,0.1786839082589203,0.47382777338315923
33588,0.8142380952380954,0,2,0,586322,19288,90585,17371,0.1786653821927452,0.473853623939551
33589,0.8142857142857143,0,4,0,586326,19284,90585,17371,0.17862833006039497,0.47390533351520936
33590,0.8143333333333332,2,3,2,586329,19281,90587,17369,0.17860054096113231,0.47391541609822646
33591,0.8143333333333334,3,4,3,586333,19277,90590,17366,0.1785634888287821,0.4739240782687007
33592,0.8144047619047617,0,1,0,586334,19276,90590,17366,0.17855422579569455,0.47393701217182466
33593,0.8144999999999999,0,1,0,586335,19275,90590,17366,0.17854496276260698,0.47394994678092844
33594,0.8145,5,6,5,586341,19269,90595,17361,0.17848938456408167,0.47395577395577393
33595,0.8145238095238095,0,1,0,586342,19268,90595,17361,0.1784801215309941,0.4739687133145868
33596,0.8146428571428572,1,0,1,586342,19268,90596,17360,0.1784801215309941,0.47395435186196355
33597,0.8146666666666665,2,0,2,586342,19268,90598,17358,0.1784801215309941,0.47392562660405174
33598,0.8146666666666667,3,1,3,586343,19267,90601,17355,0.17847085849790656,0.47389547266670307
33599,0.8147500000000001,1,0,1,586343,19267,90602,17354,0.17847085849790656,0.4738811064689659
33600,0.8147619047619048,1,0,1,586343,19267,90603,17353,0.17847085849790656,0.47386673948661934
33601,0.8147777777777777,1,0,1,586343,19267,90604,17352,0.17847085849790656,0.4738523717195991
33602,0.8147857142857142,0,1,0,586344,19266,90604,17352,0.178461595464819,0.47386531214156974
33603,0.814797619047619,1,0,1,586344,19266,90605,17351,0.178461595464819,0.47385094355080976
33604,0.8148333333333333,1,3,1,586347,19263,90606,17350,0.17843380636555634,0.4738753994482834
33605,0.8148487394957982,0,1,0,586348,19262,90606,17350,0.1784245433324688,0.47388834261990603
33606,0.8148499278499279,1,3,1,586351,19259,90607,17349,0.1783967542332061,0.47391280594405594
33607,0.814857142857143,0,2,0,586353,19257,90607,17349,0.178378228167031,0.4739386985740043
33608,0.8148809523809524,1,0,1,586353,19257,90608,17348,0.178378228167031,0.4739243272776943
33609,0.8149285714285714,1,0,1,586353,19257,90609,17347,0.178378228167031,0.4739099551961534
33610,0.8149350649350648,0,1,0,586354,19256,90609,17347,0.17836896513394346,0.47392290249433106
33611,0.8149999999999998,1,1,1,586355,19255,90610,17346,0.17835970210085592,0.47392147755525804
33612,0.815,171,233,171,586588,19022,90781,17175,0.17620141539145578,0.4744868359256292
33613,0.8150000000000002,3,3,3,586591,19019,90784,17172,0.1761736262921931,0.4744826061728054
33614,0.8150238095238096,0,1,0,586592,19018,90784,17172,0.17616436325910556,0.4744957170489085
33615,0.8151428571428571,1,0,1,586592,19018,90785,17171,0.17616436325910556,0.47448119594351873
33616,0.8151428571428572,0,1,0,586593,19017,90785,17171,0.17615510022601802,0.47449430750525035
33617,0.8151666666666667,5,0,5,586593,19017,90790,17166,0.17615510022601802,0.47442168974380233
33618,0.8151666666666668,0,1,0,586594,19016,90790,17166,0.17614583719293045,0.4744348018351667
33619,0.8151904761904762,0,1,0,586595,19015,90790,17166,0.1761365741598429,0.47444791465133634
33620,0.8152174214674217,1,0,1,586595,19015,90791,17165,0.1761365741598429,0.47443338861249307
33621,0.8152222222222221,0,1,0,586596,19014,90791,17165,0.17612731112675534,0.4744465021144863
33622,0.8152380952380951,0,1,0,586597,19013,90791,17165,0.1761180480936678,0.474459616341423
33623,0.8152380952380952,0,2,0,586599,19011,90791,17165,0.17609952202749268,0.4744858469703671
33624,0.8152817460317461,1,0,1,586599,19011,90792,17164,0.17609952202749268,0.4744713199723566
33625,0.8153333333333334,1,1,1,586600,19010,90793,17163,0.17609025899440514,0.47446990849528653
33626,0.8153333333333335,1,0,1,586600,19010,90794,17162,0.17609025899440514,0.47445537985181907
33627,0.8153571428571429,0,2,0,586602,19008,90794,17162,0.17607173292823003,0.4744816145977329
33628,0.8154285714285714,0,1,0,586603,19007,90794,17162,0.17606246989514246,0.47449473305869666
33629,0.8154444444444444,0,1,0,586604,19006,90794,17162,0.17605320686205492,0.4745078522450785
33630,0.8154502164502165,0,1,0,586605,19005,90794,17162,0.17604394382896735,0.47452097215693867
33631,0.8155,0,2,0,586607,19003,90794,17162,0.17602541776279224,0.4745472141573344
33632,0.8155000000000001,0,3,0,586610,19000,90794,17162,0.17599762866352958,0.4745865826005199
33633,0.8156309523809524,1,2,1,586612,18998,90795,17161,0.17597910259735447,0.47459830194419095
33634,0.8156428571428571,0,1,0,586613,18997,90795,17161,0.17596983956426693,0.47461142762320924
33635,0.8156666666666667,2,7,2,586620,18990,90797,17159,0.17590499833265405,0.4746742648482669
33636,0.8156666666666668,1,1,1,586621,18989,90798,17158,0.17589573529956648,0.4746728635848065
33637,0.8157142857142857,1,0,1,586621,18989,90799,17157,0.17589573529956648,0.47465833010568254
33638,0.815797619047619,0,1,0,586622,18988,90799,17157,0.17588647226647894,0.4746714621662747
33639,0.8158333333333332,1,0,1,586622,18988,90800,17156,0.17588647226647894,0.47465692784417884
33640,0.8158333333333333,7,9,7,586631,18979,90807,17149,0.17580310496869095,0.4746733835252436
33641,0.8158333333333334,5,7,5,586638,18972,90812,17144,0.17573826373707807,0.47469265699413005
33642,0.8158531746031747,0,1,0,586639,18971,90812,17144,0.1757290007039905,0.47470580091374776
33643,0.8158809523809523,0,1,0,586640,18970,90812,17144,0.17571973767090296,0.4747189455612782
33644,0.8159285714285714,0,1,0,586641,18969,90812,17144,0.17571047463781542,0.47473209093678176
33645,0.815952380952381,0,1,0,586642,18968,90812,17144,0.17570121160472785,0.474745237040319
33646,0.8159999999999998,1,0,1,586642,18968,90813,17143,0.17570121160472785,0.4747306914790507
33647,0.816,13,11,13,586653,18957,90826,17130,0.17559931824076475,0.4746861750768975
33648,0.8160000000000001,5,3,5,586656,18954,90831,17125,0.1755715291415021,0.4746528451453754
33649,0.8161428571428568,0,1,0,586657,18953,90831,17125,0.17556226610841455,0.4746660014413216
33650,0.8161666666666666,0,1,0,586658,18952,90831,17125,0.17555300307532698,0.47467915846661307
33651,0.8161666666666667,1,4,1,586662,18948,90832,17124,0.17551595094297676,0.47471723220226214
33652,0.8161904761904762,0,2,0,586664,18946,90832,17124,0.17549742487680167,0.47474355420016634
33653,0.81625,1,3,1,586667,18943,90833,17123,0.175469635777539,0.4747684800088726
33654,0.8162500000000001,0,2,0,586669,18941,90833,17123,0.17545110971136388,0.474794809228039
33655,0.8162857142857142,0,1,0,586670,18940,90833,17123,0.17544184667827634,0.47480797493275656
33656,0.8162976190476191,0,1,0,586671,18939,90833,17123,0.1754325836451888,0.47482114136764464
33657,0.8163095238095239,1,0,1,586671,18939,90834,17122,0.1754325836451888,0.47480657774326834
33658,0.8163333333333332,1,1,1,586672,18938,90835,17121,0.17542332061210122,0.4748051803987909
33659,0.8163333333333334,2,0,2,586672,18938,90837,17119,0.17542332061210122,0.47477604903347476
33660,0.8163636363636364,0,1,0,586673,18937,90837,17119,0.17541405757901368,0.47478921677390723
33661,0.8163809523809524,0,1,0,586674,18936,90837,17119,0.1754047945459261,0.4748023852447649
33662,0.8164166666666666,1,2,1,586676,18934,90838,17118,0.175386268479751,0.47481415732830357
33663,0.8164285714285714,0,2,0,586678,18932,90838,17118,0.1753677424135759,0.4748404993065187
33664,0.8164999999999998,0,1,0,586679,18931,90838,17118,0.17535847938048835,0.4748536713917168
33665,0.8164999999999999,1,1,1,586680,18930,90839,17117,0.1753492163474008,0.47485227619496767
33666,0.8165,2,4,2,586684,18926,90841,17115,0.17531216421505058,0.47487583585361115
33667,0.8165079365079366,1,1,1,586685,18925,90842,17114,0.175302901181963,0.4748744415771803
33668,0.8165346320346316,0,2,0,586687,18923,90842,17114,0.17528437511578793,0.4749007964036962
33669,0.8166666666666665,46,73,46,586760,18850,90888,17068,0.17460817370039647,0.4751934962971212
33670,0.8166666666666668,50,58,50,586818,18792,90938,17018,0.1740709177813183,0.4752303825746998
33671,0.8166785714285713,1,0,1,586818,18792,90939,17017,0.1740709177813183,0.4752157278896367
33672,0.8167142857142856,2,0,2,586818,18792,90941,17015,0.1740709177813183,0.4751864160638981
33673,0.8167857142857143,0,1,0,586819,18791,90941,17015,0.17406165474823077,0.475199687203262
33674,0.8168333333333332,2,2,2,586821,18789,90943,17013,0.17404312868205565,0.47519691637338696
33675,0.8168333333333334,0,2,0,586823,18787,90943,17013,0.17402460261588054,0.47522346368715085
33676,0.8168373015873017,0,1,0,586824,18786,90943,17013,0.174015339582793,0.4752367384563815
33677,0.816857142857143,0,1,0,586825,18785,90943,17013,0.17400607654970543,0.47525001396726074
33678,0.8168611111111111,0,1,0,586826,18784,90943,17013,0.1739968135166179,0.4752632902198508
33679,0.8169285714285713,0,2,0,586828,18782,90943,17013,0.17397828745044278,0.47528984495041204
33680,0.8169999999999998,0,2,0,586830,18780,90943,17013,0.17395976138426766,0.47531640264856256
33681,0.8170000000000001,2,4,2,586834,18776,90945,17011,0.17392270925191744,0.47534020733786014
33682,0.8170595238095238,0,2,0,586836,18774,90945,17011,0.17390418318574233,0.47536677378789993
33683,0.8171111111111111,0,1,0,586837,18773,90945,17011,0.17389492015265479,0.475380058126537
33684,0.8171428571428571,0,3,0,586840,18770,90945,17011,0.17386713105339213,0.47541991559766356
33685,0.8171428571428572,2,0,2,586840,18770,90947,17009,0.17386713105339213,0.4753905922468487
33686,0.8171666666666666,1,1,1,586841,18769,90948,17008,0.17385786802030456,0.4753892165357632
33687,0.8171666666666667,1,3,1,586844,18766,90949,17007,0.1738300789210419,0.4754144186956643
33688,0.8171666666666668,1,0,1,586844,18766,90950,17006,0.1738300789210419,0.47539975399754
33689,0.8172142857142856,0,1,0,586845,18765,90950,17006,0.17382081588795434,0.47541304408599144
33690,0.8172142857142858,1,0,1,586845,18765,90951,17005,0.17382081588795434,0.475398378529494
33691,0.8172380952380952,0,1,0,586846,18764,90951,17005,0.1738115528548668,0.47541166932259776
33692,0.8172777777777779,1,1,1,586847,18763,90952,17004,0.17380228982177925,0.47541029440545757
33693,0.817279942279942,0,2,0,586849,18761,90952,17004,0.17378376375560414,0.47543687963092407
33694,0.8173333333333332,2,0,2,586849,18761,90954,17002,0.17378376375560414,0.4754075441098342
33695,0.8173333333333334,1,6,1,586855,18755,90955,17001,0.1737281855570788,0.4754726479471977
33696,0.8173333333333335,1,3,1,586858,18752,90956,17000,0.17370039645781615,0.4754978742447975
33697,0.8174523809523809,0,1,0,586859,18751,90956,17000,0.17369113342472858,0.47551117451260105
33698,0.8175,37,64,37,586923,18687,90993,16963,0.17309829930712511,0.475820476858345
33699,0.8175000000000001,2,2,2,586925,18685,90995,16961,0.17307977324095003,0.47581776356393424
33700,0.8175238095238094,0,1,0,586926,18684,90995,16961,0.17307051020786246,0.4758311123579745
33701,0.8176190476190476,1,0,1,586926,18684,90996,16960,0.17307051020786246,0.4758164066883627
33702,0.817642857142857,0,1,0,586927,18683,90996,16960,0.17306124717477492,0.47582975619336193
33703,0.8176547619047618,1,0,1,586927,18683,90997,16959,0.17306124717477492,0.47581504966051286
33704,0.8176666666666665,0,4,0,586931,18679,90997,16959,0.1730241950424247,0.47586845501992253
33705,0.8176666666666667,2,7,2,586938,18672,90999,16957,0.17295935381081182,0.47593252687417553
33706,0.8176666666666668,0,2,0,586940,18670,90999,16957,0.1729408277446367,0.47595924439329723
33707,0.8176904761904764,0,1,0,586941,18669,90999,16957,0.17293156471154916,0.47597260427777466
33708,0.8177500000000001,0,3,0,586944,18666,90999,16957,0.17290377561228648,0.47601268843163125
33709,0.8177777777777777,1,0,1,586944,18666,91000,16956,0.17290377561228648,0.47599797877716016
33710,0.8178333333333332,0,1,0,586945,18665,91000,16956,0.17289451257919894,0.47601134162432274
33711,0.8178333333333333,3,8,3,586953,18657,91003,16953,0.1728204083144985,0.47607413647851726
33712,0.8178333333333334,0,1,0,586954,18656,91003,16953,0.17281114528141095,0.4760875059675925
33713,0.8178571428571427,0,3,0,586957,18653,91003,16953,0.1727833561821483,0.476127618940628
33714,0.8178611111111111,0,1,0,586958,18652,91003,16953,0.17277409314906073,0.4761409914337874
33715,0.8178809523809524,1,1,1,586959,18651,91004,16952,0.17276483011597318,0.4761396511529927
33716,0.8179166666666666,1,1,1,586960,18650,91005,16951,0.1727555670828856,0.47613831072160895
33717,0.8179761904761902,0,2,0,586962,18648,91005,16951,0.1727370410167105,0.47616506081631504
33718,0.8179761904761904,0,1,0,586963,18647,91005,16951,0.17272777798362296,0.47617843699084217
33719,0.818,16,23,16,586986,18624,91021,16935,0.17251472822260921,0.47625073820973596
33720,0.8180000000000001,1,0,1,586986,18624,91022,16934,0.17251472822260921,0.47623600877439676
33721,0.8180238095238095,0,2,0,586988,18622,91022,16934,0.1724962021564341,0.47626279671504107
33722,0.818047619047619,1,0,1,586988,18622,91023,16933,0.1724962021564341,0.4762480663760371
33723,0.8180515873015873,1,2,1,586990,18620,91024,16932,0.172477676090259,0.47626012601260126
33724,0.818095238095238,0,1,0,586991,18619,91024,16932,0.17246841305717145,0.4762735225450761
33725,0.8181428571428571,0,1,0,586992,18618,91024,16932,0.17245915002408388,0.4762869198312236
33726,0.8181538461538461,0,1,0,586993,18617,91024,16932,0.17244988699099634,0.4763003178711075
33727,0.8181666666666665,0,1,0,586994,18616,91024,16932,0.17244062395790877,0.4763137166647913
33728,0.8181666666666666,2,4,2,586998,18612,91026,16930,0.17240357182555857,0.47633785380676386
33729,0.8182142857142857,0,1,0,586999,18611,91026,16930,0.172394308792471,0.476351256295546
33730,0.8182222222222222,0,1,0,587000,18610,91026,16930,0.17238504575938346,0.4763646595385481
33731,0.8182341269841268,0,2,0,587002,18608,91026,16930,0.17236651969320835,0.4763914682874669
33732,0.8182380952380953,0,2,0,587004,18606,91026,16930,0.17234799362703324,0.4764182800540297
33733,0.8183333333333332,19,29,19,587033,18577,91045,16911,0.17207936566749416,0.47652727682596935
33734,0.8183333333333335,16,24,16,587057,18553,91061,16895,0.17185705287339287,0.4766136312344843
33735,0.8183809523809523,1,0,1,587057,18553,91062,16894,0.17185705287339287,0.47659886591248907
33736,0.818404761904762,0,1,0,587058,18552,91062,16894,0.1718477898403053,0.4766123116853806
33737,0.8184444444444443,1,0,1,587058,18552,91063,16893,0.1718477898403053,0.47659754549301736
33738,0.8184523809523809,0,1,0,587059,18551,91063,16893,0.17183852680721776,0.47661099198736034
33739,0.8184761904761905,0,1,0,587060,18550,91063,16893,0.17182926377413021,0.4766244392404706
33740,0.8184949494949495,0,1,0,587061,18549,91063,16893,0.17182000074104264,0.4766378872524124
33741,0.8184999999999999,4,4,4,587065,18545,91067,16889,0.17178294860869242,0.4766326127448214
33742,0.8185714285714285,0,1,0,587066,18544,91067,16889,0.17177368557560488,0.4766460644032399
33743,0.8185714285714286,1,3,1,587069,18541,91068,16888,0.17174589647634222,0.4766716531654859
33744,0.8185833333333333,1,0,1,587069,18541,91069,16887,0.17174589647634222,0.4766568815626058
33745,0.818607142857143,0,1,0,587070,18540,91069,16887,0.17173663344325465,0.47667033618426624
33746,0.8186147186147186,0,1,0,587071,18539,91069,16887,0.1717273704101671,0.4766837915655169
33747,0.8186190476190476,1,0,1,587071,18539,91070,16886,0.1717273704101671,0.47666901905434017
33748,0.8186190476190477,1,1,1,587072,18538,91071,16885,0.17171810737707954,0.47666770177568246
33749,0.8186666666666667,1,1,1,587073,18537,91072,16884,0.171708844343992,0.47666638434826797
33750,0.8186666666666668,3,5,3,587078,18532,91075,16881,0.17166252917855424,0.47668935136814167
33751,0.8186666666666669,0,2,0,587080,18530,91075,16881,0.17164400311237912,0.4767162746039366
33752,0.8186904761904762,0,2,0,587082,18528,91075,16881,0.171625477046204,0.4767432008811319
33753,0.8187142857142856,0,2,0,587084,18526,91075,16881,0.1716069509800289,0.4767701302002429
33754,0.8187222222222222,1,0,1,587084,18526,91076,16880,0.1716069509800289,0.47675535220019205
33755,0.81875,0,2,0,587086,18524,91076,16880,0.1715884249138538,0.4767822844876285
33756,0.8187857142857143,0,1,0,587087,18523,91076,16880,0.17157916188076625,0.47679575177244865
33757,0.8188333333333333,0,1,0,587088,18522,91076,16880,0.17156989884767868,0.4768092198180894
33758,0.8188333333333334,2,0,2,587088,18522,91078,16878,0.17156989884767868,0.47677966101694913
33759,0.8188571428571427,1,0,1,587088,18522,91079,16877,0.17156989884767868,0.47676488036385206
33760,0.8188809523809524,1,0,1,587088,18522,91080,16876,0.17156989884767868,0.4767500988756427
33761,0.8188864191364189,0,5,0,587093,18517,91080,16876,0.1715235836822409,0.4768174497782047
33762,0.8189047619047619,0,1,0,587094,18516,91080,16876,0.17151432064915337,0.47683092224231466
33763,0.8189761904761904,1,1,1,587095,18515,91081,16875,0.1715050576160658,0.47682961288499576
33764,0.8189761904761906,0,1,0,587096,18514,91081,16875,0.17149579458297826,0.4768430868348922
33765,0.819,1,2,1,587098,18512,91082,16874,0.17147726851680314,0.47685525349008084
33766,0.8190000000000001,4,7,4,587105,18505,91086,16870,0.17141242728519027,0.4768904593639576
33767,0.8190476190476191,0,1,0,587106,18504,91086,16870,0.1714031642521027,0.47690394074744163
33768,0.8191190476190476,0,1,0,587107,18503,91086,16870,0.17139390121901515,0.47691742289316713
33769,0.8191666666666666,9,14,9,587121,18489,91095,16861,0.1712642187557894,0.47697312588401697
33770,0.8191666666666667,5,8,5,587129,18481,91100,16856,0.17119011449108895,0.47700710303647736
33771,0.8191666666666668,0,1,0,587130,18480,91100,16856,0.1711808514580014,0.47702060221870046
33772,0.8192142857142857,0,1,0,587131,18479,91100,16856,0.17117158842491387,0.4770341021649922
33773,0.8192499999999998,1,1,1,587132,18478,91101,16855,0.1711623253918263,0.4770328021962471
33774,0.8192503052503052,0,2,0,587134,18476,91101,16855,0.17114379932565119,0.4770598058362345
33775,0.8192857142857143,0,2,0,587136,18474,91101,16855,0.17112527325947607,0.4770868125336126
33776,0.8193333333333332,2,1,2,587137,18473,91103,16853,0.17111601022638853,0.47707071278944685
33777,0.8193333333333334,4,3,4,587140,18470,91107,16849,0.17108822112712588,0.4770520116651094
33778,0.8194047619047621,0,1,0,587141,18469,91107,16849,0.1710789580940383,0.4770655189988108
33779,0.8194285714285714,0,1,0,587142,18468,91107,16849,0.17106969506095077,0.47707902709743183
33780,0.8194365079365079,0,2,0,587144,18466,91107,16849,0.17105116899477565,0.4771060455896928
33781,0.8194761904761906,0,2,0,587146,18464,91107,16849,0.17103264292860054,0.47713306714241216
33782,0.8194999999999999,0,3,0,587149,18461,91107,16849,0.1710048538293379,0.4771736052109884
33783,0.8195,3,3,3,587152,18458,91110,16846,0.1709770647300752,0.4771697258101065
33784,0.8195238095238095,1,0,1,587152,18458,91111,16845,0.1709770647300752,0.47715491601280347
33785,0.8195833333333333,0,3,0,587155,18455,91111,16845,0.17094927563081255,0.47719546742209634
33786,0.8195833333333334,1,0,1,587155,18455,91112,16844,0.17094927563081255,0.4771806566758265
33787,0.8196053391053393,0,1,0,587156,18454,91112,16844,0.170940012597725,0.47719417530738284
33788,0.8196547619047619,0,1,0,587157,18453,91112,16844,0.17093074956463744,0.4772076947049324
33789,0.8196666666666665,1,0,1,587157,18453,91113,16843,0.17093074956463744,0.4771928830462375
33790,0.8196666666666667,3,3,3,587160,18450,91116,16840,0.1709029604653748,0.4771890053839615
33791,0.8196666666666669,0,5,0,587165,18445,91116,16840,0.17085664529993702,0.4772566246280289
33792,0.8197142857142857,1,2,1,587167,18443,91117,16839,0.1708381192337619,0.4772688623093929
33793,0.8197777777777776,1,0,1,587167,18443,91118,16838,0.1708381192337619,0.47725404608712907
33794,0.8197817460317459,1,3,1,587170,18440,91119,16837,0.17081033013449923,0.47727981404314423
33795,0.8198333333333333,1,1,1,587171,18439,91120,16836,0.17080106710141169,0.4772785258681786
33796,0.8198809523809524,0,1,0,587172,18438,91120,16836,0.17079180406832414,0.47729205647218914
33797,0.8199047619047619,1,1,1,587173,18437,91121,16835,0.17078254103523657,0.47729076888183264
33798,0.8199523809523807,1,0,1,587173,18437,91122,16834,0.17078254103523657,0.4772759490799807
33799,0.8199523809523811,0,1,0,587174,18436,91122,16834,0.17077327800214903,0.4772894811454494
33800,0.8199999999999998,2,2,2,587176,18434,91124,16832,0.17075475193597392,0.4772869052345035
33801,0.82,745,960,745,588136,17474,91869,16087,0.16186224017192188,0.47933613420339083
33802,0.8200000000000002,2,4,2,588140,17470,91871,16085,0.1618251880395717,0.4793622410967069
33803,0.8200292397660819,0,2,0,588142,17468,91871,16085,0.16180666197339658,0.4793908145322326
33804,0.8200512265512265,1,0,1,588142,17468,91872,16084,0.16180666197339658,0.4793752980448259
33805,0.8201428571428572,0,2,0,588144,17466,91872,16084,0.16178813590722146,0.4794038748137109
33806,0.8201666666666665,0,2,0,588146,17464,91872,16084,0.16176960984104635,0.47943245498986525
33807,0.8201666666666667,2,5,2,588151,17459,91874,16082,0.1617232946756086,0.4794728839330968
33808,0.8201666666666668,1,1,1,588152,17458,91875,16081,0.16171403164252102,0.479471659858672
33809,0.8202142857142856,1,0,1,588152,17458,91876,16080,0.16171403164252102,0.47945613930466935
33810,0.8202142857142857,0,1,0,588153,17457,91876,16080,0.16170476860943347,0.4794704356382503
33811,0.8203333333333334,1,5,1,588158,17452,91877,16079,0.1616584534439957,0.47952640839819866
33812,0.8203571428571432,0,1,0,588159,17451,91877,16079,0.16164919041090814,0.47954070981210856
33813,0.8204166666666666,1,0,1,588159,17451,91878,16078,0.16164919041090814,0.4795251871514212
33814,0.8204285714285714,1,0,1,588159,17451,91879,16077,0.16164919041090814,0.4795096635647817
33815,0.8204523809523809,1,0,1,588159,17451,91880,16076,0.16164919041090814,0.47949413905210725
33816,0.8205,3,3,3,588162,17448,91883,16073,0.16162140131164549,0.47949046866143613
33817,0.8205476190476189,0,2,0,588164,17446,91883,16073,0.16160287524547037,0.4795190787314657
33818,0.8205515873015874,0,3,0,588167,17443,91883,16073,0.16157508614620772,0.47956200023869194
33819,0.8205952380952382,0,3,0,588170,17440,91883,16073,0.16154729704694507,0.4796049294303703
33820,0.8206428571428573,0,1,0,588171,17439,91883,16073,0.1615380340138575,0.4796192408689425
33821,0.8206666666666664,0,2,0,588173,17437,91883,16073,0.16151950794768238,0.4796478663085646
33822,0.8206666666666667,3,6,3,588179,17431,91886,16070,0.16146392974915708,0.47968717351720846
33823,0.8206666666666668,1,2,1,588181,17429,91887,16069,0.16144540368298196,0.47970028061376796
33824,0.8207142857142855,0,1,0,588182,17428,91887,16069,0.1614361406498944,0.47971460130757976
33825,0.8207142857142857,1,0,1,588182,17428,91888,16068,0.1614361406498944,0.479699068545498
33826,0.8208333333333333,4,21,4,588203,17407,91892,16064,0.16124161695505576,0.47993785665202715
33827,0.8208333333333334,4,14,4,588217,17393,91896,16060,0.16111193449183,0.48007652527426536
33828,0.8208571428571427,0,1,0,588218,17392,91896,16060,0.16110267145874246,0.48009087647973214
33829,0.8208809523809524,0,1,0,588219,17391,91896,16060,0.1610934084256549,0.48010522854324233
33830,0.8208888888888892,0,1,0,588220,17390,91896,16060,0.16108414539256735,0.48011958146487294
33831,0.8208928571428571,0,1,0,588221,17389,91896,16060,0.16107488235947978,0.4801339352447009
33832,0.8209166666666667,0,1,0,588222,17388,91896,16060,0.16106561932639224,0.48014828988280317
33833,0.8209404761904763,1,0,1,588222,17388,91897,16059,0.16106561932639224,0.4801327473315992
33834,0.820952380952381,0,1,0,588223,17387,91897,16059,0.16105635629330467,0.4801471027925611
33835,0.8209642857142856,0,3,0,588226,17384,91897,16059,0.16102856719404202,0.48019017432646594
33836,0.8209999999999998,0,1,0,588227,17383,91897,16059,0.16101930416095447,0.48020453322169726
33837,0.821,3,13,3,588240,17370,91900,16056,0.16089888473081626,0.48034464189553044
33838,0.8210000000000001,1,2,1,588242,17368,91901,16055,0.16088035866464115,0.48035783741734733
33839,0.8210357142857141,0,1,0,588243,17367,91901,16055,0.1608710956315536,0.4803722099216085
33840,0.8211060606060606,0,2,0,588245,17365,91901,16055,0.1608525695653785,0.4804009575104728
33841,0.8211111111111111,0,1,0,588246,17364,91901,16055,0.16084330653229093,0.4804153325952303
33842,0.8211190476190479,0,1,0,588247,17363,91901,16055,0.16083404349920338,0.48042970854030764
33843,0.8211640867302629,2,2,2,588249,17361,91903,16053,0.16081551743302827,0.4804273657748249
33844,0.8211666666666666,1,0,1,588249,17361,91904,16052,0.16081551743302827,0.4804118157603328
33845,0.8211666666666667,0,2,0,588251,17359,91904,16052,0.16079699136685316,0.4804405734638293
33846,0.8212380952380951,0,1,0,588252,17358,91904,16052,0.16078772833376562,0.4804549536067046
33847,0.8212936507936507,0,1,0,588253,17357,91904,16052,0.16077846530067805,0.48046933461043434
33848,0.8213095238095239,0,2,0,588255,17355,91904,16052,0.16075993923450294,0.4804980992007663
33849,0.8213333333333332,1,5,1,588260,17350,91905,16051,0.16071362406906517,0.4805544744169336
33850,0.8213333333333334,0,3,0,588263,17347,91905,16051,0.16068583496980252,0.48059764057728005
33851,0.8213928571428571,1,1,1,588264,17346,91906,16050,0.16067657193671495,0.48059647862019406
33852,0.8214166666666667,0,1,0,588265,17345,91906,16050,0.1606673089036274,0.4806108698907022
33853,0.8214285714285713,1,0,1,588265,17345,91907,16049,0.1606673089036274,0.48059531652392645
33854,0.8214523809523808,0,2,0,588267,17343,91907,16049,0.1606487828374523,0.48062410158121704
33855,0.8214999999999999,0,1,0,588268,17342,91907,16049,0.16063951980436475,0.4806384954029529
33856,0.8215,1,6,1,588274,17336,91908,16048,0.16058394160583941,0.48070932183081716
33857,0.8215000000000002,0,1,0,588275,17335,91908,16048,0.16057467857275187,0.4807237216547344
33858,0.8215238095238095,1,0,1,588275,17335,91909,16047,0.16057467857275187,0.4807081660775268
33859,0.8215357142857143,0,2,0,588277,17333,91909,16047,0.16055615250657676,0.4807369682444578
33860,0.8216666666666665,18,36,18,588313,17297,91927,16029,0.1602226833154248,0.48097581467922945
33861,0.8216666666666668,15,33,15,588346,17264,91942,16014,0.15991700322353553,0.4812188232465893
33862,0.8217142857142857,0,1,0,588347,17263,91942,16014,0.15990774019044796,0.48123328425038314
33863,0.8217857142857143,1,0,1,588347,17263,91943,16013,0.15990774019044796,0.4812176944344272
33864,0.8218333333333332,0,1,0,588348,17262,91943,16013,0.1598984771573604,0.4812321562734786
33865,0.8218333333333334,0,1,0,588349,17261,91943,16013,0.15988921412427284,0.48124661898178756
33866,0.8218452380952381,0,1,0,588350,17260,91943,16013,0.1598799510911853,0.48126108255943256
33867,0.8218679653679654,0,2,0,588352,17258,91943,16013,0.1598614250250102,0.4812900123230441
33868,0.8219047619047618,1,0,1,588352,17258,91944,16012,0.1598614250250102,0.48127442140066123
33869,0.8219166666666667,0,1,0,588353,17257,91944,16012,0.15985216199192265,0.4812888875529773
33870,0.821952380952381,0,1,0,588354,17256,91944,16012,0.15984289895883508,0.4813033545749669
33871,0.8219999999999998,0,1,0,588355,17255,91944,16012,0.15983363592574754,0.48131782246670873
33872,0.8220000000000001,8,16,8,588371,17239,91952,16004,0.15968542739634667,0.4814246608308516
33873,0.8220454019664547,0,1,0,588372,17238,91952,16004,0.1596761643632591,0.48143914325251186
33874,0.8220833333333333,0,1,0,588373,17237,91952,16004,0.15966690133017156,0.48145362654553114
33875,0.8220833333333334,1,0,1,588373,17237,91953,16003,0.15966690133017156,0.48143802647412753
33876,0.8220941558441558,0,1,0,588374,17236,91953,16003,0.159657638297084,0.4814525106050122
33877,0.8221190476190476,0,1,0,588375,17235,91953,16003,0.15964837526399644,0.4814669956074373
33878,0.8221666666666665,1,1,1,588376,17234,91954,16002,0.15963911223090888,0.4814658803706824
33879,0.8221666666666667,2,4,2,588380,17230,91956,16000,0.15960206009855868,0.48149262714414687
33880,0.8222142857142856,0,2,0,588382,17228,91956,16000,0.15958353403238357,0.48152160828217166
33881,0.8222142857142858,1,0,1,588382,17228,91957,15999,0.15958353403238357,0.48150600415324885
33882,0.8222857142857143,1,0,1,588382,17228,91958,15998,0.15958353403238357,0.48149039908505387
33883,0.8223333333333332,2,3,2,588385,17225,91960,15996,0.1595557449331209,0.48150266397760455
33884,0.8223333333333334,0,4,0,588389,17221,91960,15996,0.1595186928007707,0.48156064665683235
33885,0.8223333333333335,1,2,1,588391,17219,91961,15995,0.15950016673459558,0.48157403504546276
33886,0.8223571428571428,1,0,1,588391,17219,91962,15994,0.15950016673459558,0.4815584259175624
33887,0.8223809523809522,0,1,0,588392,17218,91962,15994,0.15949090370150804,0.481572925448633
33888,0.8224999999999999,1,3,1,588395,17215,91963,15993,0.15946311460224535,0.48160081907973984
33889,0.8225,35,61,35,588456,17154,91998,15958,0.15889806958390457,0.48194008214544576
33890,0.8225000000000001,2,3,2,588459,17151,92000,15956,0.15887028048464188,0.48195245718428126
33891,0.8225238095238094,0,1,0,588460,17150,92000,15956,0.15886101745155434,0.4819670150425905
33892,0.822547619047619,1,0,1,588460,17150,92001,15955,0.15886101745155434,0.48195136686301165
33893,0.8226190476190476,1,1,1,588461,17149,92002,15954,0.15885175441846677,0.48195027640999305
33894,0.8226190476190477,0,3,0,588464,17146,92002,15954,0.15882396531920412,0.4819939577039275
33895,0.822642432129274,1,3,1,588467,17143,92003,15953,0.15879617621994147,0.4820219966159052
33896,0.8226666666666665,1,0,1,588467,17143,92004,15952,0.15879617621994147,0.48200634536939113
33897,0.8226666666666667,5,4,5,588471,17139,92009,15947,0.15875912408759124,0.4819863386326543
33898,0.8226666666666668,1,1,1,588472,17138,92010,15946,0.1587498610545037,0.481985249667513
33899,0.8227142857142857,0,1,0,588473,17137,92010,15946,0.15874059802141613,0.48199981863797114
33900,0.8227380952380954,0,2,0,588475,17135,92010,15946,0.15872207195524102,0.4820289592213053
33901,0.8227619047619047,0,1,0,588476,17134,92010,15946,0.15871280892215348,0.482043530834341
33902,0.8227777777777777,1,0,1,588476,17134,92011,15945,0.15871280892215348,0.48202787266846037
33903,0.8227777777777778,1,0,1,588476,17134,92012,15944,0.15871280892215348,0.48201221355583773
33904,0.8228095238095239,0,1,0,588477,17133,92012,15944,0.1587035458890659,0.48202678598421866
33905,0.8228333333333332,1,1,1,588478,17132,92013,15943,0.15869428285597836,0.4820256991685563
33906,0.8228333333333333,3,6,3,588484,17126,92016,15940,0.15863870465745303,0.48206617068892516
33907,0.8228571428571427,0,1,0,588485,17125,92016,15940,0.15862944162436549,0.4820807500378043
33908,0.822857142857143,2,0,2,588485,17125,92018,15938,0.15862944162436549,0.48204942080270996
33909,0.822904761904762,2,1,2,588486,17124,92020,15936,0.15862017859127792,0.482032667876588
33910,0.8229166666666667,1,1,1,588487,17123,92021,15935,0.15861091555819037,0.48203158085788617
33911,0.8229264069264071,0,1,0,588488,17122,92021,15935,0.15860165252510283,0.4820461626886892
33912,0.8229642857142856,0,2,0,588490,17120,92021,15935,0.15858312645892772,0.482075328997126
33913,0.8229761904761905,0,2,0,588492,17118,92021,15935,0.1585646003927526,0.48210449883520406
33914,0.8229880952380952,1,1,1,588493,17117,92022,15934,0.15855533735966504,0.4821034159329521
33915,0.823,8,5,8,588498,17112,92030,15926,0.15850902219422727,0.4820509716084509
33916,0.8230000000000001,0,1,0,588499,17111,92030,15926,0.15849975916113973,0.48206556285377
33917,0.8230833333333334,0,1,0,588500,17110,92030,15926,0.15849049612805216,0.4820801549824434
33918,0.823095238095238,0,1,0,588501,17109,92030,15926,0.15848123309496462,0.4820947479945512
33919,0.8231190476190475,0,1,0,588502,17108,92030,15926,0.15847197006187705,0.48210934189017374
33920,0.8231666666666666,0,3,0,588505,17105,92030,15926,0.1584441809626144,0.4821531288789319
33921,0.8231666666666668,1,2,1,588507,17103,92031,15925,0.15842565489643928,0.48216664648177304
33922,0.8231818181818181,0,1,0,588508,17102,92031,15925,0.15841639186335174,0.48218124564750053
33923,0.8232023809523806,0,2,0,588510,17100,92031,15925,0.15839786579717663,0.4822104466313399
33924,0.823234126984127,1,1,1,588511,17099,92032,15924,0.1583886027640891,0.4822093692275081
33925,0.8233095238095238,0,1,0,588512,17098,92032,15924,0.15837933973100152,0.48222397189752286
33926,0.8233333333333331,0,2,0,588514,17096,92032,15924,0.1583608136648264,0.48225317989097516
33927,0.8233333333333333,58,62,58,588576,17034,92090,15866,0.15778650561339805,0.48224924012158055
33928,0.8233333333333335,35,59,35,588635,16975,92125,15831,0.15723998666123234,0.4825641650917515
33929,0.8233571428571429,1,1,1,588636,16974,92126,15830,0.1572307236281448,0.4825631020607243
33930,0.8233809523809523,0,1,0,588637,16973,92126,15830,0.15722146059505723,0.4825778130049081
33931,0.8234444444444443,1,0,1,588637,16973,92127,15829,0.15722146059505723,0.48256203890006705
33932,0.8234999999999999,1,1,1,588638,16972,92128,15828,0.1572121975619697,0.4825609756097561
33933,0.8235000000000001,1,3,1,588641,16969,92129,15827,0.15718440846270704,0.4825893401634346
33934,0.8235000000000002,0,1,0,588642,16968,92129,15827,0.15717514542961947,0.4826040554962647
33935,0.8236388888888887,0,1,0,588643,16967,92129,15827,0.15716588239653193,0.48261877172653533
33936,0.8236574259074261,0,1,0,588644,16966,92129,15827,0.15715661936344436,0.48263348885432866
33937,0.8236666666666665,0,1,0,588645,16965,92129,15827,0.1571473563303568,0.48264820687972676
33938,0.8236666666666668,2,2,2,588647,16963,92131,15825,0.1571288302641817,0.4826460900329389
33939,0.8236904761904761,1,0,1,588647,16963,92132,15824,0.1571288302641817,0.4826303107939122
33940,0.8237380952380952,0,3,0,588650,16960,92132,15824,0.15710104116491905,0.4826744753538311
33941,0.82375,0,1,0,588651,16959,92132,15824,0.15709177813183148,0.4826891986700424
33942,0.8237619047619046,0,1,0,588652,16958,92132,15824,0.15708251509874394,0.4827039228845098
33943,0.8238095238095238,0,1,0,588653,16957,92132,15824,0.15707325206565637,0.4827186479973155
33944,0.8238333333333333,1,0,1,588653,16957,92133,15823,0.15707325206565637,0.48270286760219644
33945,0.8238333333333334,1,1,1,588654,16956,92134,15822,0.15706398903256882,0.4827018121911038
33946,0.823940476190476,0,1,0,588655,16955,92134,15822,0.15705472599948128,0.4827165390365195
33947,0.8239523809523809,0,1,0,588656,16954,92134,15822,0.1570454629663937,0.48273126678057116
33948,0.824,1,2,1,588658,16952,92135,15821,0.1570269369002186,0.4827449424831416
33949,0.8240000000000001,12,20,12,588678,16932,92147,15809,0.15684167623846754,0.48285024892336825
33950,0.8240119047619048,0,2,0,588680,16930,92147,15809,0.15682315017229242,0.48287974586884147
33951,0.8240476190476191,2,0,2,588680,16930,92149,15807,0.15682315017229242,0.48284815346549775
33952,0.8241111111111112,0,1,0,588681,16929,92149,15807,0.15681388713920486,0.48286290322580644
33953,0.8241666666666664,0,1,0,588682,16928,92149,15807,0.1568046241061173,0.4828776538872766
33954,0.8241666666666666,10,11,10,588693,16917,92159,15797,0.1567027307421542,0.48288194656721894
33955,0.8241666666666667,5,10,5,588703,16907,92164,15792,0.15661010041127868,0.48295054894645095
33956,0.8241666666666668,1,0,1,588703,16907,92165,15791,0.15661010041127868,0.4829347360694844
33957,0.8242380952380952,1,0,1,588703,16907,92166,15790,0.15661010041127868,0.4829189222252806
33958,0.8242857142857143,0,8,0,588711,16899,92166,15790,0.15653599614657823,0.4830371072837958
33959,0.8243095238095237,1,0,1,588711,16899,92167,15789,0.15653599614657823,0.4830212922173275
33960,0.8243333333333331,1,2,1,588713,16897,92168,15788,0.15651747008040312,0.4830350313599511
33961,0.8243333333333333,2,0,2,588713,16897,92170,15786,0.15651747008040312,0.48300339626105315
33962,0.8243333333333334,2,0,2,588713,16897,92172,15784,0.15651747008040312,0.4829717572901686
33963,0.8243946886446887,0,1,0,588714,16896,92172,15784,0.15650820704731558,0.48298653610771114
33964,0.8244047619047618,1,2,1,588716,16894,92173,15783,0.15648968098114047,0.48300027542308044
33965,0.8244047619047619,0,1,0,588717,16893,92173,15783,0.1564804179480529,0.48301505692251195
33966,0.8244285714285714,1,0,1,588717,16893,92174,15782,0.1564804179480529,0.48299923488905894
33967,0.8245,1,0,1,588717,16893,92175,15781,0.1564804179480529,0.4829834118871274
33968,0.8245238095238094,0,1,0,588718,16892,92175,15781,0.15647115491496535,0.4829981942276497
33969,0.8245476190476191,1,0,1,588718,16892,92176,15780,0.15647115491496535,0.48298237022526935
33970,0.8246190476190478,0,2,0,588720,16890,92176,15780,0.15645262884879024,0.4830119375573921
33971,0.8246309523809523,0,1,0,588721,16889,92176,15780,0.1564433658157027,0.4830267225810401
33972,0.8246666666666665,1,0,1,588721,16889,92177,15779,0.1564433658157027,0.4830108975143872
33973,0.8246666666666667,7,9,7,588730,16880,92184,15772,0.1563599985179147,0.4830331985789538
33974,0.8246796536796533,0,2,0,588732,16878,92184,15772,0.1563414724517396,0.483062787136294
33975,0.8247023809523809,1,2,1,588734,16876,92185,15771,0.1563229463855645,0.4830765460838668
33976,0.8247142857142857,1,0,1,588734,16876,92186,15770,0.1563229463855645,0.48306071187894384
33977,0.8247222222222222,1,0,1,588734,16876,92187,15769,0.1563229463855645,0.4830448767039363
33978,0.8247615995115994,0,4,0,588738,16872,92187,15769,0.15628589425321426,0.48310407156643487
33979,0.8247619047619047,1,0,1,588738,16872,92188,15768,0.15628589425321426,0.48308823529411765
33980,0.8247619047619048,0,1,0,588739,16871,92188,15768,0.15627663122012672,0.483103036244983
33981,0.8248333333333332,0,2,0,588741,16869,92188,15768,0.1562581051539516,0.48313264086772684
33982,0.8248333333333333,0,3,0,588744,16866,92188,15768,0.15623031605468896,0.48317705460562604
33983,0.8248333333333335,0,1,0,588745,16865,92188,15768,0.15622105302160139,0.48319186099960165
33984,0.8248636363636362,0,1,0,588746,16864,92188,15768,0.15621178998851384,0.4832066683010542
33985,0.8248809523809524,1,0,1,588746,16864,92189,15767,0.15621178998851384,0.48319083080506264
33986,0.8249603174603173,0,1,0,588747,16863,92189,15767,0.15620252695542627,0.48320563898253144
33987,0.8249999999999998,2,5,2,588752,16858,92191,15765,0.1561562117899885,0.4832480152039972
33988,0.825,165,208,165,588960,16650,92356,15600,0.15422950090777723,0.48372093023255813
33989,0.8250000000000002,3,1,3,588961,16649,92359,15597,0.1542202378746897,0.4836878992743286
33990,0.8250000000000003,0,1,0,588962,16648,92359,15597,0.15421097484160212,0.48370289967436814
33991,0.8250476190476193,0,1,0,588963,16647,92359,15597,0.15420171180851458,0.48371790100483814
33992,0.8250952380952381,0,2,0,588965,16645,92359,15597,0.15418318574233947,0.4837479064574158
33993,0.8251111111111112,0,1,0,588966,16644,92359,15597,0.15417392270925193,0.48376291057969667
33994,0.8251190476190476,1,0,1,588966,16644,92360,15596,0.15417392270925193,0.4837468982630273
33995,0.8251666666666666,0,1,0,588967,16643,92360,15596,0.15416465967616436,0.48376190328484137
33996,0.8251973304473301,1,0,1,588967,16643,92361,15595,0.15416465967616436,0.4837458899435449
33997,0.8252142857142857,0,1,0,588968,16642,92361,15595,0.15415539664307681,0.4837608958649998
33998,0.82525,0,1,0,588969,16641,92361,15595,0.15414613360998924,0.48377590271745874
33999,0.8252857142857143,0,1,0,588970,16640,92361,15595,0.1541368705769017,0.4837909105010082
34000,0.8253333333333331,1,0,1,588970,16640,92362,15594,0.1541368705769017,0.48377489607247004
34001,0.8253333333333334,1,4,1,588974,16636,92363,15593,0.15409981844455148,0.48381892084768374
34002,0.8253333333333335,1,0,1,588974,16636,92364,15592,0.15409981844455148,0.48380290430681394
34003,0.8253454356101412,4,4,4,588978,16632,92368,15588,0.15406276631220125,0.48379888268156424
34004,0.8253690476190475,1,0,1,588978,16632,92369,15587,0.15406276631220125,0.4837828610447252
34005,0.8253809523809523,0,2,0,588980,16630,92369,15587,0.15404424024602617,0.483812893813825
34006,0.82540941003441,0,1,0,588981,16629,92369,15587,0.1540349772129386,0.4838279115967221
34007,0.8254166666666666,0,1,0,588982,16628,92369,15587,0.15402571417985106,0.48384293031196646
34008,0.8254166666666667,1,0,1,588982,16628,92370,15586,0.15402571417985106,0.4838269075557211
34009,0.8254761904761904,1,0,1,588982,16628,92371,15585,0.15402571417985106,0.48381088380467513
34010,0.8254761904761905,1,0,1,588982,16628,92372,15584,0.15402571417985106,0.48379485905873587
34011,0.8254999999999998,0,1,0,588983,16627,92372,15584,0.1540164511467635,0.4838098786128962
34012,0.8255,3,1,3,588984,16626,92375,15581,0.15400718811367595,0.48377681870400846
34013,0.8255555555555556,1,0,1,588984,16626,92376,15580,0.15400718811367595,0.48376078991492266
34014,0.8255833333333333,1,0,1,588984,16626,92377,15579,0.15400718811367595,0.4837447601304145
34015,0.8255952380952383,0,1,0,588985,16625,92377,15579,0.15399792508058838,0.4837597813936157
34016,0.8255992063492062,1,0,1,588985,16625,92378,15578,0.15399792508058838,0.4837437505822439
34017,0.8256190476190477,0,1,0,588986,16624,92378,15578,0.15398866204750083,0.4837587727470343
34018,0.8256666666666667,1,2,1,588988,16622,92379,15577,0.15397013598132572,0.48377278797478185
34019,0.8256666666666668,1,1,1,588989,16621,92380,15576,0.15396087294823818,0.4837717799795012
34020,0.8257142857142857,0,4,0,588993,16617,92380,15576,0.15392382081588796,0.48383188891995155
34021,0.825801282051282,0,1,0,588994,16616,92380,15576,0.1539145577828004,0.4838469184890656
34022,0.8258253968253968,0,1,0,588995,16615,92380,15576,0.15390529474971285,0.4838619489919543
34023,0.8258333333333333,5,11,5,589006,16604,92385,15571,0.15380340138574974,0.48394716394716397
34024,0.8258333333333334,6,3,6,589009,16601,92391,15565,0.1537756122864871,0.4838960392961512
34025,0.8258373015873013,0,1,0,589010,16600,92391,15565,0.15376634925339952,0.4839110834758278
34026,0.8258571428571428,0,1,0,589011,16599,92391,15565,0.15375708622031198,0.4839261285909713
34027,0.8258809523809524,0,1,0,589012,16598,92391,15565,0.15374782318722444,0.483941174641669
34028,0.8259444444444445,0,1,0,589013,16597,92391,15565,0.15373856015413687,0.4839562216280082
34029,0.8259999999999998,0,1,0,589014,16596,92391,15565,0.15372929712104932,0.4839712695500762
34030,0.826,13,19,13,589033,16577,92404,15552,0.15355329949238578,0.4840486787637337
34031,0.8260000000000001,0,3,0,589036,16574,92404,15552,0.15352551039312312,0.4840938803461371
34032,0.8260555555555554,1,0,1,589036,16574,92405,15551,0.15352551039312312,0.4840778210116731
34033,0.8260714285714286,1,1,1,589037,16573,92406,15550,0.15351624736003558,0.4840768296858948
34034,0.8261219336219336,0,1,0,589038,16572,92406,15550,0.153506984326948,0.48409189963265054
34035,0.82612987012987,1,1,1,589039,16571,92407,15549,0.15349772129386047,0.48409090909090907
34036,0.8261309523809522,1,1,1,589040,16570,92408,15548,0.1534884582607729,0.48408991842580484
34037,0.8261666666666666,0,1,0,589041,16569,92408,15548,0.15347919522768536,0.4841049911261949
34038,0.8261666666666667,1,3,1,589044,16566,92409,15547,0.1534514061284227,0.4841341512782985
34039,0.8261904761904764,0,2,0,589046,16564,92409,15547,0.1534328800622476,0.4841643050667995
34040,0.8262142857142857,0,2,0,589048,16562,92409,15547,0.15341435399607248,0.4841944626117288
34041,0.8262301587301587,2,1,2,589049,16561,92411,15545,0.1534050909629849,0.48417741232168443
34042,0.8263333333333333,1,2,1,589051,16559,92412,15544,0.15338656489680982,0.48419150858175247
34043,0.8263333333333334,0,2,0,589053,16557,92412,15544,0.1533680388306347,0.4842216753372169
34044,0.8263636363636364,0,1,0,589054,16556,92412,15544,0.15335877579754714,0.4842367601246106
34045,0.826404761904762,1,2,1,589056,16554,92413,15543,0.15334024973137203,0.48425086456678196
34046,0.8264245330692698,2,3,2,589059,16551,92415,15541,0.15331246063210938,0.4842639910258008
34047,0.8264285714285714,0,1,0,589060,16550,92415,15541,0.15330319759902183,0.48427908136237574
34048,0.8264999999999999,1,0,1,589060,16550,92416,15540,0.15330319759902183,0.48426301028357743
34049,0.8265,2,6,2,589066,16544,92418,15538,0.1532476194004965,0.484321426344991
34050,0.8266666666666665,37,82,37,589148,16462,92455,15501,0.15248805068731705,0.4849669930857554
34051,0.8266666666666667,47,48,47,589196,16414,92502,15454,0.15204342509911445,0.48493786870842226
34052,0.8266666666666669,0,1,0,589197,16413,92502,15454,0.1520341620660269,0.484953086264788
34053,0.8267925685425687,2,0,2,589197,16413,92504,15452,0.1520341620660269,0.48492075945394636
34054,0.8267936507936509,0,1,0,589198,16412,92504,15452,0.15202489903293934,0.48493597790610093
34055,0.8268095238095237,1,0,1,589198,16412,92505,15451,0.15202489903293934,0.48491981294918873
34056,0.8268095238095238,0,2,0,589200,16410,92505,15451,0.15200637296676422,0.48495025265999187
34057,0.8268333333333334,0,1,0,589201,16409,92505,15451,0.15199710993367668,0.4849654739485248
34058,0.826952380952381,0,3,0,589204,16406,92505,15451,0.15196932083441403,0.4850111435477289
34059,0.8269999999999998,1,2,1,589206,16404,92506,15450,0.15195079476823892,0.4850254285176116
34060,0.8270000000000001,2,5,2,589211,16399,92508,15448,0.15190447960280115,0.4850692372907966
34061,0.8270833333333333,0,1,0,589212,16398,92508,15448,0.15189521656971358,0.4850844690070967
34062,0.8271363636363637,1,0,1,589212,16398,92509,15447,0.15189521656971358,0.4850682995760716
34063,0.8271428571428572,1,3,1,589215,16395,92510,15446,0.15186742747045093,0.4850978298420276
34064,0.8271666666666665,1,0,1,589215,16395,92511,15445,0.15186742747045093,0.4850816582914573
34065,0.8271666666666667,1,2,1,589217,16393,92512,15444,0.15184890140427582,0.4850959575336872
34066,0.8271666666666668,1,0,1,589217,16393,92513,15443,0.15184890140427582,0.4850797838924488
34067,0.8272857142857143,0,1,0,589218,16392,92513,15443,0.15183963837118827,0.48509502120307835
34068,0.8273333333333333,1,1,1,589219,16391,92514,15442,0.1518303753381007,0.4850940847548142
34069,0.8273333333333334,4,5,4,589224,16386,92518,15438,0.15178406017266294,0.485105580693816
34070,0.8273809523809522,1,0,1,589224,16386,92519,15437,0.15178406017266294,0.48508940074788676
34071,0.8273809523809524,1,0,1,589224,16386,92520,15436,0.15178406017266294,0.48507321978505435
34072,0.8274523809523809,0,1,0,589225,16385,92520,15436,0.1517747971395754,0.4850884635932246
34073,0.8274761904761904,0,1,0,589226,16384,92520,15436,0.15176553410648783,0.4851037083595223
34074,0.8274999999999999,1,1,1,589227,16383,92521,15435,0.15175627107340028,0.48510277201584007
34075,0.8275,38,48,38,589275,16335,92559,15397,0.15131164548519768,0.4852199672255137
34076,0.8275000000000001,0,5,0,589280,16330,92559,15397,0.1512653303197599,0.48529643521291016
34077,0.8275238095238094,0,1,0,589281,16329,92559,15397,0.15125606728667235,0.4853117317027044
34078,0.8275833333333331,0,2,0,589283,16327,92559,15397,0.15123754122049723,0.4853423275753373
34079,0.8276190476190476,0,6,0,589289,16321,92559,15397,0.15118196302197193,0.4854341383441579
34080,0.8276428571428572,0,1,0,589290,16320,92559,15397,0.15117269998888436,0.4854494435160955
34081,0.8276666666666666,1,2,1,589292,16318,92560,15396,0.15115417392270925,0.48546383300750456
34082,0.8276666666666667,3,6,3,589298,16312,92563,15393,0.15109859572418394,0.485507017820533
34083,0.8276666666666668,0,1,0,589299,16311,92563,15393,0.15108933269109637,0.4855223315669947
34084,0.8276904761904763,0,1,0,589300,16310,92563,15393,0.15108006965800883,0.4855376462795319
34085,0.8277619047619048,2,2,2,589302,16308,92565,15391,0.1510615435918337,0.4855358213192845
34086,0.8277777777777777,0,1,0,589303,16307,92565,15391,0.15105228055874614,0.485551138873115
34087,0.8278333333333333,1,3,1,589306,16304,92566,15390,0.1510244914594835,0.48558086704108033
34088,0.8278571428571426,0,1,0,589307,16303,92566,15390,0.15101522842639595,0.48559618843277697
34089,0.8278571428571427,0,1,0,589308,16302,92566,15390,0.15100596539330838,0.4856115107913669
34090,0.8278809523809524,2,0,2,589308,16302,92568,15388,0.15100596539330838,0.48557904701798676
34091,0.8278968253968254,0,1,0,589309,16301,92568,15388,0.15099670236022084,0.4855943702862192
34092,0.828,14,11,14,589320,16290,92582,15374,0.15089480899625773,0.4855356240525518
34093,0.8280476190476189,0,2,0,589322,16288,92582,15374,0.15087628293008262,0.4855662939801655
34094,0.8280555555555555,0,1,0,589323,16287,92582,15374,0.15086701989699508,0.4855816303970184
34095,0.8281111111111111,1,0,1,589323,16287,92583,15373,0.15086701989699508,0.4855653821857233
34096,0.8281666666666666,1,3,1,589326,16284,92584,15372,0.1508392307977324,0.48559514783927216
34097,0.8281666666666667,0,3,0,589329,16281,92584,15372,0.15081144169846974,0.48564117145294283
34098,0.8282142857142857,0,2,0,589331,16279,92584,15372,0.15079291563229463,0.4856718587090455
34099,0.8282142857142858,0,1,0,589332,16278,92584,15372,0.1507836525992071,0.4856872037914692
34100,0.8282777777777777,1,0,1,589332,16278,92585,15371,0.1507836525992071,0.48567095326866566
34101,0.8283152958152956,0,1,0,589333,16277,92585,15371,0.15077438956611952,0.48568629929221435
34102,0.8283333333333331,1,0,1,589333,16277,92586,15370,0.15077438956611952,0.4856700477138433
34103,0.8283333333333333,20,24,20,589357,16253,92606,15350,0.15055207677201823,0.48571338164098343
34104,0.8283333333333335,15,26,15,589383,16227,92621,15335,0.1503112379117418,0.4858690830745834
34105,0.8283571428571429,1,0,1,589383,16227,92622,15334,0.1503112379117418,0.48585279300402395
34106,0.8283690476190476,0,1,0,589384,16226,92622,15334,0.15030197487865427,0.4858681875792142
34107,0.8283809523809523,1,1,1,589385,16225,92623,15333,0.15029271184556672,0.48586729197034034
34108,0.828452380952381,0,1,0,589386,16224,92623,15333,0.15028344881247915,0.4858826884684856
34109,0.8284999999999999,2,5,2,589391,16219,92625,15331,0.1502371336470414,0.4859270998415214
34110,0.8285714285714286,1,0,1,589391,16219,92626,15330,0.1502371336470414,0.4859108054138008
34111,0.8285898268398267,0,2,0,589393,16217,92626,15330,0.15021860758086628,0.4859416109297239
34112,0.8286309523809524,0,2,0,589395,16215,92626,15330,0.15020008151469116,0.48597242035187826
34113,0.8286468253968253,3,0,3,589395,16215,92629,15327,0.15020008151469116,0.48592353053072096
34114,0.8286587301587303,0,1,0,589396,16214,92629,15327,0.15019081848160362,0.4859389366221743
34115,0.8286666666666666,1,1,1,589397,16213,92630,15326,0.15018155544851605,0.485938044960208
34116,0.8286666666666668,0,4,0,589401,16209,92630,15326,0.15014450331616586,0.4859996828920247
34117,0.82875,1,0,1,589401,16209,92631,15325,0.15014450331616586,0.48598338301515825
34118,0.8287500000000001,0,1,0,589402,16208,92631,15325,0.1501352402830783,0.4859987949132655
34119,0.8287619047619049,1,0,1,589402,16208,92632,15324,0.1501352402830783,0.48598249397437526
34120,0.8288095238095238,2,0,2,589402,16208,92634,15322,0.1501352402830783,0.48594988899460834
34121,0.8288333333333333,2,0,2,589402,16208,92636,15320,0.1501352402830783,0.4859172798782035
34122,0.8288333333333334,0,2,0,589404,16206,92636,15320,0.15011671421690317,0.4859481063249381
34123,0.828857142857143,0,2,0,589406,16204,92636,15320,0.15009818815072806,0.48597893668316205
34124,0.8288809523809525,3,2,3,589408,16202,92639,15317,0.15007966208455298,0.4859608490117072
34125,0.8288898878898878,0,2,0,589410,16200,92639,15317,0.15006113601837787,0.48599168702604945
34126,0.8289047619047619,1,0,1,589410,16200,92640,15316,0.15006113601837787,0.4859753775859881
34127,0.8289761904761903,0,1,0,589411,16199,92640,15316,0.1500518729852903,0.48599079803268286
34128,0.829,0,2,0,589413,16197,92640,15316,0.15003334691911518,0.4860216418620887
34129,0.8290000000000001,7,5,7,589418,16192,92647,15309,0.14998703175367742,0.4859845719183518
34130,0.829047619047619,0,1,0,589419,16191,92647,15309,0.14997776872058988,0.486
34131,0.829061688311688,3,0,3,589419,16191,92650,15306,0.14997776872058988,0.48595104295647207
34132,0.8290793650793651,1,0,1,589419,16191,92651,15305,0.14997776872058988,0.48593472186944375
34133,0.829126984126984,0,1,0,589420,16190,92651,15305,0.1499685056875023,0.4859501508175901
34134,0.8291666666666666,8,14,8,589434,16176,92659,15297,0.14983882322427655,0.48603564960442286
34135,0.8291666666666667,14,8,14,589442,16168,92673,15283,0.14976471895957613,0.4859304950558011
34136,0.8291904761904761,0,3,0,589445,16165,92673,15283,0.14973692986031345,0.4859768506741287
34137,0.8292380952380951,0,1,0,589446,16164,92673,15283,0.1497276668272259,0.48599230451235415
34138,0.8292857142857143,0,1,0,589447,16163,92673,15283,0.14971840379413837,0.4860077593334605
34139,0.8293214285714283,1,0,1,589447,16163,92674,15282,0.14971840379413837,0.4859914135792654
34140,0.8293333333333333,1,0,1,589447,16163,92675,15281,0.14971840379413837,0.48597506678539626
34141,0.8293333333333334,1,7,1,589454,16156,92676,15280,0.14965356256252546,0.48606692963481357
34142,0.8293333333333335,0,1,0,589455,16155,92676,15280,0.14964429952943792,0.48608239223795136
34143,0.8293928571428572,0,1,0,589456,16154,92676,15280,0.14963503649635038,0.48609785582490295
34144,0.8294166666666666,0,1,0,589457,16153,92676,15280,0.1496257734632628,0.48611332039576244
34145,0.8294999999999999,1,0,1,589457,16153,92677,15279,0.1496257734632628,0.48609697123950113
34146,0.8295,2,4,2,589461,16149,92679,15277,0.14958872133091258,0.4861261375930758
34147,0.8296168831168831,0,4,0,589465,16145,92679,15277,0.1495516691985624,0.4861880211316912
34148,0.8296666666666666,0,1,0,589466,16144,92679,15277,0.14954240616547482,0.4862034944782152
34149,0.8296666666666667,3,3,3,589469,16141,92682,15274,0.14951461706621216,0.48620085946204045
34150,0.8297142857142857,0,1,0,589470,16140,92682,15274,0.1495053540331246,0.4862163366651811
34151,0.8297490842490842,0,1,0,589471,16139,92682,15274,0.14949609100003705,0.48623181485372297
34152,0.8297857142857142,0,2,0,589473,16137,92682,15274,0.14947756493386194,0.48626277418738656
34153,0.8298333333333332,0,1,0,589474,16136,92682,15274,0.1494683019007744,0.4862782553326966
34154,0.8298333333333333,0,1,0,589475,16135,92682,15274,0.14945903886768683,0.4862937374637843
34155,0.8298333333333335,0,1,0,589476,16134,92682,15274,0.14944977583459929,0.4863092205807438
34156,0.8298888888888888,0,1,0,589477,16133,92682,15274,0.14944051280151172,0.48632470468366923
34157,0.829935064935065,0,1,0,589478,16132,92682,15274,0.14943124976842417,0.4863401897726549
34158,0.8299393939393939,2,0,2,589478,16132,92684,15272,0.14943124976842417,0.48630747675455355
34159,0.8299523809523809,0,3,0,589481,16129,92684,15272,0.14940346066916152,0.4863539377726824
34160,0.8299642857142855,0,1,0,589482,16128,92684,15272,0.14939419763607395,0.48636942675159234
34161,0.8299761904761904,1,3,1,589485,16125,92685,15271,0.1493664085368113,0.48639954134284624
34162,0.8299999999999998,5,5,5,589490,16120,92690,15266,0.14932009337137353,0.4863952080545466
34163,0.83,743,888,743,590378,15232,93433,14523,0.1410945199896254,0.4880860359603428
34164,0.8300000000000002,1,3,1,590381,15229,93434,14522,0.14106673089036273,0.48811804645222007
34165,0.830047619047619,2,3,2,590384,15226,93436,14520,0.14103894179110008,0.48813285819942176
34166,0.8301111111111112,1,0,1,590384,15226,93437,14519,0.14103894179110008,0.4881156496890234
34167,0.8301587301587301,0,1,0,590385,15225,93437,14519,0.14102967875801253,0.4881320602474449
34168,0.8301666666666665,0,1,0,590386,15224,93437,14519,0.14102041572492496,0.48814847190935684
34169,0.8301666666666666,2,3,2,590389,15221,93439,14517,0.1409926266256623,0.4881632927567422
34170,0.8301666666666668,1,1,1,590390,15220,93440,14516,0.14098336359257474,0.4881624966370729
34171,0.8302142857142856,0,1,0,590391,15219,93440,14516,0.1409741005594872,0.4881789137380192
34172,0.8302222222222223,0,1,0,590392,15218,93440,14516,0.14096483752639966,0.48819533194322995
34173,0.8303333333333331,1,1,1,590393,15217,93441,14515,0.14095557449331209,0.48819453787165346
34174,0.8303333333333334,2,2,2,590395,15215,93443,14513,0.14093704842713697,0.48819294940796554
34175,0.8303333333333335,0,1,0,590396,15214,93443,14513,0.14092778539404943,0.4882093719514246
34176,0.830375,2,0,2,590396,15214,93445,14511,0.14092778539404943,0.488174936921783
34177,0.8303809523809523,0,1,0,590397,15213,93445,14511,0.14091852236096186,0.48819136051675416
34178,0.8304166666666666,0,1,0,590398,15212,93445,14511,0.14090925932787432,0.48820778521683544
34179,0.8304761904761905,0,1,0,590399,15211,93445,14511,0.14089999629478678,0.4882242110221385
34180,0.8304999999999998,1,1,1,590400,15210,93446,14510,0.1408907332616992,0.4882234185733513
34181,0.8305,0,2,0,590402,15208,93446,14510,0.1408722071955241,0.48825627565785046
34182,0.8305000000000001,0,1,0,590403,15207,93446,14510,0.14086294416243655,0.48827270585859944
34183,0.8305833333333333,0,1,0,590404,15206,93446,14510,0.14085368112934898,0.48828913716516353
34184,0.8306666666666664,1,1,1,590405,15205,93447,14509,0.14084441809626144,0.48828834892643197
34185,0.8306666666666667,6,7,6,590412,15198,93453,14503,0.14077957686464856,0.48830005723713005
34186,0.8306666666666668,3,1,3,590413,15197,93456,14500,0.140770313831561,0.48826480789305315
34187,0.8307142857142857,0,1,0,590414,15196,93456,14500,0.14076105079847345,0.48828125
34188,0.8307619047619048,0,2,0,590416,15194,93456,14500,0.14074252473229834,0.4883141375362026
34189,0.8307857142857142,1,0,1,590416,15194,93457,14499,0.14074252473229834,0.4882969049944431
34190,0.8308333333333333,9,10,9,590426,15184,93466,14490,0.1406498944014228,0.48830626137359306
34191,0.8308333333333334,7,12,7,590438,15172,93473,14483,0.14053873800437214,0.4883830719946046
34192,0.8308452380952385,0,2,0,590440,15170,93473,14483,0.14052021193819705,0.48841601187063705
34193,0.8309166666666666,0,1,0,590441,15169,93473,14483,0.14051094890510948,0.4884324834749764
34194,0.8309761904761903,0,1,0,590442,15168,93473,14483,0.14050168587202194,0.4884489561903477
34195,0.8309761904761905,0,1,0,590443,15167,93473,14483,0.14049242283893437,0.48846543001686343
34196,0.831,11,4,11,590447,15163,93484,14472,0.14045537070658418,0.48834148810528094
34197,0.8310000000000001,2,1,2,590448,15162,93486,14470,0.1404461076734966,0.48832343412526996
34198,0.831014069264069,0,2,0,590450,15160,93486,14470,0.1404275816073215,0.48835639554505567
34199,0.831047619047619,1,1,1,590451,15159,93487,14469,0.14041831857423395,0.4883556095585257
34200,0.8310714285714285,1,1,1,590452,15158,93488,14468,0.14040905554114638,0.48835482346587455
34201,0.8311111111111111,0,1,0,590453,15157,93488,14468,0.14039979250805884,0.4883713080168776
34202,0.8311428571428572,0,1,0,590454,15156,93488,14468,0.1403905294749713,0.4883877936807994
34203,0.8311666666666667,1,2,1,590456,15154,93489,14467,0.1403720034087962,0.4884034975186523
34204,0.8311904761904763,0,1,0,590457,15153,93489,14467,0.14036274037570862,0.4884199864956111
34205,0.8312142857142857,0,1,0,590458,15152,93489,14467,0.14035347734262107,0.4884364765859752
34206,0.83125,1,0,1,590458,15152,93490,14466,0.14035347734262107,0.4884192045377811
34207,0.8312857142857143,0,1,0,590459,15151,93490,14466,0.1403442143095335,0.48843569571529866
34208,0.8313203463203463,0,1,0,590460,15150,93490,14466,0.14033495127644596,0.488452188006483
34209,0.8313333333333331,0,1,0,590461,15149,93490,14466,0.1403256882433584,0.4884686814114469
34210,0.8313333333333333,3,3,3,590464,15146,93493,14463,0.14029789914409574,0.48846634469249217
34211,0.8313333333333334,0,2,0,590466,15144,93493,14463,0.14027937307792063,0.4884993413719728
34212,0.8313888888888888,1,0,1,590466,15144,93494,14462,0.14027937307792063,0.488482064446396
34213,0.8314047619047618,1,0,1,590466,15144,93495,14461,0.14027937307792063,0.4884647863536565
34214,0.8314285714285714,0,2,0,590468,15142,93495,14461,0.14026084701174552,0.48849778738641353
34215,0.8314761904761903,0,1,0,590469,15141,93495,14461,0.14025158397865797,0.48851428957502874
34216,0.8314761904761905,0,1,0,590470,15140,93495,14461,0.14024232094557043,0.48853079287861895
34217,0.8315,1,3,1,590473,15137,93496,14460,0.14021453184630775,0.48856303003682805
34218,0.8315025252525251,1,1,1,590474,15136,93497,14459,0.1402052688132202,0.4885622571380301
34219,0.8315119047619046,0,1,0,590475,15135,93497,14459,0.14019600578013264,0.4885787659660742
34220,0.831547619047619,0,1,0,590476,15134,93497,14459,0.1401867427470451,0.48859527590984353
34221,0.8316190476190477,0,1,0,590477,15133,93497,14459,0.14017747971395753,0.4886117869694512
34222,0.8316309523809524,0,1,0,590478,15132,93497,14459,0.14016821668086998,0.4886282991450103
34223,0.8316428571428571,0,1,0,590479,15131,93497,14459,0.14015895364778244,0.488644812436634
34224,0.8316666666666666,14,33,14,590512,15098,93511,14445,0.13985327355589314,0.4889483126290492
34225,0.8316666666666667,13,26,13,590538,15072,93524,14432,0.13961243469561674,0.4891540130151844
34226,0.8317142857142856,1,1,1,590539,15071,93525,14431,0.13960317166252917,0.4891532777438818
34227,0.8317857142857144,0,1,0,590540,15070,93525,14431,0.13959390862944163,0.48916985864885937
34228,0.8318333333333332,1,2,1,590542,15068,93526,14430,0.13957538256326651,0.4891857075055936
34229,0.8318333333333334,1,0,1,590542,15068,93527,14429,0.13957538256326651,0.4891683900057633
34230,0.8318452380952381,0,2,0,590544,15066,93527,14429,0.1395568564970914,0.48920155958637057
34231,0.8318809523809524,0,1,0,590545,15065,93527,14429,0.13954759346400386,0.48921814606360614
34232,0.831952380952381,0,1,0,590546,15064,93527,14429,0.1395383304309163,0.4892347336656156
34233,0.8319642857142858,1,0,1,590546,15064,93528,14428,0.1395383304309163,0.48921741489217413
34234,0.8319999999999999,0,1,0,590547,15063,93528,14428,0.13952906739782875,0.4892340035943169
34235,0.8320000000000001,9,15,9,590562,15048,93537,14419,0.13939012190151542,0.4893270438117216
34236,0.8320238095238095,0,1,0,590563,15047,93537,14419,0.13938085886842788,0.48934365030883054
34237,0.8320476190476191,0,1,0,590564,15046,93537,14419,0.1393715958353403,0.48936025793314103
34238,0.832095238095238,1,0,1,590564,15046,93538,14418,0.1393715958353403,0.489342926961716
34239,0.8321666666666665,0,1,0,590565,15045,93538,14418,0.13936233280225277,0.48935953568883006
34240,0.8321666666666667,4,6,4,590571,15039,93542,14414,0.13930675460372743,0.48938987539469664
34241,0.8322499999999999,1,0,1,590571,15039,93543,14413,0.13930675460372743,0.48937253836751327
34242,0.8323095238095238,1,0,1,590571,15039,93544,14412,0.13930675460372743,0.48935520016298256
34243,0.8323333333333331,0,4,0,590575,15035,93544,14412,0.13926970247137724,0.48942167283594257
34244,0.8323333333333334,1,3,1,590578,15032,93545,14411,0.13924191337211456,0.4894541996399823
34245,0.8323333333333335,1,0,1,590578,15032,93546,14410,0.13924191337211456,0.4894368589090415
34246,0.8323571428571428,0,2,0,590580,15030,93546,14410,0.13922338730593944,0.48947010869565216
34247,0.832376984126984,0,1,0,590581,15029,93546,14410,0.1392141242728519,0.4894867352831278
34248,0.8323809523809524,1,2,1,590583,15027,93547,14409,0.1391955982066768,0.48950264981655117
34249,0.8323869301922708,3,5,3,590588,15022,93550,14406,0.13914928304123902,0.4895337773549001
34250,0.8324285714285715,0,1,0,590589,15021,93550,14406,0.13914002000815148,0.489550412886125
34251,0.8324642857142858,0,1,0,590590,15020,93550,14406,0.1391307569750639,0.4895670495480188
34252,0.8324999999999999,1,2,1,590592,15018,93551,14405,0.1391122309088888,0.4895829793019067
34253,0.8325,26,32,26,590624,14986,93577,14379,0.13881581385008707,0.48966456666099095
34254,0.8325000000000001,0,3,0,590627,14983,93577,14379,0.1387880247508244,0.4897145970982903
34255,0.8325238095238096,0,1,0,590628,14982,93577,14379,0.13877876171773684,0.4897312761826913
34256,0.8325714285714286,0,1,0,590629,14981,93577,14379,0.1387694986846493,0.48974795640326974
34257,0.8325833333333332,0,1,0,590630,14980,93577,14379,0.13876023565156176,0.4897646377601417
34258,0.8325873015873015,1,0,1,590630,14980,93578,14378,0.13876023565156176,0.4897472579876013
34259,0.8326190476190476,1,0,1,590630,14980,93579,14377,0.13876023565156176,0.48972987703103177
34260,0.832642857142857,1,1,1,590631,14979,93580,14376,0.1387509726184742,0.48972917731221255
34261,0.8326499725764432,2,4,2,590635,14975,93582,14374,0.13871392048612396,0.48976115029472894
34262,0.8326666666666666,0,2,0,590637,14973,93582,14374,0.13869539441994888,0.48979452754966435
34263,0.8326666666666667,1,9,1,590646,14964,93583,14373,0.1386120271221609,0.48992739543920644
34264,0.8326666666666668,0,1,0,590647,14963,93583,14373,0.13860276408907332,0.48994409599127353
34265,0.8326904761904761,1,0,1,590647,14963,93584,14372,0.13860276408907332,0.48992670870973243
34266,0.8326969696969698,0,1,0,590648,14962,93584,14372,0.13859350105598578,0.48994341037703687
34267,0.8327261904761906,0,1,0,590649,14961,93584,14372,0.1385842380228982,0.48996011318310434
34268,0.8327619047619048,2,0,2,590649,14961,93586,14370,0.1385842380228982,0.48992533496982715
34269,0.8327777777777777,1,0,1,590649,14961,93587,14369,0.1385842380228982,0.48990794408455507
34270,0.8328095238095237,0,1,0,590650,14960,93587,14369,0.13857497498981067,0.48992464795935764
34271,0.8328095238095239,0,1,0,590651,14959,93587,14369,0.1385657119567231,0.48994135297326785
34272,0.832809523809524,0,3,0,590654,14956,93587,14369,0.13853792285746044,0.4899914748508099
34273,0.8328333333333333,1,0,1,590654,14956,93588,14368,0.13853792285746044,0.4899740826626654
34274,0.8328452380952379,0,2,0,590656,14954,93588,14368,0.13851939679128533,0.49000750289884726
34275,0.8328571428571427,1,1,1,590657,14953,93589,14367,0.1385101337581978,0.4900068212824011
34276,0.832857142857143,0,2,0,590659,14951,93589,14367,0.13849160769202268,0.4900402483116174
34277,0.8329761904761905,1,0,1,590659,14951,93590,14366,0.13849160769202268,0.49002285363441006
34278,0.833,3,9,3,590668,14942,93593,14363,0.1384082403942347,0.4901211397372462
34279,0.8330000000000001,1,1,1,590669,14941,93594,14362,0.13839897736114715,0.49012046548135
34280,0.8330382395382396,0,1,0,590670,14940,93594,14362,0.13838971432805958,0.49013719200054606
34281,0.833047619047619,0,1,0,590671,14939,93594,14362,0.13838045129497203,0.490153919661445
34282,0.8331428571428571,0,2,0,590673,14937,93594,14362,0.13836192522879692,0.49018737840881943
34283,0.8331666666666666,0,2,0,590675,14935,93594,14362,0.1383433991626218,0.49022084172440866
34284,0.8331666666666667,0,1,0,590676,14934,93594,14362,0.13833413612953424,0.4902375750955762
34285,0.8331904761904763,0,1,0,590677,14933,93594,14362,0.1383248730964467,0.49025430960914834
34286,0.8333333333333333,39,76,39,590753,14857,93633,14323,0.1376208825817926,0.49084989718985605
34287,0.8333333333333335,34,55,34,590808,14802,93667,14289,0.1371114157619771,0.49118284005362484
34288,0.8333809523809524,1,0,1,590808,14802,93668,14288,0.1371114157619771,0.4911653489171537
34289,0.8334007936507937,0,2,0,590810,14800,93668,14288,0.137092889695802,0.4911991199119912
34290,0.8334523809523808,0,1,0,590811,14799,93668,14288,0.13708362666271445,0.4912160071509609
34291,0.8334523809523811,0,1,0,590812,14798,93668,14288,0.13707436362962688,0.49123289555112426
34292,0.8334999999999999,4,1,4,590813,14797,93672,14284,0.13706510059653934,0.4911798081221416
34293,0.8335555555555557,0,1,0,590814,14796,93672,14284,0.13705583756345177,0.49119669876203575
34294,0.8335714285714286,0,1,0,590815,14795,93672,14284,0.13704657453036423,0.491213590563637
34295,0.8335822510822511,0,1,0,590816,14794,93672,14284,0.13703731149727666,0.4912304835270651
34296,0.833642857142857,0,1,0,590817,14793,93672,14284,0.13702804846418912,0.4912473776524401
34297,0.8336428571428571,1,0,1,590817,14793,93673,14283,0.13702804846418912,0.49122988031366077
34298,0.8336666666666666,0,2,0,590819,14791,93673,14283,0.137009522398014,0.49126367200935545
34299,0.8336666666666668,1,0,1,590819,14791,93674,14282,0.137009522398014,0.4912461734255151
34300,0.8337142857142856,0,2,0,590821,14789,93674,14282,0.1369909963318389,0.4912799697292835
34301,0.8337378732378731,1,1,1,590822,14788,93675,14281,0.13698173329875135,0.4912793697753621
34302,0.83375,0,3,0,590825,14785,93675,14281,0.13695394419948867,0.49133007637789855
34303,0.8338333333333332,1,3,1,590828,14782,93676,14280,0.13692615510022602,0.491363292271695
34304,0.8339761904761906,0,1,0,590829,14781,93676,14280,0.13691689206713847,0.49138020026840096
34305,0.834,0,1,0,590830,14780,93676,14280,0.1369076290340509,0.4913971094287681
34306,0.8340000000000001,11,21,11,590851,14759,93687,14269,0.13671310533921227,0.49155987322585093
34307,0.8340476190476189,0,1,0,590852,14758,93687,14269,0.13670384230612473,0.4915768077996348
34308,0.8341417748917744,1,1,1,590853,14757,93688,14268,0.13669457927303716,0.49157622739018086
34309,0.8341666666666666,4,13,4,590866,14744,93692,14264,0.13657415984289895,0.49172642029784885
34310,0.8341666666666667,7,15,7,590881,14729,93699,14257,0.13643521434658565,0.491858138411647
34311,0.8342142857142858,0,1,0,590882,14728,93699,14257,0.13642595131349808,0.49187510781438676
34312,0.8342857142857143,3,2,3,590884,14726,93702,14254,0.136407425247323,0.49185645272601797
34313,0.8342947885447884,0,2,0,590886,14724,93702,14254,0.13638889918114788,0.4918903996134999
34314,0.8343333333333333,1,1,1,590887,14723,93703,14253,0.1363796361480603,0.49188983986747653
34315,0.8343333333333334,0,7,0,590894,14716,93703,14253,0.13631479491644743,0.49200869895405436
34316,0.8344047619047618,0,1,0,590895,14715,93703,14253,0.1363055318833599,0.49202568351284176
34317,0.8344404761904762,0,3,0,590898,14712,93703,14253,0.1362777427840972,0.4920766442257897
34318,0.8344841269841268,0,5,0,590903,14707,93703,14253,0.13623142761865945,0.49216160220994476
34319,0.8345,4,0,4,590903,14707,93707,14249,0.13623142761865945,0.4920914490951789
34320,0.8345000000000001,1,1,1,590904,14706,93708,14248,0.1362221645855719,0.4920909028113559
34321,0.8345238095238094,0,2,0,590906,14704,93708,14248,0.1362036385193968,0.4921248963802155
34322,0.8345357142857144,1,0,1,590906,14704,93709,14247,0.1362036385193968,0.4921073538047045
34323,0.8346666666666667,1,5,1,590911,14699,93710,14246,0.13615732335395903,0.49217481430298843
34324,0.8347142857142855,0,1,0,590912,14698,93710,14246,0.13614806032087146,0.492191818684356
34325,0.83475,0,1,0,590913,14697,93710,14246,0.1361387972877839,0.4922088242407491
34326,0.8347619047619048,0,1,0,590914,14696,93710,14246,0.13612953425469637,0.4922258309722894
34327,0.8347857142857142,1,0,1,590914,14696,93711,14245,0.13612953425469637,0.492208285822881
34328,0.8347976190476192,0,1,0,590915,14695,93711,14245,0.1361202712216088,0.49222529371112644
34329,0.8348015873015874,0,3,0,590918,14692,93711,14245,0.13609248212234615,0.4922763244289318
34330,0.8348333333333332,2,1,2,590919,14691,93713,14243,0.13608321908925858,0.4922582428976291
34331,0.8348333333333333,3,1,3,590920,14690,93716,14240,0.13607395605617104,0.49222260629104736
34332,0.8348571428571429,0,1,0,590921,14689,93716,14240,0.13606469302308347,0.4922396211414152
34333,0.8349880952380951,0,1,0,590922,14688,93716,14240,0.13605542998999592,0.4922566371681416
34334,0.8349999999999999,0,1,0,590923,14687,93716,14240,0.13604616695690838,0.49227365437134857
34335,0.835,174,228,174,591151,14459,93890,14066,0.13393419541294602,0.49311130587204205
34336,0.8350000000000002,4,3,4,591154,14456,93894,14062,0.13390640631368336,0.4930920821937022
34337,0.8350238095238095,0,2,0,591156,14454,93894,14062,0.13388788024750825,0.49312666573151914
34338,0.8351190476190475,0,1,0,591157,14453,93894,14062,0.13387861721442068,0.4931439593196563
34339,0.8351666666666666,3,2,3,591159,14451,93897,14059,0.13386009114824557,0.49312521922132585
34340,0.8351666666666668,0,3,0,591162,14448,93897,14059,0.13383230204898292,0.49317711439295614
34341,0.835214285714286,0,1,0,591163,14447,93897,14059,0.13382303901589537,0.4931944152108328
34342,0.8352857142857141,1,0,1,591163,14447,93898,14058,0.13382303901589537,0.4931766356779512
34343,0.8353333333333333,0,5,0,591168,14442,93898,14058,0.1337767238504576,0.49326315789473685
34344,0.8353333333333335,1,0,1,591168,14442,93899,14057,0.1337767238504576,0.49324537703077304
34345,0.8353571428571429,0,1,0,591169,14441,93899,14057,0.13376746081737004,0.4932626851007088
34346,0.8354285714285713,1,0,1,591169,14441,93900,14056,0.13376746081737004,0.4932449029722427
34347,0.8355,0,2,0,591171,14439,93900,14056,0.13374893475119493,0.4932795227232848
34348,0.835547619047619,0,1,0,591172,14438,93900,14056,0.13373967171810738,0.4932968344212817
34349,0.8355833333333333,0,2,0,591174,14436,93900,14056,0.13372114565193227,0.49333146146286677
34350,0.8356230158730156,0,1,0,591175,14435,93900,14056,0.1337118826188447,0.4933487768067109
34351,0.8356428571428574,1,0,1,591175,14435,93901,14055,0.1337118826188447,0.49333099333099334
34352,0.8356666666666667,1,6,1,591181,14429,93902,14054,0.1336563044203194,0.49341712600498544
34353,0.8356666666666668,0,2,0,591183,14427,93902,14054,0.13363777835414428,0.4934517748674555
34354,0.8357142857142857,2,3,2,591186,14424,93904,14052,0.13360998925488163,0.49346818373367046
34355,0.8357380952380953,0,1,0,591187,14423,93904,14052,0.13360072622179406,0.49348551360842846
34356,0.8358333333333331,1,0,1,591187,14423,93905,14051,0.13360072622179406,0.4934677249420524
34357,0.8358333333333333,4,13,4,591200,14410,93909,14047,0.13348030679165587,0.4936219559335137
34358,0.8358333333333334,6,7,6,591207,14403,93915,14041,0.13341546556004297,0.4936366193221769
34359,0.8358571428571427,1,0,1,591207,14403,93916,14040,0.13341546556004297,0.4936188165805295
34360,0.8358809523809524,0,1,0,591208,14402,93916,14040,0.13340620252695543,0.4936361718585191
34361,0.8359523809523809,0,1,0,591209,14401,93916,14040,0.13339693949386788,0.4936535283569495
34362,0.836,13,25,13,591234,14376,93929,14027,0.13316536366667903,0.49385628278702953
34363,0.8360000000000001,3,1,3,591235,14375,93932,14024,0.13315610063359146,0.49382020493679357
34364,0.8360833333333332,1,1,1,591236,14374,93933,14023,0.13314683760050391,0.4938197696939818
34365,0.8361666666666666,0,1,0,591237,14373,93933,14023,0.13313757456741634,0.4938371601634033
34366,0.8361666666666667,1,5,1,591242,14368,93934,14022,0.13309125940197858,0.49390630503698485
34367,0.8362380952380951,0,1,0,591243,14367,93934,14022,0.13308199636889104,0.4939237028426503
34368,0.83625,0,3,0,591246,14364,93934,14022,0.13305420726962836,0.4939759036144578
34369,0.8362777777777778,2,0,2,591246,14364,93936,14020,0.13305420726962836,0.4939402480270575
34370,0.8363333333333333,1,1,1,591247,14363,93937,14019,0.1330449442365408,0.4939398210133183
34371,0.8363333333333334,0,1,0,591248,14362,93937,14019,0.13303568120345327,0.4939572249039851
34372,0.836356421356421,1,1,1,591249,14361,93938,14018,0.1330264181703657,0.4939567990415448
34373,0.8363690476190476,0,1,0,591250,14360,93938,14018,0.13301715513727816,0.4939742053703573
34374,0.8364047619047618,0,1,0,591251,14359,93938,14018,0.1330078921041906,0.49399161292596117
34375,0.8364166666666665,0,2,0,591253,14357,93938,14018,0.13298936603801548,0.49402643171806165
34376,0.8364285714285714,0,1,0,591254,14356,93938,14018,0.13298010300492794,0.4940438429548178
34377,0.8364523809523808,0,1,0,591255,14355,93938,14018,0.1329708399718404,0.4940612554188841
34378,0.8364920634920635,1,0,1,591255,14355,93939,14017,0.1329708399718404,0.4940434230931905
34379,0.8364999999999998,1,0,1,591255,14355,93940,14016,0.1329708399718404,0.4940255895104156
34380,0.8365,1,5,1,591260,14350,93941,14015,0.1329245248064026,0.4940948351842059
34381,0.8365238095238096,1,0,1,591260,14350,93942,14014,0.1329245248064026,0.4940769990128332
34382,0.8365476190476191,0,1,0,591261,14349,93942,14014,0.13291526177331506,0.49409441878503685
34383,0.8366666666666666,36,42,36,591303,14307,93978,13978,0.1325262143836378,0.49418419657062046
34384,0.8366666666666667,44,56,44,591359,14251,94022,13934,0.13200748453073474,0.4943764413695228
34385,0.8367380952380953,0,1,0,591360,14250,94022,13934,0.1319982214976472,0.49439398240136245
34386,0.8367499999999999,0,1,0,591361,14249,94022,13934,0.13198895846455963,0.49441152467799737
34387,0.83675,0,1,0,591362,14248,94022,13934,0.1319796954314721,0.49442906819956
34388,0.8367857142857144,0,1,0,591363,14247,94022,13934,0.13197043239838452,0.49444661296618286
34389,0.8367882395382396,0,2,0,591365,14245,94022,13934,0.1319519063322094,0.49448170623513965
34390,0.8368333333333332,0,1,0,591366,14244,94022,13934,0.13194264329912186,0.49449925473773865
34391,0.8368333333333333,0,2,0,591368,14242,94022,13934,0.13192411723294675,0.494534355479841
34392,0.8369040404040403,0,1,0,591369,14241,94022,13934,0.1319148541998592,0.4945519077196096
34393,0.8369285714285715,1,0,1,591369,14241,94023,13933,0.1319148541998592,0.4945339674877547
34394,0.836952380952381,0,1,0,591370,14240,94023,13933,0.13190559116677164,0.49455152095978416
34395,0.8369761904761904,0,2,0,591372,14238,94023,13933,0.13188706510059653,0.4945866316424692
34396,0.8369999999999999,2,1,2,591373,14237,94025,13931,0.131877802067509,0.4945683044589605
34397,0.8370000000000001,5,5,5,591378,14232,94030,13926,0.13183148690207122,0.494566375452802
34398,0.8370238095238095,1,0,1,591378,14232,94031,13925,0.13183148690207122,0.4945484249032212
34399,0.8370476190476189,0,1,0,591379,14231,94031,13925,0.13182222386898365,0.4945659894871431
34400,0.8370833333333334,0,1,0,591380,14230,94031,13925,0.1318129608358961,0.4945835553187711
34401,0.8371309523809523,0,1,0,591381,14229,94031,13925,0.13180369780280854,0.4946011223982383
34402,0.8371428571428571,1,1,1,591382,14228,94032,13924,0.131794434769721,0.49460073884626315
34403,0.8371428571428572,1,1,1,591383,14227,94033,13923,0.13178517173663346,0.49460035523978685
34404,0.8371666666666665,0,2,0,591385,14225,94033,13923,0.13176664567045834,0.49463549808156887
34405,0.8371666666666667,2,2,2,591387,14223,94035,13921,0.13174811960428323,0.494634735645253
34406,0.8371984126984127,0,1,0,591388,14222,94035,13921,0.13173885657119566,0.49465231140958676
34407,0.837280303030303,0,1,0,591389,14221,94035,13921,0.13172959353810812,0.49466988842299764
34408,0.8373095238095238,0,3,0,591392,14218,94035,13921,0.13170180443884547,0.49472262695902486
34409,0.8373333333333332,1,0,1,591392,14218,94036,13920,0.13170180443884547,0.49470466984149547
34410,0.8373333333333334,1,6,1,591398,14212,94037,13919,0.13164622624032013,0.494792222103729
34411,0.8373333333333335,1,0,1,591398,14212,94038,13918,0.13164622624032013,0.4947742623533594
34412,0.8373571428571429,1,0,1,591398,14212,94039,13917,0.13164622624032013,0.49475630132603365
34413,0.8373809523809524,1,0,1,591398,14212,94040,13916,0.13164622624032013,0.49473833902161546
34414,0.837388888888889,0,1,0,591399,14211,94040,13916,0.1316369632072326,0.494755928467309
34415,0.8374999999999999,2,0,2,591399,14211,94042,13914,0.1316369632072326,0.49472
34416,0.8375,35,44,35,591443,14167,94077,13879,0.13122938975138018,0.49486557797903447
34417,0.8375000000000001,1,5,1,591448,14162,94078,13878,0.13118307458594242,0.4949358059914408
34418,0.8375238095238094,1,0,1,591448,14162,94079,13877,0.13118307458594242,0.49491779307393274
34419,0.8375476190476192,1,0,1,591448,14162,94080,13876,0.13118307458594242,0.49489977887153147
34420,0.8375555555555555,1,0,1,591448,14162,94081,13875,0.13118307458594242,0.49488176338409956
34421,0.837654761904762,0,1,0,591449,14161,94081,13875,0.13117381155285487,0.49489941503780854
34422,0.8376666666666666,0,1,0,591450,14160,94081,13875,0.1311645485197673,0.49491706795077584
34423,0.8376666666666667,2,2,2,591452,14158,94083,13873,0.1311460224535922,0.49491634262066997
34424,0.8376666666666668,1,1,1,591453,14157,94084,13872,0.13113675942050465,0.4949159798779835
34425,0.8377095959595957,0,4,0,591457,14153,94084,13872,0.13109970728815443,0.4949866190900981
34426,0.8377301587301587,0,1,0,591458,14152,94084,13872,0.13109044425506688,0.4950042820439623
34427,0.8377777777777777,0,2,0,591460,14150,94084,13872,0.13107191818889177,0.49503961173363786
34428,0.8378095238095237,0,2,0,591462,14148,94084,13872,0.13105339212271666,0.49507494646680944
34429,0.8378333333333332,1,0,1,591462,14148,94085,13871,0.13105339212271666,0.4950569256575895
34430,0.8378333333333333,0,1,0,591463,14147,94085,13871,0.13104412908962912,0.4950745949032765
34431,0.8379166666666665,0,1,0,591464,14146,94085,13871,0.13103486605654155,0.4950922654102866
34432,0.8379166666666668,1,0,1,591464,14146,94086,13870,0.13103486605654155,0.49507424328954885
34433,0.8379761904761903,0,1,0,591465,14145,94086,13870,0.131025603023454,0.4950919150455113
34434,0.8379761904761905,0,1,0,591466,14144,94086,13870,0.13101633999036644,0.4951095880631113
34435,0.8379826007326006,1,1,1,591467,14143,94087,13869,0.1310070769572789,0.4951092388976153
34436,0.838,9,14,9,591481,14129,94096,13860,0.13087739449405314,0.49519454071242275
34437,0.8380000000000001,2,0,2,591481,14129,94098,13858,0.13087739449405314,0.4951584664308429
34438,0.8380833333333332,1,0,1,591481,14129,94099,13857,0.13087739449405314,0.4951404273565354
34439,0.838111111111111,1,0,1,591481,14129,94100,13856,0.13087739449405314,0.49512238699303196
34440,0.8381428571428572,0,1,0,591482,14128,94100,13856,0.13086813146096557,0.49514008004574045
34441,0.8381666666666666,3,3,3,591485,14125,94103,13853,0.13084034236170292,0.4951390378154264
34442,0.8381666666666667,0,2,0,591487,14123,94103,13853,0.1308218162955278,0.49517443523019733
34443,0.8382142857142856,0,3,0,591490,14120,94103,13853,0.13079402719626515,0.4952275408429557
34444,0.8382142857142857,2,4,2,591494,14116,94105,13851,0.13075697506391493,0.4952622733936425
34445,0.8383333333333333,19,28,19,591522,14088,94124,13832,0.13049761013746342,0.49541547277936965
34446,0.8383333333333334,18,28,18,591550,14060,94142,13814,0.1302382452110119,0.49558728564253424
34447,0.8383809523809523,0,1,0,591551,14059,94142,13814,0.13022898217792434,0.49560506583431996
34448,0.8384761904761905,1,0,1,591551,14059,94143,13813,0.13022898217792434,0.4955869690011481
34449,0.838484126984127,0,2,0,591553,14057,94143,13813,0.13021045611174922,0.4956225331898098
34450,0.8384999999999999,4,1,4,591554,14056,94147,13809,0.13020119307866168,0.4955679167414319
34451,0.8385714285714286,1,3,1,591557,14053,94148,13808,0.13017340397939903,0.49560317289400957
34452,0.8385873015873017,1,0,1,591557,14053,94149,13807,0.13017340397939903,0.4955850681981335
34453,0.8386111111111112,0,1,0,591558,14052,94149,13807,0.13016414094631146,0.4956028572454144
34454,0.8386349206349206,0,1,0,591559,14051,94149,13807,0.13015487791322392,0.4956206475698184
34455,0.8386428571428571,1,0,1,591559,14051,94150,13806,0.13015487791322392,0.49560254155149513
34456,0.8386666666666668,3,3,3,591562,14048,94153,13803,0.13012708881396123,0.4956015941976949
34457,0.8387222222222221,2,1,2,591563,14047,94155,13801,0.1301178257808737,0.49558316575696637
34458,0.83875,1,2,1,591565,14045,94156,13800,0.13009929971469858,0.4956006464356258
34459,0.8387500000000001,0,1,0,591566,14044,94156,13800,0.13009003668161104,0.4956184456256285
34460,0.8388333333333332,1,3,1,591569,14041,94157,13799,0.13006224758234836,0.4956537356321839
34461,0.8388333333333334,0,2,0,591571,14039,94157,13799,0.13004372151617324,0.49568934549895827
34462,0.8389047619047619,0,1,0,591572,14038,94157,13799,0.1300344584830857,0.4957071523511873
34463,0.8389285714285714,0,1,0,591573,14037,94157,13799,0.13002519544999816,0.495724960482828
34464,0.8389761904761904,0,1,0,591574,14036,94157,13799,0.1300159324169106,0.49574276989401833
34465,0.8389841269841272,0,4,0,591578,14032,94157,13799,0.12997888028456037,0.49581402033703426
34466,0.839,1,1,1,591579,14031,94158,13798,0.12996961725147282,0.4958137195012397
34467,0.8390000000000001,5,6,5,591585,14025,94163,13793,0.1299140390529475,0.49583003810482423
34468,0.839095238095238,1,0,1,591585,14025,94164,13792,0.1299140390529475,0.49581191357802784
34469,0.8391428571428569,1,1,1,591586,14024,94165,13791,0.12990477601985995,0.4958116124393313
34470,0.8391428571428571,2,0,2,591586,14024,94167,13789,0.12990477601985995,0.49577535684751733
34471,0.8391428571428573,0,1,0,591587,14023,94167,13789,0.12989551298677238,0.49579318279879186
34472,0.8391493506493507,1,2,1,591589,14021,94168,13788,0.1298769869205973,0.49581070876335
34473,0.8391666666666666,5,7,5,591596,14014,94173,13783,0.1298121456889844,0.49584487534626037
34474,0.8391666666666667,11,17,11,591613,13997,94184,13772,0.12965467412649598,0.49594871979545535
34475,0.839174603174603,1,0,1,591613,13997,94185,13771,0.12965467412649598,0.49593056755978104
34476,0.8392777777777778,0,1,0,591614,13996,94185,13771,0.12964541109340844,0.49594842799006017
34477,0.839333333333333,0,1,0,591615,13995,94185,13771,0.12963614806032087,0.4959662897068357
34478,0.8393333333333333,0,3,0,591618,13992,94185,13771,0.1296083589610582,0.49601988257753127
34479,0.8393333333333334,3,2,3,591620,13990,94188,13768,0.1295898328948831,0.4960011528208084
34480,0.8394047619047619,2,0,2,591620,13990,94190,13766,0.1295898328948831,0.4959648364317625
34481,0.8394285714285714,0,1,0,591621,13989,94190,13766,0.12958056986179556,0.4959827058187714
34482,0.8394444444444444,0,1,0,591622,13988,94190,13766,0.129571306828708,0.4960005764934784
34483,0.8394761904761904,1,3,1,591625,13985,94191,13765,0.12954351772944533,0.496036036036036
34484,0.8394999999999999,0,1,0,591626,13984,94191,13765,0.12953425469635776,0.4960539118526794
34485,0.8395,3,0,3,591626,13984,94194,13762,0.12953425469635776,0.4959994233403013
34486,0.8395238095238095,0,1,0,591627,13983,94194,13762,0.12952499166327022,0.4960173004144891
34487,0.8395454545454544,0,1,0,591628,13982,94194,13762,0.12951572863018268,0.49603517877739334
34488,0.8395757575757576,0,1,0,591629,13981,94194,13762,0.1295064655970951,0.4960530584291533
34489,0.8396309523809525,1,0,1,591629,13981,94195,13761,0.1295064655970951,0.49603489294210945
34490,0.8396666666666666,2,0,2,591629,13981,94197,13759,0.1295064655970951,0.49599855803893295
34491,0.8396666666666667,2,1,2,591630,13980,94199,13757,0.12949720256400757,0.4959800987850164
34492,0.8396825396825396,0,1,0,591631,13979,94199,13757,0.12948793953092,0.4959979809633689
34493,0.8397142857142857,0,1,0,591632,13978,94199,13757,0.12947867649783246,0.4960158644312241
34494,0.8397499999999998,0,1,0,591633,13977,94199,13757,0.1294694134647449,0.49603374918872145
34495,0.8397738095238094,0,1,0,591634,13976,94199,13757,0.12946015043165734,0.49605163523600043
34496,0.8398095238095239,1,0,1,591634,13976,94200,13756,0.12946015043165734,0.4960334631472667
34497,0.8398333333333332,1,1,1,591635,13975,94201,13755,0.12945088739856977,0.496033177064551
34498,0.8398333333333333,2,1,2,591636,13974,94203,13753,0.12944162436548223,0.4960147148988351
34499,0.8399523809523811,0,1,0,591637,13973,94203,13753,0.1294323613323947,0.49603260477530114
34500,0.8399761904761904,0,1,0,591638,13972,94203,13753,0.12942309829930712,0.49605049594229034
34501,0.8399999999999999,3,4,3,591642,13968,94206,13750,0.1293860461669569,0.49606753734035647
34502,0.84,718,819,718,592461,13149,94924,13032,0.12179962206825003,0.49776555517359916
34503,0.8400357142857144,1,0,1,592461,13149,94925,13031,0.12179962206825003,0.49774637127578303
34504,0.8400569985569986,0,1,0,592462,13148,94925,13031,0.12179035903516247,0.4977653844684671
34505,0.8400595238095238,0,2,0,592464,13146,94925,13031,0.12177183296898736,0.4978034152118272
34506,0.8400714285714286,0,1,0,592465,13145,94925,13031,0.12176256993589982,0.49782243276283616
34507,0.8401666666666665,0,1,0,592466,13144,94925,13031,0.12175330690281226,0.4978414517669532
34508,0.8401666666666666,1,3,1,592469,13141,94926,13030,0.1217255178035496,0.4978793320851324
34509,0.8401904761904763,1,2,1,592471,13139,94927,13029,0.12170699173737448,0.4978981962702537
34510,0.8401944444444446,0,2,0,592473,13137,94927,13029,0.12168846567119938,0.4979362531529466
34511,0.8403333333333333,2,2,2,592475,13135,94929,13027,0.12166993960502427,0.49793593761944804
34512,0.8403333333333335,0,1,0,592476,13134,94929,13027,0.12166067657193672,0.49795497114024695
34513,0.8403809523809522,1,0,1,592476,13134,94930,13026,0.12166067657193672,0.49793577981651377
34514,0.8404112554112553,1,0,1,592476,13134,94931,13025,0.12166067657193672,0.4979165870254979
34515,0.8404166666666667,1,3,1,592479,13131,94932,13024,0.12163288747267405,0.4979545020072644
34516,0.8404285714285716,0,1,0,592480,13130,94932,13024,0.12162362443958649,0.4979735413321098
34517,0.8404761904761904,0,1,0,592481,13129,94932,13024,0.12161436140649895,0.4979925821129507
34518,0.8404761904761905,0,1,0,592482,13128,94932,13024,0.1216050983734114,0.4980116243499541
34519,0.8405303030303028,0,1,0,592483,13127,94932,13024,0.12159583534032384,0.49803066804328705
34520,0.8405317460317463,1,1,1,592484,13126,94933,13023,0.12158657230723628,0.4980305174194042
34521,0.8406309523809524,1,1,1,592485,13125,94934,13022,0.12157730927414873,0.4980303667724787
34522,0.8406666666666667,2,5,2,592490,13120,94936,13020,0.12153099410871096,0.49808722264728383
34523,0.8406666666666668,1,1,1,592491,13119,94937,13019,0.1215217310756234,0.4980870762873977
34524,0.8407142857142857,0,1,0,592492,13118,94937,13019,0.12151246804253585,0.49810613306806445
34525,0.8407857142857142,1,0,1,592492,13118,94938,13018,0.12151246804253585,0.4980869299051117
34526,0.8408333333333333,9,12,9,592504,13106,94947,13009,0.12140131164548519,0.4981428297913077
34527,0.8408333333333334,6,3,6,592507,13103,94953,13003,0.12137352254622254,0.4980847314793534
34528,0.8409166666666666,0,1,0,592508,13102,94953,13003,0.12136425951313498,0.49810381153035815
34529,0.840952380952381,0,1,0,592509,13101,94953,13003,0.12135499648004743,0.4981228930432118
34530,0.8409761904761904,1,0,1,592509,13101,94954,13002,0.12135499648004743,0.49810366624525915
34531,0.841,3,9,3,592518,13092,94957,12999,0.12127162918225944,0.49821777624468205
34532,0.8410000000000001,1,2,1,592520,13090,94958,12998,0.12125310311608434,0.49823673719717876
34533,0.8410714285714285,0,1,0,592521,13089,94958,12998,0.12124384008299678,0.4982558362402729
34534,0.8410721500721501,0,1,0,592522,13088,94958,12998,0.12123457704990923,0.49827493674768075
34535,0.841091991341991,1,3,1,592525,13085,94959,12997,0.12120678795064656,0.49831301280576645
34536,0.8410952380952381,0,1,0,592526,13084,94959,12997,0.121197524917559,0.4983321191672098
34537,0.8411428571428569,1,0,1,592526,13084,94960,12996,0.121197524917559,0.49831288343558283
34538,0.8411428571428572,0,1,0,592527,13083,94960,12996,0.12118826188447145,0.49833199125733346
34539,0.8411666666666663,1,2,1,592529,13081,94961,12995,0.12116973581829635,0.4983509740757785
34540,0.8411666666666666,3,3,3,592532,13078,94964,12992,0.12114194671903368,0.4983505945531262
34541,0.8411904761904762,0,1,0,592533,13077,94964,12992,0.12113268368594612,0.49836971115117573
34542,0.84125,2,0,2,592533,13077,94966,12990,0.12113268368594612,0.4983312233858902
34543,0.8412976190476189,0,1,0,592534,13076,94966,12990,0.12112342065285857,0.4983503414409576
34544,0.841297619047619,1,0,1,592534,13076,94967,12989,0.12112342065285857,0.4983310953385766
34545,0.8413095238095238,0,1,0,592535,13075,94967,12989,0.12111415761977101,0.4983502148557397
34546,0.8413333333333333,1,3,1,592538,13072,94968,12988,0.12108636852050836,0.49838833461243287
34547,0.8413333333333334,0,2,0,592540,13070,94968,12988,0.12106784245433325,0.498426586844731
34548,0.8413888888888889,0,2,0,592542,13068,94968,12988,0.12104931638815813,0.4984648449493399
34549,0.8414166666666665,0,1,0,592543,13067,94968,12988,0.12104005335507058,0.49848397620418344
34550,0.8414285714285714,0,2,0,592545,13065,94968,12988,0.12102152728889548,0.49852224311979426
34551,0.8414444444444444,0,1,0,592546,13064,94968,12988,0.12101226425580792,0.4985413787808997
34552,0.8414761904761905,0,2,0,592548,13062,94968,12988,0.12099373818963281,0.49857965451055664
34553,0.8415,2,6,2,592554,13056,94970,12986,0.12093815999110749,0.4986560172029798
34554,0.841547619047619,1,1,1,592555,13055,94971,12985,0.12092889695801994,0.4986559139784946
34555,0.8415476190476191,0,1,0,592556,13054,94971,12985,0.12091963392493238,0.49867506432658704
34556,0.8415555555555556,1,0,1,592556,13054,94972,12984,0.12091963392493238,0.4986558107381519
34557,0.8415793650793648,0,1,0,592557,13053,94972,12984,0.12091037089184482,0.4986749625532895
34558,0.8415833333333333,1,2,1,592559,13051,94973,12983,0.12089184482566971,0.49869401551816855
34559,0.8415952380952382,0,1,0,592560,13050,94973,12983,0.12088258179258217,0.4987131717435563
34560,0.8416666666666666,25,26,25,592586,13024,94998,12958,0.12064174293230576,0.4987298899237934
34561,0.8416666666666667,12,20,12,592606,13004,95010,12946,0.12045648227055467,0.4988824662813102
34562,0.8416904761904762,0,1,0,592607,13003,95010,12946,0.12044721923746711,0.4989016917800301
34563,0.8417445887445888,0,1,0,592608,13002,95010,12946,0.12043795620437957,0.49892091876059813
34564,0.84175,1,1,1,592609,13001,95011,12945,0.12042869317129201,0.49892083558159256
34565,0.8418333333333333,3,4,3,592613,12997,95014,12942,0.12039164103894179,0.4989398203477389
34566,0.8418333333333335,0,1,0,592614,12996,95014,12942,0.12038237800585423,0.4989590562109646
34567,0.8418396136886848,1,2,1,592616,12994,95015,12941,0.12036385193967913,0.49897821476768844
34568,0.8419047619047619,0,1,0,592617,12993,95015,12941,0.12035458890659158,0.49899745507827564
34569,0.8419166666666666,1,1,1,592618,12992,95016,12940,0.12034532587350402,0.49899737775721115
34570,0.8419920634920635,0,1,0,592619,12991,95016,12940,0.12033606284041647,0.49901662103274075
34571,0.8420000000000001,10,9,10,592628,12982,95026,12930,0.12025269554262848,0.49899660389008954
34572,0.8420476190476189,0,1,0,592629,12981,95026,12930,0.12024343250954092,0.49901586198911657
34573,0.8421160881602056,2,3,2,592632,12978,95028,12928,0.12021564341027827,0.49903497259322166
34574,0.8421666666666667,2,2,2,592634,12976,95030,12926,0.12019711734410315,0.4990348235657478
34575,0.8421666666666668,0,1,0,592635,12975,95030,12926,0.1201878543110156,0.4990540905756535
34576,0.8422142857142858,0,1,0,592636,12974,95030,12926,0.12017859127792804,0.4990733590733591
34577,0.8422261904761903,0,1,0,592637,12973,95030,12926,0.12016932824484049,0.499092629059037
34578,0.8423095238095237,0,1,0,592638,12972,95030,12926,0.12016006521175293,0.4991119005328597
34579,0.8423095238095238,1,0,1,592638,12972,95031,12925,0.12016006521175293,0.49909255898366606
34580,0.8423214285714284,0,2,0,592640,12970,95031,12925,0.12014153914557783,0.49913110639119523
34581,0.8423333333333334,1,2,1,592642,12968,95032,12924,0.12012301307940272,0.49915031670013904
34582,0.8423333333333335,0,2,0,592644,12966,95032,12924,0.12010448701322761,0.499188876013905
34583,0.8423686868686867,0,1,0,592645,12965,95032,12924,0.12009522398014005,0.4992081579049017
34584,0.8424166666666666,0,1,0,592646,12964,95032,12924,0.1200859609470525,0.4992274412855377
34585,0.8424246031746031,0,2,0,592648,12962,95032,12924,0.1200674348808774,0.49926601251641817
34586,0.8424999999999998,0,1,0,592649,12961,95032,12924,0.12005817184778984,0.4992853003670079
34587,0.8425,34,54,34,592703,12907,95066,12890,0.11955796806106192,0.499670504322208
34588,0.8425000000000001,0,2,0,592705,12905,95066,12890,0.11953944199488681,0.49970924597790267
34589,0.8425378787878788,1,0,1,592705,12905,95067,12889,0.11953944199488681,0.49968985035279523
34590,0.8425952380952378,0,1,0,592706,12904,95067,12889,0.11953017896179925,0.4997092234327143
34591,0.842654761904762,0,2,0,592708,12902,95067,12889,0.11951165289562414,0.49974797409949206
34592,0.8426666666666667,4,7,4,592715,12895,95071,12885,0.11944681166401126,0.49980605120248256
34593,0.8426742424242424,1,0,1,592715,12895,95072,12884,0.11944681166401126,0.49978664804685985
34594,0.8426865079365079,0,1,0,592716,12894,95072,12884,0.1194375486309237,0.49980603615486074
34595,0.842734126984127,0,1,0,592717,12893,95072,12884,0.11942828559783615,0.4998254257671568
34596,0.8427380952380952,0,2,0,592719,12891,95072,12884,0.11940975953166105,0.4998642095053346
34597,0.8428373015873016,1,0,1,592719,12891,95073,12883,0.11940975953166105,0.49984480484208893
34598,0.8428412698412698,0,1,0,592720,12890,95073,12883,0.1194004964985735,0.4998641989679122
34599,0.8428571428571427,0,1,0,592721,12889,95073,12883,0.11939123346548594,0.4998835945987894
34600,0.8429166666666665,1,0,1,592721,12889,95074,12882,0.11939123346548594,0.49986418842885416
34601,0.8429523809523809,1,0,1,592721,12889,95075,12881,0.11939123346548594,0.49984478075281336
34602,0.8429981962481965,2,1,2,592722,12888,95077,12879,0.11938197043239838,0.4998253580160671
34603,0.843,4,4,4,592726,12884,95081,12875,0.11934491830004816,0.49982530377732054
34604,0.8430000000000001,2,2,2,592728,12882,95083,12873,0.11932639223387306,0.49982527664531157
34605,0.843047619047619,0,2,0,592730,12880,95083,12873,0.11930786616769795,0.49986409350366945
34606,0.8430675990675991,0,4,0,592734,12876,95083,12873,0.11927081403534773,0.4999417453104975
34607,0.8430714285714287,0,1,0,592735,12875,95083,12873,0.11926155100226019,0.49996116203200247
34608,0.8430833333333332,1,1,1,592736,12874,95084,12872,0.11925228796917263,0.4999611590149926
34609,0.8431666666666666,2,3,2,592739,12871,95086,12870,0.11922449886990996,0.49998057573520843
34610,0.8431666666666667,0,1,0,592740,12870,95086,12870,0.1192152358368224,0.5
34611,0.8431904761904763,0,1,0,592741,12869,95086,12870,0.11920597280373485,0.5000194257741171
34612,0.8432142857142857,1,0,1,592741,12869,95087,12869,0.11920597280373485,0.5
34613,0.8432777777777778,0,2,0,592743,12867,95087,12869,0.11918744673755975,0.5000388560770904
34614,0.8432857142857144,0,1,0,592744,12866,95087,12869,0.1191781837044722,0.5000582863804158
34615,0.8432976190476187,0,3,0,592747,12863,95087,12869,0.11915039460520953,0.5001165863516245
34616,0.8433333333333332,1,0,1,592747,12863,95088,12868,0.11915039460520953,0.5000971590688275
34617,0.8433333333333333,44,51,44,592798,12812,95132,12824,0.11867797991774427,0.5002340458729911
34618,0.8433333333333334,47,48,47,592846,12764,95179,12777,0.11823335432954167,0.5002544927763204
34619,0.8433809523809522,0,1,0,592847,12763,95179,12777,0.11822409129645411,0.5002740798747063
34620,0.8434166666666666,0,1,0,592848,12762,95179,12777,0.11821482826336656,0.5002936685069893
34621,0.8434365079365079,0,1,0,592849,12761,95179,12777,0.118205565230279,0.5003132586733495
34622,0.8434999999999999,4,3,4,592852,12758,95183,12773,0.11817777613101633,0.5002937605264188
34623,0.8435000000000001,0,5,0,592857,12753,95183,12773,0.11813146096557857,0.5003917574238032
34624,0.8435714285714286,1,4,1,592861,12749,95184,12772,0.11809440883322835,0.5004506093021434
34625,0.8436111111111113,0,2,0,592863,12747,95184,12772,0.11807588276705325,0.5004898311062346
34626,0.8436190476190477,0,2,0,592865,12745,95184,12772,0.11805735670087814,0.5005290590586667
34627,0.8436507936507935,0,1,0,592866,12744,95184,12772,0.11804809366779058,0.5005486753409625
34628,0.8436666666666666,0,2,0,592868,12742,95184,12772,0.11802956760161547,0.5005879125186172
34629,0.8436666666666668,0,3,0,592871,12739,95184,12772,0.11800177850235281,0.5006467798204696
34630,0.8436666666666669,0,1,0,592872,12738,95184,12772,0.11799251546926526,0.5006664053312426
34631,0.8436825396825395,1,0,1,592872,12738,95185,12771,0.11799251546926526,0.500646830530401
34632,0.8437142857142859,0,1,0,592873,12737,95185,12771,0.1179832524361777,0.5006664575819351
34633,0.8437499999999999,0,1,0,592874,12736,95185,12771,0.11797398940309015,0.5006860861724233
34634,0.84375,1,2,1,592876,12734,95186,12770,0.11795546333691503,0.5007057716436637
34635,0.8437500000000001,1,1,1,592877,12733,95187,12769,0.11794620030382749,0.5007058269939613
34636,0.8438095238095238,0,3,0,592880,12730,95187,12769,0.11791841120456482,0.500764735871995
34637,0.8438333333333332,0,2,0,592882,12728,95187,12769,0.11789988513838971,0.5008040161587638
34638,0.8438333333333334,3,1,3,592883,12727,95190,12766,0.11789062210530216,0.5007649158592555
34639,0.843857142857143,0,1,0,592884,12726,95190,12766,0.1178813590722146,0.5007845598619175
34640,0.8438636363636363,1,0,1,592884,12726,95191,12765,0.1178813590722146,0.5007649758738378
34641,0.8438809523809525,0,1,0,592885,12725,95191,12765,0.11787209603912706,0.5007846214201648
34642,0.8439642857142857,1,0,1,592885,12725,95192,12764,0.11787209603912706,0.5007650358978383
34643,0.8439880952380954,0,1,0,592886,12724,95192,12764,0.1178628330060395,0.5007846829880728
34644,0.8440000000000001,10,21,10,592907,12703,95202,12754,0.11766830931120086,0.5010016891228346
34645,0.8440476190476189,0,1,0,592908,12702,95202,12754,0.1176590462781133,0.5010213702074168
34646,0.8440476190476192,0,1,0,592909,12701,95202,12754,0.11764978324502576,0.5010410528383422
34647,0.8440714285714286,0,1,0,592910,12700,95202,12754,0.1176405202119382,0.5010607370157932
34648,0.8441450216450215,1,0,1,592910,12700,95203,12753,0.1176405202119382,0.5010411346403174
34649,0.8441666666666666,2,11,2,592921,12689,95205,12751,0.1175386268479751,0.5012185534591195
34650,0.8441666666666667,5,12,5,592933,12677,95210,12746,0.11742747045092446,0.5013570389017818
34651,0.8441666666666668,0,2,0,592935,12675,95210,12746,0.11740894438474934,0.5013964832225325
34652,0.8442222222222223,1,0,1,592935,12675,95211,12745,0.11740894438474934,0.5013768686073957
34653,0.84425,1,3,1,592938,12672,95212,12744,0.11738115528548668,0.5014164305949008
34654,0.8442777777777778,1,0,1,592938,12672,95213,12743,0.11738115528548668,0.5013968129057643
34655,0.8442857142857143,4,4,4,592942,12668,95217,12739,0.11734410315313647,0.5013972527256267
34656,0.8443095238095237,0,1,0,592943,12667,95217,12739,0.11733484012004891,0.5014169881130441
34657,0.8443333333333333,0,2,0,592945,12665,95217,12739,0.1173163140538738,0.5014564635490474
34658,0.8443333333333334,1,3,1,592948,12662,95218,12738,0.11728852495461113,0.501496062992126
34659,0.8443333333333335,0,1,0,592949,12661,95218,12738,0.11727926192152359,0.5015158077089649
34660,0.8443928571428568,0,1,0,592950,12660,95218,12738,0.11726999888843603,0.5015355539806284
34661,0.8444166666666666,1,0,1,592950,12660,95219,12737,0.11726999888843603,0.5015159270780013
34662,0.844452380952381,1,0,1,592950,12660,95220,12736,0.11726999888843603,0.5014962986297055
34663,0.8444960317460318,0,2,0,592952,12658,95220,12736,0.11725147282226092,0.5015357958572891
34664,0.8445,2,1,2,592953,12657,95222,12734,0.11724220978917337,0.5015162852979402
34665,0.8445555555555555,1,0,1,592953,12657,95223,12733,0.11724220978917337,0.5014966522252855
34666,0.8445634920634919,0,1,0,592954,12656,95223,12733,0.11723294675608581,0.5015164047422112
34667,0.8445833333333332,0,1,0,592955,12655,95223,12733,0.11722368372299825,0.5015361588151883
34668,0.8446428571428573,1,0,1,592955,12655,95224,12732,0.11722368372299825,0.5015165242053019
34669,0.8446666666666666,0,4,0,592959,12651,95224,12732,0.11718663159064804,0.5015955560808415
34670,0.8446666666666667,1,3,1,592962,12648,95225,12731,0.11715884249138538,0.5016352102131684
34671,0.8446904761904761,0,1,0,592963,12647,95225,12731,0.11714957945829782,0.501654976751517
34672,0.8447142857142858,0,2,0,592965,12645,95225,12731,0.11713105339212272,0.5016945145018915
34673,0.8447857142857143,1,0,1,592965,12645,95226,12730,0.11713105339212272,0.5016748768472906
34674,0.8448095238095238,0,1,0,592966,12644,95226,12730,0.11712179035903517,0.5016946480649483
34675,0.8448333333333334,1,2,1,592968,12642,95227,12729,0.11710326429286005,0.5017145559891214
34676,0.8448571428571428,0,1,0,592969,12641,95227,12729,0.1170940012597725,0.5017343318880567
34677,0.8449047619047618,0,1,0,592970,12640,95227,12729,0.11708473822668494,0.5017541093460522
34678,0.8449740259740257,0,2,0,592972,12638,95227,12729,0.11706621216050983,0.5017936689399614
34679,0.8449999999999999,2,3,2,592975,12635,95229,12727,0.11703842306124718,0.5018137370869805
34680,0.845,140,196,140,593171,12439,95369,12587,0.11522286857608656,0.5029569247982099
34681,0.8450000000000002,3,0,3,593171,12439,95372,12584,0.11522286857608656,0.5028973344523039
34682,0.8450833333333334,0,2,0,593173,12437,95372,12584,0.11520434250991145,0.5029375324727229
34683,0.8451111111111111,1,0,1,593173,12437,95373,12583,0.11520434250991145,0.5029176658673061
34684,0.8451190476190478,1,0,1,593173,12437,95374,12582,0.11520434250991145,0.502897797673768
34685,0.8451428571428571,0,1,0,593174,12436,95374,12582,0.11519507947682389,0.502917899112639
34686,0.8451666666666666,0,2,0,593176,12434,95374,12582,0.11517655341064878,0.5029581068116405
34687,0.8452380952380952,1,0,1,593176,12434,95375,12581,0.11517655341064878,0.5029382370577653
34688,0.8453030303030303,0,2,0,593178,12432,95375,12581,0.11515802734447367,0.5029784512053732
34689,0.845323593073593,1,1,1,593179,12431,95376,12580,0.11514876431138613,0.5029786893766742
34690,0.8453333333333333,1,2,1,593181,12429,95377,12579,0.11513023824521101,0.5029990403071017
34691,0.8453333333333335,0,1,0,593182,12428,95377,12579,0.11512097521212346,0.5030191546367018
34692,0.8454404761904764,2,0,2,593182,12428,95379,12577,0.11512097521212346,0.5029794041191762
34693,0.8454761904761904,1,3,1,593185,12425,95380,12576,0.11509318611286079,0.5030198792048318
34694,0.8454880952380952,0,1,0,593186,12424,95380,12576,0.11508392307977323,0.50304
34695,0.8454999999999999,3,1,3,593187,12423,95383,12573,0.11507466004668569,0.5030004800768123
34696,0.8455000000000001,3,1,3,593188,12422,95386,12570,0.11506539701359814,0.502960947503201
34697,0.8455555555555554,1,0,1,593188,12422,95387,12569,0.11506539701359814,0.5029410587811612
34698,0.8455595238095238,0,2,0,593190,12420,95387,12569,0.11504687094742302,0.502981311777182
34699,0.845579365079365,0,1,0,593191,12419,95387,12569,0.11503760791433547,0.503001440691532
34700,0.8456666666666667,2,3,2,593194,12416,95389,12567,0.1150098188150728,0.5030220549973983
34701,0.8456666666666668,1,1,1,593195,12415,95390,12566,0.11500055578198526,0.5030222969456787
34702,0.8457142857142856,6,3,6,593198,12412,95396,12560,0.11497276668272259,0.5029633189171873
34703,0.8458333333333333,5,4,5,593202,12408,95401,12555,0.11493571455037237,0.502944357649321
34704,0.8458333333333334,3,6,3,593208,12402,95404,12552,0.11488013635184705,0.503005530175523
34705,0.8458333333333335,0,2,0,593210,12400,95404,12552,0.11486161028567195,0.5030458480282142
34706,0.8458571428571429,0,1,0,593211,12399,95404,12552,0.11485234725258439,0.5030660093783816
34707,0.8459047619047618,0,1,0,593212,12398,95404,12552,0.11484308421949684,0.5030861723446893
34708,0.845952380952381,0,1,0,593213,12397,95404,12552,0.11483382118640928,0.5031063369273318
34709,0.8459761904761903,0,1,0,593214,12396,95404,12552,0.11482455815332172,0.5031265031265031
34710,0.846,11,14,11,593228,12382,95415,12541,0.11469487569009597,0.5031898246599527
34711,0.8460000000000001,0,2,0,593230,12380,95415,12541,0.11467634962392086,0.5032302074555596
34712,0.8460714285714286,0,1,0,593231,12379,95415,12541,0.1146670865908333,0.5032504012841091
34713,0.8461666666666666,0,2,0,593233,12377,95415,12541,0.11464856052465819,0.503290793803676
34714,0.8461666666666667,0,2,0,593235,12375,95415,12541,0.11463003445848309,0.5033311928078343
34715,0.8461706349206346,0,2,0,593237,12373,95415,12541,0.11461150839230798,0.5033715982981456
34716,0.8462261904761903,0,2,0,593239,12371,95415,12541,0.11459298232613287,0.5034120102761721
34717,0.84625,1,0,1,593239,12371,95416,12540,0.11459298232613287,0.5033920757898117
34718,0.8463333333333332,0,3,0,593242,12368,95416,12540,0.11456519322687021,0.5034527059579251
34719,0.8463333333333333,1,3,1,593245,12365,95417,12539,0.11453740412760754,0.503493414712496
34720,0.8463333333333334,1,2,1,593247,12363,95418,12538,0.11451887806143243,0.503513915103811
34721,0.8463809523809523,0,1,0,593248,12362,95418,12538,0.11450961502834488,0.5035341365461847
34722,0.8463809523809526,0,1,0,593249,12361,95418,12538,0.11450035199525732,0.5035543596128359
34723,0.8463888888888889,1,0,1,593249,12361,95419,12537,0.11450035199525732,0.5035344204353763
34724,0.8464072871572871,0,2,0,593251,12359,95419,12537,0.11448182592908222,0.5035748714652957
34725,0.8464285714285714,1,0,1,593251,12359,95420,12536,0.11448182592908222,0.5035549307089777
34726,0.8464444444444444,0,2,0,593253,12357,95420,12536,0.11446329986290711,0.5035953882617603
34727,0.8464761904761903,0,1,0,593254,12356,95420,12536,0.11445403682981956,0.5036156194761369
34728,0.8464999999999996,0,1,0,593255,12355,95420,12536,0.114444773796732,0.5036358523160982
34729,0.8464999999999999,2,0,2,593255,12355,95422,12534,0.114444773796732,0.5035959660894371
34730,0.8465,1,4,1,593259,12351,95423,12533,0.11440772166438179,0.5036569683330654
34731,0.8465238095238097,0,1,0,593260,12350,95423,12533,0.11439845863129423,0.5036772093397098
34732,0.846547619047619,1,1,1,593261,12349,95424,12532,0.11438919559820668,0.5036775049234355
34733,0.8465714285714285,0,1,0,593262,12348,95424,12532,0.11437993256511912,0.5036977491961415
34734,0.846598901098901,0,1,0,593263,12347,95424,12532,0.11437066953203157,0.5037179950962659
34735,0.8466666666666666,45,52,45,593315,12295,95469,12487,0.11388899181147875,0.5038737793559842
34736,0.8466666666666667,41,47,41,593362,12248,95510,12446,0.11345362925636371,0.5040090710293998
34737,0.8466666666666669,0,1,0,593363,12247,95510,12446,0.11344436622327615,0.5040294820394444
34738,0.8466904761904762,0,1,0,593364,12246,95510,12446,0.1134351031901886,0.5040498947027378
34739,0.8467142857142856,1,0,1,593364,12246,95511,12445,0.1134351031901886,0.5040298084322222
34740,0.8467857142857143,1,0,1,593364,12246,95512,12444,0.1134351031901886,0.5040097205346294
34741,0.8468333333333333,0,1,0,593365,12245,95512,12444,0.11342584015710104,0.5040301348778808
34742,0.8468333333333335,1,0,1,593365,12245,95513,12443,0.11342584015710104,0.5040100453661698
34743,0.846904761904762,0,1,0,593366,12244,95513,12443,0.11341657712401348,0.5040304613764329
34744,0.8469642857142857,0,1,0,593367,12243,95513,12443,0.11340731409092593,0.5040508790407519
34745,0.8469999999999999,1,1,1,593368,12242,95514,12442,0.11339805105783837,0.5040512072597634
34746,0.847,5,5,5,593373,12237,95519,12437,0.1133517358924006,0.5040528491529546
34747,0.8470263347763346,0,1,0,593374,12236,95519,12437,0.11334247285931305,0.5040732784825518
34748,0.8470833333333333,0,1,0,593375,12235,95519,12437,0.1133332098262255,0.5040937094682231
34749,0.8470833333333334,0,1,0,593376,12234,95519,12437,0.11332394679313794,0.5041141421101698
34750,0.8471190476190473,0,1,0,593377,12233,95519,12437,0.1133146837600504,0.5041345764085934
34751,0.8471428571428571,1,1,1,593378,12232,95520,12436,0.11330542072696284,0.5041349116263986
34752,0.8471428571428572,1,1,1,593379,12231,95521,12435,0.11329615769387529,0.5041352468985648
34753,0.8471666666666665,0,2,0,593381,12229,95521,12435,0.11327763162770017,0.5041761271488809
34754,0.8472380952380952,1,0,1,593381,12229,95522,12434,0.11327763162770017,0.5041560231926367
34755,0.8473333333333332,0,3,0,593384,12226,95522,12434,0.1132498425284375,0.5042173560421735
34756,0.8473333333333334,4,4,4,593388,12222,95526,12430,0.1132127903960873,0.5042187246470875
34757,0.8473333333333335,0,2,0,593390,12220,95526,12430,0.11319426432991218,0.5042596348884382
34758,0.8474523809523811,1,0,1,593390,12220,95527,12429,0.11319426432991218,0.5042395229015376
34759,0.8474999999999998,0,2,0,593392,12218,95527,12429,0.11317573826373707,0.5042804398101188
34760,0.8475,41,50,41,593442,12168,95568,12388,0.11271258660935937,0.5044795569310963
34761,0.8476190476190476,0,2,0,593444,12166,95568,12388,0.11269406054318426,0.5045206483668648
34762,0.8476666666666666,0,2,0,593446,12164,95568,12388,0.11267553447700915,0.5045617464972304
34763,0.8476666666666667,1,2,1,593448,12162,95569,12387,0.11265700841083405,0.50458267139191
34764,0.8476666666666668,1,0,1,593448,12162,95570,12386,0.11265700841083405,0.5045624898158709
34765,0.8477261904761904,0,1,0,593449,12161,95570,12386,0.1126477453777465,0.5045830447712552
34766,0.8477380952380953,1,0,1,593449,12161,95571,12385,0.1126477453777465,0.5045628615660392
34767,0.8477857142857143,0,1,0,593450,12160,95571,12385,0.11263848234465894,0.5045834182114484
34768,0.8477976190476191,1,0,1,593450,12160,95572,12384,0.11263848234465894,0.5045632333767927
34769,0.8478333333333332,0,1,0,593451,12159,95572,12384,0.11262921931157138,0.5045837917125046
34770,0.8478333333333333,0,1,0,593452,12158,95572,12384,0.11261995627848383,0.5046043517235759
34771,0.8478333333333334,1,0,1,593452,12158,95573,12383,0.11261995627848383,0.5045841652744387
34772,0.8478571428571428,0,1,0,593453,12157,95573,12383,0.11261069324539627,0.5046047269763652
34773,0.8478888888888889,2,1,2,593454,12156,95575,12381,0.11260143021230871,0.5045849125810001
34774,0.8479166666666668,0,1,0,593455,12155,95575,12381,0.11259216717922116,0.5046054776654711
34775,0.8479603174603173,0,1,0,593456,12154,95575,12381,0.11258290414613362,0.5046260444263297
34776,0.8479999999999999,0,1,0,593457,12153,95575,12381,0.11257364111304606,0.5046466128637809
34777,0.848,6,11,6,593468,12142,95581,12375,0.11247174774908296,0.5047518048700902
34778,0.8480000000000001,0,3,0,593471,12139,95581,12375,0.11244395864982029,0.5048135759158032
34779,0.8480119047619046,0,1,0,593472,12138,95581,12375,0.11243469561673275,0.504834169624281
34780,0.8480476190476189,0,1,0,593473,12137,95581,12375,0.1124254325836452,0.5048547650130548
34781,0.8480952380952381,0,1,0,593474,12136,95581,12375,0.11241616955055764,0.5048753620823304
34782,0.8481666666666666,2,2,2,593476,12134,95583,12373,0.11239764348438253,0.504876157832456
34783,0.8481831501831504,0,1,0,593477,12133,95583,12373,0.11238838045129497,0.5048967599771484
34784,0.8482142857142857,1,0,1,593477,12133,95584,12372,0.11238838045129497,0.5048765558049377
34785,0.8482142857142858,1,0,1,593477,12133,95585,12371,0.11238838045129497,0.5048563499836761
34786,0.8482857142857141,3,0,3,593477,12133,95588,12368,0.11238838045129497,0.5047957226235664
34787,0.8483333333333333,11,31,11,593508,12102,95599,12357,0.11210122642558079,0.5052128051024163
34788,0.8483333333333334,15,16,15,593524,12086,95614,12342,0.11195301789617992,0.5052398886523661
34789,0.8483333333333336,0,1,0,593525,12085,95614,12342,0.11194375486309237,0.5052605723175175
34790,0.8484166666666666,0,1,0,593526,12084,95614,12342,0.11193449183000481,0.5052812576762467
34791,0.8484999999999998,0,1,0,593527,12083,95614,12342,0.11192522879691726,0.5053019447287616
34792,0.8484999999999999,1,4,1,593531,12079,95615,12341,0.11188817666456705,0.5053644553644554
34793,0.8485,0,3,0,593534,12076,95615,12341,0.11186038756530438,0.5054265470778556
34794,0.8485714285714286,1,2,1,593536,12074,95616,12340,0.11184186149912928,0.5054476939460965
34795,0.8486428571428573,0,1,0,593537,12073,95616,12340,0.11183259846604172,0.5054683979846802
34796,0.8486666666666666,2,0,2,593537,12073,95618,12338,0.11183259846604172,0.5054278808733768
34797,0.8486666666666668,2,4,2,593541,12069,95620,12336,0.1117955463336915,0.5054701905347265
34798,0.8486666666666669,0,1,0,593542,12068,95620,12336,0.11178628330060394,0.5054909031306343
34799,0.84875,0,2,0,593544,12066,95620,12336,0.11176775723442885,0.5055323334152938
34800,0.8487651515151515,1,0,1,593544,12066,95621,12335,0.11176775723442885,0.5055120691774927
34801,0.8488333333333332,2,2,2,593546,12064,95623,12333,0.11174923116825373,0.5055129729065049
34802,0.8488333333333334,0,3,0,593549,12061,95623,12333,0.11172144206899107,0.50557514142822
34803,0.8488809523809525,0,1,0,593550,12060,95623,12333,0.11171217903590351,0.5055958676669536
34804,0.8488888888888888,0,1,0,593551,12059,95623,12333,0.11170291600281596,0.5056165956051164
34805,0.8489123376623374,0,2,0,593553,12057,95623,12333,0.11168438993664086,0.5056580565805658
34806,0.8489707792207791,0,2,0,593555,12055,95623,12333,0.11166586387046575,0.5056995243562408
34807,0.8489722222222222,1,1,1,593556,12054,95624,12332,0.11165660083737819,0.505699991798573
34808,0.8489761904761904,0,2,0,593558,12052,95624,12332,0.11163807477120308,0.505741469816273
34809,0.8489999999999999,1,2,1,593560,12050,95625,12331,0.11161954870502798,0.5057626840572577
34810,0.8490000000000001,4,7,4,593567,12043,95629,12327,0.1115547074734151,0.5058268362741075
34811,0.8490000000000002,1,0,1,593567,12043,95630,12326,0.1115547074734151,0.5058065575115926
34812,0.8490952380952382,0,1,0,593568,12042,95630,12326,0.11154544444032755,0.5058273145108338
34813,0.8491428571428571,0,3,0,593571,12039,95630,12326,0.11151765534106488,0.5058895957315822
34814,0.8491428571428572,0,1,0,593572,12038,95630,12326,0.11150839230797732,0.5059103595468725
34815,0.8491666666666666,5,7,5,593579,12031,95635,12321,0.11144355107636444,0.5059543363994744
34816,0.8491666666666667,7,10,7,593589,12021,95642,12314,0.1113509207454889,0.5060201356071502
34817,0.8492081529581526,0,2,0,593591,12019,95642,12314,0.1113323946793138,0.5060617268729709
34818,0.8492142857142856,1,1,1,593592,12018,95643,12313,0.11132313164622624,0.5060622251448769
34819,0.84925,0,2,0,593594,12016,95643,12313,0.11130460558005113,0.506103826708866
34820,0.8492619047619047,0,1,0,593595,12015,95643,12313,0.11129534254696358,0.5061246300559027
34821,0.8492857142857142,1,0,1,593595,12015,95644,12312,0.11129534254696358,0.5061043285238623
34822,0.8492857142857143,2,1,2,593596,12014,95646,12310,0.11128607951387602,0.5060845255714521
34823,0.8493333333333333,2,0,2,593596,12014,95648,12308,0.11128607951387602,0.5060439108625935
34824,0.8493333333333334,5,4,5,593600,12010,95653,12303,0.11124902738152581,0.5060255830214289
34825,0.8493452380952381,1,0,1,593600,12010,95654,12302,0.11124902738152581,0.5060052648897664
34826,0.8494166666666668,0,1,0,593601,12009,95654,12302,0.11123976434843826,0.5060260787297931
34827,0.8494999999999997,0,2,0,593603,12007,95654,12302,0.11122123828226314,0.5060677115471636
34828,0.8495,0,1,0,593604,12006,95654,12302,0.11121197524917559,0.5060885305249301
34829,0.849547619047619,1,1,1,593605,12005,95655,12301,0.11120271221608803,0.5060890315148523
34830,0.8496190476190476,0,1,0,593606,12004,95655,12301,0.11119344918300048,0.5061098539395186
34831,0.8496428571428573,0,1,0,593607,12003,95655,12301,0.11118418614991293,0.5061306780776826
34832,0.8496666666666666,1,1,1,593608,12002,95656,12300,0.11117492311682538,0.5061311826187145
34833,0.8496666666666667,1,3,1,593611,11999,95657,12299,0.11114713401756271,0.5061733476006256
34834,0.8497182539682536,0,1,0,593612,11998,95657,12299,0.11113787098447515,0.5061941803514837
34835,0.8497727272727273,1,0,1,593612,11998,95658,12298,0.11113787098447515,0.506173855778729
34836,0.8497857142857143,2,0,2,593612,11998,95660,12296,0.11113787098447515,0.5061332016135671
34837,0.8498095238095236,2,0,2,593612,11998,95662,12294,0.11113787098447515,0.5060925407541578
34838,0.8498333333333332,0,1,0,593613,11997,95662,12294,0.1111286079513876,0.5061133753241941
34839,0.8498333333333333,0,2,0,593615,11995,95662,12294,0.1111100818852125,0.5061550496109349
34840,0.8498809523809525,1,0,1,593615,11995,95663,12293,0.1111100818852125,0.5061347167325428
34841,0.8499047619047618,0,2,0,593617,11993,95663,12293,0.11109155581903739,0.5061763979247303
34842,0.8499166666666668,0,1,0,593618,11992,95663,12293,0.11108229278594983,0.5061972410953264
34843,0.8499523809523808,1,0,1,593618,11992,95664,12292,0.11108229278594983,0.5061769066051721
34844,0.8499999999999999,2,3,2,593621,11989,95666,12290,0.11105450368668716,0.506198772601837
34845,0.85,698,778,698,594399,11211,96364,11592,0.10384786394457,0.5083541639257992
34846,0.8500000000000001,2,4,2,594403,11207,96366,11590,0.1038108118122198,0.5084002281001886
34847,0.8500714285714287,0,1,0,594404,11206,96366,11590,0.10380154877913224,0.5084225302684682
34848,0.8501666666666666,1,2,1,594406,11204,96367,11589,0.10378302271295713,0.5084455753959549
34849,0.8501666666666668,0,1,0,594407,11203,96367,11589,0.10377375967986957,0.5084678834678835
34850,0.8502142857142856,1,0,1,594407,11203,96368,11588,0.10377375967986957,0.5084463165284542
34851,0.850238095238095,1,2,1,594409,11201,96369,11587,0.10375523361369447,0.5084693698437774
34852,0.8502380952380952,0,3,0,594412,11198,96369,11587,0.1037274445144318,0.5085363177529076
34853,0.85025,0,1,0,594413,11197,96369,11587,0.10371818148134425,0.5085586376404494
34854,0.8503333333333332,0,2,0,594415,11195,96369,11587,0.10369965541516914,0.5086032832938284
34855,0.8503333333333333,3,2,3,594417,11193,96372,11584,0.10368112934899404,0.5085832199148264
34856,0.8503333333333335,1,0,1,594417,11193,96373,11583,0.10368112934899404,0.5085616438356164
34857,0.8503849206349205,0,1,0,594418,11192,96373,11583,0.10367186631590648,0.5085839736553238
34858,0.8504166666666667,0,1,0,594419,11191,96373,11583,0.10366260328281893,0.5086063054360236
34859,0.850452380952381,2,1,2,594420,11190,96375,11581,0.10365334024973137,0.5085854815335294
34860,0.8504761904761904,0,1,0,594421,11189,96375,11581,0.10364407721664382,0.5086078173034695
34861,0.8504960317460316,0,1,0,594422,11188,96375,11581,0.10363481418355626,0.5086301550353551
34862,0.8504999999999999,0,1,0,594423,11187,96375,11581,0.1036255511504687,0.5086524947294448
34863,0.8505000000000001,0,1,0,594424,11186,96375,11581,0.10361628811738116,0.5086748363859973
34864,0.850547619047619,1,0,1,594424,11186,96376,11580,0.10361628811738116,0.5086532548537293
34865,0.8506666666666665,0,1,0,594425,11185,96376,11580,0.1036070250842936,0.5086755985064793
34866,0.8506666666666667,1,3,1,594428,11182,96377,11579,0.10357923598503094,0.5087210579500022
34867,0.8506666666666668,0,1,0,594429,11181,96377,11579,0.10356997295194338,0.5087434094903339
34868,0.8507142857142856,0,1,0,594430,11180,96377,11579,0.10356070991885583,0.5087657629948592
34869,0.8507777777777779,1,1,1,594431,11179,96378,11578,0.10355144688576827,0.5087665333743464
34870,0.850797619047619,0,2,0,594433,11177,96378,11578,0.10353292081959317,0.5088112502746649
34871,0.8508095238095238,0,4,0,594437,11173,96378,11578,0.10349586868724295,0.5089007076612017
34872,0.8508333333333333,7,6,7,594443,11167,96385,11571,0.10344029048871763,0.50888380684317
34873,0.8508333333333334,4,14,4,594457,11153,96389,11567,0.10331060802549187,0.5091109154929577
34874,0.851,5,6,5,594463,11147,96394,11562,0.10325502982696654,0.509137346426527
34875,0.8510000000000001,0,1,0,594464,11146,96394,11562,0.10324576679387899,0.5091597674828254
34876,0.8510000000000002,0,1,0,594465,11145,96394,11562,0.10323650376079144,0.5091821905139384
34877,0.8510064935064936,0,1,0,594466,11144,96394,11562,0.10322724072770388,0.5092046155201269
34878,0.8511111111111112,0,1,0,594467,11143,96394,11562,0.10321797769461633,0.5092270425016516
34879,0.8511428571428571,1,0,1,594467,11143,96395,11561,0.10321797769461633,0.5092054263565892
34880,0.8511666666666667,0,1,0,594468,11142,96395,11561,0.10320871466152877,0.5092278553495133
34881,0.85125,0,2,0,594470,11140,96395,11561,0.10319018859535366,0.5092727192634686
34882,0.8512803585303585,1,0,1,594470,11140,96396,11560,0.10319018859535366,0.5092511013215859
34883,0.8513333333333333,1,2,1,594472,11138,96397,11559,0.10317166252917856,0.5092743534387805
34884,0.8513571428571427,0,1,0,594473,11137,96397,11559,0.103162399496091,0.5092967923863235
34885,0.8513849206349206,0,1,0,594474,11136,96397,11559,0.10315313646300345,0.509319233311302
34886,0.8514285714285714,1,0,1,594474,11136,96398,11558,0.10315313646300345,0.5092976117035339
34887,0.8514999999999999,0,1,0,594475,11135,96398,11558,0.10314387342991589,0.5093200546424007
34888,0.8515,3,7,3,594482,11128,96401,11555,0.10307903219830301,0.5094123352290262
34889,0.8515952380952381,1,1,1,594483,11127,96402,11554,0.10306976916521546,0.5094131652043561
34890,0.8516666666666666,13,22,13,594505,11105,96415,11541,0.10286598243728927,0.509626424092555
34891,0.8516666666666667,8,24,8,594529,11081,96423,11533,0.10264366964318797,0.5099938091447775
34892,0.8516666666666669,1,1,1,594530,11080,96424,11532,0.10263440661010041,0.5099946930833186
34893,0.8517499999999997,0,2,0,594532,11078,96424,11532,0.1026158805439253,0.5100398053958426
34894,0.8517857142857143,0,2,0,594534,11076,96424,11532,0.10259735447775019,0.5100849256900213
34895,0.8518333333333332,0,2,0,594536,11074,96424,11532,0.10257882841157509,0.5101300539679731
34896,0.8518333333333333,1,1,1,594537,11073,96425,11531,0.10256956537848753,0.5101309502742878
34897,0.8518333333333336,0,1,0,594538,11072,96425,11531,0.10256030234539998,0.5101535194443215
34898,0.851857142857143,1,1,1,594539,11071,96426,11530,0.10255103931231242,0.5101544179461086
34899,0.851988095238095,1,1,1,594540,11070,96427,11529,0.10254177627922487,0.5101553166069295
34900,0.852,9,6,9,594546,11064,96436,11520,0.10248619808069954,0.51009564293305
34901,0.8520000000000002,0,4,0,594550,11060,96436,11520,0.10244914594834932,0.5101860053144376
34902,0.8520476190476189,1,1,1,594551,11059,96437,11519,0.10243988291526178,0.5101869076091771
34903,0.8520833333333333,1,0,1,594551,11059,96438,11518,0.10243988291526178,0.5101652123842849
34904,0.8521190476190477,0,1,0,594552,11058,96438,11518,0.10243061988217422,0.5101878100637846
34905,0.8521428571428571,0,1,0,594553,11057,96438,11518,0.10242135684908667,0.5102104097452934
34906,0.8521666666666667,4,1,4,594554,11056,96442,11514,0.10241209381599911,0.5101462117855561
34907,0.8522023809523809,1,0,1,594554,11056,96443,11513,0.10241209381599911,0.5101245070672161
34908,0.8522142857142859,0,1,0,594555,11055,96443,11513,0.10240283078291156,0.5101471109535626
34909,0.8523333333333334,3,6,3,594561,11049,96446,11510,0.10234725258438623,0.5102176514916441
34910,0.8523333333333335,1,2,1,594563,11047,96447,11509,0.10232872651821112,0.5102411775137435
34911,0.8523571428571428,0,3,0,594566,11044,96447,11509,0.10230093741894845,0.510309049793819
34912,0.8523650793650793,0,1,0,594567,11043,96447,11509,0.10229167438586091,0.5103316778999645
34913,0.8523809523809522,0,1,0,594568,11042,96447,11509,0.10228241135277336,0.5103543080129485
34914,0.8523809523809525,0,1,0,594569,11041,96447,11509,0.1022731483196858,0.5103769401330377
34915,0.8525,26,38,26,594607,11003,96473,11483,0.10192115306235874,0.5106733078359869
34916,0.8526190476190476,0,1,0,594608,11002,96473,11483,0.10191189002927119,0.5106960195686013
34917,0.8526190476190477,0,1,0,594609,11001,96473,11483,0.10190262699618363,0.510718733321473
34918,0.8526666666666665,1,0,1,594609,11001,96474,11482,0.10190262699618363,0.5106969710447894
34919,0.8526666666666667,4,4,4,594613,10997,96478,11478,0.10186557486383341,0.5107007786429366
34920,0.8526666666666668,2,1,2,594614,10996,96480,11476,0.10185631183074587,0.5106799572801709
34921,0.8527380952380952,0,1,0,594615,10995,96480,11476,0.10184704879765831,0.5107026834586801
34922,0.8528095238095237,1,0,1,594615,10995,96481,11475,0.10184704879765831,0.5106809078771696
34923,0.8528333333333333,0,4,0,594619,10991,96481,11475,0.10180999666530809,0.510771832992077
34924,0.8528333333333334,1,0,1,594619,10991,96482,11474,0.10180999666530809,0.51075005564211
34925,0.8528484848484849,0,2,0,594621,10989,96482,11474,0.10179147059913297,0.5107955304278147
34926,0.8528809523809522,1,2,1,594623,10987,96483,11473,0.10177294453295788,0.5108192341941229
34927,0.8529285714285713,0,1,0,594624,10986,96483,11473,0.10176368149987032,0.5108419787167728
34928,0.8529523809523809,0,1,0,594625,10985,96483,11473,0.10175441846678276,0.510864725264939
34929,0.8529880952380954,0,1,0,594626,10984,96483,11473,0.10174515543369521,0.5108874738388921
34930,0.853,6,3,6,594629,10981,96489,11467,0.10171736633443254,0.5108250178189594
34931,0.8530000000000001,1,3,1,594632,10978,96490,11466,0.10168957723516989,0.5108715024059882
34932,0.8530149572649571,1,0,1,594632,10978,96491,11465,0.10168957723516989,0.5108497081495343
34933,0.8530357142857141,0,3,0,594635,10975,96491,11465,0.10166178813590722,0.5109180035650623
34934,0.8530396825396823,0,2,0,594637,10973,96491,11465,0.10164326206973211,0.5109635439878777
34935,0.8531428571428572,0,1,0,594638,10972,96491,11465,0.10163399903664457,0.5109863172438383
34936,0.8531666666666663,3,3,3,594641,10969,96494,11462,0.1016062099373819,0.5109892559404395
34937,0.8531666666666665,1,1,1,594642,10968,96495,11461,0.10159694690429434,0.5109902358553658
34938,0.8531666666666666,0,1,0,594643,10967,96495,11461,0.10158768387120679,0.5110130194399858
34939,0.8531666666666667,0,2,0,594645,10965,96495,11461,0.10156915780503167,0.5110585927048961
34940,0.8532142857142857,0,2,0,594647,10963,96495,11461,0.10155063173885658,0.5111041740991794
34941,0.8532142857142858,0,1,0,594648,10962,96495,11461,0.10154136870576902,0.5111269678455158
34942,0.8533253968253968,0,2,0,594650,10960,96495,11461,0.10152284263959391,0.5111725614379377
34943,0.8533333333333333,28,37,28,594687,10923,96523,11433,0.10118011041535441,0.511406333870102
34944,0.8533333333333334,32,46,32,594733,10877,96555,11401,0.10075401089332692,0.5117604811922075
34945,0.8534523809523811,0,2,0,594735,10875,96555,11401,0.1007354848271518,0.5118064284431675
34946,0.8534761904761904,0,1,0,594736,10874,96555,11401,0.10072622179406425,0.5118294051627384
34947,0.8534999999999999,1,3,1,594739,10871,96556,11400,0.10069843269480158,0.5118764312334426
34948,0.8535,1,1,1,594740,10870,96557,11399,0.10068916966171403,0.51187749786699
34949,0.8535555555555555,1,0,1,594740,10870,96558,11398,0.10068916966171403,0.5118555775103287
34950,0.8536309523809522,0,1,0,594741,10869,96558,11398,0.10067990662862648,0.5118785646921453
34951,0.8536666666666666,2,4,2,594745,10865,96560,11396,0.10064285449627626,0.5119266879295629
34952,0.8536666666666668,0,4,0,594749,10861,96560,11396,0.10060580236392605,0.5120186907489779
34953,0.8537142857142856,0,1,0,594750,10860,96560,11396,0.1005965393308385,0.5120416966211359
34954,0.8537142857142858,0,1,0,594751,10859,96560,11396,0.10058727629775094,0.5120647045607729
34955,0.8537261904761906,0,2,0,594753,10857,96560,11396,0.10056875023157583,0.5121107266435986
34956,0.8537287157287156,0,4,0,594757,10853,96560,11396,0.10053169809922562,0.5122027956312644
34957,0.8537460317460318,0,1,0,594758,10852,96560,11396,0.10052243506613806,0.5122258180510608
34958,0.85375,0,1,0,594759,10851,96560,11396,0.1005131720330505,0.5122488425405672
34959,0.8537777777777777,0,1,0,594760,10850,96560,11396,0.10050390899996295,0.512271869100063
34960,0.8538095238095237,0,2,0,594762,10848,96560,11396,0.10048538293378784,0.5123179284301385
34961,0.8538095238095238,0,3,0,594765,10845,96560,11396,0.10045759383452518,0.5123870329571512
34962,0.8538333333333332,1,0,1,594765,10845,96561,11395,0.10045759383452518,0.5123651079136691
34963,0.8538333333333334,0,4,0,594769,10841,96561,11395,0.10042054170217496,0.5124572764885771
34964,0.8538571428571429,0,1,0,594770,10840,96561,11395,0.1004112786690874,0.512480323813807
34965,0.8538928571428572,1,0,1,594770,10840,96562,11394,0.1004112786690874,0.5124583970495638
34966,0.8539166666666667,0,1,0,594771,10839,96562,11394,0.10040201563599985,0.5124814464984483
34967,0.8539999999999999,1,1,1,594772,10838,96563,11393,0.10039275260291229,0.5124825693850928
34968,0.8540000000000001,17,21,17,594793,10817,96580,11376,0.10019822890807366,0.5125940611904655
34969,0.8540000000000002,0,1,0,594794,10816,96580,11376,0.1001889658749861,0.5126171593366979
34970,0.8540238095238096,0,1,0,594795,10815,96580,11376,0.10017970284189855,0.5126402595646884
34971,0.8540476190476192,1,0,1,594795,10815,96581,11375,0.10017970284189855,0.5126182965299685
34972,0.8540833333333333,1,1,1,594796,10814,96582,11374,0.10017043980881099,0.5126194339282495
34973,0.8540919913419915,0,1,0,594797,10813,96582,11374,0.10016117677572345,0.5126425384234011
34974,0.8541666666666665,2,8,2,594805,10805,96584,11372,0.10008707251102301,0.5127835144519096
34975,0.8541666666666667,6,3,6,594808,10802,96590,11366,0.10005928341176035,0.5127210393359798
34976,0.8541904761904762,0,1,0,594809,10801,96590,11366,0.10005002037867279,0.5127441692606126
34977,0.8541987179487179,0,2,0,594811,10799,96590,11366,0.10003149431249768,0.5127904353710805
34978,0.85425,0,1,0,594812,10798,96590,11366,0.10002223127941012,0.5128135715574806
34979,0.8542539682539685,1,1,1,594813,10797,96591,11365,0.10001296824632258,0.5128147279126433
34980,0.8542857142857143,1,2,1,594815,10795,96592,11364,0.09999444218014747,0.5128390270319058
34981,0.8543095238095237,2,0,2,594815,10795,96594,11362,0.09999444218014747,0.5127950534819696
34982,0.8543333333333331,1,0,1,594815,10795,96595,11361,0.09999444218014747,0.5127730637299152
34983,0.8543333333333333,2,1,2,594816,10794,96597,11359,0.09998517914705991,0.5127522231751908
34984,0.8543333333333334,1,1,1,594817,10793,96598,11358,0.09997591611397236,0.5127533745654824
34985,0.8543333333333335,0,1,0,594818,10792,96598,11358,0.0999666530808848,0.5127765237020316
34986,0.8544047619047619,0,1,0,594819,10791,96598,11358,0.09995739004779725,0.5127996749288907
34987,0.8544444444444445,0,1,0,594820,10790,96598,11358,0.0999481270147097,0.5128228282463427
34988,0.8544642857142857,0,1,0,594821,10789,96598,11358,0.09993886398162215,0.512845983654671
34989,0.8545,1,0,1,594821,10789,96599,11357,0.09993886398162215,0.5128239862729161
34990,0.8545000000000001,0,1,0,594822,10788,96599,11357,0.09992960094853459,0.5128471438247911
34991,0.8545833333333333,0,2,0,594824,10786,96599,11357,0.09991107488235948,0.5128934652034502
34992,0.8546666666666666,0,1,0,594825,10785,96599,11357,0.09990181184927192,0.5129166290308012
34993,0.8546666666666667,2,3,2,594828,10782,96601,11355,0.09987402275000927,0.5129421330803632
34994,0.8547499999999999,1,1,1,594829,10781,96602,11354,0.09986475971692171,0.512943302462164
34995,0.8547619047619047,0,1,0,594830,10780,96602,11354,0.09985549668383416,0.512966476913346
34996,0.8547619047619048,1,0,1,594830,10780,96603,11353,0.09985549668383416,0.512944472055302
34997,0.8547738095238097,1,0,1,594830,10780,96604,11352,0.09985549668383416,0.5129224652087475
34998,0.8548055555555554,0,2,0,594832,10778,96604,11352,0.09983697061765905,0.5129688206055129
34999,0.8548333333333333,0,1,0,594833,10777,96604,11352,0.09982770758457149,0.5129920014460663
35000,0.8548809523809524,0,1,0,594834,10776,96604,11352,0.09981844455148393,0.5130151843817787
35001,0.8549126984126982,0,1,0,594835,10775,96604,11352,0.09980918151839638,0.5130383694129345
35002,0.8549761904761902,0,1,0,594836,10774,96604,11352,0.09979991848530884,0.5130615565398174
35003,0.8549761904761904,1,0,1,594836,10774,96605,11351,0.09979991848530884,0.5130395480225989
35004,0.8549999999999999,2,6,2,594842,10768,96607,11349,0.0997443402867835,0.5131346927702672
35005,0.855,134,194,134,595036,10574,96741,11215,0.097947311867798,0.5147092569645234
35006,0.8550000000000001,1,2,1,595038,10572,96742,11214,0.09792878580162288,0.5147342329936656
35007,0.8550079365079367,0,1,0,595039,10571,96742,11214,0.09791952276853533,0.5147578609134725
35008,0.8551190476190476,0,1,0,595040,10570,96742,11214,0.09791025973544777,0.5147814910025706
35009,0.8551428571428572,0,1,0,595041,10569,96742,11214,0.09790099670236022,0.5148051232612588
35010,0.8551666666666666,6,2,6,595043,10567,96748,11208,0.09788247063618512,0.5147187141216992
35011,0.8552380952380954,0,1,0,595044,10566,96748,11208,0.09787320760309756,0.5147423532653623
35012,0.8552777777777777,0,1,0,595045,10565,96748,11208,0.09786394457001,0.5147659945804437
35013,0.8552777777777778,0,1,0,595046,10564,96748,11208,0.09785468153692245,0.5147896380672423
35014,0.8553095238095239,0,1,0,595047,10563,96748,11208,0.0978454185038349,0.5148132837260576
35015,0.8553333333333333,2,3,2,595050,10560,96750,11206,0.09781762940457224,0.5148396581824864
35016,0.8553333333333335,1,0,1,595050,10560,96751,11205,0.09781762940457224,0.5148173673328739
35017,0.8554166666666666,0,1,0,595051,10559,96751,11205,0.09780836637148468,0.5148410218709796
35018,0.8554761904761903,0,1,0,595052,10558,96751,11205,0.09779910333839713,0.514864678582916
35019,0.8554999999999999,1,2,1,595054,10556,96752,11204,0.09778057727222202,0.5148897058823529
35020,0.8555000000000001,1,2,1,595056,10554,96753,11203,0.0977620512060469,0.5149147400836512
35021,0.8555158730158732,0,2,0,595058,10552,96753,11203,0.0977435251398718,0.5149620776832912
35022,0.8555476190476189,1,0,1,595058,10552,96754,11202,0.0977435251398718,0.5149397811896663
35023,0.8555476190476192,1,1,1,595059,10551,96755,11201,0.09773426210678425,0.5149411548363368
35024,0.8555833333333334,0,1,0,595060,10550,96755,11201,0.0977249990736967,0.514964829203255
35025,0.8556666666666666,1,3,1,595063,10547,96756,11200,0.09769720997443403,0.5150135650894376
35026,0.8556666666666668,1,2,1,595065,10545,96757,11199,0.09767868390825891,0.5150386313465783
35027,0.8556944444444444,0,1,0,595066,10544,96757,11199,0.09766942087517137,0.5150623189072345
35028,0.8557142857142856,0,2,0,595068,10542,96757,11199,0.09765089480899626,0.5151097005657513
35029,0.855722222222222,0,1,0,595069,10541,96757,11199,0.0976416317759087,0.5151333946642135
35030,0.8558333333333333,5,10,5,595079,10531,96762,11194,0.09754900144503316,0.515258918296893
35031,0.8558333333333334,2,8,2,595087,10523,96764,11192,0.09747489718033273,0.5154040985493898
35032,0.855848484848485,0,1,0,595088,10522,96764,11192,0.09746563414724517,0.5154278345767708
35033,0.8558571428571428,0,1,0,595089,10521,96764,11192,0.09745637111415761,0.5154515727904941
35034,0.8559047619047621,0,1,0,595090,10520,96764,11192,0.09744710808107007,0.5154753131908621
35035,0.8559484126984128,0,3,0,595093,10517,96764,11192,0.0974193189818074,0.5155465475148556
35036,0.856,7,16,7,595109,10501,96771,11185,0.09727111045240654,0.5157705432075994
35037,0.8560238095238093,0,1,0,595110,10500,96771,11185,0.09726184741931898,0.5157943278764122
35038,0.8560714285714285,1,0,1,595110,10500,96772,11184,0.09726184741931898,0.5157719977863863
35039,0.8561428571428571,0,1,0,595111,10499,96772,11184,0.09725258438623142,0.5157957847161371
35040,0.8561666666666664,3,0,3,595111,10499,96775,11181,0.09725258438623142,0.5157287822878229
35041,0.8561666666666667,1,0,1,595111,10499,96776,11180,0.09725258438623142,0.5157064440241709
35042,0.8562142857142855,0,1,0,595112,10498,96776,11180,0.09724332135314387,0.5157302334163668
35043,0.85625,1,4,1,595116,10494,96777,11179,0.09720626922079366,0.5158030729479075
35044,0.8562777777777777,0,1,0,595117,10493,96777,11179,0.0971970061877061,0.5158268733850129
35045,0.8563333333333333,0,5,0,595122,10488,96777,11179,0.09715069102226834,0.5159459085244842
35046,0.8563333333333334,1,0,1,595122,10488,96778,11178,0.09715069102226834,0.5159235668789809
35047,0.8563333333333335,0,1,0,595123,10487,96778,11178,0.09714142798918078,0.5159473805677359
35048,0.8563690476190478,0,1,0,595124,10486,96778,11178,0.09713216495609323,0.5159711964549483
35049,0.8564642857142857,0,1,0,595125,10485,96778,11178,0.09712290192300567,0.5159950145409223
35050,0.8564999999999999,0,1,0,595126,10484,96778,11178,0.09711363888991811,0.5160188348259626
35051,0.8565,3,3,3,595129,10481,96781,11175,0.09708584979065545,0.5160232729959364
35052,0.8565238095238094,1,3,1,595132,10478,96782,11174,0.09705806069139279,0.5160724182523554
35053,0.8565555555555556,0,1,0,595133,10477,96782,11174,0.09704879765830524,0.5160962542145859
35054,0.8566428571428572,0,1,0,595134,10476,96782,11174,0.09703953462521768,0.5161200923787529
35055,0.8566666666666666,35,55,35,595189,10421,96817,11139,0.0965300678054022,0.5166512059369203
35056,0.8566666666666667,35,72,35,595261,10349,96852,11104,0.0958631294230983,0.5175966065352166
35057,0.8566666666666669,1,0,1,595261,10349,96853,11103,0.0958631294230983,0.5175741189632669
35058,0.8566818181818179,1,1,1,595262,10348,96854,11102,0.09585386639001074,0.5175757575757576
35059,0.856718253968254,0,2,0,595264,10346,96854,11102,0.09583534032383563,0.5176240208877284
35060,0.8567222222222222,0,1,0,595265,10345,96854,11102,0.09582607729074809,0.5176481559192427
35061,0.8568333333333332,0,1,0,595266,10344,96854,11102,0.09581681425766053,0.5176722932015294
35062,0.8568333333333333,1,0,1,595266,10344,96855,11101,0.09581681425766053,0.5176498018186058
35063,0.8569047619047621,0,1,0,595267,10343,96855,11101,0.09580755122457298,0.5176739414288379
35064,0.8569642857142857,0,2,0,595269,10341,96855,11101,0.09578902515839786,0.5177222274041601
35065,0.8569761904761906,1,0,1,595269,10341,96856,11100,0.09578902515839786,0.5176997341541906
35066,0.8569999999999999,0,1,0,595270,10340,96856,11100,0.09577976212531031,0.5177238805970149
35067,0.857,5,4,5,595274,10336,96861,11095,0.0957427099929601,0.517707993094116
35068,0.8570000000000002,1,0,1,595274,10336,96862,11094,0.0957427099929601,0.5176854876341577
35069,0.8570238095238095,0,1,0,595275,10335,96862,11094,0.09573344695987254,0.5177096458070839
35070,0.8570238095238096,1,0,1,595275,10335,96863,11093,0.09573344695987254,0.5176871383236886
35071,0.8570436507936511,1,0,1,595275,10335,96864,11092,0.09573344695987254,0.5176646287394409
35072,0.8570476190476191,0,1,0,595276,10334,96864,11092,0.09572418392678499,0.5176887893213852
35073,0.8570833333333334,1,0,1,595276,10334,96865,11091,0.09572418392678499,0.5176662777129521
35074,0.8571428571428572,3,1,3,595277,10333,96868,11088,0.09571492089369743,0.5176228934223426
35075,0.8571666666666665,0,1,0,595278,10332,96868,11088,0.09570565786060987,0.5176470588235295
35076,0.8571666666666666,0,1,0,595279,10331,96868,11088,0.09569639482752232,0.5176712264811616
35077,0.8571666666666669,0,1,0,595280,10330,96868,11088,0.09568713179443478,0.5176953963955552
35078,0.8571904761904763,0,2,0,595282,10328,96868,11088,0.09566860572825966,0.5177437429958909
35079,0.8572965367965368,0,2,0,595284,10326,96868,11088,0.09565007966208455,0.5177920986270664
35080,0.8573333333333332,0,3,0,595287,10323,96868,11088,0.09562229056282188,0.51786464901219
35081,0.8573333333333334,4,4,4,595291,10319,96872,11084,0.09558523843047168,0.5178713264495631
35082,0.8573333333333335,0,2,0,595293,10317,96872,11084,0.09556671236429656,0.5179197233774123
35083,0.8573809523809524,0,1,0,595294,10316,96872,11084,0.09555744933120901,0.5179439252336449
35084,0.8574761904761905,0,1,0,595295,10315,96872,11084,0.09554818629812145,0.5179681293518389
35085,0.8574935064935063,0,1,0,595296,10314,96872,11084,0.09553892326503391,0.5179923357323114
35086,0.8574999999999998,0,1,0,595297,10313,96872,11084,0.09552966023194635,0.5180165443753797
35087,0.8575,33,44,33,595341,10269,96905,11051,0.09512208677609396,0.5183395872420262
35088,0.8575000000000002,0,1,0,595342,10268,96905,11051,0.0951128237430064,0.5183639007458136
35089,0.8576190476190476,1,2,1,595344,10266,96906,11050,0.09509429767683131,0.518389941827735
35090,0.8576428571428572,0,1,0,595345,10265,96906,11050,0.09508503464374375,0.5184142622566268
35091,0.8576666666666665,1,1,1,595346,10264,96907,11049,0.0950757716106562,0.5184159902406982
35092,0.8576666666666667,1,7,1,595353,10257,96908,11048,0.09501093037904332,0.5185637174372213
35093,0.8576666666666668,0,2,0,595355,10255,96908,11048,0.0949924043128682,0.5186124020091067
35094,0.8576904761904761,1,0,1,595355,10255,96909,11047,0.0949924043128682,0.5185898037742935
35095,0.8576944444444444,1,0,1,595355,10255,96910,11046,0.0949924043128682,0.5185672034176799
35096,0.8577272727272728,2,0,2,595355,10255,96912,11044,0.0949924043128682,0.5185219963378562
35097,0.8577380952380953,0,3,0,595358,10252,96912,11044,0.09496461521360554,0.518595041322314
35098,0.8577640692640692,0,1,0,595359,10251,96912,11044,0.09495535218051798,0.5186193942239963
35099,0.8577777777777778,1,1,1,595360,10250,96913,11043,0.09494608914743044,0.5186211430986709
35100,0.8579285714285715,0,2,0,595362,10248,96913,11043,0.09492756308125533,0.5186698605044385
35101,0.8579523809523809,1,1,1,595363,10247,96914,11042,0.09491830004816777,0.5186716144487764
35102,0.8579761904761906,0,2,0,595365,10245,96914,11042,0.09489977398199266,0.5187203457509278
35103,0.858,14,10,14,595375,10235,96928,11028,0.09480714365111712,0.5186474156986314
35104,0.8580000000000001,0,1,0,595376,10234,96928,11028,0.09479788061802957,0.5186718088608786
35105,0.8580454545454547,0,1,0,595377,10233,96928,11028,0.09478861758494202,0.518696204317765
35106,0.8581666666666666,1,0,1,595377,10233,96929,11027,0.09478861758494202,0.5186735653809972
35107,0.8581666666666667,1,0,1,595377,10233,96930,11026,0.09478861758494202,0.5186509243144081
35108,0.858174603174603,0,1,0,595378,10232,96930,11026,0.09477935455185446,0.5186753222316305
35109,0.8581904761904761,0,1,0,595379,10231,96930,11026,0.0947700915187669,0.5186997224443712
35110,0.8582222222222222,0,1,0,595380,10230,96930,11026,0.09476082848567935,0.5187241249529545
35111,0.8582261904761903,1,2,1,595382,10228,96931,11025,0.09474230241950424,0.5187502940761304
35112,0.8582261904761904,0,1,0,595383,10227,96931,11025,0.09473303938641668,0.5187747035573123
35113,0.8582380952380951,1,0,1,595383,10227,96932,11024,0.09473303938641668,0.5187520587266482
35114,0.8582857142857141,1,2,1,595385,10225,96933,11023,0.09471451332024158,0.5187782379518072
35115,0.8583214285714286,0,1,0,595386,10224,96933,11023,0.09470525028715403,0.5188026544923989
35116,0.8583333333333333,16,15,16,595401,10209,96949,11007,0.09456630479084072,0.5188065610859729
35117,0.8583333333333334,16,24,16,595425,10185,96965,10991,0.09434399199673942,0.5190309784661882
35118,0.8584444444444443,1,0,1,595425,10185,96966,10990,0.09434399199673942,0.5190082644628099
35119,0.8584999999999999,4,0,4,595425,10185,96970,10986,0.09434399199673942,0.5189173869916395
35120,0.8585,0,2,0,595427,10183,96970,10986,0.0943254659305643,0.5189664131513062
35121,0.8585238095238094,0,3,0,595430,10180,96970,10986,0.09429767683130164,0.5190399697628272
35122,0.8585833333333334,0,1,0,595431,10179,96970,10986,0.0942884137982141,0.5190644932671864
35123,0.858595238095238,0,1,0,595432,10178,96970,10986,0.09427915076512654,0.519089019089019
35124,0.8586666666666666,0,2,0,595434,10176,96970,10986,0.09426062469895143,0.5191380776864191
35125,0.8586666666666667,0,2,0,595436,10174,96970,10986,0.09424209863277631,0.519187145557656
35126,0.8587857142857145,0,1,0,595437,10173,96970,10986,0.09423283559968876,0.5192116829717851
35127,0.8588333333333332,0,1,0,595438,10172,96970,10986,0.0942235725666012,0.5192362227053596
35128,0.8588333333333334,0,2,0,595440,10170,96970,10986,0.0942050465004261,0.5192853091321611
35129,0.8589191919191917,1,0,1,595440,10170,96971,10985,0.0942050465004261,0.5192625856771449
35130,0.858952380952381,0,1,0,595441,10169,96971,10985,0.09419578346733855,0.5192871324572185
35131,0.8589999999999999,0,4,0,595445,10165,96971,10985,0.09415873133498832,0.5193853427895981
35132,0.8590000000000001,7,8,7,595453,10157,96978,10978,0.09408462707028789,0.5194227584575349
35133,0.8590714285714283,0,1,0,595454,10156,96978,10978,0.09407536403720033,0.5194473360461815
35134,0.8591150793650794,0,2,0,595456,10154,96978,10978,0.09405683797102524,0.5194964982017793
35135,0.8591666666666665,10,4,10,595460,10150,96988,10968,0.09401978583867501,0.5193673643337438
35136,0.8591666666666667,4,6,4,595466,10144,96992,10964,0.09396420764014969,0.5194239151032783
35137,0.8591666666666669,0,1,0,595467,10143,96992,10964,0.09395494460706214,0.519448524186289
35138,0.8591944444444445,1,0,1,595467,10143,96993,10963,0.09395494460706214,0.519425755709277
35139,0.8592142857142856,0,1,0,595468,10142,96993,10963,0.09394568157397458,0.5194503672115612
35140,0.8592579365079364,0,1,0,595469,10141,96993,10963,0.09393641854088702,0.5194749810462471
35141,0.8592857142857143,0,1,0,595470,10140,96993,10963,0.09392715550779947,0.5194995972136663
35142,0.8593333333333333,1,1,1,595471,10139,96994,10962,0.09391789247471193,0.5195014454291266
35143,0.8593333333333334,3,8,3,595479,10131,96997,10959,0.09384378821001149,0.5196301564722617
35144,0.8594999999999999,1,1,1,595480,10130,96998,10958,0.09383452517692394,0.5196320182094082
35145,0.8595,1,2,1,595482,10128,96999,10957,0.09381599911074882,0.5196585250177852
35146,0.8595079365079361,0,1,0,595483,10127,96999,10957,0.09380673607766127,0.5196831720736104
35147,0.859547619047619,0,1,0,595484,10126,96999,10957,0.09379747304457371,0.5197078214675331
35148,0.8595595238095237,1,0,1,595484,10126,97000,10956,0.09379747304457371,0.5196850393700787
35149,0.859654761904762,1,0,1,595484,10126,97001,10955,0.09379747304457371,0.5196622551112376
35150,0.8596666666666666,0,2,0,595486,10124,97001,10955,0.0937789469783986,0.5197115612695099
35151,0.8596666666666667,1,3,1,595489,10121,97002,10954,0.09375115787913595,0.5197627520759194
35152,0.8596666666666668,0,1,0,595490,10120,97002,10954,0.09374189484604839,0.5197874157729904
35153,0.8596904761904761,0,1,0,595491,10119,97002,10954,0.09373263181296083,0.519812081810848
35154,0.8598095238095237,1,1,1,595492,10118,97003,10953,0.09372336877987328,0.5198139623178777
35155,0.8598333333333333,1,4,1,595496,10114,97004,10952,0.09368631664752307,0.5198898699325928
35156,0.8599047619047618,0,1,0,595497,10113,97004,10952,0.09367705361443551,0.5199145502017565
35157,0.8599047619047621,0,1,0,595498,10112,97004,10952,0.09366779058134796,0.5199392328142803
35158,0.8599108946608943,0,2,0,595500,10110,97004,10952,0.09364926451517284,0.5199886050707435
35159,0.8599999999999999,2,3,2,595503,10107,97006,10950,0.09362147541591019,0.5200170964524861
35160,0.86,693,673,693,596176,9434,97699,10257,0.08738745414798621,0.5208978721243207
35161,0.8600000000000001,1,1,1,596177,9433,97700,10256,0.08737819111489867,0.5208999949210219
35162,0.860047619047619,1,1,1,596178,9432,97701,10255,0.08736892808181111,0.5209021181490323
35163,0.8601666666666666,1,2,1,596180,9430,97702,10254,0.087350402015636,0.5209307051412314
35164,0.8602222222222222,1,0,1,596180,9430,97703,10253,0.087350402015636,0.5209063658995072
35165,0.8602380952380951,1,0,1,596180,9430,97704,10252,0.087350402015636,0.5208820241845341
35166,0.8602777777777778,2,1,2,596181,9429,97706,10250,0.08734113898254844,0.5208597997865745
35167,0.8603333333333332,0,2,0,596183,9427,97706,10250,0.08732261291637333,0.5209127407633277
35168,0.8603333333333333,0,1,0,596184,9426,97706,10250,0.08731334988328578,0.5209392152876601
35169,0.8603571428571428,1,0,1,596184,9426,97707,10249,0.08731334988328578,0.5209148665819568
35170,0.8604761904761905,1,0,1,596184,9426,97708,10248,0.08731334988328578,0.5208905154010369
35171,0.8604999999999999,2,3,2,596187,9423,97710,10246,0.08728556078402312,0.5209212466317555
35172,0.8605000000000002,1,2,1,596189,9421,97711,10245,0.08726703471784801,0.5209498627072104
35173,0.8605454545454546,0,1,0,596190,9420,97711,10245,0.08725777168476045,0.520976353928299
35174,0.8606569264069266,0,1,0,596191,9419,97711,10245,0.0872485086516729,0.5210028478437754
35175,0.8606666666666666,3,2,3,596193,9417,97714,10242,0.0872299825854978,0.5209827559896231
35176,0.8608015873015873,1,4,1,596197,9413,97715,10241,0.08719293045314758,0.5210644143685764
35177,0.8608095238095238,0,1,0,596198,9412,97715,10241,0.08718366742006002,0.5210909275937516
35178,0.8608333333333333,2,13,2,596211,9399,97717,10239,0.08706324798992182,0.5213871066300031
35179,0.8608333333333335,3,8,3,596219,9391,97720,10236,0.08698914372522139,0.5215264686401386
35180,0.8608791486291487,0,1,0,596220,9390,97720,10236,0.08697988069213383,0.5215530418832162
35181,0.8609166666666667,2,0,2,596220,9390,97722,10234,0.08697988069213383,0.5215042804728903
35182,0.8609855699855696,0,2,0,596222,9388,97722,10234,0.08696135462595872,0.5215574355315462
35183,0.8609999999999998,1,1,1,596223,9387,97723,10233,0.08695209159287116,0.521559633027523
35184,0.861,2,4,2,596227,9383,97725,10231,0.08691503946052095,0.5216172121953706
35185,0.8610714285714286,0,1,0,596228,9382,97725,10231,0.0869057764274334,0.5216438076785805
35186,0.8611904761904761,0,2,0,596230,9380,97725,10231,0.08688725036125829,0.5216970067819081
35187,0.86125,2,0,2,596230,9380,97727,10229,0.08688725036125829,0.5216482227548574
35188,0.8612896825396823,0,3,0,596233,9377,97727,10229,0.08685946126199563,0.521728042435989
35189,0.8613095238095237,0,1,0,596234,9376,97727,10229,0.08685019822890808,0.5217546544248917
35190,0.8613333333333331,0,1,0,596235,9375,97727,10229,0.08684093519582052,0.5217812691287492
35191,0.8613333333333333,1,1,1,596236,9374,97728,10228,0.08683167216273296,0.5217834914804612
35192,0.8613333333333334,1,1,1,596237,9373,97729,10227,0.08682240912964541,0.5217857142857143
35193,0.8614047619047619,0,1,0,596238,9372,97729,10227,0.08681314609655785,0.5218123373641512
35194,0.8614365079365078,0,2,0,596240,9370,97729,10227,0.08679462003038275,0.5218655916721947
35195,0.8614999999999999,0,2,0,596242,9368,97729,10227,0.08677609396420764,0.5219188568512375
35196,0.8615,2,2,2,596244,9366,97731,10225,0.08675756789803253,0.5219233321423102
35197,0.8615238095238097,0,1,0,596245,9365,97731,10225,0.08674830486494498,0.5219499744767738
35198,0.8615595238095239,0,3,0,596248,9362,97731,10225,0.08672051576568232,0.5220299178026242
35199,0.8616190476190476,2,0,2,596248,9362,97733,10223,0.08672051576568232,0.5219811079908093
35200,0.8616666666666666,11,17,11,596265,9345,97744,10212,0.0865630442031939,0.5221659763767449
35201,0.8616666666666667,8,26,8,596291,9319,97752,10204,0.08632220534291749,0.5226655739384316
35202,0.8616666666666668,1,0,1,596291,9319,97753,10203,0.08632220534291749,0.522641122835775
35203,0.8617857142857143,0,1,0,596292,9318,97753,10203,0.08631294230982993,0.5226678961118795
35204,0.8618095238095238,0,1,0,596293,9317,97753,10203,0.08630367927674237,0.5226946721311475
35205,0.8618333333333332,1,0,1,596293,9317,97754,10202,0.08630367927674237,0.522670218761207
35206,0.8618333333333333,4,2,4,596295,9315,97758,10198,0.08628515321056726,0.5226259416799057
35207,0.8618484848484849,0,1,0,596296,9314,97758,10198,0.08627589017747972,0.5226527265272652
35208,0.8618849206349206,1,0,1,596296,9314,97759,10197,0.08627589017747972,0.5226282609809851
35209,0.8619523809523809,1,0,1,596296,9314,97760,10196,0.08627589017747972,0.5226037929267042
35210,0.8619523809523811,0,1,0,596297,9313,97760,10196,0.08626662714439216,0.522630580757599
35211,0.8619603174603172,0,2,0,596299,9311,97760,10196,0.08624810107821705,0.5226841646588404
35212,0.8619999999999999,1,4,1,596303,9307,97761,10195,0.08621104894586683,0.5227668957030048
35213,0.862,6,9,6,596312,9298,97767,10189,0.08612768164807885,0.5228613947760045
35214,0.8620238095238096,0,1,0,596313,9297,97767,10189,0.0861184186149913,0.5228882274453454
35215,0.8620714285714286,0,1,0,596314,9296,97767,10189,0.08610915558190374,0.5229150628688735
35216,0.8620952380952381,0,1,0,596315,9295,97767,10189,0.08609989254881618,0.5229419010470129
35217,0.8621190476190477,1,1,1,596316,9294,97768,10188,0.08609062951572863,0.5229442562365261
35218,0.8621428571428571,1,0,1,596316,9294,97769,10187,0.08609062951572863,0.5229197679790565
35219,0.8621428571428572,2,0,2,596316,9294,97771,10185,0.08609062951572863,0.5228707839211458
35220,0.8621507936507937,0,3,0,596319,9291,97771,10185,0.08606284041646597,0.5229513247073321
35221,0.8621666666666665,0,1,0,596320,9290,97771,10185,0.08605357738337842,0.5229781771501926
35222,0.8621666666666666,0,1,0,596321,9289,97771,10185,0.08604431435029086,0.5230050323508267
35223,0.8622658730158732,1,0,1,596321,9289,97772,10184,0.08604431435029086,0.5229805371540082
35224,0.8623333333333332,1,2,1,596323,9287,97773,10183,0.08602578828411575,0.5230097586029789
35225,0.8623333333333334,2,2,2,596325,9285,97775,10181,0.08600726221794064,0.5230144867974931
35226,0.8623333333333335,1,1,1,596326,9284,97776,10180,0.08599799918485308,0.5230168516235101
35227,0.8623809523809524,1,1,1,596327,9283,97777,10179,0.08598873615176554,0.5230192169355667
35228,0.8624761904761905,0,1,0,596328,9282,97777,10179,0.08597947311867798,0.5230460921843687
35229,0.8624999999999998,0,1,0,596329,9281,97777,10179,0.08597021008559043,0.5230729701952723
35230,0.8625,25,26,25,596355,9255,97802,10154,0.08572937122531402,0.5231593590602298
35231,0.8625000000000002,0,1,0,596356,9254,97802,10154,0.08572010819222646,0.5231863149216818
35232,0.8626309523809523,0,3,0,596359,9251,97802,10154,0.0856923190929638,0.5232671991754703
35233,0.8626666666666667,2,2,2,596361,9249,97804,10152,0.0856737930267887,0.5232719962888511
35234,0.8626666666666668,0,2,0,596363,9247,97804,10152,0.08565526696061358,0.5233259446363214
35235,0.8627380952380953,0,1,0,596364,9246,97804,10152,0.08564600392752603,0.5233529229817507
35236,0.8627738095238093,0,2,0,596366,9244,97804,10152,0.08562747786135091,0.523406888018148
35237,0.8627884615384616,0,2,0,596368,9242,97804,10152,0.08560895179517582,0.5234608641847994
35238,0.8628095238095238,1,1,1,596369,9241,97805,10151,0.08559968876208826,0.5234632838283828
35239,0.8628333333333331,0,2,0,596371,9239,97805,10151,0.08558116269591315,0.5235172769468799
35240,0.8628333333333333,0,1,0,596372,9238,97805,10151,0.08557189966282559,0.5235442776832224
35241,0.8628571428571428,0,1,0,596373,9237,97805,10151,0.08556263662973804,0.523571281204869
35242,0.8629166666666666,0,2,0,596375,9235,97805,10151,0.08554411056356294,0.523625296605798
35243,0.8629682539682539,0,1,0,596376,9234,97805,10151,0.08553484753047538,0.5236523084859427
35244,0.8629761904761906,0,1,0,596377,9233,97805,10151,0.08552558449738783,0.5236793231531159
35245,0.863,1,1,1,596378,9232,97806,10150,0.08551632146430027,0.5236817665875555
35246,0.8630476190476191,1,2,1,596380,9230,97807,10149,0.08549779539812516,0.5237112338097941
35247,0.863142857142857,1,3,1,596383,9227,97808,10148,0.0854700062988625,0.5237677419354839
35248,0.8631666666666666,2,2,2,596385,9225,97810,10146,0.0854514802326874,0.5237726498373858
35249,0.8631904761904761,0,1,0,596386,9224,97810,10146,0.08544221719959984,0.5237996902426433
35250,0.8632380952380952,1,1,1,596387,9223,97811,10145,0.08543295416651228,0.5238021478727798
35251,0.8633333333333332,1,0,1,596387,9223,97812,10144,0.08543295416651228,0.5237775597666133
35252,0.8633333333333333,27,32,27,596419,9191,97839,10117,0.08513653710771055,0.5239796975347006
35253,0.8633333333333334,28,32,28,596451,9159,97867,10089,0.08484012004890881,0.5241583541147132
35254,0.8634285714285714,1,0,1,596451,9159,97868,10088,0.08484012004890881,0.5241336312152544
35255,0.8634523809523809,0,1,0,596452,9158,97868,10088,0.08483085701582126,0.5241608645952406
35256,0.8634603174603174,1,1,1,596453,9157,97869,10087,0.0848215939827337,0.5241633755975889
35257,0.8634999999999999,3,6,3,596459,9151,97872,10084,0.08476601578420838,0.524252664413829
35258,0.8635,1,2,1,596461,9149,97873,10083,0.08474748971803327,0.5242824459234608
35259,0.8635714285714287,1,0,1,596461,9149,97874,10082,0.08474748971803327,0.5242577089074931
35260,0.8636666666666667,1,0,1,596461,9149,97875,10081,0.08474748971803327,0.5242329693187727
35261,0.8636746031746033,1,1,1,596462,9148,97876,10080,0.08473822668494572,0.5242354899105471
35262,0.8636904761904762,1,0,1,596462,9148,97877,10079,0.08473822668494572,0.52421074530608
35263,0.8637023809523809,0,1,0,596463,9147,97877,10079,0.08472896365185817,0.5242380110267346
35264,0.86375,0,1,0,596464,9146,97877,10079,0.08471970061877061,0.5242652795838751
35265,0.8637857142857142,0,1,0,596465,9145,97877,10079,0.08471043758568306,0.5242925509779442
35266,0.8638333333333332,0,1,0,596466,9144,97877,10079,0.0847011745525955,0.5243198252093846
35267,0.8638333333333335,0,2,0,596468,9142,97877,10079,0.08468264848642039,0.5243743821861505
35268,0.8638888888888888,1,0,1,596468,9142,97878,10078,0.08468264848642039,0.5243496357960458
35269,0.8639920634920634,1,0,1,596468,9142,97879,10077,0.08468264848642039,0.5243248868307404
35270,0.8639999999999999,0,1,0,596469,9141,97879,10077,0.08467338545333283,0.5243521698407743
35271,0.8640000000000001,8,21,8,596490,9120,97887,10069,0.0844788617584942,0.5247277085830424
35272,0.864047619047619,1,0,1,596490,9120,97888,10068,0.0844788617584942,0.5247029393370857
35273,0.8641111111111112,0,1,0,596491,9119,97888,10068,0.08446959872540664,0.5247302861312347
35274,0.8641666666666665,8,5,8,596496,9114,97896,10060,0.08442328355996888,0.5246688223636174
35275,0.8641666666666667,2,8,2,596504,9106,97898,10058,0.08434917929526844,0.5248382383635984
35276,0.8642380952380951,0,1,0,596505,9105,97898,10058,0.08433991626218089,0.5248656264676721
35277,0.8642857142857143,2,2,2,596507,9103,97900,10056,0.08432139019600578,0.5248708178923743
35278,0.864297619047619,1,0,1,596507,9103,97901,10055,0.08432139019600578,0.5248460173295751
35279,0.8643333333333334,0,3,0,596510,9100,97901,10055,0.08429360109674312,0.5249282171756722
35280,0.8643333333333335,0,1,0,596511,9099,97901,10055,0.08428433806365557,0.5249556228464028
35281,0.8643452380952381,0,2,0,596513,9097,97901,10055,0.08426581199748046,0.5250104427736006
35282,0.8644166666666667,0,1,0,596514,9096,97901,10055,0.0842565489643929,0.5250378570309644
35283,0.8644444444444445,1,1,1,596515,9095,97902,10054,0.08424728593130534,0.5250404720873153
35284,0.8644999999999999,2,0,2,596515,9095,97904,10052,0.08424728593130534,0.5249908601869745
35285,0.8645,1,0,1,596515,9095,97905,10051,0.08424728593130534,0.5249660503499426
35286,0.8645952380952382,0,1,0,596516,9094,97905,10051,0.08423802289821779,0.5249934708801254
35287,0.8646031746031744,0,1,0,596517,9093,97905,10051,0.08422875986513023,0.5250208942749687
35288,0.8646190476190475,0,1,0,596518,9092,97905,10051,0.08421949683204269,0.5250483205349213
35289,0.8646428571428569,1,0,1,596518,9092,97906,10050,0.08421949683204269,0.5250235085153067
35290,0.8646428571428573,1,0,1,596518,9092,97907,10049,0.08421949683204269,0.5249986939031398
35291,0.8646666666666664,1,1,1,596519,9091,97908,10048,0.08421023379895513,0.5250013062333455
35292,0.8646666666666666,1,0,1,596519,9091,97909,10047,0.08421023379895513,0.5249764865712195
35293,0.8646666666666667,2,6,2,596525,9085,97911,10045,0.0841546556004298,0.5250914793518034
35294,0.8648333333333333,4,0,4,596525,9085,97915,10041,0.0841546556004298,0.5249921572728223
35295,0.8648333333333335,0,1,0,596526,9084,97915,10041,0.08414539256734226,0.5250196078431373
35296,0.8648809523809523,0,1,0,596527,9083,97915,10041,0.0841361295342547,0.5250470612842502
35297,0.8649761904761903,0,1,0,596528,9082,97915,10041,0.08412686650116714,0.5250745175966114
35298,0.8649999999999999,4,0,4,596528,9082,97919,10037,0.08412686650116714,0.5249751556043726
35299,0.865,117,150,117,596678,8932,98036,9920,0.08273741153803402,0.5262041162741353
35300,0.8650000000000001,1,0,1,596678,8932,98037,9919,0.08273741153803402,0.526178982547345
35301,0.8651666666666666,4,1,4,596679,8931,98041,9915,0.08272814850494646,0.526106335561923
35302,0.8653333333333333,1,3,1,596682,8928,98042,9914,0.0827003594056838,0.5261649506421824
35303,0.8653571428571429,0,2,0,596684,8926,98042,9914,0.0826818333395087,0.5262208067940553
35304,0.8654166666666666,1,1,1,596685,8925,98043,9913,0.08267257030642114,0.5262235906147149
35305,0.8654523809523811,0,1,0,596686,8924,98043,9913,0.08266330727333358,0.5262515262515263
35306,0.8654880952380952,0,1,0,596687,8923,98043,9913,0.08265404424024603,0.5262794648545339
35307,0.8654999999999999,3,4,3,596691,8919,98046,9910,0.0826169921078958,0.5263157894736842
35308,0.8655000000000002,1,0,1,596691,8919,98047,9909,0.0826169921078958,0.5262906309751434
35309,0.8655000000000003,0,2,0,596693,8917,98047,9909,0.0825984660417207,0.5263465420163603
35310,0.8655238095238093,0,4,0,596697,8913,98047,9909,0.08256141390937048,0.5264583997449793
35311,0.865547619047619,0,1,0,596698,8912,98047,9909,0.08255215087628293,0.5264863716061846
35312,0.8655833333333334,0,3,0,596701,8909,98047,9909,0.08252436177702027,0.5265703050271017
35313,0.8656190476190475,0,1,0,596702,8908,98047,9909,0.08251509874393272,0.526598288781421
35314,0.8656428571428572,0,3,0,596705,8905,98047,9909,0.08248730964467005,0.5266822578930583
35315,0.8656666666666665,0,1,0,596706,8904,98047,9909,0.08247804661158249,0.5267102535480784
35316,0.8656666666666666,1,1,1,596707,8903,98048,9908,0.08246878357849494,0.5267130934027963
35317,0.8656666666666668,1,1,1,596708,8902,98049,9907,0.0824595205454074,0.5267159338614493
35318,0.8656688518022411,0,3,0,596711,8899,98049,9907,0.08243173144614473,0.526799957460385
35319,0.8657142857142857,0,1,0,596712,8898,98049,9907,0.08242246841305717,0.5268279712842329
35320,0.8657142857142859,0,1,0,596713,8897,98049,9907,0.08241320537996961,0.5268559880876409
35321,0.8657380952380954,0,1,0,596714,8896,98049,9907,0.08240394234688206,0.5268840078710844
35322,0.8657500000000001,0,1,0,596715,8895,98049,9907,0.0823946793137945,0.5269120306350388
35323,0.8657619047619047,0,1,0,596716,8894,98049,9907,0.08238541628070696,0.5269400563799798
35324,0.8658333333333332,5,10,5,596726,8884,98054,9902,0.08229278594983142,0.5270946449483658
35325,0.8658333333333335,6,5,6,596731,8879,98060,9896,0.08224647078439364,0.5270838881491345
35326,0.8658809523809523,0,1,0,596732,8878,98060,9896,0.0822372077513061,0.5271119633535741
35327,0.865904761904762,1,0,1,596732,8878,98061,9895,0.0822372077513061,0.5270867735577691
35328,0.8659444444444443,1,0,1,596732,8878,98062,9894,0.0822372077513061,0.5270615810782016
35329,0.866,12,13,12,596745,8865,98074,9882,0.08211678832116788,0.5271243398943831
35330,0.8660000000000001,1,0,1,596745,8865,98075,9881,0.08211678832116788,0.5270991144777553
35331,0.8660000000000002,0,1,0,596746,8864,98075,9881,0.08210752528808032,0.5271272339290477
35332,0.8661190476190477,0,1,0,596747,8863,98075,9881,0.08209826225499277,0.5271553563807085
35333,0.8661428571428571,1,0,1,596747,8863,98076,9880,0.08209826225499277,0.527130128581337
35334,0.8661666666666668,0,1,0,596748,8862,98076,9880,0.08208899922190523,0.5271582541884537
35335,0.8661666666666669,0,1,0,596749,8861,98076,9880,0.08207973618881767,0.527186382797076
35336,0.86625,1,3,1,596752,8858,98077,9879,0.082051947089555,0.5272455569194642
35337,0.8662619047619049,0,1,0,596753,8857,98077,9879,0.08204268405646745,0.5272736976942783
35338,0.8663333333333333,1,3,1,596756,8854,98078,9878,0.08201489495720479,0.5273329062566731
35339,0.8663647186147183,0,2,0,596758,8852,98078,9878,0.08199636889102968,0.5273892151628403
35340,0.8663809523809521,0,1,0,596759,8851,98078,9878,0.08198710585794212,0.5274173741256875
35341,0.8663888888888889,1,0,1,596759,8851,98079,9877,0.08198710585794212,0.5273921401110636
35342,0.8664047619047618,1,1,1,596760,8850,98080,9876,0.08197784282485457,0.5273950656840756
35343,0.8664285714285714,1,0,1,596760,8850,98081,9875,0.08197784282485457,0.527369826435247
35344,0.8664999999999999,0,1,0,596761,8849,98081,9875,0.08196857979176701,0.5273979918820765
35345,0.8665,1,3,1,596764,8846,98082,9874,0.08194079069250436,0.527457264957265
35346,0.8665000000000002,0,1,0,596765,8845,98082,9874,0.0819315276594168,0.5274854425984294
35347,0.8666428571428572,1,2,1,596767,8843,98083,9873,0.08191300159324169,0.527516563368241
35348,0.8666666666666666,20,38,20,596805,8805,98103,9853,0.08156100633591463,0.5280844677886162
35349,0.8666666666666667,39,45,39,596850,8760,98142,9814,0.08114416984697469,0.5283729945084527
35350,0.8666666666666668,0,1,0,596851,8759,98142,9814,0.08113490681388714,0.5284014429548269
35351,0.8667575757575754,0,1,0,596852,8758,98142,9814,0.08112564378079959,0.5284298944647857
35352,0.8668333333333333,1,2,1,596854,8756,98143,9813,0.08110711771462448,0.5284614141849319
35353,0.8668333333333336,0,1,0,596855,8755,98143,9813,0.08109785468153692,0.5284898750538561
35354,0.8669047619047618,1,0,1,596855,8755,98144,9812,0.08109785468153692,0.5284644799913826
35355,0.8669166666666667,1,0,1,596855,8755,98145,9811,0.08109785468153692,0.5284390821932565
35356,0.867,0,2,0,596857,8753,98145,9811,0.08107932861536181,0.5284960137901314
35357,0.8671428571428572,1,0,1,596857,8753,98146,9810,0.08107932861536181,0.528470613586166
35358,0.8671666666666666,0,1,0,596858,8752,98146,9810,0.08107006558227425,0.5284990841504148
35359,0.8671666666666669,0,1,0,596859,8751,98146,9810,0.08106080254918671,0.5285275577824471
35360,0.8671969696969697,0,1,0,596860,8750,98146,9810,0.08105153951609916,0.5285560344827587
35361,0.8672539682539679,0,1,0,596861,8749,98146,9810,0.0810422764830116,0.5285845142518455
35362,0.8672857142857141,0,1,0,596862,8748,98146,9810,0.08103301344992404,0.5286129970902037
35363,0.8673333333333332,2,1,2,596863,8747,98148,9808,0.08102375041683649,0.528590676367556
35364,0.8673333333333333,3,7,3,596870,8740,98151,9805,0.08095890918522361,0.528713939067134
35365,0.8673333333333335,1,6,1,596876,8734,98152,9804,0.08090333098669829,0.5288596396590787
35366,0.8673809523809524,0,1,0,596877,8733,98152,9804,0.08089406795361073,0.5288881696067325
35367,0.8674047619047619,0,1,0,596878,8732,98152,9804,0.08088480492052318,0.5289167026327147
35368,0.8674325396825399,0,3,0,596881,8729,98152,9804,0.08085701582126051,0.5290023201856149
35369,0.8674642857142857,0,3,0,596884,8726,98152,9804,0.08082922672199785,0.5290879654614139
35370,0.8674999999999998,1,1,1,596885,8725,98153,9803,0.0808199636889103,0.5290911053540587
35371,0.8675,34,41,34,596926,8684,98187,9769,0.08044017933232057,0.5293990137105078
35372,0.8675000000000002,1,1,1,596927,8683,98188,9768,0.08043091629923302,0.5294022004227413
35373,0.8675238095238095,1,1,1,596928,8682,98189,9767,0.08042165326614546,0.5294053878258984
35374,0.867547619047619,1,2,1,596930,8680,98190,9766,0.08040312719997036,0.5294372763742817
35375,0.8676190476190474,0,1,0,596931,8679,98190,9766,0.08039386416688281,0.5294659799403633
35376,0.8676666666666665,1,0,1,596931,8679,98191,9765,0.08039386416688281,0.5294404684450228
35377,0.8676666666666667,1,0,1,596931,8679,98192,9764,0.08039386416688281,0.5294149541831589
35378,0.8676666666666668,0,1,0,596932,8678,98192,9764,0.08038460113379525,0.5294436612081119
35379,0.8677142857142858,1,0,1,596932,8678,98193,9763,0.08038460113379525,0.5294181443522585
35380,0.8677857142857143,0,1,0,596933,8677,98193,9763,0.0803753381007077,0.5294468546637744
35381,0.867797619047619,1,0,1,596933,8677,98194,9762,0.0803753381007077,0.5294213352134064
35382,0.8678333333333333,2,1,2,596934,8676,98196,9760,0.08036607506762014,0.5293990019527013
35383,0.8678571428571429,0,1,0,596935,8675,98196,9760,0.08035681203453258,0.5294277190127475
35384,0.8678690476190475,1,0,1,596935,8675,98197,9759,0.08035681203453258,0.5294021916024737
35385,0.867939393939394,0,1,0,596936,8674,98197,9759,0.08034754900144503,0.5294309119513916
35386,0.8679642857142856,0,1,0,596937,8673,98197,9759,0.08033828596835747,0.5294596354166666
35387,0.8679761904761905,0,1,0,596938,8672,98197,9759,0.08032902293526993,0.5294883619988063
35388,0.868,9,13,9,596951,8659,98206,9750,0.08020860350513172,0.5296322450975066
35389,0.8680952380952381,0,1,0,596952,8658,98206,9750,0.08019934047204416,0.5296610169491526
35390,0.8681111111111111,0,1,0,596953,8657,98206,9750,0.0801900774389566,0.5296897919269843
35391,0.8681318681318682,0,1,0,596954,8656,98206,9750,0.08018081440586906,0.5297185700315115
35392,0.8681666666666666,2,0,2,596954,8656,98208,9748,0.08018081440586906,0.5296674635948707
35393,0.8681666666666668,1,0,1,596954,8656,98209,9747,0.08018081440586906,0.5296419062109439
35394,0.8682619047619048,0,1,0,596955,8655,98209,9747,0.08017155137278151,0.5296706879686991
35395,0.8683333333333333,13,23,13,596978,8632,98222,9734,0.07995850161176776,0.5300010889687466
35396,0.8683333333333334,5,14,5,596992,8618,98227,9729,0.079828819148542,0.5302774295525154
35397,0.8683412698412698,1,2,1,596994,8616,98228,9728,0.0798102930823669,0.5303096380287833
35398,0.8683452380952379,0,1,0,596995,8615,98228,9728,0.07980103004927934,0.5303385487651965
35399,0.8684523809523809,0,2,0,596997,8613,98228,9728,0.07978250398310423,0.5303963796957636
35400,0.868452380952381,0,2,0,596999,8611,98228,9728,0.07976397791692912,0.5304542232400894
35401,0.8684801587301585,1,2,1,597001,8609,98229,9727,0.07974545185075402,0.5304864746945899
35402,0.8684999999999999,1,2,1,597003,8607,98230,9726,0.0797269257845789,0.5305187367043037
35403,0.8685,0,1,0,597004,8606,98230,9726,0.07971766275149135,0.5305476761946324
35404,0.8685714285714287,1,1,1,597005,8605,98231,9725,0.0797083997184038,0.5305510092744136
35405,0.8685833333333335,0,1,0,597006,8604,98231,9725,0.07969913668531624,0.5305799552621528
35406,0.868635531135531,0,1,0,597007,8603,98231,9725,0.07968987365222868,0.5306089044085552
35407,0.8686666666666666,1,0,1,597007,8603,98232,9724,0.07968987365222868,0.5305832924101053
35408,0.8686666666666667,4,4,4,597011,8599,98236,9720,0.07965282151987847,0.530596648288662
35409,0.8687499999999999,0,1,0,597012,8598,98236,9720,0.07964355848679092,0.5306256141500164
35410,0.86875,1,0,1,597012,8598,98237,9719,0.07964355848679092,0.5305999890811814
35411,0.8687857142857144,1,0,1,597012,8598,98238,9718,0.07964355848679092,0.530574361214239
35412,0.8687878787878788,1,0,1,597012,8598,98239,9717,0.07964355848679092,0.5305487305487305
35413,0.8688095238095238,0,1,0,597013,8597,98239,9717,0.07963429545370336,0.5305777001201267
35414,0.8688333333333332,1,3,1,597016,8594,98240,9716,0.07960650635444069,0.5306389950846532
35415,0.8688484848484848,0,1,0,597017,8593,98240,9716,0.07959724332135315,0.5306679774974057
35416,0.8689285714285714,2,0,2,597017,8593,98242,9714,0.07959724332135315,0.5306167039930081
35417,0.8689393939393939,0,1,0,597018,8592,98242,9714,0.0795879802882656,0.5306456899377253
35418,0.8689761904761905,0,4,0,597022,8588,98242,9714,0.07955092815591537,0.5307616653917605
35419,0.8689999999999999,1,1,1,597023,8587,98243,9713,0.07954166512282781,0.5307650273224044
35420,0.8690000000000001,5,4,5,597027,8583,98248,9708,0.0795046129904776,0.530752829260292
35421,0.8690833333333334,0,1,0,597028,8582,98248,9708,0.07949534995739005,0.530781848004374
35422,0.8691507936507935,0,1,0,597029,8581,98248,9708,0.0794860869243025,0.5308108699218109
35423,0.8691666666666665,8,10,8,597039,8571,98256,9700,0.07939345659342695,0.5308959553390619
35424,0.8691666666666668,9,5,9,597044,8566,98265,9691,0.07934714142798918,0.5308101002355261
35425,0.8692857142857143,0,2,0,597046,8564,98265,9691,0.07932861536181407,0.5308682552725281
35426,0.8693333333333334,2,3,2,597049,8561,98267,9689,0.07930082626255142,0.5309041095890411
35427,0.869388888888889,0,5,0,597054,8556,98267,9689,0.07925451109711364,0.5310496026308578
35428,0.8694166666666666,0,2,0,597056,8554,98267,9689,0.07923598503093852,0.5311078221783698
35429,0.8694523809523809,0,1,0,597057,8553,98267,9689,0.07922672199785098,0.5311369367393927
35430,0.8694999999999999,0,1,0,597058,8552,98267,9689,0.07921745896476343,0.5311660544926265
35431,0.8695,0,2,0,597060,8550,98267,9689,0.07919893289858831,0.5312242995778277
35432,0.8695224089635855,0,1,0,597061,8549,98267,9689,0.07918966986550076,0.5312534269108455
35433,0.8695238095238095,1,0,1,597061,8549,98268,9688,0.07918966986550076,0.5312277238580907
35434,0.8695714285714286,1,0,1,597061,8549,98269,9687,0.07918966986550076,0.5312020179864005
35435,0.869642857142857,0,1,0,597062,8548,98269,9687,0.0791804068324132,0.5312311488894982
35436,0.8696607142857141,0,2,0,597064,8546,98269,9687,0.07916188076623809,0.5312894202819064
35437,0.8696666666666667,1,1,1,597065,8545,98270,9686,0.07915261773315055,0.5312928528330865
35438,0.8698095238095237,1,1,1,597066,8544,98271,9685,0.07914335470006299,0.5312962861374733
35439,0.8698333333333333,1,1,1,597067,8543,98272,9684,0.07913409166697544,0.5312997201953147
35440,0.8698809523809524,1,0,1,597067,8543,98273,9683,0.07913409166697544,0.5312740041698673
35441,0.8699047619047618,1,0,1,597067,8543,98274,9682,0.07913409166697544,0.5312482853223593
35442,0.8699285714285712,1,1,1,597068,8542,98275,9681,0.07912482863388788,0.5312517148658289
35443,0.8699523809523808,0,2,0,597070,8540,98275,9681,0.07910630256771277,0.5313100268920476
35444,0.8699999999999999,0,4,0,597074,8536,98275,9681,0.07906925043536256,0.5314266893560959
35445,0.87,656,624,656,597698,7912,98931,9025,0.07328911778872874,0.5328570585109523
35446,0.8700000000000001,1,2,1,597700,7910,98932,9024,0.07327059172255364,0.5328924058107949
35447,0.8700833333333332,0,1,0,597701,7909,98932,9024,0.07326132868946608,0.5329238764542609
35448,0.8700833333333335,0,1,0,597702,7908,98932,9024,0.07325206565637853,0.5329553508150248
35449,0.8701666666666666,0,4,0,597706,7904,98932,9024,0.0732150135240283,0.5330812854442344
35450,0.8701666666666668,1,0,1,597706,7904,98933,9023,0.0732150135240283,0.533053701187452
35451,0.8701699134199136,0,2,0,597708,7902,98933,9023,0.0731964874578532,0.5331166912850812
35452,0.870174603174603,1,1,1,597709,7901,98934,9022,0.07318722442476565,0.5331206050936595
35453,0.870238095238095,1,1,1,597710,7900,98935,9021,0.07317796139167809,0.5331245198274334
35454,0.8702380952380951,1,1,1,597711,7899,98936,9020,0.07316869835859054,0.533128435486731
35455,0.8702857142857141,0,1,0,597712,7898,98936,9020,0.07315943532550298,0.5331599479843954
35456,0.8702976190476189,0,2,0,597714,7896,98936,9020,0.07314090925932787,0.5332229841570111
35457,0.8703333333333333,1,0,1,597714,7896,98937,9019,0.07314090925932787,0.5331953887082471
35458,0.8703333333333334,1,0,1,597714,7896,98938,9018,0.07314090925932787,0.5331677899964526
35459,0.8703571428571428,0,1,0,597715,7895,98938,9018,0.07313164622624033,0.5331993141370543
35460,0.8705317460317455,0,1,0,597716,7894,98938,9018,0.07312238319315277,0.5332308420056765
35461,0.8705833333333333,0,2,0,597718,7892,98938,9018,0.07310385712697766,0.5332939089296275
35462,0.8706547619047618,0,2,0,597720,7890,98938,9018,0.07308533106080255,0.5333569907735983
35463,0.8706666666666666,0,7,0,597727,7883,98938,9018,0.07302048982918967,0.5335778947991243
35464,0.8706666666666668,0,1,0,597728,7882,98938,9018,0.07301122679610211,0.5336094674556213
35465,0.8707142857142857,0,1,0,597729,7881,98938,9018,0.07300196376301456,0.5336410438487484
35466,0.8707370129870128,0,1,0,597730,7880,98938,9018,0.072992700729927,0.5336726239791691
35467,0.8708333333333331,0,1,0,597731,7879,98938,9018,0.07298343769683946,0.5337042078475469
35468,0.8708333333333332,2,5,2,597736,7874,98940,9016,0.07293712253140168,0.5338069863824748
35469,0.8708333333333335,4,7,4,597743,7867,98944,9012,0.0728722812997888,0.5339178861306949
35470,0.8708809523809525,0,1,0,597744,7866,98944,9012,0.07286301826670125,0.5339495200853182
35471,0.8709047619047618,1,0,1,597744,7866,98945,9011,0.07286301826670125,0.5339219055519346
35472,0.870909090909091,0,1,0,597745,7865,98945,9011,0.07285375523361369,0.5339535434937189
35473,0.8709108946608946,0,1,0,597746,7864,98945,9011,0.07284449220052613,0.5339851851851852
35474,0.8709184981684982,0,1,0,597747,7863,98945,9011,0.07283522916743859,0.5340168306270001
35475,0.870952380952381,0,1,0,597748,7862,98945,9011,0.07282596613435104,0.5340484798198305
35476,0.871,2,6,2,597754,7856,98947,9009,0.0727703879358257,0.5341832196857397
35477,0.8710000000000001,0,1,0,597755,7855,98947,9009,0.07276112490273816,0.5342148956356736
35478,0.8710714285714286,1,0,1,597755,7855,98948,9008,0.07276112490273816,0.5341872739133013
35479,0.8711349206349206,0,1,0,597756,7854,98948,9008,0.0727518618696506,0.534218953860752
35480,0.8711428571428567,0,2,0,597758,7852,98948,9008,0.07273333580347549,0.534282325029656
35481,0.8711428571428573,1,0,1,597758,7852,98949,9007,0.07273333580347549,0.5342547007533068
35482,0.8711666666666666,1,0,1,597758,7852,98950,9006,0.07273333580347549,0.5342270731996678
35483,0.8711666666666668,0,2,0,597760,7850,98950,9006,0.07271480973730038,0.5342904603701946
35484,0.8711666666666669,1,1,1,597761,7849,98951,9005,0.07270554670421282,0.5342945294885487
35485,0.8713095238095238,0,2,0,597763,7847,98951,9005,0.07268702063803772,0.5343579397104201
35486,0.8713333333333333,0,2,0,597765,7845,98951,9005,0.07266849457186261,0.5344213649851632
35487,0.8713333333333334,1,0,1,597765,7845,98952,9004,0.07266849457186261,0.5343937325657309
35488,0.8713333333333335,0,1,0,597766,7844,98952,9004,0.07265923153877506,0.5344254510921178
35489,0.8713885281385281,1,0,1,597766,7844,98953,9003,0.07265923153877506,0.5343978156348311
35490,0.8713928571428571,0,2,0,597768,7842,98953,9003,0.07264070547259995,0.5344612644701692
35491,0.8714285714285714,2,0,2,597768,7842,98955,9001,0.07264070547259995,0.5344059846820638
35492,0.8715,0,1,0,597769,7841,98955,9001,0.07263144243951239,0.5344377152357203
35493,0.8715238095238095,0,1,0,597770,7840,98955,9001,0.07262217940642483,0.5344694495576272
35494,0.871547619047619,0,1,0,597771,7839,98955,9001,0.07261291637333729,0.5345011876484561
35495,0.8715555555555555,1,0,1,597771,7839,98956,9000,0.07261291637333729,0.5344735435595938
35496,0.8716666666666666,9,14,9,597785,7825,98965,8991,0.07248323391011152,0.5346693625118935
35497,0.8716666666666667,13,12,13,597797,7813,98978,8978,0.07237207751306088,0.5346912036209874
35498,0.87175,1,0,1,597797,7813,98979,8977,0.07237207751306088,0.5346634901727219
35499,0.8717857142857142,0,1,0,597798,7812,98979,8977,0.07236281447997332,0.5346953362320567
35500,0.8717857142857143,0,1,0,597799,7811,98979,8977,0.07235355144688577,0.534727186085299
35501,0.8717976190476189,1,0,1,597799,7811,98980,8976,0.07235355144688577,0.534699469827843
35502,0.8718095238095238,0,1,0,597800,7810,98980,8976,0.07234428841379821,0.5347313237221494
35503,0.8718095238095239,0,1,0,597801,7809,98980,8976,0.07233502538071065,0.534763181411975
35504,0.8718333333333332,1,0,1,597801,7809,98981,8975,0.07233502538071065,0.5347354623450906
35505,0.8718333333333333,0,1,0,597802,7808,98981,8975,0.07232576234762311,0.534767324077936
35506,0.8719047619047618,0,1,0,597803,7807,98981,8975,0.07231649931453556,0.5347991896079133
35507,0.8719603174603175,0,1,0,597804,7806,98981,8975,0.072307236281448,0.534831058935701
35508,0.8719707792207789,1,1,1,597805,7805,98982,8974,0.07229797324836044,0.5348352106800167
35509,0.872,8,6,8,597811,7799,98990,8966,0.07224239504983512,0.5348046525499552
35510,0.8720238095238096,0,1,0,597812,7798,98990,8966,0.07223313201674757,0.5348365545215938
35511,0.8720833333333334,0,1,0,597813,7797,98990,8966,0.07222386898366001,0.5348684602994691
35512,0.8721428571428571,0,2,0,597815,7795,98990,8966,0.0722053429174849,0.5349322832766541
35513,0.8721547619047619,0,1,0,597816,7794,98990,8966,0.07219607988439734,0.534964200477327
35514,0.8721666666666666,1,0,1,597816,7794,98991,8965,0.07219607988439734,0.5349364520556119
35515,0.8721666666666669,1,0,1,597816,7794,98992,8964,0.07219607988439734,0.5349087003222341
35516,0.8721814574314574,0,5,0,597821,7789,98992,8964,0.07214976471895958,0.5350683459678863
35517,0.8722222222222222,0,1,0,597822,7788,98992,8964,0.07214050168587202,0.5351002865329513
35518,0.8722380952380953,0,1,0,597823,7787,98992,8964,0.07213123865278447,0.5351322309115873
35519,0.8723333333333333,2,2,2,597825,7785,98994,8962,0.07211271258660935,0.5351406222009912
35520,0.8723333333333335,0,1,0,597826,7784,98994,8962,0.07210344955352181,0.5351725785262152
35521,0.8724523809523811,0,3,0,597829,7781,98994,8962,0.07207566045425914,0.5352684704055426
35522,0.8724999999999998,1,2,1,597831,7779,98995,8961,0.07205713438808403,0.5353046594982079
35523,0.8725,21,33,21,597864,7746,99016,8940,0.07175145429619474,0.5357784969435455
35524,0.8725000000000002,1,2,1,597866,7744,99017,8939,0.07173292823001964,0.5358149013966313
35525,0.8726190476190476,0,1,0,597867,7743,99017,8939,0.07172366519693209,0.5358470207409184
35526,0.8726282051282053,0,1,0,597868,7742,99017,8939,0.07171440216384453,0.5358791439362148
35527,0.8726587301587301,0,1,0,597869,7741,99017,8939,0.07170513913075698,0.5359112709832135
35528,0.8726666666666665,0,1,0,597870,7740,99017,8939,0.07169587609766942,0.5359434018826069
35529,0.8726666666666667,2,4,2,597874,7736,99019,8937,0.07165882396531921,0.5360163138007558
35530,0.8726666666666668,0,2,0,597876,7734,99019,8937,0.0716402978991441,0.5360806190390498
35531,0.8726944444444444,1,0,1,597876,7734,99020,8936,0.0716402978991441,0.5360527894421115
35532,0.8727777777777778,0,2,0,597878,7732,99020,8936,0.07162177183296899,0.5361171106311495
35533,0.872785714285714,0,1,0,597879,7731,99020,8936,0.07161250879988143,0.5361492770144597
35534,0.8728015873015872,0,1,0,597880,7730,99020,8936,0.07160324576679387,0.5361814472578903
35535,0.8728571428571428,2,1,2,597881,7729,99022,8934,0.07159398273370632,0.536157954750045
35536,0.8728571428571429,0,1,0,597882,7728,99022,8934,0.07158471970061878,0.5361901332373065
35537,0.8729166666666667,0,2,0,597884,7726,99022,8934,0.07156619363444366,0.5362545018007203
35538,0.8729444444444444,0,1,0,597885,7725,99022,8934,0.07155693060135611,0.536286691878264
35539,0.872952380952381,0,1,0,597886,7724,99022,8934,0.07154766756826855,0.5363188858206267
35540,0.8729545454545453,0,1,0,597887,7723,99022,8934,0.071538404535181,0.5363510836285046
35541,0.8729999999999998,1,0,1,597887,7723,99023,8933,0.071538404535181,0.5363232468780019
35542,0.873,5,2,5,597889,7721,99028,8928,0.07151987846900588,0.5362484233287285
35543,0.8731666666666666,3,0,3,597889,7721,99031,8925,0.07151987846900588,0.5361648444070648
35544,0.8733333333333333,32,24,32,597913,7697,99063,8893,0.07129756567490458,0.5360458107293551
35545,0.8733333333333334,32,39,32,597952,7658,99095,8861,0.07093630738448997,0.5364126157757734
35546,0.8733809523809523,0,3,0,597955,7655,99095,8861,0.07090851828522732,0.5365100508597723
35547,0.8734047619047618,0,1,0,597956,7654,99095,8861,0.07089925525213976,0.5365425370874962
35548,0.8734166666666667,0,1,0,597957,7653,99095,8861,0.0708899922190522,0.5365750272496064
35549,0.8734523809523809,0,1,0,597958,7652,99095,8861,0.07088072918596465,0.5366075213468177
35550,0.8734761904761903,1,1,1,597959,7651,99096,8860,0.0708714661528771,0.5366119556659197
35551,0.8734999999999999,2,2,2,597961,7649,99098,8858,0.070852940086702,0.5366208275277156
35552,0.8735303030303031,1,0,1,597961,7649,99099,8857,0.070852940086702,0.5365927541500061
35553,0.8735454545454546,1,0,1,597961,7649,99100,8856,0.070852940086702,0.5365646773704937
35554,0.8736666666666666,0,1,0,597962,7648,99100,8856,0.07084367705361444,0.536597188560349
35555,0.8736666666666667,0,2,0,597964,7646,99100,8856,0.07082515098743933,0.5366622227608775
35556,0.8737222222222222,1,0,1,597964,7646,99101,8855,0.07082515098743933,0.5366341433852494
35557,0.8737380952380953,0,2,0,597966,7644,99101,8855,0.07080662492126422,0.5366991938905388
35558,0.8738095238095237,0,1,0,597967,7643,99101,8855,0.07079736188817666,0.5367317250575827
35559,0.8738095238095238,0,1,0,597968,7642,99101,8855,0.0707880988550891,0.5367642601685155
35560,0.8738095238095239,0,1,0,597969,7641,99101,8855,0.07077883582200156,0.5367967992240543
35561,0.8738333333333332,2,0,2,597969,7641,99103,8853,0.07077883582200156,0.5367406329574391
35562,0.8738928571428572,0,1,0,597970,7640,99103,8853,0.070769572788914,0.5367731764991208
35563,0.8739285714285714,1,1,1,597971,7639,99104,8852,0.07076030975582645,0.5367776362864592
35564,0.873952380952381,0,1,0,597972,7638,99104,8852,0.0707510467227389,0.5368101879927228
35565,0.8740000000000001,10,17,10,597989,7621,99114,8842,0.07059357516025047,0.5370831561683775
35566,0.8741309523809524,0,2,0,597991,7619,99114,8842,0.07057504909407536,0.5371484113966345
35567,0.8741547619047618,0,1,0,597992,7618,99114,8842,0.0705657860609878,0.5371810449574727
35568,0.8741666666666665,3,4,3,597996,7614,99117,8839,0.0705287339286376,0.5372272533884398
35569,0.8741666666666668,3,3,3,597999,7611,99120,8836,0.07050094482937493,0.5372408341946859
35570,0.8741666666666669,1,0,1,597999,7611,99121,8835,0.07050094482937493,0.5372126960963152
35571,0.8741825396825397,0,1,0,598000,7610,99121,8835,0.07049168179628737,0.5372453633323199
35572,0.8742142857142858,0,4,0,598004,7606,99121,8835,0.07045462966393716,0.5373760720150842
35573,0.874222222222222,0,2,0,598006,7604,99121,8835,0.07043610359776205,0.5374414502098668
35574,0.8742857142857143,1,2,1,598008,7602,99122,8834,0.07041757753158694,0.5374787052810903
35575,0.8742936507936508,0,1,0,598009,7601,99122,8834,0.0704083144984994,0.5375114085792516
35576,0.8743333333333332,1,2,1,598011,7599,99123,8833,0.07038978843232428,0.5375486854917235
35577,0.8743333333333334,0,3,0,598014,7596,99123,8833,0.07036199933306161,0.537646843995374
35578,0.874392857142857,1,1,1,598015,7595,99124,8832,0.07035273629997406,0.5376514275278504
35579,0.874470588235294,1,0,1,598015,7595,99125,8831,0.07035273629997406,0.5376232801655911
35580,0.8746309523809525,1,0,1,598015,7595,99126,8830,0.07035273629997406,0.5375951293759513
35581,0.8746666666666666,1,0,1,598015,7595,99127,8829,0.07035273629997406,0.5375669751583049
35582,0.8746666666666667,3,1,3,598016,7594,99130,8826,0.0703434732668865,0.5375152253349573
35583,0.8748333333333332,1,2,1,598018,7592,99131,8825,0.0703249472007114,0.5375525370043248
35584,0.8749166666666668,1,0,1,598018,7592,99132,8824,0.0703249472007114,0.5375243664717348
35585,0.8749523809523809,0,2,0,598020,7590,99132,8824,0.07030642113453629,0.5375898623126599
35586,0.874952380952381,1,0,1,598020,7590,99133,8823,0.07030642113453629,0.5375616889051362
35587,0.8749761904761904,1,0,1,598020,7590,99134,8822,0.07030642113453629,0.5375335120643432
35588,0.8749999999999999,2,5,2,598025,7585,99136,8820,0.07026010596909853,0.5376409631209997
35589,0.875,125,121,125,598146,7464,99261,8695,0.06913927896550447,0.5380902283557151
35590,0.8751190476190476,1,2,1,598148,7462,99262,8694,0.06912075289932935,0.5381282495667244
35591,0.8751666666666666,0,2,0,598150,7460,99262,8694,0.06910222683315424,0.5381948743345302
35592,0.8751666666666668,0,1,0,598151,7459,99262,8694,0.0690929638000667,0.5382281929053426
35593,0.8752005772005771,0,1,0,598152,7458,99262,8694,0.06908370076697914,0.538261515601783
35594,0.8753253968253969,0,1,0,598153,7457,99262,8694,0.06907443773389159,0.5382948424246177
35595,0.8753333333333332,0,2,0,598155,7455,99262,8694,0.06905591166771648,0.5383615084525357
35596,0.8753333333333333,0,3,0,598158,7452,99262,8694,0.06902812256845381,0.5384615384615384
35597,0.8753333333333334,1,0,1,598158,7452,99263,8693,0.06902812256845381,0.5384329513781356
35598,0.8753809523809523,0,1,0,598159,7451,99263,8693,0.06901885953536627,0.5384663032705649
35599,0.8754285714285714,0,1,0,598160,7450,99263,8693,0.06900959650227871,0.5384996592950505
35600,0.8754545454545455,0,1,0,598161,7449,99263,8693,0.06900033346919116,0.5385330194523603
35601,0.8754642857142856,0,1,0,598162,7448,99263,8693,0.0689910704361036,0.5385663837432625
35602,0.8754761904761905,0,1,0,598163,7447,99263,8693,0.06898180740301604,0.5385997521685254
35603,0.8755,0,3,0,598166,7444,99263,8693,0.06895401830375338,0.5386998822581645
35604,0.8755000000000002,2,1,2,598167,7443,99265,8691,0.06894475527066583,0.5386760877649683
35605,0.8755396825396825,0,1,0,598168,7442,99265,8691,0.06893549223757828,0.5387094774685427
35606,0.8755833333333334,0,1,0,598169,7441,99265,8691,0.06892622920449072,0.5387428713116786
35607,0.8756428571428571,1,0,1,598169,7441,99266,8690,0.06892622920449072,0.5387142768582233
35608,0.8756666666666665,1,0,1,598169,7441,99267,8689,0.06892622920449072,0.5386856788592684
35609,0.8756666666666666,0,5,0,598174,7436,99267,8689,0.06887991403905294,0.5388527131782945
35610,0.8757142857142857,1,5,1,598179,7431,99268,8688,0.06883359887361518,0.5389912525590917
35611,0.8758333333333332,5,8,5,598187,7423,99273,8683,0.06875949460891474,0.5391158574444307
35612,0.8758333333333335,2,4,2,598191,7419,99275,8681,0.06872244247656453,0.539192546583851
35613,0.8759047619047619,0,1,0,598192,7418,99275,8681,0.06871317944347698,0.5392260388844028
35614,0.8759523809523807,1,0,1,598192,7418,99276,8680,0.06871317944347698,0.5391974158280531
35615,0.875952380952381,0,1,0,598193,7417,99276,8680,0.06870391641038942,0.5392309125924085
35616,0.8759761904761904,0,1,0,598194,7416,99276,8680,0.06869465337730186,0.5392644135188867
35617,0.8759999999999998,0,1,0,598195,7415,99276,8680,0.06868539034421431,0.5392979186082635
35618,0.8759999999999999,12,14,12,598209,7401,99288,8668,0.06855570788098855,0.5394237351421992
35619,0.8760000000000001,2,1,2,598210,7400,99290,8666,0.068546444847901,0.5393999751027013
35620,0.8760476190476192,0,1,0,598211,7399,99290,8666,0.06853718181481344,0.5394335511982571
35621,0.8760555555555556,0,1,0,598212,7398,99290,8666,0.06852791878172589,0.5394671314741036
35622,0.8761111111111112,1,1,1,598213,7397,99291,8665,0.06851865574863833,0.539472045822438
35623,0.87615873015873,1,0,1,598213,7397,99292,8664,0.06851865574863833,0.5394433721437021
35624,0.8761666666666666,1,0,1,598213,7397,99293,8663,0.06851865574863833,0.539414694894147
35625,0.8761666666666668,0,1,0,598214,7396,99293,8663,0.06850939271555077,0.5394482844510866
35626,0.8762380952380954,0,1,0,598215,7395,99293,8663,0.06850012968246323,0.5394818781915556
35627,0.8762499999999999,1,0,1,598215,7395,99294,8662,0.06850012968246323,0.5394531979821885
35628,0.87625,0,2,0,598217,7393,99294,8662,0.06848160361628812,0.5395203986297104
35629,0.8762857142857143,0,1,0,598218,7392,99294,8662,0.06847234058320056,0.5395540052323409
35630,0.8763333333333333,3,1,3,598219,7391,99297,8659,0.06846307755011301,0.5395015576323987
35631,0.8763333333333334,1,0,1,598219,7391,99298,8658,0.06846307755011301,0.5394728643529192
35632,0.8764761904761906,1,1,1,598220,7390,99299,8657,0.06845381451702545,0.5394777840094722
35633,0.8765,0,1,0,598221,7389,99299,8657,0.0684445514839379,0.5395114047114545
35634,0.8765000000000001,1,3,1,598224,7386,99300,8656,0.06841676238467524,0.539583593068196
35635,0.8766666666666666,40,40,40,598264,7346,99340,8616,0.06804624106117307,0.5397819822077434
35636,0.8766666666666667,28,26,28,598290,7320,99368,8588,0.06780540220089666,0.5398541614282122
35637,0.8767142857142857,1,1,1,598291,7319,99369,8587,0.0677961391678091,0.5398591726392556
35638,0.8767380952380952,0,1,0,598292,7318,99369,8587,0.06778687613472155,0.5398931153725244
35639,0.8767539682539681,0,1,0,598293,7317,99369,8587,0.067777613101634,0.5399270623742455
35640,0.8767619047619049,0,1,0,598294,7316,99369,8587,0.06776835006854645,0.5399610136452242
35641,0.8767857142857143,1,1,1,598295,7315,99370,8586,0.0677590870354589,0.5399660398717062
35642,0.8768333333333334,1,0,1,598295,7315,99371,8585,0.0677590870354589,0.539937106918239
35643,0.8768484848484848,0,3,0,598298,7312,99371,8585,0.06773129793619623,0.5400390010693842
35644,0.877,3,3,3,598301,7309,99374,8582,0.06770350883693356,0.5400541186835316
35645,0.8770238095238096,0,1,0,598302,7308,99374,8582,0.06769424580384602,0.5400881057268723
35646,0.8770555555555555,0,1,0,598303,7307,99374,8582,0.06768498277075846,0.5401220970482724
35647,0.8771071428571428,1,0,1,598303,7307,99375,8581,0.06768498277075846,0.5400931520644512
35648,0.877153513153513,2,1,2,598304,7306,99377,8579,0.0676757197376709,0.5400692477179729
35649,0.8771666666666667,0,2,0,598306,7304,99377,8579,0.0676571936714958,0.5401372536674431
35650,0.8772222222222222,0,1,0,598307,7303,99377,8579,0.06764793063840824,0.5401712630651051
35651,0.8773095238095239,1,0,1,598307,7303,99378,8578,0.06764793063840824,0.5401423084188653
35652,0.8773333333333332,0,2,0,598309,7301,99378,8578,0.06762940457223313,0.5402103407015555
35653,0.8773333333333333,3,2,3,598311,7299,99381,8575,0.06761087850605803,0.5401915081264962
35654,0.8773809523809524,0,1,0,598312,7298,99381,8575,0.06760161547297047,0.5402255402255403
35655,0.8774285714285714,1,1,1,598313,7297,99382,8574,0.06759235243988292,0.5402306092873795
35656,0.877452380952381,0,1,0,598314,7296,99382,8574,0.06758308940679536,0.5402646502835539
35657,0.877457792207792,0,1,0,598315,7295,99382,8574,0.0675738263737078,0.5402986955699792
35658,0.8774761904761904,0,1,0,598316,7294,99382,8574,0.06756456334062025,0.5403327451474667
35659,0.8774761904761905,0,1,0,598317,7293,99382,8574,0.06755530030753269,0.5403667990168274
35660,0.8775,38,47,38,598364,7246,99420,8536,0.06711993775241765,0.5408693448232164
35661,0.8776190476190477,0,1,0,598365,7245,99420,8536,0.06711067471933009,0.540903618275141
35662,0.8776666666666665,1,0,1,598365,7245,99421,8535,0.06711067471933009,0.5408745247148289
35663,0.8776666666666667,3,1,3,598366,7244,99424,8532,0.06710141168624255,0.5408215010141988
35664,0.8776666666666668,1,1,1,598367,7243,99425,8531,0.06709214865315499,0.5408266768099405
35665,0.8776901154401153,0,1,0,598368,7242,99425,8531,0.06708288562006744,0.5408609649400875
35666,0.8777380952380952,0,1,0,598369,7241,99425,8531,0.06707362258697988,0.5408952574182094
35667,0.8778095238095237,0,1,0,598370,7240,99425,8531,0.06706435955389232,0.5409295542451334
35668,0.8778928571428569,0,1,0,598371,7239,99425,8531,0.06705509652080477,0.5409638554216868
35669,0.877962148962149,0,1,0,598372,7238,99425,8531,0.06704583348771721,0.5409981609486968
35670,0.8779999999999998,2,1,2,598373,7237,99427,8529,0.06703657045462966,0.5409742483825954
35671,0.878,7,6,7,598379,7231,99434,8522,0.06698099225610434,0.5409763219704183
35672,0.8780000000000001,0,4,0,598383,7227,99434,8522,0.06694394012375413,0.5411137215061274
35673,0.8780476190476191,2,0,2,598383,7227,99436,8520,0.06694394012375413,0.5410554391312631
35674,0.8781666666666668,0,3,0,598386,7224,99436,8520,0.06691615102449146,0.5411585365853658
35675,0.8782142857142857,1,0,1,598386,7224,99437,8519,0.06691615102449146,0.5411293908403735
35676,0.87825,0,2,0,598388,7222,99437,8519,0.06689762495831635,0.5411981449717299
35677,0.8783333333333332,1,1,1,598389,7221,99438,8518,0.0668883619252288,0.5412033801385094
35678,0.8783333333333333,6,13,6,598402,7208,99444,8512,0.06676794249509059,0.5414758269720101
35679,0.8783333333333334,13,16,13,598418,7192,99457,8499,0.06661973396568972,0.541648078516347
35680,0.8783571428571428,0,1,0,598419,7191,99457,8499,0.06661047093260217,0.5416826003824092
35681,0.8784080086580086,0,1,0,598420,7190,99457,8499,0.06660120789951461,0.5417171266492447
35682,0.8784523809523809,0,1,0,598421,7189,99457,8499,0.06659194486642707,0.541751657317695
35683,0.8785,3,4,3,598425,7185,99460,8496,0.06655489273407685,0.5418021809833556
35684,0.8785000000000001,1,1,1,598426,7184,99461,8495,0.06654562970098929,0.5418075132342624
35685,0.8785714285714286,1,2,1,598428,7182,99462,8494,0.06652710363481418,0.541847410053585
35686,0.8785714285714288,1,0,1,598428,7182,99463,8493,0.06652710363481418,0.5418181818181819
35687,0.8786666666666665,0,1,0,598429,7181,99463,8493,0.06651784060172664,0.5418527497767003
35688,0.8786666666666667,0,2,0,598431,7179,99463,8493,0.06649931453555152,0.5419218989280244
35689,0.8787023809523808,0,1,0,598432,7178,99463,8493,0.06649005150246397,0.5419564801225193
35690,0.8788095238095237,0,1,0,598433,7177,99463,8493,0.06648078846937641,0.5419910657306956
35691,0.8788095238095238,0,2,0,598435,7175,99463,8493,0.0664622624032013,0.5420602501914731
35692,0.8788333333333332,1,0,1,598435,7175,99464,8492,0.0664622624032013,0.5420310206165826
35693,0.8788333333333334,0,1,0,598436,7174,99464,8492,0.06645299937011374,0.5420656198136091
35694,0.8788598901098901,0,1,0,598437,7173,99464,8492,0.0664437363370262,0.5421002234280242
35695,0.8788805916305914,0,2,0,598439,7171,99464,8492,0.06642521027085109,0.5421694439124051
35696,0.878904761904762,1,1,1,598440,7170,99465,8491,0.06641594723776353,0.5421748291935381
35697,0.8789126984126981,0,1,0,598441,7169,99465,8491,0.06640668420467598,0.5422094508301405
35698,0.879,1,3,1,598444,7166,99466,8490,0.06637889510541331,0.5422841083290751
35699,0.879047619047619,1,0,1,598444,7166,99467,8489,0.06637889510541331,0.5422548706483552
35700,0.8790595238095237,1,0,1,598444,7166,99468,8488,0.06637889510541331,0.5422256292321451
35701,0.8791666666666665,2,5,2,598449,7161,99470,8486,0.06633257993997554,0.5423403847382885
35702,0.8791666666666668,5,3,5,598452,7158,99475,8481,0.06630479084071288,0.5422981009015921
35703,0.8791904761904762,1,1,1,598453,7157,99476,8480,0.06629552780762533,0.542303510903626
35704,0.8792142857142855,1,0,1,598453,7157,99477,8479,0.06629552780762533,0.5422742389357892
35705,0.8792261904761903,0,1,0,598454,7156,99477,8479,0.06628626477453778,0.5423089222897346
35706,0.8792499999999999,1,0,1,598454,7156,99478,8478,0.06628626477453778,0.5422796469233722
35707,0.8792857142857143,0,2,0,598456,7154,99478,8478,0.06626773870836267,0.5423490276356192
35708,0.8793333333333334,3,6,3,598462,7148,99481,8475,0.06621216050983735,0.5424694360878193
35709,0.8793333333333335,1,1,1,598463,7147,99482,8474,0.06620289747674979,0.5424748735676334
35710,0.8794285714285714,1,1,1,598464,7146,99483,8473,0.06619363444366223,0.542480312439977
35711,0.8794761904761903,0,1,0,598465,7145,99483,8473,0.06618437141057468,0.54251504674094
35712,0.8795238095238094,0,1,0,598466,7144,99483,8473,0.06617510837748712,0.542549785490171
35713,0.8795238095238096,0,1,0,598467,7143,99483,8473,0.06616584534439957,0.5425845286885246
35714,0.8796349206349205,0,3,0,598470,7140,99483,8473,0.06613805624513691,0.5426887849868699
35715,0.8796666666666666,0,1,0,598471,7139,99483,8473,0.06612879321204936,0.5427235459902638
35716,0.8796666666666667,3,4,3,598475,7135,99486,8470,0.06609174107969913,0.5427747516821532
35717,0.8796944444444443,1,0,1,598475,7135,99487,8469,0.06609174107969913,0.542745449884645
35718,0.8797142857142858,0,2,0,598477,7133,99487,8469,0.06607321501352403,0.5428150237149083
35719,0.8797777777777779,0,1,0,598478,7132,99487,8469,0.06606395198043648,0.5428498173194026
35720,0.8798333333333332,0,1,0,598479,7131,99487,8469,0.06605468894734892,0.5428846153846154
35721,0.8798333333333334,1,1,1,598480,7130,99488,8468,0.06604542591426137,0.5428901141171946
35722,0.8798333333333335,1,0,1,598480,7130,99489,8467,0.06604542591426137,0.5428608065653652
35723,0.8798809523809523,0,1,0,598481,7129,99489,8467,0.06603616288117381,0.5428956142600667
35724,0.8799047619047619,0,1,0,598482,7128,99489,8467,0.06602689984808625,0.5429304264187239
35725,0.8799999999999999,3,1,3,598483,7127,99492,8464,0.0660176368149987,0.5428773010069912
35726,0.88,674,559,674,599042,6568,100166,7790,0.060839601319055914,0.5425546733528347
35727,0.8800000000000001,2,1,2,599043,6567,100168,7788,0.06083033828596836,0.542528735632184
35728,0.8801050061050062,1,1,1,599044,6566,100169,7787,0.0608210752528808,0.5425346617431895
35729,0.8801190476190476,0,1,0,599045,6565,100169,7787,0.060811812219793246,0.542572463768116
35730,0.8801190476190477,1,0,1,599045,6565,100170,7786,0.060811812219793246,0.5425405895059577
35731,0.8801666666666665,0,2,0,599047,6563,100170,7786,0.06079328615361814,0.5426162101888633
35732,0.8801666666666667,0,1,0,599048,6562,100170,7786,0.060784023120530585,0.542654028436019
35733,0.8801736694677872,1,0,1,599048,6562,100171,7785,0.060784023120530585,0.5426221509723287
35734,0.8802142857142857,0,1,0,599049,6561,100171,7785,0.06077476008744303,0.5426599749058971
35735,0.8802261904761904,0,3,0,599052,6558,100171,7785,0.06074697098818037,0.5427734783518092
35736,0.880238095238095,1,0,1,599052,6558,100172,7784,0.06074697098818037,0.5427415981034723
35737,0.8802499999999999,0,1,0,599053,6557,100172,7784,0.06073770795509281,0.5427794435534482
35738,0.8802619047619047,0,1,0,599054,6556,100172,7784,0.06072844492200526,0.5428172942817294
35739,0.8803333333333333,2,0,2,599054,6556,100174,7782,0.06072844492200526,0.5427535221090808
35740,0.8803333333333334,1,0,1,599054,6556,100175,7781,0.06072844492200526,0.5427216293506313
35741,0.8803809523809524,0,1,0,599055,6555,100175,7781,0.06071918188891771,0.5427594866071429
35742,0.8804761904761905,2,1,2,599056,6554,100177,7779,0.06070991885583015,0.5427335519430685
35743,0.8805,3,3,3,599059,6551,100180,7776,0.06068212975656749,0.5427514483143715
35744,0.8805227272727274,1,0,1,599059,6551,100181,7775,0.06068212975656749,0.5427195309227977
35745,0.8805238095238095,0,1,0,599060,6550,100181,7775,0.060672866723479935,0.5427574171029669
35746,0.8806666666666666,0,6,0,599066,6544,100181,7775,0.06061728852495461,0.5429848453104267
35747,0.8806666666666668,0,1,0,599067,6543,100181,7775,0.06060802549186706,0.5430227685430926
35748,0.8807142857142857,0,1,0,599068,6542,100181,7775,0.0605987624587795,0.5430606970734092
35749,0.8807380952380952,0,1,0,599069,6541,100181,7775,0.06058949942569195,0.5430986309024868
35750,0.8807619047619046,0,1,0,599070,6540,100181,7775,0.060580236392604396,0.5431365700314356
35751,0.8807738095238095,0,1,0,599071,6539,100181,7775,0.06057097335951684,0.5431745144613664
35752,0.8807857142857144,0,1,0,599072,6538,100181,7775,0.060561710326429284,0.5432124641933906
35753,0.8808333333333332,1,9,1,599081,6529,100182,7774,0.0604783430286413,0.543522337971055
35754,0.8808333333333335,5,3,5,599084,6526,100187,7769,0.060450553929378634,0.5434767401189227
35755,0.8808809523809522,1,0,1,599084,6526,100188,7768,0.060450553929378634,0.5434448020148314
35756,0.8809999999999999,4,2,4,599086,6524,100192,7764,0.06043202786320353,0.5433930571108623
35757,0.8810000000000001,0,2,0,599088,6522,100192,7764,0.06041350179702842,0.5434691306173877
35758,0.8810476190476192,0,2,0,599090,6520,100192,7764,0.06039497573085331,0.5435452254270512
35759,0.8810833333333333,0,1,0,599091,6519,100192,7764,0.060385712697765756,0.5435832808233564
35760,0.8811428571428571,1,0,1,599091,6519,100193,7763,0.060385712697765756,0.5435513233440694
35761,0.8811666666666668,0,3,0,599094,6516,100193,7763,0.060357923598503095,0.543665522795714
35762,0.8811904761904762,0,1,0,599095,6515,100193,7763,0.06034866056541554,0.5437035999439698
35763,0.8812619047619046,0,1,0,599096,6514,100193,7763,0.06033939753232798,0.5437416824262801
35764,0.8812857142857144,0,1,0,599097,6513,100193,7763,0.060330134499240434,0.5437797702437658
35765,0.8813064435564438,4,1,4,599098,6512,100197,7759,0.06032087146615288,0.5436900007007217
35766,0.8813333333333333,0,2,0,599100,6510,100197,7759,0.060302345399977766,0.54376620646156
35767,0.8813333333333334,2,2,2,599102,6508,100199,7757,0.06028381933380266,0.5437784787942517
35768,0.881357142857143,0,1,0,599103,6507,100199,7757,0.060274556300715106,0.5438166012338755
35769,0.8814166666666666,0,1,0,599104,6506,100199,7757,0.06026529326762755,0.5438547290191404
35770,0.8814761904761904,0,1,0,599105,6505,100199,7757,0.06025603023454,0.5438928621511709
35771,0.8815000000000001,3,2,3,599107,6503,100202,7754,0.06023750416836489,0.5438731851020552
35772,0.8815833333333333,1,0,1,599107,6503,100203,7753,0.06023750416836489,0.543841189674523
35773,0.8816666666666666,7,9,7,599116,6494,100210,7746,0.0601541368705769,0.5439606741573034
35774,0.8816666666666667,12,11,12,599127,6483,100222,7734,0.060052243506613805,0.543996623760287
35775,0.8816666666666668,0,1,0,599128,6482,100222,7734,0.06004298047352625,0.5440348902644907
35776,0.8817103174603175,1,0,1,599128,6482,100223,7733,0.06004298047352625,0.5440028139289483
35777,0.8817301587301586,1,0,1,599128,6482,100224,7732,0.06004298047352625,0.5439707330800619
35778,0.8817857142857144,0,1,0,599129,6481,100224,7732,0.0600337174404387,0.5440090058397242
35779,0.8818333333333332,1,0,1,599129,6481,100225,7731,0.0600337174404387,0.5439769209119054
35780,0.8818333333333334,1,1,1,599130,6480,100226,7730,0.060024454407351144,0.5439831104855736
35781,0.8818809523809524,0,1,0,599131,6479,100226,7730,0.06001519137426359,0.5440213948905623
35782,0.8819761904761906,0,1,0,599132,6478,100226,7730,0.06000592834117603,0.5440596846846847
35783,0.8819999999999999,0,1,0,599133,6477,100226,7730,0.05999666530808848,0.5440979798690786
35784,0.882,4,3,4,599136,6474,100230,7726,0.059968876208825815,0.5440845070422535
35785,0.8820000000000001,1,1,1,599137,6473,100231,7725,0.059959613175738266,0.5440907170023948
35786,0.8821190476190476,1,0,1,599137,6473,100232,7724,0.059959613175738266,0.5440586039304078
35787,0.8821428571428572,0,3,0,599140,6470,100232,7724,0.0599318240764756,0.5441735944765393
35788,0.8821666666666665,0,1,0,599141,6469,100232,7724,0.05992256104338805,0.5442119354611428
35789,0.8821666666666667,1,1,1,599142,6468,100233,7723,0.05991329801030049,0.5442181664435205
35790,0.8821666666666669,0,1,0,599143,6467,100233,7723,0.05990403497721294,0.5442565186751234
35791,0.8823095238095238,1,1,1,599144,6466,100234,7722,0.05989477194412538,0.544262757259656
35792,0.8823333333333332,0,1,0,599145,6465,100234,7722,0.05988550891103783,0.5443011207443434
35793,0.8823333333333333,0,3,0,599148,6462,100234,7722,0.059857719811775165,0.5444162436548223
35794,0.8824999999999998,1,0,1,599148,6462,100235,7721,0.059857719811775165,0.5443841218360008
35795,0.8825,29,27,29,599175,6435,100264,7692,0.0596076179184112,0.5444892758547463
35796,0.8825064935064934,0,1,0,599176,6434,100264,7692,0.05959835488532365,0.5445278210392185
35797,0.882642857142857,0,1,0,599177,6433,100264,7692,0.0595890918522361,0.544566371681416
35798,0.8826666666666665,1,3,1,599180,6430,100265,7691,0.05956130275297344,0.5446498123362368
35799,0.8826666666666667,1,5,1,599185,6425,100266,7690,0.059514987587535664,0.544810485299327
35800,0.8828095238095237,1,0,1,599185,6425,100267,7689,0.059514987587535664,0.5447782343772141
35801,0.8828571428571428,2,0,2,599185,6425,100269,7687,0.059514987587535664,0.5447137188208617
35802,0.8828809523809525,0,1,0,599186,6424,100269,7687,0.05950572455444811,0.5447523208844164
35803,0.882952380952381,0,1,0,599187,6423,100269,7687,0.05949646152136055,0.5447909284195606
35804,0.883,2,4,2,599191,6419,100271,7685,0.059459409389010336,0.5448808848553602
35805,0.8831666666666667,1,0,1,599191,6419,100272,7684,0.059459409389010336,0.5448486137701198
35806,0.8832456709956709,0,1,0,599192,6418,100272,7684,0.05945014635592279,0.544887250035456
35807,0.8832777777777778,0,1,0,599193,6417,100272,7684,0.05944088332283523,0.5449258917807248
35808,0.8833015873015871,0,1,0,599194,6416,100272,7684,0.059431620289747675,0.5449645390070922
35809,0.8833333333333333,20,30,20,599224,6386,100292,7664,0.05915372929712105,0.5454804270462633
35810,0.8833333333333334,27,28,27,599252,6358,100319,7637,0.058894364370669534,0.5456948910325116
35811,0.8833888888888889,1,1,1,599253,6357,100320,7636,0.05888510133758198,0.5457014221396412
35812,0.8834047619047618,0,1,0,599254,6356,100320,7636,0.05887583830449442,0.5457404230989137
35813,0.8834166666666667,0,1,0,599255,6355,100320,7636,0.05886657527140687,0.5457794296333357
35814,0.8834523809523809,1,2,1,599257,6353,100321,7635,0.05884804920523176,0.5458249928510152
35815,0.8834761904761905,1,0,1,599257,6353,100322,7634,0.05884804920523176,0.5457925216272252
35816,0.8835,1,3,1,599260,6350,100323,7633,0.0588202601059691,0.5458771365229207
35817,0.8835000000000001,1,3,1,599263,6347,100324,7632,0.05879247100670643,0.545961799842621
35818,0.8835714285714286,1,0,1,599263,6347,100325,7631,0.05879247100670643,0.5459293174989269
35819,0.8836309523809525,0,1,0,599264,6346,100325,7631,0.058783207973618884,0.5459683766187308
35820,0.8836363636363636,1,0,1,599264,6346,100326,7630,0.058783207973618884,0.5459358900973097
35821,0.8836666666666666,0,2,0,599266,6344,100326,7630,0.05876468190744377,0.5460140260483756
35822,0.8837261904761903,1,0,1,599266,6344,100327,7629,0.05876468190744377,0.5459815358190796
35823,0.8837294372294373,1,1,1,599267,6343,100328,7628,0.058755418874356216,0.545988118244936
35824,0.8837777777777777,0,1,0,599268,6342,100328,7628,0.05874615584126867,0.5460272011453113
35825,0.8838095238095238,1,0,1,599268,6342,100329,7627,0.05874615584126867,0.545994702555659
35826,0.8838333333333332,0,2,0,599270,6340,100329,7627,0.058727629775093555,0.5460728860886375
35827,0.8838809523809523,0,1,0,599271,6339,100329,7627,0.058718366742006,0.546111986252327
35828,0.8838838383838382,2,0,2,599271,6339,100331,7625,0.058718366742006,0.5460469779432827
35829,0.8839945887445886,0,2,0,599273,6337,100331,7625,0.058699840675830894,0.5461251969631858
35830,0.8839999999999999,1,0,1,599273,6337,100332,7624,0.058699840675830894,0.5460926867702887
35831,0.884,8,9,8,599282,6328,100340,7616,0.058616473378042905,0.5461847389558233
35832,0.8841666666666665,2,3,2,599285,6325,100342,7614,0.058588684278780244,0.5462371762680249
35833,0.8841666666666668,2,3,2,599288,6322,100344,7612,0.05856089517951758,0.5462896512128607
35834,0.8841666666666669,1,0,1,599288,6322,100345,7611,0.05856089517951758,0.5462570874901314
35835,0.884261904761905,2,2,2,599290,6320,100347,7609,0.05854236911334247,0.5462703711680666
35836,0.8842857142857143,0,2,0,599292,6318,100347,7609,0.058523843047167366,0.5463488188411
35837,0.8843095238095239,0,1,0,599293,6317,100347,7609,0.05851458001407981,0.5463880511273876
35838,0.8843214285714286,0,2,0,599295,6315,100347,7609,0.058496053947904705,0.5464665326055731
35839,0.8843333333333332,0,1,0,599296,6314,100347,7609,0.05848679091481715,0.5465057817998994
35840,0.8843333333333334,0,1,0,599297,6313,100347,7609,0.058477527881729593,0.5465450366326677
35841,0.884357142857143,1,0,1,599297,6313,100348,7608,0.058477527881729593,0.546512463185116
35842,0.8844264069264068,1,1,1,599298,6312,100349,7607,0.05846826484864204,0.5465191464904088
35843,0.8844365079365079,1,0,1,599298,6312,100350,7606,0.05846826484864204,0.5464865641615174
35844,0.8844761904761905,1,0,1,599298,6312,100351,7605,0.05846826484864204,0.5464539771502479
35845,0.8845000000000001,1,1,1,599299,6311,100352,7604,0.05845900181555449,0.5464606539705354
35846,0.8845912698412698,1,1,1,599300,6310,100353,7603,0.05844973878246693,0.5464673327104147
35847,0.8846666666666667,3,4,3,599304,6306,100356,7600,0.058412686650116716,0.5465266791313103
35848,0.8847222222222223,1,0,1,599304,6306,100357,7599,0.058412686650116716,0.5464940668824164
35849,0.8847619047619049,0,2,0,599306,6304,100357,7599,0.058394160583941604,0.5465726821549306
35850,0.8848095238095237,0,1,0,599307,6303,100357,7599,0.058384897550854055,0.5466119982736297
35851,0.8848333333333332,0,1,0,599308,6302,100357,7599,0.0583756345177665,0.5466513200489174
35852,0.8848333333333334,1,1,1,599309,6301,100358,7598,0.05836637148467894,0.546658032952011
35853,0.8848809523809522,1,1,1,599310,6300,100359,7597,0.05835710845159139,0.5466647477872922
35854,0.884952380952381,0,1,0,599311,6299,100359,7597,0.05834784541850384,0.5467040875071963
35855,0.8849999999999999,1,1,1,599312,6298,100360,7596,0.05833858238541628,0.5467108104217648
35856,0.885,130,118,130,599430,6180,100490,7466,0.05724554448108489,0.5471200351751428
35857,0.8850000000000001,1,4,1,599434,6176,100491,7465,0.05720849234873467,0.5472472692617844
35858,0.8851309523809523,0,1,0,599435,6175,100491,7465,0.05719922931564712,0.5472873900293255
35859,0.8851666666666667,1,1,1,599436,6174,100492,7464,0.05718996628255956,0.5472943246810382
35860,0.8853008658008656,0,1,0,599437,6173,100492,7464,0.057180703249472005,0.5473344577253062
35861,0.8853095238095239,0,2,0,599439,6171,100492,7464,0.0571621771832969,0.5474147414741474
35862,0.8853333333333333,2,0,2,599439,6171,100494,7462,0.0571621771832969,0.5473483459253282
35863,0.8854166666666667,0,1,0,599440,6170,100494,7462,0.057152914150209344,0.5473884976525821
35864,0.8854278499278498,1,1,1,599441,6169,100495,7461,0.05714365111712179,0.5473954512105649
35865,0.8854761904761905,1,0,1,599441,6169,100496,7460,0.05714365111712179,0.5473622422774965
35866,0.8854999999999998,0,1,0,599442,6168,100496,7460,0.05713438808403424,0.5474024068095098
35867,0.8855,1,3,1,599445,6165,100497,7459,0.05710659898477157,0.5474897240164416
35868,0.8855555555555555,0,1,0,599446,6164,100497,7459,0.05709733595168402,0.5475299126477281
35869,0.8856190476190479,0,3,0,599449,6161,100497,7459,0.057069546852421354,0.5476505139500735
35870,0.8856547619047619,1,0,1,599449,6161,100498,7458,0.057069546852421354,0.5476172993611865
35871,0.8856666666666666,1,1,1,599450,6160,100499,7457,0.057060283819333805,0.547624293162958
35872,0.8856666666666668,0,1,0,599451,6159,100499,7457,0.05705102078624625,0.5476645123384254
35873,0.8857142857142857,1,1,1,599452,6158,100500,7456,0.057041757753158694,0.5476715146173057
35874,0.8857380952380954,0,1,0,599453,6157,100500,7456,0.05703249472007114,0.5477117461250276
35875,0.8858333333333333,1,5,1,599458,6152,100501,7455,0.05698617955463337,0.5478797677665908
35876,0.8858333333333335,2,6,2,599464,6146,100503,7453,0.05693060135610804,0.548055004044415
35877,0.8858571428571429,1,0,1,599464,6146,100504,7452,0.05693060135610804,0.5480217679070452
35878,0.8858611111111111,0,1,0,599465,6145,100504,7452,0.05692133832302049,0.5480620725159961
35879,0.8858809523809523,0,1,0,599466,6144,100504,7452,0.05691207528993294,0.5481023830538394
35880,0.8859166666666666,0,3,0,599469,6141,100504,7452,0.05688428619067027,0.5482233502538071
35881,0.8859999999999999,12,7,12,599476,6134,100516,7440,0.05681944495905739,0.5481066745248269
35882,0.8860000000000001,1,0,1,599476,6134,100517,7439,0.05681944495905739,0.5480733809769395
35883,0.8860714285714286,0,2,0,599478,6132,100517,7439,0.05680091889288229,0.5481541522363864
35884,0.8861666666666665,1,0,1,599478,6132,100518,7438,0.05680091889288229,0.5481208548268238
35885,0.88625,0,2,0,599480,6130,100518,7438,0.056782392826707176,0.5482016509433962
35886,0.8863095238095238,0,1,0,599481,6129,100518,7438,0.05677312979361962,0.5482420579346945
35887,0.8863333333333333,0,1,0,599482,6128,100518,7438,0.05676386676053207,0.5482824708830901
35888,0.8863333333333334,2,2,2,599484,6126,100520,7436,0.05674534069435696,0.5482967113994986
35889,0.8863636363636364,0,1,0,599485,6125,100520,7436,0.0567360776612694,0.5483371432785192
35890,0.8864404761904763,0,1,0,599486,6124,100520,7436,0.056726814628181854,0.5483775811209439
35891,0.8864761904761904,0,1,0,599487,6123,100520,7436,0.0567175515950943,0.548418024928092
35892,0.8865000000000001,2,2,2,599489,6121,100522,7434,0.056699025528919186,0.548432312799705
35893,0.8865476190476188,0,2,0,599491,6119,100522,7434,0.05668049946274408,0.5485132443001549
35894,0.8866190476190476,1,1,1,599492,6118,100523,7433,0.056671236429656525,0.5485204043981994
35895,0.8866666666666666,31,24,31,599516,6094,100554,7402,0.056448923635555225,0.5484588026081803
35896,0.8866666666666667,26,42,26,599558,6052,100580,7376,0.05605987624587795,0.5492999702114983
35897,0.886690476190476,1,0,1,599558,6052,100581,7375,0.05605987624587795,0.549266403515305
35898,0.8866904761904761,1,0,1,599558,6052,100582,7374,0.05605987624587795,0.549232831818859
35899,0.8866984126984125,0,1,0,599559,6051,100582,7374,0.056050613212790396,0.5492737430167598
35900,0.8867023809523807,2,0,2,599559,6051,100584,7372,0.056050613212790396,0.5492065857110929
35901,0.8868333333333334,0,1,0,599560,6050,100584,7372,0.05604135017970284,0.5492475040977499
35902,0.8868809523809524,1,1,1,599561,6049,100585,7371,0.05603208714661529,0.5492548435171386
35903,0.8869999999999999,0,1,0,599562,6048,100585,7371,0.056022824113527735,0.5492957746478874
35904,0.887,1,4,1,599566,6044,100586,7370,0.05598577198117752,0.5494259728641717
35905,0.8870238095238097,1,0,1,599566,6044,100587,7369,0.05598577198117752,0.5493923805263551
35906,0.8870555555555554,0,1,0,599567,6043,100587,7369,0.05597650894808996,0.5494333432746794
35907,0.8871071428571429,0,2,0,599569,6041,100587,7369,0.05595798288191486,0.5495152870991797
35908,0.8871428571428571,1,1,1,599570,6040,100588,7368,0.0559487198488273,0.5495226730310262
35909,0.8871428571428572,0,1,0,599571,6039,100588,7368,0.055939456815739745,0.5495636607742225
35910,0.8871666666666665,1,1,1,599572,6038,100589,7367,0.05593019378265219,0.5495710555762775
35911,0.8871825396825396,1,1,1,599573,6037,100590,7366,0.05592093074956464,0.5495784525852421
35912,0.8873095238095238,0,1,0,599574,6036,100590,7366,0.055911667716477084,0.5496194597821221
35913,0.8873333333333332,1,1,1,599575,6035,100591,7365,0.05590240468338953,0.5496268656716418
35914,0.8873333333333333,2,2,2,599577,6033,100593,7363,0.05588387861721442,0.5496416840848014
35915,0.8873333333333335,0,1,0,599578,6032,100593,7363,0.05587461558412687,0.5496827174318776
35916,0.8873809523809524,1,0,1,599578,6032,100594,7362,0.05587461558412687,0.5496490966104226
35917,0.8874999999999998,1,3,1,599581,6029,100595,7361,0.055846826484864207,0.5497386109036595
35918,0.8875,27,35,27,599616,5994,100622,7334,0.055522620326799804,0.5502701080432173
35919,0.8875000000000002,0,1,0,599617,5993,100622,7334,0.055513357293712255,0.5503113979140092
35920,0.887515873015873,1,0,1,599617,5993,100623,7333,0.055513357293712255,0.55027765270899
35921,0.8875833333333333,1,0,1,599617,5993,100624,7332,0.055513357293712255,0.5502439024390244
35922,0.8876190476190476,1,0,1,599617,5993,100625,7331,0.055513357293712255,0.5502101471029721
35923,0.8876428571428572,1,0,1,599617,5993,100626,7330,0.055513357293712255,0.5501763866996923
35924,0.8876666666666665,0,1,0,599618,5992,100626,7330,0.0555040942606247,0.5502176850322774
35925,0.8877380952380952,0,1,0,599619,5991,100626,7330,0.05549483122753714,0.5502589895653479
35926,0.8877499999999999,0,1,0,599620,5990,100626,7330,0.05548556819444959,0.5503003003003003
35927,0.88775,0,1,0,599621,5989,100626,7330,0.05547630516136204,0.5503416172385314
35928,0.8877857142857141,0,2,0,599623,5987,100626,7330,0.055457779095186926,0.5504242697304198
35929,0.8878333333333335,0,1,0,599624,5986,100626,7330,0.05544851606209937,0.5504656052868729
35930,0.8878809523809525,0,2,0,599626,5984,100626,7330,0.055429989995924266,0.5505482950277903
35931,0.8879166666666666,0,2,0,599628,5982,100626,7330,0.055411463929749154,0.5506310096153846
35932,0.8879285714285713,1,0,1,599628,5982,100627,7329,0.055411463929749154,0.5505972503944107
35933,0.8879761904761905,0,1,0,599629,5981,100627,7329,0.055402200896661605,0.5506386175807664
35934,0.888,11,6,11,599635,5975,100638,7318,0.055346622698136276,0.5505153088091477
35935,0.8880000000000001,1,0,1,599635,5975,100639,7317,0.055346622698136276,0.5504814926271442
35936,0.8880555555555556,1,0,1,599635,5975,100640,7316,0.055346622698136276,0.550447671356557
35937,0.8881150793650794,0,1,0,599636,5974,100640,7316,0.05533735966504872,0.5504890895410083
35938,0.8881666666666667,2,1,2,599637,5973,100642,7314,0.05532809663196117,0.5504628584330549
35939,0.8881666666666668,0,1,0,599638,5972,100642,7314,0.055318833598873615,0.5505042902303177
35940,0.8881984126984126,1,0,1,599638,5972,100643,7313,0.055318833598873615,0.550470455400828
35941,0.8882142857142857,1,0,1,599638,5972,100644,7312,0.055318833598873615,0.5504366154772659
35942,0.8882380952380955,0,1,0,599639,5971,100644,7312,0.05530957056578606,0.5504780546563276
35943,0.8883095238095237,1,1,1,599640,5970,100645,7311,0.05530030753269851,0.5504856562005873
35944,0.8883333333333333,10,12,10,599652,5958,100655,7301,0.05518915113564786,0.5506448450109359
35945,0.8883333333333334,4,11,4,599663,5947,100659,7297,0.05508725777168476,0.55096647538508
35946,0.8883690476190474,0,2,0,599665,5945,100659,7297,0.05506873170550965,0.5510496903790968
35947,0.8885,2,1,2,599666,5944,100661,7295,0.0550594686724221,0.5510234912002417
35948,0.8885000000000001,0,3,0,599669,5941,100661,7295,0.05503167957315944,0.5511483831973406
35949,0.8885714285714286,0,3,0,599672,5938,100661,7295,0.055003890473896776,0.5512733318219603
35950,0.8886666666666666,0,3,0,599675,5935,100661,7295,0.05497610137463411,0.5513983371126229
35951,0.8886666666666667,1,2,1,599677,5933,100662,7294,0.054957575308459,0.5514477961744916
35952,0.88875,1,0,1,599677,5933,100663,7293,0.054957575308459,0.5514138817480719
35953,0.8888333333333334,0,1,0,599678,5932,100663,7293,0.05494831227537145,0.5514555765595464
35954,0.889,6,3,6,599681,5929,100669,7287,0.054920523176108786,0.5513771186440678
35955,0.889047619047619,2,0,2,599681,5929,100671,7285,0.054920523176108786,0.5513092174965946
35956,0.8890476190476191,1,1,1,599682,5928,100672,7284,0.05491126014302123,0.5513169845594914
35957,0.8890952380952382,0,1,0,599683,5927,100672,7284,0.054901997109933674,0.5513587162213307
35958,0.8891190476190477,0,1,0,599684,5926,100672,7284,0.054892734076846125,0.5514004542013626
35959,0.8891666666666665,4,5,4,599689,5921,100676,7280,0.05484641891140835,0.5514733732293008
35960,0.8891666666666667,1,3,1,599692,5918,100677,7279,0.05481862981214569,0.5515647495642949
35961,0.8892857142857141,1,0,1,599692,5918,100678,7278,0.05481862981214569,0.5515307668990603
35962,0.8893333333333332,3,2,3,599694,5916,100681,7275,0.05480010374597058,0.5515123948146463
35963,0.8893333333333334,1,1,1,599695,5915,100682,7274,0.054790840712883024,0.5515202062324664
35964,0.8893928571428572,0,1,0,599696,5914,100682,7274,0.054781577679795475,0.551562026084319
35965,0.8894523809523808,0,1,0,599697,5913,100682,7274,0.05477231464670792,0.5516038522787594
35966,0.8895000000000001,1,3,1,599700,5910,100683,7273,0.05474452554744526,0.5516953652431161
35967,0.8895238095238095,1,0,1,599700,5910,100684,7272,0.05474452554744526,0.5516613563950842
35968,0.8895476190476189,0,1,0,599701,5909,100684,7272,0.0547352625143577,0.5517032091647067
35969,0.8895833333333334,0,1,0,599702,5908,100684,7272,0.054725999481270146,0.5517450682852807
35970,0.8896428571428571,1,0,1,599702,5908,100685,7271,0.054725999481270146,0.5517110554670309
35971,0.8896666666666667,0,1,0,599703,5907,100685,7271,0.05471673644818259,0.5517529215358932
35972,0.8898214285714284,0,1,0,599704,5906,100685,7271,0.05470747341509504,0.5517947939591713
35973,0.8898333333333333,0,1,0,599705,5905,100685,7271,0.054698210382007485,0.551836672738312
35974,0.8898333333333334,0,1,0,599706,5904,100685,7271,0.05468894734891993,0.5518785578747628
35975,0.8898333333333335,0,1,0,599707,5903,100685,7271,0.05467968431583237,0.5519204493699712
35976,0.8899166666666667,0,1,0,599708,5902,100685,7271,0.054670421282744824,0.5519623472253853
35977,0.8899761904761904,1,1,1,599709,5901,100686,7270,0.05466115824965727,0.5519702376433072
35978,0.8899999999999999,5,9,5,599718,5892,100691,7265,0.05457779095186928,0.552177548073269
35979,0.89,604,534,604,600252,5358,101295,6661,0.049631331283115344,0.5542058407521424
35980,0.8900000000000001,1,1,1,600253,5357,101296,6660,0.04962206825002779,0.5542148622784389
35981,0.8900238095238094,0,1,0,600254,5356,101296,6660,0.04961280521694023,0.5542609853528628
35982,0.8901666666666666,0,1,0,600255,5355,101296,6660,0.049603542183852684,0.5543071161048689
35983,0.8901666666666667,0,2,0,600257,5353,101296,6660,0.04958501611767757,0.5543994006492966
35984,0.8902222222222222,0,1,0,600258,5352,101296,6660,0.049575753084590016,0.5544455544455544
35985,0.8902380952380952,0,2,0,600260,5350,101296,6660,0.04955722701841491,0.5545378850957535
35986,0.8902380952380953,1,1,1,600261,5349,101297,6659,0.049547963985327355,0.5545469686875416
35987,0.8902643467643467,0,1,0,600262,5348,101297,6659,0.0495387009522398,0.5545931539935038
35988,0.8903095238095237,1,1,1,600263,5347,101298,6658,0.04952943791915225,0.5546022490628905
35989,0.8903333333333332,1,1,1,600264,5346,101299,6657,0.049520174886064694,0.5546113471632091
35990,0.8903333333333333,0,1,0,600265,5345,101299,6657,0.04951091185297714,0.554657557073821
35991,0.8903333333333334,1,0,1,600265,5345,101300,6656,0.04951091185297714,0.5546204482959753
35992,0.890357142857143,0,1,0,600266,5344,101300,6656,0.04950164881988958,0.5546666666666666
35993,0.8903809523809524,0,1,0,600267,5343,101300,6656,0.04949238578680203,0.5547128927410617
35994,0.8904523809523809,0,2,0,600269,5341,101300,6656,0.04947385972062692,0.5548053680086689
35995,0.8904761904761905,1,1,1,600270,5340,101301,6655,0.049464596687539365,0.554814506044185
35996,0.8905,2,2,2,600272,5338,101303,6653,0.04944607062136426,0.5548327912601118
35997,0.8905357142857143,0,1,0,600273,5337,101303,6653,0.049436807588276704,0.5548790658882402
35998,0.8905476190476189,0,1,0,600274,5336,101303,6653,0.04942754455518915,0.5549253482358829
35999,0.890547619047619,0,1,0,600275,5335,101303,6653,0.0494182815221016,0.5549716383049716
36000,0.8906666666666667,3,0,3,600275,5335,101306,6650,0.0494182815221016,0.5548602419691281
36001,0.8906984126984127,0,2,0,600277,5333,101306,6650,0.04939975545592649,0.5549528498706501
36002,0.8907380952380953,1,0,1,600277,5333,101307,6649,0.04939975545592649,0.5549157068936739
36003,0.8908333333333333,4,6,4,600283,5327,101311,6645,0.049344177257401166,0.555045105245573
36004,0.8908333333333335,2,5,2,600288,5322,101313,6643,0.04929786209196339,0.555202674467196
36005,0.8908650793650794,0,2,0,600290,5320,101313,6643,0.04927933602578828,0.5552954944411936
36006,0.8909285714285712,0,2,0,600292,5318,101313,6643,0.049260809959613176,0.5553883454560655
36007,0.890952380952381,1,0,1,600292,5318,101314,6642,0.049260809959613176,0.5553511705685619
36008,0.8909999999999999,4,9,4,600301,5309,101318,6638,0.04917744266182519,0.5556206579057504
36009,0.891095238095238,0,1,0,600302,5308,101318,6638,0.04916817962873763,0.5556671689268374
36010,0.8911363636363637,1,0,1,600302,5308,101319,6637,0.04916817962873763,0.5556299706990373
36011,0.8911428571428572,1,0,1,600302,5308,101320,6636,0.04916817962873763,0.5555927662424648
36012,0.8912142857142856,1,0,1,600302,5308,101321,6635,0.04916817962873763,0.5555555555555556
36013,0.8912500000000001,0,1,0,600303,5307,101321,6635,0.04915891659565008,0.5556020767040697
36014,0.8912619047619046,1,0,1,600303,5307,101322,6634,0.04915891659565008,0.5555648605644419
36015,0.8913333333333333,0,2,0,600305,5305,101322,6634,0.04914039052947497,0.5556579277996482
36016,0.8914166666666664,0,1,0,600306,5304,101322,6634,0.049131127496387414,0.5557044731110738
36017,0.8914166666666666,0,1,0,600307,5303,101322,6634,0.049121864463299865,0.5557510262209936
36018,0.891488095238095,1,3,1,600310,5300,101323,6633,0.0490940753640372,0.5558535154613258
36019,0.8915000000000001,0,3,0,600313,5297,101323,6633,0.049066286264774536,0.5559932942162615
36020,0.8915714285714285,1,0,1,600313,5297,101324,6632,0.049066286264774536,0.5559560734344874
36021,0.8916666666666666,10,12,10,600325,5285,101334,6622,0.048955129867723886,0.5561434450323339
36022,0.8916666666666667,8,16,8,600341,5269,101342,6614,0.04880692133832302,0.5565934528317765
36023,0.8917857142857143,3,0,3,600341,5269,101345,6611,0.04880692133832302,0.5564814814814815
36024,0.8918333333333334,0,2,0,600343,5267,101345,6611,0.048788395272147914,0.5565751810069035
36025,0.8919206349206348,0,1,0,600344,5266,101345,6611,0.04877913223906036,0.556622042603351
36026,0.8919523809523809,2,0,2,600344,5266,101347,6609,0.04877913223906036,0.5565473684210527
36027,0.892,8,9,8,600353,5257,101355,6601,0.04869576494127237,0.5566706021251476
36028,0.8920238095238094,0,1,0,600354,5256,101355,6601,0.04868650190818482,0.5567175508138652
36029,0.892047619047619,1,0,1,600354,5256,101356,6600,0.04868650190818482,0.5566801619433198
36030,0.8920714285714285,1,0,1,600354,5256,101357,6599,0.04868650190818482,0.5566427667650781
36031,0.8920833333333331,1,0,1,600354,5256,101358,6598,0.04868650190818482,0.5566053652775435
36032,0.8921428571428572,0,1,0,600355,5255,101358,6598,0.04867723887509726,0.5566523243060828
36033,0.8921645021645019,0,2,0,600357,5253,101358,6598,0.04865871280892215,0.5567462661378787
36034,0.8921666666666667,1,2,1,600359,5251,101359,6597,0.048640186742747046,0.5568028359216746
36035,0.8921666666666668,1,0,1,600359,5251,101360,6596,0.048640186742747046,0.5567654258462058
36036,0.8922619047619044,0,1,0,600360,5250,101360,6596,0.04863092370965949,0.5568124261354044
36037,0.8923095238095239,1,0,1,600360,5250,101361,6595,0.04863092370965949,0.556775010552976
36038,0.8923333333333333,0,1,0,600361,5249,101361,6595,0.048621660676571934,0.5568220195879771
36039,0.8923333333333335,0,2,0,600363,5247,101361,6595,0.04860313461039683,0.5569160614761021
36040,0.8923809523809524,1,0,1,600363,5247,101362,6594,0.04860313461039683,0.5568786420065873
36041,0.8924047619047619,1,0,1,600363,5247,101363,6593,0.04860313461039683,0.5568412162162162
36042,0.8924404761904762,1,0,1,600363,5247,101364,6592,0.04860313461039683,0.5568037841033872
36043,0.8924999999999998,0,1,0,600364,5246,101364,6592,0.048593871577309274,0.5568508193951681
36044,0.8925,29,19,29,600383,5227,101393,6563,0.048417873948645745,0.5566581849024597
36045,0.8925833333333334,0,1,0,600384,5226,101393,6563,0.04840861091555819,0.5567054033420986
36046,0.8926666666666666,2,4,2,600388,5222,101395,6561,0.04837155878320797,0.5568191462276161
36047,0.8927292429792429,0,1,0,600389,5221,101395,6561,0.04836229575012042,0.5568664063826175
36048,0.892738095238095,0,1,0,600390,5220,101395,6561,0.04835303271703287,0.5569136745607334
36049,0.8927499999999999,1,1,1,600391,5219,101396,6560,0.04834376968394531,0.5569233381441548
36050,0.8928095238095238,1,0,1,600391,5219,101397,6559,0.04834376968394531,0.5568857191373747
36051,0.8929166666666666,1,0,1,600391,5219,101398,6558,0.04834376968394531,0.5568480937420396
36052,0.8929999999999998,1,0,1,600391,5219,101399,6557,0.04834376968394531,0.5568104619565217
36053,0.893,2,1,2,600392,5218,101401,6555,0.048334506650857756,0.5567824683598064
36054,0.8930238095238094,1,1,1,600393,5217,101402,6554,0.0483252436177702,0.5567921162178234
36055,0.8930277777777778,0,1,0,600394,5216,101402,6554,0.04831598058468265,0.556839422259983
36056,0.8930833333333333,0,1,0,600395,5215,101402,6554,0.048306717551595095,0.5568867363412354
36057,0.8931666666666667,1,1,1,600396,5214,101403,6553,0.04829745451850754,0.5568964052009858
36058,0.8932222222222221,0,3,0,600399,5211,101403,6553,0.04826966541924488,0.5570384223053383
36059,0.8933095238095238,0,2,0,600401,5209,101403,6553,0.048251139353069766,0.5571331406223431
36060,0.8933333333333333,24,31,24,600432,5178,101427,6529,0.04796398532735559,0.5577005210557786
36061,0.8933333333333334,26,13,26,600445,5165,101453,6503,0.04784356589721739,0.5573363044223517
36062,0.8933809523809524,0,2,0,600447,5163,101453,6503,0.047825039831042276,0.5574318532487571
36063,0.8933809523809525,1,0,1,600447,5163,101454,6502,0.047825039831042276,0.5573939134162024
36064,0.8935,1,3,1,600450,5160,101455,6501,0.047797250731779616,0.5574993568304605
36065,0.8935259740259742,0,3,0,600453,5157,101455,6501,0.047769461632516955,0.5576428203808543
36066,0.8935714285714286,0,1,0,600454,5156,101455,6501,0.0477601985994294,0.5576906579737497
36067,0.8935833333333334,1,0,1,600454,5156,101456,6500,0.0477601985994294,0.557652711050103
36068,0.893642857142857,0,2,0,600456,5154,101456,6500,0.04774167253325429,0.5577484125622104
36069,0.8936666666666666,0,1,0,600457,5153,101456,6500,0.04773240950016674,0.5577962756371749
36070,0.8936666666666667,2,2,2,600459,5151,101458,6498,0.047713883433991626,0.5578161215554983
36071,0.8936904761904763,1,0,1,600459,5151,101459,6497,0.047713883433991626,0.5577781593406593
36072,0.8937380952380951,0,1,0,600460,5150,101459,6497,0.04770462040090407,0.5578260496265133
36073,0.89375,0,1,0,600461,5149,101459,6497,0.04769535736781652,0.5578739481366993
36074,0.8938095238095238,2,0,2,600461,5149,101461,6495,0.04769535736781652,0.5577980075575404
36075,0.8938095238095239,0,2,0,600463,5147,101461,6495,0.04767683130164141,0.5578938326747982
36076,0.8938333333333334,1,0,1,600463,5147,101462,6494,0.04767683130164141,0.5578558543080492
36077,0.8939999999999999,2,1,2,600464,5146,101464,6492,0.04766756826855385,0.5578278054648566
36078,0.894,9,9,9,600473,5137,101473,6483,0.04758420097076587,0.5579173838209983
36079,0.8940915750915753,1,0,1,600473,5137,101474,6482,0.04758420097076587,0.5578793355710474
36080,0.8941666666666666,2,6,2,600479,5131,101476,6480,0.04752862277224054,0.5580914649900957
36081,0.8941666666666667,3,5,3,600484,5126,101479,6477,0.04748230760680277,0.558217702318366
36082,0.8941818181818182,1,0,1,600484,5126,101480,6476,0.04748230760680277,0.5581796242027237
36083,0.8941973304473305,1,0,1,600484,5126,101481,6475,0.04748230760680277,0.5581415395224549
36084,0.8942857142857144,2,2,2,600486,5124,101483,6473,0.047463781540627664,0.5581615935155644
36085,0.8943333333333332,1,0,1,600486,5124,101484,6472,0.047463781540627664,0.5581234908589169
36086,0.8943333333333334,1,0,1,600486,5124,101485,6471,0.047463781540627664,0.558085381630013
36087,0.8944047619047619,0,1,0,600487,5123,101485,6471,0.04745451850754011,0.5581335173365534
36088,0.8945000000000001,2,2,2,600489,5121,101487,6469,0.047435992441365,0.5581535806729939
36089,0.8945833333333333,0,1,0,600490,5120,101487,6469,0.04742672940827745,0.5582017430321857
36090,0.8946666666666665,0,1,0,600491,5119,101487,6469,0.04741746637518989,0.5582499137038316
36091,0.8946666666666667,0,3,0,600494,5116,101487,6469,0.04738967727592723,0.5583944756150194
36092,0.8947380952380953,0,1,0,600495,5115,101487,6469,0.047380414242839675,0.5584426795580111
36093,0.8947619047619046,0,1,0,600496,5114,101487,6469,0.04737115120975212,0.5584908918242252
36094,0.8947738095238096,1,1,1,600497,5113,101488,6468,0.04736188817666457,0.5585009930057854
36095,0.8948333333333331,0,1,0,600498,5112,101488,6468,0.047352625143577014,0.5585492227979275
36096,0.8948333333333334,0,1,0,600499,5111,101488,6468,0.04734336211048946,0.5585974609206322
36097,0.8949761904761906,0,2,0,600501,5109,101488,6468,0.04732483604431435,0.5586939621663644
36098,0.8949999999999999,1,4,1,600505,5105,101489,6467,0.047287783911964136,0.558848945731075
36099,0.895,95,100,95,600605,5005,101584,6372,0.046361480603208716,0.5600773490375318
36100,0.8950000000000001,1,5,1,600610,5000,101585,6371,0.04631516543777094,0.5602849353618855
36101,0.8950238095238094,0,2,0,600612,4998,101585,6371,0.04629663937159584,0.5603834989884774
36102,0.8950584415584417,0,1,0,600613,4997,101585,6371,0.04628737633850828,0.560432793807178
36103,0.8950833333333332,0,1,0,600614,4996,101585,6371,0.046278113305420726,0.5604820972991994
36104,0.8951666666666666,1,4,1,600618,4992,101586,6370,0.04624106117307051,0.5606407322654462
36105,0.8951666666666667,1,0,1,600618,4992,101587,6369,0.04624106117307051,0.5606020596778453
36106,0.8951904761904761,0,1,0,600619,4991,101587,6369,0.04623179813998295,0.5606514084507043
36107,0.8952380952380952,1,0,1,600619,4991,101588,6368,0.04623179813998295,0.5606127299938375
36108,0.8953095238095237,0,2,0,600621,4989,101588,6368,0.04621327207380785,0.5607114554900061
36109,0.8953333333333332,0,1,0,600622,4988,101588,6368,0.04620400904072029,0.5607608312786192
36110,0.8953333333333333,1,0,1,600622,4988,101589,6367,0.04620400904072029,0.5607221488331132
36111,0.8953333333333334,1,1,1,600623,4987,101590,6366,0.046194746007632737,0.5607328459438033
36112,0.8954166666666667,0,1,0,600624,4986,101590,6366,0.04618548297454519,0.5607822410147991
36113,0.8954545454545455,0,1,0,600625,4985,101590,6366,0.04617621994145763,0.5608316447890054
36114,0.8954761904761903,0,1,0,600626,4984,101590,6366,0.046166956908370076,0.5608810572687225
36115,0.8954761904761906,0,1,0,600627,4983,101590,6366,0.04615769387528252,0.5609304784562517
36116,0.8955,2,4,2,600631,4979,101592,6364,0.0461206417429323,0.5610508683769726
36117,0.8955476190476191,0,1,0,600632,4978,101592,6364,0.046111378709844754,0.5611003350379122
36118,0.8956547619047618,0,1,0,600633,4977,101592,6364,0.0461021156767572,0.5611498104223613
36119,0.8956666666666666,0,3,0,600636,4974,101592,6364,0.04607432657749454,0.5612982889398483
36120,0.8956666666666667,0,1,0,600637,4973,101592,6364,0.04606506354440698,0.5613477992414219
36121,0.8957142857142857,1,3,1,600640,4970,101593,6363,0.04603727444514432,0.5614576899320568
36122,0.8958055555555553,0,1,0,600641,4969,101593,6363,0.046028011412056764,0.5615072361454289
36123,0.8958095238095238,0,1,0,600642,4968,101593,6363,0.04601874837896921,0.5615567911040509
36124,0.8958333333333333,4,5,4,600647,4963,101597,6359,0.045972433213531436,0.5616498851792969
36125,0.8958333333333335,1,5,1,600652,4958,101598,6358,0.04592611804809367,0.5618593142453163
36126,0.8959999999999999,11,7,11,600659,4951,101609,6347,0.045861276816480785,0.5617808461674633
36127,0.8960000000000001,0,1,0,600660,4950,101609,6347,0.045852013783393236,0.5618305744888024
36128,0.8961666666666668,0,2,0,600662,4948,101609,6347,0.045833487717218124,0.5619300575475874
36129,0.8962142857142856,1,0,1,600662,4948,101610,6346,0.045833487717218124,0.561891269700726
36130,0.8962499999999999,1,1,1,600663,4947,101611,6345,0.04582422468413057,0.5619022316684378
36131,0.8963095238095238,0,1,0,600664,4946,101611,6345,0.04581496165104302,0.5619519971658843
36132,0.8963333333333332,0,1,0,600665,4945,101611,6345,0.04580569861795546,0.5620017714791852
36133,0.8963333333333334,2,2,2,600667,4943,101613,6343,0.04578717255178035,0.5620237462342725
36134,0.8964047619047619,1,0,1,600667,4943,101614,6342,0.04578717255178035,0.5619849357554275
36135,0.896452380952381,0,1,0,600668,4942,101614,6342,0.0457779095186928,0.5620347394540943
36136,0.8965,2,1,2,600669,4941,101616,6340,0.04576864648560525,0.5620069142806489
36137,0.8965476190476193,0,1,0,600670,4940,101616,6340,0.04575938345251769,0.5620567375886525
36138,0.8966428571428571,1,0,1,600670,4940,101617,6339,0.04575938345251769,0.5620179093891302
36139,0.8966666666666666,27,41,27,600711,4899,101644,6312,0.045379599095927974,0.563018464008563
36140,0.8966666666666667,30,21,30,600732,4878,101674,6282,0.045185075401089334,0.5629032258064516
36141,0.8967857142857143,0,2,0,600734,4876,101674,6282,0.04516654933491422,0.563004122602617
36142,0.8968333333333334,2,1,2,600735,4875,101676,6280,0.04515728630182667,0.5629762438368444
36143,0.8969047619047621,1,0,1,600735,4875,101677,6279,0.04515728630182667,0.5629370629370629
36144,0.8969999999999999,1,0,1,600735,4875,101678,6278,0.04515728630182667,0.5628978750112077
36145,0.897,3,5,3,600740,4870,101681,6275,0.0451109711363889,0.5630327501121579
36146,0.897047619047619,0,2,0,600742,4868,101681,6275,0.04509244507021379,0.5631338059768465
36147,0.8971428571428571,1,0,1,600742,4868,101682,6274,0.04509244507021379,0.5630945970202836
36148,0.8971428571428572,1,0,1,600742,4868,101683,6273,0.04509244507021379,0.5630553810250426
36149,0.8971666666666667,1,1,1,600743,4867,101684,6272,0.04508318203712624,0.5630667025765329
36150,0.8971785714285713,1,0,1,600743,4867,101685,6271,0.04508318203712624,0.5630274735140959
36151,0.8972857142857142,0,2,0,600745,4865,101685,6271,0.04506465597095113,0.563128591954023
36152,0.8973333333333332,2,1,2,600746,4864,101687,6269,0.04505539293786357,0.5631006916374742
36153,0.8973333333333333,3,0,3,600746,4864,101690,6266,0.04505539293786357,0.5629829290206648
36154,0.8973333333333335,1,1,1,600747,4863,101691,6265,0.04504612990477602,0.5629942487419123
36155,0.8973690476190476,1,0,1,600747,4863,101692,6264,0.04504612990477602,0.5629549743866271
36156,0.8973809523809523,1,1,1,600748,4862,101693,6263,0.045036866871688466,0.5629662921348315
36157,0.8974999999999999,0,2,0,600750,4860,101693,6263,0.045018340805513354,0.5630675177560011
36158,0.8975,20,31,20,600781,4829,101713,6243,0.044731186779799176,0.5638547687861272
36159,0.8975000000000002,2,1,2,600782,4828,101715,6241,0.04472192374671162,0.5638269039660313
36160,0.897547619047619,1,1,1,600783,4827,101716,6240,0.04471266071362407,0.5638384386012469
36161,0.8976666666666666,4,1,4,600784,4826,101720,6236,0.044703397680536515,0.5637316940878684
36162,0.8977402597402596,0,2,0,600786,4824,101720,6236,0.0446848716143614,0.5638336347197107
36163,0.8977777777777777,0,1,0,600787,4823,101720,6236,0.044675608581273854,0.563884618862465
36164,0.8977857142857141,1,0,1,600787,4823,101721,6235,0.044675608581273854,0.5638451799602098
36165,0.8978333333333333,1,0,1,600787,4823,101722,6234,0.044675608581273854,0.563805733924211
36166,0.8979761904761905,0,1,0,600788,4822,101722,6234,0.0446663455481863,0.5638567293777135
36167,0.898,8,14,8,600802,4808,101730,6226,0.04453666308496054,0.5642559361972086
36168,0.8980000000000001,0,2,0,600804,4806,101730,6226,0.04451813701878543,0.5643582306018854
36169,0.898047619047619,1,0,1,600804,4806,101731,6225,0.04451813701878543,0.5643187381017134
36170,0.8981666666666667,0,1,0,600805,4805,101731,6225,0.044508873985697875,0.5643699002719855
36171,0.8982261904761905,1,0,1,600805,4805,101732,6224,0.044508873985697875,0.5643304016683289
36172,0.8982857142857142,0,2,0,600807,4803,101732,6224,0.04449034791952277,0.5644327559626372
36173,0.8983095238095237,0,1,0,600808,4802,101732,6224,0.044481084886435214,0.5644839470342826
36174,0.8983333333333333,9,13,9,600821,4789,101741,6215,0.04436066545629701,0.5647946201381316
36175,0.8983333333333334,9,9,9,600830,4780,101750,6206,0.044277298158509025,0.5649007828144912
36176,0.8984166666666666,0,1,0,600831,4779,101750,6206,0.04426803512542147,0.5649522075557578
36177,0.8984325396825398,0,1,0,600832,4778,101750,6206,0.04425877209233391,0.5650036416605972
36178,0.8985,4,2,4,600834,4776,101754,6202,0.04424024602615881,0.56494807797413
36179,0.8985000000000001,0,1,0,600835,4775,101754,6202,0.04423098299307125,0.5649995445021408
36180,0.8985714285714286,0,2,0,600837,4773,101754,6202,0.04421245692689614,0.5651025056947608
36181,0.8985746753246753,0,3,0,600840,4770,101754,6202,0.04418466782763348,0.5652570178636529
36182,0.8985833333333335,0,1,0,600841,4769,101754,6202,0.044175404794545924,0.5653085406982044
36183,0.8985952380952381,1,0,1,600841,4769,101755,6201,0.044175404794545924,0.5652689152233363
36184,0.8986031746031743,0,1,0,600842,4768,101755,6201,0.044166141761458375,0.5653204485367855
36185,0.8986190476190477,0,1,0,600843,4767,101755,6201,0.04415687872837082,0.5653719912472648
36186,0.8986309523809524,1,0,1,600843,4767,101756,6200,0.04415687872837082,0.5653323607185192
36187,0.8986666666666666,1,0,1,600843,4767,101757,6199,0.04415687872837082,0.5652927229618822
36188,0.8986904761904762,0,1,0,600844,4766,101757,6199,0.04414761569528326,0.5653442772457821
36189,0.8987499999999998,0,1,0,600845,4765,101757,6199,0.04413835266219571,0.5653958409339657
36190,0.8988333333333333,1,0,1,600845,4765,101758,6198,0.04413835266219571,0.5653561981209523
36191,0.8988333333333334,0,1,0,600846,4764,101758,6198,0.04412908962910816,0.565407772304324
36192,0.8988690476190476,0,1,0,600847,4763,101758,6198,0.0441198265960206,0.5654593558981845
36193,0.8989999999999998,0,3,0,600850,4760,101758,6198,0.04409203749675794,0.5656141631684614
36194,0.8989999999999999,0,1,0,600851,4759,101758,6198,0.044082774463670385,0.5656657844300447
36195,0.899,2,3,2,600854,4756,101760,6196,0.044054985364407724,0.5657414170927685
36196,0.8990000000000002,0,1,0,600855,4755,101760,6196,0.04404572233132017,0.5657930782576933
36197,0.899047619047619,1,1,1,600856,4754,101761,6195,0.04403645929823261,0.5658050963558315
36198,0.8990476190476191,1,0,1,600856,4754,101762,6194,0.04403645929823261,0.5657654366094264
36199,0.8990714285714284,0,1,0,600857,4753,101762,6194,0.044027196265145056,0.5658171188453458
36200,0.8991666666666666,2,2,2,600859,4751,101764,6192,0.04400867019896995,0.5658411770081331
36201,0.8991666666666667,0,7,0,600866,4744,101764,6192,0.043943828967357074,0.5662033650329188
36202,0.8993214285714286,0,1,0,600867,4743,101764,6192,0.04393456593426952,0.5662551440329218
36203,0.8993333333333332,1,0,1,600867,4743,101765,6191,0.04393456593426952,0.5662154746661789
36204,0.8993333333333333,0,1,0,600868,4742,101765,6191,0.04392530290118196,0.5662672642458612
36205,0.8993809523809524,0,1,0,600869,4741,101765,6191,0.043916039868094406,0.5663190633004025
36206,0.8994761904761905,1,0,1,600869,4741,101766,6190,0.043916039868094406,0.5662793888939712
36207,0.8994999999999999,0,1,0,600870,4740,101766,6190,0.04390677683500686,0.5663311985361391
36208,0.8995000000000001,3,0,3,600870,4740,101769,6187,0.04390677683500686,0.5662121350782465
36209,0.8995454545454545,0,1,0,600871,4739,101769,6187,0.0438975138019193,0.5662639575324913
36210,0.8996428571428571,1,0,1,600871,4739,101770,6186,0.0438975138019193,0.5662242562929062
36211,0.8996428571428572,0,1,0,600872,4738,101770,6186,0.043888250768831745,0.5662760893445624
36212,0.8996666666666668,0,2,0,600874,4736,101770,6186,0.04386972470265664,0.5663797839223585
36213,0.8997222222222223,1,0,1,600874,4736,101771,6185,0.04386972470265664,0.5663400787473675
36214,0.8997380952380952,0,1,0,600875,4735,101771,6185,0.043860461669569084,0.5663919413919414
36215,0.8998333333333332,0,1,0,600876,4734,101771,6185,0.04385119863648153,0.5664438135360381
36216,0.8998373015873016,2,2,2,600878,4732,101773,6183,0.04383267257030642,0.5664681630783326
36217,0.8998521478521476,1,1,1,600879,4731,101774,6182,0.04382340953721887,0.5664803445432054
36218,0.8998690476190475,1,1,1,600880,4730,101775,6181,0.04381414650413131,0.5664925304738337
36219,0.8999999999999999,1,4,1,600884,4726,101776,6180,0.043777094371781095,0.5666605538235834
36220,0.9,599,467,599,601351,4259,102375,5581,0.03945125791989329,0.5671747967479674
36221,0.9000000000000001,0,2,0,601353,4257,102375,5581,0.03943273185371818,0.5672900996137427
36222,0.9001309523809523,0,1,0,601354,4256,102375,5581,0.03942346882063063,0.567347768628647
36223,0.9001666666666667,1,2,1,601356,4254,102376,5580,0.03940494275445552,0.5674191580231849
36224,0.9002222222222223,0,1,0,601357,4253,102376,5580,0.03939567972136796,0.5674768636224957
36225,0.9002380952380952,0,1,0,601358,4252,102376,5580,0.03938641668828041,0.5675345809601302
36226,0.9002619047619046,0,1,0,601359,4251,102376,5580,0.039377153655192856,0.5675923100396705
36227,0.9002857142857144,1,0,1,601359,4251,102377,5579,0.039377153655192856,0.5675483214649033
36228,0.9004761904761905,0,1,0,601360,4250,102377,5579,0.0393678906221053,0.5676060636890833
36229,0.9005,1,2,1,601362,4248,102378,5578,0.039349364555930195,0.5676775900671688
36230,0.9005000000000001,0,1,0,601363,4247,102378,5578,0.03934010152284264,0.567735368956743
36231,0.9005595238095239,0,1,0,601364,4246,102378,5578,0.039330838489755084,0.5677931596091205
36232,0.9006666666666665,1,1,1,601365,4245,102379,5577,0.039321575456667535,0.5678069639584606
36233,0.9006666666666666,3,1,3,601366,4244,102382,5574,0.03931231242357998,0.5677327357914036
36234,0.9006666666666667,1,1,1,601367,4243,102383,5573,0.03930304939049242,0.5677465362673186
36235,0.9006904761904759,0,1,0,601368,4242,102383,5573,0.03929378635740487,0.5678043810494141
36236,0.9007142857142857,1,0,1,601368,4242,102384,5572,0.03929378635740487,0.5677603423680456
36237,0.9007380952380952,0,1,0,601369,4241,102384,5572,0.03928452332431732,0.5678182003464791
36238,0.9008214285714286,1,0,1,601369,4241,102385,5571,0.03928452332431732,0.567774154097024
36239,0.9008333333333332,2,2,2,601371,4239,102387,5569,0.039265997258142206,0.5678017944535073
36240,0.9008333333333334,2,0,2,601371,4239,102389,5567,0.039265997258142206,0.567713644707322
36241,0.9009523809523812,0,1,0,601372,4238,102389,5567,0.03925673422505465,0.5677715451300357
36242,0.901,2,3,2,601375,4235,102391,5565,0.03922894512579199,0.5678571428571428
36243,0.901047619047619,0,2,0,601377,4233,102391,5565,0.039210419059616884,0.5679730557256583
36244,0.9010714285714286,0,2,0,601379,4231,102391,5565,0.03919189299344177,0.5680890159248673
36245,0.9011111111111112,1,0,1,601379,4231,102392,5564,0.03919189299344177,0.568044920877999
36246,0.9011428571428572,0,1,0,601380,4230,102392,5564,0.039182629960354216,0.568102920155197
36247,0.9012380952380952,1,0,1,601380,4230,102393,5563,0.039182629960354216,0.5680588175227204
36248,0.901248917748918,0,1,0,601381,4229,102393,5563,0.03917336692726667,0.5681168300653595
36249,0.901309523809524,1,0,1,601381,4229,102394,5562,0.03917336692726667,0.5680727198447554
36250,0.9013333333333334,1,0,1,601381,4229,102395,5561,0.03917336692726667,0.5680286006128703
36251,0.9014285714285714,1,0,1,601381,4229,102396,5560,0.03917336692726667,0.5679844723669425
36252,0.9014523809523808,1,0,1,601381,4229,102397,5559,0.03917336692726667,0.5679403351042093
36253,0.9015,0,2,0,601383,4227,102397,5559,0.039154840861091555,0.5680564071122011
36254,0.9016666666666666,9,6,9,601389,4221,102406,5550,0.039099262662566234,0.5680073687442432
36255,0.9016666666666668,1,12,1,601401,4209,102407,5549,0.03898810626551558,0.5686616109858578
36256,0.901833333333333,1,0,1,601401,4209,102408,5548,0.03898810626551558,0.5686174028902327
36257,0.9018333333333334,1,1,1,601402,4208,102409,5547,0.03897884323242803,0.568631471040492
36258,0.901904761904762,1,0,1,601402,4208,102410,5546,0.03897884323242803,0.5685872462579454
36259,0.9019444444444444,0,2,0,601404,4206,102410,5546,0.038960317166252915,0.5687038556193601
36260,0.901948717948718,0,1,0,601405,4205,102410,5546,0.038951054133165366,0.5687621782381295
36261,0.9019920634920636,1,0,1,601405,4205,102411,5545,0.038951054133165366,0.5687179487179487
36262,0.902,7,2,7,601407,4203,102418,5538,0.038932528066990255,0.5685247921157992
36263,0.9021111111111108,0,2,0,601409,4201,102418,5538,0.03891400200081515,0.5686415443063969
36264,0.9021190476190476,2,0,2,601409,4201,102420,5536,0.03891400200081515,0.5685529423847181
36265,0.9021428571428572,2,2,2,601411,4199,102422,5534,0.03889547593464004,0.5685811157916367
36266,0.9021666666666668,1,2,1,601413,4197,102423,5533,0.03887694986846493,0.5686536485097636
36267,0.9022380952380954,1,0,1,601413,4197,102424,5532,0.03887694986846493,0.568609312365094
36268,0.90225,1,0,1,601413,4197,102425,5531,0.03887694986846493,0.5685649671052632
36269,0.9022825646575644,4,0,4,601413,4197,102429,5527,0.03887694986846493,0.568387494858083
36270,0.9023333333333332,1,2,1,601415,4195,102430,5526,0.03885842380228982,0.5684600349758255
36271,0.9023809523809524,0,1,0,601416,4194,102430,5526,0.038849160769202265,0.5685185185185185
36272,0.9023846153846152,0,1,0,601417,4193,102430,5526,0.038839897736114716,0.5685770140961004
36273,0.9024166666666666,1,0,1,601417,4193,102431,5525,0.038839897736114716,0.5685326198806339
36274,0.9024523809523808,1,0,1,601417,4193,102432,5524,0.038839897736114716,0.5684882165277348
36275,0.9025,21,21,21,601438,4172,102453,5503,0.038645374041276076,0.5687855297157622
36276,0.9025476190476188,0,1,0,601439,4171,102453,5503,0.03863611100818852,0.5688443249948315
36277,0.9025833333333334,1,0,1,601439,4171,102454,5502,0.03863611100818852,0.568799751886695
36278,0.9026666666666664,0,1,0,601440,4170,102454,5502,0.038626847975100964,0.5688585607940446
36279,0.9026973304473304,1,0,1,601440,4170,102455,5501,0.038626847975100964,0.5688139799400269
36280,0.9028333333333332,2,1,2,601441,4169,102457,5499,0.038617584942013415,0.5687836160529582
36281,0.9028571428571428,0,1,0,601442,4168,102457,5499,0.03860832190892586,0.5688424537084928
36282,0.9029761904761904,0,2,0,601444,4166,102457,5499,0.03858979584275075,0.5689601655457838
36283,0.903,4,3,4,601447,4163,102461,5495,0.038562006743488086,0.5689583764754608
36284,0.9030238095238096,0,1,0,601448,4162,102461,5495,0.03855274371040053,0.5690172931552242
36285,0.903095238095238,0,1,0,601449,4161,102461,5495,0.03854348067731298,0.569076222038111
36286,0.9031190476190476,0,1,0,601450,4160,102461,5495,0.038534217644225426,0.569135163127913
36287,0.9031244588744588,1,1,1,601451,4159,102462,5494,0.03852495461113787,0.56914948720605
36288,0.903142857142857,0,1,0,601452,4158,102462,5494,0.038515691578050314,0.5692084542063821
36289,0.9031666666666668,1,3,1,601455,4155,102463,5493,0.03848790247878765,0.5693407960199005
36290,0.9032738095238096,1,0,1,601455,4155,102464,5492,0.03848790247878765,0.5692961542448429
36291,0.9033333333333332,22,25,22,601480,4130,102486,5470,0.0382563266515988,0.5697916666666667
36292,0.9033333333333334,22,19,22,601499,4111,102508,5448,0.03808032902293527,0.5699340935244273
36293,0.90345202020202,1,0,1,601499,4111,102509,5447,0.03808032902293527,0.5698890981376857
36294,0.903468253968254,0,1,0,601500,4110,102509,5447,0.03807106598984772,0.5699487286805482
36295,0.9035,2,2,2,601502,4108,102511,5445,0.03805253992367261,0.5699780173767403
36296,0.9035021645021644,0,1,0,601503,4107,102511,5445,0.03804327689058505,0.570037688442211
36297,0.9035714285714286,1,0,1,601503,4107,102512,5444,0.03804327689058505,0.5699926709245106
36298,0.9036666666666668,0,1,0,601504,4106,102512,5444,0.0380340138574975,0.5700523560209424
36299,0.90375,1,0,1,601504,4106,102513,5443,0.0380340138574975,0.5700073306105351
36300,0.9038095238095238,1,0,1,601504,4106,102514,5442,0.0380340138574975,0.5699622957687474
36301,0.9038333333333332,2,0,2,601504,4106,102516,5440,0.0380340138574975,0.5698721977791745
36302,0.904,3,7,3,601511,4099,102519,5437,0.03796917262588462,0.5701552013422819
36303,0.9040357142857144,0,1,0,601512,4098,102519,5437,0.03795990959279707,0.5702149973780808
36304,0.9040476190476192,2,1,2,601513,4097,102521,5435,0.03795064655970951,0.5701846412085606
36305,0.9041666666666666,3,2,3,601515,4095,102524,5432,0.0379321204935344,0.5701689933872153
36306,0.9041666666666668,3,1,3,601516,4094,102527,5429,0.03792285746044685,0.5700934579439252
36307,0.9042857142857144,1,1,1,601517,4093,102528,5428,0.037913594427359296,0.5701081819136645
36308,0.9043095238095238,0,2,0,601519,4091,102528,5428,0.037895068361184184,0.5702279651223868
36309,0.9043333333333332,0,10,0,601529,4081,102528,5428,0.037802438030308645,0.5708276369754969
36310,0.9043809523809526,0,1,0,601530,4080,102528,5428,0.03779317499722109,0.5708876735380732
36311,0.9045,0,3,0,601533,4077,102528,5428,0.03776538589795843,0.5710678590215676
36312,0.9045833333333332,1,0,1,601533,4077,102529,5427,0.03776538589795843,0.5710227272727273
36313,0.9046666666666668,1,0,1,601533,4077,102530,5426,0.03776538589795843,0.5709775860254657
36314,0.9047207792207792,1,1,1,601534,4076,102531,5425,0.03775612286487087,0.5709925271024102
36315,0.904784632034632,1,0,1,601534,4076,102532,5424,0.03775612286487087,0.5709473684210526
36316,0.9048333333333332,1,1,1,601535,4075,102533,5423,0.037746859831783316,0.5709623078542851
36317,0.9048333333333334,0,1,0,601536,4074,102533,5423,0.03773759679869577,0.5710224281352005
36318,0.9048809523809525,0,1,0,601537,4073,102533,5423,0.03772833376560821,0.5710825610783488
36319,0.9049999999999998,0,2,0,601539,4071,102533,5423,0.0377098076994331,0.5712028649673478
36320,0.905,95,85,95,601624,3986,102628,5328,0.036922449886991,0.5720420871805884
36321,0.9050952380952382,0,1,0,601625,3985,102628,5328,0.03691318685390344,0.572103511220874
36322,0.9051666666666666,1,0,1,601625,3985,102629,5327,0.03691318685390344,0.572057560137457
36323,0.9051666666666668,0,2,0,601627,3983,102629,5327,0.03689466078772834,0.5721804511278196
36324,0.9052857142857142,0,2,0,601629,3981,102629,5327,0.036876134721553225,0.5723033949290932
36325,0.9053333333333332,0,1,0,601630,3980,102629,5327,0.03686687168846567,0.5723648866444612
36326,0.9053333333333334,0,1,0,601631,3979,102629,5327,0.03685760865537812,0.5724263915753277
36327,0.9055,2,4,2,601635,3975,102631,5325,0.0368205565230279,0.5725806451612904
36328,0.905547619047619,1,0,1,601635,3975,102632,5324,0.0368205565230279,0.5725346811485106
36329,0.9055714285714288,2,2,2,601637,3973,102634,5322,0.03680203045685279,0.5725658956428187
36330,0.9056666666666666,1,1,1,601638,3972,102635,5321,0.036792767423765235,0.5725815129667492
36331,0.9056666666666668,2,1,2,601639,3971,102637,5319,0.036783504390677686,0.5725511302475781
36332,0.9057142857142856,0,1,0,601640,3970,102637,5319,0.03677424135759013,0.5726127677898589
36333,0.9058253968253968,1,0,1,601640,3970,102638,5318,0.03677424135759013,0.5725667527993109
36334,0.9058333333333332,0,2,0,601642,3968,102638,5318,0.03675571529141502,0.5726900710747361
36335,0.9058333333333334,0,5,0,601647,3963,102638,5318,0.03670940012597725,0.5729985992888698
36336,0.9058571428571428,0,1,0,601648,3962,102638,5318,0.0367001370928897,0.5730603448275862
36337,0.906,6,9,6,601657,3953,102644,5312,0.03661676979510171,0.5733405288720993
36338,0.9060238095238096,0,2,0,601659,3951,102644,5312,0.0365982437289266,0.5734643204145525
36339,0.9060476190476188,0,1,0,601660,3950,102644,5312,0.036588980695839046,0.5735262362340747
36340,0.9062142857142856,0,1,0,601661,3949,102644,5312,0.03657971766275149,0.5735881654249001
36341,0.906214285714286,0,1,0,601662,3948,102644,5312,0.036570454629663934,0.5736501079913607
36342,0.906222222222222,0,3,0,601665,3945,102644,5312,0.03654266553040127,0.573836015987901
36343,0.90625,0,1,0,601666,3944,102644,5312,0.03653340249731372,0.5738980121002593
36344,0.9062698412698414,1,0,1,601666,3944,102645,5311,0.03653340249731372,0.5738519719070773
36345,0.9062857142857144,0,1,0,601667,3943,102645,5311,0.03652413946422617,0.5739139831424249
36346,0.9063333333333332,1,1,1,601668,3942,102646,5310,0.03651487643113861,0.5739299610894941
36347,0.9063333333333334,0,1,0,601669,3941,102646,5310,0.03650561339805106,0.5739920008647714
36348,0.9064166666666664,0,1,0,601670,3940,102646,5310,0.0364963503649635,0.5740540540540541
36349,0.9065,1,3,1,601673,3937,102647,5309,0.03646856126570084,0.5741942461605019
36350,0.9065714285714284,1,1,1,601674,3936,102648,5308,0.036459298232613284,0.5742102985720468
36351,0.9066190476190475,1,0,1,601674,3936,102649,5307,0.036459298232613284,0.5741642323920805
36352,0.9066666666666666,29,21,29,601695,3915,102678,5278,0.03626477453777465,0.5741324921135647
36353,0.9066666666666668,15,22,15,601717,3893,102693,5263,0.036060987809848455,0.5748143294014854
36354,0.9067142857142856,2,0,2,601717,3893,102695,5261,0.036060987809848455,0.5747214332532227
36355,0.9067380952380952,1,0,1,601717,3893,102696,5260,0.036060987809848455,0.574674969955206
36356,0.90675,0,1,0,601718,3892,102696,5260,0.036051724776760906,0.5747377622377622
36357,0.9068333333333334,0,4,0,601722,3888,102696,5260,0.03601467264441069,0.574989068648885
36358,0.9068333333333336,1,2,1,601724,3886,102697,5259,0.03599614657823558,0.5750683433570257
36359,0.907,1,1,1,601725,3885,102698,5258,0.03598688354514802,0.5750847643005578
36360,0.9071190476190476,0,1,0,601726,3884,102698,5258,0.03597762051206047,0.5751476700940713
36361,0.9071309523809524,1,2,1,601728,3882,102699,5257,0.03595909444588536,0.5752270489112594
36362,0.907142857142857,2,1,2,601729,3881,102701,5255,0.035949831412797804,0.5751970227670753
36363,0.9071428571428573,0,1,0,601730,3880,102701,5255,0.035940568379710255,0.5752599890530925
36364,0.9071666666666668,1,5,1,601735,3875,102702,5254,0.03589425321427248,0.5755285354365209
36365,0.9073333333333332,4,3,4,601738,3872,102706,5250,0.03586646411500982,0.5755316816487612
36366,0.9073333333333334,1,2,1,601740,3870,102707,5249,0.03584793804883471,0.575611360894835
36367,0.9073571428571428,2,0,2,601740,3870,102709,5247,0.03584793804883471,0.5755182625863771
36368,0.9075,27,15,27,601755,3855,102736,5220,0.0357089925525214,0.5752066115702479
36369,0.9075000000000002,1,2,1,601757,3853,102737,5219,0.03569046648634629,0.5752865961199295
36370,0.907547619047619,1,0,1,601757,3853,102738,5218,0.03569046648634629,0.5752397751074854
36371,0.9075833333333332,0,1,0,601758,3852,102738,5218,0.03568120345325874,0.575303197353914
36372,0.9076190476190475,1,0,1,601758,3852,102739,5217,0.03568120345325874,0.5752563678465101
36373,0.9076666666666666,1,2,1,601760,3850,102740,5216,0.035662677387083626,0.5753364217957203
36374,0.9078095238095238,0,1,0,601761,3849,102740,5216,0.03565341435399607,0.575399889685604
36375,0.9078333333333336,0,1,0,601762,3848,102740,5216,0.03564415132090852,0.5754633715798765
36376,0.9078571428571428,0,2,0,601764,3846,102740,5216,0.03562562525473341,0.5755903774001324
36377,0.9078690476190474,0,1,0,601765,3845,102740,5216,0.03561636222164585,0.5756539013353934
36378,0.907904761904762,2,1,2,601766,3844,102742,5214,0.035607099188558304,0.5756237580039744
36379,0.9079166666666666,1,2,1,601768,3842,102743,5213,0.03558857312238319,0.5757040309221425
36380,0.9079761904761904,0,1,0,601769,3841,102743,5213,0.035579310089295636,0.5757676165230837
36381,0.908,9,4,9,601773,3837,102752,5204,0.03554225795694542,0.5756000442428935
36382,0.9080079365079364,0,2,0,601775,3835,102752,5204,0.035523731890770315,0.5757274034738356
36383,0.9080198412698413,0,2,0,601777,3833,102752,5204,0.0355052058245952,0.5758548190771273
36384,0.9080476190476192,1,0,1,601777,3833,102753,5203,0.0355052058245952,0.5758078795927402
36385,0.9080555555555554,0,2,0,601779,3831,102753,5203,0.0354866797584201,0.5759353553243303
36386,0.9081031746031748,0,1,0,601780,3830,102753,5203,0.03547741672533254,0.5759991143584634
36387,0.908142857142857,0,1,0,601781,3829,102753,5203,0.035468153692244986,0.5760628875110717
36388,0.9081428571428573,1,0,1,601781,3829,102754,5202,0.035468153692244986,0.5760159450780644
36389,0.9081666666666668,0,1,0,601782,3828,102754,5202,0.03545889065915744,0.5760797342192691
36390,0.9083333333333332,8,4,8,601786,3824,102762,5194,0.03542183852680722,0.5759591927256598
36391,0.9083333333333334,11,9,11,601795,3815,102773,5183,0.03533847122901923,0.5760168926428095
36392,0.9083809523809524,0,1,0,601796,3814,102773,5183,0.035329208195931674,0.5760809158608425
36393,0.9085,0,3,0,601799,3811,102773,5183,0.035301419096669014,0.5762730709361796
36394,0.908531746031746,1,0,1,601799,3811,102774,5182,0.035301419096669014,0.576225953519404
36395,0.9085396825396824,1,0,1,601799,3811,102775,5181,0.035301419096669014,0.5761788256227758
36396,0.9085714285714286,1,1,1,601800,3810,102776,5180,0.03529215606358146,0.5761957730812013
36397,0.9085833333333332,0,1,0,601801,3809,102776,5180,0.0352828930304939,0.576259873178329
36398,0.9086031746031746,0,1,0,601802,3808,102776,5180,0.03527362999740635,0.5763239875389408
36399,0.908611111111111,0,1,0,601803,3807,102776,5180,0.0352643669643188,0.576388116167798
36400,0.9086190476190475,0,1,0,601804,3806,102776,5180,0.03525510393123124,0.5764522590696639
36401,0.9086666666666668,0,1,0,601805,3805,102776,5180,0.035245840898143685,0.5765164162493044
36402,0.9087698412698412,1,1,1,601806,3804,102777,5179,0.035236577865056136,0.5765334520761438
36403,0.9088095238095238,0,1,0,601807,3803,102777,5179,0.03522731483196858,0.5765976397238922
36404,0.9088333333333334,1,0,1,601807,3803,102778,5178,0.03522731483196858,0.5765504954904799
36405,0.9089007936507936,1,1,1,601808,3802,102779,5177,0.035218051798881024,0.5765675464973827
36406,0.909,2,4,2,601812,3798,102781,5175,0.03518099966653081,0.5767301905717152
36407,0.909022727272727,0,1,0,601813,3797,102781,5175,0.03517173663344325,0.5767944716897013
36408,0.909095238095238,0,1,0,601814,3796,102781,5175,0.0351624736003557,0.5768587671385575
36409,0.909121212121212,0,2,0,601816,3794,102781,5175,0.03514394753418059,0.5769874010480545
36410,0.9091666666666666,3,5,3,601821,3789,102784,5172,0.035097632368742825,0.5771677268162035
36411,0.9091666666666668,2,2,2,601823,3787,102786,5170,0.03507910630256771,0.5772021882326672
36412,0.90925,0,1,0,601824,3786,102786,5170,0.03506984326948016,0.5772666368914694
36413,0.9092857142857144,0,1,0,601825,3785,102786,5170,0.03506058023639261,0.5773310999441653
36414,0.9093095238095236,0,1,0,601826,3784,102786,5170,0.03505131720330505,0.5773955773955773
36415,0.9093095238095238,0,1,0,601827,3783,102786,5170,0.035042054170217496,0.5774600692505305
36416,0.9093333333333332,5,3,5,601830,3780,102791,5165,0.035014265070954835,0.5774175517048631
36417,0.9095,3,3,3,601833,3777,102794,5162,0.034986475971692174,0.5774695156057724
36418,0.9095833333333332,0,1,0,601834,3776,102794,5162,0.03497721293860462,0.5775341239650928
36419,0.9096190476190478,0,2,0,601836,3774,102794,5162,0.034958686872429506,0.5776633840644584
36420,0.9096428571428572,1,0,1,601836,3774,102795,5161,0.034958686872429506,0.5776161163961947
36421,0.9096666666666668,1,1,1,601837,3773,102796,5160,0.03494942383934196,0.5776334937870816
36422,0.9097857142857144,0,2,0,601839,3771,102796,5160,0.034930897773166845,0.5777628485052065
36423,0.9098333333333332,1,0,1,601839,3771,102797,5159,0.034930897773166845,0.5777155655095185
36424,0.9098333333333334,1,0,1,601839,3771,102798,5158,0.034930897773166845,0.5776682719229477
36425,0.9098809523809523,0,1,0,601840,3770,102798,5158,0.03492163474007929,0.5777329749103942
36426,0.9099761904761904,0,1,0,601841,3769,102798,5158,0.03491237170699174,0.5777976923938614
36427,0.9099999999999998,2,1,2,601842,3768,102800,5156,0.034903108673904185,0.5777678171223667
36428,0.91,584,410,584,602252,3358,103384,4572,0.031105265108006964,0.5765447667087011
36429,0.9101190476190476,0,1,0,602253,3357,103384,4572,0.031096002074919412,0.5766174801362088
36430,0.9101666666666668,0,1,0,602254,3356,103384,4572,0.031086739041831856,0.5766902119071645
36431,0.9102380952380952,1,0,1,602254,3356,103385,4571,0.031086739041831856,0.5766368108994575
36432,0.91025,0,1,0,602255,3355,103385,4571,0.031077476008744304,0.5767095634620237
36433,0.9102857142857144,1,0,1,602255,3355,103386,4570,0.031077476008744304,0.5766561514195584
36434,0.9103333333333332,0,1,0,602256,3354,103386,4570,0.031068212975656748,0.5767289247854619
36435,0.9103571428571428,1,1,1,602257,3353,103387,4569,0.031058949942569195,0.5767482958848775
36436,0.910361111111111,0,1,0,602258,3352,103387,4569,0.03104968690948164,0.5768211084459033
36437,0.9103794179676528,1,0,1,602258,3352,103388,4568,0.03104968690948164,0.5767676767676768
36438,0.9104761904761904,0,1,0,602259,3351,103388,4568,0.031040423876394087,0.5768405101654249
36439,0.910595238095238,0,2,0,602261,3349,103388,4568,0.03102189781021898,0.576986232158646
36440,0.9106666666666666,1,0,1,602261,3349,103389,4567,0.03102189781021898,0.5769327943405761
36441,0.9106666666666668,0,1,0,602262,3348,103389,4567,0.031012634777131422,0.5770056854074542
36442,0.9107142857142856,0,2,0,602264,3346,103389,4567,0.030994108710956314,0.5771515228105649
36443,0.910729437229437,1,0,1,602264,3346,103390,4566,0.030994108710956314,0.5770980788675429
36444,0.9107380952380952,0,1,0,602265,3345,103390,4566,0.03098484567786876,0.5771710276829731
36445,0.9108333333333332,0,1,0,602266,3344,103390,4566,0.030975582644781206,0.57724399494311
36446,0.9108333333333334,1,2,1,602268,3342,103391,4565,0.030957056578606097,0.5773365372454787
36447,0.911,3,2,3,602270,3340,103394,4562,0.03093853051243099,0.5773221969121741
36448,0.9111666666666666,1,0,1,602270,3340,103395,4561,0.03093853051243099,0.5772687001645361
36449,0.9111666666666668,0,3,0,602273,3337,103395,4561,0.030910741413168328,0.5774879716383895
36450,0.9111904761904762,1,0,1,602273,3337,103396,4560,0.030910741413168328,0.5774344687856148
36451,0.9112380952380952,1,0,1,602273,3337,103397,4559,0.030910741413168328,0.5773809523809523
36452,0.9112857142857144,0,1,0,602274,3336,103397,4559,0.030901478380080772,0.5774540848638379
36453,0.9113253968253966,1,0,1,602274,3336,103398,4558,0.030901478380080772,0.577400557385356
36454,0.9113293650793652,1,0,1,602274,3336,103399,4557,0.030901478380080772,0.5773470163435956
36455,0.9113333333333332,1,1,1,602275,3335,103400,4556,0.03089221534699322,0.5773666202002281
36456,0.9113333333333334,0,1,0,602276,3334,103400,4556,0.030882952313905664,0.5774397972116603
36457,0.9113928571428568,1,1,1,602277,3333,103401,4555,0.03087368928081811,0.5774594320486816
36458,0.911401515151515,0,1,0,602278,3332,103401,4555,0.030864426247730555,0.5775326486623558
36459,0.9114285714285714,1,0,1,602278,3332,103402,4554,0.030864426247730555,0.5774790768450418
36460,0.9114285714285716,0,1,0,602279,3331,103402,4554,0.030855163214643003,0.5775523145212429
36461,0.9115,1,2,1,602281,3329,103403,4553,0.030836637148467894,0.5776452676985536
36462,0.9115476190476192,1,0,1,602281,3329,103404,4552,0.030836637148467894,0.5775916761832255
36463,0.9116111111111108,0,1,0,602282,3328,103404,4552,0.030827374115380342,0.5776649746192893
36464,0.9116428571428572,0,1,0,602283,3327,103404,4552,0.030818111082292786,0.5777382916613784
36465,0.9116666666666666,5,12,5,602295,3315,103409,4547,0.030706954685242135,0.5783515644874078
36466,0.9116666666666668,6,8,6,602303,3307,103415,4541,0.030632850420541702,0.57861875637105
36467,0.9116764069264068,0,1,0,602304,3306,103415,4541,0.03062358738745415,0.5786924939467313
36468,0.9117857142857144,0,1,0,602305,3305,103415,4541,0.030614324354366593,0.5787662503186337
36469,0.9118333333333334,0,1,0,602306,3304,103415,4541,0.03060506132127904,0.5788400254939452
36470,0.9119166666666668,0,1,0,602307,3303,103415,4541,0.030595798288191485,0.5789138194798572
36471,0.912,2,4,2,602311,3299,103417,4539,0.030558746155841268,0.5791018116866548
36472,0.9121666666666666,0,2,0,602313,3297,103417,4539,0.03054022008966616,0.5792496171516079
36473,0.9121666666666668,0,1,0,602314,3296,103417,4539,0.030530957056578607,0.579323548181238
36474,0.9123095238095238,0,1,0,602315,3295,103417,4539,0.03052169402349105,0.5793974980852693
36475,0.912330808080808,1,0,1,602315,3295,103418,4538,0.03052169402349105,0.5793438018639091
36476,0.9123333333333332,0,1,0,602316,3294,103418,4538,0.0305124309904035,0.5794177732379979
36477,0.9124404761904762,2,1,2,602317,3293,103420,4536,0.030503167957315943,0.5793843402733427
36478,0.9124761904761906,1,0,1,602317,3293,103421,4535,0.030503167957315943,0.579330608073582
36479,0.9125,19,7,19,602324,3286,103440,4516,0.030438326725703065,0.5788259420661369
36480,0.9126132756132757,1,0,1,602324,3286,103441,4515,0.030438326725703065,0.578771952313806
36481,0.9126666666666664,1,0,1,602324,3286,103442,4514,0.030438326725703065,0.5787179487179487
36482,0.9126666666666666,0,3,0,602327,3283,103442,4514,0.0304105376264404,0.578940618186482
36483,0.9126904761904762,0,1,0,602328,3282,103442,4514,0.03040127459335285,0.5790148794253464
36484,0.9128333333333332,0,2,0,602330,3280,103442,4514,0.03038274852717774,0.5791634590710804
36485,0.9128571428571428,0,1,0,602331,3279,103442,4514,0.030373485494090184,0.5792377774926216
36486,0.913,3,2,3,602333,3277,103445,4511,0.030354959427915076,0.5792244478685157
36487,0.913095238095238,0,2,0,602335,3275,103445,4511,0.030336433361739967,0.5793732340097612
36488,0.9131190476190476,1,0,1,602335,3275,103446,4510,0.030336433361739967,0.5793192035966602
36489,0.9131666666666668,1,2,1,602337,3273,103447,4509,0.03031790729556486,0.579414032382421
36490,0.9131904761904762,1,0,1,602337,3273,103448,4508,0.03031790729556486,0.5793599794370904
36491,0.9133333333333332,18,18,18,602355,3255,103466,4490,0.030151172699988883,0.579728857327308
36492,0.9133333333333334,12,11,12,602366,3244,103478,4478,0.03004927933602579,0.5799015799015799
36493,0.9134166666666668,0,1,0,602367,3243,103478,4478,0.030040016302938233,0.5799766869576479
36494,0.9134440836940836,0,3,0,602370,3240,103478,4478,0.030012227203675572,0.5802021249028245
36495,0.9134523809523812,0,1,0,602371,3239,103478,4478,0.030002964170588016,0.5802773098354282
36496,0.9135714285714286,1,1,1,602372,3238,103479,4477,0.029993701137500463,0.580298120544394
36497,0.913607142857143,2,1,2,602373,3237,103481,4475,0.029984438104412908,0.5802645228215768
36498,0.9136666666666668,2,2,2,602375,3235,103483,4473,0.0299659120382378,0.5803061754021795
36499,0.9137142857142856,1,1,1,602376,3234,103484,4472,0.029956649005150247,0.5803270179081236
36500,0.9137380952380952,1,0,1,602376,3234,103485,4471,0.029956649005150247,0.5802725502920182
36501,0.91375,0,1,0,602377,3233,103485,4471,0.02994738597206269,0.5803478712357217
36502,0.9138333333333332,0,1,0,602378,3232,103485,4471,0.029938122938975138,0.5804232117356874
36503,0.9138333333333334,0,1,0,602379,3231,103485,4471,0.029928859905887582,0.5804985717995326
36504,0.9138452380952384,0,1,0,602380,3230,103485,4471,0.02991959687280003,0.5805739514348786
36505,0.9138492063492064,0,1,0,602381,3229,103485,4471,0.029910333839712474,0.5806493506493506
36506,0.914,10,9,10,602390,3220,103495,4461,0.029826966541924488,0.58078375211561
36507,0.914047619047619,1,0,1,602390,3220,103496,4460,0.029826966541924488,0.5807291666666666
36508,0.9141666666666666,3,1,3,602391,3219,103499,4457,0.029817703508836932,0.5806409588327254
36509,0.9141666666666668,4,2,4,602393,3217,103503,4453,0.029799177442661823,0.5805736636245111
36510,0.9142857142857144,0,2,0,602395,3215,103503,4453,0.02978065137648672,0.5807250912884716
36511,0.9143333333333332,0,3,0,602398,3212,103503,4453,0.029752862277224054,0.580952380952381
36512,0.9145,1,4,1,602402,3208,103504,4452,0.029715810144873837,0.581201044386423
36513,0.914547619047619,0,2,0,602404,3206,103504,4452,0.02969728407869873,0.5813528336380256
36514,0.9146666666666668,0,2,0,602406,3204,103504,4452,0.02967875801252362,0.5815047021943573
36515,0.9147222222222224,1,0,1,602406,3204,103505,4451,0.02967875801252362,0.5814500326583932
36516,0.9147380952380952,0,3,0,602409,3201,103505,4451,0.02965096891326096,0.5816779926816519
36517,0.9148333333333332,0,2,0,602411,3199,103505,4451,0.02963244284708585,0.5818300653594771
36518,0.9148333333333336,1,0,1,602411,3199,103506,4450,0.02963244284708585,0.5817753954765329
36519,0.9149166666666666,1,0,1,602411,3199,103507,4449,0.02963244284708585,0.5817207112970711
36520,0.9149999999999998,1,3,1,602414,3196,103508,4448,0.029604653747823187,0.5818942961800104
36521,0.915,68,75,68,602489,3121,103576,4380,0.028909926266256623,0.5839221437141714
36522,0.9150238095238096,1,0,1,602489,3121,103577,4379,0.028909926266256623,0.5838666666666666
36523,0.9150858585858586,0,1,0,602490,3120,103577,4379,0.028900663233169067,0.5839445259367916
36524,0.9151666666666668,3,0,3,602490,3120,103580,4376,0.028900663233169067,0.583778014941302
36525,0.915198412698413,0,2,0,602492,3118,103580,4376,0.02888213716699396,0.5839338137176407
36526,0.9152857142857144,0,1,0,602493,3117,103580,4376,0.028872874133906407,0.5840117442946751
36527,0.9153333333333332,0,2,0,602495,3115,103580,4376,0.028854348067731298,0.5841676678681084
36528,0.9154285714285716,2,0,2,602495,3115,103582,4374,0.028854348067731298,0.584056616370677
36529,0.9155,2,5,2,602500,3110,103584,4372,0.028808032902293525,0.5843357391071906
36530,0.9155833333333332,0,1,0,602501,3109,103584,4372,0.028798769869205973,0.5844138484159872
36531,0.9156666666666669,1,0,1,602501,3109,103585,4371,0.028798769869205973,0.5843582887700535
36532,0.9157142857142856,0,1,0,602502,3108,103585,4371,0.028789506836118417,0.5844364219815483
36533,0.9157857142857142,0,1,0,602503,3107,103585,4371,0.028780243803030865,0.5845145760898636
36534,0.9158333333333332,3,4,3,602507,3103,103588,4368,0.028743191670680648,0.5846606879935752
36535,0.9158333333333334,7,2,7,602509,3101,103595,4361,0.02872466560450554,0.5844277673545967
36536,0.9158928571428572,0,2,0,602511,3099,103595,4361,0.02870613953833043,0.5845844504021448
36537,0.9159166666666664,0,1,0,602512,3098,103595,4361,0.02869687650524288,0.5846628234347768
36538,0.916,6,7,6,602519,3091,103601,4355,0.028632035273629997,0.5848777867311308
36539,0.916047619047619,1,0,1,602519,3091,103602,4354,0.028632035273629997,0.5848220282068503
36540,0.9160476190476192,0,1,0,602520,3090,103602,4354,0.028622772240542445,0.5849005910800645
36541,0.9161190476190476,0,2,0,602522,3088,103602,4354,0.028604246174367336,0.5850577801666219
36542,0.9161666666666666,0,2,0,602524,3086,103602,4354,0.028585720108192228,0.5852150537634409
36543,0.9161666666666668,0,2,0,602526,3084,103602,4354,0.02856719404201712,0.5853724119386932
36544,0.9162023809523808,0,3,0,602529,3081,103602,4354,0.028539404942754455,0.5856086079354405
36545,0.9162697792403676,0,1,0,602530,3080,103602,4354,0.028530141909666903,0.5856873822975518
36546,0.916285714285714,0,1,0,602531,3079,103602,4354,0.028520878876579347,0.5857661778555092
36547,0.9162857142857144,1,0,1,602531,3079,103603,4353,0.028520878876579347,0.5857104413347686
36548,0.9163095238095238,1,0,1,602531,3079,103604,4352,0.028520878876579347,0.5856546898129458
36549,0.9163333333333334,0,1,0,602532,3078,103604,4352,0.028511615843491794,0.5857335127860027
36550,0.9163809523809524,0,2,0,602534,3076,103604,4352,0.028493089777316686,0.5858912224017232
36551,0.9165,1,1,1,602535,3075,103605,4351,0.02848382674422913,0.5859143549690278
36552,0.9165476190476192,0,1,0,602536,3074,103605,4351,0.028474563711141578,0.585993265993266
36553,0.9165595238095235,0,1,0,602537,3073,103605,4351,0.02846530067805402,0.5860721982758621
36554,0.9165751748251746,1,2,1,602539,3071,103606,4350,0.028446774611878913,0.5861743700309932
36555,0.9166666666666664,9,20,9,602559,3051,103615,4341,0.02826151395012783,0.5872564935064936
36556,0.9166666666666669,16,14,16,602573,3037,103631,4325,0.02813183148690207,0.5874762292855202
36557,0.9167307692307692,0,1,0,602574,3036,103631,4325,0.028122568453814518,0.5875560385817145
36558,0.9167857142857144,1,0,1,602574,3036,103632,4324,0.028122568453814518,0.5875
36559,0.9168690476190476,0,1,0,602575,3035,103632,4324,0.028113305420726962,0.5875798342166055
36560,0.9169404761904764,0,3,0,602578,3032,103632,4324,0.0280855163214643,0.5878194671016856
36561,0.917,3,4,3,602582,3028,103635,4321,0.028048464189114084,0.5879711525377602
36562,0.9170357142857142,0,1,0,602583,3027,103635,4321,0.028039201156026528,0.5880511703864997
36563,0.9170714285714286,1,0,1,602583,3027,103636,4320,0.028039201156026528,0.587995100040833
36564,0.9171428571428571,1,1,1,602584,3026,103637,4319,0.028029938122938976,0.5880190605854323
36565,0.9171666666666668,0,1,0,602585,3025,103637,4319,0.02802067508985142,0.588099128540305
36566,0.91725,1,1,1,602586,3024,103638,4318,0.028011412056763867,0.5881231272132934
36567,0.917261544011544,1,0,1,602586,3024,103639,4317,0.028011412056763867,0.5880670208418471
36568,0.9172857142857144,1,1,1,602587,3023,103640,4316,0.02800214902367631,0.5880910205750102
36569,0.9173333333333332,1,2,1,602589,3021,103641,4315,0.027983622957501203,0.5881952017448201
36570,0.9173333333333334,1,0,1,602589,3021,103642,4314,0.027983622957501203,0.5881390593047034
36571,0.9175,18,13,18,602602,3008,103660,4296,0.027863203527363,0.588170865279299
36572,0.917581168831169,0,1,0,602603,3007,103660,4296,0.027853940494275444,0.5882514035327947
36573,0.9176060606060606,1,0,1,602603,3007,103661,4295,0.027853940494275444,0.5881950150643659
36574,0.9176666666666666,2,0,2,602603,3007,103663,4293,0.027853940494275444,0.5880821917808219
36575,0.9176666666666669,1,2,1,602605,3005,103664,4292,0.027835414428100336,0.5881869261340277
36576,0.9177142857142856,0,3,0,602608,3002,103664,4292,0.027807625328837675,0.5884288456265424
36577,0.9177380952380952,0,1,0,602609,3001,103664,4292,0.02779836229575012,0.5885095296860002
36578,0.9177770562770564,0,1,0,602610,3000,103664,4292,0.027789099262662566,0.5885902358749314
36579,0.9178095238095236,1,0,1,602610,3000,103665,4291,0.027789099262662566,0.5885338088053765
36580,0.917809523809524,0,1,0,602611,2999,103665,4291,0.02777983622957501,0.5886145404663923
36581,0.9178809523809524,0,1,0,602612,2998,103665,4291,0.027770573196487458,0.5886952942790507
36582,0.9179069264069264,0,2,0,602614,2996,103665,4291,0.02775204713031235,0.5888568683957733
36583,0.918,8,3,8,602617,2993,103673,4283,0.027724258031049685,0.5886476085761407
36584,0.918095238095238,1,0,1,602617,2993,103674,4282,0.027724258031049685,0.5885910652920963
36585,0.918142857142857,1,0,1,602617,2993,103675,4281,0.027724258031049685,0.5885345064613693
36586,0.9182857142857144,0,1,0,602618,2992,103675,4281,0.027714994997962133,0.5886154269214905
36587,0.9183333333333332,4,4,4,602622,2988,103679,4277,0.027677942865611916,0.5887130075705437
36588,0.9183333333333334,5,8,5,602630,2980,103684,4272,0.027603838600911482,0.5890788747931605
36589,0.9183571428571428,0,2,0,602632,2978,103684,4272,0.027585312534736374,0.5892413793103448
36590,0.9183809523809524,2,0,2,602632,2978,103686,4270,0.027585312534736374,0.5891280353200883
36591,0.9184166666666668,1,0,1,602632,2978,103687,4269,0.027585312534736374,0.5890713398647717
36592,0.9184484126984128,2,2,2,602634,2976,103689,4267,0.027566786468561266,0.5891205301670579
36593,0.9184761904761904,0,1,0,602635,2975,103689,4267,0.027557523435473713,0.5892018779342723
36594,0.9185,1,1,1,602636,2974,103690,4266,0.027548260402386157,0.5892265193370165
36595,0.9185714285714286,2,1,2,602637,2973,103692,4264,0.027538997369298605,0.5891944175763438
36596,0.9186428571428572,1,0,1,602637,2973,103693,4263,0.027538997369298605,0.5891376451077943
36597,0.9186666666666669,1,0,1,602637,2973,103694,4262,0.027538997369298605,0.5890808569454042
36598,0.9187857142857142,1,0,1,602637,2973,103695,4261,0.027538997369298605,0.5890240530826651
36599,0.9188333333333332,1,0,1,602637,2973,103696,4260,0.027538997369298605,0.5889672335130651
36600,0.9188333333333334,1,0,1,602637,2973,103697,4259,0.027538997369298605,0.5889103982300885
36601,0.919,0,3,0,602640,2970,103697,4259,0.02751120827003594,0.5891547931940794
36602,0.9190151515151516,0,1,0,602641,2969,103697,4259,0.027501945236948388,0.5892363032650803
36603,0.9191666666666666,3,5,3,602646,2964,103700,4256,0.027455630071510615,0.5894736842105263
36604,0.9191666666666668,3,4,3,602650,2960,103703,4253,0.0274185779391604,0.5896298350201026
36605,0.9192402597402598,1,0,1,602650,2960,103704,4252,0.0274185779391604,0.5895729339988908
36606,0.9193333333333332,2,6,2,602656,2954,103706,4250,0.027362999740635073,0.5899500277623543
36607,0.9194444444444446,1,1,1,602657,2953,103707,4249,0.02735373670754752,0.5899750069425159
36608,0.9194523809523808,1,0,1,602657,2953,103708,4248,0.02735373670754752,0.5899180669351479
36609,0.9194545454545454,0,1,0,602658,2952,103708,4248,0.027344473674459965,0.59
36610,0.9195,0,3,0,602661,2949,103708,4248,0.027316684575197304,0.5902459358065861
36611,0.9195476190476192,0,1,0,602662,2948,103708,4248,0.027307421542109748,0.5903279599777654
36612,0.9195714285714286,0,1,0,602663,2947,103708,4248,0.027298158509022195,0.5904100069492704
36613,0.9196428571428572,1,0,1,602663,2947,103709,4247,0.027298158509022195,0.5903530720044482
36614,0.9197142857142856,1,1,1,602664,2946,103710,4246,0.02728889547593464,0.5903781979977754
36615,0.919722222222222,0,1,0,602665,2945,103710,4246,0.027279632442847087,0.590460297594215
36616,0.9197698412698414,0,1,0,602666,2944,103710,4246,0.02727036940975953,0.5905424200278164
36617,0.9197857142857144,0,1,0,602667,2943,103710,4246,0.02726110637667198,0.5906245653081096
36618,0.9198333333333332,0,1,0,602668,2942,103710,4246,0.027251843343584423,0.59070673344463
36619,0.9198333333333334,1,1,1,602669,2941,103711,4245,0.02724258031049687,0.5907319788477595
36620,0.9198809523809526,1,0,1,602669,2941,103712,4244,0.02724258031049687,0.5906750173973556
36621,0.9199047619047618,1,3,1,602672,2938,103713,4243,0.027214791211234206,0.5908647820637795
36622,0.919904761904762,0,1,0,602673,2937,103713,4243,0.027205528178146653,0.5909470752089137
36623,0.9199999999999998,0,2,0,602675,2935,103713,4243,0.027187002111971545,0.591111730286988
36624,0.92,493,338,493,603013,2597,104206,3750,0.024056096928378227,0.5908303135339531
36625,0.9200000000000002,2,0,2,603013,2597,104208,3748,0.024056096928378227,0.5907013396375098
36626,0.9200833333333333,1,0,1,603013,2597,104209,3747,0.024056096928378227,0.5906368221941992
36627,0.9201666666666668,1,2,1,603015,2595,104210,3746,0.02403757086220312,0.590758555432897
36628,0.9202380952380952,0,2,0,603017,2593,104210,3746,0.02401904479602801,0.590944943997476
36629,0.9202777777777778,0,1,0,603018,2592,104210,3746,0.024009781762940458,0.5910381823919217
36630,0.9202857142857144,0,1,0,603019,2591,104210,3746,0.024000518729852902,0.5911314502130346
36631,0.9203333333333332,2,2,2,603021,2589,104212,3744,0.023981992663677794,0.591189009947892
36632,0.9203333333333334,0,1,0,603022,2588,104212,3744,0.02397272963059024,0.591282375236892
36633,0.9203571428571428,1,2,1,603024,2586,104213,3743,0.023954203564415133,0.5914046452836151
36634,0.9204761904761906,1,0,1,603024,2586,104214,3742,0.023954203564415133,0.5913400758533502
36635,0.9205,0,2,0,603026,2584,104214,3742,0.023935677498240025,0.5915270312993993
36636,0.9205714285714288,1,0,1,603026,2584,104215,3741,0.023935677498240025,0.5914624505928854
36637,0.9206190476190474,0,1,0,603027,2583,104215,3741,0.02392641446515247,0.5915559772296015
36638,0.9207142857142856,0,1,0,603028,2582,104215,3741,0.023917151432064916,0.591649533449312
36639,0.9208333333333332,4,3,4,603031,2579,104219,3737,0.023889362332802252,0.5916719442685244
36640,0.9208333333333334,1,2,1,603033,2577,104220,3736,0.023870836266627143,0.591794709329954
36641,0.920952380952381,0,1,0,603034,2576,104220,3736,0.02386157323353959,0.5918884664131813
36642,0.921,1,5,1,603039,2571,104221,3735,0.023815258068101818,0.5922930542340628
36643,0.921031746031746,0,1,0,603040,2570,104221,3735,0.023805995035014266,0.5923869944488501
36644,0.921047619047619,0,1,0,603041,2569,104221,3735,0.02379673200192671,0.592480964467005
36645,0.9210714285714288,1,0,1,603041,2569,104222,3734,0.02379673200192671,0.5924163096937966
36646,0.921111111111111,1,0,1,603041,2569,104223,3733,0.02379673200192671,0.5923516344017772
36647,0.9212976190476192,2,0,2,603041,2569,104225,3731,0.02379673200192671,0.5922222222222222
36648,0.9213095238095236,0,3,0,603044,2566,104225,3731,0.02376894290266405,0.5925043671589646
36649,0.9213333333333334,0,3,0,603047,2563,104225,3731,0.023741153803401385,0.5927867810613282
36650,0.9214523809523808,1,0,1,603047,2563,104226,3730,0.023741153803401385,0.5927220721436517
36651,0.9215,1,2,1,603049,2561,104227,3729,0.023722627737226276,0.592845786963434
36652,0.9215238095238096,0,1,0,603050,2560,104227,3729,0.023713364704138724,0.592940054062649
36653,0.9216666666666664,7,6,7,603056,2554,104234,3722,0.0236577865056134,0.5930528999362651
36654,0.9216666666666667,6,5,6,603061,2549,104240,3716,0.023611471340175626,0.5931364724660814
36655,0.9217142857142858,0,2,0,603063,2547,104240,3716,0.023592945274000517,0.5933258821650966
36656,0.9217380952380952,0,1,0,603064,2546,104240,3716,0.023583682240912965,0.5934206323858192
36657,0.921777777777778,0,2,0,603066,2544,104240,3716,0.023565156174737856,0.5936102236421725
36658,0.9218253968253968,0,1,0,603067,2543,104240,3716,0.0235558931416503,0.5937050647068222
36659,0.9218333333333332,0,1,0,603068,2542,104240,3716,0.023546630108562748,0.5937999360818152
36660,0.921967893217893,1,1,1,603069,2541,104241,3715,0.023537367075475192,0.5938299232736572
36661,0.922,5,5,5,603074,2536,104246,3710,0.023491051910037423,0.5939801472942683
36662,0.922142857142857,0,1,0,603075,2535,104246,3710,0.023481788876949867,0.5940752602081665
36663,0.9221666666666668,0,1,0,603076,2534,104246,3710,0.023472525843862314,0.594170403587444
36664,0.922309523809524,0,1,0,603077,2533,104246,3710,0.02346326281077476,0.5942655774467404
36665,0.922343795093795,1,0,1,603077,2533,104247,3709,0.02346326281077476,0.5942005767382249
36666,0.9224496336996336,0,1,0,603078,2532,104247,3709,0.023453999777687206,0.5942957859317417
36667,0.9224761904761904,0,1,0,603079,2531,104247,3709,0.02344473674459965,0.5943910256410256
36668,0.9225,12,11,12,603090,2520,104259,3697,0.023342843380636556,0.5946598037638733
36669,0.9225873015873016,0,1,0,603091,2519,104259,3697,0.023333580347549003,0.5947554697554698
36670,0.9226190476190476,1,1,1,603092,2518,104260,3696,0.023324317314461447,0.5947859671709044
36671,0.9226309523809524,0,1,0,603093,2517,104260,3696,0.023315054281373895,0.594881699661999
36672,0.9226666666666666,1,3,1,603096,2514,104261,3695,0.02328726518211123,0.5951038814623933
36673,0.9227142857142856,0,1,0,603097,2513,104261,3695,0.023278002149023678,0.5951997422680413
36674,0.9227380952380952,0,1,0,603098,2512,104261,3695,0.023268739115936122,0.5952956339616562
36675,0.9227738095238096,0,2,0,603100,2510,104261,3695,0.023250213049761013,0.5954875100725222
36676,0.9227777777777776,0,1,0,603101,2509,104261,3695,0.02324095001667346,0.5955834945196647
36677,0.9228571428571428,0,1,0,603102,2508,104261,3695,0.023231686983585905,0.5956795099145574
36678,0.923,4,1,4,603103,2507,104265,3691,0.023222423950498353,0.595514682155534
36679,0.9231031746031744,1,1,1,603104,2506,104266,3690,0.023213160917410797,0.5955455132343448
36680,0.923284271284271,1,5,1,603109,2501,104267,3689,0.023166845751973027,0.5959612277867529
36681,0.9233333333333332,20,18,20,603127,2483,104287,3669,0.02300011115639705,0.5963914174252276
36682,0.9233333333333336,22,11,22,603138,2472,104309,3647,0.022898217792433954,0.5960124203301193
36683,0.9234166666666666,1,0,1,603138,2472,104310,3646,0.022898217792433954,0.5959463877084015
36684,0.9234761904761905,0,1,0,603139,2471,104310,3646,0.0228889547593464,0.5960438123263038
36685,0.9235,0,2,0,603141,2469,104310,3646,0.022870428693171293,0.596238757154538
36686,0.9236666666666666,1,2,1,603143,2467,104311,3645,0.022851902626996184,0.5963678010471204
36687,0.9236666666666667,1,1,1,603144,2466,104312,3644,0.02284263959390863,0.5963993453355155
36688,0.9237619047619048,1,0,1,603144,2466,104313,3643,0.02284263959390863,0.5963332787690293
36689,0.9238095238095236,2,0,2,603144,2466,104315,3641,0.02284263959390863,0.5962010807270346
36690,0.923809523809524,1,0,1,603144,2466,104316,3640,0.02284263959390863,0.5961349492302653
36691,0.9238333333333334,1,1,1,603145,2465,104317,3639,0.022833376560821076,0.5961664482306684
36692,0.923880952380952,0,1,0,603146,2464,104317,3639,0.02282411352773352,0.5962641323939046
36693,0.9238888888888888,1,0,1,603146,2464,104318,3638,0.02282411352773352,0.5961979678793838
36694,0.924,6,5,6,603151,2459,104324,3632,0.02277779836229575,0.5962896076177967
36695,0.924035714285714,0,2,0,603153,2457,104324,3632,0.022759272296120642,0.5964854655936935
36696,0.9240714285714284,0,1,0,603154,2456,104324,3632,0.022750009263033086,0.5965834428383706
36697,0.9241666666666666,1,2,1,603156,2454,104325,3631,0.022731483196857978,0.5967132292522597
36698,0.9241666666666668,7,3,7,603159,2451,104332,3624,0.022703694097595317,0.5965432098765432
36699,0.9243041125541124,1,5,1,603164,2446,104333,3623,0.022657378932157544,0.5969681990443236
36700,0.9243333333333332,0,1,0,603165,2445,104333,3623,0.022648115899069992,0.5970665787738958
36701,0.9243888888888888,0,1,0,603166,2444,104333,3623,0.022638852865982436,0.597164990934564
36702,0.9244444444444444,0,2,0,603168,2442,104333,3623,0.022620326799807328,0.5973619126133554
36703,0.9244642857142856,0,1,0,603169,2441,104333,3623,0.022611063766719775,0.5974604221635884
36704,0.9244761904761906,0,2,0,603171,2439,104333,3623,0.022592537700544667,0.5976575387660839
36705,0.9245,1,2,1,603173,2437,104334,3622,0.02257401163436956,0.5977884139296914
36706,0.9245158730158732,0,1,0,603174,2436,104334,3622,0.022564748601282002,0.5978870914493232
36707,0.9245714285714288,0,1,0,603175,2435,104334,3622,0.02255548556819445,0.5979858015519234
36708,0.924579365079365,0,1,0,603176,2434,104334,3622,0.022546222535106894,0.5980845442536328
36709,0.9245833333333332,2,0,2,603176,2434,104336,3620,0.022546222535106894,0.5979517674264949
36710,0.9246666666666664,0,1,0,603177,2433,104336,3620,0.02253695950201934,0.5980505534445729
36711,0.9248333333333334,1,0,1,603177,2433,104337,3619,0.02253695950201934,0.5979841374752148
36712,0.9248809523809526,0,1,0,603178,2432,104337,3619,0.022527696468931786,0.5980829614939679
36713,0.925,70,62,70,603240,2370,104407,3549,0.02195338841750343,0.5995945261023822
36714,0.9251666666666668,2,0,2,603240,2370,104409,3547,0.02195338841750343,0.5994591853980058
36715,0.9254642857142856,1,0,1,603240,2370,104410,3546,0.02195338841750343,0.5993914807302231
36716,0.9255,0,1,0,603241,2369,104410,3546,0.021944125384415872,0.5994928148774302
36717,0.9255555555555556,1,0,1,603241,2369,104411,3545,0.021944125384415872,0.5994250929996618
36718,0.9256580086580086,1,0,1,603241,2369,104412,3544,0.021944125384415872,0.5993573482157957
36719,0.9256666666666666,0,1,0,603242,2368,104412,3544,0.02193486235132832,0.5994587280108254
36720,0.925690476190476,1,0,1,603242,2368,104413,3543,0.02193486235132832,0.5993909659956014
36721,0.9257142857142856,1,0,1,603242,2368,104414,3542,0.02193486235132832,0.5993231810490693
36722,0.9257380952380952,0,2,0,603244,2366,104414,3542,0.02191633628515321,0.5995260663507109
36723,0.9258333333333332,2,0,2,603244,2366,104416,3540,0.02191633628515321,0.5993904503894345
36724,0.9258333333333334,4,1,4,603245,2365,104420,3536,0.021907073252065656,0.5992204711065922
36725,0.926,6,11,6,603256,2354,104426,3530,0.02180517988810256,0.5999320190346703
36726,0.9260714285714288,1,0,1,603256,2354,104427,3529,0.02180517988810256,0.5998640149583546
36727,0.92625,0,2,0,603258,2352,104427,3529,0.021786653821927453,0.600068015643598
36728,0.9262857142857144,0,1,0,603259,2351,104427,3529,0.021777390788839897,0.6001700680272108
36729,0.9263095238095238,0,1,0,603260,2350,104427,3529,0.021768127755752344,0.6002721551284232
36730,0.926309523809524,0,1,0,603261,2349,104427,3529,0.02175886472266479,0.600374276964954
36731,0.926380952380952,0,2,0,603263,2347,104427,3529,0.02174033865648968,0.6005786249149081
36732,0.926452380952381,1,0,1,603263,2347,104428,3528,0.02174033865648968,0.6005106382978723
36733,0.9265,1,0,1,603263,2347,104429,3527,0.02174033865648968,0.6004426285325162
36734,0.926531746031746,2,0,2,603263,2347,104431,3525,0.02174033865648968,0.6003065395095368
36735,0.9265476190476192,0,2,0,603265,2345,104431,3525,0.02172181259031457,0.600511073253833
36736,0.9266666666666664,16,10,16,603275,2335,104447,3509,0.02162918225943903,0.600444900752909
36737,0.9266666666666667,22,20,22,603295,2315,104469,3487,0.021443921597687945,0.6009996552912789
36738,0.9267261904761904,1,0,1,603295,2315,104470,3486,0.021443921597687945,0.6009308739872435
36739,0.9267857142857144,1,2,1,603297,2313,104471,3485,0.021425395531512837,0.6010693342531908
36740,0.9268333333333332,0,1,0,603298,2312,104471,3485,0.021416132498425285,0.6011730205278593
36741,0.9268333333333334,1,0,1,603298,2312,104472,3484,0.021416132498425285,0.601104209799862
36742,0.9268333333333336,0,1,0,603299,2311,104472,3484,0.02140686946533773,0.6012079378774806
36743,0.926904761904762,1,1,1,603300,2310,104473,3483,0.021397606432250176,0.601242879337131
36744,0.9269761904761904,0,2,0,603302,2308,104473,3483,0.021379080366075068,0.60145052667933
36745,0.927,2,3,2,603305,2305,104475,3481,0.021351291266812403,0.6016246111303145
36746,0.9270402930402928,0,2,0,603307,2303,104475,3481,0.021332765200637295,0.6018326417704011
36747,0.9270476190476188,0,2,0,603309,2301,104475,3481,0.021314239134462187,0.6020408163265306
36748,0.9270589165736224,2,1,2,603310,2300,104477,3479,0.021304976101374634,0.6020072676933725
36749,0.927142857142857,1,0,1,603310,2300,104478,3478,0.021304976101374634,0.6019383869851159
36750,0.9271428571428572,1,0,1,603310,2300,104479,3477,0.021304976101374634,0.6018694824303271
36751,0.9271666666666666,0,2,0,603312,2298,104479,3477,0.021286450035199526,0.6020779220779221
36752,0.9271666666666668,1,1,1,603313,2297,104480,3476,0.02127718700211197,0.6021132859864888
36753,0.9273305860805858,5,2,5,603315,2295,104485,3471,0.021258660935936865,0.6019771071800208
36754,0.9273333333333332,0,2,0,603317,2293,104485,3471,0.021240134869761756,0.6021859819569744
36755,0.9273333333333336,0,1,0,603318,2292,104485,3471,0.0212308718366742,0.6022904737116085
36756,0.9273809523809524,0,1,0,603319,2291,104485,3471,0.021221608803586648,0.6023950017355085
36757,0.9275,15,9,15,603328,2282,104500,3456,0.02113824150579866,0.6023004531195538
36758,0.927563492063492,1,2,1,603330,2280,104501,3455,0.02111971543962355,0.6024411508282476
36759,0.9276428571428572,0,1,0,603331,2279,104501,3455,0.021110452406535998,0.6025462155563307
36760,0.9276666666666666,0,1,0,603332,2278,104501,3455,0.02110118937344844,0.6026513169370312
36761,0.9277380952380954,1,0,1,603332,2278,104502,3454,0.02110118937344844,0.6025819958129798
36762,0.9278095238095238,0,2,0,603334,2276,104502,3454,0.021082663307273333,0.6027923211169285
36763,0.927809523809524,1,0,1,603334,2276,104503,3453,0.021082663307273333,0.6027229883051143
36764,0.9278333333333332,0,1,0,603335,2275,104503,3453,0.02107340027418578,0.6028282122905028
36765,0.9278333333333336,0,1,0,603336,2274,104503,3453,0.021064137241098225,0.6029334730225249
36766,0.9279999999999998,0,2,0,603338,2272,104503,3453,0.021045611174923116,0.6031441048034935
36767,0.928,4,3,4,603341,2269,104507,3449,0.021017822075660456,0.6031829310947884
36768,0.9280000000000002,0,1,0,603342,2268,104507,3449,0.0210085590425729,0.6032884379919539
36769,0.9280555555555556,0,1,0,603343,2267,104507,3449,0.020999296009485347,0.6033939818054583
36770,0.9281666666666666,1,0,1,603343,2267,104508,3448,0.020999296009485347,0.6033245844269466
36771,0.9282857142857144,0,1,0,603344,2266,104508,3448,0.02099003297639779,0.6034301715085755
36772,0.9283333333333332,6,8,6,603352,2258,104514,3442,0.020915928711697358,0.603859649122807
36773,0.9283333333333336,3,6,3,603358,2252,104517,3439,0.020860350513172032,0.604287471446143
36774,0.9285,0,1,0,603359,2251,104517,3439,0.02085108748008448,0.6043936731107206
36775,0.9285714285714286,0,1,0,603360,2250,104517,3439,0.020841824446996924,0.6044999121110916
36776,0.92875,1,1,1,603361,2249,104518,3438,0.02083256141390937,0.6045366625637418
36777,0.9287698412698412,0,1,0,603362,2248,104518,3438,0.020823298380821816,0.6046429827646852
36778,0.9288333333333332,0,1,0,603363,2247,104518,3438,0.020814035347734263,0.6047493403693931
36779,0.9288888888888888,1,0,1,603363,2247,104519,3437,0.020814035347734263,0.604679802955665
36780,0.9289761904761906,0,2,0,603365,2245,104519,3437,0.020795509281559155,0.60489264343541
36781,0.929,4,5,4,603370,2240,104523,3433,0.020749194116121382,0.6051471884364533
36782,0.9290714285714284,0,1,0,603371,2239,104523,3433,0.02073993108303383,0.6052538787023978
36783,0.9291666666666666,3,2,3,603373,2237,104526,3430,0.02072140501685872,0.6052585142050467
36784,0.9291666666666668,1,0,1,603373,2237,104527,3429,0.02072140501685872,0.6051888457465584
36785,0.9292380952380952,1,0,1,603373,2237,104528,3428,0.02072140501685872,0.6051191526919683
36786,0.9293333333333332,1,4,1,603377,2233,104529,3427,0.020684352884508504,0.6054770318021201
36787,0.9294285714285716,0,1,0,603378,2232,104529,3427,0.02067508985142095,0.6055840254461919
36788,0.9294761904761906,0,1,0,603379,2231,104529,3427,0.020665826818333396,0.6056910569105691
36789,0.9295,0,1,0,603380,2230,104529,3427,0.02065656378524584,0.6057981262153085
36790,0.9295714285714286,1,0,1,603380,2230,104530,3426,0.02065656378524584,0.6057284299858557
36791,0.9296666666666666,0,3,0,603383,2227,104530,3426,0.02062877468598318,0.6060498850168052
36792,0.9297222222222224,1,1,1,603384,2226,104531,3425,0.020619511652895623,0.6060874181560786
36793,0.93,458,295,458,603679,1931,104989,2967,0.017886916892067138,0.6057574520212332
36794,0.930047619047619,0,1,0,603680,1930,104989,2967,0.017877653858979586,0.6058811517255462
36795,0.9300714285714284,0,2,0,603682,1928,104989,2967,0.017859127792804477,0.6061287027579162
36796,0.9301309523809524,0,5,0,603687,1923,104989,2967,0.017812812627366705,0.6067484662576688
36797,0.9301666666666668,1,3,1,603690,1920,104990,2966,0.017785023528104044,0.6070405239459681
36798,0.9301904761904762,0,1,0,603691,1919,104990,2966,0.017775760495016488,0.607164790174002
36799,0.9303333333333332,1,0,1,603691,1919,104991,2965,0.017775760495016488,0.607084357084357
36800,0.9304166666666666,0,1,0,603692,1918,104991,2965,0.017766497461928935,0.6072086831865656
36801,0.9304166666666668,1,1,1,603693,1917,104992,2964,0.01775723442884138,0.6072526121696373
36802,0.9305,2,0,2,603693,1917,104994,2962,0.01775723442884138,0.6070916171346588
36803,0.9305476190476192,1,0,1,603693,1917,104995,2961,0.01775723442884138,0.6070110701107011
36804,0.9305714285714288,1,0,1,603693,1917,104996,2960,0.01775723442884138,0.6069304900553619
36805,0.9306666666666666,2,1,2,603694,1916,104998,2958,0.017747971395753827,0.606893721789085
36806,0.9306666666666668,0,2,0,603696,1914,104998,2958,0.01772944532957872,0.6071428571428571
36807,0.9308095238095236,0,1,0,603697,1913,104998,2958,0.017720182296491162,0.6072675015397249
36808,0.9308333333333332,1,2,1,603699,1911,104999,2957,0.017701656230316054,0.6074363188167625
36809,0.9308333333333334,1,2,1,603701,1909,105000,2956,0.017683130164140946,0.6076053442959918
36810,0.9309523809523808,0,2,0,603703,1907,105000,2956,0.017664604097965837,0.6078552333950237
36811,0.931,2,2,2,603705,1905,105002,2954,0.01764607803179073,0.607944021403581
36812,0.9310555555555554,0,1,0,603706,1904,105002,2954,0.017636814998703176,0.6080691642651297
36813,0.9311111111111112,3,0,3,603706,1904,105005,2951,0.017636814998703176,0.607826982492276
36814,0.9311428571428572,1,0,1,603706,1904,105006,2950,0.017636814998703176,0.607746188710342
36815,0.9312380952380952,1,0,1,603706,1904,105007,2949,0.017636814998703176,0.6076653616319803
36816,0.9313333333333332,0,5,0,603711,1899,105007,2949,0.017590499833265404,0.6082920792079208
36817,0.9314166666666668,0,1,0,603712,1898,105007,2949,0.01758123680017785,0.6084175778832267
36818,0.9315,0,1,0,603713,1897,105007,2949,0.017571973767090295,0.6085431283532811
36819,0.9316666666666664,7,1,7,603714,1896,105014,2942,0.017562710734002743,0.6081025217031831
36820,0.9316666666666668,0,2,0,603716,1894,105014,2942,0.017544184667827634,0.608354011579818
36821,0.9317373737373736,0,1,0,603717,1893,105014,2942,0.01753492163474008,0.6084798345398138
36822,0.932,3,2,3,603719,1891,105017,2939,0.01751639556856497,0.608488612836439
36823,0.932142857142857,1,0,1,603719,1891,105018,2938,0.01751639556856497,0.6084075377925037
36824,0.9322727272727274,1,0,1,603719,1891,105019,2937,0.01751639556856497,0.6083264291632146
36825,0.9323095238095236,1,1,1,603720,1890,105020,2936,0.017507132535477418,0.6083713220058019
36826,0.9323333333333332,0,2,0,603722,1888,105020,2936,0.01748860646930231,0.6086235489220564
36827,0.9324047619047618,1,0,1,603722,1888,105021,2935,0.01748860646930231,0.6085424009952312
36828,0.9324444444444444,1,0,1,603722,1888,105022,2934,0.01748860646930231,0.6084612194110328
36829,0.9325,15,9,15,603731,1879,105037,2919,0.01740523917151432,0.6083784910379325
36830,0.9326666666666664,0,2,0,603733,1877,105037,2919,0.01738671310533921,0.6086321934945789
36831,0.9326666666666666,1,0,1,603733,1877,105038,2918,0.01738671310533921,0.6085505735140772
36832,0.9327380952380954,0,1,0,603734,1876,105038,2918,0.01737745007225166,0.6086775135586149
36833,0.9328333333333334,1,0,1,603734,1876,105039,2917,0.01737745007225166,0.6085958689755894
36834,0.9328888888888888,0,2,0,603736,1874,105039,2917,0.01735892400607655,0.6088499269463578
36835,0.933,1,1,1,603737,1873,105040,2916,0.017349660972988994,0.6088953852578827
36836,0.9330000000000002,1,1,1,603738,1872,105041,2915,0.017340397939901442,0.6089408815542093
36837,0.9330818903318904,2,2,2,603740,1870,105043,2913,0.017321871873726333,0.609031988291867
36838,0.9330833333333334,0,1,0,603741,1869,105043,2913,0.017312608840638778,0.609159347553325
36839,0.9331309523809524,0,1,0,603742,1868,105043,2913,0.017303345807551225,0.609286760092031
36840,0.9331666666666664,0,1,0,603743,1867,105043,2913,0.01729408277446367,0.6094142259414226
36841,0.9332142857142856,1,0,1,603743,1867,105044,2912,0.01729408277446367,0.609332496338146
36842,0.9332539682539682,0,2,0,603745,1865,105044,2912,0.01727555670828856,0.6095876072849068
36843,0.933277777777778,1,1,1,603746,1864,105045,2911,0.017266293675201008,0.6096335078534031
36844,0.9333333333333332,16,16,16,603762,1848,105061,2895,0.01711808514580014,0.6103731815306768
36845,0.9333333333333336,14,9,14,603771,1839,105075,2881,0.01703471784801215,0.6103813559322034
36846,0.9334761904761906,1,0,1,603771,1839,105076,2880,0.01703471784801215,0.6102987921169739
36847,0.9335714285714286,0,1,0,603772,1838,105076,2880,0.0170254548149246,0.6104281475201356
36848,0.9336666666666666,0,1,0,603773,1837,105076,2880,0.017016191781837046,0.6105575577697689
36849,0.9336666666666668,2,0,2,603773,1837,105078,2878,0.017016191781837046,0.6103923647932131
36850,0.9338571428571428,2,0,2,603773,1837,105080,2876,0.017016191781837046,0.6102270316146828
36851,0.933920634920635,0,1,0,603774,1836,105080,2876,0.01700692874874949,0.6103565365025467
36852,0.9339242424242422,0,1,0,603775,1835,105080,2876,0.016997665715661938,0.6104860963701975
36853,0.934,7,4,7,603779,1831,105087,2869,0.01696061358331172,0.6104255319148936
36854,0.9340016664621926,1,2,1,603781,1829,105088,2868,0.016942087517136613,0.6106025122418565
36855,0.934047619047619,0,1,0,603782,1828,105088,2868,0.016932824484049057,0.610732538330494
36856,0.9341666666666668,1,4,1,603786,1824,105089,2867,0.01689577235169884,0.6111703261564698
36857,0.9342857142857142,0,1,0,603787,1823,105089,2867,0.016886509318611288,0.6113006396588486
36858,0.9342857142857144,1,1,1,603788,1822,105090,2866,0.01687724628552373,0.6113481228668942
36859,0.9343333333333332,2,0,2,603788,1822,105092,2864,0.01687724628552373,0.6111822449850619
36860,0.9344444444444444,1,1,1,603789,1821,105093,2863,0.01686798325243618,0.6112297181895816
36861,0.9346428571428572,0,1,0,603790,1820,105093,2863,0.016858720219348623,0.6113602391629297
36862,0.9346904761904762,0,1,0,603791,1819,105093,2863,0.01684945718626107,0.611490815890645
36863,0.9347222222222222,0,1,0,603792,1818,105093,2863,0.016840194153173515,0.6116214484084598
36864,0.9348333333333332,1,0,1,603792,1818,105094,2862,0.016840194153173515,0.6115384615384616
36865,0.935,65,42,65,603834,1776,105159,2797,0.01645114676349624,0.6116335009840367
36866,0.9350000000000002,2,0,2,603834,1776,105161,2795,0.01645114676349624,0.611463574710129
36867,0.9350833333333334,1,0,1,603834,1776,105162,2794,0.01645114676349624,0.611378555798687
36868,0.935123015873016,2,1,2,603835,1775,105164,2792,0.016441883730408686,0.6113422377928618
36869,0.9353333333333332,1,0,1,603835,1775,105165,2791,0.016441883730408686,0.6112571178274201
36870,0.935404761904762,1,0,1,603835,1775,105166,2790,0.016441883730408686,0.6111719605695509
36871,0.9355,1,2,1,603837,1773,105167,2789,0.016423357664233577,0.6113546690048225
36872,0.9355555555555556,0,1,0,603838,1772,105167,2789,0.01641409463114602,0.6114887086165315
36873,0.9356666666666666,0,1,0,603839,1771,105167,2789,0.01640483159805847,0.6116228070175439
36874,0.9358333333333332,1,0,1,603839,1771,105168,2788,0.01640483159805847,0.611537617898662
36875,0.9358333333333334,2,0,2,603839,1771,105170,2786,0.01640483159805847,0.6113671274961597
36876,0.9358809523809524,0,1,0,603840,1770,105170,2786,0.016395568564970913,0.6115013169446883
36877,0.936,5,1,5,603841,1769,105175,2781,0.01638630553188336,0.6112087912087912
36878,0.9361666666666666,1,0,1,603841,1769,105176,2780,0.01638630553188336,0.6111233238074302
36879,0.9361944444444446,0,1,0,603842,1768,105176,2780,0.016377042498795805,0.6112576956904133
36880,0.9363333333333332,0,1,0,603843,1767,105176,2780,0.016367779465708252,0.6113921266769299
36881,0.9363333333333334,1,0,1,603843,1767,105177,2779,0.016367779465708252,0.6113066432028157
36882,0.936404761904762,0,1,0,603844,1766,105177,2779,0.016358516432620696,0.6114411441144114
36883,0.9365,2,2,2,603846,1764,105179,2777,0.016339990366445588,0.6115393085223519
36884,0.9365714285714286,1,1,1,603847,1763,105180,2776,0.016330727333358035,0.6115884556069618
36885,0.9366666666666664,25,14,25,603861,1749,105205,2751,0.016201044870132277,0.6113333333333333
36886,0.9366666666666668,14,13,14,603874,1736,105219,2737,0.01608062543999407,0.6118935837245696
36887,0.9367272727272729,1,0,1,603874,1736,105220,2736,0.01608062543999407,0.6118067978533095
36888,0.9367380952380951,1,1,1,603875,1735,105221,2735,0.016071362406906518,0.6118568232662193
36889,0.93675,0,2,0,603877,1733,105221,2735,0.01605283634073141,0.6121307072515667
36890,0.9367619047619048,0,1,0,603878,1732,105221,2735,0.016043573307643853,0.6122677412133423
36891,0.9367857142857144,0,1,0,603879,1731,105221,2735,0.0160343102745563,0.6124048365427676
36892,0.9368333333333332,1,1,1,603880,1730,105222,2734,0.016025047241468745,0.6124551971326165
36893,0.9368333333333334,1,0,1,603880,1730,105223,2733,0.016025047241468745,0.6123683620882814
36894,0.937,0,1,0,603881,1729,105223,2733,0.016015784208381192,0.6125056028686687
36895,0.937142857142857,2,1,2,603882,1728,105225,2731,0.016006521175293636,0.6124691634895717
36896,0.9373333333333334,2,0,2,603882,1728,105227,2729,0.016006521175293636,0.6122952658739063
36897,0.9375,10,5,10,603887,1723,105237,2719,0.015960206009855867,0.6121116614137776
36898,0.9376626984126984,0,1,0,603888,1722,105237,2719,0.015950942976768315,0.6122494933573519
36899,0.9376666666666666,1,2,1,603890,1720,105238,2718,0.015932416910593206,0.612438035150969
36900,0.937690476190476,0,1,0,603891,1719,105238,2718,0.01592315387750565,0.6125760649087221
36901,0.9377777777777776,1,0,1,603891,1719,105239,2717,0.01592315387750565,0.6124887285843101
36902,0.9378095238095238,1,0,1,603891,1719,105240,2716,0.01592315387750565,0.6124013528748591
36903,0.9378333333333332,1,0,1,603891,1719,105241,2715,0.01592315387750565,0.6123139377537212
36904,0.9378571428571428,1,0,1,603891,1719,105242,2714,0.01592315387750565,0.6122264831942251
36905,0.9379206349206348,0,1,0,603892,1718,105242,2714,0.015913890844418098,0.6123646209386282
36906,0.938,4,3,4,603895,1715,105246,2710,0.015886101745155434,0.6124293785310735
36907,0.9383333333333332,4,3,4,603898,1712,105250,2706,0.015858312645892773,0.612494341330919
36908,0.9383333333333336,2,2,2,603900,1710,105252,2704,0.015839786579717664,0.6125962845491617
36909,0.9384880952380952,1,0,1,603900,1710,105253,2703,0.015839786579717664,0.6125084976206662
36910,0.9385714285714286,1,2,1,603902,1708,105254,2702,0.015821260513542556,0.6126984126984127
36911,0.9388333333333332,0,1,0,603903,1707,105254,2702,0.015811997480455,0.61283737809027
36912,0.939,0,1,0,603904,1706,105254,2702,0.015802734447367447,0.6129764065335753
36913,0.9392380952380952,2,2,2,603906,1704,105256,2700,0.01578420838119234,0.6130790190735694
36914,0.9393928571428573,0,1,0,603907,1703,105256,2700,0.015774945348104783,0.6132182602770838
36915,0.9394555444555442,2,1,2,603908,1702,105258,2698,0.01576568231501723,0.6131818181818182
36916,0.9395,1,0,1,603908,1702,105259,2697,0.01576568231501723,0.6130938849738578
36917,0.9396666666666668,0,2,0,603910,1700,105259,2697,0.015747156248842122,0.6133727541505573
36918,0.9396984126984126,0,1,0,603911,1699,105259,2697,0.015737893215754566,0.6135122838944495
36919,0.9399999999999998,1,0,1,603911,1699,105260,2696,0.015737893215754566,0.613424345847554
36920,0.94,451,277,451,604188,1422,105711,2245,0.013172033050502057,0.6122170711753477
36921,0.9401666666666668,1,1,1,604189,1421,105712,2244,0.013162770017414503,0.6122783083219645
36922,0.9406666666666668,2,0,2,604189,1421,105714,2242,0.013162770017414503,0.6120666120666121
36923,0.9407777777777776,0,1,0,604190,1420,105714,2242,0.013153506984326949,0.6122337520480612
36924,0.9408333333333332,0,2,0,604192,1418,105714,2242,0.01313498091815184,0.6125683060109289
36925,0.9408333333333334,3,1,3,604193,1417,105717,2239,0.013125717885064286,0.612417943107221
36926,0.9409166666666668,0,1,0,604194,1416,105717,2239,0.013116454851976732,0.6125854993160055
36927,0.941,2,0,2,604194,1416,105719,2237,0.013116454851976732,0.6123733917328223
36928,0.9410000000000004,0,2,0,604196,1414,105719,2237,0.013097928785801623,0.6127088468912627
36929,0.9411190476190476,0,1,0,604197,1413,105719,2237,0.01308866575271407,0.6128767123287672
36930,0.9411428571428572,0,1,0,604198,1412,105719,2237,0.013079402719626515,0.6130446697725405
36931,0.941154761904762,0,1,0,604199,1411,105719,2237,0.01307013968653896,0.6132127192982456
36932,0.9411666666666666,1,1,1,604200,1410,105720,2236,0.013060876653451407,0.6132748217224355
36933,0.9412142857142858,1,0,1,604200,1410,105721,2235,0.013060876653451407,0.6131687242798354
36934,0.9413333333333332,2,1,2,604201,1409,105723,2233,0.013051613620363852,0.6131246567819879
36935,0.9413333333333334,0,1,0,604202,1408,105723,2233,0.013042350587276298,0.6132930513595166
36936,0.9415,1,2,1,604204,1406,105724,2232,0.01302382452110119,0.6135239142385926
36937,0.9415476190476192,0,1,0,604205,1405,105724,2232,0.013014561488013636,0.613692603794336
36938,0.9416666666666664,3,0,3,604205,1405,105727,2229,0.013014561488013636,0.6133736929003852
36939,0.9416666666666668,5,5,5,604210,1400,105732,2224,0.012968246322575865,0.6136865342163356
36940,0.94174440183999,0,1,0,604211,1399,105732,2224,0.01295898328948831,0.6138559205078664
36941,0.9418333333333334,0,2,0,604213,1397,105732,2224,0.012940457223313202,0.6141949737641536
36942,0.9418571428571428,0,1,0,604214,1396,105732,2224,0.012931194190225648,0.6143646408839779
36943,0.941952380952381,1,1,1,604215,1395,105733,2223,0.012921931157138094,0.6144278606965174
36944,0.9419642857142856,0,1,0,604216,1394,105733,2223,0.01291266812405054,0.6145977329278407
36945,0.942,3,2,3,604218,1392,105736,2220,0.012894142057875431,0.6146179401993356
36946,0.9422012987012988,1,1,1,604219,1391,105737,2219,0.012884879024787877,0.6146814404432133
36947,0.9422222222222224,0,1,0,604220,1390,105737,2219,0.012875615991700323,0.6148517594901635
36948,0.9422857142857144,0,1,0,604221,1389,105737,2219,0.012866352958612768,0.6150221729490022
36949,0.9423076923076924,0,2,0,604223,1387,105737,2219,0.01284782689243766,0.615363283416528
36950,0.9423333333333334,2,0,2,604223,1387,105739,2217,0.01284782689243766,0.615149833518313
36951,0.9425,10,8,10,604231,1379,105749,2207,0.012773722627737226,0.6154489682097044
36952,0.9428333333333332,0,1,0,604232,1378,105749,2207,0.012764459594649672,0.6156206415620642
36953,0.9429123931623928,0,1,0,604233,1377,105749,2207,0.012755196561562118,0.6157924107142857
36954,0.9429761904761904,0,1,0,604234,1376,105749,2207,0.012745933528474564,0.6159642757465811
36955,0.943,2,1,2,604235,1375,105751,2205,0.01273667049538701,0.6159217877094972
36956,0.9430714285714284,0,1,0,604236,1374,105751,2205,0.012727407462299455,0.6160938809723386
36957,0.9433333333333332,8,7,8,604243,1367,105759,2197,0.012662566230686576,0.6164421997755332
36958,0.9433333333333336,8,12,8,604255,1355,105767,2189,0.012551409833635925,0.6176636568848759
36959,0.9434523809523808,0,2,0,604257,1353,105767,2189,0.012532883767460817,0.6180124223602484
36960,0.943452380952381,0,1,0,604258,1352,105767,2189,0.012523620734373263,0.6181869528381813
36961,0.9435,0,1,0,604259,1351,105767,2189,0.012514357701285709,0.618361581920904
36962,0.9436666666666668,1,3,1,604262,1348,105768,2188,0.012486568602023046,0.6187782805429864
36963,0.9437142857142856,0,1,0,604263,1347,105768,2188,0.012477305568935492,0.618953323903819
36964,0.94375,0,1,0,604264,1346,105768,2188,0.012468042535847938,0.619128466327108
36965,0.943809523809524,1,0,1,604264,1346,105769,2187,0.012468042535847938,0.6190206623266346
36966,0.9439047619047618,1,1,1,604265,1345,105770,2186,0.012458779502760383,0.6190880770320023
36967,0.943904761904762,3,0,3,604265,1345,105773,2183,0.012458779502760383,0.6187641723356009
36968,0.9439761904761904,0,1,0,604266,1344,105773,2183,0.01244951646967283,0.618939608732634
36969,0.944,4,7,4,604273,1337,105777,2179,0.01238467523805995,0.6197383390216155
36970,0.9441666666666666,0,4,0,604277,1333,105777,2179,0.012347623105709733,0.6204441913439636
36971,0.9441666666666668,2,2,2,604279,1331,105779,2177,0.012329097039534625,0.620581527936146
36972,0.9442857142857144,0,1,0,604280,1330,105779,2177,0.01231983400644707,0.6207584830339321
36973,0.9443333333333334,2,0,2,604280,1330,105781,2175,0.01231983400644707,0.6205420827389444
36974,0.9443809523809524,0,1,0,604281,1329,105781,2175,0.012310570973359516,0.6207191780821918
36975,0.9444166666666668,0,1,0,604282,1328,105781,2175,0.012301307940271962,0.6208963745361119
36976,0.9445238095238097,1,0,1,604282,1328,105782,2174,0.012301307940271962,0.6207881210736722
36977,0.9445555555555556,1,0,1,604282,1328,105783,2173,0.012301307940271962,0.6206798057697801
36978,0.9445833333333332,0,1,0,604283,1327,105783,2173,0.012292044907184408,0.6208571428571429
36979,0.9446190476190474,1,0,1,604283,1327,105784,2172,0.012292044907184408,0.6207487853672478
36980,0.9446536796536796,0,1,0,604284,1326,105784,2172,0.012282781874096853,0.6209262435677531
36981,0.9446666666666668,1,0,1,604284,1326,105785,2171,0.012282781874096853,0.620817843866171
36982,0.94475,0,1,0,604285,1325,105785,2171,0.0122735188410093,0.6209954233409611
36983,0.9447833714702908,0,1,0,604286,1324,105785,2171,0.012264255807921745,0.621173104434907
36984,0.9448571428571428,1,0,1,604286,1324,105786,2170,0.012264255807921745,0.6210646823125358
36985,0.9448809523809524,0,1,0,604287,1323,105786,2170,0.012254992774834191,0.6212424849699398
36986,0.9449047619047616,0,1,0,604288,1322,105786,2170,0.012245729741746637,0.6214203894616266
36987,0.945,36,38,36,604326,1284,105822,2134,0.011893734484419579,0.6243417203042715
36988,0.9453333333333336,1,1,1,604327,1283,105823,2133,0.011884471451332024,0.6244145199063232
36989,0.9453650793650794,0,1,0,604328,1282,105823,2133,0.01187520841824447,0.624597364568082
36990,0.9455,1,1,1,604329,1281,105824,2132,0.011865945385156916,0.6246703779665983
36991,0.945642857142857,1,0,1,604329,1281,105825,2131,0.011865945385156916,0.6245603751465416
36992,0.9456666666666668,0,1,0,604330,1280,105825,2131,0.011856682352069362,0.624743476986221
36993,0.9457142857142856,2,0,2,604330,1280,105827,2129,0.011856682352069362,0.6245233206218832
36994,0.9458333333333332,0,1,0,604331,1279,105827,2129,0.011847419318981808,0.624706572769953
36995,0.9458333333333334,1,0,1,604331,1279,105828,2128,0.011847419318981808,0.6245964191370708
36996,0.9459166666666668,0,1,0,604332,1278,105828,2128,0.011838156285894253,0.6247798003523194
36997,0.946,2,4,2,604336,1274,105830,2126,0.011801104153544037,0.6252941176470588
36998,0.9460714285714286,1,0,1,604336,1274,105831,2125,0.011801104153544037,0.6251838776110621
36999,0.9461904761904762,1,0,1,604336,1274,105832,2124,0.011801104153544037,0.6250735726898176
37000,0.946392857142857,0,1,0,604337,1273,105832,2124,0.011791841120456482,0.6252575802178393
37001,0.9464642857142856,0,1,0,604338,1272,105832,2124,0.011782578087368928,0.6254416961130742
37002,0.9464880952380952,0,2,0,604340,1270,105832,2124,0.01176405202119382,0.6258102533883324
37003,0.946547619047619,0,1,0,604341,1269,105832,2124,0.011754788988106266,0.6259946949602122
37004,0.9466666666666664,13,10,13,604351,1259,105845,2111,0.011662158657230724,0.6264094955489614
37005,0.9466666666666668,14,9,14,604360,1250,105859,2097,0.011578791359442736,0.6265312219898417
37006,0.9468333333333332,1,0,1,604360,1250,105860,2096,0.011578791359442736,0.6264196054991034
37007,0.9468333333333334,1,0,1,604360,1250,105861,2095,0.011578791359442736,0.6263079222720478
37008,0.947,0,1,0,604361,1249,105861,2095,0.011569528326355182,0.6264952153110048
37009,0.9471428571428572,1,1,1,604362,1248,105862,2094,0.011560265293267627,0.6265709156193896
37010,0.9471666666666668,0,1,0,604363,1247,105862,2094,0.011551002260180073,0.6267584555522299
37011,0.9472380952380952,0,1,0,604364,1246,105862,2094,0.011541739227092519,0.6269461077844312
37012,0.9474642857142856,0,1,0,604365,1245,105862,2094,0.011532476194004965,0.6271338724168913
37013,0.9475,9,8,9,604373,1237,105871,2085,0.011458371929304531,0.627633955448525
37014,0.9475714285714284,1,0,1,604373,1237,105872,2084,0.011458371929304531,0.6275218307738633
37015,0.9476190476190476,1,0,1,604373,1237,105873,2083,0.011458371929304531,0.6274096385542168
37016,0.9476666666666664,0,1,0,604374,1236,105873,2083,0.011449108896216977,0.6275986742994878
37017,0.947809523809524,0,1,0,604375,1235,105873,2083,0.011439845863129423,0.6277878239903556
37018,0.947904761904762,0,1,0,604376,1234,105873,2083,0.011430582830041868,0.6279770877298764
37019,0.948,0,1,0,604377,1233,105873,2083,0.011421319796954314,0.6281664656212304
37020,0.9480317460317458,1,0,1,604377,1233,105874,2082,0.011421319796954314,0.6280542986425339
37021,0.9481666666666664,3,0,3,604377,1233,105877,2079,0.011421319796954314,0.6277173913043478
37022,0.9483095238095236,1,0,1,604377,1233,105878,2078,0.011421319796954314,0.6276049531863486
37023,0.9483333333333333,4,3,4,604380,1230,105882,2074,0.011393530697691652,0.6277239709443099
37024,0.9483333333333336,1,4,1,604384,1226,105883,2073,0.011356478565341435,0.6283722340103062
37025,0.948420634920635,0,2,0,604386,1224,105883,2073,0.011337952499166326,0.6287534121929026
37026,0.9485714285714286,1,0,1,604386,1224,105884,2072,0.011337952499166326,0.6286407766990292
37027,0.9485952380952384,1,0,1,604386,1224,105885,2071,0.011337952499166326,0.6285280728376328
37028,0.9486666666666664,0,1,0,604387,1223,105885,2071,0.011328689466078772,0.6287188828172434
37029,0.9486666666666668,1,2,1,604389,1221,105886,2070,0.011310163399903664,0.6289881494986327
37030,0.94875,0,1,0,604390,1220,105886,2070,0.01130090036681611,0.6291793313069909
37031,0.949,0,2,0,604392,1218,105886,2070,0.011282374300641001,0.6295620437956204
37032,0.9490238095238096,0,1,0,604393,1217,105886,2070,0.011273111267553447,0.6297535746881655
37033,0.9491666666666666,0,1,0,604394,1216,105886,2070,0.011263848234465893,0.6299452221545953
37034,0.9491666666666668,1,0,1,604394,1216,105887,2069,0.011263848234465893,0.6298325722983257
37035,0.9495833333333334,1,0,1,604394,1216,105888,2068,0.011263848234465893,0.6297198538367844
37036,0.9498333333333332,0,1,0,604395,1215,105888,2068,0.011254585201378339,0.629911666159001
37037,0.9499166666666666,0,2,0,604397,1213,105888,2068,0.01123605913520323,0.6302956415726912
37038,0.9499999999999998,0,2,0,604399,1211,105888,2068,0.011217533069028122,0.6306800853918878
37039,0.95,389,243,389,604642,968,106277,1679,0.008966616028752455,0.6343029845107669
37040,0.9500000000000002,2,0,2,604642,968,106279,1677,0.008966616028752455,0.6340264650283554
37041,0.9508333333333332,5,0,5,604642,968,106284,1672,0.008966616028752455,0.6333333333333333
37042,0.9508333333333334,1,1,1,604643,967,106285,1671,0.008957352995664901,0.633434420015163
37043,0.951,1,0,1,604643,967,106286,1670,0.008957352995664901,0.6332954114524081
37044,0.9510714285714286,1,1,1,604644,966,106287,1669,0.008948089962577347,0.6333965844402277
37045,0.9511666666666668,1,1,1,604645,965,106288,1668,0.008938826929489793,0.6334979111279909
37046,0.9511904761904764,0,1,0,604646,964,106288,1668,0.008929563896402239,0.6337386018237082
37047,0.9512500000000002,0,1,0,604647,963,106288,1668,0.008920300863314684,0.6339794754846066
37048,0.9514285714285714,0,1,0,604648,962,106288,1668,0.00891103783022713,0.6342205323193917
37049,0.9515,0,1,0,604649,961,106288,1668,0.008901774797139576,0.6344617725370864
37050,0.9516666666666664,2,1,2,604650,960,106290,1666,0.008892511764052022,0.6344249809596344
37051,0.9516666666666668,2,2,2,604652,958,106292,1664,0.008873985697876913,0.6346300533943554
37052,0.951686507936508,1,0,1,604652,958,106293,1663,0.008873985697876913,0.6344906524227394
37053,0.9516944444444446,1,0,1,604652,958,106294,1662,0.008873985697876913,0.6343511450381679
37054,0.9517222222222224,1,1,1,604653,957,106295,1661,0.00886472266478936,0.634453781512605
37055,0.9517857142857143,1,0,1,604653,957,106296,1660,0.00886472266478936,0.6343141001146351
37056,0.952,1,1,1,604654,956,106297,1659,0.008855459631701805,0.6344168260038241
37057,0.9521428571428572,1,0,1,604654,956,106298,1658,0.008855459631701805,0.6342769701606733
37058,0.9521547619047618,1,0,1,604654,956,106299,1657,0.008855459631701805,0.6341370072713356
37059,0.95225,1,0,1,604654,956,106300,1656,0.008855459631701805,0.6339969372128637
37060,0.9523333333333333,0,1,0,604655,955,106300,1656,0.00884619659861425,0.6342397548831865
37061,0.9523333333333334,0,2,0,604657,953,106300,1656,0.008827670532439142,0.6347259486393254
37062,0.9523333333333336,0,1,0,604658,952,106300,1656,0.008818407499351588,0.6349693251533742
37063,0.9525,8,7,8,604665,945,106308,1648,0.008753566267738709,0.6355572695719244
37064,0.9525714285714284,0,1,0,604666,944,106308,1648,0.008744303234651155,0.6358024691358025
37065,0.952626984126984,2,0,2,604666,944,106310,1646,0.008744303234651155,0.6355212355212355
37066,0.9526666666666668,0,1,0,604667,943,106310,1646,0.0087350402015636,0.6357667052916184
37067,0.952952380952381,0,1,0,604668,942,106310,1646,0.008725777168476046,0.6360123647604328
37068,0.9529761904761904,0,1,0,604669,941,106310,1646,0.008716514135388492,0.6362582141476614
37069,0.953,3,0,3,604669,941,106313,1643,0.008716514135388492,0.6358359133126935
37070,0.953030303030303,0,1,0,604670,940,106313,1643,0.008707251102300938,0.6360820751064653
37071,0.9531111111111108,0,2,0,604672,938,106313,1643,0.00868872503612583,0.6365749709414955
37072,0.9531428571428572,1,0,1,604672,938,106314,1642,0.00868872503612583,0.6364341085271318
37073,0.9533333333333333,6,11,6,604683,927,106320,1636,0.008586831672162733,0.6383144752243465
37074,0.9533333333333336,6,9,6,604692,918,106326,1630,0.008503464374374745,0.6397174254317112
37075,0.9533809523809524,1,1,1,604693,917,106327,1629,0.008494201341287191,0.6398271798900236
37076,0.9533928571428572,1,0,1,604693,917,106328,1628,0.008494201341287191,0.6396856581532416
37077,0.9534463453213452,0,3,0,604696,914,106328,1628,0.008466412242024528,0.6404405979543666
37078,0.9534761904761904,3,0,3,604696,914,106331,1625,0.008466412242024528,0.6400157542339504
37079,0.9535,2,1,2,604697,913,106333,1623,0.008457149208936974,0.6399842271293376
37080,0.9535714285714286,0,1,0,604698,912,106333,1623,0.00844788617584942,0.6402366863905326
37081,0.9536309523809524,0,1,0,604699,911,106333,1623,0.008438623142761866,0.6404893449092344
37082,0.9538333333333332,1,1,1,604700,910,106334,1622,0.008429360109674312,0.6406003159557662
37083,0.954,3,3,3,604703,907,106337,1619,0.008401571010411649,0.6409342834520981
37084,0.9541666666666666,1,1,1,604704,906,106338,1618,0.008392307977324095,0.6410459587955626
37085,0.9541666666666668,1,0,1,604704,906,106339,1617,0.008392307977324095,0.6409036860879905
37086,0.9542489177489176,1,0,1,604704,906,106340,1616,0.008392307977324095,0.640761300555115
37087,0.9546428571428572,1,1,1,604705,905,106341,1615,0.00838304494423654,0.6408730158730159
37088,0.9546666666666668,0,1,0,604706,904,106341,1615,0.008373781911148986,0.6411274315204446
37089,0.9548134920634922,0,2,0,604708,902,106341,1615,0.008355255844973878,0.6416368692888359
37090,0.955,38,20,38,604728,882,106379,1577,0.008169995183222794,0.6413176087840585
37091,0.9550000000000002,0,2,0,604730,880,106379,1577,0.008151469117047686,0.6418396418396418
37092,0.9550039682539684,1,0,1,604730,880,106380,1576,0.008151469117047686,0.6416938110749185
37093,0.955031746031746,0,2,0,604732,878,106380,1576,0.008132943050872577,0.6422167889160554
37094,0.9555,1,1,1,604733,877,106381,1575,0.008123680017785023,0.6423327895595432
37095,0.9555555555555556,0,1,0,604734,876,106381,1575,0.008114416984697469,0.642594859241126
37096,0.9555912698412696,1,0,1,604734,876,106382,1574,0.008114416984697469,0.6424489795918368
37097,0.9556666666666668,1,0,1,604734,876,106383,1573,0.008114416984697469,0.6423029808084932
37098,0.9558333333333332,3,0,3,604734,876,106386,1570,0.008114416984697469,0.6418642681929682
37099,0.956,4,1,4,604735,875,106390,1566,0.008105153951609914,0.6415403523146251
37100,0.9561666666666666,0,1,0,604736,874,106390,1566,0.00809589091852236,0.6418032786885246
37101,0.956241341991342,1,0,1,604736,874,106391,1565,0.00809589091852236,0.6416564165641656
37102,0.95625,1,0,1,604736,874,106392,1564,0.00809589091852236,0.6415094339622641
37103,0.9562777777777778,1,0,1,604736,874,106393,1563,0.00809589091852236,0.6413623307345097
37104,0.9563333333333331,0,1,0,604737,873,106393,1563,0.008086627885434806,0.6416256157635468
37105,0.9564523809523808,0,1,0,604738,872,106393,1563,0.008077364852347252,0.6418891170431211
37106,0.9566666666666666,9,4,9,604742,868,106402,1554,0.008040312719997035,0.6416184971098265
37107,0.9566666666666668,16,5,16,604747,863,106418,1538,0.007993997554559264,0.6405664306538942
37108,0.9567142857142856,0,1,0,604748,862,106418,1538,0.00798473452147171,0.6408333333333334
37109,0.956809523809524,2,2,2,604750,860,106420,1536,0.007966208455296603,0.6410684474123539
37110,0.956873015873016,1,1,1,604751,859,106421,1535,0.007956945422209049,0.641186299081036
37111,0.956904761904762,1,0,1,604751,859,106422,1534,0.007956945422209049,0.6410363560384454
37112,0.9569325396825396,1,1,1,604752,858,106423,1533,0.007947682389121495,0.6411543287327478
37113,0.9571428571428572,1,1,1,604753,857,106424,1532,0.00793841935603394,0.641272498953537
37114,0.9571984126984124,1,0,1,604753,857,106425,1531,0.00793841935603394,0.6411222780569514
37115,0.9575,10,5,10,604758,852,106435,1521,0.00789210419059617,0.640960809102402
37116,0.9577579365079364,1,0,1,604758,852,106436,1520,0.00789210419059617,0.6408094435075885
37117,0.958,3,0,3,604758,852,106439,1517,0.00789210419059617,0.6403545799915576
37118,0.9583333333333331,0,3,0,604761,849,106439,1517,0.007864315091333507,0.6411665257819104
37119,0.9583333333333336,1,1,1,604762,848,106440,1516,0.007855052058245953,0.6412859560067682
37120,0.9587857142857142,0,1,0,604763,847,106440,1516,0.007845789025158399,0.641557342361405
37121,0.959,3,1,3,604764,846,106443,1513,0.007836525992070844,0.6413734633319204
37122,0.9590238095238096,0,1,0,604765,845,106443,1513,0.00782726295898329,0.6416454622561493
37123,0.9590476190476191,0,1,0,604766,844,106443,1513,0.007817999925895736,0.6419176919813322
37124,0.9590909090909092,0,2,0,604768,842,106443,1513,0.007799473859720627,0.6424628450106157
37125,0.9591031746031744,0,1,0,604769,841,106443,1513,0.007790210826633072,0.6427357689039932
37126,0.9591666666666666,3,0,3,604769,841,106446,1510,0.007790210826633072,0.6422798809017439
37127,0.9591666666666668,1,1,1,604770,840,106447,1509,0.007780947793545518,0.6424010217113666
37128,0.9594166666666666,1,2,1,604772,838,106448,1508,0.00776242172737041,0.6427962489343564
37129,0.9594444444444444,1,0,1,604772,838,106449,1507,0.00776242172737041,0.6426439232409382
37130,0.96,349,189,349,604961,649,106798,1158,0.006011708473822669,0.6408411732152739
37131,0.9600000000000002,1,0,1,604961,649,106799,1157,0.006011708473822669,0.6406423034330011
37132,0.9602619047619046,0,3,0,604964,646,106799,1157,0.005983919374560006,0.641708264004437
37133,0.9602777777777776,1,0,1,604964,646,106800,1156,0.005983919374560006,0.6415094339622641
37134,0.9604603174603172,0,1,0,604965,645,106800,1156,0.005974656341472452,0.6418656302054414
37135,0.9605303030303032,2,0,2,604965,645,106802,1154,0.005974656341472452,0.6414674819344081
37136,0.9605833333333332,1,0,1,604965,645,106803,1153,0.005974656341472452,0.6412680756395995
37137,0.9608333333333332,1,0,1,604965,645,106804,1152,0.005974656341472452,0.6410684474123539
37138,0.9608333333333334,0,1,0,604966,644,106804,1152,0.005965393308384898,0.6414253897550112
37139,0.9612738095238096,1,0,1,604966,644,106805,1151,0.005965393308384898,0.6412256267409471
37140,0.9613333333333332,2,0,2,604966,644,106807,1149,0.005965393308384898,0.6408254322364751
37141,0.9615,0,1,0,604967,643,106807,1149,0.0059561302752973435,0.6411830357142857
37142,0.9616666666666666,0,7,0,604974,636,106807,1149,0.005891289043684464,0.6436974789915967
37143,0.9616666666666668,2,2,2,604976,634,106809,1147,0.005872762977509356,0.6440202133632791
37144,0.9618333333333332,1,0,1,604976,634,106810,1146,0.005872762977509356,0.6438202247191012
37145,0.962,0,1,0,604977,633,106810,1146,0.0058634999444218015,0.6441821247892074
37146,0.9621309523809524,1,0,1,604977,633,106811,1145,0.0058634999444218015,0.6439820022497188
37147,0.9622261904761904,0,1,0,604978,632,106811,1145,0.005854236911334247,0.6443444006752954
37148,0.9625,9,4,9,604982,628,106820,1136,0.0058171847789840305,0.6439909297052154
37149,0.9625714285714284,0,1,0,604983,627,106820,1136,0.005807921745896476,0.6443562110039706
37150,0.9626666666666668,0,1,0,604984,626,106820,1136,0.005798658712808922,0.64472190692395
37151,0.9627142857142856,0,1,0,604985,625,106820,1136,0.005789395679721368,0.6450880181714934
37152,0.963,1,0,1,604985,625,106821,1135,0.005789395679721368,0.6448863636363636
37153,0.9632294372294368,0,2,0,604987,623,106821,1135,0.0057708696135462595,0.6456200227531286
37154,0.9632922077922078,0,1,0,604988,622,106821,1135,0.005761606580458705,0.6459874786568014
37155,0.9633333333333332,8,1,8,604989,621,106829,1127,0.005752343547371151,0.6447368421052632
37156,0.9633333333333334,3,3,3,604992,618,106832,1124,0.0057245544481084884,0.6452353616532721
37157,0.9636309523809524,1,0,1,604992,618,106833,1123,0.0057245544481084884,0.6450315910396324
37158,0.9637380952380952,0,1,0,604993,617,106833,1123,0.005715291415020934,0.6454022988505748
37159,0.9638174603174604,1,0,1,604993,617,106834,1122,0.005715291415020934,0.6451983898792409
37160,0.9638333333333332,0,1,0,604994,616,106834,1122,0.00570602838193338,0.6455696202531646
37161,0.964,2,3,2,604997,613,106836,1120,0.005678239282670717,0.6462781304096942
37162,0.9641666666666668,1,1,1,604998,612,106837,1119,0.005668976249583163,0.6464471403812825
37163,0.9643961038961038,1,0,1,604998,612,106838,1118,0.005668976249583163,0.6462427745664739
37164,0.9646071428571428,2,0,2,604998,612,106840,1116,0.005668976249583163,0.6458333333333334
37165,0.965,27,20,27,605018,592,106867,1089,0.00548371558783208,0.6478286734086853
37166,0.9653333333333332,1,0,1,605018,592,106868,1088,0.00548371558783208,0.6476190476190476
37167,0.9657142857142856,1,0,1,605018,592,106869,1087,0.00548371558783208,0.6474091721262656
37168,0.966,4,3,4,605021,589,106873,1083,0.005455926488569417,0.6477272727272727
37169,0.9660595238095238,1,0,1,605021,589,106874,1082,0.005455926488569417,0.6475164572112507
37170,0.9661984126984126,0,1,0,605022,588,106874,1082,0.005446663455481863,0.6479041916167665
37171,0.966309523809524,0,1,0,605023,587,106874,1082,0.005437400422394309,0.6482923906530856
37172,0.9666666666666666,8,8,8,605031,579,106882,1074,0.005363296157693875,0.6497277676950998
37173,0.9666666666666668,11,9,11,605040,570,106893,1063,0.0052799288599058875,0.6509491733006736
37174,0.9668333333333332,1,0,1,605040,570,106894,1062,0.0052799288599058875,0.6507352941176471
37175,0.966952380952381,1,0,1,605040,570,106895,1061,0.0052799288599058875,0.6505211526670754
37176,0.967,1,1,1,605041,569,106896,1060,0.005270665826818333,0.6507059545733579
37177,0.9673333333333334,1,0,1,605041,569,106897,1059,0.005270665826818333,0.6504914004914005
37178,0.9675,4,1,4,605042,568,106901,1055,0.005261402793730779,0.6500308071472581
37179,0.9677746697746696,0,1,0,605043,567,106901,1055,0.005252139760643225,0.6504315659679408
37180,0.968,2,1,2,605044,566,106903,1053,0.005242876727555671,0.650401482396541
37181,0.9682936507936508,0,1,0,605045,565,106903,1053,0.0052336136944681165,0.6508034610630408
37182,0.9683333333333332,1,2,1,605047,563,106904,1052,0.005215087628293008,0.6513931888544892
37183,0.9683333333333334,2,2,2,605049,561,106906,1050,0.0051965615621179,0.6517690875232774
37184,0.9685,0,1,0,605050,560,106906,1050,0.0051872985290303455,0.6521739130434783
37185,0.9686666666666666,0,1,0,605051,559,106906,1050,0.005178035495942791,0.6525792417650714
37186,0.9689682539682544,0,1,0,605052,558,106906,1050,0.005168772462855237,0.6529850746268657
37187,0.969,1,2,1,605054,556,106907,1049,0.005150246396680129,0.653582554517134
37188,0.9692817460317458,1,0,1,605054,556,106908,1048,0.005150246396680129,0.6533665835411472
37189,0.9695,0,1,0,605055,555,106908,1048,0.0051409833635925745,0.6537741734248285
37190,0.9696428571428573,0,1,0,605056,554,106908,1048,0.00513172033050502,0.6541822721598003
37191,0.9696655844155844,0,1,0,605057,553,106908,1048,0.005122457297417466,0.6545908806995627
37192,0.9698333333333332,0,2,0,605059,551,106908,1048,0.005103931231242358,0.6554096310193871
37193,0.9699047619047618,0,1,0,605060,550,106908,1048,0.0050946681981548034,0.655819774718398
37194,0.97,318,167,318,605227,383,107226,730,0.0035477416725332544,0.655884995507637
37195,0.9702380952380952,0,1,0,605228,382,107226,730,0.0035384786394457002,0.6564748201438849
37196,0.9706666666666668,1,0,1,605228,382,107227,729,0.0035384786394457002,0.6561656165616562
37197,0.9707142857142856,0,1,0,605229,381,107227,729,0.003529215606358146,0.6567567567567567
37198,0.970848124098124,1,0,1,605229,381,107228,728,0.003529215606358146,0.6564472497745717
37199,0.9714761904761904,1,2,1,605231,379,107229,727,0.0035106895401830376,0.6573236889692586
37200,0.9716666666666668,3,0,3,605231,379,107232,724,0.0035106895401830376,0.6563916591115141
37201,0.972,1,0,1,605231,379,107233,723,0.0035106895401830376,0.6560798548094374
37202,0.9725,6,5,6,605236,374,107239,717,0.0034643743747452666,0.6571952337305225
37203,0.9726666666666668,2,0,2,605236,374,107241,715,0.0034643743747452666,0.6565656565656566
37204,0.973,2,0,2,605236,374,107243,713,0.0034643743747452666,0.655933762649494
37205,0.9733333333333332,5,5,5,605241,369,107248,708,0.0034180592093074956,0.6573816155988857
37206,0.9733333333333334,2,3,2,605244,366,107250,706,0.003390270110044833,0.6585820895522388
37207,0.9734523809523808,1,0,1,605244,366,107251,705,0.003390270110044833,0.6582633053221288
37208,0.9737142857142856,1,0,1,605244,366,107252,704,0.003390270110044833,0.6579439252336449
37209,0.974,2,1,2,605245,365,107254,702,0.0033810070769572788,0.6579194001874414
37210,0.9742380952380952,0,1,0,605246,364,107254,702,0.0033717440438697246,0.6585365853658537
37211,0.975,22,15,22,605261,349,107276,680,0.003232798547556412,0.6608357628765792
37212,0.9753650793650792,1,1,1,605262,348,107277,679,0.0032235355144688577,0.6611489776046738
37213,0.9755,1,0,1,605262,348,107278,678,0.0032235355144688577,0.6608187134502924
37214,0.9755176767676768,1,0,1,605262,348,107279,677,0.0032235355144688577,0.6604878048780488
37215,0.976,0,2,0,605264,346,107279,677,0.0032050094482937493,0.6617790811339198
37216,0.9766666666666666,4,3,4,605267,343,107283,673,0.0031772203490310867,0.6624015748031497
37217,0.9766666666666668,2,9,2,605276,334,107285,671,0.003093853051243099,0.6676616915422886
37218,0.9771428571428572,1,1,1,605277,333,107286,670,0.0030845900181555447,0.6679960119641076
37219,0.9773333333333332,1,0,1,605277,333,107287,669,0.0030845900181555447,0.6676646706586826
37220,0.9775,8,2,8,605279,331,107295,661,0.0030660639519804363,0.6663306451612904
37221,0.9776666666666664,1,0,1,605279,331,107296,660,0.0030660639519804363,0.6659939455095862
37222,0.9776666666666668,0,1,0,605280,330,107296,660,0.0030568009188928825,0.6666666666666666
37223,0.9777777777777776,0,1,0,605281,329,107296,660,0.0030475378858053283,0.6673407482305359
37224,0.978,1,1,1,605282,328,107297,659,0.003038274852717774,0.6676798378926039
37225,0.9783333333333332,0,1,0,605283,327,107297,659,0.00302901181963022,0.6683569979716024
37226,0.9785714285714286,0,1,0,605284,326,107297,659,0.0030197487865426657,0.6690355329949239
37227,0.97875,0,1,0,605285,325,107297,659,0.0030104857534551115,0.6697154471544715
37228,0.9787777777777776,0,1,0,605286,324,107297,659,0.0030012227203675573,0.6703967446592065
37229,0.9791666666666664,1,0,1,605286,324,107298,658,0.0030012227203675573,0.670061099796334
37230,0.98,231,159,231,605445,165,107529,427,0.0015284004594464412,0.7212837837837838
37231,0.9820310245310246,1,0,1,605445,165,107530,426,0.0015284004594464412,0.7208121827411168
37232,0.9825,2,2,2,605447,163,107532,424,0.0015098743932713328,0.7223168654173765
37233,0.9829007936507936,0,2,0,605449,161,107532,424,0.0014913483270962244,0.7247863247863248
37234,0.9833333333333332,2,0,2,605449,161,107534,422,0.0014913483270962244,0.7238421955403087
37235,0.9833333333333334,2,2,2,605451,159,107536,420,0.001472822260921116,0.7253886010362695
37236,0.9835790043290042,1,0,1,605451,159,107537,419,0.001472822260921116,0.7249134948096886
37237,0.984,1,3,1,605454,156,107538,418,0.0014450331616584534,0.7282229965156795
37238,0.985,22,5,22,605459,151,107560,396,0.0013987179962206824,0.7239488117001828
37239,0.9854545454545456,1,0,1,605459,151,107561,395,0.0013987179962206824,0.7234432234432234
37240,0.9858333333333336,1,0,1,605459,151,107562,394,0.0013987179962206824,0.7229357798165138
37241,0.9861785714285716,1,0,1,605459,151,107563,393,0.0013987179962206824,0.7224264705882353
37242,0.9862121212121212,0,1,0,605460,150,107563,393,0.0013894549631331284,0.7237569060773481
37243,0.9866666666666666,6,0,6,605460,150,107569,387,0.0013894549631331284,0.7206703910614525
37244,0.9866666666666668,3,2,3,605462,148,107572,384,0.00137092889695802,0.7218045112781954
37245,0.9875,1,0,1,605462,148,107573,383,0.00137092889695802,0.7212806026365348
37246,0.9883333333333332,0,1,0,605463,147,107573,383,0.0013616658638704658,0.7226415094339622
37247,0.99,214,98,214,605561,49,107787,169,0.00045388862129015523,0.7752293577981652
37248,0.9913333333333332,0,2,0,605563,47,107787,169,0.0004353625551150469,0.7824074074074074
37249,0.9915555555555556,1,0,1,605563,47,107788,168,0.0004353625551150469,0.7813953488372093
37250,0.9916666666666668,1,0,1,605563,47,107789,167,0.0004353625551150469,0.780373831775701
37251,0.9923333333333332,1,0,1,605563,47,107790,166,0.0004353625551150469,0.7793427230046949
37252,0.9925,1,1,1,605564,46,107791,165,0.00042609952202749267,0.7819905213270142
37253,0.9933333333333332,2,0,2,605564,46,107793,163,0.00042609952202749267,0.7799043062200957
37254,0.9933333333333334,1,2,1,605566,44,107794,162,0.0004075734558523843,0.7864077669902912
37255,0.995,5,3,5,605569,41,107799,157,0.00037978435658972176,0.7929292929292929
37256,0.9975,0,1,0,605570,40,107799,157,0.00037052132350216756,0.7969543147208121
37257,0.998,1,0,1,605570,40,107800,156,0.00037052132350216756,0.7959183673469388
37258,1.0,156,40,156,605610,0,107956,0,0.0,
