,y_proba,y_test,Neg,Pos,TN,FP,FN,TP,FP/P,Prec
0,0.0,3,532,3,532,605078,3,107953,5.604857534551114,0.1514001495026163
1,0.0067,1,0,1,532,605078,4,107952,5.604857534551114,0.15139895937057346
2,0.01,2,770,2,1302,604308,6,107950,5.597724999073697,0.15156024923552983
3,0.015,0,3,0,1305,604305,6,107950,5.597697209974434,0.15156088760345662
4,0.0167,0,1,0,1306,604304,6,107950,5.597687946941346,0.1515611003939606
5,0.02,7,1203,7,2509,603101,13,107943,5.586544518137019,0.15180917074048864
6,0.0205,0,1,0,2510,603100,13,107943,5.586535255103931,0.15180938424258447
7,0.0225,0,1,0,2511,603099,13,107943,5.586525992070844,0.15180959774528088
8,0.0233,0,1,0,2512,603098,13,107943,5.586516729037756,0.1518098112485778
9,0.024,0,2,0,2514,603096,13,107943,5.586498202971581,0.15181023825697323
10,0.025,0,8,0,2522,603088,13,107943,5.586424098706881,0.151811946314577
11,0.026,0,1,0,2523,603087,13,107943,5.586414835673793,0.15181215982448
12,0.0267,0,3,0,2526,603084,13,107943,5.58638704657453,0.15181280035779232
13,0.03,12,1609,12,4135,601475,25,107931,5.571482826336656,0.152142778606327
14,0.032,0,1,0,4136,601474,25,107931,5.571473563303568,0.15214299307165866
15,0.0325,0,3,0,4139,601471,25,107931,5.571445774204306,0.15214363647128146
16,0.0333,0,5,0,4144,601466,25,107931,5.571399459038868,0.152144708816079
17,0.034,0,2,0,4146,601464,25,107931,5.571380932972692,0.1521451377582306
18,0.035,1,5,1,4151,601459,26,107930,5.5713346178072545,0.15214501493538807
19,0.036,0,1,0,4152,601458,26,107930,5.571325354774167,0.1521452294090117
20,0.0367,0,5,0,4157,601453,26,107930,5.571279039608729,0.15214630178620012
21,0.0375,0,1,0,4158,601452,26,107930,5.571269776575642,0.15214651626345185
22,0.038,0,1,0,4159,601451,26,107930,5.571260513542555,0.15214673074130827
23,0.04,23,2129,23,6288,599322,49,107907,5.551539516099152,0.15257717090221132
24,0.042,0,1,0,6289,599321,49,107907,5.551530253066064,0.1525773866419316
25,0.0425,0,4,0,6293,599317,49,107907,5.551493200933714,0.1525782496069138
26,0.0433,0,7,0,6300,599310,49,107907,5.551428359702101,0.152579759819122
27,0.044,0,2,0,6302,599308,49,107907,5.551409833635926,0.15258019131381545
28,0.045,0,19,0,6321,599289,49,107907,5.551233836007262,0.15258429063512802
29,0.0467,0,6,0,6327,599283,49,107907,5.551178257808737,0.15258558520341067
30,0.0475,0,3,0,6330,599280,49,107907,5.551150468709475,0.15258623249578965
31,0.0483,0,1,0,6331,599279,49,107907,5.5511412056763865,0.1525864482611364
32,0.05,26,2583,26,8914,596696,75,107881,5.527214791211234,0.15311456377372523
33,0.0525,0,2,0,8916,596694,75,107881,5.527196265145059,0.15311499840329276
34,0.0533,0,6,0,8922,596688,75,107881,5.527140686946534,0.15311630230680032
35,0.054,0,3,0,8925,596685,75,107881,5.527112897847271,0.15311695426688202
36,0.055,0,25,0,8950,596660,75,107881,5.526881322020082,0.15312238748348214
37,0.056,0,1,0,8951,596659,75,107881,5.526872058986995,0.15312260482016635
38,0.0567,0,4,0,8955,596655,75,107881,5.526835006854644,0.1531234741730728
39,0.0575,0,4,0,8959,596651,75,107881,5.526797954722294,0.15312434353585075
40,0.0593,0,1,0,8960,596650,75,107881,5.526788691689207,0.15312456087808768
41,0.06,31,3128,31,12088,593522,106,107850,5.4978139241913375,0.15377003929441152
42,0.0617,0,1,0,12089,593521,106,107850,5.497804661158249,0.15377025853649495
43,0.0625,0,8,0,12097,593513,106,107850,5.497730556893549,0.15377201249566916
44,0.0633,1,28,1,12125,593485,107,107849,5.497471191967097,0.15377694507894954
45,0.0635,0,1,0,12126,593484,107,107849,5.49746192893401,0.1537771643427587
46,0.064,0,3,0,12129,593481,107,107849,5.4974341398347475,0.15377782213793792
47,0.065,0,33,0,12162,593448,107,107849,5.497128459742858,0.15378505825634503
48,0.0658,0,1,0,12163,593447,107,107849,5.497119196709771,0.15378527754329127
49,0.066,0,1,0,12164,593446,107,107849,5.497109933676683,0.1537854968308629
50,0.0667,0,13,0,12177,593433,107,107849,5.496989514246545,0.15378834762620458
51,0.0671,0,1,0,12178,593432,107,107849,5.496980251213457,0.15378856692253176
52,0.0675,0,4,0,12182,593428,107,107849,5.496943199081107,0.1537894441140947
53,0.068,0,2,0,12184,593426,107,107849,5.496924673014932,0.15378988271362876
54,0.0683,0,1,0,12185,593425,107,107849,5.4969154099818445,0.1537901020143339
55,0.07,40,3822,40,16007,589603,147,107809,5.461512097521212,0.15458437767058783
56,0.0717,0,1,0,16008,589602,147,107809,5.461502834488125,0.15458459932521856
57,0.072,0,1,0,16009,589601,147,107809,5.461493571455037,0.15458482098048493
58,0.0725,0,8,0,16017,589593,147,107809,5.461419467190336,0.15458659424549973
59,0.0733,0,22,0,16039,589571,147,107809,5.461215680462411,0.1545914709340675
60,0.074,0,2,0,16041,589569,147,107809,5.461197154396236,0.15459191428464908
61,0.075,1,47,1,16088,589522,148,107808,5.46076179184112,0.15460112142027446
62,0.076,0,1,0,16089,589521,148,107808,5.460752528808033,0.15460134312498117
63,0.0767,0,21,0,16110,589500,148,107808,5.460558005113194,0.15460599907071193
64,0.0775,0,5,0,16115,589495,148,107808,5.460511689947756,0.15460710767055355
65,0.08,56,4466,56,20581,585029,204,107752,5.419142984178739,0.1555354433796539
66,0.0814,0,3,0,20584,585026,204,107752,5.419115195079477,0.15553611690902425
67,0.0817,0,1,0,20585,585025,204,107752,5.4191059320463895,0.15553634142011066
68,0.082,0,1,0,20586,585024,204,107752,5.419096669013301,0.15553656593184523
69,0.0825,0,14,0,20600,585010,204,107752,5.418966986550076,0.15553970916418625
70,0.0833,0,23,0,20623,584987,204,107752,5.418753936789062,0.15554487332169836
71,0.084,0,2,0,20625,584985,204,107752,5.418735410722887,0.15554532239507923
72,0.085,2,57,2,20682,584928,206,107750,5.418207417836896,0.1555556838819769
73,0.086,0,6,0,20688,584922,206,107750,5.418151839638371,0.15555703132218424
74,0.0867,1,22,1,20710,584900,207,107749,5.417948052910445,0.15556075299321878
75,0.0875,0,12,0,20722,584888,207,107749,5.4178368965133945,0.15556344809763267
76,0.088,0,1,0,20723,584887,207,107749,5.417827633480306,0.1555636726938825
77,0.0883,0,2,0,20725,584885,207,107749,5.417809107414132,0.15556412188832774
78,0.089,0,2,0,20727,584883,207,107749,5.4177905813479565,0.15556457108536711
79,0.09,67,4995,67,25722,579888,274,107682,5.371521731075624,0.1566124176447489
80,0.0905,0,1,0,25723,579887,274,107682,5.3715124680425355,0.1566126454217686
81,0.091,0,1,0,25724,579886,274,107682,5.371503205009448,0.15661287319945083
82,0.0914,0,1,0,25725,579885,274,107682,5.371493941976361,0.15661310097779563
83,0.0917,0,1,0,25726,579884,274,107682,5.371484678943273,0.15661332875680298
84,0.092,0,2,0,25728,579882,274,107682,5.371466152877098,0.15661378431680542
85,0.0925,0,15,0,25743,579867,274,107682,5.3713272073807845,0.15661720110130334
86,0.0929,0,1,0,25744,579866,274,107682,5.371317944347697,0.15661742889223734
87,0.0933,0,34,0,25778,579832,274,107682,5.371003001222721,0.1566251741782713
88,0.094,0,5,0,25783,579827,274,107682,5.370956686057283,0.15662631325553555
89,0.095,0,62,0,25845,579765,274,107682,5.370382378005854,0.15664043919022122
90,0.096,1,2,1,25847,579763,275,107681,5.370363851939679,0.15663966810387464
91,0.0962,0,1,0,25848,579762,275,107681,5.370354588906592,0.15663989596228342
92,0.0967,0,23,0,25871,579739,275,107681,5.370141539145578,0.15664513688865614
93,0.0971,0,1,0,25872,579738,275,107681,5.37013227611249,0.15664536476297572
94,0.0975,0,3,0,25875,579735,275,107681,5.3701044870132275,0.15664604838991236
95,0.098,0,3,0,25878,579732,275,107681,5.370076697913965,0.15664673202281598
96,0.0983,0,2,0,25880,579730,275,107681,5.3700581718477896,0.15664718778140008
97,0.1,86,5577,86,31457,574153,361,107595,5.3183982363185,0.15782224516976948
98,0.1011,0,1,0,31458,574152,361,107595,5.318388973285413,0.157822476666564
99,0.1014,0,1,0,31459,574151,361,107595,5.318379710252325,0.15782270816403762
100,0.1017,0,4,0,31463,574147,361,107595,5.318342658119975,0.15782363416072356
101,0.1018,0,1,0,31464,574146,361,107595,5.318333395086888,0.1578238656615929
102,0.102,0,3,0,31467,574143,361,107595,5.318305605987625,0.15782456016827578
103,0.1025,0,18,0,31485,574125,361,107595,5.3181388713920486,0.1578287273367365
104,0.1027,0,1,0,31486,574124,361,107595,5.318129608358961,0.15782895885254775
105,0.1029,0,1,0,31487,574123,361,107595,5.318120345325873,0.15782919036903822
106,0.1033,0,29,0,31516,574094,361,107595,5.317851717366334,0.15783590464273298
107,0.104,0,6,0,31522,574088,361,107595,5.317796139167809,0.15783729387413212
108,0.105,0,71,0,31593,574017,361,107595,5.317138463818592,0.15785373496945476
109,0.1053,0,2,0,31595,574015,361,107595,5.317119937752418,0.15785419814850135
110,0.106,0,11,0,31606,574004,361,107595,5.317018044388455,0.15785674568184518
111,0.1062,0,1,0,31607,574003,361,107595,5.317008781355367,0.15785697727986292
112,0.1067,1,34,1,31641,573969,362,107594,5.31669383823039,0.15786361642283986
113,0.1075,0,8,0,31649,573961,362,107594,5.316619733965689,0.15786546940452348
114,0.1083,0,4,0,31653,573957,362,107594,5.3165826818333395,0.15786639591167792
115,0.11,81,6049,81,37702,567908,443,107513,5.260550594686724,0.15917923783832602
116,0.111,0,1,0,37703,567907,443,107513,5.260541331653637,0.15917947351277723
117,0.1112,0,1,0,37704,567906,443,107513,5.260532068620549,0.15917970918792632
118,0.1114,0,2,0,37706,567904,443,107513,5.260513542554374,0.15918018054031804
119,0.1117,0,1,0,37707,567903,443,107513,5.260504279521286,0.15918041621756074
120,0.112,0,5,0,37712,567898,443,107513,5.260457964355849,0.15918159461424228
121,0.1125,0,12,0,37724,567886,443,107513,5.260346807958798,0.15918442283746348
122,0.1133,0,42,0,37766,567844,443,107513,5.259957760569121,0.15919432241022155
123,0.1138,0,1,0,37767,567843,443,107513,5.259948497536033,0.15919455812934216
124,0.114,0,7,0,37774,567836,443,107513,5.25988365630442,0.1591962081827322
125,0.1142,0,1,0,37775,567835,443,107513,5.259874393271333,0.15919644390743734
126,0.1143,0,1,0,37776,567834,443,107513,5.2598651302382455,0.1591966796328406
127,0.115,3,88,3,37864,567746,446,107510,5.25904998332654,0.15921369080763445
128,0.116,0,9,0,37873,567737,446,107510,5.2589666160287525,0.1592158128803238
129,0.1167,0,41,0,37914,567696,446,107510,5.2585868316721625,0.15922548081622498
130,0.1175,1,13,1,37927,567683,447,107509,5.258466412242025,0.15922730127134208
131,0.118,0,1,0,37928,567682,447,107509,5.258457149208937,0.15922753709691034
132,0.1183,0,4,0,37932,567678,447,107509,5.258420097076587,0.15922848040616897
133,0.12,132,6515,132,44447,561163,579,107377,5.198071436511171,0.16061417417058066
134,0.1202,0,1,0,44448,561162,579,107377,5.198062173478084,0.16061441441710955
135,0.121,0,1,0,44449,561161,579,107377,5.198052910444996,0.16061465466435715
136,0.1217,0,3,0,44452,561158,579,107377,5.198025121345734,0.16061537541041232
137,0.122,0,4,0,44456,561154,579,107377,5.197988069213383,0.16061633641521486
138,0.1225,0,24,0,44480,561130,579,107377,5.197765756419282,0.1606221026855366
139,0.1229,0,1,0,44481,561129,579,107377,5.197756493386194,0.16062234295578498
140,0.1233,0,44,0,44525,561085,579,107377,5.197348919930342,0.16063291555840123
141,0.1238,0,1,0,44526,561084,579,107377,5.197339656897254,0.16063315586100013
142,0.124,0,5,0,44531,561079,579,107377,5.197293341731816,0.16063435738477924
143,0.125,4,106,4,44637,560973,583,107373,5.1963114602245355,0.1606548105322692
144,0.126,0,8,0,44645,560965,583,107373,5.196237355959836,0.16065673356894267
145,0.1267,1,39,1,44684,560926,584,107372,5.195876097669421,0.16066485310445341
146,0.1271,0,1,0,44685,560925,584,107372,5.195866834636333,0.16066509351381197
147,0.1273,0,1,0,44686,560924,584,107372,5.195857571603246,0.16066533392389
148,0.1275,0,20,0,44706,560904,584,107372,5.195672310941495,0.16067014227654441
149,0.128,0,2,0,44708,560902,584,107372,5.1956537848753195,0.16067062312763927
150,0.1283,0,1,0,44709,560901,584,107372,5.195644521842232,0.160670863554266
151,0.129,0,1,0,44710,560900,584,107372,5.195635258809144,0.16067110398161227
152,0.1292,0,3,0,44713,560897,584,107372,5.1956074697098815,0.16067182526796844
153,0.13,116,6988,116,51701,553909,700,107256,5.130877394494053,0.1622227431881603
154,0.1308,0,1,0,51702,553908,700,107256,5.130868131460965,0.16222298854747083
155,0.1314,0,1,0,51703,553907,700,107256,5.130858868427878,0.16222323390752355
156,0.1317,0,1,0,51704,553906,700,107256,5.130849605394791,0.1622234792683185
157,0.1318,0,1,0,51705,553905,700,107256,5.130840342361703,0.16222372462985565
158,0.132,0,10,0,51715,553895,700,107256,5.130747712030828,0.16222617828604963
159,0.1325,0,17,0,51732,553878,700,107256,5.130590240468339,0.16223034967192732
160,0.1327,0,1,0,51733,553877,700,107256,5.130580977435251,0.16223059505424778
161,0.1333,0,55,0,51788,553822,700,107256,5.130071510615436,0.1622440922251232
162,0.134,0,7,0,51795,553815,700,107256,5.130006669383823,0.16224581020798068
163,0.1343,0,1,0,51796,553814,700,107256,5.129997406350736,0.16224605563707323
164,0.135,5,130,5,51926,553684,705,107251,5.128793212049353,0.16227163034186418
165,0.1353,0,1,0,51927,553683,705,107251,5.128783949016266,0.16227187586052466
166,0.1357,0,1,0,51928,553682,705,107251,5.128774685983179,0.16227212137992808
167,0.136,0,10,0,51938,553672,705,107251,5.128682055652303,0.16227457661482503
168,0.1362,0,1,0,51939,553671,705,107251,5.1286727926192155,0.16227482214240108
169,0.1367,0,41,0,51980,553630,705,107251,5.1282930082626255,0.16228488941276872
170,0.1375,0,15,0,51995,553615,705,107251,5.1281540627663125,0.16228857287256418
171,0.138,0,8,0,52003,553607,705,107251,5.128079958501612,0.16229053745282648
172,0.1383,0,5,0,52008,553602,705,107251,5.128033643336174,0.16229176533964437
173,0.139,0,1,0,52009,553601,705,107251,5.128024380303087,0.1622920109192376
174,0.1393,0,1,0,52010,553600,705,107251,5.128015117269999,0.16229225649957404
175,0.14,144,7315,144,59325,546285,849,107107,5.06025603023454,0.16392456595734262
176,0.141,0,1,0,59326,546284,849,107107,5.060246767201453,0.16392481684014626
177,0.1413,0,1,0,59327,546283,849,107107,5.060237504168365,0.16392506772371784
178,0.1417,0,6,0,59333,546277,849,107107,5.0601819259698395,0.16392657304127434
179,0.142,0,8,0,59341,546269,849,107107,5.060107821705139,0.16392858017435596
180,0.1425,1,20,1,59361,546249,850,107106,5.059922561043388,0.1639323185710678
181,0.1433,2,51,2,59412,546198,852,107104,5.059450146355923,0.16394255642872668
182,0.144,0,15,0,59427,546183,852,107104,5.059311200859609,0.1639463206829464
183,0.1442,0,2,0,59429,546181,852,107104,5.059292674793435,0.16394682259656965
184,0.1443,0,2,0,59431,546179,852,107104,5.059274148727259,0.16394732451326607
185,0.145,3,133,3,59564,546046,855,107101,5.058042165326614,0.16397686891312369
186,0.1458,0,1,0,59565,546045,855,107101,5.058032902293527,0.16397711997011388
187,0.146,0,9,0,59574,546036,855,107101,5.057949534995739,0.16397937951762034
188,0.1467,0,53,0,59627,545983,855,107101,5.057458594242099,0.1639926870050407
189,0.1471,0,1,0,59628,545982,855,107101,5.057449331209011,0.1639929381104699
190,0.1475,0,19,0,59647,545963,855,107101,5.057273333580348,0.16399770925973564
191,0.1479,0,1,0,59648,545962,855,107101,5.05726407054726,0.1639979603805452
192,0.148,0,2,0,59650,545960,855,107101,5.057245544481085,0.1639984626244715
193,0.1483,0,4,0,59654,545956,855,107101,5.057208492348734,0.16399946712155294
194,0.15,172,7762,172,67416,538194,1027,106929,4.985308829523139,0.16574978724987327
195,0.1505,0,1,0,67417,538193,1027,106929,4.985299566490052,0.16575004417769043
196,0.1512,0,1,0,67418,538192,1027,106929,4.985290303456964,0.1657503011063041
197,0.1515,0,1,0,67419,538191,1027,106929,4.985281040423876,0.16575055803571428
198,0.1517,0,3,0,67422,538188,1027,106929,4.985253251324614,0.1657513288287241
199,0.1525,0,24,0,67446,538164,1027,106929,4.985030938530512,0.16575749543089136
200,0.1529,0,1,0,67447,538163,1027,106929,4.985021675497425,0.1657577523826059
201,0.153,0,1,0,67448,538162,1027,106929,4.985012412464338,0.16575800933511706
202,0.1533,0,72,0,67520,538090,1027,106929,4.984345474082033,0.16577651200972374
203,0.154,0,11,0,67531,538079,1027,106929,4.98424358071807,0.16577933917098703
204,0.155,0,149,0,67680,537930,1027,106929,4.982863388788025,0.1658176438570292
205,0.1557,0,2,0,67682,537928,1027,106929,4.98284486272185,0.16581815813428402
206,0.156,0,13,0,67695,537915,1027,106929,4.982724443291711,0.1658215010141988
207,0.1567,1,54,1,67749,537861,1028,106928,4.982224239504983,0.16583409456426831
208,0.157,0,1,0,67750,537860,1028,106928,4.982214976471896,0.16583435175592598
209,0.1571,0,1,0,67751,537859,1028,106928,4.982205713438808,0.1658346089483814
210,0.1575,0,21,0,67772,537838,1028,106928,4.98201118974397,0.16584001017423375
211,0.1577,0,1,0,67773,537837,1028,106928,4.982001926710883,0.16584026738424076
212,0.1578,0,1,0,67774,537836,1028,106928,4.9819926636777945,0.16584052459504564
213,0.158,0,4,0,67778,537832,1028,106928,4.981955611545445,0.16584155344624357
214,0.1581,0,2,0,67780,537830,1028,106928,4.981937085479269,0.16584206787662967
215,0.1583,0,6,0,67786,537824,1028,106928,4.981881507280744,0.165843611186937
216,0.1586,0,1,0,67787,537823,1028,106928,4.981872244247657,0.16584386840811413
217,0.1588,0,1,0,67788,537822,1028,106928,4.981862981214569,0.16584412563008918
218,0.16,200,8065,200,75853,529757,1228,106728,4.907156619363445,0.16768344894223744
219,0.1607,0,1,0,75854,529756,1228,106728,4.9071473563303565,0.16768371239496987
220,0.1617,0,9,0,75863,529747,1228,106728,4.907063989032569,0.16768608350681488
221,0.162,0,7,0,75870,529740,1228,106728,4.906999147800956,0.16768792775127736
222,0.1625,2,24,2,75894,529716,1230,106726,4.906776835006855,0.16769163568714823
223,0.1627,0,1,0,75895,529715,1230,106726,4.906767571973767,0.1676918991705437
224,0.1629,0,1,0,75896,529714,1230,106726,4.906758308940679,0.16769216265476714
225,0.1633,4,67,4,75963,529647,1234,106722,4.906137685723813,0.16770458648991388
226,0.164,1,17,1,75980,529630,1235,106721,4.905980214161325,0.1677077587683527
227,0.1645,0,1,0,75981,529629,1235,106721,4.9059709511282374,0.1677080223147639
228,0.1647,0,1,0,75982,529628,1235,106721,4.90596168809515,0.1677082858620034
229,0.165,2,158,2,76140,529470,1237,106719,4.904498128867316,0.1677473203717763
230,0.1658,0,1,0,76141,529469,1237,106719,4.904488865834229,0.16774758404748283
231,0.166,0,3,0,76144,529466,1237,106719,4.904461076734966,0.1677483750795759
232,0.1663,0,2,0,76146,529464,1237,106719,4.904442550668791,0.1677489024384493
233,0.1667,2,64,2,76210,529400,1239,106717,4.903849716551187,0.16776316306591396
234,0.167,0,1,0,76211,529399,1239,106717,4.9038404535181,0.16776342679637046
235,0.1671,0,1,0,76212,529398,1239,106717,4.903831190485012,0.16776369052765616
236,0.1675,0,27,0,76239,529371,1239,106717,4.903581088591649,0.1677708115858183
237,0.168,0,3,0,76242,529368,1239,106717,4.903553299492386,0.1677716028518201
238,0.1681,0,1,0,76243,529367,1239,106717,4.903544036459298,0.16777186660881266
239,0.1683,0,6,0,76249,529361,1239,106717,4.903488458260773,0.16777344916818376
240,0.1686,0,1,0,76250,529360,1239,106717,4.9034791952276855,0.16777371293098162
241,0.169,0,2,0,76252,529358,1239,106717,4.90346066916151,0.16777424045906536
242,0.1692,0,2,0,76254,529356,1239,106717,4.903442143095335,0.1677747679904665
243,0.1693,0,2,0,76256,529354,1239,106717,4.90342361702916,0.16777529552518508
244,0.17,182,8301,182,84557,521053,1421,106535,4.826531179369373,0.1697530864197531
245,0.1708,0,1,0,84558,521052,1421,106535,4.826521916336286,0.1697533569050984
246,0.171,0,3,0,84561,521049,1421,106535,4.826494127237022,0.16975416836630633
247,0.1717,0,5,0,84566,521044,1421,106535,4.826447812071585,0.16975552081889292
248,0.172,0,10,0,84576,521034,1421,106535,4.826355181740709,0.16975822578871805
249,0.1723,0,1,0,84577,521033,1421,106535,4.826345918707622,0.16975849629044185
250,0.1725,0,20,0,84597,521013,1421,106535,4.826160658045871,0.16976390650595652
251,0.173,0,1,0,84598,521012,1421,106535,4.826151395012783,0.16976417702578453
252,0.1733,2,64,2,84662,520948,1423,106533,4.825558560895179,0.1697788458933418
253,0.174,0,20,0,84682,520928,1423,106533,4.825373300233428,0.16978425750763793
254,0.1741,0,1,0,84683,520927,1423,106533,4.825364037200341,0.1697845280974086
255,0.1748,0,1,0,84684,520926,1423,106533,4.825354774167253,0.16978479868804178
256,0.175,4,191,4,84875,520735,1427,106529,4.82358553484753,0.1698312034486277
257,0.1756,0,1,0,84876,520734,1427,106529,4.823576271814443,0.1698314741982231
258,0.1757,0,2,0,84878,520732,1427,106529,4.823557745748268,0.16983201570000367
259,0.1758,0,1,0,84879,520731,1427,106529,4.82354848271518,0.1698322864521889
260,0.176,0,17,0,84896,520714,1427,106529,4.823391011152692,0.16983688937142383
261,0.1765,0,2,0,84898,520712,1427,106529,4.823372485086517,0.16983743090773723
262,0.1767,1,80,1,84978,520632,1428,106528,4.822631442439512,0.1698577715415524
263,0.1775,0,21,0,84999,520611,1428,106528,4.822436918744674,0.16986345929690227
264,0.178,0,6,0,85005,520605,1428,106528,4.822381340546149,0.16986508443982376
265,0.1783,0,10,0,85015,520595,1428,106528,4.822288710215273,0.1698677930804643
266,0.1788,0,1,0,85016,520594,1428,106528,4.8222794471821855,0.16986806394927942
267,0.1789,0,1,0,85017,520593,1428,106528,4.822270184149097,0.16986833481895838
268,0.179,0,1,0,85018,520592,1428,106528,4.82226092111601,0.1698686056895012
269,0.18,217,8682,217,93700,511910,1645,106311,4.741839267849865,0.17196277706515956
270,0.1807,0,1,0,93701,511909,1645,106311,4.741830004816777,0.17196305522305974
271,0.1808,0,1,0,93702,511908,1645,106311,4.741820741783689,0.17196333338185982
272,0.1814,0,1,0,93703,511907,1645,106311,4.741811478750602,0.17196361154155979
273,0.1817,0,9,0,93712,511898,1645,106311,4.741728111452814,0.1719661150193543
274,0.182,1,7,1,93719,511891,1646,106310,4.741663270221201,0.1719667227972779
275,0.1825,1,35,1,93754,511856,1647,106309,4.741339064063137,0.17197511991135053
276,0.1833,0,76,0,93830,511780,1647,106309,4.740635073548483,0.1719962659099256
277,0.1838,0,1,0,93831,511779,1647,106309,4.740625810515395,0.17199654418141105
278,0.184,0,13,0,93844,511766,1647,106309,4.740505391085257,0.1720001617926627
279,0.1842,0,2,0,93846,511764,1647,106309,4.740486865019082,0.1720007183617469
280,0.185,4,202,4,94048,511562,1651,106305,4.738615732335396,0.17205159039081228
281,0.1857,0,1,0,94049,511561,1651,106305,4.738606469302308,0.17205186885182225
282,0.186,1,12,1,94061,511549,1652,106304,4.738495312905258,0.17205387041901551
283,0.1867,0,62,0,94123,511487,1652,106304,4.737921004853829,0.17207113732637735
284,0.1871,0,4,0,94127,511483,1652,106304,4.7378839527214796,0.17207225143941196
285,0.1875,0,43,0,94170,511440,1652,106304,4.737485642298714,0.17208422906576187
286,0.1879,0,1,0,94171,511439,1652,106304,4.737476379265627,0.17208450763505212
287,0.188,0,7,0,94178,511432,1652,106304,4.737411538034014,0.17208645764533717
288,0.1883,0,7,0,94185,511425,1652,106304,4.737346696802401,0.1720884076998166
289,0.1888,0,1,0,94186,511424,1652,106304,4.737337433769313,0.1720886862826357
290,0.189,0,1,0,94187,511423,1652,106304,4.737328170736226,0.17208896486635683
291,0.1892,0,3,0,94190,511420,1652,106304,4.737300381636963,0.17208980062293192
292,0.1893,0,2,0,94192,511418,1652,106304,4.737281855570788,0.17209035779849188
293,0.1897,0,1,0,94193,511417,1652,106304,4.737272592537701,0.17209063638762484
294,0.19,267,9156,267,103349,502261,1919,106037,4.652460261588055,0.17431752200401776
295,0.1907,0,1,0,103350,502260,1919,106037,4.652450998554967,0.17431780857048448
296,0.1908,0,7,0,103357,502253,1919,106037,4.652386157323354,0.1743198145621332
297,0.191,0,1,0,103358,502252,1919,106037,4.652376894290266,0.1743201011361376
298,0.1912,0,1,0,103359,502251,1919,106037,4.652367631257179,0.1743203877110842
299,0.1914,0,1,0,103360,502250,1919,106037,4.652358368224092,0.1743206742869731
300,0.1917,1,4,1,103364,502246,1920,106036,4.652321316091741,0.17432046320621028
301,0.1919,0,1,0,103365,502245,1920,106036,4.652312053058654,0.17432074978505
302,0.192,0,6,0,103371,502239,1920,106036,4.6522564748601285,0.17432246927787595
303,0.1922,0,1,0,103372,502238,1920,106036,4.65224721182704,0.1743227558633116
304,0.1925,0,43,0,103415,502195,1920,106036,4.651848901404276,0.174335079928514
305,0.1929,0,3,0,103418,502192,1920,106036,4.651821112305013,0.17433593981204418
306,0.1933,4,75,4,103493,502117,1924,106032,4.6511263848234465,0.17435200912934165
307,0.1938,0,1,0,103494,502116,1924,106032,4.651117121790359,0.17435229582272735
308,0.194,1,14,1,103508,502102,1925,106031,4.6509874393271335,0.17435495195952203
309,0.195,1,173,1,103681,501929,1926,106030,4.6493849346029865,0.1744032081110733
310,0.1958,0,2,0,103683,501927,1926,106030,4.649366408536811,0.17440378184641347
311,0.196,1,21,1,103704,501906,1927,106029,4.649171884841973,0.17440844827160798
312,0.1962,0,1,0,103705,501905,1927,106029,4.649162621808885,0.17440873515875077
313,0.1967,3,75,3,103780,501830,1930,106026,4.648467894327318,0.17442617988470954
314,0.197,0,1,0,103781,501829,1930,106026,4.648458631294231,0.17442646683830848
315,0.1975,0,27,0,103808,501802,1930,106026,4.648208529400867,0.174434214942385
316,0.198,0,9,0,103817,501793,1930,106026,4.648125162103079,0.1744367977967125
317,0.1983,0,13,0,103830,501780,1930,106026,4.648004742672941,0.17444052872133542
318,0.1986,0,2,0,103832,501778,1930,106026,4.647986216606766,0.17444110272390442
319,0.1992,0,3,0,103835,501775,1930,106026,4.647958427507503,0.17444196373484083
320,0.2,262,9176,262,113011,492599,2192,105764,4.562960835896106,0.17675558147813283
321,0.2008,0,1,0,113012,492598,2192,105764,4.562951572863018,0.17675587687720812
322,0.2011,0,1,0,113013,492597,2192,105764,4.562942309829931,0.17675617227727075
323,0.2017,0,6,0,113019,492591,2192,105764,4.562886731631405,0.1767579446983814
324,0.2019,0,1,0,113020,492590,2192,105764,4.562877468598318,0.17675824010535568
325,0.202,0,8,0,113028,492582,2192,105764,4.562803364333617,0.17676060339669689
326,0.2021,0,1,0,113029,492581,2192,105764,4.56279410130053,0.17676089881255796
327,0.2025,0,26,0,113055,492555,2192,105764,4.562553262440254,0.17676857997155362
328,0.2027,0,2,0,113057,492553,2192,105764,4.5625347363740785,0.17676917085758886
329,0.2029,0,1,0,113058,492552,2192,105764,4.56252547334099,0.17676946630208787
330,0.203,0,1,0,113059,492551,2192,105764,4.562516210307903,0.17676976174757444
331,0.2032,0,1,0,113060,492550,2192,105764,4.562506947274816,0.17677005719404862
332,0.2033,1,90,1,113150,492460,2193,105763,4.561673274296936,0.17679527534046668
333,0.2036,0,1,0,113151,492459,2193,105763,4.561664011263848,0.17679557087502631
334,0.2037,0,1,0,113152,492458,2193,105763,4.561654748230761,0.17679586641057402
335,0.204,0,23,0,113175,492435,2193,105763,4.561441698469747,0.17680266400088265
336,0.2043,1,2,1,113177,492433,2194,105762,4.561423172403572,0.1768018789859494
337,0.205,1,217,1,113394,492216,2195,105761,4.559413094223572,0.1768646620187733
338,0.2056,0,1,0,113395,492215,2195,105761,4.559403831190485,0.17686495779094813
339,0.2057,0,1,0,113396,492214,2195,105761,4.559394568157398,0.1768652535641122
340,0.2058,1,1,1,113397,492213,2196,105760,4.55938530512431,0.17686417279709954
341,0.206,1,11,1,113408,492202,2197,105759,4.5592834117603465,0.176866049792545
342,0.2067,0,107,0,113515,492095,2197,105759,4.558292267219978,0.1768977041217421
343,0.207,0,1,0,113516,492094,2197,105759,4.558283004186891,0.17689800001003592
344,0.2071,0,1,0,113517,492093,2197,105759,4.558273741153803,0.17689829589931957
345,0.2075,3,36,3,113553,492057,2200,105756,4.557940271962652,0.1769048180618354
346,0.208,0,6,0,113559,492051,2200,105756,4.557884693764126,0.17690659359960656
347,0.2083,0,12,0,113571,492039,2200,105756,4.557773537367075,0.17691014478207412
348,0.2086,0,1,0,113572,492038,2200,105756,4.557764274333988,0.17691044072038195
349,0.209,0,2,0,113574,492036,2200,105756,4.557745748267813,0.17691103259996788
350,0.2092,0,3,0,113577,492033,2200,105756,4.55771795916855,0.17691192042677265
351,0.21,323,9578,323,123155,482455,2523,105433,4.468996628255956,0.17934198350706257
352,0.2105,0,1,0,123156,482454,2523,105433,4.468987365222868,0.17934228856906173
353,0.2107,0,1,0,123157,482453,2523,105433,4.468978102189781,0.17934259363209873
354,0.2108,0,2,0,123159,482451,2523,105433,4.468959576123606,0.17934320376128624
355,0.211,1,3,1,123162,482448,2524,105432,4.468931787024343,0.17934272300469484
356,0.2117,0,14,0,123176,482434,2524,105432,4.468802104561117,0.17934699404286011
357,0.212,0,8,0,123184,482426,2524,105432,4.468728000296417,0.17934943472743417
358,0.2125,2,35,2,123219,482391,2526,105430,4.468403794138353,0.17935732136143487
359,0.2129,0,1,0,123220,482390,2526,105430,4.4683945311052655,0.17935762648429793
360,0.2133,2,98,2,123318,482292,2528,105428,4.467486753862685,0.17938474103314503
361,0.2136,0,1,0,123319,482291,2528,105428,4.467477490829597,0.1793850462550981
362,0.214,2,14,2,123333,482277,2530,105426,4.467347808366371,0.179386526868163
363,0.2143,0,1,0,123334,482276,2530,105426,4.467338545333284,0.17938683210198367
364,0.2144,0,1,0,123335,482275,2530,105426,4.467329282300196,0.17938713733684306
365,0.215,6,207,6,123542,482068,2536,105420,4.465411834451072,0.17944196306988397
366,0.2158,0,3,0,123545,482065,2536,105420,4.46538404535181,0.17944287939266534
367,0.216,0,21,0,123566,482044,2536,105420,4.4651895216569715,0.17944929391418027
368,0.2162,0,1,0,123567,482043,2536,105420,4.465180258623884,0.17944959937902472
369,0.2167,2,84,2,123651,481959,2538,105418,4.464402163844529,0.1794724682784651
370,0.2171,0,1,0,123652,481958,2538,105418,4.464392900811442,0.17947277382800794
371,0.2173,0,3,0,123655,481955,2538,105418,4.464365111712179,0.17947369048287884
372,0.2175,1,29,1,123684,481926,2539,105417,4.46409648375264,0.17948115496396483
373,0.218,0,4,0,123688,481922,2539,105417,4.4640594316202895,0.1794823772982894
374,0.2183,0,7,0,123695,481915,2539,105417,4.463994590388677,0.1794845164234198
375,0.2186,0,1,0,123696,481914,2539,105417,4.463985327355589,0.17948482201688656
376,0.2187,0,2,0,123698,481912,2539,105417,4.4639668012894145,0.17948543320694194
377,0.2188,0,1,0,123699,481911,2539,105417,4.463957538256326,0.17948573880353055
378,0.219,0,1,0,123700,481910,2539,105417,4.463948275223239,0.17948604440115984
379,0.2192,0,2,0,123702,481908,2539,105417,4.463929749157064,0.1794866555995403
380,0.2193,0,1,0,123703,481907,2539,105417,4.4639204861239765,0.17948696120029148
381,0.22,316,9731,316,133434,472176,2855,105101,4.373781911148987,0.18206337685374613
382,0.2205,0,1,0,133435,472175,2855,105101,4.373772648115899,0.18206369223733535
383,0.2207,0,1,0,133436,472174,2855,105101,4.373763385082811,0.18206400762201724
384,0.2208,0,2,0,133438,472172,2855,105101,4.373744859016637,0.18206463839465903
385,0.2211,0,1,0,133439,472171,2855,105101,4.373735595983549,0.18206495378261894
386,0.2212,0,1,0,133440,472170,2855,105101,4.373726332950461,0.18206526917167154
387,0.2214,0,1,0,133441,472169,2855,105101,4.373717069917373,0.18206558456181682
388,0.2217,0,12,0,133453,472157,2855,105101,4.373605913520323,0.18206936932879234
389,0.222,0,11,0,133464,472146,2855,105101,4.37350402015636,0.18207283883675446
390,0.2225,5,34,5,133498,472112,2860,105096,4.373189077031383,0.18207647849648653
391,0.2229,0,2,0,133500,472110,2860,105096,4.373170550965208,0.18207710938555732
392,0.2233,4,93,4,133593,472017,2864,105092,4.372309088888065,0.1821007816547654
393,0.224,3,20,3,133613,471997,2867,105089,4.372123828226314,0.18210284082441786
394,0.2242,0,4,0,133617,471993,2867,105089,4.372086776093965,0.1821041030564114
395,0.2243,0,1,0,133618,471992,2867,105089,4.372077513060876,0.18210441861714385
396,0.225,6,214,6,133832,471778,2873,105083,4.37009522398014,0.1821634674557649
397,0.2253,0,1,0,133833,471777,2873,105083,4.370085960947052,0.18216378324030094
398,0.2257,0,3,0,133836,471774,2873,105083,4.3700581718477896,0.1821647306004781
399,0.2258,0,1,0,133837,471773,2873,105083,4.370048908814702,0.18216504638939354
400,0.226,0,16,0,133853,471757,2873,105083,4.369900700285301,0.18217009916094584
401,0.2262,0,2,0,133855,471755,2873,105083,4.369882174219127,0.18217073077709858
402,0.2267,2,89,2,133944,471666,2875,105081,4.369057764274334,0.1821960062210987
403,0.227,0,2,0,133946,471664,2875,105081,4.369039238208159,0.18219663802893826
404,0.2271,0,1,0,133947,471663,2875,105081,4.369029975175072,0.18219695393450128
405,0.2275,0,25,0,133972,471638,2875,105081,4.368798399347883,0.18220485192962257
406,0.228,0,10,0,133982,471628,2875,105081,4.368705769017007,0.18220801131940026
407,0.2283,0,10,0,133992,471618,2875,105081,4.368613138686132,0.182211170818746
408,0.2286,0,1,0,133993,471617,2875,105081,4.368603875653044,0.18221148677470703
409,0.2287,0,1,0,133994,471616,2875,105081,4.368594612619956,0.18221180273176382
410,0.229,0,1,0,133995,471615,2875,105081,4.368585349586868,0.18221211868991635
411,0.23,376,9898,376,143893,461717,3251,104705,4.2768998480862574,0.18485334256084687
412,0.2303,0,1,0,143894,461716,3251,104705,4.27689058505317,0.1848536689141116
413,0.2308,0,2,0,143896,461714,3251,104705,4.276872058986995,0.18485432162409807
414,0.2314,0,1,0,143897,461713,3251,104705,4.276862795953907,0.18485464798081983
415,0.2315,0,1,0,143898,461712,3251,104705,4.2768535329208195,0.18485497433869394
416,0.2317,0,8,0,143906,461704,3251,104705,4.276779428656119,0.18485758524317233
417,0.232,1,6,1,143912,461698,3252,104704,4.276723850457594,0.18485810431460342
418,0.2325,2,45,2,143957,461653,3254,104702,4.276307013968654,0.18486991374667833
419,0.2329,0,1,0,143958,461652,3254,104702,4.276297750935567,0.18487024016781023
420,0.2333,0,114,0,144072,461538,3254,104702,4.275241765163585,0.18490745973438824
421,0.2338,0,1,0,144073,461537,3254,104702,4.275232502130498,0.18490778628812216
422,0.234,0,20,0,144093,461517,3254,104702,4.275047241468746,0.1849143176050256
423,0.2342,0,1,0,144094,461516,3254,104702,4.275037978435659,0.18491464418298253
424,0.2343,0,2,0,144096,461514,3254,104702,4.2750194523694836,0.18491529734235698
425,0.2347,0,1,0,144097,461513,3254,104702,4.275010189336396,0.18491562392377453
426,0.235,5,263,5,144360,461250,3259,104697,4.27257401163437,0.18499435459504157
427,0.2356,0,1,0,144361,461249,3259,104697,4.272564748601282,0.18499468147137713
428,0.2357,0,2,0,144363,461247,3259,104697,4.272546222535107,0.18499533522751369
429,0.2358,0,2,0,144365,461245,3259,104697,4.272527696468932,0.18499598898827088
430,0.236,2,10,2,144375,461235,3261,104695,4.272435066138057,0.18499637764387822
431,0.2367,3,115,3,144490,461120,3264,104692,4.271369817332988,0.18502965649367634
432,0.237,0,1,0,144491,461119,3264,104692,4.2713605542999,0.18502998351039482
433,0.2371,0,2,0,144493,461117,3264,104692,4.271342028233724,0.18503063754729954
434,0.2375,3,45,3,144538,461072,3267,104689,4.270925191744785,0.18504103322781174
435,0.238,1,9,1,144547,461063,3268,104688,4.270841824446997,0.185042536380846
436,0.2383,0,8,0,144555,461055,3268,104688,4.270767720182296,0.1850451530111729
437,0.2386,0,1,0,144556,461054,3268,104688,4.270758457149209,0.18504548009516705
438,0.239,0,4,0,144560,461050,3268,104688,4.270721405016859,0.1850467884427067
439,0.24,398,10014,398,154574,451036,3666,104290,4.177961391678091,0.18779959879422178
440,0.2405,0,1,0,154575,451035,3666,104290,4.177952128645003,0.18779993697384414
441,0.2408,0,2,0,154577,451033,3666,104290,4.177933602578828,0.18780061333674275
442,0.241,0,1,0,154578,451032,3666,104290,4.177924339545741,0.18780095152001902
443,0.2411,0,1,0,154579,451031,3666,104290,4.177915076512654,0.18780128970451324
444,0.2413,0,3,0,154582,451028,3666,104290,4.177887287413391,0.18780230426530384
445,0.2417,0,11,0,154593,451017,3666,104290,4.177785394049428,0.1878060244153234
446,0.242,1,13,1,154606,451004,3667,104289,4.177664974619289,0.18780895851379362
447,0.2425,3,54,3,154660,450950,3670,104286,4.177164770832562,0.1878228356950918
448,0.2429,0,1,0,154661,450949,3670,104286,4.1771555077994735,0.18782317397138149
449,0.243,0,1,0,154662,450948,3670,104286,4.177146244766386,0.18782351224888966
450,0.2433,0,109,0,154771,450839,3670,104286,4.176136574159843,0.18786039180364783
451,0.2435,0,2,0,154773,450837,3670,104286,4.1761180480936675,0.18786106862803378
452,0.2438,0,1,0,154774,450836,3670,104286,4.17610878506058,0.18786140704205562
453,0.244,1,14,1,154788,450822,3671,104285,4.1759791025973545,0.18786468194420175
454,0.2442,0,4,0,154792,450818,3671,104285,4.175942050465005,0.18786603567265894
455,0.2443,0,1,0,154793,450817,3671,104285,4.1759327874319165,0.18786637410782162
456,0.245,10,252,10,155045,450565,3681,104275,4.173598503093853,0.18793706293706294
457,0.2458,0,3,0,155048,450562,3681,104275,4.17357071399459,0.18793807911152285
458,0.246,0,22,0,155070,450540,3681,104275,4.173366927266664,0.18794553139334733
459,0.2462,0,1,0,155071,450539,3681,104275,4.173357664233577,0.18794587014747285
460,0.2464,0,1,0,155072,450538,3681,104275,4.173348401200489,0.18794620890281952
461,0.2467,2,115,2,155187,450423,3683,104273,4.17228315239542,0.18798224613121423
462,0.2471,0,1,0,155188,450422,3683,104273,4.172273889362333,0.18798258502420248
463,0.2473,0,2,0,155190,450420,3683,104273,4.172255363296157,0.18798326281384478
464,0.2475,1,49,1,155239,450371,3684,104272,4.171801474674868,0.18799840618199454
465,0.248,0,19,0,155258,450352,3684,104272,4.171625477046204,0.1880048465266559
466,0.2483,0,17,0,155275,450335,3684,104272,4.171468005483716,0.1880106093143433
467,0.2485,0,1,0,155276,450334,3684,104272,4.171458742450628,0.18801094831285634
468,0.2486,0,1,0,155277,450333,3684,104272,4.17144947941754,0.18801128731259184
469,0.2487,0,2,0,155279,450331,3684,104272,4.171430953351365,0.18801196531573036
470,0.2488,0,1,0,155280,450330,3684,104272,4.171421690318278,0.18801230431913335
471,0.249,0,4,0,155284,450326,3684,104272,4.171384638185928,0.18801366034497058
472,0.2492,0,2,0,155286,450324,3684,104272,4.1713661121197525,0.1880143383652244
473,0.2493,0,1,0,155287,450323,3684,104272,4.171356849086665,0.18801467737718516
474,0.25,416,10266,416,165553,440057,4100,103856,4.076262551409834,0.19094230143423674
475,0.2507,0,1,0,165554,440056,4100,103856,4.076253288376746,0.19094265248790246
476,0.2508,0,2,0,165556,440054,4100,103856,4.076234762310571,0.19094335459910647
477,0.251,0,2,0,165558,440052,4100,103856,4.076216236244396,0.19094405671547393
478,0.2515,0,1,0,165559,440051,4100,103856,4.076206973211308,0.190944407775594
479,0.2517,2,15,2,165574,440036,4102,103854,4.076068027714995,0.1909466987810035
480,0.252,0,15,0,165589,440021,4102,103854,4.075929082218682,0.1909519650655022
481,0.2525,1,38,1,165627,439983,4103,103853,4.075577086961355,0.19096381997513956
482,0.2527,0,1,0,165628,439982,4103,103853,4.075567823928267,0.1909641711180781
483,0.2529,0,1,0,165629,439981,4103,103853,4.075558560895179,0.19096452226230798
484,0.253,0,1,0,165630,439980,4103,103853,4.075549297862092,0.19096487340782925
485,0.2533,1,86,1,165716,439894,4104,103852,4.074752677016562,0.19099358891835527
486,0.254,0,20,0,165736,439874,4104,103852,4.074567416354811,0.1910006142799866
487,0.2542,0,5,0,165741,439869,4104,103852,4.074521101189373,0.19100237070115003
488,0.2543,0,5,0,165746,439864,4104,103852,4.074474786023936,0.19100412715461748
489,0.255,5,262,5,166008,439602,4109,103847,4.072047871354997,0.19108876821928092
490,0.2553,0,1,0,166009,439601,4109,103847,4.072038608321909,0.19108911984219282
491,0.2557,0,6,0,166015,439595,4109,103847,4.071983030123383,0.19109122960683936
492,0.2558,0,3,0,166018,439592,4109,103847,4.071955241024121,0.19109228450663276
493,0.256,0,22,0,166040,439570,4109,103847,4.071751454296194,0.19110002079434393
494,0.2562,0,1,0,166041,439569,4109,103847,4.071742191263107,0.19110037245866887
495,0.2565,0,2,0,166043,439567,4109,103847,4.071723665196932,0.19110107579120156
496,0.2567,1,126,1,166169,439441,4110,103846,4.0705565230279,0.19114390736387948
497,0.257,0,1,0,166170,439440,4110,103846,4.070547259994813,0.19114425919313216
498,0.2571,1,1,1,166171,439439,4111,103845,4.0705379969617255,0.1911431221975983
499,0.2575,0,51,0,166222,439388,4111,103845,4.0700655822742595,0.19116106716639084
500,0.2576,0,1,0,166223,439387,4111,103845,4.070056319241172,0.19116141906220546
501,0.2577,0,1,0,166224,439386,4111,103845,4.070047056208085,0.19116177095931566
502,0.258,1,8,1,166232,439378,4112,103844,4.0699729519433845,0.19116309722360286
503,0.2583,0,22,0,166254,439356,4112,103844,4.069769165215458,0.19117083946980853
504,0.2586,0,1,0,166255,439355,4112,103844,4.069759902182371,0.19117119140499153
505,0.2587,0,2,0,166257,439353,4112,103844,4.069741376116196,0.1911718952792449
506,0.259,1,0,1,166257,439353,4113,103843,4.069741376116196,0.19117040626219634
507,0.2592,0,1,0,166258,439352,4113,103843,4.069732113083108,0.1911707581991734
508,0.2593,0,1,0,166259,439351,4113,103843,4.06972285005002,0.19117111013744628
509,0.26,443,10496,443,176755,428855,4556,103400,3.9724980547630517,0.1942677851781571
510,0.2607,0,1,0,176756,428854,4556,103400,3.972488791729964,0.1942681501689043
511,0.2608,0,1,0,176757,428853,4556,103400,3.9724795286968764,0.19426851516102306
512,0.261,0,1,0,176758,428852,4556,103400,3.972470265663789,0.19426888015451327
513,0.2613,0,1,0,176759,428851,4556,103400,3.9724610026307015,0.19426924514937502
514,0.2617,0,18,0,176777,428833,4556,103400,3.9722942680351254,0.19427581529142313
515,0.262,1,11,1,176788,428822,4557,103399,3.9721923746711623,0.19427831671429727
516,0.2625,0,40,0,176828,428782,4557,103399,3.9718218533476604,0.19429291913841343
517,0.2627,0,2,0,176830,428780,4557,103399,3.971803327281485,0.194293649317241
518,0.263,1,1,1,176831,428779,4558,103398,3.9717940642483973,0.19429250042748936
519,0.2633,5,128,5,176959,428651,4563,103393,3.9706083960131906,0.19433167181661667
520,0.2636,0,1,0,176960,428650,4563,103393,3.970599132980103,0.19433203707219154
521,0.2638,0,1,0,176961,428649,4563,103393,3.9705898699470152,0.19433240232913943
522,0.264,1,24,1,176985,428625,4564,103392,3.970367557152914,0.19433965455991067
523,0.2642,0,3,0,176988,428622,4564,103392,3.9703397680536514,0.19434075043137963
524,0.2643,0,4,0,176992,428618,4564,103392,3.970302715921301,0.19434221161256368
525,0.2647,0,1,0,176993,428617,4564,103392,3.970293452888214,0.19434257691129286
526,0.265,10,277,10,177270,428340,4574,103382,3.9677275927229614,0.19442866761202282
527,0.2657,0,2,0,177272,428338,4574,103382,3.967709066656786,0.1944293989317686
528,0.2658,1,3,1,177275,428335,4575,103381,3.9676812775575234,0.19442898088453234
529,0.266,0,16,0,177291,428319,4575,103381,3.9675330690281227,0.1944348316719955
530,0.2662,0,1,0,177292,428318,4575,103381,3.967523805995035,0.19443519735790363
531,0.2667,6,117,6,177409,428201,4581,103375,3.966440031123791,0.1944689000255843
532,0.267,0,1,0,177410,428200,4581,103375,3.966430768090704,0.19446926586088512
533,0.2671,0,6,0,177416,428194,4581,103375,3.966375189892178,0.1944714609015951
534,0.2673,0,2,0,177418,428192,4581,103375,3.9663566638260033,0.19447219259284343
535,0.2675,2,47,2,177465,428145,4583,103373,3.965921301270888,0.19448635794084113
536,0.268,2,11,2,177476,428134,4585,103371,3.965819407906925,0.1944873519534153
537,0.2683,0,13,0,177489,428121,4585,103371,3.965698988476787,0.1944921090063444
538,0.2686,0,1,0,177490,428120,4585,103371,3.965689725443699,0.19449247494313168
539,0.269,0,1,0,177491,428119,4585,103371,3.965680462410612,0.19449284088129598
540,0.2692,1,3,1,177494,428116,4586,103370,3.965652673311349,0.19449242313061868
541,0.2693,0,3,0,177497,428113,4586,103370,3.9656248842120863,0.1944935209592781
542,0.27,502,10337,502,187834,417776,5088,102868,3.8698729111860386,0.19757838369404046
543,0.2705,0,2,0,187836,417774,5088,102868,3.8698543851198637,0.19757914267385265
544,0.2707,0,1,0,187837,417773,5088,102868,3.869845122086776,0.19757952216594543
545,0.2708,0,2,0,187839,417771,5088,102868,3.869826596020601,0.19758028115450438
546,0.271,0,2,0,187841,417769,5088,102868,3.8698080699544257,0.19758104014889452
547,0.2717,0,14,0,187855,417755,5088,102868,3.8696783874912,0.19758635327290572
548,0.2719,0,1,0,187856,417754,5088,102868,3.8696691244581127,0.19758673279269798
549,0.272,1,14,1,187870,417740,5089,102867,3.869539441994887,0.1975905049298223
550,0.2725,5,48,5,187918,417692,5094,102862,3.869094816406684,0.19760101737763996
551,0.2729,0,3,0,187921,417689,5094,102862,3.8690670273074215,0.19760215617682034
552,0.273,1,0,1,187921,417689,5095,102861,3.8690670273074215,0.1976006147344155
553,0.2733,6,115,6,188036,417574,5101,102855,3.868001778502353,0.19763502802495633
554,0.274,0,23,0,188059,417551,5101,102855,3.8677887287413393,0.1976437627544648
555,0.2743,0,2,0,188061,417549,5101,102855,3.867770202675164,0.19764452233264926
556,0.275,9,291,9,188352,417258,5110,102846,3.8650746600466857,0.1977412209865719
557,0.2755,1,0,1,188352,417258,5111,102845,3.8650746600466857,0.19773967848676127
558,0.2756,0,2,0,188354,417256,5111,102845,3.8650561339805107,0.1977404388762952
559,0.2757,0,2,0,188356,417254,5111,102845,3.8650376079143354,0.19774119927167713
560,0.2758,0,1,0,188357,417253,5111,102845,3.865028344881248,0.19774157947156112
561,0.276,4,26,4,188383,417227,5115,102841,3.8647875060209715,0.1977452948460586
562,0.2762,0,1,0,188384,417226,5115,102841,3.864778242987884,0.19774567507648053
563,0.2765,0,1,0,188385,417225,5115,102841,3.864768979954796,0.1977460553083647
564,0.2767,1,106,1,188491,417119,5116,102840,3.8637870984475158,0.19778482534199812
565,0.2771,0,2,0,188493,417117,5116,102840,3.8637685723813404,0.19778558611577496
566,0.2775,3,45,3,188538,417072,5119,102837,3.8633517358924006,0.19779807620179685
567,0.2776,0,1,0,188539,417071,5119,102837,3.863342472859313,0.19779845665002269
568,0.2777,0,1,0,188540,417070,5119,102837,3.8633332098262256,0.19779883709971208
569,0.278,0,16,0,188556,417054,5119,102837,3.8631850012968245,0.19780492449378811
570,0.2783,0,11,0,188567,417043,5119,102837,3.8630831079328614,0.19780910979456798
571,0.2787,0,3,0,188570,417040,5119,102837,3.8630553188335988,0.1978102512709737
572,0.279,0,4,0,188574,417036,5119,102837,3.8630182667012485,0.19781177326000773
573,0.2792,0,1,0,188575,417035,5119,102837,3.8630090036681612,0.19781215376092576
574,0.2793,0,2,0,188577,417033,5119,102837,3.862990477601986,0.19781291476715332
575,0.28,583,10771,583,199348,406262,5702,102254,3.76321834821594,0.2010831517592367
576,0.2803,0,1,0,199349,406261,5702,102254,3.763209085182852,0.20108354719133162
577,0.2807,0,3,0,199352,406258,5702,102254,3.7631812960835895,0.20108473349694797
578,0.281,0,1,0,199353,406257,5702,102254,3.763172033050502,0.20108512893526392
579,0.2817,0,18,0,199371,406239,5702,102254,3.7630052984549263,0.20109224709091375
580,0.2818,0,1,0,199372,406238,5702,102254,3.7629960354218386,0.20109264255878165
581,0.282,2,16,2,199388,406222,5704,102252,3.7628478268924375,0.20109582790860497
582,0.2825,2,43,2,199431,406179,5706,102250,3.762449516469673,0.20110969279879787
583,0.2827,1,1,1,199432,406178,5707,102249,3.7624402534365853,0.201108517053579
584,0.2829,0,2,0,199434,406176,5707,102249,3.7624217273704104,0.20110930815754535
585,0.283,0,2,0,199436,406174,5707,102249,3.762403201304235,0.20111009926773574
586,0.2833,5,136,5,199572,406038,5712,102244,3.7611434288043277,0.20115605116844587
587,0.2838,0,1,0,199573,406037,5712,102244,3.76113416577124,0.2011564469260114
588,0.284,2,18,2,199591,406019,5714,102242,3.760967431175664,0.20116042741819656
589,0.2842,0,1,0,199592,406018,5714,102242,3.7609581681425768,0.20116082320072404
590,0.2843,0,5,0,199597,406013,5714,102242,3.760911852977139,0.20116280213672272
591,0.2846,0,1,0,199598,406012,5714,102242,3.760902589944051,0.20116319792859474
592,0.2847,0,2,0,199600,406010,5714,102242,3.760884063877876,0.20116398951701125
593,0.285,13,304,13,199904,405706,5727,102229,3.75806810181926,0.2012639412523256
594,0.2857,0,5,0,199909,405701,5727,102229,3.758021786653822,0.20126592246963165
595,0.2858,0,1,0,199910,405700,5727,102229,3.7580125236207342,0.20126631871777353
596,0.286,2,17,2,199927,405683,5729,102227,3.757855052058246,0.20126991002342934
597,0.2862,0,1,0,199928,405682,5729,102227,3.757845789025158,0.2012703062950253
598,0.2867,9,131,9,200059,405551,5738,102218,3.756632331690689,0.201308075128651
599,0.2868,0,2,0,200061,405549,5738,102218,3.7566138056245135,0.2013088680438075
600,0.2871,0,1,0,200062,405548,5738,102218,3.7566045425914263,0.2013092645037281
601,0.2875,2,42,2,200104,405506,5740,102216,3.756215495201749,0.2013227711227798
602,0.288,1,11,1,200115,405495,5741,102215,3.756113601837786,0.20132555986685313
603,0.2883,0,11,0,200126,405484,5741,102215,3.7560117084738227,0.20132992186315118
604,0.2885,0,1,0,200127,405483,5741,102215,3.756002445440735,0.20133031841764198
605,0.289,0,3,0,200130,405480,5741,102215,3.7559746563414724,0.2013315080904874
606,0.2892,0,5,0,200135,405475,5741,102215,3.7559283411760345,0.20133349090980718
607,0.2893,0,4,0,200139,405471,5741,102215,3.7558912890436846,0.2013350771933833
608,0.2897,0,1,0,200140,405470,5741,102215,3.755882026010597,0.20133547376818303
609,0.29,622,10708,622,210848,394762,6363,101593,3.656693467709067,0.2046781033735935
610,0.2907,0,1,0,210849,394761,6363,101593,3.656684204675979,0.2046785157367524
611,0.2908,0,4,0,210853,394757,6363,101593,3.656647152543629,0.20468016520600382
612,0.291,0,1,0,210854,394756,6363,101593,3.656637889510541,0.20468057757747068
613,0.2914,0,2,0,210856,394754,6363,101593,3.656619363444366,0.20468140232538928
614,0.2915,0,1,0,210857,394753,6363,101593,3.6566101004112785,0.20468181470184105
615,0.2917,0,15,0,210872,394738,6363,101593,3.6564711549149655,0.2046880005480214
616,0.292,0,18,0,210890,394720,6363,101593,3.6563044203193895,0.20469542405699628
617,0.2925,0,39,0,210929,394681,6363,101593,3.655943162028975,0.20471151017381528
618,0.2927,0,3,0,210932,394678,6363,101593,3.6559153729297122,0.20471274767213882
619,0.2929,1,1,1,210933,394677,6364,101592,3.6559061098966246,0.20471155764313306
620,0.2933,3,123,3,211056,394554,6367,101589,3.6547667568268554,0.2047574993499858
621,0.294,2,30,2,211086,394524,6369,101587,3.654488865834229,0.2047666751997033
622,0.2942,0,1,0,211087,394523,6369,101587,3.6544796028011413,0.20476708794420592
623,0.2943,0,3,0,211090,394520,6369,101587,3.6544518137018787,0.2047683261876974
624,0.295,8,312,8,211402,394208,6377,101579,3.6515617473785618,0.20488435558011808
625,0.2953,0,1,0,211403,394207,6377,101579,3.651552484345474,0.2048847688317137
626,0.2957,0,1,0,211404,394206,6377,101579,3.6515432213123864,0.20488518208497636
627,0.2958,0,2,0,211406,394204,6377,101579,3.6515246952462115,0.2048860085965029
628,0.296,1,25,1,211431,394179,6378,101578,3.6512931194190226,0.2048947367359412
629,0.2965,0,1,0,211432,394178,6378,101578,3.651283856385935,0.2048951500334842
630,0.2967,9,124,9,211556,394054,6387,101569,3.6501352402830785,0.20493197450481515
631,0.297,0,1,0,211557,394053,6387,101569,3.6501259772499908,0.20493238798923374
632,0.2975,1,47,1,211604,394006,6388,101568,3.6496906146948755,0.20495021934161195
633,0.298,0,12,0,211616,393994,6388,101568,3.649579458297825,0.2049551821971822
634,0.2983,0,8,0,211624,393986,6388,101568,3.6495053540331246,0.20495849090109253
635,0.2986,0,3,0,211627,393983,6388,101568,3.649477564933862,0.20495973169260076
636,0.2987,0,2,0,211629,393981,6388,101568,3.6494590388676866,0.20496055889528583
637,0.299,0,1,0,211630,393980,6388,101568,3.6494497758345994,0.20496097249913228
638,0.2993,0,2,0,211632,393978,6388,101568,3.649431249768424,0.204961799711833
639,0.3,599,10887,599,222519,383091,6987,100969,3.5485846085442216,0.20858777837458167
640,0.3002,0,1,0,222520,383090,6987,100969,3.548575345511134,0.20858820928853714
641,0.3007,0,3,0,222523,383087,6987,100969,3.5485475564118714,0.20858950204108614
642,0.3008,0,1,0,222524,383086,6987,100969,3.548538293378784,0.20858993296216338
643,0.301,0,2,0,222526,383084,6987,100969,3.5485197673126088,0.20859079480965928
644,0.3013,0,1,0,222527,383083,6987,100969,3.548510504279521,0.20859122573607794
645,0.3017,1,14,1,222541,383069,6988,100968,3.5483808218162953,0.20859562388825648
646,0.302,2,13,2,222554,383056,6990,100966,3.5482604023861573,0.20859795629124295
647,0.3021,0,1,0,222555,383055,6990,100966,3.5482511393530696,0.2085983872600569
648,0.3023,0,1,0,222556,383054,6990,100966,3.5482418763199823,0.20859881823065163
649,0.3025,2,52,2,222608,383002,6992,100964,3.5477601985994296,0.2086179607658389
650,0.3027,0,1,0,222609,383001,6992,100964,3.547750935566342,0.20861839182585518
651,0.3029,0,2,0,222611,382999,6992,100964,3.5477324095001666,0.20861925395123182
652,0.303,0,1,0,222612,382998,6992,100964,3.5477231464670793,0.2086196850165922
653,0.3033,3,141,3,222753,382857,6995,100961,3.546417058801734,0.20867557635309145
654,0.3037,0,1,0,222754,382856,6995,100961,3.5464077957686464,0.2086760076640548
655,0.304,2,26,2,222780,382830,6997,100959,3.5461669569083702,0.2086839510613098
656,0.3042,0,3,0,222783,382827,6997,100959,3.546139167809107,0.20868524512904466
657,0.3043,0,1,0,222784,382826,6997,100959,3.54612990477602,0.2086856764885228
658,0.3045,1,1,1,222785,382825,6998,100958,3.5461206417429323,0.20868447217037392
659,0.3047,0,2,0,222787,382823,6998,100958,3.5461021156767574,0.20868533489326782
660,0.305,12,289,12,223076,382534,7010,100946,3.543425099114454,0.20879043600562588
661,0.3052,0,2,0,223078,382532,7010,100946,3.543406573048279,0.20879129970753582
662,0.3057,0,4,0,223082,382528,7010,100946,3.543369520915929,0.20879302713279307
663,0.3058,0,2,0,223084,382526,7010,100946,3.5433509948497535,0.20879389085614058
664,0.306,2,24,2,223108,382502,7012,100944,3.5431286820556522,0.20880098294328633
665,0.3062,0,1,0,223109,382501,7012,100944,3.5431194190225646,0.2088014148455357
666,0.3063,0,1,0,223110,382500,7012,100944,3.5431101559894773,0.20880184674957183
667,0.3065,0,1,0,223111,382499,7012,100944,3.5431008929563896,0.20880227865539475
668,0.3067,6,118,6,223229,382381,7018,100938,3.5420078550520584,0.2088434346673729
669,0.3071,0,4,0,223233,382377,7018,100938,3.541970802919708,0.20884516309239315
670,0.3075,1,61,1,223294,382316,7019,100937,3.541405757901367,0.2088698880296656
671,0.3077,0,1,0,223295,382315,7019,100937,3.5413964948682795,0.20887032024699329
672,0.308,1,7,1,223302,382308,7020,100936,3.5413316536366666,0.20887170870202218
673,0.3082,0,1,0,223303,382307,7020,100936,3.5413223906035793,0.20887214093116713
674,0.3083,3,13,3,223316,382294,7023,100933,3.541201971173441,0.2088728485784114
675,0.309,0,1,0,223317,382293,7023,100933,3.5411927081403536,0.20887328082512116
676,0.3092,0,3,0,223320,382290,7023,100933,3.541164919041091,0.2088745775759846
677,0.3093,0,2,0,223322,382288,7023,100933,3.5411463929749156,0.2088754420855054
678,0.31,712,10852,712,234174,371436,7735,100221,3.4406239579087776,0.2124870403704387
679,0.3107,0,2,0,234176,371434,7735,100221,3.4406054318426027,0.21248794139784377
680,0.3108,0,3,0,234179,371431,7735,100221,3.4405776427433397,0.21248929295327912
681,0.311,0,3,0,234182,371428,7735,100221,3.440549853644077,0.21249064452590805
682,0.3113,0,1,0,234183,371427,7735,100221,3.44054059061099,0.21249109505393854
683,0.3117,1,13,1,234196,371414,7736,100220,3.4404201711808513,0.2124952823587782
684,0.312,0,12,0,234208,371402,7736,100220,3.440309014783801,0.212500689111195
685,0.3121,0,2,0,234210,371400,7736,100220,3.4402904887176255,0.2125015902633476
686,0.3125,1,63,1,234273,371337,7737,100219,3.4397069176331097,0.2125283105293963
687,0.3127,0,2,0,234275,371335,7737,100219,3.4396883915669347,0.21252921192482727
688,0.3129,0,1,0,234276,371334,7737,100219,3.439679128533847,0.2125296626254101
689,0.3133,5,144,5,234420,371190,7742,100214,3.438345251769239,0.21258623176723151
690,0.314,1,19,1,234439,371171,7743,100213,3.438169254140576,0.212593130017141
691,0.3142,0,5,0,234444,371166,7743,100213,3.438122938975138,0.2125953850298804
692,0.3143,0,3,0,234447,371163,7743,100213,3.4380951498758754,0.21259673806048673
693,0.3145,0,1,0,234448,371162,7743,100213,3.4380858868427877,0.21259718907451605
694,0.3147,0,4,0,234452,371158,7743,100213,3.4380488347104374,0.2125989931497695
695,0.315,13,290,13,234742,370868,7756,100200,3.435362555115047,0.21270814404714394
696,0.3157,0,2,0,234744,370866,7756,100200,3.435344029048872,0.21270904713989122
697,0.3158,0,5,0,234749,370861,7756,100200,3.435297713883434,0.2127113049053095
698,0.316,1,25,1,234774,370836,7757,100199,3.435066138056245,0.21272092307365695
699,0.3162,0,2,0,234776,370834,7757,100199,3.43504761199007,0.2127218262839334
700,0.3166,0,1,0,234777,370833,7757,100199,3.4350383489569825,0.2127222778919479
701,0.3167,9,116,9,234893,370717,7766,100190,3.433963837118826,0.21275963194431172
702,0.317,0,1,0,234894,370716,7766,100190,3.4339545740857385,0.2127600837534455
703,0.3171,0,3,0,234897,370713,7766,100190,3.433926784986476,0.2127614391923602
704,0.3173,0,1,0,234898,370712,7766,100190,3.4339175219533886,0.21276189100916965
705,0.3175,0,49,0,234947,370663,7766,100190,3.4334636333320985,0.21278403238378008
706,0.318,0,17,0,234964,370646,7766,100190,3.4333061617696097,0.21279171516196724
707,0.3183,2,24,2,234988,370622,7768,100188,3.4330838489755084,0.21279921836834392
708,0.3186,0,2,0,234990,370620,7768,100188,3.4330653229093335,0.21280012234286588
709,0.319,0,1,0,234991,370619,7768,100188,3.433056059876246,0.21280057433300695
710,0.3192,0,3,0,234994,370616,7768,100188,3.4330282707769832,0.2128019303149506
711,0.3193,0,3,0,234997,370613,7768,100188,3.4330004816777206,0.2128032863141752
712,0.32,687,10861,687,245858,359752,8455,99501,3.3323946793137944,0.2166583560695303
713,0.3207,0,1,0,245859,359751,8455,99501,3.332385416280707,0.2166588278330851
714,0.3208,0,3,0,245862,359748,8455,99501,3.332357627181444,0.2166602431360765
715,0.3214,0,1,0,245863,359747,8455,99501,3.332348364148357,0.21666071490784936
716,0.3217,1,16,1,245879,359731,8456,99500,3.3322001556189558,0.21666655778899943
717,0.322,1,11,1,245890,359720,8457,99499,3.3320982622549926,0.21667004196254946
718,0.3223,0,1,0,245891,359719,8457,99499,3.3320889992219054,0.2166705137864805
719,0.3225,3,57,3,245948,359662,8460,99496,3.3315610063359147,0.21669229328466455
720,0.3227,0,1,0,245949,359661,8460,99496,3.331551743302827,0.21669276521973965
721,0.3229,0,1,0,245950,359660,8460,99496,3.3315424802697393,0.21669323715687044
722,0.323,1,5,1,245955,359655,8461,99495,3.331496165104302,0.21669389088533159
723,0.3233,5,142,5,246097,359513,8466,99490,3.330180814405869,0.21675239595383908
724,0.3235,0,1,0,246098,359512,8466,99490,3.3301715513727816,0.21675286817922362
725,0.324,3,20,3,246118,359492,8469,99487,3.3299862907110303,0.21675719368424262
726,0.3243,1,5,1,246123,359487,8470,99486,3.3299399755455927,0.21675784850089222
727,0.325,20,326,20,246449,359161,8490,99466,3.32692022675905,0.2168777677720675
728,0.3256,0,1,0,246450,359160,8490,99466,3.3269109637259624,0.21687824065796532
729,0.3257,0,4,0,246454,359156,8490,99466,3.326873911593612,0.2168801322221786
730,0.3258,0,2,0,246456,359154,8490,99466,3.326855385527437,0.21688107801665868
731,0.326,2,21,2,246477,359133,8492,99464,3.3266608618325986,0.2168875941185834
732,0.3262,0,2,0,246479,359131,8492,99464,3.326642335766423,0.21688853999716526
733,0.3264,0,1,0,246480,359130,8492,99464,3.326633072733336,0.21688901293955
734,0.3267,6,128,6,246608,359002,8498,99458,3.325447404498129,0.21693931858831741
735,0.327,0,4,0,246612,358998,8498,99458,3.3254103523657785,0.2169412113703387
736,0.3271,0,2,0,246614,358996,8498,99458,3.3253918262996036,0.2169421577737352
737,0.3275,2,48,2,246662,358948,8500,99456,3.324947200711401,0.2169614575789042
738,0.3277,0,1,0,246663,358947,8500,99456,3.3249379376783135,0.21696193087741572
739,0.328,0,18,0,246681,358929,8500,99456,3.3247712030827374,0.21697045060375011
740,0.3283,0,11,0,246692,358918,8500,99456,3.3246693097187743,0.21697565743257688
741,0.3286,1,2,1,246694,358916,8501,99455,3.3246507836525994,0.21697489588128394
742,0.329,0,1,0,246695,358915,8501,99455,3.3246415206195117,0.2169753692431878
743,0.3293,1,2,1,246697,358913,8502,99454,3.3246229945533368,0.2169746076833629
744,0.3297,0,1,0,246698,358912,8502,99454,3.324613731520249,0.2169750810487689
745,0.33,713,10779,713,257477,348133,9215,98741,3.2247674978695025,0.22095937557342785
746,0.3303,0,1,0,257478,348132,9215,98741,3.2247582348364148,0.22095987003018755
747,0.3307,0,1,0,257479,348131,9215,98741,3.224748971803327,0.2209603644891602
748,0.3308,0,2,0,257481,348129,9215,98741,3.224730445737152,0.22096135341374448
749,0.331,0,1,0,257482,348128,9215,98741,3.2247211827040645,0.22096184787935613
750,0.3317,0,13,0,257495,348115,9215,98741,3.2246007632739264,0.22096827613369854
751,0.3319,0,1,0,257496,348114,9215,98741,3.2245915002408387,0.22096877063029394
752,0.332,0,16,0,257512,348098,9215,98741,3.224443291711438,0.22097668287683037
753,0.3323,0,1,0,257513,348097,9215,98741,3.2244340286783504,0.22097717741105277
754,0.3325,2,51,2,257564,348046,9217,98739,3.2239616139908853,0.2209989144666898
755,0.3327,0,3,0,257567,348043,9217,98739,3.2239338248916227,0.22100039840459104
756,0.3329,0,1,0,257568,348042,9217,98739,3.223924561858535,0.22100089305498666
757,0.3333,11,140,11,257708,347902,9228,98728,3.2226277372262775,0.22105098179701319
758,0.3338,0,1,0,257709,347901,9228,98728,3.22261847419319,0.22105147672900774
759,0.334,1,28,1,257737,347873,9229,98727,3.2223591092667383,0.22106359158083297
760,0.3343,0,1,0,257738,347872,9229,98727,3.2223498462336506,0.2210640865743094
761,0.3344,0,1,0,257739,347871,9229,98727,3.2223405832005634,0.22106458157000256
762,0.335,22,299,22,258038,347572,9251,98705,3.2195709363073846,0.22117429309599196
763,0.3353,0,1,0,258039,347571,9251,98705,3.219561673274297,0.22117478869578466
764,0.3357,0,8,0,258047,347563,9251,98705,3.2194875690095963,0.22117875357408553
765,0.3358,0,2,0,258049,347561,9251,98705,3.2194690429434214,0.22117974481587216
766,0.336,1,24,1,258073,347537,9252,98704,3.21924673014932,0.22118989514634468
767,0.3362,0,1,0,258074,347536,9252,98704,3.2192374671162325,0.22119039082108283
768,0.3365,0,1,0,258075,347535,9252,98704,3.219228204083145,0.22119088649804253
769,0.3367,9,138,9,258213,347397,9261,98695,3.2179499055170626,0.22124359997489307
770,0.337,0,3,0,258216,347394,9261,98695,3.2179221164178,0.2212450878636326
771,0.3371,0,3,0,258219,347391,9261,98695,3.217894327318537,0.22124657577238468
772,0.3372,0,1,0,258220,347390,9261,98695,3.2178850642854497,0.22124707174641603
773,0.3373,0,2,0,258222,347388,9261,98695,3.2178665382192744,0.2212480637011498
774,0.3375,4,56,4,258278,347332,9265,98691,3.2173478083663714,0.22126885833241783
775,0.3377,0,1,0,258279,347331,9265,98691,3.217338545333284,0.22126935442646326
776,0.338,1,11,1,258290,347320,9266,98690,3.217236651969321,0.22127306562633126
777,0.3382,0,1,0,258291,347319,9266,98690,3.2172273889362333,0.22127356174426974
778,0.3383,0,12,0,258303,347307,9266,98690,3.2171162325391824,0.22127951533306278
779,0.3385,0,1,0,258304,347306,9266,98690,3.217106969506095,0.2212800114799236
780,0.3386,0,1,0,258305,347305,9266,98690,3.2170977064730075,0.2212805076290093
781,0.339,0,1,0,258306,347304,9266,98690,3.21708844343992,0.22128100378031992
782,0.3392,0,1,0,258307,347303,9266,98690,3.2170791804068326,0.22128149993385546
783,0.3393,0,2,0,258309,347301,9266,98690,3.2170606543406572,0.2212824922476014
784,0.3395,0,1,0,258310,347300,9266,98690,3.2170513913075696,0.22128298840781183
785,0.3397,0,1,0,258311,347299,9266,98690,3.2170421282744823,0.22128348457024724
786,0.34,809,10921,809,269232,336378,10075,97881,3.115880543925303,0.22539774650611732
787,0.3403,0,1,0,269233,336377,10075,97881,3.1158712808922155,0.22539826554720926
788,0.3407,0,2,0,269235,336375,10075,97881,3.11585275482604,0.2253993036365646
789,0.3408,1,1,1,269236,336374,10076,97880,3.1158434917929525,0.22539803893573807
790,0.341,0,3,0,269239,336371,10076,97880,3.11581570269369,0.22539959608613452
791,0.3412,0,1,0,269240,336370,10076,97880,3.1158064396606027,0.2254001151410478
792,0.3417,0,24,0,269264,336346,10076,97880,3.115584126866501,0.22541257317618016
793,0.342,0,10,0,269274,336336,10076,97880,3.1154914965356255,0.22541776443060596
794,0.3425,3,37,3,269311,336299,10079,97877,3.115148764311386,0.22543162219929244
795,0.3429,0,3,0,269314,336296,10079,97877,3.1151209752121236,0.22543317986148378
796,0.343,0,3,0,269317,336293,10079,97877,3.115093186112861,0.22543473754520119
797,0.3433,10,130,10,269447,336163,10089,97867,3.113888991811479,0.22548441351980278
798,0.3435,1,1,1,269448,336162,10090,97866,3.1138797287783913,0.22548314855262794
799,0.344,3,26,3,269474,336136,10093,97863,3.1136388899181147,0.22549130297535247
800,0.3442,0,2,0,269476,336134,10093,97863,3.1136203638519397,0.22549234211296393
801,0.3443,0,2,0,269478,336132,10093,97863,3.1136018377857644,0.22549338126015275
802,0.345,22,324,22,269802,335808,10115,97841,3.110600615065397,0.22562256571559025
803,0.3457,0,8,0,269810,335800,10115,97841,3.1105265108006965,0.22562672809997208
804,0.3458,0,4,0,269814,335796,10115,97841,3.1104894586683463,0.22562880934975568
805,0.346,2,30,2,269844,335766,10117,97839,3.11021156767572,0.22564084823745115
806,0.3461,0,1,0,269845,335765,10117,97839,3.110202304642632,0.2256413686220607
807,0.3462,0,1,0,269846,335764,10117,97839,3.1101930416095445,0.2256418890090705
808,0.3463,0,1,0,269847,335763,10117,97839,3.1101837785764572,0.22564240939848063
809,0.3467,8,145,8,269992,335618,10125,97831,3.1088406387787617,0.2257036006542869
810,0.347,0,2,0,269994,335616,10125,97831,3.108822112712587,0.22570464209003638
811,0.3471,0,4,0,269998,335612,10125,97831,3.1087850605802365,0.2257067249903678
812,0.3473,0,1,0,269999,335611,10125,97831,3.108775797547149,0.22570724572145753
813,0.3475,2,45,2,270044,335566,10127,97829,3.108358961058209,0.2257271080653907
814,0.348,2,20,2,270064,335546,10129,97827,3.108173700396458,0.2257339520459281
815,0.3483,0,20,0,270084,335526,10129,97827,3.1079884397347066,0.22574437006320483
816,0.3485,0,2,0,270086,335524,10129,97827,3.1079699136685317,0.22574541191782183
817,0.3486,0,4,0,270090,335520,10129,97827,3.1079328615361814,0.22574749565590624
818,0.3487,0,2,0,270092,335518,10129,97827,3.1079143354700065,0.22574853753937393
819,0.3488,0,2,0,270094,335516,10129,97827,3.107895809403831,0.22574957943245882
820,0.349,0,7,0,270101,335509,10129,97827,3.1078309681722183,0.225753226133993
821,0.3492,0,3,0,270104,335506,10129,97827,3.1078031790729557,0.2257547890421454
822,0.3493,0,3,0,270107,335503,10129,97827,3.107775389973693,0.22575635197193825
823,0.35,833,10809,833,280916,324694,10962,96994,3.0076512653303196,0.23001365938798354
824,0.3507,0,2,0,280918,324692,10962,96994,3.0076327392641447,0.2300147503118434
825,0.3508,0,4,0,280922,324688,10962,96994,3.0075956871317944,0.2300169321906081
826,0.351,0,4,0,280926,324684,10962,96994,3.007558634999444,0.23001911411076698
827,0.3512,0,2,0,280928,324682,10962,96994,3.007540108933269,0.23002020508636964
828,0.3513,0,1,0,280929,324681,10962,96994,3.0075308459001815,0.23002075057805182
829,0.3517,1,23,1,280952,324658,10963,96993,3.007317796139168,0.23003147152502898
830,0.3518,0,1,0,280953,324657,10963,96993,3.0073085331060803,0.23003201707577375
831,0.352,0,23,0,280976,324634,10963,96993,3.0070954833450667,0.23004456545714577
832,0.3523,0,1,0,280977,324633,10963,96993,3.007086220311979,0.23004511107000042
833,0.3525,1,72,1,281049,324561,10964,96992,3.006419281929675,0.23008257561919854
834,0.3529,0,1,0,281050,324560,10964,96992,3.0064100188965877,0.23008312141799825
835,0.353,1,3,1,281053,324557,10965,96991,3.006382229797325,0.2300829324299961
836,0.3533,14,150,14,281203,324407,10979,96977,3.0049927748341916,0.23013925540599547
837,0.3538,0,1,0,281204,324406,10979,96977,3.0049835118011043,0.2301398015582024
838,0.354,3,28,3,281232,324378,10982,96974,3.004724146874653,0.23014961362471284
839,0.3542,0,2,0,281234,324376,10982,96974,3.0047056208084775,0.23015070606384241
840,0.3543,0,4,0,281238,324372,10982,96974,3.004668568676127,0.23015289097321442
841,0.3545,0,1,0,281239,324371,10982,96974,3.00465930564304,0.23015343720703937
842,0.355,23,322,23,281561,324049,11005,96951,3.001676608988847,0.2302874109263658
843,0.3552,0,1,0,281562,324048,11005,96951,3.00166734595576,0.23028795792864115
844,0.3553,0,2,0,281564,324046,11005,96951,3.0016488198895845,0.2302890519409877
845,0.3557,0,3,0,281567,324043,11005,96951,3.001621030790322,0.23029069297899732
846,0.3558,0,5,0,281572,324038,11005,96951,3.0015747156248844,0.23029342809432077
847,0.356,2,28,2,281600,324010,11007,96949,3.001315350698433,0.23030508909418732
848,0.3567,10,156,10,281756,323854,11017,96939,2.9998703175367742,0.23037217824440995
849,0.3568,1,0,1,281756,323854,11018,96938,2.9998703175367742,0.23037034924618338
850,0.357,0,1,0,281757,323853,11018,96938,2.9998610545036866,0.23037089671594688
851,0.3571,1,1,1,281758,323852,11019,96937,2.9998517914705993,0.23036961517530163
852,0.3573,0,1,0,281759,323851,11019,96937,2.9998425284375116,0.2303701626472238
853,0.3575,1,57,1,281816,323794,11020,96936,2.999314535551521,0.23039954365032206
854,0.3576,1,0,1,281816,323794,11021,96935,2.999314535551521,0.23039771444326396
855,0.358,2,15,2,281831,323779,11023,96933,2.9991755900552075,0.23040227043678335
856,0.3583,3,21,3,281852,323758,11026,96930,2.998981066360369,0.2304082835735747
857,0.3586,0,1,0,281853,323757,11026,96930,2.9989718033272816,0.2304088312688531
858,0.3588,0,1,0,281854,323756,11026,96930,2.998962540294194,0.23040937896673527
859,0.3589,0,1,0,281855,323755,11026,96930,2.9989532772611063,0.23040992666722132
860,0.359,1,5,1,281860,323750,11027,96929,2.9989069620956688,0.23041083581543173
861,0.3592,0,2,0,281862,323748,11027,96929,2.9988884360294934,0.2304119312441612
862,0.3593,0,2,0,281864,323746,11027,96929,2.9988699099633185,0.2304130266833066
863,0.36,876,10682,876,292546,313064,11903,96053,2.8999221905220645,0.23478124839593564
864,0.3601,0,1,0,292547,313063,11903,96053,2.8999129274889768,0.2347818222704563
865,0.3604,0,1,0,292548,313062,11903,96053,2.8999036644558895,0.2347823961477824
866,0.3608,0,2,0,292550,313060,11903,96053,2.899885138389714,0.23478354391085104
867,0.361,0,3,0,292553,313057,11903,96053,2.8998573492904516,0.23478526557649532
868,0.3611,0,1,0,292554,313056,11903,96053,2.899848086257364,0.2347858394706545
869,0.3617,4,20,4,292574,313036,11907,96049,2.899662825595613,0.23478983585318455
870,0.362,0,11,0,292585,313025,11907,96049,2.89956093223165,0.23479614935195098
871,0.3625,3,51,3,292636,312974,11910,96046,2.8990885175441847,0.23481981321206788
872,0.3627,0,1,0,292637,312973,11910,96046,2.899079254511097,0.2348203873169706
873,0.3629,0,1,0,292638,312972,11910,96046,2.8990699914780094,0.23482096142468056
874,0.363,0,3,0,292641,312969,11910,96046,2.8990422023787468,0.2348226837646541
875,0.3633,5,153,5,292794,312816,11915,96041,2.897624958316351,0.23490120017512237
876,0.3635,0,1,0,292795,312815,11915,96041,2.8976156952832635,0.23490177470796564
877,0.364,3,20,3,292815,312795,11918,96038,2.8974304346215125,0.23490765177957748
878,0.3642,0,4,0,292819,312791,11918,96038,2.8973933824891622,0.23490995012584723
879,0.3643,0,1,0,292820,312790,11918,96038,2.8973841194560745,0.2349105247194419
880,0.3648,0,1,0,292821,312789,11918,96038,2.8973748564229873,0.23491109931584753
881,0.365,14,341,14,293162,312448,11932,96024,2.894216162140131,0.2350809847431403
882,0.3653,0,2,0,293164,312446,11932,96024,2.894197636073956,0.23508213577496512
883,0.3657,0,1,0,293165,312445,11932,96024,2.8941883730408686,0.2350827112951044
884,0.3658,0,3,0,293168,312442,11932,96024,2.894160583941606,0.23508443787243002
885,0.366,2,23,2,293191,312419,11934,96022,2.893947534180592,0.23509393033510348
886,0.3662,0,1,0,293192,312418,11934,96022,2.8939382711475043,0.23509450592498285
887,0.3665,0,2,0,293194,312416,11934,96022,2.8939197450813294,0.2350956571131971
888,0.3667,10,154,10,293348,312262,11944,96012,2.892493237985846,0.2351655995728359
889,0.367,0,3,0,293351,312259,11944,96012,2.8924654488865835,0.23516732758388423
890,0.3671,0,2,0,293353,312257,11944,96012,2.892446922820408,0.23516847960535822
891,0.3673,0,1,0,293354,312256,11944,96012,2.892437659787321,0.23516905562032783
892,0.3675,4,54,4,293408,312202,11948,96008,2.891937456000593,0.2351926704392347
893,0.368,1,12,1,293420,312190,11949,96007,2.891826299603542,0.23519771090919336
894,0.3683,1,17,1,293437,312173,11950,96006,2.8916688280410536,0.23520563282285467
895,0.3688,0,1,0,293438,312172,11950,96006,2.8916595650079664,0.23520620905585307
896,0.3689,0,1,0,293439,312171,11950,96006,2.8916503019748787,0.23520678529167494
897,0.369,0,1,0,293440,312170,11950,96006,2.891641038941791,0.23520736153032026
898,0.3692,1,1,1,293441,312169,11951,96005,2.8916317759087034,0.23520606408051467
899,0.3693,0,2,0,293443,312167,11951,96005,2.8916132498425284,0.2352072165655655
900,0.3695,0,1,0,293444,312166,11951,96005,2.8916039868094408,0.2352077928123262
901,0.3696,0,2,0,293446,312164,11951,96005,2.891585460743266,0.23520894531431832
902,0.37,912,10501,912,303947,301663,12863,95093,2.7943143502908594,0.23967627458689975
903,0.3703,0,1,0,303948,301662,12863,95093,2.7943050872577717,0.23967687867827753
904,0.3705,0,1,0,303949,301661,12863,95093,2.794295824224684,0.23967748277270046
905,0.3707,0,1,0,303950,301660,12863,95093,2.794286561191597,0.2396780868701686
906,0.3708,0,4,0,303954,301656,12863,95093,2.7942495090592465,0.23968050329049348
907,0.371,0,2,0,303956,301654,12863,95093,2.794230982993071,0.23968171151892767
908,0.3713,0,1,0,303957,301653,12863,95093,2.794221719959984,0.2396823156377128
909,0.3717,3,15,3,303972,301638,12866,95090,2.7940827744636705,0.23968562844064448
910,0.372,0,19,0,303991,301619,12866,95090,2.7939067768350068,0.23969710795570556
911,0.3723,0,1,0,303992,301618,12866,95090,2.793897513801919,0.23969771217116873
912,0.3725,3,52,3,304044,301566,12869,95087,2.7934158360813663,0.23972338542756516
913,0.3727,1,0,1,304044,301566,12870,95086,2.7934158360813663,0.23972146869296007
914,0.3729,1,1,1,304045,301565,12871,95085,2.793406573048279,0.2397201563090886
915,0.373,0,2,0,304047,301563,12871,95085,2.7933880469821037,0.23972136503902705
916,0.3733,7,136,7,304183,301427,12878,95078,2.7921282744821965,0.2397901665804971
917,0.3735,0,1,0,304184,301426,12878,95078,2.792119011449109,0.23979077134152493
918,0.3738,0,1,0,304185,301425,12878,95078,2.7921097484160216,0.23979137610560325
919,0.374,2,31,2,304216,301394,12880,95076,2.791822594390307,0.23980629051378413
920,0.3742,0,2,0,304218,301392,12880,95076,2.791804068324132,0.23980750022700445
921,0.3743,0,1,0,304219,301391,12880,95076,2.7917948052910444,0.23980810508819145
922,0.3745,0,1,0,304220,301390,12880,95076,2.791785542257957,0.23980870995242973
923,0.375,26,310,26,304530,301080,12906,95050,2.788914002000815,0.23994648221543433
924,0.3757,1,5,1,304535,301075,12907,95049,2.7888676868353772,0.239947592168109
925,0.3758,0,2,0,304537,301073,12907,95049,2.7888491607692023,0.23994880365140034
926,0.376,2,27,2,304564,301046,12909,95047,2.7885990588758385,0.2399613222147324
927,0.3762,0,1,0,304565,301045,12909,95047,2.788589795842751,0.2399619280369207
928,0.3763,0,1,0,304566,301044,12909,95047,2.788580532809663,0.23996253386216804
929,0.3767,11,126,11,304692,300918,12920,95036,2.7874133906406313,0.2400177798431131
930,0.377,0,1,0,304693,300917,12920,95036,2.7874041276075436,0.24001838602056305
931,0.3773,0,1,0,304694,300916,12920,95036,2.7873948645744564,0.24001899220107487
932,0.3775,5,53,5,304747,300863,12925,95031,2.786903923820816,0.2400415262671321
933,0.3779,0,1,0,304748,300862,12925,95031,2.7868946607877283,0.2400421325964339
934,0.378,0,13,0,304761,300849,12925,95031,2.78677424135759,0.2400500151561079
935,0.3782,0,1,0,304762,300848,12925,95031,2.7867649783245025,0.24005062152829526
936,0.3783,0,16,0,304778,300832,12925,95031,2.786616769795102,0.2400603238999351
937,0.3786,0,1,0,304779,300831,12925,95031,2.786607506762014,0.2400609303242039
938,0.3787,2,1,2,304780,300830,12927,95029,2.7865982437289265,0.24005769731141643
939,0.379,1,5,1,304785,300825,12928,95028,2.786551928563489,0.24005880970966495
940,0.3792,1,4,1,304789,300821,12929,95027,2.7865148764311387,0.24005931569693417
941,0.3793,0,2,0,304791,300819,12929,95027,2.7864963503649633,0.24006052858940094
942,0.3796,0,1,0,304792,300818,12929,95027,2.786487087331876,0.24006113504023038
943,0.38,951,10856,951,315648,289962,13880,94076,2.685927600133388,0.2449653419713674
944,0.3803,0,1,0,315649,289961,13880,94076,2.6859183371003,0.24496597984048413
945,0.3805,0,1,0,315650,289960,13880,94076,2.6859090740672125,0.24496661771292275
946,0.3807,0,2,0,315652,289958,13880,94076,2.6858905480010375,0.24496789346776587
947,0.3808,0,2,0,315654,289956,13880,94076,2.685872021934862,0.244969169235897
948,0.381,0,4,0,315658,289952,13880,94076,2.6858349698025124,0.24497172081202412
949,0.3814,0,2,0,315660,289950,13880,94076,2.685816443736337,0.2449729966200205
950,0.3817,0,15,0,315675,289935,13880,94076,2.6856774982400236,0.24498256560358947
951,0.382,0,11,0,315686,289924,13880,94076,2.6855756048760604,0.24498958333333334
952,0.3825,4,65,4,315751,289859,13884,94072,2.6849735077253696,0.2450231942718874
953,0.3829,0,2,0,315753,289857,13884,94072,2.6849549816591947,0.24502447067035832
954,0.383,0,3,0,315756,289854,13884,94072,2.6849271925599316,0.24502638529299917
955,0.3833,13,142,13,315898,289712,13897,94059,2.683611841861499,0.245091473821628
956,0.3835,0,3,0,315901,289709,13897,94059,2.6835840527622365,0.2450933897563111
957,0.3836,0,1,0,315902,289708,13897,94059,2.683574789729149,0.24509402840786207
958,0.3838,0,1,0,315903,289707,13897,94059,2.683565526696061,0.24509466706274136
959,0.384,2,25,2,315928,289682,13899,94057,2.6833339508688727,0.2451067001269092
960,0.3842,0,2,0,315930,289680,13899,94057,2.6833154248026974,0.24510797759924113
961,0.3843,0,1,0,315931,289679,13899,94057,2.6833061617696097,0.24510861634040068
962,0.3847,0,1,0,315932,289678,13899,94057,2.6832968987365224,0.24510925508488932
963,0.385,31,381,31,316313,289297,13930,94026,2.679767683130164,0.24529182960584156
964,0.3851,0,1,0,316314,289296,13930,94026,2.6797584200970768,0.24529246951649006
965,0.3852,0,1,0,316315,289295,13930,94026,2.679749157063989,0.24529310943047733
966,0.3856,0,1,0,316316,289294,13930,94026,2.6797398940309014,0.2452937493478034
967,0.3857,0,1,0,316317,289293,13930,94026,2.6797306309978137,0.2452943892684683
968,0.3858,1,0,1,316317,289293,13931,94025,2.6797306309978137,0.24529242039246787
969,0.386,1,31,1,316348,289262,13932,94024,2.6794434769720996,0.24531029048804287
970,0.3862,0,3,0,316351,289259,13932,94024,2.679415687872837,0.24531221055982133
971,0.3864,0,2,0,316353,289257,13932,94024,2.679397161806662,0.2453134906243722
972,0.3865,0,1,0,316354,289256,13932,94024,2.6793878987735744,0.24531413066165728
973,0.3867,16,124,16,316478,289132,13948,94008,2.6782392826707175,0.24536200866523986
974,0.3871,0,1,0,316479,289131,13948,94008,2.6782300196376303,0.24536264906469976
975,0.3875,3,60,3,316539,289071,13951,94005,2.677674237652377,0.24539516962691477
976,0.3877,0,1,0,316540,289070,13951,94005,2.6776649746192893,0.24539581021993082
977,0.3879,0,2,0,316542,289068,13951,94005,2.6776464485531144,0.24539709141599642
978,0.388,2,14,2,316556,289054,13953,94003,2.6775167660898886,0.24540212031107642
979,0.3883,1,17,1,316573,289037,13954,94002,2.6773592945274,0.24541104169549316
980,0.3887,0,1,0,316574,289036,13954,94002,2.6773500314943126,0.24541168239182534
981,0.389,1,5,1,316579,289031,13955,94001,2.6773037163288746,0.24541291589214478
982,0.3892,0,4,0,316583,289027,13955,94001,2.6772666641965244,0.2454154787639546
983,0.3893,1,2,1,316585,289025,13956,94000,2.6772481381303495,0.24541479015730044
984,0.3895,0,1,0,316586,289024,13956,94000,2.6772388750972618,0.24541543088683737
985,0.3897,0,1,0,316587,289023,13956,94000,2.677229612064174,0.24541607161971996
986,0.39,980,10457,980,327044,278566,14936,93020,2.5803660750676203,0.2503323591308607
987,0.3908,0,2,0,327046,278564,14936,93020,2.580347549001445,0.25033370651050635
988,0.391,0,6,0,327052,278558,14936,93020,2.5802919708029197,0.25033774873646986
989,0.3912,0,1,0,327053,278557,14936,93020,2.580282707769832,0.25033842245348875
990,0.3914,0,1,0,327054,278556,14936,93020,2.580273444736745,0.25033909617413397
991,0.3915,0,1,0,327055,278555,14936,93020,2.580264181703657,0.25033976989840545
992,0.3917,4,19,4,327074,278536,14940,93016,2.5800881840749934,0.25034450090431487
993,0.392,1,18,1,327092,278518,14941,93015,2.5799214494794174,0.2503546118379794
994,0.3921,0,1,0,327093,278517,14941,93015,2.57991218644633,0.250355285681987
995,0.3925,3,53,3,327146,278464,14944,93012,2.5794212456926897,0.2503849508447383
996,0.3928,0,1,0,327147,278463,14944,93012,2.579411982659602,0.25038562487381383
997,0.3929,0,3,0,327150,278460,14944,93012,2.5793841935603394,0.2503876469828143
998,0.3933,9,154,9,327304,278306,14953,93003,2.577957686464856,0.25047332545130874
999,0.394,5,25,5,327329,278281,14958,92998,2.577726110637667,0.25048009717759423
1000,0.3942,0,2,0,327331,278279,14958,92998,2.5777075845714923,0.25048144646719295
1001,0.3943,0,2,0,327333,278277,14958,92998,2.577689058505317,0.25048279577132854
1002,0.3945,0,1,0,327334,278276,14958,92998,2.5776797954722293,0.2504834704288477
1003,0.395,22,329,22,327663,277947,14980,92976,2.574632257586424,0.2506611884407276
1004,0.3952,0,1,0,327664,277946,14980,92976,2.5746229945533368,0.2506618642194316
1005,0.3953,0,1,0,327665,277945,14980,92976,2.574613731520249,0.25066254000177934
1006,0.3955,0,1,0,327666,277944,14980,92976,2.5746044684871614,0.25066321578777095
1007,0.3957,1,2,1,327668,277942,14981,92975,2.5745859424209865,0.25066254714666625
1008,0.396,4,22,4,327690,277920,14985,92971,2.57438215569306,0.2506693341170317
1009,0.3962,0,2,0,327692,277918,14985,92971,2.574363629626885,0.2506706858386202
1010,0.3967,14,147,14,327839,277771,14999,92957,2.5730019637630144,0.2507417837336268
1011,0.397,0,1,0,327840,277770,14999,92957,2.572992700729927,0.25074246008518397
1012,0.3971,1,7,1,327847,277763,15000,92956,2.5729278594983143,0.2507451735681203
1013,0.3975,5,67,5,327914,277696,15005,92951,2.572307236281448,0.25078039212512176
1014,0.398,0,16,0,327930,277680,15005,92951,2.572159027752047,0.25079121821973877
1015,0.3983,1,24,1,327954,277656,15006,92950,2.5719367149579457,0.2508054375806112
1016,0.3986,0,2,0,327956,277654,15006,92950,2.571918188891771,0.25080679107618914
1017,0.399,0,5,0,327961,277649,15006,92950,2.571871873726333,0.25081017487904717
1018,0.3992,0,3,0,327964,277646,15006,92950,2.5718440846270703,0.25081220520458936
1019,0.3993,0,3,0,327967,277643,15006,92950,2.5718162955278077,0.2508142355630031
1020,0.4,1067,10563,1067,338530,267080,16073,91883,2.4739708770239726,0.2559678852695125
1021,0.4005,0,1,0,338531,267079,16073,91883,2.4739616139908853,0.2559685983474574
1022,0.4008,0,4,0,338535,267075,16073,91883,2.473924561858535,0.25597145069896754
1023,0.401,0,2,0,338537,267073,16073,91883,2.4739060357923597,0.2559728768985614
1024,0.4012,0,1,0,338538,267072,16073,91883,2.4738967727592724,0.2559735900043181
1025,0.4014,0,2,0,338540,267070,16073,91883,2.473878246693097,0.25597501622775126
1026,0.4017,0,11,0,338551,267059,16073,91883,2.473776353329134,0.2559828607407325
1027,0.402,2,6,2,338557,267053,16075,91881,2.4737207751306087,0.2559829940880496
1028,0.4023,0,1,0,338558,267052,16075,91881,2.473711512097521,0.2559837072657014
1029,0.4025,7,58,7,338616,266994,16082,91874,2.473174256178443,0.256010566559292
1030,0.4029,1,2,1,338618,266992,16083,91873,2.4731557301122677,0.25600992016496454
1031,0.403,0,2,0,338620,266990,16083,91873,2.473137204046093,0.256011346948557
1032,0.4031,0,1,0,338621,266989,16083,91873,2.473127941013005,0.25601206034631696
1033,0.4033,14,118,14,338739,266871,16097,91859,2.472034903108674,0.25606723719789254
1034,0.4035,0,1,0,338740,266870,16097,91859,2.4720256400755862,0.256067951015948
1035,0.404,5,23,5,338763,266847,16102,91854,2.4718125903145727,0.2560740003512675
1036,0.4042,1,3,1,338766,266844,16103,91853,2.47178480121531,0.2560740680853199
1037,0.4043,1,3,1,338769,266841,16104,91852,2.4717570121160475,0.25607413582088306
1038,0.4047,0,3,0,338772,266838,16104,91852,2.4717292230167844,0.2560762775655859
1039,0.405,27,368,27,339140,266470,16131,91825,2.4683204268405645,0.25628323029905525
1040,0.4055,0,1,0,339141,266469,16131,91825,2.4683111638074773,0.2562839455865853
1041,0.4057,0,3,0,339144,266466,16131,91825,2.4682833747082142,0.2562860914731322
1042,0.406,3,41,3,339185,266425,16134,91822,2.4679035903516247,0.2563091944943014
1043,0.4062,0,2,0,339187,266423,16134,91822,2.4678850642854497,0.2563106254099848
1044,0.4067,6,150,6,339337,266273,16140,91816,2.4664956093223167,0.25640553046868236
1045,0.4068,0,1,0,339338,266272,16140,91816,2.466486346289229,0.25640624650923793
1046,0.407,0,1,0,339339,266271,16140,91816,2.4664770832561413,0.2564069625537928
1047,0.4071,0,3,0,339342,266268,16140,91816,2.4664492941568787,0.25640911071145317
1048,0.4073,0,1,0,339343,266267,16140,91816,2.466440031123791,0.25640982677200536
1049,0.4075,4,48,4,339391,266219,16144,91812,2.4659954055355886,0.2564358952157774
1050,0.408,1,18,1,339409,266201,16145,91811,2.4658286709400126,0.25644671128342067
1051,0.4082,0,1,0,339410,266200,16145,91811,2.465819407906925,0.2564474275930069
1052,0.4083,2,29,2,339439,266171,16147,91809,2.465550779947386,0.2564640482708531
1053,0.4085,0,1,0,339440,266170,16147,91809,2.4655415169142985,0.25646476469290097
1054,0.4087,1,0,1,339440,266170,16148,91808,2.4655415169142985,0.25646268765119645
1055,0.4088,0,2,0,339442,266168,16148,91808,2.465522990848123,0.2564641204996983
1056,0.409,1,2,1,339444,266166,16149,91807,2.465504464781948,0.25646347629569827
1057,0.4092,0,2,0,339446,266164,16149,91807,2.4654859387157733,0.2564649091686198
1058,0.4093,0,6,0,339452,266158,16149,91807,2.4654303605172476,0.2564692078834523
1059,0.4094,0,1,0,339453,266157,16149,91807,2.4654210974841604,0.25646992434993465
1060,0.4098,0,2,0,339455,266155,16149,91807,2.465402571417985,0.2564713572949084
1061,0.41,1127,10253,1127,349708,255902,17276,90680,2.370428693171292,0.261640823816586
1062,0.4103,0,1,0,349709,255901,17276,90680,2.3704194301382047,0.26164157873628385
1063,0.4108,0,1,0,349710,255900,17276,90680,2.370410167105117,0.2616423336603382
1064,0.411,0,1,0,349711,255899,17276,90680,2.3704009040720293,0.2616430885887489
1065,0.4114,0,2,0,349713,255897,17276,90680,2.3703823780058544,0.2616445984586398
1066,0.4117,2,16,2,349729,255881,17278,90678,2.3702341694764533,0.26165241704875647
1067,0.412,2,13,2,349742,255868,17280,90676,2.370113750046315,0.26165797128214596
1068,0.4125,6,65,6,349807,255803,17286,90670,2.369511652895624,0.2616942734354481
1069,0.4127,0,1,0,349808,255802,17286,90670,2.3695023898625367,0.26169502874691175
1070,0.4129,0,3,0,349811,255799,17286,90670,2.369474600763274,0.261697294707463
1071,0.413,0,1,0,349812,255798,17286,90670,2.3694653377301864,0.261698050036367
1072,0.4133,16,142,16,349954,255656,17302,90654,2.3681499870317535,0.2617712454159568
1073,0.4135,0,1,0,349955,255655,17302,90654,2.3681407239986663,0.26177200130519274
1074,0.4137,0,1,0,349956,255654,17302,90654,2.3681314609655786,0.2617727571987941
1075,0.4138,0,1,0,349957,255653,17302,90654,2.368122197932491,0.26177351309676095
1076,0.414,3,37,3,349994,255616,17305,90651,2.3677794657082516,0.261795088760985
1077,0.4142,0,3,0,349997,255613,17305,90651,2.367751676608989,0.2617973569299725
1078,0.4143,0,3,0,350000,255610,17305,90651,2.3677238875097264,0.26179962513826277
1079,0.4144,0,1,0,350001,255609,17305,90651,2.3677146244766387,0.26180038121642696
1080,0.4145,0,1,0,350002,255608,17305,90651,2.367705361443551,0.2618011372989583
1081,0.415,31,349,31,350351,255259,17336,90620,2.364472562895995,0.26199913842702216
1082,0.4153,0,1,0,350352,255258,17336,90620,2.364463299862907,0.26199989591705747
1083,0.4157,1,5,1,350357,255253,17337,90619,2.364416984697469,0.2620015497062497
1084,0.4158,1,2,1,350359,255251,17338,90618,2.3643984586312943,0.26200093098832217
1085,0.416,3,31,3,350390,255220,17341,90615,2.36411130460558,0.2620180143710151
1086,0.4163,0,1,0,350391,255219,17341,90615,2.3641020415724925,0.26201877201200574
1087,0.4167,7,122,7,350513,255097,17348,90608,2.362971951535811,0.26209629597489187
1088,0.4171,1,2,1,350515,255095,17349,90607,2.3629534254696356,0.26209567778028475
1089,0.4175,7,65,7,350580,255030,17356,90600,2.362351328318945,0.26213002343546565
1090,0.4179,0,1,0,350581,255029,17356,90600,2.362342065285857,0.2621307818499026
1091,0.418,3,22,3,350603,255007,17359,90597,2.362138278557931,0.2621410631821391
1092,0.4183,4,13,4,350616,254994,17363,90593,2.3620178591277927,0.2621423838280954
1093,0.4185,0,1,0,350617,254993,17363,90593,2.362008596094705,0.26214314237266556
1094,0.4187,0,1,0,350618,254992,17363,90593,2.361999333061618,0.26214390092162565
1095,0.4188,0,2,0,350620,254990,17363,90593,2.3619808069954424,0.26214541803271574
1096,0.419,0,4,0,350624,254986,17363,90593,2.361943754863092,0.26214845230757655
1097,0.4192,0,2,0,350626,254984,17363,90593,2.3619252287969172,0.26214996947134794
1098,0.4193,0,1,0,350627,254983,17363,90593,2.3619159657638296,0.262150728059819
1099,0.42,1156,10336,1156,360963,244647,18519,89437,2.2661732557708696,0.26770812131080807
1100,0.4205,0,1,0,360964,244646,18519,89437,2.266163992737782,0.2677089226329984
1101,0.4207,0,1,0,360965,244645,18519,89437,2.2661547297046947,0.2677097239599859
1102,0.4208,0,2,0,360967,244643,18519,89437,2.2661362036385193,0.2677113266283525
1103,0.421,0,3,0,360970,244640,18519,89437,2.2661084145392567,0.2677137306668822
1104,0.4212,0,1,0,360971,244639,18519,89437,2.266099151506169,0.26771453202265355
1105,0.4213,0,2,0,360973,244637,18519,89437,2.266080625439994,0.26771613474858863
1106,0.4217,2,16,2,360989,244621,18521,89435,2.265932416910593,0.267724573125464
1107,0.422,5,12,5,361001,244609,18526,89430,2.2658212605135426,0.2677232299222546
1108,0.4223,0,1,0,361002,244608,18526,89430,2.265811997480455,0.2677240313976254
1109,0.4225,2,60,2,361062,244548,18528,89428,2.2652562154952016,0.2677677437899729
1110,0.4227,0,2,0,361064,244546,18528,89428,2.2652376894290267,0.2677693473144616
1111,0.4229,0,1,0,361065,244545,18528,89428,2.265228426395939,0.267770149083908
1112,0.423,0,1,0,361066,244544,18528,89428,2.2652191633628513,0.2677709508581558
1113,0.4232,0,1,0,361067,244543,18528,89428,2.265209900329764,0.26777175263720504
1114,0.4233,16,153,16,361220,244390,18544,89412,2.263792656267368,0.2678593896980845
1115,0.4235,0,2,0,361222,244388,18544,89412,2.263774130201193,0.2678609946075494
1116,0.4237,0,1,0,361223,244387,18544,89412,2.2637648671681054,0.2678617970694939
1117,0.424,4,26,4,361249,244361,18548,89408,2.2635240283078293,0.26787388882730273
1118,0.4242,1,7,1,361256,244354,18549,89407,2.2634591870762164,0.26787731340689896
1119,0.4243,0,4,0,361260,244350,18549,89407,2.263422134943866,0.2678805238541813
1120,0.4248,0,1,0,361261,244349,18549,89407,2.2634128719107784,0.26788132647802587
1121,0.425,36,346,36,361607,244003,18585,89371,2.260207862462485,0.2680802942041071
1122,0.4255,0,1,0,361608,244002,18585,89371,2.260198599429397,0.26808109834929644
1123,0.4256,0,1,0,361609,244001,18585,89371,2.2601893363963095,0.2680819024993101
1124,0.4257,0,3,0,361612,243998,18585,89371,2.260161547297047,0.2680843149782973
1125,0.4258,1,2,1,361614,243996,18586,89370,2.260143021230872,0.2680837277946761
1126,0.426,2,23,2,361637,243973,18588,89368,2.259929971469858,0.26809783374982377
1127,0.4262,0,1,0,361638,243972,18588,89368,2.2599207084367707,0.26809863802723943
1128,0.4265,0,1,0,361639,243971,18588,89368,2.259911445403683,0.26809944230948074
1129,0.4267,12,135,12,361774,243836,18600,89356,2.258660935936863,0.26818170904463495
1130,0.4268,0,1,0,361775,243835,18600,89356,2.2586516729037758,0.2681825139334496
1131,0.427,0,1,0,361776,243834,18600,89356,2.258642409870688,0.2681833188270957
1132,0.4271,0,5,0,361781,243829,18600,89356,2.25859609470525,0.26818734336779865
1133,0.4273,0,2,0,361783,243827,18600,89356,2.258577568639075,0.26818895321790126
1134,0.4275,8,49,8,361832,243778,18608,89348,2.258123680017785,0.26821082713447764
1135,0.428,1,19,1,361851,243759,18609,89347,2.2579476823891214,0.2682239287193866
1136,0.4283,4,24,4,361875,243735,18613,89343,2.25772536959502,0.2682344676021833
1137,0.4286,0,1,0,361876,243734,18613,89343,2.2577161065619324,0.26823527292487925
1138,0.4288,0,4,0,361880,243730,18613,89343,2.2576790544295826,0.2682384942640202
1139,0.429,0,3,0,361883,243727,18613,89343,2.2576512653303196,0.26824091031915215
1140,0.4292,0,3,0,361886,243724,18613,89343,2.257623476231057,0.26824332641780785
1141,0.4293,1,4,1,361890,243720,18614,89342,2.2575864240987067,0.26824435090163395
1142,0.43,1230,10064,1230,371954,233656,19844,88112,2.1643632591055617,0.2738370502971085
1143,0.4303,0,1,0,371955,233655,19844,88112,2.164353996072474,0.27383790133854624
1144,0.4304,0,1,0,371956,233654,19844,88112,2.1643447330393863,0.2738387523852738
1145,0.4307,0,1,0,371957,233653,19844,88112,2.1643354700062987,0.2738396034372912
1146,0.4308,0,2,0,371959,233651,19844,88112,2.1643169439401237,0.2738413055571958
1147,0.431,0,3,0,371962,233648,19844,88112,2.164289154840861,0.273843858776728
1148,0.4313,0,1,0,371963,233647,19844,88112,2.1642798918077735,0.27384470986048565
1149,0.4317,0,20,0,371983,233627,19844,88112,2.1640946311460225,0.27386173264664837
1150,0.432,1,14,1,371997,233613,19845,88111,2.1639649486827968,0.273871392870908
1151,0.4323,0,1,0,371998,233612,19845,88111,2.163955685649709,0.273872244135483
1152,0.4325,6,68,6,372066,233544,19851,88105,2.1633257993997557,0.2739165985282093
1153,0.4329,0,4,0,372070,233540,19851,88105,2.1632887472674054,0.2739200049744283
1154,0.433,1,2,1,372072,233538,19852,88104,2.16327022120123,0.2739194508179902
1155,0.4333,17,137,17,372209,233401,19869,88087,2.162001185668235,0.2739977852983626
1156,0.4338,0,1,0,372210,233400,19869,88087,2.161991922635148,0.27399863758099086
1157,0.434,1,28,1,372238,233372,19870,88086,2.1617325577086963,0.2740202452575453
1158,0.4342,0,4,0,372242,233368,19870,88086,2.161695505576346,0.2740236550175142
1159,0.4343,0,4,0,372246,233364,19870,88086,2.1616584534439958,0.2740270648623425
1160,0.4347,0,1,0,372247,233363,19870,88086,2.161649190410908,0.27402791733680926
1161,0.435,43,316,43,372563,233047,19913,88043,2.158722071955241,0.2742003799557756
1162,0.4353,0,1,0,372564,233046,19913,88043,2.1587128089221537,0.27420123392579626
1163,0.4355,0,1,0,372565,233045,19913,88043,2.158703545889066,0.27420208790113615
1164,0.4357,0,5,0,372570,233040,19913,88043,2.158657230723628,0.2742063578576256
1165,0.4358,0,2,0,372572,233038,19913,88043,2.158638704657453,0.2742080658774577
1166,0.436,1,27,1,372599,233011,19914,88042,2.1583886027640893,0.27422886563900667
1167,0.4364,0,2,0,372601,233009,19914,88042,2.158370076697914,0.2742305739586545
1168,0.4367,10,149,10,372750,232860,19924,88032,2.1569898847678686,0.27433529037807114
1169,0.4368,0,1,0,372751,232859,19924,88032,2.156980621734781,0.274336145295443
1170,0.4369,0,1,0,372752,232858,19924,88032,2.156971358701693,0.2743370002181433
1171,0.437,0,1,0,372753,232857,19924,88032,2.1569620956686055,0.27433785514617204
1172,0.4371,0,2,0,372755,232855,19924,88032,2.1569435696024306,0.27433956501821516
1173,0.4373,0,1,0,372756,232854,19924,88032,2.156934306569343,0.2743404199622296
1174,0.4375,8,60,8,372816,232794,19932,88024,2.1563785245840896,0.27437363240217194
1175,0.4379,0,1,0,372817,232793,19932,88024,2.1563692615510024,0.2743744876362537
1176,0.438,2,17,2,372834,232776,19934,88022,2.156211789988514,0.27438450364403766
1177,0.4383,2,19,2,372853,232757,19936,88020,2.1560357923598503,0.2743962316500248
1178,0.4385,0,2,0,372855,232755,19936,88020,2.1560172662936754,0.2743979424830489
1179,0.4386,0,1,0,372856,232754,19936,88020,2.1560080032605877,0.2743987979075611
1180,0.4388,0,1,0,372857,232753,19936,88020,2.1559987402275,0.27439965333740685
1181,0.439,1,4,1,372861,232749,19937,88019,2.1559616880951498,0.27440081304868313
1182,0.4392,0,2,0,372863,232747,19937,88019,2.155943162028975,0.27440252395827486
1183,0.4393,1,2,1,372865,232745,19938,88018,2.1559246359627995,0.2744019727961143
1184,0.4398,0,1,0,372866,232744,19938,88018,2.1559153729297122,0.2744028282651935
1185,0.44,1289,9739,1289,382605,223005,21227,86729,2.065702693690022,0.28001123544719014
1186,0.4408,0,5,0,382610,223000,21227,86729,2.0656563785245843,0.28001575570902304
1187,0.441,1,3,1,382613,222997,21228,86728,2.0656285894253212,0.2800161433529744
1188,0.4415,0,1,0,382614,222996,21228,86728,2.065619326392234,0.28001704743578154
1189,0.4417,2,6,2,382620,222990,21230,86726,2.0655637481937084,0.2800178227795787
1190,0.442,2,18,2,382638,222972,21232,86724,2.0653970135981328,0.280029448233106
1191,0.4421,0,1,0,382639,222971,21232,86724,2.065387750565045,0.28003035244353314
1192,0.4424,0,1,0,382640,222970,21232,86724,2.0653784875319574,0.28003125665979967
1193,0.4425,6,49,6,382689,222921,21238,86718,2.0649245989106673,0.2800616201447492
1194,0.4429,0,9,0,382698,222912,21238,86718,2.0648412316128795,0.28006976068210443
1195,0.4433,13,134,13,382832,222778,21251,86705,2.063599985179147,0.28016078427571145
1196,0.4438,0,2,0,382834,222776,21251,86705,2.0635814591129717,0.2801625947958033
1197,0.444,4,26,4,382860,222750,21255,86701,2.0633406202526956,0.28017682928799714
1198,0.4442,1,0,1,382860,222750,21256,86700,2.0633406202526956,0.2801745031507513
1199,0.4443,0,3,0,382863,222747,21256,86700,2.063312831153433,0.28017721936228174
1200,0.4447,0,2,0,382865,222745,21256,86700,2.0632943050872576,0.28017903019922763
1201,0.4449,0,3,0,382868,222742,21256,86700,2.063266515987995,0.28018174649853606
1202,0.445,42,332,42,383200,222410,21298,86658,2.060191189002927,0.28038489911605213
1203,0.4457,0,4,0,383204,222406,21298,86658,2.060154136870577,0.28038852794243263
1204,0.4458,0,2,0,383206,222404,21298,86658,2.060135610804402,0.28039034239084715
1205,0.446,3,26,3,383232,222378,21301,86655,2.0598947719441254,0.280406946830921
1206,0.4462,1,2,1,383234,222376,21302,86654,2.0598762458779505,0.28040643303239166
1207,0.4467,20,151,20,383385,222225,21322,86634,2.0584775278817298,0.28049692578166735
1208,0.447,0,1,0,383386,222224,21322,86634,2.058468264848642,0.2804978339560575
1209,0.4471,1,1,1,383387,222223,21323,86633,2.0584590018155544,0.28049641256766905
1210,0.4473,0,2,0,383389,222221,21323,86633,2.0584404757493795,0.28049822893664966
1211,0.4475,10,67,10,383456,222154,21333,86623,2.0578198525325133,0.2805357912020649
1212,0.448,2,13,2,383469,222141,21335,86621,2.0576994331023752,0.28054294246053596
1213,0.4482,0,1,0,383470,222140,21335,86621,2.0576901700692876,0.28054385106927365
1214,0.4483,3,24,3,383494,222116,21338,86618,2.0574678572751863,0.28055866862736206
1215,0.4486,0,4,0,383498,222112,21338,86618,2.057430805142836,0.28056230363100443
1216,0.4487,0,2,0,383500,222110,21338,86618,2.0574122790766607,0.280564121168148
1217,0.4488,0,2,0,383502,222108,21338,86618,2.0573937530104858,0.28056593872884045
1218,0.449,0,6,0,383508,222102,21338,86618,2.0573381748119606,0.2805713915522156
1219,0.4492,0,4,0,383512,222098,21338,86618,2.0573011226796103,0.28057502688555175
1220,0.4493,0,1,0,383513,222097,21338,86618,2.0572918596465226,0.28057593573360545
1221,0.4495,0,1,0,383514,222096,21338,86618,2.057282596613435,0.28057684458754706
1222,0.45,1255,9525,1255,393039,212571,22593,85363,1.9690522064544815,0.2865164768035874
1223,0.4502,1,0,1,393039,212571,22594,85362,1.9690522064544815,0.2865140820251533
1224,0.4505,0,1,0,393040,212570,22594,85362,1.9690429434213939,0.28651504370124725
1225,0.4508,1,1,1,393041,212569,22595,85361,1.9690336803883064,0.28651361057966634
1226,0.451,0,3,0,393044,212566,22595,85361,1.9690058912890436,0.28651649565161935
1227,0.4512,0,1,0,393045,212565,22595,85361,1.9689966282559561,0.28651745735518214
1228,0.4513,0,1,0,393046,212564,22595,85361,1.9689873652228687,0.286518419065201
1229,0.4514,0,1,0,393047,212563,22595,85361,1.968978102189781,0.2865193807816759
1230,0.4517,1,20,1,393067,212543,22596,85360,1.96879284152803,0.2865362215217705
1231,0.4518,0,1,0,393068,212542,22596,85360,1.9687835784949423,0.2865371833690274
1232,0.452,0,17,0,393085,212525,22596,85360,1.968626106932454,0.28655353576044446
1233,0.4525,5,65,5,393150,212460,22601,85355,1.968024009781763,0.2866040998606518
1234,0.4527,0,1,0,393151,212459,22601,85355,1.9680147467486755,0.2866050622200434
1235,0.4529,0,2,0,393153,212457,22601,85355,1.9679962206825004,0.28660698695821524
1236,0.453,0,1,0,393154,212456,22601,85355,1.9679869576494127,0.2866079493369956
1237,0.4532,0,1,0,393155,212455,22601,85355,1.9679776946163252,0.286608911722239
1238,0.4533,22,163,22,393318,212292,22623,85333,1.9664678202230539,0.2867131457370853
1239,0.4538,0,1,0,393319,212291,22623,85333,1.9664585571899662,0.28671410907722494
1240,0.454,3,16,3,393335,212275,22626,85330,1.9663103486605653,0.2867223332941315
1241,0.4542,0,3,0,393338,212272,22626,85330,1.9662825595613027,0.286725223620809
1242,0.4543,1,3,1,393341,212269,22627,85329,1.9662547704620401,0.2867257172427234
1243,0.4544,0,1,0,393342,212268,22627,85329,1.9662455074289524,0.2867266807125072
1244,0.4545,0,1,0,393343,212267,22627,85329,1.966236244395865,0.28672764418876595
1245,0.4546,0,1,0,393344,212266,22627,85329,1.9662269813627775,0.2867286076714999
1246,0.455,30,316,30,393660,211950,22657,85299,1.9632998629071103,0.2869614363715269
1247,0.4553,0,1,0,393661,211949,22657,85299,1.9632905998740227,0.2869624017655291
1248,0.4555,2,0,2,393661,211949,22659,85297,1.9632905998740227,0.2869576041393324
1249,0.4556,0,1,0,393662,211948,22659,85297,1.9632813368409352,0.28695856953018556
1250,0.4557,0,1,0,393663,211947,22659,85297,1.9632720738078477,0.2869595349275343
1251,0.4558,0,3,0,393666,211944,22659,85297,1.963244284708585,0.28696243115855485
1252,0.456,5,28,5,393694,211916,22664,85292,1.9629849197821334,0.2869774703238136
1253,0.4561,0,1,0,393695,211915,22664,85292,1.962975656749046,0.28697843590494165
1254,0.4562,0,1,0,393696,211914,22664,85292,1.9629663937159583,0.28697940149256745
1255,0.4567,16,128,16,393824,211786,22680,85276,1.9617807254807513,0.2870646531700453
1256,0.457,0,3,0,393827,211783,22680,85276,1.9617529363814887,0.2870675522370977
1257,0.4573,0,2,0,393829,211781,22680,85276,1.9617344103153136,0.28706948498099694
1258,0.4575,8,57,8,393886,211724,22688,85268,1.9612064174293231,0.28710537657580004
1259,0.4576,0,1,0,393887,211723,22688,85268,1.9611971543962354,0.287106343289864
1260,0.458,3,16,3,393903,211707,22691,85265,1.9610489458668345,0.2871146101315949
1261,0.4582,0,2,0,393905,211705,22691,85265,1.9610304198006596,0.28711654375862883
1262,0.4583,1,26,1,393931,211679,22692,85264,1.960789580940383,0.2871392826232644
1263,0.4585,0,1,0,393932,211678,22692,85264,1.9607803179072956,0.2871402496110351
1264,0.4586,0,3,0,393935,211675,22692,85264,1.960752528808033,0.28714315061342566
1265,0.459,1,4,1,393939,211671,22693,85263,1.9607154766756827,0.2871446179959183
1266,0.4592,0,5,0,393944,211666,22693,85263,1.960669161510245,0.28714945323629554
1267,0.4593,1,0,1,393944,211666,22694,85262,1.960669161510245,0.2871470524841039
1268,0.4597,1,0,1,393944,211666,22695,85261,1.960669161510245,0.2871446517157416
1269,0.46,1317,9269,1317,403213,202397,24012,83944,1.8748101078217052,0.2931609514529879
1270,0.4605,0,1,0,403214,202396,24012,83944,1.8748008447886175,0.2931619752741496
1271,0.4607,0,2,0,403216,202394,24012,83944,1.8747823187224424,0.2931640229379265
1272,0.4608,0,3,0,403219,202391,24012,83944,1.8747545296231798,0.2931670944872265
1273,0.461,1,3,1,403222,202388,24013,83943,1.8747267405239172,0.2931676975248925
1274,0.4617,1,18,1,403240,202370,24014,83942,1.8745600059283412,0.29318365978373245
1275,0.462,0,12,0,403252,202358,24014,83942,1.8744488495312905,0.29319594830597273
1276,0.4621,0,1,0,403253,202357,24014,83942,1.874439586498203,0.29319697239599163
1277,0.4623,0,1,0,403254,202356,24014,83942,1.8744303234651154,0.29319799649316447
1278,0.4624,0,1,0,403255,202355,24014,83942,1.874421060432028,0.2931990205974914
1279,0.4625,6,45,6,403300,202310,24020,83936,1.8740042239430879,0.2932302984146503
1280,0.4629,0,1,0,403301,202309,24020,83936,1.8739949609100004,0.2932313228178658
1281,0.463,0,1,0,403302,202308,24020,83936,1.8739856978769127,0.2932323472282388
1282,0.4633,24,137,24,403439,202171,24044,83912,1.872716662343918,0.29331347895540805
1283,0.464,4,34,4,403473,202137,24048,83908,1.872401719218941,0.29333846073170305
1284,0.4642,0,2,0,403475,202135,24048,83908,1.872383193152766,0.2933405117412417
1285,0.4643,0,3,0,403478,202132,24048,83908,1.8723554040535033,0.2933435883093274
1286,0.4644,0,1,0,403479,202131,24048,83908,1.8723461410204156,0.2933446138463636
1287,0.4648,0,1,0,403480,202130,24048,83908,1.8723368779873282,0.29334563939057046
1288,0.465,33,314,33,403794,201816,24081,83875,1.8694282855978361,0.29358642729382445
1289,0.4655,0,1,0,403795,201815,24081,83875,1.8694190225647487,0.2935874549336694
1290,0.4657,1,5,1,403800,201810,24082,83874,1.869372707399311,0.2935901205527786
1291,0.4658,0,2,0,403802,201808,24082,83874,1.8693541813331358,0.2935921759158785
1292,0.466,4,31,4,403833,201777,24086,83870,1.8690670273074215,0.29361414613141396
1293,0.4662,0,1,0,403834,201776,24086,83870,1.869057764274334,0.2936151740265924
1294,0.4663,0,1,0,403835,201775,24086,83870,1.8690485012412463,0.29361620192896776
1295,0.4664,0,1,0,403836,201774,24086,83870,1.8690392382081589,0.2936172298385403
1296,0.4667,26,151,26,403987,201623,24112,83844,1.8676405202119382,0.2937082044509523
1297,0.467,0,2,0,403989,201621,24112,83844,1.867621994145763,0.2937102622037728
1298,0.4671,0,4,0,403993,201617,24112,83844,1.867584942013413,0.2937143777959161
1299,0.4672,1,0,1,403993,201617,24113,83843,1.867584942013413,0.29371190359419885
1300,0.4675,4,44,4,404037,201573,24117,83839,1.8671773685575606,0.2937472846271355
1301,0.4677,0,2,0,404039,201571,24117,83839,1.8671588424913854,0.2937493430503486
1302,0.468,7,14,7,404053,201557,24124,83832,1.8670291600281597,0.29374643031090897
1303,0.4683,1,22,1,404075,201535,24125,83831,1.8668253733002333,0.2937666014872129
1304,0.4685,1,0,1,404075,201535,24126,83830,1.8668253733002333,0.2937641266448233
1305,0.4686,1,1,1,404076,201534,24127,83829,1.866816110267146,0.29376268121655574
1306,0.4687,0,1,0,404077,201533,24127,83829,1.8668068472340584,0.29376371065523793
1307,0.4688,0,1,0,404078,201532,24127,83829,1.8667975842009707,0.29376474010113507
1308,0.469,0,4,0,404082,201528,24127,83829,1.8667605320686205,0.2937688579568751
1309,0.4692,0,4,0,404086,201524,24127,83829,1.8667234799362704,0.293772975928061
1310,0.4693,0,4,0,404090,201520,24127,83829,1.8666864278039201,0.2937770940146978
1311,0.4695,0,1,0,404091,201519,24127,83829,1.8666771647708325,0.29377812355439675
1312,0.4698,0,1,0,404092,201518,24127,83829,1.866667901737745,0.29377915310131175
1313,0.47,1355,9176,1355,413268,192342,25482,82474,1.7816703101263478,0.30010625291103865
1314,0.4705,0,1,0,413269,192341,25482,82474,1.7816610470932601,0.3001073449411422
1315,0.4706,0,1,0,413270,192340,25482,82474,1.7816517840601727,0.3001084369791932
1316,0.4708,1,2,1,413272,192338,25483,82473,1.7816332579939975,0.30010807427650277
1317,0.471,0,3,0,413275,192335,25483,82473,1.781605468894735,0.3001113504701464
1318,0.4714,1,0,1,413275,192335,25484,82472,1.781605468894735,0.3001088036330952
1319,0.4717,1,27,1,413302,192308,25485,82471,1.7813553670013709,0.3001357454536191
1320,0.4718,0,1,0,413303,192307,25485,82471,1.7813461039682834,0.3001368377381013
1321,0.472,0,14,0,413317,192293,25485,82471,1.7812164215050577,0.30015213055567685
1322,0.4721,0,1,0,413318,192292,25485,82471,1.78120715847197,0.3001532229594232
1323,0.4725,9,58,9,413376,192234,25494,82462,1.7806699025528918,0.30019366863733
1324,0.4726,0,1,0,413377,192233,25494,82462,1.7806606395198044,0.3001947614627132
1325,0.4729,0,2,0,413379,192231,25494,82462,1.7806421134536292,0.3001969471373497
1326,0.473,0,2,0,413381,192229,25494,82462,1.780623587387454,0.3001991328438136
1327,0.4733,20,130,20,413511,192099,25514,82442,1.779419393086072,0.3002903027234548
1328,0.4737,0,1,0,413512,192098,25514,82442,1.7794101300529845,0.3002913965178116
1329,0.4738,0,1,0,413513,192097,25514,82442,1.779400867019897,0.30029249032013666
1330,0.474,4,21,4,413534,192076,25518,82438,1.7792063433250584,0.3003052667623509
1331,0.4742,1,5,1,413539,192071,25519,82437,1.7791600281596205,0.30030818773951945
1332,0.4743,0,6,0,413545,192065,25519,82437,1.7791044499610953,0.30031475180508704
1333,0.475,34,333,34,413878,191732,25553,82403,1.7760198599429398,0.3005927736334288
1334,0.4754,0,1,0,413879,191731,25553,82403,1.776010596909852,0.300593870151094
1335,0.4755,1,0,1,413879,191731,25554,82402,1.776010596909852,0.30059131881240125
1336,0.4757,0,1,0,413880,191730,25554,82402,1.7760013338767646,0.3005924153327594
1337,0.4758,0,4,0,413884,191726,25554,82402,1.7759642817444143,0.3005968014941925
1338,0.476,4,29,4,413913,191697,25558,82398,1.7756956537848754,0.3006183987303672
1339,0.4761,0,1,0,413914,191696,25558,82398,1.7756863907517877,0.30061949550154327
1340,0.4762,0,2,0,413916,191694,25558,82398,1.7756678646856126,0.3006216890679042
1341,0.4764,0,2,0,413918,191692,25558,82398,1.7756493386194376,0.3006238826662775
1342,0.4767,27,124,27,414042,191568,25585,82371,1.7745007225165808,0.30069102975479944
1343,0.4769,0,2,0,414044,191566,25585,82371,1.7744821964504056,0.3006932250845997
1344,0.477,0,3,0,414047,191563,25585,82371,1.774454407351143,0.30069651813940584
1345,0.4771,0,4,0,414051,191559,25585,82371,1.7744173552187927,0.30070090899134816
1346,0.4773,0,3,0,414054,191556,25585,82371,1.7743895661195301,0.3007042022144586
1347,0.4775,7,52,7,414106,191504,25592,82364,1.7739078883989774,0.3007434238392218
1348,0.4778,0,1,0,414107,191503,25592,82364,1.7738986253658897,0.30074452197599566
1349,0.4779,0,1,0,414108,191502,25592,82364,1.7738893623328023,0.300745620120789
1350,0.478,4,14,4,414122,191488,25596,82360,1.7737596798695765,0.3007507814554059
1351,0.4783,0,21,0,414143,191467,25596,82360,1.7735651561747379,0.30077384626059517
1352,0.4785,0,2,0,414145,191465,25596,82360,1.7735466301085627,0.3007760430932165
1353,0.4786,0,1,0,414146,191464,25596,82360,1.7735373670754753,0.3007771415215613
1354,0.479,0,1,0,414147,191463,25596,82360,1.7735281040423876,0.300778239957929
1355,0.4792,2,4,2,414151,191459,25598,82358,1.7734910519100375,0.3007775265962303
1356,0.4795,0,1,0,414152,191458,25598,82358,1.7734817888769498,0.30077862506208547
1357,0.48,1432,9063,1432,423215,182395,27030,80926,1.6895309200044462,0.3073283179085603
1358,0.4807,0,1,0,423216,182394,27030,80926,1.6895216569713587,0.3073294850372171
1359,0.4808,1,2,1,423218,182392,27031,80925,1.6895031309051836,0.3073291887724682
1360,0.481,1,4,1,423222,182388,27032,80924,1.6894660787728333,0.3073312268335663
1361,0.4812,0,1,0,423223,182387,27032,80924,1.6894568157397458,0.30733239401316315
1362,0.4813,0,1,0,423224,182386,27032,80924,1.6894475527066584,0.30733356120162547
1363,0.4815,0,1,0,423225,182385,27032,80924,1.6894382896735707,0.3073347283989533
1364,0.4817,2,18,2,423243,182367,27034,80922,1.6892715550779946,0.30735047799186443
1365,0.482,0,11,0,423254,182356,27034,80922,1.6891696617140317,0.3073633193810345
1366,0.4825,4,45,4,423299,182311,27038,80918,1.6887528252250916,0.30740533907738127
1367,0.4827,0,1,0,423300,182310,27038,80918,1.6887435621920042,0.3074065069065601
1368,0.4829,0,1,0,423301,182309,27038,80918,1.6887342991589165,0.30740767474461206
1369,0.483,0,1,0,423302,182308,27038,80918,1.688725036125829,0.30740884259153733
1370,0.4833,15,129,15,423431,182179,27053,80903,1.6875301048575346,0.3075200887936081
1371,0.4838,0,1,0,423432,182178,27053,80903,1.687520841824447,0.3075212577115033
1372,0.484,6,34,6,423466,182144,27059,80897,1.6872058986994702,0.30754521158298515
1373,0.4842,2,1,2,423467,182143,27061,80895,1.6871966356663826,0.3075411157323277
1374,0.4843,0,4,0,423471,182139,27061,80895,1.6871595835340323,0.30754579255913683
1375,0.4844,0,1,0,423472,182138,27061,80895,1.6871503205009448,0.3075469617880646
1376,0.4847,0,2,0,423474,182136,27061,80895,1.6871317944347697,0.3075493002725914
1377,0.485,55,306,55,423780,181830,27116,80840,1.6842973063099782,0.30776259184528115
1378,0.4853,0,1,0,423781,181829,27116,80840,1.6842880432768905,0.30776376351986723
1379,0.4857,0,1,0,423782,181828,27116,80840,1.684278780243803,0.3077649352033746
1380,0.4858,0,1,0,423783,181827,27116,80840,1.6842695172107154,0.3077661068958034
1381,0.486,5,33,5,423816,181794,27121,80835,1.6839638371188261,0.30779159955678925
1382,0.4867,16,126,16,423942,181668,27137,80819,1.6827966949497943,0.30789715300186293
1383,0.487,0,2,0,423944,181666,27137,80819,1.6827781688836192,0.30789949901899155
1384,0.4871,1,4,1,423948,181662,27138,80818,1.6827411167512691,0.3079015544041451
1385,0.4873,0,1,0,423949,181661,27138,80818,1.6827318537181815,0.3079027274562917
1386,0.4875,6,62,6,424011,181599,27144,80812,1.682157545666753,0.3079596510817001
1387,0.4879,0,1,0,424012,181598,27144,80812,1.6821482826336656,0.30796082466369423
1388,0.488,1,18,1,424030,181580,27145,80811,1.6819815480380895,0.30797931331486217
1389,0.4883,2,21,2,424051,181559,27147,80809,1.681787024343251,0.30799868886449566
1390,0.4886,0,2,0,424053,181557,27147,80809,1.6817684982770758,0.3080010367196969
1391,0.4887,0,1,0,424054,181556,27147,80809,1.6817592352439883,0.30800221066072075
1392,0.4888,1,1,1,424055,181555,27148,80808,1.6817499722109008,0.30800074705655905
1393,0.489,0,3,0,424058,181552,27148,80808,1.681722183111638,0.3080042689434365
1394,0.4892,0,2,0,424060,181550,27148,80808,1.6817036570454629,0.30800661691276804
1395,0.49,1392,8827,1392,432887,172723,28540,79416,1.599938863981622,0.3149691241735709
1396,0.4905,0,1,0,432888,172722,28540,79416,1.5999296009485346,0.3149703733669657
1397,0.4907,0,3,0,432891,172719,28540,79416,1.5999018118492718,0.3149741210066036
1398,0.4908,0,3,0,432894,172716,28540,79416,1.5998740227500092,0.3149778687354243
1399,0.491,1,5,1,432899,172711,28541,79415,1.5998277075845715,0.314981398189794
1400,0.4912,0,2,0,432901,172709,28541,79415,1.5998091815183964,0.31498389681267946
1401,0.4913,0,1,0,432902,172708,28541,79415,1.599799918485309,0.3149851461389877
1402,0.4914,0,1,0,432903,172707,28541,79415,1.5997906554522212,0.31498639547520646
1403,0.4917,3,20,3,432923,172687,28544,79412,1.5996053947904703,0.3150032328569332
1404,0.492,0,14,0,432937,172673,28544,79412,1.5994757123272445,0.31502072713568835
1405,0.4925,9,50,9,432987,172623,28553,79403,1.5990125606728667,0.31505876377834036
1406,0.4927,0,1,0,432988,172622,28553,79403,1.5990032976397792,0.31506001388751115
1407,0.4929,0,1,0,432989,172621,28553,79403,1.5989940346066915,0.31506126400660256
1408,0.493,0,1,0,432990,172620,28553,79403,1.598984771573604,0.3150625141356146
1409,0.4933,18,138,18,433128,172482,28571,79385,1.5977064730075217,0.3151861895365411
1410,0.4937,0,1,0,433129,172481,28571,79385,1.597697209974434,0.31518744094081774
1411,0.4938,0,1,0,433130,172480,28571,79385,1.5976879469413465,0.31518869235503144
1412,0.494,1,21,1,433151,172459,28572,79384,1.597493423246508,0.31521225525426555
1413,0.4942,0,6,0,433157,172453,28572,79384,1.5974378450479825,0.31521976516556344
1414,0.4943,0,5,0,433162,172448,28572,79384,1.5973915298825447,0.3152260236983386
1415,0.4945,1,2,1,433164,172446,28573,79383,1.5973730038163696,0.31522580798875427
1416,0.4947,0,1,0,433165,172445,28573,79383,1.5973637407832821,0.3152270597391871
1417,0.495,48,286,48,433451,172159,28621,79335,1.5947145133202416,0.31545484186501466
1418,0.4954,0,1,0,433452,172158,28621,79335,1.594705250287154,0.3154560961935322
1419,0.4955,1,0,1,433452,172158,28622,79334,1.594705250287154,0.315453374262402
1420,0.4957,0,1,0,433453,172157,28622,79334,1.5946959872540665,0.3154546285950591
1421,0.4958,0,1,0,433454,172156,28622,79334,1.594686724220979,0.31545588293769133
1422,0.496,6,19,6,433473,172137,28628,79328,1.5945107265923153,0.3154633845664407
1423,0.4962,0,1,0,433474,172136,28628,79328,1.5945014635592278,0.3154646390735851
1424,0.4967,25,130,25,433604,172006,28653,79303,1.5932972692578458,0.31555972925760717
1425,0.4971,0,1,0,433605,172005,28653,79303,1.5932880062247583,0.31556098492686263
1426,0.4973,0,2,0,433607,172003,28653,79303,1.5932694801585832,0.3155634962953531
1427,0.4975,11,53,11,433660,171950,28664,79292,1.5927785394049427,0.31560009870961064
1428,0.4977,1,2,1,433662,171948,28665,79291,1.5927600133387676,0.3155998869602251
1429,0.498,2,15,2,433677,171933,28667,79289,1.5926210678424544,0.31561328227623375
1430,0.4983,1,12,1,433689,171921,28668,79288,1.5925099114454038,0.3156256344318874
1431,0.4988,0,2,0,433691,171919,28668,79288,1.5924913853792286,0.31562814730481237
1432,0.4989,0,1,0,433692,171918,28668,79288,1.592482122346141,0.3156294037562797
1433,0.499,1,0,1,433692,171918,28669,79287,1.592482122346141,0.3156266794052666
1434,0.4992,0,7,0,433699,171911,28669,79287,1.592417281114528,0.3156354748047357
1435,0.4993,0,2,0,433701,171909,28669,79287,1.592398755048353,0.3156379878660488
1436,0.5,1515,8496,1515,442197,163413,30184,77772,1.5137000259364926,0.32245786429504325
1437,0.5005,0,3,0,442200,163410,30184,77772,1.51367223683723,0.3224618752643232
1438,0.5007,0,2,0,442202,163408,30184,77772,1.5136537107710548,0.32246454929927854
1439,0.5008,0,2,0,442204,163406,30184,77772,1.5136351847048797,0.32246722337858347
1440,0.501,1,1,1,442205,163405,30185,77771,1.5136259216717922,0.32246575115268516
1441,0.5013,0,2,0,442207,163403,30185,77771,1.513607395605617,0.3224684252863078
1442,0.5017,2,21,2,442228,163382,30187,77769,1.5134128719107784,0.3224908874522602
1443,0.502,0,7,0,442235,163375,30187,77769,1.5133480306791656,0.32250024881398665
1444,0.5025,7,59,7,442294,163316,30194,77762,1.512801511727,0.32255950356316215
1445,0.5027,1,0,1,442294,163316,30195,77761,1.512801511727,0.32255669350456495
1446,0.503,0,1,0,442295,163315,30195,77761,1.5127922486939123,0.32255803149214357
1447,0.5033,27,94,27,442389,163221,30222,77734,1.5119215235836823,0.3226079558423772
1448,0.5038,0,1,0,442390,163220,30222,77734,1.5119122605505946,0.32260929472015404
1449,0.504,8,22,8,442412,163198,30230,77726,1.5117084738226685,0.32261626072952465
1450,0.5042,1,3,1,442415,163195,30231,77725,1.5116806847234059,0.32261746637888095
1451,0.5043,1,2,1,442417,163193,30232,77724,1.5116621586572307,0.32261733294039024
1452,0.505,45,298,45,442715,162895,30277,77679,1.5089017747971396,0.32289025414217665
1453,0.5056,0,1,0,442716,162894,30277,77679,1.508892511764052,0.3228915963138008
1454,0.5057,0,3,0,442719,162891,30277,77679,1.5088647226647893,0.3228956228956229
1455,0.5058,0,3,0,442722,162888,30277,77679,1.5088369335655267,0.32289964957787226
1456,0.506,5,27,5,442749,162861,30282,77674,1.5085868316721627,0.3229218201093396
1457,0.5062,1,1,1,442750,162860,30283,77673,1.5085775686390752,0.32292034772775463
1458,0.5065,0,2,0,442752,162858,30283,77673,1.5085590425729,0.3229230327899522
1459,0.5067,29,139,29,442891,162719,30312,77644,1.50727148097373,0.32302808668555477
1460,0.5071,0,2,0,442893,162717,30312,77644,1.5072529549075548,0.32303077454329115
1461,0.5073,0,1,0,442894,162716,30312,77644,1.5072436918744674,0.32303211848893326
1462,0.5075,5,52,5,442946,162664,30317,77639,1.5067620141539146,0.3230879348156286
1463,0.508,1,11,1,442957,162653,30318,77638,1.5066601207899515,0.3230999080281825
1464,0.5083,4,15,4,442972,162638,30322,77634,1.506521175293638,0.323108810015316
1465,0.5085,0,1,0,442973,162637,30322,77634,1.5065119122605506,0.3231101547835569
1466,0.5087,1,0,1,442973,162637,30323,77633,1.5065119122605506,0.3231073375785575
1467,0.5088,0,1,0,442974,162636,30323,77633,1.5065026492274631,0.32310868235186396
1468,0.509,1,2,1,442976,162634,30324,77632,1.506484123161288,0.32310855468522387
1469,0.5092,0,6,0,442982,162628,30324,77632,1.5064285449627626,0.32311662365770416
1470,0.5093,0,1,0,442983,162627,30324,77632,1.5064192819296751,0.32311796852563274
1471,0.5095,0,1,0,442984,162626,30324,77632,1.5064100188965874,0.3231193134047566
1472,0.51,1600,8211,1600,451195,154415,31924,76032,1.4303512542146801,0.32993269602121095
1473,0.5108,0,3,0,451198,154412,31924,76032,1.4303234651154173,0.3299369911995973
1474,0.511,0,1,0,451199,154411,31924,76032,1.4303142020823298,0.3299384229505778
1475,0.5113,0,1,0,451200,154410,31924,76032,1.4303049390492424,0.3299398547139844
1476,0.5114,0,2,0,451202,154408,31924,76032,1.4302864129830672,0.3299427182780767
1477,0.5117,6,14,6,451216,154394,31930,76026,1.4301567305198415,0.3299453172467668
1478,0.512,3,10,3,451226,154384,31933,76023,1.4300641001889658,0.32995091294969336
1479,0.5121,0,1,0,451227,154383,31933,76023,1.4300548371558783,0.32995234499101583
1480,0.5123,0,1,0,451228,154382,31933,76023,1.4300455741227909,0.32995377704476897
1481,0.5124,0,1,0,451229,154381,31933,76023,1.4300363110897032,0.32995520911095294
1482,0.5125,10,45,10,451274,154336,31943,76013,1.4296194746007633,0.3299905795119579
1483,0.5127,0,1,0,451275,154335,31943,76013,1.4296102115676756,0.3299920120860611
1484,0.5128,0,1,0,451276,154334,31943,76013,1.4296009485345882,0.32999344467260266
1485,0.5129,0,1,0,451277,154333,31943,76013,1.4295916855015005,0.3299948772715828
1486,0.513,0,1,0,451278,154332,31943,76013,1.429582422468413,0.3299963098830016
1487,0.5133,15,126,15,451404,154206,31958,75998,1.4284152802993813,0.3301332730969054
1488,0.5135,0,1,0,451405,154205,31958,75998,1.4284060172662936,0.3301347071932164
1489,0.5137,0,1,0,451406,154204,31958,75998,1.4283967542332061,0.33013614130198693
1490,0.514,3,22,3,451428,154182,31961,75995,1.42819296750528,0.3301589646228772
1491,0.5142,1,2,1,451430,154180,31962,75994,1.4281744414391049,0.33015892324936785
1492,0.5143,0,3,0,451433,154177,31962,75994,1.428146652339842,0.33016322647075436
1493,0.5147,0,2,0,451435,154175,31962,75994,1.4281281262736671,0.33016609534733177
1494,0.515,39,288,39,451723,153887,32001,75955,1.4254603727444515,0.33046614630920373
1495,0.5158,1,2,1,451725,153885,32002,75954,1.4254418466782763,0.33046610888491507
1496,0.516,5,28,5,451753,153857,32007,75949,1.4251824817518248,0.33049180613212886
1497,0.5167,18,147,18,451900,153710,32025,75931,1.4238208158879544,0.33065088551260446
1498,0.517,0,1,0,451901,153709,32025,75931,1.4238115528548667,0.33065232537885386
1499,0.5171,0,3,0,451904,153706,32025,75931,1.4237837637556041,0.33065664505284426
1500,0.5172,0,1,0,451905,153705,32025,75931,1.4237745007225167,0.3306580849692557
1501,0.5173,0,1,0,451906,153704,32025,75931,1.423765237689429,0.33065952489820805
1502,0.5175,8,49,8,451955,153655,32033,75923,1.4233113490681388,0.33070677503942014
1503,0.518,2,5,2,451960,153650,32035,75921,1.423265033902701,0.33070814693493517
1504,0.5183,4,17,4,451977,153633,32039,75917,1.4231075623402127,0.33072097582226095
1505,0.5185,0,1,0,451978,153632,32039,75917,1.423098299307125,0.33072241656465506
1506,0.5186,0,1,0,451979,153631,32039,75917,1.4230890362740376,0.330723857319602
1507,0.519,0,2,0,451981,153629,32039,75917,1.4230705102078625,0.33072673886715515
1508,0.5192,0,2,0,451983,153627,32039,75917,1.4230519841416873,0.33072962046492177
1509,0.5193,0,1,0,451984,153626,32039,75917,1.4230427211085999,0.3307310612826355
1510,0.5195,0,1,0,451985,153625,32039,75917,1.4230334580755122,0.33073250211290306
1511,0.52,1601,8050,1601,460035,145575,33640,74316,1.348466041720701,0.33796744750808355
1512,0.5202,1,1,1,460036,145574,33641,74315,1.3484567786876134,0.3379659737412967
1513,0.5207,0,1,0,460037,145573,33641,74315,1.348447515654526,0.3379675107327367
1514,0.5208,1,1,1,460038,145572,33642,74314,1.3484382526214385,0.3379660369464177
1515,0.521,1,1,1,460039,145571,33643,74313,1.3484289895883508,0.3379645631332885
1516,0.5212,0,1,0,460040,145570,33643,74313,1.3484197265552633,0.33796610015326334
1517,0.5214,0,1,0,460041,145569,33643,74313,1.3484104635221756,0.3379676371872186
1518,0.5217,1,11,1,460052,145558,33644,74312,1.3483085701582127,0.3379815345431391
1519,0.522,1,16,1,460068,145542,33645,74311,1.3481603616288118,0.3380031202667237
1520,0.5223,0,2,0,460070,145540,33645,74311,1.3481418355626367,0.33800619510486646
1521,0.5225,6,47,6,460117,145493,33651,74305,1.3477064730075217,0.3380604009135661
1522,0.5227,0,2,0,460119,145491,33651,74305,1.3476879469413465,0.33806347704234835
1523,0.5229,0,1,0,460120,145490,33651,74305,1.3476786839082588,0.3380650151277327
1524,0.523,0,2,0,460122,145488,33651,74305,1.3476601578420837,0.33806809134048854
1525,0.5233,17,122,17,460244,145366,33668,74288,1.3465300678054022,0.33820463091953706
1526,0.5235,0,1,0,460245,145365,33668,74288,1.3465208047723147,0.338206170641876
1527,0.5237,0,1,0,460246,145364,33668,74288,1.346511541739227,0.33820771037823466
1528,0.524,2,14,2,460260,145350,33670,74286,1.3463818592760013,0.33822324209146043
1529,0.5242,1,3,1,460263,145347,33671,74285,1.3463540701767387,0.33822484883805637
1530,0.5243,0,2,0,460265,145345,33671,74285,1.3463355441105636,0.3382279287893275
1531,0.5245,1,0,1,460265,145345,33672,74284,1.3463355441105636,0.3382249156532152
1532,0.5247,0,1,0,460266,145344,33672,74284,1.346326281077476,0.3382264556431785
1533,0.525,60,279,60,460545,145065,33732,74224,1.3437418948460484,0.33847571013593936
1534,0.5254,0,1,0,460546,145064,33732,74224,1.3437326318129608,0.33847725365729087
1535,0.5257,0,2,0,460548,145062,33732,74224,1.3437141057467856,0.33848034074222705
1536,0.5258,1,3,1,460551,145059,33733,74223,1.343686316647523,0.33848195474320736
1537,0.526,6,23,6,460574,145036,33739,74217,1.3434732668865093,0.3384993591877876
1538,0.5262,1,0,1,460574,145036,33740,74216,1.3434732668865093,0.3384963421086239
1539,0.5265,0,1,0,460575,145035,33740,74216,1.3434640038534218,0.3384978859845565
1540,0.5267,18,129,18,460704,144906,33758,74198,1.3422690725851272,0.3386428362786622
1541,0.527,1,1,1,460705,144905,33759,74197,1.3422598095520397,0.3386413633832644
1542,0.5271,0,2,0,460707,144903,33759,74197,1.3422412834858646,0.3386444545869466
1543,0.5273,1,1,1,460708,144902,33760,74196,1.3422320204527771,0.33864298167943113
1544,0.5275,12,49,12,460757,144853,33772,74184,1.341778131831487,0.3386825056953848
1545,0.5277,1,0,1,460757,144853,33773,74183,1.341778131831487,0.33867948647710877
1546,0.528,3,9,3,460766,144844,33776,74180,1.341694764533699,0.3386843450946015
1547,0.5282,0,1,0,460767,144843,33776,74180,1.3416855015006113,0.3386858914360592
1548,0.5283,2,16,2,460783,144827,33778,74178,1.3415372929712104,0.33870459578548434
1549,0.5285,0,1,0,460784,144826,33778,74178,1.341528029938123,0.33870614235356433
1550,0.5288,0,1,0,460785,144825,33778,74178,1.3415187669050355,0.338707688935768
1551,0.5289,0,1,0,460786,144824,33778,74178,1.3415095038719478,0.3387092355320956
1552,0.529,1,1,1,460787,144823,33779,74177,1.3415002408388603,0.33870776255707763
1553,0.5292,2,4,2,460791,144819,33781,74175,1.34146318870651,0.3387079098057481
1554,0.5293,0,1,0,460792,144818,33781,74175,1.3414539256734226,0.3387094564666451
1555,0.5295,0,1,0,460793,144817,33781,74175,1.341444662640335,0.3387110031416673
1556,0.5297,0,1,0,460794,144816,33781,74175,1.3414353996072474,0.33871254983081495
1557,0.5298,1,0,1,460794,144816,33782,74174,1.3414353996072474,0.3387095301155304
1558,0.53,1626,7768,1626,468562,137048,35408,72548,1.2694801585831264,0.34613255978167523
1559,0.5302,0,1,0,468563,137047,35408,72548,1.269470895550039,0.34613421121687066
1560,0.5306,0,1,0,468564,137046,35408,72548,1.2694616325169514,0.3461358626678245
1561,0.5307,0,7,0,468571,137039,35408,72548,1.2693967912853386,0.346147423265756
1562,0.5308,0,3,0,468574,137036,35408,72548,1.2693690021860757,0.3461523780441255
1563,0.531,0,1,0,468575,137035,35408,72548,1.2693597391529883,0.34615402966843684
1564,0.5315,1,1,1,468576,137034,35409,72547,1.2693504761199006,0.3461525615394525
1565,0.5317,4,14,4,468590,137020,35413,72543,1.2692207936566748,0.3461632062911869
1566,0.532,1,15,1,468605,137005,35414,72542,1.2690818481603616,0.34618486544784705
1567,0.5325,6,38,6,468643,136967,35420,72536,1.2687298529030346,0.3462289322825926
1568,0.5329,0,2,0,468645,136965,35420,72536,1.2687113268368595,0.346232237554952
1569,0.533,1,0,1,468645,136965,35421,72535,1.2687113268368595,0.3462291169451074
1570,0.5333,13,122,13,468767,136843,35434,72522,1.2675812368001778,0.3463902753564349
1571,0.534,1,21,1,468788,136822,35435,72521,1.2673867131053391,0.3464219008994808
1572,0.5342,0,3,0,468791,136819,35435,72521,1.2673589240060765,0.3464268653864527
1573,0.5343,1,7,1,468798,136812,35436,72520,1.2672940827744636,0.34643532761355167
1574,0.5344,0,1,0,468799,136811,35436,72520,1.2672848197413762,0.3464369825778313
1575,0.5347,0,1,0,468800,136810,35436,72520,1.2672755567082885,0.3464386375579229
1576,0.535,54,282,54,469082,136528,35490,72466,1.2646633813775983,0.3467372269060356
1577,0.5352,1,0,1,469082,136528,35491,72465,1.2646633813775983,0.34673410114214354
1578,0.5355,0,1,0,469083,136527,35491,72465,1.2646541183445108,0.3467357602204869
1579,0.5357,0,3,0,469086,136524,35491,72465,1.264626329245248,0.34674073755078016
1580,0.5358,1,1,1,469087,136523,35492,72464,1.2646170662121605,0.34673927086373796
1581,0.536,7,21,7,469108,136502,35499,72457,1.264422542517322,0.3467522336917769
1582,0.5362,1,2,1,469110,136500,35500,72456,1.2644040164511468,0.3467524263481307
1583,0.5365,0,1,0,469111,136499,35500,72456,1.2643947534180593,0.3467540858079491
1584,0.5367,33,134,33,469245,136365,35533,72423,1.263153506984327,0.34687338352778896
1585,0.537,0,2,0,469247,136363,35533,72423,1.2631349809181518,0.3468767062925675
1586,0.5373,0,4,0,469251,136359,35533,72423,1.2630979287858015,0.34688335201310455
1587,0.5375,9,47,9,469298,136312,35542,72414,1.2626625662306865,0.3469333001159415
1588,0.5378,0,1,0,469299,136311,35542,72414,1.262653303197599,0.3469349622709306
1589,0.538,2,10,2,469309,136301,35544,72412,1.2625606728667236,0.3469453268363734
1590,0.5382,1,0,1,469309,136301,35545,72411,1.2625606728667236,0.34694219786116753
1591,0.5383,1,21,1,469330,136280,35546,72410,1.262366149171885,0.3469739805453064
1592,0.5386,0,2,0,469332,136278,35546,72410,1.2623476231057098,0.3469773058345473
1593,0.5387,0,1,0,469333,136277,35546,72410,1.2623383600726221,0.3469789685030692
1594,0.539,0,3,0,469336,136274,35546,72410,1.2623105709733595,0.34698395660424375
1595,0.5392,1,3,1,469339,136271,35547,72409,1.262282781874097,0.34698581560283687
1596,0.5393,1,0,1,469339,136271,35548,72408,1.262282781874097,0.3469826863268465
1597,0.5396,1,0,1,469339,136271,35549,72407,1.262282781874097,0.3469795570208647
1598,0.54,1625,7510,1625,476849,128761,37174,70782,1.1927174033865648,0.3547205364257328
1599,0.5403,1,1,1,476850,128760,37175,70781,1.1927081403534774,0.35471908028926386
1600,0.5405,1,0,1,476850,128760,37176,70780,1.1927081403534774,0.3547158464468277
1601,0.5407,0,2,0,476852,128758,37176,70780,1.1926896142873022,0.35471940181820005
1602,0.5408,0,4,0,476856,128754,37176,70780,1.192652562154952,0.3547265127747652
1603,0.541,0,2,0,476858,128752,37176,70780,1.1926340360887768,0.3547300683599623
1604,0.5413,1,0,1,476858,128752,37177,70779,1.1926340360887768,0.3547268344267307
1605,0.5415,1,1,1,476859,128751,37178,70778,1.1926247730556894,0.354725378265816
1606,0.5417,2,15,2,476874,128736,37180,70776,1.192485827559376,0.3547455792132804
1607,0.5418,0,1,0,476875,128735,37180,70776,1.1924765645262885,0.35474735728857054
1608,0.5419,0,1,0,476876,128734,37180,70776,1.192467301493201,0.3547491353816851
1609,0.542,1,10,1,476886,128724,37181,70775,1.1923746711623253,0.3547636830259801
1610,0.5421,0,1,0,476887,128723,37181,70775,1.1923654081292379,0.3547654613078828
1611,0.5423,0,1,0,476888,128722,37181,70775,1.1923561450961502,0.35476723960761314
1612,0.5425,9,50,9,476938,128672,37190,70766,1.1918929934417726,0.35482706404998043
1613,0.5427,1,1,1,476939,128671,37191,70765,1.1918837304086851,0.3548256082151668
1614,0.5429,1,1,1,476940,128670,37192,70764,1.1918744673755974,0.3548241523511538
1615,0.543,0,2,0,476942,128668,37192,70764,1.1918559413094223,0.3548277106983834
1616,0.5432,0,2,0,476944,128666,37192,70764,1.1918374152432472,0.3548312691169834
1617,0.5433,15,133,15,477077,128533,37207,70749,1.1906054318426025,0.3550195200770767
1618,0.5435,0,3,0,477080,128530,37207,70749,1.1905776427433399,0.35502486463701644
1619,0.544,4,30,4,477110,128500,37211,70745,1.1902997517507132,0.3550653717784637
1620,0.5442,0,2,0,477112,128498,37211,70745,1.190281225684538,0.3550689359224665
1621,0.5443,1,3,1,477115,128495,37212,70744,1.1902534365852755,0.355071045327471
1622,0.5445,0,2,0,477117,128493,37212,70744,1.1902349105191004,0.35507460963576043
1623,0.5447,0,4,0,477121,128489,37212,70744,1.19019785838675,0.355081738467021
1624,0.545,54,256,54,477377,128233,37266,70690,1.1878265219163362,0.3553636331645913
1625,0.5457,0,3,0,477380,128230,37266,70690,1.1877987328170736,0.35536899255982307
1626,0.5458,0,1,0,477381,128229,37266,70690,1.1877894697839861,0.35537077906082376
1627,0.546,10,17,10,477398,128212,37276,70680,1.1876319982214976,0.3553687428353076
1628,0.5462,0,1,0,477399,128211,37276,70680,1.18762273518841,0.35537052958655746
1629,0.5465,0,1,0,477400,128210,37276,70680,1.1876134721553226,0.35537231635577454
1630,0.5467,22,115,22,477515,128095,37298,70658,1.1865482233502538,0.3555065835484244
1631,0.5471,1,1,1,477516,128094,37299,70657,1.1865389603171663,0.3555051295339395
1632,0.5475,10,43,10,477559,128051,37309,70647,1.1861406498944014,0.3555496280787929
1633,0.548,2,16,2,477575,128035,37311,70645,1.1859924413650005,0.35557177370646265
1634,0.5483,3,17,3,477592,128018,37314,70642,1.1858349698025121,0.3555924695459579
1635,0.5486,0,1,0,477593,128017,37314,70642,1.1858257067694247,0.35559425951001467
1636,0.5489,1,0,1,477593,128017,37315,70641,1.1858257067694247,0.35559101571545065
1637,0.549,0,3,0,477596,128014,37315,70641,1.1857979176701618,0.35559638569379076
1638,0.5492,0,1,0,477597,128013,37315,70641,1.1857886546370744,0.3555981757226132
1639,0.5493,1,4,1,477601,128009,37316,70640,1.1857516025047241,0.35560209213235405
1640,0.5495,1,0,1,477601,128009,37317,70639,1.1857516025047241,0.3555988482139261
1641,0.55,1667,7296,1667,484897,120713,38984,68972,1.1181685130979289,0.3636133589899043
1642,0.5505,0,1,0,484898,120712,38984,68972,1.1181592500648412,0.3636152759326037
1643,0.5508,0,2,0,484900,120710,38984,68972,1.118140723998666,0.363619109878639
1644,0.551,0,7,0,484907,120703,38984,68972,1.1180758827670532,0.3636325293264795
1645,0.5512,0,1,0,484908,120702,38984,68972,1.1180666197339657,0.36363444647131393
1646,0.5517,1,12,1,484920,120690,38985,68971,1.117955463336915,0.36365409862860576
1647,0.552,3,9,3,484929,120681,38988,68968,1.117872096039127,0.36366129006744036
1648,0.5523,0,1,0,484930,120680,38988,68968,1.1178628330060394,0.36366320762676113
1649,0.5525,11,42,11,484972,120638,38999,68957,1.1174737856163621,0.36370684880930404
1650,0.5527,0,2,0,484974,120636,38999,68957,1.1174552595501872,0.3637106855210899
1651,0.5529,0,2,0,484976,120634,38999,68957,1.117436733484012,0.3637145223138229
1652,0.5531,0,1,0,484977,120633,38999,68957,1.1174274704509244,0.3637164407405454
1653,0.5532,1,1,1,484978,120632,39000,68956,1.117418207417837,0.36371500305926535
1654,0.5533,25,108,25,485086,120524,39025,68931,1.116417799844381,0.3638383785067694
1655,0.5539,1,0,1,485086,120524,39026,68930,1.116417799844381,0.3638350206382552
1656,0.554,5,16,5,485102,120508,39031,68925,1.1162695913149803,0.3638489597905328
1657,0.5542,0,1,0,485103,120507,39031,68925,1.1162603282818926,0.3638508805270493
1658,0.5543,0,2,0,485105,120505,39031,68925,1.1162418022157174,0.3638547220609196
1659,0.5546,0,1,0,485106,120504,39031,68925,1.11623253918263,0.36385664285827407
1660,0.5548,0,3,0,485109,120501,39031,68925,1.1162047500833674,0.36386240537201864
1661,0.555,50,240,50,485349,120261,39081,68875,1.1139816221423542,0.3641559512731579
1662,0.5553,0,1,0,485350,120260,39081,68875,1.1139723591092667,0.36415787664895444
1663,0.5554,0,1,0,485351,120259,39081,68875,1.1139630960761793,0.3641598020451109
1664,0.5556,0,2,0,485353,120257,39081,68875,1.1139445700100041,0.3641636528985048
1665,0.5557,0,1,0,485354,120256,39081,68875,1.1139353069769165,0.36416557835574287
1666,0.5558,1,6,1,485360,120250,39082,68874,1.1138797287783913,0.3641737695903217
1667,0.556,3,29,3,485389,120221,39085,68871,1.113611100818852,0.36421953334884605
1668,0.5562,0,1,0,485390,120220,39085,68871,1.1136018377857646,0.3642214595089137
1669,0.5563,1,0,1,485390,120220,39086,68870,1.1136018377857646,0.3642180972023904
1670,0.5565,0,2,0,485392,120218,39086,68870,1.1135833117195895,0.3642219495684549
1671,0.5567,26,111,26,485503,120107,39112,68844,1.1125551150468709,0.36434842895777214
1672,0.557,0,1,0,485504,120106,39112,68844,1.1125458520137834,0.36435035723736436
1673,0.5571,0,1,0,485505,120105,39112,68844,1.1125365889806957,0.3643522855373672
1674,0.5575,7,35,7,485540,120070,39119,68837,1.1122123828226314,0.3643962373019528
1675,0.5577,0,1,0,485541,120069,39119,68837,1.112203119789544,0.36439816628376015
1676,0.558,2,16,2,485557,120053,39121,68835,1.112054911260143,0.3644223031637796
1677,0.5582,1,0,1,485557,120053,39122,68834,1.112054911260143,0.36441893830703015
1678,0.5583,2,14,2,485571,120039,39124,68832,1.1119252287969172,0.36443922042028687
1679,0.5585,0,3,0,485574,120036,39124,68832,1.1118974396976546,0.36444500921278355
1680,0.5586,0,2,0,485576,120034,39124,68832,1.1118789136314795,0.36444886850994884
1681,0.5588,1,1,1,485577,120033,39125,68831,1.111869650598392,0.3644474330735344
1682,0.559,0,1,0,485578,120032,39125,68831,1.1118603875653044,0.3644493627656026
1683,0.5592,0,2,0,485580,120030,39125,68831,1.1118418614991292,0.3644532222110441
1684,0.5595,0,1,0,485581,120029,39125,68831,1.1118325984660418,0.3644551519644181
1685,0.56,1663,7301,1663,492882,112728,40788,67168,1.0442031938938086,0.3733712811846845
1686,0.5607,0,2,0,492884,112726,40788,67168,1.0441846678276334,0.37337543219896163
1687,0.5608,2,1,2,492885,112725,40790,67166,1.044175404794546,0.37337054104985795
1688,0.561,0,5,0,492890,112720,40790,67166,1.0441290896291082,0.37338091902649456
1689,0.5612,0,1,0,492891,112719,40790,67166,1.0441198265960205,0.3733829946910526
1690,0.5613,0,1,0,492892,112718,40790,67166,1.044110563562933,0.3733850703786885
1691,0.5615,0,1,0,492893,112717,40790,67166,1.0441013005298454,0.37338714608940254
1692,0.5617,2,16,2,492909,112701,40792,67164,1.0439530920004447,0.3734133933783671
1693,0.562,1,6,1,492915,112695,40793,67163,1.0438975138019193,0.3734223665335987
1694,0.5623,0,2,0,492917,112693,40793,67163,1.0438789877357442,0.37342651899297213
1695,0.5624,0,1,0,492918,112692,40793,67163,1.0438697247026567,0.3734285952572906
1696,0.5625,8,48,8,492966,112644,40801,67155,1.043425099114454,0.3735004087898153
1697,0.5627,0,2,0,492968,112642,40801,67155,1.0434065730482789,0.37350456347992456
1698,0.5628,0,1,0,492969,112641,40801,67155,1.0433973100151914,0.3735066408596409
1699,0.5629,0,2,0,492971,112639,40801,67155,1.0433787839490163,0.37351079568839896
1700,0.563,1,2,1,492973,112637,40802,67154,1.0433602578828411,0.37351146609118363
1701,0.5633,37,120,37,493093,112517,40839,67117,1.0422486939123345,0.37363194050124143
1702,0.564,4,15,4,493108,112502,40843,67113,1.0421097484160213,0.3736491941096234
1703,0.5642,1,3,1,493111,112499,40844,67112,1.0420819593167587,0.37365194782056776
1704,0.5643,1,1,1,493112,112498,40845,67111,1.042072696283671,0.3736505408971711
1705,0.565,54,235,54,493347,112263,40899,67057,1.0398958835080958,0.37395159491412
1706,0.5652,0,1,0,493348,112262,40899,67057,1.0398866204750083,0.37395368031273873
1707,0.5653,1,1,1,493349,112261,40900,67056,1.039877357441921,0.3739522744636593
1708,0.5655,1,0,1,493349,112261,40901,67055,1.039877357441921,0.37394878315376207
1709,0.5657,2,2,2,493351,112259,40903,67053,1.0398588313757458,0.37394597126795753
1710,0.5658,0,2,0,493353,112257,40903,67053,1.0398403053095706,0.37395014221181194
1711,0.566,4,18,4,493371,112239,40907,67049,1.0396735707139946,0.3739737182633528
1712,0.5662,0,1,0,493372,112238,40907,67049,1.0396643076809071,0.37397580415757975
1713,0.5664,0,1,0,493373,112237,40907,67049,1.0396550446478194,0.3739778900750756
1714,0.5667,13,81,13,493454,112156,40920,67036,1.0389047389677275,0.37410152238939237
1715,0.5669,0,1,0,493455,112155,40920,67036,1.03889547593464,0.3741036101143473
1716,0.5671,0,1,0,493456,112154,40920,67036,1.0388862129015526,0.37410569786260395
1717,0.5673,0,1,0,493457,112153,40920,67036,1.038876949868465,0.3741077856341628
1718,0.5675,11,41,11,493498,112112,40931,67025,1.038497165511875,0.3741549763588762
1719,0.568,3,15,3,493513,112097,40934,67022,1.0383582200155619,0.37417582724334103
1720,0.5682,0,1,0,493514,112096,40934,67022,1.0383489569824744,0.374177916233991
1721,0.5683,3,14,3,493528,112082,40937,67019,1.0382192745192487,0.374196682318915
1722,0.5687,0,2,0,493530,112080,40937,67019,1.0382007484530735,0.37420086097633154
1723,0.5688,0,2,0,493532,112078,40937,67019,1.0381822223868984,0.37420503972707525
1724,0.5692,2,2,2,493534,112076,40939,67017,1.0381636963207233,0.37420223012624726
1725,0.5697,1,0,1,493534,112076,40940,67016,1.0381636963207233,0.37419873584526386
1726,0.57,1722,6921,1722,500455,105155,42662,65294,0.9740542443217607,0.3830705958967198
1727,0.5703,0,1,0,500456,105154,42662,65294,0.9740449812886731,0.3830728433305172
1728,0.5708,0,2,0,500458,105152,42662,65294,0.9740264552224981,0.3830773382772256
1729,0.571,1,3,1,500461,105149,42663,65293,0.9739986661232354,0.3830804613886249
1730,0.5714,0,1,0,500462,105148,42663,65293,0.9739894030901478,0.3830827089726064
1731,0.5717,4,10,4,500472,105138,42667,65289,0.9738967727592723,0.38309070745832524
1732,0.572,3,6,3,500478,105132,42670,65286,0.973841194560747,0.38309333521106925
1733,0.5721,0,1,0,500479,105131,42670,65286,0.9738319315276595,0.38309558318712333
1734,0.5722,0,1,0,500480,105130,42670,65286,0.9738226684945719,0.38309783118955965
1735,0.5725,10,36,10,500516,105094,42680,65276,0.9734891993034199,0.38314257204906965
1736,0.5727,1,0,1,500516,105094,42681,65275,0.9734891993034199,0.38313895133504333
1737,0.5729,0,3,0,500519,105091,42681,65275,0.9734614102041572,0.3831456980852987
1738,0.573,0,2,0,500521,105089,42681,65275,0.9734428841379822,0.38315019605080886
1739,0.5733,31,102,31,500623,104987,42712,65244,0.9724980547630516,0.3832674424752248
1740,0.5737,0,1,0,500624,104986,42712,65244,0.972488791729964,0.3832696939434882
1741,0.5738,0,1,0,500625,104985,42712,65244,0.9724795286968765,0.3832719454382038
1742,0.574,9,22,9,500647,104963,42721,65235,0.9722757419689503,0.38328887530993316
1743,0.5742,0,2,0,500649,104961,42721,65235,0.9722572159027753,0.38329337939787067
1744,0.5745,0,1,0,500650,104960,42721,65235,0.9722479528696877,0.3832956314815359
1745,0.575,60,243,60,500893,104717,42781,65175,0.969997035829412,0.3836260683257599
1746,0.5753,0,1,0,500894,104716,42781,65175,0.9699877727963244,0.3836283263975137
1747,0.5756,0,1,0,500895,104715,42781,65175,0.9699785097632369,0.38363058449585025
1748,0.5757,1,1,1,500896,104714,42782,65174,0.9699692467301493,0.3836292145413449
1749,0.5758,0,3,0,500899,104711,42782,65174,0.9699414576308867,0.38363598905141716
1750,0.576,7,19,7,500918,104692,42789,65167,0.9697654600022231,0.38365350084481836
1751,0.5765,2,1,2,500919,104691,42791,65165,0.9697561969691356,0.3836485022607385
1752,0.5767,28,114,28,501033,104577,42819,65137,0.9687002111971544,0.38380451818942457
1753,0.577,0,1,0,501034,104576,42819,65137,0.9686909481640669,0.38380677968099086
1754,0.5771,0,5,0,501039,104571,42819,65137,0.968644632998629,0.3838180875385957
1755,0.5775,3,51,3,501090,104520,42822,65134,0.9681722183111638,0.3839225718226508
1756,0.5779,0,1,0,501091,104519,42822,65134,0.9681629552780763,0.3839248348098766
1757,0.578,1,9,1,501100,104510,42823,65133,0.9680795879802883,0.3839415714176241
1758,0.5781,0,1,0,501101,104509,42823,65133,0.9680703249472007,0.38394383466358567
1759,0.5783,0,13,0,501114,104496,42823,65133,0.9679499055170625,0.38397325928939036
1760,0.5788,0,1,0,501115,104495,42823,65133,0.9679406424839749,0.3839755229089537
1761,0.5789,0,1,0,501116,104494,42823,65133,0.9679313794508874,0.3839777865552064
1762,0.579,0,2,0,501118,104492,42823,65133,0.9679128533847123,0.38398231392778187
1763,0.5792,1,3,1,501121,104489,42824,65132,0.9678850642854496,0.3839854734967958
1764,0.5794,0,1,0,501122,104488,42824,65132,0.9678758012523621,0.3839877372951303
1765,0.5795,0,1,0,501123,104487,42824,65132,0.9678665382192745,0.3839900011201575
1766,0.58,1713,6537,1713,507660,97950,44537,63419,0.9073140909259327,0.39300609162850364
1767,0.5807,1,0,1,507660,97950,44538,63418,0.9073140909259327,0.3930023300778345
1768,0.5808,1,3,1,507663,97947,44539,63417,0.9072863018266701,0.3930058749163382
1769,0.581,0,2,0,507665,97945,44539,63417,0.907267775760495,0.39301074602446673
1770,0.5812,0,1,0,507666,97944,44539,63417,0.9072585127274074,0.39301318162381244
1771,0.5814,0,1,0,507667,97943,44539,63417,0.9072492496943199,0.39301561725334655
1772,0.5817,4,8,4,507675,97935,44543,63413,0.9071751454296195,0.3930200560279644
1773,0.582,4,5,4,507680,97930,44547,63409,0.9071288302641817,0.3930171874128388
1774,0.5821,1,0,1,507680,97930,44548,63408,0.9071288302641817,0.39301342523150157
1775,0.5825,7,31,7,507711,97899,44555,63401,0.9068416762384676,0.3930626162430254
1776,0.5827,0,1,0,507712,97898,44555,63401,0.90683241320538,0.3930650531001432
1777,0.583,0,2,0,507714,97896,44555,63401,0.9068138871392049,0.3930699269050261
1778,0.5833,31,87,31,507801,97809,44586,63370,0.9060080032605876,0.39316536273335856
1779,0.5835,0,1,0,507802,97808,44586,63370,0.9059987402275,0.39316780205735274
1780,0.584,6,11,6,507813,97797,44592,63364,0.905896846863537,0.3931720453459584
1781,0.5842,0,2,0,507815,97795,44592,63364,0.9058783207973619,0.3931769246520517
1782,0.5843,0,1,0,507816,97794,44592,63364,0.9058690577642743,0.39317936435051315
1783,0.5847,0,1,0,507817,97793,44592,63364,0.9058597947311868,0.3931818040792519
1784,0.585,61,226,61,508043,97567,44653,63303,0.9037663492533995,0.3935040716106173
1785,0.5855,1,0,1,508043,97567,44654,63302,0.9037663492533995,0.3935003014875458
1786,0.5857,0,2,0,508045,97565,44654,63302,0.9037478231872245,0.3935051937314676
1787,0.5858,0,3,0,508048,97562,44654,63302,0.9037200340879618,0.3935125323254426
1788,0.586,6,9,6,508057,97553,44660,63296,0.9036366667901737,0.3935119273355756
1789,0.5862,0,1,0,508058,97552,44660,63296,0.9036274037570862,0.3935143738187606
1790,0.5867,29,110,29,508168,97442,44689,63267,0.9026084701174553,0.39367428084301437
1791,0.587,1,3,1,508171,97439,44690,63266,0.9025806810181926,0.39367785694284557
1792,0.5871,0,4,0,508175,97435,44690,63266,0.9025436288858424,0.3936876559573369
1793,0.5875,14,38,14,508213,97397,44704,63252,0.9021916336285153,0.3937279410391599
1794,0.5878,0,1,0,508214,97396,44704,63252,0.9021823705954277,0.39373039191275333
1795,0.588,1,17,1,508231,97379,44705,63251,0.9020248990329394,0.39376828736848657
1796,0.5882,1,0,1,508231,97379,44706,63250,0.9020248990329394,0.3937645132572574
1797,0.5883,6,18,6,508249,97361,44712,63244,0.9018581644373633,0.3937859966999782
1798,0.5886,0,1,0,508250,97360,44712,63244,0.9018489014042759,0.3937884486065104
1799,0.5888,0,1,0,508251,97359,44712,63244,0.9018396383711883,0.3937909005435764
1800,0.589,0,1,0,508252,97358,44712,63244,0.9018303753381007,0.3937933525111767
1801,0.5892,0,4,0,508256,97354,44712,63244,0.9017933232057505,0.3938031606869326
1802,0.5893,0,1,0,508257,97353,44712,63244,0.9017840601726629,0.3938056128072131
1803,0.5895,1,0,1,508257,97353,44713,63243,0.9017840601726629,0.3938018381528805
1804,0.59,1743,6315,1743,514572,91038,46456,61500,0.8432880062247582,0.403178224442434
1805,0.5905,0,1,0,514573,91037,46456,61500,0.8432787431916707,0.40318086759278077
1806,0.5907,0,1,0,514574,91036,46456,61500,0.8432694801585832,0.4031835107777836
1807,0.591,0,1,0,514575,91035,46456,61500,0.8432602171254956,0.40318615399744323
1808,0.5914,1,0,1,514575,91035,46457,61499,0.8432602171254956,0.40318224133635777
1809,0.5915,0,1,0,514576,91034,46457,61499,0.843250954092408,0.4031848845823527
1810,0.5917,3,10,3,514586,91024,46460,61496,0.8431583237615324,0.4031995803829006
1811,0.592,5,4,5,514590,91020,46465,61491,0.8431212716291823,0.4031905895312469
1812,0.5921,1,1,1,514591,91019,46466,61490,0.8431120085960947,0.40318931997455887
1813,0.5925,6,34,6,514625,90985,46472,61484,0.8427970654711179,0.403255743790541
1814,0.5927,1,1,1,514626,90984,46473,61483,0.8427878024380303,0.40325447473879594
1815,0.5929,0,4,0,514630,90980,46473,61483,0.8427507503056801,0.4032650544722326
1816,0.593,1,1,1,514631,90979,46474,61482,0.8427414872725926,0.4032637854926834
1817,0.5931,0,1,0,514632,90978,46474,61482,0.842732224239505,0.40326643053915784
1818,0.5933,22,87,22,514719,90891,46496,61460,0.8419263403608878,0.4034105453853273
1819,0.594,5,15,5,514734,90876,46501,61455,0.8417873948645744,0.4034306871221222
1820,0.5942,1,0,1,514734,90876,46502,61454,0.8417873948645744,0.4034267708264951
1821,0.5943,0,3,0,514737,90873,46502,61454,0.8417596057653118,0.40343471610417064
1822,0.5944,0,1,0,514738,90872,46502,61454,0.8417503427322243,0.4034373645996087
1823,0.5947,0,1,0,514739,90871,46502,61454,0.8417410796991367,0.4034400131298211
1824,0.595,54,196,54,514935,90675,46556,61400,0.839925525213976,0.40374815058359365
1825,0.5953,0,1,0,514936,90674,46556,61400,0.8399162621808886,0.40375080552888726
1826,0.5958,1,2,1,514938,90672,46557,61399,0.8398977361147134,0.40375219469852897
1827,0.596,5,19,5,514957,90653,46562,61394,0.8397217384860499,0.40378304077028815
1828,0.5962,1,1,1,514958,90652,46563,61393,0.8397124754529623,0.40378177513236213
1829,0.5965,0,2,0,514960,90650,46563,61393,0.8396939493867872,0.4037870865478845
1830,0.5967,31,100,31,515060,90550,46594,61362,0.8387676460780318,0.40393122333982834
1831,0.5968,0,2,0,515062,90548,46594,61362,0.8387491200118566,0.40393654137318147
1832,0.5969,1,0,1,515062,90548,46595,61361,0.8387491200118566,0.40393261755393034
1833,0.597,0,2,0,515064,90546,46595,61361,0.8387305939456816,0.40393793571066505
1834,0.5971,2,0,2,515064,90546,46597,61359,0.8387305939456816,0.4039300878838748
1835,0.5975,8,33,8,515097,90513,46605,61351,0.8384249138537923,0.4039864615708792
1836,0.5979,1,0,1,515097,90513,46606,61350,0.8384249138537923,0.4039825368918038
1837,0.598,2,7,2,515104,90506,46608,61348,0.8383600726221794,0.4039933093629407
1838,0.5983,3,20,3,515124,90486,46611,61345,0.8381748119604283,0.40403474916189713
1839,0.5985,0,2,0,515126,90484,46611,61345,0.8381562858942532,0.4040400713961101
1840,0.5986,0,2,0,515128,90482,46611,61345,0.8381377598280781,0.4040453937705415
1841,0.5988,0,1,0,515129,90481,46611,61345,0.8381284967949906,0.4040480550103408
1842,0.599,0,3,0,515132,90478,46611,61345,0.8381007076957279,0.4040560389400815
1843,0.5991,0,1,0,515133,90477,46611,61345,0.8380914446626403,0.4040587003201117
1844,0.5992,0,2,0,515135,90475,46611,61345,0.8380729185964653,0.40406402318535106
1845,0.5998,1,0,1,515135,90475,46612,61344,0.8380729185964653,0.40406009787971203
1846,0.6,1723,5884,1723,521019,84591,48335,59621,0.7835692319092964,0.41342606717887553
1847,0.6007,0,1,0,521020,84590,48335,59621,0.7835599688762088,0.4134289339925526
1848,0.6008,0,4,0,521024,84586,48335,59621,0.7835229167438587,0.41344040164485774
1849,0.601,0,3,0,521027,84583,48335,59621,0.783495127644596,0.41344900280158664
1850,0.6013,1,0,1,521027,84583,48336,59620,0.783495127644596,0.41344493526486964
1851,0.6014,1,0,1,521027,84583,48337,59619,0.783495127644596,0.41344086767173827
1852,0.6017,3,15,3,521042,84568,48340,59616,0.7833561821482826,0.41347167508183985
1853,0.6018,2,1,2,521043,84567,48342,59614,0.783346919115195,0.41346640680810925
1854,0.602,0,8,0,521051,84559,48342,59614,0.7832728148504946,0.4134893496008268
1855,0.6021,0,1,0,521052,84558,48342,59614,0.7832635518174071,0.4134922176289432
1856,0.6025,12,34,12,521086,84524,48354,59602,0.7829486086924302,0.41354092946449633
1857,0.6027,0,1,0,521087,84523,48354,59602,0.7829393456593426,0.41354379878577624
1858,0.603,0,2,0,521089,84521,48354,59602,0.7829208195931676,0.41354953754778906
1859,0.6033,36,101,36,521190,84420,48390,59566,0.7819852532513246,0.41369299793035436
1860,0.6035,0,1,0,521191,84419,48390,59566,0.781975990218237,0.4136958710976838
1861,0.6038,1,1,1,521192,84418,48391,59565,0.7819667271851495,0.4136946722877006
1862,0.604,5,10,5,521202,84408,48396,59560,0.781874096854274,0.41370304512113804
1863,0.6042,2,3,2,521205,84405,48398,59558,0.7818463077550113,0.4137035210436015
1864,0.6043,1,2,1,521207,84403,48399,59557,0.7818277816888362,0.4137051958877466
1865,0.6045,0,1,0,521208,84402,48399,59557,0.7818185186557486,0.41370806965872226
1866,0.6046,1,0,1,521208,84402,48400,59556,0.7818185186557486,0.41370399699912475
1867,0.6048,0,1,0,521209,84401,48400,59556,0.7818092556226611,0.4137068708016977
1868,0.605,46,212,46,521421,84189,48446,59510,0.7798454926080995,0.414129534652294
1869,0.6056,1,0,1,521421,84189,48447,59509,0.7798454926080995,0.41412545755682056
1870,0.6057,1,2,1,521423,84187,48448,59508,0.7798269665419245,0.4141271442986882
1871,0.6058,1,1,1,521424,84186,48449,59507,0.779817703508837,0.41412594907197986
1872,0.606,9,18,9,521442,84168,48458,59498,0.7796509689132609,0.4141411329054891
1873,0.6061,0,1,0,521443,84167,48458,59498,0.7796417058801735,0.41414401559182823
1874,0.6067,40,84,40,521527,84083,48498,59458,0.7788636111008188,0.4142231139535046
1875,0.6071,1,1,1,521528,84082,48499,59457,0.7788543480677314,0.41422191878165515
1876,0.6075,12,32,12,521560,84050,48511,59445,0.7785579310089296,0.4142653054113384
1877,0.608,5,12,5,521572,84038,48516,59440,0.7784467746118789,0.4142795411143172
1878,0.6082,0,3,0,521575,84035,48516,59440,0.7784189855126162,0.41428820351977697
1879,0.6083,2,14,2,521589,84021,48518,59438,0.7782893030493905,0.41432046786886845
1880,0.6085,1,0,1,521589,84021,48519,59437,0.7782893030493905,0.4143163852834976
1881,0.6086,2,2,2,521591,84019,48521,59435,0.7782707769832153,0.4143139961241931
1882,0.6087,0,1,0,521592,84018,48521,59435,0.7782615139501279,0.41431688427568614
1883,0.6088,1,0,1,521592,84018,48522,59434,0.7782615139501279,0.4143128014945766
1884,0.609,0,3,0,521595,84015,48522,59434,0.7782337248508652,0.4143214661656756
1885,0.6092,1,0,1,521595,84015,48523,59433,0.7782337248508652,0.4143173833026602
1886,0.6093,2,1,2,521596,84014,48525,59431,0.7782244618177776,0.4143121056851058
1887,0.61,1806,5667,1806,527263,78347,50331,57625,0.725730853310608,0.42380048833583384
1888,0.6103,0,1,0,527264,78346,50331,57625,0.7257215902775205,0.4238036051805164
1889,0.6107,0,2,0,527266,78344,50331,57625,0.7257030642113453,0.4238098390074208
1890,0.6108,0,1,0,527267,78343,50331,57625,0.7256938011782578,0.42381295598964464
1891,0.611,1,1,1,527268,78342,50332,57624,0.7256845381451702,0.42381183531176914
1892,0.6113,0,1,0,527269,78341,50332,57624,0.7256752751120827,0.4238149523774501
1893,0.6115,0,1,0,527270,78340,50332,57624,0.7256660120789952,0.4238180694889824
1894,0.6117,2,8,2,527278,78332,50334,57622,0.7255919078142947,0.42383453226826723
1895,0.612,4,8,4,527286,78324,50338,57618,0.7255178035495943,0.4238425210751644
1896,0.6122,2,0,2,527286,78324,50340,57616,0.7255178035495943,0.4238340444313668
1897,0.6124,1,0,1,527286,78324,50341,57615,0.7255178035495943,0.4238298060159336
1898,0.6125,12,26,12,527312,78298,50353,57603,0.7252769646893179,0.42386001574675686
1899,0.6127,0,1,0,527313,78297,50353,57603,0.7252677016562303,0.42386313465783665
1900,0.6128,0,2,0,527315,78295,50353,57603,0.7252491755900552,0.4238693726176986
1901,0.6129,0,1,0,527316,78294,50353,57603,0.7252399125569676,0.4238724916664827
1902,0.613,1,0,1,527316,78294,50354,57602,0.7252399125569676,0.42386825219285335
1903,0.6133,26,88,26,527404,78206,50380,57576,0.7244247656452629,0.42403264055618567
1904,0.6138,0,1,0,527405,78205,50380,57576,0.7244155026121754,0.4240357634720616
1905,0.6139,0,1,0,527406,78204,50380,57576,0.7244062395790878,0.4240388864339373
1906,0.614,6,9,6,527415,78195,50386,57570,0.7243228722812998,0.4240415423710087
1907,0.6142,3,1,3,527416,78194,50389,57567,0.7243136092482122,0.42403193848012316
1908,0.6143,1,0,1,527416,78194,50390,57566,0.7243136092482122,0.4240276959340012
1909,0.6145,0,1,0,527417,78193,50390,57566,0.7243043462151246,0.42403081931952946
1910,0.615,53,230,53,527647,77963,50443,57513,0.7221738486049872,0.4245253771885795
1911,0.6152,0,1,0,527648,77962,50443,57513,0.7221645855718997,0.4245285107953497
1912,0.6153,0,1,0,527649,77961,50443,57513,0.7221553225388121,0.42453164444838126
1913,0.6157,0,2,0,527651,77959,50443,57513,0.722136796472637,0.42453791189323253
1914,0.6158,0,1,0,527652,77958,50443,57513,0.7221275334395495,0.42454104568505435
1915,0.616,2,13,2,527665,77945,50445,57511,0.7220071140094112,0.42457329317269077
1916,0.6163,0,1,0,527666,77944,50445,57511,0.7219978509763237,0.42457642759588055
1917,0.6165,0,1,0,527667,77943,50445,57511,0.7219885879432362,0.4245795620653506
1918,0.6166,1,1,1,527668,77942,50446,57510,0.7219793249101486,0.4245784484540649
1919,0.6167,28,90,28,527758,77852,50474,57482,0.7211456519322686,0.4247417500406402
1920,0.6171,0,2,0,527760,77850,50474,57482,0.7211271258660936,0.4247480270741584
1921,0.6175,9,37,9,527797,77813,50483,57473,0.7207843936418541,0.424825924338069
1922,0.6178,1,2,1,527799,77811,50484,57472,0.720765867575679,0.42482795325354994
1923,0.618,4,14,4,527813,77797,50488,57468,0.7206361851124532,0.42485491442723544
1924,0.6183,9,7,9,527820,77790,50497,57459,0.7205713438808403,0.42483863096954505
1925,0.6186,0,2,0,527822,77788,50497,57459,0.7205528178146652,0.42484491338070346
1926,0.6187,0,1,0,527823,77787,50497,57459,0.7205435547815777,0.42484805465596026
1927,0.619,0,3,0,527826,77784,50497,57459,0.720515765682315,0.42485747876045343
1928,0.6192,0,3,0,527829,77781,50497,57459,0.7204879765830523,0.4248669032830524
1929,0.6193,2,1,2,527830,77780,50499,57457,0.7204787135499648,0.4248615393716217
1930,0.62,1790,5288,1790,533118,72492,52289,55667,0.6714957945829783,0.43435888232586084
1931,0.6202,0,1,0,533119,72491,52289,55667,0.6714865315498907,0.4343622715710295
1932,0.6203,0,1,0,533120,72490,52289,55667,0.6714772685168031,0.43436566086909023
1933,0.6205,0,1,0,533121,72489,52289,55667,0.6714680054837155,0.4343690502200443
1934,0.6207,0,1,0,533122,72488,52289,55667,0.6714587424506281,0.43437243962389294
1935,0.6208,1,1,1,533123,72487,52290,55666,0.6714494794175405,0.43437141541750873
1936,0.6209,0,1,0,533124,72486,52290,55666,0.671440216384453,0.4343748049191585
1937,0.621,0,1,0,533125,72485,52290,55666,0.6714309533513654,0.4343781944737068
1938,0.6212,0,1,0,533126,72484,52290,55666,0.6714216903182778,0.4343815840811549
1939,0.6217,4,11,4,533137,72473,52294,55662,0.6713197969543148,0.4344012174659539
1940,0.622,6,7,6,533144,72466,52300,55656,0.6712549557227019,0.43439846396403425
1941,0.6221,0,1,0,533145,72465,52300,55656,0.6712456926896143,0.43440185449692087
1942,0.6222,0,1,0,533146,72464,52300,55656,0.6712364296565267,0.4344052450827349
1943,0.6223,0,1,0,533147,72463,52300,55656,0.6712271666234392,0.4344086357214777
1944,0.6225,7,19,7,533166,72444,52307,55649,0.6710511689947757,0.43444216311586115
1945,0.6227,0,1,0,533167,72443,52307,55649,0.6710419059616881,0.43444555475751806
1946,0.6229,1,1,1,533168,72442,52308,55648,0.6710326429286005,0.4344445311890077
1947,0.623,0,1,0,533169,72441,52308,55648,0.671023379895513,0.4344479229285887
1948,0.6233,23,64,23,533233,72377,52331,55625,0.6704305457779095,0.4345635224449618
1949,0.6235,1,1,1,533234,72376,52332,55624,0.6704212827448219,0.4345625
1950,0.6237,1,1,1,533235,72375,52333,55623,0.6704120197117344,0.4345614775230863
1951,0.624,3,13,3,533248,72362,52336,55620,0.6702916002815962,0.43459236455126504
1952,0.6242,0,3,0,533251,72359,52336,55620,0.6702638111823336,0.4346025519811844
1953,0.6243,1,2,1,533253,72357,52337,55619,0.6702452851161584,0.43460492592361066
1954,0.6244,0,1,0,533254,72356,52337,55619,0.6702360220830709,0.4346083219378785
1955,0.6248,0,1,0,533255,72355,52337,55619,0.6702267590499833,0.4346117180052198
1956,0.625,64,201,64,533456,72154,52401,55555,0.668364889399385,0.43501241102819693
1957,0.6255,0,3,0,533459,72151,52401,55555,0.6683371003001223,0.43502263010351905
1958,0.6257,1,3,1,533462,72148,52402,55554,0.6683093112008596,0.4350284255532411
1959,0.626,2,17,2,533479,72131,52404,55552,0.6681518396383712,0.4350774966127049
1960,0.6265,0,1,0,533480,72130,52404,55552,0.6681425766052836,0.43508090412117606
1961,0.6267,27,77,27,533557,72053,52431,55525,0.667429323057542,0.43522394143190835
1962,0.6268,0,2,0,533559,72051,52431,55525,0.6674107969913669,0.4352307644070985
1963,0.627,1,2,1,533561,72049,52432,55524,0.6673922709251917,0.43523316062176165
1964,0.6271,0,2,0,533563,72047,52432,55524,0.6673737448590167,0.43523998400890485
1965,0.6273,0,2,0,533565,72045,52432,55524,0.6673552187928415,0.4352468076099993
1966,0.6275,12,33,12,533598,72012,52444,55512,0.6670495387009523,0.4353062952855933
1967,0.6277,1,1,1,533599,72011,52445,55511,0.6670402756678647,0.43530528065745516
1968,0.6278,0,1,0,533600,72010,52445,55511,0.6670310126347772,0.4353086942542797
1969,0.628,4,8,4,533608,72002,52449,55507,0.6669569083700767,0.43531829125787197
1970,0.6283,3,15,3,533623,71987,52452,55504,0.6668179628737634,0.4353562212234589
1971,0.6286,0,1,0,533624,71986,52452,55504,0.6668086998406758,0.43535963604988626
1972,0.6287,0,1,0,533625,71985,52452,55504,0.6667994368075882,0.43536305092988414
1973,0.629,0,1,0,533626,71984,52452,55504,0.6667901737745007,0.4353664658634538
1974,0.6292,4,1,4,533627,71983,52456,55500,0.6667809107414132,0.4353521646023391
1975,0.6295,0,2,0,533629,71981,52456,55500,0.6667623846752381,0.4353589946737161
1976,0.6298,1,0,1,533629,71981,52457,55499,0.6667623846752381,0.435354565422027
1977,0.63,1828,5033,1828,538662,66948,54285,53671,0.6201415391455778,0.44496306552035747
1978,0.6305,0,1,0,538663,66947,54285,53671,0.6201322761124902,0.44496675454741413
1979,0.6306,1,0,1,538663,66947,54286,53670,0.6201322761124902,0.4449621529303498
1980,0.6307,0,2,0,538665,66945,54286,53670,0.6201137500463152,0.4449695311528417
1981,0.6308,0,3,0,538668,66942,54286,53670,0.6200859609470525,0.44498059894537856
1982,0.6313,0,1,0,538669,66941,54286,53670,0.6200766979139649,0.44498428833191
1983,0.6315,0,1,0,538670,66940,54286,53670,0.6200674348808773,0.44498797777962024
1984,0.6317,8,8,8,538678,66932,54294,53662,0.619993330616177,0.44498067897241983
1985,0.632,3,2,3,538680,66930,54297,53659,0.6199748045500019,0.4449742513827961
1986,0.6323,2,0,2,538680,66930,54299,53657,0.6199748045500019,0.44496504598339787
1987,0.6325,15,27,15,538707,66903,54314,53642,0.6197247026566379,0.4449956447799577
1988,0.6327,0,1,0,538708,66902,54314,53642,0.6197154396235504,0.44499933634191663
1989,0.6329,1,1,1,538709,66901,54315,53641,0.6197061765904628,0.4449984237859004
1990,0.633,0,7,0,538716,66894,54315,53641,0.6196413353588499,0.44502426681046997
1991,0.6331,0,1,0,538717,66893,54315,53641,0.6196320723257623,0.44502795891615643
1992,0.6332,1,0,1,538717,66893,54316,53640,0.6196320723257623,0.44502335459998504
1993,0.6333,23,66,23,538783,66827,54339,53617,0.6190207121419837,0.4451612367573312
1994,0.6335,0,1,0,538784,66826,54339,53617,0.6190114491088963,0.44516493278978436
1995,0.6336,0,1,0,538785,66825,54339,53617,0.6190021860758087,0.445168628883612
1996,0.634,5,14,5,538799,66811,54344,53612,0.618872503612583,0.44519734602193933
1997,0.6342,0,1,0,538800,66810,54344,53612,0.6188632405794954,0.4452010429987876
1998,0.6343,1,1,1,538801,66809,54345,53611,0.6188539775464078,0.4452001328682943
1999,0.6347,0,1,0,538802,66808,54345,53611,0.6188447145133202,0.4452038299603883
2000,0.635,66,173,66,538975,66635,54411,53545,0.6172422097891733,0.44554002329838577
2001,0.6357,1,4,1,538979,66631,54412,53544,0.6172051576568232,0.44555023923444975
2002,0.6358,0,4,0,538983,66627,54412,53544,0.617168105524473,0.4455650697755698
2003,0.636,5,22,5,539005,66605,54417,53539,0.6169643187965468,0.4456235850312958
2004,0.6361,0,1,0,539006,66604,54417,53539,0.6169550557634592,0.4456272941411485
2005,0.6367,20,86,20,539092,66518,54437,53519,0.6161584349179295,0.44585419495655504
2006,0.637,1,2,1,539094,66516,54438,53518,0.6161399088517544,0.4458570071812986
2007,0.6371,1,0,1,539094,66516,54439,53517,0.6161399088517544,0.445852390592587
2008,0.6373,1,0,1,539094,66516,54440,53516,0.6161399088517544,0.4458477739269528
2009,0.6374,0,2,0,539096,66514,54440,53516,0.6161213827855793,0.4458552028659502
2010,0.6375,7,26,7,539122,66488,54447,53509,0.6158805439253029,0.44591948132036635
2011,0.6376,0,1,0,539123,66487,54447,53509,0.6158712808922153,0.44592319743991465
2012,0.638,3,8,3,539131,66479,54450,53506,0.6157971766275149,0.44593907571779806
2013,0.6383,6,10,6,539141,66469,54456,53500,0.6157045462966394,0.44594853670531553
2014,0.6386,1,1,1,539142,66468,54457,53499,0.6156952832635518,0.44594763559978995
2015,0.639,1,2,1,539144,66466,54458,53498,0.6156767571973767,0.4459504518022073
2016,0.6392,1,0,1,539144,66466,54459,53497,0.6156767571973767,0.4459458332986004
2017,0.6393,0,1,0,539145,66465,54459,53497,0.6156674941642891,0.4459495506910522
2018,0.64,1851,4845,1851,543990,61620,56310,51646,0.5707880988550891,0.45597090035844823
2019,0.6403,1,0,1,543990,61620,56311,51645,0.5707880988550891,0.4559660972056681
2020,0.6404,0,1,0,543991,61619,56311,51645,0.5707788358220015,0.4559701228987145
2021,0.6405,1,0,1,543991,61619,56312,51644,0.5707788358220015,0.455965319654256
2022,0.6407,0,1,0,543992,61618,56312,51644,0.570769572788914,0.45596934541152373
2023,0.6408,0,1,0,543993,61617,56312,51644,0.5707603097558265,0.4559733712398796
2024,0.641,1,2,1,543995,61615,56313,51643,0.5707417836896513,0.45597661975313003
2025,0.6411,1,0,1,543995,61615,56314,51642,0.5707417836896513,0.4559718163115746
2026,0.6412,0,1,0,543996,61614,56314,51642,0.5707325206565638,0.4559758423394787
2027,0.6414,0,1,0,543997,61613,56314,51642,0.5707232576234762,0.45597986843847954
2028,0.6417,3,9,3,544006,61604,56317,51639,0.5706398903256883,0.45600169546903563
2029,0.6419,1,0,1,544006,61604,56318,51638,0.5706398903256883,0.45599689161265256
2030,0.642,3,7,3,544013,61597,56321,51635,0.5705750490940754,0.4560106683623004
2031,0.6422,0,1,0,544014,61596,56321,51635,0.5705657860609878,0.4560146956222236
2032,0.6423,1,1,1,544015,61595,56322,51634,0.5705565230279003,0.4560139186957405
2033,0.6425,5,31,5,544046,61564,56327,51629,0.570269369002186,0.45611477741556455
2034,0.6429,0,1,0,544047,61563,56327,51629,0.5702601059690985,0.45611880698282564
2035,0.643,2,3,2,544050,61560,56329,51627,0.5702323168698359,0.45612128601341145
2036,0.6433,27,78,27,544128,61482,56356,51600,0.5695098002890067,0.456306043402133
2037,0.6437,1,0,1,544128,61482,56357,51599,0.5695098002890067,0.45630123539763534
2038,0.6438,1,1,1,544129,61481,56358,51598,0.5695005372559191,0.45630046250851175
2039,0.644,6,12,6,544141,61469,56364,51592,0.5693893808588685,0.4563200396246274
2040,0.6442,0,2,0,544143,61467,56364,51592,0.5693708547926933,0.45632811187079314
2041,0.6443,1,3,1,544146,61464,56365,51591,0.5693430656934306,0.4563354119676264
2042,0.645,66,148,66,544294,61316,56431,51525,0.5679721367964726,0.4566159463315639
2043,0.6455,1,0,1,544294,61316,56432,51524,0.5679721367964726,0.4566111308046792
2044,0.6457,0,2,0,544296,61314,56432,51524,0.5679536107302975,0.4566192240202769
2045,0.6458,1,1,1,544297,61313,56433,51523,0.56794434769721,0.4566184551029813
2046,0.646,5,17,5,544314,61296,56438,51518,0.5677868761347216,0.45666318010176044
2047,0.6467,31,65,31,544379,61231,56469,51487,0.5671847789840305,0.45677708972834863
2048,0.6468,1,0,1,544379,61231,56470,51486,0.5671847789840305,0.456772270376252
2049,0.647,0,2,0,544381,61229,56470,51486,0.5671662529178554,0.45678037528279286
2050,0.6471,0,2,0,544383,61227,56470,51486,0.5671477268516804,0.45678848047696363
2051,0.6473,1,3,1,544386,61224,56471,51485,0.5671199377524176,0.45679581932232566
2052,0.6474,1,0,1,544386,61224,56472,51484,0.5671199377524176,0.45679099975157045
2053,0.6475,14,24,14,544410,61200,56486,51470,0.5668976249583163,0.45682080411822135
2054,0.6476,0,1,0,544411,61199,56486,51470,0.5668883619252288,0.45682485865677336
2055,0.6479,0,1,0,544412,61198,56486,51470,0.5668790988921413,0.45682891326729863
2056,0.648,2,4,2,544416,61194,56488,51468,0.566842046759791,0.4568354902274059
2057,0.6483,4,10,4,544426,61184,56492,51464,0.5667494164289155,0.4568567573325758
2058,0.6486,0,1,0,544427,61183,56492,51464,0.566740153395828,0.45686081298214776
2059,0.6487,0,1,0,544428,61182,56492,51464,0.5667308903627404,0.4568648687037267
2060,0.649,1,3,1,544431,61179,56493,51463,0.5667031012634777,0.456872214626871
2061,0.6492,1,2,1,544433,61177,56494,51462,0.5666845751973026,0.4568755049316844
2062,0.6493,0,1,0,544434,61176,56494,51462,0.5666753121642151,0.456879561071752
2063,0.6495,0,1,0,544435,61175,56494,51462,0.5666660491311275,0.456883617283841
2064,0.65,1780,4534,1780,548969,56641,58274,49682,0.5246674571121568,0.4672742492217112
2065,0.6505,0,1,0,548970,56640,58274,49682,0.5246581940790692,0.46727864411880893
2066,0.6507,0,2,0,548972,56638,58274,49682,0.5246396680128942,0.4672874341610233
2067,0.6508,0,1,0,548973,56637,58274,49682,0.5246304049798066,0.4672918293061447
2068,0.651,0,2,0,548975,56635,58274,49682,0.5246118789136315,0.4673006198444275
2069,0.6517,5,9,5,548984,56626,58279,49677,0.5245285116158435,0.4673151275128642
2070,0.652,3,9,3,548993,56617,58282,49674,0.5244451443180556,0.4673396618716542
2071,0.6522,0,1,0,548994,56616,58282,49674,0.524435881284968,0.46734405870731016
2072,0.6523,1,0,1,548994,56616,58283,49673,0.524435881284968,0.4673390473143975
2073,0.6525,9,29,9,549023,56587,58292,49664,0.5241672533254289,0.46742148309192383
2074,0.6527,1,2,1,549025,56585,58293,49663,0.5241487272592538,0.46742526918153754
2075,0.6528,0,1,0,549026,56584,58293,49663,0.5241394642261662,0.4674296686024076
2076,0.6529,0,1,0,549027,56583,58293,49663,0.5241302011930786,0.4674340681060934
2077,0.6533,17,55,17,549082,56528,58310,49646,0.5236207343732632,0.46759093563395937
2078,0.6538,0,2,0,549084,56526,58310,49646,0.523602208307088,0.4675997438119278
2079,0.654,5,12,5,549096,56514,58315,49641,0.5234910519100374,0.4676275257877632
2080,0.6542,0,2,0,549098,56512,58315,49641,0.5234725258438623,0.4676363362316656
2081,0.6543,0,2,0,549100,56510,58315,49641,0.5234539997776873,0.4676451470075647
2082,0.6545,1,1,1,549101,56509,58316,49640,0.5234447367445997,0.4676445373955478
2083,0.6547,0,1,0,549102,56508,58316,49640,0.5234354737115121,0.4676489429852659
2084,0.655,43,170,43,549272,56338,58359,49597,0.5218607580866279,0.46818331996035306
2085,0.6552,0,4,0,549276,56334,58359,49597,0.5218237059542776,0.468200998763346
2086,0.6553,0,1,0,549277,56333,58359,49597,0.5218144429211902,0.4682054186727084
2087,0.6555,0,2,0,549279,56331,58359,49597,0.521795916855015,0.46821425874178685
2088,0.6557,0,1,0,549280,56330,58359,49597,0.5217866538219275,0.46821867890150765
2089,0.6558,2,1,2,549281,56329,58361,49595,0.5217773907888399,0.468213058419244
2090,0.656,3,12,3,549293,56317,58364,49592,0.5216662343917893,0.4682510457090521
2091,0.6565,0,3,0,549296,56314,58364,49592,0.5216384452925266,0.46826430985968687
2092,0.6567,24,78,24,549374,56236,58388,49568,0.5209159287116973,0.4684889040111905
2093,0.657,1,2,1,549376,56234,58389,49567,0.5208974026455222,0.46849273636355043
2094,0.6571,1,2,1,549378,56232,58390,49566,0.5208788765793472,0.46849656893325015
2095,0.6575,8,27,8,549405,56205,58398,49558,0.5206287746859832,0.46857596702060267
2096,0.6579,1,0,1,549405,56205,58399,49557,0.5206287746859832,0.46857094230441937
2097,0.658,2,5,2,549410,56200,58401,49555,0.5205824595205454,0.46858304571887854
2098,0.6583,2,7,2,549417,56193,58403,49553,0.5205176182889325,0.46860401339057745
2099,0.6586,0,1,0,549418,56192,58403,49553,0.5205083552558449,0.4686084448437278
2100,0.6587,1,0,1,549418,56192,58404,49552,0.5205083552558449,0.46860341957936147
2101,0.659,1,0,1,549418,56192,58405,49551,0.5205083552558449,0.46859839421994837
2102,0.6592,1,1,1,549419,56191,58406,49550,0.5204990922227574,0.4685978002856035
2103,0.6597,0,1,0,549420,56190,58406,49550,0.5204898291896699,0.46860223188954037
2104,0.66,1828,4201,1828,553621,51989,60234,47722,0.4815758271888547,0.4786031631414789
2105,0.6602,0,2,0,553623,51987,60234,47722,0.48155730112267964,0.47861276314073953
2106,0.661,0,4,0,553627,51983,60234,47722,0.4815202489903294,0.47863196429466925
2107,0.6613,1,1,1,553628,51982,60235,47721,0.48151098595724184,0.47863153566091293
2108,0.6614,1,0,1,553628,51982,60236,47720,0.48151098595724184,0.4786263063930513
2109,0.6617,7,12,7,553640,51970,60243,47713,0.4813998295601912,0.47864731197897337
2110,0.662,2,4,2,553644,51966,60245,47711,0.48136277742784095,0.47865605907079867
2111,0.6621,0,1,0,553645,51965,60245,47711,0.48135351439475343,0.4786608611902564
2112,0.6623,2,2,2,553647,51963,60247,47709,0.4813349883285783,0.4786600048157958
2113,0.6625,11,19,11,553666,51944,60258,47698,0.4811589906999148,0.47869372353023826
2114,0.6627,0,2,0,553668,51942,60258,47698,0.48114046463373966,0.47870333199518267
2115,0.6628,0,1,0,553669,51941,60258,47698,0.4811312016006521,0.478708136372304
2116,0.6632,1,0,1,553669,51941,60259,47697,0.4811312016006521,0.47870290451434194
2117,0.6633,28,51,28,553720,51890,60287,47669,0.48065878691318686,0.47880151467973764
2118,0.6635,1,1,1,553721,51889,60288,47668,0.4806495238800993,0.47880108882348804
2119,0.664,3,10,3,553731,51879,60291,47665,0.48055689354922376,0.4788334806718637
2120,0.6642,0,2,0,553733,51877,60291,47665,0.4805383674830486,0.4788431014044323
2121,0.6643,1,1,1,553734,51876,60292,47664,0.4805291044499611,0.4788426763110307
2122,0.6647,0,1,0,553735,51875,60292,47664,0.48051984141687354,0.47884748691467666
2123,0.665,48,150,48,553885,51725,60340,47616,0.4791303864537404,0.4793187103008828
2124,0.6652,1,0,1,553885,51725,60341,47615,0.4791303864537404,0.47931346889470505
2125,0.6653,0,1,0,553886,51724,60341,47615,0.4791211234206529,0.47931829392282993
2126,0.6654,0,1,0,553887,51723,60341,47615,0.4791118603875653,0.47932311904809843
2127,0.6656,1,0,1,553887,51723,60342,47614,0.4791118603875653,0.4793178775280107
2128,0.6657,1,0,1,553887,51723,60343,47613,0.4791118603875653,0.47931263590239187
2129,0.6658,1,2,1,553889,51721,60344,47612,0.4790933343213902,0.4793170446880694
2130,0.666,8,8,8,553897,51713,60352,47604,0.4790192300566898,0.4793137126574504
2131,0.6665,0,1,0,553898,51712,60352,47604,0.4790099670236022,0.47931853880542913
2132,0.6666,1,0,1,553898,51712,60353,47603,0.4790099670236022,0.4793132960781352
2133,0.6667,31,52,31,553950,51660,60384,47572,0.4785282893030494,0.4794018058690745
2134,0.6671,1,1,1,553951,51659,60385,47571,0.47851902626996184,0.4794013907084551
2135,0.6672,0,1,0,553952,51658,60385,47571,0.4785097632368743,0.4794062219713995
2136,0.6673,0,1,0,553953,51657,60385,47571,0.4785005002037867,0.4794110533317209
2137,0.6675,14,23,14,553976,51634,60399,47557,0.478287450442773,0.4794487403091006
2138,0.6677,0,1,0,553977,51633,60399,47557,0.4782781874096854,0.4794535739489868
2139,0.668,2,6,2,553983,51627,60401,47555,0.4782226092111601,0.4794720816277147
2140,0.6683,5,12,5,553995,51615,60406,47550,0.47811145281410944,0.4795038572076842
2141,0.6686,0,2,0,553997,51613,60406,47550,0.47809292674793435,0.47951352823129595
2142,0.669,0,1,0,553998,51612,60406,47550,0.4780836637148468,0.4795183638893931
2143,0.6692,0,5,0,554003,51607,60406,47550,0.478037348549409,0.4795425436429097
2144,0.6693,0,2,0,554005,51605,60406,47550,0.4780188224832339,0.47955221622711913
2145,0.6697,0,1,0,554006,51604,60406,47550,0.47800955945014634,0.47955705266555054
2146,0.6698,1,0,1,554006,51604,60407,47549,0.47800955945014634,0.47955180377799966
2147,0.67,1770,3922,1770,557928,47682,62177,45779,0.4416799436807588,0.48981928290944887
2148,0.6702,0,1,0,557929,47681,62177,45779,0.4416706806476713,0.4898245238604751
2149,0.6703,0,1,0,557930,47680,62177,45779,0.4416614176145837,0.4898297649236564
2150,0.6707,0,1,0,557931,47679,62177,45779,0.44165215458149615,0.48983500609899633
2151,0.6708,1,1,1,557932,47678,62178,45778,0.44164289154840863,0.48983478856360213
2152,0.671,0,1,0,557933,47677,62178,45778,0.44163362851532106,0.4898400299609438
2153,0.6715,0,1,0,557934,47676,62178,45778,0.4416243654822335,0.48984527147045603
2154,0.6717,6,10,6,557944,47666,62184,45772,0.44153173515135796,0.4898649371775937
2155,0.672,0,5,0,557949,47661,62184,45772,0.44148541998592017,0.48989115194845506
2156,0.6725,8,20,8,557969,47641,62192,45764,0.4413001593241691,0.4899523580108131
2157,0.673,2,3,2,557972,47638,62194,45762,0.44127237022490645,0.4899571734475375
2158,0.6733,21,41,21,558013,47597,62215,45741,0.4408925858683167,0.4900576399751441
2159,0.674,2,11,2,558024,47586,62217,45739,0.4407906925043536,0.4901044736137155
2160,0.6742,2,6,2,558030,47580,62219,45737,0.4407351143058283,0.4901250575993656
2161,0.6743,0,2,0,558032,47578,62219,45737,0.4407165882396532,0.490135562342603
2162,0.675,57,140,57,558172,47438,62276,45680,0.4394197636073956,0.490560364268992
2163,0.6757,2,1,2,558173,47437,62278,45678,0.439410500574308,0.490554690436557
2164,0.6758,1,1,1,558174,47436,62279,45677,0.4394012375412205,0.4905544875581283
2165,0.676,7,10,7,558184,47426,62286,45670,0.439308607210345,0.4905688751396408
2166,0.6762,0,1,0,558185,47425,62286,45670,0.4392993441772574,0.49057414469090715
2167,0.6765,0,2,0,558187,47423,62286,45670,0.43928081811108227,0.4905846841330712
2168,0.6767,21,51,21,558238,47372,62307,45649,0.43880840342361704,0.4907386504122725
2169,0.6768,1,0,1,558238,47372,62308,45648,0.43880840342361704,0.49073317566114816
2170,0.6771,0,4,0,558242,47368,62308,45648,0.4387713512912668,0.49075427883374906
2171,0.6775,14,23,14,558265,47345,62322,45634,0.43855830153025305,0.4907989976231192
2172,0.6777,0,2,0,558267,47343,62322,45634,0.43853977546407796,0.49080955505124924
2173,0.6778,1,0,1,558267,47343,62323,45633,0.43853977546407796,0.4908040784718637
2174,0.678,0,8,0,558275,47335,62323,45633,0.4384656711993775,0.4908463127097496
2175,0.6783,4,3,4,558278,47332,62327,45629,0.43843788210011486,0.4908402448338551
2176,0.679,0,5,0,558283,47327,62327,45629,0.43839156693467707,0.4908666465854813
2177,0.6792,1,1,1,558284,47326,62328,45628,0.43838230390158955,0.4908664500720787
2178,0.6793,0,3,0,558287,47323,62328,45628,0.4383545148023269,0.4908822928209487
2179,0.6797,1,0,1,558287,47323,62329,45627,0.4383545148023269,0.4908768154922001
2180,0.6798,0,1,0,558288,47322,62329,45627,0.43834525176923933,0.4908820966336378
2181,0.6799,0,1,0,558289,47321,62329,45627,0.43833598873615176,0.49088737788871195
2182,0.68,1739,3778,1739,562067,43543,64068,43888,0.40334024973137206,0.5019729844105637
2183,0.6802,0,1,0,562068,43542,64068,43888,0.4033309866982845,0.5019787258378131
2184,0.6807,1,1,1,562069,43541,64069,43887,0.4033217236651969,0.5019787711030791
2185,0.6808,2,2,2,562071,43539,64071,43885,0.40330319759902183,0.5019788616398243
2186,0.681,0,1,0,562072,43538,64071,43885,0.40329393456593426,0.5019846035940199
2187,0.6813,0,1,0,562073,43537,64071,43885,0.4032846715328467,0.5019903456795772
2188,0.6817,5,3,5,562076,43534,64076,43880,0.40325688243358404,0.5019790880179377
2189,0.682,3,6,3,562082,43528,64079,43877,0.40320130423505873,0.5019964532921457
2190,0.6823,1,1,1,562083,43527,64080,43876,0.40319204120197116,0.5019964989760077
2191,0.6825,15,26,15,562109,43501,64095,43861,0.4029512023416948,0.5020603923902841
2192,0.6827,1,0,1,562109,43501,64096,43860,0.4029512023416948,0.5020546925973832
2193,0.6829,1,2,1,562111,43499,64097,43859,0.40293267627551965,0.5020604867327548
2194,0.6833,29,54,29,562165,43445,64126,43830,0.4024324724887917,0.5022056717272988
2195,0.6835,0,1,0,562166,43444,64126,43830,0.4024232094557042,0.5022114260833697
2196,0.6838,1,0,1,562166,43444,64127,43829,0.4024232094557042,0.5022057222737846
2197,0.684,4,8,4,562174,43436,64131,43825,0.40234910519100375,0.5022289453478644
2198,0.6842,3,3,3,562177,43433,64134,43822,0.4023213160917411,0.5022290986189903
2199,0.6843,1,0,1,562177,43433,64135,43821,0.4023213160917411,0.5022233937699131
2200,0.6847,1,4,1,562181,43429,64136,43820,0.4022842639593909,0.5022407133606116
2201,0.685,61,135,61,562316,43294,64197,43759,0.40103375449257106,0.5026707867620874
2202,0.6852,0,1,0,562317,43293,64197,43759,0.4010244914594835,0.5026765611358728
2203,0.6853,1,0,1,562317,43293,64198,43758,0.4010244914594835,0.5026708481235138
2204,0.6858,0,2,0,562319,43291,64198,43758,0.4010059653933084,0.5026823972705028
2205,0.686,8,10,8,562329,43281,64206,43750,0.4009133350624328,0.502694442210247
2206,0.6863,0,2,0,562331,43279,64206,43750,0.40089480899625773,0.5027059945535396
2207,0.6867,32,38,32,562369,43241,64238,43718,0.4005428137389307,0.5027426718338527
2208,0.6868,1,0,1,562369,43241,64239,43717,0.4005428137389307,0.5027369534717909
2209,0.687,1,1,1,562370,43240,64240,43716,0.4005335507058431,0.5027370164220986
2210,0.6871,1,1,1,562371,43239,64241,43715,0.40052428767275555,0.5027370793753019
2211,0.6875,17,26,17,562397,43213,64258,43698,0.4002834488124792,0.5027902106752885
2212,0.688,2,2,2,562399,43211,64260,43696,0.40026492274630404,0.5027903390981163
2213,0.6883,2,6,2,562405,43205,64262,43694,0.40020934454777873,0.5028136112038113
2214,0.6886,1,0,1,562405,43205,64263,43693,0.40020934454777873,0.5028078897097746
2215,0.6887,1,0,1,562405,43205,64264,43692,0.40020934454777873,0.5028021680840535
2216,0.689,1,4,1,562409,43201,64265,43691,0.4001722924154285,0.5028195921373659
2217,0.6891,0,1,0,562410,43200,64265,43691,0.40016302938234094,0.5028253789230185
2218,0.6892,0,3,0,562413,43197,64265,43691,0.4001352402830783,0.5028427400791824
2219,0.6893,1,0,1,562413,43197,64266,43690,0.4001352402830783,0.5028370181960478
2220,0.6896,0,1,0,562414,43196,64266,43690,0.4001259772499907,0.5028428055152729
2221,0.69,1807,3402,1807,565816,39794,66073,41883,0.3686131386861314,0.5127881778223979
2222,0.6905,0,1,0,565817,39793,66073,41883,0.3686038756530438,0.5127944561437876
2223,0.6907,3,2,3,565819,39791,66076,41880,0.3685853495868687,0.5127891173121426
2224,0.6908,0,4,0,565823,39787,66076,41880,0.3685482974545185,0.5128142334112922
2225,0.6917,5,9,5,565832,39778,66081,41875,0.36846493015673054,0.5128409243995934
2226,0.6918,0,1,0,565833,39777,66081,41875,0.36845566712364297,0.5128472052123647
2227,0.692,1,7,1,565840,39770,66082,41874,0.3683908258920301,0.5128852089559551
2228,0.6925,8,22,8,565862,39748,66090,41866,0.3681870391641039,0.5129757149508662
2229,0.6927,1,1,1,565863,39747,66091,41865,0.3681777761310163,0.5129760329363329
2230,0.693,1,3,1,565866,39744,66092,41864,0.36814998703175367,0.5129889226546417
2231,0.6933,33,52,33,565918,39692,66125,41831,0.36766830931120087,0.5131189970928449
2232,0.6935,0,1,0,565919,39691,66125,41831,0.3676590462781133,0.513125291332401
2233,0.6937,0,1,0,565920,39690,66125,41831,0.36764978324502573,0.5131315857263773
2234,0.6938,1,1,1,565921,39689,66126,41830,0.3676405202119382,0.513131907898772
2235,0.694,4,13,4,565934,39676,66130,41826,0.3675201007818,0.5131898603715246
2236,0.6943,1,2,1,565936,39674,66131,41825,0.3675015747156249,0.5131964809384164
2237,0.6947,0,1,0,565937,39673,66131,41825,0.3674923116825373,0.5132027779822818
2238,0.6948,0,1,0,565938,39672,66131,41825,0.36748304864944975,0.5132090751806815
2239,0.695,62,102,62,566040,39570,66193,41763,0.36653821927451924,0.5134816126295599
2240,0.6953,0,1,0,566041,39569,66193,41763,0.36652895624143167,0.5134879260315743
2241,0.6955,0,1,0,566042,39568,66193,41763,0.36651969320834415,0.5134942395888407
2242,0.6957,0,3,0,566045,39565,66193,41763,0.3664919041090815,0.5135131811922093
2243,0.6958,0,1,0,566046,39564,66193,41763,0.36648264107599393,0.5135194953705412
2244,0.696,4,10,4,566056,39554,66197,41759,0.3663900107451184,0.5135587175482396
2245,0.6962,0,1,0,566057,39553,66197,41759,0.36638074771203083,0.513565033451397
2246,0.6967,25,49,25,566106,39504,66222,41734,0.3659268590907407,0.5137251040153623
2247,0.697,0,1,0,566107,39503,66222,41734,0.3659175960576531,0.5137314277976784
2248,0.6971,3,1,3,566108,39502,66225,41731,0.36590833302456555,0.5137197936799084
2249,0.6975,12,27,12,566135,39475,66237,41719,0.3656582311312016,0.5138187550804246
2250,0.6978,1,0,1,566135,39475,66238,41718,0.3656582311312016,0.5138127671104652
2251,0.698,2,4,2,566139,39471,66240,41716,0.3656211789988514,0.5138261051646199
2252,0.6983,5,5,5,566144,39466,66245,41711,0.3655748638334136,0.5138278083693657
2253,0.6985,1,1,1,566145,39465,66246,41710,0.3655656008003261,0.5138281490606714
2254,0.6986,0,1,0,566146,39464,66246,41710,0.3655563377672385,0.5138344790203759
2255,0.6987,0,1,0,566147,39463,66246,41710,0.36554707473415093,0.5138408091360428
2256,0.6988,0,1,0,566148,39462,66246,41710,0.3655378117010634,0.5138471394076776
2257,0.6992,0,1,0,566149,39461,66246,41710,0.36552854866797585,0.513853469835286
2258,0.6993,0,1,0,566150,39460,66246,41710,0.3655192856348883,0.5138598004188739
2259,0.7,1775,3244,1775,569394,36216,68021,39935,0.3354700062988625,0.5244185893816233
2260,0.7004,1,0,1,569394,36216,68022,39934,0.3354700062988625,0.5244123440577807
2261,0.7007,0,2,0,569396,36214,68022,39934,0.3354514802326874,0.52442611756054
2262,0.7008,1,0,1,569396,36214,68023,39933,0.3354514802326874,0.5244198720895111
2263,0.701,1,3,1,569399,36211,68024,39932,0.33542369113342474,0.5244342881157822
2264,0.7012,1,1,1,569400,36210,68025,39931,0.33541442810033717,0.524434929932625
2265,0.7015,0,3,0,569403,36207,68025,39931,0.3353866390010745,0.524455593790223
2266,0.7017,5,9,5,569412,36198,68030,39926,0.3353032717032865,0.5244863643528979
2267,0.702,2,2,2,569414,36196,68032,39924,0.3352847456371114,0.5244876510772465
2268,0.7022,0,1,0,569415,36195,68032,39924,0.33527548260402384,0.5244945414416899
2269,0.7023,1,1,1,569416,36194,68033,39923,0.33526621957093633,0.5244951850440769
2270,0.7025,11,23,11,569439,36171,68044,39912,0.33505316980992256,0.524584992705335
2271,0.7027,1,0,1,569439,36171,68045,39911,0.33505316980992256,0.5245787439867511
2272,0.7028,1,1,1,569440,36170,68046,39910,0.335043906776835,0.5245793901156677
2273,0.7029,1,1,1,569441,36169,68047,39909,0.3350346437437475,0.5245800362785562
2274,0.7033,25,43,25,569484,36126,68072,39884,0.33463633332098264,0.5247204315221682
2275,0.7038,1,1,1,569485,36125,68073,39883,0.33462707028789507,0.5247210819913694
2276,0.7039,1,0,1,569485,36125,68074,39882,0.33462707028789507,0.5247148288973384
2277,0.704,7,9,7,569494,36116,68081,39875,0.3345437029901071,0.5247331920885367
2278,0.7042,1,1,1,569495,36115,68082,39874,0.33453443995701954,0.5247338430562318
2279,0.7043,2,3,2,569498,36112,68084,39872,0.3345066508577569,0.5247420509580965
2280,0.7045,1,0,1,569498,36112,68085,39871,0.3345066508577569,0.5247357961649316
2281,0.7047,1,1,1,569499,36111,68086,39870,0.3344973878246693,0.5247364472697121
2282,0.705,52,111,52,569610,36000,68138,39818,0.3334691911519508,0.5251787174549579
2283,0.7053,0,1,0,569611,35999,68138,39818,0.3334599281188632,0.5251856443805479
2284,0.7057,1,2,1,569613,35997,68139,39817,0.33344140205268813,0.5251932360777692
2285,0.7058,0,4,0,569617,35993,68139,39817,0.3334043499203379,0.5252209471046037
2286,0.706,8,9,8,569626,35984,68147,39809,0.33332098262254994,0.5252332009552333
2287,0.7062,0,1,0,569627,35983,68147,39809,0.3333117195894624,0.525240130884526
2288,0.7063,0,2,0,569629,35981,68147,39809,0.3332931935232873,0.5252539912917271
2289,0.7067,26,38,26,569667,35943,68173,39783,0.3329411982659602,0.5253545677838523
2290,0.707,0,3,0,569670,35940,68173,39783,0.33291340916669754,0.5253753813240363
2291,0.7071,0,2,0,569672,35938,68173,39783,0.33289488310052245,0.5253892579337304
2292,0.7075,14,14,14,569686,35924,68187,39769,0.3327652006372967,0.5253986498090972
2293,0.7077,0,1,0,569687,35923,68187,39769,0.33275593760420913,0.5254055910796386
2294,0.708,4,2,4,569689,35921,68191,39765,0.332737411538034,0.5253943926221494
2295,0.7083,2,7,2,569696,35914,68193,39763,0.3326725703064211,0.5254304478243059
2296,0.7086,0,1,0,569697,35913,68193,39763,0.3326633072733336,0.5254373909826101
2297,0.7087,0,1,0,569698,35912,68193,39763,0.332654044240246,0.5254443343244136
2298,0.709,1,0,1,569698,35912,68194,39762,0.332654044240246,0.525438063271401
2299,0.7092,1,1,1,569699,35911,68195,39761,0.33264478120715846,0.525438735595729
2300,0.7093,3,1,3,569700,35910,68198,39758,0.33263551817407094,0.5254268647248507
2301,0.7095,0,1,0,569701,35909,68198,39758,0.3326262551409834,0.5254338086616358
2302,0.7096,0,1,0,569702,35908,68198,39758,0.3326169921078958,0.5254407527819628
2303,0.71,1665,3046,1665,572748,32862,69863,38093,0.30440179332320577,0.536861391022479
2304,0.7102,0,1,0,572749,32861,69863,38093,0.3043925302901182,0.536868957352651
2305,0.7107,1,1,1,572750,32860,69864,38092,0.30438326725703063,0.5368699966174315
2306,0.7108,2,3,2,572753,32857,69866,38090,0.304355478157768,0.5368796425500726
2307,0.7115,0,1,0,572754,32856,69866,38090,0.3043462151246804,0.5368872099906972
2308,0.7117,5,5,5,572759,32851,69871,38085,0.30429989995924267,0.5368924100597722
2309,0.712,2,2,2,572761,32849,69873,38083,0.30428137389306753,0.5368944904979417
2310,0.7125,10,17,10,572778,32832,69883,38073,0.3041239023305791,0.5369579014173894
2311,0.7133,28,27,28,572805,32805,69911,38045,0.3038738004372152,0.5369795342272407
2312,0.7138,1,0,1,572805,32805,69912,38044,0.3038738004372152,0.5369729989131815
2313,0.714,0,6,0,572811,32799,69912,38044,0.3038182222386898,0.5370184774783676
2314,0.7142,1,3,1,572814,32796,69913,38043,0.30379043313942716,0.5370346842840809
2315,0.7143,1,1,1,572815,32795,69914,38042,0.3037811701063396,0.5370357299151574
2316,0.7145,0,3,0,572818,32792,69914,38042,0.30375338100707694,0.5370584747437671
2317,0.7148,1,1,1,572819,32791,69915,38041,0.3037441179739894,0.5370595211203976
2318,0.715,56,102,56,572921,32689,69971,37985,0.30279928859905886,0.537467809944251
2319,0.7152,0,4,0,572925,32685,69971,37985,0.30276223646670863,0.5374982312155087
2320,0.7153,0,1,0,572926,32684,69971,37985,0.3027529734336211,0.5375058370714174
2321,0.7157,0,3,0,572929,32681,69971,37985,0.30272518433435847,0.5375286559307163
2322,0.7158,0,3,0,572932,32678,69971,37985,0.30269739523509576,0.5375514767275661
2323,0.716,2,4,2,572936,32674,69973,37983,0.3026603431027456,0.5375688183760986
2324,0.7165,1,0,1,572936,32674,69974,37982,0.3026603431027456,0.5375622735507246
2325,0.7167,13,46,13,572982,32628,69987,37969,0.30223424358071804,0.5378273864328512
2326,0.7168,1,0,1,572982,32628,69988,37968,0.30223424358071804,0.5378208397076322
2327,0.717,1,2,1,572984,32626,69989,37967,0.30221571751454296,0.5378295298400692
2328,0.7171,2,0,2,572984,32626,69991,37965,0.30221571751454296,0.537816435522942
2329,0.7173,0,1,0,572985,32625,69991,37965,0.3022064544814554,0.53782405439864
2330,0.7174,1,0,1,572985,32625,69992,37964,0.3022064544814554,0.5378175069770077
2331,0.7175,12,15,12,573000,32610,70004,37952,0.3020675089851421,0.5378532354525098
2332,0.7179,0,1,0,573001,32609,70004,37952,0.30205824595205455,0.5378608579810377
2333,0.718,4,3,4,573004,32606,70008,37948,0.3020304568527919,0.5378575275675369
2334,0.7183,5,11,5,573015,32595,70013,37943,0.3019285634888288,0.5379086449856815
2335,0.7185,1,0,1,573015,32595,70014,37942,0.3019285634888288,0.5379020939365156
2336,0.7186,0,2,0,573017,32593,70014,37942,0.30191003742265365,0.5379173459984405
2337,0.7188,0,1,0,573018,32592,70014,37942,0.30190077438956614,0.5379249723537585
2338,0.719,1,1,1,573019,32591,70015,37941,0.30189151135647857,0.5379260477513753
2339,0.7192,1,2,1,573021,32589,70016,37940,0.30187298529030343,0.5379347502445803
2340,0.7193,1,1,1,573022,32588,70017,37939,0.3018637222572159,0.537935825995718
2341,0.72,1657,2752,1657,575774,29836,71674,36282,0.2763718552002668,0.5487461810702078
2342,0.7202,1,2,1,575776,29834,71675,36281,0.27635332913409166,0.5487559555320275
2343,0.7208,0,4,0,575780,29830,71675,36281,0.27631627700174144,0.5487891576288364
2344,0.721,2,1,2,575781,29829,71677,36279,0.27630701396865387,0.5487838083136686
2345,0.7212,2,0,2,575781,29829,71679,36277,0.27630701396865387,0.5487701570205428
2346,0.7216,0,1,0,575782,29828,71679,36277,0.27629775093556636,0.5487784585129718
2347,0.7217,3,6,3,575788,29822,71682,36274,0.276242172737041,0.5488077947228274
2348,0.7219,1,1,1,575789,29821,71683,36273,0.2762329097039535,0.548809271643417
2349,0.722,4,3,4,575792,29818,71687,36269,0.2762051206046908,0.5488068757849501
2350,0.7223,0,3,0,575795,29815,71687,36269,0.2761773315054281,0.5488317898432298
2351,0.7225,17,19,17,575814,29796,71704,36252,0.2760013338767646,0.5488735465116279
2352,0.7227,0,1,0,575815,29795,71704,36252,0.27599207084367705,0.5488818568595092
2353,0.7229,1,1,1,575816,29794,71705,36251,0.2759828078105895,0.5488833371186312
2354,0.723,0,1,0,575817,29793,71705,36251,0.27597354477750197,0.5488916479922475
2355,0.7233,22,35,22,575852,29758,71727,36229,0.2756493386194375,0.5490323851667753
2356,0.7234,0,2,0,575854,29756,71727,36229,0.27563081255326244,0.5490490262938547
2357,0.724,2,3,2,575857,29753,71729,36227,0.2756030234539998,0.5490603213094877
2358,0.7242,0,2,0,575859,29751,71729,36227,0.27558449738782465,0.5490769650489558
2359,0.7243,0,4,0,575863,29747,71729,36227,0.2755474452554745,0.5491102555552188
2360,0.7246,0,2,0,575865,29745,71729,36227,0.27552891918929934,0.5491269023221973
2361,0.7247,1,0,1,575865,29745,71730,36226,0.27552891918929934,0.5491200679086266
2362,0.7248,1,1,1,575866,29744,71731,36225,0.27551965615621177,0.5491215570949992
2363,0.725,66,87,66,575953,29657,71797,36159,0.2747137722775946,0.5493952838215631
2364,0.7252,0,2,0,575955,29655,71797,36159,0.27469524621141944,0.549411979214149
2365,0.7255,2,0,2,575955,29655,71799,36157,0.27469524621141944,0.5493982860268644
2366,0.726,7,8,7,575963,29647,71806,36150,0.27462114194671905,0.54941714667842
2367,0.7263,0,1,0,575964,29646,71806,36150,0.2746118789136315,0.5494254969906985
2368,0.7265,1,1,1,575965,29645,71807,36149,0.2746026158805439,0.5494269994224398
2369,0.7267,25,41,25,576006,29604,71832,36124,0.2742228315239542,0.5495983446932814
2370,0.7268,0,2,0,576008,29602,71832,36124,0.2742043054577791,0.5496150686182029
2371,0.727,0,2,0,576010,29600,71832,36124,0.274185779391604,0.5496317935609518
2372,0.7271,1,0,1,576010,29600,71833,36123,0.274185779391604,0.5496249410404273
2373,0.7272,1,0,1,576010,29600,71834,36122,0.274185779391604,0.5496180883113722
2374,0.7273,2,0,2,576010,29600,71836,36120,0.274185779391604,0.5496043822276324
2375,0.7275,13,14,13,576024,29586,71849,36107,0.27405609692837823,0.5496323809233861
2376,0.7277,1,0,1,576024,29586,71850,36106,0.27405609692837823,0.5496255251781039
2377,0.728,3,2,3,576026,29584,71853,36103,0.2740375708622031,0.5496216907455052
2378,0.7282,0,1,0,576027,29583,71853,36103,0.2740283078291156,0.549630058155467
2379,0.7283,2,9,2,576036,29574,71855,36101,0.27394494053132756,0.5496916634944804
2380,0.7285,1,0,1,576036,29574,71856,36100,0.27394494053132756,0.5496848067728477
2381,0.7288,0,1,0,576037,29573,71856,36100,0.27393567749824005,0.5496931768002071
2382,0.729,2,0,2,576037,29573,71858,36098,0.27393567749824005,0.5496794627765681
2383,0.7292,1,4,1,576041,29569,71859,36097,0.2738986253658898,0.5497060883866841
2384,0.7293,0,1,0,576042,29568,71859,36097,0.27388936233280226,0.5497144597578619
2385,0.7295,0,2,0,576044,29566,71859,36097,0.27387083626662717,0.5497312032651569
2386,0.7297,0,2,0,576046,29564,71859,36097,0.27385231020045203,0.5497479477924491
2387,0.7298,0,1,0,576047,29563,71859,36097,0.27384304716736446,0.5497563204386232
2388,0.73,1647,2668,1647,578715,26895,73506,34450,0.2491292748897699,0.5615779607139946
2389,0.7302,0,1,0,578716,26894,73506,34450,0.24912001185668234,0.5615871152842984
2390,0.7305,1,1,1,578717,26893,73507,34449,0.2491107488235948,0.5615891232760588
2391,0.7306,1,0,1,578717,26893,73508,34448,0.2491107488235948,0.5615819761660227
2392,0.7308,1,2,1,578719,26891,73509,34447,0.24909222275741968,0.5615931396524177
2393,0.731,2,1,2,578720,26890,73511,34445,0.24908295972433214,0.5615880003260781
2394,0.7315,0,1,0,578721,26889,73511,34445,0.24907369669124457,0.5615971565526462
2395,0.7317,3,3,3,578724,26886,73514,34442,0.24904590759198192,0.5616031828854683
2396,0.7318,0,1,0,578725,26885,73514,34442,0.24903664455889438,0.5616123404047157
2397,0.732,3,3,3,578728,26882,73517,34439,0.2490088554596317,0.5616183689111397
2398,0.7321,0,1,0,578729,26881,73517,34439,0.24899959242654415,0.5616275277234182
2399,0.7323,2,0,2,578729,26881,73519,34437,0.24899959242654415,0.5616132293943051
2400,0.7325,9,12,9,578741,26869,73528,34428,0.2488884360294935,0.5616588087508361
2401,0.7327,0,1,0,578742,26868,73528,34428,0.24887917299640594,0.5616679718089271
2402,0.7328,0,1,0,578743,26867,73528,34428,0.2488699099633184,0.5616771351660005
2403,0.7329,0,1,0,578744,26866,73528,34428,0.24886064693023083,0.5616862988220707
2404,0.733,1,1,1,578745,26865,73529,34427,0.24885138389714329,0.5616883116883117
2405,0.7333,23,27,23,578772,26838,73552,34404,0.24860128200377932,0.5617713333986479
2406,0.7337,0,1,0,578773,26837,73552,34404,0.24859201897069177,0.5617805065234075
2407,0.7338,0,1,0,578774,26836,73552,34404,0.2485827559376042,0.5617896799477465
2408,0.734,2,3,2,578777,26833,73554,34402,0.24855496683834155,0.5618028905037968
2409,0.7342,1,0,1,578777,26833,73555,34401,0.24855496683834155,0.5617957343959238
2410,0.7347,0,3,0,578780,26830,73555,34401,0.2485271777390789,0.5618232594600774
2411,0.7348,0,1,0,578781,26829,73555,34401,0.24851791470599133,0.5618324350808427
2412,0.735,64,81,64,578862,26748,73619,34337,0.24776760902589945,0.562118359662765
2413,0.7356,0,1,0,578863,26747,73619,34337,0.24775834599281188,0.5621275620457076
2414,0.7357,0,1,0,578864,26746,73619,34337,0.24774908295972434,0.5621367647299575
2415,0.7358,1,2,1,578866,26744,73620,34336,0.24773055689354923,0.5621480026195154
2416,0.736,9,8,9,578874,26736,73629,34327,0.24765645262884878,0.5621571164207458
2417,0.7361,0,1,0,578875,26735,73629,34327,0.24764718959576124,0.5621663227539222
2418,0.7362,1,0,1,578875,26735,73630,34326,0.24764718959576124,0.5621591523230868
2419,0.7367,19,30,19,578905,26705,73649,34307,0.2473692986031346,0.562299219825608
2420,0.7368,1,1,1,578906,26704,73650,34306,0.24736003557004704,0.5623012620881823
2421,0.737,1,0,1,578906,26704,73651,34305,0.24736003557004704,0.562294087757544
2422,0.7371,0,1,0,578907,26703,73651,34305,0.2473507725369595,0.5623033044846577
2423,0.7372,0,1,0,578908,26702,73651,34305,0.24734150950387196,0.5623125215139246
2424,0.7373,0,1,0,578909,26701,73651,34305,0.2473322464707844,0.5623217388453595
2425,0.7375,12,13,12,578922,26688,73663,34293,0.24721182704064618,0.5623554877748806
2426,0.738,2,3,2,578925,26685,73665,34291,0.24718403794138352,0.5623688008396747
2427,0.7383,4,7,4,578932,26678,73669,34287,0.24711919670977064,0.5624046584105634
2428,0.7386,0,1,0,578933,26677,73669,34287,0.2471099336766831,0.5624138836034381
2429,0.739,1,2,1,578935,26675,73670,34286,0.247091407610508,0.5624251570676334
2430,0.7392,0,1,0,578936,26674,73670,34286,0.24708214457742042,0.5624343832020997
2431,0.7393,0,2,0,578938,26672,73670,34286,0.2470636185112453,0.5624528363791463
2432,0.7395,0,1,0,578939,26671,73670,34286,0.24705435547815777,0.5624620634217563
2433,0.7397,1,0,1,578939,26671,73671,34285,0.24705435547815777,0.562454885491174
2434,0.74,1696,2456,1696,581395,24215,75367,32589,0.22430434621512468,0.5737095979156397
2435,0.7402,1,0,1,581395,24215,75368,32588,0.22430434621512468,0.5737020931993029
2436,0.7403,1,0,1,581395,24215,75369,32587,0.22430434621512468,0.5736945882187247
2437,0.7407,1,0,1,581395,24215,75370,32586,0.22430434621512468,0.5736870829738913
2438,0.7408,0,6,0,581401,24209,75370,32586,0.22424876801659935,0.5737476890571354
2439,0.7414,1,0,1,581401,24209,75371,32585,0.22424876801659935,0.5737401838222348
2440,0.7415,1,0,1,581401,24209,75372,32584,0.22424876801659935,0.5737326783230328
2441,0.7417,4,4,4,581405,24205,75376,32580,0.22421171588424915,0.573743065950515
2442,0.742,3,6,3,581411,24199,75379,32577,0.22415613768572382,0.5737811751444272
2443,0.7425,13,16,13,581427,24183,75392,32564,0.22400792915632295,0.5738453134086383
2444,0.7427,0,1,0,581428,24182,75392,32564,0.22399866612323538,0.5738554259331055
2445,0.7429,1,0,1,581428,24182,75393,32563,0.22399866612323538,0.5738479161159573
2446,0.743,1,1,1,581429,24181,75394,32562,0.22398940309014784,0.5738505190067498
2447,0.7433,24,24,24,581453,24157,75418,32538,0.22376709029604655,0.5739130434782609
2448,0.7437,1,2,1,581455,24155,75419,32537,0.22374856422987144,0.573925774359698
2449,0.7438,0,1,0,581456,24154,75419,32537,0.22373930119678387,0.5739358981143391
2450,0.744,5,3,5,581459,24151,75424,32532,0.22371151209752121,0.573928691141965
2451,0.7442,2,1,2,581460,24150,75426,32530,0.22370224906443364,0.5739237826393789
2452,0.7443,0,1,0,581461,24149,75426,32530,0.2236929860313461,0.5739339085022671
2453,0.7445,0,2,0,581463,24147,75426,32530,0.223674459965171,0.5739541612999982
2454,0.745,50,74,50,581537,24073,75476,32480,0.222988995516692,0.5743285060032183
2455,0.7452,0,1,0,581538,24072,75476,32480,0.22297973248360442,0.5743386617626256
2456,0.7453,0,2,0,581540,24070,75476,32480,0.22296120641742934,0.5743589743589743
2457,0.7456,1,0,1,581540,24070,75477,32479,0.22296120641742934,0.5743514474172842
2458,0.7457,2,1,2,581541,24069,75479,32477,0.22295194338434177,0.5743465497117392
2459,0.7458,2,0,2,581541,24069,75481,32475,0.22295194338434177,0.574331494057725
2460,0.746,4,5,4,581546,24064,75485,32471,0.222905628218904,0.5743521712213673
2461,0.7463,0,1,0,581547,24063,75485,32471,0.22289636518581643,0.5743623306328934
2462,0.7465,1,0,1,581547,24063,75486,32470,0.22289636518581643,0.5743548016202926
2463,0.7467,27,34,27,581581,24029,75513,32443,0.2225814220608396,0.5744970959059357
2464,0.747,0,1,0,581582,24028,75513,32443,0.22257215902775204,0.5745072692178286
2465,0.7472,0,1,0,581583,24027,75513,32443,0.2225628959946645,0.5745174428900301
2466,0.7473,0,2,0,581585,24025,75513,32443,0.2225443699284894,0.5745377913154353
2467,0.7474,0,1,0,581586,24024,75513,32443,0.22253510689540182,0.5745479660686773
2468,0.7475,11,15,11,581601,24009,75524,32432,0.22239616139908852,0.5746177424212895
2469,0.7476,1,0,1,581601,24009,75525,32431,0.22239616139908852,0.5746102055279944
2470,0.7477,0,1,0,581602,24008,75525,32431,0.22238689836600095,0.5746203866120945
2471,0.7478,1,1,1,581603,24007,75526,32430,0.2223776353329134,0.5746230309903078
2472,0.748,3,0,3,581603,24007,75529,32427,0.2223776353329134,0.5746004181876174
2473,0.7482,1,0,1,581603,24007,75530,32426,0.2223776353329134,0.5745928800524516
2474,0.7483,3,7,3,581610,24000,75533,32423,0.22231279410130053,0.5746415468869078
2475,0.7487,1,0,1,581610,24000,75534,32422,0.22231279410130053,0.5746340080110595
2476,0.7488,0,3,0,581613,23997,75534,32422,0.22228500500203788,0.5746645633563161
2477,0.749,0,1,0,581614,23996,75534,32422,0.2222757419689503,0.5746747491935198
2478,0.7492,1,5,1,581619,23991,75535,32421,0.22222942680351254,0.5747181450755159
2479,0.7497,0,1,0,581620,23990,75535,32421,0.222220163770425,0.5747283331265178
2480,0.75,1621,2221,1621,583841,21769,77156,30800,0.20164696728296713,0.5858966310943712
2481,0.7502,0,1,0,583842,21768,77156,30800,0.2016377042498796,0.5859077765941257
2482,0.7507,1,0,1,583842,21768,77157,30799,0.2016377042498796,0.5858998991762893
2483,0.751,0,1,0,583843,21767,77157,30799,0.20162844121679202,0.5859110451622722
2484,0.7513,0,1,0,583844,21766,77157,30799,0.20161917818370448,0.585922191572339
2485,0.7515,0,4,0,583848,21762,77157,30799,0.20158212605135425,0.5859667814539298
2486,0.7517,1,1,1,583849,21761,77158,30798,0.2015728630182667,0.585970052702677
2487,0.752,4,4,4,583853,21757,77162,30794,0.2015358108859165,0.5859831401876272
2488,0.7525,9,8,9,583861,21749,77171,30785,0.20146170662121604,0.5860014466821487
2489,0.7533,22,20,22,583881,21729,77193,30763,0.20127644595946498,0.5860512078030938
2490,0.754,7,5,7,583886,21724,77200,30756,0.20123013079402718,0.5860518292682927
2491,0.7542,1,1,1,583887,21723,77201,30755,0.20122086776093964,0.5860551088075003
2492,0.7543,2,0,2,583887,21723,77203,30753,0.20122086776093964,0.5860393322661788
2493,0.755,55,70,55,583957,21653,77258,30698,0.20057245544481084,0.5863880346125193
2494,0.7551,1,0,1,583957,21653,77259,30697,0.20057245544481084,0.5863801337153772
2495,0.7555,1,1,1,583958,21652,77260,30696,0.2005631924117233,0.5863834339420799
2496,0.7557,0,1,0,583959,21651,77260,30696,0.20055392937863575,0.5863946357957476
2497,0.7558,0,1,0,583960,21650,77260,30696,0.20054466634554818,0.586405838077408
2498,0.756,4,10,4,583970,21640,77264,30692,0.20045203601467265,0.5864862799052205
2499,0.7567,20,37,20,584007,21603,77284,30672,0.20010930379043315,0.5867431850789097
2500,0.757,2,0,2,584007,21603,77286,30670,0.20010930379043315,0.5867273735963117
2501,0.7571,0,1,0,584008,21602,77286,30670,0.20010004075734558,0.5867385981022345
2502,0.7572,0,1,0,584009,21601,77286,30670,0.20009077772425804,0.5867498230376308
2503,0.7575,13,12,13,584021,21589,77299,30657,0.19997962132720737,0.5867817631971826
2504,0.758,0,2,0,584023,21587,77299,30657,0.19996109526103228,0.58680422632264
2505,0.7582,1,1,1,584024,21586,77300,30656,0.19995183222794471,0.5868075494812602
2506,0.7583,1,5,1,584029,21581,77301,30655,0.19990551706250695,0.5868558082548434
2507,0.7585,0,2,0,584031,21579,77301,30655,0.19988699099633184,0.5868782785159091
2508,0.7586,1,0,1,584031,21579,77302,30654,0.19988699099633184,0.5868703693067601
2509,0.7588,0,2,0,584033,21577,77302,30654,0.19986846493015673,0.5868928414160173
2510,0.759,1,2,1,584035,21575,77303,30653,0.1998499388639816,0.5869074059891246
2511,0.7592,3,1,3,584036,21574,77306,30650,0.19984067583089407,0.5868949142156863
2512,0.7593,1,3,1,584039,21571,77307,30649,0.19981288673163142,0.5869207200306396
2513,0.7595,1,0,1,584039,21571,77308,30648,0.19981288673163142,0.5869128095137786
2514,0.7597,0,1,0,584040,21570,77308,30648,0.19980362369854385,0.5869240491784442
2515,0.76,1561,2116,1561,586156,19454,78869,29087,0.1802030456852792,0.5992253970869986
2516,0.7605,1,1,1,586157,19453,78870,29086,0.18019378265219163,0.5992294855683059
2517,0.7607,0,1,0,586158,19452,78870,29086,0.1801845196191041,0.5992418311426099
2518,0.761,0,1,0,586159,19451,78870,29086,0.18017525658601652,0.5992541772256217
2519,0.7617,3,9,3,586168,19442,78873,29083,0.18009188928822853,0.5993405461102524
2520,0.762,2,7,2,586175,19435,78875,29081,0.18002704805661565,0.5994105037513398
2521,0.7621,0,1,0,586176,19434,78875,29081,0.1800177850235281,0.5994228589096156
2522,0.7625,13,10,13,586186,19424,78888,29068,0.17992515469265255,0.5994390827352966
2523,0.763,0,3,0,586189,19421,78888,29068,0.1798973655933899,0.5994761698529564
2524,0.7633,16,22,16,586211,19399,78904,29052,0.17969357886546372,0.5996161069946957
2525,0.7634,1,0,1,586211,19399,78905,29051,0.17969357886546372,0.5996078431372549
2526,0.7635,0,1,0,586212,19398,78905,29051,0.17968431583237615,0.5996202191995706
2527,0.7636,1,0,1,586212,19398,78906,29050,0.17968431583237615,0.5996119550858653
2528,0.7637,0,1,0,586213,19397,78906,29050,0.1796750527992886,0.5996243317439677
2529,0.764,0,6,0,586219,19391,78906,29050,0.17961947460076327,0.5996986024235668
2530,0.7642,1,1,1,586220,19390,78907,29049,0.17961021156767573,0.5997027188835442
2531,0.765,40,58,40,586278,19332,78947,29009,0.17907295564859757,0.6000910200450963
2532,0.7652,0,2,0,586280,19330,78947,29009,0.17905442958242246,0.6001158484867292
2533,0.7654,0,2,0,586282,19328,78947,29009,0.17903590351624735,0.6001406789829737
2534,0.7657,1,1,1,586283,19327,78948,29008,0.1790266404831598,0.6001448225923244
2535,0.766,5,4,5,586287,19323,78953,29003,0.17898958835080958,0.6001531266812896
2536,0.7662,1,0,1,586287,19323,78954,29002,0.17898958835080958,0.6001448525607863
2537,0.7667,30,19,30,586306,19304,78984,28972,0.17881359072214606,0.600132571049797
2538,0.767,0,2,0,586308,19302,78984,28972,0.17879506465597095,0.6001574346439077
2539,0.7675,6,13,6,586321,19289,78990,28966,0.17867464522583273,0.6002694021344939
2540,0.7677,0,1,0,586322,19288,78990,28966,0.1786653821927452,0.6002818419198408
2541,0.768,4,2,4,586324,19286,78994,28962,0.17864685612657008,0.6002735864699055
2542,0.7682,1,1,1,586325,19285,78995,28961,0.17863759309348254,0.6002777432325996
2543,0.7683,4,4,4,586329,19281,78999,28957,0.17860054096113231,0.6002943737302542
2544,0.7686,0,1,0,586330,19280,78999,28957,0.17859127792804477,0.6003068184173974
2545,0.7687,0,1,0,586331,19279,78999,28957,0.1785820148949572,0.6003192636205323
2546,0.7688,1,1,1,586332,19278,79000,28956,0.17857275186186966,0.6003234233113571
2547,0.769,2,1,2,586333,19277,79002,28954,0.1785634888287821,0.6003192967178785
2548,0.7692,3,4,3,586337,19273,79005,28951,0.17852643669643187,0.6003442269409422
2549,0.7693,0,3,0,586340,19270,79005,28951,0.1784986475971692,0.6003815764915701
2550,0.7696,0,1,0,586341,19269,79005,28951,0.17848938456408167,0.6003940273745334
2551,0.7698,0,1,0,586342,19268,79005,28951,0.1784801215309941,0.6004064787739273
2552,0.77,1636,1901,1636,588243,17367,80641,27315,0.1608710956315536,0.6113199946287096
2553,0.7703,1,2,1,588245,17365,80642,27314,0.1608525695653785,0.6113386602206853
2554,0.7707,0,1,0,588246,17364,80642,27314,0.16084330653229093,0.6113523434352478
2555,0.7708,1,0,1,588246,17364,80643,27313,0.16084330653229093,0.6113436443807776
2556,0.771,1,0,1,588246,17364,80644,27312,0.16084330653229093,0.6113349449368789
2557,0.7711,1,0,1,588246,17364,80645,27311,0.16084330653229093,0.6113262451035255
2558,0.7715,1,1,1,588247,17363,80646,27310,0.16083404349920338,0.6113312291540751
2559,0.7717,4,1,4,588248,17362,80650,27306,0.1608247804661158,0.6113101101459658
2560,0.7718,0,1,0,588249,17361,80650,27306,0.16081551743302827,0.6113237960910739
2561,0.772,0,2,0,588251,17359,80650,27306,0.16079699136685316,0.6113511698197694
2562,0.7723,0,1,0,588252,17358,80650,27306,0.16078772833376562,0.6113648576034391
2563,0.7725,7,9,7,588261,17349,80657,27299,0.16070436103597763,0.6114271635907543
2564,0.7727,1,0,1,588261,17349,80658,27298,0.16070436103597763,0.611418460366878
2565,0.7729,0,1,0,588262,17348,80658,27298,0.16069509800289006,0.6114321551762756
2566,0.773,0,2,0,588264,17346,80658,27298,0.16067657193671495,0.6114595466356061
2567,0.7733,19,15,19,588279,17331,80677,27279,0.16053762644040165,0.6114996637525218
2568,0.7736,1,0,1,588279,17331,80678,27278,0.16053762644040165,0.6114909547400749
2569,0.7737,0,1,0,588280,17330,80678,27278,0.16052836340731408,0.611504662840746
2570,0.774,3,4,3,588284,17326,80681,27275,0.16049131127496388,0.6115333736911729
2571,0.7742,1,2,1,588286,17324,80682,27274,0.16047278520878877,0.6115520875375577
2572,0.7743,1,2,1,588288,17322,80683,27273,0.16045425914261366,0.6115708039017828
2573,0.775,62,53,62,588341,17269,80745,27211,0.1599633183889733,0.6117580935251798
2574,0.7753,0,1,0,588342,17268,80745,27211,0.15995405535588572,0.6117718473886553
2575,0.7757,1,2,1,588344,17266,80746,27210,0.1599355292897106,0.6117906286536559
2576,0.7758,2,2,2,588346,17264,80748,27208,0.15991700322353553,0.6118006835761828
2577,0.7759,0,1,0,588347,17263,80748,27208,0.15990774019044796,0.6118144408715792
2578,0.776,5,7,5,588354,17256,80753,27203,0.15984289895883508,0.6118671135203221
2579,0.7762,0,1,0,588355,17255,80753,27203,0.15983363592574754,0.6118808763327185
2580,0.7763,1,0,1,588355,17255,80754,27202,0.15983363592574754,0.6118721461187214
2581,0.7767,16,17,16,588372,17238,80770,27186,0.1596761643632591,0.6119665045921123
2582,0.7771,1,0,1,588372,17238,80771,27185,0.1596761643632591,0.6119577696238435
2583,0.7773,0,1,0,588373,17237,80771,27185,0.15966690133017156,0.6119715456305435
2584,0.7774,0,1,0,588374,17236,80771,27185,0.159657638297084,0.6119853222574908
2585,0.7775,11,8,11,588382,17228,80782,27174,0.15958353403238357,0.6119994594838071
2586,0.7777,1,0,1,588382,17228,80783,27173,0.15958353403238357,0.6119907209297087
2587,0.778,2,2,2,588384,17226,80785,27171,0.15956500796620846,0.612000810865599
2588,0.7781,0,2,0,588386,17224,80785,27171,0.15954648190003334,0.6120283815745017
2589,0.7783,4,10,4,588396,17214,80789,27167,0.1594538515691578,0.612131317455668
2590,0.779,0,1,0,588397,17213,80789,27167,0.15944458853607024,0.6121451104100947
2591,0.7791,1,0,1,588397,17213,80790,27166,0.15944458853607024,0.6121363708060118
2592,0.7792,2,3,2,588400,17210,80792,27164,0.1594167994368076,0.6121602740343445
2593,0.7793,1,3,1,588403,17207,80793,27163,0.15938901033754493,0.61219292314627
2594,0.78,1602,1718,1602,590121,15489,82395,25561,0.14347511949312683,0.622679658952497
2595,0.7807,0,1,0,590122,15488,82395,25561,0.1434658564600393,0.6226948281322322
2596,0.7808,1,2,1,590124,15486,82396,25560,0.14344733039386418,0.6227159771963163
2597,0.781,1,1,1,590125,15485,82397,25559,0.1434380673607766,0.6227219569242763
2598,0.7812,1,1,1,590126,15484,82398,25558,0.14342880432768906,0.6227279372350275
2599,0.7815,0,1,0,590127,15483,82398,25558,0.1434195412946015,0.6227431105479886
2600,0.7817,2,5,2,590132,15478,82400,25556,0.14337322612916373,0.6228006043768582
2601,0.782,1,1,1,590133,15477,82401,25555,0.14336396309607619,0.6228065899785533
2602,0.7825,13,8,13,590141,15469,82414,25542,0.14328985883137574,0.6228085147887152
2603,0.7827,1,0,1,590141,15469,82415,25541,0.14328985883137574,0.6227993172396976
2604,0.7829,1,0,1,590141,15469,82416,25540,0.14328985883137574,0.6227901192421176
2605,0.783,2,1,2,590142,15468,82418,25538,0.1432805957982882,0.6227869092327952
2606,0.7833,25,20,25,590162,15448,82443,25513,0.1430953351365371,0.6228607700007324
2607,0.7835,0,1,0,590163,15447,82443,25513,0.14308607210344956,0.6228759765625
2608,0.784,2,3,2,590166,15444,82445,25511,0.14305828300418688,0.622903186424124
2609,0.7842,2,1,2,590167,15443,82447,25509,0.14304901997109934,0.6228999804649346
2610,0.7843,1,0,1,590167,15443,82448,25508,0.14304901997109934,0.6228907718981221
2611,0.7845,0,1,0,590168,15442,82448,25508,0.14303975693801177,0.6229059829059829
2612,0.7847,1,0,1,590168,15442,82449,25507,0.14303975693801177,0.622896774035996
2613,0.785,41,42,41,590210,15400,82490,25466,0.1426507095483345,0.6231586159643714
2614,0.7855,1,1,1,590211,15399,82491,25465,0.14264144651524696,0.6231646436961629
2615,0.7857,1,0,1,590211,15399,82492,25464,0.14264144651524696,0.6231554217752001
2616,0.7858,2,1,2,590212,15398,82494,25462,0.1426321834821594,0.6231522271169848
2617,0.786,7,3,7,590215,15395,82501,25455,0.14260439438289674,0.6231334149326805
2618,0.7863,1,0,1,590215,15395,82502,25454,0.14260439438289674,0.6231241890866361
2619,0.7865,0,1,0,590216,15394,82502,25454,0.14259513134980917,0.6231394437916177
2620,0.7867,23,20,23,590236,15374,82525,25431,0.1424098706880581,0.6232324470040437
2621,0.7868,1,1,1,590237,15373,82526,25430,0.14240060765497053,0.6232384873661251
2622,0.7871,1,1,1,590238,15372,82527,25429,0.142391344621883,0.6232445283203844
2623,0.7873,2,0,2,590238,15372,82529,25427,0.142391344621883,0.6232260594622417
2624,0.7875,8,9,8,590247,15363,82537,25419,0.142307977324095,0.6232896866264529
2625,0.7877,1,0,1,590247,15363,82538,25418,0.142307977324095,0.6232804492288075
2626,0.7878,0,3,0,590250,15360,82538,25418,0.14228018822483235,0.6233263033988916
2627,0.7879,1,0,1,590250,15360,82539,25417,0.14228018822483235,0.6233170659930843
2628,0.788,3,0,3,590250,15360,82542,25414,0.14228018822483235,0.6232893510570462
2629,0.7883,3,1,3,590251,15359,82545,25411,0.14227092519174478,0.6232769193034093
2630,0.7885,2,2,2,590253,15357,82547,25409,0.14225239912556967,0.6232890153559338
2631,0.7887,1,1,1,590254,15356,82548,25408,0.14224313609248213,0.6232950642723972
2632,0.789,2,1,2,590255,15355,82550,25406,0.14223387305939456,0.6232918721326759
2633,0.7892,1,1,1,590256,15354,82551,25405,0.142224610026307,0.6232979219313526
2634,0.79,1581,1599,1581,591855,13755,84132,23824,0.12741302011930786,0.6339711008808111
2635,0.7905,0,1,0,591856,13754,84132,23824,0.12740375708622032,0.6339879716855606
2636,0.7907,0,3,0,591859,13751,84132,23824,0.12737596798695766,0.6340385894876913
2637,0.7908,0,1,0,591860,13750,84132,23824,0.1273667049538701,0.6340554638846011
2638,0.791,1,2,1,591862,13748,84133,23823,0.12734817888769498,0.6340794761917437
2639,0.7911,0,1,0,591863,13747,84133,23823,0.12733891585460744,0.6340963534735161
2640,0.7912,0,1,0,591864,13746,84133,23823,0.12732965282151987,0.6341132316537571
2641,0.7913,2,0,2,591864,13746,84135,23821,0.12732965282151987,0.6340937524955413
2642,0.7917,3,6,3,591870,13740,84138,23818,0.12727407462299456,0.6341658235262794
2643,0.792,0,2,0,591872,13738,84138,23818,0.12725554855681945,0.6341995952710618
2644,0.7925,4,4,4,591876,13734,84142,23814,0.12721849642446922,0.6342281879194631
2645,0.7927,0,3,0,591879,13731,84142,23814,0.12719070732520657,0.6342788653615661
2646,0.793,3,0,3,591879,13731,84145,23811,0.12719070732520657,0.6342496404027489
2647,0.7931,1,0,1,591879,13731,84146,23810,0.12719070732520657,0.6342398977118351
2648,0.7932,1,0,1,591879,13731,84147,23809,0.12719070732520657,0.6342301545018647
2649,0.7933,22,19,22,591898,13712,84169,23787,0.12701470969654305,0.6343369156510841
2650,0.794,6,0,6,591898,13712,84175,23781,0.12701470969654305,0.6342783986344117
2651,0.7942,1,0,1,591898,13712,84176,23780,0.12701470969654305,0.6342686439773818
2652,0.7943,1,0,1,591898,13712,84177,23779,0.12701470969654305,0.6342588887999787
2653,0.7944,0,1,0,591899,13711,84177,23779,0.12700544666345548,0.6342758068818352
2654,0.7945,0,1,0,591900,13710,84177,23779,0.12699618363036794,0.6342927258662541
2655,0.7947,0,1,0,591901,13709,84177,23779,0.12698692059728037,0.6343096457533077
2656,0.795,45,35,45,591936,13674,84222,23734,0.12666271443921598,0.6344632164242943
2657,0.7952,0,1,0,591937,13673,84222,23734,0.1266534514061284,0.6344801775068838
2658,0.7957,1,0,1,591937,13673,84223,23733,0.1266534514061284,0.6344704058172486
2659,0.7958,1,1,1,591938,13672,84224,23732,0.12664418837304087,0.6344775959790396
2660,0.796,3,4,3,591942,13668,84227,23729,0.12660713624069064,0.6345161376581009
2661,0.7965,0,2,0,591944,13666,84227,23729,0.12658861017451553,0.6345500735392432
2662,0.7967,33,24,33,591968,13642,84260,23696,0.12636629738041424,0.6346349563447427
2663,0.7971,1,0,1,591968,13642,84261,23695,0.12636629738041424,0.6346251707421593
2664,0.7973,1,0,1,591968,13642,84262,23694,0.12636629738041424,0.6346153846153846
2665,0.7975,6,5,6,591973,13637,84268,23688,0.12631998221497648,0.6346416610850636
2666,0.7976,2,0,2,591973,13637,84270,23686,0.12631998221497648,0.634622082897945
2667,0.7977,0,2,0,591975,13635,84270,23686,0.12630145614880137,0.6346560917445941
2668,0.798,1,1,1,591976,13634,84271,23685,0.1262921931157138,0.6346633082344114
2669,0.7983,8,3,8,591979,13631,84279,23677,0.12626440401645114,0.634636003002037
2670,0.7985,1,1,1,591980,13630,84280,23676,0.1262551409833636,0.6346432209296092
2671,0.7986,1,0,1,591980,13630,84281,23675,0.1262551409833636,0.634633427154537
2672,0.7987,0,1,0,591981,13629,84281,23675,0.12624587795027603,0.6346504396311388
2673,0.799,1,0,1,591981,13629,84282,23674,0.12624587795027603,0.6346406455244886
2674,0.7992,1,2,1,591983,13627,84283,23673,0.12622735188410092,0.6346648793565683
2675,0.7998,0,1,0,591984,13626,84283,23673,0.12621808885101338,0.6346818949569694
2676,0.8,1532,1475,1532,593459,12151,85815,22141,0.11255511504687095,0.6456607955208212
2677,0.8008,0,3,0,593462,12148,85815,22141,0.11252732594760828,0.6457172854268133
2678,0.801,0,1,0,593463,12147,85815,22141,0.11251806291452073,0.6457361175921605
2679,0.8013,0,1,0,593464,12146,85815,22141,0.11250879988143318,0.6457549508560095
2680,0.8017,1,3,1,593467,12143,85816,22140,0.11248101078217052,0.6458011259224689
2681,0.8018,0,1,0,593468,12142,85816,22140,0.11247174774908296,0.6458199638294149
2682,0.802,2,0,2,593468,12142,85818,22138,0.11247174774908296,0.6457992998833139
2683,0.8025,8,5,8,593473,12137,85826,22130,0.1124254325836452,0.6458108384159688
2684,0.8033,16,19,16,593492,12118,85842,22114,0.11224943495498166,0.6460037391913999
2685,0.8037,0,1,0,593493,12117,85842,22114,0.1122401719218941,0.6460226110835208
2686,0.804,1,2,1,593495,12115,85843,22113,0.11222164585571899,0.646050017529508
2687,0.8042,1,3,1,593498,12112,85844,22112,0.11219385675645634,0.646096306685367
2688,0.8044,0,1,0,593499,12111,85844,22112,0.11218459372336878,0.6461151856938316
2689,0.8047,0,1,0,593500,12110,85844,22112,0.11217533069028122,0.6461340658056222
2690,0.805,44,41,44,593541,12069,85888,22068,0.1117955463336915,0.6464539941998418
2691,0.8051,1,0,1,593541,12069,85889,22067,0.1117955463336915,0.6464436372158425
2692,0.8053,1,1,1,593542,12068,85890,22066,0.11178628330060394,0.6464522177301225
2693,0.8056,0,1,0,593543,12067,85890,22066,0.11177702026751639,0.646471156944892
2694,0.8058,0,2,0,593545,12065,85890,22066,0.11175849420134129,0.6465090387038176
2695,0.806,4,2,4,593547,12063,85894,22062,0.11173996813516618,0.6465054945054945
2696,0.8061,0,1,0,593548,12062,85894,22062,0.11173070510207862,0.6465244402766381
2697,0.8065,1,0,1,593548,12062,85895,22061,0.11173070510207862,0.6465140814113648
2698,0.8067,30,21,30,593569,12041,85925,22031,0.11153618140723999,0.6466013148626438
2699,0.8068,1,0,1,593569,12041,85926,22030,0.11153618140723999,0.6465909424437205
2700,0.807,0,2,0,593571,12039,85926,22030,0.11151765534106488,0.646628900173178
2701,0.8074,1,0,1,593571,12039,85927,22029,0.11151765534106488,0.6466185276505811
2702,0.8075,9,7,9,593578,12032,85936,22020,0.111452814109452,0.6466580523904617
2703,0.808,2,2,2,593580,12030,85938,22018,0.11143428804327689,0.6466752819548872
2704,0.8082,0,1,0,593581,12029,85938,22018,0.11142502501018933,0.6466942755602549
2705,0.8083,2,2,2,593583,12027,85940,22016,0.11140649894401423,0.6467115119114062
2706,0.8086,1,0,1,593583,12027,85941,22015,0.11140649894401423,0.6467011338934258
2707,0.809,1,0,1,593583,12027,85942,22014,0.11140649894401423,0.646690755265709
2708,0.8092,2,3,2,593586,12024,85944,22012,0.11137870984475157,0.6467269949465272
2709,0.8095,1,0,1,593586,12024,85945,22011,0.11137870984475157,0.6467166152490084
2710,0.81,1522,1336,1522,594922,10688,87467,20489,0.09900329763977916,0.6571831799082657
2711,0.8103,0,1,0,594923,10687,87467,20489,0.09899403460669161,0.6572042596869386
2712,0.8115,0,1,0,594924,10686,87467,20489,0.09898477157360407,0.6572253408179631
2713,0.8117,4,6,4,594930,10680,87471,20485,0.09892919337507873,0.6573078774266004
2714,0.8118,1,0,1,594930,10680,87472,20484,0.09892919337507873,0.6572968810165576
2715,0.812,2,2,2,594932,10678,87474,20482,0.09891066730890363,0.6573170731707317
2716,0.8121,0,1,0,594933,10677,87474,20482,0.09890140427581608,0.6573381687473924
2717,0.8125,12,3,12,594936,10674,87486,20470,0.09887361517655341,0.6572694580015412
2718,0.8129,0,1,0,594937,10673,87486,20470,0.09886435214346585,0.6572905628873262
2719,0.813,0,1,0,594938,10672,87486,20470,0.0988550891103783,0.6573116691285081
2720,0.8133,16,15,16,594953,10657,87502,20454,0.09871614361406499,0.6574523480441001
2721,0.8138,0,1,0,594954,10656,87502,20454,0.09870688058097743,0.657473481195757
2722,0.814,4,2,4,594956,10654,87506,20450,0.09868835451480233,0.65747170781893
2723,0.8142,1,1,1,594957,10653,87507,20449,0.09867909148171478,0.6574818339656614
2724,0.8143,0,1,0,594958,10652,87507,20449,0.09866982844862722,0.6575029741808945
2725,0.8149,1,0,1,594958,10652,87508,20448,0.09866982844862722,0.657491961414791
2726,0.815,34,27,34,594985,10625,87542,20414,0.09841972655526325,0.6576887141982667
2727,0.8153,0,1,0,594986,10624,87542,20414,0.0984104635221757,0.657709903988659
2728,0.8157,0,1,0,594987,10623,87542,20414,0.09840120048908815,0.6577310951445049
2729,0.8158,3,1,3,594988,10622,87545,20411,0.0983919374560006,0.6577192021396577
2730,0.816,7,3,7,594991,10619,87552,20404,0.09836414835673793,0.6577055732843374
2731,0.8167,15,13,15,595004,10606,87567,20389,0.09824372892659973,0.6578157767381836
2732,0.817,3,1,3,595005,10605,87570,20386,0.09823446589351217,0.6578038785453841
2733,0.8171,2,1,2,595006,10604,87572,20384,0.09822520286042462,0.6578030205240738
2734,0.8173,1,0,1,595006,10604,87573,20383,0.09822520286042462,0.6577919772807952
2735,0.8175,6,5,6,595011,10599,87579,20377,0.09817888769498685,0.6578318698347108
2736,0.818,1,1,1,595012,10598,87580,20376,0.0981696246618993,0.6578420610834894
2737,0.8183,2,6,2,595018,10592,87582,20374,0.09811404646337396,0.657947426209391
2738,0.8185,1,1,1,595019,10591,87583,20373,0.09810478343028642,0.6579576282134091
2739,0.8186,0,1,0,595020,10590,87583,20373,0.09809552039719886,0.6579788780156961
2740,0.8188,0,2,0,595022,10588,87583,20373,0.09807699433102375,0.6580213817383159
2741,0.8192,1,0,1,595022,10588,87584,20372,0.09807699433102375,0.6580103359173126
2742,0.8193,1,0,1,595022,10588,87585,20371,0.09807699433102375,0.657999289382732
2743,0.8196,1,0,1,595022,10588,87586,20370,0.09807699433102375,0.6579882421345048
2744,0.82,1522,1201,1522,596223,9387,89108,18848,0.08695209159287116,0.6675402868779883
2745,0.8203,0,1,0,596224,9386,89108,18848,0.08694282855978362,0.6675639300134589
2746,0.8208,1,1,1,596225,9385,89109,18847,0.08693356552669607,0.6675758005100595
2747,0.821,1,0,1,596225,9385,89110,18846,0.08693356552669607,0.6675640253621905
2748,0.8212,1,0,1,596225,9385,89111,18845,0.08693356552669607,0.667552249380092
2749,0.8213,1,0,1,596225,9385,89112,18844,0.08693356552669607,0.6675404725636757
2750,0.8217,5,2,5,596227,9383,89117,18839,0.08691503946052095,0.6675288781801432
2751,0.8218,0,1,0,596228,9382,89117,18839,0.0869057764274334,0.6675525318025584
2752,0.822,2,0,2,596228,9382,89119,18837,0.0869057764274334,0.6675289698430136
2753,0.8223,0,1,0,596229,9381,89119,18837,0.08689651339434584,0.6675526259834148
2754,0.8225,10,3,10,596232,9378,89129,18827,0.08686872429508319,0.6675057613898245
2755,0.8226,1,0,1,596232,9378,89130,18826,0.08686872429508319,0.6674939724861721
2756,0.8229,1,0,1,596232,9378,89131,18825,0.08686872429508319,0.6674821827465163
2757,0.823,0,1,0,596233,9377,89131,18825,0.08685946126199563,0.6675058506488901
2758,0.8233,14,22,14,596255,9355,89145,18811,0.08665567453406943,0.6678619612298516
2759,0.824,5,1,5,596256,9354,89150,18806,0.08664641150098189,0.6678267045454546
2760,0.8242,0,1,0,596257,9353,89150,18806,0.08663714846789433,0.6678504208246031
2761,0.8243,1,2,1,596259,9351,89151,18805,0.08661862240171922,0.6678860633612729
2762,0.8244,0,2,0,596261,9349,89151,18805,0.08660009633554411,0.6679335085600625
2763,0.8247,2,0,2,596261,9349,89153,18803,0.08660009633554411,0.6679099175902244
2764,0.825,48,31,48,596292,9318,89201,18755,0.08631294230982993,0.6680796494852705
2765,0.8255,1,1,1,596293,9317,89202,18754,0.08630367927674237,0.6680916248085212
2766,0.8258,0,1,0,596294,9316,89202,18754,0.08629441624365482,0.6681154257214108
2767,0.826,5,2,5,596296,9314,89207,18749,0.08627589017747972,0.6681039090617539
2768,0.8263,2,0,2,596296,9314,89209,18747,0.08627589017747972,0.668080253732939
2769,0.8265,1,0,1,596296,9314,89210,18746,0.08627589017747972,0.6680684248039914
2770,0.8267,19,10,19,596306,9304,89229,18727,0.08618325984660417,0.6680817666155328
2771,0.8269,1,0,1,596306,9304,89230,18726,0.08618325984660417,0.6680699250802712
2772,0.8273,1,0,1,596306,9304,89231,18725,0.08618325984660417,0.6680580827000606
2773,0.8275,7,7,7,596313,9297,89238,18718,0.0861184186149913,0.6681420667499554
2774,0.8277,2,0,2,596313,9297,89240,18716,0.0861184186149913,0.6681183736122515
2775,0.828,2,0,2,596313,9297,89242,18714,0.0861184186149913,0.6680946770911428
2776,0.8283,3,1,3,596314,9296,89245,18711,0.08610915558190374,0.6680829792551862
2777,0.8285,1,0,1,596314,9296,89246,18710,0.08610915558190374,0.6680711276155109
2778,0.8287,0,1,0,596315,9295,89246,18710,0.08609989254881618,0.668094983038743
2779,0.8288,0,1,0,596316,9294,89246,18710,0.08609062951572863,0.6681188401656906
2780,0.829,1,1,1,596317,9293,89247,18709,0.08608136648264107,0.6681308477965859
2781,0.8292,1,1,1,596318,9292,89248,18708,0.08607210344955352,0.6681428571428571
2782,0.8297,1,0,1,596318,9292,89249,18707,0.08607210344955352,0.6681310046787385
2783,0.8298,1,0,1,596318,9292,89250,18706,0.08607210344955352,0.6681191513679549
2784,0.83,1549,1123,1549,597441,8169,90799,17157,0.07566971729223017,0.6774461028192371
2785,0.8302,0,1,0,597442,8168,90799,17157,0.07566045425914261,0.6774728529121421
2786,0.8305,1,1,1,597443,8167,90800,17156,0.07565119122605506,0.677486869644197
2787,0.8306,1,0,1,597443,8167,90801,17155,0.07565119122605506,0.677474133164837
2788,0.8307,0,1,0,597444,8166,90801,17155,0.0756419281929675,0.677500888590498
2789,0.8308,1,2,1,597446,8164,90802,17154,0.0756234021267924,0.6775416699581326
2790,0.831,1,1,1,597447,8163,90803,17153,0.07561413909370485,0.6775556960025281
2791,0.8317,2,1,2,597448,8162,90805,17151,0.07560487606061729,0.6775569865286611
2792,0.832,2,5,2,597453,8157,90807,17149,0.07555856089517951,0.6776653758002055
2793,0.8321,1,0,1,597453,8157,90808,17148,0.07555856089517951,0.677652637818613
2794,0.8323,0,1,0,597454,8156,90808,17148,0.07554929786209197,0.6776794182737907
2795,0.8325,4,2,4,597456,8154,90812,17144,0.07553077179591686,0.6776820302000158
2796,0.833,1,0,1,597456,8154,90813,17143,0.07553077179591686,0.6776692888484801
2797,0.8333,13,14,13,597470,8140,90826,17130,0.0754010893326911,0.6778789077958053
2798,0.8336,1,0,1,597470,8140,90827,17129,0.0754010893326911,0.6778661601171396
2799,0.834,0,2,0,597472,8138,90827,17129,0.07538256326651599,0.6779198163612618
2800,0.8342,1,0,1,597472,8138,90828,17128,0.07538256326651599,0.6779070687880947
2801,0.8343,1,0,1,597472,8138,90829,17127,0.07538256326651599,0.6778943202058183
2802,0.835,50,27,50,597499,8111,90879,17077,0.07513246137315202,0.6779815785294585
2803,0.8355,1,0,1,597499,8111,90880,17076,0.07513246137315202,0.6779687934251797
2804,0.8357,0,1,0,597500,8110,90880,17076,0.07512319834006446,0.6779957119034384
2805,0.8358,3,1,3,597501,8109,90883,17073,0.07511393530697692,0.6779842744817727
2806,0.836,5,1,5,597502,8108,90888,17068,0.07510467227388937,0.6779472513504925
2807,0.8365,0,1,0,597503,8107,90888,17068,0.07509540924080181,0.677974180734856
2808,0.8367,17,6,17,597509,8101,90905,17051,0.07503983104227649,0.6779182569974554
2809,0.8371,1,0,1,597509,8101,90906,17050,0.07503983104227649,0.6779054510755039
2810,0.8372,1,2,1,597511,8099,90907,17049,0.07502130497610138,0.6779465563861937
2811,0.8375,18,5,18,597516,8094,90925,17031,0.0749749898106636,0.6778507462686567
2812,0.8378,1,1,1,597517,8093,90926,17030,0.07496572677757606,0.6778649046690284
2813,0.838,1,0,1,597517,8093,90927,17029,0.07496572677757606,0.6778520818406177
2814,0.8381,0,1,0,597518,8092,90927,17029,0.0749564637444885,0.6778790653238327
2815,0.8382,1,0,1,597518,8092,90928,17028,0.0749564637444885,0.6778662420382165
2816,0.8383,4,3,4,597521,8089,90932,17024,0.07492867464522583,0.6778959104846095
2817,0.8388,0,1,0,597522,8088,90932,17024,0.07491941161213828,0.6779229053838802
2818,0.8392,1,2,1,597524,8086,90933,17023,0.07490088554596316,0.6779640766259111
2819,0.8397,0,1,0,597525,8085,90933,17023,0.07489162251287562,0.6779910785407042
2820,0.84,1532,997,1532,598522,7088,92465,15491,0.06565637852458409,0.6860799858275388
2821,0.8403,1,0,1,598522,7088,92466,15490,0.06565637852458409,0.6860660820267517
2822,0.8407,0,2,0,598524,7086,92466,15490,0.06563785245840899,0.6861268603827073
2823,0.8408,0,1,0,598525,7085,92466,15490,0.06562858942532143,0.6861572535991141
2824,0.841,0,1,0,598526,7084,92466,15490,0.06561932639223388,0.6861876495082838
2825,0.8412,1,0,1,598526,7084,92467,15489,0.06561932639223388,0.6861737473973331
2826,0.8417,1,2,1,598528,7082,92468,15488,0.06560080032605876,0.6862206468763846
2827,0.8422,3,0,3,598528,7082,92471,15485,0.06560080032605876,0.6861789338414499
2828,0.8425,4,4,4,598532,7078,92475,15481,0.06556374819370855,0.6862449576665632
2829,0.8427,0,2,0,598534,7076,92475,15481,0.06554522212753344,0.6863058030766502
2830,0.843,1,2,1,598536,7074,92476,15480,0.06552669606135833,0.6863527533918595
2831,0.8432,1,0,1,598536,7074,92477,15479,0.06552669606135833,0.6863388462732231
2832,0.8433,15,9,15,598545,7065,92492,15464,0.06544332876357034,0.6864041901549115
2833,0.8437,1,0,1,598545,7065,92493,15463,0.06544332876357034,0.6863902698863636
2834,0.844,1,1,1,598546,7064,92494,15462,0.06543406573048278,0.6864068187871792
2835,0.8442,2,0,2,598546,7064,92496,15460,0.06543406573048278,0.6863789735393359
2836,0.8445,2,0,2,598546,7064,92498,15458,0.06543406573048278,0.6863511233460616
2837,0.8447,1,1,1,598547,7063,92499,15457,0.06542480269739523,0.6863676731793961
2838,0.845,38,21,38,598568,7042,92537,15419,0.0652302790025566,0.6864787854503361
2839,0.8457,0,1,0,598569,7041,92537,15419,0.06522101596946904,0.6865093499554764
2840,0.8458,1,0,1,598569,7041,92538,15418,0.06522101596946904,0.6864953916024756
2841,0.846,4,2,4,598571,7039,92542,15414,0.06520248990329393,0.6865006903309134
2842,0.8461,0,1,0,598572,7038,92542,15414,0.06519322687020639,0.6865312667022982
2843,0.8467,14,7,14,598579,7031,92556,15400,0.0651283856385935,0.686549864027462
2844,0.847,0,1,0,598580,7030,92556,15400,0.06511912260550595,0.6865804725813642
2845,0.8471,1,1,1,598581,7029,92557,15399,0.0651098595724184,0.6865971107544141
2846,0.8473,0,1,0,598582,7028,92557,15399,0.06510059653933084,0.6866277255094306
2847,0.8475,7,6,7,598588,7022,92564,15392,0.06504501834080552,0.6867136611046667
2848,0.8478,0,1,0,598589,7021,92564,15392,0.06503575530771796,0.6867443001829295
2849,0.848,2,2,2,598591,7019,92566,15390,0.06501722924154285,0.6867776339863447
2850,0.8483,5,1,5,598592,7018,92571,15385,0.0650079662084553,0.686738383252243
2851,0.8484,0,3,0,598595,7015,92571,15385,0.06498017710919263,0.6868303571428571
2852,0.8486,1,0,1,598595,7015,92572,15384,0.06498017710919263,0.6868163757310595
2853,0.8496,0,1,0,598596,7014,92572,15384,0.06497091407610509,0.6868470399142781
2854,0.8497,0,1,0,598597,7013,92572,15384,0.06496165104301753,0.6868777068357369
2855,0.85,1454,934,1454,599531,6079,94026,13930,0.05630997813924191,0.69618671597781
2856,0.8505,1,0,1,599531,6079,94027,13929,0.05630997813924191,0.696171531387445
2857,0.8507,1,2,1,599533,6077,94028,13928,0.05629145207306681,0.6962259435141215
2858,0.8508,1,2,1,599535,6075,94029,13927,0.056272926006891696,0.6962803719628037
2859,0.8513,1,1,1,599536,6074,94030,13926,0.05626366297380414,0.6963
2860,0.8516,0,1,0,599537,6073,94030,13926,0.05625439994071659,0.6963348167408371
2861,0.8517,1,3,1,599540,6070,94031,13925,0.056226610841453924,0.6964241060265066
2862,0.8518,1,2,1,599542,6068,94032,13924,0.05620808477527882,0.6964785914365746
2863,0.852,1,1,1,599543,6067,94033,13923,0.05619882174219126,0.6964982491245623
2864,0.8523,2,0,2,599543,6067,94035,13921,0.05619882174219126,0.696467880728437
2865,0.8525,10,0,10,599543,6067,94045,13911,0.05619882174219126,0.6963159475422965
2866,0.853,0,1,0,599544,6066,94045,13911,0.05618955870910371,0.6963508034239375
2867,0.8533,10,9,10,599553,6057,94055,13901,0.056106191411315724,0.6965126766209039
2868,0.854,5,2,5,599555,6055,94060,13896,0.05608766534514061,0.6965064407799108
2869,0.8548,0,2,0,599557,6053,94060,13896,0.05606913927896551,0.6965762694871923
2870,0.855,31,15,31,599572,6038,94091,13865,0.05593019378265219,0.6966286489473948
2871,0.8558,0,2,0,599574,6036,94091,13865,0.055911667716477084,0.6966986583588765
2872,0.856,1,3,1,599577,6033,94092,13864,0.05588387861721442,0.6967884605719455
2873,0.8563,1,0,1,599577,6033,94093,13863,0.05588387861721442,0.696773220747889
2874,0.8567,20,11,20,599588,6022,94113,13843,0.05578198525325132,0.6968537628995721
2875,0.8568,1,0,1,599588,6022,94114,13842,0.05578198525325132,0.6968385018123238
2876,0.8571,1,0,1,599588,6022,94115,13841,0.05578198525325132,0.6968232391884408
2877,0.8572,0,1,0,599589,6021,94115,13841,0.05577272222016377,0.6968583224247307
2878,0.8573,1,0,1,599589,6021,94116,13840,0.05577272222016377,0.69684305926187
2879,0.8575,3,3,3,599592,6018,94119,13837,0.055744933120901105,0.6969025434399395
2880,0.8576,1,0,1,599592,6018,94120,13836,0.055744933120901105,0.6968872771229979
2881,0.8578,1,0,1,599592,6018,94121,13835,0.055744933120901105,0.6968720092681207
2882,0.8579,1,0,1,599592,6018,94122,13834,0.055744933120901105,0.6968567398750756
2883,0.858,0,1,0,599593,6017,94122,13834,0.055735670087813556,0.696891844239585
2884,0.8582,1,1,1,599594,6016,94123,13833,0.055726407054726,0.696911683208222
2885,0.8583,7,1,7,599595,6015,94130,13826,0.055717144021638444,0.6968398770223275
2886,0.8585,1,0,1,599595,6015,94131,13825,0.055717144021638444,0.6968245967741935
2887,0.8595,0,1,0,599596,6014,94131,13825,0.05570788098855089,0.696859720752054
2888,0.8597,0,1,0,599597,6013,94131,13825,0.05569861795546334,0.696894848270995
2889,0.86,1394,858,1394,600455,5155,95525,12431,0.04775093556634184,0.7068691004207892
2890,0.8601,0,2,0,600457,5153,95525,12431,0.04773240950016674,0.7069494995450409
2891,0.8603,0,2,0,600459,5151,95525,12431,0.047713883433991626,0.7070299169605279
2892,0.8604,1,0,1,600459,5151,95526,12430,0.047713883433991626,0.7070132529435186
2893,0.8608,1,0,1,600459,5151,95527,12429,0.047713883433991626,0.7069965870307168
2894,0.8609,1,0,1,600459,5151,95528,12428,0.047713883433991626,0.7069799192217987
2895,0.8612,2,0,2,600459,5151,95530,12426,0.047713883433991626,0.7069465779143198
2896,0.8617,4,3,4,600462,5148,95534,12422,0.047686094334728965,0.7070005691519635
2897,0.8625,9,2,9,600464,5146,95543,12413,0.04766756826855385,0.7069309186172333
2898,0.8627,1,0,1,600464,5146,95544,12412,0.04766756826855385,0.7069142271329308
2899,0.8633,10,5,10,600469,5141,95554,12402,0.04762125310311609,0.7069486404833837
2900,0.8635,1,0,1,600469,5141,95555,12401,0.04762125310311609,0.7069319347850872
2901,0.864,2,3,2,600472,5138,95557,12399,0.04759346400385342,0.7070194446028397
2902,0.8643,1,2,1,600474,5136,95558,12398,0.047574937937678315,0.7070833808600433
2903,0.8647,1,0,1,600474,5136,95559,12397,0.047574937937678315,0.7070666742713739
2904,0.8648,0,1,0,600475,5135,95559,12397,0.04756567490459076,0.7071070043349305
2905,0.8649,0,1,0,600476,5134,95559,12397,0.0475564118715032,0.7071473389994867
2906,0.865,33,20,33,600496,5114,95592,12364,0.04737115120975212,0.707403593088454
2907,0.8657,2,0,2,600496,5114,95594,12362,0.04737115120975212,0.7073701075761044
2908,0.8658,2,0,2,600496,5114,95596,12360,0.04737115120975212,0.707336614398535
2909,0.866,3,1,3,600497,5113,95599,12357,0.04736188817666457,0.7073268460217516
2910,0.8663,0,1,0,600498,5112,95599,12357,0.047352625143577014,0.7073673364245234
2911,0.8665,0,1,0,600499,5111,95599,12357,0.04734336211048946,0.707407831463247
2912,0.8667,15,4,15,600503,5107,95614,12342,0.04730630997813924,0.7073184709725485
2913,0.8672,1,0,1,600503,5107,95615,12341,0.04730630997813924,0.7073016964695094
2914,0.8673,1,0,1,600503,5107,95616,12340,0.04730630997813924,0.7072849200435605
2915,0.8675,8,1,8,600504,5106,95624,12332,0.047297046945051685,0.7071911916504187
2916,0.8677,1,0,1,600504,5106,95625,12331,0.047297046945051685,0.7071743992659287
2917,0.868,0,2,0,600506,5104,95625,12331,0.04727852087887658,0.7072555205047318
2918,0.8683,1,1,1,600507,5103,95626,12330,0.047269257845789024,0.7072792978833248
2919,0.8686,1,0,1,600507,5103,95627,12329,0.047269257845789024,0.7072625057365765
2920,0.869,0,1,0,600508,5102,95627,12329,0.04725999481270147,0.7073030807182605
2921,0.8692,1,0,1,600508,5102,95628,12328,0.04725999481270147,0.7072862880091796
2922,0.8693,1,2,1,600510,5100,95629,12327,0.04724146874652636,0.7073506627646755
2923,0.87,1340,753,1340,601263,4347,96969,10987,0.04026640483159806,0.716512325551063
2924,0.8703,1,0,1,601263,4347,96970,10986,0.04026640483159806,0.7164938368225396
2925,0.8707,0,1,0,601264,4346,96970,10986,0.040257141798510504,0.7165405687451083
2926,0.8708,0,1,0,601265,4345,96970,10986,0.04024787876542295,0.7165873067640728
2927,0.8715,1,0,1,601265,4345,96971,10985,0.04024787876542295,0.7165688193085453
2928,0.8717,4,1,4,601266,4344,96975,10981,0.0402386157323354,0.7165415986949429
2929,0.872,1,0,1,601266,4344,96976,10980,0.0402386157323354,0.716523101018011
2930,0.8725,5,1,5,601267,4343,96981,10975,0.04022935269924784,0.7164773469121295
2931,0.8727,1,0,1,601267,4343,96982,10974,0.04022935269924784,0.716458836586799
2932,0.873,2,0,2,601267,4343,96984,10972,0.04022935269924784,0.7164218086842964
2933,0.8733,15,5,15,601272,4338,96999,10957,0.04018303753381007,0.7163779012749264
2934,0.8737,0,1,0,601273,4337,96999,10957,0.040173774500722514,0.7164247417287826
2935,0.874,3,2,3,601275,4335,97002,10954,0.04015524843454741,0.7164628164039506
2936,0.8742,0,1,0,601276,4334,97002,10954,0.040145985401459854,0.7165096807953951
2937,0.8747,0,1,0,601277,4333,97002,10954,0.0401367223683723,0.7165565513181135
2938,0.875,29,15,29,601292,4318,97031,10925,0.039997776872058986,0.7167224299678541
2939,0.8756,0,2,0,601294,4316,97031,10925,0.03997925080588388,0.7168164818581458
2940,0.876,5,0,5,601294,4316,97036,10920,0.03997925080588388,0.7167235494880546
2941,0.8763,1,0,1,601294,4316,97037,10919,0.03997925080588388,0.7167049556941254
2942,0.8767,7,8,7,601302,4308,97044,10912,0.03990514654118345,0.7169513797634691
2943,0.877,1,1,1,601303,4307,97045,10911,0.03989588350809589,0.7169798922328822
2944,0.8771,0,1,0,601304,4306,97045,10911,0.039886620475008336,0.7170270092659525
2945,0.8775,5,4,5,601308,4302,97050,10906,0.03984956834265812,0.7171225670699631
2946,0.878,5,1,5,601309,4301,97055,10901,0.03984030530957056,0.7170767004341534
2947,0.8783,1,0,1,601309,4301,97056,10900,0.03984030530957056,0.7170580882836656
2948,0.8792,2,0,2,601309,4301,97058,10898,0.03984030530957056,0.7170208566353049
2949,0.8793,1,0,1,601309,4301,97059,10897,0.03984030530957056,0.7170022371364653
2950,0.88,1360,657,1360,601966,3644,98419,9537,0.03375449257104746,0.7235414611941431
2951,0.8805,0,2,0,601968,3642,98419,9537,0.03373596650487236,0.7236512633735488
2952,0.8808,0,1,0,601969,3641,98419,9537,0.0337267034717848,0.7237061769616027
2953,0.881,1,0,1,601969,3641,98420,9536,0.0337267034717848,0.7236852090764211
2954,0.8813,1,0,1,601969,3641,98421,9535,0.0337267034717848,0.7236642380085003
2955,0.8817,3,1,3,601970,3640,98424,9532,0.033717440438697246,0.7236562405101731
2956,0.882,1,1,1,601971,3639,98425,9531,0.03370817740560969,0.7236902050113895
2957,0.8825,7,0,7,601971,3639,98432,9524,0.03370817740560969,0.7235432652130973
2958,0.883,2,2,2,601973,3637,98434,9522,0.033689651339434586,0.7236112166578007
2959,0.8832,0,1,0,601974,3636,98434,9522,0.03368038830634703,0.7236662106703147
2960,0.8833,9,4,9,601978,3632,98443,9513,0.03364333617399681,0.7236972232788133
2961,0.884,2,1,2,601979,3631,98445,9511,0.03363407314090926,0.7237102419723025
2962,0.8845,1,0,1,601979,3631,98446,9510,0.03363407314090926,0.7236892169545697
2963,0.885,40,21,40,602000,3610,98486,9470,0.033439549446070624,0.7240061162079511
2964,0.8852,1,1,1,602001,3609,98487,9469,0.03343028641298307,0.724040373145741
2965,0.8853,1,0,1,602001,3609,98488,9468,0.03343028641298307,0.7240192704748796
2966,0.8857,1,0,1,602001,3609,98489,9467,0.03343028641298307,0.723998164576323
2967,0.886,4,0,4,602001,3609,98493,9463,0.03343028641298307,0.7239137086903304
2968,0.8867,13,9,13,602010,3600,98506,9450,0.03334691911519508,0.7241379310344828
2969,0.887,2,0,2,602010,3600,98508,9448,0.03334691911519508,0.724095646842428
2970,0.8871,1,0,1,602010,3600,98509,9447,0.03334691911519508,0.724074499885031
2971,0.8875,7,4,7,602014,3596,98516,9440,0.03330986698284486,0.7241485118134398
2972,0.8877,1,0,1,602014,3596,98517,9439,0.03330986698284486,0.7241273494438052
2973,0.888,1,2,1,602016,3594,98518,9438,0.03329134091666976,0.7242173112338858
2974,0.8883,2,3,2,602019,3591,98520,9436,0.03326355181740709,0.7243417517463729
2975,0.8893,0,1,0,602020,3590,98520,9436,0.03325428878431954,0.724397359127898
2976,0.89,1320,603,1320,602623,2987,99840,8116,0.02766867983252436,0.7309736107358371
2977,0.8908,1,0,1,602623,2987,99841,8115,0.02766867983252436,0.7309493784903621
2978,0.8914,1,0,1,602623,2987,99842,8114,0.02766867983252436,0.73092514187911
2979,0.8916,2,0,2,602623,2987,99844,8112,0.02766867983252436,0.7308766555545545
2980,0.8917,1,2,1,602625,2985,99845,8111,0.027650153766349255,0.7309841384282625
2981,0.8921,1,0,1,602625,2985,99846,8110,0.027650153766349255,0.7309598918431726
2982,0.8923,1,1,1,602626,2984,99847,8109,0.0276408907332617,0.7310015324979717
2983,0.8925,9,1,9,602627,2983,99856,8100,0.027631627700174147,0.730849048091672
2984,0.8927,0,1,0,602628,2982,99856,8100,0.02762236466708659,0.7309149972929074
2985,0.893,1,0,1,602628,2982,99857,8099,0.02762236466708659,0.7308907138344914
2986,0.8933,4,5,4,602633,2977,99861,8095,0.02757604950164882,0.7311235549132948
2987,0.894,2,0,2,602633,2977,99863,8093,0.02757604950164882,0.7310749774164408
2988,0.8942,1,0,1,602633,2977,99864,8092,0.02757604950164882,0.7310506820851025
2989,0.8943,0,1,0,602634,2976,99864,8092,0.027566786468561266,0.7311167329237441
2990,0.8947,1,0,1,602634,2976,99865,8091,0.027566786468561266,0.7310924369747899
2991,0.895,25,14,25,602648,2962,99890,8066,0.027437104005335507,0.7314109539354371
2992,0.8958,0,2,0,602650,2960,99890,8066,0.0274185779391604,0.7315436241610739
2993,0.896,3,0,3,602650,2960,99893,8063,0.0274185779391604,0.7314705615531162
2994,0.8967,14,3,14,602653,2957,99907,8049,0.027390788839897737,0.7313283663456297
2995,0.897,0,1,0,602654,2956,99907,8049,0.02738152580681018,0.7313948205361199
2996,0.8971,1,0,1,602654,2956,99908,8048,0.02738152580681018,0.7313704107597238
2997,0.8975,3,5,3,602659,2951,99911,8045,0.027335210641372412,0.7316296835212804
2998,0.8992,1,1,1,602660,2950,99912,8044,0.027325947608284856,0.7316718209932691
2999,0.8999,0,1,0,602661,2949,99912,8044,0.027316684575197304,0.7317383789684344
3000,0.9,1227,584,1227,603245,2365,101139,6817,0.021907073252065656,0.7424308429536048
3001,0.9007,0,1,0,603246,2364,101139,6817,0.021897810218978103,0.7425117089641651
3002,0.9013,1,0,1,603246,2364,101140,6816,0.021897810218978103,0.742483660130719
3003,0.9017,1,2,1,603248,2362,101141,6815,0.021879284152802995,0.7426174130979623
3004,0.9023,1,0,1,603248,2362,101142,6814,0.021879284152802995,0.7425893635571055
3005,0.9025,1,0,1,603248,2362,101143,6813,0.021879284152802995,0.7425613079019073
3006,0.9033,9,4,9,603252,2358,101152,6804,0.021842232020452778,0.7426326129666012
3007,0.9038,1,0,1,603252,2358,101153,6803,0.021842232020452778,0.7426045191572972
3008,0.9047,1,0,1,603252,2358,101154,6802,0.021842232020452778,0.7425764192139738
3009,0.905,33,11,33,603263,2347,101187,6769,0.02174033865648968,0.7425405879771829
3010,0.9052,1,0,1,603263,2347,101188,6768,0.02174033865648968,0.7425123422929237
3011,0.9056,0,1,0,603264,2346,101188,6768,0.021731075623402128,0.7425938117182357
3012,0.9058,0,1,0,603265,2345,101188,6768,0.02172181259031457,0.7426752990233731
3013,0.906,2,0,2,603265,2345,101190,6766,0.02172181259031457,0.7426188124245418
3014,0.9064,1,0,1,603265,2345,101191,6765,0.02172181259031457,0.7425905598243688
3015,0.9067,8,6,8,603271,2339,101199,6757,0.021666234391789246,0.742854001759015
3016,0.9069,0,1,0,603272,2338,101199,6757,0.021656971358701694,0.742935678944475
3017,0.907,1,0,1,603272,2338,101200,6756,0.021656971358701694,0.7429074114800968
3018,0.9071,1,0,1,603272,2338,101201,6755,0.021656971358701694,0.7428791377983064
3019,0.9075,2,1,2,603273,2337,101203,6753,0.021647708325614138,0.7429042904290429
3020,0.908,3,0,3,603273,2337,101206,6750,0.021647708325614138,0.7428194123473093
3021,0.9083,4,3,4,603276,2334,101210,6746,0.021619919226351477,0.7429515418502203
3022,0.9096,0,1,0,603277,2333,101210,6746,0.02161065619326392,0.7430333737195727
3023,0.91,1134,480,1134,603757,1853,102344,5612,0.01716440031123791,0.7517749497655727
3024,0.9103,1,0,1,603757,1853,102345,5611,0.01716440031123791,0.7517416934619507
3025,0.9108,1,0,1,603757,1853,102346,5610,0.01716440031123791,0.7517084282460137
3026,0.9117,1,1,1,603758,1852,102347,5609,0.017155137278150358,0.751775901353706
3027,0.9123,1,0,1,603758,1852,102348,5608,0.017155137278150358,0.7517426273458445
3028,0.9125,3,3,3,603761,1849,102351,5605,0.017127348178887693,0.7519452642876308
3029,0.913,0,1,0,603762,1848,102351,5605,0.01711808514580014,0.7520461559103717
3030,0.9133,6,5,6,603767,1843,102357,5599,0.017071769980362368,0.7523515184090298
3031,0.914,1,0,1,603767,1843,102358,5598,0.017071769980362368,0.7523182367961295
3032,0.9142,1,1,1,603768,1842,102359,5597,0.017062506947274816,0.752386073396962
3033,0.9143,0,1,0,603769,1841,102359,5597,0.01705324391418726,0.752487227749395
3034,0.9147,1,0,1,603769,1841,102360,5596,0.01705324391418726,0.7524539464837973
3035,0.915,19,6,19,603775,1835,102379,5577,0.016997665715661938,0.7524284943335132
3036,0.9152,1,0,1,603775,1835,102380,5576,0.016997665715661938,0.7523950883821346
3037,0.9153,1,0,1,603775,1835,102381,5575,0.016997665715661938,0.752361673414305
3038,0.9158,1,0,1,603775,1835,102382,5574,0.016997665715661938,0.7523282494263733
3039,0.916,1,1,1,603776,1834,102383,5573,0.016988402682574382,0.7523963818009991
3040,0.9167,14,5,14,603781,1829,102397,5559,0.016942087517136613,0.7524363833243097
3041,0.9175,1,2,1,603783,1827,102398,5558,0.016923561450961504,0.75260663507109
3042,0.918,0,2,0,603785,1825,102398,5558,0.016905035384786396,0.7528105106325342
3043,0.9183,1,0,1,603785,1825,102399,5557,0.016905035384786396,0.7527770251964238
3044,0.9188,0,2,0,603787,1823,102399,5557,0.016886509318611288,0.7529810298102981
3045,0.9192,1,0,1,603787,1823,102400,5556,0.016886509318611288,0.752947553869088
3046,0.9195,2,0,2,603787,1823,102402,5554,0.016886509318611288,0.7528805747593873
3047,0.92,1081,436,1081,604223,1387,103483,4473,0.01284782689243766,0.7633105802047782
3048,0.9203,0,1,0,604224,1386,103483,4473,0.012838563859350106,0.7634408602150538
3049,0.9208,0,1,0,604225,1385,103483,4473,0.012829300826262552,0.7635711847046773
3050,0.921,1,0,1,604225,1385,103484,4472,0.012829300826262552,0.763530817824825
3051,0.9217,2,0,2,604225,1385,103486,4470,0.012829300826262552,0.7634500426985482
3052,0.9225,3,3,3,604228,1382,103489,4467,0.012801511726999889,0.763720294067362
3053,0.9233,8,8,8,604236,1374,103497,4459,0.012727407462299455,0.7644436824961426
3054,0.9234,1,0,1,604236,1374,103498,4458,0.012727407462299455,0.76440329218107
3055,0.924,1,0,1,604236,1374,103499,4457,0.012727407462299455,0.7643628880123478
3056,0.9247,1,0,1,604236,1374,103500,4456,0.012727407462299455,0.7643224699828474
3057,0.925,28,5,28,604241,1369,103528,4428,0.012681092296861684,0.763843367258927
3058,0.9258,0,1,0,604242,1368,103528,4428,0.01267182926377413,0.7639751552795031
3059,0.9263,0,1,0,604243,1367,103528,4428,0.012662566230686576,0.764106988783434
3060,0.9265,0,1,0,604244,1366,103528,4428,0.012653303197599022,0.76423886779427
3061,0.9267,6,4,6,604248,1362,103534,4422,0.012616251065248805,0.7645228215767634
3062,0.927,1,0,1,604248,1362,103535,4421,0.012616251065248805,0.7644821027148538
3063,0.9271,0,1,0,604249,1361,103535,4421,0.01260698803216125,0.7646143203043929
3064,0.9275,5,1,5,604250,1360,103540,4416,0.012597724999073696,0.7645429362880887
3065,0.9276,1,0,1,604250,1360,103541,4415,0.012597724999073696,0.7645021645021645
3066,0.9278,1,0,1,604250,1360,103542,4414,0.012597724999073696,0.7644613785936959
3067,0.9282,1,0,1,604250,1360,103543,4413,0.012597724999073696,0.7644205785553438
3068,0.9286,1,0,1,604250,1360,103544,4412,0.012597724999073696,0.7643797643797644
3069,0.93,936,356,936,604606,1004,104480,3476,0.009300085219904405,0.7758928571428572
3070,0.9325,3,0,3,604606,1004,104483,3473,0.009300085219904405,0.7757426848335939
3071,0.9327,1,0,1,604606,1004,104484,3472,0.009300085219904405,0.775692582663092
3072,0.9328,1,0,1,604606,1004,104485,3471,0.009300085219904405,0.7756424581005587
3073,0.9329,2,0,2,604606,1004,104487,3469,0.009300085219904405,0.7755421417393248
3074,0.9333,10,1,10,604607,1003,104497,3459,0.00929082218681685,0.7752129090094129
3075,0.9335,1,0,1,604607,1003,104498,3458,0.00929082218681685,0.7751625196144363
3076,0.9347,1,1,1,604608,1002,104499,3457,0.009281559153729297,0.7752859385512447
3077,0.935,17,10,17,604618,992,104516,3440,0.009188928822853755,0.776173285198556
3078,0.9358,1,0,1,604618,992,104517,3439,0.009188928822853755,0.7761227713834349
3079,0.9363,1,0,1,604618,992,104518,3438,0.009188928822853755,0.7760722347629797
3080,0.9367,6,3,6,604621,989,104524,3432,0.009161139723591092,0.7762949558923321
3081,0.9375,3,1,3,604622,988,104527,3429,0.009151876690503538,0.7763187683948382
3082,0.938,3,0,3,604622,988,104530,3426,0.009151876690503538,0.7761667421839601
3083,0.9387,1,0,1,604622,988,104531,3425,0.009151876690503538,0.776116020847496
3084,0.94,866,295,866,604917,693,105397,2559,0.006419281929675053,0.7869003690036901
3085,0.9408,1,1,1,604918,692,105398,2558,0.006410018896587499,0.7870769230769231
3086,0.9412,1,1,1,604919,691,105399,2557,0.0064007558634999445,0.7872536945812808
3087,0.9425,2,2,2,604921,689,105401,2555,0.006382229797324836,0.7876078914919852
3088,0.9433,6,1,6,604922,688,105407,2549,0.006372966764237282,0.7874575223972814
3089,0.9436,0,1,0,604923,687,105407,2549,0.006363703731149728,0.7877008652657602
3090,0.9437,1,0,1,604923,687,105408,2548,0.006363703731149728,0.7876352395672334
3091,0.944,1,0,1,604923,687,105409,2547,0.006363703731149728,0.787569573283859
3092,0.9448,0,1,0,604924,686,105409,2547,0.006354440698062173,0.787813176616146
3093,0.945,15,6,15,604930,680,105424,2532,0.006298862499536848,0.788293897882939
3094,0.9451,0,1,0,604931,679,105424,2532,0.006289599466449294,0.7885393958268452
3095,0.9457,0,1,0,604932,678,105424,2532,0.00628033643336174,0.788785046728972
3096,0.9458,1,0,1,604932,678,105425,2531,0.00628033643336174,0.7887192271735743
3097,0.946,1,0,1,604932,678,105426,2530,0.00628033643336174,0.7886533665835411
3098,0.9461,1,0,1,604932,678,105427,2529,0.00628033643336174,0.7885874649204865
3099,0.9467,11,1,11,604933,677,105438,2518,0.006271073400274186,0.7881064162754303
3100,0.9471,1,0,1,604933,677,105439,2517,0.006271073400274186,0.7880400751408891
3101,0.9474,1,0,1,604933,677,105440,2516,0.006271073400274186,0.7879736924522392
3102,0.9475,2,2,2,604935,675,105442,2514,0.006252547334099077,0.7883349012229539
3103,0.9483,1,1,1,604936,674,105443,2513,0.006243284301011523,0.7885158456228428
3104,0.949,1,0,1,604936,674,105444,2512,0.006243284301011523,0.7884494664155681
3105,0.9495,1,0,1,604936,674,105445,2511,0.006243284301011523,0.7883830455259027
3106,0.95,742,224,742,605160,450,106187,1769,0.004168364889399385,0.797205948625507
3107,0.9513,0,1,0,605161,449,106187,1769,0.004159101856311831,0.7975653742110009
3108,0.9531,0,1,0,605162,448,106187,1769,0.004149838823224276,0.7979251240414975
3109,0.9533,4,1,4,605163,447,106191,1765,0.004140575790136722,0.7979204339963833
3110,0.954,0,1,0,605164,446,106191,1765,0.004131312757049168,0.7982813206693804
3111,0.955,13,4,13,605168,442,106204,1752,0.004094260624698951,0.7985414767547858
3112,0.956,1,0,1,605168,442,106205,1751,0.004094260624698951,0.7984496124031008
3113,0.9567,4,1,4,605169,441,106209,1747,0.004084997591611397,0.7984460694698354
3114,0.9575,2,0,2,605169,441,106211,1745,0.004084997591611397,0.7982616651418115
3115,0.9577,1,0,1,605169,441,106212,1744,0.004084997591611397,0.7981693363844393
3116,0.9591,0,1,0,605170,440,106212,1744,0.004075734558523843,0.7985347985347986
3117,0.9598,2,0,2,605170,440,106214,1742,0.004075734558523843,0.7983501374885427
3118,0.96,614,181,614,605351,259,106828,1128,0.002399125569676535,0.8132660418168709
3119,0.9607,1,0,1,605351,259,106829,1127,0.002399125569676535,0.8131313131313131
3120,0.9617,1,0,1,605351,259,106830,1126,0.002399125569676535,0.8129963898916968
3121,0.963,1,1,1,605352,258,106831,1125,0.0023898625365889807,0.8134490238611713
3122,0.9633,1,0,1,605352,258,106832,1124,0.0023898625365889807,0.8133140376266281
3123,0.964,0,1,0,605353,257,106832,1124,0.0023805995035014265,0.8139029688631426
3124,0.965,13,0,13,605353,257,106845,1111,0.0023805995035014265,0.8121345029239766
3125,0.9657,1,0,1,605353,257,106846,1110,0.0023805995035014265,0.8119970738844184
3126,0.966,1,0,1,605353,257,106847,1109,0.0023805995035014265,0.8118594436310396
3127,0.9667,2,1,2,605354,256,106849,1107,0.0023713364704138723,0.8121790168745414
3128,0.9671,1,0,1,605354,256,106850,1106,0.0023713364704138723,0.8120411160058737
3129,0.9675,2,0,2,605354,256,106852,1104,0.0023713364704138723,0.8117647058823529
3130,0.968,1,0,1,605354,256,106853,1103,0.0023713364704138723,0.811626195732156
3131,0.969,1,0,1,605354,256,106854,1102,0.0023713364704138723,0.8114874815905744
3132,0.97,452,111,452,605465,145,107306,650,0.0013431397976953574,0.8176100628930818
3133,0.9715,1,0,1,605465,145,107307,649,0.0013431397976953574,0.8173803526448362
3134,0.9725,1,0,1,605465,145,107308,648,0.0013431397976953574,0.8171500630517023
3135,0.9733,1,1,1,605466,144,107309,647,0.0013338767646078032,0.8179519595448799
3136,0.975,6,3,6,605469,141,107315,641,0.0013060876653451406,0.819693094629156
3137,0.9767,4,0,4,605469,141,107319,637,0.0013060876653451406,0.8187660668380463
3138,0.9771,2,0,2,605469,141,107321,635,0.0013060876653451406,0.8182989690721649
3139,0.9773,0,1,0,605470,140,107321,635,0.0012968246322575864,0.8193548387096774
3140,0.98,301,84,301,605554,56,107622,334,0.0005187298529030345,0.8564102564102564
3141,0.9825,1,0,1,605554,56,107623,333,0.0005187298529030345,0.8560411311053985
3142,0.9833,2,0,2,605554,56,107625,331,0.0005187298529030345,0.8552971576227391
3143,0.984,0,1,0,605555,55,107625,331,0.0005094668198154803,0.8575129533678757
3144,0.985,2,1,2,605556,54,107627,329,0.0005002037867279261,0.8590078328981723
3145,0.9867,1,0,1,605556,54,107628,328,0.0005002037867279261,0.8586387434554974
3146,0.9875,1,0,1,605556,54,107629,327,0.0005002037867279261,0.8582677165354331
3147,0.988,1,0,1,605556,54,107630,326,0.0005002037867279261,0.8578947368421053
3148,0.9888,1,0,1,605556,54,107631,325,0.0005002037867279261,0.8575197889182058
3149,0.99,198,37,198,605593,17,107829,127,0.00015747156248842122,0.8819444444444444
3150,0.995,3,0,3,605593,17,107832,124,0.00015747156248842122,0.8794326241134752
3151,0.9967,1,0,1,605593,17,107833,123,0.00015747156248842122,0.8785714285714286
3152,1.0,123,17,123,605610,0,107956,0,0.0,
