,y_proba,y_test,Neg,Pos,TN,FP,FN,TP,FP/P,Prec
0,0.0,4,341,4,341,605269,4,107952,5.606626773870836,0.15135841485318016
1,0.0017,0,1,0,342,605268,4,107952,5.606617510837749,0.1513586270715908
2,0.002,0,9,0,351,605259,4,107952,5.606534143539961,0.1513605370640666
3,0.0025,0,3,0,354,605256,4,107952,5.606506354440698,0.15136117373893732
4,0.0033,0,10,0,364,605246,4,107952,5.606413724109823,0.1513632960271902
5,0.004,0,1,0,365,605245,4,107952,5.606404461076735,0.15136350825928882
6,0.005,0,22,0,387,605223,4,107952,5.606200674348809,0.15136817751603743
7,0.006,0,4,0,391,605219,4,107952,5.606163622216458,0.1513690265027602
8,0.0065,0,2,0,393,605217,4,107952,5.606145096150284,0.15136945099969293
9,0.0067,2,5,2,398,605212,6,107950,5.606098780984846,0.15136813234580643
10,0.0075,0,3,0,401,605209,6,107950,5.606070991885583,0.15136876909637262
11,0.0083,0,4,0,405,605205,6,107950,5.606033939753233,0.15136961810546096
12,0.009,0,1,0,406,605204,6,107950,5.606024676720145,0.15136983035922116
13,0.0092,0,3,0,409,605201,6,107950,5.605996887620883,0.15137046712407332
14,0.01,7,437,7,846,604764,13,107943,5.601948942161622,0.15145494572103263
15,0.0108,0,2,0,848,604762,13,107943,5.601930416095446,0.15145537073543752
16,0.0112,0,1,0,849,604761,13,107943,5.601921153062359,0.15145558324353448
17,0.0113,0,1,0,850,604760,13,107943,5.601911890029271,0.15145579575222778
18,0.0114,0,1,0,851,604759,13,107943,5.601902626996184,0.15145600826151745
19,0.0117,1,3,1,854,604756,14,107942,5.601874837896921,0.15145545518578696
20,0.012,0,3,0,857,604753,14,107942,5.601847048797659,0.15145609271848406
21,0.0125,0,11,0,868,604742,14,107942,5.6017451554336954,0.15145843038429374
22,0.0129,0,2,0,870,604740,14,107942,5.60172662936752,0.15145885542219392
23,0.0133,0,31,0,901,604709,14,107942,5.601439475341806,0.15146544381471436
24,0.0138,0,5,0,906,604704,14,107942,5.601393160176368,0.15146650651234975
25,0.014,0,11,0,917,604693,14,107942,5.601291266812405,0.15146884449963866
26,0.0142,0,2,0,919,604691,14,107942,5.60127274074623,0.15146926959599122
27,0.015,2,61,2,980,604630,16,107940,5.600707695727889,0.1514798546107751
28,0.0157,0,5,0,985,604625,16,107940,5.600661380562451,0.15148091753033058
29,0.0158,0,5,0,990,604620,16,107940,5.6006150653970135,0.15148198046480296
30,0.016,0,6,0,996,604614,16,107940,5.600559487198488,0.1514832560058606
31,0.0165,0,1,0,997,604613,16,107940,5.600550224165401,0.15148346859812534
32,0.0167,0,21,0,1018,604592,16,107940,5.600355700470562,0.15148793317352766
33,0.0168,0,1,0,1019,604591,16,107940,5.600346437437475,0.1514881457789205
34,0.017,0,7,0,1026,604584,16,107940,5.600281596205861,0.15148963403337992
35,0.0173,0,3,0,1029,604581,16,107940,5.600253807106599,0.15149027186567132
36,0.0175,0,7,0,1036,604574,16,107940,5.600188965874986,0.1514917601619056
37,0.0176,0,1,0,1037,604573,16,107940,5.600179702841898,0.15149197277804055
38,0.018,0,4,0,1041,604569,16,107940,5.600142650709548,0.15149282324854843
39,0.0183,1,17,1,1058,604552,17,107939,5.59998517914706,0.15149524695750544
40,0.019,0,5,0,1063,604547,17,107939,5.599938863981622,0.15149631010293535
41,0.0197,0,1,0,1064,604546,17,107939,5.599929600948535,0.15149652273381195
42,0.0198,0,2,0,1066,604544,17,107939,5.5999110748823595,0.15149694799735572
43,0.02,8,533,8,1599,604011,25,107931,5.594973878246693,0.15160083265209806
44,0.0208,0,7,0,1606,604004,25,107931,5.59490903701508,0.15160232324580195
45,0.021,0,3,0,1609,604001,25,107931,5.594881247915818,0.15160296208064816
46,0.0214,0,1,0,1610,604000,25,107931,5.59487198488273,0.15160317502679332
47,0.0215,0,2,0,1612,603998,25,107931,5.594853458816555,0.15160360092087835
48,0.0216,1,4,1,1616,603994,26,107930,5.594816406684204,0.15160326102224395
49,0.0217,0,9,0,1625,603985,26,107930,5.5947330393864165,0.15160517758440265
50,0.022,0,9,0,1634,603976,26,107930,5.594649672088629,0.15160709419502014
51,0.0225,1,16,1,1650,603960,27,107929,5.594501463559228,0.15160930987836588
52,0.0227,0,2,0,1652,603958,27,107929,5.594482937493053,0.1516097358148133
53,0.0229,0,1,0,1653,603957,27,107929,5.594473674459965,0.1516099487839345
54,0.023,0,3,0,1656,603954,27,107929,5.594445885360702,0.15161058769488805
55,0.0233,3,66,3,1722,603888,30,107926,5.593834525176924,0.1516210695490676
56,0.0238,0,6,0,1728,603882,30,107926,5.593778946978398,0.15162234759935264
57,0.024,1,17,1,1745,603865,31,107925,5.59362147541591,0.15162477697073576
58,0.0241,1,2,1,1747,603863,32,107924,5.5936029493497355,0.15162401111568488
59,0.0242,1,7,1,1754,603856,33,107923,5.593538108118122,0.15162431035475898
60,0.0243,0,9,0,1763,603847,33,107923,5.593454740820334,0.1516262275735139
61,0.0245,0,1,0,1764,603846,33,107923,5.593445477787247,0.1516264406008129
62,0.0246,0,3,0,1767,603843,33,107923,5.593417688687984,0.1516270796863014
63,0.025,2,112,2,1879,603731,35,107921,5.592380228982178,0.1516485585651414
64,0.0257,1,0,1,1879,603731,36,107920,5.592380228982178,0.15164736647598331
65,0.0258,0,11,0,1890,603720,36,107920,5.592278335618214,0.15164971052779494
66,0.026,0,15,0,1905,603705,36,107920,5.592139390121901,0.15165290707886878
67,0.0262,0,1,0,1906,603704,36,107920,5.592130127088814,0.1516531201870651
68,0.0264,0,1,0,1907,603703,36,107920,5.592120864055726,0.1516533332958603
69,0.0265,0,2,0,1909,603701,36,107920,5.592102337989552,0.1516537595152476
70,0.0267,1,59,1,1968,603642,37,107919,5.591555819037386,0.1516651418501014
71,0.0268,0,3,0,1971,603639,37,107919,5.591528029938123,0.15166578128557334
72,0.027,2,6,2,1977,603633,39,107917,5.591472451739597,0.1516646757079615
73,0.0271,0,3,0,1980,603630,39,107917,5.591444662640335,0.1516653151513533
74,0.0272,0,1,0,1981,603629,39,107917,5.5914353996072474,0.15166552830034882
75,0.0273,0,5,0,1986,603624,39,107917,5.5913890844418095,0.1516665940543131
76,0.0274,0,2,0,1988,603622,39,107917,5.591370558375634,0.1516670203600927
77,0.0275,0,10,0,1998,603612,39,107917,5.591277928044759,0.1516691519249391
78,0.028,1,5,1,2003,603607,40,107916,5.591231612879321,0.15166902545666128
79,0.0283,1,24,1,2027,603583,41,107915,5.59100930008522,0.15167294918608346
80,0.0285,0,1,0,2028,603582,41,107915,5.591000037052132,0.1516731623604878
81,0.0286,0,7,0,2035,603575,41,107915,5.59093519582052,0.15167465459809695
82,0.0287,0,1,0,2036,603574,41,107915,5.590925932787432,0.15167486777729522
83,0.0292,0,3,0,2039,603571,41,107915,5.590898143688169,0.15167550731848553
84,0.0295,0,2,0,2041,603569,41,107915,5.590879617621994,0.15167593368227536
85,0.0297,0,2,0,2043,603567,41,107915,5.590861091555819,0.15167636004846222
86,0.03,17,679,17,2722,602888,58,107898,5.58457149208937,0.15180096400323023
87,0.0302,0,4,0,2726,602884,58,107898,5.58453443995702,0.15180181827902225
88,0.0303,0,4,0,2730,602880,58,107898,5.584497387824669,0.1518026725644294
89,0.0305,0,1,0,2731,602879,58,107898,5.584488124791582,0.15180288613728357
90,0.0307,0,2,0,2733,602877,58,107898,5.5844695987254065,0.15180331328479477
91,0.0308,0,3,0,2736,602874,58,107898,5.584441809626144,0.1518039540105688
92,0.0309,1,3,1,2739,602871,59,107897,5.584414020526881,0.15180340139117124
93,0.031,0,3,0,2742,602868,59,107897,5.584386231427619,0.15180404212362736
94,0.0311,0,3,0,2745,602865,59,107897,5.584358442328356,0.15180468286149232
95,0.0312,0,1,0,2746,602864,59,107897,5.584349179295269,0.1518048964419826
96,0.0313,0,3,0,2749,602861,59,107897,5.584321390196005,0.15180553718705944
97,0.0314,0,4,0,2753,602857,59,107897,5.5842843380636555,0.15180639152224257
98,0.0317,0,23,0,2776,602834,59,107897,5.584071288302642,0.15181130413616403
99,0.032,0,5,0,2781,602829,59,107897,5.584024973137204,0.15181237213778587
100,0.0321,0,4,0,2785,602825,59,107897,5.583987921004854,0.15181322654990279
101,0.0322,0,1,0,2786,602824,59,107897,5.583978657971766,0.1518134401544347
102,0.0323,0,3,0,2789,602821,59,107897,5.5839508688725035,0.15181408097163712
103,0.0325,1,59,1,2848,602762,60,107896,5.583404349920338,0.15182549130524106
104,0.0329,0,3,0,2851,602759,60,107896,5.583376560821075,0.15182613223012573
105,0.033,1,2,1,2853,602757,61,107895,5.5833580347549,0.151825366001925
106,0.0331,0,1,0,2854,602756,61,107895,5.583348771721813,0.1518255796445794
107,0.0333,1,73,1,2927,602683,62,107894,5.582672570306421,0.15183998356265402
108,0.0335,0,1,0,2928,602682,62,107894,5.582663307273333,0.15184019724842945
109,0.0337,0,1,0,2929,602681,62,107894,5.582654044240246,0.15184041093480632
110,0.0338,1,8,1,2937,602673,63,107893,5.582579939975545,0.15184092681045813
111,0.0339,0,3,0,2940,602670,63,107893,5.582552150876283,0.1518415678834952
112,0.034,0,13,0,2953,602657,63,107893,5.582431731446145,0.15184434592920976
113,0.0342,0,5,0,2958,602652,63,107893,5.582385416280707,0.15184541443539817
114,0.0343,0,2,0,2960,602650,63,107893,5.582366890214532,0.15184584184208416
115,0.0344,0,1,0,2961,602649,63,107893,5.582357627181445,0.15184605554632943
116,0.0345,0,6,0,2967,602643,63,107893,5.582302048982919,0.15184733778443316
117,0.0346,1,6,1,2973,602637,64,107892,5.582246470784393,0.15184742635416712
118,0.0347,0,4,0,2977,602633,64,107892,5.5822094186520435,0.15184828120052074
119,0.035,1,132,1,3109,602501,65,107891,5.5809866982844865,0.15187530264980462
120,0.0353,0,1,0,3110,602500,65,107891,5.580977435251398,0.1518755164409459
121,0.0355,0,1,0,3111,602499,65,107891,5.580968172218311,0.15187573023268908
122,0.0357,0,3,0,3114,602496,65,107891,5.5809403831190485,0.15187637161153006
123,0.0358,0,3,0,3117,602493,65,107891,5.580912594019786,0.15187701299578818
124,0.036,0,24,0,3141,602469,65,107891,5.580690281225684,0.15188214426487978
125,0.0362,0,4,0,3145,602465,65,107891,5.580653229093334,0.15188299951010478
126,0.0363,0,1,0,3146,602464,65,107891,5.580643966060247,0.15188321332291602
127,0.0365,0,2,0,3148,602462,65,107891,5.580625439994072,0.1518836409503444
128,0.0367,2,70,2,3218,602392,67,107889,5.579977027677943,0.15189622135464698
129,0.037,0,3,0,3221,602389,67,107889,5.57994923857868,0.1518968629184629
130,0.0373,0,1,0,3222,602388,67,107889,5.579939975545592,0.15189707677427258
131,0.0375,2,42,2,3264,602346,69,107887,5.579550928155915,0.15190367104879665
132,0.038,1,12,1,3276,602334,70,107886,5.579439771758865,0.15190504350764553
133,0.0383,2,29,2,3305,602305,72,107884,5.579171143799326,0.15190885806454338
134,0.0385,0,3,0,3308,602302,72,107884,5.579143354700063,0.15190949976485033
135,0.0386,0,1,0,3309,602301,72,107884,5.579134091666975,0.1519097136661574
136,0.0387,0,5,0,3314,602296,72,107884,5.579087776501538,0.15191078318172857
137,0.0389,0,9,0,3323,602287,72,107884,5.579004409203749,0.15191270834770781
138,0.039,0,8,0,3331,602279,72,107884,5.578930304939049,0.15191441964732041
139,0.0393,0,2,0,3333,602277,72,107884,5.578911778872874,0.15191484747824788
140,0.0397,0,1,0,3334,602276,72,107884,5.578902515839786,0.1519150613946153
141,0.04,20,746,20,4080,601530,92,107864,5.571992293156471,0.152050905420683
142,0.0404,0,2,0,4082,601528,92,107864,5.571973767090296,0.1520513341001872
143,0.0405,0,1,0,4083,601527,92,107864,5.571964504057209,0.15205154844084573
144,0.0408,0,6,0,4089,601521,92,107864,5.571908925858684,0.15205283449748727
145,0.041,1,10,1,4099,601511,93,107863,5.571816295527808,0.152053782630883
146,0.0412,0,2,0,4101,601509,93,107863,5.571797769461632,0.15205421133058536
147,0.0414,0,4,0,4105,601505,93,107863,5.5717607173292825,0.15205506873724217
148,0.0415,1,4,1,4109,601501,94,107862,5.571723665196932,0.15205473079368392
149,0.0417,0,30,0,4139,601471,94,107862,5.571445774204306,0.15206116168287673
150,0.0418,0,3,0,4142,601468,94,107862,5.571417985105043,0.1520618048017143
151,0.0419,0,1,0,4143,601467,94,107862,5.571408722071955,0.15206201917586903
152,0.042,1,19,1,4162,601448,95,107861,5.571232724443291,0.15206489696310072
153,0.0423,1,2,1,4164,601446,96,107860,5.571214198377117,0.1520641302907349
154,0.0425,2,40,2,4204,601406,98,107858,5.570843677053614,0.15207031514358546
155,0.0426,0,1,0,4205,601405,98,107858,5.570834414020527,0.1520705295496875
156,0.0427,0,2,0,4207,601403,98,107858,5.5708158879543515,0.15207095836370532
157,0.0428,0,1,0,4208,601402,98,107858,5.570806624921264,0.15207117277162113
158,0.0429,0,4,0,4212,601398,98,107858,5.570769572788914,0.15207203040933034
159,0.043,0,2,0,4214,601396,98,107858,5.570751046722739,0.1520724592318126
160,0.0433,1,76,1,4290,601320,99,107857,5.570047056208085,0.15208756065129017
161,0.0434,0,1,0,4291,601319,99,107857,5.570037793174997,0.1520877751080127
162,0.0435,0,2,0,4293,601317,99,107857,5.5700192671088224,0.15208820402327214
163,0.0436,1,3,1,4296,601314,100,107856,5.56999147800956,0.15208765176191885
164,0.0438,0,5,0,4301,601309,100,107856,5.569945162844122,0.15208872406280627
165,0.044,0,23,0,4324,601286,100,107856,5.569732113083108,0.15209365684164808
166,0.0442,0,1,0,4325,601285,100,107856,5.56972285005002,0.1520938713175518
167,0.0443,0,4,0,4329,601281,100,107856,5.56968579791767,0.15209472922721562
168,0.0447,0,2,0,4331,601279,100,107856,5.569667271851495,0.15209515818567693
169,0.0448,0,1,0,4332,601278,100,107856,5.569658008818408,0.15209537266581494
170,0.045,4,208,4,4540,601070,104,107852,5.567731297936196,0.15213521374706948
171,0.0451,0,2,0,4542,601068,104,107852,5.5677127718700214,0.1521356429498392
172,0.0453,0,9,0,4551,601059,104,107852,5.567629404572233,0.1521375743922721
173,0.0455,0,2,0,4553,601057,104,107852,5.567610878506058,0.15213800360836158
174,0.0457,0,3,0,4556,601054,104,107852,5.567583089406796,0.15213864743703678
175,0.0458,0,18,0,4574,601036,104,107852,5.567416354811219,0.15214251052352418
176,0.046,1,11,1,4585,601025,105,107851,5.567314461447256,0.15214367533955162
177,0.0462,0,1,0,4586,601024,105,107851,5.567305198414169,0.15214388996649622
178,0.0463,0,1,0,4587,601023,105,107851,5.567295935381082,0.15214410459404634
179,0.0465,1,2,1,4589,601021,106,107850,5.567277409314906,0.15214333778642378
180,0.0467,3,102,3,4691,600919,109,107847,5.566332579939975,0.15216164432266785
181,0.047,1,11,1,4702,600908,110,107846,5.566230686576012,0.15216280966315535
182,0.0471,0,3,0,4705,600905,110,107846,5.5662028974767495,0.1521634537376314
183,0.0472,0,1,0,4706,600904,110,107846,5.566193634443662,0.1521636684303351
184,0.0473,0,5,0,4711,600899,110,107846,5.566147319278224,0.1521647419029411
185,0.0475,1,45,1,4756,600854,111,107845,5.565730482789284,0.1521732075253387
186,0.0476,0,2,0,4758,600852,111,107845,5.565711956723109,0.15217363697038366
187,0.0477,0,3,0,4761,600849,111,107845,5.565684167623846,0.15217428114249593
188,0.0478,0,1,0,4762,600848,111,107845,5.565674904590759,0.15217449586774529
189,0.0479,1,7,1,4769,600841,112,107844,5.565610063359146,0.15217480262740146
190,0.048,1,4,1,4773,600837,113,107843,5.565573011226796,0.15217446520291245
191,0.0481,0,1,0,4774,600836,113,107843,5.565563748193709,0.15217467993266345
192,0.0482,0,2,0,4776,600834,113,107843,5.565545222127533,0.15217510939398343
193,0.0483,1,35,1,4811,600799,114,107842,5.565221015969469,0.15218142896050327
194,0.0484,0,1,0,4812,600798,114,107842,5.565211752936381,0.15218164371189885
195,0.0485,0,3,0,4815,600795,114,107842,5.565183963837119,0.15218228796972216
196,0.0486,0,1,0,4816,600794,114,107842,5.5651747008040315,0.15218250272354214
197,0.0487,0,4,0,4820,600790,114,107842,5.565137648671681,0.1521833617448831
198,0.049,0,7,0,4827,600783,114,107842,5.565072807440068,0.15218486505556536
199,0.0492,0,8,0,4835,600775,114,107842,5.564998703175368,0.15218658316128458
200,0.0493,0,5,0,4840,600770,114,107842,5.56495238800993,0.15218765699705905
201,0.0494,0,1,0,4841,600769,114,107842,5.564943124976843,0.15218787176603243
202,0.0497,0,1,0,4842,600768,114,107842,5.5649338619437545,0.15218808653561197
203,0.05,20,1041,20,5883,599727,134,107822,5.555291044499611,0.15238803248962263
204,0.0503,0,3,0,5886,599724,134,107822,5.555263255400348,0.15238867861594865
205,0.0504,2,1,2,5887,599723,136,107820,5.555253992367261,0.15238649806442858
206,0.0505,0,1,0,5888,599722,136,107820,5.555244729334174,0.15238671343891952
207,0.0506,0,2,0,5890,599720,136,107820,5.555226203267998,0.1523871441897278
208,0.0507,0,4,0,5894,599716,136,107820,5.5551891511356475,0.15238800569864996
209,0.0508,0,13,0,5907,599703,136,107820,5.55506873170551,0.1523908056699217
210,0.051,0,12,0,5919,599691,136,107820,5.554957575308459,0.1523933903501147
211,0.0511,0,2,0,5921,599689,136,107820,5.554939049242284,0.15239382113867103
212,0.0512,0,1,0,5922,599688,136,107820,5.554929786209196,0.15239403653386252
213,0.0515,1,2,1,5924,599686,137,107819,5.5549112601430215,0.15239326930551728
214,0.0517,1,38,1,5962,599648,138,107818,5.554559264885694,0.1524002566907809
215,0.0518,1,1,1,5963,599647,139,107817,5.554550001852607,0.15239927402666426
216,0.0519,0,2,0,5965,599645,139,107817,5.5545314757864315,0.15239970486047308
217,0.052,1,26,1,5991,599619,140,107816,5.554290636926155,0.15240410779788957
218,0.0521,0,2,0,5993,599617,140,107816,5.55427211085998,0.15240453866302534
219,0.0523,0,5,0,5998,599612,140,107816,5.554225795694542,0.1524056158365233
220,0.0525,2,49,2,6047,599563,142,107814,5.553771907073252,0.15241377652934715
221,0.0527,0,8,0,6055,599555,142,107814,5.553697802808552,0.15241550025517092
222,0.0528,0,1,0,6056,599554,142,107814,5.5536885397754645,0.15241571572364032
223,0.0529,0,3,0,6059,599551,142,107814,5.553660750676201,0.15241636213270376
224,0.053,0,5,0,6064,599546,142,107814,5.553614435510764,0.1524174394933273
225,0.0532,0,6,0,6070,599540,142,107814,5.553558857312239,0.15241873234618028
226,0.0533,5,119,5,6189,599421,147,107809,5.552456556374819,0.15243838638066823
227,0.0537,1,4,1,6193,599417,148,107808,5.5524195042424696,0.15243805012549047
228,0.0538,0,4,0,6197,599413,148,107808,5.552382452110119,0.15243891230605425
229,0.0539,0,2,0,6199,599411,148,107808,5.5523639260439435,0.1524393433999935
230,0.054,1,19,1,6218,599392,149,107807,5.552187928415281,0.1524422404443445
231,0.0542,0,7,0,6225,599385,149,107807,5.552123087183667,0.15244374936368058
232,0.0543,1,6,1,6231,599379,150,107806,5.552067508985142,0.15244384425574636
233,0.0545,0,5,0,6236,599374,150,107806,5.552021193819704,0.1524449220849006
234,0.0547,0,1,0,6237,599373,150,107806,5.552011930786617,0.15244513765256038
235,0.0548,0,6,0,6243,599367,150,107806,5.551956352588092,0.152446431071322
236,0.055,7,260,7,6503,599107,157,107799,5.549547963985328,0.1524941081275304
237,0.0551,0,6,0,6509,599101,157,107799,5.549492385786802,0.1524954024614514
238,0.0553,0,3,0,6512,599098,157,107799,5.54946459668754,0.15249604963665145
239,0.0554,0,3,0,6515,599095,157,107799,5.549436807588276,0.1524966968173446
240,0.0555,0,3,0,6518,599092,157,107799,5.549409018489014,0.15249734400353096
241,0.0556,0,1,0,6519,599091,157,107799,5.5493997554559265,0.15249755973348045
242,0.0557,0,2,0,6521,599089,157,107799,5.549381229389751,0.15249799119521057
243,0.0558,1,17,1,6538,599072,158,107798,5.549223757827263,0.1525004597733671
244,0.056,2,27,2,6565,599045,160,107796,5.548973655933899,0.1525038870127794
245,0.0561,0,1,0,6566,599044,160,107796,5.548964392900811,0.15250410276724577
246,0.0565,0,5,0,6571,599039,160,107796,5.548918077735373,0.15250518154873485
247,0.0566,0,1,0,6572,599038,160,107796,5.548908814702286,0.15250539730686413
248,0.0567,3,135,3,6707,598903,163,107793,5.547658305235466,0.15253093267826617
249,0.0568,1,0,1,6707,598903,164,107792,5.547658305235466,0.15252973347766716
250,0.057,0,3,0,6710,598900,164,107792,5.547630516136204,0.152530380986342
251,0.0571,0,3,0,6713,598897,164,107792,5.547602727036941,0.15253102850051437
252,0.0573,2,9,2,6722,598888,166,107790,5.5475193597391526,0.1525305726228919
253,0.0575,1,46,1,6768,598842,167,107789,5.5470932602171255,0.15253930269122074
254,0.0577,0,2,0,6770,598840,167,107789,5.54707473415095,0.1525397344292408
255,0.0579,0,2,0,6772,598838,167,107789,5.547056208084776,0.1525401661697048
256,0.058,0,15,0,6787,598823,167,107789,5.546917262588462,0.15254340430108745
257,0.0582,0,8,0,6795,598815,167,107789,5.546843158323761,0.15254513136070558
258,0.0583,2,48,2,6843,598767,169,107787,5.546398532735559,0.15255309572941347
259,0.0585,0,3,0,6846,598764,169,107787,5.546370743636296,0.15255374346650136
260,0.0586,0,1,0,6847,598763,169,107787,5.546361480603209,0.15255395938008634
261,0.0587,0,2,0,6849,598761,169,107787,5.5463429545370335,0.15255439120908984
262,0.0588,0,1,0,6850,598760,169,107787,5.546333691503946,0.15255460712450836
263,0.0589,0,1,0,6851,598759,169,107787,5.546324428470858,0.15255482304053805
264,0.059,1,16,1,6867,598743,170,107786,5.546176219941458,0.15255707833648724
265,0.0591,0,1,0,6868,598742,170,107786,5.54616695690837,0.15255729426151546
266,0.0592,1,11,1,6879,598731,171,107785,5.546065063544407,0.15255847001341796
267,0.0593,0,10,0,6889,598721,171,107785,5.545972433213532,0.15256062935063538
268,0.0595,0,4,0,6893,598717,171,107785,5.545935381081181,0.15256149310263806
269,0.0596,0,1,0,6894,598716,171,107785,5.545926118048094,0.15256170904216695
270,0.0597,0,1,0,6895,598715,171,107785,5.545916855015006,0.15256192498230714
271,0.0598,0,2,0,6897,598713,171,107785,5.545898328948831,0.1525623568644214
272,0.0599,0,2,0,6899,598711,171,107785,5.545879802882656,0.15256278874898088
273,0.06,29,1086,29,7985,597625,200,107756,5.535820148949572,0.15276283313556788
274,0.0602,1,5,1,7990,597620,201,107755,5.535773833784134,0.15276271486797802
275,0.0603,0,1,0,7991,597619,201,107755,5.535764570751047,0.15276293143779046
276,0.0604,0,3,0,7994,597616,201,107755,5.535736781651784,0.15276358115091207
277,0.0605,0,1,0,7995,597615,201,107755,5.535727518618697,0.15276379772318074
278,0.0606,0,3,0,7998,597612,201,107755,5.5356997295194335,0.15276444744367118
279,0.0607,0,13,0,8011,597599,201,107755,5.535579310089296,0.15276726296299448
280,0.0608,1,15,1,8026,597584,202,107754,5.535440364592982,0.15276931060002438
281,0.0609,0,1,0,8027,597583,202,107754,5.535431101559895,0.15276952719054862
282,0.061,0,13,0,8040,597570,202,107754,5.535310682129756,0.15277234292325229
283,0.0611,0,3,0,8043,597567,202,107754,5.535282893030494,0.15277299272246253
284,0.0612,1,13,1,8056,597554,203,107753,5.535162473600356,0.1527746073695568
285,0.0613,1,2,1,8058,597552,204,107752,5.535143947534181,0.1527738393657203
286,0.0614,0,5,0,8063,597547,204,107752,5.535097632368743,0.152774922408794
287,0.0615,1,2,1,8065,597545,205,107751,5.535079106302567,0.15277415439758626
288,0.0616,0,1,0,8066,597544,205,107751,5.53506984326948,0.15277437100787614
289,0.0617,2,44,2,8110,597500,207,107749,5.534662269813627,0.1527814998674227
290,0.062,1,16,1,8126,597484,208,107748,5.534514061284227,0.15278376477527963
291,0.0621,0,2,0,8128,597482,208,107748,5.534495535218052,0.15278419806304327
292,0.0622,0,1,0,8129,597481,208,107748,5.534486272184965,0.15278441470784668
293,0.0623,0,8,0,8137,597473,208,107748,5.534412167920264,0.15278614788839243
294,0.0624,0,1,0,8138,597472,208,107748,5.534402904887176,0.15278636453872552
295,0.0625,1,60,1,8198,597412,209,107747,5.533847122901923,0.1527981632511249
296,0.0626,0,4,0,8202,597408,209,107747,5.533810070769573,0.15279903000049636
297,0.0627,0,2,0,8204,597406,209,107747,5.533791544703398,0.15279946337886954
298,0.0628,0,2,0,8206,597404,209,107747,5.5337730186372225,0.15279989675970113
299,0.0629,0,6,0,8212,597398,209,107747,5.533717440438697,0.15280119691694616
300,0.063,0,4,0,8216,597394,209,107747,5.5336803883063475,0.15280206370073504
301,0.0631,1,4,1,8220,597390,210,107746,5.533643336173997,0.1528017290281591
302,0.0632,1,2,1,8222,597388,211,107745,5.533624810107821,0.15280096095346551
303,0.0633,4,150,4,8372,597238,215,107741,5.532235355144689,0.15282866581841445
304,0.0634,0,2,0,8374,597236,215,107741,5.532216829078513,0.1528290993890581
305,0.0636,0,4,0,8378,597232,215,107741,5.532179776946164,0.15282996653772557
306,0.0638,0,3,0,8381,597229,215,107741,5.532151987846901,0.15283061690568392
307,0.064,0,33,0,8414,597196,215,107741,5.5318463077550115,0.15283777131857174
308,0.0642,0,13,0,8427,597183,215,107741,5.531725888324873,0.1528405899075645
309,0.0643,0,15,0,8442,597168,215,107741,5.53158694282856,0.15284384225481587
310,0.0644,0,8,0,8450,597160,215,107741,5.5315128385638594,0.15284557689661385
311,0.0645,0,1,0,8451,597159,215,107741,5.531503575530772,0.15284579372960705
312,0.0647,0,8,0,8459,597151,215,107741,5.531429471266072,0.15284752841570057
313,0.0648,0,3,0,8462,597148,215,107741,5.531401682166809,0.15284817893313699
314,0.065,8,307,8,8769,596841,223,107733,5.52855793100893,0.15290515971352903
315,0.0652,0,4,0,8773,596837,223,107733,5.528520878876579,0.15290602778999957
316,0.0653,0,2,0,8775,596835,223,107733,5.5285023528104045,0.15290646183193105
317,0.0655,0,3,0,8778,596832,223,107733,5.528474563711142,0.15290711289944858
318,0.0657,0,3,0,8781,596829,223,107733,5.528446774611879,0.15290776397251057
319,0.0658,2,20,2,8801,596809,225,107731,5.528261513950127,0.1529096999460641
320,0.066,2,35,2,8836,596774,227,107729,5.5279373077920635,0.15291489177476889
321,0.0662,1,5,1,8841,596769,228,107728,5.5278909926266255,0.15291477465482464
322,0.0663,0,4,0,8845,596765,228,107728,5.527853940494276,0.15291564288076673
323,0.0664,0,2,0,8847,596763,228,107728,5.5278354144281,0.15291607699743504
324,0.0665,0,2,0,8849,596761,228,107728,5.527816888361925,0.15291651111656818
325,0.0667,3,125,3,8974,596636,231,107725,5.526659009225981,0.15294004068936243
326,0.0668,0,1,0,8975,596635,231,107725,5.526649746192893,0.1529402578227043
327,0.0669,1,6,1,8981,596629,232,107724,5.526594167994368,0.15294035803070335
328,0.067,0,9,0,8990,596620,232,107724,5.52651080069658,0.1529423122792272
329,0.0671,0,4,0,8994,596616,232,107724,5.5264737485642295,0.1529431808501576
330,0.0672,0,5,0,8999,596611,232,107724,5.526427433398792,0.15294426657769386
331,0.0673,0,11,0,9010,596600,232,107724,5.526325540034829,0.15294665523253503
332,0.0674,0,1,0,9011,596599,232,107724,5.526316277001741,0.15294687238667487
333,0.0675,2,77,2,9088,596522,234,107722,5.525603023454,0.15296118958769972
334,0.0676,0,4,0,9092,596518,234,107722,5.525565971321649,0.1529620583891855
335,0.0677,0,8,0,9100,596510,234,107722,5.5254918670569495,0.15296379602176555
336,0.0678,1,10,1,9110,596500,235,107721,5.525399236726074,0.1529647653222497
337,0.0679,0,1,0,9111,596499,235,107721,5.525389973692986,0.15296498253386726
338,0.068,1,27,1,9138,596472,236,107720,5.525139871799622,0.15296964464237026
339,0.0681,0,2,0,9140,596470,236,107720,5.525121345733447,0.15297007909797072
340,0.0682,0,4,0,9144,596466,236,107720,5.525084293601097,0.15297094801657515
341,0.0683,2,72,2,9216,596394,238,107718,5.524417355218793,0.15298418433431046
342,0.0684,1,2,1,9218,596392,239,107717,5.524398829152617,0.1529834159199783
343,0.0685,0,7,0,9225,596385,239,107717,5.524333987921005,0.15298493684153716
344,0.0686,0,4,0,9229,596381,239,107717,5.524296935788654,0.15298580595314856
345,0.0687,0,2,0,9231,596379,239,107717,5.52427840972248,0.15298624051265736
346,0.0688,0,1,0,9232,596378,239,107717,5.524269146689392,0.15298645779333755
347,0.0689,0,1,0,9233,596377,239,107717,5.524259883656304,0.15298667507463493
348,0.069,1,14,1,9247,596363,240,107716,5.524130201193079,0.15298851407299466
349,0.0691,0,3,0,9250,596360,240,107716,5.524102412093816,0.15298916594231304
350,0.0692,0,22,0,9272,596338,240,107716,5.52389862536589,0.15299394648705922
351,0.0693,0,10,0,9282,596328,240,107716,5.523805995035015,0.15299611956070927
352,0.0695,0,6,0,9288,596322,240,107716,5.523750416836489,0.15299742343453052
353,0.0696,0,2,0,9290,596320,240,107716,5.523731890770314,0.15299785806407626
354,0.0697,0,1,0,9291,596319,240,107716,5.523722627737226,0.15299807537977517
355,0.0698,0,3,0,9294,596316,240,107716,5.523694838637963,0.15299872733057587
356,0.07,33,1225,33,10519,595091,273,107683,5.512347623105709,0.15322564579793788
357,0.0702,0,1,0,10520,595090,273,107683,5.512338360072622,0.15322586382800704
358,0.0703,1,2,1,10522,595088,274,107682,5.512319834006447,0.15322509498128833
359,0.0705,1,6,1,10528,595082,275,107681,5.512264255807922,0.15322519825318065
360,0.0706,0,2,0,10530,595080,275,107681,5.512245729741746,0.15322563431949127
361,0.0707,1,11,1,10541,595069,276,107680,5.512143836377784,0.15322682778630778
362,0.0708,1,27,1,10568,595042,277,107679,5.51189373448442,0.1532315100872181
363,0.071,0,10,0,10578,595032,277,107679,5.511801104153544,0.15323369066372947
364,0.0712,1,9,1,10587,595023,278,107678,5.511717736855756,0.15323444822193222
365,0.0713,0,4,0,10591,595019,278,107678,5.511680684723406,0.15323532048663932
366,0.0715,0,9,0,10600,595010,278,107678,5.511597317425617,0.1532372831185391
367,0.0717,2,72,2,10672,594938,280,107676,5.510930379043314,0.15325057570728737
368,0.0719,0,2,0,10674,594936,280,107676,5.510911852977139,0.1532510119383102
369,0.072,0,30,0,10704,594906,280,107676,5.510633961984512,0.15325755570168323
370,0.0722,0,4,0,10708,594902,280,107676,5.510596909852162,0.15325842824568944
371,0.0723,0,5,0,10713,594897,280,107676,5.510550594686724,0.1532595189396689
372,0.0724,0,3,0,10716,594894,280,107676,5.5105228055874615,0.15326017336350825
373,0.0725,2,83,2,10799,594811,282,107674,5.509753973841194,0.15327587065915999
374,0.0727,1,16,1,10815,594795,283,107673,5.509605765311794,0.1532781564427134
375,0.0728,0,1,0,10816,594794,283,107673,5.509596502278706,0.1532783746425099
376,0.0729,0,13,0,10829,594781,283,107673,5.509476082848568,0.15328121129639805
377,0.073,0,6,0,10835,594775,283,107673,5.509420504650042,0.1532825205566818
378,0.0732,0,1,0,10836,594774,283,107673,5.509411241616955,0.15328273876890355
379,0.0733,4,184,4,11020,594590,287,107669,5.507706843528845,0.15331807780320367
380,0.0735,0,2,0,11022,594588,287,107669,5.50768831746267,0.1533185144469902
381,0.0736,0,1,0,11023,594587,287,107669,5.507679054429582,0.15331873276981614
382,0.0737,0,6,0,11029,594581,287,107669,5.507623476231057,0.15332004271982913
383,0.0738,0,3,0,11032,594578,287,107669,5.507595687131794,0.15332069770322979
384,0.0739,0,1,0,11033,594577,287,107669,5.507586424098707,0.1533209160322736
385,0.074,0,60,0,11093,594517,287,107669,5.507030642113453,0.15333401691289772
386,0.0742,1,18,1,11111,594499,288,107668,5.506863907517878,0.15333674182922297
387,0.0743,1,10,1,11121,594489,289,107667,5.506771277187002,0.15333771982294533
388,0.0744,0,1,0,11122,594488,289,107667,5.506762014153915,0.15333793820452749
389,0.0745,0,3,0,11125,594485,289,107667,5.506734225054652,0.15333859335300618
390,0.0746,0,3,0,11128,594482,289,107667,5.5067064359553894,0.15333924850708325
391,0.0747,0,10,0,11138,594472,289,107667,5.5066138056245135,0.15334143239444042
392,0.0748,0,1,0,11139,594471,289,107667,5.506604542591426,0.1533416507865975
393,0.075,11,348,11,11487,594123,300,107656,5.503381007076957,0.15340441933999166
394,0.0751,0,1,0,11488,594122,300,107656,5.50337174404387,0.15340463793393352
395,0.0752,0,7,0,11495,594115,300,107656,5.503306902812257,0.15340616810897
396,0.0753,0,5,0,11500,594110,300,107656,5.503260587646819,0.15340726110982864
397,0.0754,0,6,0,11506,594104,300,107656,5.503205009448294,0.15340857273141814
398,0.0755,0,6,0,11512,594098,300,107656,5.503149431249769,0.1534098843754364
399,0.0756,0,4,0,11516,594094,300,107656,5.503112379117418,0.15341075881724262
400,0.0757,0,5,0,11521,594089,300,107656,5.50306606395198,0.15341185188351894
401,0.0758,2,18,2,11539,594071,302,107654,5.502899329356405,0.153413374185044
402,0.0759,0,2,0,11541,594069,302,107654,5.502880803290229,0.15341381143271632
403,0.076,2,38,2,11579,594031,304,107652,5.502528808032903,0.15341970661965587
404,0.0761,0,2,0,11581,594029,304,107652,5.502510281966727,0.15342014391154954
405,0.0762,0,7,0,11588,594022,304,107652,5.502445440735114,0.15342167445280858
406,0.0763,0,1,0,11589,594021,304,107652,5.502436177702027,0.15342189310405274
407,0.0764,0,1,0,11590,594020,304,107652,5.5024269146689395,0.15342211175592013
408,0.0765,0,6,0,11596,594014,304,107652,5.502371336470413,0.15342342368021253
409,0.0767,8,151,8,11747,593863,312,107644,5.500972618474194,0.15344679383099527
410,0.0768,0,3,0,11750,593860,312,107644,5.50094482937493,0.1534474500501779
411,0.0769,0,3,0,11753,593857,312,107644,5.5009170402756675,0.15344810627497324
412,0.077,0,12,0,11765,593845,312,107644,5.500805883878617,0.15345073123028302
413,0.0771,0,6,0,11771,593839,312,107644,5.500750305680092,0.15345204374161597
414,0.0772,0,3,0,11774,593836,312,107644,5.500722516580829,0.15345270000570224
415,0.0773,1,14,1,11788,593822,313,107643,5.500592834117604,0.1534545558224573
416,0.0774,0,1,0,11789,593821,313,107643,5.500583571084516,0.15345477458572357
417,0.0775,4,76,4,11865,593745,317,107639,5.4998795805698615,0.15346657465810454
418,0.0777,0,6,0,11871,593739,317,107639,5.499824002371336,0.1534678875014614
419,0.0778,0,7,0,11878,593732,317,107639,5.499759161139724,0.15346941918043375
420,0.0779,0,1,0,11879,593731,317,107639,5.499749898106636,0.15346963799421132
421,0.078,0,22,0,11901,593709,317,107639,5.499546111378709,0.15347445205518515
422,0.0782,0,1,0,11902,593708,317,107639,5.499536848345622,0.15347467088331454
423,0.0783,4,79,4,11981,593629,321,107635,5.498805068731706,0.15348713180770723
424,0.0784,1,0,1,11981,593629,322,107634,5.498805068731706,0.15348592468161018
425,0.0785,0,6,0,11987,593623,322,107634,5.49874949053318,0.15348723791705465
426,0.0786,0,3,0,11990,593620,322,107634,5.498721701433918,0.15348789454320402
427,0.0787,0,6,0,11996,593614,322,107634,5.498666123235393,0.1534892078123574
428,0.0788,0,2,0,11998,593612,322,107634,5.498647597169217,0.1534896455737359
429,0.0789,0,3,0,12001,593609,322,107634,5.498619808069955,0.15349030222048562
430,0.079,0,16,0,12017,593593,322,107634,5.4984715995405535,0.15349380443137528
431,0.0792,0,19,0,12036,593574,322,107634,5.49829560191189,0.1534979635143923
432,0.0793,1,11,1,12047,593563,323,107633,5.498193708547927,0.15349916428502158
433,0.0795,0,6,0,12053,593557,323,107633,5.4981381303494015,0.15350047775923786
434,0.0797,0,2,0,12055,593555,323,107633,5.498119604283226,0.15350091558897186
435,0.0798,0,1,0,12056,593554,323,107633,5.498110341250139,0.15350113450477548
436,0.08,22,1366,22,13422,592188,345,107611,5.48545703805254,0.15377415515026457
437,0.0801,0,2,0,13424,592186,345,107611,5.485438511986365,0.15377459463244342
438,0.0802,0,2,0,13426,592184,345,107611,5.485419985920189,0.1537750341171343
439,0.0803,0,10,0,13436,592174,345,107611,5.485327355589314,0.15377723157827047
440,0.0804,0,2,0,13438,592172,345,107611,5.485308829523139,0.1537776710780342
441,0.0805,0,3,0,13441,592169,345,107611,5.485281040423876,0.1537783303323902
442,0.0807,0,10,0,13451,592159,345,107611,5.485188410093001,0.15378052788773455
443,0.0808,0,20,0,13471,592139,345,107611,5.4850031494312494,0.15378492318685244
444,0.0809,0,1,0,13472,592138,345,107611,5.484993886398162,0.15378514295840365
445,0.081,1,16,1,13488,592122,346,107610,5.484845677868761,0.15378745005230574
446,0.0811,0,3,0,13491,592119,346,107610,5.4848178887694985,0.15378810939663784
447,0.0812,0,10,0,13501,592109,346,107610,5.4847252584386235,0.15379030725191112
448,0.0813,0,2,0,13503,592107,346,107610,5.484706732372448,0.15379074683050434
449,0.0814,0,4,0,13507,592103,346,107610,5.484669680240097,0.15379162599522947
450,0.0815,0,7,0,13514,592096,346,107610,5.484604839008485,0.15379316455768566
451,0.0817,1,88,1,13602,592008,347,107609,5.483789692096781,0.15381129961107293
452,0.082,1,36,1,13638,591972,348,107608,5.4834562229056285,0.15381800508876756
453,0.0821,0,1,0,13639,591971,348,107608,5.48344695987254,0.15381822496101227
454,0.0822,0,4,0,13643,591967,348,107608,5.4834099077401905,0.15381910445627703
455,0.0823,0,7,0,13650,591960,348,107608,5.483345066508577,0.15382064359719141
456,0.0825,0,98,0,13748,591862,348,107608,5.482437289265997,0.1538421948046378
457,0.0826,0,1,0,13749,591861,348,107608,5.48242802623291,0.15384241474604307
458,0.0827,0,5,0,13754,591856,348,107608,5.482381711067472,0.15384351446250272
459,0.0828,0,1,0,13755,591855,348,107608,5.4823724480343845,0.15384373440768132
460,0.0829,0,4,0,13759,591851,348,107608,5.482335395902034,0.15384461419468476
461,0.083,0,18,0,13777,591833,348,107608,5.482168661306458,0.15384857336072663
462,0.0832,0,8,0,13785,591825,348,107608,5.482094557041758,0.15385033305548923
463,0.0833,6,214,6,13999,591611,354,107602,5.4801122679610215,0.15389015936488595
464,0.0835,0,2,0,14001,591609,354,107602,5.480093741894846,0.1538905995472039
465,0.0837,0,7,0,14008,591602,354,107602,5.480028900663233,0.15389214020514758
466,0.0838,0,10,0,14018,591592,354,107602,5.479936270332358,0.1538943411985801
467,0.0839,0,6,0,14024,591586,354,107602,5.4798806921338326,0.1538956618248597
468,0.084,0,41,0,14065,591545,354,107602,5.4795009077772425,0.15390468671109223
469,0.0842,0,21,0,14086,591524,354,107602,5.479306384082404,0.1539093096237302
470,0.0843,0,16,0,14102,591508,354,107602,5.479158175553003,0.1539128320292944
471,0.0844,0,2,0,14104,591506,354,107602,5.479139649486828,0.15391327234132637
472,0.0845,0,5,0,14109,591501,354,107602,5.47909333432139,0.15391437313242826
473,0.0846,0,1,0,14110,591500,354,107602,5.479084071288303,0.15391459329253815
474,0.0847,0,3,0,14113,591497,354,107602,5.47905628218904,0.1539152537766468
475,0.0848,0,4,0,14117,591493,354,107602,5.479019230056689,0.15391613443094287
476,0.085,17,365,17,14482,591128,371,107585,5.4756382229797325,0.1539759529306024
477,0.0851,0,1,0,14483,591127,371,107585,5.475628959946645,0.15397617330173233
478,0.0852,0,5,0,14488,591122,371,107585,5.475582644781207,0.1539772751668439
479,0.0853,0,7,0,14495,591115,371,107585,5.475517803549594,0.15397881780449407
480,0.0854,0,2,0,14497,591113,371,107585,5.4754992774834195,0.15397925856378578
481,0.0855,0,4,0,14501,591109,371,107585,5.475462225351069,0.15398014008993924
482,0.0856,0,1,0,14502,591108,371,107585,5.4754529623179815,0.1539803604730547
483,0.0857,0,7,0,14509,591101,371,107585,5.475388121086368,0.15398190317252672
484,0.0858,1,28,1,14537,591073,372,107584,5.475128756159917,0.1539868633678615
485,0.086,1,36,1,14573,591037,373,107583,5.4747952869687655,0.15399358735793423
486,0.0861,0,1,0,14574,591036,373,107583,5.474786023935677,0.15399380778364172
487,0.0862,0,9,0,14583,591027,373,107583,5.47470265663789,0.15399579164340618
488,0.0863,0,7,0,14590,591020,373,107583,5.474637815406276,0.15399733468078436
489,0.0864,0,3,0,14593,591017,373,107583,5.474610026307014,0.15399799599198397
490,0.0865,0,2,0,14595,591015,373,107583,5.474591500240839,0.15399843686927245
491,0.0867,3,208,3,14803,590807,376,107580,5.472664789358627,0.1540406679963974
492,0.0868,0,10,0,14813,590797,376,107580,5.472572159027752,0.15404287369143027
493,0.0869,0,2,0,14815,590795,376,107580,5.472553632961577,0.15404331483801684
494,0.087,0,14,0,14829,590781,376,107580,5.472423950498351,0.1540464029348718
495,0.0871,0,8,0,14837,590773,376,107580,5.472349846233651,0.15404816761723655
496,0.0872,1,0,1,14837,590773,377,107579,5.472349846233651,0.15404695626274428
497,0.0873,0,17,0,14854,590756,377,107579,5.472192374671162,0.1540507063228966
498,0.0875,2,102,2,14956,590654,379,107577,5.471247545296232,0.15407078746145617
499,0.0876,0,1,0,14957,590653,379,107577,5.471238282263144,0.15407100812053334
500,0.0877,1,4,1,14961,590649,380,107576,5.471201230130794,0.1540706792223137
501,0.0878,0,6,0,14967,590643,380,107576,5.471145651932269,0.15407200319670475
502,0.0879,1,9,1,14976,590634,381,107575,5.47106228463448,0.15407277763534988
503,0.088,3,32,3,15008,590602,384,107572,5.470765867575679,0.15407620449916495
504,0.0881,0,1,0,15009,590601,384,107572,5.470756604542592,0.15407642518401599
505,0.0882,0,1,0,15010,590600,384,107572,5.470747341509504,0.1540766458694992
506,0.0883,4,96,4,15106,590504,388,107568,5.469858090333099,0.15409298754283227
507,0.0885,1,3,1,15109,590501,389,107567,5.469830301233836,0.15409243798598418
508,0.0886,0,4,0,15113,590497,389,107567,5.469793249101486,0.1540933209562447
509,0.0887,0,12,0,15125,590485,389,107567,5.469682092704435,0.15409596992774177
510,0.0888,0,3,0,15128,590482,389,107567,5.469654303605172,0.15409663218484662
511,0.0889,1,5,1,15133,590477,390,107566,5.469607988439734,0.15409652413963038
512,0.089,2,13,2,15146,590464,392,107564,5.469487569009597,0.15409697032210742
513,0.0891,0,4,0,15150,590460,392,107564,5.469450516877246,0.1540978533689386
514,0.0892,0,34,0,15184,590426,392,107564,5.469135573752269,0.15410535967564004
515,0.0893,0,6,0,15190,590420,392,107564,5.469079995553744,0.15410668439391162
516,0.0894,0,3,0,15193,590417,392,107564,5.4690522064544815,0.15410734676158808
517,0.0895,0,11,0,15204,590406,392,107564,5.468950313090518,0.1541097754917833
518,0.0896,0,1,0,15205,590405,392,107564,5.468941050057431,0.15410999628923347
519,0.0897,0,7,0,15212,590398,392,107564,5.468876208825818,0.15411154188909998
520,0.0898,1,8,1,15220,590390,393,107563,5.468802104561117,0.1541120963732515
521,0.0899,2,8,2,15228,590382,395,107561,5.468728000296417,0.15411143889973822
522,0.09,42,1480,42,16708,588902,437,107519,5.4550187113268365,0.15438793488421515
523,0.0901,1,2,1,16710,588900,438,107518,5.455000185260662,0.1543871640307976
524,0.0902,0,8,0,16718,588892,438,107518,5.454926080995961,0.1543889375511552
525,0.0903,0,8,0,16726,588884,438,107518,5.454851976731261,0.15439071111225988
526,0.0904,0,5,0,16731,588879,438,107518,5.454805661565823,0.15439181960864276
527,0.0905,0,3,0,16734,588876,438,107518,5.45477787246656,0.154392484714113
528,0.0906,0,1,0,16735,588875,438,107518,5.454768609433473,0.1543927064172098
529,0.0907,0,13,0,16748,588862,438,107518,5.454648190003335,0.15439558861541114
530,0.0908,1,33,1,16781,588829,439,107517,5.454342509911445,0.15440169111332586
531,0.091,1,9,1,16790,588820,440,107516,5.454259142613657,0.15440247236966062
532,0.0911,0,2,0,16792,588818,440,107516,5.454240616547482,0.15440291584211024
533,0.0912,0,5,0,16797,588813,440,107516,5.454194301382045,0.15440402453437957
534,0.0913,0,6,0,16803,588807,440,107516,5.454138723183519,0.15440535498611996
535,0.0914,0,9,0,16812,588798,440,107516,5.454055355885731,0.1544073507067214
536,0.0915,0,2,0,16814,588796,440,107516,5.4540368298195565,0.15440779420719447
537,0.0916,0,2,0,16816,588794,440,107516,5.454018303753381,0.15440823771021528
538,0.0917,2,99,2,16915,588695,442,107514,5.453101263477713,0.15442776522567217
539,0.0918,0,3,0,16918,588692,442,107514,5.45307347437845,0.15442843066563633
540,0.0919,0,5,0,16923,588687,442,107514,5.453027159213013,0.15442953974498744
541,0.092,1,34,1,16957,588653,443,107513,5.4527122160880355,0.15443586730751
542,0.0922,0,3,0,16960,588650,443,107513,5.452684426988773,0.15443653282349104
543,0.0923,1,12,1,16972,588638,444,107512,5.4525732705917225,0.15443798032033326
544,0.0924,0,6,0,16978,588632,444,107512,5.452517692393197,0.15443931140683537
545,0.0925,3,108,3,17086,588524,447,107509,5.451517284819741,0.15445963050602485
546,0.0926,0,1,0,17087,588523,447,107509,5.451508021786654,0.15445985242057836
547,0.0927,0,1,0,17088,588522,447,107509,5.451498758753567,0.15446007433576953
548,0.0928,0,4,0,17092,588518,447,107509,5.451461706621216,0.15446096200291082
549,0.0929,0,5,0,17097,588513,447,107509,5.451415391455778,0.15446207160118502
550,0.093,0,11,0,17108,588502,447,107509,5.451313498091815,0.154464512773505
551,0.0932,0,3,0,17111,588499,447,107509,5.451285708992552,0.15446517856116596
552,0.0933,6,225,6,17336,588274,453,107503,5.449201526547853,0.1545078379998189
553,0.0935,0,7,0,17343,588267,453,107503,5.4491366853162395,0.1545093924716501
554,0.0936,0,1,0,17344,588266,453,107503,5.449127422283152,0.15450961454160791
555,0.0937,0,8,0,17352,588258,453,107503,5.449053318018452,0.154511391124251
556,0.0938,0,7,0,17359,588251,453,107503,5.448988476786839,0.1545129456675779
557,0.0939,0,1,0,17360,588250,453,107503,5.448979213753751,0.15451316774774956
558,0.094,3,60,3,17420,588190,456,107500,5.448423431768498,0.15452284782014977
559,0.0941,1,4,1,17424,588186,457,107499,5.4483863796361485,0.1545225209685418
560,0.0942,0,39,0,17463,588147,457,107499,5.448025121345734,0.1545311839642577
561,0.0943,1,20,1,17483,588127,458,107498,5.447839860683982,0.15453441150044925
562,0.0944,0,3,0,17486,588124,458,107498,5.447812071584719,0.15453507795900648
563,0.0945,1,2,1,17488,588122,459,107497,5.447793545518545,0.15453430685475814
564,0.0946,0,4,0,17492,588118,459,107497,5.447756493386194,0.15453519547450817
565,0.0947,0,2,0,17494,588116,459,107497,5.44773796732002,0.15453563978821558
566,0.0948,0,8,0,17502,588108,459,107497,5.447663863055319,0.15453741706859497
567,0.0949,2,2,2,17504,588106,461,107495,5.447645336989144,0.1545354305126071
568,0.095,17,461,17,17965,587645,478,107478,5.443375078735781,0.15461724040205835
569,0.0952,0,1,0,17966,587644,478,107478,5.443365815702694,0.15461746283386227
570,0.0953,0,9,0,17975,587635,478,107478,5.443282448404906,0.15461946474889693
571,0.0954,1,7,1,17982,587628,479,107477,5.443217607173293,0.1546198056408744
572,0.0955,0,3,0,17985,587625,479,107477,5.44318981807403,0.15462047296655743
573,0.0956,0,1,0,17986,587624,479,107477,5.443180555040943,0.15462069540973183
574,0.0957,0,12,0,17998,587612,479,107477,5.443069398643892,0.15462336477774788
575,0.0958,0,22,0,18020,587590,479,107477,5.442865611915966,0.15462825885849854
576,0.0959,0,2,0,18022,587588,479,107477,5.442847085849791,0.154628703790293
577,0.096,4,31,4,18053,587557,483,107473,5.442559931824077,0.15463073536394112
578,0.0961,1,2,1,18055,587555,484,107472,5.442541405757901,0.15462996401578644
579,0.0962,0,13,0,18068,587542,484,107472,5.442420986327763,0.1546328563165634
580,0.0963,1,6,1,18074,587536,485,107471,5.442365408129238,0.15463297491967706
581,0.0964,0,3,0,18077,587533,485,107471,5.442337619029975,0.15463364239630276
582,0.0965,0,15,0,18092,587518,485,107471,5.442198673533662,0.15463697986586838
583,0.0966,0,2,0,18094,587516,485,107471,5.442180147467487,0.15463742487269547
584,0.0967,5,215,5,18309,587301,490,107466,5.440188595353662,0.1546791946076886
585,0.0968,0,5,0,18314,587296,490,107466,5.440142280188224,0.1546803077888543
586,0.097,0,26,0,18340,587270,490,107466,5.439901441327948,0.15468609658920798
587,0.0971,0,5,0,18345,587265,490,107466,5.43985512616251,0.15468720986971937
588,0.0972,0,2,0,18347,587263,490,107466,5.439836600096336,0.1546876551864108
589,0.0973,0,14,0,18361,587249,490,107466,5.43970691763311,0.15469077247504373
590,0.0974,0,3,0,18364,587246,490,107466,5.4396791285338475,0.15469144048181116
591,0.0975,5,87,5,18451,587159,495,107461,5.4388732446552295,0.15470473064409318
592,0.0976,0,3,0,18454,587156,495,107461,5.438845455555967,0.15470539880250556
593,0.0977,1,8,1,18462,587148,496,107460,5.438771351291267,0.15470596365144082
594,0.0978,0,5,0,18467,587143,496,107460,5.438725036125829,0.1547070772801154
595,0.0979,0,6,0,18473,587137,496,107460,5.438669457927304,0.15470841365568813
596,0.098,2,29,2,18502,587108,498,107458,5.438400829967764,0.15471243913465388
597,0.0981,0,2,0,18504,587106,498,107458,5.43838230390159,0.15471288462978214
598,0.0982,1,1,1,18505,587105,499,107457,5.438373040868502,0.15471189037119795
599,0.0983,2,108,2,18613,586997,501,107455,5.4373726332950465,0.1547335164993405
600,0.0984,0,4,0,18617,586993,501,107455,5.437335581162696,0.15473440775983227
601,0.0985,0,4,0,18621,586989,501,107455,5.437298529030346,0.15473529903059138
602,0.0986,0,3,0,18624,586986,501,107455,5.437270739931083,0.15473596749039875
603,0.0987,0,8,0,18632,586978,501,107455,5.437196635666383,0.1547377500781213
604,0.0988,0,3,0,18635,586975,501,107455,5.43716884656712,0.15473841855910603
605,0.0989,0,3,0,18638,586972,501,107455,5.437141057467858,0.15473908704586659
606,0.099,1,16,1,18654,586956,502,107454,5.4369928489384565,0.15474143517518468
607,0.0992,0,22,0,18676,586934,502,107454,5.43678906221053,0.15474633778233496
608,0.0993,0,23,0,18699,586911,502,107454,5.436576012449517,0.1547514635674321
609,0.0995,0,3,0,18702,586908,502,107454,5.436548223350254,0.1547521321731316
610,0.0996,0,1,0,18703,586907,502,107454,5.436538960317166,0.15475235504298196
611,0.0997,0,3,0,18706,586904,502,107454,5.436511171217903,0.15475302365638474
612,0.0998,0,4,0,18710,586900,502,107454,5.4364741190855534,0.15475391514990913
613,0.1,46,1772,46,20482,585128,548,107408,5.420060024454408,0.15509374241916665
614,0.1002,0,4,0,20486,585124,548,107408,5.420022972322057,0.15509463822610364
615,0.1003,0,5,0,20491,585119,548,107408,5.419976657156619,0.1550957579993271
616,0.1004,0,3,0,20494,585116,548,107408,5.419948868057356,0.1550964298710225
617,0.1005,0,6,0,20500,585110,548,107408,5.419893289858831,0.1550977736318767
618,0.1007,0,11,0,20511,585099,548,107408,5.419791396494868,0.15510023725391944
619,0.1008,1,27,1,20538,585072,549,107407,5.419541294601505,0.1551050645579144
620,0.101,1,23,1,20561,585049,550,107406,5.41932824484049,0.15510899625246405
621,0.1011,0,1,0,20562,585048,550,107406,5.419318981807403,0.15510922025145352
622,0.1012,1,8,1,20570,585040,551,107405,5.4192448775427025,0.15510979211345305
623,0.1013,0,8,0,20578,585032,551,107405,5.419170773278002,0.15511158415855883
624,0.1014,0,2,0,20580,585030,551,107405,5.419152247211827,0.15511203217630537
625,0.1015,0,6,0,20586,585024,551,107405,5.419096669013301,0.15511337624507351
626,0.1016,0,2,0,20588,585022,551,107405,5.419078142947127,0.15511382427317247
627,0.1017,2,115,2,20703,584907,553,107403,5.418012894142058,0.15513714954283486
628,0.1018,0,2,0,20705,584905,553,107403,5.417994368075883,0.15513759771662325
629,0.1019,1,5,1,20710,584900,554,107402,5.417948052910445,0.15513749779720412
630,0.102,2,53,2,20763,584847,556,107400,5.4174571121568045,0.1551469345479287
631,0.1021,0,3,0,20766,584844,556,107400,5.417429323057542,0.15514760691316934
632,0.1022,0,8,0,20774,584836,556,107400,5.417355218792841,0.1551493999156357
633,0.1023,0,10,0,20784,584826,556,107400,5.417262588461966,0.15515164122699812
634,0.1024,0,3,0,20787,584823,556,107400,5.417234799362704,0.15515231363303444
635,0.1025,4,127,4,20914,584696,560,107396,5.416058394160584,0.1551759014697468
636,0.1026,0,3,0,20917,584693,560,107396,5.416030605061321,0.15517657411113311
637,0.1027,1,12,1,20929,584681,561,107395,5.415919448664271,0.15517804402984645
638,0.1028,0,6,0,20935,584675,561,107395,5.415863870465746,0.1551793893681275
639,0.1029,1,14,1,20949,584661,562,107394,5.41573418800252,0.15518130784402973
640,0.103,1,15,1,20964,584646,563,107393,5.415595242506206,0.15518345064367758
641,0.1031,0,3,0,20967,584643,563,107393,5.415567453406943,0.15518412336930448
642,0.1032,0,6,0,20973,584637,563,107393,5.415511875208418,0.15518546883805615
643,0.1033,12,246,12,21219,584391,575,107381,5.41323316906888,0.15522599931769426
644,0.1034,0,2,0,21221,584389,575,107381,5.413214643002704,0.15522644809691083
645,0.1035,0,19,0,21240,584370,575,107381,5.413038645374042,0.15523071162889537
646,0.1036,1,4,1,21244,584366,576,107380,5.413001593241691,0.15523038803260156
647,0.1037,0,6,0,21250,584360,576,107380,5.412946015043166,0.15523173446670716
648,0.1038,1,10,1,21260,584350,577,107379,5.412853384712291,0.15523275733704964
649,0.1039,1,1,1,21261,584349,578,107378,5.4128441216792025,0.15523176050667387
650,0.104,4,62,4,21323,584287,582,107374,5.412269813627774,0.15524078992454396
651,0.1041,0,1,0,21324,584286,582,107374,5.412260550594687,0.15524101437122287
652,0.1042,4,44,4,21368,584242,586,107370,5.411852977138834,0.15524600498545427
653,0.1043,0,11,0,21379,584231,586,107370,5.411751083774871,0.1552484741924896
654,0.1044,0,2,0,21381,584229,586,107370,5.411732557708696,0.15524892314766214
655,0.1045,0,10,0,21391,584219,586,107370,5.411639927377821,0.15525116796247482
656,0.1046,0,3,0,21394,584216,586,107370,5.411612138278558,0.1552518414195776
657,0.1047,0,5,0,21399,584211,586,107370,5.41156582311312,0.15525296386106616
658,0.1048,0,6,0,21405,584205,586,107370,5.411510244914595,0.15525431081227634
659,0.105,19,489,19,21894,583716,605,107351,5.406980621734781,0.1553409437869266
660,0.1052,0,3,0,21897,583713,605,107351,5.406952832635518,0.1553416181424586
661,0.1053,0,13,0,21910,583700,605,107351,5.40683241320538,0.15534454041742216
662,0.1054,0,1,0,21911,583699,605,107351,5.4068231501722925,0.15534476521235802
663,0.1055,0,6,0,21917,583693,605,107351,5.406767571973767,0.15534611399563558
664,0.1056,0,3,0,21920,583690,605,107351,5.406739782874505,0.15534678839605753
665,0.1057,1,23,1,21943,583667,606,107350,5.40652673311349,0.15535073666783886
666,0.1058,3,39,3,21982,583628,609,107347,5.406165474823076,0.15535583776547632
667,0.106,2,76,2,22058,583552,611,107345,5.405461484308422,0.1553704821413322
668,0.1062,3,3,3,22061,583549,614,107342,5.405433695209159,0.15536748922767846
669,0.1063,0,7,0,22068,583542,614,107342,5.405368853977547,0.15536906340282883
670,0.1064,0,5,0,22073,583537,614,107342,5.405322538812109,0.15537018783318063
671,0.1065,1,9,1,22082,583528,615,107341,5.405239171514321,0.1553709892902996
672,0.1066,0,1,0,22083,583527,615,107341,5.405229908481233,0.15537121418273825
673,0.1067,4,236,4,22319,583291,619,107337,5.40304383267257,0.1554194153726753
674,0.1068,0,2,0,22321,583289,619,107337,5.403025306606395,0.15541986545539843
675,0.1069,0,4,0,22325,583285,619,107337,5.402988254474045,0.15542076562866516
676,0.107,5,29,5,22354,583256,624,107332,5.402719626514506,0.15542117731556296
677,0.1071,0,7,0,22361,583249,624,107332,5.402654785282893,0.15542275272560352
678,0.1072,0,5,0,22366,583244,624,107332,5.402608470117455,0.1554238780380436
679,0.1073,1,14,1,22380,583230,625,107331,5.402478787654229,0.15542580597514194
680,0.1074,0,1,0,22381,583229,625,107331,5.402469524621142,0.155426031047266
681,0.1075,7,113,7,22494,583116,632,107324,5.401422801882248,0.15544290597300273
682,0.1076,0,4,0,22498,583112,632,107324,5.401385749749898,0.1554438065222555
683,0.1077,0,11,0,22509,583101,632,107324,5.401283856385935,0.15544628308650468
684,0.1078,0,7,0,22516,583094,632,107324,5.4012190151543225,0.15544785912302403
685,0.1079,0,4,0,22520,583090,632,107324,5.401181963021972,0.15544875972966946
686,0.108,0,36,0,22556,583054,632,107324,5.40084849383082,0.1554568656591027
687,0.1081,0,3,0,22559,583051,632,107324,5.400820704731557,0.1554575411913815
688,0.1082,0,8,0,22567,583043,632,107324,5.4007466004668565,0.15545934263949465
689,0.1083,5,132,5,22699,582911,637,107319,5.3995238800992995,0.1554829549570433
690,0.1085,0,10,0,22709,582901,637,107319,5.3994312497684245,0.15548520761496334
691,0.1086,0,3,0,22712,582898,637,107319,5.399403460669162,0.15548588342506778
692,0.1087,0,12,0,22724,582886,637,107319,5.399292304272111,0.1554885867242341
693,0.1088,0,6,0,22730,582880,637,107319,5.399236726073585,0.15548993840906752
694,0.1089,0,1,0,22731,582879,637,107319,5.399227463040498,0.1554901636921579
695,0.109,3,30,3,22761,582849,640,107316,5.398949572047871,0.15549325161374453
696,0.1091,0,5,0,22766,582844,640,107316,5.398903256882433,0.15549437811521966
697,0.1092,0,29,0,22795,582815,640,107316,5.398634628922895,0.1555009121456651
698,0.1093,2,19,2,22814,582796,642,107314,5.398458631294231,0.1555027459390532
699,0.1095,1,7,1,22821,582789,643,107313,5.398393790062618,0.15550309954180686
700,0.1096,0,3,0,22824,582786,643,107313,5.398366000963356,0.15550377554524786
701,0.1097,1,10,1,22834,582776,644,107312,5.39827337063248,0.15550480518426635
702,0.1098,1,7,1,22841,582769,645,107311,5.398208529400867,0.15550515882216553
703,0.1099,0,1,0,22842,582768,645,107311,5.398199266367779,0.1555053841661607
704,0.11,53,1837,53,24679,580931,698,107258,5.381183074585943,0.1558554408745272
705,0.1101,0,7,0,24686,580924,698,107258,5.3811182333543295,0.15585702619365227
706,0.1102,0,12,0,24698,580912,698,107258,5.381007076957279,0.15585974395861488
707,0.1103,0,15,0,24713,580897,698,107258,5.380868131460965,0.15586314129810871
708,0.1104,0,3,0,24716,580894,698,107258,5.380840342361703,0.15586382078378033
709,0.1105,0,10,0,24726,580884,698,107258,5.380747712030828,0.15586608577880728
710,0.1106,0,4,0,24730,580880,698,107258,5.380710659898477,0.15586699179525038
711,0.1107,0,12,0,24742,580868,698,107258,5.3805995035014265,0.15586970990777851
712,0.1108,2,33,2,24775,580835,700,107256,5.380293823409537,0.1558747316851986
713,0.1109,0,4,0,24779,580831,700,107256,5.380256771277187,0.15587563781905486
714,0.111,0,20,0,24799,580811,700,107256,5.380071510615436,0.15588016864636728
715,0.1111,0,2,0,24801,580809,700,107256,5.380052984549261,0.15588062174358527
716,0.1112,0,8,0,24809,580801,700,107256,5.37997888028456,0.15588243415879788
717,0.1113,0,9,0,24818,580792,700,107256,5.3798955129867725,0.15588447317629003
718,0.1114,0,4,0,24822,580788,700,107256,5.379858460854422,0.15588537942340897
719,0.1115,1,14,1,24836,580774,701,107255,5.379728778391196,0.1558873245168445
720,0.1116,0,1,0,24837,580773,701,107255,5.379719515358109,0.15588755108803712
721,0.1117,2,102,2,24939,580671,703,107253,5.378774685983179,0.1559082107907269
722,0.1118,0,3,0,24942,580668,703,107253,5.378746896883916,0.1559088907011125
723,0.1119,0,3,0,24945,580665,703,107253,5.378719107784653,0.15590957061742824
724,0.112,0,41,0,24986,580624,703,107253,5.378339323428063,0.15591886340145114
725,0.1122,0,7,0,24993,580617,703,107253,5.37827448219645,0.15592045008504513
726,0.1123,1,6,1,24999,580611,704,107252,5.378218903997925,0.1559205830230729
727,0.1124,0,4,0,25003,580607,704,107252,5.378181851865575,0.15592148972391146
728,0.1125,5,147,5,25150,580460,709,107247,5.376820186001704,0.15594868163331185
729,0.1126,0,2,0,25152,580458,709,107247,5.37680165993553,0.1559491351669684
730,0.1127,0,11,0,25163,580447,709,107247,5.376699766571567,0.15595162964923354
731,0.1128,0,3,0,25166,580444,709,107247,5.376671977472304,0.15595230997642837
732,0.1129,0,14,0,25180,580430,709,107247,5.376542295009078,0.1559554849151564
733,0.113,0,31,0,25211,580399,709,107247,5.376255140983363,0.15596251559668783
734,0.1131,0,2,0,25213,580397,709,107247,5.376236614917189,0.15596296921081257
735,0.1132,1,8,1,25221,580389,710,107246,5.376162510652488,0.15596355624713693
736,0.1133,14,261,14,25482,580128,724,107232,5.373744859016637,0.15600558659217878
737,0.1134,1,0,1,25482,580128,725,107231,5.373744859016637,0.15600435871211404
738,0.1135,2,13,2,25495,580115,727,107229,5.373624439586498,0.15600485346493168
739,0.1136,0,6,0,25501,580109,727,107229,5.373568861387973,0.15600621528272843
740,0.1137,0,13,0,25514,580096,727,107229,5.3734484419578346,0.15600916596951953
741,0.1138,0,10,0,25524,580086,727,107229,5.3733558116269595,0.15601143580454377
742,0.1139,0,3,0,25527,580083,727,107229,5.373328022527696,0.15601211676793073
743,0.114,1,57,1,25584,580026,728,107228,5.372800029641706,0.15602382816251342
744,0.1141,0,1,0,25585,580025,728,107228,5.3727907666086185,0.15602405518782747
745,0.1142,4,50,4,25635,579975,732,107224,5.372327614954241,0.15603049480572584
746,0.1143,2,15,2,25650,579960,734,107222,5.372188669457928,0.15603144436262883
747,0.1144,0,3,0,25653,579957,734,107222,5.372160880358664,0.15603212554516363
748,0.1145,1,12,1,25665,579945,735,107221,5.372049723961614,0.15603362215243477
749,0.1146,1,5,1,25670,579940,736,107220,5.372003408796176,0.1560335293090401
750,0.1147,1,12,1,25682,579928,737,107219,5.3718922523991255,0.1560350259842508
751,0.1148,1,18,1,25700,579910,738,107218,5.37172551780355,0.15603788522662446
752,0.115,22,534,22,26234,579376,760,107196,5.366779058134796,0.15613220463403693
753,0.1152,1,5,1,26239,579371,761,107195,5.366732742969358,0.15613211257184306
754,0.1153,1,17,1,26256,579354,762,107194,5.3665752714068695,0.1561347495003991
755,0.1155,2,5,2,26261,579349,764,107192,5.366528956241432,0.15613342830216986
756,0.1156,0,2,0,26263,579347,764,107192,5.366510430175256,0.15613388314429333
757,0.1157,3,17,3,26280,579330,767,107189,5.366352958612768,0.1561340618395121
758,0.1158,1,43,1,26323,579287,768,107188,5.365954648190003,0.1561426126224553
759,0.1159,0,2,0,26325,579285,768,107188,5.365936122123828,0.15614306753506693
760,0.116,2,58,2,26383,579227,770,107186,5.3653988662047505,0.1561538024483802
761,0.1161,0,1,0,26384,579226,770,107186,5.365389603171662,0.1561540299412015
762,0.1162,1,13,1,26397,579213,771,107185,5.365269183741525,0.156155758029598
763,0.1163,1,16,1,26413,579197,772,107184,5.365120975212124,0.15615816871387758
764,0.1164,0,5,0,26418,579192,772,107184,5.365074660046686,0.15615930626945
765,0.1165,1,7,1,26425,579185,773,107183,5.365009818815073,0.15615966944845913
766,0.1166,0,2,0,26427,579183,773,107183,5.364991292748898,0.15616012448169053
767,0.1167,16,251,16,26678,578932,789,107167,5.3626662714439215,0.15619757498553416
768,0.1168,1,5,1,26683,578927,790,107166,5.3626199562784835,0.15619748343154646
769,0.1169,0,3,0,26686,578924,790,107166,5.362592167179221,0.15619816642131498
770,0.117,2,31,2,26717,578893,792,107164,5.362305013153507,0.15620276449332926
771,0.1171,0,11,0,26728,578882,792,107164,5.362203119789544,0.15620526903443793
772,0.1172,1,3,1,26731,578879,793,107163,5.362175330690281,0.15620472215986778
773,0.1173,1,30,1,26761,578849,794,107162,5.361897439697654,0.15621032315808348
774,0.1174,0,1,0,26762,578848,794,107162,5.361888176664567,0.15621055086660543
775,0.1175,3,115,3,26877,578733,797,107159,5.360822927859498,0.1562330512675465
776,0.1176,0,3,0,26880,578730,797,107159,5.360795138760236,0.15623373461303505
777,0.1177,1,3,1,26883,578727,798,107158,5.360767349660973,0.15623318777929246
778,0.1178,0,4,0,26887,578723,798,107158,5.360730297528622,0.1562340989180339
779,0.1179,0,5,0,26892,578718,798,107158,5.360683982363185,0.15623523785640553
780,0.118,0,34,0,26926,578684,798,107158,5.360369039238208,0.1562429830777351
781,0.1182,0,3,0,26929,578681,798,107158,5.360341250138945,0.15624366651648564
782,0.1183,4,150,4,27079,578531,802,107154,5.3589517951758125,0.15627292415613583
783,0.1184,0,2,0,27081,578529,802,107154,5.358933269109637,0.15627337997296126
784,0.1185,0,15,0,27096,578514,802,107154,5.358794323613324,0.15627679868391117
785,0.1186,1,15,1,27111,578499,803,107153,5.35865537811701,0.15627898700798656
786,0.1187,0,21,0,27132,578478,803,107153,5.358460854422172,0.15628377363333923
787,0.1188,0,8,0,27140,578470,803,107153,5.358386750157472,0.15628559718679216
788,0.1189,1,2,1,27142,578468,804,107152,5.358368224091296,0.15628482249642658
789,0.119,0,30,0,27172,578438,804,107152,5.35809033309867,0.15629166119692528
790,0.1191,0,1,0,27173,578437,804,107152,5.358081070065582,0.15629188916391598
791,0.1192,2,40,2,27213,578397,806,107150,5.35771054874208,0.15629854699969514
792,0.1193,0,17,0,27230,578380,806,107150,5.357553077179592,0.15630242294283256
793,0.1194,0,3,0,27233,578377,806,107150,5.357525288080329,0.15630310695275312
794,0.1195,1,7,1,27240,578370,807,107149,5.357460446848716,0.15630347225970395
795,0.1196,0,6,0,27246,578364,807,107149,5.357404868650191,0.15630484031666794
796,0.1197,0,5,0,27251,578359,807,107149,5.357358553484753,0.1563059803824317
797,0.1198,1,9,1,27260,578350,808,107148,5.357275186186965,0.15630680177039175
798,0.12,52,2010,52,29270,576340,860,107096,5.338656489680981,0.15670231009194716
799,0.1202,0,7,0,29277,576333,860,107096,5.338591648449368,0.15670391511042112
800,0.1203,0,13,0,29290,576320,860,107096,5.33847122901923,0.1567068959462465
801,0.1204,0,1,0,29291,576319,860,107096,5.338461965986142,0.1567071252460072
802,0.1205,0,12,0,29303,576307,860,107096,5.338350809589092,0.1567098768954775
803,0.1206,0,2,0,29305,576305,860,107096,5.3383322835229166,0.15671033551311747
804,0.1207,1,23,1,29328,576282,861,107095,5.338119233761903,0.1567143758130578
805,0.1208,0,63,0,29391,576219,861,107095,5.337535662677387,0.15672882452284015
806,0.1209,0,1,0,29392,576218,861,107095,5.337526399644299,0.1567290538889206
807,0.121,2,45,2,29437,576173,863,107093,5.33710956315536,0.15673690773432308
808,0.1211,1,1,1,29438,576172,864,107092,5.337100300122272,0.15673590295991008
809,0.1212,0,12,0,29450,576160,864,107092,5.336989143725221,0.15673865572292506
810,0.1213,2,17,2,29467,576143,866,107090,5.336831672162733,0.15674008720304786
811,0.1214,0,6,0,29473,576137,866,107090,5.3367760939642075,0.15674146367166403
812,0.1215,1,17,1,29490,576120,867,107089,5.336618622401719,0.15674412954161904
813,0.1217,8,128,8,29618,575992,875,107081,5.335432954166512,0.1567636255568585
814,0.1218,0,7,0,29625,575985,875,107081,5.3353681129348995,0.15676523205663875
815,0.1219,0,2,0,29627,575983,875,107081,5.335349586868724,0.1567656910626237
816,0.122,2,55,2,29682,575928,877,107079,5.334840120048908,0.15677584563554986
817,0.1221,0,2,0,29684,575926,877,107079,5.334821593982734,0.1567763047122642
818,0.1222,0,4,0,29688,575922,877,107079,5.334784541850383,0.15677722287375861
819,0.1223,1,13,1,29701,575909,878,107078,5.334664122420246,0.1567789723669704
820,0.1224,0,5,0,29706,575904,878,107078,5.334617807254808,0.156780120120296
821,0.1225,5,162,5,29868,575742,883,107073,5.333117195894624,0.15681114211023484
822,0.1226,0,2,0,29870,575740,883,107073,5.333098669828448,0.1568116014194223
823,0.1227,2,18,2,29888,575722,885,107071,5.332931935232873,0.15681326551385266
824,0.1228,0,6,0,29894,575716,885,107071,5.332876357034348,0.1568146435125449
825,0.1229,1,13,1,29907,575703,886,107070,5.332755937604209,0.15681639432139233
826,0.123,0,22,0,29929,575681,886,107070,5.332552150876283,0.15682144735049822
827,0.1231,1,5,1,29934,575676,887,107069,5.332505835710845,0.15682136083017817
828,0.1232,1,13,1,29947,575663,888,107068,5.332385416280707,0.15682311188447573
829,0.1233,11,301,11,30248,575362,899,107057,5.329597243321353,0.15687869183009265
830,0.1234,0,1,0,30249,575361,899,107057,5.329587980288266,0.15687892171660184
831,0.1235,0,10,0,30259,575351,899,107057,5.32949534995739,0.15688122061875007
832,0.1236,0,1,0,30260,575350,899,107057,5.329486086924303,0.15688145051267058
833,0.1237,0,12,0,30272,575338,899,107057,5.329374930527252,0.15688420929227206
834,0.1238,0,9,0,30281,575329,899,107057,5.3292915632294635,0.15688627844064795
835,0.124,0,67,0,30348,575262,899,107057,5.328670940012597,0.15690168381651398
836,0.1241,0,1,0,30349,575261,899,107057,5.32866167697951,0.15690191377041204
837,0.1242,1,43,1,30392,575218,900,107056,5.328263366556746,0.15691056672246048
838,0.1243,1,17,1,30409,575201,901,107055,5.328105894994257,0.1569132407776553
839,0.1244,0,1,0,30410,575200,901,107055,5.328096631961169,0.15691347076972686
840,0.1245,0,9,0,30419,575191,901,107055,5.328013264663381,0.15691554072871075
841,0.1246,0,2,0,30421,575189,901,107055,5.327994738597206,0.15691600072701262
842,0.1247,3,13,3,30434,575176,904,107052,5.327874319167068,0.1569152834536255
843,0.1248,0,8,0,30442,575168,904,107052,5.327800214902368,0.15691712350854564
844,0.1249,0,4,0,30446,575164,904,107052,5.327763162770017,0.15691804355218875
845,0.125,17,653,17,31099,574511,921,107035,5.3217144021638445,0.1570473599727678
846,0.1251,0,1,0,31100,574510,921,107035,5.321705139130757,0.15704759040122077
847,0.1252,1,7,1,31107,574503,922,107034,5.321640297899144,0.15704796658141817
848,0.1253,0,15,0,31122,574488,922,107034,5.321501352402831,0.15705142313821124
849,0.1254,1,4,1,31126,574484,923,107033,5.32146430027048,0.15705110804279276
850,0.1255,0,4,0,31130,574480,923,107033,5.32142724813813,0.1570520298218816
851,0.1256,1,6,1,31136,574474,924,107032,5.321371669939605,0.15705217562281182
852,0.1257,1,21,1,31157,574453,925,107031,5.321177146244766,0.15705577827212377
853,0.1258,2,40,2,31197,574413,927,107029,5.320806624921264,0.1570625232961866
854,0.1259,0,1,0,31198,574412,927,107029,5.320797361888177,0.1570627537820589
855,0.126,3,53,3,31251,574359,930,107026,5.320306421134537,0.1570712592733917
856,0.1261,0,3,0,31254,574356,930,107026,5.320278632035274,0.1570719508293439
857,0.1262,1,9,1,31263,574347,931,107025,5.320195264737485,0.15707278843275038
858,0.1263,1,13,1,31276,574334,932,107024,5.320074845307348,0.15707454818171945
859,0.1264,1,3,1,31279,574331,933,107023,5.320047056208085,0.1570740026476692
860,0.1265,0,19,0,31298,574312,933,107023,5.319871058579421,0.1570783828806681
861,0.1267,10,337,10,31635,573975,943,107013,5.316749416428915,0.1571437382156514
862,0.1268,0,7,0,31642,573968,943,107013,5.316684575197303,0.15714535354143508
863,0.1269,0,1,0,31643,573967,943,107013,5.316675312164215,0.15714558430497225
864,0.127,1,34,1,31677,573933,944,107012,5.316360369039238,0.15715219290838467
865,0.1271,0,8,0,31685,573925,944,107012,5.316286264774538,0.157154039213613
866,0.1272,0,7,0,31692,573918,944,107012,5.316221423542925,0.15715565476627555
867,0.1273,0,23,0,31715,573895,944,107012,5.316008373781911,0.15716096324461343
868,0.1274,1,3,1,31718,573892,945,107011,5.315980584682649,0.15716041785687535
869,0.1275,6,139,6,31857,573753,951,107005,5.314693023083478,0.15718507898548384
870,0.1276,1,2,1,31859,573751,952,107004,5.314674497017303,0.15718430272271228
871,0.1277,0,15,0,31874,573736,952,107004,5.31453555152099,0.15718776625437025
872,0.1278,0,5,0,31879,573731,952,107004,5.314489236355552,0.15718892079884242
873,0.1279,0,8,0,31887,573723,952,107004,5.3144151320908515,0.15719076810527569
874,0.128,3,33,3,31920,573690,955,107001,5.314109451998963,0.15719467423544603
875,0.1281,0,7,0,31927,573683,955,107001,5.31404461076735,0.15719629078985256
876,0.1282,0,5,0,31932,573678,955,107001,5.313998295601912,0.1571974454919279
877,0.1283,8,163,8,32095,573515,963,106993,5.3124884212086405,0.15722519059291
878,0.1284,0,2,0,32097,573513,963,106993,5.312469895142465,0.1572256526760969
879,0.1285,1,13,1,32110,573500,964,106992,5.3123494757123275,0.15722741780946728
880,0.1286,0,3,0,32113,573497,964,106992,5.312321686613065,0.15722811096138217
881,0.1287,4,15,4,32128,573482,968,106988,5.312182741116751,0.15722662277543462
882,0.1288,1,6,1,32134,573476,969,106987,5.312127162918226,0.1572267705959031
883,0.1289,0,5,0,32139,573471,969,106987,5.312080847752788,0.1572279258969694
884,0.129,1,28,1,32167,573443,970,106986,5.311821482826336,0.157233157316928
885,0.1292,3,44,3,32211,573399,973,106983,5.311413909370485,0.1572396095134792
886,0.1293,0,33,0,32244,573366,973,106983,5.311108229278595,0.15724723634487595
887,0.1294,0,6,0,32250,573360,973,106983,5.31105265108007,0.15724862312098456
888,0.1295,0,7,0,32257,573353,973,106983,5.310987809848457,0.15725024105735988
889,0.1297,0,14,0,32271,573339,973,106983,5.310858127385231,0.15725347702999462
890,0.1298,0,11,0,32282,573328,973,106983,5.310756234021268,0.15725601967335529
891,0.1299,0,2,0,32284,573326,973,106983,5.310737707955093,0.15725648198098216
892,0.13,70,2146,70,34430,571180,1043,106913,5.290859238949202,0.15766716364864405
893,0.1301,0,2,0,34432,571178,1043,106913,5.290840712883027,0.15766762868110623
894,0.1302,0,4,0,34436,571174,1043,106913,5.290803660750676,0.15766855875426014
895,0.1303,0,5,0,34441,571169,1043,106913,5.290757345585239,0.1576697213611333
896,0.1304,2,5,2,34446,571164,1045,106911,5.290711030419801,0.15766839951332817
897,0.1305,1,3,1,34449,571161,1046,106910,5.290683241320538,0.1576678548411597
898,0.1306,0,2,0,34451,571159,1046,106910,5.290664715254363,0.1576683198907486
899,0.1307,1,25,1,34476,571134,1047,106909,5.290433139427174,0.15767289095234374
900,0.1308,1,47,1,34523,571087,1048,106908,5.289997776872059,0.1576825787800795
901,0.1309,0,3,0,34526,571084,1048,106908,5.289969987772796,0.15768327649883773
902,0.131,1,27,1,34553,571057,1049,106907,5.289719885879433,0.15768831383377288
903,0.1311,0,8,0,34561,571049,1049,106907,5.289645781614732,0.1576901745836013
904,0.1312,1,13,1,34574,571036,1050,106906,5.289525362184594,0.15769195594903399
905,0.1313,1,12,1,34586,571024,1051,106905,5.289414205787543,0.15769350477704894
906,0.1314,1,3,1,34589,571021,1052,106904,5.289386416688281,0.15769296013570822
907,0.1315,0,16,0,34605,571005,1052,106904,5.28923820815888,0.1576966820030417
908,0.1316,0,2,0,34607,571003,1052,106904,5.289219682092704,0.15769714724881143
909,0.1317,9,146,9,34753,570857,1061,106895,5.2878672792619215,0.15771993295482714
910,0.1318,0,5,0,34758,570852,1061,106895,5.2878209640964835,0.15772109651536637
911,0.1319,0,4,0,34762,570848,1061,106895,5.287783911964134,0.1577220273761588
912,0.132,2,33,2,34795,570815,1063,106893,5.287478231872244,0.1577272217533215
913,0.1321,1,3,1,34798,570812,1064,106892,5.287450442772982,0.15772667713337976
914,0.1322,1,13,1,34811,570799,1065,106891,5.287330023342843,0.15772845991530052
915,0.1323,1,16,1,34827,570783,1066,106890,5.287181814813443,0.1577309410290804
916,0.1324,0,4,0,34831,570779,1066,106890,5.287144762681092,0.15773187204962894
917,0.1325,10,168,10,34999,570611,1076,106880,5.285588573122383,0.15775855325015387
918,0.1326,2,7,2,35006,570604,1078,106878,5.285523731890771,0.15775769688345964
919,0.1327,1,17,1,35023,570587,1079,106877,5.285366260328282,0.15776041236139485
920,0.1328,0,14,0,35037,570573,1079,106877,5.2852365778650565,0.15776367259576352
921,0.1329,3,19,3,35056,570554,1082,106874,5.285060580236393,0.1577643675785471
922,0.133,1,21,1,35077,570533,1083,106873,5.284866056541554,0.15776801504562996
923,0.1331,0,1,0,35078,570532,1083,106873,5.2848567935084665,0.15776824794620647
924,0.1332,1,12,1,35090,570520,1084,106872,5.284745637111416,0.15776979946618797
925,0.1333,15,338,15,35428,570182,1099,106857,5.281614731927823,0.15782990344721648
926,0.1334,1,3,1,35431,570179,1100,106856,5.28158694282856,0.15782935889577349
927,0.1335,1,4,1,35435,570175,1101,106855,5.281549890696209,0.15782904745727663
928,0.1336,0,2,0,35437,570173,1101,106855,5.281531364630035,0.15782951369810408
929,0.1337,0,12,0,35449,570161,1101,106855,5.2814202082329835,0.15783231120091695
930,0.1338,1,19,1,35468,570142,1102,106854,5.281244210604321,0.15783549681238884
931,0.1339,1,12,1,35480,570130,1103,106853,5.281133054207269,0.15783705056109237
932,0.134,5,57,5,35537,570073,1108,106848,5.280605061321279,0.15784412065809747
933,0.1341,1,5,1,35542,570068,1109,106847,5.280558746155841,0.15784404245732478
934,0.1342,3,43,3,35585,570025,1112,106844,5.280160435733077,0.1578503373621779
935,0.1343,1,20,1,35605,570005,1113,106843,5.279975175071326,0.15785375741673166
936,0.1344,0,6,0,35611,569999,1113,106843,5.2799195968728,0.15785515674263714
937,0.1345,1,6,1,35617,569993,1114,106842,5.2798640186742745,0.1578553118559176
938,0.1346,0,3,0,35620,569990,1114,106842,5.279836229575012,0.15785601153609757
939,0.1347,0,9,0,35629,569981,1114,106842,5.279752862277224,0.15785811061385324
940,0.1348,0,13,0,35642,569968,1114,106842,5.2796324428470855,0.1578611427136124
941,0.1349,0,2,0,35644,569966,1114,106842,5.279613916780911,0.15786160920083686
942,0.135,35,659,35,36303,569307,1149,106807,5.2735095779762124,0.15797188048169392
943,0.1351,0,4,0,36307,569303,1149,106807,5.273472525843863,0.15797281507447014
944,0.1352,1,8,1,36315,569295,1150,106806,5.273398421579162,0.157973438879694
945,0.1353,1,17,1,36332,569278,1151,106805,5.273240950016674,0.15797616564830058
946,0.1354,0,5,0,36337,569273,1151,106805,5.273194634851236,0.15797733397625718
947,0.1355,0,12,0,36349,569261,1151,106805,5.273083478454185,0.1579801380338606
948,0.1357,3,22,3,36371,569239,1154,106802,5.272879691726259,0.1579815425395797
949,0.1358,4,57,4,36428,569182,1158,106798,5.272351698840268,0.1579898813574366
950,0.1359,0,2,0,36430,569180,1158,106798,5.272333172774093,0.15799034879833368
951,0.136,2,78,2,36508,569102,1160,106796,5.271610656193264,0.15800608967625293
952,0.1361,0,3,0,36511,569099,1160,106796,5.2715828670940015,0.15800679099564283
953,0.1362,0,10,0,36521,569089,1160,106796,5.271490236763126,0.15800912877190645
954,0.1363,1,4,1,36525,569085,1161,106795,5.271453184630776,0.15800881813339646
955,0.1364,0,6,0,36531,569079,1161,106795,5.2713976064322505,0.15801022083997904
956,0.1365,0,14,0,36545,569065,1161,106795,5.271267923969025,0.15801349391885894
957,0.1366,0,3,0,36548,569062,1161,106795,5.271240134869762,0.15801419531054647
958,0.1367,9,344,9,36892,568718,1170,106786,5.2680536514876435,0.15808344584191952
959,0.1368,0,13,0,36905,568705,1170,106786,5.267933232057505,0.15808648819895454
960,0.1369,1,1,1,36906,568704,1171,106785,5.267923969024418,0.1580854758552693
961,0.137,3,22,3,36928,568682,1174,106782,5.267720182296491,0.15808688545947674
962,0.1371,0,5,0,36933,568677,1174,106782,5.2676738671310535,0.1580880556776947
963,0.1372,0,7,0,36940,568670,1174,106782,5.26760902589944,0.15808969401230583
964,0.1373,0,18,0,36958,568652,1174,106782,5.2674422913038645,0.15809390702866602
965,0.1374,2,4,2,36962,568648,1176,106780,5.267405239171515,0.15809235033193766
966,0.1375,12,193,12,37155,568455,1188,106768,5.265617473785617,0.15812257580088357
967,0.1376,1,4,1,37159,568451,1189,106767,5.265580421653266,0.15812226569789312
968,0.1377,0,15,0,37174,568436,1189,106767,5.265441476156953,0.15812577846958617
969,0.1378,1,5,1,37179,568431,1190,106766,5.265395160991515,0.15812570257273062
970,0.1379,0,8,0,37187,568423,1190,106766,5.2653210567268145,0.1581275761305353
971,0.138,0,42,0,37229,568381,1190,106766,5.264932009337137,0.15813741303745701
972,0.1381,0,6,0,37235,568375,1190,106766,5.264876431138612,0.15813881840978403
973,0.1382,0,11,0,37246,568364,1190,106766,5.264774537774649,0.1581413949905944
974,0.1383,12,181,12,37427,568183,1202,106754,5.263097928785801,0.15816883649881397
975,0.1384,0,3,0,37430,568180,1202,106754,5.263070139686539,0.15816953954016244
976,0.1385,1,11,1,37441,568169,1203,106753,5.2629682463225755,0.1581708701153615
977,0.1386,0,6,0,37447,568163,1203,106753,5.26291266812405,0.1581722762536375
978,0.1387,2,16,2,37463,568147,1205,106751,5.26276445959465,0.158173531407709
979,0.1388,0,10,0,37473,568137,1205,106751,5.262671829263774,0.1581758751081661
980,0.1389,0,7,0,37480,568130,1205,106751,5.262606988032161,0.1581775157398119
981,0.139,0,43,0,37523,568087,1205,106751,5.262208677609396,0.1581875946523462
982,0.1391,0,1,0,37524,568086,1205,106751,5.262199414576309,0.1581878290609436
983,0.1392,1,68,1,37592,568018,1206,106750,5.261569528326355,0.1582025229412183
984,0.1393,2,21,2,37613,567997,1208,106748,5.261375004631517,0.15820495150019637
985,0.1394,0,2,0,37615,567995,1208,106748,5.261356478565341,0.15820542043415048
986,0.1395,2,17,2,37632,567978,1210,106746,5.261199007002853,0.1582069112703861
987,0.1396,0,3,0,37635,567975,1210,106746,5.26117121790359,0.15820761470296613
988,0.1397,1,13,1,37648,567962,1211,106745,5.261050798473452,0.15820941534621696
989,0.1398,0,5,0,37653,567957,1211,106745,5.261004483308015,0.1582105877854223
990,0.1399,0,1,0,37654,567956,1211,106745,5.260995220274927,0.15821082227534863
991,0.14,80,2352,80,40006,565604,1291,106665,5.239208566453,0.15866416568367722
992,0.1402,0,10,0,40016,565594,1291,106665,5.239115936122124,0.15866652584792468
993,0.1403,1,22,1,40038,565572,1292,106664,5.2389121493941975,0.1586704669193557
994,0.1404,0,5,0,40043,565567,1292,106664,5.2388658342287595,0.1586716470975007
995,0.1405,0,7,0,40050,565560,1292,106664,5.238800992997147,0.15867329937639835
996,0.1406,0,3,0,40053,565557,1292,106664,5.2387732038978845,0.15867400750645994
997,0.1407,2,17,2,40070,565540,1294,106662,5.238615732335396,0.15867551718084744
998,0.1408,1,44,1,40114,565496,1295,106661,5.2382081588795435,0.1586846525439741
999,0.1409,0,5,0,40119,565491,1295,106661,5.2381618437141055,0.15868583296635286
1000,0.141,1,30,1,40149,565461,1296,106660,5.2378839527214796,0.15869166414975874
1001,0.1411,1,3,1,40152,565458,1297,106659,5.237856163622216,0.15869112074237074
1002,0.1412,0,14,0,40166,565444,1297,106659,5.23772648115899,0.1586944263007307
1003,0.1413,1,14,1,40180,565430,1298,106658,5.2375967986957646,0.15869648022282795
1004,0.1414,0,14,0,40194,565416,1298,106658,5.237467116232539,0.15869978603546633
1005,0.1415,0,4,0,40198,565412,1298,106658,5.237430064100189,0.15870073057865997
1006,0.1416,1,2,1,40200,565410,1299,106657,5.237411538034014,0.15869995104654744
1007,0.1417,7,162,7,40362,565248,1306,106650,5.23591092667383,0.15872945000580446
1008,0.1418,2,15,2,40377,565233,1308,106648,5.235771981177517,0.1587304894765591
1009,0.1419,0,5,0,40382,565228,1308,106648,5.235725666012079,0.1587316707249552
1010,0.142,4,48,4,40430,565180,1312,106644,5.235281040423876,0.15873800281025982
1011,0.1421,0,8,0,40438,565172,1312,106644,5.235206936159176,0.15873989306595854
1012,0.1422,0,6,0,40444,565166,1312,106644,5.235151357960651,0.15874131078727616
1013,0.1423,2,12,2,40456,565154,1314,106642,5.2350402015636,0.1587416418079298
1014,0.1424,1,2,1,40458,565152,1315,106641,5.235021675497425,0.1587408621405701
1015,0.1425,6,184,6,40642,564968,1321,106635,5.233317277409315,0.15877683691109182
1016,0.1426,0,5,0,40647,564963,1321,106635,5.2332709622438776,0.15877801899350505
1017,0.1427,1,17,1,40664,564946,1322,106634,5.233113490681388,0.1587807856100539
1018,0.1428,0,2,0,40666,564944,1322,106634,5.233094964615214,0.1587812584688599
1019,0.1429,0,9,0,40675,564935,1322,106634,5.233011597317426,0.1587833863683404
1020,0.143,0,15,0,40690,564920,1322,106634,5.232872651821112,0.15878693299421937
1021,0.1431,0,6,0,40696,564914,1322,106634,5.232817073622587,0.15878835168893363
1022,0.1432,2,7,2,40703,564907,1324,106632,5.2327522323909745,0.15878750154495866
1023,0.1433,14,382,14,41085,564525,1338,106618,5.229213753751528,0.15886033229877985
1024,0.1434,0,1,0,41086,564524,1338,106618,5.229204490718441,0.158860569000301
1025,0.1435,1,11,1,41097,564513,1339,106617,5.229102597354478,0.15886191944928701
1026,0.1436,0,5,0,41102,564508,1339,106617,5.22905628218904,0.15886310299869622
1027,0.1437,0,13,0,41115,564495,1339,106617,5.2289358627589015,0.15886618030969496
1028,0.1438,0,10,0,41125,564485,1339,106617,5.2288432324280265,0.15886854755312904
1029,0.144,1,93,1,41218,564392,1340,106616,5.227981770350883,0.15888931279507845
1030,0.1441,0,8,0,41226,564384,1340,106616,5.227907666086184,0.15889120715350225
1031,0.1442,1,59,1,41285,564325,1341,106615,5.227361147134018,0.15890392583539512
1032,0.1443,1,17,1,41302,564308,1342,106614,5.227203675571529,0.15890669854319875
1033,0.1444,0,4,0,41306,564304,1342,106614,5.227166623439179,0.15890764594182896
1034,0.1445,0,13,0,41319,564291,1342,106614,5.22704620400904,0.15891072506539675
1035,0.1446,0,3,0,41322,564288,1342,106614,5.227018414909778,0.15891143564931987
1036,0.1447,0,14,0,41336,564274,1342,106614,5.226888732446552,0.15891475179165523
1037,0.1448,1,14,1,41350,564260,1343,106613,5.226759049983326,0.15891681435979685
1038,0.145,34,739,34,42089,563521,1377,106579,5.219913668531624,0.15904939561259512
1039,0.1452,1,9,1,42098,563512,1378,106578,5.219830301233836,0.15905027682848571
1040,0.1453,0,22,0,42120,563490,1378,106578,5.21962651450591,0.15905549884489337
1041,0.1454,0,9,0,42129,563481,1378,106578,5.219543147208122,0.1590576352231669
1042,0.1455,1,10,1,42139,563471,1379,106577,5.219450516877246,0.15905875399971345
1043,0.1456,0,5,0,42144,563466,1379,106577,5.219404201711808,0.15905994092916426
1044,0.1457,2,20,2,42164,563446,1381,106575,5.219218941050057,0.15906217864813194
1045,0.1458,1,51,1,42215,563395,1382,106574,5.218746526362592,0.15907303173728934
1046,0.1459,0,2,0,42217,563393,1382,106574,5.218728000296417,0.15907350660554923
1047,0.146,0,76,0,42293,563317,1382,106574,5.218024009781763,0.1590915537005274
1048,0.1461,0,5,0,42298,563312,1382,106574,5.217977694616325,0.15909274115297228
1049,0.1462,0,5,0,42303,563307,1382,106574,5.217931379450888,0.1590939286231435
1050,0.1463,0,12,0,42315,563295,1382,106574,5.217820223053836,0.1590967786238802
1051,0.1464,1,6,1,42321,563289,1383,106573,5.217764644855311,0.15909694832667026
1052,0.1465,1,16,1,42337,563273,1384,106572,5.217616436325911,0.15909949316632951
1053,0.1467,8,381,8,42718,562892,1392,106564,5.214087220719552,0.1591799909179991
1054,0.1468,1,5,1,42723,562887,1393,106563,5.214040905554115,0.1591799238180596
1055,0.1469,1,5,1,42728,562882,1394,106562,5.213994590388677,0.1591798567169173
1056,0.147,1,28,1,42756,562854,1395,106561,5.213735225462226,0.1591852587707177
1057,0.1471,0,2,0,42758,562852,1395,106561,5.21371669939605,0.159185734367274
1058,0.1472,0,9,0,42767,562843,1395,106561,5.213633332098262,0.159187874586946
1059,0.1473,1,31,1,42798,562812,1396,106560,5.213346178072548,0.15919399078539287
1060,0.1474,0,4,0,42802,562808,1396,106560,5.213309125940198,0.15919494209463256
1061,0.1475,3,180,3,42982,562628,1399,106557,5.211641779984438,0.15923399358921672
1062,0.1476,0,3,0,42985,562625,1399,106557,5.2116139908851755,0.1592347074487957
1063,0.1477,1,21,1,43006,562604,1400,106556,5.211419467190336,0.1592384482037181
1064,0.1478,1,8,1,43014,562596,1401,106555,5.211345362925637,0.15923909551057983
1065,0.1479,0,14,0,43028,562582,1401,106555,5.211215680462411,0.15924242718606205
1066,0.148,1,48,1,43076,562534,1402,106554,5.210771054874208,0.15925259457649815
1067,0.1481,0,4,0,43080,562530,1402,106554,5.210734002741858,0.15925354663988378
1068,0.1482,0,11,0,43091,562519,1402,106554,5.210632109377895,0.1592561648728913
1069,0.1483,4,192,4,43283,562327,1406,106550,5.208853607025084,0.15929685128954948
1070,0.1484,0,2,0,43285,562325,1406,106550,5.2088350809589095,0.15929732760231732
1071,0.1485,1,15,1,43300,562310,1407,106549,5.208696135462596,0.15929964312358807
1072,0.1486,0,3,0,43303,562307,1407,106549,5.208668346363333,0.15930035762555766
1073,0.1487,2,17,2,43320,562290,1409,106547,5.208510874800845,0.15930189268835307
1074,0.1488,1,8,1,43328,562282,1410,106546,5.208436770536144,0.15930254116155423
1075,0.149,3,43,3,43371,562239,1413,106543,5.20803846011338,0.15930901250332694
1076,0.1491,0,2,0,43373,562237,1413,106543,5.208019934047204,0.1593094889201232
1077,0.1492,2,62,2,43435,562175,1415,106541,5.207445625995776,0.15932174495600523
1078,0.1493,2,31,2,43466,562144,1417,106539,5.207158471970062,0.15932661664794828
1079,0.1494,0,2,0,43468,562142,1417,106539,5.2071399459038865,0.15932709318793267
1080,0.1495,2,13,2,43481,562129,1419,106537,5.207019526473749,0.15932767629877995
1081,0.1496,0,2,0,43483,562127,1419,106537,5.2070010004075735,0.15932815285404928
1082,0.1497,0,7,0,43490,562120,1419,106537,5.20693615917596,0.15932982081994207
1083,0.1498,0,4,0,43494,562116,1419,106537,5.20689910704361,0.1593307739589892
1084,0.1499,0,4,0,43498,562112,1419,106537,5.2068620549112605,0.15933172710944007
1085,0.15,107,2483,107,45981,559629,1526,106430,5.183861943754863,0.1597906491767246
1086,0.1501,0,5,0,45986,559624,1526,106430,5.183815628589425,0.15979184870896354
1087,0.1502,1,7,1,45993,559617,1527,106429,5.183750787357813,0.1597922666002048
1088,0.1503,3,12,3,46005,559605,1530,106426,5.183639630960762,0.15979136106277336
1089,0.1504,0,9,0,46014,559596,1530,106426,5.1835562636629735,0.15979352033416314
1090,0.1505,2,12,2,46026,559584,1532,106424,5.183445107265923,0.15979387634983364
1091,0.1507,0,27,0,46053,559557,1532,106424,5.183195005372559,0.15980035466477271
1092,0.1508,1,53,1,46106,559504,1533,106423,5.182704064618918,0.15981181120453142
1093,0.1509,1,2,1,46108,559502,1534,106422,5.182685538552744,0.15981102948684836
1094,0.151,2,39,2,46147,559463,1536,106420,5.182324280262329,0.15981786590136707
1095,0.1511,0,4,0,46151,559459,1536,106420,5.1822872281299786,0.1598188259428515
1096,0.1512,1,12,1,46163,559447,1537,106419,5.182176071732928,0.15982044435366877
1097,0.1513,2,15,2,46178,559432,1539,106417,5.182037126236615,0.15982152109562378
1098,0.1514,0,9,0,46187,559423,1539,106417,5.181953758938827,0.15982368136489247
1099,0.1515,2,10,2,46197,559413,1541,106415,5.1818611286079514,0.1598235580360093
1100,0.1516,0,5,0,46202,559408,1541,106415,5.1818148134425135,0.15982475823154202
1101,0.1517,12,207,12,46409,559201,1553,106403,5.17989736559339,0.1598593157493044
1102,0.1518,1,11,1,46420,559190,1554,106402,5.179795472229427,0.15986069544105097
1103,0.152,1,47,1,46467,559143,1555,106401,5.179360109674311,0.15987072229634705
1104,0.1521,0,11,0,46478,559132,1555,106401,5.179258216310348,0.15987336465659854
1105,0.1522,0,8,0,46486,559124,1555,106401,5.1791841120456485,0.15987528642800797
1106,0.1523,1,14,1,46500,559110,1556,106400,5.179054429582423,0.1598773872669081
1107,0.1524,0,7,0,46507,559103,1556,106400,5.1789895883508095,0.15987906891479076
1108,0.1525,12,210,12,46717,558893,1568,106388,5.177044351402423,0.15991438204307654
1109,0.1526,0,4,0,46721,558889,1568,106388,5.177007299270073,0.1599153435335958
1110,0.1527,0,30,0,46751,558859,1568,106388,5.176729408277446,0.15992255508104508
1111,0.1528,0,6,0,46757,558853,1568,106388,5.176673830078921,0.15992399746858657
1112,0.1529,0,10,0,46767,558843,1568,106388,5.176581199748045,0.1599264015056424
1113,0.153,0,28,0,46795,558815,1568,106388,5.176321834821594,0.15993313319392727
1114,0.1531,0,2,0,46797,558813,1568,106388,5.176303308755418,0.15993361405049
1115,0.1532,0,8,0,46805,558805,1568,106388,5.176229204490719,0.15993553750565626
1116,0.1533,23,463,23,47268,558342,1591,106365,5.171940420171181,0.16001787253632052
1117,0.1534,1,3,1,47271,558339,1592,106364,5.171912631071918,0.16001733104860366
1118,0.1535,2,13,2,47284,558326,1594,106362,5.17179221164178,0.16001793322581423
1119,0.1536,0,1,0,47285,558325,1594,106362,5.171782948608692,0.16001817396759677
1120,0.1537,1,13,1,47298,558312,1595,106361,5.171662529178554,0.16002003992940889
1121,0.1538,1,9,1,47307,558303,1596,106360,5.171579161880766,0.16002094294401825
1122,0.1539,0,4,0,47311,558299,1596,106360,5.171542109748416,0.16002190596982813
1123,0.154,4,68,4,47379,558231,1600,106356,5.170912223498462,0.16003322364114855
1124,0.1542,1,56,1,47435,558175,1601,106355,5.170393493645559,0.16004544565331888
1125,0.1543,0,21,0,47456,558154,1601,106355,5.170198969950721,0.16005050345443025
1126,0.1544,0,2,0,47458,558152,1601,106355,5.170180443884545,0.1600509851664467
1127,0.1545,1,19,1,47477,558133,1602,106354,5.170004446255882,0.16005429752576047
1128,0.1546,0,7,0,47484,558126,1602,106354,5.169939605024269,0.16005598362629425
1129,0.1547,0,12,0,47496,558114,1602,106354,5.169828448627219,0.16005887416700276
1130,0.1548,1,11,1,47507,558103,1603,106353,5.169726555263256,0.16006025982156832
1131,0.155,42,744,42,48251,557359,1645,106311,5.162834858646115,0.16018653849051487
1132,0.1551,1,1,1,48252,557358,1646,106310,5.162825595613027,0.16018551444396897
1133,0.1552,1,7,1,48259,557351,1647,106309,5.162760754381415,0.16018593858300936
1134,0.1553,3,24,3,48283,557327,1650,106306,5.162538441587313,0.1601879351991236
1135,0.1554,1,2,1,48285,557325,1651,106305,5.1625199155211385,0.16018715247954432
1136,0.1555,0,8,0,48293,557317,1651,106305,5.162445811256438,0.16018908354454794
1137,0.1556,0,2,0,48295,557315,1651,106305,5.162427285190263,0.1601895663180736
1138,0.1557,4,37,4,48332,557278,1655,106301,5.162084552966023,0.16019343589836327
1139,0.1558,5,78,5,48410,557200,1660,106296,5.161362036385194,0.16020593944801476
1140,0.1559,0,3,0,48413,557197,1660,106296,5.161334247285931,0.16020666382313
1141,0.156,3,83,3,48496,557114,1663,106293,5.160565415539664,0.16022290991804428
1142,0.1561,0,3,0,48499,557111,1663,106293,5.1605376264404015,0.1602236344670819
1143,0.1562,1,9,1,48508,557102,1664,106292,5.160454259142614,0.16022454227804292
1144,0.1563,0,14,0,48522,557088,1664,106292,5.160324576679388,0.16022792366366184
1145,0.1564,0,4,0,48526,557084,1664,106292,5.160287524547038,0.16022888980005306
1146,0.1565,1,18,1,48544,557066,1665,106291,5.160120789951462,0.160231971623123
1147,0.1566,0,1,0,48545,557065,1665,106291,5.160111526918374,0.16023221317060524
1148,0.1567,14,415,14,48960,556650,1679,106277,5.156267368187039,0.16031478579089403
1149,0.1568,1,11,1,48971,556639,1680,106276,5.156165474823076,0.16031617929900516
1150,0.1569,2,8,2,48979,556631,1682,106274,5.156091370558376,0.16031558066389603
1151,0.157,2,31,2,49010,556600,1684,106272,5.155804216532662,0.16032054453951894
1152,0.1571,0,5,0,49015,556595,1684,106272,5.155757901367224,0.1603217538359882
1153,0.1572,0,8,0,49023,556587,1684,106272,5.155683797102523,0.16032368874828584
1154,0.1573,2,51,2,49074,556536,1686,106270,5.155211382415058,0.1603334912478161
1155,0.1575,2,209,2,49283,556327,1688,106268,5.153275408499759,0.16038153019567006
1156,0.1576,0,1,0,49284,556326,1688,106268,5.153266145466672,0.1603817722466548
1157,0.1577,1,22,1,49306,556304,1689,106267,5.153062358738746,0.16038583034874754
1158,0.1578,2,13,2,49319,556291,1691,106265,5.152941939308607,0.16038644280634393
1159,0.1579,1,12,1,49331,556279,1692,106264,5.152830782911557,0.16038808047175807
1160,0.158,3,51,3,49382,556228,1695,106261,5.152358368224092,0.16039662545340375
1161,0.1581,0,8,0,49390,556220,1695,106261,5.152284263959391,0.1603985623738643
1162,0.1582,1,12,1,49402,556208,1696,106260,5.15217310756234,0.1604002004625129
1163,0.1583,14,206,14,49608,556002,1710,106246,5.150264922746304,0.16043234558654765
1164,0.1584,2,1,2,49609,556001,1712,106244,5.150255659713216,0.16043005232202584
1165,0.1585,2,24,2,49633,555977,1714,106242,5.150033346919115,0.16043333096755
1166,0.1586,0,3,0,49636,555974,1714,106242,5.150005557819853,0.16043405776967032
1167,0.1587,2,14,2,49650,555960,1716,106240,5.149875875356627,0.16043491392328602
1168,0.1588,0,11,0,49661,555949,1716,106240,5.149773981992664,0.16043757899934913
1169,0.1589,0,12,0,49673,555937,1716,106240,5.149662825595613,0.1604404864560382
1170,0.159,3,53,3,49726,555884,1719,106237,5.149171884841973,0.16044952508680438
1171,0.1591,1,4,1,49730,555880,1720,106236,5.149134832709622,0.1604492264195398
1172,0.1592,1,67,1,49797,555813,1721,106235,5.148514209492756,0.1604641959495384
1173,0.1593,0,40,0,49837,555773,1721,106235,5.148143688169254,0.16047389155418063
1174,0.1594,0,5,0,49842,555768,1721,106235,5.148097373003816,0.16047510358714387
1175,0.1595,2,18,2,49860,555750,1723,106233,5.147930638408241,0.1604769306764675
1176,0.1596,1,3,1,49863,555747,1724,106232,5.147902849308978,0.16047638973441755
1177,0.1597,1,15,1,49878,555732,1725,106231,5.147763903812664,0.1604787578761955
1178,0.1598,0,8,0,49886,555724,1725,106231,5.147689799547964,0.16048069732836825
1179,0.1599,0,3,0,49889,555721,1725,106231,5.147662010448701,0.16048142463501885
1180,0.16,78,2582,78,52471,553139,1803,106153,5.123744859016637,0.16101059924889125
1181,0.1601,0,5,0,52476,553134,1803,106153,5.123698543851199,0.16101182034531245
1182,0.1602,1,4,1,52480,553130,1804,106152,5.123661491718848,0.1610115246586438
1183,0.1603,2,13,2,52493,553117,1806,106150,5.1235410722887105,0.16101215440784994
1184,0.1604,0,9,0,52502,553108,1806,106150,5.123457704990922,0.161014352499325
1185,0.1605,1,8,1,52510,553100,1807,106149,5.123383600726222,0.1610150337732784
1186,0.1606,1,4,1,52514,553096,1808,106148,5.123346548593871,0.1610147380939379
1187,0.1607,1,24,1,52538,553072,1809,106147,5.123124235799771,0.16101932741623043
1188,0.1608,6,67,6,52605,553005,1815,106141,5.122503612582904,0.16102805751684757
1189,0.1609,0,5,0,52610,553000,1815,106141,5.1224572974174665,0.1610292790161741
1190,0.161,2,41,2,52651,552959,1817,106139,5.122077513060876,0.16103675022530792
1191,0.1611,1,6,1,52657,552953,1818,106138,5.122021934862351,0.1610369433052492
1192,0.1612,0,14,0,52671,552939,1818,106138,5.1218922523991255,0.16104036402423388
1193,0.1613,0,14,0,52685,552925,1818,106138,5.1217625699359,0.16104378488854632
1194,0.1614,0,9,0,52694,552916,1818,106138,5.121679202638112,0.16104598409235055
1195,0.1615,1,19,1,52713,552897,1819,106137,5.121503205009448,0.16104935405457077
1196,0.1616,0,7,0,52720,552890,1819,106137,5.121438363777836,0.1610510646756506
1197,0.1617,14,220,14,52940,552670,1833,106123,5.1194004964985735,0.16108701822879115
1198,0.1618,0,9,0,52949,552661,1833,106123,5.119317129200786,0.16108921892456404
1199,0.1619,0,3,0,52952,552658,1833,106123,5.119289340101523,0.16108995250318392
1200,0.162,4,43,4,52995,552615,1837,106119,5.118891029678758,0.16109537385348258
1201,0.1621,0,1,0,52996,552614,1837,106119,5.1188817666456705,0.16109561840685072
1202,0.1622,0,5,0,53001,552609,1837,106119,5.118835451480233,0.16109684118482895
1203,0.1623,0,15,0,53016,552594,1837,106119,5.11869650598392,0.1611005096301424
1204,0.1624,0,3,0,53019,552591,1837,106119,5.118668716884657,0.161101243339254
1205,0.1625,10,222,10,53241,552369,1847,106109,5.116612323539219,0.16114281722396193
1206,0.1626,1,1,1,53242,552368,1848,106108,5.116603060506132,0.16114178800745965
1207,0.1627,3,24,3,53266,552344,1851,106105,5.11638074771203,0.16114383953806596
1208,0.1628,0,7,0,53273,552337,1851,106105,5.116315906480418,0.1611455526834558
1209,0.1629,1,15,1,53288,552322,1852,106104,5.116176960984105,0.16114794980757138
1210,0.163,1,27,1,53315,552295,1853,106103,5.115926859090741,0.16115328418373082
1211,0.1631,0,6,0,53321,552289,1853,106103,5.1158712808922155,0.16115475279164995
1212,0.1632,0,6,0,53327,552283,1853,106103,5.11581570269369,0.16115622142633654
1213,0.1633,19,448,19,53775,551835,1872,106084,5.111665863870466,0.16124173340487202
1214,0.1634,0,5,0,53780,551830,1872,106084,5.111619548705028,0.16124295880616615
1215,0.1635,0,20,0,53800,551810,1872,106084,5.111434288043277,0.16124786059760388
1216,0.1636,0,6,0,53806,551804,1872,106084,5.111378709844751,0.1612493311931514
1217,0.1637,0,12,0,53818,551792,1872,106084,5.111267553447701,0.1612522724647198
1218,0.1638,0,8,0,53826,551784,1872,106084,5.111193449183,0.16125423337204425
1219,0.1639,3,7,3,53833,551777,1875,106081,5.111128607951388,0.16125212431862196
1220,0.164,3,75,3,53908,551702,1878,106078,5.110433880469821,0.16126668490984827
1221,0.1641,0,2,0,53910,551700,1878,106078,5.110415354403646,0.16126717524757592
1222,0.1642,1,66,1,53976,551634,1879,106077,5.109803994219868,0.16128208286010118
1223,0.1643,0,27,0,54003,551607,1879,106077,5.109553892326503,0.16128870399766454
1224,0.1644,0,4,0,54007,551603,1879,106077,5.1095168401941535,0.16128968495316873
1225,0.1645,0,10,0,54017,551593,1879,106077,5.109424209863278,0.16129213739413384
1226,0.1646,0,4,0,54021,551589,1879,106077,5.109387157730928,0.1612931183914023
1227,0.1647,0,19,0,54040,551570,1879,106077,5.109211160102264,0.1612977782913934
1228,0.1648,1,6,1,54046,551564,1880,106076,5.109155581903739,0.16129797457575573
1229,0.1649,0,2,0,54048,551562,1880,106076,5.1091370558375635,0.1612984651130257
1230,0.165,39,840,39,54888,550722,1919,106037,5.101356108044018,0.1614549629316081
1231,0.1651,0,2,0,54890,550720,1919,106037,5.101337581977843,0.16145545460497565
1232,0.1652,1,5,1,54895,550715,1920,106036,5.101291266812405,0.16145540699595431
1233,0.1653,0,20,0,54915,550695,1920,106036,5.101106006150654,0.1614603239378071
1234,0.1654,2,9,2,54924,550686,1922,106034,5.101022638852866,0.16145998294554756
1235,0.1655,1,13,1,54937,550673,1923,106033,5.100902219422728,0.16146190228199528
1236,0.1656,1,5,1,54942,550668,1924,106032,5.10085590425729,0.1614618547281864
1237,0.1657,2,27,2,54969,550641,1926,106030,5.100605802363926,0.16146593956486582
1238,0.1658,2,64,2,55033,550577,1928,106028,5.100012968246323,0.1614791236740506
1239,0.1659,0,1,0,55034,550576,1928,106028,5.100003705213235,0.16147936960481507
1240,0.166,5,85,5,55119,550491,1933,106023,5.099216347400793,0.16149389045778156
1241,0.1661,0,7,0,55126,550484,1933,106023,5.09915150616918,0.16149561238494028
1242,0.1662,1,11,1,55137,550473,1934,106022,5.099049612805217,0.16149704110465427
1243,0.1663,0,15,0,55152,550458,1934,106022,5.098910667308903,0.16150073117231295
1244,0.1664,0,7,0,55159,550451,1934,106022,5.098845826077291,0.16150245326159643
1245,0.1665,0,19,0,55178,550432,1934,106022,5.098669828448627,0.16150712768906886
1246,0.1666,0,4,0,55182,550428,1934,106022,5.098632776316277,0.16150811181354255
1247,0.1667,21,420,21,55602,550008,1955,106001,5.094742302419505,0.16158467338100543
1248,0.1668,0,14,0,55616,549994,1955,106001,5.094612619956279,0.1615881218606849
1249,0.1669,0,4,0,55620,549990,1955,106001,5.094575567823928,0.16158910716762884
1250,0.167,4,26,4,55646,549964,1959,105997,5.094334728963652,0.16159039942923437
1251,0.1671,0,8,0,55654,549956,1959,105997,5.0942606246989515,0.16159237018505898
1252,0.1672,1,9,1,55663,549947,1960,105996,5.094177257401164,0.1615933091747301
1253,0.1673,2,42,2,55705,549905,1962,105994,5.093788210011486,0.16160110016938584
1254,0.1674,0,1,0,55706,549904,1962,105994,5.093778946978398,0.16160134655083566
1255,0.1675,10,214,10,55920,549690,1972,105984,5.091796657897662,0.16164130345263042
1256,0.1676,0,6,0,55926,549684,1972,105984,5.091741079699137,0.16164278262779333
1257,0.1677,1,21,1,55947,549663,1973,105983,5.091546556004298,0.16164668128837817
1258,0.1678,0,14,0,55961,549649,1973,105983,5.091416873541072,0.16165013300143982
1259,0.1679,0,20,0,55981,549629,1973,105983,5.091231612879321,0.16165506427582169
1260,0.168,3,47,3,56028,549582,1976,105980,5.090796250324206,0.16166281755196305
1261,0.1681,0,1,0,56029,549581,1976,105980,5.090786987291119,0.16166306415421294
1262,0.1682,1,13,1,56042,549568,1977,105979,5.09066656786098,0.16166499122107186
1263,0.1683,12,216,12,56258,549352,1989,105967,5.088665752714069,0.16170292636105468
1264,0.1684,0,1,0,56259,549351,1989,105967,5.088656489680981,0.16170317311595286
1265,0.1685,3,17,3,56276,549334,1992,105964,5.088499018118493,0.16170353030224416
1266,0.1686,0,8,0,56284,549326,1992,105964,5.0884249138537925,0.16170550443315174
1267,0.1687,0,18,0,56302,549308,1992,105964,5.088258179258216,0.16170994640393607
1268,0.1688,1,11,1,56313,549297,1993,105963,5.088156285894253,0.16171138174159874
1269,0.1689,0,6,0,56319,549291,1993,105963,5.088100707695728,0.16171286249301797
1270,0.169,4,65,4,56384,549226,1997,105959,5.087498610545037,0.16172378793775805
1271,0.1691,0,2,0,56386,549224,1997,105959,5.0874800844788615,0.1617242816129234
1272,0.1692,8,81,8,56467,549143,2005,105951,5.0867297787987695,0.16173404122156515
1273,0.1693,2,26,2,56493,549117,2007,105949,5.086488939938493,0.1617379012191138
1274,0.1694,0,4,0,56497,549113,2007,105949,5.0864518878061435,0.1617388888380031
1275,0.1695,0,12,0,56509,549101,2007,105949,5.086340731409092,0.16174185176704067
1276,0.1696,0,3,0,56512,549098,2007,105949,5.08631294230983,0.1617425925162622
1277,0.1697,0,7,0,56519,549091,2007,105949,5.086248101078217,0.16174432095749877
1278,0.1698,1,8,1,56527,549083,2008,105948,5.086173996813517,0.16174501664806704
1279,0.1699,0,2,0,56529,549081,2008,105948,5.086155470747341,0.1617455105041151
1280,0.17,125,2677,125,59206,546404,2133,105823,5.0613583311719585,0.16224872628701356
1281,0.1701,0,3,0,59209,546401,2133,105823,5.061330542072696,0.16224947257383968
1282,0.1702,0,9,0,59218,546392,2133,105823,5.061247174774908,0.16225171147551037
1283,0.1703,0,9,0,59227,546383,2133,105823,5.06116380747712,0.16225395043897173
1284,0.1704,0,7,0,59234,546376,2133,105823,5.061098966245507,0.16225569189771832
1285,0.1705,1,9,1,59243,546367,2134,105822,5.061015598947719,0.16225664646291182
1286,0.1706,0,9,0,59252,546358,2134,105822,5.0609322316499314,0.16225888558373455
1287,0.1707,1,39,1,59291,546319,2135,105821,5.060570973359517,0.16226730456650412
1288,0.1708,5,89,5,59380,546230,2140,105816,5.059746563414724,0.16228302911144304
1289,0.1709,0,6,0,59386,546224,2140,105816,5.059690985216199,0.1622845224219373
1290,0.171,5,52,5,59438,546172,2145,105811,5.059209307495647,0.16229104133083225
1291,0.1711,0,5,0,59443,546167,2145,105811,5.059162992330209,0.1622922859360285
1292,0.1712,1,5,1,59448,546162,2146,105810,5.059116677164771,0.1622922456792623
1293,0.1713,0,34,0,59482,546128,2146,105810,5.058801734039794,0.16230070957667753
1294,0.1714,0,6,0,59488,546122,2146,105810,5.058746155841269,0.1623022032972764
1295,0.1715,2,17,2,59505,546105,2148,105808,5.058588684278781,0.16230386569987099
1296,0.1716,1,1,1,59506,546104,2149,105807,5.0585794212456925,0.16230282968073864
1297,0.1717,19,231,19,59737,545873,2168,105788,5.056439660602468,0.16233593847107622
1298,0.1718,0,8,0,59745,545865,2168,105788,5.056365556337767,0.16233793138372724
1299,0.1719,0,2,0,59747,545863,2168,105788,5.056347030271592,0.16233842961953562
1300,0.172,1,66,1,59813,545797,2169,105787,5.055735670087814,0.1623535875650722
1301,0.1721,0,5,0,59818,545792,2169,105787,5.055689354922376,0.1623548334123721
1302,0.1722,0,13,0,59831,545779,2169,105787,5.0555689354922375,0.16235807270483726
1303,0.1723,1,17,1,59848,545762,2170,105786,5.055411463929749,0.16236102328608176
1304,0.1724,0,10,0,59858,545752,2170,105786,5.055318833598873,0.16236351525160467
1305,0.1725,8,281,8,60139,545471,2178,105778,5.052715921301271,0.16242328203191098
1306,0.1726,1,4,1,60143,545467,2179,105777,5.052678869168921,0.16242299353237805
1307,0.1727,1,31,1,60174,545436,2180,105776,5.052391715143206,0.16242943926094727
1308,0.1728,1,11,1,60185,545425,2181,105775,5.052289821779244,0.1624308968058968
1309,0.1729,2,15,2,60200,545410,2183,105773,5.05215087628293,0.16243206594766754
1310,0.173,0,29,0,60229,545381,2183,105773,5.051882248323391,0.16243930007340812
1311,0.1731,0,5,0,60234,545376,2183,105773,5.051835933157953,0.1624405474015932
1312,0.1732,0,7,0,60241,545369,2183,105773,5.051771091926341,0.16244229369323435
1313,0.1733,20,498,20,60739,544871,2203,105753,5.047158101448739,0.16254088382844778
1314,0.1735,1,14,1,60753,544857,2204,105752,5.047028418985513,0.16254309423939725
1315,0.1736,0,4,0,60757,544853,2204,105752,5.046991366853162,0.16254409357444224
1316,0.1737,0,22,0,60779,544831,2204,105752,5.046787580125236,0.1625495901368465
1317,0.1738,0,3,0,60782,544828,2204,105752,5.046759791025973,0.16255033969688584
1318,0.1739,2,6,2,60788,544822,2206,105750,5.046704212827448,0.16254926433968878
1319,0.174,4,104,4,60892,544718,2210,105746,5.045740857386343,0.16257010380282383
1320,0.1741,0,2,0,60894,544716,2210,105746,5.045722331320167,0.16257060366324244
1321,0.1742,3,76,3,60970,544640,2213,105743,5.045018340805513,0.16258573794210487
1322,0.1743,0,27,0,60997,544613,2213,105743,5.044768238912149,0.16259248780667818
1323,0.1744,0,6,0,61003,544607,2213,105743,5.044712660713624,0.16259398785269472
1324,0.1745,0,9,0,61012,544598,2213,105743,5.044629293415836,0.16259623797361691
1325,0.1746,0,5,0,61017,544593,2213,105743,5.044582978250398,0.16259748806770655
1326,0.1747,1,17,1,61034,544576,2214,105742,5.04442550668791,0.16260045085635028
1327,0.1748,0,10,0,61044,544566,2214,105742,5.044332876357035,0.1626029512169618
1328,0.1749,0,2,0,61046,544564,2214,105742,5.044314350290859,0.16260345129831189
1329,0.175,33,923,33,61969,543641,2247,105709,5.035764570751047,0.1627920227920228
1330,0.1751,2,2,2,61971,543639,2249,105707,5.035746044684871,0.16278994557601031
1331,0.1752,0,3,0,61974,543636,2249,105707,5.035718255585609,0.16279069767441862
1332,0.1753,5,22,5,61996,543614,2254,105702,5.0355144688576825,0.1627897664619384
1333,0.1754,0,2,0,61998,543612,2254,105702,5.035495942791508,0.1627902678827193
1334,0.1755,1,13,1,62011,543599,2255,105701,5.0353755233613695,0.16279223779454796
1335,0.1756,0,2,0,62013,543597,2255,105701,5.035356997295194,0.1627927392352972
1336,0.1757,2,34,2,62047,543563,2257,105699,5.035042054170217,0.16279868527651395
1337,0.1758,5,81,5,62128,543482,2262,105694,5.0342917484901255,0.16281255006346507
1338,0.1759,0,1,0,62129,543481,2262,105694,5.034282485457038,0.16281280086263333
1339,0.176,4,100,4,62229,543381,2266,105690,5.033356182148283,0.16283272554158174
1340,0.1761,0,7,0,62236,543374,2266,105690,5.03329134091667,0.16283448165358116
1341,0.1762,0,17,0,62253,543357,2266,105690,5.033133869354181,0.16283874665471068
1342,0.1763,1,7,1,62260,543350,2267,105689,5.0330690281225685,0.16283921305191212
1343,0.1764,0,14,0,62274,543336,2267,105689,5.032939345659343,0.16284272562690189
1344,0.1765,2,13,2,62287,543323,2269,105687,5.032818926229204,0.16284340765165406
1345,0.1766,1,8,1,62295,543315,2270,105686,5.032744821964504,0.16284412504757312
1346,0.1767,19,471,19,62766,542844,2289,105667,5.028381933380266,0.16293786844016525
1347,0.1768,2,10,2,62776,542834,2291,105665,5.028289303049391,0.1629377994414795
1348,0.1769,1,3,1,62779,542831,2292,105664,5.028261513950127,0.16293726243070494
1349,0.177,3,37,3,62816,542794,2295,105661,5.027918781725888,0.1629426868479694
1350,0.1771,0,17,0,62833,542777,2295,105661,5.0277613101634,0.16294695869150172
1351,0.1772,3,9,3,62842,542768,2298,105658,5.027677942865612,0.16294534765725002
1352,0.1773,1,24,1,62866,542744,2299,105657,5.02745563007151,0.16295008798567553
1353,0.1774,1,9,1,62875,542735,2300,105656,5.0273722627737225,0.16295105885183478
1354,0.1775,12,255,12,63130,542480,2312,105644,5.025010189336396,0.162999672902099
1355,0.1776,1,6,1,63136,542474,2313,105643,5.024954611137871,0.1629998904518783
1356,0.1777,2,10,2,63146,542464,2315,105641,5.024861980806995,0.16299982255961612
1357,0.1778,0,11,0,63157,542453,2315,105641,5.024760087443032,0.16300258913058907
1358,0.1779,0,5,0,63162,542448,2315,105641,5.024713772277595,0.16300384669389545
1359,0.178,3,62,3,63224,542386,2318,105638,5.024139464226166,0.163015567324667
1360,0.1781,0,7,0,63231,542379,2318,105638,5.024074622994553,0.1630173282491046
1361,0.1782,1,9,1,63240,542370,2319,105637,5.023991255696766,0.16301830072823287
1362,0.1783,16,219,16,63459,542151,2335,105621,5.021962651450591,0.16305274077916304
1363,0.1784,0,3,0,63462,542148,2335,105621,5.021934862351328,0.16305349592215743
1364,0.1785,1,19,1,63481,542129,2336,105620,5.021758864722665,0.16305698657967824
1365,0.1786,0,7,0,63488,542122,2336,105620,5.021694023491052,0.16305874869932782
1366,0.1787,0,19,0,63507,542103,2336,105620,5.021518025862388,0.16306353178750793
1367,0.1788,2,9,2,63516,542094,2338,105618,5.0214346585646,0.16306321327997628
1368,0.1789,0,3,0,63519,542091,2338,105618,5.021406869465338,0.16306396854142832
1369,0.179,2,74,2,63593,542017,2340,105616,5.020721405016859,0.16308001599671418
1370,0.1792,3,69,3,63662,541948,2343,105613,5.020082255733818,0.16309351551436854
1371,0.1793,2,36,2,63698,541912,2345,105611,5.0197487865426655,0.1630999979923493
1372,0.1794,2,3,2,63701,541909,2347,105609,5.019720997443403,0.1630981686995574
1373,0.1795,0,8,0,63709,541901,2347,105609,5.019646893178702,0.16310018378094546
1374,0.1796,0,6,0,63715,541895,2347,105609,5.019591314980177,0.16310169512466333
1375,0.1797,3,17,3,63732,541878,2350,105606,5.019433843417689,0.16310209982022722
1376,0.1798,0,12,0,63744,541866,2350,105606,5.019322687020638,0.1631051226925643
1377,0.1799,1,4,1,63748,541862,2351,105605,5.019285634888288,0.16310483777551596
1378,0.18,115,2912,115,66660,538950,2466,105490,4.99231168253733,0.16369250822419465
1379,0.1801,0,2,0,66662,538948,2466,105490,4.992293156471155,0.16369301624050722
1380,0.1802,0,7,0,66669,538941,2466,105490,4.992228315239542,0.16369479432243328
1381,0.1803,0,21,0,66690,538920,2466,105490,4.992033791544704,0.16370012879998758
1382,0.1804,0,5,0,66695,538915,2466,105490,4.991987476379266,0.16370139896493666
1383,0.1805,1,11,1,66706,538904,2467,105489,4.991885583015303,0.16370289559321718
1384,0.1806,1,2,1,66708,538902,2468,105488,4.991867056949127,0.16370210586756467
1385,0.1807,2,27,2,66735,538875,2470,105486,4.991616955055764,0.1637063695661283
1386,0.1808,5,106,5,66841,538769,2475,105481,4.990635073548483,0.1637268141249515
1387,0.1809,0,1,0,66842,538768,2475,105481,4.990625810515395,0.1637270682608743
1388,0.181,3,67,3,66909,538701,2478,105478,4.990005187298529,0.16374020264553796
1389,0.1811,0,7,0,66916,538694,2478,105478,4.989940346066916,0.16374198195512998
1390,0.1812,0,18,0,66934,538676,2478,105478,4.98977361147134,0.1637465575002251
1391,0.1813,0,26,0,66960,538650,2478,105478,4.989532772611064,0.16375316707238313
1392,0.1814,0,7,0,66967,538643,2478,105478,4.989467931379451,0.16375494666374796
1393,0.1815,0,27,0,66994,538616,2478,105478,4.989217829486087,0.16376181116420896
1394,0.1817,9,245,9,67239,538371,2487,105469,4.986948386379636,0.16381243787276342
1395,0.1818,1,5,1,67244,538366,2488,105468,4.986902071214199,0.1638124112737134
1396,0.1819,0,7,0,67251,538359,2488,105468,4.986837229982585,0.16381419232185043
1397,0.182,1,89,1,67340,538270,2489,105467,4.986012820037793,0.1638355415332659
1398,0.1821,1,8,1,67348,538262,2490,105466,4.985938715773092,0.16383627867670816
1399,0.1822,2,10,2,67358,538252,2492,105464,4.985846085442217,0.16383622591329094
1400,0.1823,0,16,0,67374,538236,2492,105464,4.985697876912816,0.1638402982755942
1401,0.1824,0,1,0,67375,538235,2492,105464,4.985688613879729,0.16384055280496007
1402,0.1825,9,238,9,67613,537997,2501,105455,4.983484012004891,0.16388945873196448
1403,0.1826,2,3,2,67616,537994,2503,105453,4.9834562229056285,0.1638876240001119
1404,0.1827,0,32,0,67648,537962,2503,105453,4.983159805846826,0.16389577488867993
1405,0.1828,0,12,0,67660,537950,2503,105453,4.983048649449776,0.1638988316809216
1406,0.1829,0,5,0,67665,537945,2503,105453,4.983002334284338,0.16390010537800864
1407,0.183,3,38,3,67703,537907,2506,105450,4.982650339027011,0.1639058873999972
1408,0.1831,1,8,1,67711,537899,2507,105449,4.982576234762311,0.1639066259629314
1409,0.1832,0,5,0,67716,537894,2507,105449,4.982529919596873,0.16390789982948442
1410,0.1833,21,493,21,68209,537401,2528,105428,4.977963244284709,0.16400629094207014
1411,0.1834,1,2,1,68211,537399,2529,105427,4.9779447182185335,0.16400550071092332
1412,0.1835,4,23,4,68234,537376,2533,105423,4.97773166845752,0.1640061667799732
1413,0.1836,0,3,0,68237,537373,2533,105423,4.977703879358257,0.16400693221488621
1414,0.1837,3,17,3,68254,537356,2536,105420,4.977546407795769,0.16400736804112165
1415,0.1838,2,11,2,68265,537345,2538,105418,4.977444514431806,0.16400757355354928
1416,0.1839,0,6,0,68271,537339,2538,105418,4.977388936233281,0.16400910452939446
1417,0.184,6,102,6,68373,537237,2544,105412,4.97644410685835,0.1640273306268274
1418,0.1841,3,5,3,68378,537232,2547,105409,4.976397791692912,0.16402470430613672
1419,0.1842,11,86,11,68464,537146,2558,105398,4.975601170847383,0.1640323464229687
1420,0.1843,1,33,1,68497,537113,2559,105397,4.975295490755493,0.1640394702027984
1421,0.1844,0,7,0,68504,537106,2559,105397,4.97523064952388,0.1640412573949071
1422,0.1845,0,17,0,68521,537089,2559,105397,4.9750731779613915,0.16404559788073203
1423,0.1846,0,10,0,68531,537079,2559,105397,4.9749805476305164,0.16404815121498703
1424,0.1847,1,17,1,68548,537062,2560,105396,4.974823076068028,0.164051190894969
1425,0.1848,0,6,0,68554,537056,2560,105396,4.974767497869502,0.16405272300498713
1426,0.1849,1,6,1,68560,537050,2561,105395,4.974711919670977,0.1640529539493653
1427,0.185,66,1066,66,69626,535984,2627,105329,4.964837526399644,0.16423961466553774
1428,0.1851,0,1,0,69627,535983,2627,105329,4.964828263366557,0.16423987076493188
1429,0.1852,1,12,1,69639,535971,2628,105328,4.964717106969506,0.1642416407946995
1430,0.1853,1,23,1,69662,535948,2629,105327,4.964504057208492,0.1642462282172235
1431,0.1854,0,2,0,69664,535946,2629,105327,4.9644855311423175,0.16424674046778828
1432,0.1855,0,4,0,69668,535942,2629,105327,4.964448479009967,0.16424776497850357
1433,0.1856,0,5,0,69673,535937,2629,105327,4.964402163844529,0.16424904563487114
1434,0.1857,2,35,2,69708,535902,2631,105325,4.964077957686465,0.16425540409246647
1435,0.1858,3,74,3,69782,535828,2634,105322,4.963392493237986,0.16427045153240272
1436,0.1859,0,1,0,69783,535827,2634,105322,4.963383230204898,0.16427070774500155
1437,0.186,7,107,7,69890,535720,2641,105315,4.96239208566453,0.16428900138057984
1438,0.1861,0,7,0,69897,535713,2641,105315,4.962327244432917,0.1642907954098729
1439,0.1862,1,19,1,69916,535694,2642,105314,4.962151246804254,0.1642943613808252
1440,0.1863,2,10,2,69926,535684,2644,105312,4.962058616473378,0.16429431696921665
1441,0.1864,0,4,0,69930,535680,2644,105312,4.962021564341028,0.1642953422195597
1442,0.1865,4,13,4,69943,535667,2648,105308,4.96190114491089,0.16429345918327548
1443,0.1866,0,3,0,69946,535664,2648,105308,4.961873355811627,0.16429422814101083
1444,0.1867,29,484,29,70430,535180,2677,105279,4.957390047797251,0.1643805458272895
1445,0.1868,2,11,2,70441,535169,2679,105277,4.957288154433288,0.16438075965811325
1446,0.1869,1,13,1,70454,535156,2680,105276,4.957167735003149,0.16438279161565944
1447,0.187,1,44,1,70498,535112,2681,105275,4.956760161547297,0.16439278124009388
1448,0.1871,3,22,3,70520,535090,2684,105272,4.956556374819371,0.16439451435281918
1449,0.1872,4,25,4,70545,535065,2688,105268,4.956324798992182,0.1643957128556548
1450,0.1873,0,41,0,70586,535024,2688,105268,4.955945014635592,0.16440623965315826
1451,0.1874,1,3,1,70589,535021,2689,105267,4.9559172255363295,0.16440570493278026
1452,0.1875,14,266,14,70855,534755,2703,105253,4.95345325873504,0.16445575680303995
1453,0.1876,2,15,2,70870,534740,2705,105251,4.953314313238727,0.16445700017656498
1454,0.1877,1,29,1,70899,534711,2706,105250,4.9530456852791875,0.16446314697301867
1455,0.1878,0,10,0,70909,534701,2706,105250,4.9529530549483125,0.16446571690645065
1456,0.1879,0,10,0,70919,534691,2706,105250,4.952860424617437,0.16446828692020046
1457,0.188,0,63,0,70982,534628,2706,105250,4.952276853532921,0.16448447985397216
1458,0.1881,0,4,0,70986,534624,2706,105250,4.95223980140057,0.16448550808440413
1459,0.1882,1,18,1,71004,534606,2707,105249,4.952073066804995,0.1644888295004337
1460,0.1883,20,260,20,71264,534346,2727,105229,4.949664678202231,0.1645295704178556
1461,0.1884,0,1,0,71265,534345,2727,105229,4.949655415169143,0.16452982766654053
1462,0.1885,3,22,3,71287,534323,2730,105226,4.949451628441217,0.16453156833956428
1463,0.1886,0,8,0,71295,534315,2730,105226,4.9493775241765166,0.16453362646022696
1464,0.1887,2,36,2,71331,534279,2732,105224,4.9490440549853645,0.1645402758079321
1465,0.1888,1,6,1,71337,534273,2733,105223,4.948988476786839,0.16454051315410886
1466,0.1889,0,5,0,71342,534268,2733,105223,4.948942161621401,0.16454179965003415
1467,0.189,8,70,8,71412,534198,2741,105215,4.9482937493052725,0.1645493601162316
1468,0.1891,0,1,0,71413,534197,2741,105215,4.948284486272185,0.16454961746104232
1469,0.1892,5,61,5,71474,534136,2746,105210,4.947719441253844,0.16455878350689612
1470,0.1893,3,48,3,71522,534088,2749,105207,4.947274815665642,0.16456721857671341
1471,0.1894,1,1,1,71523,534087,2750,105206,4.947265552632554,0.16456616919002712
1472,0.1895,1,18,1,71541,534069,2751,105205,4.947098818036978,0.16456949602205
1473,0.1896,1,9,1,71550,534060,2752,105204,4.94701545073919,0.1645705060819943
1474,0.1897,1,15,1,71565,534045,2753,105203,4.9468765052428765,0.16457306084649462
1475,0.1898,2,24,2,71589,534021,2755,105201,4.946654192448776,0.16457662596093375
1476,0.1899,0,1,0,71590,534020,2755,105201,4.946644929415688,0.16457688342529422
1477,0.19,152,3088,152,74678,530932,2907,105049,4.918040683241321,0.1651763181604482
1478,0.1901,0,1,0,74679,530931,2907,105049,4.918031420208233,0.16517657787980755
1479,0.1902,1,11,1,74690,530920,2908,105048,4.9179295268442695,0.1651781221696689
1480,0.1903,3,17,3,74707,530903,2911,105045,4.917772055281781,0.16517859950813588
1481,0.1904,0,10,0,74717,530893,2911,105045,4.917679424950906,0.16518119690913266
1482,0.1905,1,17,1,74734,530876,2912,105044,4.917521953388418,0.16518429991193861
1483,0.1906,0,1,0,74735,530875,2912,105044,4.91751269035533,0.16518455966876286
1484,0.1907,1,33,1,74768,530842,2913,105043,4.917207010263441,0.16519181927549792
1485,0.1908,7,93,7,74861,530749,2920,105036,4.916345548186298,0.16520679160408
1486,0.1909,0,1,0,74862,530748,2920,105036,4.916336285153211,0.16520705145143633
1487,0.191,3,49,3,74911,530699,2923,105033,4.91588239653192,0.16521584567081726
1488,0.1911,1,4,1,74915,530695,2924,105032,4.91584534439957,0.16521557209305252
1489,0.1912,2,21,2,74936,530674,2926,105030,4.915650820704731,0.1652184035337201
1490,0.1913,0,19,0,74955,530655,2926,105030,4.915474823076068,0.16522334174945139
1491,0.1914,0,8,0,74963,530647,2926,105030,4.915400718811368,0.16522542108649518
1492,0.1915,2,24,2,74987,530623,2928,105028,4.915178406017266,0.16522903291271468
1493,0.1916,0,1,0,74988,530622,2928,105028,4.915169142984179,0.16522929284983875
1494,0.1917,14,288,14,75276,530334,2942,105014,4.912501389454963,0.16528579613062447
1495,0.1918,2,18,2,75294,530316,2944,105012,4.912334654859388,0.16528785131459656
1496,0.1919,0,8,0,75302,530308,2944,105012,4.912260550594687,0.16528993263237424
1497,0.192,1,66,1,75368,530242,2945,105011,4.911649190410908,0.16530579155076797
1498,0.1921,1,7,1,75375,530235,2946,105010,4.911584349179296,0.1653062991444246
1499,0.1922,0,15,0,75390,530220,2946,105010,4.911445403682982,0.16531020260378132
1500,0.1923,2,16,2,75406,530204,2948,105008,4.911297195153581,0.1653117384432284
1501,0.1924,1,7,1,75413,530197,2949,105007,4.911232353921968,0.16531224614454568
1502,0.1925,8,263,8,75676,529934,2957,104999,4.9087961762199415,0.165370204415269
1503,0.1926,0,2,0,75678,529932,2957,104999,4.908777650153766,0.1653707253229091
1504,0.1927,3,34,3,75712,529898,2960,104996,4.908462707028789,0.16537563750799347
1505,0.1928,0,12,0,75724,529886,2960,104996,4.908351550631739,0.16537876329774667
1506,0.1929,0,8,0,75732,529878,2960,104996,4.908277446367038,0.16538084722322854
1507,0.193,2,36,2,75768,529842,2962,104994,4.907943977175886,0.165387596166569
1508,0.1931,0,2,0,75770,529840,2962,104994,4.907925451109711,0.16538811720859312
1509,0.1932,0,8,0,75778,529832,2962,104994,4.907851346845011,0.1653902014095201
1510,0.1933,20,513,20,76291,529319,2982,104974,4.9030994108710955,0.16549764856304577
1511,0.1934,0,4,0,76295,529315,2982,104974,4.903062358738746,0.16549869223650418
1512,0.1935,0,26,0,76321,529289,2982,104974,4.902821519878469,0.1655054764348543
1513,0.1936,0,2,0,76323,529287,2982,104974,4.902802993812294,0.16550599831930388
1514,0.1937,0,16,0,76339,529271,2982,104974,4.902654785282893,0.16551017351338992
1515,0.1938,2,18,2,76357,529253,2984,104972,4.902488050687317,0.1655122393472348
1516,0.1939,0,4,0,76361,529249,2984,104972,4.902450998554967,0.16551328322461728
1517,0.194,8,98,8,76459,529151,2992,104964,4.901543221312386,0.16552833476577591
1518,0.1941,0,2,0,76461,529149,2992,104964,4.901524695246211,0.16552885684412716
1519,0.1942,3,85,3,76546,529064,2995,104961,4.900737337433769,0.16554709987776509
1520,0.1943,2,43,2,76589,529021,2997,104959,4.900339027011005,0.16555569576327328
1521,0.1944,0,3,0,76592,529018,2997,104959,4.900311237911742,0.1655564791782667
1522,0.1945,1,16,1,76608,529002,2998,104958,4.900163029382341,0.16555934128336172
1523,0.1946,2,9,2,76617,528993,3000,104956,4.900079662084553,0.16555905916722008
1524,0.1947,2,31,2,76648,528962,3002,104954,4.899792508058839,0.16556452274433836
1525,0.1948,3,12,3,76660,528950,3005,104951,4.899681351661788,0.16556370789760547
1526,0.1949,0,4,0,76664,528946,3005,104951,4.899644299529438,0.16556475263331424
1527,0.195,51,1074,51,77738,527872,3056,104900,4.889695801993405,0.16577851105927568
1528,0.1951,2,4,2,77742,527868,3058,104898,4.889658749861055,0.16577692227458493
1529,0.1952,0,14,0,77756,527854,3058,104898,4.889529067397829,0.1657805901838319
1530,0.1953,0,21,0,77777,527833,3058,104898,4.88933454370299,0.16578609235204217
1531,0.1954,1,6,1,77783,527827,3059,104897,4.889278965504465,0.16578634602133
1532,0.1955,0,22,0,77805,527805,3059,104897,4.8890751787765385,0.16579211066189137
1533,0.1956,0,6,0,77811,527799,3059,104897,4.889019600578013,0.16579368290616664
1534,0.1957,3,26,3,77837,527773,3062,104894,4.888778761717737,0.1657965406762167
1535,0.1958,3,97,3,77934,527676,3065,104891,4.887880247508244,0.16581800821098794
1536,0.1959,0,2,0,77936,527674,3065,104891,4.887861721442069,0.16581853248282785
1537,0.196,5,102,5,78038,527572,3070,104886,4.886916892067139,0.1658386801969459
1538,0.1961,0,2,0,78040,527570,3070,104886,4.886898366000963,0.16583920462451143
1539,0.1962,3,18,3,78058,527552,3073,104883,4.886731631405388,0.1658399677437207
1540,0.1963,0,13,0,78071,527539,3073,104883,4.886611211975249,0.16584337673262473
1541,0.1964,0,8,0,78079,527531,3073,104883,4.886537107710549,0.16584547464161134
1542,0.1965,2,15,2,78094,527516,3075,104881,4.886398162214236,0.16584677030409695
1543,0.1966,0,5,0,78099,527511,3075,104881,4.886351847048798,0.16584808156965933
1544,0.1967,27,513,27,78612,526998,3102,104854,4.881599911074883,0.16594708887524293
1545,0.1968,1,10,1,78622,526988,3103,104853,4.881507280744007,0.16594839524500626
1546,0.1969,0,5,0,78627,526983,3103,104853,4.881460965578569,0.16594970846865326
1547,0.197,4,33,4,78660,526950,3107,104849,4.881155285486679,0.1659530958421903
1548,0.1971,1,12,1,78672,526938,3108,104848,4.881044129089629,0.16595492777617737
1549,0.1972,0,6,0,78678,526932,3108,104848,4.880988550891104,0.1659565038462756
1550,0.1973,3,38,3,78716,526894,3111,104845,4.880636555633776,0.16596252566328817
1551,0.1974,0,7,0,78723,526887,3111,104845,4.880571714402164,0.16596436463563663
1552,0.1975,13,279,13,79002,526608,3124,104832,4.877987328170736,0.1660205245153934
1553,0.1976,1,9,1,79011,526599,3125,104831,4.877903960872948,0.1660215700869455
1554,0.1977,1,25,1,79036,526574,3126,104830,4.877672385045759,0.16602682276323874
1555,0.1978,0,9,0,79045,526565,3126,104830,4.8775890177479715,0.16602918933472707
1556,0.1979,0,6,0,79051,526559,3126,104830,4.877533439549446,0.1660307670865346
1557,0.198,2,74,2,79125,526485,3128,104828,4.876847975100967,0.166047586537898
1558,0.1981,1,6,1,79131,526479,3129,104827,4.876792396902442,0.16604784367644218
1559,0.1982,0,19,0,79150,526460,3129,104827,4.876616399273778,0.1660528412592054
1560,0.1983,15,290,15,79440,526170,3144,104812,4.873930119678388,0.1661093343391729
1561,0.1984,0,7,0,79447,526163,3144,104812,4.873865278446774,0.16611117714647966
1562,0.1985,0,21,0,79468,526142,3144,104812,4.873670754751936,0.16611670581373603
1563,0.1986,0,7,0,79475,526135,3144,104812,4.873605913520323,0.16611854878460472
1564,0.1987,1,17,1,79492,526118,3145,104811,4.8734484419578346,0.1661217030759404
1565,0.1988,0,18,0,79510,526100,3145,104811,4.873281707362259,0.16612644255687412
1566,0.1989,1,5,1,79515,526095,3146,104810,4.873235392196821,0.1661264374192628
1567,0.199,7,73,7,79588,526022,3153,104803,4.87255919078143,0.16613640867118457
1568,0.1991,0,9,0,79597,526013,3153,104803,4.872475823483642,0.16613877897833917
1569,0.1992,5,80,5,79677,525933,3158,104798,4.871734780836637,0.16615324123913364
1570,0.1993,2,58,2,79735,525875,3160,104796,4.871197524917559,0.16616587729576912
1571,0.1994,0,6,0,79741,525869,3160,104796,4.8711419467190336,0.1661674581592446
1572,0.1995,0,25,0,79766,525844,3160,104796,4.870910370891845,0.16617404541418243
1573,0.1996,0,5,0,79771,525839,3160,104796,4.870864055726407,0.16617536292784257
1574,0.1997,0,14,0,79785,525825,3160,104796,4.870734373263181,0.16617905207723815
1575,0.1998,1,17,1,79802,525808,3161,104795,4.870576901700693,0.16618220972624614
1576,0.1999,1,5,1,79807,525803,3162,104794,4.8705305865352555,0.1661822051167386
1577,0.2,135,3091,135,82898,522712,3297,104659,4.841898551261625,0.16682154578391414
1578,0.2001,0,3,0,82901,522709,3297,104659,4.841870762162363,0.16682234350492853
1579,0.2002,1,14,1,82915,522695,3298,104658,4.841741079699137,0.16682473822552854
1580,0.2003,3,18,3,82933,522677,3301,104655,4.84157434510356,0.16682554054312548
1581,0.2004,0,9,0,82942,522668,3301,104655,4.841490977805773,0.16682793393514983
1582,0.2005,4,10,4,82952,522658,3305,104651,4.841398347474898,0.16682528068304456
1583,0.2006,0,2,0,82954,522656,3305,104651,4.841379821408722,0.16682581256067602
1584,0.2007,3,37,3,82991,522619,3308,104648,4.841037089184483,0.16683166817320216
1585,0.2008,5,94,5,83085,522525,3313,104643,4.8401663640742525,0.16685003061380682
1586,0.2009,0,2,0,83087,522523,3313,104643,4.840147838008077,0.16685056268994175
1587,0.201,2,56,2,83143,522467,3315,104641,4.839629108155174,0.16686280513085466
1588,0.2011,1,2,1,83145,522465,3316,104640,4.839610582089,0.1668620087545148
1589,0.2012,0,14,0,83159,522451,3316,104640,4.839480899625774,0.1668657340003285
1590,0.2013,2,17,2,83176,522434,3318,104638,4.839323428063285,0.16686760053072056
1591,0.2014,0,9,0,83185,522425,3318,104638,4.839240060765497,0.1668699955187916
1592,0.2015,1,20,1,83205,522405,3319,104637,4.839054800103746,0.166873989302152
1593,0.2016,2,3,2,83208,522402,3321,104635,4.839027011004483,0.1668721303527543
1594,0.2017,15,275,15,83483,522127,3336,104620,4.836479676905406,0.16692541009370607
1595,0.2018,2,19,2,83502,522108,3338,104618,4.836303679276742,0.16692781215395563
1596,0.2019,0,6,0,83508,522102,3338,104618,4.836248101078217,0.16692941026295635
1597,0.202,4,76,4,83584,522026,3342,104614,4.835544110563563,0.1669443380569386
1598,0.2021,0,10,0,83594,522016,3342,104614,4.835451480232687,0.1669470022182149
1599,0.2022,1,15,1,83609,522001,3343,104613,4.835312534736374,0.16694966917432422
1600,0.2023,1,36,1,83645,521965,3344,104612,4.834979065545222,0.16695793174661694
1601,0.2024,0,10,0,83655,521955,3344,104612,4.834886435214346,0.16696059639272418
1602,0.2025,21,298,21,83953,521657,3365,104591,4.832126051354256,0.16701211021831608
1603,0.2026,0,5,0,83958,521652,3365,104591,4.832079736188818,0.16701344366324256
1604,0.2027,0,38,0,83996,521614,3365,104591,4.83172774093149,0.16702357854057379
1605,0.2028,1,10,1,84006,521604,3366,104590,4.831635110600615,0.1670249156012354
1606,0.2029,1,8,1,84014,521596,3367,104589,4.831561006335915,0.16702571923632792
1607,0.203,0,39,0,84053,521557,3367,104589,4.8311997480455,0.1670361225656636
1608,0.2031,1,5,1,84058,521552,3368,104588,4.831153432880062,0.16703612610598267
1609,0.2032,0,7,0,84065,521545,3368,104588,4.83108859164845,0.16703799352533727
1610,0.2033,31,533,31,84598,521012,3399,104557,4.826151395012783,0.1671390366210602
1611,0.2034,0,4,0,84602,521008,3399,104557,4.826114342880433,0.16714010534476834
1612,0.2035,1,21,1,84623,520987,3400,104556,4.825919819185594,0.16714438495834819
1613,0.2036,1,12,1,84635,520975,3401,104555,4.8258086627885435,0.16714625997154414
1614,0.2037,0,29,0,84664,520946,3401,104555,4.825540034829005,0.16715400934610816
1615,0.2038,0,12,0,84676,520934,3401,104555,4.8254288784319534,0.16715721619404977
1616,0.2039,0,3,0,84679,520931,3401,104555,4.825401089332691,0.1671580179252613
1617,0.204,4,88,4,84767,520843,3405,104551,4.8245859424209865,0.16717621211588216
1618,0.2041,1,2,1,84769,520841,3406,104550,4.824567416354811,0.16717541506033826
1619,0.2042,8,97,8,84866,520744,3414,104542,4.823668902145318,0.16719069353863672
1620,0.2043,5,41,5,84907,520703,3419,104537,4.823289117788729,0.1671949971211055
1621,0.2044,1,8,1,84915,520695,3420,104536,4.823215013524028,0.1671958044306824
1622,0.2045,1,28,1,84943,520667,3421,104535,4.822955648597577,0.1672019603264225
1623,0.2046,0,5,0,84948,520662,3421,104535,4.822909333432139,0.1672032975206215
1624,0.2047,0,15,0,84963,520647,3421,104535,4.822770387935826,0.16720730923155178
1625,0.2048,1,15,1,84978,520632,3422,104534,4.822631442439512,0.16720998902691445
1626,0.2049,1,2,1,84980,520630,3423,104533,4.8226129163733376,0.16720919184276742
1627,0.205,61,1074,61,86054,519556,3484,104472,4.812664418837304,0.16741556468619997
1628,0.2051,1,6,1,86060,519550,3485,104471,4.812608840638779,0.1674158401720455
1629,0.2052,2,9,2,86069,519541,3487,104469,4.81252547334099,0.16741558628868128
1630,0.2053,2,26,2,86095,519515,3489,104467,4.812284634480714,0.16741989352256956
1631,0.2054,0,7,0,86102,519508,3489,104467,4.812219793249102,0.1674217717055972
1632,0.2055,0,21,0,86123,519487,3489,104467,4.812025269554263,0.167427406507531
1633,0.2056,0,6,0,86129,519481,3489,104467,4.8119696913557375,0.1674290165206075
1634,0.2057,0,32,0,86161,519449,3489,104467,4.811673274296936,0.16743760377999603
1635,0.2058,7,114,7,86275,519335,3496,104460,4.810617288524955,0.1674588606833976
1636,0.2059,0,7,0,86282,519328,3496,104460,4.810552447293341,0.1674607398667496
1637,0.206,8,108,8,86390,519220,3504,104452,4.809552039719886,0.16747905950563757
1638,0.2061,0,1,0,86391,519219,3504,104452,4.809542776686798,0.16747932804315097
1639,0.2062,1,26,1,86417,519193,3505,104451,4.809301937826522,0.16748497540263355
1640,0.2063,1,13,1,86430,519180,3506,104450,4.809181518396383,0.16748713179289001
1641,0.2064,0,8,0,86438,519172,3506,104450,4.809107414131684,0.16748928036534952
1642,0.2065,1,28,1,86466,519144,3507,104449,4.808848049205232,0.16749546579259228
1643,0.2067,32,554,32,87020,518590,3539,104417,4.803716328874727,0.1676016481355747
1644,0.2068,0,9,0,87029,518581,3539,104417,4.803632961576938,0.1676040693549578
1645,0.2069,0,5,0,87034,518576,3539,104417,4.803586646411501,0.1676054145070651
1646,0.207,2,50,2,87084,518526,3541,104415,4.8031234947571235,0.16761619479212317
1647,0.2071,1,19,1,87103,518507,3542,104414,4.80294749712846,0.16761997107177315
1648,0.2072,0,14,0,87117,518493,3542,104414,4.802817814665234,0.16762373837507044
1649,0.2073,1,33,1,87150,518460,3543,104413,4.802512134573345,0.16763128278156222
1650,0.2074,0,10,0,87160,518450,3543,104413,4.8024195042424696,0.16763397408418865
1651,0.2075,22,318,22,87478,518132,3565,104391,4.799473859720627,0.16769018976005706
1652,0.2076,0,7,0,87485,518125,3565,104391,4.799409018489014,0.16769207538440778
1653,0.2077,0,36,0,87521,518089,3565,104391,4.7990755492978625,0.16770177355095747
1654,0.2078,0,9,0,87530,518080,3565,104391,4.798992182000074,0.1677041982678711
1655,0.2079,1,8,1,87538,518072,3566,104390,4.798918077735373,0.16770501653112962
1656,0.208,5,62,5,87600,518010,3571,104385,4.798343769683945,0.16771503627117826
1657,0.2081,0,4,0,87604,518006,3571,104385,4.798306717551595,0.1677161141468948
1658,0.2082,0,17,0,87621,517989,3571,104385,4.798149245989107,0.16772069527326014
1659,0.2083,10,308,10,87929,517681,3581,104375,4.79529623179814,0.16779035971037978
1660,0.2084,0,2,0,87931,517679,3581,104375,4.795277705731965,0.1677908991823861
1661,0.2085,0,33,0,87964,517646,3581,104375,4.794972025640075,0.16779980097134983
1662,0.2086,0,7,0,87971,517639,3581,104375,4.794907184408463,0.16780168935104356
1663,0.2087,1,25,1,87996,517614,3582,104374,4.794675608581274,0.16780709595683518
1664,0.2088,1,6,1,88002,517608,3583,104373,4.794620030382749,0.16780737675266608
1665,0.2089,0,9,0,88011,517599,3583,104373,4.79453666308496,0.16780980494298778
1666,0.209,3,61,3,88072,517538,3586,104370,4.79397161806662,0.16782225023636937
1667,0.2091,1,1,1,88073,517537,3587,104369,4.793962355033532,0.16782118197927018
1668,0.2092,5,100,5,88173,517437,3592,104364,4.793036051724777,0.16784147983036374
1669,0.2093,3,56,3,88229,517381,3595,104361,4.792517321871873,0.1678525819391323
1670,0.2094,0,5,0,88234,517376,3595,104361,4.792471006706436,0.16785393180717892
1671,0.2095,4,19,4,88253,517357,3599,104357,4.7922950090777725,0.1678537076533583
1672,0.2096,1,5,1,88258,517352,3600,104356,4.7922486939123345,0.16785371910929248
1673,0.2097,0,14,0,88272,517338,3600,104356,4.792119011449109,0.16785749902685243
1674,0.2098,2,16,2,88288,517322,3602,104354,4.791970802919708,0.16785914206113794
1675,0.2099,2,3,2,88291,517319,3604,104352,4.791943013820445,0.1678572749895041
1676,0.21,147,3354,147,91645,513965,3751,104205,4.760874800844789,0.16857013442904056
1677,0.2101,0,6,0,91651,513959,3751,104205,4.760819222646263,0.16857177059809372
1678,0.2102,1,10,1,91661,513949,3752,104204,4.760726592315388,0.16857315260137862
1679,0.2103,1,36,1,91697,513913,3753,104203,4.760393123124236,0.16858162545541613
1680,0.2104,2,9,2,91706,513904,3755,104201,4.760309755826448,0.16858138989330293
1681,0.2105,2,13,2,91719,513891,3757,104199,4.7601893363963095,0.16858224530408192
1682,0.2106,0,4,0,91723,513887,3757,104199,4.76015228426396,0.16858333629947936
1683,0.2107,2,38,2,91761,513849,3759,104197,4.759800289006632,0.16859101102506932
1684,0.2108,2,88,2,91849,513761,3761,104195,4.758985142094928,0.16861232838583975
1685,0.2109,1,8,1,91857,513753,3762,104194,4.758911037830227,0.16861316585402955
1686,0.211,4,64,4,91921,513689,3766,104190,4.758318203712624,0.16862524863282294
1687,0.2111,0,4,0,91925,513685,3766,104190,4.758281151580274,0.1686263402791827
1688,0.2112,2,23,2,91948,513662,3768,104188,4.758068101819259,0.16862992635753016
1689,0.2113,2,34,2,91982,513628,3770,104186,4.757753158694283,0.16863651519713052
1690,0.2114,2,11,2,91993,513617,3772,104184,4.75765126533032,0.16863682642145286
1691,0.2115,1,33,1,92026,513584,3773,104183,4.75734558523843,0.16864448894162362
1692,0.2116,1,6,1,92032,513578,3774,104182,4.757290007039905,0.16864478114478115
1693,0.2117,18,294,18,92326,513284,3792,104164,4.754566675312164,0.16870084606315025
1694,0.2118,1,13,1,92339,513271,3793,104163,4.754446255882026,0.16870305166220195
1695,0.2119,0,3,0,92342,513268,3793,104163,4.754418466782763,0.16870387136376372
1696,0.212,2,63,2,92405,513205,3795,104161,4.7538348956982475,0.16871839395107602
1697,0.2121,1,7,1,92412,513198,3796,104160,4.753770054466634,0.1687189604735016
1698,0.2122,0,8,0,92420,513190,3796,104160,4.7536959502019345,0.16872114683728842
1699,0.2123,1,38,1,92458,513152,3797,104159,4.753343954944607,0.16873018624323882
1700,0.2124,2,9,2,92467,513143,3799,104157,4.753260587646819,0.16872995302122146
1701,0.2125,14,290,14,92757,512853,3813,104143,4.750574308051428,0.16879039734455328
1702,0.2126,1,4,1,92761,512849,3814,104142,4.750537255919078,0.16879014442674203
1703,0.2127,4,27,4,92788,512822,3818,104138,4.750287154025714,0.16879214211618257
1704,0.2128,1,9,1,92797,512813,3819,104137,4.750203786727926,0.1687932571521193
1705,0.2129,0,13,0,92810,512800,3819,104137,4.750083367297788,0.16879681393724155
1706,0.213,3,38,3,92848,512762,3822,104134,4.749731372040461,0.1688031694159145
1707,0.2131,0,6,0,92854,512756,3822,104134,4.749675793841935,0.16880481123052732
1708,0.2132,4,21,4,92875,512735,3826,104130,4.749481270147097,0.16880516806756746
1709,0.2133,36,581,36,93456,512154,3862,104094,4.744099447923228,0.16891576118705456
1710,0.2134,0,1,0,93457,512153,3862,104094,4.7440901848901404,0.16891603529104401
1711,0.2135,3,30,3,93487,512123,3865,104091,4.743812293897514,0.16892021278322142
1712,0.2136,2,8,2,93495,512115,3867,104089,4.743738189632813,0.1689197084082544
1713,0.2137,1,16,1,93511,512099,3868,104088,4.743589981103413,0.16892274585474865
1714,0.2138,1,21,1,93532,512078,3869,104087,4.743395457408574,0.16892715425251353
1715,0.2139,0,5,0,93537,512073,3869,104087,4.743349142243136,0.16892852505842637
1716,0.214,2,140,2,93677,511933,3871,104085,4.742052317610878,0.16896421857802857
1717,0.2141,1,4,1,93681,511929,3872,104084,4.742015265478528,0.16896396666953456
1718,0.2142,4,94,4,93775,511835,3876,104080,4.741144540368298,0.1689843566076488
1719,0.2143,5,43,5,93818,511792,3881,104075,4.740746229945533,0.16898940842746893
1720,0.2144,0,9,0,93827,511783,3881,104075,4.740662862647746,0.16899187799785015
1721,0.2145,0,17,0,93844,511766,3881,104075,4.740505391085257,0.16899654293884298
1722,0.2146,1,4,1,93848,511762,3882,104074,4.7404683389529065,0.16899629122038984
1723,0.2147,0,25,0,93873,511737,3882,104074,4.740236763125718,0.1690031519410988
1724,0.2148,0,10,0,93883,511727,3882,104074,4.740144132794843,0.16900589638535826
1725,0.2149,0,3,0,93886,511724,3882,104074,4.74011634369558,0.16900671973601733
1726,0.215,59,1191,59,95077,510533,3941,104015,4.729084071288303,0.1692544764607484
1727,0.2151,0,3,0,95080,510530,3941,104015,4.72905628218904,0.16925530270362626
1728,0.2152,1,14,1,95094,510516,3942,104014,4.728926599725814,0.16925780677916458
1729,0.2153,4,30,4,95124,510486,3946,104010,4.728648708733187,0.16926066239650053
1730,0.2154,1,8,1,95132,510478,3947,104009,4.728574604468487,0.16926151407596907
1731,0.2155,1,24,1,95156,510454,3948,104008,4.728352291674386,0.16926677320973468
1732,0.2156,1,7,1,95163,510447,3949,104007,4.728287450442773,0.16926734954935602
1733,0.2157,3,33,3,95196,510414,3952,104004,4.727981770350883,0.16927238459810748
1734,0.2158,10,113,10,95309,510301,3962,103994,4.72693504761199,0.1692899991046647
1735,0.2159,0,3,0,95312,510298,3962,103994,4.726907258512727,0.16929082586131677
1736,0.216,7,96,7,95408,510202,3969,103987,4.7260180073363225,0.1693078189287011
1737,0.2161,1,3,1,95411,510199,3970,103986,4.72599021823706,0.16930729340508152
1738,0.2162,3,22,3,95433,510177,3973,103983,4.725786431509134,0.16930930050801093
1739,0.2163,1,22,1,95455,510155,3974,103982,4.725582644781207,0.1693140129971
1740,0.2164,0,9,0,95464,510146,3974,103982,4.7254992774834195,0.16931649428132245
1741,0.2165,1,23,1,95487,510123,3975,103981,4.725286227722405,0.16932148300613578
1742,0.2166,0,2,0,95489,510121,3975,103981,4.725267701656231,0.16932203445030305
1743,0.2167,29,601,29,96090,509520,4004,103952,4.71970061877061,0.1694486463929894
1744,0.2168,0,19,0,96109,509501,4004,103952,4.719524621141947,0.16945389459339183
1745,0.2169,2,4,2,96113,509497,4006,103950,4.719487569009597,0.16945229172202325
1746,0.217,5,51,5,96164,509446,4011,103945,4.719015154322131,0.16945961059096074
1747,0.2171,1,16,1,96180,509430,4012,103944,4.718866945792731,0.16946267693120348
1748,0.2172,0,17,0,96197,509413,4012,103944,4.718709474230242,0.16946737381329308
1749,0.2173,6,51,6,96248,509362,4018,103938,4.718237059542776,0.1694733409424425
1750,0.2174,1,4,1,96252,509358,4019,103937,4.7182000074104264,0.16947309206825426
1751,0.2175,15,289,15,96541,509069,4034,103922,4.7155229908481235,0.16953266850573662
1752,0.2176,0,14,0,96555,509055,4034,103922,4.715393308384898,0.1695365405227276
1753,0.2177,0,30,0,96585,509025,4034,103922,4.715115417392271,0.16954483829760159
1754,0.2178,0,8,0,96593,509017,4034,103922,4.71504131312757,0.16954705117474986
1755,0.2179,0,12,0,96605,509005,4034,103922,4.71493015673052,0.16955037059878256
1756,0.218,3,53,3,96658,508952,4037,103919,4.7144392159768795,0.16956096796878953
1757,0.2181,0,12,0,96670,508940,4037,103919,4.714328059579829,0.169564288033626
1758,0.2182,0,13,0,96683,508927,4037,103919,4.714207640149691,0.1695678849172549
1759,0.2183,12,315,12,96998,508612,4049,103907,4.711289784727111,0.16963881936723596
1760,0.2184,1,2,1,97000,508610,4050,103906,4.711271258660936,0.16963801761913158
1761,0.2185,4,30,4,97030,508580,4054,103902,4.710993367668309,0.16964090373268112
1762,0.2186,2,8,2,97038,508572,4056,103900,4.710919263403609,0.16964040805130684
1763,0.2187,2,28,2,97066,508544,4058,103898,4.710659898477157,0.16964545214077414
1764,0.2188,1,29,1,97095,508515,4059,103897,4.7103912705176185,0.1696521296120912
1765,0.2189,0,5,0,97100,508510,4059,103897,4.710344955352181,0.16965351473774792
1766,0.219,1,82,1,97182,508428,4060,103896,4.709585386639001,0.16967487800576164
1767,0.2191,0,4,0,97186,508424,4060,103896,4.709548334506651,0.16967598641233342
1768,0.2192,5,103,5,97289,508321,4065,103891,4.708594242098632,0.16969775175919452
1769,0.2193,4,35,4,97324,508286,4069,103887,4.7082700359405685,0.16970202867490072
1770,0.2194,0,7,0,97331,508279,4069,103887,4.708205194708955,0.16970396918482894
1771,0.2195,1,17,1,97348,508262,4070,103886,4.708047723146467,0.16970732567941085
1772,0.2196,0,9,0,97357,508253,4070,103886,4.707964355848679,0.16970982080867253
1773,0.2197,2,20,2,97377,508233,4072,103884,4.707779095186928,0.1697126529732061
1774,0.2198,2,15,2,97392,508218,4074,103882,4.707640149690615,0.16971409900343082
1775,0.2199,0,5,0,97397,508213,4074,103882,4.707593834525177,0.16971548534132774
1776,0.22,172,3409,172,100806,504804,4246,103710,4.676016154729704,0.17043157593744762
1777,0.2201,0,5,0,100811,504799,4246,103710,4.675969839564267,0.1704329763405307
1778,0.2202,1,20,1,100831,504779,4247,103709,4.675784578902515,0.17043721486701463
1779,0.2203,3,33,3,100864,504746,4250,103706,4.675478898810627,0.17044236850236338
1780,0.2204,0,1,0,100865,504745,4250,103706,4.675469635777539,0.17044264862741618
1781,0.2205,0,24,0,100889,504721,4250,103706,4.675247322983438,0.17044937190492862
1782,0.2206,0,2,0,100891,504719,4250,103706,4.675228796917263,0.17044993220199697
1783,0.2207,2,43,2,100934,504676,4252,103704,4.674830486494498,0.17045925244090865
1784,0.2208,6,93,6,101027,504583,4258,103698,4.673969024417355,0.17047713145733634
1785,0.2209,1,2,1,101029,504581,4259,103697,4.67395049835118,0.17047632825780318
1786,0.221,3,65,3,101094,504516,4262,103694,4.673348401200489,0.17049045559921738
1787,0.2211,0,3,0,101097,504513,4262,103694,4.673320612101226,0.17049129654870793
1788,0.2212,0,16,0,101113,504497,4262,103694,4.673172403571826,0.17049578175277175
1789,0.2213,2,21,2,101134,504476,4264,103692,4.672977879876987,0.17049894108206942
1790,0.2214,0,7,0,101141,504469,4264,103692,4.672913038645374,0.170500903543634
1791,0.2215,6,19,6,101160,504450,4270,103686,4.672737041016711,0.170498046489601
1792,0.2216,0,2,0,101162,504448,4270,103686,4.672718514950535,0.17049860721485724
1793,0.2217,19,359,19,101521,504089,4289,103667,4.669393086072104,0.1705733880043965
1794,0.2218,3,12,3,101533,504077,4292,103664,4.669281929675053,0.17057266170951113
1795,0.2219,0,6,0,101539,504071,4292,103664,4.669226351476527,0.17057434572634453
1796,0.222,5,88,5,101627,503983,4297,103659,4.668411204564823,0.17059222371067173
1797,0.2221,0,7,0,101634,503976,4297,103659,4.668346363333209,0.1705941889456664
1798,0.2222,0,17,0,101651,503959,4297,103659,4.668188891770721,0.17059896184773987
1799,0.2223,1,24,1,101675,503935,4298,103658,4.66796657897662,0.17060433546798598
1800,0.2224,1,7,1,101682,503928,4299,103657,4.667901737745007,0.17060493593488976
1801,0.2225,19,329,19,102011,503599,4318,103638,4.664854199859202,0.17067141824361823
1802,0.2226,0,11,0,102022,503588,4318,103638,4.664752306495239,0.1706745099847503
1803,0.2227,5,31,5,102053,503557,4323,103633,4.664465152469525,0.17067639453877698
1804,0.2228,2,10,2,102063,503547,4325,103631,4.664372522138649,0.17067647378528208
1805,0.2229,0,23,0,102086,503524,4325,103631,4.664159472377635,0.1706829392823908
1806,0.223,3,56,3,102142,503468,4328,103628,4.663640742524732,0.17069458537035329
1807,0.2231,1,4,1,102146,503464,4329,103627,4.663603690392382,0.17069434401102965
1808,0.2232,0,13,0,102159,503451,4329,103627,4.663483270962244,0.17069799926862775
1809,0.2233,28,557,28,102716,502894,4357,103599,4.658323761532476,0.17081648098164365
1810,0.2234,0,3,0,102719,502891,4357,103599,4.658295972433214,0.17081732592458243
1811,0.2235,1,40,1,102759,502851,4358,103598,4.657925451109711,0.17082722537261996
1812,0.2236,1,12,1,102771,502839,4359,103597,4.657814294712661,0.17082923836975378
1813,0.2237,2,17,2,102788,502822,4361,103595,4.657656823150172,0.17083129265835226
1814,0.2238,1,18,1,102806,502804,4362,103594,4.657490088554597,0.17083499615763903
1815,0.2239,0,1,0,102807,502803,4362,103594,4.6574808255215085,0.17083527787901326
1816,0.224,8,126,8,102933,502677,4370,103586,4.656313683352477,0.17085984135597918
1817,0.2241,0,2,0,102935,502675,4370,103586,4.656295157286301,0.1708604050070844
1818,0.2242,7,101,7,103036,502574,4377,103579,4.6553595909444585,0.17087929945079872
1819,0.2243,2,38,2,103074,502536,4379,103577,4.655007595687132,0.17088727679492108
1820,0.2244,0,5,0,103079,502531,4379,103577,4.654961280521694,0.17088868650471534
1821,0.2245,4,10,4,103089,502521,4383,103573,4.654868650190818,0.1708860341795167
1822,0.2246,0,10,0,103099,502511,4383,103573,4.654776019859943,0.17088885369024756
1823,0.2247,1,27,1,103126,502484,4384,103572,4.654525917966579,0.1708950988027509
1824,0.2248,3,15,3,103141,502469,4387,103569,4.654386972470266,0.17089522439186983
1825,0.2249,0,2,0,103143,502467,4387,103569,4.65436844640409,0.1708957883690078
1826,0.225,65,1162,65,104305,501305,4452,103504,4.643604801956353,0.17113501948549045
1827,0.2251,0,7,0,104312,501298,4452,103504,4.643539960724739,0.17113700020833264
1828,0.2252,2,24,2,104336,501274,4454,103502,4.643317647930639,0.17114105057078985
1829,0.2253,2,28,2,104364,501246,4456,103500,4.643058283004187,0.1711462332946394
1830,0.2254,0,8,0,104372,501238,4456,103500,4.6429841787394865,0.1711484973658014
1831,0.2255,0,24,0,104396,501214,4456,103500,4.642761865945385,0.17115528993871484
1832,0.2256,0,11,0,104407,501203,4456,103500,4.642659972581422,0.1711584033814947
1833,0.2257,4,40,4,104447,501163,4460,103496,4.64228945125792,0.17116424298654284
1834,0.2258,11,121,11,104568,501042,4471,103485,4.641168624254326,0.17118342108789186
1835,0.2259,0,3,0,104571,501039,4471,103485,4.641140835155063,0.17118427059967842
1836,0.226,4,133,4,104704,500906,4475,103481,4.639908851754418,0.17121645568154178
1837,0.2261,0,8,0,104712,500898,4475,103481,4.639834747489718,0.17121872202707242
1838,0.2262,1,23,1,104735,500875,4476,103480,4.639621697728704,0.17122386676704918
1839,0.2263,0,30,0,104765,500845,4476,103480,4.639343806736077,0.1712323666901088
1840,0.2264,0,5,0,104770,500840,4476,103480,4.63929749157064,0.17123378342599946
1841,0.2265,1,23,1,104793,500817,4477,103479,4.639084441809626,0.1712389292664522
1842,0.2266,1,3,1,104796,500814,4478,103478,4.639056652710363,0.171238407921998
1843,0.2267,44,667,44,105463,500147,4522,103434,4.632878209640965,0.17136722328900347
1844,0.2268,0,15,0,105478,500132,4522,103434,4.632739264144652,0.17137148215770934
1845,0.2269,0,7,0,105485,500125,4522,103434,4.6326744229130385,0.17137346970221634
1846,0.227,2,45,2,105530,500080,4524,103432,4.632257586424099,0.17138350190219911
1847,0.2271,2,16,2,105546,500064,4526,103430,4.632109377894698,0.17138529960529847
1848,0.2272,0,5,0,105551,500059,4526,103430,4.6320630627292605,0.17138671955909718
1849,0.2273,3,47,3,105598,500012,4529,103427,4.631627700174145,0.17139594888630003
1850,0.2274,2,3,2,105601,500009,4531,103425,4.631599911074883,0.17139405469363675
1851,0.2275,22,317,22,105918,499692,4553,103403,4.628663529586127,0.17145391687876702
1852,0.2276,0,4,0,105922,499688,4553,103403,4.6286264774537775,0.17145505404657008
1853,0.2277,2,23,2,105945,499665,4555,103401,4.628413427692764,0.17145884530051436
1854,0.2278,0,12,0,105957,499653,4555,103401,4.628302271295713,0.17146225711130347
1855,0.2279,0,10,0,105967,499643,4555,103401,4.628209640964838,0.1714651003906846
1856,0.228,8,100,8,106067,499543,4563,103393,4.627283337656082,0.17148254541112157
1857,0.2281,1,10,1,106077,499533,4564,103392,4.627190707325207,0.17148401542480407
1858,0.2282,0,17,0,106094,499516,4564,103392,4.627033235762718,0.17148885070358993
1859,0.2283,20,354,20,106448,499162,4584,103372,4.623754122049724,0.17156210271951458
1860,0.2284,0,5,0,106453,499157,4584,103372,4.623707806884286,0.17156352640287853
1861,0.2285,4,27,4,106480,499130,4588,103368,4.623457704990922,0.1715657147409618
1862,0.2286,0,17,0,106497,499113,4588,103368,4.623300233428433,0.17157055575196561
1863,0.2287,1,28,1,106525,499085,4589,103367,4.623040868501982,0.17157715469448187
1864,0.2288,1,16,1,106541,499069,4590,103366,4.622892659972582,0.17158033646783472
1865,0.2289,0,4,0,106545,499065,4590,103366,4.622855607840231,0.17158147572087093
1866,0.229,6,89,6,106634,498976,4596,103360,4.6220311978954385,0.17159857620995592
1867,0.2291,0,10,0,106644,498966,4596,103360,4.6219385675645634,0.1716014251418667
1868,0.2292,6,116,6,106760,498850,4602,103354,4.620864055726407,0.17162622632861954
1869,0.2293,5,53,5,106813,498797,4607,103349,4.620373114972766,0.17163445410249342
1870,0.2294,0,10,0,106823,498787,4607,103349,4.620280484641891,0.17163730452920936
1871,0.2295,2,29,2,106852,498758,4609,103347,4.6200118566823525,0.1716428197739597
1872,0.2296,1,20,1,106872,498738,4610,103346,4.619826596020601,0.17164714558101526
1873,0.2297,2,33,2,106905,498705,4612,103344,4.619520915928712,0.1716538022652641
1874,0.2298,0,6,0,106911,498699,4612,103344,4.619465337730186,0.17165551297830886
1875,0.2299,0,8,0,106919,498691,4612,103344,4.619391233465486,0.17165779398207745
1876,0.23,179,3462,179,110381,495229,4791,103165,4.587322612916373,0.17240313238434876
1877,0.2301,0,7,0,110388,495222,4791,103165,4.587257771684761,0.17240514917603492
1878,0.2302,2,18,2,110406,495204,4793,103163,4.587091037089184,0.17240756926769024
1879,0.2303,0,25,0,110431,495179,4793,103163,4.586859461261995,0.1724147728222321
1880,0.2304,1,7,1,110438,495172,4794,103162,4.586794620030383,0.17241540677949105
1881,0.2305,2,17,2,110455,495155,4796,103160,4.5866371484678945,0.17241753925607747
1882,0.2306,0,4,0,110459,495151,4796,103160,4.586600096335544,0.1724186919511759
1883,0.2307,3,45,3,110504,495106,4799,103157,4.586183259846604,0.17242751097761352
1884,0.2308,7,128,7,110632,494978,4806,103150,4.584997591611398,0.1724547254099457
1885,0.2309,0,2,0,110634,494976,4806,103150,4.584979065545222,0.17245530206010104
1886,0.231,4,70,4,110704,494906,4810,103146,4.5843306532290935,0.17246995244560673
1887,0.2311,0,3,0,110707,494903,4810,103146,4.584302864129831,0.1724708176085906
1888,0.2312,0,14,0,110721,494889,4810,103146,4.584173181666605,0.17247485515061828
1889,0.2313,1,35,1,110756,494854,4811,103145,4.58384897550854,0.17248356602603016
1890,0.2314,0,14,0,110770,494840,4811,103145,4.583719293045315,0.17248760420411882
1891,0.2315,1,34,1,110804,494806,4812,103144,4.583404349920338,0.17249602809599465
1892,0.2316,1,4,1,110808,494802,4813,103143,4.583367297787988,0.1724957981085217
1893,0.2317,21,342,21,111150,494460,4834,103122,4.580199340472044,0.17256543871803368
1894,0.2318,0,20,0,111170,494440,4834,103122,4.580014079810293,0.17257121436771414
1895,0.2319,0,15,0,111185,494425,4834,103122,4.57987513431398,0.17257554635869646
1896,0.232,3,67,3,111252,494358,4837,103119,4.579254511097114,0.17259074407885158
1897,0.2321,2,10,2,111262,494348,4839,103117,4.579161880766238,0.1725908630631083
1898,0.2322,0,8,0,111270,494340,4839,103117,4.579087776501538,0.17259317406943095
1899,0.2323,3,31,3,111301,494309,4842,103114,4.578800622475823,0.1725979749691592
1900,0.2324,1,12,1,111313,494297,4843,103113,4.578689466078773,0.17260005691233826
1901,0.2325,15,316,15,111629,493981,4858,103098,4.5757623476231055,0.17267061812590964
1902,0.2326,0,3,0,111632,493978,4858,103098,4.575734558523843,0.17267148570701218
1903,0.2327,2,32,2,111664,493946,4860,103096,4.575438141465042,0.1726779690541034
1904,0.2328,1,14,1,111678,493932,4861,103095,4.575308459001816,0.17268063253420698
1905,0.2329,1,11,1,111689,493921,4862,103094,4.575206565637853,0.17268242841469644
1906,0.233,4,43,4,111732,493878,4866,103090,4.574808255215087,0.17268932338081774
1907,0.2331,0,5,0,111737,493873,4866,103090,4.57476194004965,0.1726907697797016
1908,0.2332,0,8,0,111745,493865,4866,103090,4.57468783578495,0.17269308406831335
1909,0.2333,37,639,37,112384,493226,4903,103053,4.568768757642002,0.172826814293309
1910,0.2334,3,0,3,112384,493226,4906,103050,4.568768757642002,0.17282265259711946
1911,0.2335,2,26,2,112410,493200,4908,103048,4.568527918781726,0.1728274140961479
1912,0.2336,2,8,2,112418,493192,4910,103046,4.568453814517025,0.17282695836226472
1913,0.2337,2,27,2,112445,493165,4912,103044,4.568203712623662,0.17283201025143868
1914,0.2338,1,33,1,112478,493132,4913,103043,4.567898032531772,0.17284018954166142
1915,0.2339,1,10,1,112488,493122,4914,103042,4.5678054022008965,0.17284170127682988
1916,0.234,8,132,8,112620,492990,4922,103034,4.5665826818333395,0.17286887776331156
1917,0.2341,0,3,0,112623,492987,4922,103034,4.566554892734077,0.17286974787801102
1918,0.2342,6,116,6,112739,492871,4928,103028,4.56548038089592,0.17289507114460673
1919,0.2343,2,44,2,112783,492827,4930,103026,4.565072807440068,0.1729050621545918
1920,0.2344,0,9,0,112792,492818,4930,103026,4.564989440142281,0.17290767382066446
1921,0.2345,2,25,2,112817,492793,4932,103024,4.564757864315092,0.17291215255690925
1922,0.2346,2,12,2,112829,492781,4934,103022,4.56464670791804,0.17291285878050294
1923,0.2347,0,32,0,112861,492749,4934,103022,4.564350290859239,0.17292214626089555
1924,0.2348,1,15,1,112876,492734,4935,103021,4.564211345362926,0.1729251118328843
1925,0.2349,1,3,1,112879,492731,4936,103020,4.564183556263663,0.17292459433555293
1926,0.235,79,1256,79,114135,491475,5015,102941,4.552549186705695,0.17318006244784798
1927,0.2351,1,5,1,114140,491470,5016,102940,4.552502871540257,0.17318012819434397
1928,0.2352,0,20,0,114160,491450,5016,102940,4.552317610878506,0.17318595534918152
1929,0.2353,1,27,1,114187,491423,5017,102939,4.552067508985142,0.17319243154845027
1930,0.2354,0,14,0,114201,491409,5017,102939,4.551937826521916,0.17319651113489068
1931,0.2355,1,21,1,114222,491388,5018,102938,4.551743302827077,0.17320123972365334
1932,0.2356,1,6,1,114228,491382,5019,102937,4.551687724628552,0.17320159712208427
1933,0.2357,5,33,5,114261,491349,5024,102932,4.5513820445366635,0.1732042585914744
1934,0.2358,11,124,11,114385,491225,5035,102921,4.550233428433806,0.17322509955465493
1935,0.2359,0,8,0,114393,491217,5035,102921,4.550159324169106,0.17322743201074497
1936,0.236,14,122,14,114515,491095,5049,102907,4.5490292341324245,0.17324352443257768
1937,0.2361,1,10,1,114525,491085,5050,102906,4.548936603801549,0.17324504916741162
1938,0.2362,1,27,1,114552,491058,5051,102905,4.548686501908185,0.17325153250286635
1939,0.2363,2,19,2,114571,491039,5053,102903,4.5485105042795215,0.17325429082300967
1940,0.2364,0,7,0,114578,491032,5053,102903,4.548445663047908,0.17325633276368627
1941,0.2365,1,31,1,114609,491001,5054,102902,4.548158509022194,0.17326398418596975
1942,0.2366,0,1,0,114610,491000,5054,102902,4.548149245989107,0.17326427592431073
1943,0.2367,34,706,34,115316,490294,5088,102868,4.541609544629293,0.17342311206719244
1944,0.2368,1,20,1,115336,490274,5089,102867,4.541424283967542,0.17342756612677254
1945,0.2369,0,5,0,115341,490269,5089,102867,4.541377968802105,0.1734290280812495
1946,0.237,4,41,4,115382,490228,5093,102863,4.540998184445515,0.1734354424531817
1947,0.2371,1,17,1,115399,490211,5094,102862,4.540840712883027,0.17343902015434862
1948,0.2372,0,8,0,115407,490203,5094,102862,4.540766608618326,0.17344135971605135
1949,0.2373,2,44,2,115451,490159,5096,102860,4.540359035162473,0.1734514408475951
1950,0.2374,0,5,0,115456,490154,5096,102860,4.5403127199970355,0.17345290330413785
1951,0.2375,22,333,22,115789,489821,5118,102838,4.53722812997888,0.1735196799508655
1952,0.2376,0,5,0,115794,489816,5118,102838,4.537181814813443,0.17352114387146633
1953,0.2377,1,23,1,115817,489793,5119,102837,4.536968765052428,0.17352648364072018
1954,0.2378,0,13,0,115830,489780,5119,102837,4.536848345622291,0.17353029022117153
1955,0.2379,0,10,0,115840,489770,5119,102837,4.536755715291415,0.17353321847362585
1956,0.238,7,86,7,115926,489684,5126,102830,4.535959094445885,0.17354864188863048
1957,0.2381,0,3,0,115929,489681,5126,102830,4.535931305346622,0.17354952059961756
1958,0.2382,0,20,0,115949,489661,5126,102830,4.535746044684871,0.1735553789002702
1959,0.2383,20,364,20,116313,489297,5146,102810,4.532374300641002,0.17363415733980514
1960,0.2384,0,2,0,116315,489295,5146,102810,4.532355774574826,0.17363474383766392
1961,0.2385,1,32,1,116347,489263,5147,102809,4.532059357516025,0.1736427326406248
1962,0.2386,1,11,1,116358,489252,5148,102808,4.531957464152062,0.17364456305104212
1963,0.2387,1,32,1,116390,489220,5149,102807,4.531661047093261,0.1736525530085621
1964,0.2388,1,18,1,116408,489202,5150,102806,4.531494312497684,0.17365643707517467
1965,0.2389,0,8,0,116416,489194,5150,102806,4.5314202082329835,0.17365878378378377
1966,0.239,7,92,7,116508,489102,5157,102799,4.530568009188928,0.17367600325054358
1967,0.2391,0,4,0,116512,489098,5157,102799,4.530530957056579,0.17367717694125837
1968,0.2392,6,107,6,116619,488991,5163,102793,4.5295398125162105,0.1737002014248442
1969,0.2393,3,49,3,116668,488942,5166,102790,4.52908592389492,0.17371039592247842
1970,0.2394,1,2,1,116670,488940,5167,102789,4.5290673978287455,0.1737095866519978
1971,0.2395,1,26,1,116696,488914,5168,102788,4.528826558968468,0.17371582316774323
1972,0.2396,1,4,1,116700,488910,5169,102787,4.528789506836119,0.17371560105932599
1973,0.2397,0,19,0,116719,488891,5169,102787,4.528613509207455,0.17372117942529552
1974,0.2398,0,19,0,116738,488872,5169,102787,4.528437511578791,0.17372675814954222
1975,0.2399,0,6,0,116744,488866,5169,102787,4.528381933380266,0.17372851992637575
1976,0.24,188,3485,188,120229,485381,5357,102599,4.49610026307014,0.1744940304091976
1977,0.2401,0,5,0,120234,485376,5357,102599,4.496053947904702,0.1744955142650623
1978,0.2402,0,14,0,120248,485362,5357,102599,4.495924265441476,0.17449966919574597
1979,0.2403,2,16,2,120264,485346,5359,102597,4.495776056912075,0.17450160984993443
1980,0.2404,0,13,0,120277,485333,5359,102597,4.495655637481937,0.17450546833806746
1981,0.2405,3,21,3,120298,485312,5362,102594,4.495461113787099,0.17450748929250595
1982,0.2406,0,5,0,120303,485307,5362,102594,4.495414798621661,0.17450897344961142
1983,0.2407,7,38,7,120341,485269,5369,102587,4.495062803364334,0.17451042432160258
1984,0.2408,6,99,6,120440,485170,5375,102581,4.494145763088666,0.17453139169478232
1985,0.2409,0,3,0,120443,485167,5375,102581,4.494117973989403,0.1745322825428585
1986,0.241,7,86,7,120529,485081,5382,102574,4.493321353143873,0.17454799159370718
1987,0.2411,0,4,0,120533,485077,5382,102574,4.493284301011523,0.1745491797001962
1988,0.2412,1,20,1,120553,485057,5383,102573,4.493099040349772,0.17455371577353096
1989,0.2413,1,30,1,120583,485027,5384,102572,4.4928211493571455,0.17456122287478365
1990,0.2414,1,11,1,120594,485016,5385,102571,4.492719255993182,0.1745630859770553
1991,0.2415,2,19,2,120613,484997,5387,102569,4.492543258364519,0.1745659211050333
1992,0.2416,0,5,0,120618,484992,5387,102569,4.4924969431990815,0.17456740661820644
1993,0.2417,24,380,24,120998,484612,5411,102545,4.488976990625811,0.17464664476451783
1994,0.2418,0,23,0,121021,484589,5411,102545,4.488763940864796,0.1746534862569703
1995,0.2419,0,4,0,121025,484585,5411,102545,4.4887268887324465,0.1746546761364604
1996,0.242,2,67,2,121092,484518,5413,102543,4.48810626551558,0.1746717973089679
1997,0.2421,0,12,0,121104,484506,5413,102543,4.48799510911853,0.17467536781427104
1998,0.2422,1,13,1,121117,484493,5414,102542,4.487874689688391,0.17467783011234425
1999,0.2423,2,26,2,121143,484467,5416,102540,4.487633850828115,0.17468275506084255
2000,0.2424,0,4,0,121147,484463,5416,102540,4.4875967986957646,0.17468394539721263
2001,0.2425,22,313,22,121460,484150,5438,102518,4.484697469339361,0.17474619375865055
2002,0.2426,0,5,0,121465,484145,5438,102518,4.484651154173923,0.17474768308211017
2003,0.2427,3,38,3,121503,484107,5441,102515,4.4842991589165955,0.17475478246639234
2004,0.2428,1,17,1,121520,484090,5442,102514,4.484141687354107,0.17475844010610225
2005,0.2429,1,22,1,121542,484068,5443,102513,4.483937900626181,0.17476358763751298
2006,0.243,4,52,4,121594,484016,5447,102509,4.4834562229056285,0.17477345381697285
2007,0.2431,0,4,0,121598,484012,5447,102509,4.483419170773278,0.17477464575010954
2008,0.2432,1,11,1,121609,484001,5448,102508,4.483317277409315,0.17477651664339336
2009,0.2433,33,649,33,122258,483352,5481,102475,4.477305568935492,0.17492365493567213
2010,0.2434,0,1,0,122259,483351,5481,102475,4.477296305902405,0.17492395352886353
2011,0.2435,0,35,0,122294,483316,5481,102475,4.47697209974434,0.17493440493281734
2012,0.2436,0,16,0,122310,483300,5481,102475,4.47682389121494,0.1749391831334557
2013,0.2437,3,29,3,122339,483271,5484,102472,4.4765552632554,0.17494361861772142
2014,0.2438,3,19,3,122358,483252,5487,102469,4.476379265626737,0.17494506770288243
2015,0.2439,0,8,0,122366,483244,5487,102469,4.476305161362037,0.17494745720173532
2016,0.244,11,147,11,122513,483097,5498,102458,4.474943495498166,0.17497587758622163
2017,0.2441,1,3,1,122516,483094,5499,102457,4.474915706398903,0.17497536508348546
2018,0.2442,6,108,6,122624,482986,5505,102451,4.473915298825448,0.1749991886402807
2019,0.2443,2,40,2,122664,482946,5507,102449,4.473544777501945,0.1750083277103494
2020,0.2444,0,5,0,122669,482941,5507,102449,4.473498462336507,0.17500982251148806
2021,0.2445,5,18,5,122687,482923,5512,102444,4.4733317277409315,0.175008157275692
2022,0.2446,2,12,2,122699,482911,5514,102442,4.473220571343881,0.17500892623767197
2023,0.2447,0,28,0,122727,482883,5514,102442,4.47296120641743,0.175017298082262
2024,0.2448,0,15,0,122742,482868,5514,102442,4.472822260921116,0.17502178332849258
2025,0.2449,0,5,0,122747,482863,5514,102442,4.472775945755679,0.17502327846165674
2026,0.245,79,1321,79,124068,481542,5593,102363,4.460539479047019,0.17530762709687364
2027,0.2451,0,4,0,124072,481538,5593,102363,4.460502426914669,0.17530882803762968
2028,0.2452,1,19,1,124091,481519,5594,102362,4.460326429286005,0.17531312031047422
2029,0.2453,4,27,4,124118,481492,5598,102358,4.460076327392642,0.1753155776312409
2030,0.2454,1,5,1,124123,481487,5599,102357,4.460030012227204,0.17531566651365776
2031,0.2455,2,23,2,124146,481464,5601,102355,4.45981696246619,0.1753197480726047
2032,0.2456,1,6,1,124152,481458,5602,102354,4.459761384267664,0.17532013730447474
2033,0.2457,5,51,5,124203,481407,5607,102349,4.459288969580199,0.1753283906289614
2034,0.2458,12,115,12,124318,481292,5619,102337,4.4582237207751305,0.1753459817795209
2035,0.2459,0,1,0,124319,481291,5619,102337,4.458214457742043,0.1753462822208667
2036,0.246,11,145,11,124464,481146,5630,102326,4.456871317944348,0.17537431102092302
2037,0.2461,0,10,0,124474,481136,5630,102326,4.456778687613472,0.17537731677469998
2038,0.2462,0,24,0,124498,481112,5630,102326,4.456556374819371,0.17538453100415125
2039,0.2463,3,29,3,124527,481083,5633,102323,4.456287746859831,0.17538900868348972
2040,0.2464,0,6,0,124533,481077,5633,102323,4.456232168661306,0.17539081247857388
2041,0.2465,0,23,0,124556,481054,5633,102323,4.456019118900293,0.17539772737012257
2042,0.2466,1,2,1,124558,481052,5634,102322,4.456000592834117,0.17539691518648415
2043,0.2467,44,649,44,125207,480403,5678,102278,4.449988884360295,0.17553000698495402
2044,0.2468,0,18,0,125225,480385,5678,102278,4.449822149764719,0.17553542957078105
2045,0.2469,0,8,0,125233,480377,5678,102278,4.4497480455000185,0.1755378397164703
2046,0.247,4,59,4,125292,480318,5682,102274,4.449201526547853,0.17554995605844226
2047,0.2471,2,24,2,125316,480294,5684,102272,4.448979213753751,0.17555435778950368
2048,0.2472,2,15,2,125331,480279,5686,102270,4.448840268257438,0.17555604764577742
2049,0.2473,2,61,2,125392,480218,5688,102268,4.448275223239097,0.17557160172089972
2050,0.2474,0,5,0,125397,480213,5688,102268,4.448228908073659,0.17557310882243368
2051,0.2475,18,332,18,125729,479881,5706,102250,4.445153581088592,0.17564774938974217
2052,0.2476,0,6,0,125735,479875,5706,102250,4.445098002890067,0.17564955980244792
2053,0.2477,2,40,2,125775,479835,5708,102248,4.444727481566564,0.1756587978003137
2054,0.2478,0,11,0,125786,479824,5708,102248,4.444625588202601,0.17566211740128368
2055,0.2479,1,14,1,125800,479810,5709,102247,4.444495905739375,0.17566492628728803
2056,0.248,4,96,4,125896,479714,5713,102243,4.44360665456297,0.1756882381344326
2057,0.2481,1,9,1,125905,479705,5714,102242,4.443523287265182,0.17568953873806378
2058,0.2482,1,27,1,125932,479678,5715,102241,4.443273185371818,0.17569627388004172
2059,0.2483,27,352,27,126284,479326,5742,102214,4.440012597724999,0.17576434982976236
2060,0.2484,1,1,1,126285,479325,5743,102213,4.440003334691911,0.17576323473272598
2061,0.2485,4,26,4,126311,479299,5747,102209,4.439762495831635,0.17576542369150552
2062,0.2486,0,10,0,126321,479289,5747,102209,4.439669865500759,0.1757684463231172
2063,0.2487,3,37,3,126358,479252,5750,102206,4.43932713327652,0.17577537844521873
2064,0.2488,2,21,2,126379,479231,5752,102204,4.439132609581681,0.17577889187957382
2065,0.2489,0,7,0,126386,479224,5752,102204,4.4390677683500686,0.17578100813858294
2066,0.249,6,82,6,126468,479142,5758,102198,4.438308199636889,0.17579729590256993
2067,0.2491,0,4,0,126472,479138,5758,102198,4.438271147504539,0.1757985055114426
2068,0.2492,10,122,10,126594,479016,5768,102188,4.437141057467858,0.17582122628199393
2069,0.2493,4,53,4,126647,478963,5772,102184,4.436650116714217,0.17583158822122458
2070,0.2494,0,9,0,126656,478954,5772,102184,4.4365667494164285,0.17583431129955363
2071,0.2495,1,14,1,126670,478940,5773,102183,4.436437066953203,0.1758371291447766
2072,0.2496,1,15,1,126685,478925,5774,102182,4.43629812145689,0.17584024973025622
2073,0.2497,2,27,2,126712,478898,5776,102180,4.4360480195635255,0.17584558355332675
2074,0.2498,0,26,0,126738,478872,5776,102180,4.435807180703249,0.17585345201462174
2075,0.2499,0,5,0,126743,478867,5776,102180,4.435760865537811,0.17585496526098576
2076,0.25,216,3634,216,130377,475233,5992,101964,4.40209900329764,0.17665372481145952
2077,0.2501,1,7,1,130384,475226,5993,101963,4.402034162066027,0.17665444074644526
2078,0.2502,0,20,0,130404,475206,5993,101963,4.401848901404276,0.17666056215770423
2079,0.2503,2,20,2,130424,475186,5995,101961,4.401663640742525,0.1766638308784417
2080,0.2504,0,13,0,130437,475173,5995,101961,4.401543221312386,0.17666781024857311
2081,0.2505,3,15,3,130452,475158,5998,101958,4.401404275816073,0.17666812217994302
2082,0.2506,1,4,1,130456,475154,5999,101957,4.401367223683723,0.1766679200361802
2083,0.2507,4,58,4,130514,475096,6003,101953,4.400829967764645,0.1766799699852179
2084,0.2508,10,123,10,130637,474973,6013,101943,4.399690614694876,0.17670336756130875
2085,0.2509,0,8,0,130645,474965,6013,101943,4.399616510430175,0.17670581791204143
2086,0.251,7,87,7,130732,474878,6020,101936,4.398810626551558,0.17672247899669563
2087,0.2511,0,7,0,130739,474871,6020,101936,4.398745785319945,0.17672462366094724
2088,0.2512,8,28,8,130767,474843,6028,101928,4.3984864203934935,0.1767217838622261
2089,0.2513,3,36,3,130803,474807,6031,101925,4.398152951202341,0.17672853248996068
2090,0.2514,0,8,0,130811,474799,6031,101925,4.398078846937641,0.17673098397153578
2091,0.2515,1,41,1,130852,474758,6032,101924,4.397699062581052,0.17674212130775713
2092,0.2516,0,4,0,130856,474754,6032,101924,4.397662010448701,0.17674334724057447
2093,0.2517,24,391,24,131247,474363,6056,101900,4.394040164511468,0.1768289825999587
2094,0.2518,0,24,0,131271,474339,6056,101900,4.393817851717366,0.1768363474183455
2095,0.2519,1,5,1,131276,474334,6057,101899,4.393771536551928,0.1768364533096855
2096,0.252,10,112,10,131388,474222,6067,101889,4.392734076846122,0.17685654327030728
2097,0.2521,0,11,0,131399,474211,6067,101889,4.392632183482159,0.17685992015275126
2098,0.2522,0,14,0,131413,474197,6067,101889,4.392502501018933,0.1768642181896453
2099,0.2523,1,35,1,131448,474162,6068,101888,4.392178294860869,0.17687353528339553
2100,0.2524,0,5,0,131453,474157,6068,101888,4.3921319796954315,0.1768750705240042
2101,0.2525,21,328,21,131781,473829,6089,101867,4.389093704842714,0.17694581862649733
2102,0.2526,0,2,0,131783,473827,6089,101867,4.3890751787765385,0.17694643334827181
2103,0.2527,1,44,1,131827,473783,6090,101866,4.388667605320686,0.17695852854777824
2104,0.2528,4,12,4,131839,473771,6094,101862,4.3885564489236355,0.17695649832445326
2105,0.2529,1,13,1,131852,473758,6095,101861,4.388436029493497,0.17695906493705038
2106,0.253,2,45,2,131897,473713,6097,101859,4.388019193004557,0.17697004023823257
2107,0.2531,1,4,1,131901,473709,6098,101858,4.387982140872207,0.17696984017499265
2108,0.2532,5,25,5,131926,473684,6103,101853,4.387750565045018,0.1769703772303084
2109,0.2533,46,689,46,132615,472995,6149,101807,4.381368335247694,0.17711664190451668
2110,0.2534,1,1,1,132616,472994,6150,101806,4.381359072214606,0.17711551844119694
2111,0.2535,3,34,3,132650,472960,6153,101803,4.381044129089629,0.17712170059659374
2112,0.2536,1,8,1,132658,472952,6154,101802,4.380970024824928,0.1771227342480435
2113,0.2537,0,21,0,132679,472931,6154,101802,4.38077550113009,0.17712920608352054
2114,0.2538,1,15,1,132694,472916,6155,101801,4.380636555633776,0.1771323973364282
2115,0.2539,0,3,0,132697,472913,6155,101801,4.380608766534514,0.17713332196536016
2116,0.254,9,144,9,132841,472769,6164,101792,4.379274889769906,0.177164826711176
2117,0.2541,1,7,1,132848,472762,6165,101791,4.379210048538293,0.17716555304732548
2118,0.2542,8,108,8,132956,472654,6173,101783,4.378209640964838,0.17718740262204558
2119,0.2543,1,39,1,132995,472615,6174,101782,4.377848382674423,0.17719800068593672
2120,0.2544,2,7,2,133002,472608,6176,101780,4.37778354144281,0.17719729520811717
2121,0.2545,0,27,0,133029,472581,6176,101780,4.377533439549446,0.17720562503373313
2122,0.2546,0,10,0,133039,472571,6176,101780,4.37744080921857,0.17720871035307678
2123,0.2547,3,33,3,133072,472538,6179,101777,4.377135129126681,0.17721459477812698
2124,0.2548,3,17,3,133089,472521,6182,101774,4.3769776575641925,0.17721554253476002
2125,0.2549,0,6,0,133095,472515,6182,101774,4.376922079365667,0.17721739402983516
2126,0.255,82,1328,82,134423,471187,6264,101692,4.364620771425396,0.17751043414054277
2127,0.2551,0,3,0,134426,471184,6264,101692,4.3645929823261325,0.1775113637157081
2128,0.2552,0,11,0,134437,471173,6264,101692,4.36449108896217,0.17751477224127848
2129,0.2553,4,39,4,134476,471134,6268,101688,4.3641298306717555,0.17752111476165372
2130,0.2554,1,10,1,134486,471124,6269,101687,4.36403720034088,0.17752277801927688
2131,0.2555,1,19,1,134505,471105,6270,101686,4.363861202712216,0.17752723070020304
2132,0.2556,0,4,0,134509,471101,6270,101686,4.363824150579866,0.17752847044363787
2133,0.2557,4,55,4,134564,471046,6274,101682,4.36331468376005,0.17753977455266723
2134,0.2558,6,120,6,134684,470926,6280,101676,4.362203119789544,0.17756836336582826
2135,0.2559,1,3,1,134687,470923,6281,101675,4.362175330690281,0.1775678573798721
2136,0.256,11,124,11,134811,470799,6292,101664,4.361026714587425,0.1775905167670225
2137,0.2561,0,10,0,134821,470789,6292,101664,4.360934084256549,0.177593619039467
2138,0.2562,3,20,3,134841,470769,6295,101661,4.360748823594798,0.17759551386195693
2139,0.2563,4,21,4,134862,470748,6299,101657,4.36055429989996,0.1775962823525301
2140,0.2564,2,9,2,134871,470739,6301,101655,4.360470932602171,0.17759620121804212
2141,0.2565,8,35,8,134906,470704,6309,101647,4.360146726444107,0.1775955663570082
2142,0.2566,0,3,0,134909,470701,6309,101647,4.360118937344844,0.17759649723594736
2143,0.2567,43,736,43,135645,469965,6352,101604,4.3533013449924045,0.17776331466542097
2144,0.2568,2,34,2,135679,469931,6354,101602,4.352986401867428,0.17777101234749348
2145,0.2569,0,1,0,135680,469930,6354,101602,4.35297713883434,0.17777132339046633
2146,0.257,2,54,2,135734,469876,6356,101600,4.352476935047612,0.17778524382476255
2147,0.2571,0,20,0,135754,469856,6356,101600,4.352291674385861,0.17779146600963153
2148,0.2572,1,18,1,135772,469838,6357,101599,4.352124939790285,0.17779562751449415
2149,0.2573,0,48,0,135820,469790,6357,101599,4.351680314202082,0.17781056338151416
2150,0.2574,0,6,0,135826,469784,6357,101599,4.351624736003557,0.17781243054133566
2151,0.2575,31,368,31,136194,469416,6388,101568,4.3482159398273375,0.17788239250136606
2152,0.2576,1,7,1,136201,469409,6389,101567,4.348151098595724,0.17788313344168583
2153,0.2577,4,28,4,136229,469381,6393,101563,4.347891733669273,0.17788609741060418
2154,0.2578,1,17,1,136246,469364,6394,101562,4.347734262106784,0.17788995421473186
2155,0.2579,0,7,0,136253,469357,6394,101562,4.347669420875171,0.17789213531166417
2156,0.258,8,108,8,136361,469249,6402,101554,4.346669013301716,0.17791427164888762
2157,0.2581,0,8,0,136369,469241,6402,101554,4.346594909037015,0.1779167652134304
2158,0.2582,2,19,2,136388,469222,6404,101552,4.346418911408351,0.17791980713907782
2159,0.2583,30,401,30,136789,468821,6434,101522,4.342704435140242,0.17800165865102227
2160,0.2584,0,4,0,136793,468817,6434,101522,4.342667383007892,0.17800290704300425
2161,0.2585,3,31,3,136824,468786,6437,101519,4.342380228982178,0.17800825873874507
2162,0.2586,1,12,1,136836,468774,6438,101518,4.342269072585127,0.17801056300982654
2163,0.2587,5,37,5,136873,468737,6443,101513,4.341926340360888,0.17801490574309514
2164,0.2588,1,16,1,136889,468721,6444,101512,4.341778131831487,0.17801845912109612
2165,0.2589,1,19,1,136908,468702,6445,101511,4.341602134202823,0.17802294931893872
2166,0.259,3,78,3,136986,468624,6448,101508,4.340879617621994,0.17804297952053208
2167,0.2591,0,2,0,136988,468622,6448,101508,4.340861091555819,0.17804360409029518
2168,0.2592,10,124,10,137112,468498,6458,101498,4.339712475452962,0.17806791626607907
2169,0.2593,5,64,5,137176,468434,6463,101493,4.339119641335359,0.1780807015635336
2170,0.2594,0,4,0,137180,468430,6463,101493,4.3390825892030085,0.17808195142150782
2171,0.2595,2,29,2,137209,468401,6465,101491,4.33881396124347,0.17808812897882406
2172,0.2596,2,11,2,137220,468390,6467,101489,4.338712067879507,0.17808868198336839
2173,0.2597,1,30,1,137250,468360,6468,101488,4.33843417688688,0.1780966152377476
2174,0.2598,4,19,4,137269,468341,6472,101484,4.338258179258216,0.17809678410038168
2175,0.2599,0,7,0,137276,468334,6472,101484,4.338193338026604,0.17809897195244798
2176,0.26,230,3682,230,140958,464652,6702,101254,4.304086850198229,0.17892370817768322
2177,0.2601,1,12,1,140970,464640,6703,101253,4.303975693801179,0.17892605139134077
2178,0.2602,1,21,1,140991,464619,6704,101252,4.3037811701063395,0.1789312405124136
2179,0.2603,4,9,4,141000,464610,6708,101248,4.303697802808552,0.17892828236059224
2180,0.2604,0,6,0,141006,464604,6708,101248,4.3036422246100265,0.17893017962294028
2181,0.2605,3,27,3,141033,464577,6711,101245,4.303392122716662,0.17893436451746308
2182,0.2606,2,6,2,141039,464571,6713,101243,4.303336544518137,0.1789333597259877
2183,0.2607,3,54,3,141093,464517,6716,101240,4.302836340731409,0.17894608462643857
2184,0.2608,11,106,11,141199,464411,6727,101229,4.301854459224129,0.17896365179265963
2185,0.2609,0,4,0,141203,464407,6727,101229,4.301817407091778,0.17896491736735284
2186,0.261,6,79,6,141282,464328,6733,101223,4.301085627477861,0.17898120593898695
2187,0.2611,0,9,0,141291,464319,6733,101223,4.3010022601800735,0.17898405423469874
2188,0.2612,2,20,2,141311,464299,6735,101221,4.3008169995183225,0.17898748054887537
2189,0.2613,6,29,6,141340,464270,6741,101215,4.300548371558783,0.17898794839827759
2190,0.2614,0,10,0,141350,464260,6741,101215,4.300455741227908,0.17899111366550247
2191,0.2615,1,23,1,141373,464237,6742,101214,4.300242691466894,0.1789969422637859
2192,0.2616,0,3,0,141376,464234,6742,101214,4.300214902367631,0.17899789193701277
2193,0.2617,15,388,15,141764,463846,6757,101199,4.29662084552966,0.1790990098133777
2194,0.2618,2,26,2,141790,463820,6759,101197,4.296380006669384,0.17910434553296625
2195,0.2619,1,6,1,141796,463814,6760,101196,4.296324428470858,0.1791047946054052
2196,0.262,4,84,4,141880,463730,6764,101192,4.295546333691504,0.17912561380155137
2197,0.2621,1,16,1,141896,463714,6765,101191,4.295398125162103,0.17912923411901116
2198,0.2622,1,22,1,141918,463692,6766,101190,4.295194338434177,0.17913475734755224
2199,0.2623,4,37,4,141955,463655,6770,101186,4.294851606209938,0.17914067852723156
2200,0.2624,1,9,1,141964,463646,6771,101185,4.294768238912149,0.17914207966630727
2201,0.2625,19,356,19,142320,463290,6790,101166,4.29147059913298,0.1792274331391641
2202,0.2626,0,7,0,142327,463283,6790,101166,4.291405757901368,0.17922965582364395
2203,0.2627,3,41,3,142368,463242,6793,101163,4.2910259735447775,0.1792383129135993
2204,0.2628,0,10,0,142378,463232,6793,101163,4.290933343213902,0.17924148867371256
2205,0.2629,2,12,2,142390,463220,6795,101161,4.290822186816851,0.17924239122153296
2206,0.263,3,56,3,142446,463164,6798,101158,4.290303456963948,0.17925581494253282
2207,0.2631,0,10,0,142456,463154,6798,101158,4.290210826633072,0.17925899147989055
2208,0.2632,2,19,2,142475,463135,6800,101156,4.2900348290044095,0.1792621183042083
2209,0.2633,52,726,52,143201,462409,6852,101104,4.283309866982845,0.1794173337615991
2210,0.2634,0,6,0,143207,462403,6852,101104,4.2832542887843195,0.17941924412651483
2211,0.2635,0,26,0,143233,462377,6852,101104,4.283013449924043,0.17942752284460345
2212,0.2636,3,12,3,143245,462365,6855,101101,4.282902293526993,0.17942697518572548
2213,0.2637,2,30,2,143275,462335,6857,101099,4.282624402534366,0.17943361600471394
2214,0.2638,2,17,2,143292,462318,6859,101097,4.282466930971878,0.17943611724927452
2215,0.2639,4,8,4,143300,462310,6863,101093,4.282392826707177,0.17943283937075238
2216,0.264,9,156,9,143456,462154,6872,101084,4.2809477935455185,0.17946942500328458
2217,0.2641,1,10,1,143466,462144,6873,101083,4.280855163214643,0.1794711546143917
2218,0.2642,13,148,13,143614,461996,6886,101070,4.279484234317685,0.17949938373121446
2219,0.2643,1,37,1,143651,461959,6887,101069,4.279141502093445,0.17950972242943514
2220,0.2644,1,12,1,143663,461947,6888,101068,4.279030345696395,0.17951209115210073
2221,0.2645,0,26,0,143689,461921,6888,101068,4.278789506836119,0.1795203813928869
2222,0.2646,1,3,1,143692,461918,6889,101067,4.278761717736856,0.1795198806362514
2223,0.2647,3,40,3,143732,461878,6892,101064,4.278391196413353,0.1795282640129889
2224,0.2648,0,17,0,143749,461861,6892,101064,4.278233724850865,0.17953368565972377
2225,0.2649,0,2,0,143751,461859,6892,101064,4.27821519878469,0.17953432352204476
2226,0.265,101,1367,101,145118,460492,6993,100963,4.265552632554003,0.17982385053120908
2227,0.2651,0,6,0,145124,460486,6993,100963,4.265497054355478,0.17982577224289295
2228,0.2652,3,24,3,145148,460462,6996,100960,4.2652747415613765,0.17982907687978028
2229,0.2653,0,39,0,145187,460423,6996,100960,4.264913483270962,0.17984156983734811
2230,0.2654,0,11,0,145198,460412,6996,100960,4.264811589906999,0.17984509380588987
2231,0.2655,1,32,1,145230,460380,6997,100959,4.264515172848197,0.1798538850854831
2232,0.2656,0,5,0,145235,460375,6997,100959,4.264468857682759,0.1798554871074975
2233,0.2657,2,55,2,145290,460320,6999,100957,4.2639593908629445,0.17987018887287382
2234,0.2658,14,136,14,145426,460184,7013,100943,4.262699618363037,0.1798933218326689
2235,0.2659,0,3,0,145429,460181,7013,100943,4.262671829263774,0.17989428361645554
2236,0.266,11,142,11,145571,460039,7024,100932,4.261356478565341,0.17992373937333658
2237,0.2661,0,5,0,145576,460034,7024,100932,4.261310163399903,0.17992534306892038
2238,0.2662,2,26,2,145602,460008,7026,100930,4.261069324539627,0.1799307588360924
2239,0.2663,1,17,1,145619,459991,7027,100929,4.260911852977139,0.17993475005348356
2240,0.2664,0,7,0,145626,459984,7027,100929,4.260847011745526,0.17993699557685416
2241,0.2665,3,41,3,145667,459943,7030,100926,4.260467227388936,0.17994576273603996
2242,0.2666,1,3,1,145670,459940,7031,100925,4.260439438289674,0.17994526312035874
2243,0.2667,38,660,38,146330,459280,7069,100887,4.254325836451888,0.18010164825846578
2244,0.2668,1,26,1,146356,459254,7070,100886,4.254084997591612,0.1801085442924983
2245,0.2669,0,3,0,146359,459251,7070,100886,4.254057208492349,0.18010950892370975
2246,0.267,4,59,4,146418,459192,7074,100882,4.253510689540183,0.18012262665290657
2247,0.2671,3,14,3,146432,459178,7077,100879,4.253381007076957,0.18012273750707516
2248,0.2672,1,14,1,146446,459164,7078,100878,4.253251324613731,0.18012577628106463
2249,0.2673,4,43,4,146489,459121,7082,100874,4.252853014190967,0.1801337511942071
2250,0.2674,0,6,0,146495,459115,7082,100874,4.252797435992441,0.1801356812365957
2251,0.2675,26,319,26,146814,458796,7108,100848,4.249842528437512,0.18020027017175205
2252,0.2676,1,5,1,146819,458791,7109,100847,4.249796213272074,0.18020041526844138
2253,0.2677,4,46,4,146865,458745,7113,100843,4.249370113750047,0.180209368320979
2254,0.2678,0,14,0,146879,458731,7113,100843,4.249240431286821,0.18021387698499217
2255,0.2679,0,7,0,146886,458724,7113,100843,4.2491755900552075,0.1802161314016016
2256,0.268,3,75,3,146961,458649,7116,100840,4.248480862573641,0.18023589382454347
2257,0.2681,0,4,0,146965,458645,7116,100840,4.248443810441291,0.1802371824088224
2258,0.2682,0,23,0,146988,458622,7116,100840,4.248230760680277,0.18024459212600677
2259,0.2683,38,412,38,147400,458210,7154,100802,4.244414391048204,0.1803217104462874
2260,0.2684,0,6,0,147406,458204,7154,100802,4.244358812849679,0.18032364590004402
2261,0.2685,4,35,4,147441,458169,7158,100798,4.244034606691615,0.18032907130474607
2262,0.2686,0,14,0,147455,458155,7158,100798,4.2439049242283895,0.180333587976091
2263,0.2687,2,32,2,147487,458123,7160,100796,4.243608507169587,0.1803409796410571
2264,0.2688,3,20,3,147507,458103,7163,100793,4.243423246507836,0.18034303340872004
2265,0.2689,1,9,1,147516,458094,7164,100792,4.2433398792100485,0.18034447096545628
2266,0.269,7,90,7,147606,458004,7171,100785,4.242506206232169,0.18036324981343585
2267,0.2691,0,2,0,147608,458002,7171,100785,4.242487680165993,0.1803638953662129
2268,0.2692,15,134,15,147742,457868,7186,100770,4.241246433732261,0.18038515102803604
2269,0.2693,5,46,5,147788,457822,7191,100765,4.240820334210234,0.1803926693603682
2270,0.2694,0,3,0,147791,457819,7191,100765,4.240792545110971,0.18039363819944718
2271,0.2695,2,21,2,147812,457798,7193,100763,4.240598021416132,0.18039748568195774
2272,0.2696,2,17,2,147829,457781,7195,100761,4.240440549853644,0.18040004153671524
2273,0.2697,3,35,3,147864,457746,7198,100758,4.24011634369558,0.1804069442653947
2274,0.2698,1,25,1,147889,457721,7199,100757,4.239884767868391,0.18041355254817557
2275,0.2699,0,3,0,147892,457718,7199,100757,4.2398569787691285,0.18041452168852679
2276,0.27,234,3670,234,151562,454048,7433,100523,4.205861647337804,0.18126263363933562
2277,0.2701,1,5,1,151567,454043,7434,100522,4.205815332172366,0.18126279155734676
2278,0.2702,1,22,1,151589,454021,7435,100521,4.20561154544444,0.1812685062628259
2279,0.2703,2,27,2,151616,453994,7437,100519,4.205361443551077,0.18127437950057076
2280,0.2704,1,8,1,151624,453986,7438,100518,4.205287339286376,0.18127551830104022
2281,0.2705,2,25,2,151649,453961,7440,100516,4.205055763459187,0.18128073842557943
2282,0.2706,0,5,0,151654,453956,7440,100516,4.205009448293749,0.18128237314057338
2283,0.2707,2,57,2,151711,453899,7442,100514,4.204481455407759,0.1812980575852298
2284,0.2708,11,117,11,151828,453782,7453,100503,4.203397680536515,0.1813200790207204
2285,0.2709,0,3,0,151831,453779,7453,100503,4.203369891437252,0.18132106039885834
2286,0.271,9,89,9,151920,453690,7462,100494,4.20254548149246,0.1813368845004547
2287,0.2711,0,8,0,151928,453682,7462,100494,4.202471377227759,0.18133950225199214
2288,0.2712,2,29,2,151957,453653,7464,100492,4.202202749268221,0.1813460375894396
2289,0.2713,5,33,5,151990,453620,7469,100487,4.201897069176331,0.18134945055738333
2290,0.2714,2,13,2,152003,453607,7471,100485,4.201776649746193,0.18135075041689827
2291,0.2715,1,21,1,152024,453586,7472,100484,4.201582126051354,0.1813561463353006
2292,0.2716,1,3,1,152027,453583,7473,100483,4.201554336952092,0.18135565077084678
2293,0.2717,36,386,36,152413,453197,7509,100447,4.197978806180296,0.18142886042294326
2294,0.2718,0,14,0,152427,453183,7509,100447,4.19784912371707,0.18143344833191843
2295,0.2719,0,6,0,152433,453177,7509,100447,4.197793545518545,0.1814354146496539
2296,0.272,7,99,7,152532,453078,7516,100440,4.1968765052428765,0.18145751357679424
2297,0.2721,0,9,0,152541,453069,7516,100440,4.196793137945089,0.181460464057495
2298,0.2722,0,11,0,152552,453058,7516,100440,4.1966912445811255,0.18146407033087744
2299,0.2723,0,26,0,152578,453032,7516,100440,4.196450405720849,0.18147259481961148
2300,0.2724,0,10,0,152588,453022,7516,100440,4.1963577753899735,0.1814758736823847
2301,0.2725,36,368,36,152956,452654,7552,100404,4.192948979213754,0.1815433462674801
2302,0.2726,0,6,0,152962,452648,7552,100404,4.192893401015229,0.18154531581117148
2303,0.2727,3,46,3,153008,452602,7555,100401,4.192467301493201,0.1815559770923485
2304,0.2728,1,18,1,153026,452584,7556,100400,4.192300566897625,0.181560406811047
2305,0.2729,1,21,1,153047,452563,7557,100399,4.192106043202786,0.18156582188287804
2306,0.273,3,70,3,153117,452493,7560,100396,4.191457630886657,0.18158436865265903
2307,0.2731,2,4,2,153121,452489,7562,100394,4.1914205787543075,0.18158272184169164
2308,0.2732,1,25,1,153146,452464,7563,100393,4.191189002927119,0.1815894526070937
2309,0.2733,45,711,45,153857,451753,7608,100348,4.184602986401868,0.18175659888317536
2310,0.2734,1,2,1,153859,451751,7609,100347,4.184584460335692,0.1817557752428011
2311,0.2735,4,29,4,153888,451722,7613,100343,4.184315832376154,0.18175939427422497
2312,0.2736,0,13,0,153901,451709,7613,100343,4.184195412946015,0.18176367443646613
2313,0.2737,5,30,5,153931,451679,7618,100338,4.183917521953388,0.18176614126014234
2314,0.2738,2,38,2,153969,451641,7620,100336,4.183565526696062,0.18177568992910936
2315,0.2739,0,9,0,153978,451632,7620,100336,4.183482159398273,0.18177865383500494
2316,0.274,6,127,6,154105,451505,7626,100330,4.182305754196154,0.18181159223318563
2317,0.2741,0,1,0,154106,451504,7626,100330,4.182296491163067,0.18181192170109128
2318,0.2742,15,136,15,154242,451368,7641,100315,4.181036718663159,0.1818344955345733
2319,0.2743,3,53,3,154295,451315,7644,100312,4.1805457779095185,0.18184751652837877
2320,0.2744,1,5,1,154300,451310,7645,100311,4.180499462744081,0.18184768165098864
2321,0.2745,4,23,4,154323,451287,7649,100307,4.180286412983067,0.1818493312109994
2322,0.2746,1,10,1,154333,451277,7650,100306,4.180193782652192,0.1818511447959781
2323,0.2747,3,27,3,154360,451250,7653,100303,4.179943680758828,0.1818555968329426
2324,0.2748,2,16,2,154376,451234,7655,100301,4.179795472229427,0.1818579056632852
2325,0.2749,1,8,1,154384,451226,7656,100300,4.179721367964726,0.18185906013497097
2326,0.275,92,1402,92,155786,449824,7748,100208,4.166734595575975,0.18218576373738254
2327,0.2751,1,5,1,155791,449819,7749,100207,4.166688280410538,0.18218593302862046
2328,0.2752,2,32,2,155823,449787,7751,100205,4.166391863351736,0.1821935591790426
2329,0.2753,2,39,2,155862,449748,7753,100203,4.166030605061321,0.18220350540320865
2330,0.2754,2,7,2,155869,449741,7755,100201,4.165965763829709,0.1822028504824145
2331,0.2755,3,25,3,155894,449716,7758,100198,4.16573418800252,0.18220667231603488
2332,0.2756,0,4,0,155898,449712,7758,100198,4.165697135870169,0.18220799767234638
2333,0.2757,1,69,1,155967,449643,7759,100197,4.1650579865871284,0.18222937581841991
2334,0.2758,10,151,10,156118,449492,7769,100187,4.163659268590908,0.18226455804205727
2335,0.2759,0,8,0,156126,449484,7769,100187,4.163585164326207,0.182267210749703
2336,0.276,7,154,7,156280,449330,7776,100180,4.162158657230724,0.18230787428800205
2337,0.2761,1,4,1,156284,449326,7777,100179,4.162121605098373,0.1823077133056114
2338,0.2762,2,28,2,156312,449298,7779,100177,4.161862240171922,0.18231402702579735
2339,0.2763,3,25,3,156337,449273,7782,100174,4.161630664344733,0.1823178577733612
2340,0.2764,1,12,1,156349,449261,7783,100173,4.161519507947682,0.18232035148898684
2341,0.2765,1,36,1,156385,449225,7784,100172,4.16118603875653,0.18233080996073878
2342,0.2766,0,2,0,156387,449223,7784,100172,4.161167512690355,0.1823314737119923
2343,0.2767,47,763,47,157150,448460,7831,100125,4.154099818444552,0.18251501590455443
2344,0.2768,0,18,0,157168,448442,7831,100125,4.153933083848975,0.18252100472686109
2345,0.2769,1,8,1,157176,448434,7832,100124,4.153858979584275,0.18252217632410794
2346,0.277,5,47,5,157223,448387,7837,100119,4.15342361702916,0.18253036429865854
2347,0.2771,3,26,3,157249,448361,7840,100116,4.153182778168883,0.18253454566007327
2348,0.2772,1,8,1,157257,448353,7841,100115,4.153108673904184,0.18253571767176938
2349,0.2773,4,62,4,157319,448291,7845,100111,4.1525343658527545,0.18255039186582106
2350,0.2774,0,3,0,157322,448288,7845,100111,4.152506576753492,0.18255139050217087
2351,0.2775,32,403,32,157725,447885,7877,100079,4.148773574419208,0.18263791051966918
2352,0.2776,0,6,0,157731,447879,7877,100079,4.148717996220682,0.18263991035809313
2353,0.2777,1,41,1,157772,447838,7878,100078,4.148338211864092,0.1826520853561495
2354,0.2778,2,29,2,157801,447809,7880,100076,4.148069583904554,0.18265876963231334
2355,0.2779,2,10,2,157811,447799,7882,100074,4.147976953573679,0.18265911990552555
2356,0.278,8,93,8,157904,447706,7890,100066,4.147115491496535,0.18267819457730589
2357,0.2781,0,8,0,157912,447698,7890,100066,4.147041387231835,0.18268086256124902
2358,0.2782,0,17,0,157929,447681,7890,100066,4.146883915669346,0.1826865322858911
2359,0.2783,32,420,32,158349,447261,7922,100034,4.142993441772574,0.1827789400597484
2360,0.2784,1,7,1,158356,447254,7923,100033,4.142928600540961,0.18277978464681235
2361,0.2785,4,28,4,158384,447226,7927,100029,4.14266923561451,0.1827831632419987
2362,0.2786,0,14,0,158398,447212,7927,100029,4.142539553151284,0.18278783936145135
2363,0.2787,1,42,1,158440,447170,7928,100028,4.142150505761607,0.18280037573236743
2364,0.2788,5,25,5,158465,447145,7933,100023,4.141918929934418,0.18280126030762034
2365,0.2789,1,7,1,158472,447138,7934,100022,4.141854088702805,0.18280210541706265
2366,0.279,10,101,10,158573,447037,7944,100012,4.140918522360962,0.18282091732184869
2367,0.2791,1,4,1,158577,447033,7945,100011,4.140881470228612,0.18282076030447278
2368,0.2792,8,127,8,158704,446906,7953,100003,4.139705065026492,0.18285126044735048
2369,0.2793,3,61,3,158765,446845,7956,100000,4.139140020008152,0.18286717442785433
2370,0.2794,0,4,0,158769,446841,7956,100000,4.139102967875801,0.18286851205377797
2371,0.2795,2,18,2,158787,446823,7958,99998,4.1389362332802255,0.18287154297292899
2372,0.2796,3,9,3,158796,446814,7961,99995,4.138852865982437,0.1828700698049959
2373,0.2797,4,24,4,158820,446790,7965,99991,4.138630553188336,0.18287211881905188
2374,0.2798,5,18,5,158838,446772,7970,99986,4.13846381859276,0.1828706667300707
2375,0.2799,0,2,0,158840,446770,7970,99986,4.138445292526585,0.18287133565978242
2376,0.28,240,3690,240,162530,443080,8210,99746,4.10426470043351,0.18375317320835774
2377,0.2801,0,9,0,162539,443071,8210,99746,4.104181333135722,0.1837562198678376
2378,0.2802,2,16,2,162555,443055,8212,99744,4.104033124606321,0.18375862888472527
2379,0.2803,1,24,1,162579,443031,8213,99743,4.103810811812219,0.18376525036202912
2380,0.2804,1,10,1,162589,443021,8214,99742,4.103718181481344,0.18376713224740818
2381,0.2805,1,20,1,162609,443001,8215,99741,4.103532920819593,0.1837724001459257
2382,0.2806,0,2,0,162611,442999,8215,99741,4.103514394753418,0.1837730773482699
2383,0.2807,3,67,3,162678,442932,8218,99738,4.102893771536552,0.1837912543534745
2384,0.2808,14,141,14,162819,442791,8232,99724,4.101587683871207,0.18381795895044375
2385,0.2809,0,5,0,162824,442786,8232,99724,4.101541368705769,0.18381965309395218
2386,0.281,4,89,4,162913,442697,8236,99720,4.100716958760977,0.18384379545626336
2387,0.2811,2,9,2,162922,442688,8238,99718,4.100633591463189,0.18384383653573153
2388,0.2812,2,35,2,162957,442653,8240,99716,4.100309385305124,0.1838526906958178
2389,0.2813,4,35,4,162992,442618,8244,99712,4.09998517914706,0.18385853631552745
2390,0.2814,0,10,0,163002,442608,8244,99712,4.099892548816184,0.18386192653783745
2391,0.2815,4,32,4,163034,442576,8248,99708,4.099596131757383,0.1838667561646665
2392,0.2816,1,1,1,163035,442575,8249,99707,4.099586868724295,0.18386559022796256
2393,0.2817,26,434,26,163469,442141,8275,99681,4.095566712364296,0.1839737035410153
2394,0.2818,1,28,1,163497,442113,8276,99680,4.095307347437845,0.18398170518998955
2395,0.2819,0,8,0,163505,442105,8276,99680,4.095233243173144,0.18398442186476185
2396,0.282,7,118,7,163623,441987,8283,99673,4.094140205268813,0.18401395709485655
2397,0.2821,1,8,1,163631,441979,8284,99672,4.094066101004112,0.18401516843871793
2398,0.2822,2,20,2,163651,441959,8286,99670,4.093880840342361,0.18401895024084752
2399,0.2823,3,32,3,163683,441927,8289,99667,4.09358442328356,0.1840253030868141
2400,0.2824,0,9,0,163692,441918,8289,99667,4.093501055985772,0.1840283611990731
2401,0.2825,21,443,21,164135,441475,8310,99646,4.089397532327985,0.18414735336458943
2402,0.2826,1,11,1,164146,441464,8311,99645,4.089295638964022,0.18414958908463913
2403,0.2827,5,66,5,164212,441398,8316,99640,4.088684278780244,0.18416451339831952
2404,0.2828,2,13,2,164225,441385,8318,99638,4.0885638593501055,0.18416592270568904
2405,0.2829,1,25,1,164250,441360,8319,99637,4.0883322835229166,0.1841729251733374
2406,0.283,3,47,3,164297,441313,8322,99634,4.087896920967801,0.18418440253851118
2407,0.2831,0,7,0,164304,441306,8322,99634,4.087832079736189,0.18418678596517174
2408,0.2832,2,23,2,164327,441283,8324,99632,4.087619029975175,0.18419160126822143
2409,0.2833,51,788,51,165115,440495,8375,99581,4.080319759902182,0.18438330901576816
2410,0.2834,0,6,0,165121,440489,8375,99581,4.080264181703657,0.1843853574536634
2411,0.2835,4,36,4,165157,440453,8379,99577,4.079930712512505,0.18439160787363665
2412,0.2836,0,6,0,165163,440447,8379,99577,4.07987513431398,0.18439365657822615
2413,0.2837,4,25,4,165188,440422,8383,99573,4.079643558486791,0.18439615181622052
2414,0.2838,3,21,3,165209,440401,8386,99570,4.079449034791952,0.18439879178696633
2415,0.2839,0,7,0,165216,440394,8386,99570,4.079384193560339,0.1844011823010423
2416,0.284,6,146,6,165362,440248,8392,99564,4.078031790729557,0.1844419909153557
2417,0.2841,2,2,2,165364,440246,8394,99562,4.078013264663381,0.18443965261722686
2418,0.2842,8,162,8,165526,440084,8402,99554,4.0765126533031975,0.1844829311501414
2419,0.2843,4,41,4,165567,440043,8406,99550,4.076132868946608,0.18449090332899054
2420,0.2844,2,2,2,165569,440041,8408,99548,4.076114342880433,0.18448856444441974
2421,0.2845,3,38,3,165607,440003,8411,99545,4.0757623476231055,0.1844970234344303
2422,0.2846,1,12,1,165619,439991,8412,99544,4.075651191226055,0.18449961540956564
2423,0.2847,1,34,1,165653,439957,8413,99543,4.075336248101078,0.1845097312326228
2424,0.2848,2,28,2,165681,439929,8415,99541,4.075076883174627,0.18451628450145513
2425,0.2849,0,11,0,165692,439918,8415,99541,4.074974989810664,0.18452004693591173
2426,0.285,91,1415,91,167107,438503,8506,99450,4.061867797991774,0.1848674512457408
2427,0.2851,0,3,0,167110,438500,8506,99450,4.061840008892512,0.18486848220094804
2428,0.2852,2,17,2,167127,438483,8508,99448,4.061682537330023,0.18487129390200602
2429,0.2853,4,43,4,167170,438440,8512,99444,4.061284226907259,0.18488001130355244
2430,0.2854,3,10,3,167180,438430,8515,99441,4.061191596576383,0.18487890219030215
2431,0.2855,3,28,3,167208,438402,8518,99438,4.0609322316499314,0.18488398036590808
2432,0.2856,0,4,0,167212,438398,8518,99438,4.060895179517582,0.18488535538714404
2433,0.2857,5,52,5,167264,438346,8523,99433,4.060413501797028,0.18489565416276946
2434,0.2858,5,133,5,167397,438213,8528,99428,4.059181518396383,0.18493381271145615
2435,0.2859,0,4,0,167401,438209,8528,99428,4.0591444662640335,0.1849351886123909
2436,0.286,8,146,8,167547,438063,8536,99420,4.057792063433251,0.18497329217854333
2437,0.2861,0,8,0,167555,438055,8536,99420,4.05771795916855,0.18497604539746035
2438,0.2862,3,37,3,167592,438018,8539,99417,4.057375226944311,0.18498423065114852
2439,0.2863,2,30,2,167622,437988,8541,99415,4.057097335951684,0.18499152405178237
2440,0.2864,2,15,2,167637,437973,8543,99413,4.056958390455371,0.18499365446811045
2441,0.2865,5,30,5,167667,437943,8548,99408,4.056680499462744,0.18499639900176978
2442,0.2866,0,6,0,167673,437937,8548,99408,4.056624921264219,0.18499846467353376
2443,0.2867,53,753,53,168426,437184,8601,99355,4.049649857349291,0.18517759193646688
2444,0.2868,4,19,4,168445,437165,8605,99351,4.049473859720627,0.18517807483840185
2445,0.2869,0,1,0,168446,437164,8605,99351,4.04946459668754,0.18517841998825754
2446,0.287,3,62,3,168508,437102,8608,99348,4.048890288636111,0.18519526516916768
2447,0.2871,2,25,2,168533,437077,8610,99346,4.048658712808922,0.1852008582778889
2448,0.2872,1,10,1,168543,437067,8611,99345,4.048566082478047,0.18520279188385047
2449,0.2873,3,56,3,168599,437011,8614,99342,4.048047352625144,0.18521757126370134
2450,0.2874,1,14,1,168613,436997,8615,99341,4.047917670161918,0.1852208868288281
2451,0.2875,32,359,32,168972,436638,8647,99309,4.044592241283486,0.18529630728411578
2452,0.2876,0,10,0,168982,436628,8647,99309,4.04449961095261,0.18529976471115076
2453,0.2877,5,45,5,169027,436583,8652,99304,4.0440827744636705,0.18530772345662425
2454,0.2878,2,14,2,169041,436569,8654,99302,4.043953092000445,0.18530952412054394
2455,0.2879,3,20,3,169061,436549,8657,99299,4.043767831338694,0.18531187948821307
2456,0.288,2,76,2,169137,436473,8659,99297,4.04306384082404,0.18533512514698472
2457,0.2881,0,9,0,169146,436464,8659,99297,4.042980473526251,0.1853382385056023
2458,0.2882,1,37,1,169183,436427,8660,99296,4.042637741302012,0.18534951831450208
2459,0.2883,30,388,30,169571,436039,8690,99266,4.0390436844640405,0.18543820812434034
2460,0.2884,0,4,0,169575,436035,8690,99266,4.039006632331691,0.18543959379862918
2461,0.2885,1,46,1,169621,435989,8691,99265,4.038580532809664,0.18545400875098553
2462,0.2886,0,10,0,169631,435979,8691,99265,4.038487902478788,0.18545747360082504
2463,0.2887,2,33,2,169664,435946,8693,99263,4.038182222386898,0.18546586473695323
2464,0.2888,1,29,1,169693,435917,8694,99262,4.037913594427359,0.18547439267983235
2465,0.2889,0,4,0,169697,435913,8694,99262,4.037876542295009,0.1854757789508105
2466,0.289,7,90,7,169787,435823,8701,99255,4.037042869317129,0.18549632016266787
2467,0.2891,1,4,1,169791,435819,8702,99254,4.037005817184779,0.18549618463275105
2468,0.2892,6,143,6,169934,435676,8708,99248,4.035681203453259,0.18553663698020653
2469,0.2893,3,57,3,169991,435619,8711,99245,4.035153210567268,0.18555184121571092
2470,0.2894,2,8,2,169999,435611,8713,99243,4.035079106302567,0.18555157108294973
2471,0.2895,3,36,3,170035,435575,8716,99240,4.034745637111416,0.18555949253480175
2472,0.2896,1,8,1,170043,435567,8717,99239,4.0346715328467155,0.18556074539178694
2473,0.2897,1,20,1,170063,435547,8718,99238,4.034486272184965,0.1855661621025272
2474,0.2898,5,22,5,170085,435525,8723,99233,4.034282485457038,0.1855661813381006
2475,0.2899,0,5,0,170090,435520,8723,99233,4.0342361702916,0.18556791640252604
2476,0.29,262,3729,262,173819,431791,8985,98971,3.9996943199081105,0.18646964176033703
2477,0.2901,1,4,1,173823,431787,8986,98970,3.9996572677757607,0.18646951429750339
2478,0.2902,1,19,1,173842,431768,8987,98969,3.999481270147097,0.1864746569393127
2479,0.2903,0,22,0,173864,431746,8987,98969,3.9992774834191707,0.1864823869685236
2480,0.2904,0,2,0,173866,431744,8987,98969,3.9992589573529957,0.18648308973023084
2481,0.2905,1,20,1,173886,431724,8988,98968,3.999073696691245,0.186488584715805
2482,0.2906,1,6,1,173892,431718,8989,98967,3.999018118492719,0.18648916023629836
2483,0.2907,5,53,5,173945,431665,8994,98962,3.9985271777390787,0.18650012155431217
2484,0.2908,9,143,9,174088,431522,9003,98953,3.9972025640075586,0.18653659456147792
2485,0.2909,1,4,1,174092,431518,9004,98952,3.9971655118752083,0.18653646766075366
2486,0.291,6,96,6,174188,431422,9010,98946,3.9962762606988034,0.1865610293230361
2487,0.2911,1,7,1,174195,431415,9011,98945,3.9962114194671905,0.18656195791537825
2488,0.2912,2,27,2,174222,431388,9013,98943,3.995961317573826,0.18656838842157067
2489,0.2913,1,30,1,174252,431358,9014,98942,3.9956834265812,0.1865774090137658
2490,0.2914,0,11,0,174263,431347,9014,98942,3.9955815332172366,0.18658127926470283
2491,0.2915,1,23,1,174286,431324,9015,98941,3.995368483456223,0.18658783815639352
2492,0.2917,39,379,39,174665,430945,9054,98902,3.99185779391604,0.1866614324512548
2493,0.2918,3,28,3,174693,430917,9057,98899,3.9915984289895885,0.18666669183263623
2494,0.2919,1,9,1,174702,430908,9058,98898,3.9915150616918003,0.18666832765200847
2495,0.292,3,97,3,174799,430811,9061,98895,3.9906165474823077,0.18669790412039886
2496,0.2921,0,14,0,174813,430797,9061,98895,3.990486865019082,0.18670283863075146
2497,0.2922,1,14,1,174827,430783,9062,98894,3.990357182555856,0.18670623795256355
2498,0.2923,2,33,2,174860,430750,9064,98892,3.9900515024639667,0.18671479980817232
2499,0.2924,0,15,0,174875,430735,9064,98892,3.9899125569676537,0.18672008791092598
2500,0.2925,24,387,24,175262,430348,9088,98868,3.98632776316277,0.1868197484580965
2501,0.2926,0,6,0,175268,430342,9088,98868,3.986272184964245,0.1868218665558096
2502,0.2927,3,48,3,175316,430294,9091,98865,3.985827559376042,0.18683420295223174
2503,0.2928,0,11,0,175327,430283,9091,98865,3.985725666012079,0.1868380868868445
2504,0.2929,1,20,1,175347,430263,9092,98864,3.985540405350328,0.18684361221408094
2505,0.293,2,55,2,175402,430208,9094,98862,3.9850309385305125,0.186859961819797
2506,0.2931,1,9,1,175411,430199,9095,98861,3.9849475712327243,0.18686160359883566
2507,0.2932,2,23,2,175434,430176,9097,98859,3.9847345214717107,0.18686665343502792
2508,0.2933,61,763,61,176197,429413,9158,98798,3.977666827225907,0.1870426780207152
2509,0.2934,0,8,0,176205,429405,9158,98798,3.9775927229612065,0.18704551091152455
2510,0.2935,4,43,4,176248,429362,9162,98794,3.9771944125384415,0.18705458235824263
2511,0.2936,1,11,1,176259,429351,9163,98793,3.9770925191744784,0.18705693901663184
2512,0.2937,6,21,6,176280,429330,9169,98787,3.9768979954796397,0.18705514119030442
2513,0.2938,2,24,2,176304,429306,9171,98785,3.9766756826855385,0.18706056342562172
2514,0.2939,2,7,2,176311,429299,9173,98783,3.9766108414539256,0.18705996417223084
2515,0.294,9,168,9,176479,429131,9182,98774,3.9750546518952166,0.187105634536517
2516,0.2941,0,8,0,176487,429123,9182,98774,3.974980547630516,0.18710847002350836
2517,0.2942,14,147,14,176634,428976,9196,98760,3.9736188817666456,0.18713902405748328
2518,0.2943,5,66,5,176700,428910,9201,98755,3.973007521582867,0.18715472885258638
2519,0.2944,0,8,0,176708,428902,9201,98755,3.9729334173181665,0.18715756637361014
2520,0.2945,1,25,1,176733,428877,9202,98754,3.9727018414909776,0.18716489364726485
2521,0.2946,1,16,1,176749,428861,9203,98753,3.972553632961577,0.1871690288733809
2522,0.2947,4,25,4,176774,428836,9207,98749,3.972322057134388,0.18717173536017892
2523,0.2948,1,31,1,176805,428805,9208,98748,3.972034903108674,0.1871811931692171
2524,0.2949,0,5,0,176810,428800,9208,98748,3.971988587943236,0.18718296723710448
2525,0.295,115,1377,115,178187,427423,9323,98633,3.959233391381674,0.18749524765424214
2526,0.2951,0,4,0,178191,427419,9323,98633,3.9591963392493237,0.18749667333267434
2527,0.2952,1,28,1,178219,427391,9324,98632,3.958936974322872,0.18750510909218798
2528,0.2953,3,39,3,178258,427352,9327,98629,3.9585757160324575,0.18751437789577952
2529,0.2954,0,7,0,178265,427345,9327,98629,3.9585108748008446,0.18751687345762338
2530,0.2955,1,28,1,178293,427317,9328,98628,3.958251509874393,0.18752531158200952
2531,0.2956,0,14,0,178307,427303,9328,98628,3.9581218274111674,0.18753030340481927
2532,0.2957,6,64,6,178371,427239,9334,98622,3.9575289932935642,0.18754385664652826
2533,0.2958,10,138,10,178509,427101,9344,98612,3.9562506947274816,0.18757763266268856
2534,0.2959,1,8,1,178517,427093,9345,98611,3.956176590462781,0.18757894176190404
2535,0.296,12,155,12,178672,426938,9357,98599,3.95474082033421,0.1876157149734462
2536,0.2961,0,4,0,178676,426934,9357,98599,3.95470376820186,0.1876171429767493
2537,0.2962,4,29,4,178705,426905,9361,98595,3.954435140242321,0.18762131303520457
2538,0.2963,2,28,2,178733,426877,9363,98593,3.9541757753158695,0.18762821854720535
2539,0.2964,2,6,2,178739,426871,9365,98591,3.9541201971173443,0.18762726895569995
2540,0.2965,6,33,6,178772,426838,9371,98585,3.953814517025455,0.18762977638968983
2541,0.2966,0,7,0,178779,426831,9371,98585,3.953749675793842,0.18763227613928773
2542,0.2967,57,741,57,179520,426090,9428,98528,3.946885768275964,0.18780903438311305
2543,0.2968,1,12,1,179532,426078,9429,98527,3.9467746118789138,0.1878117821980347
2544,0.2969,1,9,1,179541,426069,9430,98526,3.9466912445811255,0.18781345609470163
2545,0.297,5,62,5,179603,426007,9435,98521,3.9461169365296973,0.18782791385779216
2546,0.2971,1,17,1,179620,425990,9436,98520,3.945959464967209,0.1878324531467465
2547,0.2972,1,30,1,179650,425960,9437,98519,3.945681573974582,0.18784164856934216
2548,0.2973,4,64,4,179714,425896,9441,98515,3.945088739856979,0.187858378256749
2549,0.2974,0,9,0,179723,425887,9441,98515,3.9450053725591907,0.18786160235849597
2550,0.2975,31,377,31,180100,425510,9472,98484,3.941513209085183,0.18794871697004165
2551,0.2976,1,8,1,180108,425502,9473,98483,3.9414391048204824,0.18795003673769287
2552,0.2977,2,46,2,180154,425456,9475,98481,3.941013005298455,0.187963438352321
2553,0.2978,2,20,2,180174,425436,9477,98479,3.940827744636704,0.18796751381426377
2554,0.2979,3,14,3,180188,425422,9480,98476,3.940698062173478,0.18796788687874358
2555,0.298,9,115,9,180303,425307,9489,98467,3.9396328133684095,0.18799520403838296
2556,0.2981,0,5,0,180308,425302,9489,98467,3.9395864982029716,0.18799699867689765
2557,0.2982,2,27,2,180335,425275,9491,98465,3.9393363963096077,0.1880035895673426
2558,0.2983,39,426,39,180761,424849,9530,98426,3.9353903442143094,0.1880961253642922
2559,0.2984,0,2,0,180763,424847,9530,98426,3.9353718181481345,0.1880968442858699
2560,0.2985,1,36,1,180799,424811,9531,98425,3.9350383489569825,0.18810823414291067
2561,0.2986,2,4,2,180803,424807,9533,98423,3.935001296824632,0.18810656881295032
2562,0.2987,2,43,2,180846,424764,9535,98421,3.9346029864018672,0.18811892542790792
2563,0.2988,0,23,0,180869,424741,9535,98421,3.9343899366408537,0.1881271957825683
2564,0.2989,0,7,0,180876,424734,9535,98421,3.934325095409241,0.18812971299136966
2565,0.299,11,94,11,180970,424640,9546,98410,3.933454370299011,0.18814644871427205
2566,0.2991,0,3,0,180973,424637,9546,98410,3.933426581199748,0.1881475278512256
2567,0.2992,14,135,14,181108,424502,9560,98396,3.932176071732928,0.18817436670249266
2568,0.2993,5,68,5,181176,424434,9565,98391,3.9315461854829747,0.18819107732032708
2569,0.2994,0,8,0,181184,424426,9565,98391,3.931472081218274,0.18819395696773442
2570,0.2995,3,35,3,181219,424391,9568,98388,3.93114787506021,0.1882018979339262
2571,0.2996,1,11,1,181230,424380,9569,98387,3.9310459816962466,0.18820430516845937
2572,0.2997,3,21,3,181251,424359,9572,98384,3.930851458001408,0.18820720698316382
2573,0.2998,4,31,4,181282,424328,9576,98380,3.930564303975694,0.1882121566916902
2574,0.2999,2,2,2,181284,424326,9578,98378,3.9305457779095185,0.18820977073066208
2575,0.3,272,3911,272,185195,420415,9850,98106,3.8943180555040944,0.18920352309742516
2576,0.3001,0,3,0,185198,420412,9850,98106,3.894290266404832,0.18920461777604636
2577,0.3002,3,22,3,185220,420390,9853,98103,3.8940864796769055,0.18920795459147954
2578,0.3003,2,28,2,185248,420362,9855,98101,3.893827114750454,0.1892150452394867
2579,0.3004,0,3,0,185251,420359,9855,98101,3.8937993256511914,0.18921614010724067
2580,0.3005,3,23,3,185274,420336,9858,98098,3.8935862758901774,0.189219842834382
2581,0.3006,0,9,0,185283,420327,9858,98098,3.8935029085923896,0.18922312774268216
2582,0.3007,5,48,5,185331,420279,9863,98093,3.893058283004187,0.18923282893366153
2583,0.3008,18,176,18,185507,420103,9881,98075,3.8914279891807775,0.18926893847287998
2584,0.3009,1,2,1,185509,420101,9882,98074,3.891409463114602,0.1892681044048825
2585,0.301,5,90,5,185599,420011,9887,98069,3.8905757901367224,0.18929315935762817
2586,0.3011,0,5,0,185604,420006,9887,98069,3.8905294749712844,0.18929498624716498
2587,0.3012,1,36,1,185640,419970,9888,98068,3.890196005780133,0.1893065759654697
2588,0.3013,5,45,5,185685,419925,9893,98063,3.8897791692911925,0.1893151964910384
2589,0.3014,0,8,0,185693,419917,9893,98063,3.8897050650264924,0.1893181203907487
2590,0.3015,0,28,0,185721,419889,9893,98063,3.889445700100041,0.1893283547510194
2591,0.3016,0,6,0,185727,419883,9893,98063,3.8893901219015152,0.18933054797218243
2592,0.3017,31,444,31,186171,419439,9924,98032,3.8852773352106413,0.1894444326348723
2593,0.3018,0,20,0,186191,419419,9924,98032,3.8850920745488904,0.18945175485215024
2594,0.3019,0,8,0,186199,419411,9924,98032,3.88501797028419,0.18945468389755007
2595,0.302,11,92,11,186291,419319,9935,98021,3.8841657712401347,0.18947114083581398
2596,0.3021,1,23,1,186314,419296,9936,98020,3.883952721479121,0.18947799797415893
2597,0.3022,3,22,3,186336,419274,9939,98017,3.883748934751195,0.18948135575527122
2598,0.3023,2,39,2,186375,419235,9941,98015,3.88338767646078,0.18949250845819238
2599,0.3024,1,7,1,186382,419228,9942,98014,3.8833228352291673,0.1894935059411262
2600,0.3025,32,401,32,186783,418827,9974,97982,3.8796083589610584,0.18959035156121506
2601,0.3026,3,9,3,186792,418818,9977,97979,3.87952499166327,0.18958894885225727
2602,0.3027,4,55,4,186847,418763,9981,97975,3.879015524843455,0.1896028548316555
2603,0.3028,2,10,2,186857,418753,9983,97973,3.8789228945125793,0.18960338748195368
2604,0.3029,4,16,4,186873,418737,9987,97969,3.878774685983178,0.1896029850630726
2605,0.303,10,49,10,186922,418688,9997,97959,3.878320797361888,0.18960528174943433
2606,0.3031,2,10,2,186932,418678,9999,97957,3.8782281670310126,0.18960581454992403
2607,0.3032,4,29,4,186961,418649,10003,97953,3.8779595390714734,0.1896101834681244
2608,0.3033,61,800,61,187761,417849,10064,97892,3.8705491126014304,0.1898084503655905
2609,0.3034,0,5,0,187766,417844,10064,97892,3.8705027974359925,0.18981029053624335
2610,0.3035,1,31,1,187797,417813,10065,97891,3.8702156434102783,0.18982012937654158
2611,0.3036,0,12,0,187809,417801,10065,97891,3.8701044870132275,0.18982454643469357
2612,0.3037,4,34,4,187843,417767,10069,97887,3.869789543888251,0.18983077800230386
2613,0.3038,1,21,1,187864,417746,10070,97886,3.869595020193412,0.18983693797126633
2614,0.3039,0,6,0,187870,417740,10070,97886,3.869539441994887,0.18983914697862403
2615,0.304,15,153,15,188023,417587,10085,97871,3.868122197932491,0.1898719197296385
2616,0.3041,1,6,1,188029,417581,10086,97870,3.8680666197339657,0.18987255820630866
2617,0.3042,11,143,11,188172,417438,10097,97859,3.8667420060024456,0.18990795599431007
2618,0.3043,4,46,4,188218,417392,10101,97855,3.866315906480418,0.1899186215543225
2619,0.3044,0,6,0,188224,417386,10101,97855,3.866260328281893,0.18992083316350988
2620,0.3045,2,23,2,188247,417363,10103,97853,3.866047278520879,0.18992616688922703
2621,0.3046,1,8,1,188255,417355,10104,97852,3.8659731742561783,0.18992754368632414
2622,0.3047,4,38,4,188293,417317,10108,97848,3.8656211789988513,0.18993526345928002
2623,0.3048,1,21,1,188314,417296,10109,97847,3.8654266553040126,0.1899414337378165
2624,0.3049,0,5,0,188319,417291,10109,97847,3.865380340138575,0.18994327733539362
2625,0.305,118,1482,118,189801,415809,10227,97729,3.8516525251028195,0.1903052938633558
2626,0.3051,0,2,0,189803,415807,10227,97729,3.8516339990366446,0.19030603501994017
2627,0.3052,3,25,3,189828,415782,10230,97726,3.8514024232094557,0.19031056965032678
2628,0.3053,3,33,3,189861,415749,10233,97723,3.8510967431175662,0.1903180699239686
2629,0.3054,0,7,0,189868,415742,10233,97723,3.8510319018859533,0.1903206645048835
2630,0.3055,3,28,3,189896,415714,10236,97720,3.850772536959502,0.1903263126321981
2631,0.3056,1,11,1,189907,415703,10237,97719,3.850670643595539,0.19032881333483956
2632,0.3057,7,59,7,189966,415644,10244,97712,3.850124124643373,0.1903396473402473
2633,0.3058,11,139,11,190105,415505,10255,97701,3.848836563044203,0.19037384597997686
2634,0.3059,0,6,0,190111,415499,10255,97701,3.848780984845678,0.19037607170693688
2635,0.306,16,164,16,190275,415335,10271,97685,3.847261847419319,0.19041167985653581
2636,0.3061,1,6,1,190281,415329,10272,97684,3.8472062692207936,0.1904123287324103
2637,0.3062,4,32,4,190313,415297,10276,97680,3.8469098521619918,0.19041789397965211
2638,0.3063,5,24,5,190337,415273,10281,97675,3.8466875393678905,0.19041891185851198
2639,0.3064,1,12,1,190349,415261,10282,97674,3.84657638297084,0.19042178833575404
2640,0.3065,6,31,6,190380,415230,10288,97668,3.8462892289451256,0.19042382695974638
2641,0.3066,0,1,0,190381,415229,10288,97668,3.8462799659120384,0.19042419823083387
2642,0.3067,81,825,81,191206,414404,10369,97587,3.838637963614806,0.19060295981765304
2643,0.3068,0,16,0,191222,414388,10369,97587,3.8384897550854054,0.1906089164509986
2644,0.3069,0,9,0,191231,414379,10369,97587,3.838406387787617,0.19061226722087013
2645,0.307,5,59,5,191290,414320,10374,97582,3.8378598688354515,0.19062633082113373
2646,0.3071,3,22,3,191312,414298,10377,97579,3.837656082107525,0.190629780201103
2647,0.3072,2,11,2,191323,414287,10379,97577,3.837554188743562,0.19063071440851476
2648,0.3073,2,47,2,191370,414240,10381,97575,3.8371188261884472,0.19064505729609332
2649,0.3074,3,4,3,191374,414236,10384,97572,3.837081774056097,0.19064180317619106
2650,0.3075,45,429,45,191803,413807,10429,97527,3.833107932861536,0.19073052055994713
2651,0.3076,1,6,1,191809,413801,10430,97526,3.833052354663011,0.19073117594024958
2652,0.3077,4,41,4,191850,413760,10434,97522,3.8326725703064213,0.1907401394924914
2653,0.3078,2,18,2,191868,413742,10436,97520,3.8325058357108452,0.19074368914568265
2654,0.3079,2,13,2,191881,413729,10438,97518,3.832385416280707,0.19074537356698426
2655,0.308,8,111,8,191992,413618,10446,97510,3.8313572196079884,0.19077413094176018
2656,0.3081,0,3,0,191995,413615,10446,97510,3.8313294305087258,0.19077525067253606
2657,0.3082,4,26,4,192021,413589,10450,97506,3.831088591648449,0.19077862236961818
2658,0.3083,53,431,53,192452,413158,10503,97453,3.8270962243877134,0.1908556611588861
2659,0.3085,3,32,3,192484,413126,10506,97450,3.8267998073289116,0.19086286860330293
2660,0.3086,3,11,3,192495,413115,10509,97447,3.826697913964949,0.1908622263309843
2661,0.3087,3,30,3,192525,413085,10512,97444,3.826420022972322,0.19086868718525293
2662,0.3088,2,24,2,192549,413061,10514,97442,3.8261977101782207,0.19087449045353308
2663,0.3089,1,14,1,192563,413047,10515,97441,3.826068027714995,0.19087814013257903
2664,0.309,8,95,8,192658,412952,10523,97433,3.8251880395716773,0.1909009865101835
2665,0.3091,2,6,2,192664,412946,10525,97431,3.825132461373152,0.19090006015161343
2666,0.3092,12,155,12,192819,412791,10537,97419,3.823696691244581,0.19093902510730876
2667,0.3093,6,64,6,192883,412727,10543,97413,3.8231038571269775,0.19095346375504763
2668,0.3094,0,9,0,192892,412718,10543,97413,3.8230204898291897,0.19095683265670974
2669,0.3095,5,32,5,192924,412686,10548,97408,3.822724072770388,0.19096088171983988
2670,0.3096,0,11,0,192935,412675,10548,97408,3.822622179406425,0.1909649998137558
2671,0.3097,3,36,3,192971,412639,10551,97405,3.8222887102152727,0.19097371991436032
2672,0.3098,1,29,1,193000,412610,10552,97404,3.822020082255734,0.1909829926237319
2673,0.3099,0,10,0,193010,412600,10552,97404,3.821927451924858,0.1909867373589227
2674,0.31,289,3794,289,196804,408806,10841,97115,3.786783504390678,0.19195684701761737
2675,0.3101,1,11,1,196815,408795,10842,97114,3.7866816110267147,0.19195942353269066
2676,0.3102,5,31,5,196846,408764,10847,97109,3.786394457001,0.19196320024986507
2677,0.3103,1,33,1,196879,408731,10848,97108,3.786088776909111,0.19197412615476467
2678,0.3104,2,17,2,196896,408714,10850,97106,3.785931305346623,0.1919773832588668
2679,0.3105,0,21,0,196917,408693,10850,97106,3.785736781651784,0.1919853538658637
2680,0.3106,0,10,0,196927,408683,10850,97106,3.7856441513209087,0.1919891496256344
2681,0.3107,6,66,6,196993,408617,10856,97100,3.7850327911371298,0.19200461918424733
2682,0.3108,15,138,15,197131,408479,10871,97085,3.7837544925710476,0.19203305615115
2683,0.3109,1,6,1,197137,408473,10872,97084,3.783698914372522,0.1920337370464656
2684,0.311,7,86,7,197223,408387,10879,97077,3.7829022935269925,0.19205522054983143
2685,0.3111,0,11,0,197234,408376,10879,97077,3.7828004001630293,0.19205940018161927
2686,0.3112,2,9,2,197243,408367,10881,97075,3.7827170328652415,0.1920596230625868
2687,0.3113,2,60,2,197303,408307,10883,97073,3.7821612508799882,0.19207922751197118
2688,0.3114,1,10,1,197313,408297,10884,97072,3.7820686205491127,0.19208142960886007
2689,0.3115,5,39,5,197352,408258,10889,97067,3.781707362258698,0.19208826003067334
2690,0.3116,0,5,0,197357,408253,10889,97067,3.78166104709326,0.19209016069025567
2691,0.3117,38,418,38,197775,407835,10927,97029,3.7777890992626624,0.19218839132915003
2692,0.3118,4,19,4,197794,407816,10931,97025,3.777613101633999,0.19218922393387225
2693,0.3119,3,9,3,197803,407807,10934,97022,3.777529734336211,0.1921878497471421
2694,0.312,8,84,8,197887,407723,10942,97014,3.7767516395568563,0.1922070305921698
2695,0.3121,0,9,0,197896,407714,10942,97014,3.7766682722590685,0.19221045791000302
2696,0.3122,2,10,2,197906,407704,10944,97012,3.776575641928193,0.19221106523272494
2697,0.3123,1,34,1,197940,407670,10945,97011,3.776260698803216,0.19222241376235683
2698,0.3124,0,6,0,197946,407664,10945,97011,3.7762051206046907,0.1922246990637539
2699,0.3125,31,409,31,198355,407255,10976,96980,3.772416540071881,0.1923309567959384
2700,0.3126,1,5,1,198360,407250,10977,96979,3.7723702249064432,0.19233126218444396
2701,0.3127,7,54,7,198414,407196,10984,96972,3.7718700211197156,0.19234064835531015
2702,0.3128,3,16,3,198430,407180,10987,96969,3.7717218125903145,0.19234194652771303
2703,0.3129,1,19,1,198449,407161,10988,96968,3.771545814961651,0.19234759357228012
2704,0.313,6,60,6,198509,407101,10994,96962,3.770990032976398,0.19236087552547995
2705,0.3131,1,4,1,198513,407097,10995,96961,3.7709529808440476,0.1923607997492352
2706,0.3132,4,18,4,198531,407079,10999,96957,3.7707862462484716,0.19236125991000644
2707,0.3133,77,766,77,199297,406313,11076,96880,3.763690762903405,0.19253050022555956
2708,0.3134,1,3,1,199300,406310,11077,96879,3.7636629738041423,0.1925300433833013
2709,0.3135,5,43,5,199343,406267,11082,96874,3.7632646633813778,0.19253847331066243
2710,0.3136,0,8,0,199351,406259,11082,96874,3.763190559116677,0.1925415347432985
2711,0.3137,3,45,3,199396,406214,11085,96871,3.7627737226277373,0.19255394217676933
2712,0.3138,2,16,2,199412,406198,11087,96869,3.7626255140983362,0.19255685624380053
2713,0.3139,2,4,2,199416,406194,11089,96867,3.762588461965986,0.19255517720515006
2714,0.314,9,145,9,199561,406049,11098,96858,3.761245322168291,0.19259624542907536
2715,0.3141,0,2,0,199563,406047,11098,96858,3.7612267961021155,0.1925970113639753
2716,0.3142,17,139,17,199702,405908,11115,96841,3.7599392345029456,0.19262295897157428
2717,0.3143,2,74,2,199776,405834,11117,96839,3.7592537700544666,0.19264810324007853
2718,0.3144,3,9,3,199785,405825,11120,96836,3.759170402756679,0.19264673408121974
2719,0.3145,2,37,2,199822,405788,11122,96834,3.758827670532439,0.19265770300543947
2720,0.3146,1,6,1,199828,405782,11123,96833,3.758772092333914,0.19265839658585598
2721,0.3147,3,31,3,199859,405751,11126,96830,3.7584849383081997,0.19266546089088127
2722,0.3148,1,26,1,199885,405725,11127,96829,3.758244099447923,0.19267382211662826
2723,0.3149,2,8,2,199893,405717,11129,96827,3.7581699951832226,0.1926736763348085
2724,0.315,139,1491,139,201384,404226,11268,96688,3.7443588128496796,0.19302315367508194
2725,0.3151,1,4,1,201388,404222,11269,96687,3.7443217607173294,0.1930230840332276
2726,0.3152,2,29,2,201417,404193,11271,96685,3.74405313275779,0.19303103749815323
2727,0.3153,3,37,3,201454,404156,11274,96682,3.743710400533551,0.1930404641820309
2728,0.3154,0,8,0,201462,404148,11274,96682,3.7436362962688503,0.19304354771080007
2729,0.3155,2,26,2,201488,404122,11276,96680,3.7433954574085737,0.1930503472430222
2730,0.3156,0,6,0,201494,404116,11276,96680,3.7433398792100485,0.1930526601650173
2731,0.3157,8,54,8,201548,404062,11284,96672,3.7428396754233204,0.19306058705819856
2732,0.3158,15,126,15,201674,403936,11299,96657,3.7416725332542886,0.19308500118859034
2733,0.3159,0,2,0,201676,403934,11299,96657,3.7416540071881137,0.193085772616767
2734,0.316,9,141,9,201817,403793,11308,96648,3.7403479195227685,0.1931256631650884
2735,0.3161,1,9,1,201826,403784,11309,96647,3.7402645522249807,0.193127524074248
2736,0.3162,2,30,2,201856,403754,11311,96645,3.739986661232354,0.19313587756969938
2737,0.3163,6,43,6,201899,403711,11317,96639,3.7395883508095893,0.19314280003997203
2738,0.3164,0,4,0,201903,403707,11317,96639,3.739551298677239,0.1931443441138732
2739,0.3165,3,39,3,201942,403668,11320,96636,3.7391900403868243,0.19315456202628803
2740,0.3166,0,5,0,201947,403663,11320,96636,3.7391437252213864,0.19315649241753433
2741,0.3167,57,801,57,202748,402862,11377,96579,3.7317240357182557,0.193374192347044
2742,0.3168,0,22,0,202770,402840,11377,96579,3.7315202489903294,0.19338271070984484
2743,0.3169,1,2,1,202772,402838,11378,96578,3.7315017229241545,0.19338187002418825
2744,0.317,9,65,9,202837,402773,11387,96569,3.7308996257734632,0.19339250453596935
2745,0.3171,2,23,2,202860,402750,11389,96567,3.7306865760124497,0.19339818191649794
2746,0.3172,1,17,1,202877,402733,11390,96566,3.730529104449961,0.19340315121800764
2747,0.3173,9,47,9,202924,402686,11399,96557,3.730093741894846,0.1934068179223344
2748,0.3174,0,7,0,202931,402679,11399,96557,3.7300289006632332,0.19340952976147555
2749,0.3175,34,409,34,203340,402270,11433,96523,3.7262403201304237,0.1935131407217022
2750,0.3176,0,6,0,203346,402264,11433,96523,3.726184741931898,0.19351546852664564
2751,0.3177,4,44,4,203390,402220,11437,96519,3.725777168476046,0.19352607275548933
2752,0.3178,2,24,2,203414,402196,11439,96517,3.7255548556819447,0.1935321517586267
2753,0.3179,2,16,2,203430,402180,11441,96515,3.7254066471525435,0.19353512668063647
2754,0.318,4,123,4,203553,402057,11445,96511,3.7242672940827743,0.1935764028176698
2755,0.3181,1,4,1,203557,402053,11446,96510,3.724230241950424,0.1935763383965517
2756,0.3182,3,19,3,203576,402034,11449,96507,3.724054244321761,0.19357886312259173
2757,0.3183,39,516,39,204092,401518,11488,96468,3.7192745192485828,0.19371628921294975
2758,0.3184,0,2,0,204094,401516,11488,96468,3.719255993182408,0.19371706721501092
2759,0.3185,5,37,5,204131,401479,11493,96463,3.718913260958168,0.19372336537187063
2760,0.3186,2,9,2,204140,401470,11495,96461,3.7188298936603803,0.1937236283742125
2761,0.3187,2,45,2,204185,401425,11497,96459,3.71841305717144,0.19373789878766942
2762,0.3188,2,23,2,204208,401402,11499,96457,3.7182000074104264,0.19374361013861355
2763,0.3189,2,6,2,204214,401396,11501,96455,3.7181444292119012,0.19374270615103717
2764,0.319,10,97,10,204311,401299,11511,96445,3.717245915002408,0.1937642643607959
2765,0.3191,1,7,1,204318,401292,11512,96444,3.7171810737707953,0.19376536959351945
2766,0.3192,9,155,9,204473,401137,11521,96435,3.7157453036422248,0.1938111469294896
2767,0.3193,3,66,3,204539,401071,11524,96432,3.715133943458446,0.19383199699298295
2768,0.3194,2,8,2,204547,401063,11526,96430,3.7150598391937457,0.19383187301127855
2769,0.3195,3,20,3,204567,401043,11529,96427,3.7148745785319943,0.19383480410879048
2770,0.3196,2,9,2,204576,401034,11531,96425,3.7147912112342065,0.19383506982484988
2771,0.3197,3,26,3,204602,401008,11534,96422,3.71455037237393,0.19384033934422934
2772,0.3198,1,23,1,204625,400985,11535,96421,3.7143373226129164,0.19384768177303852
2773,0.3199,1,2,1,204627,400983,11536,96420,3.7143187965467415,0.1938468404895025
2774,0.32,287,3862,287,208489,397121,11823,96133,3.678544962762607,0.19489553049747188
2775,0.3201,0,4,0,208493,397117,11823,96133,3.6785079106302567,0.19489711099847948
2776,0.3202,4,33,4,208526,397084,11827,96129,3.6782022305383677,0.1949036217617946
2777,0.3203,4,36,4,208562,397048,11831,96125,3.6778687613472156,0.19491131915169727
2778,0.3204,0,8,0,208570,397040,11831,96125,3.677794657082515,0.19491448095465005
2779,0.3205,6,36,6,208606,397004,11837,96119,3.677461187891363,0.1949189147535199
2780,0.3206,1,11,1,208617,396993,11838,96118,3.6773592945274,0.19492163022118753
2781,0.3207,6,59,6,208676,396934,11844,96112,3.6768127755752342,0.19493515817996698
2782,0.3208,15,161,15,208837,396773,11859,96097,3.675321427248138,0.19497433400288108
2783,0.3209,0,1,0,208838,396772,11859,96097,3.6753121642150504,0.19497472959346196
2784,0.321,5,86,5,208924,396686,11864,96092,3.674515543369521,0.1950005885002983
2785,0.3211,1,11,1,208935,396675,11865,96091,3.6744136500055578,0.19500330785809086
2786,0.3212,3,25,3,208960,396650,11868,96088,3.674182074178369,0.19500830055729415
2787,0.3213,4,41,4,209001,396609,11872,96084,3.6738022898217793,0.19501799294895605
2788,0.3214,2,11,2,209012,396598,11874,96082,3.673700396457816,0.1950190793212633
2789,0.3215,4,41,4,209053,396557,11878,96078,3.6733206121012265,0.19502877383864323
2790,0.3216,0,3,0,209056,396554,11878,96078,3.673292823001964,0.1950299615128534
2791,0.3217,46,479,46,209535,396075,11924,96032,3.668855830153025,0.19514455189623395
2792,0.3218,1,22,1,209557,396053,11925,96031,3.6686520434250993,0.19515164077677793
2793,0.3219,0,8,0,209565,396045,11925,96031,3.6685779391603988,0.19515481348409594
2794,0.322,6,108,6,209673,395937,11931,96025,3.667577531586943,0.19518783971119721
2795,0.3221,2,21,2,209694,395916,11933,96023,3.6673830078921044,0.19519289993271524
2796,0.3222,0,37,0,209731,395879,11933,96023,3.6670402756678646,0.19520758199804025
2797,0.3223,5,40,5,209771,395839,11938,96018,3.6666697543443627,0.1952152759846866
2798,0.3224,0,7,0,209778,395832,11938,96018,3.66660491311275,0.19521805428484293
2799,0.3225,30,355,30,210133,395477,11968,95988,3.663316536366668,0.19530994068753624
2800,0.3226,0,3,0,210136,395474,11968,95988,3.6632887472674054,0.1953111329054942
2801,0.3227,8,61,8,210197,395413,11976,95980,3.6627237022490644,0.19532227768812335
2802,0.3228,0,16,0,210213,395397,11976,95980,3.6625754937196637,0.19532863768552455
2803,0.3229,1,19,1,210232,395378,11977,95979,3.662399496091,0.19533455308462075
2804,0.323,2,73,2,210305,395305,11979,95977,3.6617232946756086,0.19536030222967665
2805,0.3231,1,9,1,210314,395296,11980,95976,3.6616399273778204,0.19536224331938315
2806,0.3232,4,17,4,210331,395279,11984,95972,3.661482455815332,0.1953624521883925
2807,0.3233,85,814,85,211145,394465,12069,95887,3.653942346882063,0.19554728032107546
2808,0.3234,0,3,0,211148,394462,12069,95887,3.6539145577828003,0.19554847669720954
2809,0.3235,5,33,5,211181,394429,12074,95882,3.6536088776909112,0.19555343445282689
2810,0.3236,1,8,1,211189,394421,12075,95881,3.6535347734262107,0.19555498447895378
2811,0.3237,2,32,2,211221,394389,12077,95879,3.653238356367409,0.19556446678143383
2812,0.3238,1,20,1,211241,394369,12078,95878,3.653053095705658,0.1955708041048696
2813,0.3239,1,11,1,211252,394358,12079,95877,3.652951202341695,0.19557355146001407
2814,0.324,16,136,16,211388,394222,12095,95861,3.6516914298417875,0.1956015613681764
2815,0.3241,0,5,0,211393,394217,12095,95861,3.6516451146763496,0.1956035569848065
2816,0.3242,13,151,13,211544,394066,12108,95848,3.650246396680129,0.19564250052049953
2817,0.3243,4,71,4,211615,393995,12112,95844,3.6495887213309124,0.19566428969518557
2818,0.3244,0,6,0,211621,393989,12112,95844,3.649533143132387,0.1956666864012837
2819,0.3245,1,33,1,211654,393956,12113,95843,3.649227463040498,0.19567822719115394
2820,0.3246,1,9,1,211663,393947,12114,95842,3.64914409574271,0.19568018064921833
2821,0.3247,0,47,0,211710,393900,12114,95842,3.648708733187595,0.19569895986049798
2822,0.3248,6,29,6,211739,393871,12120,95836,3.648440105228056,0.19570069449691346
2823,0.3249,2,3,2,211742,393868,12122,95834,3.6484123161287934,0.19569860854152116
2824,0.325,126,1506,126,213248,392362,12248,95708,3.6344621882989365,0.19609482246399082
2825,0.3251,2,6,2,213254,392356,12250,95706,3.6344066101004113,0.1960939388848138
2826,0.3252,1,23,1,213277,392333,12251,95705,3.6341935603393973,0.19610153307734235
2827,0.3253,5,44,5,213321,392289,12256,95700,3.633785986883545,0.19611097791138735
2828,0.3254,0,8,0,213329,392281,12256,95700,3.6337118826188446,0.19611419297062796
2829,0.3255,2,32,2,213361,392249,12258,95698,3.633415465560043,0.1961237593427155
2830,0.3256,0,5,0,213366,392244,12258,95698,3.6333691503946053,0.1961257690463211
2831,0.3257,11,53,11,213419,392191,12269,95687,3.632878209640965,0.19612895027035449
2832,0.3258,16,159,16,213578,392032,12285,95671,3.6314053873800436,0.196166519377572
2833,0.3259,0,2,0,213580,392030,12285,95671,3.6313868613138687,0.19616732383160995
2834,0.326,11,164,11,213744,391866,12296,95660,3.62986772388751,0.19621517621624282
2835,0.3261,1,9,1,213753,391857,12297,95659,3.6297843565897217,0.19621714979610927
2836,0.3262,3,32,3,213785,391825,12300,95656,3.62948793953092,0.19622508364428562
2837,0.3263,1,31,1,213816,391794,12301,95655,3.6292007855052058,0.19623591391099376
2838,0.3264,1,12,1,213828,391782,12302,95654,3.6290896291081554,0.19623909600439854
2839,0.3265,3,40,3,213868,391742,12305,95651,3.628719107784653,0.19625025390188205
2840,0.3266,0,3,0,213871,391739,12305,95651,3.6286913186853904,0.19625146186831902
2841,0.3267,72,829,72,214700,390910,12377,95579,3.621012264255808,0.19646692936530938
2842,0.3268,4,22,4,214722,390888,12381,95575,3.620808477527882,0.19646920731895334
2843,0.3269,1,12,1,214734,390876,12382,95574,3.620697321130831,0.19647240209682393
2844,0.327,10,64,10,214798,390812,12392,95564,3.6201044870132275,0.19648173429610014
2845,0.3271,2,22,2,214820,390790,12394,95562,3.619900700285301,0.19648731782741718
2846,0.3272,1,22,1,214842,390768,12395,95561,3.6196969135573753,0.19649455409815167
2847,0.3273,8,76,8,214918,390692,12403,95553,3.618992923042721,0.19651204639636397
2848,0.3274,1,6,1,214924,390686,12404,95552,3.6189373448441957,0.1965128188253489
2849,0.3275,28,437,28,215361,390249,12432,95524,3.6148893993849347,0.19664328812017134
2850,0.3276,0,10,0,215371,390239,12432,95524,3.6147967690540592,0.19664733625245231
2851,0.3277,3,38,3,215409,390201,12435,95521,3.614444773796732,0.19665775896500468
2852,0.3278,1,23,1,215432,390178,12436,95520,3.6142317240357182,0.19666541760517853
2853,0.3279,0,16,0,215448,390162,12436,95520,3.6140835155063176,0.19667189642605656
2854,0.328,10,125,10,215573,390037,12446,95510,3.612925636370373,0.19670598314890217
2855,0.3281,0,4,0,215577,390033,12446,95510,3.6128885842380227,0.19670760365199375
2856,0.3282,4,19,4,215596,390014,12450,95506,3.6127125866093595,0.19670868347338935
2857,0.3283,31,477,31,216073,389537,12481,95475,3.608294119826596,0.19685079956784574
2858,0.3284,0,6,0,216079,389531,12481,95475,3.608238541628071,0.19685323480534261
2859,0.3285,6,44,6,216123,389487,12487,95469,3.6078309681722183,0.1968611585380942
2860,0.3286,0,12,0,216135,389475,12487,95469,3.607719811775168,0.19686602989211124
2861,0.3287,3,27,3,216162,389448,12490,95466,3.6074697098818036,0.196872022667937
2862,0.3288,4,40,4,216202,389408,12494,95462,3.6070991885583017,0.196881638377297
2863,0.3289,0,11,0,216213,389397,12494,95462,3.6069972951943385,0.1968861050325971
2864,0.329,7,89,7,216302,389308,12501,95455,3.606172885249546,0.19691065530991433
2865,0.3291,0,7,0,216309,389301,12501,95455,3.606108044017933,0.19691349874988653
2866,0.3292,17,167,17,216476,389134,12518,95438,3.604561117492312,0.19695318755520336
2867,0.3293,6,55,6,216531,389079,12524,95432,3.604051650672496,0.1969656003682063
2868,0.3294,1,9,1,216540,389070,12525,95431,3.603968283374708,0.1969676017180563
2869,0.3295,3,36,3,216576,389034,12528,95428,3.603634814183556,0.1969772655027639
2870,0.3296,0,11,0,216587,389023,12528,95428,3.603532920819593,0.19698173809115885
2871,0.3297,4,39,4,216626,388984,12532,95424,3.6031716625291788,0.19699096629287707
2872,0.3298,2,16,2,216642,388968,12534,95422,3.6030234539997776,0.19699415760028077
2873,0.3299,1,9,1,216651,388959,12535,95421,3.60294008670199,0.1969961600396383
2874,0.33,332,3822,332,220473,385137,12867,95089,3.5675367742413577,0.19800885416449754
2875,0.3301,0,9,0,220482,385128,12867,95089,3.5674534069435695,0.19801256515283716
2876,0.3302,0,15,0,220497,385113,12867,95089,3.5673144614472565,0.1980187504425221
2877,0.3303,2,24,2,220521,385089,12869,95087,3.567092148653155,0.19802530738729132
2878,0.3304,1,9,1,220530,385080,12870,95086,3.567008781355367,0.19802734887518067
2879,0.3305,4,21,4,220551,385059,12874,95082,3.5668142576605284,0.19802932888464014
2880,0.3306,2,3,2,220554,385056,12876,95080,3.566786468561266,0.19802722561940783
2881,0.3307,4,75,4,220629,384981,12880,95076,3.566091741079699,0.19805148138658535
2882,0.3308,13,138,13,220767,384843,12893,95063,3.564813442513617,0.19808670864711006
2883,0.3309,0,7,0,220774,384836,12893,95063,3.564748601282004,0.19808959801958329
2884,0.331,14,115,14,220889,384721,12907,95049,3.563683352476935,0.1981136794714134
2885,0.3311,0,6,0,220895,384715,12907,95049,3.5636277742784097,0.19811615711057937
2886,0.3312,3,22,3,220917,384693,12910,95046,3.5634239875504834,0.19812022787390643
2887,0.3313,3,38,3,220955,384655,12913,95043,3.5630719922931564,0.19813090736254893
2888,0.3314,2,10,2,220965,384645,12915,95041,3.562979361962281,0.19813169448347462
2889,0.3315,3,35,3,221000,384610,12918,95038,3.5626551558042165,0.19814113683367804
2890,0.3316,0,4,0,221004,384606,12918,95038,3.5626181036718663,0.19814278923534956
2891,0.3317,45,452,45,221456,384154,12963,94993,3.558431212716292,0.19825439791963637
2892,0.3318,1,18,1,221474,384136,12964,94992,3.558264478120716,0.19826017264697535
2893,0.3319,1,8,1,221482,384128,12965,94991,3.558190373856015,0.1982618096965472
2894,0.332,9,111,9,221593,384017,12974,94982,3.557162177183297,0.19829268954632473
2895,0.3321,0,16,0,221609,384001,12974,94982,3.557013968653896,0.198299313336799
2896,0.3322,1,22,1,221631,383979,12975,94981,3.55681018192597,0.1983067479539001
2897,0.3323,7,40,7,221671,383939,12982,94974,3.5564396606024675,0.19831159312860583
2898,0.3324,1,14,1,221685,383925,12983,94973,3.5563099781392418,0.19831571649912924
2899,0.3325,37,395,37,222080,383530,13020,94936,3.552651080069658,0.198417442409701
2900,0.3326,2,7,2,222087,383523,13022,94934,3.552586238838045,0.19841699463065646
2901,0.3327,5,39,5,222126,383484,13027,94929,3.5522249805476305,0.19842479196844567
2902,0.3328,5,13,5,222139,383471,13032,94924,3.5521045611174924,0.198421806247975
2903,0.3329,2,11,2,222150,383460,13034,94922,3.5520026677535292,0.1984230175884544
2904,0.333,10,66,10,222216,383394,13044,94912,3.5513913075697507,0.19843363871663747
2905,0.3331,0,8,0,222224,383386,13044,94912,3.55131720330505,0.19843695771255576
2906,0.3332,5,33,5,222257,383353,13049,94907,3.5510115232131607,0.19844226989503616
2907,0.3333,68,830,68,223087,382523,13117,94839,3.543323205750491,0.1986731243794018
2908,0.3334,0,3,0,223090,382520,13117,94839,3.5432954166512283,0.19867437295620277
2909,0.3335,0,47,0,223137,382473,13117,94839,3.542860054096113,0.19869393604183427
2910,0.3336,1,9,1,223146,382464,13118,94838,3.5427766867983252,0.19869600378795815
2911,0.3337,2,26,2,223172,382438,13120,94836,3.5425358479380487,0.19870347012407966
2912,0.3338,2,23,2,223195,382415,13122,94834,3.542322798177035,0.19870968823402457
2913,0.3339,1,9,1,223204,382406,13123,94833,3.5422394308792473,0.1987117565831795
2914,0.334,9,147,9,223351,382259,13132,94824,3.5408777650153764,0.19875786812776813
2915,0.3341,0,5,0,223356,382254,13132,94824,3.540831449849939,0.19875995120294795
2916,0.3342,25,174,25,223530,382080,13157,94799,3.5392196820927047,0.19879046886107377
2917,0.3343,2,46,2,223576,382034,13159,94797,3.538793582570677,0.1988062856651518
2918,0.3344,0,15,0,223591,382019,13159,94797,3.5386546370743637,0.19881253984765612
2919,0.3345,2,27,2,223618,381992,13161,94795,3.538404535181,0.19882043763777116
2920,0.3346,0,9,0,223627,381983,13161,94795,3.5383211678832116,0.1988241907134977
2921,0.3347,3,36,3,223663,381947,13164,94792,3.5379876986920595,0.19883416292772355
2922,0.3348,3,29,3,223692,381918,13167,94789,3.537719070732521,0.19884121693199386
2923,0.3349,0,7,0,223699,381911,13167,94789,3.537654229500908,0.1988441367736522
2924,0.335,135,1467,135,225166,380444,13302,94654,3.5240653599614657,0.19923047455472345
2925,0.3351,1,10,1,225176,380434,13303,94653,3.5239727296305903,0.1992329825905571
2926,0.3352,3,21,3,225197,380413,13306,94650,3.5237782059357516,0.19923673281227963
2927,0.3353,6,40,6,225237,380373,13312,94644,3.5234076846122493,0.1992433954995295
2928,0.3354,0,8,0,225245,380365,13312,94644,3.523333580347549,0.1992467511141894
2929,0.3355,5,41,5,225286,380324,13317,94639,3.522953795990959,0.19925552095636923
2930,0.3356,0,9,0,225295,380315,13317,94639,3.5228704286931714,0.1992592966897847
2931,0.3357,6,65,6,225360,380250,13323,94633,3.52226833154248,0.19927645335798502
2932,0.3358,15,140,15,225500,380110,13338,94618,3.5209715069102225,0.19930992062823344
2933,0.3359,1,2,1,225502,380108,13339,94617,3.5209529808440476,0.19930907367423245
2934,0.336,15,157,15,225659,379951,13354,94602,3.5194986846493017,0.19934970382654835
2935,0.3361,0,10,0,225669,379941,13354,94602,3.5194060543184262,0.1993539047041048
2936,0.3362,2,28,2,225697,379913,13356,94600,3.5191466893919747,0.19936229355149385
2937,0.3363,2,35,2,225732,379878,13358,94598,3.51882248323391,0.19937362479872534
2938,0.3364,1,9,1,225741,379869,13359,94597,3.518739115936122,0.19937571922961814
2939,0.3365,2,42,2,225783,379827,13361,94595,3.518350068546445,0.19938999456180362
2940,0.3366,0,3,0,225786,379824,13361,94595,3.5183222794471822,0.19939125540924793
2941,0.3367,85,825,85,226611,378999,13446,94510,3.51068027714995,0.19959493906134837
2942,0.3368,0,26,0,226637,378973,13446,94510,3.5104394382896738,0.1996058992614307
2943,0.3369,2,9,2,226646,378964,13448,94508,3.5103560709918855,0.19960631251689645
2944,0.337,6,65,6,226711,378899,13454,94502,3.5097539738411947,0.19962357493963892
2945,0.3371,0,20,0,226731,378879,13454,94502,3.5095687131794433,0.19963200888924565
2946,0.3372,3,20,3,226751,378859,13457,94499,3.5093834525176923,0.19963537111446306
2947,0.3373,10,63,10,226814,378796,13467,94489,3.5087998814331764,0.19964503417602503
2948,0.3374,0,1,0,226815,378795,13467,94489,3.5087906184000888,0.19964545600527378
2949,0.3375,35,424,35,227239,378371,13502,94454,3.504863092370966,0.19976524083963412
2950,0.3376,1,8,1,227247,378363,13503,94453,3.5047889881062657,0.19976692836113838
2951,0.3377,1,39,1,227286,378324,13504,94452,3.504427729815851,0.19978171480785828
2952,0.3378,2,29,2,227315,378295,13506,94450,3.504159101856312,0.1997905847761478
2953,0.3379,1,12,1,227327,378283,13507,94449,3.504047945459261,0.19979396359882556
2954,0.338,11,109,11,227436,378174,13518,94438,3.5030382748527176,0.19982141799192574
2955,0.3381,0,6,0,227442,378168,13518,94438,3.5029826966541924,0.1998239548376449
2956,0.3382,3,22,3,227464,378146,13521,94435,3.502778909926266,0.19982817760341615
2957,0.3383,38,470,38,227934,377676,13559,94397,3.4984252843751156,0.19996271763053597
2958,0.3384,0,2,0,227936,377674,13559,94397,3.4984067583089407,0.19996356480275213
2959,0.3385,2,45,2,227981,377629,13561,94395,3.497989921820001,0.19997923834381304
2960,0.3386,0,14,0,227995,377615,13561,94395,3.497860239356775,0.19998516980572445
2961,0.3387,4,44,4,228039,377571,13565,94391,3.4974526659009224,0.19999703365948954
2962,0.3388,4,29,4,228068,377542,13569,94387,3.4971840379413837,0.2000025427553721
2963,0.3389,1,5,1,228073,377537,13570,94386,3.4971377227759457,0.20000296658565062
2964,0.339,9,119,9,228192,377418,13579,94377,3.496035421838527,0.20003815216354562
2965,0.3391,1,2,1,228194,377416,13580,94376,3.496016895772352,0.2000373045748974
2966,0.3392,13,145,13,228339,377271,13593,94363,3.4946737559746563,0.20007675443246245
2967,0.3393,13,59,13,228398,377212,13606,94350,3.4941272370224907,0.200079735008334
2968,0.3394,2,4,2,228402,377208,13608,94348,3.4940901848901404,0.2000780395117441
2969,0.3395,3,39,3,228441,377169,13611,94345,3.493728926599726,0.20008949893322361
2970,0.3396,0,11,0,228452,377158,13611,94345,3.4936270332357626,0.2000941669512177
2971,0.3397,1,35,1,228487,377123,13612,94344,3.4933028270776982,0.20010732458475355
2972,0.3398,3,25,3,228512,377098,13615,94341,3.4930712512505093,0.20011284598855844
2973,0.3399,0,6,0,228518,377092,13615,94341,3.493015673051984,0.20011539285540045
2974,0.34,354,3853,354,232371,373239,13969,93987,3.457325206565638,0.20115961012443656
2975,0.3401,3,8,3,232379,373231,13972,93984,3.4572511023009374,0.20115792515223185
2976,0.3402,2,25,2,232404,373206,13974,93982,3.4570195264737484,0.2011652696558987
2977,0.3403,4,32,4,232436,373174,13978,93978,3.4567231094149466,0.20117220947357606
2978,0.3404,1,5,1,232441,373169,13979,93977,3.456676794249509,0.20117265266105244
2979,0.3405,1,27,1,232468,373142,13980,93976,3.4564266923561453,0.20118257057103345
2980,0.3406,0,7,0,232475,373135,13980,93976,3.4563618511245324,0.201185585439007
2981,0.3407,6,69,6,232544,373066,13986,93970,3.455722701841491,0.20120504629193467
2982,0.3408,21,190,21,232734,372876,14007,93949,3.4539627255548555,0.20125100412360092
2983,0.3409,1,5,1,232739,372871,14008,93948,3.453916410389418,0.20125144863426725
2984,0.341,9,100,9,232839,372771,14017,93939,3.4529901070806623,0.20127916693449893
2985,0.3411,2,5,2,232844,372766,14019,93937,3.452943791915225,0.20127790050631772
2986,0.3412,1,28,1,232872,372738,14020,93936,3.4526844269887733,0.20128826547011405
2987,0.3413,7,41,7,232913,372697,14027,93929,3.4523046426321833,0.20129396990309156
2988,0.3414,1,5,1,232918,372692,14028,93928,3.4522583274667458,0.2012944151558013
2989,0.3415,4,31,4,232949,372661,14032,93924,3.4519711734410317,0.20130094195055565
2990,0.3416,0,6,0,232955,372655,14032,93924,3.451915595242506,0.20130353059181832
2991,0.3417,48,483,48,233438,372172,14080,93876,3.4474415502612175,0.20142989563306785
2992,0.3418,3,32,3,233470,372140,14083,93873,3.4471451332024157,0.20143858647720128
2993,0.3419,1,7,1,233477,372133,14084,93872,3.447080291970803,0.20143989871353313
2994,0.342,13,83,13,233560,372050,14097,93859,3.446311460224536,0.20145350272263468
2995,0.3421,2,28,2,233588,372022,14099,93857,3.4460520952980844,0.20146218224045298
2996,0.3422,1,20,1,233608,372002,14100,93856,3.4458668346363335,0.20146911719880306
2997,0.3423,1,42,1,233650,371960,14101,93855,3.445477787246656,0.2014855683050138
2998,0.3424,2,11,2,233661,371949,14103,93853,3.445375893882693,0.20148689786647545
2999,0.3425,45,429,45,234090,371520,14148,93808,3.441402052688132,0.2015954337585531
3000,0.3426,2,10,2,234100,371510,14150,93806,3.4413094223572567,0.20159633453395112
3001,0.3427,6,63,6,234163,371447,14156,93800,3.4407258512727408,0.2016133365717565
3002,0.3428,0,27,0,234190,371420,14156,93800,3.440475749379377,0.2016250376166115
3003,0.3429,1,20,1,234210,371400,14157,93799,3.4402904887176255,0.20163198975062285
3004,0.343,5,71,5,234281,371329,14162,93794,3.4396328133684095,0.20165418609701088
3005,0.3431,0,12,0,234293,371317,14162,93794,3.4395216569713587,0.20165938883406326
3006,0.3432,4,24,4,234317,371293,14166,93790,3.4392993441772575,0.2016629289825687
3007,0.3433,70,759,70,235076,370534,14236,93720,3.4322687020638036,0.20187225096606598
3008,0.3434,1,1,1,235077,370533,14237,93719,3.4322594390307164,0.20187096663019222
3009,0.3435,3,32,3,235109,370501,14240,93716,3.4319630219719146,0.2018797243530504
3010,0.3436,2,13,2,235122,370488,14242,93714,3.431842602541776,0.20188193932813733
3011,0.3437,3,34,3,235156,370454,14245,93711,3.4315276594167994,0.20189156873094696
3012,0.3438,2,25,2,235181,370429,14247,93709,3.4312960835896105,0.2018990041754823
3013,0.3439,2,7,2,235188,370422,14249,93707,3.4312312423579976,0.20189861008469628
3014,0.344,11,136,11,235324,370286,14260,93696,3.4299714698580903,0.2019388683181675
3015,0.3441,0,4,0,235328,370282,14260,93696,3.42993441772574,0.20194060925302493
3016,0.3442,18,140,18,235468,370142,14278,93678,3.4286375930934825,0.20197059204001552
3017,0.3443,11,75,11,235543,370067,14289,93667,3.4279428656119157,0.20198432722207127
3018,0.3444,0,13,0,235556,370054,14289,93667,3.4278224461817777,0.2019899896705131
3019,0.3445,3,24,3,235580,370030,14292,93664,3.4276001333876764,0.20199528137090408
3020,0.3446,0,12,0,235592,370018,14292,93664,3.4274889769906256,0.20200050896950927
3021,0.3447,2,38,2,235630,369980,14294,93662,3.4271369817332986,0.2020136225794902
3022,0.3448,5,30,5,235660,369950,14299,93657,3.426859090740672,0.2020180885965915
3023,0.3449,0,7,0,235667,369943,14299,93657,3.4267942495090593,0.20202113891285592
3024,0.345,130,1573,130,237240,368370,14429,93527,3.4122234984623363,0.20248453659582114
3025,0.3451,1,2,1,237242,368368,14430,93526,3.4122049723961614,0.20248368673331976
3026,0.3452,2,34,2,237276,368334,14432,93524,3.4118900292711847,0.20249513919862816
3027,0.3453,2,39,2,237315,368295,14434,93522,3.41152877098077,0.20250878594768057
3028,0.3454,0,7,0,237322,368288,14434,93522,3.411463929749157,0.20251185552499945
3029,0.3455,6,37,6,237359,368251,14440,93516,3.4111211975249174,0.20251771997565873
3030,0.3456,1,6,1,237365,368245,14441,93515,3.411065619326392,0.2025186243936244
3031,0.3457,4,70,4,237435,368175,14445,93511,3.4104172070102634,0.2025424206062129
3032,0.3458,17,151,17,237586,368024,14462,93494,3.4090184890140427,0.20257931434960283
3033,0.3459,1,12,1,237598,368012,14463,93493,3.4089073326169923,0.20258285392357614
3034,0.346,19,165,19,237763,367847,14482,93474,3.407378932157546,0.2026224689532885
3035,0.3461,0,7,0,237770,367840,14482,93474,3.407314090925933,0.20262554355601609
3036,0.3462,3,27,3,237797,367813,14485,93471,3.4070639890325687,0.2026322178961334
3037,0.3463,1,30,1,237827,367783,14486,93470,3.4067860980399423,0.20264366844226486
3038,0.3464,1,14,1,237841,367769,14487,93469,3.4066564155767165,0.2026480905736301
3039,0.3465,7,41,7,237882,367728,14494,93462,3.406276631220127,0.2026540037728485
3040,0.3466,0,6,0,237888,367722,14494,93462,3.4062210530216013,0.2026566402997502
3041,0.3467,87,779,87,238667,366943,14581,93375,3.3990051502463965,0.20284890010818607
3042,0.3468,2,29,2,238696,366914,14583,93373,3.3987365222868577,0.2028582167213065
3043,0.3469,0,8,0,238704,366906,14583,93373,3.398662418022157,0.20286174255180012
3044,0.347,4,67,4,238771,366839,14587,93369,3.398041794805291,0.20288434794701526
3045,0.3471,2,20,2,238791,366819,14589,93367,3.39785653414354,0.20288970112085114
3046,0.3472,4,12,4,238803,366807,14593,93363,3.397745377746489,0.20288806310711258
3047,0.3473,6,53,6,238856,366754,14599,93357,3.397254436992849,0.20290103909708745
3048,0.3474,1,10,1,238866,366744,14600,93356,3.3971618066619733,0.20290371658335143
3049,0.3475,41,386,41,239252,366358,14641,93315,3.3935862758901774,0.2030030043095853
3050,0.3476,0,8,0,239260,366350,14641,93315,3.3935121716254772,0.20300653736960614
3051,0.3477,5,45,5,239305,366305,14646,93310,3.393095335136537,0.2030177431110821
3052,0.3478,1,36,1,239341,366269,14647,93309,3.3927618659453853,0.20303191188438088
3053,0.3479,3,21,3,239362,366248,14650,93306,3.3925673422505467,0.20303598706572024
3054,0.348,13,103,13,239465,366145,14663,93293,3.3916132498425284,0.20305895463588122
3055,0.3481,1,15,1,239480,366130,14664,93292,3.391474304346215,0.20306384979387143
3056,0.3482,5,29,5,239509,366101,14669,93287,3.3912056763866762,0.20306799481048698
3057,0.3483,39,478,39,239987,365623,14708,93248,3.386777946570825,0.20321179590778235
3058,0.3485,2,40,2,240027,365583,14710,93246,3.386407425247323,0.2032260384587722
3059,0.3486,2,7,2,240034,365576,14712,93244,3.38634258401571,0.20322566583845517
3060,0.3487,3,41,3,240075,365535,14715,93241,3.3859627996591204,0.20323861753884248
3061,0.3488,4,28,4,240103,365507,14719,93237,3.385703434732669,0.20324407512686815
3062,0.3489,2,7,2,240110,365500,14721,93235,3.385638593501056,0.20324370279137194
3063,0.349,3,71,3,240181,365429,14724,93232,3.3849809181518395,0.20326995318982866
3064,0.3491,0,6,0,240187,365423,14724,93232,3.3849253399533143,0.20327261231208643
3065,0.3492,20,157,20,240344,365266,14744,93212,3.3834710437585684,0.20330746513464115
3066,0.3493,7,65,7,240409,365201,14751,93205,3.382868946607877,0.2033241275201459
3067,0.3494,0,5,0,240414,365196,14751,93205,3.3828226314424397,0.2033263452741159
3068,0.3495,8,35,8,240449,365161,14759,93197,3.3824984252843753,0.2033279663494474
3069,0.3496,2,8,2,240457,365153,14761,93195,3.3824243210196747,0.2033280389572988
3070,0.3497,3,25,3,240482,365128,14764,93192,3.382192745192486,0.20333391516844126
3071,0.3498,4,27,4,240509,365101,14768,93188,3.381942643299122,0.20333894114848927
3072,0.3499,0,8,0,240517,365093,14768,93188,3.3818685390344214,0.20334249074257935
3073,0.35,351,3896,351,244413,361197,15119,92837,3.3457797621253103,0.2044714712995062
3074,0.3501,0,7,0,244420,361190,15119,92837,3.3457149208936974,0.20447462375585593
3075,0.3502,2,17,2,244437,361173,15121,92835,3.345557449331209,0.20447877570439288
3076,0.3503,5,33,5,244470,361140,15126,92830,3.3452517692393196,0.2044848778553649
3077,0.3504,0,13,0,244483,361127,15126,92830,3.3451313498091815,0.204490733703853
3078,0.3505,7,26,7,244509,361101,15133,92823,3.3448905109489053,0.20449017897269148
3079,0.3506,0,6,0,244515,361095,15133,92823,3.3448349327503797,0.20449288197427729
3080,0.3507,5,73,5,244588,361022,15138,92818,3.3441587313349883,0.20451701040014103
3081,0.3508,13,138,13,244726,360884,15151,92805,3.3428804327689057,0.20455642521639272
3082,0.3509,0,9,0,244735,360875,15151,92805,3.342797065471118,0.20456048315993652
3083,0.351,16,97,16,244832,360778,15167,92789,3.3418985512616253,0.2045761706649734
3084,0.3511,2,5,2,244837,360773,15169,92787,3.3418522360961873,0.20457491842314138
3085,0.3512,4,29,4,244866,360744,15173,92783,3.341583608136648,0.20458098415309342
3086,0.3513,3,40,3,244906,360704,15176,92780,3.341213086813146,0.20459376736555204
3087,0.3514,1,17,1,244923,360687,15177,92779,3.341055615250658,0.20459968332796727
3088,0.3515,6,27,6,244950,360660,15183,92773,3.3408055133572936,0.20460134132275332
3089,0.3516,2,4,2,244954,360656,15185,92771,3.3407684612249433,0.2045996378689403
3090,0.3517,40,453,40,245407,360203,15225,92731,3.3365723072362816,0.20473402305854715
3091,0.3518,2,28,2,245435,360175,15227,92729,3.33631294230983,0.20474316853019625
3092,0.3519,1,12,1,245447,360163,15228,92728,3.3362017859127793,0.20474683753927544
3093,0.352,12,88,12,245535,360075,15240,92716,3.3353866390010745,0.20476555408565983
3094,0.3521,3,18,3,245553,360057,15243,92713,3.3352199044054984,0.20476842546988538
3095,0.3522,3,20,3,245573,360037,15246,92710,3.3350346437437475,0.20477220169321939
3096,0.3523,9,50,9,245623,359987,15255,92701,3.3345714920893696,0.20477900894214116
3097,0.3524,0,7,0,245630,359980,15255,92701,3.3345066508577568,0.20478217552757902
3098,0.3525,30,414,30,246044,359566,15285,92671,3.3306717551595093,0.20491689092223767
3099,0.3526,3,13,3,246057,359553,15288,92668,3.3305513357293712,0.2049175071480537
3100,0.3527,11,55,11,246112,359498,15299,92657,3.330041868909556,0.20492309053311364
3101,0.3528,2,19,2,246131,359479,15301,92655,3.329865871280892,0.20492818500709967
3102,0.3529,4,21,4,246152,359458,15305,92651,3.3296713475860535,0.20493066937397839
3103,0.353,6,78,6,246230,359380,15311,92645,3.328948831005224,0.20495547812620984
3104,0.3531,0,7,0,246237,359373,15311,92645,3.3288839897736113,0.2049586520890761
3105,0.3532,2,19,2,246256,359354,15313,92643,3.328707992144948,0.20496374975940107
3106,0.3533,87,832,87,247088,358522,15400,92556,3.321001148616103,0.20518845964556018
3107,0.3534,1,8,1,247096,358514,15401,92555,3.3209270443514023,0.20519033673340442
3108,0.3535,3,37,3,247133,358477,15404,92552,3.320584312127163,0.20520188280576193
3109,0.3536,1,16,1,247149,358461,15405,92551,3.320436103597762,0.20520740024655662
3110,0.3537,2,29,2,247178,358432,15407,92549,3.320167475638223,0.20521707122916485
3111,0.3538,2,38,2,247216,358394,15409,92547,3.319815480380896,0.20523083951115556
3112,0.3539,1,8,1,247224,358386,15410,92546,3.3197413761161956,0.2052327180151331
3113,0.354,13,179,13,247403,358207,15423,92533,3.3180832931935234,0.20529129875316146
3114,0.3541,2,7,2,247410,358200,15425,92531,3.3180184519619105,0.20529096068386687
3115,0.3542,15,190,15,247600,358010,15440,92516,3.316258475675275,0.2053510785171111
3116,0.3543,4,59,4,247659,357951,15444,92512,3.3157119567231095,0.20537091836621432
3117,0.3544,1,12,1,247671,357939,15445,92511,3.3156008003260586,0.20537462537462536
3118,0.3545,4,26,4,247697,357913,15449,92507,3.3153599614657825,0.20537942364903866
3119,0.3546,0,18,0,247715,357895,15449,92507,3.3151932268702065,0.20538763149364345
3120,0.3547,1,36,1,247751,357859,15450,92506,3.3148597576790544,0.20540228481342912
3121,0.3548,2,38,2,247789,357821,15452,92504,3.3145077624217274,0.205416088380614
3122,0.3549,3,5,3,247794,357816,15455,92501,3.3144614472562894,0.20541307567780032
3123,0.355,155,1419,155,249213,356397,15610,92346,3.30131720330505,0.205788168283405
3124,0.3551,0,6,0,249219,356391,15610,92346,3.301261625106525,0.20579091984837444
3125,0.3552,2,19,2,249238,356372,15612,92344,3.3010856274778613,0.20579609374303567
3126,0.3553,4,48,4,249286,356324,15616,92340,3.300641001889659,0.2058110300804165
3127,0.3554,0,17,0,249303,356307,15616,92340,3.3004835303271705,0.20581882861135814
3128,0.3555,4,31,4,249334,356276,15620,92336,3.3001963763014563,0.2058259698804312
3129,0.3556,0,10,0,249344,356266,15620,92336,3.3001037459705804,0.20583055804477018
3130,0.3557,5,63,5,249407,356203,15625,92331,3.2995201748860645,0.20585061556091622
3131,0.3558,16,153,16,249560,356050,15641,92315,3.298102930823669,0.20589252060263402
3132,0.3559,1,3,1,249563,356047,15642,92314,3.2980751417244063,0.20589212710293714
3133,0.356,12,156,12,249719,355891,15654,92302,3.2966301085627476,0.20594252922290174
3134,0.3561,2,12,2,249731,355879,15656,92300,3.2965189521656972,0.20594449985385305
3135,0.3562,3,33,3,249764,355846,15659,92297,3.2962132720738078,0.2059543493929393
3136,0.3563,5,36,5,249800,355810,15664,92292,3.2958798028826557,0.20596203542943348
3137,0.3564,0,11,0,249811,355799,15664,92292,3.295777909518693,0.20596709150596643
3138,0.3565,1,42,1,249853,355757,15665,92291,3.2953888621290157,0.20598462664714495
3139,0.3566,0,5,0,249858,355752,15665,92291,3.2953425469635778,0.20598692536207464
3140,0.3567,85,883,85,250741,354869,15750,92206,3.2871632887472675,0.20624280042498463
3141,0.3568,5,14,5,250755,354855,15755,92201,3.2870336062840417,0.20624038151819907
3142,0.3569,1,12,1,250767,354843,15756,92200,3.286922449886991,0.2062441420623967
3143,0.357,3,62,3,250829,354781,15759,92197,3.2863481418355627,0.20626742255770977
3144,0.3571,1,14,1,250843,354767,15760,92196,3.286218459372337,0.20627210753462816
3145,0.3572,3,19,3,250862,354748,15763,92193,3.286042461743673,0.2062755486742098
3146,0.3573,5,68,5,250930,354680,15768,92188,3.28541257549372,0.20629805669683218
3147,0.3574,2,8,2,250938,354672,15770,92186,3.2853384712290192,0.2062981976377283
3148,0.3575,35,443,35,251381,354229,15805,92151,3.2812349475712326,0.20644070074824142
3149,0.3576,2,6,2,251387,354223,15807,92149,3.2811793693727074,0.20643992006667086
3150,0.3577,9,50,9,251437,354173,15816,92140,3.2807162177183296,0.20644704501101246
3151,0.3578,1,19,1,251456,354154,15817,92139,3.2805402200896663,0.20645405596771627
3152,0.3579,2,16,2,251472,354138,15819,92137,3.280392011560265,0.20645790151812224
3153,0.358,14,103,14,251575,354035,15833,92123,3.2794379191522474,0.20648066380071634
3154,0.3581,0,6,0,251581,354029,15833,92123,3.2793823409537217,0.2064834406211336
3155,0.3582,1,23,1,251604,354006,15834,92122,3.279169291192708,0.20649230714055158
3156,0.3583,48,476,48,252080,353530,15882,92074,3.2747600874430325,0.20662740908968502
3157,0.3584,0,7,0,252087,353523,15882,92074,3.2746952462114196,0.20663065505378178
3158,0.3585,1,38,1,252125,353485,15883,92073,3.2743432509540926,0.20664649720126224
3159,0.3586,4,20,4,252145,353465,15887,92069,3.2741579902923412,0.20664865083248415
3160,0.3587,3,25,3,252170,353440,15890,92066,3.2739264144651523,0.20665490475998077
3161,0.3588,3,23,3,252193,353417,15893,92063,3.2737133647041388,0.20666023166023165
3162,0.3589,0,10,0,252203,353407,15893,92063,3.2736207343732633,0.20666487081060453
3163,0.359,11,107,11,252310,353300,15904,92052,3.2726295898328948,0.20669492895507374
3164,0.3591,1,9,1,252319,353291,15905,92051,3.272546222535107,0.206697324752662
3165,0.3592,13,142,13,252461,353149,15918,92038,3.271230871836674,0.2067400889963094
3166,0.3593,12,73,12,252534,353076,15930,92026,3.2705546704212827,0.2067526095142237
3167,0.3594,0,10,0,252544,353066,15930,92026,3.270462040090407,0.20675725467993133
3168,0.3595,2,34,2,252578,353032,15932,92024,3.2701470969654305,0.20676948518838079
3169,0.3596,0,17,0,252595,353015,15932,92024,3.269989625402942,0.2067773835551491
3170,0.3597,3,40,3,252635,352975,15935,92021,3.26961910407944,0.2067906228370592
3171,0.3598,1,19,1,252654,352956,15936,92020,3.269443106450776,0.2067976699866959
3172,0.3599,0,6,0,252660,352950,15936,92020,3.269387528252251,0.20680045845787356
3173,0.36,344,3825,344,256485,349125,16280,91676,3.233956426692356,0.20797593471884138
3174,0.3601,1,3,1,256488,349122,16281,91675,3.2339286375930936,0.20797555337264093
3175,0.3602,3,22,3,256510,349100,16284,91672,3.2337248508651673,0.20798054322869874
3176,0.3603,5,34,5,256544,349066,16289,91667,3.2334099077401905,0.20798760247133752
3177,0.3604,0,10,0,256554,349056,16289,91667,3.233317277409315,0.20799232170773932
3178,0.3605,3,43,3,256597,349013,16292,91664,3.23291896698655,0.2080072252466092
3179,0.3606,0,10,0,256607,349003,16292,91664,3.2328263366556746,0.2080119455280291
3180,0.3607,2,74,2,256681,348929,16294,91662,3.2321408722071956,0.20804328731181526
3181,0.3608,17,181,17,256862,348748,16311,91645,3.230464263218348,0.20809822136137496
3182,0.3609,1,8,1,256870,348740,16312,91644,3.230390158953648,0.2081002034587996
3183,0.361,12,113,12,256983,348627,16324,91632,3.229343436214754,0.20813203137244213
3184,0.3611,0,8,0,256991,348619,16324,91632,3.2292693319500536,0.20813581343370033
3185,0.3612,3,30,3,257021,348589,16327,91629,3.228991440957427,0.20814460108400837
3186,0.3613,6,31,6,257052,348558,16333,91623,3.228704286931713,0.20814846619913172
3187,0.3614,4,14,4,257066,348544,16337,91619,3.2285746044684873,0.20814789066777534
3188,0.3615,6,44,6,257110,348500,16343,91613,3.2281670310126347,0.2081579049016957
3189,0.3616,0,4,0,257114,348496,16343,91613,3.2281299788802844,0.20815979677761645
3190,0.3617,49,438,49,257552,348058,16392,91564,3.2240727703879357,0.20827893053577845
3191,0.3618,2,20,2,257572,348038,16394,91562,3.2238875097261848,0.2082848043676069
3192,0.3619,2,7,2,257579,348031,16396,91560,3.223822668494572,0.20828451901881523
3193,0.362,5,90,5,257669,347941,16401,91555,3.222988995516692,0.20831816444290732
3194,0.3621,2,18,2,257687,347923,16403,91553,3.222822260921116,0.20832309386633172
3195,0.3622,2,23,2,257710,347900,16405,91551,3.222609211160102,0.20833039405986106
3196,0.3623,5,34,5,257744,347866,16410,91546,3.2222942680351254,0.20833750557563288
3197,0.3624,1,16,1,257760,347850,16411,91545,3.2221460595057247,0.20834329020585124
3198,0.3625,40,377,40,258137,347473,16451,91505,3.2186538960317166,0.20845008178086374
3199,0.3626,1,9,1,258146,347464,16452,91504,3.218570528733929,0.2084525523500574
3200,0.3627,9,77,9,258223,347387,16461,91495,3.217857275186187,0.20847289248590736
3201,0.3628,0,12,0,258235,347375,16461,91495,3.2177461187891363,0.20847859274956138
3202,0.3629,4,21,4,258256,347354,16465,91491,3.2175515950942977,0.20848135446456037
3203,0.363,8,76,8,258332,347278,16473,91483,3.2168476045796437,0.20850303468175158
3204,0.3631,1,2,1,258334,347276,16474,91482,3.2168290785134683,0.20850218115681082
3205,0.3632,3,21,3,258355,347255,16477,91479,3.2166345548186297,0.2085067489640648
3206,0.3633,76,778,76,259133,346477,16553,91403,3.2094279150765126,0.20873983739837398
3207,0.3634,0,5,0,259138,346472,16553,91403,3.209381599911075,0.20874222095346845
3208,0.3635,3,43,3,259181,346429,16556,91400,3.20898328948831,0.20875730022451688
3209,0.3636,1,11,1,259192,346418,16557,91399,3.208881396124347,0.2087607379338856
3210,0.3637,3,37,3,259229,346381,16560,91396,3.2085386639001077,0.20877295974891327
3211,0.3638,1,23,1,259252,346358,16561,91395,3.2083256141390937,0.208782121424639
3212,0.3639,1,8,1,259260,346350,16562,91394,3.208251509874393,0.2087841295368983
3213,0.364,16,147,16,259407,346203,16578,91378,3.2068898440105227,0.20882533748037507
3214,0.3641,1,5,1,259412,346198,16579,91377,3.206843528845085,0.20882591555733304
3215,0.3642,24,160,24,259572,346038,16603,91353,3.205361443551076,0.20885889284416004
3216,0.3643,8,75,8,259647,345963,16611,91345,3.20466671606951,0.20888024001390323
3217,0.3644,0,9,0,259656,345954,16611,91345,3.2045833487717217,0.20888453895389653
3218,0.3645,2,35,2,259691,345919,16613,91343,3.2042591426136573,0.2088976403163321
3219,0.3646,1,21,1,259712,345898,16614,91342,3.2040646189188187,0.2089058640563535
3220,0.3647,5,44,5,259756,345854,16619,91337,3.2036570454629665,0.20891784140112674
3221,0.3648,2,21,2,259777,345833,16621,91335,3.203462521768128,0.20892425795117667
3222,0.3649,1,4,1,259781,345829,16622,91334,3.2034254696357776,0.20892436002131928
3223,0.365,158,1387,158,261168,344442,16780,91176,3.1905776427433397,0.2093026458961751
3224,0.3651,0,3,0,261171,344439,16780,91176,3.190549853644077,0.20930408732481665
3225,0.3652,5,28,5,261199,344411,16785,91171,3.1902904887176255,0.20930846545541368
3226,0.3653,5,67,5,261266,344344,16790,91166,3.1896698655007594,0.20933158825285297
3227,0.3654,1,10,1,261276,344334,16791,91165,3.189577235169884,0.20933457941350037
3228,0.3655,1,31,1,261307,344303,16792,91164,3.18929008114417,0.2093476658392025
3229,0.3656,1,12,1,261319,344291,16793,91163,3.1891789247471194,0.20935161922958567
3230,0.3657,3,61,3,261380,344230,16796,91160,3.1886138797287784,0.2093755024231149
3231,0.3658,18,151,18,261531,344079,16814,91142,3.1872151617325577,0.20941544640538945
3232,0.3659,1,8,1,261539,344071,16815,91141,3.187141057467857,0.20941747929744584
3233,0.366,12,170,12,261709,343901,16827,91129,3.185566341842973,0.20947750729834724
3234,0.3661,1,10,1,261719,343891,16828,91128,3.1854737115120977,0.20948050544918728
3235,0.3662,5,26,5,261745,343865,16833,91123,3.185232872651821,0.2094839397868447
3236,0.3663,5,25,5,261770,343840,16838,91118,3.185001296824632,0.2094868929873689
3237,0.3664,0,17,0,261787,343823,16838,91118,3.184843825262144,0.20949508094201283
3238,0.3665,7,32,7,261819,343791,16845,91111,3.184547408203342,0.209497771911833
3239,0.3666,0,12,0,261831,343779,16845,91111,3.1844362518062916,0.20950355262250225
3240,0.3667,100,862,100,262693,342917,16945,91011,3.1764515172848196,0.20973756014822736
3241,0.3668,4,30,4,262723,342887,16949,91007,3.176173626292193,0.20974477637395308
3242,0.3669,0,10,0,262733,342877,16949,91007,3.1760809959613177,0.209749610494971
3243,0.367,6,61,6,262794,342816,16955,91001,3.1755159509429767,0.20976817413794296
3244,0.3671,3,29,3,262823,342787,16958,90998,3.1752473229834375,0.20977673271321046
3245,0.3672,2,16,2,262839,342771,16960,90996,3.175099114454037,0.2097808270338684
3246,0.3673,7,69,7,262908,342702,16967,90989,3.1744599651709957,0.20980144849674076
3247,0.3674,0,8,0,262916,342694,16967,90989,3.174385860906295,0.20980531863135055
3248,0.3675,41,427,41,263343,342267,17008,90948,3.1704305457779096,0.20993732903985318
3249,0.3676,0,16,0,263359,342251,17008,90948,3.1702823372485085,0.20994508297572248
3250,0.3677,8,34,8,263393,342217,17016,90940,3.169967394123532,0.20994697072885812
3251,0.3678,2,32,2,263425,342185,17018,90938,3.16967097706473,0.20995883386474512
3252,0.3679,1,12,1,263437,342173,17019,90937,3.1695598206676796,0.2099628269954515
3253,0.368,12,112,12,263549,342061,17031,90925,3.1685223609618736,0.20999524234039899
3254,0.3681,0,9,0,263558,342052,17031,90925,3.1684389936640853,0.20999960736944456
3255,0.3682,0,20,0,263578,342032,17031,90925,3.1682537330023344,0.2100093080837127
3256,0.3683,48,503,48,264081,341529,17079,90877,3.1635944273592944,0.21016590889118097
3257,0.3684,1,4,1,264085,341525,17080,90876,3.163557375226944,0.21016602644304708
3258,0.3685,2,25,2,264110,341500,17082,90874,3.1633257993997557,0.21017452483266802
3259,0.3686,0,21,0,264131,341479,17082,90874,3.163131275704917,0.21018473330819956
3260,0.3687,4,38,4,264169,341441,17086,90870,3.1627792804475896,0.21019590063634744
3261,0.3688,5,23,5,264192,341418,17091,90865,3.162566230686576,0.21019794902876124
3262,0.3689,3,15,3,264207,341403,17094,90862,3.1624272851902626,0.21019976172024105
3263,0.369,7,102,7,264309,341301,17101,90855,3.161482455815332,0.2102365812345542
3264,0.3691,0,6,0,264315,341295,17101,90855,3.161426877616807,0.21023950017355086
3265,0.3692,13,167,13,264482,341128,17114,90842,3.1598799510911855,0.2102970113665301
3266,0.3693,6,60,6,264542,341068,17120,90836,3.159324169105932,0.2103152552419056
3267,0.3694,1,7,1,264549,341061,17121,90835,3.1592593278743193,0.21031683553448052
3268,0.3695,3,29,3,264578,341032,17124,90832,3.15899069991478,0.21032547283404035
3269,0.3696,1,6,1,264584,341026,17125,90831,3.158935121716255,0.21032656643287015
3270,0.3697,3,32,3,264616,340994,17128,90828,3.158638704657453,0.2103366664968436
3271,0.3698,1,24,1,264640,340970,17129,90827,3.158416391863352,0.210346528577086
3272,0.3699,1,3,1,264643,340967,17130,90826,3.1583886027640893,0.21034616123929753
3273,0.37,358,3726,358,268369,337241,17488,90468,3.123874541479862,0.21151764400562065
3274,0.3701,0,3,0,268372,337238,17488,90468,3.1238467523805995,0.21151912762505085
3275,0.3702,1,23,1,268395,337215,17489,90467,3.123633702619586,0.2115286591439434
3276,0.3703,3,28,3,268423,337187,17492,90464,3.1233743376931344,0.21153697758218734
3277,0.3704,1,11,1,268434,337176,17493,90463,3.1232724443291713,0.21154057511125038
3278,0.3705,5,28,5,268462,337148,17498,90458,3.1230130794027198,0.21154520750410424
3279,0.3706,0,11,0,268473,337137,17498,90458,3.1229111860387566,0.21155064956325495
3280,0.3707,3,80,3,268553,337057,17501,90455,3.1221701433917524,0.21158470405509086
3281,0.3708,17,148,17,268701,336909,17518,90438,3.1207992144947942,0.2116266172454703
3282,0.3709,0,7,0,268708,336902,17518,90438,3.1207343732631814,0.21163008377404408
3283,0.371,11,88,11,268796,336814,17529,90427,3.1199192263514766,0.21165337596344921
3284,0.3711,1,2,1,268798,336812,17530,90426,3.119900700285301,0.21165252154536815
3285,0.3712,1,24,1,268822,336788,17531,90425,3.1196783874912,0.21166256644811837
3286,0.3713,4,57,4,268879,336731,17535,90421,3.1191503946052097,0.2116834288496835
3287,0.3714,2,18,2,268897,336713,17537,90419,3.1189836600096337,0.2116886583070339
3288,0.3715,3,38,3,268935,336675,17540,90416,3.1186316647523067,0.21170195578928144
3289,0.3716,1,7,1,268942,336668,17541,90415,3.118566823520694,0.21170357986620866
3290,0.3717,54,456,54,269398,336212,17595,90361,3.114342880432769,0.2118300970759987
3291,0.3718,0,23,0,269421,336189,17595,90361,3.114129830671755,0.21184151916539679
3292,0.3719,1,5,1,269426,336184,17596,90360,3.1140835155063176,0.2118421546194531
3293,0.372,7,92,7,269518,336092,17603,90353,3.1132313164622625,0.21187491939171524
3294,0.3721,0,9,0,269527,336083,17603,90353,3.1131479491644742,0.21187939104578413
3295,0.3722,4,13,4,269540,336070,17607,90349,3.113027529734336,0.21187845757341958
3296,0.3723,1,47,1,269587,336023,17608,90348,3.1125921671792214,0.21189996505390846
3297,0.3724,0,2,0,269589,336021,17608,90348,3.112573641113046,0.2119009590284472
3298,0.3725,50,407,50,269996,335614,17658,90298,3.1088035866464114,0.21201093183568437
3299,0.3726,1,7,1,270003,335607,17659,90297,3.1087387454147986,0.21201256621210413
3300,0.3727,8,54,8,270057,335553,17667,90289,3.108238541628071,0.21202464763926526
3301,0.3728,4,14,4,270071,335539,17671,90285,3.108108859164845,0.21202421657774104
3302,0.3729,2,17,2,270088,335522,17673,90283,3.1079513876023563,0.21202898040182713
3303,0.373,8,77,8,270165,335445,17681,90275,3.1072381340546147,0.21205252278492906
3304,0.3731,0,10,0,270175,335435,17681,90275,3.107145503723739,0.21205750393460338
3305,0.3732,2,18,2,270193,335417,17683,90273,3.106978769128163,0.21206276868143484
3306,0.3733,91,793,91,270986,334624,17774,90182,3.0996331838897326,0.21228984524700686
3307,0.3734,2,2,2,270988,334622,17776,90180,3.0996146578235577,0.21228713612459452
3308,0.3735,4,37,4,271025,334585,17780,90176,3.0992719255993184,0.21229821005224114
3309,0.3736,1,15,1,271040,334570,17781,90175,3.099132980103005,0.21230385289997528
3310,0.3737,1,44,1,271084,334526,17782,90174,3.0987254066471523,0.2123239934071109
3311,0.3738,1,26,1,271110,334500,17783,90173,3.098484567786876,0.2123351378590115
3312,0.3739,2,4,2,271114,334496,17785,90171,3.098447515654526,0.21233342830971091
3313,0.374,15,178,15,271292,334318,17800,90156,3.0967986957649414,0.21239463430033406
3314,0.3741,0,9,0,271301,334309,17800,90156,3.096715328467153,0.21239913773809382
3315,0.3742,17,150,17,271451,334159,17817,90139,3.09532587350402,0.21244267001022865
3316,0.3743,5,71,5,271522,334088,17822,90134,3.0946681981548037,0.21246894314769155
3317,0.3744,1,6,1,271528,334082,17823,90133,3.0946126199562785,0.21247009181664958
3318,0.3745,5,23,5,271551,334059,17828,90128,3.094399570195265,0.21247232942075076
3319,0.3746,0,5,0,271556,334054,17828,90128,3.094353255029827,0.21247483391563055
3320,0.3747,9,37,9,271593,334017,17837,90119,3.0940105228055876,0.2124766584303148
3321,0.3748,2,33,2,271626,333984,17839,90117,3.093704842713698,0.21248947774233023
3322,0.3749,2,7,2,271633,333977,17841,90115,3.0936400014820853,0.2124892711958726
3323,0.375,153,1552,153,273185,332425,17994,89962,3.0792637741302014,0.212984774626113
3324,0.3751,1,6,1,273191,332419,17995,89961,3.0792081959316757,0.2129859368341304
3325,0.3752,2,25,2,273216,332394,17997,89959,3.078976620104487,0.21299481713164106
3326,0.3753,3,47,3,273263,332347,18000,89956,3.078541257549372,0.21301293147337338
3327,0.3754,0,10,0,273273,332337,18000,89956,3.0784486272184965,0.21301797567092043
3328,0.3755,2,32,2,273305,332305,18002,89954,3.0781522101596948,0.21303039130012622
3329,0.3756,0,7,0,273312,332298,18002,89954,3.078087368928082,0.2130339228707028
3330,0.3757,5,62,5,273374,332236,18007,89949,3.0775130608766537,0.21305588782168955
3331,0.3758,20,165,20,273539,332071,18027,89929,3.075984660417207,0.21310189573459715
3332,0.3759,2,7,2,273546,332064,18029,89927,3.0759198191855943,0.2131017012211161
3333,0.376,20,188,20,273734,331876,18049,89907,3.074178368965134,0.21315937342187807
3334,0.3761,0,9,0,273743,331867,18049,89907,3.074095001667346,0.21316392191078634
3335,0.3762,4,23,4,273766,331844,18053,89903,3.073881951906332,0.21316808418317143
3336,0.3763,5,38,5,273804,331806,18058,89898,3.073529956649005,0.2131779636901713
3337,0.3764,1,7,1,273811,331799,18059,89897,3.073465115417392,0.21317963651540447
3338,0.3765,6,47,6,273858,331752,18065,89891,3.0730297528622774,0.21319220288253332
3339,0.3766,1,3,1,273861,331749,18066,89890,3.0730019637630144,0.21319185369474836
3340,0.3767,96,836,96,274697,330913,18162,89794,3.0652580681018193,0.21343595423893588
3341,0.3768,2,19,2,274716,330894,18164,89792,3.0650820704731556,0.21344185449480135
3342,0.3769,0,5,0,274721,330889,18164,89792,3.065035755307718,0.21344439135592053
3343,0.377,8,62,8,274783,330827,18172,89784,3.0644614472562894,0.2134608937949792
3344,0.3771,4,33,4,274816,330794,18176,89780,3.0641557671644004,0.2134701622068887
3345,0.3772,2,17,2,274833,330777,18178,89778,3.063998295601912,0.21347505082569462
3346,0.3773,5,62,5,274895,330715,18183,89773,3.0634239875504834,0.21349717471128785
3347,0.3774,4,16,4,274911,330699,18187,89769,3.0632757790210827,0.21349781671851364
3348,0.3775,37,374,37,275285,330325,18224,89732,3.0598114046463376,0.21361862794811182
3349,0.3776,1,9,1,275294,330316,18225,89731,3.0597280373485494,0.21362133285084764
3350,0.3777,7,47,7,275341,330269,18232,89724,3.059292674793434,0.21363213196410416
3351,0.3778,0,26,0,275367,330243,18232,89724,3.059051835933158,0.21364535784954533
3352,0.3779,1,22,1,275389,330221,18233,89723,3.0588480492052317,0.21365467776655936
3353,0.378,10,105,10,275494,330116,18243,89713,3.0578754307310385,0.21368938305834043
3354,0.3781,2,14,2,275508,330102,18245,89711,3.0577457482678128,0.21369276320647526
3355,0.3782,3,36,3,275544,330066,18248,89708,3.0574122790766607,0.21370547008628452
3356,0.3783,55,484,55,276028,329582,18303,89653,3.0529289710622844,0.21384903455102747
3357,0.3784,0,2,0,276030,329580,18303,89653,3.0529104449961095,0.21385005474282798
3358,0.3785,7,36,7,276066,329544,18310,89646,3.0525769758049575,0.21385529234953124
3359,0.3786,2,13,2,276079,329531,18312,89644,3.0524565563748194,0.21385817379376157
3360,0.3787,7,43,7,276122,329488,18319,89637,3.0520582459520544,0.21386698478974053
3361,0.3788,4,25,4,276147,329463,18323,89633,3.0518266701248655,0.21387223929600854
3362,0.3789,1,10,1,276157,329453,18324,89632,3.05173403979399,0.2138754667907465
3363,0.379,8,92,8,276249,329361,18332,89624,3.050881840749935,0.21390741912001623
3364,0.3791,2,8,2,276257,329353,18334,89622,3.050807736485235,0.2139077510591324
3365,0.3792,11,161,11,276418,329192,18345,89611,3.0493163881581387,0.213969336418316
3366,0.3793,6,65,6,276483,329127,18351,89605,3.0487142910074474,0.21399128798372227
3367,0.3794,0,6,0,276489,329121,18351,89605,3.048658712808922,0.21399435430329142
3368,0.3795,1,34,1,276523,329087,18352,89604,3.0483437696839455,0.2140098545227865
3369,0.3796,2,6,2,276529,329081,18354,89602,3.04828819148542,0.2140091668398287
3370,0.3797,5,38,5,276567,329043,18359,89597,3.047936196228093,0.21401920504490732
3371,0.3798,4,21,4,276588,329022,18363,89593,3.0477416725332542,0.21402243111211972
3372,0.3799,1,9,1,276597,329013,18364,89592,3.0476583052354664,0.2140251549790375
3373,0.38,407,3579,407,280176,325434,18771,89185,3.0145059098151097,0.21510109281050796
3374,0.3801,2,4,2,280180,325430,18773,89183,3.01446885768276,0.21509938183317936
3375,0.3802,2,25,2,280205,325405,18775,89181,3.014237281855571,0.21510856613585602
3376,0.3803,1,28,1,280233,325377,18776,89180,3.0139779169291194,0.21512120166828688
3377,0.3804,1,6,1,280239,325371,18777,89179,3.013922338730594,0.2151224219032686
3378,0.3805,2,34,2,280273,325337,18779,89177,3.013607395605617,0.21513628007739183
3379,0.3806,0,8,0,280281,325329,18779,89177,3.0135332913409165,0.21514043222534776
3380,0.3807,7,70,7,280351,325259,18786,89170,3.0128848790247877,0.21516351413631768
3381,0.3808,13,176,13,280527,325083,18799,89157,3.011254585201378,0.21523030127462342
3382,0.3809,3,10,3,280537,325073,18802,89154,3.0111619548705026,0.21522981360461776
3383,0.381,14,99,14,280636,324974,18816,89140,3.010244914594835,0.2152547366184191
3384,0.3811,3,7,3,280643,324967,18819,89137,3.0101800733632222,0.21525269014547072
3385,0.3812,2,28,2,280671,324939,18821,89135,3.0099207084367707,0.2152634553244106
3386,0.3813,2,44,2,280715,324895,18823,89133,3.009513134980918,0.21528254127740154
3387,0.3814,0,8,0,280723,324887,18823,89133,3.0094390307162175,0.21528670112554948
3388,0.3815,7,42,7,280765,324845,18830,89126,3.0090499833265403,0.21529527430665432
3389,0.3816,0,1,0,280766,324844,18830,89126,3.009040720293453,0.21529579438123536
3390,0.3817,48,488,48,281254,324356,18878,89078,3.0045203601467265,0.2154588156755371
3391,0.3818,1,24,1,281278,324332,18879,89077,3.0042980473526253,0.21546942616150108
3392,0.3819,0,6,0,281284,324326,18879,89077,3.0042424691540996,0.21547255341639998
3393,0.382,19,100,19,281384,324226,18898,89058,3.0033161658453444,0.21548862283562878
3394,0.3821,2,14,2,281398,324212,18900,89056,3.0031864833821187,0.21549212617478247
3395,0.3822,1,24,1,281422,324188,18901,89055,3.0029641705880175,0.2155027429381744
3396,0.3823,5,47,5,281469,324141,18906,89050,3.0025288080329022,0.21551776297160394
3397,0.3824,0,11,0,281480,324130,18906,89050,3.002426914668939,0.21552350065346823
3398,0.3825,42,441,42,281921,323689,18948,89008,2.998341917077328,0.2156739690378171
3399,0.3826,0,8,0,281929,323681,18948,89008,2.998267812812627,0.21567814989011094
3400,0.3827,10,52,10,281981,323629,18958,88998,2.9977861350920745,0.21568632202933885
3401,0.3828,3,27,3,282008,323602,18961,88995,2.9975360331987106,0.21569473360203784
3402,0.3829,4,20,4,282028,323582,18965,88991,2.9973507725369597,0.21569758563938987
3403,0.383,7,60,7,282088,323522,18972,88984,2.9967949905517064,0.21571565019660321
3404,0.3831,3,2,3,282090,323520,18975,88981,2.996776464485531,0.21571099221577644
3405,0.3832,4,39,4,282129,323481,18979,88977,2.9964152061951164,0.2157237827851563
3406,0.3833,76,867,76,282996,322614,19055,88901,2.988384156508207,0.21603343742026415
3407,0.3834,0,7,0,283003,322607,19055,88901,2.9883193152765943,0.21603711227971267
3408,0.3835,5,39,5,283042,322568,19060,88896,2.9879580569861797,0.21604806252794898
3409,0.3836,0,14,0,283056,322554,19060,88896,2.987828374522954,0.21605541378053225
3410,0.3837,3,34,3,283090,322520,19063,88893,2.9875134313979768,0.21606755255667662
3411,0.3838,4,21,4,283111,322499,19067,88889,2.987318907703138,0.21607095977520005
3412,0.3839,0,10,0,283121,322489,19067,88889,2.9872262773722627,0.21607621214552067
3413,0.384,18,154,18,283275,322335,19085,88871,2.9857997702767793,0.21612281921956392
3414,0.3841,1,6,1,283281,322329,19086,88870,2.985744192078254,0.21612406644957793
3415,0.3842,17,175,17,283456,322154,19103,88853,2.984123161287932,0.21618366597162578
3416,0.3843,5,49,5,283505,322105,19108,88848,2.983669272666642,0.2161999060719839
3417,0.3844,1,10,1,283515,322095,19109,88847,2.9835766423357666,0.2162032598274209
3418,0.3845,6,26,6,283541,322069,19115,88841,2.98333580347549,0.216205495120586
3419,0.3846,2,13,2,283554,322056,19117,88839,2.983215384045352,0.21620852042492608
3420,0.3847,4,43,4,283597,322013,19121,88835,2.982817073622587,0.21622351818677468
3421,0.3848,2,30,2,283627,321983,19123,88833,2.9825391826299605,0.21623549228851846
3422,0.3849,1,8,1,283635,321975,19124,88832,2.98246507836526,0.21623779536375962
3423,0.385,184,1505,184,285140,320470,19308,88648,2.968524213568491,0.2166807620295367
3424,0.3851,0,4,0,285144,320466,19308,88648,2.9684871614361406,0.21668288056629692
3425,0.3852,4,31,4,285175,320435,19312,88644,2.9682000074104264,0.21669164146778494
3426,0.3853,1,49,1,285224,320386,19313,88643,2.9677461187891363,0.2167156851959152
3427,0.3854,1,11,1,285235,320375,19314,88642,2.967644225425173,0.2167195984518981
3428,0.3855,4,18,4,285253,320357,19318,88638,2.967477490829597,0.21672147581266274
3429,0.3856,0,16,0,285269,320341,19318,88638,2.9673292823001964,0.21672995434973433
3430,0.3857,7,53,7,285322,320288,19325,88631,2.966838341546556,0.21674463646834702
3431,0.3858,23,160,23,285482,320128,19348,88608,2.9653562562525475,0.2167854067172943
3432,0.3859,1,7,1,285489,320121,19349,88607,2.9652914150209346,0.21678720322561704
3433,0.386,22,192,22,285681,319929,19371,88585,2.963512912668124,0.21684691344727475
3434,0.3861,1,3,1,285684,319926,19372,88584,2.9634851235688613,0.21684658882279503
3435,0.3862,5,32,5,285716,319894,19377,88579,2.9631887065100595,0.21685399034942335
3436,0.3863,2,41,2,285757,319853,19379,88577,2.96280892215347,0.2168719241975369
3437,0.3864,1,14,1,285771,319839,19380,88576,2.962679239690244,0.21687744083836294
3438,0.3865,3,41,3,285812,319798,19383,88573,2.9622994553336546,0.2168934620724782
3439,0.3866,0,4,0,285816,319794,19383,88573,2.9622624032013043,0.2168955865679646
3440,0.3867,78,835,78,286651,318959,19461,88495,2.9545277705731965,0.21719016134336636
3441,0.3868,5,33,5,286684,318926,19466,88490,2.954222090481307,0.21719814636636756
3442,0.3869,1,8,1,286692,318918,19467,88489,2.954147986216607,0.21720048992776267
3443,0.387,6,73,6,286765,318845,19473,88483,2.9534717848012155,0.217227885144159
3444,0.3871,3,16,3,286781,318829,19476,88480,2.9533235762718144,0.21723065289497653
3445,0.3872,2,16,2,286797,318813,19478,88478,2.9531753677424137,0.2172353427893079
3446,0.3873,8,58,8,286855,318755,19486,88470,2.9526381118233354,0.21725090551906195
3447,0.3874,0,5,0,286860,318750,19486,88470,2.952591796657898,0.21725357300721967
3448,0.3875,44,410,44,287270,318340,19530,88426,2.9487939530920007,0.21738788394310243
3449,0.3876,0,14,0,287284,318326,19530,88426,2.948664270628775,0.21739536621823619
3450,0.3877,9,44,9,287328,318282,19539,88417,2.9482566971729223,0.21740156725243975
3451,0.3878,2,21,2,287349,318261,19541,88415,2.9480621734780836,0.2174089447127443
3452,0.3879,4,13,4,287362,318248,19545,88411,2.9479417540479456,0.21740819703978026
3453,0.388,9,97,9,287459,318151,19554,88402,2.9470432398384525,0.21744274424244808
3454,0.3881,2,11,2,287470,318140,19556,88400,2.94694134647449,0.21744477788163527
3455,0.3882,2,27,2,287497,318113,19558,88398,2.9466912445811255,0.2174553702113842
3456,0.3883,53,448,53,287945,317665,19611,88345,2.9425414057579014,0.21759316272998203
3457,0.3884,0,2,0,287947,317663,19611,88345,2.9425228796917264,0.21759423459636262
3458,0.3885,4,34,4,287981,317629,19615,88341,2.9422079365667493,0.21760474911939306
3459,0.3886,0,9,0,287990,317620,19615,88341,2.9421245692689615,0.21760957333339903
3460,0.3887,5,53,5,288043,317567,19620,88336,2.941633628515321,0.2176283496303304
3461,0.3888,1,20,1,288063,317547,19621,88335,2.94144836785357,0.21763714577143112
3462,0.3889,2,15,2,288078,317532,19623,88333,2.9413094223572567,0.21764133394108878
3463,0.389,13,108,13,288186,317424,19636,88320,2.940309014783801,0.21767419850940495
3464,0.3891,0,7,0,288193,317417,19636,88320,2.940244173552188,0.21767795394553616
3465,0.3892,18,136,18,288329,317281,19654,88302,2.9389844010522808,0.21771622577869387
3466,0.3893,5,61,5,288390,317220,19659,88297,2.9384193560339398,0.21773933028701634
3467,0.3894,0,2,0,288392,317218,19659,88297,2.938400829967765,0.21774040417740403
3468,0.3895,5,32,5,288424,317186,19664,88292,2.938104412908963,0.21774794193519748
3469,0.3896,1,17,1,288441,317169,19665,88291,2.9379469413464743,0.2177551423075026
3470,0.3897,4,22,4,288463,317147,19669,88287,2.9377431546185484,0.21775924071488825
3471,0.3898,5,28,5,288491,317119,19674,88282,2.937483789692097,0.21776463304234572
3472,0.3899,3,10,3,288501,317109,19677,88279,2.9373911593612214,0.2177642160103407
3473,0.39,391,3695,391,292196,313414,20068,87888,2.9031642521027083,0.21900713178603645
3474,0.3901,1,1,1,292197,313413,20069,87887,2.903154989069621,0.21900573137303764
3475,0.3902,5,27,5,292224,313386,20074,87882,2.902904887176257,0.21901073596698467
3476,0.3903,3,38,3,292262,313348,20077,87879,2.90255289191893,0.21902563885281898
3477,0.3904,1,11,1,292273,313337,20078,87878,2.9024509985549667,0.21902969729446806
3478,0.3905,2,34,2,292307,313303,20080,87876,2.90213605542999,0.21904436672906608
3479,0.3906,1,3,1,292310,313300,20081,87875,2.9021082663307274,0.21904405807939178
3480,0.3907,5,65,5,292375,313235,20086,87870,2.901506169180036,0.21906981962329067
3481,0.3908,23,137,23,292512,313098,20109,87847,2.900237133647041,0.2190998765416703
3482,0.3909,0,2,0,292514,313096,20109,87847,2.9002186075808662,0.21910096946448748
3483,0.391,9,95,9,292609,313001,20118,87838,2.8993386194375486,0.21913536357490165
3484,0.3911,1,4,1,292613,312997,20119,87837,2.8993015673051983,0.21913560226926856
3485,0.3912,4,38,4,292651,312959,20123,87833,2.8989495720478713,0.21914858580011576
3486,0.3913,1,41,1,292692,312918,20124,87832,2.8985697876912817,0.21916905801621958
3487,0.3914,0,15,0,292707,312903,20124,87832,2.8984308421949683,0.21917726178147653
3488,0.3915,7,49,7,292756,312854,20131,87825,2.897976953573678,0.21919042425482743
3489,0.3916,0,11,0,292767,312843,20131,87825,2.897875060209715,0.21919644194195692
3490,0.3917,47,506,47,293273,312337,20178,87778,2.893187965467413,0.21938192769578746
3491,0.3918,1,23,1,293296,312314,20179,87777,2.892974915706399,0.21939258818618765
3492,0.3919,1,8,1,293304,312306,20180,87776,2.8929008114416983,0.21939502402007588
3493,0.392,10,106,10,293410,312200,20190,87766,2.891918929934418,0.21943365186040814
3494,0.3921,2,12,2,293422,312188,20192,87764,2.891807773537367,0.2194363323598832
3495,0.3922,0,18,0,293440,312170,20192,87764,2.891641038941791,0.21944620862442302
3496,0.3923,4,62,4,293502,312108,20196,87760,2.891066730890363,0.2194724259005472
3497,0.3924,0,10,0,293512,312098,20196,87760,2.8909741005594873,0.2194779146597042
3498,0.3925,36,398,36,293910,311700,20232,87724,2.8872874133906405,0.2196262618170165
3499,0.3926,0,2,0,293912,311698,20232,87724,2.8872688873244656,0.21962736153742157
3500,0.3927,4,64,4,293976,311634,20236,87720,2.886676053206862,0.21965474240899052
3501,0.3928,3,20,3,293996,311614,20239,87717,2.886490792545111,0.21965988115122542
3502,0.3929,1,26,1,294022,311588,20240,87716,2.8862499536848345,0.2196722296796426
3503,0.393,11,63,11,294085,311525,20251,87705,2.8856663826003186,0.21968539438418958
3504,0.3931,0,7,0,294092,311518,20251,87705,2.8856015413687057,0.21968924636105636
3505,0.3932,2,25,2,294117,311493,20253,87703,2.885369965541517,0.21969909518131445
3506,0.3933,104,819,104,294936,310674,20357,87599,2.87778354144281,0.21994712169793082
3507,0.3934,0,4,0,294940,310670,20357,87599,2.87774648931046,0.21994933072872858
3508,0.3935,2,38,2,294978,310632,20359,87597,2.877394494053133,0.21996640124149672
3509,0.3936,4,4,4,294982,310628,20363,87593,2.8773574419207826,0.2199607755492553
3510,0.3937,6,31,6,295013,310597,20369,87587,2.8770702878950685,0.21996614630422118
3511,0.3938,3,30,3,295043,310567,20372,87584,2.8767923969024416,0.21997684295656672
3512,0.3939,1,8,1,295051,310559,20373,87583,2.8767182926377415,0.2199793038664597
3513,0.394,10,120,10,295171,310439,20383,87573,2.875606728667235,0.22002602936594876
3514,0.3941,1,3,1,295174,310436,20384,87572,2.8755789395679723,0.22002572812606783
3515,0.3942,20,154,20,295328,310282,20404,87552,2.874152432472489,0.22007168819155729
3516,0.3943,2,52,2,295380,310230,20406,87550,2.873670754751936,0.22009653577354316
3517,0.3944,0,10,0,295390,310220,20406,87550,2.8735781244210603,0.2201020690348694
3518,0.3945,7,39,7,295429,310181,20413,87543,2.8732168661306456,0.2201099254759582
3519,0.3946,0,17,0,295446,310164,20413,87543,2.8730593945681573,0.22011933408262868
3520,0.3947,5,54,5,295500,310110,20418,87538,2.8725591907814296,0.22013941978835552
3521,0.3948,1,36,1,295536,310074,20419,87537,2.8722257215902776,0.22015739001184575
3522,0.3949,2,12,2,295548,310062,20421,87535,2.8721145651932267,0.22016011187207146
3523,0.395,165,1342,165,296890,308720,20586,87370,2.859683574789729,0.22058118104471205
3524,0.3951,1,3,1,296893,308717,20587,87369,2.8596557856904665,0.22058088394944533
3525,0.3952,3,29,3,296922,308688,20590,87366,2.8593871577309273,0.22059113151236953
3526,0.3953,5,44,5,296966,308644,20595,87361,2.858979584275075,0.22060580043181274
3527,0.3954,2,14,2,296980,308630,20597,87359,2.8588499018118494,0.2206096633997409
3528,0.3955,3,31,3,297011,308599,20600,87356,2.8585627477861353,0.22062103016756954
3529,0.3956,3,7,3,297018,308592,20603,87353,2.8584979065545224,0.2206190253696852
3530,0.3957,8,54,8,297072,308538,20611,87345,2.8579977027677943,0.22063336894991703
3531,0.3958,24,158,24,297230,308380,20635,87321,2.8565341435399607,0.22067419592065726
3532,0.3959,1,3,1,297233,308377,20636,87320,2.856506354440698,0.22067389947358712
3533,0.396,12,168,12,297401,308209,20648,87308,2.854950164881989,0.22074398824829275
3534,0.3961,1,7,1,297408,308202,20649,87307,2.854885323650376,0.22074592487149472
3535,0.3962,1,41,1,297449,308161,20650,87306,2.854505539293786,0.22076684021675638
3536,0.3963,4,38,4,297487,308123,20654,87302,2.854153544036459,0.22078017323133337
3537,0.3964,2,14,2,297501,308109,20656,87300,2.8540238615732334,0.22078404892149647
3538,0.3965,1,34,1,297535,308075,20657,87299,2.8537089184482567,0.22080106430873048
3539,0.3966,0,4,0,297539,308071,20657,87299,2.8536718663159064,0.22080329817639174
3540,0.3967,89,783,89,298322,307288,20746,87210,2.8464189114083513,0.22106575952222826
3541,0.3968,3,17,3,298339,307271,20749,87207,2.846261439845863,0.22106936255000278
3542,0.3969,1,8,1,298347,307263,20750,87206,2.846187335581163,0.22107187130040637
3543,0.397,9,63,9,298410,307200,20759,87197,2.845603764496647,0.2210894099093046
3544,0.3971,3,21,3,298431,307179,20762,87194,2.8454092408018083,0.22109525753537895
3545,0.3972,3,15,3,298446,307164,20765,87191,2.845270295305495,0.22109774188231415
3546,0.3973,10,58,10,298504,307106,20775,87181,2.8447330393864165,0.22111051087152253
3547,0.3974,2,17,2,298521,307089,20777,87179,2.844575567823928,0.22111609362159748
3548,0.3975,63,440,63,298961,306649,20840,87116,2.8404998332654046,0.2212385559915178
3549,0.3976,2,10,2,298971,306639,20842,87114,2.840407202934529,0.22124021912214
3550,0.3977,4,46,4,299017,306593,20846,87110,2.8399811034125015,0.2212581565291603
3551,0.3978,2,33,2,299050,306560,20848,87108,2.839675423320612,0.22127274759441967
3552,0.3979,2,10,2,299060,306550,20850,87106,2.8395827929897366,0.22127441217712926
3553,0.398,12,100,12,299160,306450,20862,87094,2.838656489680981,0.22130689325717073
3554,0.3981,1,5,1,299165,306445,20863,87093,2.8386101745155434,0.22130772631867826
3555,0.3982,2,30,2,299195,306415,20865,87091,2.8383322835229166,0.22132064060014334
3556,0.3983,53,479,53,299674,305936,20918,87038,2.8338952906739783,0.22148539089100042
3557,0.3984,3,2,3,299676,305934,20921,87035,2.8338767646078034,0.22148057480361047
3558,0.3985,7,42,7,299718,305892,20928,87028,2.833487717218126,0.2214903797210628
3559,0.3986,0,7,0,299725,305885,20928,87028,2.833422875986513,0.22149432571587094
3560,0.3987,6,47,6,299772,305838,20934,87022,2.832987513431398,0.2215089344804765
3561,0.3988,5,33,5,299805,305805,20939,87017,2.8326818333395085,0.22151763394107254
3562,0.3989,0,4,0,299809,305801,20939,87017,2.8326447812071587,0.22151988961809285
3563,0.399,12,84,12,299893,305717,20951,87005,2.8318666864278037,0.2215434836856606
3564,0.3991,3,7,3,299900,305710,20954,87002,2.831801845196191,0.22154148587259875
3565,0.3992,18,161,18,300061,305549,20972,86984,2.8303104968690946,0.22159665556781213
3566,0.3993,8,71,8,300132,305478,20980,86976,2.8296528215198786,0.22162087786084483
3567,0.3994,1,6,1,300138,305472,20981,86975,2.829597243321353,0.22162228275410437
3568,0.3995,4,24,4,300162,305448,20985,86971,2.8293749305272518,0.22162790282835437
3569,0.3996,1,7,1,300169,305441,20986,86970,2.829310089295639,0.22162987276095727
3570,0.3997,6,25,6,300194,305416,20992,86964,2.82907851346845,0.22163209134002754
3571,0.3998,2,25,2,300219,305391,20994,86962,2.828846937641261,0.22164224563084772
3572,0.3999,1,3,1,300222,305388,20995,86961,2.8288191485419985,0.22164195652340135
3573,0.4,398,3695,398,303917,301693,21393,86563,2.794592241283486,0.22295341218165335
3574,0.4001,0,10,0,303927,301683,21393,86563,2.7944996109526103,0.222959154762702
3575,0.4002,3,21,3,303948,301662,21396,86560,2.7943050872577717,0.22296521062690935
3576,0.4003,3,21,3,303969,301641,21399,86557,2.794110563562933,0.22297126723991365
3577,0.4004,2,11,2,303980,301630,21401,86555,2.79400867019897,0.2229735821837526
3578,0.4005,6,37,6,304017,301593,21407,86549,2.7936659379747306,0.22298282587300525
3579,0.4006,0,4,0,304021,301589,21407,86549,2.7936288858423803,0.22298512384770366
3580,0.4007,11,56,11,304077,301533,21418,86538,2.7931101559894773,0.22299527663752253
3581,0.4008,23,152,23,304229,301381,21441,86515,2.791702174960169,0.22303658712644625
3582,0.4009,1,10,1,304239,301371,21442,86514,2.7916095446292934,0.22304033411964885
3583,0.401,15,101,15,304340,301270,21457,86499,2.7906739782874506,0.2230683731809402
3584,0.4011,1,8,1,304348,301262,21458,86498,2.79059987402275,0.22307097173509388
3585,0.4012,1,33,1,304381,301229,21459,86497,2.7902941939308605,0.22308795386432687
3586,0.4013,5,47,5,304428,301182,21464,86492,2.7898588313757458,0.22310497995738687
3587,0.4014,1,17,1,304445,301165,21465,86491,2.7897013598132574,0.22311275976639083
3588,0.4015,6,56,6,304501,301109,21471,86485,2.7891826299603544,0.22313296903460839
3589,0.4016,3,8,3,304509,301101,21474,86482,2.789108525695654,0.2231315614977953
3590,0.4017,61,475,61,304984,300626,21535,86421,2.7847085849790654,0.22328296046733342
3591,0.4018,5,22,5,305006,300604,21540,86416,2.7845047982511395,0.223285618314299
3592,0.4019,3,11,3,305017,300593,21543,86413,2.7844029048871763,0.22328594388717488
3593,0.402,7,105,7,305122,300488,21550,86406,2.783430286412983,0.22333248900215563
3594,0.4021,1,14,1,305136,300474,21551,86405,2.7833006039497574,0.22333856322002488
3595,0.4022,2,18,2,305154,300456,21553,86403,2.7831338693541814,0.2233449396291672
3596,0.4023,4,38,4,305192,300418,21557,86399,2.7827818740968544,0.22335884927498015
3597,0.4024,1,10,1,305202,300408,21558,86398,2.782689243765979,0.2233626158849656
3598,0.4025,42,392,42,305594,300016,21600,86356,2.7790581347956573,0.2235048088370793
3599,0.4026,1,16,1,305610,300000,21601,86355,2.7789099262662567,0.2235120549753465
3600,0.4027,7,55,7,305665,299945,21608,86348,2.7784004594464413,0.22352980768484026
3601,0.4028,0,15,0,305680,299930,21608,86348,2.778261513950128,0.22353848782483082
3602,0.4029,2,16,2,305696,299914,21610,86346,2.7781133054207268,0.2235437270232486
3603,0.403,7,78,7,305774,299836,21617,86339,2.777390788839898,0.2235748041690943
3604,0.4031,3,6,3,305780,299830,21620,86336,2.7773352106413722,0.22357224613249224
3605,0.4032,0,22,0,305802,299808,21620,86336,2.7771314239134464,0.2235849838402254
3606,0.4033,99,783,99,306585,299025,21719,86237,2.7698784690058913,0.22383988039308314
3607,0.4034,3,8,3,306593,299017,21722,86234,2.7698043647411907,0.22383848452048144
3608,0.4035,5,29,5,306622,298988,21727,86229,2.769535736781652,0.2238452612423647
3609,0.4036,0,5,0,306627,298983,21727,86229,2.769489421616214,0.22384816672377808
3610,0.4037,4,37,4,306664,298946,21731,86225,2.7691466893919747,0.223861609518889
3611,0.4038,3,42,3,306706,298904,21734,86222,2.768757642002297,0.223879976942611
3612,0.4039,1,11,1,306717,298893,21735,86221,2.7686557486383343,0.22388435632046616
3613,0.404,19,152,19,306869,298741,21754,86202,2.767247767609026,0.223934452633247
3614,0.4041,1,5,1,306874,298736,21755,86201,2.767201452443588,0.22393534526429001
3615,0.4042,20,156,20,307030,298580,21775,86181,2.7657564192819297,0.2239857989765075
3616,0.4043,15,51,15,307081,298529,21790,86166,2.765284004594464,0.22398523505634332
3617,0.4044,0,11,0,307092,298518,21790,86166,2.7651821112305015,0.22399163989144336
3618,0.4045,7,47,7,307139,298471,21797,86159,2.7647467486753863,0.22400488781426306
3619,0.4046,2,9,2,307148,298462,21799,86157,2.7646633813775985,0.22400609434271318
3620,0.4047,3,45,3,307193,298417,21802,86154,2.764246544888658,0.22402625262955345
3621,0.4048,1,26,1,307219,298391,21803,86153,2.764005706028382,0.22403938170924523
3622,0.4049,0,5,0,307224,298386,21803,86153,2.763959390862944,0.22404229479974724
3623,0.405,153,1459,153,308683,296927,21956,86000,2.7504446255882025,0.22458588712731148
3624,0.4051,3,6,3,308689,296921,21959,85997,2.7503890473896773,0.22458333115706236
3625,0.4052,5,31,5,308720,296890,21964,85992,2.750101893363963,0.2245913884695546
3626,0.4053,7,37,7,308757,296853,21971,85985,2.7497591611397234,0.22459891651298983
3627,0.4054,0,18,0,308775,296835,21971,85985,2.749592426544148,0.2246094770388172
3628,0.4055,7,26,7,308801,296809,21978,85978,2.7493515876838712,0.2246105536499411
3629,0.4056,0,7,0,308808,296802,21978,85978,2.7492867464522583,0.22461466116307016
3630,0.4057,7,58,7,308866,296744,21985,85971,2.7487494905331804,0.22463451915916544
3631,0.4058,14,126,14,308992,296618,21999,85957,2.747582348364148,0.22468012807946156
3632,0.4059,1,6,1,308998,296612,22000,85956,2.747526770165623,0.22468162522741056
3633,0.406,11,167,11,309165,296445,22011,85945,2.7459798436400016,0.2247574465859463
3634,0.4061,0,19,0,309184,296426,22011,85945,2.745803846011338,0.22476861477465604
3635,0.4062,2,32,2,309216,296394,22013,85943,2.745507428952536,0.2247833717374986
3636,0.4063,5,38,5,309254,296356,22018,85938,2.745155433695209,0.22479557617958953
3637,0.4064,0,10,0,309264,296346,22018,85938,2.7450628033643336,0.2248014565087736
3638,0.4065,9,35,9,309299,296311,22027,85929,2.7447385972062692,0.22480378819589786
3639,0.4066,2,5,2,309304,296306,22029,85927,2.7446922820408313,0.22480267271533333
3640,0.4067,78,776,78,310080,295530,22107,85849,2.7375041683648895,0.22510153941354924
3641,0.4068,2,33,2,310113,295497,22109,85847,2.737198488273,0.22511695477049593
3642,0.4069,2,6,2,310119,295491,22111,85845,2.737142910074475,0.22511643275221851
3643,0.407,13,43,13,310162,295448,22124,85832,2.73674459965171,0.2251154007553504
3644,0.4071,1,21,1,310183,295427,22125,85831,2.7365500759568713,0.22512576785274013
3645,0.4072,3,18,3,310201,295409,22128,85828,2.7363833413612952,0.2251302995249674
3646,0.4073,7,57,7,310258,295352,22135,85821,2.7358553484753045,0.2251497351596257
3647,0.4074,1,6,1,310264,295346,22136,85820,2.7357997702767793,0.22515124643855958
3648,0.4075,35,423,35,310687,294923,22171,85785,2.731881507280744,0.22533017430681782
3649,0.4076,2,17,2,310704,294906,22173,85783,2.7317240357182557,0.22533616679231605
3650,0.4077,4,44,4,310748,294862,22177,85779,2.731316462262403,0.22535407378606087
3651,0.4078,2,21,2,310769,294841,22179,85777,2.7311219385675645,0.2253624368789705
3652,0.4079,1,9,1,310778,294832,22180,85776,2.7310385712697767,0.2253657306204809
3653,0.408,16,97,16,310875,294735,22196,85760,2.7301400570602836,0.22539060960065177
3654,0.4081,0,10,0,310885,294725,22196,85760,2.730047426729408,0.22539653337188062
3655,0.4082,7,32,7,310917,294693,22203,85753,2.7297510096706064,0.22540123959773528
3656,0.4083,66,433,66,311350,294260,22269,85687,2.7257401163436956,0.22552355986492853
3657,0.4084,1,3,1,311353,294257,22270,85686,2.725712327244433,0.22552330217953745
3658,0.4085,3,40,3,311393,294217,22273,85683,2.7253418059209307,0.22554093182416426
3659,0.4086,1,17,1,311410,294200,22274,85682,2.7251843343584423,0.2255489862641557
3660,0.4087,4,46,4,311456,294154,22278,85678,2.7247582348364148,0.2255681459171423
3661,0.4088,3,30,3,311486,294124,22281,85675,2.7244803438437883,0.22557984618179616
3662,0.4089,1,8,1,311494,294116,22282,85674,2.724406239579088,0.22558255878248507
3663,0.409,10,87,10,311581,294029,22292,85664,2.7236003557004707,0.22561385119030375
3664,0.4091,1,6,1,311587,294023,22293,85663,2.7235447775019455,0.2256153769167154
3665,0.4092,14,158,14,311745,293865,22307,85649,2.722081218274112,0.22568073905046981
3666,0.4093,10,51,10,311796,293814,22317,85639,2.7216088035866464,0.22569066524707934
3667,0.4094,1,10,1,311806,293804,22318,85638,2.721516173255771,0.22569457255654354
3668,0.4095,4,16,4,311822,293788,22322,85634,2.72136796472637,0.22569592696259047
3669,0.4096,2,11,2,311833,293777,22324,85632,2.721266071362407,0.22569838880996498
3670,0.4097,3,34,3,311867,293743,22327,85629,2.72095112823743,0.2257124932783653
3671,0.4098,3,12,3,311879,293731,22330,85626,2.7208399718403795,0.22571350996554695
3672,0.4099,1,4,1,311883,293727,22331,85625,2.7208029197080292,0.22571384887914128
3673,0.41,420,3501,420,315384,290226,22751,85205,2.688373040868502,0.22695248927232967
3674,0.4101,1,5,1,315389,290221,22752,85204,2.6883267257030643,0.22695345275354598
3675,0.4102,7,29,7,315418,290192,22759,85197,2.688058097743525,0.22695657038432132
3676,0.4103,9,30,9,315448,290162,22768,85188,2.6877802067508987,0.22695617423737843
3677,0.4104,1,9,1,315457,290153,22769,85187,2.6876968394531104,0.22695955666862044
3678,0.4105,1,25,1,315482,290128,22770,85186,2.6874652636259215,0.22697261493043158
3679,0.4106,2,5,2,315487,290123,22772,85184,2.687418948460484,0.22697151931618648
3680,0.4107,6,80,6,315567,290043,22778,85178,2.6866779058134798,0.22700755021707208
3681,0.4108,20,156,20,315723,289887,22798,85158,2.685232872651821,0.22706075270967485
3682,0.4109,0,3,0,315726,289884,22798,85158,2.6852050835525585,0.22706256899227287
3683,0.411,10,81,10,315807,289803,22808,85148,2.6844547778724666,0.22709100655819028
3684,0.4111,0,6,0,315813,289797,22808,85148,2.6843991996739414,0.22709464054728026
3685,0.4112,5,20,5,315833,289777,22813,85143,2.68421393901219,0.2270964472420783
3686,0.4113,5,35,5,315868,289742,22818,85138,2.6838897328541256,0.22710734101579172
3687,0.4114,1,20,1,315888,289722,22819,85137,2.6837044721923746,0.227117396140949
3688,0.4115,4,28,4,315916,289694,22823,85133,2.683445107265923,0.22712611418067535
3689,0.4116,0,11,0,315927,289683,22823,85133,2.68334321390196,0.22713277981729701
3690,0.4117,53,458,53,316385,289225,22876,85080,2.6791007447478603,0.227301265011154
3691,0.4118,2,26,2,316411,289199,22878,85078,2.6788599058875837,0.22731292598797148
3692,0.4119,0,7,0,316418,289192,22878,85078,2.678795064655971,0.22731717743874744
3693,0.412,15,108,15,316526,289084,22893,85063,2.677794657082515,0.22735181626473017
3694,0.4121,1,13,1,316539,289071,22894,85062,2.677674237652377,0.22735765088885504
3695,0.4122,3,21,3,316560,289050,22897,85059,2.6774797139575384,0.22736421738049606
3696,0.4123,7,50,7,316610,289000,22904,85052,2.6770165623031605,0.2273801503534268
3697,0.4124,0,11,0,316621,288989,22904,85052,2.6769146689391974,0.22738683727184988
3698,0.4125,54,382,54,317003,288607,22958,84998,2.6733761902997517,0.22750766183536086
3699,0.4126,1,2,1,317005,288605,22959,84997,2.673357664233577,0.22750681206203394
3700,0.4127,8,58,8,317063,288547,22967,84989,2.6728204083144984,0.2275255932493789
3701,0.4128,0,12,0,317075,288535,22967,84989,2.672709251917448,0.22753290283890729
3702,0.4129,4,22,4,317097,288513,22971,84985,2.6725054651895217,0.22753803233216777
3703,0.413,12,62,12,317159,288451,22983,84973,2.6719311571380935,0.22755098761729295
3704,0.4131,0,8,0,317167,288443,22983,84973,2.671857052873393,0.22755586263041755
3705,0.4132,4,24,4,317191,288419,22987,84969,2.6716347400792917,0.22756221410436328
3706,0.4133,99,786,99,317977,287633,23086,84870,2.664353996072474,0.22783709124490273
3707,0.4134,0,12,0,317989,287621,23086,84870,2.664242839675423,0.22784443114061817
3708,0.4135,5,36,5,318025,287585,23091,84865,2.6639093704842716,0.22785608806551214
3709,0.4136,2,20,2,318045,287565,23093,84863,2.66372410982252,0.22786417777395898
3710,0.4137,3,37,3,318082,287528,23096,84860,2.663381377598281,0.22788059765620805
3711,0.4138,5,40,5,318122,287488,23101,84855,2.6630108562747785,0.2278947099851481
3712,0.4139,0,6,0,318128,287482,23101,84855,2.6629552780762533,0.2278983823794036
3713,0.414,22,173,22,318301,287309,23123,84833,2.6613527733521063,0.22795868243842404
3714,0.4141,0,3,0,318304,287306,23123,84833,2.6613249842528437,0.22796052012823165
3715,0.4142,23,160,23,318464,287146,23146,84810,2.659842898958835,0.228010839991827
3716,0.4143,6,58,6,318522,287088,23152,84804,2.659305643039757,0.22803394533896937
3717,0.4144,2,9,2,318531,287079,23154,84802,2.659222275741969,0.22803531237143065
3718,0.4145,9,25,9,318556,287054,23163,84793,2.65899069991478,0.22803195938114332
3719,0.4146,0,10,0,318566,287044,23163,84793,2.6588980695839046,0.228038091959649
3720,0.4147,4,34,4,318600,287010,23167,84789,2.658583126458928,0.22805064026530464
3721,0.4148,3,23,3,318623,286987,23170,84786,2.658370076697914,0.2280585195804967
3722,0.4149,1,9,1,318632,286978,23171,84785,2.658286709400126,0.22806196420838007
3723,0.415,186,1484,186,320116,285494,23357,84599,2.6445403682981956,0.22858848992010117
3724,0.4151,3,4,3,320120,285490,23360,84596,2.6445033161658453,0.22858470733829434
3725,0.4152,5,14,5,320134,285476,23365,84591,2.6443736337026196,0.2285829322798304
3726,0.4153,9,49,9,320183,285427,23374,84582,2.6439197450813294,0.22859443959471257
3727,0.4154,1,5,1,320188,285422,23375,84581,2.6438734299158915,0.22859544382072577
3728,0.4155,3,39,3,320227,285383,23378,84578,2.6435121716254772,0.22861328626530905
3729,0.4156,1,11,1,320238,285372,23379,84577,2.643410278261514,0.2286179986971177
3730,0.4157,10,68,10,320306,285304,23389,84567,2.6427803920115602,0.22863917419857194
3731,0.4158,20,159,20,320465,285145,23409,84547,2.641307569750639,0.22869577918916287
3732,0.4159,0,2,0,320467,285143,23409,84547,2.641289043684464,0.228697016419162
3733,0.416,19,152,19,320619,284991,23428,84528,2.6398810626551557,0.22875143091424258
3734,0.4161,1,12,1,320631,284979,23429,84527,2.6397699062581053,0.22875677255579072
3735,0.4162,3,29,3,320660,284950,23432,84524,2.639501278298566,0.22876846544005802
3736,0.4163,5,30,5,320690,284920,23437,84519,2.6392233873059396,0.22877660452740506
3737,0.4164,2,10,2,320700,284910,23439,84517,2.6391307569750637,0.22877862202816796
3738,0.4165,3,23,3,320723,284887,23442,84514,2.63891770721405,0.22878660317649382
3739,0.4166,0,3,0,320726,284884,23442,84514,2.6388899181147876,0.22878846122610302
3740,0.4167,90,782,90,321508,284102,23532,84424,2.63164622624032,0.22908560047323662
3741,0.4168,0,17,0,321525,284085,23532,84424,2.631488754677832,0.22909616861460644
3742,0.4169,0,5,0,321530,284080,23532,84424,2.631442439512394,0.22909927707704666
3743,0.417,8,42,8,321572,284038,23540,84416,2.6310533921227166,0.22910865399751393
3744,0.4171,7,26,7,321598,284012,23547,84409,2.6308125532624405,0.22911017558716795
3745,0.4172,3,29,3,321627,283983,23550,84406,2.6305439253029013,0.22912193360822392
3746,0.4173,6,62,6,321689,283921,23556,84400,2.6299696172514726,0.22914794432030755
3747,0.4174,1,7,1,321696,283914,23557,84399,2.6299047760198597,0.22915020648198678
3748,0.4175,54,370,54,322066,283544,23611,84345,2.626477453777465,0.22926752362805086
3749,0.4176,3,13,3,322079,283531,23614,84342,2.626357034347327,0.22926934023426562
3750,0.4177,5,41,5,322120,283490,23619,84337,2.625977249990737,0.22928441903394803
3751,0.4178,0,16,0,322136,283474,23619,84337,2.625829041461336,0.2292943930442537
3752,0.4179,1,14,1,322150,283460,23620,84336,2.6256993589981104,0.2293010255685217
3753,0.418,12,123,12,322273,283337,23632,84324,2.624560005928341,0.22935258295005453
3754,0.4181,2,8,2,322281,283329,23634,84322,2.6244859016636406,0.22935338133175212
3755,0.4182,2,32,2,322313,283297,23636,84320,2.624189484604839,0.22936915322196744
3756,0.4183,48,472,48,322785,282825,23684,84272,2.6198173329875134,0.2295633034320629
3757,0.4184,3,10,3,322795,282815,23687,84269,2.619724702656638,0.22956326072506567
3758,0.4185,1,32,1,322827,282783,23688,84268,2.619428285597836,0.22958117536800063
3759,0.4186,1,5,1,322832,282778,23689,84267,2.619381970432398,0.22958220381697067
3760,0.4187,6,46,6,322878,282732,23695,84261,2.618955870910371,0.22959838471033509
3761,0.4188,1,26,1,322904,282706,23696,84260,2.6187150320500945,0.22961255266155448
3762,0.4189,2,12,2,322916,282694,23698,84258,2.6186038756530436,0.22961586256513114
3763,0.419,7,84,7,323000,282610,23705,84251,2.617825780873689,0.22965373806428047
3764,0.4191,1,4,1,323004,282606,23706,84250,2.6177887287413393,0.22965414222474212
3765,0.4192,18,182,18,323186,282424,23724,84232,2.616102856719404,0.22973031942747427
3766,0.4193,7,66,7,323252,282358,23731,84225,2.6154914965356255,0.22975697181811486
3767,0.4194,1,4,1,323256,282354,23732,84224,2.6154544444032752,0.22975737769315124
3768,0.4195,3,26,3,323282,282328,23735,84221,2.615213605542999,0.2297673708017209
3769,0.4196,0,12,0,323294,282316,23735,84221,2.6151024491459482,0.2297748931212947
3770,0.4197,5,42,5,323336,282274,23740,84216,2.614713401756271,0.22979071734563017
3771,0.4198,4,31,4,323367,282243,23744,84212,2.614426247730557,0.22980174919157878
3772,0.4199,1,6,1,323373,282237,23745,84211,2.6143706695320317,0.22980341003362004
3773,0.42,449,3453,449,326826,278784,24194,83762,2.582385416280707,0.23103826824733964
3774,0.4201,0,4,0,326830,278780,24194,83762,2.582348364148357,0.23104081733978407
3775,0.4202,4,24,4,326854,278756,24198,83758,2.5821260513542557,0.23104762850538185
3776,0.4203,8,36,8,326890,278720,24206,83750,2.5817925821631036,0.23105360443622922
3777,0.4204,3,13,3,326903,278707,24209,83747,2.581672162732965,0.2310555270461907
3778,0.4205,5,31,5,326934,278676,24214,83742,2.581385008707251,0.23106468221777063
3779,0.4206,0,6,0,326940,278670,24214,83742,2.5813294305087258,0.2310685076653091
3780,0.4207,4,59,4,326999,278611,24218,83738,2.58078291155656,0.23109764343216072
3781,0.4208,18,138,18,327137,278473,24236,83720,2.5795046129904775,0.2311474821434981
3782,0.421,11,86,11,327223,278387,24247,83709,2.578707992144948,0.23117902434713447
3783,0.4211,0,6,0,327229,278381,24247,83709,2.5786524139464224,0.23118285509127565
3784,0.4212,4,26,4,327255,278355,24251,83705,2.5784115750861463,0.23119096282384136
3785,0.4213,4,39,4,327294,278316,24255,83701,2.5780503167957316,0.2312073742393313
3786,0.4214,2,17,2,327311,278299,24257,83699,2.5778928452332432,0.23121398460764978
3787,0.4215,7,29,7,327340,278270,24264,83692,2.577624217273704,0.23121764163088943
3788,0.4216,0,3,0,327343,278267,24264,83692,2.5775964281744415,0.23121955801623942
3789,0.4217,69,422,69,327765,277845,24333,83623,2.5736874282114934,0.23134274679916342
3790,0.4218,3,20,3,327785,277825,24336,83620,2.5735021675497425,0.23134916792319718
3791,0.4219,0,9,0,327794,277816,24336,83620,2.5734188002519547,0.23135492867340277
3792,0.422,14,97,14,327891,277719,24350,83606,2.5725202860424616,0.2313872552411264
3793,0.4221,5,23,5,327914,277696,24355,83601,2.572307236281448,0.23139134839204312
3794,0.4222,4,18,4,327932,277678,24359,83597,2.572140501685872,0.23139436717182202
3795,0.4223,4,45,4,327977,277633,24363,83593,2.571723665196932,0.2314146822211026
3796,0.4224,2,5,2,327982,277628,24365,83591,2.5716773500314942,0.231413629958557
3797,0.4225,54,410,54,328392,277218,24419,83537,2.567879506465597,0.2315615861180025
3798,0.4226,1,5,1,328397,277213,24420,83536,2.5678331913001595,0.2315626654543741
3799,0.4227,8,56,8,328453,277157,24428,83528,2.5673144614472565,0.2315815739495682
3800,0.4228,5,29,5,328482,277128,24433,83523,2.5670458334877173,0.2315895422444413
3801,0.4229,2,22,2,328504,277106,24435,83521,2.566842046759791,0.23159940880743815
3802,0.423,4,71,4,328575,277035,24439,83517,2.5661843714105745,0.23163649071423817
3803,0.4231,1,6,1,328581,277029,24440,83516,2.5661287932120493,0.23163821436991222
3804,0.4232,2,30,2,328611,276999,24442,83514,2.565850902219423,0.2316532274841684
3805,0.4233,97,743,97,329354,276256,24539,83417,2.5589684686353698,0.23192455369182563
3806,0.4234,1,5,1,329359,276251,24540,83416,2.5589221534699322,0.2319256423302666
3807,0.4235,5,45,5,329404,276206,24545,83411,2.5585053169809924,0.23194398485054935
3808,0.4236,2,17,2,329421,276189,24547,83409,2.558347845418504,0.2319506782573874
3809,0.4237,5,31,5,329452,276158,24552,83404,2.5580606913927895,0.2319599957726345
3810,0.4238,6,39,6,329491,276119,24558,83398,2.5576994331023752,0.23197234066817424
3811,0.4239,0,6,0,329497,276113,24558,83398,2.5576438549038496,0.2319762121325912
3812,0.424,19,150,19,329647,275963,24577,83379,2.5562543999407166,0.23203243706552532
3813,0.4241,1,1,1,329648,275962,24578,83378,2.556245136907629,0.23203094562253018
3814,0.4242,20,163,20,329811,275799,24598,83358,2.554735262514358,0.2320934855787302
3815,0.4243,8,65,8,329876,275734,24606,83350,2.5541331653636665,0.23211839012598723
3816,0.4244,2,6,2,329882,275728,24608,83348,2.5540775871651413,0.23211799173434036
3817,0.4245,3,29,3,329911,275699,24611,83345,2.553808959205602,0.2321303238600283
3818,0.4246,2,19,2,329930,275680,24613,83343,2.553632961576939,0.23213833097043923
3819,0.4247,3,47,3,329977,275633,24616,83340,2.5531975990218236,0.23216230747159258
3820,0.4248,0,21,0,329998,275612,24616,83340,2.553003075326985,0.23217588981256546
3821,0.4249,1,10,1,330008,275602,24617,83339,2.5529104449961095,0.2321802190332116
3822,0.425,163,1412,163,331420,274190,24780,83176,2.539831042276483,0.23274737943732757
3823,0.4251,0,4,0,331424,274186,24780,83176,2.539793990144133,0.23274998460944366
3824,0.4252,3,27,3,331451,274159,24783,83173,2.539543888250769,0.23276112970570786
3825,0.4253,5,41,5,331492,274118,24788,83168,2.539164103894179,0.2327771029371428
3826,0.4254,0,6,0,331498,274112,24788,83168,2.539108525695654,0.23278101209135693
3827,0.4255,3,28,3,331526,274084,24791,83165,2.5388491607692023,0.23279281397568644
3828,0.4256,2,11,2,331537,274073,24793,83163,2.538747267405239,0.23279568688486044
3829,0.4257,9,50,9,331587,274023,24802,83154,2.5382841157508613,0.23280894346500475
3830,0.4258,22,148,22,331735,273875,24824,83132,2.5369131868539037,0.23285817925138722
3831,0.4259,0,15,0,331750,273860,24824,83132,2.53677424135759,0.23286796342775187
3832,0.426,17,151,17,331901,273709,24841,83115,2.5353755233613695,0.2329299598681703
3833,0.4261,2,4,2,331905,273705,24843,83113,2.5353384712290192,0.23292827155580717
3834,0.4262,2,38,2,331943,273667,24845,83111,2.5349864759716922,0.23294878047413237
3835,0.4263,6,16,6,331959,273651,24851,83105,2.534838267442291,0.23294632746190674
3836,0.4264,0,11,0,331970,273640,24851,83105,2.5347363740783284,0.23295351021037436
3837,0.4265,4,47,4,332017,273593,24855,83101,2.534301011523213,0.2329756037387789
3838,0.4266,2,8,2,332025,273585,24857,83099,2.5342269072585126,0.23297652824348722
3839,0.4267,112,817,112,332842,272768,24969,82987,2.526659009225981,0.23327008756025916
3840,0.4268,0,31,0,332873,272737,24969,82987,2.5263718552002667,0.23329041616534166
3841,0.4269,3,6,3,332879,272731,24972,82984,2.5263162770017416,0.23328788496408642
3842,0.427,5,48,5,332927,272683,24977,82979,2.5258716514135386,0.23330859074064703
3843,0.4271,1,21,1,332948,272662,24978,82978,2.5256771277187,0.23332021144978068
3844,0.4272,3,19,3,332967,272643,24981,82975,2.5255011300900367,0.23332620958444172
3845,0.4273,15,62,15,333029,272581,24996,82960,2.5249268220386085,0.23333455213322796
3846,0.4274,0,8,0,333037,272573,24996,82960,2.524852717773908,0.2333398024937207
3847,0.4275,51,400,51,333437,272173,25047,82909,2.5211475045388863,0.23349254538388317
3848,0.4276,4,12,4,333449,272161,25051,82905,2.5210363481418354,0.23349180152422366
3849,0.4277,5,62,5,333511,272099,25056,82900,2.520462040090407,0.23352178456840725
3850,0.4278,2,24,2,333535,272075,25058,82898,2.520239727296306,0.23353325464190233
3851,0.4279,2,13,2,333548,272062,25060,82896,2.520119307866168,0.23353748894235374
3852,0.428,13,94,13,333642,271968,25073,82883,2.5192485827559374,0.23357127357679702
3853,0.4281,0,5,0,333647,271963,25073,82883,2.5192022675905,0.23357456474076077
3854,0.4282,2,28,2,333675,271935,25075,82881,2.5189429026640484,0.23358867694805194
3855,0.4283,66,437,66,334112,271498,25141,82815,2.514894957204787,0.23373401483998613
3856,0.4284,0,5,0,334117,271493,25141,82815,2.5148486420393494,0.2337373132980345
3857,0.4285,4,43,4,334160,271450,25145,82811,2.5144503316165845,0.23375703224458802
3858,0.4286,2,27,2,334187,271423,25147,82809,2.5142002297232207,0.2337705232728833
3859,0.4287,3,44,3,334231,271379,25150,82806,2.513792656267368,0.23379307424086282
3860,0.4288,6,34,6,334265,271345,25156,82800,2.5134777131423913,0.23380253850823815
3861,0.4289,1,6,1,334271,271339,25157,82799,2.513422134943866,0.23380433616273882
3862,0.429,13,91,13,334362,271248,25170,82786,2.5125791989328987,0.23383629820864663
3863,0.4291,3,7,3,334369,271241,25173,82783,2.512514357701286,0.23383442930422796
3864,0.4292,28,163,28,334532,271078,25201,82755,2.5110044833080143,0.23388152037825755
3865,0.4293,9,71,9,334603,271007,25210,82746,2.510346807958798,0.23390897038329003
3866,0.4294,0,2,0,334605,271005,25210,82746,2.510328281892623,0.23391029283309447
3867,0.4295,5,26,5,334631,270979,25215,82741,2.5100874430323463,0.23391665724301708
3868,0.4296,3,13,3,334644,270966,25218,82738,2.5099670236022082,0.23391875692669578
3869,0.4297,4,33,4,334677,270933,25222,82734,2.509661343510319,0.2339319190085589
3870,0.4298,2,29,2,334706,270904,25224,82732,2.50939271555078,0.2339467701252135
3871,0.4299,0,11,0,334717,270893,25224,82732,2.509290822186817,0.2339540473665606
3872,0.43,450,3436,450,338153,267457,25674,82282,2.4774630404979807,0.23526687043766922
3873,0.4301,2,3,2,338156,267454,25676,82280,2.477435251398718,0.23526451531735548
3874,0.4302,3,27,3,338183,267427,25679,82277,2.477185149505354,0.235276119232265
3875,0.4303,1,28,1,338211,267399,25680,82276,2.4769257845789023,0.2352927718595839
3876,0.4304,0,8,0,338219,267391,25680,82276,2.476851680314202,0.23529815510185406
3877,0.4305,6,41,6,338260,267350,25686,82270,2.476471895957612,0.2353126251358618
3878,0.4306,1,3,1,338263,267347,25687,82269,2.4764441068583496,0.23531245709578508
3879,0.4307,9,74,9,338337,267273,25696,82260,2.4757586424098705,0.23534258567860544
3880,0.4308,25,165,25,338502,267108,25721,82235,2.474230241950424,0.2353990204469533
3881,0.4309,0,3,0,338505,267105,25721,82235,2.4742024528511615,0.235401041964848
3882,0.431,10,88,10,338593,267017,25731,82225,2.4733873059394567,0.23543846387318823
3883,0.4311,1,13,1,338606,267004,25732,82224,2.4732668865093186,0.23544503877123255
3884,0.4312,2,35,2,338641,266969,25734,82222,2.472942680351254,0.2354642588153761
3885,0.4313,4,41,4,338682,266928,25738,82218,2.4725628959946646,0.23548315031534087
3886,0.4314,2,13,2,338695,266915,25740,82216,2.472442476564526,0.23548753906126926
3887,0.4315,9,27,9,338722,266888,25749,82207,2.4721923746711623,0.235486042481273
3888,0.4316,0,6,0,338728,266882,25749,82207,2.472136796472637,0.23549008991976259
3889,0.4317,59,444,59,339172,266438,25808,82148,2.4680240097817627,0.23566064041585147
3890,0.4318,2,20,2,339192,266418,25810,82146,2.4678387491200118,0.23566977656900884
3891,0.4319,2,6,2,339198,266412,25812,82144,2.4677831709214866,0.23566944766407694
3892,0.432,16,97,16,339295,266315,25828,82128,2.466884656711994,0.23569995666436117
3893,0.4321,5,22,5,339317,266293,25833,82123,2.4666808699840677,0.2357038712343865
3894,0.4322,1,25,1,339342,266268,25834,82122,2.4664492941568787,0.23571859123396194
3895,0.4323,1,50,1,339392,266218,25835,82121,2.465986142502501,0.23575023181441068
3896,0.4324,0,10,0,339402,266208,25835,82121,2.4658935121716254,0.23575699984784498
3897,0.4325,55,390,55,339792,265818,25890,82066,2.462280929267479,0.23590047257131688
3898,0.4326,2,13,2,339805,265805,25892,82064,2.462160509837341,0.23590489523355057
3899,0.4327,6,60,6,339865,265745,25898,82058,2.461604727852088,0.23593241001371465
3900,0.4328,3,17,3,339882,265728,25901,82055,2.4614472562895995,0.23593735173944672
3901,0.4329,2,16,2,339898,265712,25903,82053,2.461299047760199,0.23594381263209352
3902,0.433,5,54,5,339952,265658,25908,82048,2.4607988439734707,0.23596946845898548
3903,0.4331,4,12,4,339964,265646,25912,82044,2.46068768757642,0.23596882280192125
3904,0.4332,5,21,5,339985,265625,25917,82039,2.4604931638815812,0.23597208799300473
3905,0.4333,102,679,102,340664,264946,26019,81937,2.454203564415132,0.2362093270641686
3906,0.4334,1,5,1,340669,264941,26020,81936,2.454157249249694,0.23621052995730474
3907,0.4335,5,31,5,340700,264910,26025,81931,2.45387009522398,0.23622063135557791
3908,0.4336,1,10,1,340710,264900,26026,81930,2.4537774648931046,0.23622524003113918
3909,0.4337,5,34,5,340744,264866,26031,81925,2.453462521768128,0.2362373879368265
3910,0.4338,4,27,4,340771,264839,26035,81921,2.4532124198747636,0.23624697196908526
3911,0.4339,1,11,1,340782,264828,26036,81920,2.453110526510801,0.23625226389193305
3912,0.434,23,135,23,340917,264693,26059,81897,2.451860017043981,0.23629360339305808
3913,0.4341,0,6,0,340923,264687,26059,81897,2.4518044388454556,0.23629769406550793
3914,0.4342,25,165,25,341088,264522,26084,81872,2.450276038386009,0.23635513317205264
3915,0.4343,8,65,8,341153,264457,26092,81864,2.449673941235318,0.2363818538292509
3916,0.4344,1,12,1,341165,264445,26093,81863,2.4495627848382675,0.23638783972648625
3917,0.4345,5,24,5,341189,264421,26098,81858,2.4493404720441663,0.23639319739285375
3918,0.4346,1,13,1,341202,264408,26099,81857,2.4492200526140278,0.2363998671537695
3919,0.4347,2,33,2,341235,264375,26101,81855,2.4489143725221387,0.23641798804263062
3920,0.4348,3,24,3,341259,264351,26104,81852,2.4486920597280375,0.23642776059132936
3921,0.4349,4,3,4,341262,264348,26108,81848,2.448664270628775,0.2364209869553663
3922,0.435,173,1430,173,342692,262918,26281,81675,2.435418133313572,0.23701874385144214
3923,0.4351,0,4,0,342696,262914,26281,81675,2.4353810811812218,0.23702149517250987
3924,0.4352,5,23,5,342719,262891,26286,81670,2.435168031420208,0.23702624499000177
3925,0.4353,6,40,6,342759,262851,26292,81664,2.434797510096706,0.23704047719257507
3926,0.4354,1,7,1,342766,262844,26293,81663,2.434732668865093,0.23704307895050028
3927,0.4355,8,27,8,342793,262817,26301,81655,2.434482566971729,0.2370439397106296
3928,0.4356,1,7,1,342800,262810,26302,81654,2.4344177257401163,0.23704654187375168
3929,0.4357,4,54,4,342854,262756,26306,81650,2.4339175219533886,0.2370748477088088
3930,0.4358,32,167,32,343021,262589,26338,81618,2.432370595427767,0.23711894296164807
3931,0.4359,0,6,0,343027,262583,26338,81618,2.4323150172292416,0.2371230763420211
3932,0.436,27,159,27,343186,262424,26365,81591,2.4308421949683203,0.2371727976977748
3933,0.4361,0,8,0,343194,262416,26365,81591,2.43076809070362,0.23717831323199817
3934,0.4362,3,26,3,343220,262390,26368,81588,2.4305272518433436,0.2371895877061905
3935,0.4363,3,42,3,343262,262348,26371,81585,2.4301382044536664,0.2372118988291324
3936,0.4364,3,6,3,343268,262342,26374,81582,2.430082626255141,0.2372093834684407
3937,0.4365,6,42,6,343310,262300,26380,81576,2.429693578865464,0.23722504623759727
3938,0.4366,1,3,1,343313,262297,26381,81575,2.429665789766201,0.23722489763632978
3939,0.4367,95,756,95,344069,261541,26476,81480,2.42266293675201,0.23753647735852906
3940,0.4368,0,17,0,344086,261524,26476,81480,2.4225054651895217,0.2375482501661788
3941,0.4369,1,5,1,344091,261519,26477,81479,2.4224591500240837,0.23754949008449028
3942,0.437,10,63,10,344154,261456,26487,81469,2.421875578939568,0.237570897426551
3943,0.4371,5,19,5,344173,261437,26492,81464,2.4216995813109046,0.237572943794273
3944,0.4372,6,22,6,344195,261415,26498,81458,2.4214957945829783,0.2375748454967291
3945,0.4373,9,65,9,344260,261350,26507,81449,2.4208936974322874,0.23759987631235796
3946,0.4374,0,11,0,344271,261339,26507,81449,2.4207918040683243,0.23760750084600393
3947,0.4375,54,382,54,344653,260957,26561,81395,2.4172533254288786,0.23775237182782633
3948,0.4376,2,8,2,344661,260949,26563,81393,2.417179221164178,0.23775347459557986
3949,0.4377,8,45,8,344706,260904,26571,81385,2.416762384675238,0.23776691626082053
3950,0.4378,3,22,3,344728,260882,26574,81382,2.416558597947312,0.23777551831334875
3951,0.4379,0,9,0,344737,260873,26574,81382,2.416475230649524,0.237781770901813
3952,0.438,9,103,9,344840,260770,26583,81373,2.415521138241506,0.23783330361866237
3953,0.4381,0,11,0,344851,260759,26583,81373,2.4154192448775427,0.23784095027650146
3954,0.4382,3,25,3,344876,260734,26586,81370,2.4151876690503538,0.23785164745223675
3955,0.4383,52,448,52,345324,260286,26638,81318,2.4110378302271296,0.2380475638458566
3956,0.4384,2,8,2,345332,260278,26640,81316,2.410963725962429,0.2380486776699825
3957,0.4385,7,27,7,345359,260251,26647,81309,2.410713624069065,0.2380518796111957
3958,0.4386,3,9,3,345368,260242,26650,81306,2.4106302567712774,0.238051459824095
3959,0.4387,4,40,4,345408,260202,26654,81302,2.410259735447775,0.23807041791604197
3960,0.4388,5,31,5,345439,260171,26659,81297,2.409972581422061,0.23808087434254455
3961,0.4389,2,5,2,345444,260166,26661,81295,2.409926266256623,0.23807989785070624
3962,0.439,13,98,13,345542,260068,26674,81282,2.4090184890140427,0.23811923245935257
3963,0.4391,1,6,1,345548,260062,26675,81281,2.4089629108155175,0.23812118602109902
3964,0.4392,19,165,19,345713,259897,26694,81262,2.407434510356071,0.23819392130941877
3965,0.4393,16,66,16,345779,259831,26710,81246,2.4068231501722925,0.238204276453704
3966,0.4394,1,1,1,345780,259830,26711,81245,2.406813887139205,0.23820274133255148
3967,0.4395,4,26,4,345806,259804,26715,81241,2.4065730482789283,0.23821196616282309
3968,0.4396,2,2,2,345808,259802,26717,81239,2.4065545222127533,0.23820889570462203
3969,0.4397,6,39,6,345847,259763,26723,81233,2.4061932639223387,0.238222735750566
3970,0.4398,1,27,1,345874,259736,26724,81232,2.405943162028975,0.23823936557096267
3971,0.4399,0,6,0,345880,259730,26724,81232,2.4058875838304496,0.2382435579331421
3972,0.44,473,3409,473,349289,256321,27197,80759,2.3743099040349773,0.23958407499703335
3973,0.4401,1,8,1,349297,256313,27198,80758,2.3742357997702768,0.23958750530303705
3974,0.4402,1,24,1,349321,256289,27199,80757,2.3740134869761755,0.23960230947704467
3975,0.4403,4,35,4,349356,256254,27203,80753,2.373689280818111,0.2396181681686137
3976,0.4404,4,14,4,349370,256240,27207,80749,2.3735595983548854,0.23961909735926099
3977,0.4405,7,24,7,349394,256216,27214,80742,2.373337285560784,0.23962036811709472
3978,0.4406,2,3,2,349397,256213,27216,80740,2.3733094964615216,0.23961798826542574
3979,0.4407,11,73,11,349470,256140,27227,80729,2.3726332950461297,0.23964508458777745
3980,0.4408,21,202,21,349672,255938,27248,80708,2.370762162362444,0.2397414494751163
3981,0.4409,3,6,3,349678,255932,27251,80705,2.3707065841639188,0.23973894729337536
3982,0.441,10,77,10,349755,255855,27261,80695,2.369993330616177,0.23977120784430248
3983,0.4411,0,8,0,349763,255847,27261,80695,2.3699192263514766,0.23977690748851554
3984,0.4412,4,21,4,349784,255826,27265,80691,2.369724702656638,0.23978283415102358
3985,0.4413,8,55,8,349839,255771,27273,80683,2.3692152358368226,0.23980395536982768
3986,0.4414,1,12,1,349851,255759,27274,80682,2.3691040794397717,0.23981024904812434
3987,0.4415,5,32,5,349883,255727,27279,80677,2.36880766238097,0.23982176192910903
3988,0.4416,1,10,1,349893,255717,27280,80676,2.3687150320500945,0.23982663135083074
3989,0.4417,70,418,70,350311,255299,27350,80606,2.3648430842194967,0.23996665723939806
3990,0.4418,3,20,3,350331,255279,27353,80603,2.364657823557746,0.23997415759105875
3991,0.4419,2,14,2,350345,255265,27355,80601,2.36452814109452,0.23997963473528133
3992,0.442,17,96,17,350441,255169,27372,80584,2.3636388899181147,0.24000976908620325
3993,0.4421,0,20,0,350461,255149,27372,80584,2.3634536292563637,0.24002406674351345
3994,0.4422,3,21,3,350482,255128,27375,80581,2.363259105561525,0.24003228987009584
3995,0.4423,12,36,12,350518,255092,27387,80569,2.362925636370373,0.24003086447338237
3996,0.4424,3,15,3,350533,255077,27390,80566,2.36278669087406,0.24003479887857038
3997,0.4425,44,382,44,350915,254695,27434,80522,2.359248212234614,0.24020858130703396
3998,0.4426,3,14,3,350929,254681,27437,80519,2.359118529771388,0.2402118138424821
3999,0.4427,16,62,16,350991,254619,27453,80503,2.35854422171996,0.24021997958952263
4000,0.4428,4,37,4,351028,254582,27457,80499,2.3582014894957206,0.24023743512762585
4001,0.4429,1,20,1,351048,254562,27458,80498,2.358016228833969,0.24024950755088642
4002,0.443,6,82,6,351130,254480,27464,80492,2.35725666012079,0.24029471119974208
4003,0.4431,2,4,2,351134,254476,27466,80490,2.3572196079884398,0.24029304466721996
4004,0.4432,5,29,5,351163,254447,27471,80485,2.3569509800289006,0.24030250916603968
4005,0.4433,115,729,115,351892,253718,27586,80370,2.3501982289080736,0.2405653600249036
4006,0.4434,0,9,0,351901,253709,27586,80370,2.350114861610286,0.24057184079214797
4007,0.4435,5,34,5,351935,253675,27591,80365,2.3497999184853087,0.24058495988504372
4008,0.4436,0,8,0,351943,253667,27591,80365,2.3497258142206086,0.24059072184700867
4009,0.4437,3,39,3,351982,253628,27594,80362,2.349364555930194,0.24061199437108896
4010,0.4438,1,32,1,352014,253596,27595,80361,2.349068138871392,0.24063277607596187
4011,0.4439,1,10,1,352024,253586,27596,80360,2.3489755085405166,0.24063770789289285
4012,0.444,13,119,13,352143,253467,27609,80347,2.3478732076030977,0.24069391936827095
4013,0.4441,2,8,2,352151,253459,27611,80345,2.347799103338397,0.24069513846448815
4014,0.4442,22,150,22,352301,253309,27633,80323,2.346409648375264,0.2407532850565893
4015,0.4443,7,69,7,352370,253240,27640,80316,2.3457704990922226,0.24078715418100707
4016,0.4444,0,9,0,352379,253231,27640,80316,2.3456871317944348,0.24079365126953622
4017,0.4445,4,33,4,352412,253198,27644,80312,2.3453814517025453,0.24080837156307158
4018,0.4446,1,10,1,352422,253188,27645,80311,2.34528882137167,0.2408133157820563
4019,0.4447,8,51,8,352473,253137,27653,80303,2.3448164066842048,0.24083193378119003
4020,0.4448,6,22,6,352495,253115,27659,80297,2.3446126199562785,0.24083416313749956
4021,0.4449,2,6,2,352501,253109,27661,80295,2.3445570417577533,0.24083394320404075
4022,0.445,196,1343,196,353844,251766,27857,80099,2.332116788321168,0.24136019164419267
4023,0.4451,0,9,0,353853,251757,27857,80099,2.3320334210233797,0.24136673738006847
4024,0.4452,4,17,4,353870,251740,27861,80095,2.3318759494608914,0.24136995796103486
4025,0.4453,2,47,2,353917,251693,27863,80093,2.3314405869057766,0.24139957683567118
4026,0.4454,1,13,1,353930,251680,27864,80092,2.331320167475638,0.24140674921331517
4027,0.4455,6,33,6,353963,251647,27870,80086,2.331014487383749,0.24141704322452093
4028,0.4456,2,13,2,353976,251634,27872,80084,2.3308940679536105,0.24142193067605616
4029,0.4457,6,59,6,354035,251575,27878,80078,2.330347549001445,0.2414511552737349
4030,0.4458,24,133,24,354168,251442,27902,80054,2.3291155656008002,0.2414931100224437
4031,0.4459,1,1,1,354169,251441,27903,80053,2.3291063025677126,0.24149155037496908
4032,0.446,18,146,18,354315,251295,27921,80035,2.32775389973693,0.24155675610418617
4033,0.4461,1,14,1,354329,251281,27922,80034,2.327624217273704,0.2415646741016857
4034,0.4462,7,26,7,354355,251255,27929,80027,2.327383378413428,0.24156760705380914
4035,0.4463,4,42,4,354397,251213,27933,80023,2.32699433102375,0.24158907848180752
4036,0.4464,1,8,1,354405,251205,27934,80022,2.32692022675905,0.2415926237897273
4037,0.4465,7,38,7,354443,251167,27941,80015,2.326568231501723,0.24160431424413162
4038,0.4466,0,8,0,354451,251159,27941,80015,2.3264941272370225,0.24161015055529722
4039,0.4467,124,735,124,355186,250424,28065,79891,2.3196857979176704,0.24186307009975327
4040,0.4468,3,27,3,355213,250397,28068,79888,2.319435696024306,0.24187595561409087
4041,0.4469,0,8,0,355221,250389,28068,79888,2.3193615917596055,0.2418818143558286
4042,0.447,6,63,6,355284,250326,28074,79882,2.3187780206750896,0.24191418742126175
4043,0.4471,3,18,3,355302,250308,28077,79879,2.318611286079514,0.24192048748133632
4044,0.4472,2,33,2,355335,250275,28079,79877,2.3183056059876246,0.24194007608616638
4045,0.4473,6,55,6,355390,250220,28085,79871,2.3177961391678092,0.24196660920776392
4046,0.4474,0,6,0,355396,250214,28085,79871,2.3177405609692836,0.24197100746777345
4047,0.4475,65,402,65,355798,249812,28150,79806,2.314016821668087,0.24211663198004962
4048,0.4476,4,12,4,355810,249800,28154,79802,2.313905665271036,0.2421162492946038
4049,0.4477,4,43,4,355853,249757,28158,79798,2.3135073548482716,0.2421386415014186
4050,0.4478,4,25,4,355878,249732,28162,79794,2.3132757790210827,0.2421478123122303
4051,0.4479,2,10,2,355888,249722,28164,79792,2.3131831486902072,0.2421505611294209
4052,0.448,15,117,15,356005,249605,28179,79777,2.3120993738189632,0.24220206325785865
4053,0.4481,0,6,0,356011,249599,28179,79777,2.312043795620438,0.24220647527445838
4054,0.4482,6,22,6,356033,249577,28185,79771,2.3118400088925117,0.2422088489986276
4055,0.4483,51,439,51,356472,249138,28236,79720,2.3077735373670754,0.2424146592146154
4056,0.4484,0,7,0,356479,249131,28236,79720,2.3077086961354625,0.24241981931026513
4057,0.4485,4,35,4,356514,249096,28240,79716,2.307384489977398,0.24243640743038575
4058,0.4486,0,12,0,356526,249084,28240,79716,2.3072733335803477,0.24244525547445256
4059,0.4487,6,37,6,356563,249047,28246,79710,2.306930601356108,0.24245871570795452
4060,0.4488,4,25,4,356588,249022,28250,79706,2.306699025528919,0.24246793701783845
4061,0.4489,1,12,1,356600,249010,28251,79705,2.3065878691318686,0.24247448397548027
4062,0.449,15,102,15,356702,248908,28266,79690,2.305643039756938,0.2425151705122977
4063,0.4491,0,2,0,356704,248906,28266,79690,2.3056245136907627,0.2425166465812122
4064,0.4492,20,149,20,356853,248757,28286,79670,2.3042443217607174,0.24258054301260248
4065,0.4493,10,48,10,356901,248709,28296,79660,2.303799696172515,0.24259293660485612
4066,0.4494,1,7,1,356908,248702,28297,79659,2.303734854940902,0.24259580157205027
4067,0.4495,7,35,7,356943,248667,28304,79652,2.3034106487828376,0.2426055147585123
4068,0.4496,1,7,1,356950,248660,28305,79651,2.3033458075512248,0.24260838046851918
4069,0.4497,2,42,2,356992,248618,28307,79649,2.3029567601615475,0.24263480642282045
4070,0.4498,0,29,0,357021,248589,28307,79649,2.3026881322020083,0.2426562433356284
4071,0.4499,1,10,1,357031,248579,28308,79648,2.302595501871133,0.24266132889737896
4072,0.45,452,3419,452,360450,245160,28760,79196,2.270925191744785,0.24416382000024664
4073,0.4501,1,5,1,360455,245155,28761,79195,2.270878876579347,0.24416525358409125
4074,0.4502,0,23,0,360478,245132,28761,79195,2.2706658268183335,0.2441825688271405
4075,0.4503,3,24,3,360502,245108,28764,79192,2.2704435140242323,0.2441936478569226
4076,0.4504,0,8,0,360510,245100,28764,79192,2.2703694097595317,0.24419967190063277
4077,0.4505,3,31,3,360541,245069,28767,79189,2.2700822557338176,0.24421602551055024
4078,0.4506,0,6,0,360547,245063,28767,79189,2.270026677535292,0.24422054451476014
4079,0.4507,9,69,9,360616,244994,28776,79180,2.269387528252251,0.24425154392394208
4080,0.4508,12,121,12,360737,244873,28788,79168,2.268266701248657,0.24431476263806123
4081,0.4509,0,6,0,360743,244867,28788,79168,2.2682111230501314,0.24431928649682905
4082,0.451,16,92,16,360835,244775,28804,79152,2.2673589240060767,0.24435135076730252
4083,0.4511,0,6,0,360841,244769,28804,79152,2.267303345807551,0.24435587689590982
4084,0.4512,1,25,1,360866,244744,28805,79151,2.267071769980362,0.2443724046373053
4085,0.4513,9,41,9,360907,244703,28814,79142,2.2666919856237726,0.24438234340502402
4086,0.4514,2,11,2,360918,244692,28816,79140,2.2665900922598095,0.24438597791447417
4087,0.4515,5,38,5,360956,244654,28821,79135,2.2662380970024825,0.2444029908366251
4088,0.4516,0,2,0,360958,244652,28821,79135,2.2662195709363075,0.24440450048951934
4089,0.4517,62,458,62,361416,244194,28883,79073,2.2619771017822075,0.24460585212842634
4090,0.4518,3,38,3,361454,244156,28886,79070,2.2616251065248805,0.2446275980273864
4091,0.4519,0,9,0,361463,244147,28886,79070,2.2615417392270927,0.24463440969998484
4092,0.452,9,92,9,361555,244055,28895,79061,2.2606895401830376,0.24468302405328118
4093,0.4521,4,18,4,361573,244037,28899,79057,2.2605228055874615,0.24468730462342228
4094,0.4522,2,22,2,361595,244015,28901,79055,2.2603190188595352,0.24469929117528708
4095,0.4523,4,44,4,361639,243971,28905,79051,2.259911445403683,0.2447232696225025
4096,0.4524,0,15,0,361654,243956,28905,79051,2.2597724999073696,0.24473463423393302
4097,0.4525,62,371,62,362025,243585,28967,78989,2.256335914631887,0.24487094434145343
4098,0.4526,0,4,0,362029,243581,28967,78989,2.256298862499537,0.24487398084136777
4099,0.4527,8,59,8,362088,243522,28975,78981,2.255752343547371,0.24490004744141916
4100,0.4528,5,19,5,362107,243503,28980,78976,2.2555763459187075,0.24490276886246856
4101,0.4529,1,17,1,362124,243486,28981,78975,2.255418874356219,0.2449133383571967
4102,0.453,13,67,13,362191,243419,28994,78962,2.254798251139353,0.24493378952233538
4103,0.4531,3,15,3,362206,243404,28997,78959,2.25465930564304,0.24493815977640113
4104,0.4532,2,22,2,362228,243382,28999,78957,2.2544555189151136,0.24495019218896877
4105,0.4533,115,756,115,362984,242626,29114,78842,2.2474526659009224,0.24525613746935931
4106,0.4534,1,3,1,362987,242623,29115,78841,2.24742487680166,0.24525607844113181
4107,0.4535,2,49,2,363036,242574,29117,78839,2.2469709881803697,0.2452887717671656
4108,0.4536,1,13,1,363049,242561,29118,78838,2.2468505687502316,0.2452963450415216
4109,0.4537,6,23,6,363072,242538,29124,78832,2.246637518989218,0.2452998101876342
4110,0.4538,2,34,2,363106,242504,29126,78830,2.246322575864241,0.24532106779861454
4111,0.4539,2,6,2,363112,242498,29128,78828,2.2462669976657157,0.2453209513080174
4112,0.454,21,154,21,363266,242344,29149,78807,2.2448404905702324,0.2453892405753057
4113,0.4541,1,7,1,363273,242337,29150,78806,2.2447756493386195,0.24539223959419948
4114,0.4542,9,138,9,363411,242199,29159,78797,2.243497350772537,0.2454765791474037
4115,0.4543,4,55,4,363466,242144,29163,78793,2.2429878839527215,0.24550924324711704
4116,0.4544,0,11,0,363477,242133,29163,78793,2.2428859905887584,0.24551765827636277
4117,0.4545,3,27,3,363504,242106,29166,78790,2.2426358886953945,0.24553126246509774
4118,0.4546,0,18,0,363522,242088,29166,78790,2.2424691540998185,0.2455450358080018
4119,0.4547,4,28,4,363550,242060,29170,78786,2.242209789173367,0.24555705852652052
4120,0.4548,2,18,2,363568,242042,29172,78784,2.242043054577791,0.2455661324206891
4121,0.4549,0,4,0,363572,242038,29172,78784,2.2420060024454407,0.24556919413257194
4122,0.455,205,1309,205,364881,240729,29377,78579,2.229880692133832,0.2460915479724905
4123,0.4551,1,17,1,364898,240712,29378,78578,2.2297232205713438,0.24610228945472767
4124,0.4552,9,28,9,364926,240684,29387,78569,2.2294638556448922,0.2461026208054427
4125,0.4553,3,37,3,364963,240647,29390,78566,2.229121123420653,0.24612406136341566
4126,0.4554,1,7,1,364970,240640,29391,78565,2.22905628218904,0.24612709700662583
4127,0.4555,7,28,7,364998,240612,29398,78558,2.2287969172625886,0.24613215527775167
4128,0.4556,2,9,2,365007,240603,29400,78556,2.2287135499648003,0.24613437189613954
4129,0.4557,10,64,10,365071,240539,29410,78546,2.228120715847197,0.2461601140761866
4130,0.4558,19,165,19,365236,240374,29429,78527,2.2265923153877507,0.24624256430679115
4131,0.4559,0,7,0,365243,240367,29429,78527,2.226527474156138,0.24624796954473901
4132,0.456,23,161,23,365404,240206,29452,78504,2.2250361258290416,0.24631796931379624
4133,0.4561,0,11,0,365415,240195,29452,78504,2.2249342324650785,0.24632647105889885
4134,0.4562,5,43,5,365458,240152,29457,78499,2.2245359220423135,0.2463478853039846
4135,0.4563,7,38,7,365496,240114,29464,78492,2.2241839267849866,0.246360708837875
4136,0.4564,1,18,1,365514,240096,29465,78491,2.2240171921894105,0.24637226252169736
4137,0.4565,4,38,4,365552,240058,29469,78487,2.2236651969320835,0.24639218948657177
4138,0.4566,3,10,3,365562,240048,29472,78484,2.223572566601208,0.24639282709429508
4139,0.4567,102,702,102,366264,239346,29574,78382,2.217069917373745,0.2466952865343942
4140,0.4568,8,33,8,366297,239313,29582,78374,2.2167642372818555,0.2467019424779736
4141,0.4569,1,6,1,366303,239307,29583,78373,2.2167086590833303,0.2467042306723747
4142,0.457,10,49,10,366352,239258,29593,78363,2.21625477046204,0.2467185733940766
4143,0.4571,0,18,0,366370,239240,29593,78363,2.216088035866464,0.24673255605268213
4144,0.4572,5,19,5,366389,239221,29598,78358,2.215912038237801,0.24673545794904575
4145,0.4573,5,53,5,366442,239168,29603,78353,2.2154210974841604,0.24676478091212864
4146,0.4574,1,15,1,366457,239153,29604,78352,2.215282151987847,0.24677406655013306
4147,0.4575,68,377,68,366834,238776,29672,78284,2.211789988513839,0.24690594840093358
4148,0.4576,3,11,3,366845,238765,29675,78281,2.211688095149876,0.24690738883316615
4149,0.4577,4,55,4,366900,238710,29679,78277,2.2111786283300603,0.24694072627584096
4150,0.4578,5,19,5,366919,238691,29684,78272,2.211002630701397,0.24694364957424053
4151,0.4579,3,13,3,366932,238678,29687,78269,2.2108822112712585,0.2469466503863422
4152,0.458,14,91,14,367023,238587,29701,78255,2.210039275260291,0.24698430132368815
4153,0.4581,4,4,4,367027,238583,29705,78251,2.210002223127941,0.2469779127240132
4154,0.4582,3,26,3,367053,238557,29708,78248,2.2097613842676647,0.2469910512775998
4155,0.4583,78,411,78,367464,238146,29786,78170,2.20595427766868,0.2471262914300889
4156,0.4584,2,5,2,367469,238141,29788,78168,2.2059079625032423,0.24712543746779256
4157,0.4585,4,35,4,367504,238106,29792,78164,2.2055837563451774,0.24714326366711986
4158,0.4586,3,14,3,367518,238092,29795,78161,2.2054540738819517,0.24714706263655997
4159,0.4587,8,42,8,367560,238050,29803,78153,2.2050650264922744,0.24716084287625353
4160,0.4588,3,21,3,367581,238029,29806,78150,2.204870502797436,0.24717011566233052
4161,0.4589,1,2,1,367583,238027,29807,78149,2.204851976731261,0.2471692981124437
4162,0.459,8,86,8,367669,237941,29815,78141,2.2040553558857314,0.24721749419454445
4163,0.4591,0,3,0,367672,237938,29815,78141,2.2040275667864684,0.2472198406094679
4164,0.4592,18,135,18,367807,237803,29833,78123,2.202777057319649,0.24728259149294454
4165,0.4593,3,52,3,367859,237751,29836,78120,2.202295379599096,0.24731615121362835
4166,0.4594,0,7,0,367866,237744,29836,78120,2.202230538367483,0.24732163209482563
4167,0.4595,7,25,7,367891,237719,29843,78113,2.2019989625402943,0.24732452696370222
4168,0.4596,1,13,1,367904,237706,29844,78112,2.201878543110156,0.24733232431337035
4169,0.4597,6,40,6,367944,237666,29850,78106,2.201508021786654,0.24734935333088431
4170,0.4598,6,15,6,367959,237651,29856,78100,2.2013690762903404,0.24734680175201346
4171,0.4599,1,13,1,367972,237638,29857,78099,2.2012486568602023,0.2473546020897139
4172,0.46,451,3288,451,371260,234350,30308,77648,2.1707918040683243,0.24887339021403984
4173,0.4601,1,9,1,371269,234341,30309,77647,2.170708436770536,0.24887816198058899
4174,0.4602,2,20,2,371289,234321,30311,77645,2.170523176108785,0.2488893020393248
4175,0.4603,5,35,5,371324,234286,30316,77640,2.1701989699507207,0.24890518905124934
4176,0.4604,0,10,0,371334,234276,30316,77640,2.1701063396198452,0.24891316893009657
4177,0.4605,1,25,1,371359,234251,30317,77639,2.1698747637926563,0.24893071275129053
4178,0.4606,0,4,0,371363,234247,30317,77639,2.169837711660306,0.24893390533720655
4179,0.4607,10,61,10,371424,234186,30327,77629,2.169272666641965,0.24895851706941616
4180,0.4608,19,147,19,371571,234039,30346,77610,2.1679110007780946,0.2490301589287949
4181,0.4609,1,4,1,371575,234035,30347,77609,2.1678739486457443,0.24903094556609465
4182,0.461,15,96,15,371671,233939,30362,77594,2.1669846974693394,0.2490715269329413
4183,0.4611,2,9,2,371680,233930,30364,77592,2.166901330171551,0.24907390168270618
4184,0.4612,6,29,6,371709,233901,30370,77586,2.1666327022120124,0.24908262624122354
4185,0.4613,5,31,5,371740,233870,30375,77581,2.1663455481862983,0.24909536331557774
4186,0.4614,0,9,0,371749,233861,30375,77581,2.16626218088851,0.24910256163266353
4187,0.4615,6,39,6,371788,233822,30381,77575,2.1659009225980954,0.2491192914511058
4188,0.4616,0,8,0,371796,233814,30381,77575,2.1658268183333953,0.24912569165898601
4189,0.4617,74,402,74,372198,233412,30455,77501,2.1621030790321982,0.24926908813719595
4190,0.4618,6,29,6,372227,233383,30461,77495,2.161834451072659,0.24927785176178435
4191,0.4619,4,11,4,372238,233372,30465,77491,2.1617325577086963,0.2492770127033452
4192,0.462,13,81,13,372319,233291,30478,77478,2.1609822520286044,0.24931058117122365
4193,0.4621,1,20,1,372339,233271,30479,77477,2.160796991366853,0.24932421125799684
4194,0.4622,1,14,1,372353,233257,30480,77476,2.1606673089036272,0.2493330286773532
4195,0.4623,5,42,5,372395,233215,30485,77471,2.16027826151395,0.24935465389492928
4196,0.4624,3,19,3,372414,233196,30488,77468,2.1601022638852867,0.24936265547343753
4197,0.4625,62,375,62,372789,232821,30550,77406,2.156628626477454,0.24951406550687077
4198,0.4626,2,18,2,372807,232803,30552,77404,2.156461891881878,0.24952370513882666
4199,0.4627,6,42,6,372849,232761,30558,77398,2.1560728444922006,0.2495429763443911
4200,0.4628,4,18,4,372867,232743,30562,77394,2.1559061098966246,0.24954778049700616
4201,0.4629,0,12,0,372879,232731,30562,77394,2.1557949534995737,0.24955743651753326
4202,0.463,5,56,5,372935,232675,30567,77389,2.1552762236466707,0.24959040714175137
4203,0.4631,2,10,2,372945,232665,30569,77387,2.1551835933157952,0.24959361655464243
4204,0.4632,7,29,7,372974,232636,30576,77380,2.154914965356256,0.24960002064409578
4205,0.4633,110,731,110,373705,231905,30686,77270,2.148143688169254,0.24992318266354008
4206,0.4634,1,1,1,373706,231904,30687,77269,2.1481344251361665,0.24992156494907383
4207,0.4635,7,51,7,373757,231853,30694,77262,2.1476620104487014,0.2499458130469243
4208,0.4636,1,13,1,373770,231840,30695,77261,2.147541591018563,0.24995389856389982
4209,0.4637,4,38,4,373808,231802,30699,77257,2.147189595761236,0.2499749238818478
4210,0.4638,5,19,5,373827,231783,30704,77252,2.1470135981325726,0.24997815781383986
4211,0.4639,1,1,1,373828,231782,30705,77251,2.147004335099485,0.24997653972229503
4212,0.464,24,154,24,373982,231628,30729,77227,2.1455778280040017,0.2500429003901507
4213,0.4641,0,14,0,373996,231614,30729,77227,2.145448145540776,0.2500542350270851
4214,0.4642,20,145,20,374141,231469,30749,77207,2.1441050057430804,0.2501231064287473
4215,0.4643,8,57,8,374198,231412,30757,77199,2.14357701285709,0.25014986504045544
4216,0.4644,0,8,0,374206,231404,30757,77199,2.1435029085923896,0.25015634974384565
4217,0.4645,6,19,6,374225,231385,30763,77193,2.143326910963726,0.2501571725787321
4218,0.4646,1,13,1,374238,231372,30764,77192,2.1432064915335878,0.25016528175678304
4219,0.4647,5,44,5,374282,231328,30769,77187,2.1427989180777356,0.2501888076754777
4220,0.4648,2,15,2,374297,231313,30771,77185,2.142659972581422,0.25019611148208415
4221,0.4649,1,7,1,374304,231306,30772,77184,2.1425951313498093,0.25019935816395994
4222,0.465,186,1290,186,375594,230016,30958,76998,2.1306458186668644,0.2507963806210792
4223,0.4651,0,5,0,375599,230011,30958,76998,2.1305995035014265,0.25080046513294396
4224,0.4652,6,25,6,375624,229986,30964,76992,2.1303679276742375,0.250806246701718
4225,0.4653,1,42,1,375666,229944,30965,76991,2.1299788802845603,0.2508381253359832
4226,0.4654,1,5,1,375671,229939,30966,76990,2.1299325651191228,0.25083977076131614
4227,0.4655,3,27,3,375698,229912,30969,76987,2.1296824632257585,0.25085451565498745
4228,0.4656,0,5,0,375703,229907,30969,76987,2.129636148060321,0.25085860264456133
4229,0.4657,13,53,13,375756,229854,30982,76974,2.1291452073066806,0.25087019437600216
4230,0.4658,22,138,22,375894,229716,31004,76952,2.127866908740598,0.2509293437854618
4231,0.4659,0,2,0,375896,229714,31004,76952,2.127848382674423,0.25093098028473976
4232,0.466,22,147,22,376043,229567,31026,76930,2.1264867168105526,0.25099756278201746
4233,0.4661,0,15,0,376058,229552,31026,76930,2.126347771314239,0.2510098472340953
4234,0.4662,0,28,0,376086,229524,31026,76930,2.1260884063877876,0.25103278142886043
4235,0.4663,6,32,6,376118,229492,31032,76924,2.125791989328986,0.2510443318886742
4236,0.4664,3,17,3,376135,229475,31035,76921,2.1256345177664975,0.251050927557801
4237,0.4665,8,35,8,376170,229440,31043,76913,2.125310311608433,0.251060051639775
4238,0.4666,0,1,0,376171,229439,31043,76913,2.1253010485753454,0.25106087115475006
4239,0.4667,117,706,117,376877,228733,31160,76796,2.1187613472155324,0.2513542086021294
4240,0.4668,2,30,2,376907,228703,31162,76794,2.1184834562229056,0.25137399057928556
4241,0.4669,1,10,1,376917,228693,31163,76793,2.11839082589203,0.25137976863096834
4242,0.467,4,51,4,376968,228642,31167,76789,2.117918411204565,0.2514119391941224
4243,0.4671,2,21,2,376989,228621,31169,76787,2.1177238875097264,0.2514243241827326
4244,0.4672,2,20,2,377009,228601,31171,76785,2.117538626847975,0.25143588769622705
4245,0.4673,10,60,10,377069,228541,31181,76775,2.1169828448627217,0.25146078161642366
4246,0.4674,3,13,3,377082,228528,31184,76772,2.1168624254325836,0.2514641336390436
4247,0.4675,57,408,57,377490,228120,31241,76715,2.1130831079328614,0.2516607344957108
4248,0.4676,3,12,3,377502,228108,31244,76712,2.112971951535811,0.25166327668788135
4249,0.4677,5,36,5,377538,228072,31249,76707,2.112638482344659,0.251680726034274
4250,0.4678,4,22,4,377560,228050,31253,76703,2.1124346956167326,0.25168907279009556
4251,0.4679,5,19,5,377579,228031,31258,76698,2.1122586979880693,0.25169248742325145
4252,0.468,14,115,14,377694,227916,31272,76684,2.1111934491830007,0.25175311884438606
4253,0.4681,0,4,0,377698,227912,31272,76684,2.1111563970506504,0.251756424903807
4254,0.4682,2,19,2,377717,227893,31274,76682,2.1109803994219867,0.25176721661331364
4255,0.4683,75,385,75,378102,227508,31349,76607,2.1074141316832784,0.2519014188711507
4256,0.4684,0,3,0,378105,227505,31349,76607,2.107386342584016,0.2519039038249066
4257,0.4685,13,30,13,378135,227475,31362,76594,2.107108451591389,0.25189677342971495
4258,0.4686,3,15,3,378150,227460,31365,76591,2.106969506095076,0.2519018191027163
4259,0.4687,8,37,8,378187,227423,31373,76583,2.106626773870836,0.2519127911949106
4260,0.4688,4,20,4,378207,227403,31377,76579,2.1064415132090852,0.25191952155061814
4261,0.4689,1,6,1,378213,227397,31378,76578,2.10638593501056,0.25192203306192945
4262,0.469,15,97,15,378310,227300,31393,76563,2.105487420801067,0.2519655239367741
4263,0.4691,0,5,0,378315,227295,31393,76563,2.1054411056356295,0.2519696700432439
4264,0.4692,30,133,30,378448,227162,31423,76533,2.104209122234985,0.252006124565765
4265,0.4693,15,56,15,378504,227106,31438,76518,2.1036903923820818,0.2520156509366848
4266,0.4694,0,9,0,378513,227097,31438,76518,2.1036070250842935,0.2520231213872832
4267,0.4695,3,20,3,378533,227077,31441,76515,2.1034217644225426,0.25203233286779625
4268,0.4696,3,8,3,378541,227069,31444,76512,2.103347660157842,0.25203158300420647
4269,0.4697,7,23,7,378564,227046,31451,76505,2.1031346103968285,0.252033430955589
4270,0.4698,5,19,5,378583,227027,31456,76500,2.1029586127681648,0.25203688633960075
4271,0.4699,1,5,1,378588,227022,31457,76499,2.1029122976027272,0.25203857393722345
4272,0.47,503,3141,503,381729,223881,31960,75996,2.073817110674719,0.25342390380055824
4273,0.4701,0,3,0,381732,223878,31960,75996,2.0737893215754566,0.25342643910442386
4274,0.4702,0,25,0,381757,223853,31960,75996,2.0735577457482677,0.2534475686095335
4275,0.4703,5,35,5,381792,223818,31965,75991,2.0732335395902033,0.2534647058627326
4276,0.4704,0,16,0,381808,223802,31965,75991,2.0730853310608026,0.25347823331432023
4277,0.4705,3,28,3,381836,223774,31968,75988,2.072825966134351,0.25349443892154444
4278,0.4706,1,4,1,381840,223770,31969,75987,2.072788914002001,0.2534953312182868
4279,0.4707,11,63,11,381903,223707,31980,75976,2.072205342917485,0.2535212207565995
4280,0.4708,33,166,33,382069,223541,32013,75943,2.070667679424951,0.25357949005623004
4281,0.4709,2,4,2,382073,223537,32015,75941,2.0706306272926005,0.2535778921990931
4282,0.471,13,80,13,382153,223457,32028,75928,2.0698895846455962,0.2536132404763098
4283,0.4711,1,9,1,382162,223448,32029,75927,2.0698062173478085,0.25361837160751566
4284,0.4712,5,17,5,382179,223431,32034,75922,2.06964874578532,0.25362030779714917
4285,0.4713,6,42,6,382221,223389,32040,75916,2.069259698395643,0.25364093483236166
4286,0.4714,1,8,1,382229,223381,32041,75915,2.0691855941309423,0.2536452207847749
4287,0.4715,4,43,4,382272,223338,32045,75911,2.0687872837081773,0.2536716914676407
4288,0.4716,0,5,0,382277,223333,32045,75911,2.06874096854274,0.2536759300102926
4289,0.4717,51,458,51,382735,222875,32096,75860,2.0644984993886397,0.25393743618926473
4290,0.4718,4,20,4,382755,222855,32100,75856,2.0643132387268888,0.2539444479781461
4291,0.4719,3,11,3,382766,222844,32103,75853,2.0642113453629256,0.2539463067925021
4292,0.472,11,90,11,382856,222754,32114,75842,2.063377672385046,0.2539953649747485
4293,0.4721,2,28,2,382884,222726,32116,75840,2.0631183074585944,0.2540141878177689
4294,0.4722,3,15,3,382899,222711,32119,75837,2.062979361962281,0.2540194541581253
4295,0.4723,6,34,6,382933,222677,32125,75831,2.0626644188373042,0.25403339273989306
4296,0.4724,0,7,0,382940,222670,32125,75831,2.0625995776056913,0.25403934995192645
4297,0.4725,62,347,62,383287,222323,32187,75769,2.05938530512431,0.2541799176093287
4298,0.4726,2,8,2,383295,222315,32189,75767,2.0593112008596095,0.2541817352272194
4299,0.4727,11,56,11,383351,222259,32200,75756,2.0587924710067065,0.25420196969951175
4300,0.4728,3,19,3,383370,222240,32203,75753,2.0586164733780428,0.25421066937813974
4301,0.4729,1,14,1,383384,222226,32204,75752,2.058486790914817,0.25422011020947854
4302,0.473,6,61,6,383445,222165,32210,75746,2.0579217458964765,0.25425714391210796
4303,0.4731,1,9,1,383454,222156,32211,75745,2.0578383785986882,0.25426232204658594
4304,0.4732,2,35,2,383489,222121,32213,75743,2.057514172440624,0.25428719146993256
4305,0.4733,123,651,123,384140,221470,32336,75620,2.051483937900626,0.25453566259382676
4306,0.4734,2,9,2,384149,221461,32338,75618,2.051400570602838,0.2545383551176623
4307,0.4735,6,28,6,384177,221433,32344,75612,2.0511412056763865,0.25454729081452304
4308,0.4736,1,12,1,384189,221421,32345,75611,2.051030049279336,0.25455506477416573
4309,0.4737,8,30,8,384219,221391,32353,75603,2.050752158286709,0.25456069819592314
4310,0.4738,3,24,3,384243,221367,32356,75600,2.050529845492608,0.25457374051662307
4311,0.4739,1,8,1,384251,221359,32357,75599,2.050455741227908,0.25457808848389335
4312,0.474,23,138,23,384389,221221,32380,75576,2.049177442661825,0.2546386924396136
4313,0.4741,2,5,2,384394,221216,32382,75574,2.0491311274963873,0.25463795949998314
4314,0.4742,35,139,35,384533,221077,32417,75539,2.0478435658972174,0.2546693367856083
4315,0.4743,9,52,9,384585,221025,32426,75530,2.0473618881766646,0.2546913725953027
4316,0.4744,0,16,0,384601,221009,32426,75530,2.0472136796472635,0.25470511467294354
4317,0.4745,0,33,0,384634,220976,32426,75530,2.0469079995553745,0.25473346239199207
4318,0.4746,2,2,2,384636,220974,32428,75528,2.046889473489199,0.25473015359086953
4319,0.4747,8,43,8,384679,220931,32436,75520,2.0464911630664346,0.25474699022772734
4320,0.4748,4,25,4,384704,220906,32440,75516,2.0462595872392457,0.2547584187408492
4321,0.4749,4,4,4,384708,220902,32444,75512,2.0462225351068954,0.25475179984751056
4322,0.475,216,1249,216,385957,219653,32660,75296,2.03465300678054,0.2552848119505406
4323,0.4751,3,6,3,385963,219647,32663,75293,2.034597428582015,0.25528243032481185
4324,0.4752,1,16,1,385979,219631,32664,75292,2.034449220052614,0.2552937546410419
4325,0.4753,6,43,6,386022,219588,32670,75286,2.0340509096298494,0.2553158298120553
4326,0.4754,2,8,2,386030,219580,32672,75284,2.033976805365149,0.25531770578978785
4327,0.4755,1,31,1,386061,219549,32673,75283,2.0336896513394347,0.25534202528897815
4328,0.4756,0,7,0,386068,219542,32673,75283,2.033624810107822,0.2553480878487238
4329,0.4757,10,71,10,386139,219471,32683,75273,2.0329671347586054,0.25538433352332873
4330,0.4758,25,141,25,386280,219330,32708,75248,2.03166104709326,0.2554433800215902
4331,0.4759,2,7,2,386287,219323,32710,75246,2.0315962058616472,0.25544439503138483
4332,0.476,18,134,18,386421,219189,32728,75228,2.030354959427915,0.255515136693873
4333,0.4761,1,4,1,386425,219185,32729,75227,2.030317907295565,0.2555160795076288
4334,0.4762,4,27,4,386452,219158,32733,75223,2.0300678054022008,0.25552939897615673
4335,0.4763,4,27,4,386479,219131,32737,75219,2.029817703508837,0.2555427212502123
4336,0.4764,0,5,0,386484,219126,32737,75219,2.029771388343399,0.2555470621209805
4337,0.4765,6,34,6,386518,219092,32743,75213,2.0294564452184223,0.2555614073834967
4338,0.4766,0,2,0,386520,219090,32743,75213,2.0294379191522474,0.25556314410658404
4339,0.4767,104,712,104,387232,218378,32847,75109,2.0228426395939088,0.2559193422536603
4340,0.4768,5,21,5,387253,218357,32852,75104,2.02264811589907,0.25592497810611975
4341,0.4769,0,11,0,387264,218346,32852,75104,2.022546222535107,0.25593457147725335
4342,0.477,5,51,5,387315,218295,32857,75099,2.0220738078476415,0.25596637968056607
4343,0.4771,1,19,1,387334,218276,32858,75098,2.021897810218978,0.25598042089619394
4344,0.4772,2,14,2,387348,218262,32860,75096,2.0217681277557524,0.25598756468206085
4345,0.4773,9,47,9,387395,218215,32869,75087,2.021332765200637,0.2560057551602103
4346,0.4774,2,1,2,387396,218214,32871,75085,2.0213235021675495,0.2560015547274283
4347,0.4775,56,361,56,387757,217853,32927,75029,2.0179795472229425,0.25617484174513966
4348,0.4776,1,4,1,387761,217849,32928,75028,2.0179424950905926,0.2561758007627776
4349,0.4777,5,49,5,387810,217800,32933,75023,2.0174886064693025,0.256205967427422
4350,0.4778,1,24,1,387834,217776,32934,75022,2.017266293675201,0.2562244277624847
4351,0.4779,0,9,0,387843,217767,32934,75022,2.017182926377413,0.2562323038092278
4352,0.478,19,103,19,387946,217664,32953,75003,2.016228833969395,0.25627419558747655
4353,0.4781,0,2,0,387948,217662,32953,75003,2.01621030790322,0.2562759469017477
4354,0.4782,3,21,3,387969,217641,32956,75000,2.0160157842083812,0.2562867130716475
4355,0.4783,71,370,71,388339,217271,33027,74929,2.012588461965986,0.2564305270362765
4356,0.4784,1,8,1,388347,217263,33028,74928,2.012514357701286,0.2564350031315133
4357,0.4785,6,36,6,388383,217227,33034,74922,2.0121808885101338,0.2564513313411992
4358,0.4786,2,13,2,388396,217214,33036,74920,2.0120604690799957,0.2564576529948585
4359,0.4787,5,44,5,388440,217170,33041,74915,2.011652895624143,0.2564835578684287
4360,0.4788,2,28,2,388468,217142,33043,74913,2.0113935306976916,0.25650305593124584
4361,0.4789,1,6,1,388474,217136,33044,74912,2.0113379524991664,0.2565057798718019
4362,0.479,12,99,12,388573,217037,33056,74900,2.0104209122234984,0.25656220348910896
4363,0.4791,0,4,0,388577,217033,33056,74900,2.010383860091148,0.25656571884644763
4364,0.4792,28,154,28,388731,216879,33084,74872,2.008957352995665,0.25662979732717284
4365,0.4793,16,46,16,388777,216833,33100,74856,2.0085312534736373,0.25662949237029853
4366,0.4794,0,9,0,388786,216824,33100,74856,2.0084478861758495,0.2566374108612178
4367,0.4795,5,34,5,388820,216790,33105,74851,2.0081329430508728,0.2566545856035331
4368,0.4796,2,8,2,388828,216782,33107,74849,2.008058838786172,0.2566565282840302
4369,0.4797,8,28,8,388856,216754,33115,74841,2.0077994738597207,0.25666077950582145
4370,0.4798,1,17,1,388873,216737,33116,74840,2.0076420022972323,0.2566731943877604
4371,0.4799,2,13,2,388886,216724,33118,74838,2.007521582867094,0.2566795398577318
4372,0.48,491,3188,491,392074,213536,33609,74347,1.9779910333839712,0.2582542213329721
4373,0.4801,2,8,2,392082,213528,33611,74345,1.9779169291192709,0.25825624494134564
4374,0.4802,4,31,4,392113,213497,33615,74341,1.9776297750935565,0.2582737512072763
4375,0.4803,16,26,16,392139,213471,33631,74325,1.9773889362332802,0.25825584789225703
4376,0.4804,1,17,1,392156,213454,33632,74324,1.9772314646707918,0.25826852643357034
4377,0.4805,3,16,3,392172,213438,33635,74321,1.977083256141391,0.25827515386139094
4378,0.4806,5,8,5,392180,213430,33640,74316,1.9770091518766906,0.2582694459697094
4379,0.4807,8,51,8,392231,213379,33648,74308,1.9765367371892253,0.25829460490046474
4380,0.4808,29,125,29,392356,213254,33677,74279,1.975378858053281,0.2583320870995677
4381,0.4809,0,6,0,392362,213248,33677,74279,1.9753232798547555,0.25833747787164335
4382,0.481,12,76,12,392438,213172,33689,74267,1.9746192893401016,0.2583748203966755
4383,0.4811,0,11,0,392449,213161,33689,74267,1.9745173959761384,0.2583847085183072
4384,0.4812,5,37,5,392486,213124,33694,74262,1.9741746637518989,0.25840507192417167
4385,0.4813,3,33,3,392519,213091,33697,74259,1.9738689836600096,0.25842700539411867
4386,0.4814,3,12,3,392531,213079,33700,74256,1.973757827262959,0.25843005551011883
4387,0.4815,4,30,4,392561,213049,33704,74252,1.9734799362703324,0.2584467161617955
4388,0.4816,0,2,0,392563,213047,33704,74252,1.9734614102041572,0.258448515309834
4389,0.4817,72,384,72,392947,212663,33776,74180,1.9699044054985364,0.2586083676436239
4390,0.4818,5,23,5,392970,212640,33781,74175,1.9696913557375226,0.25861618116207313
4391,0.4819,1,10,1,392980,212630,33782,74174,1.9695987254066472,0.2586226133526729
4392,0.482,10,76,10,393056,212554,33792,74164,1.968894734891993,0.25866530877029
4393,0.4821,2,14,2,393070,212540,33794,74162,1.9687650524287672,0.25867276824019364
4394,0.4822,2,22,2,393092,212518,33796,74160,1.9685612657008411,0.25868744724045795
4395,0.4823,6,42,6,393134,212476,33802,74154,1.9681722183111638,0.25870983497889266
4396,0.4824,1,11,1,393145,212465,33803,74153,1.9680703249472007,0.25871717756735446
4397,0.4825,48,357,48,393502,212108,33851,74105,1.964763422134944,0.25891556288498424
4398,0.4826,1,10,1,393512,212098,33852,74104,1.9646707918040682,0.25892202011166937
4399,0.4827,7,63,7,393575,212035,33859,74097,1.9640872207195523,0.25896089916542014
4400,0.4828,2,13,2,393588,212022,33861,74095,1.9639668012894143,0.25896748532942815
4401,0.4829,2,22,2,393610,212000,33863,74093,1.963763014561488,0.25898221906862456
4402,0.483,15,55,15,393665,211945,33878,74078,1.9632535477416726,0.25899315789289673
4403,0.4831,0,6,0,393671,211939,33878,74078,1.9631979695431472,0.25899859099284306
4404,0.4832,2,28,2,393699,211911,33880,74076,1.9629386046166957,0.25901876658729245
4405,0.4833,105,709,105,394408,211202,33985,73971,1.9563711141576197,0.25938991419243757
4406,0.4834,1,8,1,394416,211194,33986,73970,1.9562970098929193,0.25939459398802095
4407,0.4835,3,37,3,394453,211157,33989,73967,1.9559542776686798,0.25942046267588836
4408,0.4836,2,7,2,394460,211150,33991,73965,1.955889436437067,0.25942163688336284
4409,0.4837,5,35,5,394495,211115,33996,73960,1.9555652302790025,0.25944049811453124
4410,0.4838,3,37,3,394532,211078,33999,73957,1.955222498054763,0.2594663813215921
4411,0.4839,3,7,3,394539,211071,34002,73954,1.9551576568231501,0.259464959214104
4412,0.484,24,119,24,394658,210952,34026,73930,1.9540553558857312,0.2595109554131184
4413,0.4841,1,4,1,394662,210948,34027,73929,1.954018303753381,0.25951199991575313
4414,0.4842,33,145,33,394807,210803,34060,73896,1.9526751639556856,0.2595583405631913
4415,0.4843,5,57,5,394864,210746,34065,73891,1.9521471710696952,0.2595973116636277
4416,0.4844,2,8,2,394872,210738,34067,73889,1.9520730668049946,0.259599405537774
4417,0.4845,5,39,5,394911,210699,34072,73884,1.95171180851458,0.25962197320289687
4418,0.4846,2,13,2,394924,210686,34074,73882,1.9515913890844419,0.25962863006381603
4419,0.4847,5,55,5,394979,210631,34079,73877,1.9510819222646263,0.25966580904579134
4420,0.4848,5,23,5,395002,210608,34084,73872,1.9508688725036125,0.259673790776153
4421,0.4849,0,3,0,395005,210605,34084,73872,1.95084108340435,0.25967652920974277
4422,0.485,220,1267,220,396272,209338,34304,73652,1.9391048204824188,0.2602636135552493
4423,0.4851,0,5,0,396277,209333,34304,73652,1.939058505316981,0.2602682120960475
4424,0.4852,4,20,4,396297,209313,34308,73648,1.93887324465523,0.2602761511303678
4425,0.4853,7,37,7,396334,209276,34315,73641,1.9385305124309904,0.26029188772678913
4426,0.4854,1,8,1,396342,209268,34316,73640,1.93845640816629,0.2602966335345766
4427,0.4855,6,32,6,396374,209236,34322,73634,1.9381599911074883,0.2603103899317708
4428,0.4856,2,11,2,396385,209225,34324,73632,1.938058097743525,0.26031528298751666
4429,0.4857,9,52,9,396437,209173,34333,73623,1.9375764200229724,0.2603396087639146
4430,0.4858,20,144,20,396581,209029,34353,73603,1.9362425432583645,0.2604199099889609
4431,0.4859,0,1,0,396582,209028,34353,73603,1.9362332802252769,0.2604208314020755
4432,0.486,19,155,19,396737,208873,34372,73584,1.934797510096706,0.2605139897400312
4433,0.4861,0,8,0,396745,208865,34372,73584,1.9347234058320055,0.2605213684594387
4434,0.4862,5,21,5,396766,208844,34377,73579,1.934528882137167,0.26052764824394614
4435,0.4863,5,22,5,396788,208822,34382,73574,1.9343250954092408,0.26053485176843866
4436,0.4864,2,13,2,396801,208809,34384,73572,1.9342046759791025,0.26054160867763765
4437,0.4865,5,34,5,396835,208775,34389,73567,1.9338897328541258,0.26055988836234073
4438,0.4866,0,2,0,396837,208773,34389,73567,1.9338712067879507,0.26056173407947864
4439,0.4867,93,652,93,397489,208121,34482,73474,1.9278317092148654,0.26092082600898453
4440,0.4868,3,23,3,397512,208098,34485,73471,1.9276186594538516,0.26093426478056886
4441,0.4869,3,8,3,397520,208090,34488,73468,1.9275445551891512,0.2609338040474787
4442,0.487,8,62,8,397582,208028,34496,73460,1.9269702471377228,0.26097027226737907
4443,0.4871,5,21,5,397603,208007,34501,73455,1.9267757234428842,0.2609766149604565
4444,0.4872,1,30,1,397633,207977,34502,73454,1.9264978324502575,0.2610018086138343
4445,0.4873,7,44,7,397677,207933,34509,73447,1.9260902589944051,0.26102423768569194
4446,0.4874,1,12,1,397689,207921,34510,73446,1.9259791025973545,0.2610327437119492
4447,0.4875,43,355,43,398044,207566,34553,73403,1.9226907258512727,0.2612494616843851
4448,0.4876,1,12,1,398056,207554,34554,73402,1.922579569454222,0.2612579905750367
4449,0.4877,9,38,9,398094,207516,34563,73393,1.922227574196895,0.26126966384131517
4450,0.4878,1,22,1,398116,207494,34564,73392,1.9220237874689687,0.2612874974188817
4451,0.4879,2,16,2,398132,207478,34566,73390,1.921875578939568,0.261297121779626
4452,0.488,18,93,18,398225,207385,34584,73372,1.9210141168624255,0.2613363157463572
4453,0.4881,1,14,1,398239,207371,34585,73371,1.9208844343991998,0.2613467169144624
4454,0.4882,3,27,3,398266,207344,34588,73368,1.9206343325058357,0.26136396021545216
4455,0.4883,61,399,61,398665,206945,34649,73307,1.9169383823039017,0.2615752965188473
4456,0.4884,0,5,0,398670,206940,34649,73307,1.9168920671384637,0.2615799633894386
4457,0.4885,11,31,11,398701,206909,34660,73296,1.9166049131127496,0.26157991470530506
4458,0.4886,5,16,5,398717,206893,34665,73291,1.9164567045833487,0.26158167489935186
4459,0.4887,11,31,11,398748,206862,34676,73280,1.9161695505576346,0.2615816264608663
4460,0.4888,5,14,5,398762,206848,34681,73275,1.9160398680944088,0.2615815195467705
4461,0.4889,1,7,1,398769,206841,34682,73274,1.915975026862796,0.2615854202738161
4462,0.489,19,74,19,398843,206767,34701,73255,1.915289562414317,0.26160444536500704
4463,0.4891,1,7,1,398850,206760,34702,73254,1.915224721182704,0.2616083481540209
4464,0.4892,14,146,14,398996,206614,34716,73240,1.913872318351921,0.261707890542926
4465,0.4893,8,53,8,399049,206561,34724,73232,1.9133813775982809,0.26173635509108517
4466,0.4894,0,11,0,399060,206550,34724,73232,1.9132794842343177,0.26174664560264777
4467,0.4895,4,23,4,399083,206527,34728,73228,1.913066434473304,0.2617576093367411
4468,0.4896,1,11,1,399094,206516,34729,73227,1.9129645411093408,0.2617652631165034
4469,0.4897,3,36,3,399130,206480,34732,73224,1.912631071918189,0.26179103623830907
4470,0.4898,2,19,2,399149,206461,34734,73222,1.9124550742895254,0.26180354186704236
4471,0.4899,2,5,2,399154,206456,34736,73220,1.9124087591240877,0.2618029434059412
4472,0.49,475,3071,475,402225,203385,35211,72745,1.8839619845122086,0.2634447542824032
4473,0.4901,0,8,0,402233,203377,35211,72745,1.8838878802475083,0.2634523869883602
4474,0.4902,4,22,4,402255,203355,35215,72741,1.883684093519582,0.2634627086230876
4475,0.4903,7,23,7,402278,203332,35222,72734,1.8834710437585682,0.26346598277223565
4476,0.4904,2,10,2,402288,203322,35224,72732,1.8833784134276927,0.2634701906148797
4477,0.4905,4,18,4,402306,203304,35228,72728,1.8832116788321167,0.26347669835381404
4478,0.4906,1,9,1,402315,203295,35229,72727,1.8831283115343287,0.26348262095050395
4479,0.4907,6,56,6,402371,203239,35235,72721,1.8826095816814257,0.2635200753732425
4480,0.4908,16,125,16,402496,203114,35251,72705,1.8814517025454816,0.26359677904712875
4481,0.4909,0,6,0,402502,203108,35251,72705,1.8813961243469561,0.2636025132970527
4482,0.491,6,77,6,402579,203031,35257,72699,1.8806828707992145,0.26366010227396364
4483,0.4911,4,5,4,402584,203026,35261,72695,1.8806365556337767,0.26365420116712185
4484,0.4912,2,25,2,402609,203001,35263,72693,1.8804049798065878,0.2636727676336808
4485,0.4913,4,39,4,402648,202962,35267,72689,1.8800437215161732,0.2636993879942391
4486,0.4914,1,18,1,402666,202944,35268,72688,1.8798769869205973,0.26371393742381144
4487,0.4915,7,37,7,402703,202907,35275,72681,1.8795342546963578,0.2637306413922232
4488,0.4916,0,3,0,402706,202904,35275,72681,1.8795064655970952,0.263733512346463
4489,0.4917,64,365,64,403071,202539,35339,72617,1.876125458520138,0.2639121080405297
4490,0.4918,2,17,2,403088,202522,35341,72615,1.8759679869576493,0.26392306378277003
4491,0.4919,1,12,1,403100,202510,35342,72614,1.8758568305605987,0.2639318997979093
4492,0.492,12,87,12,403187,202423,35354,72602,1.8750509466819816,0.26398327424779566
4493,0.4921,3,12,3,403199,202411,35357,72599,1.874939790284931,0.26398676411766847
4494,0.4922,3,22,3,403221,202389,35360,72596,1.8747360035570046,0.26399985453752023
4495,0.4923,4,32,4,403253,202357,35364,72592,1.874439586498203,0.2640198727764058
4496,0.4924,3,14,3,403267,202343,35367,72589,1.874309904034977,0.26402528625260063
4497,0.4925,63,328,63,403595,202015,35430,72526,1.8712716291822595,0.26417183590064874
4498,0.4926,1,7,1,403602,202008,35431,72525,1.8712067879506467,0.26417589142288905
4499,0.4927,8,60,8,403662,201948,35439,72517,1.8706510059653934,0.2642121946331955
4500,0.4928,6,15,6,403677,201933,35445,72511,1.87051206046908,0.2642105493288248
4501,0.4929,2,17,2,403694,201916,35447,72509,1.8703545889065916,0.26422155415869547
4502,0.493,15,62,15,403756,201854,35462,72494,1.8697802808551631,0.2642410369311969
4503,0.4931,3,9,3,403765,201845,35465,72491,1.8696969135573753,0.2642416598623586
4504,0.4932,3,32,3,403797,201813,35468,72488,1.8694004964985735,0.26426443942967764
4505,0.4933,126,623,126,404420,201190,35594,72362,1.8636296268850272,0.2645274024682693
4506,0.4934,1,6,1,404426,201184,35595,72361,1.863574048686502,0.26453051600285143
4507,0.4935,6,39,6,404465,201145,35601,72355,1.8632127903960873,0.26455210237659965
4508,0.4936,3,10,3,404475,201135,35604,72352,1.8631201600652119,0.2645537082201348
4509,0.4937,2,15,2,404490,201120,35606,72350,1.8629812145688984,0.264562840530954
4510,0.4938,12,31,12,404521,201089,35618,72338,1.8626940605431843,0.26456055912547044
4511,0.4939,4,9,4,404530,201080,35622,72334,1.8626106932453963,0.26455850834265987
4512,0.494,31,122,31,404652,200958,35653,72303,1.8614806032087146,0.26459319112496843
4513,0.4941,0,6,0,404658,200952,35653,72303,1.8614250250101894,0.2645990009331943
4514,0.4942,30,134,30,404792,200818,35683,72273,1.860183778576457,0.26464804772035694
4515,0.4943,9,46,9,404838,200772,35692,72264,1.8597576790544297,0.2646683953764339
4516,0.4944,3,6,3,404844,200766,35695,72261,1.8597021008559043,0.2646661319210188
4517,0.4945,8,22,8,404866,200744,35703,72253,1.8594983141279782,0.2646659120796199
4518,0.4946,0,12,0,404878,200732,35703,72253,1.8593871577309273,0.26467754638533253
4519,0.4947,6,31,6,404909,200701,35709,72247,1.8591000037052132,0.26469144305875114
4520,0.4948,6,25,6,404934,200676,35715,72241,1.8588684278780243,0.2646995240311157
4521,0.4949,2,14,2,404948,200662,35717,72239,1.8587387454147986,0.2647077145191846
4522,0.495,188,1153,188,406101,199509,35905,72051,1.8480584682648487,0.2653225806451613
4523,0.4951,1,5,1,406106,199504,35906,72050,1.848012153099411,0.2653247604528013
4524,0.4952,4,28,4,406134,199476,35910,72046,1.8477527881729594,0.26534129831100245
4525,0.4953,3,38,3,406172,199438,35913,72043,1.8474007929156322,0.26537032057492055
4526,0.4954,3,11,3,406183,199427,35916,72040,1.8472988995516693,0.2653729550921475
4527,0.4955,5,24,5,406207,199403,35921,72035,1.8470765867575678,0.26538288669972515
4528,0.4956,1,5,1,406212,199398,35922,72034,1.84703027159213,0.2653850688201833
4529,0.4957,14,58,14,406270,199340,35936,72020,1.846493015673052,0.26540389150943394
4530,0.4958,13,147,13,406417,199193,35949,72007,1.8451313498091815,0.26551253687315635
4531,0.4959,0,5,0,406422,199188,35949,72007,1.8450850346437437,0.26551743210604917
4532,0.496,20,143,20,406565,199045,35969,71987,1.8437604209122236,0.2656033235927861
4533,0.4961,2,3,2,406568,199042,35971,71985,1.8437326318129608,0.2656008441963347
4534,0.4962,7,42,7,406610,199000,35978,71978,1.8433435844232835,0.2656230395087424
4535,0.4963,4,39,4,406649,198961,35982,71974,1.842982326132869,0.2656504327606252
4536,0.4964,4,8,4,406657,198953,35986,71970,1.8429082218681685,0.26564743488002124
4537,0.4965,6,30,6,406687,198923,35992,71964,1.8426303308755418,0.26566058910172874
4538,0.4966,1,5,1,406692,198918,35993,71963,1.842584015710104,0.2656627818119396
4539,0.4967,110,649,110,407341,198269,36103,71853,1.8365723072362814,0.2660020287129519
4540,0.4968,4,36,4,407377,198233,36107,71849,1.8362388380451296,0.26602661413940953
4541,0.4969,2,10,2,407387,198223,36109,71847,1.8361462077142539,0.26603102899248343
4542,0.497,8,51,8,407438,198172,36117,71839,1.8356737930267888,0.26605953090800005
4543,0.4971,6,17,6,407455,198155,36123,71833,1.8355163214643002,0.2660599730358386
4544,0.4972,4,18,4,407473,198137,36127,71829,1.8353495868687244,0.2660668380462725
4545,0.4973,9,52,9,407525,198085,36136,71820,1.8348679091481714,0.26609362553491045
4546,0.4974,2,2,2,407527,198083,36138,71818,1.8348493830819963,0.2660901589842201
4547,0.4975,61,331,61,407858,197752,36199,71757,1.831783319130016,0.2662508487657184
4548,0.4976,1,11,1,407869,197741,36200,71756,1.8316814257660528,0.2662589936066079
4549,0.4977,4,61,4,407930,197680,36204,71752,1.831116380747712,0.2663083820778527
4550,0.4978,6,12,6,407942,197668,36210,71746,1.8310052243506614,0.2663039040287439
4551,0.4979,1,9,1,407951,197659,36211,71745,1.8309218570528734,0.26631007705898946
4552,0.498,26,79,26,408030,197580,36237,71719,1.8301900774389566,0.26631736471357115
4553,0.4981,1,5,1,408035,197575,36238,71718,1.8301437622735188,0.2663195849873558
4554,0.4982,6,31,6,408066,197544,36244,71712,1.8298566082478047,0.26633389785185846
4555,0.4983,60,359,60,408425,197185,36304,71652,1.8265311793693728,0.2665258130391278
4556,0.4984,3,10,3,408435,197175,36307,71649,1.8264385490384971,0.2665275421837336
4557,0.4985,9,29,9,408464,197146,36316,71640,1.8261699210789581,0.26653173900426363
4558,0.4986,1,10,1,408474,197136,36317,71639,1.8260772907480824,0.266538926611478
4559,0.4987,5,32,5,408506,197104,36322,71634,1.8257808736892809,0.26655701835988954
4560,0.4988,5,24,5,408530,197080,36327,71629,1.8255585608951794,0.2665671786207384
4561,0.4989,0,8,0,408538,197072,36327,71629,1.825484456630479,0.26657511509075144
4562,0.499,15,73,15,408611,196999,36342,71614,1.8248082552150877,0.26660660504145367
4563,0.4991,0,7,0,408618,196992,36342,71614,1.8247434139834748,0.266613552936271
4564,0.4992,17,129,17,408747,196863,36359,71597,1.8235484827151802,0.2666952246144677
4565,0.4993,8,54,8,408801,196809,36367,71589,1.8230482789284523,0.2667270247915409
4566,0.4994,3,5,3,408806,196804,36370,71586,1.8230019637630146,0.2667237974589217
4567,0.4995,5,14,5,408820,196790,36375,71581,1.8228722812997888,0.26672404991597454
4568,0.4996,3,9,3,408829,196781,36378,71578,1.8227889140020008,0.2667247977522647
4569,0.4997,6,24,6,408853,196757,36384,71572,1.8225666012078996,0.26673225778801396
4570,0.4998,4,19,4,408872,196738,36388,71568,1.8223906035792359,0.26674021453116964
4571,0.4999,0,4,0,408876,196734,36388,71568,1.8223535514468858,0.2667441912471767
4572,0.5,539,2963,539,411839,193771,36927,71029,1.7949071844084628,0.2682364048338369
4573,0.5001,3,4,3,411843,193767,36930,71026,1.7948701322761125,0.2682321662581715
4574,0.5002,3,27,3,411870,193740,36933,71023,1.7946200303827484,0.2682512284571485
4575,0.5003,6,27,6,411897,193713,36939,71017,1.7943699284893846,0.2682620027953009
4576,0.5004,3,11,3,411908,193702,36942,71014,1.7942680351254214,0.2682648574321159
4577,0.5005,7,19,7,411927,193683,36949,71007,1.794092037496758,0.2682647625524198
4578,0.5006,0,8,0,411935,193675,36949,71007,1.7940179332320576,0.2682728708412359
4579,0.5007,7,53,7,411988,193622,36956,71000,1.7935269924784172,0.2683072458072269
4580,0.5008,27,152,27,412140,193470,36983,70973,1.7921190114491088,0.2683867600957484
4581,0.5009,1,8,1,412148,193462,36984,70972,1.7920449071844085,0.26839211296580623
4582,0.501,13,83,13,412231,193379,36997,70959,1.7912760754381414,0.268440405844033
4583,0.5011,0,7,0,412238,193372,36997,70959,1.7912112342065285,0.26844751466910804
4584,0.5012,4,22,4,412260,193350,37001,70955,1.7910074474786024,0.2684587881424869
4585,0.5013,9,49,9,412309,193301,37010,70946,1.7905535588573123,0.2684836535514121
4586,0.5014,4,14,4,412323,193287,37014,70942,1.7904238763940865,0.2684868050062635
4587,0.5015,6,25,6,412348,193262,37020,70936,1.7901923005668976,0.26849559799847084
4588,0.5016,1,10,1,412358,193252,37021,70935,1.7900996702360221,0.2685029921987077
4589,0.5017,77,388,77,412746,192864,37098,70858,1.786505613398051,0.2686844480172303
4590,0.5018,5,26,5,412772,192838,37103,70853,1.7862647745377747,0.26869707346856736
4591,0.5019,0,7,0,412779,192831,37103,70853,1.7861999333061618,0.2687042065502647
4592,0.502,14,86,14,412865,192745,37117,70839,1.785403312460632,0.2687530350855894
4593,0.5021,5,19,5,412884,192726,37122,70834,1.7852273148319686,0.2687585369555319
4594,0.5022,5,22,5,412906,192704,37127,70829,1.7850235281040423,0.2687670993765487
4595,0.5023,7,47,7,412953,192657,37134,70822,1.7845881655489273,0.26879561558985726
4596,0.5024,0,7,0,412960,192650,37134,70822,1.7845233243173144,0.2688027570292099
4597,0.5025,57,347,57,413307,192303,37191,70765,1.7813090518359331,0.2689988900208311
4598,0.5026,1,6,1,413313,192297,37192,70764,1.781253473637408,0.2690022466272081
4599,0.5027,13,50,13,413363,192247,37205,70751,1.7807903219830301,0.2690172548840676
4600,0.5028,4,17,4,413380,192230,37209,70747,1.7806328504205418,0.2690235267723033
4601,0.5029,1,14,1,413394,192216,37210,70746,1.780503167957316,0.2690350697058891
4602,0.503,10,60,10,413454,192156,37220,70736,1.7799473859720627,0.2690686669811177
4603,0.5031,1,4,1,413458,192152,37221,70735,1.7799103338397124,0.2690699806380688
4604,0.5032,5,23,5,413481,192129,37226,70730,1.7796972840786986,0.2690796206331151
4605,0.5033,97,635,97,414116,191494,37323,70633,1.773815258068102,0.2694609864683913
4606,0.5034,1,1,1,414117,191493,37324,70632,1.7738059950350142,0.26945922746781115
4607,0.5035,8,36,8,414153,191457,37332,70624,1.7734725258438624,0.2694739412624341
4608,0.5036,3,11,3,414164,191446,37335,70621,1.7733706324798992,0.26947688949772386
4609,0.5037,2,35,2,414199,191411,37337,70619,1.7730464263218348,0.2695073083234744
4610,0.5038,7,21,7,414220,191390,37344,70612,1.7728519026269962,0.26950939305806826
4611,0.5039,1,9,1,414229,191381,37345,70611,1.7727685353292082,0.2695158630797887
4612,0.504,29,128,29,414357,191253,37374,70582,1.7715828670940013,0.26956671186052283
4613,0.5041,2,2,2,414359,191251,37376,70580,1.7715643410278261,0.26956319152430386
4614,0.5042,18,149,18,414508,191102,37394,70562,1.7701841490977805,0.2696664424605601
4615,0.5043,9,44,9,414552,191058,37403,70553,1.7697765756419281,0.2696866721965055
4616,0.5044,1,3,1,414555,191055,37404,70552,1.7697487865426655,0.26968697320790347
4617,0.5045,3,26,3,414581,191029,37407,70549,1.7695079476823892,0.26970540335960974
4618,0.5046,0,12,0,414593,191017,37407,70549,1.7693967912853386,0.269717776775269
4619,0.5047,9,35,9,414628,190982,37416,70540,1.7690725851272742,0.26972874175021605
4620,0.5048,6,28,6,414656,190954,37422,70534,1.7688132202008227,0.2697408676497583
4621,0.5049,2,7,2,414663,190947,37424,70532,1.7687483789692098,0.26974250322205606
4622,0.505,194,1162,194,415825,189785,37618,70338,1.7579847345214716,0.2704028478835013
4623,0.5051,1,8,1,415833,189777,37619,70337,1.7579106302567713,0.2704083594116426
4624,0.5052,6,16,6,415849,189761,37625,70331,1.7577624217273704,0.27040816326530615
4625,0.5053,5,37,5,415886,189724,37630,70326,1.7574196895031309,0.270432609113632
4626,0.5054,2,7,2,415893,189717,37632,70324,1.757354848271518,0.27043427767159794
4627,0.5055,6,37,6,415930,189680,37638,70318,1.7570121160472785,0.27045592658405065
4628,0.5056,3,8,3,415938,189672,37641,70315,1.7569380117825781,0.27045583048383187
4629,0.5057,12,48,12,415986,189624,37653,70303,1.7564933861943755,0.2704720940879555
4630,0.5058,26,136,26,416122,189488,37679,70277,1.7552336136944682,0.27054068100013473
4631,0.5059,1,3,1,416125,189485,37680,70276,1.7552058245952054,0.2705409973013655
4632,0.506,18,139,18,416264,189346,37698,70258,1.7539182629960355,0.2706352752654042
4633,0.5061,0,5,0,416269,189341,37698,70258,1.7538719478305977,0.27064048782930594
4634,0.5062,6,22,6,416291,189319,37704,70252,1.7536681611026714,0.2706465668352782
4635,0.5063,8,19,8,416310,189300,37712,70244,1.753492163474008,0.2706438985297291
4636,0.5064,2,11,2,416321,189289,37714,70242,1.7533902701100448,0.2706497489702579
4637,0.5065,6,35,6,416356,189254,37720,70236,1.7530660639519804,0.2706693899572238
4638,0.5066,0,4,0,416360,189250,37720,70236,1.7530290118196301,0.2706735623501846
4639,0.5067,105,613,105,416973,188637,37825,70131,1.7473507725369595,0.2710188276757559
4640,0.5068,6,20,6,416993,188617,37831,70125,1.7471655118752085,0.27102287220474447
4641,0.5069,0,6,0,416999,188611,37831,70125,1.747109933676683,0.2710291571331396
4642,0.507,6,45,6,417044,188566,37837,70119,1.7466930971877432,0.2710593965633879
4643,0.5071,1,16,1,417060,188550,37838,70118,1.7465448886583423,0.2710733449827578
4644,0.5072,5,23,5,417083,188527,37843,70113,1.7463318388973286,0.2710833591091865
4645,0.5073,9,55,9,417138,188472,37852,70104,1.745822372077513,0.2711156487841099
4646,0.5074,4,9,4,417147,188463,37856,70100,1.745739004779725,0.27111380978716987
4647,0.5075,66,322,66,417469,188141,37922,70034,1.7427563081255326,0.27126561440883123
4648,0.5076,1,7,1,417476,188134,37923,70033,1.7426914668939197,0.271270146842935
4649,0.5077,11,35,11,417511,188099,37934,70022,1.7423672607358553,0.27127587449297036
4650,0.5078,2,23,2,417534,188076,37936,70020,1.7421542109748416,0.27129440208294586
4651,0.5079,1,7,1,417541,188069,37937,70019,1.7420893697432287,0.2712989367967515
4652,0.508,16,89,16,417630,187980,37953,70003,1.7412649597984364,0.2713473368400243
4653,0.5081,3,8,3,417638,187972,37956,70000,1.7411908555337359,0.2713472779991627
4654,0.5082,1,26,1,417664,187946,37957,69999,1.7409500166734595,0.2713718040667584
4655,0.5083,74,365,74,418029,187581,38031,69925,1.7375690095965022,0.27154707074786605
4656,0.5084,5,6,5,418035,187575,38036,69920,1.737513431397977,0.2715392531893823
4657,0.5085,3,31,3,418066,187544,38039,69917,1.7372262773722629,0.27156346009686905
4658,0.5086,2,15,2,418081,187529,38041,69915,1.7370873318759494,0.27157362377837513
4659,0.5087,10,27,10,418108,187502,38051,69905,1.7368372299825856,0.27157381112401763
4660,0.5088,9,25,9,418133,187477,38060,69896,1.7366056541553967,0.27157471840480546
4661,0.5089,1,12,1,418145,187465,38061,69895,1.736494497758346,0.2715845508237488
4662,0.509,11,70,11,418215,187395,38072,69884,1.7358460854422173,0.2716272995464068
4663,0.5091,2,15,2,418230,187380,38074,69882,1.7357071399459039,0.27163747463675164
4664,0.5092,40,137,40,418367,187243,38114,69842,1.734438104412909,0.271668903281016
4665,0.5093,9,58,9,418425,187185,38123,69833,1.7339008484938307,0.2717047055070073
4666,0.5094,5,6,5,418431,187179,38128,69828,1.7338452702953056,0.2716968798515216
4667,0.5095,4,20,4,418451,187159,38132,69824,1.7336600096335544,0.27170668876929605
4668,0.5096,1,9,1,418460,187150,38133,69823,1.7335766423357664,0.27171337066540063
4669,0.5097,9,42,9,418502,187108,38142,69814,1.733187594946089,0.27173227672211797
4670,0.5098,4,16,4,418518,187092,38146,69810,1.7330393864166882,0.27173786112992504
4671,0.5099,0,9,0,418527,187083,38146,69810,1.7329560191189004,0.2717473812054046
4672,0.51,494,2912,494,421439,184171,38640,69316,1.7059820667679424,0.27344992050874406
4673,0.5101,4,11,4,421450,184160,38644,69312,1.7058801734039795,0.2734503219290494
4674,0.5102,3,19,3,421469,184141,38647,69309,1.705704175775316,0.273462221345433
4675,0.5103,8,27,8,421496,184114,38655,69301,1.705454073881952,0.2734684213641655
4676,0.5104,0,6,0,421502,184108,38655,69301,1.7053984956834265,0.2734748963138641
4677,0.5105,8,35,8,421537,184073,38663,69293,1.705074289525362,0.2734897342184823
4678,0.5106,1,8,1,421545,184065,38664,69292,1.7050001852606618,0.2734955023938553
4679,0.5107,9,72,9,421617,183993,38673,69283,1.7043332468783579,0.2735474344193686
4680,0.5108,27,109,27,421726,183884,38700,69256,1.7033235762718144,0.273587738010587
4681,0.5109,1,6,1,421732,183878,38701,69255,1.7032679980732892,0.27359135316217165
4682,0.511,12,70,12,421802,183808,38713,69243,1.7026195857571602,0.2736325878973013
4683,0.5111,0,7,0,421809,183801,38713,69243,1.7025547445255473,0.2736401574429743
4684,0.5112,6,28,6,421837,183773,38719,69237,1.7022953795990958,0.2736532152879333
4685,0.5113,5,29,5,421866,183744,38724,69232,1.7020267516395569,0.2736702295869964
4686,0.5114,0,6,0,421872,183738,38724,69232,1.7019711734410314,0.2736767205597502
4687,0.5115,6,28,6,421900,183710,38730,69226,1.70171180851458,0.27368978713982983
4688,0.5116,0,5,0,421905,183705,38730,69226,1.7016654933491422,0.27369519750445775
4689,0.5117,71,346,71,422251,183359,38801,69155,1.6984604839008486,0.2738660034691146
4690,0.5118,3,26,3,422277,183333,38804,69152,1.698219645040572,0.27388557736103136
4691,0.5119,2,8,2,422285,183325,38806,69150,1.6981455407758717,0.27388850381225865
4692,0.512,16,73,16,422358,183252,38822,69134,1.6974693393604803,0.2739216913774932
4693,0.5121,5,14,5,422372,183238,38827,69129,1.6973396568972545,0.27392250175339883
4694,0.5122,6,7,6,422379,183231,38833,69123,1.6972748156656416,0.2739128367293564
4695,0.5123,8,41,8,422420,183190,38841,69115,1.6968950313090518,0.27393432551871744
4696,0.5124,3,13,3,422433,183177,38844,69112,1.6967746118789135,0.2739398071259548
4697,0.5125,51,322,51,422755,182855,38895,69061,1.6937919152247212,0.27414296829101764
4698,0.5126,0,10,0,422765,182845,38895,69061,1.6936992848938457,0.27415385103967355
4699,0.5127,7,57,7,422822,182788,38902,69054,1.693171292007855,0.2741957258916305
4700,0.5128,1,19,1,422841,182769,38903,69053,1.6929952943791915,0.27421353178038455
4701,0.5129,6,33,6,422874,182736,38909,69047,1.6926896142873022,0.2742321761199128
4702,0.513,11,55,11,422929,182681,38920,69036,1.6921801474674867,0.27426037971213707
4703,0.5131,1,8,1,422937,182673,38921,69035,1.6921060432027863,0.2742662132312044
4704,0.5132,5,23,5,422960,182650,38926,69030,1.6918929934417726,0.2742768595041322
4705,0.5133,108,629,108,423589,182021,39034,68922,1.686066545629701,0.27465201260844097
4706,0.5134,1,11,1,423600,182010,39035,68921,1.6859646522657379,0.27466116183333267
4707,0.5135,2,28,2,423628,181982,39037,68919,1.6857052873392864,0.27468603154232146
4708,0.5136,2,10,2,423638,181972,39039,68917,1.685612657008411,0.274691198099558
4709,0.5137,5,23,5,423661,181949,39044,68912,1.6853996072473971,0.27470192656491044
4710,0.5138,3,25,3,423686,181924,39047,68909,1.6851680314202082,0.2747206308579812
4711,0.5139,1,6,1,423692,181918,39048,68908,1.685112453221683,0.27472431087686283
4712,0.514,23,105,23,423797,181813,39071,68885,1.6841398347474896,0.274772834246783
4713,0.5141,0,6,0,423803,181807,39071,68885,1.6840842565489644,0.27477941059148275
4714,0.5142,26,104,26,423907,181703,39097,68859,1.6831209011078587,0.27481820866691675
4715,0.5143,10,53,10,423960,181650,39107,68849,1.6826299603542183,0.2748474045804574
4716,0.5144,0,4,0,423964,181646,39107,68849,1.6825929082218682,0.27485179344897104
4717,0.5145,3,32,3,423996,181614,39110,68846,1.6822964911630665,0.2748782240677154
4718,0.5146,0,10,0,424006,181604,39110,68846,1.682203860832191,0.2748891994410062
4719,0.5147,8,39,8,424045,181565,39118,68838,1.6818426025417763,0.27490884693873474
4720,0.5148,4,15,4,424060,181550,39122,68834,1.6817036570454629,0.27491373250686946
4721,0.5149,1,1,1,424061,181549,39123,68833,1.6816943940123754,0.2749119345639862
4722,0.515,213,1130,213,425191,180419,39336,68620,1.6712271666234393,0.2755391725793952
4723,0.5151,1,6,1,425197,180413,39337,68619,1.6711715884249139,0.275542902116997
4724,0.5152,7,23,7,425220,180390,39344,68612,1.6709585386639,0.27554798756636495
4725,0.5153,8,35,8,425255,180355,39352,68604,1.6706343325058357,0.2755634461899349
4726,0.5154,2,3,2,425258,180352,39354,68602,1.670606543406573,0.2755609470022575
4727,0.5155,1,34,1,425292,180318,39355,68601,1.6702916002815962,0.2755956757017343
4728,0.5156,7,17,7,425309,180301,39362,68594,1.6701341287191078,0.2755941260370839
4729,0.5157,8,42,8,425351,180259,39370,68586,1.6697450813294306,0.2756173521670116
4730,0.5158,16,126,16,425477,180133,39386,68570,1.6685779391603988,0.2757103854798696
4731,0.5159,0,3,0,425480,180130,39386,68570,1.668550150061136,0.2757137112987535
4732,0.516,18,126,18,425606,180004,39404,68552,1.6673830078921041,0.27580102673039475
4733,0.5161,1,8,1,425614,179996,39405,68551,1.6673089036274038,0.2758069902272005
4734,0.5162,4,34,4,425648,179962,39409,68547,1.6669939605024269,0.2758330684200572
4735,0.5163,2,26,2,425674,179936,39411,68545,1.6667531216421505,0.27585610167376984
4736,0.5164,2,8,2,425682,179928,39413,68543,1.6666790173774502,0.2758591545894692
4737,0.5165,6,35,6,425717,179893,39419,68537,1.6663548112193858,0.2758805297266836
4738,0.5166,1,3,1,425720,179890,39420,68536,1.666327022120123,0.27588094643877853
4739,0.5167,119,599,119,426319,179291,39539,68417,1.660778465300678,0.2762002034653705
4740,0.5168,2,22,2,426341,179269,39541,68415,1.6605746785727518,0.2762188918137627
4741,0.5169,2,8,2,426349,179261,39543,68413,1.6605005743080514,0.2762219692014503
4742,0.517,10,43,10,426392,179218,39553,68403,1.6601022638852867,0.2762407065636598
4743,0.5171,1,18,1,426410,179200,39554,68402,1.6599355292897107,0.2762578654453518
4744,0.5172,5,20,5,426430,179180,39559,68397,1.6597502686279595,0.27626556586435735
4745,0.5173,4,54,4,426484,179126,39563,68393,1.6592500648412316,0.2763141415406494
4746,0.5174,1,4,1,426488,179122,39564,68392,1.6592130127088813,0.2763156831532762
4747,0.5175,57,308,57,426796,178814,39621,68335,1.6563599985179147,0.2764931276274636
4748,0.5176,2,5,2,426801,178809,39623,68333,1.656313683352477,0.2764928664492478
4749,0.5177,6,19,6,426820,178790,39629,68327,1.6561376857238135,0.27649655831043596
4750,0.5178,3,19,3,426839,178771,39632,68324,1.65596168809515,0.2765090349865436
4751,0.5179,0,14,0,426853,178757,39632,68324,1.655832005631924,0.27652470242552035
4752,0.518,20,99,20,426952,178658,39652,68304,1.6549149653562563,0.2765769632575052
4753,0.5181,3,10,3,426962,178648,39655,68301,1.6548223350253808,0.2765793746887009
4754,0.5182,5,23,5,426985,178625,39660,68296,1.654609285264367,0.2765904884558219
4755,0.5183,77,333,77,427318,178292,39737,68219,1.6515246952462115,0.2767381577292697
4756,0.5184,0,6,0,427324,178286,39737,68219,1.651469117047686,0.2767448936127056
4757,0.5185,11,26,11,427350,178260,39748,68208,1.6512282781874097,0.27674180826719896
4758,0.5186,2,8,2,427358,178252,39750,68206,1.6511541739227094,0.27674492205568496
4759,0.5187,8,32,8,427390,178220,39758,68198,1.6508577568639076,0.27675737973686987
4760,0.5188,4,23,4,427413,178197,39762,68194,1.6506447071028938,0.27677147298399696
4761,0.5189,2,8,2,427421,178189,39764,68192,1.6505706028381932,0.2767745889496349
4762,0.519,9,60,9,427481,178129,39773,68183,1.6500148208529402,0.2768155834876092
4763,0.5191,0,6,0,427487,178123,39773,68183,1.6499592426544147,0.276822326699309
4764,0.5192,20,148,20,427635,177975,39793,68163,1.6485883137574568,0.27693001486970725
4765,0.5193,8,52,8,427687,177923,39801,68155,1.6481066360369039,0.27696502734905193
4766,0.5194,0,5,0,427692,177918,39801,68155,1.6480603208714661,0.27697065504951784
4767,0.5195,9,28,9,427720,177890,39810,68146,1.6478009559450146,0.2769757271293632
4768,0.5196,4,7,4,427727,177883,39814,68142,1.6477361147134018,0.2769718524540189
4769,0.5197,4,23,4,427750,177860,39818,68138,1.647523064952388,0.27698599175603056
4770,0.5198,2,18,2,427768,177842,39820,68136,1.647356330356812,0.277000382147997
4771,0.5199,2,5,2,427773,177837,39822,68134,1.6473100151913742,0.27700013416215735
4772,0.52,539,2892,539,430665,174945,40361,67595,1.6205213235021676,0.2786962975179352
4773,0.5201,3,6,3,430671,174939,40364,67592,1.6204657453036422,0.27869427001084396
4774,0.5202,7,18,7,430689,174921,40371,67585,1.6202990107080661,0.2786941354028354
4775,0.5203,5,18,5,430707,174903,40376,67580,1.6201322761124903,0.2786999500995946
4776,0.5204,3,11,3,430718,174892,40379,67577,1.6200303827485272,0.27870366933504903
4777,0.5205,8,23,8,430741,174869,40387,67569,1.6198173329875134,0.27870630841699734
4778,0.5206,1,3,1,430744,174866,40388,67568,1.6197895438882508,0.27870678205202243
4779,0.5207,11,55,11,430799,174811,40399,67557,1.6192800770684352,0.278737292051756
4780,0.5208,23,122,23,430921,174689,40422,67534,1.6181499870317537,0.27880919648423147
4781,0.5209,0,5,0,430926,174684,40422,67534,1.618103671866316,0.2788149518202611
4782,0.521,16,82,16,431008,174602,40438,67518,1.6173441031531364,0.27886172146043287
4783,0.5211,0,6,0,431014,174596,40438,67518,1.6172885249546112,0.2788686321319709
4784,0.5212,6,14,6,431028,174582,40444,67512,1.6171588424913854,0.2788668864160202
4785,0.5213,7,38,7,431066,174544,40451,67505,1.6168068472340584,0.27888981156707937
4786,0.5214,5,15,5,431081,174529,40456,67500,1.616667901737745,0.2788921988687306
4787,0.5215,8,31,8,431112,174498,40464,67492,1.6163807477120309,0.27890408694574154
4788,0.5216,0,3,0,431115,174495,40464,67492,1.616352958612768,0.27890754462016554
4789,0.5217,68,347,68,431462,174148,40532,67424,1.6131386861313868,0.27910519431059894
4790,0.5218,3,13,3,431475,174135,40535,67421,1.6130182667012487,0.2791112619847986
4791,0.5219,2,19,2,431494,174116,40537,67419,1.6128422690725852,0.27912724863891364
4792,0.522,13,81,13,431575,174035,40550,67406,1.6120919633924933,0.27918207760902247
4793,0.5221,6,11,6,431586,174024,40556,67400,1.6119900700285301,0.27917688382265227
4794,0.5222,1,17,1,431603,174007,40557,67399,1.6118325984660418,0.2791935577409012
4795,0.5223,13,49,13,431652,173958,40570,67386,1.6113787098447516,0.27921141607000793
4796,0.5224,2,8,2,431660,173950,40572,67384,1.611304605580051,0.2792146983019384
4797,0.5225,43,315,43,431975,173635,40615,67341,1.6083867501574716,0.2794510656662904
4798,0.5226,0,5,0,431980,173630,40615,67341,1.6083404349920338,0.2794568641039793
4799,0.5227,9,41,9,432021,173589,40624,67332,1.607960650635444,0.27947750507427743
4800,0.5228,1,21,1,432042,173568,40625,67331,1.6077661269406054,0.2794988771227776
4801,0.5229,3,20,3,432062,173548,40628,67328,1.6075808662788544,0.27951311048008104
4802,0.523,20,60,20,432122,173488,40648,67308,1.6070250842936011,0.2795229156630509
4803,0.5231,1,5,1,432127,173483,40649,67307,1.6069787691281634,0.2795257278126168
4804,0.5232,10,31,10,432158,173452,40659,67297,1.606691615102449,0.2795317945245879
4805,0.5233,100,593,100,432751,172859,40759,67197,1.6011986364815296,0.2799221848235412
4806,0.5234,1,11,1,432762,172848,40760,67196,1.6010967431175664,0.27993201246438154
4807,0.5235,7,32,7,432794,172816,40767,67189,1.6008003260587647,0.2799483344096998
4808,0.5236,4,12,4,432806,172804,40771,67185,1.600689169661714,0.2799503310568401
4809,0.5237,6,27,6,432833,172777,40777,67179,1.60043906776835,0.27996382670156195
4810,0.5238,8,26,8,432859,172751,40785,67171,1.6001982289080736,0.2799701569676812
4811,0.5239,3,6,3,432865,172745,40788,67168,1.6001426507095484,0.27996815512289874
4812,0.524,23,92,23,432957,172653,40811,67145,1.5992904516654933,0.2800065054754418
4813,0.5241,1,5,1,432962,172648,40812,67144,1.5992441365000556,0.28000934142923867
4814,0.5242,24,136,24,433098,172512,40836,67120,1.5979843640001483,0.28009614742605327
4815,0.5243,11,56,11,433154,172456,40847,67109,1.597465634147245,0.28012856635986055
4816,0.5244,1,4,1,433158,172452,40848,67108,1.597428582014895,0.2801302387710803
4817,0.5245,3,25,3,433183,172427,40851,67105,1.597197006187706,0.2801504600637911
4818,0.5246,1,18,1,433201,172409,40852,67104,1.59703027159213,0.2801685085986982
4819,0.5247,3,35,3,433236,172374,40855,67101,1.5967060654340657,0.28020043845912934
4820,0.5248,0,22,0,433258,172352,40855,67101,1.5965022787061396,0.2802261821735372
4821,0.5249,2,9,2,433267,172343,40857,67099,1.5964189114083516,0.28023070305126085
4822,0.525,217,1059,217,434326,171284,41074,66882,1.5866093593686317,0.28082094001662705
4823,0.5251,1,9,1,434335,171275,41075,66881,1.5865259920708437,0.28082853255849105
4824,0.5252,3,19,3,434354,171256,41078,66878,1.5863499944421802,0.2808418789421082
4825,0.5253,9,40,9,434394,171216,41087,66869,1.585979473118678,0.28086187706071364
4826,0.5254,1,10,1,434404,171206,41088,66868,1.5858868427878023,0.2808706536623067
4827,0.5255,2,30,2,434434,171176,41090,66866,1.585608951795176,0.28090000924206654
4828,0.5256,4,7,4,434441,171169,41094,66862,1.585544110563563,0.2808961857909264
4829,0.5257,9,45,9,434486,171124,41103,66853,1.585127274074623,0.28092210591779876
4830,0.5258,14,109,14,434595,171015,41117,66839,1.5841176034680795,0.28100851783026565
4831,0.5259,1,10,1,434605,171005,41118,66838,1.584024973137204,0.28101730973793637
4832,0.526,19,105,19,434710,170900,41137,66819,1.5830523546630109,0.28108396888763626
4833,0.5261,4,10,4,434720,170890,41141,66815,1.5829597243321354,0.2810836961780358
4834,0.5262,6,35,6,434755,170855,41147,66809,1.582635518174071,0.2811069408913424
4835,0.5263,3,24,3,434779,170831,41150,66806,1.5824132053799695,0.28112625559151144
4836,0.5264,1,13,1,434792,170818,41151,66805,1.5822927859498315,0.2811386103197081
4837,0.5265,3,34,3,434826,170784,41154,66802,1.5819778428248545,0.28116976589529685
4838,0.5266,1,3,1,434829,170781,41155,66801,1.581950053725592,0.2811702906785868
4839,0.5267,114,571,114,435400,170210,41269,66687,1.5766608618325986,0.28150208740507476
4840,0.5268,4,13,4,435413,170197,41273,66683,1.5765404424024603,0.28150540357987164
4841,0.5269,4,22,4,435435,170175,41277,66679,1.576336655674534,0.28151941702483385
4842,0.527,6,45,6,435480,170130,41283,66673,1.575919819185594,0.2815547100332344
4843,0.5271,3,18,3,435498,170112,41286,66670,1.575753084590018,0.28156701100590414
4844,0.5272,3,19,3,435517,170093,41289,66667,1.5755770869613546,0.2815805034634229
4845,0.5273,5,47,5,435564,170046,41294,66662,1.5751417244062396,0.2816212379809723
4846,0.5274,1,7,1,435571,170039,41295,66661,1.5750768831746267,0.2816265314744402
4847,0.5275,52,324,52,435895,169715,41347,66609,1.5720756604542592,0.2818545725360099
4848,0.5276,0,7,0,435902,169708,41347,66609,1.5720108192226463,0.2818629214148792
4849,0.5277,7,34,7,435936,169674,41354,66602,1.5716958760976694,0.2818822055562139
4850,0.5278,4,16,4,435952,169658,41358,66598,1.5715476675682685,0.2818891372070974
4851,0.5279,4,5,4,435957,169653,41362,66594,1.5715013524028307,0.2818829445453276
4852,0.528,9,93,9,436050,169560,41371,66585,1.5706398903256882,0.28196658832496985
4853,0.5281,0,8,0,436058,169552,41371,66585,1.5705657860609878,0.28197614096901374
4854,0.5282,5,36,5,436094,169516,41376,66580,1.5702323168698358,0.28200393060449985
4855,0.5283,60,314,60,436408,169202,41436,66520,1.5673237244803437,0.28219682507360366
4856,0.5284,0,7,0,436415,169195,41436,66520,1.5672588832487309,0.2822052054387714
4857,0.5285,6,21,6,436436,169174,41442,66514,1.5670643595538922,0.2822120769831302
4858,0.5286,3,14,3,436450,169160,41445,66511,1.5669346770906665,0.2822197045881759
4859,0.5287,9,30,9,436480,169130,41454,66502,1.56665678609804,0.2822282202756841
4860,0.5288,2,21,2,436501,169109,41456,66500,1.5664622624032014,0.2822472825740952
4861,0.5289,0,4,0,436505,169105,41456,66500,1.5664252102708511,0.28225207444663736
4862,0.529,15,72,15,436577,169033,41471,66485,1.5657582718885472,0.28229264854490954
4863,0.5291,0,1,0,436578,169032,41471,66485,1.5657490088554595,0.28229384715328404
4864,0.5292,21,122,21,436700,168910,41492,66464,1.564618918818778,0.2823761333027437
4865,0.5293,10,58,10,436758,168852,41502,66454,1.5640816628996999,0.28241523803047947
4866,0.5294,5,9,5,436767,168843,41507,66449,1.5639982956019118,0.2824107916971253
4867,0.5295,2,21,2,436788,168822,41509,66447,1.5638037719070732,0.28242989939176005
4868,0.5296,3,11,3,436799,168811,41512,66444,1.56370187854311,0.28243395464495974
4869,0.5297,1,38,1,436837,168773,41513,66443,1.563349883285783,0.2824765322086933
4870,0.5298,2,28,2,436865,168745,41515,66441,1.5630905183593315,0.282504060615853
4871,0.5299,0,6,0,436871,168739,41515,66441,1.5630349401608064,0.282511267964963
4872,0.53,589,2595,589,439466,166144,42104,65852,1.5389973692986032,0.28384972154692323
4873,0.5301,0,2,0,439468,166142,42104,65852,1.538978843232428,0.283852168590567
4874,0.5302,4,29,4,439497,166113,42108,65848,1.5387102152728889,0.2838753066248206
4875,0.5303,4,17,4,439514,166096,42112,65844,1.5385527437104005,0.28388376304216606
4876,0.5304,2,7,2,439521,166089,42114,65842,1.5384879024787876,0.28388615579633597
4877,0.5305,4,29,4,439550,166060,42118,65838,1.5382192745192487,0.2839093049530397
4878,0.5306,2,11,2,439561,166049,42120,65836,1.5381173811552855,0.28391659658882634
4879,0.5307,8,54,8,439615,165995,42128,65828,1.5376171773685576,0.2839580196960612
4880,0.5308,23,118,23,439733,165877,42151,65805,1.5365241394642262,0.28403156050103157
4881,0.5309,1,8,1,439741,165869,42152,65804,1.5364500351995258,0.28403827809023924
4882,0.531,10,80,10,439821,165789,42162,65794,1.5357089925525214,0.2841054826995073
4883,0.5311,1,10,1,439831,165779,42163,65793,1.5356163622216459,0.2841146598034305
4884,0.5312,5,22,5,439853,165757,42168,65788,1.5354125754937196,0.2841261957718802
4885,0.5313,6,39,6,439892,165718,42174,65782,1.5350513172033051,0.2841555075593952
4886,0.5314,2,6,2,439898,165712,42176,65780,1.5349957390047797,0.2841566879201009
4887,0.5315,8,54,8,439952,165658,42184,65772,1.5344955352180518,0.2841982456898414
4888,0.5316,1,8,1,439960,165650,42185,65771,1.5344214309533513,0.2842049770764105
4889,0.5317,61,368,61,440328,165282,42246,65710,1.5310126347771313,0.2844687261896516
4890,0.5318,4,22,4,440350,165260,42250,65706,1.5308088480492053,0.2844834304616264
4891,0.5319,0,7,0,440357,165253,42250,65706,1.5307440068175924,0.28449205270199474
4892,0.532,12,62,12,440419,165191,42262,65694,1.530169698766164,0.2845312601511575
4893,0.5321,0,5,0,440424,165186,42262,65694,1.5301233836007262,0.28453742203742205
4894,0.5322,0,21,0,440445,165165,42262,65694,1.5299288599058876,0.28456330487440384
4895,0.5323,8,36,8,440481,165129,42270,65686,1.5295953907147357,0.2845828910599398
4896,0.5324,4,9,4,440490,165120,42274,65682,1.5295120234169477,0.28458158941430317
4897,0.5325,66,305,66,440795,164815,42340,65616,1.5266867983252437,0.2847533534984442
4898,0.5326,0,6,0,440801,164809,42340,65616,1.5266312201267183,0.2847607681458175
4899,0.5327,10,25,10,440826,164784,42350,65606,1.5263996442995293,0.28476062329094143
4900,0.5328,0,8,0,440834,164776,42350,65606,1.526325540034829,0.28477051158510647
4901,0.5329,4,21,4,440855,164755,42354,65602,1.5261310163399904,0.28478405257925743
4902,0.533,9,53,9,440908,164702,42363,65593,1.52564007558635,0.28482164180724723
4903,0.5331,1,6,1,440914,164696,42364,65592,1.5255844973878248,0.28482595706246094
4904,0.5332,2,27,2,440941,164669,42366,65590,1.5253343954944607,0.2848531436339079
4905,0.5333,125,578,125,441519,164091,42491,65465,1.5199803623698545,0.28518095802331456
4906,0.5334,0,9,0,441528,164082,42491,65465,1.5198969950720664,0.2851921393004483
4907,0.5335,4,36,4,441564,164046,42495,65461,1.5195635258809144,0.2852244158130253
4908,0.5336,1,9,1,441573,164037,42496,65460,1.5194801585831264,0.28523248669917256
4909,0.5337,9,22,9,441595,164015,42505,65451,1.5192763718552003,0.2852317990464818
4910,0.5338,2,12,2,441607,164003,42507,65449,1.5191652154581496,0.28524048602757873
4911,0.5339,0,8,0,441615,163995,42507,65449,1.519091111193449,0.28525043147783335
4912,0.534,23,111,23,441726,163884,42530,65426,1.5180629145207307,0.2853168200252933
4913,0.5341,0,4,0,441730,163880,42530,65426,1.5180258623883804,0.28532179707465133
4914,0.5342,16,127,16,441857,163753,42546,65410,1.516849457186261,0.2854300214257974
4915,0.5343,7,59,7,441916,163694,42553,65403,1.5163029382340953,0.2854816955263491
4916,0.5344,0,5,0,441921,163689,42553,65403,1.5162566230686576,0.28548792624797026
4917,0.5345,1,16,1,441937,163673,42554,65402,1.5161084145392567,0.28550474735348685
4918,0.5346,2,7,2,441944,163666,42556,65400,1.5160435733076438,0.2855072337230318
4919,0.5347,8,23,8,441967,163643,42564,65392,1.51583052354663,0.2855109481083677
4920,0.5348,3,31,3,441998,163612,42567,65389,1.515543369520916,0.2855402378155554
4921,0.5349,2,9,2,442007,163603,42569,65387,1.515460002223128,0.2855452203152976
4922,0.535,227,1009,227,443016,162594,42796,65160,1.5061136018377859,0.2860981585394768
4923,0.5351,2,7,2,443023,162587,42798,65158,1.506048760606173,0.2861006827811807
4924,0.5352,4,24,4,443047,162563,42802,65154,1.5058264478120715,0.28611829595506705
4925,0.5353,4,28,4,443075,162535,42806,65150,1.50556708288562,0.2861409403342337
4926,0.5354,1,7,1,443082,162528,42807,65149,1.5055022416540071,0.2861466024236089
4927,0.5355,1,19,1,443101,162509,42808,65148,1.5053262440253437,0.286167348247583
4928,0.5356,1,9,1,443110,162500,42809,65147,1.5052428767275556,0.2861755261435468
4929,0.5357,7,47,7,443157,162453,42816,65140,1.5048075141724406,0.28621266910669485
4930,0.5358,20,113,20,443270,162340,42836,65120,1.503760791433547,0.2862920953134617
4931,0.5359,0,5,0,443275,162335,42836,65120,1.5037144762681092,0.2862983886922688
4932,0.536,13,126,13,443401,162209,42849,65107,1.5025473340990774,0.2864162663428883
4933,0.5361,0,10,0,443411,162199,42849,65107,1.502454703768202,0.28642886681389845
4934,0.5362,6,27,6,443438,162172,42855,65101,1.5022046018748378,0.2864440562671325
4935,0.5363,8,28,8,443466,162144,42863,65093,1.5019452369483863,0.2864542306050511
4936,0.5364,1,6,1,443472,162138,42864,65092,1.5018896587498611,0.2864586542269947
4937,0.5365,3,29,3,443501,162109,42867,65089,1.501621030790322,0.28648579652989903
4938,0.5366,1,3,1,443504,162106,42868,65088,1.5015932416910593,0.2864864389024358
4939,0.5367,98,549,98,444053,161557,42966,64990,1.496507836525992,0.2868720397974813
4940,0.5368,1,25,1,444078,161532,42967,64989,1.4962762606988032,0.28690055226667727
4941,0.5369,0,6,0,444084,161526,42967,64989,1.496220682500278,0.2869081517780279
4942,0.537,9,60,9,444144,161466,42976,64980,1.4956649005150247,0.28695583052913276
4943,0.5371,3,19,3,444163,161447,42979,64977,1.4954889028863612,0.28697046249514185
4944,0.5372,3,17,3,444180,161430,42982,64974,1.4953314313238726,0.28698256214554513
4945,0.5373,7,46,7,444226,161384,42989,64967,1.4949053318018453,0.287018833581473
4946,0.5374,1,4,1,444230,161380,42990,64966,1.494868279669495,0.28702075583398867
4947,0.5375,85,307,85,444537,161073,43075,64881,1.4920245285116158,0.28714251573329086
4948,0.5376,1,8,1,444545,161065,43076,64880,1.4919504242469155,0.28714952753988804
4949,0.5377,6,26,6,444571,161039,43082,64874,1.491709585386639,0.28716364264119376
4950,0.5378,1,19,1,444590,161020,43083,64873,1.4915335877579754,0.28718464051564235
4951,0.5379,1,7,1,444597,161013,43084,64872,1.4914687465263625,0.2871903844876818
4952,0.538,15,76,15,444673,160937,43099,64857,1.4907647560117085,0.2872396963603993
4953,0.5381,0,11,0,444684,160926,43099,64857,1.4906628626477454,0.28725369049042665
4954,0.5382,6,32,6,444716,160894,43105,64851,1.4903664455889436,0.287275465680303
4955,0.5383,63,319,63,445035,160575,43168,64788,1.4874115380340138,0.2874828609842787
4956,0.5384,3,4,3,445039,160571,43171,64785,1.4873744859016635,0.2874784784962459
4957,0.5385,8,33,8,445072,160538,43179,64777,1.4870688058097743,0.2874952843796463
4958,0.5386,3,11,3,445083,160527,43182,64774,1.4869669124458114,0.2874998335559984
4959,0.5387,7,43,7,445126,160484,43189,64767,1.4865686020230464,0.28753257477214306
4960,0.5388,3,11,3,445137,160473,43192,64764,1.4864667086590833,0.2875371275589712
4961,0.5389,1,3,1,445140,160470,43193,64763,1.4864389195598207,0.28753779419534437
4962,0.539,9,86,9,445226,160384,43202,64754,1.485642298714291,0.28761914914408054
4963,0.5391,3,5,3,445231,160379,43205,64751,1.4855959835488532,0.28761604406343
4964,0.5392,29,129,29,445360,160250,43234,64722,1.4844010522805589,0.2876891346478673
4965,0.5393,8,44,8,445404,160206,43242,64714,1.4839934788247064,0.2877200782500445
4966,0.5394,1,7,1,445411,160199,43243,64713,1.4839286375930936,0.28772586611652556
4967,0.5395,7,24,7,445435,160175,43250,64706,1.4837063247989921,0.28773440175025905
4968,0.5396,0,15,0,445450,160160,43250,64706,1.483567379302679,0.28775359547463825
4969,0.5397,0,24,0,445474,160136,43250,64706,1.4833450665085777,0.28778431076044514
4970,0.5398,3,30,3,445504,160106,43253,64703,1.483067175515951,0.2878132103252094
4971,0.5399,1,6,1,445510,160100,43254,64702,1.4830115973174256,0.28781772404160105
4972,0.54,510,2651,510,448161,157449,43764,64192,1.4584552966023194,0.289621505046449
4973,0.5401,3,3,3,448164,157446,43767,64189,1.4584275075030568,0.2896158097773366
4974,0.5402,3,12,3,448176,157434,43770,64186,1.4583163511060062,0.2896218752820143
4975,0.5403,4,20,4,448196,157414,43774,64182,1.458131090444255,0.2896351919709742
4976,0.5404,1,12,1,448208,157402,43775,64181,1.4580199340472044,0.2896476715271478
4977,0.5405,5,17,5,448225,157385,43780,64176,1.457862462484716,0.28965386507553226
4978,0.5406,2,8,2,448233,157377,43782,64174,1.4577883582200155,0.2896579117223574
4979,0.5407,5,32,5,448265,157345,43787,64169,1.4574919411612137,0.28968372202208437
4980,0.5408,28,121,28,448386,157224,43815,64141,1.4563711141576197,0.2897522191855081
4981,0.5409,1,4,1,448390,157220,43816,64140,1.4563340620252696,0.28975424647632814
4982,0.541,18,83,18,448473,157137,43834,64122,1.4555652302790025,0.2898051604680488
4983,0.5411,1,6,1,448479,157131,43835,64121,1.4555096520804773,0.2898098096288395
4984,0.5412,2,28,2,448507,157103,43837,64119,1.4552502871540258,0.2898400701557711
4985,0.5413,6,26,6,448533,157077,43843,64113,1.4550094482937492,0.28985487589854875
4986,0.5414,2,6,2,448539,157071,43845,64111,1.454953870095224,0.2898563174218517
4987,0.5415,3,33,3,448572,157038,43848,64108,1.4546481900033348,0.28988993696472015
4988,0.5416,2,6,2,448578,157032,43850,64106,1.4545926118048094,0.28989138004323095
4989,0.5417,76,336,76,448914,156696,43926,64030,1.4514802326873912,0.2900881636055562
4990,0.5418,3,25,3,448939,156671,43929,64027,1.4512486568602023,0.29011137391367386
4991,0.5419,1,5,1,448944,156666,43930,64026,1.4512023416947646,0.2901147300309934
4992,0.542,10,69,10,449013,156597,43940,64016,1.4505631924117233,0.2901732898786563
4993,0.5421,6,21,6,449034,156576,43946,64010,1.4503686687168846,0.29018160717361935
4994,0.5422,3,13,3,449047,156563,43949,64007,1.4502482492867466,0.29018905562859865
4995,0.5423,8,33,8,449080,156530,43957,63999,1.449942569194857,0.29020673018061116
4996,0.5424,2,6,2,449086,156524,43959,63997,1.449886990996332,0.2902081887892763
4997,0.5425,55,295,55,449381,156229,44014,63942,1.4471543962355033,0.290419719218244
4998,0.5426,1,8,1,449389,156221,44015,63941,1.447080291970803,0.2904270491728818
4999,0.5427,10,45,10,449434,156176,44025,63931,1.446663455481863,0.2904541881902893
5000,0.5428,5,9,5,449443,156167,44030,63926,1.446580088184075,0.2904499461591236
5001,0.5429,4,20,4,449463,156147,44034,63922,1.446394827522324,0.2904634455557121
5002,0.543,11,50,11,449513,156097,44045,63911,1.4459316758679461,0.2904939820370168
5003,0.5431,0,14,0,449527,156083,44045,63911,1.4458019934047204,0.2905124685218688
5004,0.5432,5,21,5,449548,156062,44050,63906,1.4456074697098817,0.29052407622926973
5005,0.5433,109,550,109,450098,155512,44159,63797,1.440512801511727,0.290900054261339
5006,0.5434,1,3,1,450101,155509,44160,63796,1.4404850124124644,0.29090080025535214
5007,0.5435,3,35,3,450136,155474,44163,63793,1.4401608062544,0.29093753277967044
5008,0.5436,0,5,0,450141,155469,44163,63793,1.4401144910889623,0.2909441672519634
5009,0.5437,4,27,4,450168,155442,44167,63789,1.4398643891955982,0.29096706213993456
5010,0.5438,4,26,4,450194,155416,44171,63785,1.4396235503353219,0.29098863600074815
5011,0.5439,0,5,0,450199,155411,44171,63785,1.4395772351698841,0.2909952736363802
5012,0.544,26,106,26,450305,155305,44197,63759,1.4385953536626033,0.2910519300295804
5013,0.5441,2,5,2,450310,155300,44199,63757,1.4385490384971655,0.29105210059482234
5014,0.5442,24,130,24,450440,155170,44223,63733,1.4373448441957835,0.29114722045837654
5015,0.5443,8,44,8,450484,155126,44231,63725,1.436937270739931,0.2911798438206816
5016,0.5444,1,8,1,450492,155118,44232,63724,1.4368631664752307,0.2911872492483161
5017,0.5445,2,13,2,450505,155105,44234,63722,1.4367427470450924,0.2911980697080342
5018,0.5446,4,6,4,450511,155099,44238,63718,1.4366871688465672,0.2911930974284448
5019,0.5447,7,37,7,450548,155062,44245,63711,1.4363444366223277,0.29121966604654137
5020,0.5448,4,22,4,450570,155040,44249,63707,1.4361406498944014,0.29123599409363327
5021,0.5449,1,3,1,450573,155037,44250,63706,1.4361128607951388,0.2912367481473693
5022,0.545,207,1043,207,451616,153994,44457,63499,1.4264515172848198,0.29195882166322595
5023,0.5451,0,7,0,451623,153987,44457,63499,1.426386676053207,0.29196821864395867
5024,0.5452,5,19,5,451642,153968,44462,63494,1.4262106784245434,0.2919774489336068
5025,0.5453,6,21,6,451663,153947,44468,63488,1.4260161547297048,0.29198611079173087
5026,0.5454,2,8,2,451671,153939,44470,63486,1.4259420504650042,0.29199034149706793
5027,0.5455,5,25,5,451696,153914,44475,63481,1.4257104746378153,0.2920076358701902
5028,0.5456,0,4,0,451700,153910,44475,63481,1.4256734225054652,0.29201300881821235
5029,0.5457,8,49,8,451749,153861,44483,63473,1.425219533884175,0.2920527851141561
5030,0.5458,21,103,21,451852,153758,44504,63452,1.4242654414761569,0.29212283044058746
5031,0.5459,2,0,2,451852,153758,44506,63450,1.4242654414761569,0.2921163124746787
5032,0.546,20,112,20,451964,153646,44526,63430,1.4232279817703508,0.29220180950450536
5033,0.5461,1,14,1,451978,153632,44527,63429,1.423098299307125,0.29221739511013034
5034,0.5462,3,16,3,451994,153616,44530,63426,1.4229500907777242,0.2922291538043328
5035,0.5463,4,35,4,452029,153581,44534,63422,1.4226258846196598,0.29226324060036035
5036,0.5464,4,12,4,452041,153569,44538,63418,1.4225147282226092,0.2922663569706941
5037,0.5465,7,33,7,452074,153536,44545,63411,1.42220904813072,0.2922879781697834
5038,0.5466,2,5,2,452079,153531,44547,63409,1.4221627329652822,0.29228819028302755
5039,0.5467,129,565,129,452644,152966,44676,63280,1.416929119270814,0.29262969026016666
5040,0.5468,5,24,5,452668,152942,44681,63275,1.4167068064767128,0.29264581415892366
5041,0.5469,1,7,1,452675,152935,44682,63274,1.4166419652450999,0.2926520172610761
5042,0.547,9,50,9,452725,152885,44691,63265,1.416178813590722,0.29269026139255144
5043,0.5471,2,13,2,452738,152872,44693,63263,1.416058394160584,0.29270132093367573
5044,0.5472,1,13,1,452751,152859,44694,63262,1.4159379747304457,0.2927156546564193
5045,0.5473,13,48,13,452799,152811,44707,63249,1.4154933491422432,0.2927381282976951
5046,0.5474,2,10,2,452809,152801,44709,63247,1.4154007188113675,0.2927451307116937
5047,0.5475,64,282,64,453091,152519,44773,63183,1.4127885434806773,0.2929180072507441
5048,0.5476,0,5,0,453096,152514,44773,63183,1.4127422283152395,0.2929247972850805
5049,0.5477,6,36,6,453132,152478,44779,63177,1.4124087591240877,0.29295402378799473
5050,0.5478,6,15,6,453147,152463,44785,63171,1.4122698136277743,0.29295472884610035
5051,0.5479,3,10,3,453157,152453,44788,63168,1.4121771832968988,0.29295847807031783
5052,0.548,16,83,16,453240,152370,44804,63152,1.4114083515506317,0.293018810144672
5053,0.5481,3,3,3,453243,152367,44807,63149,1.4113805624513691,0.2930130477551551
5054,0.5482,3,22,3,453265,152345,44810,63146,1.4111767757234428,0.2930331197126562
5055,0.5483,57,309,57,453574,152036,44867,63089,1.4083144984993887,0.293266705403835
5056,0.5484,1,5,1,453579,152031,44868,63088,1.4082681833339508,0.2932702364737657
5057,0.5485,9,37,9,453616,151994,44877,63079,1.4079254511097115,0.2932911151097534
5058,0.5486,4,12,4,453628,151982,44881,63075,1.4078142947126606,0.2932943359202444
5059,0.5487,7,25,7,453653,151957,44888,63068,1.407582718885472,0.29330542960120914
5060,0.5488,4,16,4,453669,151941,44892,63064,1.407434510356071,0.2933141089742099
5061,0.5489,4,13,4,453682,151928,44896,63060,1.4073140909259327,0.293318696857499
5062,0.549,22,58,22,453740,151870,44918,63038,1.4067768350068546,0.29332551603476836
5063,0.5491,1,2,1,453742,151868,44919,63037,1.4067583089406794,0.2933249575393779
5064,0.5492,19,102,19,453844,151766,44938,63018,1.405813479565749,0.2934017431466031
5065,0.5493,10,54,10,453898,151712,44948,63008,1.405313275779021,0.2934426229508197
5066,0.5494,0,6,0,453904,151706,44948,63008,1.4052576975804958,0.2934508229551869
5067,0.5495,1,22,1,453926,151684,44949,63007,1.4050539108525695,0.29347760269410456
5068,0.5496,2,8,2,453934,151676,44951,63005,1.4049798065878691,0.29348195695007945
5069,0.5497,6,31,6,453965,151645,44957,62999,1.404692652562155,0.29350459365274595
5070,0.5498,2,17,2,453982,151628,44959,62997,1.4045351809996665,0.29352125800815376
5071,0.5499,0,8,0,453990,151620,44959,62997,1.4044610767349661,0.2935321992200059
5072,0.55,561,2526,561,456516,149094,45520,62436,1.3810626551558043,0.2951638065522621
5073,0.5501,5,13,5,456529,149081,45525,62431,1.380942235725666,0.29516528613033777
5074,0.5502,4,24,4,456553,149057,45529,62427,1.3807199229315648,0.2951854513816648
5075,0.5503,6,20,6,456573,149037,45535,62421,1.3805346622698136,0.2951933717333939
5076,0.5504,1,10,1,456583,149027,45536,62420,1.380442031938938,0.2952039991108883
5077,0.5505,2,26,2,456609,149001,45538,62418,1.3802011930786617,0.2952336355767457
5078,0.5506,0,9,0,456618,148992,45538,62418,1.3801178257808737,0.2952462040584646
5079,0.5507,8,61,8,456679,148931,45546,62410,1.379552780762533,0.29530474446510613
5080,0.5508,17,112,17,456791,148819,45563,62393,1.378515321056727,0.2954046171619037
5081,0.5509,4,5,4,456796,148814,45567,62389,1.378469005891289,0.29539826612311376
5082,0.551,9,62,9,456858,148752,45576,62380,1.3778946978398607,0.2954549760339503
5083,0.5511,0,4,0,456862,148748,45576,62380,1.3778576457075105,0.29546057368042133
5084,0.5512,2,27,2,456889,148721,45578,62378,1.3776075438141464,0.2954916887337221
5085,0.5513,11,52,11,456941,148669,45589,62367,1.3771258660935937,0.29552777725127466
5086,0.5514,1,9,1,456950,148660,45590,62366,1.3770424987958056,0.29553704282884574
5087,0.5515,7,36,7,456986,148624,45597,62359,1.3767090296046538,0.29556409758132174
5088,0.5516,0,1,0,456987,148623,45597,62359,1.3766997665715661,0.2955654984785432
5089,0.5517,78,355,78,457342,148268,45675,62281,1.3734113898254845,0.2958028772399774
5090,0.5518,7,19,7,457361,148249,45682,62274,1.373235392196821,0.2958061589470034
5091,0.5519,2,7,2,457368,148242,45684,62272,1.3731705509652081,0.2958093048443334
5092,0.552,12,51,12,457419,148191,45696,62260,1.3726981362777428,0.295840837059458
5093,0.5521,1,18,1,457437,148173,45697,62259,1.3725314016821668,0.2958627965328467
5094,0.5522,5,24,5,457461,148149,45702,62254,1.3723090888880656,0.2958798115996445
5095,0.5523,5,31,5,457492,148118,45707,62249,1.3720219348623512,0.2959066773781059
5096,0.5524,1,13,1,457505,148105,45708,62248,1.3719015154322132,0.29592161747158346
5097,0.5525,64,251,64,457756,147854,45772,62184,1.369576494127237,0.29606071282339386
5098,0.5526,0,13,0,457769,147841,45772,62184,1.3694560746970987,0.2960790382097369
5099,0.5527,5,54,5,457823,147787,45777,62179,1.3689558709103709,0.29613842241124755
5100,0.5528,3,18,3,457841,147769,45780,62176,1.3687891363147948,0.29615375455476434
5101,0.5529,0,12,0,457853,147757,45780,62176,1.3686779799177442,0.2961706830274421
5102,0.553,14,51,14,457904,147706,45794,62162,1.368205565230279,0.2961957039663026
5103,0.5531,0,3,0,457907,147703,45794,62162,1.3681777761310163,0.29619993805541656
5104,0.5532,2,18,2,457925,147685,45796,62160,1.3680110415354403,0.2962186375658224
5105,0.5533,104,500,104,458425,147185,45900,62056,1.3633795249916634,0.2965766747434776
5106,0.5534,0,8,0,458433,147177,45900,62056,1.3633054207269628,0.296588014318965
5107,0.5535,4,29,4,458462,147148,45904,62052,1.3630367927674238,0.29661567877629064
5108,0.5536,2,7,2,458469,147141,45906,62050,1.362971951535811,0.2966188793972972
5109,0.5537,6,19,6,458488,147122,45912,62044,1.3627959539071473,0.29662564661560675
5110,0.5538,8,21,8,458509,147101,45920,62036,1.3626014302123086,0.2966285257988783
5111,0.5539,3,8,3,458517,147093,45923,62033,1.3625273259476083,0.2966297830016354
5112,0.554,28,119,28,458636,146974,45951,62005,1.3614250250101894,0.2967044535575345
5113,0.5541,0,2,0,458638,146972,45951,62005,1.3614064989440142,0.29670729314709277
5114,0.5542,24,126,24,458764,146846,45975,61981,1.3602393567749824,0.29680548971157944
5115,0.5543,10,46,10,458810,146800,45985,61971,1.3598132572529549,0.29683720440099437
5116,0.5544,0,6,0,458816,146794,45985,61971,1.3597576790544297,0.2968457356357627
5117,0.5545,6,18,6,458834,146776,45991,61965,1.3595909444588536,0.2968511217250085
5118,0.5546,5,7,5,458841,146769,45996,61960,1.3595261032272408,0.2968442334318662
5119,0.5547,3,42,3,458883,146727,45999,61957,1.3591370558375635,0.2968938682409768
5120,0.5548,3,16,3,458899,146711,46002,61954,1.3589888473081626,0.2969065248124985
5121,0.5549,0,10,0,458909,146701,46002,61954,1.3588962169772871,0.29692075435527543
5122,0.555,190,977,190,459886,145724,46192,61764,1.3498462336507466,0.29767504626773594
5123,0.5551,1,6,1,459892,145718,46193,61763,1.3497906554522212,0.2976802695186547
5124,0.5552,3,28,3,459920,145690,46196,61760,1.3495312905257697,0.29771029163653895
5125,0.5553,10,25,10,459945,145665,46206,61750,1.349299714698581,0.2977123158884362
5126,0.5554,2,11,2,459956,145654,46208,61748,1.3491978213346179,0.29772133344905066
5127,0.5555,3,32,3,459988,145622,46211,61745,1.348901404275816,0.29775711660968235
5128,0.5556,0,10,0,459998,145612,46211,61745,1.3488087739449406,0.2977714762462806
5129,0.5557,8,49,8,460047,145563,46219,61737,1.3483548853236504,0.2978147612156295
5130,0.5558,25,101,25,460148,145462,46244,61712,1.3474193189818073,0.29787521600200795
5131,0.5559,3,2,3,460150,145460,46247,61709,1.3474007929156322,0.2978679242550768
5132,0.556,17,115,17,460265,145345,46264,61692,1.3463355441105636,0.2979757241459256
5133,0.5561,1,7,1,460272,145338,46265,61691,1.3462707028789507,0.2979824082616445
5134,0.5562,5,20,5,460292,145318,46270,61686,1.3460854422171995,0.29799424165716604
5135,0.5563,9,24,9,460316,145294,46279,61677,1.3458631294230983,0.29799827028907433
5136,0.5564,0,5,0,460321,145289,46279,61677,1.3458168142576605,0.29800546949740536
5137,0.5565,8,18,8,460339,145271,46287,61669,1.3456500796620845,0.29800425244032086
5138,0.5566,2,4,2,460343,145267,46289,61667,1.3456130275297344,0.2980032280823838
5139,0.5567,115,511,115,460854,144756,46404,61552,1.3408796176219941,0.29835003974639857
5140,0.5568,1,20,1,460874,144736,46405,61551,1.340694356960243,0.29837556414122074
5141,0.5569,1,10,1,460884,144726,46406,61550,1.3406017266293675,0.29838662762512363
5142,0.557,10,38,10,460922,144688,46416,61540,1.3402497313720405,0.29840758771844755
5143,0.5571,0,13,0,460935,144675,46416,61540,1.3401293119419022,0.2984263996314526
5144,0.5572,3,15,3,460950,144660,46419,61537,1.339990366445589,0.29843790161835526
5145,0.5573,5,29,5,460979,144631,46424,61532,1.3397217384860498,0.29846286676076694
5146,0.5574,0,4,0,460983,144627,46424,61532,1.3396846863536997,0.2984686576865429
5147,0.5575,64,280,64,461263,144347,46488,61468,1.3370910370891844,0.2986565605033647
5148,0.5576,1,5,1,461268,144342,46489,61467,1.3370447219237467,0.2986604084369488
5149,0.5577,9,26,9,461294,144316,46498,61458,1.3368038830634703,0.29866747013714073
5150,0.5578,1,17,1,461311,144299,46499,61457,1.336646411500982,0.2986887381169929
5151,0.5579,1,15,1,461326,144284,46500,61456,1.3365074660046685,0.29870710605618744
5152,0.558,18,76,18,461402,144208,46518,61438,1.3358034754900145,0.2987561148770217
5153,0.5581,1,3,1,461405,144205,46519,61437,1.3357756863907517,0.298757063245835
5154,0.5582,2,27,2,461432,144178,46521,61435,1.335525584497388,0.29878947342823653
5155,0.5583,64,277,64,461709,143901,46585,61371,1.3329597243321354,0.2989740441950193
5156,0.5584,0,8,0,461717,143893,46585,61371,1.3328856200674348,0.2989856964689376
5157,0.5585,4,29,4,461746,143864,46589,61367,1.3326169921078959,0.29901428146819925
5158,0.5586,0,12,0,461758,143852,46589,61367,1.3325058357108452,0.2990317660645457
5159,0.5587,5,36,5,461794,143816,46594,61362,1.3321723665196932,0.29906715144898577
5160,0.5588,3,31,3,461825,143785,46597,61359,1.331885212493979,0.29910209413875133
5161,0.5589,2,10,2,461835,143775,46599,61357,1.3317925821631036,0.29910984146793285
5162,0.559,14,69,14,461904,143706,46613,61343,1.3311534328800623,0.29916263917405106
5163,0.5591,0,3,0,461907,143703,46613,61343,1.3311256437807997,0.29916701618173486
5164,0.5592,26,96,26,462003,143607,46639,61317,1.3302363926043943,0.2992182467646542
5165,0.5593,10,48,10,462051,143559,46649,61307,1.3297917670161918,0.29925414661290795
5166,0.5594,2,8,2,462059,143551,46651,61305,1.3297176627514913,0.29925899168196196
5167,0.5595,4,28,4,462087,143523,46655,61301,1.3294582978250398,0.2992862164590087
5168,0.5596,0,8,0,462095,143515,46655,61301,1.3293841935603394,0.29929790641356147
5169,0.5597,6,24,6,462119,143491,46661,61295,1.3291618807662382,0.29931245299971676
5170,0.5598,6,43,6,462162,143448,46667,61289,1.3287635703434733,0.2993547819886
5171,0.5599,1,4,1,462166,143444,46668,61288,1.328726518211123,0.29935720844811753
5172,0.56,517,2432,517,464598,141012,47185,60771,1.3061988217421914,0.3011700688363242
5173,0.5601,2,6,2,464604,141006,47187,60769,1.306143243543666,0.30117209763350267
5174,0.5602,4,19,4,464623,140987,47191,60765,1.3059672459150025,0.3011866053372457
5175,0.5603,5,25,5,464648,140962,47196,60760,1.3057356700878135,0.30120661107861313
5176,0.5604,3,5,3,464653,140957,47199,60757,1.3056893549223758,0.3012036844244822
5177,0.5605,6,30,6,464683,140927,47205,60751,1.3054114639297492,0.30122769960035306
5178,0.5606,1,9,1,464692,140918,47206,60750,1.3053280966319611,0.3012376777674197
5179,0.5607,9,48,9,464740,140870,47215,60741,1.3048834710437585,0.3012782040662464
5180,0.5608,21,103,21,464843,140767,47236,60720,1.3039293786357404,0.30135939291368674
5181,0.5609,0,2,0,464845,140765,47236,60720,1.3039108525695653,0.3013623842965978
5182,0.561,18,52,18,464897,140713,47254,60702,1.3034291748490126,0.30137775240175757
5183,0.5611,0,8,0,464905,140705,47254,60702,1.3033550705843122,0.30138972329660835
5184,0.5612,1,25,1,464930,140680,47255,60701,1.3031234947571233,0.3014236695616766
5185,0.5613,8,27,8,464957,140653,47263,60693,1.3028733928637592,0.3014363334757085
5186,0.5614,0,6,0,464963,140647,47263,60693,1.302817814665234,0.3014453163802523
5187,0.5615,4,25,4,464988,140622,47267,60689,1.3025862388380451,0.30146887154700935
5188,0.5616,1,4,1,464992,140618,47268,60688,1.3025491867056949,0.3014713918114711
5189,0.5617,62,325,62,465317,140293,47330,60626,1.29953870095224,0.30174348866956335
5190,0.5618,4,10,4,465327,140283,47334,60622,1.2994460706213642,0.30174460565939126
5191,0.5619,2,5,2,465332,140278,47336,60620,1.2993997554559265,0.30174516421268505
5192,0.562,16,68,16,465400,140210,47352,60604,1.2987698692059728,0.3017917077494597
5193,0.5621,0,8,0,465408,140202,47352,60604,1.2986957649412725,0.3018037309642142
5194,0.5622,4,21,4,465429,140181,47356,60600,1.2985012412464336,0.30182138748188325
5195,0.5623,7,22,7,465451,140159,47363,60593,1.2982974545185075,0.30183011875348686
5196,0.5624,1,5,1,465456,140154,47364,60592,1.2982511393530698,0.301834158588465
5197,0.5625,76,256,76,465712,139898,47440,60516,1.295879802882656,0.3019549532467792
5198,0.5626,0,4,0,465716,139894,47440,60516,1.2958427507503056,0.3019609799910184
5199,0.5627,8,52,8,465768,139842,47448,60508,1.295361073029753,0.3020114799101572
5200,0.5628,1,10,1,465778,139832,47449,60507,1.2952684426988774,0.30202307089483327
5201,0.5629,1,13,1,465791,139819,47450,60506,1.2951480232687391,0.30203918632222637
5202,0.563,8,54,8,465845,139765,47458,60498,1.2946478194820112,0.30209274803633224
5203,0.5631,1,3,1,465848,139762,47459,60497,1.2946200303827484,0.30209378854383573
5204,0.5632,3,18,3,465866,139744,47462,60494,1.2944532957871726,0.3021104885186628
5205,0.5633,120,496,120,466362,139248,47582,60374,1.2898588313757458,0.30244161465169167
5206,0.5634,1,3,1,466365,139245,47583,60373,1.289831042276483,0.302442665491088
5207,0.5635,8,24,8,466389,139221,47591,60365,1.2896087294823817,0.30245107372260577
5208,0.5636,1,16,1,466405,139205,47592,60364,1.2894605209529808,0.3024718267867254
5209,0.5637,2,14,2,466419,139191,47594,60362,1.289330838489755,0.30248605633591075
5210,0.5638,7,18,7,466437,139173,47601,60355,1.289164103894179,0.3024888737420312
5211,0.5639,4,2,4,466439,139171,47605,60351,1.289145577828004,0.3024779222341396
5212,0.564,16,82,16,466521,139089,47621,60335,1.2883860091148245,0.30254633344030807
5213,0.5641,1,4,1,466525,139085,47622,60334,1.2883489569824744,0.3025489045677694
5214,0.5642,20,115,20,466640,138970,47642,60314,1.2872837081774056,0.30265349952831133
5215,0.5643,10,41,10,466681,138929,47652,60304,1.286903923820816,0.3026807807943463
5216,0.5644,1,5,1,466686,138924,47653,60303,1.286857608655378,0.30268487704979746
5217,0.5645,4,17,4,466703,138907,47657,60299,1.2867001370928897,0.30269670592251235
5218,0.5646,1,17,1,466720,138890,47658,60298,1.2865426655304013,0.3027190392995562
5219,0.5647,6,31,6,466751,138859,47664,60292,1.2862555115046872,0.3027451531752288
5220,0.5648,2,13,2,466764,138846,47666,60290,1.286135092074549,0.30275791418929776
5221,0.5649,2,3,2,466767,138843,47668,60288,1.2861073029752863,0.30275547252813473
5222,0.565,216,970,216,467737,137873,47884,60072,1.2771221608803587,0.3034782389047463
5223,0.5651,0,3,0,467740,137870,47884,60072,1.277094371781096,0.3034828384072102
5224,0.5652,1,12,1,467752,137858,47885,60071,1.2769832153840452,0.30349771887899196
5225,0.5653,6,30,6,467782,137828,47891,60065,1.2767053243914188,0.30352261070376413
5226,0.5654,1,10,1,467792,137818,47892,60064,1.2766126940605431,0.3035344296095653
5227,0.5655,7,22,7,467814,137796,47899,60057,1.276408907332617,0.3035435399008355
5228,0.5656,1,11,1,467825,137785,47900,60056,1.2763070139686539,0.3035568966998752
5229,0.5657,11,53,11,467878,137732,47911,60045,1.2758160732150134,0.30359950853739315
5230,0.5658,35,110,35,467988,137622,47946,60010,1.2747971395753825,0.30364515867875647
5231,0.5659,2,7,2,467995,137615,47948,60008,1.2747322983437697,0.3036488667817005
5232,0.566,26,108,26,468103,137507,47974,59982,1.273731890770314,0.30372324534531037
5233,0.5661,1,6,1,468109,137501,47975,59981,1.2736763125717885,0.30372894744837503
5234,0.5662,7,25,7,468134,137476,47982,59974,1.2734447367445996,0.3037427196758673
5235,0.5663,6,17,6,468151,137459,47988,59968,1.2732872651821112,0.30374771434504905
5236,0.5664,2,6,2,468157,137453,47990,59966,1.2732316869835858,0.30374989236091765
5237,0.5665,6,30,6,468187,137423,47996,59960,1.2729537959909594,0.30377489449446
5238,0.5666,0,5,0,468192,137418,47996,59960,1.2729074808255214,0.30378258975164407
5239,0.5667,122,515,122,468707,136903,48118,59838,1.268137018785431,0.30414606004849015
5240,0.5668,5,19,5,468726,136884,48123,59833,1.2679610211567676,0.30415774945734225
5241,0.5669,2,8,2,468734,136876,48125,59831,1.2678869168920672,0.30416304452815607
5242,0.567,12,42,12,468776,136834,48137,59819,1.26749786950239,0.3041855450972017
5243,0.5671,6,12,6,468788,136822,48143,59813,1.2673867131053391,0.3041828769039083
5244,0.5672,2,14,2,468802,136808,48145,59811,1.2672570306421134,0.3041974580279627
5245,0.5673,6,43,6,468845,136765,48151,59805,1.2668587202193486,0.3042427633921758
5246,0.5674,2,11,2,468856,136754,48153,59803,1.2667568268553855,0.30425271040970303
5247,0.5675,67,244,67,469100,136510,48220,59736,1.2644966467820222,0.30439346534451656
5248,0.5676,4,12,4,469112,136498,48224,59732,1.2643854903849716,0.30439790042297304
5249,0.5677,6,44,6,469156,136454,48230,59726,1.2639779169291192,0.3044448975430727
5250,0.5678,4,24,4,469180,136430,48234,59722,1.263755604135018,0.30446796362004974
5251,0.5679,4,12,4,469192,136418,48238,59718,1.2636444477379674,0.30447240690133376
5252,0.568,15,74,15,469266,136344,48253,59703,1.2629589832894883,0.30453411681892606
5253,0.5681,2,9,2,469275,136335,48255,59701,1.2628756159917003,0.30454100267297846
5254,0.5682,6,25,6,469300,136310,48261,59695,1.2626440401645114,0.3045585571796638
5255,0.5683,59,280,59,469580,136030,48320,59636,1.2600503908999963,0.3047846841045455
5256,0.5684,2,8,2,469588,136022,48322,59634,1.259976286635296,0.30479003966144663
5257,0.5685,7,23,7,469611,135999,48329,59627,1.2597632368742822,0.30480099782237535
5258,0.5686,1,12,1,469623,135987,48330,59626,1.2596520804772315,0.30481614207644686
5259,0.5687,11,31,11,469654,135956,48341,59615,1.2593649264515172,0.30482535754278495
5260,0.5688,3,21,3,469675,135935,48344,59612,1.2591704027566786,0.3048474279840652
5261,0.5689,4,7,4,469682,135928,48348,59608,1.2591055615250657,0.30484412077571393
5262,0.569,10,63,10,469745,135865,48358,59598,1.2585219904405498,0.3049068110077099
5263,0.5691,1,5,1,469750,135860,48359,59597,1.258475675275112,0.3049110546053608
5264,0.5692,27,118,27,469868,135742,48386,59570,1.2573826373707806,0.30499918079790284
5265,0.5693,9,50,9,469918,135692,48395,59561,1.256919485716403,0.3050452489846507
5266,0.5694,3,8,3,469926,135684,48398,59558,1.2568453814517024,0.3050470697903115
5267,0.5695,5,27,5,469953,135657,48403,59553,1.2565952795583386,0.3050714615029968
5268,0.5696,1,10,1,469963,135647,48404,59552,1.2565026492274631,0.30508353014103556
5269,0.5697,6,36,6,469999,135611,48410,59546,1.256169180036311,0.30511844309965824
5270,0.5698,2,13,2,470012,135598,48412,59544,1.256048760606173,0.30513164772319645
5271,0.5699,3,7,3,470019,135591,48415,59541,1.25598391937456,0.3051319107065986
5272,0.57,609,2387,609,472406,133204,49024,58932,1.2338730593945682,0.3067202398301203
5273,0.5701,0,8,0,472414,133196,49024,58932,1.2337989551298678,0.3067330113257828
5274,0.5702,7,17,7,472431,133179,49031,58925,1.2336414835673792,0.3067348935993004
5275,0.5703,4,28,4,472459,133151,49035,58921,1.2333821186409277,0.30676517139406057
5276,0.5704,1,11,1,472470,133140,49036,58920,1.2332802252769648,0.3067791315213996
5277,0.5705,5,31,5,472501,133109,49041,58915,1.2329930712512505,0.3068106070074574
5278,0.5706,0,8,0,472509,133101,49041,58915,1.2329189669865501,0.30682338971752354
5279,0.5707,14,40,14,472549,133061,49055,58901,1.232548445663048,0.30683676977735175
5280,0.5708,28,119,28,472668,132942,49083,58873,1.2314461447256289,0.3069259442692177
5281,0.5709,0,5,0,472673,132937,49083,58873,1.2313998295601911,0.3069339450497889
5282,0.571,13,59,13,472732,132878,49096,58860,1.2308533106080255,0.30698140170440913
5283,0.5711,1,6,1,472738,132872,49097,58859,1.2307977324095,0.306987393796517
5284,0.5712,5,25,5,472763,132847,49102,58854,1.2305661565823114,0.3070093531071825
5285,0.5713,7,37,7,472800,132810,49109,58847,1.2302234243580719,0.30704331174963606
5286,0.5714,0,3,0,472803,132807,49109,58847,1.230195635258809,0.3070481179625784
5287,0.5715,6,35,6,472838,132772,49115,58841,1.2298714291007447,0.30708250484048577
5288,0.5716,1,1,1,472839,132771,49116,58840,1.2298621660676572,0.30708049120353215
5289,0.5717,59,307,59,473146,132464,49175,58781,1.227018414909778,0.307359669533844
5290,0.5718,5,19,5,473165,132445,49180,58776,1.2268424172811145,0.307372098252807
5291,0.5719,0,4,0,473169,132441,49180,58776,1.2268053651487643,0.30737852805974364
5292,0.572,19,61,19,473230,132380,49199,58757,1.2262403201304235,0.30740777557458787
5293,0.5721,3,10,3,473240,132370,49202,58754,1.226147689799548,0.30741298842636194
5294,0.5722,6,25,6,473265,132345,49208,58748,1.2259161139723591,0.307431460074414
5295,0.5723,5,35,5,473300,132310,49213,58743,1.2255919078142947,0.3074696550171942
5296,0.5724,3,6,3,473306,132304,49216,58740,1.2255363296157693,0.30746843659052364
5297,0.5725,54,257,54,473563,132047,49270,58686,1.223155730112268,0.30768666145868834
5298,0.5726,0,11,0,473574,132036,49270,58686,1.2230538367483048,0.3077044074621701
5299,0.5727,6,45,6,473619,131991,49276,58680,1.222637000259365,0.30775524332488946
5300,0.5728,4,15,4,473634,131976,49280,58676,1.2224980547630515,0.3077649329668716
5301,0.5729,2,12,2,473646,131964,49282,58674,1.222386898366001,0.3077770434016303
5302,0.573,14,35,14,473681,131929,49296,58660,1.2220626922079365,0.30778271568663457
5303,0.5731,3,7,3,473688,131922,49299,58657,1.2219978509763236,0.30778312405878927
5304,0.5732,2,25,2,473713,131897,49301,58655,1.221766275149135,0.30781623913682354
5305,0.5733,110,469,110,474182,131428,49411,58545,1.217421912631072,0.30817537228974645
5306,0.5734,0,8,0,474190,131420,49411,58545,1.2173478083663716,0.30818835048561577
5307,0.5735,4,21,4,474211,131399,49415,58541,1.217153284671533,0.30820785511214066
5308,0.5736,0,10,0,474221,131389,49415,58541,1.2170606543406572,0.30822408255673145
5309,0.5737,7,26,7,474247,131363,49422,58534,1.2168198154803809,0.308240783161398
5310,0.5738,4,14,4,474261,131349,49426,58530,1.2166901330171551,0.30824893748123805
5311,0.5739,2,4,2,474265,131345,49428,58528,1.2166530808848048,0.3082481448125853
5312,0.574,24,109,24,474374,131236,49452,58504,1.2156434102782616,0.30833772530831666
5313,0.5741,2,6,2,474380,131230,49454,58502,1.2155878320797362,0.3083401851031982
5314,0.5742,23,111,23,474491,131119,49477,58479,1.2145596354070176,0.30843679785651745
5315,0.5743,6,36,6,474527,131083,49483,58473,1.2142261662158658,0.30847348540800607
5316,0.5744,1,9,1,474536,131074,49484,58472,1.2141427989180777,0.30848448397750416
5317,0.5745,8,34,8,474570,131040,49492,58464,1.2138278557931008,0.30851063829787234
5318,0.5746,0,8,0,474578,131032,49492,58464,1.2137537515284005,0.30852366276860727
5319,0.5747,5,30,5,474608,131002,49497,58459,1.2134758605357738,0.3085542671051034
5320,0.5748,2,25,2,474633,130977,49499,58457,1.213244284708585,0.3085876875323332
5321,0.5749,2,10,2,474643,130967,49501,58455,1.2131516543777094,0.3085966783161407
5322,0.575,224,867,224,475510,130100,49725,58231,1.2051206046907998,0.3091949811767579
5323,0.5751,1,3,1,475513,130097,49726,58230,1.2050928155915372,0.30919623845757643
5324,0.5752,5,17,5,475530,130080,49731,58225,1.204935344029049,0.30920580972358674
5325,0.5753,7,37,7,475567,130043,49738,58218,1.2045926118048094,0.3092408942903735
5326,0.5754,3,10,3,475577,130033,49741,58215,1.204499981473934,0.3092463133738473
5327,0.5755,6,28,6,475605,130005,49747,58209,1.2042406165474824,0.30927029870254075
5328,0.5756,3,6,3,475611,129999,49750,58206,1.204185038348957,0.3092691480035068
5329,0.5757,9,37,9,475648,129962,49759,58197,1.2038423061247174,0.3092969244096748
5330,0.5758,20,98,20,475746,129864,49779,58177,1.2029345288821371,0.3093846554740721
5331,0.5759,2,2,2,475748,129862,49781,58175,1.202916002815962,0.30938060062647244
5332,0.576,25,118,25,475866,129744,49806,58150,1.2018229649116308,0.30948300637593534
5333,0.5761,2,4,2,475870,129740,49808,58148,1.2017859127792805,0.3094822447415482
5334,0.5762,7,20,7,475890,129720,49815,58141,1.2016006521175293,0.3094894629539926
5335,0.5763,4,25,4,475915,129695,49819,58137,1.2013690762903404,0.30951595042378294
5336,0.5764,3,6,3,475921,129689,49822,58134,1.2013134980918152,0.3095148091554282
5337,0.5765,5,30,5,475951,129659,49827,58129,1.2010356070991886,0.3095458708756683
5338,0.5766,0,10,0,475961,129649,49827,58129,1.200942976768313,0.3095623555475082
5339,0.5767,103,518,103,476479,129131,49930,58026,1.19614472562896,0.31003916497913514
5340,0.5768,7,30,7,476509,129101,49937,58019,1.1958668346363333,0.31006306113723814
5341,0.5769,1,1,1,476510,129100,49938,58018,1.1958575716032458,0.31006103100717197
5342,0.577,8,38,8,476548,129062,49946,58010,1.1955055763459188,0.31009450906602803
5343,0.5771,5,14,5,476562,129048,49951,58005,1.195375893882693,0.3100992766755946
5344,0.5772,2,16,2,476578,129032,49953,58003,1.1952276853532922,0.31011842703237363
5345,0.5773,10,52,10,476630,128980,49963,57993,1.1947460076327392,0.3101677782353602
5346,0.5774,1,11,1,476641,128969,49964,57992,1.1946441142687763,0.3101823374928461
5347,0.5775,63,254,63,476895,128715,50027,57929,1.1922913038645373,0.31037161655343865
5348,0.5776,0,4,0,476899,128711,50027,57929,1.1922542517321872,0.3103782683240463
5349,0.5777,7,38,7,476937,128673,50034,57922,1.19190225647486,0.3104156059915861
5350,0.5778,7,17,7,476954,128656,50041,57915,1.1917447849123717,0.3104180178055539
5351,0.5779,3,16,3,476970,128640,50044,57912,1.1915965763829708,0.3104335520391097
5352,0.578,20,61,20,477031,128579,50064,57892,1.19103153136463,0.31046114409211084
5353,0.5781,2,1,2,477032,128578,50066,57890,1.1910222683315426,0.31045541326125664
5354,0.5782,7,20,7,477052,128558,50073,57883,1.1908370076697914,0.31046282738238906
5355,0.5783,81,283,81,477335,128275,50154,57802,1.1882155693060135,0.31063484471482233
5356,0.5784,0,2,0,477337,128273,50154,57802,1.1881970432398385,0.31063818352814726
5357,0.5785,7,26,7,477363,128247,50161,57795,1.187956204379562,0.3106556583997162
5358,0.5786,3,22,3,477385,128225,50164,57792,1.1877524176516359,0.31068128181832844
5359,0.5787,7,30,7,477415,128195,50171,57785,1.1874745266590092,0.3107054521991612
5360,0.5788,7,14,7,477429,128181,50178,57778,1.1873448441957835,0.31070289687511765
5361,0.5789,3,7,3,477436,128174,50181,57775,1.1872800029641706,0.3107034724575018
5362,0.579,6,50,6,477486,128124,50187,57769,1.186816851309793,0.3107647948013104
5363,0.5791,1,1,1,477487,128123,50188,57768,1.1868075882767053,0.31076275882102955
5364,0.5792,27,117,27,477604,128006,50215,57741,1.1857238134054615,0.3108583180347462
5365,0.5793,8,37,8,477641,127969,50223,57733,1.185381081181222,0.310890566606714
5366,0.5794,0,2,0,477643,127967,50223,57733,1.1853625551150468,0.31089391491653207
5367,0.5795,2,24,2,477667,127943,50225,57731,1.1851402423209456,0.31092667794090717
5368,0.5796,1,7,1,477674,127936,50226,57730,1.1850754010893327,0.31093468917303113
5369,0.5797,5,18,5,477692,127918,50231,57725,1.1849086664937567,0.31094627861002033
5370,0.5798,6,20,6,477712,127898,50237,57719,1.1847234058320055,0.3109575092798612
5371,0.5799,3,1,3,477713,127897,50240,57716,1.184714142798918,0.3109480478199264
5372,0.58,574,2268,574,479981,125629,50814,57142,1.1637055837563453,0.31264259647318227
5373,0.5801,2,5,2,479986,125624,50816,57140,1.1636592685909075,0.31264362784793504
5374,0.5802,3,20,3,480006,125604,50819,57137,1.1634740079291563,0.31266656087030276
5375,0.5803,10,17,10,480023,125587,50829,57127,1.163316536366668,0.31265803386713664
5376,0.5804,2,15,2,480038,125572,50831,57125,1.1631775908703545,0.31267617968549016
5377,0.5805,4,26,4,480064,125546,50835,57121,1.1629367520100782,0.3127056337488435
5378,0.5806,3,12,3,480076,125534,50838,57118,1.1628255956130276,0.31271488951667653
5379,0.5807,11,51,11,480127,125483,50849,57107,1.1623531809255623,0.3127608302754806
5380,0.5808,14,82,14,480209,125401,50863,57093,1.1615936122123829,0.31284864159917586
5381,0.5809,1,4,1,480213,125397,50864,57092,1.1615565600800326,0.31285173352914425
5382,0.581,15,59,15,480272,125338,50879,57077,1.161010041127867,0.31289641750952496
5383,0.5811,3,2,3,480274,125336,50882,57074,1.1609915150616918,0.31288854777698594
5384,0.5812,7,30,7,480304,125306,50889,57067,1.1607136240690652,0.3129136440152874
5385,0.5813,6,31,6,480335,125275,50895,57061,1.160426470043351,0.31294423481923483
5386,0.5814,2,8,2,480343,125267,50897,57059,1.1603523657786505,0.31295042945054463
5387,0.5815,5,25,5,480368,125242,50902,57054,1.1601207899514616,0.31297450300609997
5388,0.5816,1,2,1,480370,125240,50903,57053,1.1601022638852867,0.3129741679603715
5389,0.5817,66,276,66,480646,124964,50969,56987,1.1575456667531216,0.3131997076135883
5390,0.5818,3,14,3,480660,124950,50972,56984,1.157415984289896,0.31321248364791626
5391,0.5819,1,9,1,480669,124941,50973,56983,1.1573326169921079,0.3132242035135551
5392,0.582,15,70,15,480739,124871,50988,56968,1.156684204675979,0.31328812850928567
5393,0.5821,2,7,2,480746,124864,50990,56966,1.1566193634443662,0.31329263597866136
5394,0.5822,4,19,4,480765,124845,50994,56962,1.1564433658157027,0.3133102685815178
5395,0.5823,4,31,4,480796,124814,50998,56958,1.1561562117899886,0.31334859054199765
5396,0.5824,1,3,1,480799,124811,50999,56957,1.1561284226907258,0.3133499845957484
5397,0.5825,75,232,75,481031,124579,51074,56882,1.1539793990144134,0.3134668055394823
5398,0.5826,0,5,0,481036,124574,51074,56882,1.1539330838489754,0.3134754430826206
5399,0.5827,11,34,11,481070,124540,51085,56871,1.1536181407239987,0.3134925666029072
5400,0.5828,1,9,1,481079,124531,51086,56870,1.1535347734262107,0.31350433569825964
5401,0.5829,4,17,4,481096,124514,51090,56866,1.1533773018637223,0.3135185797772632
5402,0.583,8,41,8,481137,124473,51098,56858,1.1529975175071325,0.31355918182770737
5403,0.5831,1,8,1,481145,124465,51099,56857,1.1529234132424322,0.313569230429843
5404,0.5832,4,14,4,481159,124451,51103,56853,1.1527937307792064,0.3135782994307903
5405,0.5833,129,443,129,481602,124008,51232,56724,1.1486902071214198,0.313856981608127
5406,0.5834,0,13,0,481615,123995,51232,56724,1.1485697876912817,0.31387955887316776
5407,0.5835,7,32,7,481647,123963,51239,56717,1.14827337063248,0.313908567633385
5408,0.5836,0,8,0,481655,123955,51239,56717,1.1481992663677794,0.3139224672334396
5409,0.5837,2,24,2,481679,123931,51241,56715,1.1479769535736781,0.3139565780587447
5410,0.5838,6,30,6,481709,123901,51247,56709,1.1476990625810515,0.3139859365483639
5411,0.5839,3,16,3,481725,123885,51250,56706,1.1475508540516506,0.31400235892154094
5412,0.584,21,91,21,481816,123794,51271,56685,1.1467079180406832,0.31408086259343193
5413,0.5841,0,2,0,481818,123792,51271,56685,1.146689391974508,0.31408434315729983
5414,0.5842,22,105,22,481923,123687,51293,56663,1.1457167735003149,0.31418353202107013
5415,0.5843,8,36,8,481959,123651,51301,56655,1.145383304309163,0.3142158330837576
5416,0.5844,1,7,1,481966,123644,51302,56654,1.1453184630775501,0.31422422877680284
5417,0.5845,4,19,4,481985,123625,51306,56650,1.1451424654488866,0.3142421300790459
5418,0.5846,1,11,1,481996,123614,51307,56649,1.1450405720849235,0.3142575015394174
5419,0.5847,4,28,4,482024,123586,51311,56645,1.144781207158472,0.3142911041940621
5420,0.5848,3,18,3,482042,123568,51314,56642,1.144614472562896,0.3143110815160091
5421,0.5849,1,9,1,482051,123559,51315,56641,1.144531105265108,0.314322974472808
5422,0.585,190,804,190,482855,122755,51505,56451,1.1370836266627145,0.31500619398904056
5423,0.5851,1,8,1,482863,122747,51506,56450,1.1370095223980141,0.3150164344269156
5424,0.5852,4,23,4,482886,122724,51510,56446,1.1367964726370003,0.31504158062175586
5425,0.5853,2,21,2,482907,122703,51512,56444,1.1366019489421617,0.3150708635924688
5426,0.5854,4,3,4,482910,122700,51516,56440,1.136574159842899,0.3150608462654907
5427,0.5855,4,20,4,482930,122680,51520,56436,1.136388899181148,0.31508072980638246
5428,0.5856,3,8,3,482938,122672,51523,56433,1.1363147949164474,0.31508333100695124
5429,0.5857,10,54,10,482992,122618,51533,56423,1.1358145911297195,0.3151401075731257
5430,0.5858,17,92,17,483084,122526,51550,56406,1.1349623920856646,0.31523707330158945
5431,0.5859,2,7,2,483091,122519,51552,56404,1.1348975508540518,0.31524175203858645
5432,0.586,31,94,31,483185,122425,51583,56373,1.1340268257438215,0.3152887616192575
5433,0.5861,0,4,0,483189,122421,51583,56373,1.1339897736114712,0.3152958152958153
5434,0.5862,4,16,4,483205,122405,51587,56369,1.1338415650820706,0.31530871379507086
5435,0.5863,6,30,6,483235,122375,51593,56363,1.133563674089444,0.31533865210531614
5436,0.5864,0,2,0,483237,122373,51593,56363,1.1335451480232688,0.31534218064631636
5437,0.5865,4,18,4,483255,122355,51597,56359,1.1333784134276927,0.31535861767964457
5438,0.5866,0,5,0,483260,122350,51597,56359,1.133332098262255,0.31536744092351254
5439,0.5867,121,449,121,483709,121901,51718,56238,1.1291729964059432,0.3156972925636722
5440,0.5868,3,16,3,483725,121885,51721,56235,1.1290247878765423,0.3157141253087806
5441,0.5869,3,4,3,483729,121881,51724,56232,1.128987735744192,0.3157096899159522
5442,0.587,13,38,13,483767,121843,51737,56219,1.128635740486865,0.3157271062888207
5443,0.5871,2,8,2,483775,121835,51739,56217,1.1285616362221647,0.31573360591287936
5444,0.5872,4,18,4,483793,121817,51743,56213,1.1283949016265886,0.31575015446834803
5445,0.5873,5,44,5,483837,121773,51748,56208,1.1279873281707362,0.31580899084733766
5446,0.5874,0,6,0,483843,121767,51748,56208,1.1279317499722108,0.3158196375895491
5447,0.5875,57,262,57,484105,121505,51805,56151,1.1255048353032717,0.3160658801278876
5448,0.5876,1,14,1,484119,121491,51806,56150,1.125375152840046,0.3160869393889924
5449,0.5877,6,41,6,484160,121450,51812,56144,1.1249953684834562,0.31613680642364045
5450,0.5878,4,16,4,484176,121434,51816,56140,1.1248471599540553,0.3161498868077534
5451,0.5879,3,7,3,484183,121427,51819,56137,1.1247823187224424,0.3161507963325899
5452,0.588,15,84,15,484267,121343,51834,56122,1.1240042239430879,0.31624263939368324
5453,0.5881,3,7,3,484274,121336,51837,56119,1.123939382711475,0.31624355470400944
5454,0.5882,5,18,5,484292,121318,51842,56114,1.1237726481158992,0.31625636863699896
5455,0.5883,76,260,76,484552,121058,51918,56038,1.121364259513135,0.3164272484979898
5456,0.5884,0,2,0,484554,121056,51918,56038,1.1213457334469599,0.31643082204930717
5457,0.5885,5,34,5,484588,121022,51923,56033,1.121030790321983,0.31647228262404337
5458,0.5886,2,10,2,484598,121012,51925,56031,1.1209381599911075,0.31648243647023605
5459,0.5887,9,20,9,484618,120992,51934,56022,1.1207528993293565,0.3164834419876394
5460,0.5888,2,20,2,484638,120972,51936,56020,1.1205676386676053,0.31651148074489244
5461,0.5889,2,6,2,484644,120966,51938,56018,1.12051206046908,0.3165144871852823
5462,0.589,15,63,15,484707,120903,51953,56003,1.119928489384564,0.3165692514668807
5463,0.5891,1,3,1,484710,120900,51954,56002,1.1199007002853014,0.31657075669014484
5464,0.5892,21,103,21,484813,120797,51975,55981,1.1189466078772834,0.31667402052291577
5465,0.5893,15,38,15,484851,120759,51990,55966,1.1185946126199562,0.31668411373603056
5466,0.5894,1,8,1,484859,120751,51991,55965,1.1185205083552558,0.31669458339935264
5467,0.5895,5,21,5,484880,120730,51996,55960,1.1183259846604172,0.3167128869771917
5468,0.5896,3,6,3,484886,120724,51999,55957,1.1182704064618918,0.3167120403438966
5469,0.5897,3,17,3,484903,120707,52002,55954,1.1181129348994034,0.3167309140104494
5470,0.5898,6,24,6,484927,120683,52008,55948,1.1178906221053022,0.3167507402437851
5471,0.5899,2,7,2,484934,120676,52010,55946,1.1178257808736893,0.31675555706537123
5472,0.59,530,2150,530,487084,118526,52540,55416,1.0979102597354478,0.31858895493900263
5473,0.5901,2,9,2,487093,118517,52542,55414,1.0978268924376597,0.3185976047973047
5474,0.5902,2,20,2,487113,118497,52544,55412,1.0976416317759088,0.3186264080639875
5475,0.5903,3,17,3,487130,118480,52547,55409,1.0974841602134202,0.31864580278223464
5476,0.5904,1,13,1,487143,118467,52548,55408,1.0973637407832821,0.318665708123652
5477,0.5905,5,18,5,487161,118449,52553,55403,1.097197006187706,0.31867910636633456
5478,0.5906,2,4,2,487165,118445,52555,55401,1.0971599540553558,0.3186786006005315
5479,0.5907,3,29,3,487194,118416,52558,55398,1.0968913260958169,0.3187200110462909
5480,0.5908,23,75,23,487269,118341,52581,55375,1.0961965986142503,0.31876741347947224
5481,0.5909,1,11,1,487280,118330,52582,55374,1.0960947052502872,0.3187836779809331
5482,0.591,12,53,12,487333,118277,52594,55362,1.0956037644966468,0.31883390252189886
5483,0.5911,1,8,1,487341,118269,52595,55361,1.0955296602319464,0.31884466969993663
5484,0.5912,4,14,4,487355,118255,52599,55357,1.0953999777687207,0.3188546874640002
5485,0.5913,6,38,6,487393,118217,52605,55351,1.0950479825113935,0.3189009494837758
5486,0.5914,3,6,3,487399,118211,52608,55348,1.0949924043128683,0.31890020108435746
5487,0.5915,5,31,5,487430,118180,52613,55343,1.094705250287154,0.3189375471839468
5488,0.5916,1,4,1,487434,118176,52614,55342,1.0946681981548039,0.31894097442340275
5489,0.5917,58,264,58,487698,117912,52672,55284,1.0922227574196894,0.31919905771495877
5490,0.5918,2,13,2,487711,117899,52674,55282,1.0921023379895514,0.3192151563970643
5491,0.5919,1,5,1,487716,117894,52675,55281,1.0920560228241136,0.3192204417496752
5492,0.592,12,58,12,487774,117836,52687,55269,1.0915187669050355,0.319280205655527
5493,0.5921,3,12,3,487786,117824,52690,55266,1.0914076105079846,0.319290542492345
5494,0.5922,4,22,4,487808,117802,52694,55262,1.0912038237800585,0.3193153977719225
5495,0.5923,11,42,11,487850,117760,52705,55251,1.0908147763903813,0.3193496367283005
5496,0.5924,0,4,0,487854,117756,52705,55251,1.090777724258031,0.3193570202361754
5497,0.5925,51,233,51,488087,117523,52756,55200,1.0886194375486309,0.3195868529379411
5498,0.5926,1,2,1,488089,117521,52757,55199,1.0886009114824557,0.31958661417322837
5499,0.5927,10,23,10,488112,117498,52767,55189,1.088387861721442,0.31958977803772143
5500,0.5928,6,16,6,488128,117482,52773,55183,1.0882396531920413,0.3195957489937162
5501,0.5929,1,23,1,488151,117459,52774,55182,1.0880266034310275,0.31963438580638437
5502,0.593,7,40,7,488191,117419,52781,55175,1.0876560821075252,0.31968086955514097
5503,0.5931,2,5,2,488196,117414,52783,55173,1.0876097669420874,0.3196822472144484
5504,0.5932,3,15,3,488211,117399,52786,55170,1.0874708214457742,0.31969820767345236
5505,0.5933,111,401,111,488612,116998,52897,55059,1.083756345177665,0.3200044171408312
5506,0.5934,0,4,0,488616,116994,52897,55059,1.0837192930453148,0.32001185681156386
5507,0.5935,4,19,4,488635,116975,52901,55055,1.0835432954166513,0.3200313898738592
5508,0.5936,4,10,4,488645,116965,52905,55051,1.0834506650857756,0.3200341828667101
5509,0.5937,0,25,0,488670,116940,52905,55051,1.083219089258587,0.3200807018971923
5510,0.5938,5,17,5,488687,116923,52910,55046,1.0830616176960983,0.32009257482453235
5511,0.5939,1,7,1,488694,116916,52911,55045,1.0829967764644854,0.32010165095573995
5512,0.594,26,80,26,488774,116836,52937,55019,1.0822557338174812,0.32014779901661283
5513,0.5941,0,4,0,488778,116832,52937,55019,1.082218681685131,0.320155250769562
5514,0.5942,18,84,18,488862,116748,52955,55001,1.0814405869057764,0.32024058364240837
5515,0.5943,3,39,3,488901,116709,52958,54998,1.0810793286153617,0.3203014437384614
5516,0.5944,3,11,3,488912,116698,52961,54995,1.0809774352513988,0.3203100883553785
5517,0.5945,4,25,4,488937,116673,52965,54991,1.0807458594242099,0.3203408984993942
5518,0.5946,2,7,2,488944,116666,52967,54989,1.080681018192597,0.3203460429349567
5519,0.5947,6,36,6,488980,116630,52973,54983,1.0803475490014451,0.3203894809833754
5520,0.5948,5,22,5,489002,116608,52978,54978,1.0801437622735188,0.32041075612229436
5521,0.5949,1,6,1,489008,116602,52979,54977,1.0800881840749934,0.32041799987177916
5522,0.595,211,825,211,489833,115777,53190,54766,1.0724461817777613,0.32112722304638713
5523,0.5951,1,4,1,489837,115773,53191,54765,1.072409129645411,0.321130774372867
5524,0.5952,2,22,2,489859,115751,53193,54763,1.072205342917485,0.3211642445781578
5525,0.5953,2,25,2,489884,115726,53195,54761,1.071973767090296,0.3212033762105029
5526,0.5954,2,7,2,489891,115719,53197,54759,1.0719089258586831,0.3212086016964066
5527,0.5955,8,12,8,489903,115707,53205,54751,1.0717977694616325,0.32119935702636426
5528,0.5956,1,3,1,489906,115704,53206,54750,1.07176998036237,0.3212010278432891
5529,0.5957,9,36,9,489942,115668,53215,54741,1.0714365111712179,0.32123303346654225
5530,0.5958,33,77,33,490019,115591,53248,54708,1.0707232576234762,0.321246748366109
5531,0.5959,0,1,0,490020,115590,53248,54708,1.0707139945903887,0.32124863474615084
5532,0.596,27,96,27,490116,115494,53275,54681,1.0698247434139834,0.321322168356104
5533,0.5961,2,4,2,490120,115490,53277,54679,1.0697876912816333,0.3213217448536455
5534,0.5962,3,11,3,490131,115479,53280,54676,1.0696857979176702,0.3213305515559343
5535,0.5963,1,22,1,490153,115457,53281,54675,1.069482011189744,0.32136811417017375
5536,0.5964,1,8,1,490161,115449,53282,54674,1.0694079069250435,0.3213792373753108
5537,0.5965,4,20,4,490181,115429,53286,54670,1.0692226462632926,0.3214010664377803
5538,0.5966,0,7,0,490188,115422,53286,54670,1.0691578050316797,0.32141429344119654
5539,0.5967,106,424,106,490612,114998,53392,54564,1.0652302790025565,0.32179379813873393
5540,0.5968,5,14,5,490626,114984,53397,54559,1.0651005965393308,0.3218003692278655
5541,0.5969,1,7,1,490633,114977,53398,54558,1.0650357553077179,0.3218096558232813
5542,0.597,4,24,4,490657,114953,53402,54554,1.0648134425136166,0.32183921607957194
5543,0.5971,3,13,3,490670,114940,53405,54551,1.0646930230834784,0.321851897740883
5544,0.5972,3,9,3,490679,114931,53408,54548,1.0646096557856906,0.3218569852312086
5545,0.5973,9,42,9,490721,114889,53417,54539,1.0642206083960133,0.3219007484005005
5546,0.5974,0,4,0,490725,114885,53417,54539,1.064183556263663,0.3219083482859571
5547,0.5975,59,215,59,490940,114670,53476,54480,1.0621920041498387,0.3220809932013006
5548,0.5976,0,9,0,490949,114661,53476,54480,1.062108636852051,0.322098131145021
5549,0.5977,7,41,7,490990,114620,53483,54473,1.0617288524954611,0.3221481669850319
5550,0.5978,2,11,2,491001,114609,53485,54471,1.061626959131498,0.3221611071682044
5551,0.5979,0,10,0,491011,114599,53485,54471,1.0615343288006225,0.32218016206305083
5552,0.598,15,69,15,491080,114530,53500,54456,1.0608951795175812,0.3222515474654705
5553,0.5981,3,2,3,491082,114528,53503,54453,1.060876653451406,0.3222433291316775
5554,0.5982,7,25,7,491107,114503,53510,54446,1.0606450776242173,0.3222629314171732
5555,0.5983,61,255,61,491362,114248,53571,54385,1.058283004186891,0.3225050850070864
5556,0.5984,0,5,0,491367,114243,53571,54385,1.0582366890214532,0.32251464762672866
5557,0.5985,7,26,7,491393,114217,53578,54378,1.0579958501611768,0.32253625552359205
5558,0.5986,2,15,2,491408,114202,53580,54376,1.0578569046648634,0.3225569172727165
5559,0.5987,8,31,8,491439,114171,53588,54368,1.0575697506391493,0.3225840903292413
5560,0.5988,3,16,3,491455,114155,53591,54365,1.0574215421097484,0.3226026584381676
5561,0.5989,2,5,2,491460,114150,53593,54363,1.0573752269443106,0.322604190774599
5562,0.599,21,62,21,491522,114088,53614,54342,1.0568009188928822,0.3226384848304934
5563,0.5991,1,4,1,491526,114084,53615,54341,1.0567638667605321,0.32264212557518185
5564,0.5992,17,82,17,491608,114002,53632,54324,1.0560042980473525,0.32273089124674736
5565,0.5993,8,36,8,491644,113966,53640,54316,1.0556708288562007,0.32276773511130125
5566,0.5994,3,6,3,491650,113960,53643,54313,1.0556152506576753,0.3227671700153917
5567,0.5995,4,22,4,491672,113938,53647,54309,1.0554114639297492,0.3227932741742795
5568,0.5996,1,3,1,491675,113935,53648,54308,1.0553836748304866,0.3227950048441837
5569,0.5997,7,28,7,491703,113907,53655,54301,1.055124309904035,0.32282055550271094
5570,0.5998,0,17,0,491720,113890,53655,54301,1.0549668383415465,0.3228531847720746
5571,0.5999,1,4,1,491724,113886,53656,54300,1.0549297862091964,0.32285683707324037
5572,0.6,578,2184,578,493908,111702,54234,53722,1.034699321945978,0.32475336106006386
5573,0.6001,3,5,3,493913,111697,54237,53719,1.0346530067805402,0.32475093098611985
5574,0.6002,6,25,6,493938,111672,54243,53713,1.0344214309533513,0.3247755237778517
5575,0.6003,3,17,3,493955,111655,54246,53710,1.034263959390863,0.3247966619296707
5576,0.6004,2,3,2,493958,111652,54248,53708,1.0342361702916003,0.32479438800193516
5577,0.6005,4,19,4,493977,111633,54252,53704,1.0340601726629368,0.3248153770783309
5578,0.6006,1,6,1,493983,111627,54253,53703,1.0340045944644114,0.3248230811105063
5579,0.6007,10,46,10,494029,111581,54263,53693,1.0335784949423839,0.3248726357442792
5580,0.6008,18,101,18,494130,111480,54281,53675,1.032642928600541,0.3249977294057098
5581,0.6009,0,5,0,494135,111475,54281,53675,1.0325966134351032,0.3250075688767787
5582,0.601,12,63,12,494198,111412,54293,53663,1.0320130423505873,0.32508253824019384
5583,0.6011,1,7,1,494205,111405,54294,53662,1.0319482011189745,0.3250922352741614
5584,0.6012,5,25,5,494230,111380,54299,53657,1.0317166252917855,0.325121033465223
5585,0.6013,6,37,6,494267,111343,54305,53651,1.031373893067546,0.32516940009939754
5586,0.6014,4,6,4,494273,111337,54309,53647,1.0313183148690208,0.32516486447170634
5587,0.6015,8,28,8,494301,111309,54317,53639,1.0310589499425693,0.32518733176516235
5588,0.6016,2,5,2,494306,111304,54319,53637,1.0310126347771313,0.3251890069782528
5589,0.6017,68,214,68,494520,111090,54387,53569,1.0290303456963947,0.3253329608463552
5590,0.6018,4,21,4,494541,111069,54391,53565,1.028835822001556,0.32535806698494846
5591,0.6019,1,3,1,494544,111066,54392,53564,1.0288080329022935,0.3253598979529855
5592,0.602,15,46,15,494590,111020,54407,53549,1.028381933380266,0.3253893503636772
5593,0.6021,3,13,3,494603,111007,54410,53546,1.0282615139501279,0.325402757774091
5594,0.6022,4,16,4,494619,110991,54414,53542,1.028113305420727,0.32541800125202847
5595,0.6023,9,29,9,494648,110962,54423,53533,1.0278446774611878,0.3254384631751725
5596,0.6024,0,9,0,494657,110953,54423,53533,1.0277613101634,0.3254562698345148
5597,0.6025,78,204,78,494861,110749,54501,53455,1.0258716514135389,0.32554018172517113
5598,0.6026,0,5,0,494866,110744,54501,53455,1.0258253362481011,0.3255500947021602
5599,0.6027,11,28,11,494894,110716,54512,53444,1.0255659713216496,0.32556042884990255
5600,0.6028,3,11,3,494905,110705,54515,53441,1.0254640779576865,0.3255699194619424
5601,0.6029,2,10,2,494915,110695,54517,53439,1.025371447626811,0.32558153703681136
5602,0.603,9,48,9,494963,110647,54526,53430,1.0249268220386083,0.3256397910737032
5603,0.6031,4,6,4,494969,110641,54530,53426,1.024871243840083,0.3256352587662357
5604,0.6032,4,19,4,494988,110622,54534,53422,1.0246952462114194,0.32565653117456295
5605,0.6033,110,401,110,495389,110221,54644,53312,1.0209807699433102,0.32600147982364414
5606,0.6034,2,9,2,495398,110212,54646,53310,1.0208974026455222,0.32601117892393683
5607,0.6035,4,31,4,495429,110181,54650,53306,1.020610248619808,0.3260565060218855
5608,0.6036,1,8,1,495437,110173,54651,53305,1.0205361443551075,0.3260683394707545
5609,0.6037,6,19,6,495456,110154,54657,53299,1.020360146726444,0.32608150355147963
5610,0.6038,3,19,3,495475,110135,54660,53296,1.0201841490977805,0.3261070421156329
5611,0.6039,2,15,2,495490,110120,54662,53294,1.0200452036014673,0.3261287282607365
5612,0.604,21,75,21,495565,110045,54683,53273,1.0193504761199006,0.32619184658151584
5613,0.6041,1,2,1,495567,110043,54684,53272,1.0193319500537257,0.32619171539662617
5614,0.6042,29,98,29,495665,109945,54713,53243,1.0184241728111454,0.3262678628330514
5615,0.6043,12,31,12,495696,109914,54725,53231,1.018137018785431,0.32628030279812437
5616,0.6044,6,14,6,495710,109900,54731,53225,1.0180073363222053,0.3262835249042146
5617,0.6045,10,11,10,495721,109889,54741,53215,1.0179054429582421,0.32626422405336475
5618,0.6046,3,11,3,495732,109878,54744,53212,1.0178035495942792,0.3262738365319762
5619,0.6047,8,30,8,495762,109848,54752,53204,1.0175256586016526,0.3263008120108922
5620,0.6048,4,9,4,495771,109839,54756,53200,1.0174422913038645,0.3263022957697238
5621,0.6049,2,2,2,495773,109837,54758,53198,1.0174237652376894,0.3262980341644432
5622,0.605,187,756,187,496529,109081,54945,53011,1.0104209122234984,0.3270426671273104
5623,0.6051,0,7,0,496536,109074,54945,53011,1.0103560709918855,0.3270567911898078
5624,0.6052,4,11,4,496547,109063,54949,53007,1.0102541776279226,0.3270623804528907
5625,0.6053,9,30,9,496577,109033,54958,52998,1.009976286635296,0.3270855577019212
5626,0.6054,1,15,1,496592,109018,54959,52997,1.0098373411389825,0.32711168718945777
5627,0.6055,8,21,8,496613,108997,54967,52989,1.0096428174441439,0.3271208622967417
5628,0.6056,2,10,2,496623,108987,54969,52987,1.0095501871132684,0.3271327497005692
5629,0.6057,6,38,6,496661,108949,54975,52981,1.0091981918559414,0.3271845859321929
5630,0.6058,21,90,21,496751,108859,54996,52960,1.0083645188780614,0.3272792440937096
5631,0.6059,1,1,1,496752,108858,54997,52959,1.008355255844974,0.32727710932720294
5632,0.606,19,76,19,496828,108782,55016,52940,1.0076512653303198,0.32735187544057087
5633,0.6061,0,17,0,496845,108765,55016,52940,1.0074937937678314,0.32738628984879875
5634,0.6062,3,15,3,496860,108750,55019,52937,1.007354848271518,0.3274041821544094
5635,0.6063,6,23,6,496883,108727,55025,52931,1.0071417985105042,0.3274258001459872
5636,0.6065,13,25,13,496908,108702,55038,52918,1.0069102226833153,0.32742234871921794
5637,0.6066,2,4,2,496912,108698,55040,52916,1.0068731705509653,0.327422129270979
5638,0.6067,116,431,116,497343,108267,55156,52800,1.0028808032902294,0.32781389111363596
5639,0.6068,3,12,3,497355,108255,55159,52797,1.0027696468931786,0.32782579539527607
5640,0.6069,0,4,0,497359,108251,55159,52797,1.0027325947608285,0.3278339377080125
5641,0.607,7,39,7,497398,108212,55166,52790,1.0023713364704139,0.32788412566303526
5642,0.6071,2,16,2,497414,108196,55168,52788,1.002223127941013,0.32790836356408093
5643,0.6072,1,13,1,497427,108183,55169,52787,1.002102708510875,0.3279306703112381
5644,0.6073,10,34,10,497461,108149,55179,52777,1.001787765385898,0.3279581919640083
5645,0.6074,1,6,1,497467,108143,55180,52776,1.0017321871873726,0.3279662438866759
5646,0.6075,56,196,56,497663,107947,55236,52720,0.999916632702212,0.3281320993109973
5647,0.6076,3,7,3,497670,107940,55239,52717,0.9998517914705991,0.3281338503768899
5648,0.6077,1,30,1,497700,107910,55240,52716,0.9995739004779725,0.3281909528967913
5649,0.6078,0,12,0,497712,107898,55240,52716,0.9994627440809218,0.32821547312189475
5650,0.6079,5,11,5,497723,107887,55245,52711,0.9993608507169588,0.32821703881741987
5651,0.608,21,59,21,497782,107828,55266,52690,0.9988143317647931,0.3282497913006641
5652,0.6081,1,7,1,497789,107821,55267,52689,0.9987494905331802,0.32825992150021804
5653,0.6082,4,13,4,497802,107808,55271,52685,0.998629071103042,0.32826976877496217
5654,0.6083,66,261,66,498063,107547,55337,52619,0.9962114194671904,0.32852790230136236
5655,0.6084,0,1,0,498064,107546,55337,52619,0.9962021564341028,0.3285299534854681
5656,0.6085,8,15,8,498079,107531,55345,52611,0.9960632109377895,0.3285271821258633
5657,0.6086,3,14,3,498093,107517,55348,52608,0.9959335284745637,0.3285433255269321
5658,0.6087,6,15,6,498108,107502,55354,52602,0.9957945829782504,0.3285489431869285
5659,0.6088,6,33,6,498141,107469,55360,52596,0.9954889028863612,0.3285915096991847
5660,0.6089,3,2,3,498143,107467,55363,52593,0.995470376820186,0.3285830313632388
5661,0.609,17,55,17,498198,107412,55380,52576,0.9949609100003706,0.3286246468485136
5662,0.6091,2,5,2,498203,107407,55382,52574,0.9949145948349327,0.32862652439977247
5663,0.6092,23,79,23,498282,107328,55405,52551,0.9941828152210159,0.3286923235696996
5664,0.6093,8,45,8,498327,107283,55413,52543,0.9937659787320761,0.3287512670028656
5665,0.6094,1,8,1,498335,107275,55414,52542,0.9936918744673756,0.3287635232797512
5666,0.6095,6,22,6,498357,107253,55420,52536,0.9934880877394494,0.32878358335054353
5667,0.6096,2,11,2,498368,107242,55422,52534,0.9933861943754864,0.32879781694372123
5668,0.6097,5,27,5,498395,107215,55427,52529,0.9931360924821223,0.3288323818108974
5669,0.6098,3,17,3,498412,107198,55430,52526,0.992978620919634,0.3288547744859883
5670,0.6099,2,2,2,498414,107196,55432,52524,0.9929600948534588,0.3288504883546206
5671,0.61,576,2087,576,500501,105109,56008,51948,0.9736281447997333,0.3307588964516067
5672,0.6101,2,2,2,500503,105107,56010,51946,0.9736096187335581,0.33075458603146707
5673,0.6102,6,12,6,500515,105095,56016,51940,0.9734984623365075,0.3307542904448053
5674,0.6103,6,29,6,500544,105066,56022,51934,0.9732298343769684,0.33078980891719745
5675,0.6104,0,5,0,500549,105061,56022,51934,0.9731835192115307,0.33080034395999874
5676,0.6105,5,19,5,500568,105042,56027,51929,0.9730075215828671,0.3308190684903581
5677,0.6106,1,5,1,500573,105037,56028,51928,0.9729612064174293,0.33082534322938234
5678,0.6107,8,35,8,500608,105002,56036,51920,0.972637000259365,0.3308650157403041
5679,0.6108,19,78,19,500686,104924,56055,51901,0.9719144836785357,0.33094850948509485
5680,0.6109,0,4,0,500690,104920,56055,51901,0.9718774315461854,0.3309569509185632
5681,0.611,16,50,16,500740,104870,56071,51885,0.9714142798918077,0.3309942266594367
5682,0.6111,3,12,3,500752,104858,56074,51882,0.9713031234947571,0.3310067627918846
5683,0.6112,2,19,2,500771,104839,56076,51880,0.9711271258660936,0.3310383552728131
5684,0.6113,2,27,2,500798,104812,56078,51878,0.9708770239727297,0.3310868594039186
5685,0.6114,1,15,1,500813,104797,56079,51877,0.9707380784764164,0.3311142882673577
5686,0.6115,4,29,4,500842,104768,56083,51873,0.9704694505168773,0.3311585089472105
5687,0.6116,1,5,1,500847,104763,56084,51872,0.9704231353514394,0.33116480990838576
5688,0.6117,63,224,63,501071,104539,56147,51809,0.9683482159398273,0.3313697648834651
5689,0.6118,3,17,3,501088,104522,56150,51806,0.9681907443773389,0.33139296863005985
5690,0.6119,2,7,2,501095,104515,56152,51804,0.968125903145726,0.33139925408939414
5691,0.612,15,51,15,501146,104464,56167,51789,0.9676534884582608,0.3314432362898632
5692,0.6121,5,7,5,501153,104457,56172,51784,0.967588647226648,0.3314366907533874
5693,0.6122,2,8,2,501161,104449,56174,51782,0.9675145429619475,0.3314451037246129
5694,0.6123,12,27,12,501188,104422,56186,51770,0.9672644410685834,0.33145103462405245
5695,0.6124,1,9,1,501197,104413,56187,51769,0.9671810737707955,0.3314658539396345
5696,0.6125,59,182,59,501379,104231,56246,51710,0.9654952017488606,0.3315997717085308
5697,0.6126,1,3,1,501382,104228,56247,51709,0.965467412649598,0.3316018648556789
5698,0.6127,6,33,6,501415,104195,56253,51703,0.9651617325577087,0.331646332858664
5699,0.6128,4,14,4,501429,104181,56257,51699,0.9650320500944829,0.33165896843725945
5700,0.6129,3,10,3,501439,104171,56260,51696,0.9649394197636074,0.33166738308942884
5701,0.613,11,36,11,501475,104135,56271,51685,0.9646059505724555,0.3316968296752663
5702,0.6131,0,9,0,501484,104126,56271,51685,0.9645225832746674,0.3317159892433782
5703,0.6132,3,21,3,501505,104105,56274,51682,0.9643280595798288,0.33174783518522083
5704,0.6133,101,360,101,501865,103745,56375,51581,0.9609933676683093,0.33208220130564103
5705,0.6134,2,9,2,501874,103736,56377,51579,0.9609100003705213,0.33209284357595853
5706,0.6135,7,29,7,501903,103707,56384,51572,0.9606413724109822,0.3321247560842097
5707,0.6136,3,5,3,501908,103702,56387,51569,0.9605950572455445,0.3321225470306754
5708,0.6137,7,27,7,501935,103675,56394,51562,0.9603449553521806,0.3321501961516906
5709,0.6138,6,21,6,501956,103654,56400,51556,0.9601504316573419,0.33216931898717866
5710,0.6139,4,4,4,501960,103650,56404,51552,0.9601133795249917,0.33216066803262845
5711,0.614,20,82,20,502042,103568,56424,51532,0.9593538108118123,0.3322501611863314
5712,0.6141,0,6,0,502048,103562,56424,51532,0.959298232613287,0.33226301468786673
5713,0.6142,15,78,15,502126,103484,56439,51517,0.9585757160324576,0.3323655976413055
5714,0.6143,14,32,14,502158,103452,56453,51503,0.9582792989736559,0.33237391500758284
5715,0.6144,2,2,2,502160,103450,56455,51501,0.9582607729074808,0.3323695878051771
5716,0.6145,4,23,4,502183,103427,56459,51497,0.9580477231464671,0.3324016937337017
5717,0.6146,1,10,1,502193,103417,56460,51496,0.9579550928155915,0.33241884154331786
5718,0.6147,5,38,5,502231,103379,56465,51491,0.9576030975582644,0.33247885323174275
5719,0.6148,3,10,3,502241,103369,56468,51488,0.957510467227389,0.3324873915935347
5720,0.6149,0,3,0,502244,103366,56468,51488,0.9574826781281263,0.33249383290066775
5721,0.615,219,725,219,502969,102641,56687,51269,0.9507669791396495,0.3331102592424144
5722,0.6151,0,6,0,502975,102635,56687,51269,0.9507114009411242,0.333123245659632
5723,0.6152,1,13,1,502988,102622,56688,51268,0.950590981510986,0.33314705308986936
5724,0.6153,8,30,8,503018,102592,56696,51260,0.9503130905183593,0.3331773392611081
5725,0.6154,2,9,2,503027,102583,56698,51258,0.9502297232205713,0.3331881618034204
5726,0.6155,5,14,5,503041,102569,56703,51253,0.9501000407573456,0.3331968118994682
5727,0.6156,5,11,5,503052,102558,56708,51248,0.9499981473933825,0.3331989649298467
5728,0.6157,12,39,12,503091,102519,56720,51236,0.9496368891029678,0.3332314396279796
5729,0.6158,19,82,19,503173,102437,56739,51217,0.9488773203897884,0.33332682520468065
5730,0.6159,1,4,1,503177,102433,56740,51216,0.9488402682574382,0.33333116388652057
5731,0.616,26,87,26,503264,102346,56766,51190,0.948034384378821,0.333407148812005
5732,0.6161,2,11,2,503275,102335,56768,51188,0.9479324910148579,0.3334223536538499
5733,0.6162,1,12,1,503287,102323,56769,51187,0.9478213346178073,0.3334440753045404
5734,0.6163,4,20,4,503307,102303,56773,51183,0.9476360739560562,0.333470153629647
5735,0.6164,2,12,2,503319,102291,56775,51181,0.9475249175590055,0.33348754170141787
5736,0.6165,6,15,6,503334,102276,56781,51175,0.9473859720626923,0.333494079543307
5737,0.6166,1,3,1,503337,102273,56782,51174,0.9473581829634296,0.33349625603628613
5738,0.6167,111,403,111,503740,101870,56893,51063,0.9436251806291452,0.33389131188167365
5739,0.6168,6,24,6,503764,101846,56899,51057,0.9434028678350439,0.33391758173482533
5740,0.6169,0,8,0,503772,101838,56899,51057,0.9433287635703435,0.33393505346806635
5741,0.617,15,32,15,503804,101806,56914,51042,0.9430323465115418,0.33393960012561497
5742,0.6171,6,11,6,503815,101795,56920,51036,0.9429304531475786,0.3339374865047013
5743,0.6172,5,20,5,503835,101775,56925,51031,0.9427451924858276,0.3339593995000196
5744,0.6173,8,29,8,503864,101746,56933,51023,0.9424765645262885,0.33398791639665115
5745,0.6174,2,9,2,503873,101737,56935,51021,0.9423931972285005,0.33399887403605705
5746,0.6175,45,189,45,504062,101548,56980,50976,0.9406424839749528,0.3342162544910965
5747,0.6176,3,21,3,504083,101527,56983,50973,0.9404479602801141,0.3342491803278689
5748,0.6177,3,28,3,504111,101499,56986,50970,0.9401885953536626,0.33429746374672886
5749,0.6178,6,16,6,504127,101483,56992,50964,0.9400403868242617,0.3343063490918155
5750,0.6179,3,9,3,504136,101474,56995,50961,0.9399570195264737,0.33431298586282676
5751,0.618,17,61,17,504197,101413,57012,50944,0.9393919745081329,0.33437255918664716
5752,0.6181,0,2,0,504199,101411,57012,50944,0.9393734484419578,0.33437694857405403
5753,0.6182,6,9,6,504208,101402,57018,50938,0.9392900811441699,0.3343704870683996
5754,0.6183,70,236,70,504444,101166,57088,50868,0.9371040053355071,0.3345830537905995
5755,0.6184,2,9,2,504453,101157,57090,50866,0.9370206380377191,0.3345941074705801
5756,0.6185,9,20,9,504473,101137,57099,50857,0.936835377375968,0.33459873416055896
5757,0.6186,2,5,2,504478,101132,57101,50855,0.9367890622105303,0.3346009856106114
5758,0.6187,6,20,6,504498,101112,57107,50849,0.9366038015487791,0.33461875086370846
5759,0.6188,8,27,8,504525,101085,57115,50841,0.9363536996554152,0.334643181548912
5760,0.6189,0,6,0,504531,101079,57115,50841,0.9362981214568898,0.3346563981042654
5761,0.619,7,49,7,504580,101030,57122,50834,0.9358442328355997,0.3347337091081494
5762,0.6191,1,5,1,504585,101025,57123,50833,0.935797917670162,0.33474034953706755
5763,0.6192,27,95,27,504680,100930,57150,50806,0.9349179295268443,0.3348315495334001
5764,0.6193,15,37,15,504717,100893,57165,50791,0.9345751973026047,0.3348474460061707
5765,0.6194,2,4,2,504721,100889,57167,50789,0.9345381451702546,0.334847505900658
5766,0.6195,4,17,4,504738,100872,57171,50785,0.9343806736077661,0.3348674970492625
5767,0.6196,2,8,2,504746,100864,57173,50783,0.9343065693430657,0.3348763905649304
5768,0.6197,4,18,4,504764,100846,57177,50779,0.9341398347474897,0.33489859851607584
5769,0.6198,4,23,4,504787,100823,57181,50775,0.933926784986476,0.334931859259357
5770,0.6199,3,6,3,504793,100817,57184,50772,0.9338712067879507,0.3349319541655397
5771,0.62,626,1875,626,506668,98942,57810,50146,0.9165030197487866,0.3363516849109251
5772,0.6201,3,5,3,506673,98937,57813,50143,0.9164567045833488,0.3363496109471425
5773,0.6202,4,16,4,506689,98921,57817,50139,0.9163084960539479,0.33636790554139273
5774,0.6203,8,21,8,506710,98900,57825,50131,0.9161139723591093,0.336379679395562
5775,0.6204,3,9,3,506719,98891,57828,50128,0.9160306050613213,0.33638663526127544
5776,0.6205,6,23,6,506742,98868,57834,50122,0.9158175553003075,0.33641183972078664
5777,0.6206,3,13,3,506755,98855,57837,50119,0.9156971358701693,0.33642783304469237
5778,0.6207,11,30,11,506785,98825,57848,50108,0.9154192448775427,0.33644659007741734
5779,0.6208,26,67,26,506852,98758,57874,50082,0.9147986216606766,0.3364821284600914
5780,0.6209,0,3,0,506855,98755,57874,50082,0.9147708325614139,0.3364889106875307
5781,0.621,13,56,13,506911,98699,57887,50069,0.9142521027085109,0.33655759303075933
5782,0.6211,2,6,2,506917,98693,57889,50067,0.9141965245099856,0.3365622479161065
5783,0.6212,3,26,3,506943,98667,57892,50064,0.9139556856497092,0.33660770115174377
5784,0.6213,9,25,9,506968,98642,57901,50055,0.9137241098225203,0.3366241417109962
5785,0.6214,0,10,0,506978,98632,57901,50055,0.9136314794916447,0.3366467814940109
5786,0.6215,7,26,7,507004,98606,57908,50048,0.9133906406313683,0.33667442517523916
5787,0.6216,1,2,1,507006,98604,57909,50047,0.9133721145651932,0.33667449260348065
5788,0.6217,55,205,55,507211,98399,57964,49992,0.9114731927822446,0.3368937469253526
5789,0.6218,3,19,3,507230,98380,57967,49989,0.9112971951535811,0.3369234813202219
5790,0.6219,0,6,0,507236,98374,57967,49989,0.9112416169550558,0.33693710696063034
5791,0.622,12,60,12,507296,98314,57979,49977,0.9106858349698025,0.3370197786784093
5792,0.6221,2,8,2,507304,98306,57981,49975,0.910611730705102,0.3370290192270082
5793,0.6222,6,22,6,507326,98284,57987,49969,0.9104079439771758,0.33705220130452673
5794,0.6223,2,33,2,507359,98251,57989,49967,0.9101022638852866,0.3371182987221525
5795,0.6224,1,6,1,507365,98245,57990,49966,0.9100466856867613,0.3371274736692958
5796,0.6225,67,197,67,507562,98048,58057,49899,0.9082218681685131,0.3372761867425497
5797,0.6226,0,5,0,507567,98043,58057,49899,0.9081755530030753,0.3372875856754674
5798,0.6227,8,36,8,507603,98007,58065,49891,0.9078420838119233,0.33733383818577667
5799,0.6228,2,29,2,507632,97978,58067,49889,0.9075734558523844,0.33739103383445934
5800,0.6229,1,19,1,507651,97959,58068,49888,0.9073974582237208,0.3374299106508756
5801,0.623,9,44,9,507695,97915,58077,49879,0.9069898847678683,0.3374900198925532
5802,0.6231,2,2,2,507697,97913,58079,49877,0.9069713587016933,0.337485621489952
5803,0.6232,9,12,9,507709,97901,58088,49868,0.9068602023046426,0.3374726769484804
5804,0.6233,110,339,110,508048,97562,58198,49758,0.9037200340879618,0.33775454792288895
5805,0.6234,0,3,0,508051,97559,58198,49758,0.903692244988699,0.3377614260404434
5806,0.6235,6,30,6,508081,97529,58204,49752,0.9034143539960725,0.337803246854652
5807,0.6236,1,10,1,508091,97519,58205,49751,0.9033217236651969,0.33782168805595164
5808,0.6237,7,31,7,508122,97488,58212,49744,0.9030345696394827,0.3378613344925016
5809,0.6238,0,22,0,508144,97466,58212,49744,0.9028307829115566,0.3379118266422118
5810,0.6239,2,2,2,508146,97464,58214,49742,0.9028122568453815,0.33790742225181036
5811,0.624,23,75,23,508221,97389,58237,49719,0.9021175293638148,0.3379761807651521
5812,0.6241,1,8,1,508229,97381,58238,49718,0.9020434250991145,0.3379900611153033
5813,0.6242,24,91,24,508320,97290,58262,49694,0.901200489088147,0.33809122081314974
5814,0.6243,10,37,10,508357,97253,58272,49684,0.9008577568639076,0.33813130797552693
5815,0.6244,1,6,1,508363,97247,58273,49683,0.9008021786653821,0.3381406111753896
5816,0.6245,6,17,6,508380,97230,58279,49677,0.9006447071028938,0.3381527088566236
5817,0.6246,0,6,0,508386,97224,58279,49677,0.9005891289043685,0.33816652030959626
5818,0.6247,5,27,5,508413,97197,58284,49672,0.9003390270110044,0.338206156506819
5819,0.6248,2,18,2,508431,97179,58286,49670,0.9001722924154285,0.33823859883281465
5820,0.6249,2,4,2,508435,97175,58288,49668,0.9001352402830783,0.3382387992617966
5821,0.625,221,726,221,509161,96449,58509,49447,0.893410278261514,0.338919504304436
5822,0.6251,4,13,4,509174,96436,58513,49443,0.8932898588313758,0.33893158028228876
5823,0.6252,7,18,7,509192,96418,58520,49436,0.8931231242357998,0.33894168140743486
5824,0.6253,6,28,6,509220,96390,58526,49430,0.8928637593093482,0.33897956384583733
5825,0.6254,2,10,2,509230,96380,58528,49428,0.8927711289784727,0.33899374519916603
5826,0.6255,2,20,2,509250,96360,58530,49426,0.8925858683167216,0.3390311826924396
5827,0.6256,2,2,2,509252,96358,58532,49424,0.8925673422505466,0.33902676599305814
5828,0.6257,6,31,6,509283,96327,58538,49418,0.8922801882248323,0.3390716662664242
5829,0.6258,26,76,26,509359,96251,58564,49392,0.8915761977101783,0.3391306138983679
5830,0.6259,0,3,0,509362,96248,58564,49392,0.8915484086109156,0.3391375995605603
5831,0.626,18,69,18,509431,96179,58582,49374,0.8909092593278743,0.3392166427349488
5832,0.6261,1,7,1,509438,96172,58583,49373,0.8908444180962615,0.33922841732797415
5833,0.6262,3,16,3,509454,96156,58586,49370,0.8906962095668606,0.3392520924096038
5834,0.6263,11,31,11,509485,96125,58597,49359,0.8904090555411464,0.33927442192955926
5835,0.6264,0,11,0,509496,96114,58597,49359,0.8903071621771833,0.33930007630281905
5836,0.6265,5,27,5,509523,96087,58602,49354,0.8900570602838194,0.3393403510701934
5837,0.6266,2,6,2,509529,96081,58604,49352,0.8900014820852941,0.33934526551745475
5838,0.6267,115,353,115,509882,95728,58719,49237,0.8867316314053874,0.3396475011209602
5839,0.6268,4,20,4,509902,95708,58723,49233,0.8865463707436363,0.3396761440862144
5840,0.6269,0,9,0,509911,95699,58723,49233,0.8864630034458483,0.3396972373250904
5841,0.627,3,33,3,509944,95666,58726,49230,0.886157323353959,0.3397609319787986
5842,0.6271,3,9,3,509953,95657,58729,49227,0.886073956056171,0.33976836641727176
5843,0.6272,2,5,2,509958,95652,58731,49225,0.8860276408907333,0.33977097814007745
5844,0.6273,7,31,7,509989,95621,58738,49218,0.885740486865019,0.339811791023136
5845,0.6274,1,8,1,509997,95613,58739,49217,0.8856663826003186,0.3398260028999517
5846,0.6275,53,202,53,510199,95411,58792,49164,0.8837952499166327,0.34005879301400654
5847,0.6276,2,10,2,510209,95401,58794,49162,0.8837026195857571,0.3400731860849595
5848,0.6277,5,36,5,510245,95365,58799,49157,0.8833691503946052,0.34013506594151754
5849,0.6278,4,16,4,510261,95349,58803,49153,0.8832209418652044,0.3401544615299442
5850,0.6279,3,8,3,510269,95341,58806,49150,0.8831468376005039,0.34015959471524176
5851,0.628,16,56,16,510325,95285,58822,49134,0.8826281077476009,0.3402183923168004
5852,0.6281,0,3,0,510328,95282,58822,49134,0.8826003186483382,0.34022545978284957
5853,0.6282,3,14,3,510342,95268,58825,49131,0.8824706361851125,0.34024473853697046
5854,0.6283,49,195,49,510537,95073,58874,49082,0.8806643447330393,0.34048073254483024
5855,0.6284,5,5,5,510542,95068,58879,49077,0.8806180295676016,0.34046966596135836
5856,0.6285,2,23,2,510565,95045,58881,49075,0.8804049798065878,0.3405148487371635
5857,0.6286,3,12,3,510577,95033,58884,49072,0.8802938234095372,0.34052947503556436
5858,0.6287,8,22,8,510599,95011,58892,49064,0.880090036681611,0.3405448551101857
5859,0.6288,4,11,4,510610,95000,58896,49060,0.879988143317648,0.3405525475496321
5860,0.6289,2,6,2,510616,94994,58898,49058,0.8799325651191227,0.34055757643073337
5861,0.629,9,54,9,510670,94940,58907,49049,0.8794323613323947,0.3406440769781025
5862,0.6291,2,3,2,510673,94937,58909,49047,0.8794045722331321,0.34064201577953107
5863,0.6292,23,82,23,510755,94855,58932,49024,0.8786450035199526,0.34073075292433225
5864,0.6293,5,50,5,510805,94805,58937,49019,0.8781818518655748,0.34082628768494827
5865,0.6294,2,5,2,510810,94800,58939,49017,0.8781355367001371,0.3408289701495651
5866,0.6295,1,21,1,510831,94779,58940,49016,0.8779410130052985,0.34087416113216734
5867,0.6296,2,13,2,510844,94766,58942,49014,0.8778205935751603,0.34089581304771177
5868,0.6297,4,15,4,510859,94751,58946,49010,0.877681648078847,0.34091304317582655
5869,0.6298,6,16,6,510875,94735,58952,49004,0.8775334395494461,0.340923479361899
5870,0.6299,2,7,2,510882,94728,58954,49002,0.8774685983178332,0.34093091212690463
5871,0.63,599,1844,599,512726,92884,59553,48403,0.8603875653043833,0.3425863667570265
5872,0.6301,2,4,2,512730,92880,59555,48401,0.860350513172033,0.34258675971999064
5873,0.6302,1,18,1,512748,92862,59556,48400,0.8601837785764571,0.34262575922753463
5874,0.6303,7,19,7,512767,92843,59563,48393,0.8600077809477935,0.34263927044096404
5875,0.6304,0,10,0,512777,92833,59563,48393,0.859915150616918,0.3426635322107827
5876,0.6305,3,11,3,512788,92822,59566,48390,0.8598132572529549,0.34267625980794836
5877,0.6306,1,3,1,512791,92819,59567,48389,0.8597854681536923,0.34267888504900573
5878,0.6307,5,32,5,512823,92787,59572,48384,0.8594890510948905,0.34273328091463545
5879,0.6308,23,78,23,512901,92709,59595,48361,0.8587665345140613,0.3428156234493514
5880,0.6309,0,2,0,512903,92707,59595,48361,0.8587480084478861,0.34282048373833895
5881,0.631,12,39,12,512942,92668,59607,48349,0.8583867501574716,0.34285937156513047
5882,0.6311,1,9,1,512951,92659,59608,48348,0.8583033828596836,0.3428765947789826
5883,0.6312,4,18,4,512969,92641,59612,48344,0.8581366482641076,0.3429017271340923
5884,0.6313,7,18,7,512987,92623,59619,48337,0.8579699136685316,0.3429128830874007
5885,0.6314,4,4,4,512991,92619,59623,48333,0.8579328615361814,0.34290396730801975
5886,0.6315,12,23,12,513014,92596,59635,48321,0.8577198117751677,0.3429039789379564
5887,0.6316,0,2,0,513016,92594,59635,48321,0.8577012857089925,0.3429088457580811
5888,0.6317,51,194,51,513210,92400,59686,48270,0.8559042572900071,0.3431435274045639
5889,0.6318,5,13,5,513223,92387,59691,48265,0.8557838378598689,0.3431518926143958
5890,0.6319,3,3,3,513226,92384,59694,48262,0.8557560487606062,0.3431452014276979
5891,0.632,16,51,16,513277,92333,59710,48246,0.8552836340731409,0.34319492954139663
5892,0.6321,3,8,3,513285,92325,59713,48243,0.8552095298084404,0.34320044391326615
5893,0.6322,4,19,4,513304,92306,59717,48239,0.855033532179777,0.3432281475683945
5894,0.6323,5,21,5,513325,92285,59722,48234,0.8548390084849383,0.3432560721325942
5895,0.6324,1,8,1,513333,92277,59723,48233,0.8547649042202379,0.343270941569995
5896,0.6325,64,217,64,513550,92060,59787,48169,0.8527548260402387,0.343502413908678
5897,0.6326,1,5,1,513555,92055,59788,48168,0.8527085108748008,0.34350998053101134
5898,0.6327,4,36,4,513591,92019,59792,48164,0.8523750416836489,0.3435794639863607
5899,0.6328,3,14,3,513605,92005,59795,48161,0.8522453592204231,0.34359973174664327
5900,0.6329,2,14,2,513619,91991,59797,48159,0.8521156767571973,0.3436246878344631
5901,0.633,8,33,8,513652,91958,59805,48151,0.8518099966653081,0.3436681440878173
5902,0.6331,2,5,2,513657,91953,59807,48149,0.8517636814998704,0.34367103967109675
5903,0.6332,1,16,1,513673,91937,59808,48148,0.8516154729704695,0.3437056073098476
5904,0.6333,104,335,104,514008,91602,59912,48044,0.8485123568861388,0.3440413617289432
5905,0.6334,0,1,0,514009,91601,59912,48044,0.8485030938530512,0.3440438254144438
5906,0.6335,11,21,11,514030,91580,59923,48033,0.8483085701582126,0.3440438927607028
5907,0.6336,1,9,1,514039,91571,59924,48032,0.8482252028604246,0.34406137403923986
5908,0.6337,4,22,4,514061,91549,59928,48028,0.8480214161324984,0.34409680678048676
5909,0.6338,4,23,4,514084,91526,59932,48024,0.8478083663714847,0.3441347187388033
5910,0.6339,2,6,2,514090,91520,59934,48022,0.8477527881729594,0.3441401155207751
5911,0.634,15,81,15,514171,91439,59949,48007,0.8470024824928675,0.3442694663167104
5912,0.6341,1,4,1,514175,91435,59950,48006,0.8469654303605173,0.34427463945324543
5913,0.6342,19,82,19,514257,91353,59969,47987,0.8462058616473378,0.34438782833357257
5914,0.6343,7,30,7,514287,91323,59976,47980,0.8459279706547111,0.34442905034349586
5915,0.6344,1,4,1,514291,91319,59977,47979,0.845890918522361,0.3444342345188014
5916,0.6345,7,22,7,514313,91297,59984,47972,0.8456871317944348,0.3444556936575979
5917,0.6346,1,7,1,514320,91290,59985,47971,0.8456222905628219,0.3444683005292221
5918,0.6347,5,22,5,514342,91268,59990,47966,0.8454185038348957,0.34449918841662236
5919,0.6348,2,18,2,514360,91250,59992,47964,0.8452517692393198,0.34453431407760715
5920,0.6349,2,7,2,514367,91243,59994,47962,0.8451869280077069,0.34454222190294886
5921,0.635,188,638,188,515005,90605,60182,47774,0.8392771128978472,0.34524024599108244
5922,0.6351,1,4,1,515009,90601,60183,47773,0.8392400607654971,0.34524549409571165
5923,0.6352,3,19,3,515028,90582,60186,47770,0.8390640631368336,0.34527870937897537
5924,0.6353,8,31,8,515059,90551,60194,47762,0.8387769091111194,0.3453182274984998
5925,0.6354,4,11,4,515070,90540,60198,47758,0.8386750157471562,0.34532675815991554
5926,0.6355,5,23,5,515093,90517,60203,47753,0.8384619659861425,0.3453605265061112
5927,0.6356,0,4,0,515097,90513,60203,47753,0.8384249138537923,0.34537051769777094
5928,0.6357,16,21,16,515118,90492,60219,47737,0.8382303901589536,0.3453472136816442
5929,0.6358,21,73,21,515191,90419,60240,47716,0.8375541887435622,0.34543019509899736
5930,0.6359,2,10,2,515201,90409,60242,47714,0.8374615584126867,0.3454457259109634
5931,0.636,18,71,18,515272,90338,60260,47696,0.8368038830634703,0.3455380558413145
5932,0.6361,0,6,0,515278,90332,60260,47696,0.836748304864945,0.34555307618744024
5933,0.6362,9,17,9,515295,90315,60269,47687,0.8365908333024565,0.34555296300053623
5934,0.6363,3,13,3,515308,90302,60272,47684,0.8364704138723184,0.3455712898409984
5935,0.6364,2,5,2,515313,90297,60274,47682,0.8364240987068806,0.3455743265279499
5936,0.6365,3,25,3,515338,90272,60277,47679,0.8361925228796917,0.3456227211111192
5937,0.6366,3,5,3,515343,90267,60280,47676,0.836146207714254,0.34562101737674256
5938,0.6367,127,352,127,515695,89915,60407,47549,0.8328856200674348,0.3459014723854973
5939,0.6368,3,11,3,515706,89904,60410,47546,0.8327837267034718,0.34591487813750454
5940,0.6369,1,4,1,515710,89900,60411,47545,0.8327466745711216,0.3459201862563207
5941,0.637,8,31,8,515741,89869,60419,47537,0.8324595205454074,0.3459601473007001
5942,0.6371,2,13,2,515754,89856,60421,47535,0.8323391011152692,0.3459833613555473
5943,0.6372,2,15,2,515769,89841,60423,47533,0.8322001556189559,0.34601161791896573
5944,0.6373,7,32,7,515801,89809,60430,47526,0.8319037385601541,0.3460589070520989
5945,0.6374,4,9,4,515810,89800,60434,47522,0.8318203712623662,0.34606253914157964
5946,0.6375,64,175,64,515985,89625,60498,47458,0.8301993404720441,0.34619901811311393
5947,0.6376,3,3,3,515988,89622,60501,47455,0.8301715513727815,0.34619228608738156
5948,0.6377,7,26,7,516014,89596,60508,47448,0.829930712512505,0.3462245702110271
5949,0.6378,3,6,3,516020,89590,60511,47445,0.8298751343139797,0.34622541686430475
5950,0.6379,4,11,4,516031,89579,60515,47441,0.8297732409500167,0.3462341264049044
5951,0.638,10,56,10,516087,89523,60525,47431,0.8292545110971137,0.3463279641339428
5952,0.6381,0,9,0,516096,89514,60525,47431,0.8291711437993257,0.34635072474351014
5953,0.6382,4,15,4,516111,89499,60529,47427,0.8290321983030123,0.346369571885544
5954,0.6383,59,176,59,516287,89323,60588,47368,0.8274019044796028,0.3465334220980167
5955,0.6384,1,3,1,516290,89320,60589,47367,0.8273741153803401,0.3465362470461712
5956,0.6385,7,31,7,516321,89289,60596,47360,0.827086961354626,0.3465813873500721
5957,0.6386,3,15,3,516336,89274,60599,47357,0.8269480158583127,0.3466050896209499
5958,0.6387,9,22,9,516358,89252,60608,47348,0.8267442291303865,0.34661786237188874
5959,0.6388,3,14,3,516372,89238,60611,47345,0.8266145466671607,0.3466390399976571
5960,0.6389,1,4,1,516376,89234,60612,47344,0.8265774945348104,0.3466444083234489
5961,0.639,9,49,9,516425,89185,60621,47335,0.8261236059135203,0.3467257544682098
5962,0.6391,1,6,1,516431,89179,60622,47334,0.826068027714995,0.3467362082732047
5963,0.6392,16,79,16,516510,89100,60638,47318,0.8253362481010782,0.3468603849931827
5964,0.6393,11,36,11,516546,89064,60649,47307,0.8250027789099262,0.3468992674395583
5965,0.6394,1,6,1,516552,89058,60650,47306,0.8249472007114009,0.3469097415740225
5966,0.6395,5,23,5,516575,89035,60655,47301,0.8247341509503872,0.346944314047647
5967,0.6396,2,5,2,516580,89030,60657,47299,0.8246878357849494,0.3469474579876622
5968,0.6397,5,15,5,516595,89015,60662,47294,0.8245488902886361,0.3469616826475141
5969,0.6398,6,16,6,516611,88999,60668,47288,0.8244006817592352,0.34697366586688383
5970,0.6399,1,7,1,516618,88992,60669,47287,0.8243358405276223,0.3469866964095715
5971,0.64,581,1804,581,518422,87188,61250,46706,0.8076253288376746,0.3488281775135555
5972,0.6401,0,6,0,518428,87182,61250,46706,0.8075697506391493,0.34884380975143403
5973,0.6402,4,18,4,518446,87164,61254,46702,0.8074030160435733,0.3488712593190205
5974,0.6403,5,20,5,518466,87144,61259,46697,0.8072177553818223,0.34889906680314703
5975,0.6404,2,7,2,518473,87137,61261,46695,0.8071529141502094,0.3489075856297448
5976,0.6405,8,14,8,518487,87123,61269,46687,0.8070232316869835,0.34890516403856214
5977,0.6406,0,7,0,518494,87116,61269,46687,0.8069583904553707,0.34892341726269216
5978,0.6407,13,27,13,518521,87089,61282,46674,0.8067082885620067,0.3489305712341978
5979,0.6408,16,70,16,518591,87019,61298,46658,0.8060598762458779,0.34903536135610463
5980,0.6409,4,11,4,518602,87008,61302,46654,0.8059579828819149,0.34904460504855533
5981,0.641,18,47,18,518649,86961,61320,46636,0.8055226203267998,0.3490796949033287
5982,0.6411,3,6,3,518655,86955,61323,46633,0.8054670421282745,0.3490807557565051
5983,0.6412,5,10,5,518665,86945,61328,46628,0.805374411797399,0.3490825241628173
5984,0.6413,7,26,7,518691,86919,61335,46621,0.8051335729371225,0.34911636962707804
5985,0.6414,4,6,4,518697,86913,61339,46617,0.8050779947385972,0.34911255897551113
5986,0.6415,3,14,3,518711,86899,61342,46614,0.8049483122753714,0.3491345412057253
5987,0.6416,1,2,1,518713,86897,61343,46613,0.8049297862091963,0.34913489626245225
5988,0.6417,67,178,67,518891,86719,61410,46546,0.8032809663196117,0.34927400292649985
5989,0.6418,1,19,1,518910,86700,61411,46545,0.8031049686909482,0.3493189237870089
5990,0.6419,0,8,0,518918,86692,61411,46545,0.8030308644262477,0.3493398980763602
5991,0.642,12,63,12,518981,86629,61423,46533,0.8024472933417318,0.34944653880236104
5992,0.6421,3,8,3,518989,86621,61426,46530,0.8023731890770314,0.34945287680903636
5993,0.6422,1,15,1,519004,86606,61427,46529,0.802234243580718,0.3494873624516468
5994,0.6423,10,21,10,519025,86585,61437,46519,0.8020397198858794,0.34949362904195214
5995,0.6424,3,7,3,519032,86578,61440,46516,0.8019748786542665,0.34949734773919183
5996,0.6425,49,172,49,519204,86406,61489,46467,0.8003816369632072,0.34970987333769843
5997,0.6426,0,5,0,519209,86401,61489,46467,0.8003353217977695,0.34972303338651894
5998,0.6427,10,27,10,519236,86374,61499,46457,0.8000852199044055,0.34974516490879387
5999,0.6428,1,15,1,519251,86359,61500,46456,0.7999462744080922,0.3497797688514099
6000,0.6429,1,8,1,519259,86351,61501,46455,0.7998721701433917,0.3497959429543846
6001,0.643,7,40,7,519299,86311,61508,46448,0.7995016488198896,0.34986705232790244
6002,0.6431,0,8,0,519307,86303,61508,46448,0.7994275445551892,0.34988813643588373
6003,0.6432,4,19,4,519326,86284,61512,46444,0.7992515469265257,0.3499186305828461
6004,0.6433,113,336,113,519662,85948,61625,46331,0.7961391678091074,0.35025211862805133
6005,0.6434,0,6,0,519668,85942,61625,46331,0.7960835896105821,0.3502680063202619
6006,0.6435,6,18,6,519686,85924,61631,46325,0.7959168550150061,0.35028620254217424
6007,0.6436,2,6,2,519692,85918,61633,46323,0.7958612768164808,0.35029226941720043
6008,0.6437,3,17,3,519709,85901,61636,46320,0.7957038052539923,0.3503225660069127
6009,0.6438,6,15,6,519724,85886,61642,46314,0.7955648597576791,0.35033282904689866
6010,0.6439,1,6,1,519730,85880,61643,46313,0.7955092815591537,0.350343815481909
6011,0.644,16,68,16,519798,85812,61659,46297,0.7948793953092,0.35044546548683286
6012,0.6441,1,1,1,519799,85811,61660,46296,0.7948701322761125,0.3504432013443648
6013,0.6442,20,63,20,519862,85748,61680,46276,0.7942865611915966,0.3505120281161001
6014,0.6443,10,27,10,519889,85721,61690,46266,0.7940364592982326,0.3505345223393213
6015,0.6444,3,2,3,519891,85719,61693,46263,0.7940179332320575,0.3505250716006728
6016,0.6445,1,10,1,519901,85709,61694,46262,0.793925302901182,0.35054671101984525
6017,0.6446,0,4,0,519905,85705,61694,46262,0.7938882507688317,0.3505573363037729
6018,0.6447,5,39,5,519944,85666,61699,46257,0.7935269924784172,0.35063635605618426
6019,0.6448,1,10,1,519954,85656,61700,46256,0.7934343621475416,0.350658014433865
6020,0.6449,2,5,2,519959,85651,61702,46254,0.7933880469821039,0.3506614608998901
6021,0.645,230,591,230,520550,85060,61932,46024,0.7879135944273593,0.35110310945653167
6022,0.6451,0,8,0,520558,85052,61932,46024,0.7878394901626589,0.35112453843571667
6023,0.6452,5,16,5,520574,85036,61937,46019,0.787691281633258,0.3511426500324291
6024,0.6453,6,24,6,520598,85012,61943,46013,0.7874689688391567,0.35117725624880747
6025,0.6454,2,2,2,520600,85010,61945,46011,0.7874504427729816,0.35117271277123513
6026,0.6455,5,9,5,520609,85001,61950,46006,0.7873670754751936,0.35117207477463036
6027,0.6456,1,11,1,520620,84990,61951,46005,0.7872651821112305,0.3511966105576549
6028,0.6457,8,38,8,520658,84952,61959,45997,0.7869131868539034,0.35125888704762925
6029,0.6458,19,58,19,520716,84894,61978,45978,0.7863759309348253,0.3513203741059967
6030,0.6459,1,2,1,520718,84892,61979,45977,0.7863574048686502,0.35132078643529024
6031,0.646,24,80,24,520798,84812,62003,45953,0.7856163622216459,0.35141666348028905
6032,0.6461,0,4,0,520802,84808,62003,45953,0.7855793100892956,0.35142741337248873
6033,0.6462,3,12,3,520814,84796,62006,45950,0.785468153692245,0.35144478607376134
6034,0.6463,2,21,2,520835,84775,62008,45948,0.7852736299974064,0.3514913213436044
6035,0.6464,1,10,1,520845,84765,62009,45947,0.7851809996665308,0.3515132505049269
6036,0.6465,3,21,3,520866,84744,62012,45944,0.7849864759716921,0.35155484818805094
6037,0.6466,1,2,1,520868,84742,62013,45943,0.7849679499055171,0.3515552664804683
6038,0.6467,123,338,123,521206,84404,62136,45820,0.7818370447219237,0.3518552647745423
6039,0.6468,3,11,3,521217,84393,62139,45817,0.7817351513579607,0.35187005606328237
6040,0.6469,0,6,0,521223,84387,62139,45817,0.7816795731594354,0.3518862707750914
6041,0.647,7,34,7,521257,84353,62146,45810,0.7813646300344584,0.3519433325906748
6042,0.6471,2,20,2,521277,84333,62148,45808,0.7811793693727074,0.3519874597551886
6043,0.6472,2,12,2,521289,84321,62150,45806,0.7810682129756568,0.35200995950110275
6044,0.6473,9,28,9,521317,84293,62159,45797,0.7808088480492053,0.3520408947651626
6045,0.6474,0,6,0,521323,84287,62159,45797,0.7807532698506799,0.3520571323145045
6046,0.6475,53,180,53,521503,84107,62212,45744,0.7790859238949202,0.3522806909457763
6047,0.6476,1,9,1,521512,84098,62213,45743,0.7790025565971321,0.3523001209171217
6048,0.6477,4,20,4,521532,84078,62217,45739,0.7788172959353811,0.35233444001941194
6049,0.6478,5,18,5,521550,84060,62222,45734,0.7786505613398051,0.3523583524662157
6050,0.6479,2,8,2,521558,84052,62224,45732,0.7785764570751047,0.3523700918449115
6051,0.648,20,56,20,521614,83996,62244,45712,0.7780577272222017,0.3524223640793166
6052,0.6481,3,3,3,521617,83993,62247,45709,0.778029938122939,0.3524155371544001
6053,0.6482,3,31,3,521648,83962,62250,45706,0.7777427840972247,0.35248480735416604
6054,0.6483,64,213,64,521861,83749,62314,45642,0.7757697580495757,0.35274478132173026
6055,0.6484,0,5,0,521866,83744,62314,45642,0.775723442884138,0.3527584128112779
6056,0.6485,5,22,5,521888,83722,62319,45637,0.7755196561562118,0.35279338894085455
6057,0.6486,4,9,4,521897,83713,62323,45633,0.7754362888584238,0.3527979218530144
6058,0.6487,6,21,6,521918,83692,62329,45627,0.7752417651635851,0.35282518423433523
6059,0.6488,8,25,8,521943,83667,62337,45619,0.7750101893363963,0.35285336385996935
6060,0.6489,0,2,0,521945,83665,62337,45619,0.7749916632702212,0.35285882243742456
6061,0.649,13,50,13,521995,83615,62350,45606,0.7745285116158435,0.3529302512749476
6062,0.6491,0,2,0,521997,83613,62350,45606,0.7745099855496684,0.35293571378822
6063,0.6492,14,62,14,522059,83551,62364,45592,0.77393567749824,0.35303500770463747
6064,0.6493,10,38,10,522097,83513,62374,45582,0.773583682240913,0.35308881056586233
6065,0.6494,3,10,3,522107,83503,62377,45579,0.7734910519100374,0.3531011295145721
6066,0.6495,9,26,9,522133,83477,62386,45570,0.773250213049761,0.3531271552225158
6067,0.6496,0,8,0,522141,83469,62386,45570,0.7731761087850606,0.353149047962244
6068,0.6497,7,25,7,522166,83444,62393,45563,0.7729445329578717,0.35318238545195224
6069,0.6498,1,22,1,522188,83422,62394,45562,0.7727407462299455,0.35323761086646405
6070,0.6499,0,9,0,522197,83413,62394,45562,0.7726573789321576,0.35326226012793177
6071,0.65,577,1723,577,523920,81690,62971,44985,0.7566971729223017,0.3551213735938425
6072,0.6501,1,6,1,523926,81684,62972,44984,0.7566415947237763,0.3551331038620646
6073,0.6502,7,8,7,523934,81676,62979,44977,0.7565674904590759,0.35511989451493453
6074,0.6503,7,12,7,523946,81664,62986,44970,0.7564563340620253,0.3551178988265395
6075,0.6504,1,4,1,523950,81660,62987,44969,0.756419281929675,0.3551240237228439
6076,0.6505,9,20,9,523970,81640,62996,44960,0.7562340212679239,0.3551342812006319
6077,0.6506,1,4,1,523974,81636,62997,44959,0.7561969691355738,0.3551404083889569
6078,0.6507,7,24,7,523998,81612,63004,44952,0.7559746563414724,0.35517208684934104
6079,0.6508,23,83,23,524081,81529,63027,44929,0.7552058245952055,0.3552879216815069
6080,0.6509,1,5,1,524086,81524,63028,44928,0.7551595094297677,0.3552968715401892
6081,0.651,22,43,22,524129,81481,63050,44906,0.7547611990070029,0.35530552984088554
6082,0.6511,2,7,2,524136,81474,63052,44904,0.75469635777539,0.3553150073588758
6083,0.6512,4,13,4,524149,81461,63056,44900,0.7545759383452517,0.3553311543909909
6084,0.6513,2,21,2,524170,81440,63058,44898,0.7543814146504131,0.35538001234782884
6085,0.6514,0,5,0,524175,81435,63058,44898,0.7543350994849753,0.35539407755693286
6086,0.6515,2,17,2,524192,81418,63060,44896,0.754177627922487,0.35543170194911095
6087,0.6516,1,3,1,524195,81415,63061,44895,0.7541498388232243,0.3554350407727021
6088,0.6517,48,170,48,524365,81245,63109,44847,0.7525751231983401,0.3556688766932081
6089,0.6518,4,16,4,524381,81229,63113,44843,0.7524269146689392,0.35569357192715273
6090,0.6519,3,7,3,524388,81222,63116,44840,0.7523620734373263,0.35569798987799656
6091,0.652,10,30,10,524418,81192,63126,44830,0.7520841824446997,0.3557315389376458
6092,0.6521,3,7,3,524425,81185,63129,44827,0.7520193412130868,0.3557359616544456
6093,0.6522,2,9,2,524434,81176,63131,44825,0.7519359739152989,0.3557511448321839
6094,0.6523,5,22,5,524456,81154,63136,44820,0.7517321871873727,0.3557877022242685
6095,0.6524,3,7,3,524463,81147,63139,44817,0.7516673459557598,0.3557921310850719
6096,0.6525,58,162,58,524625,80985,63197,44759,0.7501667345955759,0.35595336556813845
6097,0.6526,2,4,2,524629,80981,63199,44757,0.7501296824632258,0.35595444495697404
6098,0.6527,6,27,6,524656,80954,63205,44751,0.7498795805698618,0.356000159102661
6099,0.6528,4,11,4,524667,80943,63209,44747,0.7497776872058987,0.356010820272098
6100,0.6529,1,8,1,524675,80935,63210,44746,0.7497035829411983,0.3560283575082948
6101,0.653,10,26,10,524701,80909,63220,44736,0.7494627440809218,0.3560507779855943
6102,0.6531,0,7,0,524708,80902,63220,44736,0.749397902849309,0.35607061557808944
6103,0.6532,5,7,5,524715,80895,63225,44731,0.7493330616176961,0.35606482734465794
6104,0.6533,112,344,112,525059,80551,63337,44619,0.7461465782355775,0.35646720460174164
6105,0.6534,2,2,2,525061,80549,63339,44617,0.7461280521694024,0.3564626176437691
6106,0.6535,6,23,6,525084,80526,63345,44611,0.7459150024083886,0.3564972789822355
6107,0.6536,3,7,3,525091,80519,63348,44608,0.7458501611767757,0.356501794177116
6108,0.6537,4,11,4,525102,80508,63352,44604,0.7457482678128127,0.35651256474199117
6109,0.6538,7,20,7,525122,80488,63359,44597,0.7455630071510615,0.35653355718111684
6110,0.6539,0,3,0,525125,80485,63359,44597,0.7455352180517989,0.35654210837690475
6111,0.654,25,75,25,525200,80410,63384,44572,0.7448404905702323,0.3566273543390248
6112,0.6541,0,1,0,525201,80409,63384,44572,0.7448312275371448,0.35663020779158433
6113,0.6542,15,70,15,525271,80339,63399,44557,0.7441828152210159,0.35675281834486294
6114,0.6543,10,26,10,525297,80313,63409,44547,0.7439419763607396,0.3567755886592984
6115,0.6544,1,3,1,525300,80310,63410,44546,0.7439141872614768,0.3567790094188505
6116,0.6545,0,19,0,525319,80291,63410,44546,0.7437381896328134,0.35683331063707074
6117,0.6546,0,4,0,525323,80287,63410,44546,0.7437011375004632,0.3568447445787572
6118,0.6547,5,24,5,525347,80263,63415,44541,0.7434788247063618,0.35688759975641804
6119,0.6548,2,19,2,525366,80244,63417,44539,0.7433028270776983,0.3569316333154356
6120,0.6549,0,1,0,525367,80243,63417,44539,0.7432935640446108,0.3569344937571124
6121,0.655,190,583,190,525950,79660,63607,44349,0.7378932157545667,0.35762726898854114
6122,0.6551,1,6,1,525956,79654,63608,44348,0.7378376375560414,0.35763939291301755
6123,0.6552,1,12,1,525968,79642,63609,44347,0.7377264811589908,0.3576688254603231
6124,0.6553,5,28,5,525996,79614,63614,44342,0.7374671162325391,0.35772370841266254
6125,0.6554,1,4,1,526000,79610,63615,44341,0.737430064100189,0.3577300707537656
6126,0.6555,12,16,12,526016,79594,63627,44329,0.7372818555707881,0.35771406437868675
6127,0.6556,3,2,3,526018,79592,63630,44326,0.737263329504613,0.3577042883196953
6128,0.6557,7,13,7,526031,79579,63637,44319,0.7371429100744747,0.35770553196984617
6129,0.6558,29,86,29,526117,79493,63666,44290,0.7363462892289451,0.35780357561216
6130,0.6559,1,8,1,526125,79485,63667,44289,0.7362721849642447,0.35782151340346113
6131,0.656,10,59,10,526184,79426,63677,44279,0.735725666012079,0.3579402611050483
6132,0.6561,1,7,1,526191,79419,63678,44278,0.7356608247804661,0.3579553263215761
6133,0.6562,5,20,5,526211,79399,63683,44273,0.7354755641187151,0.35798725661427
6134,0.6563,3,23,3,526234,79376,63686,44270,0.7352625143577013,0.35803827054656034
6135,0.6564,1,3,1,526237,79373,63687,44269,0.7352347252584386,0.3580417657430323
6136,0.6565,3,32,3,526269,79341,63690,44266,0.7349383081996369,0.35811887676264287
6137,0.6566,1,7,1,526276,79334,63691,44265,0.734873466968024,0.35813396548515763
6138,0.6567,113,325,113,526601,79009,63804,44152,0.7318629812145689,0.3584901064460341
6139,0.6568,9,25,9,526626,78984,63813,44143,0.73163140538738,0.3585160038009535
6140,0.6569,1,4,1,526630,78980,63814,44142,0.7315943532550299,0.35852244115592663
6141,0.657,3,20,3,526650,78960,63817,44139,0.7314090925932788,0.3585650573928302
6142,0.6571,4,9,4,526659,78951,63821,44135,0.7313257252954908,0.3585704304307557
6143,0.6572,4,9,4,526668,78942,63825,44131,0.7312423579977028,0.35857580460377175
6144,0.6573,6,17,6,526685,78925,63831,44125,0.7310848864352143,0.3585940674522552
6145,0.6574,1,6,1,526691,78919,63832,44124,0.731029308236689,0.35860634087270304
6146,0.6575,60,189,60,526880,78730,63892,44064,0.7292785949831413,0.3588448947016955
6147,0.6576,3,6,3,526886,78724,63895,44061,0.729223016784616,0.3588467646699515
6148,0.6577,5,23,5,526909,78701,63900,44056,0.7290099670236022,0.3588878841939767
6149,0.6578,3,11,3,526920,78690,63903,44053,0.7289080736596392,0.3589043774390393
6150,0.6579,1,6,1,526926,78684,63904,44052,0.7288524954611137,0.35891669925694175
6151,0.658,15,59,15,526985,78625,63919,44037,0.7283059765089481,0.35901094063361105
6152,0.6581,2,3,2,526988,78622,63921,44035,0.7282781874096854,0.3590092697522359
6153,0.6582,9,19,9,527007,78603,63930,44026,0.7281021897810219,0.35901785058999097
6154,0.6583,41,168,41,527175,78435,63971,43985,0.7265460002223127,0.3592958666884496
6155,0.6584,0,1,0,527176,78434,63971,43985,0.7265367371892253,0.3592988016566056
6156,0.6585,4,21,4,527197,78413,63975,43981,0.7263422134943867,0.35933951010670456
6157,0.6586,2,6,2,527203,78407,63977,43979,0.7262866352958612,0.3593466572974033
6158,0.6587,7,13,7,527216,78394,63984,43972,0.726166215865723,0.3593481849533367
6159,0.6588,1,23,1,527239,78371,63985,43971,0.7259531661047093,0.359410504977849
6160,0.6589,1,2,1,527241,78369,63986,43970,0.7259346400385343,0.35941114444290045
6161,0.659,9,43,9,527284,78326,63995,43961,0.7255363296157694,0.3594903791899384
6162,0.6591,1,6,1,527290,78320,63996,43960,0.7254807514172441,0.35950278050376183
6163,0.6592,28,84,28,527374,78236,64024,43932,0.7247026566378895,0.3596031694060638
6164,0.6593,7,38,7,527412,78198,64031,43925,0.7243506613805625,0.3596783570662365
6165,0.6594,2,5,2,527417,78193,64033,43923,0.7243043462151246,0.35968259687510235
6166,0.6595,7,17,7,527434,78176,64040,43916,0.7241468746526363,0.3596959669757232
6167,0.6596,2,9,2,527443,78167,64042,43914,0.7240635073548483,0.35971199449545793
6168,0.6597,6,17,6,527460,78150,64048,43908,0.7239060357923599,0.3597306198692425
6169,0.6598,5,11,5,527471,78139,64053,43903,0.7238041424283967,0.35973681191720885
6170,0.6599,0,2,0,527473,78137,64053,43903,0.7237856163622216,0.359742707309079
6171,0.66,545,1646,545,529119,76491,64598,43358,0.7085386639001074,0.36177189630284773
6172,0.6601,2,5,2,529124,76486,64600,43356,0.7084923487346697,0.3617763388461474
6173,0.6602,4,10,4,529134,76476,64604,43352,0.7083997184037941,0.3617852254898688
6174,0.6603,6,23,6,529157,76453,64610,43346,0.7081866686427803,0.36182271972220137
6175,0.6604,1,0,1,529157,76453,64611,43345,0.7081866686427803,0.361817392610895
6176,0.6605,6,21,6,529178,76432,64617,43339,0.7079921449479417,0.3618488615775104
6177,0.6606,2,3,2,529181,76429,64619,43337,0.7079643558486791,0.36184726884090646
6178,0.6607,8,30,8,529211,76399,64627,43329,0.7076864648560525,0.36189529600427633
6179,0.6608,23,59,23,529270,76340,64650,43306,0.7071399459038867,0.3619510890460191
6180,0.6609,1,5,1,529275,76335,64651,43305,0.707093630738449,0.36196088264794385
6181,0.661,15,54,15,529329,76281,64666,43290,0.7065934269517211,0.3620443084025391
6182,0.6611,0,7,0,529336,76274,64666,43290,0.7065285857201082,0.3620655046669566
6183,0.6612,3,17,3,529353,76257,64669,43287,0.7063711141576198,0.3621009837382052
6184,0.6613,2,22,2,529375,76235,64671,43285,0.7061673274296936,0.3621569611780455
6185,0.6614,3,7,3,529382,76228,64674,43282,0.7061024861980807,0.3621621621621622
6186,0.6615,4,20,4,529402,76208,64678,43278,0.7059172255363296,0.3622014294561706
6187,0.6617,63,189,63,529591,76019,64741,43215,0.7041665122827818,0.36243856618078735
6188,0.6618,5,14,5,529605,76005,64746,43210,0.7040368298195561,0.3624543891288848
6189,0.6619,0,12,0,529617,75993,64746,43210,0.7039256734225054,0.3624908769074604
6190,0.662,10,58,10,529675,75935,64756,43200,0.7033884175034273,0.3626138414403828
6191,0.6621,0,11,0,529686,75924,64756,43200,0.7032865241394642,0.3626473254759746
6192,0.6622,2,15,2,529701,75909,64758,43198,0.7031475786431509,0.36268229407171704
6193,0.6623,6,15,6,529716,75894,64764,43192,0.7030086331468376,0.36269586685252675
6194,0.6624,2,5,2,529721,75889,64766,43190,0.7029623179813999,0.36270039217662225
6195,0.6625,50,150,50,529871,75739,64816,43140,0.7015728630182667,0.3628899973923065
6196,0.6626,1,2,1,529873,75737,64817,43139,0.7015543369520916,0.36289074329553483
6197,0.6627,8,29,8,529902,75708,64825,43131,0.7012857089925525,0.3629364097644713
6198,0.6628,2,7,2,529909,75701,64827,43129,0.7012208677609396,0.36294706723891274
6199,0.6629,2,8,2,529917,75693,64829,43127,0.7011467634962392,0.36296078101329743
6200,0.663,15,29,15,529946,75664,64844,43112,0.7008781355367001,0.3629689499562201
6201,0.6631,1,4,1,529950,75660,64845,43111,0.7008410834043499,0.36297581059349504
6202,0.6632,3,14,3,529964,75646,64848,43108,0.7007114009411242,0.3630025093891574
6203,0.6633,97,283,97,530247,75363,64945,43011,0.6980899625773463,0.3633483704191799
6204,0.6634,0,5,0,530252,75358,64945,43011,0.6980436474119086,0.3633637185411721
6205,0.6635,9,20,9,530272,75338,64954,43002,0.6978583867501574,0.3633767111712016
6206,0.6636,3,8,3,530280,75330,64957,42999,0.697784282485457,0.36338513804730876
6207,0.6637,5,14,5,530294,75316,64962,42994,0.6976546000222312,0.36340123404614993
6208,0.6638,2,16,2,530310,75300,64964,42992,0.6975063914928304,0.36343962398133434
6209,0.6639,3,6,3,530316,75294,64967,42989,0.6974508132943051,0.3634419147299274
6210,0.664,14,61,14,530377,75233,64981,42975,0.6968857682759643,0.36355407417433677
6211,0.6641,3,10,3,530387,75223,64984,42972,0.6967931379450888,0.3635686788781251
6212,0.6642,23,59,23,530446,75164,65007,42949,0.6962466189929231,0.36362635780989394
6213,0.6643,7,28,7,530474,75136,65014,42942,0.6959872540664716,0.3636748589915141
6214,0.6644,2,7,2,530481,75129,65016,42940,0.6959224128348587,0.36368564144695054
6215,0.6645,6,12,6,530493,75117,65022,42934,0.695811256437808,0.36369026945980976
6216,0.6646,2,8,2,530501,75109,65024,42932,0.6957371521731076,0.36370413669826585
6217,0.6647,6,17,6,530518,75092,65030,42926,0.6955796806106191,0.3637241776678134
6218,0.6648,9,9,9,530527,75083,65039,42917,0.6954963133128311,0.3637033898305085
6219,0.6649,1,6,1,530533,75077,65040,42916,0.6954407351143058,0.36371649165628467
6220,0.665,204,547,204,531080,74530,65244,42712,0.6903738560154137,0.36430630661367086
6221,0.6651,1,5,1,531085,74525,65245,42711,0.6903275408499759,0.36431642157699
6222,0.6652,3,14,3,531099,74511,65248,42708,0.6901978583867502,0.3643436644230031
6223,0.6653,4,6,4,531105,74505,65252,42704,0.6901422801882249,0.3643406223071607
6224,0.6654,1,7,1,531112,74498,65253,42703,0.690077438956612,0.3643569594116091
6225,0.6655,5,19,5,531131,74479,65258,42698,0.6899014413279484,0.3643889159135325
6226,0.6656,1,3,1,531134,74476,65259,42697,0.6898736522286858,0.36439282087170255
6227,0.6657,8,35,8,531169,74441,65267,42689,0.6895494460706214,0.3644582942030223
6228,0.6658,23,73,23,531242,74368,65290,42666,0.6888732446552299,0.3645607259428884
6229,0.6659,0,3,0,531245,74365,65290,42666,0.6888454555559672,0.36457007117772217
6230,0.666,28,91,28,531336,74274,65318,42638,0.6880025195449998,0.3647016559463528
6231,0.6661,0,5,0,531341,74269,65318,42638,0.6879562043795621,0.36471725388556714
6232,0.6662,6,11,6,531352,74258,65324,42632,0.6878543110155989,0.3647189665497476
6233,0.6663,2,13,2,531365,74245,65326,42630,0.6877338915854607,0.36474866310160425
6234,0.6664,0,4,0,531369,74241,65326,42630,0.6876968394531106,0.36476114690556255
6235,0.6665,9,19,9,531388,74222,65335,42621,0.687520841824447,0.36477153102881643
6236,0.6666,1,3,1,531391,74219,65336,42620,0.6874930527251844,0.3647754602487183
6237,0.6667,106,300,106,531691,73919,65442,42514,0.6847141427989181,0.36513703159757116
6238,0.6668,6,23,6,531714,73896,65448,42508,0.6845010930379043,0.36517645441737395
6239,0.6669,3,4,3,531718,73892,65451,42505,0.6844640409055541,0.36517264190657833
6240,0.667,11,29,11,531747,73863,65462,42494,0.684195412946015,0.36520364052012344
6241,0.6671,4,8,4,531755,73855,65466,42490,0.6841213086813146,0.36520692767200996
6242,0.6672,1,9,1,531764,73846,65467,42489,0.6840379413835266,0.3652297245025143
6243,0.6673,11,31,11,531795,73815,65478,42478,0.6837507873578125,0.36526704100848717
6244,0.6674,3,12,3,531807,73803,65481,42475,0.6836396309607617,0.36528836065291803
6245,0.6675,33,159,33,531966,73644,65514,42442,0.6821668086998407,0.36560825594817636
6246,0.6676,1,11,1,531977,73633,65515,42441,0.6820649153358775,0.3656374381859848
6247,0.6677,7,23,7,532000,73610,65522,42434,0.6818518655748639,0.3656716417910448
6248,0.6678,1,9,1,532009,73601,65523,42433,0.6817684982770759,0.3656945378078839
6249,0.6679,0,2,0,532011,73599,65523,42433,0.6817499722109007,0.3657008411472697
6250,0.668,17,42,17,532053,73557,65540,42416,0.6813609248212235,0.3657403016219292
6251,0.6681,1,4,1,532057,73553,65541,42415,0.6813238726888733,0.36574744757174393
6252,0.6682,5,20,5,532077,73533,65546,42410,0.6811386120271221,0.3657831865658125
6253,0.6683,73,169,73,532246,73364,65619,42337,0.6795731594353255,0.3659173213714661
6254,0.6684,2,2,2,532248,73362,65621,42335,0.6795546333691503,0.3659126857221881
6255,0.6685,2,27,2,532275,73335,65623,42333,0.6793045314757864,0.36598713559497875
6256,0.6686,2,7,2,532282,73328,65625,42331,0.6792396902441735,0.3659983226553921
6257,0.6687,3,16,3,532298,73312,65628,42328,0.6790914817147727,0.36603251470079556
6258,0.6688,4,12,4,532310,73300,65632,42324,0.678980325317722,0.3660485712308863
6259,0.6689,1,3,1,532313,73297,65633,42323,0.6789525362184594,0.36605258605777546
6260,0.669,12,35,12,532348,73262,65645,42311,0.678628330060395,0.3660976179557509
6261,0.6691,1,1,1,532349,73261,65646,42310,0.6786190670273075,0.36609530072423013
6262,0.6692,11,83,11,532432,73178,65657,42299,0.6778502352810404,0.3662980506940776
6263,0.6693,10,44,10,532476,73134,65667,42289,0.6774426618251881,0.3663827833274131
6264,0.6694,1,9,1,532485,73125,65668,42288,0.6773592945274001,0.36640586415741727
6265,0.6695,2,17,2,532502,73108,65670,42286,0.6772018229649116,0.3664488621592111
6266,0.6696,1,4,1,532506,73104,65671,42285,0.6771647708325614,0.3664560746691626
6267,0.6697,9,18,9,532524,73086,65680,42276,0.6769980362369854,0.3664638269100744
6268,0.6698,3,15,3,532539,73071,65683,42273,0.6768590907406721,0.3664950062421973
6269,0.6699,0,5,0,532544,73066,65683,42273,0.6768127755752343,0.3665108939734175
6270,0.67,630,1623,630,534167,71443,66313,41643,0.661778872874134,0.36824186902003786
6271,0.6701,1,1,1,534168,71442,66314,41642,0.6617696098410464,0.3682395387499558
6272,0.6702,2,7,2,534175,71435,66316,41640,0.6617047686094335,0.3682511607340261
6273,0.6703,1,13,1,534188,71422,66317,41639,0.6615843491792953,0.36828791537311717
6274,0.6704,1,4,1,534192,71418,66318,41638,0.661547297046945,0.36829535805264646
6275,0.6705,6,17,6,534209,71401,66324,41632,0.6613898254844567,0.3683172170958923
6276,0.6706,0,5,0,534214,71396,66324,41632,0.6613435103190188,0.36833351028063843
6277,0.6707,11,27,11,534241,71369,66335,41621,0.6610934084256549,0.3683600318612267
6278,0.6708,22,62,22,534303,71307,66357,41599,0.6605191003742266,0.3684392326359981
6279,0.6709,1,6,1,534309,71301,66358,41598,0.6604635221757013,0.3684532192490633
6280,0.671,14,44,14,534353,71257,66372,41584,0.6600559487198489,0.36851853492967984
6281,0.6711,2,2,2,534355,71255,66374,41582,0.6600374226536737,0.36851387399523206
6282,0.6712,4,11,4,534366,71244,66378,41578,0.6599355292897107,0.36852741486589496
6283,0.6713,10,23,10,534389,71221,66388,41568,0.6597224795286969,0.3685465781237532
6284,0.6714,0,6,0,534395,71215,66388,41568,0.6596669013301716,0.3685661846200225
6285,0.6715,5,24,5,534419,71191,66393,41563,0.6594445885360702,0.368616634443124
6286,0.6716,0,2,0,534421,71189,66393,41563,0.6594260624698951,0.3686231729814105
6287,0.6717,48,154,48,534575,71035,66441,41515,0.6579995553744118,0.3688582852065749
6288,0.6718,8,17,8,534592,71018,66449,41507,0.6578420838119233,0.36886914019106865
6289,0.6719,1,7,1,534599,71011,66450,41506,0.6577772425803105,0.3688864793764498
6290,0.672,6,47,6,534646,70964,66456,41500,0.6573418800251954,0.3690069711196472
6291,0.6721,5,9,5,534655,70955,66461,41495,0.6572585127274074,0.36900844819919965
6292,0.6722,7,11,7,534666,70944,66468,41488,0.6571566193634444,0.36900526540486694
6293,0.6723,5,21,5,534687,70923,66473,41483,0.6569620956686058,0.3690461363272423
6294,0.6724,0,4,0,534691,70919,66473,41483,0.6569250435362555,0.36905926940801764
6295,0.6725,57,159,57,534850,70760,66530,41426,0.6554522212753344,0.3692617617171483
6296,0.6726,1,5,1,534855,70755,66531,41425,0.6554059061098966,0.36927259761098236
6297,0.6727,8,18,8,534873,70737,66539,41417,0.6552391715143207,0.3692868734062093
6298,0.6728,3,18,3,534891,70719,66542,41414,0.6550724369187447,0.36932927862449055
6299,0.6729,3,11,3,534902,70708,66545,41411,0.6549705435547816,0.369348638500165
6300,0.673,9,38,9,534940,70670,66554,41402,0.6546185482974545,0.3694232279249054
6301,0.6731,1,3,1,534943,70667,66555,41401,0.6545907591981919,0.36942749045222545
6302,0.6732,2,16,2,534959,70651,66557,41399,0.654442550668791,0.3694689870593485
6303,0.6733,99,313,99,535272,70338,66656,41300,0.6515432213123865,0.36994571740805104
6304,0.6734,2,2,2,535274,70336,66658,41298,0.6515246952462114,0.3699410573839511
6305,0.6735,7,19,7,535293,70317,66665,41291,0.6513486976175479,0.3699645186724966
6306,0.6736,0,4,0,535297,70313,66665,41291,0.6513116454851977,0.36997777857424463
6307,0.6737,4,13,4,535310,70300,66669,41287,0.6511912260550594,0.3699982972926954
6308,0.6738,6,19,6,535329,70281,66675,41281,0.6510152284263959,0.3700274286943583
6309,0.6739,2,10,2,535339,70271,66677,41279,0.6509225980955204,0.3700493052442851
6310,0.674,20,71,20,535410,70200,66697,41259,0.6502649227463041,0.3701719914946303
6311,0.6741,2,9,2,535419,70191,66699,41257,0.6501815554485161,0.3701905821549063
6312,0.6742,10,72,10,535491,70119,66709,41247,0.6495146170662122,0.37037336350412153
6313,0.6743,9,34,9,535525,70085,66718,41238,0.6491996739412353,0.37043557935017923
6314,0.6744,1,1,1,535526,70084,66719,41237,0.6491904109081478,0.37043325158775076
6315,0.6745,6,12,6,535538,70072,66725,41231,0.6490792545110972,0.3704392514128101
6316,0.6746,0,7,0,535545,70065,66725,41231,0.6490144132794843,0.37046255031627373
6317,0.6747,5,14,5,535559,70051,66730,41226,0.6488847308162585,0.3704808720580174
6318,0.6748,1,22,1,535581,70029,66731,41225,0.6486809440883323,0.3705484746615852
6319,0.6749,0,5,0,535586,70024,66731,41225,0.6486346289228945,0.37056512867531394
6320,0.675,218,498,218,536084,69526,66949,41007,0.6440216384452925,0.37099327802556703
6321,0.6751,1,2,1,536086,69524,66950,41006,0.6440031123791174,0.3709943001899937
6322,0.6752,7,18,7,536104,69506,66957,40999,0.6438363777835414,0.37101488620424417
6323,0.6753,2,13,2,536117,69493,66959,40997,0.6437159583534032,0.37104715358856005
6324,0.6754,2,2,2,536119,69491,66961,40995,0.6436974322872281,0.3710424850207266
6325,0.6755,6,16,6,536135,69475,66967,40989,0.6435492237578273,0.37106206546929316
6326,0.6756,1,3,1,536138,69472,66968,40988,0.6435214346585646,0.3710664493934456
6327,0.6757,8,26,8,536164,69446,66976,40980,0.6432805957982882,0.37110825349102566
6328,0.6758,15,66,15,536230,69380,66991,40965,0.6426692356145096,0.3712447324301056
6329,0.6759,0,2,0,536232,69378,66991,40965,0.6426507095483345,0.37125146135232867
6330,0.676,18,74,18,536306,69304,67009,40947,0.6419652450998555,0.37139799185494915
6331,0.6761,1,7,1,536313,69297,67010,40946,0.6419004038682427,0.3714158722095734
6332,0.6762,1,15,1,536328,69282,67011,40945,0.6417614583719293,0.3714607128924855
6333,0.6763,2,20,2,536348,69262,67013,40943,0.6415761977101783,0.3715167188421578
6334,0.6764,0,4,0,536352,69258,67013,40943,0.641539145577828,0.37153020390014607
6335,0.6765,6,22,6,536374,69236,67019,40937,0.6413353588499018,0.37157016691929967
6336,0.6766,3,7,3,536381,69229,67022,40934,0.6412705176182889,0.37157666367110553
6337,0.6767,97,275,97,536656,68954,67119,40837,0.6387231835192115,0.3719521636564017
6338,0.6768,3,11,3,536667,68943,67122,40834,0.6386212901552485,0.37197227105860065
6339,0.6769,1,1,1,536668,68942,67123,40833,0.6386120271221609,0.37196993851058985
6340,0.677,9,22,9,536690,68920,67132,40824,0.6384082403942347,0.37199300189532003
6341,0.6771,5,9,5,536699,68911,67137,40819,0.6383248730964467,0.3719948965642942
6342,0.6772,7,17,7,536716,68894,67144,40812,0.6381674015339582,0.3720124696917215
6343,0.6773,7,32,7,536748,68862,67151,40805,0.6378709844751566,0.37208093592420693
6344,0.6774,2,6,2,536754,68856,67153,40803,0.6378154062766312,0.3720898421470194
6345,0.6775,62,161,62,536915,68695,67215,40741,0.636324057949535,0.3722815161372857
6346,0.6776,0,6,0,536921,68689,67215,40741,0.6362684797510096,0.37230192817326146
6347,0.6777,5,22,5,536943,68667,67220,40736,0.6360646930230834,0.37234810745591984
6348,0.6778,2,19,2,536962,68648,67222,40734,0.63588869539442,0.3724013091733558
6349,0.6779,3,4,3,536966,68644,67225,40731,0.6358516432620698,0.3723977142857143
6350,0.678,17,53,17,537019,68591,67242,40714,0.6353607025084294,0.37248067334522666
6351,0.6781,2,3,2,537022,68588,67244,40712,0.6353329134091666,0.3724794144556267
6352,0.6782,5,20,5,537042,68568,67249,40707,0.6351476527474156,0.3725188743994509
6353,0.6783,57,163,57,537205,68405,67306,40650,0.6336377783541443,0.3727476961166384
6354,0.6784,1,0,1,537205,68405,67307,40649,0.6336377783541443,0.3727419443578411
6355,0.6785,4,20,4,537225,68385,67311,40645,0.6334525176923932,0.3727873062459873
6356,0.6786,3,8,3,537233,68377,67314,40642,0.6333784134276927,0.3727974022876746
6357,0.6787,5,20,5,537253,68357,67319,40637,0.6331931527659417,0.3728370369011138
6358,0.6788,3,15,3,537268,68342,67322,40634,0.6330542072696284,0.3728710908823961
6359,0.6789,1,8,1,537276,68334,67323,40633,0.6329801030049279,0.3728927106371654
6360,0.679,9,46,9,537322,68288,67332,40624,0.6325540034829005,0.37299838401645363
6361,0.6791,0,2,0,537324,68286,67332,40624,0.6325354774167253,0.37300523367918464
6362,0.6792,15,50,15,537374,68236,67347,40609,0.6320723257623476,0.37309017410078554
6363,0.6793,7,28,7,537402,68208,67354,40602,0.6318129608358961,0.3731458505652054
6364,0.6794,1,2,1,537404,68206,67355,40601,0.631794434769721,0.3731469482661961
6365,0.6795,3,9,3,537413,68197,67358,40598,0.6317110674719331,0.3731605312744152
6366,0.6796,3,2,3,537415,68195,67361,40595,0.6316925414057579,0.37315010570824525
6367,0.6797,3,15,3,537430,68180,67364,40592,0.6315535959094446,0.3731842753649836
6368,0.6798,4,12,4,537442,68168,67368,40588,0.631442439512394,0.3732023980286145
6369,0.6799,0,5,0,537447,68163,67368,40588,0.6313961243469561,0.37321955660177836
6370,0.68,621,1574,621,539021,66589,67989,39967,0.6168161102671459,0.37507977026164646
6371,0.6801,0,4,0,539025,66585,67989,39967,0.6167790581347956,0.3750938508897064
6372,0.6802,5,18,5,539043,66567,67994,39962,0.6166123235392197,0.3751278994452215
6373,0.6803,8,20,8,539063,66547,68002,39954,0.6164270628774686,0.375151407029042
6374,0.6804,0,6,0,539069,66541,68002,39954,0.6163714846789433,0.3751725433118926
6375,0.6805,3,23,3,539092,66518,68005,39951,0.6161584349179295,0.3752359841831895
6376,0.6806,1,7,1,539099,66511,68006,39950,0.6160935936863167,0.3752547881383793
6377,0.6807,9,36,9,539135,66475,68015,39941,0.6157601244951647,0.3753288979100887
6378,0.6808,13,54,13,539189,66421,68028,39928,0.6152599207084368,0.37544311653142015
6379,0.6809,0,5,0,539194,66416,68028,39928,0.615213605542999,0.37546076882569773
6380,0.681,10,48,10,539242,66368,68038,39918,0.6147689799547964,0.37557157104416383
6381,0.6811,4,7,4,539249,66361,68042,39914,0.6147041387231835,0.3755728063984945
6382,0.6812,5,16,5,539265,66345,68047,39909,0.6145559301937826,0.375599977412615
6383,0.6813,3,24,3,539289,66321,68050,39906,0.6143336173996814,0.37566720325341013
6384,0.6814,0,7,0,539296,66314,68050,39906,0.6142687761680685,0.37569196008284694
6385,0.6815,4,17,4,539313,66297,68054,39902,0.61411130460558,0.3757285850149248
6386,0.6816,1,3,1,539316,66294,68055,39901,0.6140835155063173,0.3757333207778144
6387,0.6817,46,145,46,539461,66149,68101,39855,0.612740375708622,0.37597637824987734
6388,0.6818,2,13,2,539474,66136,68103,39853,0.6126199562784839,0.37601071809338704
6389,0.6819,1,4,1,539478,66132,68104,39852,0.6125829041461336,0.37601902173913043
6390,0.682,8,34,8,539512,66098,68112,39844,0.6122679610211568,0.37609257895829795
6391,0.6821,2,4,2,539516,66094,68114,39842,0.6122309088888066,0.37609500075517294
6392,0.6822,0,9,0,539525,66085,68114,39842,0.6121475415910186,0.37612695535604707
6393,0.6823,12,30,12,539555,66055,68126,39830,0.6118696505983919,0.37616281815176844
6394,0.6824,1,9,1,539564,66046,68127,39829,0.6117862833006039,0.3761889020070838
6395,0.6825,51,131,51,539695,65915,68178,39778,0.6105728259661344,0.37635415779663745
6396,0.6826,3,6,3,539701,65909,68181,39775,0.6105172477676091,0.3763578214299232
6397,0.6827,10,27,10,539728,65882,68191,39765,0.610267145874245,0.37639497572103325
6398,0.6828,4,14,4,539742,65868,68195,39761,0.6101374634110193,0.37642124795274023
6399,0.6829,4,7,4,539749,65861,68199,39757,0.6100726221794064,0.37642257948455754
6400,0.683,8,23,8,539772,65838,68207,39749,0.6098595724183927,0.37645732902724766
6401,0.6831,1,6,1,539778,65832,68208,39748,0.6098039942198673,0.3764728168213677
6402,0.6832,6,22,6,539800,65810,68214,39742,0.6096002074919412,0.37651584053357584
6403,0.6833,97,264,97,540064,65546,68311,39645,0.6071547667568269,0.37688585525377644
6404,0.6834,1,1,1,540065,65545,68312,39644,0.6071455037237393,0.3768835144359201
6405,0.6835,6,11,6,540076,65534,68318,39638,0.6070436103597762,0.3768873844749553
6406,0.6836,3,3,3,540079,65531,68321,39635,0.6070158212605136,0.3768803605728087
6407,0.6837,6,14,6,540093,65517,68327,39629,0.6068861387972878,0.3768949841173226
6408,0.6838,5,10,5,540103,65507,68332,39624,0.6067935084664122,0.3769011994559169
6409,0.6839,1,5,1,540108,65502,68333,39623,0.6067471933009745,0.3769131985731272
6410,0.684,22,48,22,540156,65454,68355,39601,0.6063025677127719,0.37695492837085337
6411,0.6841,1,4,1,540160,65450,68356,39600,0.6062655155804216,0.3769633507853403
6412,0.6842,19,61,19,540221,65389,68375,39581,0.6057004705620809,0.37706963894446033
6413,0.6843,9,33,9,540254,65356,68384,39572,0.6053947904701915,0.37713479719426657
6414,0.6844,2,3,2,540257,65353,68386,39570,0.6053670013709289,0.37713370757603193
6415,0.6845,5,10,5,540267,65343,68391,39565,0.6052743710400533,0.37713997025965607
6416,0.6846,1,4,1,540271,65339,68392,39564,0.6052373189077032,0.37714841329609256
6417,0.6847,6,23,6,540294,65316,68398,39558,0.6050242691466894,0.37719549173293665
6418,0.6848,5,19,5,540313,65297,68403,39553,0.6048482715180259,0.3772341440152599
6419,0.6849,3,7,3,540320,65290,68406,39550,0.604783430286413,0.3772415108737123
6420,0.685,194,543,194,540863,64747,68600,39356,0.599753603319871,0.3780486633430353
6421,0.6851,3,7,3,540870,64740,68603,39353,0.5996887620882582,0.3780561613172836
6422,0.6852,7,20,7,540890,64720,68610,39346,0.5995035014265071,0.37808698326062307
6423,0.6853,2,17,2,540907,64703,68612,39344,0.5993460298640186,0.3781368035599296
6424,0.6854,1,2,1,540909,64701,68613,39343,0.5993275037978436,0.37813809542116794
6425,0.6855,3,13,3,540922,64688,68616,39340,0.5992070843677053,0.37816741646479796
6426,0.6856,1,8,1,540930,64680,68617,39339,0.599132980103005,0.37819052288524213
6427,0.6857,12,33,12,540963,64647,68629,39327,0.5988273000111156,0.3782387904668475
6428,0.6858,21,71,21,541034,64576,68650,39306,0.5981696246618993,0.37837161394659324
6429,0.6859,1,3,1,541037,64573,68651,39305,0.5981418355626367,0.3783765571150773
6430,0.686,19,72,19,541109,64501,68670,39286,0.5974748971803328,0.3785252488269244
6431,0.6861,0,2,0,541111,64499,68670,39286,0.5974563711141576,0.3785325432384256
6432,0.6862,3,20,3,541131,64479,68673,39283,0.5972711104524066,0.3785875368632062
6433,0.6863,3,22,3,541153,64457,68676,39280,0.5970673237244803,0.37864985492158054
6434,0.6864,4,4,4,541157,64453,68680,39276,0.5970302715921302,0.3786404959076054
6435,0.6865,5,8,5,541165,64445,68685,39271,0.5969561673274297,0.378639747001427
6436,0.6866,0,3,0,541168,64442,68685,39271,0.596928378228167,0.37865069952657815
6437,0.6867,83,308,83,541476,64134,68768,39188,0.5940753640372003,0.37928030816283076
6438,0.6868,4,12,4,541488,64122,68772,39184,0.5939642076401497,0.3793003310553114
6439,0.6869,5,6,5,541494,64116,68777,39179,0.5939086294416244,0.3792923181180115
6440,0.687,13,25,13,541519,64091,68790,39166,0.5936770536144355,0.37930600346707727
6441,0.6871,4,7,4,541526,64084,68794,39162,0.5936122123828226,0.3793076729364818
6442,0.6872,0,24,0,541550,64060,68794,39162,0.5933898995887213,0.3793958652225301
6443,0.6873,12,30,12,541580,64030,68806,39150,0.5931120085960947,0.3794339988369839
6444,0.6874,2,7,2,541587,64023,68808,39148,0.5930471673644818,0.37944771302013164
6445,0.6875,46,146,46,541733,63877,68854,39102,0.591694764533699,0.3797084842540712
6446,0.6876,4,13,4,541746,63864,68858,39098,0.5915743451035607,0.3797323284318486
6447,0.6877,7,27,7,541773,63837,68865,39091,0.5913242432101967,0.3797897559459039
6448,0.6878,5,12,5,541785,63825,68870,39086,0.5912130868131461,0.3798039082313844
6449,0.6879,3,2,3,541787,63823,68873,39083,0.591194560746971,0.3797932093366762
6450,0.688,14,35,14,541822,63788,68887,39069,0.5908703545889066,0.37983802755281604
6451,0.6881,1,4,1,541826,63784,68888,39068,0.5908333024565564,0.3798467701162836
6452,0.6882,5,15,5,541841,63769,68893,39063,0.5906943569602431,0.3798720242726
6453,0.6883,59,136,59,541977,63633,68952,39004,0.5894345844603357,0.38001890156571216
6454,0.6884,0,5,0,541982,63628,68952,39004,0.589388269294898,0.380037415231117
6455,0.6885,3,26,3,542008,63602,68955,39001,0.5891474304346215,0.3801155911620518
6456,0.6886,4,7,4,542015,63595,68959,38997,0.5890825892030086,0.38011735807860264
6457,0.6887,5,16,5,542031,63579,68964,38992,0.5889343806736078,0.380146435152236
6458,0.6888,5,17,5,542048,63562,68969,38987,0.5887769091111194,0.38017923139182247
6459,0.6889,0,2,0,542050,63560,68969,38987,0.5887583830449442,0.38018664612324105
6460,0.689,12,38,12,542088,63522,68981,38975,0.5884063877876172,0.38025503185459086
6461,0.6891,1,3,1,542091,63519,68982,38974,0.5883785986883545,0.380260115324949
6462,0.6892,23,61,23,542152,63458,69005,38951,0.5878135536700138,0.38034743040162483
6463,0.6893,11,15,11,542167,63443,69016,38940,0.5876746081737004,0.3803365793149253
6464,0.6894,2,6,2,542173,63437,69018,38938,0.5876190299751751,0.38034676434676434
6465,0.6895,3,19,3,542192,63418,69021,38935,0.5874430323465115,0.3803992066671226
6466,0.6896,1,8,1,542200,63410,69022,38934,0.5873689280818111,0.38042288751661063
6467,0.6897,7,18,7,542218,63392,69029,38927,0.5872021934862351,0.3804474242320586
6468,0.6898,3,9,3,542227,63383,69032,38924,0.5871188261884471,0.38046272493573263
6469,0.6899,1,8,1,542235,63375,69033,38923,0.5870447219237467,0.3804864220219359
6470,0.69,603,1418,603,543653,61957,69636,38320,0.5739097410055949,0.3821414681332708
6471,0.6901,4,7,4,543660,61950,69640,38316,0.573844899773982,0.38214349829453653
6472,0.6902,4,23,4,543683,61927,69644,38312,0.5736318500129682,0.38220652640189945
6473,0.6903,5,15,5,543698,61912,69649,38307,0.5734929045166549,0.3822329099272593
6474,0.6904,0,5,0,543703,61907,69649,38307,0.5734465893512172,0.3822519807611711
6475,0.6905,4,11,4,543714,61896,69653,38303,0.573344695987254,0.38226928412459205
6476,0.6906,1,7,1,543721,61889,69654,38302,0.5732798547556411,0.3822898264315158
6477,0.6907,8,22,8,543743,61867,69662,38294,0.573076068027715,0.3823244576232266
6478,0.6908,15,57,15,543800,61810,69677,38279,0.5725480751417245,0.38244961983834386
6479,0.6909,0,8,0,543808,61802,69677,38279,0.572473970877024,0.3824801910452533
6480,0.691,7,32,7,543840,61770,69684,38272,0.5721775538182222,0.38255932508346496
6481,0.6911,0,4,0,543844,61766,69684,38272,0.572140501685872,0.38257462164377537
6482,0.6912,3,26,3,543870,61740,69687,38269,0.5718996628255956,0.38265556099951004
6483,0.6913,7,21,7,543891,61719,69694,38262,0.5717051391307569,0.3826927116152069
6484,0.6914,0,8,0,543899,61711,69694,38262,0.5716310348660565,0.38272333530053115
6485,0.6915,6,18,6,543917,61693,69700,38256,0.5714643002704806,0.38275520515462885
6486,0.6916,1,4,1,543921,61689,69701,38255,0.5714272481381304,0.38276434803489956
6487,0.6917,50,122,50,544043,61567,69751,38205,0.5702971581014488,0.38292306458725894
6488,0.6918,5,19,5,544062,61548,69756,38200,0.5701211604727852,0.3829650719813931
6489,0.6919,2,3,2,544065,61545,69758,38198,0.5700933713735226,0.38296421804036374
6490,0.692,6,32,6,544097,61513,69764,38192,0.5697969543147208,0.38304999749260316
6491,0.6921,1,7,1,544104,61506,69765,38191,0.5697321130831079,0.3830707042338285
6492,0.6922,3,13,3,544117,61493,69768,38188,0.5696116936529697,0.3831020956852359
6493,0.6923,6,20,6,544137,61473,69774,38182,0.5694264329912186,0.3831418393457428
6494,0.6924,4,2,4,544139,61471,69778,38178,0.5694079069250435,0.3831247679354534
6495,0.6925,52,140,52,544279,61331,69830,38126,0.568111082292786,0.383341544587108
6496,0.6926,0,3,0,544282,61328,69830,38126,0.5680832931935232,0.38335310796951355
6497,0.6927,4,27,4,544309,61301,69834,38122,0.5678331913001593,0.38343240497671566
6498,0.6928,3,16,3,544325,61285,69837,38119,0.5676849827707584,0.38347551406382036
6499,0.6929,1,15,1,544340,61270,69838,38118,0.5675460372744452,0.3835271863806496
6500,0.693,8,44,8,544384,61226,69846,38110,0.5671384638185928,0.3836474188612386
6501,0.6931,1,4,1,544388,61222,69847,38109,0.5671014116862425,0.3836566630759783
6502,0.6932,8,12,8,544400,61210,69855,38101,0.5669902552891919,0.38365337173122815
6503,0.6933,122,244,122,544644,60966,69977,37979,0.5647300752158286,0.38383950679670525
6504,0.6934,5,19,5,544663,60947,69982,37974,0.5645540775871651,0.3838820877265697
6505,0.6935,10,29,10,544692,60918,69992,37964,0.5642854496276261,0.3839323638275925
6506,0.6936,0,7,0,544699,60911,69992,37964,0.5642206083960132,0.38395954487989886
6507,0.6937,3,20,3,544719,60891,69995,37961,0.5640353477342621,0.3840185327560393
6508,0.6938,9,16,9,544735,60875,70004,37952,0.5638871392048612,0.3840246086595768
6509,0.6939,0,1,0,544736,60874,70004,37952,0.5638778761717737,0.3840284945257321
6510,0.694,13,56,13,544792,60818,70017,37939,0.5633591463188706,0.38416517310165355
6511,0.6941,3,6,3,544798,60812,70020,37936,0.5633035681203453,0.38416980597075384
6512,0.6942,21,43,21,544841,60769,70041,37915,0.5629052576975805,0.3842061529731263
6513,0.6943,6,29,6,544870,60740,70047,37909,0.5626366297380414,0.384281645024278
6514,0.6944,1,4,1,544874,60736,70048,37908,0.5625995776056912,0.38429098576700055
6515,0.6945,3,14,3,544888,60722,70051,37905,0.5624698951424655,0.3843268070609468
6516,0.6946,1,4,1,544892,60718,70052,37904,0.5624328430101152,0.38433615217699907
6517,0.6947,5,25,5,544917,60693,70057,37899,0.5622012671829264,0.38440238558909445
6518,0.6948,6,14,6,544931,60679,70063,37893,0.5620715847197006,0.3844195106115327
6519,0.695,186,469,186,545400,60210,70249,37707,0.5577272222016377,0.3850914550078127
6520,0.6951,2,5,2,545405,60205,70251,37705,0.5576809070361999,0.3850985599019508
6521,0.6952,2,13,2,545418,60192,70253,37703,0.5575604876060617,0.38513713672812705
6522,0.6953,7,10,7,545428,60182,70260,37696,0.5574678572751862,0.3851325119025726
6523,0.6954,1,3,1,545431,60179,70261,37695,0.5574400681759235,0.38513803461593477
6524,0.6955,1,15,1,545446,60164,70262,37694,0.5573011226796102,0.3851907866500439
6525,0.6956,5,5,5,545451,60159,70267,37689,0.5572548075141724,0.38517905322541085
6526,0.6957,8,15,8,545466,60144,70275,37681,0.5571158620178591,0.3851878354203936
6527,0.6958,19,80,19,545546,60064,70294,37662,0.5563748193708548,0.38538362360067946
6528,0.696,12,57,12,545603,60007,70306,37650,0.5558468264848642,0.3855330391062597
6529,0.6961,1,3,1,545606,60004,70307,37649,0.5558190373856016,0.3855385907242993
6530,0.6962,3,16,3,545622,59988,70310,37646,0.5556708288562007,0.38558289120593237
6531,0.6963,7,20,7,545642,59968,70317,37639,0.5554855681944496,0.3856178347864395
6532,0.6964,1,4,1,545646,59964,70318,37638,0.5554485160620993,0.3856273437019733
6533,0.6965,5,18,5,545664,59946,70323,37633,0.5552817814665234,0.3856669980221154
6534,0.6966,0,7,0,545671,59939,70323,37633,0.5552169402349105,0.3856946665026852
6535,0.6967,113,287,113,545958,59652,70436,37520,0.5525584497387824,0.38611945828016303
6536,0.6968,8,14,8,545972,59638,70444,37512,0.5524287672755567,0.3861245496654658
6537,0.6969,0,1,0,545973,59637,70444,37512,0.5524195042424691,0.38612852422567395
6538,0.697,6,21,6,545994,59616,70450,37506,0.5522249805476305,0.3861740903193921
6539,0.6971,2,12,2,546006,59604,70452,37504,0.5521138241505799,0.3862091691724678
6540,0.6972,4,14,4,546020,59590,70456,37500,0.5519841416873541,0.3862395715315686
6541,0.6973,6,34,6,546054,59556,70462,37494,0.5516691985623773,0.3863369397217929
6542,0.6974,2,8,2,546062,59548,70464,37492,0.5515950942976768,0.386356141797197
6543,0.6975,73,128,73,546190,59420,70537,37419,0.5504094260624699,0.38640423796197815
6544,0.6976,1,3,1,546193,59417,70538,37418,0.5503816369632072,0.3864098724634688
6545,0.6977,9,20,9,546213,59397,70547,37409,0.5501963763014561,0.38643265913269836
6546,0.6978,0,13,0,546226,59384,70547,37409,0.5500759568713179,0.3864845598338723
6547,0.6979,2,1,2,546227,59383,70549,37407,0.5500666938382304,0.3864758756069842
6548,0.698,11,37,11,546264,59346,70560,37396,0.5497239616139908,0.38655392693969526
6549,0.6981,1,4,1,546268,59342,70561,37395,0.5496869094816407,0.3865635692651209
6550,0.6982,4,14,4,546282,59328,70565,37391,0.5495572270184149,0.38659415419927834
6551,0.6983,54,133,54,546415,59195,70619,37337,0.5483252436177702,0.3867836572328347
6552,0.6984,0,2,0,546417,59193,70619,37337,0.5483067175515951,0.38679167098311407
6553,0.6985,2,14,2,546431,59179,70621,37335,0.5481770350883693,0.38683507055971156
6554,0.6986,2,12,2,546443,59167,70623,37333,0.5480658786913187,0.3868704663212435
6555,0.6987,3,15,3,546458,59152,70626,37330,0.5479269331950054,0.3869115482680707
6556,0.6988,2,18,2,546476,59134,70628,37328,0.5477601985994294,0.3869710352263067
6557,0.6989,0,6,0,546482,59128,70628,37328,0.5477046204009041,0.38699510657709213
6558,0.699,10,35,10,546517,59093,70638,37318,0.5473804142428397,0.3870720146041427
6559,0.6991,1,3,1,546520,59090,70639,37317,0.547352625143577,0.38707770182663087
6560,0.6992,34,51,34,546571,59039,70673,37283,0.5468802104561118,0.38706629845725793
6561,0.6993,9,25,9,546596,59014,70682,37274,0.5466486346289229,0.3871095048188767
6562,0.6994,0,3,0,546599,59011,70682,37274,0.5466208455296603,0.3871215661837254
6563,0.6995,3,12,3,546611,58999,70685,37271,0.5465096891326096,0.38715072192791106
6564,0.6996,1,7,1,546618,58992,70686,37270,0.5464448479009967,0.38717250836259376
6565,0.6997,7,22,7,546640,58970,70693,37263,0.5462410611730705,0.38721644342377354
6566,0.6998,5,12,5,546652,58958,70698,37258,0.5461299047760199,0.3872328926581857
6567,0.6999,0,3,0,546655,58955,70698,37258,0.5461021156767571,0.38724496689636534
6568,0.7,694,1493,694,548148,57462,71392,36564,0.5322724072770388,0.3888711632952588
6569,0.7001,1,6,1,548154,57456,71393,36563,0.5322168290785134,0.3888894797860007
6570,0.7002,8,17,8,548171,57439,71401,36555,0.5320593575160251,0.3889078026256995
6571,0.7003,7,7,7,548178,57432,71408,36548,0.5319945162844122,0.3888912534581826
6572,0.7004,2,5,2,548183,57427,71410,36546,0.5319482011189745,0.38889893905696316
6573,0.7005,8,14,8,548197,57413,71418,36538,0.5318185186557486,0.38890485465827934
6574,0.7006,1,4,1,548201,57409,71419,36537,0.5317814665233984,0.3889149085644945
6575,0.7007,14,24,14,548225,57385,71433,36523,0.5315591537292971,0.38892320143118797
6576,0.7008,15,52,15,548277,57333,71448,36508,0.5310774760087443,0.3890410374996004
6577,0.7009,1,1,1,548278,57332,71449,36507,0.5310682129756568,0.389038672620126
6578,0.701,15,30,15,548308,57302,71464,36492,0.5307903219830301,0.38906539863957185
6579,0.7011,2,2,2,548310,57300,71466,36490,0.530771795916855,0.3890606674485553
6580,0.7012,5,6,5,548316,57294,71471,36485,0.5307162177183297,0.38905298627624524
6581,0.7013,5,15,5,548331,57279,71476,36480,0.5305772722220163,0.3890826480657857
6582,0.7014,5,1,5,548332,57278,71481,36475,0.5305680091889288,0.38905421693172487
6583,0.7015,3,17,3,548349,57261,71484,36472,0.5304105376264404,0.38910522441402706
6584,0.7016,3,3,3,548352,57258,71487,36469,0.5303827485271777,0.38909812540676647
6585,0.7017,47,122,47,548474,57136,71534,36422,0.5292526584904961,0.3892986169007461
6586,0.7018,5,13,5,548487,57123,71539,36417,0.5291322390603579,0.3893200769724182
6587,0.7019,4,4,4,548491,57119,71543,36413,0.5290951869280077,0.38931061027242014
6588,0.702,5,31,5,548522,57088,71548,36408,0.5288080329022935,0.3894070334559767
6589,0.7021,0,9,0,548531,57079,71548,36408,0.5287246656045055,0.38944452169820404
6590,0.7022,8,7,8,548538,57072,71556,36400,0.5286598243728926,0.38942143101677507
6591,0.7023,8,24,8,548562,57048,71564,36392,0.5284375115787914,0.3894691780821918
6592,0.7024,0,5,0,548567,57043,71564,36392,0.5283911964133536,0.38949001979986086
6593,0.7025,55,97,55,548664,56946,71619,36337,0.5274926822038608,0.38953507069884113
6594,0.7026,1,7,1,548671,56939,71620,36336,0.5274278409722479,0.3895577593138569
6595,0.7027,14,20,14,548691,56919,71634,36322,0.5272425803104969,0.38954966162954063
6596,0.7028,3,29,3,548720,56890,71637,36319,0.5269739523509578,0.38965121393856816
6597,0.7029,6,15,6,548735,56875,71643,36313,0.5268350068546445,0.3896746362192557
6598,0.703,8,17,8,548752,56858,71651,36305,0.5266775352921561,0.389693333190215
6599,0.7031,0,3,0,548755,56855,71651,36305,0.5266497461928934,0.3897058823529412
6600,0.7032,3,14,3,548769,56841,71654,36302,0.5265200637296676,0.38974480100490644
6601,0.7033,99,262,99,549031,56579,71753,36203,0.5240931490607285,0.39019421870621457
6602,0.7034,1,3,1,549034,56576,71754,36202,0.5240653599614657,0.39020026299338206
6603,0.7035,8,22,8,549056,56554,71762,36194,0.5238615732335395,0.39024022081338683
6604,0.7036,5,8,5,549064,56546,71767,36189,0.5237874689688392,0.39024100932765404
6605,0.7037,6,19,6,549083,56527,71773,36183,0.5236114713401756,0.3902815230287995
6606,0.7038,3,16,3,549099,56511,71776,36180,0.5234632628107747,0.3903291581706962
6607,0.7039,1,4,1,549103,56507,71777,36179,0.5234262106784245,0.39033942558746737
6608,0.704,14,56,14,549159,56451,71791,36165,0.5229074808255215,0.39048328582534336
6609,0.7041,1,3,1,549162,56448,71792,36164,0.5228796917262588,0.39048935343152075
6610,0.7042,18,56,18,549218,56392,71810,36146,0.5223609618733558,0.39060710194730813
6611,0.7043,7,31,7,549249,56361,71817,36139,0.5220738078476417,0.3906918918918919
6612,0.7044,0,4,0,549253,56357,71817,36139,0.5220367557152914,0.39070878740702303
6613,0.7045,3,14,3,549267,56343,71820,36136,0.5219070732520656,0.39074816985477784
6614,0.7046,2,9,2,549276,56334,71822,36134,0.5218237059542776,0.3907730241813384
6615,0.7047,6,26,6,549302,56308,71828,36128,0.5215828670940013,0.3908433943485222
6616,0.7048,3,16,3,549318,56292,71831,36125,0.5214346585646004,0.39089128623521646
6617,0.7049,1,2,1,549320,56290,71832,36124,0.5214161324984253,0.3908931547168178
6618,0.705,230,420,230,549740,55870,72062,35894,0.5175256586016526,0.3911555729915871
6619,0.7051,0,4,0,549744,55866,72062,35894,0.5174886064693023,0.3911726242371404
6620,0.7052,7,15,7,549759,55851,72069,35887,0.517349660972989,0.3911901284091652
6621,0.7053,5,13,5,549772,55838,72074,35882,0.5172292415428508,0.39121238552115134
6622,0.7054,0,6,0,549778,55832,72074,35882,0.5171736633443255,0.39123797893451384
6623,0.7055,4,16,4,549794,55816,72078,35878,0.5170254548149246,0.3912796911466399
6624,0.7056,1,3,1,549797,55813,72079,35877,0.516997665715662,0.39128585450976117
6625,0.7057,8,23,8,549820,55790,72087,35869,0.5167846159546482,0.3913309113125825
6626,0.7058,24,55,24,549875,55735,72111,35845,0.5162751491348327,0.391406420615855
6627,0.7059,1,3,1,549878,55732,72112,35844,0.51624736003557,0.3914125971870359
6628,0.706,21,50,21,549928,55682,72133,35823,0.5157842083811923,0.3914868039997814
6629,0.7061,0,2,0,549930,55680,72133,35823,0.5157656823150172,0.39149536080784236
6630,0.7062,5,15,5,549945,55665,72138,35818,0.515626736818704,0.3915262945028038
6631,0.7063,6,8,6,549953,55657,72144,35812,0.5155526325540035,0.3915206244738655
6632,0.7064,1,7,1,549960,55650,72145,35811,0.5154877913223906,0.3915439367599305
6633,0.7065,1,15,1,549975,55635,72146,35810,0.5153488458260773,0.3916015091038329
6634,0.7066,0,2,0,549977,55633,72146,35810,0.5153303197599022,0.3916100740351913
6635,0.7067,109,247,109,550224,55386,72255,35701,0.5130423505872763,0.3919439656592049
6636,0.7068,7,9,7,550233,55377,72262,35694,0.5129589832894883,0.39193596205158615
6637,0.7069,3,9,3,550242,55368,72265,35691,0.5128756159917003,0.3919546667545218
6638,0.707,10,21,10,550263,55347,72275,35681,0.5126810922968617,0.39197829239354925
6639,0.7071,1,7,1,550270,55340,72276,35680,0.5126162510652488,0.3920017578554164
6640,0.7072,4,6,4,550276,55334,72280,35676,0.5125606728667235,0.39200087902428304
6641,0.7073,7,22,7,550298,55312,72287,35669,0.5123568861387973,0.39204888932854115
6642,0.7074,2,4,2,550302,55308,72289,35667,0.5123198340064471,0.3920527617477329
6643,0.7075,45,160,45,550462,55148,72334,35622,0.5108377487124384,0.3924424369285006
6644,0.7076,2,2,2,550464,55146,72336,35620,0.5108192226462633,0.39243769693497565
6645,0.7077,5,18,5,550482,55128,72341,35615,0.5106524880506873,0.3924820647322658
6646,0.7078,4,17,4,550499,55111,72345,35611,0.510495016488199,0.3925288243204515
6647,0.7079,1,7,1,550506,55104,72346,35610,0.5104301752565861,0.3925524174879291
6648,0.708,14,36,14,550542,55068,72360,35596,0.5100967060654341,0.3926144886614312
6649,0.7081,1,5,1,550547,55063,72361,35595,0.5100503908999963,0.3926294425202409
6650,0.7082,3,13,3,550560,55050,72364,35592,0.5099299714698581,0.3926656516846495
6651,0.7083,56,130,56,550690,54920,72420,35536,0.508725777168476,0.3928539842575396
6652,0.7085,5,21,5,550711,54899,72425,35531,0.5085312534736374,0.39291164436580783
6653,0.7086,5,7,5,550718,54892,72430,35526,0.5084664122420245,0.3929084916720122
6654,0.7087,5,10,5,550728,54882,72435,35521,0.508373781911149,0.39291837660254636
6655,0.7088,3,14,3,550742,54868,72438,35518,0.5082440994479233,0.39295908658420553
6656,0.7089,0,4,0,550746,54864,72438,35518,0.508207047315573,0.39297647761722465
6657,0.709,12,29,12,550775,54835,72450,35506,0.5079384193560339,0.393021994443276
6658,0.7092,18,54,18,550829,54781,72468,35488,0.507438215569306,0.39313607107644927
6659,0.7093,8,16,8,550845,54765,72476,35480,0.5072900070399051,0.3931519751786803
6660,0.7094,1,4,1,550849,54761,72477,35479,0.507252954907555,0.3931626773049645
6661,0.7095,5,15,5,550864,54746,72482,35474,0.5071140094112416,0.3931944136555088
6662,0.7096,1,7,1,550871,54739,72483,35473,0.5070491681796288,0.39321819713563605
6663,0.7097,11,9,11,550880,54730,72494,35462,0.5069658008818407,0.3931834309029626
6664,0.7098,8,23,8,550903,54707,72502,35454,0.506752751120827,0.3932298887545613
6665,0.7099,0,5,0,550908,54702,72502,35454,0.5067064359553892,0.39325169705843205
6666,0.71,681,1427,681,552335,53275,73183,34773,0.4934880877394494,0.3949323096492822
6667,0.7101,3,1,3,552336,53274,73186,34770,0.49347882470636184,0.3949161782744991
6668,0.7102,3,19,3,552355,53255,73189,34767,0.49330282707769835,0.39498080025448185
6669,0.7103,5,15,5,552370,53240,73194,34762,0.493163881581385,0.3950137496875071
6670,0.7104,0,1,0,552371,53239,73194,34762,0.49315461854829745,0.39501823842910877
6671,0.7105,4,9,4,552380,53230,73198,34758,0.4930712512505095,0.3950311406100832
6672,0.7106,4,2,4,552382,53228,73202,34754,0.49305272518433435,0.3950126162169535
6673,0.7107,5,28,5,552410,53200,73207,34749,0.49279336025788284,0.3951039807160968
6674,0.7108,16,51,16,552461,53149,73223,34733,0.49232094557041756,0.395223140119706
6675,0.7109,1,3,1,552464,53146,73224,34732,0.4922931564711549,0.3952297503356927
6676,0.711,17,24,17,552488,53122,73241,34715,0.4920708436770536,0.3952206928743013
6677,0.7111,1,7,1,552495,53115,73242,34714,0.49200600244544074,0.3952453062200412
6678,0.7112,2,11,2,552506,53104,73244,34712,0.49190410908147764,0.39528104217910176
6679,0.7113,6,20,6,552526,53084,73250,34706,0.4917188484197266,0.3953297642100467
6680,0.7114,3,5,3,552531,53079,73253,34703,0.4916725332542888,0.39533161696019686
6681,0.7115,10,18,10,552549,53061,73263,34693,0.4915057986587128,0.395343801991932
6682,0.7116,1,1,1,552550,53060,73264,34692,0.49149653562562523,0.39534141671984685
6683,0.7117,55,140,55,552690,52920,73319,34637,0.4901997109933677,0.3955937275146476
6684,0.7118,2,15,2,552705,52905,73321,34635,0.49006076549705435,0.39564770390678544
6685,0.7119,0,4,0,552709,52901,73321,34635,0.4900237133647041,0.3956657832206178
6686,0.712,11,33,11,552742,52868,73332,34624,0.4897180332728148,0.39573903899785123
6687,0.7121,2,6,2,552748,52862,73334,34622,0.4896624550742895,0.3957523661469526
6688,0.7122,2,11,2,552759,52851,73336,34620,0.4895605617103264,0.39578831841410295
6689,0.7123,3,22,3,552781,52829,73339,34617,0.4893567749824002,0.3958671637353338
6690,0.7124,1,11,1,552792,52818,73340,34616,0.48925488161843717,0.3959100578722236
6691,0.7125,42,118,42,552910,52700,73382,34574,0.48816184371410576,0.3961546394115086
6692,0.7126,2,3,2,552913,52697,73384,34572,0.4881340546148431,0.39615441909498217
6693,0.7127,11,24,11,552937,52673,73395,34561,0.48791174182074176,0.3961872664328129
6694,0.7128,1,6,1,552943,52667,73396,34560,0.48785616362221645,0.3962075962717966
6695,0.7129,3,3,3,552946,52664,73399,34557,0.4878283745229538,0.3962004563121267
6696,0.713,7,37,7,552983,52627,73406,34550,0.4874856422987143,0.3963201303096
6697,0.7131,0,2,0,552985,52625,73406,34550,0.4874671162325392,0.39632922282764554
6698,0.7132,4,12,4,552997,52613,73410,34546,0.4873559598354885,0.3963560848564118
6699,0.7133,94,222,94,553219,52391,73504,34452,0.4852995664900515,0.3967159126239305
6700,0.7134,1,1,1,553220,52390,73505,34451,0.48529030345696395,0.3967135339298258
6701,0.7135,3,10,3,553230,52380,73508,34448,0.4851976731260884,0.39673837932464184
6702,0.7136,1,6,1,553236,52374,73509,34447,0.4851420949275631,0.3967588486656454
6703,0.7137,5,15,5,553251,52359,73514,34442,0.4850031494312498,0.39679266367898985
6704,0.7138,4,14,4,553265,52345,73518,34438,0.484873466968024,0.39682887201410416
6705,0.7139,2,4,2,553269,52341,73520,34436,0.4848364148356738,0.3968332622699563
6706,0.714,16,55,16,553324,52286,73536,34420,0.4843269480158583,0.3969736811754665
6707,0.7141,1,1,1,553325,52285,73537,34419,0.4843176849827708,0.3969713046687581
6708,0.7142,17,43,17,553368,52242,73554,34402,0.48391937456000594,0.39704999769170396
6709,0.7143,9,29,9,553397,52213,73563,34393,0.48365074660046686,0.39712029189663534
6710,0.7144,0,3,0,553400,52210,73563,34393,0.4836229575012042,0.39713404847407136
6711,0.7145,3,20,3,553420,52190,73566,34390,0.4834376968394531,0.3972048972048972
6712,0.7146,1,6,1,553426,52184,73567,34389,0.4833821186409278,0.3972254629041387
6713,0.7147,5,14,5,553440,52170,73572,34384,0.483252436177702,0.39725489289923055
6714,0.7148,5,15,5,553455,52155,73577,34379,0.4831134906813887,0.39728892689578665
6715,0.7149,2,2,2,553457,52153,73579,34377,0.4830949646152136,0.3972841788974922
6716,0.715,228,419,228,553876,51734,73807,34149,0.4792137537515284,0.39762234668094965
6717,0.7151,0,2,0,553878,51732,73807,34149,0.4791952276853533,0.39763160652530827
6718,0.7152,3,23,3,553901,51709,73810,34146,0.47898217792433956,0.39771708112515286
6719,0.7153,5,16,5,553917,51693,73815,34141,0.47883396939493866,0.39775613393294035
6720,0.7154,1,3,1,553920,51690,73816,34140,0.478806180295676,0.3977630199231038
6721,0.7155,9,13,9,553933,51677,73825,34131,0.4786857608655378,0.3977601156069364
6722,0.7156,1,6,1,553939,51671,73826,34130,0.47863018266701246,0.39778091164438645
6723,0.7157,5,21,5,553960,51650,73831,34125,0.4784356589721738,0.3978431944039639
6724,0.7158,12,41,12,554001,51609,73843,34113,0.47805587461558413,0.3979491845733884
6725,0.7159,0,3,0,554004,51606,73843,34113,0.4780280855163215,0.39796311202883844
6726,0.716,22,66,22,554070,51540,73865,34091,0.47741672533254287,0.39811516857212925
6727,0.7161,0,2,0,554072,51538,73865,34091,0.4773981992663678,0.3981244671781756
6728,0.7162,3,14,3,554086,51524,73868,34088,0.47726851680314203,0.39816848105405783
6729,0.7163,6,20,6,554106,51504,73874,34082,0.4770832561413909,0.39821933493795714
6730,0.7164,1,6,1,554112,51498,73875,34081,0.4770276779428656,0.39824022248448804
6731,0.7165,5,8,5,554120,51490,73880,34076,0.47695357367816515,0.3982422924993572
6732,0.7166,0,2,0,554122,51488,73880,34076,0.47693504761199007,0.39825160114066666
6733,0.7167,111,248,111,554370,51240,73991,33965,0.47463781540627664,0.39862684114782
6734,0.7168,3,16,3,554386,51224,73994,33962,0.47448960687687575,0.39868053436010614
6735,0.7169,1,2,1,554388,51222,73995,33961,0.47447108081070066,0.3986828357770917
6736,0.717,6,20,6,554408,51202,74001,33955,0.4742858201489496,0.3987341028923048
6737,0.7171,3,5,3,554413,51197,74004,33952,0.4742395049835118,0.3987363327813597
6738,0.7172,2,18,2,554431,51179,74006,33950,0.4740727703879358,0.3988065171680626
6739,0.7173,3,33,3,554464,51146,74009,33947,0.4737670902960465,0.39893998331237585
6740,0.7174,1,4,1,554468,51142,74010,33946,0.4737300381636963,0.3989516735614893
6741,0.7175,44,105,44,554573,51037,74054,33902,0.47275741968950313,0.3991334958028703
6742,0.7176,1,1,1,554574,51036,74055,33901,0.47274815665641556,0.39913112071299905
6743,0.7177,4,23,4,554597,51013,74059,33897,0.47253510689540185,0.3992109292191732
6744,0.7178,0,17,0,554614,50996,74059,33897,0.4723776353329134,0.3992908720389196
6745,0.7179,4,5,4,554619,50991,74063,33893,0.47233132016747564,0.39928608453890013
6746,0.718,18,42,18,554661,50949,74081,33875,0.4719422727777984,0.39935631425068374
6747,0.7181,1,7,1,554668,50942,74082,33874,0.4718774315461855,0.39938219203923786
6748,0.7182,5,8,5,554676,50934,74087,33869,0.47180332728148505,0.39938445573859416
6749,0.7183,54,115,54,554791,50819,74141,33815,0.4707380784764163,0.39954391851974386
6750,0.7184,2,4,2,554795,50815,74143,33813,0.4707010263440661,0.3995486127522806
6751,0.7185,6,10,6,554805,50805,74149,33807,0.47060839601319054,0.399553254857467
6752,0.7186,4,9,4,554814,50796,74153,33803,0.4705250287154026,0.39956737077270416
6753,0.7187,5,15,5,554829,50781,74158,33798,0.47038608321908926,0.3996027382683645
6754,0.7188,6,10,6,554839,50771,74164,33792,0.4702934528882137,0.39960739330440026
6755,0.7189,4,4,4,554843,50767,74168,33788,0.4702564007558635,0.39959789486133285
6756,0.719,11,27,11,554870,50740,74179,33777,0.47000629886249956,0.3996474082137321
6757,0.7191,1,6,1,554876,50734,74180,33776,0.4699507206639742,0.39966867826292746
6758,0.7192,22,47,22,554923,50687,74202,33754,0.46951535810885914,0.39973472602171933
6759,0.7193,9,20,9,554943,50667,74211,33745,0.4693300974471081,0.3997654361939061
6760,0.7194,0,9,0,554952,50658,74211,33745,0.4692467301493201,0.39980806369441846
6761,0.7195,4,8,4,554960,50650,74215,33741,0.46917262588461967,0.39981751608583854
6762,0.7196,2,7,2,554967,50643,74217,33739,0.4691077846530068,0.39983645801237233
6763,0.7197,6,14,6,554981,50629,74223,33733,0.46897810218978103,0.39986012659728315
6764,0.7198,5,12,5,554993,50617,74228,33728,0.46886694579273036,0.3998814393265754
6765,0.7199,1,6,1,554999,50611,74229,33727,0.46881136759420505,0.39990277217861464
6766,0.72,705,1395,705,556394,49216,74934,33022,0.455889436437067,0.40154186629052263
6767,0.7201,1,1,1,556395,49215,74935,33021,0.4558801734039794,0.40153947176419086
6768,0.7202,4,10,4,556405,49205,74939,33017,0.4557875430731039,0.40155919340322543
6769,0.7203,6,20,6,556425,49185,74945,33011,0.45560228241135275,0.4016132171881843
6770,0.7204,1,8,1,556433,49177,74946,33010,0.45552817814665236,0.40164502901918797
6771,0.7205,3,14,3,556447,49163,74949,33007,0.4553984956834266,0.401691614944627
6772,0.7206,0,2,0,556449,49161,74949,33007,0.45537996961725147,0.40170139226949664
6773,0.7207,10,20,10,556469,49141,74959,32997,0.4551947089555004,0.40172636295015707
6774,0.7208,12,66,12,556535,49075,74971,32985,0.4545833487717218,0.401961979039727
6775,0.7209,1,7,1,556542,49068,74972,32984,0.4545185075401089,0.40198898259640226
6776,0.721,11,46,11,556588,49022,74983,32973,0.45409240801808143,0.40213427648027317
6777,0.7211,0,2,0,556590,49020,74983,32973,0.45407388195190634,0.4021440854707109
6778,0.7212,5,11,5,556601,49009,74988,32968,0.45397198858794324,0.4021615819071203
6779,0.7213,10,19,10,556620,48990,74998,32958,0.4537959909592797,0.40218187143066336
6780,0.7214,0,3,0,556623,48987,74998,32958,0.45376820186001704,0.40219659527732016
6781,0.7215,5,19,5,556642,48968,75003,32953,0.4535922042313535,0.40225339046154224
6782,0.7217,47,115,47,556757,48853,75050,32906,0.4525269554262848,0.4024755684389486
6783,0.7218,4,16,4,556773,48837,75054,32902,0.4523787468968839,0.40252511041241024
6784,0.7219,4,10,4,556783,48827,75058,32898,0.45228611656600837,0.40254512083205873
6785,0.722,9,42,9,556825,48785,75067,32889,0.4518970691763311,0.40268628939442175
6786,0.7221,1,9,1,556834,48776,75068,32888,0.4518137018785431,0.4027233542319749
6787,0.7222,3,7,3,556841,48769,75071,32885,0.4517488606469302,0.40273593455311435
6788,0.7223,7,13,7,556854,48756,75078,32878,0.451628441216792,0.40274885464389837
6789,0.7224,0,7,0,556861,48749,75078,32878,0.45156359998517914,0.40278339274994795
6790,0.7225,45,126,45,556987,48623,75123,32833,0.45039645781614734,0.40307650756236496
6791,0.7226,1,2,1,556989,48621,75124,32832,0.4503779317499722,0.40307907627711687
6792,0.7227,6,21,6,557010,48600,75130,32826,0.45018340805513357,0.40313904649620513
6793,0.7228,3,8,3,557018,48592,75133,32823,0.4501093037904331,0.4031566664619542
6794,0.7229,4,3,4,557021,48589,75137,32819,0.45008151469117047,0.40314219732704404
6795,0.723,11,22,11,557043,48567,75148,32808,0.44987772796324427,0.4031705069124424
6796,0.7231,2,6,2,557049,48561,75150,32806,0.44982214976471896,0.4031855666302063
6797,0.7232,10,8,10,557057,48553,75160,32796,0.4497480455000185,0.4031518518973804
6798,0.7233,108,206,108,557263,48347,75268,32688,0.44783986068398235,0.4033812550132659
6799,0.7234,0,7,0,557270,48340,75268,32688,0.44777501945236947,0.4034161030754801
6800,0.7235,6,23,6,557293,48317,75274,32682,0.44756196969135575,0.403486462795837
6801,0.7236,2,3,2,557296,48314,75276,32680,0.4475341805920931,0.40348667802553273
6802,0.7237,0,21,0,557317,48293,75276,32680,0.4473396568972544,0.40359132056364466
6803,0.7238,4,14,4,557331,48279,75280,32676,0.44720997443402866,0.40363164721141376
6804,0.724,20,48,20,557379,48231,75300,32656,0.4467653488458261,0.40372371332847057
6805,0.7241,2,4,2,557383,48227,75302,32654,0.44672829671347586,0.40372893510218716
6806,0.7242,17,43,17,557426,48184,75319,32637,0.446329986290711,0.4038183145469618
6807,0.7243,4,27,4,557453,48157,75323,32633,0.4460798843973471,0.40392375293972027
6808,0.7244,2,3,2,557456,48154,75325,32631,0.44605209529808443,0.4039239957912979
6809,0.7245,2,7,2,557463,48147,75327,32629,0.44598725406647155,0.40394424086362285
6810,0.7246,1,5,1,557468,48142,75328,32628,0.44594093890103376,0.40396186702983783
6811,0.7247,8,8,8,557476,48134,75336,32620,0.4458668346363333,0.40394283874483
6812,0.7248,3,11,3,557487,48123,75339,32617,0.4457649412723702,0.4039757245479316
6813,0.7249,2,1,2,557488,48122,75341,32615,0.4457556782392827,0.4039659635606971
6814,0.725,167,413,167,557901,47709,75508,32448,0.4419300455741228,0.40480556907069876
6815,0.7251,1,6,1,557907,47703,75509,32447,0.4418744673755975,0.4048284466625078
6816,0.7252,8,14,8,557921,47689,75517,32439,0.4417447849123717,0.4048397563897764
6817,0.7253,1,13,1,557934,47676,75518,32438,0.4416243654822335,0.4048980203210425
6818,0.7254,4,6,4,557940,47670,75522,32434,0.4415687872837082,0.4048986317786877
6819,0.7255,2,9,2,557949,47661,75524,32432,0.44148541998592017,0.40492926972394594
6820,0.7256,0,5,0,557954,47656,75524,32432,0.44143910482048243,0.4049545499950055
6821,0.7257,7,20,7,557974,47636,75531,32425,0.4412538441587313,0.4050036846904235
6822,0.7258,20,57,20,558031,47579,75551,32405,0.4407258512727407,0.40514352870574116
6823,0.7259,1,6,1,558037,47573,75552,32404,0.4406702730742154,0.4051664853645423
6824,0.726,19,45,19,558082,47528,75571,32385,0.4402534365852755,0.405253212868995
6825,0.7261,0,2,0,558084,47526,75571,32385,0.44023491051910035,0.4052633554829748
6826,0.7262,3,13,3,558097,47513,75574,32382,0.44011449108896217,0.4053069653920771
6827,0.7263,3,15,3,558112,47498,75577,32379,0.43997554559264884,0.40536074214104184
6828,0.7264,1,3,1,558115,47495,75578,32378,0.4399477564933862,0.4053685225295156
6829,0.7265,3,22,3,558137,47473,75581,32375,0.43974396976546,0.40545786995291055
6830,0.7266,0,3,0,558140,47470,75581,32375,0.43971618066619733,0.40547310413926985
6831,0.7267,95,210,95,558350,47260,75676,32280,0.43777094371781095,0.4058335428715112
6832,0.7268,1,17,1,558367,47243,75677,32279,0.43761347215532254,0.4059128291541963
6833,0.7269,1,3,1,558370,47240,75678,32278,0.4375856830560599,0.4059206720490958
6834,0.727,13,19,13,558389,47221,75691,32265,0.43740968542739633,0.4059205394660695
6835,0.7271,5,6,5,558395,47215,75696,32260,0.437354107228871,0.405913809374017
6836,0.7272,3,16,3,558411,47199,75699,32257,0.43720589869947013,0.4059731171969392
6837,0.7273,9,20,9,558431,47179,75708,32248,0.43702063803771907,0.40600803253301776
6838,0.7274,1,3,1,558434,47176,75709,32247,0.4369928489384564,0.40601588960376717
6839,0.7275,41,118,41,558552,47058,75750,32206,0.435899811034125,0.4063130803391199
6840,0.7276,2,3,2,558555,47055,75752,32204,0.43587202193486235,0.4063134785954907
6841,0.7277,7,15,7,558570,47040,75759,32197,0.435733076438549,0.4063379481807741
6842,0.7278,3,13,3,558583,47027,75762,32194,0.43561265700841084,0.4063821461481173
6843,0.7279,1,10,1,558593,47017,75763,32193,0.4355200266775353,0.40642595631864664
6844,0.728,15,38,15,558631,46979,75778,32178,0.4351680314202082,0.4065085842060715
6845,0.7281,1,2,1,558633,46977,75779,32177,0.43514950535403313,0.40651135760669077
6846,0.7282,4,12,4,558645,46965,75783,32173,0.43503834895698246,0.4065430008339862
6847,0.7283,43,108,43,558753,46857,75826,32130,0.43403794138352664,0.4067757985491283
6848,0.7284,1,6,1,558759,46851,75827,32129,0.4339823631850013,0.40679918966827044
6849,0.7285,3,20,3,558779,46831,75830,32126,0.4337971025232502,0.40687969401066404
6850,0.7286,3,2,3,558781,46829,75833,32123,0.4337785764570751,0.4068674637754585
6851,0.7287,4,17,4,558798,46812,75837,32119,0.43362110489458666,0.40692503579075395
6852,0.7288,7,12,7,558810,46800,75844,32112,0.43350994849753605,0.40693430656934304
6853,0.7289,1,0,1,558810,46800,75845,32111,0.43350994849753605,0.4069267909416938
6854,0.729,16,38,16,558848,46762,75861,32095,0.43315795324020895,0.4070025489176611
6855,0.7291,1,1,1,558849,46761,75862,32094,0.43314869020712143,0.4070001902225604
6856,0.7292,13,57,13,558906,46704,75875,32081,0.43262069732113084,0.4071968014215904
6857,0.7293,8,28,8,558934,46676,75883,32073,0.43236133239467933,0.4072813623030134
6858,0.7294,2,1,2,558935,46675,75885,32071,0.43235206936159176,0.40727148045615014
6859,0.7295,3,19,3,558954,46656,75888,32068,0.4321760717329282,0.40734718764290434
6860,0.7296,4,3,4,558957,46653,75892,32064,0.43214828263366556,0.40733259651663556
6861,0.7297,2,12,2,558969,46641,75894,32062,0.43203712623661494,0.4073796424532737
6862,0.7298,2,8,2,558977,46633,75896,32060,0.4319630219719145,0.4074059954506754
6863,0.7299,0,1,0,558978,46632,75896,32060,0.4319537589388269,0.4074111726732069
6864,0.73,696,1359,696,560337,45273,76592,31364,0.4193652969728408,0.40925401568433
6865,0.7301,1,5,1,560342,45268,76593,31363,0.419318981807403,0.4092730096175177
6866,0.7302,6,16,6,560358,45252,76599,31357,0.4191707732780022,0.40931222180161597
6867,0.7303,1,18,1,560376,45234,76600,31356,0.4190040386824262,0.40940070505287895
6868,0.7304,3,7,3,560383,45227,76603,31353,0.4189391974508133,0.40941499085923216
6869,0.7305,4,13,4,560396,45214,76607,31349,0.4188187780206751,0.4094536525475752
6870,0.7306,0,2,0,560398,45212,76607,31349,0.4188002519545,0.40946434868928044
6871,0.7307,5,17,5,560415,45195,76612,31344,0.4186427803920116,0.4095167169678203
6872,0.7308,19,47,19,560462,45148,76631,31325,0.4182074178368965,0.40962169654649355
6873,0.7309,0,5,0,560467,45143,76631,31325,0.41816110267145873,0.4096484804101062
6874,0.731,8,38,8,560505,45105,76639,31317,0.4178091074141317,0.4097903744994897
6875,0.7311,0,8,0,560513,45097,76639,31317,0.41773500314943124,0.40983327662470226
6876,0.7312,4,9,4,560522,45088,76643,31313,0.4176516358516433,0.4098506564050209
6877,0.7313,7,14,7,560536,45074,76650,31306,0.4175219533884175,0.40987169416077507
6878,0.7314,1,4,1,560540,45070,76651,31305,0.4174849012560673,0.40988543371522096
6879,0.7315,6,15,6,560555,45055,76657,31299,0.417345955759754,0.4099195850904995
6880,0.7316,0,4,0,560559,45051,76657,31299,0.41730890362740375,0.40994106090373283
6881,0.7317,57,120,57,560679,44931,76714,31242,0.41619733965689726,0.4101453270844
6882,0.7318,5,17,5,560696,44914,76719,31237,0.41603986809440885,0.410198158921091
6883,0.7319,4,8,4,560704,44906,76723,31233,0.4159657638297084,0.41021027331590904
6884,0.732,9,34,9,560738,44872,76732,31224,0.4156508207047316,0.4103238015138772
6885,0.7321,1,7,1,560745,44865,76733,31223,0.4155859794731187,0.4103538008621596
6886,0.7322,8,8,8,560753,44857,76741,31215,0.41551187520841826,0.4103349458407824
6887,0.7323,2,23,2,560776,44834,76743,31213,0.4152988254474045,0.410443541494076
6888,0.7324,2,11,2,560787,44823,76745,31211,0.4151969320834414,0.41048741352552803
6889,0.7325,43,113,43,560900,44710,76788,31168,0.41415020934454777,0.410764648514721
6890,0.7326,1,6,1,560906,44704,76789,31167,0.41409463114602246,0.41078936616098377
6891,0.7327,8,25,8,560931,44679,76797,31159,0.4138630553188336,0.41086262823386693
6892,0.7328,1,6,1,560937,44673,76798,31158,0.4138074771203083,0.41088736796297026
6893,0.7329,4,3,4,560940,44670,76802,31154,0.4137796880210456,0.41087254695083353
6894,0.733,11,12,11,560952,44658,76813,31143,0.413668531623995,0.41085209957652274
6895,0.7331,0,2,0,560954,44656,76813,31143,0.41365000555781983,0.41086294014432906
6896,0.7332,5,14,5,560968,44642,76818,31138,0.4135203230945941,0.4108999736078121
6897,0.7333,103,207,103,561175,44435,76921,31035,0.4116028752454704,0.41122300251755667
6898,0.7334,2,3,2,561178,44432,76923,31033,0.4115750861462077,0.41122374610746704
6899,0.7335,6,17,6,561195,44415,76929,31027,0.4114176145837193,0.41126958458153284
6900,0.7336,0,9,0,561204,44406,76929,31027,0.4113342472859313,0.41131865363965375
6901,0.7337,1,21,1,561225,44385,76930,31026,0.4111397235910927,0.4114253888689979
6902,0.7338,6,14,6,561239,44371,76936,31020,0.41101004112786693,0.4114549482033664
6903,0.7339,0,5,0,561244,44366,76936,31020,0.41096372596242914,0.4114822380813414
6904,0.734,19,39,19,561283,44327,76955,31001,0.4106024676720145,0.4115468351741716
6905,0.7341,3,6,3,561289,44321,76958,30998,0.4105468894734892,0.41155618104329583
6906,0.7342,14,43,14,561332,44278,76972,30984,0.4101485790507244,0.4116818580425713
6907,0.7343,14,14,14,561346,44264,76986,30970,0.4100188965874986,0.41164898848924686
6908,0.7344,1,5,1,561351,44259,76987,30969,0.40997258142206083,0.41166852767586537
6909,0.7345,6,9,6,561360,44250,76993,30963,0.40988921412427287,0.41167085477244625
6910,0.7346,3,5,3,561365,44245,76996,30960,0.4098428989588351,0.41167475566784123
6911,0.7347,5,27,5,561392,44218,77001,30955,0.40959279706547114,0.41178348609208093
6912,0.7348,6,19,6,561411,44199,77007,30949,0.4094167994368076,0.41184063448129027
6913,0.7349,1,5,1,561416,44194,77008,30948,0.4093704842713698,0.4118602113332091
6914,0.735,198,397,198,561813,43797,77206,30750,0.4056930601356108,0.41249144834802204
6915,0.7351,1,1,1,561814,43796,77207,30749,0.4056837971025232,0.412489100543296
6916,0.7352,5,13,5,561827,43783,77212,30744,0.40556337767238504,0.4125216364539026
6917,0.7353,5,14,5,561841,43769,77217,30739,0.4054336952091593,0.41255972513018735
6918,0.7354,2,2,2,561843,43767,77219,30737,0.4054151691429842,0.41255503060238374
6919,0.7355,1,14,1,561857,43753,77220,30736,0.40528548667975844,0.4126246828390769
6920,0.7356,0,7,0,561864,43746,77220,30736,0.40522064544814557,0.4126634623130421
6921,0.7357,6,24,6,561888,43722,77226,30730,0.4049983326540442,0.41274915381722455
6922,0.7358,18,49,18,561937,43673,77244,30712,0.4045444440327541,0.4128789406466358
6923,0.7359,1,2,1,561939,43671,77245,30711,0.404525917966579,0.41288214890699365
6924,0.736,16,57,16,561996,43614,77261,30695,0.4039979250805884,0.41307244075414823
6925,0.7361,2,1,2,561997,43613,77263,30693,0.40398866204750083,0.41306220224477164
6926,0.7362,4,18,4,562015,43595,77267,30689,0.40382192745192486,0.41313068763125305
6927,0.7363,4,12,4,562027,43583,77271,30685,0.4037107710548742,0.4131658318522109
6928,0.7364,1,5,1,562032,43578,77272,30684,0.40366445588943645,0.4131857477579381
6929,0.7365,5,16,5,562048,43562,77277,30679,0.40351624736003555,0.41323527430934387
6930,0.7366,0,4,0,562052,43558,77277,30679,0.4034791952276853,0.41325754004068055
6931,0.7367,103,213,103,562265,43345,77380,30576,0.4015061691800363,0.41363076798203485
6932,0.7368,2,10,2,562275,43335,77382,30574,0.40141353884916076,0.4136708655238198
6933,0.7369,1,5,1,562280,43330,77383,30573,0.401367223683723,0.41369091917784123
6934,0.737,0,17,0,562297,43313,77383,30573,0.40120975212123455,0.41378610291530193
6935,0.7371,4,10,4,562307,43303,77387,30569,0.401117121790359,0.41381037470218757
6936,0.7372,4,11,4,562318,43292,77391,30565,0.4010152284263959,0.41384025887864384
6937,0.7373,14,21,14,562339,43271,77405,30551,0.4008207047315573,0.4138468207309474
6938,0.7374,5,4,5,562343,43267,77410,30546,0.40078365259920706,0.4138295422215599
6939,0.7375,49,109,49,562452,43158,77459,30497,0.3997739819926637,0.4140519991853914
6940,0.7376,0,2,0,562454,43156,77459,30497,0.3997554559264886,0.41406324250200266
6941,0.7377,4,16,4,562470,43140,77463,30493,0.3996072473970877,0.41412138579169666
6942,0.7378,1,20,1,562490,43120,77464,30492,0.39942198673533663,0.41422594142259417
6943,0.7379,1,4,1,562494,43116,77465,30491,0.3993849346029864,0.41424049343133124
6944,0.738,10,31,10,562525,43085,77475,30481,0.39909778057727224,0.4143354266916782
6945,0.7381,2,5,2,562530,43080,77477,30479,0.39905146541183445,0.4143476664990008
6946,0.7382,3,9,3,562539,43071,77480,30476,0.3989680981140465,0.41437448162399554
6947,0.7383,42,101,42,562640,42970,77522,30434,0.3980325317722035,0.41460955806223093
6948,0.7384,2,4,2,562644,42966,77524,30432,0.39799547963985327,0.41461620207635086
6949,0.7385,4,14,4,562658,42952,77528,30428,0.3978657971766275,0.4146633960207141
6950,0.7386,1,7,1,562665,42945,77529,30427,0.39780095594501463,0.4146949790110669
6951,0.7387,4,19,4,562684,42926,77533,30423,0.3976249583163511,0.414770480851818
6952,0.7388,2,6,2,562690,42920,77535,30421,0.3975693801178258,0.4147884539343614
6953,0.7389,1,3,1,562693,42917,77536,30420,0.3975415910185631,0.41479744194608453
6954,0.739,12,32,12,562725,42885,77548,30408,0.3972451739597614,0.4148827309565716
6955,0.7391,1,6,1,562731,42879,77549,30407,0.3971895957612361,0.414908713806184
6956,0.7392,19,57,19,562788,42822,77568,30388,0.3966616028752455,0.41507990711651416
6957,0.7393,9,14,9,562802,42808,77577,30379,0.39653192041201973,0.4150873789060899
6958,0.7394,0,6,0,562808,42802,77577,30379,0.39647634221349437,0.4151214112952816
6959,0.7395,2,13,2,562821,42789,77579,30377,0.3963559227833562,0.41517918158707595
6960,0.7396,1,7,1,562828,42782,77580,30376,0.3962910815517433,0.4152109133655923
6961,0.7397,3,12,3,562840,42770,77583,30373,0.39617992515469264,0.4152550483299837
6962,0.7398,4,11,4,562851,42759,77587,30369,0.39607803179072953,0.4152855267476206
6963,0.7399,0,3,0,562854,42756,77587,30369,0.3960502426914669,0.4153025641025641
6964,0.74,758,1306,758,564160,41450,78345,29611,0.38395272147912113,0.41669832960414294
6965,0.7401,1,3,1,564163,41447,78346,29610,0.3839249323798585,0.416707713525761
6966,0.7402,5,12,5,564175,41435,78351,29605,0.3838137759828078,0.41673704954954954
6967,0.7403,6,17,6,564192,41418,78357,29599,0.3836563044203194,0.41678752974639877
6968,0.7404,1,5,1,564197,41413,78358,29598,0.3836099892548816,0.4168086634465083
6969,0.7405,5,14,5,564211,41399,78363,29593,0.38348030679165585,0.41684978589136806
6970,0.7406,1,5,1,564216,41394,78364,29592,0.3834339916262181,0.4168709322965092
6971,0.7407,7,16,7,564232,41378,78371,29585,0.3832857830968172,0.41690740244916363
6972,0.7408,14,42,14,564274,41336,78385,29571,0.38289673570713995,0.4170392203872678
6973,0.7409,3,5,3,564279,41331,78388,29568,0.38285042054170215,0.4170439639487158
6974,0.741,11,21,11,564300,41310,78399,29557,0.3826558968468635,0.41707705984449744
6975,0.7411,1,6,1,564306,41304,78400,29556,0.3826003186483382,0.4171041490262489
6976,0.7412,5,6,5,564312,41298,78405,29551,0.3825447404498129,0.4170983358974721
6977,0.7413,9,7,9,564319,41291,78414,29542,0.3824798992182,0.4170654920729039
6978,0.7414,1,4,1,564323,41287,78415,29541,0.3824428470858498,0.41708081549669623
6979,0.7415,5,23,5,564346,41264,78420,29536,0.38222979732483603,0.41717514124293786
6980,0.7416,1,5,1,564351,41259,78421,29535,0.3821834821593983,0.4171963725739469
6981,0.7417,55,98,55,564449,41161,78476,29480,0.38127570491681795,0.4173213855975991
6982,0.7418,7,8,7,564457,41153,78483,29473,0.38120160065211756,0.41731090533231385
6983,0.7419,1,8,1,564465,41145,78484,29472,0.3811274963874171,0.4173499299035643
6984,0.742,13,37,13,564502,41108,78497,29459,0.3807847641631776,0.41746141964374284
6985,0.7421,3,4,3,564506,41104,78500,29456,0.38074771203082736,0.4174603174603175
6986,0.7422,0,7,0,564513,41097,78500,29456,0.3806828707992145,0.41750173628336146
6987,0.7423,10,14,10,564527,41083,78510,29446,0.3805531883359887,0.4175020204454905
6988,0.7424,2,5,2,564532,41078,78512,29444,0.380506873170551,0.41751510167040073
6989,0.7425,56,95,56,564627,40983,78568,29388,0.3796268850272333,0.4176152108112717
6990,0.7426,1,4,1,564631,40979,78569,29387,0.37958983289488313,0.41763067390501096
6991,0.7427,11,20,11,564651,40959,78580,29376,0.379404572233132,0.417658349328215
6992,0.7428,1,8,1,564659,40951,78581,29375,0.37933046796843156,0.41769757984244804
6993,0.7429,1,2,1,564661,40949,78582,29374,0.3793119419022565,0.4177011788461812
6994,0.743,6,10,6,564671,40939,78588,29368,0.37921931157138095,0.41771089649679266
6995,0.7431,0,2,0,564673,40937,78588,29368,0.3792007855052058,0.4177227793186829
6996,0.7432,5,12,5,564685,40925,78593,29363,0.3790896291081552,0.4177526747097655
6997,0.7433,92,207,92,564892,40718,78685,29271,0.37717218125903146,0.4182228635928503
6998,0.7434,2,4,2,564896,40714,78687,29269,0.37713512912668123,0.41823014160581856
6999,0.7435,4,6,4,564902,40708,78691,29265,0.3770795509281559,0.41823274691666784
7000,0.7436,4,4,4,564906,40704,78695,29261,0.3770424987958057,0.4182233974129922
7001,0.7437,4,23,4,564929,40681,78699,29257,0.37682944903479193,0.41832766164316965
7002,0.7438,5,14,5,564943,40667,78704,29252,0.3766997665715662,0.4183698279437635
7003,0.7439,1,1,1,564944,40666,78705,29251,0.37669050353847866,0.4183674928844201
7004,0.744,13,28,13,564972,40638,78718,29238,0.37643113861202715,0.41842692770049805
7005,0.7441,0,3,0,564975,40635,78718,29238,0.37640334951276444,0.418444892877077
7006,0.7442,15,52,15,565027,40583,78733,29223,0.37592167179221164,0.41863163624903305
7007,0.7443,12,20,12,565047,40563,78745,29211,0.3757364111304606,0.41865164674520594
7008,0.7444,1,1,1,565048,40562,78746,29210,0.375727148097373,0.41864931491142576
7009,0.7445,4,11,4,565059,40551,78750,29206,0.3756252547334099,0.4186819960720788
7010,0.7446,2,7,2,565066,40544,78752,29204,0.37556041350179703,0.41870734644720997
7011,0.7447,7,12,7,565078,40532,78759,29197,0.37544925710474636,0.4187210486311291
7012,0.7448,4,15,4,565093,40517,78763,29193,0.3753103116084331,0.41877779371682683
7013,0.7449,2,2,2,565095,40515,78765,29191,0.37529178554225795,0.4187731328723496
7014,0.745,192,385,192,565480,40130,78957,28999,0.3717255178035496,0.4194910963560879
7015,0.7451,3,5,3,565485,40125,78960,28996,0.3716792026381118,0.4194962457140377
7016,0.7452,1,11,1,565496,40114,78961,28995,0.3715773092741487,0.41955461662012183
7017,0.7453,5,13,5,565509,40101,78966,28990,0.37145688984401054,0.419591553169009
7018,0.7454,3,9,3,565518,40092,78969,28987,0.3713735225462225,0.41962101362208487
7019,0.7455,6,16,6,565534,40076,78975,28981,0.3712253140168217,0.41966781064917386
7020,0.7456,0,4,0,565538,40072,78975,28981,0.37118826188447146,0.41969212054508853
7021,0.7457,5,13,5,565551,40059,78980,28976,0.3710678424543333,0.41972912290866954
7022,0.7458,15,53,15,565604,40006,78995,28961,0.37057690170069285,0.41992547160236054
7023,0.7459,1,5,1,565609,40001,78996,28960,0.3705305865352551,0.4199475065616798
7024,0.746,26,47,26,565656,39954,79022,28934,0.37009522398014005,0.42001509696899314
7025,0.7461,2,9,2,565665,39945,79024,28932,0.3700118566823521,0.4200531382028834
7026,0.7462,0,17,0,565682,39928,79024,28932,0.3698543851198636,0.4201568399651467
7027,0.7463,7,15,7,565697,39913,79031,28925,0.36971543962355036,0.42018943025654437
7028,0.7464,4,7,4,565704,39906,79035,28921,0.3696505983919375,0.42019846862423177
7029,0.7465,5,14,5,565718,39892,79040,28916,0.3695209159287117,0.42024183234507617
7030,0.7466,1,3,1,565721,39889,79041,28915,0.369493126829449,0.4202517295506075
7031,0.7467,112,218,112,565939,39671,79153,28803,0.36747378561636224,0.42064141133861027
7032,0.7468,2,12,2,565951,39659,79155,28801,0.36736262921931156,0.42069821793748174
7033,0.7469,1,0,1,565951,39659,79156,28800,0.36736262921931156,0.42068975591229785
7034,0.747,8,21,8,565972,39638,79164,28792,0.36716810552447293,0.42075113254420576
7035,0.7471,5,5,5,565977,39633,79169,28787,0.36712179035903514,0.4207395498392283
7036,0.7472,9,14,9,565991,39619,79178,28778,0.3669921078958094,0.420749448075208
7037,0.7473,11,15,11,566006,39604,79189,28767,0.3668531623994961,0.42074856298723146
7038,0.7474,0,2,0,566008,39602,79189,28767,0.366834636333321,0.42076087115505567
7039,0.7475,53,117,53,566125,39485,79242,28714,0.36575086146207714,0.42103256645991877
7040,0.7476,1,11,1,566136,39474,79243,28713,0.36564896809811404,0.42109199700822736
7041,0.7477,8,10,8,566146,39464,79251,28705,0.3655563377672385,0.4210858308028576
7042,0.7478,11,11,11,566157,39453,79262,28694,0.3654544444032754,0.42106035482119536
7043,0.7479,1,3,1,566160,39450,79263,28693,0.36542665530401275,0.42107039607883423
7044,0.748,15,14,15,566174,39436,79278,28678,0.365296972840787,0.42102945062689023
7045,0.7481,0,5,0,566179,39431,79278,28678,0.3652506576753492,0.4210603591302177
7046,0.7482,6,11,6,566190,39420,79284,28672,0.3651487643113861,0.4210773659167009
7047,0.7483,49,117,49,566307,39303,79333,28623,0.36406498944014226,0.42138503665753907
7048,0.7484,3,0,3,566307,39303,79336,28620,0.36406498944014226,0.42135948058831324
7049,0.7485,3,11,3,566318,39292,79339,28617,0.36396309607617916,0.4214021705517678
7050,0.7486,1,3,1,566321,39289,79340,28616,0.3639353069769165,0.42141226713791324
7051,0.7487,13,15,13,566336,39274,79353,28603,0.36379636148060324,0.4213945813751344
7052,0.7488,3,11,3,566347,39263,79356,28600,0.36369446811664013,0.42143730751661435
7053,0.7489,2,4,2,566351,39259,79358,28598,0.3636574159842899,0.42144509777915323
7054,0.749,5,35,5,566386,39224,79363,28593,0.3633332098262255,0.42161994780069895
7055,0.7491,1,10,1,566396,39214,79364,28592,0.36324057949534994,0.4216735982066484
7056,0.7492,19,38,19,566434,39176,79383,28573,0.3628885842380229,0.4217479224785606
7057,0.7493,6,18,6,566452,39158,79389,28567,0.3627218496424469,0.42180878552971574
7058,0.7494,1,2,1,566454,39156,79390,28566,0.36270332357627183,0.42181270488172234
7059,0.7495,7,12,7,566466,39144,79397,28559,0.36259216717922116,0.4218276885810082
7060,0.7496,0,1,0,566467,39143,79397,28559,0.3625829041461336,0.4218339192342915
7061,0.7497,4,7,4,566474,39136,79401,28555,0.3625180629145207,0.42184337651977366
7062,0.7498,5,10,5,566484,39126,79406,28550,0.3624254325836452,0.42186299426680063
7063,0.7499,0,3,0,566487,39123,79406,28550,0.3623976434843825,0.42188169580187074
7064,0.75,711,1183,711,567670,37940,80117,27839,0.3514394753418059,0.423220176652123
7065,0.7501,0,3,0,567673,37937,80117,27839,0.35141168624254326,0.4232394794453904
7066,0.7502,1,14,1,567687,37923,80118,27838,0.3512820037793175,0.4233208132479737
7067,0.7503,4,8,4,567695,37915,80122,27834,0.35120789951461706,0.4233372370682444
7068,0.7504,2,7,2,567702,37908,80124,27832,0.3511430582830042,0.42336477030727104
7069,0.7505,6,16,6,567718,37892,80130,27826,0.35099484975360334,0.42341519827140206
7070,0.7506,0,2,0,567720,37890,80130,27826,0.3509763236874282,0.42342808448475255
7071,0.7507,6,20,6,567740,37870,80136,27820,0.35079106302567714,0.42350433855990255
7072,0.7508,22,40,22,567780,37830,80158,27798,0.35042054170217496,0.423569208264765
7073,0.7509,2,4,2,567784,37826,80160,27796,0.35038348956982474,0.423577458779068
7074,0.751,11,26,11,567810,37800,80171,27785,0.3501426507095483,0.4236487001600976
7075,0.7511,1,2,1,567812,37798,80172,27784,0.3501241246433732,0.423652831569638
7076,0.7512,5,19,5,567831,37779,80177,27779,0.3499481270147097,0.42373165746362
7077,0.7513,9,28,9,567859,37751,80186,27770,0.34968876208825816,0.4238335800735642
7078,0.7514,0,2,0,567861,37749,80186,27770,0.3496702360220831,0.4238465178039958
7079,0.7515,5,13,5,567874,37736,80191,27765,0.34954981659194484,0.4238866582189585
7080,0.7516,0,6,0,567880,37730,80191,27765,0.34949423839341953,0.4239254904954577
7081,0.7517,53,98,53,567978,37632,80244,27712,0.34858646115083924,0.4240940254652302
7082,0.7518,4,15,4,567993,37617,80248,27708,0.3484475156545259,0.4241561423650976
7083,0.7519,1,3,1,567996,37614,80249,27707,0.34841972655526326,0.4241668069992805
7084,0.752,16,24,16,568020,37590,80265,27691,0.348197413761162,0.42418161486496836
7085,0.7521,7,9,7,568029,37581,80272,27684,0.34811404646337396,0.4241783498046426
7086,0.7522,4,5,4,568034,37576,80276,27680,0.3480677312979362,0.42417555473826163
7087,0.7523,6,18,6,568052,37558,80282,27674,0.34790099670236024,0.42423963698798134
7088,0.7524,0,2,0,568054,37556,80282,27674,0.3478824706361851,0.4242526444887322
7089,0.7525,46,117,46,568171,37439,80328,27628,0.34679869576494127,0.42460848048934174
7090,0.7526,0,3,0,568174,37436,80328,27628,0.3467709066656786,0.4246280585269888
7091,0.7527,8,18,8,568192,37418,80336,27620,0.34660417207010263,0.42467480549832404
7092,0.7528,3,2,3,568194,37416,80339,27617,0.34658564600392755,0.42466132578844584
7093,0.7529,2,4,2,568198,37412,80341,27615,0.3465485938715773,0.42466975256431944
7094,0.753,8,18,8,568216,37394,80349,27607,0.34638185927600135,0.4247165428224181
7095,0.7531,0,1,0,568217,37393,80349,27607,0.3463725962429138,0.4247230769230769
7096,0.7532,5,12,5,568229,37381,80354,27602,0.3462614398458631,0.42475724420232985
7097,0.7533,104,194,104,568423,37187,80458,27498,0.3444644114268776,0.4251062843008425
7098,0.7534,0,3,0,568426,37184,80458,27498,0.34443662232761496,0.4251260010512971
7099,0.7535,6,13,6,568439,37171,80464,27492,0.3443162028974768,0.4251581275226946
7100,0.7536,2,4,2,568443,37167,80466,27490,0.34427915076512655,0.4251666486227323
7101,0.7537,6,14,6,568457,37153,80472,27484,0.3441494683019008,0.4252053777248325
7102,0.7538,4,17,4,568474,37136,80476,27480,0.34399199673941233,0.4252816639841525
7103,0.7539,0,3,0,568477,37133,80476,27480,0.3439642076401497,0.4253014099329856
7104,0.754,18,41,18,568518,37092,80494,27462,0.34358442328356,0.42541128357654057
7105,0.7541,2,12,2,568530,37080,80496,27460,0.3434732668865093,0.42547257514719555
7106,0.7542,23,34,23,568564,37046,80519,27437,0.3431583237615325,0.42549199013693534
7107,0.7543,8,15,8,568579,37031,80527,27429,0.34301937826521917,0.42551970214086254
7108,0.7544,0,1,0,568580,37030,80527,27429,0.3430101152321316,0.4255263035417863
7109,0.7545,2,14,2,568594,37016,80529,27427,0.34288043276890584,0.4256009186412799
7110,0.7546,5,5,5,568599,37011,80534,27422,0.3428341176034681,0.4255893719057005
7111,0.7547,2,19,2,568618,36992,80536,27420,0.34265811997480455,0.4256970750791778
7112,0.7548,4,12,4,568630,36980,80540,27416,0.3425469635777539,0.42574072923784084
7113,0.7549,0,1,0,568631,36979,80540,27416,0.34253770054466637,0.4257473406320367
7114,0.755,180,361,180,568992,36618,80720,27236,0.33919374560005927,0.42653553418736495
7115,0.7551,3,5,3,568997,36613,80723,27233,0.33914743043462153,0.4265419916674498
7116,0.7552,0,17,0,569014,36596,80723,27233,0.33898995887213307,0.42665559541901016
7117,0.7553,7,8,7,569022,36588,80730,27226,0.3389158546074327,0.4266461904911148
7118,0.7554,0,2,0,569024,36586,80730,27226,0.33889732854125754,0.4266595624647402
7119,0.7555,2,8,2,569032,36578,80732,27224,0.3388232242765571,0.4266950879282781
7120,0.7556,1,3,1,569035,36575,80733,27223,0.33879543517729444,0.42670616633750275
7121,0.7557,6,18,6,569053,36557,80739,27217,0.33862870058171846,0.4267726659767303
7122,0.7558,13,36,13,569089,36521,80752,27204,0.33829523139056655,0.4268968222832483
7123,0.7559,2,1,2,569090,36520,80754,27202,0.338285968357479,0.4268855340384796
7124,0.756,14,49,14,569139,36471,80768,27188,0.33783207973618884,0.4270880786691591
7125,0.7561,1,2,1,569141,36469,80769,27187,0.3378135536700137,0.42709249717230113
7126,0.7562,2,13,2,569154,36456,80771,27185,0.3376931342398755,0.427161735359281
7127,0.7563,1,9,1,569163,36447,80772,27184,0.3376097669420875,0.4272131508227122
7128,0.7564,0,3,0,569166,36444,80772,27184,0.33758197784282484,0.42723329351857675
7129,0.7565,9,20,9,569186,36424,80781,27175,0.3373967171810738,0.4272865925564867
7130,0.7566,2,4,2,569190,36420,80783,27173,0.33735966504872356,0.42729545704715927
7131,0.7567,89,206,89,569396,36214,80872,27084,0.3354514802326874,0.4278808177193592
7132,0.7568,0,16,0,569412,36198,80872,27084,0.3353032717032865,0.42798900161183273
7133,0.7569,1,0,1,569412,36198,80873,27083,0.3353032717032865,0.4279799623899749
7134,0.757,7,4,7,569416,36194,80880,27076,0.33526621957093633,0.4279437332068911
7135,0.7571,1,6,1,569422,36188,80881,27075,0.33521064137241097,0.4279752778085137
7136,0.7572,2,15,2,569437,36173,80883,27073,0.3350716958760977,0.42805869145874836
7137,0.7573,8,23,8,569460,36150,80891,27065,0.3348586461150839,0.4281420548920351
7138,0.7574,0,7,0,569467,36143,80891,27065,0.33479380488347105,0.42818946968738136
7139,0.7575,53,85,53,569552,36058,80944,27012,0.33400644707102894,0.42828603139368954
7140,0.7576,0,2,0,569554,36056,80944,27012,0.3339879210048538,0.4282996131160018
7141,0.7577,4,25,4,569579,36031,80948,27008,0.33375634517766495,0.4284331921508907
7142,0.7578,0,6,0,569585,36025,80948,27008,0.33370076697913964,0.4284739739501531
7143,0.7579,2,8,2,569593,36017,80950,27006,0.3336266627144392,0.4285102264252733
7144,0.758,14,31,14,569624,35986,80964,26992,0.33333950868872503,0.4285941122296675
7145,0.7581,2,4,2,569628,35982,80966,26990,0.3333024565563748,0.42860318871879566
7146,0.7582,4,4,4,569632,35978,80970,26986,0.3332654044240246,0.42859411727336255
7147,0.7583,43,106,43,569738,35872,81013,26943,0.33228352291674385,0.428926211892064
7148,0.7584,1,4,1,569742,35868,81014,26942,0.3322464707843936,0.42894443559942685
7149,0.7585,5,10,5,569752,35858,81019,26937,0.3321538404535181,0.4289672744645274
7150,0.7586,2,3,2,569755,35855,81021,26935,0.33212605135425544,0.4289695811434942
7151,0.7587,5,13,5,569768,35842,81026,26930,0.33200563192411725,0.429012935703817
7152,0.7588,2,8,2,569776,35834,81028,26928,0.3319315276594168,0.42904942481119146
7153,0.7589,1,2,1,569778,35832,81029,26927,0.3319130015932417,0.42905400022307555
7154,0.759,14,20,14,569798,35812,81043,26913,0.3317277409314906,0.42906337186129934
7155,0.7591,0,6,0,569804,35806,81043,26913,0.3316721627329653,0.4291044181189113
7156,0.7592,16,53,16,569857,35753,81059,26897,0.3311812219793249,0.4293216280925778
7157,0.7593,9,29,9,569886,35724,81068,26888,0.33091259401978584,0.42943844630422284
7158,0.7594,0,5,0,569891,35719,81068,26888,0.33086627885434805,0.42947274266455826
7159,0.7595,5,6,5,569897,35713,81073,26883,0.33081070065582274,0.4294683366349287
7160,0.7596,2,3,2,569900,35710,81075,26881,0.3307829115565601,0.4294706906743781
7161,0.7597,6,9,6,569909,35701,81081,26875,0.33069954425877207,0.42947775504985936
7162,0.7598,5,7,5,569916,35694,81086,26870,0.3306347030271592,0.42948021226264305
7163,0.7599,3,4,3,569920,35690,81089,26867,0.33059765089480897,0.42948031395367425
7164,0.76,708,1192,708,571112,34498,81797,26159,0.3195561154544444,0.43126102510839637
7165,0.7601,0,1,0,571113,34497,81797,26159,0.31954685242135683,0.43126813505671324
7166,0.7602,3,9,3,571122,34488,81800,26156,0.31946348512356887,0.43130400369368777
7167,0.7603,3,6,3,571128,34482,81803,26153,0.31940790692504356,0.4313185453945741
7168,0.7604,2,3,2,571131,34479,81805,26151,0.31938011782578085,0.431321128154379
7169,0.7605,4,7,4,571138,34472,81809,26147,0.319315276594168,0.43133341031689737
7170,0.7606,2,7,2,571145,34465,81811,26145,0.3192504353625551,0.4313644613100148
7171,0.7607,12,24,12,571169,34441,81823,26133,0.3190281225684538,0.4314227226202661
7172,0.7608,30,33,30,571202,34408,81853,26103,0.3187224424765645,0.4313761134339211
7173,0.7609,0,2,0,571204,34406,81853,26103,0.3187039164103894,0.4313903716802459
7174,0.761,19,30,19,571234,34376,81872,26084,0.31842602541776277,0.4314257360238174
7175,0.7611,1,0,1,571234,34376,81873,26083,0.31842602541776277,0.4314163317289403
7176,0.7612,4,10,4,571244,34366,81877,26079,0.31833339508688724,0.43145007858383655
7177,0.7613,2,8,2,571252,34358,81879,26077,0.3182592908221868,0.43148837594109374
7178,0.7614,1,3,1,571255,34355,81880,26076,0.31823150172292414,0.4315003888732604
7179,0.7615,4,6,4,571261,34349,81884,26072,0.31817592352439883,0.43150560235679647
7180,0.7616,0,8,0,571269,34341,81884,26072,0.3181018192596984,0.43156274311820303
7181,0.7617,47,89,47,571358,34252,81931,26025,0.31727740931490606,0.4317567231282247
7182,0.7618,3,15,3,571373,34237,81934,26022,0.3171384638185928,0.4318359083290463
7183,0.7619,1,3,1,571376,34234,81935,26021,0.3171106747193301,0.43184797942079495
7184,0.762,11,21,11,571397,34213,81946,26010,0.31691615102449144,0.43189479102668415
7185,0.7621,3,4,3,571401,34209,81949,26007,0.3168790988921412,0.43189517736149863
7186,0.7622,4,5,4,571406,34204,81953,26003,0.3168327837267035,0.43189330144335375
7187,0.7623,9,14,9,571420,34190,81962,25994,0.3167031012634777,0.4319088129735478
7188,0.7624,4,3,4,571423,34187,81966,25990,0.3166753121642151,0.4318925835452083
7189,0.7625,51,78,51,571501,34109,82017,25939,0.31595279558338585,0.4319710897948308
7190,0.7626,1,0,1,571501,34109,82018,25938,0.31595279558338585,0.43196163005645577
7191,0.7627,6,10,6,571511,34099,82024,25932,0.31586016525251026,0.43197681198047677
7192,0.7628,1,7,1,571518,34092,82025,25931,0.3157953240208974,0.4320177265381604
7193,0.7629,3,5,3,571523,34087,82028,25928,0.31574900885545965,0.4320253270015829
7194,0.763,6,19,6,571542,34068,82034,25922,0.3155730112267961,0.4321053508918153
7195,0.7631,0,6,0,571548,34062,82034,25922,0.3155174330282708,0.4321485729527874
7196,0.7632,3,10,3,571558,34052,82037,25919,0.31542480269739526,0.43219222624268394
7197,0.7633,111,161,111,571719,33891,82148,25808,0.313933454370299,0.4323020486105295
7198,0.7634,1,1,1,571720,33890,82149,25807,0.31392419133721144,0.432299780558487
7199,0.7635,8,10,8,571730,33880,82157,25799,0.3138315610063359,0.4322961175622916
7200,0.7636,0,10,0,571740,33870,82157,25799,0.3137389306754604,0.4323685665923679
7201,0.7637,5,18,5,571758,33852,82162,25794,0.3135721960798844,0.4324514636354492
7202,0.7638,4,9,4,571767,33843,82166,25790,0.3134888287820964,0.43247866114399747
7203,0.7639,1,3,1,571770,33840,82167,25789,0.31346103968283373,0.432490902077848
7204,0.764,18,38,18,571808,33802,82185,25771,0.3131090444255067,0.43259530324140133
7205,0.7641,0,4,0,571812,33798,82185,25771,0.31307199229315646,0.43262435159227114
7206,0.7642,15,30,15,571842,33768,82200,25756,0.31279410130052987,0.43269941536187084
7207,0.7643,6,18,6,571860,33750,82206,25750,0.3126273667049539,0.4327731092436975
7208,0.7644,2,5,2,571865,33745,82208,25748,0.3125810515395161,0.4327904123174155
7209,0.7645,4,12,4,571877,33733,82212,25744,0.3124698951424654,0.43283958504968306
7210,0.7646,1,1,1,571878,33732,82213,25743,0.3124606321093779,0.43283732660781843
7211,0.7647,10,7,10,571885,33725,82223,25733,0.31239579087776503,0.4327928958256248
7212,0.7648,7,8,7,571893,33717,82230,25726,0.3123216866130646,0.4327843480308867
7213,0.7649,1,4,1,571897,33713,82231,25725,0.31228463448071436,0.432803930145698
7214,0.765,210,350,210,572247,33363,82441,25515,0.3090425729000704,0.43335371446040966
7215,0.7651,0,5,0,572252,33358,82441,25515,0.30899625773463263,0.4333905185738794
7216,0.7652,3,13,3,572265,33345,82444,25512,0.30887583830449444,0.4334573627605892
7217,0.7653,2,15,2,572280,33330,82446,25510,0.3087368928081811,0.43354860639021076
7218,0.7654,1,3,1,572283,33327,82447,25509,0.30870910370891846,0.43356108504996943
7219,0.7655,5,9,5,572292,33318,82452,25504,0.30862573641113045,0.4335792730610996
7220,0.7656,1,4,1,572296,33314,82453,25503,0.3085886842787802,0.43359912950337487
7221,0.7657,8,11,8,572307,33303,82461,25495,0.3084867909148171,0.43360318378176127
7222,0.7658,15,37,15,572344,33266,82476,25480,0.30814405869057765,0.43373165832567323
7223,0.7659,0,1,0,572345,33265,82476,25480,0.3081347956574901,0.4337390416205634
7224,0.766,18,31,18,572376,33234,82494,25462,0.3078476416317759,0.43379446640316205
7225,0.7661,3,5,3,572381,33229,82497,25459,0.3078013264663381,0.4338024809160305
7226,0.7662,5,11,5,572392,33218,82502,25454,0.307699433102375,0.43383556040359966
7227,0.7663,3,6,3,572398,33212,82505,25451,0.3076438549038497,0.4338509793225713
7228,0.7664,2,8,2,572406,33204,82507,25449,0.30756975063914926,0.43389084957291185
7229,0.7665,2,11,2,572417,33193,82509,25447,0.30746785727518616,0.43395293315143246
7230,0.7666,2,8,2,572425,33185,82511,25445,0.30739375301048577,0.4339928364318608
7231,0.7667,106,201,106,572626,32984,82617,25339,0.30553188335988735,0.43445981859643706
7232,0.7668,3,9,3,572635,32975,82620,25336,0.3054485160620994,0.4344977791497316
7233,0.7669,1,4,1,572639,32971,82621,25335,0.30541146392974916,0.4345178883819847
7234,0.767,4,17,4,572656,32954,82625,25331,0.30525399236726075,0.43460581624774813
7235,0.7671,1,3,1,572659,32951,82626,25330,0.3052262032679981,0.43461848629913696
7236,0.7672,3,9,3,572668,32942,82629,25327,0.3051428359702101,0.4346565068904563
7237,0.7673,5,22,5,572690,32920,82634,25322,0.3049390492422839,0.4347721575495347
7238,0.7674,0,10,0,572700,32910,82634,25322,0.30484641891140835,0.4348468196180794
7239,0.7675,59,87,59,572787,32823,82693,25263,0.30404053503279116,0.4349240780911063
7240,0.7676,3,4,3,572791,32819,82696,25260,0.30400348290044094,0.4349248437473097
7241,0.7677,7,14,7,572805,32805,82703,25253,0.3038738004372152,0.43496159013400393
7242,0.7678,2,8,2,572813,32797,82705,25251,0.30379969617251473,0.43500206725468576
7243,0.7679,1,3,1,572816,32794,82706,25250,0.3037719070732521,0.43501481634622013
7244,0.768,22,37,22,572853,32757,82728,25228,0.30342917484901255,0.43507803742347156
7245,0.7681,0,5,0,572858,32752,82728,25228,0.3033828596835748,0.43511555708865124
7246,0.7682,4,17,4,572875,32735,82732,25224,0.30322538812108635,0.43520419606963545
7247,0.7683,39,91,39,572966,32644,82771,25185,0.30238245211011894,0.43550813605630395
7248,0.7684,0,2,0,572968,32642,82771,25185,0.30236392604394385,0.4355231985058883
7249,0.7685,2,24,2,572992,32618,82773,25183,0.3021416132498425,0.4356845037283092
7250,0.7686,2,1,2,572993,32617,82775,25181,0.302132350216755,0.43567251461988304
7251,0.7687,4,14,4,573007,32603,82779,25177,0.30200266775352924,0.43573901003807547
7252,0.7688,3,13,3,573020,32590,82782,25174,0.301882248323391,0.43580776954504535
7253,0.7689,1,7,1,573027,32583,82783,25173,0.3018174070917781,0.43585082069395387
7254,0.769,9,20,9,573047,32563,82792,25164,0.30163214643002706,0.4359138704592305
7255,0.7691,0,1,0,573048,32562,82792,25164,0.3016228833969395,0.43592142188961647
7256,0.7692,16,25,16,573073,32537,82808,25148,0.30139130756975063,0.4359538874924157
7257,0.7693,9,20,9,573093,32517,82817,25139,0.30120604690799957,0.4360170667406688
7258,0.7694,1,2,1,573095,32515,82818,25138,0.30118752084182443,0.4360224099353026
7259,0.7695,4,12,4,573107,32503,82822,25134,0.3010763644447738,0.43607404965560315
7260,0.7696,4,4,4,573111,32499,82826,25130,0.3010393123124236,0.4360651755192698
7261,0.7697,6,13,6,573124,32486,82832,25124,0.30091889288228535,0.43610484290921714
7262,0.7698,2,14,2,573138,32472,82834,25122,0.3007892104190596,0.4361912699239504
7263,0.7699,2,6,2,573144,32466,82836,25120,0.3007336322205343,0.43621713610947105
7264,0.77,782,1201,782,574345,31265,83618,24338,0.2896087294823817,0.43771019549304896
7265,0.7701,2,2,2,574347,31263,83620,24336,0.2895902034162066,0.43770571413154913
7266,0.7702,2,8,2,574355,31255,83622,24334,0.28951609915150617,0.4377484754177985
7267,0.7703,5,10,5,574365,31245,83627,24329,0.28942346882063064,0.43777665814949435
7268,0.7704,1,2,1,574367,31243,83628,24328,0.2894049427544555,0.437782296521567
7269,0.7705,2,8,2,574375,31235,83630,24326,0.2893308384897551,0.4378250931408722
7270,0.7706,2,0,2,574375,31235,83632,24324,0.2893308384897551,0.4378048560989219
7271,0.7707,4,17,4,574392,31218,83636,24320,0.28917336692726664,0.4378983758867802
7272,0.7708,15,37,15,574429,31181,83651,24305,0.28883063470302717,0.43803842410698196
7273,0.7709,0,3,0,574432,31178,83651,24305,0.2888028456037645,0.43806210911450355
7274,0.771,11,15,11,574447,31163,83662,24294,0.2886639001074512,0.43806913464485997
7275,0.7711,1,0,1,574447,31163,83663,24293,0.2886639001074512,0.4380590017311021
7276,0.7712,4,8,4,574455,31155,83667,24289,0.28858979584275074,0.4380816679893226
7277,0.7713,10,14,10,574469,31141,83677,24279,0.288460113379525,0.43809094189823167
7278,0.7714,0,1,0,574470,31140,83677,24279,0.2884508503464374,0.43809884696584206
7279,0.7715,4,12,4,574482,31128,83681,24275,0.2883396939493868,0.4381531686009783
7280,0.7716,1,2,1,574484,31126,83682,24274,0.28832116788321166,0.43815884476534295
7281,0.7717,56,92,56,574576,31034,83738,24218,0.2874689688391567,0.43831897487873744
7282,0.7718,0,9,0,574585,31025,83738,24218,0.2873856015413687,0.43839038430208355
7283,0.7719,1,5,1,574590,31020,83739,24217,0.2873392863759309,0.43841989970490797
7284,0.772,13,21,13,574611,30999,83752,24204,0.2871447626810923,0.4384544318243574
7285,0.7721,4,4,4,574615,30995,83756,24200,0.28710771054874207,0.4384455113687834
7286,0.7722,3,9,3,574624,30986,83759,24197,0.2870243432509541,0.4384864904046536
7287,0.7723,1,18,1,574642,30968,83760,24196,0.2868576086553781,0.43861938945689216
7288,0.7724,2,1,2,574643,30967,83762,24194,0.28684834562229056,0.43860698682039845
7289,0.7725,39,95,39,574738,30872,83801,24155,0.2859683574789729,0.4389663256219674
7290,0.7727,5,12,5,574750,30860,83806,24150,0.28585720108192225,0.43901108889292856
7291,0.7728,8,11,8,574761,30849,83814,24142,0.28575530771795915,0.43901729373897547
7292,0.7729,1,1,1,574762,30848,83815,24141,0.28574604468487164,0.4390150757424212
7293,0.773,8,16,8,574778,30832,83823,24133,0.28559783615547074,0.439061220776858
7294,0.7731,2,1,2,574779,30831,83825,24131,0.28558857312238317,0.43904879735089697
7295,0.7732,2,5,2,574784,30826,83827,24129,0.28554225795694543,0.4390683286325175
7296,0.7733,105,181,105,574965,30645,83932,24024,0.2838656489680981,0.43944465784996983
7297,0.7734,1,3,1,574968,30642,83933,24023,0.2838378598688355,0.4394585200768316
7298,0.7735,6,7,6,574975,30635,83939,24017,0.2837730186372226,0.4394532679499378
7299,0.7736,1,0,1,574975,30635,83940,24016,0.2837730186372226,0.4394430111068416
7300,0.7737,8,11,8,574986,30624,83948,24008,0.2836711252732595,0.43944940694098694
7301,0.7738,5,17,5,575003,30607,83953,24003,0.28351365371077103,0.43953488372093025
7302,0.7739,1,4,1,575007,30603,83954,24002,0.28347660157842086,0.4395568171412874
7303,0.774,13,45,13,575052,30558,83967,23989,0.2830597650894809,0.43978587273360586
7304,0.7741,1,0,1,575052,30558,83968,23988,0.2830597650894809,0.43977560224397755
7305,0.7742,15,38,15,575090,30520,83983,23973,0.28270776983215384,0.4399280641550291
7306,0.7743,10,25,10,575115,30495,83993,23963,0.282476194004965,0.4400271769069742
7307,0.7744,1,5,1,575120,30490,83994,23962,0.2824298788395272,0.4400572981708661
7308,0.7745,0,10,0,575130,30480,83994,23962,0.28233724850865166,0.4401381286506741
7309,0.7746,0,3,0,575133,30477,83994,23962,0.282309459409389,0.4401623835852973
7310,0.7747,5,15,5,575148,30462,83999,23957,0.2821705139130757,0.44023227181682867
7311,0.7748,3,12,3,575160,30450,84002,23954,0.28205935751602507,0.44029850746268656
7312,0.7749,3,2,3,575162,30448,84005,23951,0.2820408314498499,0.44028382874685196
7313,0.775,182,358,182,575520,30090,84187,23769,0.27872466560450554,0.441318999610093
7314,0.7751,0,1,0,575521,30089,84187,23769,0.27871540257141797,0.44132719373166474
7315,0.7752,6,8,6,575529,30081,84193,23763,0.2786412983067176,0.4413305103632717
7316,0.7753,0,12,0,575541,30069,84193,23763,0.2785301419096669,0.4414288898796255
7317,0.7754,2,4,2,575545,30065,84195,23761,0.2784930897773167,0.44144093932300377
7318,0.7755,6,12,6,575557,30053,84201,23755,0.278381933380266,0.4414771037763901
7319,0.7756,2,9,2,575566,30044,84203,23753,0.27829856608247805,0.44153019685112554
7320,0.7757,7,18,7,575584,30026,84210,23746,0.27813183148690207,0.44160529643680724
7321,0.7758,17,39,17,575623,29987,84227,23729,0.27777057319648746,0.44174919949363317
7322,0.7759,1,1,1,575624,29986,84228,23728,0.2777613101633999,0.4417470305693115
7323,0.776,22,38,22,575662,29948,84250,23706,0.27740931490607285,0.44183099116561675
7324,0.7761,1,3,1,575665,29945,84251,23705,0.2773815258068102,0.4418452935694315
7325,0.7762,3,13,3,575678,29932,84254,23702,0.27726110637667195,0.4419211694074654
7326,0.7763,6,9,6,575687,29923,84260,23696,0.277177739078884,0.4419328969208676
7327,0.7764,1,3,1,575690,29920,84261,23695,0.27714994997962134,0.4419472162641052
7328,0.7765,4,12,4,575702,29908,84265,23691,0.27703879358257066,0.4420045150096084
7329,0.7766,1,2,1,575704,29906,84266,23690,0.2770202675163956,0.4420105978058064
7330,0.7767,100,149,100,575853,29757,84366,23590,0.27564007558635,0.44219918645847
7331,0.7768,2,7,2,575860,29750,84368,23588,0.27557523435473713,0.4422363043233717
7332,0.7769,0,7,0,575867,29743,84368,23588,0.27551039312312425,0.44229435037782905
7333,0.777,10,20,10,575887,29723,84378,23578,0.27532513246137313,0.44235567812986626
7334,0.7771,4,3,4,575890,29720,84382,23574,0.2752973433621105,0.44233872480954706
7335,0.7772,1,7,1,575897,29713,84383,23573,0.2752325021304976,0.4423863679015126
7336,0.7773,6,16,6,575913,29697,84389,23567,0.27508429360109676,0.4424564433763893
7337,0.7774,0,2,0,575915,29695,84389,23567,0.2750657675349216,0.4424730577146934
7338,0.7775,30,98,30,576013,29597,84419,23537,0.27415799029234134,0.44297436669552454
7339,0.7776,0,2,0,576015,29595,84419,23537,0.2741394642261662,0.44299104118045624
7340,0.7777,8,5,8,576020,29590,84427,23529,0.27409314906072846,0.4429488506937254
7341,0.7778,4,13,4,576033,29577,84431,23525,0.2739727296305902,0.4430153289894919
7342,0.7779,1,5,1,576038,29572,84432,23524,0.2739264144651525,0.4430465571794485
7343,0.778,12,25,12,576063,29547,84444,23512,0.2736948386379636,0.44312934657645264
7344,0.7781,0,7,0,576070,29540,84444,23512,0.27362999740635074,0.443187815727965
7345,0.7782,8,12,8,576082,29528,84452,23504,0.2735188410093001,0.44320410318298387
7346,0.7783,37,92,37,576174,29436,84489,23467,0.2726666419652451,0.4435854299378107
7347,0.7784,0,3,0,576177,29433,84489,23467,0.27263885286598244,0.4436105860113422
7348,0.7785,5,13,5,576190,29420,84494,23462,0.27251843343584425,0.4436670322605045
7349,0.7786,3,8,3,576198,29412,84497,23459,0.2724443291711438,0.4437025968867621
7350,0.7787,1,14,1,576212,29398,84498,23458,0.27231464670791805,0.4438095958831542
7351,0.7788,1,10,1,576222,29388,84499,23457,0.2722220163770425,0.44388305421515756
7352,0.7789,0,1,0,576223,29387,84499,23457,0.27221275334395495,0.44389145409128755
7353,0.779,3,15,3,576238,29372,84502,23454,0.2720738078476416,0.44398591602619925
7354,0.7791,0,6,0,576244,29366,84502,23454,0.2720182296491163,0.4440363498674744
7355,0.7792,25,39,25,576283,29327,84527,23429,0.2716569713587017,0.44410114489347186
7356,0.7793,12,8,12,576291,29319,84539,23417,0.27158286709400126,0.44404202063106796
7357,0.7794,0,7,0,576298,29312,84539,23417,0.2715180258623884,0.44410096910618446
7358,0.7795,4,7,4,576305,29305,84543,23413,0.2714531846307755,0.4441177586403126
7359,0.7796,6,8,6,576313,29297,84549,23407,0.27137908036607505,0.44412188828172433
7360,0.7797,10,17,10,576330,29280,84559,23397,0.27122160880358664,0.4441596901873683
7361,0.7798,3,10,3,576340,29270,84562,23394,0.2711289784727111,0.44421236518304724
7362,0.7799,0,6,0,576346,29264,84562,23394,0.2710734002741858,0.444262979984048
7363,0.78,683,1094,683,577440,28170,85245,22711,0.2609396420764015,0.44635522100587643
7364,0.7802,1,7,1,577447,28163,85246,22710,0.2608748008447886,0.44640575550881606
7365,0.7803,6,13,6,577460,28150,85252,22704,0.2607543814146504,0.4464545561804381
7366,0.7804,2,6,2,577466,28144,85254,22702,0.2606988032161251,0.44648546591668964
7367,0.7805,4,14,4,577480,28130,85258,22698,0.26056912075289934,0.44656488549618323
7368,0.7806,3,5,3,577485,28125,85261,22695,0.26052280558746155,0.44657615112160565
7369,0.7807,8,10,8,577495,28115,85269,22687,0.260430175256586,0.44657690642100706
7370,0.7808,26,34,26,577529,28081,85295,22661,0.2601152321316092,0.44659256631587246
7371,0.7809,0,1,0,577530,28080,85295,22661,0.2601059690985216,0.4466013677302379
7372,0.781,5,25,5,577555,28055,85300,22656,0.25987439327133277,0.4467669736349116
7373,0.7811,2,5,2,577560,28050,85302,22654,0.259828078105895,0.44678920795203536
7374,0.7812,3,10,3,577570,28040,85305,22651,0.25973544777501945,0.44684460752401806
7375,0.7813,4,13,4,577583,28027,85309,22647,0.25961502834488126,0.44691557800844617
7376,0.7814,1,6,1,577589,28021,85310,22646,0.2595594501463559,0.44695758580535655
7377,0.7815,1,11,1,577600,28010,85311,22645,0.25945755678239285,0.44704372717402036
7378,0.7817,58,102,58,577702,27908,85369,22587,0.2585127274074623,0.4473116150113873
7379,0.7818,5,14,5,577716,27894,85374,22582,0.25838304494423653,0.44738093351295666
7380,0.7819,2,4,2,577720,27890,85376,22580,0.2583459928118863,0.44739449177729346
7381,0.782,13,29,13,577749,27861,85389,22567,0.2580773648523473,0.447509320218926
7382,0.7821,1,7,1,577756,27854,85390,22566,0.25801252362073435,0.4475604918683062
7383,0.7822,4,12,4,577768,27842,85394,22562,0.25790136722368373,0.44762320450757875
7384,0.7823,2,10,2,577778,27832,85396,22560,0.2578087368928082,0.44769010954119703
7385,0.7824,0,3,0,577781,27829,85396,22560,0.25778094779354555,0.44771676357935264
7386,0.7825,44,67,44,577848,27762,85440,22516,0.25716032457667937,0.44783006483949245
7387,0.7826,2,2,2,577850,27760,85442,22514,0.2571417985105043,0.44782591399132754
7388,0.7827,9,7,9,577857,27753,85451,22505,0.2570769572788914,0.44778940666162603
7389,0.7828,1,13,1,577870,27740,85452,22504,0.2569565378487532,0.4478942759334448
7390,0.7829,1,3,1,577873,27737,85453,22503,0.2569287487494905,0.44791003184713374
7391,0.783,12,18,12,577891,27719,85465,22491,0.25676201415391453,0.44793865763792073
7392,0.7831,1,2,1,577893,27717,85466,22490,0.25674348808773945,0.4479455056067879
7393,0.7832,2,7,2,577900,27710,85468,22488,0.25667864685612657,0.44798597553687397
7394,0.7833,110,163,110,578063,27547,85578,22378,0.25516877246285524,0.44823234852278415
7395,0.7834,0,3,0,578066,27544,85578,22378,0.2551409833635926,0.4482592844837947
7396,0.7835,0,10,0,578076,27534,85578,22378,0.25504835303271706,0.44834909440615484
7397,0.7836,1,10,1,578086,27524,85579,22377,0.25495572270184147,0.448427887216689
7398,0.7837,4,14,4,578100,27510,85583,22373,0.2548260402386157,0.44850951225868535
7399,0.7838,4,6,4,578106,27504,85587,22369,0.2547704620400904,0.44851923886672146
7400,0.7839,1,1,1,578107,27503,85588,22368,0.25476119900700284,0.4485171743097191
7401,0.784,22,32,22,578139,27471,85610,22346,0.2544647819482011,0.4485617359535901
7402,0.7841,0,4,0,578143,27467,85610,22346,0.2544277298158509,0.4485977556059663
7403,0.7842,21,36,21,578179,27431,85631,22325,0.254094260624699,0.4486896052737358
7404,0.7843,9,15,9,578194,27416,85640,22316,0.25395531512838565,0.4487251668945548
7405,0.7845,1,7,1,578201,27409,85641,22315,0.2538904738967728,0.44877725042233124
7406,0.7846,2,4,2,578205,27405,85643,22313,0.25385342176442255,0.4487911822679915
7407,0.7847,6,8,6,578213,27397,85649,22307,0.2537793174997221,0.4487968775148881
7408,0.7848,1,4,1,578217,27393,85650,22306,0.2537422653673719,0.44882190788547055
7409,0.785,209,295,209,578512,27098,85859,22097,0.2510096706065434,0.4491716637869702
7410,0.7851,1,2,1,578514,27096,85860,22096,0.2509911445403683,0.4491787282484957
7411,0.7852,1,6,1,578520,27090,85861,22095,0.250935566341843,0.4492223238792315
7412,0.7853,7,12,7,578532,27078,85868,22088,0.2508244099447923,0.4492535492006671
7413,0.7854,1,3,1,578535,27075,85869,22087,0.25079662084552967,0.449269761197673
7414,0.7855,2,14,2,578549,27061,85871,22085,0.2506669383823039,0.4493753306474586
7415,0.7856,0,10,0,578559,27051,85871,22085,0.2505743080514284,0.4494667860631716
7416,0.7857,3,18,3,578577,27033,85874,22082,0.2504075734558524,0.4495978825206149
7417,0.7858,8,36,8,578613,26997,85882,22074,0.25007410426470045,0.44983798985143975
7418,0.7859,1,1,1,578614,26996,85883,22073,0.2500648412316129,0.4498359453015142
7419,0.786,20,34,20,578648,26962,85903,22053,0.24974989810663603,0.449923492808324
7420,0.7861,0,2,0,578650,26960,85903,22053,0.24973137204046092,0.4499418521616714
7421,0.7862,2,6,2,578656,26954,85905,22051,0.2496757938419356,0.4499744923987348
7422,0.7863,2,8,2,578664,26946,85907,22049,0.24960168957723516,0.4500255128074293
7423,0.7864,0,4,0,578668,26942,85907,22049,0.24956463744488494,0.45006225633279584
7424,0.7865,4,15,4,578683,26927,85911,22045,0.24942569194857164,0.45015519072122845
7425,0.7866,2,6,2,578689,26921,85913,22043,0.2493701137500463,0.4501878931459848
7426,0.7867,105,178,105,578867,26743,86018,21938,0.24772129386046168,0.45064809679341017
7427,0.7868,3,11,3,578878,26732,86021,21935,0.24761940049649858,0.45071609098567816
7428,0.7869,2,3,2,578881,26729,86023,21933,0.2475916113972359,0.45072130204266164
7429,0.787,5,17,5,578898,26712,86028,21928,0.2474341398347475,0.4508223684210526
7430,0.7871,1,10,1,578908,26702,86029,21927,0.24734150950387196,0.4509037816940509
7431,0.7872,3,7,3,578915,26695,86032,21924,0.24727666827225908,0.45093481972068533
7432,0.7873,7,9,7,578924,26686,86039,21917,0.2471933009744711,0.4509392424335946
7433,0.7874,1,2,1,578926,26684,86040,21916,0.24717477490829598,0.45094650205761316
7434,0.7875,48,82,48,579008,26602,86088,21868,0.24641520619511653,0.4511656694862802
7435,0.7876,1,1,1,579009,26601,86089,21867,0.24640594316202896,0.45116365436989353
7436,0.7877,7,13,7,579022,26588,86096,21860,0.24628552373189078,0.45120541611624837
7437,0.7878,4,8,4,579030,26580,86100,21856,0.24621141946719033,0.4512346188785201
7438,0.7879,4,9,4,579039,26571,86104,21852,0.24612805216940234,0.4512731553187535
7439,0.788,8,16,8,579055,26555,86112,21844,0.24597984364000147,0.45133163908345214
7440,0.7881,2,3,2,579058,26552,86114,21842,0.24595205454073882,0.4513369425961896
7441,0.7882,5,6,5,579064,26546,86119,21837,0.24589647634221348,0.4513362131327119
7442,0.7883,27,85,27,579149,26461,86146,21810,0.24510911852977138,0.45182407656771145
7443,0.7884,2,6,2,579155,26455,86148,21808,0.24505354033124607,0.45185753061351347
7444,0.7885,5,12,5,579167,26443,86153,21803,0.2449423839341954,0.4519131119678315
7445,0.7886,0,8,0,579175,26435,86153,21803,0.24486827966949498,0.45198805920643476
7446,0.7887,4,8,4,579183,26427,86157,21799,0.24479417540479453,0.45201758387591756
7447,0.7888,2,11,2,579194,26416,86159,21797,0.24469228204083146,0.4520979818721092
7448,0.7889,1,7,1,579201,26409,86160,21796,0.24462744080921858,0.4521522663624105
7449,0.789,8,24,8,579225,26385,86168,21788,0.24440512801511727,0.45228655055736616
7450,0.7891,1,7,1,579232,26378,86169,21787,0.2443402867835044,0.4523409114502232
7451,0.7892,18,32,18,579264,26346,86187,21769,0.24404386972470266,0.4524368699989608
7452,0.7893,15,12,15,579276,26334,86202,21754,0.243932713327652,0.45237897188487775
7453,0.7894,1,4,1,579280,26330,86203,21753,0.2438956611953018,0.45240521598070005
7454,0.7895,4,4,4,579284,26326,86207,21749,0.24385860906295156,0.4523972958918357
7455,0.7896,3,2,3,579286,26324,86210,21746,0.24384008299677645,0.45238194299979195
7456,0.7897,4,11,4,579297,26313,86214,21742,0.24373818963281338,0.45243991260014566
7457,0.7898,1,9,1,579306,26304,86215,21741,0.2436548223350254,0.45251326881049014
7458,0.7899,1,2,1,579308,26302,86216,21740,0.24363629626885028,0.4525207110445027
7459,0.79,761,1026,761,580334,25276,86977,20979,0.23413242432101966,0.45355096746297696
7460,0.7901,1,2,1,580336,25274,86978,20978,0.23411389825484458,0.45355876502637726
7461,0.7902,4,11,4,580347,25263,86982,20974,0.23401200489088148,0.4536193957220408
7462,0.7903,5,4,5,580351,25259,86987,20969,0.23397495275853125,0.453599550056243
7463,0.7904,1,3,1,580354,25256,86988,20968,0.2339471636592686,0.4536171685704396
7464,0.7905,5,9,5,580363,25247,86993,20963,0.2338637963614806,0.4536463968837914
7465,0.7906,0,1,0,580364,25246,86993,20963,0.23385453332839304,0.45365621415741525
7466,0.7907,7,24,7,580388,25222,87000,20956,0.23363222053429175,0.453809173199359
7467,0.7908,18,21,18,580409,25201,87018,20938,0.23343769683945312,0.4538026398491515
7468,0.7909,1,0,1,580409,25201,87019,20937,0.23343769683945312,0.4537908015085179
7469,0.791,11,24,11,580433,25177,87030,20926,0.2332153840453518,0.45389670954167843
7470,0.7911,1,3,1,580436,25174,87031,20925,0.23318759494608915,0.4539144016139179
7471,0.7912,5,4,5,580440,25170,87036,20920,0.23315054281373893,0.4538945541332176
7472,0.7913,4,10,4,580450,25160,87040,20916,0.2330579124828634,0.45394565500477474
7473,0.7914,1,3,1,580453,25157,87041,20915,0.2330301233836007,0.45396336169473867
7474,0.7915,3,7,3,580460,25150,87044,20912,0.23296528215198783,0.45399678693934264
7475,0.7916,0,6,0,580466,25144,87044,20912,0.23290970395346253,0.45405593190898036
7476,0.7917,46,75,46,580541,25069,87090,20866,0.23221497647189596,0.4542505714596713
7477,0.7918,1,7,1,580548,25062,87091,20865,0.23215013524028308,0.4543079234437259
7478,0.7919,4,1,4,580549,25061,87095,20861,0.23214087220719554,0.45427028439527894
7479,0.792,9,26,9,580575,25035,87104,20852,0.2319000333469191,0.4544206420118988
7480,0.7921,1,4,1,580579,25031,87105,20851,0.2318629812145689,0.4544483675515453
7481,0.7922,3,6,3,580585,25025,87108,20848,0.23180740301604358,0.45447212957513133
7482,0.7923,2,13,2,580598,25012,87110,20846,0.23168698358590537,0.45457717301234246
7483,0.7924,1,2,1,580600,25010,87111,20845,0.23166845751973025,0.4545851052229855
7484,0.7925,45,101,45,580701,24909,87156,20800,0.23073289117788728,0.45505261545866243
7485,0.7926,0,4,0,580705,24905,87156,20800,0.23069583904553706,0.45509244065200744
7486,0.7927,9,23,9,580728,24882,87165,20791,0.23048278928452332,0.45521424036082586
7487,0.7928,2,5,2,580733,24877,87167,20789,0.23043647411908555,0.4552402224849998
7488,0.7929,2,3,2,580736,24874,87169,20787,0.2304086850198229,0.45524627143514157
7489,0.793,5,15,5,580751,24859,87174,20782,0.23026973952350957,0.4553362108630398
7490,0.7931,3,5,3,580756,24854,87177,20779,0.2302234243580718,0.4553502947428396
7491,0.7932,1,3,1,580759,24851,87178,20778,0.23019563525880915,0.455368296478117
7492,0.7933,86,126,86,580885,24725,87264,20692,0.22902849308977732,0.45560032586916793
7493,0.7934,2,2,2,580887,24723,87266,20690,0.2290099670236022,0.4555964151234228
7494,0.7935,3,7,3,580894,24716,87269,20687,0.22894512579198933,0.45563068519701344
7495,0.7936,1,2,1,580896,24714,87270,20686,0.22892659972581422,0.45563876651982377
7496,0.7937,5,11,5,580907,24703,87275,20681,0.22882470636185112,0.4556892296844703
7497,0.7938,5,11,5,580918,24692,87280,20676,0.22872281299788802,0.4557397284429554
7498,0.7939,0,2,0,580920,24690,87280,20676,0.2287042869317129,0.45575982012961247
7499,0.794,15,32,15,580952,24658,87295,20661,0.22840786987291117,0.45590149826783466
7500,0.7941,1,4,1,580956,24654,87296,20660,0.22837081774056098,0.4559297347398155
7501,0.7942,17,36,17,580992,24618,87313,20643,0.22803734854940902,0.456088022801087
7502,0.7943,7,16,7,581008,24602,87320,20636,0.22788914002000815,0.45616517087404396
7503,0.7944,0,5,0,581013,24597,87320,20636,0.22784282485457039,0.45621559480909957
7504,0.7945,7,12,7,581025,24585,87327,20629,0.22773166845751974,0.4562524881673818
7505,0.7946,2,1,2,581026,24584,87329,20627,0.22772240542443217,0.45623852602242815
7506,0.7947,2,11,2,581037,24573,87331,20625,0.22762051206046907,0.4563255011283685
7507,0.7948,2,6,2,581043,24567,87333,20623,0.22756493386194376,0.45636202699712325
7508,0.7949,0,4,0,581047,24563,87333,20623,0.22752788172959354,0.4564024255300314
7509,0.795,151,288,151,581335,24275,87484,20472,0.22486012820037793,0.4575055310970568
7510,0.7951,3,4,3,581339,24271,87487,20469,0.2248230760680277,0.45751005811354495
7511,0.7952,8,9,8,581348,24262,87495,20461,0.22473970877023972,0.45750508686805447
7512,0.7953,3,11,3,581359,24251,87498,20458,0.22463781540627664,0.457581247623521
7513,0.7954,1,1,1,581360,24250,87499,20457,0.22462855237318907,0.45757934998993444
7514,0.7955,4,9,4,581369,24241,87503,20453,0.22454518507540108,0.45762294715174295
7515,0.7956,1,2,1,581371,24239,87504,20452,0.22452665900922597,0.4576312904164149
7516,0.7957,6,16,6,581387,24223,87510,20446,0.2243784504798251,0.45772235778727977
7517,0.7958,18,31,18,581418,24192,87528,20428,0.22409129645411094,0.4578216046615867
7518,0.7959,1,0,1,581418,24192,87529,20427,0.22409129645411094,0.45780945337188195
7519,0.796,21,34,21,581452,24158,87550,20406,0.2237763533291341,0.457903240283637
7520,0.7961,1,5,1,581457,24153,87551,20405,0.22373003816369633,0.457942457022308
7521,0.7962,6,8,6,581465,24145,87557,20399,0.22365593389899588,0.45795168821839083
7522,0.7963,1,12,1,581477,24133,87558,20398,0.22354477750194524,0.45806292245851205
7523,0.7964,0,3,0,581480,24130,87558,20398,0.22351698840268258,0.4580937836866691
7524,0.7965,6,15,6,581495,24115,87564,20392,0.22337804290636926,0.45817511852068216
7525,0.7966,0,5,0,581500,24110,87564,20392,0.2233317277409315,0.45822659655745807
7526,0.7967,83,174,83,581674,23936,87647,20309,0.22171995998369706,0.45901231777601986
7527,0.7968,4,11,4,581685,23925,87651,20305,0.22161806661973396,0.45907754917476823
7528,0.797,9,12,9,581697,23913,87660,20296,0.22150691022268332,0.4590920400823362
7529,0.7971,1,11,1,581708,23902,87661,20295,0.22140501685872022,0.4591940629454488
7530,0.7972,1,8,1,581716,23894,87662,20294,0.2213309125940198,0.45926495881234725
7531,0.7973,4,14,4,581730,23880,87666,20290,0.22120123013079404,0.45936155761829295
7532,0.7974,1,6,1,581736,23874,87667,20289,0.2211456519322687,0.4594117247469601
7533,0.7975,48,67,48,581803,23807,87715,20241,0.22052502871540258,0.45952143116600075
7534,0.7976,0,3,0,581806,23804,87715,20241,0.2204972396161399,0.459552730162334
7535,0.7977,1,15,1,581821,23789,87716,20240,0.2203582941198266,0.45969701787458267
7536,0.7978,0,9,0,581830,23780,87716,20240,0.2202749268220386,0.45979100408905044
7537,0.7979,2,5,2,581835,23775,87718,20238,0.22022861165660085,0.45981868993251995
7538,0.798,11,34,11,581869,23741,87729,20227,0.219913668531624,0.46003911935953423
7539,0.7981,1,2,1,581871,23739,87730,20226,0.2198951424654489,0.4600477652678267
7540,0.7982,4,9,4,581880,23730,87734,20222,0.2198117751676609,0.4600928285402257
7541,0.7983,42,68,42,581948,23662,87776,20180,0.2191818889177072,0.4602892203822818
7542,0.7984,1,0,1,581948,23662,87777,20179,0.2191818889177072,0.4602769097420223
7543,0.7985,7,9,7,581957,23653,87784,20172,0.21909852161991922,0.46028522532800914
7544,0.7987,5,6,5,581963,23647,87789,20167,0.2190429434213939,0.46028666636234994
7545,0.7988,4,4,4,581967,23643,87793,20163,0.21900589128904369,0.4602794137789344
7546,0.7989,1,8,1,581975,23635,87794,20162,0.21893178702434324,0.4603511656049501
7547,0.799,10,11,10,581986,23624,87804,20152,0.21882989366038016,0.46034356725146197
7548,0.7991,4,1,4,581987,23623,87808,20148,0.2188206306272926,0.4603047679970757
7549,0.7992,21,34,21,582021,23589,87829,20127,0.21850568750231575,0.46040351358770243
7550,0.7993,6,23,6,582044,23566,87835,20121,0.218292637741302,0.4605717948131023
7551,0.7994,0,2,0,582046,23564,87835,20121,0.2182741116751269,0.46059288085155087
7552,0.7995,3,3,3,582049,23561,87838,20118,0.21824632257586424,0.46058746766180547
7553,0.7996,2,3,2,582052,23558,87840,20116,0.21821853347660158,0.4605944039932225
7554,0.7997,3,13,3,582065,23545,87843,20113,0.21809811404646337,0.46069448898254617
7555,0.7998,7,7,7,582072,23538,87850,20106,0.2180332728148505,0.4606818806708826
7556,0.7999,1,5,1,582077,23533,87851,20105,0.21798695764941273,0.46072230624684907
7557,0.8,777,1107,777,583184,22426,88628,19328,0.20773278002149023,0.46290175791540933
7558,0.8002,6,6,6,583190,22420,88634,19322,0.20767720182296492,0.4628910929040295
7559,0.8003,6,5,6,583195,22415,88640,19316,0.20763088665752713,0.4628693297548585
7560,0.8004,3,3,3,583198,22412,88643,19313,0.20760309755826448,0.4628639904134212
7561,0.8005,2,7,2,583205,22405,88645,19311,0.2075382563266516,0.46291590756544254
7562,0.8006,0,3,0,583208,22402,88645,19311,0.20751046722738895,0.4629492004890562
7563,0.8007,6,12,6,583220,22390,88651,19305,0.20739931083033827,0.46300515649358437
7564,0.8008,13,32,13,583252,22358,88664,19292,0.20710289377153654,0.46319327731092436
7565,0.8009,0,1,0,583253,22357,88664,19292,0.207093630738449,0.463204398665034
7566,0.801,11,19,11,583272,22338,88675,19281,0.20691763310978548,0.4632739854393426
7567,0.8011,1,4,1,583276,22334,88676,19280,0.20688058097743525,0.46330561830153316
7568,0.8012,4,12,4,583288,22322,88680,19276,0.2067694245803846,0.46338766286840716
7569,0.8013,13,9,13,583297,22313,88693,19263,0.20668605728259662,0.46332018472195496
7570,0.8015,3,12,3,583309,22301,88696,19260,0.20657490088554598,0.4634152210004572
7571,0.8016,2,2,2,583311,22299,88698,19258,0.20655637481937086,0.4634116995933296
7572,0.8017,47,91,47,583402,22208,88745,19211,0.20571343880840343,0.46382095173712545
7573,0.8018,2,9,2,583411,22199,88747,19209,0.20563007151061544,0.4638958655332303
7574,0.8019,2,3,2,583414,22196,88749,19207,0.20560228241135278,0.46390358186604835
7575,0.802,7,25,7,583439,22171,88756,19200,0.20537070658416393,0.46409320538541493
7576,0.8021,2,5,2,583444,22166,88758,19198,0.20532439141872616,0.46412339232182576
7577,0.8022,1,8,1,583452,22158,88759,19197,0.2052502871540257,0.46420021762785635
7578,0.8023,3,9,3,583461,22149,88762,19194,0.20516691985623772,0.46426239024744215
7579,0.8024,0,2,0,583463,22147,88762,19194,0.2051483937900626,0.46428485039065337
7580,0.8025,55,70,55,583533,22077,88817,19139,0.20449998147393383,0.464358501552795
7581,0.8027,4,7,4,583540,22070,88821,19135,0.20443514024232096,0.4643853901225579
7582,0.8028,1,3,1,583543,22067,88822,19134,0.20440735114305827,0.4644062037329191
7583,0.8029,3,6,3,583549,22061,88825,19131,0.20435177294453297,0.46443484171683824
7584,0.803,9,11,9,583560,22050,88834,19122,0.20424987958056987,0.4644418536869717
7585,0.8031,0,2,0,583562,22048,88834,19122,0.20423135351439475,0.46446441583677434
7586,0.8032,0,6,0,583568,22042,88834,19122,0.20417577531586942,0.4645321154406763
7587,0.8033,82,154,82,583722,21888,88916,19040,0.20274926822038608,0.4652071931196247
7588,0.8034,0,1,0,583723,21887,88916,19040,0.20274000518729854,0.4652185598748992
7589,0.8035,1,7,1,583730,21880,88917,19039,0.20267516395568566,0.4652850753928493
7590,0.8036,0,5,0,583735,21875,88917,19039,0.20262884879024787,0.46534193674536833
7591,0.8037,6,5,6,583740,21870,88923,19033,0.2025825336248101,0.4653203921472753
7592,0.8038,6,13,6,583753,21857,88929,19027,0.20246211419467192,0.4653898835730359
7593,0.8039,2,1,2,583754,21856,88931,19025,0.20245285116158435,0.46537511313324037
7594,0.804,21,28,21,583782,21828,88952,19004,0.20219348623513284,0.4654192789968652
7595,0.8041,1,1,1,583783,21827,88953,19003,0.20218422320204527,0.4654175851089885
7596,0.8042,22,38,22,583821,21789,88975,18981,0.20183222794471822,0.46556291390728477
7597,0.8043,5,18,5,583839,21771,88980,18976,0.20166549334914224,0.46570299653962255
7598,0.8044,0,3,0,583842,21768,88980,18976,0.2016377042498796,0.4657372864716277
7599,0.8045,0,5,0,583847,21763,88980,18976,0.2015913890844418,0.4657944475809421
7600,0.8046,4,5,4,583852,21758,88984,18972,0.20154507391900403,0.4657991652344709
7601,0.8047,5,12,5,583864,21746,88989,18967,0.2014339175219534,0.46587085206199497
7602,0.8048,5,14,5,583878,21732,88994,18962,0.20130423505872763,0.4659654985993021
7603,0.8049,0,2,0,583880,21730,88994,18962,0.20128570899255252,0.46598840066843605
7604,0.805,168,286,168,584166,21444,89162,18794,0.19863648152951202,0.4670709279785278
7605,0.8051,0,3,0,584169,21441,89162,18794,0.19860869243024937,0.46710575369702995
7606,0.8052,2,13,2,584182,21428,89164,18792,0.19848827300011115,0.46723023371456984
7607,0.8053,3,11,3,584193,21417,89167,18789,0.19838637963614805,0.46731831069989554
7608,0.8054,0,2,0,584195,21415,89167,18789,0.19836785356997294,0.46734155805392497
7609,0.8055,3,4,3,584199,21411,89170,18786,0.19833080143762274,0.46734830957534146
7610,0.8056,0,1,0,584200,21410,89170,18786,0.19832153840453517,0.46735993631207084
7611,0.8057,4,13,4,584213,21397,89174,18782,0.198201118974397,0.46745812489111227
7612,0.8058,13,26,13,584239,21371,89187,18769,0.19796028011412056,0.4675884404583956
7613,0.8059,2,2,2,584241,21369,89189,18767,0.19794175404794545,0.4675852102850309
7614,0.806,10,38,10,584279,21331,89199,18757,0.1975897587906184,0.4678956296148473
7615,0.8061,4,6,4,584285,21325,89203,18753,0.19753418059209307,0.4679125704875493
7616,0.8062,4,7,4,584292,21318,89207,18749,0.1974693393604802,0.467941198492525
7617,0.8063,4,11,4,584303,21307,89211,18745,0.1973674459965171,0.4680165784480176
7618,0.8064,4,2,4,584305,21305,89215,18741,0.19734891993034198,0.4679868151625631
7619,0.8065,4,7,4,584312,21298,89219,18737,0.1972840786987291,0.4680154864493568
7620,0.8067,100,132,100,584444,21166,89319,18637,0.19606135833117197,0.46823103786146775
7621,0.8068,6,8,6,584452,21158,89325,18631,0.19598725406647152,0.46824499233456485
7622,0.8069,1,1,1,584453,21157,89326,18630,0.19597799103338398,0.4682433960841481
7623,0.807,5,8,5,584461,21149,89331,18625,0.19590388676868353,0.4682707296223664
7624,0.8071,4,3,4,584464,21146,89335,18621,0.19587609766942088,0.4682525712273996
7625,0.8072,3,10,3,584474,21136,89338,18618,0.19578346733854532,0.46833023092015896
7626,0.8073,5,5,5,584479,21131,89343,18613,0.19573715217310755,0.4683222624798712
7627,0.8074,1,5,1,584484,21126,89344,18612,0.1956908370076698,0.46836780914993204
7628,0.8075,49,68,49,584552,21058,89393,18563,0.1950609507577161,0.4685141717775927
7629,0.8076,3,1,3,584553,21057,89396,18560,0.19505168772462855,0.46848575106646134
7630,0.8077,3,5,3,584558,21052,89399,18557,0.1950053725591908,0.46850463278547805
7631,0.8078,2,4,2,584562,21048,89401,18555,0.19496832042684056,0.46852511173395955
7632,0.8079,1,2,1,584564,21046,89402,18554,0.19494979436066545,0.4685353535353535
7633,0.808,19,15,19,584579,21031,89421,18535,0.19481084886435215,0.4684577667694485
7634,0.8081,2,1,2,584580,21030,89423,18533,0.19480158583126458,0.4684427369006395
7635,0.8082,3,12,3,584592,21018,89426,18530,0.19469042943421394,0.46854455345403057
7636,0.8083,35,57,35,584649,20961,89461,18495,0.19416243654822335,0.46875
7637,0.8085,6,17,6,584666,20944,89467,18489,0.19400496498573494,0.46887124996830065
7638,0.8086,0,10,0,584676,20934,89467,18489,0.19391233465485938,0.4689901833954798
7639,0.8087,3,8,3,584684,20926,89470,18486,0.19383823039015896,0.46904496092560644
7640,0.8088,2,9,2,584693,20917,89472,18484,0.19375486309237097,0.46912514910789066
7641,0.8089,0,3,0,584696,20914,89472,18484,0.1937270739931083,0.46916087111020865
7642,0.809,10,15,10,584711,20899,89482,18474,0.193588128496795,0.4692047850049526
7643,0.8091,1,1,1,584712,20898,89483,18473,0.19357886546370745,0.46920322064463693
7644,0.8092,16,47,16,584759,20851,89499,18457,0.1931435029085924,0.4695481835758624
7645,0.8093,10,7,10,584766,20844,89509,18447,0.1930786616769795,0.4694968313354203
7646,0.8094,1,3,1,584769,20841,89510,18446,0.19305087257771686,0.46951917937231147
7647,0.8095,2,5,2,584774,20836,89512,18444,0.19300455741227907,0.4695519348268839
7648,0.8096,0,3,0,584777,20833,89512,18444,0.1929767683130164,0.46958779947552004
7649,0.8097,4,8,4,584785,20825,89516,18440,0.192902664048316,0.4696294409779702
7650,0.8098,3,3,3,584788,20822,89519,18437,0.1928748749490533,0.4696247994090527
7651,0.8099,0,1,0,584789,20821,89519,18437,0.19286561191596577,0.4696367619338733
7652,0.81,770,998,770,585787,19823,90289,17667,0.1836211048945867,0.4712456655108029
7653,0.8101,0,1,0,585788,19822,90289,17667,0.18361184186149912,0.4712582357491531
7654,0.8102,4,6,4,585794,19816,90293,17663,0.1835562636629738,0.47127724859254516
7655,0.8103,2,5,2,585799,19811,90295,17661,0.18350994849753605,0.47131191289496155
7656,0.8104,1,2,1,585801,19809,90296,17660,0.18349142243136093,0.47132296031385945
7657,0.8105,4,12,4,585813,19797,90300,17656,0.18338026603431026,0.47141750994579873
7658,0.8106,0,1,0,585814,19796,90300,17656,0.18337100300122272,0.47143009719107126
7659,0.8107,10,14,10,585828,19782,90310,17646,0.18324132053799697,0.47146521320936197
7660,0.8108,13,27,13,585855,19755,90323,17633,0.182991218644633,0.47162191077351023
7661,0.8109,0,2,0,585857,19753,90323,17633,0.18297269257845789,0.4716471406408816
7662,0.811,10,23,10,585880,19730,90333,17623,0.18275964281744414,0.4717961074077049
7663,0.8111,0,3,0,585883,19727,90333,17623,0.1827318537181815,0.4718340026773762
7664,0.8112,3,3,3,585886,19724,90336,17620,0.18270406461891883,0.4718294772922022
7665,0.8113,5,7,5,585893,19717,90341,17615,0.18263922338730593,0.47184720882888675
7666,0.8114,2,6,2,585899,19711,90343,17613,0.18258364518878062,0.4718947594041367
7667,0.8115,4,10,4,585909,19701,90347,17609,0.18249101485790506,0.47196462074510853
7668,0.8116,0,4,0,585913,19697,90347,17609,0.18245396272555486,0.47201522543290625
7669,0.8117,34,61,34,585974,19636,90381,17575,0.18188891770721405,0.47230657601246945
7670,0.8118,5,8,5,585982,19628,90386,17570,0.18181481344251363,0.4723372224313135
7671,0.8119,0,1,0,585983,19627,90386,17570,0.18180555040942606,0.47234992069252896
7672,0.812,7,19,7,586002,19608,90393,17563,0.18162955278076254,0.47249199644884454
7673,0.8121,2,1,2,586003,19607,90395,17561,0.18162028974767497,0.47247632371932846
7674,0.8122,3,4,3,586007,19603,90398,17558,0.18158323761532477,0.4724845940636689
7675,0.8123,4,10,4,586017,19593,90402,17554,0.1814906072844492,0.4725549842517565
7676,0.8124,1,3,1,586020,19590,90403,17553,0.18146281818518656,0.4725789516194169
7677,0.8125,36,67,36,586087,19523,90439,17517,0.18084219496832044,0.47292116630669545
7678,0.8126,2,2,2,586089,19521,90441,17515,0.18082366890214532,0.4729182417107679
7679,0.8127,5,10,5,586099,19511,90446,17510,0.18073103857126976,0.4729747980875719
7680,0.8128,2,1,2,586100,19510,90448,17508,0.18072177553818222,0.47295910097790267
7681,0.8129,0,5,0,586105,19505,90448,17508,0.18067546037274446,0.47302299192175723
7682,0.813,4,10,4,586115,19495,90452,17504,0.1805828300418689,0.4730938674018217
7683,0.8131,0,3,0,586118,19492,90452,17504,0.18055504094260624,0.4731322305114066
7684,0.8132,8,11,8,586129,19481,90460,17496,0.18045314757864314,0.47315899072396356
7685,0.8133,87,117,87,586246,19364,90547,17409,0.1793693727073993,0.4734179968998994
7686,0.8134,1,1,1,586247,19363,90548,17408,0.17936010967431176,0.473416551086454
7687,0.8135,6,6,6,586253,19357,90554,17402,0.17930453147578643,0.47340787290187436
7688,0.8136,2,4,2,586257,19353,90556,17400,0.1792674793434362,0.4734307403477267
7689,0.8137,1,5,1,586262,19348,90557,17399,0.17922116417799844,0.4734808283669415
7690,0.8138,4,9,4,586271,19339,90561,17395,0.17913779688021045,0.4735395001905592
7691,0.8139,0,3,0,586274,19336,90561,17395,0.1791100077809478,0.4735781764721897
7692,0.814,13,31,13,586305,19305,90574,17382,0.1788228537552336,0.4737918063619266
7693,0.8141,2,1,2,586306,19304,90576,17380,0.17881359072214606,0.4737760331479664
7694,0.8142,9,16,9,586322,19288,90585,17371,0.1786653821927452,0.473853623939551
7695,0.8143,5,11,5,586333,19277,90590,17366,0.1785634888287821,0.4739240782687007
7696,0.8144,0,1,0,586334,19276,90590,17366,0.17855422579569455,0.47393701217182466
7697,0.8145,5,8,5,586342,19268,90595,17361,0.1784801215309941,0.4739687133145868
7698,0.8146,1,0,1,586342,19268,90596,17360,0.1784801215309941,0.47395435186196355
7699,0.8147,5,1,5,586343,19267,90601,17355,0.17847085849790656,0.47389547266670307
7700,0.8148,6,8,6,586351,19259,90607,17349,0.1783967542332061,0.47391280594405594
7701,0.8149,2,3,2,586354,19256,90609,17347,0.17836896513394346,0.47392290249433106
7702,0.815,175,238,175,586592,19018,90784,17172,0.17616436325910556,0.4744957170489085
7703,0.8151,1,1,1,586593,19017,90785,17171,0.17615510022601802,0.47449430750525035
7704,0.8152,6,6,6,586599,19011,90791,17165,0.17609952202749268,0.4744858469703671
7705,0.8153,3,1,3,586600,19010,90794,17162,0.17609025899440514,0.47445537985181907
7706,0.8154,0,4,0,586604,19006,90794,17162,0.17605320686205492,0.4745078522450785
7707,0.8155,0,6,0,586610,19000,90794,17162,0.17599762866352958,0.4745865826005199
7708,0.8156,1,3,1,586613,18997,90795,17161,0.17596983956426693,0.47461142762320924
7709,0.8157,4,8,4,586621,18989,90799,17157,0.17589573529956648,0.47465833010568254
7710,0.8158,13,17,13,586638,18972,90812,17144,0.17573826373707807,0.47469265699413005
7711,0.8159,0,3,0,586641,18969,90812,17144,0.17571047463781542,0.47473209093678176
7712,0.816,19,15,19,586656,18954,90831,17125,0.1755715291415021,0.4746528451453754
7713,0.8161,0,1,0,586657,18953,90831,17125,0.17556226610841455,0.4746660014413216
7714,0.8162,2,10,2,586667,18943,90833,17123,0.175469635777539,0.4747684800088726
7715,0.8163,4,5,4,586672,18938,90837,17119,0.17542332061210122,0.47477604903347476
7716,0.8164,1,6,1,586678,18932,90838,17118,0.1753677424135759,0.4748404993065187
7717,0.8165,4,9,4,586687,18923,90842,17114,0.17528437511578793,0.4749007964036962
7718,0.8167,99,131,99,586818,18792,90941,17015,0.1740709177813183,0.4751864160638981
7719,0.8168,2,6,2,586824,18786,90943,17013,0.174015339582793,0.4752367384563815
7720,0.8169,0,4,0,586828,18782,90943,17013,0.17397828745044278,0.47528984495041204
7721,0.817,2,6,2,586834,18776,90945,17011,0.17392270925191744,0.47534020733786014
7722,0.8171,2,6,2,586840,18770,90947,17009,0.17386713105339213,0.4753905922468487
7723,0.8172,4,6,4,586846,18764,90951,17005,0.1738115528548668,0.47541166932259776
7724,0.8173,5,12,5,586858,18752,90956,17000,0.17370039645781615,0.4754978742447975
7725,0.8175,39,68,39,586926,18684,90995,16961,0.17307051020786246,0.4758311123579745
7726,0.8176,1,1,1,586927,18683,90996,16960,0.17306124717477492,0.47582975619336193
7727,0.8177,3,14,3,586941,18669,90999,16957,0.17293156471154916,0.47597260427777466
7728,0.8178,4,13,4,586954,18656,91003,16953,0.17281114528141095,0.4760875059675925
7729,0.8179,2,6,2,586960,18650,91005,16951,0.1727555670828856,0.47613831072160895
7730,0.818,18,28,18,586988,18622,91023,16933,0.1724962021564341,0.4762480663760371
7731,0.8181,1,4,1,586992,18618,91024,16932,0.17245915002408388,0.4762869198312236
7732,0.8182,2,12,2,587004,18606,91026,16930,0.17234799362703324,0.4764182800540297
7733,0.8183,35,53,35,587057,18553,91061,16895,0.17185705287339287,0.4766136312344843
7734,0.8184,2,1,2,587058,18552,91063,16893,0.1718477898403053,0.47659754549301736
7735,0.8185,4,7,4,587065,18545,91067,16889,0.17178294860869242,0.4766326127448214
7736,0.8186,4,7,4,587072,18538,91071,16885,0.17171810737707954,0.47666770177568246
7737,0.8187,5,12,5,587084,18526,91076,16880,0.1716069509800289,0.47675535220019205
7738,0.8188,2,4,2,587088,18522,91078,16878,0.17156989884767868,0.47677966101694913
7739,0.8189,2,6,2,587094,18516,91080,16876,0.17151432064915337,0.47683092224231466
7740,0.819,6,12,6,587106,18504,91086,16870,0.1714031642521027,0.47690394074744163
7741,0.8191,0,1,0,587107,18503,91086,16870,0.17139390121901515,0.47691742289316713
7742,0.8192,15,25,15,587132,18478,91101,16855,0.1711623253918263,0.4770328021962471
7743,0.8193,6,8,6,587140,18470,91107,16849,0.17108822112712588,0.4770520116651094
7744,0.8194,0,4,0,587144,18466,91107,16849,0.17105116899477565,0.4771060455896928
7745,0.8195,4,8,4,587152,18458,91111,16845,0.1709770647300752,0.47715491601280347
7746,0.8196,1,4,1,587156,18454,91112,16844,0.170940012597725,0.47719417530738284
7747,0.8197,5,11,5,587167,18443,91117,16839,0.1708381192337619,0.4772688623093929
7748,0.8198,3,4,3,587171,18439,91120,16836,0.17080106710141169,0.4772785258681786
7749,0.8199,1,2,1,587173,18437,91121,16835,0.17078254103523657,0.47729076888183264
7750,0.82,750,969,750,588142,17468,91871,16085,0.16180666197339658,0.4793908145322326
7751,0.8201,1,2,1,588144,17466,91872,16084,0.16178813590722146,0.4794038748137109
7752,0.8202,4,9,4,588153,17457,91876,16080,0.16170476860943347,0.4794704356382503
7753,0.8203,1,5,1,588158,17452,91877,16079,0.1616584534439957,0.47952640839819866
7754,0.8204,2,1,2,588159,17451,91879,16077,0.16164919041090814,0.4795096635647817
7755,0.8205,4,5,4,588164,17446,91883,16073,0.16160287524547037,0.4795190787314657
7756,0.8206,0,7,0,588171,17439,91883,16073,0.1615380340138575,0.4796192408689425
7757,0.8207,5,11,5,588182,17428,91888,16068,0.1614361406498944,0.479699068545498
7758,0.8208,8,35,8,588217,17393,91896,16060,0.16111193449183,0.48007652527426536
7759,0.8209,1,5,1,588222,17388,91897,16059,0.16106561932639224,0.4801327473315992
7760,0.821,4,21,4,588243,17367,91901,16055,0.1608710956315536,0.4803722099216085
7761,0.8211,0,4,0,588247,17363,91901,16055,0.16083404349920338,0.48042970854030764
7762,0.8212,3,5,3,588252,17358,91904,16052,0.16078772833376562,0.4804549536067046
7763,0.8213,1,11,1,588263,17347,91905,16051,0.16068583496980252,0.48059764057728005
7764,0.8214,2,2,2,588265,17345,91907,16049,0.1606673089036274,0.48059531652392645
7765,0.8215,2,12,2,588277,17333,91909,16047,0.16055615250657676,0.4807369682444578
7766,0.8217,33,70,33,588347,17263,91942,16014,0.15990774019044796,0.48123328425038314
7767,0.8218,1,3,1,588350,17260,91943,16013,0.1598799510911853,0.48126108255943256
7768,0.8219,1,3,1,588353,17257,91944,16012,0.15985216199192265,0.4812888875529773
7769,0.822,8,19,8,588372,17238,91952,16004,0.1596761643632591,0.48143914325251186
7770,0.8221,1,3,1,588375,17235,91953,16003,0.15964837526399644,0.4814669956074373
7771,0.8222,4,7,4,588382,17228,91957,15999,0.15958353403238357,0.48150600415324885
7772,0.8223,4,9,4,588391,17219,91961,15995,0.15950016673459558,0.48157403504546276
7773,0.8224,1,1,1,588392,17218,91962,15994,0.15949090370150804,0.481572925448633
7774,0.8225,39,68,39,588460,17150,92001,15955,0.15886101745155434,0.48195136686301165
7775,0.8226,2,7,2,588467,17143,92003,15953,0.15879617621994147,0.4820219966159052
7776,0.8227,7,8,7,588475,17135,92010,15946,0.15872207195524102,0.4820289592213053
7777,0.8228,6,9,6,588484,17126,92016,15940,0.15863870465745303,0.48206617068892516
7778,0.8229,5,4,5,588488,17122,92021,15935,0.15860165252510283,0.4820461626886892
7779,0.823,9,11,9,588499,17111,92030,15926,0.15849975916113973,0.48206556285377
7780,0.8231,0,3,0,588502,17108,92030,15926,0.15847197006187705,0.48210934189017374
7781,0.8232,2,9,2,588511,17099,92032,15924,0.1583886027640891,0.4822093692275081
7782,0.8233,93,124,93,588635,16975,92125,15831,0.15723998666123234,0.4825641650917515
7783,0.8234,2,2,2,588637,16973,92127,15829,0.15722146059505723,0.48256203890006705
7784,0.8235,2,5,2,588642,16968,92129,15827,0.15717514542961947,0.4826040554962647
7785,0.8236,0,1,0,588643,16967,92129,15827,0.15716588239653193,0.48261877172653533
7786,0.8237,3,7,3,588650,16960,92132,15824,0.15710104116491905,0.4826744753538311
7787,0.8238,2,4,2,588654,16956,92134,15822,0.15706398903256882,0.4827018121911038
7788,0.8239,0,1,0,588655,16955,92134,15822,0.15705472599948128,0.4827165390365195
7789,0.824,15,25,15,588680,16930,92149,15807,0.15682315017229242,0.48284815346549775
7790,0.8241,0,1,0,588681,16929,92149,15807,0.15681388713920486,0.48286290322580644
7791,0.8242,17,22,17,588703,16907,92166,15790,0.15661010041127868,0.4829189222252806
7792,0.8243,6,10,6,588713,16897,92172,15784,0.15651747008040312,0.4829717572901686
7793,0.8244,2,4,2,588717,16893,92174,15782,0.1564804179480529,0.48299923488905894
7794,0.8245,2,1,2,588718,16892,92176,15780,0.15647115491496535,0.48298237022526935
7795,0.8246,0,3,0,588721,16889,92176,15780,0.1564433658157027,0.4830267225810401
7796,0.8247,11,13,11,588734,16876,92187,15769,0.1563229463855645,0.4830448767039363
7797,0.8248,1,11,1,588745,16865,92188,15768,0.15622105302160139,0.48319186099960165
7798,0.8249,1,1,1,588746,16864,92189,15767,0.15621178998851384,0.48319083080506264
7799,0.825,170,217,170,588963,16647,92359,15597,0.15420171180851458,0.48371790100483814
7800,0.8251,1,3,1,588966,16644,92360,15596,0.15417392270925193,0.4837468982630273
7801,0.8252,1,3,1,588969,16641,92361,15595,0.15414613360998924,0.48377590271745874
7802,0.8253,7,9,7,588978,16632,92368,15588,0.15406276631220125,0.48379888268156424
7803,0.8254,2,4,2,588982,16628,92370,15586,0.15402571417985106,0.4838269075557211
7804,0.8255,5,2,5,588984,16626,92375,15581,0.15400718811367595,0.48377681870400846
7805,0.8256,3,2,3,588986,16624,92378,15578,0.15398866204750083,0.4837587727470343
7806,0.8257,2,7,2,588993,16617,92380,15576,0.15392382081588796,0.48383188891995155
7807,0.8258,11,17,11,589010,16600,92391,15565,0.15376634925339952,0.4839110834758278
7808,0.8259,0,3,0,589013,16597,92391,15565,0.15373856015413687,0.4839562216280082
7809,0.826,13,23,13,589036,16574,92404,15552,0.15352551039312312,0.4840938803461371
7810,0.8261,4,4,4,589040,16570,92408,15548,0.1534884582607729,0.48408991842580484
7811,0.8262,3,9,3,589049,16561,92411,15545,0.1534050909629849,0.48417741232168443
7812,0.8263,1,4,1,589053,16557,92412,15544,0.1533680388306347,0.4842216753372169
7813,0.8264,3,7,3,589060,16550,92415,15541,0.15330319759902183,0.48427908136237574
7814,0.8265,3,6,3,589066,16544,92418,15538,0.1532476194004965,0.484321426344991
7815,0.8267,84,131,84,589197,16413,92502,15454,0.1520341620660269,0.484953086264788
7816,0.8268,3,4,3,589201,16409,92505,15451,0.15199710993367668,0.4849654739485248
7817,0.827,3,10,3,589211,16399,92508,15448,0.15190447960280115,0.4850692372907966
7818,0.8271,2,4,2,589215,16395,92510,15446,0.15186742747045093,0.4850978298420276
7819,0.8272,3,2,3,589217,16393,92513,15443,0.15184890140427582,0.4850797838924488
7820,0.8273,5,7,5,589224,16386,92518,15438,0.15178406017266294,0.485105580693816
7821,0.8274,2,0,2,589224,16386,92520,15436,0.15178406017266294,0.48507321978505435
7822,0.8275,39,57,39,589281,16329,92559,15397,0.15125606728667235,0.4853117317027044
7823,0.8276,0,9,0,589290,16320,92559,15397,0.15117269998888436,0.4854494435160955
7824,0.8277,4,10,4,589300,16310,92563,15393,0.15108006965800883,0.4855376462795319
7825,0.8278,3,6,3,589306,16304,92566,15390,0.1510244914594835,0.48558086704108033
7826,0.8279,2,3,2,589309,16301,92568,15388,0.15099670236022084,0.4855943702862192
7827,0.828,14,13,14,589322,16288,92582,15374,0.15087628293008262,0.4855662939801655
7828,0.8281,1,1,1,589323,16287,92583,15373,0.15086701989699508,0.4855653821857233
7829,0.8282,1,9,1,589332,16278,92584,15372,0.1507836525992071,0.4856872037914692
7830,0.8283,37,51,37,589383,16227,92621,15335,0.1503112379117418,0.4858690830745834
7831,0.8284,2,2,2,589385,16225,92623,15333,0.15029271184556672,0.48586729197034034
7832,0.8285,2,6,2,589391,16219,92625,15331,0.1502371336470414,0.4859270998415214
7833,0.8286,4,4,4,589395,16215,92629,15327,0.15020008151469116,0.48592353053072096
7834,0.8287,1,6,1,589401,16209,92630,15326,0.15014450331616586,0.4859996828920247
7835,0.8288,6,3,6,589404,16206,92636,15320,0.15011671421690317,0.4859481063249381
7836,0.8289,4,6,4,589410,16200,92640,15316,0.15006113601837787,0.4859753775859881
7837,0.829,7,9,7,589419,16191,92647,15309,0.14997776872058988,0.486
7838,0.8291,4,1,4,589420,16190,92651,15305,0.1499685056875023,0.4859501508175901
7839,0.8292,22,26,22,589446,16164,92673,15283,0.1497276668272259,0.48599230451235415
7840,0.8293,3,9,3,589455,16155,92676,15280,0.14964429952943792,0.48608239223795136
7841,0.8294,0,2,0,589457,16153,92676,15280,0.1496257734632628,0.48611332039576244
7842,0.8295,3,4,3,589461,16149,92679,15277,0.14958872133091258,0.4861261375930758
7843,0.8296,0,4,0,589465,16145,92679,15277,0.1495516691985624,0.4861880211316912
7844,0.8297,3,6,3,589471,16139,92682,15274,0.14949609100003705,0.48623181485372297
7845,0.8298,0,5,0,589476,16134,92682,15274,0.14944977583459929,0.4863092205807438
7846,0.8299,2,2,2,589478,16132,92684,15272,0.14943124976842417,0.48630747675455355
7847,0.83,752,906,752,590384,15226,93436,14520,0.14103894179110008,0.48813285819942176
7848,0.8301,1,0,1,590384,15226,93437,14519,0.14103894179110008,0.4881156496890234
7849,0.8302,3,8,3,590392,15218,93440,14516,0.14096483752639966,0.48819533194322995
7850,0.8303,3,4,3,590396,15214,93443,14513,0.14092778539404943,0.4882093719514246
7851,0.8304,2,2,2,590398,15212,93445,14511,0.14090925932787432,0.48820778521683544
7852,0.8305,1,5,1,590403,15207,93446,14510,0.14086294416243655,0.48827270585859944
7853,0.8306,0,1,0,590404,15206,93446,14510,0.14085368112934898,0.48828913716516353
7854,0.8307,10,10,10,590414,15196,93456,14500,0.14076105079847345,0.48828125
7855,0.8308,17,26,17,590440,15170,93473,14483,0.14052021193819705,0.48841601187063705
7856,0.8309,0,1,0,590441,15169,93473,14483,0.14051094890510948,0.4884324834749764
7857,0.831,14,10,14,590451,15159,93487,14469,0.14041831857423395,0.4883556095585257
7858,0.8311,1,3,1,590454,15156,93488,14468,0.1403905294749713,0.4883877936807994
7859,0.8312,2,4,2,590458,15152,93490,14466,0.14035347734262107,0.4884192045377811
7860,0.8313,3,8,3,590466,15144,93493,14463,0.14027937307792063,0.4884993413719728
7861,0.8314,2,2,2,590468,15142,93495,14461,0.14026084701174552,0.48849778738641353
7862,0.8315,2,8,2,590476,15134,93497,14459,0.1401867427470451,0.48859527590984353
7863,0.8316,0,3,0,590479,15131,93497,14459,0.14015895364778244,0.488644812436634
7864,0.8317,28,60,28,590539,15071,93525,14431,0.13960317166252917,0.4891532777438818
7865,0.8318,2,5,2,590544,15066,93527,14429,0.1395568564970914,0.48920155958637057
7866,0.8319,0,1,0,590545,15065,93527,14429,0.13954759346400386,0.48921814606360614
7867,0.832,10,19,10,590564,15046,93537,14419,0.1393715958353403,0.48936025793314103
7868,0.8321,1,0,1,590564,15046,93538,14418,0.1393715958353403,0.489342926961716
7869,0.8322,5,7,5,590571,15039,93543,14413,0.13930675460372743,0.48937253836751327
7870,0.8323,3,7,3,590578,15032,93546,14410,0.13924191337211456,0.4894368589090415
7871,0.8324,4,11,4,590589,15021,93550,14406,0.13914002000815148,0.489550412886125
7872,0.8325,27,39,27,590628,14982,93577,14379,0.13877876171773684,0.4897312761826913
7873,0.8326,5,7,5,590635,14975,93582,14374,0.13871392048612396,0.48976115029472894
7874,0.8327,2,14,2,590649,14961,93584,14372,0.1385842380228982,0.48996011318310434
7875,0.8328,4,7,4,590656,14954,93588,14368,0.13851939679128533,0.49000750289884726
7876,0.8329,1,3,1,590659,14951,93589,14367,0.13849160769202268,0.4900402483116174
7877,0.833,5,12,5,590671,14939,93594,14362,0.13838045129497203,0.490153919661445
7878,0.8331,0,2,0,590673,14937,93594,14362,0.13836192522879692,0.49018737840881943
7879,0.8332,0,4,0,590677,14933,93594,14362,0.1383248730964467,0.49025430960914834
7880,0.8333,73,131,73,590808,14802,93667,14289,0.1371114157619771,0.49118284005362484
7881,0.8334,1,2,1,590810,14800,93668,14288,0.137092889695802,0.4911991199119912
7882,0.8335,4,3,4,590813,14797,93672,14284,0.13706510059653934,0.4911798081221416
7883,0.8336,1,4,1,590817,14793,93673,14283,0.13702804846418912,0.49122988031366077
7884,0.8337,2,5,2,590822,14788,93675,14281,0.13698173329875135,0.4912793697753621
7885,0.8338,1,6,1,590828,14782,93676,14280,0.13692615510022602,0.491363292271695
7886,0.834,11,24,11,590852,14758,93687,14269,0.13670384230612473,0.4915768077996348
7887,0.8341,1,1,1,590853,14757,93688,14268,0.13669457927303716,0.49157622739018086
7888,0.8342,11,29,11,590882,14728,93699,14257,0.13642595131349808,0.49187510781438676
7889,0.8343,4,12,4,590894,14716,93703,14253,0.13631479491644743,0.49200869895405436
7890,0.8344,0,4,0,590898,14712,93703,14253,0.1362777427840972,0.4920766442257897
7891,0.8345,6,8,6,590906,14704,93709,14247,0.1362036385193968,0.4921073538047045
7892,0.8347,1,6,1,590912,14698,93710,14246,0.13614806032087146,0.492191818684356
7893,0.8348,6,8,6,590920,14690,93716,14240,0.13607395605617104,0.49222260629104736
7894,0.8349,0,1,0,590921,14689,93716,14240,0.13606469302308347,0.4922396211414152
7895,0.835,178,235,178,591156,14454,93894,14062,0.13388788024750825,0.49312666573151914
7896,0.8351,0,1,0,591157,14453,93894,14062,0.13387861721442068,0.4931439593196563
7897,0.8352,3,6,3,591163,14447,93897,14059,0.13382303901589537,0.4931944152108328
7898,0.8353,2,5,2,591168,14442,93899,14057,0.1337767238504576,0.49324537703077304
7899,0.8354,1,1,1,591169,14441,93900,14056,0.13376746081737004,0.4932449029722427
7900,0.8355,0,3,0,591172,14438,93900,14056,0.13373967171810738,0.4932968344212817
7901,0.8356,1,3,1,591175,14435,93901,14055,0.1337118826188447,0.49333099333099334
7902,0.8357,3,12,3,591187,14423,93904,14052,0.13360072622179406,0.49348551360842846
7903,0.8358,11,20,11,591207,14403,93915,14041,0.13341546556004297,0.4936366193221769
7904,0.8359,1,1,1,591208,14402,93916,14040,0.13340620252695543,0.4936361718585191
7905,0.836,16,27,16,591235,14375,93932,14024,0.13315610063359146,0.49382020493679357
7906,0.8361,1,1,1,591236,14374,93933,14023,0.13314683760050391,0.4938197696939818
7907,0.8362,1,10,1,591246,14364,93934,14022,0.13305420726962836,0.4939759036144578
7908,0.8363,3,2,3,591248,14362,93937,14019,0.13303568120345327,0.4939572249039851
7909,0.8364,1,6,1,591254,14356,93938,14018,0.13298010300492794,0.4940438429548178
7910,0.8365,4,7,4,591261,14349,93942,14014,0.13291526177331506,0.49409441878503685
7911,0.8367,80,100,80,591361,14249,94022,13934,0.13198895846455963,0.49441152467799737
7912,0.8368,0,7,0,591368,14242,94022,13934,0.13192411723294675,0.494534355479841
7913,0.8369,1,1,1,591369,14241,94023,13933,0.1319148541998592,0.4945339674877547
7914,0.837,8,10,8,591379,14231,94031,13925,0.13182222386898365,0.4945659894871431
7915,0.8371,2,4,2,591383,14227,94033,13923,0.13178517173663346,0.49460035523978685
7916,0.8372,2,5,2,591388,14222,94035,13921,0.13173885657119566,0.49465231140958676
7917,0.8373,3,10,3,591398,14212,94038,13918,0.13164622624032013,0.4947742623533594
7918,0.8374,2,1,2,591399,14211,94040,13916,0.1316369632072326,0.494755928467309
7919,0.8375,40,49,40,591448,14162,94080,13876,0.13118307458594242,0.49489977887153147
7920,0.8376,1,0,1,591448,14162,94081,13875,0.13118307458594242,0.49488176338409956
7921,0.8377,3,10,3,591458,14152,94084,13872,0.13109044425506688,0.4950042820439623
7922,0.8378,1,5,1,591463,14147,94085,13871,0.13104412908962912,0.4950745949032765
7923,0.8379,1,1,1,591464,14146,94086,13870,0.13103486605654155,0.49507424328954885
7924,0.838,12,17,12,591481,14129,94098,13858,0.13087739449405314,0.4951584664308429
7925,0.8381,2,1,2,591482,14128,94100,13856,0.13086813146096557,0.49514008004574045
7926,0.8382,5,12,5,591494,14116,94105,13851,0.13075697506391493,0.4952622733936425
7927,0.8383,37,56,37,591550,14060,94142,13814,0.1302382452110119,0.49558728564253424
7928,0.8384,0,1,0,591551,14059,94142,13814,0.13022898217792434,0.49560506583431996
7929,0.8385,5,3,5,591554,14056,94147,13809,0.13020119307866168,0.4955679167414319
7930,0.8386,3,5,3,591559,14051,94150,13806,0.13015487791322392,0.49560254155149513
7931,0.8387,5,4,5,591563,14047,94155,13801,0.1301178257808737,0.49558316575696637
7932,0.8388,2,8,2,591571,14039,94157,13799,0.13004372151617324,0.49568934549895827
7933,0.8389,0,2,0,591573,14037,94157,13799,0.13002519544999816,0.495724960482828
7934,0.839,6,12,6,591585,14025,94163,13793,0.1299140390529475,0.49583003810482423
7935,0.8391,5,4,5,591589,14021,94168,13788,0.1298769869205973,0.49581070876335
7936,0.8392,17,24,17,591613,13997,94185,13771,0.12965467412649598,0.49593056755978104
7937,0.8393,3,7,3,591620,13990,94188,13768,0.1295898328948831,0.4960011528208084
7938,0.8394,2,2,2,591622,13988,94190,13766,0.129571306828708,0.4960005764934784
7939,0.8395,4,6,4,591628,13982,94194,13762,0.12951572863018268,0.49603517877739334
7940,0.8396,1,1,1,591629,13981,94195,13761,0.1295064655970951,0.49603489294210945
7941,0.8397,4,4,4,591633,13977,94199,13757,0.1294694134647449,0.49603374918872145
7942,0.8398,4,3,4,591636,13974,94203,13753,0.12944162436548223,0.4960147148988351
7943,0.84,722,825,722,592461,13149,94925,13031,0.12179962206825003,0.49774637127578303
7944,0.8401,0,4,0,592465,13145,94925,13031,0.12176256993589982,0.49782243276283616
7945,0.8402,2,8,2,592473,13137,94927,13029,0.12168846567119938,0.4979362531529466
7946,0.8403,2,3,2,592476,13134,94929,13027,0.12166067657193672,0.49795497114024695
7947,0.8404,3,4,3,592480,13130,94932,13024,0.12162362443958649,0.4979735413321098
7948,0.8405,1,4,1,592484,13126,94933,13023,0.12158657230723628,0.4980305174194042
7949,0.8406,1,1,1,592485,13125,94934,13022,0.12157730927414873,0.4980303667724787
7950,0.8407,3,7,3,592492,13118,94937,13019,0.12151246804253585,0.49810613306806445
7951,0.8408,16,15,16,592507,13103,94953,13003,0.12137352254622254,0.4980847314793534
7952,0.8409,0,1,0,592508,13102,94953,13003,0.12136425951313498,0.49810381153035815
7953,0.841,5,12,5,592520,13090,94958,12998,0.12125310311608434,0.49823673719717876
7954,0.8411,2,7,2,592527,13083,94960,12996,0.12118826188447145,0.49833199125733346
7955,0.8412,6,6,6,592533,13077,94966,12990,0.12113268368594612,0.4983312233858902
7956,0.8413,2,7,2,592540,13070,94968,12988,0.12106784245433325,0.498426586844731
7957,0.8414,0,6,0,592546,13064,94968,12988,0.12101226425580792,0.4985413787808997
7958,0.8415,3,10,3,592556,13054,94971,12985,0.12091963392493238,0.49867506432658704
7959,0.8416,2,4,2,592560,13050,94973,12983,0.12088258179258217,0.4987131717435563
7960,0.8417,37,48,37,592608,13002,95010,12946,0.12043795620437957,0.49892091876059813
7961,0.8418,5,8,5,592616,12994,95015,12941,0.12036385193967913,0.49897821476768844
7962,0.8419,1,2,1,592618,12992,95016,12940,0.12034532587350402,0.49899737775721115
7963,0.842,10,11,10,592629,12981,95026,12930,0.12024343250954092,0.49901586198911657
7964,0.8421,2,3,2,592632,12978,95028,12928,0.12021564341027827,0.49903497259322166
7965,0.8422,2,5,2,592637,12973,95030,12926,0.12016932824484049,0.499092629059037
7966,0.8423,2,7,2,592644,12966,95032,12924,0.12010448701322761,0.499188876013905
7967,0.8424,0,4,0,592648,12962,95032,12924,0.1200674348808774,0.49926601251641817
7968,0.8425,35,57,35,592705,12905,95067,12889,0.11953944199488681,0.49968985035279523
7969,0.8426,0,1,0,592706,12904,95067,12889,0.11953017896179925,0.4997092234327143
7970,0.8427,5,13,5,592719,12891,95072,12884,0.11940975953166105,0.4998642095053346
7971,0.8428,1,1,1,592720,12890,95073,12883,0.1194004964985735,0.4998641989679122
7972,0.8429,1,1,1,592721,12889,95074,12882,0.11939123346548594,0.49986418842885416
7973,0.843,9,9,9,592730,12880,95083,12873,0.11930786616769795,0.49986409350366945
7974,0.8431,1,6,1,592736,12874,95084,12872,0.11925228796917263,0.4999611590149926
7975,0.8432,3,5,3,592741,12869,95087,12869,0.11920597280373485,0.5
7976,0.8433,92,105,92,592846,12764,95179,12777,0.11823335432954167,0.5002544927763204
7977,0.8434,0,3,0,592849,12761,95179,12777,0.118205565230279,0.5003132586733495
7978,0.8435,4,8,4,592857,12753,95183,12773,0.11813146096557857,0.5003917574238032
7979,0.8436,1,8,1,592865,12745,95184,12772,0.11805735670087814,0.5005290590586667
7980,0.8437,1,9,1,592874,12736,95185,12771,0.11797398940309015,0.5006860861724233
7981,0.8438,5,9,5,592883,12727,95190,12766,0.11789062210530216,0.5007649158592555
7982,0.8439,1,2,1,592885,12725,95191,12765,0.11787209603912706,0.5007846214201648
7983,0.844,11,24,11,592909,12701,95202,12754,0.11764978324502576,0.5010410528383422
7984,0.8441,1,1,1,592910,12700,95203,12753,0.1176405202119382,0.5010411346403174
7985,0.8442,9,28,9,592938,12672,95212,12744,0.11738115528548668,0.5014164305949008
7986,0.8443,6,11,6,592949,12661,95218,12738,0.11727926192152359,0.5015158077089649
7987,0.8444,1,1,1,592950,12660,95219,12737,0.11726999888843603,0.5015159270780013
7988,0.8445,3,3,3,592953,12657,95222,12734,0.11724220978917337,0.5015162852979402
7989,0.8446,2,2,2,592955,12655,95224,12732,0.11722368372299825,0.5015165242053019
7990,0.8447,1,10,1,592965,12645,95225,12731,0.11713105339212272,0.5016945145018915
7991,0.8448,2,3,2,592968,12642,95227,12729,0.11710326429286005,0.5017145559891214
7992,0.8449,0,2,0,592970,12640,95227,12729,0.11708473822668494,0.5017541093460522
7993,0.845,145,201,145,593171,12439,95372,12584,0.11522286857608656,0.5028973344523039
7994,0.8451,2,3,2,593174,12436,95374,12582,0.11519507947682389,0.502917899112639
7995,0.8452,1,2,1,593176,12434,95375,12581,0.11517655341064878,0.5029382370577653
7996,0.8453,2,6,2,593182,12428,95377,12579,0.11512097521212346,0.5030191546367018
7997,0.8454,2,0,2,593182,12428,95379,12577,0.11512097521212346,0.5029794041191762
7998,0.8455,7,6,7,593188,12422,95386,12570,0.11506539701359814,0.502960947503201
7999,0.8456,1,3,1,593191,12419,95387,12569,0.11503760791433547,0.503001440691532
8000,0.8457,9,7,9,593198,12412,95396,12560,0.11497276668272259,0.5029633189171873
8001,0.8458,8,12,8,593210,12400,95404,12552,0.11486161028567195,0.5030458480282142
8002,0.8459,0,2,0,593212,12398,95404,12552,0.11484308421949684,0.5030861723446893
8003,0.846,11,18,11,593230,12380,95415,12541,0.11467634962392086,0.5032302074555596
8004,0.8461,0,1,0,593231,12379,95415,12541,0.1146670865908333,0.5032504012841091
8005,0.8462,1,8,1,593239,12371,95416,12540,0.11459298232613287,0.5033920757898117
8006,0.8463,2,8,2,593247,12363,95418,12538,0.11451887806143243,0.503513915103811
8007,0.8464,2,6,2,593253,12357,95420,12536,0.11446329986290711,0.5035953882617603
8008,0.8465,4,8,4,593261,12349,95424,12532,0.11438919559820668,0.5036775049234355
8009,0.8466,0,2,0,593263,12347,95424,12532,0.11437066953203157,0.5037179950962659
8010,0.8467,87,101,87,593364,12246,95511,12445,0.1134351031901886,0.5040298084322222
8011,0.8468,2,1,2,593365,12245,95513,12443,0.11342584015710104,0.5040100453661698
8012,0.8469,0,1,0,593366,12244,95513,12443,0.11341657712401348,0.5040304613764329
8013,0.847,6,8,6,593374,12236,95519,12437,0.11334247285931305,0.5040732784825518
8014,0.8471,2,5,2,593379,12231,95521,12435,0.11329615769387529,0.5041352468985648
8015,0.8472,1,2,1,593381,12229,95522,12434,0.11327763162770017,0.5041560231926367
8016,0.8473,4,9,4,593390,12220,95526,12430,0.11319426432991218,0.5042596348884382
8017,0.8475,42,52,42,593442,12168,95568,12388,0.11271258660935937,0.5044795569310963
8018,0.8476,0,2,0,593444,12166,95568,12388,0.11269406054318426,0.5045206483668648
8019,0.8477,3,5,3,593449,12161,95571,12385,0.1126477453777465,0.5045628615660392
8020,0.8478,2,3,2,593452,12158,95573,12383,0.11261995627848383,0.5045841652744387
8021,0.8479,2,3,2,593455,12155,95575,12381,0.11259216717922116,0.5046054776654711
8022,0.848,6,18,6,593473,12137,95581,12375,0.1124254325836452,0.5048547650130548
8023,0.8481,0,1,0,593474,12136,95581,12375,0.11241616955055764,0.5048753620823304
8024,0.8482,4,3,4,593477,12133,95585,12371,0.11238838045129497,0.5048563499836761
8025,0.8483,29,48,29,593525,12085,95614,12342,0.11194375486309237,0.5052605723175175
8026,0.8484,0,1,0,593526,12084,95614,12342,0.11193449183000481,0.5052812576762467
8027,0.8485,1,8,1,593534,12076,95615,12341,0.11186038756530438,0.5054265470778556
8028,0.8486,1,3,1,593537,12073,95616,12340,0.11183259846604172,0.5054683979846802
8029,0.8487,4,5,4,593542,12068,95620,12336,0.11178628330060394,0.5054909031306343
8030,0.8488,3,7,3,593549,12061,95623,12333,0.11172144206899107,0.50557514142822
8031,0.8489,0,4,0,593553,12057,95623,12333,0.11168438993664086,0.5056580565805658
8032,0.849,7,14,7,593567,12043,95630,12326,0.1115547074734151,0.5058065575115926
8033,0.8491,0,5,0,593572,12038,95630,12326,0.11150839230797732,0.5059103595468725
8034,0.8492,13,22,13,593594,12016,95643,12313,0.11130460558005113,0.506103826708866
8035,0.8493,11,6,11,593600,12010,95654,12302,0.11124902738152581,0.5060052648897664
8036,0.8494,0,1,0,593601,12009,95654,12302,0.11123976434843826,0.5060260787297931
8037,0.8495,1,4,1,593605,12005,95655,12301,0.11120271221608803,0.5060890315148523
8038,0.8496,0,2,0,593607,12003,95655,12301,0.11118418614991293,0.5061306780776826
8039,0.8497,2,5,2,593612,11998,95657,12299,0.11113787098447515,0.5061941803514837
8040,0.8498,5,3,5,593615,11995,95662,12294,0.1111100818852125,0.5061550496109349
8041,0.8499,1,3,1,593618,11992,95663,12293,0.11108229278594983,0.5061972410953264
8042,0.85,703,785,703,594403,11207,96366,11590,0.1038108118122198,0.5084002281001886
8043,0.8501,0,1,0,594404,11206,96366,11590,0.10380154877913224,0.5084225302684682
8044,0.8502,3,9,3,594413,11197,96369,11587,0.10371818148134425,0.5085586376404494
8045,0.8503,4,4,4,594417,11193,96373,11583,0.10368112934899404,0.5085616438356164
8046,0.8504,0,2,0,594419,11191,96373,11583,0.10366260328281893,0.5086063054360236
8047,0.8505,3,5,3,594424,11186,96376,11580,0.10361628811738116,0.5086532548537293
8048,0.8507,1,6,1,594430,11180,96377,11579,0.10356070991885583,0.5087657629948592
8049,0.8508,12,27,12,594457,11153,96389,11567,0.10331060802549187,0.5091109154929577
8050,0.851,5,9,5,594466,11144,96394,11562,0.10322724072770388,0.5092046155201269
8051,0.8511,1,1,1,594467,11143,96395,11561,0.10321797769461633,0.5092054263565892
8052,0.8512,0,3,0,594470,11140,96395,11561,0.10319018859535366,0.5092727192634686
8053,0.8513,2,2,2,594472,11138,96397,11559,0.10317166252917856,0.5092743534387805
8054,0.8514,1,2,1,594474,11136,96398,11558,0.10315313646300345,0.5092976117035339
8055,0.8515,3,8,3,594482,11128,96401,11555,0.10307903219830301,0.5094123352290262
8056,0.8516,1,1,1,594483,11127,96402,11554,0.10306976916521546,0.5094131652043561
8057,0.8517,22,49,22,594532,11078,96424,11532,0.1026158805439253,0.5100398053958426
8058,0.8518,1,6,1,594538,11072,96425,11531,0.10256030234539998,0.5101535194443215
8059,0.8519,1,1,1,594539,11071,96426,11530,0.10255103931231242,0.5101544179461086
8060,0.852,11,12,11,594551,11059,96437,11519,0.10243988291526178,0.5101869076091771
8061,0.8521,1,2,1,594553,11057,96438,11518,0.10242135684908667,0.5102104097452934
8062,0.8522,5,2,5,594555,11055,96443,11513,0.10240283078291156,0.5101471109535626
8063,0.8523,4,8,4,594563,11047,96447,11509,0.10232872651821112,0.5102411775137435
8064,0.8524,0,6,0,594569,11041,96447,11509,0.1022731483196858,0.5103769401330377
8065,0.8525,26,38,26,594607,11003,96473,11483,0.10192115306235874,0.5106733078359869
8066,0.8526,0,2,0,594609,11001,96473,11483,0.10190262699618363,0.510718733321473
8067,0.8527,7,6,7,594615,10995,96480,11476,0.10184704879765831,0.5107026834586801
8068,0.8528,2,6,2,594621,10989,96482,11474,0.10179147059913297,0.5107955304278147
8069,0.8529,1,3,1,594624,10986,96483,11473,0.10176368149987032,0.5108419787167728
8070,0.853,8,13,8,594637,10973,96491,11465,0.10164326206973211,0.5109635439878777
8071,0.8531,0,1,0,594638,10972,96491,11465,0.10163399903664457,0.5109863172438383
8072,0.8532,4,10,4,594648,10962,96495,11461,0.10154136870576902,0.5111269678455158
8073,0.8533,60,85,60,594733,10877,96555,11401,0.10075401089332692,0.5117604811922075
8074,0.8535,2,7,2,594740,10870,96557,11399,0.10068916966171403,0.51187749786699
8075,0.8536,1,1,1,594741,10869,96558,11398,0.10067990662862648,0.5118785646921453
8076,0.8537,2,17,2,594758,10852,96560,11396,0.10052243506613806,0.5122258180510608
8077,0.8538,1,11,1,594769,10841,96561,11395,0.10042054170217496,0.5124572764885771
8078,0.8539,1,2,1,594771,10839,96562,11394,0.10040201563599985,0.5124814464984483
8079,0.854,19,24,19,594795,10815,96581,11375,0.10017970284189855,0.5126182965299685
8080,0.8541,1,2,1,594797,10813,96582,11374,0.10016117677572345,0.5126425384234011
8081,0.8542,8,15,8,594812,10798,96590,11366,0.10002223127941012,0.5128135715574806
8082,0.8543,8,6,8,594818,10792,96598,11358,0.0999666530808848,0.5127765237020316
8083,0.8544,0,2,0,594820,10790,96598,11358,0.0999481270147097,0.5128228282463427
8084,0.8545,1,2,1,594822,10788,96599,11357,0.09992960094853459,0.5128471438247911
8085,0.8546,0,2,0,594824,10786,96599,11357,0.09991107488235948,0.5128934652034502
8086,0.8547,3,5,3,594829,10781,96602,11354,0.09986475971692171,0.512943302462164
8087,0.8548,2,4,2,594833,10777,96604,11352,0.09982770758457149,0.5129920014460663
8088,0.8549,0,2,0,594835,10775,96604,11352,0.09980918151839638,0.5130383694129345
8089,0.855,138,204,138,595039,10571,96742,11214,0.09791952276853533,0.5147578609134725
8090,0.8551,0,2,0,595041,10569,96742,11214,0.09790099670236022,0.5148051232612588
8091,0.8552,6,3,6,595044,10566,96748,11208,0.09787320760309756,0.5147423532653623
8092,0.8553,3,6,3,595050,10560,96751,11205,0.09781762940457224,0.5148173673328739
8093,0.8554,0,1,0,595051,10559,96751,11205,0.09780836637148468,0.5148410218709796
8094,0.8555,4,8,4,595059,10551,96755,11201,0.09773426210678425,0.5149411548363368
8095,0.8556,0,1,0,595060,10550,96755,11201,0.0977249990736967,0.514964829203255
8096,0.8557,2,9,2,595069,10541,96757,11199,0.0976416317759087,0.5151333946642135
8097,0.8558,7,19,7,595088,10522,96764,11192,0.09746563414724517,0.5154278345767708
8098,0.8559,0,5,0,595093,10517,96764,11192,0.0974193189818074,0.5155465475148556
8099,0.856,7,17,7,595110,10500,96771,11185,0.09726184741931898,0.5157943278764122
8100,0.8561,1,1,1,595111,10499,96772,11184,0.09725258438623142,0.5157957847161371
8101,0.8562,5,5,5,595116,10494,96777,11179,0.09720626922079366,0.5158030729479075
8102,0.8563,1,7,1,595123,10487,96778,11178,0.09714142798918078,0.5159473805677359
8103,0.8564,0,1,0,595124,10486,96778,11178,0.09713216495609323,0.5159711964549483
8104,0.8565,4,8,4,595132,10478,96782,11174,0.09705806069139279,0.5160724182523554
8105,0.8566,0,2,0,595134,10476,96782,11174,0.09703953462521768,0.5161200923787529
8106,0.8567,72,131,72,595265,10345,96854,11102,0.09582607729074809,0.5176481559192427
8107,0.8568,1,1,1,595266,10344,96855,11101,0.09581681425766053,0.5176498018186058
8108,0.8569,0,1,0,595267,10343,96855,11101,0.09580755122457298,0.5176739414288379
8109,0.857,9,9,9,595276,10334,96864,11092,0.09572418392678499,0.5176887893213852
8110,0.8571,4,1,4,595277,10333,96868,11088,0.09571492089369743,0.5176228934223426
8111,0.8572,0,5,0,595282,10328,96868,11088,0.09566860572825966,0.5177437429958909
8112,0.8573,4,11,4,595293,10317,96872,11084,0.09556671236429656,0.5179197233774123
8113,0.8574,0,1,0,595294,10316,96872,11084,0.09555744933120901,0.5179439252336449
8114,0.8575,33,48,33,595342,10268,96905,11051,0.0951128237430064,0.5183639007458136
8115,0.8576,1,3,1,595345,10265,96906,11050,0.09508503464374375,0.5184142622566268
8116,0.8577,6,13,6,595358,10252,96912,11044,0.09496461521360554,0.518595041322314
8117,0.8578,1,2,1,595360,10250,96913,11043,0.09494608914743044,0.5186211430986709
8118,0.8579,0,2,0,595362,10248,96913,11043,0.09492756308125533,0.5186698605044385
8119,0.858,15,15,15,595377,10233,96928,11028,0.09478861758494202,0.518696204317765
8120,0.8582,4,6,4,595383,10227,96932,11024,0.09473303938641668,0.5187520587266482
8121,0.8583,33,42,33,595425,10185,96965,10991,0.09434399199673942,0.5190309784661882
8122,0.8584,1,0,1,595425,10185,96966,10990,0.09434399199673942,0.5190082644628099
8123,0.8585,4,5,4,595430,10180,96970,10986,0.09429767683130164,0.5190399697628272
8124,0.8586,0,2,0,595432,10178,96970,10986,0.09427915076512654,0.519089019089019
8125,0.8587,0,4,0,595436,10174,96970,10986,0.09424209863277631,0.519187145557656
8126,0.8588,0,4,0,595440,10170,96970,10986,0.0942050465004261,0.5192853091321611
8127,0.8589,1,0,1,595440,10170,96971,10985,0.0942050465004261,0.5192625856771449
8128,0.859,7,13,7,595453,10157,96978,10978,0.09408462707028789,0.5194227584575349
8129,0.8591,0,3,0,595456,10154,96978,10978,0.09405683797102524,0.5194964982017793
8130,0.8592,15,12,15,595468,10142,96993,10963,0.09394568157397458,0.5194503672115612
8131,0.8593,4,11,4,595479,10131,96997,10959,0.09384378821001149,0.5196301564722617
8132,0.8595,2,5,2,595484,10126,96999,10957,0.09379747304457371,0.5197078214675331
8133,0.8596,1,0,1,595484,10126,97000,10956,0.09379747304457371,0.5196850393700787
8134,0.8597,2,7,2,595491,10119,97002,10954,0.09373263181296083,0.519812081810848
8135,0.8598,2,5,2,595496,10114,97004,10952,0.09368631664752307,0.5198898699325928
8136,0.8599,0,4,0,595500,10110,97004,10952,0.09364926451517284,0.5199886050707435
8137,0.86,697,678,697,596178,9432,97701,10255,0.08736892808181111,0.5209021181490323
8138,0.8602,3,2,3,596180,9430,97704,10252,0.087350402015636,0.5208820241845341
8139,0.8603,2,4,2,596184,9426,97706,10250,0.08731334988328578,0.5209392152876601
8140,0.8604,1,0,1,596184,9426,97707,10249,0.08731334988328578,0.5209148665819568
8141,0.8605,4,6,4,596190,9420,97711,10245,0.08725777168476045,0.520976353928299
8142,0.8607,3,3,3,596193,9417,97714,10242,0.0872299825854978,0.5209827559896231
8143,0.8608,6,26,6,596219,9391,97720,10236,0.08698914372522139,0.5215264686401386
8144,0.8609,2,1,2,596220,9390,97722,10234,0.08697988069213383,0.5215042804728903
8145,0.861,3,7,3,596227,9383,97725,10231,0.08691503946052095,0.5216172121953706
8146,0.8611,0,1,0,596228,9382,97725,10231,0.0869057764274334,0.5216438076785805
8147,0.8612,2,2,2,596230,9380,97727,10229,0.08688725036125829,0.5216482227548574
8148,0.8613,2,7,2,596237,9373,97729,10227,0.08682240912964541,0.5217857142857143
8149,0.8614,0,3,0,596240,9370,97729,10227,0.08679462003038275,0.5218655916721947
8150,0.8615,2,5,2,596245,9365,97731,10225,0.08674830486494498,0.5219499744767738
8151,0.8616,2,3,2,596248,9362,97733,10223,0.08672051576568232,0.5219811079908093
8152,0.8617,20,43,20,596291,9319,97753,10203,0.08632220534291749,0.522641122835775
8153,0.8618,5,5,5,596296,9314,97758,10198,0.08627589017747972,0.5226527265272652
8154,0.8619,1,0,1,596296,9314,97759,10197,0.08627589017747972,0.5226282609809851
8155,0.862,8,17,8,596313,9297,97767,10189,0.0861184186149913,0.5228882274453454
8156,0.8621,4,3,4,596316,9294,97771,10185,0.08609062951572863,0.5228707839211458
8157,0.8622,0,5,0,596321,9289,97771,10185,0.08604431435029086,0.5230050323508267
8158,0.8623,5,5,5,596326,9284,97776,10180,0.08599799918485308,0.5230168516235101
8159,0.8624,1,1,1,596327,9283,97777,10179,0.08598873615176554,0.5230192169355667
8160,0.8625,25,29,25,596356,9254,97802,10154,0.08572010819222646,0.5231863149216818
8161,0.8626,0,3,0,596359,9251,97802,10154,0.0856923190929638,0.5232671991754703
8162,0.8627,2,5,2,596364,9246,97804,10152,0.08564600392752603,0.5233529229817507
8163,0.8628,1,8,1,596372,9238,97805,10151,0.08557189966282559,0.5235442776832224
8164,0.8629,0,3,0,596375,9235,97805,10151,0.08554411056356294,0.523625296605798
8165,0.863,2,5,2,596380,9230,97807,10149,0.08549779539812516,0.5237112338097941
8166,0.8631,1,3,1,596383,9227,97808,10148,0.0854700062988625,0.5237677419354839
8167,0.8632,3,4,3,596387,9223,97811,10145,0.08543295416651228,0.5238021478727798
8168,0.8633,56,64,56,596451,9159,97867,10089,0.08484012004890881,0.5241583541147132
8169,0.8634,1,0,1,596451,9159,97868,10088,0.08484012004890881,0.5241336312152544
8170,0.8635,5,10,5,596461,9149,97873,10083,0.08474748971803327,0.5242824459234608
8171,0.8636,1,0,1,596461,9149,97874,10082,0.08474748971803327,0.5242577089074931
8172,0.8637,3,2,3,596463,9147,97877,10079,0.08472896365185817,0.5242380110267346
8173,0.8638,0,5,0,596468,9142,97877,10079,0.08468264848642039,0.5243743821861505
8174,0.8639,1,0,1,596468,9142,97878,10078,0.08468264848642039,0.5243496357960458
8175,0.864,10,22,10,596490,9120,97888,10068,0.0844788617584942,0.5247029393370857
8176,0.8641,0,1,0,596491,9119,97888,10068,0.08446959872540664,0.5247302861312347
8177,0.8642,10,14,10,596505,9105,97898,10058,0.08433991626218089,0.5248656264676721
8178,0.8643,3,8,3,596513,9097,97901,10055,0.08426581199748046,0.5250104427736006
8179,0.8644,1,2,1,596515,9095,97902,10054,0.08424728593130534,0.5250404720873153
8180,0.8645,3,0,3,596515,9095,97905,10051,0.08424728593130534,0.5249660503499426
8181,0.8646,2,3,2,596518,9092,97907,10049,0.08421949683204269,0.5249986939031398
8182,0.8647,4,7,4,596525,9085,97911,10045,0.0841546556004298,0.5250914793518034
8183,0.8648,4,1,4,596526,9084,97915,10041,0.08414539256734226,0.5250196078431373
8184,0.8649,0,1,0,596527,9083,97915,10041,0.0841361295342547,0.5250470612842502
8185,0.865,122,151,122,596678,8932,98037,9919,0.08273741153803402,0.526178982547345
8186,0.8652,4,1,4,596679,8931,98041,9915,0.08272814850494646,0.526106335561923
8187,0.8653,1,3,1,596682,8928,98042,9914,0.0827003594056838,0.5261649506421824
8188,0.8654,1,3,1,596685,8925,98043,9913,0.08267257030642114,0.5262235906147149
8189,0.8655,4,13,4,596698,8912,98047,9909,0.08255215087628293,0.5264863716061846
8190,0.8656,0,7,0,596705,8905,98047,9909,0.08248730964467005,0.5266822578930583
8191,0.8657,2,9,2,596714,8896,98049,9907,0.08240394234688206,0.5268840078710844
8192,0.8658,11,17,11,596731,8879,98060,9896,0.08224647078439364,0.5270838881491345
8193,0.8659,2,1,2,596732,8878,98062,9894,0.0822372077513061,0.5270615810782016
8194,0.866,13,14,13,596746,8864,98075,9881,0.08210752528808032,0.5271272339290477
8195,0.8661,1,1,1,596747,8863,98076,9880,0.08209826225499277,0.527130128581337
8196,0.8662,1,5,1,596752,8858,98077,9879,0.082051947089555,0.5272455569194642
8197,0.8663,1,4,1,596756,8854,98078,9878,0.08201489495720479,0.5273329062566731
8198,0.8664,3,4,3,596760,8850,98081,9875,0.08197784282485457,0.527369826435247
8199,0.8665,1,5,1,596765,8845,98082,9874,0.0819315276594168,0.5274854425984294
8200,0.8666,1,2,1,596767,8843,98083,9873,0.08191300159324169,0.527516563368241
8201,0.8667,59,84,59,596851,8759,98142,9814,0.08113490681388714,0.5284014429548269
8202,0.8668,1,4,1,596855,8755,98143,9813,0.08109785468153692,0.5284898750538561
8203,0.8669,2,0,2,596855,8755,98145,9811,0.08109785468153692,0.5284390821932565
8204,0.867,0,2,0,596857,8753,98145,9811,0.08107932861536181,0.5284960137901314
8205,0.8671,1,0,1,596857,8753,98146,9810,0.08107932861536181,0.528470613586166
8206,0.8672,0,3,0,596860,8750,98146,9810,0.08105153951609916,0.5285560344827587
8207,0.8673,6,16,6,596876,8734,98152,9804,0.08090333098669829,0.5288596396590787
8208,0.8674,0,5,0,596881,8729,98152,9804,0.08085701582126051,0.5290023201856149
8209,0.8675,38,49,38,596930,8680,98190,9766,0.08040312719997036,0.5294372763742817
8210,0.8676,0,1,0,596931,8679,98190,9766,0.08039386416688281,0.5294659799403633
8211,0.8677,3,1,3,596932,8678,98193,9763,0.08038460113379525,0.5294181443522585
8212,0.8678,3,2,3,596934,8676,98196,9760,0.08036607506762014,0.5293990019527013
8213,0.8679,1,2,1,596936,8674,98197,9759,0.08034754900144503,0.5294309119513916
8214,0.868,9,15,9,596951,8659,98206,9750,0.08020860350513172,0.5296322450975066
8215,0.8681,0,3,0,596954,8656,98206,9750,0.08018081440586906,0.5297185700315115
8216,0.8682,3,0,3,596954,8656,98209,9747,0.08018081440586906,0.5296419062109439
8217,0.8683,19,41,19,596995,8615,98228,9728,0.07980103004927934,0.5303385487651965
8218,0.8685,2,9,2,597004,8606,98230,9726,0.07971766275149135,0.5305476761946324
8219,0.8686,1,3,1,597007,8603,98231,9725,0.07968987365222868,0.5306089044085552
8220,0.8687,5,4,5,597011,8599,98236,9720,0.07965282151987847,0.530596648288662
8221,0.8688,4,6,4,597017,8593,98240,9716,0.07959724332135315,0.5306679774974057
8222,0.8689,2,1,2,597018,8592,98242,9714,0.0795879802882656,0.5306456899377253
8223,0.869,6,9,6,597027,8583,98248,9708,0.0795046129904776,0.530752829260292
8224,0.8691,0,1,0,597028,8582,98248,9708,0.07949534995739005,0.530781848004374
8225,0.8692,17,16,17,597044,8566,98265,9691,0.07934714142798918,0.5308101002355261
8226,0.8693,2,5,2,597049,8561,98267,9689,0.07930082626255142,0.5309041095890411
8227,0.8694,0,7,0,597056,8554,98267,9689,0.07923598503093852,0.5311078221783698
8228,0.8695,1,5,1,597061,8549,98268,9688,0.07918966986550076,0.5312277238580907
8229,0.8696,1,1,1,597062,8548,98269,9687,0.0791804068324132,0.5312311488894982
8230,0.8697,1,3,1,597065,8545,98270,9686,0.07915261773315055,0.5312928528330865
8231,0.8698,2,2,2,597067,8543,98272,9684,0.07913409166697544,0.5312997201953147
8232,0.8699,3,1,3,597068,8542,98275,9681,0.07912482863388788,0.5312517148658289
8233,0.87,657,632,657,597700,7910,98932,9024,0.07327059172255364,0.5328924058107949
8234,0.8701,0,2,0,597702,7908,98932,9024,0.07325206565637853,0.5329553508150248
8235,0.8702,4,9,4,597711,7899,98936,9020,0.07316869835859054,0.533128435486731
8236,0.8703,2,3,2,597714,7896,98938,9018,0.07314090925932787,0.5331677899964526
8237,0.8704,0,1,0,597715,7895,98938,9018,0.07313164622624033,0.5331993141370543
8238,0.8705,0,1,0,597716,7894,98938,9018,0.07312238319315277,0.5332308420056765
8239,0.8706,0,2,0,597718,7892,98938,9018,0.07310385712697766,0.5332939089296275
8240,0.8707,0,12,0,597730,7880,98938,9018,0.072992700729927,0.5336726239791691
8241,0.8708,6,13,6,597743,7867,98944,9012,0.0728722812997888,0.5339178861306949
8242,0.8709,1,4,1,597747,7863,98945,9011,0.07283522916743859,0.5340168306270001
8243,0.871,2,8,2,597755,7855,98947,9009,0.07276112490273816,0.5342148956356736
8244,0.8711,2,3,2,597758,7852,98949,9007,0.07273333580347549,0.5342547007533068
8245,0.8712,2,3,2,597761,7849,98951,9005,0.07270554670421282,0.5342945294885487
8246,0.8713,1,5,1,597766,7844,98952,9004,0.07265923153877506,0.5344254510921178
8247,0.8714,3,2,3,597768,7842,98955,9001,0.07264070547259995,0.5344059846820638
8248,0.8715,0,3,0,597771,7839,98955,9001,0.07261291637333729,0.5345011876484561
8249,0.8716,1,0,1,597771,7839,98956,9000,0.07261291637333729,0.5344735435595938
8250,0.8717,22,26,22,597797,7813,98978,8978,0.07237207751306088,0.5346912036209874
8251,0.8718,3,5,3,597802,7808,98981,8975,0.07232576234762311,0.534767324077936
8252,0.8719,0,1,0,597803,7807,98981,8975,0.07231649931453556,0.5347991896079133
8253,0.872,9,9,9,597812,7798,98990,8966,0.07223313201674757,0.5348365545215938
8254,0.8721,0,3,0,597815,7795,98990,8966,0.0722053429174849,0.5349322832766541
8255,0.8722,2,8,2,597823,7787,98992,8964,0.07213123865278447,0.5351322309115873
8256,0.8723,2,3,2,597826,7784,98994,8962,0.07210344955352181,0.5351725785262152
8257,0.8725,23,40,23,597866,7744,99017,8939,0.07173292823001964,0.5358149013966313
8258,0.8726,0,2,0,597868,7742,99017,8939,0.07171440216384453,0.5358791439362148
8259,0.8727,3,8,3,597876,7734,99020,8936,0.0716402978991441,0.5360527894421115
8260,0.8728,0,4,0,597880,7730,99020,8936,0.07160324576679387,0.5361814472578903
8261,0.8729,2,5,2,597885,7725,99022,8934,0.07155693060135611,0.536286691878264
8262,0.873,6,4,6,597889,7721,99028,8928,0.07151987846900588,0.5362484233287285
8263,0.8732,3,0,3,597889,7721,99031,8925,0.07151987846900588,0.5361648444070648
8264,0.8733,64,63,64,597952,7658,99095,8861,0.07093630738448997,0.5364126157757734
8265,0.8734,0,5,0,597957,7653,99095,8861,0.0708899922190522,0.5365750272496064
8266,0.8735,5,4,5,597961,7649,99100,8856,0.070852940086702,0.5365646773704937
8267,0.8737,1,5,1,597966,7644,99101,8855,0.07080662492126422,0.5366991938905388
8268,0.8738,2,3,2,597969,7641,99103,8853,0.07077883582200156,0.5367406329574391
8269,0.8739,1,2,1,597971,7639,99104,8852,0.07076030975582645,0.5367776362864592
8270,0.874,10,18,10,597989,7621,99114,8842,0.07059357516025047,0.5370831561683775
8271,0.8741,0,2,0,597991,7619,99114,8842,0.07057504909407536,0.5371484113966345
8272,0.8742,7,15,7,598006,7604,99121,8835,0.07043610359776205,0.5374414502098668
8273,0.8743,2,8,2,598014,7596,99123,8833,0.07036199933306161,0.537646843995374
8274,0.8744,1,1,1,598015,7595,99124,8832,0.07035273629997406,0.5376514275278504
8275,0.8745,1,0,1,598015,7595,99125,8831,0.07035273629997406,0.5376232801655911
8276,0.8746,1,0,1,598015,7595,99126,8830,0.07035273629997406,0.5375951293759513
8277,0.8747,4,1,4,598016,7594,99130,8826,0.0703434732668865,0.5375152253349573
8278,0.8748,1,2,1,598018,7592,99131,8825,0.0703249472007114,0.5375525370043248
8279,0.8749,1,0,1,598018,7592,99132,8824,0.0703249472007114,0.5375243664717348
8280,0.875,129,128,129,598146,7464,99261,8695,0.06913927896550447,0.5380902283557151
8281,0.8751,1,2,1,598148,7462,99262,8694,0.06912075289932935,0.5381282495667244
8282,0.8752,0,4,0,598152,7458,99262,8694,0.06908370076697914,0.538261515601783
8283,0.8753,1,6,1,598158,7452,99263,8693,0.06902812256845381,0.5384329513781356
8284,0.8754,0,2,0,598160,7450,99263,8693,0.06900959650227871,0.5384996592950505
8285,0.8755,2,8,2,598168,7442,99265,8691,0.06893549223757828,0.5387094774685427
8286,0.8756,1,1,1,598169,7441,99266,8690,0.06892622920449072,0.5387142768582233
8287,0.8757,2,10,2,598179,7431,99268,8688,0.06883359887361518,0.5389912525590917
8288,0.8758,7,12,7,598191,7419,99275,8681,0.06872244247656453,0.539192546583851
8289,0.8759,0,1,0,598192,7418,99275,8681,0.06871317944347698,0.5392260388844028
8290,0.876,15,19,15,598211,7399,99290,8666,0.06853718181481344,0.5394335511982571
8291,0.8761,1,2,1,598213,7397,99291,8665,0.06851865574863833,0.539472045822438
8292,0.8762,3,4,3,598217,7393,99294,8662,0.06848160361628812,0.5395203986297104
8293,0.8763,4,2,4,598219,7391,99298,8658,0.06846307755011301,0.5394728643529192
8294,0.8765,2,5,2,598224,7386,99300,8656,0.06841676238467524,0.539583593068196
8295,0.8767,69,68,69,598292,7318,99369,8587,0.06778687613472155,0.5398931153725244
8296,0.8768,2,6,2,598298,7312,99371,8585,0.06773129793619623,0.5400390010693842
8297,0.877,3,4,3,598302,7308,99374,8582,0.06769424580384602,0.5400881057268723
8298,0.8771,1,1,1,598303,7307,99375,8581,0.06768498277075846,0.5400931520644512
8299,0.8772,2,4,2,598307,7303,99377,8579,0.06764793063840824,0.5401712630651051
8300,0.8773,4,4,4,598311,7299,99381,8575,0.06761087850605803,0.5401915081264962
8301,0.8774,1,2,1,598313,7297,99382,8574,0.06759235243988292,0.5402306092873795
8302,0.8775,38,51,38,598364,7246,99420,8536,0.06711993775241765,0.5408693448232164
8303,0.8776,0,1,0,598365,7245,99420,8536,0.06711067471933009,0.540903618275141
8304,0.8777,5,4,5,598369,7241,99425,8531,0.06707362258697988,0.5408952574182094
8305,0.8778,0,1,0,598370,7240,99425,8531,0.06706435955389232,0.5409295542451334
8306,0.8779,0,1,0,598371,7239,99425,8531,0.06705509652080477,0.5409638554216868
8307,0.878,11,12,11,598383,7227,99436,8520,0.06694394012375413,0.5410554391312631
8308,0.8782,1,5,1,598388,7222,99437,8519,0.06689762495831635,0.5411981449717299
8309,0.8783,20,30,20,598418,7192,99457,8499,0.06661973396568972,0.541648078516347
8310,0.8784,0,2,0,598420,7190,99457,8499,0.06660120789951461,0.5417171266492447
8311,0.8785,4,6,4,598426,7184,99461,8495,0.06654562970098929,0.5418075132342624
8312,0.8786,2,2,2,598428,7182,99463,8493,0.06652710363481418,0.5418181818181819
8313,0.8787,0,4,0,598432,7178,99463,8493,0.06649005150246397,0.5419564801225193
8314,0.8788,1,4,1,598436,7174,99464,8492,0.06645299937011374,0.5420656198136091
8315,0.8789,1,5,1,598441,7169,99465,8491,0.06640668420467598,0.5422094508301405
8316,0.879,2,3,2,598444,7166,99467,8489,0.06637889510541331,0.5422548706483552
8317,0.8791,1,0,1,598444,7166,99468,8488,0.06637889510541331,0.5422256292321451
8318,0.8792,10,10,10,598454,7156,99478,8478,0.06628626477453778,0.5422796469233722
8319,0.8793,4,9,4,598463,7147,99482,8474,0.06620289747674979,0.5424748735676334
8320,0.8794,1,1,1,598464,7146,99483,8473,0.06619363444366223,0.542480312439977
8321,0.8795,0,3,0,598467,7143,99483,8473,0.06616584534439957,0.5425845286885246
8322,0.8796,0,3,0,598470,7140,99483,8473,0.06613805624513691,0.5426887849868699
8323,0.8797,4,7,4,598477,7133,99487,8469,0.06607321501352403,0.5428150237149083
8324,0.8798,2,3,2,598480,7130,99489,8467,0.06604542591426137,0.5428608065653652
8325,0.8799,0,2,0,598482,7128,99489,8467,0.06602689984808625,0.5429304264187239
8326,0.88,679,561,679,599043,6567,100168,7788,0.06083033828596836,0.542528735632184
8327,0.8801,2,2,2,599045,6565,100170,7786,0.060811812219793246,0.5425405895059577
8328,0.8802,2,8,2,599053,6557,100172,7784,0.06073770795509281,0.5427794435534482
8329,0.8803,3,1,3,599054,6556,100175,7781,0.06072844492200526,0.5427216293506313
8330,0.8804,0,1,0,599055,6555,100175,7781,0.06071918188891771,0.5427594866071429
8331,0.8805,6,5,6,599060,6550,100181,7775,0.060672866723479935,0.5427574171029669
8332,0.8807,0,9,0,599069,6541,100181,7775,0.06058949942569195,0.5430986309024868
8333,0.8808,6,15,6,599084,6526,100187,7769,0.060450553929378634,0.5434767401189227
8334,0.8809,1,0,1,599084,6526,100188,7768,0.060450553929378634,0.5434448020148314
8335,0.881,4,6,4,599090,6520,100192,7764,0.06039497573085331,0.5435452254270512
8336,0.8811,1,1,1,599091,6519,100193,7763,0.060385712697765756,0.5435513233440694
8337,0.8812,0,4,0,599095,6515,100193,7763,0.06034866056541554,0.5437035999439698
8338,0.8813,6,7,6,599102,6508,100199,7757,0.06028381933380266,0.5437784787942517
8339,0.8814,0,2,0,599104,6506,100199,7757,0.06026529326762755,0.5438547290191404
8340,0.8815,3,3,3,599107,6503,100202,7754,0.06023750416836489,0.5438731851020552
8341,0.8816,1,0,1,599107,6503,100203,7753,0.06023750416836489,0.543841189674523
8342,0.8817,21,21,21,599128,6482,100224,7732,0.06004298047352625,0.5439707330800619
8343,0.8818,2,2,2,599130,6480,100226,7730,0.060024454407351144,0.5439831104855736
8344,0.8819,0,1,0,599131,6479,100226,7730,0.06001519137426359,0.5440213948905623
8345,0.882,5,6,5,599137,6473,100231,7725,0.059959613175738266,0.5440907170023948
8346,0.8821,1,3,1,599140,6470,100232,7724,0.0599318240764756,0.5441735944765393
8347,0.8822,1,3,1,599143,6467,100233,7723,0.05990403497721294,0.5442565186751234
8348,0.8823,1,5,1,599148,6462,100234,7722,0.059857719811775165,0.5444162436548223
8349,0.8825,30,28,30,599176,6434,100264,7692,0.05959835488532365,0.5445278210392185
8350,0.8826,0,1,0,599177,6433,100264,7692,0.0595890918522361,0.544566371681416
8351,0.8827,2,8,2,599185,6425,100266,7690,0.059514987587535664,0.544810485299327
8352,0.8828,1,0,1,599185,6425,100267,7689,0.059514987587535664,0.5447782343772141
8353,0.8829,2,1,2,599186,6424,100269,7687,0.05950572455444811,0.5447523208844164
8354,0.883,2,5,2,599191,6419,100271,7685,0.059459409389010336,0.5448808848553602
8355,0.8832,1,1,1,599192,6418,100272,7684,0.05945014635592279,0.544887250035456
8356,0.8833,47,60,47,599252,6358,100319,7637,0.058894364370669534,0.5456948910325116
8357,0.8834,1,3,1,599255,6355,100320,7636,0.05886657527140687,0.5457794296333357
8358,0.8835,4,8,4,599263,6347,100324,7632,0.05879247100670643,0.545961799842621
8359,0.8836,2,1,2,599264,6346,100326,7630,0.058783207973618884,0.5459358900973097
8360,0.8837,2,3,2,599267,6343,100328,7628,0.058755418874356216,0.545988118244936
8361,0.8838,1,3,1,599270,6340,100329,7627,0.058727629775093555,0.5460728860886375
8362,0.8839,2,1,2,599271,6339,100331,7625,0.058718366742006,0.5460469779432827
8363,0.884,9,11,9,599282,6328,100340,7616,0.058616473378042905,0.5461847389558233
8364,0.8842,5,6,5,599288,6322,100345,7611,0.05856089517951758,0.5462570874901314
8365,0.8843,2,9,2,599297,6313,100347,7609,0.058477527881729593,0.5465450366326677
8366,0.8844,3,1,3,599298,6312,100350,7606,0.05846826484864204,0.5464865641615174
8367,0.8845,2,1,2,599299,6311,100352,7604,0.05845900181555449,0.5464606539705354
8368,0.8846,1,1,1,599300,6310,100353,7603,0.05844973878246693,0.5464673327104147
8369,0.8847,4,4,4,599304,6306,100357,7599,0.058412686650116716,0.5464940668824164
8370,0.8848,1,5,1,599309,6301,100358,7598,0.05836637148467894,0.546658032952011
8371,0.8849,1,1,1,599310,6300,100359,7597,0.05835710845159139,0.5466647477872922
8372,0.885,132,124,132,599434,6176,100491,7465,0.05720849234873467,0.5472472692617844
8373,0.8851,0,1,0,599435,6175,100491,7465,0.05719922931564712,0.5472873900293255
8374,0.8852,1,1,1,599436,6174,100492,7464,0.05718996628255956,0.5472943246810382
8375,0.8853,2,3,2,599439,6171,100494,7462,0.0571621771832969,0.5473483459253282
8376,0.8854,1,2,1,599441,6169,100495,7461,0.05714365111712179,0.5473954512105649
8377,0.8855,2,4,2,599445,6165,100497,7459,0.05710659898477157,0.5474897240164416
8378,0.8856,0,4,0,599449,6161,100497,7459,0.057069546852421354,0.5476505139500735
8379,0.8857,3,4,3,599453,6157,100500,7456,0.05703249472007114,0.5477117461250276
8380,0.8858,3,11,3,599464,6146,100503,7453,0.05693060135610804,0.548055004044415
8381,0.8859,1,5,1,599469,6141,100504,7452,0.05688428619067027,0.5482233502538071
8382,0.886,13,7,13,599476,6134,100517,7439,0.05681944495905739,0.5480733809769395
8383,0.8861,0,2,0,599478,6132,100517,7439,0.05680091889288229,0.5481541522363864
8384,0.8862,1,2,1,599480,6130,100518,7438,0.056782392826707176,0.5482016509433962
8385,0.8863,2,4,2,599484,6126,100520,7436,0.05674534069435696,0.5482967113994986
8386,0.8864,0,2,0,599486,6124,100520,7436,0.056726814628181854,0.5483775811209439
8387,0.8865,2,5,2,599491,6119,100522,7434,0.05668049946274408,0.5485132443001549
8388,0.8866,1,1,1,599492,6118,100523,7433,0.056671236429656525,0.5485204043981994
8389,0.8867,61,67,61,599559,6051,100584,7372,0.056050613212790396,0.5492065857110929
8390,0.8868,0,1,0,599560,6050,100584,7372,0.05604135017970284,0.5492475040977499
8391,0.8869,1,1,1,599561,6049,100585,7371,0.05603208714661529,0.5492548435171386
8392,0.887,2,5,2,599566,6044,100587,7369,0.05598577198117752,0.5493923805263551
8393,0.8871,1,5,1,599571,6039,100588,7368,0.055939456815739745,0.5495636607742225
8394,0.8872,2,2,2,599573,6037,100590,7366,0.05592093074956464,0.5495784525852421
8395,0.8873,3,5,3,599578,6032,100593,7363,0.05587461558412687,0.5496827174318776
8396,0.8874,1,0,1,599578,6032,100594,7362,0.05587461558412687,0.5496490966104226
8397,0.8875,29,39,29,599617,5993,100623,7333,0.055513357293712255,0.55027765270899
8398,0.8876,3,0,3,599617,5993,100626,7330,0.055513357293712255,0.5501763866996923
8399,0.8877,0,2,0,599619,5991,100626,7330,0.05549483122753714,0.5502589895653479
8400,0.8878,0,5,0,599624,5986,100626,7330,0.05544851606209937,0.5504656052868729
8401,0.8879,1,4,1,599628,5982,100627,7329,0.055411463929749154,0.5505972503944107
8402,0.888,12,7,12,599635,5975,100639,7317,0.055346622698136276,0.5504814926271442
8403,0.8881,1,1,1,599636,5974,100640,7316,0.05533735966504872,0.5504890895410083
8404,0.8882,4,3,4,599639,5971,100644,7312,0.05530957056578606,0.5504780546563276
8405,0.8883,15,24,15,599663,5947,100659,7297,0.05508725777168476,0.55096647538508
8406,0.8884,0,2,0,599665,5945,100659,7297,0.05506873170550965,0.5510496903790968
8407,0.8885,2,4,2,599669,5941,100661,7295,0.05503167957315944,0.5511483831973406
8408,0.8886,0,3,0,599672,5938,100661,7295,0.055003890473896776,0.5512733318219603
8409,0.8887,1,5,1,599677,5933,100662,7294,0.054957575308459,0.5514477961744916
8410,0.8888,1,1,1,599678,5932,100663,7293,0.05494831227537145,0.5514555765595464
8411,0.889,9,4,9,599682,5928,100672,7284,0.05491126014302123,0.5513169845594914
8412,0.8891,0,2,0,599684,5926,100672,7284,0.054892734076846125,0.5514004542013626
8413,0.8892,5,8,5,599692,5918,100677,7279,0.05481862981214569,0.5515647495642949
8414,0.8893,5,3,5,599695,5915,100682,7274,0.054790840712883024,0.5515202062324664
8415,0.8894,0,1,0,599696,5914,100682,7274,0.054781577679795475,0.551562026084319
8416,0.8895,2,5,2,599701,5909,100684,7272,0.0547352625143577,0.5517032091647067
8417,0.8896,1,1,1,599702,5908,100685,7271,0.054725999481270146,0.5517110554670309
8418,0.8897,0,1,0,599703,5907,100685,7271,0.05471673644818259,0.5517529215358932
8419,0.8898,0,4,0,599707,5903,100685,7271,0.05467968431583237,0.5519204493699712
8420,0.8899,0,1,0,599708,5902,100685,7271,0.054670421282744824,0.5519623472253853
8421,0.89,611,546,611,600254,5356,101296,6660,0.04961280521694023,0.5542609853528628
8422,0.8902,1,7,1,600261,5349,101297,6659,0.049547963985327355,0.5545469686875416
8423,0.8903,3,4,3,600265,5345,101300,6656,0.04951091185297714,0.5546204482959753
8424,0.8904,0,2,0,600267,5343,101300,6656,0.04949238578680203,0.5547128927410617
8425,0.8905,3,8,3,600275,5335,101303,6653,0.0494182815221016,0.5549716383049716
8426,0.8907,4,2,4,600277,5333,101307,6649,0.04939975545592649,0.5549157068936739
8427,0.8908,6,11,6,600288,5322,101313,6643,0.04929786209196339,0.555202674467196
8428,0.8909,0,4,0,600292,5318,101313,6643,0.049260809959613176,0.5553883454560655
8429,0.891,5,9,5,600301,5309,101318,6638,0.04917744266182519,0.5556206579057504
8430,0.8911,2,1,2,600302,5308,101320,6636,0.04916817962873763,0.5555927662424648
8431,0.8912,1,0,1,600302,5308,101321,6635,0.04916817962873763,0.5555555555555556
8432,0.8913,1,3,1,600305,5305,101322,6634,0.04914039052947497,0.5556579277996482
8433,0.8914,0,2,0,600307,5303,101322,6634,0.049121864463299865,0.5557510262209936
8434,0.8915,1,6,1,600313,5297,101323,6633,0.049066286264774536,0.5559932942162615
8435,0.8916,1,0,1,600313,5297,101324,6632,0.049066286264774536,0.5559560734344874
8436,0.8917,18,28,18,600341,5269,101342,6614,0.04880692133832302,0.5565934528317765
8437,0.8918,3,2,3,600343,5267,101345,6611,0.048788395272147914,0.5565751810069035
8438,0.8919,0,1,0,600344,5266,101345,6611,0.04877913223906036,0.556622042603351
8439,0.892,11,10,11,600354,5256,101356,6600,0.04868650190818482,0.5566801619433198
8440,0.8921,2,1,2,600355,5255,101358,6598,0.04867723887509726,0.5566523243060828
8441,0.8922,2,4,2,600359,5251,101360,6596,0.048640186742747046,0.5567654258462058
8442,0.8923,1,4,1,600363,5247,101361,6595,0.04860313461039683,0.5569160614761021
8443,0.8924,3,0,3,600363,5247,101364,6592,0.04860313461039683,0.5568037841033872
8444,0.8925,29,20,29,600383,5227,101393,6563,0.048417873948645745,0.5566581849024597
8445,0.8926,0,1,0,600384,5226,101393,6563,0.04840861091555819,0.5567054033420986
8446,0.8927,2,6,2,600390,5220,101395,6561,0.04835303271703287,0.5569136745607334
8447,0.8928,2,1,2,600391,5219,101397,6559,0.04834376968394531,0.5568857191373747
8448,0.8929,1,0,1,600391,5219,101398,6558,0.04834376968394531,0.5568480937420396
8449,0.893,4,3,4,600394,5216,101402,6554,0.04831598058468265,0.556839422259983
8450,0.8931,0,1,0,600395,5215,101402,6554,0.048306717551595095,0.5568867363412354
8451,0.8932,1,4,1,600399,5211,101403,6553,0.04826966541924488,0.5570384223053383
8452,0.8933,50,46,50,600445,5165,101453,6503,0.04784356589721739,0.5573363044223517
8453,0.8934,1,2,1,600447,5163,101454,6502,0.047825039831042276,0.5573939134162024
8454,0.8935,1,6,1,600453,5157,101455,6501,0.047769461632516955,0.5576428203808543
8455,0.8936,1,3,1,600456,5154,101456,6500,0.04774167253325429,0.5577484125622104
8456,0.8937,3,4,3,600460,5150,101459,6497,0.04770462040090407,0.5578260496265133
8457,0.8938,3,3,3,600463,5147,101462,6494,0.04767683130164141,0.5578558543080492
8458,0.894,11,10,11,600473,5137,101473,6483,0.04758420097076587,0.5579173838209983
8459,0.8941,1,0,1,600473,5137,101474,6482,0.04758420097076587,0.5578793355710474
8460,0.8942,7,11,7,600484,5126,101481,6475,0.04748230760680277,0.5581415395224549
8461,0.8943,4,2,4,600486,5124,101485,6471,0.047463781540627664,0.558085381630013
8462,0.8944,0,1,0,600487,5123,101485,6471,0.04745451850754011,0.5581335173365534
8463,0.8945,2,2,2,600489,5121,101487,6469,0.047435992441365,0.5581535806729939
8464,0.8946,0,1,0,600490,5120,101487,6469,0.04742672940827745,0.5582017430321857
8465,0.8947,0,5,0,600495,5115,101487,6469,0.047380414242839675,0.5584426795580111
8466,0.8948,1,4,1,600499,5111,101488,6468,0.04734336211048946,0.5585974609206322
8467,0.895,97,113,97,600612,4998,101585,6371,0.04629663937159584,0.5603834989884774
8468,0.8951,0,2,0,600614,4996,101585,6371,0.046278113305420726,0.5604820972991994
8469,0.8952,3,5,3,600619,4991,101588,6368,0.04623179813998295,0.5606127299938375
8470,0.8953,2,4,2,600623,4987,101590,6366,0.046194746007632737,0.5607328459438033
8471,0.8954,0,1,0,600624,4986,101590,6366,0.04618548297454519,0.5607822410147991
8472,0.8955,2,8,2,600632,4978,101592,6364,0.046111378709844754,0.5611003350379122
8473,0.8957,1,8,1,600640,4970,101593,6363,0.04603727444514432,0.5614576899320568
8474,0.8958,5,12,5,600652,4958,101598,6358,0.04592611804809367,0.5618593142453163
8475,0.896,11,8,11,600660,4950,101609,6347,0.045852013783393236,0.5618305744888024
8476,0.8962,2,3,2,600663,4947,101611,6345,0.04582422468413057,0.5619022316684378
8477,0.8963,2,4,2,600667,4943,101613,6343,0.04578717255178035,0.5620237462342725
8478,0.8964,1,0,1,600667,4943,101614,6342,0.04578717255178035,0.5619849357554275
8479,0.8965,2,3,2,600670,4940,101616,6340,0.04575938345251769,0.5620567375886525
8480,0.8966,1,0,1,600670,4940,101617,6339,0.04575938345251769,0.5620179093891302
8481,0.8967,57,62,57,600732,4878,101674,6282,0.045185075401089334,0.5629032258064516
8482,0.8968,2,3,2,600735,4875,101676,6280,0.04515728630182667,0.5629762438368444
8483,0.8969,1,0,1,600735,4875,101677,6279,0.04515728630182667,0.5629370629370629
8484,0.897,4,7,4,600742,4868,101681,6275,0.04509244507021379,0.5631338059768465
8485,0.8971,2,0,2,600742,4868,101683,6273,0.04509244507021379,0.5630553810250426
8486,0.8972,2,1,2,600743,4867,101685,6271,0.04508318203712624,0.5630274735140959
8487,0.8973,6,4,6,600747,4863,101691,6265,0.04504612990477602,0.5629942487419123
8488,0.8974,2,1,2,600748,4862,101693,6263,0.045036866871688466,0.5629662921348315
8489,0.8975,23,35,23,600783,4827,101716,6240,0.04471266071362407,0.5638384386012469
8490,0.8977,4,3,4,600786,4824,101720,6236,0.0446848716143614,0.5638336347197107
8491,0.8978,2,1,2,600787,4823,101722,6234,0.044675608581273854,0.563805733924211
8492,0.898,9,17,9,600804,4806,101731,6225,0.04451813701878543,0.5643187381017134
8493,0.8982,1,1,1,600805,4805,101732,6224,0.044508873985697875,0.5643304016683289
8494,0.8983,18,25,18,600830,4780,101750,6206,0.044277298158509025,0.5649007828144912
8495,0.8984,0,2,0,600832,4778,101750,6206,0.04425877209233391,0.5650036416605972
8496,0.8985,4,3,4,600835,4775,101754,6202,0.04423098299307125,0.5649995445021408
8497,0.8986,2,8,2,600843,4767,101756,6200,0.04415687872837082,0.5653323607185192
8498,0.8987,1,2,1,600845,4765,101757,6199,0.04413835266219571,0.5653958409339657
8499,0.8988,1,1,1,600846,4764,101758,6198,0.04412908962910816,0.565407772304324
8500,0.8989,0,1,0,600847,4763,101758,6198,0.0441198265960206,0.5654593558981845
8501,0.899,4,9,4,600856,4754,101762,6194,0.04403645929823261,0.5657654366094264
8502,0.8991,0,1,0,600857,4753,101762,6194,0.044027196265145056,0.5658171188453458
8503,0.8992,2,9,2,600866,4744,101764,6192,0.043943828967357074,0.5662033650329188
8504,0.8993,1,2,1,600868,4742,101765,6191,0.04392530290118196,0.5662672642458612
8505,0.8994,0,1,0,600869,4741,101765,6191,0.043916039868094406,0.5663190633004025
8506,0.8995,4,2,4,600871,4739,101769,6187,0.0438975138019193,0.5662639575324913
8507,0.8996,1,1,1,600872,4738,101770,6186,0.043888250768831745,0.5662760893445624
8508,0.8997,1,3,1,600875,4735,101771,6185,0.043860461669569084,0.5663919413919414
8509,0.8998,2,3,2,600878,4732,101773,6183,0.04383267257030642,0.5664681630783326
8510,0.8999,2,2,2,600880,4730,101775,6181,0.04381414650413131,0.5664925304738337
8511,0.9,600,473,600,601353,4257,102375,5581,0.03943273185371818,0.5672900996137427
8512,0.9001,0,1,0,601354,4256,102375,5581,0.03942346882063063,0.567347768628647
8513,0.9002,1,4,1,601358,4252,102376,5580,0.03938641668828041,0.5675345809601302
8514,0.9003,1,1,1,601359,4251,102377,5579,0.039377153655192856,0.5675483214649033
8515,0.9005,1,4,1,601363,4247,102378,5578,0.03934010152284264,0.567735368956743
8516,0.9006,0,1,0,601364,4246,102378,5578,0.039330838489755084,0.5677931596091205
8517,0.9007,6,5,6,601369,4241,102384,5572,0.03928452332431732,0.5678182003464791
8518,0.9008,5,2,5,601371,4239,102389,5567,0.039265997258142206,0.567713644707322
8519,0.901,2,6,2,601377,4233,102391,5565,0.039210419059616884,0.5679730557256583
8520,0.9011,1,3,1,601380,4230,102392,5564,0.039182629960354216,0.568102920155197
8521,0.9012,1,1,1,601381,4229,102393,5563,0.03917336692726667,0.5681168300653595
8522,0.9013,2,0,2,601381,4229,102395,5561,0.03917336692726667,0.5680286006128703
8523,0.9014,1,0,1,601381,4229,102396,5560,0.03917336692726667,0.5679844723669425
8524,0.9015,1,2,1,601383,4227,102397,5559,0.039154840861091555,0.5680564071122011
8525,0.9017,10,18,10,601401,4209,102407,5549,0.03898810626551558,0.5686616109858578
8526,0.9018,2,1,2,601402,4208,102409,5547,0.03897884323242803,0.568631471040492
8527,0.9019,1,3,1,601405,4205,102410,5546,0.038951054133165366,0.5687621782381295
8528,0.902,8,2,8,601407,4203,102418,5538,0.038932528066990255,0.5685247921157992
8529,0.9021,4,4,4,601411,4199,102422,5534,0.03889547593464004,0.5685811157916367
8530,0.9022,3,2,3,601413,4197,102425,5531,0.03887694986846493,0.5685649671052632
8531,0.9023,5,2,5,601415,4195,102430,5526,0.03885842380228982,0.5684600349758255
8532,0.9024,1,2,1,601417,4193,102431,5525,0.038839897736114716,0.5685326198806339
8533,0.9025,22,22,22,601439,4171,102453,5503,0.03863611100818852,0.5688443249948315
8534,0.9026,1,0,1,601439,4171,102454,5502,0.03863611100818852,0.568799751886695
8535,0.9027,1,1,1,601440,4170,102455,5501,0.038626847975100964,0.5688139799400269
8536,0.9028,2,1,2,601441,4169,102457,5499,0.038617584942013415,0.5687836160529582
8537,0.9029,0,1,0,601442,4168,102457,5499,0.03860832190892586,0.5688424537084928
8538,0.903,4,6,4,601448,4162,102461,5495,0.03855274371040053,0.5690172931552242
8539,0.9031,1,4,1,601452,4158,102462,5494,0.038515691578050314,0.5692084542063821
8540,0.9032,1,3,1,601455,4155,102463,5493,0.03848790247878765,0.5693407960199005
8541,0.9033,45,44,45,601499,4111,102508,5448,0.03808032902293527,0.5699340935244273
8542,0.9035,3,4,3,601503,4107,102511,5445,0.03804327689058505,0.570037688442211
8543,0.9036,1,0,1,601503,4107,102512,5444,0.03804327689058505,0.5699926709245106
8544,0.9037,0,1,0,601504,4106,102512,5444,0.0380340138574975,0.5700523560209424
8545,0.9038,4,0,4,601504,4106,102516,5440,0.0380340138574975,0.5698721977791745
8546,0.904,5,9,5,601513,4097,102521,5435,0.03795064655970951,0.5701846412085606
8547,0.9042,6,3,6,601516,4094,102527,5429,0.03792285746044685,0.5700934579439252
8548,0.9043,1,13,1,601529,4081,102528,5428,0.037802438030308645,0.5708276369754969
8549,0.9044,0,1,0,601530,4080,102528,5428,0.03779317499722109,0.5708876735380732
8550,0.9045,0,3,0,601533,4077,102528,5428,0.03776538589795843,0.5710678590215676
8551,0.9046,1,0,1,601533,4077,102529,5427,0.03776538589795843,0.5710227272727273
8552,0.9047,2,1,2,601534,4076,102531,5425,0.03775612286487087,0.5709925271024102
8553,0.9048,2,2,2,601536,4074,102533,5423,0.03773759679869577,0.5710224281352005
8554,0.9049,0,1,0,601537,4073,102533,5423,0.03772833376560821,0.5710825610783488
8555,0.905,95,87,95,601624,3986,102628,5328,0.036922449886991,0.5720420871805884
8556,0.9051,0,1,0,601625,3985,102628,5328,0.03691318685390344,0.572103511220874
8557,0.9052,1,2,1,601627,3983,102629,5327,0.03689466078772834,0.5721804511278196
8558,0.9053,0,4,0,601631,3979,102629,5327,0.03685760865537812,0.5724263915753277
8559,0.9055,3,4,3,601635,3975,102632,5324,0.0368205565230279,0.5725346811485106
8560,0.9056,2,2,2,601637,3973,102634,5322,0.03680203045685279,0.5725658956428187
8561,0.9057,3,3,3,601640,3970,102637,5319,0.03677424135759013,0.5726127677898589
8562,0.9058,1,7,1,601647,3963,102638,5318,0.03670940012597725,0.5729985992888698
8563,0.9059,0,1,0,601648,3962,102638,5318,0.0367001370928897,0.5730603448275862
8564,0.906,6,12,6,601660,3950,102644,5312,0.036588980695839046,0.5735262362340747
8565,0.9062,0,6,0,601666,3944,102644,5312,0.03653340249731372,0.5738980121002593
8566,0.9063,2,3,2,601669,3941,102646,5310,0.03650561339805106,0.5739920008647714
8567,0.9064,0,1,0,601670,3940,102646,5310,0.0364963503649635,0.5740540540540541
8568,0.9065,1,3,1,601673,3937,102647,5309,0.03646856126570084,0.5741942461605019
8569,0.9066,2,1,2,601674,3936,102649,5307,0.036459298232613284,0.5741642323920805
8570,0.9067,47,43,47,601717,3893,102696,5260,0.036060987809848455,0.574674969955206
8571,0.9068,1,7,1,601724,3886,102697,5259,0.03599614657823558,0.5750683433570257
8572,0.907,1,1,1,601725,3885,102698,5258,0.03598688354514802,0.5750847643005578
8573,0.9071,3,5,3,601730,3880,102701,5255,0.035940568379710255,0.5752599890530925
8574,0.9072,1,5,1,601735,3875,102702,5254,0.03589425321427248,0.5755285354365209
8575,0.9073,5,5,5,601740,3870,102707,5249,0.03584793804883471,0.575611360894835
8576,0.9074,2,0,2,601740,3870,102709,5247,0.03584793804883471,0.5755182625863771
8577,0.9075,29,17,29,601757,3853,102738,5218,0.03569046648634629,0.5752397751074854
8578,0.9076,1,1,1,601758,3852,102739,5217,0.03568120345325874,0.5752563678465101
8579,0.9077,1,2,1,601760,3850,102740,5216,0.035662677387083626,0.5753364217957203
8580,0.9078,0,2,0,601762,3848,102740,5216,0.03564415132090852,0.5754633715798765
8581,0.9079,3,6,3,601768,3842,102743,5213,0.03558857312238319,0.5757040309221425
8582,0.908,10,9,10,601777,3833,102753,5203,0.0355052058245952,0.5758078795927402
8583,0.9081,1,4,1,601781,3829,102754,5202,0.035468153692244986,0.5760159450780644
8584,0.9082,0,1,0,601782,3828,102754,5202,0.03545889065915744,0.5760797342192691
8585,0.9083,19,13,19,601795,3815,102773,5183,0.03533847122901923,0.5760168926428095
8586,0.9084,0,1,0,601796,3814,102773,5183,0.035329208195931674,0.5760809158608425
8587,0.9085,2,3,2,601799,3811,102775,5181,0.035301419096669014,0.5761788256227758
8588,0.9086,1,5,1,601804,3806,102776,5180,0.03525510393123124,0.5764522590696639
8589,0.9087,0,1,0,601805,3805,102776,5180,0.035245840898143685,0.5765164162493044
8590,0.9088,2,2,2,601807,3803,102778,5178,0.03522731483196858,0.5765504954904799
8591,0.9089,1,1,1,601808,3802,102779,5177,0.035218051798881024,0.5765675464973827
8592,0.909,2,5,2,601813,3797,102781,5175,0.03517173663344325,0.5767944716897013
8593,0.9091,0,3,0,601816,3794,102781,5175,0.03514394753418059,0.5769874010480545
8594,0.9092,5,8,5,601824,3786,102786,5170,0.03506984326948016,0.5772666368914694
8595,0.9093,5,6,5,601830,3780,102791,5165,0.035014265070954835,0.5774175517048631
8596,0.9095,3,3,3,601833,3777,102794,5162,0.034986475971692174,0.5774695156057724
8597,0.9096,1,3,1,601836,3774,102795,5161,0.034958686872429506,0.5776161163961947
8598,0.9097,1,1,1,601837,3773,102796,5160,0.03494942383934196,0.5776334937870816
8599,0.9098,2,2,2,601839,3771,102798,5158,0.034930897773166845,0.5776682719229477
8600,0.9099,0,1,0,601840,3770,102798,5158,0.03492163474007929,0.5777329749103942
8601,0.91,586,412,586,602252,3358,103384,4572,0.031105265108006964,0.5765447667087011
8602,0.9101,0,1,0,602253,3357,103384,4572,0.031096002074919412,0.5766174801362088
8603,0.9102,1,2,1,602255,3355,103385,4571,0.031077476008744304,0.5767095634620237
8604,0.9103,1,1,1,602256,3354,103386,4570,0.031068212975656748,0.5767289247854619
8605,0.9104,2,2,2,602258,3352,103388,4568,0.03104968690948164,0.5767676767676768
8606,0.9105,0,1,0,602259,3351,103388,4568,0.031040423876394087,0.5768405101654249
8607,0.9106,0,2,0,602261,3349,103388,4568,0.03102189781021898,0.576986232158646
8608,0.9107,2,4,2,602265,3345,103390,4566,0.03098484567786876,0.5771710276829731
8609,0.9108,1,3,1,602268,3342,103391,4565,0.030957056578606097,0.5773365372454787
8610,0.911,3,2,3,602270,3340,103394,4562,0.03093853051243099,0.5773221969121741
8611,0.9112,3,3,3,602273,3337,103397,4559,0.030910741413168328,0.5773809523809523
8612,0.9113,3,3,3,602276,3334,103400,4556,0.030882952313905664,0.5774397972116603
8613,0.9114,2,3,2,602279,3331,103402,4554,0.030855163214643003,0.5775523145212429
8614,0.9115,2,2,2,602281,3329,103404,4552,0.030836637148467894,0.5775916761832255
8615,0.9116,0,2,0,602283,3327,103404,4552,0.030818111082292786,0.5777382916613784
8616,0.9117,11,21,11,602304,3306,103415,4541,0.03062358738745415,0.5786924939467313
8617,0.9118,0,2,0,602306,3304,103415,4541,0.03060506132127904,0.5788400254939452
8618,0.9119,0,1,0,602307,3303,103415,4541,0.030595798288191485,0.5789138194798572
8619,0.912,2,4,2,602311,3299,103417,4539,0.030558746155841268,0.5791018116866548
8620,0.9122,0,3,0,602314,3296,103417,4539,0.030530957056578607,0.579323548181238
8621,0.9123,1,2,1,602316,3294,103418,4538,0.0305124309904035,0.5794177732379979
8622,0.9124,2,1,2,602317,3293,103420,4536,0.030503167957315943,0.5793843402733427
8623,0.9125,20,7,20,602324,3286,103440,4516,0.030438326725703065,0.5788259420661369
8624,0.9126,1,0,1,602324,3286,103441,4515,0.030438326725703065,0.578771952313806
8625,0.9127,1,4,1,602328,3282,103442,4514,0.03040127459335285,0.5790148794253464
8626,0.9128,0,2,0,602330,3280,103442,4514,0.03038274852717774,0.5791634590710804
8627,0.9129,0,1,0,602331,3279,103442,4514,0.030373485494090184,0.5792377774926216
8628,0.913,3,2,3,602333,3277,103445,4511,0.030354959427915076,0.5792244478685157
8629,0.9131,1,2,1,602335,3275,103446,4510,0.030336433361739967,0.5793192035966602
8630,0.9132,2,2,2,602337,3273,103448,4508,0.03031790729556486,0.5793599794370904
8631,0.9133,30,29,30,602366,3244,103478,4478,0.03004927933602579,0.5799015799015799
8632,0.9134,0,4,0,602370,3240,103478,4478,0.030012227203675572,0.5802021249028245
8633,0.9135,0,1,0,602371,3239,103478,4478,0.030002964170588016,0.5802773098354282
8634,0.9136,3,2,3,602373,3237,103481,4475,0.029984438104412908,0.5802645228215768
8635,0.9137,4,3,4,602376,3234,103485,4471,0.029956649005150247,0.5802725502920182
8636,0.9138,0,5,0,602381,3229,103485,4471,0.029910333839712474,0.5806493506493506
8637,0.914,11,9,11,602390,3220,103496,4460,0.029826966541924488,0.5807291666666666
8638,0.9142,7,3,7,602393,3217,103503,4453,0.029799177442661823,0.5805736636245111
8639,0.9143,0,5,0,602398,3212,103503,4453,0.029752862277224054,0.580952380952381
8640,0.9145,1,6,1,602404,3206,103504,4452,0.02969728407869873,0.5813528336380256
8641,0.9147,1,5,1,602409,3201,103505,4451,0.02965096891326096,0.5816779926816519
8642,0.9148,1,2,1,602411,3199,103506,4450,0.02963244284708585,0.5817753954765329
8643,0.9149,1,0,1,602411,3199,103507,4449,0.02963244284708585,0.5817207112970711
8644,0.915,70,78,70,602489,3121,103577,4379,0.028909926266256623,0.5838666666666666
8645,0.9151,0,1,0,602490,3120,103577,4379,0.028900663233169067,0.5839445259367916
8646,0.9152,3,2,3,602492,3118,103580,4376,0.02888213716699396,0.5839338137176407
8647,0.9153,0,3,0,602495,3115,103580,4376,0.028854348067731298,0.5841676678681084
8648,0.9154,2,0,2,602495,3115,103582,4374,0.028854348067731298,0.584056616370677
8649,0.9155,2,5,2,602500,3110,103584,4372,0.028808032902293525,0.5843357391071906
8650,0.9156,0,1,0,602501,3109,103584,4372,0.028798769869205973,0.5844138484159872
8651,0.9157,1,1,1,602502,3108,103585,4371,0.028789506836118417,0.5844364219815483
8652,0.9158,10,7,10,602509,3101,103595,4361,0.02872466560450554,0.5844277673545967
8653,0.9159,0,3,0,602512,3098,103595,4361,0.02869687650524288,0.5846628234347768
8654,0.916,7,8,7,602520,3090,103602,4354,0.028622772240542445,0.5849005910800645
8655,0.9161,0,2,0,602522,3088,103602,4354,0.028604246174367336,0.5850577801666219
8656,0.9162,0,7,0,602529,3081,103602,4354,0.028539404942754455,0.5856086079354405
8657,0.9163,2,3,2,602532,3078,103604,4352,0.028511615843491794,0.5857335127860027
8658,0.9164,0,2,0,602534,3076,103604,4352,0.028493089777316686,0.5858912224017232
8659,0.9165,1,2,1,602536,3074,103605,4351,0.028474563711141578,0.585993265993266
8660,0.9166,1,3,1,602539,3071,103606,4350,0.028446774611878913,0.5861743700309932
8661,0.9167,25,35,25,602574,3036,103631,4325,0.028122568453814518,0.5875560385817145
8662,0.9168,1,0,1,602574,3036,103632,4324,0.028122568453814518,0.5875
8663,0.9169,0,4,0,602578,3032,103632,4324,0.0280855163214643,0.5878194671016856
8664,0.917,3,5,3,602583,3027,103635,4321,0.028039201156026528,0.5880511703864997
8665,0.9171,2,1,2,602584,3026,103637,4319,0.028029938122938976,0.5880190605854323
8666,0.9172,1,2,1,602586,3024,103638,4318,0.028011412056763867,0.5881231272132934
8667,0.9173,4,3,4,602589,3021,103642,4314,0.027983622957501203,0.5881390593047034
8668,0.9175,18,13,18,602602,3008,103660,4296,0.027863203527363,0.588170865279299
8669,0.9176,1,1,1,602603,3007,103661,4295,0.027853940494275444,0.5881950150643659
8670,0.9177,3,6,3,602609,3001,103664,4292,0.02779836229575012,0.5885095296860002
8671,0.9178,1,2,1,602611,2999,103665,4291,0.02777983622957501,0.5886145404663923
8672,0.9179,0,3,0,602614,2996,103665,4291,0.02775204713031235,0.5888568683957733
8673,0.918,8,3,8,602617,2993,103673,4283,0.027724258031049685,0.5886476085761407
8674,0.9181,2,0,2,602617,2993,103675,4281,0.027724258031049685,0.5885345064613693
8675,0.9183,9,13,9,602630,2980,103684,4272,0.027603838600911482,0.5890788747931605
8676,0.9184,5,4,5,602634,2976,103689,4267,0.027566786468561266,0.5891205301670579
8677,0.9185,1,2,1,602636,2974,103690,4266,0.027548260402386157,0.5892265193370165
8678,0.9186,3,1,3,602637,2973,103693,4263,0.027538997369298605,0.5891376451077943
8679,0.9187,1,0,1,602637,2973,103694,4262,0.027538997369298605,0.5890808569454042
8680,0.9188,3,0,3,602637,2973,103697,4259,0.027538997369298605,0.5889103982300885
8681,0.919,0,4,0,602641,2969,103697,4259,0.027501945236948388,0.5892363032650803
8682,0.9192,7,9,7,602650,2960,103704,4252,0.0274185779391604,0.5895729339988908
8683,0.9193,2,6,2,602656,2954,103706,4250,0.027362999740635073,0.5899500277623543
8684,0.9194,1,1,1,602657,2953,103707,4249,0.02735373670754752,0.5899750069425159
8685,0.9195,1,5,1,602662,2948,103708,4248,0.027307421542109748,0.5903279599777654
8686,0.9196,1,1,1,602663,2947,103709,4247,0.027298158509022195,0.5903530720044482
8687,0.9197,1,2,1,602665,2945,103710,4246,0.027279632442847087,0.590460297594215
8688,0.9198,1,4,1,602669,2941,103711,4245,0.02724258031049687,0.5907319788477595
8689,0.9199,2,4,2,602673,2937,103713,4243,0.027205528178146653,0.5909470752089137
8690,0.92,495,340,495,603013,2597,104208,3748,0.024056096928378227,0.5907013396375098
8691,0.9201,1,0,1,603013,2597,104209,3747,0.024056096928378227,0.5906368221941992
8692,0.9202,1,4,1,603017,2593,104210,3746,0.02401904479602801,0.590944943997476
8693,0.9203,2,5,2,603022,2588,104212,3744,0.02397272963059024,0.591282375236892
8694,0.9204,1,2,1,603024,2586,104213,3743,0.023954203564415133,0.5914046452836151
8695,0.9205,1,2,1,603026,2584,104214,3742,0.023935677498240025,0.5915270312993993
8696,0.9206,1,1,1,603027,2583,104215,3741,0.02392641446515247,0.5915559772296015
8697,0.9207,0,1,0,603028,2582,104215,3741,0.023917151432064916,0.591649533449312
8698,0.9208,5,5,5,603033,2577,104220,3736,0.023870836266627143,0.591794709329954
8699,0.921,1,8,1,603041,2569,104221,3735,0.02379673200192671,0.592480964467005
8700,0.9211,2,0,2,603041,2569,104223,3733,0.02379673200192671,0.5923516344017772
8701,0.9213,2,6,2,603047,2563,104225,3731,0.023741153803401385,0.5927867810613282
8702,0.9215,2,3,2,603050,2560,104227,3729,0.023713364704138724,0.592940054062649
8703,0.9217,13,14,13,603064,2546,104240,3716,0.023583682240912965,0.5934206323858192
8704,0.9218,0,4,0,603068,2542,104240,3716,0.023546630108562748,0.5937999360818152
8705,0.922,6,6,6,603074,2536,104246,3710,0.023491051910037423,0.5939801472942683
8706,0.9221,0,1,0,603075,2535,104246,3710,0.023481788876949867,0.5940752602081665
8707,0.9222,0,1,0,603076,2534,104246,3710,0.023472525843862314,0.594170403587444
8708,0.9223,1,1,1,603077,2533,104247,3709,0.02346326281077476,0.5942005767382249
8709,0.9224,0,1,0,603078,2532,104247,3709,0.023453999777687206,0.5942957859317417
8710,0.9225,12,12,12,603090,2520,104259,3697,0.023342843380636556,0.5946598037638733
8711,0.9226,1,3,1,603093,2517,104260,3696,0.023315054281373895,0.594881699661999
8712,0.9227,1,5,1,603098,2512,104261,3695,0.023268739115936122,0.5952956339616562
8713,0.9228,0,3,0,603101,2509,104261,3695,0.02324095001667346,0.5955834945196647
8714,0.9229,0,1,0,603102,2508,104261,3695,0.023231686983585905,0.5956795099145574
8715,0.923,4,1,4,603103,2507,104265,3691,0.023222423950498353,0.595514682155534
8716,0.9231,1,1,1,603104,2506,104266,3690,0.023213160917410797,0.5955455132343448
8717,0.9233,43,34,43,603138,2472,104309,3647,0.022898217792433954,0.5960124203301193
8718,0.9234,1,0,1,603138,2472,104310,3646,0.022898217792433954,0.5959463877084015
8719,0.9235,0,3,0,603141,2469,104310,3646,0.022870428693171293,0.596238757154538
8720,0.9237,2,3,2,603144,2466,104312,3644,0.02284263959390863,0.5963993453355155
8721,0.9238,5,1,5,603145,2465,104317,3639,0.022833376560821076,0.5961664482306684
8722,0.9239,1,1,1,603146,2464,104318,3638,0.02282411352773352,0.5961979678793838
8723,0.924,6,7,6,603153,2457,104324,3632,0.022759272296120642,0.5964854655936935
8724,0.9241,0,1,0,603154,2456,104324,3632,0.022750009263033086,0.5965834428383706
8725,0.9242,8,5,8,603159,2451,104332,3624,0.022703694097595317,0.5965432098765432
8726,0.9243,1,6,1,603165,2445,104333,3623,0.022648115899069992,0.5970665787738958
8727,0.9244,0,3,0,603168,2442,104333,3623,0.022620326799807328,0.5973619126133554
8728,0.9245,1,6,1,603174,2436,104334,3622,0.022564748601282002,0.5978870914493232
8729,0.9246,2,2,2,603176,2434,104336,3620,0.022546222535106894,0.5979517674264949
8730,0.9247,0,1,0,603177,2433,104336,3620,0.02253695950201934,0.5980505534445729
8731,0.9248,1,0,1,603177,2433,104337,3619,0.02253695950201934,0.5979841374752148
8732,0.9249,0,1,0,603178,2432,104337,3619,0.022527696468931786,0.5980829614939679
8733,0.925,70,62,70,603240,2370,104407,3549,0.02195338841750343,0.5995945261023822
8734,0.9252,2,0,2,603240,2370,104409,3547,0.02195338841750343,0.5994591853980058
8735,0.9255,1,1,1,603241,2369,104410,3546,0.021944125384415872,0.5994928148774302
8736,0.9256,1,0,1,603241,2369,104411,3545,0.021944125384415872,0.5994250929996618
8737,0.9257,3,3,3,603244,2366,104414,3542,0.02191633628515321,0.5995260663507109
8738,0.9258,6,1,6,603245,2365,104420,3536,0.021907073252065656,0.5992204711065922
8739,0.926,6,11,6,603256,2354,104426,3530,0.02180517988810256,0.5999320190346703
8740,0.9261,1,0,1,603256,2354,104427,3529,0.02180517988810256,0.5998640149583546
8741,0.9262,0,2,0,603258,2352,104427,3529,0.021786653821927453,0.600068015643598
8742,0.9263,0,3,0,603261,2349,104427,3529,0.02175886472266479,0.600374276964954
8743,0.9264,0,2,0,603263,2347,104427,3529,0.02174033865648968,0.6005786249149081
8744,0.9265,4,2,4,603265,2345,104431,3525,0.02172181259031457,0.600511073253833
8745,0.9267,39,30,39,603295,2315,104470,3486,0.021443921597687945,0.6009308739872435
8746,0.9268,2,4,2,603299,2311,104472,3484,0.02140686946533773,0.6012079378774806
8747,0.9269,1,1,1,603300,2310,104473,3483,0.021397606432250176,0.601242879337131
8748,0.927,2,9,2,603309,2301,104475,3481,0.021314239134462187,0.6020408163265306
8749,0.9271,4,1,4,603310,2300,104479,3477,0.021304976101374634,0.6018694824303271
8750,0.9272,1,3,1,603313,2297,104480,3476,0.02127718700211197,0.6021132859864888
8751,0.9273,5,5,5,603318,2292,104485,3471,0.0212308718366742,0.6022904737116085
8752,0.9274,0,1,0,603319,2291,104485,3471,0.021221608803586648,0.6023950017355085
8753,0.9275,15,9,15,603328,2282,104500,3456,0.02113824150579866,0.6023004531195538
8754,0.9276,1,3,1,603331,2279,104501,3455,0.021110452406535998,0.6025462155563307
8755,0.9277,1,1,1,603332,2278,104502,3454,0.02110118937344844,0.6025819958129798
8756,0.9278,1,4,1,603336,2274,104503,3453,0.021064137241098225,0.6029334730225249
8757,0.928,4,6,4,603342,2268,104507,3449,0.0210085590425729,0.6032884379919539
8758,0.9281,0,1,0,603343,2267,104507,3449,0.020999296009485347,0.6033939818054583
8759,0.9282,1,0,1,603343,2267,104508,3448,0.020999296009485347,0.6033245844269466
8760,0.9283,9,15,9,603358,2252,104517,3439,0.020860350513172032,0.604287471446143
8761,0.9285,0,1,0,603359,2251,104517,3439,0.02085108748008448,0.6043936731107206
8762,0.9286,0,1,0,603360,2250,104517,3439,0.020841824446996924,0.6044999121110916
8763,0.9288,1,3,1,603363,2247,104518,3438,0.020814035347734263,0.6047493403693931
8764,0.9289,1,0,1,603363,2247,104519,3437,0.020814035347734263,0.604679802955665
8765,0.929,4,7,4,603370,2240,104523,3433,0.020749194116121382,0.6051471884364533
8766,0.9291,0,1,0,603371,2239,104523,3433,0.02073993108303383,0.6052538787023978
8767,0.9292,5,2,5,603373,2237,104528,3428,0.02072140501685872,0.6051191526919683
8768,0.9293,1,4,1,603377,2233,104529,3427,0.020684352884508504,0.6054770318021201
8769,0.9294,0,1,0,603378,2232,104529,3427,0.02067508985142095,0.6055840254461919
8770,0.9295,0,2,0,603380,2230,104529,3427,0.02065656378524584,0.6057981262153085
8771,0.9296,1,0,1,603380,2230,104530,3426,0.02065656378524584,0.6057284299858557
8772,0.9297,1,4,1,603384,2226,104531,3425,0.020619511652895623,0.6060874181560786
8773,0.93,458,296,458,603680,1930,104989,2967,0.017877653858979586,0.6058811517255462
8774,0.9301,0,7,0,603687,1923,104989,2967,0.017812812627366705,0.6067484662576688
8775,0.9302,1,4,1,603691,1919,104990,2966,0.017775760495016488,0.607164790174002
8776,0.9303,1,0,1,603691,1919,104991,2965,0.017775760495016488,0.607084357084357
8777,0.9304,1,2,1,603693,1917,104992,2964,0.01775723442884138,0.6072526121696373
8778,0.9305,3,0,3,603693,1917,104995,2961,0.01775723442884138,0.6070110701107011
8779,0.9306,1,0,1,603693,1917,104996,2960,0.01775723442884138,0.6069304900553619
8780,0.9307,2,3,2,603696,1914,104998,2958,0.01772944532957872,0.6071428571428571
8781,0.9308,2,5,2,603701,1909,105000,2956,0.017683130164140946,0.6076053442959918
8782,0.931,2,4,2,603705,1905,105002,2954,0.01764607803179073,0.607944021403581
8783,0.9311,4,1,4,603706,1904,105006,2950,0.017636814998703176,0.607746188710342
8784,0.9312,1,0,1,603706,1904,105007,2949,0.017636814998703176,0.6076653616319803
8785,0.9313,0,5,0,603711,1899,105007,2949,0.017590499833265404,0.6082920792079208
8786,0.9314,0,1,0,603712,1898,105007,2949,0.01758123680017785,0.6084175778832267
8787,0.9315,0,1,0,603713,1897,105007,2949,0.017571973767090295,0.6085431283532811
8788,0.9317,7,4,7,603717,1893,105014,2942,0.01753492163474008,0.6084798345398138
8789,0.932,3,2,3,603719,1891,105017,2939,0.01751639556856497,0.608488612836439
8790,0.9321,1,0,1,603719,1891,105018,2938,0.01751639556856497,0.6084075377925037
8791,0.9323,2,3,2,603722,1888,105020,2936,0.01748860646930231,0.6086235489220564
8792,0.9324,2,0,2,603722,1888,105022,2934,0.01748860646930231,0.6084612194110328
8793,0.9325,15,9,15,603731,1879,105037,2919,0.01740523917151432,0.6083784910379325
8794,0.9327,1,3,1,603734,1876,105038,2918,0.01737745007225166,0.6086775135586149
8795,0.9328,1,0,1,603734,1876,105039,2917,0.01737745007225166,0.6085958689755894
8796,0.9329,0,2,0,603736,1874,105039,2917,0.01735892400607655,0.6088499269463578
8797,0.933,2,2,2,603738,1872,105041,2915,0.017340397939901442,0.6089408815542093
8798,0.9331,2,4,2,603742,1868,105043,2913,0.017303345807551225,0.609286760092031
8799,0.9332,1,1,1,603743,1867,105044,2912,0.01729408277446367,0.609332496338146
8800,0.9333,31,28,31,603771,1839,105075,2881,0.01703471784801215,0.6103813559322034
8801,0.9335,1,0,1,603771,1839,105076,2880,0.01703471784801215,0.6102987921169739
8802,0.9336,0,1,0,603772,1838,105076,2880,0.0170254548149246,0.6104281475201356
8803,0.9337,2,1,2,603773,1837,105078,2878,0.017016191781837046,0.6103923647932131
8804,0.9339,2,2,2,603775,1835,105080,2876,0.016997665715661938,0.6104860963701975
8805,0.934,8,7,8,603782,1828,105088,2868,0.016932824484049057,0.610732538330494
8806,0.9342,1,4,1,603786,1824,105089,2867,0.01689577235169884,0.6111703261564698
8807,0.9343,3,2,3,603788,1822,105092,2864,0.01687724628552373,0.6111822449850619
8808,0.9344,1,1,1,603789,1821,105093,2863,0.01686798325243618,0.6112297181895816
8809,0.9346,0,1,0,603790,1820,105093,2863,0.016858720219348623,0.6113602391629297
8810,0.9347,0,2,0,603792,1818,105093,2863,0.016840194153173515,0.6116214484084598
8811,0.9348,1,0,1,603792,1818,105094,2862,0.016840194153173515,0.6115384615384616
8812,0.935,67,42,67,603834,1776,105161,2795,0.01645114676349624,0.611463574710129
8813,0.9351,3,1,3,603835,1775,105164,2792,0.016441883730408686,0.6113422377928618
8814,0.9353,1,0,1,603835,1775,105165,2791,0.016441883730408686,0.6112571178274201
8815,0.9354,1,0,1,603835,1775,105166,2790,0.016441883730408686,0.6111719605695509
8816,0.9355,1,2,1,603837,1773,105167,2789,0.016423357664233577,0.6113546690048225
8817,0.9356,0,1,0,603838,1772,105167,2789,0.01641409463114602,0.6114887086165315
8818,0.9357,0,1,0,603839,1771,105167,2789,0.01640483159805847,0.6116228070175439
8819,0.9358,3,0,3,603839,1771,105170,2786,0.01640483159805847,0.6113671274961597
8820,0.9359,0,1,0,603840,1770,105170,2786,0.016395568564970913,0.6115013169446883
8821,0.936,5,1,5,603841,1769,105175,2781,0.01638630553188336,0.6112087912087912
8822,0.9362,1,1,1,603842,1768,105176,2780,0.016377042498795805,0.6112576956904133
8823,0.9363,1,1,1,603843,1767,105177,2779,0.016367779465708252,0.6113066432028157
8824,0.9364,0,1,0,603844,1766,105177,2779,0.016358516432620696,0.6114411441144114
8825,0.9365,2,2,2,603846,1764,105179,2777,0.016339990366445588,0.6115393085223519
8826,0.9366,1,1,1,603847,1763,105180,2776,0.016330727333358035,0.6115884556069618
8827,0.9367,41,28,41,603875,1735,105221,2735,0.016071362406906518,0.6118568232662193
8828,0.9368,2,5,2,603880,1730,105223,2733,0.016025047241468745,0.6123683620882814
8829,0.937,0,1,0,603881,1729,105223,2733,0.016015784208381192,0.6125056028686687
8830,0.9371,2,1,2,603882,1728,105225,2731,0.016006521175293636,0.6124691634895717
8831,0.9373,2,0,2,603882,1728,105227,2729,0.016006521175293636,0.6122952658739063
8832,0.9375,10,5,10,603887,1723,105237,2719,0.015960206009855867,0.6121116614137776
8833,0.9377,1,4,1,603891,1719,105238,2718,0.01592315387750565,0.6125760649087221
8834,0.9378,3,0,3,603891,1719,105241,2715,0.01592315387750565,0.6123139377537212
8835,0.9379,1,1,1,603892,1718,105242,2714,0.015913890844418098,0.6123646209386282
8836,0.938,4,3,4,603895,1715,105246,2710,0.015886101745155434,0.6124293785310735
8837,0.9383,6,5,6,603900,1710,105252,2704,0.015839786579717664,0.6125962845491617
8838,0.9385,1,0,1,603900,1710,105253,2703,0.015839786579717664,0.6125084976206662
8839,0.9386,1,2,1,603902,1708,105254,2702,0.015821260513542556,0.6126984126984127
8840,0.9388,0,1,0,603903,1707,105254,2702,0.015811997480455,0.61283737809027
8841,0.939,0,1,0,603904,1706,105254,2702,0.015802734447367447,0.6129764065335753
8842,0.9392,2,2,2,603906,1704,105256,2700,0.01578420838119234,0.6130790190735694
8843,0.9394,0,1,0,603907,1703,105256,2700,0.015774945348104783,0.6132182602770838
8844,0.9395,3,1,3,603908,1702,105259,2697,0.01576568231501723,0.6130938849738578
8845,0.9397,0,3,0,603911,1699,105259,2697,0.015737893215754566,0.6135122838944495
8846,0.94,452,277,452,604188,1422,105711,2245,0.013172033050502057,0.6122170711753477
8847,0.9402,1,1,1,604189,1421,105712,2244,0.013162770017414503,0.6122783083219645
8848,0.9407,2,0,2,604189,1421,105714,2242,0.013162770017414503,0.6120666120666121
8849,0.9408,3,4,3,604193,1417,105717,2239,0.013125717885064286,0.612417943107221
8850,0.9409,0,1,0,604194,1416,105717,2239,0.013116454851976732,0.6125854993160055
8851,0.941,2,2,2,604196,1414,105719,2237,0.013097928785801623,0.6127088468912627
8852,0.9411,0,2,0,604198,1412,105719,2237,0.013079402719626515,0.6130446697725405
8853,0.9412,2,2,2,604200,1410,105721,2235,0.013060876653451407,0.6131687242798354
8854,0.9413,2,2,2,604202,1408,105723,2233,0.013042350587276298,0.6132930513595166
8855,0.9415,1,3,1,604205,1405,105724,2232,0.013014561488013636,0.613692603794336
8856,0.9417,8,6,8,604211,1399,105732,2224,0.01295898328948831,0.6138559205078664
8857,0.9418,0,2,0,604213,1397,105732,2224,0.012940457223313202,0.6141949737641536
8858,0.9419,0,1,0,604214,1396,105732,2224,0.012931194190225648,0.6143646408839779
8859,0.942,4,4,4,604218,1392,105736,2220,0.012894142057875431,0.6146179401993356
8860,0.9422,1,2,1,604220,1390,105737,2219,0.012875615991700323,0.6148517594901635
8861,0.9423,2,3,2,604223,1387,105739,2217,0.01284782689243766,0.615149833518313
8862,0.9425,10,8,10,604231,1379,105749,2207,0.012773722627737226,0.6154489682097044
8863,0.9428,0,1,0,604232,1378,105749,2207,0.012764459594649672,0.6156206415620642
8864,0.9429,0,1,0,604233,1377,105749,2207,0.012755196561562118,0.6157924107142857
8865,0.943,2,2,2,604235,1375,105751,2205,0.01273667049538701,0.6159217877094972
8866,0.9431,0,1,0,604236,1374,105751,2205,0.012727407462299455,0.6160938809723386
8867,0.9433,16,19,16,604255,1355,105767,2189,0.012551409833635925,0.6176636568848759
8868,0.9435,0,4,0,604259,1351,105767,2189,0.012514357701285709,0.618361581920904
8869,0.9437,1,4,1,604263,1347,105768,2188,0.012477305568935492,0.618953323903819
8870,0.9438,1,1,1,604264,1346,105769,2187,0.012468042535847938,0.6190206623266346
8871,0.9439,4,1,4,604265,1345,105773,2183,0.012458779502760383,0.6187641723356009
8872,0.944,4,8,4,604273,1337,105777,2179,0.01238467523805995,0.6197383390216155
8873,0.9442,2,6,2,604279,1331,105779,2177,0.012329097039534625,0.620581527936146
8874,0.9443,2,1,2,604280,1330,105781,2175,0.01231983400644707,0.6205420827389444
8875,0.9444,0,2,0,604282,1328,105781,2175,0.012301307940271962,0.6208963745361119
8876,0.9445,1,0,1,604282,1328,105782,2174,0.012301307940271962,0.6207881210736722
8877,0.9446,2,1,2,604283,1327,105784,2172,0.012292044907184408,0.6207487853672478
8878,0.9447,1,1,1,604284,1326,105785,2171,0.012282781874096853,0.620817843866171
8879,0.9448,0,2,0,604286,1324,105785,2171,0.012264255807921745,0.621173104434907
8880,0.9449,1,2,1,604288,1322,105786,2170,0.012245729741746637,0.6214203894616266
8881,0.945,36,38,36,604326,1284,105822,2134,0.011893734484419579,0.6243417203042715
8882,0.9453,1,1,1,604327,1283,105823,2133,0.011884471451332024,0.6244145199063232
8883,0.9454,0,1,0,604328,1282,105823,2133,0.01187520841824447,0.624597364568082
8884,0.9455,1,1,1,604329,1281,105824,2132,0.011865945385156916,0.6246703779665983
8885,0.9456,1,0,1,604329,1281,105825,2131,0.011865945385156916,0.6245603751465416
8886,0.9457,2,1,2,604330,1280,105827,2129,0.011856682352069362,0.6245233206218832
8887,0.9458,1,1,1,604331,1279,105828,2128,0.011847419318981808,0.6245964191370708
8888,0.9459,0,1,0,604332,1278,105828,2128,0.011838156285894253,0.6247798003523194
8889,0.946,2,4,2,604336,1274,105830,2126,0.011801104153544037,0.6252941176470588
8890,0.9461,1,0,1,604336,1274,105831,2125,0.011801104153544037,0.6251838776110621
8891,0.9462,1,0,1,604336,1274,105832,2124,0.011801104153544037,0.6250735726898176
8892,0.9464,0,1,0,604337,1273,105832,2124,0.011791841120456482,0.6252575802178393
8893,0.9465,0,4,0,604341,1269,105832,2124,0.011754788988106266,0.6259946949602122
8894,0.9467,27,19,27,604360,1250,105859,2097,0.011578791359442736,0.6265312219898417
8895,0.9468,2,0,2,604360,1250,105861,2095,0.011578791359442736,0.6263079222720478
8896,0.947,0,1,0,604361,1249,105861,2095,0.011569528326355182,0.6264952153110048
8897,0.9471,1,1,1,604362,1248,105862,2094,0.011560265293267627,0.6265709156193896
8898,0.9472,0,2,0,604364,1246,105862,2094,0.011541739227092519,0.6269461077844312
8899,0.9475,9,9,9,604373,1237,105871,2085,0.011458371929304531,0.627633955448525
8900,0.9476,2,0,2,604373,1237,105873,2083,0.011458371929304531,0.6274096385542168
8901,0.9477,0,1,0,604374,1236,105873,2083,0.011449108896216977,0.6275986742994878
8902,0.9478,0,1,0,604375,1235,105873,2083,0.011439845863129423,0.6277878239903556
8903,0.9479,0,1,0,604376,1234,105873,2083,0.011430582830041868,0.6279770877298764
8904,0.948,1,1,1,604377,1233,105874,2082,0.011421319796954314,0.6280542986425339
8905,0.9482,3,0,3,604377,1233,105877,2079,0.011421319796954314,0.6277173913043478
8906,0.9483,6,7,6,604384,1226,105883,2073,0.011356478565341435,0.6283722340103062
8907,0.9484,0,2,0,604386,1224,105883,2073,0.011337952499166326,0.6287534121929026
8908,0.9486,2,0,2,604386,1224,105885,2071,0.011337952499166326,0.6285280728376328
8909,0.9487,1,3,1,604389,1221,105886,2070,0.011310163399903664,0.6289881494986327
8910,0.9488,0,1,0,604390,1220,105886,2070,0.01130090036681611,0.6291793313069909
8911,0.949,0,3,0,604393,1217,105886,2070,0.011273111267553447,0.6297535746881655
8912,0.9492,1,1,1,604394,1216,105887,2069,0.011263848234465893,0.6298325722983257
8913,0.9496,1,0,1,604394,1216,105888,2068,0.011263848234465893,0.6297198538367844
8914,0.9498,0,1,0,604395,1215,105888,2068,0.011254585201378339,0.629911666159001
8915,0.9499,0,2,0,604397,1213,105888,2068,0.01123605913520323,0.6302956415726912
8916,0.95,391,245,391,604642,968,106279,1677,0.008966616028752455,0.6340264650283554
8917,0.9508,6,1,6,604643,967,106285,1671,0.008957352995664901,0.633434420015163
8918,0.951,1,0,1,604643,967,106286,1670,0.008957352995664901,0.6332954114524081
8919,0.9511,1,1,1,604644,966,106287,1669,0.008948089962577347,0.6333965844402277
8920,0.9512,1,2,1,604646,964,106288,1668,0.008929563896402239,0.6337386018237082
8921,0.9513,0,1,0,604647,963,106288,1668,0.008920300863314684,0.6339794754846066
8922,0.9514,0,1,0,604648,962,106288,1668,0.00891103783022713,0.6342205323193917
8923,0.9515,0,1,0,604649,961,106288,1668,0.008901774797139576,0.6344617725370864
8924,0.9517,7,4,7,604653,957,106295,1661,0.00886472266478936,0.634453781512605
8925,0.9518,1,0,1,604653,957,106296,1660,0.00886472266478936,0.6343141001146351
8926,0.952,1,1,1,604654,956,106297,1659,0.008855459631701805,0.6344168260038241
8927,0.9521,1,0,1,604654,956,106298,1658,0.008855459631701805,0.6342769701606733
8928,0.9522,2,0,2,604654,956,106300,1656,0.008855459631701805,0.6339969372128637
8929,0.9523,0,4,0,604658,952,106300,1656,0.008818407499351588,0.6349693251533742
8930,0.9525,8,7,8,604665,945,106308,1648,0.008753566267738709,0.6355572695719244
8931,0.9526,2,1,2,604666,944,106310,1646,0.008744303234651155,0.6355212355212355
8932,0.9527,0,1,0,604667,943,106310,1646,0.0087350402015636,0.6357667052916184
8933,0.953,3,3,3,604670,940,106313,1643,0.008707251102300938,0.6360820751064653
8934,0.9531,1,2,1,604672,938,106314,1642,0.00868872503612583,0.6364341085271318
8935,0.9533,12,20,12,604692,918,106326,1630,0.008503464374374745,0.6397174254317112
8936,0.9534,2,4,2,604696,914,106328,1628,0.008466412242024528,0.6404405979543666
8937,0.9535,5,1,5,604697,913,106333,1623,0.008457149208936974,0.6399842271293376
8938,0.9536,0,2,0,604699,911,106333,1623,0.008438623142761866,0.6404893449092344
8939,0.9538,1,1,1,604700,910,106334,1622,0.008429360109674312,0.6406003159557662
8940,0.954,3,3,3,604703,907,106337,1619,0.008401571010411649,0.6409342834520981
8941,0.9542,3,1,3,604704,906,106340,1616,0.008392307977324095,0.640761300555115
8942,0.9546,1,1,1,604705,905,106341,1615,0.00838304494423654,0.6408730158730159
8943,0.9547,0,1,0,604706,904,106341,1615,0.008373781911148986,0.6411274315204446
8944,0.9548,0,2,0,604708,902,106341,1615,0.008355255844973878,0.6416368692888359
8945,0.955,39,24,39,604732,878,106380,1576,0.008132943050872577,0.6422167889160554
8946,0.9555,1,1,1,604733,877,106381,1575,0.008123680017785023,0.6423327895595432
8947,0.9556,1,1,1,604734,876,106382,1574,0.008114416984697469,0.6424489795918368
8948,0.9557,1,0,1,604734,876,106383,1573,0.008114416984697469,0.6423029808084932
8949,0.9558,3,0,3,604734,876,106386,1570,0.008114416984697469,0.6418642681929682
8950,0.956,4,1,4,604735,875,106390,1566,0.008105153951609914,0.6415403523146251
8951,0.9562,2,1,2,604736,874,106392,1564,0.00809589091852236,0.6415094339622641
8952,0.9563,1,1,1,604737,873,106393,1563,0.008086627885434806,0.6416256157635468
8953,0.9565,0,1,0,604738,872,106393,1563,0.008077364852347252,0.6418891170431211
8954,0.9567,25,10,25,604748,862,106418,1538,0.00798473452147171,0.6408333333333334
8955,0.9568,2,2,2,604750,860,106420,1536,0.007966208455296603,0.6410684474123539
8956,0.9569,3,2,3,604752,858,106423,1533,0.007947682389121495,0.6411543287327478
8957,0.9571,1,1,1,604753,857,106424,1532,0.00793841935603394,0.641272498953537
8958,0.9572,1,0,1,604753,857,106425,1531,0.00793841935603394,0.6411222780569514
8959,0.9575,10,5,10,604758,852,106435,1521,0.00789210419059617,0.640960809102402
8960,0.9578,1,0,1,604758,852,106436,1520,0.00789210419059617,0.6408094435075885
8961,0.958,3,0,3,604758,852,106439,1517,0.00789210419059617,0.6403545799915576
8962,0.9583,1,4,1,604762,848,106440,1516,0.007855052058245953,0.6412859560067682
8963,0.9588,0,1,0,604763,847,106440,1516,0.007845789025158399,0.641557342361405
8964,0.959,3,3,3,604766,844,106443,1513,0.007817999925895736,0.6419176919813322
8965,0.9591,0,3,0,604769,841,106443,1513,0.007790210826633072,0.6427357689039932
8966,0.9592,4,1,4,604770,840,106447,1509,0.007780947793545518,0.6424010217113666
8967,0.9594,2,2,2,604772,838,106449,1507,0.00776242172737041,0.6426439232409382
8968,0.96,350,189,350,604961,649,106799,1157,0.006011708473822669,0.6406423034330011
8969,0.9603,1,3,1,604964,646,106800,1156,0.005983919374560006,0.6415094339622641
8970,0.9605,2,1,2,604965,645,106802,1154,0.005974656341472452,0.6414674819344081
8971,0.9606,1,0,1,604965,645,106803,1153,0.005974656341472452,0.6412680756395995
8972,0.9608,1,1,1,604966,644,106804,1152,0.005965393308384898,0.6414253897550112
8973,0.9613,3,0,3,604966,644,106807,1149,0.005965393308384898,0.6408254322364751
8974,0.9615,0,1,0,604967,643,106807,1149,0.0059561302752973435,0.6411830357142857
8975,0.9617,2,9,2,604976,634,106809,1147,0.005872762977509356,0.6440202133632791
8976,0.9618,1,0,1,604976,634,106810,1146,0.005872762977509356,0.6438202247191012
8977,0.962,0,1,0,604977,633,106810,1146,0.0058634999444218015,0.6441821247892074
8978,0.9621,1,0,1,604977,633,106811,1145,0.0058634999444218015,0.6439820022497188
8979,0.9622,0,1,0,604978,632,106811,1145,0.005854236911334247,0.6443444006752954
8980,0.9625,9,4,9,604982,628,106820,1136,0.0058171847789840305,0.6439909297052154
8981,0.9626,0,1,0,604983,627,106820,1136,0.005807921745896476,0.6443562110039706
8982,0.9627,0,2,0,604985,625,106820,1136,0.005789395679721368,0.6450880181714934
8983,0.963,1,0,1,604985,625,106821,1135,0.005789395679721368,0.6448863636363636
8984,0.9632,0,2,0,604987,623,106821,1135,0.0057708696135462595,0.6456200227531286
8985,0.9633,11,5,11,604992,618,106832,1124,0.0057245544481084884,0.6452353616532721
8986,0.9636,1,0,1,604992,618,106833,1123,0.0057245544481084884,0.6450315910396324
8987,0.9637,0,1,0,604993,617,106833,1123,0.005715291415020934,0.6454022988505748
8988,0.9638,1,1,1,604994,616,106834,1122,0.00570602838193338,0.6455696202531646
8989,0.964,2,3,2,604997,613,106836,1120,0.005678239282670717,0.6462781304096942
8990,0.9642,1,1,1,604998,612,106837,1119,0.005668976249583163,0.6464471403812825
8991,0.9644,1,0,1,604998,612,106838,1118,0.005668976249583163,0.6462427745664739
8992,0.9646,2,0,2,604998,612,106840,1116,0.005668976249583163,0.6458333333333334
8993,0.965,27,20,27,605018,592,106867,1089,0.00548371558783208,0.6478286734086853
8994,0.9653,1,0,1,605018,592,106868,1088,0.00548371558783208,0.6476190476190476
8995,0.9657,1,0,1,605018,592,106869,1087,0.00548371558783208,0.6474091721262656
8996,0.966,4,3,4,605021,589,106873,1083,0.005455926488569417,0.6477272727272727
8997,0.9661,1,0,1,605021,589,106874,1082,0.005455926488569417,0.6475164572112507
8998,0.9662,0,1,0,605022,588,106874,1082,0.005446663455481863,0.6479041916167665
8999,0.9663,0,1,0,605023,587,106874,1082,0.005437400422394309,0.6482923906530856
9000,0.9667,19,17,19,605040,570,106893,1063,0.0052799288599058875,0.6509491733006736
9001,0.9668,1,0,1,605040,570,106894,1062,0.0052799288599058875,0.6507352941176471
9002,0.967,2,1,2,605041,569,106896,1060,0.005270665826818333,0.6507059545733579
9003,0.9673,1,0,1,605041,569,106897,1059,0.005270665826818333,0.6504914004914005
9004,0.9675,4,1,4,605042,568,106901,1055,0.005261402793730779,0.6500308071472581
9005,0.9678,0,1,0,605043,567,106901,1055,0.005252139760643225,0.6504315659679408
9006,0.968,2,1,2,605044,566,106903,1053,0.005242876727555671,0.650401482396541
9007,0.9683,3,5,3,605049,561,106906,1050,0.0051965615621179,0.6517690875232774
9008,0.9685,0,1,0,605050,560,106906,1050,0.0051872985290303455,0.6521739130434783
9009,0.9687,0,1,0,605051,559,106906,1050,0.005178035495942791,0.6525792417650714
9010,0.969,1,3,1,605054,556,106907,1049,0.005150246396680129,0.653582554517134
9011,0.9693,1,0,1,605054,556,106908,1048,0.005150246396680129,0.6533665835411472
9012,0.9695,0,1,0,605055,555,106908,1048,0.0051409833635925745,0.6537741734248285
9013,0.9696,0,1,0,605056,554,106908,1048,0.00513172033050502,0.6541822721598003
9014,0.9697,0,1,0,605057,553,106908,1048,0.005122457297417466,0.6545908806995627
9015,0.9698,0,2,0,605059,551,106908,1048,0.005103931231242358,0.6554096310193871
9016,0.9699,0,1,0,605060,550,106908,1048,0.0050946681981548034,0.655819774718398
9017,0.97,318,167,318,605227,383,107226,730,0.0035477416725332544,0.655884995507637
9018,0.9702,0,1,0,605228,382,107226,730,0.0035384786394457002,0.6564748201438849
9019,0.9707,1,1,1,605229,381,107227,729,0.003529215606358146,0.6567567567567567
9020,0.9708,1,0,1,605229,381,107228,728,0.003529215606358146,0.6564472497745717
9021,0.9715,1,2,1,605231,379,107229,727,0.0035106895401830376,0.6573236889692586
9022,0.9717,3,0,3,605231,379,107232,724,0.0035106895401830376,0.6563916591115141
9023,0.972,1,0,1,605231,379,107233,723,0.0035106895401830376,0.6560798548094374
9024,0.9725,6,5,6,605236,374,107239,717,0.0034643743747452666,0.6571952337305225
9025,0.9727,2,0,2,605236,374,107241,715,0.0034643743747452666,0.6565656565656566
9026,0.973,2,0,2,605236,374,107243,713,0.0034643743747452666,0.655933762649494
9027,0.9733,7,8,7,605244,366,107250,706,0.003390270110044833,0.6585820895522388
9028,0.9735,1,0,1,605244,366,107251,705,0.003390270110044833,0.6582633053221288
9029,0.9737,1,0,1,605244,366,107252,704,0.003390270110044833,0.6579439252336449
9030,0.974,2,1,2,605245,365,107254,702,0.0033810070769572788,0.6579194001874414
9031,0.9742,0,1,0,605246,364,107254,702,0.0033717440438697246,0.6585365853658537
9032,0.975,22,15,22,605261,349,107276,680,0.003232798547556412,0.6608357628765792
9033,0.9754,1,1,1,605262,348,107277,679,0.0032235355144688577,0.6611489776046738
9034,0.9755,2,0,2,605262,348,107279,677,0.0032235355144688577,0.6604878048780488
9035,0.976,0,2,0,605264,346,107279,677,0.0032050094482937493,0.6617790811339198
9036,0.9767,6,12,6,605276,334,107285,671,0.003093853051243099,0.6676616915422886
9037,0.9771,1,1,1,605277,333,107286,670,0.0030845900181555447,0.6679960119641076
9038,0.9773,1,0,1,605277,333,107287,669,0.0030845900181555447,0.6676646706586826
9039,0.9775,8,2,8,605279,331,107295,661,0.0030660639519804363,0.6663306451612904
9040,0.9777,1,1,1,605280,330,107296,660,0.0030568009188928825,0.6666666666666666
9041,0.9778,0,1,0,605281,329,107296,660,0.0030475378858053283,0.6673407482305359
9042,0.978,1,1,1,605282,328,107297,659,0.003038274852717774,0.6676798378926039
9043,0.9783,0,1,0,605283,327,107297,659,0.00302901181963022,0.6683569979716024
9044,0.9786,0,1,0,605284,326,107297,659,0.0030197487865426657,0.6690355329949239
9045,0.9788,0,2,0,605286,324,107297,659,0.0030012227203675573,0.6703967446592065
9046,0.9792,1,0,1,605286,324,107298,658,0.0030012227203675573,0.670061099796334
9047,0.98,231,159,231,605445,165,107529,427,0.0015284004594464412,0.7212837837837838
9048,0.982,1,0,1,605445,165,107530,426,0.0015284004594464412,0.7208121827411168
9049,0.9825,2,2,2,605447,163,107532,424,0.0015098743932713328,0.7223168654173765
9050,0.9829,0,2,0,605449,161,107532,424,0.0014913483270962244,0.7247863247863248
9051,0.9833,4,2,4,605451,159,107536,420,0.001472822260921116,0.7253886010362695
9052,0.9836,1,0,1,605451,159,107537,419,0.001472822260921116,0.7249134948096886
9053,0.984,1,3,1,605454,156,107538,418,0.0014450331616584534,0.7282229965156795
9054,0.985,22,5,22,605459,151,107560,396,0.0013987179962206824,0.7239488117001828
9055,0.9855,1,0,1,605459,151,107561,395,0.0013987179962206824,0.7234432234432234
9056,0.9858,1,0,1,605459,151,107562,394,0.0013987179962206824,0.7229357798165138
9057,0.9862,1,1,1,605460,150,107563,393,0.0013894549631331284,0.7237569060773481
9058,0.9867,9,2,9,605462,148,107572,384,0.00137092889695802,0.7218045112781954
9059,0.9875,1,0,1,605462,148,107573,383,0.00137092889695802,0.7212806026365348
9060,0.9883,0,1,0,605463,147,107573,383,0.0013616658638704658,0.7226415094339622
9061,0.99,214,98,214,605561,49,107787,169,0.00045388862129015523,0.7752293577981652
9062,0.9913,0,2,0,605563,47,107787,169,0.0004353625551150469,0.7824074074074074
9063,0.9916,1,0,1,605563,47,107788,168,0.0004353625551150469,0.7813953488372093
9064,0.9917,1,0,1,605563,47,107789,167,0.0004353625551150469,0.780373831775701
9065,0.9923,1,0,1,605563,47,107790,166,0.0004353625551150469,0.7793427230046949
9066,0.9925,1,1,1,605564,46,107791,165,0.00042609952202749267,0.7819905213270142
9067,0.9933,3,2,3,605566,44,107794,162,0.0004075734558523843,0.7864077669902912
9068,0.995,5,3,5,605569,41,107799,157,0.00037978435658972176,0.7929292929292929
9069,0.9975,0,1,0,605570,40,107799,157,0.00037052132350216756,0.7969543147208121
9070,0.998,1,0,1,605570,40,107800,156,0.00037052132350216756,0.7959183673469388
9071,1.0,156,40,156,605610,0,107956,0,0.0,
