,y_proba,y_test,Neg,Pos,TN,FP,FN,TP,FP/P,Prec
0,0.0,147,3680,147,3680,601930,147,107809,5.575697506391493,0.1518995010842014
1,0.0017,0,6,0,3686,601924,147,107809,5.575641928192968,0.15190078522486625
2,0.0025,0,3,0,3689,601921,147,107809,5.575614139093704,0.15190142730334072
3,0.003,0,7,0,3696,601914,147,107809,5.575549297862092,0.15190292550755718
4,0.0032,0,12,0,3708,601902,147,107809,5.575438141465042,0.15190549392640104
5,0.0034,1,18,1,3726,601884,148,107808,5.575271406869465,0.1519081517052468
6,0.0036,0,13,0,3739,601871,148,107808,5.5751509874393275,0.1519109343801916
7,0.0038,1,35,1,3774,601836,149,107807,5.574826781281263,0.1519172316220973
8,0.004,0,19,0,3793,601817,149,107807,5.574650783652599,0.15192129916688274
9,0.0041,0,30,0,3823,601787,149,107807,5.574372892659973,0.15192772204951
10,0.0043,0,6,0,3829,601781,149,107807,5.574317314461447,0.15192900669120674
11,0.0044,1,31,1,3860,601750,150,107806,5.574030160435733,0.1519344491484816
12,0.0046,0,5,0,3865,601745,150,107806,5.573983845270296,0.1519355197864565
13,0.0048,5,78,5,3943,601667,155,107801,5.573261328689466,0.15194624704708318
14,0.005,2,16,2,3959,601651,157,107799,5.573113120160065,0.1519472831066319
15,0.0053,0,25,0,3984,601626,157,107799,5.572881544332876,0.1519526376995454
16,0.0054,0,11,0,3995,601615,157,107799,5.572779650968913,0.15195499383998623
17,0.0055,3,22,3,4017,601593,160,107796,5.572575864240987,0.1519561199849448
18,0.0057,0,6,0,4023,601587,160,107796,5.572520286042462,0.15195740523807308
19,0.0058,0,31,0,4054,601556,160,107796,5.5722331320167475,0.1519640460589383
20,0.0062,0,10,0,4064,601546,160,107796,5.572140501685872,0.15196618838303666
21,0.0063,0,9,0,4073,601537,160,107796,5.572057134388084,0.15196811652637054
22,0.0064,0,22,0,4095,601515,160,107796,5.5718533476601575,0.15197282997162034
23,0.0065,2,127,2,4222,601388,162,107794,5.5706769424580385,0.151997653634751
24,0.0068,1,10,1,4232,601378,163,107793,5.5705843121271625,0.15199860118363553
25,0.0069,2,39,2,4271,601339,165,107791,5.570223053836748,0.15200456897888961
26,0.007,0,4,0,4275,601335,165,107791,5.570186001704398,0.15200542639812953
27,0.0071,2,50,2,4325,601285,167,107789,5.56972285005002,0.1520137531484725
28,0.0072,1,6,1,4331,601279,168,107788,5.569667271851495,0.15201384354369898
29,0.0074,6,110,6,4441,601169,174,107782,5.568648338211864,0.15203025314866614
30,0.0075,3,27,3,4468,601142,177,107779,5.5683982363185,0.152032454956194
31,0.0076,0,31,0,4499,601111,177,107779,5.568111082292786,0.15203910338698529
32,0.0077,1,23,1,4522,601088,178,107778,5.567898032531772,0.15204284025471668
33,0.0078,0,8,0,4530,601080,178,107778,5.567823928267072,0.1520445561734508
34,0.0079,3,90,3,4620,600990,181,107775,5.566990255289192,0.15206027385663795
35,0.0081,2,51,2,4671,600939,183,107773,5.566517840601727,0.15206882344309114
36,0.0082,0,24,0,4695,600915,183,107773,5.566295527807625,0.1520739733140677
37,0.0083,2,35,2,4730,600880,185,107771,5.5659713216495605,0.15207909111819498
38,0.0085,12,258,12,4988,600622,197,107759,5.563581459112972,0.15212011615218365
39,0.0086,0,7,0,4995,600615,197,107759,5.563516617881359,0.1521216193705585
40,0.0087,0,6,0,5001,600609,197,107759,5.563461039682834,0.15212290786709734
41,0.0088,6,73,6,5074,600536,203,107753,5.562784838267442,0.15213140398904967
42,0.0089,1,61,1,5135,600475,204,107752,5.562219793249102,0.15214330998394582
43,0.009,2,28,2,5163,600447,206,107750,5.56196042832265,0.1521469308681059
44,0.0092,1,62,1,5225,600385,207,107749,5.561386120271222,0.15215905464220048
45,0.0093,1,57,1,5282,600328,208,107748,5.560858127385231,0.1521701060338156
46,0.0094,1,7,1,5289,600321,209,107747,5.5607932861536185,0.15217041301117973
47,0.0096,1,22,1,5311,600299,210,107746,5.560589499425692,0.15217394374651327
48,0.0097,3,21,3,5332,600278,213,107743,5.560394975730853,0.15217486486982731
49,0.0098,1,3,1,5335,600275,214,107742,5.5603671866315905,0.15217431219871838
50,0.0099,0,8,0,5343,600267,214,107742,5.56029308236689,0.1521760316606145
51,0.01,23,300,23,5643,599967,237,107719,5.557514172440624,0.15221298711575473
52,0.0101,0,9,0,5652,599958,237,107719,5.557430805142836,0.15221492290974556
53,0.0102,1,12,1,5664,599946,238,107718,5.557319648745786,0.15221630604354608
54,0.0103,1,5,1,5669,599941,239,107717,5.557273333580348,0.15221618352367952
55,0.0104,0,4,0,5673,599937,239,107717,5.557236281447997,0.15221704392259494
56,0.0105,0,5,0,5678,599932,239,107717,5.55718996628256,0.1522181194349176
57,0.0106,0,10,0,5688,599922,239,107717,5.557097335951684,0.1522202705051587
58,0.0109,0,3,0,5691,599919,239,107717,5.557069546852421,0.15222091583808625
59,0.011,3,12,3,5703,599907,242,107714,5.556958390455371,0.15221990302718547
60,0.0111,1,20,1,5723,599887,243,107713,5.55677312979362,0.15222300734878463
61,0.0114,0,9,0,5732,599878,243,107713,5.556689762495831,0.15222494350549964
62,0.0116,0,10,0,5742,599868,243,107713,5.556597132164956,0.15222709484850497
63,0.0117,1,8,1,5750,599860,244,107712,5.556523027900256,0.15222761782546512
64,0.0118,0,7,0,5757,599853,244,107712,5.556458186668642,0.1522291238260796
65,0.0119,0,2,0,5759,599851,244,107712,5.556439660602468,0.15222955411744254
66,0.012,1,18,1,5777,599833,245,107711,5.5562729260068915,0.1522322286670511
67,0.0122,4,25,4,5802,599808,249,107707,5.556041350179703,0.15223281485198192
68,0.0123,0,4,0,5806,599804,249,107707,5.556004298047353,0.15223367551882586
69,0.0126,0,4,0,5810,599800,249,107707,5.555967245915002,0.1522345361954016
70,0.0127,2,27,2,5837,599773,251,107705,5.555717144021639,0.15223794944860478
71,0.0128,0,11,0,5848,599762,251,107705,5.5556152506576755,0.15224031650946263
72,0.0129,2,39,2,5887,599723,253,107703,5.555253992367261,0.1522463126885356
73,0.013,1,9,1,5896,599714,254,107702,5.555170625069473,0.15224705124000587
74,0.0131,0,11,0,5907,599703,254,107702,5.55506873170551,0.15224941864985406
75,0.0132,0,11,0,5918,599692,254,107702,5.554966838341547,0.15225178613332882
76,0.0133,1,10,1,5928,599682,255,107701,5.554874208010671,0.15225274002909314
77,0.0134,0,3,0,5931,599679,255,107701,5.554846418911408,0.15225338573326924
78,0.0135,1,7,1,5938,599672,256,107700,5.554781577679796,0.15225369395452462
79,0.0136,0,6,0,5944,599666,256,107700,5.5547259994812705,0.1522549853965274
80,0.0137,1,14,1,5958,599652,257,107699,5.554596317018045,0.1522568003720925
81,0.0138,2,25,2,5983,599627,259,107697,5.554364741190856,0.15225978476624574
82,0.0139,2,17,2,6000,599610,261,107695,5.5542072696283675,0.1522610472144266
83,0.014,0,23,0,6023,599587,261,107695,5.553994219867353,0.15226599856917042
84,0.0141,0,11,0,6034,599576,261,107695,5.55389232650339,0.15226836672223235
85,0.0142,1,22,1,6056,599554,262,107694,5.5536885397754645,0.15227190462185825
86,0.0143,0,19,0,6075,599535,262,107694,5.553512542146801,0.1522759954696428
87,0.0144,1,24,1,6099,599511,263,107693,5.553290229352699,0.1522799644798389
88,0.0145,1,13,1,6112,599498,264,107692,5.5531698099225615,0.15228156506737936
89,0.0146,4,35,4,6147,599463,268,107688,5.552845603764497,0.1522843070291918
90,0.0147,0,13,0,6160,599450,268,107688,5.552725184334358,0.1522871066185101
91,0.0148,1,19,1,6179,599431,269,107687,5.552549186705695,0.15228999968887796
92,0.0149,1,7,1,6186,599424,270,107686,5.552484345474082,0.1522903084385739
93,0.015,0,24,0,6210,599400,270,107686,5.55226203267998,0.15229547749495817
94,0.0151,2,15,2,6225,599385,272,107684,5.552123087183667,0.15229631054394974
95,0.0152,0,4,0,6229,599381,272,107684,5.5520860350513175,0.1522971721128892
96,0.0153,2,24,2,6253,599357,274,107682,5.551863722257216,0.15229994385033924
97,0.0154,0,20,0,6273,599337,274,107682,5.551678461595465,0.15230425207809126
98,0.0155,0,10,0,6283,599327,274,107682,5.551585831264589,0.15230640628337122
99,0.0156,1,6,1,6289,599321,275,107681,5.551530253066064,0.1523064998401702
100,0.0157,0,18,0,6307,599303,275,107681,5.551363518470488,0.15231037760401933
101,0.0158,1,27,1,6334,599276,276,107680,5.551113416577124,0.15231499555842232
102,0.0159,2,16,2,6350,599260,278,107678,5.550965208047723,0.15231604468850168
103,0.016,0,4,0,6354,599256,278,107678,5.550928155915373,0.15231690652875657
104,0.0161,0,22,0,6376,599234,278,107678,5.550724369187447,0.15232164682449867
105,0.0162,1,14,1,6390,599220,279,107677,5.550594686724221,0.1523234643802421
106,0.0163,1,7,1,6397,599213,280,107676,5.550529845492608,0.1523237736051912
107,0.0164,2,27,2,6424,599186,282,107674,5.550279743599244,0.15232719350366408
108,0.0165,9,66,9,6490,599120,291,107665,5.549668383415465,0.15233062388137836
109,0.0166,0,18,0,6508,599102,291,107665,5.54950164881989,0.15233450345021768
110,0.0167,3,35,3,6543,599067,294,107662,5.549177442661825,0.15233844939149235
111,0.0168,2,14,2,6557,599053,296,107660,5.549047760198599,0.1523390683346705
112,0.0169,0,12,0,6569,599041,296,107660,5.548936603801549,0.15234165509883246
113,0.017,0,21,0,6590,599020,296,107660,5.54874208010671,0.15234618214750664
114,0.0171,1,31,1,6621,598989,297,107659,5.548454926080996,0.15235166589306132
115,0.0172,4,35,4,6656,598954,301,107655,5.5481307199229315,0.15235441382716608
116,0.0173,1,36,1,6692,598918,302,107654,5.547797250731779,0.15236097665913736
117,0.0174,0,42,0,6734,598876,302,107654,5.547408203342102,0.15237003382729677
118,0.0175,1,18,1,6752,598858,303,107653,5.547241468746527,0.15237271606528419
119,0.0177,0,16,0,6768,598842,303,107653,5.5470932602171255,0.15237616685185315
120,0.0178,0,5,0,6773,598837,303,107653,5.5470469450516875,0.15237724525470991
121,0.0179,1,42,1,6815,598795,304,107652,5.54665789766201,0.15238510461506666
122,0.018,0,19,0,6834,598776,304,107652,5.5464819000333465,0.15238920314596816
123,0.0181,0,38,0,6872,598738,304,107652,5.54612990477602,0.15239740086920822
124,0.0182,1,18,1,6890,598720,305,107651,5.5459631701804435,0.1524000843749248
125,0.0183,3,37,3,6927,598683,308,107648,5.545620437956204,0.15240446759380516
126,0.0184,1,33,1,6960,598650,309,107647,5.545314757864315,0.15241038826442702
127,0.0185,1,40,1,7000,598610,310,107646,5.544944236540813,0.1524178201671915
128,0.0186,2,12,2,7012,598598,312,107644,5.544833080143762,0.15241800969072924
129,0.0188,2,22,2,7034,598576,314,107642,5.544629293415836,0.15242035745336427
130,0.0189,0,12,0,7046,598564,314,107642,5.544518137018786,0.15242294741194495
131,0.019,0,12,0,7058,598552,314,107642,5.544406980621734,0.1524255374585454
132,0.0191,0,10,0,7068,598542,314,107642,5.544314350290859,0.15242769589795294
133,0.0192,4,49,4,7117,598493,318,107638,5.543860461669569,0.15243347197616305
134,0.0193,2,29,2,7146,598464,320,107636,5.54359183371003,0.152437331822688
135,0.0194,0,15,0,7161,598449,320,107636,5.543452888213717,0.15244057018630902
136,0.0195,0,3,0,7164,598446,320,107636,5.5434250991144545,0.1524412178755442
137,0.0196,0,27,0,7191,598419,320,107636,5.54317499722109,0.15244704732634143
138,0.0197,0,14,0,7205,598405,320,107636,5.543045314757864,0.15245007018006038
139,0.0198,1,4,1,7209,598401,321,107635,5.543008262625514,0.15244973344135426
140,0.0199,1,5,1,7214,598396,322,107634,5.542961947460077,0.15244961262269308
141,0.02,5,82,5,7296,598314,327,107629,5.542202378746897,0.15246131769845442
142,0.0202,0,30,0,7326,598284,327,107629,5.541924487754271,0.15246779702314592
143,0.0203,1,13,1,7339,598271,328,107628,5.541804068324132,0.15246940426321612
144,0.0204,4,33,4,7372,598238,332,107624,5.541498388232243,0.15247172960153685
145,0.0205,0,4,0,7376,598234,332,107624,5.541461336099893,0.15247259363781385
146,0.0206,4,7,4,7383,598227,336,107620,5.5413964948682795,0.15246930283758378
147,0.0207,0,10,0,7393,598217,336,107620,5.541303864537404,0.15247146295816172
148,0.0208,0,20,0,7413,598197,336,107620,5.5411186038756535,0.15247578338294487
149,0.0209,1,41,1,7454,598156,337,107619,5.540738819519063,0.1524834401898622
150,0.021,0,1,0,7455,598155,337,107619,5.540729556485976,0.15248365624123303
151,0.0211,2,16,2,7471,598139,339,107617,5.540581347956575,0.15248471143001263
152,0.0212,0,8,0,7479,598131,339,107617,5.5405072436918745,0.1524864399190646
153,0.0213,2,1,2,7480,598130,341,107615,5.540497980658787,0.15248425422780182
154,0.0214,0,19,0,7499,598111,341,107615,5.540321983030124,0.15248835950496367
155,0.0215,0,10,0,7509,598101,341,107615,5.540229352699248,0.15249052026594268
156,0.0216,1,12,1,7521,598089,342,107614,5.540118196302197,0.15249191232005532
157,0.0217,2,32,2,7553,598057,344,107612,5.539821779243395,0.1524964253779038
158,0.0218,0,9,0,7562,598048,344,107612,5.539738411945607,0.15249837031998412
159,0.0219,1,9,1,7571,598039,345,107611,5.539655044647819,0.15249911429178772
160,0.022,2,25,2,7596,598014,347,107609,5.5394234688206305,0.15250211515214215
161,0.0221,0,3,0,7599,598011,347,107609,5.539395679721368,0.1525027635271109
162,0.0222,0,18,0,7617,597993,347,107609,5.539228945125792,0.15250665389270437
163,0.0223,1,16,1,7633,597977,348,107608,5.539080736596391,0.15250891104544456
164,0.0224,1,14,1,7647,597963,349,107607,5.5389510541331655,0.1525107360006803
165,0.0225,0,6,0,7653,597957,349,107607,5.53889547593464,0.15251203292685
166,0.0226,4,8,4,7661,597949,353,107603,5.53882137166994,0.15250895752545524
167,0.0227,3,7,3,7668,597942,356,107600,5.538756530438326,0.15250686706106795
168,0.0228,0,2,0,7670,597940,356,107600,5.538738004372152,0.1525072993735295
169,0.0229,2,37,2,7707,597903,358,107598,5.538395272147912,0.15251289509157323
170,0.023,2,7,2,7714,597896,360,107596,5.538330430916299,0.15251200580587732
171,0.0231,0,7,0,7721,597889,360,107596,5.538265589684686,0.15251351906844227
172,0.0232,3,28,3,7749,597861,363,107593,5.5380062247582345,0.15251596844018178
173,0.0233,3,30,3,7779,597831,366,107590,5.5377283337656085,0.1525188504453369
174,0.0234,0,5,0,7784,597826,366,107590,5.5376820186001705,0.15251993150141194
175,0.0235,1,7,1,7791,597819,367,107589,5.537617177368557,0.1525202436037017
176,0.0236,0,6,0,7797,597813,367,107589,5.537561599170032,0.1525215409085883
177,0.0237,2,39,2,7836,597774,369,107587,5.537200340879617,0.15252757098847258
178,0.0238,0,16,0,7852,597758,369,107587,5.537052132350217,0.1525310309139499
179,0.0239,4,24,4,7876,597734,373,107583,5.536829819556115,0.15253141495242564
180,0.024,0,11,0,7887,597723,373,107583,5.536727926192152,0.15253379384267254
181,0.0241,1,23,1,7910,597700,374,107582,5.536514876431139,0.15253756653367023
182,0.0242,0,32,0,7942,597668,374,107582,5.5362184593723365,0.15254448777029422
183,0.0243,2,29,2,7971,597639,376,107580,5.535949831412798,0.15254835731879032
184,0.0244,0,14,0,7985,597625,376,107580,5.535820148949572,0.15255138576725916
185,0.0245,1,14,1,7999,597611,377,107579,5.535690466486346,0.1525532126093677
186,0.0246,3,26,3,8025,597585,380,107576,5.53544962762607,0.15255523206757038
187,0.0247,2,8,2,8033,597577,382,107574,5.5353755233613695,0.1525545592362487
188,0.0248,4,40,4,8073,597537,386,107570,5.535005002037868,0.15255840602915585
189,0.0249,5,18,5,8091,597519,391,107565,5.534838267442291,0.15255629116530797
190,0.025,1,41,1,8132,597478,392,107564,5.534458483085702,0.15256396072858072
191,0.0251,0,14,0,8146,597464,392,107564,5.534328800622476,0.15256699024719586
192,0.0252,1,23,1,8169,597441,393,107563,5.534115750861462,0.1525707655559401
193,0.0253,0,24,0,8193,597417,393,107563,5.533893438067361,0.15257595960169082
194,0.0254,3,3,3,8196,597414,396,107560,5.533865648968098,0.15257300269229787
195,0.0255,3,22,3,8218,597392,399,107557,5.533661862240172,0.1525741578468797
196,0.0256,2,26,2,8244,597366,401,107555,5.533421023379896,0.15257738101148924
197,0.0257,0,31,0,8275,597335,401,107555,5.533133869354181,0.152584091134787
198,0.0258,2,19,2,8294,597316,403,107553,5.532957871725518,0.1525857996308534
199,0.0259,2,43,2,8337,597273,405,107551,5.532559561302753,0.15259270399418862
200,0.026,1,3,1,8340,597270,406,107550,5.53253177220349,0.15259215118753724
201,0.0261,1,7,1,8347,597263,407,107549,5.532466930971878,0.15259246437347831
202,0.0262,2,15,2,8362,597248,409,107547,5.532327985475564,0.15259330727374626
203,0.0263,2,13,2,8375,597235,411,107545,5.532207566045426,0.15259371718834247
204,0.0264,2,15,2,8390,597220,413,107543,5.532068620549112,0.15259456015710246
205,0.0265,1,29,1,8419,597191,414,107542,5.5317999925895736,0.15259963702565368
206,0.0266,0,13,0,8432,597178,414,107542,5.531679573159435,0.15260245203768874
207,0.0267,1,14,1,8446,597164,415,107541,5.531549890696209,0.15260428122405828
208,0.0268,2,24,2,8470,597140,417,107539,5.5313275779021085,0.15260707357534423
209,0.0269,3,50,3,8520,597090,420,107536,5.530864426247731,0.15261429467547322
210,0.027,2,31,2,8551,597059,422,107534,5.530577272222017,0.15261860393163146
211,0.0271,0,11,0,8562,597048,422,107534,5.530475378858053,0.15262098662753235
212,0.0272,0,8,0,8570,597040,422,107534,5.530401274593353,0.15262271954400816
213,0.0273,1,12,1,8582,597028,423,107533,5.5302901181963025,0.1526241162936921
214,0.0274,3,44,3,8626,596984,426,107530,5.52988254474045,0.15263003999920513
215,0.0275,1,15,1,8641,596969,427,107529,5.529743599244137,0.1526320869612121
216,0.0276,0,14,0,8655,596955,427,107529,5.529613916780911,0.15263512017306283
217,0.0277,3,39,3,8694,596916,430,107526,5.529252658490496,0.15263996184213888
218,0.0278,2,18,2,8712,596898,432,107524,5.52908592389492,0.15264145639971494
219,0.0279,1,51,1,8763,596847,433,107523,5.528613509207455,0.15265130542186636
220,0.028,0,11,0,8774,596836,433,107523,5.528511615843492,0.15265368938282892
221,0.0281,3,45,3,8819,596791,436,107520,5.528094779354552,0.1526598335110484
222,0.0282,0,16,0,8835,596775,436,107520,5.527946570825151,0.1526633015994718
223,0.0283,1,14,1,8849,596761,437,107519,5.527816888361925,0.1526651331856648
224,0.0284,0,3,0,8852,596758,437,107519,5.527789099262662,0.15266578349143875
225,0.0285,0,3,0,8855,596755,437,107519,5.5277613101634,0.1526664338027529
226,0.0286,0,4,0,8859,596751,437,107519,5.52772425803105,0.1526673008931234
227,0.0287,3,20,3,8879,596731,440,107516,5.527538997369299,0.1526680269848505
228,0.0288,0,6,0,8885,596725,440,107516,5.527483419170773,0.15266932768753877
229,0.029,0,10,0,8895,596715,440,107516,5.527390788839898,0.1526714955746055
230,0.0291,1,10,1,8905,596705,441,107515,5.527298158509022,0.15267246031069837
231,0.0292,0,13,0,8918,596692,441,107515,5.527177739078884,0.15267527871776337
232,0.0293,1,21,1,8939,596671,442,107514,5.526983215384045,0.15267862848541222
233,0.0294,0,6,0,8945,596665,442,107514,5.52692763718552,0.15267992939295263
234,0.0295,0,9,0,8954,596656,442,107514,5.526844269887732,0.15268188079583056
235,0.0296,0,23,0,8977,596633,442,107514,5.526631220126719,0.15268686794092712
236,0.0297,1,10,1,8987,596623,443,107513,5.526538589795843,0.15268783303225514
237,0.0298,0,13,0,9000,596610,443,107513,5.526418170365704,0.1526906520593703
238,0.0299,0,6,0,9006,596604,443,107513,5.526362592167179,0.15269195318391687
239,0.03,0,35,0,9041,596569,443,107513,5.526038386009115,0.15269954351907875
240,0.0301,2,16,2,9057,596553,445,107511,5.525890177479714,0.15270060676302155
241,0.0302,0,4,0,9061,596549,445,107511,5.525853125347364,0.1527014743061671
242,0.0303,2,26,2,9087,596523,447,107509,5.525612286487087,0.15270470660424526
243,0.0304,0,4,0,9091,596519,447,107509,5.525575234354737,0.15270557421011666
244,0.0305,0,6,0,9097,596513,447,107509,5.525519656156212,0.15270687563740906
245,0.0306,1,18,1,9115,596495,448,107508,5.525352921560636,0.15270957652169095
246,0.0307,1,27,1,9142,596468,449,107507,5.525102819667272,0.15271422990873254
247,0.0308,2,15,2,9157,596453,451,107505,5.524963874170958,0.15271507675173804
248,0.0309,0,13,0,9170,596440,451,107505,5.524843454740821,0.15271789699479363
249,0.031,1,25,1,9195,596415,452,107504,5.524611878913632,0.15272211717541365
250,0.0311,2,13,2,9208,596402,454,107502,5.524491459483493,0.15272253034504704
251,0.0313,4,36,4,9244,596366,458,107498,5.524157990292341,0.15272552652216906
252,0.0314,0,12,0,9256,596354,458,107498,5.524046833895291,0.15272813034558402
253,0.0315,1,5,1,9261,596349,459,107497,5.524000518729853,0.15272801152524842
254,0.0316,1,14,1,9275,596335,460,107496,5.523870836266627,0.1527298456589721
255,0.0317,1,11,1,9286,596324,461,107495,5.523768942902664,0.1527310288582718
256,0.0318,2,17,2,9303,596307,463,107493,5.523611471340176,0.15273231031543053
257,0.0319,0,24,0,9327,596283,463,107493,5.523389158546074,0.1527375187559678
258,0.032,2,23,2,9350,596260,465,107491,5.52317610878506,0.15274010267836208
259,0.0321,2,24,2,9374,596236,467,107489,5.52295379599096,0.15274290383317346
260,0.0322,0,11,0,9385,596225,467,107489,5.522851902626996,0.15274529141099935
261,0.0323,1,11,1,9396,596214,468,107488,5.522750009263033,0.15274647507041333
262,0.0324,3,23,3,9419,596191,471,107485,5.52253695950202,0.15274785554715523
263,0.0325,0,11,0,9430,596180,471,107485,5.522435066138057,0.15275024336864843
264,0.0326,0,25,0,9455,596155,471,107485,5.522203490310868,0.1527556705133307
265,0.0327,1,7,1,9462,596148,472,107484,5.522138649079254,0.15275598608363464
266,0.0328,0,7,0,9469,596141,472,107484,5.522073807847642,0.15275750577367206
267,0.0329,0,19,0,9488,596122,472,107484,5.521897810218978,0.15276163079905516
268,0.033,2,4,2,9492,596118,474,107482,5.5218607580866275,0.15276009096077317
269,0.0331,1,37,1,9529,596081,475,107481,5.521518025862388,0.1527669203282724
270,0.0332,0,33,0,9562,596048,475,107481,5.521212345770499,0.1527740860717895
271,0.0333,1,26,1,9588,596022,476,107480,5.5209715069102225,0.1527785279928131
272,0.0334,0,5,0,9593,596017,476,107480,5.520925191744785,0.15277961384341368
273,0.0335,2,48,2,9641,595969,478,107478,5.520480566156582,0.1527876300559957
274,0.0336,2,25,2,9666,595944,480,107476,5.520248990329393,0.1527906513889284
275,0.0337,1,22,1,9688,595922,481,107475,5.520045203601467,0.15279422573596418
276,0.0338,1,31,1,9719,595891,482,107474,5.519758049575753,0.152799755461247
277,0.0339,0,16,0,9735,595875,482,107474,5.5196098410463525,0.15280323139721533
278,0.034,1,19,1,9754,595856,483,107473,5.519433843417689,0.15280615472986325
279,0.0341,1,24,1,9778,595832,484,107472,5.519211530623587,0.15281016459454233
280,0.0342,1,26,1,9804,595806,485,107471,5.518970691763311,0.15281460932178928
281,0.0343,2,34,2,9838,595772,487,107469,5.518655748638334,0.1528195881639438
282,0.0344,2,23,2,9861,595749,489,107467,5.518442698877321,0.1528221769698073
283,0.0345,1,12,1,9873,595737,490,107466,5.5183315424802695,0.15282358010418046
284,0.0346,0,46,0,9919,595691,490,107466,5.517905442958242,0.15283357770739678
285,0.0347,2,12,2,9931,595679,492,107464,5.517794286561192,0.15283377634421447
286,0.0348,0,42,0,9973,595637,492,107464,5.517405239171515,0.15284290592674452
287,0.0349,1,20,1,9993,595617,493,107463,5.517219978509763,0.15284604881379074
288,0.035,1,23,1,10016,595594,494,107462,5.517006928748749,0.15284984410914634
289,0.0351,0,20,0,10036,595574,494,107462,5.516821668086998,0.152854192388441
290,0.0352,0,2,0,10038,595572,494,107462,5.516803142020823,0.1528546272299775
291,0.0353,0,20,0,10058,595552,494,107462,5.516617881359072,0.15285897578142113
292,0.0354,1,12,1,10070,595540,495,107461,5.516506724962022,0.15286037999945945
293,0.0355,0,11,0,10081,595529,495,107461,5.5164048315980585,0.1528627718744221
294,0.0356,3,22,3,10103,595507,498,107458,5.516201044870132,0.15286394059448194
295,0.0357,1,20,1,10123,595487,499,107457,5.516015784208381,0.15286708471798607
296,0.0358,2,13,2,10136,595474,501,107455,5.515895364778243,0.15286750155421103
297,0.0359,2,22,2,10158,595452,503,107453,5.515691578050316,0.15286987573000618
298,0.036,0,14,0,10172,595438,503,107453,5.515561895587091,0.15287292055240428
299,0.0361,5,22,5,10194,595416,508,107448,5.515358108859165,0.15287167930068976
300,0.0362,2,24,2,10218,595392,510,107446,5.5151357960650635,0.15287448885802987
301,0.0363,1,2,1,10220,595390,511,107445,5.515117269998888,0.15287371858259763
302,0.0364,2,25,2,10245,595365,513,107443,5.514885694171699,0.15287674585377514
303,0.0365,0,7,0,10252,595358,513,107443,5.514820852940087,0.1528782685283601
304,0.0366,0,21,0,10273,595337,513,107443,5.514626329245248,0.1528828367341131
305,0.0367,2,4,2,10277,595333,515,107441,5.514589277112898,0.15288129612080129
306,0.0368,1,20,1,10297,595313,516,107440,5.514404016451147,0.1528844416174673
307,0.0369,1,11,1,10308,595302,517,107439,5.514302123087184,0.15288562927166624
308,0.037,0,17,0,10325,595285,517,107439,5.5141446515246955,0.15288932781575698
309,0.0371,0,3,0,10328,595282,517,107439,5.514116862425433,0.15288998051858418
310,0.0372,3,24,3,10352,595258,520,107436,5.513894549631331,0.15289158581117812
311,0.0373,1,16,1,10368,595242,521,107435,5.51374634110193,0.15289386161778457
312,0.0374,1,25,1,10393,595217,522,107434,5.513514765274741,0.15289809592528866
313,0.0375,1,15,1,10408,595202,523,107433,5.513375819778428,0.15290015441872382
314,0.0376,1,6,1,10414,595196,524,107432,5.513320241579903,0.1529002544732063
315,0.0377,0,20,0,10434,595176,524,107432,5.513134980918152,0.1529046068362444
316,0.0378,0,6,0,10440,595170,524,107432,5.513079402719627,0.15290591259347397
317,0.0379,0,22,0,10462,595148,524,107432,5.5128756159917005,0.15291070056079023
318,0.038,0,2,0,10464,595146,524,107432,5.512857089925525,0.15291113584541502
319,0.0381,1,27,1,10491,595119,525,107431,5.512606988032161,0.15291580670414917
320,0.0383,0,11,0,10502,595108,525,107431,5.512505094668198,0.15291820098243655
321,0.0384,1,14,1,10516,595094,526,107430,5.512375412204972,0.15292004258929232
322,0.0385,4,47,4,10563,595047,530,107426,5.511940049649858,0.15292545051553583
323,0.0386,0,18,0,10581,595029,530,107426,5.511773315054281,0.15292936914108377
324,0.0387,1,18,1,10599,595011,531,107425,5.5116065804587056,0.1529320820686867
325,0.0388,1,25,1,10624,594986,532,107424,5.511375004631517,0.15293631924374654
326,0.0389,1,8,1,10632,594978,533,107423,5.511300900366816,0.15293685515823582
327,0.039,2,12,2,10644,594966,535,107421,5.511189743969766,0.15293705606738164
328,0.0391,0,10,0,10654,594956,535,107421,5.51109711363889,0.1529392334885681
329,0.0392,2,28,2,10682,594928,537,107419,5.510837748712438,0.15294291852887532
330,0.0393,1,20,1,10702,594908,538,107418,5.510652488050687,0.15294606778048941
331,0.0394,0,11,0,10713,594897,538,107418,5.510550594686724,0.1529484632963841
332,0.0395,1,14,1,10727,594883,539,107417,5.510420912223498,0.1529503061369785
333,0.0396,0,21,0,10748,594862,539,107417,5.51022638852866,0.15295487975576658
334,0.0397,0,5,0,10753,594857,539,107417,5.510180073363222,0.15295596875293688
335,0.0398,0,9,0,10762,594848,539,107417,5.5100967060654344,0.1529579289869209
336,0.0399,1,17,1,10779,594831,540,107416,5.509939234502945,0.15296042560523576
337,0.04,2,39,2,10818,594792,542,107414,5.509577976212531,0.15296650840351692
338,0.0402,0,3,0,10821,594789,542,107414,5.509550187113268,0.15296716191756515
339,0.0403,1,13,1,10834,594776,543,107413,5.50942976768313,0.15296878760561616
340,0.0404,2,15,2,10849,594761,545,107411,5.509290822186816,0.1529696427655902
341,0.0405,1,31,1,10880,594730,546,107410,5.509003668161102,0.1529751901330219
342,0.0406,3,29,3,10909,594701,549,107407,5.508735040201564,0.15297788944151042
343,0.0408,1,19,1,10928,594682,550,107406,5.5085590425729,0.15298082291678536
344,0.0409,0,18,0,10946,594664,550,107406,5.508392307977324,0.1529847451108864
345,0.041,0,5,0,10951,594659,550,107406,5.508345992811886,0.15298583464494028
346,0.0411,1,8,1,10959,594651,551,107405,5.508271888547186,0.15298637145754754
347,0.0412,0,18,0,10977,594633,551,107405,5.50810515395161,0.15299029397269093
348,0.0413,1,17,1,10994,594616,552,107404,5.507947682389122,0.15299279222814166
349,0.0414,0,7,0,11001,594609,552,107404,5.5078828411575085,0.15299431776904415
350,0.0415,1,3,1,11004,594606,553,107403,5.507855052058246,0.15299376503720039
351,0.0416,1,4,1,11008,594602,554,107402,5.507817999925896,0.15299343023686474
352,0.0417,0,7,0,11015,594595,554,107402,5.507753158694283,0.15299495581889952
353,0.0418,3,23,3,11038,594572,557,107399,5.507540108933269,0.1529963488520181
354,0.0419,0,11,0,11049,594561,557,107399,5.507438215569306,0.15299874636731436
355,0.042,0,16,0,11065,594545,557,107399,5.507290007039905,0.15300223379642822
356,0.0421,1,13,1,11078,594532,558,107398,5.507169587609767,0.15300386078383885
357,0.0422,3,30,3,11108,594502,561,107395,5.50689169661714,0.15300678019709443
358,0.0423,0,28,0,11136,594474,561,107395,5.506632331690689,0.1530128841706928
359,0.0424,2,37,2,11173,594437,563,107393,5.50628959946645,0.15301853725261103
360,0.0425,2,35,2,11208,594402,565,107391,5.505965393308385,0.15302375486788838
361,0.0426,0,7,0,11215,594395,565,107391,5.505900552076772,0.15302528121108144
362,0.0427,1,26,1,11241,594369,566,107390,5.505659713216495,0.15302974382943432
363,0.0428,2,33,2,11274,594336,568,107388,5.505354033124607,0.1530345263949929
364,0.0429,3,28,3,11302,594308,571,107385,5.505094668198155,0.15303701191261707
365,0.043,0,26,0,11328,594282,571,107385,5.504853829337878,0.15304268264005574
366,0.0431,0,3,0,11331,594279,571,107385,5.5048260402386155,0.15304333698180325
367,0.0432,0,16,0,11347,594263,571,107385,5.504677831709214,0.15304682689895788
368,0.0433,0,4,0,11351,594259,571,107385,5.504640779576865,0.1530476994031161
369,0.0434,2,16,2,11367,594243,573,107383,5.5044925710474635,0.15304877527343627
370,0.0435,1,29,1,11396,594214,574,107382,5.504223943087925,0.15305389426393537
371,0.0436,1,27,1,11423,594187,575,107381,5.5039738411945605,0.15305857735814632
372,0.0437,0,10,0,11433,594177,575,107381,5.503881210863685,0.1530607590534211
373,0.0438,1,13,1,11446,594164,576,107380,5.503760791433547,0.15306238810395356
374,0.0439,1,19,1,11465,594145,577,107379,5.503584793804883,0.1530653263466396
375,0.044,0,19,0,11484,594126,577,107379,5.50340879617622,0.1530694720636346
376,0.0441,0,18,0,11502,594108,577,107379,5.503242061580644,0.1530733997921558
377,0.0442,2,22,2,11524,594086,579,107377,5.503038274852718,0.1530757858931975
378,0.0443,4,49,4,11573,594037,583,107373,5.502584386231428,0.153081649819649
379,0.0444,1,12,1,11585,594025,584,107372,5.502473229834377,0.1530830613760823
380,0.0445,4,30,4,11615,593995,588,107368,5.502195338841751,0.15308477920848404
381,0.0446,2,30,2,11645,593965,590,107366,5.501917447849124,0.15308891236805447
382,0.0447,5,45,5,11690,593920,595,107361,5.501500611360184,0.1530926975064204
383,0.0448,2,26,2,11716,593894,597,107359,5.501259772499908,0.15309595823475977
384,0.0449,2,15,2,11731,593879,599,107357,5.501120827003594,0.1530968176191753
385,0.045,2,29,2,11760,593850,601,107355,5.500852199044055,0.1531007337369243
386,0.0451,1,25,1,11785,593825,602,107354,5.500620623216866,0.15310498460450184
387,0.0452,0,13,0,11798,593812,602,107354,5.500500203786728,0.15310782325440767
388,0.0453,0,13,0,11811,593799,602,107354,5.50037978435659,0.15311066200957565
389,0.0454,0,13,0,11824,593786,602,107354,5.5002593649264515,0.1531135008700117
390,0.0455,1,21,1,11845,593765,603,107353,5.500064841231613,0.15311687904175902
391,0.0456,3,38,3,11883,593727,606,107350,5.499712845974286,0.1531215544084316
392,0.0457,0,3,0,11886,593724,606,107350,5.499685056875023,0.15312220963835488
393,0.0458,0,8,0,11894,593716,606,107350,5.499610952610323,0.15312395694556574
394,0.0459,0,29,0,11923,593687,606,107350,5.499342324650784,0.15313029126850652
395,0.046,2,32,2,11955,593655,608,107348,5.499045907591982,0.15313486532867904
396,0.0461,2,25,2,11980,593630,610,107346,5.498814331764793,0.15313791057040468
397,0.0462,2,30,2,12010,593600,612,107344,5.498536440772167,0.15314204843753568
398,0.0463,0,21,0,12031,593579,612,107344,5.498341917077328,0.1531466366491041
399,0.0464,1,16,1,12047,593563,613,107343,5.498193708547927,0.1531489243921439
400,0.0465,2,9,2,12056,593554,615,107341,5.498110341250139,0.15314847445052399
401,0.0466,1,16,1,12072,593538,616,107340,5.497962132720738,0.15315076232953523
402,0.0467,1,6,1,12078,593532,617,107339,5.4979065545222126,0.1531508651378071
403,0.0468,1,24,1,12102,593508,618,107338,5.497684241728112,0.15315490136206814
404,0.0469,2,37,2,12139,593471,620,107336,5.497341509503872,0.15316057059932336
405,0.047,0,15,0,12154,593456,620,107336,5.497202564007559,0.15316384890238474
406,0.0471,0,14,0,12168,593442,620,107336,5.497072881544333,0.153166908778529
407,0.0472,0,28,0,12196,593414,620,107336,5.496813516617881,0.1531730288976097
408,0.0473,4,36,4,12232,593378,624,107332,5.496480047426729,0.15317606427766123
409,0.0474,3,32,3,12264,593346,627,107329,5.496183630367928,0.15317943411710136
410,0.0475,0,17,0,12281,593329,627,107329,5.4960261588054395,0.1531831506954891
411,0.0476,1,19,1,12300,593310,628,107328,5.495850161176776,0.15318609610098224
412,0.0477,1,13,1,12313,593297,629,107327,5.495729741746637,0.15318772979515402
413,0.0478,1,12,1,12325,593285,630,107326,5.495618585349587,0.15318914490351992
414,0.0479,1,13,1,12338,593272,631,107325,5.495498165919448,0.15319077872157602
415,0.048,1,9,1,12347,593263,632,107324,5.495414798621661,0.15319153795317356
416,0.0481,0,13,0,12360,593250,632,107324,5.495294379191522,0.15319438060790153
417,0.0482,1,8,1,12368,593242,633,107323,5.495220274926822,0.15319492124214026
418,0.0483,1,13,1,12381,593229,634,107322,5.495099855496684,0.153196555282913
419,0.0484,2,33,2,12414,593196,636,107320,5.494794175404794,0.15320135443016292
420,0.0485,4,24,4,12438,593172,640,107316,5.494571862610694,0.15320176791037105
421,0.0486,1,23,1,12461,593149,641,107315,5.494358812849679,0.15320558943785834
422,0.0487,2,16,2,12477,593133,643,107313,5.494210604320279,0.15320667117807796
423,0.0488,0,16,0,12493,593117,643,107313,5.494062395790878,0.15321017089502162
424,0.0489,2,22,2,12515,593095,645,107311,5.4938586090629515,0.1532125652835641
425,0.049,0,17,0,12532,593078,645,107311,5.493701137500463,0.15321628409355373
426,0.0491,2,8,2,12540,593070,647,107309,5.493627033235763,0.15321561611641696
427,0.0492,3,24,3,12564,593046,650,107306,5.493404720441662,0.15321723933107922
428,0.0493,0,23,0,12587,593023,650,107306,5.493191670680647,0.1532222712467997
429,0.0494,0,27,0,12614,592996,650,107306,5.492941568787284,0.15322817870004654
430,0.0495,0,9,0,12623,592987,650,107306,5.492858201489495,0.1532301479523571
431,0.0496,1,16,1,12639,592971,651,107305,5.492709992960095,0.15323243978088638
432,0.0497,1,15,1,12654,592956,652,107304,5.492571047463781,0.15323451289521034
433,0.0498,3,20,3,12674,592936,655,107301,5.49238578680203,0.15323526177565597
434,0.0499,3,23,3,12697,592913,658,107298,5.492172737041017,0.15323666723316257
435,0.05,0,22,0,12719,592891,658,107298,5.49196895031309,0.1532414819427326
436,0.0501,0,11,0,12730,592880,658,107298,5.491867056949127,0.15324388941097836
437,0.0502,1,10,1,12740,592870,659,107297,5.491774426618252,0.1532448687241758
438,0.0503,1,34,1,12774,592836,660,107296,5.491459483493275,0.15325110122091262
439,0.0504,2,10,2,12784,592826,662,107294,5.4913668531624,0.15325087127920928
440,0.0505,2,41,2,12825,592785,664,107292,5.49098706880581,0.15325742739727202
441,0.0507,0,14,0,12839,592771,664,107292,5.490857386342584,0.15326049226998142
442,0.0508,1,10,1,12849,592761,665,107291,5.490764756011709,0.15326147200493678
443,0.0509,3,15,3,12864,592746,668,107288,5.490625810515395,0.15326112731667318
444,0.051,1,27,1,12891,592719,669,107287,5.4903757086220315,0.15326582915003586
445,0.0511,0,14,0,12905,592705,669,107287,5.490246026158806,0.15326889450165146
446,0.0513,1,9,1,12914,592696,670,107286,5.490162658861017,0.1532696555054273
447,0.0514,2,31,2,12945,592665,672,107284,5.489875504835303,0.15327402425033823
448,0.0515,0,2,0,12947,592663,672,107284,5.4898569787691285,0.15327446220928156
449,0.0516,1,26,1,12973,592637,673,107283,5.4896161399088514,0.15327894616527604
450,0.0517,0,17,0,12990,592620,673,107283,5.489458668346363,0.15328266916987068
451,0.0518,1,4,1,12994,592616,674,107282,5.489421616214013,0.1532823354260192
452,0.0519,1,14,1,13008,592602,675,107281,5.4892919337507875,0.15328419178634142
453,0.052,1,25,1,13033,592577,676,107280,5.489060357923599,0.15328845749917483
454,0.0521,0,17,0,13050,592560,676,107280,5.48890288636111,0.15329218106995884
455,0.0522,1,26,1,13076,592534,677,107279,5.488662047500834,0.15329666639516557
456,0.0523,4,19,4,13095,592515,681,107275,5.48848604987217,0.153295988796639
457,0.0524,0,15,0,13110,592500,681,107275,5.4883471043758565,0.15329927476688937
458,0.0525,2,12,2,13122,592488,683,107273,5.488235947978806,0.15329948368085675
459,0.0526,1,6,1,13128,592482,684,107272,5.488180369780281,0.15329958814097525
460,0.0527,1,32,1,13160,592450,685,107271,5.4878839527214796,0.15330538886213219
461,0.0528,0,13,0,13173,592437,685,107271,5.487763533291341,0.15330823715035416
462,0.0529,1,26,1,13199,592411,686,107270,5.487522694431065,0.153312723941339
463,0.053,1,23,1,13222,592388,687,107269,5.4873096446700504,0.15331655368273311
464,0.0531,0,8,0,13230,592380,687,107269,5.48723554040535,0.15331830675095656
465,0.0532,1,11,1,13241,592369,688,107268,5.487133647041388,0.15331950711583292
466,0.0533,1,12,1,13253,592357,689,107267,5.487022490644336,0.15332092666918232
467,0.0534,5,28,5,13281,592329,694,107262,5.486763125717885,0.1533210118483514
468,0.0535,3,22,3,13303,592307,697,107259,5.4865593389899585,0.15332220262276897
469,0.0536,4,13,4,13316,592294,701,107255,5.486438919559821,0.1533202105928248
470,0.0537,1,8,1,13324,592286,702,107254,5.48636481529512,0.15332075363810505
471,0.0538,3,27,3,13351,592259,705,107251,5.486114713401756,0.15332304041400407
472,0.0539,0,14,0,13365,592245,705,107251,5.48598503093853,0.15332610908425495
473,0.054,1,13,1,13378,592232,706,107250,5.485864611508393,0.15332774824798923
474,0.0541,1,28,1,13406,592204,707,107249,5.485605246581941,0.1533326756765644
475,0.0542,0,11,0,13417,592193,707,107249,5.485503353217978,0.1533350871122981
476,0.0543,3,21,3,13438,592172,710,107246,5.485308829523139,0.15333605940939468
477,0.0544,1,23,1,13461,592149,711,107245,5.485095779762125,0.15333989139169052
478,0.0545,1,10,1,13471,592139,712,107244,5.4850031494312494,0.15334087331261984
479,0.0546,1,10,1,13481,592129,713,107243,5.484910519100374,0.15334185526443725
480,0.0547,0,20,0,13501,592109,713,107243,5.4847252584386235,0.15334624051979548
481,0.0548,1,14,1,13515,592095,714,107242,5.484595575975398,0.15334809970014457
482,0.0549,2,44,2,13559,592051,716,107240,5.484188002519545,0.15335532703838603
483,0.055,2,12,2,13571,592039,718,107238,5.484076846122495,0.15335553721915635
484,0.0551,0,10,0,13581,592029,718,107238,5.483984215791619,0.15335773030902358
485,0.0552,2,33,2,13614,591996,720,107236,5.483678535699729,0.1533625463365521
486,0.0553,0,15,0,13629,591981,720,107236,5.483539590203416,0.15336583635695356
487,0.0554,0,10,0,13639,591971,720,107236,5.48344695987254,0.15336802978231054
488,0.0555,1,19,1,13658,591952,721,107235,5.4832709622438776,0.15337098658870946
489,0.0556,0,7,0,13665,591945,721,107235,5.483206121012264,0.153372522097314
490,0.0557,3,25,3,13690,591920,724,107232,5.482974545185075,0.15337437352678673
491,0.0558,0,26,0,13716,591894,724,107232,5.482733706324799,0.15338007741093881
492,0.0559,2,25,2,13741,591869,726,107230,5.48250213049761,0.15338314029915648
493,0.056,0,20,0,13761,591849,726,107230,5.482316869835859,0.1533875284481439
494,0.0561,0,13,0,13774,591836,726,107230,5.482196450405721,0.15339038087963083
495,0.0562,1,20,1,13794,591816,727,107229,5.48201118974397,0.15339355835461235
496,0.0563,0,10,0,13804,591806,727,107229,5.481918559413094,0.15339575271624453
497,0.0564,1,13,1,13817,591793,728,107228,5.481798139982956,0.1533973943558205
498,0.0565,1,24,1,13841,591769,729,107227,5.481575827188855,0.15340145007982878
499,0.0566,0,16,0,13857,591753,729,107227,5.4814276186594535,0.15340496151535093
500,0.0567,0,20,0,13877,591733,729,107227,5.4812423579977025,0.15340935103582465
501,0.0568,0,5,0,13882,591728,729,107227,5.481196042832265,0.15341044845519383
502,0.0569,0,2,0,13884,591726,729,107227,5.48117751676609,0.15341088742733774
503,0.057,0,11,0,13895,591715,729,107227,5.481075623402127,0.15341330181903506
504,0.0571,0,9,0,13904,591706,729,107227,5.480992256104339,0.15341527728695026
505,0.0572,1,21,1,13925,591685,730,107226,5.4807977324095,0.15341867562536574
506,0.0573,3,31,3,13956,591654,733,107223,5.480510578383786,0.15342184676273507
507,0.0574,2,17,2,13973,591637,735,107221,5.480353106821298,0.15342315606317736
508,0.0575,2,18,2,13991,591619,737,107219,5.480186372225722,0.1534246849770619
509,0.0576,0,6,0,13997,591613,737,107219,5.480130794027196,0.15342600224374384
510,0.0577,1,4,1,14001,591609,738,107218,5.480093741894846,0.15342566901393334
511,0.0578,2,27,2,14028,591582,740,107216,5.479843640001482,0.15342917409609072
512,0.0579,0,8,0,14036,591574,740,107216,5.479769535736781,0.15343093060862348
513,0.058,2,25,2,14061,591549,742,107214,5.479537959909592,0.15343399693458298
514,0.0581,2,35,2,14096,591514,744,107212,5.479213753751528,0.15343925945220302
515,0.0582,1,18,1,14114,591496,745,107211,5.479047019155953,0.15344200072419484
516,0.0583,1,18,1,14132,591478,746,107210,5.478880284560376,0.153444742145278
517,0.0584,0,13,0,14145,591465,746,107210,5.478759865130238,0.15344759723762838
518,0.0585,0,11,0,14156,591454,746,107210,5.478657971766276,0.1534500131679892
519,0.0586,0,30,0,14186,591424,746,107210,5.478380080773649,0.15345660245564915
520,0.0587,1,28,1,14214,591396,747,107209,5.478120715847197,0.15346154121427702
521,0.0588,1,28,1,14242,591368,748,107208,5.477861350920746,0.15346648038295047
522,0.0589,0,10,0,14252,591358,748,107208,5.47776872058987,0.15346867726170468
523,0.059,0,2,0,14254,591356,748,107208,5.477750194523695,0.15346911664500318
524,0.0591,2,15,2,14269,591341,750,107206,5.477611249027381,0.15346998841881793
525,0.0592,6,46,6,14315,591295,756,107200,5.477185149505354,0.1534728237138419
526,0.0593,2,11,2,14326,591284,758,107198,5.477083256141391,0.15347281676550004
527,0.0594,2,27,2,14353,591257,760,107196,5.476833154248027,0.1534763255365787
528,0.0595,2,25,2,14378,591232,762,107194,5.476601578420838,0.1534793950969752
529,0.0596,0,13,0,14391,591219,762,107194,5.4764811589907,0.15348225190539122
530,0.0597,0,18,0,14409,591201,762,107194,5.476314424395124,0.15348620766185325
531,0.0598,2,20,2,14429,591181,764,107192,5.476129163733373,0.15348817895308095
532,0.0599,1,7,1,14436,591174,765,107191,5.47606432250176,0.15348850529450933
533,0.06,3,26,3,14462,591148,768,107188,5.475823483641483,0.15349058332951473
534,0.0601,0,29,0,14491,591119,768,107188,5.475554855681945,0.1534969576418395
535,0.0602,0,8,0,14499,591111,768,107188,5.475480751417244,0.15349871616599767
536,0.0603,2,16,2,14515,591095,770,107186,5.475332542887843,0.15349980881622155
537,0.0604,2,29,2,14544,591066,772,107184,5.475063914928304,0.15350375939849625
538,0.0605,0,20,0,14564,591046,772,107184,5.474878654266553,0.15350815633816936
539,0.0606,2,17,2,14581,591029,774,107182,5.474721182704065,0.15350946920057118
540,0.0607,0,9,0,14590,591020,774,107182,5.474637815406276,0.1535114479763736
541,0.0608,3,9,3,14599,591011,777,107179,5.4745544481084885,0.1535097895988198
542,0.0609,1,14,1,14613,590997,778,107178,5.474424765645263,0.15351165538725964
543,0.061,4,23,4,14636,590974,782,107174,5.474211715884249,0.15351186281418838
544,0.0611,2,16,2,14652,590958,784,107172,5.474063507354848,0.15351295603970608
545,0.0612,2,18,2,14670,590940,786,107170,5.4738967727592724,0.15351448912062568
546,0.0613,0,9,0,14679,590931,786,107170,5.473813405461485,0.15351646824743126
547,0.0614,0,17,0,14696,590914,786,107170,5.473655933898996,0.1535202067372981
548,0.0615,1,24,1,14720,590890,787,107169,5.473433621104895,0.1535242723036305
549,0.0616,4,21,4,14741,590869,791,107165,5.4732390974100555,0.15352404037625675
550,0.0617,0,18,0,14759,590851,791,107165,5.47307236281448,0.1535279993581809
551,0.0618,1,19,1,14778,590832,792,107164,5.472896365185816,0.15353096579350026
552,0.0619,3,27,3,14805,590805,795,107161,5.472646263292453,0.15353326666341913
553,0.062,0,6,0,14811,590799,795,107161,5.472590685093927,0.15353458650925556
554,0.0621,4,36,4,14847,590763,799,107157,5.472257215902776,0.15353765474552958
555,0.0622,2,23,2,14870,590740,801,107155,5.472044166141761,0.15354028901195738
556,0.0623,1,32,1,14902,590708,802,107154,5.47174774908296,0.1535461165674589
557,0.0624,0,13,0,14915,590695,802,107154,5.471627329652821,0.15354897692767347
558,0.0625,0,34,0,14949,590661,802,107154,5.471312386527845,0.1535564583736377
559,0.0626,4,20,4,14969,590641,806,107150,5.471127125866094,0.15355600745782047
560,0.0627,1,25,1,14994,590616,807,107149,5.470895550038905,0.15356029608822455
561,0.0628,5,19,5,15013,590597,812,107144,5.470719552410241,0.1535584120755409
562,0.0629,4,32,4,15045,590565,816,107140,5.47042313535144,0.1535606022602676
563,0.063,2,16,2,15061,590549,818,107138,5.4702749268220385,0.15356169743738954
564,0.0631,0,7,0,15068,590542,818,107138,5.470210085590426,0.15356323816076137
565,0.0632,0,8,0,15076,590534,818,107138,5.4701359813257255,0.15356499902532997
566,0.0633,3,40,3,15116,590494,821,107135,5.469765460002223,0.15357016408434856
567,0.0634,0,10,0,15126,590484,821,107135,5.469672829671348,0.15357236543156078
568,0.0635,1,9,1,15135,590475,822,107134,5.46958946237356,0.1535731333741394
569,0.0636,0,8,0,15143,590467,822,107134,5.469515358108859,0.1535748945314012
570,0.0637,1,28,1,15171,590439,823,107133,5.469255993182408,0.15357984552132253
571,0.0638,0,28,0,15199,590411,823,107133,5.468996628255956,0.15358601034486713
572,0.0639,2,17,2,15216,590394,825,107131,5.468839156693468,0.1535873266191176
573,0.064,0,18,0,15234,590376,825,107131,5.4686724220978915,0.15359129012325323
574,0.0641,1,19,1,15253,590357,826,107130,5.468496424469228,0.15359426053818925
575,0.0642,0,16,0,15269,590341,826,107130,5.468348215939828,0.1535977839938865
576,0.0643,2,25,2,15294,590316,828,107128,5.468116640112639,0.15360086257821418
577,0.0644,4,34,4,15328,590282,832,107124,5.467801696987662,0.15360349638517592
578,0.0645,2,11,2,15339,590271,834,107122,5.467699803623699,0.153603491861834
579,0.0646,1,10,1,15349,590261,835,107121,5.467607173292823,0.15360448075803504
580,0.0647,2,20,2,15369,590241,837,107119,5.467421912631072,0.15360645864402891
581,0.0648,1,25,1,15394,590216,838,107118,5.467190336803883,0.15361075180616462
582,0.0649,6,24,6,15418,590192,844,107112,5.466968024009781,0.15360875600885696
583,0.065,0,16,0,15434,590176,844,107112,5.466819815480381,0.1536122807218825
584,0.0651,1,25,1,15459,590151,845,107111,5.466588239653192,0.15361657454443237
585,0.0652,2,17,2,15476,590134,847,107109,5.466430768090704,0.15361789218393013
586,0.0653,4,21,4,15497,590113,851,107105,5.466236244395865,0.153617663342025
587,0.0654,0,2,0,15499,590111,851,107105,5.46621771832969,0.15361810400220305
588,0.0655,1,5,1,15504,590106,852,107104,5.466171403164252,0.15361799170981483
589,0.0656,0,9,0,15513,590097,852,107104,5.4660880358664645,0.1536199747275176
590,0.0657,3,27,3,15540,590070,855,107101,5.4658379339731,0.15362228205131884
591,0.0658,0,18,0,15558,590052,855,107101,5.465671199377524,0.15362624847056527
592,0.0659,0,12,0,15570,590040,855,107101,5.465560042980473,0.15362889286385395
593,0.066,1,21,1,15591,590019,856,107100,5.465365519285635,0.15363230667934744
594,0.0661,1,7,1,15598,590012,857,107099,5.465300678054022,0.15363263526181628
595,0.0662,1,16,1,15614,589996,858,107098,5.465152469524621,0.15363494736721303
596,0.0663,0,10,0,15624,589986,858,107098,5.465059839193746,0.1536371513332683
597,0.0664,0,5,0,15629,589981,858,107098,5.465013524028308,0.1536382533400088
598,0.0665,0,13,0,15642,589968,858,107098,5.464893104598169,0.15364111863152127
599,0.0666,2,29,2,15671,589939,860,107096,5.4646244766386305,0.15364508238467223
600,0.0667,1,12,1,15683,589927,861,107095,5.46451332024158,0.15364651330947948
601,0.0668,0,8,0,15691,589919,861,107095,5.4644392159768795,0.15364827679214477
602,0.0669,0,13,0,15704,589906,861,107095,5.464318796546741,0.1536511425378156
603,0.067,4,25,4,15729,589881,865,107091,5.464087220719552,0.15365179662884593
604,0.0671,0,15,0,15744,589866,865,107091,5.463948275223239,0.15365510354297324
605,0.0672,0,10,0,15754,589856,865,107091,5.463855644892363,0.15365730823147242
606,0.0673,0,14,0,15768,589842,865,107091,5.463725962429137,0.153660394901662
607,0.0674,0,14,0,15782,589828,865,107091,5.463596279965912,0.15366348169586422
608,0.0675,1,21,1,15803,589807,866,107090,5.4634017562710735,0.15366689769076347
609,0.0676,1,21,1,15824,589786,867,107089,5.463207232576234,0.15367031390134528
610,0.0677,1,14,1,15838,589772,868,107088,5.463077550113009,0.15367218666590132
611,0.0678,0,11,0,15849,589761,868,107088,5.4629756567490455,0.15367461243397063
612,0.0679,0,18,0,15867,589743,868,107088,5.46280892215347,0.15367858203782553
613,0.068,0,9,0,15876,589734,868,107088,5.462725554855682,0.15368056691665877
614,0.0681,3,22,3,15898,589712,871,107085,5.462521768127756,0.15368177532337252
615,0.0682,0,14,0,15912,589698,871,107085,5.46239208566453,0.1536848631496463
616,0.0683,0,2,0,15914,589696,871,107085,5.462373559598355,0.15368530427781468
617,0.0684,2,20,2,15934,589676,873,107083,5.462188298936604,0.15368728642184745
618,0.0685,0,22,0,15956,589654,873,107083,5.461984512208677,0.15369213921465344
619,0.0686,1,6,1,15962,589648,874,107082,5.461928934010152,0.15369224807314166
620,0.0687,0,12,0,15974,589636,874,107082,5.461817777613102,0.1536948952086784
621,0.0688,0,19,0,15993,589617,874,107082,5.461641779984438,0.15369908669310564
622,0.0689,1,15,1,16008,589602,875,107081,5.461502834488125,0.15370118116847978
623,0.069,2,17,2,16025,589585,877,107079,5.461345362925637,0.15370250221053477
624,0.0691,0,20,0,16045,589565,877,107079,5.461160102263885,0.1537069148661296
625,0.0692,1,9,1,16054,589556,878,107078,5.461076734966097,0.15370768581493294
626,0.0693,1,8,1,16062,589548,879,107077,5.461002630701397,0.15370823613852502
627,0.0694,1,5,1,16067,589543,880,107076,5.4609563155359595,0.15370812452718058
628,0.0695,3,28,3,16095,589515,883,107073,5.460696950609508,0.15371065823700666
629,0.0696,0,5,0,16100,589510,883,107073,5.46065063544407,0.1537117615560529
630,0.0697,1,28,1,16128,589482,884,107072,5.4603912705176185,0.15371672548000587
631,0.0698,0,16,0,16144,589466,884,107072,5.460243061988217,0.15372025646841952
632,0.0699,0,7,0,16151,589459,884,107072,5.460178220756605,0.15372180132686125
633,0.07,2,24,2,16175,589435,886,107070,5.459955907962503,0.15372466816462194
634,0.0701,0,17,0,16192,589418,886,107070,5.459798436400015,0.15372842030300593
635,0.0702,2,25,2,16217,589393,888,107068,5.459566860572826,0.15373150829694698
636,0.0703,0,17,0,16234,589376,888,107068,5.459409389010338,0.1537352608393496
637,0.0704,0,4,0,16238,589372,888,107068,5.459372336877987,0.1537361438171271
638,0.0705,1,16,1,16254,589356,889,107067,5.459224128348587,0.15373846067691618
639,0.0706,0,23,0,16277,589333,889,107067,5.459011078587572,0.15374353819643882
640,0.0707,2,18,2,16295,589315,891,107065,5.458844343991997,0.15374508170826273
641,0.0708,0,12,0,16307,589303,891,107065,5.458733187594946,0.15374773108471382
642,0.0709,2,16,2,16323,589287,893,107063,5.458584979065545,0.15374883320169455
643,0.071,1,19,1,16342,589268,894,107062,5.4584089814368815,0.15375181307713298
644,0.0711,1,20,1,16362,589248,895,107061,5.4582237207751305,0.15375501393777763
645,0.0712,1,11,1,16373,589237,896,107060,5.458121827411167,0.15375622758679128
646,0.0713,3,36,3,16409,589201,899,107057,5.457788358220015,0.15376053129730646
647,0.0714,0,32,0,16441,589169,899,107057,5.457491941161214,0.1537675984522267
648,0.0715,0,17,0,16458,589152,899,107057,5.457334469598726,0.153771353142519
649,0.0716,3,23,3,16481,589129,902,107054,5.457121419837712,0.15377278675290837
650,0.0717,1,19,1,16500,589110,903,107053,5.456945422209048,0.1537757680313375
651,0.0718,1,9,1,16509,589101,904,107052,5.4568620549112605,0.15377654050187242
652,0.0719,0,3,0,16512,589098,904,107052,5.456834265811997,0.1537772031889679
653,0.072,1,16,1,16528,589082,905,107051,5.456686057282597,0.15377952201662615
654,0.0721,0,4,0,16532,589078,905,107051,5.456649005150246,0.15378040564320694
655,0.0722,1,16,1,16548,589062,906,107050,5.456500796620846,0.1537827246190268
656,0.0723,2,16,2,16564,589046,908,107048,5.456352588091445,0.15378382804621216
657,0.0724,0,6,0,16570,589040,908,107048,5.4562970098929195,0.1537851536012688
658,0.0725,0,20,0,16590,589020,908,107048,5.456111749231169,0.15378957228316772
659,0.0726,1,21,1,16611,588999,909,107047,5.4559172255363295,0.15379299643989047
660,0.0727,2,19,2,16630,588980,911,107045,5.455741227907666,0.15379476311914084
661,0.0728,0,14,0,16644,588966,911,107045,5.45561154544444,0.1537978566430703
662,0.0729,1,25,1,16669,588941,912,107044,5.455379969617251,0.1538021652765505
663,0.073,0,24,0,16693,588917,912,107044,5.45515765682315,0.15380746909668788
664,0.0731,2,32,2,16725,588885,914,107042,5.454861239764348,0.1538121096034498
665,0.0732,4,24,4,16749,588861,918,107038,5.454638926970247,0.1538125503844667
666,0.0733,1,7,1,16756,588854,919,107037,5.454574085738634,0.15381288161508053
667,0.0734,1,3,1,16759,588851,920,107036,5.454546296639371,0.15381232872578451
668,0.0735,0,17,0,16776,588834,920,107036,5.454388825076883,0.15381608633796542
669,0.0736,2,15,2,16791,588819,922,107034,5.45424987958057,0.15381696996348368
670,0.0737,0,22,0,16813,588797,922,107034,5.454046092852644,0.15382183317500944
671,0.0738,1,16,1,16829,588781,923,107033,5.453897884323243,0.15382415415613943
672,0.0739,0,2,0,16831,588779,923,107033,5.453879358257067,0.1538245962990003
673,0.074,4,28,4,16859,588751,927,107029,5.453619993330616,0.15382592198683492
674,0.0741,1,15,1,16874,588736,928,107028,5.453481047834303,0.1538280221454401
675,0.0742,1,18,1,16892,588718,929,107027,5.453314313238727,0.15383078570453254
676,0.0743,0,3,0,16895,588715,929,107027,5.453286524139465,0.15383144901414605
677,0.0744,0,29,0,16924,588686,929,107027,5.453017896179925,0.15383786130200242
678,0.0745,1,32,1,16956,588654,930,107026,5.452721479121124,0.15384372125114995
679,0.0746,3,23,3,16979,588631,933,107023,5.45250842936011,0.15384515865645854
680,0.0747,0,20,0,16999,588611,933,107023,5.452323168698358,0.15384958182032504
681,0.0748,2,31,2,17030,588580,935,107021,5.452036014672644,0.15385400538527116
682,0.0749,0,14,0,17044,588566,935,107021,5.451906332209418,0.15385710198724242
683,0.075,2,31,2,17075,588535,937,107019,5.451619178183704,0.1538615262078861
684,0.0751,1,25,1,17100,588510,938,107018,5.451387602356515,0.15386584005244935
685,0.0752,0,2,0,17102,588508,938,107018,5.451369076290341,0.1538662824969879
686,0.0753,1,18,1,17120,588490,939,107017,5.451202341694764,0.1538690480469643
687,0.0754,2,15,2,17135,588475,941,107015,5.451063396198451,0.15386993342823047
688,0.0755,2,11,2,17146,588464,943,107013,5.450961502834488,0.15386993387272332
689,0.0756,0,16,0,17162,588448,943,107013,5.450813294305087,0.15387347385403352
690,0.0757,0,26,0,17188,588422,943,107013,5.450572455444811,0.15387922667107637
691,0.0758,1,10,1,17198,588412,944,107012,5.450479825113935,0.15388022271304988
692,0.0759,0,30,0,17228,588382,944,107012,5.450201934121309,0.15388686126138562
693,0.076,0,9,0,17237,588373,944,107012,5.45011856682352,0.15388885293758134
694,0.0761,0,20,0,17257,588353,944,107012,5.449933306161769,0.15389327906926578
695,0.0762,1,21,1,17278,588332,945,107011,5.449738782466931,0.15389670996903687
696,0.0763,1,14,1,17292,588318,946,107010,5.4496091000037055,0.1538985917437526
697,0.0764,0,16,0,17308,588302,946,107010,5.449460891474304,0.15390213314310697
698,0.0765,1,13,1,17321,588289,947,107009,5.449340472044166,0.15390379376900265
699,0.0766,1,32,1,17353,588257,948,107008,5.4490440549853645,0.15390966034533596
700,0.0767,1,20,1,17373,588237,949,107007,5.4488587943236135,0.15391287087698707
701,0.0768,3,22,3,17395,588215,952,107004,5.448655007595687,0.15391409038015358
702,0.0769,1,16,1,17411,588199,953,107003,5.448506799066286,0.15391641566048428
703,0.077,0,8,0,17419,588191,953,107003,5.4484326948015855,0.1539181868658245
704,0.0771,0,24,0,17443,588167,953,107003,5.448210382007485,0.153923500726441
705,0.0772,0,28,0,17471,588139,953,107003,5.447951017081033,0.15392970069424664
706,0.0773,2,36,2,17507,588103,955,107001,5.447617547889881,0.1539352384679127
707,0.0774,0,13,0,17520,588090,955,107001,5.447497128459743,0.1539381174551246
708,0.0775,0,17,0,17537,588073,955,107001,5.447339656897254,0.15394188244704882
709,0.0776,7,32,7,17569,588041,962,106994,5.447043239838453,0.15394044904213458
710,0.0777,0,38,0,17607,588003,962,106994,5.4466912445811255,0.15394886596632792
711,0.0778,0,9,0,17616,587994,962,106994,5.446607877283338,0.15395085958318705
712,0.0779,0,10,0,17626,587984,962,106994,5.446515246952462,0.15395307477358997
713,0.078,1,16,1,17642,587968,963,106993,5.446367038423062,0.15395540181391473
714,0.0781,0,11,0,17653,587957,963,106993,5.446265145059098,0.1539578386934312
715,0.0782,3,32,3,17685,587925,966,106990,5.445968728000296,0.15396127583949115
716,0.0783,2,34,2,17719,587891,968,106988,5.4456537848753195,0.15396637400180463
717,0.0784,0,4,0,17723,587887,968,106988,5.44561673274297,0.15396726029861485
718,0.0785,2,26,2,17749,587861,970,106986,5.445375893882693,0.1539705863305159
719,0.0786,0,8,0,17757,587853,970,106986,5.445301789617993,0.15397235906447393
720,0.0787,0,19,0,17776,587834,970,106986,5.445125791989329,0.15397656947122995
721,0.0788,1,16,1,17792,587818,971,106985,5.444977583459928,0.15397889761558312
722,0.0789,3,20,3,17812,587798,974,106982,5.444792322798177,0.1539796770200639
723,0.079,0,3,0,17815,587795,974,106982,5.4447645336989146,0.15398034189387386
724,0.0791,0,6,0,17821,587789,974,106982,5.444708955500389,0.1539816716587192
725,0.0792,2,18,2,17839,587771,976,106980,5.444542220904813,0.15398322564487132
726,0.0793,1,7,1,17846,587764,977,106979,5.4444773796732004,0.15398355938814784
727,0.0794,3,16,3,17862,587748,980,106976,5.444329171143799,0.15398345242139325
728,0.0795,3,20,3,17882,587728,983,106973,5.444143910482048,0.1539842320653058
729,0.0796,1,11,1,17893,587717,984,106972,5.444042017118085,0.15398545248305356
730,0.0797,0,15,0,17908,587702,984,106972,5.443903071621772,0.15398877746971962
731,0.0798,0,27,0,17935,587675,984,106972,5.443652969728408,0.15399476280758428
732,0.0799,0,6,0,17941,587669,984,106972,5.443597391529883,0.15399609294585262
733,0.08,5,26,5,17967,587643,989,106967,5.443356552669606,0.1539957674090497
734,0.0801,2,20,2,17987,587623,991,106965,5.443171292007855,0.1539977655818989
735,0.0802,0,19,0,18006,587604,991,106965,5.442995294379192,0.15400197820518913
736,0.0803,2,16,2,18022,587588,993,106963,5.442847085849791,0.15400308976590632
737,0.0804,1,16,1,18038,587572,994,106962,5.44269887732039,0.1540054194611063
738,0.0805,2,22,2,18060,587550,996,106960,5.442495090592463,0.15400786165785949
739,0.0806,0,9,0,18069,587541,996,106960,5.442411723294676,0.15400985743721032
740,0.0807,1,12,1,18081,587529,997,106959,5.442300566897625,0.1540113004112382
741,0.0808,0,27,0,18108,587502,997,106959,5.442050465004261,0.15401728822784866
742,0.0809,1,19,1,18127,587483,998,106958,5.441874467375597,0.15402028394060835
743,0.081,0,24,0,18151,587459,998,106958,5.441652154581496,0.15402560709199228
744,0.0811,4,13,4,18164,587446,1002,106954,5.441531735151358,0.15402361751152074
745,0.0812,2,10,2,18174,587436,1004,106952,5.441439104820482,0.1540233990218725
746,0.0813,2,35,2,18209,587401,1006,106950,5.441114898662418,0.15402872610538473
747,0.0814,1,12,1,18221,587389,1007,106949,5.441003742265368,0.15403016974441844
748,0.0815,0,8,0,18229,587381,1007,106949,5.440929638000667,0.15403194446444773
749,0.0816,3,14,3,18243,587367,1010,106946,5.440799955537441,0.15403139506245742
750,0.0817,1,31,1,18274,587336,1011,106945,5.440512801511727,0.15403705416106736
751,0.0818,2,5,2,18279,587331,1013,106943,5.440466486346289,0.15403572652871922
752,0.0819,1,11,1,18290,587320,1014,106942,5.440364592982326,0.15403694858713282
753,0.082,0,11,0,18301,587309,1014,106942,5.440262699618363,0.15403938921225896
754,0.0821,4,16,4,18317,587293,1018,106938,5.440114491088962,0.15403806513970134
755,0.0822,1,23,1,18340,587270,1019,106937,5.439901441327948,0.15404195002355206
756,0.0823,0,43,0,18383,587227,1019,106937,5.439503130905184,0.1540514921545917
757,0.0824,1,9,1,18392,587218,1020,106936,5.439419763607396,0.1540522708217485
758,0.0825,1,17,1,18409,587201,1021,106935,5.439262292044907,0.15405482499106804
759,0.0826,1,15,1,18424,587186,1022,106934,5.439123346548594,0.15405693540021898
760,0.0827,2,34,2,18458,587152,1024,106932,5.438808403423617,0.15406204436350643
761,0.0828,0,19,0,18477,587133,1024,106932,5.438632405794953,0.1540662618054505
762,0.0829,1,7,1,18484,587126,1025,106931,5.438567564563341,0.1540665968357066
763,0.083,1,21,1,18505,587105,1026,106930,5.438373040868502,0.15407003969540442
764,0.0831,0,9,0,18514,587096,1026,106930,5.438289673570714,0.15407203764700458
765,0.0832,1,10,1,18524,587086,1027,106929,5.438197043239838,0.15407303876717363
766,0.0833,0,21,0,18545,587065,1027,106929,5.438002519545,0.15407770095995066
767,0.0834,1,25,1,18570,587040,1028,106928,5.437770943717811,0.15408203260092684
768,0.0835,0,48,0,18618,586992,1028,106928,5.4373263181296085,0.15409269080009222
769,0.0836,0,5,0,18623,586987,1028,106928,5.437280002964171,0.15409380111396928
770,0.0837,2,16,2,18639,586971,1030,106926,5.4371317944347695,0.15409491610426332
771,0.0838,5,29,5,18668,586942,1035,106921,5.436863166475231,0.15409526088002964
772,0.0839,1,27,1,18695,586915,1036,106920,5.436613064581866,0.15410003819351864
773,0.084,1,18,1,18713,586897,1037,106919,5.436446329986291,0.15410281688516841
774,0.0841,0,28,0,18741,586869,1037,106919,5.436186965059839,0.15410903618972943
775,0.0842,3,11,3,18752,586858,1040,106916,5.436085071695876,0.1541078218555322
776,0.0843,1,16,1,18768,586842,1041,106915,5.435936863166475,0.15411015672634654
777,0.0844,2,30,2,18798,586812,1043,106913,5.435658972173848,0.1541143825002703
778,0.0845,1,11,1,18809,586801,1044,106912,5.435557078809886,0.15411560688642134
779,0.0846,1,17,1,18826,586784,1045,106911,5.435399607247397,0.15411816432293732
780,0.0847,4,16,4,18842,586768,1049,106907,5.4352513987179965,0.15411684146033805
781,0.0848,0,23,0,18865,586745,1049,106907,5.435038348956983,0.1541219516414571
782,0.0849,1,13,1,18878,586732,1050,106906,5.434917929526844,0.15412362067822122
783,0.085,1,12,1,18890,586720,1051,106905,5.434806773129794,0.1541250675797441
784,0.0851,0,14,0,18904,586706,1051,106905,5.434677090666568,0.15412817847467816
785,0.0852,2,20,2,18924,586686,1053,106903,5.434491830004816,0.15413018372552045
786,0.0853,2,11,2,18935,586675,1055,106901,5.434389936640854,0.15413018904921738
787,0.0854,1,12,1,18947,586663,1056,106900,5.434278780243803,0.1541316362032
788,0.0855,2,23,2,18970,586640,1058,106898,5.434065730482789,0.15413430843010764
789,0.0856,0,19,0,18989,586621,1058,106898,5.433889732854126,0.1541385311721813
790,0.0857,2,21,2,19010,586600,1060,106896,5.433695209159287,0.1541407592833989
791,0.0858,1,10,1,19020,586590,1061,106895,5.4336025788284115,0.15414176225873666
792,0.0859,2,19,2,19039,586571,1063,106893,5.433426581199748,0.15414354602401856
793,0.086,1,19,1,19058,586552,1064,106892,5.433250583571085,0.1541465496853387
794,0.0861,4,20,4,19078,586532,1068,106888,5.433065322909333,0.15414611635084077
795,0.0862,2,7,2,19085,586525,1070,106886,5.433000481677721,0.1541452327695984
796,0.0863,1,29,1,19114,586496,1071,106885,5.432731853718182,0.15415045984819312
797,0.0864,5,13,5,19127,586483,1076,106880,5.432611434288043,0.15414725043014987
798,0.0865,1,23,1,19150,586460,1077,106879,5.43239838452703,0.1541511439569965
799,0.0866,1,38,1,19188,586422,1078,106878,5.432046389269702,0.15415837299870186
800,0.0867,3,18,3,19206,586404,1081,106875,5.431879654674127,0.15415871532240266
801,0.0868,5,29,5,19235,586375,1086,106870,5.431611026714587,0.15415906353453684
802,0.0869,0,10,0,19245,586365,1086,106870,5.431518396383712,0.1541612872979581
803,0.087,2,24,2,19269,586341,1088,106868,5.4312960835896105,0.15416418425034875
804,0.0871,0,26,0,19295,586315,1088,106868,5.431055244729334,0.15416996666104044
805,0.0872,3,23,3,19318,586292,1091,106865,5.430842194968321,0.15417142148171337
806,0.0873,0,8,0,19326,586284,1091,106865,5.43076809070362,0.15417320085580447
807,0.0874,0,10,0,19336,586274,1091,106865,5.430675460372744,0.1541754251311786
808,0.0875,1,12,1,19348,586262,1092,106864,5.430564303975694,0.15417687404598876
809,0.0876,2,50,2,19398,586212,1094,106862,5.430101152321316,0.15418555594352118
810,0.0877,0,8,0,19406,586204,1094,106862,5.4300270480566155,0.1541873356938589
811,0.0878,2,35,2,19441,586169,1096,106860,5.429702841898552,0.15419268169153094
812,0.0879,1,13,1,19454,586156,1097,106859,5.429582422468413,0.15419435365756873
813,0.088,0,4,0,19458,586152,1097,106859,5.429545370336063,0.15419524365414114
814,0.0881,0,21,0,19479,586131,1097,106859,5.429350846641224,0.15419991630470858
815,0.0882,2,21,2,19500,586110,1099,106857,5.429156322946386,0.1542021481542411
816,0.0883,0,14,0,19514,586096,1099,106857,5.42902664048316,0.1542052635604435
817,0.0884,4,20,4,19534,586076,1103,106853,5.428841379821408,0.15420483195247997
818,0.0885,3,9,3,19543,586067,1106,106850,5.428758012523621,0.15420317296299557
819,0.0886,2,14,2,19557,586053,1108,106848,5.428628330060395,0.15420384730286144
820,0.0887,1,13,1,19570,586040,1109,106847,5.428507910630257,0.1542055198033734
821,0.0888,0,18,0,19588,586022,1109,106847,5.428341176034681,0.15420952589883513
822,0.0889,1,28,1,19616,585994,1110,106846,5.428081811108229,0.15421453726690146
823,0.089,1,5,1,19621,585989,1111,106845,5.428035495942791,0.15421442943042635
824,0.0891,0,9,0,19630,585980,1111,106845,5.427952128645003,0.1542164327211056
825,0.0892,0,28,0,19658,585952,1111,106845,5.427692763718552,0.15422266551385183
826,0.0893,0,15,0,19673,585937,1111,106845,5.427553818222239,0.15422600471721262
827,0.0894,1,21,1,19694,585916,1112,106844,5.4273592945274,0.15422945897569143
828,0.0895,2,10,2,19704,585906,1114,106842,5.427266664196525,0.15422924353444542
829,0.0896,1,21,1,19725,585885,1115,106841,5.427072140501686,0.15423269806532452
830,0.0897,1,23,1,19748,585862,1116,106840,5.426859090740672,0.15423659813310775
831,0.0898,1,30,1,19778,585832,1117,106839,5.426581199748045,0.15424205719598483
832,0.0899,2,4,2,19782,585828,1119,106837,5.4265441476156955,0.15424050587224705
833,0.09,1,31,1,19813,585797,1120,106836,5.426256993589981,0.15424618809672655
834,0.0901,1,26,1,19839,585771,1121,106835,5.426016154729704,0.1542507572848055
835,0.0903,1,18,1,19857,585753,1122,106834,5.425849420134129,0.15425354504199473
836,0.0904,0,30,0,19887,585723,1122,106834,5.425571529141502,0.15426022695604838
837,0.0905,1,15,1,19902,585708,1123,106833,5.425432583645189,0.15426234692242047
838,0.0906,1,13,1,19915,585695,1124,106832,5.42531216421505,0.15426402147497498
839,0.0907,1,16,1,19931,585679,1125,106831,5.42516395568565,0.15426636438462982
840,0.0908,0,18,0,19949,585661,1125,106831,5.424997221090074,0.15427037424259052
841,0.0909,1,19,1,19968,585642,1126,106830,5.42482122346141,0.15427338578310748
842,0.091,5,25,5,19993,585617,1131,106825,5.424589647634221,0.15427284884510184
843,0.0911,0,21,0,20014,585596,1131,106825,5.424395123939383,0.15427752768907932
844,0.0912,3,28,3,20042,585568,1134,106822,5.424135759012931,0.15428010225450975
845,0.0913,0,32,0,20074,585536,1134,106822,5.423839341954129,0.15428723290552
846,0.0914,0,16,0,20090,585520,1134,106822,5.423691133424729,0.15429079847820876
847,0.0915,2,23,2,20113,585497,1136,106820,5.423478083663714,0.15429348116541988
848,0.0916,1,37,1,20150,585460,1137,106819,5.423135351439475,0.1543005060098602
849,0.0917,2,14,2,20164,585446,1139,106817,5.423005668976249,0.15430118322082792
850,0.0918,2,29,2,20193,585417,1141,106815,5.422737041016711,0.15430520403564124
851,0.0919,3,13,3,20206,585404,1144,106812,5.422616621586572,0.1543044367654027
852,0.092,0,10,0,20216,585394,1144,106812,5.422523991255697,0.1543066659347073
853,0.0921,3,12,3,20228,585382,1147,106809,5.422412834858646,0.15430567574556733
854,0.0922,0,19,0,20247,585363,1147,106809,5.422236837229983,0.1543099114093029
855,0.0923,0,25,0,20272,585338,1147,106809,5.422005261402794,0.15431548500535291
856,0.0924,4,13,4,20285,585325,1151,106805,5.4218848419726555,0.1543134960195339
857,0.0925,1,27,1,20312,585298,1152,106804,5.421634740079291,0.15431829412427647
858,0.0926,2,15,2,20327,585283,1154,106802,5.421495794582978,0.15431919489658064
859,0.0927,0,17,0,20344,585266,1154,106802,5.42133832302049,0.15432298560257085
860,0.0928,1,22,1,20366,585244,1155,106801,5.421134536292564,0.15432666950848573
861,0.0929,0,12,0,20378,585232,1155,106801,5.421023379895513,0.15432934556589065
862,0.093,0,12,0,20390,585220,1155,106801,5.420912223498462,0.154332021716104
863,0.0931,0,20,0,20410,585200,1155,106801,5.420726962836711,0.15433648217271362
864,0.0932,1,18,1,20428,585182,1156,106800,5.420560228241135,0.15433927472101874
865,0.0933,0,20,0,20448,585162,1156,106800,5.420374967579384,0.15434373563866224
866,0.0934,2,17,2,20465,585145,1158,106798,5.420217496016896,0.15434508333778937
867,0.0935,0,2,0,20467,585143,1158,106798,5.420198969950721,0.1543455294598817
868,0.0936,3,31,3,20498,585112,1161,106795,5.419911815925007,0.1543487780872285
869,0.0937,3,31,3,20529,585081,1164,106792,5.4196246618992925,0.15435202703386317
870,0.0938,1,23,1,20552,585058,1165,106791,5.419411612138279,0.15435593604962933
871,0.0939,1,19,1,20571,585039,1166,106790,5.419235614509615,0.15435895286262935
872,0.094,4,21,4,20592,585018,1170,106786,5.419041090814776,0.15435874900983515
873,0.0941,7,29,7,20621,584989,1177,106779,5.418772462855237,0.15435666292745545
874,0.0942,0,8,0,20629,584981,1177,106779,5.418698358590537,0.1543584480166532
875,0.0943,2,14,2,20643,584967,1179,106777,5.418568676127311,0.15435912707591248
876,0.0944,1,27,1,20670,584940,1180,106776,5.418318574233947,0.15436392970525475
877,0.0945,1,13,1,20683,584927,1181,106775,5.418198154803809,0.1543656083110935
878,0.0946,1,7,1,20690,584920,1182,106774,5.418133313572196,0.1543659479480811
879,0.0947,0,4,0,20694,584916,1182,106774,5.418096261439846,0.15436684063670142
880,0.0948,0,16,0,20710,584900,1182,106774,5.417948052910445,0.15437041149443234
881,0.0949,0,12,0,20722,584888,1182,106774,5.4178368965133945,0.1543730897461477
882,0.095,7,32,7,20754,584856,1189,106767,5.417540479454592,0.15437167358517573
883,0.0951,1,7,1,20761,584849,1190,106766,5.41747563822298,0.1543720133311163
884,0.0952,1,10,1,20771,584839,1191,106765,5.417383007892104,0.15437302271241923
885,0.0953,1,29,1,20800,584810,1192,106764,5.417114379932565,0.1543782733301136
886,0.0954,0,10,0,20810,584800,1192,106764,5.417021749601689,0.1543805056364993
887,0.0955,0,11,0,20821,584789,1192,106764,5.416919856237726,0.15438296124808945
888,0.0956,0,11,0,20832,584778,1192,106764,5.416817962873764,0.15438541693779986
889,0.0957,1,25,1,20857,584753,1193,106763,5.416586387046575,0.15438977550772506
890,0.0958,2,15,2,20872,584738,1195,106761,5.416447441550261,0.1543906788006924
891,0.0959,1,10,1,20882,584728,1196,106760,5.416354811219386,0.15439168864824843
892,0.096,0,10,0,20892,584718,1196,106760,5.41626218088851,0.1543939214262782
893,0.0961,0,6,0,20898,584712,1196,106760,5.416206602689985,0.15439526112409468
894,0.0962,2,33,2,20931,584679,1198,106758,5.415900922598095,0.1544001839646996
895,0.0963,0,15,0,20946,584664,1198,106758,5.415761977101782,0.1544035335873027
896,0.0964,0,8,0,20954,584656,1198,106758,5.415687872837082,0.15440532011211808
897,0.0965,2,36,2,20990,584620,1200,106756,5.41535440364593,0.1544109138876675
898,0.0966,2,29,2,21019,584591,1202,106754,5.415085775686391,0.15441494478154902
899,0.0967,1,14,1,21033,584577,1203,106753,5.414956093223165,0.1544168486829734
900,0.0968,1,22,1,21055,584555,1204,106752,5.414752306495239,0.15442053964447056
901,0.0969,3,18,3,21073,584537,1207,106749,5.4145855718996625,0.15442089091924327
902,0.097,1,28,1,21101,584509,1208,106748,5.414326206973211,0.15442592263080157
903,0.0971,2,16,2,21117,584493,1210,106746,5.414177998443811,0.15442705055704323
904,0.0972,1,25,1,21142,584468,1211,106745,5.413946422616622,0.15443141260364027
905,0.0973,0,20,0,21162,584448,1211,106745,5.413761161954871,0.15443588115041673
906,0.0974,1,9,1,21171,584439,1212,106744,5.413677794657082,0.154436668725938
907,0.0975,1,5,1,21176,584434,1213,106743,5.413631479491645,0.1544365625592287
908,0.0976,4,18,4,21194,584416,1217,106739,5.413464744896069,0.154435690981039
909,0.0977,1,14,1,21208,584402,1218,106738,5.413335062432843,0.15443759585612177
910,0.0978,1,6,1,21214,584396,1219,106737,5.413279484234318,0.15443771314638427
911,0.0979,1,31,1,21245,584365,1220,106736,5.412992330208604,0.15444341709822443
912,0.098,0,1,0,21246,584364,1220,106736,5.412983067175516,0.15444364057299956
913,0.0981,1,39,1,21285,584325,1221,106735,5.412621808885102,0.15445113304199345
914,0.0982,0,20,0,21305,584305,1221,106735,5.41243654822335,0.15445560314887705
915,0.0983,0,13,0,21318,584292,1221,106735,5.412316128793212,0.15445850885710688
916,0.0984,0,20,0,21338,584272,1221,106735,5.412130868131461,0.15446297939094683
917,0.0985,2,11,2,21349,584261,1223,106733,5.412028974767498,0.15446299099558028
918,0.0986,2,25,2,21374,584236,1225,106731,5.411797398940309,0.15446613224654723
919,0.0987,0,9,0,21383,584227,1225,106731,5.411714031642521,0.1544681442287375
920,0.0988,0,12,0,21395,584215,1225,106731,5.41160287524547,0.1544708269531917
921,0.0989,0,5,0,21400,584210,1225,106731,5.411556560080032,0.15447194478255016
922,0.099,0,5,0,21405,584205,1225,106731,5.411510244914595,0.1544730626280871
923,0.0991,3,19,3,21424,584186,1228,106728,5.411334247285931,0.15447363926624733
924,0.0992,2,20,2,21444,584166,1230,106726,5.41114898662418,0.15447566334535645
925,0.0993,2,21,2,21465,584145,1232,106724,5.410954462929341,0.15447791115247608
926,0.0994,2,7,2,21472,584138,1234,106722,5.410889621697729,0.15447702863098167
927,0.0995,0,13,0,21485,584125,1234,106722,5.41076920226759,0.1544799354994666
928,0.0996,2,35,2,21520,584090,1236,106720,5.4104449961095264,0.15448531434113577
929,0.0997,2,22,2,21542,584068,1238,106718,5.4102412093816,0.15448778637667815
930,0.0998,0,13,0,21555,584055,1238,106718,5.410120789951462,0.1544906937590207
931,0.0999,0,26,0,21581,584029,1238,106718,5.4098799510911855,0.15449650885201094
932,0.1,2,28,2,21609,584001,1240,106716,5.409620586164734,0.15450032357680496
933,0.1001,2,21,2,21630,583980,1242,106714,5.409426062469895,0.1545025727746296
934,0.1002,2,25,2,21655,583955,1244,106712,5.409194486642706,0.1545057169373953
935,0.1003,2,22,2,21677,583933,1246,106710,5.40899069991478,0.15450819019377596
936,0.1004,4,35,4,21712,583898,1250,106706,5.408666493756716,0.1545111235961564
937,0.1005,1,17,1,21729,583881,1251,106705,5.408509022194227,0.15451370285525626
938,0.1006,0,7,0,21736,583874,1251,106705,5.408444180962614,0.15451526907131552
939,0.1007,1,18,1,21754,583856,1252,106704,5.408277446367038,0.15451807228915662
940,0.1008,0,27,0,21781,583829,1252,106704,5.408027344473674,0.15452411398151863
941,0.1009,2,14,2,21795,583815,1254,106702,5.407897662010448,0.15452479808607175
942,0.101,1,25,1,21820,583790,1255,106701,5.4076660861832595,0.15452916837438865
943,0.1011,1,19,1,21839,583771,1256,106700,5.407490088554597,0.15453219613857788
944,0.1012,1,23,1,21862,583748,1257,106699,5.407277038793582,0.15453611935456305
945,0.1013,0,14,0,21876,583734,1257,106699,5.4071473563303565,0.15453925290361267
946,0.1014,2,18,2,21894,583716,1259,106697,5.406980621734781,0.15454083280587128
947,0.1015,0,20,0,21914,583696,1259,106697,5.40679536107303,0.15454530970041702
948,0.1016,0,21,0,21935,583675,1259,106697,5.406600837378191,0.15455001071885882
949,0.1017,1,15,1,21950,583660,1260,106696,5.406461891881878,0.15455214411115425
950,0.1018,1,17,1,21967,583643,1261,106695,5.4063044203193895,0.1545547253664147
951,0.1019,1,18,1,21985,583625,1262,106694,5.406137685723813,0.15455753064887393
952,0.102,0,18,0,22003,583607,1262,106694,5.4059709511282374,0.15456156082636416
953,0.1021,0,27,0,22030,583580,1262,106694,5.405720849234873,0.15456760648669948
954,0.1022,0,19,0,22049,583561,1262,106694,5.40554485160621,0.1545718611237876
955,0.1023,0,14,0,22063,583547,1262,106694,5.405415169142985,0.15457499626941895
956,0.1024,2,9,2,22072,583538,1264,106692,5.405331801845196,0.15457456210248757
957,0.1025,1,7,1,22079,583531,1265,106691,5.4052669606135835,0.15457490488567446
958,0.1026,1,13,1,22092,583518,1266,106690,5.405146541183445,0.15457659140433028
959,0.1027,2,12,2,22104,583506,1268,106688,5.405035384786395,0.1545768291234059
960,0.1028,2,22,2,22126,583484,1270,106686,5.404831598058468,0.15457930654766217
961,0.1029,2,15,2,22141,583469,1272,106684,5.404692652562155,0.15458021627088486
962,0.103,3,30,3,22171,583439,1275,106681,5.404414761569528,0.15458326088216542
963,0.1031,1,18,1,22189,583421,1276,106680,5.404248026973953,0.15458606783644713
964,0.1032,1,19,1,22208,583402,1277,106679,5.404072029345289,0.15458909896084663
965,0.1033,1,3,1,22211,583399,1278,106678,5.4040442402460265,0.15458854591589055
966,0.1034,0,8,0,22219,583391,1278,106678,5.403970135981326,0.15459033806764252
967,0.1035,0,29,0,22248,583362,1278,106678,5.403701508021786,0.15459683496608892
968,0.1036,0,22,0,22270,583340,1278,106678,5.403497721293861,0.1546017640119533
969,0.1037,1,13,1,22283,583327,1279,106677,5.403377301863722,0.15460345157419378
970,0.1038,2,16,2,22299,583311,1281,106675,5.403229093334321,0.15460458618000944
971,0.1039,0,19,0,22318,583292,1281,106675,5.4030530957056575,0.15460884361136112
972,0.104,3,9,3,22327,583283,1284,106672,5.40296972840787,0.15460718452652708
973,0.1041,1,12,1,22339,583271,1285,106671,5.402858572010819,0.15460864826318735
974,0.1042,2,21,2,22360,583250,1287,106669,5.40266404831598,0.15461090359882826
975,0.1043,3,36,3,22396,583214,1290,106666,5.402330579124829,0.15461529541369515
976,0.1044,2,13,2,22409,583201,1292,106664,5.4022101596946905,0.15461575815558115
977,0.1045,0,26,0,22435,583175,1292,106664,5.401969320834414,0.15462158561635397
978,0.1046,1,25,1,22460,583150,1293,106663,5.4017377450072255,0.15462596384817334
979,0.1047,2,21,2,22481,583129,1295,106661,5.401543221312386,0.15462822018295425
980,0.1048,2,15,2,22496,583114,1297,106659,5.401404275816073,0.15462913161286393
981,0.1049,0,17,0,22513,583097,1297,106659,5.401246804253585,0.15463294266378255
982,0.105,2,20,2,22533,583077,1299,106657,5.401061543591834,0.15463497522233208
983,0.1051,0,8,0,22541,583069,1299,106657,5.4009874393271335,0.15463676880384383
984,0.1052,1,13,1,22554,583056,1300,106656,5.400867019896995,0.15463845779107802
985,0.1053,1,34,1,22588,583022,1301,106655,5.400552076772018,0.15464485549032372
986,0.1054,0,8,0,22596,583014,1301,106655,5.400477972507318,0.15464664933468084
987,0.1055,0,17,0,22613,582997,1301,106655,5.400320500944829,0.1546504613921224
988,0.1056,1,10,1,22623,582987,1302,106654,5.4002278706139535,0.15465147808787472
989,0.1057,0,11,0,22634,582976,1302,106654,5.40012597724999,0.15465394486898773
990,0.1058,0,17,0,22651,582959,1302,106654,5.399968505687502,0.15465775732186024
991,0.1059,0,11,0,22662,582948,1302,106654,5.399866612323539,0.1546602243032938
992,0.106,1,6,1,22668,582942,1303,106653,5.399811034125014,0.15466034411502402
993,0.1061,0,8,0,22676,582934,1303,106653,5.399736929860313,0.15466213835237613
994,0.1062,1,25,1,22701,582909,1304,106652,5.399505354033125,0.15466651971326684
995,0.1063,1,9,1,22710,582900,1305,106651,5.399421986735336,0.15466731249755275
996,0.1064,2,18,2,22728,582882,1307,106649,5.399255252139761,0.15466889813510923
997,0.1065,2,30,2,22758,582852,1309,106647,5.398977361147134,0.15467317574064646
998,0.1066,0,12,0,22770,582840,1309,106647,5.3988662047500835,0.15467586771034117
999,0.1067,4,28,4,22798,582812,1313,106643,5.398606839823632,0.1546772450703817
1000,0.1068,0,20,0,22818,582792,1313,106643,5.398421579161881,0.15468173214298664
1001,0.1069,0,12,0,22830,582780,1313,106643,5.39831042276483,0.1546844245115118
1002,0.107,2,30,2,22860,582750,1315,106641,5.398032531772204,0.1546887035078787
1003,0.1071,0,5,0,22865,582745,1315,106641,5.397986216606766,0.15468982543886878
1004,0.1072,0,16,0,22881,582729,1315,106641,5.397838008077365,0.15469341572740328
1005,0.1073,4,29,4,22910,582700,1319,106637,5.397569380117826,0.15469501854680656
1006,0.1074,3,22,3,22932,582678,1322,106634,5.3973655933899,0.1546962768673692
1007,0.1075,3,10,3,22942,582668,1325,106631,5.397272963059024,0.154694842151229
1008,0.1076,2,22,2,22964,582646,1327,106629,5.397069176331098,0.15469732690145443
1009,0.1077,0,16,0,22980,582630,1327,106629,5.396920967801697,0.15470091794231197
1010,0.1078,1,13,1,22993,582617,1328,106628,5.396800548371559,0.15470260937692693
1011,0.1079,4,37,4,23030,582580,1332,106624,5.396457816147319,0.15470600867087247
1012,0.108,1,10,1,23040,582570,1333,106623,5.396365185816443,0.15470702691408647
1013,0.1081,0,10,0,23050,582560,1333,106623,5.396272555485568,0.15470927170287138
1014,0.1082,0,14,0,23064,582546,1333,106623,5.396142873022343,0.1547124145166135
1015,0.1083,2,17,2,23081,582529,1335,106621,5.395985401459854,0.15471377784226947
1016,0.1084,0,9,0,23090,582520,1335,106621,5.395902034162066,0.15471579836346988
1017,0.1085,2,20,2,23110,582500,1337,106619,5.395716773500315,0.15471783538111705
1018,0.1086,0,13,0,23123,582487,1337,106619,5.395596354070177,0.15472075413651892
1019,0.1087,7,16,7,23139,582471,1344,106612,5.395448145540776,0.1547157599302261
1020,0.1088,0,3,0,23142,582468,1344,106612,5.395420356441513,0.15471643350554362
1021,0.1089,2,16,2,23158,582452,1346,106610,5.395272147912112,0.15471757258417965
1022,0.109,0,27,0,23185,582425,1346,106610,5.395022046018749,0.15472363522897967
1023,0.1091,0,15,0,23200,582410,1346,106610,5.394883100522435,0.15472700357028824
1024,0.1092,0,17,0,23217,582393,1346,106610,5.394725628959947,0.1547308212010688
1025,0.1093,2,16,2,23233,582377,1348,106608,5.3945774204305454,0.15473196078289078
1026,0.1094,1,12,1,23245,582365,1349,106607,5.394466264033495,0.1547334289347027
1027,0.1095,1,16,1,23261,582349,1350,106606,5.394318055504094,0.15473579551639802
1028,0.1096,0,44,0,23305,582305,1350,106606,5.393910482048242,0.15474567832419572
1029,0.1097,2,24,2,23329,582281,1352,106604,5.3936881692541405,0.15474861551637792
1030,0.1098,0,11,0,23340,582270,1352,106604,5.393586275890177,0.15475108655574168
1031,0.1099,1,26,1,23366,582244,1353,106603,5.393345437029901,0.15475570046759296
1032,0.11,0,11,0,23377,582233,1353,106603,5.393243543665938,0.15475817175641227
1033,0.1101,3,22,3,23399,582211,1356,106600,5.393039756938012,0.15475943328431166
1034,0.1102,0,7,0,23406,582204,1356,106600,5.392974915706399,0.15476100603364673
1035,0.1103,6,25,6,23431,582179,1362,106594,5.39274333987921,0.15475926030782275
1036,0.1104,0,16,0,23447,582163,1362,106594,5.392595131349809,0.15476285540473636
1037,0.1105,0,7,0,23454,582156,1362,106594,5.392530290118196,0.1547644283121597
1038,0.1106,0,17,0,23471,582139,1362,106594,5.392372818555708,0.15476824836329897
1039,0.1107,0,27,0,23498,582112,1362,106594,5.392122716662344,0.15477431589096072
1040,0.1108,2,20,2,23518,582092,1364,106592,5.391937456000593,0.15477635606461018
1041,0.1109,0,22,0,23540,582070,1364,106592,5.391733669272667,0.15478130055092337
1042,0.111,3,24,3,23564,582046,1367,106589,5.391511356478565,0.15478301277164244
1043,0.1111,2,21,2,23585,582025,1369,106587,5.391316832783727,0.1547852782118232
1044,0.1112,1,20,1,23605,582005,1370,106586,5.391131572121975,0.15478854646662532
1045,0.1113,0,22,0,23627,581983,1370,106586,5.39092778539405,0.15479349201024153
1046,0.1114,2,5,2,23632,581978,1372,106584,5.390881470228612,0.15479216105448748
1047,0.1115,1,10,1,23642,581968,1373,106583,5.390788839897736,0.1547931816234382
1048,0.1116,1,21,1,23663,581947,1374,106582,5.390594316202898,0.15479667523081816
1049,0.1117,0,7,0,23670,581940,1374,106582,5.390529474971284,0.15479824900293673
1050,0.1118,0,11,0,23681,581929,1374,106582,5.390427581607321,0.15480072213806315
1051,0.1119,3,11,3,23692,581918,1377,106579,5.390325688243358,0.15479951256142002
1052,0.112,0,14,0,23706,581904,1377,106579,5.390196005780132,0.1548026603416497
1053,0.1121,1,22,1,23728,581882,1378,106578,5.389992219052206,0.15480637945559655
1054,0.1122,1,9,1,23737,581873,1379,106577,5.389908851754418,0.15480717553925485
1055,0.1123,2,13,2,23750,581860,1381,106575,5.389788432324281,0.15480764342312636
1056,0.1124,2,21,2,23771,581839,1383,106573,5.3895939086294415,0.1548099103443868
1057,0.1125,1,10,1,23781,581829,1384,106572,5.3895012782985665,0.15481093141933264
1058,0.1126,2,14,2,23795,581815,1386,106570,5.389371595835341,0.15481162430907122
1059,0.1127,1,9,1,23804,581806,1387,106569,5.389288228537552,0.15481242055565644
1060,0.1128,3,16,3,23820,581790,1390,106566,5.389140020008152,0.15481233547757264
1061,0.1129,2,19,2,23839,581771,1392,106564,5.388964022379488,0.15481415299236564
1062,0.113,1,15,1,23854,581756,1393,106563,5.388825076883174,0.15481629883818404
1063,0.1131,6,37,6,23891,581719,1399,106557,5.388482344658935,0.15481725354363657
1064,0.1132,2,18,2,23909,581701,1401,106555,5.388315610063359,0.15481884647572997
1065,0.1133,2,16,2,23925,581685,1403,106553,5.388167401533958,0.1548199895966221
1066,0.1134,2,22,2,23947,581663,1405,106551,5.387963614806032,0.15482248254176753
1067,0.1135,1,21,1,23968,581642,1406,106550,5.387769091111194,0.1548259787966149
1068,0.1136,1,23,1,23991,581619,1407,106549,5.387556041350179,0.15482992525081085
1069,0.1137,0,29,0,24020,581590,1407,106549,5.3872874133906405,0.15483645019392883
1070,0.1138,3,30,3,24050,581560,1410,106546,5.387009522398014,0.1548395160048016
1071,0.1139,1,9,1,24059,581551,1411,106545,5.386926155100226,0.15484031297958425
1072,0.114,0,19,0,24078,581532,1411,106545,5.386750157471562,0.15484458861435565
1073,0.1141,1,23,1,24101,581509,1412,106544,5.386537107710549,0.15484853637728488
1074,0.1142,1,19,1,24120,581490,1413,106543,5.386361110081885,0.15485158415366704
1075,0.1143,0,16,0,24136,581474,1413,106543,5.386212901552485,0.1548551852643176
1076,0.1144,2,20,2,24156,581454,1415,106541,5.386027640890733,0.15485723006707897
1077,0.1145,3,9,3,24165,581445,1418,106538,5.385944273592945,0.15485557055915625
1078,0.1146,0,13,0,24178,581432,1418,106538,5.385823854162807,0.15485849673677632
1079,0.1147,1,6,1,24184,581426,1419,106537,5.385768275964281,0.15485861885014165
1080,0.1148,3,14,3,24198,581412,1422,106534,5.385638593501056,0.15485808479153887
1081,0.1149,2,34,2,24232,581378,1424,106532,5.385323650376079,0.1548632815339216
1082,0.115,2,21,2,24253,581357,1426,106530,5.385129126681241,0.15486555204561214
1083,0.1151,2,21,2,24274,581336,1428,106528,5.384934602986402,0.15486782270914018
1084,0.1152,0,9,0,24283,581327,1428,106528,5.384851235688614,0.15486984902341336
1085,0.1153,2,13,2,24296,581314,1430,106526,5.384730816258475,0.1548703186787625
1086,0.1154,1,15,1,24311,581299,1431,106525,5.384591870762162,0.1548724673753751
1087,0.1155,4,19,4,24330,581280,1435,106521,5.384415873133499,0.1548718306603218
1088,0.1156,1,18,1,24348,581262,1436,106520,5.384249138537923,0.1548746550505829
1089,0.1157,3,10,3,24358,581252,1439,106517,5.384156508207047,0.154873220514446
1090,0.1158,0,19,0,24377,581233,1439,106517,5.383980510578384,0.15487749909123955
1091,0.1159,1,12,1,24389,581221,1440,106516,5.383869354181333,0.1548789726305259
1092,0.116,2,18,2,24407,581203,1442,106514,5.383702619585757,0.15488056860598182
1093,0.1161,0,20,0,24427,581183,1442,106514,5.383517358924006,0.154885072931829
1094,0.1162,0,14,0,24441,581169,1442,106514,5.383387676460781,0.15488822611581207
1095,0.1163,1,22,1,24463,581147,1443,106513,5.383183889732854,0.15489195241834627
1096,0.1164,0,17,0,24480,581130,1443,106513,5.383026418170366,0.1548957816774111
1097,0.1165,0,9,0,24489,581121,1443,106513,5.382943050872577,0.15489780900886227
1098,0.1166,0,17,0,24506,581104,1443,106513,5.382785579310089,0.15490163855751093
1099,0.1167,0,10,0,24516,581094,1443,106513,5.382692948979214,0.1549038913216416
1100,0.1168,2,28,2,24544,581066,1445,106511,5.382433584052762,0.1549077412420718
1101,0.1169,2,17,2,24561,581049,1447,106509,5.382276112490274,0.15490911312209296
1102,0.117,0,15,0,24576,581034,1447,106509,5.38213716699396,0.15491249274590826
1103,0.1171,0,5,0,24581,581029,1447,106509,5.382090851828523,0.15491361931995032
1104,0.1172,0,13,0,24594,581016,1447,106509,5.381970432398385,0.15491654848914585
1105,0.1173,1,25,1,24619,580991,1448,106508,5.381738856571196,0.15492095261229472
1106,0.1174,0,14,0,24633,580977,1448,106508,5.38160917410797,0.15492410743507132
1107,0.1175,2,23,2,24656,580954,1450,106506,5.381396124346956,0.1549268321065953
1108,0.1176,2,19,2,24675,580935,1452,106504,5.381220126718293,0.15492865548797785
1109,0.1177,0,28,0,24703,580907,1452,106504,5.380960761791841,0.15493496612652402
1110,0.1178,0,22,0,24725,580885,1452,106504,5.380756975063915,0.15493992484604788
1111,0.1179,2,23,2,24748,580862,1454,106502,5.380543925302901,0.15494265047340275
1112,0.118,0,30,0,24778,580832,1454,106502,5.380266034310274,0.15494941324014236
1113,0.1181,0,19,0,24797,580813,1454,106502,5.380090036681611,0.15495369663109346
1114,0.1182,0,15,0,24812,580798,1454,106502,5.379951091185298,0.15495707842281392
1115,0.1183,0,20,0,24832,580778,1454,106502,5.379765830523547,0.1549615877080666
1116,0.1184,4,30,4,24862,580748,1458,106498,5.37948793953092,0.15496343376316488
1117,0.1185,1,23,1,24885,580725,1459,106497,5.379274889769906,0.15496739045024752
1118,0.1186,1,6,1,24891,580719,1460,106496,5.379219311571381,0.1549675138057231
1119,0.1187,3,19,3,24910,580700,1463,106493,5.379043313942717,0.15496810939575928
1120,0.1188,0,11,0,24921,580689,1463,106493,5.378941420578754,0.15497059003291705
1121,0.1189,1,16,1,24937,580673,1464,106492,5.378793212049353,0.1549729686465405
1122,0.119,2,17,2,24954,580656,1466,106490,5.378635740486865,0.15497434315269243
1123,0.1191,1,5,1,24959,580651,1467,106489,5.378589425321427,0.15497424105713536
1124,0.1192,1,12,1,24971,580639,1468,106488,5.378478268924376,0.15497571773485833
1125,0.1193,1,12,1,24983,580627,1469,106487,5.378367112527326,0.15497719446845792
1126,0.1194,1,16,1,24999,580611,1470,106486,5.378218903997925,0.15497957348089134
1127,0.1195,1,26,1,25025,580585,1471,106485,5.377978065137649,0.15498420830483065
1128,0.1196,0,13,0,25038,580572,1471,106485,5.37785764570751,0.15498714080491138
1129,0.1197,0,13,0,25051,580559,1471,106485,5.377737226277373,0.15499007341596754
1130,0.1198,3,19,3,25070,580540,1474,106482,5.377561228648709,0.15499066987665605
1131,0.1199,0,15,0,25085,580525,1474,106482,5.377422283152395,0.1549940539179368
1132,0.12,1,17,1,25102,580508,1475,106481,5.377264811589907,0.15499665933515674
1133,0.1201,0,6,0,25108,580502,1475,106481,5.3772092333913815,0.1549980130512691
1134,0.1202,1,13,1,25121,580489,1476,106480,5.377088813961244,0.15499971614439662
1135,0.1203,2,18,2,25139,580471,1478,106478,5.376922079365667,0.1550013174194882
1136,0.1204,0,16,0,25155,580455,1478,106478,5.376773870836266,0.15500492770037252
1137,0.1205,0,17,0,25172,580438,1478,106478,5.376616399273778,0.15500876380809298
1138,0.1206,3,31,3,25203,580407,1481,106475,5.376329245248064,0.15501206903077966
1139,0.1207,0,9,0,25212,580398,1481,106475,5.376245877950276,0.1550141001320477
1140,0.1208,5,17,5,25229,580381,1486,106470,5.376088406387788,0.15501178567112808
1141,0.1209,0,10,0,25239,580371,1486,106470,5.375995776056912,0.15501404255133283
1142,0.121,2,18,2,25257,580353,1488,106468,5.375829041461336,0.15501564454202768
1143,0.1211,0,14,0,25271,580339,1488,106468,5.37569935899811,0.15501880440939012
1144,0.1212,4,22,4,25293,580317,1492,106464,5.375495572270184,0.1550188488033303
1145,0.1213,3,37,3,25330,580280,1495,106461,5.375152840045945,0.15502350959095204
1146,0.1214,1,18,1,25348,580262,1496,106460,5.374986105450368,0.15502634253744602
1147,0.1215,2,20,2,25368,580242,1498,106458,5.374800844788617,0.15502839667977283
1148,0.1216,2,24,2,25392,580218,1500,106456,5.3745785319945165,0.15503135403408314
1149,0.1217,0,13,0,25405,580205,1500,106456,5.374458112564378,0.15503428911791992
1150,0.1218,0,21,0,25426,580184,1500,106456,5.37426358886954,0.15503903064196667
1151,0.1219,3,24,3,25450,580160,1503,106453,5.374041276075438,0.1550407580398274
1152,0.122,0,3,0,25453,580157,1503,106453,5.3740134869761755,0.15504143545826599
1153,0.1221,3,15,3,25468,580142,1506,106450,5.3738745414798625,0.15504113068605518
1154,0.1222,4,17,4,25485,580125,1510,106446,5.373717069917373,0.15504004684147743
1155,0.1223,3,24,3,25509,580101,1513,106443,5.3734947571232725,0.15504177445291198
1156,0.1224,0,16,0,25525,580085,1513,106443,5.373346548593871,0.15504538780646965
1157,0.1225,1,12,1,25537,580073,1514,106442,5.373235392196821,0.1550468671478409
1158,0.1226,0,15,0,25552,580058,1514,106442,5.373096446700508,0.1550502549162418
1159,0.1227,1,10,1,25562,580048,1515,106441,5.373003816369632,0.15505128268624843
1160,0.1228,3,26,3,25588,580022,1518,106438,5.372762977509356,0.15505346269265508
1161,0.1229,1,19,1,25607,580003,1519,106437,5.372586979880692,0.1550565235126158
1162,0.123,1,23,1,25630,579980,1520,106436,5.372373930119679,0.15506048810051049
1163,0.1231,0,9,0,25639,579971,1520,106436,5.37229056282189,0.15506252121554703
1164,0.1232,0,25,0,25664,579946,1520,106436,5.372058986994702,0.15506816903706683
1165,0.1233,1,19,1,25683,579927,1521,106435,5.371882989366038,0.15507123063339753
1166,0.1234,0,10,0,25693,579917,1521,106435,5.371790359035162,0.15507348998764484
1167,0.1235,1,29,1,25722,579888,1522,106434,5.371521731075624,0.15507881140339375
1168,0.1236,1,20,1,25742,579868,1523,106433,5.371336470413873,0.15508209954524327
1169,0.1237,1,13,1,25755,579855,1524,106432,5.371216050983734,0.15508380604615854
1170,0.1238,4,23,4,25778,579832,1528,106428,5.371003001222721,0.15508407892052575
1171,0.1239,1,17,1,25795,579815,1529,106427,5.370845529660232,0.15508668953517854
1172,0.124,2,27,2,25822,579788,1531,106425,5.370595427766868,0.15509032909606785
1173,0.1241,3,15,3,25837,579773,1534,106422,5.370456482270555,0.15509002543008912
1174,0.1242,2,21,2,25858,579752,1536,106420,5.370261958575716,0.15509230921693104
1175,0.1243,3,25,3,25883,579727,1539,106417,5.370030382748527,0.15509426592668593
1176,0.1244,3,10,3,25893,579717,1542,106414,5.369937752417652,0.1550928321268096
1177,0.1245,0,8,0,25901,579709,1542,106414,5.369863648152951,0.1550946404653393
1178,0.1246,0,10,0,25911,579699,1542,106414,5.369771017822075,0.15509690094780307
1179,0.1247,2,30,2,25941,579669,1544,106412,5.3694931268294495,0.15510121982681346
1180,0.1248,3,20,3,25961,579649,1547,106409,5.369307866167698,0.15510204676572534
1181,0.1249,1,7,1,25968,579642,1548,106408,5.369243024936085,0.15510239778441803
1182,0.125,2,15,2,25983,579627,1550,106406,5.369104079439772,0.1551033259333006
1183,0.1251,2,18,2,26001,579609,1552,106404,5.368937344844196,0.15510493241381723
1184,0.1252,1,21,1,26022,579588,1553,106403,5.3687428211493575,0.15510844894466547
1185,0.1253,0,25,0,26047,579563,1553,106403,5.368511245322169,0.15511410186510702
1186,0.1254,1,10,1,26057,579553,1554,106402,5.368418614991293,0.15511513145906072
1187,0.1255,0,10,0,26067,579543,1554,106402,5.368325984660417,0.1551173927938829
1188,0.1256,1,17,1,26084,579526,1555,106401,5.368168513097928,0.15512000548163288
1189,0.1257,3,18,3,26102,579508,1558,106398,5.368001778502353,0.15512038092683253
1190,0.1258,0,13,0,26115,579495,1558,106398,5.367881359072214,0.15512332098446843
1191,0.1259,0,17,0,26132,579478,1558,106398,5.367723887509726,0.1551271658433886
1192,0.126,3,20,3,26152,579458,1561,106395,5.367538626847975,0.1551279938995674
1193,0.1261,4,25,4,26177,579433,1565,106391,5.367307051020786,0.15512872107129527
1194,0.1262,4,15,4,26192,579418,1569,106387,5.367168105524473,0.1551271862993125
1195,0.1263,0,27,0,26219,579391,1569,106387,5.366918003631109,0.1551332938647784
1196,0.1264,0,12,0,26231,579379,1569,106387,5.366806847234058,0.15513600849269285
1197,0.1265,2,15,2,26246,579364,1571,106385,5.366667901737745,0.15513693785918756
1198,0.1266,0,26,0,26272,579338,1571,106385,5.366427062877468,0.15514282005999508
1199,0.1267,0,8,0,26280,579330,1571,106385,5.366352958612768,0.15514463005767704
1200,0.1268,1,16,1,26296,579314,1572,106384,5.366204750083368,0.1551470180750126
1201,0.1269,3,17,3,26313,579297,1575,106381,5.366047278520879,0.15514716820431748
1202,0.127,3,29,3,26342,579268,1578,106378,5.36577865056134,0.15515003369085506
1203,0.1271,1,16,1,26358,579252,1579,106377,5.3656304420319385,0.15515242208249652
1204,0.1272,0,3,0,26361,579249,1579,106377,5.365602652932676,0.15515310096174884
1205,0.1273,1,13,1,26374,579236,1580,106376,5.365482233502538,0.15515481059258007
1206,0.1274,2,15,2,26389,579221,1582,106374,5.365343288006224,0.1551557406340478
1207,0.1275,3,4,3,26393,579217,1585,106371,5.365306235873875,0.1551529490014411
1208,0.1276,1,8,1,26401,579209,1586,106370,5.365232131609174,0.15515352716463018
1209,0.1277,0,23,0,26424,579186,1586,106370,5.3650190818481605,0.15515873247407944
1210,0.1278,1,20,1,26444,579166,1587,106369,5.3648338211864095,0.15516202673824095
1211,0.1279,0,6,0,26450,579160,1587,106369,5.364778242987884,0.15516338477292718
1212,0.128,0,2,0,26452,579158,1587,106369,5.364759716921709,0.15516383745643864
1213,0.1281,1,14,1,26466,579144,1588,106368,5.364630034458483,0.15516577390330147
1214,0.1282,2,21,2,26487,579123,1590,106366,5.364435510763644,0.1551680625072029
1215,0.1283,0,20,0,26507,579103,1590,106366,5.364250250101893,0.15517258986183183
1216,0.1284,0,17,0,26524,579086,1590,106366,5.364092778539405,0.15517643832099112
1217,0.1285,4,8,4,26532,579078,1594,106362,5.364018674274704,0.1551733193277311
1218,0.1286,0,21,0,26553,579057,1594,106362,5.363824150579866,0.15517807355792587
1219,0.1287,1,25,1,26578,579032,1595,106361,5.363592574752677,0.15518250113438567
1220,0.1288,3,12,3,26590,579020,1598,106358,5.363481418355627,0.15518152027056603
1221,0.1289,1,13,1,26603,579007,1599,106357,5.363360998925488,0.15518323110055388
1222,0.129,0,19,0,26622,578988,1599,106357,5.3631850012968245,0.15518753328615514
1223,0.1291,0,11,0,26633,578977,1599,106357,5.363083107932861,0.15519002413421776
1224,0.1292,0,12,0,26645,578965,1599,106357,5.362971951535811,0.15519274151420792
1225,0.1293,0,19,0,26664,578946,1599,106357,5.362795953907147,0.15519704422715208
1226,0.1294,1,20,1,26684,578926,1600,106356,5.362610693245396,0.1552003408815641
1227,0.1295,3,13,3,26697,578913,1603,106353,5.362490273815258,0.15519958672982462
1228,0.1296,1,27,1,26724,578886,1604,106352,5.362240171921894,0.15520446910416527
1229,0.1297,1,12,1,26736,578874,1605,106351,5.362129015524843,0.15520595424860448
1230,0.1298,1,8,1,26744,578866,1606,106350,5.362054911260143,0.15520653341428103
1231,0.1299,1,23,1,26767,578843,1607,106349,5.361841861499129,0.15521051033870797
1232,0.13,2,63,2,26830,578780,1609,106347,5.3612582904146135,0.15522231644643986
1233,0.1301,1,11,1,26841,578769,1610,106346,5.36115639705065,0.15522357560409566
1234,0.1302,3,23,3,26864,578746,1613,106343,5.360943347289637,0.15522508754337028
1235,0.1303,7,15,7,26879,578731,1620,106336,5.360804401793323,0.15521985440840094
1236,0.1304,0,15,0,26894,578716,1620,106336,5.36066545629701,0.15522325312531018
1237,0.1305,1,21,1,26915,578695,1621,106335,5.360470932602171,0.15522677838926763
1238,0.1306,2,17,2,26932,578678,1623,106333,5.3603134610396825,0.15522816421926072
1239,0.1307,3,18,3,26950,578660,1626,106330,5.360146726444107,0.1552285434823866
1240,0.1308,5,16,5,26966,578644,1631,106325,5.359998517914706,0.1552260029285997
1241,0.1309,1,12,1,26978,578632,1632,106324,5.359887361517655,0.15522748906499104
1242,0.131,0,17,0,26995,578615,1632,106324,5.359729889955167,0.15523134176912104
1243,0.1311,2,29,2,27024,578586,1634,106322,5.3594612619956274,0.1552354476805644
1244,0.1312,3,24,3,27048,578562,1637,106319,5.359238949201527,0.1552371871901834
1245,0.1313,0,12,0,27060,578550,1637,106319,5.359127792804476,0.15523990719393052
1246,0.1314,0,5,0,27065,578545,1637,106319,5.359081477639038,0.15524104055695728
1247,0.1315,0,8,0,27073,578537,1637,106319,5.359007373374338,0.1552428539722219
1248,0.1316,2,19,2,27092,578518,1639,106317,5.358831375745674,0.15524469397738141
1249,0.1317,3,18,3,27110,578500,1642,106314,5.358664641150098,0.15524507384486882
1250,0.1318,0,4,0,27114,578496,1642,106314,5.358627589017748,0.155245980636965
1251,0.1319,0,17,0,27131,578479,1642,106314,5.358470117455259,0.15524983462155717
1252,0.132,1,15,1,27146,578464,1643,106313,5.358331171958946,0.15525200174655399
1253,0.1321,1,34,1,27180,578430,1644,106312,5.35801622883397,0.15525847691539296
1254,0.1322,5,37,5,27217,578393,1649,106307,5.3576734966097295,0.15526069811596319
1255,0.1323,1,14,1,27231,578379,1650,106306,5.357543814146504,0.15526263902378465
1256,0.1324,0,20,0,27251,578359,1650,106306,5.357358553484753,0.15526717445758145
1257,0.1325,0,12,0,27263,578347,1650,106306,5.357247397087702,0.15526989584504852
1258,0.1326,0,19,0,27282,578328,1650,106306,5.357071399459039,0.15527420490364194
1259,0.1327,4,25,4,27307,578303,1654,106302,5.35683982363185,0.15527493956369
1260,0.1328,0,12,0,27319,578291,1654,106302,5.356728667234799,0.15527766132578041
1261,0.1329,0,16,0,27335,578275,1654,106302,5.356580458705398,0.15528129049033199
1262,0.133,0,21,0,27356,578254,1654,106302,5.35638593501056,0.15528605402625936
1263,0.1331,4,36,4,27392,578218,1658,106298,5.356052465819408,0.15528928469166536
1264,0.1332,4,14,4,27406,578204,1662,106294,5.355922783356182,0.1552875245800572
1265,0.1333,3,27,3,27433,578177,1665,106291,5.355672681462818,0.15528994781348435
1266,0.1334,1,17,1,27450,578160,1666,106290,5.35551520990033,0.15529257067718605
1267,0.1335,0,24,0,27474,578136,1666,106290,5.355292897106229,0.15529801614783775
1268,0.1336,0,4,0,27478,578132,1666,106290,5.355255844973878,0.15529892376340912
1269,0.1337,1,14,1,27492,578118,1667,106289,5.355126162510652,0.15530086629739323
1270,0.1338,2,26,2,27518,578092,1669,106287,5.354885323650376,0.15530429776483498
1271,0.1339,0,10,0,27528,578082,1669,106287,5.3547926933195,0.15530656707127297
1272,0.134,2,21,2,27549,578061,1671,106285,5.354598169624662,0.15530886422949794
1273,0.1341,0,17,0,27566,578044,1671,106285,5.354440698062174,0.15531272238937704
1274,0.1342,1,20,1,27586,578024,1672,106284,5.354255437400423,0.15531602728595895
1275,0.1343,2,24,2,27610,578000,1674,106282,5.354033124606321,0.1553190059069214
1276,0.1344,2,16,2,27626,577984,1676,106280,5.35388491607692,0.15532016882372884
1277,0.1345,1,15,1,27641,577969,1677,106279,5.353745970580607,0.15532233926880312
1278,0.1346,3,29,3,27670,577940,1680,106276,5.353477342621068,0.15532521893671006
1279,0.1347,0,25,0,27695,577915,1680,106276,5.353245766793879,0.15533089444321835
1280,0.1348,1,24,1,27719,577891,1681,106275,5.353023453999778,0.15533510873092202
1281,0.1349,2,33,2,27752,577858,1683,106273,5.352717773907888,0.155340132226138
1282,0.135,0,22,0,27774,577836,1683,106273,5.352513987179962,0.15534512775011
1283,0.1351,0,22,0,27796,577814,1683,106273,5.352310200452036,0.15535012359539063
1284,0.1352,1,13,1,27809,577801,1684,106272,5.352189781021898,0.15535184110467742
1285,0.1353,1,9,1,27818,577792,1685,106271,5.35210641372411,0.15535265026759232
1286,0.1354,2,20,2,27838,577772,1687,106269,5.351921153062359,0.15535472288941746
1287,0.1355,2,21,2,27859,577751,1689,106267,5.35172662936752,0.15535702276840668
1288,0.1356,1,21,1,27880,577730,1690,106266,5.351532105672682,0.1553605576640799
1289,0.1357,0,25,0,27905,577705,1690,106266,5.351300529845493,0.15536623628779583
1290,0.1358,0,12,0,27917,577693,1690,106266,5.351189373448442,0.15536896217463328
1291,0.1359,1,13,1,27930,577680,1691,106265,5.351068954018304,0.1553706803909671
1292,0.136,4,17,4,27947,577663,1695,106261,5.350911482455816,0.15536960247044992
1293,0.1361,0,7,0,27954,577656,1695,106261,5.350846641224202,0.15537119270320815
1294,0.1362,2,15,2,27969,577641,1697,106259,5.350707695727889,0.1553721304284252
1295,0.1363,0,11,0,27980,577630,1697,106259,5.350605802363926,0.15537462950858985
1296,0.1364,2,29,2,28009,577601,1699,106257,5.350337174404387,0.15537874821965963
1297,0.1365,1,2,1,28011,577599,1700,106256,5.350318648338212,0.15537796755160085
1298,0.1366,1,20,1,28031,577579,1701,106255,5.350133387676461,0.15538127674260127
1299,0.1367,2,21,2,28052,577558,1703,106253,5.349938863981622,0.1553835782109384
1300,0.1368,1,23,1,28075,577535,1704,106252,5.3497258142206086,0.15538756952091806
1301,0.1369,0,11,0,28086,577524,1704,106252,5.349623920856645,0.15539006926244853
1302,0.137,0,30,0,28116,577494,1704,106252,5.3493460298640185,0.1553968871481515
1303,0.1371,1,20,1,28136,577474,1705,106251,5.349160769202268,0.1554001974478043
1304,0.1372,1,7,1,28143,577467,1706,106250,5.349095927970655,0.15540055315283954
1305,0.1373,0,14,0,28157,577453,1706,106250,5.348966245507429,0.15540373524761483
1306,0.1374,2,17,2,28174,577436,1708,106248,5.34880877394494,0.15540512868518205
1307,0.1375,0,17,0,28191,577419,1708,106248,5.348651302382452,0.15540899297464994
1308,0.1376,1,21,1,28212,577398,1709,106247,5.348456778687614,0.15541253135764907
1309,0.1377,1,8,1,28220,577390,1710,106246,5.348382674422913,0.15541311458144394
1310,0.1378,3,34,3,28254,577356,1713,106243,5.348067731297936,0.15541713782495292
1311,0.1379,0,5,0,28259,577351,1713,106243,5.348021416132498,0.15541827458988816
1312,0.138,0,17,0,28276,577334,1713,106243,5.34786394457001,0.1554221397150577
1313,0.1381,2,18,2,28294,577316,1715,106241,5.347697209974434,0.15542376129569296
1314,0.1382,3,12,3,28306,577304,1718,106238,5.347586053577383,0.15542278309160226
1315,0.1383,1,14,1,28320,577290,1719,106237,5.347456371114157,0.15542473084457528
1316,0.1384,3,17,3,28337,577273,1722,106234,5.347298899551669,0.15542488957684414
1317,0.1385,0,27,0,28364,577246,1722,106234,5.347048797658306,0.15543102943758413
1318,0.1386,1,15,1,28379,577231,1723,106233,5.346909852161992,0.15543320496763546
1319,0.1387,3,14,3,28393,577217,1726,106230,5.346780169698766,0.15543268168563182
1320,0.1388,1,15,1,28408,577202,1727,106229,5.346641224202453,0.15543485735941157
1321,0.1389,3,32,3,28440,577170,1730,106226,5.346344807143651,0.15543842808561947
1322,0.139,1,16,1,28456,577154,1731,106225,5.346196598614251,0.15544083151516216
1323,0.1391,0,21,0,28477,577133,1731,106225,5.3460020749194115,0.15544560830487095
1324,0.1392,2,18,2,28495,577115,1733,106223,5.345835340323836,0.15544723109208033
1325,0.1393,3,22,3,28517,577093,1736,106220,5.34563155359591,0.1554485279805887
1326,0.1394,0,14,0,28531,577079,1736,106220,5.345501871132684,0.15545171293972332
1327,0.1395,1,22,1,28553,577057,1737,106219,5.3452980844047575,0.1554554821184997
1328,0.1396,3,15,3,28568,577042,1740,106216,5.3451591389084445,0.15545518676693137
1329,0.1397,1,15,1,28583,577027,1741,106215,5.345020193412131,0.1554573635695698
1330,0.1398,2,17,2,28600,577010,1743,106213,5.344862721849642,0.15545875943871912
1331,0.1399,0,19,0,28619,576991,1743,106213,5.344686724220979,0.15546308276883625
1332,0.14,1,13,1,28632,576978,1744,106212,5.344566304790841,0.15546480481271682
1333,0.1401,1,3,1,28635,576975,1745,106211,5.344538515691578,0.15546425131662533
1334,0.1402,0,23,0,28658,576952,1745,106211,5.344325465930564,0.1554694853204872
1335,0.1403,1,13,1,28671,576939,1746,106210,5.344205046500426,0.1554712075989279
1336,0.1404,1,24,1,28695,576915,1747,106209,5.343982733706325,0.15547543344985684
1337,0.1405,1,16,1,28711,576899,1748,106208,5.343834525176924,0.155477838757325
1338,0.1406,1,14,1,28725,576885,1749,106207,5.343704842713699,0.15547978895961306
1339,0.1407,1,23,1,28748,576862,1750,106206,5.343491792952684,0.15548378785128275
1340,0.1408,1,26,1,28774,576836,1751,106205,5.343250954092408,0.1554884699454352
1341,0.1409,2,23,2,28797,576813,1753,106203,5.3430379043313945,0.15549123300186232
1342,0.141,0,16,0,28813,576797,1753,106203,5.342889695801993,0.1554948755490483
1343,0.1411,2,9,2,28822,576788,1755,106201,5.342806328504206,0.1554944515943888
1344,0.1412,1,15,1,28837,576773,1756,106200,5.342667383007892,0.15549663017425286
1345,0.1413,1,16,1,28853,576757,1757,106199,5.3425191744784915,0.15549903654115346
1346,0.1414,0,24,0,28877,576733,1757,106199,5.34229686168439,0.15550450118020534
1347,0.1415,3,16,3,28893,576717,1760,106196,5.342148653154989,0.15550443467908798
1348,0.1416,2,15,2,28908,576702,1762,106194,5.342009707658676,0.15550537709988052
1349,0.1417,0,6,0,28914,576696,1762,106194,5.3419541294601505,0.15550674339937617
1350,0.1418,2,24,2,28938,576672,1764,106192,5.341731816666049,0.15550973546709154
1351,0.1419,2,22,2,28960,576650,1766,106190,5.341528029938123,0.15551227227461778
1352,0.142,2,22,2,28982,576628,1768,106188,5.341324243210197,0.15551480926047428
1353,0.1421,3,20,3,29002,576608,1771,106185,5.341138982548446,0.15551565408549883
1354,0.1422,0,9,0,29011,576599,1771,106185,5.341055615250657,0.155517703988377
1355,0.1423,0,13,0,29024,576586,1771,106185,5.34093519582052,0.15552066505460835
1356,0.1424,3,17,3,29041,576569,1774,106182,5.340777724258031,0.1555208267728645
1357,0.1425,0,21,0,29062,576548,1774,106182,5.340583200563192,0.15552561041700233
1358,0.1426,0,11,0,29073,576537,1774,106182,5.340481307199229,0.1555281162528068
1359,0.1427,1,10,1,29083,576527,1775,106181,5.340388676868354,0.15552915741429718
1360,0.1428,1,16,1,29099,576511,1776,106180,5.340240468338953,0.15553156552525227
1361,0.1429,1,7,1,29106,576504,1777,106179,5.34017562710734,0.15553192330847554
1362,0.143,0,21,0,29127,576483,1777,106179,5.3399811034125015,0.15553670777046327
1363,0.1431,3,25,3,29152,576458,1780,106176,5.339749527585313,0.15553869276947824
1364,0.1432,2,15,2,29167,576443,1782,106174,5.339610582089,0.1555396364286269
1365,0.1433,1,11,1,29178,576432,1783,106173,5.3395086887250365,0.1555409057947129
1366,0.1434,0,6,0,29184,576426,1783,106173,5.33945311052651,0.15554227298897302
1367,0.1435,0,18,0,29202,576408,1783,106173,5.339286375930935,0.15554637471596777
1368,0.1436,2,17,2,29219,576391,1785,106171,5.3391289043684464,0.15554777441463194
1369,0.1437,3,24,3,29243,576367,1788,106168,5.338906591574345,0.15554953225841897
1370,0.1438,1,7,1,29250,576360,1789,106167,5.338841750342732,0.15554989033400876
1371,0.1439,2,20,2,29270,576340,1791,106165,5.338656489680981,0.1555519739782126
1372,0.144,0,12,0,29282,576328,1791,106165,5.33854533328393,0.15555470898602622
1373,0.1441,1,16,1,29298,576312,1792,106164,5.33839712475453,0.15555711849207884
1374,0.1442,2,11,2,29309,576301,1794,106162,5.338295231390567,0.15555715108364848
1375,0.1443,1,12,1,29321,576289,1795,106161,5.338184074993515,0.15555864898527363
1376,0.1444,3,16,3,29337,576273,1798,106158,5.338035866464115,0.15555858394475044
1377,0.1445,2,35,2,29372,576238,1800,106156,5.33771166030605,0.1555640876092111
1378,0.1446,1,16,1,29388,576222,1801,106155,5.33756345177665,0.15556649769848632
1379,0.1447,2,21,2,29409,576201,1803,106153,5.337368928081811,0.15556881032425984
1380,0.1448,0,13,0,29422,576188,1803,106153,5.3372485086516726,0.15557177423018695
1381,0.1449,3,19,3,29441,576169,1806,106150,5.33707251102301,0.15557239355785196
1382,0.145,0,11,0,29452,576158,1806,106150,5.336970617659047,0.15557490165731605
1383,0.1451,1,16,1,29468,576142,1807,106149,5.3368224091296455,0.1555773123198166
1384,0.1452,0,6,0,29474,576136,1807,106149,5.33676683093112,0.1555786804634427
1385,0.1453,4,44,4,29518,576092,1811,106145,5.336359257475268,0.1555837634135938
1386,0.1454,2,6,2,29524,576086,1813,106143,5.336303679276742,0.1555826562635127
1387,0.1455,2,8,2,29532,576078,1815,106141,5.336229575012042,0.1555820051918812
1388,0.1456,0,6,0,29538,576072,1815,106141,5.336173996813517,0.15558337352117302
1389,0.1457,0,21,0,29559,576051,1815,106141,5.335979473118678,0.15558816286324084
1390,0.1458,1,16,1,29575,576035,1816,106140,5.335831264589277,0.15559057426613407
1391,0.1459,0,19,0,29594,576016,1816,106140,5.335655266960614,0.1555949079096277
1392,0.146,1,15,1,29609,576001,1817,106139,5.335516321464301,0.15559709150614243
1393,0.1461,7,19,7,29628,575982,1824,106132,5.335340323835637,0.155592760154461
1394,0.1462,0,10,0,29638,575972,1824,106132,5.335247693504761,0.15559504122538498
1395,0.1463,0,15,0,29653,575957,1824,106132,5.335108748008448,0.15559846295718008
1396,0.1464,1,15,1,29668,575942,1825,106131,5.334969802512134,0.15560064685158334
1397,0.1465,0,26,0,29694,575916,1825,106131,5.334728963651858,0.15560657843227813
1398,0.1466,1,16,1,29710,575900,1826,106130,5.334580755122457,0.155608990806856
1399,0.1467,2,11,2,29721,575889,1828,106128,5.334478861758495,0.15560902440848248
1400,0.1468,0,10,0,29731,575879,1828,106128,5.334386231427619,0.15561130604231335
1401,0.1469,2,29,2,29760,575850,1830,106126,5.33411760346808,0.155615446877896
1402,0.147,0,19,0,29779,575831,1830,106126,5.333941605839416,0.15561978247895394
1403,0.1471,3,15,3,29794,575816,1833,106123,5.333802660343102,0.15561949089288044
1404,0.1472,2,11,2,29805,575805,1835,106121,5.33370076697914,0.1556195246991609
1405,0.1473,2,11,2,29816,575794,1837,106119,5.333598873615177,0.15561955850673034
1406,0.1474,1,19,1,29835,575775,1838,106118,5.333422875986513,0.1556226563405109
1407,0.1475,1,8,1,29843,575767,1839,106117,5.333348771721813,0.15562324383619502
1408,0.1476,3,11,3,29854,575756,1842,106114,5.3332468783578495,0.1556220393916729
1409,0.1477,0,15,0,29869,575741,1842,106114,5.3331079328615365,0.1556254628916705
1410,0.1478,0,14,0,29883,575727,1842,106114,5.332978250398311,0.15562865829423575
1411,0.1479,1,6,1,29889,575721,1843,106113,5.332922672199785,0.15562878941208563
1412,0.148,0,15,0,29904,575706,1843,106113,5.332783726703472,0.1556322132413441
1413,0.1481,3,15,3,29919,575691,1846,106110,5.332644781207159,0.1556319219244325
1414,0.1482,0,7,0,29926,575684,1846,106110,5.332579939975545,0.155633519802169
1415,0.1483,1,12,1,29938,575672,1847,106109,5.332468783578495,0.15563502062979168
1416,0.1484,1,14,1,29952,575658,1848,106108,5.332339101115269,0.1556369780833893
1417,0.1485,1,22,1,29974,575636,1849,106107,5.332135314387343,0.15564076198802188
1418,0.1486,1,34,1,30008,575602,1850,106106,5.331820371262366,0.1556472859347404
1419,0.1487,3,19,3,30027,575583,1853,106103,5.3316443736337025,0.15564790827448416
1420,0.1488,1,22,1,30049,575561,1854,106102,5.331440586905776,0.15565169299199164
1421,0.1489,0,10,0,30059,575551,1854,106102,5.331347956574901,0.1556539764366914
1422,0.149,3,17,3,30076,575534,1857,106099,5.331190485012413,0.15565414233172395
1423,0.1491,2,22,2,30098,575512,1859,106097,5.3309866982844865,0.15565668880545885
1424,0.1492,3,18,3,30116,575494,1862,106094,5.33081996368891,0.15565708316460972
1425,0.1493,2,25,2,30141,575469,1864,106092,5.330588387861721,0.1556603150708447
1426,0.1494,1,46,1,30187,575423,1865,106091,5.330162288339694,0.15566958272317225
1427,0.1495,2,11,2,30198,575412,1867,106089,5.330060394975731,0.1556696175060638
1428,0.1496,1,13,1,30211,575399,1868,106088,5.329939975545592,0.15567134809614858
1429,0.1497,1,21,1,30232,575378,1869,106087,5.329745451850754,0.15567490626811356
1430,0.1498,1,27,1,30259,575351,1870,106086,5.32949534995739,0.155679835406648
1431,0.1499,0,12,0,30271,575339,1870,106086,5.329384193560339,0.1556825769527094
1432,0.15,0,5,0,30276,575334,1870,106086,5.3293378783949015,0.15568371929206656
1433,0.1501,0,5,0,30281,575329,1870,106086,5.3292915632294635,0.15568486164818796
1434,0.1502,1,21,1,30302,575308,1871,106085,5.329097039534625,0.15568842063243973
1435,0.1503,1,24,1,30326,575284,1872,106084,5.328874726740524,0.1556926653438377
1436,0.1504,1,10,1,30336,575274,1873,106083,5.328782096409649,0.15569371122627346
1437,0.1505,1,17,1,30353,575257,1874,106082,5.32862462484716,0.15569635673284518
1438,0.1506,4,12,4,30365,575245,1878,106078,5.328513468450109,0.1556941421322926
1439,0.1507,2,18,2,30383,575227,1880,106076,5.328346733854533,0.15569577706248175
1440,0.1508,0,14,0,30397,575213,1880,106076,5.328217051391308,0.15569897649896006
1441,0.1509,0,19,0,30416,575194,1880,106076,5.328041053762644,0.15570331880164986
1442,0.151,1,17,1,30433,575177,1881,106075,5.327883582200156,0.15570596489991956
1443,0.1511,1,11,1,30444,575166,1882,106074,5.327781688836192,0.15570723973929892
1444,0.1512,1,22,1,30466,575144,1883,106073,5.327577902108266,0.15571102893791552
1445,0.1513,0,14,0,30480,575130,1883,106073,5.32744821964504,0.15571422909176855
1446,0.1514,1,23,1,30503,575107,1884,106072,5.327235169884027,0.15571824733293305
1447,0.1515,1,10,1,30513,575097,1885,106071,5.327142539553151,0.15571929391868086
1448,0.1516,3,15,3,30528,575082,1888,106068,5.327003594056838,0.15571900462453203
1449,0.1517,4,30,4,30558,575052,1892,106064,5.326725703064211,0.15572090510280187
1450,0.1518,0,7,0,30565,575045,1892,106064,5.326660861832599,0.1557225055020562
1451,0.1519,1,12,1,30577,575033,1893,106063,5.326549705435548,0.15572400953756885
1452,0.152,1,8,1,30585,575025,1894,106062,5.326475601170848,0.15572459906003197
1453,0.1521,1,28,1,30613,574997,1895,106061,5.326216236244396,0.1557297616355729
1454,0.1522,4,41,4,30654,574956,1899,106057,5.325836451887806,0.1557341783490183
1455,0.1523,5,20,5,30674,574936,1904,106052,5.325651191226055,0.1557325532902195
1456,0.1524,1,12,1,30686,574924,1905,106051,5.325540034829005,0.15573405778479385
1457,0.1525,2,24,2,30710,574900,1907,106049,5.325317722034903,0.15573706694627645
1458,0.1526,2,13,2,30723,574887,1909,106047,5.3251973026047645,0.15573756046841544
1459,0.1527,1,18,1,30741,574869,1910,106046,5.325030568009189,0.15574043749954106
1460,0.1528,0,18,0,30759,574851,1910,106046,5.324863833413613,0.1557445546095812
1461,0.1529,3,17,3,30776,574834,1913,106043,5.324706361851124,0.15574472334944492
1462,0.153,2,25,2,30801,574809,1915,106041,5.324474786023936,0.1557479621061908
1463,0.1531,2,14,2,30815,574795,1917,106039,5.32434510356071,0.15574868470141032
1464,0.1532,3,26,3,30841,574769,1920,106036,5.324104264700433,0.15575091252267537
1465,0.1533,0,21,0,30862,574748,1920,106036,5.323909741005595,0.1557557169381184
1466,0.1534,0,15,0,30877,574733,1920,106036,5.323770795509281,0.1557591488449092
1467,0.1535,5,37,5,30914,574696,1925,106031,5.323428063285042,0.15576141390013912
1468,0.1536,0,12,0,30926,574684,1925,106031,5.3233169068879915,0.1557641597437988
1469,0.1537,0,7,0,30933,574677,1925,106031,5.323252065656378,0.15576576153064162
1470,0.1538,0,16,0,30949,574661,1925,106031,5.323103857126978,0.15576942288142068
1471,0.1539,2,6,2,30955,574655,1927,106029,5.323048278928452,0.15576831540039138
1472,0.154,0,6,0,30961,574649,1927,106029,5.322992700729927,0.15576968845768482
1473,0.1541,0,1,0,30962,574648,1927,106029,5.3229834376968395,0.15576991730292047
1474,0.1542,3,21,3,30983,574627,1930,106026,5.322788914002,0.15577100225812565
1475,0.1543,3,24,3,31007,574603,1933,106023,5.3225666012079,0.15577277388756822
1476,0.1544,1,21,1,31028,574582,1934,106022,5.3223720775130605,0.15577633983931918
1477,0.1545,0,6,0,31034,574576,1934,106022,5.322316499314535,0.15577771312874855
1478,0.1546,3,14,3,31048,574562,1937,106019,5.32218681685131,0.15577719624849945
1479,0.1547,1,43,1,31091,574519,1938,106018,5.321788506428545,0.15578579856789565
1480,0.1548,0,7,0,31098,574512,1938,106018,5.321723665196932,0.1557874009962823
1481,0.1549,0,21,0,31119,574491,1938,106018,5.3215291415020936,0.15579220847924127
1482,0.155,0,15,0,31134,574476,1938,106018,5.321390196005781,0.15579564257730413
1483,0.1551,1,23,1,31157,574453,1939,106017,5.321177146244766,0.1557996678766147
1484,0.1552,1,17,1,31174,574436,1940,106016,5.321019674682278,0.15580231963459582
1485,0.1553,2,26,2,31200,574410,1942,106014,5.320778835822002,0.15580579168283307
1486,0.1554,1,24,1,31224,574386,1943,106013,5.3205565230279,0.15581004675197935
1487,0.1555,1,22,1,31246,574364,1944,106012,5.320352736299974,0.15581384410972757
1488,0.1556,0,16,0,31262,574348,1944,106012,5.320204527770573,0.15581750837791758
1489,0.1557,1,16,1,31278,574332,1945,106011,5.320056319241172,0.15581993200488578
1490,0.1558,3,19,3,31297,574313,1948,106008,5.319880321612509,0.15582056117626827
1491,0.1559,1,22,1,31319,574291,1949,106007,5.319676534884582,0.1558243593248841
1492,0.156,1,15,1,31334,574276,1950,106006,5.319537589388269,0.15582655428190073
1493,0.1561,2,13,2,31347,574263,1952,106004,5.319417169958131,0.15582705026114746
1494,0.1562,0,13,0,31360,574250,1952,106004,5.319296750527993,0.15583002819535055
1495,0.1563,0,10,0,31370,574240,1952,106004,5.319204120197117,0.15583231899142072
1496,0.1564,2,23,2,31393,574217,1954,106002,5.318991070436104,0.15583510604672907
1497,0.1565,1,9,1,31402,574208,1955,106001,5.318907703138316,0.1558359268989384
1498,0.1566,1,23,1,31425,574185,1956,106000,5.318694653377302,0.15583995530627698
1499,0.1567,1,21,1,31446,574164,1957,105999,5.318500129682463,0.15584352574309393
1500,0.1568,1,29,1,31475,574135,1958,105998,5.3182315017229245,0.15584892954760318
1501,0.1569,3,23,3,31498,574112,1961,105995,5.31801845196191,0.15585047646914382
1502,0.157,3,17,3,31515,574095,1964,105992,5.317860980399422,0.15585064851996877
1503,0.1571,2,18,2,31533,574077,1966,105990,5.317694245803846,0.15585229102426673
1504,0.1572,2,32,2,31565,574045,1968,105988,5.317397828745044,0.15585714222692135
1505,0.1573,1,12,1,31577,574033,1969,105987,5.3172866723479935,0.1558586512161407
1506,0.1574,1,19,1,31596,574014,1970,105986,5.31711067471933,0.15586176470588237
1507,0.1575,2,13,2,31609,574001,1972,105984,5.316990255289192,0.15586226166753678
1508,0.1576,0,29,0,31638,573972,1972,105984,5.3167216273296525,0.15586890916471066
1509,0.1577,0,14,0,31652,573958,1972,105984,5.316591944866427,0.15587211850422536
1510,0.1578,2,4,2,31656,573954,1974,105982,5.316554892734077,0.15587055252259036
1511,0.1579,3,16,3,31672,573938,1977,105979,5.316406684204676,0.15587049595759483
1512,0.158,1,18,1,31690,573920,1978,105978,5.3162399496091,0.15587338100715106
1513,0.1581,2,9,2,31699,573911,1980,105976,5.316156582311312,0.15587296124208877
1514,0.1582,0,20,0,31719,573891,1980,105976,5.3159713216495605,0.15587754663779826
1515,0.1583,4,14,4,31733,573877,1984,105972,5.315841639186335,0.15587579006514682
1516,0.1584,1,8,1,31741,573869,1985,105971,5.315767534921635,0.15587638267827725
1517,0.1585,1,16,1,31757,573853,1986,105970,5.315619326392234,0.1558788096313305
1518,0.1586,2,24,2,31781,573829,1988,105968,5.315397013598132,0.15588182942849116
1519,0.1587,1,18,1,31799,573811,1989,105967,5.315230279002557,0.155884715304114
1520,0.1588,1,17,1,31816,573794,1990,105966,5.315072807440068,0.15588737201365188
1521,0.1589,1,7,1,31823,573787,1991,105965,5.315007966208455,0.15588773552707458
1522,0.159,0,34,0,31857,573753,1991,105965,5.314693023083478,0.15589553314757001
1523,0.1591,0,18,0,31875,573735,1991,105965,5.314526288487903,0.15589966161541857
1524,0.1592,1,25,1,31900,573710,1992,105964,5.314294712660714,0.15590415405032412
1525,0.1593,1,11,1,31911,573699,1993,105963,5.314192819296751,0.15590543534874687
1526,0.1594,0,19,0,31930,573680,1993,105963,5.314016821668087,0.15590979381822515
1527,0.1595,2,11,2,31941,573669,1995,105961,5.313914928304124,0.15590983329164398
1528,0.1596,2,12,2,31953,573657,1997,105959,5.313803771907073,0.15591010217534607
1529,0.1597,1,19,1,31972,573638,1998,105958,5.31362777427841,0.15591321903012967
1530,0.1598,0,16,0,31988,573622,1998,105958,5.313479565749009,0.155916889843727
1531,0.1599,5,16,5,32004,573606,2003,105953,5.313331357219608,0.15591435033602674
1532,0.16,2,22,2,32026,573584,2005,105951,5.313127570491682,0.15591691377191755
1533,0.1601,1,19,1,32045,573565,2006,105950,5.312951572863018,0.1559200311987226
1534,0.1602,0,23,0,32068,573542,2006,105950,5.312738523102005,0.15592530890724246
1535,0.1603,3,23,3,32091,573519,2009,105947,5.31252547334099,0.15592686021081262
1536,0.1604,0,8,0,32099,573511,2009,105947,5.312451369076291,0.15592869610778
1537,0.1605,0,9,0,32108,573502,2009,105947,5.312368001778502,0.15593076154354485
1538,0.1606,1,32,1,32140,573470,2010,105946,5.312071584719701,0.1559368634238817
1539,0.1607,0,15,0,32155,573455,2010,105946,5.311932639223388,0.15594030624034996
1540,0.1608,0,11,0,32166,573444,2010,105946,5.3118307458594245,0.15594283106904724
1541,0.1609,1,9,1,32175,573435,2011,105945,5.311747378561636,0.1559436545085225
1542,0.161,0,14,0,32189,573421,2011,105945,5.31161769609841,0.15594686810938435
1543,0.1611,0,17,0,32206,573404,2011,105945,5.311460224535922,0.15595077051706854
1544,0.1612,0,6,0,32212,573398,2011,105945,5.3114046463373965,0.15595214788405856
1545,0.1613,1,8,1,32220,573390,2012,105944,5.311330542072696,0.15595274195020417
1546,0.1614,0,20,0,32240,573370,2012,105944,5.311145281410945,0.15595733342754603
1547,0.1615,2,19,2,32259,573351,2014,105942,5.310969283782281,0.15595921053212677
1548,0.1616,0,23,0,32282,573328,2014,105942,5.310756234021268,0.15596449129212242
1549,0.1617,0,19,0,32301,573309,2014,105942,5.310580236392604,0.15596885392881277
1550,0.1618,0,10,0,32311,573299,2014,105942,5.310487606061729,0.15597115015141902
1551,0.1619,1,14,1,32325,573285,2015,105941,5.310357923598503,0.15597312234808444
1552,0.162,0,12,0,32337,573273,2015,105941,5.310246767201453,0.155975878000159
1553,0.1621,2,17,2,32354,573256,2017,105939,5.310089295638964,0.15597729665265497
1554,0.1622,2,21,2,32375,573235,2019,105937,5.309894771944125,0.1559796340249598
1555,0.1623,0,21,0,32396,573214,2019,105937,5.309700248249286,0.15598445706477646
1556,0.1624,1,16,1,32412,573198,2020,105936,5.309552039719886,0.15598688918534487
1557,0.1625,1,14,1,32426,573184,2021,105935,5.30942235725666,0.1559888620403788
1558,0.1626,1,15,1,32441,573169,2022,105934,5.3092834117603465,0.155991064683855
1559,0.1627,1,18,1,32459,573151,2023,105933,5.309116677164771,0.15599395656501994
1560,0.1628,1,18,1,32477,573133,2024,105932,5.308949942569195,0.1559968486080125
1561,0.1629,0,11,0,32488,573122,2024,105932,5.308848049205232,0.15599937560194035
1562,0.163,2,19,2,32507,573103,2026,105930,5.308672051576568,0.15600125472546988
1563,0.1631,0,13,0,32520,573090,2026,105930,5.30855163214643,0.15600424140673325
1564,0.1632,2,9,2,32529,573081,2028,105928,5.308468264848642,0.15600382321883804
1565,0.1633,2,17,2,32546,573064,2030,105926,5.308310793286154,0.15600524308163596
1566,0.1634,0,6,0,32552,573058,2030,105926,5.3082552150876285,0.1560066216582423
1567,0.1635,0,19,0,32571,573039,2030,105926,5.308079217458965,0.15601098731156982
1568,0.1636,2,18,2,32589,573021,2032,105924,5.307912482863388,0.15601263725338577
1569,0.1637,1,23,1,32612,572998,2033,105923,5.307699433102375,0.15601667940747155
1570,0.1638,0,21,0,32633,572977,2033,105923,5.307504909407537,0.1560215053763441
1571,0.1639,4,20,4,32653,572957,2037,105919,5.307319648745786,0.1560211290427118
1572,0.164,2,24,2,32677,572933,2039,105917,5.307097335951684,0.15602415850335125
1573,0.1641,1,21,1,32698,572912,2040,105916,5.306902812256846,0.15602774193168226
1574,0.1642,0,12,0,32710,572900,2040,105916,5.3067916558597945,0.15603050016499317
1575,0.1643,3,27,3,32737,572873,2043,105913,5.306541553966431,0.1560329765198457
1576,0.1644,1,27,1,32764,572846,2044,105912,5.306291452073067,0.15603793988431813
1577,0.1645,3,27,3,32791,572819,2047,105909,5.306041350179703,0.15604041677962305
1578,0.1646,0,24,0,32815,572795,2047,105909,5.305819037385602,0.15604593460477617
1579,0.1647,0,7,0,32822,572788,2047,105909,5.3057541961539885,0.15604754404395482
1580,0.1648,1,14,1,32836,572774,2048,105908,5.305624513690763,0.15604951950987356
1581,0.1649,1,10,1,32846,572764,2049,105907,5.305531883359888,0.15605057531558
1582,0.165,1,13,1,32859,572751,2050,105906,5.305411463929749,0.15605232098099628
1583,0.1651,4,8,4,32867,572743,2054,105902,5.305337359665049,0.1560491862461228
1584,0.1652,3,13,3,32880,572730,2057,105899,5.30521694023491,0.1560484447319522
1585,0.1653,0,6,0,32886,572724,2057,105899,5.305161362036385,0.1560498244238701
1586,0.1654,1,21,1,32907,572703,2058,105898,5.304966838341547,0.15605340988297983
1587,0.1655,1,7,1,32914,572696,2059,105897,5.304901997109933,0.1560537759747006
1588,0.1656,3,26,3,32940,572670,2062,105894,5.304661158249657,0.15605602419226483
1589,0.1657,3,33,3,32973,572637,2065,105891,5.304355478157768,0.15605988256932654
1590,0.1658,0,3,0,32976,572634,2065,105891,5.304327689058505,0.15606057256549133
1591,0.1659,2,18,2,32994,572616,2067,105889,5.30416095446293,0.15606222503887224
1592,0.166,1,11,1,33005,572605,2068,105888,5.304059061098966,0.1560635113405739
1593,0.1661,1,20,1,33025,572585,2069,105887,5.3038738004372155,0.15606686790317065
1594,0.1662,1,8,1,33033,572577,2070,105886,5.303799696172515,0.1560674642537618
1595,0.1663,1,19,1,33052,572558,2071,105885,5.303623698543851,0.15607059104449453
1596,0.1664,0,21,0,33073,572537,2071,105885,5.303429174849013,0.15607542208242067
1597,0.1665,1,35,1,33108,572502,2072,105884,5.303104968690948,0.15608223047055805
1598,0.1666,0,19,0,33127,572483,2072,105884,5.3029289710622844,0.15608660209001912
1599,0.1667,2,10,2,33137,572473,2074,105882,5.302836340731409,0.15608641493023565
1600,0.1668,7,21,7,33158,572452,2081,105875,5.30264181703657,0.15608253836276603
1601,0.1669,0,16,0,33174,572436,2081,105875,5.302493608507169,0.1560862200377113
1602,0.167,1,18,1,33192,572418,2082,105874,5.302326873911594,0.15608911796099614
1603,0.1671,1,19,1,33211,572399,2083,105873,5.30215087628293,0.15609224617852424
1604,0.1672,1,20,1,33231,572379,2084,105872,5.301965615621179,0.15609560472450465
1605,0.1673,2,18,2,33249,572361,2086,105870,5.301798881025603,0.1560972588985169
1606,0.1674,2,16,2,33265,572345,2088,105868,5.301650672496202,0.15609845284593482
1607,0.1675,3,24,3,33289,572321,2091,105865,5.301428359702101,0.1561002438858956
1608,0.1676,1,54,1,33343,572267,2092,105864,5.300928155915373,0.15611142979748752
1609,0.1677,0,16,0,33359,572251,2092,105864,5.300779947385972,0.15611511321825944
1610,0.1678,1,11,1,33370,572240,2093,105863,5.300678054022009,0.15611640119568856
1611,0.1679,4,29,4,33399,572211,2097,105859,5.30040942606247,0.15611809990119013
1612,0.168,1,15,1,33414,572196,2098,105858,5.300270480566157,0.1561203090019379
1613,0.1681,2,15,2,33429,572181,2100,105856,5.300131535069843,0.15612127361781142
1614,0.1682,2,21,2,33450,572160,2102,105854,5.299937011375005,0.15612361986625645
1615,0.1683,0,17,0,33467,572143,2102,105854,5.2997795398125165,0.15612753448761574
1616,0.1684,1,26,1,33493,572117,2103,105853,5.2995387009522394,0.15613227723940587
1617,0.1685,2,26,2,33519,572091,2105,105851,5.299297862091963,0.15613577562682354
1618,0.1686,0,16,0,33535,572075,2105,105851,5.299149653562562,0.1561394606490974
1619,0.1687,2,23,2,33558,572052,2107,105849,5.298936603801549,0.15614226856133862
1620,0.1688,0,21,0,33579,572031,2107,105849,5.29874208010671,0.15614710568242166
1621,0.1689,0,22,0,33601,572009,2107,105849,5.298538293378784,0.15615217346405885
1622,0.169,2,25,2,33626,571984,2109,105847,5.298306717551595,0.1561554428758791
1623,0.1691,1,8,1,33634,571976,2110,105846,5.298232613286895,0.15615604096650743
1624,0.1692,1,16,1,33650,571960,2111,105845,5.2980844047574935,0.1561584821593231
1625,0.1693,2,17,2,33667,571943,2113,105843,5.297926933195005,0.15615990887979392
1626,0.1694,1,9,1,33676,571934,2114,105842,5.297843565897217,0.15616073747078682
1627,0.1695,7,20,7,33696,571914,2121,105835,5.297658305235466,0.15615663025692403
1628,0.1696,0,7,0,33703,571907,2121,105835,5.297593464003853,0.1561582431072591
1629,0.1697,0,3,0,33706,571904,2121,105835,5.2975656749045905,0.15615893433903022
1630,0.1698,2,15,2,33721,571889,2123,105833,5.2974267294082775,0.15615990037212898
1631,0.1699,2,33,2,33754,571856,2125,105831,5.297121049316388,0.15616501423223406
1632,0.17,2,8,2,33762,571848,2127,105829,5.2970469450516875,0.15616436739036443
1633,0.1701,1,21,1,33783,571827,2128,105828,5.296852421356849,0.156167961573367
1634,0.1702,0,17,0,33800,571810,2128,105828,5.296694949794361,0.15617187938102645
1635,0.1703,2,14,2,33814,571796,2130,105826,5.296565267331135,0.15617261541095181
1636,0.1704,2,24,2,33838,571772,2132,105824,5.2963429545370335,0.15617565629076913
1637,0.1705,2,13,2,33851,571759,2134,105822,5.296222535106895,0.15617616196439982
1638,0.1706,1,20,1,33871,571739,2135,105821,5.296037274445144,0.1561795265363953
1639,0.1707,0,26,0,33897,571713,2135,105821,5.295796435584868,0.1561855198410707
1640,0.1708,2,12,2,33909,571701,2137,105819,5.2956852791878175,0.15618579525327667
1641,0.1709,1,11,1,33920,571690,2138,105818,5.295583385823854,0.15618708561374922
1642,0.171,4,26,4,33946,571664,2142,105814,5.295342546963577,0.15618809762088215
1643,0.1711,0,14,0,33960,571650,2142,105814,5.295212864500352,0.15619132529551386
1644,0.1712,0,27,0,33987,571623,2142,105814,5.294962762606988,0.15619755047332815
1645,0.1713,0,16,0,34003,571607,2142,105814,5.294814554077587,0.1562012397017512
1646,0.1714,2,12,2,34015,571595,2144,105812,5.294703397680537,0.15620151548478242
1647,0.1715,4,46,4,34061,571549,2148,105808,5.294277298158509,0.15620714040011396
1648,0.1716,1,30,1,34091,571519,2149,105807,5.293999407165883,0.15621281332770334
1649,0.1717,4,18,4,34109,571501,2153,105803,5.293832672570306,0.1562119816212513
1650,0.1718,1,13,1,34122,571488,2154,105802,5.293712253140169,0.1562137341463775
1651,0.1719,0,17,0,34139,571471,2154,105802,5.29355478157768,0.15621765521436703
1652,0.172,1,15,1,34154,571456,2155,105801,5.293415836081366,0.15621986926676285
1653,0.1721,2,13,2,34167,571443,2157,105799,5.293295416651229,0.15622037617277132
1654,0.1722,3,29,3,34196,571414,2160,105796,5.293026788691689,0.1562233280666263
1655,0.1723,0,15,0,34211,571399,2160,105796,5.292887843195376,0.15622678844350593
1656,0.1724,2,29,2,34240,571370,2162,105794,5.2926192152358364,0.1562309868805784
1657,0.1725,4,19,4,34259,571351,2166,105790,5.292443217607174,0.15623038628586955
1658,0.1726,2,23,2,34282,571328,2168,105788,5.292230167846159,0.15623320081049627
1659,0.1727,2,19,2,34301,571309,2170,105786,5.292054170217496,0.1562350925645589
1660,0.1728,1,24,1,34325,571285,2171,105785,5.291831857423395,0.15623938440633908
1661,0.1729,1,7,1,34332,571278,2172,105784,5.291767016191782,0.15623975352331101
1662,0.173,2,15,2,34347,571263,2174,105782,5.291628070695468,0.15624072255167676
1663,0.1731,0,15,0,34362,571248,2174,105782,5.291489125199155,0.15624418415727515
1664,0.1732,0,13,0,34375,571235,2174,105782,5.291368705769017,0.15624718433953652
1665,0.1733,0,24,0,34399,571211,2174,105782,5.291146392974916,0.1562527234402719
1666,0.1734,2,15,2,34414,571196,2176,105780,5.291007447478602,0.1562536928931011
1667,0.1735,2,17,2,34431,571179,2178,105778,5.290849975916114,0.1562551240329888
1668,0.1736,1,21,1,34452,571158,2179,105777,5.290655452221276,0.15625872498836668
1669,0.1737,1,9,1,34461,571149,2180,105776,5.290572084923487,0.15625955608080658
1670,0.1738,1,12,1,34473,571137,2181,105775,5.290460928526437,0.15626107972675918
1671,0.1739,0,13,0,34486,571124,2181,105775,5.290340509096298,0.15626408075650872
1672,0.174,2,16,2,34502,571108,2183,105773,5.290192300566898,0.15626528148965624
1673,0.1741,0,11,0,34513,571097,2183,105773,5.290090407202935,0.1562678209996011
1674,0.1742,2,23,2,34536,571074,2185,105771,5.289877357441921,0.15627063803381866
1675,0.1743,0,10,0,34546,571064,2185,105771,5.289784727111045,0.15627294687774715
1676,0.1744,3,18,3,34564,571046,2188,105768,5.28961799251547,0.15627336313965137
1677,0.1745,0,9,0,34573,571037,2188,105768,5.289534625217681,0.1562754412275323
1678,0.1746,0,22,0,34595,571015,2188,105768,5.2893308384897555,0.15628052123058647
1679,0.1747,1,21,1,34616,570994,2189,105767,5.289136314794916,0.15628412393740182
1680,0.1748,1,18,1,34634,570976,2190,105766,5.288969580199341,0.1562870340543368
1681,0.1749,1,26,1,34660,570950,2191,105765,5.288728741339064,0.1562917919655985
1682,0.175,4,27,4,34687,570923,2195,105761,5.2884786394457,0.156293040769399
1683,0.1751,3,13,3,34700,570910,2198,105758,5.288358220015562,0.1562923028723096
1684,0.1752,3,23,3,34723,570887,2201,105755,5.288145170254548,0.15629387475208456
1685,0.1753,1,15,1,34738,570872,2202,105754,5.2880062247582345,0.1562960926715793
1686,0.1754,1,31,1,34769,570841,2203,105753,5.28771907073252,0.15630200681649556
1687,0.1755,0,13,0,34782,570828,2203,105753,5.287598651302383,0.1563050100431434
1688,0.1756,7,14,7,34796,570814,2210,105746,5.287468968839157,0.15629951519451343
1689,0.1757,1,18,1,34814,570796,2211,105745,5.2873022342435805,0.1563024266082913
1690,0.1758,0,9,0,34823,570787,2211,105745,5.287218866945793,0.1563045059213755
1691,0.1759,1,21,1,34844,570766,2212,105744,5.2870243432509545,0.15630811074485226
1692,0.176,0,22,0,34866,570744,2212,105744,5.286820556523028,0.15631319402561464
1693,0.1761,7,25,7,34891,570719,2219,105737,5.286588980695839,0.15631024042953273
1694,0.1762,2,9,2,34900,570710,2221,105735,5.2865056133980515,0.1563098256325348
1695,0.1763,1,11,1,34911,570699,2222,105734,5.286403720034088,0.15631112024398572
1696,0.1764,1,25,1,34936,570674,2223,105733,5.286172144206899,0.15631565019285726
1697,0.1765,1,19,1,34955,570655,2224,105732,5.285996146578236,0.1563187938266111
1698,0.1766,2,21,2,34976,570634,2226,105730,5.285801622883397,0.1563211525155094
1699,0.1767,2,22,2,34998,570612,2228,105728,5.285597836155471,0.15632374249637757
1700,0.1768,1,18,1,35016,570594,2229,105727,5.285431101559895,0.15632665553782893
1701,0.1769,2,41,2,35057,570553,2231,105725,5.285051317203305,0.15633363794179317
1702,0.177,2,19,2,35076,570534,2233,105723,5.284875319574642,0.15633553515897064
1703,0.1771,2,26,2,35102,570508,2235,105721,5.284634480714365,0.1563390508244988
1704,0.1772,1,28,1,35130,570480,2236,105720,5.284375115787913,0.15634427684117125
1705,0.1773,1,21,1,35151,570459,2237,105719,5.284180592093075,0.15634788472857739
1706,0.1774,0,16,0,35167,570443,2237,105719,5.284032383563674,0.15635158438362404
1707,0.1775,1,31,1,35198,570412,2238,105718,5.28374522953796,0.15635750521349445
1708,0.1776,1,19,1,35217,570393,2239,105717,5.283569231909296,0.15636065137329724
1709,0.1777,4,24,4,35241,570369,2243,105713,5.283346919115195,0.15636121062238012
1710,0.1778,0,12,0,35253,570357,2243,105713,5.283235762718144,0.15636398597778337
1711,0.1779,2,17,2,35270,570340,2245,105711,5.283078291155656,0.15636542213531227
1712,0.178,1,22,1,35292,570318,2246,105710,5.282874504427729,0.15636926281159952
1713,0.1781,2,7,2,35299,570311,2248,105708,5.282809663196117,0.15636838609565706
1714,0.1782,0,20,0,35319,570291,2248,105708,5.282624402534366,0.156373012386113
1715,0.1783,0,11,0,35330,570280,2248,105708,5.282522509170403,0.15637555696254962
1716,0.1784,2,12,2,35342,570268,2250,105706,5.2824113527733525,0.15637583694047405
1717,0.1785,4,35,4,35377,570233,2254,105702,5.282087146615288,0.1563789417621517
1718,0.1786,4,16,4,35393,570217,2258,105698,5.2819389380858865,0.15637765103600304
1719,0.1787,3,27,3,35420,570190,2261,105695,5.281688836192523,0.15638015342846787
1720,0.1788,1,17,1,35437,570173,2262,105694,5.281531364630035,0.156382838635412
1721,0.1789,2,27,2,35464,570146,2264,105692,5.2812812627366705,0.1563865896856939
1722,0.179,0,7,0,35471,570139,2264,105692,5.281216421505057,0.1563882094784051
1723,0.1791,0,11,0,35482,570128,2264,105692,5.281114528141095,0.15639075493474594
1724,0.1792,1,11,1,35493,570117,2265,105691,5.281012634777132,0.15639205218050098
1725,0.1793,1,46,1,35539,570071,2266,105690,5.280586535255104,0.15640144962494137
1726,0.1794,1,28,1,35567,570043,2267,105689,5.280327170328652,0.15640668193899357
1727,0.1795,0,20,0,35587,570023,2267,105689,5.280141909666901,0.156411311327903
1728,0.1796,1,17,1,35604,570006,2268,105688,5.279984438104413,0.15641399805237283
1729,0.1797,1,15,1,35619,569991,2269,105687,5.2798454926081,0.15641622192819657
1730,0.1798,0,29,0,35648,569962,2269,105687,5.27957686464856,0.1564229355774966
1731,0.1799,2,22,2,35670,569940,2271,105685,5.279373077920634,0.1564255319148936
1732,0.18,1,21,1,35691,569919,2272,105684,5.279178554225796,0.156429145518892
1733,0.1801,3,21,3,35712,569898,2275,105681,5.278984030530957,0.15643026204189295
1734,0.1802,0,14,0,35726,569884,2275,105681,5.278854348067731,0.15643350380792373
1735,0.1803,2,10,2,35736,569874,2277,105679,5.278761717736856,0.1564333220339485
1736,0.1804,1,10,1,35746,569864,2278,105678,5.27866908740598,0.1564343889795157
1737,0.1805,6,22,6,35768,569842,2284,105672,5.278465300678054,0.15643199104681768
1738,0.1806,4,15,4,35783,569827,2288,105668,5.278326355181741,0.15643046950754633
1739,0.1807,3,13,3,35796,569814,2291,105665,5.278205935751602,0.15642973356684664
1740,0.1808,3,20,3,35816,569794,2294,105662,5.278020675089851,0.15643061872275915
1741,0.1809,0,7,0,35823,569787,2294,105662,5.277955833858239,0.15643223988783758
1742,0.181,0,3,0,35826,569784,2294,105662,5.277928044758976,0.1564329346831575
1743,0.1811,5,16,5,35842,569768,2299,105657,5.277779836229575,0.1564303956767961
1744,0.1812,3,15,3,35857,569753,2302,105654,5.277640890733261,0.15643012287405964
1745,0.1813,0,12,0,35869,569741,2302,105654,5.277529734336211,0.15643290222758535
1746,0.1814,1,22,1,35891,569719,2303,105653,5.2773259476082846,0.1564367489324402
1747,0.1815,0,22,0,35913,569697,2303,105653,5.277122160880358,0.15644184496927518
1748,0.1816,0,11,0,35924,569686,2303,105653,5.277020267516396,0.15644439311219996
1749,0.1817,1,27,1,35951,569659,2304,105652,5.276770165623032,0.1564493988695579
1750,0.1818,1,27,1,35978,569632,2305,105651,5.276520063729667,0.15645440504203423
1751,0.1819,0,21,0,35999,569611,2305,105651,5.276325540034829,0.15645927062384674
1752,0.182,2,20,2,36019,569591,2307,105649,5.276140279373078,0.15646140631479177
1753,0.1821,1,17,1,36036,569574,2308,105648,5.27598280781059,0.15646409625278798
1754,0.1822,0,12,0,36048,569562,2308,105648,5.275871651413539,0.15646687697160883
1755,0.1823,1,27,1,36075,569535,2309,105647,5.275621549520175,0.15647188461777714
1756,0.1824,0,28,0,36103,569507,2309,105647,5.275362184593724,0.15647837382286114
1757,0.1825,2,7,2,36110,569500,2311,105645,5.27529734336211,0.15647749742647876
1758,0.1826,0,18,0,36128,569482,2311,105645,5.275130608766535,0.1564816693747991
1759,0.1827,5,25,5,36153,569457,2316,105640,5.274899032939346,0.15648121677329332
1760,0.1828,0,22,0,36175,569435,2316,105640,5.27469524621142,0.156486316335222
1761,0.1829,0,15,0,36190,569420,2316,105640,5.274556300715106,0.15648979349983705
1762,0.183,0,8,0,36198,569412,2316,105640,5.274482196450406,0.15649164805081683
1763,0.1831,0,13,0,36211,569399,2316,105640,5.2743617770202675,0.1564946617899114
1764,0.1832,5,30,5,36241,569369,2321,105635,5.274083886027641,0.15649536891633234
1765,0.1833,4,18,4,36259,569351,2325,105631,5.273917151432065,0.15649454355819858
1766,0.1834,2,23,2,36282,569328,2327,105629,5.2737041016710515,0.15649737686993392
1767,0.1835,0,5,0,36287,569323,2327,105629,5.273657786505614,0.1564985361922033
1768,0.1836,2,13,2,36300,569310,2329,105627,5.273537367075475,0.1564990510225399
1769,0.1837,2,10,2,36310,569300,2331,105625,5.2734447367446,0.15649887024484202
1770,0.1838,1,44,1,36354,569256,2332,105624,5.273037163288747,0.15650782361308677
1771,0.1839,1,17,1,36371,569239,2333,105623,5.272879691726259,0.15651051622405765
1772,0.184,0,12,0,36383,569227,2333,105623,5.272768535329209,0.15651329925168556
1773,0.1841,1,16,1,36399,569211,2334,105622,5.2726203267998075,0.1565157601954854
1774,0.1842,2,32,2,36431,569179,2336,105620,5.272323909741005,0.1565206824550718
1775,0.1843,0,12,0,36443,569167,2336,105620,5.272212753343955,0.15652346592332098
1776,0.1844,2,10,2,36453,569157,2338,105618,5.272120123013079,0.15652328553962433
1777,0.1845,3,20,3,36473,569137,2341,105615,5.271934862351328,0.15652417480792943
1778,0.1846,1,20,1,36493,569117,2342,105614,5.271749601689577,0.1565275643182246
1779,0.1847,1,14,1,36507,569103,2343,105613,5.271619919226351,0.15652956206759586
1780,0.1848,0,8,0,36515,569095,2343,105613,5.271545814961651,0.15653141803565393
1781,0.1849,1,24,1,36539,569071,2344,105612,5.27132350216755,0.1565357360419634
1782,0.185,1,11,1,36550,569060,2345,105611,5.271221608803587,0.1565370380526212
1783,0.1851,2,44,2,36594,569016,2347,105609,5.270814035347734,0.15654474708171207
1784,0.1852,2,23,2,36617,568993,2349,105607,5.270600985586721,0.1565475837533353
1785,0.1853,1,11,1,36628,568982,2350,105606,5.2704990922227575,0.15654888613494458
1786,0.1854,2,20,2,36648,568962,2352,105604,5.2703138315610065,0.1565510268824696
1787,0.1855,0,14,0,36662,568948,2352,105604,5.270184149097781,0.15655427602319763
1788,0.1856,6,30,6,36692,568918,2358,105598,5.269906258105154,0.15655373630870134
1789,0.1857,0,24,0,36716,568894,2358,105598,5.269683945311052,0.15655930685612282
1790,0.1858,1,17,1,36733,568877,2359,105597,5.269526473748564,0.15656200239001059
1791,0.1859,2,10,2,36743,568867,2361,105595,5.269433843417689,0.15656182260824184
1792,0.186,1,9,1,36752,568858,2362,105594,5.269350476119901,0.15656266124201573
1793,0.1861,0,9,0,36761,568849,2362,105594,5.269267108822112,0.1565647504681641
1794,0.1862,1,18,1,36779,568831,2363,105593,5.269100374226537,0.1565676784930548
1795,0.1863,0,20,0,36799,568811,2363,105593,5.268915113564786,0.15657232163510298
1796,0.1864,0,10,0,36809,568801,2363,105593,5.26882248323391,0.15657464330940074
1797,0.1865,4,11,4,36820,568790,2367,105589,5.268720589869947,0.15657219456714994
1798,0.1866,0,14,0,36834,568776,2367,105589,5.268590907406721,0.1565754450483047
1799,0.1867,0,34,0,36868,568742,2367,105589,5.268275964281744,0.15658333963587615
1800,0.1868,1,12,1,36880,568730,2368,105588,5.268164807884694,0.15658487538520402
1801,0.1869,3,10,3,36890,568720,2371,105585,5.268072177553818,0.15658344517688583
1802,0.187,1,43,1,36933,568677,2372,105584,5.2676738671310535,0.1565921801794854
1803,0.1871,0,17,0,36950,568660,2372,105584,5.267516395568565,0.15659612840455384
1804,0.1872,4,46,4,36996,568614,2376,105580,5.267090296046537,0.1566018089748648
1805,0.1873,2,12,2,37008,568602,2378,105578,5.266979139649487,0.15660209439615533
1806,0.1874,0,11,0,37019,568591,2378,105578,5.266877246285524,0.1566046495759965
1807,0.1875,3,13,3,37032,568578,2381,105575,5.266756826855386,0.15660391632166584
1808,0.1876,2,48,2,37080,568530,2383,105573,5.266312201267183,0.15661256514212218
1809,0.1877,0,15,0,37095,568515,2383,105573,5.26617325577087,0.15661605012995336
1810,0.1878,0,14,0,37109,568501,2383,105573,5.266043573307644,0.15661930292519813
1811,0.1879,2,15,2,37124,568486,2385,105571,5.265904627811331,0.15662028582152548
1812,0.188,1,11,1,37135,568475,2386,105570,5.265802734447368,0.15662159054662522
1813,0.1881,3,42,3,37177,568433,2389,105567,5.26541368705769,0.15662759643916915
1814,0.1882,6,25,6,37202,568408,2395,105561,5.2651821112305015,0.15662589822380554
1815,0.1883,7,33,7,37235,568375,2402,105554,5.264876431138612,0.15662480765777997
1816,0.1884,2,38,2,37273,568337,2404,105552,5.264524435881285,0.15663113658184064
1817,0.1885,3,44,3,37317,568293,2407,105549,5.264116862425433,0.15663760940992102
1818,0.1886,2,19,2,37336,568274,2409,105547,5.263940864796769,0.15663952295936162
1819,0.1887,3,16,3,37352,568258,2412,105544,5.263792656267368,0.1566394875645961
1820,0.1888,3,33,3,37385,568225,2415,105541,5.263486976175479,0.15664340438668617
1821,0.1889,2,18,2,37403,568207,2417,105539,5.263320241579903,0.1566450858335337
1822,0.189,1,16,1,37419,568191,2418,105538,5.263172033050502,0.15664755413526804
1823,0.1891,3,13,3,37432,568178,2421,105535,5.263051613620364,0.15664682142099084
1824,0.1892,0,6,0,37438,568172,2421,105535,5.262996035421838,0.15664821650955088
1825,0.1893,0,13,0,37451,568159,2421,105535,5.2628756159917005,0.15665123928667912
1826,0.1894,2,13,2,37464,568146,2423,105533,5.262755196561562,0.15665175847844448
1827,0.1895,1,24,1,37488,568122,2424,105532,5.262532883767461,0.1566560875464259
1828,0.1896,1,15,1,37503,568107,2425,105531,5.262393938271147,0.15665832390690548
1829,0.1897,2,24,2,37527,568083,2427,105529,5.2621716254770465,0.1566614015189753
1830,0.1898,0,11,0,37538,568072,2427,105529,5.262069732113083,0.1566639598219124
1831,0.1899,2,21,2,37559,568051,2429,105527,5.261875208418244,0.15666634005267394
1832,0.19,1,20,1,37579,568031,2430,105526,5.261689947756493,0.15666973990323016
1833,0.1901,1,15,1,37594,568016,2431,105525,5.26155100226018,0.1566719769100916
1834,0.1902,4,15,4,37609,568001,2435,105521,5.2614120567638665,0.15667045768363913
1835,0.1903,2,16,2,37625,567985,2437,105519,5.261263848234466,0.15667167529814224
1836,0.1904,2,28,2,37653,567957,2439,105517,5.261004483308015,0.15667568458470557
1837,0.1905,0,10,0,37663,567947,2439,105517,5.260911852977139,0.15667801099984557
1838,0.1906,0,17,0,37680,567930,2439,105517,5.2607543814146505,0.1566819660641446
1839,0.1907,3,22,3,37702,567908,2442,105514,5.260550594686724,0.15668332783900735
1840,0.1908,5,22,5,37724,567886,2447,105509,5.260346807958798,0.15668218504740902
1841,0.1909,2,14,2,37738,567872,2449,105507,5.260217125495572,0.1566829378403544
1842,0.191,1,20,1,37758,567852,2450,105506,5.260031864833821,0.15668633921331596
1843,0.1911,4,23,4,37781,567829,2454,105502,5.259818815072808,0.15668668158751045
1844,0.1912,0,4,0,37785,567825,2454,105502,5.259781762940457,0.15668761240823553
1845,0.1913,1,11,1,37796,567814,2455,105501,5.259679869576494,0.1566889197478149
1846,0.1914,2,19,2,37815,567795,2457,105499,5.259503871947831,0.15669083639539338
1847,0.1915,2,15,2,37830,567780,2459,105497,5.259364926451517,0.15669182223661288
1848,0.1916,2,16,2,37846,567764,2461,105495,5.259216717922117,0.15669304086540248
1849,0.1917,1,20,1,37866,567744,2462,105494,5.259031457260365,0.1566964431597741
1850,0.1918,0,14,0,37880,567730,2462,105494,5.258901774797139,0.15669970173374687
1851,0.1919,1,26,1,37906,567704,2463,105493,5.258660935936863,0.15670450105986805
1852,0.192,2,35,2,37941,567669,2465,105491,5.258336729778799,0.15671014320518153
1853,0.1921,1,43,1,37984,567626,2466,105490,5.257938419356034,0.156718901348356
1854,0.1922,0,22,0,38006,567604,2466,105490,5.257734632628107,0.15672402368762758
1855,0.1923,1,18,1,38024,567586,2467,105489,5.257567898032532,0.15672696207703452
1856,0.1924,3,34,3,38058,567552,2470,105486,5.257252954907555,0.15673112067966444
1857,0.1925,0,11,0,38069,567541,2470,105486,5.257151061543592,0.15673368230397888
1858,0.1926,1,19,1,38088,567522,2471,105485,5.256975063914928,0.15673685414861954
1859,0.1927,0,8,0,38096,567514,2471,105485,5.256900959650228,0.156738717293785
1860,0.1928,3,8,3,38104,567506,2474,105482,5.256826855385527,0.15673682145892645
1861,0.1929,1,13,1,38117,567493,2475,105481,5.2567064359553894,0.15673859614190147
1862,0.193,0,15,0,38132,567478,2475,105481,5.256567490459076,0.156742089785559
1863,0.1931,0,18,0,38150,567460,2475,105481,5.2564007558635,0.15674628236353558
1864,0.1932,2,50,2,38200,567410,2477,105479,5.255937604209122,0.1567554232570305
1865,0.1933,1,16,1,38216,567394,2478,105478,5.255789395679721,0.15675789749016159
1866,0.1934,0,2,0,38218,567392,2478,105478,5.255770869613547,0.15675836342829969
1867,0.1935,3,18,3,38236,567374,2481,105475,5.25560413501797,0.15675879729330058
1868,0.1936,0,12,0,38248,567362,2481,105475,5.25549297862092,0.15676159307529164
1869,0.1937,1,10,1,38258,567352,2482,105474,5.255400348290044,0.15676266969469074
1870,0.1938,0,29,0,38287,567323,2482,105474,5.255131720330505,0.15676942673644503
1871,0.1939,5,21,5,38308,567302,2487,105469,5.254937196635666,0.15676805331977745
1872,0.194,3,22,3,38330,567280,2490,105466,5.2547334099077405,0.1567694196621013
1873,0.1941,3,23,3,38353,567257,2493,105463,5.254520360146726,0.15677101914615293
1874,0.1942,2,17,2,38370,567240,2495,105461,5.254362888584238,0.15677247395202326
1875,0.1943,1,19,1,38389,567221,2496,105460,5.254186890955575,0.15677564848717296
1876,0.1944,2,22,2,38411,567199,2498,105458,5.253983104227649,0.15677826886511254
1877,0.1945,2,12,2,38423,567187,2500,105456,5.253871947830597,0.15677855861132875
1878,0.1946,0,14,0,38437,567173,2500,105456,5.2537422653673715,0.15678182177693795
1879,0.1947,0,7,0,38444,567166,2500,105456,5.253677424135759,0.15678345341068237
1880,0.1948,4,15,4,38459,567151,2504,105452,5.253538478639446,0.1567819352574996
1881,0.1949,3,65,3,38524,567086,2507,105449,5.252936381488754,0.15679332674135918
1882,0.195,1,17,1,38541,567069,2508,105448,5.252778909926266,0.1567960363827234
1883,0.1951,0,19,0,38560,567050,2508,105448,5.252602912297602,0.15680046632108943
1884,0.1952,4,16,4,38576,567034,2512,105444,5.252454703768202,0.1567991815345632
1885,0.1953,2,9,2,38585,567025,2514,105442,5.252371336470413,0.15679877228176253
1886,0.1954,0,12,0,38597,567013,2514,105442,5.252260180073363,0.15680157036530326
1887,0.1955,0,28,0,38625,566985,2514,105442,5.2520008151469115,0.15680809961527423
1888,0.1956,1,24,1,38649,566961,2515,105441,5.251778502352811,0.15681244255668483
1889,0.1957,0,20,0,38669,566941,2515,105441,5.251593241691059,0.15681710694218465
1890,0.1958,0,12,0,38681,566929,2515,105441,5.2514820852940085,0.15681990570667936
1891,0.1959,0,9,0,38690,566920,2515,105441,5.251398717996221,0.1568220048456112
1892,0.196,3,21,3,38711,566899,2518,105438,5.251204194301382,0.15682314077612863
1893,0.1961,1,9,1,38720,566890,2519,105437,5.251120827003594,0.15682398594731434
1894,0.1962,1,21,1,38741,566869,2520,105436,5.250926303308756,0.15682763031659738
1895,0.1963,1,14,1,38755,566855,2521,105435,5.25079662084553,0.1568296419699832
1896,0.1964,1,12,1,38767,566843,2522,105434,5.250685464448479,0.15683118714458474
1897,0.1965,2,13,2,38780,566830,2524,105432,5.250565045018341,0.1568317114458351
1898,0.1966,2,23,2,38803,566807,2526,105430,5.250351995257327,0.1568345687607198
1899,0.1967,1,17,1,38820,566790,2527,105429,5.250194523694839,0.15683728070762654
1900,0.1968,4,21,4,38841,566769,2531,105425,5.25,0.1568371630808963
1901,0.1969,1,25,1,38866,566744,2532,105424,5.249768424172811,0.15684174194546602
1902,0.197,3,15,3,38881,566729,2535,105421,5.249629478676498,0.1568414788365692
1903,0.1971,1,14,1,38895,566715,2536,105420,5.249499796213272,0.15684349126291594
1904,0.1972,2,14,2,38909,566701,2538,105418,5.249370113750047,0.15684424930704235
1905,0.1973,1,14,1,38923,566687,2539,105417,5.249240431286821,0.15684626188804113
1906,0.1974,3,14,3,38937,566673,2542,105414,5.249110748823595,0.1568457655035732
1907,0.1975,0,13,0,38950,566660,2542,105414,5.2489903293934566,0.15684879938816262
1908,0.1976,1,28,1,38978,566632,2543,105413,5.248730964467005,0.15685407971192405
1909,0.1977,3,7,3,38985,566625,2546,105410,5.248666123235393,0.15685194967524013
1910,0.1978,0,6,0,38991,566619,2546,105410,5.2486105450368665,0.15685335007864243
1911,0.1979,3,12,3,39003,566607,2549,105407,5.248499388639816,0.1568523870038422
1912,0.198,1,17,1,39020,566590,2550,105406,5.248341917077328,0.15685510032797814
1913,0.1981,6,22,6,39042,566568,2556,105400,5.2481381303494015,0.15685270727177483
1914,0.1982,0,15,0,39057,566553,2556,105400,5.2479991848530885,0.15685620869316752
1915,0.1983,4,19,4,39076,566534,2560,105396,5.247823187224425,0.1568556248418734
1916,0.1984,0,15,0,39091,566519,2560,105396,5.247684241728112,0.15685912652642076
1917,0.1985,2,16,2,39107,566503,2562,105394,5.247536033198711,0.1568603521075403
1918,0.1986,3,10,3,39117,566493,2565,105391,5.247443402867835,0.15685892207583452
1919,0.1987,1,12,1,39129,566481,2566,105390,5.247332246470784,0.15686046875069767
1920,0.1988,0,17,0,39146,566464,2566,105390,5.247174774908296,0.156864437809405
1921,0.1989,2,24,2,39170,566440,2568,105388,5.246952462114194,0.15686753157058056
1922,0.199,0,26,0,39196,566414,2568,105388,5.246711623253918,0.15687360263887276
1923,0.1991,3,23,3,39219,566391,2571,105385,5.246498573492905,0.15687520840280095
1924,0.1992,0,7,0,39226,566384,2571,105385,5.246433732261291,0.15687684308147593
1925,0.1993,1,35,1,39261,566349,2572,105384,5.246109526103227,0.1568837618518072
1926,0.1994,1,16,1,39277,566333,2573,105383,5.245961317573826,0.15688624359104145
1927,0.1995,1,11,1,39288,566322,2574,105382,5.245859424209863,0.1568875576146636
1928,0.1996,2,18,2,39306,566304,2576,105380,5.2456926896142875,0.15688925149326172
1929,0.1997,0,15,0,39321,566289,2576,105380,5.245553744117974,0.15689275521127222
1930,0.1998,1,19,1,39340,566270,2577,105379,5.245377746489311,0.15689593820581882
1931,0.1999,2,22,2,39362,566248,2579,105377,5.2451739597613845,0.15689856690861717
1932,0.2,0,19,0,39381,566229,2579,105377,5.244997962132721,0.15690300563127788
1933,0.2001,1,18,1,39399,566211,2580,105376,5.244831227537145,0.15690595559473308
1934,0.2002,4,37,4,39436,566174,2584,105372,5.244488495312905,0.1569095787928154
1935,0.2003,1,21,1,39457,566153,2585,105371,5.244293971618067,0.15691323020472836
1936,0.2004,2,25,2,39482,566128,2587,105369,5.244062395790878,0.1569165610568625
1937,0.2005,1,11,1,39493,566117,2588,105368,5.243960502426915,0.15691787605084254
1938,0.2006,1,12,1,39505,566105,2589,105367,5.243849346029864,0.1569194247861415
1939,0.2007,1,30,1,39535,566075,2590,105366,5.243571455037237,0.15692518032113023
1940,0.2008,0,11,0,39546,566064,2590,105366,5.243469561673274,0.1569277512175506
1941,0.2009,1,12,1,39558,566052,2591,105365,5.243358405276224,0.15692930027091956
1942,0.201,0,10,0,39568,566042,2591,105365,5.243265774945348,0.15693163759090983
1943,0.2011,0,22,0,39590,566020,2591,105365,5.243061988217422,0.15693677993997482
1944,0.2012,1,17,1,39607,566003,2592,105364,5.242904516654933,0.15693949806886545
1945,0.2013,2,21,2,39628,565982,2594,105362,5.242709992960095,0.1569418956600491
1946,0.2014,0,21,0,39649,565961,2594,105362,5.242515469265256,0.15694680504019676
1947,0.2015,1,17,1,39666,565944,2595,105361,5.242357997702768,0.15694952368893425
1948,0.2016,2,16,2,39682,565928,2597,105359,5.2422097891733666,0.15695075280766646
1949,0.2017,1,21,1,39703,565907,2598,105358,5.242015265478528,0.15695440697787014
1950,0.2018,1,15,1,39718,565892,2599,105357,5.241876319982215,0.15695665840842965
1951,0.2019,2,15,2,39733,565877,2601,105355,5.2417373744859015,0.15695765398550723
1952,0.202,4,43,4,39776,565834,2605,105351,5.241339064063137,0.1569626853997035
1953,0.2021,3,22,3,39798,565812,2608,105348,5.241135277335211,0.15696406222063294
1954,0.2022,0,8,0,39806,565804,2608,105348,5.24106117307051,0.15696593320142085
1955,0.2023,1,13,1,39819,565791,2609,105347,5.240940753640372,0.15696771751860272
1956,0.2024,0,21,0,39840,565770,2609,105347,5.240746229945533,0.15697262921368405
1957,0.2025,1,27,1,39867,565743,2610,105346,5.240496128052169,0.15697768850331328
1958,0.2026,1,19,1,39886,565724,2611,105345,5.240320130423506,0.15698087678018208
1959,0.2027,1,12,1,39898,565712,2612,105344,5.240208974026455,0.1569824276960492
1960,0.2028,1,10,1,39908,565702,2613,105343,5.24011634369558,0.15698351079286785
1961,0.2029,0,6,0,39914,565696,2613,105343,5.240060765497055,0.1569849144386541
1962,0.203,2,14,2,39928,565682,2615,105341,5.239931083033829,0.15698567709303557
1963,0.2031,1,22,1,39950,565660,2616,105340,5.239727296305903,0.15698956780923995
1964,0.2032,1,14,1,39964,565646,2617,105339,5.239597613842677,0.15699158699523835
1965,0.2033,3,14,3,39978,565632,2620,105336,5.239467931379451,0.15699109346496407
1966,0.2034,1,19,1,39997,565613,2621,105335,5.2392919337507875,0.15699428271639532
1967,0.2035,3,24,3,40021,565589,2624,105332,5.239069620956686,0.15699612920150063
1968,0.2036,4,27,4,40048,565562,2628,105328,5.238819519063322,0.15699742133583747
1969,0.2037,1,15,1,40063,565547,2629,105327,5.238680573567009,0.15699967505075468
1970,0.2038,5,29,5,40092,565518,2634,105322,5.23841194560747,0.1570001788802099
1971,0.2039,1,11,1,40103,565507,2635,105321,5.238310052243507,0.15700149665786162
1972,0.204,0,14,0,40117,565493,2635,105321,5.238180369780281,0.15700477330526794
1973,0.2041,3,33,3,40150,565460,2638,105318,5.237874689688391,0.1570087271794841
1974,0.2042,2,18,2,40168,565442,2640,105316,5.237707955092816,0.15701042700944304
1975,0.2043,0,25,0,40193,565417,2640,105316,5.237476379265627,0.15701627920498917
1976,0.2044,1,12,1,40205,565405,2641,105315,5.237365222868576,0.15701783158396945
1977,0.2045,2,25,2,40230,565380,2643,105313,5.237133647041388,0.15702117063992022
1978,0.2046,3,12,3,40242,565368,2646,105310,5.237022490644336,0.15702020940003997
1979,0.2047,1,20,1,40262,565348,2647,105309,5.236837229982585,0.1570236350325129
1980,0.2048,2,24,2,40286,565324,2649,105307,5.236614917188485,0.15702674048768994
1981,0.2049,0,6,0,40292,565318,2649,105307,5.2365593389899585,0.15702814538676607
1982,0.205,1,23,1,40315,565295,2650,105306,5.236346289228945,0.15703227403478373
1983,0.2051,2,26,2,40341,565269,2652,105304,5.236105450368669,0.1570358484460305
1984,0.2052,0,16,0,40357,565253,2652,105304,5.235957241839268,0.15703959544080517
1985,0.2053,1,22,1,40379,565231,2653,105303,5.235753455111341,0.15704349071038903
1986,0.2054,4,47,4,40426,565184,2657,105299,5.235318092556227,0.1570494703072263
1987,0.2055,1,16,1,40442,565168,2658,105298,5.235169884026826,0.15705196087497353
1988,0.2056,0,13,0,40455,565155,2658,105298,5.235049464596687,0.1570550060928954
1989,0.2057,0,17,0,40472,565138,2658,105298,5.234891993034199,0.15705898847913896
1990,0.2058,1,15,1,40487,565123,2659,105297,5.234753047537886,0.15706124518958264
1991,0.2059,1,17,1,40504,565106,2660,105296,5.234595575975398,0.15706397057288016
1992,0.206,1,16,1,40520,565090,2661,105295,5.234447367445997,0.15706646180925884
1993,0.2061,1,21,1,40541,565069,2662,105294,5.2342528437511575,0.15707012469363613
1994,0.2062,3,8,3,40549,565061,2665,105291,5.234178739486458,0.15706822684201732
1995,0.2063,3,22,3,40571,565039,2668,105288,5.2339749527585315,0.15706960931008299
1996,0.2064,1,21,1,40592,565018,2669,105287,5.2337804290636925,0.15707327261470524
1997,0.2065,0,13,0,40605,565005,2669,105287,5.233660009633555,0.1570763189774009
1998,0.2066,2,17,2,40622,564988,2671,105285,5.233502538071066,0.15707778770739683
1999,0.2067,2,22,2,40644,564966,2673,105283,5.23329875134314,0.15708042831843091
2000,0.2068,6,25,6,40669,564941,2679,105277,5.233067175515951,0.1570787415437962
2001,0.2069,2,21,2,40690,564920,2681,105275,5.232872651821112,0.15708114802408255
2002,0.207,2,10,2,40700,564910,2683,105273,5.232780021490237,0.1570809763900308
2003,0.2071,2,14,2,40714,564896,2685,105271,5.232650339027011,0.1570817423119909
2004,0.2072,0,9,0,40723,564887,2685,105271,5.232566971729223,0.1570838518677685
2005,0.2073,2,18,2,40741,564869,2687,105269,5.232400237133647,0.15708555551244668
2006,0.2074,0,15,0,40756,564854,2687,105269,5.232261291637334,0.15708907170773126
2007,0.2075,2,16,2,40772,564838,2689,105267,5.232113083107933,0.1570903067429731
2008,0.2076,1,12,1,40784,564826,2690,105266,5.232001926710883,0.1570918620129773
2009,0.2077,2,5,2,40789,564821,2692,105264,5.231955611545445,0.15709051836707283
2010,0.2078,1,14,1,40803,564807,2693,105263,5.231825929082219,0.15709254257017924
2011,0.2079,4,23,4,40826,564784,2697,105259,5.231612879321205,0.157092902992793
2012,0.208,0,12,0,40838,564772,2697,105259,5.231501722924154,0.15709571646685005
2013,0.2081,1,45,1,40883,564727,2698,105258,5.231084886435214,0.15710500981365255
2014,0.2082,1,8,1,40891,564719,2699,105257,5.231010782170514,0.15710562766427455
2015,0.2083,4,46,4,40937,564673,2703,105253,5.2305846826484865,0.1571113824511961
2016,0.2084,0,18,0,40955,564655,2703,105253,5.23041794805291,0.15711560393367446
2017,0.2085,4,44,4,40999,564611,2707,105249,5.230010374597058,0.15712089093243364
2018,0.2086,3,58,3,41057,564553,2710,105246,5.22947311867798,0.15713072130594402
2019,0.2087,0,18,0,41075,564535,2710,105246,5.229306384082404,0.15713494410859669
2020,0.2088,2,27,2,41102,564508,2712,105244,5.22905628218904,0.15713876181034173
2021,0.2089,0,8,0,41110,564500,2712,105244,5.2289821779243395,0.1571406388112473
2022,0.209,0,9,0,41119,564491,2712,105244,5.228898810626552,0.1571427504908658
2023,0.2091,0,20,0,41139,564471,2712,105244,5.228713549964801,0.15714744331544014
2024,0.2092,2,15,2,41154,564456,2714,105242,5.228574604468487,0.1571484460159654
2025,0.2093,1,16,1,41170,564440,2715,105241,5.228426395939087,0.15715094201567611
2026,0.2094,3,11,3,41181,564429,2718,105238,5.2283245025751235,0.15714974756110126
2027,0.2095,0,11,0,41192,564418,2718,105238,5.22822260921116,0.157152328956957
2028,0.2096,1,26,1,41218,564392,2719,105237,5.227981770350883,0.15715717210574812
2029,0.2097,3,30,3,41248,564362,2722,105234,5.227703879358257,0.1571604370396478
2030,0.2098,1,22,1,41270,564340,2723,105233,5.227500092630331,0.1571643420508294
2031,0.2099,1,26,1,41296,564314,2724,105232,5.227259253770055,0.15716918628443752
2032,0.21,2,24,2,41320,564290,2726,105230,5.227036940975953,0.15717230254510695
2033,0.2101,1,17,1,41337,564273,2727,105229,5.226879469413465,0.15717503457794002
2034,0.2102,0,21,0,41358,564252,2727,105229,5.226684945718626,0.1571799647786868
2035,0.2103,1,6,1,41364,564246,2728,105228,5.2266293675201005,0.15718011453768183
2036,0.2104,1,30,1,41394,564216,2729,105227,5.226351476527475,0.1571858993222724
2037,0.2105,3,17,3,41411,564199,2732,105224,5.226194004964985,0.15718611401161897
2038,0.2106,1,5,1,41416,564194,2733,105223,5.226147689799548,0.157186029037207
2039,0.2107,3,17,3,41433,564177,2736,105220,5.22599021823706,0.15718624373876788
2040,0.2108,1,14,1,41447,564163,2737,105219,5.225860535773834,0.15718827216746192
2041,0.2109,1,15,1,41462,564148,2738,105218,5.22572159027752,0.15719053552167275
2042,0.211,2,9,2,41471,564139,2740,105216,5.2256382229797325,0.15719013079755884
2043,0.2111,1,5,1,41476,564134,2741,105215,5.2255919078142945,0.15719004585052043
2044,0.2112,2,18,2,41494,564116,2743,105213,5.225425173218719,0.15719175472749575
2045,0.2113,6,21,6,41515,564095,2749,105207,5.22523064952388,0.15718913136371923
2046,0.2114,2,9,2,41524,564086,2751,105205,5.225147282226092,0.1571887265778264
2047,0.2115,2,18,2,41542,564068,2753,105203,5.2249805476305164,0.1571904355634713
2048,0.2116,0,17,0,41559,564051,2753,105203,5.224823076068028,0.1571944284232892
2049,0.2117,0,16,0,41575,564035,2753,105203,5.224674867538627,0.15719818659430576
2050,0.2118,1,23,1,41598,564012,2754,105202,5.224461817777613,0.1572023298974618
2051,0.2119,2,7,2,41605,564005,2756,105200,5.224396976546,0.15720145545834235
2052,0.212,2,17,2,41622,563988,2758,105198,5.224239504983512,0.1572029301270499
2053,0.2121,1,30,1,41652,563958,2759,105197,5.223961613990885,0.15720871845835419
2054,0.2122,0,12,0,41664,563946,2759,105197,5.2238504575938345,0.15721153774305344
2055,0.2123,0,10,0,41674,563936,2759,105197,5.223757827262959,0.15721388722421403
2056,0.2124,4,33,4,41707,563903,2763,105193,5.22345214717107,0.15721660269976206
2057,0.2125,1,17,1,41724,563886,2764,105192,5.223294675608582,0.15721933765569934
2058,0.2126,0,13,0,41737,563873,2764,105192,5.223174256178443,0.15722239244318564
2059,0.2127,3,20,3,41757,563853,2767,105189,5.222988995516692,0.15722331333458886
2060,0.2128,0,23,0,41780,563830,2767,105189,5.222775945755679,0.15722871846688957
2061,0.2129,1,11,1,41791,563819,2768,105188,5.2226740523917154,0.157230043930781
2062,0.213,3,16,3,41807,563803,2771,105185,5.222525843862314,0.15723002505276626
2063,0.2131,2,27,2,41834,563776,2773,105183,5.22227574196895,0.15723385140195437
2064,0.2132,0,14,0,41848,563762,2773,105183,5.222146059505724,0.15723714206698608
2065,0.2133,3,17,3,41865,563745,2776,105180,5.221988587943236,0.15723735844825654
2066,0.2134,0,19,0,41884,563726,2776,105180,5.221812590314572,0.15724182471079642
2067,0.2135,2,55,2,41939,563671,2778,105178,5.221303123494757,0.15725223480935158
2068,0.2136,5,24,5,41963,563647,2783,105173,5.221080810700656,0.1572515774049819
2069,0.2137,2,32,2,41995,563615,2785,105171,5.220784393641854,0.15725658132795842
2070,0.2138,1,21,1,42016,563594,2786,105170,5.220589869947015,0.15726025922447978
2071,0.2139,3,16,3,42032,563578,2789,105167,5.220441661417615,0.15726024119806503
2072,0.214,1,16,1,42048,563562,2790,105166,5.220293452888214,0.1572627435967987
2073,0.2141,4,36,4,42084,563526,2794,105162,5.219959983697062,0.15726616897566578
2074,0.2142,1,19,1,42103,563507,2795,105161,5.219783986068398,0.15726937732925758
2075,0.2143,1,12,1,42115,563495,2796,105160,5.219672829671348,0.15727093942317039
2076,0.2144,0,11,0,42126,563484,2796,105160,5.219570936307385,0.15727352671974923
2077,0.2145,3,22,3,42148,563462,2799,105157,5.219367149579458,0.1572749203956214
2078,0.2146,2,39,2,42187,563423,2801,105155,5.219005891289044,0.1572815737281215
2079,0.2147,2,16,2,42203,563407,2803,105153,5.2188576827596425,0.1572828168002872
2080,0.2148,2,32,2,42235,563375,2805,105151,5.218561265700841,0.15728782425814403
2081,0.2149,1,31,1,42266,563344,2806,105150,5.218274111675127,0.15729385753649247
2082,0.215,0,19,0,42285,563325,2806,105150,5.218098114046463,0.15729832828452822
2083,0.2151,1,15,1,42300,563310,2807,105149,5.21795916855015,0.15730059734404056
2084,0.2152,1,10,1,42310,563300,2808,105148,5.217866538219274,0.15730168988462828
2085,0.2153,2,28,2,42338,563272,2810,105146,5.217607173292823,0.15730575777432684
2086,0.2154,3,20,3,42358,563252,2813,105143,5.217421912631072,0.15730668242581108
2087,0.2155,1,20,1,42378,563232,2814,105142,5.217236651969321,0.157310128760245
2088,0.2156,2,23,2,42401,563209,2816,105140,5.217023602208307,0.15731302059253474
2089,0.2157,5,22,5,42423,563187,2821,105135,5.216819815480381,0.15731189456579314
2090,0.2158,2,12,2,42435,563175,2823,105133,5.21670865908333,0.15731219737007487
2091,0.2159,5,18,5,42453,563157,2828,105128,5.216541924487754,0.15731012966024974
2092,0.216,0,11,0,42464,563146,2828,105128,5.216440031123791,0.15731271903440805
2093,0.2161,2,9,2,42473,563137,2830,105126,5.216356663826003,0.15731231566015177
2094,0.2162,2,19,2,42492,563118,2832,105124,5.2161806661973396,0.15731426638852392
2095,0.2163,0,19,0,42511,563099,2832,105124,5.216004668568676,0.157318739402864
2096,0.2164,3,32,3,42543,563067,2835,105121,5.2157082515098745,0.15732249007764282
2097,0.2165,2,35,2,42578,563032,2837,105119,5.21538404535181,0.1573282087432332
2098,0.2166,0,25,0,42603,563007,2837,105119,5.215152469524621,0.15733409566459022
2099,0.2167,4,22,4,42625,562985,2841,105115,5.214948682796695,0.15733423140248465
2100,0.2168,1,15,1,42640,562970,2842,105114,5.214809737300381,0.15733650259548201
2101,0.2169,1,15,1,42655,562955,2843,105113,5.2146707918040685,0.15733877389726794
2102,0.217,2,23,2,42678,562932,2845,105111,5.214457742043055,0.15734166812615355
2103,0.2171,3,22,3,42700,562910,2848,105108,5.214253955315129,0.1573430656060166
2104,0.2172,0,13,0,42713,562897,2848,105108,5.21413353588499,0.15734612764874514
2105,0.2173,1,17,1,42730,562880,2849,105107,5.213976064322502,0.15734887056185226
2106,0.2174,1,4,1,42734,562876,2850,105106,5.213939012190152,0.15734855130826877
2107,0.2175,1,12,1,42746,562864,2851,105105,5.213827855793101,0.1573501165473248
2108,0.2176,6,48,6,42794,562816,2857,105099,5.213383230204898,0.15735385490668724
2109,0.2177,0,13,0,42807,562803,2857,105099,5.2132628107747605,0.1573569176316286
2110,0.2178,2,30,2,42837,562773,2859,105097,5.212984919782134,0.15736146256007905
2111,0.2179,1,15,1,42852,562758,2860,105096,5.21284597428582,0.15736373518763083
2112,0.218,1,12,1,42864,562746,2861,105095,5.212734817888769,0.1573653010222493
2113,0.2181,0,13,0,42877,562733,2861,105095,5.212614398458632,0.15736836430937307
2114,0.2182,0,25,0,42902,562708,2861,105095,5.212382822631443,0.15737425558136156
2115,0.2183,2,16,2,42918,562692,2863,105093,5.212234614102042,0.1573755025943979
2116,0.2184,5,23,5,42941,562669,2868,105088,5.212021564341028,0.15737461381909887
2117,0.2185,1,11,1,42952,562658,2869,105087,5.211919670977065,0.15737594440991695
2118,0.2186,1,26,1,42978,562632,2870,105086,5.211678832116788,0.15738081046190158
2119,0.2187,0,19,0,42997,562613,2870,105086,5.211502834488125,0.15738528888016906
2120,0.2188,3,30,3,43027,562583,2873,105083,5.211224943495498,0.15738857452678434
2121,0.2189,1,25,1,43052,562558,2874,105082,5.210993367668309,0.15739320591935774
2122,0.219,0,12,0,43064,562546,2874,105082,5.210882211271259,0.15739603491764875
2123,0.2191,0,13,0,43077,562533,2874,105082,5.21076179184112,0.15739909978056216
2124,0.2192,4,18,4,43095,562515,2878,105078,5.210595057245545,0.15739829506900163
2125,0.2193,0,26,0,43121,562489,2878,105078,5.210354218385268,0.15740442532360047
2126,0.2194,2,23,2,43144,562466,2880,105076,5.210141168624254,0.15740732418334727
2127,0.2195,1,28,1,43172,562438,2881,105075,5.209881803697803,0.15741266462226203
2128,0.2196,1,17,1,43189,562421,2882,105074,5.209724332135314,0.1574154113513959
2129,0.2197,2,27,2,43216,562394,2884,105072,5.20947423024195,0.1574192543140774
2130,0.2198,2,12,2,43228,562382,2886,105070,5.2093630738449,0.15741955975860436
2131,0.2199,1,24,1,43252,562358,2887,105069,5.209140761050798,0.15742395797592845
2132,0.22,3,17,3,43269,562341,2890,105066,5.20898328948831,0.15742418044761292
2133,0.2201,1,14,1,43283,562327,2891,105065,5.208853607025084,0.15742622027234368
2134,0.2202,3,32,3,43315,562295,2894,105062,5.208557189966283,0.15742998125441104
2135,0.2203,0,21,0,43336,562274,2894,105062,5.2083626662714435,0.15743493532493377
2136,0.2204,0,13,0,43349,562261,2894,105062,5.208242246841306,0.1574380022867487
2137,0.2205,1,14,1,43363,562247,2895,105061,5.20811256437808,0.15744004267894285
2138,0.2206,2,14,2,43377,562233,2897,105059,5.207982881914854,0.1574408205103613
2139,0.2207,5,20,5,43397,562213,2902,105054,5.207797621253103,0.1574392259770077
2140,0.2208,2,23,2,43420,562190,2904,105052,5.207584571492089,0.1574421274440158
2141,0.2209,3,16,3,43436,562174,2907,105049,5.207436362962689,0.15744211455540352
2142,0.221,3,22,3,43458,562152,2910,105046,5.207232576234762,0.15744351751653932
2143,0.2211,6,26,6,43484,562126,2916,105040,5.206991737374486,0.15744207588516201
2144,0.2212,1,25,1,43509,562101,2917,105039,5.206760161547297,0.15744671283388795
2145,0.2213,1,9,1,43518,562092,2918,105038,5.206676794249509,0.1574475739361144
2146,0.2214,1,10,1,43528,562082,2919,105037,5.206584163918634,0.15744867107667448
2147,0.2215,1,16,1,43544,562066,2920,105036,5.2064359553892325,0.15745118437660208
2148,0.2216,1,11,1,43555,562055,2921,105035,5.206334062025269,0.15745251765129142
2149,0.2217,0,17,0,43572,562038,2921,105035,5.206176590462781,0.1574565302448158
2150,0.2218,2,18,2,43590,562020,2923,105033,5.206009855867205,0.15745825294241986
2151,0.2219,0,18,0,43608,562002,2923,105033,5.205843121271629,0.15746250196766287
2152,0.222,1,16,1,43624,561986,2924,105032,5.205694912742229,0.15746501593660142
2153,0.2221,0,13,0,43637,561973,2924,105032,5.20557449331209,0.15746808494688946
2154,0.2222,1,18,1,43655,561955,2925,105031,5.205407758716514,0.1574710713568201
2155,0.2223,2,12,2,43667,561943,2927,105029,5.205296602319463,0.15747137810882617
2156,0.2224,2,30,2,43697,561913,2929,105027,5.2050187113268365,0.15747593486670466
2157,0.2225,4,13,4,43710,561900,2933,105023,5.204898291896699,0.15747395126573832
2158,0.2226,1,15,1,43725,561885,2934,105022,5.204759346400385,0.1574762298191502
2159,0.2227,0,11,0,43736,561874,2934,105022,5.204657453036423,0.1574788272834145
2160,0.2228,2,13,2,43749,561861,2936,105020,5.204537033606284,0.15747937038242205
2161,0.2229,0,14,0,43763,561847,2936,105020,5.204407351143058,0.15748267645572506
2162,0.223,5,24,5,43787,561823,2941,105015,5.204185038348957,0.15748202711903042
2163,0.2231,1,13,1,43800,561810,2942,105014,5.204064618918819,0.1574838338152196
2164,0.2232,2,17,2,43817,561793,2944,105012,5.203907147356331,0.15748532179572738
2165,0.2233,2,18,2,43835,561775,2946,105010,5.203740412760754,0.15748704604932626
2166,0.2234,0,22,0,43857,561753,2946,105010,5.203536626032828,0.1574922423709774
2167,0.2235,1,21,1,43878,561732,2947,105009,5.20334210233799,0.15749593920277888
2168,0.2236,0,21,0,43899,561711,2947,105009,5.203147578643151,0.15750089992800576
2169,0.2237,4,13,4,43912,561698,2951,105005,5.203027159213013,0.15749891630906115
2170,0.2238,2,17,2,43929,561681,2953,105003,5.202869687650525,0.15750040498947027
2171,0.2239,2,18,2,43947,561663,2955,105001,5.202702953054948,0.15750213000852004
2172,0.224,1,11,1,43958,561652,2956,105000,5.202601059690985,0.15750346507623167
2173,0.2241,0,13,0,43971,561639,2956,105000,5.2024806402608474,0.15750653652126564
2174,0.2242,0,8,0,43979,561631,2956,105000,5.202406535996147,0.15750842670082849
2175,0.2243,1,24,1,44003,561607,2957,104999,5.202184223202045,0.15751283366786378
2176,0.2244,3,11,3,44014,561596,2960,104996,5.202082329838082,0.15751164130382603
2177,0.2245,3,25,3,44039,561571,2963,104993,5.201850754010893,0.15751375711859628
2178,0.2246,0,15,0,44054,561556,2963,104993,5.20171180851458,0.15751730180376836
2179,0.2247,1,19,1,44073,561537,2964,104992,5.201535810885916,0.15752052798902974
2180,0.2248,2,46,2,44119,561491,2966,104990,5.201109711363889,0.15752887179079372
2181,0.2249,2,15,2,44134,561476,2968,104988,5.2009707658675755,0.15752988908628224
2182,0.225,3,28,3,44162,561448,2971,104985,5.200711400941124,0.15753271521668344
2183,0.2251,1,19,1,44181,561429,2972,104984,5.20053540331246,0.15753594242609312
2184,0.2252,2,16,2,44197,561413,2974,104982,5.20038719478306,0.15753719640753608
2185,0.2253,3,18,3,44215,561395,2977,104979,5.2002204601874835,0.15753765903231517
2186,0.2254,0,13,0,44228,561382,2977,104979,5.200100040757346,0.15754073242581723
2187,0.2255,0,12,0,44240,561370,2977,104979,5.199988884360295,0.15754356951087192
2188,0.2256,1,13,1,44253,561357,2978,104978,5.199868464930157,0.15754537882596592
2189,0.2257,0,27,0,44280,561330,2978,104978,5.199618363036793,0.15755176284841244
2190,0.2258,3,24,3,44304,561306,2981,104975,5.199396050242691,0.15755364478350725
2191,0.2259,1,13,1,44317,561293,2982,104974,5.199275630812553,0.15755545449496974
2192,0.226,3,18,3,44335,561275,2985,104971,5.199108896216977,0.15755591778412179
2193,0.2261,3,33,3,44368,561242,2988,104968,5.198803216125088,0.15755992855105747
2194,0.2262,2,9,2,44377,561233,2990,104966,5.1987198488273,0.15755952800889825
2195,0.2263,3,26,3,44403,561207,2993,104963,5.1984790099670235,0.15756188360328444
2196,0.2264,2,23,2,44426,561184,2995,104961,5.19826596020601,0.1575647944516584
2197,0.2265,0,22,0,44448,561162,2995,104961,5.198062173478084,0.15756999833364108
2198,0.2266,1,14,1,44462,561148,2996,104960,5.197932491014858,0.15757204537402345
2199,0.2267,3,6,3,44468,561142,2999,104957,5.197876912816333,0.15756967057449417
2200,0.2268,0,24,0,44492,561118,2999,104957,5.197654600022231,0.1575753481214578
2201,0.2269,3,36,3,44528,561082,3002,104954,5.197321130831079,0.1575800707469266
2202,0.227,0,10,0,44538,561072,3002,104954,5.197228500500204,0.15758243672168953
2203,0.2271,3,26,3,44564,561046,3005,104951,5.196987661639928,0.15758479392549815
2204,0.2272,2,29,2,44593,561017,3007,104949,5.196719033680388,0.15758912617160636
2205,0.2273,1,49,1,44642,560968,3008,104948,5.196265145059098,0.15759945698856914
2206,0.2274,3,40,3,44682,560928,3011,104945,5.195894623735596,0.15760512890596254
2207,0.2275,2,24,2,44706,560904,3013,104943,5.195672310941495,0.1576082793794971
2208,0.2276,0,13,0,44719,560891,3013,104943,5.195551891511356,0.1576113565843739
2209,0.2277,3,22,3,44741,560869,3016,104940,5.19534810478343,0.15761276882709607
2210,0.2278,3,21,3,44762,560848,3019,104937,5.195153581088592,0.1576139444415239
2211,0.2279,0,15,0,44777,560833,3019,104937,5.195014635592278,0.15761749553148985
2212,0.228,1,6,1,44783,560827,3020,104936,5.194959057393753,0.1576176507255585
2213,0.2281,5,24,5,44807,560803,3025,104931,5.194736744599652,0.15761700619166213
2214,0.2282,3,14,3,44821,560789,3028,104928,5.194607062136426,0.1576165247394914
2215,0.2283,0,15,0,44836,560774,3028,104928,5.194468116640112,0.15762007625033422
2216,0.2284,2,22,2,44858,560752,3030,104926,5.194264329912186,0.15762275454499022
2217,0.2285,4,22,4,44880,560730,3034,104922,5.194060543184261,0.15762290205693064
2218,0.2286,0,24,0,44904,560706,3034,104922,5.193838230390159,0.15762858533595342
2219,0.2287,1,12,1,44916,560694,3035,104921,5.1937270739931085,0.1576301615798923
2220,0.2288,2,19,2,44935,560675,3037,104919,5.193551076364445,0.1576321300973266
2221,0.2289,2,9,2,44944,560666,3039,104917,5.193467709066657,0.15763173037772898
2222,0.229,2,17,2,44961,560649,3041,104915,5.193310237504169,0.15763322535473673
2223,0.2291,0,29,0,44990,560620,3041,104915,5.193041609544629,0.15764009405966628
2224,0.2292,2,10,2,45000,560610,3043,104913,5.192948979213754,0.15763993130214884
2225,0.2293,5,70,5,45070,560540,3048,104908,5.192300566897625,0.15765018453733426
2226,0.2294,2,15,2,45085,560525,3050,104906,5.192161621401311,0.15765120651126863
2227,0.2295,3,17,3,45102,560508,3053,104903,5.192004149838823,0.15765143648061122
2228,0.2296,1,16,1,45118,560492,3054,104902,5.191855941309423,0.15765396141233615
2229,0.2297,2,22,2,45140,560470,3056,104900,5.191652154581496,0.15765664216901873
2230,0.2298,1,29,1,45169,560441,3057,104899,5.191383526621957,0.1576622478732678
2231,0.2299,5,13,5,45182,560428,3062,104894,5.191263107191819,0.15765899819936813
2232,0.23,1,10,1,45192,560418,3063,104893,5.191170476860943,0.15766010181704496
2233,0.2301,1,8,1,45200,560410,3064,104892,5.191096372596243,0.15766073151741616
2234,0.2302,3,24,3,45224,560386,3067,104889,5.190874059802142,0.15766262072075457
2235,0.2303,4,29,4,45253,560357,3071,104885,5.190605431842602,0.15766442888452623
2236,0.2304,5,19,5,45272,560338,3076,104880,5.190429434213939,0.15766260083160707
2237,0.2305,0,29,0,45301,560309,3076,104880,5.1901608062544,0.1576694743899854
2238,0.2306,0,15,0,45316,560294,3076,104880,5.190021860758087,0.15767302991397739
2239,0.2307,0,10,0,45326,560284,3076,104880,5.189929230427211,0.1576754003523943
2240,0.2308,0,12,0,45338,560272,3076,104880,5.1898180740301605,0.1576782449725777
2241,0.2309,0,10,0,45348,560262,3076,104880,5.189725443699285,0.15768061556780358
2242,0.231,4,39,4,45387,560223,3080,104876,5.18936418540887,0.1576847957973174
2243,0.2311,2,12,2,45399,560211,3082,104874,5.1892530290118195,0.15768510791853674
2244,0.2312,2,20,2,45419,560191,3084,104872,5.1890677683500686,0.1576873168406602
2245,0.2313,3,13,3,45432,560178,3087,104869,5.18894734891993,0.15768659959371292
2246,0.2314,1,30,1,45462,560148,3088,104868,5.188669457927304,0.15769244649752787
2247,0.2315,4,15,4,45477,560133,3092,104864,5.18853051243099,0.15769093695159528
2248,0.2316,2,21,2,45498,560112,3094,104862,5.188335988736152,0.1576933835007083
2249,0.2317,3,17,3,45515,560095,3097,104859,5.188178517173664,0.15769361489666955
2250,0.2318,1,24,1,45539,560071,3098,104858,5.187956204379562,0.15769803994110648
2251,0.2319,3,18,3,45557,560053,3101,104855,5.187789469783986,0.15769850866586055
2252,0.232,1,23,1,45580,560030,3102,104854,5.187576420022972,0.15770269701180958
2253,0.2321,0,13,0,45593,560017,3102,104854,5.187456000592834,0.15770578051983017
2254,0.2322,1,22,1,45615,559995,3103,104853,5.187252213864908,0.1577097321493033
2255,0.2323,0,22,0,45637,559973,3103,104853,5.187048427136982,0.15771495097965482
2256,0.2324,1,20,1,45657,559953,3104,104852,5.186863166475231,0.15771842871217875
2257,0.2325,2,26,2,45683,559927,3106,104850,5.186622327614955,0.1577220631881067
2258,0.2326,2,19,2,45702,559908,3108,104848,5.186446329986291,0.1577240370903008
2259,0.2327,0,10,0,45712,559898,3108,104848,5.186353699655415,0.1577264097865952
2260,0.2328,0,53,0,45765,559845,3108,104848,5.1858627589017745,0.15773898626884894
2261,0.2329,2,24,2,45789,559821,3110,104846,5.185640446107674,0.15774214757164115
2262,0.233,1,9,1,45798,559812,3111,104845,5.185557078809886,0.1577430163227048
2263,0.2331,1,13,1,45811,559799,3112,104844,5.185436659379747,0.15774483444495768
2264,0.2332,0,23,0,45834,559776,3112,104844,5.185223609618734,0.15775029340074026
2265,0.2333,4,21,4,45855,559755,3116,104840,5.185029085923895,0.15775020877376447
2266,0.2334,3,18,3,45873,559737,3119,104837,5.184862351328319,0.15775067938258192
2267,0.2335,0,9,0,45882,559728,3119,104837,5.184778984030531,0.1577528157516571
2268,0.2336,1,44,1,45926,559684,3120,104836,5.184371410574679,0.15776199361945464
2269,0.2337,1,8,1,45934,559676,3121,104835,5.184297306309978,0.1577626254493906
2270,0.2338,4,36,4,45970,559640,3125,104831,5.183963837118826,0.15776610265910776
2271,0.2339,0,13,0,45983,559627,3125,104831,5.183843417688688,0.15776918932423117
2272,0.234,0,17,0,46000,559610,3125,104831,5.183685946126199,0.1577732259147163
2273,0.2341,2,26,2,46026,559584,3127,104829,5.183445107265923,0.15777686469108823
2274,0.2342,2,28,2,46054,559556,3129,104827,5.183185742339472,0.15778097874268307
2275,0.2343,3,16,3,46070,559540,3132,104824,5.1830375338100705,0.15778097548934017
2276,0.2344,3,6,3,46076,559534,3135,104821,5.182981955611545,0.1577785972860895
2277,0.2345,0,12,0,46088,559522,3135,104821,5.182870799214495,0.15778144723433526
2278,0.2346,0,33,0,46121,559489,3135,104821,5.182565119122605,0.1577892851229095
2279,0.2347,0,16,0,46137,559473,3135,104821,5.182416910593204,0.15779308559162059
2280,0.2348,6,27,6,46164,559446,3141,104815,5.182166808699841,0.15779189204243513
2281,0.2349,0,10,0,46174,559436,3141,104815,5.182074178368965,0.15779426752838913
2282,0.235,1,10,1,46184,559426,3142,104814,5.18198154803809,0.1577953751656028
2283,0.2351,2,26,2,46210,559400,3144,104812,5.181740709177813,0.15779901597682666
2284,0.2352,4,58,4,46268,559342,3148,104808,5.181203453258735,0.1578077241586991
2285,0.2353,1,4,1,46272,559338,3149,104807,5.181166401126385,0.15780740651514352
2286,0.2354,3,19,3,46291,559319,3152,104804,5.180990403497721,0.15780811686991716
2287,0.2355,1,15,1,46306,559304,3153,104803,5.180851458001408,0.1578104130810246
2288,0.2356,0,9,0,46315,559295,3153,104803,5.18076809070362,0.15781255176193876
2289,0.2357,0,32,0,46347,559263,3153,104803,5.180471673644818,0.15782015643023434
2290,0.2358,2,47,2,46394,559216,3155,104801,5.180036311089704,0.15782879052795334
2291,0.2359,0,13,0,46407,559203,3155,104801,5.179915891659565,0.15783188053084019
2292,0.236,6,27,6,46434,559176,3161,104795,5.179665789766201,0.1578306883884989
2293,0.2361,2,45,2,46479,559131,3163,104793,5.179248953277261,0.1578388490248884
2294,0.2362,3,29,3,46508,559102,3166,104790,5.178980325317722,0.157841938146566
2295,0.2363,1,21,1,46529,559081,3167,104789,5.178785801622883,0.15784566255441576
2296,0.2364,0,16,0,46545,559065,3167,104789,5.178637593093483,0.15784946690085472
2297,0.2365,0,26,0,46571,559039,3167,104789,5.178396754233206,0.1578556493549534
2298,0.2366,4,34,4,46605,559005,3171,104785,5.178081811108229,0.15785866011841093
2299,0.2367,1,13,1,46618,558992,3172,104784,5.177961391678091,0.1578604830545244
2300,0.2368,1,14,1,46632,558978,3173,104783,5.177831709214865,0.1578625438975776
2301,0.2369,3,17,3,46649,558961,3176,104780,5.1776742376523766,0.15786278081360047
2302,0.237,3,41,3,46690,558920,3179,104777,5.177294453295787,0.1578687262410407
2303,0.2371,3,11,3,46701,558909,3182,104774,5.177192559931824,0.15786753615807547
2304,0.2372,0,16,0,46717,558893,3182,104774,5.177044351402423,0.15787134210379603
2305,0.2373,3,27,3,46744,558866,3185,104771,5.176794249509059,0.15787395820305378
2306,0.2374,4,24,4,46768,558842,3189,104767,5.176571936714958,0.15787459181536115
2307,0.2375,0,12,0,46780,558830,3189,104767,5.176460780317908,0.15787744670334555
2308,0.2376,2,9,2,46789,558821,3191,104765,5.176377413020119,0.15787704984734457
2309,0.2377,2,21,2,46810,558800,3193,104763,5.176182889325281,0.1578795080497255
2310,0.2378,3,13,3,46823,558787,3196,104760,5.176062469895142,0.1578787938156604
2311,0.2379,0,30,0,46853,558757,3196,104760,5.175784578902515,0.15788593208614096
2312,0.238,2,19,2,46872,558738,3198,104758,5.175608581273853,0.15788791492337556
2313,0.2381,0,26,0,46898,558712,3198,104758,5.1753677424135756,0.1578941022201456
2314,0.2382,0,22,0,46920,558690,3198,104758,5.17516395568565,0.15789933800388276
2315,0.2383,1,18,1,46938,558672,3199,104757,5.174997221090074,0.1579023527762579
2316,0.2384,0,12,0,46950,558660,3199,104757,5.174886064693023,0.1579052089409828
2317,0.2385,2,58,2,47008,558602,3201,104755,5.174348808773945,0.15791647634682382
2318,0.2386,2,19,2,47027,558583,3203,104753,5.174172811145281,0.157918460629304
2319,0.2387,2,19,2,47046,558564,3205,104751,5.173996813516617,0.15792044503742567
2320,0.2388,3,16,3,47062,558548,3208,104748,5.173848604987217,0.1579204457738325
2321,0.2389,3,24,3,47086,558524,3211,104745,5.1736262921931155,0.15792235126321297
2322,0.239,3,49,3,47135,558475,3214,104742,5.173172403571826,0.15793020987097736
2323,0.2391,3,12,3,47147,558463,3217,104739,5.173061247174775,0.15792925835567445
2324,0.2392,3,17,3,47164,558446,3220,104736,5.172903775612286,0.15792949748334545
2325,0.2393,1,14,1,47178,558432,3221,104735,5.1727740931490604,0.15793156173331907
2326,0.2394,2,17,2,47195,558415,3223,104733,5.172616621586572,0.1579330707474048
2327,0.2395,1,28,1,47223,558387,3224,104732,5.172357256660121,0.15793846956579438
2328,0.2396,0,13,0,47236,558374,3224,104732,5.172236837229983,0.15794156590349054
2329,0.2397,1,10,1,47246,558364,3225,104731,5.172144206899107,0.15794267789683228
2330,0.2398,1,13,1,47259,558351,3226,104730,5.1720237874689685,0.15794450451754763
2331,0.2399,1,11,1,47270,558340,3227,104729,5.171921894105005,0.15794585480545764
2332,0.24,1,12,1,47282,558328,3228,104728,5.171810737707955,0.15794744335320093
2333,0.2401,0,20,0,47302,558308,3228,104728,5.171625477046204,0.15795220772326088
2334,0.2402,1,9,1,47311,558299,3229,104727,5.171542109748416,0.15795308177959838
2335,0.2403,1,6,1,47317,558293,3230,104726,5.171486531549891,0.15795324115900147
2336,0.2404,2,22,2,47339,558271,3232,104724,5.171282744821965,0.15795594235250643
2337,0.2405,0,11,0,47350,558260,3232,104724,5.1711808514580015,0.15795856310257864
2338,0.2406,0,11,0,47361,558249,3232,104724,5.171078958094038,0.15796118393961744
2339,0.2407,0,13,0,47374,558236,3232,104724,5.1709585386639,0.15796428140460964
2340,0.2408,1,24,1,47398,558212,3233,104723,5.170736225869799,0.1579687299659846
2341,0.2409,0,17,0,47415,558195,3233,104723,5.170578754307311,0.15797278094726647
2342,0.241,0,13,0,47428,558182,3233,104723,5.170458334877172,0.1579758788966745
2343,0.2411,0,12,0,47440,558170,3233,104723,5.170347178480122,0.15797873865012907
2344,0.2412,1,31,1,47471,558139,3234,104722,5.170060024454408,0.15798485655363642
2345,0.2413,0,21,0,47492,558118,3234,104722,5.169865500759569,0.15798986180677085
2346,0.2414,0,8,0,47500,558110,3234,104722,5.169791396494868,0.15799176865329376
2347,0.2415,0,11,0,47511,558099,3234,104722,5.169689503130905,0.1579943906424208
2348,0.2416,0,9,0,47520,558090,3234,104722,5.169606135833117,0.15799653597098423
2349,0.2417,1,29,1,47549,558061,3235,104721,5.169337507873578,0.15800217869525726
2350,0.2418,2,38,2,47587,558023,3237,104719,5.168985512616251,0.15800869720041888
2351,0.2419,0,6,0,47593,558017,3237,104719,5.168929934417726,0.15801012771299583
2352,0.242,1,18,1,47611,557999,3238,104718,5.16876319982215,0.15801314890066198
2353,0.2421,2,32,2,47643,557967,3240,104716,5.168466782763348,0.1580182379810558
2354,0.2422,1,12,1,47655,557955,3241,104715,5.1683556263662975,0.15801982887410024
2355,0.2423,2,31,2,47686,557924,3243,104713,5.168068472340583,0.15802468017934404
2356,0.2424,0,11,0,47697,557913,3243,104713,5.16796657897662,0.15802730348643126
2357,0.2425,4,36,4,47733,557877,3247,104709,5.167633109785468,0.15803080656699658
2358,0.2426,2,19,2,47752,557858,3249,104707,5.1674571121568045,0.1580327967822025
2359,0.2427,1,10,1,47762,557848,3250,104706,5.1673644818259294,0.15803391119818158
2360,0.2428,1,16,1,47778,557832,3251,104705,5.167216273296528,0.15803645683184486
2361,0.2429,3,18,3,47796,557814,3254,104702,5.167049538700952,0.15803693797583757
2362,0.243,1,9,1,47805,557805,3255,104701,5.166966171403164,0.15803781399715625
2363,0.2431,2,20,2,47825,557785,3257,104699,5.166780910741413,0.15804004323123275
2364,0.2432,0,14,0,47839,557771,3257,104699,5.166651228278187,0.15804338309659305
2365,0.2433,2,30,2,47869,557741,3259,104697,5.1663733372855605,0.15804799845419495
2366,0.2434,3,33,3,47902,557708,3262,104694,5.166067657193672,0.15805205902156091
2367,0.2435,1,10,1,47912,557698,3263,104693,5.165975026862796,0.158053174031652
2368,0.2436,5,26,5,47938,557672,3268,104688,5.16573418800252,0.1580530225255148
2369,0.2437,0,28,0,47966,557644,3268,104688,5.165474823076068,0.15805970419668686
2370,0.2438,1,31,1,47997,557613,3269,104687,5.165187669050354,0.15806583119432283
2371,0.2439,0,14,0,48011,557599,3269,104687,5.1650579865871284,0.15806917253271247
2372,0.244,2,20,2,48031,557579,3271,104685,5.164872725925377,0.15807140354903784
2373,0.2441,1,14,1,48045,557565,3272,104684,5.164743043462151,0.15807347387463025
2374,0.2442,2,25,2,48070,557540,3274,104682,5.164511467634963,0.15807689868352304
2375,0.2443,3,15,3,48085,557525,3277,104679,5.164372522138649,0.15807666519682756
2376,0.2444,2,33,2,48118,557492,3279,104677,5.1640668420467595,0.15808200021444677
2377,0.2445,3,9,3,48127,557483,3282,104674,5.163983474748972,0.15808033442219896
2378,0.2446,3,35,3,48162,557448,3285,104671,5.163659268590908,0.15808487598150786
2379,0.2447,1,17,1,48179,557431,3286,104670,5.163501797028419,0.15808766336253835
2380,0.2448,1,18,1,48197,557413,3287,104669,5.163335062432843,0.1580906896728804
2381,0.2449,1,13,1,48210,557400,3288,104668,5.163214643002704,0.15809252221826156
2382,0.245,2,33,2,48243,557367,3290,104666,5.162908962910816,0.15809785917016222
2383,0.2451,2,41,2,48284,557326,3292,104664,5.162529178554226,0.15810510732790525
2384,0.2452,2,27,2,48311,557299,3294,104662,5.1622790766608615,0.15810901246448053
2385,0.2453,1,16,1,48327,557283,3295,104661,5.162130868131461,0.15811156230738552
2386,0.2454,1,22,1,48349,557261,3296,104660,5.161927081403535,0.15811554551071805
2387,0.2455,0,26,0,48375,557235,3296,104660,5.161686242543259,0.15812175647194796
2388,0.2456,0,16,0,48391,557219,3296,104660,5.161538034013858,0.15812557884447156
2389,0.2457,1,21,1,48412,557198,3297,104659,5.161343510319019,0.15812932400805613
2390,0.2458,1,15,1,48427,557183,3298,104658,5.161204564822706,0.1581316358460718
2391,0.2459,0,13,0,48440,557170,3298,104658,5.161084145392567,0.15813474195712482
2392,0.246,1,11,1,48451,557159,3299,104657,5.160982252028604,0.15813609825087335
2393,0.2461,2,16,2,48467,557143,3301,104655,5.160834043499204,0.15813737726617488
2394,0.2462,1,15,1,48482,557128,3302,104654,5.16069509800289,0.15813968950500315
2395,0.2463,0,14,0,48496,557114,3302,104654,5.160565415539664,0.15814303502133678
2396,0.2464,1,18,1,48514,557096,3303,104653,5.1603986809440885,0.15814606444437393
2397,0.2465,4,29,4,48543,557067,3307,104649,5.160130052984549,0.15814790635257422
2398,0.2466,0,18,0,48561,557049,3307,104649,5.159963318388973,0.15815220840927433
2399,0.2467,3,29,3,48590,557020,3310,104646,5.1596946904294345,0.15815532307841115
2400,0.2468,1,16,1,48606,557004,3311,104645,5.159546481900033,0.15815787524805447
2401,0.2469,4,19,4,48625,556985,3315,104641,5.15937048427137,0.15815732755363301
2402,0.247,5,42,5,48667,556943,3320,104636,5.158981436881692,0.1581610057151149
2403,0.2471,1,21,1,48688,556922,3321,104635,5.158786913186854,0.1581647537551564
2404,0.2472,2,12,2,48700,556910,3323,104633,5.158675756789803,0.15816507770469948
2405,0.2473,1,12,1,48712,556898,3324,104632,5.1585646003927526,0.15816667422490288
2406,0.2474,0,16,0,48728,556882,3324,104632,5.158416391863351,0.15817049979289932
2407,0.2475,1,10,1,48738,556872,3325,104631,5.158323761532476,0.1581716182693049
2408,0.2476,0,13,0,48751,556859,3325,104631,5.158203342102338,0.1581747267532389
2409,0.2477,1,17,1,48768,556842,3326,104630,5.1580458705398495,0.15817751922983891
2410,0.2478,2,19,2,48787,556823,3328,104628,5.157869872911186,0.15817951745480768
2411,0.2479,2,30,2,48817,556793,3330,104626,5.15759198191856,0.15818414650924753
2412,0.248,0,15,0,48832,556778,3330,104626,5.157453036422246,0.15818773397197478
2413,0.2481,1,7,1,48839,556771,3331,104625,5.1573881951906335,0.15818813539846022
2414,0.2482,4,30,4,48869,556741,3335,104621,5.157110304198007,0.15819021957717558
2415,0.2483,2,11,2,48880,556730,3337,104619,5.1570084108340435,0.15819030496757386
2416,0.2484,1,20,1,48900,556710,3338,104618,5.1568231501722925,0.15819381607916194
2417,0.2485,2,21,2,48921,556689,3340,104616,5.1566286264774535,0.15819629369201804
2418,0.2486,2,18,2,48939,556671,3342,104614,5.156461891881878,0.15819805378921342
2419,0.2487,4,24,4,48963,556647,3346,104610,5.156239579087776,0.15819870337856537
2420,0.2488,1,11,1,48974,556636,3347,104609,5.156137685723813,0.15820006200424955
2421,0.2489,2,20,2,48994,556616,3349,104607,5.155952425062062,0.15820230088790016
2422,0.249,0,21,0,49015,556595,3349,104607,5.155757901367224,0.15820732544668648
2423,0.2491,6,37,6,49052,556558,3355,104601,5.155415169142985,0.15820853985198718
2424,0.2492,2,19,2,49071,556539,3357,104599,5.155239171514321,0.15821054000828874
2425,0.2493,1,24,1,49095,556515,3358,104598,5.155016858720219,0.15821501014198783
2426,0.2494,3,19,3,49114,556496,3361,104595,5.1548408610915555,0.15821573731906802
2427,0.2495,2,21,2,49135,556475,3363,104593,5.154646337396717,0.1582182165828629
2428,0.2496,1,18,1,49153,556457,3364,104592,5.154479602801141,0.158221251374709
2429,0.2497,1,22,1,49175,556435,3365,104591,5.154275816073215,0.15822524378768762
2430,0.2498,1,6,1,49181,556429,3366,104590,5.154220237874689,0.15822540653143102
2431,0.2499,1,18,1,49199,556411,3367,104589,5.154053503279114,0.1582284417549168
2432,0.25,0,21,0,49220,556390,3367,104589,5.153858979584275,0.15823346883940337
2433,0.2501,2,15,2,49235,556375,3369,104587,5.153720034087962,0.15823451272539119
2434,0.2502,2,16,2,49251,556359,3371,104585,5.1535718255585605,0.1582357960734949
2435,0.2503,1,10,1,49261,556349,3372,104584,5.1534791952276855,0.15823691660122888
2436,0.2504,1,10,1,49271,556339,3373,104583,5.15338656489681,0.15823803716626167
2437,0.2505,4,30,4,49301,556309,3377,104579,5.153108673904184,0.15824012540702811
2438,0.2506,1,10,1,49311,556299,3378,104578,5.153016043573308,0.15824124610177082
2439,0.2507,1,13,1,49324,556286,3379,104577,5.152895624143169,0.15824308517801722
2440,0.2508,1,23,1,49347,556263,3380,104576,5.152682574382156,0.1582473189385009
2441,0.2509,5,16,5,49363,556247,3385,104571,5.1525343658527545,0.15824478146781715
2442,0.251,10,75,10,49438,556172,3395,104561,5.151839638371189,0.15825000416204427
2443,0.2511,0,5,0,49443,556167,3395,104561,5.151793323205751,0.15825120170478624
2444,0.2512,2,19,2,49462,556148,3397,104559,5.151617325577087,0.15825320452182284
2445,0.2513,1,12,1,49474,556136,3398,104558,5.151506169180037,0.15825480479616888
2446,0.2514,3,29,3,49503,556107,3401,104555,5.151237541220497,0.15825792916801631
2447,0.2515,0,27,0,49530,556080,3401,104555,5.1509874393271335,0.15826439713306137
2448,0.2516,5,31,5,49561,556049,3406,104550,5.150700285301419,0.1582654530206676
2449,0.2517,4,30,4,49591,556019,3410,104546,5.150422394308793,0.1582675436936562
2450,0.2518,2,10,2,49601,556009,3412,104544,5.150329763977917,0.15826739111017588
2451,0.2519,1,29,1,49630,555980,3413,104543,5.150061136018378,0.15827306543451175
2452,0.252,2,12,2,49642,555968,3415,104541,5.1499499796213275,0.15827339218693462
2453,0.2521,1,5,1,49647,555963,3416,104540,5.1499036644558895,0.15827331594254682
2454,0.2522,7,23,7,49670,555940,3423,104533,5.149690614694876,0.15826990656696036
2455,0.2523,0,16,0,49686,555924,3423,104533,5.149542406165475,0.15827374075829312
2456,0.2524,6,25,6,49711,555899,3429,104527,5.149310830338286,0.15827208498756862
2457,0.2525,3,9,3,49720,555890,3432,104524,5.149227463040498,0.15827041825279295
2458,0.2526,2,13,2,49733,555877,3434,104522,5.14910704361036,0.15827098466230263
2459,0.2527,3,13,3,49746,555864,3437,104519,5.148986624180221,0.15827027649106654
2460,0.2528,0,11,0,49757,555853,3437,104519,5.148884730816259,0.15827291284306422
2461,0.2529,3,20,3,49777,555833,3440,104516,5.148699470154507,0.15827388244700907
2462,0.253,1,23,1,49800,555810,3441,104515,5.1484864203934935,0.15827812062242078
2463,0.2531,4,12,4,49812,555798,3445,104511,5.148375263996443,0.15827589810225212
2464,0.2532,0,12,0,49824,555786,3445,104511,5.148264107599393,0.15827877455145184
2465,0.2533,2,27,2,49851,555759,3447,104509,5.148014005706028,0.15828269732896338
2466,0.2534,0,19,0,49870,555740,3447,104509,5.147838008077365,0.15828725223362702
2467,0.2535,6,67,6,49937,555673,3453,104503,5.1472173848604985,0.1582956666101161
2468,0.2536,0,14,0,49951,555659,3453,104503,5.147087702397273,0.15829902357300177
2469,0.2537,3,26,3,49977,555633,3456,104500,5.146846863536997,0.15830143319603776
2470,0.2538,1,10,1,49987,555623,3457,104499,5.146754233206121,0.15830255619415806
2471,0.2539,4,21,4,50008,555602,3461,104495,5.1465597095112825,0.15830249190649254
2472,0.254,0,10,0,50018,555592,3461,104495,5.146467079180407,0.15830489011296997
2473,0.2541,0,14,0,50032,555578,3461,104495,5.146337396717181,0.15830824772411536
2474,0.2542,2,25,2,50057,555553,3463,104493,5.146105820889992,0.1583116934274278
2475,0.2543,0,13,0,50070,555540,3463,104493,5.145985401459854,0.15831481153215066
2476,0.2544,2,14,2,50084,555526,3465,104491,5.1458557189966285,0.1583156191431433
2477,0.2545,1,10,1,50094,555516,3466,104490,5.145763088665753,0.1583167425750675
2478,0.2546,5,17,5,50111,555499,3471,104485,5.145605617103264,0.1583144439865209
2479,0.2547,2,10,2,50121,555489,3473,104483,5.145512986772388,0.15831429212148393
2480,0.2548,1,18,1,50139,555471,3474,104482,5.145346252176813,0.1583173347192906
2481,0.2549,2,22,2,50161,555449,3476,104480,5.145142465448886,0.15832006170360752
2482,0.255,4,38,4,50199,555411,3480,104476,5.14479047019156,0.1583240766979801
2483,0.2551,0,12,0,50211,555399,3480,104476,5.144679313794509,0.1583269558628528
2484,0.2552,1,12,1,50223,555387,3481,104475,5.144568157397458,0.15832855960791803
2485,0.2553,1,12,1,50235,555375,3482,104474,5.144457001000408,0.1583301634161755
2486,0.2554,1,15,1,50250,555360,3483,104473,5.144318055504094,0.15833248715962978
2487,0.2555,2,22,2,50272,555338,3485,104471,5.1441142687761685,0.15833521519106286
2488,0.2556,0,22,0,50294,555316,3485,104471,5.143910482048242,0.1583404947354222
2489,0.2557,1,11,1,50305,555305,3486,104470,5.143808588684279,0.15834185896707212
2490,0.2558,3,28,3,50333,555277,3489,104467,5.1435492237578275,0.15834475190376873
2491,0.2559,5,45,5,50378,555232,3494,104462,5.143132387268888,0.15834917401098084
2492,0.256,0,20,0,50398,555212,3494,104462,5.142947126607136,0.158353974842119
2493,0.2561,2,23,2,50421,555189,3496,104460,5.142734076846122,0.15835694437496306
2494,0.2562,1,13,1,50434,555176,3497,104459,5.142613657415985,0.15835878933046305
2495,0.2563,2,12,2,50446,555164,3499,104457,5.142502501018933,0.15835911834219954
2496,0.2564,3,17,3,50463,555147,3502,104454,5.142345029456445,0.15835937180204396
2497,0.2565,5,24,5,50487,555123,3507,104449,5.142122716662344,0.15835875385856282
2498,0.2566,0,13,0,50500,555110,3507,104449,5.142002297232206,0.1583618751317168
2499,0.2567,3,23,3,50523,555087,3510,104446,5.141789247471192,0.1583635693740874
2500,0.2568,5,21,5,50544,555066,3515,104441,5.141594723776353,0.1583622311817767
2501,0.2569,3,43,3,50587,555023,3518,104438,5.141196413353589,0.15836872840092137
2502,0.257,6,18,6,50605,555005,3524,104432,5.141029678758012,0.15836539350991832
2503,0.2571,0,10,0,50615,554995,3524,104432,5.140937048427137,0.15836779507056883
2504,0.2572,4,10,4,50625,554985,3528,104428,5.140844418096261,0.15836509137672444
2505,0.2573,5,18,5,50643,554967,3533,104423,5.1406776835006855,0.1583630324997346
2506,0.2574,1,12,1,50655,554955,3534,104422,5.140566527103635,0.15836463813569476
2507,0.2575,1,11,1,50666,554944,3535,104421,5.140464633739672,0.15836600365503173
2508,0.2576,0,12,0,50678,554932,3535,104421,5.140353477342621,0.15836888586235295
2509,0.2577,1,14,1,50692,554918,3536,104420,5.140223794879395,0.15837097209625411
2510,0.2578,0,10,0,50702,554908,3536,104420,5.14013116454852,0.1583733741021161
2511,0.2579,2,9,2,50711,554899,3538,104418,5.140047797250732,0.1583729829505382
2512,0.258,3,35,3,50746,554864,3541,104415,5.139723591092667,0.15837756094157404
2513,0.2581,0,21,0,50767,554843,3541,104415,5.139529067397829,0.1583826058993596
2514,0.2582,3,19,3,50786,554824,3544,104412,5.139353069769165,0.15838334071561627
2515,0.2583,4,15,4,50801,554809,3548,104408,5.1392141242728515,0.15838183784702153
2516,0.2584,2,34,2,50835,554775,3550,104406,5.138899181147875,0.1583874535218703
2517,0.2585,1,24,1,50859,554751,3551,104405,5.138676868353774,0.15839194363701461
2518,0.2586,2,20,2,50879,554731,3553,104403,5.138491607692023,0.15839419602083946
2519,0.2587,1,4,1,50883,554727,3554,104402,5.138454555559672,0.15839388040884259
2520,0.2588,2,20,2,50903,554707,3556,104400,5.138269294897921,0.15839613294958177
2521,0.2589,5,50,5,50953,554657,3561,104395,5.137806143243544,0.15840176495936586
2522,0.259,1,12,1,50965,554645,3562,104394,5.137694986846493,0.15840337218282985
2523,0.2591,0,12,0,50977,554633,3562,104394,5.137583830449443,0.15840625649631956
2524,0.2592,1,19,1,50996,554614,3563,104393,5.137407832820779,0.15840954648433173
2525,0.2593,1,11,1,51007,554603,3564,104392,5.137305939456816,0.15841091358811524
2526,0.2594,2,17,2,51024,554586,3566,104390,5.1371484678943276,0.15841244597678822
2527,0.2595,3,17,3,51041,554569,3569,104387,5.136990996331839,0.15841270130327367
2528,0.2596,0,7,0,51048,554562,3569,104387,5.136926155100226,0.158414384117739
2529,0.2597,1,27,1,51075,554535,3570,104386,5.1366760532068625,0.15841959810053102
2530,0.2598,0,18,0,51093,554517,3570,104386,5.136509318611286,0.15842392582823267
2531,0.2599,1,21,1,51114,554496,3571,104385,5.136314794916448,0.15842769786956978
2532,0.26,3,17,3,51131,554479,3574,104382,5.136157323353959,0.15842795369584783
2533,0.2601,1,19,1,51150,554460,3575,104381,5.135981325725296,0.158431245171445
2534,0.2602,0,13,0,51163,554447,3575,104381,5.135860906295157,0.1584343713381945
2535,0.2603,1,18,1,51181,554429,3576,104380,5.135694171699582,0.15843742268244665
2536,0.2604,1,12,1,51193,554417,3577,104379,5.13558301530253,0.15843903120237524
2537,0.2605,4,22,4,51215,554395,3581,104375,5.135379228574604,0.15843921247172763
2538,0.2606,0,7,0,51222,554388,3581,104375,5.135314387342992,0.15844089604303824
2539,0.2607,1,32,1,51254,554356,3582,104374,5.13501797028419,0.15844731528850972
2540,0.2608,1,16,1,51270,554340,3583,104373,5.134869761754789,0.15844988636932927
2541,0.2609,1,57,1,51327,554283,3584,104372,5.134341768868798,0.1584623209419195
2542,0.261,1,24,1,51351,554259,3585,104371,5.134119456074697,0.158466817484779
2543,0.2611,4,18,4,51369,554241,3589,104367,5.133952721479121,0.15846603746082646
2544,0.2612,1,15,1,51384,554226,3590,104366,5.133813775982808,0.15846836888392207
2545,0.2613,1,23,1,51407,554203,3591,104365,5.133600726221794,0.1584726254540154
2546,0.2614,3,42,3,51449,554161,3594,104362,5.133211678832117,0.15847889899061993
2547,0.2615,0,13,0,51462,554148,3594,104362,5.133091259401978,0.1584820276077812
2548,0.2616,1,18,1,51480,554130,3595,104361,5.132924524806403,0.15848508180066243
2549,0.2617,3,16,3,51496,554114,3598,104358,5.132776316277002,0.15848509883487832
2550,0.2618,2,11,2,51507,554103,3600,104356,5.1326744229130385,0.15848519042187897
2551,0.2619,3,35,3,51542,554068,3603,104353,5.132350216754975,0.15848978085449886
2552,0.262,1,21,1,51563,554047,3604,104352,5.1321556930601355,0.15849355785777317
2553,0.2621,1,9,1,51572,554038,3605,104351,5.132072325762348,0.15849444629238946
2554,0.2622,1,11,1,51583,554027,3606,104350,5.131970432398385,0.15849581622687306
2555,0.2623,1,21,1,51604,554006,3607,104349,5.1317759087035455,0.1584995936842585
2556,0.2624,4,21,4,51625,553985,3611,104345,5.131581385008707,0.15849953670651498
2557,0.2625,1,38,1,51663,553947,3612,104344,5.13122938975138,0.15850740781812298
2558,0.2626,2,53,2,51716,553894,3614,104342,5.1307384489977395,0.158517613743399
2559,0.2627,0,21,0,51737,553873,3614,104342,5.130543925302901,0.15852267116367752
2560,0.2628,1,14,1,51751,553859,3615,104341,5.1304142428396755,0.1585247645092677
2561,0.2629,1,29,1,51780,553830,3616,104340,5.130145614880137,0.15853047085099595
2562,0.263,1,13,1,51793,553817,3617,104339,5.130025195449998,0.15853232364363465
2563,0.2631,2,36,2,51829,553781,3619,104337,5.129691726258846,0.1585384383955461
2564,0.2632,1,15,1,51844,553766,3620,104336,5.129552780762533,0.15854077331477492
2565,0.2633,1,31,1,51875,553735,3621,104335,5.129265626736819,0.15854696308903307
2566,0.2634,2,24,2,51899,553711,3623,104333,5.129043313942717,0.1585501881333163
2567,0.2635,4,24,4,51923,553687,3627,104329,5.128821001148616,0.15855085590623935
2568,0.2636,2,13,2,51936,553674,3629,104327,5.128700581718478,0.15855143077290157
2569,0.2637,3,23,3,51959,553651,3632,104324,5.1284875319574645,0.15855313651734487
2570,0.2638,4,13,4,51972,553638,3636,104320,5.128367112527326,0.15855115372105819
2571,0.2639,2,22,2,51994,553616,3638,104318,5.1281633257994,0.158553897503397
2572,0.264,3,22,3,52016,553594,3641,104315,5.127959539071473,0.15855536251974056
2573,0.2641,0,23,0,52039,553571,3641,104315,5.12774648931046,0.15856090568882755
2574,0.2642,4,21,4,52060,553550,3645,104311,5.127551965615621,0.1585608510004393
2575,0.2643,2,7,2,52067,553543,3647,104309,5.127487124384008,0.15855998005630445
2576,0.2644,0,13,0,52080,553530,3647,104309,5.12736670495387,0.1585631134669729
2577,0.2645,1,28,1,52108,553502,3648,104308,5.127107340027418,0.158568583633572
2578,0.2646,0,12,0,52120,553490,3648,104308,5.126996183630368,0.15857147634988247
2579,0.2647,1,30,1,52150,553460,3649,104307,5.126718292637741,0.15857742939369107
2580,0.2648,1,23,1,52173,553437,3650,104306,5.1265052428767275,0.1585816952821999
2581,0.2649,1,12,1,52185,553425,3651,104305,5.126394086479677,0.15858330926063888
2582,0.265,1,28,1,52213,553397,3652,104304,5.126134721553226,0.15858878122429493
2583,0.2651,1,18,1,52231,553379,3653,104303,5.125967986957649,0.15859184225811257
2584,0.2652,1,14,1,52245,553365,3654,104302,5.125838304494423,0.15859393887788198
2585,0.2653,2,26,2,52271,553339,3656,104300,5.125597465634147,0.15859765007853852
2586,0.2654,2,34,2,52305,553305,3658,104298,5.1252825225091705,0.15860329104338028
2587,0.2655,1,21,1,52326,553284,3659,104297,5.125087998814331,0.15860707654266165
2588,0.2656,1,22,1,52348,553262,3660,104296,5.124884212086406,0.15861110350721913
2589,0.2657,0,15,0,52363,553247,3660,104296,5.124745266590092,0.1586147217748497
2590,0.2658,3,32,3,52395,553215,3663,104293,5.124448849531291,0.15861860235921083
2591,0.2659,1,21,1,52416,553194,3664,104292,5.124254325836452,0.15862238891778685
2592,0.266,2,17,2,52433,553177,3666,104290,5.124096854273963,0.15862393093493665
2593,0.2661,1,10,1,52443,553167,3667,104289,5.124004223943088,0.15862506388260203
2594,0.2662,2,10,2,52453,553157,3669,104287,5.123911593612212,0.15862491710320575
2595,0.2663,2,23,2,52476,553134,3671,104285,5.123698543851199,0.1586279070121186
2596,0.2664,2,13,2,52489,553121,3673,104283,5.12357812442106,0.15862848415890382
2597,0.2665,3,14,3,52503,553107,3676,104280,5.1234484419578346,0.15862802276284746
2598,0.2666,0,18,0,52521,553089,3676,104280,5.123281707362259,0.15863236629655492
2599,0.2667,3,16,3,52537,553073,3679,104277,5.123133498832858,0.15863238761694684
2600,0.2668,4,22,4,52559,553051,3683,104273,5.1229297121049315,0.15863257693314103
2601,0.2669,2,26,2,52585,553025,3685,104271,5.122688873244655,0.15863629171636523
2602,0.267,1,13,1,52598,553012,3686,104270,5.122568453814517,0.15863814922666375
2603,0.2671,1,16,1,52614,552996,3687,104269,5.122420245285116,0.1586407309076248
2604,0.2672,1,12,1,52626,552984,3688,104268,5.122309088888065,0.15864234722754741
2605,0.2673,0,18,0,52644,552966,3688,104268,5.12214235429249,0.1586466920457554
2606,0.2674,3,16,3,52660,552950,3691,104265,5.121994145763089,0.15864671378468234
2607,0.2675,1,13,1,52673,552937,3692,104264,5.12187372633295,0.15864857174593466
2608,0.2676,3,12,3,52685,552925,3695,104261,5.1217625699359,0.158647627916602
2609,0.2677,1,8,1,52693,552917,3696,104260,5.121688465671199,0.15864827892637753
2610,0.2678,0,12,0,52705,552905,3696,104260,5.121577309274149,0.15865117588429087
2611,0.2679,1,23,1,52728,552882,3697,104259,5.121364259513135,0.15865544837409323
2612,0.268,0,23,0,52751,552859,3697,104259,5.121151209752121,0.15866100152484028
2613,0.2681,4,18,4,52769,552841,3701,104255,5.120984475156545,0.15866022620743392
2614,0.2682,4,13,4,52782,552828,3705,104251,5.120864055726407,0.15865824352931687
2615,0.2683,0,11,0,52793,552817,3705,104251,5.1207621623624435,0.15866089963291471
2616,0.2684,0,5,0,52798,552812,3705,104251,5.1207158471970065,0.1586621069821311
2617,0.2685,3,32,3,52830,552780,3708,104248,5.120419430138204,0.15866599292572006
2618,0.2686,1,20,1,52850,552760,3709,104247,5.120234169476453,0.15866954233364333
2619,0.2687,3,49,3,52899,552711,3712,104244,5.119780280855164,0.1586775349909811
2620,0.2688,0,12,0,52911,552699,3712,104244,5.119669124458112,0.15868043346226385
2621,0.2689,0,8,0,52919,552691,3712,104244,5.119595020193412,0.1586823658352805
2622,0.269,5,22,5,52941,552669,3717,104239,5.119391233465486,0.15868127652578443
2623,0.2691,1,26,1,52967,552643,3718,104238,5.119150394605209,0.15868627650974834
2624,0.2692,2,20,2,52987,552623,3720,104236,5.118965133943458,0.1586885465526087
2625,0.2693,1,20,1,53007,552603,3721,104235,5.118779873281707,0.15869209759484074
2626,0.2694,4,36,4,53043,552567,3725,104231,5.118446404090555,0.15869567203310606
2627,0.2695,1,13,1,53056,552554,3726,104230,5.118325984660417,0.1586975322175936
2628,0.2696,1,13,1,53069,552541,3727,104229,5.118205565230279,0.15869939248138618
2629,0.2697,3,39,3,53108,552502,3730,104226,5.1178443069398645,0.15870497374864478
2630,0.2698,0,15,0,53123,552487,3730,104226,5.1177053614435515,0.15870859873338886
2631,0.2699,1,16,1,53139,552471,3731,104225,5.11755715291415,0.15871118447500823
2632,0.27,0,35,0,53174,552436,3731,104225,5.1172329467560855,0.15871964377357572
2633,0.2701,0,12,0,53186,552424,3731,104225,5.117121790359035,0.15872254431210586
2634,0.2702,0,9,0,53195,552415,3731,104225,5.117038423061247,0.15872471978557504
2635,0.2703,4,17,4,53212,552398,3735,104221,5.116880951498759,0.15872370430950064
2636,0.2704,3,18,3,53230,552380,3738,104218,5.1167142169031825,0.15872421177036786
2637,0.2705,1,10,1,53240,552370,3739,104217,5.1166215865723075,0.1587253478975368
2638,0.2706,2,19,2,53259,552351,3741,104215,5.116445588943644,0.15872737851183277
2639,0.2707,0,9,0,53268,552342,3741,104215,5.116362221645856,0.1587295543265855
2640,0.2708,1,44,1,53312,552298,3742,104214,5.115954648190003,0.15873891109378047
2641,0.2709,0,16,0,53328,552282,3742,104214,5.115806439660602,0.15874277984938218
2642,0.271,1,15,1,53343,552267,3743,104213,5.115667494164289,0.15874512551791373
2643,0.2711,2,22,2,53365,552245,3745,104211,5.115463707436363,0.15874788256943345
2644,0.2712,2,19,2,53384,552226,3747,104209,5.115287709807699,0.15874991430987073
2645,0.2713,0,24,0,53408,552202,3747,104209,5.115065397013598,0.15875571859703752
2646,0.2714,1,7,1,53415,552195,3748,104208,5.115000555781985,0.15875612999940586
2647,0.2715,1,18,1,53433,552177,3749,104207,5.1148338211864095,0.15875920193057722
2648,0.2716,2,12,2,53445,552165,3751,104205,5.114722664789358,0.15875954111248228
2649,0.2717,3,20,3,53465,552145,3754,104202,5.114537404127607,0.15876053368111684
2650,0.2718,2,3,2,53468,552142,3756,104200,5.114509615028345,0.15875869592377145
2651,0.2719,1,11,1,53479,552131,3757,104199,5.1144077216643815,0.1587600749622903
2652,0.272,0,41,0,53520,552090,3757,104199,5.114027937307792,0.15876999309755305
2653,0.2721,2,18,2,53538,552072,3759,104197,5.113861202712216,0.1587717841312023
2654,0.2722,0,23,0,53561,552049,3759,104197,5.113648152951202,0.15877734873812563
2655,0.2723,3,21,3,53582,552028,3762,104194,5.113453629256363,0.15877858407673012
2656,0.2724,1,8,1,53590,552020,3763,104193,5.113379524991664,0.15877923783893338
2657,0.2725,2,15,2,53605,552005,3765,104191,5.11324057949535,0.15878030344592164
2658,0.2726,0,15,0,53620,551990,3765,104191,5.113101633999037,0.15878393309163172
2659,0.2727,4,27,4,53647,551963,3769,104187,5.1128515321056724,0.15878533871828088
2660,0.2728,2,11,2,53658,551952,3771,104185,5.112749638741709,0.15878543657803174
2661,0.2729,0,12,0,53670,551940,3771,104185,5.112638482344659,0.15878834063631167
2662,0.273,1,20,1,53690,551920,3772,104184,5.112453221682908,0.158791898845305
2663,0.2731,4,70,4,53760,551850,3776,104180,5.111804809366779,0.15880371324482112
2664,0.2732,2,14,2,53774,551836,3778,104178,5.111675126903553,0.1588045377080367
2665,0.2733,1,12,1,53786,551824,3779,104177,5.111563970506503,0.15880616035646286
2666,0.2734,4,45,4,53831,551779,3783,104173,5.111147134017563,0.15881192526282412
2667,0.2735,1,11,1,53842,551768,3784,104172,5.1110452406536,0.15881330609506966
2668,0.2736,3,21,3,53863,551747,3787,104169,5.110850716958761,0.15881454332566974
2669,0.2737,0,16,0,53879,551731,3787,104169,5.11070250842936,0.15881841744168318
2670,0.2738,2,18,2,53897,551713,3789,104167,5.110535773833784,0.15882021101420993
2671,0.2739,0,22,0,53919,551691,3789,104167,5.110331987105858,0.15882553845497044
2672,0.274,4,33,4,53952,551658,3793,104163,5.110026307013968,0.15882839982251254
2673,0.2741,1,8,1,53960,551650,3794,104162,5.109952202749268,0.1588290546681061
2674,0.2742,0,17,0,53977,551633,3794,104162,5.1097947311867795,0.15883317195160074
2675,0.2743,2,16,2,53993,551617,3796,104160,5.109646522657379,0.15883448184367552
2676,0.2744,0,31,0,54024,551586,3796,104160,5.109359368631665,0.1588419906488183
2677,0.2745,1,24,1,54048,551562,3797,104159,5.1091370558375635,0.15884652161513815
2678,0.2746,2,23,2,54071,551539,3799,104157,5.10892400607655,0.15884952782997
2679,0.2747,2,57,2,54128,551482,3801,104155,5.108396013190559,0.1588607720430665
2680,0.2748,0,18,0,54146,551464,3801,104155,5.108229278594983,0.15886513356080284
2681,0.2749,1,10,1,54156,551454,3802,104154,5.108136648264107,0.15886627374894755
2682,0.275,1,20,1,54176,551434,3803,104153,5.107951387602356,0.15886983726034837
2683,0.2751,5,9,5,54185,551425,3808,104148,5.1078680203045685,0.15886560306785058
2684,0.2752,1,15,1,54200,551410,3809,104147,5.1077290748082556,0.15886795503670925
2685,0.2753,1,21,1,54221,551389,3810,104146,5.1075345511134165,0.15887176123319122
2686,0.2754,2,8,2,54229,551381,3812,104144,5.107460446848716,0.15887113382403417
2687,0.2755,3,19,3,54248,551362,3815,104141,5.107284449220052,0.1588718892209494
2688,0.2756,0,13,0,54261,551349,3815,104141,5.107164029789915,0.1588750400463775
2689,0.2757,2,24,2,54285,551325,3817,104139,5.106941716995813,0.15887829079857932
2690,0.2758,1,11,1,54296,551314,3818,104138,5.10683982363185,0.15887967387390686
2691,0.2759,1,38,1,54334,551276,3819,104137,5.106487828374523,0.15888760216840375
2692,0.276,3,55,3,54389,551221,3822,104134,5.105978361554707,0.15889708631199884
2693,0.2761,1,16,1,54405,551205,3823,104133,5.105830153025306,0.1588996823013468
2694,0.2762,0,7,0,54412,551198,3823,104133,5.105765311793694,0.15890137960816747
2695,0.2763,1,26,1,54438,551172,3824,104132,5.105524472933418,0.15890640069341863
2696,0.2764,4,17,4,54455,551155,3828,104128,5.1053670013709285,0.15890538896934606
2697,0.2765,1,24,1,54479,551131,3829,104127,5.105144688576828,0.15890992555604053
2698,0.2766,1,30,1,54509,551101,3830,104126,5.104866797584201,0.1589159176895946
2699,0.2767,2,82,2,54591,551019,3832,104124,5.104107228871022,0.1589332405291669
2700,0.2768,3,19,3,54610,551000,3835,104121,5.103931231242358,0.15893399845219433
2701,0.2769,2,23,2,54633,550977,3837,104119,5.103718181481344,0.1589370107587285
2702,0.277,1,26,1,54659,550951,3838,104118,5.103477342621068,0.15894203511385824
2703,0.2771,4,21,4,54680,550930,3842,104114,5.103282818926229,0.15894199473623147
2704,0.2772,3,21,3,54701,550909,3845,104111,5.103088295231391,0.15894323837440077
2705,0.2773,2,11,2,54712,550898,3847,104109,5.102986401867428,0.15894333953682938
2706,0.2774,2,9,2,54721,550889,3849,104107,5.102903034569639,0.15894295537682673
2707,0.2775,0,8,0,54729,550881,3849,104107,5.1028289303049394,0.15894489670039758
2708,0.2776,4,23,4,54752,550858,3853,104103,5.102615880543925,0.15894534178370925
2709,0.2777,2,18,2,54770,550840,3855,104101,5.102449145948349,0.15894714180361286
2710,0.2778,2,40,2,54810,550800,3857,104099,5.1020786246248475,0.1589542814998954
2711,0.2779,2,29,2,54839,550771,3859,104097,5.101809996665308,0.15895875199276802
2712,0.278,1,13,1,54852,550758,3860,104096,5.10168957723517,0.15896062328396865
2713,0.2781,1,21,1,54873,550737,3861,104095,5.101495053540331,0.15896443667994234
2714,0.2782,2,11,2,54884,550726,3863,104093,5.101393160176368,0.15896453829226093
2715,0.2783,3,18,3,54902,550708,3866,104090,5.101226425580792,0.15896505487188414
2716,0.2784,5,15,5,54917,550693,3871,104085,5.1010874800844785,0.15896227423645876
2717,0.2785,1,9,1,54926,550684,3872,104084,5.101004112786691,0.15896317474280966
2718,0.2786,2,18,2,54944,550666,3874,104082,5.100837378191115,0.15896497583803235
2719,0.2787,2,25,2,54969,550641,3876,104080,5.100605802363926,0.1589684766488321
2720,0.2788,4,30,4,54999,550611,3880,104076,5.100327911371299,0.15897062260286213
2721,0.2789,1,14,1,55013,550597,3881,104075,5.100198228908074,0.15897273749297358
2722,0.279,1,18,1,55031,550579,3882,104074,5.100031494312498,0.1589758238333896
2723,0.2791,3,47,3,55078,550532,3885,104071,5.099596131757383,0.1589833838219501
2724,0.2792,2,10,2,55088,550522,3887,104069,5.099503501426507,0.15898324297156546
2725,0.2793,3,18,3,55106,550504,3890,104066,5.099336766830931,0.1589837603312098
2726,0.2794,2,20,2,55126,550484,3892,104064,5.09915150616918,0.1589860483875896
2727,0.2795,3,40,3,55166,550444,3895,104061,5.0987809848456775,0.15899190991665457
2728,0.2796,2,15,2,55181,550429,3897,104059,5.0986420393493646,0.15899298382858051
2729,0.2797,0,23,0,55204,550406,3897,104059,5.098428989588351,0.15899857135217316
2730,0.2798,0,10,0,55214,550396,3897,104059,5.098336359257475,0.15900100083275398
2731,0.2799,4,18,4,55232,550378,3901,104055,5.0981696246618995,0.15900023379016645
2732,0.28,2,30,2,55262,550348,3903,104053,5.097891733669273,0.15900495262079367
2733,0.2801,2,18,2,55280,550330,3905,104051,5.097724999073697,0.15900675600300132
2734,0.2802,0,16,0,55296,550314,3905,104051,5.097576790544296,0.15901064390668818
2735,0.2803,4,30,4,55326,550284,3909,104047,5.097298899551669,0.15901279321933395
2736,0.2804,0,30,0,55356,550254,3909,104047,5.097021008559042,0.15902008402860457
2737,0.2805,0,13,0,55369,550241,3909,104047,5.0969005891289045,0.15902324358692196
2738,0.2806,3,18,3,55387,550223,3912,104044,5.096733854533328,0.15902376247006192
2739,0.2807,0,29,0,55416,550194,3912,104044,5.096465226573789,0.15903081141725184
2740,0.2808,2,23,2,55439,550171,3914,104042,5.096252176812776,0.15903383148913275
2741,0.2809,3,21,3,55460,550150,3917,104039,5.096057653117937,0.1590350800762471
2742,0.281,2,17,2,55477,550133,3919,104037,5.095900181555448,0.15903664185150648
2743,0.2811,4,18,4,55495,550115,3923,104033,5.095733446959873,0.159035875673395
2744,0.2812,0,22,0,55517,550093,3923,104033,5.095529660231946,0.15904122447357236
2745,0.2813,3,8,3,55525,550085,3926,104030,5.095455555967246,0.159039312659089
2746,0.2814,0,18,0,55543,550067,3926,104030,5.09528882137167,0.15904368923875206
2747,0.2815,3,16,3,55559,550051,3929,104027,5.095140612842269,0.15904372261412247
2748,0.2816,3,43,3,55602,550008,3932,104024,5.094742302419505,0.1590503216967977
2749,0.2817,2,24,2,55626,549984,3934,104022,5.094519989625403,0.15905358666434252
2750,0.2818,0,12,0,55638,549972,3934,104022,5.094408833228353,0.15905650510555142
2751,0.2819,1,22,1,55660,549950,3935,104021,5.094205046500426,0.15906056996411155
2752,0.282,0,22,0,55682,549928,3935,104021,5.0940012597725,0.15906592104277245
2753,0.2821,3,9,3,55691,549919,3938,104018,5.093917892474712,0.1590642523668182
2754,0.2822,2,25,2,55716,549894,3940,104016,5.093686316647523,0.15906776161857136
2755,0.2823,5,25,5,55741,549869,3945,104011,5.093454740820334,0.1590674129809751
2756,0.2824,1,18,1,55759,549851,3946,104010,5.093288006224758,0.15907050581086807
2757,0.2825,2,24,2,55783,549827,3948,104008,5.093065693430657,0.15907377243494153
2758,0.2826,6,45,6,55828,549782,3954,104002,5.092648856941717,0.15907700402579444
2759,0.2827,1,9,1,55837,549773,3955,104001,5.092565489643929,0.15907790765616253
2760,0.2828,0,13,0,55850,549760,3955,104001,5.092445070213791,0.15908107091123513
2761,0.2829,0,9,0,55859,549751,3955,104001,5.092361702916003,0.1590832609307505
2762,0.283,0,15,0,55874,549736,3955,104001,5.092222757419689,0.15908691109727613
2763,0.2831,1,8,1,55882,549728,3956,104000,5.092148653154989,0.15908757158940723
2764,0.2832,1,17,1,55899,549711,3957,103999,5.0919911815925,0.15909042235853818
2765,0.2833,0,13,0,55912,549698,3957,103999,5.091870762162363,0.1590935861721868
2766,0.2834,0,19,0,55931,549679,3957,103999,5.091694764533699,0.15909821043388334
2767,0.2835,1,58,1,55989,549621,3958,103998,5.091157508614621,0.15911104175368218
2768,0.2836,1,6,1,55995,549615,3959,103997,5.091101930416095,0.15911121582835078
2769,0.2837,1,17,1,56012,549598,3960,103996,5.090944458853607,0.15911406775459996
2770,0.2838,2,23,2,56035,549575,3962,103994,5.0907314090925935,0.1591170939870159
2771,0.2839,3,31,3,56066,549544,3965,103991,5.090444255066879,0.1591207815954769
2772,0.284,2,34,2,56100,549510,3967,103989,5.090129311941903,0.1591264868041114
2773,0.2841,2,28,2,56128,549482,3969,103987,5.089869947015451,0.15913073152666768
2774,0.2842,2,21,2,56149,549461,3971,103985,5.089675423320612,0.15913327191535337
2775,0.2843,2,44,2,56193,549417,3973,103983,5.089267849864759,0.15914141414141414
2776,0.2844,1,16,1,56209,549401,3974,103982,5.089119641335359,0.15914402425529897
2777,0.2845,4,23,4,56232,549378,3978,103978,5.088906591574345,0.15914447866094442
2778,0.2846,1,17,1,56249,549361,3979,103977,5.088749120011856,0.1591473326210935
2779,0.2847,1,18,1,56267,549343,3980,103976,5.088582385416281,0.15915043034107382
2780,0.2848,3,19,3,56286,549324,3983,103973,5.088406387787617,0.15915119769415748
2781,0.2849,1,29,1,56315,549295,3984,103972,5.088137759828078,0.15915697563170955
2782,0.285,1,38,1,56353,549257,3985,103971,5.087785764570751,0.15916494700165945
2783,0.2851,2,22,2,56375,549235,3987,103969,5.087581977842825,0.1591677332043282
2784,0.2852,2,7,2,56382,549228,3989,103967,5.087517136611212,0.159166864412618
2785,0.2853,1,12,1,56394,549216,3990,103966,5.087405980214161,0.1591685012752954
2786,0.2854,0,31,0,56425,549185,3990,103966,5.087118826188447,0.15917605576658383
2787,0.2855,3,25,3,56450,549160,3993,103963,5.086887250361258,0.15917828647896337
2788,0.2856,1,24,1,56474,549136,3994,103962,5.086664937567157,0.15918284851584294
2789,0.2857,2,15,2,56489,549121,3996,103960,5.086525992070844,0.15918392971162842
2790,0.2858,1,22,1,56511,549099,3997,103959,5.086322205342918,0.1591880047407734
2791,0.2859,1,22,1,56533,549077,3998,103958,5.0861184186149915,0.15919208005696478
2792,0.286,4,24,4,56557,549053,4002,103954,5.08589610582089,0.15919278047555385
2793,0.2861,2,17,2,56574,549036,4004,103952,5.0857386342584014,0.15919434966645635
2794,0.2862,4,26,4,56600,549010,4008,103948,5.085497795398125,0.15919553784470059
2795,0.2863,4,13,4,56613,548997,4012,103944,5.085377375967987,0.15919355653879907
2796,0.2864,0,17,0,56630,548980,4012,103944,5.085219904405498,0.15919770141701026
2797,0.2865,2,14,2,56644,548966,4014,103942,5.085090221942273,0.15919853945732018
2798,0.2866,1,35,1,56679,548931,4015,103941,5.084766015784209,0.15920578612653016
2799,0.2867,4,29,4,56708,548902,4019,103937,5.084497387824669,0.15920770664742762
2800,0.2868,1,13,1,56721,548889,4020,103936,5.0843769683945315,0.15920958909355493
2801,0.2869,0,16,0,56737,548873,4020,103936,5.08422875986513,0.15921349123556813
2802,0.287,0,18,0,56755,548855,4020,103936,5.084062025269554,0.15921788137397727
2803,0.2871,1,27,1,56782,548828,4021,103935,5.0838119233761905,0.1592231790098397
2804,0.2872,0,30,0,56812,548798,4021,103935,5.083534032383564,0.1592304970026029
2805,0.2873,2,15,2,56827,548783,4023,103933,5.083395086887251,0.15923158004400076
2806,0.2874,0,22,0,56849,548761,4023,103933,5.083191300159324,0.15923694717585882
2807,0.2875,4,35,4,56884,548726,4027,103929,5.0828670940012595,0.15924033371383042
2808,0.2876,1,27,1,56911,548699,4028,103928,5.082616992107896,0.15924563341694414
2809,0.2877,0,23,0,56934,548676,4028,103928,5.082403942346882,0.15925124577845065
2810,0.2878,1,14,1,56948,548662,4029,103927,5.082274259883656,0.15925337386931132
2811,0.2879,3,14,3,56962,548648,4032,103924,5.08214457742043,0.1592529253477011
2812,0.288,2,22,2,56984,548626,4034,103922,5.081940790692505,0.15925571758705873
2813,0.2881,3,16,3,57000,548610,4037,103919,5.081792582163104,0.15925575721538812
2814,0.2882,0,21,0,57021,548589,4037,103919,5.0815980584682645,0.15926088262519386
2815,0.2883,2,11,2,57032,548578,4039,103917,5.081496165104301,0.15926099050567438
2816,0.2884,0,64,0,57096,548514,4039,103917,5.080903330986699,0.1592766131590927
2817,0.2885,2,29,2,57125,548485,4041,103915,5.080634703027159,0.15928111587982832
2818,0.2886,3,15,3,57140,548470,4044,103912,5.080495757530846,0.15928091210364478
2819,0.2887,3,47,3,57187,548423,4047,103909,5.080060394975731,0.15928852179565006
2820,0.2888,0,22,0,57209,548401,4047,103909,5.0798566082478045,0.15929389400745045
2821,0.2889,0,19,0,57228,548382,4047,103909,5.079680610619141,0.1592985339365406
2822,0.289,1,25,1,57253,548357,4048,103908,5.079449034791952,0.15930335063202838
2823,0.2891,1,27,1,57280,548330,4049,103907,5.0791989328985885,0.1593086562093227
2824,0.2892,1,11,1,57291,548319,4050,103906,5.079097039534625,0.15931005404576642
2825,0.2893,3,31,3,57322,548288,4053,103903,5.078809885508911,0.15931375931283934
2826,0.2894,0,9,0,57331,548279,4053,103903,5.078726518211123,0.15931595781545643
2827,0.2895,0,40,0,57371,548239,4053,103903,5.078355996887621,0.15932572967237196
2828,0.2896,0,16,0,57387,548223,4053,103903,5.07820778835822,0.15932963875079356
2829,0.2897,2,10,2,57397,548213,4055,103901,5.0781151580273445,0.15932950373707663
2830,0.2898,3,40,3,57437,548173,4058,103898,5.077744636703843,0.15933540979433222
2831,0.2899,2,13,2,57450,548160,4060,103896,5.077624217273704,0.1593360079502374
2832,0.29,1,37,1,57487,548123,4061,103895,5.077281485049465,0.15934376044833118
2833,0.2901,1,34,1,57521,548089,4062,103894,5.076966541924488,0.15935078061851307
2834,0.2902,2,8,2,57529,548081,4064,103892,5.0768924376597875,0.1593501571384091
2835,0.2903,0,27,0,57556,548054,4064,103892,5.076642335766423,0.15935675654118592
2836,0.2904,1,16,1,57572,548038,4065,103891,5.076494127237022,0.15935937809178607
2837,0.2905,1,41,1,57613,547997,4066,103890,5.076114342880433,0.1593681113444508
2838,0.2906,1,16,1,57629,547981,4067,103889,5.075966134351032,0.15937073342844432
2839,0.2907,3,31,3,57660,547950,4070,103886,5.075678980325318,0.1593744438785216
2840,0.2908,6,32,6,57692,547918,4076,103880,5.075382563266516,0.15937453014584274
2841,0.2909,4,26,4,57718,547892,4080,103876,5.075141724406239,0.15937572878693032
2842,0.291,4,10,4,57728,547882,4084,103872,5.075049094075364,0.1593730149719066
2843,0.2911,3,47,3,57775,547835,4087,103869,5.074613731520249,0.15938063906313296
2844,0.2912,1,23,1,57798,547812,4088,103868,5.0744006817592355,0.15938497422047632
2845,0.2913,3,16,3,57814,547796,4091,103865,5.074252473229834,0.1593850176702304
2846,0.2914,2,17,2,57831,547779,4093,103863,5.074095001667346,0.159386595707459
2847,0.2915,4,20,4,57851,547759,4097,103859,5.073909741005595,0.1593863275722893
2848,0.2916,2,14,2,57865,547745,4099,103857,5.073780058542369,0.15938717192396587
2849,0.2917,3,29,3,57894,547716,4102,103854,5.07351143058283,0.15939039550623876
2850,0.2918,2,31,2,57925,547685,4104,103852,5.073224276557116,0.1593953988798794
2851,0.2919,2,8,2,57933,547677,4106,103850,5.073150172292415,0.15939477565780083
2852,0.292,5,20,5,57953,547657,4111,103845,5.072964911630664,0.15939321751890248
2853,0.2921,4,23,4,57976,547634,4115,103841,5.0727518618696505,0.15939368356421965
2854,0.2922,2,15,2,57991,547619,4117,103839,5.0726129163733376,0.15939477295543228
2855,0.2923,1,8,1,57999,547611,4118,103838,5.072538812108637,0.1593954400114207
2856,0.2924,3,39,3,58038,547572,4121,103835,5.072177553818222,0.15940111174734076
2857,0.2925,1,10,1,58048,547562,4122,103834,5.072084923487346,0.15940226835903198
2858,0.2926,1,20,1,58068,547542,4123,103833,5.0718996628255955,0.15940587219343696
2859,0.2927,2,18,2,58086,547524,4125,103831,5.07173292823002,0.15940769626394208
2860,0.2928,1,13,1,58099,547511,4126,103830,5.071612508799881,0.15940958729759067
2861,0.2929,3,26,3,58125,547485,4129,103827,5.071371669939605,0.15941207900361118
2862,0.293,1,6,1,58131,547479,4130,103826,5.07131609174108,0.15941225693031683
2863,0.2931,0,14,0,58145,547465,4130,103826,5.071186409277854,0.15941568361915026
2864,0.2932,0,23,0,58168,547442,4130,103826,5.07097335951684,0.15942131349920463
2865,0.2933,3,13,3,58181,547429,4133,103823,5.070852940086702,0.15942062366027282
2866,0.2934,3,27,3,58208,547402,4136,103820,5.070602838193338,0.15942336100438867
2867,0.2935,4,12,4,58220,547390,4140,103816,5.0704916817962875,0.15942113555464785
2868,0.2936,1,13,1,58233,547377,4141,103815,5.070371262366149,0.1594230273099178
2869,0.2937,0,31,0,58264,547346,4141,103815,5.070084108340435,0.15943061700562533
2870,0.2938,3,26,3,58290,547320,4144,103812,5.069843269480159,0.15943311033707452
2871,0.2939,4,30,4,58320,547290,4148,103808,5.069565378487532,0.15943529238302068
2872,0.294,0,10,0,58330,547280,4148,103808,5.069472748156657,0.1594377411348389
2873,0.2941,1,12,1,58342,547268,4149,103807,5.0693615917596055,0.15943938870329838
2874,0.2942,6,53,6,58395,547215,4155,103801,5.068870651005965,0.15944462194477554
2875,0.2943,0,38,0,58433,547177,4155,103801,5.068518655748639,0.15945392931865593
2876,0.2944,1,25,1,58458,547152,4156,103800,5.06828707992145,0.15945876193636396
2877,0.2945,1,14,1,58472,547138,4157,103799,5.068157397458224,0.15946090021000497
2878,0.2946,2,10,2,58482,547128,4159,103797,5.068064767127348,0.15946076736951262
2879,0.2947,0,16,0,58498,547112,4159,103797,5.067916558597947,0.1594646870760736
2880,0.2948,4,21,4,58519,547091,4163,103793,5.067722034903109,0.15946466651507796
2881,0.2949,4,31,4,58550,547060,4167,103789,5.067434880877395,0.159467096054538
2882,0.295,2,24,2,58574,547036,4169,103787,5.067212568083293,0.15947039364005267
2883,0.2951,1,18,1,58592,547018,4170,103786,5.067045833487717,0.1594735127626751
2884,0.2952,0,21,0,58613,546997,4170,103786,5.066851309792878,0.15947865878487913
2885,0.2953,2,13,2,58626,546984,4172,103784,5.066730890362741,0.15947926142649915
2886,0.2954,5,25,5,58651,546959,4177,103779,5.066499314535552,0.15947893007631336
2887,0.2955,2,22,2,58673,546937,4179,103777,5.066295527807625,0.1594817385210707
2888,0.2956,0,11,0,58684,546926,4179,103777,5.066193634443662,0.15948443452696545
2889,0.2957,4,18,4,58702,546908,4183,103773,5.066026899848087,0.15948367940665242
2890,0.2958,1,26,1,58728,546882,4184,103772,5.06578606098781,0.15948876053939576
2891,0.2959,6,59,6,58787,546823,4190,103766,5.065239542035644,0.1594954725640919
2892,0.296,3,15,3,58802,546808,4193,103763,5.065100596539331,0.15949527415147616
2893,0.2961,6,12,6,58814,546796,4199,103757,5.064989440142281,0.15949046426655475
2894,0.2962,0,37,0,58851,546759,4199,103757,5.06464670791804,0.15949953575315595
2895,0.2963,1,19,1,58870,546740,4200,103756,5.064470710289378,0.15950290240062967
2896,0.2964,4,22,4,58892,546718,4204,103752,5.064266923561451,0.15950312850707948
2897,0.2965,4,16,4,58908,546702,4208,103748,5.06411871503205,0.15950188331155354
2898,0.2966,0,19,0,58927,546683,4208,103748,5.063942717403386,0.1595065425848399
2899,0.2967,0,14,0,58941,546669,4208,103748,5.063813034940161,0.15950997590776378
2900,0.2968,2,28,2,58969,546641,4210,103746,5.063553670013709,0.15951425843382477
2901,0.2969,2,28,2,58997,546613,4212,103744,5.063294305087258,0.1595185413549789
2902,0.297,1,51,1,59048,546562,4213,103743,5.062821890399793,0.15952975911303158
2903,0.2971,0,15,0,59063,546547,4213,103743,5.06268294490348,0.15953343892724783
2904,0.2972,1,20,1,59083,546527,4214,103742,5.062497684241728,0.15953705312724425
2905,0.2973,1,37,1,59120,546490,4215,103741,5.062154952017488,0.15954483868040742
2906,0.2974,1,23,1,59143,546467,4216,103740,5.061941902256475,0.1595491897195816
2907,0.2975,7,23,7,59166,546444,4223,103733,5.061728852495461,0.15954578522463883
2908,0.2976,3,24,3,59190,546420,4226,103730,5.06150653970136,0.1595477966623087
2909,0.2977,2,69,2,59259,546351,4228,103728,5.060867390418319,0.15956214552385173
2910,0.2978,1,16,1,59275,546335,4229,103727,5.060719181888918,0.15956477997483318
2911,0.2979,3,14,3,59289,546321,4232,103724,5.060589499425692,0.15956433785353322
2912,0.298,0,16,0,59305,546305,4232,103724,5.060441290896291,0.15956826541585067
2913,0.2981,1,22,1,59327,546283,4233,103723,5.060237504168365,0.15957237317809375
2914,0.2982,2,23,2,59350,546260,4235,103721,5.060024454407351,0.15957543374344788
2915,0.2983,2,15,2,59365,546245,4237,103719,5.059885508911038,0.1595765303924525
2916,0.2984,2,37,2,59402,546208,4239,103717,5.059542776686798,0.15958302881101666
2917,0.2985,3,25,3,59427,546183,4242,103714,5.059311200859609,0.15958528813027295
2918,0.2986,3,31,3,59458,546152,4245,103711,5.059024046833895,0.1595890210705949
2919,0.2987,1,26,1,59484,546126,4246,103710,5.058783207973619,0.15959411297619708
2920,0.2988,3,31,3,59515,546095,4249,103707,5.058496053947905,0.1595978467286958
2921,0.2989,0,10,0,59525,546085,4249,103707,5.058403423617029,0.15960030286614793
2922,0.299,1,7,1,59532,546078,4250,103706,5.058338582385416,0.1596007288575896
2923,0.2991,0,48,0,59580,546030,4250,103706,5.057893956797214,0.15961251954640038
2924,0.2992,1,23,1,59603,546007,4251,103705,5.0576809070362,0.15961687640062058
2925,0.2993,0,10,0,59613,545997,4251,103705,5.057588276705324,0.15961933317120772
2926,0.2994,0,7,0,59620,545990,4251,103705,5.057523435473711,0.15962105295561763
2927,0.2995,0,23,0,59643,545967,4251,103705,5.0573103857126975,0.15962670393675576
2928,0.2996,0,17,0,59660,545950,4251,103705,5.057152914150209,0.15963088100607245
2929,0.2997,2,14,2,59674,545936,4253,103703,5.057023231686983,0.15963173393223004
2930,0.2998,1,19,1,59693,545917,4254,103702,5.05684723405832,0.15963510919477417
2931,0.2999,0,12,0,59705,545905,4254,103702,5.056736077661269,0.15963805808742826
2932,0.3,4,14,4,59719,545891,4258,103698,5.056606395198044,0.1596363238909526
2933,0.3001,2,26,2,59745,545865,4260,103696,5.056365556337767,0.15964012617752604
2934,0.3002,1,13,1,59758,545852,4261,103695,5.056245136907629,0.15964202744374156
2935,0.3003,2,8,2,59766,545844,4263,103693,5.056171032642928,0.15964140610927477
2936,0.3004,3,12,3,59778,545832,4266,103690,5.056059876245878,0.15964047407170195
2937,0.3005,0,8,0,59786,545824,4266,103690,5.055985771981177,0.15964244034770614
2938,0.3006,5,23,5,59809,545801,4271,103685,5.055772722220164,0.15964162429983095
2939,0.3007,1,7,1,59816,545794,4272,103684,5.0557078809885505,0.15964205100095769
2940,0.3008,2,29,2,59845,545765,4274,103682,5.055439253029012,0.15964659163873265
2941,0.3009,3,17,3,59862,545748,4277,103679,5.055281781466523,0.15964688871882443
2942,0.301,4,26,4,59888,545722,4281,103675,5.055040942606247,0.15964810431831375
2943,0.3011,2,21,2,59909,545701,4283,103673,5.054846418911408,0.15965067896158455
2944,0.3012,3,15,3,59924,545686,4286,103670,5.054707473415095,0.15965048448000788
2945,0.3013,1,15,1,59939,545671,4287,103669,5.054568527918781,0.15965287830720423
2946,0.3014,5,18,5,59957,545653,4292,103664,5.054401793323206,0.15965083310617156
2947,0.3015,1,11,1,59968,545642,4293,103663,5.054299899959243,0.15965224355272176
2948,0.3016,3,35,3,60003,545607,4296,103660,5.053975693801179,0.15965696701049029
2949,0.3017,3,13,3,60016,545594,4299,103657,5.05385527437104,0.15965628085285968
2950,0.3018,2,25,2,60041,545569,4301,103655,5.053623698543851,0.15965984005520437
2951,0.3019,3,27,3,60068,545542,4304,103652,5.053373596650487,0.15966259700490146
2952,0.302,0,22,0,60090,545520,4304,103652,5.0531698099225615,0.15966800786232307
2953,0.3021,7,53,7,60143,545467,4311,103645,5.052678869168921,0.15967198264706245
2954,0.3022,3,16,3,60159,545451,4314,103642,5.05253066063952,0.15967203466991634
2955,0.3023,0,12,0,60171,545439,4314,103642,5.0524195042424696,0.15967498663495003
2956,0.3024,4,27,4,60198,545412,4318,103638,5.052169402349105,0.15967645019644094
2957,0.3025,3,28,3,60226,545384,4321,103635,5.051910037422654,0.15967945468468567
2958,0.3026,2,10,2,60236,545374,4323,103633,5.051817407091778,0.15967932549263722
2959,0.3027,3,11,3,60247,545363,4326,103630,5.051715513727815,0.15967814753009663
2960,0.3028,1,11,1,60258,545352,4327,103629,5.0516136203638515,0.15967955918586216
2961,0.3029,3,17,3,60275,545335,4330,103626,5.051456148801363,0.15967985749528862
2962,0.303,1,17,1,60292,545318,4331,103625,5.051298677238875,0.15968274563405416
2963,0.3031,0,26,0,60318,545292,4331,103625,5.051057838378599,0.15968914360388153
2964,0.3032,1,19,1,60337,545273,4332,103624,5.050881840749935,0.1596925243913903
2965,0.3033,1,17,1,60354,545256,4333,103623,5.050724369187447,0.1596954131663993
2966,0.3034,4,15,4,60369,545241,4337,103619,5.050585423691134,0.15969392472952562
2967,0.3035,0,15,0,60384,545226,4337,103619,5.05044647819482,0.15969761653399503
2968,0.3036,0,11,0,60395,545215,4337,103619,5.050344584830857,0.15970032396576012
2969,0.3037,0,17,0,60412,545198,4337,103619,5.050187113268368,0.15970450835905964
2970,0.3038,2,31,2,60443,545167,4339,103617,5.049899959242654,0.15970954894078768
2971,0.3039,2,18,2,60461,545149,4341,103615,5.0497332246470785,0.15971138965787252
2972,0.304,2,15,2,60476,545134,4343,103613,5.0495942791507655,0.15971249192674494
2973,0.3041,1,33,1,60509,545101,4344,103612,5.049288599058876,0.15971932117901136
2974,0.3042,2,20,2,60529,545081,4346,103610,5.049103338397125,0.15972165484028605
2975,0.3043,2,10,2,60539,545071,4348,103608,5.049010708066249,0.1597215263635789
2976,0.3044,3,14,3,60553,545057,4351,103605,5.048881025603023,0.15972108740761753
2977,0.3045,1,9,1,60562,545048,4352,103604,5.048797658305236,0.15972200810295814
2978,0.3046,3,13,3,60575,545035,4355,103601,5.048677238875097,0.15972132289912985
2979,0.3047,1,29,1,60604,545006,4356,103600,5.048408610915558,0.15972716872801054
2980,0.3048,4,23,4,60627,544983,4360,103596,5.048195561154545,0.15972765075649997
2981,0.3049,0,11,0,60638,544972,4360,103596,5.048093667790582,0.15973035980806946
2982,0.305,5,15,5,60653,544957,4365,103591,5.047954722294268,0.159727576062219
2983,0.3051,1,15,1,60668,544942,4366,103590,5.047815776797955,0.15972997477379683
2984,0.3052,1,16,1,60684,544926,4367,103589,5.047667568268554,0.15973261990856033
2985,0.3053,5,32,5,60716,544894,4372,103584,5.047371151209752,0.1597340233593121
2986,0.3054,5,57,5,60773,544837,4377,103579,5.046843158323761,0.15974158564871935
2987,0.3055,1,17,1,60790,544820,4378,103578,5.046685686761273,0.1597444779286796
2988,0.3056,0,12,0,60802,544808,4378,103578,5.046574530364222,0.15974743439864525
2989,0.3057,0,20,0,60822,544788,4378,103578,5.0463892697024715,0.15975236209178148
2990,0.3058,3,64,3,60886,544724,4381,103575,5.045796435584868,0.15976424458467467
2991,0.3059,0,13,0,60899,544711,4381,103575,5.045676016154729,0.15976744831756354
2992,0.306,5,21,5,60920,544690,4386,103570,5.045481492459891,0.15976614321414248
2993,0.3061,0,13,0,60933,544677,4386,103570,5.045361073029753,0.1597693471778504
2994,0.3062,3,56,3,60989,544621,4389,103567,5.04484234317685,0.1597792615722599
2995,0.3063,7,53,7,61042,544568,4396,103560,5.044351402423209,0.1597832526908265
2996,0.3064,0,10,0,61052,544558,4396,103560,5.044258772092334,0.15978571803282735
2997,0.3065,4,27,4,61079,544531,4400,103556,5.04400867019897,0.15978718906566558
2998,0.3066,2,23,2,61102,544508,4402,103554,5.043795620437956,0.1597902669806284
2999,0.3067,1,25,1,61127,544483,4403,103553,5.0435640446107675,0.159795134838188
3000,0.3068,0,32,0,61159,544451,4403,103553,5.043267627551965,0.1598030259072475
3001,0.3069,0,16,0,61175,544435,4403,103553,5.043119419022565,0.15980697173404446
3002,0.307,3,21,3,61196,544414,4406,103550,5.042924895327726,0.15980826095276898
3003,0.3071,5,32,5,61228,544382,4411,103545,5.042628478268925,0.15980966991651838
3004,0.3072,0,21,0,61249,544361,4411,103545,5.0424339545740855,0.15981484968498516
3005,0.3073,1,26,1,61275,544335,4412,103544,5.042193115713809,0.15981996638261156
3006,0.3074,1,15,1,61290,544320,4413,103543,5.042054170217496,0.15982236985288556
3007,0.3075,2,8,2,61298,544312,4415,103541,5.041980065952796,0.1598217496870432
3008,0.3076,1,29,1,61327,544283,4416,103540,5.041711437993256,0.1598276072322224
3009,0.3077,0,17,0,61344,544266,4416,103540,5.041553966430768,0.15983180149612694
3010,0.3078,4,17,4,61361,544249,4420,103536,5.0413964948682795,0.15983080806131664
3011,0.3079,1,14,1,61375,544235,4421,103535,5.041266812405054,0.15983296540438735
3012,0.308,2,22,2,61397,544213,4423,103533,5.041063025677127,0.15983579983512056
3013,0.3081,0,14,0,61411,544199,4423,103533,5.040933343213902,0.15983925450649342
3014,0.3082,0,20,0,61431,544179,4423,103533,5.040748082552151,0.15984419001037498
3015,0.3083,2,62,2,61493,544117,4425,103531,5.0401737745007225,0.1598568975739908
3016,0.3084,2,42,2,61535,544075,4427,103529,5.039784727111045,0.15986467038498836
3017,0.3085,1,21,1,61556,544054,4428,103528,5.039590203416207,0.15986855718658025
3018,0.3086,0,19,0,61575,544035,4428,103528,5.039414205787543,0.15987324785387677
3019,0.3087,3,16,3,61591,544019,4431,103525,5.039265997258142,0.15987330590662566
3020,0.3088,0,30,0,61621,543989,4431,103525,5.038988106265515,0.15988071300388873
3021,0.3089,1,34,1,61655,543955,4432,103524,5.038673163140539,0.15988781103325359
3022,0.309,0,19,0,61674,543936,4432,103524,5.038497165511875,0.15989250301176908
3023,0.3091,3,17,3,61691,543919,4435,103521,5.0383396939493865,0.15989280860002472
3024,0.3092,1,14,1,61705,543905,4436,103520,5.038210011486161,0.15989496852917326
3025,0.3093,4,29,4,61734,543876,4440,103516,5.037941383526622,0.15989694033908358
3026,0.3094,4,7,4,61741,543869,4444,103512,5.037876542295009,0.15989347849257238
3027,0.3095,1,14,1,61755,543855,4445,103511,5.037746859831783,0.1598956386340957
3028,0.3096,1,26,1,61781,543829,4446,103510,5.037506020971507,0.15990076296963415
3029,0.3097,2,39,2,61820,543790,4448,103508,5.037144762681092,0.1599078013527
3030,0.3098,2,26,2,61846,543764,4450,103506,5.036903923820816,0.15991162884113275
3031,0.3099,1,8,1,61854,543756,4451,103505,5.036829819556115,0.1599123073999515
3032,0.31,3,8,3,61862,543748,4454,103502,5.036755715291415,0.15991039011201236
3033,0.3101,0,11,0,61873,543737,4454,103502,5.036653821927452,0.1599131078318828
3034,0.3102,1,31,1,61904,543706,4455,103501,5.036366667901738,0.15991946935060963
3035,0.3103,2,22,2,61926,543684,4457,103499,5.036162881173811,0.1599223094549764
3036,0.3104,1,33,1,61959,543651,4458,103498,5.035857201081923,0.15992916623528738
3037,0.3105,1,20,1,61979,543631,4459,103497,5.035671940420171,0.15993281081949784
3038,0.3106,1,7,1,61986,543624,4460,103496,5.035607099188558,0.15993324267523798
3039,0.3107,1,17,1,62003,543607,4461,103495,5.03544962762607,0.15993614607897982
3040,0.3108,2,11,2,62014,543596,4463,103493,5.035347734262107,0.1599362684267543
3041,0.3109,1,44,1,62058,543552,4464,103492,5.034940160806254,0.1599458460321091
3042,0.311,2,20,2,62078,543532,4466,103490,5.034754900144503,0.15994819341537073
3043,0.3111,3,22,3,62100,543510,4469,103487,5.034551113416577,0.15994973701578213
3044,0.3112,1,13,1,62113,543497,4470,103486,5.0344306939864385,0.15995165251637214
3045,0.3113,0,12,0,62125,543485,4470,103486,5.034319537589388,0.15995461929514615
3046,0.3114,2,14,2,62139,543471,4472,103484,5.034189855126162,0.15995548376625887
3047,0.3115,1,20,1,62159,543451,4473,103483,5.034004594464411,0.15995913029768105
3048,0.3116,1,26,1,62185,543425,4474,103482,5.033763755604135,0.15996426070517092
3049,0.3117,1,16,1,62201,543409,4475,103481,5.033615547074734,0.1599669186415001
3050,0.3118,1,54,1,62255,543355,4476,103480,5.0331153432880065,0.1599789745452859
3051,0.3119,1,18,1,62273,543337,4477,103479,5.03294860869243,0.15998212783851976
3052,0.312,1,41,1,62314,543296,4478,103478,5.032568824335841,0.159990970570864
3053,0.3121,1,10,1,62324,543286,4479,103477,5.032476194004965,0.15999214549997448
3054,0.3122,1,27,1,62351,543259,4480,103476,5.032226092111601,0.15999752603462006
3055,0.3123,2,31,2,62382,543228,4482,103474,5.0319389380858865,0.16000259779620288
3056,0.3124,1,31,1,62413,543197,4483,103473,5.031651784060172,0.16000896902593287
3057,0.3125,1,32,1,62445,543165,4484,103472,5.031355367001371,0.16001558834400134
3058,0.3126,0,15,0,62460,543150,4484,103472,5.031216421505057,0.1600193003021858
3059,0.3127,2,16,2,62476,543134,4486,103470,5.031068212975657,0.1600206617960916
3060,0.3128,4,40,4,62516,543094,4490,103466,5.030697691652154,0.1600253650086612
3061,0.3129,1,16,1,62532,543078,4491,103465,5.030549483122754,0.16002802597816387
3062,0.313,2,10,2,62542,543068,4493,103463,5.030456852791878,0.16002790276104317
3063,0.3131,2,34,2,62576,543034,4495,103461,5.030141909666901,0.16003372029172694
3064,0.3132,0,32,0,62608,543002,4495,103461,5.0298454926081,0.16004164198105691
3065,0.3133,2,24,2,62632,542978,4497,103459,5.029623179813998,0.16004498504881373
3066,0.3134,0,20,0,62652,542958,4497,103459,5.029437919152247,0.16004993680549862
3067,0.3135,3,20,3,62672,542938,4500,103456,5.029252658490496,0.16005099057231348
3068,0.3136,2,23,2,62695,542915,4502,103454,5.029039608729482,0.16005408675230404
3069,0.3137,5,44,5,62739,542871,4507,103449,5.02863203527363,0.16005848496101002
3070,0.3138,1,11,1,62750,542860,4508,103448,5.028530141909667,0.1600599095168248
3071,0.3139,6,40,6,62790,542820,4514,103442,5.028159620586165,0.16006201819076474
3072,0.314,2,13,2,62803,542807,4516,103440,5.028039201156027,0.16006263858865108
3073,0.3141,2,20,2,62823,542787,4518,103438,5.027853940494276,0.16006499284305
3074,0.3142,1,17,1,62840,542770,4519,103437,5.027696468931787,0.16006790393790224
3075,0.3143,1,15,1,62855,542755,4520,103436,5.0275575234354735,0.16007031976613725
3076,0.3144,0,10,0,62865,542745,4520,103436,5.027464893104598,0.16007279694079524
3077,0.3145,3,15,3,62880,542730,4523,103433,5.0273259476082846,0.16007261325702649
3078,0.3146,1,19,1,62899,542711,4524,103432,5.027149949979622,0.1600760203236745
3079,0.3147,6,19,6,62918,542692,4530,103426,5.026973952350958,0.1600729278552834
3080,0.3148,2,15,2,62933,542677,4532,103424,5.026835006854644,0.16007404415099188
3081,0.3149,3,36,3,62969,542641,4535,103421,5.026501537663493,0.16007906361928112
3082,0.315,1,42,1,63011,542599,4536,103420,5.026112490273816,0.16008817078135473
3083,0.3151,3,18,3,63029,542581,4539,103417,5.025945755678239,0.16008873092486353
3084,0.3152,3,32,3,63061,542549,4542,103414,5.025649338619438,0.16009276073087778
3085,0.3153,3,27,3,63088,542522,4545,103411,5.025399236726074,0.16009555170582707
3086,0.3154,1,32,1,63120,542490,4546,103410,5.025102819667272,0.16010218300046447
3087,0.3155,2,16,2,63136,542474,4548,103408,5.024954611137871,0.16010354832616483
3088,0.3156,1,43,1,63179,542431,4549,103407,5.024556300715106,0.16011290757124852
3089,0.3157,4,16,4,63195,542415,4553,103403,5.0244080921857055,0.16011167232873658
3090,0.3158,2,15,2,63210,542400,4555,103401,5.024269146689392,0.16011279016291396
3091,0.3159,3,22,3,63232,542378,4558,103398,5.024065359961466,0.1601143430539382
3092,0.316,1,15,1,63247,542363,4559,103397,5.023926414465152,0.16011676164519326
3093,0.3161,1,48,1,63295,542315,4560,103396,5.02348178887695,0.1601273634799469
3094,0.3162,4,21,4,63316,542294,4564,103392,5.023287265182112,0.16012736841127112
3095,0.3163,1,12,1,63328,542282,4565,103391,5.02317610878506,0.16012904364902977
3096,0.3164,1,44,1,63372,542238,4566,103390,5.022768535329209,0.16013865569646918
3097,0.3165,2,17,2,63389,542221,4568,103388,5.022611063766719,0.16014027065917608
3098,0.3166,3,18,3,63407,542203,4571,103385,5.022444329171144,0.16014083285315092
3099,0.3167,0,19,0,63426,542184,4571,103385,5.02226833154248,0.16014554602219128
3100,0.3168,1,15,1,63441,542169,4572,103384,5.022129386046167,0.16014796616234453
3101,0.3169,0,9,0,63450,542160,4572,103384,5.022046018748379,0.16015019890201132
3102,0.317,0,12,0,63462,542148,4572,103384,5.021934862351328,0.16015317598507897
3103,0.3171,0,14,0,63476,542134,4572,103384,5.021805179888102,0.16015664938855306
3104,0.3172,2,32,2,63508,542102,4574,103382,5.021508762829301,0.16016198697411554
3105,0.3173,1,12,1,63520,542090,4575,103381,5.0213976064322505,0.16016366343336882
3106,0.3174,0,16,0,63536,542074,4575,103381,5.021249397902849,0.160167633684765
3107,0.3175,5,54,5,63590,542020,4580,103376,5.020749194116122,0.16017452850652933
3108,0.3176,1,25,1,63615,541995,4581,103375,5.020517618288933,0.16017943195376297
3109,0.3177,3,32,3,63647,541963,4584,103372,5.020221201230131,0.1601834706005408
3110,0.3178,1,8,1,63655,541955,4585,103371,5.02014709696543,0.16018415498523228
3111,0.3179,1,16,1,63671,541939,4586,103370,5.01999888843603,0.16018682522636443
3112,0.318,1,3,1,63674,541936,4587,103369,5.019971099336767,0.1601862685086897
3113,0.3181,1,11,1,63685,541925,4588,103368,5.019869205972804,0.16018769768151833
3114,0.3182,2,23,2,63708,541902,4590,103366,5.01965615621179,0.16019080444094547
3115,0.3183,6,21,6,63729,541881,4596,103360,5.019461632516951,0.16018820874680934
3116,0.3184,2,14,2,63743,541867,4598,103358,5.019331950053726,0.16018908132821885
3117,0.3185,2,17,2,63760,541850,4600,103356,5.019174478491237,0.16019069878457423
3118,0.3186,3,61,3,63821,541789,4603,103353,5.018609433472896,0.16020194003800714
3119,0.3187,4,25,4,63846,541764,4607,103349,5.018377857645707,0.16020294119014808
3120,0.3188,0,23,0,63869,541741,4607,103349,5.018164807884694,0.16020865305616272
3121,0.3189,1,53,1,63922,541688,4608,103348,5.0176738671310535,0.1602205148239788
3122,0.319,4,22,4,63944,541666,4612,103344,5.017470080403127,0.1602207717709803
3123,0.3191,0,30,0,63974,541636,4612,103344,5.0171921894105,0.1602282241309808
3124,0.3192,0,23,0,63997,541613,4612,103344,5.016979139649487,0.16023393807649192
3125,0.3193,4,23,4,64020,541590,4616,103340,5.016766089888473,0.1602344440481913
3126,0.3194,1,14,1,64034,541576,4617,103339,5.016636407425247,0.1602366203298109
3127,0.3195,1,57,1,64091,541519,4618,103338,5.016108414539257,0.16024948166802871
3128,0.3196,2,9,2,64100,541510,4620,103336,5.0160250472414685,0.16024911374188566
3129,0.3197,2,19,2,64119,541491,4622,103334,5.015849049612806,0.16025123095413485
3130,0.3198,1,27,1,64146,541464,4623,103333,5.015598947719441,0.16025663891116118
3131,0.3199,4,47,4,64193,541417,4627,103329,5.015163585164326,0.16026311136478552
3132,0.32,0,23,0,64216,541394,4627,103329,5.014950535403313,0.16026882862872893
3133,0.3201,2,14,2,64230,541380,4629,103327,5.014820852940087,0.16026970391200965
3134,0.3202,2,22,2,64252,541358,4631,103325,5.0146170662121605,0.16027256806833745
3135,0.3203,1,39,1,64291,541319,4632,103324,5.014255807921746,0.1602809617105902
3136,0.3204,3,16,3,64307,541303,4635,103321,5.014107599392345,0.16028103204348582
3137,0.3205,0,40,0,64347,541263,4635,103321,5.013737078068843,0.1602909783674432
3138,0.3206,2,19,2,64366,541244,4637,103319,5.013561080440179,0.16029309780424877
3139,0.3207,2,14,2,64380,541230,4639,103317,5.013431397976953,0.1602939739072558
3140,0.3208,1,20,1,64400,541210,4640,103316,5.013246137315202,0.16029764509112124
3141,0.3209,1,22,1,64422,541188,4641,103315,5.013042350587276,0.16030181395586987
3142,0.321,3,30,3,64452,541158,4644,103312,5.01276445959465,0.1603053672009558
3143,0.3211,1,21,1,64473,541137,4645,103311,5.012569935899811,0.16030928794875615
3144,0.3212,1,21,1,64494,541116,4646,103310,5.012375412204972,0.16031320896425658
3145,0.3213,1,39,1,64533,541077,4647,103309,5.012014153914558,0.16032160847690669
3146,0.3214,0,24,0,64557,541053,4647,103309,5.0117918411204565,0.1603275798386621
3147,0.3215,2,28,2,64585,541025,4649,103307,5.011532476194005,0.16033194067654563
3148,0.3216,2,46,2,64631,540979,4651,103305,5.011106376671978,0.1603407813945403
3149,0.3217,0,17,0,64648,540962,4651,103305,5.010948905109489,0.1603450122387147
3150,0.3218,1,6,1,64654,540956,4652,103304,5.0108933269109635,0.16034520224753981
3151,0.3219,2,19,2,64673,540937,4654,103302,5.010717329282301,0.16034732451776437
3152,0.322,3,23,3,64696,540914,4657,103299,5.010504279521286,0.16034913918222699
3153,0.3221,1,32,1,64728,540882,4658,103298,5.010207862462485,0.16035580117358503
3154,0.3222,3,11,3,64739,540871,4661,103295,5.010105969098522,0.16035462908629142
3155,0.3223,1,38,1,64777,540833,4662,103294,5.009753973841194,0.16036278559973421
3156,0.3224,5,40,5,64817,540793,4667,103289,5.009383452517692,0.16036622666058048
3157,0.3225,1,13,1,64830,540780,4668,103288,5.009263033087554,0.16036815988373898
3158,0.3226,1,46,1,64876,540734,4669,103287,5.008836933565527,0.16037831064514976
3159,0.3227,1,21,1,64897,540713,4670,103286,5.008642409870688,0.16038223661837983
3160,0.3228,2,12,2,64909,540701,4672,103284,5.008531253473637,0.16038261760755296
3161,0.3229,0,55,0,64964,540646,4672,103284,5.008021786653822,0.16039631636979174
3162,0.323,2,10,2,64974,540636,4674,103282,5.007929156322946,0.16039619951608744
3163,0.3231,1,17,1,64991,540619,4675,103281,5.007771684760458,0.160399130299736
3164,0.3232,2,22,2,65013,540597,4677,103279,5.007567898032532,0.16040200287011785
3165,0.3233,5,33,5,65046,540564,4682,103274,5.007262217940642,0.16040370403735102
3166,0.3234,2,24,2,65070,540540,4684,103272,5.0070399051465415,0.16040707535740248
3167,0.3235,5,38,5,65108,540502,4689,103267,5.006687909889214,0.16041002284981104
3168,0.3236,3,70,3,65178,540432,4692,103264,5.006039497573085,0.1604235539757898
3169,0.3237,1,34,1,65212,540398,4693,103263,5.005724554448109,0.16043072362625668
3170,0.3238,4,28,4,65240,540370,4697,103259,5.005465189521657,0.1604324851739123
3171,0.3239,1,23,1,65263,540347,4698,103258,5.0052521397606435,0.16043691394566542
3172,0.324,8,27,8,65290,540320,4706,103250,5.005002037867279,0.16043320850878692
3173,0.3241,2,26,2,65316,540294,4708,103248,5.004761199007003,0.16043708102967638
3174,0.3242,3,12,3,65328,540282,4711,103245,5.004650042609952,0.1604361588558056
3175,0.3243,2,25,2,65353,540257,4713,103243,5.004418466782763,0.16043978243978244
3176,0.3244,3,8,3,65361,540249,4716,103240,5.004344362518063,0.16043786296269244
3177,0.3245,3,14,3,65375,540235,4719,103237,5.0042146800548375,0.16043743939130217
3178,0.3246,1,6,1,65381,540229,4720,103236,5.004159101856311,0.16043763064036118
3179,0.3247,3,58,3,65439,540171,4723,103233,5.003621845937234,0.16044817874927728
3180,0.3248,1,29,1,65468,540142,4724,103232,5.003353217977694,0.16045410600987917
3181,0.3249,0,22,0,65490,540120,4724,103232,5.003149431249769,0.16045959288227907
3182,0.325,1,22,1,65512,540098,4725,103231,5.0029456445218425,0.16046377514459942
3183,0.3251,1,17,1,65529,540081,4726,103230,5.002788172959354,0.1604667105023853
3184,0.3252,2,49,2,65578,540032,4728,103228,5.002334284338064,0.16047632372602058
3185,0.3253,2,30,2,65608,540002,4730,103226,5.002056393345437,0.16048119795780033
3186,0.3254,3,36,3,65644,539966,4733,103223,5.001722924154285,0.1604862645349967
3187,0.3255,2,39,2,65683,539927,4735,103221,5.001361665863871,0.16049338565928836
3188,0.3256,1,17,1,65700,539910,4736,103220,5.001204194301382,0.1604963226719326
3189,0.3257,1,12,1,65712,539898,4737,103219,5.001093037904331,0.16049801202580558
3190,0.3258,2,20,2,65732,539878,4739,103217,5.00090777724258,0.16050039263250376
3191,0.3259,5,15,5,65747,539863,4744,103212,5.000768831746267,0.160497609143568
3192,0.326,5,26,5,65773,539837,4749,103207,5.00052799288599,0.1604975709282724
3193,0.3261,1,21,1,65794,539816,4750,103206,5.000333469191152,0.16050150694688517
3194,0.3262,0,20,0,65814,539796,4750,103206,5.000148208529401,0.16050649920217977
3195,0.3263,2,11,2,65825,539785,4752,103204,5.000046315165438,0.1605066338615435
3196,0.3264,5,35,5,65860,539750,4757,103199,4.999722109007373,0.16050884284756645
3197,0.3265,2,56,2,65916,539694,4759,103197,4.99920337915447,0.16052021260213628
3198,0.3266,1,30,1,65946,539664,4760,103196,4.998925488161844,0.16052639766045484
3199,0.3267,2,18,2,65964,539646,4762,103194,4.998758753566268,0.16052828075415346
3200,0.3268,1,20,1,65984,539626,4763,103193,4.998573492904517,0.16053196934129202
3201,0.3269,1,34,1,66018,539592,4764,103192,4.99825854977954,0.16053915467715438
3202,0.327,1,10,1,66028,539582,4765,103191,4.998165919448664,0.16054034628087988
3203,0.3271,0,16,0,66044,539566,4765,103191,4.998017710919264,0.16054434257425435
3204,0.3272,3,31,3,66075,539535,4768,103188,4.997730556893549,0.16054816771766375
3205,0.3273,2,24,2,66099,539511,4770,103186,4.997508244099448,0.1605515507307487
3206,0.3274,1,21,1,66120,539490,4771,103185,4.997313720404609,0.16055549072237135
3207,0.3275,2,32,2,66152,539458,4773,103183,4.997017303345808,0.16056087302241842
3208,0.3276,0,44,0,66196,539414,4773,103183,4.996609729889955,0.16057186697105652
3209,0.3277,1,45,1,66241,539369,4774,103182,4.996192893401015,0.16058180595781502
3210,0.3278,6,72,6,66313,539297,4780,103176,4.995525955018711,0.1605919626194408
3211,0.3279,1,62,1,66375,539235,4781,103175,4.994951646967283,0.16060615494777478
3212,0.328,1,18,1,66393,539217,4782,103174,4.994784912371707,0.16060934851204328
3213,0.3281,2,15,2,66408,539202,4784,103172,4.994645966875393,0.16061048548042106
3214,0.3282,1,19,1,66427,539183,4785,103171,4.9944699692467305,0.1606139293909589
3215,0.3283,1,14,1,66441,539169,4786,103170,4.994340286783505,0.16061612326201585
3216,0.3284,0,10,0,66451,539159,4786,103170,4.994247656452629,0.1606186237893665
3217,0.3285,1,15,1,66466,539144,4787,103169,4.994108710956316,0.16062106792171418
3218,0.3286,1,17,1,66483,539127,4788,103168,4.9939512393938275,0.16062401233078258
3219,0.3287,0,41,0,66524,539086,4788,103168,4.993571455037237,0.1606342661937489
3220,0.3288,2,28,2,66552,539058,4790,103166,4.993312090110786,0.1606386556715414
3221,0.3289,1,7,1,66559,539051,4791,103165,4.993247248879173,0.16063909961757414
3222,0.329,5,41,5,66600,539010,4796,103160,4.9928674645225835,0.16064282043695594
3223,0.3291,4,35,4,66635,538975,4800,103156,4.992543258364519,0.16064634786359794
3224,0.3292,1,14,1,66649,538961,4801,103155,4.992413575901293,0.1606485432538669
3225,0.3293,1,14,1,66663,538947,4802,103154,4.992283893438067,0.16065073874670807
3226,0.3294,2,14,2,66677,538933,4804,103152,4.992154210974841,0.1606516271210198
3227,0.3295,1,22,1,66699,538911,4805,103151,4.991950424246915,0.16065582451538948
3228,0.3296,0,20,0,66719,538891,4805,103151,4.991765163585164,0.1606608290423368
3229,0.3297,2,5,2,66724,538886,4807,103149,4.991718848419726,0.16065946560545766
3230,0.3298,0,14,0,66738,538872,4807,103149,4.9915891659565,0.1606629689683048
3231,0.3299,2,32,2,66770,538840,4809,103147,4.991292748897699,0.16066836244347626
3232,0.33,1,16,1,66786,538824,4810,103146,4.991144540368298,0.16067105939529885
3233,0.3301,0,15,0,66801,538809,4810,103146,4.991005594871985,0.16067481365516276
3234,0.3302,2,30,2,66831,538779,4812,103144,4.990727703879358,0.1606797076907978
3235,0.3303,2,26,2,66857,538753,4814,103142,4.990486865019082,0.1606836009004588
3236,0.3304,4,36,4,66893,538717,4818,103138,4.99015339582793,0.16068738266430893
3237,0.3305,5,27,5,66920,538690,4823,103133,4.9899032939345656,0.16068760390325681
3238,0.3306,4,32,4,66952,538658,4827,103129,4.989606876875764,0.16069038481614617
3239,0.3307,0,19,0,66971,538639,4827,103129,4.9894308792471005,0.16069514216975606
3240,0.3308,4,20,4,66991,538619,4831,103125,4.9892456185853495,0.16069491884614426
3241,0.3309,1,22,1,67013,538597,4832,103124,4.989041831857423,0.1606991200225643
3242,0.331,1,17,1,67030,538580,4833,103123,4.988884360294935,0.16070206933737258
3243,0.3311,1,15,1,67045,538565,4834,103122,4.988745414798622,0.16070451793475635
3244,0.3312,3,23,3,67068,538542,4837,103119,4.988532365037608,0.16070635428988203
3245,0.3313,5,14,5,67082,538528,4842,103114,4.988402682574383,0.16070332054323128
3246,0.3314,4,18,4,67100,538510,4846,103110,4.988235947978806,0.16070259655247654
3247,0.3315,4,78,4,67178,538432,4850,103106,4.987513431397977,0.16071690219441404
3248,0.3316,1,14,1,67192,538418,4851,103105,4.987383748934751,0.1607191012637115
3249,0.3317,4,45,4,67237,538373,4855,103101,4.986966912445811,0.16072514240639527
3250,0.3318,0,28,0,67265,538345,4855,103101,4.98670754751936,0.16073215827988638
3251,0.3319,3,47,3,67312,538298,4858,103098,4.986272184964244,0.16074001085133052
3252,0.332,1,8,1,67320,538290,4859,103097,4.986198080699544,0.16074070724850986
3253,0.3321,3,5,3,67325,538285,4862,103094,4.986151765534107,0.16073803476571574
3254,0.3322,2,8,2,67333,538277,4864,103092,4.986077661269406,0.1607374226069548
3255,0.3323,5,23,5,67356,538254,4869,103087,4.985864611508393,0.16073664400061746
3256,0.3324,4,53,4,67409,538201,4873,103083,4.985373670754752,0.1607446934587484
3257,0.3325,1,16,1,67425,538185,4874,103082,4.985225462225351,0.1607473953906875
3258,0.3326,1,6,1,67431,538179,4875,103081,4.985169884026826,0.16074759068084707
3259,0.3327,1,15,1,67446,538164,4876,103080,4.985030938530512,0.16075004210565713
3260,0.3328,1,14,1,67460,538150,4877,103079,4.984901256067286,0.16075224295844387
3261,0.3329,0,11,0,67471,538139,4877,103079,4.984799362703323,0.16075500063940812
3262,0.333,3,10,3,67481,538129,4880,103076,4.984706732372448,0.1607535811479948
3263,0.3331,0,11,0,67492,538118,4880,103076,4.984604839008485,0.16075633895513683
3264,0.3332,2,34,2,67526,538084,4882,103074,4.984289895883508,0.16076224581148485
3265,0.3333,3,31,3,67557,538053,4885,103071,4.984002741857794,0.16076609205083572
3266,0.3334,2,4,2,67561,538049,4887,103069,4.983965689725443,0.16076447705414604
3267,0.3335,0,23,0,67584,538026,4887,103069,4.98375263996443,0.16077024465952783
3268,0.3336,0,41,0,67625,537985,4887,103069,4.98337285560784,0.16078052706948245
3269,0.3337,0,15,0,67640,537970,4887,103069,4.983233910111527,0.1607842892554119
3270,0.3338,0,27,0,67667,537943,4887,103069,4.982983808218163,0.16079106163379156
3271,0.3339,6,18,6,67685,537925,4893,103063,4.982817073622587,0.16078772145500383
3272,0.334,0,48,0,67733,537877,4893,103063,4.9823724480343845,0.16079976284831654
3273,0.3341,1,37,1,67770,537840,4894,103062,4.982029715810145,0.16080773659623468
3274,0.3342,2,54,2,67824,537786,4896,103060,4.981529512023417,0.16081866782347085
3275,0.3343,2,15,2,67839,537771,4898,103058,4.981390566527104,0.1608198130858622
3276,0.3344,1,17,1,67856,537754,4899,103057,4.981233094964615,0.16082276989627206
3277,0.3345,4,18,4,67874,537736,4903,103053,4.981066360369039,0.1608220490676338
3278,0.3346,5,120,5,67994,537616,4908,103048,4.979954796398533,0.16084562266648353
3279,0.3347,2,11,2,68005,537605,4910,103046,4.97985290303457,0.16084576469872053
3280,0.3348,3,22,3,68027,537583,4913,103043,4.979649116306644,0.16084735867729377
3281,0.3349,1,16,1,68043,537567,4914,103042,4.9795009077772425,0.16085006610896818
3282,0.335,1,45,1,68088,537522,4915,103041,4.979084071288303,0.16086005591955826
3283,0.3351,1,20,1,68108,537502,4916,103040,4.978898810626552,0.1608637684960549
3284,0.3352,2,15,2,68123,537487,4918,103038,4.978759865130238,0.16086491549900472
3285,0.3353,4,28,4,68151,537459,4922,103034,4.978500500203786,0.1608667073644833
3286,0.3354,4,24,4,68175,537435,4926,103030,4.9782781874096855,0.16086749471087414
3287,0.3355,1,21,1,68196,537414,4927,103029,4.9780836637148465,0.16087145928677493
3288,0.3356,3,15,3,68211,537399,4930,103026,4.9779447182185335,0.16087129640473125
3289,0.3357,3,18,3,68229,537381,4933,103023,4.977777983622958,0.16087188712125472
3290,0.3358,2,36,2,68265,537345,4935,103021,4.977444514431806,0.16087831021634502
3291,0.3359,2,19,2,68284,537326,4937,103019,4.977268516803142,0.1608804628754812
3292,0.336,3,44,3,68328,537282,4940,103016,4.9768609433472895,0.1608875867174347
3293,0.3361,0,18,0,68346,537264,4940,103016,4.976694208751714,0.16089210970200538
3294,0.3362,3,31,3,68377,537233,4943,103013,4.976407054726,0.16089596811225684
3295,0.3363,1,9,1,68386,537224,4944,103012,4.976323687428211,0.1608969192610225
3296,0.3364,3,18,3,68404,537206,4947,103009,4.9761569528326355,0.160897510992401
3297,0.3365,5,12,5,68416,537194,4952,103004,4.976045796435585,0.16089397342697104
3298,0.3366,3,35,3,68451,537159,4955,103001,4.97572159027752,0.16089883779055236
3299,0.3367,3,26,3,68477,537133,4958,102998,4.975480751417244,0.16090144048640043
3300,0.3368,1,17,1,68494,537116,4959,102997,4.975323279854756,0.16090440281637775
3301,0.3369,2,42,2,68536,537074,4961,102995,4.9749342324650785,0.16091233913843664
3302,0.337,3,32,3,68568,537042,4964,102992,4.974637815406276,0.16091645131352397
3303,0.3371,2,66,2,68634,536976,4966,102990,4.974026455222498,0.1609304244287978
3304,0.3372,3,35,3,68669,536941,4969,102987,4.973702249064433,0.16093529272043106
3305,0.3373,3,47,3,68716,536894,4972,102984,4.973266886509319,0.16094317979364817
3306,0.3374,3,23,3,68739,536871,4975,102981,4.973053836748305,0.16094503103842764
3307,0.3375,4,22,4,68761,536849,4979,102977,4.972850050020378,0.16094531950874144
3308,0.3376,1,49,1,68810,536800,4980,102976,4.972396161399089,0.160956334717151
3309,0.3377,0,56,0,68866,536744,4980,102976,4.9718774315461856,0.16097042456074534
3310,0.3378,5,26,5,68892,536718,4985,102971,4.971636592685909,0.1609704090581517
3311,0.3379,2,19,2,68911,536699,4987,102969,4.971460595057246,0.16097256701914117
3312,0.338,1,23,1,68934,536676,4988,102968,4.971247545296232,0.16097704348043598
3313,0.3381,2,18,2,68952,536658,4990,102966,4.971080810700656,0.16097895013320326
3314,0.3382,4,35,4,68987,536623,4994,102962,4.970756604542592,0.16098251209768835
3315,0.3383,1,11,1,68998,536612,4995,102961,4.970654711178629,0.16098396899181172
3316,0.3384,2,35,2,69033,536577,4997,102959,4.970330505020564,0.16099015536263792
3317,0.3385,0,40,0,69073,536537,4997,102959,4.969959983697062,0.16100022517732715
3318,0.3386,3,29,3,69102,536508,5000,102956,4.969691355737523,0.16100359050704965
3319,0.3387,2,11,2,69113,536497,5002,102954,4.96958946237356,0.16100373601730233
3320,0.3388,2,32,2,69145,536465,5004,102952,4.969293045314758,0.16100916929015024
3321,0.3389,0,18,0,69163,536447,5004,102952,4.969126310719182,0.16101370192946815
3322,0.339,2,29,2,69192,536418,5006,102950,4.9688576827596425,0.16101838065089275
3323,0.3391,3,18,3,69210,536400,5009,102947,4.968690948164067,0.16101897717514901
3324,0.3392,5,43,5,69253,536357,5014,102942,4.968292637741302,0.16102324577388671
3325,0.3393,1,10,1,69263,536347,5015,102941,4.9682000074104264,0.16102445220307593
3326,0.3394,1,31,1,69294,536316,5016,102940,4.967912853384712,0.1610309484776052
3327,0.3395,0,14,0,69308,536302,5016,102940,4.967783170921487,0.1610344752065728
3328,0.3396,2,18,2,69326,536284,5018,102938,4.967616436325911,0.16103638485533978
3329,0.3397,1,25,1,69351,536259,5019,102937,4.967384860498722,0.16104137072196947
3330,0.3398,6,14,6,69365,536245,5025,102931,4.967255178035496,0.16103702266668335
3331,0.3399,2,15,2,69380,536230,5027,102929,4.967116232539182,0.16103817672910808
3332,0.34,2,31,2,69411,536199,5029,102927,4.966829078513468,0.1610433623416979
3333,0.3401,5,34,5,69445,536165,5034,102922,4.966514135388492,0.16104536628033428
3334,0.3402,0,16,0,69461,536149,5034,102922,4.9663659268590905,0.16104939826717218
3335,0.3403,3,48,3,69509,536101,5037,102919,4.965921301270888,0.1610575568839786
3336,0.3404,2,18,2,69527,536083,5039,102917,4.9657545666753125,0.16105946791862286
3337,0.3405,0,10,0,69537,536073,5039,102917,4.9656619363444365,0.16106198845052347
3338,0.3406,4,18,4,69555,536055,5043,102913,4.965495201748861,0.16106127380400898
3339,0.3407,2,30,2,69585,536025,5045,102911,4.965217310756234,0.16106621007424843
3340,0.3408,4,27,4,69612,535998,5049,102907,4.96496720886287,0.16106776437811568
3341,0.3409,0,28,0,69640,535970,5049,102907,4.964707843936418,0.16107482347932386
3342,0.341,5,29,5,69669,535941,5054,102902,4.9644392159768795,0.1610755694278563
3343,0.3411,1,24,1,69693,535917,5055,102901,4.964216903182778,0.161080307693271
3344,0.3412,2,68,2,69761,535849,5057,102899,4.9635870169328244,0.16109482925973936
3345,0.3413,2,36,2,69797,535813,5059,102897,4.963253547741672,0.16110128227207965
3346,0.3414,0,16,0,69813,535797,5059,102897,4.963105339212271,0.1611053180396246
3347,0.3415,5,29,5,69842,535768,5064,102892,4.9628367112527325,0.16110606582532178
3348,0.3416,1,15,1,69857,535753,5065,102891,4.9626977657564195,0.16110853621109728
3349,0.3417,2,9,2,69866,535744,5067,102889,4.962614398458632,0.1611081795021554
3350,0.3418,1,23,1,69889,535721,5068,102888,4.962401348697617,0.16111266831504098
3351,0.3419,4,10,4,69899,535711,5072,102884,4.962308718366742,0.16110993665781911
3352,0.342,2,54,2,69953,535657,5074,102882,4.961808514580014,0.16112093388187723
3353,0.3421,2,21,2,69974,535636,5076,102880,4.9616139908851755,0.16112360535992834
3354,0.3422,4,39,4,70013,535597,5080,102876,4.961252732594761,0.16112819179511115
3355,0.3423,1,11,1,70024,535586,5081,102875,4.961150839230798,0.16112965396476842
3356,0.3424,1,24,1,70048,535562,5082,102874,4.960928526436696,0.16113439718311623
3357,0.3425,3,50,3,70098,535512,5085,102871,4.960465374782319,0.16114307555182392
3358,0.3426,6,26,6,70124,535486,5091,102865,4.960224535922042,0.161141754301317
3359,0.3427,1,10,1,70134,535476,5092,102864,4.960131905591167,0.16114296456433874
3360,0.3428,2,18,2,70152,535458,5094,102862,4.9599651709955905,0.1611448803108159
3361,0.3429,1,17,1,70169,535441,5095,102861,4.959807699433102,0.16114785791051883
3362,0.343,0,59,0,70228,535382,5095,102861,4.959261180480937,0.16116275462480592
3363,0.3431,1,18,1,70246,535364,5096,102860,4.959094445885361,0.16116598561006795
3364,0.3432,1,11,1,70257,535353,5097,102859,4.958992552521398,0.16116744906081365
3365,0.3433,3,24,3,70281,535329,5100,102856,4.958770239727296,0.16116956681839906
3366,0.3434,4,34,4,70315,535295,5104,102852,4.958455296602319,0.16117289590016093
3367,0.3435,3,10,3,70325,535285,5107,102849,4.9583626662714435,0.1611714780908085
3368,0.3436,1,23,1,70348,535262,5108,102848,4.95814961651043,0.16117597279465923
3369,0.3437,3,47,3,70395,535215,5111,102845,4.957714253955315,0.16118390120051407
3370,0.3438,1,18,1,70413,535197,5112,102844,4.957547519359739,0.161187133742189
3371,0.3439,1,10,1,70423,535187,5113,102843,4.957454889028863,0.1611883453756093
3372,0.344,2,53,2,70476,535134,5115,102841,4.956963948275223,0.16119910654806222
3373,0.3441,1,10,1,70486,535124,5116,102840,4.956871317944348,0.16120031851327035
3374,0.3442,0,16,0,70502,535108,5116,102840,4.956723109414947,0.1612043614840081
3375,0.3443,4,48,4,70550,535060,5120,102836,4.956278483826744,0.1612112319249533
3376,0.3444,2,32,2,70582,535028,5122,102834,4.955982066767943,0.1612166895033722
3377,0.3445,1,35,1,70617,534993,5123,102833,4.955657860609878,0.161224221025797
3378,0.3446,2,44,2,70661,534949,5125,102831,4.955250287154025,0.16123271347486595
3379,0.3447,2,28,2,70689,534921,5127,102829,4.954990922227574,0.16123716189729517
3380,0.3448,4,16,4,70705,534905,5131,102825,4.954842713698174,0.16123594624684429
3381,0.3449,1,23,1,70728,534882,5132,102824,4.954629663937159,0.1612404462244357
3382,0.345,3,53,3,70781,534829,5135,102821,4.954138723183519,0.16124990198384695
3383,0.3451,0,25,0,70806,534804,5135,102821,4.953907147356331,0.16125622426975103
3384,0.3452,3,59,3,70865,534745,5138,102818,4.953360628404164,0.1612672002609938
3385,0.3453,1,30,1,70895,534715,5139,102817,4.953082737411538,0.16127347333153474
3386,0.3454,2,13,2,70908,534702,5141,102815,4.9529623179814,0.1612741307290629
3387,0.3455,0,15,0,70923,534687,5141,102815,4.952823372485087,0.16127792540258698
3388,0.3456,1,33,1,70956,534654,5142,102814,4.952517692393197,0.16128495861753062
3389,0.3457,2,17,2,70973,534637,5144,102812,4.952360220830709,0.16128662842046973
3390,0.3458,2,14,2,70987,534623,5146,102810,4.952230538367483,0.1612875392394181
3391,0.3459,2,21,2,71008,534602,5148,102808,4.952036014672644,0.1612902213645848
3392,0.346,2,20,2,71028,534582,5150,102806,4.951850754010893,0.16129265063038525
3393,0.3461,1,30,1,71058,534552,5151,102805,4.951572863018266,0.16129892666119616
3394,0.3462,3,32,3,71090,534520,5154,102802,4.951276445959465,0.16130307756518683
3395,0.3463,6,40,6,71130,534480,5160,102796,4.950905924635963,0.1613053057074172
3396,0.3464,2,22,2,71152,534458,5162,102794,4.950702137908037,0.1613082422652263
3397,0.3465,4,19,4,71171,534439,5166,102790,4.950526140279373,0.16130778731037038
3398,0.3466,5,32,5,71203,534407,5171,102785,4.950229723220572,0.1613093070848347
3399,0.3467,2,36,2,71239,534371,5173,102783,4.94989625402942,0.16131578864764248
3400,0.3468,5,14,5,71253,534357,5178,102778,4.949766571566194,0.16131275161464995
3401,0.3469,0,41,0,71294,534316,5178,102778,4.949386787209604,0.16132313285009747
3402,0.347,1,19,1,71313,534297,5179,102777,4.94921078958094,0.16132662767590578
3403,0.3471,2,10,2,71323,534287,5181,102775,4.949118159250065,0.16132652708841524
3404,0.3472,1,31,1,71354,534256,5182,102774,4.948831005224351,0.16133306123730437
3405,0.3473,2,15,2,71369,534241,5184,102772,4.948692059728037,0.16133422708798723
3406,0.3474,3,83,3,71452,534158,5187,102769,4.947923227981771,0.16135130085551405
3407,0.3475,2,17,2,71469,534141,5189,102767,4.947765756419282,0.1613529740559076
3408,0.3476,0,20,0,71489,534121,5189,102767,4.9475804957575304,0.16135804097423723
3409,0.3477,4,33,4,71522,534088,5193,102763,4.947274815665642,0.16136113470811855
3410,0.3478,3,40,3,71562,534048,5196,102760,4.946904294342139,0.16136731950603636
3411,0.3479,2,24,2,71586,534024,5198,102758,4.946681981548038,0.16137076738978173
3412,0.348,3,16,3,71602,534008,5201,102755,4.946533773018637,0.16137087110903114
3413,0.3481,1,17,1,71619,533991,5202,102754,4.946376301456149,0.16137386237818907
3414,0.3482,2,25,2,71644,533966,5204,102752,4.94614472562896,0.16137756432203895
3415,0.3483,1,15,1,71659,533951,5205,102751,4.946005780132647,0.16138004906533984
3416,0.3484,3,21,3,71680,533930,5208,102748,4.945811256437808,0.16138142043544776
3417,0.3485,3,8,3,71688,533922,5211,102745,4.945737152173107,0.16137949665994938
3418,0.3486,2,50,2,71738,533872,5213,102743,4.9452740005187295,0.16138953684723106
3419,0.3487,2,18,2,71756,533854,5215,102741,4.945107265923154,0.16139146553146036
3420,0.3488,4,17,4,71773,533837,5219,102737,4.9449497943606655,0.16139050605271343
3421,0.3489,4,42,4,71815,533795,5223,102733,4.944560746970988,0.1613958851770857
3422,0.349,4,79,4,71894,533716,5227,102729,4.943828967357072,0.16141064820997886
3423,0.3491,5,48,5,71942,533668,5232,102724,4.943384341768869,0.1614162340192837
3424,0.3492,2,64,2,72006,533604,5234,102722,4.942791507651266,0.16142983313584547
3425,0.3493,2,26,2,72032,533578,5236,102720,4.942550668790989,0.16143379359985416
3426,0.3494,3,20,3,72052,533558,5239,102717,4.942365408129238,0.16143491414875644
3427,0.3495,1,21,1,72073,533537,5240,102716,4.9421708844343994,0.16143892445300848
3428,0.3496,1,6,1,72079,533531,5241,102715,4.942115306235874,0.16143912889039774
3429,0.3497,5,28,5,72107,533503,5246,102710,4.941855941309423,0.1614396436413591
3430,0.3498,1,22,1,72129,533481,5247,102709,4.941652154581496,0.1614439082663984
3431,0.3499,0,11,0,72140,533470,5247,102709,4.941550261217533,0.16144669974959877
3432,0.35,4,23,4,72163,533447,5251,102705,4.94133721145652,0.16144726417585734
3433,0.3501,0,8,0,72171,533439,5251,102705,4.941263107191819,0.16144929449935863
3434,0.3502,1,26,1,72197,533413,5252,102704,4.941022268331542,0.16145457518035206
3435,0.3503,4,16,4,72213,533397,5256,102700,4.940874059802142,0.1614533632449139
3436,0.3504,0,9,0,72222,533388,5256,102700,4.940790692504353,0.16145564764623763
3437,0.3505,1,18,1,72240,533370,5257,102699,4.940623957908778,0.16145889832706828
3438,0.3506,1,22,1,72262,533348,5258,102698,4.940420171180851,0.16146316461388013
3439,0.3507,1,20,1,72282,533328,5259,102697,4.9402349105191,0.1614669234699894
3440,0.3508,1,23,1,72305,533305,5260,102696,4.940021860758087,0.16147144422728896
3441,0.3509,4,30,4,72335,533275,5264,102692,4.93974396976546,0.1614737871619125
3442,0.351,1,40,1,72375,533235,5265,102691,4.939373448441958,0.16148262533691027
3443,0.3511,2,22,2,72397,533213,5267,102689,4.939169661714032,0.16148557482127748
3444,0.3512,2,13,2,72410,533200,5269,102687,4.939049242283893,0.16148623890722721
3445,0.3513,1,8,1,72418,533192,5270,102686,4.938975138019193,0.1614869518995782
3446,0.3514,2,29,2,72447,533163,5272,102684,4.938706510059654,0.16149167960216845
3447,0.3515,2,65,2,72512,533098,5274,102682,4.938104412908963,0.16150555223504987
3448,0.3516,3,11,3,72523,533087,5277,102679,4.938002519545,0.1615043899799612
3449,0.3517,1,32,1,72555,533055,5278,102678,4.937706102486198,0.16151120045679554
3450,0.3518,2,23,2,72578,533032,5280,102676,4.937493052725184,0.16151440598513783
3451,0.3519,5,47,5,72625,532985,5285,102671,4.937057690170069,0.16151975282228123
3452,0.352,0,16,0,72641,532969,5285,102671,4.936909481640669,0.16152381851362407
3453,0.3521,1,38,1,72679,532931,5286,102670,4.936557486383341,0.1615321561797417
3454,0.3522,4,23,4,72702,532908,5290,102666,4.936344436622328,0.16153272474959643
3455,0.3523,3,9,3,72711,532899,5293,102663,4.93626106932454,0.1615310544053924
3456,0.3524,1,12,1,72723,532887,5294,102662,4.936149912927489,0.16153278504096458
3457,0.3525,2,15,2,72738,532872,5296,102660,4.936010967431176,0.16153395895092615
3458,0.3526,5,44,5,72782,532828,5301,102655,4.935603393975323,0.16153854627110403
3459,0.3527,2,25,2,72807,532803,5303,102653,4.935371818148134,0.16154226256420587
3460,0.3528,4,55,4,72862,532748,5307,102649,4.934862351328319,0.161550967347973
3461,0.3529,2,25,2,72887,532723,5309,102647,4.93463077550113,0.16155468467192344
3462,0.353,2,47,2,72934,532676,5311,102645,4.934195412946015,0.16156399678272873
3463,0.3531,3,29,3,72963,532647,5314,102642,4.933926784986476,0.1615674126263795
3464,0.3532,0,10,0,72973,532637,5314,102642,4.9338341546556,0.16156995587765374
3465,0.3533,1,15,1,72988,532622,5315,102641,4.933695209159287,0.16157245109505827
3466,0.3534,0,19,0,73007,532603,5315,102641,4.933519211530624,0.16157728368941698
3467,0.3535,2,23,2,73030,532580,5317,102639,4.93330616176961,0.16158049428622254
3468,0.3536,1,22,1,73052,532558,5318,102638,4.933102375041684,0.16158477068495394
3469,0.3537,1,27,1,73079,532531,5319,102637,4.9328522731483195,0.16159031941155727
3470,0.3538,1,15,1,73094,532516,5320,102636,4.9327133276520065,0.16159281557800337
3471,0.3539,0,15,0,73109,532501,5320,102636,4.932574382155693,0.16159663190776163
3472,0.354,4,27,4,73136,532474,5324,102632,4.932324280262329,0.1615982213992625
3473,0.3541,2,23,2,73159,532451,5326,102630,4.932111230501316,0.16160143351792922
3474,0.3542,0,16,0,73175,532435,5326,102630,4.931963021971915,0.16160550494831238
3475,0.3543,3,39,3,73214,532396,5329,102627,4.9316017636815,0.1616114691908797
3476,0.3544,2,44,2,73258,532352,5331,102625,4.931194190225647,0.1616200271820869
3477,0.3545,4,16,4,73274,532336,5335,102621,4.931045981696246,0.16161881828218289
3478,0.3546,6,77,6,73351,532259,5341,102615,4.930332728148505,0.16163049675998703
3479,0.3547,1,25,1,73376,532234,5342,102614,4.930101152321316,0.1616355411059025
3480,0.3548,0,5,0,73381,532229,5342,102614,4.930054837155878,0.16163681414144915
3481,0.3549,5,16,5,73397,532213,5347,102609,4.929906628626478,0.16163428488615705
3482,0.355,4,36,4,73433,532177,5351,102605,4.929573159435326,0.16163816869413436
3483,0.3551,2,16,2,73449,532161,5353,102603,4.929424950905925,0.1616396014896875
3484,0.3552,2,17,2,73466,532144,5355,102601,4.929267479343436,0.1616412890215756
3485,0.3553,8,28,8,73494,532116,5363,102593,4.929008114416985,0.16163785293733032
3486,0.3554,2,18,2,73512,532098,5365,102591,4.928841379821408,0.1616397952382978
3487,0.3555,0,17,0,73529,532081,5365,102591,4.92868390825892,0.16164412483928706
3488,0.3556,0,13,0,73542,532068,5365,102591,4.928563488828782,0.16164743586713495
3489,0.3557,2,53,2,73595,532015,5367,102589,4.928072548075142,0.16165829399121343
3490,0.3558,3,38,3,73633,531977,5370,102586,4.9277205528178145,0.16166401129596272
3491,0.3559,1,18,1,73651,531959,5371,102585,4.927553818222239,0.1616672760281399
3492,0.356,2,31,2,73682,531928,5373,102583,4.927266664196525,0.16167253207588206
3493,0.3561,1,20,1,73702,531908,5374,102582,4.927081403534774,0.16167630695519236
3494,0.3562,3,28,3,73730,531880,5377,102579,4.926822038608322,0.16167947810654432
3495,0.3563,3,14,3,73744,531866,5380,102576,4.926692356145096,0.16167908177579668
3496,0.3564,0,17,0,73761,531849,5380,102576,4.926534884582607,0.16168341411514364
3497,0.3565,1,8,1,73769,531841,5381,102575,4.926460780317908,0.16168413154775416
3498,0.3566,2,13,2,73782,531828,5383,102573,4.926340360887769,0.1616848018839819
3499,0.3567,2,8,2,73790,531820,5385,102571,4.926266256623069,0.1616841979157964
3500,0.3568,2,16,2,73806,531804,5387,102569,4.9261180480936675,0.16168563290051752
3501,0.3569,1,22,1,73828,531782,5388,102568,4.925914261365741,0.16168991881453457
3502,0.357,3,42,3,73870,531740,5391,102565,4.925525213976064,0.1616966601240728
3503,0.3571,1,40,1,73910,531700,5392,102564,4.925154692652562,0.1617055358651918
3504,0.3572,4,20,4,73930,531680,5396,102560,4.924969431990811,0.16170534813319878
3505,0.3573,3,11,3,73941,531669,5399,102557,4.924867538626848,0.1617041874662975
3506,0.3574,3,20,3,73961,531649,5402,102554,4.924682277965097,0.16170532148223835
3507,0.3575,1,20,1,73981,531629,5403,102553,4.924497017303346,0.16170909928064814
3508,0.3576,0,21,0,74002,531608,5403,102553,4.924302493608507,0.16171445421588523
3509,0.3577,4,85,4,74087,531523,5407,102549,4.923515135796065,0.16173084444668745
3510,0.3578,3,34,3,74121,531489,5410,102546,4.923200192671088,0.1617355508765289
3511,0.3579,5,35,5,74156,531454,5415,102541,4.922875986513024,0.1617378685951782
3512,0.358,3,28,3,74184,531426,5418,102538,4.922616621586572,0.16174104523285235
3513,0.3581,1,21,1,74205,531405,5419,102537,4.922422097891734,0.16174508078026065
3514,0.3582,2,17,2,74222,531388,5421,102535,4.9222646263292456,0.16174677366178541
3515,0.3583,1,16,1,74238,531372,5422,102534,4.922116417799844,0.1617495338425571
3516,0.3584,2,12,2,74250,531360,5424,102532,4.922005261402794,0.16174995109577026
3517,0.3585,3,32,3,74282,531328,5427,102529,4.921708844343992,0.16175414959525572
3518,0.3586,5,33,5,74315,531295,5432,102524,4.921403164252102,0.16175595872007623
3519,0.3587,3,20,3,74335,531275,5435,102521,4.921217903590351,0.16175709534298102
3520,0.3588,2,40,2,74375,531235,5437,102519,4.9208473822668495,0.16176465947354968
3521,0.3589,3,9,3,74384,531226,5440,102516,4.920764014969062,0.161762988724118
3522,0.359,0,22,0,74406,531204,5440,102516,4.920560228241135,0.16176860443097899
3523,0.3591,3,24,3,74430,531180,5443,102513,4.920337915447034,0.16177076281417027
3524,0.3592,0,19,0,74449,531161,5443,102513,4.920161917818371,0.16177561332798884
3525,0.3593,4,48,4,74497,531113,5447,102509,4.9197172922301675,0.16178257699385437
3526,0.3594,4,78,4,74575,531035,5451,102505,4.918994775649338,0.16179720301796255
3527,0.3595,1,24,1,74599,531011,5452,102504,4.918772462855237,0.1618020094236127
3528,0.3596,4,47,4,74646,530964,5456,102500,4.918337100300122,0.16180872156902365
3529,0.3597,3,18,3,74664,530946,5459,102497,4.918170365704547,0.16180934985468307
3530,0.3598,1,34,1,74698,530912,5460,102496,4.91785542257957,0.1618167121349904
3531,0.3599,0,13,0,74711,530899,5460,102496,4.917735003149431,0.16182003331254588
3532,0.36,0,42,0,74753,530857,5460,102496,4.917345955759754,0.1618307642025853
3533,0.3601,6,48,6,74801,530809,5466,102490,4.916901330171552,0.1618350889548223
3534,0.3602,0,8,0,74809,530801,5466,102490,4.916827225906851,0.16183713332417482
3535,0.3603,2,53,2,74862,530748,5468,102488,4.916336285153211,0.16184803138166498
3536,0.3604,0,28,0,74890,530720,5468,102488,4.916076920226759,0.16185518818460917
3537,0.3605,6,33,6,74923,530687,5474,102482,4.91577124013487,0.16185568150051566
3538,0.3606,5,31,5,74954,530656,5479,102477,4.9154840861091555,0.16185698739443372
3539,0.3607,3,35,3,74989,530621,5482,102474,4.915159879951092,0.16186196384428878
3540,0.3608,2,15,2,75004,530606,5484,102472,4.915020934454778,0.16186315114409283
3541,0.3609,2,34,2,75038,530572,5486,102470,4.914705991329801,0.16186919667257466
3542,0.361,1,49,1,75087,530523,5487,102469,4.914252102708511,0.16188040291188513
3543,0.3611,4,21,4,75108,530502,5491,102465,4.914057579013672,0.16188047718127485
3544,0.3612,0,13,0,75121,530489,5491,102465,4.913937159583534,0.16188380198245053
3545,0.3613,1,18,1,75139,530471,5492,102464,4.913770424987958,0.1618870816118559
3546,0.3614,1,32,1,75171,530439,5493,102463,4.913474007929156,0.16189394250610678
3547,0.3615,3,14,3,75185,530425,5496,102460,4.91334432546593,0.16189355096107508
3548,0.3616,2,13,2,75198,530412,5498,102458,4.9132239060357925,0.16189422788250352
3549,0.3617,4,40,4,75238,530372,5502,102454,4.912853384712291,0.16189916343513067
3550,0.3618,1,7,1,75245,530365,5503,102453,4.912788543480677,0.16189962990938944
3551,0.3619,0,23,0,75268,530342,5503,102453,4.912575493719664,0.1619055144241026
3552,0.362,0,10,0,75278,530332,5503,102453,4.912482863388788,0.16190807304218652
3553,0.3621,2,10,2,75288,530322,5505,102451,4.912390233057913,0.16190798279951893
3554,0.3622,4,27,4,75315,530295,5509,102447,4.9121401311645485,0.16190959348359996
3555,0.3623,1,15,1,75330,530280,5510,102446,4.9120011856682355,0.1619121072944687
3556,0.3624,1,28,1,75358,530252,5511,102445,4.911741820741784,0.16191794808573456
3557,0.3625,1,4,1,75362,530248,5512,102444,4.911704768609433,0.16191764713320225
3558,0.3626,3,36,3,75398,530212,5515,102441,4.911371299418281,0.16192288663769872
3559,0.3627,2,10,2,75408,530202,5517,102439,4.911278669087406,0.1619227966571879
3560,0.3628,0,23,0,75431,530179,5517,102439,4.911065619326393,0.1619286836605977
3561,0.3629,3,9,3,75440,530170,5520,102436,4.910982252028604,0.16192701302232354
3562,0.363,1,11,1,75451,530159,5521,102435,4.910880358664641,0.16192850390613886
3563,0.3631,1,17,1,75468,530142,5522,102434,4.910722887102152,0.16193153075677863
3564,0.3632,3,7,3,75475,530135,5525,102431,4.91065804587054,0.1619293480838363
3565,0.3633,1,18,1,75493,530117,5526,102430,4.9104913112749635,0.1619326310930255
3566,0.3634,6,68,6,75561,530049,5532,102424,4.90986142502501,0.1619420908086195
3567,0.3635,6,21,6,75582,530028,5538,102418,4.909666901330172,0.1619395173659095
3568,0.3636,4,17,4,75599,530011,5542,102414,4.909509429767684,0.1619385697908843
3569,0.3637,3,11,3,75610,530000,5545,102411,4.90940753640372,0.1619374109558499
3570,0.3638,0,30,0,75640,529970,5545,102411,4.9091296454110935,0.1619450932270261
3571,0.3639,2,43,2,75683,529927,5547,102409,4.908731334988328,0.16195345512512335
3572,0.364,3,9,3,75692,529918,5550,102406,4.90864796769054,0.16195178421189138
3573,0.3641,2,29,2,75721,529889,5552,102404,4.908379339731002,0.16195656127776206
3574,0.3642,3,17,3,75738,529872,5555,102401,4.908221868168513,0.16195693948658255
3575,0.3643,1,18,1,75756,529854,5556,102400,4.908055133572937,0.1619602248463434
3576,0.3644,0,17,0,75773,529837,5556,102400,4.907897662010448,0.16196457973829434
3577,0.3645,3,74,3,75847,529763,5559,102397,4.90721219756197,0.16197956213616807
3578,0.3646,4,28,4,75875,529735,5563,102393,4.906952832635518,0.16198143413992103
3579,0.3647,3,68,3,75943,529667,5566,102390,4.906322946385565,0.16199488337286036
3580,0.3648,3,40,3,75983,529627,5569,102387,4.905952425062062,0.16200115820219171
3581,0.3649,1,27,1,76010,529600,5570,102386,4.905702323168699,0.1620067533141557
3582,0.365,4,36,4,76046,529564,5574,102382,4.905368853977547,0.16201067812756154
3583,0.3651,2,37,2,76083,529527,5576,102380,4.905026121753307,0.16201751207060533
3584,0.3652,7,49,7,76132,529478,5583,102373,4.904572233132017,0.16202079287680166
3585,0.3653,1,11,1,76143,529467,5584,102372,4.904470339768054,0.16202228732319468
3586,0.3654,4,15,4,76158,529452,5588,102368,4.904331394271741,0.16202082871703966
3587,0.3655,3,35,3,76193,529417,5591,102365,4.904007188113676,0.16202582536381221
3588,0.3656,1,26,1,76219,529391,5592,102364,4.9037663492534,0.16203116714549154
3589,0.3657,3,17,3,76236,529374,5595,102361,4.903608877690911,0.16203154803833886
3590,0.3658,2,17,2,76253,529357,5597,102359,4.903451406128423,0.16203325545023398
3591,0.3659,0,15,0,76268,529342,5597,102359,4.903312460632109,0.16203710299651258
3592,0.366,4,15,4,76283,529327,5601,102355,4.903173515135796,0.16203564451733626
3593,0.3661,2,11,2,76294,529316,5603,102353,4.903071621771833,0.16203581306032114
3594,0.3662,2,30,2,76324,529286,5605,102351,4.902793730779206,0.16204085574467614
3595,0.3663,1,9,1,76333,529277,5606,102350,4.902710363481418,0.16204183798349342
3596,0.3664,4,15,4,76348,529262,5610,102346,4.902571417985105,0.16204037947587743
3597,0.3665,2,17,2,76365,529245,5612,102344,4.902413946422617,0.162042087496774
3598,0.3666,2,27,2,76392,529218,5614,102342,4.902163844529253,0.16204636139084172
3599,0.3667,2,15,2,76407,529203,5616,102340,4.90202489903294,0.16204755654009306
3600,0.3668,0,11,0,76418,529192,5616,102340,4.901923005668976,0.16205037907817815
3601,0.3669,3,21,3,76439,529171,5619,102337,4.901728481974137,0.1620517871507566
3602,0.367,2,12,2,76451,529159,5621,102335,4.901617325577087,0.16205221268927336
3603,0.3671,6,45,6,76496,529114,5627,102329,4.901200489088147,0.16205579917743962
3604,0.3672,4,27,4,76523,529087,5631,102325,4.900950387194783,0.16205742051148853
3605,0.3673,6,15,6,76538,529072,5637,102319,4.90081144169847,0.16205330769681545
3606,0.3674,3,20,3,76558,529052,5640,102316,4.900626181036719,0.16205445952281394
3607,0.3675,2,13,2,76571,529039,5642,102314,4.90050576160658,0.16205514189367912
3608,0.3676,2,24,2,76595,529015,5644,102312,4.90028344881248,0.16205864789562302
3609,0.3677,0,14,0,76609,529001,5644,102312,4.900153766349254,0.1620622417089463
3610,0.3678,4,50,4,76659,528951,5648,102308,4.899690614694876,0.16206976851023114
3611,0.3679,3,33,3,76692,528918,5651,102305,4.8993849346029865,0.16207425901781145
3612,0.368,3,28,3,76720,528890,5654,102302,4.899125569676535,0.16207746612758084
3613,0.3681,9,47,9,76767,528843,5663,102293,4.89869020712142,0.16207758708107287
3614,0.3682,2,16,2,76783,528827,5665,102291,4.898541998592019,0.16207904068652773
3615,0.3683,4,33,4,76816,528794,5669,102287,4.89823631850013,0.16208220497844175
3616,0.3684,1,18,1,76834,528776,5670,102286,4.898069583904554,0.16208550031534144
3617,0.3685,3,24,3,76858,528752,5673,102283,4.897847271110453,0.16208768134889506
3618,0.3686,2,43,2,76901,528709,5675,102281,4.897448960687687,0.16209607125311018
3619,0.3687,1,30,1,76931,528679,5676,102280,4.8971710696950606,0.16210245039693547
3620,0.3688,3,18,3,76949,528661,5679,102277,4.897004335099485,0.16210309095346928
3621,0.3689,2,23,2,76972,528638,5681,102275,4.896791285338471,0.16210634429786674
3622,0.369,2,18,2,76990,528620,5683,102273,4.896624550742895,0.16210831313709298
3623,0.3691,1,18,1,77008,528602,5684,102272,4.896457816147319,0.16211161024229878
3624,0.3692,8,43,8,77051,528559,5692,102264,4.896059505724555,0.1621120345960753
3625,0.3693,4,36,4,77087,528523,5696,102260,4.895726036533403,0.16211597332204578
3626,0.3694,2,34,2,77121,528489,5698,102258,4.895411093408426,0.16212205527731405
3627,0.3695,0,11,0,77132,528478,5698,102258,4.895309200044463,0.1621248826767459
3628,0.3696,5,30,5,77162,528448,5703,102253,4.895031309051836,0.16212595191699394
3629,0.3697,4,30,4,77192,528418,5707,102249,4.894753418059209,0.16212834982645358
3630,0.3698,4,17,4,77209,528401,5711,102245,4.894595946496721,0.1621274058663656
3631,0.3699,0,36,0,77245,528365,5711,102245,4.894262477305569,0.1621366613279206
3632,0.37,4,31,4,77276,528334,5715,102241,4.893975323279855,0.1621393172897752
3633,0.3701,3,15,3,77291,528319,5718,102238,4.893836377783542,0.16213918805119917
3634,0.3702,2,32,2,77323,528287,5720,102236,4.893539960724739,0.16214475919197238
3635,0.3703,2,17,2,77340,528270,5722,102234,4.893382489162251,0.16214647329755244
3636,0.3704,2,15,2,77355,528255,5724,102232,4.893243543665938,0.16214767314789996
3637,0.3705,5,22,5,77377,528233,5729,102227,4.893039756938012,0.16214668654633124
3638,0.3706,2,27,2,77404,528206,5731,102225,4.8927896550446475,0.16215097290583744
3639,0.3707,6,46,6,77450,528160,5737,102219,4.89236355552262,0.16215483066536163
3640,0.3708,0,20,0,77470,528140,5737,102219,4.892178294860869,0.16215997550602118
3641,0.3709,1,54,1,77524,528086,5738,102218,4.891678091074142,0.16217253896532466
3642,0.371,4,27,4,77551,528059,5742,102214,4.8914279891807775,0.16217416897122358
3643,0.3711,3,11,3,77562,528048,5745,102211,4.891326095816814,0.1621730114127684
3644,0.3712,1,23,1,77585,528025,5746,102210,4.891113046055801,0.16217760041889137
3645,0.3713,1,20,1,77605,528005,5747,102209,4.89092778539405,0.1621814177406405
3646,0.3714,1,47,1,77652,527958,5748,102208,4.890492422838935,0.16219218428160198
3647,0.3715,2,32,2,77684,527926,5750,102206,4.890196005780132,0.1621977617388103
3648,0.3716,1,18,1,77702,527908,5751,102205,4.890029271184557,0.16220106552316807
3649,0.3717,4,24,4,77726,527884,5755,102201,4.889806958390455,0.16220192513708467
3650,0.3718,2,44,2,77770,527840,5757,102199,4.889399384934603,0.16221059331247747
3651,0.3719,4,13,4,77783,527827,5761,102195,4.889278965504465,0.1622086212862408
3652,0.372,1,20,1,77803,527807,5762,102194,4.889093704842714,0.16221244093263343
3653,0.3721,2,53,2,77856,527754,5764,102192,4.8886027640890735,0.1622234286748388
3654,0.3722,1,12,1,77868,527742,5765,102191,4.888491607692023,0.16222518902803948
3655,0.3723,4,20,4,77888,527722,5769,102187,4.888306347030271,0.16222501980444795
3656,0.3724,2,26,2,77914,527696,5771,102185,4.888065508169995,0.16222905596453932
3657,0.3725,1,23,1,77937,527673,5772,102184,4.8878524584089815,0.16223364986020636
3658,0.3726,4,28,4,77965,527645,5776,102180,4.88759309348253,0.1622355416187036
3659,0.3727,1,20,1,77985,527625,5777,102179,4.887407832820779,0.162239363357489
3660,0.3728,1,11,1,77996,527614,5778,102178,4.887305939456816,0.16224086682587266
3661,0.3729,1,10,1,78006,527604,5779,102177,4.88721330912594,0.16224211273442674
3662,0.373,7,44,7,78050,527560,5786,102170,4.886805735670088,0.16224413637590712
3663,0.3731,1,11,1,78061,527549,5787,102169,4.886703842306125,0.1622456401119231
3664,0.3732,9,42,9,78103,527507,5796,102160,4.886314794916448,0.16224448795950874
3665,0.3733,0,6,0,78109,527501,5796,102160,4.886259216717922,0.16224603397701304
3666,0.3734,1,24,1,78133,527477,5797,102159,4.886036903923821,0.16225088781454683
3667,0.3735,1,33,1,78166,527444,5798,102158,4.8857312238319315,0.16225806144199034
3668,0.3736,4,18,4,78184,527426,5802,102154,4.885564489236356,0.16225737793449602
3669,0.3737,1,22,1,78206,527404,5803,102153,4.88536070250843,0.16226171736633854
3670,0.3738,1,18,1,78224,527386,5804,102152,4.885193967912853,0.162265026098504
3671,0.3739,10,152,10,78376,527234,5814,102142,4.883785986883545,0.16229090400650803
3672,0.374,3,13,3,78389,527221,5817,102139,4.883665567453407,0.1622902631244439
3673,0.3741,4,21,4,78410,527200,5821,102135,4.883471043758568,0.1622903541039351
3674,0.3742,6,125,6,78535,527075,5827,102129,4.882313164622624,0.1623146070272916
3675,0.3743,5,51,5,78586,527024,5832,102124,4.881840749935159,0.16232110727523572
3676,0.3744,4,39,4,78625,526985,5836,102120,4.881479491644744,0.16232584385754364
3677,0.3745,0,10,0,78635,526975,5836,102120,4.881386861313868,0.16232842416487175
3678,0.3746,3,18,3,78653,526957,5839,102117,4.881220126718293,0.16232907416297607
3679,0.3747,5,39,5,78692,526918,5844,102112,4.880858868427878,0.16233248016787752
3680,0.3748,7,16,7,78708,526902,5851,102105,4.880710659898477,0.16232728729568988
3681,0.3749,1,12,1,78720,526890,5852,102104,4.8805995035014265,0.16232905242339354
3682,0.375,0,20,0,78740,526870,5852,102104,4.8804142428396755,0.16233421413285765
3683,0.3751,4,31,4,78771,526839,5856,102100,4.880127088813961,0.16233688799708715
3684,0.3752,3,19,3,78790,526820,5859,102097,4.879951091185298,0.16233779656139044
3685,0.3753,4,28,4,78818,526792,5863,102093,4.879691726258846,0.16233969644688614
3686,0.3754,3,23,3,78841,526769,5866,102090,4.879478676497833,0.16234163779161942
3687,0.3755,2,35,2,78876,526734,5868,102088,4.879154470339768,0.16234800945259548
3688,0.3756,3,22,3,78898,526712,5871,102085,4.8789506836118415,0.1623496931442103
3689,0.3757,1,18,1,78916,526694,5872,102084,4.878783949016266,0.1623530085340136
3690,0.3758,1,52,1,78968,526642,5873,102083,4.878302271295713,0.16236510398027754
3691,0.3759,2,35,2,79003,526607,5875,102081,4.877978065137649,0.1623714783803731
3692,0.376,12,145,12,79148,526462,5887,102069,4.876634925339953,0.16239294481895086
3693,0.3761,7,30,7,79178,526432,5894,102062,4.876357034347326,0.1623913673002447
3694,0.3762,6,27,6,79205,526405,5900,102056,4.876106932453963,0.16239034721327178
3695,0.3763,3,33,3,79238,526372,5903,102053,4.8758012523620735,0.1623948760790866
3696,0.3764,2,11,2,79249,526361,5905,102051,4.87569935899811,0.16239505292706058
3697,0.3765,2,23,2,79272,526338,5907,102049,4.875486309237097,0.16239833096483536
3698,0.3766,4,30,4,79302,526308,5911,102045,4.87520841824447,0.16240075244329222
3699,0.3767,4,26,4,79328,526282,5915,102041,4.874967579384194,0.16240214030045055
3700,0.3768,1,25,1,79353,526257,5916,102040,4.874736003557005,0.16240726917365514
3701,0.3769,4,21,4,79374,526236,5920,102036,4.874541479862166,0.16240736496294597
3702,0.377,2,9,2,79383,526227,5922,102034,4.874458112564378,0.16240702510580793
3703,0.3771,0,9,0,79392,526218,5922,102034,4.87437474526659,0.16240935166143522
3704,0.3772,6,68,6,79460,526150,5928,102028,4.873744859016637,0.1624189322134809
3705,0.3773,4,17,4,79477,526133,5932,102024,4.8735873874541475,0.16241799422755776
3706,0.3774,2,32,2,79509,526101,5934,102022,4.873290970395346,0.16242360174679163
3707,0.3775,1,28,1,79537,526073,5935,102021,4.873031605468895,0.1624295089588501
3708,0.3776,7,59,7,79596,526014,5942,102014,4.872485086516729,0.16243543281509742
3709,0.3777,3,32,3,79628,525982,5945,102011,4.872188669457928,0.16243970872286792
3710,0.3778,6,19,6,79647,525963,5951,102005,4.872012671829264,0.16243662097431716
3711,0.3779,2,24,2,79671,525939,5953,102003,4.871790359035162,0.16244016167098235
3712,0.378,5,57,5,79728,525882,5958,101998,4.871262366149172,0.16244823851691406
3713,0.3781,8,104,8,79832,525778,5966,101990,4.870299010708067,0.16246447732283265
3714,0.3782,6,13,6,79845,525765,5972,101984,4.870178591277928,0.16245983665445904
3715,0.3783,0,9,0,79854,525756,5972,101984,4.87009522398014,0.16246216586484852
3716,0.3784,5,30,5,79884,525726,5977,101979,4.869817332987513,0.16246325901498315
3717,0.3785,5,38,5,79922,525688,5982,101974,4.869465337730186,0.16246642301111108
3718,0.3786,0,17,0,79939,525671,5982,101974,4.869307866167698,0.16247082347505357
3719,0.3787,5,29,5,79968,525642,5987,101969,4.869039238208159,0.1624716583998687
3720,0.3788,3,18,3,79986,525624,5990,101966,4.868872503612583,0.16247231472776813
3721,0.3789,3,42,3,80028,525582,5993,101963,4.868483456222906,0.16247918475965867
3722,0.379,5,42,5,80070,525540,5998,101958,4.868094408833229,0.16248338640123156
3723,0.3791,3,25,3,80095,525515,6001,101955,4.86786283300604,0.16248585589749312
3724,0.3792,5,34,5,80129,525481,6006,101950,4.867547889881062,0.16248798672682732
3725,0.3793,3,29,3,80158,525452,6009,101947,4.8672792619215235,0.16249149265459462
3726,0.3794,3,35,3,80193,525417,6012,101944,4.8669550557634595,0.16249655302130672
3727,0.3795,2,20,2,80213,525397,6014,101942,4.866769795101708,0.16249906350473986
3728,0.3796,1,46,1,80259,525351,6015,101941,4.866343695579681,0.16250964463120843
3729,0.3797,1,38,1,80297,525313,6016,101940,4.865991700322353,0.16251815455645488
3730,0.3798,3,13,3,80310,525300,6019,101937,4.8658712808922155,0.16251751730207242
3731,0.3799,1,22,1,80332,525278,6020,101936,4.865667494164289,0.16252188248349048
3732,0.38,5,29,5,80361,525249,6025,101931,4.8653988662047505,0.1625227207500239
3733,0.3801,8,38,8,80399,525211,6033,101923,4.865046870947423,0.16252188527491732
3734,0.3802,2,20,2,80419,525191,6035,101921,4.864861610285672,0.16252439755577952
3735,0.3803,3,29,3,80448,525162,6038,101918,4.8645929823261325,0.16252790712508772
3736,0.3804,1,23,1,80471,525139,6039,101917,4.864379932565119,0.1625325329795106
3737,0.3805,2,17,2,80488,525122,6041,101915,4.864222461002631,0.1625342683127152
3738,0.3806,0,16,0,80504,525106,6041,101915,4.864074252473229,0.16253841577873787
3739,0.3807,1,5,1,80509,525101,6042,101914,4.864027937307792,0.16253837627488976
3740,0.3808,2,21,2,80530,525080,6044,101912,4.863833413612953,0.16254114885038407
3741,0.3809,2,11,2,80541,525069,6046,101910,4.86373152024899,0.1625413291354256
3742,0.381,6,36,6,80577,525033,6052,101904,4.863398051057838,0.1625426478258581
3743,0.3811,1,10,1,80587,525023,6053,101903,4.863305420726963,0.1625439047032664
3744,0.3812,2,32,2,80619,524991,6055,101901,4.863009003668161,0.1625495300625945
3745,0.3813,1,17,1,80636,524974,6056,101900,4.8628515321056724,0.16255260227733165
3746,0.3814,1,11,1,80647,524963,6057,101899,4.862749638741709,0.16255411876936232
3747,0.3815,3,44,3,80691,524919,6060,101896,4.8623420652858576,0.16256152134202276
3748,0.3816,1,8,1,80699,524911,6061,101895,4.862267961021157,0.1625622600932346
3749,0.3817,2,19,2,80718,524892,6063,101893,4.862091963392493,0.16256451574303787
3750,0.3818,2,8,2,80726,524884,6065,101891,4.862017859127793,0.16256391847154084
3751,0.3819,3,31,3,80757,524853,6068,101888,4.861730705102079,0.16256795071648417
3752,0.382,4,19,4,80776,524834,6072,101884,4.861554707473415,0.16256753436154697
3753,0.3821,2,15,2,80791,524819,6074,101882,4.861415761977102,0.16256875288215591
3754,0.3822,2,36,2,80827,524783,6076,101880,4.86108229278595,0.162575419324262
3755,0.3823,1,20,1,80847,524763,6077,101879,4.860897032124199,0.16257927173729178
3756,0.3824,2,31,2,80878,524732,6079,101877,4.860609878098485,0.1625846420973845
3757,0.3825,1,17,1,80895,524715,6080,101876,4.860452406535996,0.16258771670834724
3758,0.3826,5,40,5,80935,524675,6085,101871,4.860081885212494,0.16259141387862983
3759,0.3827,3,59,3,80994,524616,6088,101868,4.859535366260328,0.16260271611086635
3760,0.3828,4,19,4,81013,524597,6092,101864,4.859359368631665,0.16260230086150615
3761,0.3829,3,67,3,81080,524530,6095,101861,4.858738745414799,0.16261568253694578
3762,0.383,4,30,4,81110,524500,6099,101857,4.858460854422172,0.16261812353019126
3763,0.3831,1,20,1,81130,524480,6100,101856,4.858275593760421,0.16262197925713995
3764,0.3832,4,19,4,81149,524461,6104,101852,4.8580995961317575,0.1626215646170525
3765,0.3833,4,16,4,81165,524445,6108,101848,4.857951387602356,0.16262037097652376
3766,0.3834,3,7,3,81172,524438,6111,101845,4.857886546370744,0.16261817740542214
3767,0.3835,3,26,3,81198,524412,6114,101842,4.857645707510467,0.16262091739134601
3768,0.3836,3,24,3,81222,524388,6117,101839,4.857423394716366,0.16262313825497782
3769,0.3837,4,26,4,81248,524362,6121,101835,4.85718255585609,0.16262454147816102
3770,0.3838,3,37,3,81285,524325,6124,101832,4.85683982363185,0.16263013908652302
3771,0.3839,2,13,2,81298,524312,6126,101830,4.856719404201712,0.16263084092745736
3772,0.384,4,21,4,81319,524291,6130,101826,4.856524880506873,0.16263094597335642
3773,0.3841,1,31,1,81350,524260,6131,101825,4.856237726481159,0.16263766102046848
3774,0.3842,2,22,2,81372,524238,6133,101823,4.856033939753233,0.162640701145735
3775,0.3843,1,6,1,81378,524232,6134,101822,4.855978361554707,0.1626409223485514
3776,0.3844,6,73,6,81451,524159,6140,101816,4.855302160139316,0.16265186309357402
3777,0.3845,1,29,1,81480,524130,6141,101815,4.855033532179777,0.16265806101175023
3778,0.3846,2,26,2,81506,524104,6143,101813,4.8547926933195,0.16266214210510338
3779,0.3847,0,26,0,81532,524078,6143,101813,4.854551854459224,0.16266889921727584
3780,0.3848,3,15,3,81547,524063,6146,101810,4.854412908962911,0.16266878424217054
3781,0.3849,3,10,3,81557,524053,6149,101807,4.854320278632035,0.16266736969929377
3782,0.385,4,39,4,81596,524014,6153,101803,4.8539590203416205,0.16267215495903756
3783,0.3851,5,33,5,81629,523981,6158,101798,4.853653340249731,0.16267404307271416
3784,0.3852,3,12,3,81641,523969,6161,101795,4.853542183852681,0.16267314834346494
3785,0.3853,2,29,2,81670,523940,6163,101793,4.853273555893142,0.16267801122843129
3786,0.3854,1,15,1,81685,523925,6164,101792,4.853134610396828,0.16268057284683013
3787,0.3855,4,33,4,81718,523892,6168,101788,4.8528289303049394,0.16268380002557217
3788,0.3856,5,28,5,81746,523864,6173,101783,4.852569565378488,0.16268438912038258
3789,0.3857,6,24,6,81770,523840,6179,101777,4.852347252584386,0.1626825997375391
3790,0.3858,2,44,2,81814,523796,6181,101775,4.851939679128534,0.1626913651687818
3791,0.3859,0,30,0,81844,523766,6181,101775,4.851661788135908,0.162699167600525
3792,0.386,2,8,2,81852,523758,6183,101773,4.851587683871207,0.16269857129382875
3793,0.3861,0,14,0,81866,523744,6183,101773,4.851458001407981,0.16270221272963006
3794,0.3862,2,20,2,81886,523724,6185,101771,4.85127274074623,0.16270473784762468
3795,0.3863,3,37,3,81923,523687,6188,101768,4.85093000852199,0.16271034686748048
3796,0.3864,1,28,1,81951,523659,6189,101767,4.850670643595539,0.16271629257498088
3797,0.3865,0,6,0,81957,523653,6189,101767,4.8506150653970135,0.1627178536023792
3798,0.3866,8,35,8,81992,523618,6197,101759,4.8502908592389495,0.16271624955826644
3799,0.3867,1,41,1,82033,523577,6198,101758,4.8499110748823595,0.16272557908960797
3800,0.3868,4,29,4,82062,523548,6202,101754,4.849642446922821,0.16272776994156424
3801,0.3869,1,24,1,82086,523524,6203,101753,4.849420134128719,0.16273267687760784
3802,0.387,2,34,2,82120,523490,6205,101751,4.849105191003742,0.16273884790024967
3803,0.3871,3,35,3,82155,523455,6208,101748,4.8487809848456775,0.16274394076803855
3804,0.3872,1,28,1,82183,523427,6209,101747,4.848521619919226,0.16274989043050414
3805,0.3873,0,21,0,82204,523406,6209,101747,4.848327096224388,0.16275535748848682
3806,0.3874,1,10,1,82214,523396,6210,101746,4.848234465893512,0.16275662169555077
3807,0.3875,4,36,4,82250,523360,6214,101742,4.84790099670236,0.16276063746396588
3808,0.3876,2,15,2,82265,523345,6216,101740,4.847762051206047,0.16276186438644344
3809,0.3877,5,20,5,82285,523325,6221,101735,4.847576790544296,0.16276037500399962
3810,0.3878,1,28,1,82313,523297,6222,101734,4.847317425617844,0.1627663267901912
3811,0.3879,1,16,1,82329,523281,6223,101733,4.847169217088443,0.16276915397095104
3812,0.388,1,14,1,82343,523267,6224,101732,4.8470395346252175,0.16277146043433668
3813,0.3881,1,11,1,82354,523256,6225,101731,4.846937641261254,0.1627729856781021
3814,0.3882,3,15,3,82369,523241,6228,101728,4.846798695764941,0.16277287353452732
3815,0.3883,3,30,3,82399,523211,6231,101725,4.8465208047723145,0.16277666833083707
3816,0.3884,2,17,2,82416,523194,6233,101723,4.846363333209826,0.16277841697377413
3817,0.3885,1,50,1,82466,523144,6234,101722,4.845900181555448,0.16279010219791124
3818,0.3886,6,41,6,82507,523103,6240,101716,4.845520397198859,0.16279274477888797
3819,0.3887,1,20,1,82527,523083,6241,101715,4.845335136537107,0.16279661586624797
3820,0.3888,1,38,1,82565,523045,6242,101714,4.844983141279781,0.16280517767651206
3821,0.3889,6,58,6,82623,522987,6248,101708,4.844445885360702,0.16281225237916103
3822,0.389,2,10,2,82633,522977,6250,101706,4.844353255029827,0.16281217833685246
3823,0.3891,1,28,1,82661,522949,6251,101705,4.844093890103376,0.1628181361201561
3824,0.3892,0,36,0,82697,522913,6251,101705,4.843760420912224,0.16282752018033422
3825,0.3893,0,10,0,82707,522903,6251,101705,4.843667790581348,0.16283012705568933
3826,0.3894,4,21,4,82728,522882,6255,101701,4.84347326688651,0.1628302403363524
3827,0.3895,0,8,0,82736,522874,6255,101701,4.843399162621809,0.16283232598166753
3828,0.3896,1,19,1,82755,522855,6256,101700,4.843223164993145,0.16283593918870234
3829,0.3897,2,20,2,82775,522835,6258,101698,4.8430379043313945,0.16283847290695608
3830,0.3898,1,20,1,82795,522815,6259,101697,4.8428526436696435,0.16284234730477556
3831,0.3899,2,22,2,82817,522793,6261,101695,4.842648856941717,0.1628454029541
3832,0.39,6,35,6,82852,522758,6267,101689,4.842324650783652,0.1628464865713183
3833,0.3901,2,9,2,82861,522749,6269,101687,4.842241283485865,0.1628461523678968
3834,0.3902,3,30,3,82891,522719,6272,101684,4.841963392493238,0.16284995427632473
3835,0.3903,2,8,2,82899,522711,6274,101682,4.841889288228537,0.16284935929774996
3836,0.3904,8,38,8,82937,522673,6282,101674,4.841537292971211,0.16284854415893726
3837,0.3905,2,24,2,82961,522649,6284,101672,4.841314980177109,0.1628521225459339
3838,0.3906,6,13,6,82974,522636,6290,101666,4.841194560746971,0.16284746805232084
3839,0.3907,0,34,0,83008,522602,6290,101666,4.840879617621994,0.1628563373422953
3840,0.3908,3,12,3,83020,522590,6293,101663,4.840768461224943,0.162855444827658
3841,0.3909,0,18,0,83038,522572,6293,101663,4.840601726629368,0.1628601408123543
3842,0.391,2,38,2,83076,522534,6295,101661,4.84024973137204,0.16286737317665154
3843,0.3911,2,19,2,83095,522515,6297,101659,4.840073733743377,0.16286964852749394
3844,0.3912,4,15,4,83110,522500,6301,101655,4.839934788247064,0.16286819780343023
3845,0.3913,6,35,6,83145,522465,6307,101649,4.839610582089,0.16286928349628432
3846,0.3914,5,46,5,83191,522419,6312,101644,4.839184482566972,0.16287458157269377
3847,0.3915,1,28,1,83219,522391,6313,101643,4.83892511764052,0.16288054817525968
3848,0.3916,1,14,1,83233,522377,6314,101642,4.838795435177294,0.1628828609385291
3849,0.3917,0,8,0,83241,522369,6314,101642,4.838721330912594,0.16288494914352472
3850,0.3918,3,16,3,83257,522353,6317,101639,4.838573122383194,0.16288510109103962
3851,0.3919,4,28,4,83285,522325,6321,101635,4.838313757456741,0.1628870440412847
3852,0.392,0,18,0,83303,522307,6321,101635,4.838147022861166,0.16289174314279212
3853,0.3921,0,14,0,83317,522293,6321,101635,4.83801734039794,0.1628953981869703
3854,0.3922,4,27,4,83344,522266,6325,101631,4.837767238504576,0.1628970807681396
3855,0.3923,1,18,1,83362,522248,6326,101630,4.837600503909,0.16290043886785557
3856,0.3924,4,18,4,83380,522230,6330,101626,4.837433769313424,0.1628997717421969
3857,0.3925,3,6,3,83386,522224,6333,101623,4.837378191114898,0.16289731296295407
3858,0.3926,0,8,0,83394,522216,6333,101623,4.837304086850199,0.16289940192902336
3859,0.3927,1,10,1,83404,522206,6334,101622,4.837211456519323,0.1629006713388947
3860,0.3928,1,52,1,83456,522154,6335,101621,4.8367297787987695,0.16291290930223237
3861,0.3929,1,7,1,83463,522147,6336,101620,4.836664937567157,0.1629133955467346
3862,0.393,1,23,1,83486,522124,6337,101619,4.8364518878061435,0.1629180608038888
3863,0.3931,0,28,0,83514,522096,6337,101619,4.836192522879692,0.16292537457011616
3864,0.3932,5,89,5,83603,522007,6342,101614,4.8353681129348995,0.16294191504134722
3865,0.3933,3,112,3,83715,521895,6345,101611,4.8343306532290935,0.162967156691355
3866,0.3934,5,35,5,83750,521860,6350,101606,4.834006447071029,0.1629695925679989
3867,0.3935,5,49,5,83799,521811,6355,101601,4.833552558449739,0.16297568862967027
3868,0.3936,2,33,2,83832,521778,6357,101599,4.8332468783578495,0.1629816306985981
3869,0.3937,2,27,2,83859,521751,6359,101597,4.832996776464485,0.16298600460737822
3870,0.3938,8,41,8,83900,521710,6367,101589,4.832616992107896,0.16298598265038128
3871,0.3939,1,15,1,83915,521695,6368,101588,4.832478046611582,0.16298856217801544
3872,0.394,5,27,5,83942,521668,6373,101583,4.832227944718219,0.1629889081605966
3873,0.3941,4,22,4,83964,521646,6377,101579,4.8320241579902925,0.16298928958241404
3874,0.3942,2,17,2,83981,521629,6379,101577,4.831866686427804,0.16299104950850923
3875,0.3943,1,13,1,83994,521616,6380,101576,4.831746266997666,0.16299310645836276
3876,0.3944,9,58,9,84052,521558,6389,101567,4.831209011078587,0.1629961885656971
3877,0.3945,5,66,5,84118,521492,6394,101562,4.830597650894809,0.1630067377787479
3878,0.3946,2,28,2,84146,521464,6396,101560,4.830338285968358,0.1630113767687922
3879,0.3947,3,29,3,84175,521435,6399,101557,4.830069658008818,0.16301493438117987
3880,0.3948,1,28,1,84203,521407,6400,101556,4.8298102930823665,0.16302091777521296
3881,0.3949,4,27,4,84230,521380,6404,101552,4.829560191189003,0.1630226092093519
3882,0.395,2,29,2,84259,521351,6406,101550,4.8292915632294635,0.16302751159494044
3883,0.3951,0,39,0,84298,521312,6406,101550,4.828930304939049,0.16303771943062828
3884,0.3952,2,15,2,84313,521297,6408,101548,4.828791359442736,0.16303895832831602
3885,0.3953,4,31,4,84344,521266,6412,101544,4.828504205417022,0.16304169811017807
3886,0.3954,4,36,4,84380,521230,6416,101540,4.82817073622587,0.16304574722610274
3887,0.3955,2,35,2,84415,521195,6418,101538,4.827846530067806,0.1630522230233503
3888,0.3956,4,26,4,84441,521169,6422,101534,4.827605691207529,0.16305365479209188
3889,0.3957,1,6,1,84447,521163,6423,101533,4.8275501130090035,0.16305388182997804
3890,0.3958,3,7,3,84454,521156,6426,101530,4.827485271777391,0.16305168254947117
3891,0.3959,5,38,5,84492,521118,6431,101525,4.827133276520064,0.16305491268672417
3892,0.396,0,18,0,84510,521100,6431,101525,4.826966541924488,0.16305962658100784
3893,0.3961,6,56,6,84566,521044,6437,101519,4.826447812071585,0.16306622783557648
3894,0.3962,2,16,2,84582,521028,6439,101517,4.826299603542184,0.1630677300436113
3895,0.3963,3,21,3,84603,521007,6442,101514,4.826105079847345,0.16306919766562092
3896,0.3964,1,25,1,84628,520982,6443,101513,4.825873504020157,0.16307440220403377
3897,0.3965,2,11,2,84639,520971,6445,101511,4.825771610656194,0.1630745949280461
3898,0.3966,5,83,5,84722,520888,6450,101506,4.825002778909926,0.1630896184731858
3899,0.3967,3,19,3,84741,520869,6453,101503,4.824826781281263,0.16309056320014398
3900,0.3968,5,27,5,84768,520842,6458,101498,4.824576679387898,0.16309091493395894
3901,0.3969,2,15,2,84783,520827,6460,101496,4.824437733891585,0.1630921563239668
3902,0.397,2,6,2,84789,520821,6462,101494,4.82438215569306,0.16309103910399075
3903,0.3971,0,53,0,84842,520768,6462,101494,4.82389121493942,0.1631049300776843
3904,0.3972,5,38,5,84880,520730,6467,101489,4.823539219682092,0.16310816609586015
3905,0.3973,2,22,2,84902,520708,6469,101487,4.823335432954167,0.16311124325974977
3906,0.3974,3,38,3,84940,520670,6472,101484,4.8229834376968395,0.1631171703468916
3907,0.3975,2,31,2,84971,520639,6474,101482,4.822696283671125,0.16312260798140554
3908,0.3976,4,29,4,85000,520610,6478,101478,4.822427655711587,0.16312483121359037
3909,0.3977,1,17,1,85017,520593,6479,101477,4.822270184149097,0.1631279438005369
3910,0.3978,5,60,5,85077,520533,6484,101472,4.8217144021638445,0.16313695227530325
3911,0.3979,4,27,4,85104,520506,6488,101468,4.82146430027048,0.16313865209799766
3912,0.398,1,18,1,85122,520488,6489,101467,4.821297565674905,0.1631420279602222
3913,0.3981,3,70,3,85192,520418,6492,101464,4.820649153358776,0.16315635442093515
3914,0.3982,1,14,1,85206,520404,6493,101463,4.82051947089555,0.1631586818403292
3915,0.3983,4,35,4,85241,520369,6497,101459,4.820195264737485,0.16316248222981275
3916,0.3984,1,16,1,85257,520353,6498,101458,4.820047056208085,0.16316533480430548
3917,0.3985,1,15,1,85272,520338,6499,101457,4.819908110711771,0.16316792512001543
3918,0.3986,2,13,2,85285,520325,6501,101455,4.8197876912816335,0.16316864485831
3919,0.3987,4,26,4,85311,520299,6505,101451,4.8195468524213565,0.16317008443908324
3920,0.3988,4,18,4,85329,520281,6509,101447,4.819380117825781,0.1631694245715168
3921,0.3989,3,40,3,85369,520241,6512,101444,4.819009596502279,0.16317588489347498
3922,0.399,1,32,1,85401,520209,6513,101443,4.818713179443477,0.1631829383642295
3923,0.3991,2,24,2,85425,520185,6515,101441,4.818490866649376,0.16318654625128293
3924,0.3992,1,23,1,85448,520162,6516,101440,4.8182778168883615,0.16319123812342945
3925,0.3993,1,18,1,85466,520144,6517,101439,4.818111082292786,0.16319461761341608
3926,0.3994,3,20,3,85486,520124,6520,101436,4.817925821631035,0.16319582984748054
3927,0.3995,2,20,2,85506,520104,6522,101434,4.817740560969284,0.16319838851365484
3928,0.3996,1,30,1,85536,520074,6523,101433,4.817462669976657,0.1632049196549677
3929,0.3997,6,21,6,85557,520053,6529,101427,4.817268146281818,0.16320235566711722
3930,0.3998,1,29,1,85586,520024,6530,101426,4.816999518322279,0.16320862498994287
3931,0.3999,5,27,5,85613,519997,6535,101421,4.816749416428915,0.1632089833252336
3932,0.4,0,13,0,85626,519984,6535,101421,4.8166289969987774,0.16321239771163734
3933,0.4001,0,19,0,85645,519965,6535,101421,4.816452999370114,0.16321738822567616
3934,0.4002,3,34,3,85679,519931,6538,101418,4.816138056245137,0.16322227926656355
3935,0.4003,3,44,3,85723,519887,6541,101415,4.815730482789284,0.16322979806921595
3936,0.4004,1,25,1,85748,519862,6542,101414,4.8154989069620955,0.1632350195404297
3937,0.4005,2,23,2,85771,519839,6544,101412,4.815285857201082,0.1632383690328064
3938,0.4006,4,19,4,85790,519820,6548,101408,4.815109859572418,0.16323797381959604
3939,0.4007,5,33,5,85823,519787,6553,101403,4.814804179480529,0.1632399104943737
3940,0.4008,7,92,7,85915,519695,6560,101396,4.8139519804364745,0.163254659945161
3941,0.4009,1,11,1,85926,519684,6561,101395,4.813850087072511,0.16325620412218092
3942,0.401,1,34,1,85960,519650,6562,101394,4.813535143947534,0.16326379451375425
3943,0.4011,7,47,7,86007,519603,6569,101387,4.8130997813924195,0.16326671927084171
3944,0.4012,4,24,4,86031,519579,6573,101383,4.812877468598318,0.1632676395657061
3945,0.4013,4,22,4,86053,519557,6577,101379,4.8126736818703915,0.16326803406470233
3946,0.4014,2,22,2,86075,519535,6579,101377,4.812469895142465,0.16327112376633082
3947,0.4015,2,15,2,86090,519520,6581,101375,4.812330949646152,0.1632723729455061
3948,0.4016,5,20,5,86110,519500,6586,101370,4.812145688984401,0.16327089406800135
3949,0.4017,1,14,1,86124,519486,6587,101369,4.8120160065211754,0.1632732280484171
3950,0.4018,2,14,2,86138,519472,6589,101367,4.81188632405795,0.16327421440985504
3951,0.4019,4,34,4,86172,519438,6593,101363,4.811571380932973,0.16327776533865118
3952,0.402,2,99,2,86271,519339,6595,101361,4.810654340657305,0.1633011116481392
3953,0.4021,2,26,2,86297,519313,6597,101359,4.810413501797028,0.16330525623839967
3954,0.4022,5,32,5,86329,519281,6602,101354,4.810117084738227,0.16330693563849927
3955,0.4023,4,23,4,86352,519258,6606,101350,4.809904034977213,0.16330759513251522
3956,0.4024,2,14,2,86366,519244,6608,101348,4.809774352513987,0.16330858277257845
3957,0.4025,4,34,4,86400,519210,6612,101344,4.80945940938901,0.1633121372193234
3958,0.4026,7,42,7,86442,519168,6619,101337,4.809070361999333,0.1633137525080378
3959,0.4027,3,13,3,86455,519155,6622,101334,4.808949942569195,0.16331312883870625
3960,0.4028,4,48,4,86503,519107,6626,101330,4.808505316980992,0.16332036935256924
3961,0.4029,2,26,2,86529,519081,6628,101328,4.808264478120716,0.16332451656890856
3962,0.403,11,108,11,86637,518973,6639,101317,4.80726407054726,0.16333811604249626
3963,0.4031,2,28,2,86665,518945,6641,101315,4.807004705620808,0.16334279173249927
3964,0.4032,2,17,2,86682,518928,6643,101313,4.80684723405832,0.16334457090066604
3965,0.4033,3,20,3,86702,518908,6646,101310,4.806661973396569,0.16334579131853638
3966,0.4034,0,22,0,86724,518886,6646,101310,4.806458186668642,0.16335158562776927
3967,0.4035,2,23,2,86747,518863,6648,101308,4.806245136907629,0.16335494565208628
3968,0.4036,3,41,3,86788,518822,6651,101305,4.80586535255104,0.16336169849079302
3969,0.4037,9,32,9,86820,518790,6660,101296,4.8055689354922375,0.16335798582777228
3970,0.4038,5,36,5,86856,518754,6665,101291,4.8052354663010854,0.16336072381843253
3971,0.4039,1,25,1,86881,518729,6666,101290,4.8050038904738965,0.16336596136570009
3972,0.404,4,32,4,86913,518697,6670,101286,4.804707473415095,0.1633689956014923
3973,0.4041,4,33,4,86946,518664,6674,101282,4.804401793323206,0.16337229371590428
3974,0.4042,1,36,1,86982,518628,6675,101281,4.804068324132054,0.16338043164399937
3975,0.4043,5,42,5,87024,518586,6680,101276,4.803679276742376,0.16338475338059116
3976,0.4044,2,29,2,87053,518557,6682,101274,4.803410648782838,0.16338969815965965
3977,0.4045,3,37,3,87090,518520,6685,101271,4.803067916558598,0.16339540264379443
3978,0.4046,1,36,1,87126,518484,6686,101270,4.802734447367446,0.16340354398680768
3979,0.4047,4,24,4,87150,518460,6690,101266,4.802512134573345,0.16340447229904828
3980,0.4048,2,29,2,87179,518431,6692,101264,4.802243506613806,0.16340941914974302
3981,0.4049,1,20,1,87199,518411,6693,101263,4.802058245952055,0.16341334314494396
3982,0.405,8,35,8,87234,518376,6701,101255,4.80173403979399,0.16341177249040154
3983,0.4051,4,36,4,87270,518340,6705,101251,4.801400570602838,0.1634158662730737
3984,0.4052,3,29,3,87299,518311,6708,101248,4.801131942643299,0.1634194644900647
3985,0.4053,3,11,3,87310,518300,6711,101245,4.801030049279336,0.16341831505378948
3986,0.4054,3,23,3,87333,518277,6714,101242,4.8008169995183225,0.16342033093416022
3987,0.4055,6,28,6,87361,518249,6720,101236,4.800557634591871,0.16341961467993577
3988,0.4056,3,25,3,87386,518224,6723,101233,4.800326058764682,0.16342215843876168
3989,0.4057,4,22,4,87408,518202,6727,101229,4.800122272036756,0.16342256038202801
3990,0.4058,5,26,5,87434,518176,6732,101224,4.79988143317648,0.16342266709719083
3991,0.4059,2,45,2,87479,518131,6734,101222,4.79946459668754,0.16343183935493974
3992,0.406,7,40,7,87519,518091,6741,101215,4.799094075364037,0.16343293945157966
3993,0.4061,0,9,0,87528,518082,6741,101215,4.799010708066249,0.16343531455828142
3994,0.4062,1,40,1,87568,518042,6742,101214,4.798640186742747,0.16344452052139988
3995,0.4063,3,21,3,87589,518021,6745,101211,4.798445663047908,0.16344601054209085
3996,0.4064,2,29,2,87618,517992,6747,101209,4.7981770350883695,0.16345096341898674
3997,0.4065,2,28,2,87646,517964,6749,101207,4.797917670161918,0.1634556528002765
3998,0.4066,3,16,3,87662,517948,6752,101204,4.797769461632517,0.16345582344884615
3999,0.4067,2,19,2,87681,517929,6754,101202,4.797593464003853,0.16345813729243083
4000,0.4068,5,22,5,87703,517907,6759,101197,4.797389677275927,0.16345718974518014
4001,0.4069,1,44,1,87747,517863,6760,101196,4.796982103820075,0.16346745625215045
4002,0.407,1,14,1,87761,517849,6761,101195,4.796852421356849,0.1634698018234568
4003,0.4071,2,32,2,87793,517817,6763,101193,4.796556004298047,0.16347554966801828
4004,0.4072,2,57,2,87850,517760,6765,101191,4.796028011412057,0.16348790130398044
4005,0.4073,1,20,1,87870,517740,6766,101190,4.795842750750306,0.16349183267897824
4006,0.4074,6,34,6,87904,517706,6772,101184,4.795527807625329,0.16349270468096108
4007,0.4075,3,35,3,87939,517671,6775,101181,4.795203601467264,0.16349789610439977
4008,0.4076,3,30,3,87969,517641,6778,101178,4.7949257104746374,0.16350176707567157
4009,0.4077,5,22,5,87991,517619,6783,101173,4.794721923746712,0.16350082095437563
4010,0.4078,5,51,5,88042,517568,6788,101168,4.794249509059246,0.16350753794833336
4011,0.4079,0,64,0,88106,517504,6788,101168,4.7936566749416425,0.16352445237541055
4012,0.408,0,51,0,88157,517453,6788,101168,4.793184260254177,0.16353793356513924
4013,0.4081,2,22,2,88179,517431,6790,101166,4.792980473526251,0.16354104530089864
4014,0.4082,0,16,0,88195,517415,6790,101166,4.792832264996851,0.16354527539643152
4015,0.4083,0,17,0,88212,517398,6790,101166,4.7926747934343625,0.16354977011271268
4016,0.4084,7,22,7,88234,517376,6797,101159,4.792471006706436,0.16354612107641442
4017,0.4085,2,28,2,88262,517348,6799,101157,4.792211641779985,0.16355082012271527
4018,0.4086,3,21,3,88283,517327,6802,101154,4.792017118085146,0.16355231607761597
4019,0.4087,3,32,3,88315,517295,6805,101151,4.791720701026344,0.16355672120120432
4020,0.4088,4,35,4,88350,517260,6809,101147,4.7913964948682795,0.16356056771673025
4021,0.4089,2,24,2,88374,517236,6811,101145,4.791174182074179,0.1635642104139681
4022,0.409,2,39,2,88413,517197,6813,101143,4.790812923783764,0.16357182132807194
4023,0.4091,2,8,2,88421,517189,6815,101141,4.790738819519063,0.16357123218993094
4024,0.4092,3,36,3,88457,517153,6818,101138,4.790405350327911,0.163576697703832
4025,0.4093,6,41,6,88498,517112,6824,101132,4.790025565971321,0.16357942818692944
4026,0.4094,0,5,0,88503,517107,6824,101132,4.789979250805884,0.16358075113346132
4027,0.4095,1,30,1,88533,517077,6825,101131,4.789701359813257,0.16358733630105077
4028,0.4096,0,25,0,88558,517052,6825,101131,4.7894697839860685,0.1635939519527389
4029,0.4097,3,20,3,88578,517032,6828,101128,4.7892845233243175,0.16359518571243692
4030,0.4098,5,15,5,88593,517017,6833,101123,4.789145577828004,0.16359239007344614
4031,0.4099,6,34,6,88627,516983,6839,101117,4.788830634703027,0.16359326969745996
4032,0.41,2,33,2,88660,516950,6841,101115,4.7885249546111375,0.16359929780848292
4033,0.4101,7,35,7,88695,516915,6848,101108,4.7882007484530735,0.1635990893542797
4034,0.4102,2,24,2,88719,516891,6850,101106,4.787978435658972,0.16360273593561134
4035,0.4103,2,58,2,88777,516833,6852,101104,4.787441179739894,0.1636153847398683
4036,0.4104,4,80,4,88857,516753,6856,101100,4.78670013709289,0.16363115498346695
4037,0.4105,3,28,3,88885,516725,6859,101097,4.786440772166438,0.1636345096160383
4038,0.4106,1,19,1,88904,516706,6860,101096,4.786264774537774,0.16363818828686214
4039,0.4107,2,19,2,88923,516687,6862,101094,4.786088776909111,0.16364051338581148
4040,0.4108,5,48,5,88971,516639,6867,101089,4.785644151320908,0.16364645928305013
4041,0.4109,7,39,7,89010,516600,6874,101082,4.785282893030494,0.16364731366625546
4042,0.411,1,21,1,89031,516579,6875,101081,4.785088369335655,0.16365152349188875
4043,0.4111,6,29,6,89060,516550,6881,101075,4.784819741376116,0.16365108277676585
4044,0.4112,4,36,4,89096,516514,6885,101071,4.784486272184965,0.1636552053563477
4045,0.4113,6,43,6,89139,516471,6891,101065,4.784087961762199,0.16365847497149963
4046,0.4114,1,11,1,89150,516460,6892,101064,4.783986068398236,0.16366003588524494
4047,0.4115,6,25,6,89175,516435,6898,101058,4.783754492571047,0.1636585354004013
4048,0.4116,3,43,3,89218,516392,6901,101055,4.783356182148283,0.16366586929728383
4049,0.4117,3,25,3,89243,516367,6904,101052,4.783124606321094,0.16366843262031133
4050,0.4118,4,36,4,89279,516331,6908,101048,4.782791137129942,0.16367255769956543
4051,0.4119,1,21,1,89300,516310,6909,101047,4.7825966134351034,0.1636767704909801
4052,0.412,6,43,6,89343,516267,6915,101041,4.782198303012338,0.16368004302552372
4053,0.4121,2,33,2,89376,516234,6917,101039,4.7818926229204495,0.16368608379112645
4054,0.4122,2,15,2,89391,516219,6919,101037,4.781753677424136,0.16368735176328783
4055,0.4123,2,26,2,89417,516193,6921,101035,4.7815128385638594,0.16369153700091377
4056,0.4124,1,23,1,89440,516170,6922,101034,4.781299788802846,0.16369628194243718
4057,0.4125,3,15,3,89455,516155,6925,101031,4.781160843306532,0.16369619531227214
4058,0.4126,7,74,7,89529,516081,6932,101024,4.780475378858053,0.16370633846752172
4059,0.4127,2,11,2,89540,516070,6934,101022,4.78037348549409,0.1637065461876025
4060,0.4128,0,16,0,89556,516054,6934,101022,4.780225276964689,0.16371079089123544
4061,0.4129,2,14,2,89570,516040,6936,101020,4.780095594501463,0.16371179463909508
4062,0.413,3,36,3,89606,516004,6939,101017,4.779762125310311,0.16371728028705668
4063,0.4131,1,10,1,89616,515994,6940,101016,4.779669494979436,0.1637185783050518
4064,0.4132,2,22,2,89638,515972,6942,101014,4.77946570825151,0.16372170519266238
4065,0.4133,4,34,4,89672,515938,6946,101010,4.779150765126533,0.1637253058604615
4066,0.4134,1,9,1,89681,515929,6947,101009,4.7790673978287455,0.1637263387893111
4067,0.4135,1,30,1,89711,515899,6948,101008,4.778789506836119,0.16373294516029158
4068,0.4136,7,24,7,89735,515875,6955,101001,4.778567194042017,0.16372982576725306
4069,0.4137,7,68,7,89803,515807,6962,100994,4.7779373077920635,0.16373838563815557
4070,0.4138,4,43,4,89846,515764,6966,100990,4.777538997369299,0.16374437782324883
4071,0.4139,2,16,2,89862,515748,6968,100988,4.777390788839898,0.1637459139729155
4072,0.414,1,11,1,89873,515737,6969,100987,4.777288895475935,0.16374747861279923
4073,0.4141,2,41,2,89914,515696,6971,100985,4.776909111119345,0.16375565324697858
4074,0.4142,2,38,2,89952,515658,6973,100983,4.776557115862018,0.16376303229918218
4075,0.4143,1,22,1,89974,515636,6974,100982,4.776353329134092,0.1637675189501442
4076,0.4144,0,16,0,89990,515620,6974,100982,4.776205120604691,0.1637717684989669
4077,0.4145,2,83,2,90073,515537,6976,100980,4.775436288858423,0.1637911038949453
4078,0.4146,5,26,5,90099,515511,6981,100975,4.775195449998147,0.16379122964673976
4079,0.4147,0,20,0,90119,515491,6981,100975,4.775010189336396,0.16379654352389264
4080,0.4148,2,44,2,90163,515447,6983,100973,4.774602615880544,0.16380552220888356
4081,0.4149,2,15,2,90178,515432,6985,100971,4.774463670384231,0.16380679522974417
4082,0.415,3,33,3,90211,515399,6988,100968,4.774157990292341,0.16381149542399254
4083,0.4151,0,23,0,90234,515376,6988,100968,4.773944940531328,0.16381760834858455
4084,0.4152,5,39,5,90273,515337,6993,100963,4.773583682240913,0.1638211909784196
4085,0.4153,8,33,8,90306,515304,7001,100955,4.7732780021490235,0.16381910852417572
4086,0.4154,3,27,3,90333,515277,7004,100952,4.77302790025566,0.16382221544263578
4087,0.4155,0,52,0,90385,515225,7004,100952,4.772546222535107,0.16383604061819898
4088,0.4156,9,52,9,90437,515173,7013,100943,4.772064544814554,0.16383765394828248
4089,0.4157,7,19,7,90456,515154,7020,100936,4.771888547185891,0.16383320618740768
4090,0.4158,0,28,0,90484,515126,7020,100936,4.771629182259439,0.16384065240186865
4091,0.4159,7,25,7,90509,515101,7027,100929,4.7713976064322505,0.16383780010713764
4092,0.416,1,20,1,90529,515081,7028,100928,4.771212345770499,0.16384176205217782
4093,0.4161,0,14,0,90543,515067,7028,100928,4.771082663307273,0.16384548575881297
4094,0.4162,0,20,0,90563,515047,7028,100928,4.770897402645522,0.1638508056333455
4095,0.4163,5,38,5,90601,515009,7033,100923,4.770545407388195,0.1638541267542521
4096,0.4164,5,89,5,90690,514920,7038,100918,4.769720997443403,0.16387101802746826
4097,0.4165,6,41,6,90731,514879,7044,100912,4.769341213086813,0.16387378185130994
4098,0.4166,4,13,4,90744,514866,7048,100908,4.769220793656675,0.16387181011215154
4099,0.4167,2,8,2,90752,514858,7050,100906,4.769146689391975,0.16387122339077959
4100,0.4168,2,16,2,90768,514842,7052,100904,4.768998480862574,0.1638727657183319
4101,0.4169,2,25,2,90793,514817,7054,100902,4.768766905035385,0.16387670349623773
4102,0.417,3,27,3,90820,514790,7057,100899,4.76851680314202,0.1638798159460377
4103,0.4171,0,24,0,90844,514766,7057,100899,4.76829449034792,0.16388620434814388
4104,0.4172,4,61,4,90905,514705,7061,100895,4.767729445329579,0.16389701104613386
4105,0.4173,2,41,2,90946,514664,7063,100893,4.767349660972989,0.16390521105275385
4106,0.4174,1,12,1,90958,514652,7064,100892,4.767238504575938,0.1639070480745487
4107,0.4175,1,11,1,90969,514641,7065,100891,4.767136611211975,0.16390861888577685
4108,0.4176,4,51,4,91020,514590,7069,100887,4.76666419652451,0.16391676699535482
4109,0.4177,3,22,3,91042,514568,7072,100884,4.766460409796584,0.1639185509186744
4110,0.4178,2,33,2,91075,514535,7074,100882,4.766154729704694,0.16392462346669007
4111,0.4179,1,18,1,91093,514517,7075,100881,4.765987995109119,0.16392805956470446
4112,0.418,5,31,5,91124,514486,7080,100876,4.7657008410834045,0.16392952441002206
4113,0.4181,4,41,4,91165,514445,7084,100872,4.7653210567268145,0.163935012359483
4114,0.4182,3,24,3,91189,514421,7087,100869,4.765098743932714,0.16393733036454355
4115,0.4183,0,37,0,91226,514384,7087,100869,4.7647560117084735,0.16394718920509124
4116,0.4184,6,68,6,91294,514316,7093,100863,4.76412612545852,0.16395715718514448
4117,0.4185,1,20,1,91314,514296,7094,100862,4.763940864796769,0.16396112868563847
4118,0.4186,2,20,2,91334,514276,7096,100860,4.763755604135018,0.16396374135150601
4119,0.4187,5,47,5,91381,514229,7101,100855,4.763320241579903,0.16396947408809204
4120,0.4188,6,23,6,91404,514206,7107,100849,4.763107191818889,0.1639674500654413
4121,0.4189,2,19,2,91423,514187,7109,100847,4.762931194190226,0.16396979679172208
4122,0.419,7,14,7,91437,514173,7116,100840,4.762801511727,0.16396401376881464
4123,0.4191,3,28,3,91465,514145,7119,100837,4.762542146800548,0.16396740067188958
4124,0.4192,1,24,1,91489,514121,7120,100836,4.762319834006447,0.16397244034948785
4125,0.4193,2,15,2,91504,514106,7122,100834,4.762180888510134,0.16397372101343222
4126,0.4194,5,34,5,91538,514072,7127,100829,4.761865945385157,0.16397598963085114
4127,0.4195,3,13,3,91551,514059,7130,100826,4.7617455259550185,0.16397537750961563
4128,0.4196,3,49,3,91600,514010,7133,100823,4.761291637333729,0.16398436648650935
4129,0.4197,3,42,3,91642,513968,7136,100820,4.760902589944052,0.16399148974931196
4130,0.4198,2,34,2,91676,513934,7138,100818,4.760587646819075,0.1639978397792931
4131,0.4199,1,11,1,91687,513923,7139,100817,4.760485753455112,0.16399941438656992
4132,0.42,2,25,2,91712,513898,7141,100815,4.760254177627923,0.16400336417157274
4133,0.4201,1,15,1,91727,513883,7142,100814,4.760115232131609,0.16400600621119024
4134,0.4202,0,14,0,91741,513869,7142,100814,4.759985549668383,0.16400974160664927
4135,0.4203,3,26,3,91767,513843,7145,100811,4.759744710808107,0.16401259895811302
4136,0.4204,6,29,6,91796,513814,7151,100805,4.759476082848568,0.16401217664927378
4137,0.4205,2,19,2,91815,513795,7153,100803,4.7593000852199046,0.16401452656858628
4138,0.4206,2,16,2,91831,513779,7155,100801,4.759151876690503,0.16401607601939536
4139,0.4207,4,61,4,91892,513718,7159,100797,4.7585868316721625,0.16402691553501542
4140,0.4208,2,34,2,91926,513684,7161,100795,4.758271888547186,0.16403327046164312
4141,0.4209,0,10,0,91936,513674,7161,100795,4.758179258216311,0.1640359399741891
4142,0.421,4,26,4,91962,513648,7165,100791,4.757938419356034,0.1640374390297491
4143,0.4211,2,30,2,91992,513618,7167,100789,4.757660528363408,0.16404272737778053
4144,0.4212,3,25,3,92017,513593,7170,100786,4.757428952536219,0.16404532055945922
4145,0.4213,3,27,3,92044,513566,7173,100783,4.7571788506428545,0.16404844803198182
4146,0.4214,5,32,5,92076,513534,7178,100778,4.756882433584053,0.1640501894802641
4147,0.4215,3,38,3,92114,513496,7181,100775,4.756530438326726,0.16405625530099907
4148,0.4216,3,22,3,92136,513474,7184,100772,4.756326651598799,0.1640580484040596
4149,0.4217,4,13,4,92149,513461,7188,100768,4.756206232168661,0.16405607680523063
4150,0.4218,0,24,0,92173,513437,7188,100768,4.75598391937456,0.16406248728030542
4151,0.4219,2,31,2,92204,513406,7190,100766,4.755696765348846,0.16406804608481013
4152,0.422,7,57,7,92261,513349,7197,100759,4.755168772462855,0.16407374598604807
4153,0.4221,2,22,2,92283,513327,7199,100757,4.754964985734929,0.1640769015313866
4154,0.4222,4,25,4,92308,513302,7203,100753,4.7547334099077405,0.16407813632329352
4155,0.4223,2,48,2,92356,513254,7205,100751,4.754288784319537,0.16408824032377586
4156,0.4224,5,28,5,92384,513226,7210,100746,4.754029419393086,0.16408891610692344
4157,0.4225,3,20,3,92404,513206,7213,100743,4.753844158731335,0.1640901768713688
4158,0.4226,3,30,3,92434,513176,7216,100740,4.753566267738709,0.1640941105949348
4159,0.4227,6,59,6,92493,513117,7222,100734,4.753019748786543,0.1641017119789656
4160,0.4228,0,20,0,92513,513097,7222,100734,4.752834488124791,0.16410705878328075
4161,0.4229,4,41,4,92554,513056,7226,100730,4.752454703768202,0.16411257343764765
4162,0.423,2,25,2,92579,513031,7228,100728,4.752223127941013,0.16411653434002596
4163,0.4231,3,20,3,92599,513011,7231,100725,4.752037867279262,0.16411779657702985
4164,0.4232,4,68,4,92667,512943,7235,100721,4.751407981029308,0.16413053397298846
4165,0.4233,1,21,1,92688,512922,7236,100720,4.75121345733447,0.16413478868786688
4166,0.4234,1,41,1,92729,512881,7237,100719,4.75083367297788,0.16414439374185136
4167,0.4235,0,13,0,92742,512868,7237,100719,4.750713253547742,0.16414787145099227
4168,0.4236,2,31,2,92773,512837,7239,100717,4.750426099522027,0.1641534404469696
4169,0.4237,6,24,6,92797,512813,7245,100711,4.750203786727926,0.16415168762754187
4170,0.4238,5,36,5,92833,512777,7250,100706,4.749870317536774,0.1641545079488755
4171,0.4239,3,23,3,92856,512754,7253,100703,4.749657267775761,0.1641565749514636
4172,0.424,10,89,10,92945,512665,7263,100693,4.748832857830968,0.1641667672061015
4173,0.4241,11,40,11,92985,512625,7274,100682,4.748462336507466,0.16416248306313153
4174,0.4242,4,22,4,93007,512603,7278,100678,4.74825854977954,0.16416292042310132
4175,0.4243,1,38,1,93045,512565,7279,100677,4.7479065545222126,0.16417172992065124
4176,0.4244,6,30,6,93075,512535,7285,100671,4.747628663529587,0.16417158344830285
4177,0.4245,0,15,0,93090,512520,7285,100671,4.747489718033273,0.16417559944617582
4178,0.4246,3,35,3,93125,512485,7288,100668,4.747165511875209,0.1641808814439463
4179,0.4247,1,12,1,93137,512473,7289,100667,4.7470543554781575,0.16418273151319437
4180,0.4248,0,28,0,93165,512445,7289,100667,4.746794990551706,0.16419022951760853
4181,0.4249,4,25,4,93190,512420,7293,100663,4.746563414724517,0.164191471627822
4182,0.425,4,11,4,93201,512409,7297,100659,4.746461521360554,0.16418896435631936
4183,0.4251,2,10,2,93211,512399,7299,100657,4.746368891029679,0.16418891585760517
4184,0.4252,2,8,2,93219,512391,7301,100655,4.746294786764978,0.1641883317075717
4185,0.4253,7,30,7,93249,512361,7308,100648,4.746016895772351,0.16418682270570253
4186,0.4254,4,31,4,93280,512330,7312,100644,4.745729741746637,0.16418967199261306
4187,0.4255,2,7,2,93287,512323,7314,100642,4.745664900515025,0.16418881991630843
4188,0.4256,8,55,8,93342,512268,7322,100634,4.745155433695209,0.16419264417476204
4189,0.4257,3,27,3,93369,512241,7325,100631,4.744905331801845,0.16419578639585428
4190,0.4258,1,28,1,93397,512213,7326,100630,4.744645966875393,0.16420192447331536
4191,0.4259,1,22,1,93419,512191,7327,100629,4.744442180147468,0.16420645540289155
4192,0.426,8,32,8,93451,512159,7335,100621,4.744145763088666,0.16420411893338555
4193,0.4261,1,21,1,93472,512138,7336,100620,4.7439512393938275,0.16420838242829958
4194,0.4262,0,25,0,93497,512113,7336,100620,4.7437196635666385,0.1642150822625842
4195,0.4263,2,23,2,93520,512090,7338,100618,4.743506613805624,0.1642185184459808
4196,0.4264,5,22,5,93542,512068,7343,100613,4.743302827077699,0.16421759447412274
4197,0.4265,5,59,5,93601,512009,7348,100608,4.742756308125533,0.16422658855369668
4198,0.4266,5,66,5,93667,511943,7353,100603,4.742144947941754,0.1642374613498415
4199,0.4267,2,33,2,93700,511910,7355,100601,4.741839267849865,0.16424358093160776
4200,0.4268,2,25,2,93725,511885,7357,100599,4.741607692022676,0.16424755585452028
4201,0.4269,5,25,5,93750,511860,7362,100594,4.741376116195487,0.16424743735856082
4202,0.427,2,9,2,93759,511851,7364,100592,4.741292748897699,0.164247121772965
4203,0.4271,5,24,5,93783,511827,7369,100587,4.741070436103597,0.1642467350517787
4204,0.4272,1,19,1,93802,511808,7370,100586,4.7408944384749345,0.16425046620313066
4205,0.4273,0,25,0,93827,511783,7370,100586,4.740662862647746,0.16425717173795537
4206,0.4274,3,41,3,93868,511742,7373,100583,4.740283078291156,0.1642640754501286
4207,0.4275,2,21,2,93889,511721,7375,100581,4.740088554596317,0.1642669793663911
4208,0.4276,2,13,2,93902,511708,7377,100579,4.739968135166179,0.164267737188606
4209,0.4277,0,10,0,93912,511698,7377,100579,4.739875504835303,0.16427042008764006
4210,0.4278,2,18,2,93930,511680,7379,100577,4.739708770239727,0.1642725195465303
4211,0.4279,3,19,3,93949,511661,7382,100574,4.739532772611064,0.16427352242194582
4212,0.428,0,25,0,93974,511636,7382,100574,4.739301196783875,0.16428023063981315
4213,0.4281,9,66,9,94040,511570,7391,100565,4.738689836600097,0.16428565594190825
4214,0.4282,2,20,2,94060,511550,7393,100563,4.738504575938345,0.16428829317462626
4215,0.4283,2,24,2,94084,511526,7395,100561,4.738282263144244,0.16429200424122714
4216,0.4284,6,41,6,94125,511485,7401,100555,4.737902478787654,0.1642948173322005
4217,0.4285,3,24,3,94149,511461,7404,100552,4.737680165993553,0.16429716362234137
4218,0.4286,0,13,0,94162,511448,7404,100552,4.737559746563415,0.16430065359477125
4219,0.4287,5,31,5,94193,511417,7409,100547,4.737272592537701,0.16430214849239497
4220,0.4288,1,47,1,94240,511370,7410,100546,4.736837229982585,0.16431340249315265
4221,0.4289,2,10,2,94250,511360,7412,100544,4.73674459965171,0.1643133563434787
4222,0.429,0,25,0,94275,511335,7412,100544,4.736513023824521,0.1643200698177254
4223,0.4291,2,19,2,94294,511316,7414,100542,4.736337026195858,0.16432244082777375
4224,0.4292,1,21,1,94315,511295,7415,100541,4.736142502501019,0.16432671500205936
4225,0.4293,2,20,2,94335,511275,7417,100539,4.735957241839268,0.16432935500004903
4226,0.4294,1,15,1,94350,511260,7418,100538,4.735818296342955,0.1643320180844004
4227,0.4295,8,43,8,94393,511217,7426,100530,4.735419985920189,0.164332640781238
4228,0.4296,3,60,3,94453,511157,7429,100527,4.7348642039349365,0.16434466162266792
4229,0.4297,2,11,2,94464,511146,7431,100525,4.734762310570973,0.16434488475013528
4230,0.4298,2,27,2,94491,511119,7433,100523,4.734512208677609,0.1643494070060591
4231,0.4299,4,19,4,94510,511100,7437,100519,4.734336211048946,0.16434904736445402
4232,0.43,0,35,0,94545,511065,7437,100519,4.734012004890881,0.16435845280452072
4233,0.4301,1,35,1,94580,511030,7438,100518,4.733687798732817,0.16436649289998495
4234,0.4302,5,34,5,94614,510996,7443,100513,4.73337285560784,0.16436879915095282
4235,0.4303,3,38,3,94652,510958,7446,100510,4.733020860350513,0.1643749141410507
4236,0.4304,4,17,4,94669,510941,7450,100506,4.732863388788025,0.16437401769899926
4237,0.4305,2,28,2,94697,510913,7452,100504,4.732604023861573,0.16437881184199982
4238,0.4306,6,37,6,94734,510876,7458,100498,4.732261291637334,0.16438055919944256
4239,0.4307,4,38,4,94772,510838,7462,100494,4.731909296380007,0.16438530945541865
4240,0.4308,3,22,3,94794,510816,7465,100491,4.73170550965208,0.16438712463623023
4241,0.4309,2,14,2,94808,510802,7467,100489,4.731575827188855,0.16438815555929992
4242,0.431,2,38,2,94846,510764,7469,100487,4.731223831931528,0.16439564107052584
4243,0.4311,3,25,3,94871,510739,7472,100484,4.730992256104339,0.1643982638087899
4244,0.4312,0,26,0,94897,510713,7472,100484,4.730751417244062,0.16440525722475732
4245,0.4313,2,27,2,94924,510686,7474,100482,4.730501315350699,0.16440978585266244
4246,0.4314,1,42,1,94966,510644,7475,100481,4.7301122679610215,0.16441971773368788
4247,0.4315,4,35,4,95001,510609,7479,100477,4.729788061802957,0.1644236654087968
4248,0.4316,2,12,2,95013,510597,7481,100475,4.729676905405906,0.16442415950984499
4249,0.4317,2,24,2,95037,510573,7483,100473,4.729454592611805,0.16442788267986372
4250,0.4318,2,40,2,95077,510533,7485,100471,4.729084071288303,0.16443591203985572
4251,0.4319,3,37,3,95114,510496,7488,100468,4.728741339064063,0.16444176743637923
4252,0.432,4,22,4,95136,510474,7492,100464,4.728537552336137,0.16444221835930978
4253,0.4321,3,46,3,95182,510428,7495,100461,4.728111452814109,0.1644504975535654
4254,0.4322,7,85,7,95267,510343,7502,100454,4.727324095001667,0.16446380712413453
4255,0.4323,10,55,10,95322,510288,7512,100444,4.7268146281818515,0.16446493715737837
4256,0.4324,2,11,2,95333,510277,7514,100442,4.726712734817888,0.1644651631928923
4257,0.4325,0,32,0,95365,510245,7514,100442,4.726416317759087,0.16447378116776679
4258,0.4326,1,30,1,95395,510215,7515,100441,4.72613842676646,0.16448049310904994
4259,0.4327,6,36,6,95431,510179,7521,100435,4.725804957575308,0.16448198043281026
4260,0.4328,2,16,2,95447,510163,7523,100433,4.725656749045908,0.16448355377368998
4261,0.4329,5,32,5,95479,510131,7528,100428,4.725360331987106,0.16448533229384876
4262,0.433,7,92,7,95571,510039,7535,100421,4.7245081329430505,0.16450054057595911
4263,0.4331,3,24,3,95595,510015,7538,100418,4.72428582014895,0.16450290203838913
4264,0.4332,4,23,4,95618,509992,7542,100414,4.724072770387936,0.16450362545584415
4265,0.4333,1,30,1,95648,509962,7543,100413,4.723794879395309,0.1645103420028671
4266,0.4334,2,30,2,95678,509932,7545,100411,4.723516988402682,0.1645156903577169
4267,0.4335,2,19,2,95697,509913,7547,100409,4.723340990774019,0.164518074065821
4268,0.4336,2,30,2,95727,509883,7549,100407,4.723063099781393,0.16452342329056677
4269,0.4337,1,35,1,95762,509848,7550,100406,4.722738893623328,0.16453149016638974
4270,0.4338,5,67,5,95829,509781,7555,100401,4.722118270406462,0.16454271020777408
4271,0.4339,3,52,3,95881,509729,7558,100398,4.721636592685909,0.1645526259287001
4272,0.434,1,42,1,95923,509687,7559,100397,4.721247545296232,0.16456258482438485
4273,0.4341,1,24,1,95947,509663,7560,100396,4.7210252325021305,0.1645676893546362
4274,0.4342,7,19,7,95966,509644,7567,100389,4.720849234873467,0.1645632285466524
4275,0.4343,3,41,3,96007,509603,7570,100386,4.720469450516878,0.16457018077375166
4276,0.4344,3,53,3,96060,509550,7573,100383,4.719978509763237,0.16458037194249203
4277,0.4345,0,13,0,96073,509537,7573,100383,4.719858090333099,0.1645838798530955
4278,0.4346,2,19,2,96092,509518,7575,100381,4.719682092704435,0.1645862675623341
4279,0.4347,3,10,3,96102,509508,7578,100378,4.71958946237356,0.16458485684209836
4280,0.4348,2,17,2,96119,509491,7580,100376,4.719431990811072,0.16458670497010003
4281,0.4349,1,37,1,96156,509454,7581,100375,4.719089258586831,0.16459532098342322
4282,0.435,4,49,4,96205,509405,7585,100371,4.718635369965542,0.1646030673558815
4283,0.4351,2,39,2,96244,509366,7587,100369,4.718274111675127,0.16461085553560154
4284,0.4352,2,38,2,96282,509328,7589,100367,4.7179221164178,0.16461837476115107
4285,0.4353,6,26,6,96308,509302,7595,100361,4.717681277557523,0.16461717375008816
4286,0.4354,1,18,1,96326,509284,7596,100360,4.717514542961948,0.16462066386284455
4287,0.4355,1,64,1,96390,509220,7597,100359,4.716921708844344,0.16463657704743767
4288,0.4356,0,16,0,96406,509204,7597,100359,4.716773500314943,0.16464089847973057
4289,0.4357,1,16,1,96422,509188,7598,100358,4.716625291785542,0.1646438496848474
4290,0.4358,5,35,5,96457,509153,7603,100353,4.716301085627478,0.1646464513885015
4291,0.4359,7,77,7,96534,509076,7610,100346,4.715587832079736,0.16465765922464237
4292,0.436,2,31,2,96565,509045,7612,100344,4.715300678054022,0.1646632938894532
4293,0.4361,1,30,1,96595,509015,7613,100343,4.715022787061395,0.1646700297690356
4294,0.4362,4,26,4,96621,508989,7617,100339,4.714781948201119,0.16467157261770343
4295,0.4363,3,20,3,96641,508969,7620,100336,4.714596687539368,0.16467286498551628
4296,0.4364,3,21,3,96662,508948,7623,100333,4.714402163844529,0.16467442772710786
4297,0.4365,3,20,3,96682,508928,7626,100330,4.714216903182778,0.16467572030240063
4298,0.4366,6,92,6,96774,508836,7632,100324,4.713364704138723,0.1646923632543174
4299,0.4367,1,11,1,96785,508825,7633,100323,4.7132628107747605,0.1646939659984109
4300,0.4368,4,46,4,96831,508779,7637,100319,4.7128367112527325,0.16470091840721854
4301,0.4369,0,9,0,96840,508770,7637,100319,4.712753343954945,0.16470335205528255
4302,0.437,1,44,1,96884,508726,7638,100318,4.712345770499092,0.16471387945698504
4303,0.4371,1,10,1,96894,508716,7639,100317,4.712253140168217,0.16471521247617124
4304,0.4372,3,31,3,96925,508685,7642,100314,4.711965986142502,0.16471948229800049
4305,0.4373,3,9,3,96934,508676,7645,100311,4.711882618844714,0.16471780185783932
4306,0.4374,4,47,4,96981,508629,7649,100307,4.711447256289599,0.16472502857443147
4307,0.4375,6,43,6,97024,508586,7655,100301,4.7110489458668345,0.16472843072688365
4308,0.4376,3,17,3,97041,508569,7658,100298,4.710891474304346,0.16472891452484698
4309,0.4377,3,35,3,97076,508534,7661,100295,4.710567268146282,0.16473426857130655
4310,0.4378,6,45,6,97121,508489,7667,100289,4.7101504316573415,0.1647382132731472
4311,0.4379,6,12,6,97133,508477,7673,100283,4.710039275260291,0.16473322820159012
4312,0.438,4,27,4,97160,508450,7677,100279,4.709789173366928,0.1647350463013919
4313,0.4381,7,27,7,97187,508423,7684,100272,4.709539071473563,0.1647327479279442
4314,0.4382,2,13,2,97200,508410,7686,100270,4.709418652043425,0.16473352171912992
4315,0.4383,3,34,3,97234,508376,7689,100267,4.709103708918448,0.16473860703236545
4316,0.4384,0,13,0,97247,508363,7689,100267,4.70898328948831,0.1647421257578496
4317,0.4385,3,27,3,97274,508336,7692,100264,4.708733187594946,0.16474531712126192
4318,0.4386,4,20,4,97294,508316,7696,100260,4.708547926933195,0.16474524135029972
4319,0.4387,2,41,2,97335,508275,7698,100258,4.708168142576605,0.1647535959430302
4320,0.4388,3,17,3,97352,508258,7701,100255,4.708010671014117,0.16475408084954635
4321,0.4389,2,23,2,97375,508235,7703,100253,4.707797621253103,0.1647575630086378
4322,0.439,5,23,5,97398,508212,7708,100248,4.707584571492089,0.16475692732472144
4323,0.4391,3,28,3,97426,508184,7711,100245,4.7073252065656375,0.1647603911056179
4324,0.4392,5,53,5,97479,508131,7716,100240,4.706834265811997,0.1647678801257785
4325,0.4393,3,42,3,97521,508089,7719,100237,4.70644521842232,0.16477513701535032
4326,0.4394,2,41,2,97562,508048,7721,100235,4.706065434065731,0.16478349715510707
4327,0.4395,0,22,0,97584,508026,7721,100235,4.705861647337804,0.1647894571573716
4328,0.4396,2,39,2,97623,507987,7723,100233,4.70550038904739,0.16479727730097662
4329,0.4397,4,50,4,97673,507937,7727,100229,4.705037237393012,0.16480533275454398
4330,0.4398,4,27,4,97700,507910,7731,100225,4.704787135499648,0.1648071563057545
4331,0.4399,6,19,6,97719,507891,7737,100219,4.704611137870985,0.16480406505401984
4332,0.44,9,52,9,97771,507839,7746,100210,4.7041294601504315,0.1648057969012366
4333,0.4401,4,16,4,97787,507823,7750,100206,4.70398125162103,0.16480463925240407
4334,0.4402,2,21,2,97808,507802,7752,100204,4.703786727926192,0.16480758413568286
4335,0.4403,4,88,4,97896,507714,7756,100200,4.702971581014487,0.16482594577522477
4336,0.4404,1,15,1,97911,507699,7757,100199,4.702832635518174,0.16482863901509792
4337,0.4405,1,26,1,97937,507673,7758,100198,4.702591796657898,0.16483431517542374
4338,0.4406,1,34,1,97971,507639,7759,100197,4.702276853532921,0.16484216137247548
4339,0.4407,3,17,3,97988,507622,7762,100194,4.702119381970433,0.1648426497492662
4340,0.4408,3,40,3,98028,507582,7765,100191,4.70174886064693,0.16484937632964938
4341,0.4409,5,43,5,98071,507539,7770,100186,4.7013505502241655,0.16485416923773089
4342,0.441,5,50,5,98121,507489,7775,100181,4.700887398569788,0.16486086198100944
4343,0.4411,5,18,5,98139,507471,7780,100176,4.700720663974212,0.16485887365526367
4344,0.4412,3,24,3,98163,507447,7783,100173,4.70049835118011,0.16486126197294362
4345,0.4413,3,28,3,98191,507419,7786,100170,4.700238986253659,0.16486473586585668
4346,0.4414,1,28,1,98219,507391,7787,100169,4.699979621327207,0.16487095924682335
4347,0.4415,1,15,1,98234,507376,7788,100168,4.699840675830894,0.16487365524143108
4348,0.4416,1,26,1,98260,507350,7789,100167,4.699599836970617,0.16487933670991922
4349,0.4417,5,39,5,98299,507311,7794,100162,4.699238578680203,0.16488304830008907
4350,0.4418,1,24,1,98323,507287,7795,100161,4.699016265886102,0.1648881879601217
4351,0.4419,1,26,1,98349,507261,7796,100160,4.698775427025826,0.16489387097252153
4352,0.442,3,35,3,98384,507226,7799,100157,4.698451220867761,0.16489924808563955
4353,0.4421,0,28,0,98412,507198,7799,100157,4.698191855941309,0.16490685019469667
4354,0.4422,3,29,3,98441,507169,7802,100154,4.697923227981771,0.16491059946684056
4355,0.4423,3,12,3,98453,507157,7805,100151,4.697812071584719,0.1649097327879758
4356,0.4424,2,31,2,98484,507126,7807,100149,4.697524917559005,0.1649154007657157
4357,0.4425,0,22,0,98506,507104,7807,100149,4.697321130831079,0.1649213754398908
4358,0.4426,4,21,4,98527,507083,7811,100145,4.697126607136241,0.16492157805634786
4359,0.4427,1,8,1,98535,507075,7812,100144,4.69705250287154,0.16492237561736375
4360,0.4428,8,76,8,98611,506999,7820,100136,4.696348512356886,0.1649320167672758
4361,0.4429,3,40,3,98651,506959,7823,100133,4.695977991033384,0.16493875722295798
4362,0.443,1,17,1,98668,506942,7824,100132,4.695820519470896,0.16494200048099572
4363,0.4431,1,13,1,98681,506929,7825,100131,4.695700100040757,0.1649441570849669
4364,0.4432,4,27,4,98708,506902,7829,100127,4.695449998147393,0.16494599104820362
4365,0.4433,2,20,2,98728,506882,7831,100125,4.695264737485642,0.16494867439749458
4366,0.4434,2,10,2,98738,506872,7833,100123,4.695172107154767,0.1649486404336115
4367,0.4435,1,22,1,98760,506850,7834,100122,4.694968320426841,0.16495324331270636
4368,0.4436,1,30,1,98790,506820,7835,100121,4.694690429434214,0.16496002082574748
4369,0.4437,4,39,4,98829,506781,7839,100117,4.694329171143799,0.16496511769687822
4370,0.4438,5,16,5,98845,506765,7844,100112,4.694180962614398,0.16496258714698367
4371,0.4439,3,20,3,98865,506745,7847,100109,4.693995701952647,0.16496389576405526
4372,0.444,0,32,0,98897,506713,7847,100109,4.693699284893846,0.16497259492899072
4373,0.4441,5,39,5,98936,506674,7852,100104,4.693338026603431,0.16497631753293626
4374,0.4442,1,36,1,98972,506638,7853,100103,4.693004557412279,0.16498472989298563
4375,0.4443,6,34,6,99006,506604,7859,100097,4.6926896142873025,0.16498571784124305
4376,0.4444,3,19,3,99025,506585,7862,100094,4.692513616658639,0.16498675576375646
4377,0.4445,5,21,5,99046,506564,7867,100089,4.6923190929638,0.16498558484009804
4378,0.4446,10,33,10,99079,506531,7877,100079,4.692013412871911,0.1649807949094146
4379,0.4447,4,25,4,99104,506506,7881,100075,4.691781837044722,0.16498208813002715
4380,0.4448,1,22,1,99126,506484,7882,100074,4.691578050316796,0.16498669541906957
4381,0.4449,2,24,2,99150,506460,7884,100072,4.691355737522694,0.16499047041211345
4382,0.445,5,31,5,99181,506429,7889,100067,4.69106858349698,0.1649920197330238
4383,0.4451,11,40,11,99221,506389,7900,100056,4.690698062173478,0.1649877565154301
4384,0.4452,8,84,8,99305,506305,7908,100048,4.689919967394124,0.16499959594493638
4385,0.4453,4,41,4,99346,506264,7912,100044,4.689540183037534,0.16500524485904855
4386,0.4454,3,13,3,99359,506251,7915,100041,4.689419763607396,0.1650046512241626
4387,0.4455,3,35,3,99394,506216,7918,100038,4.689095557449331,0.16501004529454652
4388,0.4456,3,34,3,99428,506182,7921,100035,4.6887806143243544,0.16501516783593995
4389,0.4457,3,51,3,99479,506131,7924,100032,4.688308199636889,0.1650249190399282
4390,0.4458,3,32,3,99511,506099,7927,100029,4.688011782578087,0.16502949871974237
4391,0.4459,1,52,1,99563,506047,7928,100028,4.687530104857535,0.16504228024584416
4392,0.446,9,53,9,99616,505994,7937,100019,4.687039164103894,0.16504431423088284
4393,0.4461,2,27,2,99643,505967,7939,100017,4.68678906221053,0.16504891218249987
4394,0.4462,5,23,5,99666,505944,7944,100012,4.686576012449517,0.16504828733439392
4395,0.4463,1,14,1,99680,505930,7945,100011,4.686446329986291,0.16505072276013671
4396,0.4464,2,24,2,99704,505906,7947,100009,4.686224017192189,0.1650545043446688
4397,0.4465,1,26,1,99730,505880,7948,100008,4.685983178331913,0.16506020914756522
4398,0.4466,1,22,1,99752,505858,7949,100007,4.685779391603987,0.16506482467216294
4399,0.4467,2,18,2,99770,505840,7951,100005,4.685612657008411,0.16506697257549374
4400,0.4468,2,38,2,99808,505802,7953,100003,4.685260661751084,0.16507457019998184
4401,0.4469,6,41,6,99849,505761,7959,99997,4.684880877394494,0.16507747318235996
4402,0.447,0,25,0,99874,505736,7959,99997,4.684649301567306,0.1650842863109654
4403,0.4471,2,17,2,99891,505719,7961,99995,4.684491830004816,0.16508616277649188
4404,0.4472,2,10,2,99901,505709,7963,99993,4.684399199673941,0.16508613146398723
4405,0.4473,2,50,2,99951,505659,7965,99991,4.6839360480195635,0.16509700321968132
4406,0.4474,4,18,4,99969,505641,7969,99987,4.683769313423988,0.16509639580732727
4407,0.4475,0,25,0,99994,505616,7969,99987,4.683537737596799,0.16510321117960117
4408,0.4476,6,21,6,100015,505595,7975,99981,4.68334321390196,0.16510066449132726
4409,0.4477,3,10,3,100025,505585,7978,99978,4.683250583571085,0.16509925474310683
4410,0.4478,7,48,7,100073,505537,7985,99971,4.682805957982882,0.16510269063331945
4411,0.4479,8,77,8,100150,505460,7993,99963,4.68209270443514,0.16511265677055545
4412,0.448,8,53,8,100203,505407,8001,99955,4.6816017636815,0.16511607930461442
4413,0.4481,1,38,1,100241,505369,8002,99954,4.6812497684241725,0.1651250654609192
4414,0.4482,7,43,7,100284,505326,8009,99947,4.680851458001408,0.16512714097605544
4415,0.4483,7,62,7,100346,505264,8016,99940,4.68027714994998,0.16513440096232015
4416,0.4484,6,22,6,100368,505242,8022,99934,4.6800733632220535,0.1651321268523537
4417,0.4485,6,67,6,100435,505175,8028,99928,4.679452740005187,0.16514213282697326
4418,0.4486,3,35,3,100470,505140,8031,99925,4.6791285338471225,0.16514754613140736
4419,0.4487,3,37,3,100507,505103,8034,99922,4.678785801622883,0.16515350605346887
4420,0.4488,3,65,3,100572,505038,8037,99919,4.678183704472192,0.16516711105086807
4421,0.4489,9,34,9,100606,505004,8046,99910,4.677868761347216,0.16516397372188443
4422,0.449,2,30,2,100636,504974,8048,99908,4.677590870354589,0.1651694049417903
4423,0.4491,1,19,1,100655,504955,8049,99907,4.677414872725925,0.16517321306347563
4424,0.4492,1,33,1,100688,504922,8050,99906,4.6771091926340365,0.16518084480215864
4425,0.4493,2,25,2,100713,504897,8052,99904,4.6768776168068475,0.16518491206198402
4426,0.4494,2,43,2,100756,504854,8054,99902,4.676479306384082,0.16519389638135049
4427,0.4495,0,15,0,100771,504839,8054,99902,4.676340360887769,0.16519799385191347
4428,0.4496,6,57,6,100828,504782,8060,99896,4.675812368001779,0.1652052828116783
4429,0.4497,2,17,2,100845,504765,8062,99894,4.67565489643929,0.16520716635326688
4430,0.4498,6,15,6,100860,504750,8068,99888,4.675515950942977,0.16520298095720085
4431,0.4499,4,29,4,100889,504721,8072,99884,4.675247322983438,0.16520538202628163
4432,0.45,2,56,2,100945,504665,8074,99882,4.674728593130535,0.1652179235030527
4433,0.4501,3,17,3,100962,504648,8077,99879,4.6745711215680466,0.16521842696852249
4434,0.4502,6,40,6,101002,504608,8083,99873,4.674200600244544,0.16522107394607938
4435,0.4503,0,35,0,101037,504573,8083,99873,4.67387639408648,0.16523064095055637
4436,0.4504,1,22,1,101059,504551,8084,99872,4.6736726073585535,0.16523527397203613
4437,0.4505,1,19,1,101078,504532,8085,99871,4.67349660972989,0.1652390871653516
4438,0.4506,6,31,6,101109,504501,8091,99865,4.673209455704176,0.16523927553833273
4439,0.4507,5,22,5,101131,504479,8096,99860,4.673005668976249,0.16523838441669328
4440,0.4508,2,16,2,101147,504463,8098,99858,4.672857460446849,0.1652399966243106
4441,0.4509,0,15,0,101162,504448,8098,99858,4.672718514950535,0.165244098188666
4442,0.451,2,23,2,101185,504425,8100,99856,4.672505465189522,0.16524762486326725
4443,0.4511,1,34,1,101219,504391,8101,99855,4.672190522064545,0.16525554161715592
4444,0.4512,3,27,3,101246,504364,8104,99852,4.671940420171181,0.16525878162776225
4445,0.4513,3,39,3,101285,504325,8107,99849,4.671579161880766,0.1652653043659608
4446,0.4514,1,14,1,101299,504311,8108,99848,4.67144947941754,0.1652677523632024
4447,0.4515,0,29,0,101328,504282,8108,99848,4.6711808514580015,0.1652756856967871
4448,0.4516,3,24,3,101352,504258,8111,99845,4.6709585386639,0.16527810654805555
4449,0.4517,2,22,2,101374,504236,8113,99843,4.670754751935974,0.16528136220593664
4450,0.4518,2,32,2,101406,504204,8115,99841,4.670458334877172,0.16528735441895887
4451,0.4519,5,27,5,101433,504177,8120,99836,4.670208232983808,0.16528783320888787
4452,0.452,1,13,1,101446,504164,8121,99835,4.67008781355367,0.16529000875829264
4453,0.4521,7,62,7,101508,504102,8128,99828,4.669513505502242,0.1652973026675277
4454,0.4522,3,34,3,101542,504068,8131,99825,4.6691985623772645,0.16530246252233424
4455,0.4523,2,41,2,101583,504027,8133,99823,4.668818778020675,0.16531092158648672
4456,0.4524,5,27,5,101610,504000,8138,99818,4.668568676127311,0.16531140178000656
4457,0.4525,5,74,5,101684,503926,8143,99813,4.6678832116788325,0.165324751258408
4458,0.4526,2,20,2,101704,503906,8145,99811,4.667697951017081,0.16532746303317614
4459,0.4527,0,25,0,101729,503881,8145,99811,4.667466375189893,0.16533430954857775
4460,0.4528,4,29,4,101758,503852,8149,99807,4.667197747230353,0.1653367215596885
4461,0.4529,2,38,2,101796,503814,8151,99805,4.666845751973026,0.16534436457434243
4462,0.453,0,16,0,101812,503798,8151,99805,4.666697543443625,0.16534874743829966
4463,0.4531,4,98,4,101910,503700,8155,99801,4.665789766201045,0.16537006566683402
4464,0.4532,3,21,3,101931,503679,8158,99798,4.665595242506206,0.16537167116559537
4465,0.4533,4,66,4,101997,503613,8162,99794,4.664983882322428,0.16538422656681145
4466,0.4534,3,65,3,102062,503548,8165,99791,4.664381785171737,0.1653978940529288
4467,0.4535,4,52,4,102114,503496,8169,99787,4.663900107451184,0.1654066167951028
4468,0.4536,0,32,0,102146,503464,8169,99787,4.663603690392382,0.1654153909400896
4469,0.4537,1,18,1,102164,503446,8170,99786,4.663436955796806,0.16541894329213305
4470,0.4538,2,18,2,102182,503428,8172,99784,4.6632702212012305,0.16542111231208928
4471,0.4539,4,28,4,102210,503400,8176,99780,4.663010856274779,0.1654232567392818
4472,0.454,2,8,2,102218,503392,8178,99778,4.662936752010078,0.1654226834889003
4473,0.4541,2,24,2,102242,503368,8180,99776,4.662714439215977,0.16542649848129137
4474,0.4542,4,33,4,102275,503335,8184,99772,4.662408759124087,0.16543001490614434
4475,0.4543,7,85,7,102360,503250,8191,99765,4.6616214013116455,0.16544364568045572
4476,0.4544,3,27,3,102387,503223,8194,99762,4.661371299418281,0.1654469016642205
4477,0.4545,7,34,7,102421,503189,8201,99755,4.6610563562933045,0.16544654229911898
4478,0.4546,3,43,3,102464,503146,8204,99752,4.66065804587054,0.16545418959757704
4479,0.4547,5,19,5,102483,503127,8209,99747,4.660482048241876,0.16545248260830622
4480,0.4548,3,50,3,102533,503077,8212,99744,4.6600188965874985,0.16546205258277333
4481,0.4549,7,105,7,102638,502972,8219,99737,4.659046278113306,0.16548118577953871
4482,0.455,3,58,3,102696,502914,8222,99734,4.658509022194227,0.16549295774647887
4483,0.4551,1,15,1,102711,502899,8223,99733,4.658370076697914,0.16549569223008403
4484,0.4552,2,33,2,102744,502866,8225,99731,4.658064396606025,0.16550198557244725
4485,0.4553,2,78,2,102822,502788,8227,99729,4.657341880025196,0.16552064091137678
4486,0.4554,2,13,2,102835,502775,8229,99727,4.657221460595057,0.16552144225247384
4487,0.4555,3,27,3,102862,502748,8232,99724,4.656971358701694,0.16552470488255056
4488,0.4556,1,33,1,102895,502715,8233,99723,4.656665678609804,0.16553238673523252
4489,0.4557,6,30,6,102925,502685,8239,99717,4.656387787617177,0.16553231894980427
4490,0.4558,2,41,2,102966,502644,8241,99715,4.656008003260587,0.16554081536093923
4491,0.4559,7,36,7,103002,502608,8248,99708,4.655674534069436,0.16554101169485785
4492,0.456,6,34,6,103036,502574,8254,99702,4.6553595909444585,0.16554204384700702
4493,0.4561,0,12,0,103048,502562,8254,99702,4.655248434547408,0.16554534224194042
4494,0.4562,6,15,6,103063,502547,8260,99696,4.655109489051095,0.16554115199346442
4495,0.4563,6,41,6,103104,502506,8266,99690,4.654729704694505,0.16554410856266066
4496,0.4564,2,18,2,103122,502488,8268,99688,4.6545629700989295,0.16554628547135722
4497,0.4565,2,22,2,103144,502466,8270,99686,4.654359183371003,0.16554956223677741
4498,0.4566,0,32,0,103176,502434,8270,99686,4.654062766312201,0.16555836045970904
4499,0.4567,1,15,1,103191,502419,8271,99685,4.653923820815888,0.16556109907922884
4500,0.4568,9,59,9,103250,502360,8280,99676,4.653377301863722,0.16556484994252835
4501,0.4569,0,20,0,103270,502340,8280,99676,4.653192041201971,0.1655703502896933
4502,0.457,6,106,6,103376,502234,8286,99670,4.6522101596946905,0.16559119062176028
4503,0.4571,3,32,3,103408,502202,8289,99667,4.651913742635888,0.16559583563865227
4504,0.4572,5,26,5,103434,502176,8294,99662,4.651672903775612,0.16559605741079825
4505,0.4573,2,20,2,103454,502156,8296,99660,4.651487643113861,0.16559878766932085
4506,0.4574,2,21,2,103475,502135,8298,99658,4.651293119419022,0.16560179330766558
4507,0.4575,4,30,4,103505,502105,8302,99654,4.651015228426396,0.1656045027992934
4508,0.4576,2,23,2,103528,502082,8304,99652,4.650802178665383,0.1656080593750727
4509,0.4577,4,52,4,103580,502030,8308,99648,4.650320500944829,0.1656168249462337
4510,0.4578,2,33,2,103613,501997,8310,99646,4.65001482085294,0.1656231353144639
4511,0.4579,7,33,7,103646,501964,8317,99639,4.6497091407610505,0.1656225118558252
4512,0.458,5,46,5,103692,501918,8322,99634,4.649283041239023,0.1656282416150225
4513,0.4581,8,59,8,103751,501859,8330,99626,4.648736522286858,0.1656333906913722
4514,0.4582,1,10,1,103761,501849,8331,99625,4.648643891955982,0.1656347572796164
4515,0.4583,2,68,2,103829,501781,8333,99623,4.648014005706028,0.1656507106703647
4516,0.4584,5,14,5,103843,501767,8338,99618,4.647884323242803,0.16564763005395877
4517,0.4585,3,11,3,103854,501756,8341,99615,4.6477824298788395,0.16564649775263524
4518,0.4586,8,31,8,103885,501725,8349,99607,4.647495275853125,0.1656439371262464
4519,0.4587,2,6,2,103891,501719,8351,99605,4.6474396976546,0.16564281485521948
4520,0.4588,5,34,5,103925,501685,8356,99600,4.6471247545296235,0.16564524310435152
4521,0.4589,1,21,1,103946,501664,8357,99599,4.646930230834784,0.16564964083936648
4522,0.459,4,39,4,103985,501625,8361,99595,4.64656897254437,0.16565483516849072
4523,0.4591,5,14,5,103999,501611,8366,99590,4.646439290081144,0.1656517537395979
4524,0.4592,8,61,8,104060,501550,8374,99582,4.645874245062803,0.1656574595929014
4525,0.4593,3,26,3,104086,501524,8377,99579,4.645633406202527,0.16566046085279892
4526,0.4594,0,18,0,104104,501506,8377,99579,4.645466671606951,0.1656654216957668
4527,0.4595,3,14,3,104118,501492,8380,99576,4.6453369891437255,0.16566511609335383
4528,0.4596,1,23,1,104141,501469,8381,99575,4.645123939382711,0.16567006741602944
4529,0.4597,2,18,2,104159,501451,8383,99573,4.6449572047871355,0.16567225268874455
4530,0.4598,6,16,6,104175,501435,8389,99567,4.644808996257734,0.16566833388241636
4531,0.4599,5,26,5,104201,501409,8394,99562,4.644568157397458,0.16566855971419586
4532,0.46,4,37,4,104238,501372,8398,99558,4.644225425173219,0.16567320652987869
4533,0.4601,0,17,0,104255,501355,8398,99558,4.6440679536107305,0.16567789347209996
4534,0.4602,3,41,3,104296,501314,8401,99555,4.6436881692541405,0.16568503284409747
4535,0.4603,3,22,3,104318,501292,8404,99552,4.643484382526214,0.16568693371324336
4536,0.4604,1,9,1,104327,501283,8405,99551,4.643401015228426,0.16568802697583693
4537,0.4605,3,24,3,104351,501259,8408,99548,4.643178702434325,0.16569047963821992
4538,0.4606,3,25,3,104376,501234,8411,99545,4.642947126607136,0.1656932083178673
4539,0.4607,2,18,2,104394,501216,8413,99543,4.64278039201156,0.16569539532491398
4540,0.4608,6,17,6,104411,501199,8419,99537,4.642622920449072,0.16569175145155277
4541,0.4609,2,22,2,104433,501177,8421,99535,4.642419133721146,0.16569504188363143
4542,0.461,4,26,4,104459,501151,8425,99531,4.642178294860869,0.16569665813192339
4543,0.4611,5,52,5,104511,501099,8430,99526,4.641696617140316,0.16570405827263268
4544,0.4612,0,37,0,104548,501062,8430,99526,4.641353884916077,0.16571426668531505
4545,0.4613,2,32,2,104580,501030,8432,99524,4.641057467857276,0.1657203182394922
4546,0.4614,6,42,6,104622,500988,8438,99518,4.640668420467598,0.16572357312000213
4547,0.4615,6,34,6,104656,500954,8444,99512,4.640353477342621,0.16572462054471027
4548,0.4616,6,23,6,104679,500931,8450,99506,4.640140427581607,0.1657226320163481
4549,0.4617,2,39,2,104718,500892,8452,99504,4.6397791692911925,0.16573061779225712
4550,0.4618,2,32,2,104750,500860,8454,99502,4.639482752232391,0.16573667220776797
4551,0.4619,5,31,5,104781,500829,8459,99497,4.639195598206677,0.16573828220000467
4552,0.462,0,17,0,104798,500812,8459,99497,4.639038126644189,0.1657429757008474
4553,0.4621,3,19,3,104817,500793,8462,99494,4.638862129015525,0.16574405242825516
4554,0.4622,4,18,4,104835,500775,8466,99490,4.6386953944199485,0.16574346330370754
4555,0.4623,11,35,11,104870,500740,8477,99479,4.6383711882618845,0.16573783902209027
4556,0.4624,1,21,1,104891,500719,8478,99478,4.6381766645670455,0.16574224796191916
4557,0.4625,5,18,5,104909,500701,8483,99473,4.63800992997147,0.16574026865542327
4558,0.4626,2,28,2,104937,500673,8485,99471,4.637750565045018,0.16574522114692475
4559,0.4627,4,24,4,104961,500649,8489,99467,4.637528252250917,0.1657462890507835
4560,0.4628,9,56,9,105017,500593,8498,99458,4.637009522398014,0.1657492446475383
4561,0.4629,11,67,11,105084,500526,8509,99447,4.6363888991811475,0.16575245886064874
4562,0.463,4,51,4,105135,500475,8513,99443,4.635916484493682,0.16576098733493577
4563,0.4631,1,19,1,105154,500456,8514,99442,4.635740486865019,0.16576484669060407
4564,0.4632,1,21,1,105175,500435,8515,99441,4.6355459631701805,0.16576925898018924
4565,0.4633,4,50,4,105225,500385,8519,99437,4.635082811515803,0.16577751399581875
4566,0.4634,7,37,7,105262,500348,8526,99430,4.634740079291563,0.16577800452834215
4567,0.4635,1,51,1,105313,500297,8527,99429,4.634267664604098,0.1657907110913984
4568,0.4636,1,34,1,105347,500263,8528,99428,4.633952721479121,0.16579871967396542
4569,0.4637,6,19,6,105366,500244,8534,99422,4.633776723850458,0.16579562623193578
4570,0.4638,5,17,5,105383,500227,8539,99417,4.63361925228797,0.16579337073330175
4571,0.4639,1,8,1,105391,500219,8540,99416,4.633545148023269,0.16579419146647545
4572,0.464,0,64,0,105455,500155,8540,99416,4.632952313905665,0.16581188883384954
4573,0.4641,3,19,3,105474,500136,8543,99413,4.632776316277002,0.16581296941534387
4574,0.4642,2,33,2,105507,500103,8545,99411,4.632470636185112,0.16581931364405167
4575,0.4643,5,18,5,105525,500085,8550,99406,4.632303901589537,0.16581733503922494
4576,0.4644,4,23,4,105548,500062,8554,99402,4.632090851828523,0.16581813086357144
4577,0.4645,4,14,4,105562,500048,8558,99398,4.631961169365297,0.16581643717699343
4578,0.4646,5,31,5,105593,500017,8563,99393,4.631674015339583,0.16581805442017986
4579,0.4647,5,20,5,105613,499997,8568,99388,4.631488754677831,0.16581662871109554
4580,0.4648,3,35,3,105648,499962,8571,99385,4.631164548519767,0.1658221364251427
4581,0.4649,3,43,3,105691,499919,8574,99382,4.630766238097002,0.16582985845176296
4582,0.465,5,24,5,105715,499895,8579,99377,4.630543925302901,0.16582953984167456
4583,0.4651,6,126,6,105841,499769,8585,99371,4.6293767831338695,0.16585606035317288
4584,0.4652,1,20,1,105861,499749,8586,99370,4.6291915224721185,0.16586020473395102
4585,0.4653,2,17,2,105878,499732,8588,99368,4.62903405090963,0.16586212652311802
4586,0.4654,2,22,2,105900,499710,8590,99366,4.628830264181704,0.16586543276646035
4587,0.4655,2,17,2,105917,499693,8592,99364,4.6286727926192155,0.16586735485938733
4588,0.4656,3,34,3,105951,499659,8595,99361,4.628357849494239,0.1658725919001035
4589,0.4657,2,36,2,105987,499623,8597,99359,4.628024380303087,0.16587977601998058
4590,0.4658,2,22,2,106009,499601,8599,99357,4.62782059357516,0.16588308362189003
4591,0.4659,2,49,2,106058,499552,8601,99355,4.62736670495387,0.16589386999984973
4592,0.466,0,21,0,106079,499531,8601,99355,4.627172181259032,0.16589968708568908
4593,0.4661,4,41,4,106120,499490,8605,99351,4.626792396902442,0.16590547407408646
4594,0.4662,5,86,5,106206,499404,8610,99346,4.625995776056912,0.1659223382045929
4595,0.4663,6,41,6,106247,499363,8616,99340,4.625615991700323,0.16592534194750988
4596,0.4664,1,42,1,106289,499321,8617,99339,4.625226944310645,0.1659355894831791
4597,0.4665,5,44,5,106333,499277,8622,99334,4.624819370854793,0.16594081966418928
4598,0.4666,3,17,3,106350,499260,8625,99331,4.624661899292304,0.16594135227559384
4599,0.4667,3,28,3,106378,499232,8628,99328,4.624402534365853,0.16594493450948944
4600,0.4668,0,20,0,106398,499212,8628,99328,4.624217273704102,0.16595047950011696
4601,0.4669,1,20,1,106418,499192,8629,99327,4.624032013042351,0.16595463134837823
4602,0.467,3,33,3,106451,499159,8632,99324,4.623726332950461,0.16595960119167963
4603,0.4671,4,27,4,106478,499132,8636,99320,4.623476231057097,0.1659615140395554
4604,0.4672,2,38,2,106516,499094,8638,99318,4.623124235799771,0.16596926532221948
4605,0.4673,1,10,1,106526,499084,8639,99317,4.623031605468895,0.16597064510253157
4606,0.4674,3,39,3,106565,499045,8642,99314,4.62267034717848,0.16597728119740823
4607,0.4675,1,12,1,106577,499033,8643,99313,4.62255919078143,0.16597921603888052
4608,0.4676,5,33,5,106610,499000,8648,99308,4.62225351068954,0.1659814008838257
4609,0.4677,5,33,5,106643,498967,8653,99303,4.621947830597651,0.1659835860063182
4610,0.4678,1,15,1,106658,498952,8654,99302,4.621808885101338,0.16598635362237443
4611,0.4679,5,44,5,106702,498908,8659,99297,4.621401311645485,0.1659915915112712
4612,0.468,4,48,4,106750,498860,8663,99293,4.620956686057283,0.1659993346184003
4613,0.4681,8,32,8,106782,498828,8671,99285,4.620660268998481,0.16599706075607787
4614,0.4682,6,54,6,106836,498774,8677,99279,4.620160065211753,0.166003681947921
4615,0.4683,3,54,3,106890,498720,8680,99276,4.619659861425025,0.1660144883912267
4616,0.4684,4,16,4,106906,498704,8684,99272,4.619511652895624,0.166013351706423
4617,0.4685,6,37,6,106943,498667,8690,99266,4.619168920671385,0.16601525588987395
4618,0.4686,4,41,4,106984,498626,8694,99262,4.618789136314795,0.16602106080068507
4619,0.4687,2,16,2,107000,498610,8696,99260,4.618640927785394,0.16602271396791946
4620,0.4688,1,22,1,107022,498588,8697,99259,4.618437141057468,0.1660274284223221
4621,0.4689,1,16,1,107038,498572,8698,99258,4.618288932528067,0.16603047689142397
4622,0.469,1,64,1,107102,498508,8699,99257,4.617696098410463,0.16604685787893236
4623,0.4691,2,97,2,107199,498411,8701,99255,4.616797584200971,0.16607101625322504
4624,0.4692,1,8,1,107207,498403,8702,99254,4.616723479936271,0.16607184388369917
4625,0.4693,1,23,1,107230,498380,8703,99253,4.616510430175256,0.16607683979967638
4626,0.4694,3,16,3,107246,498364,8706,99250,4.616362221645856,0.16607709993407116
4627,0.4695,2,10,2,107256,498354,8708,99248,4.61626959131498,0.16607708809542138
4628,0.4696,1,18,1,107274,498336,8709,99247,4.6161028567194045,0.16608069506662673
4629,0.4697,5,36,5,107310,498300,8714,99242,4.615769387528252,0.16608372298516255
4630,0.4698,5,48,5,107358,498252,8719,99237,4.61532476194005,0.16609008701415423
4631,0.4699,1,30,1,107388,498222,8720,99236,4.615046870947423,0.16609703108837776
4632,0.47,5,26,5,107414,498196,8725,99231,4.614806032087147,0.16609728050456374
4633,0.4701,4,43,4,107457,498153,8729,99227,4.6144077216643815,0.16610365261642507
4634,0.4702,5,37,5,107494,498116,8734,99222,4.614064989440142,0.16610696121793692
4635,0.4703,5,26,5,107520,498090,8739,99217,4.613824150579866,0.16610721119960087
4636,0.4704,2,10,2,107530,498080,8741,99215,4.61373152024899,0.16610719995981885
4637,0.4705,3,32,3,107562,498048,8744,99212,4.613435103190189,0.16611191106050965
4638,0.4706,4,17,4,107579,498031,8748,99208,4.6132776316277,0.16611105436851914
4639,0.4707,1,34,1,107613,497997,8749,99207,4.612962688502724,0.16611911507625535
4640,0.4708,4,59,4,107672,497938,8753,99203,4.612416169550557,0.1661299425093906
4641,0.4709,3,28,3,107700,497910,8756,99200,4.612156804624106,0.16613354323324012
4642,0.471,4,27,4,107727,497883,8760,99196,4.611906702730742,0.16613546951073477
4643,0.4711,3,22,3,107749,497861,8763,99193,4.611702916002816,0.16613740130708446
4644,0.4712,2,33,2,107782,497828,8765,99191,4.6113972359109265,0.16614379106862595
4645,0.4713,1,13,1,107795,497815,8766,99190,4.611276816480789,0.16614601217745245
4646,0.4714,3,49,3,107844,497766,8769,99187,4.610822927859498,0.16615545947503405
4647,0.4715,3,16,3,107860,497750,8772,99184,4.610674719330097,0.16615572240817242
4648,0.4716,8,44,8,107904,497706,8780,99176,4.6102671458742455,0.16615679481036452
4649,0.4717,4,15,4,107919,497691,8784,99172,4.610128200377932,0.16615538239093394
4650,0.4718,2,33,2,107952,497658,8786,99170,4.609822520286042,0.16616177525183135
4651,0.4719,4,7,4,107959,497651,8790,99166,4.60975767905443,0.1661581355758968
4652,0.472,4,47,4,108006,497604,8794,99162,4.6093223164993145,0.16616563276057952
4653,0.4721,1,18,1,108024,497586,8795,99161,4.609155581903739,0.16616924760409352
4654,0.4722,1,23,1,108047,497563,8796,99160,4.608942532142724,0.16617425505636618
4655,0.4723,5,13,5,108060,497550,8801,99155,4.608822112712587,0.16617088846247308
4656,0.4724,1,21,1,108081,497529,8802,99154,4.608627589017748,0.16617533933428638
4657,0.4725,4,41,4,108122,497488,8806,99150,4.608247804661159,0.16618116848072031
4658,0.4726,4,39,4,108161,497449,8810,99146,4.607886546370744,0.16618644138821143
4659,0.4727,3,25,3,108186,497424,8813,99143,4.607654970543555,0.16618921261149208
4660,0.4728,4,27,4,108213,497397,8817,99139,4.607404868650191,0.16619114353534406
4661,0.4729,5,20,5,108233,497377,8822,99134,4.60721960798844,0.1661897265934744
4662,0.473,3,33,3,108266,497344,8825,99131,4.60691392789655,0.16619472735655308
4663,0.4731,4,44,4,108310,497300,8829,99127,4.606506354440698,0.16620139597972594
4664,0.4732,1,23,1,108333,497277,8830,99126,4.606293304679684,0.16620640741243756
4665,0.4733,3,27,3,108360,497250,8833,99123,4.606043202786321,0.16620973786539633
4666,0.4734,2,12,2,108372,497238,8835,99121,4.6059320463892695,0.1662102860860656
4667,0.4735,7,37,7,108409,497201,8842,99114,4.60558931416503,0.1662108114000151
4668,0.4736,3,104,3,108513,497097,8845,99111,4.604625958723925,0.16623560904919088
4669,0.4737,11,56,11,108569,497041,8856,99100,4.604107228871022,0.16623584017874965
4670,0.4738,2,59,2,108628,496982,8858,99098,4.603560709918856,0.16624949671185077
4671,0.4739,2,30,2,108658,496952,8860,99096,4.603282818926229,0.1662550667060371
4672,0.474,3,28,3,108686,496924,8863,99093,4.603023453999778,0.16625868054099127
4673,0.4741,2,28,2,108714,496896,8865,99091,4.602764089073326,0.1662636936711707
4674,0.4742,5,36,5,108750,496860,8870,99086,4.602430619882174,0.16626674228873087
4675,0.4743,3,20,3,108770,496840,8873,99083,4.602245359220423,0.16626812524436882
4676,0.4744,4,38,4,108808,496802,8877,99079,4.601893363963096,0.1662731317158963
4677,0.4745,7,22,7,108830,496780,8884,99072,4.60168957723517,0.16626947631290992
4678,0.4746,3,30,3,108860,496750,8887,99069,4.601411686242543,0.166273650219278
4679,0.4747,2,55,2,108915,496695,8889,99067,4.600902219422728,0.16628620153685533
4680,0.4748,7,41,7,108956,496654,8896,99060,4.6005224350661384,0.16628784953853695
4681,0.4749,6,35,6,108991,496619,8902,99054,4.600198228908074,0.1662892224425146
4682,0.475,2,19,2,109010,496600,8904,99052,4.60002223127941,0.16629172738444595
4683,0.4751,2,35,2,109045,496565,8906,99050,4.599698025121346,0.16629869966337316
4684,0.4752,1,26,1,109071,496539,8907,99049,4.599457186261069,0.1663045595277272
4685,0.4753,3,41,3,109112,496498,8910,99046,4.59907740190448,0.16631180903510068
4686,0.4754,7,40,7,109152,496458,8917,99039,4.598706880580978,0.16631318041904494
4687,0.4755,2,42,2,109194,496416,8919,99037,4.5983178331913,0.1663221110650211
4688,0.4756,0,42,0,109236,496374,8919,99037,4.5979287858016225,0.16633384334518508
4689,0.4757,1,33,1,109269,496341,8920,99036,4.597623105709734,0.16634166250963675
4690,0.4758,1,46,1,109315,496295,8921,99035,4.597197006187706,0.1663531150790318
4691,0.4759,3,45,3,109360,496250,8924,99032,4.596780169698766,0.16636148917655832
4692,0.476,4,8,4,109368,496242,8928,99028,4.5967060654340655,0.16635812320459623
4693,0.4761,4,23,4,109391,496219,8932,99024,4.596493015673052,0.16635894920225858
4694,0.4762,5,51,5,109442,496168,8937,99019,4.596020600985587,0.1663662008746831
4695,0.4763,0,91,0,109533,496077,8937,99019,4.595177664974619,0.1663916410125425
4696,0.4764,6,67,6,109600,496010,8943,99013,4.594557041757753,0.16640197101624643
4697,0.4765,5,13,5,109613,495997,8948,99008,4.594436622327615,0.16639860169242277
4698,0.4766,5,48,5,109661,495949,8953,99003,4.593991996739413,0.16640502090924983
4699,0.4767,13,119,13,109780,495830,8966,98990,4.592889695801993,0.16642009347365588
4700,0.4768,2,19,2,109799,495811,8968,98988,4.59271369817333,0.16642260662845768
4701,0.4769,6,29,6,109828,495782,8974,98982,4.592445070213791,0.1664223120430961
4702,0.477,3,49,3,109877,495733,8977,98979,4.5919911815925,0.16643181909899246
4703,0.4771,2,17,2,109894,495716,8979,98977,4.591833710030012,0.16643377339232177
4704,0.4772,1,21,1,109915,495695,8980,98976,4.591639186335174,0.1664382490486336
4705,0.4773,6,28,6,109943,495667,8986,98970,4.591379821408722,0.1664376754221483
4706,0.4774,2,22,2,109965,495645,8988,98968,4.591176034680796,0.1664410297117621
4707,0.4775,2,36,2,110001,495609,8990,98966,4.590842565489644,0.16644830340999875
4708,0.4776,5,30,5,110031,495579,8995,98961,4.590564674497017,0.166449692199011
4709,0.4777,3,17,3,110048,495562,8998,98958,4.590407202934529,0.1664502455762632
4710,0.4778,4,33,4,110081,495529,9002,98954,4.590101522842639,0.16645387672986445
4711,0.4779,6,52,6,110133,495477,9008,98948,4.589619845122087,0.16646002439332128
4712,0.478,1,29,1,110162,495448,9009,98947,4.589351217162548,0.166466743495487
4713,0.4781,2,30,2,110192,495418,9011,98945,4.589073326169921,0.16647234097681046
4714,0.4782,5,68,5,110260,495350,9016,98940,4.588443439919968,0.1664843763145939
4715,0.4783,2,28,2,110288,495322,9018,98938,4.588184074993515,0.16648941540739742
4716,0.4784,6,23,6,110311,495299,9024,98932,4.587971025232502,0.16648744343529706
4717,0.4785,3,34,3,110345,495265,9027,98929,4.587656082107525,0.1664927616233082
4718,0.4786,4,27,4,110372,495238,9031,98925,4.587405980214161,0.16649471609642472
4719,0.4787,4,37,4,110409,495201,9035,98921,4.587063247989922,0.16649947317217675
4720,0.4788,8,33,8,110442,495168,9043,98913,4.586757567898032,0.16649749781595438
4721,0.4789,4,33,4,110475,495135,9047,98909,4.5864518878061435,0.16650113459609053
4722,0.479,1,25,1,110500,495110,9048,98908,4.586220311978955,0.16650673885303138
4723,0.4791,8,40,8,110540,495070,9056,98900,4.585849790655452,0.16650672592891896
4724,0.4792,2,33,2,110573,495037,9058,98898,4.585544110563563,0.1665131706331501
4725,0.4793,2,35,2,110608,495002,9060,98896,4.585219904405498,0.16652017686538767
4726,0.4794,1,49,1,110657,494953,9061,98895,4.584766015784209,0.16653251337042477
4727,0.4795,8,60,8,110717,494893,9069,98887,4.584210233798955,0.16653811175856378
4728,0.4796,4,110,4,110827,494783,9073,98883,4.583191300159324,0.16656335380500145
4729,0.4797,6,49,6,110876,494734,9079,98877,4.582737411538034,0.16656867881491413
4730,0.4798,5,51,5,110927,494683,9084,98872,4.582264996850569,0.16657597021337534
4731,0.4799,3,30,3,110957,494653,9087,98869,4.581987105857942,0.16658017731440453
4732,0.48,0,27,0,110984,494626,9087,98869,4.581737003964578,0.16658775558345057
4733,0.4801,7,41,7,111025,494585,9094,98862,4.581357219607988,0.1665894342712997
4734,0.4802,3,22,3,111047,494563,9097,98859,4.581153432880062,0.16659139701595155
4735,0.4803,7,50,7,111097,494513,9104,98852,4.580690281225684,0.16659560304365778
4736,0.4804,7,23,7,111120,494490,9111,98845,4.580477231464671,0.16659222867351497
4737,0.4805,5,130,5,111250,494360,9116,98840,4.579273037163289,0.16662171274443696
4738,0.4806,2,40,2,111290,494320,9118,98838,4.578902515839786,0.16663013901860887
4739,0.4807,1,27,1,111317,494293,9119,98837,4.578652413946423,0.16663631918803634
4740,0.4808,6,33,6,111350,494260,9125,98831,4.578346733854533,0.16663716023342118
4741,0.4809,4,44,4,111394,494216,9129,98827,4.577939160398681,0.16664390271868987
4742,0.481,1,13,1,111407,494203,9130,98826,4.577818740968543,0.16664615052552237
4743,0.4811,4,25,4,111432,494178,9134,98822,4.577587165141354,0.16664755480607082
4744,0.4812,2,27,2,111459,494151,9136,98820,4.57733706324799,0.1666523320702024
4745,0.4813,1,13,1,111472,494138,9137,98819,4.577216643817851,0.16665458034899663
4746,0.4814,3,33,3,111505,494105,9140,98816,4.576910963725963,0.16665963931113925
4747,0.4815,4,16,4,111521,494089,9144,98812,4.576762755196562,0.166658514659277
4748,0.4816,10,30,10,111551,494059,9154,98802,4.576484864203935,0.16665289165588562
4749,0.4817,2,52,2,111603,494007,9156,98800,4.576003186483383,0.1666646986287274
4750,0.4818,1,25,1,111628,493982,9157,98799,4.575771610656194,0.16667032175457716
4751,0.4819,4,39,4,111667,493943,9161,98795,4.575410352365779,0.16667566445883342
4752,0.482,5,45,5,111712,493898,9166,98790,4.574993515876839,0.1666812893124207
4753,0.4821,1,23,1,111735,493875,9167,98789,4.574780466115825,0.16668635179460875
4754,0.4822,6,21,6,111756,493854,9173,98783,4.5745859424209865,0.16668382163111653
4755,0.4823,4,28,4,111784,493826,9177,98779,4.574326577494535,0.1666860725103568
4756,0.4824,11,117,11,111901,493709,9188,98768,4.573242802623291,0.16670351760490282
4757,0.4825,4,30,4,111931,493679,9192,98764,4.572964911630664,0.166706332929919
4758,0.4826,1,42,1,111973,493637,9193,98763,4.572575864240987,0.16671674544226875
4759,0.4827,5,40,5,112013,493597,9198,98758,4.572205342917485,0.1667209696887846
4760,0.4828,3,15,3,112028,493582,9201,98755,4.572066397421172,0.16672097133895064
4761,0.4829,4,62,4,112090,493520,9205,98751,4.571492089369743,0.16673279630439444
4762,0.483,5,23,5,112113,493497,9210,98746,4.571279039608729,0.16673223659882852
4763,0.4831,4,44,4,112157,493453,9214,98742,4.5708714661528775,0.1667389964454276
4764,0.4832,7,61,7,112218,493392,9221,98735,4.570306421134537,0.16674632300165337
4765,0.4833,2,28,2,112246,493364,9223,98733,4.570047056208085,0.16675139377500647
4766,0.4834,3,20,3,112266,493344,9226,98730,4.569861795546334,0.16675280454808014
4767,0.4835,1,43,1,112309,493301,9227,98729,4.569463485123569,0.1667635086059828
4768,0.4836,7,40,7,112349,493261,9234,98722,4.569092963800067,0.16676492399274978
4769,0.4837,2,24,2,112373,493237,9236,98720,4.568870651005965,0.16676887003616817
4770,0.4838,2,24,2,112397,493213,9238,98718,4.568648338211864,0.16677281642623887
4771,0.4839,4,92,4,112489,493121,9242,98714,4.567796139167809,0.1667931095660108
4772,0.484,2,32,2,112521,493089,9244,98712,4.567499722109007,0.16679931260677153
4773,0.4841,2,51,2,112572,493038,9246,98710,4.567027307421542,0.1668108721955968
4774,0.4842,1,27,1,112599,493011,9247,98709,4.566777205528179,0.16681707564388562
4775,0.4843,1,12,1,112611,492999,9248,98708,4.566666049131127,0.16681905064499827
4776,0.4844,4,55,4,112666,492944,9252,98704,4.566156582311312,0.16682892530693927
4777,0.4845,8,40,8,112706,492904,9260,98696,4.56578606098781,0.1668289384719405
4778,0.4846,3,77,3,112783,492827,9263,98693,4.565072807440068,0.16684642953746281
4779,0.4847,2,11,2,112794,492816,9265,98691,4.564970914076105,0.1668467152544264
4780,0.4848,1,13,1,112807,492803,9266,98690,4.564850494645967,0.1668489736987589
4781,0.4849,1,11,1,112818,492792,9267,98689,4.5647486012820035,0.1668506680687968
4782,0.485,6,104,6,112922,492688,9273,98683,4.563785245840898,0.16687155778690535
4783,0.4851,8,28,8,112950,492660,9281,98675,4.5635258809144466,0.16686818808289716
4784,0.4852,4,28,4,112978,492632,9285,98671,4.563266515987995,0.16687045389588756
4785,0.4853,9,50,9,113028,492582,9294,98662,4.562803364333617,0.16687188368930594
4786,0.4854,1,12,1,113040,492570,9295,98661,4.562692207936567,0.16687386148561223
4787,0.4855,2,48,2,113088,492522,9297,98659,4.562247582348364,0.1668845920284989
4788,0.4856,7,38,7,113126,492484,9304,98652,4.561895587091037,0.1668854544470308
4789,0.4857,5,35,5,113161,492449,9309,98647,4.561571380932973,0.16688828887355014
4790,0.4858,3,34,3,113195,492415,9312,98644,4.561256437807996,0.1668936603621635
4791,0.4859,4,28,4,113223,492387,9316,98640,4.560997072881545,0.1668959286123984
4792,0.486,4,41,4,113264,492346,9320,98636,4.560617288524955,0.1669018684156201
4793,0.4861,3,23,3,113287,492323,9323,98633,4.560404238763941,0.16690413499482196
4794,0.4862,2,32,2,113319,492291,9325,98631,4.560107821705139,0.16691035365073564
4795,0.4863,3,34,3,113353,492257,9328,98628,4.559792878580162,0.16691572810276112
4796,0.4864,4,18,4,113371,492239,9332,98624,4.559626143984587,0.16691517322966576
4797,0.4865,4,29,4,113400,492210,9336,98620,4.559357516025047,0.16691772591100654
4798,0.4866,13,90,13,113490,492120,9349,98607,4.558523843047167,0.16692482314165427
4799,0.4867,5,45,5,113535,492075,9354,98602,4.558107006558227,0.1669304882363796
4800,0.4868,1,25,1,113560,492050,9355,98601,4.5578754307310385,0.16693614334014503
4801,0.4869,2,26,2,113586,492024,9357,98599,4.557634591870762,0.1669406711218493
4802,0.487,5,66,5,113652,491958,9362,98594,4.557023231686983,0.16695227515951178
4803,0.4871,1,19,1,113671,491939,9363,98593,4.55684723405832,0.16695623607188095
4804,0.4872,1,16,1,113687,491923,9364,98592,4.5566990255289195,0.1669593490427847
4805,0.4873,4,33,4,113720,491890,9368,98588,4.55639334543703,0.16696303672617777
4806,0.4874,3,21,3,113741,491869,9371,98585,4.556198821742191,0.1669647423846735
4807,0.4875,4,44,4,113785,491825,9375,98581,4.555791248286339,0.1669715416171245
4808,0.4876,10,94,10,113879,491731,9385,98571,4.554920523176109,0.16698401834992935
4809,0.4877,7,83,7,113962,491648,9392,98564,4.554151691429841,0.16699762119374056
4810,0.4878,4,34,4,113996,491614,9396,98560,4.553836748304865,0.16700159613944363
4811,0.4879,6,113,6,114109,491501,9402,98554,4.5527900255659715,0.1670251078289312
4812,0.488,11,125,11,114234,491376,9413,98543,4.551632146430027,0.1670449671904109
4813,0.4881,2,38,2,114272,491338,9415,98541,4.5512801511727,0.16705290407015677
4814,0.4882,4,18,4,114290,491320,9419,98537,4.551113416577124,0.1670523533670025
4815,0.4883,1,44,1,114334,491276,9420,98536,4.550705843121271,0.1670634032539182
4816,0.4884,1,16,1,114350,491260,9421,98535,4.550557634591871,0.16706652311396333
4817,0.4885,1,12,1,114362,491248,9422,98534,4.55044647819482,0.16706851005964915
4818,0.4886,0,15,0,114377,491233,9422,98534,4.550307532698507,0.1670727592422092
4819,0.4887,3,30,3,114407,491203,9425,98531,4.55002964170588,0.1670770211654746
4820,0.4888,1,47,1,114454,491156,9426,98530,4.5495942791507655,0.16708892529244376
4821,0.4889,7,26,7,114480,491130,9433,98523,4.5493534402904885,0.16708640505517652
4822,0.489,1,36,1,114516,491094,9434,98522,4.549019971099336,0.16709519416026702
4823,0.4891,4,32,4,114548,491062,9438,98518,4.548723554040535,0.16709861257166117
4824,0.4892,1,38,1,114586,491024,9439,98517,4.548371558783208,0.16710797043801873
4825,0.4893,3,14,3,114600,491010,9442,98514,4.548241876319982,0.16710770044985446
4826,0.4894,0,16,0,114616,490994,9442,98514,4.548093667790582,0.1671122359662634
4827,0.4895,2,28,2,114644,490966,9444,98512,4.54783430286413,0.16711734789084579
4828,0.4896,9,38,9,114682,490928,9453,98503,4.547482307606803,0.1671154045172378
4829,0.4897,3,18,3,114700,490910,9456,98500,4.547315573011227,0.16711626881118408
4830,0.4898,1,36,1,114736,490874,9457,98499,4.546982103820075,0.16712506341484934
4831,0.4899,1,38,1,114774,490836,9458,98498,4.546630108562748,0.16713442631852227
4832,0.49,3,57,3,114831,490779,9461,98495,4.546102115676757,0.1671463529699257
4833,0.4901,7,38,7,114869,490741,9468,98488,4.54575012041943,0.1671472381705585
4834,0.4902,3,19,3,114888,490722,9471,98485,4.545574122790766,0.167148387578559
4835,0.4903,3,57,3,114945,490665,9474,98482,4.545046129904776,0.1671603182227865
4836,0.4904,3,55,3,115000,490610,9477,98479,4.54453666308496,0.16717168373539482
4837,0.4905,2,17,2,115017,490593,9479,98477,4.544379191522472,0.1671736805473034
4838,0.4906,1,18,1,115035,490575,9480,98476,4.544212456926896,0.16717737513390182
4839,0.4907,6,51,6,115086,490524,9486,98470,4.543740042239431,0.16718336689338092
4840,0.4908,2,28,2,115114,490496,9488,98468,4.54348067731298,0.16718848690242527
4841,0.4909,3,30,3,115144,490466,9491,98465,4.543202786320353,0.1671927611214217
4842,0.491,1,15,1,115159,490451,9492,98464,4.54306384082404,0.16719560547787032
4843,0.4911,5,22,5,115181,490429,9497,98459,4.5428600540961135,0.16719478067136706
4844,0.4912,3,8,3,115189,490421,9500,98456,4.542785949831413,0.16719280936426453
4845,0.4913,2,43,2,115232,490378,9502,98454,4.5423876394086475,0.1672021900983642
4846,0.4914,6,43,6,115275,490335,9508,98448,4.541989328985883,0.16720591457294112
4847,0.4915,5,24,5,115299,490311,9513,98443,4.541767016191782,0.16720565805073087
4848,0.4916,7,24,7,115323,490287,9520,98436,4.541544703397681,0.16720257234726688
4849,0.4917,4,37,4,115360,490250,9524,98432,4.541201971173441,0.16720742268321437
4850,0.4918,13,115,13,115475,490135,9537,98419,4.540136722368373,0.16722169928332828
4851,0.4919,4,49,4,115524,490086,9541,98415,4.539682833747082,0.16722996222606248
4852,0.492,8,77,8,115601,490009,9549,98407,4.538969580199341,0.16724052371111595
4853,0.4921,5,23,5,115624,489986,9554,98402,4.538756530438326,0.16723998450002378
4854,0.4922,2,85,2,115709,489901,9556,98400,4.537969172625885,0.16726131691090104
4855,0.4923,2,25,2,115734,489876,9558,98398,4.537737596798696,0.16726559392391982
4856,0.4924,1,20,1,115754,489856,9559,98397,4.537552336136945,0.16726986517705816
4857,0.4925,3,25,3,115779,489831,9562,98394,4.537320760309756,0.16727272727272727
4858,0.4926,5,27,5,115806,489804,9567,98389,4.537070658416392,0.16727332695220787
4859,0.4927,2,66,2,115872,489738,9569,98387,4.5364592982326135,0.1672892667375133
4860,0.4928,3,28,3,115900,489710,9572,98384,4.536199933306162,0.1672929837747027
4861,0.4929,6,46,6,115946,489664,9578,98378,4.535773833784134,0.16729757398281075
4862,0.493,4,62,4,116008,489602,9582,98374,4.535199525732706,0.1673095500496619
4863,0.4931,5,38,5,116046,489564,9587,98369,4.534847530475379,0.1673132822957718
4864,0.4932,4,17,4,116063,489547,9591,98365,4.53469005891289,0.1673124549252269
4865,0.4933,2,28,2,116091,489519,9593,98363,4.5344306939864385,0.16731759094512164
4866,0.4934,1,15,1,116106,489504,9594,98362,4.5342917484901255,0.1673204437746017
4867,0.4935,4,55,4,116161,489449,9598,98358,4.53378228167031,0.16733043328847735
4868,0.4936,3,32,3,116193,489417,9601,98355,4.533485864611508,0.16733529327698496
4869,0.4937,4,34,4,116227,489383,9605,98351,4.533170921486532,0.16733930655704793
4870,0.4938,2,23,2,116250,489360,9607,98349,4.532957871725518,0.1673430218016059
4871,0.4939,3,22,3,116272,489338,9610,98346,4.532754084997592,0.16734503576752133
4872,0.494,5,29,5,116301,489309,9615,98341,4.532485457038052,0.16734620947843104
4873,0.4941,5,26,5,116327,489283,9620,98336,4.532244618177776,0.1673465289583897
4874,0.4942,5,19,5,116346,489264,9625,98331,4.532068620549112,0.16734485487453093
4875,0.4943,2,50,2,116396,489214,9627,98329,4.5316054688947345,0.1673562615842585
4876,0.4944,2,27,2,116423,489187,9629,98327,4.531355367001371,0.1673611182031407
4877,0.4945,6,30,6,116453,489157,9635,98321,4.531077476008744,0.1673611607583603
4878,0.4946,5,13,5,116466,489144,9640,98316,4.530957056578606,0.16735777755081196
4879,0.4947,5,74,5,116540,489070,9645,98311,4.530271592130127,0.16737177402742
4880,0.4948,2,18,2,116558,489052,9647,98309,4.5301048575345515,0.16737406807738342
4881,0.4949,3,44,3,116602,489008,9650,98306,4.529697284078699,0.16738235424321574
4882,0.495,4,28,4,116630,488980,9654,98302,4.529437919152247,0.16738466358580717
4883,0.4951,3,23,3,116653,488957,9657,98299,4.529224869391234,0.16738696582069829
4884,0.4952,1,23,1,116676,488934,9658,98298,4.529011819630219,0.16739210397253557
4885,0.4953,2,20,2,116696,488914,9660,98296,4.528826558968468,0.1673949694317195
4886,0.4954,4,44,4,116740,488870,9664,98292,4.528418985512617,0.16740184139981812
4887,0.4955,1,9,1,116749,488861,9665,98291,4.528335618214828,0.16740298934517808
4888,0.4956,2,26,2,116775,488835,9667,98289,4.528094779354552,0.1674075663743945
4889,0.4957,1,41,1,116816,488794,9668,98288,4.527714994997962,0.16741783941595892
4890,0.4958,9,102,9,116918,488692,9677,98279,4.526770165623032,0.16743416625352872
4891,0.4959,1,31,1,116949,488661,9678,98278,4.526483011597318,0.16744159103416198
4892,0.496,7,61,7,117010,488600,9685,98271,4.525917966578977,0.1674490646155629
4893,0.4961,3,42,3,117052,488558,9688,98268,4.525528919189299,0.1674567929846326
4894,0.4962,3,22,3,117074,488536,9691,98265,4.525325132461373,0.16745881482819558
4895,0.4963,8,82,8,117156,488454,9699,98257,4.524565563748194,0.1674708672583265
4896,0.4964,5,47,5,117203,488407,9704,98252,4.524130201193079,0.1674771886223513
4897,0.4965,3,46,3,117249,488361,9707,98249,4.5237041016710515,0.1674860639948177
4898,0.4966,2,39,2,117288,488322,9709,98247,4.523342843380637,0.1674943612771899
4899,0.4967,1,30,1,117318,488292,9710,98246,4.52306495238801,0.1675015088536463
4900,0.4968,6,40,6,117358,488252,9716,98240,4.522694431064508,0.16750441608751696
4901,0.4969,6,41,6,117399,488211,9722,98234,4.522314646707918,0.167507609409237
4902,0.497,2,32,2,117431,488179,9724,98232,4.522018229649117,0.1675139108918489
4903,0.4971,0,17,0,117448,488162,9724,98232,4.5218607580866275,0.16751876724523102
4904,0.4972,5,101,5,117549,488061,9729,98227,4.520925191744785,0.16754052615779275
4905,0.4973,2,11,2,117560,488050,9731,98225,4.520823298380821,0.1675408298153597
4906,0.4974,3,57,3,117617,487993,9734,98222,4.520295305494831,0.16755286029869587
4907,0.4975,0,7,0,117624,487986,9734,98222,4.520230464263219,0.1675548610732027
4908,0.4976,6,25,6,117649,487961,9740,98216,4.51999888843603,0.1675534864042772
4909,0.4977,2,33,2,117682,487928,9742,98214,4.51969320834414,0.16756007929819053
4910,0.4978,0,25,0,117707,487903,9742,98214,4.519461632516951,0.16756722633876853
4911,0.4979,1,24,1,117731,487879,9743,98213,4.51923931972285,0.16757266777229513
4912,0.498,4,59,4,117790,487820,9747,98209,4.518692800770684,0.1675838567715932
4913,0.4981,5,22,5,117812,487798,9752,98204,4.518489014042758,0.1675830457916526
4914,0.4982,5,40,5,117852,487758,9757,98199,4.518118492719256,0.167587382691904
4915,0.4983,1,17,1,117869,487741,9758,98198,4.517961021156768,0.16759082430082312
4916,0.4984,1,4,1,117873,487737,9759,98197,4.517923969024418,0.16759054774087184
4917,0.4985,8,111,8,117984,487626,9767,98189,4.516895772351699,0.16761093519285097
4918,0.4986,2,42,2,118026,487584,9769,98187,4.516506724962022,0.16762011093072207
4919,0.4987,3,29,3,118055,487555,9772,98184,4.516238097002483,0.16762414659088776
4920,0.4988,1,15,1,118070,487540,9773,98183,4.516099151506169,0.16762701823216777
4921,0.4989,6,80,6,118150,487460,9779,98177,4.515358108859165,0.16764138877837295
4922,0.499,5,31,5,118181,487429,9784,98172,4.51507095483345,0.16764315634706908
4923,0.4991,2,27,2,118208,487402,9786,98170,4.514820852940087,0.16764804328075797
4924,0.4992,6,46,6,118254,487356,9792,98164,4.514394753418059,0.16765268479300452
4925,0.4993,3,59,3,118313,487297,9795,98161,4.513848234465893,0.16766531501832754
4926,0.4994,1,111,1,118424,487186,9796,98160,4.512820037793175,0.16769568767874043
4927,0.4995,5,7,5,118431,487179,9801,98155,4.512755196561562,0.16769058349591856
4928,0.4996,3,32,3,118463,487147,9804,98152,4.512458779502761,0.16769548555524613
4929,0.4997,3,46,3,118509,487101,9807,98149,4.512032679980733,0.16770439982913285
4930,0.4998,1,13,1,118522,487088,9808,98148,4.511912260550595,0.16770670293693485
4931,0.4999,5,32,5,118554,487056,9813,98143,4.511615843491793,0.1677087623184592
4932,0.5,4,20,4,118574,487036,9817,98139,4.511430582830042,0.1677088050583159
4933,0.5001,6,24,6,118598,487012,9823,98133,4.51120827003594,0.16770714950995053
4934,0.5002,7,80,7,118678,486932,9830,98126,4.510467227388936,0.16772012347493753
4935,0.5003,2,27,2,118705,486905,9832,98124,4.510217125495572,0.1677250187597538
4936,0.5004,3,26,3,118731,486879,9835,98121,4.509976286635296,0.16772820512820513
4937,0.5005,6,57,6,118788,486822,9841,98115,4.509448293749306,0.1677360125962283
4938,0.5006,0,12,0,118800,486810,9841,98115,4.509337137352254,0.16773945377612515
4939,0.5007,10,51,10,118851,486759,9851,98105,4.508864722664789,0.16773985063194177
4940,0.5008,5,37,5,118888,486722,9856,98100,4.50852199044055,0.16774334754848483
4941,0.5009,2,39,2,118927,486683,9858,98098,4.508160732150135,0.16775168823884498
4942,0.501,8,89,8,119016,486594,9866,98090,4.507336322205343,0.1677658359045228
4943,0.5011,1,52,1,119068,486542,9867,98089,4.50685464448479,0.16777933431514921
4944,0.5012,6,20,6,119088,486522,9873,98083,4.506669383823039,0.1677765328726234
4945,0.5013,12,104,12,119192,486418,9885,98071,4.505706028381933,0.1677892997130827
4946,0.5014,4,18,4,119210,486400,9889,98067,4.505539293786358,0.1677887716500675
4947,0.5015,0,59,0,119269,486341,9889,98067,4.504992774834192,0.16780571107856154
4948,0.5016,2,47,2,119316,486294,9891,98065,4.504557412279077,0.16781635946395965
4949,0.5017,1,33,1,119349,486261,9892,98064,4.504251732187187,0.16782441278398152
4950,0.5018,7,35,7,119384,486226,9899,98057,4.503927526029123,0.16782449600621616
4951,0.5019,5,49,5,119433,486177,9904,98052,4.503473637407833,0.16783144965415958
4952,0.502,10,50,10,119483,486127,9914,98042,4.503010485753455,0.16783156928902423
4953,0.5021,6,29,6,119512,486098,9920,98036,4.502741857793916,0.16783135376471836
4954,0.5022,3,27,3,119539,486071,9923,98033,4.502491755900552,0.16783483763165463
4955,0.5023,2,27,2,119566,486044,9925,98031,4.502241654007188,0.16783974660788425
4956,0.5024,3,24,3,119590,486020,9928,98028,4.502019341213087,0.16784236912034628
4957,0.5025,7,50,7,119640,485970,9935,98021,4.501556189558709,0.1678467647617857
4958,0.5026,2,24,2,119664,485946,9937,98019,4.501333876764607,0.16785081297680512
4959,0.5027,4,23,4,119687,485923,9941,98015,4.501120827003594,0.1678517239843956
4960,0.5028,1,36,1,119723,485887,9942,98014,4.500787357812442,0.16786064760978317
4961,0.5029,7,81,7,119804,485806,9949,98007,4.50003705213235,0.16787395964118648
4962,0.503,6,26,6,119830,485780,9955,98001,4.499796213272074,0.16787288383828866
4963,0.5031,7,28,7,119858,485752,9962,97994,4.499536848345622,0.16787095757401335
4964,0.5032,1,34,1,119892,485718,9963,97993,4.4992219052206455,0.1678793101380649
4965,0.5033,2,24,2,119916,485694,9965,97991,4.498999592426544,0.16788336174477672
4966,0.5034,2,25,2,119941,485669,9967,97989,4.498768016599355,0.1678877013593577
4967,0.5035,1,40,1,119981,485629,9968,97988,4.498397495275853,0.16789778227844632
4968,0.5036,7,39,7,120020,485590,9975,97981,4.498036236985438,0.16789902171286783
4969,0.5037,3,90,3,120110,485500,9978,97978,4.497202564007559,0.1679206413952197
4970,0.5038,2,39,2,120149,485461,9980,97976,4.496841305717144,0.1679290137581264
4971,0.5039,3,17,3,120166,485444,9983,97973,4.496683834154656,0.16792962837901534
4972,0.504,4,24,4,120190,485420,9987,97969,4.496461521360554,0.16793083174348505
4973,0.5041,4,29,4,120219,485391,9991,97965,4.496192893401015,0.16793347458498756
4974,0.5042,9,114,9,120333,485277,10000,97956,4.495136907629034,0.1679534594235923
4975,0.5043,3,38,3,120371,485239,10003,97953,4.494784912371707,0.1679601229097793
4976,0.5044,2,113,2,120484,485126,10005,97951,4.493738189632813,0.16798981952640904
4977,0.5045,3,19,3,120503,485107,10008,97948,4.49356219200415,0.16799101285470497
4978,0.5046,3,25,3,120528,485082,10011,97945,4.493330616176961,0.1679939351007758
4979,0.5047,5,46,5,120574,485036,10016,97940,4.492904516654933,0.1680000548907674
4980,0.5048,2,11,2,120585,485025,10018,97938,4.49280262329097,0.16800037052094216
4981,0.5049,2,28,2,120613,484997,10020,97936,4.492543258364519,0.16800558554756723
4982,0.505,4,51,4,120664,484946,10024,97932,4.492070843677054,0.1680145759489979
4983,0.5051,4,26,4,120690,484920,10028,97928,4.491830004816777,0.16801636104095752
4984,0.5052,6,49,6,120739,484871,10034,97922,4.491376116195487,0.16802192202033997
4985,0.5053,1,45,1,120784,484826,10035,97921,4.490959279706547,0.16803346906976785
4986,0.5054,3,24,3,120808,484802,10038,97918,4.490736966912446,0.16803610653487094
4987,0.5055,3,22,3,120830,484780,10041,97915,4.49053318018452,0.16803816748041428
4988,0.5056,1,12,1,120842,484768,10042,97914,4.490422023787469,0.16804020031509467
4989,0.5057,12,87,12,120929,484681,10054,97902,4.4896161399088514,0.16804815794487651
4990,0.5058,0,40,0,120969,484641,10054,97902,4.4892456185853495,0.1680596968807453
4991,0.5059,9,62,9,121031,484579,10063,97893,4.488671310533921,0.16806473100852917
4992,0.506,10,55,10,121086,484524,10073,97883,4.4881618437141055,0.16806631788422874
4993,0.5061,5,38,5,121124,484486,10078,97878,4.487809848456779,0.16807014169831927
4994,0.5062,6,110,6,121234,484376,10084,97872,4.486790914817147,0.1680933210590676
4995,0.5063,4,62,4,121296,484314,10088,97868,4.486216606765719,0.1681055065254508
4996,0.5064,2,59,2,121355,484255,10090,97866,4.485670087813554,0.16811968645693937
4997,0.5065,2,12,2,121367,484243,10092,97864,4.485558931416503,0.16812029403528905
4998,0.5066,2,29,2,121396,484214,10094,97862,4.485290303456964,0.16812581174966842
4999,0.5067,5,26,5,121422,484188,10099,97857,4.485049464596687,0.1681261758111486
5000,0.5068,3,21,3,121443,484167,10102,97854,4.484854940901849,0.16812795414598442
5001,0.5069,3,26,3,121469,484141,10105,97851,4.484614102041572,0.16813117706085307
5002,0.507,6,74,6,121543,484067,10111,97845,4.483928637593094,0.16814398053313903
5003,0.5071,4,33,4,121576,484034,10115,97841,4.483622957501204,0.16814779806659505
5004,0.5072,8,44,8,121620,483990,10123,97833,4.4832153840453515,0.1681490762654622
5005,0.5073,1,14,1,121634,483976,10124,97832,4.483085701582126,0.16815169265462146
5006,0.5074,7,111,7,121745,483865,10131,97825,4.482057504909408,0.16817376953360036
5007,0.5075,1,14,1,121759,483851,10132,97824,4.481927822446182,0.1681763871577771
5008,0.5076,2,42,2,121801,483809,10134,97822,4.481538775056505,0.16818567098383683
5009,0.5077,1,19,1,121820,483790,10135,97821,4.481362777427841,0.16818973506347026
5010,0.5078,2,29,2,121849,483761,10137,97819,4.481094149468302,0.16819526118504763
5011,0.5079,2,19,2,121868,483742,10139,97817,4.480918151839639,0.16819789565633064
5012,0.508,4,61,4,121929,483681,10143,97813,4.480353106821298,0.16820981815805494
5013,0.5081,5,32,5,121961,483649,10148,97808,4.480056689762496,0.16821192280770547
5014,0.5082,9,38,9,121999,483611,10157,97799,4.479704694505169,0.1682100411069641
5015,0.5083,0,57,0,122056,483554,10157,97799,4.479176701619179,0.16822653362070894
5016,0.5084,7,81,7,122137,483473,10164,97792,4.478426395939087,0.16823995939889724
5017,0.5085,1,33,1,122170,483440,10165,97791,4.478120715847197,0.16824808036735825
5018,0.5086,3,26,3,122196,483414,10168,97788,4.477879876986921,0.16825131365686974
5019,0.5087,3,19,3,122215,483395,10171,97785,4.477703879358257,0.16825252073367974
5020,0.5088,2,13,2,122228,483382,10173,97783,4.477583459928119,0.1682534220057987
5021,0.5089,3,28,3,122256,483354,10176,97780,4.477324095001667,0.1682572349922737
5022,0.509,5,48,5,122304,483306,10181,97775,4.476879469413465,0.16826397696706655
5023,0.5091,3,24,3,122328,483282,10184,97772,4.476657156619363,0.168266632705394
5024,0.5092,6,35,6,122363,483247,10190,97766,4.476332950461299,0.1682681798858201
5025,0.5093,3,38,3,122401,483209,10193,97763,4.475980955203972,0.1682748910446631
5026,0.5094,2,28,2,122429,483181,10195,97761,4.47572159027752,0.16828013812050086
5027,0.5095,7,38,7,122467,483143,10202,97754,4.475369595020194,0.16828112384811766
5028,0.5096,2,26,2,122493,483117,10204,97752,4.475128756159917,0.16828579249366035
5029,0.5097,4,15,4,122508,483102,10208,97748,4.474989810663604,0.16828441077730913
5030,0.5098,5,39,5,122547,483063,10213,97743,4.474628552373189,0.16828855073811222
5031,0.5099,3,37,3,122584,483026,10216,97740,4.47428582014895,0.16829497594556156
5032,0.51,8,63,8,122647,482963,10224,97732,4.473702249064433,0.16830177631975476
5033,0.5101,4,38,4,122685,482925,10228,97728,4.473350253807107,0.16830706118800728
5034,0.5102,5,53,5,122738,482872,10233,97723,4.472859313053466,0.16831526279075776
5035,0.5103,3,15,3,122753,482857,10236,97720,4.4727203675571525,0.16831531390323765
5036,0.5104,8,100,8,122853,482757,10244,97712,4.471794064248398,0.16833284809352436
5037,0.5105,6,71,6,122924,482686,10250,97706,4.471136388899181,0.16834484279590345
5038,0.5106,0,23,0,122947,482663,10250,97706,4.470923339138167,0.16835151429521564
5039,0.5107,2,28,2,122975,482635,10252,97704,4.470663974211716,0.16835677078397282
5040,0.5108,9,57,9,123032,482578,10261,97695,4.4701359813257255,0.1683604096692419
5041,0.5109,6,24,6,123056,482554,10267,97689,4.469913668531624,0.16835877382407027
5042,0.511,1,29,1,123085,482525,10268,97688,4.469645040572085,0.16836575533467882
5043,0.5111,5,84,5,123169,482441,10273,97683,4.468866945792731,0.16838296640028683
5044,0.5112,4,22,4,123191,482419,10277,97679,4.468663159064804,0.16838361794041695
5045,0.5113,6,46,6,123237,482373,10283,97673,4.468237059542776,0.16838836919830497
5046,0.5114,4,28,4,123265,482345,10287,97669,4.467977694616325,0.1683907629815832
5047,0.5115,2,13,2,123278,482332,10289,97667,4.467857275186187,0.16839166964080973
5048,0.5116,8,134,8,123412,482198,10297,97659,4.466616028752455,0.16841911022890127
5049,0.5117,0,16,0,123428,482182,10297,97659,4.466467820223054,0.16842375754732763
5050,0.5118,4,60,4,123488,482122,10301,97655,4.465912038237801,0.1684354501817078
5051,0.5119,6,42,6,123530,482080,10307,97649,4.4655229908481235,0.16843904652001193
5052,0.512,6,33,6,123563,482047,10313,97643,4.465217310756234,0.16844002829098312
5053,0.5121,2,39,2,123602,482008,10315,97641,4.464856052465819,0.16844849210470475
5054,0.5122,5,40,5,123642,481968,10320,97636,4.4644855311423175,0.1684529437339977
5055,0.5123,0,30,0,123672,481938,10320,97636,4.464207640149691,0.1684616632216076
5056,0.5124,4,30,4,123702,481908,10324,97632,4.463929749157064,0.1684646443731235
5057,0.5125,2,15,2,123717,481893,10326,97630,4.463790803660751,0.16846613508005723
5058,0.5126,7,35,7,123752,481858,10333,97623,4.463466597502686,0.16846626550309673
5059,0.5127,6,32,6,123784,481826,10339,97617,4.463170180443885,0.16846695878628268
5060,0.5128,13,119,13,123903,481707,10352,97604,4.462067879506465,0.16848290469195304
5061,0.5129,0,18,0,123921,481689,10352,97604,4.46190114491089,0.16848813985323488
5062,0.513,0,33,0,123954,481656,10352,97604,4.461595464819,0.16849773849394054
5063,0.5131,4,67,4,124021,481589,10356,97600,4.460974841602134,0.16851148761457832
5064,0.5132,5,49,5,124070,481540,10361,97595,4.460520952980844,0.16851856648277172
5065,0.5133,1,28,1,124098,481512,10362,97594,4.460261588054393,0.1685252786191129
5066,0.5134,2,23,2,124121,481489,10364,97592,4.460048538293379,0.16852910041945773
5067,0.5135,10,82,10,124203,481407,10374,97582,4.459288969580199,0.16853860781465624
5068,0.5136,4,32,4,124235,481375,10378,97578,4.458992552521398,0.16854217872607966
5069,0.5137,5,20,5,124255,481355,10383,97573,4.458807291859647,0.16854082027471465
5070,0.5138,5,31,5,124286,481324,10388,97568,4.458520137833933,0.16854266426207307
5071,0.5139,4,71,4,124357,481253,10392,97564,4.457862462484716,0.16855759246877683
5072,0.514,6,34,6,124391,481219,10398,97558,4.457547519359739,0.1685588750071271
5073,0.5141,6,46,6,124437,481173,10404,97552,4.457121419837712,0.16856365285757485
5074,0.5142,5,33,5,124470,481140,10409,97547,4.456815739745823,0.16856608149137617
5075,0.5143,0,13,0,124483,481127,10409,97547,4.456695320315684,0.16856986835420287
5076,0.5144,2,13,2,124496,481114,10411,97545,4.4565749008855455,0.16857078175574908
5077,0.5145,8,65,8,124561,481049,10419,97537,4.455972803734855,0.1685782234620264
5078,0.5146,0,13,0,124574,481036,10419,97537,4.455852384304717,0.16858201125873484
5079,0.5147,8,54,8,124628,480982,10427,97529,4.4553521805179885,0.16858624987251755
5080,0.5148,5,74,5,124702,480908,10432,97524,4.45466671606951,0.16860063067050232
5081,0.5149,5,24,5,124726,480884,10437,97519,4.454444403275408,0.16860043948596393
5082,0.515,8,80,8,124806,480804,10445,97511,4.453703360628404,0.16861226148379344
5083,0.5151,2,35,2,124841,480769,10447,97509,4.45337915447034,0.16861959126925113
5084,0.5152,6,53,6,124894,480716,10453,97503,4.452888213716699,0.16862642009342482
5085,0.5153,7,33,7,124927,480683,10460,97496,4.45258253362481,0.16862597915178518
5086,0.5154,2,38,2,124965,480645,10462,97494,4.452230538367483,0.1686341865883464
5087,0.5155,11,51,11,125016,480594,10473,97483,4.451758123680018,0.1686332443601804
5088,0.5156,5,58,5,125074,480536,10478,97478,4.45122086776094,0.16864297404561135
5089,0.5157,6,52,6,125126,480484,10484,97472,4.4507391900403865,0.16864951657219582
5090,0.5158,5,22,5,125148,480462,10489,97467,4.45053540331246,0.16864874404987465
5091,0.5159,2,41,2,125189,480421,10491,97465,4.450155618955871,0.16865783216759014
5092,0.516,2,26,2,125215,480395,10493,97463,4.449914780095595,0.1686625433930135
5093,0.5161,0,7,0,125222,480388,10493,97463,4.449849938863982,0.16866458654566663
5094,0.5162,5,75,5,125297,480313,10498,97458,4.449155211382415,0.1686792864300908
5095,0.5163,4,12,4,125309,480301,10502,97454,4.4490440549853645,0.16867703438308626
5096,0.5164,1,40,1,125349,480261,10503,97453,4.448673533661863,0.1686872743260506
5097,0.5165,4,35,4,125384,480226,10507,97449,4.448349327503798,0.1686917384342407
5098,0.5166,5,29,5,125413,480197,10512,97444,4.448080699544259,0.16869301174951223
5099,0.5167,2,71,2,125484,480126,10514,97442,4.447423024195042,0.16871087040833288
5100,0.5168,7,36,7,125520,480090,10521,97435,4.447089555003891,0.1687113111986494
5101,0.5169,1,27,1,125547,480063,10522,97434,4.446839453110527,0.16871775957277702
5102,0.517,3,14,3,125561,480049,10525,97431,4.446709770647301,0.16871753134307682
5103,0.5171,0,22,0,125583,480027,10525,97431,4.446505983919375,0.16872395914508068
5104,0.5172,0,30,0,125613,479997,10525,97431,4.446228092926748,0.16873272511897588
5105,0.5173,5,16,5,125629,479981,10530,97426,4.4460798843973475,0.16873020243952705
5106,0.5174,3,27,3,125656,479954,10533,97423,4.445829782503983,0.16873377360026465
5107,0.5175,4,87,4,125743,479867,10537,97419,4.445023898625366,0.16875344283422775
5108,0.5176,1,24,1,125767,479843,10538,97418,4.444801585831264,0.16875901888400568
5109,0.5177,5,87,5,125854,479756,10543,97413,4.443995701952647,0.16877725588172615
5110,0.5178,1,33,1,125887,479723,10544,97412,4.443690021860758,0.16878546613877168
5111,0.5179,4,59,4,125946,479664,10548,97408,4.443143502908592,0.16879696121107937
5112,0.518,4,31,4,125977,479633,10552,97404,4.442856348882878,0.16880026757382977
5113,0.5181,5,44,5,126021,479589,10557,97399,4.442448775427025,0.16880593703855193
5114,0.5182,4,38,4,126059,479551,10561,97395,4.442096780169699,0.16881129256464208
5115,0.5183,4,20,4,126079,479531,10565,97391,4.441911519507948,0.168811381781246
5116,0.5184,4,31,4,126110,479500,10569,97387,4.441624365482234,0.16881468987860707
5117,0.5185,4,17,4,126127,479483,10573,97383,4.4414668939197455,0.1688139013219708
5118,0.5186,8,49,8,126176,479434,10581,97375,4.441013005298455,0.16881671402491985
5119,0.5187,4,38,4,126214,479396,10585,97371,4.4406610100411275,0.16882207199787783
5120,0.5188,7,64,7,126278,479332,10592,97364,4.440068175923525,0.16883071843744366
5121,0.5189,3,56,3,126334,479276,10595,97361,4.439549446070622,0.16884279017822304
5122,0.519,4,18,4,126352,479258,10599,97357,4.439382711475045,0.16884229511892684
5123,0.5191,6,45,6,126397,479213,10605,97351,4.438965874986105,0.1688468235963397
5124,0.5192,8,36,8,126433,479177,10613,97343,4.438632405794953,0.1688458336224242
5125,0.5193,6,55,6,126488,479122,10619,97337,4.438122938975138,0.16885329225495654
5126,0.5194,5,61,5,126549,479061,10624,97332,4.4375578939567975,0.1688639521992807
5127,0.5195,5,41,5,126590,479020,10629,97327,4.437178109600207,0.16886875441357377
5128,0.5196,5,37,5,126627,478983,10634,97322,4.436835377375968,0.16887238528209889
5129,0.5197,2,29,2,126656,478954,10636,97320,4.4365667494164285,0.16887799900741662
5130,0.5198,4,49,4,126705,478905,10640,97316,4.436112860795139,0.16888659038806292
5131,0.5199,7,36,7,126741,478869,10647,97309,4.435779391603987,0.16888704532279955
5132,0.52,2,39,2,126780,478830,10649,97307,4.435418133313572,0.16889559254135736
5133,0.5201,2,31,2,126811,478799,10651,97305,4.435130979287858,0.1689017955091442
5134,0.5202,4,19,4,126830,478780,10655,97301,4.434954981659194,0.16890159543536412
5135,0.5203,2,51,2,126881,478729,10657,97299,4.434482566971729,0.16891366391911505
5136,0.5204,4,38,4,126919,478691,10661,97295,4.434130571714402,0.16891903622657495
5137,0.5205,10,104,10,127023,478587,10671,97285,4.433167216273296,0.16893511058012892
5138,0.5206,1,37,1,127060,478550,10672,97284,4.432824484049057,0.16894452220605244
5139,0.5207,1,11,1,127071,478539,10673,97283,4.432722590685094,0.16894630632382923
5140,0.5208,2,39,2,127110,478500,10675,97281,4.432361332394679,0.16895486304688762
5141,0.5209,2,21,2,127131,478479,10677,97279,4.432166808699841,0.16895813866242415
5142,0.521,3,49,3,127180,478430,10680,97276,4.43171292007855,0.16896818862405463
5143,0.5211,5,81,5,127261,478349,10685,97271,4.430962614398458,0.1689847468816233
5144,0.5212,6,33,6,127294,478316,10691,97265,4.430656934306569,0.16898577263669232
5145,0.5213,3,27,3,127321,478289,10694,97262,4.4304068324132055,0.16898936844866919
5146,0.5214,3,22,3,127343,478267,10697,97259,4.430203045685279,0.16899149647452938
5147,0.5215,5,34,5,127377,478233,10702,97254,4.4298881025603025,0.16899426051326963
5148,0.5216,3,23,3,127400,478210,10705,97251,4.429675052799289,0.16899668265964157
5149,0.5217,2,38,2,127438,478172,10707,97249,4.4293230575419615,0.16900495463321638
5150,0.5218,4,27,4,127465,478145,10711,97245,4.429072955648597,0.16900710822224926
5151,0.5219,9,127,9,127592,478018,10720,97236,4.427896550446478,0.1690314191644039
5152,0.522,9,101,9,127693,477917,10729,97227,4.426960984104635,0.16904809925862044
5153,0.5221,4,20,4,127713,477897,10733,97223,4.426775723442884,0.16904819863680623
5154,0.5222,3,32,3,127745,477865,10736,97220,4.426479306384082,0.16905327038611684
5155,0.5223,3,42,3,127787,477823,10739,97217,4.426090258994405,0.16906128269337786
5156,0.5224,5,28,5,127815,477795,10744,97212,4.425830894067953,0.1690622896764735
5157,0.5225,2,22,2,127837,477773,10746,97210,4.425627107340027,0.16906586803435927
5158,0.5226,5,47,5,127884,477726,10751,97205,4.425191744784913,0.16907246260855652
5159,0.5227,3,25,3,127909,477701,10754,97202,4.424960168957724,0.16907547881990528
5160,0.5228,5,41,5,127950,477660,10759,97197,4.424580384601134,0.1690803104076318
5161,0.5229,2,50,2,128000,477610,10761,97195,4.424117232946756,0.16909212689520794
5162,0.523,4,32,4,128032,477578,10765,97191,4.423820815887955,0.16909575846992445
5163,0.5231,5,42,5,128074,477536,10770,97186,4.423431768498277,0.16910088703755902
5164,0.5232,5,19,5,128093,477517,10775,97181,4.423255770869614,0.16909924864885556
5165,0.5233,24,294,24,128387,477223,10799,97157,4.420532439141873,0.16915108464779413
5166,0.5234,2,33,2,128420,477190,10801,97155,4.420226759049983,0.16915791031522864
5167,0.5235,5,53,5,128473,477137,10806,97150,4.419735818296343,0.16916628793617128
5168,0.5236,8,111,8,128584,477026,10814,97142,4.418707621623624,0.16918741552994943
5169,0.5237,9,42,9,128626,476984,10823,97133,4.418318574233947,0.16918676855066128
5170,0.5238,9,95,9,128721,476889,10832,97124,4.417438586090629,0.16920174281767136
5171,0.5239,2,58,2,128779,476831,10834,97122,4.416901330171552,0.16921594625343886
5172,0.524,10,53,10,128832,476778,10844,97112,4.416410389417911,0.1692170973531513
5173,0.5241,3,16,3,128848,476762,10847,97109,4.41626218088851,0.16921747221936637
5174,0.5242,6,33,6,128881,476729,10853,97103,4.415956500796621,0.16921851691784354
5175,0.5243,9,28,9,128909,476701,10862,97094,4.415697135870169,0.16921374358438118
5176,0.5244,3,17,3,128926,476684,10865,97091,4.415539664307681,0.16921441331532394
5177,0.5245,7,119,7,129045,476565,10872,97084,4.414437363370262,0.1692393780866
5178,0.5246,7,74,7,129119,476491,10879,97077,4.413751898921783,0.16925107397902253
5179,0.5247,5,42,5,129161,476449,10884,97072,4.4133628515321055,0.1692562260143918
5180,0.5248,5,27,5,129188,476422,10889,97067,4.413112749638742,0.169256951746241
5181,0.5249,8,122,8,129310,476300,10897,97059,4.41198265960206,0.16928137519425002
5182,0.525,7,104,7,129414,476196,10904,97052,4.411019304160955,0.16930194261471473
5183,0.5251,6,35,6,129449,476161,10910,97046,4.41069509800289,0.16930358491783945
5184,0.5252,3,31,3,129480,476130,10913,97043,4.410407943977176,0.16930839380082452
5185,0.5253,7,58,7,129538,476072,10920,97036,4.409870688058097,0.1693153820920315
5186,0.5254,2,20,2,129558,476052,10922,97034,4.409685427396346,0.16931839200399243
5187,0.5255,4,24,4,129582,476028,10926,97030,4.409463114602246,0.16931968491845503
5188,0.5256,3,11,3,129593,476017,10929,97027,4.4093612212382824,0.16931858635637054
5189,0.5257,2,29,2,129622,475988,10931,97025,4.409092593278743,0.16932425616870822
5190,0.5258,2,39,2,129661,475949,10933,97023,4.408731334988328,0.16933288188602585
5191,0.5259,4,15,4,129676,475934,10937,97019,4.408592389492015,0.1693315158485949
5192,0.526,6,97,6,129773,475837,10943,97013,4.407693875282522,0.16935148817316925
5193,0.5261,11,163,11,129936,475674,10954,97002,4.406184000889251,0.16938373530582737
5194,0.5262,6,102,6,130038,475572,10960,96996,4.405239171514321,0.16940520601919773
5195,0.5263,4,20,4,130058,475552,10964,96992,4.40505391085257,0.16940532081377152
5196,0.5264,1,19,1,130077,475533,10965,96991,4.404877913223906,0.16940949200382865
5197,0.5265,3,24,3,130101,475509,10968,96988,4.4046556004298045,0.1694122414615273
5198,0.5266,3,33,3,130134,475476,10971,96985,4.404349920337915,0.16941765465245667
5199,0.5267,12,161,12,130295,475315,10983,96973,4.402858572010819,0.16944790035786178
5200,0.5268,5,47,5,130342,475268,10988,96968,4.402423209455704,0.16945456070572282
5201,0.5269,1,17,1,130359,475251,10989,96967,4.402265737893216,0.1694581435746516
5202,0.527,3,27,3,130386,475224,10992,96964,4.4020156359998515,0.16946178528735312
5203,0.5271,5,73,5,130459,475151,10997,96959,4.40133943458446,0.16947614969149288
5204,0.5272,8,31,8,130490,475120,11005,96951,4.401052280558746,0.16947371917122175
5205,0.5273,5,43,5,130533,475077,11010,96946,4.4006539701359815,0.1694791992629667
5206,0.5274,4,57,4,130590,475020,11014,96942,4.40012597724999,0.16949028082285186
5207,0.5275,6,20,6,130610,475000,11020,96936,4.399940716588239,0.16948749510434735
5208,0.5276,3,23,3,130633,474977,11023,96933,4.399727666827226,0.16948995471315417
5209,0.5277,6,38,6,130671,474939,11029,96927,4.399375671569899,0.1694925034885795
5210,0.5278,7,34,7,130705,474905,11036,96920,4.399060728444922,0.16949241463734535
5211,0.5279,0,20,0,130725,474885,11036,96920,4.398875467783171,0.16949834296657076
5212,0.528,5,26,5,130751,474859,11041,96915,4.398634628922895,0.1694987879826645
5213,0.5281,3,25,3,130776,474834,11044,96912,4.398403053095706,0.1695018417269207
5214,0.5282,6,35,6,130811,474799,11050,96906,4.398078846937641,0.16950350268057826
5215,0.5283,2,21,2,130832,474778,11052,96904,4.397884323242803,0.16950682372367856
5216,0.5284,6,32,6,130864,474746,11058,96898,4.397587906184001,0.16950759563644505
5217,0.5285,3,45,3,130909,474701,11061,96895,4.3971710696950606,0.169516581641579
5218,0.5286,6,28,6,130937,474673,11067,96889,4.396911704768609,0.1695161679747779
5219,0.5287,2,32,2,130969,474641,11069,96887,4.396615287709808,0.16952275304097086
5220,0.5288,5,16,5,130985,474625,11074,96882,4.396467079180407,0.169520233347973
5221,0.5289,4,61,4,131046,474564,11078,96878,4.395902034162066,0.16953251598587432
5222,0.529,1,58,1,131104,474506,11079,96877,4.395364778242988,0.1695482714746501
5223,0.5291,4,42,4,131146,474464,11083,96873,4.394975730853311,0.16955492117611848
5224,0.5292,2,20,2,131166,474444,11085,96871,4.39479047019156,0.16955794964249143
5225,0.5293,2,34,2,131200,474410,11087,96869,4.394475527066582,0.1695651336737391
5226,0.5294,2,18,2,131218,474392,11089,96867,4.394308792471007,0.169567569176153
5227,0.5295,4,35,4,131253,474357,11093,96863,4.393984586312943,0.16957214383249886
5228,0.5296,2,23,2,131276,474334,11095,96861,4.393771536551928,0.16957606421624838
5229,0.5297,2,33,2,131309,474301,11097,96859,4.393465856460039,0.16958295398837453
5230,0.5298,6,87,6,131396,474214,11103,96853,4.392659972581422,0.1696000644407749
5231,0.5299,7,61,7,131457,474153,11110,96846,4.392094927563082,0.16960800281611702
5232,0.53,2,21,2,131478,474132,11112,96844,4.3919004038682425,0.16961133217508267
5233,0.5301,9,26,9,131504,474106,11121,96835,4.391659565007966,0.16960596629073757
5234,0.5302,7,31,7,131535,474075,11128,96828,4.391372410982252,0.16960499419340938
5235,0.5303,1,14,1,131549,474061,11129,96827,4.3912427285190265,0.16960769888314345
5236,0.5304,1,15,1,131564,474046,11130,96826,4.391103783022713,0.1696107008226012
5237,0.5305,2,18,2,131582,474028,11132,96824,4.390937048427137,0.16961313965791483
5238,0.5306,3,20,3,131602,474008,11135,96821,4.390751787765386,0.16961471824311658
5239,0.5307,2,18,2,131620,473990,11137,96819,4.39058505316981,0.1696171574029141
5240,0.5308,3,32,3,131652,473958,11140,96816,4.390288636111008,0.16962230234733888
5241,0.5309,6,42,6,131694,473916,11146,96810,4.389899588721331,0.1696260552349113
5242,0.531,5,53,5,131747,473863,11151,96805,4.389408647967691,0.1696345335641739
5243,0.5311,6,70,6,131817,473793,11157,96799,4.388760235651562,0.16964661264090627
5244,0.5312,6,69,6,131886,473724,11163,96793,4.38812108636852,0.16965839755870551
5245,0.5313,7,51,7,131937,473673,11170,96786,4.387648671681055,0.16966337633379436
5246,0.5314,3,32,3,131969,473641,11173,96783,4.387352254622254,0.1696685272709423
5247,0.5315,5,62,5,132031,473579,11178,96778,4.386777946570825,0.16967969184212695
5248,0.5316,2,20,2,132051,473559,11180,96776,4.386592685909074,0.16968273032515976
5249,0.5317,7,58,7,132109,473501,11187,96769,4.386055429989996,0.1696897960615147
5250,0.5318,2,71,2,132180,473430,11189,96767,4.385397754640779,0.16970801319543946
5251,0.5319,4,37,4,132217,473393,11193,96763,4.38505502241654,0.16971320129929351
5252,0.532,2,50,2,132267,473343,11195,96761,4.384591870762162,0.1697251729509002
5253,0.5321,4,47,4,132314,473296,11199,96757,4.384156508207047,0.16973334058412112
5254,0.5322,6,60,6,132374,473236,11205,96751,4.383600726221794,0.16974246781066937
5255,0.5323,10,53,10,132427,473183,11215,96741,4.383109785468154,0.16974368512292867
5256,0.5324,7,81,7,132508,473102,11222,96734,4.382359479788062,0.16975761447153215
5257,0.5325,3,14,3,132522,473088,11225,96731,4.382229797324836,0.1697574141964378
5258,0.5326,8,50,8,132572,473038,11233,96723,4.381766645670458,0.169760654028619
5259,0.5327,7,157,7,132729,472881,11240,96716,4.380312349475712,0.16979724261188173
5260,0.5328,1,26,1,132755,472855,11241,96715,4.380071510615436,0.16980353600084275
5261,0.5329,4,18,4,132773,472837,11245,96711,4.37990477601986,0.16980307190965468
5262,0.533,7,46,7,132819,472791,11252,96704,4.379478676497833,0.1698065830253119
5263,0.5331,4,18,4,132837,472773,11256,96700,4.379311941902256,0.169806118990716
5264,0.5332,2,22,2,132859,472751,11258,96698,4.379108155174331,0.16980976347311172
5265,0.5333,6,30,6,132889,472721,11264,96692,4.378830264181704,0.1698099621891316
5266,0.5334,4,38,4,132927,472683,11268,96688,4.378478268924376,0.16981546302849987
5267,0.5335,4,20,4,132947,472663,11272,96684,4.3782930082626255,0.16981559576146005
5268,0.5336,8,46,8,132993,472617,11280,96676,4.377866908740598,0.1698176510162605
5269,0.5337,4,30,4,133023,472587,11284,96672,4.3775890177479715,0.16982076699709622
5270,0.5338,2,33,2,133056,472554,11286,96670,4.377283337656082,0.16982769524826782
5271,0.5339,8,66,8,133122,472488,11294,96662,4.376671977472304,0.16983571993323376
5272,0.534,5,40,5,133162,472448,11299,96657,4.376301456148801,0.1698403633775841
5273,0.5341,3,54,3,133216,472394,11302,96654,4.3758012523620735,0.16985210386470034
5274,0.5342,5,37,5,133253,472357,11307,96649,4.375458520137834,0.1698558538925776
5275,0.5343,9,215,9,133468,472142,11316,96640,4.37346696802401,0.1699069239181268
5276,0.5344,2,24,2,133492,472118,11318,96638,4.373244655229908,0.1699111745634332
5277,0.5345,9,45,9,133537,472073,11327,96629,4.372827818740968,0.16991148263941397
5278,0.5346,2,50,2,133587,472023,11329,96627,4.3723646670865906,0.1699235030335004
5279,0.5347,12,222,12,133809,471801,11341,96615,4.370308273741154,0.1699723441986151
5280,0.5348,11,55,11,133864,471746,11352,96604,4.369798806921338,0.16997272807249053
5281,0.5349,4,28,4,133892,471718,11356,96600,4.3695394419948865,0.1699752603296042
5282,0.535,5,26,5,133918,471692,11361,96595,4.36929860313461,0.16997573409210487
5283,0.5351,4,21,4,133939,471671,11365,96591,4.369104079439772,0.16997617296247153
5284,0.5352,4,36,4,133975,471635,11369,96587,4.36877061024862,0.1699810989366832
5285,0.5353,6,35,6,134010,471600,11375,96581,4.368446404090555,0.1699828047752389
5286,0.5354,3,45,3,134055,471555,11378,96578,4.368029567601615,0.1699918857028196
5287,0.5355,6,12,6,134067,471543,11384,96572,4.367918411204565,0.16998671043714741
5288,0.5356,3,33,3,134100,471510,11387,96569,4.367612731112676,0.1699922017888357
5289,0.5357,0,44,0,134144,471466,11387,96569,4.367205157656823,0.17000536938744973
5290,0.5358,1,28,1,134172,471438,11388,96568,4.366945792730371,0.1700122886025852
5291,0.5359,4,39,4,134211,471399,11392,96564,4.366584534439957,0.17001811737736436
5292,0.536,2,20,2,134231,471379,11394,96562,4.366399273778206,0.17002118177768466
5293,0.5361,11,123,11,134354,471256,11405,96551,4.365259920708437,0.17004193326253464
5294,0.5362,2,27,2,134381,471229,11407,96549,4.365009818815073,0.17004709587197814
5295,0.5363,0,17,0,134398,471212,11407,96549,4.364852347252584,0.17005218745211453
5296,0.5364,3,44,3,134442,471168,11410,96546,4.364444773796732,0.17006098140965345
5297,0.5365,8,56,8,134498,471112,11418,96538,4.363926043943829,0.17006606183387651
5298,0.5366,10,206,10,134704,470906,11428,96528,4.362017859127793,0.17011317615793203
5299,0.5367,2,19,2,134723,470887,11430,96526,4.361841861499129,0.17011594729059784
5300,0.5368,2,52,2,134775,470835,11432,96524,4.361360183778577,0.1701286134528579
5301,0.5369,10,90,10,134865,470745,11442,96514,4.360526510800697,0.1701409761678528
5302,0.537,4,57,4,134922,470688,11446,96510,4.359998517914706,0.17015222197539484
5303,0.5371,12,138,12,135060,470550,11458,96498,4.358720219348624,0.17017606975070892
5304,0.5372,2,20,2,135080,470530,11460,96496,4.358534958686873,0.17017914522438124
5305,0.5373,2,19,2,135099,470511,11462,96494,4.358358961058209,0.17018192079434927
5306,0.5374,4,48,4,135147,470463,11466,96490,4.3579143354700065,0.17019047434267037
5307,0.5375,3,46,3,135193,470417,11469,96487,4.3574882359479785,0.17019989275080083
5308,0.5376,6,80,6,135273,470337,11475,96481,4.356747193300975,0.17021513078272038
5309,0.5377,3,22,3,135295,470315,11478,96478,4.356543406573048,0.1702173456623494
5310,0.5378,3,30,3,135325,470285,11481,96475,4.3562655155804215,0.17022196344131554
5311,0.5379,4,35,4,135360,470250,11485,96471,4.355941309422358,0.17022661944766473
5312,0.538,4,44,4,135404,470206,11489,96467,4.355533735966505,0.17023397973787352
5313,0.5381,3,18,3,135422,470188,11492,96464,4.3553670013709285,0.17023499431749997
5314,0.5382,1,21,1,135443,470167,11493,96463,4.35517247767609,0.170239839048409
5315,0.5383,9,74,9,135517,470093,11502,96454,4.354487013227612,0.17024889373697152
5316,0.5384,5,42,5,135559,470051,11507,96449,4.354097965837934,0.1702541924095322
5317,0.5385,3,18,3,135577,470033,11510,96446,4.353931231242358,0.17025520804831248
5318,0.5386,3,17,3,135594,470016,11513,96443,4.35377375967987,0.1702559232000904
5319,0.5387,2,22,2,135616,469994,11515,96441,4.353569972951943,0.1702596061330956
5320,0.5388,6,26,6,135642,469968,11521,96435,4.353329134091667,0.17025863210470282
5321,0.5389,2,43,2,135685,469925,11523,96433,4.352930823668902,0.17026862867656148
5322,0.539,3,48,3,135733,469877,11526,96430,4.352486198080699,0.1702786651056759
5323,0.5391,2,98,2,135831,469779,11528,96428,4.351578420838119,0.17030520639977959
5324,0.5392,9,86,9,135917,469693,11537,96419,4.35078179999259,0.17031788762647673
5325,0.5393,4,17,4,135934,469676,11541,96415,4.350624328430101,0.17031713982380925
5326,0.5394,9,117,9,136051,469559,11550,96406,4.349540553558858,0.17033915524811605
5327,0.5395,1,36,1,136087,469523,11551,96405,4.3492070843677055,0.17034852490069408
5328,0.5396,1,44,1,136131,469479,11552,96404,4.348799510911853,0.17036030416181436
5329,0.5397,8,66,8,136197,469413,11560,96396,4.348188150728074,0.17036844588898373
5330,0.5398,7,77,7,136274,469336,11567,96389,4.347474897180333,0.17038136903972778
5331,0.5399,5,110,5,136384,469226,11572,96384,4.346455963540702,0.17040717101889996
5332,0.54,2,83,2,136467,469143,11574,96382,4.345687131794435,0.17042924715971886
5333,0.5401,4,41,4,136508,469102,11578,96378,4.345307347437845,0.17043573601188372
5334,0.5402,6,82,6,136590,469020,11584,96372,4.344547778724666,0.17045165124373884
5335,0.5403,1,44,1,136634,468976,11585,96371,4.344140205268813,0.1704634498812234
5336,0.5404,4,21,4,136655,468955,11589,96367,4.343945681573975,0.1704639126020215
5337,0.5405,12,159,12,136814,468796,11601,96355,4.3424728593130535,0.17049425728699055
5338,0.5406,4,31,4,136845,468765,11605,96351,4.342185705287339,0.17049773851740174
5339,0.5407,3,23,3,136868,468742,11608,96348,4.341972655526326,0.17050027429259057
5340,0.5408,13,148,13,137016,468594,11621,96335,4.340601726629368,0.17052585369134882
5341,0.5409,1,24,1,137040,468570,11622,96334,4.340379413835266,0.17053163015308795
5342,0.541,4,50,4,137090,468520,11626,96330,4.339916262180888,0.1705408515535098
5343,0.5411,10,48,10,137138,468472,11636,96320,4.339471636592686,0.1705406592161362
5344,0.5412,9,157,9,137295,468315,11645,96311,4.33801734039794,0.17057485840184475
5345,0.5413,8,84,8,137379,468231,11653,96303,4.337239245618585,0.17058848537023458
5346,0.5414,8,64,8,137443,468167,11661,96295,4.336646411500982,0.1705960720119335
5347,0.5415,9,76,9,137519,468091,11670,96286,4.335942420986328,0.1706058184511417
5348,0.5416,6,68,6,137587,468023,11676,96280,4.335312534736374,0.17061755829758127
5349,0.5417,7,36,7,137623,467987,11683,96273,4.334979065545222,0.17061815475135575
5350,0.5418,2,28,2,137651,467959,11685,96271,4.334719700618771,0.17062368183187707
5351,0.5419,4,21,4,137672,467938,11689,96267,4.334525176923932,0.17062415256865857
5352,0.542,3,24,3,137696,467914,11692,96264,4.334302864129831,0.17062700069836115
5353,0.5421,6,30,6,137726,467884,11698,96258,4.334024973137204,0.17062725342201077
5354,0.5422,6,33,6,137759,467851,11704,96252,4.333719293045315,0.17062841360531675
5355,0.5423,7,33,7,137792,467818,11711,96245,4.333413612953425,0.17062810359835692
5356,0.5424,0,21,0,137813,467797,11711,96245,4.333219089258587,0.1706344562993536
5357,0.5425,6,32,6,137845,467765,11717,96239,4.332922672199785,0.17063531464315856
5358,0.5426,3,41,3,137886,467724,11720,96236,4.3325428878431955,0.17064330803603092
5359,0.5427,1,30,1,137916,467694,11721,96235,4.332264996850569,0.17065091527479523
5360,0.5428,1,31,1,137947,467663,11722,96234,4.3319778428248545,0.17065882599127147
5361,0.5429,4,23,4,137970,467640,11726,96230,4.331764793063841,0.17065990387855356
5362,0.543,7,52,7,138022,467588,11733,96223,4.331283115343288,0.17066534707552708
5363,0.5431,1,30,1,138052,467558,11734,96222,4.331005224350662,0.17067295753662776
5364,0.5432,10,59,10,138111,467499,11744,96212,4.330458705398495,0.1706761088571981
5365,0.5433,5,29,5,138140,467470,11749,96207,4.330190077438957,0.17067753341009123
5366,0.5434,4,11,4,138151,467459,11753,96203,4.330088184074993,0.17067497897676268
5367,0.5435,2,25,2,138176,467434,11755,96201,4.3298566082478045,0.1706796064829189
5368,0.5436,7,38,7,138214,467396,11762,96194,4.329504612990478,0.17068081406696356
5369,0.5437,3,28,3,138242,467368,11765,96191,4.329245248064026,0.17068487948910407
5370,0.5438,2,31,2,138273,467337,11767,96189,4.328958094038312,0.17069132568861065
5371,0.5439,6,36,6,138309,467301,11773,96183,4.32862462484716,0.1706934003449965
5372,0.544,2,17,2,138326,467284,11775,96181,4.328467153284672,0.17069560664815028
5373,0.5441,5,35,5,138361,467249,11780,96176,4.328142947126607,0.17069885077871944
5374,0.5442,3,16,3,138377,467233,11783,96173,4.327994738597206,0.17069928257775033
5375,0.5443,4,17,4,138394,467216,11787,96169,4.327837267034718,0.17069854539968227
5376,0.5444,8,55,8,138449,467161,11795,96161,4.327327800214903,0.17070343427027526
5377,0.5445,4,40,4,138489,467121,11799,96157,4.3269572788914,0.1707096673401056
5378,0.5446,10,94,10,138583,467027,11809,96147,4.32608655378117,0.17072343538586654
5379,0.5447,8,52,8,138635,466975,11817,96139,4.325604876060617,0.17072741931473912
5380,0.5448,4,42,4,138677,466933,11821,96135,4.32521582867094,0.170734263001982
5381,0.5449,2,32,2,138709,466901,11823,96133,4.3249194116121386,0.1707410209685383
5382,0.545,4,22,4,138731,466879,11827,96129,4.324715624884212,0.1707418011822212
5383,0.5451,3,32,3,138763,466847,11830,96126,4.32441920782541,0.17074708733811392
5384,0.5452,8,174,8,138937,466673,11838,96118,4.322807440068176,0.1707880900725136
5385,0.5453,3,37,3,138974,466636,11841,96115,4.322464707843936,0.17079489863189937
5386,0.5454,5,11,5,138985,466625,11846,96110,4.322362814479973,0.17079086959225923
5387,0.5455,6,41,6,139026,466584,11852,96104,4.321983030123383,0.17079447224749772
5388,0.5456,7,94,7,139120,466490,11859,96097,4.321112305013154,0.1708126920814025
5389,0.5457,5,34,5,139154,466456,11864,96092,4.320797361888177,0.1708156459537675
5390,0.5458,5,22,5,139176,466434,11869,96087,4.320593575160251,0.17081495624163365
5391,0.5459,3,44,3,139220,466390,11872,96084,4.320186001704398,0.17082389586007532
5392,0.546,7,82,7,139302,466308,11879,96077,4.319426432991219,0.170838482534207
5393,0.5461,7,50,7,139352,466258,11886,96070,4.318963281336841,0.17084335121139263
5394,0.5462,2,49,2,139401,466209,11888,96068,4.3185093927155505,0.1708552901861538
5395,0.5463,4,35,4,139436,466174,11892,96064,4.3181851865574865,0.17086002724824717
5396,0.5464,2,61,2,139497,466113,11894,96062,4.3176201415391455,0.17087561702316895
5397,0.5465,15,51,15,139548,466062,11909,96047,4.3171477268516805,0.17086899515930185
5398,0.5466,3,64,3,139612,465998,11912,96044,4.316554892734077,0.17088402646065595
5399,0.5467,11,134,11,139746,465864,11923,96033,4.3153136463003445,0.1709085472960347
5400,0.5468,1,43,1,139789,465821,11924,96032,4.31491533587758,0.17092015171228062
5401,0.5469,16,256,16,140045,465565,11940,96016,4.312543999407166,0.170974445360509
5402,0.547,4,30,4,140075,465535,11944,96012,4.312266108414539,0.1709776741750913
5403,0.5471,1,33,1,140108,465502,11945,96011,4.31196042832265,0.1709862460886925
5404,0.5472,2,9,2,140117,465493,11947,96009,4.311877061024862,0.17098603388767983
5405,0.5473,8,66,8,140183,465427,11955,96001,4.3112657008410835,0.17099432162271921
5406,0.5474,5,25,5,140208,465402,11960,95996,4.311034125013895,0.1709945528840502
5407,0.5475,7,79,7,140287,465323,11967,95989,4.310302345399978,0.17100828059973774
5408,0.5476,3,33,3,140320,465290,11970,95986,4.309996665308089,0.1710139040329535
5409,0.5477,4,34,4,140354,465256,11974,95982,4.309681722183112,0.17101835584903374
5410,0.5478,3,12,3,140366,465244,11977,95979,4.309570565786061,0.17101758124667021
5411,0.5479,8,101,8,140467,465143,11985,95971,4.308634999444218,0.17103654515838138
5412,0.548,4,42,4,140509,465101,11989,95967,4.30824595205454,0.17104343858498436
5413,0.5481,4,21,4,140530,465080,11993,95963,4.308051428359702,0.17104393067911017
5414,0.5482,3,47,3,140577,465033,11996,95960,4.307616065804587,0.17105382776612185
5415,0.5483,4,93,4,140670,464940,12000,95956,4.306754603727445,0.17107627795527156
5416,0.5484,3,34,3,140704,464906,12003,95953,4.306439660602468,0.1710822149595531
5417,0.5485,3,34,3,140738,464872,12006,95950,4.306124717477491,0.17108815274721748
5418,0.5486,8,91,8,140829,464781,12014,95942,4.305281781466523,0.1711040923949972
5419,0.5487,2,35,2,140864,464746,12016,95940,4.304957575308459,0.17111181659609834
5420,0.5488,2,34,2,140898,464712,12018,95938,4.304642632183482,0.17111923660037456
5421,0.5489,3,28,3,140926,464684,12021,95935,4.30438326725703,0.17112334758543682
5422,0.549,2,53,2,140979,464631,12023,95933,4.30389232650339,0.17113656959776224
5423,0.5491,6,24,6,141003,464607,12029,95927,4.303670013709289,0.17113502481562223
5424,0.5492,4,44,4,141047,464563,12033,95923,4.3032624402534365,0.1711425441491848
5425,0.5493,7,29,7,141076,464534,12040,95916,4.302993812293898,0.171141047372647
5426,0.5494,8,113,8,141189,464421,12048,95908,4.301947089555004,0.17116372702465874
5427,0.5495,1,48,1,141237,464373,12049,95907,4.301502463966801,0.1711769115442279
5428,0.5496,0,24,0,141261,464349,12049,95907,4.3012801511727,0.17118424434544208
5429,0.5497,1,27,1,141288,464322,12050,95906,4.301030049279336,0.1711910150867147
5430,0.5498,7,162,7,141450,464160,12057,95899,4.299529437919152,0.1712301739638145
5431,0.5499,3,43,3,141493,464117,12060,95896,4.299131127496388,0.17123888195452605
5432,0.55,3,27,3,141520,464090,12063,95893,4.298881025603023,0.17124269843905976
5433,0.5501,6,46,6,141566,464044,12069,95887,4.298454926080996,0.171247885900227
5434,0.5502,3,25,3,141591,464019,12072,95884,4.298223350253807,0.17125109170695638
5435,0.5503,1,22,1,141613,463997,12073,95883,4.298019563525881,0.1712563406444238
5436,0.5504,5,103,5,141716,463894,12078,95878,4.297065471117863,0.17128044989745825
5437,0.5505,2,66,2,141782,463828,12080,95876,4.296454110934084,0.1712976859197004
5438,0.5506,2,5,2,141787,463823,12082,95874,4.296407795768647,0.17129625493793962
5439,0.5507,4,32,4,141819,463791,12086,95870,4.296111378709845,0.17130012632647262
5440,0.5508,3,58,3,141877,463733,12089,95867,4.295574122790766,0.1713134381701215
5441,0.5509,11,130,11,142007,463603,12100,95856,4.294369928489385,0.1713369523057096
5442,0.551,3,135,3,142142,463468,12103,95853,4.293119419022565,0.17137386223653323
5443,0.5511,1,25,1,142167,463443,12104,95852,4.292887843195376,0.17138004094440323
5444,0.5512,3,21,3,142188,463422,12107,95849,4.292693319500537,0.17138203125139692
5445,0.5513,8,77,8,142265,463345,12115,95841,4.291980065952796,0.17139377595290298
5446,0.5514,11,30,11,142295,463315,12126,95830,4.291702174960169,0.171386670720475
5447,0.5515,10,72,10,142367,463243,12136,95820,4.291035236577865,0.17139392161527414
5448,0.5516,4,69,4,142436,463174,12140,95816,4.290396087294824,0.17140914864308843
5449,0.5517,3,47,3,142483,463127,12143,95813,4.289960724739709,0.17141911475292518
5450,0.5518,9,228,9,142711,462899,12152,95804,4.287848753195746,0.17147572144771014
5451,0.5519,3,32,3,142743,462867,12155,95801,4.287552336136945,0.17148109431719732
5452,0.552,1,15,1,142758,462852,12156,95800,4.287413390640632,0.17148421557606525
5453,0.5521,5,36,5,142794,462816,12161,95795,4.28707992144948,0.17148785111642986
5454,0.5522,0,11,0,142805,462805,12161,95795,4.2869780280855165,0.17149122807017544
5455,0.5523,8,66,8,142871,462739,12169,95787,4.286366667901738,0.17149962580076844
5456,0.5524,2,39,2,142910,462700,12171,95785,4.286005409611323,0.1715086349678147
5457,0.5525,8,67,8,142977,462633,12179,95777,4.285384786394457,0.17151734388710804
5458,0.5526,4,20,4,142997,462613,12183,95773,4.285199525732706,0.1715175523741641
5459,0.5527,4,31,4,143028,462582,12187,95769,4.284912371706992,0.17152113992810974
5460,0.5528,8,40,8,143068,462542,12195,95761,4.28454185038349,0.1715215572905752
5461,0.5529,0,21,0,143089,462521,12195,95761,4.284347326688651,0.1715280091423331
5462,0.553,2,43,2,143132,462478,12197,95759,4.283949016265886,0.17153825346582185
5463,0.5531,2,53,2,143185,462425,12199,95757,4.283458075512246,0.17155157278450398
5464,0.5532,5,52,5,143237,462373,12204,95752,4.282976397791693,0.17156013437849943
5465,0.5533,5,16,5,143253,462357,12209,95747,4.282828189262292,0.1715576308358299
5466,0.5534,7,57,7,143310,462300,12216,95740,4.282300196376301,0.1715647623826249
5467,0.5535,10,137,10,143447,462163,12226,95730,4.281031160843306,0.17159204363560754
5468,0.5536,7,39,7,143486,462124,12233,95723,4.280669902552892,0.1715936448524416
5469,0.5537,2,33,2,143519,462091,12235,95721,4.280364222461003,0.1716008260847741
5470,0.5538,7,107,7,143626,461984,12242,95714,4.279373077920634,0.17162335170647913
5471,0.5539,4,43,4,143669,461941,12246,95710,4.2789747674978695,0.17163064353870072
5472,0.554,8,58,8,143727,461883,12254,95702,4.278437511578791,0.17163661145834266
5473,0.5541,5,37,5,143764,461846,12259,95697,4.278094779354552,0.17164057301409935
5474,0.5542,8,45,8,143809,461801,12267,95689,4.277677942865612,0.1716425406733753
5475,0.5543,4,42,4,143851,461759,12271,95685,4.277288895475935,0.17164952892129076
5476,0.5544,2,24,2,143875,461735,12273,95683,4.277066582681833,0.17165394730704786
5477,0.5545,3,28,3,143903,461707,12276,95680,4.2768072177553815,0.1716581118684146
5478,0.5546,4,21,4,143924,461686,12280,95676,4.276612694060543,0.17165863478313914
5479,0.5547,9,28,9,143952,461658,12289,95667,4.276353329134092,0.17165388238460502
5480,0.5548,5,29,5,143981,461629,12294,95662,4.276084701174552,0.17165538291485058
5481,0.5549,3,28,3,144009,461601,12297,95659,4.275825336248101,0.17165954850518608
5482,0.555,4,45,4,144054,461556,12301,95655,4.275408499759161,0.171667465286938
5483,0.5551,6,42,6,144096,461514,12307,95649,4.2750194523694836,0.17167148572320848
5484,0.5552,9,92,9,144188,461422,12316,95640,4.2741672533254285,0.1716864550085987
5485,0.5553,4,70,4,144258,461352,12320,95636,4.2735188410093,0.17170208334829476
5486,0.5554,6,50,6,144308,461302,12326,95630,4.273055689354923,0.17170857483498883
5487,0.5555,5,17,5,144325,461285,12331,95625,4.272898217792434,0.17170637984593562
5488,0.5556,3,43,3,144368,461242,12334,95622,4.272499907369669,0.17171517641650386
5489,0.5557,10,76,10,144444,461166,12344,95612,4.271795916855015,0.17172373908451843
5490,0.5558,6,53,6,144497,461113,12350,95606,4.271304976101375,0.17173116060346422
5491,0.5559,7,46,7,144543,461067,12357,95599,4.2708788765793475,0.17173493620950445
5492,0.556,6,94,6,144637,460973,12363,95593,4.270008151469117,0.17175501198420312
5493,0.5561,6,25,6,144662,460948,12369,95587,4.269776575641928,0.17175379805403074
5494,0.5562,9,49,9,144711,460899,12378,95578,4.269322687020638,0.17175552628410518
5495,0.5563,1,26,1,144737,460873,12379,95577,4.269081848160361,0.17176206307844372
5496,0.5564,6,76,6,144813,460797,12385,95571,4.268377857645707,0.17177659390906738
5497,0.5565,5,130,5,144943,460667,12390,95566,4.267173663344326,0.17180929574476883
5498,0.5566,1,11,1,144954,460656,12391,95565,4.267071769980363,0.17181120453920296
5499,0.5567,5,47,5,145001,460609,12396,95560,4.266636407425247,0.17181827825714846
5500,0.5568,1,43,1,145044,460566,12397,95559,4.266238097002483,0.17183007417397167
5501,0.5569,5,76,5,145120,460490,12402,95554,4.265534106487828,0.17184611289754048
5502,0.557,3,23,3,145143,460467,12405,95551,4.2653210567268145,0.1718487530979213
5503,0.5571,6,58,6,145201,460409,12411,95545,4.264783800807736,0.17185774362627124
5504,0.5572,11,45,11,145246,460364,12422,95534,4.264366964318796,0.1718552684125505
5505,0.5573,8,73,8,145319,460291,12430,95526,4.263690762903405,0.17186591989809596
5506,0.5574,1,37,1,145356,460254,12431,95525,4.263348030679166,0.17187587152447287
5507,0.5575,4,26,4,145382,460228,12435,95521,4.263107191818889,0.1718779520970798
5508,0.5576,6,68,6,145450,460160,12441,95515,4.262477305568935,0.17189004364061727
5509,0.5577,6,60,6,145510,460100,12447,95509,4.261921523583682,0.1718996632523951
5510,0.5578,11,27,11,145537,460073,12458,95498,4.261671421690318,0.17189162141292472
5511,0.5579,7,33,7,145570,460040,12465,95491,4.261365741598429,0.1718913975997739
5512,0.558,5,17,5,145587,460023,12470,95486,4.26120827003594,0.17188920431532162
5513,0.5581,6,50,6,145637,459973,12476,95480,4.260745118381563,0.17189573195211835
5514,0.5582,3,36,3,145673,459937,12479,95477,4.260411649190411,0.17190240073170643
5515,0.5583,3,36,3,145709,459901,12482,95474,4.260078179999259,0.17190907044789558
5516,0.5584,3,38,3,145747,459863,12485,95471,4.259726184741932,0.1719163602444655
5517,0.5585,3,27,3,145774,459836,12488,95468,4.259476082848568,0.1719202454871566
5518,0.5586,6,64,6,145838,459772,12494,95462,4.258883248730965,0.17193111372862613
5519,0.5587,6,105,6,145943,459667,12500,95456,4.257910630256771,0.1719546839168977
5520,0.5588,3,32,3,145975,459635,12503,95453,4.25761421319797,0.17196012163837085
5521,0.5589,4,16,4,145991,459619,12507,95449,4.257466004668569,0.171959111316091
5522,0.559,6,28,6,146019,459591,12513,95443,4.257206639742117,0.17195883495425504
5523,0.5591,5,39,5,146058,459552,12518,95438,4.256845381451702,0.17196345880105948
5524,0.5592,1,22,1,146080,459530,12519,95437,4.256641594723776,0.17196878372948302
5525,0.5593,2,52,2,146132,459478,12521,95435,4.256159917003224,0.17198191428205864
5526,0.5594,3,22,3,146154,459456,12524,95432,4.2559561302752975,0.17198425628234887
5527,0.5595,4,41,4,146195,459415,12528,95428,4.2555763459187075,0.171990995651022
5528,0.5596,5,194,5,146389,459221,12533,95423,4.253779317499722,0.17204368928537944
5529,0.5597,5,90,5,146479,459131,12538,95418,4.2529456445218425,0.17206414581939558
5530,0.5598,5,30,5,146509,459101,12543,95413,4.252667753529216,0.17206598931677108
5531,0.5599,2,41,2,146550,459060,12545,95411,4.252287969172626,0.17207572623275158
5532,0.56,15,120,15,146670,458940,12560,95396,4.251176405202119,0.17209057322634647
5533,0.5601,4,35,4,146705,458905,12564,95392,4.250852199044055,0.1720954650665618
5534,0.5602,0,22,0,146727,458883,12564,95392,4.250648412316129,0.1721022957918001
5535,0.5603,5,28,5,146755,458855,12569,95387,4.250389047389677,0.17210352156639158
5536,0.5604,5,113,5,146868,458742,12574,95382,4.249342324650784,0.1721311475409836
5537,0.5605,7,70,7,146938,458672,12581,95375,4.248693912334655,0.17214243556954553
5538,0.5606,8,61,8,146999,458611,12589,95367,4.248128867316314,0.17214943553715129
5539,0.5607,7,49,7,147048,458562,12596,95360,4.247674978695024,0.1721542022161965
5540,0.5608,5,59,5,147107,458503,12601,95355,4.247128459742858,0.17216506758049896
5541,0.5609,5,42,5,147149,458461,12606,95350,4.246739412353181,0.17217065027599668
5542,0.561,4,66,4,147215,458395,12610,95346,4.246128052169403,0.17218519127173174
5543,0.5611,1,20,1,147235,458375,12611,95345,4.245942791507651,0.17218991548074838
5544,0.5612,14,163,14,147398,458212,12625,95331,4.24443291711438,0.17221968302372173
5545,0.5613,11,173,11,147571,458039,12636,95320,4.242830412390233,0.17225707000337936
5546,0.5614,5,85,5,147656,457954,12641,95315,4.242043054577791,0.1722760537821566
5547,0.5615,3,33,3,147689,457921,12644,95312,4.2417373744859015,0.17228184146643458
5548,0.5616,3,107,3,147796,457814,12647,95309,4.240746229945533,0.17231067954144014
5549,0.5617,13,73,13,147869,457741,12660,95296,4.240070028530142,0.17231396814318028
5550,0.5618,9,55,9,147924,457686,12669,95287,4.239560561710326,0.1723176357616014
5551,0.5619,4,25,4,147949,457661,12673,95283,4.239328985883137,0.17231943921988482
5552,0.562,1,25,1,147974,457636,12674,95282,4.239097410055948,0.17232573365309142
5553,0.5621,13,29,13,148003,457607,12687,95269,4.23882878209641,0.17231531120902335
5554,0.5622,6,27,6,148030,457580,12693,95263,4.238578680203045,0.17231474396890256
5555,0.5623,6,42,6,148072,457538,12699,95257,4.238189632813368,0.1723188523774636
5556,0.5624,3,28,3,148100,457510,12702,95254,4.237930267886917,0.17232308905789812
5557,0.5625,5,50,5,148150,457460,12707,95249,4.237467116232539,0.1723311905541614
5558,0.5626,4,46,4,148196,457414,12711,95245,4.237041016710512,0.17233954391405912
5559,0.5627,5,53,5,148249,457361,12716,95240,4.236550075956871,0.17234858424070895
5560,0.5628,7,86,7,148335,457275,12723,95233,4.235753455111341,0.1723649250327597
5561,0.5629,11,33,11,148368,457242,12734,95222,4.235447775019453,0.1723587419270758
5562,0.563,10,37,10,148405,457205,12744,95212,4.235105042795213,0.17235530405472677
5563,0.5631,1,57,1,148462,457148,12745,95211,4.234577049909222,0.172371591664117
5564,0.5632,1,41,1,148503,457107,12746,95210,4.234197265552632,0.17238288881204092
5565,0.5633,4,19,4,148522,457088,12750,95206,4.234021267923969,0.17238282508953565
5566,0.5634,4,23,4,148545,457065,12754,95202,4.233808218162955,0.1723840099082509
5567,0.5635,9,40,9,148585,457025,12763,95193,4.233437696839453,0.17238300815982094
5568,0.5636,6,39,6,148624,456986,12769,95187,4.2330764385490385,0.17238619055984267
5569,0.5637,0,12,0,148636,456974,12769,95187,4.232965282151988,0.17238993699301472
5570,0.5638,3,24,3,148660,456950,12772,95184,4.232742969357886,0.17239293359945232
5571,0.5639,6,110,6,148770,456840,12778,95178,4.231724035718256,0.1724182907079117
5572,0.564,3,46,3,148816,456794,12781,95175,4.231297936196228,0.17242816172647377
5573,0.5641,6,35,6,148851,456759,12787,95169,4.230973730038164,0.17243009957820585
5574,0.5642,11,109,11,148960,456650,12798,95158,4.22996405943162,0.1724476629552308
5575,0.5643,1,15,1,148975,456635,12799,95157,4.229825113935307,0.17245085104532143
5576,0.5644,15,116,15,149091,456519,12814,95142,4.228750602097151,0.17246461141896927
5577,0.5645,3,55,3,149146,456464,12817,95139,4.228241135277335,0.17247730704872888
5578,0.5646,7,28,7,149174,456436,12824,95132,4.227981770350883,0.17247556058364516
5579,0.5647,7,101,7,149275,456335,12831,95125,4.22704620400904,0.1724966452689225
5580,0.5648,10,72,10,149347,456263,12841,95115,4.226379265626737,0.17250416229882223
5581,0.5649,7,57,7,149404,456206,12848,95108,4.225851272740746,0.17251149072942099
5582,0.565,3,37,3,149441,456169,12851,95105,4.225508540516507,0.17251856608510469
5583,0.5651,5,36,5,149477,456133,12856,95100,4.225175071325355,0.17252232721916141
5584,0.5652,3,33,3,149510,456100,12859,95097,4.224869391233465,0.17252815236657673
5585,0.5653,3,51,3,149561,456049,12862,95094,4.224396976546,0.17253961313125632
5586,0.5654,5,44,5,149605,456005,12867,95089,4.2239894030901475,0.17254588146486807
5587,0.5655,8,50,8,149655,455955,12875,95081,4.2235262514357705,0.1725495248949252
5588,0.5656,2,58,2,149713,455897,12877,95079,4.222988995516692,0.17256468521314902
5589,0.5657,7,71,7,149784,455826,12884,95072,4.222331320167475,0.17257641160432602
5590,0.5658,4,59,4,149843,455767,12888,95068,4.22178480121531,0.1725888877794621
5591,0.5659,8,37,8,149880,455730,12896,95060,4.22144206899107,0.1725884638428439
5592,0.566,4,58,4,149938,455672,12900,95056,4.220904813071992,0.17260063043825627
5593,0.5661,8,80,8,150018,455592,12908,95048,4.220163770424988,0.1726136858927793
5594,0.5662,2,13,2,150031,455579,12910,95046,4.22004335099485,0.17261475595913733
5595,0.5663,4,30,4,150061,455549,12914,95042,4.219765460002223,0.1726181503148435
5596,0.5664,6,22,6,150083,455527,12920,95036,4.219561673274297,0.17261603122621752
5597,0.5665,3,24,3,150107,455503,12923,95033,4.219339360480196,0.17261904761904762
5598,0.5666,9,74,9,150181,455429,12932,95024,4.218653896031717,0.17262872579493618
5599,0.5667,6,21,6,150202,455408,12938,95018,4.218459372336878,0.17262629308935262
5600,0.5668,4,26,4,150228,455382,12942,95014,4.218218533476602,0.17262843479967152
5601,0.5669,7,49,7,150277,455333,12949,95007,4.217764644855311,0.1726332812443217
5602,0.567,1,11,1,150288,455322,12950,95006,4.217662751491348,0.17263522844558155
5603,0.5671,10,39,10,150327,455283,12960,94996,4.217301493200933,0.17263242827729205
5604,0.5672,10,48,10,150375,455235,12970,94986,4.216856867612731,0.17263245132410432
5605,0.5673,4,142,4,150517,455093,12974,94982,4.215541516914298,0.17267099940917147
5606,0.5674,9,40,9,150557,455053,12983,94973,4.215170995590796,0.17267001923545433
5607,0.5675,9,90,9,150647,454963,12992,94964,4.214337322612916,0.17268473815615526
5608,0.5676,3,25,3,150672,454938,12995,94961,4.2141057467857275,0.17268807544658202
5609,0.5677,12,86,12,150758,454852,13007,94949,4.213309125940198,0.17269703038008297
5610,0.5678,10,27,10,150785,454825,13017,94939,4.213059024046834,0.17269046354435721
5611,0.5679,7,49,7,150834,454776,13024,94932,4.212605135425544,0.1726953218799799
5612,0.568,7,58,7,150892,454718,13031,94925,4.212067879506465,0.17270300904405222
5613,0.5681,3,8,3,150900,454710,13034,94922,4.2119937752417655,0.17270100721937587
5614,0.5682,5,30,5,150930,454680,13039,94917,4.211715884249139,0.1727029077669638
5615,0.5683,7,67,7,150997,454613,13046,94910,4.2110952610322725,0.17271342600764664
5616,0.5684,2,47,2,151044,454566,13048,94908,4.210659898477157,0.17272518808897236
5617,0.5685,9,39,9,151083,454527,13057,94899,4.210298640186743,0.17272389730373153
5618,0.5686,5,61,5,151144,454466,13062,94894,4.209733595168402,0.17273554681811562
5619,0.5687,11,119,11,151263,454347,13073,94883,4.208631294230983,0.17275640442073448
5620,0.5688,8,38,8,151301,454309,13081,94875,4.208279298973656,0.17275630753991375
5621,0.5689,4,86,4,151387,454223,13085,94871,4.207482678128127,0.17277733867061013
5622,0.569,7,36,7,151423,454187,13092,94864,4.207149208936975,0.1727781207938789
5623,0.5691,2,18,2,151441,454169,13094,94862,4.206982474341398,0.17278077194183936
5624,0.5692,9,76,9,151517,454093,13103,94853,4.206278483826744,0.1727911306394436
5625,0.5693,5,100,5,151617,453993,13108,94848,4.2053521805179885,0.17281507759077766
5626,0.5694,2,59,2,151676,453934,13110,94846,4.204805661565823,0.17283064251612668
5627,0.5695,4,77,4,151753,453857,13114,94842,4.204092408018082,0.17284886613607825
5628,0.5696,9,140,9,151893,453717,13123,94833,4.202795583385824,0.1728794093519278
5629,0.5697,8,31,8,151924,453686,13131,94825,4.20250842936011,0.17287711641152137
5630,0.5698,3,65,3,151989,453621,13134,94822,4.201906332209418,0.17289308095827643
5631,0.5699,7,102,7,152091,453519,13141,94815,4.200961502834488,0.17291468338640317
5632,0.57,7,21,7,152112,453498,13148,94808,4.200766979139649,0.17291074691869138
5633,0.5701,8,61,8,152173,453437,13156,94800,4.200201934121309,0.1729179168863101
5634,0.5702,6,27,6,152200,453410,13162,94794,4.199951832227945,0.1729173811208966
5635,0.5703,0,44,0,152244,453366,13162,94794,4.199544258772092,0.1729312609457093
5636,0.5704,8,78,8,152322,453288,13170,94786,4.198821742191263,0.17294379955991343
5637,0.5705,3,39,3,152361,453249,13173,94783,4.198460483900848,0.172951579469812
5638,0.5706,10,75,10,152436,453174,13183,94773,4.197765756419282,0.17296015855548072
5639,0.5707,9,33,9,152469,453141,13192,94764,4.197460076327393,0.17295699071919401
5640,0.5708,3,96,3,152565,453045,13195,94761,4.196570825150987,0.17298277127304193
5641,0.5709,3,22,3,152587,453023,13198,94758,4.196367038423062,0.17298518933661444
5642,0.571,6,29,6,152616,452994,13204,94752,4.196098410463522,0.17298528880174388
5643,0.5711,11,96,11,152712,452898,13215,94741,4.195209159287117,0.17299900116682707
5644,0.5712,3,72,3,152784,452826,13218,94738,4.194542220904813,0.1730172180786173
5645,0.5713,1,30,1,152814,452796,13219,94737,4.194264329912186,0.17302518752294382
5646,0.5714,8,33,8,152847,452763,13227,94729,4.193958649820297,0.17302353276394905
5647,0.5715,4,19,4,152866,452744,13231,94725,4.193782652191634,0.17302349539425976
5648,0.5716,5,74,5,152940,452670,13236,94720,4.193097187743154,0.17303933210325362
5649,0.5717,3,29,3,152969,452641,13239,94717,4.1928285597836155,0.17304396756784407
5650,0.5718,4,45,4,153014,452596,13243,94713,4.192411723294676,0.173052151526834
5651,0.5719,3,18,3,153032,452578,13246,94710,4.1922449886991,0.17305331014018213
5652,0.572,6,47,6,153079,452531,13252,94704,4.191809626143985,0.17305910623406764
5653,0.5721,6,36,6,153115,452495,13258,94698,4.191476156952833,0.1730614243968764
5654,0.5722,5,23,5,153138,452472,13263,94693,4.191263107191819,0.17306114243418347
5655,0.5723,3,74,3,153212,452398,13266,94690,4.19057764274334,0.17308001637762116
5656,0.5724,6,29,6,153241,452369,13272,94684,4.190309014783801,0.1730801220357077
5657,0.5725,11,165,11,153406,452204,13283,94673,4.1887806143243544,0.1731157097482615
5658,0.5726,12,48,12,153454,452156,13295,94661,4.188335988736152,0.17311275984470123
5659,0.5727,9,59,9,153513,452097,13304,94652,4.187789469783986,0.1731178292049917
5660,0.5728,4,44,4,153557,452053,13308,94648,4.187381896328134,0.17312571222661016
5661,0.5729,5,38,5,153595,452015,13313,94643,4.187029901070806,0.17313018377120612
5662,0.573,8,56,8,153651,451959,13321,94635,4.186511171217903,0.17313581927353758
5663,0.5731,4,57,4,153708,451902,13325,94631,4.185983178331913,0.1731478245595417
5664,0.5732,7,49,7,153757,451853,13332,94624,4.185529289710622,0.17315275848754844
5665,0.5733,2,38,2,153795,451815,13334,94622,4.185177294453296,0.17316177345238334
5666,0.5734,6,61,6,153856,451754,13340,94616,4.184612249434955,0.1731720262825558
5667,0.5735,7,38,7,153894,451716,13347,94609,4.1842602541776275,0.17317347732576763
5668,0.5736,3,23,3,153917,451693,13350,94606,4.184047204416614,0.17317622767019525
5669,0.5737,2,20,2,153937,451673,13352,94604,4.183861943754863,0.17317954078242356
5670,0.5738,6,33,6,153970,451640,13358,94598,4.1835562636629735,0.1731809211369403
5671,0.5739,5,58,5,154028,451582,13363,94593,4.183019007743896,0.17319174257335104
5672,0.574,6,47,6,154075,451535,13369,94587,4.182583645188781,0.17319756391429023
5673,0.5741,5,34,5,154109,451501,13374,94582,4.182268702063804,0.1732007771712359
5674,0.5742,6,44,6,154153,451457,13380,94576,4.1818611286079514,0.17320564874284156
5675,0.5743,5,41,5,154194,451416,13385,94571,4.181481344251361,0.17321108378038305
5676,0.5744,2,35,2,154229,451381,13387,94569,4.1811571380932975,0.17321915926366882
5677,0.5745,2,44,2,154273,451337,13389,94567,4.180749564637445,0.17323009173774143
5678,0.5746,6,31,6,154304,451306,13395,94561,4.180462410611731,0.17323084194501592
5679,0.5747,7,64,7,154368,451242,13402,94554,4.179869576494127,0.17324055141481431
5680,0.5748,1,19,1,154387,451223,13403,94553,4.179693578865463,0.17324506757351002
5681,0.5749,2,56,2,154443,451167,13405,94551,4.17917484901256,0.1732598155091091
5682,0.575,4,61,4,154504,451106,13409,94547,4.178609803994219,0.17327312412833798
5683,0.5751,6,111,6,154615,450995,13415,94541,4.1775816073215015,0.1732992873064289
5684,0.5752,2,40,2,154655,450955,13417,94539,4.177211085998,0.17330896398493842
5685,0.5753,13,71,13,154726,450884,13430,94526,4.176553410648783,0.173311820465338
5686,0.5754,6,45,6,154771,450839,13436,94520,4.176136574159843,0.17331702603239335
5687,0.5755,5,45,5,154816,450794,13441,94515,4.175719737670903,0.17332374855357238
5688,0.5756,3,59,3,154875,450735,13444,94512,4.175173218718737,0.17333795509191247
5689,0.5757,3,111,3,154986,450624,13447,94509,4.174145022046019,0.17336870084915057
5690,0.5758,3,29,3,155015,450595,13450,94506,4.17387639408648,0.17337337484246038
5691,0.5759,3,16,3,155031,450579,13453,94503,4.173728185557079,0.17337391438352395
5692,0.576,3,21,3,155052,450558,13456,94500,4.1735336618622405,0.17337604438426737
5693,0.5761,6,34,6,155086,450524,13462,94494,4.173218718737263,0.17337776000058713
5694,0.5762,0,24,0,155110,450500,13462,94494,4.172996405943162,0.17338539506856956
5695,0.5763,4,48,4,155158,450452,13466,94490,4.17255178035496,0.17339459979227148
5696,0.5764,2,33,2,155191,450419,13468,94488,4.17224610026307,0.17340206677469733
5697,0.5765,4,66,4,155257,450353,13472,94484,4.171634740079291,0.1734170036175957
5698,0.5766,7,41,7,155298,450312,13479,94477,4.171254955722702,0.17341943394598644
5699,0.5767,2,38,2,155336,450274,13481,94475,4.170902960465375,0.17342849642679473
5700,0.5768,6,33,6,155369,450241,13487,94469,4.170597280373485,0.17342989847808926
5701,0.5769,3,12,3,155381,450229,13490,94466,4.170486123976435,0.17342916678140977
5702,0.577,8,58,8,155439,450171,13498,94458,4.169948868057356,0.17343549462110905
5703,0.5771,5,40,5,155479,450131,13503,94453,4.1695783467338545,0.1734406446021183
5704,0.5772,2,53,2,155532,450078,13505,94451,4.169087405980214,0.1734544900271611
5705,0.5773,9,75,9,155607,450003,13514,94442,4.168392678498647,0.17346472095436638
5706,0.5774,8,38,8,155645,449965,13522,94434,4.168040683241321,0.17346468307252585
5707,0.5775,3,30,3,155675,449935,13525,94431,4.167762792248694,0.17346968767336682
5708,0.5776,8,78,8,155753,449857,13533,94423,4.167040275667865,0.17348239876534136
5709,0.5777,5,42,5,155795,449815,13538,94418,4.166651228278187,0.17348819347595607
5710,0.5778,7,144,7,155939,449671,13545,94411,4.16531735151358,0.1735234762407137
5711,0.5779,4,19,4,155958,449652,13549,94407,4.165141353884916,0.1735234597718262
5712,0.578,6,64,6,156022,449588,13555,94401,4.164548519767313,0.17353475897490575
5713,0.5781,10,77,10,156099,449511,13565,94391,4.163835266219571,0.1735441311118547
5714,0.5782,4,27,4,156126,449484,13569,94387,4.163585164326207,0.17354666823566617
5715,0.5783,9,64,9,156190,449420,13578,94378,4.162992330208604,0.17355341505485491
5716,0.5784,2,44,2,156234,449376,13580,94376,4.162584756752751,0.17356441907340112
5717,0.5785,6,47,6,156281,449329,13586,94370,4.162149394197636,0.1735703026858611
5718,0.5786,7,32,7,156313,449297,13593,94363,4.161852977138834,0.17356987823271897
5719,0.5787,13,76,13,156389,449221,13606,94350,4.16114898662418,0.1735743812675805
5720,0.5788,11,71,11,156460,449150,13617,94339,4.1604913112749635,0.17358033005267817
5721,0.5789,14,148,14,156608,449002,13631,94325,4.159120382378006,0.17360631811045651
5722,0.579,5,36,5,156644,448966,13636,94320,4.158786913186854,0.17361021635013602
5723,0.5791,3,41,3,156685,448925,13639,94317,4.158407128830264,0.1736187555454107
5724,0.5792,7,26,7,156711,448899,13646,94310,4.158166289969988,0.17361641651739937
5725,0.5793,2,74,2,156785,448825,13648,94308,4.1574808255215085,0.17363702813123122
5726,0.5794,7,30,7,156815,448795,13655,94301,4.157202934528883,0.17363596859487088
5727,0.5795,2,23,2,156838,448772,13657,94299,4.156989884767868,0.17364027907953103
5728,0.5796,4,30,4,156868,448742,13661,94295,4.156711993775242,0.17364378486180498
5729,0.5797,9,57,9,156925,448685,13670,94286,4.156184000889251,0.17364831639258818
5730,0.5798,4,38,4,156963,448647,13674,94282,4.1558320056319245,0.17365438206468986
5731,0.5799,8,44,8,157007,448603,13682,94274,4.155424432176072,0.17365627941504244
5732,0.58,1,56,1,157063,448547,13683,94273,4.154905702323169,0.1736726723407391
5733,0.5801,5,28,5,157091,448519,13688,94268,4.154646337396717,0.17367401945883007
5734,0.5802,4,26,4,157117,448493,13692,94264,4.154405498536441,0.17367624922386998
5735,0.5803,11,74,11,157191,448419,13703,94253,4.153720034087962,0.1736831824748651
5736,0.5804,1,20,1,157211,448399,13704,94252,4.153534773426211,0.17368806101896062
5737,0.5805,10,98,10,157309,448301,13714,94242,4.15262699618363,0.17370420409073567
5738,0.5806,1,22,1,157331,448279,13715,94241,4.152423209455704,0.17370972498709725
5739,0.5807,7,57,7,157388,448222,13722,94234,4.151895216569714,0.17371731532142698
5740,0.5808,6,86,6,157474,448136,13728,94228,4.151098595724184,0.17373571992241374
5741,0.5809,2,35,2,157509,448101,13730,94226,4.150774389566119,0.17374388514678413
5742,0.581,4,41,4,157550,448060,13734,94222,4.15039460520953,0.17375092663964506
5743,0.5811,7,100,7,157650,447960,13741,94215,4.149468301900774,0.17377230598976345
5744,0.5812,11,92,11,157742,447868,13752,94204,4.148616102856719,0.17378503224663883
5745,0.5813,5,77,5,157819,447791,13757,94199,4.147902849308978,0.17380209966973562
5746,0.5814,3,26,3,157845,447765,13760,94196,4.147662010448701,0.1738058642596054
5747,0.5815,9,85,9,157930,447680,13769,94187,4.146874652636259,0.17381940586896785
5748,0.5816,8,44,8,157974,447636,13777,94179,4.146467079180407,0.17382132277622436
5749,0.5817,9,75,9,158049,447561,13786,94170,4.14577235169884,0.17383166183954768
5750,0.5818,4,20,4,158069,447541,13790,94166,4.145587091037089,0.17383197928031205
5751,0.5819,2,35,2,158104,447506,13792,94164,4.145262884879025,0.1738401609836247
5752,0.582,2,11,2,158115,447495,13794,94162,4.145160991515062,0.17384064084835976
5753,0.5821,5,45,5,158160,447450,13799,94157,4.144744155026122,0.17384745765841284
5754,0.5822,7,46,7,158206,447404,13806,94150,4.144318055504094,0.1738515457368979
5755,0.5823,6,49,6,158255,447355,13812,94144,4.143864166882804,0.17385812346837207
5756,0.5824,2,37,2,158292,447318,13814,94142,4.143521434658565,0.1738669523141137
5757,0.5825,7,44,7,158336,447274,13821,94135,4.143113861202712,0.17387040112004049
5758,0.5826,5,43,5,158379,447231,13826,94130,4.142715550779948,0.17387658143087514
5759,0.5827,14,217,14,158596,447014,13840,94116,4.140705472599948,0.17392493485853677
5760,0.5828,6,78,6,158674,446936,13846,94110,4.139982956019119,0.17394084791311645
5761,0.5829,4,50,4,158724,446886,13850,94106,4.139519804364741,0.1739508162782444
5762,0.583,7,88,7,158812,446798,13857,94099,4.138704657453037,0.17396842652113065
5763,0.5831,2,20,2,158832,446778,13859,94097,4.138519396791286,0.17397180494568987
5764,0.5832,8,162,8,158994,446616,13867,94089,4.137018785431102,0.17401170693816406
5765,0.5833,1,19,1,159013,446597,13868,94088,4.136842787802438,0.17401629414538963
5766,0.5834,10,97,10,159110,446500,13878,94078,4.135944273592945,0.17403223956579808
5767,0.5835,3,62,3,159172,446438,13881,94075,4.135369965541517,0.17404761772612315
5768,0.5836,7,55,7,159227,446383,13888,94068,4.134860498721701,0.17405463214981562
5769,0.5837,9,61,9,159288,446322,13897,94059,4.134295453703361,0.17406052396364788
5770,0.5838,5,25,5,159313,446297,13902,94054,4.134063877876172,0.17406093446667073
5771,0.5839,1,13,1,159326,446284,13903,94053,4.1339434584460335,0.17406359364618748
5772,0.584,6,47,6,159373,446237,13909,94047,4.133508095890918,0.17406956341479665
5773,0.5841,8,29,8,159402,446208,13917,94039,4.1332394679313795,0.17406667690889538
5774,0.5842,5,54,5,159456,446154,13922,94034,4.132739264144652,0.17407643264937392
5775,0.5843,4,40,4,159496,446114,13926,94030,4.132368742821149,0.17408320744097872
5776,0.5844,3,57,3,159553,446057,13929,94027,4.131840749935159,0.17409699231971323
5777,0.5845,2,33,2,159586,446024,13931,94025,4.131535069843269,0.17410457199254142
5778,0.5846,7,40,7,159626,445984,13938,94018,4.131164548519767,0.17410676256754604
5779,0.5847,6,38,6,159664,445946,13944,94012,4.13081255326244,0.17410983817259862
5780,0.5848,5,151,5,159815,445795,13949,94007,4.129413835266219,0.17415089236423725
5781,0.5849,3,34,3,159849,445761,13952,94004,4.129098892141243,0.17415727214621177
5782,0.585,2,32,2,159881,445729,13954,94002,4.128802475082441,0.17416453751961625
5783,0.5851,8,27,8,159908,445702,13962,93994,4.128552373189077,0.1741610091607127
5784,0.5852,2,40,2,159948,445662,13964,93992,4.128181851865575,0.17417085762358844
5785,0.5853,3,28,3,159976,445634,13967,93989,4.127922486939124,0.17417530386955338
5786,0.5854,2,19,2,159995,445615,13969,93987,4.12774648931046,0.17417837591409965
5787,0.5855,5,26,5,160021,445589,13974,93982,4.127505650450184,0.17417911637208078
5788,0.5856,4,37,4,160058,445552,13978,93978,4.1271629182259435,0.17418493874298
5789,0.5857,10,52,10,160110,445500,13988,93968,4.126681240505391,0.1741864206959449
5790,0.5858,3,29,3,160139,445471,13991,93965,4.1264126125458525,0.17419119228230967
5791,0.5859,5,57,5,160196,445414,13996,93960,4.125884619659861,0.1742019452179749
5792,0.586,2,24,2,160220,445390,13998,93958,4.1256623068657605,0.17420663467742534
5793,0.5861,5,34,5,160254,445356,14003,93953,4.125347363740783,0.17420996126524868
5794,0.5862,2,33,2,160287,445323,14005,93951,4.125041683648894,0.17421755916287454
5795,0.5863,6,87,6,160374,445236,14011,93945,4.124235799770277,0.17423648088489765
5796,0.5864,12,84,12,160458,445152,14023,93933,4.123457704990922,0.1742452488939592
5797,0.5865,8,84,8,160542,445068,14031,93925,4.122679610211567,0.17426014809097706
5798,0.5866,3,36,3,160578,445032,14034,93922,4.122346141020416,0.17426719163416543
5799,0.5867,2,46,2,160624,444986,14036,93920,4.121920041498388,0.1742790022749793
5800,0.5868,3,13,3,160637,444973,14039,93917,4.1217996220682505,0.17427860973482528
5801,0.5869,2,39,2,160676,444934,14041,93915,4.121438363777836,0.17428815864926908
5802,0.587,7,34,7,160710,444900,14048,93908,4.121123420652858,0.17428842927350743
5803,0.5871,4,43,4,160753,444857,14052,93904,4.120725110230094,0.17429620926533287
5804,0.5872,3,37,3,160790,444820,14055,93901,4.120382378005854,0.1743035820025579
5805,0.5873,4,30,4,160820,444790,14059,93897,4.1201044870132275,0.17430715796000273
5806,0.5874,8,67,8,160887,444723,14067,93889,4.119483863796361,0.17431657668228706
5807,0.5875,7,37,7,160924,444686,14074,93882,4.119141131572122,0.1743178205909003
5808,0.5876,1,20,1,160944,444666,14075,93881,4.118955870910371,0.17432276105892336
5809,0.5877,5,93,5,161037,444573,14080,93876,4.118094408833229,0.17434520260971792
5810,0.5878,2,13,2,161050,444560,14082,93874,4.11797398940309,0.17434634514165154
5811,0.5879,10,108,10,161158,444452,14092,93864,4.116973581829634,0.17436598577787024
5812,0.588,4,20,4,161178,444432,14096,93860,4.116788321167883,0.1743663290556055
5813,0.5881,9,56,9,161234,444376,14105,93851,4.11626959131498,0.17437066516544134
5814,0.5882,6,89,6,161323,444287,14111,93845,4.1154451813701876,0.1743902982911256
5815,0.5883,7,30,7,161353,444257,14118,93838,4.115167290377562,0.17438928070322154
5816,0.5884,5,54,5,161407,444203,14123,93833,4.114667086590833,0.17439911084016682
5817,0.5885,6,36,6,161443,444167,14129,93827,4.114333617399681,0.1744015732517463
5818,0.5886,7,60,7,161503,444107,14136,93820,4.113777835414428,0.17441028243609263
5819,0.5887,7,24,7,161527,444083,14143,93813,4.113555522620326,0.17440732037419873
5820,0.5888,4,23,4,161550,444060,14147,93809,4.113342472859313,0.1744086385346618
5821,0.5889,9,59,9,161609,444001,14156,93800,4.112795953907147,0.17441395609156546
5822,0.589,8,52,8,161661,443949,14164,93792,4.112314276186595,0.17441853978030317
5823,0.5891,8,109,8,161770,443840,14172,93784,4.1113046055800515,0.1744416171897088
5824,0.5892,1,18,1,161788,443822,14173,93783,4.111137870984475,0.1744459221919439
5825,0.5893,4,20,4,161808,443802,14177,93779,4.110952610322724,0.17444626949241138
5826,0.5894,10,27,10,161835,443775,14187,93769,4.11070250842936,0.1744396737755421
5827,0.5895,3,11,3,161846,443764,14190,93766,4.110600615065397,0.1744386359831079
5828,0.5896,5,58,5,161904,443706,14195,93761,4.110063359146319,0.17444978017255014
5829,0.5897,12,93,12,161997,443613,14207,93749,4.109201897069176,0.1744615361711472
5830,0.5898,5,82,5,162079,443531,14212,93744,4.108442328355997,0.17448048020101437
5831,0.5899,5,23,5,162102,443508,14217,93739,4.108229278594983,0.17448026699078822
5832,0.59,7,61,7,162163,443447,14224,93732,4.107664233576642,0.1744893229258776
5833,0.5901,9,133,9,162296,443314,14233,93723,4.106432250175998,0.17451870169094494
5834,0.5902,4,23,4,162319,443291,14237,93719,4.106219200414984,0.1745200275600082
5835,0.5903,5,44,5,162363,443247,14242,93714,4.105811626959132,0.17452664159966924
5836,0.5904,3,28,3,162391,443219,14245,93711,4.10555226203268,0.17453113068742668
5837,0.5905,11,113,11,162504,443106,14256,93700,4.104505539293786,0.1745509550936465
5838,0.5906,13,91,13,162595,443015,14269,93687,4.103662603282819,0.17456055688259034
5839,0.5907,5,37,5,162632,442978,14274,93682,4.103319871058579,0.17456490142734693
5840,0.5908,12,57,12,162689,442921,14286,93670,4.102791878172589,0.17456498524947306
5841,0.5909,2,33,2,162722,442888,14288,93668,4.102486198080699,0.17457264479383328
5842,0.591,2,50,2,162772,442838,14290,93666,4.102023046426321,0.17458583719785872
5843,0.5911,4,92,4,162864,442746,14294,93662,4.101170847382267,0.17460962550894096
5844,0.5912,10,107,10,162971,442639,14304,93652,4.100179702841898,0.17462907264899094
5845,0.5913,1,41,1,163012,442598,14305,93651,4.099799918485309,0.17464088511120768
5846,0.5914,0,26,0,163038,442572,14305,93651,4.099559079625032,0.1746493529744155
5847,0.5915,12,91,12,163129,442481,14317,93639,4.098716143614065,0.17466052376333657
5848,0.5916,5,20,5,163149,442461,14322,93634,4.098530882952314,0.17465934209421838
5849,0.5917,10,167,10,163316,442294,14332,93624,4.096983956426692,0.17469836803391564
5850,0.5918,4,41,4,163357,442253,14336,93620,4.096604172070102,0.17470557389530728
5851,0.5919,1,19,1,163376,442234,14337,93619,4.0964281744414395,0.1747102283648687
5852,0.592,2,24,2,163400,442210,14339,93617,4.096205861647338,0.17471497330295038
5853,0.5921,11,115,11,163515,442095,14350,93606,4.095140612842269,0.17473553344122933
5854,0.5922,8,41,8,163556,442054,14358,93598,4.094760828485679,0.17473658270668269
5855,0.5923,6,64,6,163620,441990,14364,93592,4.0941679943680755,0.17474821782658864
5856,0.5924,2,8,2,163628,441982,14366,93590,4.094093890103376,0.17474774633475984
5857,0.5925,2,40,2,163668,441942,14368,93588,4.093723368779873,0.17475771665452916
5858,0.5926,5,94,5,163762,441848,14373,93583,4.0928526436696435,0.17478069069590665
5859,0.5927,7,69,7,163831,441779,14380,93576,4.092213494386602,0.1747924274546796
5860,0.5928,7,41,7,163872,441738,14387,93569,4.091833710030012,0.17479502416370418
5861,0.5929,5,82,5,163954,441656,14392,93564,4.091074141316833,0.17481409513844773
5862,0.593,3,50,3,164004,441606,14395,93561,4.090610989662455,0.1748258020393634
5863,0.5931,10,60,10,164064,441546,14405,93551,4.090055207677202,0.1748299840963414
5864,0.5932,4,58,4,164122,441488,14409,93547,4.089517951758124,0.17484276729559747
5865,0.5933,4,35,4,164157,441453,14413,93543,4.089193745600059,0.174848036247
5866,0.5934,3,86,3,164243,441367,14416,93540,4.08839712475453,0.17487151972211992
5867,0.5935,7,104,7,164347,441263,14423,93533,4.087433769313424,0.17489472621335986
5868,0.5936,5,37,5,164384,441226,14428,93528,4.087091037089184,0.17489911248910714
5869,0.5937,2,22,2,164406,441204,14430,93526,4.086887250361258,0.17490322218689805
5870,0.5938,6,48,6,164454,441156,14436,93520,4.086442624773055,0.17490966491856752
5871,0.5939,3,22,3,164476,441134,14439,93517,4.086238838045129,0.1749122324656645
5872,0.594,10,34,10,164510,441100,14449,93507,4.085923894920152,0.17490792301634658
5873,0.5941,7,21,7,164531,441079,14456,93500,4.085729371225314,0.174903989868663
5874,0.5942,3,52,3,164583,441027,14459,93497,4.085247693504761,0.17491637419461054
5875,0.5943,3,36,3,164619,440991,14462,93494,4.084914224313609,0.17492352451425203
5876,0.5944,3,83,3,164702,440908,14465,93491,4.0841453925673425,0.17494606090206008
5877,0.5945,3,11,3,164713,440897,14468,93488,4.084043499203379,0.1749450302684394
5878,0.5946,7,43,7,164756,440854,14475,93481,4.083645188780614,0.17494830022364247
5879,0.5947,6,42,6,164798,440812,14481,93475,4.083256141390937,0.17495278754676793
5880,0.5948,15,90,15,164888,440722,14496,93460,4.082422468413057,0.17495909633795223
5881,0.5949,5,89,5,164977,440633,14501,93455,4.0815980584682645,0.1749805275535118
5882,0.595,8,45,8,165022,440588,14509,93447,4.081181221979325,0.1749829131049463
5883,0.5951,4,32,4,165054,440556,14513,93443,4.080884804920523,0.17498721907718928
5884,0.5952,10,144,10,165198,440412,14523,93433,4.079550928155915,0.17501896617932172
5885,0.5953,9,102,9,165300,440310,14532,93424,4.078606098780985,0.17503850232512824
5886,0.5954,5,25,5,165325,440285,14537,93419,4.078374522953796,0.1750389729138249
5887,0.5955,14,117,14,165442,440168,14551,93405,4.077290748082552,0.17505570934061507
5888,0.5956,9,95,9,165537,440073,14560,93396,4.076410759939234,0.17507296581432097
5889,0.5957,4,120,4,165657,439953,14564,93392,4.075299195968728,0.17510616955254105
5890,0.5958,7,83,7,165740,439870,14571,93385,4.074530364222461,0.1751225961313068
5891,0.5959,4,30,4,165770,439840,14575,93381,4.074252473229834,0.17512626096871653
5892,0.596,12,182,12,165952,439658,14587,93369,4.0725666012079,0.17516748682524524
5893,0.5961,8,54,8,166006,439604,14595,93361,4.072066397421172,0.17517285375212255
5894,0.5962,6,38,6,166044,439566,14601,93355,4.0717144021638445,0.17517605798983338
5895,0.5963,4,58,4,166102,439508,14605,93351,4.071177146244766,0.17518893365787197
5896,0.5964,7,24,7,166126,439484,14612,93344,4.070954833450665,0.1751859887243163
5897,0.5965,4,29,4,166155,439455,14616,93340,4.070686205491126,0.1751893317317167
5898,0.5966,3,53,3,166208,439402,14619,93337,4.070195264737485,0.1752021158578591
5899,0.5967,5,35,5,166243,439367,14624,93332,4.069871058579421,0.17520588550006663
5900,0.5968,9,110,9,166353,439257,14633,93323,4.068852124939791,0.1752281347403207
5901,0.5969,4,23,4,166376,439234,14637,93319,4.068639075178776,0.17522950767341466
5902,0.597,4,70,4,166446,439164,14641,93315,4.067990662862647,0.1752463477432913
5903,0.5971,6,38,6,166484,439126,14647,93309,4.067638667605321,0.17524956097927447
5904,0.5972,7,25,7,166509,439101,14654,93302,4.067407091778132,0.17524694639211275
5905,0.5973,3,27,3,166536,439074,14657,93299,4.067156989884768,0.17525118666799405
5906,0.5974,7,123,7,166659,438951,14664,93292,4.0660176368149985,0.17528083976679826
5907,0.5975,12,51,12,166710,438900,14676,93280,4.065545222127533,0.1752790409260025
5908,0.5976,4,57,4,166767,438843,14680,93276,4.065017229241543,0.17529161710068614
5909,0.5977,8,60,8,166827,438783,14688,93268,4.064461447256289,0.17529898449584722
5910,0.5978,10,33,10,166860,438750,14698,93258,4.0641557671644,0.17529435647584246
5911,0.5979,10,50,10,166910,438700,14708,93248,4.063692615510023,0.17529532961868452
5912,0.598,5,47,5,166957,438653,14713,93243,4.063257252954908,0.1753030667649315
5913,0.5981,17,169,17,167126,438484,14730,93226,4.061691800363111,0.17533241804743188
5914,0.5982,3,63,3,167189,438421,14733,93223,4.061108229278595,0.17534854150521778
5915,0.5983,7,20,7,167209,438401,14740,93216,4.060922968616844,0.17534427981046505
5916,0.5984,8,114,8,167323,438287,14748,93208,4.059866982844863,0.17536947666487926
5917,0.5985,5,33,5,167356,438254,14753,93203,4.059561302752973,0.17537260775566038
5918,0.5986,8,82,8,167438,438172,14761,93195,4.058801734039794,0.17538725588905596
5919,0.5987,7,68,7,167506,438104,14768,93188,4.058171847789841,0.1753988390564887
5920,0.5988,2,16,2,167522,438088,14770,93186,4.05802363926044,0.17540101717757692
5921,0.5989,4,31,4,167553,438057,14774,93182,4.0577364852347255,0.17540504368090445
5922,0.599,8,65,8,167618,437992,14782,93174,4.057134388084034,0.17541408900419078
5923,0.5991,13,116,13,167734,437876,14795,93161,4.056059876245878,0.17543222035376066
5924,0.5992,11,41,11,167775,437835,14806,93150,4.055680091889288,0.17542868442611373
5925,0.5993,3,14,3,167789,437821,14809,93147,4.055550409426062,0.1754286510674843
5926,0.5994,7,53,7,167842,437768,14816,93140,4.055059468672422,0.175435291990326
5927,0.5995,7,89,7,167931,437679,14823,93133,4.05423505872763,0.17545383299548617
5928,0.5996,4,15,4,167946,437664,14827,93129,4.054096113231316,0.17545257755848326
5929,0.5997,1,29,1,167975,437635,14828,93128,4.0538274852717775,0.17546061047963027
5930,0.5998,9,41,9,168016,437594,14837,93119,4.0534477009151875,0.1754601828106717
5931,0.5999,4,49,4,168065,437545,14841,93115,4.052993812293898,0.17547016922323144
5932,0.6,11,96,11,168161,437449,14852,93104,4.052104561117492,0.17548482432480828
5933,0.6001,4,18,4,168179,437431,14856,93100,4.051937826521916,0.17548456169385013
5934,0.6002,7,65,7,168244,437366,14863,93093,4.0513357293712255,0.17549518435920589
5935,0.6003,6,59,6,168303,437307,14869,93087,4.05078921041906,0.17550537902012467
5936,0.6004,3,23,3,168326,437284,14872,93084,4.0505761606580455,0.17550832629419572
5937,0.6005,6,41,6,168367,437243,14878,93078,4.050196376301456,0.1755125669170182
5938,0.6006,9,169,9,168536,437074,14887,93069,4.048630923709659,0.17555452019549442
5939,0.6007,5,19,5,168555,437055,14892,93064,4.048454926080996,0.17555303620507848
5940,0.6008,13,141,13,168696,436914,14905,93051,4.047148838415651,0.1755795194022247
5941,0.6009,6,26,6,168722,436888,14911,93045,4.0469079995553745,0.17557879958409836
5942,0.601,11,68,11,168790,436820,14922,93034,4.046278113305421,0.17558421753917117
5943,0.6011,12,103,12,168893,436717,14934,93022,4.045324020897403,0.17559968210760393
5944,0.6012,6,38,6,168931,436679,14940,93016,4.044972025640075,0.1756029413152852
5945,0.6013,1,26,1,168957,436653,14941,93015,4.044731186779799,0.17561000475769728
5946,0.6014,6,19,6,168976,436634,14947,93009,4.0445551891511355,0.17560696544653662
5947,0.6015,4,22,4,168998,436612,14951,93005,4.044351402423209,0.1756080337300351
5948,0.6016,6,82,6,169080,436530,14957,92999,4.04359183371003,0.17562588640093366
5949,0.6017,7,30,7,169110,436500,14964,92992,4.043313942717403,0.17562493862041353
5950,0.6018,5,30,5,169140,436470,14969,92987,4.043036051724777,0.1756271047507163
5951,0.6019,8,53,8,169193,436417,14977,92979,4.042545110971137,0.1756322299375137
5952,0.602,6,42,6,169235,436375,14983,92973,4.0421560635814595,0.1756368211460136
5953,0.6021,8,74,8,169309,436301,14991,92965,4.04147059913298,0.17564891755752307
5954,0.6022,10,61,10,169370,436240,15001,92955,4.040905554114639,0.17565358705203185
5955,0.6023,3,52,3,169422,436188,15004,92952,4.040423876394087,0.17566617530332237
5956,0.6024,4,18,4,169440,436170,15008,92948,4.04025714179851,0.17566591951133773
5957,0.6025,14,67,14,169507,436103,15022,92934,4.039636518581644,0.17566635225891572
5958,0.6026,9,120,9,169627,435983,15031,92925,4.0385249546111375,0.17569218087077526
5959,0.6027,6,54,6,169681,435929,15037,92919,4.03802475082441,0.1757007684627719
5960,0.6028,7,49,7,169730,435880,15044,92912,4.03757086220312,0.17570613776305238
5961,0.6029,7,42,7,169772,435838,15051,92905,4.037181814813443,0.17570918196552957
5962,0.603,6,30,6,169802,435808,15057,92899,4.036903923820816,0.17570979767621764
5963,0.6031,8,116,8,169918,435692,15065,92891,4.035829411982659,0.17573588253878766
5964,0.6032,9,41,9,169959,435651,15074,92882,4.03544962762607,0.17573547914699744
5965,0.6033,2,37,2,169996,435614,15076,92880,4.035106895401831,0.17574466313714063
5966,0.6034,6,57,6,170053,435557,15082,92874,4.03457890251584,0.17575426119966467
5967,0.6035,16,127,16,170180,435430,15098,92858,4.033402497313721,0.17577154885214125
5968,0.6036,9,45,9,170225,435385,15107,92849,4.032985660824781,0.17577247962077414
5969,0.6037,7,38,7,170263,435347,15114,92842,4.032633665567453,0.17577420203752822
5970,0.6038,4,101,4,170364,435246,15118,92838,4.03169809922561,0.17580157702183744
5971,0.6039,4,36,4,170400,435210,15122,92834,4.031364630034458,0.17580731908704578
5972,0.604,3,73,3,170473,435137,15125,92831,4.030688428619067,0.17582694405721558
5973,0.6041,4,36,4,170509,435101,15129,92827,4.030354959427915,0.1758326893061175
5974,0.6042,7,66,7,170575,435035,15136,92820,4.029743599244137,0.17584374496784155
5975,0.6043,5,47,5,170622,434988,15141,92815,4.029308236689022,0.17585159614477372
5976,0.6044,9,73,9,170695,434915,15150,92806,4.02863203527363,0.17586186640289092
5977,0.6045,9,39,9,170734,434876,15159,92797,4.028270776983216,0.17586080773509352
5978,0.6046,8,30,8,170764,434846,15167,92789,4.027992885990589,0.17585831114311978
5979,0.6047,14,170,14,170934,434676,15181,92775,4.026418170365704,0.17589311613780237
5980,0.6048,4,19,4,170953,434657,15185,92771,4.026242172737041,0.17589320248450974
5981,0.6049,4,90,4,171043,434567,15189,92767,4.025408499759161,0.17591697102784953
5982,0.605,3,32,3,171075,434535,15192,92764,4.0251120827003595,0.1759229583215595
5983,0.6051,10,66,10,171141,434469,15202,92754,4.0245007225165805,0.175929350578408
5984,0.6052,4,32,4,171173,434437,15206,92750,4.024204305457779,0.1759337768192311
5985,0.6053,16,194,16,171367,434243,15222,92734,4.022407277038794,0.17597352446121936
5986,0.6054,3,17,3,171384,434226,15225,92731,4.022249805476305,0.17597451025415736
5987,0.6055,9,34,9,171418,434192,15234,92722,4.021934862351328,0.1759717904629598
5988,0.6056,4,31,4,171449,434161,15238,92718,4.021647708325614,0.175975888202035
5989,0.6057,2,13,2,171462,434148,15240,92716,4.021527288895476,0.17597710225029609
5990,0.6058,5,127,5,171589,434021,15245,92711,4.020350883693356,0.17601170993977963
5991,0.6059,10,108,10,171697,433913,15255,92701,4.019350476119901,0.17603216017804313
5992,0.606,4,19,4,171716,433894,15259,92697,4.019174478491237,0.17603225273504486
5993,0.6061,7,66,7,171782,433828,15266,92690,4.018563118307458,0.17604336413949762
5994,0.6062,13,113,13,171895,433715,15279,92677,4.017516395568565,0.17606080639523397
5995,0.6063,1,12,1,171907,433703,15280,92676,4.017405239171515,0.17606325480309815
5996,0.6064,3,33,3,171940,433670,15283,92673,4.017099559079625,0.17606959720182466
5997,0.6065,7,27,7,171967,433643,15290,92666,4.016849457186261,0.17606767127295941
5998,0.6066,5,31,5,171998,433612,15295,92661,4.016562303160547,0.17607021450843954
5999,0.6067,10,111,10,172109,433501,15305,92651,4.015534106487828,0.17609169973695815
6000,0.6068,6,61,6,172170,433440,15311,92645,4.014969061469488,0.17610272104317742
6001,0.6069,4,84,4,172254,433356,15315,92641,4.014190966690133,0.17612457865729272
6002,0.607,2,19,2,172273,433337,15317,92639,4.01401496906147,0.1761278081129177
6003,0.6071,12,65,12,172338,433272,15329,92627,4.013412871910779,0.17613077796306895
6004,0.6072,8,120,8,172458,433152,15337,92619,4.012301307940272,0.17615844160290317
6005,0.6073,9,103,9,172561,433049,15346,92610,4.011347215532254,0.1761788535913967
6006,0.6074,3,18,3,172579,433031,15349,92607,4.011180480936678,0.17618018484203957
6007,0.6075,4,51,4,172630,432980,15353,92603,4.0107080662492125,0.17619101074425922
6008,0.6076,5,22,5,172652,432958,15358,92598,4.010504279521286,0.1761905486760688
6009,0.6077,9,60,9,172712,432898,15367,92589,4.009948497536033,0.1761965567178636
6010,0.6078,9,85,9,172797,432813,15376,92580,4.009161139723591,0.1762109506597918
6011,0.6079,5,39,5,172836,432774,15381,92575,4.008799881433177,0.17621619152220713
6012,0.608,14,114,14,172950,432660,15395,92561,4.0077438956611955,0.17623248118411106
6013,0.6081,12,76,12,173026,432584,15407,92549,4.0070399051465415,0.17623916226936795
6014,0.6082,7,55,7,173081,432529,15414,92542,4.006530438326726,0.17624664093046463
6015,0.6083,10,69,10,173150,432460,15424,92532,4.005891289043684,0.17625411434840912
6016,0.6084,4,88,4,173238,432372,15428,92528,4.00507614213198,0.17627738616879404
6017,0.6085,5,19,5,173257,432353,15433,92523,4.004900144503316,0.17627592040786777
6018,0.6086,3,19,3,173276,432334,15436,92520,4.004724146874652,0.1762775933878755
6019,0.6087,4,41,4,173317,432293,15440,92516,4.004344362518063,0.1762850865743537
6020,0.6088,8,76,8,173393,432217,15448,92508,4.003640372003408,0.17629806088903713
6021,0.6089,15,81,15,173474,432136,15463,92493,4.002890066323317,0.17630172941259442
6022,0.609,5,37,5,173511,432099,15468,92488,4.002547334099077,0.17630631334745236
6023,0.6091,8,32,8,173543,432067,15476,92480,4.002250917040276,0.17630450655517999
6024,0.6092,14,98,14,173641,431969,15490,92466,4.0013431397976955,0.1763154633081316
6025,0.6093,10,69,10,173710,431900,15500,92456,4.000703990514654,0.17632295615955573
6026,0.6094,9,208,9,173918,431692,15509,92447,3.998777279632443,0.17637878501695162
6027,0.6095,5,40,5,173958,431652,15514,92442,3.9984067583089407,0.1763843890599778
6028,0.6096,3,84,3,174042,431568,15517,92439,3.997628663529586,0.17640794874877624
6029,0.6097,11,48,11,174090,431520,15528,92428,3.9971840379413837,0.17640681899730506
6030,0.6098,16,153,16,174243,431367,15544,92412,3.9957667938789876,0.1764331903340913
6031,0.6099,4,30,4,174273,431337,15548,92408,3.995488902886361,0.17643700655853517
6032,0.61,6,111,6,174384,431226,15554,92402,3.994460706213643,0.17646497131551406
6033,0.6101,3,36,3,174420,431190,15557,92399,3.9941272370224907,0.17647238578350577
6034,0.6102,3,9,3,174429,431181,15560,92396,3.9940438697247025,0.17647070058463224
6035,0.6103,4,50,4,174479,431131,15564,92392,3.993580718070325,0.17648126252332752
6036,0.6104,10,101,10,174580,431030,15574,92382,3.992645151728482,0.17649958350209777
6037,0.6105,6,81,6,174661,430949,15580,92376,3.9918948460483903,0.17651746046911576
6038,0.6106,3,33,3,174694,430916,15583,92373,3.991589165956501,0.1765238711304843
6039,0.6107,7,37,7,174731,430879,15590,92366,3.9912464337322615,0.17652533707918852
6040,0.6108,8,54,8,174785,430825,15598,92358,3.9907462299455334,0.17653096526454415
6041,0.6109,4,55,4,174840,430770,15602,92354,3.990236763125718,0.17654322875647074
6042,0.611,6,53,6,174893,430717,15608,92348,3.9897458223720776,0.17655167139839217
6043,0.6111,9,40,9,174933,430677,15617,92339,3.9893753010485753,0.17655100417578048
6044,0.6112,4,44,4,174977,430633,15621,92335,3.988967727592723,0.17655956004956327
6045,0.6113,4,25,4,175002,430608,15625,92331,3.988736151765534,0.17656170222530734
6046,0.6114,4,45,4,175047,430563,15629,92327,3.9883193152765943,0.17657059802252864
6047,0.6115,6,78,6,175125,430485,15635,92321,3.987596798695765,0.1765874913447818
6048,0.6116,10,22,10,175147,430463,15645,92311,3.9873930119678387,0.17657917187924418
6049,0.6117,4,16,4,175163,430447,15649,92307,3.987244803438438,0.17657827582381005
6050,0.6118,14,53,14,175216,430394,15663,92293,3.9867538626847976,0.17657412562393937
6051,0.6119,2,22,2,175238,430372,15665,92291,3.9865500759568713,0.1765784071189275
6052,0.612,14,121,14,175359,430251,15679,92277,3.9854292489532774,0.17659723498070917
6053,0.6121,12,101,12,175460,430150,15691,92265,3.984493682611434,0.17661246327153698
6054,0.6122,3,23,3,175483,430127,15694,92262,3.9842806328504206,0.1766155106635094
6055,0.6123,6,88,6,175571,430039,15700,92256,3.9834654859387157,0.17663580926487904
6056,0.6124,5,105,5,175676,429934,15705,92251,3.9824928674645226,0.1766634430326417
6057,0.6125,1,17,1,175693,429917,15706,92250,3.9823353959020342,0.17666761783107704
6058,0.6126,13,108,13,175801,429809,15719,92237,3.9813349883285785,0.17668366389168771
6059,0.6127,5,64,5,175865,429745,15724,92232,3.980742154210975,0.17669744069183124
6060,0.6128,1,22,1,175887,429723,15725,92231,3.9805383674830486,0.17670331101974504
6061,0.6129,8,51,8,175938,429672,15733,92223,3.9800659527955835,0.1767079584973989
6062,0.613,7,70,7,176008,429602,15740,92216,3.9794175404794547,0.17672061906641778
6063,0.6131,9,42,9,176050,429560,15749,92207,3.9790284930897775,0.17672064350562608
6064,0.6132,6,129,6,176179,429431,15755,92201,3.9778335618214826,0.17675487700141096
6065,0.6133,5,54,5,176233,429377,15760,92196,3.977333358034755,0.17676528501283617
6066,0.6134,5,14,5,176247,429363,15765,92191,3.977203675571529,0.17676213776521701
6067,0.6135,4,97,4,176344,429266,15769,92187,3.9763051613620366,0.17678870387168164
6068,0.6136,3,24,3,176368,429242,15772,92184,3.976082848567935,0.1767921047281877
6069,0.6137,0,8,0,176376,429234,15772,92184,3.976008744303235,0.17679481720999274
6070,0.6138,5,49,5,176425,429185,15777,92179,3.9755548556819447,0.17680353841078403
6071,0.6139,4,43,4,176468,429142,15781,92175,3.9751565452591797,0.17681180548495445
6072,0.614,6,42,6,176510,429100,15787,92169,3.9747674978695025,0.17681657647011428
6073,0.6141,8,28,8,176538,429072,15795,92161,3.974508132943051,0.17681344043834524
6074,0.6142,4,53,4,176591,429019,15799,92157,3.9740171921894105,0.17682510322808417
6075,0.6143,2,32,2,176623,428987,15801,92155,3.9737207751306087,0.1768328018083363
6076,0.6144,8,93,8,176716,428894,15809,92147,3.9728593130534664,0.1768517256799369
6077,0.6145,8,41,8,176757,428853,15817,92139,3.9724795286968764,0.17685300350101346
6078,0.6146,18,77,18,176834,428776,15835,92121,3.9717662751491347,0.1768507017702156
6079,0.6147,8,27,8,176861,428749,15843,92113,3.971516173255771,0.17684722632866287
6080,0.6148,9,130,9,176991,428619,15852,92104,3.970311978954389,0.176877149655383
6081,0.6149,13,73,13,177064,428546,15865,92091,3.9696357775389974,0.17688139721149285
6082,0.615,11,61,11,177125,428485,15876,92080,3.9690707325206565,0.17688473101341812
6083,0.6151,2,35,2,177160,428450,15878,92078,3.968746526362592,0.17689346202317646
6084,0.6152,6,196,6,177356,428254,15884,92072,3.9669309718774315,0.17695060404438756
6085,0.6153,2,31,2,177387,428223,15886,92070,3.9666438178517174,0.17695798329018456
6086,0.6154,5,110,5,177497,428113,15891,92065,3.9656248842120863,0.1769874927428688
6087,0.6155,7,63,7,177560,428050,15898,92058,3.9650413131275704,0.17699785429180093
6088,0.6156,7,39,7,177599,428011,15905,92051,3.9646800548371557,0.17700004999403918
6089,0.6157,6,30,6,177629,427981,15911,92045,3.9644021638445293,0.17700076534634807
6090,0.6158,5,51,5,177680,427930,15916,92040,3.963929749157064,0.17701021212762275
6091,0.6159,12,107,12,177787,427823,15928,92028,3.9629386046166957,0.17702764830691872
6092,0.616,12,142,12,177929,427681,15940,92016,3.961623253918263,0.1770570159150428
6093,0.6161,5,52,5,177981,427629,15945,92011,3.96114157619771,0.1770668154876453
6094,0.6162,11,46,11,178027,427583,15956,92000,3.9607154766756825,0.17706506948841666
6095,0.6163,10,129,10,178156,427454,15966,91990,3.959520545407388,0.17709319965193554
6096,0.6164,11,107,11,178263,427347,15977,91979,3.95852940086702,0.1771122570408568
6097,0.6165,3,41,3,178304,427306,15980,91976,3.95814961651043,0.17712148697624797
6098,0.6166,1,29,1,178333,427277,15981,91975,3.957880988550891,0.17712979439655505
6099,0.6167,10,55,10,178388,427222,15991,91965,3.9573715217310754,0.1771327094091339
6100,0.6168,16,113,16,178501,427109,16007,91949,3.956324798992182,0.17714590662315194
6101,0.6169,7,25,7,178526,427084,16014,91942,3.9560932231649932,0.17714334156670378
6102,0.617,19,135,19,178661,426949,16033,91923,3.954842713698173,0.17715929940332106
6103,0.6171,11,61,11,178722,426888,16044,91912,3.9542776686798327,0.17716268311488048
6104,0.6172,6,49,6,178771,426839,16050,91906,3.9538237800585425,0.17716990043277525
6105,0.6173,7,50,7,178821,426789,16057,91899,3.9533606284041647,0.1771758745141588
6106,0.6174,5,111,5,178932,426678,16062,91894,3.9523324317314463,0.17720586533788943
6107,0.6175,7,58,7,178990,426620,16069,91887,3.951795175812368,0.17721457955244577
6108,0.6176,2,38,2,179028,426582,16071,91885,3.951443180555041,0.17722439422374037
6109,0.6177,11,153,11,179181,426429,16082,91874,3.9500259364926453,0.1772592479688522
6110,0.6178,12,55,12,179236,426374,16094,91862,3.9495164696728295,0.17725900940884076
6111,0.6179,9,130,9,179366,426244,16103,91853,3.9483122753714475,0.17728919488049535
6112,0.618,8,59,8,179425,426185,16111,91845,3.947765756419282,0.17729668165936335
6113,0.6181,6,127,6,179552,426058,16117,91839,3.9465893512171624,0.17733062751859927
6114,0.6182,3,32,3,179584,426026,16120,91836,3.946292934158361,0.17733681946155538
6115,0.6183,6,46,6,179630,425980,16126,91830,3.9458668346363335,0.17734304088372183
6116,0.6184,10,135,10,179765,425845,16136,91820,3.9446163251695134,0.1773733978538244
6117,0.6185,8,206,8,179971,425639,16144,91812,3.9427081403534774,0.17743129301131894
6118,0.6186,7,32,7,180003,425607,16151,91805,3.9424117232946756,0.1774311380485957
6119,0.6187,11,60,11,180063,425547,16162,91794,3.9418559413094223,0.17743422616804003
6120,0.6188,10,47,10,180110,425500,16172,91784,3.9414205787543075,0.17743444606831063
6121,0.6189,5,36,5,180146,425464,16177,91779,3.9410871095631554,0.17743884402495538
6122,0.619,6,55,6,180201,425409,16183,91773,3.9405776427433397,0.17744817105003655
6123,0.6191,6,29,6,180230,425380,16189,91767,3.940309014783801,0.17744857845061462
6124,0.6192,8,52,8,180282,425328,16197,91759,3.939827337063248,0.17745369734686814
6125,0.6193,5,38,5,180320,425290,16202,91754,3.9394753418059207,0.1774587849389994
6126,0.6194,10,83,10,180403,425207,16212,91744,3.938706510059654,0.1774713657580699
6127,0.6195,4,17,4,180420,425190,16216,91740,3.9385490384971655,0.17747083744414138
6128,0.6196,10,81,10,180501,425109,16226,91730,3.9377987328170736,0.1774827364034061
6129,0.6197,11,117,11,180618,424992,16237,91719,3.9367149579458296,0.17750541405156847
6130,0.6198,3,25,3,180643,424967,16240,91716,3.936483382118641,0.17750922712765854
6131,0.6199,5,79,5,180722,424888,16245,91711,3.935751602504724,0.17752841178554352
6132,0.62,2,14,2,180736,424874,16247,91709,3.9356219200414984,0.17753003873530487
6133,0.6201,4,63,4,180799,424811,16251,91705,3.9350383489569825,0.1775453228941601
6134,0.6202,10,96,10,180895,424715,16261,91695,3.934149097780577,0.17756240196742898
6135,0.6203,6,109,6,181004,424606,16267,91689,3.933139427174034,0.1775903311091527
6136,0.6204,2,26,2,181030,424580,16269,91687,3.9328985883137575,0.1775960888455005
6137,0.6205,8,42,8,181072,424538,16277,91679,3.9325095409240802,0.17759779317612553
6138,0.6206,12,128,12,181200,424410,16289,91667,3.931323872688873,0.1776227190903683
6139,0.6207,7,81,7,181281,424329,16296,91660,3.9305735670087816,0.1776394458021392
6140,0.6208,5,42,5,181323,424287,16301,91655,3.930184519619104,0.17764593694640096
6141,0.6209,4,72,4,181395,424215,16305,91651,3.9295175812368,0.17766435469676234
6142,0.621,7,22,7,181417,424193,16312,91644,3.929313794508874,0.17766077268594538
6143,0.6211,13,43,13,181460,424150,16325,91631,3.9289154840861094,0.1776548573910245
6144,0.6212,6,65,6,181525,424085,16331,91625,3.928313386935418,0.17766768144887632
6145,0.6213,11,70,11,181595,424015,16342,91614,3.9276649746192893,0.17767425804211942
6146,0.6214,11,76,11,181671,423939,16353,91603,3.9269609841046353,0.17768290459361216
6147,0.6215,5,20,5,181691,423919,16358,91598,3.926775723442884,0.17768182232593688
6148,0.6216,6,35,6,181726,423884,16364,91592,3.9264515172848196,0.17768431507965454
6149,0.6217,6,40,6,181766,423844,16370,91586,3.9260809959613177,0.17768853190539938
6150,0.6218,8,101,8,181867,423743,16378,91578,3.9251454296194748,0.17771059203874867
6151,0.6219,5,42,5,181909,423701,16383,91573,3.9247563822297975,0.1777170980876194
6152,0.622,6,69,6,181978,423632,16389,91567,3.924117232946756,0.17773132323626403
6153,0.6221,8,71,8,182049,423561,16397,91559,3.92345955759754,0.1777430501630688
6154,0.6222,6,71,6,182120,423490,16403,91553,3.9228018822483235,0.17775797360608725
6155,0.6223,5,32,5,182152,423458,16408,91548,3.9225054651895217,0.17776103579375774
6156,0.6224,6,54,6,182206,423404,16414,91542,3.9220052614027936,0.17777009628194024
6157,0.6225,5,52,5,182258,423352,16419,91537,3.921523583682241,0.17778006521794018
6158,0.6226,10,119,10,182377,423233,16429,91527,3.920421282744822,0.17780519076851348
6159,0.6227,6,74,6,182451,423159,16435,91521,3.919735818296343,0.17782117043599907
6160,0.6228,12,118,12,182569,423041,16447,91509,3.9186427803920116,0.1778427752405014
6161,0.6229,8,76,8,182645,422965,16455,91501,3.9179387898773577,0.17785626261016277
6162,0.623,11,35,11,182680,422930,16466,91490,3.917614583719293,0.17785078340655497
6163,0.6231,7,28,7,182708,422902,16473,91483,3.9173552187928413,0.17784927632026595
6164,0.6232,9,43,9,182751,422859,16482,91474,3.916956908370077,0.1778497588138424
6165,0.6233,8,117,8,182868,422742,16490,91466,3.915873133498833,0.17787743481237164
6166,0.6234,19,81,19,182949,422661,16509,91447,3.915122827818741,0.17787507683210532
6167,0.6235,0,22,0,182971,422639,16509,91447,3.9149190410908146,0.17788268888862954
6168,0.6236,6,33,6,183004,422606,16515,91441,3.9146133609989255,0.17788451250566584
6169,0.6237,3,34,3,183038,422572,16518,91438,3.914298417873949,0.17789148071049202
6170,0.6238,6,68,6,183106,422504,16524,91432,3.913668531623995,0.17790542013013294
6171,0.6239,6,46,6,183152,422458,16530,91426,3.9132424321019674,0.17791174661985973
6172,0.624,7,22,7,183174,422436,16537,91419,3.913038645374041,0.17790816475464868
6173,0.6241,9,73,9,183247,422363,16546,91410,3.9123624439586497,0.17791904206721645
6174,0.6242,10,155,10,183402,422208,16556,91400,3.9109266738300787,0.17795672964595566
6175,0.6243,4,59,4,183461,422149,16560,91396,3.910380154877913,0.17797077179215065
6176,0.6244,10,110,10,183571,422039,16570,91386,3.9093612212382824,0.17799289087987535
6177,0.6245,11,66,11,183637,421973,16581,91375,3.9087498610545035,0.1779981610915013
6178,0.6246,3,21,3,183658,421952,16584,91372,3.908555337359665,0.17800063897265664
6179,0.6247,9,97,9,183755,421855,16593,91363,3.9076568231501723,0.17801986680124235
6180,0.6248,8,67,8,183822,421788,16601,91355,3.907036199933306,0.1780302956485814
6181,0.6249,7,48,7,183870,421740,16608,91348,3.9065915743451036,0.1780357365598104
6182,0.625,0,20,0,183890,421720,16608,91348,3.9064063136833527,0.17804267660427078
6183,0.6251,3,31,3,183921,421689,16611,91345,3.906119159657638,0.1780486283560154
6184,0.6252,4,65,4,183986,421624,16615,91341,3.9055170625069473,0.17806478024816508
6185,0.6253,4,22,4,184008,421602,16619,91337,3.905313275779021,0.17806600784888652
6186,0.6254,2,31,2,184039,421571,16621,91335,3.905026121753307,0.1780735651366917
6187,0.6255,6,69,6,184108,421502,16627,91329,3.904386972470266,0.1780879081022793
6188,0.6256,8,59,8,184167,421443,16635,91321,3.9038404535181,0.1780955761324898
6189,0.6257,6,76,6,184243,421367,16641,91315,3.9031364630034457,0.17811235814793575
6190,0.6258,4,47,4,184290,421320,16645,91311,3.902701100448331,0.17812227508675832
6191,0.6259,14,173,14,184463,421147,16659,91297,3.901098595724184,0.17815995503898963
6192,0.626,8,90,8,184553,421057,16667,91289,3.900264922746304,0.17817841849062938
6193,0.6261,9,157,9,184710,420900,16676,91280,3.898810626551558,0.17821859502518647
6194,0.6262,6,55,6,184765,420845,16682,91274,3.8983011597317425,0.178228107139161
6195,0.6263,1,30,1,184795,420815,16683,91273,3.898023268739116,0.1782369436503101
6196,0.6264,6,47,6,184842,420768,16689,91267,3.897587906184001,0.17824367474879646
6197,0.6265,8,22,8,184864,420746,16697,91259,3.8973841194560745,0.17823849376470932
6198,0.6266,1,38,1,184902,420708,16698,91258,3.8970321241987476,0.17825011817190986
6199,0.6267,2,18,2,184920,420690,16700,91256,3.8968653896031715,0.1782531751395655
6200,0.6268,1,34,1,184954,420656,16701,91255,3.896550446478195,0.1782634090691546
6201,0.6269,12,122,12,185076,420534,16713,91243,3.8954203564415133,0.178286636562409
6202,0.627,7,65,7,185141,420469,16720,91236,3.894818259290822,0.17829804281763906
6203,0.6271,9,106,9,185247,420363,16729,91227,3.8938363777835416,0.17832053011200374
6204,0.6272,9,61,9,185308,420302,16738,91218,3.8932713327652007,0.17832733812949642
6205,0.6273,5,30,5,185338,420272,16743,91213,3.8929934417725742,0.17832976529125977
6206,0.6274,11,54,11,185392,420218,16754,91202,3.892493237985846,0.17833092174729184
6207,0.6275,2,32,2,185424,420186,16756,91200,3.8921968209270443,0.17833886731353615
6208,0.6276,3,57,3,185481,420129,16759,91197,3.8916688280410536,0.17835392684901608
6209,0.6277,6,47,6,185528,420082,16765,91191,3.891233465485939,0.17836068010632283
6210,0.6278,6,54,6,185582,420028,16771,91185,3.8907332616992107,0.17836987713536237
6211,0.6279,7,115,7,185697,419913,16778,91178,3.889668012894142,0.17839875873376757
6212,0.628,8,82,8,185779,419831,16786,91170,3.8889084441809625,0.17841452365063865
6213,0.6281,12,40,12,185819,419791,16798,91158,3.8885379228574606,0.17840919543829228
6214,0.6282,1,19,1,185838,419772,16799,91157,3.888361925228797,0.17841422193690318
6215,0.6283,19,73,19,185911,419699,16818,91138,3.8876857238134055,0.1784091598689993
6216,0.6284,5,54,5,185965,419645,16823,91133,3.8871855200266774,0.1784199789340966
6217,0.6285,8,89,8,186054,419556,16831,91125,3.8863611100818853,0.17843820310526531
6218,0.6286,11,70,11,186124,419486,16842,91114,3.8857126977657566,0.17844496670583626
6219,0.6287,4,67,4,186191,419419,16846,91110,3.8850920745488904,0.17846194829284917
6220,0.6288,9,63,9,186254,419356,16855,91101,3.8845085034643745,0.17846948910486093
6221,0.6289,4,66,4,186320,419290,16859,91097,3.883897143280596,0.17848612915297607
6222,0.629,2,35,2,186355,419255,16861,91095,3.8835729371225316,0.17849515038698932
6223,0.6291,9,88,9,186443,419167,16870,91086,3.882757790210827,0.17851144432271834
6224,0.6292,6,45,6,186488,419122,16876,91080,3.8823409537218865,0.1785175283515157
6225,0.6293,7,96,7,186584,419026,16883,91073,3.8814517025454816,0.1785398520679319
6226,0.6294,3,46,3,186630,418980,16886,91070,3.881025603023454,0.17855112243897658
6227,0.6295,6,86,6,186716,418894,16892,91064,3.8802289821779246,0.17857156863898596
6228,0.6296,5,23,5,186739,418871,16897,91059,3.8800159324169106,0.178571568646677
6229,0.6297,8,24,8,186763,418847,16905,91051,3.8797936196228093,0.17856708596621285
6230,0.6298,17,115,17,186878,418732,16922,91034,3.8787283708177407,0.1785799759105158
6231,0.6299,6,56,6,186934,418676,16928,91028,3.8782096409648377,0.17858992670255677
6232,0.63,10,146,10,187080,418530,16938,91018,3.8768572381340545,0.17862497743097805
6233,0.6301,4,63,4,187143,418467,16942,91014,3.8762736670495386,0.17864061662750916
6234,0.6302,8,95,8,187238,418372,16950,91006,3.875393678906221,0.17866103365280794
6235,0.6303,16,81,16,187319,418291,16966,90990,3.874643373226129,0.1786636454138285
6236,0.6304,10,118,10,187437,418173,16976,90980,3.8735503353217977,0.1786889206191459
6237,0.6305,13,94,13,187531,418079,16989,90967,3.8726796102115677,0.17870094254743185
6238,0.6306,3,30,3,187561,418049,16992,90964,3.872401719218941,0.1787066342116999
6239,0.6307,7,123,7,187684,417926,16999,90957,3.871262366149172,0.17873853125374595
6240,0.6308,9,24,9,187708,417902,17008,90948,3.8710400533550704,0.17873243588483836
6241,0.6309,7,59,7,187767,417843,17015,90941,3.870493534402905,0.17874186295166514
6242,0.631,4,31,4,187798,417812,17019,90937,3.8702063803771907,0.17874629729001926
6243,0.6311,1,25,1,187823,417787,17020,90936,3.8699748045500018,0.17875346701446562
6244,0.6312,5,70,5,187893,417717,17025,90931,3.869326392233873,0.17876999418065145
6245,0.6313,6,17,6,187910,417700,17031,90925,3.8691689206713846,0.178766281641681
6246,0.6314,5,51,5,187961,417649,17036,90920,3.8686965059839196,0.17877613460513717
6247,0.6315,14,119,14,188080,417530,17050,90906,3.8675942050465006,0.1787953646083283
6248,0.6316,3,28,3,188108,417502,17053,90903,3.8673348401200487,0.17880036585006048
6249,0.6317,13,55,13,188163,417447,17066,90890,3.8668253733002333,0.17879871030438468
6250,0.6318,7,40,7,188203,417407,17073,90883,3.8664548519767314,0.17880147160085777
6251,0.6319,5,33,5,188236,417374,17078,90878,3.866149171884842,0.17880500224298182
6252,0.632,2,36,2,188272,417338,17080,90876,3.86581570269369,0.17881443643819336
6253,0.6321,8,139,8,188411,417199,17088,90868,3.86452814109452,0.17885042720743524
6254,0.6322,6,43,6,188454,417156,17094,90862,3.864129830671755,0.17885586731178815
6255,0.6323,7,85,7,188539,417071,17101,90855,3.863342472859313,0.1788744817158405
6256,0.6324,0,26,0,188565,417045,17101,90855,3.8631016339990367,0.178883638511518
6257,0.6325,3,16,3,188581,417029,17104,90852,3.8629534254696356,0.17888442371342894
6258,0.6326,7,47,7,188628,416982,17111,90845,3.862518062914521,0.1788896612429036
6259,0.6327,8,36,8,188664,416946,17119,90837,3.8621845937233688,0.1788894074831178
6260,0.6328,8,52,8,188716,416894,17127,90829,3.861702916002816,0.1788947910573285
6261,0.6329,8,111,8,188827,416783,17135,90821,3.8606747193300976,0.17892096988991418
6262,0.633,8,50,8,188877,416733,17143,90813,3.86021156767572,0.17892565402938848
6263,0.6331,14,101,14,188978,416632,17157,90799,3.859276001333877,0.17893861431406438
6264,0.6332,7,99,7,189077,416533,17164,90792,3.858358961058209,0.17896220371556695
6265,0.6333,7,26,7,189103,416507,17171,90785,3.8581181221979324,0.1789600466792301
6266,0.6334,12,63,12,189166,416444,17183,90773,3.8575345511134165,0.17896285021992558
6267,0.6335,16,149,16,189315,416295,17199,90757,3.856154359183371,0.17898953164566947
6268,0.6336,6,57,6,189372,416238,17205,90751,3.8556263662973804,0.17899993885468915
6269,0.6337,6,27,6,189399,416211,17211,90745,3.8553762644040166,0.17899975540283575
6270,0.6338,21,156,21,189555,416055,17232,90724,3.853931231242358,0.17902083551212658
6271,0.6339,7,35,7,189590,416020,17239,90717,3.8536070250842935,0.17902185946556104
6272,0.634,10,130,10,189720,415890,17249,90707,3.8524028307829115,0.1790515932782863
6273,0.6341,4,25,4,189745,415865,17253,90703,3.8521712549557225,0.17905394734764138
6274,0.6342,3,106,3,189851,415759,17256,90700,3.851189373448442,0.1790865598202421
6275,0.6343,24,277,24,190128,415482,17280,90676,3.8486235132831896,0.1791456422698051
6276,0.6344,4,54,4,190182,415428,17284,90672,3.8481233094964615,0.17915826911677535
6277,0.6345,7,53,7,190235,415375,17291,90665,3.847632368742821,0.179165678602482
6278,0.6346,18,123,18,190358,415252,17309,90647,3.846493015673052,0.17918003395934762
6279,0.6347,6,127,6,190485,415125,17315,90641,3.8453166104709324,0.17921528928397717
6280,0.6348,6,55,6,190540,415070,17321,90635,3.844807143651117,0.17922504226772526
6281,0.6349,5,52,5,190592,415018,17326,90630,3.8443254659305643,0.1792353574027782
6282,0.635,9,47,9,190639,414971,17335,90621,3.843890103375449,0.1792374088197598
6283,0.6351,1,25,1,190664,414946,17336,90620,3.84365852754826,0.17924464857209543
6284,0.6352,10,112,10,190776,414834,17346,90610,3.842621067842454,0.179268128615633
6285,0.6353,5,43,5,190819,414791,17351,90605,3.8422227574196897,0.17927526137919572
6286,0.6354,8,109,8,190928,414682,17359,90597,3.841213086813146,0.17930094066842278
6287,0.6355,12,64,12,190992,414618,17371,90585,3.8406202526955426,0.17930416090165735
6288,0.6356,3,41,3,191033,414577,17374,90582,3.840240468338953,0.17931383980093396
6289,0.6357,10,167,10,191200,414410,17384,90572,3.8386935418133312,0.17935688796828403
6290,0.6358,8,49,8,191249,414361,17392,90564,3.838239653192041,0.1793612912808833
6291,0.6359,6,30,6,191279,414331,17398,90558,3.8379617621994147,0.1793621964431786
6292,0.636,4,44,4,191323,414287,17402,90554,3.837554188743562,0.1793713268137889
6293,0.6361,5,30,5,191353,414257,17407,90549,3.8372762977509356,0.17937385847236365
6294,0.6362,18,177,18,191530,414080,17425,90531,3.8356367408944383,0.17940750399812924
6295,0.6363,8,22,8,191552,414058,17433,90523,3.8354329541665124,0.17940231598098225
6296,0.6364,5,75,5,191627,413983,17438,90518,3.8347382266849457,0.17942085347700004
6297,0.6365,7,116,7,191743,413867,17445,90511,3.8336637148467894,0.17945072941325751
6298,0.6366,6,46,6,191789,413821,17451,90505,3.833237615324762,0.17945733513639986
6299,0.6367,2,34,2,191823,413787,17453,90503,3.832922672199785,0.17946618017410618
6300,0.6368,6,81,6,191904,413706,17459,90497,3.832172366519693,0.17948524701360366
6301,0.6369,6,70,6,191974,413636,17465,90491,3.8315239542035644,0.1795004036681233
6302,0.637,13,78,13,192052,413558,17478,90478,3.830801437622735,0.1795070193398884
6303,0.6371,9,74,9,192126,413484,17487,90469,3.830115973174256,0.1795187249604626
6304,0.6372,5,120,5,192246,413364,17492,90464,3.82900440920375,0.1795533396317791
6305,0.6373,0,12,0,192258,413352,17492,90464,3.828893252806699,0.17955761627260747
6306,0.6374,9,54,9,192312,413298,17501,90455,3.828393049019971,0.17956220608115486
6307,0.6375,4,33,4,192345,413265,17505,90451,3.828087368928082,0.1795674546768417
6308,0.6376,3,44,3,192389,413221,17508,90448,3.8276797954722293,0.17957825476652325
6309,0.6377,4,60,4,192449,413161,17512,90444,3.8271240134869764,0.17959313350741157
6310,0.6378,2,21,2,192470,413140,17514,90442,3.8269294897921373,0.1795973644808591
6311,0.6379,10,84,10,192554,413056,17524,90432,3.826151395012783,0.17961103343078683
6312,0.638,11,117,11,192671,412939,17535,90421,3.8250676201415392,0.17963485378258107
6313,0.6381,2,23,2,192694,412916,17537,90419,3.8248545703805252,0.1796398025172102
6314,0.6382,21,211,21,192905,412705,17558,90398,3.8229000703990517,0.17968090033253628
6315,0.6383,6,40,6,192945,412665,17564,90392,3.8225295490755493,0.17968540344334738
6316,0.6384,10,55,10,193000,412610,17574,90382,3.822020082255734,0.17968874256449408
6317,0.6385,3,29,3,193029,412581,17577,90379,3.821751454296195,0.179694210275171
6318,0.6386,9,85,9,193114,412496,17586,90370,3.8209640964837526,0.17970990283693866
6319,0.6387,4,20,4,193134,412476,17590,90366,3.8207788358220016,0.17971052537377546
6320,0.6388,2,29,2,193163,412447,17592,90364,3.8205102078624624,0.17971762749820508
6321,0.6389,10,69,10,193232,412378,17602,90354,3.8198710585794213,0.17972597726025
6322,0.639,1,49,1,193281,412329,17603,90353,3.819417169958131,0.17974186463808134
6323,0.6391,6,29,6,193310,412300,17609,90347,3.819148541998592,0.17974244350408936
6324,0.6392,14,144,14,193454,412156,17623,90333,3.817814665233984,0.179771099466854
6325,0.6393,4,79,4,193533,412077,17627,90329,3.8170828856200676,0.17979283686898645
6326,0.6394,5,31,5,193564,412046,17632,90324,3.816795731594353,0.17979576805939845
6327,0.6395,13,99,13,193663,411947,17645,90311,3.8158786913186855,0.1798099781387255
6328,0.6396,12,118,12,193781,411829,17657,90299,3.814785653414354,0.17983263231685945
6329,0.6397,10,153,10,193934,411676,17667,90289,3.813368409351958,0.17987110655125357
6330,0.6398,4,41,4,193975,411635,17671,90285,3.8129886249953686,0.17987926362766976
6331,0.6399,7,75,7,194050,411560,17678,90278,3.812293897513802,0.17989470705685898
6332,0.64,10,70,10,194120,411490,17688,90268,3.811645485197673,0.17990345943662084
6333,0.6401,0,22,0,194142,411468,17688,90268,3.811441698469747,0.17991134780043688
6334,0.6402,13,70,13,194212,411398,17701,90255,3.810793286153618,0.17991520034765066
6335,0.6403,10,113,10,194325,411285,17711,90245,3.8097465634147247,0.1799393854804299
6336,0.6404,5,24,5,194349,411261,17716,90240,3.809524250620623,0.17993982065838354
6337,0.6405,11,35,11,194384,411226,17727,90229,3.8092000444625587,0.17993439092241578
6338,0.6406,8,95,8,194479,411131,17735,90221,3.808320056319241,0.1799554005967863
6339,0.6407,9,109,9,194588,411022,17744,90212,3.807310385712698,0.1799798098293412
6340,0.6408,3,26,3,194614,410996,17747,90209,3.8070695468524214,0.17998423798645266
6341,0.6409,8,46,8,194660,410950,17755,90201,3.806643447330394,0.17998766838737226
6342,0.641,6,87,6,194747,410863,17761,90195,3.8058375634517767,0.18000910074282817
6343,0.6411,5,38,5,194785,410825,17766,90190,3.8054855681944497,0.18001457042204325
6344,0.6412,15,133,15,194918,410692,17781,90175,3.804253584793805,0.18003781442977876
6345,0.6413,8,62,8,194980,410630,17789,90167,3.8036792767423764,0.1800470050739122
6346,0.6414,0,18,0,194998,410612,17789,90167,3.8035125421468003,0.18005347668332738
6347,0.6415,13,173,13,195171,410439,17802,90154,3.8019100374226538,0.18009440803207397
6348,0.6416,7,55,7,195226,410384,17809,90147,3.801400570602838,0.18010273089978443
6349,0.6417,17,223,17,195449,410161,17826,90130,3.7993349142243136,0.18015514970287294
6350,0.6418,10,93,10,195542,410068,17836,90120,3.7984734521471712,0.18017225523203276
6351,0.6419,6,48,6,195590,410020,17842,90114,3.7980288265589683,0.1801797118372276
6352,0.642,15,115,15,195705,409905,17857,90099,3.7969635777538997,0.18019655842753257
6353,0.6421,4,101,4,195806,409804,17861,90095,3.796028011412057,0.18022640573395826
6354,0.6422,5,37,5,195843,409767,17866,90090,3.795685279187817,0.18023154622221957
6355,0.6423,6,101,6,195944,409666,17872,90084,3.794749712845974,0.18025812906453226
6356,0.6424,13,139,13,196083,409527,17885,90071,3.7934621512468043,0.18028695070836953
6357,0.6425,6,52,6,196135,409475,17891,90065,3.7929804735262516,0.18029587220242624
6358,0.6426,14,115,14,196250,409360,17905,90051,3.791915224721183,0.18031441037542226
6359,0.6427,3,50,3,196300,409310,17908,90048,3.791452073066805,0.18032754056208172
6360,0.6428,7,140,7,196440,409170,17915,90041,3.7901552484345475,0.1803666185240309
6361,0.6429,6,98,6,196538,409072,17921,90035,3.7892474711919673,0.1803921804342556
6362,0.643,10,82,10,196620,408990,17931,90025,3.7884879024787876,0.18040539863531158
6363,0.6431,5,62,5,196682,408928,17936,90020,3.7879135944273594,0.18041960284438457
6364,0.6432,8,34,8,196716,408894,17944,90012,3.7875986513023823,0.18041875623865017
6365,0.6433,10,91,10,196807,408803,17954,90002,3.786755715291415,0.18043524022413568
6366,0.6434,6,54,6,196861,408749,17960,89996,3.786255511504687,0.18044491674101995
6367,0.6435,5,42,5,196903,408707,17965,89991,3.78586646411501,0.18045189673910864
6368,0.6436,4,27,4,196930,408680,17969,89987,3.7856163622216457,0.18045509327868095
6369,0.6437,15,52,15,196982,408628,17984,89972,3.785134684501093,0.1804492579221821
6370,0.6438,12,43,12,197025,408585,17996,89960,3.7847363740783284,0.18044509522711089
6371,0.6439,4,31,4,197056,408554,18000,89956,3.784449220052614,0.1804497402258731
6372,0.644,10,70,10,197126,408484,18010,89946,3.783800807736485,0.18045864013000823
6373,0.6441,4,67,4,197193,408417,18014,89942,3.783180184519619,0.18047632329304777
6374,0.6442,12,124,12,197317,408293,18026,89930,3.7820315684167625,0.18050150233931392
6375,0.6443,2,29,2,197346,408264,18028,89928,3.7817629404572233,0.18050871952981984
6376,0.6444,9,133,9,197479,408131,18037,89919,3.7805309570565786,0.18054211424555766
6377,0.6445,3,32,3,197511,408099,18040,89916,3.780234539997777,0.18054877865124544
6378,0.6446,3,24,3,197535,408075,18043,89913,3.7800122272036756,0.18055254343478155
6379,0.6447,6,31,6,197566,408044,18049,89907,3.7797250731779615,0.1805539099228639
6380,0.6448,3,51,3,197617,407993,18052,89904,3.779252658490496,0.18056746676521448
6381,0.6449,12,116,12,197733,407877,18064,89892,3.7781781466523396,0.18058979165034383
6382,0.645,8,46,8,197779,407831,18072,89884,3.7777520471303125,0.18059331143324994
6383,0.6451,8,135,8,197914,407696,18080,89876,3.7765015376634925,0.18062913507994824
6384,0.6452,9,137,9,198051,407559,18089,89867,3.7752325021304975,0.18066405857353657
6385,0.6453,6,52,6,198103,407507,18095,89861,3.774750824409945,0.1806730630036512
6386,0.6454,3,21,3,198124,407486,18098,89858,3.774556300715106,0.1806757495817784
6387,0.6455,6,30,6,198154,407456,18104,89852,3.7742784097224797,0.18067676369573785
6388,0.6456,7,75,7,198229,407381,18111,89845,3.773583682240913,0.18069248188952308
6389,0.6457,5,99,5,198328,407282,18116,89840,3.772666641965245,0.18072022561866102
6390,0.6458,8,89,8,198417,407193,18124,89832,3.771842232020453,0.1807393994265882
6391,0.6459,12,104,12,198521,407089,18136,89820,3.770878876579347,0.1807574425095943
6392,0.646,12,39,12,198560,407050,18148,89808,3.7705176182889324,0.18075184459141244
6393,0.6461,25,157,25,198717,406893,18173,89783,3.7690633220941865,0.18076774396185843
6394,0.6462,10,162,10,198879,406731,18183,89773,3.7675627107340026,0.18081022509385625
6395,0.6463,4,29,4,198908,406702,18187,89769,3.767294082774464,0.18081418652851827
6396,0.6464,7,68,7,198976,406634,18194,89762,3.76666419652451,0.18082740392750948
6397,0.6465,8,139,8,199115,406495,18202,89754,3.76537663492534,0.18086484809037398
6398,0.6466,10,136,10,199251,406359,18212,89744,3.7641168624254324,0.18089791837582114
6399,0.6467,5,60,5,199311,406299,18217,89739,3.763561080440179,0.180911543067265
6400,0.6468,8,60,8,199371,406239,18225,89731,3.7630052984549263,0.18092021694860577
6401,0.6469,7,62,7,199433,406177,18232,89724,3.7624309904034976,0.1809312745890813
6402,0.647,14,114,14,199547,406063,18246,89710,3.7613750046315166,0.18094974917956402
6403,0.6471,7,58,7,199605,406005,18253,89703,3.7608377487124383,0.18095935510421457
6404,0.6472,9,71,9,199676,405934,18262,89694,3.7601800733632222,0.1809704052232723
6405,0.6473,13,101,13,199777,405833,18275,89681,3.759244507021379,0.18098580463922312
6406,0.6474,12,58,12,199835,405775,18287,89669,3.758707251102301,0.18098715495595868
6407,0.6475,5,93,5,199928,405682,18292,89664,3.757845789025158,0.18101286777323325
6408,0.6476,11,101,11,200029,405581,18303,89653,3.7569102226833153,0.1810315931458664
6409,0.6477,4,52,4,200081,405529,18307,89649,3.7564285449627626,0.181043988222417
6410,0.6478,6,61,6,200142,405468,18313,89643,3.7558634999444216,0.18105636917782073
6411,0.6479,9,36,9,200178,405432,18322,89634,3.75553003075327,0.18105464725915332
6412,0.648,5,71,5,200249,405361,18327,89629,3.7548723554040535,0.18107234489585647
6413,0.6481,5,31,5,200280,405330,18332,89624,3.7545852013783394,0.1810754130686892
6414,0.6482,22,126,22,200406,405204,18354,89602,3.7534180592093076,0.18108511214496187
6415,0.6483,4,53,4,200459,405151,18358,89598,3.752927118455667,0.18109789004121282
6416,0.6484,6,69,6,200528,405082,18364,89592,3.752287969172626,0.18111321799811594
6417,0.6485,7,32,7,200560,405050,18371,89585,3.7519915521138243,0.18111334620477726
6418,0.6486,17,121,17,200681,404929,18388,89568,3.75087072511023,0.18112951140249586
6419,0.6487,1,40,1,200721,404889,18389,89567,3.750500203786728,0.18114250813014707
6420,0.6488,2,17,2,200738,404872,18391,89565,3.7503427322242393,0.1811454239872825
6421,0.6489,11,110,11,200848,404762,18402,89554,3.7493237985846086,0.18116751227959443
6422,0.649,4,45,4,200893,404717,18406,89550,3.7489069620956688,0.1811773798372135
6423,0.6491,13,152,13,201045,404565,18419,89537,3.7474989810663604,0.18121157169977048
6424,0.6492,10,154,10,201199,404411,18429,89527,3.746072473970877,0.18125149310237318
6425,0.6493,8,83,8,201282,404328,18437,89519,3.74530364222461,0.1812686925302776
6426,0.6494,9,49,9,201331,404279,18446,89510,3.74484975360332,0.18127175777508206
6427,0.6495,4,55,4,201386,404224,18450,89506,3.7443402867835043,0.18128531788629412
6428,0.6496,11,52,11,201438,404172,18461,89495,3.7438586090629515,0.18128617063729194
6429,0.6497,14,99,14,201537,404073,18475,89481,3.7429415687872836,0.1812993107137213
6430,0.6498,11,51,11,201588,404022,18486,89470,3.7424691540998185,0.18129979817302003
6431,0.6499,13,104,13,201692,403918,18499,89457,3.741505798658713,0.18131644286800103
6432,0.65,4,65,4,201757,403853,18503,89453,3.7409037015080218,0.18133369551556236
6433,0.6501,8,138,8,201895,403715,18511,89445,3.739625402941939,0.18137115743369292
6434,0.6502,5,83,5,201978,403632,18516,89440,3.7388565711956723,0.18139338676704417
6435,0.6503,14,82,14,202060,403550,18530,89426,3.7380970024824927,0.18140031157703418
6436,0.6504,11,78,11,202138,403472,18541,89415,3.7373744859016638,0.18141074931982382
6437,0.6505,13,122,13,202260,403350,18554,89402,3.7362443958649822,0.1814340682534013
6438,0.6506,5,32,5,202292,403318,18559,89397,3.7359479788061805,0.18143754503110318
6439,0.6507,10,109,10,202401,403209,18569,89387,3.734938308199637,0.1814610756075973
6440,0.6508,5,46,5,202447,403163,18574,89382,3.7345122086776095,0.18146971342719956
6441,0.6509,6,57,6,202504,403106,18580,89376,3.7339842157916188,0.18148074447390972
6442,0.651,16,132,16,202636,402974,18596,89360,3.7327614954240618,0.18150280094407456
6443,0.6511,9,113,9,202749,402861,18605,89351,3.731714772685168,0.181529503547252
6444,0.6512,4,72,4,202821,402789,18609,89347,3.731047834302864,0.18154940910642586
6445,0.6513,6,40,6,202861,402749,18615,89341,3.730677312979362,0.18155418724217115
6446,0.6514,13,73,13,202934,402676,18628,89328,3.7300011115639706,0.1815594995162641
6447,0.6515,7,55,7,202989,402621,18635,89321,3.729491644744155,0.1815681523431624
6448,0.6516,7,69,7,203058,402552,18642,89314,3.7288524954611137,0.18158197557871453
6449,0.6517,4,52,4,203110,402500,18646,89310,3.728370817740561,0.18159451820825115
6450,0.6518,4,28,4,203138,402472,18650,89306,3.7281114528141095,0.1815982008141885
6451,0.6519,3,53,3,203191,402419,18653,89303,3.727620512060469,0.1816127812056406
6452,0.652,3,25,3,203216,402394,18656,89300,3.72738893623328,0.18161702196894816
6453,0.6521,11,68,11,203284,402326,18667,89289,3.7267590499833267,0.18162383165688598
6454,0.6522,14,147,14,203431,402179,18681,89275,3.725397384119456,0.18165484460397108
6455,0.6523,20,72,20,203503,402107,18701,89255,3.724730445737152,0.18164815349986366
6456,0.6524,9,130,9,203633,401977,18710,89246,3.72352625143577,0.18168123235271963
6457,0.6525,11,56,11,203689,401921,18721,89235,3.723007521582867,0.18168361986822923
6458,0.6526,5,73,5,203762,401848,18726,89230,3.7223313201674757,0.18170229576564212
6459,0.6527,6,45,6,203807,401803,18732,89224,3.721914483678536,0.18170894879507643
6460,0.6528,5,50,5,203857,401753,18737,89219,3.721451332024158,0.18171912043864008
6461,0.6529,9,81,9,203938,401672,18746,89210,3.720701026344066,0.18173410310420834
6462,0.653,14,120,14,204058,401552,18760,89196,3.7195894623735595,0.181755198187257
6463,0.6531,4,26,4,204084,401526,18764,89192,3.7193486235132833,0.18175815845353135
6464,0.6532,20,158,20,204242,401368,18784,89172,3.7178850642854497,0.18178334080808906
6465,0.6533,9,36,9,204278,401332,18793,89163,3.7175515950942977,0.18178166953791577
6466,0.6534,5,28,5,204306,401304,18798,89158,3.717292230167846,0.1817837059751826
6467,0.6535,9,43,9,204349,401261,18807,89149,3.716893919745081,0.18178462918782243
6468,0.6536,7,88,7,204437,401173,18814,89142,3.7160787728333764,0.18180557396775543
6469,0.6537,12,131,12,204568,401042,18826,89130,3.714865315498907,0.18183413169254875
6470,0.6538,8,49,8,204617,400993,18834,89122,3.714411426877617,0.1818389561633494
6471,0.6539,11,73,11,204690,400920,18845,89111,3.7137352254622256,0.18184767902438825
6472,0.654,8,84,8,204774,400836,18853,89103,3.7129571306828706,0.18186549754153067
6473,0.6541,10,86,10,204860,400750,18863,89093,3.712160509837341,0.18188072504863803
6474,0.6542,5,81,5,204941,400669,18868,89088,3.711410204157249,0.18190245366579752
6475,0.6543,4,31,4,204972,400638,18872,89084,3.711123050131535,0.1819072861746052
6476,0.6544,4,67,4,205039,400571,18876,89080,3.710502426914669,0.18192549387216608
6477,0.6545,10,74,10,205113,400497,18886,89070,3.70981696246619,0.18193628247001942
6478,0.6546,5,52,5,205165,400445,18891,89065,3.709335284745637,0.1819472533758248
6479,0.6547,13,129,13,205294,400316,18904,89052,3.7081403534773427,0.1819734841673342
6480,0.6548,1,58,1,205352,400258,18905,89051,3.7076030975582643,0.18199338250471583
6481,0.6549,18,121,18,205473,400137,18923,89033,3.7064822705546705,0.18200829977308502
6482,0.655,7,65,7,205538,400072,18930,89026,3.7058801734039792,0.18202078111135192
6483,0.6551,13,91,13,205629,399981,18943,89013,3.705037237393012,0.1820329083792439
6484,0.6552,7,59,7,205688,399922,18950,89006,3.704490718440846,0.1820431638196217
6485,0.6553,12,61,12,205749,399861,18962,88994,3.7039256734225057,0.18204580090210798
6486,0.6554,6,49,6,205798,399812,18968,88988,3.7034717848012155,0.18205400981996728
6487,0.6555,23,120,23,205918,399692,18991,88965,3.702360220830709,0.18206021810799805
6488,0.6556,9,127,9,206045,399565,19000,88956,3.7011838156285894,0.18209247913600438
6489,0.6557,5,16,5,206061,399549,19005,88951,3.7010356070991888,0.18209007164790175
6490,0.6558,21,268,21,206329,399281,19026,88930,3.698553114231724,0.182154846982145
6491,0.6559,17,229,17,206558,399052,19043,88913,3.696431879654674,0.18221183896386012
6492,0.656,13,76,13,206634,398976,19056,88900,3.69572788914002,0.18221843255253384
6493,0.6561,12,55,12,206689,398921,19068,88888,3.6952184223202047,0.1822188602506309
6494,0.6562,10,72,10,206761,398849,19078,88878,3.6945514839379006,0.1822289928587099
6495,0.6563,7,45,7,206806,398804,19085,88871,3.6941346474489607,0.18223406982108986
6496,0.6564,13,72,13,206878,398732,19098,88858,3.693467709066657,0.18223917635718534
6497,0.6565,2,49,2,206927,398683,19100,88856,3.6930138204453664,0.18225413761770853
6498,0.6566,22,180,22,207107,398503,19122,88834,3.691346474489607,0.18228453821482876
6499,0.6567,5,36,5,207143,398467,19127,88829,3.691013005298455,0.1822896145258734
6500,0.6568,13,94,13,207237,398373,19140,88816,3.690142280188225,0.18230296661049408
6501,0.6569,9,111,9,207348,398262,19149,88807,3.6891140835155065,0.18232940302092723
6502,0.657,5,42,5,207390,398220,19154,88802,3.6887250361258292,0.18233673222154234
6503,0.6571,17,126,17,207516,398094,19171,88785,3.687557893956797,0.18235536960928692
6504,0.6572,4,86,4,207602,398008,19175,88781,3.6867612731112676,0.18238086727514385
6505,0.6573,9,77,9,207679,397931,19184,88772,3.686048019563526,0.1823946020468335
6506,0.6574,7,40,7,207719,397891,19191,88765,3.6856774982400236,0.18239783337716992
6507,0.6575,6,45,6,207764,397846,19197,88759,3.6852606617510837,0.18240461976346317
6508,0.6576,8,29,8,207793,397817,19205,88751,3.6849920337915445,0.18240204863451767
6509,0.6577,8,38,8,207831,397779,19213,88743,3.6846400385342175,0.1824028512585248
6510,0.6578,10,56,10,207887,397723,19223,88733,3.6841213086813145,0.18240704195240678
6511,0.6579,8,35,8,207922,397688,19231,88725,3.68379710252325,0.18240672021512583
6512,0.658,7,55,7,207977,397633,19238,88718,3.6832876357034348,0.18241558051695175
6513,0.6581,11,104,11,208081,397529,19249,88707,3.6823242802623293,0.1824361009879976
6514,0.6582,3,32,3,208113,397497,19252,88704,3.6820278632035275,0.18244306367119772
6515,0.6583,6,71,6,208184,397426,19258,88698,3.681370187854311,0.1824596193563782
6516,0.6584,1,15,1,208199,397411,19259,88697,3.6812312423579976,0.1824635677668337
6517,0.6585,9,37,9,208236,397374,19268,88688,3.6808885101337583,0.18246231962177664
6518,0.6586,10,101,10,208337,397273,19278,88678,3.6799529437919154,0.1824834191101572
6519,0.6587,4,72,4,208409,397201,19282,88674,3.6792860054096113,0.18250373038332904
6520,0.6588,6,62,6,208471,397139,19288,88668,3.678711697358183,0.1825169254457017
6521,0.6589,12,123,12,208594,397016,19300,88656,3.677572344288414,0.18254295079806948
6522,0.659,7,52,7,208646,396964,19307,88649,3.677090666567861,0.1825507142518837
6523,0.6591,12,139,12,208785,396825,19319,88637,3.675803104968691,0.18258277681878293
6524,0.6592,5,47,5,208832,396778,19324,88632,3.675367742413576,0.18259203559877218
6525,0.6593,5,70,5,208902,396708,19329,88627,3.6747193300974472,0.182609949828469
6526,0.6594,11,43,11,208945,396665,19340,88616,3.6743210196746823,0.18260760260550074
6527,0.6595,3,26,3,208971,396639,19343,88613,3.6740801808144057,0.1826123333855399
6528,0.6596,9,49,9,209020,396590,19352,88604,3.6736262921931155,0.18261561354839506
6529,0.6597,8,53,8,209073,396537,19360,88596,3.6731353514394756,0.18262208507770034
6530,0.6598,6,52,6,209125,396485,19366,88590,3.6726536737189224,0.1826315518218832
6531,0.6599,21,102,21,209227,396383,19387,88569,3.671708844343992,0.1826345700193009
6532,0.66,24,131,24,209358,396252,19411,88545,3.6704953870095225,0.1826434569520851
6533,0.6601,10,41,10,209399,396211,19421,88535,3.6701156026529325,0.18264204346193677
6534,0.6602,10,38,10,209437,396173,19431,88525,3.6697636073956055,0.18263949923457493
6535,0.6603,8,59,8,209496,396114,19439,88517,3.66921708844344,0.18264824165189597
6536,0.6604,7,47,7,209543,396067,19446,88510,3.668781725888325,0.18265414990806414
6537,0.6605,4,27,4,209570,396040,19450,88506,3.668531623994961,0.1826575804980332
6538,0.6606,6,33,6,209603,396007,19456,88500,3.6682259439030718,0.18265989965057264
6539,0.6607,4,50,4,209653,395957,19460,88496,3.667762792248694,0.18267200326966704
6540,0.6608,4,44,4,209697,395913,19464,88492,3.6673552187928413,0.18268184680174648
6541,0.6609,6,51,6,209748,395862,19470,88486,3.6668828041053763,0.18269095774112828
6542,0.661,10,89,10,209837,395773,19480,88476,3.6660583941605838,0.18270765659815508
6543,0.6611,7,51,7,209888,395722,19487,88469,3.6655859794731187,0.18271508557573354
6544,0.6612,14,187,14,210075,395535,19501,88455,3.663853792285746,0.18276204053802764
6545,0.6613,15,114,15,210189,395421,19516,88440,3.662797806513765,0.18277976526316442
6546,0.6614,5,64,5,210253,395357,19521,88435,3.6622049723961614,0.18279549889208585
6547,0.6615,7,53,7,210306,395304,19528,88428,3.661714031642521,0.18280370122299125
6548,0.6616,7,84,7,210390,395220,19535,88421,3.6609359368631664,0.18282362330737054
6549,0.6617,11,55,11,210445,395165,19546,88410,3.660426470043351,0.1828258284650778
6550,0.6618,6,39,6,210484,395126,19552,88404,3.6600652117529364,0.18283043451285338
6551,0.6619,6,73,6,210557,395053,19558,88398,3.659389010337545,0.18284789978715527
6552,0.662,10,72,10,210629,394981,19568,88388,3.658722071955241,0.1828582304616142
6553,0.6621,9,66,9,210695,394915,19577,88379,3.6581107117714624,0.182867985118789
6554,0.6622,12,57,12,210752,394858,19589,88367,3.6575827188854717,0.182869263800507
6555,0.6623,4,57,4,210809,394801,19593,88363,3.6570547259994814,0.18288407248884436
6556,0.6624,9,64,9,210873,394737,19602,88354,3.656461891881878,0.18289307811571734
6557,0.6625,4,37,4,210910,394700,19606,88350,3.656119159657638,0.18290032087775593
6558,0.6626,17,60,17,210970,394640,19623,88333,3.6555633776723853,0.18289428187497023
6559,0.6627,14,118,14,211088,394522,19637,88319,3.6544703397680536,0.18291528681284316
6560,0.6628,9,28,9,211116,394494,19646,88310,3.654210974841602,0.18291066354048433
6561,0.6629,7,103,7,211219,394391,19653,88303,3.6532568824335843,0.18293784468006646
6562,0.663,2,33,2,211252,394358,19655,88301,3.652951202341695,0.1829469666990567
6563,0.6631,9,74,9,211326,394284,19664,88292,3.6522657378932157,0.18295978250058023
6564,0.6632,11,72,11,211398,394212,19675,88281,3.651598799510912,0.18296845757347774
6565,0.6633,4,62,4,211460,394150,19679,88277,3.6510244914594834,0.1829851977604902
6566,0.6634,13,54,13,211514,394096,19692,88264,3.6505242876727557,0.18298366365370264
6567,0.6635,11,57,11,211571,394039,19703,88253,3.649996294786765,0.18298665538719283
6568,0.6636,13,128,13,211699,393911,19716,88240,3.648810626551558,0.18301320540660498
6569,0.6637,12,103,12,211802,393808,19728,88228,3.64785653414354,0.18303197271573077
6570,0.6638,4,55,4,211857,393753,19732,88224,3.6473470673237243,0.18304607896227412
6571,0.6639,15,73,15,211930,393680,19747,88209,3.646670865908333,0.18304837836099186
6572,0.664,7,60,7,211990,393620,19754,88202,3.6461150839230796,0.1830593040583452
6573,0.6641,6,35,6,212025,393585,19760,88196,3.645790877765015,0.18306242877988133
6574,0.6642,6,43,6,212068,393542,19766,88190,3.6453925673422507,0.18306859415608678
6575,0.6643,6,89,6,212157,393453,19772,88184,3.644568157397458,0.18309224581998476
6576,0.6644,4,65,4,212222,393388,19776,88180,3.6439660602467674,0.18311017343345073
6577,0.6645,10,87,10,212309,393301,19786,88170,3.64316017636815,0.1831262942108663
6578,0.6646,11,78,11,212387,393223,19797,88159,3.642437659787321,0.18313730052224636
6579,0.6647,10,44,10,212431,393179,19807,88149,3.6420300863314683,0.18313707077086727
6580,0.6648,14,112,14,212543,393067,19821,88135,3.6409926266256623,0.18315593035772917
6581,0.6649,8,105,8,212648,392962,19829,88127,3.640020008151469,0.1831823217741416
6582,0.665,9,60,9,212708,392902,19838,88118,3.639464226166216,0.1831898881543387
6583,0.6651,19,192,19,212900,392710,19857,88099,3.6376857238134055,0.18323076315127212
6584,0.6652,19,222,19,213122,392488,19876,88080,3.6356293304679683,0.1832831149806063
6585,0.6653,9,148,9,213270,392340,19885,88071,3.63425840157101,0.18332427858646033
6586,0.6654,8,112,8,213382,392228,19893,88063,3.633220941865204,0.18335342531923354
6587,0.6655,4,24,4,213406,392204,19897,88059,3.632998629071103,0.18335578630875166
6588,0.6656,5,56,5,213462,392148,19902,88054,3.6324798992182,0.18336866568652357
6589,0.6657,10,82,10,213544,392066,19912,88044,3.6317203305050207,0.18338297473495657
6590,0.6658,0,31,0,213575,392035,19912,88044,3.631433176479306,0.18339481626982226
6591,0.6659,8,30,8,213605,392005,19920,88036,3.6311552854866798,0.1833926685428953
6592,0.666,3,36,3,213641,391969,19923,88033,3.6308218162955277,0.18340131916117017
6593,0.6661,9,103,9,213744,391866,19932,88024,3.62986772388751,0.18342536831357187
6594,0.6662,15,95,15,213839,391771,19947,88009,3.628987735744192,0.18343615823919296
6595,0.6663,8,95,8,213934,391676,19955,88001,3.6281077476008745,0.18345886919739743
6596,0.6664,5,86,5,214020,391590,19960,87996,3.6273111267553446,0.18348325430683965
6597,0.6665,6,46,6,214066,391544,19966,87990,3.626885027233317,0.18349063882852937
6598,0.6666,6,83,6,214149,391461,19972,87984,3.62611619548705,0.18351218596502206
6599,0.6667,11,55,11,214204,391406,19983,87973,3.625606728667235,0.1835145052244675
6600,0.6668,4,34,4,214238,391372,19987,87969,3.625291785542258,0.18352070863956974
6601,0.6669,6,42,6,214280,391330,19993,87963,3.6249027381525805,0.1835265693427611
6602,0.667,4,29,4,214309,391301,19997,87959,3.6246341101930417,0.18353086007595043
6603,0.6671,7,54,7,214363,391247,20004,87952,3.6241339064063136,0.1835396150659747
6604,0.6672,4,34,4,214397,391213,20008,87948,3.623818963281337,0.183545822802774
6605,0.6673,14,167,14,214564,391046,20022,87934,3.622272036755715,0.18358595348448786
6606,0.6674,5,42,5,214606,391004,20027,87929,3.621882989366038,0.1835935297839155
6607,0.6675,8,95,8,214701,390909,20035,87921,3.6210030012227206,0.18361631476724516
6608,0.6676,12,84,12,214785,390825,20047,87909,3.620224906443366,0.1836280690320721
6609,0.6677,7,68,7,214853,390757,20054,87902,3.619595020193412,0.18364221711071974
6610,0.6678,11,78,11,214931,390679,20065,87891,3.618872503612583,0.18365338403995235
6611,0.6679,10,121,10,215052,390558,20075,87881,3.617751676608989,0.18368276833619332
6612,0.668,19,130,19,215182,390428,20094,87862,3.616547482307607,0.1837002655292814
6613,0.6681,8,51,8,215233,390377,20102,87854,3.6160750676201414,0.18370620055998044
6614,0.6682,11,61,11,215294,390316,20113,87843,3.615510022601801,0.18371085768541426
6615,0.6683,12,97,12,215391,390219,20125,87831,3.614611508392308,0.18372764355192972
6616,0.6684,3,58,3,215449,390161,20128,87828,3.61407425247323,0.1837448142112057
6617,0.6685,1,10,1,215459,390151,20129,87827,3.6139816221423544,0.18374695069647556
6618,0.6686,10,63,10,215522,390088,20139,87817,3.6133980510578385,0.18375409338676096
6619,0.6687,11,117,11,215639,389971,20150,87806,3.6123142761865945,0.1837802991772312
6620,0.6688,12,46,12,215685,389925,20162,87794,3.611888176664567,0.18377749262641846
6621,0.6689,14,79,14,215764,389846,20176,87780,3.6111563970506504,0.18378396485953444
6622,0.669,1,20,1,215784,389826,20177,87779,3.610971136388899,0.18378995194773923
6623,0.6691,5,53,5,215837,389773,20182,87774,3.610480195635259,0.18380180380151065
6624,0.6692,5,33,5,215870,389740,20187,87769,3.6101745155433695,0.1838059596782469
6625,0.6693,6,28,6,215898,389712,20193,87763,3.609915150616918,0.18380648201476518
6626,0.6694,29,228,29,216126,389484,20222,87734,3.6078031790729557,0.18384469990654168
6627,0.6695,9,77,9,216203,389407,20231,87725,3.607089925525214,0.18385897403653495
6628,0.6696,13,88,13,216291,389319,20244,87712,3.606274778613509,0.18387064991583357
6629,0.6697,0,23,0,216314,389296,20244,87712,3.6060617288524957,0.18387951564753632
6630,0.6698,3,48,3,216362,389248,20247,87709,3.6056171032642927,0.18389288761880002
6631,0.6699,18,195,18,216557,389053,20265,87691,3.60381081181222,0.18393729129260147
6632,0.67,9,109,9,216666,388944,20274,87682,3.6028011412056764,0.183963946574463
6633,0.6701,14,92,14,216758,388852,20288,87668,3.6019489421616213,0.18397548896163854
6634,0.6702,4,13,4,216771,388839,20292,87664,3.6018285227314832,0.1839736580881967
6635,0.6703,7,88,7,216859,388751,20299,87657,3.6010133758197784,0.18399565078672062
6636,0.6704,10,108,10,216967,388643,20309,87647,3.6000129682463227,0.1840202397698881
6637,0.6705,5,93,5,217060,388550,20314,87642,3.59915150616918,0.18404761104764464
6638,0.6706,4,28,4,217088,388522,20318,87638,3.5988921412427284,0.18405157930107527
6639,0.6707,2,46,2,217134,388476,20320,87636,3.598466041720701,0.18406593406593408
6640,0.6708,7,31,7,217165,388445,20327,87629,3.5981788876949867,0.18406592252464954
6641,0.6709,8,71,8,217236,388374,20335,87621,3.5975212123457707,0.1840796647023603
6642,0.671,9,50,9,217286,388324,20344,87612,3.597058060691393,0.18408357426208566
6643,0.6711,9,59,9,217345,388265,20353,87603,3.5965115417392273,0.18409096640244774
6644,0.6712,10,46,10,217391,388219,20363,87593,3.5960854422171997,0.18409161601640983
6645,0.6713,9,81,9,217472,388138,20372,87584,3.595335136537108,0.18410752498307836
6646,0.6714,11,57,11,217529,388081,20383,87573,3.594807143651117,0.18411071913617882
6647,0.6715,5,49,5,217578,388032,20388,87568,3.594353255029827,0.184121110176619
6648,0.6716,13,114,13,217692,387918,20401,87555,3.593297269257846,0.18414294818002283
6649,0.6717,9,50,9,217742,387868,20410,87546,3.592834117603468,0.18414686988603618
6650,0.6718,16,174,16,217916,387694,20426,87530,3.5912223498462335,0.18418682558119961
6651,0.6719,9,75,9,217991,387619,20435,87521,3.590527622364667,0.18420044618428252
6652,0.672,14,43,14,218034,387576,20449,87507,3.590129311941902,0.18419307784113512
6653,0.6721,6,47,6,218081,387529,20455,87501,3.5896939493867874,0.1842009978317159
6654,0.6722,4,91,4,218172,387438,20459,87497,3.5888510133758196,0.1842294208681188
6655,0.6723,4,37,4,218209,387401,20463,87493,3.5885082811515803,0.18423690339317828
6656,0.6724,11,85,11,218294,387316,20474,87482,3.587720923339138,0.18425098673541168
6657,0.6725,17,93,17,218387,387223,20491,87465,3.5868594612619957,0.18425787043278954
6658,0.6726,13,147,13,218534,387076,20504,87452,3.5854977953981253,0.1842926023332659
6659,0.6727,6,59,6,218593,387017,20510,87446,3.5849512764459597,0.1843052039885091
6660,0.6728,7,44,7,218637,386973,20517,87439,3.584543702990107,0.18431026196639208
6661,0.6729,9,90,9,218727,386883,20526,87430,3.5837100300122273,0.18432975693265838
6662,0.673,9,48,9,218775,386835,20535,87421,3.5832654044240244,0.1843329341115347
6663,0.6731,10,107,10,218882,386728,20545,87411,3.5822742598836563,0.1843573298125655
6664,0.6732,9,50,9,218932,386678,20554,87402,3.5818111082292785,0.1843612892338846
6665,0.6733,9,61,9,218993,386617,20563,87393,3.581246063210938,0.18436952806902807
6666,0.6734,7,39,7,219032,386578,20570,87386,3.5808848049205233,0.18437265277531628
6667,0.6735,7,74,7,219106,386504,20577,87379,3.5801993404720442,0.1843893956947179
6668,0.6736,11,123,11,219229,386381,20588,87368,3.579059987402275,0.18441833122602896
6669,0.6737,17,50,17,219279,386331,20605,87351,3.578596835747897,0.18440852723979378
6670,0.6738,5,67,5,219346,386264,20610,87346,3.577976212531031,0.18442600451848568
6671,0.6739,6,34,6,219380,386230,20616,87340,3.5776612694060543,0.18442891230441116
6672,0.674,10,151,10,219531,386079,20626,87330,3.5762625514098336,0.18447051070005005
6673,0.6741,7,42,7,219573,386037,20633,87323,3.5758735040201564,0.18447481832009463
6674,0.6742,4,39,4,219612,385998,20637,87319,3.5755122457297417,0.18448312653042254
6675,0.6743,10,74,10,219686,385924,20647,87309,3.5748267812812626,0.18449474149097803
6676,0.6744,12,101,12,219787,385823,20659,87297,3.5738912149394197,0.18451344267839026
6677,0.6745,8,38,8,219825,385785,20667,87289,3.5735392196820928,0.18451447342276261
6678,0.6746,12,97,12,219922,385688,20679,87277,3.5726407054726,0.18453162496167794
6679,0.6747,9,53,9,219975,385635,20688,87268,3.5721497647189597,0.1845367866137453
6680,0.6748,9,64,9,220039,385571,20697,87259,3.571556930601356,0.1845462428356915
6681,0.6749,9,99,9,220138,385472,20706,87250,3.570639890325688,0.18456936635062468
6682,0.675,16,101,16,220239,385371,20722,87234,3.5697043239838453,0.1845812041768496
6683,0.6751,9,123,9,220362,385248,20731,87225,3.568564970914076,0.18461372395882938
6684,0.6752,6,27,6,220389,385221,20737,87219,3.5683148690207123,0.18461391922783846
6685,0.6753,9,67,9,220456,385154,20746,87210,3.567694245803846,0.18462456918816844
6686,0.6754,7,58,7,220514,385096,20753,87203,3.5671569898847677,0.18463515696624383
6687,0.6755,21,74,21,220588,385022,20774,87182,3.5664715254362886,0.1846278303445121
6688,0.6756,4,99,4,220687,384923,20778,87178,3.565554485160621,0.18465963850955622
6689,0.6757,8,59,8,220746,384864,20786,87170,3.5650079662084555,0.184668900968998
6690,0.6758,8,78,8,220824,384786,20794,87162,3.564285449627626,0.18468560095603753
6691,0.6759,10,62,10,220886,384724,20804,87152,3.5637111415761975,0.1846925887309378
6692,0.676,11,70,11,220956,384654,20815,87141,3.5630627292600687,0.1847009824182113
6693,0.6761,8,56,8,221012,384598,20823,87133,3.5625439994071657,0.18470908208279718
6694,0.6762,1,53,1,221065,384545,20824,87132,3.5620530586535257,0.18472810843013332
6695,0.6763,16,62,16,221127,384483,20840,87116,3.561478750602097,0.18472473436118397
6696,0.6764,6,24,6,221151,384459,20846,87110,3.561256437807996,0.18472376258829568
6697,0.6765,9,67,9,221218,384392,20855,87101,3.5606358145911297,0.18473444992820678
6698,0.6766,3,59,3,221277,384333,20858,87098,3.560089295638964,0.18475238157864035
6699,0.6767,13,49,13,221326,384284,20871,87085,3.559635407017674,0.1847491031442458
6700,0.6768,10,149,10,221475,384135,20881,87075,3.558255215087628,0.18479022092060865
6701,0.6769,8,71,8,221546,384064,20889,87067,3.557597539738412,0.18480422642534666
6702,0.677,10,61,10,221607,384003,20899,87057,3.557032494720071,0.18481085212074894
6703,0.6771,2,29,2,221636,383974,20901,87055,3.556763866760532,0.18481876912037262
6704,0.6772,15,123,15,221759,383851,20916,87040,3.5556245136907627,0.1848410778715244
6705,0.6773,6,110,6,221869,383741,20922,87034,3.554605580051132,0.18487387817959747
6706,0.6774,13,136,13,222005,383605,20935,87021,3.5533458075512248,0.18490478639089214
6707,0.6775,9,73,9,222078,383532,20944,87012,3.552669606135833,0.18491788228093442
6708,0.6776,8,59,8,222137,383473,20952,87004,3.5521230871836673,0.18492721216977664
6709,0.6777,8,80,8,222217,383393,20960,86996,3.551382044536663,0.18494480100512556
6710,0.6778,18,199,18,222416,383194,20978,86978,3.54953870095224,0.18499187531371497
6711,0.6779,9,55,9,222471,383139,20987,86969,3.549029234132424,0.18499791537263777
6712,0.678,8,149,8,222620,382990,20995,86961,3.5476490422023788,0.18504269594064063
6713,0.6781,8,27,8,222647,382963,21003,86953,3.547398940309015,0.18503945385983878
6714,0.6782,11,73,11,222720,382890,21014,86942,3.5467227388936235,0.18504912394217507
6715,0.6783,7,58,7,222778,382832,21021,86935,3.546185482974545,0.18505982753152095
6716,0.6784,6,72,6,222850,382760,21027,86929,3.5455185445922415,0.1850777855133929
6717,0.6785,8,85,8,222935,382675,21035,86921,3.5447311867797993,0.18509740287395973
6718,0.6786,8,72,8,223007,382603,21043,86913,3.544064248397495,0.18511190246977738
6719,0.6787,4,10,4,223017,382593,21047,86909,3.5439716180666196,0.18510890262448296
6720,0.6788,5,26,5,223043,382567,21052,86904,3.5437307792063435,0.18511047540742664
6721,0.6789,12,74,12,223117,382493,21064,86892,3.5430453147578644,0.1851188256974552
6722,0.679,11,74,11,223191,382419,21075,86881,3.5423598503093854,0.18512891540592372
6723,0.6791,14,86,14,223277,382333,21089,86867,3.5415632294638555,0.1851385336743393
6724,0.6792,10,42,10,223319,382291,21099,86857,3.5411741820741782,0.18513773905036363
6725,0.6793,7,113,7,223432,382178,21106,86850,3.540127459335285,0.18517018173755084
6726,0.6794,8,31,8,223463,382147,21114,86842,3.5398403053095704,0.18516852207621073
6727,0.6795,12,127,12,223590,382020,21126,86830,3.5386639001074514,0.1851978244641143
6728,0.6796,7,67,7,223657,381953,21133,86823,3.538043276890585,0.18521212690069458
6729,0.6797,4,32,4,223689,381921,21137,86819,3.5377468598317834,0.1852178179801169
6730,0.6798,12,55,12,223744,381866,21149,86807,3.537237393011968,0.18521869192379334
6731,0.6799,7,79,7,223823,381787,21156,86800,3.536505613398051,0.1852377466724429
6732,0.68,7,45,7,223868,381742,21163,86793,3.536088776909111,0.18524336495672683
6733,0.6801,7,37,7,223905,381705,21170,86786,3.5357460446848714,0.185245821157717
6734,0.6802,3,85,3,223990,381620,21173,86783,3.5349586868724296,0.1852742189951815
6735,0.6803,14,124,14,224114,381496,21187,86769,3.5338100707695728,0.1852989226186027
6736,0.6804,6,37,6,224151,381459,21193,86763,3.5334673385453335,0.18530312544049618
6737,0.6805,21,97,21,224248,381362,21214,86742,3.5325688243358404,0.18530497496282877
6738,0.6806,4,47,4,224295,381315,21218,86738,3.5321334617807256,0.18531662012635322
6739,0.6807,6,112,6,224407,381203,21224,86732,3.5310960020749196,0.18535052945387714
6740,0.6808,18,82,18,224489,381121,21242,86714,3.53033643336174,0.18535167313262155
6741,0.6809,17,112,17,224601,381009,21259,86697,3.529298973655934,0.1853664481533271
6742,0.681,22,62,22,224663,380947,21281,86675,3.5287246656045057,0.18535269940250887
6743,0.6811,15,141,15,224804,380806,21296,86660,3.5274185779391605,0.18538246631840605
6744,0.6812,22,108,22,224912,380698,21318,86638,3.5264181703657047,0.18538695927555335
6745,0.6813,8,82,8,224994,380616,21326,86630,3.525658601652525,0.18540554654293456
6746,0.6814,14,142,14,225136,380474,21340,86616,3.5243432509540926,0.18543749598578432
6747,0.6815,23,116,23,225252,380358,21363,86593,3.5232687391159363,0.18544344053230424
6748,0.6816,6,57,6,225309,380301,21369,86587,3.5227407462299456,0.18545561248093761
6749,0.6817,2,30,2,225339,380271,21371,86585,3.5224628552373187,0.18546404030364824
6750,0.6818,3,55,3,225394,380216,21374,86582,3.5219533884175034,0.18548065758636498
6751,0.6819,7,54,7,225448,380162,21381,86575,3.5214531846307753,0.18548990116489586
6752,0.682,6,44,6,225492,380118,21387,86569,3.521045611174923,0.18549691763430307
6753,0.6821,16,207,16,225699,379911,21403,86553,3.5191281633257994,0.1855512965630788
6754,0.6822,11,61,11,225760,379850,21414,86542,3.5185631183074584,0.18555635602669
6755,0.6823,7,53,7,225813,379797,21421,86535,3.5180721775538184,0.18556521962893388
6756,0.6824,16,107,16,225920,379690,21437,86519,3.51708103301345,0.18557985796070003
6757,0.6825,6,34,6,225954,379656,21443,86513,3.516766089888473,0.18558291091857246
6758,0.6826,17,163,17,226117,379493,21460,86496,3.5152562154952016,0.18561811544907714
6759,0.6827,15,84,15,226201,379409,21475,86481,3.514478120715847,0.18562536220996373
6760,0.6828,2,60,2,226261,379349,21477,86479,3.513922338730594,0.18564577483534694
6761,0.6829,14,48,14,226309,379301,21491,86465,3.5134777131423913,0.18564042888489068
6762,0.683,26,140,26,226449,379161,21517,86439,3.5121808885101338,0.18565077319587628
6763,0.6831,11,213,11,226662,378948,21528,86428,3.510207862462485,0.18571649590868458
6764,0.6832,9,102,9,226764,378846,21537,86419,3.5092630330875543,0.1857414591684309
6765,0.6833,9,95,9,226859,378751,21546,86410,3.5083830449442366,0.18576363882612687
6766,0.6834,14,87,14,226946,378664,21560,86396,3.5075771610656195,0.18577387863931535
6767,0.6835,19,186,19,227132,378478,21579,86377,3.5058542369113344,0.18581493153779136
6768,0.6836,5,83,5,227215,378395,21584,86372,3.505085405165067,0.18583935606443658
6769,0.6837,13,91,13,227306,378304,21597,86359,3.5042424691540996,0.18585297301485162
6770,0.6838,3,29,3,227335,378275,21600,86356,3.503973841194561,0.18585931631768005
6771,0.6839,9,100,9,227435,378175,21609,86347,3.5030475378858053,0.1858835534161999
6772,0.684,3,41,3,227476,378134,21612,86344,3.5026677535292157,0.18589470330134042
6773,0.6841,19,77,19,227553,378057,21631,86325,3.501954499981474,0.18589221804462705
6774,0.6842,9,61,9,227614,377996,21640,86316,3.501389454963133,0.1859008597667086
6775,0.6843,6,65,6,227679,377931,21646,86310,3.500787357812442,0.18591636671470207
6776,0.6844,6,28,6,227707,377903,21652,86304,3.5005279928859907,0.1859170585536194
6777,0.6845,7,66,7,227773,377837,21659,86297,3.499916632702212,0.185931218139589
6778,0.6846,12,68,12,227841,377769,21671,86285,3.4992867464522583,0.18593741245630896
6779,0.6847,13,123,13,227964,377646,21684,86272,3.498147393382489,0.185963898792459
6780,0.6848,3,26,3,227990,377620,21687,86269,3.4979065545222126,0.18596905725292043
6781,0.6849,10,165,10,228155,377455,21697,86259,3.4963781540627665,0.1860176746874151
6782,0.685,15,108,15,228263,377347,21712,86244,3.4953777464893103,0.18603467280426064
6783,0.6851,5,19,5,228282,377328,21717,86239,3.495201748860647,0.18603351834794107
6784,0.6852,8,61,8,228343,377267,21725,86231,3.494636703842306,0.1860439527247151
6785,0.6853,3,39,3,228382,377228,21728,86228,3.4942754455518914,0.18605433957053097
6786,0.6854,11,81,11,228463,377147,21739,86217,3.4935251398717995,0.18606754085341115
6787,0.6855,7,73,7,228536,377074,21746,86210,3.492848938456408,0.18608456152165842
6788,0.6856,14,95,14,228631,376979,21760,86196,3.4919689503130904,0.1860981270578075
6789,0.6857,5,74,5,228705,376905,21765,86191,3.4912834858646113,0.1861190768220844
6790,0.6858,21,109,21,228814,376796,21786,86170,3.490273815258068,0.18612597901357766
6791,0.6859,4,50,4,228864,376746,21790,86166,3.4898106636036905,0.18613905018664453
6792,0.686,5,41,5,228905,376705,21795,86161,3.4894308792471005,0.1861467465746026
6793,0.6861,18,158,18,229063,376547,21813,86143,3.487967320019267,0.18617865093258987
6794,0.6862,11,48,11,229111,376499,21824,86132,3.4875226944310644,0.18617861751590362
6795,0.6863,7,66,7,229177,376433,21831,86125,3.486911334247286,0.1861928666242936
6796,0.6864,7,81,7,229258,376352,21838,86118,3.486161028567194,0.18621315977252578
6797,0.6865,11,64,11,229322,376288,21849,86107,3.4855681944495904,0.18621957417359616
6798,0.6866,10,45,10,229367,376243,21859,86097,3.4851513579606506,0.18622009776355064
6799,0.6867,3,66,3,229433,376177,21862,86094,3.484539997776872,0.18624140385185314
6800,0.6868,13,109,13,229542,376068,21875,86081,3.4835303271703286,0.18626243917005122
6801,0.6869,9,67,9,229609,376001,21884,86072,3.4829097039534624,0.18627359746187291
6802,0.687,15,129,15,229738,375872,21899,86057,3.481714772685168,0.18629919316604932
6803,0.6871,19,80,19,229818,375792,21918,86038,3.480973730038164,0.18629798843730377
6804,0.6872,6,31,6,229849,375761,21924,86032,3.4806865760124497,0.18629992225954053
6805,0.6873,20,179,20,230028,375582,21944,86012,3.4790284930897775,0.18633691079173473
6806,0.6874,15,45,15,230073,375537,21959,85997,3.4786116566008376,0.1863286345101336
6807,0.6875,14,113,14,230186,375424,21973,85983,3.477564933861944,0.18634957857162981
6808,0.6876,16,130,16,230316,375294,21989,85967,3.476360739560562,0.1863738750945777
6809,0.6877,15,159,15,230475,375135,22004,85952,3.4748879172996405,0.18641167502011552
6810,0.6878,6,64,6,230539,375071,22010,85946,3.474295083182037,0.18642696473232007
6811,0.6879,18,116,18,230655,374955,22028,85928,3.4732205713438806,0.1864421122063517
6812,0.688,13,56,13,230711,374899,22041,85915,3.4727018414909776,0.18644181817392702
6813,0.6881,16,83,16,230794,374816,22057,85899,3.4719330097447108,0.18644715279511195
6814,0.6882,8,43,8,230837,374773,22065,85891,3.471534699321946,0.18645042807773127
6815,0.6883,9,80,9,230917,374693,22074,85882,3.4707936566749416,0.1864669163545568
6816,0.6884,16,55,16,230972,374638,22090,85866,3.470284189855126,0.18646092107777565
6817,0.6885,16,87,16,231059,374551,22106,85850,3.469478305976509,0.18646788343205162
6818,0.6886,11,179,11,231238,374372,22117,85839,3.467820223053837,0.18652096538326984
6819,0.6887,21,152,21,231390,374220,22138,85818,3.4664122420245285,0.18654545928814575
6820,0.6888,9,27,9,231417,374193,22147,85809,3.4661621401311646,0.18654049330220304
6821,0.6889,5,103,5,231520,374090,22152,85804,3.4652080477231464,0.186573427789882
6822,0.689,14,79,14,231599,374011,22166,85790,3.46447626810923,0.1865807164403731
6823,0.6891,8,63,8,231662,373948,22174,85782,3.463892697024714,0.18659213016335674
6824,0.6892,17,108,17,231770,373840,22191,85765,3.4628922894512577,0.18660588984018886
6825,0.6893,13,49,13,231819,373791,22204,85752,3.4624384008299676,0.18660277710682135
6826,0.6894,11,74,11,231893,373717,22215,85741,3.461752936381489,0.18661335747772376
6827,0.6895,9,40,9,231933,373677,22224,85732,3.4613824150579866,0.18661367104257862
6828,0.6896,15,168,15,232101,373509,22239,85717,3.4598262254992775,0.18665537230034884
6829,0.6897,7,85,7,232186,373424,22246,85710,3.4590388676868353,0.18667752769344026
6830,0.6898,8,144,8,232330,373280,22254,85702,3.4577049909222275,0.18672191937810198
6831,0.6899,20,118,20,232448,373162,22274,85682,3.4566119530178963,0.18673448928176026
6832,0.69,6,54,6,232502,373108,22280,85676,3.456111749231168,0.18674583246146334
6833,0.6901,11,93,11,232595,373015,22291,85665,3.455250287154026,0.18676419290136914
6834,0.6902,11,60,11,232655,372955,22302,85654,3.4546945051687725,0.18676912140843288
6835,0.6903,15,127,15,232782,372828,22317,85639,3.453518099966653,0.18679425127653682
6836,0.6904,11,44,11,232826,372784,22328,85628,3.453110526510801,0.18679266685863372
6837,0.6905,6,43,6,232869,372741,22334,85622,3.452712216088036,0.18679954533851992
6838,0.6906,11,132,11,233001,372609,22345,85611,3.451489495720479,0.1868338352756318
6839,0.6907,8,75,8,233076,372534,22353,85603,3.450794768238912,0.18685022165858683
6840,0.6908,7,66,7,233142,372468,22360,85596,3.4501834080551337,0.186864717594048
6841,0.6909,11,30,11,233172,372438,22371,85585,3.449905517062507,0.1868574285570812
6842,0.691,7,38,7,233210,372400,22378,85578,3.44955352180518,0.18686050421635975
6843,0.6911,8,62,8,233272,372338,22386,85570,3.4489792137537516,0.1868715986617399
6844,0.6912,21,90,21,233362,372248,22407,85549,3.4481455407758714,0.18687103672588506
6845,0.6913,10,138,10,233500,372110,22417,85539,3.4468672422097892,0.18690961850675955
6846,0.6914,6,65,6,233565,372045,22423,85533,3.446265145059098,0.18692550778227973
6847,0.6915,10,75,10,233640,371970,22433,85523,3.4455704175775317,0.18693837938503977
6848,0.6916,9,83,9,233723,371887,22442,85514,3.4448015858312644,0.18695630311258613
6849,0.6917,23,222,23,233945,371665,22465,85491,3.4427451924858277,0.18700618607215042
6850,0.6918,2,51,2,233996,371614,22467,85489,3.442272777798362,0.1870234936108492
6851,0.6919,13,111,13,234107,371503,22480,85476,3.441244581125644,0.1870457942268682
6852,0.692,6,76,6,234183,371427,22486,85470,3.44054059061099,0.1870662315576596
6853,0.6921,10,33,10,234216,371394,22496,85460,3.4402349105191004,0.1870619497695106
6854,0.6922,1,12,1,234228,371382,22497,85459,3.4401237541220495,0.18706508391322144
6855,0.6923,7,82,7,234310,371300,22504,85452,3.4393641854088703,0.18708620870844572
6856,0.6924,13,104,13,234414,371196,22517,85439,3.438400829967765,0.18710567521105478
6857,0.6925,5,71,5,234485,371125,22522,85434,3.4377431546185484,0.1871258698218631
6858,0.6926,6,18,6,234503,371107,22528,85428,3.4375764200229724,0.18712256453503018
6859,0.6927,22,180,22,234683,370927,22550,85406,3.4359090740672125,0.1871571856517061
6860,0.6928,12,121,12,234804,370806,22562,85394,3.4347882470636186,0.18718544498027181
6861,0.6929,7,66,7,234870,370740,22569,85387,3.43417688687984,0.18720005612471965
6862,0.693,6,70,6,234940,370670,22575,85381,3.4335284745637114,0.1872180962216945
6863,0.6931,16,80,16,235020,370590,22591,85365,3.4327874319167067,0.18722242326545382
6864,0.6932,2,30,2,235050,370560,22593,85363,3.4325095409240802,0.18723117719439467
6865,0.6933,9,89,9,235139,370471,22602,85354,3.4316851309792877,0.18725168650249546
6866,0.6934,15,179,15,235318,370292,22617,85339,3.4300270480566155,0.18729849373725668
6867,0.6935,8,51,8,235369,370241,22625,85331,3.4295546333691505,0.18730518995899662
6868,0.6936,8,37,8,235406,370204,22633,85323,3.4292119011449107,0.1873061311404154
6869,0.6937,8,99,8,235505,370105,22641,85315,3.428294860869243,0.18733257213121954
6870,0.6938,12,76,12,235581,370029,22653,85303,3.4275908703545888,0.1873424226718087
6871,0.6939,15,153,15,235734,369876,22668,85288,3.426173626292193,0.18737861518046242
6872,0.694,9,89,9,235823,369787,22677,85279,3.4253492163474006,0.1873991904471
6873,0.6941,9,63,9,235886,369724,22686,85270,3.4247656452628847,0.18740906473491958
6874,0.6942,11,45,11,235931,369679,22697,85259,3.424348808773945,0.18740795449050202
6875,0.6943,8,43,8,235974,369636,22705,85251,3.42395049835118,0.18741137908975197
6876,0.6944,14,158,14,236132,369478,22719,85237,3.4224869391233463,0.18745148059773706
6877,0.6945,13,48,13,236180,369430,22732,85224,3.422042313535144,0.1874480374086668
6878,0.6946,5,107,5,236287,369323,22737,85219,3.421051168994776,0.18748322487250904
6879,0.6947,16,113,16,236400,369210,22753,85203,3.420004446255882,0.1875012378607126
6880,0.6948,10,64,10,236464,369146,22763,85193,3.4194116121382785,0.1875097669361424
6881,0.6949,9,119,9,236583,369027,22772,85184,3.4183093112008596,0.18754279398781623
6882,0.695,10,71,10,236654,368956,22782,85174,3.417651635851643,0.18755422456124898
6883,0.6951,5,60,5,236714,368896,22787,85169,3.41709585386639,0.1875700615550637
6884,0.6952,12,98,12,236812,368798,22799,85157,3.4161880766238095,0.18758907821259815
6885,0.6953,10,87,10,236899,368711,22809,85147,3.4153821927451924,0.1876071370340503
6886,0.6954,15,122,15,237021,368589,22824,85132,3.414252102708511,0.18763072460829452
6887,0.6955,6,62,6,237083,368527,22830,85126,3.4136777946570827,0.18764562341701696
6888,0.6956,14,118,14,237201,368409,22844,85112,3.412584756752751,0.18766936922435787
6889,0.6957,12,90,12,237291,368319,22856,85100,3.4117510837748712,0.18768512126752518
6890,0.6958,8,72,8,237363,368247,22864,85092,3.4110841453925675,0.1877005949190341
6891,0.6959,10,40,10,237403,368207,22874,85082,3.410713624069065,0.18769923823432733
6892,0.696,7,64,7,237467,368143,22881,85075,3.4101207899514616,0.18771319762233626
6893,0.6961,5,28,5,237495,368115,22886,85070,3.40986142502501,0.18771583348963447
6894,0.6962,19,93,19,237588,368022,22905,85051,3.408999962947868,0.18772030114352434
6895,0.6963,11,76,11,237664,367946,22916,85040,3.4082959724332134,0.1877320711898381
6896,0.6964,9,38,9,237702,367908,22925,85031,3.4079439771758864,0.18773168130807902
6897,0.6965,10,103,10,237805,367805,22935,85021,3.4069898847678686,0.18775644508045033
6898,0.6966,10,55,10,237860,367750,22945,85011,3.406480417948053,0.1877613133640044
6899,0.6967,9,54,9,237914,367696,22954,85002,3.405980214161325,0.18776756248094756
6900,0.6968,13,57,13,237971,367639,22967,84989,3.4054522212753344,0.18776788002509787
6901,0.6969,11,122,11,238093,367517,22978,84978,3.404322131238653,0.1877987602072951
6902,0.697,27,267,27,238360,367250,23005,84951,3.401848901404276,0.18786115024071154
6903,0.6971,14,70,14,238430,367180,23019,84937,3.401200489088147,0.18786508801925164
6904,0.6972,6,86,6,238516,367094,23025,84931,3.400403868242617,0.18789005032907471
6905,0.6973,13,110,13,238626,366984,23038,84918,3.3993849346029865,0.18791242349004872
6906,0.6974,8,57,8,238683,366927,23046,84910,3.398856941716996,0.18792175054278423
6907,0.6975,15,103,15,238786,366824,23061,84895,3.3979028493089776,0.1879376337944607
6908,0.6976,23,176,23,238962,366648,23084,84872,3.3962725554855684,0.1879695251594614
6909,0.6977,7,69,7,239031,366579,23091,84865,3.395633406202527,0.18798566378111128
6910,0.6978,1,11,1,239042,366568,23092,84864,3.3955315128385637,0.18798844565737474
6911,0.6979,7,29,7,239071,366539,23099,84857,3.395262884879025,0.1879879307747521
6912,0.698,9,60,9,239131,366479,23108,84848,3.3947071028937716,0.18799672964391673
6913,0.6981,6,52,6,239183,366427,23114,84842,3.394225425173219,0.1880075963560537
6914,0.6982,5,64,5,239247,366363,23119,84837,3.3936325910556153,0.1880252659574468
6915,0.6983,2,21,2,239268,366342,23121,84835,3.3934380673607767,0.18803041821724067
6916,0.6984,13,104,13,239372,366238,23134,84822,3.3924747119196708,0.1880503702389926
6917,0.6985,8,51,8,239423,366187,23142,84814,3.3920022972322057,0.18805723268906277
6918,0.6986,10,97,10,239520,366090,23152,84804,3.391103783022713,0.18807968169902461
6919,0.6987,10,45,10,239565,366045,23162,84794,3.3906869465337732,0.18808044556926087
6920,0.6988,6,49,6,239614,365996,23168,84788,3.390233057912483,0.1880900830552992
6921,0.6989,8,61,8,239675,365935,23176,84780,3.389668012894142,0.1881011282074038
6922,0.699,3,44,3,239719,365891,23179,84777,3.3892604394382895,0.18811408841985675
6923,0.6991,5,6,5,239725,365885,23184,84772,3.3892048612397643,0.1881075851479063
6924,0.6992,4,49,4,239774,365836,23188,84768,3.388750972618474,0.18812083337032073
6925,0.6993,15,86,15,239860,365750,23203,84753,3.3879543517729447,0.18812971278770618
6926,0.6994,2,10,2,239870,365740,23205,84751,3.387861721442069,0.18813028451178826
6927,0.6995,16,82,16,239952,365658,23221,84735,3.3871021527288896,0.18813569482651818
6928,0.6996,10,81,10,240033,365577,23231,84725,3.3863518470487977,0.18815150721071636
6929,0.6997,10,68,10,240101,365509,23241,84715,3.385721960798844,0.18816189274672163
6930,0.6998,4,78,4,240179,365431,23245,84711,3.384999444218015,0.188187283123992
6931,0.6999,5,62,5,240241,365369,23250,84706,3.3844251361665862,0.18820418819085707
6932,0.7,3,25,3,240266,365344,23253,84703,3.3841935603393973,0.1882092314802676
6933,0.7001,3,24,3,240290,365320,23256,84700,3.383971247545296,0.18821385716190392
6934,0.7002,6,56,6,240346,365264,23262,84694,3.383452517692393,0.18822645669151342
6935,0.7003,8,66,8,240412,365198,23270,84686,3.3828411575086146,0.1882396351059384
6936,0.7004,11,153,11,240565,365045,23281,84675,3.381423913446219,0.1882838210442053
6937,0.7005,13,111,13,240676,364934,23294,84662,3.3803957167735,0.18830683547006646
6938,0.7006,11,86,11,240762,364848,23305,84651,3.3795990959279707,0.18832299960622828
6939,0.7007,17,108,17,240870,364740,23322,84634,3.378598688354515,0.1883375540195917
6940,0.7008,12,142,12,241012,364598,23334,84622,3.377283337656082,0.18837540625973911
6941,0.7009,5,32,5,241044,364566,23339,84617,3.3769869205972802,0.18837979175525343
6942,0.701,3,58,3,241102,364508,23342,84614,3.3764496646782023,0.18839869790391028
6943,0.7011,2,113,2,241215,364395,23344,84612,3.3754029419393086,0.188442496442149
6944,0.7012,27,208,27,241423,364187,23371,84585,3.373476231057097,0.18848101040171847
6945,0.7013,9,92,9,241515,364095,23380,84576,3.3726240320130425,0.18850337998221414
6946,0.7014,8,111,8,241626,363984,23388,84568,3.3715958353403237,0.1885355544061781
6947,0.7015,9,56,9,241682,363928,23397,84559,3.3710771054874207,0.18854281172029513
6948,0.7016,17,97,17,241779,363831,23414,84542,3.370178591277928,0.18855283435889314
6949,0.7017,9,40,9,241819,363791,23423,84533,3.3698080699544257,0.18855336765375041
6950,0.7018,11,96,11,241915,363695,23434,84522,3.368918818778021,0.18857383811858988
6951,0.7019,8,91,8,242006,363604,23442,84514,3.3680758827670534,0.18859764615570007
6952,0.702,17,151,17,242157,363453,23459,84497,3.3666771647708327,0.18863042750306955
6953,0.7021,14,108,14,242265,363345,23473,84483,3.365676757197377,0.18865055333744205
6954,0.7022,13,64,13,242329,363281,23486,84470,3.3650839230797733,0.18865396168852777
6955,0.7023,14,79,14,242408,363202,23500,84456,3.3643521434658563,0.18866188027467398
6956,0.7024,12,83,12,242491,363119,23512,84444,3.3635833117195895,0.1886751138945802
6957,0.7025,17,83,17,242574,363036,23529,84427,3.3628144799733226,0.1886792874494651
6958,0.7026,25,124,25,242698,362912,23554,84402,3.3616658638704657,0.18868624724466482
6959,0.7027,9,36,9,242734,362876,23563,84393,3.3613323946793137,0.18868510896127386
6960,0.7028,6,28,6,242762,362848,23569,84387,3.361073029752862,0.1886860375417845
6961,0.7029,8,23,8,242785,362825,23577,84379,3.3608599799918486,0.18868122825377232
6962,0.703,8,126,8,242911,362699,23585,84371,3.359692837822817,0.18871988726597624
6963,0.7031,26,98,26,243009,362601,23611,84345,3.3587850605802365,0.18871407284101435
6964,0.7032,12,39,12,243048,362562,23623,84333,3.358423802289822,0.18870875709059176
6965,0.7033,16,118,16,243166,362444,23639,84317,3.3573307643854906,0.18872954443203413
6966,0.7034,9,61,9,243227,362383,23648,84308,3.3567657193671496,0.18873897168288592
6967,0.7035,14,74,14,243301,362309,23662,84294,3.3560802549186706,0.18874481362641987
6968,0.7036,15,98,15,243399,362211,23677,84279,3.3551724776760903,0.18875898676342134
6969,0.7037,4,79,4,243478,362132,23681,84275,3.3544406980621733,0.18878512209709974
6970,0.7038,13,70,13,243548,362062,23694,84262,3.3537922857460445,0.1887911024278327
6971,0.7039,11,69,11,243617,361993,23705,84251,3.3531531364630034,0.1888002975950377
6972,0.704,6,71,6,243688,361922,23711,84245,3.352495461113787,0.18881943308223154
6973,0.7041,6,87,6,243775,361835,23717,84239,3.35168957723517,0.18884534852961615
6974,0.7042,11,109,11,243884,361726,23728,84228,3.3506799066286264,0.1888714979571884
6975,0.7043,17,78,17,243962,361648,23745,84211,3.3499573900477975,0.1888736125097845
6976,0.7044,11,83,11,244045,361565,23756,84200,3.34918855830153,0.18888876425919487
6977,0.7045,5,60,5,244105,361505,23761,84195,3.348632776316277,0.18890509311195872
6978,0.7046,3,35,3,244140,361470,23764,84192,3.3483085701582125,0.18891446881268764
6979,0.7047,13,56,13,244196,361414,23777,84179,3.3477898403053095,0.18891454758041532
6980,0.7048,4,30,4,244226,361384,23781,84175,3.347511949312683,0.18891998590534587
6981,0.7049,5,57,5,244283,361327,23786,84170,3.3469839564266923,0.1889350545570453
6982,0.705,20,72,20,244355,361255,23806,84150,3.3463170180443886,0.18892917681660512
6983,0.7051,13,123,13,244478,361132,23819,84137,3.3451776649746194,0.1889576862525799
6984,0.7052,9,36,9,244514,361096,23828,84128,3.3448441957834674,0.18895657017591144
6985,0.7053,10,94,10,244608,361002,23838,84118,3.3439734706732374,0.18897825305535587
6986,0.7054,7,43,7,244651,360959,23845,84111,3.3435751602504724,0.1889837553643247
6987,0.7055,18,170,18,244821,360789,23863,84093,3.342000444625588,0.18902315670222666
6988,0.7056,10,62,10,244883,360727,23873,84083,3.3414261365741598,0.1890312717789618
6989,0.7057,14,117,14,245000,360610,23887,84069,3.340342361702916,0.18905547597255548
6990,0.7058,10,101,10,245101,360509,23897,84059,3.339406795361073,0.18908018570837307
6991,0.7059,5,40,5,245141,360469,23902,84054,3.339036274037571,0.18908807868209293
6992,0.706,10,74,10,245215,360395,23912,84044,3.338350809589092,0.18910131649112702
6993,0.7061,6,61,6,245276,360334,23918,84038,3.337785764570751,0.18911632596113168
6994,0.7062,12,54,12,245330,360280,23930,84026,3.3372855607840233,0.18911741007323782
6995,0.7063,10,47,10,245377,360233,23940,84016,3.336850198228908,0.18911916515287597
6996,0.7064,19,104,19,245481,360129,23959,83997,3.3358868427878026,0.18912876075708246
6997,0.7065,22,144,22,245625,359985,23981,83975,3.3345529660231947,0.189149923416524
6998,0.7066,21,119,21,245744,359866,24002,83954,3.333450665085776,0.18916227299355595
6999,0.7067,15,71,15,245815,359795,24017,83939,3.3327929897365594,0.18916513046104197
7000,0.7068,24,127,24,245942,359668,24041,83915,3.33161658453444,0.18917541925637366
7001,0.7069,15,148,15,246090,359520,24056,83900,3.3302456556374818,0.18921113165847278
7002,0.707,19,116,19,246206,359404,24075,83881,3.3291711437993254,0.18922589304849025
7003,0.7071,15,57,15,246263,359347,24090,83866,3.328643150913335,0.18922278904274017
7004,0.7072,6,49,6,246312,359298,24096,83860,3.328189262292045,0.18923273414899427
7005,0.7073,10,86,10,246398,359212,24106,83850,3.327392641446515,0.1892511657510687
7006,0.7074,16,118,16,246516,359094,24122,83834,3.326299603542184,0.18927229707762888
7007,0.7075,17,174,17,246690,358920,24139,83817,3.3246878357849496,0.189315553025837
7008,0.7076,11,48,11,246738,358872,24150,83806,3.3242432101967467,0.18931593618838072
7009,0.7077,9,44,9,246782,358828,24159,83797,3.3238356367408946,0.18931827167466816
7010,0.7078,4,83,4,246865,358745,24163,83793,3.3230668049946273,0.18934645160415603
7011,0.7079,13,105,13,246970,358640,24176,83780,3.322094186520434,0.18936756927806156
7012,0.708,10,110,10,247080,358530,24186,83770,3.3210752528808034,0.1893963373276057
7013,0.7081,13,62,13,247142,358468,24199,83757,3.3205009448293747,0.18939906156368363
7014,0.7082,11,96,11,247238,358372,24210,83746,3.31961169365297,0.18942001908992623
7015,0.7083,18,104,18,247342,358268,24228,83728,3.318648338211864,0.18943157856632187
7016,0.7084,5,78,5,247420,358190,24233,83723,3.317925821631035,0.18945584311844185
7017,0.7085,9,101,9,247521,358089,24242,83714,3.316990255289192,0.18948264271632378
7018,0.7086,15,185,15,247706,357904,24257,83699,3.3152765941679943,0.18953449138706033
7019,0.7087,10,50,10,247756,357854,24267,83689,3.314813442513617,0.18953759882955906
7020,0.7088,10,69,10,247825,357785,24277,83679,3.3141742932305753,0.18954886468658827
7021,0.7089,9,127,9,247952,357658,24286,83670,3.312997888028456,0.18958688322517492
7022,0.709,8,75,8,248027,357583,24294,83662,3.3123031605468896,0.18960441478090403
7023,0.7091,10,137,10,248164,357446,24304,83652,3.3110341250138946,0.18964493151181824
7024,0.7092,18,204,18,248368,357242,24322,83634,3.3091444662640335,0.18969959807292752
7025,0.7093,14,69,14,248437,357173,24336,83620,3.3085053169809924,0.18970355699840968
7026,0.7094,11,89,11,248526,357084,24347,83609,3.3076809070362,0.189721642957796
7027,0.7095,15,138,15,248664,356946,24362,83594,3.3064026084701172,0.1897534843601035
7028,0.7096,6,53,6,248717,356893,24368,83588,3.3059116677164773,0.18976527931965284
7029,0.7097,14,84,14,248801,356809,24382,83574,3.3051335729371227,0.1897757179545986
7030,0.7098,12,60,12,248861,356749,24394,83562,3.3045777909518694,0.1897794967647867
7031,0.7099,10,113,10,248974,356636,24404,83552,3.3035310682129757,0.18980980853635265
7032,0.71,13,93,13,249067,356543,24417,83539,3.302669606135833,0.18982598697515463
7033,0.7101,6,78,6,249145,356465,24423,83533,3.301947089555004,0.18984859022086464
7034,0.7102,3,57,3,249202,356408,24426,83530,3.3014190966690133,0.18986766317071951
7035,0.7103,12,94,12,249296,356314,24438,83518,3.3005483715587833,0.18988613834373125
7036,0.7104,6,45,6,249341,356269,24444,83512,3.3001315350698435,0.18989451567939497
7037,0.7105,5,100,5,249441,356169,24449,83507,3.299205231761088,0.1899284927992431
7038,0.7106,17,86,17,249527,356083,24466,83490,3.2984086109155584,0.18993432262673093
7039,0.7107,11,180,11,249707,355903,24477,83479,3.2967412649597985,0.1899918521923975
7040,0.7108,9,50,9,249757,355853,24486,83470,3.2962781133054206,0.18999688156549965
7041,0.7109,13,120,13,249877,355733,24499,83457,3.295166549334914,0.19002481841571986
7042,0.711,10,61,10,249938,355672,24509,83447,3.2946015043165735,0.1900327701602527
7043,0.7111,12,123,12,250061,355549,24521,83435,3.2934621512468043,0.1900638747653673
7044,0.7112,14,156,14,250217,355393,24535,83421,3.2920171180851456,0.19010560282944483
7045,0.7113,17,162,17,250379,355231,24552,83404,3.290516506724962,0.19014442531945694
7046,0.7114,15,82,15,250461,355149,24567,83389,3.2897569380117826,0.19015227870788848
7047,0.7115,14,51,14,250512,355098,24581,83375,3.2892845233243175,0.1901485382224219
7048,0.7116,8,51,8,250563,355047,24589,83367,3.288812108636852,0.19015588005857478
7049,0.7117,7,37,7,250600,355010,24596,83360,3.2884693764126127,0.19015899810662226
7050,0.7118,5,46,5,250646,354964,24601,83355,3.288043276890585,0.19016971657628348
7051,0.7119,14,70,14,250716,354894,24615,83341,3.2873948645744564,0.1901742215934373
7052,0.712,4,33,4,250749,354861,24619,83337,3.287089184482567,0.19018115098654034
7053,0.7121,8,72,8,250821,354789,24627,83329,3.2864222461002632,0.190197617993326
7054,0.7122,7,72,7,250893,354717,24634,83322,3.285755307717959,0.19021593967660413
7055,0.7123,15,107,15,251000,354610,24649,83307,3.284764163177591,0.1902346791743641
7056,0.7124,20,230,20,251230,354380,24669,83287,3.2826336655674533,0.19029764638412308
7057,0.7125,14,108,14,251338,354272,24683,83273,3.2816332579939975,0.19031871007553508
7058,0.7126,20,105,20,251443,354167,24703,83253,3.2806606395198044,0.19032737414841572
7059,0.7127,9,81,9,251524,354086,24712,83244,3.2799103338397124,0.1903459630027668
7060,0.7128,13,106,13,251630,353980,24725,83231,3.2789284523324316,0.19036803740070585
7061,0.7129,8,59,8,251689,353921,24733,83223,3.278381933380266,0.1903789140420548
7062,0.713,4,51,4,251740,353870,24737,83219,3.277909518692801,0.19039371844178188
7063,0.7131,15,74,15,251814,353796,24752,83204,3.277224054244322,0.19039816933638443
7064,0.7132,24,146,24,251960,353650,24776,83180,3.2758716514135386,0.1904173248174347
7065,0.7133,14,179,14,252139,353471,24790,83166,3.274213568490867,0.19046942883905854
7066,0.7134,7,78,7,252217,353393,24797,83159,3.2734910519100375,0.19049047994282467
7067,0.7135,6,77,6,252294,353316,24803,83153,3.272777798362296,0.190512957392163
7068,0.7136,21,74,21,252368,353242,24824,83132,3.272092333913817,0.19050630880849914
7069,0.7137,6,64,6,252432,353178,24830,83126,3.2714994997962132,0.19052312149327075
7070,0.7138,19,60,19,252492,353118,24849,83107,3.27094371781096,0.19051406957418762
7071,0.7139,18,126,18,252618,352992,24867,83089,3.269776575641928,0.1905357032294459
7072,0.714,7,88,7,252706,352904,24874,83082,3.2689614287302233,0.1905611648080443
7073,0.7141,7,54,7,252760,352850,24881,83075,3.2684612249434957,0.19057177266731662
7074,0.7142,21,99,21,252859,352751,24902,83054,3.2675441846678277,0.19057606039398356
7075,0.7143,10,87,10,252946,352664,24912,83044,3.2667383007892106,0.1905955364601981
7076,0.7144,8,105,8,253051,352559,24920,83036,3.2657656823150174,0.1906266141714207
7077,0.7145,10,72,10,253123,352487,24930,83026,3.2650987439327133,0.19063954462897778
7078,0.7146,13,76,13,253199,352411,24943,83013,3.2643947534180593,0.1906486551039906
7079,0.7147,12,66,12,253265,352345,24955,83001,3.263783393234281,0.19065524892843852
7080,0.7148,13,64,13,253329,352281,24968,82988,3.263190559116677,0.19065910965403005
7081,0.7149,10,99,10,253428,352182,24978,82978,3.2622735188410092,0.19068388638661643
7082,0.715,18,118,18,253546,352064,24996,82960,3.261180480936678,0.1907021221817647
7083,0.7151,17,85,17,253631,351979,25013,82943,3.260393123124236,0.19070775909243495
7084,0.7152,13,64,13,253695,351915,25026,82930,3.259800289006632,0.19071163288068163
7085,0.7153,25,253,25,253948,351662,25051,82905,3.257456741635481,0.19077610587090138
7086,0.7154,10,54,10,254002,351608,25061,82895,3.2569565378487533,0.19078119138417918
7087,0.7155,15,89,15,254091,351519,25076,82880,3.256132127903961,0.19079233607812174
7088,0.7156,7,87,7,254178,351432,25083,82873,3.2553262440253437,0.19081751303807232
7089,0.7157,31,133,31,254311,351299,25114,82842,3.254094260624699,0.19081819040357856
7090,0.7158,8,32,8,254343,351267,25122,82834,3.253797843565897,0.19081734435073866
7091,0.7159,5,35,5,254378,351232,25127,82829,3.253473637407833,0.1908234096129346
7092,0.716,18,95,18,254473,351137,25145,82811,3.252593649264515,0.19083162037847853
7093,0.7161,22,80,22,254553,351057,25167,82789,3.251852606617511,0.19082577688857336
7094,0.7162,11,87,11,254640,350970,25178,82778,3.2510467227388937,0.19084353126700296
7095,0.7163,8,27,8,254667,350943,25186,82770,3.2507966208455294,0.19084048668128462
7096,0.7164,3,34,3,254701,350909,25189,82767,3.2504816777205527,0.1908498510408692
7097,0.7165,22,133,22,254834,350776,25211,82745,3.249249694319908,0.19086733975978096
7098,0.7166,18,100,18,254934,350676,25229,82727,3.248323391011153,0.19087777426552194
7099,0.7167,9,125,9,255059,350551,25238,82718,3.2471655118752083,0.19091603599611326
7100,0.7168,6,30,6,255089,350521,25244,82712,3.246887620882582,0.19091805102566056
7101,0.7169,7,47,7,255136,350474,25251,82705,3.2464522583274666,0.19092569122695238
7102,0.717,17,87,17,255223,350387,25268,82688,3.2456463744488495,0.19093228655544653
7103,0.7171,18,131,18,255354,350256,25286,82670,3.2444329171143798,0.19095642211370997
7104,0.7172,6,73,6,255427,350183,25292,82664,3.2437567156989884,0.19097741234200538
7105,0.7173,12,83,12,255510,350100,25304,82652,3.2429878839527215,0.1909916072022775
7106,0.7174,10,76,10,255586,350024,25314,82642,3.2422838934380676,0.19100645763706878
7107,0.7175,6,52,6,255638,349972,25320,82636,3.2418022157175144,0.19101819661217545
7108,0.7176,12,108,12,255746,349864,25332,82624,3.2408018081440586,0.19104345091655722
7109,0.7177,6,41,6,255787,349823,25338,82618,3.240422023787469,0.1910503398151424
7110,0.7178,10,64,10,255851,349759,25348,82608,3.2398291896698654,0.19105990975259443
7111,0.7179,11,71,11,255922,349688,25359,82597,3.239171514320649,0.19107070566871392
7112,0.718,22,220,22,256142,349468,25381,82575,3.237133647041387,0.1911268091370535
7113,0.7181,12,94,12,256236,349374,25393,82563,3.236262921931157,0.19114593100382696
7114,0.7182,17,73,17,256309,349301,25410,82546,3.235586720515766,0.19114640138752845
7115,0.7183,15,88,15,256397,349213,25425,82531,3.234771573604061,0.19115725985769344
7116,0.7184,6,48,6,256445,349165,25431,82525,3.2343269480158585,0.19116727281150825
7117,0.7185,18,103,18,256548,349062,25449,82507,3.2333728556078403,0.1911791625441123
7118,0.7186,8,58,8,256606,349004,25457,82499,3.232835599688762,0.19118986426513837
7119,0.7187,19,81,19,256687,348923,25476,82480,3.2320852940086704,0.19119014007783905
7120,0.7188,3,57,3,256744,348866,25479,82477,3.2315573011226797,0.19120977968809044
7121,0.7189,19,95,19,256839,348771,25498,82458,3.230677312979362,0.19121626792261187
7122,0.719,7,76,7,256915,348695,25505,82451,3.229973322464708,0.19123684320392628
7123,0.7191,8,65,8,256980,348630,25513,82443,3.2293712253140168,0.19125066984014308
7124,0.7192,11,96,11,257076,348534,25524,82432,3.2284819741376114,0.19127262939535833
7125,0.7193,14,99,14,257175,348435,25538,82418,3.227564933861944,0.19129030086827759
7126,0.7194,11,71,11,257246,348364,25549,82407,3.2269072585127274,0.1913011785844451
7127,0.7195,10,58,10,257304,348306,25559,82397,3.2263700025936495,0.19130816363015812
7128,0.7196,11,81,11,257385,348225,25570,82386,3.2256196969135575,0.1913234915039328
7129,0.7197,14,55,14,257440,348170,25584,82372,3.2251102300937418,0.1913216364489411
7130,0.7198,13,66,13,257506,348104,25597,82359,3.2244988699099633,0.19132654839091862
7131,0.7199,19,112,19,257618,347992,25616,82340,3.223461410204157,0.1913406393203387
7132,0.72,10,55,10,257673,347937,25626,82330,3.222951943384342,0.19134630357429225
7133,0.7201,11,70,11,257743,347867,25637,82319,3.222303531068213,0.19135676195878062
7134,0.7202,11,136,11,257879,347731,25648,82308,3.221043758568306,0.19139659426238084
7135,0.7203,3,32,3,257911,347699,25651,82305,3.220747341509504,0.19140519623073274
7136,0.7204,10,67,10,257978,347632,25661,82295,3.220126718292638,0.19141621717175242
7137,0.7205,24,111,24,258089,347521,25685,82271,3.219098521619919,0.191420501079592
7138,0.7206,13,97,13,258186,347424,25698,82258,3.2182000074104264,0.1914392504224054
7139,0.7207,12,77,12,258263,347347,25710,82246,3.217486753862685,0.19145097801872935
7140,0.7208,11,54,11,258317,347293,25721,82235,3.2169865500759567,0.19145434057849547
7141,0.7209,6,69,6,258386,347224,25727,82229,3.2163474007929156,0.19147380504967948
7142,0.721,15,111,15,258497,347113,25742,82214,3.2153192041201972,0.1914950608743452
7143,0.7211,9,57,9,258554,347056,25751,82205,3.2147912112342065,0.1915035374748696
7144,0.7212,11,111,11,258665,346945,25762,82194,3.213763014561488,0.19153234732802193
7145,0.7213,14,67,14,258732,346878,25776,82180,3.213142391344622,0.1915358762684765
7146,0.7214,8,53,8,258785,346825,25784,82172,3.2126514505909816,0.1915444630148929
7147,0.7215,13,81,13,258866,346744,25797,82159,3.2119011449108896,0.19155613273863786
7148,0.7216,5,47,5,258913,346697,25802,82154,3.2114657823557744,0.19156770066992965
7149,0.7217,9,70,9,258983,346627,25811,82145,3.2108173700396456,0.191582006287724
7150,0.7218,20,232,20,259215,346395,25831,82125,3.2086683463633334,0.19164799775973118
7151,0.7219,9,113,9,259328,346282,25840,82116,3.2076216236244397,0.1916815671408363
7152,0.722,4,27,4,259355,346255,25844,82112,3.2073715217310754,0.1916861009368135
7153,0.7221,13,83,13,259438,346172,25857,82099,3.2066026899848086,0.1916987141319398
7154,0.7222,7,78,7,259516,346094,25864,82092,3.2058801734039792,0.1917204205648947
7155,0.7223,7,26,7,259542,346068,25871,82085,3.205639334543703,0.1917188481687621
7156,0.7224,4,54,4,259596,346014,25875,82081,3.205139130756975,0.1917354792744601
7157,0.7225,15,81,15,259677,345933,25890,82066,3.204388825076883,0.19174343865289406
7158,0.7226,11,85,11,259762,345848,25901,82055,3.2036014672644413,0.19176074951566127
7159,0.7227,21,88,21,259850,345760,25922,82034,3.2027863203527365,0.19176052025040088
7160,0.7228,8,75,8,259925,345685,25930,82026,3.2020915928711697,0.19177902836260932
7161,0.7229,23,142,23,260067,345543,25953,82003,3.2007762421727373,0.19179924499352116
7162,0.723,22,173,22,260240,345370,25975,81981,3.1991737374485902,0.19183528294072086
7163,0.7231,11,42,11,260282,345328,25986,81970,3.198784690058913,0.19183333411342904
7164,0.7232,12,114,12,260396,345214,25998,81958,3.1977287042869316,0.191861826149654
7165,0.7233,15,52,15,260448,345162,26013,81943,3.197247026566379,0.1918568033621709
7166,0.7234,18,109,18,260557,345053,26031,81925,3.1962373559598354,0.1918717123598874
7167,0.7235,19,109,19,260666,344944,26050,81906,3.195227685353292,0.1918847370270587
7168,0.7236,10,79,10,260745,344865,26060,81896,3.1944959057393754,0.1919013218171295
7169,0.7237,12,190,12,260935,344675,26072,81884,3.19273592945274,0.1919640659322626
7170,0.7238,8,87,8,261022,344588,26080,81876,3.191930045574123,0.19198806933293314
7171,0.7239,11,75,11,261097,344513,26091,81865,3.191235318092556,0.19200099442278917
7172,0.724,4,41,4,261138,344472,26095,81861,3.1908555337359665,0.1920118780389977
7173,0.7241,2,33,2,261171,344439,26097,81859,3.190549853644077,0.19202295108116857
7174,0.7242,10,53,10,261224,344386,26107,81849,3.1900589128904366,0.19202787194857296
7175,0.7243,14,88,14,261312,344298,26121,81835,3.1892437659787323,0.19204098251015528
7176,0.7244,17,124,17,261436,344174,26138,81818,3.1880951498758754,0.1920646397115439
7177,0.7245,20,101,20,261537,344073,26158,81798,3.1871595835340325,0.19207224722979493
7178,0.7246,17,101,17,261638,343972,26175,81781,3.1862240171921896,0.1920855519514836
7179,0.7247,13,85,13,261723,343887,26188,81768,3.1854366593797474,0.19209923529619058
7180,0.7248,15,84,15,261807,343803,26203,81753,3.184658564600393,0.19210867664890166
7181,0.7249,7,73,7,261880,343730,26210,81746,3.1839823631850015,0.19212834566462034
7182,0.725,19,93,19,261973,343637,26229,81727,3.1831209011078587,0.1921342661814352
7183,0.7251,13,48,13,262021,343589,26242,81714,3.1826762755196563,0.19213125700970837
7184,0.7252,14,84,14,262105,343505,26256,81700,3.1818981807403017,0.19214261356286969
7185,0.7253,6,23,6,262128,343482,26262,81694,3.1816851309792877,0.19214160724029578
7186,0.7254,7,60,7,262188,343422,26269,81687,3.1811293489940344,0.19215542366781224
7187,0.7255,7,31,7,262219,343391,26276,81680,3.1808421949683203,0.19215613391645162
7188,0.7256,10,69,10,262288,343322,26286,81670,3.1802030456852792,0.1921683231684361
7189,0.7257,14,129,14,262417,343193,26300,81656,3.179008114416985,0.1922000522538596
7190,0.7258,20,136,20,262553,343057,26320,81636,3.177748341917077,0.192223559135658
7191,0.7259,19,73,19,262626,342984,26339,81617,3.1770721405016857,0.19222046109170726
7192,0.726,8,46,8,262672,342938,26347,81609,3.176646040979658,0.1922260668430115
7193,0.7261,10,100,10,262772,342838,26357,81599,3.175719737670903,0.192252324844441
7194,0.7262,19,150,19,262922,342688,26376,81580,3.17433028270777,0.19228412230005562
7195,0.7263,13,56,13,262978,342632,26389,81567,3.173811552854867,0.1922847531465185
7196,0.7264,6,66,6,263044,342566,26395,81561,3.1732001926710884,0.19230324879104607
7197,0.7265,18,146,18,263190,342420,26413,81543,3.1718477898403052,0.19233518019261114
7198,0.7266,15,117,15,263307,342303,26428,81528,3.1707640149690617,0.1923596905370301
7199,0.7267,8,33,8,263340,342270,26436,81520,3.170458334877172,0.19235942329927558
7200,0.7268,13,122,13,263462,342148,26449,81507,3.1693282448404907,0.19239003434398272
7201,0.7269,1,35,1,263497,342113,26450,81506,3.1690040386824263,0.19240402342671126
7202,0.727,14,161,14,263658,341952,26464,81492,3.16751269035533,0.19245047751296512
7203,0.7271,19,61,19,263719,341891,26483,81473,3.166947645336989,0.19244196483404352
7204,0.7272,11,77,11,263796,341814,26494,81462,3.1662343917892475,0.19245598616505544
7205,0.7273,9,79,9,263875,341735,26503,81453,3.165502612175331,0.19247473935933912
7206,0.7274,8,84,8,263959,341651,26511,81445,3.164724517395976,0.19249768374080586
7207,0.7275,10,146,10,264105,341505,26521,81435,3.163372114565193,0.19254504184990778
7208,0.7276,0,25,0,264130,341480,26521,81435,3.1631405387380043,0.19255642386768027
7209,0.7277,19,118,19,264248,341362,26540,81416,3.162047500833673,0.19257388038166603
7210,0.7278,13,58,13,264306,341304,26553,81403,3.1615102449145946,0.19257547189897495
7211,0.7279,7,66,7,264372,341238,26560,81396,3.160898884730816,0.19259217195019804
7212,0.728,9,111,9,264483,341127,26569,81387,3.159870688058098,0.19262556980360415
7213,0.7281,3,47,3,264530,341080,26572,81384,3.1594353255029826,0.19264126647477656
7214,0.7282,22,128,22,264658,340952,26594,81362,3.158249657267776,0.19265759600676274
7215,0.7283,10,90,10,264748,340862,26604,81352,3.1574159842898957,0.1926795416542322
7216,0.7284,24,147,24,264895,340715,26628,81328,3.1560543184260252,0.19270074376307628
7217,0.7285,22,172,22,265067,340543,26650,81306,3.154461076734966,0.19273721165630356
7218,0.7286,20,128,20,265195,340415,26670,81286,3.153275408499759,0.19275742765608808
7219,0.7287,14,118,14,265313,340297,26684,81272,3.152182370595428,0.1927845738182836
7220,0.7288,11,118,11,265431,340179,26695,81261,3.1510893326910963,0.19281748291571754
7221,0.7289,12,98,12,265529,340081,26707,81249,3.150181555448516,0.19283934208340256
7222,0.729,4,46,4,265575,340035,26711,81245,3.1497554559264884,0.19285273452335738
7223,0.7291,12,91,12,265666,339944,26723,81233,3.148912519915521,0.19287140560856836
7224,0.7292,8,54,8,265720,339890,26731,81225,3.1484123161287934,0.19288080453082887
7225,0.7293,8,91,8,265811,339799,26739,81217,3.147569380117826,0.19290715792273927
7226,0.7294,12,76,12,265887,339723,26751,81205,3.1468653896031715,0.19291897901778926
7227,0.7295,11,133,11,266020,339590,26762,81194,3.145633406202527,0.1929588577512453
7228,0.7296,12,138,12,266158,339452,26774,81182,3.1443551076364447,0.19299913939434282
7229,0.7297,12,104,12,266262,339348,26786,81170,3.1433917521953387,0.19302384202340922
7230,0.7298,8,71,8,266333,339277,26794,81162,3.1427340768461227,0.19304108324869956
7231,0.7299,8,43,8,266376,339234,26802,81154,3.1423357664233578,0.19304547227799082
7232,0.73,25,113,25,266489,339121,26827,81129,3.141289043684464,0.1930493753718025
7233,0.7301,9,42,9,266531,339079,26836,81120,3.1408999962947868,0.19305138755684806
7234,0.7302,8,81,8,266612,338998,26844,81112,3.140149690614695,0.1930732427221442
7235,0.7303,12,64,12,266676,338934,26856,81100,3.1395568564970913,0.19307960784126998
7236,0.7304,21,257,21,266933,338677,26877,81079,3.13717625699359,0.19315745337767656
7237,0.7305,11,50,11,266983,338627,26888,81068,3.1367131053392123,0.19315931807622203
7238,0.7306,13,157,13,267140,338470,26901,81055,3.1352588091444664,0.19320660270544068
7239,0.7307,13,89,13,267229,338381,26914,81042,3.134434399199674,0.19322259389685353
7240,0.7308,17,124,17,267353,338257,26931,81025,3.133285783096817,0.19324702706054636
7241,0.7309,19,231,19,267584,338026,26950,81006,3.131146022453592,0.19331697817827756
7242,0.731,17,91,17,267675,337935,26967,80989,3.1303030864426247,0.19332623578501112
7243,0.7311,7,55,7,267730,337880,26974,80982,3.1297936196228093,0.19333814000792623
7244,0.7312,7,52,7,267782,337828,26981,80975,3.1293119419022566,0.19334866273641785
7245,0.7313,17,158,17,267940,337670,26998,80958,3.127848382674423,0.19338887986470088
7246,0.7314,12,66,12,268006,337604,27010,80946,3.1272370224906445,0.19339624895472465
7247,0.7315,13,138,13,268144,337466,27023,80933,3.125958723924562,0.19343497474898363
7248,0.7316,7,70,7,268214,337396,27030,80926,3.125310311608433,0.19345384655839282
7249,0.7317,17,83,17,268297,337313,27047,80909,3.1245414798621662,0.193459454548063
7250,0.7318,18,115,18,268412,337198,27065,80891,3.123476231057097,0.193477943691415
7251,0.7319,9,71,9,268483,337127,27074,80882,3.122818555707881,0.1934934415287709
7252,0.732,14,120,14,268603,337007,27088,80868,3.1217069917373745,0.19352198623990427
7253,0.7321,8,35,8,268638,336972,27096,80860,3.12138278557931,0.19352275555725745
7254,0.7322,11,56,11,268694,336916,27107,80849,3.120864055726407,0.19352746161119289
7255,0.7323,20,69,20,268763,336847,27127,80829,3.120224906443366,0.19352081517731448
7256,0.7324,22,183,22,268946,336664,27149,80807,3.1185297713883435,0.1935631457035339
7257,0.7325,13,68,13,269014,336596,27162,80794,3.1178998851383897,0.19356956323821845
7258,0.7326,16,94,16,269108,336502,27178,80778,3.1170291600281597,0.19358224693251533
7259,0.7327,12,71,12,269179,336431,27190,80766,3.116371484678943,0.19359199610735456
7260,0.7328,22,92,22,269271,336339,27212,80744,3.115519285634888,0.19359216271101914
7261,0.7329,19,128,19,269399,336211,27231,80725,3.1143336173996814,0.19361484736266477
7262,0.733,26,157,26,269556,336054,27257,80699,3.1128793212049355,0.19363747831449324
7263,0.7331,21,150,21,269706,335904,27278,80678,3.111489866241802,0.19366655304357847
7264,0.7332,12,66,12,269772,335838,27290,80666,3.1108785060580235,0.19367401033363424
7265,0.7333,21,92,21,269864,335746,27311,80645,3.110026307013969,0.1936761361316647
7266,0.7334,12,63,12,269927,335683,27323,80633,3.1094427359294525,0.19368220294199598
7267,0.7335,14,96,14,270023,335587,27337,80619,3.1085534847530476,0.19369975444851828
7268,0.7336,20,197,20,270220,335390,27357,80599,3.1067286672347993,0.19375271942286937
7269,0.7337,30,231,30,270451,335159,27387,80569,3.1045889065915744,0.1938021975907324
7270,0.7338,21,144,21,270595,335015,27408,80548,3.1032550298269665,0.19382861323072553
7271,0.7339,5,41,5,270636,334974,27413,80543,3.102875245470377,0.1938380379142129
7272,0.734,6,126,6,270762,334848,27419,80537,3.101708103301345,0.1938851908470455
7273,0.7341,17,157,17,270919,334691,27436,80520,3.100253807106599,0.19392549812023285
7274,0.7342,8,116,8,271035,334575,27444,80512,3.0991792952684425,0.1939641569116836
7275,0.7343,22,82,22,271117,334493,27466,80490,3.0984197265552633,0.1939597525681775
7276,0.7344,24,152,24,271269,334341,27490,80466,3.097011745525955,0.19398419023786967
7277,0.7345,7,64,7,271333,334277,27497,80459,3.0964189114083513,0.19400052081324023
7278,0.7346,9,90,9,271423,334187,27506,80450,3.0955852384304716,0.19402513523877513
7279,0.7347,17,79,17,271502,334108,27523,80433,3.094853458816555,0.1940290586455863
7280,0.7348,11,49,11,271551,334059,27534,80422,3.094399570195265,0.1940306069518265
7281,0.7349,16,133,16,271684,333926,27550,80406,3.0931675867946202,0.19406176689225066
7282,0.735,6,108,6,271792,333818,27556,80400,3.092167179221164,0.19410069094051924
7283,0.7351,29,186,29,271978,333632,27585,80371,3.090444255066879,0.19413144349195538
7284,0.7352,13,120,13,272098,333512,27598,80358,3.0893326910963728,0.19416241815062701
7285,0.7353,14,132,14,272230,333380,27612,80344,3.0881099707288153,0.19419709758196285
7286,0.7354,8,53,8,272283,333327,27620,80336,3.087619029975175,0.19420639506071366
7287,0.7355,21,138,21,272421,333189,27641,80315,3.0863407314090927,0.1942302855595109
7288,0.7356,11,91,11,272512,333098,27652,80304,3.0854977953981253,0.19425160013739654
7289,0.7357,16,120,16,272632,332978,27668,80288,3.0843862314276187,0.19427680960930732
7290,0.7358,16,101,16,272733,332877,27684,80272,3.083450665085776,0.1942931000680142
7291,0.7359,13,52,13,272785,332825,27697,80259,3.082968987365223,0.1942922020702811
7292,0.736,17,127,17,272912,332698,27714,80242,3.0817925821631036,0.19431878723301205
7293,0.7361,23,149,23,273061,332549,27737,80219,3.080412390233058,0.19434403829754243
7294,0.7362,16,115,16,273176,332434,27753,80203,3.079347141427989,0.1943669617605789
7295,0.7363,4,37,4,273213,332397,27757,80199,3.07900440920375,0.19437658145013526
7296,0.7364,21,159,21,273372,332238,27778,80178,3.0775315869428286,0.19441049813780262
7297,0.7365,15,78,15,273450,332160,27793,80163,3.0768090703619992,0.19441796843736586
7298,0.7366,13,55,13,273505,332105,27806,80150,3.076299603542184,0.1944185031109386
7299,0.7367,9,134,9,273639,331971,27815,80141,3.0750583571084515,0.19446412625693987
7300,0.7368,12,83,12,273722,331888,27827,80129,3.0742895253621847,0.19447983942410144
7301,0.7369,4,59,4,273781,331829,27831,80125,3.073743006410019,0.19449987134485888
7302,0.737,27,157,27,273938,331672,27858,80098,3.0722887102152727,0.19452121329868616
7303,0.7371,17,105,17,274043,331567,27875,80081,3.0713160917410796,0.19453756607587064
7304,0.7372,10,43,10,274086,331524,27885,80071,3.070917781318315,0.19453832043635128
7305,0.7373,6,78,6,274164,331446,27891,80065,3.0701952647374857,0.19456345030874023
7306,0.7374,8,41,8,274205,331405,27899,80057,3.069815480380896,0.19456717752793698
7307,0.7375,4,61,4,274266,331344,27903,80053,3.069250435362555,0.19458819583030504
7308,0.7376,11,52,11,274318,331292,27914,80042,3.0687687576420024,0.1945912567402646
7309,0.7377,20,156,20,274474,331136,27934,80022,3.0673237244803437,0.19462591023402195
7310,0.7378,14,104,14,274578,331032,27948,80008,3.0663603690392383,0.19464772284935772
7311,0.7379,11,120,11,274698,330912,27959,79997,3.0652488050687317,0.1946830076732318
7312,0.738,27,154,27,274852,330758,27986,79970,3.0638222979732483,0.19470306382812957
7313,0.7381,14,126,14,274978,330632,28000,79956,3.0626551558042165,0.19473535514920065
7314,0.7382,17,99,17,275077,330533,28017,79939,3.0617381155285486,0.19474897191525853
7315,0.7383,11,73,11,275150,330460,28028,79928,3.061061914113157,0.1947620300788522
7316,0.7384,13,83,13,275233,330377,28041,79915,3.0602930823668903,0.19477591568931396
7317,0.7385,22,138,22,275371,330239,28063,79893,3.0590147838008077,0.19479826007236695
7318,0.7386,11,86,11,275457,330153,28074,79882,3.0582181629552783,0.19481751557793847
7319,0.7387,10,42,10,275499,330111,28084,79872,3.057829115565601,0.19481783391018653
7320,0.7388,18,119,18,275618,329992,28102,79854,3.0567268146281816,0.19483903710174066
7321,0.7389,13,94,13,275712,329898,28115,79841,3.0558560895179516,0.19485819021377024
7322,0.739,14,119,14,275831,329779,28129,79827,3.0547537885805327,0.19488728192458118
7323,0.7391,9,137,9,275968,329642,28138,79818,3.0534847530475377,0.19493479216529086
7324,0.7392,16,101,16,276069,329541,28154,79802,3.052549186705695,0.19495142215696862
7325,0.7393,5,65,5,276134,329476,28159,79797,3.051947089555004,0.19497254888546275
7326,0.7394,20,149,20,276283,329327,28179,79777,3.0505668976249583,0.19500420430990653
7327,0.7395,17,107,17,276390,329220,28196,79760,3.04957575308459,0.1950217614553279
7328,0.7396,18,90,18,276480,329130,28214,79742,3.04874208010671,0.19502925120820208
7329,0.7397,13,152,13,276632,328978,28227,79729,3.047334099077402,0.19507617926778842
7330,0.7398,26,158,26,276790,328820,28253,79703,3.0458705398495685,0.19510039826399003
7331,0.7399,11,85,11,276875,328735,28264,79692,3.0450831820371262,0.19511932364902418
7332,0.74,14,88,14,276963,328647,28278,79678,3.0442680351254214,0.19513377824037226
7333,0.7401,6,48,6,277011,328599,28284,79672,3.043823409537219,0.195144891505887
7334,0.7402,11,77,11,277088,328522,28295,79661,3.0431101559894773,0.19516001401332245
7335,0.7403,10,62,10,277150,328460,28305,79651,3.0425358479380487,0.1951699415110105
7336,0.7404,19,157,19,277307,328303,28324,79632,3.0410815517433027,0.19520756983342935
7337,0.7405,31,142,31,277449,328161,28355,79601,3.0397662010448703,0.19521436524246988
7338,0.7406,20,75,20,277524,328086,28375,79581,3.0390714735633035,0.1952107970475903
7339,0.7407,10,107,10,277631,327979,28385,79571,3.0380803290229355,0.19524230155809102
7340,0.7408,16,52,16,277683,327927,28401,79555,3.0375986513023823,0.19523561776961929
7341,0.7409,13,80,13,277763,327847,28414,79542,3.036857608655378,0.19524827621757093
7342,0.741,7,54,7,277817,327793,28421,79535,3.0363574048686504,0.19526033074082802
7343,0.7411,11,46,11,277863,327747,28432,79524,3.035931305346623,0.19526064954293332
7344,0.7412,35,198,35,278061,327549,28467,79489,3.034097224795287,0.1952864351731288
7345,0.7413,4,42,4,278103,327507,28471,79485,3.0337081774056096,0.1952986790895153
7346,0.7414,13,66,13,278169,327441,28484,79472,3.033096817221831,0.19530464743077758
7347,0.7415,14,63,14,278232,327378,28498,79458,3.032513246137315,0.19530719995280654
7348,0.7416,10,108,10,278340,327270,28508,79448,3.0315128385638594,0.19533927684538183
7349,0.7417,14,85,14,278425,327185,28522,79434,3.0307254807514172,0.1953524060607104
7350,0.7418,29,183,29,278608,327002,28551,79405,3.0290303456963947,0.19538295354164667
7351,0.7419,10,97,10,278705,326905,28561,79395,3.028131831486902,0.19540979571745015
7352,0.742,8,126,8,278831,326779,28569,79387,3.0269646893178703,0.1954545678367958
7353,0.7421,18,57,18,278888,326722,28587,79369,3.0264366964318796,0.19544634084478602
7354,0.7422,16,80,16,278968,326642,28603,79353,3.0256956537848754,0.19545314597470412
7355,0.7423,16,71,16,279039,326571,28619,79337,3.025037978435659,0.1954556204854302
7356,0.7424,13,61,13,279100,326510,28632,79324,3.0244729334173184,0.19545922717170075
7357,0.7425,29,165,29,279265,326345,28661,79295,3.022944532957872,0.19548121487032838
7358,0.7426,9,76,9,279341,326269,28670,79286,3.0222405424432175,0.19549999383560798
7359,0.7427,14,64,14,279405,326205,28684,79272,3.0216477083256144,0.19550307415710386
7360,0.7428,32,153,32,279558,326052,28716,79240,3.0202304642632183,0.19551335827008676
7361,0.7429,12,92,12,279650,325960,28728,79228,3.019378265219163,0.19553392499284283
7362,0.743,12,65,12,279715,325895,28740,79216,3.0187761680684724,0.1955414688813683
7363,0.7431,26,169,26,279884,325726,28766,79190,3.0172107154766756,0.19557142716020112
7364,0.7432,23,127,23,280011,325599,28789,79167,3.016034310274556,0.19558707994248528
7365,0.7433,4,70,4,280081,325529,28793,79163,3.0153858979584274,0.19561295997944114
7366,0.7434,10,97,10,280178,325432,28803,79153,3.0144873837489348,0.19563997676631611
7367,0.7435,22,87,22,280265,325345,28825,79131,3.0136814998703176,0.19563830734085583
7368,0.7436,18,156,18,280421,325189,28843,79113,3.012236466708659,0.19567798328971908
7369,0.7437,24,76,24,280497,325113,28867,79089,3.011532476194005,0.19566701797616043
7370,0.7438,22,130,22,280627,324983,28889,79067,3.010328281892623,0.19568617745328548
7371,0.7439,8,71,8,280698,324912,28897,79059,3.0096706065434065,0.19570464216490788
7372,0.744,9,104,9,280802,324808,28906,79050,3.008707251102301,0.19573711552080186
7373,0.7441,17,79,17,280881,324729,28923,79033,3.007975471488384,0.19574155071552052
7374,0.7442,16,118,16,280999,324611,28939,79017,3.0068824335840527,0.19576689426898033
7375,0.7443,12,85,12,281084,324526,28951,79005,3.0060950757716105,0.19578421484346928
7376,0.7444,13,72,13,281156,324454,28964,78992,3.005428137389307,0.19579324122683084
7377,0.7445,26,201,26,281357,324253,28990,78966,3.0035662677387083,0.19583898576207967
7378,0.7446,9,90,9,281447,324163,28999,78957,3.0027325947608285,0.19586475491168884
7379,0.7447,12,175,12,281622,323988,29011,78945,3.0011115639705066,0.19592587353232424
7380,0.7448,7,49,7,281671,323939,29018,78938,3.0006576753492165,0.19593573224582192
7381,0.7449,21,164,21,281835,323775,29039,78917,2.9991385379228577,0.1959735976875627
7382,0.745,21,76,21,281911,323699,29060,78896,2.9984345474082033,0.19596865336131844
7383,0.7451,12,74,12,281985,323625,29072,78884,2.997749082959724,0.19598071099031325
7384,0.7452,13,140,13,282125,323485,29085,78871,2.9964522583274666,0.19602292497191542
7385,0.7453,4,90,4,282215,323395,29089,78867,2.995618585349587,0.19605878755636874
7386,0.7454,32,137,32,282352,323258,29121,78835,2.994349549816592,0.19606160763803399
7387,0.7455,6,59,6,282411,323199,29127,78829,2.9938030308644263,0.1960783826002169
7388,0.7456,25,110,25,282521,323089,29152,78804,2.992784097224795,0.1960820417374774
7389,0.7457,21,115,21,282636,322974,29173,78783,2.9917188484197266,0.19609614767135358
7390,0.7458,18,122,18,282758,322852,29191,78765,2.990588758383045,0.19611968616866318
7391,0.7459,15,100,15,282858,322752,29206,78750,2.9896624550742894,0.1961384999327525
7392,0.746,16,80,16,282938,322672,29222,78734,2.988921412427285,0.19614554839738318
7393,0.7461,16,103,16,283041,322569,29238,78718,2.987967320019267,0.1961638428356762
7394,0.7462,13,120,13,283161,322449,29251,78705,2.9868557560487607,0.19619647317489045
7395,0.7463,40,178,40,283339,322271,29291,78665,2.9852069361591758,0.19620338408124988
7396,0.7464,14,117,14,283456,322154,29305,78651,2.984123161287932,0.19623258192886817
7397,0.7465,20,181,20,283637,321973,29325,78631,2.9824465522990846,0.19628111551557148
7398,0.7466,12,106,12,283743,321867,29337,78619,2.981464670791804,0.19630898458373078
7399,0.7467,3,24,3,283767,321843,29340,78616,2.981242357997703,0.19631472884864618
7400,0.7468,14,94,14,283861,321749,29354,78602,2.9803716328874725,0.19633271803991997
7401,0.7469,22,99,22,283960,321650,29376,78580,2.979454592611805,0.19633710616395572
7402,0.747,5,60,5,284020,321590,29381,78575,2.9788988106265517,0.1963565029425362
7403,0.7471,15,85,15,284105,321505,29396,78560,2.9781114528141095,0.19636809018534487
7404,0.7472,14,126,14,284231,321379,29410,78546,2.9769443106450777,0.19640182534225167
7405,0.7473,24,144,24,284375,321235,29434,78522,2.97561043388047,0.19642432777912583
7406,0.7474,7,46,7,284421,321189,29441,78515,2.9751843343584423,0.19643286031663432
7407,0.7475,17,99,17,284520,321090,29458,78498,2.9742672940827743,0.1964473407609838
7408,0.7476,9,97,9,284617,320993,29467,78489,2.9733687798732817,0.19647693763423635
7409,0.7477,4,39,4,284656,320954,29471,78485,2.973007521582867,0.19648807452452063
7410,0.7478,14,85,14,284741,320869,29485,78471,2.972220163770425,0.19650172785095407
7411,0.7479,12,148,12,284889,320721,29497,78459,2.9708492348734667,0.19655042837817527
7412,0.748,17,125,17,285014,320596,29514,78442,2.9696913557375226,0.19657776953573344
7413,0.7481,12,83,12,285097,320513,29526,78430,2.968922523991256,0.1965945009688101
7414,0.7482,8,56,8,285153,320457,29534,78422,2.9684037941383528,0.19660598828216075
7415,0.7483,11,53,11,285206,320404,29545,78411,2.9679128533847123,0.19660995699760542
7416,0.7484,16,167,16,285373,320237,29561,78395,2.966365926859091,0.19666007746493006
7417,0.7485,12,96,12,285469,320141,29573,78383,2.9654766756826856,0.1966832612339533
7418,0.7486,15,139,15,285608,320002,29588,78368,2.9641891140835157,0.19672164068579462
7419,0.7487,22,193,22,285801,319809,29610,78346,2.9624013486976177,0.19677261368060178
7420,0.7488,13,40,13,285841,319769,29623,78333,2.9620308273741154,0.19676615540740816
7421,0.7489,16,84,16,285925,319685,29639,78317,2.961252732594761,0.19677539308847694
7422,0.749,22,137,22,286062,319548,29661,78295,2.959983697061766,0.1967987371902987
7423,0.7491,19,129,19,286191,319419,29680,78276,2.9587887657934715,0.19682419944932675
7424,0.7492,22,167,22,286358,319252,29702,78254,2.9572418392678497,0.19686243729654396
7425,0.7493,32,175,32,286533,319077,29734,78222,2.9556208084775277,0.19688446233189613
7426,0.7494,12,108,12,286641,318969,29746,78210,2.954620400904072,0.19691373410980942
7427,0.7495,14,122,14,286763,318847,29760,78196,2.9534903108673904,0.19694592273380968
7428,0.7496,12,87,12,286850,318760,29772,78184,2.9526844269887733,0.19696481115724132
7429,0.7497,19,112,19,286962,318648,29791,78165,2.9516469672829673,0.1969819537162341
7430,0.7498,20,106,20,287068,318542,29811,78145,2.9506650857756864,0.1969941036635937
7431,0.7499,18,110,18,287178,318432,29829,78127,2.9496461521360553,0.19701229829609213
7432,0.75,12,68,12,287246,318364,29841,78115,2.949016265886102,0.19702178425591266
7433,0.7501,9,72,9,287318,318292,29850,78106,2.9483493275037977,0.19703933924994577
7434,0.7502,11,121,11,287439,318171,29861,78095,2.947228500500204,0.19707721580958246
7435,0.7503,24,150,24,287589,318021,29885,78071,2.945839045537071,0.19710319824687195
7436,0.7504,11,143,11,287732,317878,29896,78060,2.9445144318055503,0.19715207936596132
7437,0.7505,18,103,18,287835,317775,29914,78042,2.9435603393975325,0.19716687256989973
7438,0.7506,11,76,11,287911,317699,29925,78031,2.942856348882878,0.1971824223586789
7439,0.7507,7,87,7,287998,317612,29932,78024,2.942050465004261,0.19721157831946537
7440,0.7508,30,215,30,288213,317397,29962,77994,2.9400589128904366,0.19725790420115785
7441,0.7509,18,85,18,288298,317312,29980,77976,2.939271555077995,0.19726376717734917
7442,0.751,25,128,25,288426,317184,30005,77951,2.9380858868427877,0.19727688005365254
7443,0.7511,21,137,21,288563,317047,30026,77930,2.9368168513097928,0.19730262774794483
7444,0.7512,23,202,23,288765,316845,30049,77907,2.934945718626107,0.19735682149805447
7445,0.7513,23,159,23,288924,316686,30072,77884,2.9334728963651857,0.19738956332209748
7446,0.7514,19,178,19,289102,316508,30091,77865,2.931824076475601,0.1974399870173668
7447,0.7515,21,104,21,289206,316404,30112,77844,2.9308607210344957,0.1974493212394229
7448,0.7516,17,90,17,289296,316314,30129,77827,2.9300270480566155,0.19745979230782892
7449,0.7517,8,91,8,289387,316223,30137,77819,2.929184112045648,0.19748910014668486
7450,0.7518,17,52,17,289439,316171,30154,77802,2.9287024343250954,0.1974805380064116
7451,0.7519,8,71,8,289510,316100,30162,77794,2.928044758975879,0.19749983498098472
7452,0.752,19,102,19,289612,315998,30181,77775,2.9270999296009483,0.1975122722990149
7453,0.7521,10,99,10,289711,315899,30191,77765,2.926182889325281,0.197541558283206
7454,0.7522,28,152,28,289863,315747,30219,77737,2.9247749082959724,0.19756076485956228
7455,0.7523,5,80,5,289943,315667,30224,77732,2.924033865648968,0.19759074120676462
7456,0.7524,13,96,13,290039,315571,30237,77719,2.923144614472563,0.19761244882910828
7457,0.7525,19,107,19,290146,315464,30256,77700,2.9221534699321947,0.19762745317475658
7458,0.7526,14,141,14,290287,315323,30270,77686,2.9208473822668495,0.1976697734657476
7459,0.7527,17,127,17,290414,315196,30287,77669,2.91967097706473,0.19769895511180685
7460,0.7528,9,52,9,290466,315144,30296,77660,2.9191892993441773,0.1977067443305058
7461,0.7529,10,101,10,290567,315043,30306,77650,2.9182537330023344,0.19773716363673405
7462,0.753,11,79,11,290646,314964,30317,77639,2.9175219533884174,0.19775447462194634
7463,0.7531,26,154,26,290800,314810,30343,77613,2.916095446292934,0.19777892733096683
7464,0.7532,12,92,12,290892,314718,30355,77601,2.915243247248879,0.1978007692719445
7465,0.7533,12,57,12,290949,314661,30367,77589,2.9147152543628887,0.19780497131931166
7466,0.7534,7,51,7,291000,314610,30374,77582,2.914242839675423,0.19781637565274152
7467,0.7535,13,138,13,291138,314472,30387,77569,2.912964541109341,0.19785940756196418
7468,0.7536,19,103,19,291241,314369,30406,77550,2.9120104487013228,0.19787251957674928
7469,0.7537,32,162,32,291403,314207,30438,77518,2.910509837341139,0.1978888250686068
7470,0.7538,21,113,21,291516,314094,30459,77497,2.909463114602245,0.1979029140097704
7471,0.7539,18,192,18,291708,313902,30477,77479,2.907684612249435,0.19796311011520742
7472,0.754,21,168,21,291876,313734,30498,77458,2.906128422690726,0.19800507167835743
7473,0.7541,13,81,13,291957,313653,30511,77445,2.905378117010634,0.19801942224199562
7474,0.7542,9,39,9,291996,313614,30520,77436,2.905016858720219,0.19802071346375144
7475,0.7543,19,160,19,292156,313454,30539,77417,2.9035347734262107,0.19806278797864257
7476,0.7544,8,53,8,292209,313401,30547,77409,2.9030438326725703,0.19807323251707992
7477,0.7545,23,156,23,292365,313245,30570,77386,2.901598799510912,0.19810511710540127
7478,0.7546,24,156,24,292521,313089,30594,77362,2.9001537663492534,0.19813497724426368
7479,0.7547,19,186,19,292707,312903,30613,77343,2.8984308421949683,0.1981903722267493
7480,0.7548,7,132,7,292839,312771,30620,77336,2.8972081218274113,0.1982430461386235
7481,0.7549,7,87,7,292926,312684,30627,77329,2.896402237948794,0.19827287808355107
7482,0.755,17,59,17,292985,312625,30644,77312,2.895855718996628,0.1982679253315279
7483,0.7551,7,44,7,293029,312581,30651,77305,2.895448145540776,0.19827590629055672
7484,0.7552,12,122,12,293151,312459,30663,77293,2.8943180555040944,0.19831328639750406
7485,0.7553,6,46,6,293197,312413,30669,77287,2.893891955982067,0.19832435206569154
7486,0.7554,12,88,12,293285,312325,30681,77275,2.893076809070362,0.19834445585215607
7487,0.7555,12,121,12,293406,312204,30693,77263,2.8919559820667677,0.19838137762634575
7488,0.7556,16,110,16,293516,312094,30709,77247,2.890937048427137,0.19840448347335626
7489,0.7557,11,152,11,293668,311942,30720,77236,2.8895290673978287,0.19845931681646958
7490,0.7558,28,185,28,293853,311757,30748,77208,2.8878154062766312,0.19849600863830935
7491,0.7559,6,34,6,293887,311723,30754,77202,2.8875004631516545,0.1985009963360545
7492,0.756,29,129,29,294016,311594,30783,77173,2.8863055318833597,0.19850707493177147
7493,0.7561,10,68,10,294084,311526,30793,77163,2.8856756456334063,0.19852118274507383
7494,0.7562,18,129,18,294213,311397,30811,77145,2.884480714365112,0.1985499637104869
7495,0.7563,17,65,17,294278,311332,30828,77128,2.8838786172144206,0.1985481130618339
7496,0.7564,7,42,7,294320,311290,30835,77121,2.8834895698247434,0.1985551387576562
7497,0.7565,13,43,13,294363,311247,30848,77108,2.8830912594019784,0.1985502954770764
7498,0.7566,27,143,27,294506,311104,30875,77081,2.8817666456704583,0.19856769323904838
7499,0.7567,10,122,10,294628,310982,30885,77071,2.8806365556337767,0.1986094682942794
7500,0.7568,22,136,22,294764,310846,30907,77049,2.8793767831338695,0.19863365085912424
7501,0.7569,16,83,16,294847,310763,30923,77033,2.878607951387602,0.19864310101187221
7502,0.757,7,65,7,294912,310698,30930,77026,2.8780058542369114,0.19866193477834748
7503,0.7571,8,70,8,294982,310628,30938,77018,2.8773574419207826,0.19868127105658256
7504,0.7572,22,114,22,295096,310514,30960,76996,2.876301456148801,0.1986942272457485
7505,0.7573,8,93,8,295189,310421,30968,76988,2.875439994071659,0.19872537808878987
7506,0.7574,36,238,36,295427,310183,31004,76952,2.873235392196821,0.19877303782918104
7507,0.7575,20,124,20,295551,310059,31024,76932,2.872086776093964,0.19879532082141446
7508,0.7576,14,91,14,295642,309968,31038,76918,2.8712438400829967,0.1988130870592371
7509,0.7577,20,99,20,295741,309869,31058,76898,2.8703267998073287,0.1988225469080868
7510,0.7578,12,79,12,295820,309790,31070,76886,2.869595020193412,0.19883830390300924
7511,0.7579,15,71,15,295891,309719,31085,76871,2.8689373448441957,0.19884373625805116
7512,0.758,14,118,14,296009,309601,31099,76857,2.8678443069398645,0.198875427601447
7513,0.7581,13,75,13,296084,309526,31112,76844,2.8671495794582977,0.19888707715402335
7514,0.7582,13,90,13,296174,309436,31125,76831,2.866315906480418,0.19890645589708672
7515,0.7583,18,119,18,296293,309317,31143,76813,2.865213605542999,0.19893041203739673
7516,0.7584,17,95,17,296388,309222,31160,76796,2.8643336173996814,0.19894409069007143
7517,0.7585,11,89,11,296477,309133,31171,76785,2.863509207454889,0.1989671380966941
7518,0.7586,12,133,12,296610,309000,31183,76773,2.8622772240542442,0.19901081724226424
7519,0.7587,32,177,32,296787,308823,31215,76741,2.8606376671977474,0.19903569835358073
7520,0.7588,23,136,23,296923,308687,31238,76718,2.8593778946978397,0.19905813365161323
7521,0.7589,11,80,11,297003,308607,31249,76707,2.8586368520508354,0.1990765972687211
7522,0.759,8,55,8,297058,308552,31257,76699,2.85812738523102,0.19908838653241653
7523,0.7591,18,133,18,297191,308419,31275,76681,2.8568954018303754,0.19911970916645028
7524,0.7592,6,62,6,297253,308357,31281,76675,2.856321093778947,0.19913929231856053
7525,0.7593,17,130,17,297383,308227,31298,76658,2.855116899477565,0.1991711810021175
7526,0.7594,20,121,20,297504,308106,31318,76638,2.853996072473971,0.19919219013161998
7527,0.7595,16,56,16,297560,308050,31334,76622,2.853477342621068,0.1991878795441311
7528,0.7596,21,120,21,297680,307930,31355,76601,2.852365778650561,0.19920630586350646
7529,0.7597,8,33,8,297713,307897,31363,76593,2.852060098558672,0.19920674139769565
7530,0.7598,20,56,20,297769,307841,31383,76573,2.851541368705769,0.19919409802972837
7531,0.7599,44,243,44,298012,307598,31427,76529,2.8492904516654933,0.19922838019717437
7532,0.76,18,176,18,298188,307422,31445,76511,2.8476601578420837,0.19928216641966176
7533,0.7601,14,78,14,298266,307344,31459,76497,2.8469376412612544,0.19929345744722424
7534,0.7602,6,56,6,298322,307288,31465,76491,2.8464189114083513,0.19931001956855376
7535,0.7603,7,46,7,298368,307242,31472,76484,2.8459928118863242,0.1993193059631091
7536,0.7604,20,122,20,298490,307120,31492,76464,2.8448627218496423,0.19934095269875698
7537,0.7605,14,116,14,298606,307004,31506,76450,2.843788210011486,0.19937202376295463
7538,0.7606,14,74,14,298680,306930,31520,76436,2.8431027455630073,0.19938127011785084
7539,0.7607,9,105,9,298785,306825,31529,76427,2.8421301270888137,0.19941709371379668
7540,0.7608,14,137,14,298922,306688,31543,76413,2.8408610915558192,0.19945915045901733
7541,0.7609,20,175,20,299097,306513,31563,76393,2.839240060765497,0.19950849555765646
7542,0.761,16,124,16,299221,306389,31579,76377,2.8380914446626404,0.19953966653255514
7543,0.7611,12,52,12,299273,306337,31591,76365,2.8376097669420877,0.19954167994941233
7544,0.7612,24,128,24,299401,306209,31615,76341,2.8364240987068805,0.19955822768265585
7545,0.7613,33,117,33,299518,306092,31648,76308,2.835340323835637,0.19955020920502092
7546,0.7614,14,87,14,299605,306005,31662,76294,2.8345344399570194,0.19956630804684292
7547,0.7615,22,201,22,299806,305804,31684,76272,2.8326725703064213,0.19962520545650603
7548,0.7616,18,67,18,299873,305737,31702,76254,2.832051947089555,0.199622504195125
7549,0.7617,8,37,8,299910,305700,31710,76246,2.8317092148653153,0.19962507789059186
7550,0.7618,18,151,18,300061,305549,31728,76228,2.8303104968690946,0.199666297341118
7551,0.7619,11,81,11,300142,305468,31739,76217,2.829560191189003,0.19968560462161206
7552,0.762,29,253,29,300395,305215,31768,76188,2.827216643817852,0.19975721218763356
7553,0.7621,12,86,12,300481,305129,31780,76176,2.826420022972322,0.1997770813390855
7554,0.7622,19,64,19,300545,305065,31799,76157,2.8258271888547184,0.19977073726070374
7555,0.7623,9,50,9,300595,305015,31808,76148,2.825364037200341,0.1997780477118713
7556,0.7624,39,212,39,300807,304803,31847,76109,2.8234002741857793,0.19980730457428486
7557,0.7625,16,127,16,300934,304676,31863,76093,2.82222386898366,0.19984032313554936
7558,0.7626,17,134,17,301068,304542,31880,76076,2.820982622549928,0.19987494022878582
7559,0.7627,11,90,11,301158,304452,31891,76065,2.8201489495720478,0.1998990846663881
7560,0.7628,19,126,19,301284,304326,31910,76046,2.818981807403016,0.19992533624977654
7561,0.7629,15,71,15,301355,304255,31925,76031,2.8183241320537995,0.19993110448451953
7562,0.763,16,144,16,301499,304111,31941,76015,2.816990255289192,0.19997316679206367
7563,0.7631,12,53,12,301552,304058,31953,76003,2.8164993145355517,0.19997579335948704
7564,0.7632,18,116,18,301668,303942,31971,75985,2.8154248026973954,0.19999894716616612
7565,0.7633,16,121,16,301789,303821,31987,75969,2.814303975693801,0.20002896337449644
7566,0.7634,13,72,13,301861,303749,32000,75956,2.8136370373114974,0.20003950435206277
7567,0.7635,14,94,14,301955,303655,32014,75942,2.8127663122012674,0.20005953682457975
7568,0.7636,11,41,11,301996,303614,32025,75931,2.8123865278446774,0.2000579641412744
7569,0.7637,16,56,16,302052,303558,32041,75915,2.8118677979917743,0.20005375876544576
7570,0.7638,11,82,11,302134,303476,32052,75904,2.811108229278595,0.20007380462860458
7571,0.7639,14,124,14,302258,303352,32066,75890,2.8099596131757383,0.20010969249186536
7572,0.764,23,141,23,302399,303211,32089,75867,2.808653525510393,0.20013559214726256
7573,0.7641,21,144,21,302543,303067,32110,75846,2.807319648745785,0.20016732073061627
7574,0.7642,19,105,19,302648,302962,32129,75827,2.806347030271592,0.2001826874592451
7575,0.7643,18,99,18,302747,302863,32147,75809,2.805429989995924,0.20019700426754553
7576,0.7644,20,134,20,302881,302729,32167,75789,2.804188743562192,0.2002256167474202
7577,0.7645,34,200,34,303081,302529,32201,75755,2.8023361369446813,0.20025959332141988
7578,0.7646,18,200,18,303281,302329,32219,75737,2.8004835303271705,0.2003274560526469
7579,0.7647,22,199,22,303480,302130,32241,75715,2.798640186742747,0.20038640183143883
7580,0.7648,7,53,7,303533,302077,32248,75708,2.798149245989107,0.20039969824106305
7581,0.7649,24,108,24,303641,301969,32272,75684,2.7971488384156507,0.20040619298668355
7582,0.765,19,166,19,303807,301803,32291,75665,2.795611174923117,0.20045407822649866
7583,0.7651,9,86,9,303893,301717,32300,75656,2.794814554077587,0.20048069151741116
7584,0.7652,18,73,18,303966,301644,32318,75638,2.7941383526621957,0.20048133756712486
7585,0.7653,19,82,19,304048,301562,32337,75619,2.793378783949016,0.20048464795416523
7586,0.7654,22,195,22,304243,301367,32359,75597,2.791572492496943,0.20054169628930082
7587,0.7655,7,99,7,304342,301268,32366,75590,2.790655452221275,0.2005795286288204
7588,0.7656,8,128,8,304470,301140,32374,75582,2.7894697839860685,0.20063070380811315
7589,0.7657,16,127,16,304597,301013,32390,75566,2.788293378783949,0.2006644024228648
7590,0.7658,16,80,16,304677,300933,32406,75550,2.7875523361369448,0.200673071559672
7591,0.7659,10,109,10,304786,300824,32416,75540,2.7865426655304013,0.20070995100487826
7592,0.766,30,189,30,304975,300635,32446,75510,2.7847919522768536,0.2007470523335416
7593,0.7661,12,117,12,305092,300518,32458,75498,2.7837081774056096,0.20078400919109826
7594,0.7662,13,122,13,305214,300396,32471,75485,2.782578087368928,0.20082153660333987
7595,0.7663,21,175,21,305389,300221,32492,75464,2.780957056578606,0.20087041005097356
7596,0.7664,26,170,26,305559,300051,32518,75438,2.7793823409537217,0.20090601855180845
7597,0.7665,22,213,22,305772,299838,32540,75416,2.777409314906073,0.20097320748079966
7598,0.7666,26,150,26,305922,299688,32566,75390,2.7760198599429398,0.2009981923759858
7599,0.7667,29,238,29,306160,299450,32595,75361,2.773815258068102,0.20106400292414042
7600,0.7668,33,201,33,306361,299249,32628,75328,2.7719533884175034,0.20110150916900932
7601,0.7669,18,166,18,306527,299083,32646,75310,2.7704157249249692,0.2011522651331622
7602,0.767,9,93,9,306620,298990,32655,75301,2.769554262847827,0.20118303672810728
7603,0.7671,4,68,4,306688,298922,32659,75297,2.768924376597873,0.20121105555837623
7604,0.7672,28,131,28,306819,298791,32687,75269,2.7677109192634037,0.20122172913436348
7605,0.7673,24,218,24,307037,298573,32711,75245,2.765691578050317,0.20128779245515196
7606,0.7674,9,93,9,307130,298480,32720,75236,2.764830115973174,0.20131864838540495
7607,0.7675,20,121,20,307251,298359,32740,75216,2.7637092889695802,0.20134109616542864
7608,0.7676,22,173,22,307424,298186,32762,75194,2.762106784245433,0.201387326584177
7609,0.7677,14,144,14,307568,298042,32776,75180,2.7607729074808254,0.20143507081576112
7610,0.7678,23,118,23,307686,297924,32799,75157,2.759679869576494,0.2014495511698532
7611,0.7679,10,37,10,307723,297887,32809,75147,2.759337137352255,0.20144812537195
7612,0.768,22,102,22,307825,297785,32831,75125,2.7583923079773243,0.20145611541658845
7613,0.7681,36,232,36,308057,297553,32867,75089,2.7562432843010116,0.20150439295624217
7614,0.7682,8,106,8,308163,297447,32875,75081,2.7552614027937308,0.20154458188377786
7615,0.7683,18,137,18,308300,297310,32893,75063,2.753992367260736,0.2015801360463836
7616,0.7684,19,166,19,308466,297144,32912,75044,2.7524547037682017,0.20162928412522704
7617,0.7685,14,96,14,308562,297048,32926,75030,2.7515654525917967,0.2016512666698918
7618,0.7686,19,117,19,308679,296931,32945,75011,2.7504816777205527,0.2016739169010222
7619,0.7687,10,63,10,308742,296868,32955,75001,2.749898106636037,0.2016866154479131
7620,0.7688,32,224,32,308966,296644,32987,74969,2.7478231872244248,0.20173944399146423
7621,0.7689,17,129,17,309095,296515,33004,74952,2.7466282559561304,0.2017729704119074
7622,0.769,29,182,29,309277,296333,33033,74923,2.7449423839341955,0.2018095330445838
7623,0.7691,7,79,7,309356,296254,33040,74916,2.7442106043202785,0.20183743298219145
7624,0.7692,39,245,39,309601,296009,33079,74877,2.741941161213828,0.20188683315088735
7625,0.7693,19,120,19,309721,295889,33098,74858,2.740829597243321,0.20191127642300544
7626,0.7694,38,149,38,309870,295740,33136,74820,2.739449405313276,0.20191062176165803
7627,0.7695,43,205,43,310075,295535,33179,74777,2.737550483530327,0.20192972412452204
7628,0.7696,18,107,18,310182,295428,33197,74759,2.736559338989959,0.2019492850910486
7629,0.7697,36,199,36,310381,295229,33233,74723,2.734715995405536,0.20198025689819218
7630,0.7698,14,76,14,310457,295153,33247,74709,2.7340120048908814,0.20199155360648025
7631,0.7699,14,97,14,310554,295056,33261,74695,2.7331134906813888,0.20201432856165366
7632,0.77,16,97,16,310651,294959,33277,74679,2.732214976471896,0.20203279965804383
7633,0.7701,35,152,35,310803,294807,33312,74644,2.7308069954425878,0.20204032469799785
7634,0.7702,5,53,5,310856,294754,33317,74639,2.7303160546889473,0.20205851220786533
7635,0.7703,26,162,26,311018,294592,33343,74613,2.7288154433287635,0.2020909792662613
7636,0.7704,9,89,9,311107,294503,33352,74604,2.7279910333839714,0.20212025239293754
7637,0.7705,35,156,35,311263,294347,33387,74569,2.7265460002223127,0.20213002417894588
7638,0.7706,41,243,41,311506,294104,33428,74528,2.724295083182037,0.20217452635690877
7639,0.7707,28,111,28,311617,293993,33456,74500,2.7232668865093186,0.2021748038633027
7640,0.7708,14,58,14,311675,293935,33470,74486,2.7227296305902406,0.20217631459661636
7641,0.7709,33,185,33,311860,293750,33503,74453,2.721015969469043,0.202206391582904
7642,0.771,16,50,16,311910,293700,33519,74437,2.7205528178146654,0.20219918128305495
7643,0.7711,13,95,13,312005,293605,33532,74424,2.7196728296713477,0.20222319436783515
7644,0.7712,24,135,24,312140,293470,33556,74400,2.7184223202045277,0.20224535841465735
7645,0.7713,11,81,11,312221,293389,33567,74389,2.7176720145244357,0.20226604092686348
7646,0.7714,35,241,35,312462,293148,33602,74354,2.7154396235503353,0.2023227084478452
7647,0.7715,40,248,40,312710,292900,33642,74314,2.713142391344622,0.20237245856639452
7648,0.7716,16,80,16,312790,292820,33658,74298,2.7124013486976177,0.20238179549899488
7649,0.7717,15,106,15,312896,292714,33673,74283,2.711419467190337,0.20240764910884831
7650,0.7718,19,134,19,313030,292580,33692,74264,2.7101782207566045,0.20244027434004644
7651,0.7719,16,178,16,313208,292402,33708,74248,2.70852940086702,0.2025037501704623
7652,0.772,21,132,21,313340,292270,33729,74227,2.7073066804994625,0.2025309893396126
7653,0.7721,7,36,7,313376,292234,33736,74220,2.706973211308311,0.20253565249662986
7654,0.7722,19,87,19,313463,292147,33755,74201,2.706167327429694,0.20254239138742397
7655,0.7723,20,142,20,313605,292005,33775,74181,2.704851976731261,0.20257737870918058
7656,0.7724,13,89,13,313694,291916,33788,74168,2.7040275667864684,0.20259831077020574
7657,0.7725,20,91,20,313785,291825,33808,74148,2.703184630775501,0.2026051102130485
7658,0.7726,29,235,29,314020,291590,33837,74119,2.7010078179999257,0.20267206986975983
7659,0.7727,16,100,16,314120,291490,33853,74103,2.7000815146911705,0.20269261172943684
7660,0.7728,25,170,25,314290,291320,33878,74078,2.698506799066286,0.20273236306712134
7661,0.7729,20,168,20,314458,291152,33898,74058,2.696950609507577,0.20278196106349772
7662,0.773,26,88,26,314546,291064,33924,74032,2.6961354625958722,0.20277406490347744
7663,0.7731,23,164,23,314710,290900,33947,74009,2.6946163251695134,0.20281494838439174
7664,0.7732,15,148,15,314858,290752,33962,73994,2.6932453962725553,0.20286445910304704
7665,0.7733,12,108,12,314966,290644,33974,73982,2.6922449886990996,0.20289831224323004
7666,0.7734,20,80,20,315046,290564,33994,73962,2.6915039460520953,0.2028991073339076
7667,0.7735,14,82,14,315128,290482,34008,73948,2.6907443773389157,0.20291413988969076
7668,0.7736,19,106,19,315234,290376,34027,73929,2.6897624958316353,0.2029316095030263
7669,0.7737,11,118,11,315352,290258,34038,73918,2.6886694579273036,0.20297328764114056
7670,0.7738,23,127,23,315479,290131,34061,73895,2.687493052725184,0.2029937422052271
7671,0.7739,23,227,23,315706,289904,34084,73872,2.6853903442143094,0.20307002111189304
7672,0.774,12,70,12,315776,289834,34096,73860,2.6847419318981807,0.20308281137439715
7673,0.7741,18,119,18,315895,289715,34114,73842,2.6836396309607617,0.20310982872011818
7674,0.7742,12,129,12,316024,289586,34126,73830,2.6824446996924673,0.20315561230105444
7675,0.7743,16,139,16,316163,289447,34142,73814,2.6811571380932975,0.2031982513950025
7676,0.7744,27,145,27,316308,289302,34169,73787,2.679813998295602,0.2032201471264621
7677,0.7745,13,91,13,316399,289211,34182,73774,2.6789710622846346,0.20324255823243384
7678,0.7746,27,156,27,316555,289055,34209,73747,2.677526029122976,0.20327065451678877
7679,0.7747,15,100,15,316655,288955,34224,73732,2.6765997258142207,0.203293749155608
7680,0.7748,24,141,24,316796,288814,34248,73708,2.6752936381488754,0.20332007436790042
7681,0.7749,35,219,35,317015,288595,34283,73673,2.6732650339027013,0.20336601631940993
7682,0.775,36,191,36,317206,288404,34319,73637,2.6714957945829783,0.2033940907245312
7683,0.7751,18,70,18,317276,288334,34337,73619,2.6708473822668495,0.2033938107986396
7684,0.7752,18,124,18,317400,288210,34355,73601,2.6696987661639926,0.20342388705705464
7685,0.7753,11,105,11,317505,288105,34366,73590,2.6687261476897994,0.20345871521585868
7686,0.7754,15,50,15,317555,288055,34381,73575,2.668262996035422,0.20345380637668334
7687,0.7755,12,51,12,317606,288004,34393,73563,2.6677905813479565,0.20345606761679025
7688,0.7756,21,130,21,317736,287874,34414,73542,2.6665863870465745,0.2034829669964805
7689,0.7757,31,173,31,317909,287701,34445,73511,2.6649838823224274,0.20351206493693455
7690,0.7758,15,142,15,318051,287559,34460,73496,2.663668531623995,0.20355901455456926
7691,0.7759,12,110,12,318161,287449,34472,73484,2.662649597984364,0.20359457295398314
7692,0.776,15,68,15,318229,287381,34487,73469,2.6620197117344104,0.2035998337259249
7693,0.7761,17,105,17,318334,287276,34504,73452,2.6610470932602173,0.20362156527910227
7694,0.7762,28,194,28,318528,287082,34532,73424,2.6592500648412316,0.20366928705763565
7695,0.7763,51,318,51,318846,286764,34583,73373,2.6563044203193895,0.20373635588678754
7696,0.7764,33,178,33,319024,286586,34616,73340,2.6546556004298045,0.20376410706645254
7697,0.7765,26,206,26,319230,286380,34642,73314,2.6527474156137685,0.20382324976229796
7698,0.7766,21,125,21,319355,286255,34663,73293,2.6515895364778244,0.20384760866421173
7699,0.7767,32,154,32,319509,286101,34695,73261,2.650163029382341,0.2038640702133225
7700,0.7768,16,78,16,319587,286023,34711,73245,2.6494405128015117,0.20387287484551922
7701,0.7769,21,131,21,319718,285892,34732,73224,2.648227055467042,0.20390068947081166
7702,0.777,15,119,15,319837,285773,34747,73209,2.647124754529623,0.2039350162403686
7703,0.7771,22,177,22,320014,285596,34769,73187,2.645485197673126,0.20398681096930457
7704,0.7772,26,139,26,320153,285457,34795,73161,2.644197636073956,0.2040081646766197
7705,0.7773,20,71,20,320224,285386,34815,73141,2.64353996072474,0.2040041614717999
7706,0.7774,16,96,16,320320,285290,34831,73125,2.6426507095483345,0.2040232691154109
7707,0.7775,28,191,28,320511,285099,34859,73097,2.640881470228612,0.20406983885917207
7708,0.7776,5,92,5,320603,285007,34864,73092,2.6400292711845568,0.2041111536195298
7709,0.7777,18,88,18,320691,284919,34882,73074,2.639214124272852,0.20412130963454592
7710,0.7778,20,114,20,320805,284805,34902,73054,2.6381581385008706,0.2041418547528496
7711,0.7779,22,150,22,320955,284655,34924,73032,2.6367686835377375,0.20417851361665368
7712,0.778,14,107,14,321062,284548,34938,73018,2.6357775389973694,0.20420845382390942
7713,0.7781,14,70,14,321132,284478,34952,73004,2.6351291266812407,0.20421727527539849
7714,0.7782,11,86,11,321218,284392,34963,72993,2.6343325058357108,0.20424192397554458
7715,0.7783,13,68,13,321286,284324,34976,72980,2.6337026195857574,0.20425184156908402
7716,0.7784,19,98,19,321384,284226,34995,72961,2.632794842343177,0.2042655527776767
7717,0.7785,20,167,20,321551,284059,35015,72941,2.6312479158175552,0.20431652661064426
7718,0.7786,11,146,11,321697,283913,35026,72930,2.6298955129867725,0.20437559374851125
7719,0.7787,22,104,22,321801,283809,35048,72908,2.6289321575456666,0.2043861099975611
7720,0.7788,17,72,17,321873,283737,35065,72891,2.628265219163363,0.20438944782798882
7721,0.7789,22,87,22,321960,283650,35087,72869,2.6274593352847457,0.20439022885175825
7722,0.779,39,232,39,322192,283418,35126,72830,2.625310311608433,0.20443623543149717
7723,0.7791,22,113,22,322305,283305,35148,72808,2.6242635888695394,0.20445195766512314
7724,0.7792,15,68,15,322373,283237,35163,72793,2.623633702619586,0.20445748953739853
7725,0.7793,15,73,15,322446,283164,35178,72778,2.622957501204194,0.20446589612914465
7726,0.7794,38,235,38,322681,282929,35216,72740,2.620780688428619,0.20451599661483008
7727,0.7795,14,75,14,322756,282854,35230,72726,2.6200859609470526,0.20452781371280723
7728,0.7796,16,133,16,322889,282721,35246,72710,2.618853977546408,0.20456853791593868
7729,0.7797,16,119,16,323008,282602,35262,72694,2.617751676608989,0.20460123390074755
7730,0.7798,13,58,13,323066,282544,35275,72681,2.6172144206899106,0.20460553170525722
7731,0.7799,25,111,25,323177,282433,35300,72656,2.6161862240171923,0.20461349126557005
7732,0.78,11,65,11,323242,282368,35311,72645,2.615584126866501,0.20462630945909024
7733,0.7801,22,116,22,323358,282252,35333,72623,2.6145096150283447,0.20464388869320183
7734,0.7802,25,190,25,323548,282062,35358,72598,2.6127496387417097,0.20469745671911127
7735,0.7803,24,219,24,323767,281843,35382,72574,2.610721034495535,0.20477008721364945
7736,0.7804,12,78,12,323845,281765,35394,72562,2.609998517914706,0.20478823233905405
7737,0.7805,15,94,15,323939,281671,35409,72547,2.609127792804476,0.20480890299194282
7738,0.7806,50,241,50,324180,281430,35459,72497,2.6068954018303754,0.204836025508085
7739,0.7807,16,182,16,324362,281248,35475,72481,2.6052095298084406,0.20490545021753942
7740,0.7808,10,66,10,324428,281182,35485,72471,2.604598169624662,0.2049212080768437
7741,0.7809,15,98,15,324526,281084,35500,72456,2.6036903923820818,0.20494427787520506
7742,0.781,30,184,30,324710,280900,35530,72426,2.6019859942939716,0.20498349965754006
7743,0.7811,16,101,16,324811,280799,35546,72410,2.6010504279521287,0.2050061012035367
7744,0.7812,28,188,28,324999,280611,35574,72382,2.5993089777316682,0.2050522248316539
7745,0.7813,21,140,21,325139,280471,35595,72361,2.5980121530994107,0.2050862733538908
7746,0.7814,12,79,12,325218,280392,35607,72349,2.597280373485494,0.20510516214446292
7747,0.7815,11,102,11,325320,280290,35618,72338,2.5963355441105636,0.20513969395510281
7748,0.7816,12,92,12,325412,280198,35630,72326,2.5954833450665085,0.20516617308325108
7749,0.7817,19,122,19,325534,280076,35649,72307,2.594353255029827,0.20519434819500373
7750,0.7818,10,69,10,325603,280007,35659,72297,2.593714105746786,0.2052119760207094
7751,0.7819,30,163,30,325766,279844,35689,72267,2.5922042313535143,0.20523925693886302
7752,0.782,30,126,30,325892,279718,35719,72237,2.5910370891844825,0.20524498870594252
7753,0.7821,42,230,42,326122,279488,35761,72195,2.588906591574345,0.2052843043308889
7754,0.7822,16,155,16,326277,279333,35777,72179,2.5874708214457742,0.20533865131204623
7755,0.7823,22,155,22,326432,279178,35799,72157,2.5860350513172032,0.20537948112200607
7756,0.7824,8,57,8,326489,279121,35807,72149,2.5855070584312125,0.20539471062145928
7757,0.7825,20,129,20,326618,278992,35827,72129,2.584312127162918,0.20542491050093842
7758,0.7826,17,74,17,326692,278918,35844,72112,2.583626662714439,0.20542973535025497
7759,0.7827,13,133,13,326825,278785,35857,72099,2.5823946793137944,0.20547816372362376
7760,0.7828,18,85,18,326910,278700,35875,72081,2.581607321501352,0.20548718431157903
7761,0.7829,21,98,21,327008,278602,35896,72060,2.580699544258772,0.20549703132931427
7762,0.783,48,253,48,327261,278349,35944,72012,2.578355996887621,0.2055365751325062
7763,0.7831,10,117,10,327378,278232,35954,72002,2.577272222016377,0.20558255337859832
7764,0.7832,15,160,15,327538,278072,35969,71987,2.5757901367223686,0.20564247741095074
7765,0.7833,16,90,16,327628,277982,35985,71971,2.5749564637444884,0.2056590456432721
7766,0.7834,24,129,24,327757,277853,36009,71947,2.573761532476194,0.20568038879359635
7767,0.7835,13,120,13,327877,277733,36022,71934,2.5726499685056874,0.20572144354485838
7768,0.7836,25,124,25,328001,277609,36047,71909,2.571501352402831,0.2057376158023335
7769,0.7837,15,84,15,328085,277525,36062,71894,2.5707232576234764,0.20575297851576474
7770,0.7838,25,147,25,328232,277378,36087,71869,2.5693615917596055,0.20578272683802581
7771,0.7839,24,93,24,328325,277285,36111,71845,2.568500129682463,0.20578294618050583
7772,0.784,20,118,20,328443,277167,36131,71825,2.567407091778132,0.2058070099028058
7773,0.7841,12,90,12,328533,277077,36143,71813,2.566573418800252,0.20583278397202556
7774,0.7842,32,246,32,328779,276831,36175,71781,2.5642947126607134,0.20590513235344737
7775,0.7843,23,139,23,328918,276692,36198,71758,2.5630071510615435,0.20593485435500072
7776,0.7844,23,181,23,329099,276511,36221,71735,2.5613305420726964,0.2059894442434371
7777,0.7845,12,146,12,329245,276365,36233,71723,2.559978139241913,0.2060484705017122
7778,0.7846,22,127,22,329372,276238,36255,71701,2.558801734039794,0.20607347839707535
7779,0.7847,32,291,32,329663,275947,36287,71669,2.556106191411316,0.20617290343367395
7780,0.7848,19,143,19,329806,275804,36306,71650,2.5547815776797953,0.20621434779855752
7781,0.7849,28,176,28,329982,275628,36334,71622,2.553151283856386,0.2062548596112311
7782,0.785,23,110,23,330092,275518,36357,71599,2.552132350216755,0.20626762734178966
7783,0.7851,19,123,19,330215,275395,36376,71580,2.550992997146986,0.20629728366597017
7784,0.7852,36,201,36,330416,275194,36412,71544,2.5491311274963873,0.20633446579261575
7785,0.7853,28,212,28,330628,274982,36440,71516,2.547167364481826,0.2063965737175972
7786,0.7854,26,256,26,330884,274726,36466,71490,2.544796028011412,0.20648959031356148
7787,0.7855,23,112,23,330996,274614,36489,71467,2.543758568305606,0.20650367977438808
7788,0.7856,30,171,30,331167,274443,36519,71437,2.5421745896476344,0.20653694923094715
7789,0.7857,18,122,18,331289,274321,36537,71419,2.5410444996109525,0.20656851969688206
7790,0.7858,29,178,29,331467,274143,36566,71390,2.539395679721368,0.2066083413161695
7791,0.7859,22,112,22,331579,274031,36588,71368,2.538358220015562,0.20662480204053862
7792,0.786,12,88,12,331667,273943,36600,71356,2.537543073103857,0.20664988893683445
7793,0.7861,21,64,21,331731,273879,36621,71335,2.5369502389862535,0.20663993928403832
7794,0.7862,23,132,23,331863,273747,36644,71312,2.5357275186186965,0.20666610637601107
7795,0.7863,21,122,21,331985,273625,36665,71291,2.534597428582015,0.20669090445209848
7796,0.7864,27,192,27,332177,273433,36692,71264,2.5328189262292047,0.2067438939126247
7797,0.7865,17,123,17,332300,273310,36709,71247,2.5316795731594355,0.2067785591353535
7798,0.7866,29,138,29,332438,273172,36738,71218,2.530401274593353,0.20679462237579488
7799,0.7867,9,60,9,332498,273112,36747,71209,2.5298454926080995,0.20680992446002422
7800,0.7868,18,131,18,332629,272981,36765,71191,2.52863203527363,0.2068471578164406
7801,0.7869,14,57,14,332686,272924,36779,71177,2.5281040423876395,0.20684915184785863
7802,0.787,27,155,27,332841,272769,36806,71150,2.5266682722590685,0.2068801083976169
7803,0.7871,33,188,33,333029,272581,36839,71117,2.5249268220386085,0.20691711909874366
7804,0.7872,19,138,19,333167,272443,36858,71098,2.523648523472526,0.2069563749305032
7805,0.7873,11,78,11,333245,272365,36869,71087,2.5229260068916965,0.20697797654402944
7806,0.7874,20,131,20,333376,272234,36889,71067,2.5217125495572272,0.20701075732374796
7807,0.7875,18,71,18,333447,272163,36907,71049,2.5210548742080108,0.20701199258767175
7808,0.7876,43,237,43,333684,271926,36950,71006,2.51885953536626,0.20705562618828222
7809,0.7877,20,130,20,333814,271796,36970,70986,2.517655341064878,0.20708788676184864
7810,0.7878,16,117,16,333931,271679,36986,70970,2.5165715661936345,0.20712157338851128
7811,0.7879,17,164,17,334095,271515,37003,70953,2.5150524287672757,0.20718140089001016
7812,0.788,30,202,30,334297,271313,37033,70923,2.5131812960835895,0.2072341892728994
7813,0.7881,15,83,15,334380,271230,37048,70908,2.5124124643373227,0.207249706258878
7814,0.7882,17,80,17,334460,271150,37065,70891,2.5116714216903184,0.20725877891831682
7815,0.7883,32,109,32,334569,271041,37097,70859,2.510661751083775,0.20725065808715998
7816,0.7884,23,149,23,334718,270892,37120,70836,2.509281559153729,0.20728766738458657
7817,0.7885,38,194,38,334912,270698,37158,70798,2.507484530734744,0.20731721601424322
7818,0.7886,18,96,18,335008,270602,37176,70780,2.5065952795583386,0.20733371999695355
7819,0.7887,31,171,31,335179,270431,37207,70749,2.505011300900367,0.20736561345917112
7820,0.7888,7,103,7,335282,270328,37214,70742,2.5040572084923487,0.2074119682176679
7821,0.7889,13,149,13,335431,270179,37227,70729,2.5026770165623033,0.20747239724500452
7822,0.789,44,223,44,335654,269956,37271,70685,2.5006113601837785,0.20750584926652987
7823,0.7891,18,126,18,335780,269830,37289,70667,2.4994442180147467,0.20754074191549413
7824,0.7892,21,99,21,335879,269731,37310,70646,2.4985271777390787,0.20755221416253156
7825,0.7893,34,151,34,336030,269580,37344,70612,2.497128459742858,0.20756513968582446
7826,0.7894,40,185,40,336215,269395,37384,70572,2.4954147986216606,0.20758485382404762
7827,0.7895,8,65,8,336280,269330,37392,70564,2.49481270147097,0.20760590066314794
7828,0.7896,15,102,15,336382,269228,37407,70549,2.493867872096039,0.20763324180271178
7829,0.7897,31,144,31,336526,269084,37438,70518,2.4925339953314314,0.20764895377530168
7830,0.7898,27,184,27,336710,268900,37465,70491,2.490829597243321,0.20769849524589631
7831,0.7899,24,142,24,336852,268758,37489,70467,2.4895142465448887,0.2077293831527747
7832,0.79,19,134,19,336986,268624,37508,70448,2.4882730001111564,0.2077670819177048
7833,0.7901,21,156,21,337142,268468,37529,70427,2.486827966949498,0.20781362959028607
7834,0.7902,30,172,30,337314,268296,37559,70397,2.485234725258439,0.20784899599342177
7835,0.7903,20,137,20,337451,268159,37579,70377,2.483965689725444,0.20788631046624287
7836,0.7904,38,164,38,337615,267995,37617,70339,2.4824465522990846,0.20789811251603446
7837,0.7905,21,123,21,337738,267872,37638,70318,2.481307199229316,0.20792453946006684
7838,0.7906,18,117,18,337855,267755,37656,70300,2.480223424358072,0.207954326958631
7839,0.7907,45,227,45,338082,267528,37701,70255,2.478120715847197,0.20798856070317334
7840,0.7908,39,247,39,338329,267281,37740,70216,2.475832746674571,0.20804925673413394
7841,0.7909,26,156,26,338485,267125,37766,70190,2.474387713512913,0.208084431466137
7842,0.791,26,161,26,338646,266964,37792,70164,2.4728963651858162,0.20812273083220617
7843,0.7911,20,107,20,338753,266857,37812,70144,2.471905220645448,0.20814181560292105
7844,0.7912,23,113,23,338866,266744,37835,70121,2.4708584979065544,0.20815757054012735
7845,0.7913,24,186,24,339052,266558,37859,70097,2.4691355737522693,0.20821612630140648
7846,0.7914,20,114,20,339166,266444,37879,70077,2.4680795879802884,0.20823960466063038
7847,0.7915,19,159,19,339325,266285,37898,70058,2.466606765719367,0.2082933196171765
7848,0.7916,19,92,19,339417,266193,37917,70039,2.465754566675312,0.20830557472221561
7849,0.7917,50,214,50,339631,265979,37967,69989,2.4637722775945754,0.20832043527955044
7850,0.7918,17,87,17,339718,265892,37984,69972,2.4629663937159583,0.2083343257985375
7851,0.7919,12,65,12,339783,265827,37996,69960,2.4623642965652675,0.20834636242618088
7852,0.792,21,100,21,339883,265727,38017,69939,2.461437993256512,0.2083589043870991
7853,0.7921,35,156,35,340039,265571,38052,69904,2.4599929600948536,0.20837320217601907
7854,0.7922,17,98,17,340137,265473,38069,69887,2.4590851828522733,0.20839396469465649
7855,0.7923,5,94,5,340231,265379,38074,69882,2.458214457742043,0.20844058807913834
7856,0.7924,32,176,32,340407,265203,38106,69850,2.4565841639186337,0.2084744801568707
7857,0.7925,12,75,12,340482,265128,38118,69838,2.455889436437067,0.20849280225455719
7858,0.7926,18,148,18,340630,264980,38136,69820,2.454518507540109,0.20854241338112306
7859,0.7927,24,179,24,340809,264801,38160,69796,2.4528604246174366,0.20859720798453066
7860,0.7928,23,154,23,340963,264647,38183,69773,2.4514339175219533,0.20863883739010824
7861,0.7929,22,157,22,341120,264490,38205,69751,2.4499796213272074,0.20868475142187823
7862,0.793,10,82,10,341202,264408,38215,69741,2.4492200526140278,0.20871228104827488
7863,0.7931,25,166,25,341368,264242,38240,69716,2.447682389121494,0.20875678977595985
7864,0.7932,22,189,22,341557,264053,38262,69694,2.4459316758679464,0.20882285084210495
7865,0.7933,24,159,24,341716,263894,38286,69670,2.444458853607025,0.20886546509815207
7866,0.7934,20,131,20,341847,263763,38306,69650,2.4432453962725553,0.20890007288258106
7867,0.7935,8,57,8,341904,263706,38314,69642,2.442717403386565,0.20891680766046294
7868,0.7936,38,222,38,342126,263484,38352,69604,2.440661010041128,0.20896579882793737
7869,0.7937,15,138,15,342264,263346,38367,69589,2.4393827114750453,0.2090167750461802
7870,0.7938,31,163,31,342427,263183,38398,69558,2.437872837081774,0.20904547380695496
7871,0.7939,22,214,22,342641,262969,38420,69536,2.4358905480010375,0.20912768229049186
7872,0.794,22,154,22,342795,262815,38442,69514,2.4344640409055542,0.20917223594690804
7873,0.7941,25,154,25,342949,262661,38467,69489,2.433037533810071,0.20920969441517387
7874,0.7942,27,161,27,343110,262500,38494,69462,2.4315461854829747,0.2092468415059555
7875,0.7943,14,64,14,343174,262436,38508,69448,2.430953351365371,0.2092538356775259
7876,0.7944,24,162,24,343336,262274,38532,69424,2.4294527400051873,0.20929882001097383
7877,0.7945,12,155,12,343491,262119,38544,69412,2.4280169698766163,0.20936805306291115
7878,0.7946,15,99,15,343590,262020,38559,69397,2.4270999296009483,0.20939481076710006
7879,0.7947,32,157,32,343747,261863,38591,69365,2.4256456334062024,0.2094176820800174
7880,0.7948,30,242,30,343989,261621,38621,69335,2.4234039793990143,0.20949914792298674
7881,0.7949,19,143,19,344132,261478,38640,69316,2.422079365667494,0.20954430854247658
7882,0.795,6,68,6,344200,261410,38646,69310,2.4214494794175403,0.2095730527334301
7883,0.7951,30,79,30,344279,261331,38676,69280,2.4207176998036237,0.20955140633554237
7884,0.7952,32,145,32,344424,261186,38708,69248,2.419374560005928,0.20956681213192346
7885,0.7953,32,230,32,344654,260956,38740,69216,2.417244062395791,0.20963618962237865
7886,0.7954,35,162,35,344816,260794,38775,69181,2.415743451035607,0.2096552769149178
7887,0.7955,34,242,34,345058,260552,38809,69147,2.413501797028419,0.20972766068444249
7888,0.7956,7,75,7,345133,260477,38816,69140,2.412807069546852,0.20975859861596943
7889,0.7957,17,144,17,345277,260333,38833,69123,2.411473192782245,0.20980950415229954
7890,0.7958,20,176,20,345453,260157,38853,69103,2.409842898958835,0.20987365607726416
7891,0.7959,23,93,23,345546,260064,38876,69080,2.4089814368816924,0.20987774348005736
7892,0.796,25,178,25,345724,259886,38901,69055,2.407332616992108,0.20993126426927625
7893,0.7961,22,151,22,345875,259735,38923,69033,2.405933898995887,0.20997481506715981
7894,0.7962,20,106,20,345981,259629,38943,69013,2.4049520174886063,0.20999446205901862
7895,0.7963,19,76,19,346057,259553,38962,68994,2.4042480269739523,0.20999735197703828
7896,0.7964,48,244,48,346301,259309,39010,68946,2.4019878469005893,0.21003792783049763
7897,0.7965,34,225,34,346526,259084,39044,68912,2.3999036644558895,0.2101001231722338
7898,0.7966,15,68,15,346594,259016,39059,68897,2.3992737782059357,0.21010755901717834
7899,0.7967,28,136,28,346730,258880,39087,68869,2.3980140057060284,0.21012726202063164
7900,0.7968,23,103,23,346833,258777,39110,68846,2.39705991329801,0.21013787188323163
7901,0.7969,36,160,36,346993,258617,39146,68810,2.3955778280040017,0.2101537136522034
7902,0.797,16,178,16,347171,258439,39162,68794,2.393929008114417,0.2102294084031867
7903,0.7971,18,120,18,347291,258319,39180,68776,2.3928174441439105,0.21026307341903727
7904,0.7972,31,156,31,347447,258163,39211,68745,2.391372410982252,0.21028852154122873
7905,0.7973,24,132,24,347579,258031,39235,68721,2.390149690614695,0.21031546861228087
7906,0.7974,39,247,39,347826,257784,39274,68682,2.387861721442069,0.2103802539927588
7907,0.7975,17,74,17,347900,257710,39291,68665,2.38717625699359,0.21038682497127537
7908,0.7976,38,207,38,348107,257503,39329,68627,2.3852588091444664,0.21042835679023703
7909,0.7977,34,272,34,348379,257231,39363,68593,2.3827392641446514,0.21052163131015517
7910,0.7978,7,56,7,348435,257175,39370,68586,2.3822205342917484,0.21054085664029765
7911,0.7979,28,215,28,348650,256960,39398,68558,2.3802289821779246,0.2106120091669278
7912,0.798,19,120,19,348770,256840,39417,68539,2.379117418207418,0.21064358793898807
7913,0.7981,36,235,36,349005,256605,39453,68503,2.3769406054318427,0.21070844150251608
7914,0.7982,22,107,22,349112,256498,39475,68481,2.375949460891474,0.21072438526797116
7915,0.7983,18,141,18,349253,256357,39493,68463,2.374643373226129,0.21077211994335324
7916,0.7984,13,85,13,349338,256272,39506,68450,2.373856015413687,0.2107956960107415
7917,0.7985,31,194,31,349532,256078,39537,68419,2.3720589869947015,0.21084632523567243
7918,0.7986,15,130,15,349662,255948,39552,68404,2.3708547926933194,0.2108943370165746
7919,0.7987,26,123,26,349785,255825,39578,68378,2.3697154396235502,0.2109110649808916
7920,0.7988,20,87,20,349872,255738,39598,68358,2.368909555744933,0.21091898696682465
7921,0.7989,32,137,32,350009,255601,39630,68326,2.367640520211938,0.21093024045541126
7922,0.799,13,60,13,350069,255541,39643,68313,2.367084738226685,0.2109376447411488
7923,0.7991,26,178,26,350247,255363,39669,68287,2.3654359183371003,0.2109902672640198
7924,0.7992,9,55,9,350302,255308,39678,68278,2.364926451517285,0.21100418435902665
7925,0.7993,41,223,41,350525,255085,39719,68237,2.36286079513876,0.2110496656583839
7926,0.7994,34,237,34,350762,254848,39753,68203,2.36066545629701,0.2111214637936425
7927,0.7995,21,225,21,350987,254623,39774,68182,2.35858127385231,0.21121729836898437
7928,0.7996,27,216,27,351203,254407,39801,68155,2.3565804587053987,0.21129271271879516
7929,0.7997,18,138,18,351341,254269,39819,68137,2.355302160139316,0.21133911899902608
7930,0.7998,13,113,13,351454,254156,39832,68124,2.3542554374004223,0.21138140747176368
7931,0.7999,15,109,15,351563,254047,39847,68109,2.353245766793879,0.21141620829660165
7932,0.8,40,233,40,351796,253814,39887,68069,2.351087480084479,0.211471248869931
7933,0.8001,9,65,9,351861,253749,39896,68060,2.3504853829337877,0.21149190979742644
7934,0.8002,34,179,34,352040,253570,39930,68026,2.3488273000111155,0.21152626276446224
7935,0.8003,22,167,22,352207,253403,39952,68004,2.347280373485494,0.2115821995165009
7936,0.8004,26,174,26,352381,253229,39978,67978,2.34566860572826,0.21163299679023184
7937,0.8005,34,224,34,352605,253005,40012,67944,2.3435936863166473,0.2116971855341503
7938,0.8006,31,194,31,352799,252811,40043,67913,2.341796657897662,0.21174904279068607
7939,0.8007,31,133,31,352932,252678,40074,67882,2.3405646744970174,0.2117606688295483
7940,0.8008,38,164,38,353096,252514,40112,67844,2.339045537070658,0.21177557607426692
7941,0.8009,26,148,26,353244,252366,40138,67818,2.3376746081737005,0.21180945956075256
7942,0.801,18,122,18,353366,252244,40156,67800,2.3365445181370186,0.211845871192711
7943,0.8011,36,169,36,353535,252075,40192,67764,2.3349790655452223,0.21186909663924663
7944,0.8012,28,175,28,353710,251900,40220,67736,2.3333580347549003,0.2119160545120074
7945,0.8013,25,129,25,353839,251771,40245,67711,2.3321631034866055,0.21193995279859273
7946,0.8014,11,98,11,353937,251673,40256,67700,2.331255326244025,0.21197784408826043
7947,0.8015,35,132,35,354069,251541,40291,67665,2.330032605876468,0.21197909813725305
7948,0.8016,17,47,17,354116,251494,40308,67648,2.329597243321353,0.21196834011192509
7949,0.8017,23,170,23,354286,251324,40331,67625,2.328022527696469,0.212024492944013
7950,0.8018,37,189,37,354475,251135,40368,67588,2.3262718144429213,0.21205874693699545
7951,0.8019,36,243,36,354718,250892,40404,67552,2.3240208974026455,0.21213148936704726
7952,0.802,25,151,25,354869,250741,40429,67527,2.322622179406425,0.21217024645895913
7953,0.8021,16,55,16,354924,250686,40445,67511,2.3221127125866095,0.21216730516001095
7954,0.8022,30,222,30,355146,250464,40475,67481,2.3200563192411723,0.21224111088395792
7955,0.8023,25,164,25,355310,250300,40500,67456,2.3185371818148135,0.21228867432873022
7956,0.8024,22,207,22,355517,250093,40522,67434,2.3166197339656898,0.2123724911582322
7957,0.8025,37,232,37,355749,249861,40559,67397,2.314470710289377,0.2124359354216442
7958,0.8026,36,220,36,355969,249641,40595,67361,2.3124328430101153,0.21249392748310736
7959,0.8027,19,125,19,356094,249516,40614,67342,2.3112749638741708,0.21253053418250448
7960,0.8028,63,275,63,356369,249241,40677,67279,2.3087276297750936,0.21255844812334135
7961,0.8029,31,149,31,356518,249092,40708,67248,2.307347437845048,0.21258139975975215
7962,0.803,34,184,34,356702,248908,40742,67214,2.305643039756938,0.21262044400579522
7963,0.8031,17,84,17,356786,248824,40759,67197,2.3048649449775835,0.21263460339660972
7964,0.8032,24,127,24,356913,248697,40783,67173,2.303688539775464,0.21266027163073417
7965,0.8033,25,178,25,357091,248519,40808,67148,2.3020397198858795,0.2127178323993322
7966,0.8034,22,156,22,357247,248363,40830,67126,2.300594686724221,0.21276811552859212
7967,0.8035,17,106,17,357353,248257,40847,67109,2.2996128052169404,0.21279719437098482
7968,0.8036,19,105,19,357458,248152,40866,67090,2.298640186742747,0.21282062669314367
7969,0.8037,14,124,14,357582,248028,40880,67076,2.2974915706398904,0.21286940184827866
7970,0.8038,63,352,63,357934,247676,40943,67013,2.294230982993071,0.2129499283419503
7971,0.8039,32,249,32,358183,247427,40975,66981,2.29192448775427,0.21303847230350373
7972,0.804,31,140,31,358323,247287,41006,66950,2.2906276631220126,0.21305575091411896
7973,0.8041,21,161,21,358484,247126,41027,66929,2.2891363147949164,0.2131123529318113
7974,0.8042,18,130,18,358614,246996,41045,66911,2.2879321204935343,0.21315548872755308
7975,0.8043,27,164,27,358778,246832,41072,66884,2.2864129830671756,0.2131991992757781
7976,0.8044,35,176,35,358954,246656,41107,66849,2.284782689243766,0.2132310489465878
7977,0.8045,42,241,42,359195,246415,41149,66807,2.2825502982696655,0.2132896156719515
7978,0.8046,36,185,36,359380,246230,41185,66771,2.280836637148468,0.2133251970440989
7979,0.8047,19,74,19,359454,246156,41204,66752,2.280151172699989,0.2133278791210196
7980,0.8048,22,222,22,359676,245934,41226,66730,2.278094779354552,0.21342399508737814
7981,0.8049,32,162,32,359838,245772,41258,66698,2.276594167994368,0.2134540915927929
7982,0.805,42,287,42,360125,245485,41300,66656,2.27393567749824,0.21354451994451226
7983,0.8051,23,125,23,360250,245360,41323,66633,2.272777798362296,0.2135720993740244
7984,0.8052,20,113,20,360363,245247,41343,66613,2.271731075623402,0.2135990508561534
7985,0.8053,17,126,17,360489,245121,41360,66596,2.2705639334543704,0.21364250265465148
7986,0.8054,25,173,25,360662,244948,41385,66571,2.2689614287302233,0.21369804088996178
7987,0.8055,28,115,28,360777,244833,41413,66543,2.2678961799251547,0.21370625867118853
7988,0.8056,32,243,32,361020,244590,41445,66511,2.265645262884879,0.2137923053927824
7989,0.8057,34,216,34,361236,244374,41479,66477,2.2636444477379674,0.2138548693747165
7990,0.8058,24,136,24,361372,244238,41503,66453,2.26238467523806,0.21388775342703845
7991,0.8059,29,188,29,361560,244050,41532,66424,2.2606432250175996,0.21394384070807862
7992,0.806,27,185,27,361745,243865,41559,66397,2.258929563896402,0.21400300391282207
7993,0.8061,28,101,28,361846,243764,41587,66369,2.2579939975545593,0.2140017347396117
7994,0.8062,31,230,31,362076,243534,41618,66338,2.2558634999444216,0.21408194351215987
7995,0.8063,38,235,38,362311,243299,41656,66300,2.2536866871688463,0.2141479785141425
7996,0.8064,33,245,33,362556,243054,41689,66267,2.2514172440623956,0.21423375716488696
7997,0.8065,26,244,26,362800,242810,41715,66241,2.2491570639890326,0.21433679230935995
7998,0.8066,12,60,12,362860,242750,41727,66229,2.2486012820037793,0.21434790066638834
7999,0.8067,18,94,18,362954,242656,41745,66211,2.2477305568935493,0.21436734905315233
8000,0.8068,27,135,27,363089,242521,41772,66184,2.2464800474267292,0.21439238107578432
8001,0.8069,20,162,20,363251,242359,41792,66164,2.244979436066546,0.2144540277386127
8002,0.807,37,152,37,363403,242207,41829,66127,2.2435714550372374,0.21446548223679515
8003,0.8071,29,200,29,363603,242007,41858,66098,2.2417188484197266,0.214530760617322
8004,0.8072,26,178,26,363781,241829,41884,66072,2.240070028530142,0.21458845538013843
8005,0.8073,40,235,40,364016,241594,41924,66032,2.237893215754567,0.2146502571304116
8006,0.8074,39,161,39,364177,241433,41963,65993,2.2364018674274706,0.21466304086186594
8007,0.8075,5,88,5,364265,241345,41968,65988,2.235586720515766,0.2147117296222664
8008,0.8076,20,135,20,364400,241210,41988,65968,2.2343362110489458,0.21475496292052165
8009,0.8077,33,324,33,364724,240886,42021,65935,2.2313349883285785,0.21489728538789718
8010,0.8078,27,179,27,364903,240707,42048,65908,2.2296769054059062,0.21495360631410726
8011,0.8079,33,266,33,365169,240441,42081,65875,2.227212938604617,0.21505569411979786
8012,0.808,12,78,12,365247,240363,42093,65863,2.2264904220237876,0.21507971236929588
8013,0.8081,26,113,26,365360,240250,42119,65837,2.225443699284894,0.21509244103800554
8014,0.8082,51,287,51,365647,239963,42170,65786,2.222785208788766,0.21516341835950403
8015,0.8083,36,253,36,365900,239710,42206,65750,2.2204416614176146,0.21524913245596805
8016,0.8084,18,190,18,366090,239520,42224,65732,2.218681685130979,0.21533683644988402
8017,0.8085,36,166,36,366256,239354,42260,65696,2.2171440216384455,0.21536141616128504
8018,0.8086,27,212,27,366468,239142,42287,65669,2.215180258623884,0.2154416999386505
8019,0.8087,29,171,29,366639,238971,42316,65640,2.213596279965912,0.21548795020534386
8020,0.8088,37,138,37,366777,238833,42353,65603,2.2123179813998295,0.21549028367210185
8021,0.8089,30,164,30,366941,238669,42383,65573,2.2107988439734707,0.21552908539912308
8022,0.809,24,142,24,367083,238527,42407,65549,2.209483493275038,0.21556781857167287
8023,0.8091,26,130,26,367213,238397,42433,65523,2.2082792989736557,0.21559291918926032
8024,0.8092,19,109,19,367322,238288,42452,65504,2.2072696283671127,0.21562121451519461
8025,0.8093,21,118,21,367440,238170,42473,65483,2.206176590462781,0.21565075925480728
8026,0.8094,24,101,24,367541,238069,42497,65459,2.205241024120938,0.2156604991961203
8027,0.8095,8,45,8,367586,238024,42505,65451,2.2048241876319983,0.21567180163110636
8028,0.8096,17,105,17,367691,237919,42522,65434,2.203851569157805,0.21570249840944378
8029,0.8097,19,107,19,367798,237812,42541,65415,2.2028604246174366,0.21572947000102233
8030,0.8098,6,36,6,367834,237776,42547,65409,2.202526955426285,0.21573956495209196
8031,0.8099,36,238,36,368072,237538,42583,65373,2.2003223535514467,0.21581586670672243
8032,0.81,15,162,15,368234,237376,42598,65358,2.1988217421912633,0.21589249968619317
8033,0.8101,27,209,27,368443,237167,42625,65331,2.196885768275964,0.21597167584579072
8034,0.8102,27,138,27,368581,237029,42652,65304,2.195607469709882,0.21600023814800237
8035,0.8103,45,285,45,368866,236744,42697,65259,2.192967505279929,0.2160872574113502
8036,0.8104,26,206,26,369072,236538,42723,65233,2.191059320463893,0.21616722614167697
8037,0.8105,22,113,22,369185,236425,42745,65211,2.190012597724999,0.2161910382049888
8038,0.8106,39,187,39,369372,236238,42784,65172,2.1882804105376263,0.21622374838260178
8039,0.8107,26,97,26,369469,236141,42810,65146,2.1873818963281337,0.2162257249731983
8040,0.8108,24,135,24,369604,236006,42834,65122,2.1861313868613137,0.21626019500013283
8041,0.8109,14,89,14,369693,235917,42848,65108,2.1853069769165216,0.2162876837471971
8042,0.811,31,141,31,369834,235776,42879,65077,2.1840008892511764,0.21630829674292762
8043,0.8111,18,114,18,369948,235662,42897,65059,2.182944903479195,0.2163433880573688
8044,0.8112,10,101,10,370049,235561,42907,65049,2.182009337137352,0.21639000698579555
8045,0.8113,32,167,32,370216,235394,42939,65017,2.1804624106117307,0.2164268285781812
8046,0.8114,19,83,19,370299,235311,42958,64998,2.179693578865464,0.21643706981808736
8047,0.8115,27,158,27,370457,235153,42985,64971,2.1782300196376303,0.21648052138449442
8048,0.8116,29,201,29,370658,234952,43014,64942,2.1763681499870318,0.2165498476128232
8049,0.8117,20,68,20,370726,234884,43034,64922,2.175738263737078,0.21654670019946232
8050,0.8118,41,231,41,370957,234653,43075,64881,2.173598503093853,0.21660646203769857
8051,0.8119,23,142,23,371099,234511,43098,64858,2.1722831523954205,0.21664901843544254
8052,0.812,21,130,21,371229,234381,43119,64837,2.1710789580940384,0.21668816715571923
8053,0.8121,18,113,18,371342,234268,43137,64819,2.1700322353551447,0.21672289333872752
8054,0.8122,27,109,27,371451,234159,43164,64792,2.1690225647486012,0.21673116999106878
8055,0.8123,22,158,22,371609,234001,43186,64770,2.1675590055207676,0.21678810861830633
8056,0.8124,17,121,17,371730,233880,43203,64753,2.166438178517174,0.21683136157089136
8057,0.8125,17,66,17,371796,233814,43220,64736,2.1658268183333953,0.21683470105509964
8058,0.8126,50,267,50,372063,233547,43270,64686,2.1633535884990183,0.2168975264306767
8059,0.8127,40,207,40,372270,233340,43310,64646,2.1614361406498945,0.21694307786271838
8060,0.8128,35,170,35,372440,233170,43345,64611,2.15986142502501,0.21697489094334427
8061,0.8129,24,158,24,372598,233012,43369,64587,2.1583978657971765,0.21702693893460664
8062,0.813,24,109,24,372707,232903,43393,64563,2.157388195190633,0.2170432923426543
8063,0.8131,9,70,9,372777,232833,43402,64554,2.1567397828745043,0.21707068567220492
8064,0.8132,47,244,47,373021,232589,43449,64507,2.1544796028011413,0.21712510434337723
8065,0.8133,32,291,32,373312,232298,43481,64475,2.151784060172663,0.217253591128573
8066,0.8134,26,153,26,373465,232145,43507,64449,2.1503668161102674,0.21729704579323925
8067,0.8135,23,197,23,373662,231948,43530,64426,2.148541998592019,0.2173807419004366
8068,0.8136,27,138,27,373800,231810,43557,64399,2.1472637000259365,0.21741067962148347
8069,0.8137,30,221,30,374021,231589,43587,64369,2.145216569713587,0.21749369843018265
8070,0.8138,21,104,21,374125,231485,43608,64348,2.1442532142724815,0.21751461128406904
8071,0.8139,48,358,48,374483,231127,43656,64300,2.140937048427137,0.21765106100661077
8072,0.814,39,254,39,374737,230873,43695,64261,2.138584238022898,0.21773499495144577
8073,0.8141,13,103,13,374840,230770,43708,64248,2.1376301456148803,0.2177765424482574
8074,0.8142,28,132,28,374972,230638,43736,64220,2.136407425247323,0.21779975445807812
8075,0.8143,18,162,18,375134,230476,43754,64202,2.134906813887139,0.2178717108165523
8076,0.8144,19,118,19,375252,230358,43773,64183,2.1338137759828077,0.2179085424440061
8077,0.8145,13,92,13,375344,230266,43786,64170,2.1329615769387527,0.217942099471532
8078,0.8146,29,143,29,375487,230123,43815,64141,2.1316369632072325,0.21797093766141967
8079,0.8147,32,216,32,375703,229907,43847,64109,2.129636148060321,0.21804595668262952
8080,0.8148,24,124,24,375827,229783,43871,64085,2.128487531957464,0.21807410129718105
8081,0.8149,36,205,36,376032,229578,43907,64049,2.1265886101745157,0.21813048527553666
8082,0.815,24,128,24,376160,229450,43931,64025,2.1254029419393086,0.21816168327796234
8083,0.8151,34,158,34,376318,229292,43965,63991,2.123939382711475,0.21818857553966647
8084,0.8152,17,134,17,376452,229158,43982,63974,2.1226981362777426,0.2182429758607044
8085,0.8153,44,252,44,376704,228906,44026,63930,2.120363851939679,0.2183133221325247
8086,0.8154,19,135,19,376839,228771,44045,63911,2.1191133424728594,0.21836327481703693
8087,0.8155,32,145,32,376984,228626,44077,63879,2.117770202675164,0.2183860104955471
8088,0.8156,46,220,46,377204,228406,44123,63833,2.115732335395902,0.2184273830665996
8089,0.8157,18,117,18,377321,228289,44141,63815,2.114648560524658,0.21846671048667599
8090,0.8158,17,90,17,377411,228199,44158,63798,2.1138148875467784,0.2184885461151998
8091,0.8159,28,189,28,377600,228010,44186,63770,2.1120641742932307,0.2185550757419974
8092,0.816,20,102,20,377702,227908,44206,63750,2.1111193449183,0.21857792345829705
8093,0.8161,22,214,22,377916,227694,44228,63728,2.1091370558375635,0.21867944081092025
8094,0.8162,19,133,19,378049,227561,44247,63709,2.107905072436919,0.2187283276684863
8095,0.8163,17,121,17,378170,227440,44264,63692,2.1067842454333245,0.21877361471772255
8096,0.8164,20,154,20,378324,227286,44284,63672,2.1053577383378412,0.21883570824655105
8097,0.8165,25,152,25,378476,227134,44309,63647,2.1039497573085333,0.21888293939425202
8098,0.8166,22,143,22,378619,226991,44331,63625,2.1026251435770127,0.2189315109973298
8099,0.8167,24,78,24,378697,226913,44355,63601,2.101902626996184,0.21892576605602485
8100,0.8168,37,289,37,378986,226624,44392,63564,2.0992256104338805,0.2190442058251892
8101,0.8169,14,66,14,379052,226558,44406,63550,2.098614250250102,0.21905635142774416
8102,0.817,17,80,17,379132,226478,44423,63533,2.0978732076030977,0.21907100075514377
8103,0.8171,44,189,44,379321,226289,44467,63489,2.09612249434955,0.2190953074422489
8104,0.8172,35,170,35,379491,226119,44502,63454,2.0945477787246656,0.21912954591760972
8105,0.8173,40,236,40,379727,225883,44542,63414,2.0923617029160027,0.21920033736955447
8106,0.8174,20,199,20,379926,225684,44562,63394,2.0905183593315795,0.21929721390074652
8107,0.8175,37,267,37,380193,225417,44599,63357,2.0880451294972024,0.21939994597851606
8108,0.8176,34,161,34,380354,225256,44633,63323,2.0865537811701063,0.21943038128207526
8109,0.8177,19,84,19,380438,225172,44652,63304,2.0857756863907517,0.21944286526435475
8110,0.8178,30,191,30,380629,224981,44682,63274,2.084006447071029,0.21950703370279787
8111,0.8179,28,238,28,380867,224743,44710,63246,2.081801845196191,0.2196125546461844
8112,0.818,31,152,31,381019,224591,44741,63215,2.080393864166883,0.21964448274184695
8113,0.8181,32,194,32,381213,224397,44773,63183,2.078596835747897,0.2197058209889422
8114,0.8182,23,92,23,381305,224305,44796,63160,2.077744636703842,0.21971370427704243
8115,0.8183,40,219,40,381524,224086,44836,63120,2.075716032457668,0.2197725674254716
8116,0.8184,19,137,19,381661,223949,44855,63101,2.074446996924673,0.21982581431806306
8117,0.8185,18,105,18,381766,223844,44873,63083,2.07347437845048,0.21985731562383462
8118,0.8186,18,95,18,381861,223749,44891,63065,2.072594390307162,0.21988117734838605
8119,0.8187,32,139,32,382000,223610,44923,63033,2.0713068287079923,0.21990071273326053
8120,0.8188,37,184,37,382184,223426,44960,62996,2.069602430619882,0.21994120563364547
8121,0.8189,26,166,26,382350,223260,44986,62970,2.068064767127348,0.21999790378367048
8122,0.819,64,316,64,382666,222944,45050,62906,2.0651376486716813,0.22006646842749694
8123,0.8191,35,210,35,382876,222734,45085,62871,2.0631924117232945,0.22013270075803995
8124,0.8192,42,229,42,383105,222505,45127,62829,2.061071177146245,0.22019457898462855
8125,0.8193,10,57,10,383162,222448,45137,62819,2.060543184260254,0.22021124069731163
8126,0.8194,35,124,35,383286,222324,45172,62784,2.0593945681573973,0.22021128835388695
8127,0.8195,32,140,32,383426,222184,45204,62752,2.0580977435251397,0.22023191172754583
8128,0.8196,22,142,22,383568,222042,45226,62730,2.0567823928267073,0.22028148834857358
8129,0.8197,43,203,43,383771,221839,45269,62687,2.054901997109934,0.22032081426653452
8130,0.8198,21,114,21,383885,221725,45290,62666,2.0538460113379524,0.2203515582419978
8131,0.8199,25,113,25,383998,221612,45315,62641,2.0527992885990587,0.22037058535881768
8132,0.82,15,118,15,384116,221494,45330,62626,2.0517062506947275,0.22042094889483316
8133,0.8201,23,114,23,384230,221380,45353,62603,2.0506502649227465,0.22044629432043467
8134,0.8202,29,161,29,384391,221219,45382,62574,2.04915891659565,0.22049169641252603
8135,0.8203,47,246,47,384637,220973,45429,62527,2.046880210456112,0.22055379188712523
8136,0.8204,22,154,22,384791,220819,45451,62505,2.0454537033606286,0.2206131496096342
8137,0.8205,35,220,35,385011,220599,45486,62470,2.0434158360813663,0.22068824208938456
8138,0.8206,11,102,11,385113,220497,45497,62459,2.0424710067064358,0.22073749982329408
8139,0.8207,38,219,38,385332,220278,45535,62421,2.0404424024602617,0.22080375240096356
8140,0.8208,24,139,24,385471,220139,45559,62397,2.0391548408610918,0.22084619305150494
8141,0.8209,61,314,61,385785,219825,45620,62336,2.0362462484715995,0.2209235152980036
8142,0.821,28,176,28,385961,219649,45648,62308,2.03461595464819,0.22098405075951297
8143,0.8211,29,153,29,386114,219496,45677,62279,2.0331987105857943,0.22102386656019873
8144,0.8212,32,153,32,386267,219343,45709,62247,2.0317814665233986,0.22105543520721616
8145,0.8213,25,173,25,386440,219170,45734,62222,2.0301789617992516,0.22112213566839142
8146,0.8214,23,94,23,386534,219076,45757,62199,2.0293082366890216,0.22113234379166297
8147,0.8215,9,81,9,386615,218995,45766,62190,2.0285579310089297,0.22117111510215695
8148,0.8216,27,126,27,386741,218869,45793,62163,2.027390788839898,0.22119545105183752
8149,0.8217,42,169,42,386910,218700,45835,62121,2.025825336248101,0.22121208883950988
8150,0.8218,35,295,35,387205,218405,45870,62086,2.0230927414872726,0.22134756551903625
8151,0.8219,8,50,8,387255,218355,45878,62078,2.0226295898328948,0.22136481797791271
8152,0.822,39,214,39,387469,218141,45917,62039,2.020647300752158,0.22142551217074738
8153,0.8221,24,189,24,387658,217952,45941,62015,2.0188965874986105,0.22150824918651127
8154,0.8222,21,114,21,387772,217838,45962,61994,2.0178406017266295,0.22154006689728123
8155,0.8223,36,126,36,387898,217712,45998,61958,2.0166734595575977,0.22153967175599815
8156,0.8224,19,101,19,387999,217611,46017,61939,2.0157378932157544,0.22156680379180826
8157,0.8225,26,129,26,388128,217482,46043,61913,2.01454296194746,0.22159666422090588
8158,0.8226,34,248,34,388376,217234,46077,61879,2.0122457297417466,0.22169873850376012
8159,0.8227,23,142,23,388518,217092,46100,61856,2.0109303790433137,0.22174742245866613
8160,0.8228,27,196,27,388714,216896,46127,61829,2.009114824558153,0.22182796663377882
8161,0.8229,22,156,22,388870,216740,46149,61807,2.007669791396495,0.22189074016234245
8162,0.823,20,126,20,388996,216614,46169,61787,2.006502649227463,0.22193526603711913
8163,0.8231,14,111,14,389107,216503,46183,61773,2.0054744525547443,0.2219846483347468
8164,0.8232,20,99,20,389206,216404,46203,61753,2.004557412279077,0.22200771506739
8165,0.8233,26,143,26,389349,216261,46229,61727,2.003232798547556,0.22204915320085758
8166,0.8234,41,186,41,389535,216075,46270,61686,2.0015098743932715,0.22208301381403436
8167,0.8235,50,188,50,389723,215887,46320,61636,1.999768424172811,0.22209330397840898
8168,0.8236,42,187,42,389910,215700,46362,61594,1.9980362369854385,0.22212525334121908
8169,0.8237,24,188,24,390098,215512,46386,61570,1.9962947867649783,0.22220858807140126
8170,0.8238,67,335,67,390433,215177,46453,61503,1.9931916706806476,0.2222892872632644
8171,0.8239,58,227,58,390660,214950,46511,61445,1.991088962169773,0.22230865247200565
8172,0.824,24,170,24,390830,214780,46535,61421,1.9895142465448887,0.22237790594530796
8173,0.8241,31,186,31,391016,214594,46566,61390,1.9877913223906036,0.22244043132935243
8174,0.8242,32,143,32,391159,214451,46598,61358,1.9864667086590833,0.22246554680956748
8175,0.8243,12,78,12,391237,214373,46610,61346,1.9857441920782541,0.22249464128333557
8176,0.8244,31,106,31,391343,214267,46641,61315,1.9847623105709733,0.2224927607753772
8177,0.8245,22,112,22,391455,214155,46663,61293,1.9837248508651673,0.22252112921495165
8178,0.8246,52,289,52,391744,213866,46715,61241,1.9810478343028641,0.22260793073240592
8179,0.8247,55,263,55,392007,213603,46770,61186,1.9786116566008374,0.22266539053601125
8180,0.8248,36,113,36,392120,213490,46806,61150,1.9775649338619437,0.22265511214681036
8181,0.8249,38,165,38,392285,213325,46844,61112,1.9760365334024974,0.22268134398787334
8182,0.825,43,230,43,392515,213095,46887,61069,1.97390603579236,0.2227462394771013
8183,0.8251,33,154,33,392669,212941,46920,61036,1.9724795286968766,0.22277782441591812
8184,0.8252,30,107,30,392776,212834,46950,61006,1.9714883841565083,0.22277972538708735
8185,0.8253,13,68,13,392844,212766,46963,60993,1.9708584979065544,0.22279815458121924
8186,0.8254,41,179,41,393023,212587,47004,60952,1.9692004149838824,0.22282745787620778
8187,0.8255,35,198,35,393221,212389,47039,60917,1.9673663344325465,0.2228893621069424
8188,0.8256,33,225,33,393446,212164,47072,60884,1.965282151987847,0.22297910990009082
8189,0.8257,35,145,35,393591,212019,47107,60849,1.9639390121901514,0.22299793306653767
8190,0.8258,16,147,16,393738,211872,47123,60833,1.962577346326281,0.2230725509249922
8191,0.8259,45,206,45,393944,211666,47168,60788,1.960669161510245,0.22311289245156982
8192,0.826,49,254,49,394198,211412,47217,60739,1.9583163511060062,0.22318124864505368
8193,0.8261,27,169,27,394367,211243,47244,60712,1.9567508985142095,0.22324281590704345
8194,0.8262,29,193,29,394560,211050,47273,60683,1.9549631331283115,0.22331847806486516
8195,0.8263,57,319,57,394879,210731,47330,60626,1.9520082255733817,0.22341785913022327
8196,0.8264,35,178,35,395057,210553,47365,60591,1.9503594056837972,0.22346428466054938
8197,0.8265,36,204,36,395261,210349,47401,60555,1.948469746933936,0.2235293683371231
8198,0.8266,38,214,38,395475,210135,47439,60517,1.9464874578531994,0.22359709146801057
8199,0.8267,33,167,33,395642,209968,47472,60484,1.9449405313275778,0.2236404241787822
8200,0.8268,16,95,16,395737,209873,47488,60468,1.9440605431842604,0.22367306475895257
8201,0.8269,24,90,24,395827,209783,47512,60444,1.9432268702063804,0.2236786109456124
8202,0.827,10,77,10,395904,209706,47522,60434,1.9425136166586388,0.22371362996964536
8203,0.8271,12,148,12,396052,209558,47534,60422,1.9411426877616806,0.22380176309356248
8204,0.8272,27,117,27,396169,209441,47561,60395,1.9400589128904369,0.22382113580100504
8205,0.8273,33,151,33,396320,209290,47594,60362,1.9386601948942161,0.22385148265171406
8206,0.8274,44,217,44,396537,209073,47638,60318,1.936650116714217,0.22390503023486308
8207,0.8275,21,156,21,396693,208917,47659,60297,1.9352050835525585,0.2239742361095634
8208,0.8276,23,109,23,396802,208808,47682,60274,1.934195412946015,0.22399863238715337
8209,0.8277,24,167,24,396969,208641,47706,60250,1.9326484864203934,0.224068488718477
8210,0.8278,48,227,48,397196,208414,47754,60202,1.9305457779095188,0.22411918873038092
8211,0.8279,36,181,36,397377,208233,47790,60166,1.9288691689206714,0.22416625993390438
8212,0.828,24,115,24,397492,208118,47814,60142,1.9278039201156028,0.22419294714083352
8213,0.8281,28,79,28,397571,208039,47842,60114,1.927072140501686,0.224177987939721
8214,0.8282,36,195,36,397766,207844,47878,60078,1.9252658490496128,0.2242369047707915
8215,0.8283,19,114,19,397880,207730,47897,60059,1.9242098632776317,0.22427732281759147
8216,0.8284,19,80,19,397960,207650,47916,60040,1.9234688206306272,0.22428928985019986
8217,0.8285,56,246,56,398206,207404,47972,59984,1.921190114491089,0.22433317875147726
8218,0.8286,20,150,20,398356,207254,47992,59964,1.9198006595279558,0.22440105082741432
8219,0.8287,26,128,26,398484,207126,48018,59938,1.9186149912927488,0.2244330946889135
8220,0.8288,31,122,31,398606,207004,48049,59907,1.9174849012560673,0.22444560171742642
8221,0.8289,36,212,36,398818,206792,48085,59871,1.9155211382415058,0.22451933714088568
8222,0.829,30,181,30,398999,206611,48115,59841,1.9138445292526585,0.2245845405551469
8223,0.8291,45,232,45,399231,206379,48160,59796,1.9116955055763458,0.22464919695688926
8224,0.8292,9,54,9,399285,206325,48169,59787,1.911195301789618,0.2246685606060606
8225,0.8293,23,156,23,399441,206169,48192,59764,1.9097502686279595,0.2247332974847048
8226,0.8294,21,159,21,399600,206010,48213,59743,1.9082774463670384,0.22480649324748922
8227,0.8295,84,331,84,399931,205679,48297,59659,1.905211382415058,0.22484152288778841
8228,0.8296,31,241,31,400172,205438,48328,59628,1.9029789914409574,0.2249552941531543
8229,0.8297,43,265,43,400437,205173,48371,59585,1.9005242876727555,0.22505457814305893
8230,0.8298,29,206,29,400643,204967,48400,59556,1.8986161028567194,0.22514488343168648
8231,0.8299,34,198,34,400841,204769,48434,59522,1.8967820223053837,0.22521387410089636
8232,0.83,32,157,32,400998,204612,48466,59490,1.8953277261106376,0.2252538791830429
8233,0.8301,16,111,16,401109,204501,48482,59474,1.8942995294379192,0.2253016384127285
8234,0.8302,29,134,29,401243,204367,48511,59445,1.8930582830041869,0.22533091747153275
8235,0.8303,19,102,19,401345,204265,48530,59426,1.8921134536292563,0.2253622611314
8236,0.8304,35,202,35,401547,204063,48565,59391,1.8902423209455703,0.22543214375185042
8237,0.8305,24,199,24,401746,203864,48589,59367,1.8883989773611471,0.22553194722506087
8238,0.8306,28,192,28,401938,203672,48617,59339,1.8866204750083366,0.2256141378117265
8239,0.8307,25,118,25,402056,203554,48642,59314,1.8855274371040054,0.2256417669704947
8240,0.8308,57,331,57,402387,203223,48699,59257,1.882461373152025,0.2257581530021335
8241,0.8309,35,180,35,402567,203043,48734,59222,1.880794027196265,0.22580977255829027
8242,0.831,29,120,29,402687,202923,48763,59193,1.8796824632257587,0.2258274962230463
8243,0.8311,45,256,45,402943,202667,48808,59148,1.8773111267553448,0.22591524549777514
8244,0.8312,29,194,29,403137,202473,48837,59119,1.8755140983363592,0.22599697238447658
8245,0.8313,39,195,39,403332,202278,48876,59080,1.8737078068842863,0.2260500922106842
8246,0.8314,21,41,21,403373,202237,48897,59059,1.8733280225276965,0.22602336048006857
8247,0.8315,22,144,22,403517,202093,48919,59037,1.8719941457630886,0.22608279401064604
8248,0.8316,18,98,18,403615,201995,48937,59019,1.8710863685205084,0.2261143080447792
8249,0.8317,27,192,27,403807,201803,48964,58992,1.8693078661676978,0.22620065568741732
8250,0.8318,34,191,34,403998,201612,48998,58958,1.867538626847975,0.22626549487661665
8251,0.8319,34,202,34,404200,201410,49032,58924,1.8656674941642892,0.22634000937257523
8252,0.832,25,131,25,404331,201279,49057,58899,1.8644540368298195,0.226379632405507
8253,0.8321,31,171,31,404502,201108,49088,58868,1.8628700581718478,0.22643628642643937
8254,0.8322,51,228,51,404730,200880,49139,58817,1.8607580866278854,0.2264831707720921
8255,0.8323,33,199,33,404929,200681,49172,58784,1.858914743043462,0.22655849536546355
8256,0.8324,30,140,30,405069,200541,49202,58754,1.8576179184112045,0.22659133419464317
8257,0.8325,36,203,36,405272,200338,49238,58718,1.855737522694431,0.2266614168365141
8258,0.8326,33,167,33,405439,200171,49271,58685,1.8541905961688094,0.22670905831813826
8259,0.8327,44,248,44,405687,199923,49315,58641,1.8518933639630961,0.22679491344502714
8260,0.8328,21,155,21,405842,199768,49336,58620,1.8504575938345251,0.22686812081056396
8261,0.8329,32,149,32,405991,199619,49368,58588,1.8490774019044796,0.22690322105907276
8262,0.833,40,255,40,406246,199364,49408,58548,1.8467153284671534,0.22700766152796303
8263,0.8331,37,176,37,406422,199188,49445,58511,1.8450850346437437,0.22705171537336194
8264,0.8332,21,130,21,406552,199058,49466,58490,1.8438808403423617,0.22710329724944475
8265,0.8333,17,94,17,406646,198964,49483,58473,1.8430101152321317,0.22713518258836143
8266,0.8334,32,136,32,406782,198828,49515,58441,1.8417503427322242,0.22715912138656424
8267,0.8335,29,195,29,406977,198633,49544,58412,1.8399440512801513,0.22724425684218716
8268,0.8336,28,149,28,407126,198484,49572,58384,1.8385638593501057,0.22729183860971394
8269,0.8337,32,190,32,407316,198294,49604,58352,1.8368038830634703,0.22736376175744022
8270,0.8338,39,220,39,407536,198074,49643,58313,1.8347660157842083,0.22744132892853383
8271,0.8339,41,218,41,407754,197856,49684,58272,1.8327466745711216,0.2275112443778111
8272,0.834,29,160,29,407914,197696,49713,58243,1.8312645892771129,0.2275659434474621
8273,0.8341,18,92,18,408006,197604,49731,58225,1.830412390233058,0.22759343154998066
8274,0.8342,42,154,42,408160,197450,49773,58183,1.8289858831375745,0.22760363489846772
8275,0.8343,29,103,29,408263,197347,49802,58154,1.8280317907295565,0.2276077197349521
8276,0.8344,24,119,24,408382,197228,49826,58130,1.8269294897921375,0.22764119393165674
8277,0.8345,38,219,38,408601,197009,49864,58092,1.8249008855459632,0.22772156910400193
8278,0.8346,32,196,32,408797,196813,49896,58060,1.8230853310608026,0.22779972770752493
8279,0.8347,23,150,23,408947,196663,49919,58037,1.8216958760976694,0.22786415390655673
8280,0.8348,20,117,20,409064,196546,49939,58017,1.8206121012264256,0.22790821918346343
8281,0.8349,33,183,33,409247,196363,49972,57984,1.818916966171403,0.2279720224732354
8282,0.835,31,212,31,409459,196151,50003,57953,1.8169532031568416,0.22806803513522023
8283,0.8351,51,213,51,409672,195938,50054,57902,1.8149801771091927,0.2281043176804286
8284,0.8352,28,167,28,409839,195771,50082,57874,1.813433250583571,0.22816929172662578
8285,0.8353,34,165,34,410004,195606,50116,57840,1.8119048501241246,0.22821429416917213
8286,0.8354,33,183,33,410187,195423,50149,57807,1.8102097150691023,0.22827863997156736
8287,0.8355,15,101,15,410288,195322,50164,57792,1.8092741487272592,0.22832399630206152
8288,0.8356,38,191,38,410479,195131,50202,57754,1.8075049094075364,0.22838048915514958
8289,0.8357,61,328,61,410807,194803,50263,57693,1.8044666345548186,0.22849074836829097
8290,0.8358,22,166,22,410973,194637,50285,57671,1.8029289710622847,0.228573806617309
8291,0.8359,36,257,36,411230,194380,50321,57635,1.8005483715587831,0.22869670456123645
8292,0.836,42,181,42,411411,194199,50363,57593,1.798871762569936,0.22873244582830274
8293,0.8361,26,153,26,411564,194046,50389,57567,1.7974545185075401,0.22879183508006343
8294,0.8362,70,326,70,411890,193720,50459,57497,1.7944347697209975,0.22887384213647963
8295,0.8363,19,132,19,412022,193588,50478,57478,1.7932120493534403,0.22893581767344046
8296,0.8364,13,70,13,412092,193518,50491,57465,1.7925636370373115,0.22895973034030193
8297,0.8365,61,333,61,412425,193185,50552,57404,1.789479047019156,0.2290762962460443
8298,0.8366,30,198,30,412623,192987,50582,57374,1.7876449664678202,0.22916508561636997
8299,0.8367,24,106,24,412729,192881,50606,57350,1.7866630849605394,0.2291882300754103
8300,0.8368,31,195,31,412924,192686,50637,57319,1.7848567935084665,0.22927141457170858
8301,0.8369,22,105,22,413029,192581,50659,57297,1.7838841750342733,0.229299898350395
8302,0.837,40,198,40,413227,192383,50699,57257,1.7820500944829374,0.22935827591732094
8303,0.8371,23,74,23,413301,192309,50722,57234,1.7813646300344586,0.22935526141787188
8304,0.8372,32,96,32,413397,192213,50754,57202,1.7804753788580532,0.229344666519656
8305,0.8373,33,211,33,413608,192002,50787,57169,1.7785208788765794,0.22943681247015102
8306,0.8374,26,185,26,413793,191817,50813,57143,1.7768072177553818,0.22952683161953727
8307,0.8375,23,191,23,413984,191626,50836,57120,1.775037978435659,0.22963183327571096
8308,0.8376,43,234,43,414218,191392,50879,57077,1.7728704286931714,0.22971477327151477
8309,0.8377,36,182,36,414400,191210,50915,57041,1.7711845566712365,0.22977148128305627
8310,0.8378,45,187,45,414587,191023,50960,56996,1.7694523694838638,0.22980497461888
8311,0.8379,21,87,21,414674,190936,50981,56975,1.7686464856052466,0.22982037908765646
8312,0.838,60,294,60,414968,190642,51041,56915,1.7659231538775058,0.22990664776192957
8313,0.8381,43,200,43,415168,190442,51084,56872,1.764070547259995,0.2299586760151063
8314,0.8382,44,191,44,415359,190251,51128,56828,1.762301307940272,0.22999931196095175
8315,0.8383,41,202,41,415561,190049,51169,56787,1.760430175256586,0.23005963473723443
8316,0.8384,23,168,23,415729,189881,51192,56764,1.758873985697877,0.2301445397230838
8317,0.8385,22,97,22,415826,189784,51214,56742,1.7579754714883842,0.23016639218581408
8318,0.8386,33,189,33,416015,189595,51247,56709,1.7562247582348365,0.2302398661816292
8319,0.8387,48,261,48,416276,189334,51295,56661,1.7538071065989849,0.23033394987703001
8320,0.8388,55,269,55,416545,189065,51350,56606,1.7513153506984327,0.23041384616010843
8321,0.8389,44,294,44,416839,188771,51394,56562,1.7485920189706918,0.2305519436847061
8322,0.839,22,132,22,416971,188639,51416,56540,1.7473692986031346,0.23060702588720894
8323,0.8391,32,158,32,417129,188481,51448,56508,1.745905739375301,0.2306552539093592
8324,0.8392,24,129,24,417258,188352,51472,56484,1.7447108081070066,0.23070136744596384
8325,0.8393,26,134,26,417392,188218,51498,56458,1.7434695616732743,0.23074596609393647
8326,0.8394,17,93,17,417485,188125,51515,56441,1.7426080995961317,0.23078023928101207
8327,0.8395,23,90,23,417575,188035,51538,56418,1.7417744266182518,0.23079283134181214
8328,0.8396,25,135,25,417710,187900,51563,56393,1.740523917151432,0.23084165326063374
8329,0.8397,31,164,31,417874,187736,51594,56362,1.7390047797250732,0.2308990651295791
8330,0.8398,66,306,66,418180,187430,51660,56296,1.7361702916002817,0.23098069143218203
8331,0.8399,24,136,24,418316,187294,51684,56272,1.7349105191003742,0.23103388814530765
8332,0.84,16,114,16,418430,187180,51700,56256,1.733854533328393,0.23109153946006342
8333,0.8401,47,309,47,418739,186871,51747,56209,1.7309922561043387,0.23123662991607702
8334,0.8402,34,183,34,418922,186688,51781,56175,1.7292971210493164,0.23130324503938435
8335,0.8403,46,294,46,419216,186394,51827,56129,1.7265737893215753,0.23143784300870432
8336,0.8404,32,118,32,419334,186276,51859,56097,1.725480751417244,0.2314490475424243
8337,0.8405,31,162,31,419496,186114,51890,56066,1.7239801400570602,0.23150549178297133
8338,0.8406,49,207,49,419703,185907,51939,56017,1.7220626922079365,0.2315479241414659
8339,0.8407,37,173,37,419876,185734,51976,55980,1.7204601874837897,0.23159601843500996
8340,0.8408,48,251,48,420127,185483,52024,55932,1.7181351661788136,0.23168402957562703
8341,0.8409,19,83,19,420210,185400,52043,55913,1.7173663344325465,0.23170322361414428
8342,0.841,46,255,46,420465,185145,52089,55867,1.7150042609952203,0.23180173601314458
8343,0.8411,61,263,61,420728,184882,52150,55806,1.7125680832931935,0.23186033371003123
8344,0.8412,54,299,54,421027,184583,52204,55752,1.7097984364000147,0.2319761998876568
8345,0.8413,46,154,46,421181,184429,52250,55706,1.7083719293045314,0.2319778457950736
8346,0.8414,44,252,44,421433,184177,52294,55662,1.7060376449664678,0.23208068746117186
8347,0.8415,49,319,49,421752,183858,52343,55613,1.703082737411538,0.23223271293810108
8348,0.8416,36,222,36,421974,183636,52379,55577,1.701026344066101,0.2323326909490705
8349,0.8417,29,127,29,422101,183509,52408,55548,1.6998499388639816,0.23236299292637322
8350,0.8418,34,157,34,422258,183352,52442,55514,1.6983956426692357,0.23240645382766906
8351,0.8419,35,219,35,422477,183133,52477,55479,1.6963670384230614,0.2325071664459457
8352,0.842,44,211,44,422688,182922,52521,55435,1.6944125384415873,0.23257131110057602
8353,0.8421,28,154,28,422842,182768,52549,55407,1.692986031346104,0.23263146845806654
8354,0.8422,90,437,90,423279,182331,52639,55317,1.6889380858868428,0.23276863259947486
8355,0.8423,37,193,37,423472,182138,52676,55280,1.6871503205009448,0.23283828521847544
8356,0.8424,37,138,37,423610,182000,52713,55243,1.6858720219348624,0.23285407788638654
8357,0.8425,26,111,26,423721,181889,52739,55217,1.6848438252621438,0.2328789655259673
8358,0.8426,30,174,30,423895,181715,52769,55187,1.6832320575049093,0.2329528665861833
8359,0.8427,16,103,16,423998,181612,52785,55171,1.6822779650968913,0.23300236925792814
8360,0.8428,35,202,35,424200,181410,52820,55136,1.6804068324132053,0.23308785606182306
8361,0.8429,28,146,28,424346,181264,52848,55108,1.6790544295824226,0.23314098116528184
8362,0.843,30,218,30,424564,181046,52878,55078,1.6770350883693357,0.2332587962257119
8363,0.8431,49,222,49,424786,180824,52927,55029,1.6749786950238987,0.2333190589053351
8364,0.8432,25,101,25,424887,180723,52952,55004,1.6740431286820556,0.23333771693526834
8365,0.8433,34,190,34,425077,180533,52986,54970,1.6722831523954202,0.23341528558022615
8366,0.8434,22,118,22,425195,180415,53008,54948,1.671190114491089,0.23346065439342634
8367,0.8435,9,80,9,425275,180335,53017,54939,1.6704490718440845,0.23351071516614672
8368,0.8436,28,109,28,425384,180226,53045,54911,1.6694394012375413,0.23352768811373795
8369,0.8437,38,247,38,425631,179979,53083,54873,1.6671514320649152,0.23364927699146695
8370,0.8438,23,146,23,425777,179833,53106,54850,1.6657990292341325,0.23371952804421284
8371,0.8439,15,123,15,425900,179710,53121,54835,1.6646596761643633,0.233793088746296
8372,0.844,29,181,29,426081,179529,53150,54806,1.662983067175516,0.23387884865683745
8373,0.8441,28,197,28,426278,179332,53178,54778,1.6611582496572679,0.23398402460381873
8374,0.8442,32,169,32,426447,179163,53210,54746,1.6595927970654711,0.23404828373427272
8375,0.8443,21,132,21,426579,179031,53231,54725,1.658370076697914,0.23411163777614263
8376,0.8444,36,192,36,426771,178839,53267,54689,1.6565915743451036,0.2341860504950156
8377,0.8445,43,199,43,426970,178640,53310,54646,1.6547482307606802,0.23424466105981498
8378,0.8446,40,202,40,427172,178438,53350,54606,1.6528770980769942,0.2343162664561199
8379,0.8447,31,156,31,427328,178282,53381,54575,1.6514320649153358,0.2343713094302512
8380,0.8448,41,211,41,427539,178071,53422,54534,1.649477564933862,0.23444895853485523
8381,0.8449,20,92,20,427631,177979,53442,54514,1.648625365889807,0.23447587669306172
8382,0.845,18,120,18,427751,177859,53460,54496,1.6475138019193005,0.2345376686535689
8383,0.8451,29,134,29,427885,177725,53489,54467,1.6462725554855682,0.23457741868798235
8384,0.8452,60,391,60,428276,177334,53549,54407,1.6426507095483345,0.2347750290194657
8385,0.8453,34,215,34,428491,177119,53583,54373,1.6406591574345104,0.23488068702158174
8386,0.8454,12,62,12,428553,177057,53595,54361,1.640084849383082,0.2349039400565211
8387,0.8455,25,136,25,428689,176921,53620,54336,1.6388250768831747,0.23495937420272683
8388,0.8456,54,231,54,428920,176690,53674,54282,1.6366853162399495,0.2350154997142511
8389,0.8457,38,165,38,429085,176525,53712,54244,1.6351569157805033,0.23505756839090172
8390,0.8458,45,267,45,429352,176258,53757,54199,1.6326836859461262,0.23518053259393293
8391,0.8459,19,94,19,429446,176164,53776,54180,1.631812960835896,0.23521341992845482
8392,0.846,38,259,38,429705,175905,53814,54142,1.6294138352662195,0.23535190634957204
8393,0.8461,35,140,35,429845,175765,53849,54107,1.628117010633962,0.23537881951694856
8394,0.8462,24,117,24,429962,175648,53873,54083,1.6270332357627182,0.23541881591948843
8395,0.8463,31,187,31,430149,175461,53904,54052,1.6253010485753454,0.23550735688174526
8396,0.8464,73,296,73,430445,175165,53977,53979,1.6225591907814294,0.2355680270921342
8397,0.8465,44,191,44,430636,174974,54021,53935,1.6207899514617066,0.23561764718731024
8398,0.8466,48,208,48,430844,174766,54069,53887,1.6188632405794954,0.23567151972639763
8399,0.8467,33,141,33,430985,174625,54102,53854,1.6175571529141501,0.2357065638417535
8400,0.8468,51,260,51,431245,174365,54153,53803,1.6151487643113862,0.2358043196241366
8401,0.8469,21,218,21,431463,174147,54174,53782,1.6131294230982993,0.23595944351091788
8402,0.847,30,119,30,431582,174028,54204,53752,1.6120271221608804,0.23598208797962947
8403,0.8471,20,108,20,431690,173920,54224,53732,1.6110267145874244,0.23602691827877637
8404,0.8472,35,270,35,431960,173650,54259,53697,1.6085256956537848,0.236189613234395
8405,0.8473,22,161,22,432121,173489,54281,53675,1.6070343473266886,0.23628303780528606
8406,0.8474,28,90,28,432211,173399,54309,53647,1.6062006743488089,0.23628251543740036
8407,0.8475,32,92,32,432303,173307,54341,53615,1.6053484753047538,0.23627061280968792
8408,0.8476,57,267,57,432570,173040,54398,53558,1.6028752454703767,0.23635689635389545
8409,0.8477,31,205,31,432775,172835,54429,53527,1.6009763236874281,0.2364663680299697
8410,0.8478,35,124,35,432899,172711,54464,53492,1.5998277075845715,0.2364778539630332
8411,0.8479,21,167,21,433066,172544,54485,53471,1.5982807810589499,0.23658164281131783
8412,0.848,16,68,16,433134,172476,54501,53455,1.5976508948089962,0.2365987845846741
8413,0.8481,32,159,32,433293,172317,54533,53423,1.5961780725480752,0.2366572162665013
8414,0.8482,30,159,30,433452,172158,54563,53393,1.594705250287154,0.23672251508528006
8415,0.8483,32,211,32,433663,171947,54595,53361,1.5927507503056801,0.23683579810747954
8416,0.8484,30,185,30,433848,171762,54625,53331,1.5910370891844825,0.23692873612240273
8417,0.8485,19,106,19,433954,171656,54644,53312,1.5900552076772019,0.23697592546495502
8418,0.8486,13,91,13,434045,171565,54657,53299,1.5892122716662345,0.23702771452967128
8419,0.8487,73,293,73,434338,171272,54730,53226,1.586498202971581,0.2370889718393928
8420,0.8488,48,172,48,434510,171100,54778,53178,1.5849049612805217,0.23710751834776483
8421,0.8489,37,183,37,434693,170917,54815,53141,1.5832098262254992,0.2371751957082541
8422,0.849,28,150,28,434843,170767,54843,53113,1.5818203712623662,0.23723869930319813
8423,0.8491,43,257,43,435100,170510,54886,53070,1.5794397717588646,0.23736470167277932
8424,0.8492,34,240,34,435340,170270,54920,53036,1.5772166438178516,0.23750369448201122
8425,0.8493,56,244,56,435584,170026,54976,52980,1.5749564637444884,0.23757208326233376
8426,0.8494,31,233,31,435817,169793,55007,52949,1.5727981770350883,0.23771448581767246
8427,0.8495,28,93,28,435910,169700,55035,52921,1.5719367149579457,0.2377179152011715
8428,0.8496,21,142,21,436052,169558,55056,52900,1.570621364259513,0.23779769664386086
8429,0.8497,25,200,25,436252,169358,55081,52875,1.5687687576420022,0.23792596059091134
8430,0.8498,21,94,21,436346,169264,55102,52854,1.5678980325317722,0.23795460070773192
8431,0.8499,84,429,84,436775,168835,55186,52770,1.5639241913372115,0.23812639606507074
8432,0.85,69,356,69,437131,168479,55255,52701,1.5606265515580422,0.23827199565964374
8433,0.8501,55,204,55,437335,168275,55310,52646,1.558736892808181,0.23830237958365208
8434,0.8502,24,162,24,437497,168113,55334,52622,1.5572362814479974,0.23839445488934696
8435,0.8503,17,125,17,437622,167988,55351,52605,1.556078402312053,0.23847084902966095
8436,0.8504,30,155,30,437777,167833,55381,52575,1.554642632183482,0.23853489891473995
8437,0.8505,28,174,28,437951,167659,55409,52547,1.5530308644262478,0.23862655876769934
8438,0.8506,28,139,28,438090,167520,55437,52519,1.5517433028270777,0.23868041574448165
8439,0.8507,27,179,27,438269,167341,55464,52492,1.5500852199044055,0.238781256681208
8440,0.8508,16,82,16,438351,167259,55480,52476,1.5493256511912261,0.2388149361731176
8441,0.8509,54,256,54,438607,167003,55534,52422,1.5469543147208122,0.23890623219778967
8442,0.851,23,133,23,438740,166870,55557,52399,1.5457223313201676,0.23897130921379675
8443,0.8511,37,222,37,438962,166648,55594,52362,1.5436659379747304,0.23908497328889092
8444,0.8512,28,187,28,439149,166461,55622,52334,1.5419337507873578,0.23919193765853883
8445,0.8513,33,160,33,439309,166301,55655,52301,1.540451665493349,0.23925215688786014
8446,0.8514,46,211,46,439520,166090,55701,52255,1.538497165511875,0.23932308960589893
8447,0.8515,9,55,9,439575,166035,55710,52246,1.5379876986920598,0.2393520278906547
8448,0.8516,36,308,36,439883,165727,55746,52210,1.5351346845010931,0.23956464482855136
8449,0.8517,39,229,39,440112,165498,55785,52171,1.533013449924043,0.23968043221588742
8450,0.8518,15,89,15,440201,165409,55800,52156,1.5321890399792508,0.2397260588789557
8451,0.8519,30,146,30,440347,165263,55830,52126,1.5308366371484678,0.23978214169070192
8452,0.852,58,269,58,440616,164994,55888,52068,1.528344881247916,0.2398761644138541
8453,0.8521,25,159,25,440775,164835,55913,52043,1.5268720589869946,0.23996440395060817
8454,0.8522,34,160,34,440935,164675,55947,52009,1.5253899736929861,0.2400223366746045
8455,0.8523,53,236,53,441171,164439,56000,51956,1.5232038978843232,0.24009796899188984
8456,0.8524,27,181,27,441352,164258,56027,51929,1.5215272888954758,0.24020408257665818
8457,0.8525,37,167,37,441519,164091,56064,51892,1.5199803623698545,0.24025965006505143
8458,0.8526,33,186,33,441705,163905,56097,51859,1.5182574382155694,0.24035056821341835
8459,0.8527,21,96,21,441801,163809,56118,51838,1.5173681870391642,0.2403835898482242
8460,0.8528,53,260,53,442061,163549,56171,51785,1.5149597984364,0.2404868715576732
8461,0.8529,61,282,61,442343,163267,56232,51724,1.5123476231057098,0.24058681526203424
8462,0.853,54,213,54,442556,163054,56286,51670,1.5103745970580607,0.24063448892531808
8463,0.8531,53,256,53,442812,162798,56339,51617,1.5080032605876468,0.24073409043210597
8464,0.8532,20,87,20,442899,162711,56359,51597,1.5071973767090296,0.24076096086007057
8465,0.8533,59,188,59,443087,162523,56418,51538,1.5054559264885694,0.2407631469534385
8466,0.8534,38,132,38,443219,162391,56456,51500,1.5042332061210122,0.240776844280498
8467,0.8535,53,311,53,443530,162080,56509,51447,1.501352402830783,0.24093908498691033
8468,0.8536,23,171,23,443701,161909,56532,51424,1.499768424172811,0.2410503766412135
8469,0.8537,35,182,35,443883,161727,56567,51389,1.4980825521508763,0.2411315903076259
8470,0.8538,25,158,25,444041,161569,56592,51364,1.4966189929230427,0.2412214170654619
8471,0.8539,54,259,54,444300,161310,56646,51310,1.4942198673533662,0.24132254726742544
8472,0.854,22,54,22,444354,161256,56668,51288,1.4937196635666383,0.24130532971996388
8473,0.8541,36,172,36,444526,161084,56704,51252,1.492126421875579,0.24137216487077084
8474,0.8542,51,320,51,444846,160764,56755,51201,1.4891622512875615,0.24155403014648644
8475,0.8543,42,173,42,445019,160591,56797,51159,1.4875597465634147,0.24160094451003541
8476,0.8544,22,166,22,445185,160425,56819,51137,1.4860220830708808,0.24171164954008753
8477,0.8545,59,245,59,445430,160180,56878,51078,1.4837526399644299,0.24178019293943898
8478,0.8546,56,380,56,445810,159800,56934,51022,1.4802326873911593,0.24201459050763202
8479,0.8547,30,168,30,445978,159632,56964,50992,1.4786764978324503,0.24209966575508965
8480,0.8548,42,183,42,446161,159449,57006,50950,1.4769813627774278,0.24215894562236512
8481,0.8549,30,136,30,446297,159313,57036,50920,1.4757215902775205,0.2422074555374275
8482,0.855,34,156,34,446453,159157,57070,50886,1.474276557115862,0.24226467913712907
8483,0.8551,46,229,46,446682,158928,57116,50840,1.4721553225388122,0.2423629914953663
8484,0.8552,48,211,48,446893,158717,57164,50792,1.4702008225573382,0.2424334992768807
8485,0.8553,47,216,47,447109,158501,57211,50745,1.4682000074104264,0.24251359643672998
8486,0.8554,24,111,24,447220,158390,57235,50721,1.4671718107377079,0.2425553892430336
8487,0.8555,25,104,25,447324,158286,57260,50696,1.4662084552966024,0.24258548583131562
8488,0.8556,21,131,21,447455,158155,57281,50675,1.4649949979621326,0.2426614949959297
8489,0.8557,36,147,36,447602,158008,57317,50639,1.4636333320982622,0.2427017881877046
8490,0.8558,25,161,25,447763,157847,57342,50614,1.462141983771166,0.24279841313243244
8491,0.8559,21,101,21,447864,157746,57363,50593,1.4612064174293231,0.2428397947575826
8492,0.856,39,199,39,448063,157547,57402,50554,1.4593630738448997,0.2429301156649896
8493,0.8561,30,199,30,448262,157348,57432,50524,1.4575197302604765,0.24305341748768472
8494,0.8562,34,171,34,448433,157177,57466,50490,1.4559357516025047,0.2431296257951432
8495,0.8563,45,224,45,448657,156953,57511,50445,1.4538608321908926,0.24322799641269444
8496,0.8564,52,221,52,448878,156732,57563,50393,1.451813701878543,0.24329752564876284
8497,0.8565,43,192,43,449070,156540,57606,50350,1.4500351995257328,0.2433660399245976
8498,0.8566,37,97,37,449167,156443,57643,50313,1.44913668531624,0.24334481224245003
8499,0.8567,36,184,36,449351,156259,57679,50277,1.44743228722813,0.24342971685323625
8500,0.8568,48,244,48,449595,156015,57727,50229,1.4451721071547667,0.24354163030197243
8501,0.8569,52,291,52,449886,155724,57779,50177,1.4424765645262885,0.24369478535801187
8502,0.857,34,139,34,450025,155585,57813,50143,1.4411890029271184,0.24373444548141235
8503,0.8571,41,170,41,450195,155415,57854,50102,1.4396142873022342,0.24378518565374155
8504,0.8572,48,234,48,450429,155181,57902,50054,1.4374467375597466,0.24388627670718932
8505,0.8573,43,211,43,450640,154970,57945,50011,1.4354922375782726,0.243978710221923
8506,0.8574,42,253,42,450893,154717,57987,49969,1.4331486902071213,0.24412514778734257
8507,0.8575,27,145,27,451038,154572,58014,49942,1.431805550409426,0.24419844118251074
8508,0.8576,18,94,18,451132,154478,58032,49924,1.430934825299196,0.2442441854776372
8509,0.8577,30,109,30,451241,154369,58062,49894,1.4299251546926526,0.24426352300710358
8510,0.8578,42,178,42,451419,154191,58104,49852,1.4282763348030678,0.24432104997476023
8511,0.8579,59,299,59,451718,153892,58163,49793,1.4255066879098892,0.2444608095834254
8512,0.858,21,141,21,451859,153751,58184,49772,1.424200600244544,0.24455221277202085
8513,0.8581,36,188,36,452047,153563,58220,49736,1.422459150024084,0.24464458752871387
8514,0.8582,43,201,43,452248,153362,58263,49693,1.4205972803734854,0.2447267981581345
8515,0.8583,42,208,42,452456,153154,58305,49651,1.4186705694912742,0.2448213801434876
8516,0.8584,29,164,29,452620,152990,58334,49622,1.4171514320649152,0.24491145637968137
8517,0.8585,29,193,29,452813,152797,58363,49593,1.4153636666790175,0.24503681011907702
8518,0.8586,34,183,34,452996,152614,58397,49559,1.413668531623995,0.24513164468054588
8519,0.8587,36,210,36,453206,152404,58433,49523,1.4117232946756086,0.24525199700882003
8520,0.8588,43,151,43,453357,152253,58476,49480,1.410324576679388,0.2452746947698195
8521,0.8589,42,172,42,453529,152081,58518,49438,1.4087313349883286,0.24532674338399854
8522,0.859,59,245,59,453774,151836,58577,49379,1.4064618918818779,0.24540416966925924
8523,0.8591,54,229,54,454003,151607,58631,49325,1.4043406573048278,0.24548105826846894
8524,0.8592,14,126,14,454129,151481,58645,49311,1.403173515135796,0.24558249332642734
8525,0.8593,53,270,53,454399,151211,58698,49258,1.4006724962021564,0.24571380113633529
8526,0.8594,56,237,56,454636,150974,58754,49202,1.398477157360406,0.24579370154264246
8527,0.8595,43,160,43,454796,150814,58797,49159,1.3969950720663975,0.2458281868052187
8528,0.8596,33,163,33,454959,150651,58830,49126,1.3954851976731262,0.2459041831642281
8529,0.8597,36,117,36,455076,150534,58866,49090,1.3944014228018822,0.24591231515248668
8530,0.8598,43,160,43,455236,150374,58909,49047,1.3929193375078737,0.2459470166130949
8531,0.8599,42,203,42,455439,150171,58951,49005,1.3910389417911,0.2460386793589589
8532,0.86,52,256,52,455695,149915,59003,48953,1.3886676053206861,0.24615825572741717
8533,0.8601,54,274,54,455969,149641,59057,48899,1.3861295342546964,0.24629293845069003
8534,0.8602,50,214,50,456183,149427,59107,48849,1.3841472451739598,0.24636869817829693
8535,0.8603,8,69,8,456252,149358,59115,48841,1.3835080958909185,0.2464240485572581
8536,0.8604,33,138,33,456390,149220,59148,48808,1.382229797324836,0.24647019613388005
8537,0.8605,65,301,65,456691,148919,59213,48743,1.3794416243654823,0.24659772743369995
8538,0.8606,42,213,42,456904,148706,59255,48701,1.3774685983178332,0.2467035110203792
8539,0.8607,33,167,33,457071,148539,59288,48668,1.3759216717922116,0.24678637168051845
8540,0.8608,50,201,50,457272,148338,59338,48618,1.3740598021416133,0.24684701151526228
8541,0.8609,62,265,62,457537,148073,59400,48556,1.3716050983734114,0.24694221096582905
8542,0.861,29,195,29,457732,147878,59429,48527,1.3697988069213383,0.2470761945978972
8543,0.8611,39,190,39,457922,147688,59468,48488,1.368038830634703,0.2471658102927983
8544,0.8612,39,165,39,458087,147523,59507,48449,1.3665104301752566,0.24722409323780947
8545,0.8613,60,273,60,458360,147250,59567,48389,1.3639816221423542,0.24733820966167278
8546,0.8614,28,148,28,458508,147102,59595,48361,1.3626106932453963,0.24741766984032784
8547,0.8615,32,111,32,458619,146991,59627,48329,1.3615824965726777,0.24743497849682572
8548,0.8616,39,209,39,458828,146782,59666,48290,1.3596465226573788,0.24754962270341208
8549,0.8617,64,274,64,459102,146508,59730,48226,1.3571084515913892,0.24765064138773918
8550,0.8618,39,139,39,459241,146369,59769,48187,1.355820889992219,0.2476767614465758
8551,0.8619,14,81,14,459322,146288,59783,48173,1.3550705843121271,0.24772576506343175
8552,0.862,44,169,44,459491,146119,59827,48129,1.3535051317203306,0.24777089081998271
8553,0.8621,34,132,34,459623,145987,59861,48095,1.3522824113527734,0.24780762770375409
8554,0.8622,65,351,65,459974,145636,59926,48030,1.3490310867390418,0.24800429605609658
8555,0.8623,56,305,56,460279,145331,59982,47974,1.3462058616473378,0.2481777501875275
8556,0.8624,51,239,51,460518,145092,60033,47923,1.3439919967394123,0.24828640261119603
8557,0.8625,57,364,57,460882,144728,60090,47866,1.3406202526955426,0.24853318379596456
8558,0.8626,42,207,42,461089,144521,60132,47824,1.338702804846419,0.24863656450648575
8559,0.8627,44,184,44,461273,144337,60176,47780,1.336998406758309,0.24870261351155806
8560,0.8628,47,165,47,461438,144172,60223,47733,1.3354700062988625,0.24873244574138245
8561,0.8629,59,251,59,461689,143921,60282,47674,1.3331449849938863,0.24882695268665675
8562,0.863,64,266,64,461955,143655,60346,47610,1.330681018192597,0.2489216532036703
8563,0.8631,49,179,49,462134,143476,60395,47561,1.3290229352699248,0.2489622429162937
8564,0.8632,25,141,25,462275,143335,60420,47536,1.3277168476045798,0.24904778620115156
8565,0.8633,36,115,36,462390,143220,60456,47500,1.326651598799511,0.24905620805369127
8566,0.8634,56,252,56,462642,142968,60512,47444,1.3243173144614473,0.2491649685944163
8567,0.8635,39,133,39,462775,142835,60551,47405,1.3230853310608026,0.24918523969722456
8568,0.8636,44,170,44,462945,142665,60595,47361,1.3215106154359184,0.24923431530422152
8569,0.8637,45,156,45,463101,142509,60640,47316,1.32006558227426,0.24926116159620704
8570,0.8638,41,242,41,463343,142267,60681,47275,1.3178239282670718,0.24941701575376435
8571,0.8639,30,166,30,463509,142101,60711,47245,1.3162862647745377,0.2495167576817044
8572,0.864,34,155,34,463664,141946,60745,47211,1.314850494645967,0.24958632247286647
8573,0.8641,31,159,31,463823,141787,60776,47180,1.3133776723850457,0.24967322336704292
8574,0.8642,46,205,46,464028,141582,60822,47134,1.311478750602097,0.24976154645075138
8575,0.8643,40,152,40,464180,141430,60862,47094,1.310070769572789,0.249803738516051
8576,0.8644,35,140,35,464320,141290,60897,47059,1.3087739449405313,0.24985001247683822
8577,0.8645,58,262,58,464582,141028,60955,47001,1.306347030271592,0.24996676044652685
8578,0.8646,71,266,71,464848,140762,61026,46930,1.3038830634703027,0.2500372951431068
8579,0.8647,35,112,35,464960,140650,61061,46895,1.3028456037644967,0.250046655469354
8580,0.8648,27,139,27,465099,140511,61088,46868,1.3015580421653266,0.2501240800730071
8581,0.8649,31,160,31,465259,140351,61119,46837,1.300075956871318,0.2502136889116824
8582,0.865,32,167,32,465426,140184,61151,46805,1.2985290303456964,0.25030884169657036
8583,0.8651,49,263,49,465689,139921,61200,46756,1.2960928526436697,0.2504647064180376
8584,0.8652,23,68,23,465757,139853,61223,46733,1.295462966393716,0.250463593195631
8585,0.8653,40,192,40,465949,139661,61263,46693,1.2936844640409055,0.2505607607027485
8586,0.8654,45,163,45,466112,139498,61308,46648,1.2921745896476342,0.25059899218892695
8587,0.8655,40,191,40,466303,139307,61348,46608,1.2904053503279114,0.25069521017669366
8588,0.8656,26,87,26,466390,139220,61374,46582,1.2895994664492942,0.2507077426507788
8589,0.8657,38,150,38,466540,139070,61412,46544,1.288210011486161,0.2507569472130335
8590,0.8658,25,111,25,466651,138959,61437,46519,1.2871818148134424,0.2508060255124597
8591,0.8659,36,150,36,466801,138809,61473,46483,1.2857923598503094,0.25086350193208556
8592,0.866,24,125,24,466926,138684,61497,46459,1.284634480714365,0.2509357631668494
8593,0.8661,58,250,58,467176,138434,61555,46401,1.2823187224424766,0.2510401168609841
8594,0.8662,33,135,33,467311,138299,61588,46368,1.2810682129756568,0.25108979947689625
8595,0.8663,31,208,31,467519,138091,61619,46337,1.2791415020934456,0.2512470991389594
8596,0.8664,52,220,52,467739,137871,61671,46285,1.2771036348141835,0.2513358239753253
8597,0.8665,36,111,36,467850,137760,61707,46249,1.276075438141465,0.2513409670179176
8598,0.8666,35,132,35,467982,137628,61742,46214,1.274852717773908,0.25137890144798253
8599,0.8667,45,156,45,468138,137472,61787,46169,1.2734076846122495,0.2514089990797262
8600,0.8668,50,208,50,468346,137264,61837,46119,1.271480973730038,0.251490050877126
8601,0.8669,25,100,25,468446,137164,61862,46094,1.2705546704212827,0.2515251721616519
8602,0.867,37,121,37,468567,137043,61899,46057,1.2694338434176886,0.2515401419989077
8603,0.8671,18,97,18,468664,136946,61917,46039,1.268535329208196,0.2515998579118507
8604,0.8672,22,107,22,468771,136839,61939,46017,1.2675441846678277,0.25165704160651003
8605,0.8673,47,137,47,468908,136702,61986,45970,1.2662751491348327,0.2516532364018569
8606,0.8674,53,193,53,469101,136509,62039,45917,1.2644873837489348,0.2517020600133753
8607,0.8675,36,227,36,469328,136282,62075,45881,1.2623846752380599,0.2518678326553691
8608,0.8676,65,328,65,469656,135954,62140,45816,1.259346400385342,0.25205479452054796
8609,0.8677,42,185,42,469841,135769,62182,45774,1.2576327392641447,0.2521386117889426
8610,0.8678,49,208,49,470049,135561,62231,45725,1.2557060283819335,0.2522257648136094
8611,0.8679,40,160,40,470209,135401,62271,45685,1.2542239430879247,0.25228344543476583
8612,0.868,38,112,38,470321,135289,62309,45647,1.2531864833821187,0.2522825750541628
8613,0.8681,28,145,28,470466,135144,62337,45619,1.2518433435844232,0.25236912421236646
8614,0.8682,42,208,42,470674,134936,62379,45577,1.249916632702212,0.25248597053951793
8615,0.8683,33,161,33,470835,134775,62412,45544,1.2484252843751158,0.252574603896428
8616,0.8684,35,181,35,471016,134594,62447,45509,1.2467486753862684,0.2526831868430842
8617,0.8685,39,125,39,471141,134469,62486,45470,1.2455907962503243,0.25269674723100605
8618,0.8686,42,138,42,471279,134331,62528,45428,1.2443124976842417,0.2527161366051213
8619,0.8687,43,156,43,471435,134175,62571,45385,1.2428674645225832,0.25275673869458676
8620,0.8688,42,164,42,471599,134011,62613,45343,1.2413483270962244,0.2528128728659523
8621,0.8689,43,193,43,471792,133818,62656,45300,1.2395605617103265,0.2529059056041269
8622,0.869,42,194,42,471986,133624,62698,45258,1.2377635332913408,0.2530047740968907
8623,0.8691,39,156,39,472142,133468,62737,45219,1.2363185001296824,0.25306261787371215
8624,0.8692,35,142,35,472284,133326,62772,45184,1.2350031494312497,0.2531174724105092
8625,0.8693,17,117,17,472401,133209,62789,45167,1.2339193745600059,0.2532123155581468
8626,0.8694,20,90,20,472491,133119,62809,45147,1.2330857015821262,0.25325636969472587
8627,0.8695,22,90,22,472581,133029,62831,45125,1.2322520286042462,0.25329209560268084
8628,0.8696,53,241,53,472822,132788,62884,45072,1.2300196376301455,0.253412796581581
8629,0.8697,37,153,37,472975,132635,62921,45035,1.22860239356775,0.25347554454888277
8630,0.8698,66,290,66,473265,132345,62987,44969,1.2259161139723591,0.2536122359204575
8631,0.8699,66,227,66,473492,132118,63053,44903,1.2238134054614842,0.25365917038091523
8632,0.87,53,287,53,473779,131831,63106,44850,1.2211549149653562,0.25384732936761734
8633,0.8701,14,74,14,473853,131757,63120,44836,1.2204694505168772,0.25389454848153664
8634,0.8702,29,176,29,474029,131581,63149,44807,1.2188391566934678,0.25402521713495246
8635,0.8703,62,311,62,474340,131270,63211,44745,1.2159583534032383,0.2542112888106127
8636,0.8704,40,174,40,474514,131096,63251,44705,1.2143465856460038,0.25429320652328485
8637,0.8705,31,213,31,474727,130883,63282,44674,1.212373559598355,0.2544700581577493
8638,0.8706,34,110,34,474837,130773,63316,44640,1.211354625958724,0.2544851293803766
8639,0.8707,61,228,61,475065,130545,63377,44579,1.2092426544147616,0.2545567712021196
8640,0.8708,36,190,36,475255,130355,63413,44543,1.2074826781281263,0.2546798705531224
8641,0.8709,25,117,25,475372,130238,63438,44518,1.2063989032568825,0.25474375700977364
8642,0.871,33,168,33,475540,130070,63471,44485,1.2048427136981734,0.2548480421643608
8643,0.8711,56,195,56,475735,129875,63527,44429,1.2030364222461003,0.2548937488525794
8644,0.8712,39,132,39,475867,129743,63566,44390,1.201813701878543,0.2549200898164047
8645,0.8713,32,146,32,476013,129597,63598,44358,1.20046129904776,0.2549969819780978
8646,0.8714,23,110,23,476123,129487,63621,44335,1.1994423654081292,0.2550597737915799
8647,0.8715,20,145,20,476268,129342,63641,44315,1.198099225610434,0.2551869489856441
8648,0.8716,30,147,30,476415,129195,63671,44285,1.1967375597465635,0.25527438321420337
8649,0.8717,38,164,38,476579,129031,63709,44247,1.1952184223202045,0.255352670275511
8650,0.8718,58,197,58,476776,128834,63767,44189,1.1933936048019564,0.2553937915768424
8651,0.8719,52,305,52,477081,128529,63819,44137,1.1905683797102524,0.2556206780721161
8652,0.872,41,154,41,477235,128375,63860,44096,1.189141872614769,0.255671968041004
8653,0.8721,36,148,36,477383,128227,63896,44060,1.187770943717811,0.25573606830463125
8654,0.8722,43,131,43,477514,128096,63939,44017,1.1865574863833415,0.2557447723298066
8655,0.8723,36,136,36,477650,127960,63975,43981,1.185297713883434,0.2557912307128608
8656,0.8724,44,183,44,477833,127777,64019,43937,1.1836025788284115,0.2558731378920764
8657,0.8725,20,128,20,477961,127649,64039,43917,1.1824169105932045,0.2559772915379504
8658,0.8726,30,113,30,478074,127536,64069,43887,1.181370187854311,0.2560158205141667
8659,0.8727,32,171,32,478245,127365,64101,43855,1.1797862091963391,0.2561324611610793
8660,0.8728,52,140,52,478385,127225,64153,43803,1.1784893845640816,0.25611595762097433
8661,0.8729,33,144,33,478529,127081,64186,43770,1.1771555077994738,0.2561881405435145
8662,0.873,8,99,8,478628,126982,64194,43762,1.176238467523806,0.256301831982383
8663,0.8731,38,145,38,478773,126837,64232,43724,1.1748953277261107,0.25635403169540516
8664,0.8732,56,221,56,478994,126616,64288,43668,1.1728481974137612,0.2564421789481102
8665,0.8733,37,218,37,479212,126398,64325,43631,1.1708288562006743,0.2566091666715678
8666,0.8734,50,152,50,479364,126246,64375,43581,1.1694208751713662,0.25661997208924375
8667,0.8735,29,114,29,479478,126132,64404,43552,1.168364889399385,0.2566653308502864
8668,0.8736,36,145,36,479623,125987,64440,43516,1.1670217496016895,0.2567270195807744
8669,0.8737,61,227,61,479850,125760,64501,43455,1.1649190410908148,0.2568034748692492
8670,0.8738,47,188,47,480038,125572,64548,43408,1.1631775908703545,0.2568824712983785
8671,0.8739,69,273,69,480311,125299,64617,43339,1.1606487828374523,0.25699427175369727
8672,0.874,24,108,24,480419,125191,64641,43315,1.1596483752639963,0.25705316131176337
8673,0.8741,57,237,57,480656,124954,64698,43258,1.1574530364222462,0.2571635792927972
8674,0.8742,43,93,43,480749,124861,64741,43215,1.1565915743451036,0.2571158285537495
8675,0.8743,37,120,37,480869,124741,64778,43178,1.155480010374597,0.2571358809902393
8676,0.8744,38,181,38,481050,124560,64816,43140,1.1538034013857497,0.25724508050089445
8677,0.8745,52,200,52,481250,124360,64868,43088,1.1519507947682388,0.2573216759829917
8678,0.8746,18,90,18,481340,124270,64886,43070,1.151117121790359,0.2573801840564121
8679,0.8747,24,110,24,481450,124160,64910,43046,1.1500981881507282,0.2574429147279404
8680,0.8748,94,331,94,481781,123829,65004,42952,1.1470321241987476,0.25753533076309654
8681,0.8749,32,139,32,481920,123690,65036,42920,1.1457445625995777,0.257607586579437
8682,0.875,37,104,37,482024,123586,65073,42883,1.144781207158472,0.2576035177720777
8683,0.8751,43,197,43,482221,123389,65116,42840,1.1429563896402237,0.2577167642228492
8684,0.8752,37,152,37,482373,123237,65153,42803,1.1415484086109156,0.2577872801734522
8685,0.8753,37,191,37,482564,123046,65190,42766,1.1397791692911927,0.25791860661472027
8686,0.8754,22,118,22,482682,122928,65212,42744,1.1386861313868613,0.2580037664783427
8687,0.8755,22,156,22,482838,122772,65234,42722,1.1372410982252028,0.2581483316615708
8688,0.8756,35,166,35,483004,122606,65269,42687,1.1357034347326689,0.25825050062616084
8689,0.8757,34,183,34,483187,122423,65303,42653,1.1340082996776464,0.25838401705880926
8690,0.8758,71,217,71,483404,122206,65374,42582,1.1319982214976472,0.2584047382090929
8691,0.8759,47,222,47,483626,121984,65421,42535,1.1299418281522102,0.2585415666275628
8692,0.876,40,168,40,483794,121816,65461,42495,1.1283856385935012,0.25862541156708924
8693,0.8761,34,145,34,483939,121671,65495,42461,1.1270424987958056,0.2587003143811079
8694,0.8762,44,131,44,484070,121540,65539,42417,1.125829041461336,0.25870807589794886
8695,0.8763,38,144,38,484214,121396,65577,42379,1.1244951646967283,0.25876354754999237
8696,0.8764,40,202,40,484416,121194,65617,42339,1.1226240320130423,0.2589018730164554
8697,0.8765,44,191,44,484607,121003,65661,42295,1.1208547926933194,0.2590050092468983
8698,0.8766,40,191,40,484798,120812,65701,42255,1.1190855533735966,0.2591266166667689
8699,0.8767,55,219,55,485017,120593,65756,42200,1.1170569491274223,0.25922490524776864
8700,0.8768,33,93,33,485110,120500,65789,42167,1.1161954870502797,0.25922282946141506
8701,0.8769,41,191,41,485301,120309,65830,42126,1.1144262477305569,0.25934065934065936
8702,0.877,35,203,35,485504,120106,65865,42091,1.1125458520137834,0.25950541625307494
8703,0.8771,32,141,32,485645,119965,65897,42059,1.1112397643484382,0.259584999753123
8704,0.8772,33,189,33,485834,119776,65930,42026,1.1094890510948905,0.25973720967602376
8705,0.8773,50,190,50,486024,119586,65980,41976,1.107729074808255,0.2598135700226538
8706,0.8774,44,197,44,486221,119389,66024,41932,1.105904257290007,0.2599289615115205
8707,0.8775,29,171,29,486392,119218,66053,41903,1.1043202786320352,0.2600716231900249
8708,0.8776,45,238,45,486630,118980,66098,41858,1.1021156767571973,0.26024944353946206
8709,0.8777,58,172,58,486802,118808,66156,41800,1.100522435066138,0.260261008168958
8710,0.8778,44,191,44,486993,118617,66200,41756,1.0987531957464152,0.26036801706022833
8711,0.8779,51,224,51,487217,118393,66251,41705,1.096678276334803,0.26049669577383855
8712,0.878,49,213,49,487430,118180,66300,41656,1.094705250287154,0.2606171325608749
8713,0.8781,45,221,45,487651,117959,66345,41611,1.0926581199748044,0.2607695682145767
8714,0.8782,47,218,47,487869,117741,66392,41564,1.0906387787617178,0.2609083205172468
8715,0.8783,28,121,28,487990,117620,66420,41536,1.0895179517581237,0.2609766518384478
8716,0.8784,50,185,50,488175,117435,66470,41486,1.087804290636926,0.26104794205926213
8717,0.8785,38,209,38,488384,117226,66508,41448,1.0858683167216274,0.2612148178025385
8718,0.8786,29,108,29,488492,117118,66537,41419,1.0848679091481714,0.26125762440313616
8719,0.8787,18,73,18,488565,117045,66555,41401,1.08419170773278,0.26129406864168236
8720,0.8788,40,217,40,488782,116828,66595,41361,1.0821816295527809,0.2614657150623621
8721,0.8789,49,164,49,488946,116664,66644,41312,1.0806624921264218,0.26150807717627994
8722,0.879,38,172,38,489118,116492,66682,41274,1.0790692504353625,0.26161530367759844
8723,0.8791,66,207,66,489325,116285,66748,41208,1.0771518025862388,0.26164972411472254
8724,0.8792,36,183,36,489508,116102,66784,41172,1.0754566675312165,0.26178516474433156
8725,0.8793,56,214,56,489722,115888,66840,41116,1.0734743784504799,0.26187867825023564
8726,0.8794,27,107,27,489829,115781,66867,41089,1.0724832339101116,0.26193026072544145
8727,0.8795,29,149,29,489978,115632,66896,41060,1.071103041980066,0.26204273351543156
8728,0.8796,49,207,49,490185,115425,66945,41011,1.0691855941309423,0.26215832672786316
8729,0.8797,36,185,36,490370,115240,66981,40975,1.0674719330097446,0.26229875492110233
8730,0.8798,37,134,37,490504,115106,67018,40938,1.0662306865760125,0.26234908102842786
8731,0.8799,24,99,24,490603,115007,67042,40914,1.0653136463003445,0.2624021138910089
8732,0.88,43,174,43,490777,114833,67085,40871,1.06370187854311,0.26249165082464165
8733,0.8801,28,186,28,490963,114647,67113,40843,1.0619789543888252,0.26267284069715097
8734,0.8802,54,193,54,491156,114454,67167,40789,1.0601911890029272,0.26274292560695167
8735,0.8803,32,128,32,491284,114326,67199,40757,1.0590055207677203,0.26280765783483684
8736,0.8804,44,240,44,491524,114086,67243,40713,1.0567823928267073,0.2630055749714145
8737,0.8805,42,199,42,491723,113887,67285,40671,1.0549390492422839,0.26314393302190764
8738,0.8806,52,168,52,491891,113719,67337,40619,1.0533828596835748,0.26318210680454585
8739,0.8807,49,204,49,492095,113515,67386,40570,1.0514932009337137,0.26329623259889023
8740,0.8808,40,175,40,492270,113340,67426,40530,1.0498721701433917,0.2634041723532852
8741,0.8809,37,157,37,492427,113183,67463,40493,1.0484178739486458,0.26349592649470316
8742,0.881,83,282,83,492709,112901,67546,40410,1.0458056986179554,0.26358186953317114
8743,0.8811,45,123,45,492832,112778,67591,40365,1.0446663455481864,0.2635771794988997
8744,0.8812,34,144,34,492976,112634,67625,40331,1.0433324687835785,0.2636616219396594
8745,0.8813,16,130,16,493106,112504,67641,40315,1.0421282744821965,0.26380881958395225
8746,0.8814,49,262,49,493368,112242,67690,40266,1.0397013598132572,0.26402549374459044
8747,0.8815,44,214,44,493582,112028,67734,40222,1.0377190707325206,0.264183908045977
8748,0.8816,30,115,30,493697,111913,67764,40192,1.036653821927452,0.2642385194438053
8749,0.8817,46,218,46,493915,111695,67810,40146,1.034634480714365,0.2643949921299254
8750,0.8818,47,169,47,494084,111526,67857,40099,1.0330690281225685,0.2644616652926628
8751,0.8819,28,139,28,494223,111387,67885,40071,1.0317814665233984,0.2645683951986689
8752,0.882,50,213,50,494436,111174,67935,40021,1.0298084404757495,0.2646979066768081
8753,0.8821,44,205,44,494641,110969,67979,39977,1.0279095186928007,0.2648430564572761
8754,0.8822,46,190,46,494831,110779,68025,39931,1.0261495424061655,0.2649525578926415
8755,0.8823,36,175,36,495006,110604,68061,39895,1.0245285116158436,0.2650848178393212
8756,0.8824,27,124,27,495130,110480,68088,39868,1.0233798955129867,0.26517146885891396
8757,0.8825,42,167,42,495297,110313,68130,39826,1.0218329689873653,0.2652608582713352
8758,0.8826,31,134,31,495431,110179,68161,39795,1.020591722553633,0.2653459933055063
8759,0.8827,25,82,25,495513,110097,68186,39770,1.0198321538404536,0.2653686268491396
8760,0.8828,34,155,34,495668,109942,68220,39736,1.0183963837118826,0.26547655634094525
8761,0.8829,46,247,46,495915,109695,68266,39690,1.0161084145392567,0.2656893262375741
8762,0.883,55,222,55,496137,109473,68321,39635,1.0140520211938198,0.2658140408294659
8763,0.8831,32,142,32,496279,109331,68353,39603,1.012736670495387,0.2659097318275209
8764,0.8832,71,257,71,496536,109074,68424,39532,1.0103560709918855,0.2660188686863249
8765,0.8833,54,208,54,496744,108866,68478,39478,1.0084293601096743,0.2661246831688508
8766,0.8834,60,239,60,496983,108627,68538,39418,1.0062154952017488,0.26625688135364245
8767,0.8835,31,177,31,497160,108450,68569,39387,1.0045759383452517,0.2664218023904706
8768,0.8836,50,234,50,497394,108216,68619,39337,1.0024083886027642,0.2665957317031846
8769,0.8837,47,208,47,497602,108008,68666,39290,1.0004816777205527,0.26673817702888025
8770,0.8838,84,253,84,497855,107755,68750,39206,0.9981381303494016,0.26677826089915013
8771,0.8839,34,117,34,497972,107638,68784,39172,0.9970543554781578,0.26682106123561067
8772,0.884,46,194,46,498166,107444,68830,39126,0.9952573270591722,0.2669441222624002
8773,0.8841,46,189,46,498355,107255,68876,39080,0.9935066138056245,0.2670584617487272
8774,0.8842,34,136,34,498491,107119,68910,39046,0.9922468413057172,0.26713645537577396
8775,0.8843,29,141,29,498632,106978,68939,39017,0.990940753640372,0.2672488783862461
8776,0.8844,17,121,17,498753,106857,68956,39000,0.989819926636778,0.2673851786338674
8777,0.8845,37,165,37,498918,106692,68993,38963,0.9882915261773315,0.26750197384229857
8778,0.8846,54,172,54,499090,106520,69047,38909,0.9866982844862722,0.267546362829972
8779,0.8847,91,360,91,499450,106160,69138,38818,0.9833635925747527,0.267750969112555
8780,0.8848,38,187,38,499637,105973,69176,38780,0.98163140538738,0.2679046375550075
8781,0.8849,72,253,72,499890,105720,69248,38708,0.9792878580162289,0.2680089733292713
8782,0.885,47,213,47,500103,105507,69295,38661,0.9773148319685798,0.26816630597636093
8783,0.8851,55,227,55,500330,105280,69350,38606,0.975212123457705,0.2683096340158181
8784,0.8852,22,68,22,500398,105212,69372,38584,0.9745822372077513,0.2683245709199143
8785,0.8853,35,145,35,500543,105067,69407,38549,0.973239097410056,0.2684171680035651
8786,0.8854,44,190,44,500733,104877,69451,38505,0.9714791211234206,0.2685483533497929
8787,0.8855,73,235,73,500968,104642,69524,38432,0.9693023083478454,0.2686162405468499
8788,0.8856,41,161,41,501129,104481,69565,38391,0.9678109600207492,0.2687090542583571
8789,0.8857,61,221,61,501350,104260,69626,38330,0.9657638297083997,0.26881267971105965
8790,0.8858,39,149,39,501499,104111,69665,38291,0.9643836377783541,0.26889369531326807
8791,0.8859,43,164,43,501663,103947,69708,38248,0.9628645003519952,0.2689827349766166
8792,0.886,45,196,45,501859,103751,69753,38203,0.9610489458668346,0.26912239176071123
8793,0.8861,62,190,62,502049,103561,69815,38141,0.9592889695801994,0.26916345570281297
8794,0.8862,64,223,64,502272,103338,69879,38077,0.9572233132016748,0.26925715093872643
8795,0.8863,31,111,31,502383,103227,69910,38046,0.9561951165289563,0.26930836040857065
8796,0.8864,48,162,48,502545,103065,69958,37998,0.9546945051687724,0.2693690053380404
8797,0.8865,87,204,87,502749,102861,70045,37911,0.9528048464189114,0.26930781689540534
8798,0.8866,77,214,77,502963,102647,70122,37834,0.9508225573381748,0.2693175589581509
8799,0.8867,44,150,44,503113,102497,70166,37790,0.9494331023750416,0.26937634991125337
8800,0.8868,38,113,38,503226,102384,70204,37752,0.948386379636148,0.2693954444254153
8801,0.8869,53,225,53,503451,102159,70257,37699,0.9463021971914484,0.26955197414520443
8802,0.887,26,78,26,503529,102081,70283,37673,0.9455796806106191,0.26956652403509024
8803,0.8871,32,138,32,503667,101943,70315,37641,0.9443013820445366,0.26966557771664373
8804,0.8872,41,199,41,503866,101744,70356,37600,0.9424580384601133,0.26983580204386265
8805,0.8873,23,73,23,503939,101671,70379,37577,0.941781837044722,0.2698566586234632
8806,0.8874,70,311,70,504250,101360,70449,37507,0.9389010337544925,0.2700929666515443
8807,0.8875,62,262,62,504512,101098,70511,37445,0.9364741190855533,0.27027709808507105
8808,0.8876,27,90,27,504602,101008,70538,37418,0.9356404461076735,0.27031049080375075
8809,0.8877,41,156,41,504758,100852,70579,37377,0.934195412946015,0.2703991203003711
8810,0.8878,41,171,41,504929,100681,70620,37336,0.9326114342880433,0.270517400030431
8811,0.8879,24,99,24,505028,100582,70644,37312,0.9316943940123754,0.2705846519790564
8812,0.888,46,187,46,505215,100395,70690,37266,0.9299622068250027,0.27070847952579163
8813,0.8881,60,144,60,505359,100251,70750,37206,0.928628330060395,0.2706737379689648
8814,0.8882,40,129,40,505488,100122,70790,37166,0.9274333987921005,0.2707155760153837
8815,0.8883,52,213,52,505701,99909,70842,37114,0.9254603727444515,0.2708596367033272
8816,0.8884,55,202,55,505903,99707,70897,37059,0.9235892400607655,0.27096646827427867
8817,0.8885,22,125,22,506028,99582,70919,37037,0.9224313609248213,0.27109699236562995
8818,0.8886,39,142,39,506170,99440,70958,36998,0.9211160102263886,0.27117078819683665
8819,0.8887,50,224,50,506394,99216,71008,36948,0.9190410908147764,0.2713492553097735
8820,0.8888,24,92,24,506486,99124,71032,36924,0.9181888917707214,0.27140421027872513
8821,0.8889,35,161,35,506647,98963,71067,36889,0.9166975434436252,0.2715381444513147
8822,0.889,22,124,22,506771,98839,71089,36867,0.9155489273407684,0.2716681650037581
8823,0.8891,82,281,82,507052,98558,71171,36785,0.9129460150431657,0.2717909311896441
8824,0.8892,46,200,46,507252,98358,71217,36739,0.9110934084256549,0.27194534297578776
8825,0.8893,26,125,26,507377,98233,71243,36713,0.9099355292897107,0.27205697093652276
8826,0.8894,47,228,47,507605,98005,71290,36666,0.9078235577457483,0.2722635162729912
8827,0.8895,36,124,36,507729,97881,71326,36630,0.9066749416428915,0.2723197359323773
8828,0.8896,47,224,47,507953,97657,71373,36583,0.9046000222312794,0.27251936829559
8829,0.8897,48,155,48,508108,97502,71421,36535,0.9031642521027086,0.27257399076374433
8830,0.8898,47,145,47,508253,97357,71468,36488,0.9018211123050132,0.2726138443722216
8831,0.8899,55,209,55,508462,97148,71523,36433,0.8998851383897143,0.272740883808326
8832,0.89,39,161,39,508623,96987,71562,36394,0.8983937900626181,0.2728574534603879
8833,0.8901,34,95,34,508718,96892,71596,36360,0.8975138019193004,0.2728664485336055
8834,0.8902,81,245,81,508963,96647,71677,36279,0.8952443588128497,0.272926289815386
8835,0.8903,35,154,35,509117,96493,71712,36244,0.8938178517173664,0.2730512215885548
8836,0.8904,15,111,15,509228,96382,71727,36229,0.8927896550446478,0.27319754771474464
8837,0.8905,44,191,44,509419,96191,71771,36185,0.891020415724925,0.27335015410648456
8838,0.8906,43,184,43,509603,96007,71814,36142,0.889316017636815,0.2734943132373306
8839,0.8907,14,62,14,509665,95945,71828,36128,0.8887417095853867,0.273545690640782
8840,0.8908,45,203,45,509868,95742,71873,36083,0.8868613138686131,0.2737189455717808
8841,0.8909,49,179,49,510047,95563,71922,36034,0.8852032309459409,0.27382083178187955
8842,0.891,65,200,65,510247,95363,71987,35969,0.8833506243284301,0.27387841500928944
8843,0.8911,34,155,34,510402,95208,72021,35935,0.8819148541998592,0.274013862729997
8844,0.8912,87,258,87,510660,94950,72108,35848,0.8795249916632703,0.2740714689827062
8845,0.8913,40,172,40,510832,94778,72148,35808,0.8779317499722109,0.27421009909178623
8846,0.8914,49,191,49,511023,94587,72197,35759,0.8761625106524881,0.27433906679146275
8847,0.8915,36,142,36,511165,94445,72233,35723,0.8748471599540554,0.274437649806404
8848,0.8916,61,270,61,511435,94175,72294,35662,0.8723461410204157,0.27466746767100286
8849,0.8917,50,162,50,511597,94013,72344,35612,0.870845529660232,0.27473095467695274
8850,0.8918,40,132,40,511729,93881,72384,35572,0.8696228092926748,0.27478698832781007
8851,0.8919,42,128,42,511857,93753,72426,35530,0.8684371410574678,0.2748234493320854
8852,0.892,47,113,47,511970,93640,72473,35483,0.8673904183185742,0.27479999690217854
8853,0.8921,29,90,29,512060,93550,72502,35454,0.8665567453406944,0.2748286874825587
8854,0.8922,48,169,48,512229,93381,72550,35406,0.8649912927488977,0.2749190523888281
8855,0.8923,57,243,57,512472,93138,72607,35349,0.862740375708622,0.2751173270447594
8856,0.8924,26,73,26,512545,93065,72633,35323,0.8620641742932306,0.27512695890581673
8857,0.8925,40,161,40,512706,92904,72673,35283,0.8605728259661344,0.2752463198296239
8858,0.8926,50,159,50,512865,92745,72723,35233,0.8591000037052132,0.2753051305693166
8859,0.8927,62,161,62,513026,92584,72785,35171,0.857608655378117,0.27530037963289106
8860,0.8928,42,189,42,513215,92395,72827,35129,0.8558579421245692,0.2754697155045325
8861,0.8929,40,133,40,513348,92262,72867,35089,0.8546259587239246,0.2755298348658432
8862,0.893,29,121,29,513469,92141,72896,35060,0.8535051317203305,0.27562676394053504
8863,0.8931,45,138,45,513607,92003,72941,35015,0.8522268331542481,0.275669590136831
8864,0.8932,35,128,35,513735,91875,72976,34980,0.8510411649190411,0.27574790114697884
8865,0.8933,70,244,70,513979,91631,73046,34910,0.8487809848456779,0.27587896413020285
8866,0.8934,30,94,30,514073,91537,73076,34880,0.8479102597354478,0.27591225863610114
8867,0.8935,65,295,65,514368,91242,73141,34815,0.8451776649746193,0.2761845831647588
8868,0.8936,50,229,50,514597,91013,73191,34765,0.8430564303975694,0.27639968833977324
8869,0.8937,53,198,53,514795,90815,73244,34712,0.8412223498462337,0.2765301488922702
8870,0.8938,42,167,42,514962,90648,73286,34670,0.8396754233206121,0.27665618666113406
8871,0.8939,82,248,82,515210,90400,73368,34588,0.8373781911148986,0.2767305661343489
8872,0.894,44,194,44,515404,90206,73412,34544,0.8355811626959132,0.2769058116232465
8873,0.8941,51,184,51,515588,90022,73463,34493,0.8338767646078031,0.2770188330723206
8874,0.8942,46,187,46,515775,89835,73509,34447,0.8321445774204306,0.27716805329814453
8875,0.8943,41,125,41,515900,89710,73550,34406,0.8309866982844862,0.2772084179316124
8876,0.8944,42,157,42,516057,89553,73592,34364,0.8295324020897402,0.27731465416367407
8877,0.8945,47,163,47,516220,89390,73639,34317,0.8280225276964689,0.27740548230900436
8878,0.8946,45,150,45,516370,89240,73684,34272,0.8266330727333357,0.2774791113414081
8879,0.8947,35,142,35,516512,89098,73719,34237,0.8253177220349031,0.2775935460331617
8880,0.8948,29,166,29,516678,88932,73748,34208,0.8237800585423691,0.2777976287152834
8881,0.8949,42,133,42,516811,88799,73790,34166,0.8225480751417245,0.2778514211360956
8882,0.895,42,153,42,516964,88646,73832,34124,0.8211308310793286,0.27795063940702125
8883,0.8951,64,184,64,517148,88462,73896,34060,0.8194264329912186,0.2779908914317429
8884,0.8952,72,267,72,517415,88195,73968,33988,0.8169532031568417,0.2781729045775599
8885,0.8953,33,132,33,517547,88063,74001,33955,0.8157304827892845,0.27827861463062825
8886,0.8954,40,132,40,517679,87931,74041,33915,0.8145077624217274,0.2783431544736799
8887,0.8955,66,206,66,517885,87725,74107,33849,0.8125995776056912,0.2784230180795236
8888,0.8956,54,238,54,518123,87487,74161,33795,0.8103949757308533,0.2786481093649511
8889,0.8957,70,277,70,518400,87210,74231,33725,0.8078291155656008,0.2788688138256088
8890,0.8958,23,97,23,518497,87113,74254,33702,0.8069306013561081,0.27895542772006787
8891,0.8959,30,153,30,518650,86960,74284,33672,0.8055133572937122,0.27912991577690827
8892,0.896,57,199,57,518849,86761,74341,33615,0.8036700137092889,0.2792500166146076
8893,0.8961,28,112,28,518961,86649,74369,33587,0.8026325540034829,0.2793422934894707
8894,0.8962,60,209,60,519170,86440,74429,33527,0.8006965800881841,0.27946852050980686
8895,0.8963,33,165,33,519335,86275,74462,33494,0.7991681796287377,0.27965500254656883
8896,0.8964,63,160,63,519495,86115,74525,33431,0.7976860943347289,0.27964967460224516
8897,0.8965,51,155,51,519650,85960,74576,33380,0.796250324206158,0.27970504441092675
8898,0.8966,42,145,42,519795,85815,74618,33338,0.7949071844084628,0.27979152853893735
8899,0.8967,45,207,45,520002,85608,74663,33293,0.792989736559339,0.28000605545790197
8900,0.8968,72,224,72,520226,85384,74735,33221,0.7909148171477268,0.2800978036339109
8901,0.8969,39,137,39,520363,85247,74774,33182,0.789645781614732,0.2801847520455294
8902,0.897,62,210,62,520573,85037,74836,33120,0.7877005446663455,0.2803050178999128
8903,0.8971,59,245,59,520818,84792,74895,33061,0.7854311015598948,0.28052743672201813
8904,0.8972,53,242,53,521060,84550,74948,33008,0.7831894475527067,0.2807805508770139
8905,0.8973,49,177,49,521237,84373,74997,32959,0.7815498906962096,0.2809037602700031
8906,0.8974,35,97,35,521334,84276,75032,32924,0.7806513764867168,0.28092150170648467
8907,0.8975,60,210,60,521544,84066,75092,32864,0.7787061395383305,0.2810570426751048
8908,0.8976,31,127,31,521671,83939,75123,32833,0.7775297343362111,0.2811718562669133
8909,0.8977,36,133,36,521804,83806,75159,32797,0.7762977509355663,0.2812706362615027
8910,0.8978,73,282,73,522086,83524,75232,32724,0.773685575604876,0.2815016172321244
8911,0.8979,62,231,62,522317,83293,75294,32662,0.7715458149616511,0.281678237247208
8912,0.898,61,259,61,522576,83034,75355,32601,0.7691466893919745,0.28193021144117264
8913,0.8981,49,172,49,522748,82862,75404,32552,0.7675534477009152,0.2820455057445371
8914,0.8982,76,235,76,522983,82627,75480,32476,0.7653766349253399,0.2821472941626196
8915,0.8983,39,117,39,523100,82510,75519,32437,0.7642928600540961,0.28219092277310415
8916,0.8984,58,207,58,523307,82303,75577,32379,0.7623754122049724,0.28233724560087897
8917,0.8985,20,85,20,523392,82218,75597,32359,0.7615880543925303,0.28242142838440526
8918,0.8986,36,118,36,523510,82100,75633,32323,0.760495016488199,0.28248691259624376
8919,0.8987,35,117,35,523627,81983,75668,32288,0.7594112416169551,0.2825563791338135
8920,0.8988,21,102,21,523729,81881,75689,32267,0.7584664122420245,0.2826768756351403
8921,0.8989,59,229,59,523958,81652,75748,32208,0.7563451776649747,0.2828737045494467
8922,0.899,75,244,75,524202,81408,75823,32133,0.7540849975916114,0.28300790022987293
8923,0.8991,60,162,60,524364,81246,75883,32073,0.7525843862314276,0.28303285415508433
8924,0.8992,62,212,62,524576,81034,75945,32011,0.7506206232168662,0.28317041885974614
8925,0.8993,65,198,65,524774,80836,76010,31946,0.7487865426655304,0.2832544200315653
8926,0.8994,64,261,64,525035,80575,76074,31882,0.7463688910296787,0.28350391705274014
8927,0.8995,39,106,39,525141,80469,76113,31843,0.745387009522398,0.2835226868010542
8928,0.8996,28,97,28,525238,80372,76141,31815,0.7444884953129053,0.2835890076390313
8929,0.8997,40,151,40,525389,80221,76181,31775,0.7430897773166846,0.2837154898389228
8930,0.8998,52,162,52,525551,80059,76233,31723,0.7415891659565008,0.28379345511799753
8931,0.8999,33,114,33,525665,79945,76266,31690,0.7405331801845196,0.28387154566220274
8932,0.9,58,193,58,525858,79752,76324,31632,0.7387454147986217,0.2839905192846369
8933,0.9001,32,135,32,525993,79617,76356,31600,0.7374949053318018,0.28412922484871916
8934,0.9002,68,231,68,526224,79386,76424,31532,0.7353551446885769,0.28428208225896606
8935,0.9003,66,226,66,526450,79160,76490,31466,0.7332616992107895,0.2844358469075986
8936,0.9004,29,125,29,526575,79035,76519,31437,0.7321038200748453,0.28456984575276995
8937,0.9005,35,153,35,526728,78882,76554,31402,0.7306865760124495,0.2847375865946103
8938,0.9006,67,213,67,526941,78669,76621,31335,0.7287135499648004,0.2848532780626159
8939,0.9007,58,199,58,527140,78470,76679,31277,0.7268702063803771,0.2849918448795867
8940,0.9008,71,213,71,527353,78257,76750,31206,0.7248971803327281,0.28508263066058853
8941,0.9009,93,296,93,527649,77961,76843,31113,0.7221553225388121,0.2852467132405523
8942,0.901,48,171,48,527820,77790,76891,31065,0.7205713438808403,0.2853796334573515
8943,0.9011,54,214,54,528034,77576,76945,31011,0.7185890548001037,0.2855866724377688
8944,0.9012,36,167,36,528201,77409,76981,30975,0.7170421282744822,0.2857894154118689
8945,0.9013,50,173,50,528374,77236,77031,30925,0.7154396235503353,0.28591636541821913
8946,0.9014,61,215,61,528589,77021,77092,30864,0.7134480714365111,0.28608240255827966
8947,0.9015,62,206,62,528795,76815,77154,30802,0.711539886620475,0.286218720090692
8948,0.9016,43,163,43,528958,76652,77197,30759,0.7100300122272036,0.2863673180586718
8949,0.9017,55,124,55,529082,76528,77252,30704,0.708881396124347,0.2863324380781856
8950,0.9018,42,137,42,529219,76391,77294,30662,0.707612360591352,0.28641887663120136
8951,0.9019,92,317,92,529536,76074,77386,30570,0.7046759791025974,0.28665466411612467
8952,0.902,57,214,57,529750,75860,77443,30513,0.7026936900218608,0.28684910644618467
8953,0.9021,33,121,33,529871,75739,77476,30480,0.7015728630182667,0.28695431137555427
8954,0.9022,84,255,84,530126,75484,77560,30396,0.6992107895809404,0.2870797128825085
8955,0.9023,49,131,49,530257,75353,77609,30347,0.6979973322464708,0.2871050141911069
8956,0.9024,42,140,42,530397,75213,77651,30305,0.6967005076142132,0.2872021835137133
8957,0.9025,44,169,44,530566,75044,77695,30261,0.6951350550224166,0.28736527230425907
8958,0.9026,41,148,41,530714,74896,77736,30220,0.6937641261254586,0.2874919136953461
8959,0.9027,63,236,63,530950,74660,77799,30157,0.6915780503167958,0.2877109629163208
8960,0.9028,34,132,34,531082,74528,77833,30123,0.6903553299492385,0.28784244775491874
8961,0.9029,69,197,69,531279,74331,77902,30054,0.6885305124309904,0.28791493030607845
8962,0.903,67,238,67,531517,74093,77969,29987,0.6863259105561526,0.2881149116064566
8963,0.9031,66,214,66,531731,73879,78035,29921,0.6843436214754159,0.2882562620423892
8964,0.9032,41,113,41,531844,73766,78076,29880,0.6832968987365223,0.28828898365590566
8965,0.9033,36,173,36,532017,73593,78112,29844,0.6816943940123754,0.2885234490559471
8966,0.9034,55,173,55,532190,73420,78167,29789,0.6800918892882285,0.28862792973480994
8967,0.9035,80,291,80,532481,73129,78247,29709,0.6773963466597502,0.2888912658744822
8968,0.9036,44,160,44,532641,72969,78291,29665,0.6759142613657416,0.28903677144026346
8969,0.9037,31,130,31,532771,72839,78322,29634,0.6747100670643595,0.289188371571048
8970,0.9038,42,152,42,532923,72687,78364,29592,0.6733020860350514,0.28932625465638107
8971,0.9039,35,124,35,533047,72563,78399,29557,0.6721534699321946,0.2894339992166079
8972,0.904,63,240,63,533287,72323,78462,29494,0.6699303419911816,0.2896765766031213
8973,0.9041,35,148,35,533435,72175,78497,29459,0.6685594130942236,0.28985378908632936
8974,0.9042,53,140,53,533575,72035,78550,29406,0.667262588461966,0.2898827890103607
8975,0.9043,39,193,39,533768,71842,78589,29367,0.665474823076068,0.290161942119772
8976,0.9044,58,210,58,533978,71632,78647,29309,0.6635295861276816,0.2903577337256417
8977,0.9045,31,169,31,534147,71463,78678,29278,0.661964133535885,0.29062645794661557
8978,0.9046,31,116,31,534263,71347,78709,29247,0.6608896216977287,0.2907429866592441
8979,0.9047,21,67,21,534330,71280,78730,29226,0.6602689984808626,0.29078860963524567
8980,0.9048,40,176,40,534506,71104,78770,29186,0.658638704657453,0.29101605344500947
8981,0.9049,40,130,40,534636,70974,78810,29146,0.657434510356071,0.29111066719936074
8982,0.905,50,151,50,534787,70823,78860,29096,0.6560357923598503,0.2911958686536094
8983,0.9051,66,224,66,535011,70599,78926,29030,0.6539608729482381,0.2913810235975469
8984,0.9052,38,114,38,535125,70485,78964,28992,0.6529048871762569,0.29144425344552005
8985,0.9053,62,161,62,535286,70324,79026,28930,0.6514135388491608,0.29147439901666433
8986,0.9054,92,240,92,535526,70084,79118,28838,0.6491904109081478,0.2915226137765108
8987,0.9055,48,142,48,535668,69942,79166,28790,0.6478750602097151,0.29159745573876755
8988,0.9056,30,117,30,535785,69825,79196,28760,0.6467912853384712,0.2917279504995689
8989,0.9057,36,106,36,535891,69719,79232,28724,0.6458094038311905,0.29178306227969486
8990,0.9058,60,185,60,536076,69534,79292,28664,0.6440957427099929,0.29190003869732584
8991,0.9059,72,238,72,536314,69296,79364,28592,0.6418911408351551,0.2920889179470415
8992,0.906,54,232,54,536546,69064,79418,28538,0.6397421171588424,0.29239154935349687
8993,0.9061,56,154,56,536700,68910,79474,28482,0.6383156100633591,0.29244701823558406
8994,0.9062,57,176,57,536876,68734,79531,28425,0.6366853162399496,0.29256167725069215
8995,0.9063,49,176,49,537052,68558,79580,28376,0.6350550224165401,0.292735263168754
8996,0.9064,55,162,55,537214,68396,79635,28321,0.6335544110563563,0.2928233919579805
8997,0.9065,57,142,57,537356,68254,79692,28264,0.6322390603579235,0.2928365693445782
8998,0.9066,59,175,59,537531,68079,79751,28205,0.6306180295676016,0.2929354825308462
8999,0.9067,42,98,42,537629,67981,79793,28163,0.6297102523250213,0.2929251955400233
9000,0.9068,60,230,60,537859,67751,79853,28103,0.6275797547148838,0.29318546956830177
9001,0.9069,79,257,79,538116,67494,79932,28024,0.6251991552113824,0.2933897275906112
9002,0.907,41,191,41,538307,67303,79973,27983,0.6234299158916595,0.2936737820876099
9003,0.9071,47,131,47,538438,67172,80020,27936,0.62221645855719,0.2937292341338268
9004,0.9072,55,184,55,538622,66988,80075,27881,0.62051206046908,0.29388946863569765
9005,0.9073,29,156,29,538778,66832,80104,27852,0.6190670273074216,0.2941574077985721
9006,0.9074,54,140,54,538918,66692,80158,27798,0.6177702026751639,0.29418986136099057
9007,0.9075,35,112,35,539030,66580,80193,27763,0.6167327429693579,0.29427726487391753
9008,0.9076,78,211,78,539241,66369,80271,27685,0.614778242987884,0.2943521806621728
9009,0.9077,37,131,37,539372,66238,80308,27648,0.6135647856534143,0.29448480071576166
9010,0.9078,66,183,66,539555,66055,80374,27582,0.6118696505983919,0.2945630466589062
9011,0.9079,52,172,52,539727,65883,80426,27530,0.6102764089073326,0.2947127273505829
9012,0.908,41,147,41,539874,65736,80467,27489,0.6089147430434622,0.2948672566371681
9013,0.9081,62,206,62,540080,65530,80529,27427,0.607006558227426,0.2950503996471487
9014,0.9082,58,205,58,540285,65325,80587,27369,0.6051076364444774,0.2952618292446113
9015,0.9083,32,100,32,540385,65225,80619,27337,0.604181333135722,0.2953371794040751
9016,0.9084,75,181,75,540566,65044,80694,27262,0.6025047241468746,0.29534374796871277
9017,0.9085,66,193,66,540759,64851,80760,27196,0.6007169587609767,0.29545775527719537
9018,0.9086,51,172,51,540931,64679,80811,27145,0.5991237170699174,0.2956198815124586
9019,0.9087,37,154,37,541085,64525,80848,27108,0.597697209974434,0.2958322874946799
9020,0.9088,60,174,60,541259,64351,80908,27048,0.5960854422171996,0.2959332158995175
9021,0.9089,65,175,65,541434,64176,80973,26983,0.5944644114268777,0.29599929792999047
9022,0.909,37,143,37,541577,64033,81010,26946,0.5931397976953574,0.29617823893425954
9023,0.9091,38,83,38,541660,63950,81048,26908,0.5923709659490903,0.29615443879460257
9024,0.9092,57,168,57,541828,63782,81105,26851,0.5908147763903813,0.296260743879161
9025,0.9093,23,87,23,541915,63695,81128,26828,0.590008892511764,0.29636666924428046
9026,0.9094,33,86,33,542001,63609,81161,26795,0.5892122716662344,0.2963917525773196
9027,0.9095,59,135,59,542136,63474,81220,26736,0.5879617621994145,0.2963751247090123
9028,0.9096,46,187,46,542323,63287,81266,26690,0.586229575012042,0.2966313613479
9029,0.9097,37,91,37,542414,63196,81303,26653,0.5853866390010745,0.2966421440416699
9030,0.9098,20,116,20,542530,63080,81323,26633,0.5843121271629182,0.2968689041721935
9031,0.9099,52,176,52,542706,62904,81375,26581,0.5826818333395087,0.29704419735151144
9032,0.91,36,103,36,542809,62801,81411,26545,0.5817277409314906,0.2971033957871645
9033,0.9101,17,87,17,542896,62714,81428,26528,0.5809218570528734,0.297259138074001
9034,0.9102,31,108,31,543004,62606,81459,26497,0.5799214494794176,0.2973749480937791
9035,0.9103,64,103,64,543107,62503,81523,26433,0.5789673570713995,0.2972137267248358
9036,0.9104,85,220,85,543327,62283,81608,26348,0.5769294897921375,0.2972774762780517
9037,0.9105,52,159,52,543486,62124,81660,26296,0.5754566675312164,0.29739877855688757
9038,0.9106,54,181,54,543667,61943,81714,26242,0.5737800585423691,0.2975789533367353
9039,0.9107,27,140,27,543807,61803,81741,26215,0.5724832339101116,0.2978368061078416
9040,0.9108,52,171,52,543978,61632,81793,26163,0.5708992552521398,0.2980010251153255
9041,0.9109,23,105,23,544083,61527,81816,26140,0.5699266367779465,0.29817377120239086
9042,0.911,71,220,71,544303,61307,81887,26069,0.5678887694986846,0.29835423915033876
9043,0.9111,35,113,35,544416,61194,81922,26034,0.566842046759791,0.298459210345302
9044,0.9112,80,215,80,544631,60979,82002,25954,0.5648504946459669,0.2985517582506068
9045,0.9113,58,198,58,544829,60781,82060,25896,0.5630164140946311,0.2987643780933812
9046,0.9114,68,278,68,545107,60503,82128,25828,0.5604412908962911,0.2991741089527516
9047,0.9115,49,160,49,545267,60343,82177,25779,0.5589592056022824,0.2993311813473909
9048,0.9116,77,264,77,545531,60079,82254,25702,0.5565137648671681,0.299623459740502
9049,0.9117,25,74,25,545605,60005,82279,25677,0.5558283004186891,0.29967787866763146
9050,0.9118,74,193,74,545798,59812,82353,25603,0.5540405350327912,0.2997482877714687
9051,0.9119,44,139,44,545937,59673,82397,25559,0.5527529734336211,0.29987563356485825
9052,0.912,50,125,50,546062,59548,82447,25509,0.5515950942976768,0.2999047697426432
9053,0.9121,52,167,52,546229,59381,82499,25457,0.5500481677720552,0.30006600815672224
9054,0.9122,77,187,77,546416,59194,82576,25380,0.5483159805846827,0.30009222692553267
9055,0.9123,30,130,30,546546,59064,82606,25350,0.5471117862833006,0.3003056365057929
9056,0.9124,47,109,47,546655,58955,82653,25303,0.5461021156767571,0.300303828716561
9057,0.9125,42,171,42,546826,58784,82695,25261,0.5445181370187855,0.30056517341900174
9058,0.9126,67,138,67,546964,58646,82762,25194,0.543239838452703,0.3005009541984733
9059,0.9127,53,152,53,547116,58494,82815,25141,0.5418318574233947,0.3006038141926227
9060,0.9128,38,132,38,547248,58362,82853,25103,0.5406091370558376,0.300760797939256
9061,0.9129,38,116,38,547364,58246,82891,25065,0.5395346252176813,0.3008606306490139
9062,0.913,70,216,70,547580,58030,82961,24995,0.5375338100707696,0.3010538994278832
9063,0.9131,37,148,37,547728,57882,82998,24958,0.5361628811738115,0.30127957508450026
9064,0.9132,50,181,50,547909,57701,83048,24908,0.5344862721849643,0.30151678388553305
9065,0.9133,60,168,60,548077,57533,83108,24848,0.5329300826262552,0.3016229470387589
9066,0.9134,40,137,40,548214,57396,83148,24808,0.5316610470932602,0.30178580117755827
9067,0.9135,38,99,38,548313,57297,83186,24770,0.5307440068175924,0.30182655635029915
9068,0.9136,52,86,52,548399,57211,83238,24718,0.5299473859720627,0.30170025265778905
9069,0.9137,46,168,46,548567,57043,83284,24672,0.5283911964133536,0.3019274307042771
9070,0.9138,52,157,52,548724,56886,83336,24620,0.5269369002186076,0.302063651755699
9071,0.9139,45,154,45,548878,56732,83381,24575,0.5255103931231242,0.30224949881314034
9072,0.914,87,251,87,549129,56481,83468,24488,0.5231853718181482,0.3024367350467463
9073,0.9141,56,132,56,549261,56349,83524,24432,0.521962651450591,0.3024473576707394
9074,0.9142,31,83,31,549344,56266,83555,24401,0.521193819704324,0.3024904855765059
9075,0.9143,43,161,43,549505,56105,83598,24358,0.5197024713772278,0.30272299069137365
9076,0.9144,51,165,51,549670,55940,83649,24307,0.5181740709177813,0.3029022891821501
9077,0.9145,52,125,52,549795,55815,83701,24255,0.517016191781837,0.3029224428624953
9078,0.9146,80,227,80,550022,55588,83781,24175,0.5149134832709622,0.3030853904692652
9079,0.9147,77,228,77,550250,55360,83858,24098,0.5128015117269998,0.3032797201037026
9080,0.9148,34,80,34,550330,55280,83892,24064,0.5120604690799956,0.3032869530147207
9081,0.9149,47,196,47,550526,55084,83939,24017,0.5102449145948349,0.3036244800950683
9082,0.915,48,116,48,550642,54968,83987,23969,0.5091704027566787,0.30364721233388653
9083,0.9151,41,122,41,550764,54846,84028,23928,0.5080403127199971,0.3037550460811943
9084,0.9152,29,115,29,550879,54731,84057,23899,0.5069750639149283,0.3039425155792954
9085,0.9153,46,120,46,550999,54611,84103,23853,0.5058634999444218,0.3039992862969005
9086,0.9154,64,174,64,551173,54437,84167,23789,0.5042517321871873,0.30410605169636695
9087,0.9155,46,178,46,551351,54259,84213,23743,0.5026029122976027,0.30438963103510164
9088,0.9156,53,153,53,551504,54106,84266,23690,0.5011856682352069,0.3045143709188133
9089,0.9157,59,200,59,551704,53906,84325,23631,0.4993330616176961,0.30477062563679275
9090,0.9158,52,160,52,551864,53746,84377,23579,0.4978509763236874,0.30493372130617524
9091,0.9159,53,184,53,552048,53562,84430,23526,0.49614657823557745,0.3051836861768369
9092,0.916,57,163,57,552211,53399,84487,23469,0.4946367038423061,0.3053156059738773
9093,0.9161,102,246,102,552457,53153,84589,23367,0.4923579977027678,0.30537114479874544
9094,0.9162,45,143,45,552600,53010,84634,23322,0.4910333839712476,0.30553372111303256
9095,0.9163,39,120,39,552720,52890,84673,23283,0.489921820000741,0.3056594856445197
9096,0.9164,76,224,76,552944,52666,84749,23207,0.4878469005891289,0.30586638198041466
9097,0.9165,44,131,44,553075,52535,84793,23163,0.4866334432546593,0.30599223229147404
9098,0.9166,38,100,38,553175,52435,84831,23125,0.48570713994590387,0.3060481736368449
9099,0.9167,34,110,34,553285,52325,84865,23091,0.4846882063062729,0.3061817121035324
9100,0.9168,81,212,81,553497,52113,84946,23010,0.48272444329171144,0.3062976718182181
9101,0.9169,35,98,35,553595,52015,84981,22975,0.48181666604913115,0.30637418322442994
9102,0.917,69,207,69,553802,51808,85050,22906,0.4798992182000074,0.3065824343496533
9103,0.9171,43,130,43,553932,51678,85093,22863,0.4786950238986254,0.3067171087052763
9104,0.9172,68,169,68,554101,51509,85161,22795,0.4771295713068287,0.3067802540913006
9105,0.9173,47,153,47,554254,51356,85208,22748,0.4757123272444329,0.3069739825110655
9106,0.9174,53,127,53,554381,51229,85261,22695,0.47453592204231354,0.3070044910989665
9107,0.9175,24,61,24,554442,51168,85285,22671,0.4739708770239727,0.3070328688091659
9108,0.9176,34,115,34,554557,51053,85319,22637,0.472905628218904,0.3071922920341973
9109,0.9177,30,89,30,554646,50964,85349,22607,0.4720812182741117,0.30728140163923284
9110,0.9178,47,153,47,554799,50811,85396,22560,0.4706639742117159,0.30747843153289445
9111,0.9179,26,87,26,554886,50724,85422,22534,0.46985809033309867,0.30759780501788203
9112,0.918,61,183,61,555069,50541,85483,22473,0.4681629552780763,0.3077902867943134
9113,0.9181,43,140,43,555209,50401,85526,22430,0.46686613064581867,0.3079732531476981
9114,0.9182,10,77,10,555286,50324,85536,22420,0.466152877098077,0.3082041130539976
9115,0.9183,54,188,54,555474,50136,85590,22366,0.46441142687761683,0.30848804170919425
9116,0.9184,69,235,69,555709,49901,85659,22297,0.4622346141020416,0.30883126956425383
9117,0.9185,24,63,24,555772,49838,85683,22273,0.4616510430175257,0.3088710460262651
9118,0.9186,47,139,47,555911,49699,85730,22226,0.46036348141835565,0.30901633646159193
9119,0.9187,57,153,57,556064,49546,85787,22169,0.45894623735595985,0.3091264031234749
9120,0.9188,62,172,62,556236,49374,85849,22107,0.4573529956649005,0.3092709950896042
9121,0.9189,46,151,46,556387,49223,85895,22061,0.45595427766867985,0.3094803883059312
9122,0.919,40,116,40,556503,49107,85935,22021,0.45487976583052353,0.30959678326397483
9123,0.9191,32,118,32,556621,48989,85967,21989,0.4537867279261922,0.3098002197864127
9124,0.9192,60,205,60,556826,48784,86027,21929,0.45188780614324353,0.3101127091199638
9125,0.9193,27,95,27,556921,48689,86054,21902,0.4510078179999259,0.31026618124123473
9126,0.9194,59,146,59,557067,48543,86113,21843,0.449655415169143,0.3103316000340977
9127,0.9195,54,165,54,557232,48378,86167,21789,0.44812701470969657,0.3105305913036043
9128,0.9196,41,105,41,557337,48273,86208,21748,0.44715439623550335,0.3105925365247569
9129,0.9197,35,98,35,557435,48175,86243,21713,0.44624661899292306,0.3106828067765568
9130,0.9198,49,196,49,557631,47979,86292,21664,0.44443106450776243,0.31107218241603607
9131,0.9199,81,284,81,557915,47695,86373,21583,0.44180036311089704,0.31154190363463147
9132,0.92,50,136,50,558051,47559,86423,21533,0.44054059061098966,0.3116569212065073
9133,0.9201,42,81,42,558132,47478,86465,21491,0.4397902849308978,0.3116037640099175
9134,0.9202,52,144,52,558276,47334,86517,21439,0.43845640816628995,0.31173571023512137
9135,0.9203,43,108,43,558384,47226,86560,21396,0.4374560005928341,0.311795051149777
9136,0.9204,44,141,44,558525,47085,86604,21352,0.436149912927489,0.3119949734792583
9137,0.9205,41,119,41,558644,46966,86645,21311,0.43504761199007,0.31212560598737493
9138,0.9206,30,83,30,558727,46883,86675,21281,0.434278780243803,0.31220292236371106
9139,0.9207,47,116,47,558843,46767,86722,21234,0.43320426840564674,0.31226011382185553
9140,0.9208,51,145,51,558988,46622,86773,21183,0.4318611286079514,0.3124105891895878
9141,0.9209,65,173,65,559161,46449,86838,21118,0.43025862388380454,0.31254902541181345
9142,0.921,55,174,55,559335,46275,86893,21063,0.4286468561265701,0.3127951528111913
9143,0.9211,46,123,46,559458,46152,86939,21017,0.4275075030568009,0.3128973187035686
9144,0.9212,49,142,49,559600,46010,86988,20968,0.4261921523583682,0.3130580190510317
9145,0.9213,35,85,35,559685,45925,87023,20933,0.4254047945459261,0.3130964132938467
9146,0.9214,73,174,73,559859,45751,87096,20860,0.4237930267886917,0.31316148984401976
9147,0.9215,33,71,33,559930,45680,87129,20827,0.42313535143947534,0.3131550062399447
9148,0.9216,52,145,52,560075,45535,87181,20775,0.42179221164178,0.3133011612124868
9149,0.9217,35,137,35,560212,45398,87216,20740,0.42052317610878504,0.3135867428709668
9150,0.9218,33,110,33,560322,45288,87249,20707,0.4195042424691541,0.3137661944086673
9151,0.9219,57,137,57,560459,45151,87306,20650,0.4182352069361592,0.3138250178568715
9152,0.922,74,213,74,560672,44938,87380,20576,0.41626218088851014,0.3140702750557133
9153,0.9221,77,201,77,560873,44737,87457,20499,0.41440031123791177,0.3142283401802686
9154,0.9222,64,200,64,561073,44537,87521,20435,0.4125477046204009,0.31452010096657024
9155,0.9223,60,154,60,561227,44383,87581,20375,0.41112119752491755,0.31463294110380186
9156,0.9224,57,113,57,561340,44270,87638,20318,0.41007447478602393,0.314578559484734
9157,0.9225,37,127,37,561467,44143,87675,20281,0.40889806958390457,0.3148050415994039
9158,0.9226,28,121,28,561588,44022,87703,20253,0.4077772425803105,0.31509918319719954
9159,0.9227,18,62,18,561650,43960,87721,20235,0.4072029345288821,0.31521146506737285
9160,0.9228,75,188,75,561838,43772,87796,20160,0.40546148430842194,0.31533504348370145
9161,0.9229,70,179,70,562017,43593,87866,20090,0.40380340138574977,0.3154688064318578
9162,0.923,45,120,45,562137,43473,87911,20045,0.4026918374152432,0.3155798356371422
9163,0.9231,40,95,40,562232,43378,87951,20005,0.4018118492719256,0.31562090781439817
9164,0.9232,31,112,31,562344,43266,87982,19974,0.40077438956611955,0.31584440227703986
9165,0.9233,72,203,72,562547,43063,88054,19902,0.39889399384934604,0.3160803621059319
9166,0.9234,57,114,57,562661,42949,88111,19845,0.39783800807736486,0.31603337898525335
9167,0.9235,45,142,45,562803,42807,88156,19800,0.39652265737893216,0.31625856533614455
9168,0.9236,49,126,49,562929,42681,88205,19751,0.3953555152099003,0.3163601998974885
9169,0.9237,55,120,55,563049,42561,88260,19696,0.3942439512393938,0.31636603112902967
9170,0.9238,46,113,46,563162,42448,88306,19650,0.3931972285005002,0.31643531192631
9171,0.9239,50,127,50,563289,42321,88356,19600,0.39202082329838084,0.3165323557436088
9172,0.924,43,119,43,563408,42202,88399,19557,0.39091852236096186,0.3166663968004663
9173,0.9241,22,52,22,563460,42150,88421,19535,0.39043684464040906,0.31668963281186674
9174,0.9242,41,101,41,563561,42049,88462,19494,0.38950127829856607,0.3167541393822206
9175,0.9243,55,109,55,563670,41940,88517,19439,0.3884916076920227,0.3167044103031982
9176,0.9244,37,107,37,563777,41833,88554,19402,0.3875004631516544,0.3168449416183555
9177,0.9245,80,220,80,563997,41613,88634,19322,0.38546259587239246,0.31709198326085175
9178,0.9246,26,79,26,564076,41534,88660,19296,0.38473081625847566,0.3172119020220286
9179,0.9247,33,101,33,564177,41433,88693,19263,0.3837952499166327,0.31736852510873864
9180,0.9248,68,189,68,564366,41244,88761,19195,0.38204453666308497,0.3175929449527623
9181,0.9249,23,97,23,564463,41147,88784,19172,0.3811460224535922,0.31784346557469456
9182,0.925,59,197,59,564660,40950,88843,19113,0.37932120493534405,0.31821587333300033
9183,0.9251,27,84,27,564744,40866,88870,19086,0.37854311015598946,0.3183546837469976
9184,0.9252,50,126,50,564870,40740,88920,19036,0.37737596798695766,0.31845556745182013
9185,0.9253,29,54,29,564924,40686,88949,19007,0.3768757642002297,0.31841254418441023
9186,0.9254,19,58,19,564982,40628,88968,18988,0.37633850828115156,0.3185050993022008
9187,0.9255,59,220,59,565202,40408,89027,18929,0.37430064100188964,0.3190083758868834
9188,0.9256,96,218,96,565420,40190,89123,18833,0.37228129978880287,0.31907900310048626
9189,0.9257,39,120,39,565540,40070,89162,18794,0.3711697358182963,0.3192783365044849
9190,0.9258,71,217,71,565757,39853,89233,18723,0.36915965763829706,0.3196360284075389
9191,0.9259,50,166,50,565923,39687,89283,18673,0.3676219941457631,0.3199623029472241
9192,0.926,46,126,46,566049,39561,89329,18627,0.3664548519767313,0.3201175500103114
9193,0.9261,46,186,46,566235,39375,89375,18581,0.3647319278224462,0.32060528676927325
9194,0.9262,61,172,61,566407,39203,89436,18520,0.36313868613138683,0.3208426450461688
9195,0.9263,44,154,44,566561,39049,89480,18476,0.3617121790359035,0.3211820947414168
9196,0.9264,65,202,65,566763,38847,89545,18411,0.3598410463522176,0.3215445876558734
9197,0.9265,31,90,31,566853,38757,89576,18380,0.3590073733743377,0.32168297250468175
9198,0.9266,45,153,45,567006,38604,89621,18335,0.3575901293119419,0.3220112752243629
9199,0.9267,63,126,63,567132,38478,89684,18272,0.3564229871429101,0.32197356828193835
9200,0.9268,42,132,42,567264,38346,89726,18230,0.35520026677535294,0.3222214366515837
9201,0.9269,59,155,59,567419,38191,89785,18171,0.353764496646782,0.3223980696213761
9202,0.927,68,139,68,567558,38052,89853,18103,0.352476935047612,0.32237556762532277
9203,0.9271,61,139,61,567697,37913,89914,18042,0.351189373448442,0.3224376731301939
9204,0.9272,43,105,43,567802,37808,89957,17999,0.35021675497424876,0.3225222642320856
9205,0.9273,39,89,39,567891,37719,89996,17960,0.34939234502945643,0.32256326442644445
9206,0.9274,44,170,44,568061,37549,90040,17916,0.3478176294045722,0.32301451365726136
9207,0.9275,36,106,36,568167,37443,90076,17880,0.3468357478972915,0.3231928854183613
9208,0.9276,31,118,31,568285,37325,90107,17849,0.3457427099929601,0.32350382426505236
9209,0.9277,47,105,47,568390,37220,90154,17802,0.3447700915187669,0.32354330994874775
9210,0.9278,62,150,62,568540,37070,90216,17740,0.3433806365556338,0.3236635650428754
9211,0.9279,55,198,55,568738,36872,90271,17685,0.34154655600429806,0.32415638689810655
9212,0.928,43,131,43,568869,36741,90314,17642,0.34033309866982847,0.3244028464777596
9213,0.9281,44,102,44,568971,36639,90358,17598,0.3393882692948979,0.3244648487195088
9214,0.9282,35,88,35,569059,36551,90393,17563,0.33857312238319315,0.3245555678752264
9215,0.9283,53,126,53,569185,36425,90446,17510,0.33740598021416135,0.32465004171688144
9216,0.9284,38,146,38,569331,36279,90484,17472,0.33605357738337843,0.32505441759223086
9217,0.9285,44,110,44,569441,36169,90528,17428,0.3350346437437475,0.3251674534022427
9218,0.9286,63,117,63,569558,36052,90591,17365,0.33395086887250364,0.3250837748282382
9219,0.9287,55,182,55,569740,35870,90646,17310,0.33226499685056876,0.32549830763444904
9220,0.9288,59,114,59,569854,35756,90705,17251,0.3312090110785876,0.32544758239477806
9221,0.9289,49,153,49,570007,35603,90754,17202,0.3297917670161918,0.3257646056244674
9222,0.929,67,155,67,570162,35448,90821,17135,0.3283559968876209,0.32586577410950307
9223,0.9291,49,155,49,570317,35293,90870,17086,0.32692022675904997,0.3261994310697035
9224,0.9292,45,93,45,570410,35200,90915,17041,0.3260587646819074,0.3261997281828449
9225,0.9293,67,155,67,570565,35045,90982,16974,0.32462299455333654,0.32630385051615757
9226,0.9294,80,223,80,570788,34822,91062,16894,0.32255733817481197,0.32666872921339624
9227,0.9295,51,140,51,570928,34682,91113,16843,0.32126051354255436,0.326889859291606
9228,0.9296,55,134,55,571062,34548,91168,16788,0.3200192671088221,0.3270219728845255
9229,0.9297,51,96,51,571158,34452,91219,16737,0.3191300159324169,0.3269647775889351
9230,0.9298,42,87,42,571245,34365,91261,16695,0.31832413205379967,0.32696827262044653
9231,0.9299,22,64,22,571309,34301,91283,16673,0.31773129793619626,0.3270883195354494
9232,0.93,56,156,56,571465,34145,91339,16617,0.31628626477453775,0.3273511681966826
9233,0.9301,66,186,66,571651,33959,91405,16551,0.3145633406202527,0.32767768758661653
9234,0.9302,78,182,78,571833,33777,91483,16473,0.31287746859831783,0.3278208955223881
9235,0.9303,56,162,56,571995,33615,91539,16417,0.3113768572381341,0.3281299968020467
9236,0.9304,65,192,65,572187,33423,91604,16352,0.30959835488532367,0.328518332496233
9237,0.9305,49,167,49,572354,33256,91653,16303,0.3080514283597021,0.3289614398999173
9238,0.9306,25,80,25,572434,33176,91678,16278,0.30731038571269775,0.3291543656731508
9239,0.9307,28,73,28,572507,33103,91706,16250,0.3066341842973063,0.3292606325856584
9240,0.9308,38,81,38,572588,33022,91744,16212,0.30588387861721444,0.3292846406954544
9241,0.9309,44,128,44,572716,32894,91788,16168,0.3046982103820075,0.3295422118951531
9242,0.931,36,81,36,572797,32813,91824,16132,0.30394790470191557,0.3295944427418531
9243,0.9311,35,76,35,572873,32737,91859,16097,0.3032439141872615,0.32962689929147726
9244,0.9312,35,95,35,572968,32642,91894,16062,0.30236392604394385,0.32978810775295664
9245,0.9313,60,177,60,573145,32465,91954,16002,0.3007243691874467,0.3301627911775022
9246,0.9314,40,90,40,573235,32375,91994,15962,0.2998906962095669,0.3302232244450421
9247,0.9315,40,107,40,573342,32268,92034,15922,0.29889955166919857,0.33040049802863664
9248,0.9316,75,234,75,573576,32034,92109,15847,0.2967320019267109,0.330966354086172
9249,0.9317,59,178,59,573754,31856,92168,15788,0.29508318203712625,0.3313743598354462
9250,0.9318,51,113,51,573867,31743,92219,15737,0.29403645929823263,0.3314448188711036
9251,0.9319,69,201,69,574068,31542,92288,15668,0.2921745896476342,0.33187883922897693
9252,0.932,60,194,60,574262,31348,92348,15608,0.2903775612286487,0.33239628588465797
9253,0.9321,38,95,38,574357,31253,92386,15570,0.2894975730853311,0.3325288853768447
9254,0.9322,43,111,43,574468,31142,92429,15527,0.28846937641261255,0.332704793331762
9255,0.9323,44,71,44,574539,31071,92473,15483,0.2878117010633962,0.3325815182368862
9256,0.9324,51,105,51,574644,30966,92524,15432,0.286839082589203,0.33260054312685894
9257,0.9325,57,127,57,574771,30839,92581,15375,0.2856626773870836,0.33269139221880817
9258,0.9326,60,162,60,574933,30677,92641,15315,0.28416206602689986,0.3329926943816316
9259,0.9327,46,164,46,575097,30513,92687,15269,0.28264292860054097,0.3335153553798436
9260,0.9328,37,115,37,575212,30398,92724,15232,0.2815776797954722,0.33381547227701075
9261,0.9329,78,194,78,575406,30204,92802,15154,0.2797806513764867,0.33409762335199966
9262,0.933,66,129,66,575535,30075,92868,15088,0.2785857201081922,0.3340787813032792
9263,0.9331,40,120,40,575655,29955,92908,15048,0.2774741561376857,0.33437770815278983
9264,0.9332,72,192,72,575847,29763,92980,14976,0.2756956537848753,0.3347415007040837
9265,0.9333,31,69,31,575916,29694,93011,14945,0.27505650450183405,0.33479692645444564
9266,0.9334,47,120,47,576036,29574,93058,14898,0.27394494053132756,0.33499730167296277
9267,0.9335,55,177,55,576213,29397,93113,14843,0.2723053836748305,0.3355108499095841
9268,0.9336,38,94,38,576307,29303,93151,14805,0.2714346585646004,0.33565339620930446
9269,0.9337,29,97,29,576404,29206,93180,14776,0.27053614435510764,0.3359556182074485
9270,0.9338,21,85,21,576489,29121,93201,14755,0.26974878654266554,0.3362886315981402
9271,0.9339,50,93,50,576582,29028,93251,14705,0.268887324465523,0.3362449408913178
9272,0.934,42,92,42,576674,28936,93293,14663,0.268035125421468,0.3363150530975481
9273,0.9341,51,135,51,576809,28801,93344,14612,0.2667846159546482,0.33658120839379907
9274,0.9342,62,153,62,576962,28648,93406,14550,0.2653673718922524,0.3368211491272744
9275,0.9343,41,106,41,577068,28542,93447,14509,0.26438549038497167,0.33701888457875545
9276,0.9344,56,127,56,577195,28415,93503,14453,0.2632090851828523,0.3371512550153961
9277,0.9345,54,140,54,577335,28275,93557,14399,0.2619122605505947,0.3374185686835075
9278,0.9346,65,155,65,577490,28120,93622,14334,0.2604764904220238,0.3376360295849625
9279,0.9347,54,145,54,577635,27975,93676,14280,0.2591333506243284,0.3379481718139865
9280,0.9348,46,126,46,577761,27849,93722,14234,0.2579662084552966,0.3382363424660789
9281,0.9349,60,138,60,577899,27711,93782,14174,0.25668790988921414,0.3384027694878835
9282,0.935,30,90,30,577989,27621,93812,14144,0.25585423691133424,0.3386567700227463
9283,0.9351,25,53,25,578042,27568,93837,14119,0.2553632961576939,0.3386907189291626
9284,0.9352,44,87,44,578129,27481,93881,14075,0.25455741227907663,0.3386995861006834
9285,0.9353,37,128,37,578257,27353,93918,14038,0.25337174404386975,0.3391558551375903
9286,0.9354,53,151,53,578408,27202,93971,13985,0.25197302604764904,0.33954888678466505
9287,0.9355,53,122,53,578530,27080,94024,13932,0.2508429360109674,0.3397054520628109
9288,0.9356,52,104,52,578634,26976,94076,13880,0.2498795805698618,0.33972978265126297
9289,0.9357,49,127,49,578761,26849,94125,13831,0.24870317536774242,0.33999508357915437
9290,0.9358,44,69,44,578830,26780,94169,13787,0.24806402608470118,0.339857519658836
9291,0.9359,52,132,52,578962,26648,94221,13735,0.24684130571714402,0.34011836663942746
9292,0.936,44,111,44,579073,26537,94265,13691,0.2458131090444255,0.3403350899870737
9293,0.9361,33,76,33,579149,26461,94298,13658,0.24510911852977138,0.34043719933198735
9294,0.9362,37,121,37,579270,26340,94335,13621,0.24398829152617732,0.34085733590250494
9295,0.9363,43,101,43,579371,26239,94378,13578,0.24305272518433435,0.3410101213049702
9296,0.9364,61,157,61,579528,26082,94439,13517,0.24159842898958836,0.34134700371221494
9297,0.9365,51,89,51,579617,25993,94490,13466,0.24077401904479603,0.34126561747636786
9298,0.9366,22,65,22,579682,25928,94512,13444,0.240171921894105,0.34146093670628874
9299,0.9367,46,121,46,579803,25807,94558,13398,0.23905109489051096,0.3417421247289886
9300,0.9368,38,77,38,579880,25730,94596,13360,0.23833784134276928,0.34177539012535174
9301,0.9369,32,96,32,579976,25634,94628,13328,0.23744859016636408,0.3420768954365792
9302,0.937,33,87,33,580063,25547,94661,13295,0.23664270628774686,0.3422841254312342
9303,0.9371,37,113,37,580176,25434,94698,13258,0.23559598354885325,0.34265481236431306
9304,0.9372,40,103,40,580279,25331,94738,13218,0.23464189114083517,0.3428882720693144
9305,0.9373,61,121,61,580400,25210,94799,13157,0.2335210641372411,0.34292490942737247
9306,0.9374,39,77,39,580477,25133,94838,13118,0.23280781058949943,0.34294528247627515
9307,0.9375,42,94,42,580571,25039,94880,13076,0.23193708547926933,0.34306703397612487
9308,0.9376,25,72,25,580643,24967,94905,13051,0.23127014709696542,0.3432847598505971
9309,0.9377,27,99,27,580742,24868,94932,13024,0.23035310682129756,0.3437137126570252
9310,0.9378,27,78,27,580820,24790,94959,12997,0.22963059024046834,0.3439542699870326
9311,0.9379,37,75,37,580895,24715,94996,12960,0.22893586275890176,0.34399469143994693
9312,0.938,42,84,42,580979,24631,95038,12918,0.22815776797954723,0.3440304668566407
9313,0.9381,46,109,46,581088,24522,95084,12872,0.22714809737300382,0.3442263464726962
9314,0.9382,16,74,16,581162,24448,95100,12856,0.22646263292452481,0.3446279219386661
9315,0.9383,66,145,66,581307,24303,95166,12790,0.22511949312682944,0.3448089936106543
9316,0.9384,48,97,48,581404,24206,95214,12742,0.2242209789173367,0.3448630507740608
9317,0.9385,60,113,60,581517,24093,95274,12682,0.22317425617844308,0.34485384092454113
9318,0.9386,42,141,42,581658,23952,95316,12640,0.22186816851309793,0.34543069523393094
9319,0.9387,22,46,22,581704,23906,95338,12618,0.22144206899107044,0.34547147081371155
9320,0.9388,41,117,41,581821,23789,95379,12577,0.2203582941198266,0.3458450200736952
9321,0.9389,27,59,27,581880,23730,95406,12550,0.2198117751676609,0.34592061742006613
9322,0.939,32,85,32,581965,23645,95438,12518,0.2190244173552188,0.3461549097143489
9323,0.9391,40,96,40,582061,23549,95478,12478,0.2181351661788136,0.3463513476004108
9324,0.9392,53,162,53,582223,23387,95531,12425,0.2166345548186298,0.3469507427677873
9325,0.9393,19,65,19,582288,23322,95550,12406,0.2160324576679388,0.3472346618898343
9326,0.9394,58,132,58,582420,23190,95608,12348,0.21480973730038164,0.347459057909843
9327,0.9395,45,118,45,582538,23072,95653,12303,0.21371669939605023,0.3477879858657244
9328,0.9396,42,102,42,582640,22970,95695,12261,0.21277187002111972,0.34801737106525504
9329,0.9397,23,66,23,582706,22904,95718,12238,0.21216050983734114,0.3482442661203119
9330,0.9398,63,143,63,582849,22761,95781,12175,0.2108358961058209,0.34849438974124114
9331,0.9399,36,84,36,582933,22677,95817,12139,0.21005780132646634,0.34866153492647056
9332,0.94,70,180,70,583113,22497,95887,12069,0.20839045537070658,0.34915813226870335
9333,0.9401,40,110,40,583223,22387,95927,12029,0.20737152173107562,0.3495176662017666
9334,0.9402,42,97,42,583320,22290,95969,11987,0.20647300752158287,0.3497097178866295
9335,0.9403,29,70,29,583390,22220,95998,11958,0.20582459520545407,0.3498741880741998
9336,0.9404,47,105,47,583495,22115,96045,11911,0.20485197673126088,0.3500558396520308
9337,0.9405,51,84,51,583579,22031,96096,11860,0.20407388195190634,0.3499454132365525
9338,0.9406,32,85,32,583664,21946,96128,11828,0.20328652413946421,0.35021022087996684
9339,0.9407,36,90,36,583754,21856,96164,11792,0.20245285116158435,0.35045173561578696
9340,0.9408,61,124,61,583878,21732,96225,11731,0.20130423505872763,0.3505662971042644
9341,0.9409,31,82,31,583960,21650,96256,11700,0.20054466634554818,0.35082458770614694
9342,0.941,48,124,48,584084,21526,96304,11652,0.19939605024269147,0.35119657604436677
9343,0.9411,47,152,47,584236,21374,96351,11605,0.19798806921338322,0.3518905970466054
9344,0.9412,39,104,39,584340,21270,96390,11566,0.1970247137722776,0.35223535144353757
9345,0.9413,23,81,23,584421,21189,96413,11543,0.19627440809218571,0.3526518391787853
9346,0.9414,31,60,31,584481,21129,96444,11512,0.19571862610693244,0.3526852731227597
9347,0.9415,32,93,32,584574,21036,96476,11480,0.19485716402978992,0.3530569565752245
9348,0.9416,33,80,33,584654,20956,96509,11447,0.19411612138278558,0.3532697589729346
9349,0.9417,29,95,29,584749,20861,96538,11418,0.19323613323946792,0.35372843024876854
9350,0.9418,46,75,46,584824,20786,96584,11372,0.19254140575790138,0.3536289570246906
9351,0.9419,39,112,39,584936,20674,96623,11333,0.1915039460520953,0.3540787952635361
9352,0.942,37,101,37,585037,20573,96660,11296,0.1905683797102523,0.35445103392011046
9353,0.9421,29,59,29,585096,20514,96689,11267,0.19002186075808664,0.3545199962241591
9354,0.9422,35,81,35,585177,20433,96724,11232,0.18927155507799473,0.3547134059687352
9355,0.9423,53,105,53,585282,20328,96777,11179,0.18829893660380154,0.35481004221284157
9356,0.9424,52,108,52,585390,20220,96829,11127,0.1872985290303457,0.35496219733945833
9357,0.9425,44,128,44,585518,20092,96873,11083,0.18611286079513875,0.3555092221331195
9358,0.9426,41,87,41,585605,20005,96914,11042,0.18530697691652154,0.3556543305311302
9359,0.9427,38,79,38,585684,19926,96952,11004,0.18457519730260477,0.3557710960232784
9360,0.9428,20,68,20,585752,19858,96972,10984,0.18394531105265108,0.3561377342584787
9361,0.9429,37,73,37,585825,19785,97009,10947,0.18326910963725962,0.3562085122998829
9362,0.943,32,99,32,585924,19686,97041,10915,0.18235206936159176,0.35668768994477307
9363,0.9431,30,83,30,586007,19603,97071,10885,0.18158323761532477,0.3570257150354238
9364,0.9432,51,112,51,586119,19491,97122,10834,0.1805457779095187,0.3572629843363561
9365,0.9433,58,119,58,586238,19372,97180,10776,0.17944347697209975,0.35743664588032376
9366,0.9434,37,105,37,586343,19267,97217,10739,0.17847085849790656,0.35789508764913686
9367,0.9435,45,80,45,586423,19187,97262,10694,0.17772981585090222,0.35788628225293667
9368,0.9436,46,117,46,586540,19070,97308,10648,0.1766460409796584,0.35830136617538194
9369,0.9437,35,72,35,586612,18998,97343,10613,0.17597910259735447,0.35841410286717773
9370,0.9438,43,94,43,586706,18904,97386,10570,0.17510837748712438,0.35862115763045394
9371,0.9439,28,72,28,586778,18832,97414,10542,0.1744414391048205,0.35888881323619526
9372,0.944,38,94,38,586872,18738,97452,10504,0.1735707139945904,0.35920935640517065
9373,0.9441,41,112,41,586984,18626,97493,10463,0.17253325428878433,0.3596892296056929
9374,0.9442,51,136,51,587120,18490,97544,10412,0.17127348178887694,0.3602518856826517
9375,0.9443,23,68,23,587188,18422,97567,10389,0.17064359553892328,0.3605914407691507
9376,0.9444,65,122,65,587310,18300,97632,10324,0.16951350550224165,0.3606763555058692
9377,0.9445,43,86,43,587396,18214,97675,10281,0.168716884656712,0.36080014037550445
9378,0.9446,57,155,57,587551,18059,97732,10224,0.1672811145281411,0.36148923381536613
9379,0.9447,28,83,28,587634,17976,97760,10196,0.1665122827818741,0.36191963651852904
9380,0.9448,37,65,37,587699,17911,97797,10159,0.16591018563118307,0.36191663697898113
9381,0.9449,30,74,30,587773,17837,97827,10129,0.16522472118270407,0.3621898019023099
9382,0.945,41,87,41,587860,17750,97868,10088,0.16441883730408685,0.3623823550542424
9383,0.9451,68,126,68,587986,17624,97936,10020,0.16325169513505502,0.36246563449573144
9384,0.9452,37,110,37,588096,17514,97973,9983,0.16223276149542407,0.36305778812234063
9385,0.9453,62,109,62,588205,17405,98035,9921,0.16122309088888065,0.36306082119593064
9386,0.9454,65,116,65,588321,17289,98100,9856,0.16014857905072438,0.36308712470068155
9387,0.9455,35,109,35,588430,17180,98135,9821,0.15913890844418097,0.36372726936039407
9388,0.9456,27,70,27,588500,17110,98162,9794,0.15849049612805216,0.36403508771929827
9389,0.9457,45,122,45,588622,16988,98207,9749,0.15736040609137056,0.36462579945394025
9390,0.9458,38,72,38,588694,16916,98245,9711,0.15669346770906667,0.36470499868554473
9391,0.9459,38,103,38,588797,16813,98283,9673,0.1557393753010486,0.365211810012837
9392,0.946,63,122,63,588919,16691,98346,9610,0.15460928526436696,0.3653853465647694
9393,0.9461,18,44,18,588963,16647,98364,9592,0.15420171180851458,0.3655627119935973
9394,0.9462,33,103,33,589066,16544,98397,9559,0.1532476194004965,0.3662031184155078
9395,0.9463,24,61,24,589127,16483,98421,9535,0.15268257438215568,0.36647705434699057
9396,0.9464,14,53,14,589180,16430,98435,9521,0.15219163362851532,0.36688374243767097
9397,0.9465,36,60,36,589240,16370,98471,9485,0.15163585164326207,0.366853606652485
9398,0.9466,27,74,27,589314,16296,98498,9458,0.15095038719478307,0.36724392327405453
9399,0.9467,37,85,37,589399,16211,98535,9421,0.15016302938234094,0.3675483770287141
9400,0.9468,35,51,35,589450,16160,98570,9386,0.14969061469487568,0.3674156423706255
9401,0.9469,37,109,37,589559,16051,98607,9349,0.1486809440883323,0.3680708661417323
9402,0.947,32,75,32,589634,15976,98639,9317,0.14798621660676572,0.3683627881231961
9403,0.9471,27,68,27,589702,15908,98666,9290,0.14735633035681203,0.3686800539725375
9404,0.9472,36,66,36,589768,15842,98702,9254,0.14674497017303345,0.3687440229518648
9405,0.9473,18,72,18,589840,15770,98720,9236,0.14607803179072956,0.36935135567463806
9406,0.9474,40,89,40,589929,15681,98760,9196,0.14525362184593724,0.36965872090686175
9407,0.9475,71,134,71,590063,15547,98831,9125,0.14401237541220496,0.36985246433203633
9408,0.9476,31,61,31,590124,15486,98862,9094,0.14344733039386418,0.36997558991049634
9409,0.9477,52,62,52,590186,15424,98914,9042,0.14287302234243582,0.36957410283658954
9410,0.9478,46,109,46,590295,15315,98960,8996,0.1418633517358924,0.3700382542881823
9411,0.9479,35,60,35,590355,15255,98995,8961,0.14130756975063916,0.3700445986124876
9412,0.948,23,68,23,590423,15187,99018,8938,0.14067768350068546,0.37048704663212434
9413,0.9481,28,70,28,590493,15117,99046,8910,0.14002927118455666,0.37083281308527904
9414,0.9482,47,85,47,590578,15032,99093,8863,0.13924191337211456,0.37091441724210084
9415,0.9483,19,33,19,590611,14999,99112,8844,0.13893623328022528,0.3709264773728138
9416,0.9484,44,76,44,590687,14923,99156,8800,0.13823224276557117,0.37094802512329805
9417,0.9485,37,74,37,590761,14849,99193,8763,0.13754677831709214,0.3711248517702863
9418,0.9486,37,78,37,590839,14771,99230,8726,0.13682426173626291,0.3713665574328638
9419,0.9487,18,29,18,590868,14742,99248,8708,0.13655563377672386,0.37134328358208957
9420,0.9488,57,116,57,590984,14626,99305,8651,0.13548112193856757,0.37165442282081024
9421,0.9489,49,79,49,591063,14547,99354,8602,0.13474934232465077,0.3715927253877057
9422,0.949,34,77,34,591140,14470,99388,8568,0.13403608877690912,0.37190728361836967
9423,0.9491,48,98,48,591238,14372,99436,8520,0.1331283115343288,0.3721824218067447
9424,0.9492,28,50,28,591288,14322,99464,8492,0.1326651598799511,0.3722275795564127
9425,0.9493,17,50,17,591338,14272,99481,8475,0.13220200822557338,0.3725766035081549
9426,0.9494,39,79,39,591417,14193,99520,8436,0.1314702286116566,0.37279596977329976
9427,0.9495,38,83,38,591500,14110,99558,8398,0.1307013968653896,0.3731117824773414
9428,0.9496,31,81,31,591581,14029,99589,8367,0.1299510911852977,0.3735934988390784
9429,0.9497,51,126,51,591707,13903,99640,8316,0.1287839490162659,0.37427426976911654
9430,0.9498,36,74,36,591781,13829,99676,8280,0.12809848456778689,0.37450811886562035
9431,0.9499,31,66,31,591847,13763,99707,8249,0.1274871243840083,0.37475013628929676
9432,0.95,71,145,71,591992,13618,99778,8178,0.12614398458631293,0.37520645990089924
9433,0.9501,21,50,21,592042,13568,99799,8157,0.12568083293193524,0.3754660529344074
9434,0.9502,28,71,28,592113,13497,99827,8129,0.1250231575827189,0.3758901322482197
9435,0.9503,47,78,47,592191,13419,99874,8082,0.12430064100188966,0.3758894935119297
9436,0.9504,34,97,34,592288,13322,99908,8048,0.1234021267923969,0.3766027140851661
9437,0.9505,55,133,55,592421,13189,99963,7993,0.1221701433917522,0.3773486922859031
9438,0.9506,35,71,35,592492,13118,99998,7958,0.12151246804253585,0.37758587967356233
9439,0.9507,32,54,32,592546,13064,100030,7926,0.12101226425580792,0.377608384945212
9440,0.9508,45,63,45,592609,13001,100075,7881,0.12042869317129201,0.3774063786993583
9441,0.9509,28,45,28,592654,12956,100103,7853,0.12001185668235206,0.37738478542938153
9442,0.951,34,65,34,592719,12891,100137,7819,0.11940975953166105,0.3775470787059392
9443,0.9511,49,71,49,592790,12820,100186,7770,0.1187520841824447,0.3773676542010685
9444,0.9512,24,49,24,592839,12771,100210,7746,0.11829819556115455,0.3775405761076181
9445,0.9513,42,95,42,592934,12676,100252,7704,0.1174182074178369,0.37801766437684003
9446,0.9514,39,101,39,593035,12575,100291,7665,0.11648264107599392,0.37870553359683795
9447,0.9515,35,82,35,593117,12493,100326,7630,0.11572307236281448,0.37916811608607065
9448,0.9516,29,61,29,593178,12432,100355,7601,0.11515802734447367,0.3794239504817052
9449,0.9517,42,67,42,593245,12365,100397,7559,0.11453740412760754,0.3793916884159807
9450,0.9518,50,95,50,593340,12270,100447,7509,0.1136574159842899,0.3796450781131503
9451,0.9519,25,77,25,593417,12193,100472,7484,0.11294416243654823,0.38034253189002387
9452,0.952,25,54,25,593471,12139,100497,7459,0.11244395864982029,0.3806000612307378
9453,0.9521,17,51,17,593522,12088,100514,7442,0.11197154396235504,0.3810547875064004
9454,0.9522,12,55,12,593577,12033,100526,7430,0.11146207714253956,0.3817499871551148
9455,0.9523,27,57,27,593634,11976,100553,7403,0.11093408425654896,0.3820114556994685
9456,0.9524,40,69,40,593703,11907,100593,7363,0.11029493497350773,0.3820965230928905
9457,0.9525,56,106,56,593809,11801,100649,7307,0.10931305346622698,0.3824052752773707
9458,0.9526,19,50,19,593859,11751,100668,7288,0.10884990181184927,0.382793213929303
9459,0.9527,26,39,26,593898,11712,100694,7262,0.10848864352143466,0.3827342679456098
9460,0.9528,29,63,29,593961,11649,100723,7233,0.10790507243691874,0.3830632348268192
9461,0.9529,14,28,14,593989,11621,100737,7219,0.10764570751046723,0.3831740976645435
9462,0.953,24,59,24,594048,11562,100761,7195,0.10709918855830153,0.3835901263528283
9463,0.9531,25,58,25,594106,11504,100786,7170,0.10656193263922338,0.383956302881011
9464,0.9532,21,58,21,594164,11446,100807,7149,0.10602467672014525,0.3844581876848615
9465,0.9533,29,78,29,594242,11368,100836,7120,0.10530216013931602,0.38511466897446994
9466,0.9534,33,59,33,594301,11309,100869,7087,0.10475564118715032,0.38524679278103935
9467,0.9535,20,66,20,594367,11243,100889,7067,0.10414428100337174,0.3859639541234298
9468,0.9536,17,57,17,594424,11186,100906,7050,0.10361628811738116,0.3865979381443299
9469,0.9537,56,103,56,594527,11083,100962,6994,0.10266219570936308,0.3869004812745478
9470,0.9538,44,81,44,594608,11002,101006,6950,0.10191189002927119,0.3871434937611408
9471,0.9539,21,52,21,594660,10950,101027,6929,0.10143021230871836,0.3875496392415683
9472,0.954,17,37,17,594697,10913,101044,6912,0.10108748008447886,0.38776998597475454
9473,0.9541,31,50,31,594747,10863,101075,6881,0.10062432843010115,0.3877930568079351
9474,0.9542,33,100,33,594847,10763,101108,6848,0.09969802512134573,0.3888478791664301
9475,0.9543,31,75,31,594922,10688,101139,6817,0.09900329763977916,0.3894315909740074
9476,0.9544,18,38,18,594960,10650,101157,6799,0.09865130238245211,0.3896498366668577
9477,0.9545,20,39,20,594999,10611,101177,6779,0.0982900440920375,0.3898217366302473
9478,0.9546,29,68,29,595067,10543,101206,6750,0.09766015784208382,0.3903313479442549
9479,0.9547,26,45,26,595112,10498,101232,6724,0.09724332135314387,0.3904308442689583
9480,0.9548,33,104,33,595216,10394,101265,6691,0.09627996591203823,0.3916300848697688
9481,0.9549,45,73,45,595289,10321,101310,6646,0.09560376449664679,0.39170153828019094
9482,0.955,18,31,18,595320,10290,101328,6628,0.09531661047093261,0.39177207707766876
9483,0.9551,40,81,40,595401,10209,101368,6588,0.09456630479084072,0.39221289515985
9484,0.9552,50,63,50,595464,10146,101418,6538,0.0939827337063248,0.3918724526492448
9485,0.9553,26,62,26,595526,10084,101444,6512,0.09340842565489645,0.3923837069173295
9486,0.9554,30,67,30,595593,10017,101474,6482,0.09278780243803031,0.3928722952906237
9487,0.9555,26,49,26,595642,9968,101500,6456,0.09233391381674015,0.3930832927423283
9488,0.9556,39,56,39,595698,9912,101539,6417,0.09181518396383712,0.39298181150101047
9489,0.9557,13,16,13,595714,9896,101552,6404,0.09166697543443625,0.39288343558282207
9490,0.9558,44,69,44,595783,9827,101596,6360,0.09102782615139501,0.39290788904676593
9491,0.9559,36,75,36,595858,9752,101632,6324,0.09033309866982844,0.3933814381686987
9492,0.956,34,38,34,595896,9714,101666,6290,0.08998110341250139,0.3930267433141715
9493,0.9561,42,67,42,595963,9647,101708,6248,0.08936048019563526,0.39307958477508653
9494,0.9562,31,58,31,596021,9589,101739,6217,0.08882322427655712,0.39333164621029987
9495,0.9563,33,42,33,596063,9547,101772,6184,0.08843417688687984,0.3931091475430678
9496,0.9564,19,58,19,596121,9489,101791,6165,0.0878969209678017,0.39382905327711765
9497,0.9565,15,28,15,596149,9461,101806,6150,0.08763755604135018,0.3939529818717571
9498,0.9566,24,51,24,596200,9410,101830,6126,0.08716514135388492,0.39430998970133885
9499,0.9567,26,54,26,596254,9356,101856,6100,0.08666493756715699,0.3946687370600414
9500,0.9568,33,58,33,596312,9298,101889,6067,0.08612768164807885,0.3948584445167589
9501,0.9569,20,45,20,596357,9253,101909,6047,0.0857108451591389,0.39522875816993464
9502,0.957,23,44,23,596401,9209,101932,6024,0.08530327170328653,0.3954572310116195
9503,0.9571,38,63,38,596464,9146,101970,5986,0.08471970061877061,0.39558551414221516
9504,0.9572,30,40,30,596504,9106,102000,5956,0.08434917929526844,0.39543221351746116
9505,0.9573,22,47,22,596551,9059,102022,5934,0.0839138167401534,0.3957846995264457
9506,0.9574,35,60,35,596611,8999,102057,5899,0.08335803475490014,0.39595918915290645
9507,0.9575,37,76,37,596687,8923,102094,5862,0.08265404424024603,0.39648292188028406
9508,0.9576,18,39,18,596726,8884,102112,5844,0.08229278594983142,0.39679521998913636
9509,0.9577,49,58,49,596784,8826,102161,5795,0.08175553003075327,0.3963477190342658
9510,0.9578,15,33,15,596817,8793,102176,5780,0.08144984993886398,0.3966238935016812
9511,0.9579,14,29,14,596846,8764,102190,5766,0.08118122197932491,0.39683413626978664
9512,0.958,23,46,23,596892,8718,102213,5743,0.08075512245729742,0.3971371274462347
9513,0.9581,34,68,34,596960,8650,102247,5709,0.08012523620734373,0.39759036144578314
9514,0.9582,30,38,30,596998,8612,102277,5679,0.07977324095001667,0.39738296830172837
9515,0.9583,17,41,17,597039,8571,102294,5662,0.07939345659342695,0.3978079111922996
9516,0.9584,37,40,37,597079,8531,102331,5625,0.07902293526992478,0.3973580107374965
9517,0.9585,45,66,45,597145,8465,102376,5580,0.07841157508614621,0.3972944108223567
9518,0.9586,14,31,14,597176,8434,102390,5566,0.07812442106043203,0.3975714285714286
9519,0.9587,17,34,17,597210,8400,102407,5549,0.07780947793545519,0.3978062943580185
9520,0.9588,18,34,18,597244,8366,102425,5531,0.07749453481047834,0.3979995682521407
9521,0.9589,26,35,26,597279,8331,102451,5505,0.07717032865241395,0.3978751084128361
9522,0.959,34,56,34,597335,8275,102485,5471,0.07665159879951092,0.39800669285610357
9523,0.9591,11,29,11,597364,8246,102496,5460,0.07638297083997184,0.3983656792645557
9524,0.9592,39,57,39,597421,8189,102535,5421,0.07585497795398125,0.3983100661278472
9525,0.9593,32,75,32,597496,8114,102567,5389,0.07516025047241469,0.3990964970747241
9526,0.9594,24,45,24,597541,8069,102591,5365,0.07474341398347475,0.39935983325889535
9527,0.9595,37,74,37,597615,7995,102628,5328,0.07405794953499574,0.3999099301959018
9528,0.9596,22,40,22,597655,7955,102650,5306,0.07368742821149357,0.40012065455093887
9529,0.9597,34,62,34,597717,7893,102684,5272,0.07311312016006521,0.40045575389289784
9530,0.9598,39,67,39,597784,7826,102723,5233,0.07249249694319908,0.4007198100926564
9531,0.9599,23,54,23,597838,7772,102746,5210,0.07199229315647115,0.4013249114158065
9532,0.96,30,42,30,597880,7730,102776,5180,0.07160324576679387,0.40123934934159566
9533,0.9601,30,75,30,597955,7655,102806,5150,0.07090851828522732,0.4021866458414682
9534,0.9602,14,45,14,598000,7610,102820,5136,0.07049168179628737,0.40294994508080967
9535,0.9603,21,30,21,598030,7580,102841,5115,0.07021379080366075,0.4029145332808192
9536,0.9604,26,54,26,598084,7526,102867,5089,0.06971358701693282,0.40340864050733255
9537,0.9605,46,91,46,598175,7435,102913,5043,0.0688706510059654,0.4041513062990864
9538,0.9606,15,49,15,598224,7386,102928,5028,0.06841676238467524,0.40502658289028515
9539,0.9607,28,31,28,598255,7355,102956,5000,0.06812960835896106,0.4046944556859571
9540,0.9608,33,52,33,598307,7303,102989,4967,0.06764793063840824,0.4048084759576202
9541,0.9609,19,49,19,598356,7254,103008,4948,0.06719404201711808,0.4055072938862482
9542,0.961,29,49,29,598405,7205,103037,4919,0.06674015339582794,0.4057241834378093
9543,0.9611,22,34,22,598439,7171,103059,4897,0.06642521027085109,0.4057838912827312
9544,0.9612,60,92,60,598531,7079,103119,4837,0.0655730112267961,0.4059248069822088
9545,0.9613,21,43,21,598574,7036,103140,4816,0.06517470080403127,0.4063449206884914
9546,0.9614,18,38,18,598612,6998,103158,4798,0.06482270554670422,0.4067480501865039
9547,0.9615,10,21,10,598633,6977,103168,4788,0.06462818185186557,0.40696982575435614
9548,0.9616,34,66,34,598699,6911,103202,4754,0.064016821668087,0.4075439348478354
9549,0.9617,15,32,15,598731,6879,103217,4739,0.06372040460928527,0.40790153210535374
9550,0.9618,23,42,23,598773,6837,103240,4716,0.06333135721960799,0.4082056608673072
9551,0.9619,32,56,32,598829,6781,103272,4684,0.06281262736670495,0.40854775403401655
9552,0.962,29,52,29,598881,6729,103301,4655,0.062330949646152135,0.4089072382290935
9553,0.9621,18,38,18,598919,6691,103319,4637,0.06197895438882508,0.4093396892655367
9554,0.9622,18,28,18,598947,6663,103337,4619,0.06171958946237356,0.4094132246055664
9555,0.9623,24,24,24,598971,6639,103361,4595,0.06149727666827226,0.40902617055367635
9556,0.9624,30,45,30,599016,6594,103391,4565,0.06108044017933232,0.40908683573796933
9557,0.9625,38,74,38,599090,6520,103429,4527,0.06039497573085331,0.40979451434778674
9558,0.9626,17,39,17,599129,6481,103446,4510,0.0600337174404387,0.4103357292330088
9559,0.9627,11,25,11,599154,6456,103457,4499,0.05980214161324984,0.41068005476951164
9560,0.9628,22,57,22,599211,6399,103479,4477,0.05927414872725925,0.41164030893710923
9561,0.9629,16,32,16,599243,6367,103495,4461,0.05897773166845752,0.411987439970447
9562,0.963,36,52,36,599295,6315,103531,4425,0.058496053947904705,0.41201117318435754
9563,0.9631,30,53,30,599348,6262,103561,4395,0.05800511319426433,0.41240499202402175
9564,0.9632,27,39,27,599387,6223,103588,4368,0.05764385490384972,0.4124256444150694
9565,0.9633,21,27,21,599414,6196,103609,4347,0.05739375301048576,0.41231148629422365
9566,0.9634,17,45,17,599459,6151,103626,4330,0.056976916521545816,0.4131285182711573
9567,0.9635,27,25,27,599484,6126,103653,4303,0.05674534069435696,0.41259948221305975
9568,0.9636,29,38,29,599522,6088,103682,4274,0.0563933454370299,0.4124686353985717
9569,0.9637,12,18,12,599540,6070,103694,4262,0.056226610841453924,0.41250483933410764
9570,0.9638,16,58,16,599598,6012,103710,4246,0.05568935492237578,0.41392084226944825
9571,0.9639,40,53,40,599651,5959,103750,4206,0.05519841416873541,0.41377274963108707
9572,0.964,41,61,41,599712,5898,103791,4165,0.05463336915039461,0.4138924773924277
9573,0.9641,25,40,25,599752,5858,103816,4140,0.05426284782689244,0.41408281656331264
9574,0.9642,22,22,22,599774,5836,103838,4118,0.05405906109896624,0.4137030339561985
9575,0.9643,21,30,21,599804,5806,103859,4097,0.05378117010633962,0.4137130162576997
9576,0.9644,10,26,10,599830,5780,103869,4087,0.05354033124606321,0.41420897942637075
9577,0.9645,26,49,26,599879,5731,103895,4061,0.05308644262477306,0.4147263071895425
9578,0.9646,28,40,28,599919,5691,103923,4033,0.05271592130127089,0.41474701768819416
9579,0.9647,22,48,22,599967,5643,103945,4011,0.05227129571306829,0.41547545059042884
9580,0.9648,23,43,23,600010,5600,103968,3988,0.05187298529030346,0.4159365874009178
9581,0.9649,13,20,13,600030,5580,103981,3975,0.051687724628552374,0.41601255886970173
9582,0.965,33,58,33,600088,5522,104014,3942,0.05115046870947423,0.4165257819103973
9583,0.9651,17,46,17,600134,5476,104031,3925,0.05072436918744674,0.4175087756621636
9584,0.9652,19,48,19,600182,5428,104050,3906,0.050279743599244135,0.41847010927790873
9585,0.9653,9,22,9,600204,5406,104059,3897,0.050075956871317946,0.41889712995807804
9586,0.9654,25,45,25,600249,5361,104084,3872,0.049659120382378005,0.41936532004765514
9587,0.9655,27,42,27,600291,5319,104111,3845,0.04927007299270073,0.4195766041030118
9588,0.9656,15,15,15,600306,5304,104126,3830,0.049131127496387414,0.41931245894460256
9589,0.9657,21,27,21,600333,5277,104147,3809,0.04888102560302345,0.4192163768434955
9590,0.9658,34,46,34,600379,5231,104181,3775,0.04845492608099596,0.41916500111037086
9591,0.9659,26,29,26,600408,5202,104207,3749,0.04818629812145689,0.418835884258742
9592,0.966,9,12,9,600420,5190,104216,3740,0.04807514172440624,0.41881298992161253
9593,0.9661,18,38,18,600458,5152,104234,3722,0.04772314646707918,0.4194275411313951
9594,0.9662,26,47,26,600505,5105,104260,3696,0.047287783911964136,0.4199522781502102
9595,0.9663,9,16,9,600521,5089,104269,3687,0.04713957538256327,0.42012306289881496
9596,0.9664,12,38,12,600559,5051,104281,3675,0.046787580125236206,0.4211551684620674
9597,0.9665,12,16,12,600575,5035,104293,3663,0.04663937159583534,0.4211312945504714
9598,0.9666,19,27,19,600602,5008,104312,3644,0.04638926970247138,0.42117429496070274
9599,0.9667,15,27,15,600629,4981,104327,3629,0.046139167809107415,0.42148664343786296
9600,0.9668,23,38,23,600667,4943,104350,3606,0.04578717255178035,0.42180371973330216
9601,0.9669,12,12,12,600679,4931,104362,3594,0.04567601615472971,0.42158357771260996
9602,0.967,24,29,24,600708,4902,104386,3570,0.045407388195190634,0.4213881019830028
9603,0.9671,19,51,19,600759,4851,104405,3551,0.04493497350772537,0.4226374672696977
9604,0.9672,13,35,13,600794,4816,104418,3538,0.044610767349660976,0.423509695954034
9605,0.9673,11,15,11,600809,4801,104429,3527,0.04447182185334766,0.4235110470701249
9606,0.9674,24,27,24,600836,4774,104453,3503,0.044221719959983696,0.4232209737827715
9607,0.9675,27,51,27,600887,4723,104480,3476,0.043749305272518434,0.42395414074887183
9608,0.9676,10,27,10,600914,4696,104490,3466,0.04349920337915447,0.424650820877236
9609,0.9677,21,24,21,600938,4672,104511,3445,0.04327689058505317,0.4244178883824073
9610,0.9678,23,59,23,600997,4613,104534,3422,0.042730371632887475,0.4258867454884879
9611,0.9679,27,51,27,601048,4562,104561,3395,0.04225795694542221,0.42666834234007794
9612,0.968,19,31,19,601079,4531,104580,3376,0.041970802919708027,0.4269634501074997
9613,0.9681,33,38,33,601117,4493,104613,3343,0.04161880766238097,0.42662072485962227
9614,0.9682,5,22,5,601139,4471,104618,3338,0.04141502093445478,0.42745550006402866
9615,0.9683,13,36,13,601175,4435,104631,3325,0.04108155174330283,0.42847938144329895
9616,0.9684,5,17,5,601192,4418,104636,3320,0.04092408018081441,0.4290514344791936
9617,0.9685,29,48,29,601240,4370,104665,3291,0.040479454592611805,0.4295783840229735
9618,0.9686,9,21,9,601261,4349,104674,3282,0.040284930897773165,0.43008779976412004
9619,0.9687,17,53,17,601314,4296,104691,3265,0.0397939901441328,0.4318211876735881
9620,0.9688,15,23,15,601337,4273,104706,3250,0.039580940383119045,0.43200850724445033
9621,0.9689,24,55,24,601392,4218,104730,3226,0.039071473563303566,0.4333691563675443
9622,0.969,26,39,26,601431,4179,104756,3200,0.038710215272888954,0.4336630979807562
9623,0.9691,13,31,13,601462,4148,104769,3187,0.038423061247174775,0.43449216087252895
9624,0.9692,23,31,23,601493,4117,104792,3164,0.038135907221460597,0.434555692899327
9625,0.9693,18,23,18,601516,4094,104810,3146,0.03792285746044685,0.4345303867403315
9626,0.9694,14,32,14,601548,4062,104824,3132,0.03762644040164512,0.4353628023352794
9627,0.9695,11,23,11,601571,4039,104835,3121,0.037413390640631365,0.43589385474860337
9628,0.9696,16,30,16,601601,4009,104851,3105,0.03713549964800474,0.4364633117795895
9629,0.9697,23,21,23,601622,3988,104874,3082,0.0369409759531661,0.4359264497878359
9630,0.9698,17,37,17,601659,3951,104891,3065,0.0365982437289266,0.43685860889395667
9631,0.9699,19,25,19,601684,3926,104910,3046,0.036366667901737745,0.4368904188181297
9632,0.97,30,49,30,601733,3877,104940,3016,0.03591277928044759,0.4375453358479617
9633,0.9701,12,16,12,601749,3861,104952,3004,0.03576457075104672,0.4375819373634377
9634,0.9702,13,19,13,601768,3842,104965,2991,0.03558857312238319,0.43772866969120444
9635,0.9703,11,13,11,601781,3829,104976,2980,0.035468153692244986,0.4376560434718755
9636,0.9704,14,12,14,601793,3817,104990,2966,0.035356997295194335,0.43726964469998525
9637,0.9705,17,21,17,601814,3796,105007,2949,0.0351624736003557,0.43721275018532246
9638,0.9706,9,15,9,601829,3781,105016,2940,0.03502352810404239,0.4374349055200119
9639,0.9707,12,21,12,601850,3760,105028,2928,0.03482900440920375,0.43779904306220097
9640,0.9708,14,26,14,601876,3734,105042,2914,0.03458816554892734,0.43832731648616124
9641,0.9709,20,52,20,601928,3682,105062,2894,0.03410648782837452,0.4400851581508516
9642,0.971,23,38,23,601966,3644,105085,2871,0.03375449257104746,0.4406753645433615
9643,0.9711,5,16,5,601982,3628,105090,2866,0.033606284041646596,0.44133045888512473
9644,0.9712,21,27,21,602009,3601,105111,2845,0.033356182148282634,0.44135898231461373
9645,0.9713,16,18,16,602027,3583,105127,2829,0.033189447552706655,0.4412039925140362
9646,0.9714,12,31,12,602058,3552,105139,2817,0.03290229352699248,0.4422986340084786
9647,0.9715,6,30,6,602088,3522,105145,2811,0.032624402534365854,0.44386546660350545
9648,0.9716,12,22,12,602110,3500,105157,2799,0.03242061580643966,0.44435624702333704
9649,0.9717,38,43,38,602153,3457,105195,2761,0.03202230538367483,0.444033451270505
9650,0.9718,27,29,27,602182,3428,105222,2734,0.03175367742413576,0.44368711457319054
9651,0.9719,24,24,24,602206,3404,105246,2710,0.03153136463003446,0.44324501144913314
9652,0.972,23,40,23,602246,3364,105269,2687,0.03116084330653229,0.4440588332507024
9653,0.9721,24,36,24,602282,3328,105293,2663,0.030827374115380342,0.4445000834585211
9654,0.9722,19,14,19,602296,3314,105312,2644,0.030697691652154583,0.44377307821416584
9655,0.9723,14,22,14,602318,3292,105326,2630,0.03049390492422839,0.4441067207024654
9656,0.9724,17,31,17,602349,3261,105343,2613,0.03020675089851421,0.44484167517875384
9657,0.9725,15,23,15,602372,3238,105358,2598,0.029993701137500463,0.4451679232350925
9658,0.9726,16,25,16,602397,3213,105374,2582,0.02976212531031161,0.4455565142364107
9659,0.9727,27,26,27,602423,3187,105401,2555,0.0295212864500352,0.4449669104841519
9660,0.9728,22,32,22,602455,3155,105423,2533,0.029224869391233466,0.44532348804500704
9661,0.9729,17,33,17,602488,3122,105440,2516,0.028919189299344176,0.4462575381340901
9662,0.973,14,31,14,602519,3091,105454,2502,0.028632035273629997,0.4473448954049705
9663,0.9731,9,26,9,602545,3065,105463,2493,0.028391196413353588,0.44854264123785537
9664,0.9732,21,53,21,602598,3012,105484,2472,0.027900255659713217,0.45076586433260396
9665,0.9733,10,22,10,602620,2990,105494,2462,0.027696468931787024,0.4515774027879677
9666,0.9734,14,17,14,602637,2973,105508,2448,0.027538997369298605,0.45157719977863864
9667,0.9735,15,35,15,602672,2938,105523,2433,0.027214791211234206,0.4529882703407187
9668,0.9736,14,32,14,602704,2906,105537,2419,0.02691837415243247,0.4542723004694836
9669,0.9737,11,13,11,602717,2893,105548,2408,0.02679795472229427,0.45425391435578194
9670,0.9738,34,55,34,602772,2838,105582,2374,0.02628848790247879,0.45548733691481197
9671,0.9739,9,8,9,602780,2830,105591,2365,0.026214383637778355,0.4552454282964389
9672,0.974,10,16,10,602796,2814,105601,2355,0.026066175108377488,0.4556006964596634
9673,0.9741,10,26,10,602822,2788,105611,2345,0.02582533624810108,0.45684784726280925
9674,0.9742,13,17,13,602839,2771,105624,2332,0.025667864685612655,0.45698608661571627
9675,0.9743,10,8,10,602847,2763,105634,2322,0.025593760420912222,0.45663716814159294
9676,0.9744,18,36,18,602883,2727,105652,2304,0.025260291229760274,0.45796064400715564
9677,0.9745,10,17,10,602900,2710,105662,2294,0.02510281966727185,0.4584332533972822
9678,0.9746,16,24,16,602924,2686,105678,2278,0.02488050687317055,0.4589041095890411
9679,0.9747,11,26,11,602950,2660,105689,2267,0.02463966801289414,0.46011771869291657
9680,0.9748,10,21,10,602971,2639,105699,2257,0.024445144318055504,0.4609885620915033
9681,0.9749,7,16,7,602987,2623,105706,2250,0.024296935788654637,0.4617278883644572
9682,0.975,6,13,6,603000,2610,105712,2244,0.024176516358516434,0.4622991347342398
9683,0.9751,6,14,6,603014,2596,105718,2238,0.024046833895290675,0.462970624741415
9684,0.9752,7,16,7,603030,2580,105725,2231,0.023898625365889808,0.4637289544793182
9685,0.9753,16,19,16,603049,2561,105741,2215,0.023722627737226276,0.4637772194304858
9686,0.9754,18,20,18,603069,2541,105759,2197,0.023537367075475192,0.4636977627691009
9687,0.9755,9,18,9,603087,2523,105768,2188,0.02337063247989922,0.4644449161536829
9688,0.9756,18,13,18,603100,2510,105786,2170,0.023250213049761013,0.4636752136752137
9689,0.9757,13,19,13,603119,2491,105799,2157,0.023074215421097485,0.46407056798623064
9690,0.9758,27,16,27,603135,2475,105826,2130,0.022926006891696618,0.46254071661237783
9691,0.9759,16,29,16,603164,2446,105842,2114,0.022657378932157544,0.4635964912280702
9692,0.976,17,28,17,603192,2418,105859,2097,0.022398014005706027,0.46445182724252493
9693,0.9761,9,18,9,603210,2400,105868,2088,0.022231279410130055,0.46524064171123
9694,0.9762,13,13,13,603223,2387,105881,2075,0.022110859979991848,0.4650380995069476
9695,0.9763,9,11,9,603234,2376,105890,2066,0.022008966616028754,0.465105808194507
9696,0.9764,5,8,5,603242,2368,105895,2061,0.02193486235132832,0.46534206367125763
9697,0.9765,21,21,21,603263,2347,105916,2040,0.02174033865648968,0.46501025757921133
9698,0.9766,11,12,11,603275,2335,105927,2029,0.02162918225943903,0.4649404216315307
9699,0.9767,19,18,19,603293,2317,105946,2010,0.021462447663863054,0.4645250751097758
9700,0.9768,10,23,10,603316,2294,105956,2000,0.02124939790284931,0.4657661853749418
9701,0.9769,12,14,12,603330,2280,105968,1988,0.02111971543962355,0.46579194001874413
9702,0.977,10,14,10,603344,2266,105978,1978,0.02099003297639779,0.46606974552309144
9703,0.9771,7,22,7,603366,2244,105985,1971,0.0207862462484716,0.46761565836298935
9704,0.9772,8,14,8,603380,2230,105993,1963,0.02065656378524584,0.468161221082757
9705,0.9773,12,23,12,603403,2207,106005,1951,0.020443514024232095,0.4692159692159692
9706,0.9774,19,18,19,603421,2189,106024,1932,0.02027677942865612,0.4688182479980587
9707,0.9775,7,11,7,603432,2178,106031,1925,0.020174886064693025,0.4691689008042895
9708,0.9776,11,14,11,603446,2164,106042,1914,0.020045203601467266,0.4693477194703286
9709,0.9777,6,21,6,603467,2143,106048,1908,0.019850679906628626,0.47099481609479144
9710,0.9778,10,18,10,603485,2125,106058,1898,0.01968394531105265,0.4717872234650758
9711,0.9779,22,26,22,603511,2099,106080,1876,0.01944310645077624,0.4719496855345912
9712,0.978,10,11,10,603522,2088,106090,1866,0.019341213086813146,0.47192716236722304
9713,0.9781,15,16,15,603538,2072,106105,1851,0.01919300455741228,0.47183278103492227
9714,0.9782,12,9,12,603547,2063,106117,1839,0.019109637259624293,0.4712967708867248
9715,0.9783,14,14,14,603561,2049,106131,1825,0.018979954796398534,0.4710893133711926
9716,0.9784,21,27,21,603588,2022,106152,1804,0.01872985290303457,0.47151071615263984
9717,0.9785,15,13,15,603601,2009,106167,1789,0.018609433472896366,0.4710373880989995
9718,0.9786,7,10,7,603611,1999,106174,1782,0.018516803142020824,0.47130388786035443
9719,0.9787,16,19,16,603630,1980,106190,1766,0.018340805513357292,0.47143619861185265
9720,0.9788,15,22,15,603652,1958,106205,1751,0.0181370187854311,0.4720949042868698
9721,0.9789,12,17,12,603669,1941,106217,1739,0.01797954722294268,0.47255434782608696
9722,0.979,2,5,2,603674,1936,106219,1737,0.01793323205750491,0.4729104274435067
9723,0.9791,11,24,11,603698,1912,106230,1726,0.01771091926340361,0.47443650357339195
9724,0.9792,22,38,22,603736,1874,106252,1704,0.01735892400607655,0.4762437115707099
9725,0.9793,6,6,6,603742,1868,106258,1698,0.017303345807551225,0.4761637689287717
9726,0.9794,17,22,17,603764,1846,106275,1681,0.017099559079625033,0.4766090161610434
9727,0.9795,12,19,12,603783,1827,106287,1669,0.016923561450961504,0.4774027459954233
9728,0.9796,16,16,16,603799,1811,106303,1653,0.016775352921560637,0.47719399538106233
9729,0.9797,22,13,22,603812,1798,106325,1631,0.01665493349142243,0.4756488772236804
9730,0.9798,15,9,15,603821,1789,106340,1616,0.016571566193634445,0.47459618208516885
9731,0.9799,16,20,16,603841,1769,106356,1600,0.01638630553188336,0.4749183734045711
9732,0.98,36,46,36,603887,1723,106392,1564,0.015960206009855867,0.47581381198661393
9733,0.9801,9,11,9,603898,1712,106401,1555,0.015858312645892773,0.4759718396082032
9734,0.9802,9,14,9,603912,1698,106410,1546,0.015728630182667014,0.47657213316892727
9735,0.9803,9,11,9,603923,1687,106419,1537,0.015626736818703916,0.47673697270471466
9736,0.9804,5,10,5,603933,1677,106424,1532,0.015534106487828374,0.4774072919912745
9737,0.9805,5,11,5,603944,1666,106429,1527,0.015432213123865278,0.47823363607892266
9738,0.9806,7,6,7,603950,1660,106436,1520,0.015376634925339954,0.4779874213836478
9739,0.9807,14,22,14,603972,1638,106450,1506,0.015172848197413762,0.47900763358778625
9740,0.9808,9,11,9,603983,1627,106459,1497,0.015070954833450665,0.4791933418693982
9741,0.9809,12,31,12,604014,1596,106471,1485,0.014783800807736485,0.4819863680623174
9742,0.981,11,24,11,604038,1572,106482,1474,0.014561488013635184,0.48391332895600786
9743,0.9811,3,9,3,604047,1563,106485,1471,0.014478120715847196,0.484838497033619
9744,0.9812,11,19,11,604066,1544,106496,1460,0.014302123087183668,0.48601864181091875
9745,0.9813,14,18,14,604084,1526,106510,1446,0.014135388491607693,0.48654104979811574
9746,0.9814,11,12,11,604096,1514,106521,1435,0.014024232094557042,0.4866056290267887
9747,0.9815,15,27,15,604123,1487,106536,1420,0.013774130201193079,0.4884760921912625
9748,0.9816,18,17,18,604140,1470,106554,1402,0.013616658638704657,0.4881615598885794
9749,0.9817,12,17,12,604157,1453,106566,1390,0.013459187076216236,0.48892015476609213
9750,0.9818,17,8,17,604165,1445,106583,1373,0.013385082811515802,0.4872249822569198
9751,0.9819,16,23,16,604188,1422,106599,1357,0.013172033050502057,0.4883051457358762
9752,0.982,13,13,13,604201,1409,106612,1344,0.013051613620363852,0.4881946966945151
9753,0.9821,14,20,14,604221,1389,106626,1330,0.012866352958612768,0.4891504229496138
9754,0.9822,13,14,13,604235,1375,106639,1317,0.01273667049538701,0.4892273402674591
9755,0.9823,5,5,5,604240,1370,106644,1312,0.012690355329949238,0.4891871737509321
9756,0.9824,20,24,20,604264,1346,106664,1292,0.012468042535847938,0.489764973464746
9757,0.9825,8,19,8,604283,1327,106672,1284,0.012292044907184408,0.49176560704710837
9758,0.9826,15,12,15,604295,1315,106687,1269,0.012180888510133759,0.49109907120743035
9759,0.9827,4,1,4,604296,1314,106691,1265,0.012171625477046205,0.4905001938735944
9760,0.9828,6,7,6,604303,1307,106697,1259,0.012106784245433325,0.4906469212782541
9761,0.9829,13,6,13,604309,1301,106710,1246,0.012051206046908,0.48920298390263056
9762,0.983,7,11,7,604320,1290,106717,1239,0.011949312682944904,0.48991696322657174
9763,0.9831,5,16,5,604336,1274,106722,1234,0.011801104153544037,0.4920255183413078
9764,0.9832,15,23,15,604359,1251,106737,1219,0.01158805439253029,0.49352226720647774
9765,0.9833,6,10,6,604369,1241,106743,1213,0.011495424061654748,0.49429502852485735
9766,0.9834,22,21,22,604390,1220,106765,1191,0.01130090036681611,0.4939858979676483
9767,0.9835,12,11,12,604401,1209,106777,1179,0.011199007002853013,0.4937185929648241
9768,0.9836,6,6,6,604407,1203,106783,1173,0.01114342880432769,0.4936868686868687
9769,0.9837,4,7,4,604414,1196,106787,1169,0.01107858757271481,0.49429175475687104
9770,0.9838,7,23,7,604437,1173,106794,1162,0.010865537811701064,0.497644539614561
9771,0.9839,6,10,6,604447,1163,106800,1156,0.010772907480825522,0.4984907287623976
9772,0.984,4,10,4,604457,1153,106804,1152,0.01068027714994998,0.4997830802603037
9773,0.9841,11,20,11,604477,1133,106815,1141,0.010495016488198896,0.5017590149516271
9774,0.9842,13,22,13,604499,1111,106828,1128,0.010291229760272703,0.503796337650737
9775,0.9843,11,16,11,604515,1095,106839,1117,0.010143021230871836,0.5049728752260397
9776,0.9844,9,2,9,604517,1093,106848,1108,0.010124495164696727,0.5034075420263516
9777,0.9845,8,11,8,604528,1082,106856,1100,0.010022601800733633,0.5041246562786434
9778,0.9846,5,4,5,604532,1078,106861,1095,0.009985549668383416,0.5039116428900138
9779,0.9847,3,9,3,604541,1069,106864,1092,0.009902182370595428,0.5053216103655715
9780,0.9848,7,6,7,604547,1063,106871,1085,0.009846604172070103,0.50512104283054
9781,0.9849,4,5,4,604552,1058,106875,1081,0.009800289006632332,0.5053763440860215
9782,0.985,12,16,12,604568,1042,106887,1069,0.009652080477231465,0.5063950734249171
9783,0.9851,6,9,6,604577,1033,106893,1063,0.009568713179443477,0.5071564885496184
9784,0.9852,15,18,15,604595,1015,106908,1048,0.009401978583867501,0.5079980610761028
9785,0.9853,17,7,17,604602,1008,106925,1031,0.009337137352254622,0.5056400196174595
9786,0.9854,17,13,17,604615,995,106942,1014,0.009216717922116417,0.5047287207565954
9787,0.9855,12,17,12,604632,978,106954,1002,0.009059246359627996,0.5060606060606061
9788,0.9856,9,12,9,604644,966,106963,993,0.008948089962577347,0.5068912710566615
9789,0.9857,1,7,1,604651,959,106964,992,0.008883248730964468,0.5084572014351615
9790,0.9858,14,14,14,604665,945,106978,978,0.008753566267738709,0.5085803432137286
9791,0.9859,9,17,9,604682,928,106987,969,0.008596094705250287,0.510806536636795
9792,0.986,6,6,6,604688,922,106993,963,0.008540516506724962,0.5108753315649868
9793,0.9861,5,9,5,604697,913,106998,958,0.008457149208936974,0.5120256547300909
9794,0.9862,17,17,17,604714,896,107015,941,0.008299677646448553,0.512248230811105
9795,0.9863,13,8,13,604722,888,107028,928,0.00822557338174812,0.5110132158590308
9796,0.9864,9,14,9,604736,874,107037,919,0.00809589091852236,0.5125488008923592
9797,0.9865,10,13,10,604749,861,107047,909,0.007975471488384157,0.5135593220338983
9798,0.9866,11,15,11,604764,846,107058,898,0.007836525992070844,0.5149082568807339
9799,0.9867,3,10,3,604774,836,107061,895,0.007743895661195301,0.5170421721548238
9800,0.9868,5,5,5,604779,831,107066,890,0.007697580495757531,0.5171411969785009
9801,0.9869,8,11,8,604790,820,107074,882,0.007595687131794435,0.518213866039953
9802,0.987,15,13,15,604803,807,107089,867,0.00747526770165623,0.517921146953405
9803,0.9871,15,23,15,604826,784,107104,852,0.007262217940642484,0.5207823960880196
9804,0.9872,9,9,9,604835,775,107113,843,0.007178850642854497,0.5210135970333746
9805,0.9873,6,6,6,604841,769,107119,837,0.0071232724443291715,0.5211706102117061
9806,0.9874,12,7,12,604848,762,107131,825,0.007058431212716292,0.5198487712665406
9807,0.9875,7,12,7,604860,750,107138,818,0.006947274815665642,0.5216836734693877
9808,0.9876,19,14,19,604874,736,107157,799,0.006817592352439883,0.5205211726384364
9809,0.9877,12,10,12,604884,726,107169,787,0.006724962021564341,0.520158625247852
9810,0.9878,9,11,9,604895,715,107178,778,0.006623068657601245,0.521098459477562
9811,0.9879,13,12,13,604907,703,107191,765,0.006511912260550595,0.521117166212534
9812,0.988,4,5,4,604912,698,107195,761,0.006465597095112824,0.5215901302261823
9813,0.9881,16,27,16,604939,671,107211,745,0.00621549520174886,0.5261299435028248
9814,0.9882,4,5,4,604944,666,107215,741,0.006169180036311089,0.5266524520255863
9815,0.9883,5,8,5,604952,658,107220,736,0.006095075771610657,0.5279770444763271
9816,0.9884,13,16,13,604968,642,107233,723,0.005946867242209789,0.5296703296703297
9817,0.9885,11,15,11,604983,627,107244,712,0.005807921745896476,0.5317401045556386
9818,0.9886,14,15,14,604998,612,107258,698,0.005668976249583163,0.5328244274809161
9819,0.9887,9,11,9,605009,601,107267,689,0.005567082885620068,0.5341085271317829
9820,0.9888,5,8,5,605017,593,107272,684,0.005492978620919634,0.5356303837118246
9821,0.9889,3,5,3,605022,588,107275,681,0.005446663455481863,0.5366430260047281
9822,0.989,5,7,5,605029,581,107280,676,0.005381822223868984,0.5377883850437549
9823,0.9891,1,8,1,605037,573,107281,675,0.00530771795916855,0.5408653846153846
9824,0.9892,16,17,16,605054,556,107297,659,0.005150246396680129,0.5423868312757202
9825,0.9893,10,14,10,605068,542,107307,649,0.005020563933454371,0.5449202350965575
9826,0.9894,10,7,10,605075,535,107317,639,0.004955722701841491,0.5442930153321976
9827,0.9895,5,8,5,605083,527,107322,634,0.004881618437141058,0.5460809646856158
9828,0.9896,6,5,6,605088,522,107328,628,0.004835303271703287,0.5460869565217391
9829,0.9897,16,10,16,605098,512,107344,612,0.0047426729408277446,0.5444839857651246
9830,0.9898,12,10,12,605108,502,107356,600,0.0046500426099522025,0.5444646098003629
9831,0.9899,6,12,6,605120,490,107362,594,0.004538886212901552,0.5479704797047971
9832,0.99,62,31,62,605151,459,107424,532,0.004251732187187373,0.5368314833501514
9833,0.9901,4,6,4,605157,453,107428,528,0.004196153988662047,0.5382262996941896
9834,0.9902,13,8,13,605165,445,107441,515,0.004122049723961614,0.5364583333333334
9835,0.9903,7,6,7,605171,439,107448,508,0.0040664715254362886,0.5364308342133052
9836,0.9904,5,6,5,605177,433,107453,503,0.004010893326910963,0.5373931623931624
9837,0.9905,3,2,3,605179,431,107456,500,0.003992367260735855,0.5370569280343717
9838,0.9906,7,12,7,605191,419,107463,493,0.003881210863685205,0.5405701754385965
9839,0.9907,2,2,2,605193,417,107465,491,0.0038626847975100965,0.5407488986784141
9840,0.9908,12,7,12,605200,410,107477,479,0.0037978435658972175,0.5388076490438695
9841,0.9909,2,7,2,605207,403,107479,477,0.003733002334284338,0.5420454545454545
9842,0.991,10,11,10,605218,392,107489,467,0.003631108970321242,0.5436554132712457
9843,0.9911,3,2,3,605220,390,107492,464,0.0036125829041461334,0.5433255269320844
9844,0.9912,1,0,1,605220,390,107493,463,0.0036125829041461334,0.5427901524032825
9845,0.9913,8,3,8,605223,387,107501,455,0.0035847938048834713,0.5403800475059383
9846,0.9914,2,1,2,605224,386,107503,453,0.003575530771795917,0.5399284862932062
9847,0.9915,5,6,5,605230,380,107508,448,0.003519952573270592,0.5410628019323671
9848,0.9916,7,10,7,605240,370,107515,441,0.00342732224239505,0.5437731196054254
9849,0.9917,8,3,8,605243,367,107523,433,0.003399533143132387,0.54125
9850,0.9918,5,8,5,605251,359,107528,428,0.0033254288784319535,0.5438373570520966
9851,0.9919,6,4,6,605255,355,107534,422,0.003288376746081737,0.5431145431145431
9852,0.992,6,1,6,605256,354,107540,416,0.003279113712994183,0.5402597402597402
9853,0.9921,5,4,5,605260,350,107545,411,0.003242061580643966,0.5400788436268068
9854,0.9922,4,5,4,605265,345,107549,407,0.003195746415206195,0.5412234042553191
9855,0.9923,7,7,7,605272,338,107556,400,0.0031309051835933157,0.5420054200542005
9856,0.9924,2,4,2,605276,334,107558,398,0.003093853051243099,0.5437158469945356
9857,0.9925,6,7,6,605283,327,107564,392,0.00302901181963022,0.545201668984701
9858,0.9926,0,5,0,605288,322,107564,392,0.002982696654192449,0.5490196078431373
9859,0.9927,5,2,5,605290,320,107569,387,0.0029641705880173405,0.5473833097595474
9860,0.9928,15,13,15,605303,307,107584,372,0.002843751157879136,0.5478645066273933
9861,0.9929,7,6,7,605309,301,107591,365,0.002788172959353811,0.5480480480480481
9862,0.993,12,8,12,605317,293,107603,353,0.0027140686946533774,0.5464396284829721
9863,0.9931,1,2,1,605319,291,107604,352,0.002695542628478269,0.5474339035769828
9864,0.9932,10,7,10,605326,284,107614,342,0.0026307013968653896,0.5463258785942492
9865,0.9933,0,1,0,605327,283,107614,342,0.0026214383637778354,0.5472
9866,0.9934,4,12,4,605339,271,107618,338,0.0025102819667271853,0.555008210180624
9867,0.9935,1,1,1,605340,270,107619,337,0.002501018933639631,0.5551894563426688
9868,0.9936,0,3,0,605343,267,107619,337,0.0024732298343769685,0.5579470198675497
9869,0.9937,6,6,6,605349,261,107625,331,0.0024176516358516433,0.5591216216216216
9870,0.9938,1,2,1,605351,259,107626,330,0.002399125569676535,0.5602716468590832
9871,0.9939,5,4,5,605355,255,107631,325,0.002362073437326318,0.5603448275862069
9872,0.994,3,6,3,605361,249,107634,322,0.002306495238800993,0.563922942206655
9873,0.9941,3,1,3,605362,248,107637,319,0.0022972322057134387,0.562610229276896
9874,0.9942,6,5,6,605367,243,107643,313,0.002250917040275668,0.5629496402877698
9875,0.9943,3,2,3,605369,241,107646,310,0.0022323909741005597,0.5626134301270418
9876,0.9944,5,6,5,605375,235,107651,305,0.0021768127755752344,0.5648148148148148
9877,0.9945,1,3,1,605378,232,107652,304,0.002149023676312572,0.5671641791044776
9878,0.9946,4,8,4,605386,224,107656,300,0.002074919411612138,0.5725190839694656
9879,0.9947,4,5,4,605391,219,107660,296,0.002028604246174367,0.574757281553398
9880,0.9948,3,2,3,605393,217,107663,293,0.0020100781799992588,0.5745098039215686
9881,0.9949,3,4,3,605397,213,107666,290,0.0019730260476490424,0.5765407554671969
9882,0.995,3,3,3,605400,210,107669,287,0.0019452369483863796,0.5774647887323944
9883,0.9951,3,1,3,605401,209,107672,284,0.0019359739152988254,0.5760649087221096
9884,0.9952,1,0,1,605401,209,107673,283,0.0019359739152988254,0.5752032520325203
9885,0.9953,5,6,5,605407,203,107678,278,0.0018803957167735003,0.577962577962578
9886,0.9954,1,0,1,605407,203,107679,277,0.0018803957167735003,0.5770833333333333
9887,0.9955,2,2,2,605409,201,107681,275,0.001861869650598392,0.5777310924369747
9888,0.9956,6,7,6,605416,194,107687,269,0.0017970284189855125,0.5809935205183585
9889,0.9957,8,8,8,605424,186,107695,261,0.001722924154285079,0.5838926174496645
9890,0.9958,2,6,2,605430,180,107697,259,0.0016673459557597539,0.5899772209567198
9891,0.9959,2,4,2,605434,176,107699,257,0.0016302938234095373,0.5935334872979214
9892,0.996,0,8,0,605442,168,107699,257,0.0015561895587091036,0.6047058823529412
9893,0.9961,5,4,5,605446,164,107704,252,0.001519137426358887,0.6057692307692307
9894,0.9962,2,2,2,605448,162,107706,250,0.0015006113601837786,0.6067961165048543
9895,0.9963,3,3,3,605451,159,107709,247,0.001472822260921116,0.6083743842364532
9896,0.9964,1,3,1,605454,156,107710,246,0.0014450331616584534,0.6119402985074627
9897,0.9965,10,3,10,605457,153,107720,236,0.0014172440623957908,0.6066838046272494
9898,0.9966,1,2,1,605459,151,107721,235,0.0013987179962206824,0.6088082901554405
9899,0.9967,1,1,1,605460,150,107722,234,0.0013894549631331284,0.609375
9900,0.9968,4,4,4,605464,146,107726,230,0.0013524028307829116,0.6117021276595744
9901,0.9969,3,2,3,605466,144,107729,227,0.0013338767646078032,0.6118598382749326
9902,0.9972,1,0,1,605466,144,107730,226,0.0013338767646078032,0.6108108108108108
9903,0.9974,5,3,5,605469,141,107735,221,0.0013060876653451406,0.6104972375690608
9904,0.9975,1,0,1,605469,141,107736,220,0.0013060876653451406,0.6094182825484764
9905,0.9977,6,5,6,605474,136,107742,214,0.0012597724999073698,0.6114285714285714
9906,0.9979,6,3,6,605477,133,107748,208,0.0012319834006447072,0.6099706744868035
9907,0.998,3,1,3,605478,132,107751,205,0.001222720367557153,0.6083086053412463
9908,0.9981,1,0,1,605478,132,107752,204,0.001222720367557153,0.6071428571428571
9909,0.9982,5,8,5,605486,124,107757,199,0.0011486161028567193,0.6160990712074303
9910,0.9983,2,1,2,605487,123,107759,197,0.0011393530697691651,0.615625
9911,0.9984,4,1,4,605488,122,107763,193,0.0011300900366816111,0.6126984126984127
9912,0.9985,10,11,10,605499,111,107773,183,0.001028196672718515,0.6224489795918368
9913,0.9987,3,0,3,605499,111,107776,180,0.001028196672718515,0.6185567010309279
9914,0.9988,5,1,5,605500,110,107781,175,0.0010189336396309607,0.6140350877192983
9915,0.9989,2,4,2,605504,106,107783,173,0.000981881507280744,0.6200716845878136
9916,0.999,1,0,1,605504,106,107784,172,0.000981881507280744,0.6187050359712231
9917,0.9991,1,1,1,605505,105,107785,171,0.0009726184741931898,0.6195652173913043
9918,0.9992,9,4,9,605509,101,107794,162,0.0009355663418429731,0.6159695817490495
9919,0.9993,2,4,2,605513,97,107796,160,0.0008985142094927563,0.622568093385214
9920,0.9994,1,2,1,605515,95,107797,159,0.000879988143317648,0.6259842519685039
9921,0.9995,0,1,0,605516,94,107797,159,0.0008707251102300938,0.6284584980237155
9922,0.9996,1,1,1,605517,93,107798,158,0.0008614620771425395,0.6294820717131474
9923,0.9997,3,1,3,605518,92,107801,155,0.0008521990440549853,0.6275303643724697
9924,0.9998,1,3,1,605521,89,107802,154,0.0008244099447923228,0.6337448559670782
9925,1.0,154,89,154,605610,0,107956,0,0.0,
