,y_proba,y_test,Neg,Pos,TN,FP,FN,TP,FP/P,Prec
0,0.0,4,344,4,344,605266,4,107952,5.606598984771574,0.15135905151019743
1,0.0017,0,1,0,345,605265,4,107952,5.606589721738486,0.1513592637303934
2,0.0025,0,6,0,351,605259,4,107952,5.606534143539961,0.1513605370640666
3,0.0033,1,7,1,358,605252,5,107951,5.606469302308348,0.1513608327502829
4,0.0041,0,3,0,361,605249,5,107951,5.606441513209085,0.15136146943353898
5,0.005,2,40,2,401,605209,7,107949,5.606070991885583,0.15136757913393667
6,0.0054,1,4,1,405,605205,8,107948,5.606033939753233,0.15136723816628408
7,0.0057,0,2,0,407,605203,8,107948,5.606015413687057,0.15136766266891585
8,0.0058,0,6,0,413,605197,8,107948,5.605959835488532,0.15136893619109718
9,0.006,0,7,0,420,605190,8,107948,5.60589499425692,0.15137042199406006
10,0.0067,0,11,0,431,605179,8,107948,5.6057931008929565,0.15137275688622082
11,0.0071,2,2,2,433,605177,10,107946,5.605774574826781,0.15137080139050346
12,0.0073,0,2,0,435,605175,10,107946,5.605756048760606,0.15137122592098676
13,0.0075,0,9,0,444,605166,10,107946,5.605672681462818,0.15137313633763
14,0.008,0,2,0,446,605164,10,107946,5.6056541553966435,0.15137356088121048
15,0.0083,0,9,0,455,605155,10,107946,5.605570788098855,0.15137547135679238
16,0.0088,0,1,0,456,605154,10,107946,5.6055615250657675,0.15137568363483384
17,0.009,0,1,0,457,605153,10,107946,5.60555226203268,0.15137589591347064
18,0.0098,0,2,0,459,605151,10,107946,5.605533735966505,0.15137632047253038
19,0.01,8,357,8,816,604794,18,107938,5.602226833154248,0.15144261798263584
20,0.0107,0,1,0,817,604793,18,107938,5.6022175701211605,0.15144283046478965
21,0.011,0,3,0,820,604790,18,107938,5.602189781021898,0.15144346791482866
22,0.0117,0,1,0,821,604789,18,107938,5.602180517988811,0.1514436803993675
23,0.012,1,8,1,829,604781,19,107937,5.60210641372411,0.15144418970757018
24,0.0125,0,14,0,843,604767,19,107937,5.601976731260884,0.1514471646012931
25,0.0132,1,2,1,845,604765,20,107936,5.601958205194709,0.15144639898077875
26,0.0133,0,36,0,881,604729,20,107936,5.601624736003557,0.15145404923772038
27,0.014,0,12,0,893,604717,20,107936,5.6015135796065065,0.15145659949512597
28,0.0142,0,7,0,900,604710,20,107936,5.601448738374893,0.15145808718494175
29,0.0143,0,5,0,905,604705,20,107936,5.601402423209456,0.15145914983841793
30,0.0144,0,1,0,906,604704,20,107936,5.601393160176368,0.15145936237090257
31,0.0145,0,4,0,910,604700,20,107936,5.601356108044018,0.15146021250680572
32,0.015,0,58,0,968,604642,20,107936,5.60081885212494,0.1514725405499468
33,0.0158,0,12,0,980,604630,20,107936,5.600707695727889,0.15147509143012716
34,0.016,0,3,0,983,604627,20,107936,5.600679906628627,0.15147572916359675
35,0.0164,0,1,0,984,604626,20,107936,5.600670643595539,0.15147594174261328
36,0.0167,2,25,2,1009,604601,22,107934,5.60043906776835,0.1514788747219435
37,0.017,0,2,0,1011,604599,22,107934,5.600420541702175,0.15147929990610962
38,0.0171,0,1,0,1012,604598,22,107934,5.600411278669087,0.15147951249908775
39,0.0175,1,13,1,1025,604585,23,107933,5.6002908592389495,0.15148108539012348
40,0.0176,0,2,0,1027,604583,23,107933,5.600272333172774,0.15148151059063936
41,0.0179,0,1,0,1028,604582,23,107933,5.600263070139687,0.15148172319179246
42,0.0183,0,22,0,1050,604560,23,107933,5.600059283411761,0.15148640056814594
43,0.019,0,3,0,1053,604557,23,107933,5.600031494312498,0.15148703841457423
44,0.0192,0,5,0,1058,604552,23,107933,5.59998517914706,0.1514881015038913
45,0.0195,0,2,0,1060,604550,23,107933,5.599966653080885,0.15148852674379598
46,0.02,9,596,9,1656,603954,32,107924,5.594445885360702,0.15160462888303894
47,0.0203,0,1,0,1657,603953,32,107924,5.594436622327615,0.15160484184767875
48,0.0207,1,2,1,1659,603951,33,107923,5.59441809626144,0.15160407600221387
49,0.0208,1,4,1,1663,603947,34,107922,5.59438104412909,0.15160373608065528
50,0.021,1,4,1,1667,603943,35,107921,5.594343991996739,0.1516033961543216
51,0.0212,0,2,0,1669,603941,35,107921,5.594325465930564,0.15160382208911277
52,0.0214,0,8,0,1677,603933,35,107921,5.594251361665864,0.15160552585221126
53,0.0215,0,1,0,1678,603932,35,107921,5.594242098632776,0.1516057388252912
54,0.0217,0,8,0,1686,603924,35,107921,5.5941679943680755,0.15160744263147174
55,0.022,0,11,0,1697,603913,35,107921,5.594066101004112,0.15160978542750136
56,0.0224,0,1,0,1698,603912,35,107921,5.594056837971025,0.15160999841254902
57,0.0225,0,23,0,1721,603889,35,107921,5.593843788210012,0.15161489723381238
58,0.0229,0,1,0,1722,603888,35,107921,5.593834525176924,0.1516151102332227
59,0.0231,0,1,0,1723,603887,35,107921,5.593825262143836,0.15161532323323143
60,0.0233,2,57,2,1780,603830,37,107919,5.593297269257846,0.15162508131377775
61,0.0237,0,3,0,1783,603827,37,107919,5.593269480158583,0.1516257204114951
62,0.0238,0,5,0,1788,603822,37,107919,5.593223164993145,0.15162678558632986
63,0.0239,0,1,0,1789,603821,37,107919,5.593213901960058,0.1516269986230927
64,0.024,0,14,0,1803,603807,37,107919,5.593084219496832,0.1516299812006306
65,0.0242,0,4,0,1807,603803,37,107919,5.593047167364482,0.15163083338719333
66,0.0243,0,2,0,1809,603801,37,107919,5.593028641298306,0.15163125948406678
67,0.0247,0,2,0,1811,603799,37,107919,5.593010115232132,0.15163168558333498
68,0.0248,0,2,0,1813,603797,37,107919,5.5929915891659565,0.15163211168499796
69,0.025,1,99,1,1912,603698,38,107918,5.592074548890289,0.15165201456965555
70,0.0258,1,5,1,1917,603693,39,107917,5.592028233724851,0.1516518879723444
71,0.026,0,5,0,1922,603688,39,107917,5.591981918559413,0.15165295353461541
72,0.0262,0,5,0,1927,603683,39,107917,5.591935603393975,0.1516540191118606
73,0.0265,0,2,0,1929,603681,39,107917,5.591917077327801,0.15165444534695152
74,0.0266,0,1,0,1930,603680,39,107917,5.5919078142947125,0.15165465846539544
75,0.0267,1,54,1,1984,603626,40,107916,5.591407610507985,0.1516649755039056
76,0.0268,0,2,0,1986,603624,40,107916,5.5913890844418095,0.15166540180453664
77,0.027,0,3,0,1989,603621,40,107916,5.591361295342547,0.15166604125997665
78,0.0273,0,2,0,1991,603619,40,107916,5.5913427692763715,0.15166646756659896
79,0.0275,0,29,0,2020,603590,40,107916,5.591074141316833,0.15167264928194563
80,0.028,0,9,0,2029,603581,40,107916,5.590990774019045,0.15167456784779135
81,0.0281,0,1,0,2030,603580,40,107916,5.590981510985957,0.15167478102477033
82,0.0282,0,1,0,2031,603579,40,107916,5.59097224795287,0.1516749942023486
83,0.0283,0,22,0,2053,603557,40,107916,5.590768461224943,0.1516796842606817
84,0.0288,0,3,0,2056,603554,40,107916,5.590740672125681,0.15168032383656374
85,0.029,0,8,0,2064,603546,40,107916,5.59066656786098,0.1516820293986186
86,0.0292,0,3,0,2067,603543,40,107916,5.5906387787617176,0.15168266899427796
87,0.0293,0,2,0,2069,603541,40,107916,5.590620252695542,0.15168309539438082
88,0.0296,0,2,0,2071,603539,40,107916,5.590601726629368,0.15168352179688105
89,0.0297,0,1,0,2072,603538,40,107916,5.59059246359628,0.15168373499903015
90,0.0298,0,3,0,2075,603535,40,107916,5.590564674497017,0.15168437460907358
91,0.03,18,617,18,2692,602918,58,107898,5.5848493830819965,0.15179455724125512
92,0.0302,2,8,2,2700,602910,60,107896,5.584775278817296,0.1517938790612347
93,0.0308,0,1,0,2701,602909,60,107896,5.584766015784209,0.15179409261330462
94,0.031,0,3,0,2704,602906,60,107896,5.584738226684946,0.15179473327311965
95,0.0314,0,3,0,2707,602903,60,107896,5.584710437585683,0.15179537393834264
96,0.0317,0,13,0,2720,602890,60,107896,5.584590018155545,0.15179815021680224
97,0.032,0,10,0,2730,602880,60,107896,5.584497387824669,0.15180028588472316
98,0.0325,0,26,0,2756,602854,60,107896,5.584256548964393,0.1518058389025677
99,0.0327,2,5,2,2761,602849,62,107894,5.584210233798955,0.15180452005858658
100,0.0329,0,1,0,2762,602848,62,107894,5.584200970765868,0.15180473364455738
101,0.033,0,4,0,2766,602844,62,107894,5.584163918633517,0.15180558799445085
102,0.0333,3,90,3,2856,602754,65,107891,5.583330245655637,0.1518212328237024
103,0.0335,0,2,0,2858,602752,65,107891,5.583311719589462,0.15182166010218914
104,0.0339,0,1,0,2859,602751,65,107891,5.583302456556375,0.15182187374233438
105,0.034,0,15,0,2874,602736,65,107891,5.583163511060062,0.15182507841666584
106,0.0342,0,5,0,2879,602731,65,107891,5.583117195894624,0.15182614667150748
107,0.0343,0,5,0,2884,602726,65,107891,5.583070880729186,0.15182721494138193
108,0.0345,0,1,0,2885,602725,65,107891,5.5830616176960985,0.15182742859716078
109,0.035,0,144,0,3029,602581,65,107891,5.58172774093149,0.15185820130842595
110,0.0351,0,1,0,3030,602580,65,107891,5.581718477898403,0.15185841505142364
111,0.0353,1,2,1,3032,602578,66,107890,5.581699951832228,0.1518576487610983
112,0.0355,0,3,0,3035,602575,66,107890,5.581672162732965,0.1518582899931735
113,0.0357,0,3,0,3038,602572,66,107890,5.5816443736337025,0.151858931230664
114,0.0358,0,5,0,3043,602567,66,107890,5.5815980584682645,0.1518599999718491
115,0.036,0,15,0,3058,602552,66,107890,5.5814591129719515,0.1518632062856644
116,0.0365,0,4,0,3062,602548,66,107890,5.581422060839602,0.15186406132554847
117,0.0367,1,74,1,3136,602474,67,107889,5.580736596391122,0.15187868737532784
118,0.037,0,11,0,3147,602463,67,107889,5.580634703027159,0.1518810392594094
119,0.0373,0,5,0,3152,602458,67,107889,5.580588387861721,0.15188210832170757
120,0.0375,1,33,1,3185,602425,68,107888,5.5802827077698325,0.15188797051440703
121,0.0376,0,2,0,3187,602423,68,107888,5.580264181703657,0.1518883981805153
122,0.0377,0,2,0,3189,602421,68,107888,5.580245655637482,0.1518888258490319
123,0.0378,0,5,0,3194,602416,68,107888,5.580199340472044,0.15188989503086003
124,0.0379,1,2,1,3196,602414,69,107887,5.580180814405869,0.1518891286933286
125,0.038,0,3,0,3199,602411,69,107887,5.580153025306607,0.1518897702091235
126,0.0381,0,4,0,3203,602407,69,107887,5.580115973174256,0.15189062557194627
127,0.0383,1,42,1,3245,602365,70,107886,5.579726925784579,0.15189841337780588
128,0.0389,0,2,0,3247,602363,70,107886,5.579708399718403,0.15189884111065274
129,0.039,0,2,0,3249,602361,70,107886,5.579689873652229,0.15189926884590854
130,0.0392,1,5,1,3254,602356,71,107885,5.579643558486791,0.15189914409334296
131,0.0393,0,4,0,3258,602352,71,107885,5.579606506354441,0.15189999957760578
132,0.0395,0,3,0,3261,602349,71,107885,5.579578717255178,0.15190064119712657
133,0.0399,0,1,0,3262,602348,71,107885,5.57956945422209,0.1519008550715047
134,0.04,18,781,18,4043,601567,89,107867,5.572335025380711,0.15204656106135314
135,0.0407,0,5,0,4048,601562,89,107867,5.572288710215273,0.15204763267360089
136,0.0408,0,9,0,4057,601553,89,107867,5.572205342917485,0.1520495616137126
137,0.041,0,9,0,4066,601544,89,107867,5.572121975619697,0.15205149060276765
138,0.0413,0,2,0,4068,601542,89,107867,5.572103449553522,0.15205191927364892
139,0.0415,0,3,0,4071,601539,89,107867,5.572075660454259,0.1520525622845028
140,0.0416,0,1,0,4072,601538,89,107867,5.572066397421172,0.15205277662266264
141,0.0417,0,23,0,4095,601515,89,107867,5.5718533476601575,0.1520577065671246
142,0.0418,0,1,0,4096,601514,89,107867,5.57184408462707,0.15205792091978781
143,0.042,0,15,0,4111,601499,89,107867,5.571705139130757,0.15206113628225768
144,0.0423,0,1,0,4112,601498,89,107867,5.571695876097669,0.1520613506445906
145,0.0425,0,68,0,4180,601430,89,107867,5.571065989847716,0.15207592870123518
146,0.0427,0,3,0,4183,601427,89,107867,5.571038200748453,0.152076571915172
147,0.0429,0,1,0,4184,601426,89,107867,5.571028937715366,0.15207678632102672
148,0.043,0,3,0,4187,601423,89,107867,5.571001148616103,0.15207742954221828
149,0.0433,6,96,6,4283,601327,95,107861,5.5701118974396975,0.15209084192061909
150,0.044,2,17,2,4300,601310,97,107859,5.569954425877209,0.15209209652424174
151,0.0441,0,2,0,4302,601308,97,107859,5.569935899811034,0.15209252545592222
152,0.0442,0,8,0,4310,601300,97,107859,5.569861795546334,0.15209424120683795
153,0.0443,0,6,0,4316,601294,97,107859,5.569806217347808,0.15209552804542883
154,0.0445,0,2,0,4318,601292,97,107859,5.5697876912816335,0.15209595699646478
155,0.0447,2,4,2,4322,601288,99,107857,5.569750639149283,0.15209442356640743
156,0.045,2,182,2,4504,601106,101,107855,5.568064767127348,0.1521310763215466
157,0.0453,0,2,0,4506,601104,101,107855,5.568046241061173,0.15213150548903392
158,0.0455,0,1,0,4507,601103,101,107855,5.568036978028085,0.1521317200736856
159,0.0456,0,2,0,4509,601101,101,107855,5.56801845196191,0.15213214924480503
160,0.0457,1,4,1,4513,601097,102,107854,5.56798139982956,0.15213181164847783
161,0.0458,0,13,0,4526,601084,102,107854,5.567860980399422,0.15213460133326187
162,0.046,0,10,0,4536,601074,102,107854,5.567768350068547,0.15213674731425475
163,0.0462,0,6,0,4542,601068,102,107854,5.5677127718700214,0.1521380349319107
164,0.0463,0,1,0,4543,601067,102,107854,5.567703508836933,0.1521382495369724
165,0.0465,0,1,0,4544,601066,102,107854,5.567694245803846,0.1521384641426395
166,0.0467,4,125,4,4669,600941,106,107850,5.5665363666679015,0.15216050993875488
167,0.0468,0,2,0,4671,600939,106,107850,5.566517840601727,0.15216093929222943
168,0.047,0,8,0,4679,600931,106,107850,5.5664437363370265,0.15216265673035817
169,0.0471,0,2,0,4681,600929,106,107850,5.566425210270851,0.1521630860959481
170,0.0473,1,4,1,4685,600925,107,107849,5.566388158138501,0.15216274863355597
171,0.0475,1,64,1,4749,600861,108,107848,5.565795324020898,0.15217529338557856
172,0.0478,0,2,0,4751,600859,108,107848,5.565776797954722,0.1521757228304504
173,0.048,0,8,0,4759,600851,108,107848,5.565702693690022,0.15217744063417615
174,0.0483,2,47,2,4806,600804,110,107846,5.565267331134907,0.15218514076060113
175,0.0487,0,1,0,4807,600803,110,107846,5.565258068101819,0.15218535551450718
176,0.0488,0,2,0,4809,600801,110,107846,5.565239542035644,0.15218578502413754
177,0.0489,0,2,0,4811,600799,110,107846,5.565221015969469,0.1521862145361923
178,0.049,0,14,0,4825,600785,110,107846,5.565091333506243,0.15218922118846057
179,0.0492,0,17,0,4842,600768,110,107846,5.5649338619437545,0.15219287228307654
180,0.0493,0,2,0,4844,600766,110,107846,5.56491533587758,0.15219330183513685
181,0.0494,0,6,0,4850,600760,110,107846,5.564859757679055,0.15219459050586645
182,0.0495,0,4,0,4854,600756,110,107846,5.564822705546704,0.15219544963181025
183,0.0496,0,5,0,4859,600751,110,107846,5.564776390381266,0.15219652355287985
184,0.0498,0,2,0,4861,600749,110,107846,5.564757864315092,0.15219695312555126
185,0.05,22,897,22,5758,599852,132,107824,5.556448923635555,0.15236351098525314
186,0.0502,0,3,0,5761,599849,132,107824,5.556421134536293,0.1523641568916717
187,0.0504,0,2,0,5763,599847,132,107824,5.556402608470117,0.15236458749899318
188,0.0505,1,3,1,5766,599844,133,107823,5.556374819370855,0.15236403562692621
189,0.0507,0,4,0,5770,599840,133,107823,5.556337767238505,0.15236489685061957
190,0.0508,1,3,1,5773,599837,134,107822,5.556309978139242,0.15236434497406237
191,0.051,0,6,0,5779,599831,134,107822,5.556254399940717,0.1523656368304805
192,0.0512,0,2,0,5781,599829,134,107822,5.556235873874542,0.15236606745415465
193,0.0513,1,4,1,5785,599825,135,107821,5.556198821742191,0.1523657308880429
194,0.0514,0,4,0,5789,599821,135,107821,5.556161769609841,0.15236659214687653
195,0.0515,0,1,0,5790,599820,135,107821,5.556152506576754,0.1523668074631063
196,0.0517,1,25,1,5815,599795,136,107820,5.555920930749565,0.15237099270083307
197,0.0519,0,1,0,5816,599794,136,107820,5.555911667716477,0.1523712080314974
198,0.052,1,14,1,5830,599780,137,107819,5.555781985253251,0.15237302483468745
199,0.0522,0,2,0,5832,599778,137,107819,5.555763459187077,0.15237345551210646
200,0.0523,0,3,0,5835,599775,137,107819,5.555735670087814,0.15237410153279987
201,0.0524,0,1,0,5836,599774,137,107819,5.555726407054726,0.15237431687424832
202,0.0525,2,72,2,5908,599702,139,107817,5.555059468672422,0.15238742705142902
203,0.0527,0,8,0,5916,599694,139,107817,5.554985364407722,0.15238915013335483
204,0.0528,1,0,1,5916,599694,140,107816,5.554985364407722,0.15238795211375103
205,0.0529,0,1,0,5917,599693,140,107816,5.554976101374634,0.15238816750034276
206,0.053,0,3,0,5920,599690,140,107816,5.554948312275371,0.15238881366377105
207,0.0532,0,1,0,5921,599689,140,107816,5.554939049242284,0.15238902905279822
208,0.0533,2,112,2,6033,599577,142,107814,5.553901589536478,0.15241076010296992
209,0.0535,0,3,0,6036,599574,142,107814,5.5538738004372155,0.15241140646999948
210,0.0536,0,4,0,6040,599570,142,107814,5.553836748304865,0.15241226830123383
211,0.0537,0,4,0,6044,599566,142,107814,5.553799696172515,0.15241313014221494
212,0.0538,0,1,0,6045,599565,142,107814,5.553790433139427,0.15241334560398315
213,0.054,0,29,0,6074,599536,142,107814,5.553521805179888,0.1524195942602672
214,0.0542,1,17,1,6091,599519,143,107813,5.5533643336174,0.1524220592310259
215,0.0543,0,8,0,6099,599511,143,107813,5.553290229352699,0.1524237831601925
216,0.0544,0,2,0,6101,599509,143,107813,5.553271703286524,0.15242421414857732
217,0.0545,0,1,0,6102,599508,143,107813,5.5532624402534365,0.1524244296436837
218,0.0546,0,1,0,6103,599507,143,107813,5.553253177220349,0.15242464513939943
219,0.0547,0,3,0,6106,599504,143,107813,5.553225388121087,0.15242529163020258
220,0.0548,0,4,0,6110,599500,143,107813,5.553188335988736,0.15242615362647088
221,0.055,5,244,5,6354,599256,148,107808,5.550928155915373,0.15247276059875767
222,0.0553,0,6,0,6360,599250,148,107808,5.550872577716848,0.15247405446229306
223,0.0557,0,6,0,6366,599244,148,107808,5.5508169995183225,0.15247534834778773
224,0.0558,0,8,0,6374,599236,148,107808,5.550742895253622,0.15247707356260715
225,0.056,2,19,2,6393,599217,150,107806,5.550566897624958,0.1524787736749724
226,0.0562,0,2,0,6395,599215,150,107806,5.550548371558783,0.1524792050023974
227,0.0563,0,5,0,6400,599210,150,107806,5.550502056393346,0.15248028333163605
228,0.0565,0,2,0,6402,599208,150,107806,5.5504835303271705,0.15248071466760205
229,0.0567,4,111,4,6513,599097,154,107802,5.549455333654452,0.15249986207364843
230,0.0569,0,5,0,6518,599092,154,107802,5.549409018489014,0.15250094073510315
231,0.057,0,13,0,6531,599079,154,107802,5.549288599058876,0.15250374532629962
232,0.0571,0,2,0,6533,599077,154,107802,5.549270072992701,0.15250417681102424
233,0.0573,0,6,0,6539,599071,154,107802,5.5492144947941755,0.152505471279848
234,0.0574,0,1,0,6540,599070,154,107802,5.549205231761088,0.15250568702678843
235,0.0575,2,57,2,6597,599013,156,107800,5.548677238875097,0.15251558757408254
236,0.0576,0,3,0,6600,599010,156,107800,5.5486494497758345,0.15251623491461638
237,0.0577,1,1,1,6601,599009,157,107799,5.548640186742747,0.1525152516666478
238,0.058,0,10,0,6611,598999,157,107799,5.548547556411871,0.15251740950030984
239,0.0582,1,4,1,6615,598995,158,107798,5.5485105042795215,0.15251707359863495
240,0.0583,1,44,1,6659,598951,159,107797,5.548102930823669,0.15252536972159808
241,0.0585,0,5,0,6664,598946,159,107797,5.548056615658231,0.15252644879397462
242,0.0586,0,1,0,6665,598945,159,107797,5.548047352625144,0.1525266646102821
243,0.0587,1,1,1,6666,598944,160,107796,5.5480380895920565,0.15252568129722388
244,0.0588,0,10,0,6676,598934,160,107796,5.5479454592611805,0.15252783948608378
245,0.0589,0,5,0,6681,598929,160,107796,5.547899144095743,0.15252891860341716
246,0.059,1,12,1,6693,598917,161,107795,5.547787987698692,0.15253030937637962
247,0.0592,1,12,1,6705,598905,162,107794,5.547676831301642,0.15253170020050968
248,0.0593,0,13,0,6718,598892,162,107794,5.547556411871503,0.15253450613143602
249,0.0595,0,6,0,6724,598886,162,107794,5.547500833672978,0.1525358012112979
250,0.0597,0,3,0,6727,598883,162,107794,5.5474730445737155,0.1525364487594757
251,0.0598,0,6,0,6733,598877,162,107794,5.54741746637519,0.1525377438723253
252,0.06,24,1071,24,7804,597806,186,107770,5.53749675793842,0.15274045602458133
253,0.0603,0,3,0,7807,597803,186,107770,5.537468968839157,0.15274110545613281
254,0.0605,0,1,0,7808,597802,186,107770,5.537459705806069,0.1527413219345439
255,0.0607,0,8,0,7816,597794,186,107770,5.537385601541368,0.15274305378392322
256,0.0608,1,19,1,7835,597775,187,107769,5.5372096039127054,0.15274596623314776
257,0.061,0,11,0,7846,597764,187,107769,5.537107710548742,0.15274834770308404
258,0.0612,1,11,1,7857,597753,188,107768,5.537005817184779,0.15274952836272768
259,0.0613,0,4,0,7861,597749,188,107768,5.536968765052428,0.15275039439163055
260,0.0614,1,6,1,7867,597743,189,107767,5.536913186853903,0.15275049255148757
261,0.0615,0,9,0,7876,597734,189,107767,5.536829819556115,0.15275244117301037
262,0.0617,2,56,2,7932,597678,191,107765,5.536311089703212,0.1527621650508971
263,0.0618,0,3,0,7935,597675,191,107765,5.53628330060395,0.15276281469721026
264,0.062,1,14,1,7949,597661,192,107764,5.536153618140724,0.15276464542651594
265,0.0621,0,1,0,7950,597660,192,107764,5.536144355107637,0.15276486198371475
266,0.0623,0,8,0,7958,597652,192,107764,5.536070250842936,0.15276659446340882
267,0.0624,0,1,0,7959,597651,192,107764,5.536060987809848,0.15276681102613354
268,0.0625,1,66,1,8025,597585,193,107763,5.53544962762607,0.15277990438762143
269,0.0627,0,7,0,8032,597578,193,107763,5.535384786394457,0.15278142061782882
270,0.0628,1,2,1,8034,597576,194,107762,5.535366260328282,0.15278065267999172
271,0.0629,0,1,0,8035,597575,194,107762,5.535356997295194,0.15278086928659634
272,0.063,0,5,0,8040,597570,194,107762,5.535310682129756,0.15278195232883238
273,0.0632,0,2,0,8042,597568,194,107762,5.535292156063582,0.15278238555002624
274,0.0633,1,120,1,8162,597448,195,107761,5.534180592093075,0.1528071819843479
275,0.0635,0,3,0,8165,597445,195,107761,5.5341528029938125,0.15280783203773082
276,0.0636,0,3,0,8168,597442,195,107761,5.53412501389455,0.15280848209664452
277,0.0638,0,2,0,8170,597440,195,107761,5.5341064878283746,0.15280891547232633
278,0.064,3,31,3,8201,597409,198,107758,5.5338193338026604,0.15281202892364504
279,0.0642,0,18,0,8219,597391,198,107758,5.533652599207084,0.15281592968294644
280,0.0643,1,11,1,8230,597380,199,107757,5.533550705843122,0.1528171121356559
281,0.0645,0,2,0,8232,597378,199,107757,5.533532179776946,0.152817545576379
282,0.0647,1,5,1,8237,597373,200,107756,5.533485864611508,0.15281742773308146
283,0.0648,0,6,0,8243,597367,200,107756,5.533430286412983,0.15281872808006547
284,0.065,13,321,13,8564,597046,213,107743,5.530456852791878,0.1528727037453763
285,0.0652,0,4,0,8568,597042,213,107743,5.530419800659528,0.15287357137283
286,0.0653,0,5,0,8573,597037,213,107743,5.53037348549409,0.1528746559209966
287,0.0656,0,1,0,8574,597036,213,107743,5.530364222461003,0.15287487283247655
288,0.0657,0,10,0,8584,597026,213,107743,5.530271592130127,0.15287704198113142
289,0.0658,0,29,0,8613,596997,213,107743,5.530002964170588,0.15288333286034567
290,0.066,0,34,0,8647,596963,213,107743,5.529688021045611,0.15289070903327062
291,0.0662,1,5,1,8652,596958,214,107742,5.529641705880174,0.15289059174116645
292,0.0664,0,4,0,8656,596954,214,107742,5.529604653747823,0.15289145957973369
293,0.0665,0,9,0,8665,596945,214,107742,5.529521286450035,0.15289341225253197
294,0.0666,0,1,0,8666,596944,214,107742,5.529512023416948,0.1528936292192551
295,0.0667,4,160,4,8826,596784,218,107738,5.528029938122939,0.1529235424869628
296,0.0668,0,8,0,8834,596776,218,107738,5.527955833858239,0.15292527898664895
297,0.0669,0,1,0,8835,596775,218,107738,5.527946570825151,0.15292549605188266
298,0.067,0,8,0,8843,596767,218,107738,5.52787246656045,0.15292723259593616
299,0.0671,0,3,0,8846,596764,218,107738,5.527844677461188,0.15292788381012404
300,0.0672,0,3,0,8849,596761,218,107738,5.527816888361925,0.1529285350298581
301,0.0673,0,5,0,8854,596756,218,107738,5.527770573196487,0.1529296204084066
302,0.0675,3,73,3,8927,596683,221,107735,5.527094371781096,0.15294186122444345
303,0.0676,0,1,0,8928,596682,221,107735,5.527085108748008,0.1529420783427998
304,0.0677,0,8,0,8936,596674,221,107735,5.527011004483308,0.15294381531184298
305,0.0678,0,1,0,8937,596673,221,107735,5.527001741450221,0.15294403243574747
306,0.0679,0,1,0,8938,596672,221,107735,5.5269924784171325,0.15294424956026842
307,0.068,0,23,0,8961,596649,221,107735,5.526779428656119,0.15294924359440304
308,0.0682,0,1,0,8962,596648,221,107735,5.526770165623032,0.15294946073372015
309,0.0683,3,65,3,9027,596583,224,107732,5.526168068472341,0.15295996819604865
310,0.0684,0,1,0,9028,596582,224,107732,5.526158805439253,0.1529601853718654
311,0.0685,0,5,0,9033,596577,224,107732,5.526112490273816,0.1529612712601997
312,0.0687,0,7,0,9040,596570,224,107732,5.526047649042202,0.1529627915297699
313,0.0688,0,4,0,9044,596566,224,107732,5.5260105969098525,0.15296366026880667
314,0.0689,0,1,0,9045,596565,224,107732,5.526001333876764,0.15296387745510773
315,0.069,1,15,1,9060,596550,225,107731,5.525862388380451,0.15296593263200342
316,0.0691,0,2,0,9062,596548,225,107731,5.525843862314276,0.15296636702216027
317,0.0692,0,17,0,9079,596531,225,107731,5.525686390751788,0.15297005943810685
318,0.0693,0,11,0,9090,596520,225,107731,5.5255844973878245,0.15297244874341676
319,0.0695,0,4,0,9094,596516,225,107731,5.525547445255475,0.15297331760021696
320,0.0697,1,9,1,9103,596507,226,107730,5.525464077957687,0.15297406980888537
321,0.0698,0,5,0,9108,596502,226,107730,5.525417762792249,0.15297515591452818
322,0.07,35,1354,35,10462,595148,261,107695,5.5128756159917005,0.15322767673577173
323,0.0701,0,2,0,10464,595146,261,107695,5.512857089925525,0.15322811275950038
324,0.0702,0,1,0,10465,595145,261,107695,5.512847826892438,0.15322833077229525
325,0.0703,0,8,0,10473,595137,261,107695,5.512773722627737,0.15323007489698817
326,0.0704,0,1,0,10474,595136,261,107695,5.51276445959465,0.15323029291536658
327,0.0705,1,1,1,10475,595135,262,107694,5.512755196561562,0.1532293061327862
328,0.0706,0,1,0,10476,595134,262,107694,5.512745933528475,0.15322952415100138
329,0.0707,0,8,0,10484,595126,262,107694,5.512671829263774,0.1532312683190575
330,0.0708,1,17,1,10501,595109,263,107693,5.512514357701286,0.1532337699665055
331,0.071,0,13,0,10514,595096,263,107693,5.512393938271147,0.15323660444315435
332,0.0712,0,4,0,10518,595092,263,107693,5.5123568861387975,0.1532374766109123
333,0.0713,0,5,0,10523,595087,263,107693,5.5123105709733595,0.15323856683457127
334,0.0714,0,1,0,10524,595086,263,107693,5.512301307940272,0.15323878488116463
335,0.0715,0,2,0,10526,595084,263,107693,5.512282781874097,0.15323922097621293
336,0.0717,2,59,2,10585,595025,265,107691,5.511736262921931,0.15324967696765124
337,0.0719,1,2,1,10587,595023,266,107690,5.511717736855756,0.15324890816023043
338,0.072,1,16,1,10603,595007,267,107689,5.511569528326355,0.15325119254983663
339,0.0721,0,2,0,10605,595005,267,107689,5.51155100226018,0.15325162873170967
340,0.0723,0,3,0,10608,595002,267,107689,5.511523213160918,0.15325228300917473
341,0.0724,1,8,1,10616,594994,268,107688,5.511449108896217,0.15325282275623966
342,0.0725,1,69,1,10685,594925,269,107687,5.510809959613176,0.15326666780527518
343,0.0726,0,1,0,10686,594924,269,107687,5.510800696580088,0.15326688594400031
344,0.0727,0,8,0,10694,594916,269,107687,5.510726592315388,0.15326863107615538
345,0.0729,0,6,0,10700,594910,269,107687,5.510671014116863,0.1532699399513519
346,0.073,1,5,1,10705,594905,270,107686,5.510624698951425,0.15326982554573002
347,0.0732,0,4,0,10709,594901,270,107686,5.510587646819075,0.15327069814841435
348,0.0733,5,168,5,10877,594733,275,107681,5.509031457260365,0.153301329415416
349,0.0734,0,1,0,10878,594732,275,107681,5.509022194227278,0.15330154766497772
350,0.0735,0,1,0,10879,594731,275,107681,5.50901293119419,0.1533017659151609
351,0.0737,0,6,0,10885,594725,275,107681,5.508957352995665,0.15330307542931013
352,0.0738,0,1,0,10886,594724,275,107681,5.508948089962577,0.15330329368384338
353,0.074,0,37,0,10923,594687,275,107681,5.508605357738338,0.15331136953847554
354,0.0742,1,16,1,10939,594671,276,107680,5.508457149208937,0.15331365656203239
355,0.0743,1,12,1,10951,594659,277,107679,5.508345992811886,0.1533150705216007
356,0.0745,1,2,1,10953,594657,278,107678,5.508327466745711,0.15331430157973047
357,0.0746,0,2,0,10955,594655,278,107678,5.5083089406795365,0.15331473816551408
358,0.0747,0,11,0,10966,594644,278,107678,5.508207047315573,0.1533171394317706
359,0.0748,0,2,0,10968,594642,278,107678,5.508188521249398,0.15331757603371682
360,0.075,12,322,12,11290,594320,290,107666,5.505205824595206,0.15337342909972562
361,0.0752,0,1,0,11291,594319,290,107666,5.505196561562118,0.15337364758506236
362,0.0753,0,6,0,11297,594313,290,107666,5.505140983363592,0.15337495851015487
363,0.0755,0,1,0,11298,594312,290,107666,5.505131720330505,0.153375176999849
364,0.0756,0,1,0,11299,594311,290,107666,5.505122457297418,0.15337539549016563
365,0.0757,0,9,0,11308,594302,290,107666,5.505039089999629,0.1533773619310282
366,0.0758,0,19,0,11327,594283,290,107666,5.504863092370966,0.15338151347177645
367,0.076,1,29,1,11356,594254,291,107665,5.504594464411427,0.15338664432790677
368,0.0762,1,7,1,11363,594247,292,107664,5.504529623179814,0.15338696786344708
369,0.0764,0,4,0,11367,594243,292,107664,5.5044925710474635,0.1533878419790656
370,0.0765,0,3,0,11370,594240,292,107664,5.504464781948201,0.1533884975723176
371,0.0767,7,168,7,11538,594072,299,107657,5.502908592389492,0.15341677485183028
372,0.0768,0,5,0,11543,594067,299,107657,5.502862277224054,0.15341786799368412
373,0.077,0,11,0,11554,594056,299,107657,5.502760383860092,0.15342027296059785
374,0.0773,1,9,1,11563,594047,300,107656,5.502677016562303,0.15342103425523335
375,0.0774,0,1,0,11564,594046,300,107656,5.502667753529216,0.15342125289652872
376,0.0775,5,112,5,11676,593934,305,107651,5.50163029382341,0.1534397115103658
377,0.0777,0,10,0,11686,593924,305,107651,5.501537663492534,0.15344189858532586
378,0.0778,0,4,0,11690,593920,305,107651,5.501500611360184,0.15344277343276733
379,0.0779,0,4,0,11694,593916,305,107651,5.501463559227833,0.1534436482901847
380,0.078,1,10,1,11704,593906,306,107650,5.501370928896958,0.1534446287965608
381,0.0782,0,9,0,11713,593897,306,107650,5.50128756159917,0.15344659730566876
382,0.0783,4,87,4,11800,593810,310,107646,5.500481677720553,0.15346080153281175
383,0.0785,0,1,0,11801,593809,310,107646,5.500472414687465,0.1534610203077888
384,0.0787,0,6,0,11807,593803,310,107646,5.50041683648894,0.15346233297075054
385,0.079,0,12,0,11819,593791,310,107646,5.5003056800918895,0.15346495836404409
386,0.0792,1,25,1,11844,593766,311,107645,5.500074104264701,0.1534692213267257
387,0.0793,2,13,2,11857,593753,313,107643,5.499953684834562,0.1534696519512515
388,0.0795,0,4,0,11861,593749,313,107643,5.499916632702212,0.15347052718023588
389,0.0796,1,0,1,11861,593749,314,107642,5.499916632702212,0.15346932025075885
390,0.0797,0,3,0,11864,593746,314,107642,5.49988884360295,0.15346997667482193
391,0.0798,0,10,0,11874,593736,314,107642,5.499796213272074,0.15347216479558812
392,0.0799,0,1,0,11875,593735,314,107642,5.4997869502389864,0.15347238361109647
393,0.08,50,1363,50,13238,592372,364,107592,5.48716143614065,0.15371076226777378
394,0.0801,2,3,2,13241,592369,366,107590,5.487133647041388,0.1537090029558874
395,0.0802,0,2,0,13243,592367,366,107590,5.487115120975212,0.15370944215144644
396,0.0803,0,5,0,13248,592362,366,107590,5.487068805809774,0.15371054015132465
397,0.0804,0,1,0,13249,592361,366,107590,5.487059542776687,0.1537107597531827
398,0.0805,0,4,0,13253,592357,366,107590,5.487022490644336,0.1537116381668898
399,0.0807,0,14,0,13267,592343,366,107590,5.486892808181111,0.15371471269392928
400,0.0808,1,26,1,13293,592317,367,107589,5.486651969320834,0.15371921372298566
401,0.081,0,30,0,13323,592287,367,107589,5.486374078328208,0.153725802856506
402,0.0811,1,1,1,13324,592286,368,107588,5.48636481529512,0.1537248133235411
403,0.0812,1,2,1,13326,592284,369,107587,5.486346289228945,0.15372404343086082
404,0.0813,0,7,0,13333,592277,369,107587,5.4862814479973325,0.15372558097001704
405,0.0814,1,6,1,13339,592271,370,107586,5.486225869798807,0.15372568967660535
406,0.0815,0,1,0,13340,592270,370,107586,5.486216606765719,0.1537259093299193
407,0.0817,2,74,2,13414,592196,372,107584,5.485531142317241,0.15373974677755867
408,0.0818,0,2,0,13416,592194,372,107584,5.485512616251065,0.15374018617332927
409,0.0819,0,2,0,13418,592192,372,107584,5.48549409018489,0.1537406255716115
410,0.082,1,42,1,13460,592150,373,107583,5.485105042795213,0.15374864412568795
411,0.0822,0,5,0,13465,592145,373,107583,5.4850587276297755,0.15374974275718564
412,0.0823,0,4,0,13469,592141,373,107583,5.485021675497425,0.15375062167368847
413,0.0824,0,4,0,13473,592137,373,107583,5.484984623365075,0.1537515006002401
414,0.0825,1,79,1,13552,592058,374,107582,5.4842528437511575,0.153767651935281
415,0.0826,0,1,0,13553,592057,374,107582,5.48424358071807,0.15376787171669962
416,0.0827,0,7,0,13560,592050,374,107582,5.484178739486458,0.15376941020422163
417,0.0828,0,9,0,13569,592041,374,107582,5.484095372188669,0.1537713883048442
418,0.0829,0,5,0,13574,592036,374,107582,5.484049057023232,0.15377248727162537
419,0.083,0,17,0,13591,592019,374,107582,5.483891585460743,0.15377622387618084
420,0.0831,0,3,0,13594,592016,374,107582,5.48386379636148,0.1537768832958356
421,0.0832,0,4,0,13598,592012,374,107582,5.48382674422913,0.15377776253083933
422,0.0833,3,162,3,13760,591850,377,107579,5.4823261328689465,0.15380975052507118
423,0.0835,1,4,1,13764,591846,378,107578,5.482289080736597,0.15380942032300865
424,0.0836,0,8,0,13772,591838,378,107578,5.482214976471896,0.15381117961270546
425,0.0837,0,8,0,13780,591830,378,107578,5.482140872207196,0.15381293894264864
426,0.0838,1,7,1,13787,591823,379,107577,5.482076030975582,0.15381326851587074
427,0.0839,0,4,0,13791,591819,379,107577,5.482038978843232,0.15381414820788222
428,0.084,1,51,1,13842,591768,380,107576,5.481566564155767,0.1538241552083095
429,0.0842,2,21,2,13863,591747,382,107574,5.481372040460928,0.15382635442093115
430,0.0843,0,7,0,13870,591740,382,107574,5.481307199229316,0.15382789419345244
431,0.0844,0,1,0,13871,591739,382,107574,5.481297936196228,0.15382811416347186
432,0.0845,0,2,0,13873,591737,382,107574,5.481279410130053,0.15382855410539803
433,0.0847,0,4,0,13877,591733,382,107574,5.4812423579977025,0.15382943399679969
434,0.0848,0,1,0,13878,591732,382,107574,5.481233094964615,0.1538296539712229
435,0.085,10,426,10,14304,591306,392,107564,5.4772870428693174,0.15391131397827923
436,0.0851,0,4,0,14308,591302,392,107564,5.477249990736967,0.15391219489859287
437,0.0852,0,2,0,14310,591300,392,107564,5.477231464670791,0.1539126353625312
438,0.0853,0,9,0,14319,591291,392,107564,5.477148097373004,0.1539146174814518
439,0.0855,0,4,0,14323,591287,392,107564,5.477111045240654,0.15391549843958155
440,0.0857,0,9,0,14332,591278,392,107564,5.477027677942866,0.15391748063224592
441,0.0858,1,19,1,14351,591259,393,107563,5.476851680314202,0.15392045470806587
442,0.0859,0,1,0,14352,591258,393,107563,5.476842417281114,0.153920674965406
443,0.086,1,37,1,14389,591221,394,107562,5.476499685056875,0.1539276141520329
444,0.0861,1,2,1,14391,591219,395,107561,5.4764811589907,0.15392684392798878
445,0.0862,0,5,0,14396,591214,395,107561,5.476434843825262,0.15392794533290402
446,0.0863,1,4,1,14400,591210,396,107560,5.476397791692912,0.15392761566753008
447,0.0864,0,4,0,14404,591206,396,107560,5.476360739560562,0.15392849680722875
448,0.0865,0,5,0,14409,591201,396,107560,5.476314424395124,0.15392959824603836
449,0.0866,0,2,0,14411,591199,396,107560,5.4762958983289485,0.15393003882597578
450,0.0867,4,192,4,14603,591007,400,107556,5.474517395976139,0.15396750185738436
451,0.0868,0,3,0,14606,591004,400,107556,5.474489606876876,0.15396816307833258
452,0.087,0,13,0,14619,590991,400,107556,5.4743691874467375,0.15397102843473667
453,0.0871,1,2,1,14621,590989,401,107555,5.474350661380562,0.1539702581369248
454,0.0872,2,5,2,14626,590984,403,107553,5.474304346215125,0.15396893793743208
455,0.0873,0,12,0,14638,590972,403,107553,5.474193189818074,0.15397158297841881
456,0.0875,1,100,1,14738,590872,404,107552,5.473266886509319,0.15399241721361237
457,0.0876,0,3,0,14741,590869,404,107552,5.4732390974100555,0.1539930786731785
458,0.0877,0,4,0,14745,590865,404,107552,5.473202045277706,0.15399396062810614
459,0.0879,0,8,0,14753,590857,404,107552,5.473127941013005,0.15399572456826874
460,0.088,0,23,0,14776,590834,404,107552,5.472914891251992,0.15400079612134263
461,0.0883,4,107,4,14883,590727,408,107548,5.4719237467116235,0.1540195481722817
462,0.0884,0,3,0,14886,590724,408,107548,5.471895957612361,0.15402020988955592
463,0.0885,2,8,2,14894,590716,410,107546,5.47182185334766,0.15401955140047718
464,0.0886,0,2,0,14896,590714,410,107546,5.471803327281485,0.15401999255291726
465,0.0887,0,8,0,14904,590706,410,107546,5.471729223016784,0.15402175718794933
466,0.0888,0,6,0,14910,590700,410,107546,5.471673644818259,0.15402308069075943
467,0.0889,0,3,0,14913,590697,410,107546,5.471645855718997,0.1540237424506941
468,0.089,0,19,0,14932,590678,410,107546,5.471469858090333,0.15402793372900386
469,0.0892,0,32,0,14964,590646,410,107546,5.471173441031532,0.15403499323968192
470,0.0893,0,20,0,14984,590626,410,107546,5.470988180369781,0.15403940576247688
471,0.0894,0,1,0,14985,590625,410,107546,5.4709789173366925,0.15403962639525273
472,0.0895,2,9,2,14994,590616,412,107544,5.470895550038905,0.15403918872464764
473,0.0896,0,2,0,14996,590614,412,107544,5.470877023972729,0.1540396299977942
474,0.0897,0,9,0,15005,590605,412,107544,5.4707936566749416,0.1540416157582407
475,0.0898,0,5,0,15010,590600,412,107544,5.470747341509504,0.15404271898061145
476,0.09,35,1535,35,16545,589065,447,107509,5.4565285857201085,0.15433966814724637
477,0.0901,0,1,0,16546,589064,447,107509,5.45651932268702,0.15433988971722992
478,0.0902,0,6,0,16552,589058,447,107509,5.456463744488495,0.1543412191504909
479,0.0903,1,6,1,16558,589052,448,107508,5.45640816628997,0.1543413345584013
480,0.0904,0,2,0,16560,589050,448,107508,5.456389640223795,0.15434177771269586
481,0.0905,0,3,0,16563,589047,448,107508,5.456361851124532,0.15434244244890927
482,0.0906,1,0,1,16563,589047,449,107507,5.456361851124532,0.15434122839004585
483,0.0907,2,19,2,16582,589028,451,107505,5.456185853495868,0.15434301030963357
484,0.0908,2,32,2,16614,588996,453,107503,5.455889436437067,0.15434767314813086
485,0.091,1,16,1,16630,588980,454,107502,5.455741227907666,0.15435000473809804
486,0.0911,0,1,0,16631,588979,454,107502,5.455731964874579,0.1543502263521905
487,0.0912,0,4,0,16635,588975,454,107502,5.455694912742229,0.15435111281492425
488,0.0913,0,2,0,16637,588973,454,107502,5.455676386676053,0.15435155605010947
489,0.0914,0,5,0,16642,588968,454,107502,5.455630071510615,0.1543526641492096
490,0.0915,0,12,0,16654,588956,454,107502,5.455518915113565,0.15435532365196467
491,0.0917,7,109,7,16763,588847,461,107495,5.454509244507022,0.1543709843726215
492,0.0918,0,6,0,16769,588841,461,107495,5.454453666308496,0.1543723145148319
493,0.092,0,25,0,16794,588816,461,107495,5.4542220904813075,0.15437785702078524
494,0.0921,0,3,0,16797,588813,461,107495,5.454194301382045,0.15437852214824474
495,0.0922,0,1,0,16798,588812,461,107495,5.454185038348957,0.15437874385867154
496,0.0924,0,3,0,16801,588809,461,107495,5.454157249249694,0.15437940899377284
497,0.0925,3,117,3,16918,588692,464,107492,5.45307347437845,0.15440170989278695
498,0.0927,0,16,0,16934,588676,464,107492,5.45292526584905,0.15440525850082165
499,0.0928,0,5,0,16939,588671,464,107492,5.452878950683612,0.15440636747428405
500,0.0929,0,4,0,16943,588667,464,107492,5.452841898551261,0.15440725466452349
501,0.093,0,12,0,16955,588655,464,107492,5.452730742154211,0.1544099162964144
502,0.0931,0,2,0,16957,588653,464,107492,5.4527122160880355,0.1544103599106508
503,0.0932,0,4,0,16961,588649,464,107492,5.452675163955686,0.15441124714677054
504,0.0933,7,228,7,17189,588421,471,107485,5.450563192411724,0.15445333134072706
505,0.0934,0,2,0,17191,588419,471,107485,5.450544666345548,0.1544537752333655
506,0.0935,0,4,0,17195,588415,471,107485,5.450507614213198,0.15445466302629687
507,0.0936,0,1,0,17196,588414,471,107485,5.45049835118011,0.15445488497612442
508,0.0937,1,3,1,17199,588411,472,107484,5.450470562080848,0.1544543357834156
509,0.0938,0,5,0,17204,588406,472,107484,5.45042424691541,0.15445544554455445
510,0.0939,0,5,0,17209,588401,472,107484,5.450377931749972,0.1544565553216408
511,0.094,2,36,2,17245,588365,474,107482,5.450044462558821,0.15446211595365072
512,0.0942,1,31,1,17276,588334,475,107481,5.449757308533106,0.1544677823846856
513,0.0943,2,17,2,17293,588317,477,107479,5.449599836970617,0.15446912600819782
514,0.0944,0,1,0,17294,588316,477,107479,5.44959057393753,0.15446934801198628
515,0.0946,0,2,0,17296,588314,477,107479,5.449572047871355,0.15446979202147765
516,0.0947,1,7,1,17303,588307,478,107478,5.449507206639742,0.15447013085938904
517,0.0948,0,9,0,17312,588298,478,107478,5.4494238393419545,0.15447212896104492
518,0.095,12,491,12,17803,587807,490,107466,5.444875690095965,0.15456662347020522
519,0.0952,0,6,0,17809,587801,490,107466,5.44482011189744,0.15456795734588294
520,0.0953,0,16,0,17825,587785,490,107466,5.444671903368039,0.15457151446024528
521,0.0954,1,5,1,17830,587780,491,107465,5.444625588202601,0.15457141007846156
522,0.0955,0,9,0,17839,587771,491,107465,5.444542220904813,0.15457341104315656
523,0.0956,0,1,0,17840,587770,491,107465,5.444532957871726,0.15457363337576502
524,0.0957,0,11,0,17851,587759,491,107465,5.4444310645077625,0.1545760790766717
525,0.0958,2,36,2,17887,587723,493,107463,5.44409759531661,0.15458165152923103
526,0.0959,0,1,0,17888,587722,493,107463,5.444088332283523,0.15458187388968403
527,0.096,1,42,1,17930,587680,494,107462,5.443699284893846,0.1545899974393721
528,0.0962,0,6,0,17936,587674,494,107462,5.443643706695321,0.154591331768172
529,0.0963,1,4,1,17940,587670,495,107461,5.44360665456297,0.15459100514866983
530,0.0964,2,5,2,17945,587665,497,107459,5.443560339397532,0.15458968471812223
531,0.0965,0,6,0,17951,587659,497,107459,5.443504761199007,0.15459101907877512
532,0.0967,5,231,5,18182,587428,502,107454,5.441365000555782,0.15463632674324562
533,0.0968,0,4,0,18186,587424,502,107454,5.441327948423432,0.1546372168927495
534,0.097,0,14,0,18200,587410,502,107454,5.441198265960206,0.15464033249671877
535,0.0971,0,2,0,18202,587408,502,107454,5.4411797398940305,0.15464077759324873
536,0.0972,0,2,0,18204,587406,502,107454,5.441161213827856,0.1546412226923409
537,0.0973,1,19,1,18223,587387,503,107453,5.440985216199192,0.1546442346439468
538,0.0974,0,5,0,18228,587382,503,107453,5.440938901033754,0.15464534745659042
539,0.0975,8,107,8,18335,587275,511,107445,5.439947756493386,0.15465943113772454
540,0.0976,0,1,0,18336,587274,511,107445,5.439938493460299,0.15465965375928972
541,0.0977,2,15,2,18351,587259,513,107443,5.439799547963985,0.15466055949169571
542,0.0978,1,7,1,18358,587252,514,107442,5.439734706732373,0.1546609010585956
543,0.0979,1,9,1,18367,587243,515,107441,5.439651339434585,0.1546616879041406
544,0.098,1,31,1,18398,587212,516,107440,5.43936418540887,0.1546673730155531
545,0.0981,0,2,0,18400,587210,516,107440,5.439345659342695,0.15466781832577556
546,0.0982,0,4,0,18404,587206,516,107440,5.439308607210345,0.15466870895391321
547,0.0983,4,88,4,18492,587118,520,107436,5.43849346029864,0.15468343714095664
548,0.0985,1,6,1,18498,587112,521,107435,5.438437882100115,0.15468355633240083
549,0.0986,0,6,0,18504,587106,521,107435,5.43838230390159,0.15468489261253116
550,0.0987,1,18,1,18522,587088,522,107434,5.4382155693060135,0.15468768447939735
551,0.0988,0,2,0,18524,587086,522,107434,5.438197043239838,0.15468812993146347
552,0.0989,2,5,2,18529,587081,524,107432,5.438150728074401,0.1546868093181841
553,0.099,1,18,1,18547,587063,525,107431,5.4379839934788246,0.15468960135004767
554,0.0992,1,41,1,18588,587022,526,107430,5.437604209122235,0.1546975168910162
555,0.0993,0,25,0,18613,586997,526,107430,5.4373726332950465,0.15470308614152387
556,0.0995,0,3,0,18616,586994,526,107430,5.437344844195784,0.15470375447853185
557,0.0996,0,2,0,18618,586992,526,107430,5.4373263181296085,0.15470420003974528
558,0.0997,0,9,0,18627,586983,526,107430,5.437242950831821,0.15470620509696678
559,0.1,51,1745,51,20372,585238,577,107379,5.421078958094038,0.1550337343726764
560,0.1002,2,3,2,20375,585235,579,107377,5.421051168994776,0.15503196594918944
561,0.1003,2,12,2,20387,585223,581,107375,5.420940012597725,0.1550322120479701
562,0.1004,0,3,0,20390,585220,581,107375,5.420912223498462,0.15503288357553838
563,0.1005,1,2,1,20392,585218,582,107374,5.420893697432287,0.1550321112574214
564,0.1006,0,2,0,20394,585216,582,107374,5.420875171366112,0.15503255894540782
565,0.1007,1,18,1,20412,585198,583,107373,5.4207084367705365,0.1550353682149556
566,0.1008,1,40,1,20452,585158,584,107372,5.420337915447034,0.15504310282587036
567,0.101,1,13,1,20465,585145,585,107371,5.420217496016896,0.15504479318889383
568,0.1011,0,1,0,20466,585144,585,107371,5.420208232983808,0.1550450170754424
569,0.1012,0,6,0,20472,585138,585,107371,5.420152654785283,0.15504636040831238
570,0.1013,0,9,0,20481,585129,585,107371,5.420069287487495,0.15504837545126354
571,0.1014,0,6,0,20487,585123,585,107371,5.42001370928897,0.15504971884232932
572,0.1015,2,14,2,20501,585109,587,107369,5.419884026825744,0.15505041315391968
573,0.1016,0,3,0,20504,585106,587,107369,5.419856237726481,0.15505108487671035
574,0.1017,9,113,9,20617,584993,596,107360,5.418809514987587,0.15506540738611663
575,0.1019,0,1,0,20618,584992,596,107360,5.4188002519545,0.15506563135514884
576,0.102,2,44,2,20662,584948,598,107358,5.418392678498647,0.1550730457341118
577,0.1021,0,6,0,20668,584942,598,107358,5.418337100300122,0.1550743897154413
578,0.1022,0,3,0,20671,584939,598,107358,5.41830931120086,0.15507506171484203
579,0.1023,1,6,1,20677,584933,599,107357,5.418253733002334,0.1550751852547343
580,0.1024,0,2,0,20679,584931,599,107357,5.418235206936159,0.15507563326245724
581,0.1025,7,120,7,20799,584811,606,107350,5.417123642965652,0.15509397380089315
582,0.1027,1,8,1,20807,584803,607,107349,5.417049538700952,0.15509454570672337
583,0.1028,0,3,0,20810,584800,607,107349,5.417021749601689,0.15509521793717826
584,0.1029,0,9,0,20819,584791,607,107349,5.4169383823039015,0.1550972346635074
585,0.103,0,10,0,20829,584781,607,107349,5.416845751973026,0.15509947553205322
586,0.1031,0,5,0,20834,584776,607,107349,5.4167994368075885,0.15510059599060863
587,0.1032,0,3,0,20837,584773,607,107349,5.416771647708326,0.15510126827351248
588,0.1033,5,234,5,21071,584539,612,107344,5.414604097965838,0.15514761888932088
589,0.1035,0,8,0,21079,584531,612,107344,5.414529993701137,0.1551494128274616
590,0.1036,0,1,0,21080,584530,612,107344,5.41452073066805,0.15514963707264617
591,0.1037,0,7,0,21087,584523,612,107344,5.414455889436437,0.15515120680708863
592,0.1038,2,4,2,21091,584519,614,107342,5.414418837304087,0.15514966156496754
593,0.1039,0,1,0,21092,584518,614,107342,5.414409574271,0.1551498858150493
594,0.104,1,48,1,21140,584470,615,107341,5.413964948682796,0.1551594293817242
595,0.1041,0,2,0,21142,584468,615,107341,5.413946422616622,0.15515987794318953
596,0.1042,2,39,2,21181,584429,617,107339,5.413585164326207,0.15516618288212233
597,0.1043,2,7,2,21188,584422,619,107337,5.413520323094594,0.15516531046216964
598,0.1044,0,1,0,21189,584421,619,107337,5.413511060061507,0.15516553476793907
599,0.1045,0,10,0,21199,584411,619,107337,5.413418429730631,0.1551677778613021
600,0.1047,0,6,0,21205,584405,619,107337,5.4133628515321055,0.15516912374844957
601,0.1048,0,5,0,21210,584400,619,107337,5.4133165363666675,0.15517024533890772
602,0.1049,0,2,0,21212,584398,619,107337,5.413298010300493,0.15517069397963093
603,0.105,23,498,23,21710,583900,642,107314,5.408685019822891,0.1552543785282127
604,0.1052,1,4,1,21714,583896,643,107313,5.40864796769054,0.15525405485171634
605,0.1053,1,5,1,21719,583891,644,107312,5.408601652525102,0.15525395578433543
606,0.1054,0,1,0,21720,583890,644,107312,5.408592389492015,0.15525418039878358
607,0.1055,0,5,0,21725,583885,644,107312,5.408546074326577,0.1552553034807732
608,0.1057,0,8,0,21733,583877,644,107312,5.408471970061877,0.1552571004457536
609,0.1058,2,36,2,21769,583841,646,107310,5.4081385008707255,0.15526274287384378
610,0.1059,0,1,0,21770,583840,646,107310,5.408129237837637,0.15526296751790494
611,0.106,2,42,2,21812,583798,648,107308,5.40774019044796,0.15526995858811818
612,0.1061,1,4,1,21816,583794,649,107307,5.40770313831561,0.15526963497375926
613,0.1062,0,10,0,21826,583784,649,107307,5.407610507984734,0.15527188170588244
614,0.1063,0,8,0,21834,583776,649,107307,5.407536403720034,0.15527367913839582
615,0.1064,0,9,0,21843,583767,649,107307,5.407453036422246,0.1552757012997161
616,0.1065,0,8,0,21851,583759,649,107307,5.407378932157545,0.15527749882066258
617,0.1066,0,5,0,21856,583754,649,107307,5.407332616992108,0.1552786222923881
618,0.1067,5,279,5,22135,583475,654,107302,5.4047482307606804,0.1553352239579488
619,0.1068,0,2,0,22137,583473,654,107302,5.404729704694505,0.1553356736998299
620,0.1069,1,1,1,22138,583472,655,107301,5.404720441661418,0.15533467579074456
621,0.107,0,21,0,22159,583451,655,107301,5.404525917966579,0.1553393982210692
622,0.1071,0,5,0,22164,583446,655,107301,5.404479602801141,0.15534052265156417
623,0.1073,0,20,0,22184,583426,655,107301,5.40429434213939,0.15534502053633345
624,0.1074,0,4,0,22188,583422,655,107301,5.40425729000704,0.1553459201445442
625,0.1075,5,126,5,22314,583296,660,107296,5.403090147838008,0.15536814790788192
626,0.1076,0,4,0,22318,583292,660,107296,5.4030530957056575,0.15536904782591068
627,0.1077,0,6,0,22324,583286,660,107296,5.402997517507132,0.15537039772250072
628,0.1078,0,9,0,22333,583277,660,107296,5.4029141502093445,0.15537242261136766
629,0.1079,2,11,2,22344,583266,662,107294,5.402812256845381,0.1553724513438369
630,0.108,2,30,2,22374,583236,664,107292,5.4025343658527545,0.1553767551786459
631,0.1081,0,1,0,22375,583235,664,107292,5.402525102819667,0.15537698019049218
632,0.1082,0,4,0,22379,583231,664,107292,5.402488050687317,0.15537788024439447
633,0.1083,11,136,11,22515,583095,675,107281,5.40122827818741,0.1553950311134802
634,0.1084,0,2,0,22517,583093,675,107281,5.401209752121234,0.1553954812898516
635,0.1085,1,5,1,22522,583088,676,107280,5.401163436955796,0.15539538333178826
636,0.1086,0,8,0,22530,583080,676,107280,5.401089332691097,0.15539718407787242
637,0.1087,1,9,1,22539,583071,677,107279,5.401005965393308,0.15539798652857245
638,0.1088,0,6,0,22545,583065,677,107279,5.400950387194783,0.1553993371420625
639,0.1089,0,2,0,22547,583063,677,107279,5.400931861128608,0.15539978735177637
640,0.109,0,16,0,22563,583047,677,107279,5.400783652599207,0.15540338912339968
641,0.1092,4,45,4,22608,583002,681,107275,5.400366816110267,0.15540862581253612
642,0.1093,1,20,1,22628,582982,682,107274,5.400181555448516,0.15541190514823486
643,0.1094,0,1,0,22629,582981,682,107274,5.400172292415428,0.15541213029967185
644,0.1095,1,9,1,22638,582972,683,107273,5.4000889251176405,0.15541293308897566
645,0.1096,2,6,2,22644,582966,685,107271,5.400033346919115,0.1554118368038804
646,0.1097,0,7,0,22651,582959,685,107271,5.399968505687502,0.1554134129203309
647,0.1098,0,3,0,22654,582956,685,107271,5.399940716588239,0.15541408840859602
648,0.1099,0,1,0,22655,582955,685,107271,5.399931453555152,0.15541431357265592
649,0.11,50,1848,50,24503,581107,735,107221,5.3828133684093515,0.15577021420020687
650,0.1102,0,6,0,24509,581101,735,107221,5.382757790210826,0.15577157202588324
651,0.1103,0,14,0,24523,581087,735,107221,5.382628107747601,0.1557747403778541
652,0.1104,0,7,0,24530,581080,735,107221,5.382563266515988,0.15577632460217258
653,0.1105,0,8,0,24538,581072,735,107221,5.382489162251288,0.1557781351837081
654,0.1106,1,2,1,24540,581070,736,107220,5.382470636185112,0.15577736128666697
655,0.1107,1,16,1,24556,581054,737,107219,5.382322427655712,0.15577975599798335
656,0.1108,3,33,3,24589,581021,740,107216,5.3820167475638225,0.15578354549377613
657,0.111,0,21,0,24610,581000,740,107216,5.3818222238689835,0.15578829902239993
658,0.1111,1,3,1,24613,580997,741,107215,5.381794434769721,0.1557877514486815
659,0.1112,0,11,0,24624,580986,741,107215,5.381692541405758,0.1557902415137438
660,0.1113,2,7,2,24631,580979,743,107213,5.381627700174145,0.15578937273319074
661,0.1114,0,7,0,24638,580972,743,107213,5.381562858942532,0.1557909573733807
662,0.1115,1,8,1,24646,580964,744,107212,5.381488754677831,0.15579154169863524
663,0.1117,6,154,6,24800,580810,750,107206,5.380062247582348,0.1558190507197507
664,0.1118,0,3,0,24803,580807,750,107206,5.3800344584830855,0.15581973015044773
665,0.1119,0,5,0,24808,580802,750,107206,5.3799881433176475,0.1558208625481099
666,0.112,2,54,2,24862,580748,752,107204,5.37948793953092,0.15583063934693117
667,0.1121,0,9,0,24871,580739,752,107204,5.379404572233132,0.15583267799803183
668,0.1122,0,1,0,24872,580738,752,107204,5.379395309200045,0.15583290451811344
669,0.1123,1,11,1,24883,580727,753,107203,5.379293415836082,0.15583416917418924
670,0.1124,0,7,0,24890,580720,753,107203,5.379228574604468,0.1558357548737286
671,0.1125,3,123,3,25013,580597,756,107200,5.378089221534699,0.15585994123266023
672,0.1127,0,10,0,25023,580587,756,107200,5.377996591203824,0.15586220734035391
673,0.1128,0,11,0,25034,580576,756,107200,5.377894697839861,0.15586470013492765
674,0.1129,0,5,0,25039,580571,756,107200,5.377848382674423,0.1558658332497299
675,0.113,0,13,0,25052,580558,756,107200,5.3777279632442845,0.15586877942532112
676,0.1131,0,1,0,25053,580557,756,107200,5.377718700211197,0.155869006058826
677,0.1132,0,5,0,25058,580552,756,107200,5.377672385045759,0.15587013923623633
678,0.1133,8,285,8,25343,580267,764,107192,5.375032420615806,0.15592493515976952
679,0.1134,0,2,0,25345,580265,764,107192,5.375013894549632,0.15592538878795328
680,0.1135,0,8,0,25353,580257,764,107192,5.374939790284931,0.15592720332708318
681,0.1136,0,3,0,25356,580254,764,107192,5.374912001185669,0.15592788379014497
682,0.1137,0,6,0,25362,580248,764,107192,5.3748564229871425,0.15592924473408587
683,0.1138,0,6,0,25368,580242,764,107192,5.374800844788617,0.15593060570178374
684,0.1139,0,1,0,25369,580241,764,107192,5.37479158175553,0.15593083253204312
685,0.114,0,68,0,25437,580173,764,107192,5.374161695505577,0.1559462585380402
686,0.1141,0,3,0,25440,580170,764,107192,5.374133906406314,0.1559469391674256
687,0.1142,2,26,2,25466,580144,766,107190,5.373893067546037,0.15595038220137517
688,0.1143,0,13,0,25479,580131,766,107190,5.373772648115899,0.1559533318493106
689,0.1144,0,5,0,25484,580126,766,107190,5.373726332950461,0.15595446635899646
690,0.1145,0,4,0,25488,580122,766,107190,5.373689280818111,0.1559553739786298
691,0.1146,0,4,0,25492,580118,766,107190,5.373652228685761,0.1559562816088275
692,0.1147,1,8,1,25500,580110,767,107189,5.37357812442106,0.155956868844564
693,0.1148,0,2,0,25502,580108,767,107189,5.373559598354885,0.15595732267127602
694,0.1149,0,5,0,25507,580103,767,107189,5.373513283189448,0.15595845724961152
695,0.115,18,560,18,26067,579543,785,107171,5.368325984660417,0.1560635140684477
696,0.1152,0,5,0,26072,579538,785,107171,5.36827966949498,0.15606465038320452
697,0.1153,0,4,0,26076,579534,785,107171,5.368242617362629,0.15606555944692407
698,0.1154,0,2,0,26078,579532,785,107171,5.3682240912964545,0.15606601398275527
699,0.1155,1,10,1,26088,579522,786,107170,5.368131460965579,0.1560670577202006
700,0.1156,0,7,0,26095,579515,786,107170,5.368066619733965,0.15606864865258452
701,0.1157,1,18,1,26113,579497,787,107169,5.36789988513839,0.15607151074903955
702,0.1158,0,58,0,26171,579439,787,107169,5.367362629219311,0.15608469461468552
703,0.116,2,68,2,26239,579371,789,107167,5.366732742969358,0.15609769597604212
704,0.1161,0,1,0,26240,579370,789,107167,5.366723479936271,0.15609792334571918
705,0.1162,0,14,0,26254,579356,789,107167,5.366593797473045,0.15610110659074786
706,0.1163,0,7,0,26261,579349,789,107167,5.366528956241432,0.15610269826194872
707,0.1164,0,1,0,26262,579348,789,107167,5.366519693208344,0.15610292564619854
708,0.1165,1,11,1,26273,579337,790,107166,5.366417799844381,0.1561041976509935
709,0.1166,0,2,0,26275,579335,790,107166,5.366399273778206,0.15610465243313557
710,0.1167,4,277,4,26552,579058,794,107162,5.363833413612953,0.15616274664101892
711,0.1168,1,3,1,26555,579055,795,107161,5.363805624513691,0.15616219965725078
712,0.1169,0,3,0,26558,579052,795,107161,5.363777835414428,0.15616288237034273
713,0.117,0,18,0,26576,579034,795,107161,5.3636111008188525,0.15616697877425514
714,0.1171,0,6,0,26582,579028,795,107161,5.363555522620326,0.15616834428998425
715,0.1172,0,5,0,26587,579023,795,107161,5.363509207454889,0.1561694822380003
716,0.1173,1,16,1,26603,579007,796,107160,5.363360998925488,0.15617189401413942
717,0.1174,0,4,0,26607,579003,796,107160,5.3633239467931375,0.15617280442110693
718,0.1175,3,130,3,26737,578873,799,107157,5.362119752491756,0.15619870851128959
719,0.1176,0,4,0,26741,578869,799,107157,5.362082700359406,0.156199619256413
720,0.1177,1,19,1,26760,578850,800,107156,5.361906702730742,0.15620271542814496
721,0.1178,0,7,0,26767,578843,800,107156,5.361841861499129,0.1562043093357279
722,0.1179,1,3,1,26770,578840,801,107155,5.361814072399866,0.15620376241809342
723,0.118,1,27,1,26797,578813,802,107154,5.361563970506503,0.15620868059250664
724,0.1182,0,7,0,26804,578806,802,107154,5.36149912927489,0.1562102746515832
725,0.1183,3,168,3,26972,578638,805,107151,5.359942939716181,0.15624485082146258
726,0.1184,0,2,0,26974,578636,805,107151,5.359924413650005,0.15624530648729124
727,0.1185,0,15,0,26989,578621,805,107151,5.359785468153692,0.15624872406572446
728,0.1186,0,3,0,26992,578618,805,107151,5.35975767905443,0.15624940759935196
729,0.1187,1,19,1,27011,578599,806,107150,5.359581681425766,0.156252506383531
730,0.1188,0,9,0,27020,578590,806,107150,5.359498314127978,0.15625455712077463
731,0.1189,0,4,0,27024,578586,806,107150,5.3594612619956274,0.1562554685768284
732,0.119,0,31,0,27055,578555,806,107150,5.359174107969913,0.15626253272179727
733,0.1191,0,3,0,27058,578552,806,107150,5.359146318870651,0.15626321638262686
734,0.1192,5,43,5,27101,578509,811,107145,5.358748008447886,0.156266863461746
735,0.1193,0,13,0,27114,578496,811,107145,5.358627589017748,0.15626982633768985
736,0.1194,0,10,0,27124,578486,811,107145,5.358534958686873,0.15627210554948653
737,0.1195,0,18,0,27142,578468,811,107145,5.358368224091296,0.15627620829826738
738,0.1196,0,6,0,27148,578462,811,107145,5.358312645892771,0.15627757592906724
739,0.1197,0,4,0,27152,578458,811,107145,5.358275593760421,0.15627848769623237
740,0.1198,0,5,0,27157,578453,811,107145,5.358229278594983,0.15627962742015
741,0.1199,0,2,0,27159,578451,811,107145,5.358210752528808,0.15628008331437174
742,0.12,49,1985,49,29144,576466,860,107096,5.339823631850013,0.15667342538057996
743,0.1201,1,2,1,29146,576464,861,107095,5.339805105783838,0.1566726500565423
744,0.1202,0,3,0,29149,576461,861,107095,5.339777316684575,0.15667333766362962
745,0.1203,2,13,2,29162,576448,863,107093,5.339656897254437,0.15667384984953353
746,0.1204,0,1,0,29163,576447,863,107093,5.3396476342213495,0.15667407905901629
747,0.1205,0,8,0,29171,576439,863,107093,5.339573529956649,0.15667591275902226
748,0.1207,1,22,1,29193,576417,864,107092,5.339369743228723,0.1566797218471154
749,0.1208,0,44,0,29237,576373,864,107092,5.338962169772871,0.15668980854908446
750,0.1209,0,2,0,29239,576371,864,107092,5.3389436437066955,0.1566902670663957
751,0.121,1,35,1,29274,576336,865,107091,5.338619437548631,0.15669705762283317
752,0.1211,0,5,0,29279,576331,865,107091,5.338573122383194,0.15669820403791507
753,0.1212,0,12,0,29291,576319,865,107091,5.338461965986142,0.15670095550255336
754,0.1213,0,5,0,29296,576314,865,107091,5.338415650820704,0.15670210197467094
755,0.1214,0,4,0,29300,576310,865,107091,5.3383785986883545,0.1567030191644437
756,0.1215,1,11,1,29311,576299,866,107090,5.338276705324391,0.15670430750275466
757,0.1216,0,5,0,29316,576294,866,107090,5.338230390158953,0.15670545403462768
758,0.1217,7,142,7,29458,576152,873,107083,5.336915039460521,0.15672938300877443
759,0.1218,2,12,2,29470,576140,875,107081,5.33680388306347,0.1567296672672532
760,0.1219,0,2,0,29472,576138,875,107081,5.336785356997296,0.15673012606499526
761,0.122,1,55,1,29527,576083,876,107080,5.33627589017748,0.15674150971290893
762,0.1221,0,6,0,29533,576077,876,107080,5.336220311978955,0.15674288633505915
763,0.1222,0,6,0,29539,576071,876,107080,5.336164733780429,0.15674426298139063
764,0.1223,0,15,0,29554,576056,876,107080,5.336025788284116,0.1567477047030167
765,0.1224,0,1,0,29555,576055,876,107080,5.336016525251028,0.15674793415649907
766,0.1225,7,160,7,29715,575895,883,107073,5.33453443995702,0.15677601293179183
767,0.1226,0,1,0,29716,575894,883,107073,5.334525176923932,0.15677624248316538
768,0.1227,0,4,0,29720,575890,883,107073,5.334488124791582,0.15677716069538175
769,0.1228,0,8,0,29728,575882,883,107073,5.334414020526881,0.15677899715208177
770,0.1229,0,8,0,29736,575874,883,107073,5.334339916262181,0.15678083365180606
771,0.123,1,13,1,29749,575861,884,107072,5.334219496832043,0.1567825833573718
772,0.1231,0,1,0,29750,575860,884,107072,5.334210233798955,0.15678281293013066
773,0.1232,0,9,0,29759,575851,884,107072,5.334126866501167,0.15678487911521505
774,0.1233,9,319,9,30078,575532,893,107063,5.331171958946237,0.15684703228122093
775,0.1234,0,5,0,30083,575527,893,107063,5.3311256437807995,0.15684818119222374
776,0.1235,1,11,1,30094,575516,894,107062,5.331023750416836,0.15684947361327203
777,0.1236,0,1,0,30095,575515,894,107062,5.331014487383749,0.15684970340342555
778,0.1237,1,6,1,30101,575509,895,107061,5.330958909185224,0.15684984690214923
779,0.1238,0,13,0,30114,575496,895,107061,5.330838489755085,0.15685283426878635
780,0.1239,0,2,0,30116,575494,895,107061,5.33081996368891,0.15685329387375377
781,0.124,4,60,4,30176,575434,899,107057,5.330264181703657,0.15686214177183289
782,0.1242,0,57,0,30233,575377,899,107057,5.329736188817667,0.1568752436133018
783,0.1243,1,22,1,30255,575355,900,107056,5.3295324020897406,0.15687906554847444
784,0.1244,0,2,0,30257,575353,900,107056,5.329513876023565,0.15687952532865188
785,0.1245,1,4,1,30261,575349,901,107055,5.329476823891215,0.15687920938329786
786,0.1246,0,5,0,30266,575344,901,107055,5.329430508725777,0.1568803588516396
787,0.1247,2,14,2,30280,575330,903,107053,5.329300826262552,0.15688110635815958
788,0.1248,0,9,0,30289,575321,903,107053,5.329217458964764,0.15688317550199743
789,0.1249,0,1,0,30290,575320,903,107053,5.329208195931676,0.15688340541023751
790,0.125,26,613,26,30903,574707,929,107027,5.323529956649005,0.15699231665136257
791,0.1251,0,2,0,30905,574705,929,107027,5.32351143058283,0.156992777220374
792,0.1252,0,1,0,30906,574704,929,107027,5.3235021675497425,0.1569930075058931
793,0.1253,1,20,1,30926,574684,930,107026,5.3233169068879915,0.15699637675844566
794,0.1254,0,2,0,30928,574682,930,107026,5.323298380821816,0.15699683735558334
795,0.1255,1,7,1,30935,574675,931,107025,5.323233539590204,0.15699721285022739
796,0.1256,0,1,0,30936,574674,931,107025,5.323224276557116,0.15699744315306316
797,0.1257,1,16,1,30952,574658,932,107024,5.323076068027715,0.1569998914449846
798,0.1258,1,39,1,30991,574619,933,107023,5.322714809737301,0.1570076374401812
799,0.1259,1,5,1,30996,574614,934,107022,5.322668494571863,0.1570075524180061
800,0.126,2,53,2,31049,574561,936,107020,5.322177553818222,0.1570172877471643
801,0.1261,0,1,0,31050,574560,936,107020,5.322168290785135,0.15701751811966314
802,0.1262,1,15,1,31065,574545,937,107019,5.322029345288821,0.15701973695793792
803,0.1263,2,6,2,31071,574539,939,107017,5.321973767090296,0.15701864556984313
804,0.1264,1,1,1,31072,574538,940,107016,5.321964504057209,0.15701763910123043
805,0.1265,0,17,0,31089,574521,940,107016,5.32180703249472,0.15702155568956638
806,0.1266,0,4,0,31093,574517,940,107016,5.32176998036237,0.15702247726815868
807,0.1267,12,333,12,31426,574184,952,107004,5.318685390344214,0.15708438786355602
808,0.1268,0,4,0,31430,574180,952,107004,5.318648338211864,0.15708531028327147
809,0.1269,0,4,0,31434,574176,952,107004,5.318611286079514,0.15708623271382013
810,0.127,2,32,2,31466,574144,954,107002,5.318314869020712,0.15709113758283832
811,0.1271,0,7,0,31473,574137,954,107002,5.318250027789099,0.15709275199335232
812,0.1272,0,8,0,31481,574129,954,107002,5.318175923524398,0.15709459707457155
813,0.1273,0,17,0,31498,574112,954,107002,5.31801845196191,0.15709851801607366
814,0.1274,0,9,0,31507,574103,954,107002,5.317935084664122,0.15710059388787337
815,0.1275,8,190,8,31697,573913,962,106994,5.316175108377487,0.15713452791644086
816,0.1276,1,2,1,31699,573911,963,106993,5.316156582311312,0.15713375160081303
817,0.1277,3,11,3,31710,573900,966,106990,5.316054688947349,0.1571325764807825
818,0.1278,2,13,2,31723,573887,968,106988,5.315934269517211,0.15713310078942538
819,0.1279,1,12,1,31735,573875,969,106987,5.31582311312016,0.15713463227496907
820,0.128,1,36,1,31771,573839,970,106986,5.315489643929008,0.15714170308082107
821,0.1281,0,4,0,31775,573835,970,106986,5.3154525917966575,0.15714262632909384
822,0.1282,1,12,1,31787,573823,971,106985,5.315341435399607,0.15714415811800098
823,0.1283,4,149,4,31936,573674,975,106981,5.313961243469562,0.15717360483651777
824,0.1284,0,4,0,31940,573670,975,106981,5.313924191337211,0.15717452850285976
825,0.1285,3,6,3,31946,573664,978,106978,5.313868613138686,0.1571721991884133
826,0.1286,0,6,0,31952,573658,978,106978,5.313813034940161,0.15717358470606904
827,0.1287,0,18,0,31970,573640,978,106978,5.313646300344585,0.1571777414056049
828,0.1288,0,4,0,31974,573636,978,106978,5.313609248212234,0.1571786651464707
829,0.1289,0,4,0,31978,573632,978,106978,5.3135721960798845,0.15717958889819428
830,0.129,2,37,2,32015,573595,980,106976,5.313229463855645,0.1571856573377355
831,0.1291,0,2,0,32017,573593,980,106976,5.31321093778947,0.15718611926197049
832,0.1292,1,56,1,32073,573537,981,106975,5.312692207936567,0.1571978157622496
833,0.1293,1,20,1,32093,573517,982,106974,5.312506947274816,0.15720119737072202
834,0.1294,0,3,0,32096,573514,982,106974,5.312479158175553,0.1572018904080601
835,0.1295,1,16,1,32112,573498,983,106973,5.312330949646152,0.1572043481647271
836,0.1296,0,4,0,32116,573494,983,106973,5.312293897513802,0.1572052722615498
837,0.1297,0,5,0,32121,573489,983,106973,5.312247582348364,0.15720642739785617
838,0.1298,0,6,0,32127,573483,983,106973,5.312192004149839,0.157207813583832
839,0.1299,2,10,2,32137,573473,985,106971,5.312099373818963,0.1572076467718137
840,0.13,81,2102,81,34239,571371,1066,106890,5.292628478268925,0.15759420046265377
841,0.1301,0,1,0,34240,571370,1066,106890,5.2926192152358364,0.1575944328133754
842,0.1302,0,4,0,34244,571366,1066,106890,5.292582163103487,0.1575953622231134
843,0.1303,2,11,2,34255,571355,1068,106888,5.2924802697395235,0.1575954340848339
844,0.1304,0,1,0,34256,571354,1068,106888,5.292471006706436,0.1575956664435408
845,0.1305,0,6,0,34262,571348,1068,106888,5.292415428507911,0.1575970606101711
846,0.1306,0,2,0,34264,571346,1068,106888,5.292396902441736,0.15759752533786275
847,0.1307,1,26,1,34290,571320,1069,106887,5.2921560635814595,0.15760232495388576
848,0.1308,1,58,1,34348,571262,1070,106886,5.291618807662381,0.1576145620130119
849,0.131,0,34,0,34382,571228,1070,106886,5.291303864537404,0.15762246465933458
850,0.1311,0,1,0,34383,571227,1070,106886,5.291294601504316,0.1576226971021054
851,0.1312,1,15,1,34398,571212,1071,106885,5.291155656008003,0.15762494156440746
852,0.1313,3,15,3,34413,571197,1074,106882,5.29101671051169,0.15762470154657496
853,0.1314,0,6,0,34419,571191,1074,106882,5.290961132313164,0.15762609630526506
854,0.1315,0,7,0,34426,571184,1074,106882,5.290896291081552,0.15762772355493418
855,0.1316,0,4,0,34430,571180,1074,106882,5.290859238949202,0.15762865342697274
856,0.1317,6,171,6,34601,571009,1080,106876,5.289275260291229,0.157660960192363
857,0.1318,0,6,0,34607,571003,1080,106876,5.289219682092704,0.15766235567114484
858,0.1319,1,4,1,34611,570999,1081,106875,5.289182629960354,0.15766204338859435
859,0.132,1,56,1,34667,570943,1082,106874,5.288663900107451,0.1576738264162746
860,0.1321,0,3,0,34670,570940,1082,106874,5.288636111008189,0.1576745242795221
861,0.1322,0,3,0,34673,570937,1082,106874,5.288608321908926,0.15767522214894714
862,0.1323,1,22,1,34695,570915,1083,106873,5.288404535181,0.1576790972988604
863,0.1324,0,2,0,34697,570913,1083,106873,5.2883860091148245,0.15767956257579827
864,0.1325,8,210,8,34907,570703,1091,106865,5.286440772166438,0.15771848729574006
865,0.1326,0,2,0,34909,570701,1091,106865,5.286422246100263,0.15771895284001855
866,0.1327,0,14,0,34923,570687,1091,106865,5.286292563637037,0.1577222117269228
867,0.1328,0,9,0,34932,570678,1091,106865,5.286209196339249,0.1577243067967642
868,0.1329,0,7,0,34939,570671,1091,106865,5.286144355107637,0.1577259363340103
869,0.133,0,23,0,34962,570648,1091,106865,5.285931305346622,0.15773129076490044
870,0.1331,0,6,0,34968,570642,1091,106865,5.285875727148097,0.1577326876327477
871,0.1332,1,9,1,34977,570633,1092,106864,5.285792359850309,0.15773353977951193
872,0.1333,11,343,11,35320,570290,1103,106853,5.282615139501278,0.15779975573844815
873,0.1334,0,3,0,35323,570287,1103,106853,5.282587350402015,0.15780045485423988
874,0.1335,0,7,0,35330,570280,1103,106853,5.282522509170403,0.15780208614851143
875,0.1336,0,3,0,35333,570277,1103,106853,5.28249472007114,0.15780278528495267
876,0.1337,0,9,0,35342,570268,1103,106853,5.2824113527733525,0.15780488273144683
877,0.1338,0,9,0,35351,570259,1103,106853,5.282327985475564,0.1578069802336984
878,0.134,2,87,2,35438,570172,1105,106851,5.281522101596947,0.1578247710934488
879,0.1342,1,53,1,35491,570119,1106,106850,5.281031160843306,0.15783588317928887
880,0.1343,0,27,0,35518,570092,1106,106850,5.280781058949943,0.15784217850273732
881,0.1344,0,2,0,35520,570090,1106,106850,5.2807625328837675,0.15784264484296984
882,0.1345,0,7,0,35527,570083,1106,106850,5.280697691652154,0.15784427705548407
883,0.1346,0,2,0,35529,570081,1106,106850,5.28067916558598,0.15784474340811694
884,0.1347,2,16,2,35545,570065,1108,106848,5.280530957056579,0.15784598611638423
885,0.1348,0,4,0,35549,570061,1108,106848,5.280493904924229,0.1578469188620627
886,0.1349,0,2,0,35551,570059,1108,106848,5.280475378858053,0.1578473852390358
887,0.135,30,694,30,36245,569365,1138,106818,5.274046833895291,0.15797202828228452
888,0.1351,0,1,0,36246,569364,1138,106818,5.274037570862203,0.15797226190581826
889,0.1352,0,5,0,36251,569359,1138,106818,5.273991255696766,0.15797343003385209
890,0.1353,1,8,1,36259,569351,1139,106817,5.273917151432065,0.15797405378544976
891,0.1354,1,6,1,36265,569345,1140,106816,5.27386157323354,0.15797421028423703
892,0.1355,1,11,1,36276,569334,1141,106815,5.273759679869577,0.15797553497823705
893,0.1356,0,1,0,36277,569333,1141,106815,5.273750416836489,0.15797576861870477
894,0.1357,0,20,0,36297,569313,1141,106815,5.273565156174738,0.15798044157319324
895,0.1358,3,63,3,36360,569250,1144,106812,5.272981585090222,0.15799142682180037
896,0.1359,0,1,0,36361,569249,1144,106812,5.272972322057134,0.15799166051584101
897,0.136,1,77,1,36438,569172,1145,106811,5.272259068509393,0.1580084114541342
898,0.1361,0,4,0,36442,569168,1145,106811,5.272222016377042,0.15800934644419426
899,0.1362,1,7,1,36449,569161,1146,106810,5.27215717514543,0.15800973710410654
900,0.1363,0,8,0,36457,569153,1146,106810,5.272083070880729,0.158011607144178
901,0.1364,0,3,0,36460,569150,1146,106810,5.2720552817814665,0.15801230842061662
902,0.1365,0,6,0,36466,569144,1146,106810,5.271999703582941,0.1580137109921681
903,0.1366,0,2,0,36468,569142,1146,106810,5.271981177516766,0.15801417852155183
904,0.1367,12,339,12,36807,568803,1158,106798,5.268841009300085,0.1580785108370177
905,0.1368,2,5,2,36812,568798,1160,106796,5.268794694134647,0.15807718837053022
906,0.1369,1,1,1,36813,568797,1161,106795,5.26878543110156,0.15807617615365488
907,0.137,2,26,2,36839,568771,1163,106793,5.268544592241284,0.15807976742395982
908,0.1371,1,5,1,36844,568766,1164,106792,5.268498277075846,0.15807969115901224
909,0.1372,1,7,1,36851,568759,1165,106791,5.268433435844233,0.15808008289541856
910,0.1373,2,19,2,36870,568740,1167,106789,5.268257438215569,0.15808203644847224
911,0.1374,0,1,0,36871,568739,1167,106789,5.268248175182482,0.15808227046103196
912,0.1375,6,185,6,37056,568554,1173,106783,5.266534514061284,0.15811809511399494
913,0.1376,0,4,0,37060,568550,1173,106783,5.266497461928934,0.15811903164809066
914,0.1377,1,21,1,37081,568529,1174,106782,5.266302938234095,0.1581227019847152
915,0.1378,0,5,0,37086,568524,1174,106782,5.266256623068657,0.15812387273324982
916,0.1379,0,7,0,37093,568517,1174,106782,5.266191781837045,0.15812551181032403
917,0.138,2,49,2,37142,568468,1176,106780,5.265737893215754,0.15813449280856812
918,0.1381,0,1,0,37143,568467,1176,106780,5.265728630182667,0.15813472699619546
919,0.1382,0,15,0,37158,568452,1176,106780,5.265589684686354,0.1581382398938439
920,0.1383,10,199,10,37357,568253,1186,106770,5.26374634110193,0.15817238820010576
921,0.1384,0,2,0,37359,568251,1186,106770,5.263727815035756,0.15817285684445373
922,0.1385,0,13,0,37372,568238,1186,106770,5.263607395605617,0.1581759031004077
923,0.1386,0,3,0,37375,568235,1186,106770,5.2635796065063545,0.15817660609921408
924,0.1387,1,17,1,37392,568218,1187,106769,5.263422134943866,0.15817934271326706
925,0.1388,0,5,0,37397,568213,1187,106769,5.263375819778428,0.15818051444334813
926,0.1389,0,3,0,37400,568210,1187,106769,5.263348030679166,0.1581812174897293
927,0.139,1,35,1,37435,568175,1188,106768,5.263023824521102,0.15818817292719534
928,0.1391,0,3,0,37438,568172,1188,106768,5.262996035421838,0.15818887604824133
929,0.1392,4,62,4,37500,568110,1192,106764,5.26242172737041,0.15819841926048417
930,0.1393,0,29,0,37529,568081,1192,106764,5.262153099410871,0.1582052174943876
931,0.1394,1,5,1,37534,568076,1193,106763,5.262106784245433,0.15820514226356214
932,0.1395,0,20,0,37554,568056,1193,106763,5.261921523583682,0.1582098310806305
933,0.1396,0,2,0,37556,568054,1193,106763,5.261902997517507,0.15821029997762356
934,0.1397,1,10,1,37566,568044,1194,106762,5.261810367186632,0.15821139705337534
935,0.1398,1,10,1,37576,568034,1195,106761,5.261717736855756,0.15821249416489452
936,0.1399,0,1,0,37577,568033,1195,106761,5.261708473822669,0.15821272862532862
937,0.14,78,2361,78,39938,565672,1273,106683,5.239838452702953,0.158670642740814
938,0.1401,0,2,0,39940,565670,1273,106683,5.239819926636778,0.1586711147269366
939,0.1402,0,1,0,39941,565669,1273,106683,5.2398106636036905,0.15867135072105087
940,0.1403,0,9,0,39950,565660,1273,106683,5.239727296305903,0.15867347469966966
941,0.1404,0,7,0,39957,565653,1273,106683,5.239662455074289,0.15867512672235312
942,0.1405,0,12,0,39969,565641,1273,106683,5.239551298677239,0.15867795884127295
943,0.1406,0,5,0,39974,565636,1273,106683,5.239504983511801,0.15867913892066118
944,0.1407,0,34,0,40008,565602,1273,106683,5.239190040386824,0.1586871639260135
945,0.1408,2,51,2,40059,565551,1275,106681,5.238717625699359,0.15869669994882718
946,0.141,4,30,4,40089,565521,1279,106677,5.238439734706732,0.15869877625342532
947,0.1411,2,5,2,40094,565516,1281,106675,5.2383934195412944,0.15869745355114842
948,0.1412,0,10,0,40104,565506,1281,106675,5.238300789210419,0.15869981448449152
949,0.1413,0,18,0,40122,565488,1281,106675,5.238134054614843,0.1587040643415362
950,0.1414,0,12,0,40134,565476,1281,106675,5.2380228982177925,0.15870689770602142
951,0.1415,0,8,0,40142,565468,1281,106675,5.237948793953092,0.15870878667188382
952,0.1416,0,1,0,40143,565467,1281,106675,5.237939530920005,0.15870902279577828
953,0.1417,9,165,9,40308,565302,1290,106666,5.236411130460558,0.1587367255583599
954,0.1418,0,7,0,40315,565295,1290,106666,5.236346289228945,0.15873837916188588
955,0.142,5,42,5,40357,565253,1295,106661,5.235957241839268,0.15874204139220197
956,0.1421,0,13,0,40370,565240,1295,106661,5.23583682240913,0.15874511274726485
957,0.1422,1,9,1,40379,565231,1296,106660,5.235753455111341,0.15874598707230786
958,0.1423,0,22,0,40401,565209,1296,106660,5.235549668383415,0.15875118512686254
959,0.1424,0,6,0,40407,565203,1296,106660,5.23549409018489,0.15875260283718556
960,0.1425,11,191,11,40598,565012,1307,106649,5.233724850865167,0.15878396988957227
961,0.1426,0,9,0,40607,565003,1307,106649,5.2336414835673795,0.15878609756242817
962,0.1427,0,24,0,40631,564979,1307,106649,5.233419170773278,0.1587917716354887
963,0.1428,2,11,2,40642,564968,1309,106647,5.233317277409315,0.15879186736448708
964,0.1429,1,8,1,40650,564960,1310,106646,5.233243173144614,0.15879250632067016
965,0.143,2,35,2,40685,564925,1312,106644,5.23291896698655,0.15879827687102888
966,0.1431,0,2,0,40687,564923,1312,106644,5.232900440920375,0.158798749789671
967,0.1432,0,9,0,40696,564914,1312,106644,5.232817073622587,0.15880087795841907
968,0.1433,19,391,19,41087,564523,1331,106625,5.229195227685353,0.15886957869203217
969,0.1435,0,17,0,41104,564506,1331,106625,5.229037756122865,0.15887360291805921
970,0.1436,2,4,2,41108,564502,1333,106623,5.229000703990515,0.15887204321102627
971,0.1437,0,11,0,41119,564491,1333,106623,5.228898810626552,0.15887464722833974
972,0.1438,0,6,0,41125,564485,1333,106623,5.2288432324280265,0.15887606763739964
973,0.1439,0,4,0,41129,564481,1333,106623,5.228806180295676,0.15887701459088308
974,0.144,4,72,4,41201,564409,1337,106619,5.2281392419133725,0.15888904784897204
975,0.1441,0,4,0,41205,564405,1337,106619,5.228102189781022,0.15888999499272755
976,0.1442,1,65,1,41270,564340,1338,106618,5.227500092630331,0.15890413408886994
977,0.1443,2,29,2,41299,564311,1340,106616,5.227231464670791,0.15890849526103437
978,0.1444,1,5,1,41304,564306,1341,106615,5.227185149505354,0.1589084258802452
979,0.1445,1,17,1,41321,564289,1342,106614,5.227027677942866,0.15891119878730606
980,0.1446,1,5,1,41326,564284,1343,106613,5.226981362777428,0.15891112942821328
981,0.1447,0,13,0,41339,564271,1343,106613,5.2268609433472895,0.1589142087156647
982,0.1448,0,12,0,41351,564259,1343,106613,5.226749786950239,0.1589170512407732
983,0.1449,0,2,0,41353,564257,1343,106613,5.226731260884064,0.15891752500484446
984,0.145,25,802,25,42155,563455,1368,106588,5.219302308347846,0.15907635778599283
985,0.1451,1,6,1,42161,563449,1369,106587,5.21924673014932,0.15907652723137264
986,0.1452,2,7,2,42168,563442,1371,106585,5.219181888917707,0.15907567903979988
987,0.1453,1,13,1,42181,563429,1372,106584,5.219061469487569,0.15907751043636467
988,0.1454,0,6,0,42187,563423,1372,106584,5.219005891289044,0.15907893499620154
989,0.1455,2,8,2,42195,563415,1374,106582,5.218931787024343,0.15907832423130253
990,0.1456,0,1,0,42196,563414,1374,106582,5.218922523991256,0.1590785616630547
991,0.1457,2,34,2,42230,563380,1376,106580,5.218607580866279,0.1590841244253388
992,0.1458,3,56,3,42286,563324,1379,106577,5.218088851013376,0.15909365712247034
993,0.1459,0,3,0,42289,563321,1379,106577,5.2180610619141135,0.1590943695905944
994,0.146,4,83,4,42372,563238,1383,106573,5.217292230167846,0.15910906210856496
995,0.1461,0,7,0,42379,563231,1383,106573,5.217227388936234,0.15911072492848655
996,0.1462,0,12,0,42391,563219,1383,106573,5.217116232539182,0.1591135755577851
997,0.1463,0,13,0,42404,563206,1383,106573,5.216995813109045,0.1591166638547939
998,0.1464,0,7,0,42411,563199,1383,106573,5.2169309718774315,0.15911832683360905
999,0.1465,1,21,1,42432,563178,1384,106572,5.216736448182593,0.15912206047032476
1000,0.1467,17,392,17,42824,562786,1401,106555,5.213105339212271,0.15919389369544074
1001,0.1468,0,8,0,42832,562778,1401,106555,5.213031234947572,0.1591957964122492
1002,0.1469,0,4,0,42836,562774,1401,106555,5.212994182815221,0.15919674778770979
1003,0.147,1,39,1,42875,562735,1402,106554,5.212632924524806,0.15920476804489542
1004,0.1471,0,13,0,42888,562722,1402,106554,5.212512505094669,0.1592078604342603
1005,0.1472,1,6,1,42894,562716,1403,106553,5.2124569268961425,0.1592080314492379
1006,0.1473,2,26,2,42920,562690,1405,106551,5.212216088035866,0.15921170400498474
1007,0.1474,1,2,1,42922,562688,1406,106550,5.212197561969691,0.15921092346818322
1008,0.1475,5,179,5,43101,562509,1411,106545,5.210539479047019,0.15924723564914042
1009,0.1476,0,1,0,43102,562508,1411,106545,5.2105302160139315,0.15924747366800537
1010,0.1477,0,6,0,43108,562502,1411,106545,5.210474637815406,0.1592489017961369
1011,0.1478,1,10,1,43118,562492,1412,106544,5.21038200748453,0.15925002540969393
1012,0.1479,1,12,1,43130,562480,1413,106543,5.21027085108748,0.15925162513097457
1013,0.148,3,51,3,43181,562429,1416,106540,5.209798436400015,0.1592599956051775
1014,0.1481,0,14,0,43195,562415,1416,106540,5.209668753936789,0.1592633286244964
1015,0.1482,0,8,0,43203,562407,1416,106540,5.209594649672089,0.15926523326960132
1016,0.1483,4,207,4,43410,562200,1420,106536,5.207677201822965,0.15930950330175137
1017,0.1484,0,4,0,43414,562196,1420,106536,5.207640149690615,0.15931045620667172
1018,0.1485,0,14,0,43428,562182,1420,106536,5.207510467227389,0.1593137914636663
1019,0.1486,0,5,0,43433,562177,1420,106536,5.207464152061951,0.15931498266072291
1020,0.1487,2,24,2,43457,562153,1422,106534,5.20724183926785,0.15931818623660995
1021,0.1488,1,11,1,43468,562142,1423,106533,5.2071399459038865,0.15931954985605862
1022,0.1489,0,4,0,43472,562138,1423,106533,5.207102893771537,0.1593205029080071
1023,0.149,2,54,2,43526,562084,1425,106531,5.206602689984809,0.1593308555745833
1024,0.1492,1,66,1,43592,562018,1426,106530,5.20599132980103,0.15934532748583496
1025,0.1493,1,29,1,43621,561989,1427,106529,5.205722701841491,0.15935098232209155
1026,0.1494,0,8,0,43629,561981,1427,106529,5.205648597576791,0.15935288926119281
1027,0.1495,0,20,0,43649,561961,1427,106529,5.20546333691504,0.1593576568086284
1028,0.1496,0,2,0,43651,561959,1427,106529,5.2054448108488645,0.159358133579062
1029,0.1497,2,6,2,43657,561953,1429,106527,5.205389232650339,0.15935704882719004
1030,0.1498,0,16,0,43673,561937,1429,106527,5.205241024120938,0.15936086311304723
1031,0.1499,0,6,0,43679,561931,1429,106527,5.205185445922413,0.15936229351731895
1032,0.15,94,2441,94,46120,559490,1523,106433,5.182574382155693,0.15982778789739954
1033,0.1501,1,4,1,46124,559486,1524,106432,5.182537330023343,0.15982748626707793
1034,0.1502,0,10,0,46134,559476,1524,106432,5.182444699692467,0.15982988641073542
1035,0.1503,1,11,1,46145,559465,1525,106431,5.182342806328505,0.15983126494227326
1036,0.1504,1,5,1,46150,559460,1526,106430,5.182296491163067,0.15983120335190498
1037,0.1505,1,9,1,46159,559451,1527,106429,5.182213123865279,0.15983210188021865
1038,0.1506,0,5,0,46164,559446,1527,106429,5.182166808699841,0.15983330204617985
1039,0.1507,2,38,2,46202,559408,1529,106427,5.1818148134425135,0.1598399002755938
1040,0.1508,4,68,4,46270,559340,1533,106423,5.18118492719256,0.1598511782721479
1041,0.1509,0,4,0,46274,559336,1533,106423,5.181147875060209,0.1598521386868221
1042,0.151,3,33,3,46307,559303,1536,106420,5.180842194968321,0.15985627655946993
1043,0.1511,0,2,0,46309,559301,1536,106420,5.180823668902145,0.15985675680953432
1044,0.1512,0,9,0,46318,559292,1536,106420,5.180740301604358,0.1598589179705338
1045,0.1513,0,14,0,46332,559278,1536,106420,5.180610619141132,0.15986227989268406
1046,0.1514,0,10,0,46342,559268,1536,106420,5.180517988810256,0.15986468135222506
1047,0.1515,0,9,0,46351,559259,1536,106420,5.180434621512468,0.1598668427275008
1048,0.1516,0,2,0,46353,559257,1536,106420,5.180416095446293,0.15986732304105444
1049,0.1517,8,186,8,46539,559071,1544,106412,5.178693171292008,0.15990190583380792
1050,0.1518,1,10,1,46549,559061,1545,106411,5.178600540961132,0.15990304625889595
1051,0.1519,2,7,2,46556,559054,1547,106409,5.17853569972952,0.15990220342828979
1052,0.152,4,56,4,46612,558998,1551,106405,5.178016969876617,0.1599106105623209
1053,0.1521,1,5,1,46617,558993,1552,106404,5.177970654711179,0.1599105496417928
1054,0.1522,0,9,0,46626,558984,1552,106404,5.177887287413391,0.15991271258273368
1055,0.1523,1,21,1,46647,558963,1553,106403,5.177692763718552,0.15991649708581443
1056,0.1524,0,3,0,46650,558960,1553,106403,5.177664974619289,0.15991721812003373
1057,0.1525,11,208,11,46858,558752,1564,106392,5.175738263737078,0.15995333341351647
1058,0.1526,0,3,0,46861,558749,1564,106392,5.175710474637816,0.1599540548545346
1059,0.1527,0,27,0,46888,558722,1564,106392,5.1754603727444515,0.1599605481165635
1060,0.1528,0,5,0,46893,558717,1564,106392,5.1754140575790135,0.15996175063034782
1061,0.1529,0,9,0,46902,558708,1564,106392,5.175330690281226,0.1599639152007217
1062,0.153,1,35,1,46937,558673,1565,106391,5.175006484123161,0.1599710704533699
1063,0.1531,1,3,1,46940,558670,1566,106390,5.174978695023898,0.15997052897482933
1064,0.1532,0,14,0,46954,558656,1566,106390,5.1748490125606725,0.1599738965424948
1065,0.1533,15,408,15,47362,558248,1581,106375,5.171069695060951,0.16005314290958936
1066,0.1534,0,1,0,47363,558247,1581,106375,5.171060432027863,0.16005338372789346
1067,0.1535,1,16,1,47379,558231,1582,106374,5.170912223498462,0.16005597309680186
1068,0.1536,0,6,0,47385,558225,1582,106374,5.170856645299937,0.16005741808218188
1069,0.1537,0,18,0,47403,558207,1582,106374,5.170689910704361,0.16006175319487015
1070,0.1538,2,13,2,47416,558194,1584,106372,5.170569491274223,0.16006235648528513
1071,0.1539,0,1,0,47417,558193,1584,106372,5.170560228241135,0.16006259733810838
1072,0.154,7,72,7,47489,558121,1591,106365,5.169893289858831,0.16007109254371046
1073,0.1541,0,1,0,47490,558120,1591,106365,5.169884026825744,0.16007133343867808
1074,0.1542,2,55,2,47545,558065,1593,106363,5.169374560005928,0.16008205554251176
1075,0.1543,1,28,1,47573,558037,1594,106362,5.169115195079477,0.1600875377596896
1076,0.1544,0,6,0,47579,558031,1594,106362,5.1690596168809515,0.16008898347815223
1077,0.1545,0,17,0,47596,558014,1594,106362,5.168902145318463,0.1600930798222693
1078,0.1546,0,2,0,47598,558012,1594,106362,5.168883619252288,0.1600935617588888
1079,0.1547,0,16,0,47614,557996,1594,106362,5.168735410722887,0.1600974173563049
1080,0.1548,0,7,0,47621,557989,1594,106362,5.168670569491274,0.16009910423857268
1081,0.155,37,831,37,48452,557158,1631,106325,5.160972988995517,0.16025278718520294
1082,0.1551,1,5,1,48457,557153,1632,106324,5.160926673830079,0.160252729182775
1083,0.1552,0,12,0,48469,557141,1632,106324,5.160815517433028,0.16025562765179777
1084,0.1553,1,28,1,48497,557113,1633,106323,5.160556152506577,0.16026112541375506
1085,0.1554,2,5,2,48502,557108,1635,106321,5.160509837341139,0.1602598017270876
1086,0.1555,0,15,0,48517,557093,1635,106321,5.160370891844826,0.16026342525180354
1087,0.1556,0,2,0,48519,557091,1635,106321,5.1603523657786505,0.16026390840081275
1088,0.1557,1,37,1,48556,557054,1636,106320,5.160009633554411,0.16027158134023944
1089,0.1558,2,68,2,48624,556986,1638,106318,5.159379747304458,0.1602854799609229
1090,0.156,5,74,5,48698,556912,1643,106313,5.158694282855978,0.16029703343510876
1091,0.1561,1,3,1,48701,556909,1644,106312,5.158666493756716,0.16029649242107835
1092,0.1562,0,15,0,48716,556894,1644,106312,5.158527548260403,0.16030011791208162
1093,0.1563,1,10,1,48726,556884,1645,106311,5.158434917929527,0.1603012688575758
1094,0.1564,0,9,0,48735,556875,1645,106311,5.158351550631739,0.16030344428259946
1095,0.1565,0,6,0,48741,556869,1645,106311,5.158295972433214,0.16030489459875147
1096,0.1567,16,460,16,49201,556409,1661,106295,5.154034977212938,0.1603958931891161
1097,0.1568,0,12,0,49213,556397,1661,106295,5.153923820815888,0.16039879763147888
1098,0.1569,0,5,0,49218,556392,1661,106295,5.15387750565045,0.16040000784684172
1099,0.157,2,36,2,49254,556356,1663,106293,5.153544036459298,0.16040618789132707
1100,0.1571,1,15,1,49269,556341,1664,106292,5.153405090962985,0.16040855194353434
1101,0.1572,0,1,0,49270,556340,1664,106292,5.153395827929898,0.1604087940214176
1102,0.1573,1,30,1,49300,556310,1665,106291,5.153117936937271,0.16041478959434108
1103,0.1574,1,6,1,49306,556304,1666,106290,5.153062358738746,0.16041497508278071
1104,0.1575,9,210,9,49516,556094,1675,106281,5.151117121790359,0.1604544253632761
1105,0.1576,0,3,0,49519,556091,1675,106281,5.151089332691097,0.16045515208976224
1106,0.1577,0,23,0,49542,556068,1675,106281,5.150876282930082,0.16046072387819715
1107,0.1578,0,10,0,49552,556058,1675,106281,5.150783652599207,0.16046314651560606
1108,0.1579,1,11,1,49563,556047,1676,106280,5.150681759235244,0.16046454394883494
1109,0.158,1,44,1,49607,556003,1677,106279,5.1502741857793914,0.1604739370842028
1110,0.1581,0,5,0,49612,555998,1677,106279,5.1502278706139535,0.16047514861606246
1111,0.1582,1,6,1,49618,555992,1678,106278,5.150172292415428,0.16047533483322513
1112,0.1583,11,213,11,49831,555779,1689,106267,5.148199266367779,0.16051301571189916
1113,0.1584,0,2,0,49833,555777,1689,106267,5.148180740301604,0.16051350061325229
1114,0.1585,1,18,1,49851,555759,1690,106266,5.148014005706028,0.1605165968052566
1115,0.1586,0,5,0,49856,555754,1690,106266,5.1479676905405904,0.16051780912963354
1116,0.1587,0,20,0,49876,555734,1690,106266,5.1477824298788395,0.1605226586102719
1117,0.1588,0,9,0,49885,555725,1690,106266,5.147699062581052,0.16052484097215824
1118,0.1589,1,4,1,49889,555721,1691,106265,5.147662010448701,0.16052454281510486
1119,0.159,0,41,0,49930,555680,1691,106265,5.147282226092112,0.16053448549350777
1120,0.1591,0,3,0,49933,555677,1691,106265,5.147254436992849,0.16053521305492022
1121,0.1592,8,55,8,49988,555622,1699,106257,5.1467449701730335,0.1605384065667592
1122,0.1593,2,23,2,50011,555599,1701,106255,5.14653192041202,0.1605414487182974
1123,0.1594,0,5,0,50016,555594,1701,106255,5.146485605246582,0.16054266154364516
1124,0.1595,0,12,0,50028,555582,1701,106255,5.1463744488495315,0.16054557239924633
1125,0.1596,0,6,0,50034,555576,1701,106255,5.146318870651006,0.1605470278666306
1126,0.1597,1,8,1,50042,555568,1702,106254,5.146244766386306,0.16054770013689482
1127,0.1598,0,13,0,50055,555555,1702,106254,5.146124346956167,0.16055085379618592
1128,0.1599,0,6,0,50061,555549,1702,106254,5.146068768757642,0.16055230937303094
1129,0.16,107,2666,107,52727,552883,1809,106147,5.1213735225462225,0.16106550536394398
1130,0.1601,1,2,1,52729,552881,1810,106146,5.121354996480047,0.16106472117227366
1131,0.1603,2,17,2,52746,552864,1812,106144,5.121197524917559,0.16106632999902884
1132,0.1604,1,5,1,52751,552859,1813,106143,5.121151209752121,0.16106627900977538
1133,0.1605,0,8,0,52759,552851,1813,106143,5.121077105487421,0.16106823430865835
1134,0.1606,0,3,0,52762,552848,1813,106143,5.1210493163881585,0.16106896755797878
1135,0.1607,1,24,1,52786,552824,1814,106142,5.120827003594057,0.16107356069964157
1136,0.1608,3,67,3,52853,552757,1817,106139,5.120206380377191,0.1610861198125349
1137,0.1609,0,1,0,52854,552756,1817,106139,5.120197117344103,0.16108636429173084
1138,0.161,3,38,3,52892,552718,1820,106136,5.119845122086776,0.16109183521690693
1139,0.1611,0,2,0,52894,552716,1820,106136,5.119826596020601,0.1610923242245603
1140,0.1612,0,19,0,52913,552697,1820,106136,5.119650598391938,0.16109696994534276
1141,0.1613,2,21,2,52934,552676,1822,106134,5.119456074697099,0.16109955829450068
1142,0.1614,3,11,3,52945,552665,1825,106131,5.119354181333136,0.16109842804145744
1143,0.1615,0,18,0,52963,552647,1825,106131,5.11918744673756,0.16110282978484405
1144,0.1616,0,6,0,52969,552641,1825,106131,5.119131868539035,0.16110429708609353
1145,0.1617,13,241,13,53210,552400,1838,106118,5.1168994775649335,0.1611466960660149
1146,0.1618,0,11,0,53221,552389,1838,106118,5.116797584200971,0.16114938793361347
1147,0.1619,0,7,0,53228,552382,1838,106118,5.116732742969358,0.16115110098709187
1148,0.162,3,70,3,53298,552312,1841,106115,5.116084330653229,0.16116441154448405
1149,0.1621,0,7,0,53305,552305,1841,106115,5.116019489421616,0.16116612496582727
1150,0.1622,1,9,1,53314,552296,1842,106114,5.115936122123828,0.16116705396333592
1151,0.1623,0,15,0,53329,552281,1842,106114,5.115797176627515,0.1611707257801168
1152,0.1624,0,4,0,53333,552277,1842,106114,5.115760124495164,0.16117170495951494
1153,0.1625,13,215,13,53548,552062,1855,106101,5.113768572381341,0.16120778591321602
1154,0.1626,1,2,1,53550,552060,1856,106100,5.1137500463151655,0.1612070013370609
1155,0.1627,1,31,1,53581,552029,1857,106099,5.113462892289451,0.16121332020518805
1156,0.1628,1,7,1,53588,552022,1858,106098,5.113398051057838,0.16121376040843616
1157,0.1629,0,8,0,53596,552014,1858,106098,5.1133239467931375,0.16121572012058738
1158,0.163,0,31,0,53627,551983,1858,106098,5.113036792767423,0.16122331445521143
1159,0.1631,1,6,1,53633,551977,1859,106097,5.112981214568898,0.16122350981804479
1160,0.1632,0,5,0,53638,551972,1859,106097,5.11293489940346,0.16122473479224822
1161,0.1633,23,442,23,54080,551530,1882,106074,5.108840638778762,0.16130376335910365
1162,0.1634,0,1,0,54081,551529,1882,106074,5.108831375745674,0.16130400864959557
1163,0.1635,0,20,0,54101,551509,1882,106074,5.108646115083923,0.1613089146161017
1164,0.1636,1,3,1,54104,551506,1883,106073,5.1086183259846605,0.16130837511538537
1165,0.1637,4,21,4,54125,551485,1887,106069,5.108423802289821,0.1613084248594032
1166,0.1638,3,15,3,54140,551470,1890,106066,5.108284856793508,0.16130827817792487
1167,0.1639,1,2,1,54142,551468,1891,106065,5.108266330727333,0.16130749331212274
1168,0.164,4,91,4,54233,551377,1895,106061,5.107423394716366,0.1613247180722745
1169,0.1641,0,1,0,54234,551376,1895,106061,5.107414131683278,0.16132496345657454
1170,0.1642,5,70,5,54304,551306,1900,106056,5.106765719367149,0.16133576324764742
1171,0.1643,1,29,1,54333,551277,1901,106055,5.10649709140761,0.1613416051553857
1172,0.1644,1,5,1,54338,551272,1902,106054,5.1064507762421725,0.1613415565488053
1173,0.1645,1,15,1,54353,551257,1903,106053,5.1063118307458595,0.16134396251388233
1174,0.1646,1,10,1,54363,551247,1904,106052,5.106219200414984,0.16134514125230678
1175,0.1647,1,18,1,54381,551229,1905,106051,5.106052465819408,0.16134828383641675
1176,0.1648,0,9,0,54390,551220,1905,106051,5.10596909852162,0.1613504931755699
1177,0.1649,0,2,0,54392,551218,1905,106051,5.105950572455445,0.1613509841480429
1178,0.165,35,879,35,55271,550339,1940,106016,5.097808366371485,0.16152234690068637
1179,0.1651,1,0,1,55271,550339,1941,106015,5.097808366371485,0.1615210694229029
1180,0.1652,0,8,0,55279,550331,1941,106015,5.097734262106784,0.16152303815365676
1181,0.1653,1,22,1,55301,550309,1942,106014,5.097530475378858,0.16152717488187981
1182,0.1654,1,3,1,55304,550306,1943,106013,5.097502686279595,0.16152663567563944
1183,0.1655,0,13,0,55317,550293,1943,106013,5.097382266849457,0.16152983516835134
1184,0.1656,0,2,0,55319,550291,1943,106013,5.097363740783282,0.16153032740924939
1185,0.1657,1,30,1,55349,550261,1944,106012,5.0970858497906555,0.16153643377070212
1186,0.1658,3,69,3,55418,550192,1947,106009,5.096446700507614,0.16154958617862514
1187,0.1659,2,4,2,55422,550188,1949,106007,5.096409648375264,0.16154801545272365
1188,0.166,6,93,6,55515,550095,1955,106001,5.095548186298122,0.16156324684192558
1189,0.1661,0,1,0,55516,550094,1955,106001,5.095538923265034,0.16156349309170165
1190,0.1662,0,9,0,55525,550085,1955,106001,5.095455555967246,0.1615657093734663
1191,0.1663,1,10,1,55535,550075,1956,106000,5.09536292563637,0.16156689402888388
1192,0.1664,0,4,0,55539,550071,1956,106000,5.09532587350402,0.16156787908625744
1193,0.1665,1,23,1,55562,550048,1957,105999,5.095112823743007,0.16157226540171665
1194,0.1667,22,430,22,55992,549618,1979,105977,5.091129719515358,0.16165010410390562
1195,0.1668,0,9,0,56001,549609,1979,105977,5.09104635221757,0.16165232326498735
1196,0.1669,0,4,0,56005,549605,1979,105977,5.09100930008522,0.16165330957835938
1197,0.167,1,44,1,56049,549561,1980,105976,5.090601726629368,0.16166288096629175
1198,0.1671,1,11,1,56060,549550,1981,105975,5.090499833265405,0.1616643148621334
1199,0.1672,1,5,1,56065,549545,1982,105974,5.090453518099967,0.16166426907534334
1200,0.1673,4,33,4,56098,549512,1986,105970,5.090147838008077,0.161667292160578
1201,0.1674,0,6,0,56104,549506,1986,105970,5.090092259809552,0.16166877200690796
1202,0.1675,13,262,13,56366,549244,1999,105957,5.087665345140612,0.16171678614654128
1203,0.1676,0,3,0,56369,549241,1999,105957,5.08763755604135,0.16171752661027658
1204,0.1677,1,20,1,56389,549221,2000,105956,5.087452295379599,0.1617211837411875
1205,0.1678,1,9,1,56398,549212,2001,105955,5.087368928081811,0.16172212580914486
1206,0.1679,0,8,0,56406,549204,2001,105955,5.0872948238171105,0.16172410056184836
1207,0.168,1,53,1,56459,549151,2002,105954,5.08680388306347,0.16173590493127055
1208,0.1681,0,5,0,56464,549146,2002,105954,5.086757567898032,0.1617371393680354
1209,0.1682,0,7,0,56471,549139,2002,105954,5.08669272666642,0.1617388676111636
1210,0.1683,14,240,14,56711,548899,2016,105940,5.0844695987254065,0.16178022384128007
1211,0.1684,0,5,0,56716,548894,2016,105940,5.0844232835599685,0.1617814591178833
1212,0.1685,1,16,1,56732,548878,2017,105939,5.084275075030568,0.1617841320552154
1213,0.1686,0,7,0,56739,548871,2017,105939,5.084210233798955,0.1617858615476245
1214,0.1687,0,24,0,56763,548847,2017,105939,5.083987921004854,0.16179179151661766
1215,0.1688,1,13,1,56776,548834,2018,105938,5.083867501574716,0.1617937236167704
1216,0.1689,0,6,0,56782,548828,2018,105938,5.0838119233761905,0.16179520622634652
1217,0.169,1,31,1,56813,548797,2019,105937,5.083524769350476,0.16180158659852703
1218,0.1691,0,3,0,56816,548794,2019,105937,5.083496980251214,0.1618023279789715
1219,0.1692,1,80,1,56896,548714,2020,105936,5.082755937604209,0.16182082028564881
1220,0.1693,2,26,2,56922,548688,2022,105934,5.082515098743933,0.16182468661303775
1221,0.1694,0,1,0,56923,548687,2022,105934,5.082505835710845,0.16182493381666643
1222,0.1695,3,21,3,56944,548666,2025,105931,5.082311312016007,0.1618262839579161
1223,0.1696,0,4,0,56948,548662,2025,105931,5.082274259883656,0.1618272728244879
1224,0.1697,3,15,3,56963,548647,2028,105928,5.082135314387343,0.1618271397471642
1225,0.1698,2,18,2,56981,548629,2030,105926,5.081968579791767,0.1618290288822177
1226,0.1699,2,13,2,56994,548616,2032,105924,5.081848160361629,0.16182968191401595
1227,0.17,112,2685,112,59679,545931,2144,105812,5.0569769165215455,0.16235233826830514
1228,0.1701,0,2,0,59681,545929,2144,105812,5.056958390455371,0.16235283647952178
1229,0.1702,0,8,0,59689,545921,2144,105812,5.05688428619067,0.16235482935496592
1230,0.1703,0,15,0,59704,545906,2144,105812,5.0567453406943565,0.16235856612829475
1231,0.1704,0,10,0,59714,545896,2144,105812,5.0566527103634815,0.16236105740607756
1232,0.1705,0,3,0,59717,545893,2144,105812,5.056624921264219,0.16236180480432097
1233,0.1706,1,7,1,59724,545886,2145,105811,5.056560080032606,0.16236226344451485
1234,0.1707,4,21,4,59745,545865,2149,105807,5.056365556337767,0.1623623540676905
1235,0.1708,4,74,4,59819,545791,2153,105803,5.055680091889288,0.16237565109562088
1236,0.171,2,45,2,59864,545746,2155,105801,5.055263255400348,0.16238429460959838
1237,0.1711,0,6,0,59870,545740,2155,105801,5.055207677201823,0.16238578999633177
1238,0.1712,0,11,0,59881,545729,2155,105801,5.05510578383786,0.1623885316102098
1239,0.1713,2,30,2,59911,545699,2157,105799,5.054827892845233,0.162393437892365
1240,0.1714,0,11,0,59922,545688,2157,105799,5.0547259994812705,0.16239617981632787
1241,0.1715,0,12,0,59934,545676,2157,105799,5.054614843084219,0.16239917111170804
1242,0.1716,1,2,1,59936,545674,2158,105798,5.054596317018045,0.16239838396738462
1243,0.1717,14,226,14,60162,545448,2172,105784,5.052502871540257,0.16243673529556288
1244,0.1718,1,18,1,60180,545430,2173,105783,5.052336136944681,0.16243993900613163
1245,0.1719,0,2,0,60182,545428,2173,105783,5.052317610878506,0.16244043789186607
1246,0.172,5,49,5,60231,545379,2178,105778,5.051863722257216,0.1624462303254054
1247,0.1721,0,5,0,60236,545374,2178,105778,5.051817407091778,0.16244747770105905
1248,0.1722,1,8,1,60244,545366,2179,105777,5.051743302827077,0.16244818726454865
1249,0.1723,2,28,2,60272,545338,2181,105775,5.051483937900626,0.16245260039348008
1250,0.1724,0,2,0,60274,545336,2181,105775,5.051465411834451,0.16245309939472685
1251,0.1725,7,242,7,60516,545094,2188,105768,5.049223757827263,0.16250449404021128
1252,0.1726,0,5,0,60521,545089,2188,105768,5.049177442661825,0.16250574242882845
1253,0.1727,0,34,0,60555,545055,2188,105768,5.048862499536848,0.16251423198012363
1254,0.1728,1,2,1,60557,545053,2189,105767,5.048843973470674,0.16251344457760977
1255,0.1729,3,16,3,60573,545037,2192,105764,5.0486957649412725,0.16251357941982264
1256,0.173,3,34,3,60607,545003,2195,105761,5.048380821816296,0.16251820936622186
1257,0.1731,0,4,0,60611,544999,2195,105761,5.048343769683945,0.16251920831028335
1258,0.1732,0,16,0,60627,544983,2195,105761,5.048195561154545,0.16252320420933578
1259,0.1733,29,500,29,61127,544483,2224,105732,5.0435640446107675,0.16261082872588298
1260,0.1734,0,7,0,61134,544476,2224,105732,5.043499203379154,0.16261257935922044
1261,0.1735,2,21,2,61155,544455,2226,105730,5.043304679684316,0.16261525565800503
1262,0.1736,0,1,0,61156,544454,2226,105730,5.043295416651229,0.16261550576452205
1263,0.1737,4,24,4,61180,544430,2230,105726,5.043073103857127,0.16261635668977906
1264,0.1738,1,8,1,61188,544422,2231,105725,5.0429989995924265,0.1626170696780882
1265,0.1739,0,8,0,61196,544414,2231,105725,5.042924895327726,0.16261907069103684
1266,0.174,2,88,2,61284,544326,2233,105723,5.0421097484160216,0.16263850878933742
1267,0.1741,1,8,1,61292,544318,2234,105722,5.042035644151321,0.16263922220171068
1268,0.1742,1,81,1,61373,544237,2235,105721,5.041285338471229,0.16265820253000962
1269,0.1743,1,35,1,61408,544202,2236,105720,5.040961132313164,0.16266567372700108
1270,0.1744,0,4,0,61412,544198,2236,105720,5.040924080180814,0.1626666748728301
1271,0.1745,6,21,6,61433,544177,2242,105714,5.040729556485976,0.16266420061210266
1272,0.1746,1,12,1,61445,544165,2243,105713,5.040618400088925,0.16266591575649583
1273,0.1747,1,13,1,61458,544152,2244,105712,5.040497980658787,0.16266788127977547
1274,0.1748,1,12,1,61470,544140,2245,105711,5.040386824261736,0.1626695965690597
1275,0.1749,0,6,0,61476,544134,2245,105711,5.040331246063211,0.1626710984927175
1276,0.175,42,953,42,62429,543181,2287,105669,5.031503575530772,0.1628558218386376
1277,0.1751,0,1,0,62430,543180,2287,105669,5.031494312497684,0.1628560728305045
1278,0.1752,1,11,1,62441,543169,2288,105668,5.031392419133721,0.162857543574118
1279,0.1753,0,24,0,62465,543145,2288,105668,5.03117010633962,0.16286356777684788
1280,0.1754,0,8,0,62473,543137,2288,105668,5.03109600207492,0.1628655759434653
1281,0.1755,2,9,2,62482,543128,2290,105666,5.031012634777132,0.16286525461086263
1282,0.1756,0,1,0,62483,543127,2290,105666,5.031003371744044,0.1628655056389326
1283,0.1757,0,26,0,62509,543101,2290,105666,5.0307625328837675,0.16287203264037783
1284,0.1758,7,74,7,62583,543027,2297,105659,5.030077068435288,0.16288157906907194
1285,0.176,5,101,5,62684,542926,2302,105654,5.029141502093445,0.16290049030189027
1286,0.1761,0,5,0,62689,542921,2302,105654,5.029095186928008,0.16290174613575917
1287,0.1762,1,12,1,62701,542909,2303,105653,5.028984030530957,0.16290346952180362
1288,0.1763,0,10,0,62711,542899,2303,105653,5.028891400200082,0.1629059813245507
1289,0.1764,1,5,1,62716,542894,2304,105652,5.028845085034644,0.16290594653270546
1290,0.1765,3,26,3,62742,542868,2307,105649,5.028604246174368,0.16290860532568924
1291,0.1766,0,1,0,62743,542867,2307,105649,5.0285949831412795,0.1629088565278266
1292,0.1767,30,445,30,63188,542422,2337,105619,5.024472933417318,0.16298197181968424
1293,0.1768,1,15,1,63203,542407,2338,105618,5.024333987921005,0.16298445276031018
1294,0.1769,0,6,0,63209,542401,2338,105618,5.02427840972248,0.16298596183136604
1295,0.177,2,53,2,63262,542348,2340,105616,5.023787468968839,0.1629967096937484
1296,0.1771,1,9,1,63271,542339,2341,105615,5.0237041016710515,0.16299768193421138
1297,0.1772,1,12,1,63283,542327,2342,105614,5.023592945274,0.1629994088967977
1298,0.1773,1,36,1,63319,542291,2343,105613,5.023259476082848,0.1630071739023065
1299,0.1774,0,5,0,63324,542286,2343,105613,5.023213160917411,0.16300843186978217
1300,0.1775,6,272,6,63596,542014,2349,105607,5.020693615917596,0.16306914074744333
1301,0.1776,2,15,2,63611,541999,2351,105605,5.020554670421283,0.1630703331047986
1302,0.1777,1,18,1,63629,541981,2352,105604,5.020387935825707,0.16307357335330497
1303,0.1778,0,13,0,63642,541968,2352,105604,5.020267516395569,0.16307684705330064
1304,0.1779,2,8,2,63650,541960,2354,105602,5.020193412130868,0.16307627686615336
1305,0.178,1,48,1,63698,541912,2355,105601,5.0197487865426655,0.163087073155288
1306,0.1781,0,4,0,63702,541908,2355,105601,5.019711734410316,0.16308808062899513
1307,0.1782,1,11,1,63713,541897,2356,105600,5.0196098410463525,0.16308955871610217
1308,0.1783,11,287,11,64000,541610,2367,105589,5.016951350550224,0.16314765628500663
1309,0.1784,0,1,0,64001,541609,2367,105589,5.016942087517137,0.16314790836807283
1310,0.1785,1,19,1,64020,541590,2368,105588,5.016766089888473,0.1631514050230385
1311,0.1786,0,8,0,64028,541582,2368,105588,5.016691985623773,0.16315342182115983
1312,0.1787,3,25,3,64053,541557,2371,105585,5.016460409796584,0.1631558452395301
1313,0.1788,0,11,0,64064,541546,2371,105585,5.0163585164326205,0.16315861857954572
1314,0.1789,0,5,0,64069,541541,2371,105585,5.016312201267183,0.1631598792198119
1315,0.179,1,67,1,64136,541474,2372,105584,5.015691578050316,0.1631754804051569
1316,0.1791,0,2,0,64138,541472,2372,105584,5.015673051984142,0.16317598476793355
1317,0.1792,4,83,4,64221,541389,2376,105580,5.014904220237875,0.16319174489040433
1318,0.1793,2,40,2,64261,541349,2378,105578,5.014533698914373,0.16319924813773423
1319,0.1794,0,6,0,64267,541343,2378,105578,5.0144781207158475,0.16320076176225537
1320,0.1795,2,27,2,64294,541316,2380,105576,5.014228018822483,0.16320498630374158
1321,0.1796,1,3,1,64297,541313,2381,105575,5.014200229723221,0.16320444961106095
1322,0.1797,0,11,0,64308,541302,2381,105575,5.0140983363592575,0.16320722486655115
1323,0.1798,1,9,1,64317,541293,2382,105574,5.01401496906147,0.16320820199515512
1324,0.1799,0,6,0,64323,541287,2382,105574,5.0139593908629445,0.1632097158431255
1325,0.18,107,2862,107,67185,538425,2489,105467,4.987448590166364,0.163796102451964
1326,0.1801,1,4,1,67189,538421,2490,105466,4.987411538034014,0.16379582131647324
1327,0.1802,0,9,0,67198,538412,2490,105466,4.987328170736226,0.1637981108222365
1328,0.1803,0,21,0,67219,538391,2490,105466,4.987133647041388,0.1638034532512654
1329,0.1804,0,8,0,67227,538383,2490,105466,4.987059542776687,0.16380548855399324
1330,0.1805,2,9,2,67236,538374,2492,105464,4.986976175478898,0.1638051808063519
1331,0.1806,0,5,0,67241,538369,2492,105464,4.986929860313461,0.16380645291558527
1332,0.1807,4,34,4,67275,538335,2496,105460,4.986614917188485,0.16380990843358523
1333,0.1808,5,77,5,67352,538258,2501,105455,4.9859016636407425,0.1638230080796877
1334,0.1809,0,1,0,67353,538257,2501,105455,4.985892400607655,0.1638232625770531
1335,0.181,4,42,4,67395,538215,2505,105451,4.985503353217978,0.16382875590756696
1336,0.1811,0,5,0,67400,538210,2505,105451,4.98545703805254,0.16383002853986803
1337,0.1812,3,18,3,67418,538192,2508,105448,4.985290303456964,0.16383071282083153
1338,0.1813,2,22,2,67440,538170,2510,105446,4.985086516729038,0.16383371451300155
1339,0.1814,2,5,2,67445,538165,2512,105444,4.9850402015636,0.16383238891935942
1340,0.1815,0,27,0,67472,538138,2512,105444,4.984790099670236,0.16383926212976746
1341,0.1816,0,5,0,67477,538133,2512,105444,4.984743784504798,0.1638405350097968
1342,0.1817,11,300,11,67777,537833,2523,105433,4.981964874578532,0.16390264680552058
1343,0.1818,2,17,2,67794,537816,2525,105431,4.9818074030160435,0.16390437887778722
1344,0.1819,0,5,0,67799,537811,2525,105431,4.981761087850606,0.16390565292689221
1345,0.182,3,61,3,67860,537750,2528,105428,4.981196042832265,0.163917298166293
1346,0.1821,0,8,0,67868,537742,2528,105428,4.981121938567565,0.1639193370337547
1347,0.1822,0,8,0,67876,537734,2528,105428,4.981047834302864,0.16392137595193745
1348,0.1823,2,23,2,67899,537711,2530,105426,4.980834784541851,0.16392463814086267
1349,0.1824,0,5,0,67904,537706,2530,105426,4.980788469376413,0.16392591256538316
1350,0.1825,11,282,11,68186,537424,2541,105415,4.978176294045722,0.16398351686814272
1351,0.1826,1,2,1,68188,537422,2542,105414,4.978157767979547,0.1639827265430063
1352,0.1827,1,39,1,68227,537383,2543,105413,4.977796509689132,0.16399137517968376
1353,0.1828,2,18,2,68245,537365,2545,105411,4.977629775093557,0.16399336627378744
1354,0.1829,2,16,2,68261,537349,2547,105409,4.977481566564156,0.16399484720532456
1355,0.183,2,38,2,68299,537311,2549,105407,4.977129571306829,0.16400194175361513
1356,0.1831,0,7,0,68306,537304,2549,105407,4.977064730075216,0.16400372795860035
1357,0.1832,0,8,0,68314,537296,2549,105407,4.976990625810515,0.16400576938336991
1358,0.1833,30,493,30,68807,536803,2579,105377,4.972423950498351,0.16409262200629107
1359,0.1834,0,3,0,68810,536800,2579,105377,4.972396161399089,0.1640933885828985
1360,0.1835,1,12,1,68822,536788,2580,105376,4.972285005002038,0.16409515326302937
1361,0.1836,0,7,0,68829,536781,2580,105376,4.972220163770425,0.1640969420250811
1362,0.1837,0,14,0,68843,536767,2580,105376,4.972090481307199,0.16410051966618028
1363,0.1838,0,23,0,68866,536744,2580,105376,4.9718774315461856,0.16410639755808884
1364,0.1839,0,3,0,68869,536741,2580,105376,4.971849642446923,0.16410716427068586
1365,0.184,6,96,6,68965,536645,2586,105370,4.970960391270518,0.164123891186343
1366,0.1841,1,1,1,68966,536644,2587,105369,4.97095112823743,0.1641228448645121
1367,0.1842,4,90,4,69056,536554,2591,105365,4.97011745525955,0.16414064702867495
1368,0.1843,0,29,0,69085,536525,2591,105365,4.969848827300011,0.16414806275218496
1369,0.1844,0,3,0,69088,536522,2591,105365,4.969821038200749,0.16414882993424076
1370,0.1845,2,14,2,69102,536508,2593,105363,4.969691355737523,0.16414980580210042
1371,0.1846,0,8,0,69110,536500,2593,105363,4.9696172514728225,0.16415185171913632
1372,0.1847,0,15,0,69125,536485,2593,105363,4.969478305976509,0.16415568795104138
1373,0.1848,1,14,1,69139,536471,2594,105362,4.969348623513283,0.16415796632457352
1374,0.1849,0,5,0,69144,536466,2594,105362,4.969302308347846,0.16415924515602312
1375,0.185,59,954,59,70098,535512,2653,105303,4.960465374782319,0.16432667774630744
1376,0.1851,1,3,1,70101,535509,2654,105302,4.9604375856830565,0.16432614296571063
1377,0.1852,0,18,0,70119,535491,2654,105302,4.96027085108748,0.1643307589190269
1378,0.1853,2,16,2,70135,535475,2656,105300,4.960122642558079,0.1643322539112793
1379,0.1854,0,5,0,70140,535470,2656,105300,4.960076327392642,0.16433353621424224
1380,0.1855,0,11,0,70151,535459,2656,105300,4.959974434028679,0.1643363573512038
1381,0.1856,0,1,0,70152,535458,2656,105300,4.9599651709955905,0.16433661382300338
1382,0.1857,3,32,3,70184,535426,2659,105297,4.959668753936789,0.1643409086297823
1383,0.1858,6,76,6,70260,535350,2665,105291,4.958964763422135,0.1643525781209757
1384,0.1859,1,4,1,70264,535346,2666,105290,4.9589277112897845,0.16435229990197242
1385,0.186,7,108,7,70372,535238,2673,105283,4.957927303716329,0.16437087933104458
1386,0.1861,0,7,0,70379,535231,2673,105283,4.957862462484716,0.16437267569483258
1387,0.1862,1,19,1,70398,535212,2674,105282,4.957686464856052,0.1643762470842818
1388,0.1863,2,22,2,70420,535190,2676,105280,4.957482678128127,0.16437928396333942
1389,0.1864,0,6,0,70426,535184,2676,105280,4.957427099929601,0.16438082390267056
1390,0.1865,0,22,0,70448,535162,2676,105280,4.957223313201675,0.1643864705937462
1391,0.1866,0,5,0,70453,535157,2676,105280,4.957176998036237,0.16438775398673094
1392,0.1867,18,528,18,70981,534629,2694,105262,4.952286116566008,0.16449989138775198
1393,0.1868,0,9,0,70990,534620,2694,105262,4.952202749268221,0.1645022050940642
1394,0.1869,0,3,0,70993,534617,2694,105262,4.952174960168958,0.16450297634396502
1395,0.187,2,42,2,71035,534575,2696,105260,4.951785912779281,0.16451116303421975
1396,0.1871,0,18,0,71053,534557,2696,105260,4.951619178183704,0.164515791234056
1397,0.1872,1,5,1,71058,534552,2697,105259,4.951572863018266,0.16451577106364224
1398,0.1873,1,33,1,71091,534519,2698,105258,4.951267182926378,0.1645229509657271
1399,0.1874,0,3,0,71094,534516,2698,105258,4.951239393827115,0.16452372243948643
1400,0.1875,17,285,17,71379,534231,2715,105241,4.948599429397162,0.16457483674031076
1401,0.1876,2,5,2,71384,534226,2717,105239,4.948553114231724,0.16457351066907494
1402,0.1877,4,11,4,71395,534215,2721,105235,4.948451220867761,0.1645711158026429
1403,0.1878,0,13,0,71408,534202,2721,105235,4.948330801437622,0.16457446159668584
1404,0.1879,1,15,1,71423,534187,2722,105234,4.948191855941309,0.16457701576895348
1405,0.188,1,69,1,71492,534118,2723,105233,4.947552706658268,0.1645934705662461
1406,0.1881,0,5,0,71497,534113,2723,105233,4.947506391492831,0.16459475776809426
1407,0.1882,3,12,3,71509,534101,2726,105230,4.9473952350957795,0.16459392708941065
1408,0.1883,15,297,15,71806,533804,2741,105215,4.944644114268776,0.16465081632940493
1409,0.1884,0,3,0,71809,533801,2741,105215,4.944616325169513,0.16465158931857732
1410,0.1885,1,28,1,71837,533773,2742,105214,4.944356960243062,0.16465749694438228
1411,0.1886,0,11,0,71848,533762,2742,105214,4.944255066879099,0.1646603315304487
1412,0.1887,3,30,3,71878,533732,2745,105211,4.943977175886472,0.1646641406197423
1413,0.1888,1,8,1,71886,533724,2746,105210,4.943903071621772,0.1646648949656772
1414,0.1889,0,8,0,71894,533716,2746,105210,4.943828967357072,0.1646669567367739
1415,0.189,7,63,7,71957,533653,2753,105203,4.943245396272555,0.16467404235070188
1416,0.1891,0,3,0,71960,533650,2753,105203,4.943217607173293,0.16467481564616587
1417,0.1892,4,116,4,72076,533534,2757,105199,4.942143095335137,0.16469949102363585
1418,0.1893,4,37,4,72113,533497,2761,105195,4.941800363110897,0.16470380089307524
1419,0.1894,0,8,0,72121,533489,2761,105195,4.941726258846197,0.16470586393271164
1420,0.1895,1,17,1,72138,533472,2762,105194,4.941568787283708,0.1647089401972236
1421,0.1896,2,8,2,72146,533464,2764,105192,4.941494683019008,0.16470838761398937
1422,0.1897,2,21,2,72167,533443,2766,105190,4.941300159324169,0.16471118780269733
1423,0.1898,0,17,0,72184,533426,2766,105190,4.941142687761681,0.16471557242536985
1424,0.19,140,3028,140,75212,530398,2906,105050,4.913094223572567,0.16531643816645894
1425,0.1901,0,2,0,75214,530396,2906,105050,4.913075697506391,0.16531695848270347
1426,0.1902,0,11,0,75225,530385,2906,105050,4.912973804142428,0.1653198202805952
1427,0.1903,0,18,0,75243,530367,2906,105050,4.912807069546853,0.16532450343632607
1428,0.1904,0,12,0,75255,530355,2906,105050,4.912695913149801,0.1653276256875536
1429,0.1905,1,24,1,75279,530331,2907,105049,4.912473600355701,0.1653325568950864
1430,0.1906,0,5,0,75284,530326,2907,105049,4.912427285190263,0.16533385795789887
1431,0.1907,2,36,2,75320,530290,2909,105047,4.9120938159991105,0.16534059876884236
1432,0.1908,4,88,4,75408,530202,2913,105043,4.911278669087406,0.16535824760525467
1433,0.1909,0,1,0,75409,530201,2913,105043,4.911269406054318,0.16535850791192047
1434,0.191,0,51,0,75460,530150,2913,105043,4.910796991366853,0.16537178463868463
1435,0.1911,0,1,0,75461,530149,2913,105043,4.910787728333766,0.16537204498797214
1436,0.1912,0,14,0,75475,530135,2913,105043,4.91065804587054,0.16537568996407306
1437,0.1913,0,28,0,75503,530107,2913,105043,4.9103986809440885,0.1653829803983311
1438,0.1914,1,10,1,75513,530097,2914,105042,4.910306050613213,0.16538427021486635
1439,0.1915,2,19,2,75532,530078,2916,105040,4.910130052984549,0.16538658957862948
1440,0.1916,0,4,0,75536,530074,2916,105040,4.910093000852199,0.165387631196919
1441,0.1917,25,263,25,75799,529811,2941,105015,4.907656823150172,0.16542328134008374
1442,0.1918,2,11,2,75810,529800,2943,105013,4.907554929786209,0.16542351842196049
1443,0.1919,2,0,2,75810,529800,2945,105011,4.907554929786209,0.16542088905201704
1444,0.192,2,62,2,75872,529738,2947,105009,4.906980621734781,0.16543441717723756
1445,0.1921,0,10,0,75882,529728,2947,105009,4.906887991403905,0.16543702352312847
1446,0.1922,0,6,0,75888,529722,2947,105009,4.90683241320538,0.16543858737008277
1447,0.1923,0,21,0,75909,529701,2947,105009,4.906637889510542,0.16544406106725906
1448,0.1924,2,8,2,75917,529693,2949,105007,4.906563785245841,0.16544351662202617
1449,0.1925,9,266,9,76183,529427,2958,104998,4.904099818444552,0.16550104425266973
1450,0.1926,0,4,0,76187,529423,2958,104998,4.904062766312201,0.16550208773038724
1451,0.1927,0,38,0,76225,529385,2958,104998,4.903710771054874,0.16551200142500666
1452,0.1928,0,13,0,76238,529372,2958,104998,4.903590351624736,0.16551539322477418
1453,0.1929,0,20,0,76258,529352,2958,104998,4.903405090962985,0.16552061164972018
1454,0.193,2,33,2,76291,529319,2960,104996,4.9030994108710955,0.1655265916776365
1455,0.1931,0,3,0,76294,529316,2960,104996,4.903071621771833,0.16552737454123523
1456,0.1932,0,10,0,76304,529306,2960,104996,4.902978991440958,0.16552998414004685
1457,0.1933,30,511,30,76815,528795,2990,104966,4.898245581533217,0.16562394972237168
1458,0.1934,0,1,0,76816,528794,2990,104966,4.89823631850013,0.1656242110578137
1459,0.1935,1,13,1,76829,528781,2991,104965,4.898115899069992,0.16562629192136913
1460,0.1936,0,4,0,76833,528777,2991,104965,4.898078846937641,0.16562733730761098
1461,0.1937,1,14,1,76847,528763,2992,104964,4.897949164474415,0.1656296796570132
1462,0.1938,3,11,3,76858,528752,2995,104961,4.897847271110453,0.1656286047469438
1463,0.1939,0,4,0,76862,528748,2995,104961,4.897810218978102,0.16562965020222215
1464,0.194,6,107,6,76969,528641,3001,104955,4.896819074437734,0.16564972001085865
1465,0.1941,0,4,0,76973,528637,3001,104955,4.896782022305383,0.16565076579249738
1466,0.1942,3,115,3,77088,528522,3004,104952,4.895716773500315,0.1656768865020506
1467,0.1943,0,30,0,77118,528492,3004,104952,4.895438882507689,0.16568473298349973
1468,0.1944,0,9,0,77127,528483,3004,104952,4.8953555152099,0.16568708707286461
1469,0.1945,0,19,0,77146,528464,3004,104952,4.895179517581237,0.16569205703676573
1470,0.1946,0,5,0,77151,528459,3004,104952,4.895133202415799,0.16569336497155876
1471,0.1947,3,26,3,77177,528433,3007,104949,4.894892363555523,0.16569621492243228
1472,0.1948,2,20,2,77197,528413,3009,104947,4.894707102893771,0.1656988126815713
1473,0.1949,2,2,2,77199,528411,3011,104945,4.894688576827597,0.16569670138121373
1474,0.195,54,1039,54,78238,527372,3065,104891,4.885064285449627,0.16589773559420684
1475,0.1951,0,6,0,78244,527366,3065,104891,4.885008707251102,0.16589930993251162
1476,0.1952,1,20,1,78264,527346,3066,104890,4.884823446589351,0.16590323866404316
1477,0.1953,1,24,1,78288,527322,3067,104889,4.8846011337952495,0.1659082173514855
1478,0.1954,0,10,0,78298,527312,3067,104889,4.8845085034643745,0.1659108416468813
1479,0.1955,3,19,3,78317,527293,3070,104886,4.884332505835711,0.16591186989760812
1480,0.1957,1,42,1,78359,527251,3071,104885,4.8839434584460335,0.1659215738385411
1481,0.1958,3,89,3,78448,527162,3074,104882,4.883119048501241,0.1659409787926157
1482,0.1959,0,5,0,78453,527157,3074,104882,4.883072733335803,0.1659422915358071
1483,0.196,6,101,6,78554,527056,3080,104876,4.88213716699396,0.1659608945266263
1484,0.1961,0,5,0,78559,527051,3080,104876,4.882090851828523,0.165962207660062
1485,0.1962,1,17,1,78576,527034,3081,104875,4.881933380266035,0.16596535260615056
1486,0.1963,1,14,1,78590,527020,3082,104874,4.881803697802809,0.16596770977410769
1487,0.1964,2,7,2,78597,527013,3084,104872,4.881738856571196,0.16596690853557214
1488,0.1965,2,29,2,78626,526984,3086,104870,4.881470228611657,0.1659718859103527
1489,0.1966,0,3,0,78629,526981,3086,104870,4.881442439512394,0.16597267393736814
1490,0.1967,20,529,20,79158,526452,3106,104850,4.876542295009078,0.16608532841651064
1491,0.1968,2,28,2,79186,526424,3108,104848,4.876282930082627,0.16609005309913952
1492,0.1969,0,6,0,79192,526418,3108,104848,4.876227351884101,0.16609163173685895
1493,0.197,1,37,1,79229,526381,3109,104847,4.875884619659861,0.16610004625903793
1494,0.1971,1,9,1,79238,526372,3110,104846,4.8758012523620735,0.16610109344156854
1495,0.1972,2,19,2,79257,526353,3112,104844,4.87562525473341,0.16610345106202976
1496,0.1973,1,49,1,79306,526304,3113,104843,4.87517136611212,0.1661150255011907
1497,0.1974,0,7,0,79313,526297,3113,104843,4.875106524880507,0.1661168678898501
1498,0.1975,7,265,7,79578,526032,3120,104836,4.872651821112305,0.16617739368615939
1499,0.1976,0,8,0,79586,526024,3120,104836,4.872577716847605,0.1661795009986368
1500,0.1977,3,30,3,79616,525994,3123,104833,4.872299825854978,0.16618343856556553
1501,0.1978,1,12,1,79628,525982,3124,104832,4.872188669457928,0.16618527806928826
1502,0.1979,1,8,1,79636,525974,3125,104831,4.872114565193227,0.1661860638390628
1503,0.198,0,64,0,79700,525910,3125,104831,4.871521731075624,0.1662029263992669
1504,0.1981,0,1,0,79701,525909,3125,104831,4.8715124680425355,0.16620318990392238
1505,0.1982,0,15,0,79716,525894,3125,104831,4.8713735225462225,0.16620714257402197
1506,0.1983,15,288,15,80004,525606,3140,104816,4.868705769017007,0.16626323319934902
1507,0.1984,1,0,1,80004,525606,3141,104815,4.868705769017007,0.16626191069142685
1508,0.1985,0,25,0,80029,525581,3141,104815,4.868474193189818,0.1662685042417782
1509,0.1986,1,9,1,80038,525572,3142,104814,4.86839082589203,0.1662695554787067
1510,0.1987,2,31,2,80069,525541,3144,104812,4.868103671866316,0.16627508713371714
1511,0.1988,0,12,0,80081,525529,3144,104812,4.867992515469266,0.16627825256488155
1512,0.1989,1,17,1,80098,525512,3145,104811,4.867835043906777,0.16628141444941721
1513,0.199,4,42,4,80140,525470,3149,104807,4.8674459965171,0.16628720388019871
1514,0.1991,0,4,0,80144,525466,3149,104807,4.867408944384749,0.16628825921465779
1515,0.1992,2,88,2,80232,525378,3151,104805,4.866593797473045,0.1663088341005708
1516,0.1993,2,39,2,80271,525339,3153,104803,4.86623253918263,0.16631648104712907
1517,0.1994,0,7,0,80278,525332,3153,104803,4.866167697951017,0.1663183286121228
1518,0.1995,3,12,3,80290,525320,3156,104800,4.8660565415539665,0.1663175268202882
1519,0.1996,0,3,0,80293,525317,3156,104800,4.866028752454704,0.16631831866145494
1520,0.1997,2,21,2,80314,525296,3158,104798,4.865834228759865,0.16632121556466178
1521,0.1998,0,7,0,80321,525289,3158,104798,4.865769387528252,0.16632306332300142
1522,0.1999,0,5,0,80326,525284,3158,104798,4.865723072362814,0.1663243831755232
1523,0.2,142,3122,142,83448,522162,3300,104656,4.83680388306347,0.16696393530498485
1524,0.2001,0,3,0,83451,522159,3300,104656,4.8367760939642075,0.16696473441126966
1525,0.2002,2,9,2,83460,522150,3302,104654,4.83669272666642,0.16696447374298823
1526,0.2003,1,17,1,83477,522133,3303,104653,4.836535255103931,0.16696767317712904
1527,0.2004,0,10,0,83487,522123,3303,104653,4.836442624773055,0.1669703370901247
1528,0.2005,3,15,3,83502,522108,3306,104650,4.836303679276742,0.16697034581130196
1529,0.2006,1,6,1,83508,522102,3307,104649,4.836248101078217,0.16697061512466674
1530,0.2007,5,45,5,83553,522057,3312,104644,4.835831264589277,0.1669759582320756
1531,0.2008,9,88,9,83641,521969,3321,104635,4.835016117677572,0.1669874434251936
1532,0.2009,0,5,0,83646,521964,3321,104635,4.834969802512134,0.16698877591569727
1533,0.201,2,52,2,83698,521912,3323,104633,4.834488124791582,0.1669999760591817
1534,0.2011,0,1,0,83699,521911,3323,104633,4.834478861758495,0.16700024260067928
1535,0.2012,0,15,0,83714,521896,3323,104633,4.834339916262181,0.16700424082524512
1536,0.2013,0,23,0,83737,521873,3323,104633,4.834126866501167,0.16701037180809122
1537,0.2014,1,9,1,83746,521864,3324,104632,4.834043499203379,0.16701144141383184
1538,0.2015,0,20,0,83766,521844,3324,104632,4.833858238541628,0.1670167731884382
1539,0.2016,0,1,0,83767,521843,3324,104632,4.83384897550854,0.1670170397861048
1540,0.2017,13,317,13,84084,521526,3337,104619,4.830912594019786,0.16708430155954293
1541,0.2018,0,9,0,84093,521517,3337,104619,4.830829226721998,0.1670867032082487
1542,0.2019,1,3,1,84096,521514,3338,104618,4.8308014376227355,0.167086173522516
1543,0.202,8,54,8,84150,521460,3346,104610,4.830301233836007,0.16708994201926303
1544,0.2021,1,10,1,84160,521450,3347,104609,4.830208603505132,0.16709128053426275
1545,0.2022,0,10,0,84170,521440,3347,104609,4.830115973174256,0.1670939495151338
1546,0.2023,4,25,4,84195,521415,3351,104605,4.829884397347067,0.16709530046963356
1547,0.2024,0,4,0,84199,521411,3351,104605,4.829847345214717,0.1670963681439452
1548,0.2025,13,305,13,84504,521106,3364,104592,4.827022120123013,0.16716051513669533
1549,0.2026,0,5,0,84509,521101,3364,104592,4.826975804957575,0.16716185093967809
1550,0.2027,0,25,0,84534,521076,3364,104592,4.826744229130386,0.16716853027484224
1551,0.2028,1,10,1,84544,521066,3365,104591,4.826651598799511,0.1671698710315716
1552,0.2029,1,13,1,84557,521053,3366,104590,4.826531179369373,0.16717201343258056
1553,0.203,3,38,3,84595,521015,3369,104587,4.826179184112045,0.16717817398281976
1554,0.2031,0,4,0,84599,521011,3369,104587,4.8261421319796955,0.1671792429003929
1555,0.2032,3,8,3,84607,521003,3372,104584,4.826068027714995,0.16717738699813137
1556,0.2033,20,529,20,85136,520474,3392,104564,4.821167883211679,0.16729222863249915
1557,0.2034,0,3,0,85139,520471,3392,104564,4.821140094112416,0.16729303159023096
1558,0.2035,3,27,3,85166,520444,3395,104561,4.820889992219052,0.16729626162990696
1559,0.2036,0,4,0,85170,520440,3395,104561,4.820852940086702,0.16729733232426827
1560,0.2037,1,26,1,85196,520414,3396,104560,4.820612101226425,0.16730295980312782
1561,0.2038,1,11,1,85207,520403,3397,104559,4.820510207862463,0.16730457211798477
1562,0.2039,0,8,0,85215,520395,3397,104559,4.820436103597762,0.16730671377413378
1563,0.204,5,134,5,85349,520261,3402,104554,4.81919485716403,0.16733593143570497
1564,0.2041,0,3,0,85352,520258,3402,104554,4.819167068064767,0.16733673488985487
1565,0.2042,4,88,4,85440,520170,3406,104550,4.818351921153062,0.1673549750288129
1566,0.2043,3,35,3,85475,520135,3409,104547,4.818027714994998,0.16736035294757973
1567,0.2044,0,7,0,85482,520128,3409,104547,4.817962873763385,0.16736222835874656
1568,0.2045,2,33,2,85515,520095,3411,104545,4.817657193671495,0.16736840420081966
1569,0.2046,2,2,2,85517,520093,3413,104543,4.817638667605321,0.16736627411804636
1570,0.2047,2,20,2,85537,520073,3415,104541,4.81745340694357,0.16736896707406496
1571,0.2048,3,18,3,85555,520055,3418,104538,4.8172866723479935,0.16736979120803466
1572,0.2049,1,5,1,85560,520050,3419,104537,4.8172403571825555,0.16736979796249363
1573,0.205,63,1075,63,86635,518975,3482,104474,4.807282596613435,0.16757425226441938
1574,0.2051,1,4,1,86639,518971,3483,104473,4.807245544481085,0.16757399221100852
1575,0.2052,1,26,1,86665,518945,3484,104472,4.807004705620808,0.16757964572669656
1576,0.2053,2,15,2,86680,518930,3486,104470,4.806865760124495,0.16758100737888995
1577,0.2054,0,5,0,86685,518925,3486,104470,4.806819444959057,0.16758235147859704
1578,0.2055,0,15,0,86700,518910,3486,104470,4.806680499462744,0.16758638390708716
1579,0.2056,0,7,0,86707,518903,3486,104470,4.806615658231131,0.16758826577346148
1580,0.2057,2,44,2,86751,518859,3488,104468,4.806208084775279,0.16759742478666895
1581,0.2058,3,81,3,86832,518778,3491,104465,4.805457779095187,0.16761519984981782
1582,0.2059,1,5,1,86837,518773,3492,104464,4.805411463929749,0.167615208981495
1583,0.206,6,99,6,86936,518674,3498,104458,4.804494423654082,0.16763382397309076
1584,0.2061,0,5,0,86941,518669,3498,104458,4.804448108488644,0.167635169074683
1585,0.2062,1,16,1,86957,518653,3499,104457,4.804299899959243,0.16763813772849095
1586,0.2063,1,16,1,86973,518637,3500,104456,4.804151691429841,0.16764110654428793
1587,0.2064,1,4,1,86977,518633,3501,104455,4.804114639297492,0.16764084687877154
1588,0.2065,1,12,1,86989,518621,3502,104454,4.804003482900441,0.1676427396380853
1589,0.2067,35,531,35,87520,518090,3537,104419,4.79908481233095,0.16773894032054154
1590,0.2068,1,12,1,87532,518078,3538,104418,4.798973655933899,0.16774083688891173
1591,0.2069,0,3,0,87535,518075,3538,104418,4.798945866834637,0.16774164528757754
1592,0.207,1,46,1,87581,518029,3539,104417,4.798519767312609,0.1677527046522911
1593,0.2071,1,14,1,87595,518015,3540,104416,4.798390084849383,0.16775514073045847
1594,0.2072,2,7,2,87602,518008,3542,104414,4.798325243617771,0.16775435315589746
1595,0.2073,3,41,3,87643,517967,3545,104411,4.7979454592611805,0.16776139259421124
1596,0.2074,0,3,0,87646,517964,3545,104411,4.797917670161918,0.16776220124522997
1597,0.2075,20,325,20,87971,517639,3565,104391,4.794907184408463,0.16782309534909892
1598,0.2076,0,8,0,87979,517631,3565,104391,4.794833080143762,0.1678252537691593
1599,0.2077,1,36,1,88015,517595,3566,104390,4.79449961095261,0.1678336294283624
1600,0.2078,0,14,0,88029,517581,3566,104390,4.794369928489385,0.16783740721030402
1601,0.2079,0,5,0,88034,517576,3566,104390,4.794323613323947,0.1678387564593563
1602,0.208,5,64,5,88098,517512,3571,104385,4.793730779206343,0.1678493383952648
1603,0.2081,0,5,0,88103,517507,3571,104385,4.793684464040906,0.16785068790079308
1604,0.2082,2,15,2,88118,517492,3573,104383,4.793545518544592,0.16785206030150754
1605,0.2083,12,305,12,88423,517187,3585,104371,4.790720293452888,0.16791835999214877
1606,0.2084,3,5,3,88428,517182,3588,104368,4.79067397828745,0.1679156946343818
1607,0.2085,1,20,1,88448,517162,3589,104367,4.790488717625699,0.1679197591745518
1608,0.2086,0,8,0,88456,517154,3589,104367,4.790414613360999,0.16792192057870933
1609,0.2087,0,23,0,88479,517131,3589,104367,4.790201563599985,0.1679281349256152
1610,0.2088,1,19,1,88498,517112,3590,104366,4.790025565971321,0.16793193001200366
1611,0.2089,0,1,0,88499,517111,3590,104366,4.790016302938234,0.16793220022623526
1612,0.209,1,74,1,88573,517037,3591,104365,4.7893308384897555,0.16795085950801575
1613,0.2091,0,3,0,88576,517034,3591,104365,4.789303049390492,0.16795167034385314
1614,0.2092,4,85,4,88661,516949,3595,104361,4.78851569157805,0.16796929069224703
1615,0.2093,6,53,6,88714,516896,3601,104355,4.78802475082441,0.1679755847475497
1616,0.2094,2,6,2,88720,516890,3603,104353,4.787969172625885,0.16797452848563282
1617,0.2095,2,25,2,88745,516865,3605,104351,4.787737596798696,0.1679786096945346
1618,0.2096,0,8,0,88753,516857,3605,104351,4.787663492533995,0.16798077294561564
1619,0.2097,1,14,1,88767,516843,3606,104350,4.787533810070769,0.16798321938592353
1620,0.2098,1,19,1,88786,516824,3607,104349,4.787357812442106,0.1679870181092868
1621,0.2099,0,6,0,88792,516818,3607,104349,4.7873022342435805,0.16798864073590516
1622,0.21,147,3259,147,92051,513559,3754,104202,4.757114009411241,0.16867688313117857
1623,0.2101,0,10,0,92061,513549,3754,104202,4.757021379080366,0.16867961363073472
1624,0.2102,0,18,0,92079,513531,3754,104202,4.75685464448479,0.16868452875271356
1625,0.2103,3,26,3,92105,513505,3757,104199,4.7566138056245135,0.16868759146775802
1626,0.2104,0,6,0,92111,513499,3757,104199,4.756558227425988,0.1686892300120771
1627,0.2105,2,25,2,92136,513474,3759,104197,4.756326651598799,0.16869336588572234
1628,0.2106,0,6,0,92142,513468,3759,104197,4.756271073400274,0.16869500457367667
1629,0.2107,3,40,3,92182,513428,3762,104194,4.755900552076772,0.16870189209581266
1630,0.2108,7,98,7,92280,513330,3769,104187,4.754992774834192,0.16871924173747443
1631,0.2109,1,4,1,92284,513326,3770,104186,4.754955722701841,0.16871898845690447
1632,0.211,4,77,4,92361,513249,3774,104182,4.7542424691541,0.16873464403309843
1633,0.2111,1,5,1,92366,513244,3775,104181,4.754196153988662,0.16873466412924648
1634,0.2112,1,20,1,92386,513224,3776,104180,4.754010893326911,0.16873878368134965
1635,0.2113,0,20,0,92406,513204,3776,104180,4.75382563266516,0.168744249931971
1636,0.2114,0,10,0,92416,513194,3776,104180,4.753733002334284,0.16874698319009224
1637,0.2115,0,29,0,92445,513165,3776,104180,4.753464374374746,0.1687549101393872
1638,0.2116,0,5,0,92450,513160,3776,104180,4.753418059209308,0.16875627693005474
1639,0.2117,19,300,19,92750,512860,3795,104161,4.7506391492830415,0.16881273084708623
1640,0.2118,1,12,1,92762,512848,3796,104160,4.75052799288599,0.16881466690869487
1641,0.2119,0,1,0,92763,512847,3796,104160,4.750518729852903,0.16881494051120977
1642,0.212,5,69,5,92832,512778,3801,104155,4.7498795805698615,0.16882708495087798
1643,0.2121,1,13,1,92845,512765,3802,104154,4.749759161139724,0.16882929525594123
1644,0.2122,0,3,0,92848,512762,3802,104154,4.749731372040461,0.1688301162556977
1645,0.2123,1,30,1,92878,512732,3803,104153,4.749453481047834,0.16883697933974728
1646,0.2124,0,7,0,92885,512725,3803,104153,4.749388639816221,0.16883889521104659
1647,0.2125,16,296,16,93181,512429,3819,104137,4.746646782022306,0.16889838233052099
1648,0.2126,0,2,0,93183,512427,3819,104137,4.74662825595613,0.1688989302002712
1649,0.2127,4,42,4,93225,512385,3823,104133,4.746239208566453,0.16890504413496443
1650,0.2128,2,20,2,93245,512365,3825,104131,4.746053947904702,0.16890782746360072
1651,0.2129,1,15,1,93260,512350,3826,104130,4.745915002408388,0.16891058915131066
1652,0.213,4,40,4,93300,512310,3830,104126,4.745544481084886,0.16891615674619911
1653,0.2131,0,1,0,93301,512309,3830,104126,4.745535218051799,0.16891643076723417
1654,0.2132,2,16,2,93317,512293,3832,104124,4.745387009522398,0.16891811874104706
1655,0.2133,37,626,37,93943,511667,3869,104087,4.739588350809589,0.16903990879474595
1656,0.2134,0,3,0,93946,511664,3869,104087,4.739560561710326,0.16904073237396286
1657,0.2135,0,18,0,93964,511646,3869,104087,4.739393827114751,0.1690456740177967
1658,0.2136,2,11,2,93975,511635,3871,104085,4.7392919337507875,0.16904599493276165
1659,0.2137,3,30,3,94005,511605,3874,104082,4.739014042758161,0.16905018296634491
1660,0.2138,0,20,0,94025,511585,3874,104082,4.73882878209641,0.16905567457732834
1661,0.2139,1,8,1,94033,511577,3875,104081,4.738754677831709,0.1690565216402613
1662,0.214,6,98,6,94131,511479,3881,104075,4.737846900589129,0.16907533701348704
1663,0.2141,0,3,0,94134,511476,3881,104075,4.737819111489866,0.16907616103296072
1664,0.2142,8,85,8,94219,511391,3889,104067,4.7370317536774245,0.16908871117119284
1665,0.2143,3,28,3,94247,511363,3892,104064,4.736772388750973,0.1690923537641345
1666,0.2144,0,3,0,94250,511360,3892,104064,4.73674459965171,0.16909317803660565
1667,0.2145,1,25,1,94275,511335,3893,104063,4.736513023824521,0.169098697103338
1668,0.2146,0,12,0,94287,511323,3893,104063,4.73640186742747,0.16910199452051233
1669,0.2147,0,28,0,94315,511295,3893,104063,4.736142502501019,0.169109688994049
1670,0.2148,0,11,0,94326,511284,3893,104063,4.7360406091370555,0.16911271201452188
1671,0.2149,0,4,0,94330,511280,3893,104063,4.736003557004706,0.16911381132149061
1672,0.215,54,1114,54,95444,510166,3947,104009,4.72568453814517,0.16934749867708715
1673,0.2151,1,1,1,95445,510165,3948,104008,4.725675275112082,0.16934642193649022
1674,0.2152,1,13,1,95458,510152,3949,104007,4.725554855681945,0.16934865401304874
1675,0.2153,2,26,2,95484,510126,3951,104005,4.7253140168216685,0.1693531184714662
1676,0.2154,1,4,1,95488,510122,3952,104004,4.725276964689318,0.1693528689552307
1677,0.2155,0,15,0,95503,510107,3952,104004,4.725138019193005,0.1693570054924924
1678,0.2156,0,2,0,95505,510105,3952,104004,4.725119493126829,0.16935755704606187
1679,0.2157,1,38,1,95543,510067,3953,104003,4.724767497869502,0.1693666845799339
1680,0.2158,6,111,6,95654,509956,3959,103997,4.723739301196784,0.1693891877717024
1681,0.2159,0,6,0,95660,509950,3959,103997,4.723683722998259,0.16939084318353212
1682,0.216,12,112,12,95772,509838,3971,103985,4.722646263292453,0.16940551266407416
1683,0.2161,0,4,0,95776,509834,3971,103985,4.722609211160102,0.16940661660847905
1684,0.2162,2,15,2,95791,509819,3973,103983,4.722470265663789,0.16940805015298094
1685,0.2163,4,20,4,95811,509799,3977,103979,4.722285005002038,0.16940815734679315
1686,0.2164,0,3,0,95814,509796,3977,103979,4.722257215902776,0.1694089853773777
1687,0.2165,2,28,2,95842,509768,3979,103977,4.721997850976324,0.16941400744608917
1688,0.2166,0,2,0,95844,509766,3979,103977,4.721979324910149,0.1694145595143244
1689,0.2167,46,639,46,96483,509127,4025,103931,4.716060246767201,0.1695288210903373
1690,0.2168,1,10,1,96493,509117,4026,103930,4.715967616436326,0.1695302317766827
1691,0.2169,1,5,1,96498,509112,4027,103929,4.715921301270888,0.16953025980317793
1692,0.217,3,35,3,96533,509077,4030,103926,4.715597095112824,0.16953587502834408
1693,0.2171,1,12,1,96545,509065,4031,103925,4.715485938715773,0.16953783911646192
1694,0.2172,0,13,0,96558,509052,4031,103925,4.715365519285635,0.16954143467046887
1695,0.2173,2,36,2,96594,509016,4033,103923,4.715032050094483,0.1695486826584701
1696,0.2174,1,10,1,96604,509006,4034,103922,4.714939419763607,0.16955009397514878
1697,0.2175,16,271,16,96875,508735,4050,103906,4.71242913779688,0.16960340558336776
1698,0.2176,0,6,0,96881,508729,4050,103906,4.712373559598355,0.16960506663837357
1699,0.2177,3,24,3,96905,508705,4053,103903,4.712151246804254,0.16960764469285416
1700,0.2178,0,26,0,96931,508679,4053,103903,4.711910407943977,0.169614843400557
1701,0.2179,1,14,1,96945,508665,4054,103902,4.711780725480751,0.16961736430463933
1702,0.218,3,68,3,97013,508597,4057,103899,4.711150839230798,0.16963212820981688
1703,0.2181,1,6,1,97019,508591,4058,103898,4.7110952610322725,0.1696324342151451
1704,0.2182,0,27,0,97046,508564,4058,103898,4.710845159138908,0.16963991235374604
1705,0.2183,15,312,15,97358,508252,4073,103883,4.707955092815592,0.169706028898854
1706,0.2184,1,2,1,97360,508250,4074,103882,4.707936566749416,0.16970522697718793
1707,0.2185,3,25,3,97385,508225,4077,103879,4.7077049909222275,0.16970808882150745
1708,0.2186,1,8,1,97393,508217,4078,103878,4.707630886657527,0.1697089504080249
1709,0.2187,2,24,2,97417,508193,4080,103876,4.707408573863426,0.169712891847161
1710,0.2188,1,13,1,97430,508180,4081,103875,4.707288154433288,0.16971513997925022
1711,0.2189,0,2,0,97432,508178,4081,103875,4.707269628367112,0.16971569455586363
1712,0.219,1,69,1,97501,508109,4082,103874,4.706630479084072,0.16973347298862876
1713,0.2191,0,2,0,97503,508107,4082,103874,4.706611953017896,0.16973402769040216
1714,0.2192,9,113,9,97616,507994,4091,103865,4.705565230279003,0.16975316208472868
1715,0.2193,3,44,3,97660,507950,4094,103862,4.70515765682315,0.16976129922263702
1716,0.2194,0,4,0,97664,507946,4094,103862,4.7051206046908,0.169762409121816
1717,0.2195,0,15,0,97679,507931,4094,103862,4.704981659194487,0.16976657137299708
1718,0.2196,1,10,1,97689,507921,4095,103861,4.704889028863611,0.1697679892510731
1719,0.2197,1,15,1,97704,507906,4096,103860,4.704750083367298,0.16977079471562656
1720,0.2198,2,18,2,97722,507888,4098,103858,4.704583348771722,0.16977307575366246
1721,0.2199,0,8,0,97730,507880,4098,103858,4.704509244507022,0.16977529596003518
1722,0.22,184,3437,184,101167,504443,4282,103674,4.672672199785097,0.17048364048365694
1723,0.2201,0,2,0,101169,504441,4282,103674,4.672653673718923,0.1704842011790533
1724,0.2202,0,10,0,101179,504431,4282,103674,4.672561043388047,0.17048700471135741
1725,0.2203,4,27,4,101206,504404,4286,103670,4.672310941494683,0.17048911810075748
1726,0.2204,1,2,1,101208,504402,4287,103669,4.672292415428508,0.17048831468693623
1727,0.2205,1,21,1,101229,504381,4288,103668,4.672097891733669,0.17049283857057573
1728,0.2206,0,1,0,101230,504380,4288,103668,4.672088628700582,0.17049311896429228
1729,0.2207,5,39,5,101269,504341,4293,103663,4.671727370410167,0.17049723357083177
1730,0.2208,6,100,6,101369,504241,4299,103657,4.6708010671014115,0.17051709332815704
1731,0.2209,1,2,1,101371,504239,4300,103656,4.670782541035236,0.17051628981978795
1732,0.221,4,67,4,101438,504172,4304,103652,4.670161917818371,0.17052962699728869
1733,0.2211,3,7,3,101445,504165,4307,103649,4.6700970765867575,0.17052749689872232
1734,0.2212,2,19,2,101464,504146,4309,103647,4.669921078958094,0.1705300982406839
1735,0.2213,4,30,4,101494,504116,4313,103643,4.669643187965468,0.17053305668858873
1736,0.2214,1,5,1,101499,504111,4314,103642,4.66959687280003,0.17053309485926027
1737,0.2215,0,25,0,101524,504086,4314,103642,4.669365296972841,0.17054011004923256
1738,0.2216,2,5,2,101529,504081,4316,103640,4.669318981807403,0.17053878342199794
1739,0.2217,19,344,19,101873,503737,4335,103621,4.666132498425284,0.1706094264009036
1740,0.2218,0,19,0,101892,503718,4335,103621,4.665956500796621,0.17061476374808798
1741,0.2219,0,10,0,101902,503708,4335,103621,4.665863870465746,0.17061757301232117
1742,0.222,6,71,6,101973,503637,4341,103615,4.665206195116529,0.17062932686924046
1743,0.2221,1,7,1,101980,503630,4342,103614,4.665141353884916,0.17062992800258217
1744,0.2222,0,12,0,101992,503618,4342,103614,4.665030197487866,0.1706332999578415
1745,0.2223,1,42,1,102034,503576,4343,103613,4.664641150098189,0.17064373695834412
1746,0.2224,0,3,0,102037,503573,4343,103613,4.664613360998925,0.17064458007925085
1747,0.2225,19,294,19,102331,503279,4362,103594,4.661890029271184,0.1707012834645799
1748,0.2226,0,3,0,102334,503276,4362,103594,4.661862240171922,0.17070212730897885
1749,0.2227,0,45,0,102379,503231,4362,103594,4.661445403682982,0.17071478597618753
1750,0.2228,1,13,1,102392,503218,4363,103593,4.661324984252844,0.1707170766515439
1751,0.2229,2,14,2,102406,503204,4365,103591,4.661195301789618,0.17071828212163911
1752,0.223,4,42,4,102448,503162,4369,103587,4.660806254399941,0.17072463242625863
1753,0.2231,1,1,1,102449,503161,4370,103586,4.660796991366853,0.17072354704679216
1754,0.2232,0,15,0,102464,503146,4370,103586,4.66065804587054,0.1707277677788546
1755,0.2233,31,593,31,103057,502553,4401,103555,4.65516506724962,0.17085238934315336
1756,0.2235,0,34,0,103091,502519,4401,103555,4.654850124124644,0.1708619739503757
1757,0.2236,0,11,0,103102,502508,4401,103555,4.6547482307606804,0.17086507508295343
1758,0.2237,1,27,1,103129,502481,4402,103554,4.654498128867316,0.17087131931324098
1759,0.2238,4,19,4,103148,502462,4406,103550,4.6543221312386525,0.1708712038705504
1760,0.2239,0,8,0,103156,502454,4406,103550,4.654248026973953,0.17087345958112488
1761,0.224,6,135,6,103291,502319,4412,103544,4.652997517507132,0.17090332302847344
1762,0.2241,0,1,0,103292,502318,4412,103544,4.652988254474045,0.170903605111395
1763,0.2242,7,103,7,103395,502215,4419,103537,4.652034162066027,0.1709230840343903
1764,0.2243,5,40,5,103435,502175,4424,103532,4.651663640742525,0.17092752766601674
1765,0.2244,0,5,0,103440,502170,4424,103532,4.651617325577087,0.170928938653001
1766,0.2245,3,34,3,103474,502136,4427,103529,4.65130238245211,0.17093442744751636
1767,0.2246,0,12,0,103486,502124,4427,103529,4.65119122605506,0.17093781422695833
1768,0.2247,2,27,2,103513,502097,4429,103527,4.650941124161696,0.17094269711900453
1769,0.2248,3,16,3,103529,502081,4432,103524,4.6507929156322945,0.17094310648029656
1770,0.2249,0,3,0,103532,502078,4432,103524,4.650765126533032,0.17094395328945414
1771,0.225,69,1161,69,104693,500917,4501,103455,4.640010745118381,0.17117768526669006
1772,0.2251,2,3,2,104696,500914,4503,103453,4.639982956019119,0.17117579219249232
1773,0.2252,2,15,2,104711,500899,4505,103451,4.639844010522806,0.17117729792338876
1774,0.2253,1,20,1,104731,500879,4506,103450,4.639658749861055,0.17118159148410883
1775,0.2254,0,7,0,104738,500872,4506,103450,4.6395939086294415,0.17118357431965078
1776,0.2255,1,11,1,104749,500861,4507,103449,4.639492015265478,0.17118531879333454
1777,0.2256,0,8,0,104757,500853,4507,103449,4.639417911000778,0.1711875850154393
1778,0.2257,2,42,2,104799,500811,4509,103447,4.639028863611101,0.17119674046516553
1779,0.2258,8,102,8,104901,500709,4517,103439,4.63808403423617,0.17121466925322934
1780,0.2259,1,6,1,104907,500703,4518,103438,4.638028456037645,0.1712149978233558
1781,0.226,3,120,3,105027,500583,4521,103435,4.636916892067139,0.17124489667526466
1782,0.2261,1,6,1,105033,500577,4522,103434,4.636861313868613,0.17124522566641998
1783,0.2262,0,28,0,105061,500549,4522,103434,4.636601948942162,0.1712531644102566
1784,0.2263,2,31,2,105092,500518,4524,103432,4.636314794916448,0.17125921019951984
1785,0.2264,0,12,0,105104,500506,4524,103432,4.6362036385193965,0.1712626130496839
1786,0.2265,3,20,3,105124,500486,4527,103429,4.636018377857646,0.17126416797065813
1787,0.2266,0,2,0,105126,500484,4527,103429,4.63599985179147,0.17126473515224874
1788,0.2267,46,596,46,105722,499888,4573,103383,4.630479084071288,0.17137074382822975
1789,0.2268,2,16,2,105738,499872,4575,103381,4.630330875541888,0.17137254186883447
1790,0.2269,1,7,1,105745,499865,4576,103380,4.630266034310274,0.17137315684340526
1791,0.227,3,38,3,105783,499827,4579,103377,4.629914039052948,0.17137983169872878
1792,0.2271,1,24,1,105807,499803,4580,103376,4.629691726258846,0.17138527700732287
1793,0.2272,1,13,1,105820,499790,4581,103375,4.629571306828708,0.17138759709200632
1794,0.2273,3,42,3,105862,499748,4584,103372,4.62918225943903,0.17139541053190077
1795,0.2274,1,6,1,105868,499742,4585,103371,4.629126681240505,0.17139574175983605
1796,0.2275,20,325,20,106193,499417,4605,103351,4.62611619548705,0.17146066148169778
1797,0.2276,0,7,0,106200,499410,4605,103351,4.626051354255438,0.17146265269319017
1798,0.2277,3,27,3,106227,499383,4608,103348,4.6258012523620735,0.1714662096358077
1799,0.2278,1,17,1,106244,499366,4609,103347,4.625643780799585,0.1714696713029253
1800,0.2279,0,13,0,106257,499353,4609,103347,4.625523361369447,0.1714733698357392
1801,0.228,3,69,3,106326,499284,4612,103344,4.624884212086406,0.17148887871124474
1802,0.2281,1,7,1,106333,499277,4613,103343,4.624819370854793,0.17148949586804288
1803,0.2282,0,12,0,106345,499265,4613,103343,4.624708214457742,0.17149291081432705
1804,0.2283,24,342,24,106687,498923,4637,103319,4.621540257141799,0.17155728096014558
1805,0.2284,1,2,1,106689,498921,4638,103318,4.621521731075624,0.17155647508713318
1806,0.2285,4,32,4,106721,498889,4642,103314,4.621225314016821,0.17156008854157154
1807,0.2286,1,10,1,106731,498879,4643,103313,4.621132683685946,0.17156156176103302
1808,0.2287,2,21,2,106752,498858,4645,103311,4.620938159991107,0.17156479327232055
1809,0.2288,3,11,3,106763,498847,4648,103308,4.620836266627144,0.1715638000182677
1810,0.2289,0,8,0,106771,498839,4648,103308,4.6207621623624435,0.17156607937928778
1811,0.229,2,66,2,106837,498773,4650,103306,4.6201508021786655,0.1715821345703803
1812,0.2291,0,1,0,106838,498772,4650,103306,4.620141539145578,0.17158241955361264
1813,0.2292,6,93,6,106931,498679,4656,103300,4.619280077068435,0.17160067045528166
1814,0.2293,1,47,1,106978,498632,4657,103299,4.618844714513321,0.1716126931492148
1815,0.2294,0,4,0,106982,498628,4657,103299,4.61880766238097,0.17161383357118057
1816,0.2295,2,23,2,107005,498605,4659,103297,4.618594612619956,0.1716176387518234
1817,0.2296,0,9,0,107014,498596,4659,103297,4.618511245322169,0.17162020492014363
1818,0.2297,2,16,2,107030,498580,4661,103295,4.6183630367927675,0.17162201453790238
1819,0.2298,1,17,1,107047,498563,4662,103294,4.618205565230279,0.17162548578815234
1820,0.2299,0,7,0,107054,498556,4662,103294,4.618140723998666,0.17162748193071364
1821,0.23,169,3422,169,110476,495134,4831,103125,4.586442624773055,0.17237517530032978
1822,0.2301,0,9,0,110485,495125,4831,103125,4.586359257475268,0.17237776849143335
1823,0.2302,5,10,5,110495,495115,4836,103120,4.586266627144393,0.17237373273044873
1824,0.2303,1,26,1,110521,495089,4837,103119,4.586025788284116,0.17237984112549481
1825,0.2304,2,5,2,110526,495084,4839,103117,4.585979473118678,0.17237851491388345
1826,0.2305,2,36,2,110562,495048,4841,103115,4.585646003927526,0.1723861221773998
1827,0.2306,0,2,0,110564,495046,4841,103115,4.585627477861351,0.1723866985644333
1828,0.2307,2,27,2,110591,495019,4843,103113,4.585377375967987,0.1723917128660563
1829,0.2308,6,113,6,110704,494906,4849,103107,4.5843306532290935,0.17241598426790053
1830,0.2309,0,5,0,110709,494901,4849,103107,4.5842843380636555,0.17241742585383474
1831,0.231,3,75,3,110784,494826,4852,103104,4.583589610582089,0.17243490040640208
1832,0.2311,1,7,1,110791,494819,4853,103103,4.583524769350476,0.1724355350697917
1833,0.2312,0,14,0,110805,494805,4853,103103,4.583395086887251,0.1724395726432829
1834,0.2313,2,29,2,110834,494776,4855,103101,4.583126458927711,0.17244516848783278
1835,0.2314,1,10,1,110844,494766,4856,103100,4.583033828596836,0.17244666865150385
1836,0.2315,4,28,4,110872,494738,4860,103096,4.582774463670384,0.17244920830866092
1837,0.2316,1,3,1,110875,494735,4861,103095,4.582746674571122,0.17244868942676012
1838,0.2317,25,370,25,111245,494365,4886,103070,4.579319352328726,0.17252086000987554
1839,0.2318,0,20,0,111265,494345,4886,103070,4.579134091666975,0.17252663558832637
1840,0.2319,1,6,1,111271,494339,4887,103069,4.57907851346845,0.17252698323423857
1841,0.232,7,68,7,111339,494271,4894,103062,4.5784486272184965,0.17253692663890996
1842,0.2321,0,9,0,111348,494262,4894,103062,4.578365259920709,0.1725395262872411
1843,0.2322,0,20,0,111368,494242,4894,103062,4.578179999258957,0.1725453035640143
1844,0.2323,1,33,1,111401,494209,4895,103061,4.577874319167068,0.17255345153783047
1845,0.2324,2,11,2,111412,494198,4897,103059,4.577772425803105,0.17255385872413384
1846,0.2325,20,308,20,111720,493890,4917,103039,4.5749194116121386,0.17261516863814624
1847,0.2326,0,7,0,111727,493883,4917,103039,4.574854570380525,0.1726171928660696
1848,0.2327,1,26,1,111753,493857,4918,103038,4.574613731520249,0.1726233257105521
1849,0.2328,0,11,0,111764,493846,4918,103038,4.574511838156286,0.17262650699298357
1850,0.2329,3,19,3,111783,493827,4921,103035,4.574335840527622,0.1726278436221438
1851,0.233,2,54,2,111837,493773,4923,103033,4.5738356367408946,0.17264069060967885
1852,0.2331,1,3,1,111840,493770,4924,103032,4.573807847641632,0.17264017211738567
1853,0.2332,0,16,0,111856,493754,4924,103032,4.573659639112231,0.1726448006488088
1854,0.2333,31,575,31,112431,493179,4955,103001,4.568333395086888,0.17276829145560066
1855,0.2334,0,2,0,112433,493177,4955,103001,4.568314869020712,0.17276887104187005
1856,0.2335,2,30,2,112463,493147,4957,102999,4.568036978028085,0.17277479006820476
1857,0.2336,0,8,0,112471,493139,4957,102999,4.567962873763385,0.17277710865604945
1858,0.2337,0,18,0,112489,493121,4957,102999,4.567796139167809,0.17278232570623364
1859,0.2338,1,18,1,112507,493103,4958,102998,4.567629404572233,0.1727861553662886
1860,0.2339,0,2,0,112509,493101,4958,102998,4.567610878506058,0.17278673508930564
1861,0.234,7,151,7,112660,492950,4965,102991,4.566212160509838,0.17282079937443473
1862,0.2341,0,4,0,112664,492946,4965,102991,4.566175108377487,0.17282195936818825
1863,0.2342,6,94,6,112758,492852,4971,102985,4.565304383267257,0.1728408944056848
1864,0.2343,5,37,5,112795,492815,4976,102980,4.564961651043017,0.17284468651130003
1865,0.2344,2,6,2,112801,492809,4978,102978,4.564906072844492,0.1728436504992556
1866,0.2345,1,16,1,112817,492793,4979,102977,4.564757864315092,0.17284690400657973
1867,0.2346,1,12,1,112829,492781,4980,102976,4.56464670791804,0.17284899715823734
1868,0.2347,0,34,0,112863,492747,4980,102976,4.564331764793064,0.17285886225645142
1869,0.2348,0,21,0,112884,492726,4980,102976,4.5641372410982255,0.17286495596791684
1870,0.2349,0,3,0,112887,492723,4980,102976,4.564109451998963,0.17286582653319882
1871,0.235,72,1291,72,114178,491432,5052,102904,4.55215087628293,0.17314111882840683
1872,0.2351,1,5,1,114183,491427,5053,102903,4.552104561117492,0.17314118419060118
1873,0.2352,2,10,2,114193,491417,5055,102901,4.552011930786617,0.1731413149189491
1874,0.2353,2,32,2,114225,491385,5057,102899,4.551715513727815,0.1731478552341978
1875,0.2354,1,5,1,114230,491380,5058,102898,4.551669198562378,0.17314792067012408
1876,0.2355,0,20,0,114250,491360,5058,102898,4.551483937900626,0.17315374803536512
1877,0.2356,0,9,0,114259,491351,5058,102898,4.551400570602838,0.1731563704776954
1878,0.2357,1,54,1,114313,491297,5059,102897,4.55090036681611,0.17317071528827285
1879,0.2358,7,118,7,114431,491179,5066,102890,4.549807328911779,0.17319536956144824
1880,0.2359,2,10,2,114441,491169,5068,102888,4.549714698580903,0.17319550144178084
1881,0.236,7,120,7,114561,491049,5075,102881,4.548603134610397,0.17322074992002426
1882,0.2361,0,4,0,114565,491045,5075,102881,4.548566082478047,0.17322191653505656
1883,0.2362,1,28,1,114593,491017,5076,102880,4.548306717551595,0.17322869117035444
1884,0.2363,2,24,2,114617,490993,5078,102878,4.5480844047574935,0.173232907483275
1885,0.2364,1,10,1,114627,490983,5079,102877,4.5479917744266185,0.17323443235779476
1886,0.2365,3,23,3,114650,490960,5082,102874,4.547778724665604,0.17323696521250045
1887,0.2366,0,7,0,114657,490953,5082,102874,4.547713883433992,0.17323900732031383
1888,0.2367,38,638,38,115295,490315,5120,102836,4.541804068324132,0.1733723790400758
1889,0.2368,0,24,0,115319,490291,5120,102836,4.54158175553003,0.17337939429498236
1890,0.2369,1,6,1,115325,490285,5121,102835,4.541526177331505,0.17337975451847856
1891,0.237,3,38,3,115363,490247,5124,102832,4.541174182074179,0.17338668204404473
1892,0.2371,0,12,0,115375,490235,5124,102832,4.541063025677127,0.17339019031576533
1893,0.2372,0,12,0,115387,490223,5124,102832,4.540951869280077,0.17339369872946017
1894,0.2373,4,45,4,115432,490178,5128,102828,4.540535032791137,0.17340128093139023
1895,0.2374,0,4,0,115436,490174,5128,102828,4.540497980658787,0.1734024505819542
1896,0.2375,16,347,16,115783,489827,5144,102812,4.537283708177406,0.17348166421717098
1897,0.2376,0,6,0,115789,489821,5144,102812,4.53722812997888,0.1734834205992579
1898,0.2377,5,36,5,115825,489785,5149,102807,4.536894660787729,0.17348698598698598
1899,0.2378,0,17,0,115842,489768,5149,102807,4.5367371892252395,0.17349196304265282
1900,0.2379,2,10,2,115852,489758,5151,102805,4.5366445588943645,0.17349210126180675
1901,0.238,6,109,6,115961,489649,5157,102799,4.535634888287821,0.17351565031867774
1902,0.2381,0,3,0,115964,489646,5157,102799,4.535607099188558,0.17351652896049422
1903,0.2382,1,15,1,115979,489631,5158,102798,4.535468153692245,0.17351952723448716
1904,0.2383,25,363,25,116342,489268,5183,102773,4.532105672681463,0.1735910181896186
1905,0.2384,0,5,0,116347,489263,5183,102773,4.532059357516025,0.17359248424082319
1906,0.2385,1,32,1,116379,489231,5184,102772,4.531762940457224,0.17360047161923167
1907,0.2386,2,6,2,116385,489225,5186,102770,4.531707362258698,0.17359943918445256
1908,0.2387,0,35,0,116420,489190,5186,102770,4.531383156100634,0.17360970335833503
1909,0.2388,3,21,3,116441,489169,5189,102767,4.531188632405795,0.17361167423505244
1910,0.2389,0,4,0,116445,489165,5189,102767,4.531151580273445,0.1736128474216633
1911,0.239,5,73,5,116518,489092,5194,102762,4.530475378858053,0.17362727970073702
1912,0.2391,0,5,0,116523,489087,5194,102762,4.530429063692615,0.17362874652149451
1913,0.2392,8,96,8,116619,488991,5202,102754,4.5295398125162105,0.1736457426763217
1914,0.2393,3,53,3,116672,488938,5205,102751,4.52904887176257,0.1736571070275094
1915,0.2394,0,3,0,116675,488935,5205,102751,4.5290210826633075,0.17365798751364744
1916,0.2395,1,25,1,116700,488910,5206,102750,4.528789506836119,0.1736639286076463
1917,0.2396,1,3,1,116703,488907,5207,102749,4.528761717736856,0.17366341252349338
1918,0.2397,2,15,2,116718,488892,5209,102747,4.528622772240542,0.17366502208272275
1919,0.2398,3,16,3,116734,488876,5212,102744,4.528474563711142,0.1736655285487306
1920,0.2399,0,1,0,116735,488875,5212,102744,4.528465300678054,0.1736658220915826
1921,0.24,205,3517,205,120252,485358,5417,102539,4.495887213309126,0.17441660699068035
1922,0.2401,1,9,1,120261,485349,5418,102538,4.495803846011338,0.1744178728224982
1923,0.2402,3,20,3,120281,485329,5421,102535,4.495618585349587,0.1744195936475103
1924,0.2403,2,20,2,120301,485309,5423,102533,4.495433324687836,0.1744227190299434
1925,0.2404,0,13,0,120314,485296,5423,102533,4.4953129052576974,0.17442657643634457
1926,0.2405,0,15,0,120329,485281,5423,102533,4.4951739597613845,0.17443102750189685
1927,0.2406,0,6,0,120335,485275,5423,102533,4.495118381562859,0.1744328079917252
1928,0.2407,8,59,8,120394,485216,5431,102525,4.494571862610694,0.17443908115989867
1929,0.2408,6,124,6,120518,485092,5437,102519,4.493423246507836,0.17446746231775784
1930,0.2409,0,3,0,120521,485089,5437,102519,4.493395457408574,0.17446835305169434
1931,0.241,3,60,3,120581,485029,5440,102516,4.492839675423321,0.17448195457369223
1932,0.2411,1,1,1,120582,485028,5441,102515,4.492830412390233,0.17448084650825557
1933,0.2412,2,25,2,120607,485003,5443,102513,4.492598836563044,0.17448546082149252
1934,0.2413,4,35,4,120642,484968,5447,102509,4.49227463040498,0.17449023536240568
1935,0.2414,0,12,0,120654,484956,5447,102509,4.4921634740079295,0.1744937996306163
1936,0.2415,4,22,4,120676,484934,5451,102505,4.491959687280003,0.17449471349365636
1937,0.2416,0,2,0,120678,484932,5451,102505,4.491941161213828,0.17449530758191942
1938,0.2417,19,353,19,121031,484579,5470,102486,4.488671310533921,0.17457351400611518
1939,0.2418,1,26,1,121057,484553,5471,102485,4.488430471673645,0.17457983980594102
1940,0.2419,0,5,0,121062,484548,5471,102485,4.488384156508207,0.17458132677379296
1941,0.242,3,115,3,121177,484433,5474,102482,4.487318907703139,0.1746113150967346
1942,0.2421,0,9,0,121186,484424,5474,102482,4.48723554040535,0.17461399270070505
1943,0.2422,1,17,1,121203,484407,5475,102481,4.4870780688428615,0.17461764425239568
1944,0.2423,0,39,0,121242,484368,5475,102481,4.486716810552447,0.17462924875053037
1945,0.2424,1,11,1,121253,484357,5476,102480,4.486614917188485,0.17463111562495207
1946,0.2425,24,329,24,121582,484028,5500,102456,4.483567379302679,0.17469530285566187
1947,0.2426,0,9,0,121591,484019,5500,102456,4.483484012004891,0.17469798371627093
1948,0.2427,5,35,5,121626,483984,5505,102451,4.483159805846826,0.17470137355376128
1949,0.2428,2,16,2,121642,483968,5507,102449,4.483011597317426,0.17470332544929632
1950,0.2429,1,18,1,121660,483950,5508,102448,4.48284486272185,0.17470728072060274
1951,0.243,2,57,2,121717,483893,5510,102446,4.482316869835859,0.17472144953687202
1952,0.2431,0,7,0,121724,483886,5510,102446,4.482252028604246,0.17472353547137118
1953,0.2432,1,18,1,121742,483868,5511,102445,4.48208529400867,0.17472749197101206
1954,0.2433,55,683,55,122425,483185,5566,102390,4.475758642409871,0.1748537762028775
1955,0.2434,1,7,1,122432,483178,5567,102389,4.475693801178258,0.17485445730377566
1956,0.2435,4,38,4,122470,483140,5571,102385,4.475341805920931,0.17486016822509715
1957,0.2436,0,4,0,122474,483136,5571,102385,4.47530475378858,0.17486136278630485
1958,0.2437,3,20,3,122494,483116,5574,102382,4.475119493126829,0.17486310798670535
1959,0.2438,0,17,0,122511,483099,5574,102382,4.474962021564341,0.17486818530404916
1960,0.2439,1,2,1,122513,483097,5575,102381,4.474943495498166,0.17486737332572702
1961,0.244,10,142,10,122655,482955,5585,102371,4.473628144799733,0.1748956991488504
1962,0.2441,0,4,0,122659,482951,5585,102371,4.473591092667383,0.1748968943590024
1963,0.2442,6,121,6,122780,482830,5591,102365,4.472470265663789,0.17492459778364478
1964,0.2443,1,46,1,122826,482784,5592,102364,4.472044166141761,0.1749369390308093
1965,0.2444,0,8,0,122834,482776,5592,102364,4.471970061877061,0.17493933075845097
1966,0.2445,0,21,0,122855,482755,5592,102364,4.471775538182222,0.1749456093546783
1967,0.2446,0,8,0,122863,482747,5592,102364,4.471701433917522,0.17494800131940777
1968,0.2447,1,30,1,122893,482717,5593,102363,4.471423542924895,0.17495556163259726
1969,0.2448,3,32,3,122925,482685,5596,102360,4.471127125866094,0.1749609004435556
1970,0.2449,1,15,1,122940,482670,5597,102359,4.470988180369781,0.1749639761447723
1971,0.245,81,1191,81,124131,481479,5678,102278,4.459955907962503,0.17520646433361828
1972,0.2451,1,7,1,124138,481472,5679,102277,4.45989106673089,0.17520715238912615
1973,0.2452,3,16,3,124154,481456,5682,102274,4.45974285820149,0.17520771589604783
1974,0.2453,2,23,2,124177,481433,5684,102272,4.459529808440475,0.1752117936286309
1975,0.2454,0,7,0,124184,481426,5684,102272,4.459464967208863,0.1752138948565868
1976,0.2455,2,21,2,124205,481405,5686,102270,4.459270443514024,0.175217372681715
1977,0.2456,0,4,0,124209,481401,5686,102270,4.459233391381674,0.1752185734771815
1978,0.2457,4,41,4,124250,481360,5690,102266,4.458853607025084,0.17522522985610647
1979,0.2458,10,124,10,124374,481236,5700,102256,4.4577049909222275,0.17524833245357263
1980,0.2459,0,2,0,124376,481234,5700,102256,4.457686464856052,0.17524893314367
1981,0.246,8,131,8,124507,481103,5708,102248,4.456473007521583,0.17527697732582956
1982,0.2461,0,4,0,124511,481099,5708,102248,4.4564359553892325,0.17527817919694452
1983,0.2462,1,19,1,124530,481080,5709,102247,4.456259957760569,0.17528247449543738
1984,0.2463,2,23,2,124553,481057,5711,102245,4.456046907999555,0.17528655824941455
1985,0.2464,0,5,0,124558,481052,5711,102245,4.456000592834117,0.1752880607992155
1986,0.2465,3,34,3,124592,481018,5714,102242,4.455685649709141,0.175294036964647
1987,0.2467,37,675,37,125267,480343,5751,102205,4.449433102375042,0.17544477021635985
1988,0.2468,1,21,1,125288,480322,5752,102204,4.449238578680203,0.17544967949928414
1989,0.2469,0,1,0,125289,480321,5752,102204,4.449229315647115,0.17544998068752415
1990,0.247,7,54,7,125343,480267,5759,102197,4.448729111860388,0.1754563372156906
1991,0.2471,3,9,3,125352,480258,5762,102194,4.4486457445626,0.1754548014256969
1992,0.2472,1,11,1,125363,480247,5763,102193,4.448543851198637,0.17545669940251357
1993,0.2473,2,42,2,125405,480205,5765,102191,4.44815480380896,0.17546652106127103
1994,0.2474,0,8,0,125413,480197,5765,102191,4.448080699544259,0.17546893136534406
1995,0.2475,20,357,20,125770,479840,5785,102171,4.444773796732002,0.17554822846990864
1996,0.2476,1,10,1,125780,479830,5786,102170,4.444681166401127,0.17554982817869416
1997,0.2477,2,34,2,125814,479796,5788,102168,4.444366223276149,0.17555725096397715
1998,0.2478,1,22,1,125836,479774,5789,102167,4.444162436548224,0.1755624711096142
1999,0.2479,2,11,2,125847,479763,5791,102165,4.444060543184261,0.17556295624200932
2000,0.248,7,83,7,125930,479680,5798,102158,4.443291711437993,0.17557808187158624
2001,0.2481,0,9,0,125939,479671,5798,102158,4.4432083441402055,0.175580797794541
2002,0.2482,1,23,1,125962,479648,5799,102157,4.442995294379192,0.17558632187760503
2003,0.2483,25,327,25,126289,479321,5824,102132,4.439966282559562,0.17564962258342462
2004,0.2484,0,3,0,126292,479318,5824,102132,4.439938493460299,0.17565052885028806
2005,0.2485,1,27,1,126319,479291,5825,102131,4.439688391566935,0.1756572678708408
2006,0.2486,0,5,0,126324,479286,5825,102131,4.439642076401497,0.17565877846708988
2007,0.2487,3,33,3,126357,479253,5828,102128,4.439336396309607,0.17566449539974646
2008,0.2488,2,24,2,126381,479229,5830,102126,4.4391140835155065,0.17566891142245272
2009,0.2489,0,8,0,126389,479221,5830,102126,4.439039979250806,0.1756713288277053
2010,0.249,7,74,7,126463,479147,5837,102119,4.4383545148023265,0.17568376612428732
2011,0.2491,0,7,0,126470,479140,5837,102119,4.438289673570714,0.17568588185301218
2012,0.2492,8,117,8,126587,479023,5845,102111,4.43720589869947,0.175709905116548
2013,0.2493,2,68,2,126655,478955,5847,102109,4.436576012449517,0.17572763069128358
2014,0.2494,2,13,2,126668,478942,5849,102107,4.436455593019378,0.17572872511612617
2015,0.2495,2,26,2,126694,478916,5851,102105,4.436214754159102,0.17573375144788225
2016,0.2496,1,10,1,126704,478906,5852,102104,4.436122123828226,0.17573535739488133
2017,0.2497,3,21,3,126725,478885,5855,102101,4.435927600133388,0.1757374532260674
2018,0.2498,1,19,1,126744,478866,5856,102100,4.435751602504724,0.17574178179101704
2019,0.2499,1,3,1,126747,478863,5857,102099,4.4357238134054615,0.17574127051338986
2020,0.25,211,3601,211,130348,475262,6068,101888,4.402367631257179,0.17653642900459152
2021,0.2501,2,8,2,130356,475254,6070,101886,4.402293526992478,0.17653602245555672
2022,0.2502,1,17,1,130373,475237,6071,101885,4.40213605542999,0.17653979574509376
2023,0.2503,2,23,2,130396,475214,6073,101883,4.401923005668976,0.1765439778754698
2024,0.2504,0,3,0,130399,475211,6073,101883,4.401895216569714,0.176544895632254
2025,0.2505,1,20,1,130419,475191,6074,101882,4.401709955907963,0.17654958731391002
2026,0.2506,1,4,1,130423,475187,6075,101881,4.401672903775612,0.17654938412804036
2027,0.2507,3,43,3,130466,475144,6078,101878,4.401274593352848,0.17655825947710832
2028,0.2508,7,126,7,130592,475018,6085,101871,4.400107451183816,0.1765868303954487
2029,0.2509,0,4,0,130596,475014,6085,101871,4.400070399051465,0.17658805481161757
2030,0.251,2,74,2,130670,474940,6087,101869,4.3993849346029865,0.17660785459311487
2031,0.2511,1,6,1,130676,474934,6088,101868,4.399329356404461,0.17660826418771086
2032,0.2512,5,26,5,130702,474908,6093,101863,4.399088517544184,0.1766090874887954
2033,0.2513,1,29,1,130731,474879,6094,101862,4.3988198895846455,0.17661654018008083
2034,0.2514,1,17,1,130748,474862,6095,101861,4.398662418022157,0.17662031859315477
2035,0.2515,0,31,0,130779,474831,6095,101861,4.398375263996443,0.17662981279435122
2036,0.2516,1,5,1,130784,474826,6096,101860,4.398328948831005,0.17662991645366802
2037,0.2517,21,377,21,131161,474449,6117,101839,4.394836785356997,0.17671546171358765
2038,0.2518,4,17,4,131178,474432,6121,101835,4.394679313794509,0.17671496025279948
2039,0.2519,1,9,1,131187,474423,6122,101834,4.394595946496721,0.17671629151576468
2040,0.252,2,107,2,131294,474316,6124,101832,4.393604801956353,0.1767462526989593
2041,0.2521,1,8,1,131302,474308,6125,101831,4.393530697691652,0.17674727800062137
2042,0.2522,0,15,0,131317,474293,6125,101831,4.393391752195339,0.17675187980365337
2043,0.2523,0,37,0,131354,474256,6125,101831,4.393049019971099,0.1767632319423976
2044,0.2524,3,9,3,131363,474247,6128,101828,4.392965652673311,0.17676170637503796
2045,0.2525,27,338,27,131701,473909,6155,101801,4.389834747489718,0.1768268746417467
2046,0.2526,0,12,0,131713,473897,6155,101801,4.389723591092667,0.1768305604674673
2047,0.2527,7,51,7,131764,473846,6162,101794,4.389251176405202,0.1768362170801195
2048,0.2528,1,6,1,131770,473840,6163,101793,4.389195598206677,0.17683663028353136
2049,0.2529,1,25,1,131795,473815,6164,101792,4.388964022379488,0.17684288064599632
2050,0.253,2,50,2,131845,473765,6166,101790,4.38850087072511,0.17685538306504156
2051,0.2531,0,5,0,131850,473760,6166,101790,4.388454555559672,0.17685691946833465
2052,0.2532,1,18,1,131868,473742,6167,101789,4.388287820964097,0.17686102051844296
2053,0.2533,52,712,52,132580,473030,6219,101737,4.381692541405758,0.17700563880668166
2054,0.2534,0,2,0,132582,473028,6219,101737,4.381674015339583,0.17700625473019407
2055,0.2535,4,32,4,132614,472996,6223,101733,4.381377598280781,0.17701038228452018
2056,0.2536,0,9,0,132623,472987,6223,101733,4.381294230982993,0.17701315423162584
2057,0.2537,3,42,3,132665,472945,6226,101730,4.380905183593316,0.17702179492756775
2058,0.2538,1,12,1,132677,472933,6227,101729,4.3807940271962655,0.1770240593601108
2059,0.2539,1,8,1,132685,472925,6228,101728,4.380719922931565,0.1770250916640129
2060,0.254,5,163,5,132848,472762,6233,101723,4.379210048538293,0.17706815669686762
2061,0.2541,0,2,0,132850,472760,6233,101723,4.3791915224721185,0.17706877314037142
2062,0.2542,6,129,6,132979,472631,6239,101717,4.377996591203824,0.17709994637397536
2063,0.2543,1,33,1,133012,472598,6240,101716,4.377690911111935,0.17710868967150376
2064,0.2544,0,2,0,133014,472596,6240,101716,4.377672385045759,0.17710930643970524
2065,0.2545,2,33,2,133047,472563,6242,101714,4.37736670495387,0.1771166179387299
2066,0.2546,2,11,2,133058,472552,6244,101712,4.377264811589907,0.17711714472786036
2067,0.2547,0,35,0,133093,472517,6244,101712,4.376940605431843,0.1771279402468353
2068,0.2548,3,20,3,133113,472497,6247,101709,4.376755344770092,0.17712981055579358
2069,0.2549,0,6,0,133119,472491,6247,101709,4.376699766571567,0.17713166144200626
2070,0.255,82,1379,82,134498,471112,6329,101627,4.363926043943829,0.17744033495187161
2071,0.2551,0,8,0,134506,471104,6329,101627,4.363851939679129,0.17744281346740443
2072,0.2552,5,18,5,134524,471086,6334,101622,4.363685205083552,0.17744120913275177
2073,0.2553,2,41,2,134565,471045,6336,101620,4.363305420726963,0.17745104031152595
2074,0.2554,1,12,1,134577,471033,6337,101619,4.363194264329912,0.1774533224366631
2075,0.2555,0,16,0,134593,471017,6337,101619,4.3630460558005115,0.17745828065298025
2076,0.2556,0,5,0,134598,471012,6337,101619,4.362999740635074,0.1774598301524018
2077,0.2557,6,45,6,134643,470967,6343,101613,4.362582904146134,0.17746515770721996
2078,0.2558,7,119,7,134762,470848,6350,101606,4.361480603208714,0.17749199062282733
2079,0.2559,0,2,0,134764,470846,6350,101606,4.36146207714254,0.1774926107341751
2080,0.256,10,144,10,134908,470702,6360,101596,4.360128200377932,0.17752289890930947
2081,0.2561,1,10,1,134918,470692,6361,101595,4.3600355700470566,0.1775245637241454
2082,0.2562,3,29,3,134947,470663,6364,101592,4.359766942087517,0.17752924832461053
2083,0.2563,0,26,0,134973,470637,6364,101592,4.359526103227241,0.17753731460656486
2084,0.2564,0,6,0,134979,470631,6364,101592,4.359470525028716,0.1775391761603431
2085,0.2565,3,29,3,135008,470602,6367,101589,4.359201897069176,0.1775438621019904
2086,0.2566,0,1,0,135009,470601,6367,101589,4.359192634036089,0.17754417239028994
2087,0.2567,50,719,50,135728,469882,6417,101539,4.352532513246137,0.1776956044667592
2088,0.2568,1,26,1,135754,469856,6418,101538,4.352291674385861,0.17770225098618467
2089,0.2569,0,4,0,135758,469852,6418,101538,4.35225462225351,0.17770349498591154
2090,0.257,3,40,3,135798,469812,6421,101535,4.351884100930008,0.17771161833351712
2091,0.2571,2,13,2,135811,469799,6423,101533,4.35176368149987,0.1777127834604048
2092,0.2572,0,13,0,135824,469786,6423,101533,4.351643262069732,0.1777168272016159
2093,0.2573,5,51,5,135875,469735,6428,101528,4.351170847382267,0.17772549596245513
2094,0.2574,1,7,1,135882,469728,6429,101527,4.351106006150654,0.1777262343436819
2095,0.2575,18,358,18,136240,469370,6447,101509,4.3477898403053095,0.177811760460623
2096,0.2576,1,17,1,136257,469353,6448,101508,4.347632368742821,0.17781561535995627
2097,0.2577,1,40,1,136297,469313,6449,101507,4.347261847419319,0.1778266353666655
2098,0.2578,1,18,1,136315,469295,6450,101506,4.347095112823743,0.17783080267904225
2099,0.2579,3,15,3,136330,469280,6453,101503,4.34695616732743,0.1778311547470755
2100,0.258,6,90,6,136420,469190,6459,101497,4.34612249434955,0.177850555558476
2101,0.2581,0,7,0,136427,469183,6459,101497,4.346057653117937,0.1778527370855821
2102,0.2582,1,14,1,136441,469169,6460,101496,4.345927970654711,0.17785565962517413
2103,0.2583,26,384,26,136825,468785,6486,101470,4.34237096594909,0.1779379400443661
2104,0.2584,0,4,0,136829,468781,6486,101470,4.3423339138167405,0.17793918818204615
2105,0.2585,4,35,4,136864,468746,6490,101466,4.342009707658676,0.1779443435073271
2106,0.2586,0,10,0,136874,468736,6490,101466,4.341917077327801,0.17794746423197394
2107,0.2587,4,39,4,136913,468697,6494,101462,4.341555819037386,0.17795386900846957
2108,0.2588,1,23,1,136936,468674,6495,101461,4.3413427692763715,0.1779596060582143
2109,0.2589,0,7,0,136943,468667,6495,101461,4.341277928044759,0.17796179103639884
2110,0.259,6,100,6,137043,468567,6501,101455,4.3403516247360034,0.1779843584984439
2111,0.2591,0,4,0,137047,468563,6501,101455,4.340314572603654,0.17798560747204475
2112,0.2592,9,139,9,137186,468424,6510,101446,4.339027011004483,0.17801603874567884
2113,0.2593,4,53,4,137239,468371,6514,101442,4.338536070250843,0.17802682634478328
2114,0.2594,1,4,1,137243,468367,6515,101441,4.338499018118493,0.17802663353269874
2115,0.2595,5,26,5,137269,468341,6520,101436,4.338258179258216,0.17802754410936208
2116,0.2596,2,4,2,137273,468337,6522,101434,4.338221127125866,0.17802590865452964
2117,0.2597,6,29,6,137302,468308,6528,101428,4.337952499166327,0.1780263139418959
2118,0.2598,2,8,2,137310,468300,6530,101426,4.337878394901627,0.1780259282532305
2119,0.2599,1,7,1,137317,468293,6531,101425,4.3378135536700135,0.178026672845162
2120,0.26,217,3669,217,140986,464624,6748,101208,4.3038274852717775,0.17886581176038116
2121,0.2601,2,1,2,140987,464623,6750,101206,4.30381822223869,0.1788632254621096
2122,0.2602,1,22,1,141009,464601,6751,101205,4.303614435510764,0.1788687288575943
2123,0.2603,1,25,1,141034,464576,6752,101204,4.303382859683575,0.17887518116582418
2124,0.2604,0,12,0,141046,464564,6752,101204,4.303271703286524,0.17887897512761414
2125,0.2605,0,15,0,141061,464549,6752,101204,4.303132757790211,0.17888371780618043
2126,0.2606,1,3,1,141064,464546,6753,101203,4.303104968690948,0.17888321499463544
2127,0.2607,2,75,2,141139,464471,6755,101201,4.302410241209381,0.17890402919006068
2128,0.2608,14,135,14,141274,464336,6769,101187,4.301159731742562,0.17892640971277915
2129,0.2609,0,1,0,141275,464335,6769,101187,4.301150468709475,0.1789267261043779
2130,0.261,4,71,4,141346,464264,6773,101183,4.300492793360258,0.1789433846142963
2131,0.2611,0,6,0,141352,464258,6773,101183,4.3004372151617325,0.1789452834159532
2132,0.2612,3,30,3,141382,464228,6776,101180,4.300159324169106,0.17895042164242458
2133,0.2613,3,28,3,141410,464200,6779,101177,4.299899959242654,0.17895492742011082
2134,0.2614,1,23,1,141433,464177,6780,101176,4.299686909481641,0.17896075549258605
2135,0.2615,3,28,3,141461,464149,6783,101173,4.299427544555189,0.17896526227530504
2136,0.2616,0,3,0,141464,464146,6783,101173,4.2993997554559265,0.1789662119971202
2137,0.2617,28,378,28,141842,463768,6811,101145,4.295898328948831,0.17904526891751474
2138,0.2618,2,14,2,141856,463754,6813,101143,4.295768646485605,0.17904679968206594
2139,0.2619,0,8,0,141864,463746,6813,101143,4.295694542220905,0.1790493353561496
2140,0.262,2,89,2,141953,463657,6815,101141,4.294870132276112,0.17907464261559
2141,0.2621,0,14,0,141967,463643,6815,101141,4.2947404498128865,0.17907908156038416
2142,0.2622,1,7,1,141974,463636,6816,101140,4.294675608581274,0.17907984758559145
2143,0.2623,0,25,0,141999,463611,6816,101140,4.294444032754085,0.1790877749663126
2144,0.2624,0,14,0,142013,463597,6816,101140,4.294314350290859,0.17909221460609098
2145,0.2625,22,339,22,142352,463258,6838,101118,4.291174182074179,0.17916778884998652
2146,0.2626,0,12,0,142364,463246,6838,101118,4.291063025677127,0.1791715984719082
2147,0.2627,1,55,1,142419,463191,6839,101117,4.2905535588573125,0.17918760676793524
2148,0.2628,1,12,1,142431,463179,6840,101116,4.290442402460261,0.1791899626968164
2149,0.2629,0,25,0,142456,463154,6840,101116,4.290210826633072,0.1791979017137186
2150,0.263,6,42,6,142498,463112,6846,101110,4.289821779243395,0.17920251248621996
2151,0.2631,1,7,1,142505,463105,6847,101109,4.289756938011783,0.17920328102457578
2152,0.2632,0,13,0,142518,463092,6847,101109,4.289636518581644,0.17920741012511499
2153,0.2633,49,745,49,143263,462347,6896,101060,4.282735558931416,0.17937299323579578
2154,0.2634,0,5,0,143268,462342,6896,101060,4.2826892437659785,0.17937458510974402
2155,0.2635,2,36,2,143304,462306,6898,101058,4.282355774574826,0.1793831341725776
2156,0.2636,0,17,0,143321,462289,6898,101058,4.282198303012338,0.17938854737843637
2157,0.2637,2,39,2,143360,462250,6900,101056,4.281837044721923,0.17939805363337155
2158,0.2638,0,26,0,143386,462224,6900,101056,4.281596205861647,0.1794063343275103
2159,0.2639,0,3,0,143389,462221,6900,101056,4.281568416762385,0.1794072898414102
2160,0.264,8,148,8,143537,462073,6908,101048,4.2801974878654265,0.17944278405529185
2161,0.2641,0,4,0,143541,462069,6908,101048,4.280160435733077,0.1794440586947295
2162,0.2642,8,124,8,143665,461945,6916,101040,4.279011819630219,0.1794719219872643
2163,0.2643,3,47,3,143712,461898,6919,101037,4.278576457075105,0.17948253350742094
2164,0.2644,0,2,0,143714,461896,6919,101037,4.27855793100893,0.17948317117667645
2165,0.2645,4,19,4,143733,461877,6923,101033,4.278381933380266,0.17948339876712086
2166,0.2646,0,4,0,143737,461873,6923,101033,4.278344881247916,0.1794846741729525
2167,0.2647,1,35,1,143772,461838,6924,101032,4.278020675089851,0.17949437703199672
2168,0.2648,2,23,2,143795,461815,6926,101030,4.277807625328838,0.17949879629382867
2169,0.2649,0,2,0,143797,461813,6926,101030,4.277789099262662,0.1794994341228371
2170,0.265,99,1380,99,145177,460433,7025,100931,4.265006113601838,0.17979599689328135
2171,0.2651,2,5,2,145182,460428,7027,100929,4.2649597984364,0.17979467611519942
2172,0.2652,2,16,2,145198,460412,7029,100927,4.264811589906999,0.17979687853507417
2173,0.2653,3,31,3,145229,460381,7032,100924,4.264524435881285,0.17980242470671026
2174,0.2654,1,12,1,145241,460369,7033,100923,4.264413279484234,0.1798048074798857
2175,0.2655,0,22,0,145263,460347,7033,100923,4.264209492756308,0.17981185525682827
2176,0.2656,2,11,2,145274,460336,7035,100921,4.264107599392345,0.17981245668205476
2177,0.2657,4,50,4,145324,460286,7039,100917,4.263644447737967,0.17982263102656257
2178,0.2658,8,124,8,145448,460162,7047,100909,4.2624958316351105,0.17985067843463662
2179,0.2659,0,10,0,145458,460152,7047,100909,4.2624032013042354,0.17985388398052973
2180,0.266,7,157,7,145615,459995,7054,100902,4.260948905109489,0.17989399123190175
2181,0.2661,0,8,0,145623,459987,7054,100902,4.260874800844789,0.17989655707278981
2182,0.2662,2,26,2,145649,459961,7056,100900,4.260633961984512,0.17990197214639633
2183,0.2663,5,18,5,145667,459943,7061,100895,4.260467227388936,0.17990043470663541
2184,0.2664,0,11,0,145678,459932,7061,100895,4.260365334024973,0.17990396325426558
2185,0.2665,1,33,1,145711,459899,7062,100894,4.260059653933084,0.17991308736022027
2186,0.2666,0,5,0,145716,459894,7062,100894,4.260013338767646,0.17991469146986028
2187,0.2667,63,716,63,146432,459178,7125,100831,4.253381007076957,0.18005246344255182
2188,0.2668,2,13,2,146445,459165,7127,100829,4.253260587646819,0.18005371486123065
2189,0.2669,0,10,0,146455,459155,7127,100829,4.253167957315943,0.18005693019800564
2190,0.267,8,56,8,146511,459099,7135,100821,4.25264922746304,0.18006322331761682
2191,0.2671,1,16,1,146527,459083,7136,100820,4.252501018933639,0.18006690444594867
2192,0.2672,2,22,2,146549,459061,7138,100818,4.252297232205714,0.18007105106639112
2193,0.2673,5,67,5,146616,458994,7143,100813,4.251676608988848,0.18008527939093294
2194,0.2674,0,10,0,146626,458984,7143,100813,4.251583978657972,0.18008849636564683
2195,0.2675,21,366,21,146992,458618,7164,100792,4.248193708547927,0.18017554208898662
2196,0.2676,0,9,0,147001,458609,7164,100792,4.248110341250139,0.1801784408679999
2197,0.2677,6,29,6,147030,458580,7170,100786,4.2478417132906,0.18017898835467297
2198,0.2678,0,18,0,147048,458562,7170,100786,4.247674978695024,0.1801847865729385
2199,0.2679,3,17,3,147065,458545,7173,100783,4.247517507132535,0.18018586589621832
2200,0.268,10,89,10,147154,458456,7183,100773,4.246693097187743,0.18019988233800466
2201,0.2681,0,9,0,147163,458447,7183,100773,4.246609729889955,0.1802027824469797
2202,0.2682,2,35,2,147198,458412,7185,100771,4.246285523731891,0.18021112945136028
2203,0.2683,31,423,31,147621,457989,7216,100740,4.242367260735855,0.18030207846737864
2204,0.2684,0,3,0,147624,457986,7216,100740,4.242339471636592,0.18030304657381258
2205,0.2685,2,34,2,147658,457952,7218,100738,4.242024528511616,0.18031108485922426
2206,0.2686,0,13,0,147671,457939,7218,100738,4.241904109081478,0.18031528056461962
2207,0.2687,4,44,4,147715,457895,7222,100734,4.241496535625625,0.18032361370426525
2208,0.2688,3,21,3,147736,457874,7225,100731,4.241302011930786,0.18032599063739135
2209,0.2689,1,4,1,147740,457870,7226,100730,4.241264959798436,0.18032581453634086
2210,0.269,5,75,5,147815,457795,7231,100725,4.24057023231687,0.18034269139869655
2211,0.2691,0,7,0,147822,457788,7231,100725,4.240505391085257,0.1803449516842043
2212,0.2692,4,110,4,147932,457678,7235,100721,4.239486457445626,0.18037460668804922
2213,0.2693,2,63,2,147995,457615,7237,100719,4.23890288636111,0.18039202341250934
2214,0.2694,0,5,0,148000,457610,7237,100719,4.238856571195672,0.1803936388760032
2215,0.2695,4,34,4,148034,457576,7241,100715,4.238541628070696,0.18039875262184057
2216,0.2696,1,13,1,148047,457563,7242,100714,4.238421208640557,0.18040148528418687
2217,0.2697,1,24,1,148071,457539,7243,100713,4.238198895846456,0.180407772833774
2218,0.2698,3,27,3,148098,457512,7246,100710,4.237948793953092,0.18041209411309478
2219,0.2699,1,7,1,148105,457505,7247,100709,4.2378839527214796,0.1804128882471597
2220,0.27,236,3762,236,151867,453743,7483,100473,4.2030364222461,0.18128852288638364
2221,0.2701,1,2,1,151869,453741,7484,100472,4.203017896179925,0.18128769985547072
2222,0.2702,2,21,2,151890,453720,7486,100470,4.202823372485087,0.18129161478915173
2223,0.2703,2,33,2,151923,453687,7488,100468,4.202517692393197,0.1812994559283955
2224,0.2704,2,7,2,151930,453680,7490,100466,4.202452851161584,0.18129879129326928
2225,0.2705,1,28,1,151958,453652,7491,100465,4.2021934862351324,0.1813064749863296
2226,0.2706,1,5,1,151963,453647,7492,100464,4.202147171069695,0.18130663350844867
2227,0.2707,3,51,3,152014,453596,7495,100461,4.201674756382229,0.18131888957273348
2228,0.2708,15,132,15,152146,453464,7510,100446,4.200452036014672,0.1813399288693109
2229,0.2709,0,2,0,152148,453462,7510,100446,4.200433509948498,0.18134058363482744
2230,0.271,3,92,3,152240,453370,7513,100443,4.199581310904443,0.18136627345331366
2231,0.2711,1,5,1,152245,453365,7514,100442,4.199534995739005,0.18136643271031244
2232,0.2712,0,27,0,152272,453338,7514,100442,4.199284893845641,0.18137527538011486
2233,0.2713,2,33,2,152305,453305,7516,100440,4.198979213753751,0.1813831276128904
2234,0.2714,1,6,1,152311,453299,7517,100439,4.198923635555226,0.1813836146336354
2235,0.2715,3,27,3,152338,453272,7520,100436,4.198673533661863,0.1813880240126565
2236,0.2716,0,8,0,152346,453264,7520,100436,4.198599429397162,0.1813906447534766
2237,0.2717,30,411,30,152757,452853,7550,100406,4.194792322798177,0.18148100618336077
2238,0.2718,1,15,1,152772,452838,7551,100405,4.194653377301864,0.18148444715974715
2239,0.2719,1,0,1,152772,452838,7552,100404,4.194653377301864,0.18148296767056732
2240,0.272,5,95,5,152867,452743,7557,100399,4.1937733891585465,0.18150673787201116
2241,0.2721,0,14,0,152881,452729,7557,100399,4.193643706695321,0.18151133191593988
2242,0.2722,1,30,1,152911,452699,7558,100398,4.193365815702694,0.1815196972682911
2243,0.2723,4,32,4,152943,452667,7562,100394,4.193069398643892,0.18152428032350862
2244,0.2724,0,5,0,152948,452662,7562,100394,4.1930230834784545,0.18152592142567842
2245,0.2725,35,371,35,153319,452291,7597,100359,4.189586498202972,0.18159594680177327
2246,0.2726,4,11,4,153330,452280,7601,100355,4.189484604839008,0.18159363775367104
2247,0.2727,5,53,5,153383,452227,7606,100350,4.188993664085368,0.18160364980808105
2248,0.2728,0,13,0,153396,452214,7606,100350,4.1888732446552295,0.1816079223402176
2249,0.2729,2,20,2,153416,452194,7608,100348,4.1886879839934785,0.18161153360287544
2250,0.273,5,61,5,153477,452133,7613,100343,4.188122938975138,0.18162417914986353
2251,0.2731,0,13,0,153490,452120,7613,100343,4.188002519545,0.18162845294617014
2252,0.2732,1,19,1,153509,452101,7614,100342,4.187826521916336,0.18163321826867207
2253,0.2733,51,748,51,154257,451353,7665,100291,4.180897773166846,0.18180384450841486
2254,0.2734,0,3,0,154260,451350,7665,100291,4.180869984067583,0.1818048332158052
2255,0.2735,1,29,1,154289,451321,7666,100290,4.180601356108044,0.1818129080094487
2256,0.2736,0,5,0,154294,451316,7666,100290,4.180555040942607,0.18181455604181246
2257,0.2737,4,35,4,154329,451281,7670,100286,4.180230834784542,0.18182015965422152
2258,0.2738,2,33,2,154362,451248,7672,100284,4.179925154692652,0.18182807162594372
2259,0.2739,0,3,0,154365,451245,7672,100284,4.17989736559339,0.18182906066589427
2260,0.274,9,126,9,154491,451119,7681,100275,4.178730223424358,0.18185725633575991
2261,0.2741,0,6,0,154497,451113,7681,100275,4.178674645225833,0.1818592352390694
2262,0.2742,11,130,11,154627,450983,7692,100264,4.177470450924451,0.181885797110914
2263,0.2743,1,55,1,154682,450928,7693,100263,4.176960984104635,0.18190246212293015
2264,0.2744,0,8,0,154690,450920,7693,100263,4.176886879839935,0.1819051022981478
2265,0.2745,1,15,1,154705,450905,7694,100262,4.176747934343622,0.18190856854637524
2266,0.2746,0,8,0,154713,450897,7694,100262,4.176673830078921,0.1819112089251922
2267,0.2747,1,39,1,154752,450858,7695,100261,4.176312571788507,0.18192259747894737
2268,0.2748,0,22,0,154774,450836,7695,100261,4.17610878506058,0.1819298598976224
2269,0.2749,0,8,0,154782,450828,7695,100261,4.17603468079588,0.18193250092090388
2270,0.275,91,1378,91,156160,449450,7786,100170,4.1632702212012305,0.18225319311524327
2271,0.2751,0,4,0,156164,449446,7786,100170,4.16323316906888,0.18225451951908242
2272,0.2752,4,15,4,156179,449431,7790,100166,4.163094223572567,0.18225354214087777
2273,0.2753,3,41,3,156220,449390,7793,100163,4.162714439215977,0.18226267530156326
2274,0.2754,2,4,2,156224,449386,7795,100161,4.162677387083627,0.1822610258995136
2275,0.2755,1,29,1,156253,449357,7796,100160,4.162408759124087,0.18226915636822882
2276,0.2756,0,10,0,156263,449347,7796,100160,4.162316128793212,0.18227247332609048
2277,0.2757,6,38,6,156301,449309,7802,100154,4.161964133535885,0.18227614962244956
2278,0.2758,11,122,11,156423,449187,7813,100143,4.160834043499204,0.18230025667631478
2279,0.2759,0,4,0,156427,449183,7813,100143,4.160796991366853,0.18230158412308903
2280,0.276,10,152,10,156579,449031,7823,100133,4.159389010337545,0.18233715247175708
2281,0.2761,0,3,0,156582,449028,7823,100133,4.1593612212382824,0.18233814855752684
2282,0.2762,2,34,2,156616,448994,7825,100131,4.159046278113306,0.18234646027771453
2283,0.2763,2,24,2,156640,448970,7827,100129,4.158823965319204,0.18235145210608653
2284,0.2764,1,6,1,156646,448964,7828,100128,4.158768387120679,0.1823519555921412
2285,0.2765,3,27,3,156673,448937,7831,100125,4.158518285227315,0.18235645519085275
2286,0.2766,1,8,1,156681,448929,7832,100124,4.158444180962614,0.18235762303457043
2287,0.2767,49,740,49,157421,448189,7881,100075,4.151589536477824,0.18253067865116077
2288,0.2768,0,20,0,157441,448169,7881,100075,4.151404275816073,0.18253733738992128
2289,0.2769,0,3,0,157444,448166,7881,100075,4.151376486716811,0.18253833624263782
2290,0.277,6,63,6,157507,448103,7887,100069,4.1507929156322945,0.18255036740293193
2291,0.2771,1,19,1,157526,448084,7888,100068,4.150616918003631,0.1825552036661364
2292,0.2772,0,23,0,157549,448061,7888,100068,4.150403868242617,0.18256286385139264
2293,0.2773,2,59,2,157608,448002,7890,100066,4.149857349290452,0.18257953392644707
2294,0.2774,1,4,1,157612,447998,7891,100065,4.149820297158102,0.18257937499885962
2295,0.2775,29,360,29,157972,447638,7920,100036,4.146485605246582,0.18265610563948625
2296,0.2776,0,9,0,157981,447629,7920,100036,4.146402237948794,0.18265910730099605
2297,0.2777,5,28,5,158009,447601,7925,100031,4.146142873022343,0.18266098401846495
2298,0.2778,0,25,0,158034,447576,7925,100031,4.145911297195154,0.18266932307293368
2299,0.2779,0,14,0,158048,447562,7925,100031,4.145781614731928,0.182673993276028
2300,0.278,6,114,6,158162,447448,7931,100025,4.144725628959947,0.18270307394154597
2301,0.2781,1,3,1,158165,447445,7932,100024,4.144697839860684,0.18270258224666602
2302,0.2782,2,35,2,158200,447410,7934,100022,4.14437363370262,0.18271127738239634
2303,0.2783,47,415,47,158615,446995,7981,99975,4.140529474971284,0.18277967713037277
2304,0.2784,0,9,0,158624,446986,7981,99975,4.140446107673497,0.18278268468867068
2305,0.2785,5,24,5,158648,446962,7986,99970,4.140223794879395,0.1827832344788749
2306,0.2786,1,8,1,158656,446954,7987,99969,4.140149690614695,0.1827844138937291
2307,0.2787,5,42,5,158698,446912,7992,99964,4.139760643225018,0.1827909800393508
2308,0.2788,1,11,1,158709,446901,7993,99963,4.139658749861055,0.18279316246818222
2309,0.2789,0,5,0,158714,446896,7993,99963,4.139612434695617,0.18279483376885083
2310,0.279,2,64,2,158778,446832,7995,99961,4.139019600578013,0.18281324011097436
2311,0.2792,12,117,12,158895,446715,8007,99949,4.137935825706769,0.18283442846062664
2312,0.2793,5,78,5,158973,446637,8012,99944,4.13721330912594,0.18285304465394883
2313,0.2794,0,5,0,158978,446632,8012,99944,4.137166993960502,0.18285471736775855
2314,0.2795,1,34,1,159012,446598,8013,99943,4.136852050835525,0.18286459753248155
2315,0.2796,1,9,1,159021,446589,8014,99942,4.1367686835377375,0.18286611372456457
2316,0.2797,0,22,0,159043,446567,8014,99942,4.136564896809811,0.1828734750937313
2317,0.2798,1,20,1,159063,446547,8015,99941,4.13637963614806,0.18287867254175755
2318,0.2799,0,8,0,159071,446539,8015,99941,4.13630553188336,0.18288134972917583
2319,0.28,252,3827,252,162898,442712,8267,99689,4.10085590425729,0.18379206528011563
2320,0.2802,3,16,3,162914,442696,8270,99686,4.100707695727889,0.18379297248065016
2321,0.2803,2,22,2,162936,442674,8272,99684,4.100503908999963,0.18379741794165477
2322,0.2804,0,8,0,162944,442666,8272,99684,4.1004298047352625,0.18380012906794505
2323,0.2805,2,25,2,162969,442641,8274,99682,4.100198228908074,0.18380559187052734
2324,0.2806,0,1,0,162970,442640,8274,99682,4.100188965874986,0.1838059307938826
2325,0.2807,3,54,3,163024,442586,8277,99679,4.099688762088258,0.1838197191410104
2326,0.2808,13,138,13,163162,442448,8290,99666,4.098410463522176,0.18384693994252133
2327,0.2809,0,1,0,163163,442447,8290,99666,4.098401200489088,0.18384727907281323
2328,0.281,2,84,2,163247,442363,8292,99664,4.097623105709734,0.18387275910609618
2329,0.2811,0,10,0,163257,442353,8292,99664,4.097530475378858,0.18387615148602351
2330,0.2812,1,18,1,163275,442335,8293,99663,4.097363740783282,0.18388075232749937
2331,0.2813,5,36,5,163311,442299,8298,99658,4.09703027159213,0.18388543740555063
2332,0.2814,0,10,0,163321,442289,8298,99658,4.096937641261254,0.18388883045759088
2333,0.2815,3,39,3,163360,442250,8301,99655,4.09657638297084,0.18389754661794963
2334,0.2816,0,2,0,163362,442248,8301,99655,4.096557856904665,0.18389822532814915
2335,0.2817,38,428,38,163790,441820,8339,99617,4.092593278743192,0.18398631789109351
2336,0.2818,2,26,2,163816,441794,8341,99615,4.092352439882915,0.18399213902982772
2337,0.2819,1,10,1,163826,441784,8342,99614,4.09225980955204,0.18399403026978303
2338,0.282,5,97,5,163923,441687,8347,99609,4.091361295342547,0.18401946439655936
2339,0.2821,0,11,0,163934,441676,8347,99609,4.091259401978584,0.18402320404223282
2340,0.2822,0,7,0,163941,441669,8347,99609,4.091194560746971,0.18402558389589083
2341,0.2823,2,30,2,163971,441639,8349,99607,4.090916669754344,0.18403276883339553
2342,0.2824,0,11,0,163982,441628,8349,99607,4.090814776390381,0.18403650909494026
2343,0.2825,21,389,21,164371,441239,8370,99586,4.087211456519323,0.18413719779965793
2344,0.2826,0,6,0,164377,441233,8370,99586,4.0871558783207975,0.18413924067016876
2345,0.2827,4,56,4,164433,441177,8374,99582,4.0866371484678945,0.18415227485811608
2346,0.2828,4,7,4,164440,441170,8378,99578,4.086572307236281,0.1841486237582016
2347,0.2829,2,23,2,164463,441147,8380,99576,4.086359257475268,0.1841534390066633
2348,0.283,2,51,2,164514,441096,8382,99574,4.085886842787803,0.1841677918138606
2349,0.2831,0,8,0,164522,441088,8382,99574,4.085812738523102,0.18417051688485597
2350,0.2832,2,19,2,164541,441069,8384,99572,4.085636740894438,0.18417397126743995
2351,0.2833,59,782,59,165323,440287,8443,99513,4.078393049019971,0.18435161170804001
2352,0.2834,0,2,0,165325,440285,8443,99513,4.078374522953796,0.18435229474729437
2353,0.2835,3,27,3,165352,440258,8446,99510,4.078124421060432,0.18435698300010375
2354,0.2836,1,7,1,165359,440251,8447,99509,4.078059579828819,0.18435786275381652
2355,0.2837,3,26,3,165385,440225,8450,99506,4.077818740968543,0.18436221006390222
2356,0.2838,3,20,3,165405,440205,8453,99503,4.077633480306791,0.18436450821555359
2357,0.2839,0,11,0,165416,440194,8453,99503,4.077531586942828,0.1843682658973461
2358,0.284,3,155,3,165571,440039,8456,99500,4.076095816814258,0.18441669647606568
2359,0.2841,0,4,0,165575,440035,8456,99500,4.076058764681908,0.1844180637030035
2360,0.2842,17,152,17,165727,439883,8473,99483,4.074650783652599,0.18444432908266373
2361,0.2843,6,65,6,165792,439818,8479,99477,4.074048686501908,0.18445748616248991
2362,0.2844,0,6,0,165798,439812,8479,99477,4.073993108303383,0.1844595383922164
2363,0.2845,6,19,6,165817,439793,8485,99471,4.073817110674719,0.18445696356515548
2364,0.2846,0,6,0,165823,439787,8485,99471,4.073761532476194,0.18445901590704264
2365,0.2847,2,36,2,165859,439751,8487,99469,4.073428063285042,0.18446830607173326
2366,0.2848,1,18,1,165877,439733,8488,99468,4.073261328689466,0.18447295164511934
2367,0.2849,0,1,0,165878,439732,8488,99468,4.073252065656378,0.184473293768546
2368,0.285,108,1390,108,167268,438342,8596,99360,4.060376449664679,0.18478636865773235
2369,0.2851,0,5,0,167273,438337,8596,99360,4.060330134499241,0.18478808697091484
2370,0.2852,1,17,1,167290,438320,8597,99359,4.060172662936752,0.18479241331723947
2371,0.2853,4,38,4,167328,438282,8601,99355,4.059820667679425,0.18479940926684735
2372,0.2854,0,9,0,167337,438273,8601,99355,4.059737300381637,0.1848025028458339
2373,0.2855,0,27,0,167364,438246,8601,99355,4.059487198488273,0.18481178420427044
2374,0.2856,2,7,2,167371,438239,8603,99353,4.05942235725666,0.18481115790413546
2375,0.2857,5,52,5,167423,438187,8608,99348,4.058940679536107,0.1848214534867497
2376,0.2858,11,148,11,167571,438039,8619,99337,4.057569750639149,0.184855669028762
2377,0.2859,0,4,0,167575,438035,8619,99337,4.057532698506799,0.18485704502653655
2378,0.286,9,144,9,167719,437891,8628,99328,4.056198821742191,0.18489293937854023
2379,0.2861,1,8,1,167727,437883,8629,99327,4.056124717477491,0.1848941754621098
2380,0.2862,2,28,2,167755,437855,8631,99325,4.05586535255104,0.18490077813768196
2381,0.2863,3,48,3,167803,437807,8634,99322,4.055420726962836,0.1849127490788991
2382,0.2864,1,7,1,167810,437800,8635,99321,4.055355885731224,0.1849136414327498
2383,0.2865,1,36,1,167846,437764,8636,99320,4.055022416540072,0.18492451832488027
2384,0.2866,0,2,0,167848,437762,8636,99320,4.0550038904738965,0.18492520695163867
2385,0.2867,49,798,49,168646,436964,8685,99271,4.0476119900700285,0.1851259242682779
2386,0.2868,1,21,1,168667,436943,8686,99270,4.04741746637519,0.18513165477151802
2387,0.2869,3,4,3,168671,436939,8689,99267,4.04738041424284,0.1851284767421476
2388,0.287,6,64,6,168735,436875,8695,99261,4.046787580125236,0.1851414566453288
2389,0.2871,2,25,2,168760,436850,8697,99259,4.046556004298047,0.1851470503199909
2390,0.2872,1,15,1,168775,436835,8698,99258,4.046417058801734,0.18515071079085157
2391,0.2873,5,43,5,168818,436792,8703,99253,4.04601874837897,0.1851579624844929
2392,0.2874,0,2,0,168820,436790,8703,99253,4.046000222312794,0.18515865331699136
2393,0.2875,28,345,28,169165,436445,8731,99225,4.042804475897588,0.18523531278585698
2394,0.2876,0,16,0,169181,436429,8731,99225,4.042656267368187,0.18524084576984395
2395,0.2877,3,40,3,169221,436389,8734,99222,4.042285746044685,0.18525011622240767
2396,0.2878,1,19,1,169240,436370,8735,99221,4.0421097484160216,0.1852551667223684
2397,0.2879,1,10,1,169250,436360,8736,99220,4.042017118085146,0.18525710444751484
2398,0.288,6,106,6,169356,436254,8742,99214,4.041035236577865,0.18528464819559712
2399,0.2881,2,13,2,169369,436241,8744,99212,4.040914817147727,0.18528610354223432
2400,0.2882,3,21,3,169390,436220,8747,99209,4.040720293452888,0.18528880579871468
2401,0.2883,27,433,27,169823,435787,8774,99182,4.036709400125977,0.18539765855591633
2402,0.2884,0,3,0,169826,435784,8774,99182,4.036681611026714,0.18539869823502803
2403,0.2885,0,25,0,169851,435759,8774,99182,4.036450035199525,0.1854073626811181
2404,0.2886,0,15,0,169866,435744,8774,99182,4.036311089703212,0.18541256173751136
2405,0.2887,3,46,3,169912,435698,8777,99179,4.035884990181185,0.18542393858775008
2406,0.2888,2,17,2,169929,435681,8779,99177,4.035727518618697,0.18542678617502215
2407,0.2889,0,7,0,169936,435674,8779,99177,4.035662677387084,0.18542921299576892
2408,0.289,12,104,12,170040,435570,8791,99165,4.034699321945978,0.18544699711071838
2409,0.2891,0,4,0,170044,435566,8791,99165,4.034662269813627,0.1854483843278209
2410,0.2892,12,136,12,170180,435430,8803,99153,4.033402497313721,0.18547727855169358
2411,0.2893,8,57,8,170237,435373,8811,99145,4.032874504427729,0.1854848667397543
2412,0.2894,0,6,0,170243,435367,8811,99145,4.032818926229204,0.18548694884305683
2413,0.2895,3,24,3,170267,435343,8814,99142,4.0325966134351034,0.18549070600671674
2414,0.2896,0,4,0,170271,435339,8814,99142,4.032559561302753,0.18549209419979382
2415,0.2897,5,23,5,170294,435316,8819,99137,4.032346511541739,0.185492456773561
2416,0.2898,2,26,2,170320,435290,8821,99135,4.032105672681463,0.1854984328951677
2417,0.2899,1,7,1,170327,435283,8822,99134,4.03204083144985,0.18549933853152126
2418,0.29,252,3746,252,174073,431537,9074,98882,3.997341509503872,0.1864224320772823
2419,0.2901,0,4,0,174077,431533,9074,98882,3.9973044573715217,0.18642383793821818
2420,0.2902,0,14,0,174091,431519,9074,98882,3.997174774908296,0.1864287586184792
2421,0.2903,3,35,3,174126,431484,9077,98879,3.9968505687502316,0.18643645955694496
2422,0.2904,1,9,1,174135,431475,9078,98878,3.996767201452444,0.18643808934803802
2423,0.2905,5,25,5,174160,431450,9083,98873,3.996535625625255,0.18643920780354614
2424,0.2906,0,5,0,174165,431445,9083,98873,3.996489310459817,0.18644096560931367
2425,0.2907,4,54,4,174219,431391,9087,98869,3.995989106673089,0.1864538151095689
2426,0.2908,13,132,13,174351,431259,9100,98856,3.994766386305532,0.18648029201211058
2427,0.2909,0,5,0,174356,431254,9100,98856,3.9947200711400943,0.18648205089509726
2428,0.291,4,98,4,174454,431156,9104,98852,3.993812293897514,0.18651039229596533
2429,0.2911,3,2,3,174456,431154,9107,98849,3.9937937678313387,0.18650649147268977
2430,0.2912,1,18,1,174474,431136,9108,98848,3.9936270332357626,0.1865112909068953
2431,0.2913,4,33,4,174507,431103,9112,98844,3.9933213531438736,0.18651676488403557
2432,0.2914,0,6,0,174513,431097,9112,98844,3.993265774945348,0.18651887662966254
2433,0.2915,2,43,2,174556,431054,9114,98842,3.9928674645225835,0.18653094192067876
2434,0.2916,0,4,0,174560,431050,9114,98842,3.992830412390233,0.1865323499882995
2435,0.2917,38,426,38,174986,430624,9152,98804,3.988884360294935,0.18662405464010215
2436,0.2918,1,22,1,175008,430602,9153,98803,3.988680573567009,0.18663027360905168
2437,0.2919,2,9,2,175017,430593,9155,98801,3.9885972062692208,0.1866303735969807
2438,0.292,10,85,10,175102,430508,9165,98791,3.9878098484567785,0.18664497760245155
2439,0.2921,2,13,2,175115,430495,9167,98789,3.9876894290266405,0.18664648846366033
2440,0.2922,4,14,4,175129,430481,9171,98785,3.9875597465634147,0.18664527855558452
2441,0.2923,3,43,3,175172,430438,9174,98782,3.9871614361406498,0.1866558331128831
2442,0.2924,3,2,3,175174,430436,9177,98779,3.987142910074475,0.1866519278554085
2443,0.2925,27,375,27,175549,430061,9204,98752,3.983669272666642,0.1867427616189466
2444,0.2926,1,3,1,175552,430058,9205,98751,3.9836414835673795,0.1867422831305821
2445,0.2927,4,55,4,175607,430003,9209,98747,3.9831320167475637,0.18675555555555556
2446,0.2928,1,14,1,175621,429989,9210,98746,3.983002334284338,0.1867589624291942
2447,0.2929,2,17,2,175638,429972,9212,98744,3.9828448627218496,0.18676189107195545
2448,0.293,5,62,5,175700,429910,9217,98739,3.9822705546704213,0.18677610285841834
2449,0.2931,0,10,0,175710,429900,9217,98739,3.982177924339546,0.18677963600869402
2450,0.2932,2,17,2,175727,429883,9219,98737,3.9820204527770575,0.18678256592637432
2451,0.2933,62,757,62,176484,429126,9281,98675,3.9750083367297786,0.1869549318777342
2452,0.2934,1,5,1,176489,429121,9282,98674,3.974962021564341,0.18695516251574948
2453,0.2935,2,41,2,176530,429080,9284,98672,3.9745822372077515,0.18696660552683836
2454,0.2936,0,7,0,176537,429073,9284,98672,3.9745173959761386,0.1869690854484647
2455,0.2937,3,38,3,176575,429035,9287,98669,3.974165400718811,0.18697792701969285
2456,0.2938,6,28,6,176603,429007,9293,98663,3.9739060357923597,0.18697860405177477
2457,0.2939,0,11,0,176614,428996,9293,98663,3.973804142428397,0.18698250195675617
2458,0.294,8,154,8,176768,428842,9301,98655,3.972377635332913,0.1870247603303905
2459,0.2941,0,2,0,176770,428840,9301,98655,3.9723591092667383,0.18702546943572926
2460,0.2942,8,134,8,176904,428706,9309,98647,3.971117862833006,0.18706065955820864
2461,0.2943,2,63,2,176967,428643,9311,98645,3.97053429174849,0.18707992596076528
2462,0.2944,2,8,2,176975,428635,9313,98643,3.9704601874837895,0.18707968092732866
2463,0.2945,0,25,0,177000,428610,9313,98643,3.970228611656601,0.18708855141649264
2464,0.2946,1,11,1,177011,428599,9314,98642,3.970126718292638,0.1870909128842408
2465,0.2947,2,43,2,177054,428556,9316,98640,3.969728407869873,0.1871030887943004
2466,0.2948,2,26,2,177080,428530,9318,98638,3.9694875690095963,0.187109232730363
2467,0.2949,0,9,0,177089,428521,9318,98638,3.9694042017118085,0.18711242718041426
2468,0.295,108,1475,108,178564,427046,9426,98530,3.9557412279076662,0.1874705085468134
2469,0.2951,2,8,2,178572,427038,9428,98528,3.9556671236429657,0.1874702701468512
2470,0.2952,2,22,2,178594,427016,9430,98526,3.9554633369150394,0.18747502578290604
2471,0.2953,5,41,5,178635,426975,9435,98521,3.95508355255845,0.18748192184146026
2472,0.2954,0,8,0,178643,426967,9435,98521,3.9550094482937492,0.18748477605578054
2473,0.2955,2,39,2,178682,426928,9437,98519,3.9546481900033346,0.18749559898524495
2474,0.2956,2,9,2,178691,426919,9439,98517,3.9545648227055468,0.1874957178419446
2475,0.2957,6,50,6,178741,426869,9445,98511,3.954101671051169,0.18750428261448857
2476,0.2958,14,129,14,178870,426740,9459,98497,3.9529067397828745,0.18752867753033392
2477,0.2959,0,5,0,178875,426735,9459,98497,3.9528604246174366,0.18753046272885124
2478,0.296,11,146,11,179021,426589,9470,98486,3.951508021786654,0.18756558586868544
2479,0.2961,1,11,1,179032,426578,9471,98485,3.9514061284226907,0.18756796803431208
2480,0.2962,4,41,4,179073,426537,9475,98481,3.951026344066101,0.18757642595111024
2481,0.2963,5,36,5,179109,426501,9480,98476,3.950692874874949,0.1875815511917665
2482,0.2964,2,12,2,179121,426489,9482,98474,3.950581718477898,0.18758274392671484
2483,0.2965,4,41,4,179162,426448,9486,98470,3.9502019341213086,0.18759120472149937
2484,0.2966,0,9,0,179171,426439,9486,98470,3.950118566823521,0.18759442112823366
2485,0.2967,65,825,65,179996,425614,9551,98405,3.9424765645262885,0.18778899238386396
2486,0.2968,3,19,3,180015,425595,9554,98402,3.9423005668976248,0.18779115147605807
2487,0.2969,0,7,0,180022,425588,9554,98402,3.942235725666012,0.18779366018435467
2488,0.297,5,54,5,180076,425534,9559,98397,3.941735521879284,0.18780526443367543
2489,0.2971,2,21,2,180097,425513,9561,98395,3.9415409981844456,0.18780969177794574
2490,0.2972,1,16,1,180113,425497,9562,98394,3.9413927896550445,0.18781387731417412
2491,0.2973,4,54,4,180167,425443,9566,98390,3.940892585868317,0.18782703647918325
2492,0.2974,0,15,0,180182,425428,9566,98390,3.9407536403720034,0.18783241507546514
2493,0.2975,29,374,29,180556,425054,9595,98361,3.9372892659972583,0.1879216300640983
2494,0.2976,0,9,0,180565,425045,9595,98361,3.93720589869947,0.18792486138867343
2495,0.2977,3,52,3,180617,424993,9598,98358,3.9367242209789173,0.1879388784964584
2496,0.2978,2,19,2,180636,424974,9600,98356,3.936548223350254,0.18794259836049912
2497,0.2979,2,8,2,180644,424966,9602,98354,3.9364741190855534,0.18794236795841932
2498,0.298,7,90,7,180734,424876,9609,98347,3.9356404461076737,0.18796383186518942
2499,0.2981,1,5,1,180739,424871,9610,98346,3.9355941309422358,0.1879640760907998
2500,0.2982,4,26,4,180765,424845,9614,98342,3.935353292081959,0.18796720866535294
2501,0.2983,30,417,30,181182,424428,9644,98312,3.931490607284449,0.18807055132570685
2502,0.2984,2,4,2,181186,424424,9646,98310,3.931453555152099,0.1880688839830583
2503,0.2985,1,32,1,181218,424392,9647,98309,3.9311571380932975,0.1880788443106097
2504,0.2986,4,8,4,181226,424384,9651,98305,3.931083033828597,0.1880755095286107
2505,0.2987,2,30,2,181256,424354,9653,98303,3.93080514283597,0.18808319796730935
2506,0.2988,0,26,0,181282,424328,9653,98303,3.930564303975694,0.18809255478530743
2507,0.2989,1,1,1,181283,424327,9654,98302,3.930555040942606,0.18809136117590106
2508,0.299,9,81,9,181364,424246,9663,98293,3.9298047352625143,0.1881065336749984
2509,0.2991,0,4,0,181368,424242,9663,98293,3.929767683130164,0.18810797362856077
2510,0.2992,8,137,8,181505,424105,9671,98285,3.928498647597169,0.1881448726047589
2511,0.2993,5,60,5,181565,424045,9676,98280,3.9279428656119157,0.1881587134446944
2512,0.2994,1,3,1,181568,424042,9677,98279,3.927915076512653,0.18815823985633356
2513,0.2995,6,16,6,181584,424026,9683,98273,3.9277668679832525,0.18815467768462127
2514,0.2996,0,9,0,181593,424017,9683,98273,3.9276835006854642,0.18815791992954106
2515,0.2997,1,28,1,181621,423989,9684,98272,3.9274241357590127,0.1881664531718815
2516,0.2998,1,28,1,181649,423961,9685,98271,3.927164770832561,0.18817498736193874
2517,0.2999,1,2,1,181651,423959,9686,98270,3.9271462447663863,0.18817415348439095
2518,0.3,284,3860,284,185511,420099,9970,97986,3.891390937048427,0.18913112713164829
2519,0.3001,0,7,0,185518,420092,9970,97986,3.8913260958168143,0.18913368257289442
2520,0.3002,2,17,2,185535,420075,9972,97984,3.891168624254326,0.18913675855452758
2521,0.3003,2,40,2,185575,420035,9974,97982,3.8907981029308236,0.18914823258696142
2522,0.3004,2,7,2,185582,420028,9976,97980,3.8907332616992107,0.18914765795122856
2523,0.3005,0,33,0,185615,419995,9976,97980,3.8904275816073217,0.189159708480139
2524,0.3006,3,8,3,185623,419987,9979,97977,3.890353477342621,0.18915793375601392
2525,0.3007,6,68,6,185691,419919,9985,97971,3.8897235910926673,0.18917337658576144
2526,0.3008,15,141,15,185832,419778,10000,97956,3.888417503427322,0.18920140458227583
2527,0.3009,0,4,0,185836,419774,10000,97956,3.8883804512949722,0.18920286635891295
2528,0.301,6,86,6,185922,419688,10006,97950,3.8875838304494423,0.18922490234488196
2529,0.3011,1,10,1,185932,419678,10007,97949,3.887491200118567,0.189226991636835
2530,0.3012,2,21,2,185953,419657,10009,97947,3.8872966764237282,0.18923153607777374
2531,0.3013,4,36,4,185989,419621,10013,97943,3.886963207232576,0.1892384323484632
2532,0.3014,1,13,1,186002,419608,10014,97942,3.886842787802438,0.18924161916723023
2533,0.3015,2,28,2,186030,419580,10016,97940,3.8865834228759866,0.18924872468696863
2534,0.3016,0,12,0,186042,419568,10016,97940,3.8864722664789357,0.18925311299535466
2535,0.3017,29,433,29,186475,419135,10045,97911,3.882461373152025,0.18936612989946736
2536,0.3018,1,22,1,186497,419113,10046,97910,3.8822575864240987,0.18937261978674064
2537,0.3019,2,8,2,186505,419105,10048,97908,3.882183482159398,0.18937241423329781
2538,0.302,8,111,8,186616,418994,10056,97900,3.8811552854866798,0.18940053473245966
2539,0.3021,2,22,2,186638,418972,10058,97898,3.8809514987587534,0.18940545978679357
2540,0.3022,1,18,1,186656,418954,10059,97897,3.8807847641631774,0.18941048774211522
2541,0.3023,0,42,0,186698,418912,10059,97897,3.8803957167735,0.18942588074124095
2542,0.3024,0,13,0,186711,418899,10059,97897,3.880275297343362,0.18943064574803212
2543,0.3025,35,410,35,187121,418489,10094,97862,3.876477453777465,0.18952611692434024
2544,0.3026,0,3,0,187124,418486,10094,97862,3.8764496646782023,0.1895272180777305
2545,0.3027,5,63,5,187187,418423,10099,97857,3.8758660935936864,0.18954249631982645
2546,0.3028,0,12,0,187199,418411,10099,97857,3.8757549371966356,0.1895469019966374
2547,0.3029,4,26,4,187225,418385,10103,97853,3.8755140983363594,0.18955016872062885
2548,0.303,5,57,5,187282,418328,10108,97848,3.8749861054503687,0.18956324974427327
2549,0.3031,0,7,0,187289,418321,10108,97848,3.874921264218756,0.18956582049677528
2550,0.3032,4,27,4,187316,418294,10112,97844,3.874671162325392,0.18956945623069799
2551,0.3033,64,778,64,188094,417516,10176,97780,3.867464522583275,0.18975501459355398
2552,0.3034,1,7,1,188101,417509,10177,97779,3.8673996813516616,0.18975601993448324
2553,0.3035,3,37,3,188138,417472,10180,97776,3.8670569491274223,0.18976492873334783
2554,0.3036,2,13,2,188151,417459,10182,97774,3.866936529697284,0.18976657162875826
2555,0.3037,5,33,5,188184,417426,10187,97769,3.8666308496053947,0.1897708634594668
2556,0.3038,4,18,4,188202,417408,10191,97765,3.8664641150098187,0.18977120307158954
2557,0.3039,0,1,0,188203,417407,10191,97765,3.8664548519767314,0.18977157143633583
2558,0.304,14,156,14,188359,417251,10205,97751,3.8650098188150728,0.18980702987561213
2559,0.3041,0,1,0,188360,417250,10205,97751,3.865000555781985,0.18980739843223604
2560,0.3042,10,139,10,188499,417111,10215,97741,3.863712994182815,0.18984290631093984
2561,0.3043,3,58,3,188557,417053,10218,97738,3.8631757382637373,0.18985957407957793
2562,0.3044,0,9,0,188566,417044,10218,97738,3.863092370965949,0.18986289341896181
2563,0.3045,2,29,2,188595,417015,10220,97736,3.86282374300641,0.18987044221380822
2564,0.3046,1,4,1,188599,417011,10221,97735,3.86278669087406,0.18987034382005882
2565,0.3047,6,34,6,188633,416977,10227,97729,3.862471747749083,0.18987344231464176
2566,0.3048,2,34,2,188667,416943,10229,97727,3.862156804624106,0.18988283754638896
2567,0.3049,0,6,0,188673,416937,10229,97727,3.862101226425581,0.18988505121788196
2568,0.305,91,1466,91,190139,415471,10320,97636,3.8485216199192265,0.19028389790043793
2569,0.3051,0,5,0,190144,415466,10320,97636,3.8484753047537885,0.1902857521506445
2570,0.3052,2,23,2,190167,415443,10322,97634,3.848262254992775,0.19029112589338443
2571,0.3053,4,40,4,190207,415403,10326,97630,3.8478917336692726,0.19029964934029586
2572,0.3054,1,5,1,190212,415398,10327,97629,3.847845418503835,0.19029992573490284
2573,0.3055,2,25,2,190237,415373,10329,97627,3.847613842676646,0.19030604288499026
2574,0.3056,0,7,0,190244,415366,10329,97627,3.8475490014450333,0.1903086396890406
2575,0.3057,4,59,4,190303,415307,10333,97623,3.8470024824928672,0.19032421577993097
2576,0.3058,14,149,14,190452,415158,10347,97609,3.845622290562822,0.19035741379612964
2577,0.3059,1,0,1,190452,415158,10348,97608,3.845622290562822,0.19035583482524193
2578,0.306,12,171,12,190623,414987,10360,97596,3.8440383119048502,0.1904003839378208
2579,0.3061,1,6,1,190629,414981,10361,97595,3.8439827337063246,0.1904010332126358
2580,0.3062,1,13,1,190642,414968,10362,97594,3.8438623142761865,0.19040428279895896
2581,0.3063,1,31,1,190673,414937,10363,97593,3.8435751602504724,0.1904142196554348
2582,0.3064,2,10,2,190683,414927,10365,97591,3.843482529919597,0.19041477567617138
2583,0.3065,3,37,3,190720,414890,10368,97588,3.843139797695357,0.1904237840453639
2584,0.3066,1,7,1,190727,414883,10369,97587,3.8430749564637443,0.19042480535445977
2585,0.3067,69,787,69,191514,414096,10438,97518,3.8357849494238394,0.1906085447231702
2586,0.3068,3,40,3,191554,414056,10441,97515,3.835414428100337,0.1906187019983541
2587,0.3069,2,7,2,191561,414049,10443,97513,3.835349586868724,0.19061814599207916
2588,0.307,8,62,8,191623,413987,10451,97505,3.834775278817296,0.1906285924315532
2589,0.3071,1,18,1,191641,413969,10452,97504,3.83460854422172,0.1906337186909182
2590,0.3072,1,10,1,191651,413959,10453,97503,3.8345159138908445,0.19063586346590752
2591,0.3073,3,71,3,191722,413888,10456,97500,3.833858238541628,0.19065758289205065
2592,0.3074,1,10,1,191732,413878,10457,97499,3.8337656082107525,0.19065972853687202
2593,0.3075,27,396,27,192128,413482,10484,97472,3.830097447108081,0.19076472637458558
2594,0.3076,2,5,2,192133,413477,10486,97470,3.830051131942643,0.19076342556077244
2595,0.3077,5,33,5,192166,413444,10491,97465,3.829745451850754,0.19076782753875934
2596,0.3078,1,10,1,192176,413434,10492,97464,3.8296528215198786,0.19076997756890807
2597,0.3079,1,12,1,192188,413422,10493,97463,3.829541665122828,0.1907728745216634
2598,0.308,12,109,12,192297,413313,10505,97451,3.8285319945162843,0.19079457440226796
2599,0.3081,2,8,2,192305,413305,10507,97449,3.828457890251584,0.1907943941701876
2600,0.3082,0,30,0,192335,413275,10507,97449,3.8281799992589574,0.1908056014598883
2601,0.3083,34,444,34,192779,412831,10541,97415,3.8240672125680835,0.19091771420060127
2602,0.3084,1,1,1,192780,412830,10542,97414,3.824057949534996,0.1909165026928293
2603,0.3085,6,35,6,192815,412795,10548,97408,3.8237337433769314,0.19092008475057967
2604,0.3086,1,8,1,192823,412787,10549,97407,3.823659639112231,0.19092149260869395
2605,0.3087,0,39,0,192862,412748,10549,97407,3.823298380821816,0.19093608805167056
2606,0.3088,2,14,2,192876,412734,10551,97405,3.8231686983585904,0.19093815607118844
2607,0.3089,1,6,1,192882,412728,10552,97404,3.823113120160065,0.1909388158359013
2608,0.309,4,95,4,192977,412633,10556,97400,3.8222331320167475,0.19096803540163088
2609,0.3091,0,3,0,192980,412630,10556,97400,3.822205342917485,0.19096915867694056
2610,0.3092,14,130,14,193110,412500,10570,97386,3.821001148616103,0.1909956343182594
2611,0.3093,8,64,8,193174,412436,10578,97378,3.8204083144984993,0.1910069162478865
2612,0.3094,0,4,0,193178,412432,10578,97378,3.820371262366149,0.1910084148996685
2613,0.3095,4,20,4,193198,412412,10582,97374,3.820186001704398,0.19100956087456306
2614,0.3096,1,11,1,193209,412401,10583,97373,3.820084108340435,0.19101209555606993
2615,0.3097,2,35,2,193244,412366,10585,97371,3.8197599021823705,0.1910220368542994
2616,0.3098,3,19,3,193263,412347,10588,97368,3.819583904553707,0.19102439598599216
2617,0.3099,0,7,0,193270,412340,10588,97368,3.8195190633220943,0.19102701939149475
2618,0.31,254,3780,254,197050,408560,10842,97114,3.7845047982511395,0.19204863212267193
2619,0.3101,0,7,0,197057,408553,10842,97114,3.7844399570195266,0.1920512906715289
2620,0.3102,3,30,3,197087,408523,10845,97111,3.7841620660268998,0.1920578916765882
2621,0.3103,4,19,4,197106,408504,10849,97107,3.7839860683982365,0.19205871707696232
2622,0.3104,2,9,2,197115,408495,10851,97105,3.7839027011004482,0.1920589398734177
2623,0.3105,4,22,4,197137,408473,10855,97101,3.783698914372522,0.19206090503071757
2624,0.3106,0,8,0,197145,408465,10855,97101,3.783624810107822,0.19206394417346104
2625,0.3107,9,65,9,197210,408400,10864,97092,3.7830227129571306,0.1920742563680533
2626,0.3108,15,147,15,197357,408253,10879,97077,3.78166104709326,0.19210614845744364
2627,0.3109,0,2,0,197359,408251,10879,97077,3.781642521027085,0.1921069087800399
2628,0.311,10,98,10,197457,408153,10889,97067,3.780734743784505,0.1921281817821939
2629,0.3111,0,12,0,197469,408141,10889,97067,3.780623587387454,0.19213274532469796
2630,0.3112,1,19,1,197488,408122,10890,97066,3.780447589758791,0.19213837224953878
2631,0.3113,5,60,5,197548,408062,10895,97061,3.7798918077735375,0.19215319832991173
2632,0.3114,1,10,1,197558,408052,10896,97060,3.779799177442662,0.19215540315811147
2633,0.3115,1,47,1,197605,408005,10897,97059,3.779363814887547,0.1921716851725722
2634,0.3116,0,2,0,197607,408003,10897,97059,3.779345288821372,0.19217244615512552
2635,0.3117,34,420,34,198027,407583,10931,97025,3.775454814924599,0.19227796626292093
2636,0.3118,1,24,1,198051,407559,10932,97024,3.7752325021304975,0.19228551100611793
2637,0.3119,0,6,0,198057,407553,10932,97024,3.7751769239319724,0.19228779750166972
2638,0.312,16,96,16,198153,407457,10948,97008,3.774287672755567,0.19229877196634057
2639,0.3121,0,18,0,198171,407439,10948,97008,3.774120938159991,0.19230563369392623
2640,0.3122,0,10,0,198181,407429,10948,97008,3.7740283078291155,0.19230944597640537
2641,0.3123,5,41,5,198222,407388,10953,97003,3.773648523472526,0.19231707147827776
2642,0.3124,2,8,2,198230,407380,10955,97001,3.7735744192078253,0.1923169191543694
2643,0.3125,33,408,33,198638,406972,10988,96968,3.7697951017081035,0.19241973250783823
2644,0.3126,0,6,0,198644,406966,10988,96968,3.769739523509578,0.19242202351895288
2645,0.3127,9,37,9,198681,406929,10997,96959,3.7693967912853386,0.19242172863811005
2646,0.3128,3,22,3,198703,406907,11000,96956,3.7691930045574122,0.19242532196251758
2647,0.3129,4,21,4,198724,406886,11004,96952,3.7689984808625736,0.19242693087857604
2648,0.313,4,69,4,198793,406817,11008,96948,3.7683593315795325,0.19244687503101646
2649,0.3131,0,8,0,198801,406809,11008,96948,3.768285227314832,0.19244993121683668
2650,0.3132,3,30,3,198831,406779,11011,96945,3.7680073363222055,0.19245658336708196
2651,0.3133,68,787,68,199618,405992,11079,96877,3.7607173292823,0.19264858243399374
2652,0.3134,0,15,0,199633,405977,11079,96877,3.7605783837859867,0.19265432908955682
2653,0.3135,5,49,5,199682,405928,11084,96872,3.7601244951646966,0.1926650755767701
2654,0.3136,2,6,2,199688,405922,11086,96870,3.7600689169661714,0.19266416331206543
2655,0.3137,6,36,6,199724,405886,11092,96864,3.7597354477750193,0.19266832421680755
2656,0.3138,1,21,1,199745,405865,11093,96863,3.7595409240801807,0.19267476647411722
2657,0.3139,0,7,0,199752,405858,11093,96863,3.759476082848568,0.19267744932079622
2658,0.314,12,183,12,199935,405675,11105,96851,3.7577809477935453,0.19272833644428347
2659,0.3141,0,8,0,199943,405667,11105,96851,3.757706843528845,0.19273140464620173
2660,0.3142,12,161,12,200104,405506,11117,96839,3.756215495201749,0.1927738904537718
2661,0.3143,3,70,3,200174,405436,11120,96836,3.7555670828856202,0.19279593527013253
2662,0.3144,1,7,1,200181,405429,11121,96835,3.7555022416540074,0.19279701511555675
2663,0.3145,5,22,5,200203,405407,11126,96830,3.755298454926081,0.19279742432357633
2664,0.3146,0,16,0,200219,405391,11126,96830,3.75515024639668,0.19280356655735223
2665,0.3147,3,37,3,200256,405354,11129,96827,3.7548075141724406,0.19281294991248177
2666,0.3148,2,37,2,200293,405317,11131,96825,3.7544647819482013,0.19282394223148033
2667,0.3149,0,5,0,200298,405312,11131,96825,3.7544184667827634,0.19282586226468076
2668,0.315,118,1435,118,201733,403877,11249,96707,3.741126014302123,0.19318835600019177
2669,0.3151,0,3,0,201736,403874,11249,96707,3.7410982252028604,0.19318951378498186
2670,0.3152,3,30,3,201766,403844,11252,96704,3.740820334210234,0.19319625690243494
2671,0.3153,5,31,5,201797,403813,11257,96699,3.7405331801845194,0.19320016303305415
2672,0.3154,2,10,2,201807,403803,11259,96697,3.740440549853644,0.1932007992007992
2673,0.3155,0,29,0,201836,403774,11259,96697,3.740171921894105,0.19321199430136812
2674,0.3156,1,8,1,201844,403766,11260,96696,3.7400978176294046,0.1932134707530242
2675,0.3157,5,61,5,201905,403705,11265,96691,3.7395327726110636,0.19322896266157202
2676,0.3158,19,151,19,202056,403554,11284,96672,3.738134054614843,0.19325664799510622
2677,0.3159,0,1,0,202057,403553,11284,96672,3.7381247915817557,0.19325703433454947
2678,0.316,12,167,12,202224,403386,11296,96660,3.736577865056134,0.19330221619610996
2679,0.3161,2,6,2,202230,403380,11298,96658,3.7365222868576087,0.19330130910050836
2680,0.3162,2,20,2,202250,403360,11300,96656,3.7363370261958577,0.19330581421394516
2681,0.3163,1,26,1,202276,403334,11301,96655,3.736096187335581,0.1933142529135641
2682,0.3164,2,4,2,202280,403330,11303,96653,3.736059135203231,0.19331257262746934
2683,0.3165,4,38,4,202318,403292,11307,96649,3.735707139945904,0.193320811855799
2684,0.3166,0,9,0,202327,403283,11307,96649,3.735623772648116,0.19332429210372612
2685,0.3167,71,847,71,203174,402436,11378,96578,3.7277779836229574,0.19353765625814107
2686,0.3168,6,33,6,203207,402403,11384,96572,3.7274723035310684,0.19354075855503783
2687,0.3169,1,5,1,203212,402398,11385,96571,3.7274259883656304,0.19354108171048703
2688,0.317,5,57,5,203269,402341,11390,96566,3.7268979954796397,0.19355511147368146
2689,0.3171,2,16,2,203285,402325,11392,96564,3.726749786950239,0.1935580860672414
2690,0.3172,1,14,1,203299,402311,11393,96563,3.7266201044870133,0.1935619014019572
2691,0.3173,4,41,4,203340,402270,11397,96559,3.7262403201304237,0.19357134408785376
2692,0.3174,1,9,1,203349,402261,11398,96558,3.7261569528326355,0.1935732199455113
2693,0.3175,36,392,36,203741,401869,11434,96522,3.7225258438623143,0.1936672211175563
2694,0.3176,1,8,1,203749,401861,11435,96521,3.7224517395976138,0.19366871195187627
2695,0.3177,4,42,4,203791,401819,11439,96517,3.7220626922079365,0.19367856225518526
2696,0.3178,0,15,0,203806,401804,11439,96517,3.721923746711623,0.19368439218897057
2697,0.3179,2,15,2,203821,401789,11441,96515,3.72178480121531,0.19368698625738506
2698,0.318,7,112,7,203933,401677,11448,96508,3.720747341509504,0.19371920069853568
2699,0.3181,0,11,0,203944,401666,11448,96508,3.720645448145541,0.19372347814217522
2700,0.3182,1,15,1,203959,401651,11449,96507,3.7205065026492274,0.19372769282035018
2701,0.3183,35,466,35,204425,401185,11484,96472,3.7161899292304272,0.19385239231036638
2702,0.3184,0,3,0,204428,401182,11484,96472,3.7161621401311646,0.1938535609077793
2703,0.3185,2,25,2,204453,401157,11486,96470,3.7159305643039757,0.19386005984401972
2704,0.3186,2,14,2,204467,401143,11488,96468,3.71580088184075,0.19386227394490876
2705,0.3187,4,31,4,204498,401112,11492,96464,3.715513727815036,0.19386787144074474
2706,0.3188,3,24,3,204522,401088,11495,96461,3.7152914150209346,0.19387236232009308
2707,0.3189,2,4,2,204526,401084,11497,96459,3.7152543628885843,0.1938706805240954
2708,0.319,8,82,8,204608,401002,11505,96451,3.7144947941754047,0.1938896739993527
2709,0.3191,0,1,0,204609,401001,11505,96451,3.714485531142317,0.19389006376494616
2710,0.3192,7,152,7,204761,400849,11512,96444,3.713077550113009,0.1939379802249378
2711,0.3193,7,56,7,204817,400793,11519,96437,3.712558820260106,0.19394847454900146
2712,0.3194,0,3,0,204820,400790,11519,96437,3.7125310311608435,0.19394964472967074
2713,0.3195,6,41,6,204861,400749,11525,96431,3.7121512468042535,0.19395591133995735
2714,0.3196,0,7,0,204868,400742,11525,96431,3.7120864055726406,0.1939586421627884
2715,0.3197,1,44,1,204912,400698,11526,96430,3.7116788321167884,0.19397418773434608
2716,0.3198,2,22,2,204934,400676,11528,96428,3.711475045388862,0.19397952943448454
2717,0.3199,0,6,0,204940,400670,11528,96428,3.711419467190337,0.19398187077799547
2718,0.32,276,3928,276,208868,396742,11804,96152,3.675034273222424,0.1950764261687097
2719,0.3201,0,2,0,208870,396740,11804,96152,3.675015747156249,0.19507721772721
2720,0.3202,1,25,1,208895,396715,11805,96151,3.67478417132906,0.19508547962326475
2721,0.3203,2,27,2,208922,396688,11807,96149,3.674534069435696,0.19509290089826858
2722,0.3204,2,13,2,208935,396675,11809,96147,3.6744136500055578,0.19509478067131744
2723,0.3205,4,23,4,208958,396652,11813,96143,3.674200600244544,0.19509735285463528
2724,0.3206,0,9,0,208967,396643,11813,96143,3.674117232946756,0.19510091601628293
2725,0.3207,8,76,8,209043,396567,11821,96135,3.673413242432102,0.19511794147375086
2726,0.3208,15,159,15,209202,396408,11836,96120,3.6719404201711807,0.19515641750316734
2727,0.3209,1,15,1,209217,396393,11837,96119,3.6718014746748677,0.19516072704827497
2728,0.321,5,90,5,209307,396303,11842,96114,3.6709678016969876,0.19518822461450355
2729,0.3211,0,7,0,209314,396296,11842,96114,3.6709029604653747,0.19519099937044332
2730,0.3212,2,28,2,209342,396268,11844,96112,3.670643595538923,0.19519883017181852
2731,0.3213,4,40,4,209382,396228,11848,96108,3.6702730742154213,0.19520815053134444
2732,0.3214,1,16,1,209398,396212,11849,96107,3.67012486568602,0.19521285995462292
2733,0.3215,0,39,0,209437,396173,11849,96107,3.6697636073956055,0.19522832534330056
2734,0.3216,0,5,0,209442,396168,11849,96107,3.669717292230168,0.19523030826265805
2735,0.3217,51,462,51,209904,395706,11900,96056,3.665437770943718,0.19533026138660572
2736,0.3218,2,25,2,209929,395681,11902,96054,3.665206195116529,0.1953369192756261
2737,0.3219,2,9,2,209938,395672,11904,96052,3.665122827818741,0.19533722169347031
2738,0.322,5,91,5,210029,395581,11909,96047,3.6642798918077735,0.19536519482210127
2739,0.3221,0,16,0,210045,395565,11909,96047,3.664131683278373,0.19537155317608196
2740,0.3222,1,31,1,210076,395534,11910,96046,3.6638445292526587,0.1953822368688718
2741,0.3223,7,53,7,210129,395481,11917,96039,3.6633535884990183,0.195391845703125
2742,0.3224,2,18,2,210147,395463,11919,96037,3.6631868539034422,0.19539572736520855
2743,0.3225,42,465,42,210612,394998,11961,95995,3.6588795435177293,0.1955119523088924
2744,0.3226,0,9,0,210621,394989,11961,95995,3.6587961762199415,0.19551553614781744
2745,0.3227,5,75,5,210696,394914,11966,95990,3.6581014487383747,0.19553721297850496
2746,0.3228,2,17,2,210713,394897,11968,95988,3.6579439771758864,0.19554070709025537
2747,0.3229,0,20,0,210733,394877,11968,95988,3.6577587165141354,0.19554867427907877
2748,0.323,6,71,6,210804,394806,11974,95982,3.657101041164919,0.1955671287806548
2749,0.3231,0,4,0,210808,394802,11974,95982,3.6570639890325687,0.19556872269674644
2750,0.3232,3,34,3,210842,394768,11977,95979,3.656749045907592,0.19557735452279892
2751,0.3233,75,790,75,211632,393978,12052,95904,3.649431249768424,0.19576959349394343
2752,0.3234,0,2,0,211634,393976,12052,95904,3.649412723702249,0.1957703927492447
2753,0.3235,5,40,5,211674,393936,12057,95899,3.6490422023787468,0.19577817020016944
2754,0.3236,1,3,1,211677,393933,12058,95898,3.649014413279484,0.19577772742027352
2755,0.3237,2,42,2,211719,393891,12060,95896,3.648625365889807,0.19579123169867718
2756,0.3238,2,35,2,211754,393856,12062,95894,3.6483011597317425,0.1958019397651863
2757,0.3239,1,6,1,211760,393850,12063,95893,3.6482455815332173,0.1958026965163361
2758,0.324,5,145,5,211905,393705,12068,95888,3.646902441735522,0.1958524733809511
2759,0.3241,0,6,0,211911,393699,12068,95888,3.6468468635369966,0.19585487359754242
2760,0.3242,9,142,9,212053,393557,12077,95879,3.6455315128385637,0.19589690991263414
2761,0.3243,5,49,5,212102,393508,12082,95874,3.6450776242172735,0.19590830884666785
2762,0.3244,0,9,0,212111,393499,12082,95874,3.6449942569194858,0.1959119117728195
2763,0.3245,1,34,1,212145,393465,12083,95873,3.644679313794509,0.19592388083492393
2764,0.3246,1,9,1,212154,393456,12084,95872,3.644595946496721,0.19592584115358205
2765,0.3247,5,41,5,212195,393415,12089,95867,3.644216162140131,0.19593404212703514
2766,0.3248,4,12,4,212207,393403,12093,95863,3.6441050057430804,0.19593227405950955
2767,0.3249,0,6,0,212213,393397,12093,95863,3.644049427544555,0.19593467685892982
2768,0.325,131,1474,131,213687,391923,12224,95732,3.6303957167735,0.19631091652910357
2769,0.3251,1,6,1,213693,391917,12225,95731,3.630340138574975,0.19631168383752215
2770,0.3252,1,20,1,213713,391897,12226,95730,3.630154877913224,0.19631808739056697
2771,0.3253,3,49,3,213762,391848,12229,95727,3.629700989291934,0.1963328718658668
2772,0.3254,0,12,0,213774,391836,12229,95727,3.629589832894883,0.19633770405055348
2773,0.3255,2,24,2,213798,391812,12231,95725,3.629367520100782,0.19634407234732953
2774,0.3256,0,6,0,213804,391806,12231,95725,3.6293119419022566,0.1963464887361009
2775,0.3257,3,58,3,213862,391748,12234,95722,3.628774685983178,0.19636490450694402
2776,0.3258,16,151,16,214013,391597,12250,95706,3.6273759679869575,0.19639936548718148
2777,0.326,16,156,16,214169,391441,12266,95690,3.6259309348252993,0.19643586632753818
2778,0.3261,1,12,1,214181,391429,12267,95689,3.6258197784282484,0.1964390558345206
2779,0.3262,4,33,4,214214,391396,12271,95685,3.6255140983363594,0.1964457656940016
2780,0.3263,1,25,1,214239,391371,12272,95684,3.6252825225091705,0.19645419921774748
2781,0.3264,1,8,1,214247,391363,12273,95683,3.62520841824447,0.19645577625111385
2782,0.3265,5,36,5,214283,391327,12278,95678,3.624874949053318,0.19646204864426442
2783,0.3266,1,6,1,214289,391321,12279,95677,3.6248193708547927,0.19646281914915462
2784,0.3267,73,849,73,215138,390472,12352,95604,3.616955055763459,0.19668529201194876
2785,0.3268,4,24,4,215162,390448,12356,95600,3.616732742969358,0.196688392915926
2786,0.3269,1,13,1,215175,390435,12357,95599,3.61661232353922,0.19669200097112546
2787,0.327,6,48,6,215223,390387,12363,95593,3.616167697951017,0.19670151035022018
2788,0.3271,1,19,1,215242,390368,12364,95592,3.6159917003223536,0.19670754794633302
2789,0.3272,0,24,0,215266,390344,12364,95592,3.6157693875282524,0.1967172631786902
2790,0.3273,1,50,1,215316,390294,12365,95591,3.6153062358738746,0.19673585313397204
2791,0.3274,1,10,1,215326,390284,12366,95590,3.615213605542999,0.1967382490110605
2792,0.3275,43,412,43,215738,389872,12409,95547,3.6113972359109265,0.1968340753040157
2793,0.3276,1,4,1,215742,389868,12410,95546,3.6113601837785763,0.19683404269345342
2794,0.3277,5,46,5,215788,389822,12415,95541,3.610934084256549,0.19684442365816926
2795,0.3278,2,21,2,215809,389801,12417,95539,3.6107395605617105,0.1968496311863848
2796,0.3279,0,12,0,215821,389789,12417,95539,3.6106284041646597,0.19685449840108132
2797,0.328,11,126,11,215947,389663,12428,95528,3.609461261995628,0.1968874113493449
2798,0.3281,2,4,2,215951,389659,12430,95526,3.6094242098632776,0.19688572400218474
2799,0.3282,3,25,3,215976,389634,12433,95523,3.6091926340360887,0.1968909033570576
2800,0.3283,47,458,47,216434,389176,12480,95476,3.604950164881989,0.19699908387874185
2801,0.3284,0,4,0,216438,389172,12480,95476,3.6049131127496388,0.19700070979349962
2802,0.3285,2,43,2,216481,389129,12482,95474,3.604514802326874,0.19701487609445256
2803,0.3286,1,11,1,216492,389118,12483,95473,3.6044129089629107,0.19701769120763696
2804,0.3287,5,32,5,216524,389086,12488,95468,3.604116491904109,0.19702241649021573
2805,0.3288,5,23,5,216547,389063,12493,95463,3.6039034421430953,0.1970234827439601
2806,0.3289,0,8,0,216555,389055,12493,95463,3.6038293378783948,0.19702673584882296
2807,0.329,5,79,5,216634,388976,12498,95458,3.603097558264478,0.19705057861339212
2808,0.3291,0,2,0,216636,388974,12498,95458,3.603079032198303,0.1970513921458533
2809,0.3292,14,145,14,216781,388829,12512,95444,3.6017358924006078,0.19708718016490698
2810,0.3293,8,64,8,216845,388765,12520,95436,3.601143058283004,0.1970999646840878
2811,0.3294,1,10,1,216855,388755,12521,95435,3.6010504279521287,0.19710237716598855
2812,0.3295,3,31,3,216886,388724,12524,95432,3.6007632739264146,0.19711002238947778
2813,0.3296,1,14,1,216900,388710,12525,95431,3.600633591463189,0.1971140638780851
2814,0.3297,3,26,3,216926,388684,12528,95428,3.6003927526029122,0.19711967478599993
2815,0.3298,5,29,5,216955,388655,12533,95423,3.600124124643373,0.19712319089072422
2816,0.3299,0,10,0,216965,388645,12533,95423,3.6000314943124976,0.1971272631117942
2817,0.33,338,3813,338,220778,384832,12871,95085,3.5647115491496537,0.19812800963499938
2818,0.3301,3,10,3,220788,384822,12874,95082,3.5646189188187782,0.198127125425085
2819,0.3302,4,19,4,220807,384803,12878,95078,3.5644429211901145,0.19812828597089696
2820,0.3303,6,39,6,220846,384764,12884,95072,3.5640816628997,0.1981343625738794
2821,0.3304,0,13,0,220859,384751,12884,95072,3.563961243469562,0.19813973069235946
2822,0.3305,4,25,4,220884,384726,12888,95068,3.563729667642373,0.1981433698628995
2823,0.3306,1,2,1,220886,384724,12889,95067,3.5637111415761975,0.19814252455756778
2824,0.3307,9,71,9,220957,384653,12898,95058,3.5630534662269815,0.19815680691082757
2825,0.3308,17,165,17,221122,384488,12915,95041,3.561525065767535,0.19819656371147523
2826,0.3309,0,6,0,221128,384482,12915,95041,3.5614694875690094,0.19819904363294358
2827,0.331,11,94,11,221222,384388,12926,95030,3.5605987624587794,0.1982195078198983
2828,0.3311,2,11,2,221233,384377,12928,95028,3.560496869094816,0.1982207110897884
2829,0.3312,4,29,4,221262,384348,12932,95024,3.5602282411352775,0.1982260123661791
2830,0.3313,4,32,4,221294,384316,12936,95020,3.5599318240764757,0.19823255503446435
2831,0.3314,2,13,2,221307,384303,12938,95018,3.5598114046463376,0.198234586008124
2832,0.3315,4,36,4,221343,384267,12942,95014,3.5594779354551855,0.19824278450428873
2833,0.3316,0,2,0,221345,384265,12942,95014,3.55945940938901,0.19824361175849559
2834,0.3317,50,420,50,221765,383845,12992,94964,3.5555689354922375,0.19833378236415775
2835,0.3318,2,34,2,221799,383811,12994,94962,3.555253992367261,0.1983445181745838
2836,0.3319,0,7,0,221806,383804,12994,94962,3.555189151135648,0.19834741815417134
2837,0.332,8,112,8,221918,383692,13002,94954,3.554151691429842,0.19838043146709677
2838,0.3321,2,14,2,221932,383678,13004,94952,3.554022008966616,0.19838288448279465
2839,0.3322,2,21,2,221953,383657,13006,94950,3.5538274852717775,0.19838823920251897
2840,0.3323,3,35,3,221988,383622,13009,94947,3.553503279113713,0.19839772321232674
2841,0.3324,2,8,2,221996,383614,13011,94945,3.5534291748490126,0.19839768973104674
2842,0.3325,47,376,47,222372,383238,13058,94898,3.549946274408092,0.19847491090401057
2843,0.3326,4,14,4,222386,383224,13062,94894,3.5498165919448663,0.19847401687449542
2844,0.3327,6,70,6,222456,383154,13068,94888,3.5491681796287375,0.19849301944180636
2845,0.3328,2,14,2,222470,383140,13070,94886,3.549038497165512,0.19849547932539235
2846,0.3329,4,19,4,222489,383121,13074,94882,3.5488624995368485,0.19849666215484002
2847,0.333,7,68,7,222557,383053,13081,94875,3.5482326132868947,0.19851316516295342
2848,0.3331,1,9,1,222566,383044,13082,94874,3.548149245989107,0.19851522646144318
2849,0.3332,2,26,2,222592,383018,13084,94872,3.5479084071288303,0.19852267258155643
2850,0.3333,67,809,67,223401,382209,13151,94805,3.540414613360999,0.19874678730603296
2851,0.3334,1,7,1,223408,382202,13152,94804,3.540349772129386,0.19874802413386833
2852,0.3335,2,32,2,223440,382170,13154,94802,3.5400533550705844,0.19875799837307012
2853,0.3336,2,11,2,223451,382159,13156,94800,3.5399514617066212,0.19875922249082206
2854,0.3337,2,31,2,223482,382128,13158,94798,3.539664307680907,0.19876878173972481
2855,0.3338,2,31,2,223513,382097,13160,94796,3.539377153655193,0.19877834231158772
2856,0.3339,0,12,0,223525,382085,13160,94796,3.539265997258142,0.1987833442724705
2857,0.334,11,153,11,223678,381932,13171,94785,3.5378487531957465,0.19882865515599402
2858,0.3341,0,5,0,223683,381927,13171,94785,3.5378024380303086,0.19883074057292452
2859,0.3342,10,166,10,223849,381761,13181,94775,3.5362647745377744,0.1988831903570769
2860,0.3343,8,57,8,223906,381704,13189,94767,3.535736781651784,0.1988935318204046
2861,0.3344,1,13,1,223919,381691,13190,94766,3.5356163622216457,0.19889727719395453
2862,0.3345,6,28,6,223947,381663,13196,94760,3.535356997295194,0.19889887767802983
2863,0.3346,0,11,0,223958,381652,13196,94760,3.5352551039312314,0.19890347010570683
2864,0.3347,2,43,2,224001,381609,13198,94758,3.5348567935084665,0.1989180610747596
2865,0.3348,1,20,1,224021,381589,13199,94757,3.5346715328467155,0.1989247311827957
2866,0.3349,1,8,1,224029,381581,13200,94756,3.534597428582015,0.1989263903496894
2867,0.335,134,1458,134,225487,380123,13334,94622,3.521091926340361,0.1993112091754521
2868,0.3351,2,14,2,225501,380109,13336,94620,3.5209622438771353,0.1993137137187743
2869,0.3352,4,28,4,225529,380081,13340,94616,3.520702878950684,0.19931872331192318
2870,0.3353,3,29,3,225558,380052,13343,94613,3.5204342509911446,0.19932584032949555
2871,0.3354,0,12,0,225570,380040,13343,94613,3.5203230945940938,0.19933087961100004
2872,0.3355,1,29,1,225599,380011,13344,94612,3.520054466634555,0.19934137199419327
2873,0.3356,1,11,1,225610,380000,13345,94611,3.519952573270592,0.19934430512567133
2874,0.3357,1,55,1,225665,379945,13346,94610,3.519443106450776,0.19936572157073468
2875,0.3358,12,147,12,225812,379798,13358,94598,3.5180814405869056,0.19940724626683193
2876,0.3359,1,10,1,225822,379788,13359,94597,3.51798881025603,0.19940976211305164
2877,0.336,14,163,14,225985,379625,13373,94583,3.516478935862759,0.19945466968081518
2878,0.3361,1,9,1,225994,379616,13374,94582,3.516395568564971,0.19945676700450024
2879,0.3362,8,38,8,226032,379578,13382,94574,3.516043573307644,0.19945924513658067
2880,0.3363,3,38,3,226070,379540,13385,94571,3.515691578050317,0.19947016626908046
2881,0.3364,0,11,0,226081,379529,13385,94571,3.5155896846863537,0.19947479434718413
2882,0.3365,2,39,2,226120,379490,13387,94569,3.515228426395939,0.1994878274645139
2883,0.3366,0,4,0,226124,379486,13387,94569,3.5151913742635887,0.1994895107107825
2884,0.3367,89,828,89,226952,378658,13476,94480,3.507521582867094,0.19968804027577577
2885,0.3368,1,27,1,226979,378631,13477,94479,3.50727148097373,0.19969774471053242
2886,0.3369,0,11,0,226990,378620,13477,94479,3.507169587609767,0.1997023878723058
2887,0.337,6,57,6,227047,378563,13483,94473,3.5066415947237766,0.19971630066210605
2888,0.3371,0,24,0,227071,378539,13483,94473,3.506419281929675,0.19972643400167436
2889,0.3372,0,24,0,227095,378515,13483,94473,3.5061969691355737,0.19973656836959922
2890,0.3373,6,56,6,227151,378459,13489,94467,3.5056782392826706,0.19975006660661498
2891,0.3374,1,9,1,227160,378450,13490,94466,3.505594871984883,0.19975217586209812
2892,0.3375,44,447,44,227607,378003,13534,94422,3.501454296194746,0.1998666454992856
2893,0.3376,1,9,1,227616,377994,13535,94421,3.501370928896958,0.19986875945937366
2894,0.3377,4,49,4,227665,377945,13539,94417,3.500917040275668,0.19988271706868885
2895,0.3378,4,15,4,227680,377930,13543,94413,3.5007780947793545,0.19988228892986665
2896,0.3379,1,8,1,227688,377922,13544,94412,3.500703990514654,0.19988398040369737
2897,0.338,12,113,12,227801,377809,13556,94400,3.4996572677757607,0.19991147987437766
2898,0.3381,0,7,0,227808,377802,13556,94400,3.499592426544148,0.19991444339498773
2899,0.3382,2,18,2,227826,377784,13558,94398,3.499425691948572,0.199918675426001
2900,0.3383,46,422,46,228248,377362,13604,94352,3.4955166919856238,0.2000195033431274
2901,0.3384,0,10,0,228258,377352,13604,94352,3.4954240616547483,0.2000237437036786
2902,0.3385,2,32,2,228290,377320,13606,94350,3.4951276445959465,0.2000339220217525
2903,0.3386,0,11,0,228301,377309,13606,94350,3.4950257512319833,0.2000385871996506
2904,0.3387,5,41,5,228342,377268,13611,94345,3.4946459668753937,0.20004749657028115
2905,0.3388,1,30,1,228372,377238,13612,94344,3.494368075882767,0.2000585264068603
2906,0.3389,1,10,1,228382,377228,13613,94343,3.4942754455518914,0.20006107245780594
2907,0.339,9,83,9,228465,377145,13622,94334,3.4935066138056245,0.20008102163617045
2908,0.3391,0,5,0,228470,377140,13622,94334,3.4934602986401866,0.20008314350314121
2909,0.3392,17,132,17,228602,377008,13639,94317,3.4922375782726296,0.20011032726886968
2910,0.3393,4,58,4,228660,376950,13643,94313,3.4917003223535517,0.2001281662256532
2911,0.3394,2,11,2,228671,376939,13645,94311,3.4915984289895885,0.20012944297082227
2912,0.3395,2,24,2,228695,376915,13647,94309,3.4913761161954873,0.2001362409384921
2913,0.3396,0,5,0,228700,376910,13647,94309,3.4913298010300493,0.2001383645396302
2914,0.3397,2,21,2,228721,376889,13649,94307,3.4911352773352107,0.20014388916714063
2915,0.3398,4,22,4,228743,376867,13653,94303,3.4909314906072844,0.2001464439586561
2916,0.3399,2,4,2,228747,376863,13655,94301,3.490894438474934,0.2001447479009432
2917,0.34,347,3918,347,232665,372945,14002,93954,3.454601874837897,0.2012298162985999
2918,0.3401,0,6,0,232671,372939,14002,93954,3.4545462966393714,0.20123240228489184
2919,0.3402,4,14,4,232685,372925,14006,93950,3.4544166141761457,0.20123159303882196
2920,0.3403,1,33,1,232718,372892,14007,93949,3.4541109340842566,0.20124410666586698
2921,0.3404,2,14,2,232732,372878,14009,93947,3.453981251621031,0.20124671986290366
2922,0.3405,3,25,3,232757,372853,14012,93944,3.453749675793842,0.20125236451819528
2923,0.3406,0,7,0,232764,372846,14012,93944,3.453684834562229,0.20125538250605196
2924,0.3407,8,63,8,232827,372783,14020,93936,3.453101263477713,0.20126885770667147
2925,0.3408,10,153,10,232980,372630,14030,93926,3.4516840194153176,0.20131774106430952
2926,0.3409,0,4,0,232984,372626,14030,93926,3.4516469672829673,0.20131946706905124
2927,0.341,7,70,7,233054,372556,14037,93919,3.4509985549668385,0.20133769226646658
2928,0.3411,0,7,0,233061,372549,14037,93919,3.4509337137352256,0.20134071361808312
2929,0.3412,3,26,3,233087,372523,14040,93916,3.450692874874949,0.2013467999030956
2930,0.3413,3,46,3,233133,372477,14043,93913,3.4502667753529215,0.20136152147344497
2931,0.3414,1,7,1,233140,372470,14044,93912,3.4502019341213086,0.20136283132710953
2932,0.3415,3,40,3,233180,372430,14047,93909,3.4498314127978067,0.20137496542214997
2933,0.3416,0,3,0,233183,372427,14047,93909,3.4498036236985437,0.20137626089343305
2934,0.3417,39,453,39,233636,371974,14086,93870,3.445607469709882,0.20150522492508222
2935,0.3418,3,24,3,233660,371950,14089,93867,3.4453851569157803,0.20151046440984335
2936,0.3419,3,9,3,233669,371941,14092,93864,3.4453017896179925,0.20150921522954884
2937,0.342,8,95,8,233764,371846,14100,93856,3.444421801474675,0.20153660495338221
2938,0.3421,2,13,2,233777,371833,14102,93854,3.4443013820445367,0.20153880181323508
2939,0.3422,1,8,1,233785,371825,14103,93853,3.444227277779836,0.20154054947839495
2940,0.3423,5,46,5,233831,371779,14108,93848,3.4438011782578086,0.20155188595163082
2941,0.3424,1,20,1,233851,371759,14109,93847,3.4436159175960577,0.20155882870925204
2942,0.3425,26,458,26,234309,371301,14135,93821,3.439373448441958,0.2017126689341721
2943,0.3426,0,6,0,234315,371295,14135,93821,3.4393178702434324,0.20171527102916262
2944,0.3427,9,55,9,234370,371240,14144,93812,3.438808403423617,0.20172367821232895
2945,0.3428,3,20,3,234390,371220,14147,93809,3.438623142761866,0.2017272041098512
2946,0.3429,2,21,2,234411,371199,14149,93807,3.4384286190670275,0.20173288086605334
2947,0.343,7,50,7,234461,371149,14156,93800,3.4379654674126496,0.20174255671052094
2948,0.3431,0,5,0,234466,371144,14156,93800,3.4379191522472117,0.20174472624660175
2949,0.3432,3,24,3,234490,371120,14159,93797,3.4376968394531104,0.20174998978312259
2950,0.3433,72,812,72,235302,370308,14231,93725,3.4301752565860166,0.20197916958492176
2951,0.3434,0,7,0,235309,370301,14231,93725,3.4301104153544038,0.20198221651372983
2952,0.3435,6,33,6,235342,370268,14237,93719,3.4298047352625143,0.20198626254614893
2953,0.3436,2,14,2,235356,370254,14239,93717,3.4296750527992885,0.20198891741078645
2954,0.3437,5,33,5,235389,370221,14244,93712,3.4293693727073995,0.20199468457729888
2955,0.3438,5,28,5,235417,370193,14249,93707,3.429110007780948,0.20199827549040741
2956,0.3439,1,8,1,235425,370185,14250,93706,3.4290359035162474,0.20200003880221862
2957,0.344,14,158,14,235583,370027,14264,93692,3.427572344288414,0.20204477280421979
2958,0.3441,1,7,1,235590,370020,14265,93691,3.427507503056801,0.20204610199024825
2959,0.3442,14,149,14,235739,369871,14279,93677,3.426127311126755,0.20208694676710934
2960,0.3443,10,59,10,235798,369812,14289,93667,3.4255807921745896,0.20209545632056683
2961,0.3444,3,5,3,235803,369807,14292,93664,3.425534477009152,0.20209247180513992
2962,0.3445,4,25,4,235828,369782,14296,93660,3.425302901181963,0.20209648672325772
2963,0.3446,1,10,1,235838,369772,14297,93659,3.4252102708510876,0.20209912586771278
2964,0.3447,3,36,3,235874,369736,14300,93656,3.4248768016599356,0.2021096609350183
2965,0.3448,10,24,10,235898,369712,14310,93646,3.4246544888658343,0.20210290962927155
2966,0.3449,0,3,0,235901,369709,14310,93646,3.4246266997665717,0.20210421814807222
2967,0.345,142,1452,142,237353,368257,14452,93504,3.411176775723443,0.202494363967507
2968,0.3451,0,4,0,237357,368253,14452,93504,3.4111397235910927,0.2024961180880853
2969,0.3452,2,20,2,237377,368233,14454,93502,3.410954462929342,0.2025014348056786
2970,0.3453,4,44,4,237421,368189,14458,93498,3.410546889473489,0.20251382430087916
2971,0.3454,5,6,5,237427,368183,14463,93493,3.410491311274964,0.20250781933650439
2972,0.3455,2,14,2,237441,368169,14465,93491,3.410361628811738,0.2025105055668674
2973,0.3456,0,6,0,237447,368163,14465,93491,3.4103060506132126,0.202513137544568
2974,0.3457,6,53,6,237500,368110,14471,93485,3.4098151098595726,0.20252602389540614
2975,0.3458,14,142,14,237642,367968,14485,93471,3.4084997591611397,0.2025641525748799
2976,0.3459,2,4,2,237646,367964,14487,93469,3.4084627070287894,0.2025624521869914
2977,0.346,11,176,11,237822,367788,14498,93458,3.4068324132053798,0.2026207273342208
2978,0.3461,0,7,0,237829,367781,14498,93458,3.406767571973767,0.202623802410464
2979,0.3462,1,29,1,237858,367752,14499,93457,3.406498944014228,0.2026348141515018
2980,0.3463,3,30,3,237888,367722,14502,93454,3.4062210530216013,0.20264280881919267
2981,0.3464,1,16,1,237904,367706,14503,93453,3.4060728444922006,0.20264811052153378
2982,0.3465,2,43,2,237947,367663,14505,93451,3.4056745340694357,0.20266354957776167
2983,0.3466,2,3,2,237950,367660,14507,93449,3.405646744970173,0.2026614097751291
2984,0.3467,72,804,72,238754,366856,14579,93377,3.3981992663677794,0.202890709705736
2985,0.3468,3,26,3,238780,366830,14582,93374,3.397958427507503,0.20289697612363214
2986,0.3469,1,4,1,238784,366826,14583,93373,3.397921375375153,0.20289700759888657
2987,0.347,7,56,7,238840,366770,14590,93366,3.39740264552225,0.20290957456056471
2988,0.3471,1,27,1,238867,366743,14591,93365,3.3971525436288856,0.2029197492762569
2989,0.3472,1,16,1,238883,366727,14592,93364,3.397004335099485,0.2029250735180649
2990,0.3473,5,59,5,238942,366668,14597,93359,3.3964578161473193,0.2029424359874529
2991,0.3474,0,7,0,238949,366661,14597,93359,3.3963929749157065,0.2029455241076475
2992,0.3475,33,396,33,239345,366265,14630,93326,3.392724813813035,0.20306315832990637
2993,0.3476,0,10,0,239355,366255,14630,93326,3.3926321834821596,0.20306757677101533
2994,0.3477,2,61,2,239416,366194,14632,93324,3.3920671384638186,0.2030910649854848
2995,0.3478,5,16,5,239432,366178,14637,93319,3.391918929934418,0.20308946521957705
2996,0.3479,2,8,2,239440,366170,14639,93317,3.3918448256697173,0.2030895324568486
2997,0.348,6,87,6,239527,366083,14645,93311,3.3910389417911,0.20311758534068794
2998,0.3481,2,4,2,239531,366079,14647,93309,3.39100188965875,0.2031158846117008
2999,0.3482,1,29,1,239560,366050,14648,93308,3.3907332616992107,0.20312697286212497
3000,0.3483,45,433,45,239993,365617,14693,93263,3.3867223683723,0.20324049860529986
3001,0.3484,1,4,1,239997,365613,14694,93262,3.3866853162399497,0.20324053391446473
3002,0.3485,2,37,2,240034,365576,14696,93260,3.38634258401571,0.20325345003443496
3003,0.3486,2,10,2,240044,365566,14698,93258,3.3862499536848345,0.203254406918557
3004,0.3487,6,44,6,240088,365522,14704,93252,3.3858423802289823,0.20326348049366355
3005,0.3488,2,23,2,240111,365499,14706,93250,3.3856293304679683,0.20327019786419154
3006,0.3489,0,9,0,240120,365490,14706,93250,3.3855459631701805,0.20327418581331475
3007,0.349,6,84,6,240204,365406,14712,93244,3.384767868390826,0.203300992041862
3008,0.3491,1,5,1,240209,365401,14713,93243,3.384721553225388,0.2033014712936395
3009,0.3492,15,143,15,240352,365258,14728,93228,3.383396939493868,0.20333881514375576
3010,0.3493,5,62,5,240414,365196,14733,93223,3.3828226314424397,0.20335762697444915
3011,0.3494,0,6,0,240420,365190,14733,93223,3.382767053243914,0.20336028864800954
3012,0.3495,3,36,3,240456,365154,14736,93220,3.3824335840527624,0.2033710463507965
3013,0.3496,0,11,0,240467,365143,14736,93220,3.3823316906887992,0.2033759269400017
3014,0.3497,4,27,4,240494,365116,14740,93216,3.382081588795435,0.20338095529005176
3015,0.3498,2,23,2,240517,365093,14742,93214,3.3818685390344214,0.20338768554702416
3016,0.3499,0,8,0,240525,365085,14742,93214,3.381794434769721,0.2033912358525766
3017,0.35,354,3715,354,244240,361370,15096,92860,3.3473822668494573,0.20443387711071484
3018,0.3501,0,13,0,244253,361357,15096,92860,3.347261847419319,0.20443972814755942
3019,0.3502,0,23,0,244276,361334,15096,92860,3.347048797658305,0.20445008080247648
3020,0.3503,3,50,3,244326,361284,15099,92857,3.3465856460039274,0.2044673350347139
3021,0.3504,1,9,1,244335,361275,15100,92856,3.3465022787061396,0.2044696354135701
3022,0.3505,5,35,5,244370,361240,15105,92851,3.346178072548075,0.20447663574041328
3023,0.3506,1,4,1,244374,361236,15106,92850,3.346141020415725,0.2044766850332316
3024,0.3507,8,59,8,244433,361177,15114,92842,3.3455945014635593,0.20448923943711605
3025,0.3508,18,142,18,244575,361035,15132,92824,3.3442791507651264,0.2045216686239559
3026,0.3509,0,3,0,244578,361032,15132,92824,3.344251361665864,0.20452302051752097
3027,0.351,9,102,9,244680,360930,15141,92815,3.343306532290933,0.20455321821728062
3028,0.3511,1,9,1,244689,360921,15142,92814,3.3432231649931454,0.20455552249661146
3029,0.3512,5,25,5,244714,360896,15147,92809,3.3429915891659565,0.20455802779338997
3030,0.3513,3,43,3,244757,360853,15150,92806,3.3425932787431916,0.20457215661984002
3031,0.3514,1,16,1,244773,360837,15151,92805,3.342445070213791,0.2045776184744799
3032,0.3515,6,33,6,244806,360804,15157,92799,3.3421393901219014,0.20458198027790822
3033,0.3516,0,3,0,244809,360801,15157,92799,3.342111601022639,0.20458333333333334
3034,0.3517,47,461,47,245270,360340,15204,92752,3.3378413427692766,0.20470897742621808
3035,0.3518,6,21,6,245291,360319,15210,92746,3.337646819074438,0.2047079337401918
3036,0.3519,1,9,1,245300,360310,15211,92745,3.3375634517766497,0.20471024489300416
3037,0.352,9,92,9,245392,360218,15220,92736,3.3367112527325946,0.20473602175938396
3038,0.3521,1,11,1,245403,360207,15221,92735,3.3366093593686315,0.20473923813645015
3039,0.3522,3,22,3,245425,360185,15224,92732,3.3364055726407056,0.2047439155518561
3040,0.3523,2,61,2,245486,360124,15226,92730,3.3358405276223646,0.20476798261691406
3041,0.3524,1,11,1,245497,360113,15227,92729,3.3357386342584014,0.2047712005511856
3042,0.3525,46,445,46,245942,359668,15273,92683,3.33161658453444,0.20489177651867688
3043,0.3526,0,11,0,245953,359657,15273,92683,3.3315146911704767,0.20489675907503205
3044,0.3527,6,59,6,246012,359598,15279,92677,3.330968172218311,0.20491294013597922
3045,0.3528,3,20,3,246032,359578,15282,92674,3.33078291155656,0.2049167278419996
3046,0.3529,2,15,2,246047,359563,15284,92672,3.3306439660602467,0.204920008402711
3047,0.353,6,68,6,246115,359495,15290,92666,3.3300140798102933,0.20494027569825793
3048,0.3531,2,5,2,246120,359490,15292,92664,3.3299677646448553,0.20493902519937898
3049,0.3532,6,27,6,246147,359463,15298,92658,3.3297176627514915,0.20494071277379286
3050,0.3533,66,795,66,246942,358668,15364,92592,3.3223535514468856,0.20518548065416833
3051,0.3534,0,5,0,246947,358663,15364,92592,3.322307236281448,0.20518775415230855
3052,0.3535,5,34,5,246981,358629,15369,92587,3.3219922931564714,0.20519440799971633
3053,0.3536,1,7,1,246988,358622,15370,92586,3.321927451924858,0.20519582986117268
3054,0.3537,9,31,9,247019,358591,15379,92577,3.321640297899144,0.20519407404780482
3055,0.3538,4,30,4,247049,358561,15383,92573,3.3213624069065175,0.2052006720841258
3056,0.3539,1,2,1,247051,358559,15384,92572,3.321343880840342,0.2051998200079356
3057,0.354,19,162,19,247213,358397,15403,92553,3.3198432694801587,0.20524004878589644
3058,0.3541,0,3,0,247216,358394,15403,92553,3.319815480380896,0.20524141417949338
3059,0.3542,16,173,16,247389,358221,15419,92537,3.318212975656749,0.20529197485125056
3060,0.3543,4,66,4,247455,358155,15423,92533,3.3176016154729706,0.20531498508946322
3061,0.3544,2,6,2,247461,358149,15425,92531,3.317546037274445,0.20531419188781397
3062,0.3545,2,22,2,247483,358127,15427,92529,3.317342250546519,0.2053206880636228
3063,0.3546,0,11,0,247494,358116,15427,92529,3.317240357182556,0.20532569983024332
3064,0.3547,1,52,1,247546,358064,15428,92528,3.316758679462003,0.2053476315602585
3065,0.3548,2,30,2,247576,358034,15430,92526,3.3164807884693763,0.20535777698863636
3066,0.3549,0,8,0,247584,358026,15430,92526,3.3164066842046758,0.20536142332072657
3067,0.355,142,1566,142,249150,356460,15572,92384,3.301900774389566,0.20582652324638404
3068,0.3551,0,2,0,249152,356458,15572,92384,3.301882248323391,0.20582744039105075
3069,0.3552,7,28,7,249180,356430,15579,92377,3.3016228833969397,0.20582789484121236
3070,0.3553,3,51,3,249231,356379,15582,92374,3.301150468709474,0.20584597763134732
3071,0.3554,0,13,0,249244,356366,15582,92374,3.301030049279336,0.20585194099032847
3072,0.3555,3,28,3,249272,356338,15585,92371,3.3007706843528846,0.20585947685470984
3073,0.3556,2,11,2,249283,356327,15587,92369,3.3006687909889214,0.2058609838286947
3074,0.3557,5,60,5,249343,356267,15592,92364,3.300113009003668,0.2058796650253772
3075,0.3558,12,179,12,249522,356088,15604,92352,3.298454926080996,0.20594059405940593
3076,0.3559,0,1,0,249523,356087,15604,92352,3.298445663047908,0.20594105329821893
3077,0.356,22,185,22,249708,355902,15626,92330,3.296732001926711,0.20598707812025915
3078,0.3561,1,7,1,249715,355895,15627,92329,3.296667160695098,0.2059885235953452
3079,0.3562,1,23,1,249738,355872,15628,92328,3.2964541109340844,0.20599732262382864
3080,0.3563,0,38,0,249776,355834,15628,92328,3.2961021156767574,0.20601478929494246
3081,0.3564,0,7,0,249783,355827,15628,92328,3.2960372744451445,0.2060180071627004
3082,0.3565,3,56,3,249839,355771,15631,92325,3.2955185445922415,0.20603843819181603
3083,0.3566,0,3,0,249842,355768,15631,92325,3.2954907554929784,0.20603981762714438
3084,0.3567,75,784,75,250626,354984,15706,92250,3.288228537552336,0.20626785977810275
3085,0.3568,3,23,3,250649,354961,15709,92247,3.2880154877913226,0.20627314359313786
3086,0.3569,2,12,2,250661,354949,15711,92245,3.2879043313942717,0.20627512891496755
3087,0.357,8,48,8,250709,354901,15719,92237,3.2874597058060693,0.2062830714455045
3088,0.3571,6,27,6,250736,354874,15725,92231,3.287209603912705,0.20628487715413604
3089,0.3572,1,20,1,250756,354854,15726,92230,3.287024343250954,0.20629232985300303
3090,0.3573,12,48,12,250804,354806,15738,92218,3.2865797176627516,0.20629317441569134
3091,0.3574,3,8,3,250812,354798,15741,92215,3.286505613398051,0.20629153961965313
3092,0.3575,41,465,41,251277,354333,15782,92174,3.2821983030123385,0.20643349376381556
3093,0.3576,0,17,0,251294,354316,15782,92174,3.28204083144985,0.20644135366973504
3094,0.3577,3,33,3,251327,354283,15785,92171,3.2817351513579607,0.20645128053506073
3095,0.3578,2,29,2,251356,354254,15787,92169,3.2814665233984215,0.2064611366349852
3096,0.3579,1,13,1,251369,354241,15788,92168,3.2813461039682834,0.206465371441884
3097,0.358,9,103,9,251472,354138,15797,92159,3.280392011560265,0.20649701880138113
3098,0.3581,0,10,0,251482,354128,15797,92159,3.2802993812293897,0.2065016458019167
3099,0.3582,4,23,4,251505,354105,15801,92155,3.280086331468376,0.2065051763545915
3100,0.3583,51,498,51,252003,353607,15852,92104,3.275473340990774,0.2066451130889747
3101,0.3584,3,6,3,252009,353601,15855,92101,3.2754177627922485,0.2066425548909361
3102,0.3585,3,36,3,252045,353565,15858,92098,3.275084293601097,0.20665390665143843
3103,0.3586,0,24,0,252069,353541,15858,92098,3.2748619808069956,0.20666503604935835
3104,0.3587,1,31,1,252100,353510,15859,92097,3.274574826781281,0.20667763298152855
3105,0.3588,1,28,1,252128,353482,15860,92096,3.2743154618548296,0.20668884011329106
3106,0.3589,0,10,0,252138,353472,15860,92096,3.274222831523954,0.20669347888537776
3107,0.359,12,81,12,252219,353391,15872,92084,3.273472525843862,0.20670969190190247
3108,0.3591,0,4,0,252223,353387,15872,92084,3.273435473711512,0.20671154800200237
3109,0.3592,19,127,19,252350,353260,15891,92065,3.272259068509393,0.2067366530062314
3110,0.3593,6,88,6,252438,353172,15897,92059,3.271443921597688,0.206766824412496
3111,0.3594,0,8,0,252446,353164,15897,92059,3.2713698173329875,0.20677053970706816
3112,0.3595,2,31,2,252477,353133,15899,92057,3.2710826633072734,0.2067813742447045
3113,0.3596,2,15,2,252492,353118,15901,92055,3.27094371781096,0.2067847780525773
3114,0.3597,3,27,3,252519,353091,15904,92052,3.270693615917596,0.20679197471374366
3115,0.3598,1,18,1,252537,353073,15905,92051,3.27052688132202,0.20679855500939065
3116,0.3599,0,6,0,252543,353067,15905,92051,3.270471303123495,0.20680134256534222
3117,0.36,360,3873,360,256416,349194,16265,91691,3.2345955759753973,0.20797033239960533
3118,0.3601,2,9,2,256425,349185,16267,91689,3.2345122086776095,0.2079709849072524
3119,0.3602,1,18,1,256443,349167,16268,91688,3.2343454740820334,0.20797767973596762
3120,0.3603,4,41,4,256484,349126,16272,91684,3.233965689725444,0.20798983689117762
3121,0.3604,0,8,0,256492,349118,16272,91684,3.2338915854607433,0.2079936116442303
3122,0.3605,6,26,6,256518,349092,16278,91678,3.2336507466004667,0.20799509948499217
3123,0.3606,2,10,2,256528,349082,16280,91676,3.233558116269591,0.20799622468565518
3124,0.3607,6,60,6,256588,349022,16286,91670,3.233002334284338,0.2080137601771759
3125,0.3608,18,170,18,256758,348852,16304,91652,3.231427618659454,0.20806167480885532
3126,0.3609,1,1,1,256759,348851,16305,91651,3.2314183556263663,0.20806034932872042
3127,0.361,8,103,8,256862,348748,16313,91643,3.230464263218348,0.20809462500368991
3128,0.3611,0,5,0,256867,348743,16313,91643,3.2304179480529105,0.20809698764265894
3129,0.3612,3,18,3,256885,348725,16316,91640,3.2302512134573345,0.20810009878169247
3130,0.3613,5,51,5,256936,348674,16321,91635,3.2297787987698694,0.20811521000024982
3131,0.3614,0,11,0,256947,348663,16321,91635,3.2296769054059062,0.20812040935911588
3132,0.3615,5,28,5,256975,348635,16326,91630,3.2294175404794547,0.20812465219810797
3133,0.3616,0,7,0,256982,348628,16326,91630,3.229352699247842,0.20812796133176456
3134,0.3617,47,433,47,257415,348195,16373,91583,3.2253418059209307,0.20824825252741155
3135,0.3618,2,18,2,257433,348177,16375,91581,3.2251750713253546,0.208253175610222
3136,0.3619,0,5,0,257438,348172,16375,91581,3.225128756159917,0.20825554345280192
3137,0.362,12,108,12,257546,348064,16387,91569,3.2241283485864614,0.20828509233838224
3138,0.3621,1,11,1,257557,348053,16388,91568,3.224026455222498,0.20828850305149207
3139,0.3622,2,22,2,257579,348031,16390,91566,3.223822668494572,0.2082953250363401
3140,0.3623,4,44,4,257623,347987,16394,91562,3.2234150950387193,0.20830897124097655
3141,0.3624,0,17,0,257640,347970,16394,91562,3.223257623476231,0.20831702811171882
3142,0.3625,42,432,42,258072,347538,16436,91520,3.219255993182408,0.20844626450263976
3143,0.3626,0,11,0,258083,347527,16436,91520,3.2191540998184447,0.20845148697064322
3144,0.3627,7,67,7,258150,347460,16443,91513,3.2185334766015785,0.20847068042909245
3145,0.3628,2,11,2,258161,347449,16445,91511,3.2184315832376154,0.20847229815928559
3146,0.3629,3,26,3,258187,347423,16448,91508,3.2181907443773388,0.20847923705548252
3147,0.363,2,56,2,258243,347367,16450,91506,3.2176720145244357,0.20850223185295064
3148,0.3631,1,7,1,258250,347360,16451,91505,3.217607173292823,0.2085037540018001
3149,0.3632,6,35,6,258285,347325,16457,91499,3.2172829671347585,0.20850956192004083
3150,0.3633,80,819,80,259104,346506,16537,91419,3.209696543036052,0.20875492378831992
3151,0.3634,0,3,0,259107,346503,16537,91419,3.209668753936789,0.20875635387123734
3152,0.3635,5,41,5,259148,346462,16542,91414,3.209288969580199,0.20876686550530288
3153,0.3636,4,11,4,259159,346451,16546,91410,3.2091870762162364,0.20876488200593338
3154,0.3637,5,30,5,259189,346421,16551,91405,3.2089091852236096,0.20877015069913618
3155,0.3638,5,32,5,259221,346389,16556,91400,3.208612768164808,0.20877637400665616
3156,0.3639,2,5,2,259226,346384,16558,91398,3.2085664529993703,0.20877514379302942
3157,0.364,23,165,23,259391,346219,16581,91375,3.207038052539924,0.20881227804768804
3158,0.3641,2,7,2,259398,346212,16583,91373,3.206973211308311,0.2088120022395649
3159,0.3642,9,162,9,259560,346050,16592,91364,3.205472599948127,0.20887305847549462
3160,0.3643,4,64,4,259624,345986,16596,91360,3.2048797658305235,0.20889638867166957
3161,0.3644,0,7,0,259631,345979,16596,91360,3.2048149245989106,0.20889973224432307
3162,0.3645,1,20,1,259651,345959,16597,91359,3.2046296639371596,0.20890747693897804
3163,0.3646,1,11,1,259662,345948,16598,91358,3.2045277705731965,0.2089109227863327
3164,0.3647,6,31,6,259693,345917,16604,91352,3.2042406165474824,0.2089148784844112
3165,0.3648,6,21,6,259714,345896,16610,91346,3.2040460928526437,0.20891405674660715
3166,0.3649,4,4,4,259718,345892,16614,91342,3.2040090407202935,0.20890873079403707
3167,0.365,147,1452,147,261170,344440,16761,91195,3.1905591166771647,0.2093380926693218
3168,0.3651,2,15,2,261185,344425,16763,91193,3.1904201711808513,0.20934167091350678
3169,0.3652,5,20,5,261205,344405,16768,91188,3.1902349105191004,0.20934220706026038
3170,0.3653,5,52,5,261257,344353,16773,91183,3.1897532327985476,0.20935812424231293
3171,0.3654,0,13,0,261270,344340,16773,91183,3.1896328133684095,0.20936437340852262
3172,0.3655,3,33,3,261303,344307,16776,91180,3.18932713327652,0.2093747918996434
3173,0.3656,0,9,0,261312,344298,16776,91180,3.1892437659787323,0.2093791190370122
3174,0.3657,10,52,10,261364,344246,16786,91170,3.188762088258179,0.20938596652396788
3175,0.3658,16,164,16,261528,344082,16802,91154,3.1872429508318203,0.20943580034739773
3176,0.3659,1,1,1,261529,344081,16803,91153,3.1872336877987326,0.20943446513829342
3177,0.366,14,159,14,261688,343922,16817,91139,3.185760865537812,0.2094855663918393
3178,0.3661,0,6,0,261694,343916,16817,91139,3.1857052873392866,0.2094884554826401
3179,0.3662,3,37,3,261731,343879,16820,91136,3.185362555115047,0.20950082181074217
3180,0.3663,4,40,4,261771,343839,16824,91132,3.1849920337915445,0.20951281809591904
3181,0.3664,0,14,0,261785,343825,16824,91132,3.1848623513283187,0.2095195617038006
3182,0.3665,4,46,4,261831,343779,16828,91128,3.1844362518062916,0.20953445219322753
3183,0.3666,0,7,0,261838,343772,16828,91128,3.1843714105746788,0.20953782478730743
3184,0.3667,82,837,82,262675,342935,16910,91046,3.1766182518803956,0.20979259460667632
3185,0.3668,1,21,1,262696,342914,16911,91045,3.176423728185557,0.20980092589392085
3186,0.3669,0,12,0,262708,342902,16911,91045,3.1763125717885066,0.20980672754967772
3187,0.367,8,58,8,262766,342844,16919,91037,3.175775315869428,0.2098202041573611
3188,0.3671,2,20,2,262786,342824,16921,91035,3.1755900552076772,0.20982623386860708
3189,0.3672,4,17,4,262803,342807,16925,91031,3.175432583645189,0.20982717051065145
3190,0.3673,4,59,4,262862,342748,16929,91027,3.1748860646930233,0.20984842372197568
3191,0.3674,0,9,0,262871,342739,16929,91027,3.174802697395235,0.20985277776497005
3192,0.3675,43,430,43,263301,342309,16972,90984,3.170819593167587,0.20998262145938199
3193,0.3676,1,11,1,263312,342298,16973,90983,3.1707176998036237,0.20998612909405212
3194,0.3677,4,41,4,263353,342257,16977,90979,3.170337915447034,0.2099987074019703
3195,0.3678,3,24,3,263377,342233,16980,90976,3.1701156026529325,0.21000487062826487
3196,0.3679,2,11,2,263388,342222,16982,90974,3.1700137092889697,0.2100065559238774
3197,0.368,10,99,10,263487,342123,16992,90964,3.169096669013302,0.21003632064689082
3198,0.3681,0,7,0,263494,342116,16992,90964,3.169031827781689,0.21003971552599981
3199,0.3682,5,29,5,263523,342087,16997,90959,3.1687631998221497,0.21004466038249978
3200,0.3683,44,450,44,263973,341637,17041,90915,3.16459483493275,0.2101828219497309
3201,0.3684,1,5,1,263978,341632,17042,90914,3.1645485197673127,0.2101834255778576
3202,0.3685,2,39,2,264017,341593,17044,90912,3.164187261476898,0.21019872602628872
3203,0.3686,5,7,5,264024,341586,17049,90907,3.164122420245285,0.2101929973433096
3204,0.3687,2,59,2,264083,341527,17051,90905,3.1635759012931195,0.21021802271802273
3205,0.3688,5,28,5,264111,341499,17056,90900,3.163316536366668,0.21022250282724983
3206,0.3689,4,7,4,264118,341492,17060,90896,3.163251695135055,0.210218599961146
3207,0.369,11,105,11,264223,341387,17071,90885,3.162279076660862,0.2102495650886479
3208,0.3691,0,4,0,264227,341383,17071,90885,3.1622420245285117,0.2102515106369197
3209,0.3692,8,185,8,264412,341198,17079,90877,3.1605283634073142,0.2103269108372389
3210,0.3693,7,64,7,264476,341134,17086,90870,3.1599355292897107,0.21034527458079091
3211,0.3694,2,10,2,264486,341124,17088,90868,3.159842898958835,0.21034648789792404
3212,0.3695,4,29,4,264515,341095,17092,90864,3.159574270999296,0.210353297419431
3213,0.3696,1,9,1,264524,341086,17093,90863,3.159490903701508,0.2103558521955138
3214,0.3697,7,30,7,264554,341056,17100,90856,3.1592130127088813,0.21035766545036952
3215,0.3698,4,33,4,264587,341023,17104,90852,3.1589073326169923,0.21036642547033285
3216,0.3699,0,3,0,264590,341020,17104,90852,3.1588795435177293,0.21036788678126853
3217,0.37,341,3877,341,268467,337143,17445,90511,3.122966764237282,0.21164539557679807
3218,0.3701,0,3,0,268470,337140,17445,90511,3.122938975138019,0.2116468802832216
3219,0.3702,4,29,4,268499,337111,17449,90507,3.12267034717848,0.21165385928562408
3220,0.3703,2,32,2,268531,337079,17451,90505,3.1223739301196782,0.21166601182457717
3221,0.3704,1,9,1,268540,337070,17452,90504,3.1222905628218904,0.21166862344295959
3222,0.3705,2,38,2,268578,337032,17454,90502,3.1219385675645634,0.21168374912872426
3223,0.3706,1,2,1,268580,337030,17455,90501,3.121920041498388,0.21168289550933148
3224,0.3707,8,92,8,268672,336938,17463,90493,3.1210678424543334,0.21171370349834243
3225,0.3708,16,145,16,268817,336793,17479,90477,3.119724702656638,0.21175603248531374
3226,0.3709,1,8,1,268825,336785,17480,90476,3.1196505983919374,0.21175815251099445
3227,0.371,14,105,14,268930,336680,17494,90462,3.118677979917744,0.21178437147365514
3228,0.3711,1,7,1,268937,336673,17495,90461,3.1186131386861313,0.21178599690027017
3229,0.3712,4,22,4,268959,336651,17499,90457,3.118409351958205,0.2117895239611527
3230,0.3713,9,33,9,268992,336618,17508,90448,3.118103671866316,0.21178927847217993
3231,0.3714,0,16,0,269008,336602,17508,90448,3.117955463336915,0.21179721344104907
3232,0.3715,6,37,6,269045,336565,17514,90442,3.1176127311126756,0.2118044903245146
3233,0.3716,2,3,2,269048,336562,17516,90440,3.117584942013413,0.21180228664034362
3234,0.3717,38,495,38,269543,336067,17554,90402,3.1129997406350736,0.2119778928831873
3235,0.3718,0,16,0,269559,336051,17554,90402,3.112851532105673,0.2119858460369607
3236,0.3719,0,12,0,269571,336039,17554,90402,3.112740375708622,0.21199181129394218
3237,0.372,11,112,11,269683,335927,17565,90391,3.111702916002816,0.2120271722047861
3238,0.3721,3,24,3,269707,335903,17568,90388,3.111480603208715,0.21203356392698883
3239,0.3722,1,17,1,269724,335886,17569,90387,3.1113231316462264,0.21204017143942966
3240,0.3723,7,63,7,269787,335823,17576,90380,3.1107395605617105,0.21205857302740713
3241,0.3724,3,15,3,269802,335808,17579,90377,3.110600615065397,0.21206049016272277
3242,0.3725,51,384,51,270186,335424,17630,90326,3.107043610359776,0.21215736934820903
3243,0.3726,0,10,0,270196,335414,17630,90326,3.1069509800289006,0.21216235260957392
3244,0.3727,2,59,2,270255,335355,17632,90324,3.106404461076735,0.2121880571980295
3245,0.3728,4,8,4,270263,335347,17636,90320,3.1063303568120344,0.21218464198540174
3246,0.3729,4,17,4,270280,335330,17640,90316,3.106172885249546,0.21218571301034192
3247,0.373,6,61,6,270341,335269,17646,90310,3.1056078402312055,0.2122050195145907
3248,0.3731,1,7,1,270348,335262,17647,90309,3.1055429989995926,0.21220665881838754
3249,0.3732,2,43,2,270391,335219,17649,90307,3.1051446885768277,0.21222439991915887
3250,0.3733,69,781,69,271172,334438,17718,90238,3.097910259735448,0.21248669573981105
3251,0.3734,0,3,0,271175,334435,17718,90238,3.097882470636185,0.21248819680083264
3252,0.3735,6,25,6,271200,334410,17724,90232,3.0976508948089965,0.2124895794575195
3253,0.3736,0,10,0,271210,334400,17724,90232,3.0975582644781205,0.21249458354528156
3254,0.3737,3,35,3,271245,334365,17727,90229,3.097234058320056,0.21250653565523772
3255,0.3738,2,34,2,271279,334331,17729,90227,3.0969191151950795,0.21251984416734582
3256,0.3739,0,4,0,271283,334327,17729,90227,3.096882063062729,0.212521846455339
3257,0.374,23,138,23,271421,334189,17752,90204,3.095603764496647,0.2125482748301692
3258,0.3741,0,2,0,271423,334187,17752,90204,3.0955852384304716,0.2125492764926683
3259,0.3742,12,124,12,271547,334063,17764,90192,3.0944366223276147,0.21258912682231204
3260,0.3743,3,58,3,271605,334005,17767,90189,3.093899366408537,0.21261262535537984
3261,0.3744,0,10,0,271615,333995,17767,90189,3.0938067360776613,0.21261763762895347
3262,0.3745,0,34,0,271649,333961,17767,90189,3.0934917929526846,0.2126346811269598
3263,0.3746,2,7,2,271656,333954,17769,90187,3.0934269517210717,0.21263447768548666
3264,0.3747,1,51,1,271707,333903,17770,90186,3.0929545370336062,0.21265819203044645
3265,0.3748,4,24,4,271731,333879,17774,90182,3.092732224239505,0.21266280087062947
3266,0.3749,1,11,1,271742,333868,17775,90181,3.092630330875542,0.21266646071562484
3267,0.375,132,1516,132,273258,332352,17907,90049,3.0785875727148095,0.21318368090984632
3268,0.3751,0,7,0,273265,332345,17907,90049,3.0785227314831967,0.21318721383352984
3269,0.3752,1,25,1,273290,332320,17908,90048,3.078291155656008,0.2131979695431472
3270,0.3753,7,38,7,273328,332282,17915,90041,3.0779391603986808,0.21320411154495492
3271,0.3754,1,12,1,273340,332270,17916,90040,3.0778280040016304,0.21320830669413465
3272,0.3755,4,36,4,273376,332234,17920,90036,3.0774945348104783,0.2132190304781301
3273,0.3756,0,2,0,273378,332232,17920,90036,3.0774760087443034,0.21322004035351957
3274,0.3757,9,48,9,273426,332184,17929,90027,3.0770313831561005,0.2132275094680148
3275,0.3758,11,167,11,273593,332017,17940,90016,3.075484456630479,0.2132913776884746
3276,0.3759,0,2,0,273595,332015,17940,90016,3.075465930564304,0.2132923884738325
3277,0.376,13,160,13,273755,331855,17953,90003,3.0739838452702952,0.2133490416206401
3278,0.3761,2,6,2,273761,331849,17955,90001,3.07392826707177,0.21334834656868557
3279,0.3762,6,16,6,273777,331833,17961,89995,3.073780058542369,0.21334524972263577
3280,0.3763,2,43,2,273820,331790,17963,89993,3.0733817481196044,0.21336326973823033
3281,0.3764,2,9,2,273829,331781,17965,89991,3.073298380821816,0.2133640924480525
3282,0.3765,0,34,0,273863,331747,17965,89991,3.0729834376968395,0.21338129359934366
3283,0.3766,0,7,0,273870,331740,17965,89991,3.0729185964652266,0.21338483535713523
3284,0.3767,81,827,81,274697,330913,18046,89910,3.0652580681018193,0.21365277087991863
3285,0.3768,3,23,3,274720,330890,18049,89907,3.0650450183408053,0.2136588426248286
3286,0.3769,0,6,0,274726,330884,18049,89907,3.06498944014228,0.21366188915637455
3287,0.377,5,73,5,274799,330811,18054,89902,3.0643132387268888,0.2136896173876253
3288,0.3771,4,22,4,274821,330789,18058,89898,3.0641094519989625,0.21369331593322352
3289,0.3772,4,13,4,274834,330776,18062,89894,3.0639890325688244,0.21369244300758314
3290,0.3773,7,59,7,274893,330717,18069,89887,3.0634425136166588,0.2137093322935588
3291,0.3774,1,7,1,274900,330710,18070,89886,3.063377672385046,0.21371101960075703
3292,0.3775,43,439,43,275339,330271,18113,89843,3.0593112008596095,0.21385385871453938
3293,0.3776,1,12,1,275351,330259,18114,89842,3.0592000444625587,0.2138580960292882
3294,0.3777,5,38,5,275389,330221,18119,89837,3.0588480492052317,0.21386808488351608
3295,0.3778,2,22,2,275411,330199,18121,89835,3.0586442624773054,0.21387554340839074
3296,0.3779,1,9,1,275420,330190,18122,89834,3.0585608951795176,0.213878254575929
3297,0.378,11,105,11,275525,330085,18133,89823,3.0575882767053244,0.21391114244072512
3298,0.3781,0,10,0,275535,330075,18133,89823,3.057495646374449,0.2139162368003658
3299,0.3782,5,36,5,275571,330039,18138,89818,3.057162177183297,0.21392521739544654
3300,0.3783,50,458,50,276029,329581,18188,89768,3.052919708029197,0.21406513429148513
3301,0.3784,2,4,2,276033,329577,18190,89766,3.052882655896847,0.21406342779061532
3302,0.3785,4,34,4,276067,329543,18194,89762,3.0525677127718702,0.2140732879407591
3303,0.3786,2,11,2,276078,329532,18196,89760,3.052465819407907,0.2140751552617269
3304,0.3787,2,43,2,276121,329489,18198,89758,3.052067508985142,0.21409336262394246
3305,0.3788,2,22,2,276143,329467,18200,89756,3.051863722257216,0.2141008484744396
3306,0.3789,3,6,3,276149,329461,18203,89753,3.0518081440586906,0.21409828870219028
3307,0.379,15,93,15,276242,329368,18218,89738,3.050946681981548,0.21411766951558794
3308,0.3791,1,4,1,276246,329364,18219,89737,3.050909629849198,0.21411783794359832
3309,0.3792,15,163,15,276409,329201,18234,89722,3.0493997554559265,0.21417301031454467
3310,0.3793,5,64,5,276473,329137,18239,89717,3.048806921338323,0.2141963548157592
3311,0.3794,0,5,0,276478,329132,18239,89717,3.0487606061728854,0.21419891177966283
3312,0.3795,0,36,0,276514,329096,18239,89717,3.0484271369817333,0.21421732372204302
3313,0.3796,1,12,1,276526,329084,18240,89716,3.0483159805846824,0.21422158548233047
3314,0.3797,6,36,6,276562,329048,18246,89710,3.047982511393531,0.2142287430926693
3315,0.3798,0,24,0,276586,329024,18246,89710,3.0477601985994296,0.21424102174650256
3316,0.3799,0,4,0,276590,329020,18246,89710,3.0477231464670793,0.21424306832565138
3317,0.38,378,3836,378,280426,325184,18624,89332,3.0121901515432215,0.21550917214293297
3318,0.3801,1,4,1,280430,325180,18625,89331,3.012153099410871,0.21550935922086506
3319,0.3802,0,30,0,280460,325150,18625,89331,3.0118752084182443,0.21552495771820662
3320,0.3803,2,32,2,280492,325118,18627,89329,3.011578791359443,0.215537813037614
3321,0.3804,1,8,1,280500,325110,18628,89328,3.0115046870947424,0.21554008078409798
3322,0.3805,2,40,2,280540,325070,18630,89326,3.01113416577124,0.21555709997200745
3323,0.3806,2,6,2,280546,325064,18632,89324,3.011078587572715,0.21555643503190247
3324,0.3807,7,65,7,280611,324999,18639,89317,3.0104764904220236,0.21557699919867926
3325,0.3808,18,167,18,280778,324832,18657,89299,3.008929563896402,0.21562983693565563
3326,0.3809,1,3,1,280781,324829,18658,89298,3.0089017747971396,0.2156295049586238
3327,0.381,16,113,16,280894,324716,18674,89282,3.007855052058246,0.21565804665723023
3328,0.3811,0,9,0,280903,324707,18674,89282,3.007771684760458,0.21566273500020533
3329,0.3812,2,24,2,280927,324683,18676,89280,3.007549371966357,0.21567144889760678
3330,0.3813,5,43,5,280970,324640,18681,89275,3.007151061543592,0.21568437964316345
3331,0.3814,2,8,2,280978,324632,18683,89273,3.0070769572788913,0.21568475857986735
3332,0.3815,6,39,6,281017,324593,18689,89267,3.0067156989884767,0.21569371284975597
3333,0.3816,3,10,3,281027,324583,18692,89264,3.006623068657601,0.21569323928891596
3334,0.3817,42,482,42,281509,324101,18734,89222,3.0021582867094003,0.215865074046206
3335,0.3818,4,34,4,281543,324067,18738,89218,3.001843343584423,0.21587524347605164
3336,0.3819,1,14,1,281557,324053,18739,89217,3.0017136611211974,0.2158806591332543
3337,0.382,8,112,8,281669,323941,18747,89209,3.0006762014153914,0.21592399854774294
3338,0.3821,2,18,2,281687,323923,18749,89207,3.0005094668198153,0.21592961053421442
3339,0.3822,2,20,2,281707,323903,18751,89205,3.0003242061580644,0.21593626848184977
3340,0.3823,6,50,6,281757,323853,18757,89199,2.9998610545036866,0.21595101827372826
3341,0.3824,1,5,1,281762,323848,18758,89198,2.999814739338249,0.21595173418941233
3342,0.3825,48,429,48,282191,323419,18806,89150,2.995840898143688,0.216085066982735
3343,0.3826,2,13,2,282204,323406,18808,89148,2.99572047871355,0.21608807574281186
3344,0.3827,6,80,6,282284,323326,18814,89142,2.994979436066546,0.21611858374467838
3345,0.3828,4,15,4,282299,323311,18818,89138,2.9948404905702324,0.21611884135978024
3346,0.3829,3,22,3,282321,323289,18821,89135,2.994636703842306,0.2161246678175858
3347,0.383,10,58,10,282379,323231,18831,89125,2.994099447923228,0.21613605719329898
3348,0.3831,0,2,0,282381,323229,18831,89125,2.9940809218570528,0.2161371054967334
3349,0.3832,5,35,5,282416,323194,18836,89120,2.9937567156989884,0.21614594702095977
3350,0.3833,91,850,91,283266,322344,18927,89029,2.9858831375745676,0.2164191621715572
3351,0.3834,1,9,1,283275,322335,18928,89028,2.9857997702767793,0.21642199225501565
3352,0.3835,8,27,8,283302,322308,18936,89020,2.9855496683834155,0.2164209584565116
3353,0.3836,0,12,0,283314,322296,18936,89020,2.9854385119863647,0.21642727246204865
3354,0.3837,8,39,8,283353,322257,18944,89012,2.98507725369595,0.21643255387593036
3355,0.3838,3,21,3,283374,322236,18947,89009,2.9848827300011114,0.21643788982236867
3356,0.3839,1,3,1,283377,322233,18948,89008,2.9848549409018488,0.2164375633752471
3357,0.384,11,146,11,283523,322087,18959,88997,2.983502538071066,0.21649346605559935
3358,0.3841,1,3,1,283526,322084,18960,88996,2.9834747489718034,0.21649314002140702
3359,0.3842,21,126,21,283652,321958,18981,88975,2.9823076068027716,0.21651948127796988
3360,0.3843,8,59,8,283711,321899,18989,88967,2.981761087850606,0.2165353180842416
3361,0.3844,1,6,1,283717,321893,18990,88966,2.9817055096520804,0.21653657337432064
3362,0.3845,4,30,4,283747,321863,18994,88962,2.981427618659454,0.21654475750015215
3363,0.3846,1,16,1,283763,321847,18995,88961,2.981279410130053,0.21655128429826098
3364,0.3847,4,42,4,283805,321805,18999,88957,2.9808903627403756,0.21656579722564404
3365,0.3848,5,32,5,283837,321773,19004,88952,2.9805939456815738,0.21657313287479457
3366,0.3849,0,5,0,283842,321768,19004,88952,2.9805476305161362,0.21657576938059991
3367,0.385,163,1493,163,285335,320275,19167,88789,2.966717922116418,0.21705405511118064
3368,0.3851,2,3,2,285338,320272,19169,88787,2.9666901330171553,0.2170518189307655
3369,0.3852,2,32,2,285370,320240,19171,88785,2.9663937159583535,0.21706497157875435
3370,0.3853,6,35,6,285405,320205,19177,88779,2.966069509800289,0.21707206149873834
3371,0.3854,1,8,1,285413,320197,19178,88778,2.9659954055355886,0.217074393300324
3372,0.3855,7,29,7,285442,320168,19185,88771,2.9657267775760494,0.2170763854755844
3373,0.3856,0,13,0,285455,320155,19185,88771,2.9656063581459113,0.21708328646258737
3374,0.3857,2,55,2,285510,320100,19187,88769,2.965096891326096,0.21710865827441064
3375,0.3858,17,152,17,285662,319948,19204,88752,2.9636889102967876,0.2171568387570345
3376,0.3859,0,9,0,285671,319939,19204,88752,2.963605542999,0.21716162088228025
3377,0.386,17,159,17,285830,319780,19221,88735,2.9621327207380785,0.21721356620931911
3378,0.3861,2,2,2,285832,319778,19223,88733,2.962114194671903,0.21721079726127326
3379,0.3862,8,16,8,285848,319762,19231,88725,2.9619659861425025,0.21720397466749247
3380,0.3863,5,31,5,285879,319731,19236,88720,2.9616788321167884,0.21721087719212342
3381,0.3864,2,8,2,285887,319723,19238,88718,2.961604727852088,0.21721129857188676
3382,0.3865,2,37,2,285924,319686,19240,88716,2.9612619956278485,0.2172271438435659
3383,0.3866,1,4,1,285928,319682,19241,88715,2.9612249434954983,0.2172273547552994
3384,0.3867,92,783,92,286711,318899,19333,88623,2.953971988587943,0.21746801399679036
3385,0.3868,2,28,2,286739,318871,19335,88621,2.9537126236614917,0.21747911615442758
3386,0.3869,1,5,1,286744,318866,19336,88620,2.953666308496054,0.21747986433889754
3387,0.387,11,46,11,286790,318820,19347,88609,2.9532402089740266,0.21748329156736512
3388,0.3871,1,22,1,286812,318798,19348,88608,2.9530364222461003,0.21749311497621537
3389,0.3872,2,23,2,286835,318775,19350,88606,2.9528233724850863,0.21750155260063675
3390,0.3873,6,62,6,286897,318713,19356,88600,2.952249064433658,0.21752313331516548
3391,0.3874,0,12,0,286909,318701,19356,88600,2.9521379080366077,0.21752954203402397
3392,0.3875,53,436,53,287345,318265,19409,88547,2.948099225610434,0.21766073763802443
3393,0.3876,3,15,3,287360,318250,19412,88544,2.9479602801141205,0.21766299404612655
3394,0.3877,7,42,7,287402,318208,19419,88537,2.947571232724443,0.21767200580216106
3395,0.3878,1,25,1,287427,318183,19420,88536,2.9473396568972543,0.21768346204627764
3396,0.3879,4,20,4,287447,318163,19424,88532,2.9471543962355033,0.21768647266378982
3397,0.388,10,102,10,287549,318061,19434,88522,2.946209566860573,0.21772184277257042
3398,0.3881,2,1,2,287550,318060,19436,88520,2.946200303827485,0.21771853017856266
3399,0.3882,4,29,4,287579,318031,19440,88516,2.9459316758679464,0.21772636374146162
3400,0.3883,52,489,52,288068,317542,19492,88464,2.941402052688132,0.21788840559006517
3401,0.3884,0,6,0,288074,317536,19492,88464,2.941346474489607,0.21789162561576356
3402,0.3885,3,40,3,288114,317496,19495,88461,2.9409759531661046,0.21790731530679358
3403,0.3886,3,11,3,288125,317485,19498,88458,2.9408740598021414,0.2179074402071227
3404,0.3887,6,45,6,288170,317440,19504,88452,2.9404572233132016,0.21792003784257882
3405,0.3888,4,31,4,288201,317409,19508,88448,2.9401700692874875,0.2179289749837997
3406,0.3889,1,7,1,288208,317402,19509,88447,2.9401052280558746,0.2179308067778903
3407,0.389,10,96,10,288304,317306,19519,88437,2.9392159768794692,0.21796309486546903
3408,0.3891,0,3,0,288307,317303,19519,88437,2.9391881877802066,0.21796470646226648
3409,0.3892,13,153,13,288460,317150,19532,88424,2.937770943717811,0.21802186530694767
3410,0.3893,7,74,7,288534,317076,19539,88417,2.937085479269332,0.21804815372891764
3411,0.3894,0,8,0,288542,317068,19539,88417,2.9370113750046314,0.21805245570119733
3412,0.3895,1,32,1,288574,317036,19540,88416,2.9367149579458296,0.21806773674812308
3413,0.3896,0,12,0,288586,317024,19540,88416,2.936603801548779,0.2180741910023678
3414,0.3897,3,27,3,288613,316997,19543,88413,2.9363536996554154,0.2180829283934782
3415,0.3898,0,31,0,288644,316966,19543,88413,2.936066545629701,0.21809960555430843
3416,0.3899,0,7,0,288651,316959,19543,88413,2.936001704398088,0.21810337171782954
3417,0.39,429,3540,429,292191,313419,19972,87984,2.9032105672681463,0.21919118691190648
3418,0.3901,0,5,0,292196,313414,19972,87984,2.9031642521027083,0.21919391725917917
3419,0.3902,6,21,6,292217,313393,19978,87978,2.9029697284078697,0.21919371354681827
3420,0.3903,3,42,3,292259,313351,19981,87975,2.9025806810181924,0.21921081614448104
3421,0.3904,7,17,7,292276,313334,19988,87968,2.902423209455704,0.21920648289816647
3422,0.3905,4,23,4,292299,313311,19992,87964,2.9022101596946905,0.21921126409569497
3423,0.3906,0,12,0,292311,313299,19992,87964,2.9020990032976397,0.2192178197341893
3424,0.3907,4,76,4,292387,313223,19996,87960,2.9013950127829857,0.21925156350094596
3425,0.3908,21,160,21,292547,313063,20017,87939,2.8999129274889768,0.2192981581139246
3426,0.3909,1,5,1,292552,313058,20018,87938,2.8998666123235393,0.21929894562539276
3427,0.391,9,93,9,292645,312965,20027,87929,2.8990051502463965,0.21933229232664994
3428,0.3911,0,11,0,292656,312954,20027,87929,2.8989032568824338,0.21933831067917572
3429,0.3912,6,31,6,292687,312923,20033,87923,2.8986161028567192,0.21934358831072281
3430,0.3913,1,55,1,292742,312868,20034,87922,2.898106636036904,0.2193717408118965
3431,0.3914,1,6,1,292748,312862,20035,87921,2.8980510578383787,0.2193730772013783
3432,0.3915,2,28,2,292776,312834,20037,87919,2.897791692911927,0.21938450866244294
3433,0.3916,0,9,0,292785,312825,20037,87919,2.897708325614139,0.21938943564969157
3434,0.3917,47,484,47,293269,312341,20084,87872,2.8932250175997627,0.21956308265848437
3435,0.3918,3,32,3,293301,312309,20087,87869,2.8929286005409613,0.21957478921879764
3436,0.3919,2,5,2,293306,312304,20089,87867,2.8928822853755234,0.21957363227220364
3437,0.392,15,103,15,293409,312201,20104,87852,2.891928192967505,0.21960090288036835
3438,0.3921,5,15,5,293424,312186,20109,87847,2.891789247471192,0.2195993830508983
3439,0.3922,3,34,3,293458,312152,20112,87844,2.891474304346215,0.21961219612196123
3440,0.3923,3,41,3,293499,312111,20115,87841,2.8910945199896254,0.2196288554626555
3441,0.3924,0,11,0,293510,312100,20115,87841,2.8909926266256623,0.2196348961471817
3442,0.3925,57,402,57,293912,311698,20172,87784,2.8872688873244656,0.2197445692171362
3443,0.3926,1,7,1,293919,311691,20173,87783,2.8872040460928527,0.2197464666035837
3444,0.3927,6,45,6,293964,311646,20179,87777,2.886787209603913,0.2197595030831975
3445,0.3928,2,24,2,293988,311622,20181,87775,2.886564896809811,0.21976880146821334
3446,0.3929,5,20,5,294008,311602,20186,87770,2.8863796361480603,0.21977003896116903
3447,0.393,10,46,10,294054,311556,20196,87760,2.8859535366260327,0.21977581664646545
3448,0.3931,2,8,2,294062,311548,20198,87758,2.8858794323613326,0.2197763119011485
3449,0.3932,4,26,4,294088,311522,20202,87754,2.885638593501056,0.21978280688045362
3450,0.3933,82,779,82,294867,310743,20284,87672,2.878422690725851,0.2200519558751553
3451,0.3934,0,1,0,294868,310742,20284,87672,2.8784134276927635,0.22005250819499314
3452,0.3935,5,44,5,294912,310698,20289,87667,2.8780058542369114,0.22006702396043828
3453,0.3936,2,15,2,294927,310683,20291,87665,2.877866908740598,0.220071394860775
3454,0.3937,4,30,4,294957,310653,20295,87661,2.8775890177479715,0.22008013778074584
3455,0.3938,5,37,5,294994,310616,20300,87656,2.8772462855237317,0.22009079222240077
3456,0.3939,1,3,1,294997,310613,20301,87655,2.877218496424469,0.22009049182962226
3457,0.394,25,148,25,295145,310465,20326,87630,2.875847567527511,0.22012333739434053
3458,0.3941,0,4,0,295149,310461,20326,87630,2.875810515395161,0.22012554918347815
3459,0.3942,19,175,19,295324,310286,20345,87611,2.874189484604839,0.22018512328567444
3460,0.3943,6,58,6,295382,310228,20351,87605,2.873652228685761,0.22020546309632433
3461,0.3944,1,6,1,295388,310222,20352,87604,2.8735966504872357,0.2202068240889233
3462,0.3945,0,20,0,295408,310202,20352,87604,2.8734113898254843,0.22021789515492476
3463,0.3946,1,14,1,295422,310188,20353,87603,2.8732817073622585,0.22022368530208075
3464,0.3947,1,51,1,295473,310137,20354,87602,2.8728092926747935,0.22024996291537918
3465,0.3948,2,20,2,295493,310117,20356,87600,2.8726240320130425,0.22025711749812052
3466,0.3949,2,16,2,295509,310101,20358,87598,2.8724758234836414,0.22026205748568642
3467,0.395,177,1486,177,296995,308615,20535,87421,2.858710956315536,0.22074003373430698
3468,0.3951,3,12,3,297007,308603,20538,87418,2.858599799918485,0.22074081929998662
3469,0.3952,4,22,4,297029,308581,20542,87414,2.8583960131905592,0.22074521142943723
3470,0.3953,4,30,4,297059,308551,20546,87410,2.8581181221979324,0.22075406416288473
3471,0.3954,3,10,3,297069,308541,20549,87407,2.858025491867057,0.2207537353389839
3472,0.3955,3,34,3,297103,308507,20552,87404,2.85771054874208,0.22076678849539416
3473,0.3956,1,2,1,297105,308505,20553,87403,2.857692022675905,0.2207659355203734
3474,0.3957,5,47,5,297152,308458,20558,87398,2.85725666012079,0.220782304676448
3475,0.3958,18,157,18,297309,308301,20576,87380,2.855802363926044,0.22083446008274343
3476,0.3959,1,2,1,297311,308299,20577,87379,2.855783837859869,0.22083360712498548
3477,0.396,17,132,17,297443,308167,20594,87362,2.854561117492312,0.2208738170905294
3478,0.3961,2,15,2,297458,308152,20596,87360,2.8544221719959983,0.22087825400999211
3479,0.3962,2,35,2,297493,308117,20598,87358,2.854097965837934,0.22089386181174536
3480,0.3963,3,51,3,297544,308066,20601,87355,2.853625551150469,0.22091644095786517
3481,0.3964,1,8,1,297552,308058,20602,87354,2.8535514468857683,0.22091894024460562
3482,0.3965,7,33,7,297585,308025,20609,87347,2.853245766793879,0.22092358588873265
3483,0.3966,0,5,0,297590,308020,20609,87347,2.8531994516284414,0.2209263797939636
3484,0.3967,95,814,95,298404,307206,20704,87252,2.845659342695172,0.22119465190210363
3485,0.3968,2,25,2,298429,307181,20706,87250,2.8454277668679833,0.22120472275252198
3486,0.3969,1,10,1,298439,307171,20707,87249,2.845335136537108,0.22120835657421023
3487,0.397,12,57,12,298496,307114,20719,87237,2.844807143651117,0.22121663188377866
3488,0.3971,5,27,5,298523,307087,20724,87232,2.8445570417577533,0.22122190409287912
3489,0.3972,2,18,2,298541,307069,20726,87230,2.8443903071621772,0.2212280528228578
3490,0.3973,8,50,8,298591,307019,20734,87222,2.8439271555077994,0.22124030732470748
3491,0.3974,1,7,1,298598,307012,20735,87221,2.8438623142761865,0.2212422602876979
3492,0.3975,55,390,55,298988,306622,20790,87166,2.8402497313720403,0.22135260597072537
3493,0.3976,1,16,1,299004,306606,20791,87165,2.8401015228426396,0.22135962272488324
3494,0.3977,5,29,5,299033,306577,20796,87160,2.8398328948831004,0.22136603875175562
3495,0.3978,4,14,4,299047,306563,20800,87156,2.8397032124198747,0.22136599960885808
3496,0.3979,2,14,2,299061,306549,20802,87154,2.839573529956649,0.22136991590107263
3497,0.398,22,96,22,299157,306453,20824,87132,2.838684278780244,0.2213803879721026
3498,0.3981,1,6,1,299163,306447,20825,87131,2.8386287005817183,0.22138178455096574
3499,0.3982,2,39,2,299202,306408,20827,87129,2.8382674422913037,0.2213997667309554
3500,0.3983,70,463,70,299665,305945,20897,87059,2.833978657971766,0.22152191835197607
3501,0.3984,1,4,1,299669,305941,20898,87058,2.8339416058394162,0.22152219216842792
3502,0.3985,5,48,5,299717,305893,20903,87053,2.8334969802512133,0.22153934637329303
3503,0.3986,0,17,0,299734,305876,20903,87053,2.833339508688725,0.22154893123185104
3504,0.3987,5,32,5,299766,305844,20908,87048,2.833043091629923,0.22155706911823098
3505,0.3988,5,26,5,299792,305818,20913,87043,2.832802252769647,0.22156182466572147
3506,0.3989,2,3,2,299795,305815,20915,87041,2.8327744636703844,0.22155955362779237
3507,0.399,12,93,12,299888,305722,20927,87029,2.8319130015932417,0.22158823274797518
3508,0.3991,2,12,2,299900,305710,20929,87027,2.831801845196191,0.22159103929601745
3509,0.3992,17,137,17,300037,305573,20946,87010,2.8305328096631963,0.22163466069595475
3510,0.3993,6,72,6,300109,305501,20952,87004,2.829865871280892,0.22166341830040381
3511,0.3994,1,15,1,300124,305486,20953,87003,2.8297269257845787,0.2216699066725437
3512,0.3995,6,34,6,300158,305452,20959,86997,2.829411982659602,0.22167721156124745
3513,0.3996,2,11,2,300169,305441,20961,86995,2.829310089295639,0.221679458561396
3514,0.3997,2,35,2,300204,305406,20963,86993,2.8289858831375745,0.22169526425908323
3515,0.3998,5,26,5,300230,305380,20968,86988,2.8287450442772983,0.22170003670024058
3516,0.3999,1,8,1,300238,305372,20969,86987,2.828670940012598,0.22170257340853658
3517,0.4,428,3686,428,303924,301686,21397,86559,2.794527400051873,0.2229494262643434
3518,0.4001,1,9,1,303933,301677,21398,86558,2.794444032754085,0.2229525931459039
3519,0.4002,4,29,4,303962,301648,21402,86554,2.794175404794546,0.22296124182770827
3520,0.4003,2,26,2,303988,301622,21404,86552,2.7939345659342694,0.2229721722732589
3521,0.4004,3,13,3,304001,301609,21407,86549,2.7938141465041313,0.22297363444782795
3522,0.4005,4,35,4,304036,301574,21411,86545,2.793489940346067,0.22298573375691477
3523,0.4006,1,17,1,304053,301557,21412,86544,2.7933324687835785,0.2229934991149211
3524,0.4007,8,74,8,304127,301483,21420,86536,2.7926470043350995,0.22302000675224667
3525,0.4008,20,164,20,304291,301319,21440,86516,2.7911278669087407,0.2230742454909949
3526,0.4009,1,7,1,304298,301312,21441,86515,2.791063025677128,0.2230762685424171
3527,0.401,11,69,11,304367,301243,21452,86504,2.7904238763940863,0.2230939246467413
3528,0.4011,2,14,2,304381,301229,21454,86502,2.7902941939308605,0.22309797256345248
3529,0.4012,4,37,4,304418,301192,21458,86498,2.7899514617066212,0.22311124867806753
3530,0.4013,5,45,5,304463,301147,21463,86493,2.7895346252176814,0.2231271282633371
3531,0.4014,2,12,2,304475,301135,21465,86491,2.7894234688206305,0.22313002739754298
3532,0.4015,6,35,6,304510,301100,21471,86485,2.789099262662566,0.22313815034121548
3533,0.4016,1,4,1,304514,301096,21472,86484,2.789062210530216,0.22313844883636927
3534,0.4017,56,489,56,305003,300607,21528,86428,2.784532587350402,0.22330796956347618
3535,0.4018,4,33,4,305036,300574,21532,86424,2.7842269072585126,0.22331898356063856
3536,0.4019,1,22,1,305058,300552,21533,86423,2.7840231205305863,0.2233296724594612
3537,0.402,11,90,11,305148,300462,21544,86412,2.7831894475527066,0.22335954341723663
3538,0.4021,1,10,1,305158,300452,21545,86411,2.783096817221831,0.2233633094919907
3539,0.4022,4,19,4,305177,300433,21549,86407,2.7829208195931674,0.2233662496122428
3540,0.4023,3,49,3,305226,300384,21552,86404,2.7824669309718773,0.22338852291177597
3541,0.4024,0,12,0,305238,300372,21552,86404,2.782355774574827,0.2233954536992988
3542,0.4025,52,398,52,305636,299974,21604,86352,2.77866908740598,0.22352106769930058
3543,0.4026,1,13,1,305649,299961,21605,86351,2.778548667975842,0.22352657955227898
3544,0.4027,7,64,7,305713,299897,21612,86344,2.7779558338582384,0.22354954549102762
3545,0.4028,1,20,1,305733,299877,21613,86343,2.7777705731964875,0.2235591113872922
3546,0.4029,1,12,1,305745,299865,21614,86342,2.7776594167994366,0.2235640472596302
3547,0.403,11,67,11,305812,299798,21625,86331,2.777038793582571,0.22358072043280872
3548,0.4031,4,14,4,305826,299784,21629,86327,2.776909111119345,0.22358078376425433
3549,0.4032,1,29,1,305855,299755,21630,86326,2.776640483159806,0.2235955667334057
3550,0.4033,79,780,79,306635,298975,21709,86247,2.7694153173515135,0.22388908213964934
3551,0.4034,2,9,2,306644,298966,21711,86245,2.7693319500537257,0.2238902835069611
3552,0.4035,5,46,5,306690,298920,21716,86240,2.768905850531698,0.22390694776196904
3553,0.4036,4,12,4,306702,298908,21720,86236,2.7687946941346473,0.22390586378081964
3554,0.4037,3,20,3,306722,298888,21723,86233,2.7686094334728963,0.22391144601307122
3555,0.4038,1,30,1,306752,298858,21724,86232,2.76833154248027,0.2239268742371913
3556,0.4039,1,10,1,306762,298848,21725,86231,2.768238912149394,0.22393067396560187
3557,0.404,19,144,19,306906,298704,21744,86212,2.7669050353847866,0.22397614024878154
3558,0.4041,0,3,0,306909,298701,21744,86212,2.7668772462855236,0.2239778859118814
3559,0.4042,22,146,22,307055,298555,21766,86190,2.765524843454741,0.22401850576355767
3560,0.4043,9,61,9,307116,298494,21775,86181,2.7649597984364,0.22403587443946188
3561,0.4044,2,9,2,307125,298485,21777,86179,2.764876431138612,0.22403708171287148
3562,0.4045,4,43,4,307168,298442,21781,86175,2.764478120715847,0.2240540589729523
3563,0.4046,2,9,2,307177,298433,21783,86173,2.7643947534180593,0.22405526694851355
3564,0.4047,10,34,10,307211,298399,21793,86163,2.7640798102930826,0.22405489881995622
3565,0.4048,1,16,1,307227,298383,21794,86162,2.7639316017636815,0.22406220338321914
3566,0.4049,1,12,1,307239,298371,21795,86161,2.7638204453666306,0.22406717776413926
3567,0.405,199,1433,199,308672,296938,21994,85962,2.7505465189521656,0.22450248106555237
3568,0.4051,0,4,0,308676,296934,21994,85962,2.7505094668198153,0.22450482637583052
3569,0.4052,4,18,4,308694,296916,21998,85958,2.7503427322242393,0.22450727915711174
3570,0.4053,2,32,2,308726,296884,22000,85956,2.750046315165438,0.224521993522098
3571,0.4054,3,14,3,308740,296870,22003,85953,2.749916632702212,0.22452412733822158
3572,0.4055,4,37,4,308777,296833,22007,85949,2.7495739004779725,0.22453772643436734
3573,0.4056,1,6,1,308783,296827,22008,85948,2.7495183222794473,0.2245392201685063
3574,0.4057,6,48,6,308831,296779,22014,85942,2.749073696691245,0.22455522430177596
3575,0.4058,23,133,23,308964,296646,22037,85919,2.7478417132905997,0.22458667154601178
3576,0.4059,0,5,0,308969,296641,22037,85919,2.747795398125162,0.2245896068590548
3577,0.406,19,122,19,309091,296519,22056,85900,2.7466653080884806,0.22462273056516543
3578,0.4061,2,12,2,309103,296507,22058,85898,2.74655415169143,0.2246257240360351
3579,0.4062,9,34,9,309137,296473,22067,85889,2.746239208566453,0.22462744728817194
3580,0.4063,2,40,2,309177,296433,22069,85887,2.7458686872429507,0.22464689265536722
3581,0.4064,0,4,0,309181,296429,22069,85887,2.7458316351106005,0.2246492430345578
3582,0.4065,1,37,1,309218,296392,22070,85886,2.745488902886361,0.22466895819272886
3583,0.4066,0,2,0,309220,296390,22070,85886,2.745470376820186,0.22467013362073476
3584,0.4067,84,761,84,309981,295629,22154,85802,2.738421208640557,0.22494763141957524
3585,0.4068,2,28,2,310009,295601,22156,85800,2.7381618437141055,0.22496008138416
3586,0.4069,1,5,1,310014,295596,22157,85799,2.738115528548668,0.2249609984399376
3587,0.407,8,65,8,310079,295531,22165,85791,2.7375134313979768,0.22498308516162194
3588,0.4071,1,19,1,310098,295512,22166,85790,2.7373374337693135,0.22499226335031025
3589,0.4072,1,13,1,310111,295499,22167,85789,2.7372170143391754,0.2249979018484715
3590,0.4073,8,69,8,310180,295430,22175,85781,2.736577865056134,0.22502236294335684
3591,0.4074,2,11,2,310191,295419,22177,85779,2.7364759716921707,0.22502479026647568
3592,0.4075,64,443,64,310634,294976,22241,85715,2.7323724480343845,0.22515636040778478
3593,0.4076,0,14,0,310648,294962,22241,85715,2.7322427655711587,0.2251646408897832
3594,0.4077,6,39,6,310687,294923,22247,85709,2.731881507280744,0.2251754975934761
3595,0.4078,5,31,5,310718,294892,22252,85704,2.73159435325503,0.22518365931328757
3596,0.4079,1,17,1,310735,294875,22253,85703,2.7314368816925416,0.22519168212560894
3597,0.408,17,115,17,310850,294760,22270,85686,2.7303716328874725,0.2252251305047234
3598,0.4081,0,12,0,310862,294748,22270,85686,2.730260476490422,0.22523223476345436
3599,0.4082,6,25,6,310887,294723,22276,85680,2.7300289006632332,0.2252348167601202
3600,0.4083,78,503,78,311390,294220,22354,85602,2.7253695950201933,0.22537399097471975
3601,0.4084,1,5,1,311395,294215,22355,85601,2.7253232798547558,0.22537491838153212
3602,0.4085,5,50,5,311445,294165,22360,85596,2.724860128200378,0.22539439278914897
3603,0.4086,3,19,3,311464,294146,22363,85593,2.724684130571714,0.22539955074406368
3604,0.4087,6,29,6,311493,294117,22369,85587,2.7244155026121755,0.22540452563049113
3605,0.4088,1,26,1,311519,294091,22370,85586,2.724174663751899,0.22541792102234268
3606,0.4089,0,3,0,311522,294088,22370,85586,2.7241468746526363,0.22541970216554202
3607,0.409,15,93,15,311615,293995,22385,85571,2.7232854125754935,0.22544432325339994
3608,0.4091,1,3,1,311618,293992,22386,85570,2.723257623476231,0.22544406447431514
3609,0.4092,16,172,16,311790,293820,22402,85554,2.7216643817851716,0.22551360926157302
3610,0.4093,6,73,6,311863,293747,22408,85548,2.72098818036978,0.2255447606744091
3611,0.4094,2,6,2,311869,293741,22410,85546,2.720932602171255,0.2255442448594336
3612,0.4095,7,29,7,311898,293712,22417,85539,2.720663974211716,0.22554719697509037
3613,0.4096,0,8,0,311906,293704,22417,85539,2.7205898699470152,0.2255519548152504
3614,0.4097,6,35,6,311941,293669,22423,85533,2.720265663788951,0.22556051919557385
3615,0.4098,2,20,2,311961,293649,22425,85531,2.7200804031272,0.2255683316630624
3616,0.4099,2,8,2,311969,293641,22427,85529,2.7200062988624993,0.22556900598676055
3617,0.41,416,3617,416,315586,290024,22843,85113,2.686501908184816,0.22688511130600286
3618,0.4101,1,7,1,315593,290017,22844,85112,2.686437066953203,0.2268872841076003
3619,0.4102,5,20,5,315613,289997,22849,85107,2.686251806291452,0.22688907609622933
3620,0.4103,6,49,6,315662,289948,22855,85101,2.685797917670162,0.22690635090348193
3621,0.4104,3,13,3,315675,289935,22858,85098,2.6856774982400236,0.2269080320931758
3622,0.4105,3,30,3,315705,289905,22861,85095,2.685399607247397,0.22692
3623,0.4106,1,5,1,315710,289900,22862,85094,2.685353292081959,0.22692096406875845
3624,0.4107,7,71,7,315781,289829,22869,85087,2.684695616732743,0.22694950335541828
3625,0.4108,25,171,25,315952,289658,22894,85062,2.683111638074771,0.22700149444918874
3626,0.4109,1,6,1,315958,289652,22895,85061,2.683056059876246,0.2270030663467774
3627,0.411,18,100,18,316058,289552,22913,85043,2.6821297565674906,0.22702652197706857
3628,0.4111,2,7,2,316065,289545,22915,85041,2.6820649153358778,0.2270266374076981
3629,0.4112,2,34,2,316099,289511,22917,85039,2.6817499722109006,0.22704311840875718
3630,0.4113,5,41,5,316140,289470,22922,85034,2.681370187854311,0.22705765492491403
3631,0.4114,1,11,1,316151,289459,22923,85033,2.681268294490348,0.22706226034200996
3632,0.4115,8,34,8,316185,289425,22931,85025,2.680953351365371,0.22706636400053412
3633,0.4116,0,8,0,316193,289417,22931,85025,2.6808792471006706,0.22707121530170227
3634,0.4117,64,434,64,316627,288983,22995,84961,2.676859090740672,0.22720246881886058
3635,0.4118,7,38,7,316665,288945,23002,84954,2.676507095483345,0.22721109176542328
3636,0.4119,1,13,1,316678,288932,23003,84953,2.6763866760532067,0.2272169249903045
3637,0.412,12,82,12,316760,288850,23015,84941,2.6756271073400275,0.22724196141694156
3638,0.4121,3,21,3,316781,288829,23018,84938,2.675432583645189,0.22724852648842728
3639,0.4122,3,21,3,316802,288808,23021,84935,2.6752380599503502,0.22725509240306843
3640,0.4123,7,55,7,316857,288753,23028,84928,2.6747285931305345,0.2272740653123921
3641,0.4124,2,13,2,316870,288740,23030,84926,2.6746081737003964,0.22727783635653231
3642,0.4125,40,402,40,317272,288338,23070,84886,2.6708844343991998,0.22743982166205817
3643,0.4126,0,7,0,317279,288331,23070,84886,2.670819593167587,0.22744408748797618
3644,0.4127,14,61,14,317340,288270,23084,84872,2.670254548149246,0.22745228358104957
3645,0.4128,4,29,4,317369,288241,23088,84868,2.6699859201897067,0.2274616800988451
3646,0.4129,3,14,3,317383,288227,23091,84865,2.669856237726481,0.2274640035165589
3647,0.413,10,66,10,317449,288161,23101,84855,2.6692448775427025,0.22748353958007164
3648,0.4131,1,3,1,317452,288158,23102,84854,2.66921708844344,0.2274832981244571
3649,0.4132,4,38,4,317490,288120,23106,84850,2.668865093186113,0.22749819020296538
3650,0.4133,99,800,99,318290,287320,23205,84751,2.6614546667160695,0.2277817943349522
3651,0.4134,1,2,1,318292,287318,23206,84750,2.6614361406498945,0.22778094326843482
3652,0.4135,8,43,8,318335,287275,23214,84742,2.6610378302271296,0.22779066548034096
3653,0.4136,1,11,1,318346,287264,23215,84741,2.6609359368631664,0.22779532533164876
3654,0.4137,6,40,6,318386,287224,23221,84735,2.6605654155396645,0.22780736586559272
3655,0.4138,4,36,4,318422,287188,23225,84731,2.6602319463485125,0.22782111158612495
3656,0.4139,4,6,4,318428,287182,23229,84727,2.660176368149987,0.2278164819888736
3657,0.414,13,157,13,318585,287025,23242,84714,2.658722071955241,0.22788569399498035
3658,0.4141,2,4,2,318589,287021,23244,84712,2.6586850198228906,0.22788399200501436
3659,0.4142,27,149,27,318738,286872,23271,84685,2.6573048278928453,0.22791926945260083
3660,0.4143,7,65,7,318803,286807,23278,84678,2.656702730742154,0.22794460072412076
3661,0.4144,0,17,0,318820,286790,23278,84678,2.6565452591796657,0.2279550324657844
3662,0.4145,4,32,4,318852,286758,23282,84674,2.656248842120864,0.22796635723362554
3663,0.4146,2,5,2,318857,286753,23284,84672,2.6562025269554264,0.22796526889681631
3664,0.4147,7,53,7,318910,286700,23291,84665,2.655711586201786,0.22798325097949457
3665,0.4148,5,23,5,318933,286677,23296,84660,2.6554985364407724,0.22798697678927765
3666,0.4149,1,6,1,318939,286671,23297,84659,2.6554429582422467,0.22798858158511298
3667,0.415,159,1507,159,320446,285164,23456,84500,2.6414835673793027,0.22858595914127425
3668,0.4151,2,2,2,320448,285162,23458,84498,2.6414650413131278,0.2285830222366499
3669,0.4152,1,28,1,320476,285134,23459,84497,2.6412056763866762,0.22859825068784814
3670,0.4153,4,41,4,320517,285093,23463,84493,2.640825892030086,0.22861526140059418
3671,0.4154,1,6,1,320523,285087,23464,84492,2.640770313831561,0.2286168856996745
3672,0.4155,2,34,2,320557,285053,23466,84490,2.6404553707065843,0.22863374492278302
3673,0.4156,2,5,2,320562,285048,23468,84488,2.6404090555411464,0.22863266366470383
3674,0.4157,8,77,8,320639,284971,23476,84480,2.6396958019934047,0.22866361168328142
3675,0.4158,22,125,22,320764,284846,23498,84458,2.6385379228574606,0.22869505881333535
3676,0.4159,0,5,0,320769,284841,23498,84458,2.6384916076920226,0.22869815515341227
3677,0.416,21,173,21,320942,284668,23519,84437,2.6368891029678756,0.22876146354018503
3678,0.4161,1,15,1,320957,284653,23520,84436,2.6367501574715626,0.22876867097095824
3679,0.4162,2,32,2,320989,284621,23522,84434,2.636453740412761,0.22878432753925568
3680,0.4163,8,33,8,321022,284588,23530,84426,2.6361480603208713,0.22878806766138954
3681,0.4164,0,15,0,321037,284573,23530,84426,2.6360091148245584,0.22879736801454748
3682,0.4165,5,31,5,321068,284542,23535,84421,2.635721960798844,0.22880614045310776
3683,0.4166,0,3,0,321071,284539,23535,84421,2.635694171699581,0.22880800086730269
3684,0.4167,91,767,91,321838,283772,23626,84330,2.6285894253214273,0.22909410978478792
3685,0.4168,3,25,3,321863,283747,23629,84327,2.6283578494942383,0.2291033868189549
3686,0.4169,0,9,0,321872,283738,23629,84327,2.6282744821964505,0.22910898890141687
3687,0.417,7,78,7,321950,283660,23636,84320,2.627551965615621,0.22914288820044568
3688,0.4171,2,20,2,321970,283640,23638,84318,2.6273667049538703,0.2291511531207366
3689,0.4172,1,19,1,321989,283621,23639,84317,2.6271907073252065,0.2291608912371106
3690,0.4173,7,50,7,322039,283571,23646,84310,2.6267275556708287,0.22917736985601322
3691,0.4174,0,13,0,322052,283558,23646,84310,2.6266071362406906,0.22918546870072962
3692,0.4175,61,415,61,322467,283143,23707,84249,2.6227629775093555,0.22931637052521558
3693,0.4176,2,9,2,322476,283134,23709,84247,2.6226796102115677,0.2293177927002213
3694,0.4177,4,44,4,322520,283090,23713,84243,2.622272036755715,0.22933686872674114
3695,0.4178,4,27,4,322547,283063,23717,84239,2.6220219348623512,0.22934533435701412
3696,0.4179,6,23,6,322570,283040,23723,84233,2.6218088851013377,0.22934710692046517
3697,0.418,9,103,9,322673,282937,23732,84224,2.6208547926933194,0.22939255530952363
3698,0.4181,0,8,0,322681,282929,23732,84224,2.620780688428619,0.22939755360844116
3699,0.4182,6,25,6,322706,282904,23738,84218,2.6205491126014304,0.22940058073338018
3700,0.4183,55,439,55,323145,282465,23793,84163,2.616482641075994,0.22955966265533456
3701,0.4184,1,7,1,323152,282458,23794,84162,2.616417799844381,0.22956194424744966
3702,0.4185,5,37,5,323189,282421,23799,84157,2.6160750676201414,0.22957460622295936
3703,0.4186,2,21,2,323210,282400,23801,84155,2.615880543925303,0.22958355499174748
3704,0.4187,5,44,5,323254,282356,23806,84150,2.6154729704694506,0.22960060681134825
3705,0.4188,3,25,3,323279,282331,23809,84147,2.6152413946422617,0.22960996294456967
3706,0.4189,2,8,2,323287,282323,23811,84145,2.615167290377561,0.22961077092679305
3707,0.419,12,92,12,323379,282231,23823,84133,2.614315091333506,0.2296431963839242
3708,0.4191,2,5,2,323384,282226,23825,84131,2.6142687761680685,0.22964212503104894
3709,0.4192,26,155,26,323539,282071,23851,84105,2.6128330060394975,0.22968463252643537
3710,0.4193,11,83,11,323622,281988,23862,84094,2.6120641742932307,0.22971356144251834
3711,0.4194,0,7,0,323629,281981,23862,84094,2.611999333061618,0.22971795397118078
3712,0.4195,6,18,6,323647,281963,23868,84088,2.6118325984660418,0.22971662418624728
3713,0.4196,1,8,1,323655,281955,23869,84087,2.611758494201341,0.22971954038061207
3714,0.4197,4,43,4,323698,281912,23873,84083,2.6113601837785763,0.22973811117638218
3715,0.4198,4,20,4,323718,281892,23877,84079,2.6111749231168253,0.22974224733653759
3716,0.4199,1,9,1,323727,281883,23878,84078,2.6110915558190375,0.2297457925844557
3717,0.42,428,3466,428,327193,278417,24306,83650,2.5789858831375745,0.23103458752109415
3718,0.4201,2,9,2,327202,278408,24308,83648,2.5789025158397867,0.23103608281591798
3719,0.4202,7,17,7,327219,278391,24315,83641,2.5787450442772983,0.23103206346400318
3720,0.4203,2,34,2,327253,278357,24317,83639,2.578430101152321,0.23104951435927468
3721,0.4204,1,10,1,327263,278347,24318,83638,2.5783374708214457,0.23105377294639282
3722,0.4205,2,42,2,327305,278305,24320,83636,2.5779484234317684,0.23107633564586494
3723,0.4206,1,5,1,327310,278300,24321,83635,2.577902108266331,0.2310774034011632
3724,0.4207,7,66,7,327376,278234,24328,83628,2.577290748082552,0.23110467526294554
3725,0.4208,21,129,21,327505,278105,24349,83607,2.5760958168142576,0.23114245587649843
3726,0.4209,0,1,0,327506,278104,24349,83607,2.57608655378117,0.23114309490173093
3727,0.421,14,93,14,327599,278011,24363,83593,2.5752250917040276,0.2311727746374487
3728,0.4211,1,8,1,327607,278003,24364,83592,2.575150987439327,0.23117576293919995
3729,0.4212,7,27,7,327634,277976,24371,83585,2.574900885545963,0.23117814144777782
3730,0.4213,6,46,6,327680,277930,24377,83579,2.5744747860239356,0.2311947973632745
3731,0.4214,1,10,1,327690,277920,24378,83578,2.57438215569306,0.23119906610824956
3732,0.4215,2,36,2,327726,277884,24380,83576,2.574048686501908,0.23121783876500857
3733,0.4216,0,6,0,327732,277878,24380,83576,2.573993108303383,0.23122167689387862
3734,0.4217,51,443,51,328175,277435,24431,83525,2.5698895846455962,0.23139683067375885
3735,0.4218,3,26,3,328201,277409,24434,83522,2.56964874578532,0.23140711105446748
3736,0.4219,1,12,1,328213,277397,24435,83521,2.5695375893882693,0.2314126754553666
3737,0.422,14,82,14,328295,277315,24449,83507,2.5687780206750896,0.23143544462366486
3738,0.4221,1,15,1,328310,277300,24450,83506,2.5686390751787767,0.2314429360930805
3739,0.4222,6,20,6,328330,277280,24456,83500,2.5684538145170253,0.23144298464438162
3740,0.4223,6,52,6,328382,277228,24462,83494,2.5679721367964725,0.23146356473960558
3741,0.4224,2,12,2,328394,277216,24464,83492,2.567860980399422,0.23146700378145205
3742,0.4225,39,394,39,328788,276822,24503,83453,2.5642113453629256,0.23163694400111026
3743,0.4226,3,3,3,328791,276819,24506,83450,2.564183556263663,0.23163247462312883
3744,0.4227,5,81,5,328872,276738,24511,83445,2.563433250583571,0.2316738991012902
3745,0.4228,3,22,3,328894,276716,24514,83442,2.5632294638556448,0.23168165083102416
3746,0.4229,3,26,3,328920,276690,24517,83439,2.5629886249953686,0.2316919770415601
3747,0.423,9,65,9,328985,276625,24526,83430,2.5623865278446774,0.2317145991584619
3748,0.4231,2,11,2,328996,276614,24528,83428,2.562284634480714,0.23171741074652402
3749,0.4232,3,22,3,329018,276592,24531,83425,2.5620808477527883,0.23172516853370814
3750,0.4233,90,683,90,329701,275909,24621,83335,2.5557541961539885,0.23197325494649876
3751,0.4234,0,4,0,329705,275905,24621,83335,2.5557171440216386,0.2319758378799688
3752,0.4235,3,42,3,329747,275863,24624,83332,2.5553280966319614,0.23199654783613358
3753,0.4236,0,13,0,329760,275850,24624,83332,2.555207677201823,0.23200494456849174
3754,0.4237,6,41,6,329801,275809,24630,83326,2.5548278928452333,0.23201860024781767
3755,0.4238,1,30,1,329831,275779,24631,83325,2.554550001852607,0.23203584476920336
3756,0.4239,1,17,1,329848,275762,24632,83324,2.554392530290118,0.2320446912438803
3757,0.424,17,149,17,329997,275613,24649,83307,2.5530123383600727,0.2321046472751588
3758,0.4241,0,6,0,330003,275607,24649,83307,2.5529567601615475,0.23210852739096274
3759,0.4242,19,149,19,330152,275458,24668,83288,2.5515765682315017,0.23216426106493174
3760,0.4243,5,70,5,330222,275388,24673,83283,2.550928155915373,0.23219886748580176
3761,0.4244,1,7,1,330229,275381,24674,83282,2.55086331468376,0.23220125856305224
3762,0.4245,1,31,1,330260,275350,24675,83281,2.550576160658046,0.23221918908292924
3763,0.4246,1,12,1,330272,275338,24676,83280,2.550465004260995,0.23222481860921648
3764,0.4247,5,38,5,330310,275300,24681,83275,2.550113009003668,0.23223872272188523
3765,0.4248,5,24,5,330334,275276,24686,83270,2.549890696209567,0.2322435614955961
3766,0.4249,1,9,1,330343,275267,24687,83269,2.549807328911779,0.23224724992748288
3767,0.425,183,1374,183,331717,273893,24870,83086,2.5370799214494792,0.23274758459181072
3768,0.4251,1,10,1,331727,273883,24871,83085,2.5369872911186038,0.23275195535734294
3769,0.4252,8,24,8,331751,273859,24879,83077,2.5367649783245025,0.23275040903691419
3770,0.4253,5,59,5,331810,273800,24884,83072,2.536218459372337,0.23277813894057253
3771,0.4254,4,12,4,331822,273788,24888,83068,2.536107302975286,0.2327773667809985
3772,0.4255,4,37,4,331859,273751,24892,83064,2.5357645707510468,0.23279290388576712
3773,0.4256,4,6,4,331865,273745,24896,83060,2.5357089925525216,0.2327882176539006
3774,0.4257,5,63,5,331928,273682,24901,83055,2.5351254214680057,0.23281857502866257
3775,0.4258,24,163,24,332091,273519,24925,83031,2.533615547074734,0.2328733697938578
3776,0.4259,3,7,3,332098,273512,24928,83028,2.5335507058431213,0.23287148707017447
3777,0.426,22,152,22,332250,273360,24950,83006,2.532142724813813,0.2329234550995325
3778,0.4261,2,9,2,332259,273351,24952,83004,2.532059357516025,0.23292503262196404
3779,0.4262,2,22,2,332281,273329,24954,83002,2.5318555707880988,0.23293510808770498
3780,0.4263,1,29,1,332310,273300,24955,83001,2.53158694282856,0.23295191425227546
3781,0.4264,1,14,1,332324,273286,24956,83000,2.531457260365334,0.23295891502893742
3782,0.4265,5,36,5,332360,273250,24961,82995,2.531123791174182,0.2329716908307485
3783,0.4266,2,2,2,332362,273248,24963,82993,2.531105265108007,0.2329686925424081
3784,0.4267,109,760,109,333122,272488,25072,82884,2.5240653599614657,0.2332316558423286
3785,0.4268,6,39,6,333161,272449,25078,82878,2.523704101671051,0.23324430735632248
3786,0.4269,1,8,1,333169,272441,25079,82877,2.5236299974063505,0.2332474009197395
3787,0.427,9,61,9,333230,272380,25088,82868,2.52306495238801,0.23326802684321937
3788,0.4271,0,20,0,333250,272360,25088,82868,2.522879691726259,0.23328116026889772
3789,0.4272,1,23,1,333273,272337,25089,82867,2.522666641965245,0.23329410704834405
3790,0.4273,9,63,9,333336,272274,25098,82858,2.522083070880729,0.23331606275976258
3791,0.4274,0,6,0,333342,272268,25098,82858,2.522027492682204,0.2333200047307153
3792,0.4275,46,374,46,333716,271894,25144,82812,2.5185631183074584,0.23346658923164537
3793,0.4276,2,11,2,333727,271883,25146,82810,2.5184612249434957,0.2334695074331887
3794,0.4277,7,44,7,333771,271839,25153,82803,2.518053651487643,0.23348334376638977
3795,0.4278,5,18,5,333789,271821,25158,82798,2.517886916892067,0.23348438746936853
3796,0.4279,1,7,1,333796,271814,25159,82797,2.517822075660454,0.23348683486975869
3797,0.428,10,100,10,333896,271714,25169,82787,2.516895772351699,0.233531076075949
3798,0.4281,0,6,0,333902,271708,25169,82787,2.5168401941531737,0.23353502870280257
3799,0.4282,5,38,5,333940,271670,25174,82782,2.5164881988958463,0.23354925349553676
3800,0.4283,59,482,59,334422,271188,25233,82723,2.5120234169476454,0.2337395559900653
3801,0.4284,0,10,0,334432,271178,25233,82723,2.51193078661677,0.23374616064944717
3802,0.4285,6,28,6,334460,271150,25239,82717,2.5116714216903184,0.23375166376067844
3803,0.4286,1,19,1,334479,271131,25240,82716,2.5114954240616547,0.23376204969944636
3804,0.4287,7,39,7,334518,271092,25247,82709,2.51113416577124,0.23377265751086063
3805,0.4288,1,20,1,334538,271072,25248,82708,2.510948905109489,0.2337837073887727
3806,0.4289,2,15,2,334553,271057,25250,82706,2.5108099596131757,0.23378928830883952
3807,0.429,14,84,14,334637,270973,25264,82692,2.510031864833821,0.23381448545940367
3808,0.4291,0,5,0,334642,270968,25264,82692,2.5099855496683836,0.23381779109879544
3809,0.4292,18,177,18,334819,270791,25282,82674,2.5083459928118863,0.2338958595617671
3810,0.4293,7,64,7,334883,270727,25289,82667,2.5077531586942827,0.23392304340198192
3811,0.4294,1,10,1,334893,270717,25290,82666,2.5076605283634072,0.23392749509738725
3812,0.4295,5,26,5,334919,270691,25295,82661,2.507419689503131,0.2339338676447282
3813,0.4296,1,12,1,334931,270679,25296,82660,2.5073085331060803,0.23393964436419415
3814,0.4297,0,33,0,334964,270646,25296,82660,2.507002853014191,0.23396149513452927
3815,0.4298,5,24,5,334988,270622,25301,82655,2.5067805402200896,0.23396654749672352
3816,0.4299,0,11,0,334999,270611,25301,82655,2.5066786468561264,0.23397383274925976
3817,0.43,423,3471,423,338470,267140,25724,82232,2.474526659009226,0.23537089406134434
3818,0.4301,3,6,3,338476,267134,25727,82229,2.4744710808107007,0.23536837043419023
3819,0.4302,3,24,3,338500,267110,25730,82226,2.4742487680165994,0.2353779742139373
3820,0.4303,2,32,2,338532,267078,25732,82224,2.4739523509577976,0.2353951594894962
3821,0.4304,2,15,2,338547,267063,25734,82222,2.473813405461484,0.2354008903903689
3822,0.4305,4,32,4,338579,267031,25738,82218,2.4735169884026824,0.23541370197194553
3823,0.4306,2,12,2,338591,267019,25740,82216,2.473405832005632,0.23541741234412358
3824,0.4307,10,60,10,338651,266959,25750,82206,2.4728500500203787,0.2354359686681082
3825,0.4308,27,150,27,338801,266809,25777,82179,2.4714605950572457,0.23547801070523916
3826,0.4309,1,3,1,338804,266806,25778,82178,2.471432805957983,0.2354778442564702
3827,0.431,13,84,13,338888,266722,25791,82165,2.470654711178628,0.23550605210282985
3828,0.4311,0,14,0,338902,266708,25791,82165,2.4705250287154024,0.23551550277608185
3829,0.4312,3,28,3,338930,266680,25794,82162,2.470265663788951,0.23552783208443936
3830,0.4313,7,40,7,338970,266640,25801,82155,2.469895142465449,0.23553950027953383
3831,0.4314,0,14,0,338984,266626,25801,82155,2.469765460002223,0.23554895478824822
3832,0.4315,5,41,5,339025,266585,25806,82150,2.4693856756456336,0.2355656874130787
3833,0.4316,0,3,0,339028,266582,25806,82150,2.4693578865463706,0.23556771388917563
3834,0.4317,61,441,61,339469,266141,25867,82089,2.4652728889547593,0.23573213106280333
3835,0.4318,3,33,3,339502,266108,25870,82086,2.4649672088628702,0.23574788767181515
3836,0.4319,1,4,1,339506,266104,25871,82085,2.46493015673052,0.23574840101209402
3837,0.432,14,92,14,339598,266012,25885,82071,2.464077957686465,0.23577997201816808
3838,0.4321,3,22,3,339620,265990,25888,82068,2.4638741709585386,0.23578828815887007
3839,0.4322,1,23,1,339643,265967,25889,82067,2.463661121197525,0.2358016745490383
3840,0.4323,3,42,3,339685,265925,25892,82064,2.4632720738078477,0.2358235461465736
3841,0.4324,3,9,3,339694,265916,25895,82061,2.4631887065100595,0.23582305727102654
3842,0.4325,54,346,54,340040,265570,25949,82007,2.459983697061766,0.23593908687859094
3843,0.4326,1,10,1,340050,265560,25950,82006,2.4598910667308904,0.2359436768843903
3844,0.4327,12,67,12,340117,265493,25962,81994,2.4592704435140242,0.23596278421926575
3845,0.4328,0,28,0,340145,265465,25962,81994,2.4590110785875727,0.23598179929142718
3846,0.4329,1,14,1,340159,265451,25963,81993,2.458881396124347,0.23598910903627635
3847,0.433,11,66,11,340225,265385,25974,81982,2.4582700359405685,0.2360097533732335
3848,0.4331,1,20,1,340245,265365,25975,81981,2.458084775278817,0.23602114318287817
3849,0.4332,5,30,5,340275,265335,25980,81976,2.4578068842861907,0.23603053171365146
3850,0.4333,108,712,108,340987,264623,26088,81868,2.451211604727852,0.23627742134716342
3851,0.4334,2,3,2,340990,264620,26090,81866,2.4511838156285894,0.23627505873253177
3852,0.4335,4,38,4,341028,264582,26094,81862,2.4508318203712625,0.23629215688538407
3853,0.4336,1,10,1,341038,264572,26095,81861,2.450739190040387,0.23629677311341588
3854,0.4337,4,34,4,341072,264538,26099,81857,2.45042424691541,0.2363111476782286
3855,0.4338,4,28,4,341100,264510,26103,81853,2.4501648819889583,0.23632143156168528
3856,0.4339,0,4,0,341104,264506,26103,81853,2.450127829856608,0.2363241607696061
3857,0.434,17,123,17,341227,264383,26120,81836,2.4489884767868393,0.23637062090757585
3858,0.4341,2,6,2,341233,264377,26122,81834,2.4489328985883136,0.23637030596948103
3859,0.4342,19,150,19,341383,264227,26141,81815,2.4475434436251806,0.23643083787517122
3860,0.4343,5,51,5,341434,264176,26146,81810,2.4470710289377156,0.2364546542345644
3861,0.4344,0,11,0,341445,264165,26146,81810,2.4469691355737524,0.23646217212226317
3862,0.4345,6,23,6,341468,264142,26152,81804,2.4467560858127384,0.23646465055239835
3863,0.4346,1,13,1,341481,264129,26153,81803,2.4466356663826003,0.23647132962547554
3864,0.4347,2,38,2,341519,264091,26155,81801,2.4462836711252733,0.2364928937356169
3865,0.4348,4,27,4,341546,264064,26159,81797,2.4460335692319095,0.23650252558108603
3866,0.4349,0,10,0,341556,264054,26159,81797,2.4459409389010336,0.23650936385900287
3867,0.435,160,1434,160,342990,262620,26319,81637,2.432657749453481,0.23713969505340488
3868,0.4351,1,10,1,343000,262610,26320,81636,2.4325651191226054,0.23714436769054686
3869,0.4352,1,25,1,343025,262585,26321,81635,2.4323335432954165,0.23715937481843008
3870,0.4353,10,39,10,343064,262546,26331,81625,2.431972285005002,0.23716408413259688
3871,0.4354,1,10,1,343074,262536,26332,81624,2.4318796546741264,0.23716875871687587
3872,0.4355,7,23,7,343097,262513,26339,81617,2.431666604913113,0.23716909307529133
3873,0.4356,2,3,2,343100,262510,26341,81615,2.43163881581385,0.2371667272066836
3874,0.4357,12,58,12,343158,262452,26353,81603,2.431101559894772,0.23718010201857262
3875,0.4358,24,153,24,343311,262299,26377,81579,2.429684315832376,0.23723239055711617
3876,0.4359,0,3,0,343314,262296,26377,81579,2.4296565267331136,0.23723446019629227
3877,0.436,17,154,17,343468,262142,26394,81562,2.4282300196376303,0.23730302818704466
3878,0.4361,1,14,1,343482,262128,26395,81561,2.4281003371744045,0.2373104754589178
3879,0.4362,8,32,8,343514,262096,26403,81553,2.4278039201156028,0.2373148183175275
3880,0.4363,1,27,1,343541,262069,26404,81552,2.4275538182222385,0.23733124576204598
3881,0.4364,1,13,1,343554,262056,26405,81551,2.4274333987921004,0.23733800533749314
3882,0.4365,5,40,5,343594,262016,26410,81546,2.4270628774685985,0.23735453862767128
3883,0.4366,1,12,1,343606,262004,26411,81545,2.4269517210715477,0.23736060940360765
3884,0.4367,111,739,111,344345,261265,26522,81434,2.4201063396198452,0.23762543806664158
3885,0.4368,1,34,1,344379,261231,26523,81433,2.419791396494868,0.2376467910256111
3886,0.4369,0,18,0,344397,261213,26523,81433,2.4196246618992925,0.23765927517029237
3887,0.437,6,56,6,344453,261157,26529,81427,2.4191059320463895,0.23768477220185413
3888,0.4371,5,21,5,344474,261136,26534,81422,2.418911408351551,0.2376882163020569
3889,0.4372,0,13,0,344487,261123,26534,81422,2.4187909889214123,0.23769723685939073
3890,0.4373,7,52,7,344539,261071,26541,81415,2.4183093112008596,0.23771774612684898
3891,0.4374,1,10,1,344549,261061,26542,81414,2.418216680869984,0.23772246149353968
3892,0.4375,52,398,52,344947,260663,26594,81362,2.4145299937011373,0.23788319567283092
3893,0.4376,2,11,2,344958,260652,26596,81360,2.4144281003371746,0.2378863899512298
3894,0.4377,8,47,8,345005,260605,26604,81352,2.4139927377820594,0.23790125659074093
3895,0.4378,2,20,2,345025,260585,26606,81350,2.4138074771203084,0.23791071402459532
3896,0.4379,2,13,2,345038,260572,26608,81348,2.41368705769017,0.2379153018249883
3897,0.438,16,118,16,345156,260454,26624,81332,2.4125940197858387,0.2379617655492033
3898,0.4381,0,11,0,345167,260443,26624,81332,2.4124921264218755,0.23796942432887133
3899,0.4382,3,35,3,345202,260408,26627,81329,2.412167920263811,0.237987107044306
3900,0.4383,67,483,67,345685,259925,26694,81262,2.4076938752825225,0.23817437358398766
3901,0.4384,0,7,0,345692,259918,26694,81262,2.4076290340509097,0.2381792602145495
3902,0.4385,9,33,9,345725,259885,26703,81253,2.40732335395902,0.238182201924148
3903,0.4386,3,10,3,345735,259875,26706,81250,2.4072307236281447,0.23818248442652987
3904,0.4387,3,45,3,345780,259830,26709,81247,2.406813887139205,0.23820720834298414
3905,0.4388,3,30,3,345810,259800,26712,81244,2.4065359961465784,0.23822146116043677
3906,0.4389,1,4,1,345814,259796,26713,81243,2.406498944014228,0.2382220215283296
3907,0.439,8,93,8,345907,259703,26721,81235,2.4056374819370854,0.2382691281112695
3908,0.4391,1,5,1,345912,259698,26722,81234,2.405591166771648,0.23827038822991095
3909,0.4392,20,155,20,346067,259543,26742,81214,2.404155396643077,0.23833406210290617
3910,0.4393,13,68,13,346135,259475,26755,81201,2.403525510393123,0.23835256959691906
3911,0.4394,1,6,1,346141,259469,26756,81200,2.403469932194598,0.2383545318182752
3912,0.4395,4,25,4,346166,259444,26760,81196,2.403238356367409,0.23836308125880695
3913,0.4396,2,5,2,346171,259439,26762,81194,2.4031920412019714,0.23836210819268833
3914,0.4397,2,48,2,346219,259391,26764,81192,2.4027474156137685,0.23839122915706304
3915,0.4398,2,24,2,346243,259367,26766,81190,2.4025251028196672,0.2384035565265139
3916,0.4399,0,6,0,346249,259361,26766,81190,2.402469524621142,0.23840775684111926
3917,0.44,453,3470,453,349719,255891,27219,80737,2.3703267998073287,0.23984041731525602
3918,0.4401,1,1,1,349720,255890,27220,80736,2.3703175367742415,0.23983887162607762
3919,0.4402,6,23,6,349743,255867,27226,80730,2.3701044870132275,0.2398417098191606
3920,0.4403,5,28,5,349771,255839,27231,80725,2.369845122086776,0.2398503702119062
3921,0.4404,1,10,1,349781,255829,27232,80724,2.3697524917559005,0.23985523825370744
3922,0.4405,2,30,2,349811,255799,27234,80722,2.369474600763274,0.23987210307826257
3923,0.4406,1,10,1,349821,255789,27235,80721,2.369381970432398,0.23987697245252743
3924,0.4407,6,79,6,349900,255710,27241,80715,2.3686501908184816,0.23991974437095936
3925,0.4408,23,144,23,350044,255566,27264,80692,2.3673163140538738,0.2399704988431502
3926,0.4409,1,5,1,350049,255561,27265,80691,2.367269998888436,0.23997180685914135
3927,0.441,10,99,10,350148,255462,27275,80681,2.3663529586127683,0.24001987249474183
3928,0.4411,1,8,1,350156,255454,27276,80680,2.3662788543480677,0.24002332403148743
3929,0.4412,2,31,2,350187,255423,27278,80678,2.3659917003223536,0.24004094007456092
3930,0.4413,7,33,7,350220,255390,27285,80671,2.365686020230464,0.240048681638155
3931,0.4414,2,14,2,350234,255376,27287,80669,2.3655563377672384,0.24005415941317382
3932,0.4415,5,39,5,350273,255337,27292,80664,2.3651950794768237,0.24007071407525574
3933,0.4416,0,6,0,350279,255331,27292,80664,2.3651395012782985,0.24007500111608804
3934,0.4417,65,400,65,350679,254931,27357,80599,2.361434288043277,0.24021398980717074
3935,0.4418,1,30,1,350709,254901,27358,80598,2.3611563970506504,0.24023320486797278
3936,0.4419,0,7,0,350716,254894,27358,80598,2.3610915558190375,0.24023821730473455
3937,0.442,8,96,8,350812,254798,27366,80590,2.360202304642632,0.24028885947022552
3938,0.4421,2,11,2,350823,254787,27368,80588,2.360100411278669,0.24029221021244876
3939,0.4422,2,13,2,350836,254774,27370,80586,2.359979991848531,0.24029699427480916
3940,0.4423,4,45,4,350881,254729,27374,80582,2.359563155359591,0.24032018036986558
3941,0.4424,1,11,1,350892,254718,27375,80581,2.359461261995628,0.24032579876468466
3942,0.4425,43,379,43,351271,254339,27418,80538,2.355950572455445,0.2405002433729399
3943,0.4426,0,13,0,351284,254326,27418,80538,2.3558301530253067,0.2405095800086005
3944,0.4427,13,64,13,351348,254262,27431,80525,2.355237318907703,0.24052606582692876
3945,0.4428,6,13,6,351361,254249,27437,80519,2.355116899477565,0.24052179419777278
3946,0.4429,6,11,6,351372,254238,27443,80513,2.355015006113602,0.24051608509011174
3947,0.443,12,73,12,351445,254165,27455,80501,2.3543388046982106,0.24054131581935423
3948,0.4431,0,5,0,351450,254160,27455,80501,2.3542924895327726,0.24054490962496378
3949,0.4432,8,28,8,351478,254132,27463,80493,2.354033124606321,0.24054688083675757
3950,0.4433,102,769,102,352247,253363,27565,80391,2.3469098521619918,0.24086902329260473
3951,0.4434,0,3,0,352250,253360,27565,80391,2.346882063062729,0.24087118840093363
3952,0.4435,9,32,9,352282,253328,27574,80382,2.3465856460039274,0.2408738125917713
3953,0.4436,1,10,1,352292,253318,27575,80381,2.346493015673052,0.24087875600466288
3954,0.4437,3,27,3,352319,253291,27578,80378,2.346242913779688,0.24089142233770594
3955,0.4438,7,35,7,352354,253256,27585,80371,2.3459187076216237,0.24090076642477976
3956,0.4439,0,5,0,352359,253251,27585,80371,2.3458723924561857,0.24090437680968282
3957,0.444,17,159,17,352518,253092,27602,80354,2.344399570195265,0.2409805485745818
3958,0.4441,0,3,0,352521,253089,27602,80354,2.344371781096002,0.24098271668621024
3959,0.4442,21,135,21,352656,252954,27623,80333,2.3431212716291823,0.241032503517989
3960,0.4443,13,50,13,352706,252904,27636,80320,2.3426581199748044,0.24103906081194632
3961,0.4444,2,3,2,352709,252901,27638,80318,2.342630330875542,0.24103667557972386
3962,0.4445,3,24,3,352733,252877,27641,80315,2.3424080180814406,0.24104720401450214
3963,0.4446,2,11,2,352744,252866,27643,80313,2.3423061247174775,0.24105060643077744
3964,0.4447,6,34,6,352778,252832,27649,80307,2.3419911815925007,0.2410615388771654
3965,0.4448,3,30,3,352808,252802,27652,80304,2.341713290599874,0.24107641411442604
3966,0.4449,0,10,0,352818,252792,27652,80304,2.3416206602689984,0.24108365155991066
3967,0.445,202,1410,202,354228,251382,27854,80102,2.328559783615547,0.24164665564552135
3968,0.4451,0,8,0,354236,251374,27854,80102,2.328485679350847,0.24165248766124847
3969,0.4452,3,22,3,354258,251352,27857,80099,2.3282818926229205,0.24166166341329487
3970,0.4453,4,46,4,354304,251306,27861,80095,2.327855793100893,0.24168605405535892
3971,0.4454,4,14,4,354318,251292,27865,80091,2.327726110637667,0.24168711128814696
3972,0.4455,7,39,7,354357,251253,27872,80084,2.3273648523472525,0.24169953853629386
3973,0.4456,1,5,1,354362,251248,27873,80083,2.327318537181815,0.24170089729002114
3974,0.4457,9,64,9,354426,251184,27882,80074,2.3267257030642114,0.24172699225377198
3975,0.4458,24,157,24,354583,251027,27906,80050,2.3252714068694655,0.2417866538599782
3976,0.4459,1,2,1,354585,251025,27907,80049,2.32525288080329,0.24178582431722212
3977,0.446,23,161,23,354746,250864,27930,80026,2.323761532476194,0.24185076611562756
3978,0.4461,0,8,0,354754,250856,27930,80026,2.3236874282114934,0.24185661353594332
3979,0.4462,2,24,2,354778,250832,27932,80024,2.323465115417392,0.24186957467901443
3980,0.4463,6,39,6,354817,250793,27938,80018,2.3231038571269775,0.24188433879163632
3981,0.4464,2,11,2,354828,250782,27940,80016,2.3230019637630144,0.2418877985961221
3982,0.4465,4,49,4,354877,250733,27944,80012,2.3225480751417242,0.2419144658271478
3983,0.4466,0,4,0,354881,250729,27944,80012,2.3225110230093744,0.24191739155411637
3984,0.4467,103,756,103,355637,249973,28047,79909,2.315508169995183,0.24223510224868286
3985,0.4468,2,31,2,355668,249942,28049,79907,2.315221015969469,0.24225327346755637
3986,0.4469,0,8,0,355676,249934,28049,79907,2.3151469117047685,0.24225914910517493
3987,0.447,5,64,5,355740,249870,28054,79902,2.3145540775871654,0.24229467632182236
3988,0.4471,3,25,3,355765,249845,28057,79899,2.3143225017599764,0.2423061526517541
3989,0.4472,4,24,4,355789,249821,28061,79895,2.3141001889658748,0.24231459801768795
3990,0.4473,7,53,7,355842,249768,28068,79888,2.313609248212235,0.24233746693522945
3991,0.4474,0,9,0,355851,249759,28068,79888,2.3135258809144466,0.24234408321628895
3992,0.4475,41,342,41,356193,249417,28109,79847,2.3103579235985032,0.24250145779678312
3993,0.4476,2,8,2,356201,249409,28111,79845,2.3102838193338027,0.24250274863782975
3994,0.4477,10,38,10,356239,249371,28121,79835,2.3099318240764757,0.2425077307217973
3995,0.4478,4,23,4,356262,249348,28125,79831,2.3097187743154617,0.24251547030642903
3996,0.4479,3,22,3,356284,249326,28128,79828,2.309514987587536,0.2425247756369359
3997,0.448,12,115,12,356399,249211,28140,79816,2.3084497387824667,0.24258191576983043
3998,0.4481,1,10,1,356409,249201,28141,79815,2.3083571084515913,0.24258698665110512
3999,0.4482,4,32,4,356441,249169,28145,79811,2.3080606913927895,0.2426013739437048
4000,0.4483,53,439,53,356880,248730,28198,79758,2.3039942198673535,0.24280339007817636
4001,0.4484,1,4,1,356884,248726,28199,79757,2.3039571677350033,0.24280404160945923
4002,0.4485,3,42,3,356926,248684,28202,79754,2.303568120345326,0.24282817457176087
4003,0.4486,1,9,1,356935,248675,28203,79753,2.3034847530475377,0.2428325234145688
4004,0.4487,3,38,3,356973,248637,28206,79750,2.3031327577902108,0.24285370614549298
4005,0.4488,3,32,3,357005,248605,28209,79747,2.302836340731409,0.24287045609589708
4006,0.4489,0,5,0,357010,248600,28209,79747,2.3027900255659715,0.24287415447681873
4007,0.449,14,88,14,357098,248512,28223,79733,2.3019748786542666,0.24290697497296226
4008,0.4491,3,5,3,357103,248507,28226,79730,2.3019285634888287,0.2429037555181165
4009,0.4492,21,146,21,357249,248361,28247,79709,2.300576160658046,0.24296339195903313
4010,0.4493,7,66,7,357315,248295,28254,79702,2.2999648004742674,0.2429961249645576
4011,0.4494,1,1,1,357316,248294,28255,79701,2.2999555374411798,0.24299455784386956
4012,0.4495,5,40,5,357356,248254,28260,79696,2.2995850161176774,0.2430126543680439
4013,0.4496,1,9,1,357365,248245,28261,79695,2.2995016488198896,0.24301701530767825
4014,0.4497,9,30,9,357395,248215,28270,79686,2.2992237578272627,0.2430184720388166
4015,0.4498,6,19,6,357414,248196,28276,79680,2.2990477601985995,0.2430187021922922
4016,0.4499,2,6,2,357420,248190,28278,79678,2.2989921820000743,0.2430185318481828
4017,0.45,462,3301,462,360721,244889,28740,79216,2.2684149097780577,0.24441461871924222
4018,0.4501,0,11,0,360732,244878,28740,79216,2.2683130164140946,0.2444229143396669
4019,0.4502,1,19,1,360751,244859,28741,79215,2.2681370187854313,0.2444349130136944
4020,0.4503,7,21,7,360772,244838,28748,79208,2.2679424950905926,0.24443443214852212
4021,0.4504,0,6,0,360778,244832,28748,79208,2.267886916892067,0.2444389581533144
4022,0.4505,6,35,6,360813,244797,28754,79202,2.2675627107340026,0.2444513717634931
4023,0.4506,4,15,4,360828,244782,28758,79198,2.2674237652376896,0.2444533613185999
4024,0.4507,7,81,7,360909,244701,28765,79191,2.2666734595575977,0.2444981660553518
4025,0.4508,21,149,21,361058,244552,28786,79170,2.265293267627552,0.24456169182199541
4026,0.4509,1,7,1,361065,244545,28787,79169,2.265228426395939,0.24456464657073837
4027,0.451,16,89,16,361154,244456,28803,79153,2.264404016451147,0.2445945570117024
4028,0.4511,3,10,3,361164,244446,28806,79150,2.264311386120271,0.2445951124241338
4029,0.4512,3,16,3,361180,244430,28809,79147,2.2641631775908704,0.24460020335190696
4030,0.4513,6,44,6,361224,244386,28815,79141,2.2637556041350178,0.2446194598905192
4031,0.4514,1,10,1,361234,244376,28816,79140,2.2636629738041423,0.2446246862597213
4032,0.4515,6,28,6,361262,244348,28822,79134,2.2634036088776908,0.24463184968560847
4033,0.4516,1,4,1,361266,244344,28823,79133,2.2633665567453405,0.24463253956231817
4034,0.4517,54,478,54,361744,243866,28877,79079,2.25893882692949,0.2448683212311694
4035,0.4518,4,26,4,361770,243840,28881,79075,2.2586979880692133,0.24487868324481674
4036,0.4519,1,8,1,361778,243832,28882,79074,2.2586238838045127,0.2448824115996606
4037,0.452,11,82,11,361860,243750,28893,79063,2.2578643150913336,0.24491888492718694
4038,0.4521,4,21,4,361881,243729,28897,79059,2.257669791396495,0.24492546191308226
4039,0.4522,4,21,4,361902,243708,28901,79055,2.2574752677016563,0.24493203991783444
4040,0.4523,8,45,8,361947,243663,28909,79047,2.2570584312127164,0.2449474760620991
4041,0.4524,4,9,4,361956,243654,28913,79043,2.256975063914928,0.24494494835712757
4042,0.4525,67,351,67,362307,243303,28980,78976,2.2537237393011966,0.24505475069737712
4043,0.4526,1,4,1,362311,243299,28981,78975,2.2536866871688463,0.24505544971049478
4044,0.4527,14,55,14,362366,243244,28995,78961,2.253177220349031,0.24506447758414673
4045,0.4528,2,15,2,362381,243229,28997,78959,2.2530382748527176,0.24507120066545
4046,0.4529,3,18,3,362399,243211,29000,78956,2.252871540257142,0.24507786334416623
4047,0.453,14,63,14,362462,243148,29014,78942,2.252287969172626,0.24509298643236363
4048,0.4531,3,14,3,362476,243134,29017,78939,2.2521582867094003,0.24509660853284815
4049,0.4532,4,30,4,362506,243104,29021,78935,2.2518803957167735,0.24511006430898122
4050,0.4533,114,746,114,363252,242358,29135,78821,2.244970173033458,0.24541143723593387
4051,0.4534,2,8,2,363260,242350,29137,78819,2.2448960687687576,0.2454128511780402
4052,0.4535,9,24,9,363284,242326,29146,78810,2.2446737559746563,0.24541004434258382
4053,0.4536,1,4,1,363288,242322,29147,78809,2.244636703842306,0.24541075137560683
4054,0.4537,3,34,3,363322,242288,29150,78806,2.2443217607173294,0.24542968725669118
4055,0.4538,7,31,7,363353,242257,29157,78799,2.2440346066916153,0.2454369331207017
4056,0.4539,1,8,1,363361,242249,29158,78798,2.2439605024269147,0.24544069871389548
4057,0.454,20,138,20,363499,242111,29178,78778,2.242682203860832,0.2454992224725684
4058,0.4541,1,2,1,363501,242109,29179,78777,2.242663677794657,0.24549840130139675
4059,0.4542,21,134,21,363635,241975,29200,78756,2.241422431360925,0.24555156813653808
4060,0.4543,8,59,8,363694,241916,29208,78748,2.240875912408759,0.2455779258039568
4061,0.4544,2,12,2,363706,241904,29210,78746,2.2407647560117083,0.24558241072820833
4062,0.4545,6,19,6,363725,241885,29216,78740,2.240588758383045,0.24558284600389862
4063,0.4546,0,5,0,363730,241880,29216,78740,2.240542443217607,0.24558667581560725
4064,0.4547,6,50,6,363780,241830,29222,78734,2.2400792915632293,0.24561086085773823
4065,0.4548,4,33,4,363813,241797,29226,78730,2.2397736114713402,0.24562673347331115
4066,0.455,193,1249,193,365062,240548,29419,78537,2.228204083144985,0.2461319084256546
4067,0.4551,1,6,1,365068,240542,29420,78536,2.2281485049464598,0.24613417408909422
4068,0.4552,6,26,6,365094,240516,29426,78530,2.227907666086183,0.24614005503908526
4069,0.4553,7,33,7,365127,240483,29433,78523,2.227601985994294,0.24614897525438392
4070,0.4554,0,18,0,365145,240465,29433,78523,2.227435251398718,0.24616286506075463
4071,0.4555,3,31,3,365176,240434,29436,78520,2.227148097373004,0.2461796998940286
4072,0.4556,2,13,2,365189,240421,29438,78518,2.2270276779428655,0.24618500716437938
4073,0.4557,7,66,7,365255,240355,29445,78511,2.226416317759087,0.24621941505209086
4074,0.4558,21,129,21,365384,240226,29466,78490,2.2252213864907926,0.24626940599154107
4075,0.4559,2,7,2,365391,240219,29468,78488,2.2251565452591797,0.24627008506245548
4076,0.456,25,153,25,365544,240066,29493,78463,2.223739301196784,0.2463292196314935
4077,0.4561,0,5,0,365549,240061,29493,78463,2.223692986031346,0.24633308636083937
4078,0.4562,8,34,8,365583,240027,29501,78455,2.2233780429063694,0.24634045252164957
4079,0.4563,6,34,6,365617,239993,29507,78449,2.2230630997813923,0.24635255399727424
4080,0.4564,5,11,5,365628,239982,29512,78444,2.222961206417429,0.24634923027642217
4081,0.4565,6,36,6,365664,239946,29518,78438,2.2226277372262775,0.2463628825569124
4082,0.4566,0,4,0,365668,239942,29518,78438,2.222590685093927,0.24636597776242225
4083,0.4567,103,702,103,366370,239240,29621,78335,2.216088035866464,0.24666614185625443
4084,0.4568,2,15,2,366385,239225,29623,78333,2.2159490903701506,0.24667304870291412
4085,0.4569,3,2,3,366387,239223,29626,78330,2.2159305643039757,0.2466674854276294
4086,0.457,7,56,7,366443,239167,29633,78323,2.2154118344510727,0.24669438407508898
4087,0.4571,1,15,1,366458,239152,29634,78322,2.2152728889547593,0.2467036670719492
4088,0.4572,6,21,6,366479,239131,29640,78316,2.2150783652599206,0.2467057493061834
4089,0.4573,8,48,8,366527,239083,29648,78308,2.214633739671718,0.24672407220116513
4090,0.4574,2,8,2,366535,239075,29650,78306,2.2145596354070176,0.24672554437726266
4091,0.4575,37,358,37,366893,238717,29687,78269,2.211243469561673,0.2469162675954143
4092,0.4576,0,11,0,366904,238706,29687,78269,2.21114157619771,0.24692483634356022
4093,0.4577,5,43,5,366947,238663,29692,78264,2.2107432657749455,0.24694645770161583
4094,0.4578,1,27,1,366974,238636,29693,78263,2.2104931638815812,0.24696512137936694
4095,0.4579,2,17,2,366991,238619,29695,78261,2.210335692319093,0.24697361777328958
4096,0.458,17,115,17,367106,238504,29712,78244,2.2092704435140242,0.24702286991551645
4097,0.4581,2,12,2,367118,238492,29714,78242,2.2091592871169734,0.24702747415812637
4098,0.4582,4,24,4,367142,238468,29718,78238,2.208936974322872,0.2470366838645305
4099,0.4583,63,412,63,367554,238056,29781,78175,2.2051206046908,0.24720852794318077
4100,0.4584,1,9,1,367563,238047,29782,78174,2.205037237393012,0.24721318318517746
4101,0.4585,8,42,8,367605,238005,29790,78166,2.2046481900033346,0.24722697527603735
4102,0.4586,1,10,1,367615,237995,29791,78165,2.204555559672459,0.24723241396761134
4103,0.4587,8,48,8,367663,237947,29799,78157,2.2041109340842566,0.2472509047655202
4104,0.4588,6,21,6,367684,237926,29805,78151,2.203916410389418,0.24725304277122348
4105,0.4589,1,7,1,367691,237919,29806,78150,2.203851569157805,0.24725613710930208
4106,0.459,8,91,8,367782,237828,29814,78142,2.2030086331468377,0.24730828876159128
4107,0.4591,0,2,0,367784,237826,29814,78142,2.2029901070806623,0.24730985416244683
4108,0.4592,19,114,19,367898,237712,29833,78123,2.2019341213086814,0.24735383982142575
4109,0.4593,7,65,7,367963,237647,29840,78116,2.20133202415799,0.2473880727000947
4110,0.4594,0,10,0,367973,237637,29840,78116,2.2012393938271146,0.2473959075606566
4111,0.4595,4,29,4,368002,237608,29844,78112,2.200970765867576,0.24740909666793362
4112,0.4596,0,17,0,368019,237591,29844,78112,2.200813294305087,0.24742241917245006
4113,0.4597,5,32,5,368051,237559,29849,78107,2.2005168772462853,0.24743558064536567
4114,0.4598,5,41,5,368092,237518,29854,78102,2.2001370928896957,0.2474558012800203
4115,0.4599,2,8,2,368100,237510,29856,78100,2.200062988624995,0.24745730490161907
4116,0.46,469,3275,469,371375,234235,30325,77631,2.169726555263255,0.24892421745236737
4117,0.4601,3,5,3,371380,234230,30328,77628,2.1696802400978177,0.24892098326802584
4118,0.4602,1,39,1,371419,234191,30329,77627,2.169318981807403,0.24894970784239526
4119,0.4603,2,22,2,371441,234169,30331,77625,2.1691151950794767,0.24896245598055125
4120,0.4604,2,2,2,371443,234167,30333,77623,2.169096669013302,0.2489592353827897
4121,0.4605,4,36,4,371479,234131,30337,77619,2.1687631998221497,0.24897834803528468
4122,0.4606,2,10,2,371489,234121,30339,77617,2.1686705694912742,0.24898151652990652
4123,0.4607,8,62,8,371551,234059,30347,77609,2.168096261439846,0.24901176893360885
4124,0.4608,19,151,19,371702,233908,30366,77590,2.1666975434436253,0.24908667150350886
4125,0.4609,0,7,0,371709,233901,30366,77590,2.1666327022120124,0.2490922691185299
4126,0.461,11,80,11,371789,233821,30377,77579,2.165891659565008,0.24912973667308927
4127,0.4611,0,11,0,371800,233810,30377,77579,2.165789766201045,0.24913853732790817
4128,0.4612,5,38,5,371838,233772,30382,77574,2.165437770943718,0.24915688655065427
4129,0.4613,5,42,5,371880,233730,30387,77569,2.1650487235540403,0.24917844259056404
4130,0.4614,3,18,3,371898,233712,30390,77566,2.1648819889584647,0.24918561543057974
4131,0.4615,8,35,8,371933,233677,30398,77558,2.1645577828004003,0.24919433868298874
4132,0.4616,1,6,1,371939,233671,30399,77557,2.1645022046018747,0.24919673037130335
4133,0.4617,84,440,84,372379,233231,30483,77473,2.160426470043351,0.24934664503836448
4134,0.4618,1,28,1,372407,233203,30484,77472,2.1601671051168996,0.24936670153697593
4135,0.4619,4,8,4,372415,233195,30488,77468,2.160093000852199,0.24936345815240307
4136,0.462,10,105,10,372520,233090,30498,77458,2.159120382378006,0.24942359957236884
4137,0.4621,4,12,4,372532,233078,30502,77454,2.159009225980955,0.2494235698736362
4138,0.4622,3,13,3,372545,233065,30505,77451,2.158888806550817,0.24942676061781036
4139,0.4623,6,48,6,372593,233017,30511,77445,2.1584441809626145,0.24945081845765343
4140,0.4624,4,5,4,372598,233012,30515,77441,2.1583978657971765,0.24944516561283028
4141,0.4625,64,358,64,372956,232654,30579,77377,2.155081699951832,0.24957826797965366
4142,0.4626,0,12,0,372968,232642,30579,77377,2.1549705435547817,0.24958792848180272
4143,0.4627,10,61,10,373029,232581,30589,77367,2.1544054985364407,0.24961283828255063
4144,0.4628,6,16,6,373045,232565,30595,77361,2.15425729000704,0.24961119751166408
4145,0.4629,2,13,2,373058,232552,30597,77359,2.1541368705769015,0.24961682547570108
4146,0.463,9,72,9,373130,232480,30606,77350,2.153469932194598,0.2496530355356163
4147,0.4631,1,10,1,373140,232470,30607,77349,2.1533773018637223,0.2496586716760431
4148,0.4632,3,27,3,373167,232443,30610,77346,2.1531271999703585,0.24967316463786643
4149,0.4633,98,706,98,373873,231737,30708,77248,2.146587498610545,0.2500056637053579
4150,0.4634,3,16,3,373889,231721,30711,77245,2.146439290081144,0.2500113281072998
4151,0.4635,4,46,4,373935,231675,30715,77241,2.146013190559117,0.25003884551140115
4152,0.4636,1,21,1,373956,231654,30716,77240,2.1458186668642782,0.25005341638231887
4153,0.4637,3,35,3,373991,231619,30719,77237,2.145494460706214,0.25007446836066
4154,0.4638,4,27,4,374018,231592,30723,77233,2.1452443588128496,0.25008661863514936
4155,0.4639,2,16,2,374034,231576,30725,77231,2.145096150283449,0.250094719355455
4156,0.464,30,118,30,374152,231458,30755,77201,2.1440031123791172,0.25011744352181536
4157,0.4641,0,4,0,374156,231454,30755,77201,2.1439660602467674,0.25012068490709694
4158,0.4642,17,144,17,374300,231310,30772,77184,2.1426321834821596,0.2501961140249081
4159,0.4643,11,49,11,374349,231261,30783,77173,2.1421782948608694,0.2502091209140367
4160,0.4644,2,6,2,374355,231255,30785,77171,2.1421227166623438,0.25020912633824643
4161,0.4645,2,27,2,374382,231228,30787,77169,2.14187261476898,0.25022616951526766
4162,0.4646,2,13,2,374395,231215,30789,77167,2.141752195338842,0.2502318552963532
4163,0.4647,4,32,4,374427,231183,30793,77163,2.14145577828004,0.2502480979159775
4164,0.4648,1,30,1,374457,231153,30794,77162,2.141177887287413,0.2502700160550087
4165,0.4649,0,9,0,374466,231144,30794,77162,2.1410945199896254,0.2502773218815073
4166,0.465,179,1260,179,375726,229884,30973,76983,2.129423098299307,0.2508676397266568
4167,0.4651,0,9,0,375735,229875,30973,76983,2.129339731001519,0.2508749975558727
4168,0.4652,6,22,6,375757,229853,30979,76977,2.129135944273593,0.2508783365381482
4169,0.4653,6,30,6,375787,229823,30985,76971,2.1288580532809664,0.25088821815289736
4170,0.4654,1,14,1,375801,229809,30986,76970,2.1287283708177407,0.2508972256901548
4171,0.4655,3,26,3,375827,229783,30989,76967,2.128487531957464,0.2509111654441728
4172,0.4656,0,12,0,375839,229771,30989,76967,2.1283763755604137,0.2509209814238862
4173,0.4657,13,49,13,375888,229722,31002,76954,2.1279224869391236,0.2509293195424487
4174,0.4658,20,134,20,376022,229588,31022,76934,2.126681240505391,0.25099014100129846
4175,0.4659,2,5,2,376027,229583,31024,76932,2.1266349253399532,0.2509893479927573
4176,0.466,16,135,16,376162,229448,31040,76916,2.1253844158731336,0.2510608296013892
4177,0.4661,1,10,1,376172,229438,31041,76915,2.125291785542258,0.25106658005634025
4178,0.4662,5,34,5,376206,229404,31046,76910,2.124976842417281,0.25108222281710924
4179,0.4663,5,42,5,376248,229362,31051,76905,2.1245877950276038,0.25110442848886755
4180,0.4664,5,13,5,376261,229349,31056,76900,2.1244673755974657,0.2511028607440351
4181,0.4665,7,48,7,376309,229301,31063,76893,2.124022750009263,0.2511251036924303
4182,0.4666,0,4,0,376313,229297,31063,76893,2.123985697876913,0.25112838433652307
4183,0.4667,114,748,114,377061,228549,31177,76779,2.1170569491274223,0.25146399937116803
4184,0.4668,4,23,4,377084,228526,31181,76775,2.1168438993664087,0.251473136347408
4185,0.4669,1,6,1,377090,228520,31182,76774,2.116788321167883,0.2514756267728812
4186,0.467,14,48,14,377138,228472,31196,76760,2.1163436955796806,0.25148084080306127
4187,0.4671,6,30,6,377168,228442,31202,76754,2.116065804587054,0.25149084522732934
4188,0.4672,2,22,2,377190,228420,31204,76752,2.115862017859128,0.2515040698360269
4189,0.4673,7,54,7,377244,228366,31211,76745,2.1153618140723998,0.2515314098803386
4190,0.4674,2,15,2,377259,228351,31213,76743,2.1152228685760868,0.2515388699876104
4191,0.4675,58,354,58,377613,227997,31271,76685,2.111943754863092,0.2516886458668382
4192,0.4676,1,12,1,377625,227985,31272,76684,2.1118325984660418,0.251696102983894
4193,0.4677,8,51,8,377676,227934,31280,76676,2.1113601837785763,0.25171859098519417
4194,0.4678,3,21,3,377697,227913,31283,76673,2.1111656600837376,0.25172857583736613
4195,0.4679,2,15,2,377712,227898,31285,76671,2.1110267145874246,0.2517360598091073
4196,0.468,9,113,9,377825,227785,31294,76662,2.109979991848531,0.25180737533955005
4197,0.4681,1,3,1,377828,227782,31295,76661,2.1099522027492683,0.25180739908620003
4198,0.4682,6,24,6,377852,227758,31301,76655,2.109729889955167,0.25181250472220307
4199,0.4683,59,415,59,378267,227343,31360,76596,2.105885731223832,0.2520110943314283
4200,0.4684,2,3,2,378270,227340,31362,76594,2.1058579421245693,0.2520086597748195
4201,0.4685,2,26,2,378296,227314,31364,76592,2.1056171032642927,0.25202529729587436
4202,0.4686,1,11,1,378307,227303,31365,76591,2.1055152099003296,0.2520319585118495
4203,0.4687,3,44,3,378351,227259,31368,76588,2.1051076364444774,0.2520610702096779
4204,0.4688,3,28,3,378379,227231,31371,76585,2.104848271518026,0.2520769149748532
4205,0.4689,0,12,0,378391,227219,31371,76585,2.104737115120975,0.252086871798923
4206,0.469,9,66,9,378457,227153,31380,76576,2.1041257549371966,0.25211948809629636
4207,0.4691,0,3,0,378460,227150,31380,76576,2.104097965837934,0.25212197836207634
4208,0.4692,25,138,25,378598,227012,31405,76551,2.1028196672718513,0.2521750015647493
4209,0.4693,12,56,12,378654,226956,31417,76539,2.1023009374189483,0.25219196362378293
4210,0.4694,1,13,1,378667,226943,31418,76538,2.1021805179888102,0.25220030249010644
4211,0.4695,6,29,6,378696,226914,31424,76532,2.101911890029271,0.2522096188448686
4212,0.4696,1,12,1,378708,226902,31425,76531,2.1018007336322206,0.2522171286577268
4213,0.4697,8,31,8,378739,226871,31433,76523,2.1015135796065065,0.2522231817372789
4214,0.4698,6,34,6,378773,226837,31439,76517,2.1011986364815294,0.2522366607989346
4215,0.4699,1,10,1,378783,226827,31440,76516,2.101106006150654,0.25224251095294764
4216,0.47,515,3220,515,382003,223607,31955,76001,2.0712790396087293,0.25366812635176633
4217,0.4701,2,1,2,382004,223606,31957,75999,2.071269776575642,0.2536639909213798
4218,0.4702,5,20,5,382024,223586,31962,75994,2.0710845159138906,0.2536684691901996
4219,0.4703,4,43,4,382067,223543,31966,75990,2.070686205491126,0.25369491842301184
4220,0.4704,2,5,2,382072,223538,31968,75988,2.070639890325688,0.2536941701221263
4221,0.4705,8,32,8,382104,223506,31976,75980,2.0703434732668864,0.25370134163199615
4222,0.4706,3,9,3,382113,223497,31979,75977,2.0702601059690986,0.2537014899457048
4223,0.4707,8,70,8,382183,223427,31987,75969,2.06961169365297,0.2537408649414154
4224,0.4708,27,143,27,382326,223284,32014,75942,2.0682870799214497,0.2537947905596439
4225,0.4709,0,2,0,382328,223282,32014,75942,2.0682685538552743,0.2537964869128145
4226,0.471,12,98,12,382426,223184,32026,75930,2.067360776612694,0.25384970278890323
4227,0.4711,1,6,1,382432,223178,32027,75929,2.067305198414169,0.25385230034736733
4228,0.4712,1,35,1,382467,223143,32028,75928,2.0669809922561044,0.2538795135603251
4229,0.4713,5,32,5,382499,223111,32033,75923,2.0666845751973026,0.25389420601001894
4230,0.4714,2,15,2,382514,223096,32035,75921,2.066545629700989,0.2539019520629262
4231,0.4715,5,44,5,382558,223052,32040,75916,2.066138056245137,0.2539268416686736
4232,0.4716,0,10,0,382568,223042,32040,75916,2.0660454259142615,0.2539353353982834
4233,0.4717,71,395,71,382963,222647,32111,75845,2.0623865278446774,0.25409391206464493
4234,0.4718,4,33,4,382996,222614,32115,75841,2.0620808477527883,0.25411201018579016
4235,0.4719,1,15,1,383011,222599,32116,75840,2.061941902256475,0.2541222829455936
4236,0.472,18,99,18,383110,222500,32134,75822,2.061024861980807,0.25416161060867115
4237,0.4721,6,20,6,383130,222480,32140,75816,2.060839601319056,0.2541636495293266
4238,0.4722,4,20,4,383150,222460,32144,75812,2.060654340657305,0.2541706898401459
4239,0.4723,4,39,4,383189,222421,32148,75808,2.0602930823668903,0.25419392480275227
4240,0.4724,2,11,2,383200,222410,32150,75806,2.060191189002927,0.25419829921935777
4241,0.4725,64,342,64,383542,222068,32214,75742,2.0570232316869834,0.254329941909271
4242,0.4726,1,3,1,383545,222065,32215,75741,2.056995442587721,0.25433000006715784
4243,0.4727,7,60,7,383605,222005,32222,75734,2.0564396606024675,0.2543637212457891
4244,0.4728,1,21,1,383626,221984,32223,75733,2.056245136907629,0.25437915873127837
4245,0.4729,1,18,1,383644,221966,32224,75732,2.056078402312053,0.2543920348809868
4246,0.473,12,75,12,383719,221891,32236,75720,2.0553836748304866,0.2544260796811946
4247,0.4731,0,4,0,383723,221887,32236,75720,2.0553466226981363,0.2544294993061319
4248,0.4732,2,21,2,383744,221866,32238,75718,2.0551520990032976,0.2544424431421044
4249,0.4733,105,674,105,384418,221192,32343,75613,2.048908814702286,0.25475648995131484
4250,0.4734,1,4,1,384422,221188,32344,75612,2.0488717625699358,0.25475741239892186
4251,0.4735,4,42,4,384464,221146,32348,75608,2.0484827151802585,0.2547834233068467
4252,0.4736,3,11,3,384475,221135,32351,75605,2.0483808218162953,0.25478533396239134
4253,0.4737,5,29,5,384504,221106,32356,75600,2.0481121938567566,0.25479767851004026
4254,0.4738,4,25,4,384529,221081,32360,75596,2.0478806180295677,0.25480910215486874
4255,0.4739,1,6,1,384535,221075,32361,75595,2.0478250398310425,0.25481174368827314
4256,0.474,28,131,28,384666,220944,32389,75567,2.0466115824965727,0.2548539514554266
4257,0.4741,0,8,0,384674,220936,32389,75567,2.046537478231872,0.2548608277150653
4258,0.4742,11,149,11,384823,220787,32400,75556,2.045157286301827,0.2549613117232396
4259,0.4743,9,60,9,384883,220727,32409,75547,2.0446015043165735,0.25499031302105485
4260,0.4744,2,11,2,384894,220716,32411,75545,2.0444996109526103,0.25499475124974263
4261,0.4745,4,29,4,384923,220687,32415,75541,2.044230982993071,0.2550096547254142
4262,0.4746,4,13,4,384936,220674,32419,75537,2.044110563562933,0.255010786230086
4263,0.4747,3,46,3,384982,220628,32422,75534,2.0436844640409055,0.2550428481709335
4264,0.4748,1,24,1,385006,220604,32423,75533,2.0434621512468043,0.25506100217129235
4265,0.4749,0,9,0,385015,220595,32423,75533,2.043378783949016,0.2550687540523017
4266,0.475,210,1312,210,386327,219283,32633,75323,2.0312256845381453,0.2556736794226866
4267,0.4751,4,14,4,386341,219269,32637,75319,2.0310960020749196,0.25567572338316563
4268,0.4752,4,22,4,386363,219247,32641,75315,2.0308922153469933,0.2556847115378087
4269,0.4753,3,25,3,386388,219222,32644,75312,2.0306606395198044,0.25569883273238403
4270,0.4754,1,16,1,386404,219206,32645,75311,2.0305124309904037,0.2557101966949276
4271,0.4755,5,21,5,386425,219185,32650,75306,2.030317907295565,0.2557157943706259
4272,0.4756,1,10,1,386435,219175,32651,75305,2.030225276964689,0.2557219505569139
4273,0.4757,11,46,11,386481,219129,32662,75294,2.029799177442662,0.2557340968606393
4274,0.4758,26,145,26,386626,218984,32688,75268,2.0284560376449665,0.2557943531394859
4275,0.4759,1,6,1,386632,218978,32689,75267,2.0284004594464413,0.2557970398817312
4276,0.476,20,151,20,386783,218827,32709,75247,2.0270017414502206,0.25587777226140357
4277,0.4761,1,1,1,386784,218826,32710,75246,2.026992478417133,0.25587611197257815
4278,0.4762,3,32,3,386816,218794,32713,75243,2.026696061358331,0.2558963667837721
4279,0.4763,5,24,5,386840,218770,32718,75238,2.02647374856423,0.25590460123534053
4280,0.4764,1,5,1,386845,218765,32719,75237,2.026427433398792,0.25590642240528977
4281,0.4765,3,40,3,386885,218725,32722,75234,2.02605691207529,0.25593365061113965
4282,0.4766,1,3,1,386888,218722,32723,75233,2.0260291229760274,0.25593373135343844
4283,0.4767,129,681,129,387569,218041,32852,75104,2.019720997443403,0.25620085623155775
4284,0.4768,7,28,7,387597,218013,32859,75097,2.0194616325169514,0.25620756712497017
4285,0.4769,1,8,1,387605,218005,32860,75096,2.019387528252251,0.2562120224768936
4286,0.477,7,41,7,387646,217964,32867,75089,2.0190077438956613,0.25623010172221405
4287,0.4771,5,22,5,387668,217942,32872,75084,2.018803957167735,0.2562366479425034
4288,0.4772,2,19,2,387687,217923,32874,75082,2.0186279595390713,0.2562481868910087
4289,0.4773,12,57,12,387744,217866,32886,75070,2.018099966653081,0.25626758063194693
4290,0.4774,0,9,0,387753,217857,32886,75070,2.0180165993552928,0.2562754542940733
4291,0.4775,58,350,58,388103,217507,32944,75012,2.014774537774649,0.25643462475941736
4292,0.4776,2,12,2,388115,217495,32946,75010,2.0146633813775985,0.2564400608536606
4293,0.4777,5,46,5,388161,217449,32951,75005,2.014237281855571,0.2564676838066841
4294,0.4778,6,21,6,388182,217428,32957,74999,2.0140427581607323,0.2564708457153409
4295,0.4779,1,11,1,388193,217417,32958,74998,2.013940864796769,0.2564779508575141
4296,0.478,12,98,12,388291,217319,32970,74986,2.013033087554189,0.2565334154393527
4297,0.4781,3,9,3,388300,217310,32973,74983,2.0129497202564006,0.2565336836667317
4298,0.4782,3,24,3,388324,217286,32976,74980,2.0127274074622994,0.25654711803630936
4299,0.4783,56,408,56,388732,216878,33032,74924,2.0089480899625776,0.25676314761379293
4300,0.4784,0,6,0,388738,216872,33032,74924,2.008892511764052,0.256768427257399
4301,0.4785,4,32,4,388770,216840,33036,74920,2.00859609470525,0.2567863997806416
4302,0.4786,3,13,3,388783,216827,33039,74917,2.008475675275112,0.2567901996270703
4303,0.4787,10,34,10,388817,216793,33049,74907,2.0081607321501354,0.25679465203976687
4304,0.4788,5,30,5,388847,216763,33054,74902,2.0078828411575085,0.25680832461899783
4305,0.4789,0,10,0,388857,216753,33054,74902,2.007790210826633,0.2568171298280503
4306,0.479,15,91,15,388948,216662,33069,74887,2.0069472748156656,0.25685905285217925
4307,0.4791,2,5,2,388953,216657,33071,74885,2.006900959650228,0.25685836003045875
4308,0.4792,27,137,27,389090,216520,33098,74858,2.005631924117233,0.25691026776215087
4309,0.4793,15,63,15,389153,216457,33113,74843,2.0050483530327172,0.2569275660830759
4310,0.4794,0,12,0,389165,216445,33113,74843,2.0049371966356664,0.256938150558897
4311,0.4795,5,26,5,389191,216419,33118,74838,2.00469635777539,0.2569483308555674
4312,0.4796,1,4,1,389195,216415,33119,74837,2.00465930564304,0.25694930850260256
4313,0.4797,6,18,6,389213,216397,33125,74831,2.004492571047464,0.2569498811927425
4314,0.4798,5,32,5,389245,216365,33130,74826,2.004196153988662,0.25696535950630345
4315,0.4799,0,9,0,389254,216356,33130,74826,2.004112786690874,0.2569733019211352
4316,0.48,481,3074,481,392328,213282,33611,74345,1.9756382229797325,0.258477124887441
4317,0.4801,2,4,2,392332,213278,33613,74343,1.9756011708473822,0.2584755633281297
4318,0.4802,3,24,3,392356,213254,33616,74340,1.975378858053281,0.25848939824892037
4319,0.4803,2,27,2,392383,213227,33618,74338,1.975128756159917,0.25850851111922524
4320,0.4804,3,13,3,392396,213214,33621,74335,1.9750083367297788,0.2585124622238297
4321,0.4805,6,28,6,392424,213186,33627,74329,1.9747489718033273,0.25852216406100553
4322,0.4806,0,13,0,392437,213173,33627,74329,1.974628552373189,0.2585338536775396
4323,0.4807,12,63,12,392500,213110,33639,74317,1.9740449812886731,0.258559564689469
4324,0.4808,24,155,24,392655,212955,33663,74293,1.9726092111601023,0.2586371358547318
4325,0.4809,0,3,0,392658,212952,33663,74293,1.9725814220608395,0.258639837072882
4326,0.481,9,74,9,392732,212878,33672,74284,1.9718959576123607,0.258683251962307
4327,0.4811,1,13,1,392745,212865,33673,74283,1.9717755381822224,0.2586923816289857
4328,0.4812,9,28,9,392773,212837,33682,74274,1.9715161732557709,0.2586943725597417
4329,0.4813,2,41,2,392814,212796,33684,74272,1.971136388899181,0.25872615547535777
4330,0.4814,2,20,2,392834,212776,33686,74270,1.9709511282374301,0.2587390174397135
4331,0.4815,4,35,4,392869,212741,33690,74266,1.9706269220793657,0.25876023929729935
4332,0.4816,0,4,0,392873,212737,33690,74266,1.9705898699470155,0.25876384567408706
4333,0.4817,79,404,79,393277,212333,33769,74187,1.9668476045796435,0.25892433337986875
4334,0.4818,4,26,4,393303,212307,33773,74183,1.966606765719367,0.2589374847289609
4335,0.4819,3,4,3,393307,212303,33776,74180,1.966569713587017,0.2589333398491359
4336,0.482,17,76,17,393383,212227,33793,74163,1.9658657230723628,0.25895806417821854
4337,0.4821,2,21,2,393404,212206,33795,74161,1.9656711993775242,0.2589718787430116
4338,0.4822,7,19,7,393423,212187,33802,74154,1.9654952017488607,0.258970947227257
4339,0.4823,7,40,7,393463,212147,33809,74147,1.9651246804253584,0.25898901129608026
4340,0.4824,0,7,0,393470,212140,33809,74147,1.9650598391937455,0.25899534383328615
4341,0.4825,53,331,53,393801,211809,33862,74094,1.961993775241765,0.25915782625575806
4342,0.4826,3,14,3,393815,211795,33865,74091,1.9618640927785393,0.259162743191342
4343,0.4827,12,39,12,393854,211756,33877,74079,1.961502834488125,0.25916700194167963
4344,0.4828,0,19,0,393873,211737,33877,74079,1.9613268368594612,0.25918423041397265
4345,0.4829,0,12,0,393885,211725,33877,74079,1.9612156804624106,0.25919511273460133
4346,0.483,14,58,14,393943,211667,33891,74065,1.9606784245433324,0.25921142889140875
4347,0.4831,1,12,1,393955,211655,33892,74064,1.9605672681462818,0.25921972287457257
4348,0.4832,3,29,3,393984,211626,33895,74061,1.9602986401867428,0.2592382572535677
4349,0.4833,79,659,79,394643,210967,33974,73982,1.9541943013820446,0.25963242545157206
4350,0.4834,2,1,2,394644,210966,33976,73980,1.954185038348957,0.2596281400686446
4351,0.4835,6,42,6,394686,210924,33982,73974,1.9537959909592797,0.25965082239959564
4352,0.4836,3,7,3,394693,210917,33985,73971,1.9537311497276668,0.2596494060823903
4353,0.4837,2,32,2,394725,210885,33987,73969,1.953434732668865,0.25967337653675215
4354,0.4838,1,27,1,394752,210858,33988,73968,1.9531846307755012,0.25969539297676475
4355,0.4839,1,7,1,394759,210851,33989,73967,1.9531197895438883,0.2596991763161036
4356,0.484,17,130,17,394889,210721,34006,73950,1.9519155952425062,0.2597735631659003
4357,0.4841,0,4,0,394893,210717,34006,73950,1.951878543110156,0.25977721337562837
4358,0.4842,22,154,22,395047,210563,34028,73928,1.9504520360146727,0.2598605931294839
4359,0.4843,9,49,9,395096,210514,34037,73919,1.9499981473933825,0.25988194056245234
4360,0.4844,1,5,1,395101,210509,34038,73918,1.9499518322279448,0.25988390694273045
4361,0.4845,0,28,0,395129,210481,34038,73918,1.9496924673014933,0.2599094933526489
4362,0.4846,1,10,1,395139,210471,34039,73917,1.9495998369706176,0.25991603021224524
4363,0.4847,13,40,13,395179,210431,34052,73904,1.9492293156471154,0.25991875780329543
4364,0.4848,8,27,8,395206,210404,34060,73896,1.9489792137537516,0.25992261695392194
4365,0.4849,0,5,0,395211,210399,34060,73896,1.9489328985883139,0.2599271883079196
4366,0.485,200,1221,200,396432,209178,34260,73696,1.93762273518841,0.26052588785112807
4367,0.4851,1,10,1,396442,209168,34261,73695,1.9375301048575346,0.2605324839233127
4368,0.4852,5,14,5,396456,209154,34266,73690,1.9374004223943089,0.2605323075617655
4369,0.4853,5,34,5,396490,209120,34271,73685,1.937085479269332,0.2605505560368452
4370,0.4854,0,5,0,396495,209115,34271,73685,1.9370391641038942,0.26055516265912304
4371,0.4855,2,23,2,396518,209092,34273,73683,1.9368261143428804,0.26057112545309874
4372,0.4856,2,14,2,396532,209078,34275,73681,1.9366964318796547,0.2605787967845409
4373,0.4857,12,48,12,396580,209030,34287,73669,1.936251806291452,0.26059165402070755
4374,0.4858,22,127,22,396707,208903,34309,73647,1.9350754010893327,0.26065121217483633
4375,0.4859,1,3,1,396710,208900,34310,73646,1.9350476119900701,0.2606513629639068
4376,0.486,23,122,23,396832,208778,34333,73623,1.9339175219533884,0.2607037510490402
4377,0.4861,1,13,1,396845,208765,34334,73622,1.9337971025232503,0.2607131348114467
4378,0.4862,1,43,1,396888,208722,34335,73621,1.9333987921004854,0.2607502222474083
4379,0.4863,7,26,7,396914,208696,34342,73614,1.933157953240209,0.2607559066274663
4380,0.4864,1,14,1,396928,208682,34343,73613,1.9330282707769832,0.26076621973467473
4381,0.4865,9,20,9,396948,208662,34352,73604,1.932843010115232,0.26076112603005674
4382,0.4866,2,6,2,396954,208656,34354,73602,1.9327874319167069,0.2607614310311842
4383,0.4867,110,676,110,397630,207980,34464,73492,1.9265256215495201,0.2610987949067758
4384,0.4868,5,28,5,397658,207952,34469,73487,1.9262662566230686,0.2611116440862851
4385,0.4869,1,7,1,397665,207945,34470,73486,1.9262014153914557,0.26111551321638343
4386,0.487,12,57,12,397722,207888,34482,73474,1.9256734225054652,0.2611368983729146
4387,0.4871,2,23,2,397745,207865,34484,73472,1.9254603727444515,0.2611529944514941
4388,0.4872,2,29,2,397774,207836,34486,73470,1.9251917447849123,0.2611746638891456
4389,0.4873,5,41,5,397815,207795,34491,73465,1.9248119604283227,0.2611996017919363
4390,0.4874,1,13,1,397828,207782,34492,73464,1.9246915409981844,0.2612090483064648
4391,0.4875,57,370,57,398198,207412,34549,73407,1.9212642187557893,0.26140325262891756
4392,0.4876,1,13,1,398211,207399,34550,73406,1.9211437993256513,0.26141272413240507
4393,0.4877,17,45,17,398256,207354,34567,73389,1.9207269628367112,0.2614099015825862
4394,0.4878,2,17,2,398273,207337,34569,73387,1.9205694912742228,0.26142046992775825
4395,0.4879,1,14,1,398287,207323,34570,73386,1.920439808810997,0.2614308768154922
4396,0.488,16,88,16,398375,207235,34586,73370,1.9196246618992923,0.2614707506993817
4397,0.4881,1,8,1,398383,207227,34587,73369,1.919550557634592,0.26147557342228683
4398,0.4882,2,20,2,398403,207207,34589,73367,1.9193652969728408,0.2614889476573025
4399,0.4883,62,410,62,398813,206797,34651,73305,1.9155674534069436,0.261708234857302
4400,0.4884,1,4,1,398817,206793,34652,73304,1.9155304012745933,0.2617093364084585
4401,0.4885,4,31,4,398848,206762,34656,73300,1.9152432472488792,0.2617277602816519
4402,0.4886,4,18,4,398866,206744,34660,73296,1.9150765126533031,0.2617340379945722
4403,0.4887,5,44,5,398910,206700,34665,73291,1.9146689391974507,0.2617619852066674
4404,0.4888,7,22,7,398932,206678,34672,73284,1.9144651524695246,0.26176409655596117
4405,0.4889,4,8,4,398940,206670,34676,73280,1.914391048204824,0.26176102875513485
4406,0.489,14,91,14,399031,206579,34690,73266,1.9135481121938567,0.2618092158158981
4407,0.4891,0,2,0,399033,206577,34690,73266,1.9135295861276818,0.2618110869308862
4408,0.4892,36,136,36,399169,206441,34726,73230,1.9122698136277743,0.26184338025751686
4409,0.4893,14,65,14,399234,206376,34740,73216,1.9116677164770832,0.26186729234026723
4410,0.4894,1,8,1,399242,206368,34741,73215,1.9115936122123829,0.26187214530211067
4411,0.4895,4,35,4,399277,206333,34745,73211,1.9112694060543185,0.2618943708324986
4412,0.4896,2,11,2,399288,206322,34747,73209,1.9111675126903553,0.26189939577363514
4413,0.4897,7,34,7,399322,206288,34754,73202,1.9108525695653784,0.2619127696876454
4414,0.4898,4,23,4,399345,206265,34758,73198,1.9106395198043646,0.2619237609272068
4415,0.4899,2,9,2,399354,206256,34760,73196,1.9105561525065768,0.2619269141033165
4416,0.49,515,2966,515,402320,203290,35275,72681,1.883081996368891,0.2633646288921662
4417,0.4901,3,12,3,402332,203278,35278,72678,1.8829708399718403,0.26336807317108524
4418,0.4902,4,13,4,402345,203265,35282,72674,1.8828504205417023,0.26336980274625915
4419,0.4903,4,29,4,402374,203236,35286,72670,1.882581792582163,0.26338680565120004
4420,0.4904,2,8,2,402382,203228,35288,72668,1.8825076883174627,0.2633891031403137
4421,0.4905,5,34,5,402416,203194,35293,72663,1.8821927451924858,0.2634082151259529
4422,0.4906,2,4,2,402420,203190,35295,72661,1.8821556930601355,0.2634066941936045
4423,0.4907,4,58,4,402478,203132,35299,72657,1.8816184371410574,0.26345140669134737
4424,0.4908,14,126,14,402604,203006,35313,72643,1.8804512949720256,0.2635344223995008
4425,0.4909,2,5,2,402609,203001,35315,72641,1.8804049798065878,0.26353385913612587
4426,0.491,16,79,16,402688,202922,35331,72625,1.879673200192671,0.2635666510613434
4427,0.4911,0,11,0,402699,202911,35331,72625,1.879571306828708,0.2635771732187446
4428,0.4912,3,27,3,402726,202884,35334,72622,1.879321204935344,0.263594985227182
4429,0.4913,2,32,2,402758,202852,35336,72620,1.8790247878765423,0.26362025904629144
4430,0.4914,1,15,1,402773,202837,35337,72619,1.878885842380229,0.26363194121747213
4431,0.4915,4,42,4,402815,202795,35341,72615,1.8784967949905518,0.2636614502015177
4432,0.4916,0,9,0,402824,202786,35341,72615,1.8784134276927638,0.26367006655749253
4433,0.4917,77,401,77,403225,202385,35418,72538,1.8746989514246546,0.2638484230129891
4434,0.4918,4,26,4,403251,202359,35422,72534,1.874458112564378,0.26386266656480883
4435,0.4919,3,3,3,403254,202356,35425,72531,1.8744303234651154,0.2638575123596241
4436,0.492,20,82,20,403336,202274,35445,72511,1.873670754751936,0.2638826719071274
4437,0.4921,2,17,2,403353,202257,35447,72509,1.8735132831894477,0.2638936404067461
4438,0.4922,5,20,5,403373,202237,35452,72504,1.8733280225276965,0.26389945439523044
4439,0.4923,11,36,11,403409,202201,35463,72493,1.8729945533365444,0.26390456289544
4440,0.4924,2,15,2,403424,202186,35465,72491,1.8728556078402312,0.2639136149004103
4441,0.4925,58,360,58,403784,201826,35523,72433,1.8695209159287116,0.2641043684983902
4442,0.4926,5,9,5,403793,201817,35528,72428,1.8694375486309238,0.26409961895385514
4443,0.4927,10,45,10,403838,201772,35538,72418,1.8690207121419837,0.2641161238557205
4444,0.4928,3,15,3,403853,201757,35541,72415,1.8688817666456705,0.2641225216287586
4445,0.4929,3,12,3,403865,201745,35544,72412,1.86877061024862,0.264126029975525
4446,0.493,8,54,8,403919,201691,35552,72404,1.8682704064618918,0.2641565880442912
4447,0.4931,3,3,3,403922,201688,35555,72401,1.8682426173626292,0.2641514252669753
4448,0.4932,4,21,4,403943,201667,35559,72397,1.8680480936677906,0.2641609259151147
4449,0.4933,117,638,117,404581,201029,35676,72280,1.862138278557931,0.2644625680091032
4450,0.4934,0,10,0,404591,201019,35676,72280,1.8620456482270555,0.2644722446843933
4451,0.4935,8,27,8,404618,200992,35684,72272,1.8617955463336915,0.26447684290649337
4452,0.4936,2,12,2,404630,200980,35686,72270,1.8616843899366409,0.26448307410795974
4453,0.4937,2,24,2,404654,200956,35688,72268,1.8614620771425396,0.26450092232014755
4454,0.4938,2,32,2,404686,200924,35690,72266,1.8611656600837378,0.26452652000439253
4455,0.4939,1,4,1,404690,200920,35691,72265,1.8611286079513876,0.2645277010084741
4456,0.494,23,125,23,404815,200795,35714,72242,1.8599707288154432,0.2645868508663661
4457,0.4941,1,4,1,404819,200791,35715,72241,1.8599336766830932,0.26458803363708283
4458,0.4942,21,155,21,404974,200636,35736,72220,1.8584979065545222,0.2646817368868561
4459,0.4943,5,55,5,405029,200581,35741,72215,1.8579884397347068,0.2647216234842153
4460,0.4944,3,7,3,405036,200574,35744,72212,1.8579235985030937,0.26472033022222546
4461,0.4945,2,20,2,405056,200554,35746,72210,1.8577383378413428,0.2647343491076535
4462,0.4946,5,21,5,405077,200533,35751,72205,1.8575438141465042,0.2647412535106953
4463,0.4947,7,45,7,405122,200488,35758,72198,1.8571269776575643,0.26476606793161367
4464,0.4948,1,14,1,405136,200474,35759,72197,1.8569972951943385,0.26477696564724523
4465,0.4949,3,18,3,405154,200456,35762,72194,1.8568305605987625,0.264786356134238
4466,0.495,184,1192,184,406346,199264,35946,72010,1.845789025158398,0.2654511674543082
4467,0.4951,1,7,1,406353,199257,35947,72009,1.845724183926785,0.26545530954856117
4468,0.4952,6,31,6,406384,199226,35953,72003,1.8454370299010707,0.26546940039597533
4469,0.4953,6,38,6,406422,199188,35959,71997,1.8450850346437437,0.26549034791747333
4470,0.4954,3,6,3,406428,199182,35962,71994,1.8450294564452183,0.2654880962917072
4471,0.4955,4,37,4,406465,199145,35966,71990,1.844686724220979,0.2655134895900566
4472,0.4956,0,14,0,406479,199131,35966,71990,1.8445570417577533,0.26552720003245783
4473,0.4957,13,65,13,406544,199066,35979,71977,1.8439549446070622,0.26555564984153807
4474,0.4958,22,153,22,406697,198913,36001,71955,1.8425377005446664,0.265645997312344
4475,0.4959,1,3,1,406700,198910,36002,71954,1.8425099114454038,0.2656462283655266
4476,0.496,24,123,24,406823,198787,36026,71930,1.8413705583756346,0.26570182145930993
4477,0.4961,3,10,3,406833,198777,36029,71927,1.8412779280447589,0.26570349902476503
4478,0.4962,7,30,7,406863,198747,36036,71920,1.8410000370521324,0.2657139584803467
4479,0.4963,2,25,2,406888,198722,36038,71918,1.8407684612249435,0.2657330771504582
4480,0.4964,4,10,4,406898,198712,36042,71914,1.840675830894068,0.26573204348436585
4481,0.4965,5,31,5,406929,198681,36047,71909,1.8403886768683537,0.26574891902878894
4482,0.4966,0,8,0,406937,198673,36047,71909,1.8403145726036534,0.26575677613440657
4483,0.4967,112,630,112,407567,198043,36159,71797,1.8344788617584942,0.2660724873999407
4484,0.4968,3,35,3,407602,198008,36162,71794,1.8341546556004298,0.2660988428551308
4485,0.4969,1,9,1,407611,197999,36163,71793,1.8340712883026418,0.26610499940695054
4486,0.497,11,43,11,407654,197956,36174,71782,1.833672977879877,0.26611749178832794
4487,0.4971,5,24,5,407678,197932,36179,71777,1.8334506650857756,0.2661275671186353
4488,0.4972,2,10,2,407688,197922,36181,71775,1.8333580347549001,0.26613199256943904
4489,0.4973,12,36,12,407724,197886,36193,71763,1.8330245655637483,0.266134864212365
4490,0.4974,0,5,0,407729,197881,36193,71763,1.8329782503983105,0.2661397991425732
4491,0.4975,43,320,43,408049,197561,36236,71720,1.830014079810293,0.2663388802032078
4492,0.4976,2,9,2,408058,197552,36238,71718,1.829930712512505,0.266342332974338
4493,0.4977,6,41,6,408099,197511,36244,71712,1.8295509281559155,0.26636654372026164
4494,0.4978,3,14,3,408113,197497,36247,71709,1.8294212456926897,0.26637222053000303
4495,0.4979,1,12,1,408125,197485,36248,71708,1.8293100892956389,0.2663813695006928
4496,0.498,12,80,12,408205,197405,36260,71696,1.8285690466486346,0.26642784679358306
4497,0.4981,0,10,0,408215,197395,36260,71696,1.8284764163177591,0.26643774782508517
4498,0.4982,5,15,5,408230,197380,36265,71691,1.8283374708214457,0.2664389696399835
4499,0.4983,59,419,59,408649,196961,36324,71632,1.8244562599577605,0.2666934730242411
4500,0.4984,1,3,1,408652,196958,36325,71631,1.824428470858498,0.26669372163416966
4501,0.4985,8,28,8,408680,196930,36333,71623,1.8241691059320464,0.2666996831165543
4502,0.4986,2,10,2,408690,196920,36335,71621,1.824076475601171,0.2667041531833128
4503,0.4987,7,41,7,408731,196879,36342,71614,1.8236966912445811,0.26672576193792763
4504,0.4988,1,36,1,408767,196843,36343,71613,1.8233632220534293,0.26675879846231787
4505,0.4989,0,6,0,408773,196837,36343,71613,1.8233076438549038,0.26676476066306576
4506,0.499,13,78,13,408851,196759,36356,71600,1.8225851272740745,0.26680677748836445
4507,0.4991,0,9,0,408860,196750,36356,71600,1.8225017599762867,0.26681572573132106
4508,0.4992,23,115,23,408975,196635,36379,71577,1.8214365111712179,0.2668672542615543
4509,0.4993,6,61,6,409036,196574,36385,71571,1.820871466152877,0.2669115590445468
4510,0.4994,0,6,0,409042,196568,36385,71571,1.8208158879543517,0.26691753157877074
4511,0.4995,6,26,6,409068,196542,36391,71565,1.8205750490940753,0.2669270104846199
4512,0.4996,2,13,2,409081,196529,36393,71563,1.8204546296639372,0.26693448517673035
4513,0.4997,4,37,4,409118,196492,36397,71559,1.8201118974396977,0.26696039186572706
4514,0.4998,8,23,8,409141,196469,36405,71551,1.819898847678684,0.2669614207894933
4515,0.4999,3,6,3,409147,196463,36408,71548,1.8198432694801585,0.2669591919734638
4516,0.5,484,3031,484,412178,193432,36892,71064,1.7917670161917818,0.26867703103260543
4517,0.5001,1,1,1,412179,193431,36893,71063,1.7917577531586943,0.26867528185894574
4518,0.5002,4,21,4,412200,193410,36897,71059,1.7915632294638557,0.2686855548287323
4519,0.5003,7,27,7,412227,193383,36904,71052,1.7913131275704917,0.26869362981451017
4520,0.5004,2,7,2,412234,193376,36906,71050,1.7912482863388788,0.26869521151475273
4521,0.5005,4,22,4,412256,193354,36910,71046,1.7910444996109527,0.26870650529500756
4522,0.5006,0,10,0,412266,193344,36910,71046,1.790951869280077,0.26871666855781234
4523,0.5007,10,58,10,412324,193286,36920,71036,1.7904146133609988,0.2687479664954109
4524,0.5008,25,115,25,412439,193171,36945,71011,1.7893493645559302,0.2687957544420135
4525,0.5009,0,5,0,412444,193166,36945,71011,1.7893030493904925,0.2688008418598137
4526,0.501,15,93,15,412537,193073,36960,70996,1.78844158731335,0.26885397377200654
4527,0.5011,3,9,3,412546,193064,36963,70993,1.7883582200155619,0.2688548305858205
4528,0.5012,2,24,2,412570,193040,36965,70991,1.7881359072214607,0.26887373073616355
4529,0.5013,9,38,9,412608,193002,36974,70982,1.7877839119641334,0.2688875083338384
4530,0.5014,1,10,1,412618,192992,36975,70981,1.787691281633258,0.2688949248597394
4531,0.5015,4,35,4,412653,192957,36979,70977,1.7873670754751936,0.26891950260292347
4532,0.5016,0,9,0,412662,192948,36979,70977,1.7872837081774056,0.26892867291844275
4533,0.5017,53,385,53,413047,192563,37032,70924,1.7837174404386973,0.2691745702824048
4534,0.5018,2,17,2,413064,192546,37034,70922,1.783559968876209,0.2691863907571318
4535,0.5019,3,6,3,413070,192540,37037,70919,1.7835043906776835,0.2691841994390019
4536,0.502,18,76,18,413146,192464,37055,70901,1.7828004001630293,0.269211930210924
4537,0.5021,2,18,2,413164,192446,37057,70899,1.7826336655674535,0.26922478118058063
4538,0.5022,2,18,2,413182,192428,37059,70897,1.7824669309718775,0.269237634102345
4539,0.5023,4,38,4,413220,192390,37063,70893,1.7821149357145503,0.26926539123300786
4540,0.5024,1,4,1,413224,192386,37064,70892,1.7820778835822002,0.2692667066750735
4541,0.5025,57,326,57,413550,192060,37121,70835,1.7790581347956576,0.2694421727305578
4542,0.5026,0,8,0,413558,192052,37121,70835,1.778984030530957,0.2694503722131562
4543,0.5027,11,54,11,413612,191998,37132,70824,1.7784838267442291,0.26947515809178835
4544,0.5028,2,13,2,413625,191985,37134,70822,1.7783634073140908,0.26948292853691114
4545,0.5029,2,18,2,413643,191967,37136,70820,1.778196672718515,0.26949582741916456
4546,0.503,10,49,10,413692,191918,37146,70810,1.7777427840972249,0.26951828507049114
4547,0.5031,1,7,1,413699,191911,37147,70809,1.777677942865612,0.2695226857490865
4548,0.5032,2,19,2,413718,191892,37149,70807,1.7775019452369485,0.2695366179543889
4549,0.5033,114,621,114,414339,191271,37263,70693,1.7717496016895773,0.2698576903696691
4550,0.5034,0,4,0,414343,191267,37263,70693,1.771712549557227,0.26986181096350587
4551,0.5035,6,33,6,414376,191234,37269,70687,1.7714068694653378,0.2698790856785061
4552,0.5036,1,13,1,414389,191221,37270,70686,1.7712864500351995,0.26988969366989046
4553,0.5037,6,37,6,414426,191184,37276,70680,1.77094371781096,0.2699110988910274
4554,0.5038,2,18,2,414444,191166,37278,70678,1.7707769832153841,0.2699240769313026
4555,0.5039,1,7,1,414451,191159,37279,70677,1.7707121419837712,0.2699285048656411
4556,0.504,25,124,25,414575,191035,37304,70652,1.7695635258809144,0.269986663456725
4557,0.5041,1,3,1,414578,191032,37305,70651,1.7695357367816518,0.26998696896626834
4558,0.5042,16,122,16,414700,190910,37321,70635,1.7684056467449702,0.27006824829379267
4559,0.5043,6,41,6,414741,190869,37327,70629,1.7680258623883804,0.2700938439299727
4560,0.5044,4,8,4,414749,190861,37331,70625,1.76795175812368,0.2700909417712612
4561,0.5045,9,24,9,414773,190837,37340,70616,1.7677294453295787,0.27009060901959436
4562,0.5046,0,5,0,414778,190832,37340,70616,1.767683130164141,0.2700957743031119
4563,0.5047,3,38,3,414816,190794,37343,70613,1.767331134906814,0.2701266607244642
4564,0.5048,1,18,1,414834,190776,37344,70612,1.767164400311238,0.2701424701975607
4565,0.5049,1,8,1,414842,190768,37345,70611,1.7670902960465376,0.27014794608595183
4566,0.505,194,1199,194,416041,189569,37539,70417,1.75598391937456,0.27084919957228465
4567,0.5051,0,10,0,416051,189559,37539,70417,1.7558912890436844,0.27085961781087486
4568,0.5052,6,30,6,416081,189529,37545,70411,1.7556133980510578,0.2708740478571978
4569,0.5053,10,31,10,416112,189498,37555,70401,1.7553262440253437,0.27087830272528945
4570,0.5054,2,12,2,416124,189486,37557,70399,1.755215087628293,0.27088519922273313
4571,0.5055,6,26,6,416150,189460,37563,70393,1.7549742487680167,0.27089546782219176
4572,0.5056,1,6,1,416156,189454,37564,70392,1.7549186705694912,0.2708989170508686
4573,0.5057,9,60,9,416216,189394,37573,70383,1.754362888584238,0.2709362260708223
4574,0.5058,24,105,24,416321,189289,37597,70359,1.7533902701100448,0.27097840152822283
4575,0.5059,0,8,0,416329,189281,37597,70359,1.7533161658453444,0.27098675088584195
4576,0.506,16,135,16,416464,189146,37613,70343,1.7520656563785246,0.2710827819290991
4577,0.5061,0,8,0,416472,189138,37613,70343,1.751991552113824,0.2710911396210127
4578,0.5062,3,19,3,416491,189119,37616,70340,1.7518155544851606,0.27110256341078937
4579,0.5063,10,37,10,416528,189082,37626,70330,1.751472822260921,0.27111313277720384
4580,0.5064,1,7,1,416535,189075,37627,70329,1.7514079810293082,0.2711176388953139
4581,0.5065,6,33,6,416568,189042,37633,70323,1.751102300937419,0.271135272685212
4582,0.5066,0,8,0,416576,189034,37633,70323,1.7510281966727186,0.27114363599208813
4583,0.5067,126,678,126,417254,188356,37759,70197,1.7447478602393567,0.2714994604587841
4584,0.5068,2,26,2,417280,188330,37761,70195,1.7445070213790803,0.27152112948457596
4585,0.5069,0,2,0,417282,188328,37761,70195,1.7444884953129052,0.27152323004142764
4586,0.507,10,31,10,417313,188297,37771,70185,1.744201341287191,0.27152761120696994
4587,0.5071,3,19,3,417332,188278,37774,70182,1.7440253436585276,0.2715391163042637
4588,0.5072,3,20,3,417352,188258,37777,70179,1.7438400829967764,0.27155167410239245
4589,0.5073,10,61,10,417413,188197,37787,70169,1.7432750379784356,0.27158759279471756
4590,0.5074,1,2,1,417415,188195,37788,70168,1.7432565119122605,0.27158687582974345
4591,0.5075,44,334,44,417749,187861,37832,70124,1.7401626588610175,0.27181425276663373
4592,0.5076,1,10,1,417759,187851,37833,70123,1.7400700285301418,0.2718219665547691
4593,0.5077,6,43,6,417802,187808,37839,70117,1.739671718107377,0.2718503440922749
4594,0.5078,6,14,6,417816,187794,37845,70111,1.7395420356441513,0.2718481611446075
4595,0.5079,0,10,0,417826,187784,37845,70111,1.7394494053132759,0.27185870218499775
4596,0.508,23,79,23,417905,187705,37868,70088,1.738717625699359,0.27187704863980017
4597,0.5081,3,3,3,417908,187702,37871,70085,1.7386898366000962,0.2718717390714039
4598,0.5082,0,24,0,417932,187678,37871,70085,1.738467523805995,0.2718970527189705
4599,0.5083,70,380,70,418312,187298,37941,70015,1.7349475712327245,0.2721005157143246
4600,0.5084,4,3,4,418315,187295,37945,70011,1.7349197821334619,0.2720923725058879
4601,0.5085,9,27,9,418342,187268,37954,70002,1.7346696802400978,0.2720954639095114
4602,0.5086,2,21,2,418363,187247,37956,70000,1.7344751565452592,0.27211201685539577
4603,0.5087,5,36,5,418399,187211,37961,69995,1.7341416873541071,0.27213595328258283
4604,0.5088,6,15,6,418414,187196,37967,69989,1.734002741857794,0.2721348445671404
4605,0.5089,1,8,1,418422,187188,37968,69988,1.7339286375930936,0.272140479671509
4606,0.509,17,71,17,418493,187117,37985,69971,1.7332709622438771,0.2721675068459049
4607,0.5091,0,11,0,418504,187106,37985,69971,1.733169068879914,0.2721791525496252
4608,0.5092,33,151,33,418655,186955,38018,69938,1.7317703508836935,0.2722456431276835
4609,0.5093,11,56,11,418711,186899,38029,69927,1.7312516210307902,0.2722738352036009
4610,0.5094,2,4,2,418715,186895,38031,69925,1.7312145688984402,0.2722724086909119
4611,0.5095,6,26,6,418741,186869,38037,69919,1.7309737300381638,0.27228297272458213
4612,0.5096,2,9,2,418750,186860,38039,69917,1.7308903627403758,0.27228684812113235
4613,0.5097,4,37,4,418787,186823,38043,69913,1.7305476305161362,0.2723147513398978
4614,0.5098,4,21,4,418808,186802,38047,69909,1.7303531068212976,0.27232568919913835
4615,0.5099,0,6,0,418814,186796,38047,69909,1.7302975286227722,0.27233205430357804
4616,0.51,540,2897,540,421711,183899,38587,69369,1.7034625217681278,0.2738956362430311
4617,0.5101,0,4,0,421715,183895,38587,69369,1.7034254696357776,0.27389996209488915
4618,0.5102,2,21,2,421736,183874,38589,69367,1.703230945940939,0.27391694077973155
4619,0.5103,4,31,4,421767,183843,38593,69363,1.7029437919152248,0.2739390061846876
4620,0.5104,3,3,3,421770,183840,38596,69360,1.702916002815962,0.2739336492890995
4621,0.5105,6,26,6,421796,183814,38602,69354,1.7026751639556856,0.2739445743537888
4622,0.5106,0,5,0,421801,183809,38602,69354,1.702628848790248,0.27394998479240645
4623,0.5107,8,73,8,421874,183736,38610,69346,1.7019526473748565,0.27400605337400524
4624,0.5108,21,129,21,422003,183607,38631,69325,1.700757716106562,0.27408552496323124
4625,0.5109,0,10,0,422013,183597,38631,69325,1.7006650857756864,0.2740963617241679
4626,0.511,9,95,9,422108,183502,38640,69316,1.6997850976323687,0.2741735161262252
4627,0.5111,2,4,2,422112,183498,38642,69314,1.6997480455000185,0.2741721120832872
4628,0.5112,4,21,4,422133,183477,38646,69310,1.6995535218051798,0.27418340341868846
4629,0.5113,9,37,9,422170,183440,38655,69301,1.6992107895809403,0.2741976964560558
4630,0.5114,2,13,2,422183,183427,38657,69299,1.6990903701508022,0.2742060571528058
4631,0.5115,6,28,6,422211,183399,38663,69293,1.6988310052243507,0.2742192075728555
4632,0.5116,2,6,2,422217,183393,38665,69291,1.6987754270258253,0.27421997435532125
4633,0.5117,66,370,66,422587,183023,38731,69225,1.6953481047834302,0.2744323047159938
4634,0.5118,7,23,7,422610,183000,38738,69218,1.6951350550224165,0.27443719322173676
4635,0.5119,2,10,2,422620,182990,38740,69216,1.695042424691541,0.27444232095985027
4636,0.512,17,82,17,422702,182908,38757,69199,1.6942828559783616,0.27448266014033723
4637,0.5121,2,18,2,422720,182890,38759,69197,1.6941161213827856,0.27449650319135854
4638,0.5122,5,13,5,422733,182877,38764,69192,1.6939957019526475,0.2744962688787594
4639,0.5123,4,33,4,422766,182844,38768,69188,1.693690021860758,0.27452069578466226
4640,0.5124,2,8,2,422774,182836,38770,69186,1.6936159175960577,0.27452365269698675
4641,0.5125,62,299,62,423073,182537,38832,69124,1.6908462707028789,0.27467108530920564
4642,0.5126,0,1,0,423074,182536,38832,69124,1.6908370076697914,0.2746721767464039
4643,0.5127,11,59,11,423133,182477,38843,69113,1.6902904887176258,0.274704876982392
4644,0.5128,2,12,2,423145,182465,38845,69111,1.6901793323205752,0.27471221420167263
4645,0.5129,3,15,3,423160,182450,38848,69108,1.6900403868242617,0.2747199453008849
4646,0.513,11,47,11,423207,182403,38859,69097,1.6896050242691467,0.2747395626242545
4647,0.5131,1,4,1,423211,182399,38860,69096,1.6895679721367964,0.27474104852979186
4648,0.5132,6,25,6,423236,182374,38866,69090,1.6893363963096075,0.27475105780549103
4649,0.5133,100,613,100,423849,181761,38966,68990,1.6836581570269369,0.27513349896909683
4650,0.5134,0,1,0,423850,181760,38966,68990,1.6836488939938494,0.2751345962113659
4651,0.5135,11,25,11,423875,181735,38977,68979,1.6834173181666605,0.27513022806863596
4652,0.5136,1,14,1,423889,181721,38978,68978,1.6832876357034348,0.27514270100798166
4653,0.5137,3,18,3,423907,181703,38981,68975,1.6831209011078587,0.2751537829406649
4654,0.5138,2,26,2,423933,181677,38983,68973,1.6828800622475824,0.2751765409934171
4655,0.5139,4,23,4,423956,181654,38987,68969,1.6826670124865686,0.2751902259569154
4656,0.514,24,130,24,424086,181524,39011,68945,1.6814628181851865,0.27526360547612677
4657,0.5141,3,8,3,424094,181516,39014,68942,1.6813887139204862,0.2752637168706929
4658,0.5142,25,131,25,424225,181385,39039,68917,1.6801752565860166,0.2753353948430296
4659,0.5143,15,53,15,424278,181332,39054,68902,1.6796843158323762,0.275350272145272
4660,0.5144,0,8,0,424286,181324,39054,68902,1.6796102115676756,0.27535907539584215
4661,0.5145,5,31,5,424317,181293,39059,68897,1.6793230575419615,0.27537871217874416
4662,0.5146,3,6,3,424323,181287,39062,68894,1.6792674793434361,0.275376627321819
4663,0.5147,5,37,5,424360,181250,39067,68889,1.6789247471191968,0.2754028760009435
4664,0.5148,4,24,4,424384,181226,39071,68885,1.6787024343250954,0.27541771453474656
4665,0.5149,1,10,1,424394,181216,39072,68884,1.6786098039942199,0.2754258296681327
4666,0.515,217,1101,217,425495,180115,39289,68667,1.6684112045648227,0.27601273404024407
4667,0.5151,3,10,3,425505,180105,39292,68664,1.6683185742339472,0.2760150983442471
4668,0.5152,6,14,6,425519,180091,39298,68658,1.6681888917707215,0.27601316990219055
4669,0.5153,5,23,5,425542,180068,39303,68653,1.6679758420097077,0.2760241394976701
4670,0.5154,1,7,1,425549,180061,39304,68652,1.6679110007780948,0.2760289972779871
4671,0.5155,4,40,4,425589,180021,39308,68648,1.6675404794545927,0.2760617527717568
4672,0.5156,3,12,3,425601,180009,39311,68645,1.6674293230575419,0.27606634118091805
4673,0.5157,9,42,9,425643,179967,39320,68636,1.6670402756678646,0.27608677288689193
4674,0.5158,24,143,24,425786,179824,39344,68612,1.6657156619363445,0.27617575552657425
4675,0.5159,3,21,3,425807,179803,39347,68609,1.6655211382415058,0.2761903611741784
4676,0.516,21,101,21,425908,179702,39368,68588,1.6645855718996627,0.2762414918039389
4677,0.5161,2,17,2,425925,179685,39370,68586,1.6644281003371744,0.2762545766521261
4678,0.5162,4,23,4,425948,179662,39374,68582,1.6642150505761606,0.2762685100143407
4679,0.5163,5,29,5,425977,179633,39379,68577,1.6639464226166216,0.27628620925828934
4680,0.5164,3,13,3,425990,179620,39382,68574,1.6638260031864833,0.2762919329234389
4681,0.5165,4,36,4,426026,179584,39386,68570,1.6634925339953315,0.2763203494604157
4682,0.5166,2,2,2,426028,179582,39388,68568,1.6634740079291563,0.27631674390489624
4683,0.5167,127,572,127,426600,179010,39515,68441,1.6581755530030753,0.27658405098383115
4684,0.5168,5,30,5,426630,178980,39520,68436,1.6578976620104486,0.2766029682801436
4685,0.5169,2,7,2,426637,178973,39522,68434,1.6578328207788358,0.27660494650515144
4686,0.517,6,44,6,426681,178929,39528,68428,1.6574252473229834,0.27663660215801456
4687,0.5171,5,20,5,426701,178909,39533,68423,1.6572399866612324,0.2766443484870538
4688,0.5172,3,14,3,426715,178895,39536,68420,1.6571103041980066,0.27665123425590843
4689,0.5173,8,43,8,426758,178852,39544,68412,1.6567119937752417,0.2766759415038178
4690,0.5174,1,12,1,426770,178840,39545,68411,1.656600837378191,0.2766864441397608
4691,0.5175,64,322,64,427092,178518,39609,68347,1.6536181407239987,0.2768598221700119
4692,0.5176,2,12,2,427104,178506,39611,68345,1.653506984326948,0.2768674220481181
4693,0.5177,4,26,4,427130,178480,39615,68341,1.6532661454666715,0.27688486798124956
4694,0.5178,4,17,4,427147,178463,39619,68337,1.6531086739041831,0.27689222042139383
4695,0.5179,2,18,2,427165,178445,39621,68335,1.6529419393086071,0.2769065564470378
4696,0.518,15,65,15,427230,178380,39636,68320,1.6523398421579163,0.27693554925010133
4697,0.5181,3,10,3,427240,178370,39639,68317,1.6522472118270406,0.27693798213931015
4698,0.5182,7,32,7,427272,178338,39646,68310,1.6519507947682388,0.2769533910674321
4699,0.5183,82,367,82,427639,177971,39728,68228,1.6485512616251066,0.27712541480672137
4700,0.5184,1,4,1,427643,177967,39729,68227,1.6485142094927563,0.2771269811611981
4701,0.5185,5,26,5,427669,177941,39734,68222,1.64827337063248,0.27714156879791035
4702,0.5186,1,17,1,427686,177924,39735,68221,1.6481158990699916,0.27715777285746207
4703,0.5187,6,32,6,427718,177892,39741,68215,1.6478194820111898,0.27717618759320134
4704,0.5188,5,31,5,427749,177861,39746,68210,1.6475323279854757,0.27719641891974267
4705,0.5189,1,3,1,427752,177858,39747,68209,1.6475045388862128,0.2771968610175278
4706,0.519,7,80,7,427832,177778,39754,68202,1.6467634962392086,0.2772664444263761
4707,0.5191,0,10,0,427842,177768,39754,68202,1.6466708659083331,0.27727771679473107
4708,0.5192,19,112,19,427954,177656,39773,68183,1.6456334062025268,0.27734818316052373
4709,0.5193,9,57,9,428011,177599,39782,68174,1.6451054133165364,0.2773860432187425
4710,0.5194,1,13,1,428024,177586,39783,68173,1.644984993886398,0.27739777586985626
4711,0.5195,8,25,8,428049,177561,39791,68165,1.6447534180592094,0.2774024726728144
4712,0.5196,1,7,1,428056,177554,39792,68164,1.6446885768275965,0.27740743453878025
4713,0.5197,6,23,6,428079,177531,39798,68158,1.6444755270665827,0.2774157573192125
4714,0.5198,4,26,4,428105,177505,39802,68154,1.6442346882063064,0.27743335273692393
4715,0.5199,1,5,1,428110,177500,39803,68153,1.6441883730408684,0.27743605817962735
4716,0.52,516,2769,516,430879,174731,40319,67637,1.618539034421431,0.27906736862952203
4717,0.5201,1,4,1,430883,174727,40320,67636,1.6185019822890807,0.279068999806076
4718,0.5202,4,18,4,430901,174709,40324,67632,1.6183352476935047,0.27907782834930944
4719,0.5203,8,23,8,430924,174686,40332,67624,1.6181221979324911,0.2790805166934918
4720,0.5204,1,13,1,430937,174673,40333,67623,1.6180017785023528,0.2790925149404035
4721,0.5205,5,27,5,430964,174646,40338,67618,1.6177516766089888,0.2791087408777202
4722,0.5206,4,2,4,430966,174644,40342,67614,1.6177331505428136,0.2790991422367889
4723,0.5207,11,53,11,431019,174591,40353,67603,1.6172422097891734,0.2791274763206355
4724,0.5208,25,106,25,431125,174485,40378,67578,1.6162603282818926,0.27917525602838933
4725,0.5209,0,7,0,431132,174478,40378,67578,1.6161954870502797,0.27918332947747626
4726,0.521,15,84,15,431216,174394,40393,67563,1.6154173922709252,0.27923556665027255
4727,0.5211,1,11,1,431227,174383,40394,67562,1.615315498906962,0.2792452830188679
4728,0.5212,5,23,5,431250,174360,40399,67557,1.6151024491459482,0.27925693522985157
4729,0.5213,10,28,10,431278,174332,40409,67547,1.6148430842194967,0.2792594644429653
4730,0.5214,2,14,2,431292,174318,40411,67545,1.614713401756271,0.2792696691928902
4731,0.5215,5,25,5,431317,174293,40416,67540,1.6144818259290823,0.2792836378823403
4732,0.5216,0,7,0,431324,174286,40416,67540,1.6144169846974694,0.27929172214732906
4733,0.5217,61,356,61,431680,173930,40477,67479,1.6111193449183001,0.279521476001309
4734,0.5218,5,17,5,431697,173913,40482,67474,1.6109618733558115,0.27952623794984816
4735,0.5219,2,7,2,431704,173906,40484,67472,1.6108970321241987,0.2795283745826049
4736,0.522,15,66,15,431770,173840,40499,67457,1.6102856719404202,0.2795600442608072
4737,0.5221,3,17,3,431787,173823,40502,67454,1.6101282003779318,0.2795707837879284
4738,0.5222,4,14,4,431801,173809,40506,67450,1.609998517914706,0.2795750624847156
4739,0.5223,12,41,12,431842,173768,40518,67438,1.6096187335581162,0.27958674328167626
4740,0.5224,2,6,2,431848,173762,40520,67436,1.609563155359591,0.2795877246079984
4741,0.5225,53,355,53,432203,173407,40573,67383,1.6062747786135092,0.2798413555380207
4742,0.5226,0,7,0,432210,173400,40573,67383,1.6062099373818963,0.27984949103549667
4743,0.5227,12,48,12,432258,173352,40585,67371,1.6057653117936936,0.27986939345222517
4744,0.5228,1,23,1,432281,173329,40586,67370,1.60555226203268,0.27989314454983194
4745,0.5229,0,13,0,432294,173316,40586,67370,1.6054318426025418,0.2799082622171626
4746,0.523,11,59,11,432353,173257,40597,67359,1.6048853236503762,0.2799439771253782
4747,0.5231,1,7,1,432360,173250,40598,67358,1.6048204824187633,0.2799491288735204
4748,0.5232,5,16,5,432376,173234,40603,67353,1.6046722738893624,0.2799527821536492
4749,0.5233,96,617,96,432993,172617,40699,67257,1.5989569824743415,0.2803847019685335
4750,0.5234,3,3,3,432996,172614,40702,67254,1.5989291933750787,0.2803792085647106
4751,0.5235,5,39,5,433035,172575,40707,67249,1.5985679350846642,0.2804098005203816
4752,0.5236,2,13,2,433048,172562,40709,67247,1.598447515654526,0.2804190001209296
4753,0.5237,3,31,3,433079,172531,40712,67244,1.5981603616288118,0.2804462516942967
4754,0.5238,4,47,4,433126,172484,40716,67240,1.5977249990736966,0.28048922928033904
4755,0.5239,2,6,2,433132,172478,40718,67238,1.5976694208751714,0.28049024679203727
4756,0.524,20,107,20,433239,172371,40738,67218,1.596678276334803,0.2805554512101975
4757,0.5241,2,5,2,433244,172366,40740,67216,1.5966319611693653,0.28055530048167227
4758,0.5242,28,136,28,433380,172230,40768,67188,1.5953721886694578,0.2806305290329048
4759,0.5243,8,49,8,433429,172181,40776,67180,1.5949183000481677,0.28066393439198534
4760,0.5244,1,10,1,433439,172171,40777,67179,1.5948256697172922,0.28067265510758305
4761,0.5245,5,22,5,433461,172149,40782,67174,1.5946218829893661,0.2806834278360208
4762,0.5246,2,8,2,433469,172141,40784,67172,1.5945477787246656,0.28068679929631907
4763,0.5247,5,30,5,433499,172111,40789,67167,1.594269887732039,0.2807069601049825
4764,0.5248,5,25,5,433524,172086,40794,67162,1.59403831190485,0.28072125994783653
4765,0.5249,1,9,1,433533,172077,40795,67161,1.5939549446070622,0.28072881398440047
4766,0.525,229,1104,229,434637,170973,41024,66932,1.5837285560784022,0.28133919001282026
4767,0.5251,2,7,2,434644,170966,41026,66930,1.5836637148467894,0.2813414265057
4768,0.5252,4,14,4,434658,170952,41030,66926,1.5835340323835636,0.2813458999991592
4769,0.5253,3,28,3,434686,170924,41033,66923,1.583274667457112,0.28136995631645556
4770,0.5254,2,10,2,434696,170914,41035,66921,1.5831820371262366,0.28137574368785084
4771,0.5255,4,20,4,434716,170894,41039,66917,1.5829967764644854,0.28138732018283424
4772,0.5256,0,12,0,434728,170882,41039,66917,1.5828856200674348,0.28140151977089894
4773,0.5257,11,54,11,434782,170828,41050,66906,1.582385416280707,0.28143218891702493
4774,0.5258,21,110,21,434892,170718,41071,66885,1.581366482641076,0.28149897097258875
4775,0.5259,1,4,1,434896,170714,41072,66884,1.5813294305087258,0.2815006860327107
4776,0.526,15,129,15,435025,170585,41087,66869,1.5801344992404314,0.2816082272777043
4777,0.5261,1,9,1,435034,170576,41088,66868,1.5800511319426433,0.2816158757433332
4778,0.5262,9,28,9,435062,170548,41097,66859,1.5797917670161918,0.28162185613735063
4779,0.5263,3,19,3,435081,170529,41100,66856,1.5796157693875283,0.2816353181540535
4780,0.5264,1,9,1,435090,170520,41101,66855,1.5795324020897403,0.2816429699842022
4781,0.5265,3,28,3,435118,170492,41104,66852,1.5792730371632888,0.2816671160846704
4782,0.5266,2,7,2,435125,170485,41106,66850,1.579208195931676,0.2816693702993659
4783,0.5267,120,534,120,435659,169951,41226,66730,1.5742617362629219,0.2819406711987866
4784,0.5268,2,26,2,435685,169925,41228,66728,1.5740208974026455,0.2819655782939578
4785,0.5269,1,8,1,435693,169917,41229,66727,1.5739467931379452,0.28197207619884723
4786,0.527,15,50,15,435743,169867,41244,66712,1.5734836414835673,0.28198614416326045
4787,0.5271,7,19,7,435762,169848,41251,66705,1.5733076438549038,0.28198754613131094
4788,0.5272,3,20,3,435782,169828,41254,66702,1.5731223831931527,0.2820022830084979
4789,0.5273,9,35,9,435817,169793,41263,66693,1.5727981770350883,0.28201669443434285
4790,0.5274,1,10,1,435827,169783,41264,66692,1.5727055467042128,0.2820255840997991
4791,0.5275,72,297,72,436124,169486,41336,66620,1.5699544258772091,0.28216140208211565
4792,0.5276,3,7,3,436131,169479,41339,66617,1.5698895846455962,0.28216064651667117
4793,0.5277,6,37,6,436168,169442,41345,66611,1.569546852421357,0.28218662757939955
4794,0.5278,5,15,5,436183,169427,41350,66606,1.5694079069250435,0.2821893548783433
4795,0.5279,3,5,3,436188,169422,41353,66603,1.5693615917596058,0.28218620908802033
4796,0.528,18,62,18,436250,169360,41371,66585,1.5687872837081773,0.28220559876242346
4797,0.5281,1,6,1,436256,169354,41372,66584,1.5687317055096521,0.2822097330654664
4798,0.5282,8,32,8,436288,169322,41380,66576,1.5684352884508503,0.2822236729433908
4799,0.5283,73,303,73,436591,169019,41453,66503,1.5656285894253215,0.2823642801946315
4800,0.5284,1,3,1,436594,169016,41454,66502,1.5656008003260589,0.28236482986438405
4801,0.5285,6,30,6,436624,168986,41460,66496,1.5653229093334322,0.28238251755972854
4802,0.5286,1,5,1,436629,168981,41461,66495,1.5652765941679945,0.2823854660347551
4803,0.5287,5,38,5,436667,168943,41466,66490,1.5649245989106673,0.28241580407164674
4804,0.5288,8,19,8,436686,168924,41474,66482,1.5647486012820038,0.28241421204217393
4805,0.5289,3,22,3,436708,168902,41477,66479,1.5645448145540777,0.2824314621825891
4806,0.529,14,84,14,436792,168818,41491,66465,1.5637667197747231,0.2824895976334882
4807,0.5291,2,8,2,436800,168810,41493,66463,1.5636926155100226,0.2824931037560621
4808,0.5292,27,129,27,436929,168681,41520,66436,1.5624976842417282,0.2825657013316774
4809,0.5293,11,51,11,436980,168630,41531,66425,1.562025269554263,0.28259343557890704
4810,0.5294,1,3,1,436983,168627,41532,66424,1.561997480455,0.2825939902404159
4811,0.5295,5,25,5,437008,168602,41537,66419,1.5617659046278114,0.2826087881508461
4812,0.5296,2,16,2,437024,168586,41539,66417,1.5616176960984105,0.2826219239754386
4813,0.5297,0,28,0,437052,168558,41539,66417,1.561358331171959,0.282655601659751
4814,0.5298,5,15,5,437067,168543,41544,66412,1.5612193856756456,0.28265838139218147
4815,0.5299,1,8,1,437075,168535,41545,66411,1.5611452814109452,0.2826649527976641
4816,0.53,509,2705,509,439780,165830,42054,65902,1.5360887769091112,0.28438886299691024
4817,0.5301,0,2,0,439782,165828,42054,65902,1.536070250842936,0.28439131748155183
4818,0.5302,1,27,1,439809,165801,42055,65901,1.535820148949572,0.2844213688272005
4819,0.5303,8,38,8,439847,165763,42063,65893,1.535468153692245,0.2844433124978416
4820,0.5304,2,8,2,439855,165755,42065,65891,1.5353940494275446,0.2844469578581111
4821,0.5305,7,22,7,439877,165733,42072,65884,1.5351902626996183,0.2844523502160895
4822,0.5306,0,3,0,439880,165730,42072,65884,1.5351624736003557,0.28445603460930685
4823,0.5307,14,48,14,439928,165682,42086,65870,1.534717848012153,0.28447173852957436
4824,0.5308,31,132,31,440060,165550,42117,65839,1.533495127644596,0.2845381586851579
4825,0.5309,0,11,0,440071,165539,42117,65839,1.533393234280633,0.2845516859857031
4826,0.531,12,64,12,440135,165475,42129,65827,1.5328004001630293,0.2845933022628425
4827,0.5311,3,9,3,440144,165466,42132,65824,1.5327170328652413,0.2845950970642916
4828,0.5312,4,21,4,440165,165445,42136,65820,1.5325225091704027,0.28460856593085854
4829,0.5313,9,47,9,440212,165398,42145,65811,1.5320871466152877,0.28463857375794194
4830,0.5314,2,15,2,440227,165383,42147,65809,1.5319482011189745,0.28465085297069104
4831,0.5315,4,39,4,440266,165344,42151,65805,1.5315869428285598,0.2846865009149942
4832,0.5316,1,4,1,440270,165340,42152,65804,1.5315498906962095,0.28468833281417644
4833,0.5317,67,362,67,440632,164978,42219,65737,1.528196672718515,0.28492729124677635
4834,0.5318,6,30,6,440662,164948,42225,65731,1.5279187817258884,0.28494574712045745
4835,0.5319,1,9,1,440671,164939,42226,65730,1.5278354144281003,0.28495376491856295
4836,0.532,12,68,12,440739,164871,42238,65718,1.5272055281781467,0.2850005854572421
4837,0.5321,4,13,4,440752,164858,42242,65714,1.5270851087480084,0.28500425029925575
4838,0.5322,2,23,2,440775,164835,42244,65712,1.5268720589869946,0.2850264805007222
4839,0.5323,6,29,6,440804,164806,42250,65706,1.5266034310274557,0.2850437287429722
4840,0.5324,1,5,1,440809,164801,42251,65705,1.526557115862018,0.2850468100613433
4841,0.5325,60,267,60,441076,164534,42311,65645,1.5240838860276409,0.2851910904122444
4842,0.5326,3,10,3,441086,164524,42314,65642,1.5239912556967654,0.2851941642119166
4843,0.5327,11,54,11,441140,164470,42325,65631,1.5234910519100375,0.2852269220907341
4844,0.5328,4,15,4,441155,164455,42329,65627,1.523352106413724,0.28523309081110215
4845,0.5329,3,19,3,441174,164436,42332,65624,1.5231761087850606,0.28524732678431713
4846,0.533,6,53,6,441227,164383,42338,65618,1.5226851680314202,0.2852944117634271
4847,0.5331,0,1,0,441228,164382,42338,65618,1.5226759049983327,0.28529565217391306
4848,0.5332,1,18,1,441246,164364,42339,65617,1.5225091704027567,0.28531487383740395
4849,0.5333,116,551,116,441797,163813,42455,65501,1.5174052391715143,0.2856389056054144
4850,0.5334,3,3,3,441800,163810,42458,65498,1.5173774500722517,0.2856332967013798
4851,0.5335,4,28,4,441828,163782,42462,65494,1.5171180851458002,0.28565571625464503
4852,0.5336,4,4,4,441832,163778,42466,65490,1.5170810330134499,0.2856482369977494
4853,0.5337,1,44,1,441876,163734,42467,65489,1.5166734595575975,0.28569995157553996
4854,0.5338,3,16,3,441892,163718,42470,65486,1.5165252510281966,0.2857105460637685
4855,0.5339,1,4,1,441896,163714,42471,65485,1.5164881988958465,0.2857124158482367
4856,0.534,24,103,24,441999,163611,42495,65461,1.5155341064878283,0.28576604735628974
4857,0.5341,1,8,1,442007,163603,42496,65460,1.515460002223128,0.2857729096362136
4858,0.5342,18,113,18,442120,163490,42514,65442,1.5144132794842342,0.28585780930582005
4859,0.5343,5,48,5,442168,163442,42519,65437,1.5139686538960317,0.285902157908764
4860,0.5344,2,5,2,442173,163437,42521,65435,1.513922338730594,0.28590216365479393
4861,0.5345,9,26,9,442199,163411,42530,65426,1.5136814998703176,0.28590656231291267
4862,0.5346,2,11,2,442210,163400,42532,65424,1.5135796065063545,0.2859140649582212
4863,0.5347,4,28,4,442238,163372,42536,65420,1.513320241579903,0.2859365712087835
4864,0.5348,5,23,5,442261,163349,42541,65415,1.5131071918188892,0.2859497123673305
4865,0.5349,0,8,0,442269,163341,42541,65415,1.5130330875541886,0.2859597125321303
4866,0.535,220,1063,220,443332,162278,42761,65195,1.5031864833821187,0.28660544328337867
4867,0.5351,0,9,0,443341,162269,42761,65195,1.5031031160843307,0.28661678331516194
4868,0.5352,3,17,3,443358,162252,42764,65192,1.5029456445218423,0.28662879653892825
4869,0.5353,4,37,4,443395,162215,42768,65188,1.5026029122976028,0.28666288483441293
4870,0.5354,2,8,2,443403,162207,42770,65186,1.5025288080329022,0.286666695984485
4871,0.5355,8,26,8,443429,162181,42778,65178,1.5022879691726259,0.2866743784059571
4872,0.5356,2,6,2,443435,162175,42780,65176,1.5022323909741007,0.286675668899631
4873,0.5357,14,44,14,443479,162131,42794,65162,1.5018248175182483,0.2866872274993071
4874,0.5358,18,116,18,443595,162015,42812,65144,1.500750305680092,0.2867771032624725
4875,0.5359,1,8,1,443603,162007,42813,65143,1.5006762014153914,0.2867840633942329
4876,0.536,20,123,20,443726,161884,42833,65123,1.4995368483456224,0.2868766161395904
4877,0.5361,4,12,4,443738,161872,42837,65119,1.4994256919485716,0.28687921547550344
4878,0.5362,9,26,9,443764,161846,42846,65110,1.4991848530882952,0.2868838012654435
4879,0.5363,3,28,3,443792,161818,42849,65107,1.4989254881618437,0.28690977195108514
4880,0.5364,2,3,2,443795,161815,42851,65105,1.498897699062581,0.2869072800987132
4881,0.5365,4,28,4,443823,161787,42855,65101,1.4986383341361296,0.28693011529917845
4882,0.5366,1,4,1,443827,161783,42856,65100,1.4986012820037793,0.2869320310468391
4883,0.5367,145,593,145,444420,161190,43001,64955,1.4931083033828596,0.28722722147294877
4884,0.5368,3,13,3,444433,161177,43004,64952,1.4929878839527215,0.28723427777949756
4885,0.5369,0,4,0,444437,161173,43004,64952,1.4929508318203712,0.28723935876174683
4886,0.537,8,62,8,444499,161111,43012,64944,1.4923765237689428,0.2872929154409325
4887,0.5371,3,17,3,444516,161094,43015,64941,1.4922190522064545,0.287305063375141
4888,0.5372,2,16,2,444532,161078,43017,64939,1.4920708436770536,0.2873190954662702
4889,0.5373,11,47,11,444579,161031,43028,64928,1.4916354811219386,0.2873441642067809
4890,0.5374,2,7,2,444586,161024,43030,64926,1.4915706398903257,0.2873467581323302
4891,0.5375,49,291,49,444877,160733,43079,64877,1.4888750972618474,0.2875626080404237
4892,0.5376,1,3,1,444880,160730,43080,64876,1.4888473081625848,0.28756327402640003
4893,0.5377,6,47,6,444927,160683,43086,64870,1.4884119456074698,0.28760424379192473
4894,0.5378,4,16,4,444943,160667,43090,64866,1.488263737078069,0.28761201243277035
4895,0.5379,2,7,2,444950,160660,43092,64864,1.488198895846456,0.28761462194710985
4896,0.538,21,85,21,445035,160575,43113,64843,1.4874115380340138,0.2876567088697442
4897,0.5381,0,6,0,445041,160569,43113,64843,1.4873559598354886,0.2876643656948166
4898,0.5382,8,22,8,445063,160547,43121,64835,1.4871521731075623,0.2876671606428197
4899,0.5383,84,320,84,445383,160227,43205,64751,1.484188002519545,0.2878103636800043
4900,0.5384,0,5,0,445388,160222,43205,64751,1.4841416873541071,0.28781676023345026
4901,0.5385,7,21,7,445409,160201,43212,64744,1.4839471636592685,0.28782146746982595
4902,0.5386,6,11,6,445420,160190,43218,64738,1.4838452702953056,0.28781654573908094
4903,0.5387,7,33,7,445453,160157,43225,64731,1.4835395902034163,0.287836612002419
4904,0.5388,2,23,2,445476,160134,43227,64729,1.4833265404424025,0.2878597190289198
4905,0.5389,0,4,0,445480,160130,43227,64729,1.4832894883100523,0.2878648397440174
4906,0.539,21,61,21,445541,160069,43248,64708,1.4827244432917115,0.2878764286381614
4907,0.5391,3,7,3,445548,160062,43251,64705,1.4826596020600986,0.2878758892542055
4908,0.5392,30,122,30,445670,159940,43281,64675,1.4815295120234169,0.287937136878659
4909,0.5393,17,48,17,445718,159892,43298,64658,1.4810848864352144,0.2879447784457804
4910,0.5394,1,11,1,445729,159881,43299,64657,1.4809829930712513,0.2879557135095173
4911,0.5395,4,20,4,445749,159861,43303,64653,1.4807977324095,0.28796867901333545
4912,0.5396,2,9,2,445758,159852,43305,64651,1.4807143651117123,0.28797388008178065
4913,0.5397,6,24,6,445782,159828,43311,64645,1.4804920523176108,0.28798563747087624
4914,0.5398,2,24,2,445806,159804,43313,64643,1.4802697395235096,0.2880100870138607
4915,0.5399,0,6,0,445812,159798,43313,64643,1.4802141613249842,0.28801778641157366
4916,0.54,506,2578,506,448390,157220,43819,64137,1.4563340620252696,0.28974462068062
4917,0.5401,2,5,2,448395,157215,43821,64135,1.4562877468598319,0.2897447481364355
4918,0.5402,2,30,2,448425,157185,43823,64133,1.4560098558672052,0.2897776050750504
4919,0.5403,4,31,4,448456,157154,43827,64129,1.4557227018414909,0.2898053623640316
4920,0.5404,0,8,0,448464,157146,43827,64129,1.4556485975767905,0.28981584001807703
4921,0.5405,3,25,3,448489,157121,43830,64126,1.4554170217496016,0.2898389582683607
4922,0.5406,0,12,0,448501,157109,43830,64126,1.455305865352551,0.28985467941329357
4923,0.5407,8,39,8,448540,157070,43838,64118,1.4549446070621364,0.2898801019946833
4924,0.5408,17,118,17,448658,156952,43855,64101,1.4538515691578051,0.2899802309853293
4925,0.5409,3,1,3,448659,156951,43858,64098,1.4538423061247174,0.28997190668132405
4926,0.541,5,79,5,448738,156872,43863,64093,1.4531105265108006,0.2900595116873713
4927,0.5411,1,13,1,448751,156859,43864,64092,1.4529901070806626,0.2900733646826672
4928,0.5412,4,14,4,448765,156845,43868,64088,1.4528604246174368,0.2900788926959757
4929,0.5413,6,28,6,448793,156817,43874,64082,1.4526010596909853,0.29009637888808915
4930,0.5414,5,20,5,448813,156797,43879,64077,1.4524157990292341,0.2901065766002336
4931,0.5415,5,33,5,448846,156764,43884,64072,1.4521101189373449,0.29013385498741145
4932,0.5416,0,9,0,448855,156755,43884,64072,1.4520267516395569,0.2901456796496805
4933,0.5417,72,298,72,449153,156457,43956,64000,1.4492663677794657,0.29030604607701277
4934,0.5418,2,20,2,449173,156437,43958,63998,1.4490811071177145,0.29032594642411597
4935,0.5419,1,13,1,449186,156424,43959,63997,1.4489606876875765,0.290339849651349
4936,0.542,7,77,7,449263,156347,43966,63990,1.4482474341398348,0.29041876761506236
4937,0.5421,3,8,3,449271,156339,43969,63987,1.4481733298751343,0.2904196508809673
4938,0.5422,2,14,2,449285,156325,43971,63985,1.4480436474119085,0.29043166447278834
4939,0.5423,4,42,4,449327,156283,43975,63981,1.4476546000222312,0.29047415828278794
4940,0.5424,4,12,4,449339,156271,43979,63977,1.4475434436251806,0.2904770985434601
4941,0.5425,59,302,59,449641,155969,44038,63918,1.4447460076327392,0.2906856703670522
4942,0.5426,1,8,1,449649,155961,44039,63917,1.4446719033680389,0.29069302067510167
4943,0.5427,12,43,12,449692,155918,44051,63905,1.444273592945274,0.29071116307210804
4944,0.5428,2,19,2,449711,155899,44053,63903,1.4440975953166104,0.2907298386729875
4945,0.5429,2,16,2,449727,155883,44055,63901,1.4439493867872095,0.29074454919375387
4946,0.543,11,50,11,449777,155833,44066,63890,1.443486235132832,0.29077520332418544
4947,0.5431,1,8,1,449785,155825,44067,63889,1.4434121308681314,0.2907825627861675
4948,0.5432,1,13,1,449798,155812,44068,63888,1.4432917114379933,0.29079654073736916
4949,0.5433,125,516,125,450314,155296,44193,63763,1.4385119863648153,0.2910768331819282
4950,0.5434,1,4,1,450318,155292,44194,63762,1.438474934232465,0.29107891204908376
4951,0.5435,4,22,4,450340,155270,44198,63758,1.4382711475045389,0.2910952024398707
4952,0.5436,1,14,1,450354,155256,44199,63757,1.4381414650413131,0.29111057334496127
4953,0.5437,8,29,8,450383,155227,44207,63749,1.4378728370817742,0.29112322811632324
4954,0.5438,3,25,3,450408,155202,44210,63746,1.4376412612545852,0.29114675630743375
4955,0.5439,0,6,0,450414,155196,44210,63746,1.4375856830560598,0.29115473504398426
4956,0.544,12,104,12,450518,155092,44222,63734,1.4366223276149543,0.2912542385274145
4957,0.5441,1,4,1,450522,155088,44223,63733,1.436585275482604,0.29125632366180576
4958,0.5442,19,90,19,450612,154998,44242,63714,1.4357516025047241,0.29131460550861404
4959,0.5443,10,44,10,450656,154954,44252,63704,1.4353440290488717,0.29134081533719325
4960,0.5444,2,11,2,450667,154943,44254,63702,1.4352421356849088,0.29134899037252165
4961,0.5445,7,13,7,450680,154930,44261,63695,1.4351217162547705,0.2913436249285306
4962,0.5446,1,10,1,450690,154920,44262,63694,1.435029085923895,0.2913537101923939
4963,0.5447,4,29,4,450719,154891,44266,63690,1.4347604579643558,0.29137939711136834
4964,0.5448,8,20,8,450739,154871,44274,63682,1.4345751973026049,0.29138012289925097
4965,0.5449,1,10,1,450749,154861,44275,63681,1.4344825669717292,0.29139021332283954
4966,0.545,213,967,213,451716,153894,44488,63468,1.4255252139760644,0.29199216054324123
4967,0.5451,4,7,4,451723,153887,44492,63464,1.4254603727444515,0.2919885346743286
4968,0.5452,2,20,2,451743,153867,44494,63462,1.4252751120827003,0.2920088897478017
4969,0.5453,6,31,6,451774,153836,44500,63456,1.4249879580569862,0.2920309997606907
4970,0.5454,1,10,1,451784,153826,44501,63455,1.4248953277261107,0.29204118169559234
4971,0.5455,4,28,4,451812,153798,44505,63451,1.4246359627996592,0.29206578626368823
4972,0.5456,1,11,1,451823,153787,44506,63450,1.424534069435696,0.29207731647923696
4973,0.5457,11,60,11,451883,153727,44517,63439,1.4239782874504427,0.2921221554018585
4974,0.5458,23,106,23,451989,153621,44540,63416,1.4229964059431621,0.2921898109538927
4975,0.5459,3,2,3,451991,153619,44543,63413,1.422977879876987,0.29218271959895314
4976,0.546,33,113,33,452104,153506,44576,63380,1.4219311571380933,0.2922272530269358
4977,0.5461,5,5,5,452109,153501,44581,63375,1.4218848419726555,0.29221767277153765
4978,0.5462,5,29,5,452138,153472,44586,63370,1.4216162140131166,0.29224043312642384
4979,0.5463,9,22,9,452160,153450,44595,63361,1.4214124272851902,0.29224070734418456
4980,0.5464,6,12,6,452172,153438,44601,63355,1.4213012708881396,0.2922372954846328
4981,0.5465,4,22,4,452194,153416,44605,63351,1.4210974841602135,0.2922538947348997
4982,0.5466,0,6,0,452200,153410,44605,63351,1.4210419059616881,0.2922619843975623
4983,0.5467,129,538,129,452738,152872,44734,63222,1.416058394160584,0.29256712356659603
4984,0.5468,5,19,5,452757,152853,44739,63217,1.4158823965319205,0.29257647984449486
4985,0.5469,1,10,1,452767,152843,44740,63216,1.4157897662010448,0.29258674713851307
4986,0.547,8,36,8,452803,152807,44748,63208,1.415456297009893,0.29260930953868947
4987,0.5471,2,19,2,452822,152788,44750,63206,1.4152802993812295,0.2926284989397854
4988,0.5472,3,16,3,452838,152772,44753,63203,1.4151320908518286,0.29264035189258014
4989,0.5473,10,40,10,452878,152732,44763,63193,1.4147615695283264,0.29266180386708346
4990,0.5474,2,4,2,452882,152728,44765,63191,1.4147245173959762,0.29266067367855536
4991,0.5475,46,278,46,453160,152450,44811,63145,1.412149394197636,0.292887126324822
4992,0.5476,2,11,2,453171,152439,44813,63143,1.412047500833673,0.29289551075692777
4993,0.5477,5,46,5,453217,152393,44818,63138,1.4116214013116455,0.29294161860706813
4994,0.5478,6,16,6,453233,152377,44824,63132,1.4114731927822446,0.29294368216640604
4995,0.5479,4,8,4,453241,152369,44828,63128,1.4113990885175443,0.29294143305939296
4996,0.548,9,86,9,453327,152283,44837,63119,1.4106024676720146,0.29302884838580884
4997,0.5481,0,12,0,453339,152271,44837,63119,1.410491311274964,0.2930451738706532
4998,0.5482,1,19,1,453358,152252,44838,63118,1.4103153136463003,0.2930677438826206
4999,0.5483,63,341,63,453699,151911,44901,63055,1.4071566193634444,0.293325456118642
5000,0.5484,1,3,1,453702,151908,44902,63054,1.4071288302641818,0.2933262623161303
5001,0.5485,6,35,6,453737,151873,44908,63048,1.4068046241061174,0.2933543022785116
5002,0.5486,7,10,7,453747,151863,44915,63041,1.4067119937752417,0.29334493541302165
5003,0.5487,5,30,5,453777,151833,44920,63036,1.406434102782615,0.2933694483615598
5004,0.5488,6,25,6,453802,151808,44926,63030,1.4062025269554264,0.2933838520187304
5005,0.5489,0,5,0,453807,151803,44926,63030,1.4061562117899886,0.29339068020276216
5006,0.549,13,78,13,453885,151725,44939,63017,1.4054336952091593,0.2934544709465312
5007,0.5491,1,5,1,453890,151720,44940,63016,1.4053873800437215,0.2934580135608375
5008,0.5492,32,93,32,453983,151627,44972,62984,1.404525917966579,0.2934798309499513
5009,0.5493,9,45,9,454028,151582,44981,62975,1.4041090814776391,0.29351174746104763
5010,0.5494,0,6,0,454034,151576,44981,62975,1.4040535032791137,0.29351995562826555
5011,0.5495,8,26,8,454060,151550,44989,62967,1.4038126644188373,0.2935291841672222
5012,0.5496,0,10,0,454070,151540,44989,62967,1.4037200340879619,0.29354286806491164
5013,0.5497,3,14,3,454084,151526,44992,62964,1.403590351624736,0.2935521469532379
5014,0.5498,5,15,5,454099,151511,44997,62959,1.4034514061284227,0.293556208327505
5015,0.5499,4,15,4,454114,151496,45001,62955,1.4033124606321095,0.2935635646371432
5016,0.55,545,2482,545,456596,149014,45546,62410,1.3803216125087998,0.295188814893295
5017,0.5501,2,10,2,456606,149004,45548,62408,1.3802289821779243,0.29519610996537565
5018,0.5502,7,23,7,456629,148981,45555,62401,1.3800159324169106,0.29520488972570985
5019,0.5503,6,28,6,456657,148953,45561,62395,1.379756567490459,0.2952239907640479
5020,0.5504,3,8,3,456665,148945,45564,62392,1.3796824632257587,0.2952251617085508
5021,0.5505,8,25,8,456690,148920,45572,62384,1.3794508873985698,0.2952334077916178
5022,0.5506,0,5,0,456695,148915,45572,62384,1.379404572233132,0.29524039394412654
5023,0.5507,9,39,9,456734,148876,45581,62375,1.3790433139427174,0.29526487448580124
5024,0.5508,13,126,13,456860,148750,45594,62362,1.3778761717736856,0.29539770358861644
5025,0.5509,0,7,0,456867,148743,45594,62362,1.3778113305420727,0.2954074986381185
5026,0.551,7,75,7,456942,148668,45601,62355,1.3771166030605062,0.29548911730000993
5027,0.5511,0,4,0,456946,148664,45601,62355,1.377079550928156,0.2954947184850653
5028,0.5512,8,17,8,456963,148647,45609,62347,1.3769220793656676,0.29549181493312604
5029,0.5513,5,27,5,456990,148620,45614,62342,1.3766719774723035,0.2955129359789915
5030,0.5514,0,7,0,456997,148613,45614,62342,1.3766071362406906,0.2955227418169752
5031,0.5515,4,25,4,457022,148588,45618,62338,1.3763755604135017,0.29554440893962813
5032,0.5516,1,2,1,457024,148586,45619,62337,1.3763570343473266,0.2955438714602011
5033,0.5517,71,315,71,457339,148271,45690,62266,1.373439178924747,0.2957484907640937
5034,0.5518,2,35,2,457374,148236,45692,62264,1.3731149727666827,0.295790973871734
5035,0.5519,2,7,2,457381,148229,45694,62262,1.3730501315350698,0.29579411946354
5036,0.552,10,61,10,457442,148168,45704,62252,1.372485086516729,0.2958464024332288
5037,0.5521,4,10,4,457452,148158,45708,62248,1.3723924561858536,0.29584707660427934
5038,0.5522,5,16,5,457468,148142,45713,62243,1.3722442476564527,0.2958528412196687
5039,0.5523,6,32,6,457500,148110,45719,62237,1.371947830597651,0.2958777638853894
5040,0.5524,3,6,3,457506,148104,45722,62234,1.3718922523991255,0.29587616122621685
5041,0.5525,53,268,53,457774,147836,45775,62181,1.369409759531661,0.2960760319402715
5042,0.5526,2,6,2,457780,147830,45777,62179,1.3693541813331358,0.2960777871424558
5043,0.5527,8,39,8,457819,147791,45785,62171,1.3689929230427211,0.2961059620312247
5044,0.5528,4,12,4,457831,147779,45789,62167,1.3688817666456705,0.2961094757699599
5045,0.5529,3,24,3,457855,147755,45792,62164,1.368659453851569,0.2961332704519362
5046,0.553,10,44,10,457899,147711,45802,62154,1.3682518803957169,0.29616181831177185
5047,0.5531,2,2,2,457901,147709,45804,62152,1.3682333543295417,0.2961579331081049
5048,0.5532,2,31,2,457932,147678,45806,62150,1.3679462003038274,0.2961949787444955
5049,0.5533,104,550,104,458482,147128,45910,62046,1.3628515321056727,0.29662386338646296
5050,0.5534,0,8,0,458490,147120,45910,62046,1.3627774278409723,0.2966352083990706
5051,0.5535,5,33,5,458523,147087,45915,62041,1.3624717477490829,0.29666520026012777
5052,0.5536,0,7,0,458530,147080,45915,62041,1.36240690651747,0.29667513066597806
5053,0.5537,3,33,3,458563,147047,45918,62038,1.3621012264255807,0.2967118635961451
5054,0.5538,3,21,3,458584,147026,45921,62035,1.361906702730742,0.29673157595151656
5055,0.5539,2,6,2,458590,147020,45923,62033,1.361851124532217,0.2967333642664779
5056,0.554,15,85,15,458675,146935,45938,62018,1.3610637667197747,0.2968035874096089
5057,0.5541,1,5,1,458680,146930,45939,62017,1.361017451554337,0.2968073243454082
5058,0.5542,27,105,27,458785,146825,45966,61990,1.3600448330801438,0.296865646625003
5059,0.5543,5,44,5,458829,146781,45971,61985,1.3596372596242914,0.29691137445752663
5060,0.5544,1,4,1,458833,146777,45972,61984,1.359600207491941,0.29691369556574265
5061,0.5545,3,22,3,458855,146755,45975,61981,1.359396420764015,0.2969348842557106
5062,0.5546,0,8,0,458863,146747,45975,61981,1.3593223164993145,0.29694626499559235
5063,0.5547,3,23,3,458886,146724,45978,61978,1.3591092667383007,0.2969688838631158
5064,0.5548,6,21,6,458907,146703,45984,61972,1.358914743043462,0.296978555169522
5065,0.5549,1,7,1,458914,146696,45985,61971,1.3588499018118492,0.29698514858602465
5066,0.555,208,991,208,459905,145705,46193,61763,1.3496702360220831,0.2976989222434303
5067,0.5551,1,8,1,459913,145697,46194,61762,1.3495961317573826,0.2977070168081404
5068,0.5552,3,31,3,459944,145666,46197,61759,1.3493089777316685,0.2977413522960106
5069,0.5553,3,38,3,459982,145628,46200,61756,1.3489569824743415,0.2977857501060834
5070,0.5554,0,10,0,459992,145618,46200,61756,1.3488643521434658,0.29780010994628064
5071,0.5555,3,23,3,460015,145595,46203,61753,1.348651302382452,0.2978229835831549
5072,0.5556,1,3,1,460018,145592,46204,61752,1.3486235132831894,0.2978239061655992
5073,0.5557,9,43,9,460061,145549,46213,61743,1.3482252028604247,0.29785519942882505
5074,0.5558,20,100,20,460161,145449,46233,61723,1.3472988995516693,0.2979311876122256
5075,0.5559,1,6,1,460167,145443,46234,61722,1.3472433213531438,0.2979364274853378
5076,0.556,19,127,19,460294,145316,46253,61703,1.3460669161510246,0.29805476791985275
5077,0.5561,3,11,3,460305,145305,46256,61700,1.3459650227870614,0.2980604333228666
5078,0.5562,10,31,10,460336,145274,46266,61690,1.3456778687613473,0.2980711621344775
5079,0.5563,9,25,9,460361,145249,46275,61681,1.3454462929341584,0.2980766442758421
5080,0.5564,2,6,2,460367,145243,46277,61679,1.345390714735633,0.29807850301079636
5081,0.5565,7,31,7,460398,145212,46284,61672,1.3451035607099189,0.2980994180313606
5082,0.5566,3,10,3,460408,145202,46287,61669,1.3450109303790434,0.2981036491340014
5083,0.5567,115,544,115,460952,144658,46402,61554,1.3399718403794139,0.29849863247531666
5084,0.5568,0,25,0,460977,144633,46402,61554,1.339740264552225,0.298534825182965
5085,0.5569,2,3,2,460980,144630,46404,61552,1.3397124754529623,0.29853236460990773
5086,0.557,10,40,10,461020,144590,46414,61542,1.3393419541294602,0.2985562649176256
5087,0.5571,6,22,6,461042,144568,46420,61536,1.339138167401534,0.29856771338741606
5088,0.5572,4,15,4,461057,144553,46424,61532,1.3389992219052207,0.29857583036125873
5089,0.5573,7,30,7,461087,144523,46431,61525,1.338721330912594,0.29859547289951854
5090,0.5574,3,6,3,461093,144517,46434,61522,1.3386657527140686,0.2985939555132766
5091,0.5575,78,258,78,461351,144259,46512,61444,1.3362758901774796,0.2987024982620574
5092,0.5576,2,6,2,461357,144253,46514,61442,1.3362203119789544,0.2987043924256788
5093,0.5577,10,46,10,461403,144207,46524,61432,1.3357942124569269,0.29873710726078223
5094,0.5578,7,10,7,461413,144197,46531,61425,1.3357015821260514,0.2987277625934968
5095,0.5579,3,6,3,461419,144191,46534,61422,1.335646003927526,0.2987262478539781
5096,0.558,22,75,22,461494,144116,46556,61400,1.3349512764459595,0.29876019385351993
5097,0.5581,1,5,1,461499,144111,46557,61399,1.3349049612805217,0.2987640504111722
5098,0.5582,2,25,2,461524,144086,46559,61397,1.3346733854533328,0.2987935741642861
5099,0.5583,73,298,73,461822,143788,46632,61324,1.3319130015932417,0.2989781192714224
5100,0.5584,0,3,0,461825,143785,46632,61324,1.331885212493979,0.29898249223583556
5101,0.5585,11,35,11,461860,143750,46643,61313,1.3315610063359147,0.29899591832753836
5102,0.5586,1,8,1,461868,143742,46644,61312,1.3314869020712141,0.2990041647566007
5103,0.5587,5,33,5,461901,143709,46649,61307,1.3311812219793249,0.29903519725289734
5104,0.5588,1,16,1,461917,143693,46650,61306,1.331033013449924,0.2990551173420358
5105,0.5589,4,11,4,461928,143682,46654,61302,1.330931120085961,0.2990574874136518
5106,0.559,11,49,11,461977,143633,46665,61291,1.330477231464671,0.29909137045929224
5107,0.5591,2,9,2,461986,143624,46667,61289,1.3303938641668829,0.299097665838673
5108,0.5592,30,112,30,462098,143512,46697,61259,1.3293564044610768,0.29915857225876713
5109,0.5593,15,50,15,462148,143462,46712,61244,1.328893252806699,0.2991802878274208
5110,0.5594,3,6,3,462154,143456,46715,61241,1.3288376746081736,0.2991787862059532
5111,0.5595,8,26,8,462180,143430,46723,61233,1.3285968357478972,0.29918939915861686
5112,0.5596,0,9,0,462189,143421,46723,61233,1.3285134684501092,0.29920255651001204
5113,0.5597,3,25,3,462214,143396,46726,61230,1.3282818926229205,0.2992288370001857
5114,0.5598,4,16,4,462230,143380,46730,61226,1.3281336840935196,0.2992385365043058
5115,0.5599,2,8,2,462238,143372,46732,61224,1.328059579828819,0.29924338696748715
5116,0.56,548,2479,548,464717,140893,47280,60676,1.3050965208047722,0.301018509790692
5117,0.5601,0,1,0,464718,140892,47280,60676,1.3050872577716848,0.3010200031751072
5118,0.5602,2,16,2,464734,140876,47282,60674,1.3049390492422839,0.30103696353262216
5119,0.5603,8,28,8,464762,140848,47290,60666,1.3046796843158324,0.3010510435999484
5120,0.5604,2,7,2,464769,140841,47292,60664,1.3046148430842195,0.30105456440286843
5121,0.5605,10,32,10,464801,140809,47302,60654,1.3043184260254177,0.30106768984875637
5122,0.5606,4,7,4,464808,140802,47306,60650,1.3042535847938048,0.30106427337529534
5123,0.5607,10,52,10,464860,140750,47316,60640,1.303771907073252,0.3011073042355628
5124,0.5608,23,107,23,464967,140643,47339,60617,1.3027807625328838,0.3011875186326145
5125,0.5609,2,8,2,464975,140635,47341,60615,1.3027066582681834,0.3011925465838509
5126,0.561,15,64,15,465039,140571,47356,60600,1.3021138241505799,0.3012362616878178
5127,0.5611,2,7,2,465046,140564,47358,60598,1.302048982918967,0.3012397967807041
5128,0.5612,3,18,3,465064,140546,47361,60595,1.301882248323391,0.30125633262238927
5129,0.5613,5,38,5,465102,140508,47366,60590,1.301530253066064,0.3012958855881212
5130,0.5614,2,14,2,465116,140494,47368,60588,1.3014005706028382,0.30130991336867546
5131,0.5615,12,21,12,465137,140473,47380,60576,1.3012060469079996,0.30129968316181627
5132,0.5616,1,5,1,465142,140468,47381,60575,1.3011597317425618,0.3013037011982511
5133,0.5617,63,309,63,465451,140159,47444,60512,1.2982974545185075,0.3015483054352647
5134,0.5618,5,23,5,465474,140136,47449,60507,1.2980844047574938,0.3015654670235194
5135,0.5619,4,11,4,465485,140125,47453,60503,1.2979825113935306,0.3015680762406045
5136,0.562,17,64,17,465549,140061,47470,60486,1.2973896772759272,0.30160511002408413
5137,0.5621,3,14,3,465563,140047,47473,60483,1.2972599948127015,0.30161571834638207
5138,0.5622,4,27,4,465590,140020,47477,60479,1.2970098929193374,0.3016424022064948
5139,0.5623,9,27,9,465617,139993,47486,60470,1.2967597910259736,0.3016516763692053
5140,0.5624,1,5,1,465622,139988,47487,60469,1.2967134758605359,0.30165571668736935
5141,0.5625,75,240,75,465862,139748,47562,60394,1.2944903479195227,0.3017557534150753
5142,0.5626,1,8,1,465870,139740,47563,60393,1.2944162436548223,0.3017643267227294
5143,0.5627,16,45,16,465915,139695,47579,60377,1.2939994071658825,0.30177636051021633
5144,0.5628,6,14,6,465929,139681,47585,60371,1.2938697247026567,0.30177653810009397
5145,0.5629,3,18,3,465947,139663,47588,60368,1.2937029901070807,0.3017932220505822
5146,0.563,10,49,10,465996,139614,47598,60358,1.2932491014857905,0.3018322565159122
5147,0.5631,0,8,0,466004,139606,47598,60358,1.29317499722109,0.30184433197975635
5148,0.5632,6,22,6,466026,139584,47604,60352,1.2929712104931639,0.30185659411011523
5149,0.5633,98,487,98,466513,139097,47702,60254,1.288460113379525,0.3022508038585209
5150,0.5634,1,8,1,466521,139089,47703,60253,1.2883860091148245,0.30225943353633455
5151,0.5635,6,26,6,466547,139063,47709,60247,1.288145170254548,0.3022778586122121
5152,0.5636,2,9,2,466556,139054,47711,60245,1.28806180295676,0.30228450719772804
5153,0.5637,1,12,1,466568,139042,47712,60244,1.2879506465597095,0.30229920817317824
5154,0.5638,4,27,4,466595,139015,47716,60240,1.2877005446663456,0.3023261649644927
5155,0.5639,3,7,3,466602,139008,47719,60237,1.2876357034347328,0.30232628171346837
5156,0.564,26,101,26,466703,138907,47745,60211,1.2867001370928897,0.30238853343243705
5157,0.5641,0,3,0,466706,138904,47745,60211,1.286672347993627,0.30239308942068654
5158,0.5642,23,116,23,466822,138788,47768,60188,1.2855978361554707,0.30248874236088774
5159,0.5643,10,47,10,466869,138741,47778,60178,1.2851624736003557,0.30252514842724926
5160,0.5644,3,5,3,466874,138736,47781,60175,1.285116158434918,0.3025222335617437
5161,0.5645,3,22,3,466896,138714,47784,60172,1.2849123717069917,0.30254517663385055
5162,0.5646,2,10,2,466906,138704,47786,60170,1.2848197413761162,0.302553375504088
5163,0.5647,1,22,1,466928,138682,47787,60169,1.28461595464819,0.30258334129574405
5164,0.5648,3,22,3,466950,138660,47790,60166,1.2844121679202638,0.30260629897498315
5165,0.5649,1,10,1,466960,138650,47791,60165,1.2843195375893883,0.30261801171943764
5166,0.565,193,909,193,467869,137741,47984,59972,1.2758994405128015,0.3033285621077016
5167,0.5651,2,11,2,467880,137730,47986,59970,1.2757975471488383,0.30333839150227615
5168,0.5652,5,23,5,467903,137707,47991,59965,1.2755844973878248,0.3033560645918491
5169,0.5653,5,36,5,467939,137671,47996,59960,1.2752510281966727,0.3033936983570391
5170,0.5654,1,10,1,467949,137661,47997,59959,1.2751583978657972,0.30340552575650237
5171,0.5655,4,25,4,467974,137636,48001,59955,1.2749268220386083,0.3034298120865829
5172,0.5656,1,5,1,467979,137631,48002,59954,1.2748805068731706,0.30343396512893184
5173,0.5657,4,31,4,468010,137600,48006,59950,1.2745933528474565,0.3034674765882055
5174,0.5658,19,103,19,468113,137497,48025,59931,1.2736392604394382,0.3035587657272525
5175,0.5659,0,9,0,468122,137488,48025,59931,1.2735558931416504,0.30357260446056356
5176,0.566,14,111,14,468233,137377,48039,59917,1.2725276964689318,0.30369397954321975
5177,0.5661,0,7,0,468240,137370,48039,59917,1.272462855237319,0.30370475500159666
5178,0.5662,1,18,1,468258,137352,48040,59916,1.272296120641743,0.30372893728328976
5179,0.5663,8,19,8,468277,137333,48048,59908,1.2721201230130794,0.3037299547254374
5180,0.5664,2,4,2,468281,137329,48050,59906,1.2720830708807291,0.3037290541739549
5181,0.5665,4,31,4,468312,137298,48054,59902,1.271795916855015,0.303762677484787
5182,0.5666,0,4,0,468316,137294,48054,59902,1.2717588647226648,0.30376883912452585
5183,0.5667,113,510,113,468826,136784,48167,59789,1.2670347178480121,0.3041567254912933
5184,0.5668,7,19,7,468845,136765,48174,59782,1.2668587202193486,0.3041613456323424
5185,0.5669,1,5,1,468850,136760,48175,59781,1.266812405053911,0.30416554306734983
5186,0.567,11,33,11,468883,136727,48186,59770,1.2665067249620217,0.3041776719237444
5187,0.5671,2,17,2,468900,136710,48188,59768,1.266349253399533,0.3041969075418113
5188,0.5672,4,13,4,468913,136697,48192,59764,1.266228833969395,0.3042028697807707
5189,0.5673,4,35,4,468948,136662,48196,59760,1.2659046278113306,0.30424290558084127
5190,0.5674,3,11,3,468959,136651,48199,59757,1.2658027344473675,0.3042493177467313
5191,0.5675,48,278,48,469237,136373,48247,59709,1.2632276112490273,0.304510357911486
5192,0.5676,2,11,2,469248,136362,48249,59707,1.2631257178850643,0.3045203474287113
5193,0.5677,9,36,9,469284,136326,48258,59698,1.2627922486939123,0.30454434150920295
5194,0.5678,3,11,3,469295,136315,48261,59695,1.2626903553299493,0.3045507882250906
5195,0.5679,2,20,2,469315,136295,48263,59693,1.2625050946681982,0.30457476988387044
5196,0.568,16,84,16,469399,136211,48279,59677,1.2617269998888436,0.3046485746957445
5197,0.5681,1,10,1,469409,136201,48280,59676,1.2616343695579681,0.30466057781158584
5198,0.5682,2,19,2,469428,136182,48282,59674,1.2614583719293044,0.30468303243199085
5199,0.5683,62,272,62,469700,135910,48344,59612,1.2589388269294899,0.30488640664477656
5200,0.5684,3,4,3,469704,135906,48347,59609,1.2589017747971396,0.30488197836483133
5201,0.5685,4,31,4,469735,135875,48351,59605,1.2586146207714255,0.3049161039492531
5202,0.5686,0,8,0,469743,135867,48351,59605,1.258540516506725,0.30492858312187937
5203,0.5687,8,26,8,469769,135841,48359,59597,1.2582996776464486,0.30494069730553935
5204,0.5688,1,24,1,469793,135817,48360,59596,1.2580773648523473,0.3049745922737996
5205,0.5689,2,5,2,469798,135812,48362,59594,1.2580310496869094,0.30497528223288944
5206,0.569,12,69,12,469867,135743,48374,59582,1.2573919004038683,0.3050403174196851
5207,0.5691,3,3,3,469870,135740,48377,59579,1.2573641113046057,0.3050343284575489
5208,0.5692,27,100,27,469970,135640,48404,59552,1.2564378079958503,0.3050944710848805
5209,0.5693,11,40,11,470010,135600,48415,59541,1.256067286672348,0.3051178378710778
5210,0.5694,2,5,2,470015,135595,48417,59539,1.2560209715069102,0.3051185339305298
5211,0.5695,5,23,5,470038,135572,48422,59534,1.2558079217458964,0.3051366949248101
5212,0.5696,2,4,2,470042,135568,48424,59532,1.2557708696135463,0.3051358277806253
5213,0.5697,12,20,12,470062,135548,48436,59520,1.2555856089517952,0.3051243668874444
5214,0.5698,6,22,6,470084,135526,48442,59514,1.255381822223869,0.3051374077112387
5215,0.5699,4,6,4,470090,135520,48446,59510,1.2553262440253437,0.3051325437112239
5216,0.57,503,2365,503,472455,133155,48949,59007,1.233419170773278,0.3070690355012958
5217,0.5701,2,5,2,472460,133150,48951,59005,1.2333728556078403,0.3070698134318649
5218,0.5702,2,16,2,472476,133134,48953,59003,1.2332246470784394,0.30708817146098877
5219,0.5703,6,14,6,472490,133120,48959,58997,1.2330949646152136,0.30708890936252387
5220,0.5704,1,7,1,472497,133113,48960,58996,1.2330301233836007,0.3070964920956332
5221,0.5705,4,23,4,472520,133090,48964,58992,1.232817073622587,0.3071188346643621
5222,0.5706,0,11,0,472531,133079,48964,58992,1.2327151802586238,0.30713642351005616
5223,0.5707,4,37,4,472568,133042,48968,58988,1.2323724480343843,0.3071811696089153
5224,0.5708,22,96,22,472664,132946,48990,58966,1.2314831968579791,0.3072554087290008
5225,0.5709,2,4,2,472668,132942,48992,58964,1.2314461447256289,0.3072545933946828
5226,0.571,16,71,16,472739,132871,49008,58948,1.2307884693764126,0.30731053753799153
5227,0.5711,2,4,2,472743,132867,49010,58946,1.2307514172440623,0.3073097235328158
5228,0.5712,6,15,6,472758,132852,49016,58940,1.2306124717477491,0.3073120880954367
5229,0.5713,5,29,5,472787,132823,49021,58935,1.23034384378821,0.3073405020911774
5230,0.5714,4,11,4,472798,132812,49025,58931,1.230241950424247,0.30734368399367906
5231,0.5715,3,23,3,472821,132789,49028,58928,1.2300289006632332,0.30736971682219105
5232,0.5716,2,5,2,472826,132784,49030,58926,1.2299825854977955,0.30737050753742634
5233,0.5717,71,255,71,473081,132529,49101,58855,1.227620512060469,0.3075230949295657
5234,0.5718,3,21,3,473102,132508,49104,58852,1.2274259883656304,0.30754598662207355
5235,0.5719,2,8,2,473110,132500,49106,58850,1.22735188410093,0.3075516070028743
5236,0.572,12,61,12,473171,132439,49118,58838,1.2267868390825891,0.30760624643841133
5237,0.5721,4,18,4,473189,132421,49122,58834,1.2266201044870133,0.30762071579827976
5238,0.5722,2,17,2,473206,132404,49124,58832,1.2264626329245247,0.30764082076596455
5239,0.5723,10,30,10,473236,132374,49134,58822,1.226184741931898,0.30765287976735917
5240,0.5724,4,9,4,473245,132365,49138,58818,1.2261013746341103,0.3076528770863518
5241,0.5725,54,239,54,473484,132126,49192,58764,1.2238875097261848,0.30784221279270785
5242,0.5726,2,7,2,473491,132119,49194,58762,1.2238226684945719,0.3078462497577024
5243,0.5727,12,45,12,473536,132074,49206,58750,1.223405832005632,0.30787531966628934
5244,0.5728,2,10,2,473546,132064,49208,58748,1.2233132016747563,0.3078842001551265
5245,0.5729,2,10,2,473556,132054,49210,58746,1.2232205713438808,0.30789308176100627
5246,0.573,12,34,12,473590,132020,49222,58734,1.222905628218904,0.3079044214013861
5247,0.5731,2,17,2,473607,132003,49224,58732,1.2227481566564156,0.3079246074396414
5248,0.5732,1,25,1,473632,131978,49225,58731,1.2225165808292267,0.3079613442469941
5249,0.5733,112,433,112,474065,131545,49337,58619,1.2185056875023157,0.3082549799120759
5250,0.5734,1,4,1,474069,131541,49338,58618,1.2184686353699656,0.30825782634532156
5251,0.5735,4,29,4,474098,131512,49342,58614,1.2182000074104264,0.30829029170129285
5252,0.5736,2,6,2,474104,131506,49344,58612,1.2181444292119012,0.3082927445060436
5253,0.5737,5,29,5,474133,131477,49349,58607,1.217875801252362,0.3083215841417479
5254,0.5738,4,28,4,474161,131449,49353,58603,1.2176164363259105,0.3083524509081725
5255,0.5739,1,15,1,474176,131434,49354,58602,1.2174774908295973,0.3083731503504599
5256,0.574,26,93,26,474269,131341,49380,58576,1.2166160287524548,0.30842947182190117
5257,0.5741,0,1,0,474270,131340,49380,58576,1.216606765719367,0.3084310958529034
5258,0.5742,18,114,18,474384,131226,49398,58558,1.215550779947386,0.30855077351093874
5259,0.5743,9,48,9,474432,131178,49407,58549,1.2151061543591835,0.3085960353560642
5260,0.5744,2,4,2,474436,131174,49409,58547,1.2150691022268332,0.3085952530294485
5261,0.5745,6,19,6,474455,131155,49415,58541,1.2148931045981697,0.3086042931848853
5262,0.5746,2,9,2,474464,131146,49417,58539,1.2148097373003817,0.3086116456230066
5263,0.5747,6,23,6,474487,131123,49423,58533,1.214596687539368,0.3086271987176783
5264,0.5748,2,16,2,474503,131107,49425,58531,1.214448479009967,0.3086459464875183
5265,0.5749,3,3,3,474506,131104,49428,58528,1.2144206899107044,0.30863989200135
5266,0.575,237,827,237,475333,130277,49665,58291,1.2067601615472971,0.3091245598404819
5267,0.5751,1,5,1,475338,130272,49666,58290,1.2067138463818592,0.3091290928182773
5268,0.5752,6,20,6,475358,130252,49672,58284,1.2065285857201082,0.3091398990113294
5269,0.5753,7,36,7,475394,130216,49679,58277,1.2061951165289562,0.30917328494957375
5270,0.5754,4,7,4,475401,130209,49683,58273,1.2061302752973433,0.3091701064292611
5271,0.5755,4,32,4,475433,130177,49687,58269,1.2058338582385417,0.30920794285896225
5272,0.5756,2,5,2,475438,130172,49689,58267,1.2057875430731038,0.3092088155848842
5273,0.5757,12,45,12,475483,130127,49701,58255,1.205370706584164,0.3092386746079774
5274,0.5758,23,91,23,475574,130036,49724,58232,1.2045277705731965,0.3093037584719655
5275,0.5759,1,7,1,475581,130029,49725,58231,1.2044629293415836,0.30931159035376604
5276,0.576,17,112,17,475693,129917,49742,58214,1.2034254696357776,0.3094333203990836
5277,0.5761,4,4,4,475697,129913,49746,58210,1.2033884175034273,0.30942521648070676
5278,0.5762,6,17,6,475714,129896,49752,58204,1.203230945940939,0.30943115364167995
5279,0.5763,5,22,5,475736,129874,49757,58199,1.2030271592130126,0.3094489905515412
5280,0.5764,1,7,1,475743,129867,49758,58198,1.2029623179813997,0.309456836731981
5281,0.5765,7,15,7,475758,129852,49765,58191,1.2028233724850865,0.30945581595698857
5282,0.5766,1,2,1,475760,129850,49766,58190,1.2028048464189114,0.30945543501382683
5283,0.5767,111,470,111,476230,129380,49877,58079,1.198451220867761,0.30982241450130427
5284,0.5768,3,25,3,476255,129355,49880,58076,1.198219645040572,0.30985269245749103
5285,0.5769,2,3,2,476258,129352,49882,58074,1.1981918559413094,0.309850287580165
5286,0.577,7,40,7,476298,129312,49889,58067,1.1978213346178073,0.3098906494324337
5287,0.5771,4,18,4,476316,129294,49893,58063,1.1976546000222312,0.3099056880714358
5288,0.5772,5,10,5,476326,129284,49898,58058,1.1975619696913558,0.3099038122791472
5289,0.5773,4,30,4,476356,129254,49902,58054,1.197284078698729,0.30993871057296
5290,0.5774,0,13,0,476369,129241,49902,58054,1.1971636592685908,0.30996022317734057
5291,0.5775,56,297,56,476666,128944,49958,57998,1.1944125384415873,0.31024595863957805
5292,0.5776,2,6,2,476672,128938,49960,57996,1.194356960243062,0.3102485369167728
5293,0.5777,3,30,3,476702,128908,49963,57993,1.1940790692504353,0.31028726438060794
5294,0.5778,9,15,9,476717,128893,49972,57984,1.193940123754122,0.3102789535362832
5295,0.5779,2,11,2,476728,128882,49974,57982,1.193838230390159,0.3102898364586009
5296,0.578,18,81,18,476809,128801,49992,57964,1.193087924710067,0.31035793644419457
5297,0.5781,1,4,1,476813,128797,49993,57963,1.193050872577717,0.3103608909830799
5298,0.5782,2,14,2,476827,128783,49995,57961,1.1929211901144912,0.3103767724799726
5299,0.5783,54,282,54,477109,128501,50049,57907,1.190309014783801,0.31064653877515985
5300,0.5784,0,2,0,477111,128499,50049,57907,1.1902904887176258,0.31064987178524295
5301,0.5785,2,23,2,477134,128476,50051,57905,1.190077438956612,0.31068080973919016
5302,0.5786,6,6,6,477140,128470,50057,57899,1.1900218607580866,0.31066861978118676
5303,0.5787,12,31,12,477171,128439,50069,57887,1.1897347067323725,0.3106759121110312
5304,0.5788,7,39,7,477210,128400,50076,57880,1.1893734484419578,0.31071505260897575
5305,0.5789,1,6,1,477216,128394,50077,57879,1.1893178702434326,0.31072136058365946
5306,0.579,13,65,13,477281,128329,50090,57866,1.1887157730927416,0.3107817073498214
5307,0.5791,0,2,0,477283,128327,50090,57866,1.1886972470265664,0.3107850456247013
5308,0.5792,22,113,22,477396,128214,50112,57844,1.1876505242876727,0.3108923024003268
5309,0.5793,10,45,10,477441,128169,50122,57834,1.1872336877987328,0.3109304688634054
5310,0.5794,1,6,1,477447,128163,50123,57833,1.1871781096002074,0.3109367943396632
5311,0.5795,8,22,8,477469,128141,50131,57825,1.1869743228722813,0.31094393598829895
5312,0.5796,5,11,5,477480,128130,50136,57820,1.1868724295083182,0.310943802097338
5313,0.5797,4,44,4,477524,128086,50140,57816,1.1864648560524658,0.31100257124721625
5314,0.5798,6,22,6,477546,128064,50146,57810,1.1862610693245397,0.3110171406436618
5315,0.5799,1,5,1,477551,128059,50147,57809,1.186214754159102,0.3110218004175006
5316,0.58,542,2177,542,479728,125882,50689,57267,1.1660491311274963,0.31267983991176584
5317,0.5801,2,10,2,479738,125872,50691,57265,1.1659565007966208,0.31268940738354345
5318,0.5802,3,17,3,479755,125855,50694,57262,1.1657990292341325,0.31270717628619954
5319,0.5803,3,21,3,479776,125834,50697,57259,1.1656045055392938,0.31273178111670025
5320,0.5804,4,10,4,479786,125824,50701,57255,1.1655118752084181,0.3127338471370283
5321,0.5805,5,25,5,479811,125799,50706,57250,1.1652802993812295,0.3127577861665456
5322,0.5806,1,6,1,479817,125793,50707,57249,1.165224721182704,0.312764283607041
5323,0.5807,9,39,9,479856,125754,50716,57240,1.1648634628922894,0.31279714088986527
5324,0.5808,23,95,23,479951,125659,50739,57217,1.163983474748972,0.31287320370086835
5325,0.5809,0,3,0,479954,125656,50739,57217,1.163955685649709,0.31287833633177126
5326,0.581,16,50,16,480004,125606,50755,57201,1.1634925339953315,0.31290377283145615
5327,0.5811,0,7,0,480011,125599,50755,57201,1.1634276927637186,0.31291575492341356
5328,0.5812,2,18,2,480029,125581,50757,57199,1.1632609581681426,0.3129390524127366
5329,0.5813,6,25,6,480054,125556,50763,57193,1.1630293823409537,0.31295930483887735
5330,0.5814,5,10,5,480064,125546,50768,57188,1.1629367520100782,0.3129576324055731
5331,0.5815,4,26,4,480090,125520,50772,57184,1.1626959131498018,0.31298712671862683
5332,0.5816,0,3,0,480093,125517,50772,57184,1.1626681240505392,0.3129922660521836
5333,0.5817,75,273,75,480366,125244,50847,57109,1.1601393160176368,0.3131782860715206
5334,0.5818,4,24,4,480390,125220,50851,57105,1.1599170032235355,0.31320444261620733
5335,0.5819,0,13,0,480403,125207,50851,57105,1.1597965837933972,0.3132267760761771
5336,0.582,11,50,11,480453,125157,50862,57094,1.1593334321390196,0.31327125777087644
5337,0.5821,2,5,2,480458,125152,50864,57092,1.1592871169735819,0.31327231623537677
5338,0.5822,1,29,1,480487,125123,50865,57091,1.1590184890140427,0.31331840583050696
5339,0.5823,6,32,6,480519,125091,50871,57085,1.1587220719552411,0.3133508255752679
5340,0.5824,3,8,3,480527,125083,50874,57082,1.1586479676905406,0.3133532786210304
5341,0.5825,62,240,62,480767,124843,50936,57020,1.1564248397495276,0.3135327141859532
5342,0.5826,1,7,1,480774,124836,50937,57019,1.1563599985179147,0.31354100794589096
5343,0.5827,9,45,9,480819,124791,50946,57010,1.1559431620289748,0.3135846337478892
5344,0.5828,1,12,1,480831,124779,50947,57009,1.155832005631924,0.31360155785860455
5345,0.5829,6,19,6,480850,124760,50953,57003,1.1556560080032605,0.3136116811452276
5346,0.583,11,44,11,480894,124716,50964,56992,1.155248434547408,0.313646069518128
5347,0.5831,2,6,2,480900,124710,50966,56990,1.155192856348883,0.3136488717666483
5348,0.5832,1,11,1,480911,124699,50967,56989,1.1550909629849198,0.3136640834837744
5349,0.5833,110,461,110,481372,124238,51077,56879,1.1508207047315573,0.3140456169216584
5350,0.5834,2,4,2,481376,124234,51079,56877,1.150783652599207,0.3140449779417043
5351,0.5835,4,23,4,481399,124211,51083,56873,1.1505706028381932,0.3140697135031256
5352,0.5836,2,6,2,481405,124205,51085,56871,1.150515024639668,0.31407254412511876
5353,0.5837,3,34,3,481439,124171,51088,56868,1.150200081514691,0.3141201619540541
5354,0.5838,3,23,3,481462,124148,51091,56865,1.1499870317536773,0.31414870755139135
5355,0.5839,2,10,2,481472,124138,51093,56863,1.1498944014228019,0.31415848531223584
5356,0.584,26,94,26,481566,124044,51119,56837,1.1490236763125719,0.3142231632952051
5357,0.5841,1,7,1,481573,124037,51120,56836,1.148958835080959,0.3142315326223372
5358,0.5842,17,113,17,481686,123924,51137,56819,1.1479121123420652,0.3143634884891808
5359,0.5843,13,34,13,481720,123890,51150,56806,1.1475971692170885,0.3143733120821712
5360,0.5844,6,10,6,481730,123880,51156,56800,1.1475045388862128,0.31436794332521584
5361,0.5845,3,17,3,481747,123863,51159,56797,1.1473470673237245,0.3143861397099524
5362,0.5846,0,4,0,481751,123859,51159,56797,1.1473100151913742,0.3143931006996723
5363,0.5847,2,29,2,481780,123830,51161,56795,1.1470413872318352,0.31443598615916957
5364,0.5848,4,22,4,481802,123808,51165,56791,1.146837600503909,0.3144591055321458
5365,0.5849,0,2,0,481804,123806,51165,56791,1.1468190744377338,0.3144625879721147
5366,0.585,212,850,212,482654,122956,51377,56579,1.1389454963133128,0.3151418943381513
5367,0.5851,1,5,1,482659,122951,51378,56578,1.138899181147875,0.31514685649672197
5368,0.5852,2,23,2,482682,122928,51380,56576,1.1386861313868613,0.31517960602549244
5369,0.5853,9,32,9,482714,122896,51389,56567,1.1383897143280597,0.31520146213982825
5370,0.5854,3,11,3,482725,122885,51392,56564,1.1382878209640965,0.31520933524288236
5371,0.5855,9,21,9,482746,122864,51401,56555,1.138093297269258,0.31521187834064396
5372,0.5856,0,8,0,482754,122856,51401,56555,1.1380191930045573,0.31522593374988156
5373,0.5857,8,36,8,482790,122820,51409,56547,1.1376857238134055,0.3152586596196625
5374,0.5858,25,93,25,482883,122727,51434,56522,1.136824261736263,0.3153267242774018
5375,0.5859,0,1,0,482884,122726,51434,56522,1.1368149987031753,0.3153284834419352
5376,0.586,29,105,29,482989,122621,51463,56493,1.135842380228982,0.31540248110142144
5377,0.5861,1,8,1,482997,122613,51464,56492,1.1357682759642818,0.3154127467128221
5378,0.5862,2,28,2,483025,122585,51466,56490,1.1355089110378302,0.315454418539718
5379,0.5863,8,33,8,483058,122552,51474,56482,1.135203230945941,0.3154819754906889
5380,0.5864,1,13,1,483071,122539,51475,56481,1.1350828115158027,0.3155010613339292
5381,0.5865,4,28,4,483099,122511,51479,56477,1.1348234465893512,0.3155351196728272
5382,0.5866,0,3,0,483102,122508,51479,56477,1.1347956574900886,0.3155404084141129
5383,0.5867,129,414,129,483516,122094,51608,56348,1.1309607617918411,0.31577767565931786
5384,0.5868,6,18,6,483534,122076,51614,56342,1.130794027196265,0.31578652378123284
5385,0.5869,3,8,3,483542,122068,51617,56339,1.1307199229315648,0.3157891786757246
5386,0.587,11,37,11,483579,122031,51628,56328,1.1303771907073252,0.3158124905387449
5387,0.5871,4,15,4,483594,122016,51632,56324,1.1302382452110118,0.3158237075249523
5388,0.5872,3,21,3,483615,121995,51635,56321,1.1300437215161732,0.31584939096884185
5389,0.5873,9,39,9,483654,121956,51644,56312,1.1296824632257587,0.31588395000785335
5390,0.5874,0,6,0,483660,121950,51644,56312,1.1296268850272333,0.3158945821319182
5391,0.5875,55,265,55,483925,121685,51699,56257,1.1271721812590314,0.31615357813220035
5392,0.5876,2,10,2,483935,121675,51701,56255,1.127079550928156,0.3161636598662395
5393,0.5877,6,38,6,483973,121637,51707,56249,1.126727555670829,0.31620813329885433
5394,0.5878,13,20,13,483993,121617,51720,56236,1.1265422950090778,0.31619371053622936
5395,0.5879,1,14,1,484007,121603,51721,56235,1.126412612545852,0.31621475725098125
5396,0.588,16,65,16,484072,121538,51737,56219,1.125810515395161,0.31626883892054886
5397,0.5881,0,11,0,484083,121527,51737,56219,1.1257086220311978,0.3162884115535652
5398,0.5882,3,11,3,484094,121516,51740,56216,1.1256067286672349,0.31629644633493126
5399,0.5883,61,226,61,484320,121290,51801,56155,1.1235132831894477,0.31646425653019244
5400,0.5884,0,4,0,484324,121286,51801,56155,1.1234762310570974,0.31647139049036016
5401,0.5885,4,27,4,484351,121259,51805,56151,1.1232261291637333,0.31650414294571894
5402,0.5886,2,15,2,484366,121244,51807,56149,1.12308718366742,0.31652319990078526
5403,0.5887,13,30,13,484396,121214,51820,56136,1.1228092926747935,0.31652664223287286
5404,0.5888,7,21,7,484417,121193,51827,56129,1.1226147689799548,0.3165371471109056
5405,0.5889,3,5,3,484422,121188,51830,56126,1.122568453814517,0.31653450940140093
5406,0.589,8,61,8,484483,121127,51838,56118,1.1220034087961763,0.3166125983807724
5407,0.5891,1,0,1,484483,121127,51839,56117,1.1220034087961763,0.3166087427501072
5408,0.5892,13,93,13,484576,121034,51852,56104,1.1211419467190338,0.3167248134223035
5409,0.5893,9,35,9,484611,120999,51861,56095,1.1208177405609694,0.3167526850147379
5410,0.5894,2,5,2,484616,120994,51863,56093,1.1207714253955314,0.31675391191900026
5411,0.5895,3,21,3,484637,120973,51866,56090,1.1205769017006928,0.31677990319829663
5412,0.5896,4,4,4,484641,120969,51870,56086,1.1205398495683427,0.3167716246364124
5413,0.5897,3,20,3,484661,120949,51873,56083,1.1203545889065916,0.3167958335216232
5414,0.5898,4,8,4,484669,120941,51877,56079,1.1202804846418912,0.3167947124618687
5415,0.5899,0,4,0,484673,120937,51877,56079,1.120243432509541,0.31680187101730917
5416,0.59,555,2175,555,486848,118762,52432,55524,1.1000963355441105,0.31857980560687604
5417,0.5901,0,3,0,486851,118759,52432,55524,1.1000685464448479,0.3185852894430323
5418,0.5902,3,29,3,486880,118730,52435,55521,1.099799918485309,0.3186265789005515
5419,0.5903,1,24,1,486904,118706,52436,55520,1.0995776056912074,0.3186665595261327
5420,0.5904,2,4,2,486908,118702,52438,55518,1.0995405535588574,0.31866605441395934
5421,0.5905,6,29,6,486937,118673,52444,55512,1.0992719255993182,0.3186956396934294
5422,0.5906,2,4,2,486941,118669,52446,55510,1.0992348734669681,0.31869513546409156
5423,0.5907,15,48,15,486989,118621,52461,55495,1.0987902478787654,0.3187242987433665
5424,0.5908,18,92,18,487081,118529,52479,55477,1.0979380488347104,0.31882233945955885
5425,0.5909,0,3,0,487084,118526,52479,55477,1.0979102597354478,0.31882783630167294
5426,0.591,13,70,13,487154,118456,52492,55464,1.097261847419319,0.31890524379024837
5427,0.5911,4,8,4,487162,118448,52496,55460,1.0971877431546186,0.31890424822319846
5428,0.5912,1,9,1,487171,118439,52497,55459,1.0971043758568306,0.3189168363063405
5429,0.5913,7,32,7,487203,118407,52504,55452,1.0968079587980288,0.31894811312615395
5430,0.5914,2,6,2,487209,118401,52506,55450,1.0967523805995034,0.31895128587123456
5431,0.5915,2,23,2,487232,118378,52508,55448,1.0965393308384896,0.3189856523189857
5432,0.5916,0,6,0,487238,118372,52508,55448,1.0964837526399644,0.31899666321481995
5433,0.5917,52,286,52,487524,118086,52560,55396,1.093834525176924,0.3193184307305657
5434,0.5918,8,22,8,487546,118064,52568,55388,1.0936307384489978,0.31932753730138597
5435,0.5919,1,13,1,487559,118051,52569,55387,1.0935103190188595,0.3193475478268891
5436,0.592,12,58,12,487617,117993,52581,55375,1.0929730630997814,0.3194072723916755
5437,0.5921,4,11,4,487628,117982,52585,55371,1.0928711697358182,0.3194118359647655
5438,0.5922,3,19,3,487647,117963,52588,55368,1.0926951721071547,0.31943506931824084
5439,0.5923,6,26,6,487673,117937,52594,55362,1.0924543332468784,0.319459431387371
5440,0.5924,2,9,2,487682,117928,52596,55360,1.0923709659490903,0.319468168597941
5441,0.5925,50,224,50,487906,117704,52646,55310,1.0902960465374782,0.31968511218745305
5442,0.5926,1,2,1,487908,117702,52647,55309,1.090277520471303,0.3196848755281456
5443,0.5927,7,52,7,487960,117650,52654,55302,1.0897958427507504,0.3197534576067348
5444,0.5928,1,12,1,487972,117638,52655,55301,1.0896846863536997,0.31977171141269467
5445,0.5929,2,4,2,487976,117634,52657,55299,1.0896476342213495,0.3197712408851983
5446,0.593,9,43,9,488019,117591,52666,55290,1.0892493237985845,0.3198153643257501
5447,0.5931,0,11,0,488030,117580,52666,55290,1.0891474304346216,0.3198357146989067
5448,0.5932,3,20,3,488050,117560,52669,55287,1.0889621697728704,0.319860917458793
5449,0.5933,119,414,119,488464,117146,52788,55168,1.085127274074623,0.32015970843924463
5450,0.5934,2,5,2,488469,117141,52790,55166,1.0850809589091852,0.3201611077901652
5451,0.5935,5,32,5,488501,117109,52795,55161,1.0847845418503834,0.3202008475068207
5452,0.5936,1,10,1,488511,117099,52796,55160,1.084691911519508,0.32021548946644296
5453,0.5937,0,17,0,488528,117082,52796,55160,1.0845344399570196,0.3202470942046655
5454,0.5938,1,23,1,488551,117059,52797,55159,1.0843213901960058,0.32028591668698975
5455,0.5939,2,7,2,488558,117052,52799,55157,1.084256548964393,0.3202910416993305
5456,0.594,30,71,30,488629,116981,52829,55127,1.0835988736151765,0.32030469240244497
5457,0.5941,2,4,2,488633,116977,52831,55125,1.0835618214828264,0.32030423818433257
5458,0.5942,26,85,26,488718,116892,52857,55099,1.0827744636703842,0.32035978626788614
5459,0.5943,6,44,6,488762,116848,52863,55093,1.0823668902145318,0.32041805037774584
5460,0.5944,2,6,2,488768,116842,52865,55091,1.0823113120160066,0.3204213269122274
5461,0.5945,7,20,7,488788,116822,52872,55084,1.0821260513542554,0.32043093318441473
5462,0.5946,3,5,3,488793,116817,52875,55081,1.0820797361888177,0.3204283935822406
5463,0.5947,3,24,3,488817,116793,52878,55078,1.0818574233947165,0.32046127618970044
5464,0.5948,8,16,8,488833,116777,52886,55070,1.0817092148653156,0.32045947848958667
5465,0.5949,0,5,0,488838,116772,52886,55070,1.0816628996998778,0.3204688027373983
5466,0.595,199,793,199,489631,115979,53085,54871,1.0743173144614473,0.321164764413228
5467,0.5951,0,3,0,489634,115976,53085,54871,1.0742895253621847,0.3211704039286613
5468,0.5952,5,10,5,489644,115966,53090,54866,1.074196895031309,0.32116933595579283
5469,0.5953,8,16,8,489660,115950,53098,54858,1.074048686501908,0.32116762680904876
5470,0.5954,0,8,0,489668,115942,53098,54858,1.0739745822372078,0.32118266978922716
5471,0.5955,1,27,1,489695,115915,53099,54857,1.0737244803438437,0.32122947555805403
5472,0.5956,1,6,1,489701,115909,53100,54856,1.0736689021453185,0.32123678739788597
5473,0.5957,12,38,12,489739,115871,53112,54844,1.0733169068879913,0.32126058049966316
5474,0.5958,13,87,13,489826,115784,53125,54831,1.0725110230093742,0.32137268118277995
5475,0.5959,0,5,0,489831,115779,53125,54831,1.0724647078439364,0.321382099525233
5476,0.596,26,94,26,489925,115685,53151,54805,1.0715939827337064,0.3214558038594639
5477,0.5961,1,6,1,489931,115679,53152,54804,1.071538404535181,0.32146313708698226
5478,0.5962,3,14,3,489945,115665,53155,54801,1.0714087220719553,0.3214775967055014
5479,0.5963,5,22,5,489967,115643,53160,54796,1.071204935344029,0.3214991873925569
5480,0.5964,2,9,2,489976,115634,53162,54794,1.0711215680462411,0.32150820287746146
5481,0.5965,3,19,3,489995,115615,53165,54791,1.0709455704175774,0.32153210567703017
5482,0.5966,0,2,0,489997,115613,53165,54791,1.0709270443514025,0.3215358794394498
5483,0.5967,111,464,111,490461,115149,53276,54680,1.0666289969987772,0.32197092369383323
5484,0.5968,7,23,7,490484,115126,53283,54673,1.0664159472377635,0.32198658413771575
5485,0.5969,0,7,0,490491,115119,53283,54673,1.0663511060061506,0.3219998586505842
5486,0.597,7,41,7,490532,115078,53290,54666,1.065971321649561,0.3220496748044113
5487,0.5971,1,16,1,490548,115062,53291,54665,1.06582311312016,0.3220760397579643
5488,0.5972,4,15,4,490563,115047,53295,54661,1.0656841676238467,0.3220885285313598
5489,0.5973,8,31,8,490594,115016,53303,54653,1.0653970135981325,0.3221154129510989
5490,0.5974,0,1,0,490595,115015,53303,54653,1.065387750565045,0.32211731145531275
5491,0.5975,59,237,59,490832,114778,53362,54594,1.0631924117232947,0.3223319084618473
5492,0.5976,0,3,0,490835,114775,53362,54594,1.063164622624032,0.3223376178639539
5493,0.5977,7,30,7,490865,114745,53369,54587,1.0628867316314055,0.32236671154890983
5494,0.5978,4,27,4,490892,114718,53373,54583,1.0626366297380414,0.3224021122143401
5495,0.5979,2,6,2,490898,114712,53375,54581,1.0625810515395162,0.3224055336015074
5496,0.598,13,55,13,490953,114657,53388,54568,1.0620715847197006,0.3224582656226917
5497,0.5981,1,6,1,490959,114651,53389,54567,1.0620160065211752,0.322465695138815
5498,0.5982,8,15,8,490974,114636,53397,54559,1.061877061024862,0.32246224770235526
5499,0.5983,63,239,63,491213,114397,53460,54496,1.0596631961169365,0.3226658298449314
5500,0.5984,1,1,1,491214,114396,53461,54495,1.059653933083849,0.32266372986127145
5501,0.5985,6,28,6,491242,114368,53467,54489,1.0593945681573975,0.3226931664070782
5502,0.5986,3,16,3,491258,114352,53470,54486,1.0592463596279966,0.3227117118184295
5503,0.5987,10,19,10,491277,114333,53480,54476,1.0590703619993331,0.32270791249281733
5504,0.5988,2,17,2,491294,114316,53482,54474,1.0589128904368446,0.3227323893595592
5505,0.5989,1,3,1,491297,114313,53483,54473,1.058885101337582,0.3227341130188523
5506,0.599,17,49,17,491346,114264,53500,54456,1.0584312127162918,0.3227596017069701
5507,0.5991,0,8,0,491354,114256,53500,54456,1.0583571084515915,0.32277490634928163
5508,0.5992,20,88,20,491442,114168,53520,54436,1.0575419615398867,0.32286304002277527
5509,0.5993,14,45,14,491487,114123,53534,54422,1.0571251250509466,0.3228929959358035
5510,0.5994,0,3,0,491490,114120,53534,54422,1.057097335951684,0.322898743339939
5511,0.5995,5,16,5,491506,114104,53539,54417,1.056949127422283,0.32290931100575004
5512,0.5996,1,9,1,491515,114095,53540,54416,1.056865760124495,0.32292253918141844
5513,0.5997,3,31,3,491546,114064,53543,54413,1.056578606098781,0.32296990093603284
5514,0.5998,7,13,7,491559,114051,53550,54406,1.0564581866686429,0.32296669179671966
5515,0.5999,0,6,0,491565,114045,53550,54406,1.0564026084701175,0.3229781954396234
5516,0.6,556,2156,556,493721,111889,54106,53850,1.0364315091333507,0.32490844037915034
5517,0.6001,1,3,1,493724,111886,54107,53849,1.0364037200340879,0.3249102482879295
5518,0.6002,10,18,10,493742,111868,54117,53839,1.036236985438512,0.3249048018490468
5519,0.6003,2,18,2,493760,111850,54119,53837,1.036070250842936,0.3249319500021124
5520,0.6004,0,13,0,493773,111837,54119,53837,1.0359498314127977,0.3249574465516617
5521,0.6005,4,24,4,493797,111813,54123,53833,1.0357275186186965,0.3249882279077068
5522,0.6006,0,4,0,493801,111809,54123,53833,1.0356904664863462,0.32499607587447626
5523,0.6007,17,52,17,493853,111757,54140,53816,1.0352087887657935,0.3250288392431133
5524,0.6008,15,81,15,493934,111676,54155,53801,1.0344584830857015,0.32512675477558817
5525,0.6009,0,6,0,493940,111670,54155,53801,1.0344029048871763,0.3251385439140393
5526,0.601,20,64,20,494004,111606,54175,53781,1.0338100707695728,0.32518275317890766
5527,0.6011,3,11,3,494015,111595,54178,53778,1.0337081774056096,0.3251921414015589
5528,0.6012,6,18,6,494033,111577,54184,53772,1.0335414428100338,0.3252030553556417
5529,0.6013,1,27,1,494060,111550,54185,53771,1.0332913409166697,0.32525208533701105
5530,0.6014,4,8,4,494068,111542,54189,53767,1.0332172366519694,0.32525149870847925
5531,0.6015,12,23,12,494091,111519,54201,53755,1.0330041868909556,0.3252477703692051
5532,0.6016,0,3,0,494094,111516,54201,53755,1.0329763977916928,0.3252536742683229
5533,0.6017,55,245,55,494339,111271,54256,53700,1.030706954685242,0.3255117566117681
5534,0.6018,6,29,6,494368,111242,54262,53694,1.0304383267257031,0.3255444536062473
5535,0.6019,4,8,4,494376,111234,54266,53690,1.0303642224610026,0.32554388688123015
5536,0.602,14,54,14,494430,111180,54280,53676,1.0298640186742747,0.32559324501383025
5537,0.6021,4,4,4,494434,111176,54284,53672,1.0298269665419244,0.3255847811317092
5538,0.6022,2,10,2,494444,111166,54286,53670,1.029734336211049,0.3255963503118251
5539,0.6023,9,31,9,494475,111135,54295,53661,1.0294471821853348,0.32562076749435664
5540,0.6024,2,4,2,494479,111131,54297,53659,1.0294101300529845,0.325620486680017
5541,0.6025,50,209,50,494688,110922,54347,53609,1.0274741561376857,0.3258291750490789
5542,0.6026,0,4,0,494692,110918,54347,53609,1.0274371040053356,0.325837096646751
5543,0.6027,10,39,10,494731,110879,54357,53599,1.027075845714921,0.3258733690827953
5544,0.6028,5,18,5,494749,110861,54362,53594,1.026909111119345,0.3258885409382506
5545,0.6029,7,12,7,494761,110849,54369,53587,1.0267979547222943,0.3258836264564937
5546,0.603,8,40,8,494801,110809,54377,53579,1.0264274333987922,0.3259301165535197
5547,0.6031,0,6,0,494807,110803,54377,53579,1.0263718552002667,0.32594201311579124
5548,0.6032,2,27,2,494834,110776,54379,53577,1.026121753306903,0.3259873564826927
5549,0.6033,113,392,113,495226,110384,54492,53464,1.0224906443365815,0.32630242663932424
5550,0.6034,2,2,2,495228,110382,54494,53462,1.0224721182704064,0.32629818607944144
5551,0.6035,6,26,6,495254,110356,54500,53456,1.02223127941013,0.3263252997338412
5552,0.6036,2,10,2,495264,110346,54502,53454,1.0221386490792546,0.3263369963369963
5553,0.6037,4,24,4,495288,110322,54506,53450,1.021916336285153,0.32636836577681166
5554,0.6038,4,29,4,495317,110293,54510,53446,1.0216477083256141,0.3264097130188898
5555,0.6039,4,8,4,495325,110285,54514,53442,1.0215736040609138,0.32640920556780495
5556,0.604,21,70,21,495395,110215,54535,53421,1.020925191744785,0.3264623921386492
5557,0.6041,0,5,0,495400,110210,54535,53421,1.020878876579347,0.3264723677053859
5558,0.6042,23,104,23,495504,110106,54558,53398,1.0199155211382416,0.3265852823172522
5559,0.6043,8,32,8,495536,110074,54566,53390,1.0196191040794398,0.32661625801399696
5560,0.6044,1,5,1,495541,110069,54567,53389,1.019572788914002,0.326622129231974
5561,0.6045,5,19,5,495560,110050,54572,53384,1.0193967912853386,0.3266394997368969
5562,0.6046,1,9,1,495569,110041,54573,53383,1.0193134239875505,0.32665336792637556
5563,0.6047,11,19,11,495588,110022,54584,53372,1.019137426358887,0.326646021273731
5564,0.6048,1,17,1,495605,110005,54585,53371,1.0189799547963985,0.32667588874742925
5565,0.6049,0,5,0,495610,110000,54585,53371,1.0189336396309607,0.326685886724082
5566,0.605,214,764,214,496374,109236,54799,53157,1.0118566823520694,0.32733553786185365
5567,0.6051,1,4,1,496378,109232,54800,53156,1.011819630219719,0.3273394585806833
5568,0.6052,3,15,3,496393,109217,54803,53153,1.0116806847234059,0.32735727043173
5569,0.6053,6,25,6,496418,109192,54809,53147,1.011449108896217,0.3273828223655437
5570,0.6054,1,5,1,496423,109187,54810,53146,1.0114027937307792,0.327388762605262
5571,0.6055,4,28,4,496451,109159,54814,53142,1.0111434288043277,0.3274286664900401
5572,0.6056,0,5,0,496456,109154,54814,53142,1.01109711363889,0.3274387538817962
5573,0.6057,16,40,16,496496,109114,54830,53126,1.0107265923153876,0.32745315581854045
5574,0.6058,23,101,23,496597,109013,54853,53103,1.0097910259735448,0.3275617459103358
5575,0.6059,1,3,1,496600,109010,54854,53102,1.0097632368742822,0.32756365969206475
5576,0.606,20,100,20,496700,108910,54874,53082,1.0088369335655267,0.32768284853573015
5577,0.6061,3,8,3,496708,108902,54877,53079,1.0087628293008262,0.32768658052487637
5578,0.6062,5,28,5,496736,108874,54882,53074,1.0085034643743747,0.3277224788203621
5579,0.6063,7,21,7,496757,108853,54889,53067,1.008308940679536,0.327735918972332
5580,0.6064,1,4,1,496761,108849,54890,53066,1.008271888547186,0.32773986350863105
5581,0.6065,8,15,8,496776,108834,54898,53058,1.0081329430508725,0.32773700985842413
5582,0.6066,1,5,1,496781,108829,54899,53057,1.0080866278854348,0.3277429796276392
5583,0.6067,95,394,95,497175,108435,54994,52962,1.0044369928489385,0.32814736333389094
5584,0.6068,5,21,5,497196,108414,54999,52957,1.0042424691540999,0.3281692497412794
5585,0.6069,2,9,2,497205,108405,55001,52955,1.0041591018563119,0.32817922657411996
5586,0.607,6,40,6,497245,108365,55007,52949,1.0037885805328097,0.3282356150117163
5587,0.6071,1,13,1,497258,108352,55008,52948,1.0036681611026714,0.32825790452572845
5588,0.6072,5,17,5,497275,108335,55013,52943,1.003510689540183,0.32827167995634865
5589,0.6073,11,39,11,497314,108296,55024,52932,1.0031494312497684,0.3283052571513633
5590,0.6074,2,6,2,497320,108290,55026,52930,1.003093853051243,0.3283091427862548
5591,0.6075,70,212,70,497532,108078,55096,52860,1.0011300900366815,0.32844946501137084
5592,0.6076,2,4,2,497536,108074,55098,52858,1.0010930379043315,0.3284492829269505
5593,0.6077,8,28,8,497564,108046,55106,52850,1.00083367297788,0.32847305091487666
5594,0.6078,2,20,2,497584,108026,55108,52848,1.0006484123161288,0.3285055384959658
5595,0.6079,1,11,1,497595,108015,55109,52847,1.0005465189521656,0.328523827877311
5596,0.608,22,61,22,497656,107954,55131,52825,0.9999814739338249,0.32855659010194116
5597,0.6081,1,4,1,497660,107950,55132,52824,0.9999444218014747,0.32856058815480116
5598,0.6082,4,18,4,497678,107932,55136,52820,0.9997776872058987,0.32858067084701903
5599,0.6083,42,227,42,497905,107705,55178,52778,0.9976749786950239,0.32886972451910795
5600,0.6084,2,7,2,497912,107698,55180,52776,0.997610137463411,0.3288757057217992
5601,0.6085,3,28,3,497940,107670,55183,52773,0.9973507725369595,0.3289205512237991
5602,0.6086,2,6,2,497946,107664,55185,52771,0.9972951943384342,0.32892448655218626
5603,0.6087,3,25,3,497971,107639,55188,52768,0.9970636185112454,0.3289631998603552
5604,0.6088,3,27,3,497998,107612,55191,52765,0.9968135166178813,0.32900602954288954
5605,0.6089,4,12,4,498010,107600,55195,52761,0.9967023602208307,0.3290139123602372
5606,0.609,13,51,13,498061,107549,55208,52748,0.9962299455333654,0.32906417462585075
5607,0.6091,1,5,1,498066,107544,55209,52747,0.9961836303679277,0.32907025347648966
5608,0.6092,16,88,16,498154,107456,55225,52731,0.9953684834562229,0.32918401618108833
5609,0.6093,7,46,7,498200,107410,55232,52724,0.9949423839341954,0.32924925374998437
5610,0.6094,3,6,3,498206,107404,55235,52721,0.9948868057356701,0.32924902419984386
5611,0.6095,4,15,4,498221,107389,55239,52717,0.9947478602393568,0.3292631131875133
5612,0.6096,3,7,3,498228,107382,55242,52714,0.9946830190077439,0.3292649410353788
5613,0.6097,9,16,9,498244,107366,55251,52705,0.994534810478343,0.3292601408125144
5614,0.6098,3,12,3,498256,107354,55254,52702,0.9944236540812924,0.3292722547108512
5615,0.6099,1,6,1,498262,107348,55255,52701,0.9943680758827671,0.3292804078750883
5616,0.61,602,2070,602,500332,105278,55857,52099,0.9751935973915299,0.33104583261848936
5617,0.6101,1,5,1,500337,105273,55858,52098,0.9751472822260921,0.33105209981508665
5618,0.6102,5,17,5,500354,105256,55863,52093,0.9749898106636037,0.331066609892659
5619,0.6103,8,20,8,500374,105236,55871,52085,0.9748045500018526,0.3310746817017436
5620,0.6104,0,6,0,500380,105230,55871,52085,0.9747489718033273,0.3310873089025204
5621,0.6105,6,15,6,500395,105215,55877,52079,0.974610026307014,0.33109336656197946
5622,0.6106,2,6,2,500401,105209,55879,52077,0.9745544481084887,0.33109749119438475
5623,0.6107,7,38,7,500439,105171,55886,52070,0.9742024528511616,0.33114772864583664
5624,0.6108,23,88,23,500527,105083,55909,52047,0.9733873059394568,0.33123528288678167
5625,0.6109,1,3,1,500530,105080,55910,52046,0.9733595168401942,0.3312373509158255
5626,0.611,8,43,8,500573,105037,55918,52038,0.9729612064174293,0.3312939678497533
5627,0.6111,1,10,1,500583,105027,55919,52037,0.9728685760865537,0.3313108032394438
5628,0.6112,8,22,8,500605,105005,55927,52029,0.9726647893586275,0.33132315294776926
5629,0.6113,5,27,5,500632,104978,55932,52024,0.9724146874652636,0.3313588361931695
5630,0.6114,0,6,0,500638,104972,55932,52024,0.9723591092667383,0.33137149991082576
5631,0.6115,11,23,11,500661,104949,55943,52013,0.9721460595057245,0.33137319860858044
5632,0.6116,1,5,1,500666,104944,55944,52012,0.9720997443402868,0.33137949489028773
5633,0.6117,56,212,56,500878,104732,56000,51956,0.9701359813257253,0.3315888900234862
5634,0.6118,1,13,1,500891,104719,56001,51955,0.9700155618955871,0.3316121373042113
5635,0.6119,2,9,2,500900,104710,56003,51953,0.9699321945977991,0.33162265499830845
5636,0.612,10,61,10,500961,104649,56013,51943,0.9693671495794582,0.33170915500153264
5637,0.6121,2,10,2,500971,104639,56015,51941,0.9692745192485828,0.3317218035509005
5638,0.6122,4,9,4,500980,104630,56019,51937,0.9691911519507947,0.33172379875708163
5639,0.6123,6,25,6,501005,104605,56025,51931,0.968959576123606,0.33175116267184546
5640,0.6124,1,7,1,501012,104598,56026,51930,0.9688947348919931,0.3317617295308188
5641,0.6125,32,214,32,501226,104384,56058,51898,0.9669124458112565,0.3320791901818508
5642,0.6126,0,4,0,501230,104380,56058,51898,0.9668753936789062,0.3320876898859724
5643,0.6127,9,32,9,501262,104348,56067,51889,0.9665789766201045,0.3321172321537152
5644,0.6128,2,8,2,501270,104340,56069,51887,0.966504872355404,0.3321256889014063
5645,0.6129,6,12,6,501282,104328,56075,51881,0.9663937159583534,0.3321255497442529
5646,0.613,8,33,8,501315,104295,56083,51873,0.9660880358664641,0.33216151836483787
5647,0.6131,2,2,2,501317,104293,56085,51871,0.966069509800289,0.33215721933352116
5648,0.6132,2,21,2,501338,104272,56087,51869,0.9658749861054504,0.33219333807263945
5649,0.6133,96,433,96,501771,103839,56183,51773,0.9618640927785395,0.33270570393028814
5650,0.6134,0,2,0,501773,103837,56183,51773,0.9618455667123643,0.33270998007840114
5651,0.6135,3,26,3,501799,103811,56186,51770,0.9616047278520878,0.3327527140203495
5652,0.6136,2,10,2,501809,103801,56188,51768,0.9615120975212124,0.33276552526531633
5653,0.6137,4,26,4,501835,103775,56192,51764,0.961271258660936,0.3328039912819293
5654,0.6138,2,13,2,501848,103762,56194,51762,0.9611508392307977,0.3328232298551992
5655,0.6139,3,5,3,501853,103757,56197,51759,0.96110452406536,0.332821060212454
5656,0.614,18,76,18,501929,103681,56215,51741,0.9604005335507059,0.33290653832790723
5657,0.6141,1,1,1,501930,103680,56216,51740,0.9603912705176183,0.3329043881096384
5658,0.6142,17,56,17,501986,103624,56233,51723,0.9598725406647153,0.3329513926886261
5659,0.6143,9,41,9,502027,103583,56242,51714,0.9594927563081256,0.3330006374881678
5660,0.6144,1,8,1,502035,103575,56243,51713,0.9594186520434251,0.33301349750141673
5661,0.6145,7,13,7,502048,103562,56250,51706,0.959298232613287,0.3330113094778061
5662,0.6146,0,8,0,502056,103554,56250,51706,0.9592241283485865,0.333028468375628
5663,0.6147,6,28,6,502084,103526,56256,51700,0.958964763422135,0.33306276010462166
5664,0.6148,1,8,1,502092,103518,56257,51699,0.9588906591574345,0.3330756296024276
5665,0.6149,2,5,2,502097,103513,56259,51697,0.9588443439919967,0.3330777656078861
5666,0.615,208,717,208,502814,102796,56467,51489,0.9522027492682203,0.3337265450303011
5667,0.6151,0,1,0,502815,102795,56467,51489,0.9521934862351328,0.33372870809675664
5668,0.6152,3,20,3,502835,102775,56470,51486,0.9520082255733817,0.3337590188057902
5669,0.6153,10,18,10,502853,102757,56480,51476,0.9518414909778058,0.3337547736217282
5670,0.6154,2,5,2,502858,102752,56482,51474,0.951795175812368,0.33375695408037553
5671,0.6155,6,22,6,502880,102730,56488,51468,0.9515913890844419,0.33377864823149456
5672,0.6156,4,6,4,502886,102724,56492,51464,0.9515358108859164,0.3337743533867746
5673,0.6157,10,38,10,502924,102686,56502,51454,0.9511838156285894,0.3338134163747243
5674,0.6158,17,79,17,503003,102607,56519,51437,0.9504520360146727,0.33391109033782557
5675,0.6159,2,2,2,503005,102605,56521,51435,0.9504335099484975,0.3339067774603999
5676,0.616,23,78,23,503083,102527,56544,51412,0.9497109933676683,0.33397644521531256
5677,0.6161,2,4,2,503087,102523,56546,51410,0.9496739412353181,0.33397647028252553
5678,0.6162,5,17,5,503104,102506,56551,51405,0.9495164696728297,0.3339917224889709
5679,0.6163,2,25,2,503129,102481,56553,51403,0.9492848938456409,0.33403732681760284
5680,0.6164,3,8,3,503137,102473,56556,51400,0.9492107895809404,0.3340417097216536
5681,0.6165,11,18,11,503155,102455,56567,51389,0.9490440549853644,0.3340331764644705
5682,0.6166,0,4,0,503159,102451,56567,51389,0.9490070028530142,0.334041861674467
5683,0.6167,106,382,106,503541,102069,56673,51283,0.9454685242135685,0.3344136366007616
5684,0.6168,0,20,0,503561,102049,56673,51283,0.9452832635518174,0.3344572561500535
5685,0.6169,1,11,1,503572,102038,56674,51282,0.9451813701878543,0.33447691103574223
5686,0.617,8,31,8,503603,102007,56682,51274,0.9448942161621401,0.3345098218304943
5687,0.6171,1,15,1,503618,101992,56683,51273,0.9447552706658268,0.3345382181189443
5688,0.6172,15,18,15,503636,101974,56698,51258,0.9445885360702508,0.3345123733945912
5689,0.6173,4,35,4,503671,101939,56702,51254,0.9442643299121865,0.33457142297624565
5690,0.6174,1,3,1,503674,101936,56703,51253,0.9442365408129237,0.3345736312659525
5691,0.6175,57,220,57,503894,101716,56760,51196,0.9421986735336618,0.33480694778696246
5692,0.6176,2,4,2,503898,101712,56762,51194,0.9421616214013117,0.3348070056112906
5693,0.6177,4,25,4,503923,101687,56766,51190,0.9419300455741227,0.334844351995395
5694,0.6178,3,11,3,503934,101676,56769,51187,0.9418281522101597,0.3348553933914682
5695,0.6179,6,11,6,503945,101665,56775,51181,0.9417262588461967,0.3348533818353114
5696,0.618,11,54,11,503999,101611,56786,51170,0.9412260550594687,0.3349238452425367
5697,0.6181,0,8,0,504007,101603,56786,51170,0.9411519507947682,0.3349413836214514
5698,0.6182,2,23,2,504030,101580,56788,51168,0.9409389010337544,0.3349831094351481
5699,0.6183,77,213,77,504243,101367,56865,51091,0.9389658749861054,0.33511524485432054
5700,0.6184,0,2,0,504245,101365,56865,51091,0.9389473489199304,0.33511964107676967
5701,0.6185,6,23,6,504268,101342,56871,51085,0.9387342991589166,0.3351440361615724
5702,0.6186,3,3,3,504271,101339,56874,51082,0.9387065100596539,0.33513754666351747
5703,0.6187,7,27,7,504298,101312,56881,51075,0.93845640816629,0.33516638558407214
5704,0.6188,6,17,6,504315,101295,56887,51069,0.9382989366038016,0.33517760100811217
5705,0.6189,1,0,1,504315,101295,56888,51068,0.9382989366038016,0.3351732375970544
5706,0.619,19,48,19,504363,101247,56907,51049,0.9378543110155989,0.3351959342333351
5707,0.6191,1,3,1,504366,101244,56908,51048,0.9378265219163363,0.33519817193286583
5708,0.6192,21,83,21,504449,101161,56929,51027,0.9370576901700692,0.3352892475096591
5709,0.6193,9,33,9,504482,101128,56938,51018,0.93675201007818,0.33532265061191224
5710,0.6194,1,3,1,504485,101125,56939,51017,0.9367242209789174,0.33532489384916725
5711,0.6195,5,26,5,504511,101099,56944,51012,0.9364833821186409,0.33536036184102397
5712,0.6196,3,14,3,504525,101085,56947,51009,0.9363536996554152,0.3353781214249083
5713,0.6197,4,17,4,504542,101068,56951,51005,0.9361962280929268,0.33539813116069256
5714,0.6198,3,12,3,504554,101056,56954,51002,0.9360850716958761,0.33541148772179036
5715,0.6199,2,3,2,504557,101053,56956,51000,0.9360572825966135,0.3354093638402399
5716,0.62,593,1929,593,506486,99124,57549,50407,0.9181888917707214,0.3371006680888913
5717,0.6201,1,5,1,506491,99119,57550,50406,0.9181425766052836,0.33710750710583515
5718,0.6202,5,13,5,506504,99106,57555,50401,0.9180221571751455,0.3371146501501602
5719,0.6203,7,25,7,506529,99081,57562,50394,0.9177905813479565,0.3371399899648771
5720,0.6204,1,3,1,506532,99078,57563,50393,0.917762792248694,0.3371423219219782
5721,0.6205,4,20,4,506552,99058,57567,50389,0.9175775315869428,0.3371696989568208
5722,0.6206,0,3,0,506555,99055,57567,50389,0.9175497424876802,0.33717646743930835
5723,0.6207,13,31,13,506586,99024,57580,50376,0.917262588461966,0.33718875502008033
5724,0.6208,18,75,18,506661,98949,57598,50358,0.9165678609803994,0.33727822540135427
5725,0.6209,1,5,1,506666,98944,57599,50357,0.9165215458149617,0.3372850818145893
5726,0.621,13,36,13,506702,98908,57612,50344,0.9161880766238097,0.3373087127810683
5727,0.6211,2,8,2,506710,98900,57614,50342,0.9161139723591093,0.33731791318797655
5728,0.6212,3,10,3,506720,98890,57617,50339,0.9160213420282337,0.33732719511623077
5729,0.6213,11,27,11,506747,98863,57628,50328,0.9157712401348698,0.33733938374298716
5730,0.6214,0,3,0,506750,98860,57628,50328,0.9157434510356071,0.3373461672520578
5731,0.6215,4,19,4,506769,98841,57632,50324,0.9155674534069436,0.33737136727784667
5732,0.6216,1,9,1,506778,98832,57633,50323,0.9154840861091555,0.33738728168683585
5733,0.6217,58,223,58,507001,98609,57691,50265,0.913418429730631,0.33763450971962866
5734,0.6218,5,15,5,507016,98594,57696,50260,0.9132794842343177,0.3376462842785548
5735,0.6219,3,5,3,507021,98589,57699,50257,0.91323316906888,0.33764427663491126
5736,0.622,18,62,18,507083,98527,57717,50239,0.9126588610174515,0.33770485191508814
5737,0.6221,3,8,3,507091,98519,57720,50236,0.9125847567527511,0.3377096568182582
5738,0.6222,5,13,5,507104,98506,57725,50231,0.9124643373226129,0.3377169097131178
5739,0.6223,7,20,7,507124,98486,57732,50224,0.9122790766608618,0.33773115459619396
5740,0.6224,0,3,0,507127,98483,57732,50224,0.9122512875615991,0.3377379679503991
5741,0.6225,64,200,64,507327,98283,57796,50160,0.9103986809440884,0.3379074796386492
5742,0.6226,0,6,0,507333,98277,57796,50160,0.910343102745563,0.33792113826067627
5743,0.6227,8,42,8,507375,98235,57804,50152,0.9099540553558857,0.3379810899876674
5744,0.6228,2,6,2,507381,98229,57806,50150,0.9098984771573604,0.33798583357483203
5745,0.6229,0,7,0,507388,98222,57806,50150,0.9098336359257475,0.33800177931146036
5746,0.623,7,18,7,507406,98204,57813,50143,0.9096669013301716,0.3380115539916547
5747,0.6231,0,7,0,507413,98197,57813,50143,0.9096020600985587,0.33802750438182555
5748,0.6232,3,22,3,507435,98175,57816,50140,0.9093982733706325,0.33806425513265687
5749,0.6233,118,352,118,507787,97823,57934,50022,0.9061376857238134,0.3383408299232304
5750,0.6234,1,2,1,507789,97821,57935,50021,0.9061191596576383,0.3383409315350171
5751,0.6235,3,21,3,507810,97800,57938,50018,0.9059246359627997,0.3383755699576506
5752,0.6236,2,8,2,507818,97792,57940,50016,0.9058505316980993,0.33838493180342066
5753,0.6237,2,20,2,507838,97772,57942,50014,0.9056652710363482,0.3384217720217071
5754,0.6238,2,24,2,507862,97748,57944,50012,0.9054429582422469,0.33846778559826746
5755,0.6239,1,2,1,507864,97746,57945,50011,0.9054244321760717,0.3384678898461663
5756,0.624,20,53,20,507917,97693,57965,49991,0.9049334914224314,0.3384997697787167
5757,0.6241,1,4,1,507921,97689,57966,49990,0.9048964392900811,0.33850445899552406
5758,0.6242,25,102,25,508023,97587,57991,49965,0.9039516099151507,0.33862638256343525
5759,0.6243,10,31,10,508054,97556,58001,49955,0.9036644558894364,0.33865271064530783
5760,0.6244,0,2,0,508056,97554,58001,49955,0.9036459298232613,0.3386573022663024
5761,0.6245,6,18,6,508074,97536,58007,49949,0.9034791952276854,0.3386717293284063
5762,0.6246,2,3,2,508077,97533,58009,49947,0.9034514061284227,0.33866965012205047
5763,0.6247,6,27,6,508104,97506,58015,49941,0.9032013042350587,0.3387047549288897
5764,0.6248,2,15,2,508119,97491,58017,49939,0.9030623587387454,0.3387302448619684
5765,0.6249,2,2,2,508121,97489,58019,49937,0.9030438326725703,0.3387258692496575
5766,0.625,194,695,194,508816,96794,58213,49743,0.8966060246767201,0.3394569289667456
5767,0.6251,1,4,1,508820,96790,58214,49742,0.89656897254437,0.33946168754947725
5768,0.6252,2,15,2,508835,96775,58216,49740,0.8964300270480566,0.3394874244957854
5769,0.6253,5,30,5,508865,96745,58221,49735,0.89615213605543,0.3395344074276352
5770,0.6254,1,5,1,508870,96740,58222,49734,0.8961058208899922,0.339541488591832
5771,0.6255,8,19,8,508889,96721,58230,49726,0.8959298232613286,0.33954946157995725
5772,0.6256,3,5,3,508894,96716,58233,49723,0.8958835080958909,0.3395475249079822
5773,0.6257,8,29,8,508923,96687,58241,49715,0.8956148801363518,0.33957869428013276
5774,0.6258,16,72,16,508995,96615,58257,49699,0.8949479417540479,0.3396735787416105
5775,0.6259,0,7,0,509002,96608,58257,49699,0.894883100522435,0.33968983028836625
5776,0.626,23,75,23,509077,96533,58280,49676,0.8941883730408685,0.33976020628005116
5777,0.6261,0,7,0,509084,96526,58280,49676,0.8941235318092556,0.33977647364605135
5778,0.6262,2,14,2,509098,96512,58282,49674,0.8939938493460299,0.33979998084631907
5779,0.6263,2,22,2,509120,96490,58284,49672,0.8937900626181037,0.3398420930200736
5780,0.6264,0,6,0,509126,96484,58284,49672,0.8937344844195784,0.33985604422671667
5781,0.6265,4,23,4,509149,96461,58288,49668,0.8935214346585646,0.33989146575970547
5782,0.6266,0,2,0,509151,96459,58288,49668,0.8935029085923895,0.33989611776057815
5783,0.6267,119,355,119,509506,96104,58407,49549,0.8902145318463077,0.34018523477031026
5784,0.6268,6,21,6,509527,96083,58413,49543,0.8900200081514691,0.3402071058739511
5785,0.6269,0,13,0,509540,96070,58413,49543,0.8898995887213309,0.34023747879653604
5786,0.627,15,32,15,509572,96038,58428,49528,0.8896031716625292,0.34024428781446214
5787,0.6271,0,12,0,509584,96026,58428,49528,0.8894920152654785,0.34027233878835345
5788,0.6272,7,16,7,509600,96010,58435,49521,0.8893438067360777,0.34027801636764676
5789,0.6273,5,29,5,509629,95981,58440,49516,0.8890751787765386,0.34032316817528885
5790,0.6274,2,5,2,509634,95976,58442,49514,0.8890288636111008,0.34032579558732556
5791,0.6275,65,216,65,509850,95760,58507,49449,0.8870280484641891,0.3405367435902733
5792,0.6276,1,7,1,509857,95753,58508,49448,0.8869632072325763,0.3405486188111652
5793,0.6277,2,17,2,509874,95736,58510,49446,0.8868057356700878,0.3405794106707443
5794,0.6278,4,13,4,509887,95723,58514,49442,0.8866853162399496,0.34059174043330004
5795,0.6279,2,8,2,509895,95715,58516,49440,0.8866112119752492,0.340601426061796
5796,0.628,18,51,18,509946,95664,58534,49422,0.8861387972877839,0.34063934494024234
5797,0.6281,1,6,1,509952,95658,58535,49421,0.8860832190892586,0.3406488878473108
5798,0.6282,3,17,3,509969,95641,58538,49418,0.8859257475267701,0.3406751735500727
5799,0.6283,75,198,75,510167,95443,58613,49343,0.8840916669754344,0.34079952481593523
5800,0.6284,2,6,2,510173,95437,58615,49341,0.8840360887769091,0.3408045421265662
5801,0.6285,6,31,6,510204,95406,58621,49335,0.883748934751195,0.3408502083031069
5802,0.6286,0,6,0,510210,95400,58621,49335,0.8836933565526696,0.3408643382733962
5803,0.6287,8,19,8,510229,95381,58629,49327,0.8835173589240061,0.34087265389612187
5804,0.6288,7,22,7,510251,95359,58636,49320,0.8833135721960799,0.34089259671410505
5805,0.6289,2,5,2,510256,95354,58638,49318,0.8832672570306421,0.3408952665339527
5806,0.629,11,50,11,510306,95304,58649,49307,0.8828041053762644,0.3409629972823644
5807,0.6291,0,4,0,510310,95300,58649,49307,0.8827670532439141,0.34097242872060135
5808,0.6292,14,74,14,510384,95226,58663,49293,0.8820815887954352,0.3410831793743383
5809,0.6293,11,59,11,510443,95167,58674,49282,0.8815350698432695,0.34117231687308325
5810,0.6294,0,4,0,510447,95163,58674,49282,0.8814980177109193,0.3411817646855204
5811,0.6295,4,13,4,510460,95150,58678,49278,0.8813775982807811,0.3411942282659872
5812,0.6296,1,6,1,510466,95144,58679,49277,0.8813220200822557,0.3412038415465895
5813,0.6297,5,19,5,510485,95125,58684,49272,0.8811460224535922,0.3412259257463798
5814,0.6298,8,21,8,510506,95104,58692,49264,0.8809514987587536,0.3412390557464258
5815,0.6299,3,11,3,510517,95093,58695,49261,0.8808496053947905,0.3412513681643737
5816,0.63,585,1918,585,512435,93175,59280,48676,0.8630831079328616,0.34314879697710976
5817,0.6301,0,8,0,512443,93167,59280,48676,0.8630090036681611,0.3431681507018323
5818,0.6302,6,15,6,512458,93152,59286,48670,0.8628700581718478,0.3431766580643342
5819,0.6303,5,12,5,512470,93140,59291,48665,0.8627589017747972,0.3431825394027009
5820,0.6304,0,4,0,512474,93136,59291,48665,0.8627218496424469,0.34319222008307415
5821,0.6305,6,24,6,512498,93112,59297,48659,0.8624995368483456,0.3432225208258389
5822,0.6306,0,3,0,512501,93109,59297,48659,0.862471747749083,0.34322978387224196
5823,0.6307,9,32,9,512533,93077,59306,48650,0.8621753306902812,0.34326557395556245
5824,0.6308,24,63,24,512596,93014,59330,48626,0.8615917596057653,0.3433069754306693
5825,0.6309,0,2,0,512598,93012,59330,48626,0.8615732335395903,0.3433118230983211
5826,0.631,9,48,9,512646,92964,59339,48617,0.8611286079513876,0.34338647134855665
5827,0.6311,0,9,0,512655,92955,59339,48617,0.8610452406535997,0.34340830107648407
5828,0.6312,6,18,6,512673,92937,59345,48611,0.8608785060580236,0.34342413880803685
5829,0.6313,5,26,5,512699,92911,59350,48606,0.8606376671977473,0.34346403612286863
5830,0.6314,0,9,0,512708,92902,59350,48606,0.8605542998999592,0.343485880656924
5831,0.6315,7,11,7,512719,92891,59357,48599,0.8604524065359962,0.3434801046010319
5832,0.6317,68,184,68,512903,92707,59425,48531,0.8587480084478861,0.3436114926577833
5833,0.6318,4,14,4,512917,92693,59429,48527,0.8586183259846604,0.3436269650191191
5834,0.6319,2,5,2,512922,92688,59431,48525,0.8585720108192226,0.34362983577999195
5835,0.632,17,52,17,512974,92636,59448,48508,0.8580903330986698,0.34367737913053337
5836,0.6321,1,14,1,512988,92622,59449,48507,0.857960650635444,0.343706821418702
5837,0.6322,2,21,2,513009,92601,59451,48505,0.8577661269406054,0.34374867121171315
5838,0.6323,3,18,3,513027,92583,59454,48502,0.8575993923450295,0.3437785732005529
5839,0.6324,1,4,1,513031,92579,59455,48501,0.8575623402126792,0.34378366884037426
5840,0.6325,49,173,49,513204,92406,59504,48452,0.8559598354885324,0.343977622854222
5841,0.6326,2,10,2,513214,92396,59506,48450,0.8558672051576568,0.34399272964798433
5842,0.6327,10,33,10,513247,92363,59516,48440,0.8555615250657675,0.344026760793449
5843,0.6328,5,17,5,513264,92346,59521,48435,0.8554040535032791,0.3440450060732627
5844,0.6329,3,9,3,513273,92337,59524,48432,0.8553206862054912,0.3440530230377427
5845,0.633,13,30,13,513303,92307,59537,48419,0.8550427952128645,0.34406577320466725
5846,0.6331,0,4,0,513307,92303,59537,48419,0.8550057430805142,0.3440755532184022
5847,0.6332,4,23,4,513330,92280,59541,48415,0.8547926933195006,0.344113152564057
5848,0.6333,110,340,110,513670,91940,59651,48305,0.8516432620697321,0.3444329566116439
5849,0.6334,1,2,1,513672,91938,59652,48304,0.851624736003557,0.3444331940502845
5850,0.6335,7,42,7,513714,91896,59659,48297,0.8512356886138798,0.3445036485416533
5851,0.6336,1,5,1,513719,91891,59660,48296,0.8511893734484419,0.34451125995991067
5852,0.6337,9,19,9,513738,91872,59669,48287,0.8510133758197784,0.344515871260497
5853,0.6338,2,15,2,513753,91857,59671,48285,0.8508744303234651,0.34454339170270154
5854,0.6339,0,6,0,513759,91851,59671,48285,0.8508188521249398,0.3445581435177256
5855,0.634,20,65,20,513824,91786,59691,48265,0.8502167549742488,0.34462445823307225
5856,0.6341,0,3,0,513827,91783,59691,48265,0.8501889658749862,0.3446318405118245
5857,0.6342,25,71,25,513898,91712,59716,48240,0.8495312905257698,0.3446896078655539
5858,0.6343,7,34,7,513932,91678,59723,48233,0.8492163474007929,0.3447405850862334
5859,0.6344,1,3,1,513935,91675,59724,48232,0.8491885583015303,0.3447432937594259
5860,0.6345,5,22,5,513957,91653,59729,48227,0.8489847715736041,0.3447740920789248
5861,0.6346,0,8,0,513965,91645,59729,48227,0.8489106673089036,0.3447938114847861
5862,0.6347,5,16,5,513981,91629,59734,48222,0.8487624587795027,0.3448098333226076
5863,0.6348,3,16,3,513997,91613,59737,48219,0.8486142502501018,0.3448352308484467
5864,0.6349,1,3,1,514000,91610,59738,48218,0.8485864611508392,0.3448379437594759
5865,0.635,197,645,197,514645,90965,59935,48021,0.8426118048093668,0.345509619673924
5866,0.6351,1,12,1,514657,90953,59936,48020,0.8425006484123161,0.34553474415893737
5867,0.6352,1,14,1,514671,90939,59937,48019,0.8423709659490903,0.34556484693216655
5868,0.6353,5,24,5,514695,90915,59942,48014,0.8421486531549891,0.3456009904339627
5869,0.6354,3,6,3,514701,90909,59945,48011,0.8420930749564638,0.3456017852001152
5870,0.6355,5,19,5,514720,90890,59950,48006,0.8419170773278002,0.3456255039741965
5871,0.6356,1,7,1,514727,90883,59951,48005,0.8418522360961873,0.34563821208455736
5872,0.6357,2,27,2,514754,90856,59953,48003,0.8416021342028234,0.345695993777861
5873,0.6358,19,79,19,514833,90777,59972,47984,0.8408703545889066,0.3458032156009253
5874,0.6359,1,3,1,514836,90774,59973,47983,0.840842565489644,0.34580597735609736
5875,0.636,28,80,28,514916,90694,60001,47955,0.8401015228426396,0.3458733925235667
5876,0.6361,0,4,0,514920,90690,60001,47955,0.8400644707102893,0.3458833711998269
5877,0.6362,4,17,4,514937,90673,60005,47951,0.839906999147801,0.34590691366574333
5878,0.6363,7,30,7,514967,90643,60012,47944,0.8396291081551743,0.34594875421215554
5879,0.6364,1,4,1,514971,90639,60013,47943,0.8395920560228242,0.34595402000259773
5880,0.6365,9,12,9,514983,90627,60022,47934,0.8394808996257734,0.3459414986901076
5881,0.6366,0,2,0,514985,90625,60022,47934,0.8394623735595984,0.34594649210805506
5882,0.6367,99,336,99,515321,90289,60121,47835,0.8363499944421802,0.3463192493701312
5883,0.6368,5,13,5,515334,90276,60126,47830,0.836229575012042,0.34632818270024474
5884,0.6369,0,4,0,515338,90272,60126,47830,0.8361925228796917,0.3463382137840147
5885,0.637,14,41,14,515379,90231,60140,47816,0.835812738523102,0.34637478539917566
5886,0.6371,1,11,1,515390,90220,60141,47815,0.835710845159139,0.3463976527692252
5887,0.6372,2,20,2,515410,90200,60143,47813,0.8355255844973878,0.3464383789932832
5888,0.6373,10,33,10,515443,90167,60153,47803,0.8352199044054985,0.3464738711314054
5889,0.6374,5,5,5,515448,90162,60158,47798,0.8351735892400608,0.34646274282400696
5890,0.6375,69,202,69,515650,89960,60227,47729,0.8333024565563748,0.34664352272149557
5891,0.6376,1,7,1,515657,89953,60228,47728,0.8332376153247619,0.3466564013916227
5892,0.6377,6,22,6,515679,89931,60234,47722,0.8330338285968357,0.3466833269162314
5893,0.6378,3,20,3,515699,89911,60237,47719,0.8328485679350847,0.3467194652328707
5894,0.6379,4,13,4,515712,89898,60241,47715,0.8327281485049465,0.3467332301454078
5895,0.638,16,56,16,515768,89842,60257,47699,0.8322094186520435,0.34679840920161986
5896,0.6381,1,4,1,515772,89838,60258,47698,0.8321723665196932,0.34680374592833874
5897,0.6382,4,15,4,515787,89823,60262,47694,0.8320334210233798,0.34682257466349614
5898,0.6383,65,164,65,515951,89659,60327,47629,0.8305142835970211,0.3469276265951868
5899,0.6384,2,2,2,515953,89657,60329,47627,0.8304957575308459,0.34692316657440053
5900,0.6385,7,24,7,515977,89633,60336,47620,0.8302734447367446,0.3469505220286624
5901,0.6386,4,7,4,515984,89626,60340,47616,0.8302086035051317,0.3469491846519287
5902,0.6387,3,25,3,516009,89601,60343,47613,0.8299770276779429,0.34699811972539246
5903,0.6388,4,15,4,516024,89586,60347,47609,0.8298380821816296,0.34701701957068404
5904,0.6389,3,2,3,516026,89584,60350,47606,0.8298195561154544,0.3470077994022888
5905,0.639,17,41,17,516067,89543,60367,47589,0.8294397717588647,0.34703059825569527
5906,0.6391,3,6,3,516073,89537,60370,47586,0.8293841935603394,0.3470314972688754
5907,0.6392,27,81,27,516154,89456,60397,47559,0.8286338878802475,0.34710798087800604
5908,0.6393,11,32,11,516186,89424,60408,47548,0.8283374708214458,0.3471366410653272
5909,0.6394,1,3,1,516189,89421,60409,47547,0.8283096817221831,0.34713947783423865
5910,0.6395,7,27,7,516216,89394,60416,47540,0.8280595798288192,0.3471745512436648
5911,0.6396,3,2,3,516218,89392,60419,47537,0.828041053762644,0.34716531925304356
5912,0.6397,4,18,4,516236,89374,60423,47533,0.8278743191670681,0.34719188938476486
5913,0.6398,6,20,6,516256,89354,60429,47527,0.8276890585053169,0.347214003404417
5914,0.6399,1,3,1,516259,89351,60430,47526,0.8276612694060543,0.347216844320083
5915,0.64,585,1813,585,518072,87538,61015,46941,0.8108673904183186,0.34905821726812364
5916,0.6401,0,4,0,518076,87534,61015,46941,0.8108303382859684,0.3490686001115449
5917,0.6402,2,16,2,518092,87518,61017,46939,0.8106821297565675,0.3491004559078367
5918,0.6403,3,17,3,518109,87501,61020,46936,0.810524658194079,0.3491300757975855
5919,0.6404,2,4,2,518113,87497,61022,46934,0.8104876060617289,0.3491307808466797
5920,0.6405,5,27,5,518140,87470,61027,46929,0.8102375041683649,0.3491767051838183
5921,0.6406,1,6,1,518146,87464,61028,46928,0.8101819259698395,0.3491874516340258
5922,0.6407,9,33,9,518179,87431,61037,46919,0.8098762458779503,0.34922962411611463
5923,0.6408,19,88,19,518267,87343,61056,46900,0.8090610989662456,0.34936644741252804
5924,0.6409,0,5,0,518272,87338,61056,46900,0.8090147838008077,0.34937946036144757
5925,0.641,13,44,13,518316,87294,61069,46887,0.8086072103449553,0.3494309924654012
5926,0.6411,1,6,1,518322,87288,61070,46886,0.80855163214643,0.34944176964240464
5927,0.6412,4,16,4,518338,87272,61074,46882,0.8084034236170292,0.34946404877976056
5928,0.6413,6,27,6,518365,87245,61080,46876,0.8081533217236652,0.3495052974552829
5929,0.6414,1,9,1,518374,87236,61081,46875,0.8080699544258773,0.3495239018425036
5930,0.6415,5,19,5,518393,87217,61086,46870,0.8078939567972137,0.34954917329793345
5931,0.6416,0,2,0,518395,87215,61086,46870,0.8078754307310386,0.34955438714248427
5932,0.6417,52,195,52,518590,87020,61138,46818,0.8060691392789655,0.34981096549559915
5933,0.6418,4,23,4,518613,86997,61142,46814,0.8058560895179517,0.34985165644080085
5934,0.6419,3,7,3,518620,86990,61145,46811,0.8057912482863389,0.34985538224676943
5935,0.642,8,45,8,518665,86945,61153,46803,0.805374411797399,0.3499342046236205
5936,0.6421,3,5,3,518670,86940,61156,46800,0.8053280966319611,0.34993270524899056
5937,0.6422,1,11,1,518681,86929,61157,46799,0.8052262032679981,0.3499566283799952
5938,0.6423,6,23,6,518704,86906,61163,46793,0.8050131535069843,0.3499876588456159
5939,0.6424,1,8,1,518712,86898,61164,46792,0.8049390492422839,0.350003739995512
5940,0.6425,48,172,48,518884,86726,61212,46744,0.8033458075512245,0.3502210234509628
5941,0.6426,0,3,0,518887,86723,61212,46744,0.8033180184519619,0.35022889553222897
5942,0.6427,5,37,5,518924,86686,61217,46739,0.8029752862277224,0.3503016676035226
5943,0.6428,3,5,3,518929,86681,61220,46736,0.8029289710622847,0.35030018663288787
5944,0.6429,4,7,4,518936,86674,61224,46732,0.8028641298306718,0.35029908699758633
5945,0.643,13,33,13,518969,86641,61237,46719,0.8025584497387824,0.35032243551289743
5946,0.6431,3,6,3,518975,86635,61240,46716,0.8025028715402571,0.3503235821253684
5947,0.6432,2,12,2,518987,86623,61242,46714,0.8023917151432065,0.35034536550244866
5948,0.6433,116,323,116,519310,86300,61358,46598,0.7993997554559265,0.3506298063176271
5949,0.6434,0,4,0,519314,86296,61358,46598,0.7993627033235763,0.3506403599861544
5950,0.6435,9,31,9,519345,86265,61367,46589,0.7990755492978621,0.3506781880861698
5951,0.6436,3,5,3,519350,86260,61370,46586,0.7990292341324243,0.35067672342411516
5952,0.6437,4,18,4,519368,86242,61374,46582,0.7988624995368483,0.3507046919231464
5953,0.6438,8,33,8,519401,86209,61382,46574,0.798556819444959,0.35075273190092104
5954,0.6439,2,14,2,519415,86195,61384,46572,0.7984271369817333,0.35077993778574496
5955,0.644,22,82,22,519497,86113,61406,46550,0.7976675682685539,0.3508890949247341
5956,0.6441,1,0,1,519497,86113,61407,46549,0.7976675682685539,0.35088420195685277
5957,0.6442,24,73,24,519570,86040,61431,46525,0.7969913668531624,0.3509599064609814
5958,0.6443,7,31,7,519601,86009,61438,46518,0.7967042128274482,0.35100771918175167
5959,0.6444,0,5,0,519606,86004,61438,46518,0.7966578976620105,0.3510209625571603
5960,0.6445,3,13,3,519619,85991,61441,46515,0.7965374782318723,0.3510407075905997
5961,0.6446,2,7,2,519626,85984,61443,46513,0.7964726370002594,0.3510494577235711
5962,0.6447,7,22,7,519648,85962,61450,46506,0.7962688502723332,0.35107346679952894
5963,0.6448,3,14,3,519662,85948,61453,46503,0.7961391678091074,0.35109587696582134
5964,0.6449,2,4,2,519666,85944,61455,46501,0.7961021156767571,0.3510966816414361
5965,0.645,189,617,189,520283,85327,61644,46312,0.7903868242617362,0.3518106336268127
5966,0.6451,1,3,1,520286,85324,61645,46311,0.7903590351624736,0.351813727352148
5967,0.6452,2,11,2,520297,85313,61647,46309,0.7902571417985105,0.3518332801507347
5968,0.6453,5,25,5,520322,85288,61652,46304,0.7900255659713217,0.35187549395100004
5969,0.6454,1,10,1,520332,85278,61653,46303,0.7899329356404461,0.3518973104019577
5970,0.6455,4,23,4,520355,85255,61657,46299,0.7897198858794323,0.3519391276586041
5971,0.6456,0,3,0,520358,85252,61657,46299,0.7896920967801697,0.3519471535754194
5972,0.6457,10,32,10,520390,85220,61667,46289,0.7893956797213679,0.35198351443627435
5973,0.6458,15,77,15,520467,85143,61682,46274,0.7886824261736263,0.352115784107079
5974,0.646,15,73,15,520540,85070,61697,46259,0.7880062247582348,0.3522375103747078
5975,0.6461,2,7,2,520547,85063,61699,46257,0.7879413835266219,0.35224642095644226
5976,0.6462,6,21,6,520568,85042,61705,46251,0.7877468598317833,0.3522731600313802
5977,0.6463,5,26,5,520594,85016,61710,46246,0.7875060209715069,0.352318264234889
5978,0.6464,1,6,1,520600,85010,61711,46245,0.7874504427729816,0.3523294350691402
5979,0.6465,9,21,9,520621,84989,61720,46236,0.787255919078143,0.3523413983615927
5980,0.6466,2,4,2,520625,84985,61722,46234,0.7872188669457927,0.3523422675069921
5981,0.6467,106,317,106,520942,84668,61828,46128,0.784282485457038,0.35267133551484753
5982,0.6468,10,22,10,520964,84646,61838,46118,0.7840786987291118,0.3526811660701722
5983,0.6469,1,8,1,520972,84638,61839,46117,0.7840045944644114,0.35269779358341935
5984,0.647,7,24,7,520996,84614,61846,46110,0.7837822816703102,0.35272788470365046
5985,0.6471,1,7,1,521003,84607,61847,46109,0.7837174404386973,0.3527418219651764
5986,0.6472,4,14,4,521017,84593,61851,46105,0.7835877579754715,0.3527597973955225
5987,0.6473,7,20,7,521037,84573,61858,46098,0.7834024973137204,0.35277911701907844
5988,0.6474,1,4,1,521041,84569,61859,46097,0.7833654451813702,0.3527849631885877
5989,0.6475,56,158,56,521199,84411,61915,46041,0.7819018859535366,0.35293441265752923
5990,0.6476,1,5,1,521204,84406,61916,46040,0.7818555707880989,0.35294298023703297
5991,0.6477,8,22,8,521226,84384,61924,46032,0.7816517840601727,0.35296282664703715
5992,0.6478,3,18,3,521244,84366,61927,46029,0.7814850494645967,0.35299666398251467
5993,0.6479,1,4,1,521248,84362,61928,46028,0.7814479973322465,0.3530025308689317
5994,0.648,14,37,14,521285,84325,61942,46014,0.7811052651080069,0.35303324407890196
5995,0.6481,1,2,1,521287,84323,61943,46013,0.7810867390418319,0.3530336975202553
5996,0.6482,3,16,3,521303,84307,61946,46010,0.780938530512431,0.35306214845338674
5997,0.6483,47,164,47,521467,84143,61993,45963,0.7794193930860721,0.35327348469709313
5998,0.6484,0,3,0,521470,84140,61993,45963,0.7793916039868094,0.3532816307079775
5999,0.6485,4,29,4,521499,84111,61997,45959,0.7791229760272703,0.3533405089567156
6000,0.6486,1,12,1,521511,84099,61998,45958,0.7790118196302197,0.35336813858538946
6001,0.6487,5,15,5,521526,84084,62003,45953,0.7788728741339064,0.3533840368510501
6002,0.6488,3,12,3,521538,84072,62006,45950,0.7787617177368558,0.35340173201458214
6003,0.6489,1,7,1,521545,84065,62007,45949,0.7786968765052429,0.35341578599227774
6004,0.649,11,39,11,521584,84026,62018,45938,0.7783356182148282,0.35346711397002245
6005,0.6491,1,6,1,521590,84020,62019,45937,0.7782800400163029,0.3534784582592704
6006,0.6492,15,65,15,521655,83955,62034,45922,0.7776779428656119,0.35358069558120375
6007,0.6493,7,41,7,521696,83914,62041,45915,0.7772981585090222,0.353657503331305
6008,0.6494,0,5,0,521701,83909,62041,45915,0.7772518433435844,0.35367112398323886
6009,0.6495,6,22,6,521723,83887,62047,45909,0.7770480566156582,0.35370119264075933
6010,0.6496,2,6,2,521729,83881,62049,45907,0.7769924784171329,0.35370758467654945
6011,0.6497,7,16,7,521745,83865,62056,45900,0.776844269887732,0.35371633337186453
6012,0.6498,3,17,3,521762,83848,62059,45897,0.7766867983252436,0.35374773594358166
6013,0.6499,0,6,0,521768,83842,62059,45897,0.7766312201267183,0.35376409560733474
6014,0.65,595,1731,595,523499,82111,62654,45302,0.760596909852162,0.35555241615847677
6015,0.6501,1,3,1,523502,82108,62655,45301,0.7605691207528993,0.35555572997198
6016,0.6502,4,20,4,523522,82088,62659,45297,0.7603838600911482,0.35559131765906504
6017,0.6503,1,23,1,523545,82065,62660,45296,0.7601708103301344,0.35565047384992265
6018,0.6504,0,12,0,523557,82053,62660,45296,0.7600596539330838,0.3556839865252181
6019,0.6505,1,19,1,523576,82034,62661,45295,0.7598836563044203,0.35573200135083133
6020,0.6506,1,3,1,523579,82031,62662,45294,0.7598558672051576,0.35573532299234245
6021,0.6507,5,30,5,523609,82001,62667,45289,0.759577976212531,0.3557938565480399
6022,0.6508,15,65,15,523674,81936,62682,45274,0.75897587906184,0.35589969342032857
6023,0.6509,2,2,2,523676,81934,62684,45272,0.7589573529956649,0.3558951621778847
6024,0.651,12,48,12,523724,81886,62696,45260,0.7585127274074623,0.35596872886288206
6025,0.6511,0,6,0,523730,81880,62696,45260,0.7584571492089369,0.35598552776466885
6026,0.6512,3,18,3,523748,81862,62699,45257,0.758290414613361,0.3560207364752712
6027,0.6513,4,21,4,523769,81841,62703,45253,0.7580958909185224,0.3560592946952649
6028,0.6514,0,4,0,523773,81837,62703,45253,0.7580588387861722,0.35607050121960815
6029,0.6515,4,22,4,523795,81815,62707,45249,0.757855052058246,0.35611188062708554
6030,0.6516,1,1,1,523796,81814,62708,45248,0.7578457890251584,0.35610961577812406
6031,0.6517,50,178,50,523974,81636,62758,45198,0.7561969691355738,0.3563555513505842
6032,0.6518,7,16,7,523990,81620,62765,45191,0.7560487606061729,0.3563649841102113
6033,0.6519,1,7,1,523997,81613,62766,45190,0.75598391937456,0.35637958092474153
6034,0.652,13,34,13,524031,81579,62779,45177,0.7556689762495832,0.35640916406323964
6035,0.6521,4,7,4,524038,81572,62783,45173,0.7556041350179703,0.3564085368259103
6036,0.6522,4,21,4,524059,81551,62787,45169,0.7554096113231317,0.35644728535353537
6037,0.6523,6,24,6,524083,81527,62793,45163,0.7551872985290303,0.3564843318336096
6038,0.6524,4,6,4,524089,81521,62797,45159,0.755131720330505,0.3564808967477108
6039,0.6525,49,145,49,524234,81376,62846,45110,0.7537885805328096,0.35664026058219883
6040,0.6526,4,13,4,524247,81363,62850,45106,0.7536681611026714,0.3566565719662526
6041,0.6527,10,37,10,524284,81326,62860,45096,0.7533254288784319,0.35671006628593127
6042,0.6528,1,12,1,524296,81314,62861,45095,0.7532142724813813,0.3567388397977992
6043,0.6529,2,8,2,524304,81306,62863,45093,0.7531401682166808,0.3567512401205706
6044,0.653,11,41,11,524345,81265,62874,45082,0.7527603838600911,0.35681100461427656
6045,0.6531,1,3,1,524348,81262,62875,45081,0.7527325947608284,0.3568143862342987
6046,0.6532,3,25,3,524373,81237,62878,45078,0.7525010189336396,0.3568697304358152
6047,0.6533,98,344,98,524717,80893,62976,44980,0.7493145355515209,0.3573443073574158
6048,0.6534,3,4,3,524721,80889,62979,44977,0.7492774834191708,0.35734034608234155
6049,0.6535,14,28,14,524749,80861,62993,44963,0.7490181184927193,0.35734835961342826
6050,0.6536,3,11,3,524760,80850,62996,44960,0.7489162251287561,0.3573642794690406
6051,0.6537,2,26,2,524786,80824,62998,44958,0.7486753862684797,0.35742793086451163
6052,0.6538,3,14,3,524800,80810,63001,44955,0.748545703805254,0.35745239136484713
6053,0.6539,0,1,0,524801,80809,63001,44955,0.7485364407721664,0.35745523361216247
6054,0.654,21,71,21,524872,80738,63022,44934,0.7478787654229501,0.3575498122095614
6055,0.6541,0,5,0,524877,80733,63022,44934,0.7478324502575123,0.3575640382916756
6056,0.6542,23,77,23,524954,80656,63045,44911,0.7471191967097707,0.3576656287081797
6057,0.6543,7,26,7,524980,80630,63052,44904,0.7468783578494942,0.3577038889862507
6058,0.6544,3,7,3,524987,80623,63055,44901,0.7468135166178813,0.35770848602657657
6059,0.6545,8,16,8,525003,80607,63063,44893,0.7466653080884805,0.3577131474103586
6060,0.6546,1,5,1,525008,80602,63064,44892,0.7466189929230427,0.35772228154334074
6061,0.6547,3,24,3,525032,80578,63067,44889,0.7463966801289414,0.3577753512875896
6062,0.6548,0,18,0,525050,80560,63067,44889,0.7462299455333654,0.35782668654194133
6063,0.6549,0,2,0,525052,80558,63067,44889,0.7462114194671904,0.35783239136846634
6064,0.655,184,593,184,525645,79965,63251,44705,0.7407184408462707,0.35858666880564694
6065,0.6551,3,5,3,525650,79960,63254,44702,0.740672125680833,0.3585856155043237
6066,0.6552,5,9,5,525659,79951,63259,44697,0.7405887583830449,0.3585857775495796
6067,0.6553,5,26,5,525685,79925,63264,44692,0.7403479195227686,0.35863485720246835
6068,0.6554,3,9,3,525694,79916,63267,44689,0.7402645522249806,0.35864531920869946
6069,0.6555,5,20,5,525714,79896,63272,44684,0.7400792915632295,0.3586771552416118
6070,0.6556,0,3,0,525717,79893,63272,44684,0.7400515024639668,0.35868579272257317
6071,0.6557,9,20,9,525737,79873,63281,44675,0.7398662418022157,0.35869704852747536
6072,0.6558,21,79,21,525816,79794,63302,44654,0.7391344621882989,0.3588165338133196
6073,0.6559,1,3,1,525819,79791,63303,44653,0.7391066730890363,0.3588200315001125
6074,0.656,15,92,15,525911,79699,63318,44638,0.7382544740449812,0.3590081793834498
6075,0.6561,0,3,0,525914,79696,63318,44638,0.7382266849457186,0.3590168417327521
6076,0.6562,4,14,4,525928,79682,63322,44634,0.7380970024824929,0.35903664854081535
6077,0.6563,5,23,5,525951,79659,63327,44629,0.7378839527214791,0.3590773043254377
6078,0.6564,1,1,1,525952,79658,63328,44628,0.7378746896883915,0.3590750366091112
6079,0.6565,3,23,3,525975,79635,63331,44625,0.7376616399273778,0.3591260260743602
6080,0.6566,2,1,2,525976,79634,63333,44623,0.7376523768942903,0.3591186009641308
6081,0.6567,117,346,117,526322,79288,63450,44506,0.7344473674459965,0.3595166163141994
6082,0.6568,8,14,8,526336,79274,63458,44498,0.7343176849827707,0.3595158840448567
6083,0.6569,2,2,2,526338,79272,63460,44496,0.7342991589165957,0.35951134380453753
6084,0.657,7,29,7,526367,79243,63467,44489,0.7340305309570566,0.3595593702518346
6085,0.6571,6,15,6,526382,79228,63473,44483,0.7338915854607433,0.35957190548940676
6086,0.6572,3,12,3,526394,79216,63476,44480,0.7337804290636926,0.3595912559824085
6087,0.6573,7,28,7,526422,79188,63483,44473,0.733521064137241,0.35963642538876445
6088,0.6574,0,10,0,526432,79178,63483,44473,0.7334284338063656,0.3596655101859265
6089,0.6575,49,163,49,526595,79015,63532,44424,0.7319185594130942,0.3598862596100098
6090,0.6576,1,3,1,526598,79012,63533,44423,0.7318907703138315,0.3598898205533277
6091,0.6577,3,18,3,526616,78994,63536,44420,0.7317240357182556,0.35992675061176205
6092,0.6578,6,12,6,526628,78982,63542,44414,0.7316128793212049,0.35993062984213425
6093,0.6579,2,10,2,526638,78972,63544,44412,0.7315202489903294,0.3599494261816767
6094,0.658,21,42,21,526680,78930,63565,44391,0.7311312016006521,0.35996302332936
6095,0.6581,0,2,0,526682,78928,63565,44391,0.731112675534477,0.3599688612460367
6096,0.6582,4,26,4,526708,78902,63569,44387,0.7308718366742006,0.36002400863012923
6097,0.6583,54,156,54,526864,78746,63623,44333,0.7294268035125422,0.3601995466326506
6098,0.6585,10,26,10,526890,78720,63633,44323,0.7291859646522657,0.36022366164674136
6099,0.6586,5,3,5,526893,78717,63638,44318,0.7291581755530031,0.3602064453204373
6100,0.6587,3,17,3,526910,78700,63641,44315,0.7290007039905146,0.36024062106247207
6101,0.6588,6,13,6,526923,78687,63647,44309,0.7288802845603765,0.360247487723178
6102,0.6589,1,16,1,526939,78671,63648,44308,0.7287320760309756,0.36028915505899384
6103,0.659,14,35,14,526974,78636,63662,44294,0.7284078698729112,0.3603188806637924
6104,0.6591,0,8,0,526982,78628,63662,44294,0.7283337656082107,0.3603423309090317
6105,0.6592,27,77,27,527059,78551,63689,44267,0.7276205120604691,0.3604276246152844
6106,0.6593,8,36,8,527095,78515,63697,44259,0.7272870428693171,0.36049163503673415
6107,0.6594,0,5,0,527100,78510,63697,44259,0.7272407277038794,0.3605063167411969
6108,0.6595,3,10,3,527110,78500,63700,44256,0.7271480973730038,0.3605200560461403
6109,0.6596,2,3,2,527113,78497,63702,44254,0.7271203082737412,0.3605184479148846
6110,0.6597,1,11,1,527124,78486,63703,44253,0.727018414909778,0.3605455478698702
6111,0.6598,4,20,4,527144,78466,63707,44249,0.726833154248027,0.3605834657539828
6112,0.6599,2,4,2,527148,78462,63709,44247,0.7267961021156768,0.36058479818106254
6113,0.66,587,1663,587,528811,76799,64296,43660,0.7113916780910742,0.36244697365908735
6114,0.6601,4,7,4,528818,76792,64300,43656,0.7113268368594613,0.3624468650371945
6115,0.6602,4,16,4,528834,76776,64304,43652,0.7111786283300604,0.3624738432922576
6116,0.6603,4,19,4,528853,76757,64308,43648,0.7110026307013969,0.3625098625472364
6117,0.6604,3,10,3,528863,76747,64311,43645,0.7109100003705213,0.3625240879792677
6118,0.6605,5,21,5,528884,76726,64316,43640,0.7107154766756827,0.36256085605569677
6119,0.6606,3,12,3,528896,76714,64319,43637,0.7106043202786321,0.36258111689973493
6120,0.6607,8,26,8,528922,76688,64327,43629,0.7103634814183556,0.36261708652975055
6121,0.6608,16,72,16,528994,76616,64343,43613,0.7096965430360517,0.362749419857106
6122,0.6609,1,8,1,529002,76608,64344,43612,0.7096224387713513,0.36276825819331227
6123,0.661,10,46,10,529048,76562,64354,43602,0.7091963392493238,0.3628540993974901
6124,0.6611,4,5,4,529053,76557,64358,43598,0.709150024083886,0.36284798801548
6125,0.6612,3,12,3,529065,76545,64361,43595,0.7090388676868353,0.3628683202929915
6126,0.6613,7,15,7,529080,76530,64368,43588,0.7088999221905221,0.3628765047703092
6127,0.6614,2,6,2,529086,76524,64370,43586,0.7088443439919967,0.36288402297893596
6128,0.6615,6,7,6,529093,76517,64376,43580,0.7087795027603838,0.3628733440468954
6129,0.6616,0,3,0,529096,76514,64376,43580,0.7087517136611212,0.36288240877978917
6130,0.6617,55,182,55,529278,76332,64431,43525,0.7070658416391863,0.36314107644943555
6131,0.6618,6,13,6,529291,76319,64437,43519,0.7069454222090481,0.3631485839216275
6132,0.6619,2,4,2,529295,76315,64439,43517,0.7069083700766979,0.36315007677415045
6133,0.662,9,38,9,529333,76277,64448,43508,0.7065563748193708,0.36321743123095546
6134,0.6621,2,8,2,529341,76269,64450,43506,0.7064822705546704,0.3632310582341891
6135,0.6622,4,9,4,529350,76260,64454,43502,0.7063989032568825,0.36323708688899653
6136,0.6623,3,20,3,529370,76240,64457,43499,0.7062136425951313,0.3632818045916535
6137,0.6624,3,11,3,529381,76229,64460,43496,0.7061117492311683,0.3632992273961161
6138,0.6625,49,152,49,529533,76077,64509,43447,0.70470376820186,0.3635002175295338
6139,0.6626,2,5,2,529538,76072,64511,43445,0.7046574530364222,0.36350477337951925
6140,0.6627,10,37,10,529575,76035,64521,43435,0.7043147208121827,0.3635640746630953
6141,0.6628,6,11,6,529586,76024,64527,43429,0.7042128274482197,0.3635655864649695
6142,0.6629,4,9,4,529595,76015,64531,43425,0.7041294601504317,0.3635716677829873
6143,0.663,6,22,6,529617,75993,64537,43419,0.7039256734225054,0.36360667269621144
6144,0.6631,2,1,2,529618,75992,64539,43417,0.7039164103894179,0.3635990586974181
6145,0.6632,6,12,6,529630,75980,64545,43411,0.7038052539923673,0.3636036217135295
6146,0.6633,97,288,97,529918,75692,64642,43314,0.7011375004631517,0.36396484210880126
6147,0.6634,0,2,0,529920,75690,64642,43314,0.7011189743969766,0.3639709589593627
6148,0.6635,5,30,5,529950,75660,64647,43309,0.7008410834043499,0.36403600938059494
6149,0.6636,3,3,3,529953,75657,64650,43306,0.7008132943050872,0.36402915192118557
6150,0.6637,3,28,3,529981,75629,64653,43303,0.7005539293786357,0.36409881276695927
6151,0.6638,7,8,7,529989,75621,64660,43296,0.7004798251139354,0.36408587502207423
6152,0.6639,2,1,2,529990,75620,64662,43294,0.7004705620808478,0.36407824141816775
6153,0.664,30,84,30,530074,75536,64692,43264,0.6996924673014931,0.36417508417508415
6154,0.6641,1,0,1,530074,75536,64693,43263,0.6996924673014931,0.36416973206845177
6155,0.6642,19,83,19,530157,75453,64712,43244,0.6989236355552262,0.3643226029301499
6156,0.6643,2,30,2,530187,75423,64714,43242,0.6986457445625995,0.36440399443812416
6157,0.6644,1,3,1,530190,75420,64715,43241,0.6986179554633369,0.364407850936702
6158,0.6645,6,25,6,530215,75395,64721,43235,0.698386379636148,0.3644524993677822
6159,0.6646,3,7,3,530222,75388,64724,43232,0.6983215384045351,0.3644579328949587
6160,0.6647,6,13,6,530235,75375,64730,43226,0.698201118974397,0.3644657296312847
6161,0.6648,6,15,6,530250,75360,64736,43220,0.6980621734780836,0.3644796761679879
6162,0.6649,1,3,1,530253,75357,64737,43219,0.698034384378821,0.36448353798407773
6163,0.665,204,537,204,530790,74820,64941,43015,0.6930601356108044,0.3650443416641915
6164,0.6651,0,9,0,530799,74811,64941,43015,0.6929767683130165,0.3650722251455536
6165,0.6652,7,17,7,530816,74794,64948,43008,0.692819296750528,0.36508718018369807
6166,0.6653,8,27,8,530843,74767,64956,43000,0.6925691948571641,0.3651277522565744
6167,0.6654,0,3,0,530846,74764,64956,43000,0.6925414057579014,0.36513705376855404
6168,0.6655,2,17,2,530863,74747,64958,42998,0.692383934195413,0.36517898849208036
6169,0.6656,0,6,0,530869,74741,64958,42998,0.6923283559968876,0.3651975980771027
6170,0.6657,6,22,6,530891,74719,64964,42992,0.6921245692689614,0.36523349559514406
6171,0.6658,25,66,25,530957,74653,64989,42967,0.6915132090851829,0.3653035198095562
6172,0.6659,0,3,0,530960,74650,64989,42967,0.6914854199859202,0.36531283742996334
6173,0.666,24,73,24,531033,74577,65013,42943,0.6908092185705287,0.3654101429543907
6174,0.6661,3,6,3,531039,74571,65016,42940,0.6907536403720034,0.3654125996715201
6175,0.6662,4,23,4,531062,74548,65020,42936,0.6905405906109897,0.3654625310680603
6176,0.6663,3,22,3,531084,74526,65023,42933,0.6903368038830635,0.3655147753684264
6177,0.6664,0,7,0,531091,74519,65023,42933,0.6902719626514506,0.3655365596158431
6178,0.6665,3,15,3,531106,74504,65026,42930,0.6901330171551373,0.3655670419129043
6179,0.6666,0,1,0,531107,74503,65026,42930,0.6901237541220497,0.3655701548968348
6180,0.6667,110,302,110,531409,74201,65136,42820,0.6873263181296083,0.36591722853163106
6181,0.6668,3,10,3,531419,74191,65139,42817,0.6872336877987328,0.3659322439491317
6182,0.6669,1,6,1,531425,74185,65140,42816,0.6871781096002075,0.3659455902086307
6183,0.667,8,28,8,531453,74157,65148,42808,0.686918744673756,0.3659898260163297
6184,0.6671,6,10,6,531463,74147,65154,42802,0.6868261143428804,0.36598859331845507
6185,0.6672,4,23,4,531486,74124,65158,42798,0.6866130645818667,0.36603889772668957
6186,0.6673,7,27,7,531513,74097,65165,42791,0.6863629626885027,0.3660854835397988
6187,0.6674,1,3,1,531516,74094,65166,42790,0.68633517358924,0.3660894562129975
6188,0.6675,55,138,55,531654,73956,65221,42735,0.6850568750231576,0.36622361621718896
6189,0.6676,1,7,1,531661,73949,65222,42734,0.6849920337915447,0.3662401549497356
6190,0.6677,7,32,7,531693,73917,65229,42727,0.6846956167327429,0.36630259593292414
6191,0.6678,7,10,7,531703,73907,65236,42720,0.6846029864018675,0.3662959692009569
6192,0.6679,0,9,0,531712,73898,65236,42720,0.6845196191040794,0.36632423811075476
6193,0.668,13,47,13,531759,73851,65249,42707,0.6840842565489644,0.3664012766176496
6194,0.6681,0,6,0,531765,73845,65249,42707,0.6840286783504391,0.3664201386505594
6195,0.6682,4,20,4,531785,73825,65253,42703,0.683843417688688,0.3664612796924344
6196,0.6683,64,150,64,531935,73675,65317,42639,0.6824539627255548,0.3665852777825541
6197,0.6684,2,5,2,531940,73670,65319,42637,0.6824076475601171,0.3665901450471597
6198,0.6685,6,28,6,531968,73642,65325,42631,0.6821482826336656,0.36664573890757096
6199,0.6686,2,4,2,531972,73638,65327,42629,0.6821112305013154,0.366647458006141
6200,0.6687,8,22,8,531994,73616,65335,42621,0.6819074437733892,0.36667326238633136
6201,0.6688,3,11,3,532005,73605,65338,42618,0.681805550409426,0.36669161869853645
6202,0.6689,1,1,1,532006,73604,65339,42617,0.6817962873763385,0.36668932464872955
6203,0.669,16,21,16,532027,73583,65355,42601,0.6816017636814998,0.36666838807408936
6204,0.6691,1,9,1,532036,73574,65356,42600,0.6815183963837119,0.3666913422968995
6205,0.6692,17,56,17,532092,73518,65373,42583,0.6809996665308089,0.3667754799700261
6206,0.6693,6,35,6,532127,73483,65379,42577,0.6806754603727444,0.36685335171463035
6207,0.6694,1,3,1,532130,73480,65380,42576,0.6806476712734818,0.3668573791962501
6208,0.6695,4,13,4,532143,73467,65384,42572,0.6805272518433436,0.3668766535388964
6209,0.6696,1,3,1,532146,73464,65385,42571,0.6804994627440809,0.3668806825526781
6210,0.6697,1,24,1,532170,73440,65386,42570,0.6802771499499797,0.3669511249030256
6211,0.6698,3,17,3,532187,73423,65389,42567,0.6801196783874912,0.36698853349426674
6212,0.6699,0,3,0,532190,73420,65389,42567,0.6800918892882285,0.3669980256408046
6213,0.67,624,1558,624,533748,71862,66013,41943,0.6656600837378192,0.3685514696190853
6214,0.6701,2,6,2,533754,71856,66015,41941,0.6656045055392937,0.36855980386126175
6215,0.6702,5,14,5,533768,71842,66020,41936,0.665474823076068,0.3685774051222556
6216,0.6703,6,25,6,533793,71817,66026,41930,0.6652432472488792,0.36862510659621794
6217,0.6704,0,4,0,533797,71813,66026,41930,0.665206195116529,0.3686380700350791
6218,0.6705,2,13,2,533810,71800,66028,41928,0.6650857756863907,0.3686691052335397
6219,0.6706,0,6,0,533816,71794,66028,41928,0.6650301974878654,0.36868855630396935
6220,0.6707,10,31,10,533847,71763,66038,41918,0.6647430434621513,0.36873356145705966
6221,0.6708,23,71,23,533918,71692,66061,41895,0.664085368112935,0.36883622245503445
6222,0.6709,1,2,1,533920,71690,66062,41894,0.6640668420467598,0.3688371601634033
6223,0.671,15,46,15,533966,71644,66077,41879,0.6636407425247323,0.3689032178501273
6224,0.6711,1,3,1,533969,71641,66078,41878,0.6636129534254697,0.36890740757053886
6225,0.6712,8,20,8,533989,71621,66086,41870,0.6634276927637186,0.3689279326113965
6226,0.6713,7,24,7,534013,71597,66093,41863,0.6632053799696173,0.3689670368411775
6227,0.6714,0,7,0,534020,71590,66093,41863,0.6631405387380044,0.3689898019444175
6228,0.6715,5,13,5,534033,71577,66098,41858,0.6630201193078662,0.36900427557632126
6229,0.6716,1,3,1,534036,71574,66099,41857,0.6629923302086035,0.3690084721107986
6230,0.6717,65,178,65,534214,71396,66164,41792,0.6613435103190188,0.3692264197618122
6231,0.6718,4,16,4,534230,71380,66168,41788,0.6611953017896179,0.36925632687685567
6232,0.6719,0,4,0,534234,71376,66168,41788,0.6611582496572678,0.3692693789544378
6233,0.672,13,39,13,534273,71337,66181,41775,0.6607969913668532,0.36932420963293017
6234,0.6721,5,9,5,534282,71328,66186,41770,0.6607136240690652,0.36932571751931953
6235,0.6722,1,12,1,534294,71316,66187,41769,0.6606024676720145,0.3693593314763231
6236,0.6723,8,39,8,534333,71277,66195,41761,0.6602412093815999,0.3694421345034413
6237,0.6724,6,7,6,534340,71270,66201,41755,0.660176368149987,0.3694315416943154
6238,0.6725,52,146,52,534486,71124,66253,41703,0.6588239653192042,0.3696189741817118
6239,0.6726,1,3,1,534489,71121,66254,41702,0.6587961762199415,0.3696232151245757
6240,0.6727,9,28,9,534517,71093,66263,41693,0.65853681129349,0.36966467469366765
6241,0.6728,3,5,3,534522,71088,66266,41690,0.6584904961280522,0.36966429622798774
6242,0.6729,4,15,4,534537,71073,66270,41686,0.6583515506317389,0.3696911111308188
6243,0.673,14,30,14,534567,71043,66284,41672,0.6580736596391122,0.36971121856008515
6244,0.6732,5,15,5,534582,71028,66289,41667,0.6579347141427989,0.3697324637295355
6245,0.6733,103,312,103,534894,70716,66392,41564,0.655044647819482,0.37018168863555395
6246,0.6734,0,1,0,534895,70715,66392,41564,0.6550353847863944,0.37018498561618823
6247,0.6735,2,13,2,534908,70702,66394,41562,0.6549149653562563,0.37021663222404333
6248,0.6736,1,3,1,534911,70699,66395,41561,0.6548871762569936,0.370220915731338
6249,0.6737,5,16,5,534927,70683,66400,41556,0.6547389677275928,0.37024563654344744
6250,0.6738,6,27,6,534954,70656,66406,41550,0.6544888658342287,0.37030105341960323
6251,0.6739,2,5,2,534959,70651,66408,41548,0.654442550668791,0.37030633071596003
6252,0.674,20,62,20,535021,70589,66428,41528,0.6538682426173626,0.3703987798460537
6253,0.6741,0,3,0,535024,70586,66428,41528,0.6538404535180999,0.37040869115364716
6254,0.6742,23,59,23,535083,70527,66451,41505,0.6532939345659343,0.37047450728363324
6255,0.6743,14,37,14,535120,70490,66465,41491,0.6529512023416948,0.37051821291111886
6256,0.6744,0,6,0,535126,70484,66465,41491,0.6528956241431695,0.3705380665327082
6257,0.6745,5,18,5,535144,70466,66470,41486,0.6527288895475934,0.37056952979848506
6258,0.6746,0,3,0,535147,70463,66470,41486,0.6527011004483309,0.3705794602899535
6259,0.6747,8,28,8,535175,70435,66478,41478,0.6524417355218792,0.37062718361584446
6260,0.6748,8,20,8,535195,70415,66486,41470,0.6522564748601282,0.3706484336595612
6261,0.6749,1,4,1,535199,70411,66487,41469,0.652219422727778,0.37065606006435464
6262,0.675,200,576,200,535775,69835,66687,41269,0.6468839156693468,0.3714447724654378
6263,0.6751,1,6,1,535781,69829,66688,41268,0.6468283374708215,0.371459175315265
6264,0.6752,4,21,4,535802,69808,66692,41264,0.6466338137759828,0.37150677038317487
6265,0.6753,5,18,5,535820,69790,66697,41259,0.6464670791804068,0.37153869012778146
6266,0.6754,3,4,3,535824,69786,66700,41256,0.6464300270480566,0.3715350948289836
6267,0.6755,2,22,2,535846,69764,66702,41254,0.6462262403201304,0.3715973986200436
6268,0.6756,2,6,2,535852,69758,66704,41252,0.6461706621216051,0.37160616160706245
6269,0.6757,12,18,12,535870,69740,66716,41240,0.6460039275260291,0.3715984862137322
6270,0.6758,26,66,26,535936,69674,66742,41214,0.6453925673422506,0.3716723180145733
6271,0.6759,0,1,0,535937,69673,66742,41214,0.645383304309163,0.3716756698260391
6272,0.676,23,64,23,536001,69609,66765,41191,0.6447904701915596,0.37175992779783396
6273,0.6761,0,3,0,536004,69606,66765,41191,0.6447626810922968,0.37176999377239456
6274,0.6762,6,12,6,536016,69594,66771,41185,0.6446515246952462,0.37177623917890573
6275,0.6763,6,28,6,536044,69566,66777,41179,0.6443921597687947,0.37183620027992237
6276,0.6764,2,2,2,536046,69564,66779,41177,0.6443736337026196,0.37183157096287733
6277,0.6765,5,19,5,536065,69545,66784,41172,0.6441976360739561,0.3718670122926019
6278,0.6766,1,1,1,536066,69544,66785,41171,0.6441883730408685,0.37186469764711194
6279,0.6767,104,270,104,536336,69274,66889,41067,0.6416873541072289,0.3721825975838537
6280,0.6768,5,22,5,536358,69252,66894,41062,0.6414835673793027,0.372228366299835
6281,0.6769,1,0,1,536358,69252,66895,41061,0.6414835673793027,0.3722226754779582
6282,0.677,10,21,10,536379,69231,66905,41051,0.641289043684464,0.3722366297310531
6283,0.6771,3,11,3,536390,69220,66908,41048,0.641187150320501,0.3722566837160373
6284,0.6772,6,15,6,536405,69205,66914,41042,0.6410482048241877,0.37227316843088704
6285,0.6773,11,23,11,536428,69182,66925,41031,0.6408351550631739,0.3722882055655866
6286,0.6774,1,6,1,536434,69176,66926,41030,0.6407795768646486,0.37230277843311615
6287,0.6775,55,162,55,536596,69014,66981,40975,0.6392789655044648,0.37253725372537255
6288,0.6776,2,5,2,536601,69009,66983,40973,0.639232650339027,0.3725427797275918
6289,0.6777,8,21,8,536622,68988,66991,40965,0.6390381266441884,0.37256827917382884
6290,0.6778,2,17,2,536639,68971,66993,40963,0.6388806550817,0.3726144777775756
6291,0.6779,1,6,1,536645,68965,66994,40962,0.6388250768831746,0.3726291084083073
6292,0.678,19,46,19,536691,68919,67013,40943,0.6383989773611471,0.3726766306821285
6293,0.6781,3,1,3,536692,68918,67016,40940,0.6383897143280596,0.37266289209707076
6294,0.6782,3,13,3,536705,68905,67019,40937,0.6382692948979214,0.37268986362229384
6295,0.6783,52,148,52,536853,68757,67071,40885,0.6368983660009634,0.3728954232866967
6296,0.6784,1,1,1,536854,68756,67072,40884,0.6368891029678758,0.37289310470631154
6297,0.6785,3,21,3,536875,68735,67075,40881,0.6366945792730372,0.37294737994453364
6298,0.6786,3,11,3,536886,68724,67078,40878,0.636592685909074,0.3729676465757924
6299,0.6787,5,22,5,536908,68702,67083,40873,0.6363888991811478,0.3730139174081679
6300,0.6788,3,10,3,536918,68692,67086,40870,0.6362962688502724,0.37303079534875233
6301,0.6789,0,10,0,536928,68682,67086,40870,0.6362036385193968,0.3730648459179203
6302,0.679,9,24,9,536952,68658,67095,40861,0.6359813257252955,0.3730950793926168
6303,0.6792,17,70,17,537022,68588,67112,40844,0.6353329134091666,0.37323634768623437
6304,0.6793,10,27,10,537049,68561,67122,40834,0.6350828115158027,0.37327117327117326
6305,0.6794,1,8,1,537057,68553,67123,40833,0.6350087072511023,0.3732927431298338
6306,0.6795,1,17,1,537074,68536,67124,40832,0.6348512356886139,0.373345036939507
6307,0.6796,0,5,0,537079,68531,67124,40832,0.6348049205231762,0.37336210601391695
6308,0.6797,9,26,9,537105,68505,67133,40823,0.6345640816628997,0.37339931216156885
6309,0.6798,6,11,6,537116,68494,67139,40817,0.6344621882989366,0.3734024938020876
6310,0.6799,2,4,2,537120,68490,67141,40815,0.6344251361665864,0.3734046932894195
6311,0.68,608,1559,608,538679,66931,67749,40207,0.6199840675830894,0.3752823461330247
6312,0.6801,2,8,2,538687,66923,67751,40205,0.619909963318389,0.37529870808752147
6313,0.6802,7,11,7,538698,66912,67758,40198,0.6198080699544258,0.37529642423676596
6314,0.6803,10,10,10,538708,66902,67768,40188,0.6197154396235504,0.37527313474647495
6315,0.6804,1,10,1,538718,66892,67769,40187,0.6196228092926748,0.37530234686539843
6316,0.6805,5,32,5,538750,66860,67774,40182,0.6193263922338731,0.37538536275480655
6317,0.6806,4,11,4,538761,66849,67778,40178,0.6192244988699099,0.37540059984863633
6318,0.6807,8,24,8,538785,66825,67786,40170,0.6190021860758087,0.37543810458432636
6319,0.6808,13,62,13,538847,66763,67799,40157,0.6184278780243803,0.37557987280209504
6320,0.681,13,42,13,538889,66721,67812,40144,0.618038830634703,0.37565152294951576
6321,0.6811,0,2,0,538891,66719,67812,40144,0.618020304568528,0.37565855347501004
6322,0.6812,7,19,7,538910,66700,67819,40137,0.6178443069398644,0.37568445388769806
6323,0.6813,6,23,6,538933,66677,67825,40131,0.6176312571788506,0.375730282375852
6324,0.6814,3,4,3,538937,66673,67828,40128,0.6175942050465004,0.37572681903727495
6325,0.6815,6,15,6,538952,66658,67834,40122,0.6174552595501871,0.37574452144596365
6326,0.6816,1,3,1,538955,66655,67835,40121,0.6174274704509245,0.37574923203716193
6327,0.6817,55,169,55,539124,66486,67890,40066,0.6158620178591278,0.37602297469780016
6328,0.6818,5,18,5,539142,66468,67895,40061,0.6156952832635518,0.37605722385453727
6329,0.6819,1,6,1,539148,66462,67896,40060,0.6156397050650265,0.37607254839375903
6330,0.682,23,29,23,539177,66433,67919,40037,0.6153710771054874,0.3760401991171222
6331,0.6821,0,9,0,539186,66424,67919,40037,0.6152877098076994,0.3760719888034116
6332,0.6822,3,30,3,539216,66394,67922,40034,0.6150098188150728,0.3761604089149472
6333,0.6823,4,21,4,539237,66373,67926,40030,0.6148152951202341,0.37621119705271466
6334,0.6824,0,7,0,539244,66366,67926,40030,0.6147504538886213,0.3762359487198767
6335,0.6825,57,152,57,539396,66214,67983,39973,0.6133424728593131,0.37643967717328863
6336,0.6826,0,1,0,539397,66213,67983,39973,0.6133332098262255,0.3764432222703558
6337,0.6827,13,29,13,539426,66184,67996,39960,0.6130645818666864,0.3764697015375339
6338,0.6828,4,11,4,539437,66173,68000,39956,0.6129626885027233,0.3764852208161765
6339,0.6829,2,7,2,539444,66166,68002,39954,0.6128978472711104,0.37649830380701094
6340,0.683,11,25,11,539469,66141,68013,39943,0.6126662714439216,0.37652237849251535
6341,0.6831,0,7,0,539476,66134,68013,39943,0.6126014302123087,0.3765472251289158
6342,0.6832,6,19,6,539495,66115,68019,39937,0.6124254325836452,0.3765794138724399
6343,0.6833,96,273,96,539768,65842,68115,39841,0.6098966245507429,0.37698589177067265
6344,0.6834,3,1,3,539769,65841,68118,39838,0.6098873615176553,0.37697177301072116
6345,0.6835,4,24,4,539793,65817,68122,39834,0.6096650487235541,0.377033818894284
6346,0.6836,1,14,1,539807,65803,68123,39833,0.6095353662603283,0.37707789011321896
6347,0.6837,7,19,7,539826,65784,68130,39826,0.6093593686316647,0.37710444086734213
6348,0.6838,3,18,3,539844,65766,68133,39823,0.6091926340360888,0.3771510289897622
6349,0.6839,2,2,2,539846,65764,68135,39821,0.6091741079699137,0.3771463749585642
6350,0.684,20,62,20,539908,65702,68155,39801,0.6085997999184853,0.37724993602077667
6351,0.6841,3,3,3,539911,65699,68158,39798,0.6085720108192226,0.3772429547759652
6352,0.6842,20,50,20,539961,65649,68178,39778,0.6081088591648449,0.37730372674931467
6353,0.6843,11,26,11,539987,65623,68189,39767,0.6078680203045685,0.3773318151627289
6354,0.6844,0,4,0,539991,65619,68189,39767,0.6078309681722183,0.37734613705805325
6355,0.6845,4,16,4,540007,65603,68193,39763,0.6076827596428175,0.37737979993546306
6356,0.6846,0,10,0,540017,65593,68193,39763,0.6075901293119419,0.3774156194236683
6357,0.6847,6,28,6,540045,65565,68199,39757,0.6073307643854904,0.3774804884069805
6358,0.6848,6,18,6,540063,65547,68205,39751,0.6071640297899145,0.3775095443408232
6359,0.6849,1,6,1,540069,65541,68206,39750,0.607108451591389,0.3775251445992535
6360,0.685,201,500,201,540569,65041,68407,39549,0.602476935047612,0.37813366478630844
6361,0.6851,0,4,0,540573,65037,68407,39549,0.6024398829152617,0.37814812690034993
6362,0.6852,4,15,4,540588,65022,68411,39545,0.6023009374189484,0.37817858406571864
6363,0.6853,4,24,4,540612,64998,68415,39541,0.6020786246248472,0.3782416131778571
6364,0.6854,1,5,1,540617,64993,68416,39540,0.6020323094594094,0.3782537571867257
6365,0.6855,4,14,4,540631,64979,68420,39536,0.6019026269961836,0.3782806295747022
6366,0.6856,1,3,1,540634,64976,68421,39535,0.601874837896921,0.3782855393212198
6367,0.6857,8,35,8,540669,64941,68429,39527,0.6015506317388566,0.3783646666921928
6368,0.6858,17,62,17,540731,64879,68446,39510,0.6009763236874283,0.3784881548822194
6369,0.6859,0,1,0,540732,64878,68446,39510,0.6009670606543407,0.37849178066444417
6370,0.686,28,55,28,540787,64823,68474,39482,0.6004575938345251,0.3785245194381861
6371,0.6861,1,8,1,540795,64815,68475,39481,0.6003834895698248,0.3785475953056685
6372,0.6862,3,18,3,540813,64797,68478,39478,0.6002167549742488,0.3785950611364181
6373,0.6863,5,12,5,540825,64785,68483,39473,0.6001055985771981,0.3786088357727944
6374,0.6864,4,6,4,540831,64779,68487,39469,0.6000500203786728,0.37860678382319085
6375,0.6865,9,24,9,540855,64755,68496,39460,0.5998277075845715,0.37864031089574435
6376,0.6866,3,1,3,540856,64754,68499,39457,0.5998184445514839,0.3786260567502471
6377,0.6867,126,232,126,541088,64522,68625,39331,0.5976694208751714,0.37871799562843633
6378,0.6868,3,18,3,541106,64504,68628,39328,0.5975026862795954,0.378765698435935
6379,0.6869,1,3,1,541109,64501,68629,39327,0.5974748971803328,0.378770659167084
6380,0.687,6,17,6,541126,64484,68635,39321,0.5973174256178443,0.37879678242859205
6381,0.6871,3,13,3,541139,64471,68638,39318,0.5971970061877061,0.37882627253369816
6382,0.6872,4,14,4,541153,64457,68642,39314,0.5970673237244803,0.37885343689470086
6383,0.6873,5,22,5,541175,64435,68647,39309,0.5968635369965541,0.3789038402220851
6384,0.6874,2,7,2,541182,64428,68649,39307,0.5967986957649413,0.37891743384585724
6385,0.6875,68,153,68,541335,64275,68717,39239,0.5953814517025455,0.37906949784570204
6386,0.6876,1,11,1,541346,64264,68718,39238,0.5952795583385824,0.3791037854340979
6387,0.6877,15,21,15,541367,64243,68733,39223,0.5950850346437437,0.37909071579069453
6388,0.6878,1,14,1,541381,64229,68734,39222,0.594955352180518,0.37913601608490977
6389,0.6879,2,10,2,541391,64219,68736,39220,0.5948627218496424,0.37916066473960497
6390,0.688,11,37,11,541428,64182,68747,39209,0.594519989625403,0.37923030050971557
6391,0.6881,2,7,2,541435,64175,68749,39207,0.5944551483937901,0.3792439689694531
6392,0.6882,1,10,1,541445,64165,68750,39206,0.5943625180629145,0.3792746514980023
6393,0.6883,55,161,55,541606,64004,68805,39151,0.5928711697358183,0.3795356502350831
6394,0.6884,1,2,1,541608,64002,68806,39150,0.5928526436696432,0.37953699395067475
6395,0.6885,9,12,9,541620,63990,68815,39141,0.5927414872725926,0.37952700933763855
6396,0.6886,3,6,3,541626,63984,68818,39138,0.5926859090740673,0.3795310409030081
6397,0.6887,5,25,5,541651,63959,68823,39133,0.5924543332468784,0.3795929849066853
6398,0.6888,7,15,7,541666,63944,68830,39126,0.592315387750565,0.3796060929465412
6399,0.6889,2,4,2,541670,63940,68832,39124,0.5922783356182149,0.3796087867732671
6400,0.689,8,39,8,541709,63901,68840,39116,0.5919170773278002,0.37970432064610693
6401,0.6891,0,2,0,541711,63899,68840,39116,0.5918985512616252,0.3797116924719701
6402,0.6892,15,51,15,541762,63848,68855,39101,0.5914261365741599,0.3798094201983506
6403,0.6893,8,33,8,541795,63815,68863,39093,0.5911204564822705,0.3798830022933105
6404,0.6894,4,5,4,541800,63810,68867,39089,0.5910741413168328,0.3798773554650677
6405,0.6895,2,24,2,541824,63786,68869,39087,0.5908518285227314,0.37995392377008547
6406,0.6896,3,7,3,541831,63779,68872,39084,0.5907869872911186,0.3799616966256088
6407,0.6897,5,12,5,541843,63767,68877,39079,0.5906758308940679,0.37997588627656886
6408,0.6898,3,10,3,541853,63757,68880,39076,0.5905832005631924,0.379994748767419
6409,0.6899,0,3,0,541856,63754,68880,39076,0.5905554114639298,0.38000583487309153
6410,0.69,656,1560,656,543416,62194,69536,38420,0.5761050798473453,0.38185540779613175
6411,0.6901,0,5,0,543421,62189,69536,38420,0.5760587646819074,0.3818743849953781
6412,0.6902,6,19,6,543440,62170,69542,38414,0.5758827670532439,0.38190964765767915
6413,0.6903,3,9,3,543449,62161,69545,38411,0.5757993997554559,0.3819253867875751
6414,0.6904,3,4,3,543453,62157,69548,38408,0.5757623476231057,0.38192213990951124
6415,0.6905,8,20,8,543473,62137,69556,38400,0.5755770869613547,0.3819489342232213
6416,0.6906,0,2,0,543475,62135,69556,38400,0.5755585608951795,0.38195653255085293
6417,0.6907,7,29,7,543504,62106,69563,38393,0.5752899329356405,0.3820237017283754
6418,0.6908,16,58,16,543562,62048,69579,38377,0.5747526770165623,0.3821458800099577
6419,0.6909,0,3,0,543565,62045,69579,38377,0.5747248879172996,0.38215729620999384
6420,0.691,13,31,13,543596,62014,69592,38364,0.5744377338915855,0.3821953017593497
6421,0.6911,0,5,0,543601,62009,69592,38364,0.5743914187261477,0.38221434050989805
6422,0.6912,2,14,2,543615,61995,69594,38362,0.574261736262922,0.3822553484061899
6423,0.6913,6,19,6,543634,61976,69600,38356,0.5740857386342584,0.382290794562054
6424,0.6914,3,8,3,543642,61968,69603,38353,0.5740116343695579,0.3823028079863638
6425,0.6915,6,26,6,543668,61942,69609,38347,0.5737707955092816,0.3823649652504263
6426,0.6916,1,5,1,543673,61937,69610,38346,0.5737244803438438,0.38237787062612805
6427,0.6917,51,170,51,543843,61767,69661,38295,0.5721497647189596,0.38271271811476887
6428,0.6918,4,15,4,543858,61752,69665,38291,0.5720108192226463,0.38274541946962803
6429,0.6919,1,8,1,543866,61744,69666,38290,0.5719367149579458,0.3827698582481956
6430,0.692,11,37,11,543903,61707,69677,38279,0.5715939827337063,0.38284359810373453
6431,0.6921,1,11,1,543914,61696,69678,38278,0.5714920893697433,0.3828795486826575
6432,0.6922,1,4,1,543918,61692,69679,38277,0.571455037237393,0.3828886954956036
6433,0.6923,2,24,2,543942,61668,69681,38275,0.5712327244432918,0.38296829192639803
6434,0.6924,0,4,0,543946,61664,69681,38275,0.5711956723109415,0.382983620008205
6435,0.6925,63,125,63,544071,61539,69744,38212,0.5700377931749973,0.3830738538962015
6436,0.6926,1,9,1,544080,61530,69745,38211,0.5699544258772092,0.3831022347881012
6437,0.6927,7,22,7,544102,61508,69752,38204,0.569750639149283,0.38314345314505777
6438,0.6928,2,12,2,544114,61496,69754,38202,0.5696394827522324,0.38317719512929044
6439,0.6929,5,14,5,544128,61482,69759,38197,0.5695098002890067,0.3832000722318643
6440,0.693,7,22,7,544150,61460,69766,38190,0.5693060135610805,0.38324134470647264
6441,0.6931,3,5,3,544155,61455,69769,38187,0.5692596983956427,0.3832420063828506
6442,0.6932,2,14,2,544169,61441,69771,38185,0.569130015932417,0.3832834802160079
6443,0.6933,89,263,89,544432,61178,69860,38096,0.5666938382303902,0.3837459959304551
6444,0.6934,0,2,0,544434,61176,69860,38096,0.5666753121642151,0.3837537271335321
6445,0.6935,9,14,9,544448,61162,69869,38087,0.5665456297009893,0.38375197734989774
6446,0.6936,2,5,2,544453,61157,69871,38085,0.5664993145355515,0.38375889240442557
6447,0.6937,3,11,3,544464,61146,69874,38082,0.5663974211715884,0.38378280324102065
6448,0.6938,6,28,6,544492,61118,69880,38076,0.5661380562451369,0.3838538621287578
6449,0.6939,0,4,0,544496,61114,69880,38076,0.5661010041127867,0.3838693416675068
6450,0.694,21,57,21,544553,61057,69901,38055,0.5655730112267962,0.3839595609007991
6451,0.6941,1,2,1,544555,61055,69902,38054,0.565554485160621,0.38396109334167433
6452,0.6942,18,65,18,544620,60990,69920,38036,0.56495238800993,0.384101145153798
6453,0.6943,10,34,10,544654,60956,69930,38026,0.5646374448849532,0.3841708593481643
6454,0.6944,3,3,3,544657,60953,69933,38023,0.5646096557856904,0.3841638376980278
6455,0.6945,4,13,4,544670,60940,69937,38019,0.5644892363555523,0.3841894117765943
6456,0.6946,1,3,1,544673,60937,69938,38018,0.5644614472562896,0.3841948360365823
6457,0.6947,7,17,7,544690,60920,69945,38011,0.5643039756938012,0.38421728275262557
6458,0.6948,3,14,3,544704,60906,69948,38008,0.5641742932305754,0.3842529874436379
6459,0.6949,0,7,0,544711,60899,69948,38008,0.5641094519989626,0.38428018239356165
6460,0.695,204,486,204,545197,60413,70152,37804,0.5596076179184112,0.3849028172312329
6461,0.6951,1,0,1,545197,60413,70153,37803,0.5596076179184112,0.3848965545328663
6462,0.6952,3,19,3,545216,60394,70156,37800,0.5594316202897477,0.3849522374075809
6463,0.6953,3,18,3,545234,60376,70159,37797,0.5592648856941717,0.3850040235095189
6464,0.6954,2,7,2,545241,60369,70161,37795,0.5592000444625588,0.38501894788313434
6465,0.6955,1,18,1,545259,60351,70162,37794,0.5590333098669829,0.3850832951245606
6466,0.6956,1,5,1,545264,60346,70163,37793,0.5589869947015451,0.38509664863102333
6467,0.6957,11,17,11,545281,60329,70174,37782,0.5588295231390566,0.385094433855531
6468,0.6958,17,65,17,545346,60264,70191,37765,0.5582274259883656,0.38524314233543133
6469,0.696,29,54,29,545400,60210,70220,37736,0.5577272222016377,0.3852735180609724
6470,0.6961,2,10,2,545410,60200,70222,37734,0.5576345918707621,0.3853003042865603
6471,0.6962,5,20,5,545430,60180,70227,37729,0.5574493312090111,0.3853476187071669
6472,0.6963,5,12,5,545442,60168,70232,37724,0.5573381748119605,0.38536346177420017
6473,0.6964,2,6,2,545448,60162,70234,37722,0.5572825966134352,0.38537452494789753
6474,0.6965,5,20,5,545468,60142,70239,37717,0.557097335951684,0.3854218825044196
6475,0.6966,0,1,0,545469,60141,70239,37717,0.5570880729185964,0.3854258210876985
6476,0.6967,118,281,118,545750,59860,70357,37599,0.5544851606209937,0.3857930001333894
6477,0.6968,6,16,6,545766,59844,70363,37593,0.5543369520915928,0.3858185288955941
6478,0.6969,0,4,0,545770,59840,70363,37593,0.5542998999592427,0.38583436823252903
6479,0.697,9,20,9,545790,59820,70372,37584,0.5541146392974916,0.3858568436614513
6480,0.6971,2,9,2,545799,59811,70374,37582,0.5540312719997036,0.3858798886983664
6481,0.6972,11,11,11,545810,59800,70385,37571,0.5539293786357404,0.3858541044048023
6482,0.6973,11,21,11,545831,59779,70396,37560,0.5537348549409018,0.38586794604423713
6483,0.6974,1,4,1,545835,59775,70397,37559,0.5536978028085516,0.3858774939897672
6484,0.6975,50,137,50,545972,59638,70447,37509,0.5524287672755567,0.3861055925556116
6485,0.6976,0,9,0,545981,59629,70447,37509,0.5523453999777688,0.386141365891824
6486,0.6977,5,16,5,545997,59613,70452,37504,0.5521971914483679,0.386173378502219
6487,0.6978,2,12,2,546009,59601,70454,37502,0.5520860350513173,0.3862084590589374
6488,0.6979,0,1,0,546010,59600,70454,37502,0.5520767720182297,0.3862124364070771
6489,0.698,13,47,13,546057,59553,70467,37489,0.5516414094631146,0.3863172646895159
6490,0.6981,0,1,0,546058,59552,70467,37489,0.551632146430027,0.38632124565905135
6491,0.6982,2,20,2,546078,59532,70469,37487,0.5514468857682759,0.38638823323266575
6492,0.6983,51,132,51,546210,59400,70520,37436,0.5502241654007188,0.38659176339377915
6493,0.6984,1,4,1,546214,59396,70521,37435,0.5501871132683686,0.3866013983125239
6494,0.6985,5,16,5,546230,59380,70526,37430,0.5500389047389678,0.38663361223014153
6495,0.6986,0,6,0,546236,59374,70526,37430,0.5499833265404424,0.38665757613321766
6496,0.6987,8,24,8,546260,59350,70534,37422,0.5497610137463411,0.38670276526267927
6497,0.6988,3,14,3,546274,59336,70537,37419,0.5496313312831154,0.3867397033745026
6498,0.6989,5,5,5,546279,59331,70542,37414,0.5495850161176776,0.38672799627887744
6499,0.699,7,32,7,546311,59299,70549,37407,0.5492885990588758,0.3868115732219304
6500,0.6991,2,2,2,546313,59297,70551,37405,0.5492700729927007,0.3868068912742239
6501,0.6992,22,68,22,546381,59229,70573,37383,0.5486401867427471,0.3869395106197988
6502,0.6993,8,21,8,546402,59208,70581,37375,0.5484456630479084,0.3869728627191121
6503,0.6994,1,7,1,546409,59201,70582,37374,0.5483808218162955,0.38699456381050995
6504,0.6995,5,15,5,546424,59186,70587,37369,0.5482418763199822,0.3870229402930972
6505,0.6996,1,9,1,546433,59177,70588,37368,0.5481585090221942,0.3870526697394997
6506,0.6997,5,24,5,546457,59153,70593,37363,0.547936196228093,0.3871171619213395
6507,0.6998,7,20,7,546477,59133,70600,37356,0.5477509355663418,0.3871529397133352
6508,0.6999,0,5,0,546482,59128,70600,37356,0.5477046204009041,0.38717300277766264
6509,0.7,629,1463,629,547945,57665,71229,36727,0.5341528029938123,0.3890901771336554
6510,0.7001,0,8,0,547953,57657,71229,36727,0.5340786987291118,0.3891231564671978
6511,0.7002,4,17,4,547970,57640,71233,36723,0.5339212271666235,0.38916736432711974
6512,0.7003,1,18,1,547988,57622,71234,36722,0.5337544925710475,0.3892351394895277
6513,0.7004,1,1,1,547989,57621,71235,36721,0.5337452295379599,0.3892327913336584
6514,0.7005,5,15,5,548004,57606,71240,36716,0.5336062840416466,0.3892623142002926
6515,0.7006,0,2,0,548006,57604,71240,36716,0.5335877579754715,0.3892705682782019
6516,0.7007,6,32,6,548038,57572,71246,36710,0.5332913409166697,0.38936382342334697
6517,0.7008,19,54,19,548092,57518,71265,36691,0.5327911371299419,0.3894638516489932
6518,0.7009,1,6,1,548098,57512,71266,36690,0.5327355589314166,0.38948217659922296
6519,0.701,7,28,7,548126,57484,71273,36683,0.5324761940049649,0.38955260335361647
6520,0.7011,0,2,0,548128,57482,71273,36683,0.5324576679387899,0.38956087718366694
6521,0.7012,5,12,5,548140,57470,71278,36678,0.5323465115417392,0.38957811105918344
6522,0.7013,9,22,9,548162,57448,71287,36669,0.5321427248138131,0.3896108035742746
6523,0.7014,4,7,4,548169,57441,71291,36665,0.5320778835822002,0.38961383971266444
6524,0.7015,9,11,9,548180,57430,71300,36656,0.531975990218237,0.3896010033373722
6525,0.7016,1,3,1,548183,57427,71301,36655,0.5319482011189745,0.3896069386280054
6526,0.7017,57,126,57,548309,57301,71358,36598,0.5307810589499425,0.389759209363252
6527,0.7018,4,16,4,548325,57285,71362,36594,0.5306328504205418,0.38979963570127507
6528,0.7019,3,8,3,548333,57277,71365,36591,0.5305587461558413,0.38981335492393576
6529,0.702,14,49,14,548382,57228,71379,36577,0.5301048575345512,0.38992591013272215
6530,0.7021,1,8,1,548390,57220,71380,36576,0.5300307532698507,0.38995266322657685
6531,0.7022,0,10,0,548400,57210,71380,36576,0.5299381229389751,0.389994242210991
6532,0.7023,7,21,7,548421,57189,71387,36569,0.5297435992441365,0.39003605025704474
6533,0.7024,1,4,1,548425,57185,71388,36568,0.5297065471117863,0.3900461851887406
6534,0.7025,53,128,53,548553,57057,71441,36515,0.5285208788765794,0.39023425811140083
6535,0.7026,0,2,0,548555,57055,71441,36515,0.5285023528104043,0.3902425991236507
6536,0.7027,11,38,11,548593,57017,71452,36504,0.5281503575530772,0.39032944472364495
6537,0.7028,6,11,6,548604,57006,71458,36498,0.5280484641891141,0.39033624229979463
6538,0.7029,1,5,1,548609,57001,71459,36497,0.5280021490236763,0.3903505957346681
6539,0.703,1,23,1,548632,56978,71460,36496,0.5277890992626626,0.3904401223869739
6540,0.7031,2,5,2,548637,56973,71462,36494,0.5277427840972247,0.3904479655921341
6541,0.7032,3,17,3,548654,56956,71465,36491,0.5275853125347364,0.39049942748295824
6542,0.7033,76,241,76,548895,56715,71541,36415,0.5253529215606358,0.3910125630838613
6543,0.7034,0,1,0,548896,56714,71541,36415,0.5253436585275483,0.3910167616961419
6544,0.7035,9,28,9,548924,56686,71550,36406,0.5250842936010968,0.3910754952090405
6545,0.7036,4,8,4,548932,56678,71554,36402,0.5250101893363963,0.39108293940696176
6546,0.7037,5,12,5,548944,56666,71559,36397,0.5248990329393457,0.39110065224632773
6547,0.7038,7,19,7,548963,56647,71566,36390,0.5247230353106821,0.3911347098466202
6548,0.7039,0,4,0,548967,56643,71566,36390,0.5246859831783319,0.39115152687755955
6549,0.704,28,51,28,549018,56592,71594,36362,0.5242135684908666,0.3911827355466145
6550,0.7041,0,4,0,549022,56588,71594,36362,0.5241765163585165,0.39119956966110814
6551,0.7042,14,56,14,549078,56532,71608,36348,0.5236577865056133,0.391343669250646
6552,0.7043,9,20,9,549098,56512,71617,36339,0.5234725258438623,0.39136896748554134
6553,0.7044,0,4,0,549102,56508,71617,36339,0.5234354737115121,0.391385828298168
6554,0.7045,4,13,4,549115,56495,71621,36335,0.5233150542813739,0.39141441344392974
6555,0.7046,0,5,0,549120,56490,71621,36335,0.5232687391159361,0.391435496902774
6556,0.7047,4,17,4,549137,56473,71625,36331,0.5231112675534477,0.3914809706478169
6557,0.7048,2,16,2,549153,56457,71627,36329,0.5229630590240468,0.39153536093807256
6558,0.7049,1,1,1,549154,56456,71628,36328,0.5229537959909593,0.3915330229349888
6559,0.705,195,483,195,549637,55973,71823,36133,0.5184797510096706,0.3922980044731071
6560,0.7051,3,2,3,549639,55971,71826,36130,0.5184612249434954,0.39228672870001413
6561,0.7052,4,9,4,549648,55962,71830,36126,0.5183778576457075,0.3922986708365911
6562,0.7053,3,10,3,549658,55952,71833,36123,0.518285227314832,0.3923214770567472
6563,0.7054,2,7,2,549665,55945,71835,36121,0.5182203860832191,0.39233810527230467
6564,0.7055,3,5,3,549670,55940,71838,36118,0.5181740709177813,0.3923396119837494
6565,0.7056,3,11,3,549681,55929,71841,36115,0.5180721775538182,0.39236669418973535
6566,0.7057,9,23,9,549704,55906,71850,36106,0.5178591277928045,0.3924053384341173
6567,0.7058,32,62,32,549766,55844,71882,36074,0.5172848197413761,0.39245849561565743
6568,0.7059,0,3,0,549769,55841,71882,36074,0.5172570306421135,0.39247130501006366
6569,0.706,28,53,28,549822,55788,71910,36046,0.5167660898884731,0.39251257704118303
6570,0.7061,2,8,2,549830,55780,71912,36044,0.5166919856237726,0.3925335424289946
6571,0.7062,4,15,4,549845,55765,71916,36040,0.5165530401274593,0.3925712107183705
6572,0.7063,6,23,6,549868,55742,71922,36034,0.5163399903664456,0.39262988145048816
6573,0.7064,0,12,0,549880,55730,71922,36034,0.5162288339693949,0.3926812257530186
6574,0.7065,5,15,5,549895,55715,71927,36029,0.5160898884730816,0.39271232996163236
6575,0.7066,1,0,1,549895,55715,71928,36028,0.5160898884730816,0.39270571051742365
6576,0.7067,102,242,102,550137,55473,72030,35926,0.5138482344658936,0.3930677578529306
6577,0.7068,7,12,7,550149,55461,72037,35919,0.5137370780688428,0.39307288246881156
6578,0.7069,0,4,0,550153,55457,72037,35919,0.5137000259364927,0.39309008930134826
6579,0.707,7,24,7,550177,55433,72044,35912,0.5134777131423913,0.39314686080245226
6580,0.7071,2,9,2,550186,55424,72046,35910,0.5133943458446033,0.39317231261085683
6581,0.7072,2,11,2,550197,55413,72048,35908,0.5132924524806403,0.393206381883685
6582,0.7073,6,26,6,550223,55387,72054,35902,0.5130516136203639,0.3932784891936597
6583,0.7074,0,6,0,550229,55381,72054,35902,0.5129960354218386,0.39330433925265385
6584,0.7075,41,124,41,550353,55257,72095,35861,0.5118474193189818,0.393566583989991
6585,0.7076,2,3,2,550356,55254,72097,35859,0.5118196302197191,0.3935662309439926
6586,0.7077,10,19,10,550375,55235,72107,35849,0.5116436325910556,0.3935817487154714
6587,0.7078,4,8,4,550383,55227,72111,35845,0.5115695283263552,0.3935896872803935
6588,0.7079,2,7,2,550390,55220,72113,35843,0.5115046870947423,0.3936066239855924
6589,0.708,13,44,13,550434,55176,72126,35830,0.5110971136388899,0.39371030481506714
6590,0.7081,2,5,2,550439,55171,72128,35828,0.5110507984734521,0.39371861229244276
6591,0.7082,4,13,4,550452,55158,72132,35824,0.510930379043314,0.3937482139324262
6592,0.7083,63,117,63,550569,55041,72195,35761,0.5098466041720701,0.3938349375564415
6593,0.7084,2,1,2,550570,55040,72197,35759,0.5098373411389826,0.3938259231929867
6594,0.7085,6,18,6,550588,55022,72203,35753,0.5096706065434066,0.39386394932525476
6595,0.7086,2,10,2,550598,55012,72205,35751,0.509577976212531,0.3938939876381345
6596,0.7087,9,20,9,550618,54992,72214,35742,0.5093927155507799,0.3939206912513501
6597,0.7088,2,12,2,550630,54980,72216,35740,0.5092815591537293,0.3939594356261023
6598,0.7089,1,8,1,550638,54972,72217,35739,0.5092074548890289,0.3939874987597976
6599,0.709,7,27,7,550665,54945,72224,35732,0.5089573529956649,0.39405803015097546
6600,0.7091,0,2,0,550667,54943,72224,35732,0.5089388269294898,0.3940667218086573
6601,0.7092,10,54,10,550721,54889,72234,35722,0.5084386231427619,0.39423469556676344
6602,0.7093,10,30,10,550751,54859,72244,35712,0.5081607321501352,0.39429839573373376
6603,0.7094,2,8,2,550759,54851,72246,35710,0.5080866278854348,0.39431985070836234
6604,0.7095,5,13,5,550772,54838,72251,35705,0.5079662084552966,0.39434301933887767
6605,0.7096,0,4,0,550776,54834,72251,35705,0.5079291563229464,0.3943604413567634
6606,0.7097,4,14,4,550790,54820,72255,35701,0.5077994738597206,0.394394670849858
6607,0.7098,4,12,4,550802,54808,72259,35697,0.50768831746267,0.39442019777912823
6608,0.7099,0,4,0,550806,54804,72259,35697,0.5076512653303198,0.3944376305234196
6609,0.71,640,1453,640,552259,53351,72899,35057,0.49419207825410355,0.3965365125328025
6610,0.7101,1,3,1,552262,53348,72900,35056,0.49416428915484084,0.3965431428442152
6611,0.7102,5,20,5,552282,53328,72905,35051,0.4939790284930898,0.39659873951956914
6612,0.7103,6,28,6,552310,53300,72911,35045,0.49371966356663827,0.39668345690191864
6613,0.7104,5,9,5,552319,53291,72916,35040,0.49363629626885025,0.3966897238794987
6614,0.7105,2,21,2,552340,53270,72918,35038,0.4934417725740116,0.3967703945282421
6615,0.7106,2,6,2,552346,53264,72920,35036,0.4933861943754863,0.3967836919592299
6616,0.7107,6,24,6,552370,53240,72926,35030,0.493163881581385,0.39685057210830404
6617,0.7108,14,51,14,552421,53189,72940,35016,0.49269146689391974,0.3969842979422935
6618,0.7109,3,0,3,552421,53189,72943,35013,0.49269146689391974,0.39696378766921386
6619,0.711,16,39,16,552460,53150,72959,34997,0.4923302086035051,0.39702996131462215
6620,0.7111,0,3,0,552463,53147,72959,34997,0.49230241950424247,0.39704347431475767
6621,0.7112,6,13,6,552476,53134,72965,34991,0.4921820000741043,0.3970609929078014
6622,0.7113,7,25,7,552501,53109,72972,34984,0.49195042424691543,0.3971257648167278
6623,0.7114,4,4,4,552505,53105,72976,34980,0.4919133721145652,0.3971164216381904
6624,0.7115,8,28,8,552533,53077,72984,34972,0.4916540071881137,0.39718792944837533
6625,0.7116,1,2,1,552535,53075,72985,34971,0.49163548112193856,0.3971901051722963
6626,0.7117,46,131,46,552666,52944,73031,34925,0.49042202378746896,0.3974666833581809
6627,0.7118,3,13,3,552679,52931,73034,34922,0.4903016043573308,0.3975049229963689
6628,0.7119,0,4,0,552683,52927,73034,34922,0.49026455222498055,0.3975230224589921
6629,0.712,15,39,15,552722,52888,73049,34907,0.48990329393456594,0.3975966740702774
6630,0.7121,4,5,4,552727,52883,73053,34903,0.48985697876912815,0.3975918711411842
6631,0.7122,3,6,3,552733,52877,73056,34900,0.48980140057060284,0.3975984597331875
6632,0.7123,4,18,4,552751,52859,73060,34896,0.48963466597502686,0.39765255540994815
6633,0.7124,1,4,1,552755,52855,73061,34895,0.48959761384267664,0.39766381766381764
6634,0.7125,56,113,56,552868,52742,73117,34839,0.488550891103783,0.3977917584864297
6635,0.7126,1,3,1,552871,52739,73118,34838,0.48852310200452037,0.39779850874087946
6636,0.7127,11,35,11,552906,52704,73129,34827,0.488198895846456,0.3978818932720979
6637,0.7128,2,9,2,552915,52695,73131,34825,0.48811552854866797,0.39790904936014626
6638,0.7129,4,5,4,552920,52690,73135,34821,0.4880692133832302,0.3979042634640217
6639,0.713,6,28,6,552948,52662,73141,34815,0.48780984845677866,0.39799032888645014
6640,0.7131,0,8,0,552956,52654,73141,34815,0.48773574419207827,0.39802672946986933
6641,0.7132,6,18,6,552974,52636,73147,34809,0.4875690095965023,0.39806735662416376
6642,0.7133,108,210,108,553184,52426,73255,34701,0.4856237726481159,0.3982806707450044
6643,0.7134,1,4,1,553188,52422,73256,34700,0.4855867205157657,0.39829205022841535
6644,0.7135,6,16,6,553204,52406,73262,34694,0.48543851198636484,0.39832376578645234
6645,0.7136,1,17,1,553221,52389,73263,34693,0.4852810404238764,0.39839461656829195
6646,0.7137,1,12,1,553233,52377,73264,34692,0.48516988402682576,0.3984426144781725
6647,0.7138,6,18,6,553251,52359,73270,34686,0.4850031494312498,0.3984835429950026
6648,0.7139,0,2,0,553253,52357,73270,34686,0.48498462336507464,0.39849269901083373
6649,0.714,20,58,20,553311,52299,73290,34666,0.48444736744599654,0.39862013453688266
6650,0.7141,0,1,0,553312,52298,73290,34666,0.48443810441290897,0.3986247182742284
6651,0.7142,17,44,17,553356,52254,73307,34649,0.48403053095705656,0.3987089053312314
6652,0.7143,7,17,7,553373,52237,73314,34642,0.48387305939456815,0.3987384753507752
6653,0.7144,0,7,0,553380,52230,73314,34642,0.4838082181629553,0.3987706050280873
6654,0.7145,9,5,9,553385,52225,73323,34633,0.48376190299751753,0.39873126252043567
6655,0.7146,1,5,1,553390,52220,73324,34632,0.48371558783207974,0.39874729424768574
6656,0.7147,5,11,5,553401,52209,73329,34627,0.48361369446811664,0.3987631857754848
6657,0.7148,4,21,4,553422,52188,73333,34623,0.483419170773278,0.3988319452603933
6658,0.7149,1,1,1,553423,52187,73334,34622,0.48340990774019044,0.398829614440899
6659,0.715,195,388,195,553811,51799,73529,34427,0.4798158509022194,0.39926472293739707
6660,0.7151,2,10,2,553821,51789,73531,34425,0.47972322057134387,0.3992970979191315
6661,0.7152,3,10,3,553831,51779,73534,34422,0.47963059024046834,0.3993225136599343
6662,0.7153,4,16,4,553847,51763,73538,34418,0.4794823817110675,0.39936877037862173
6663,0.7154,5,7,5,553854,51756,73543,34413,0.4794175404794546,0.3993663614524945
6664,0.7155,5,15,5,553869,51741,73548,34408,0.4792785949831413,0.39940103773694413
6665,0.7156,0,9,0,553878,51732,73548,34408,0.4791952276853533,0.399442767587648
6666,0.7157,7,17,7,553895,51715,73555,34401,0.47903775612286487,0.39947280412466907
6667,0.7158,22,49,22,553944,51666,73577,34379,0.4785838675015747,0.3995467487942356
6668,0.7159,0,2,0,553946,51664,73577,34379,0.4785653414353996,0.39955603593552064
6669,0.716,26,65,26,554011,51599,73603,34353,0.4779632442847086,0.39967656366344007
6670,0.7161,2,6,2,554017,51593,73605,34351,0.47790766608618324,0.39969049613701946
6671,0.7162,4,8,4,554025,51585,73609,34347,0.47783356182148284,0.3996997626029884
6672,0.7163,6,19,6,554044,51566,73615,34341,0.4776575641928193,0.3997462372100062
6673,0.7164,1,4,1,554048,51562,73616,34340,0.47762051206046907,0.399757863612023
6674,0.7165,4,23,4,554071,51539,73620,34336,0.47740746229945535,0.39983697234352256
6675,0.7166,0,6,0,554077,51533,73620,34336,0.47735188410093,0.3998649105032084
6676,0.7167,96,259,96,554336,51274,73716,34240,0.47495275853125346,0.4004022733119723
6677,0.7168,2,10,2,554346,51264,73718,34238,0.47486012820037793,0.4004350775420458
6678,0.7169,0,7,0,554353,51257,73718,34238,0.47479528696876505,0.40046786361775544
6679,0.717,2,21,2,554374,51236,73720,34236,0.4746007632739264,0.40055222763010107
6680,0.7171,2,9,2,554383,51227,73722,34234,0.4745173959761384,0.4005803816945741
6681,0.7172,3,9,3,554392,51218,73725,34231,0.47443402867835044,0.40060152839705554
6682,0.7173,3,12,3,554404,51206,73728,34228,0.47432287228129977,0.40063674883535827
6683,0.7174,2,1,2,554405,51205,73730,34226,0.47431360924821225,0.4006274069131814
6684,0.7175,49,124,49,554529,51081,73779,34177,0.47316499314535554,0.40086560791949144
6685,0.7176,2,10,2,554539,51071,73781,34175,0.47307236281447995,0.4008985758862586
6686,0.7177,8,26,8,554565,51045,73789,34167,0.4728315239542036,0.4009646528657935
6687,0.7178,3,12,3,554577,51033,73792,34164,0.4727203675571529,0.4010000352125075
6688,0.7179,2,8,2,554585,51025,73794,34162,0.47264626329245246,0.4010236303661357
6689,0.718,12,38,12,554623,50987,73806,34150,0.4722942680351254,0.4011181977283672
6690,0.7181,0,1,0,554624,50986,73806,34150,0.47228500500203785,0.4011229092275888
6691,0.7182,4,12,4,554636,50974,73810,34146,0.47217384860498723,0.40115131578947366
6692,0.7183,55,129,55,554765,50845,73865,34091,0.4709789173366927,0.40137279834228123
6693,0.7184,1,4,1,554769,50841,73866,34090,0.4709418652043425,0.40138465342454466
6694,0.7185,9,26,9,554795,50815,73875,34081,0.4707010263440661,0.40144411986430456
6695,0.7186,2,3,2,554798,50812,73877,34079,0.4706732372448034,0.4014442049216054
6696,0.7187,6,14,6,554812,50798,73883,34073,0.47054355478157767,0.40146811042641184
6697,0.7188,2,11,2,554823,50787,73885,34071,0.47044166141761457,0.4015060453934809
6698,0.7189,0,3,0,554826,50784,73885,34071,0.4704138723183519,0.40152024041011136
6699,0.719,9,35,9,554861,50749,73894,34062,0.4700896661602875,0.4016224310525757
6700,0.7191,2,5,2,554866,50744,73896,34060,0.47004335099484973,0.40163199849063724
6701,0.7192,18,37,18,554903,50707,73914,34042,0.46970061877061026,0.4016802558142279
6702,0.7193,4,26,4,554929,50681,73918,34038,0.46945977991033383,0.4017752806336241
6703,0.7194,2,5,2,554934,50676,73920,34036,0.4694134647448961,0.4017848710926433
6704,0.7195,5,9,5,554943,50667,73925,34031,0.4693300974471081,0.40179225011216324
6705,0.7196,1,4,1,554947,50663,73926,34030,0.46929304531475785,0.4018041632720532
6706,0.7197,6,12,6,554959,50651,73932,34024,0.46918188891770723,0.4018187186300561
6707,0.7198,4,21,4,554980,50630,73936,34020,0.4689873652228686,0.40189013585351446
6708,0.72,688,1363,688,556343,49267,74624,33332,0.4563618511245322,0.4035399944309253
6709,0.7201,1,3,1,556346,49264,74625,33331,0.45633406202526955,0.40354743023185424
6710,0.7202,4,14,4,556360,49250,74629,33327,0.4562043795620438,0.40358695520544463
6711,0.7203,5,16,5,556376,49234,74634,33322,0.45605617103264295,0.40362905179514513
6712,0.7204,0,1,0,556377,49233,74634,33322,0.4560469079995554,0.4036339410090243
6713,0.7205,0,31,0,556408,49202,74634,33322,0.4557597539738412,0.4037855654112743
6714,0.7206,1,0,1,556408,49202,74635,33321,0.4557597539738412,0.4037783405838372
6715,0.7207,8,18,8,556426,49184,74643,33313,0.45559301937826524,0.4038086233438792
6716,0.7208,16,52,16,556478,49132,74659,33297,0.4551113416577124,0.4039476397869682
6717,0.721,14,32,14,556510,49100,74673,33283,0.45481492459891065,0.4040032530983334
6718,0.7211,1,2,1,556512,49098,74674,33282,0.45479639853273557,0.40400582665695556
6719,0.7212,1,5,1,556517,49093,74675,33281,0.4547500833672978,0.4040231140893971
6720,0.7213,6,12,6,556529,49081,74681,33275,0.45463892697024716,0.4040385642818981
6721,0.7214,1,2,1,556531,49079,74682,33274,0.454620400904072,0.4040411399706143
6722,0.7215,3,15,3,556546,49064,74685,33271,0.4544814554077587,0.4040930345539564
6723,0.7216,1,4,1,556550,49060,74686,33270,0.4544444032754085,0.4041054293696101
6724,0.7217,49,129,49,556679,48931,74735,33221,0.453249472007114,0.4043845554581751
6725,0.7218,2,9,2,556688,48922,74737,33219,0.453166104709326,0.40441436067250214
6726,0.7219,1,7,1,556695,48915,74738,33218,0.4531012634777131,0.40444157646743695
6727,0.722,9,38,9,556733,48877,74747,33209,0.4527492682203861,0.40456350656628415
6728,0.7221,2,8,2,556741,48869,74749,33207,0.45267516395568563,0.4045884302353916
6729,0.7222,2,11,2,556752,48858,74751,33205,0.45257327059172253,0.4046281515421079
6730,0.7223,2,17,2,556769,48841,74753,33203,0.4524157990292341,0.40469747940129686
6731,0.7224,1,1,1,556770,48840,74754,33202,0.45240653599614655,0.40469515613953827
6732,0.7225,68,116,68,556886,48724,74822,33134,0.4513320241579903,0.40477412103887217
6733,0.7226,3,4,3,556890,48720,74825,33131,0.45129497202564006,0.404772085863337
6734,0.7227,7,20,7,556910,48700,74832,33124,0.451109711363889,0.4048201016816582
6735,0.7228,3,9,3,556919,48691,74835,33121,0.451026344066101,0.40484281034567055
6736,0.7229,3,5,3,556924,48686,74838,33118,0.45098002890066324,0.40484572881521685
6737,0.723,8,29,8,556953,48657,74846,33110,0.45071140094112416,0.4049310846674086
6738,0.7232,2,17,2,556970,48640,74848,33108,0.45055392937863575,0.4050007339629104
6739,0.7233,108,226,108,557196,48414,74956,33000,0.44846048390084847,0.40533569165008476
6740,0.7234,1,4,1,557200,48410,74957,32999,0.4484234317684983,0.40534830301318037
6741,0.7235,4,22,4,557222,48388,74961,32995,0.4482196450405721,0.40542865217551577
6742,0.7236,1,4,1,557226,48384,74962,32994,0.4481825929082219,0.4054412740544127
6743,0.7237,8,11,8,557237,48373,74970,32986,0.4480806995442588,0.40543762828943325
6744,0.7238,0,22,0,557259,48351,74970,32986,0.4478769128163326,0.40554729090082003
6745,0.7239,2,3,2,557262,48348,74972,32984,0.4478491237170699,0.40554763192839227
6746,0.724,16,56,16,557318,48292,74988,32968,0.4473303938641669,0.4057100664533596
6747,0.7241,1,5,1,557323,48287,74989,32967,0.4472840786987291,0.40572771802003593
6748,0.7242,21,58,21,557381,48229,75010,32946,0.44674682277965094,0.4058638743455497
6749,0.7243,11,17,11,557398,48212,75021,32935,0.44658935121716253,0.40586836235473894
6750,0.7245,3,9,3,557407,48203,75024,32932,0.44650598391937457,0.4058914155419979
6751,0.7246,1,1,1,557408,48202,75025,32931,0.446496720886287,0.40588909568239806
6752,0.7247,4,16,4,557424,48186,75029,32927,0.44634851235688616,0.40593986167445417
6753,0.7248,3,14,3,557438,48172,75032,32924,0.4462188298936604,0.40598796488112854
6754,0.7249,0,11,0,557449,48161,75032,32924,0.4461169365296973,0.4060430412530061
6755,0.725,186,388,186,557837,47773,75218,32738,0.44252287969172627,0.4066276657847996
6756,0.7251,0,5,0,557842,47768,75218,32738,0.4424765645262885,0.40665292027923383
6757,0.7252,3,12,3,557854,47756,75221,32735,0.44236540812923786,0.40669143134014984
6758,0.7253,7,16,7,557870,47740,75228,32728,0.44221719959983696,0.40672068399860817
6759,0.7254,2,9,2,557879,47731,75230,32726,0.442133832302049,0.4067514324421741
6760,0.7255,2,9,2,557888,47722,75232,32724,0.442050465004261,0.40678218929468213
6761,0.7256,4,5,4,557893,47717,75236,32720,0.44200414983882325,0.4067779753098698
6762,0.7257,12,30,12,557923,47687,75248,32708,0.4417262588461966,0.4068412214689968
6763,0.7258,13,60,13,557983,47627,75261,32695,0.44117047686094335,0.4070491272627674
6764,0.7259,0,2,0,557985,47625,75261,32695,0.44115195079476827,0.40705926294820716
6765,0.726,28,59,28,558044,47566,75289,32667,0.44060543184260254,0.4071516707589147
6766,0.7261,1,6,1,558050,47560,75290,32666,0.4405498536440772,0.40717473138384064
6767,0.7262,1,8,1,558058,47552,75291,32665,0.4404757493793768,0.4072079484398569
6768,0.7263,5,14,5,558072,47538,75296,32660,0.440346066916151,0.4072420758622409
6769,0.7264,5,6,5,558078,47532,75301,32655,0.4402904887176257,0.407235586815818
6770,0.7265,2,17,2,558095,47515,75303,32653,0.44013301715513725,0.40730715497455344
6771,0.7266,2,4,2,558099,47511,75305,32651,0.4400959650227871,0.4073126917991068
6772,0.7267,105,199,105,558298,47312,75410,32546,0.4382526214383638,0.4075483984071727
6773,0.7268,2,19,2,558317,47293,75412,32544,0.43807662380970025,0.40763054724000153
6774,0.7269,5,9,5,558326,47284,75417,32539,0.4379932565119123,0.4076394021773173
6775,0.727,7,25,7,558351,47259,75424,32532,0.43776168068472343,0.40771515584464413
6776,0.7271,3,4,3,558355,47255,75427,32529,0.4377246285523732,0.40771332598014637
6777,0.7272,3,9,3,558364,47246,75430,32526,0.4376412612545852,0.40773705059419346
6778,0.7273,8,25,8,558389,47221,75438,32518,0.43740968542739633,0.4078054653306412
6779,0.7274,1,4,1,558393,47217,75439,32517,0.4373726332950461,0.4078184965008654
6780,0.7275,54,125,54,558518,47092,75493,32463,0.4362147541591019,0.4080573188360254
6781,0.7276,2,5,2,558523,47087,75495,32461,0.4361684389936641,0.40806808467843314
6782,0.7277,4,15,4,558538,47072,75499,32457,0.43602949349735076,0.40811527870336606
6783,0.7278,4,18,4,558556,47054,75503,32453,0.4358627589017748,0.4081778962858616
6784,0.7279,0,3,0,558559,47051,75503,32453,0.43583496980251213,0.40819329845039243
6785,0.728,18,26,18,558585,47025,75521,32435,0.4355941309422357,0.4081928014095142
6786,0.7281,2,2,2,558587,47023,75523,32433,0.4355756048760606,0.4081881796214257
6787,0.7282,4,12,4,558599,47011,75527,32429,0.43546444847900995,0.40822004028197384
6788,0.7283,53,120,53,558719,46891,75580,32376,0.43435288450850346,0.40844235305991144
6789,0.7284,2,1,2,558720,46890,75582,32374,0.4343436214754159,0.40843257973354863
6790,0.7285,4,12,4,558732,46878,75586,32370,0.43423246507836527,0.40846456692913385
6791,0.7286,1,6,1,558738,46872,75587,32369,0.4341768868798399,0.4084880301863934
6792,0.7287,10,20,10,558758,46852,75597,32359,0.43399162621808884,0.4085164939212988
6793,0.7288,9,18,9,558776,46834,75606,32350,0.43382489162251286,0.4085421297231764
6794,0.7289,0,5,0,558781,46829,75606,32350,0.4337785764570751,0.40856792836484424
6795,0.729,13,28,13,558809,46801,75619,32337,0.43351921153062356,0.4086153301827188
6796,0.7291,0,8,0,558817,46793,75619,32337,0.43344510726592317,0.40865664097055476
6797,0.7292,18,49,18,558866,46744,75637,32319,0.432991218644633,0.4087752804725346
6798,0.7293,12,34,12,558900,46710,75649,32307,0.43267627551965615,0.40886138425908347
6799,0.7294,0,11,0,558911,46699,75649,32307,0.43257438215569305,0.40891831000177203
6800,0.7295,2,10,2,558921,46689,75651,32305,0.4324817518248175,0.40895511051472266
6801,0.7296,1,4,1,558925,46685,75652,32304,0.4324446996924673,0.40896833736343036
6802,0.7297,6,12,6,558937,46673,75658,32298,0.4323335432954167,0.40898557698395616
6803,0.7298,1,14,1,558951,46659,75659,32297,0.43220386083219087,0.40905061046658897
6804,0.7299,2,8,2,558959,46651,75661,32295,0.4321297565674905,0.4090770906695716
6805,0.73,673,1304,673,560263,45347,76334,31622,0.4200507614213198,0.41084072808533306
6806,0.7301,2,1,2,560264,45346,76336,31620,0.42004149838823224,0.4108307564379077
6807,0.7302,0,9,0,560273,45337,76336,31620,0.4199581310904443,0.41087880244812036
6808,0.7303,9,21,9,560294,45316,76345,31611,0.41976360739560564,0.41092204297580825
6809,0.7304,1,5,1,560299,45311,76346,31610,0.41971729223016785,0.4109410954095761
6810,0.7305,4,18,4,560317,45293,76350,31606,0.41955055763459187,0.41100664507991
6811,0.7306,1,2,1,560319,45291,76351,31605,0.4195320315684168,0.41100967540574285
6812,0.7307,10,16,10,560335,45275,76361,31595,0.4193838230390159,0.4110186028359568
6813,0.7308,20,44,20,560379,45231,76381,31575,0.4189762495831635,0.41110069525818294
6814,0.7309,2,1,2,560380,45230,76383,31573,0.41896698655007597,0.4110907126023723
6815,0.731,15,30,15,560410,45200,76398,31558,0.4186890955574493,0.4111362984965736
6816,0.7311,2,1,2,560411,45199,76400,31556,0.41867983252436175,0.4111263109895121
6817,0.7312,3,20,3,560431,45179,76403,31553,0.4184945718626107,0.41121044674972634
6818,0.7313,8,13,8,560444,45166,76411,31545,0.4183741524324725,0.41121873003871673
6819,0.7314,1,4,1,560448,45162,76412,31544,0.4183371003001223,0.4112324981096655
6820,0.7315,4,7,4,560455,45155,76416,31540,0.4182722590685094,0.4112393245974314
6821,0.7316,0,2,0,560457,45153,76416,31540,0.41825373300233426,0.41125004889624867
6822,0.7317,37,139,37,560596,45014,76453,31503,0.4169661714031643,0.41171242991753465
6823,0.7318,2,14,2,560610,45000,76455,31501,0.4168364889399385,0.4117723951320898
6824,0.7319,2,3,2,560613,44997,76457,31499,0.4168086998406758,0.41177316460991426
6825,0.732,13,26,13,560639,44971,76470,31486,0.41656786098039944,0.4118131760335875
6826,0.7321,4,6,4,560645,44965,76474,31482,0.4165122827818741,0.41181472131018876
6827,0.7322,4,12,4,560657,44953,76478,31478,0.41640112638482346,0.4118485954651908
6828,0.7323,8,24,8,560681,44929,76486,31470,0.4161788135907221,0.41191638634013533
6829,0.7324,2,6,2,560687,44923,76488,31468,0.4161232353921968,0.41193334293306805
6830,0.7325,51,107,51,560794,44816,76539,31417,0.4151320908518285,0.412118111578975
6831,0.7326,4,3,4,560797,44813,76543,31413,0.41510430175256585,0.4121034817516333
6832,0.7327,7,16,7,560813,44797,76550,31406,0.414956093223165,0.41213600514415444
6833,0.7328,3,5,3,560818,44792,76553,31403,0.4149097780577272,0.4121399041931885
6834,0.7329,5,9,5,560827,44783,76558,31398,0.41482641075993926,0.4121500111576377
6835,0.733,9,28,9,560855,44755,76567,31389,0.4145670458334877,0.4122320865728094
6836,0.7331,3,1,3,560856,44754,76570,31386,0.4145577828004002,0.41221434200157603
6837,0.7332,0,6,0,560862,44748,76570,31386,0.4145022046018748,0.41224682796122625
6838,0.7333,83,223,83,561085,44525,76653,31303,0.41243654822335024,0.4128158463891966
6839,0.7334,0,1,0,561086,44524,76653,31303,0.4124272851902627,0.41282129056932226
6840,0.7335,4,16,4,561102,44508,76657,31299,0.41227907666086183,0.41287743875895366
6841,0.7336,1,7,1,561109,44501,76658,31298,0.41221423542924895,0.4129078220029288
6842,0.7337,6,8,6,561117,44493,76664,31292,0.4121401311645485,0.4129049284159134
6843,0.7338,4,13,4,561130,44480,76668,31288,0.4120197117344103,0.41294477879843733
6844,0.7339,1,4,1,561134,44476,76669,31287,0.4119826596020601,0.41295883214761825
6845,0.734,19,41,19,561175,44435,76688,31268,0.4116028752454704,0.4130351505224364
6846,0.7341,1,2,1,561177,44433,76689,31267,0.41158434917929526,0.41303830911492734
6847,0.7342,21,53,21,561230,44380,76710,31246,0.4110934084256549,0.41316478459788963
6848,0.7343,3,32,3,561262,44348,76713,31243,0.41079699136685316,0.41331640010054105
6849,0.7344,0,2,0,561264,44346,76713,31243,0.4107784653006781,0.4133273359880406
6850,0.7345,2,10,2,561274,44336,76715,31241,0.4106858349698025,0.4133665003903304
6851,0.7346,2,4,2,561278,44332,76717,31239,0.4106487828374523,0.4133728546664726
6852,0.7347,7,14,7,561292,44318,76724,31232,0.41051910037422656,0.41339510258107215
6853,0.7348,0,15,0,561307,44303,76724,31232,0.41038015487791324,0.41347719600185345
6854,0.7349,2,3,2,561310,44300,76726,31230,0.4103523657786506,0.41347808817688336
6855,0.735,210,410,210,561720,43890,76936,31020,0.40655452221275334,0.41409691629955947
6856,0.7351,1,6,1,561726,43884,76937,31019,0.40649894401422804,0.41412226479580255
6857,0.7352,4,16,4,561742,43868,76941,31015,0.40635073548482714,0.41417945328045086
6858,0.7353,9,18,9,561760,43850,76950,31006,0.40618400088925116,0.4142086138719675
6859,0.7354,4,1,4,561761,43849,76954,31002,0.40617473785616365,0.4141828432485872
6860,0.7355,3,12,3,561773,43837,76957,30999,0.406063581459113,0.4142257736918061
6861,0.7356,1,3,1,561776,43834,76958,30998,0.4060357923598503,0.4142345520632884
6862,0.7357,4,24,4,561800,43810,76962,30994,0.40581347956574904,0.41433613175766004
6863,0.7358,11,48,11,561848,43762,76973,30983,0.4053688539775464,0.4145160211385377
6864,0.7359,2,2,2,561850,43760,76975,30981,0.4053503279113713,0.4145114461941906
6865,0.736,21,45,21,561895,43715,76996,30960,0.40493349142243135,0.41459658520254433
6866,0.7361,0,3,0,561898,43712,76996,30960,0.4049057023231687,0.41461324191129206
6867,0.7362,7,25,7,561923,43687,77003,30953,0.40467412649597984,0.4146972132904609
6868,0.7363,8,11,8,561934,43676,77011,30945,0.40457223313201673,0.4146955950737728
6869,0.7364,1,1,1,561935,43675,77012,30944,0.4045629700989292,0.4146933086747343
6870,0.7365,5,18,5,561953,43657,77017,30939,0.40439623550335324,0.41475414231326074
6871,0.7366,2,4,2,561957,43653,77019,30937,0.404359183371003,0.4147606917817402
6872,0.7367,130,217,130,562174,43436,77149,30807,0.40234910519100375,0.4149482106057137
6873,0.7368,2,7,2,562181,43429,77151,30805,0.4022842639593909,0.41497157636662446
6874,0.7369,2,4,2,562185,43425,77153,30803,0.40224721182704065,0.41497817535161935
6875,0.737,6,23,6,562208,43402,77159,30797,0.4020341620660269,0.41505950214962467
6876,0.7371,4,7,4,562215,43395,77163,30793,0.401969320834414,0.4150671267590446
6877,0.7372,0,6,0,562221,43389,77163,30793,0.4019137426358887,0.41510069828260227
6878,0.7373,3,10,3,562231,43379,77166,30790,0.40182111230501316,0.41513300705146355
6879,0.7374,3,4,3,562235,43375,77169,30787,0.40178406017266294,0.41513173862625063
6880,0.7375,56,105,56,562340,43270,77225,30731,0.4008114416984698,0.4152781719165957
6881,0.7376,2,7,2,562347,43263,77227,30729,0.4007466004668569,0.41530165423289006
6882,0.7377,8,23,8,562370,43240,77235,30721,0.4005335507058431,0.4153675585781696
6883,0.7378,2,7,2,562377,43233,77237,30719,0.40046870947423024,0.41539106447425356
6884,0.7379,1,1,1,562378,43232,77238,30718,0.4004594464411427,0.4153887762001352
6885,0.738,22,40,22,562418,43192,77260,30696,0.4000889251176405,0.41543958423559985
6886,0.7381,1,4,1,562422,43188,77261,30695,0.4000518729852903,0.4154541640160795
6887,0.7382,6,7,6,562429,43181,77267,30689,0.39998703175367745,0.4154460538784351
6888,0.7383,40,83,40,562512,43098,77307,30649,0.39921820000741043,0.4155965666399989
6889,0.7384,1,1,1,562513,43097,77308,30648,0.39920893697432286,0.4155942775781409
6890,0.7385,10,24,10,562537,43073,77318,30638,0.39898662418022157,0.41565030999443775
6891,0.7386,2,5,2,562542,43068,77320,30636,0.3989403090147838,0.41566265060240964
6892,0.7387,3,16,3,562558,43052,77323,30633,0.39879210048538294,0.41572911718803013
6893,0.7388,3,14,3,562572,43038,77326,30630,0.3986624180221572,0.41578432969539014
6894,0.7389,0,5,0,562577,43033,77326,30630,0.3986161028567194,0.41581255175596976
6895,0.739,10,33,10,562610,43000,77336,30620,0.39831042276483014,0.41591958706873133
6896,0.7391,0,1,0,562611,42999,77336,30620,0.39830115973174257,0.41592523669161496
6897,0.7392,17,71,17,562682,42928,77353,30603,0.3976434843825262,0.41619181025689844
6898,0.7393,10,24,10,562706,42904,77363,30593,0.39742117158842494,0.41624828224281263
6899,0.7394,2,2,2,562708,42902,77365,30591,0.3974026455222498,0.41624372389207137
6900,0.7395,4,8,4,562716,42894,77369,30587,0.39732854125754935,0.4162572637824744
6901,0.7396,0,3,0,562719,42891,77369,30587,0.3973007521582867,0.41627425896186615
6902,0.7397,5,17,5,562736,42874,77374,30582,0.3971432805957983,0.4163308647353518
6903,0.7398,2,14,2,562750,42860,77376,30580,0.39701359813257253,0.41639433551198257
6904,0.7399,0,1,0,562751,42859,77376,30580,0.39700433509948496,0.41640000544669725
6905,0.74,723,1290,723,564041,41569,78099,29857,0.38505502241654005,0.4180130484697449
6906,0.7401,2,7,2,564048,41562,78101,29855,0.38499018118492717,0.418037722110982
6907,0.7402,8,13,8,564061,41549,78109,29847,0.384869761754789,0.41804863017536
6908,0.7403,5,16,5,564077,41533,78114,29842,0.38472155322538815,0.4181015761821366
6909,0.7404,0,3,0,564080,41530,78114,29842,0.38469376412612544,0.41811915036709074
6910,0.7405,4,11,4,564091,41519,78118,29838,0.38459187076216234,0.41815098728926386
6911,0.7406,1,5,1,564096,41514,78119,29837,0.3845455555967246,0.41817213493854327
6912,0.7407,9,25,9,564121,41489,78128,29828,0.38431397976953574,0.4182452991572837
6913,0.7408,16,45,16,564166,41444,78144,29812,0.3838971432805958,0.4183788031885034
6914,0.7409,0,4,0,564170,41440,78144,29812,0.3838600911482456,0.4184022904620221
6915,0.741,12,20,12,564190,41420,78156,29800,0.3836748304864945,0.4184217916315642
6916,0.7411,3,5,3,564195,41415,78159,29797,0.38362851532105674,0.41842666966241643
6917,0.7412,3,8,3,564203,41407,78162,29794,0.3835544110563563,0.4184491790845634
6918,0.7413,4,16,4,564219,41391,78166,29790,0.38340620252695545,0.418510557592616
6919,0.7414,1,2,1,564221,41389,78167,29789,0.3833876764607803,0.41851414762988565
6920,0.7415,8,15,8,564236,41374,78175,29781,0.383248730964467,0.41853699669735084
6921,0.7416,2,2,2,564238,41372,78177,29779,0.3832302048982919,0.41853241697235455
6922,0.7417,45,119,45,564357,41253,78222,29734,0.38212790396087293,0.4188654260639272
6923,0.7418,4,7,4,564364,41246,78226,29730,0.38206306272926005,0.4188739855725879
6924,0.7419,1,1,1,564365,41245,78227,29729,0.38205379969617254,0.41887169949558994
6925,0.742,7,16,7,564381,41229,78234,29722,0.38190559116677164,0.418908824399938
6926,0.7421,2,2,2,564383,41227,78236,29720,0.38188706510059656,0.4189042524701538
6927,0.7422,5,12,5,564395,41215,78241,29715,0.3817759087035459,0.4189341604398703
6928,0.7423,8,19,8,564414,41196,78249,29707,0.38159991107488234,0.41898086117653693
6929,0.7424,1,5,1,564419,41191,78250,29706,0.3815535959094446,0.41900221448016134
6930,0.7425,59,105,59,564524,41086,78309,29647,0.3805809774352514,0.4191395812421359
6931,0.7426,0,4,0,564528,41082,78309,29647,0.3805439253029012,0.41916328521539964
6932,0.7427,5,22,5,564550,41060,78314,29642,0.380340138574975,0.4192526378320274
6933,0.7428,3,9,3,564559,41051,78317,29639,0.380256771277187,0.41928136935917387
6934,0.7429,5,7,5,564566,41044,78322,29634,0.3801919300455741,0.41928181329409436
6935,0.743,4,29,4,564595,41015,78326,29630,0.37992330208603503,0.41942104890650433
6936,0.7431,0,4,0,564599,41011,78326,29630,0.3798862499536848,0.4194447983465693
6937,0.7432,2,16,2,564615,40995,78328,29628,0.37973804142428397,0.419523384733019
6938,0.7433,103,196,103,564811,40799,78431,29525,0.37792248693912334,0.419842443547011
6939,0.7435,5,13,5,564824,40786,78436,29520,0.37780206750898515,0.41987881546382955
6940,0.7436,1,4,1,564828,40782,78437,29519,0.3777650153766349,0.41989445384845164
6941,0.7437,7,15,7,564843,40767,78444,29512,0.3776260698803216,0.419926293771966
6942,0.7438,3,19,3,564862,40748,78447,29509,0.3774500722516581,0.42001508746459426
6943,0.7439,0,3,0,564865,40745,78447,29509,0.3774222831523954,0.4200330230307171
6944,0.744,20,39,20,564904,40706,78467,29489,0.3770610248619808,0.420101146805328
6945,0.7441,0,2,0,564906,40704,78467,29489,0.3770424987958057,0.4201131166925477
6946,0.7442,22,60,22,564966,40644,78489,29467,0.37648671681055246,0.4202906819186718
6947,0.7443,10,25,10,564991,40619,78499,29457,0.3762551409833636,0.42035789714024774
6948,0.7444,1,3,1,564994,40616,78500,29456,0.37622735188410095,0.4203676218746432
6949,0.7445,3,10,3,565004,40606,78503,29453,0.3761347215532254,0.4204028033514609
6950,0.7446,1,0,1,565004,40606,78504,29452,0.3761347215532254,0.4203945302463673
6951,0.7447,5,14,5,565018,40592,78509,29447,0.3760050390899996,0.4204371849969303
6952,0.7448,3,14,3,565032,40578,78512,29444,0.37587535662677385,0.420496415412299
6953,0.7449,2,2,2,565034,40576,78514,29442,0.37585683056059876,0.4204918735182382
6954,0.745,171,368,171,565402,40208,78685,29271,0.37244803438437885,0.4212927647202752
6955,0.7451,1,7,1,565409,40201,78686,29270,0.37238319315276597,0.4213268845993292
6956,0.7452,3,14,3,565423,40187,78689,29267,0.37225351068954016,0.4213868171739569
6957,0.7453,6,17,6,565440,40170,78695,29261,0.37209603912705175,0.42143999078221545
6958,0.7454,1,3,1,565443,40167,78696,29260,0.3720682500277891,0.42144986820689356
6959,0.7455,6,8,6,565451,40159,78702,29254,0.37199414576308865,0.42144843184994163
6960,0.7456,1,7,1,565458,40152,78703,29253,0.37192930453147577,0.42148260211800304
6961,0.7457,7,17,7,565475,40135,78710,29246,0.37177183296898736,0.4215275075308802
6962,0.7458,14,40,14,565515,40095,78724,29232,0.3714013116454852,0.4216539010775023
6963,0.7459,4,6,4,565521,40089,78728,29228,0.37134573344695987,0.421657024972229
6964,0.746,16,58,16,565579,40031,78744,29212,0.3708084775278817,0.4218765795820516
6965,0.7461,4,14,4,565593,40017,78748,29208,0.37067879506465595,0.4219284940411701
6966,0.7462,6,18,6,565611,39999,78754,29202,0.37051206046908,0.421988121558937
6967,0.7463,3,15,3,565626,39984,78757,29199,0.3703731149727667,0.422054550973505
6968,0.7464,3,6,3,565632,39978,78760,29196,0.37031753677424134,0.4220660941972417
6969,0.7465,4,9,4,565641,39969,78764,29192,0.3702341694764534,0.4220875927184396
6970,0.7466,0,2,0,565643,39967,78764,29192,0.37021564341027824,0.4220997990138666
6971,0.7467,124,212,124,565855,39755,78888,29068,0.36825188039571677,0.4223588044694361
6972,0.7468,6,10,6,565865,39745,78894,29062,0.36815925006484124,0.42236981702443066
6973,0.7469,0,2,0,565867,39743,78894,29062,0.3681407239986661,0.4223820943245404
6974,0.747,8,15,8,565882,39728,78902,29054,0.3680017785023528,0.42240702509377454
6975,0.7471,3,9,3,565891,39719,78905,29051,0.3679184112045648,0.42243710920459504
6976,0.7472,2,7,2,565898,39712,78907,29049,0.36785356997295193,0.4224633149605154
6977,0.7473,6,23,6,565921,39689,78913,29043,0.3676405202119382,0.42255426875400104
6978,0.7474,2,3,2,565924,39686,78915,29041,0.36761273111267556,0.42255590961339795
6979,0.7475,51,92,51,566016,39594,78966,28990,0.3667605320686205,0.422693339554415
6980,0.7476,1,13,1,566029,39581,78967,28989,0.36664011263848234,0.42276505760536676
6981,0.7477,11,16,11,566045,39565,78978,28978,0.3664919041090815,0.42277110718818844
6982,0.7478,3,8,3,566053,39557,78981,28975,0.36641779984438105,0.4227951905679099
6983,0.7479,2,2,2,566055,39555,78983,28973,0.3663992737782059,0.42279068409993
6984,0.748,18,26,18,566081,39529,79001,28955,0.36615843491792954,0.4227994860113311
6985,0.7481,3,4,3,566085,39525,79004,28952,0.3661213827855793,0.422798895979672
6986,0.7482,4,5,4,566090,39520,79008,28948,0.3660750676201415,0.4227960507098206
6987,0.7483,52,120,52,566210,39400,79060,28896,0.36496350364963503,0.4230994494553122
6988,0.7485,4,11,4,566221,39389,79064,28892,0.36486161028567193,0.4231338146775823
6989,0.7486,1,10,1,566231,39379,79065,28891,0.3647689799547964,0.4231873443679508
6990,0.7487,13,23,13,566254,39356,79078,28878,0.36455593019378263,0.42322009555353635
6991,0.7488,5,9,5,566263,39347,79083,28873,0.36447256289599467,0.4232336558194078
6992,0.7489,1,0,1,566263,39347,79084,28872,0.36447256289599467,0.42322520119028423
6993,0.749,14,28,14,566291,39319,79098,28858,0.36421319796954316,0.4232805784942136
6994,0.7491,2,9,2,566300,39310,79100,28856,0.36412983067175514,0.4233195434674178
6995,0.7492,18,51,18,566351,39259,79118,28838,0.3636574159842899,0.4234841476129639
6996,0.7493,5,15,5,566366,39244,79123,28833,0.3635184704879766,0.423535114649588
6997,0.7494,1,3,1,566369,39241,79124,28832,0.36349068138871393,0.4235453116507279
6998,0.7495,1,9,1,566378,39232,79125,28831,0.3634073140909259,0.42359284780277096
6999,0.7496,0,1,0,566379,39231,79125,28831,0.3633980510578384,0.4235990714348682
7000,0.7497,4,15,4,566394,39216,79129,28827,0.3632591055615251,0.4236585688461708
7001,0.7498,10,15,10,566409,39201,79139,28817,0.36312016006521175,0.42366726454761977
7002,0.7499,2,2,2,566411,39199,79141,28815,0.36310163399903667,0.4236627753109654
7003,0.75,723,1175,723,567586,38024,79864,28092,0.35221757012116045,0.424889587996854
7004,0.7501,3,2,3,567588,38022,79867,28089,0.35219904405498537,0.4248763443299905
7005,0.7502,5,10,5,567598,38012,79872,28084,0.35210641372410983,0.42489711934156377
7006,0.7503,6,21,6,567619,37991,79878,28078,0.3519118900292712,0.42497994520879684
7007,0.7504,1,6,1,567625,37985,79879,28077,0.35185631183074584,0.42500983924192426
7008,0.7505,2,10,2,567635,37975,79881,28075,0.3517636814998703,0.42505677517032553
7009,0.7506,2,2,2,567637,37973,79883,28073,0.3517451554336952,0.4250522363201405
7010,0.7507,14,18,14,567655,37955,79897,28059,0.35157842083811924,0.4250462023207198
7011,0.7508,20,46,20,567701,37909,79917,28039,0.35115232131609175,0.42516831442955055
7012,0.7509,1,2,1,567703,37907,79918,28038,0.3511337952499166,0.4251724922283721
7013,0.751,10,21,10,567724,37886,79928,28028,0.350939271555078,0.4252207421792032
7014,0.7511,1,1,1,567725,37885,79929,28027,0.35093000852199047,0.4252184731156694
7015,0.7512,4,6,4,567731,37879,79933,28023,0.3508744303234651,0.42522229977845893
7016,0.7513,4,9,4,567740,37870,79937,28019,0.35079106302567714,0.4252454886248084
7017,0.7514,0,6,0,567746,37864,79937,28019,0.3507354848271518,0.4252842159585933
7018,0.7515,5,22,5,567768,37842,79942,28014,0.35053169809922563,0.42538265306122447
7019,0.7516,1,0,1,567768,37842,79943,28013,0.35053169809922563,0.42537392756814213
7020,0.7517,45,95,45,567863,37747,79988,27968,0.34965170995590794,0.4255953739633265
7021,0.7518,3,9,3,567872,37738,79991,27965,0.34956834265812,0.4256274447133312
7022,0.7519,0,4,0,567876,37734,79991,27965,0.34953129052576976,0.4256533584986073
7023,0.752,10,39,10,567915,37695,80001,27955,0.34917003223535514,0.42581873571972584
7024,0.7521,2,1,2,567916,37694,80003,27953,0.3491607692022676,0.4258077292183954
7025,0.7522,2,13,2,567929,37681,80005,27951,0.3490403497721294,0.4258745733788396
7026,0.7523,4,20,4,567949,37661,80009,27947,0.3488550891103783,0.42596939397634437
7027,0.7524,0,5,0,567954,37656,80009,27947,0.34880877394494053,0.42600185967105164
7028,0.7525,43,91,43,568045,37565,80052,27904,0.3479658379339731,0.42621698819288517
7029,0.7526,0,5,0,568050,37560,80052,27904,0.3479195227685353,0.4262495417328608
7030,0.7527,6,23,6,568073,37537,80058,27898,0.3477064730075216,0.4263467563230687
7031,0.7528,4,15,4,568088,37522,80062,27894,0.3475675275112083,0.4264094411153235
7032,0.7529,6,6,6,568094,37516,80068,27888,0.3475119493126829,0.4263959390862944
7033,0.753,8,20,8,568114,37496,80076,27880,0.34732668865093186,0.4264561918746941
7034,0.7531,3,4,3,568118,37492,80079,27877,0.34728963651858163,0.4264559653658462
7035,0.7532,9,7,9,568125,37485,80088,27868,0.34722479528696876,0.4264226584854559
7036,0.7533,95,190,95,568315,37295,80183,27773,0.3454648190003335,0.42683039281981927
7037,0.7534,0,3,0,568318,37292,80183,27773,0.3454370299010708,0.42685007300391914
7038,0.7535,9,18,9,568336,37274,80192,27764,0.34527029530549486,0.4268888957225007
7039,0.7536,0,3,0,568339,37271,80192,27764,0.34524250620623215,0.426908587683555
7040,0.7537,5,7,5,568346,37264,80197,27759,0.34517766497461927,0.42691047783092134
7041,0.7538,5,9,5,568355,37255,80202,27754,0.3450942976768313,0.4269255026227138
7042,0.7539,2,1,2,568356,37254,80204,27752,0.34508503464374374,0.42691443866719997
7043,0.754,15,42,15,568398,37212,80219,27737,0.34469598725406647,0.42705815332029745
7044,0.7541,2,2,2,568400,37210,80221,27735,0.3446774611878914,0.42705366078989915
7045,0.7542,17,46,17,568446,37164,80238,27718,0.3442513616658639,0.42720631299898276
7046,0.7543,5,17,5,568463,37147,80243,27713,0.34409389010337543,0.4272741288930003
7047,0.7544,0,1,0,568464,37146,80243,27713,0.3440846270702879,0.4272807166314621
7048,0.7545,3,6,3,568470,37140,80246,27710,0.34402904887176255,0.42729375481881265
7049,0.7546,1,1,1,568471,37139,80247,27709,0.34401978583867504,0.42729151245990626
7050,0.7547,8,21,8,568492,37118,80255,27701,0.34382526214383635,0.4273592619448001
7051,0.7548,5,10,5,568502,37108,80260,27696,0.3437326318129608,0.42738102586260107
7052,0.7549,2,4,2,568506,37104,80262,27694,0.3436955796806106,0.42738973425105714
7053,0.755,172,342,172,568848,36762,80434,27522,0.3405276223646671,0.42813141683778233
7054,0.7551,1,3,1,568851,36759,80435,27521,0.34049983326540445,0.42814250155569383
7055,0.7552,4,8,4,568859,36751,80439,27517,0.340425729000704,0.4281602041451422
7056,0.7553,7,19,7,568878,36732,80446,27510,0.34024973137204045,0.42822452601102085
7057,0.7554,1,7,1,568885,36725,80447,27509,0.3401848901404276,0.4282622909985366
7058,0.7555,0,16,0,568901,36709,80447,27509,0.34003668161102674,0.42836899311719456
7059,0.7556,0,1,0,568902,36708,80447,27509,0.34002741857793917,0.42837566376504665
7060,0.7557,8,16,8,568918,36692,80455,27501,0.33987921004853827,0.42841119748259154
7061,0.7558,14,41,14,568959,36651,80469,27487,0.3394994256919486,0.4285602918706539
7062,0.7559,0,2,0,568961,36649,80469,27487,0.33948089962577344,0.4285736559810403
7063,0.756,22,45,22,569006,36604,80491,27465,0.3390640631368335,0.4286784560395823
7064,0.7561,0,5,0,569011,36599,80491,27465,0.3390177479713958,0.4287119130869131
7065,0.7562,4,21,4,569032,36578,80495,27461,0.3388232242765571,0.4288168147535096
7066,0.7563,6,9,6,569041,36569,80501,27455,0.3387398569787691,0.428823566162689
7067,0.7564,1,8,1,569049,36561,80502,27454,0.3386657527140687,0.42886823400765445
7068,0.7565,9,13,9,569062,36548,80511,27445,0.3385453332839305,0.42887503320675696
7069,0.7566,0,2,0,569064,36546,80511,27445,0.33852680721775535,0.4288884374365145
7070,0.7567,96,175,96,569239,36371,80607,27349,0.3369057764274334,0.4292059008160703
7071,0.7568,1,7,1,569246,36364,80608,27348,0.33684093519582053,0.4292440984429935
7072,0.7569,2,2,2,569248,36362,80610,27346,0.3368224091296454,0.42923965593018143
7073,0.757,5,11,5,569259,36351,80615,27341,0.3367205157656823,0.42926898197575836
7074,0.7571,0,8,0,569267,36343,80615,27341,0.3366464115009819,0.4293229068525846
7075,0.7572,2,10,2,569277,36333,80617,27339,0.3365537811701063,0.42937240859404446
7076,0.7573,5,17,5,569294,36316,80622,27334,0.3363963096076179,0.4294422623723488
7077,0.7574,0,8,0,569302,36308,80622,27334,0.33632220534291746,0.4294962446183338
7078,0.7575,44,109,44,569411,36199,80666,27290,0.33531253473637407,0.4298382396950653
7079,0.7577,2,14,2,569425,36185,80668,27288,0.3351828522731483,0.42991508200337153
7080,0.7578,4,5,4,569430,36180,80672,27284,0.3351365371077106,0.4299130215555275
7081,0.7579,3,8,3,569438,36172,80675,27281,0.3350624328430101,0.4299402707515799
7082,0.758,14,31,14,569469,36141,80689,27267,0.33477527881729596,0.4300246025738077
7083,0.7581,0,4,0,569473,36137,80689,27267,0.33473822668494574,0.43005173175193995
7084,0.7582,3,9,3,569482,36128,80692,27264,0.3346548593871577,0.43008581524482586
7085,0.7583,40,95,40,569577,36033,80732,27224,0.3337748712438401,0.4303713423020377
7086,0.7584,0,3,0,569580,36030,80732,27224,0.33374708214457743,0.43039175388117745
7087,0.7585,7,9,7,569589,36021,80739,27217,0.3336637148467894,0.43038995540655933
7088,0.7586,2,3,2,569592,36018,80741,27215,0.33363592574752676,0.43039235842044504
7089,0.7587,5,8,5,569600,36010,80746,27210,0.3335618214828263,0.4304017715912686
7090,0.7588,5,12,5,569612,35998,80751,27205,0.3334506650857757,0.43043842855560654
7091,0.7589,3,4,3,569616,35994,80754,27202,0.3334136129534255,0.43043863535666815
7092,0.759,10,11,10,569627,35983,80764,27192,0.3333117195894624,0.4304234269885239
7093,0.7591,1,1,1,569628,35982,80765,27191,0.3333024565563748,0.4304212242571985
7094,0.7592,15,32,15,569660,35950,80780,27176,0.33300603949757307,0.4305040712226341
7095,0.7593,10,25,10,569685,35925,80790,27166,0.3327744636703842,0.4305843939706139
7096,0.7594,4,5,4,569690,35920,80794,27162,0.3327281485049465,0.4305824165372055
7097,0.7595,2,22,2,569712,35898,80796,27160,0.33252436177702027,0.43071458022772685
7098,0.7596,2,6,2,569718,35892,80798,27158,0.33246878357849496,0.43073750991276766
7099,0.7597,5,13,5,569731,35879,80803,27153,0.3323483641483567,0.43078119050640945
7100,0.7598,3,12,3,569743,35867,80806,27150,0.3322372077513061,0.4308361235856991
7101,0.7599,1,7,1,569750,35860,80807,27149,0.33217236651969323,0.43087495437159773
7102,0.76,754,1137,754,570887,34723,81561,26395,0.3216402978991441,0.431869498347459
7103,0.7601,0,3,0,570890,34720,81561,26395,0.32161250879988146,0.4318906978646813
7104,0.7602,2,3,2,570893,34717,81563,26393,0.32158471970061875,0.43189330715103913
7105,0.7603,3,12,3,570905,34705,81566,26390,0.32147356330356813,0.4319502414272854
7106,0.7604,0,3,0,570908,34702,81566,26390,0.3214457742043055,0.4319714528907222
7107,0.7605,4,7,4,570915,34695,81570,26386,0.3213809329726926,0.4319837592704769
7108,0.7606,0,5,0,570920,34690,81570,26386,0.3213346178072548,0.43201912371471607
7109,0.7607,10,11,10,570931,34679,81580,26376,0.3212327244432917,0.4320039308819916
7110,0.7608,16,36,16,570967,34643,81596,26360,0.32089925525213975,0.43210989623461143
7111,0.7609,2,6,2,570973,34637,81598,26358,0.32084367705361444,0.43213378145749654
7112,0.761,10,30,10,571003,34607,81608,26348,0.3205657860609878,0.4322533016159462
7113,0.7611,4,1,4,571004,34606,81612,26344,0.3205565230279003,0.4322231337161608
7114,0.7612,6,17,6,571021,34589,81618,26338,0.3203990514654118,0.43228781984998443
7115,0.7613,3,14,3,571035,34575,81621,26335,0.32026936900218606,0.43235921851912656
7116,0.7614,0,3,0,571038,34572,81621,26335,0.3202415799029234,0.4323805145549773
7117,0.7615,1,9,1,571047,34563,81622,26334,0.32015821260513544,0.4324350953248928
7118,0.7617,60,90,60,571137,34473,81682,26274,0.31932453962725554,0.4325151859351079
7119,0.7618,4,14,4,571151,34459,81686,26270,0.3191948571640298,0.432577516507764
7120,0.7619,1,12,1,571163,34447,81687,26269,0.3190837007669791,0.43265366624942353
7121,0.762,8,25,8,571188,34422,81695,26261,0.31885212493979026,0.4327571148427072
7122,0.7621,0,4,0,571192,34418,81695,26261,0.3188150728074401,0.4327856424792762
7123,0.7622,3,2,3,571194,34416,81698,26258,0.31879654674126495,0.43277186274186635
7124,0.7623,5,10,5,571204,34406,81703,26253,0.3187039164103894,0.4327964522989169
7125,0.7624,0,3,0,571207,34403,81703,26253,0.31867612731112677,0.432817858084938
7126,0.7625,52,89,52,571296,34314,81755,26201,0.31785171736633444,0.432967032967033
7127,0.7626,2,6,2,571302,34308,81757,26199,0.31779613916780913,0.4329912241558828
7128,0.7627,7,22,7,571324,34286,81764,26192,0.31759235243988293,0.43308310460001986
7129,0.7628,2,7,2,571331,34279,81766,26190,0.31752751120827005,0.4331144884155518
7130,0.7629,1,5,1,571336,34274,81767,26189,0.31748119604283226,0.43314092916328994
7131,0.763,11,10,11,571346,34264,81778,26178,0.3173885657119567,0.43310942721948315
7132,0.7631,1,7,1,571353,34257,81779,26177,0.31732372448034385,0.4331502134560016
7133,0.7632,3,12,3,571365,34245,81782,26174,0.3172125680832932,0.4332080967907446
7134,0.7633,86,171,86,571536,34074,81868,26088,0.3156285894253214,0.4336292011568764
7135,0.7634,0,3,0,571539,34071,81868,26088,0.31560080032605875,0.43365082531292076
7136,0.7635,3,19,3,571558,34052,81871,26085,0.31542480269739526,0.4337595822871111
7137,0.7636,0,3,0,571561,34049,81871,26085,0.31539701359813255,0.43378122193767255
7138,0.7637,5,20,5,571581,34029,81876,26080,0.3152117529363815,0.43387845414164267
7139,0.7638,8,9,8,571590,34020,81884,26072,0.3151283856385935,0.43386806896092656
7140,0.7639,3,5,3,571595,34015,81887,26069,0.31508207047315573,0.43387590706344453
7141,0.764,31,38,31,571633,33977,81918,26038,0.3147300752158287,0.4338582021161376
7142,0.7641,1,2,1,571635,33975,81919,26037,0.31471154914965355,0.4338632273545291
7143,0.7642,17,32,17,571667,33943,81936,26020,0.3144151320908518,0.43393425946000036
7144,0.7643,6,13,6,571680,33930,81942,26014,0.3142947126607136,0.4339717069264647
7145,0.7644,1,4,1,571684,33926,81943,26013,0.3142576605283634,0.433991224411485
7146,0.7645,5,12,5,571696,33914,81948,26008,0.31414650413131273,0.4340309068455659
7147,0.7646,1,7,1,571703,33907,81949,26007,0.31408166289969985,0.4340721701104917
7148,0.7647,4,20,4,571723,33887,81953,26003,0.3138964022379488,0.43417932876941057
7149,0.7648,3,12,3,571735,33875,81956,26000,0.3137852458408981,0.4342379958246347
7150,0.7649,1,4,1,571739,33871,81957,25999,0.31374819370854795,0.4342575580424253
7151,0.765,193,314,193,572053,33557,82150,25806,0.3108396013190559,0.4347152266563348
7152,0.7651,0,1,0,572054,33556,82150,25806,0.31083033828596834,0.4347225497793201
7153,0.7652,2,8,2,572062,33548,82152,25804,0.3107562340212679,0.4347620973176978
7154,0.7653,6,20,6,572082,33528,82158,25798,0.31057097335951683,0.4348514984998146
7155,0.7654,2,1,2,572083,33527,82160,25796,0.31056171032642926,0.4348397754665138
7156,0.7655,5,13,5,572096,33514,82165,25791,0.3104412908962911,0.4348874462524239
7157,0.7656,1,2,1,572098,33512,82166,25790,0.310422764830116,0.4348925837239891
7158,0.7657,5,19,5,572117,33493,82171,25785,0.31024676720145244,0.4349843112115793
7159,0.7658,15,41,15,572158,33452,82186,25770,0.30986698284486275,0.43514234574989025
7160,0.7659,0,1,0,572159,33451,82186,25770,0.3098577198117752,0.4351496935208794
7161,0.766,19,44,19,572203,33407,82205,25751,0.3094501463559228,0.43529193008553363
7162,0.7661,0,6,0,572209,33401,82205,25751,0.30939456815739746,0.43533608331079254
7163,0.7662,2,8,2,572217,33393,82207,25749,0.309320463892697,0.4353758750126813
7164,0.7663,3,6,3,572223,33387,82210,25746,0.3092648856941717,0.4353914058140125
7165,0.7664,1,9,1,572232,33378,82211,25745,0.3091815183963837,0.43544813355208634
7166,0.7665,11,16,11,572248,33362,82222,25734,0.30903330986698285,0.43546094490320836
7167,0.7666,2,3,2,572251,33359,82224,25732,0.3090055207677202,0.43546394544008393
7168,0.7667,106,184,106,572435,33175,82330,25626,0.30730112267961024,0.4358089148143739
7169,0.7668,5,8,5,572443,33167,82335,25621,0.3072270184149098,0.435820235422195
7170,0.7669,0,6,0,572449,33161,82335,25621,0.30717144021638443,0.43586472049266783
7171,0.767,8,16,8,572465,33145,82343,25613,0.3070232316869836,0.43590659995234693
7172,0.7671,4,5,4,572470,33140,82347,25609,0.3069769165215458,0.4359052920049703
7173,0.7672,3,13,3,572483,33127,82350,25606,0.3068564970914076,0.43597296238911687
7174,0.7673,11,17,11,572500,33110,82361,25595,0.3066990255289192,0.435993526956818
7175,0.7674,0,1,0,572501,33109,82361,25595,0.30668976249583163,0.4360009539384028
7176,0.7675,42,86,42,572587,33023,82403,25553,0.30589314165030196,0.43623668396612947
7177,0.7676,1,4,1,572591,33019,82404,25552,0.30585608951795173,0.4362568506598829
7178,0.7677,7,16,7,572607,33003,82411,25545,0.3057078809885509,0.43630866980938715
7179,0.7678,4,15,4,572622,32988,82415,25541,0.30556893549223757,0.4363819644962326
7180,0.7679,0,6,0,572628,32982,82415,25541,0.30551335729371226,0.43642670403089384
7181,0.768,9,24,9,572652,32958,82424,25532,0.305291044499611,0.4365190630877073
7182,0.7682,4,11,4,572663,32947,82428,25528,0.3051891511356479,0.4365626336041043
7183,0.7683,39,104,39,572767,32843,82467,25489,0.3042257956945422,0.4369642734691079
7184,0.7684,0,6,0,572773,32837,82467,25489,0.3041702174960169,0.43700922401673353
7185,0.7685,5,13,5,572786,32824,82472,25484,0.3040497980658787,0.43705837963915756
7186,0.7686,1,7,1,572793,32817,82473,25483,0.3039849568342658,0.43710120068610636
7187,0.7687,6,6,6,572799,32811,82479,25477,0.3039293786357405,0.43708825144111996
7188,0.7688,1,8,1,572807,32803,82480,25476,0.30385527437104004,0.4371385919456408
7189,0.7689,1,1,1,572808,32802,82481,25475,0.3038460113379525,0.43713643461399865
7190,0.769,10,20,10,572828,32782,82491,25465,0.3036607506762014,0.43718989819218157
7191,0.7691,1,3,1,572831,32779,82492,25464,0.30363296157693875,0.4372027539790189
7192,0.7692,12,34,12,572865,32745,82504,25452,0.30331801845196193,0.4373421310376824
7193,0.7693,5,13,5,572878,32732,82509,25447,0.3031975990218237,0.4373914986507159
7194,0.7694,2,7,2,572885,32725,82511,25445,0.3031327577902108,0.43742478941034896
7195,0.7695,4,12,4,572897,32713,82515,25441,0.3030216013931602,0.4374763558826564
7196,0.7696,2,7,2,572904,32706,82517,25439,0.3029567601615473,0.43750967409063546
7197,0.7697,6,10,6,572914,32696,82523,25433,0.30286412983067174,0.43752687987063255
7198,0.7698,8,13,8,572927,32683,82531,25425,0.30274371040053355,0.4375473256694431
7199,0.7699,2,2,2,572929,32681,82533,25423,0.30272518433435847,0.43754302629767317
7200,0.77,740,1234,740,574163,31447,83273,24683,0.2912946015043166,0.4397470158560485
7201,0.7701,0,3,0,574166,31444,83273,24683,0.2912668124050539,0.439770520426889
7202,0.7702,6,21,6,574187,31423,83279,24677,0.2910722887102153,0.4398752228163993
7203,0.7703,3,9,3,574196,31414,83282,24674,0.29098892141242727,0.4399158465268863
7204,0.7704,0,4,0,574200,31410,83282,24674,0.29095186928007705,0.4399472220241067
7205,0.7705,6,8,6,574208,31402,83288,24668,0.29087776501537665,0.43995006242197254
7206,0.7706,2,2,2,574210,31400,83290,24666,0.2908592389492015,0.43994577818999037
7207,0.7707,6,15,6,574225,31385,83296,24660,0.2907202934528882,0.4400035685609778
7208,0.7708,17,37,17,574262,31348,83313,24643,0.2903775612286487,0.44012430569198624
7209,0.7709,3,1,3,574263,31347,83316,24640,0.29036829819556115,0.44010216657438334
7210,0.771,16,20,16,574283,31327,83332,24624,0.2901830375338101,0.4400993726653679
7211,0.7711,0,3,0,574286,31324,83332,24624,0.29015524843454743,0.4401229713305212
7212,0.7712,7,13,7,574299,31311,83339,24617,0.2900348290044092,0.4401551995422686
7213,0.7713,2,9,2,574308,31302,83341,24615,0.2899514617066212,0.44020601963624656
7214,0.7714,2,3,2,574311,31299,83343,24613,0.2899236726073586,0.4402096151094577
7215,0.7715,6,10,6,574321,31289,83349,24607,0.289831042276483,0.4402282810934593
7216,0.7716,1,8,1,574329,31281,83350,24606,0.2897569380117826,0.44028128187234955
7217,0.7717,43,75,43,574404,31206,83393,24563,0.289062210530216,0.4404418225178863
7218,0.7718,4,16,4,574420,31190,83397,24559,0.28891400200081513,0.4405280812211878
7219,0.7719,1,2,1,574422,31188,83398,24558,0.28889547593464004,0.44053384996232914
7220,0.772,10,32,10,574454,31156,83408,24548,0.2885990588758383,0.4406864857101824
7221,0.7721,9,4,9,574458,31152,83417,24539,0.2885620067434881,0.4406277495466054
7222,0.7722,3,9,3,574467,31143,83420,24536,0.2884786394457001,0.44066883385118266
7223,0.7723,9,5,9,574472,31138,83429,24527,0.28843232428026233,0.44061798257432855
7224,0.7724,1,4,1,574476,31134,83430,24526,0.2883952721479121,0.4406395975565936
7225,0.7725,59,95,59,574571,31039,83489,24467,0.2875152840045945,0.440799192880049
7226,0.7726,1,4,1,574575,31035,83490,24466,0.28747823187224425,0.4408208861101602
7227,0.7727,7,24,7,574599,31011,83497,24459,0.28725591907814296,0.4409410492157923
7228,0.7728,5,5,5,574604,31006,83502,24454,0.28720960391270517,0.4409304002884962
7229,0.7729,0,5,0,574609,31001,83502,24454,0.28716328874726743,0.440970155982328
7230,0.773,9,17,9,574626,30984,83511,24445,0.28700581718477897,0.4410146313301701
7231,0.7731,2,6,2,574632,30978,83513,24443,0.28695023898625366,0.4410422042186175
7232,0.7732,5,14,5,574646,30964,83518,24438,0.2868205565230279,0.44110320927042346
7233,0.7733,97,183,97,574829,30781,83615,24341,0.28512542146800546,0.441584122491927
7234,0.7734,1,3,1,574832,30778,83616,24340,0.2850976323687428,0.441598026053195
7235,0.7735,10,12,10,574844,30766,83626,24330,0.2849864759716922,0.4415928561057064
7236,0.7736,0,2,0,574846,30764,83626,24330,0.28496794990551705,0.44160888663012304
7237,0.7737,1,14,1,574860,30750,83627,24329,0.2848382674422913,0.44171099693168
7238,0.7738,0,16,0,574876,30734,83627,24329,0.28469005891289045,0.44183934765632094
7239,0.7739,1,3,1,574879,30731,83628,24328,0.2846622698136278,0.44185328465827567
7240,0.774,16,42,16,574921,30689,83644,24312,0.2842732224239505,0.4420283267576953
7241,0.7741,2,3,2,574924,30686,83646,24310,0.2842454333246878,0.4420321477925667
7242,0.7742,28,39,28,574963,30647,83674,24282,0.2838841750342732,0.4420615703908682
7243,0.7743,2,19,2,574982,30628,83676,24280,0.2837081774056097,0.44219421577912144
7244,0.7744,1,3,1,574985,30625,83677,24279,0.283680388306347,0.442208217980475
7245,0.7745,5,9,5,574994,30616,83682,24274,0.28359702100855905,0.44222991437420295
7246,0.7746,1,3,1,574997,30613,83683,24273,0.2835692319092964,0.4422439237692672
7247,0.7747,7,7,7,575004,30606,83690,24266,0.2835043906776835,0.44222918792826943
7248,0.7748,2,14,2,575018,30592,83692,24264,0.28337470821445776,0.4423217150357299
7249,0.7749,0,2,0,575020,30590,83692,24264,0.2833561821482826,0.4423378422722135
7250,0.775,194,323,194,575343,30267,83886,24070,0.2803642224610026,0.44297624086718074
7251,0.7751,0,2,0,575345,30265,83886,24070,0.28034569639482754,0.44299254624091283
7252,0.7752,1,5,1,575350,30260,83887,24069,0.28029938122938974,0.4430230631890887
7253,0.7753,5,13,5,575363,30247,83892,24064,0.28017896179925156,0.44307782953729447
7254,0.7754,0,6,0,575369,30241,83892,24064,0.2801233836007262,0.4431267839057177
7255,0.7755,9,8,9,575377,30233,83901,24055,0.2800492793360258,0.4430997642204539
7256,0.7756,0,1,0,575378,30232,83901,24055,0.28004001630293823,0.44310792639121704
7257,0.7757,15,21,15,575399,30211,83916,24040,0.2798454926080996,0.44312547234152366
7258,0.7758,14,40,14,575439,30171,83930,24026,0.2794749712845974,0.443308670221599
7259,0.7759,0,2,0,575441,30169,83930,24026,0.27945644521842233,0.4433250299843159
7260,0.776,20,32,20,575473,30137,83950,24006,0.2791600281596206,0.44338141588016916
7261,0.7761,0,1,0,575474,30136,83950,24006,0.27915076512653303,0.443389605112482
7262,0.7762,5,10,5,575484,30126,83955,24001,0.2790581347956575,0.4434201045688843
7263,0.7763,6,9,6,575493,30117,83961,23995,0.2789747674978695,0.4434321407451212
7264,0.7764,3,0,3,575493,30117,83964,23992,0.2789747674978695,0.4434012825962409
7265,0.7765,4,15,4,575508,30102,83968,23988,0.2788358220015562,0.44348308374930673
7266,0.7766,1,1,1,575509,30101,83969,23987,0.27882655896846864,0.4434809939358083
7267,0.7767,127,154,127,575663,29947,84096,23860,0.2774000518729853,0.4434367275633282
7268,0.7768,8,10,8,575673,29937,84104,23852,0.27730742154210974,0.44343639034003235
7269,0.7769,0,2,0,575675,29935,84104,23852,0.27728889547593466,0.4434528789484448
7270,0.777,3,11,3,575686,29924,84107,23849,0.27718700211197156,0.4435125434697711
7271,0.7771,2,2,2,575688,29922,84109,23847,0.2771684760457964,0.44350834123751603
7272,0.7772,5,7,5,575695,29915,84114,23842,0.27710363481418354,0.4435143330170955
7273,0.7773,2,26,2,575721,29889,84116,23840,0.27686279595390717,0.4437082394982226
7274,0.7774,1,4,1,575725,29885,84117,23839,0.27682574382155695,0.44373092100364825
7275,0.7775,44,109,44,575834,29776,84161,23795,0.2758160732150135,0.4441768867484273
7276,0.7776,1,7,1,575841,29769,84162,23794,0.2757512319834006,0.4442245579971249
7277,0.7777,3,16,3,575857,29753,84165,23791,0.2756030234539998,0.44432616166143735
7278,0.7778,5,9,5,575866,29744,84170,23786,0.27551965615621177,0.4443489631982066
7279,0.7779,2,2,2,575868,29742,84172,23784,0.2755011300900367,0.4443448043941262
7280,0.778,4,36,4,575904,29706,84176,23780,0.2751676608988847,0.4446023258422765
7281,0.7781,2,6,2,575910,29700,84178,23778,0.2751120827003594,0.44463143722652304
7282,0.7782,3,10,3,575920,29690,84181,23775,0.2750194523694839,0.44468343776302255
7283,0.7783,40,97,40,576017,29593,84221,23735,0.2741209381599911,0.44507575757575757
7284,0.7784,0,2,0,576019,29591,84221,23735,0.274102412093816,0.44509245021190413
7285,0.7785,3,10,3,576029,29581,84224,23732,0.27400978176294044,0.44514471142122936
7286,0.7786,1,2,1,576031,29579,84225,23731,0.27399125569676536,0.4451510035640593
7287,0.7787,8,6,8,576037,29573,84233,23723,0.27393567749824005,0.4451178324827379
7288,0.7788,5,17,5,576054,29556,84238,23718,0.2737782059357516,0.4452077936704584
7289,0.7789,4,10,4,576064,29546,84242,23714,0.27368557560487605,0.4452497183627488
7290,0.779,11,25,11,576089,29521,84253,23703,0.2734539997776872,0.4453442056215241
7291,0.7791,4,3,4,576092,29518,84257,23699,0.27342621067842454,0.4453276208730293
7292,0.7792,9,39,9,576131,29479,84266,23690,0.27306495238800993,0.44556038292990274
7293,0.7793,8,10,8,576141,29469,84274,23682,0.2729723220571344,0.4455607608511599
7294,0.7794,3,4,3,576145,29465,84277,23679,0.2729352699247842,0.44556299864519044
7295,0.7795,2,6,2,576151,29459,84279,23677,0.27287969172625887,0.44559244203553144
7296,0.7796,1,6,1,576157,29453,84280,23676,0.2728241135277335,0.44563232885994464
7297,0.7797,4,17,4,576174,29436,84284,23672,0.2726666419652451,0.44573322286661143
7298,0.7798,4,14,4,576188,29422,84288,23668,0.27253695950201934,0.4458090035788284
7299,0.7799,0,3,0,576191,29419,84288,23668,0.2725091704027567,0.4458341966959896
7300,0.78,795,1158,795,577349,28261,85083,22873,0.26178257808736893,0.447314898110846
7301,0.7801,2,1,2,577350,28260,85085,22871,0.26177331505428136,0.4473020281238388
7302,0.7802,4,13,4,577363,28247,85089,22867,0.2616528956241432,0.4473725398129671
7303,0.7803,5,7,5,577370,28240,85094,22862,0.2615880543925303,0.44737975030331495
7304,0.7804,2,3,2,577373,28237,85096,22860,0.26156026529326765,0.4473843865588978
7305,0.7805,3,13,3,577386,28224,85099,22857,0.2614398458631294,0.4474657896282375
7306,0.7806,2,2,2,577388,28222,85101,22855,0.2614213197969543,0.4474616755095248
7307,0.7807,6,12,6,577400,28210,85107,22849,0.26131016339990365,0.44750190955561214
7308,0.7808,23,30,23,577430,28180,85130,22826,0.26103227240727706,0.4475159785123319
7309,0.7809,0,2,0,577432,28178,85130,22826,0.2610137463411019,0.44753352678221314
7310,0.781,8,17,8,577449,28161,85138,22818,0.2608562747786135,0.4475960689695757
7311,0.7811,1,3,1,577452,28158,85139,22817,0.26082848567935085,0.447611574301128
7312,0.7812,4,13,4,577465,28145,85143,22813,0.26070806624921267,0.4476824051179403
7313,0.7813,4,10,4,577475,28135,85147,22809,0.2606154359183371,0.44772691582914576
7314,0.7814,4,6,4,577481,28129,85151,22805,0.26055985771981177,0.44773628617426475
7315,0.7815,4,6,4,577487,28123,85155,22801,0.26050427952128646,0.447745660199513
7316,0.7816,1,3,1,577490,28120,85156,22800,0.2604764904220238,0.44776119402985076
7317,0.7817,46,102,46,577592,28018,85202,22754,0.25953166104709324,0.4481604033719373
7318,0.7818,5,9,5,577601,28009,85207,22749,0.2594482937493053,0.4481855077032192
7319,0.7819,2,5,2,577606,28004,85209,22747,0.2594019785838675,0.4482079170853776
7320,0.782,15,20,15,577626,27984,85224,22732,0.2592167179221164,0.4482214685700765
7321,0.7821,2,2,2,577628,27982,85226,22730,0.2591981918559413,0.44821738444549614
7322,0.7822,1,4,1,577632,27978,85227,22729,0.2591611397235911,0.4482418600982113
7323,0.7823,5,19,5,577651,27959,85232,22724,0.25898514209492757,0.44835546435688495
7324,0.7824,1,4,1,577655,27955,85233,22723,0.25894808996257734,0.44837996763881766
7325,0.7825,30,86,30,577741,27869,85263,22693,0.25815146911704767,0.4488153158498477
7326,0.7826,1,5,1,577746,27864,85264,22692,0.25810515395160993,0.44884880132921906
7327,0.7827,8,31,8,577777,27833,85272,22684,0.2578179999258957,0.4490369578557713
7328,0.7828,1,7,1,577784,27826,85273,22683,0.25775315869428284,0.4490882812964026
7329,0.7829,2,12,2,577796,27814,85275,22681,0.2576420022972322,0.44917318546390733
7330,0.783,9,19,9,577815,27795,85284,22672,0.25746600466856867,0.44924406047516197
7331,0.7831,1,10,1,577825,27785,85285,22671,0.25737337433769314,0.4493221817028698
7332,0.7832,1,12,1,577837,27773,85286,22670,0.25726221794064247,0.44941815514541167
7333,0.7833,81,196,81,578033,27577,85367,22589,0.25544666345548184,0.450285053621975
7334,0.7834,0,1,0,578034,27576,85367,22589,0.2554374004223943,0.45029402970198346
7335,0.7835,4,8,4,578042,27568,85371,22585,0.2553632961576939,0.45032201463521626
7336,0.7836,2,0,2,578042,27568,85373,22583,0.2553632961576939,0.4503000937169747
7337,0.7837,4,13,4,578055,27555,85377,22579,0.2552428767275557,0.45037300035903777
7338,0.7838,3,8,3,578063,27547,85380,22576,0.25516877246285524,0.4504119865131776
7339,0.7839,1,3,1,578066,27544,85381,22575,0.2551409833635926,0.4504279814042579
7340,0.784,28,32,28,578098,27512,85409,22547,0.25484456630479085,0.4504085179488204
7341,0.7841,0,2,0,578100,27510,85409,22547,0.2548260402386157,0.4504265137742973
7342,0.7842,17,42,17,578142,27468,85426,22530,0.25443699284893845,0.45061802472098883
7343,0.7843,13,23,13,578165,27445,85439,22517,0.25422394308792473,0.4506825187142228
7344,0.7844,0,4,0,578169,27441,85439,22517,0.2541868909555745,0.45071860362704674
7345,0.7845,1,9,1,578178,27432,85440,22516,0.2541035236577865,0.4507888203731881
7346,0.7846,0,7,0,578185,27425,85440,22516,0.2540386824261736,0.4508520053663323
7347,0.7847,6,16,6,578201,27409,85446,22510,0.2538904738967728,0.4509305074220237
7348,0.7848,2,10,2,578211,27399,85448,22508,0.25379784356589724,0.4509988578756487
7349,0.7849,0,1,0,578212,27398,85448,22508,0.25378858053280967,0.4510078948423035
7350,0.785,186,319,186,578531,27079,85634,22322,0.2508336729778799,0.45185320135219936
7351,0.7851,1,2,1,578533,27077,85635,22321,0.25081514691170476,0.4518603992064456
7352,0.7852,1,11,1,578544,27066,85636,22320,0.25071325354774165,0.45194994532863564
7353,0.7853,2,17,2,578561,27049,85638,22318,0.25055578198525325,0.45208337553426375
7354,0.7854,0,2,0,578563,27047,85638,22318,0.25053725591907816,0.4521016914818191
7355,0.7855,4,10,4,578573,27037,85642,22314,0.2504446255882026,0.4521488926262892
7356,0.7856,2,6,2,578579,27031,85644,22312,0.25038904738967727,0.4521816671057698
7357,0.7857,9,17,9,578596,27014,85653,22303,0.25023157582718886,0.4522375651398098
7358,0.7858,18,41,18,578637,26973,85671,22285,0.24985179147059913,0.4524138211052012
7359,0.7859,1,7,1,578644,26966,85672,22284,0.24978695023898626,0.4524670050761421
7360,0.786,12,35,12,578679,26931,85684,22272,0.24946274408092187,0.45265532589476254
7361,0.7861,1,1,1,578680,26930,85685,22271,0.2494534810478343,0.452653401353631
7362,0.7862,5,7,5,578687,26923,85690,22266,0.24938863981622142,0.45266218056882634
7363,0.7863,6,3,6,578690,26920,85696,22260,0.24936085071695877,0.45262301748678324
7364,0.7864,0,3,0,578693,26917,85696,22260,0.2493330616176961,0.4526506293592533
7365,0.7865,6,13,6,578706,26904,85702,22254,0.2492126421875579,0.45270352740144026
7366,0.7866,0,2,0,578708,26902,85702,22254,0.24919411612138279,0.4527219464561803
7367,0.7867,98,180,98,578888,26722,85800,22156,0.24752677016562302,0.453291869552764
7368,0.7868,2,12,2,578900,26710,85802,22154,0.24741561376857238,0.45338081204977076
7369,0.7869,1,3,1,578903,26707,85803,22153,0.24738782466930972,0.45339746213671717
7370,0.787,3,14,3,578917,26693,85806,22150,0.24725814220608397,0.4534938476342567
7371,0.7871,5,4,5,578921,26689,85811,22145,0.24722109007373375,0.45347503788344184
7372,0.7872,2,6,2,578927,26683,85813,22143,0.2471655118752084,0.4535083766845533
7373,0.7873,4,10,4,578937,26673,85817,22139,0.24707288154433288,0.4535565024993854
7374,0.7874,3,3,3,578940,26670,85820,22136,0.24704509244507022,0.4535507929352948
7375,0.7875,45,78,45,579018,26592,85865,22091,0.246322575864241,0.4537723640695931
7376,0.7876,1,1,1,579019,26591,85866,22090,0.24631331283115343,0.45377046486308825
7377,0.7877,4,9,4,579028,26582,85870,22086,0.24622994553336544,0.45380948467165283
7378,0.7878,5,7,5,579035,26575,85875,22081,0.24616510430175256,0.45381864518250575
7379,0.7879,2,4,2,579039,26571,85877,22079,0.24612805216940234,0.45383350462487154
7380,0.788,13,24,13,579063,26547,85890,22066,0.24590573937530105,0.45391150515294265
7381,0.7881,0,1,0,579064,26546,85890,22066,0.24589647634221348,0.4539208425903069
7382,0.7882,3,9,3,579073,26537,85893,22063,0.2458131090444255,0.45397119341563785
7383,0.7883,46,72,46,579145,26465,85939,22017,0.2451461706621216,0.45412730497916753
7384,0.7884,0,1,0,579146,26464,85939,22017,0.24513690762903406,0.4541366720983478
7385,0.7885,3,12,3,579158,26452,85942,22014,0.2450257512319834,0.4542153262080634
7386,0.7886,2,4,2,579162,26448,85944,22012,0.2449886990996332,0.4542302930251754
7387,0.7887,1,20,1,579182,26428,85945,22011,0.2448034384378821,0.4544065732157972
7388,0.7888,5,10,5,579192,26418,85950,22006,0.24471080810700654,0.4544440773170329
7389,0.7889,0,4,0,579196,26414,85950,22006,0.24467375597465635,0.454481619165634
7390,0.789,5,22,5,579218,26392,85955,22001,0.24446996924673015,0.4546318682454074
7391,0.7891,0,2,0,579220,26390,85955,22001,0.24445144318055503,0.45465065818024014
7392,0.7892,18,22,18,579242,26368,85973,21983,0.24424765645262886,0.4546545055945068
7393,0.7893,12,26,12,579268,26342,85985,21971,0.24400681759235243,0.45476372818910027
7394,0.7894,1,6,1,579274,26336,85986,21970,0.24395123939382712,0.45480892642735893
7395,0.7895,5,11,5,579285,26325,85991,21965,0.24384934602986402,0.4548560778629116
7396,0.7896,2,9,2,579294,26316,85993,21963,0.24376597873207603,0.4549182874541726
7397,0.7897,4,16,4,579310,26300,85997,21959,0.24361777020267517,0.4550239333595806
7398,0.7898,4,2,4,579312,26298,86001,21955,0.24359924413650005,0.4549976167284936
7399,0.7899,1,1,1,579313,26297,86002,21954,0.2435899811034125,0.45499575138339104
7400,0.79,746,1073,746,580386,25224,86748,21208,0.23365074660046686,0.4567539627842867
7401,0.7902,2,14,2,580400,25210,86750,21206,0.2335210641372411,0.4568683212685281
7402,0.7903,4,7,4,580407,25203,86754,21202,0.23345622290562823,0.4568904212908092
7403,0.7904,2,5,2,580412,25198,86756,21200,0.23340990774019044,0.4569162463899306
7404,0.7905,4,15,4,580427,25183,86760,21196,0.23327096224387714,0.45701718450160633
7405,0.7906,0,1,0,580428,25182,86760,21196,0.23326169921078957,0.4570270386821338
7406,0.7907,3,14,3,580442,25168,86763,21193,0.2331320167475638,0.4571299152304739
7407,0.7908,19,19,19,580461,25149,86782,21174,0.2329560191189003,0.4570947477494981
7408,0.7909,0,1,0,580462,25148,86782,21174,0.23294675608581275,0.45710461551746473
7409,0.791,4,16,4,580478,25132,86786,21170,0.23279854755641188,0.4572156710293292
7410,0.7911,1,0,1,580478,25132,86787,21169,0.23279854755641188,0.4572039480788752
7411,0.7912,1,16,1,580494,25116,86788,21168,0.23265033902701102,0.4573502722323049
7412,0.7913,7,13,7,580507,25103,86795,21161,0.2325299195968728,0.4573966799239149
7413,0.7914,1,5,1,580512,25098,86796,21160,0.23248360443143504,0.4574343897271823
7414,0.7915,4,11,4,580523,25087,86800,21156,0.23238171106747194,0.4574962697056852
7415,0.7916,2,3,2,580526,25084,86802,21154,0.23235392196820928,0.45750248713179636
7416,0.7917,36,73,36,580599,25011,86838,21118,0.23167772055281782,0.4578031173448373
7417,0.7918,7,10,7,580609,25001,86845,21111,0.23158509022194226,0.4578200902151284
7418,0.792,9,25,9,580634,24976,86854,21102,0.2313535143947534,0.4579625851816485
7419,0.7921,3,3,3,580637,24973,86857,21099,0.23132572529549075,0.4579571106094808
7420,0.7922,5,3,5,580640,24970,86862,21094,0.2312979361962281,0.4579281000347343
7421,0.7923,6,9,6,580649,24961,86868,21088,0.2312145688984401,0.45794696953245456
7422,0.7924,1,3,1,580652,24958,86869,21087,0.23118677979917746,0.45796503420566836
7423,0.7925,55,89,55,580741,24869,86924,21032,0.23036236985438513,0.4582035249776693
7424,0.7926,1,2,1,580743,24867,86925,21031,0.23034384378821002,0.45821168678373786
7425,0.7927,5,17,5,580760,24850,86930,21026,0.23018637222572158,0.4583224343883512
7426,0.7928,3,9,3,580769,24841,86933,21023,0.2301030049279336,0.45837694051979766
7427,0.7929,2,5,2,580774,24836,86935,21021,0.23005668976249583,0.45840329720653333
7428,0.793,9,23,9,580797,24813,86944,21012,0.22984364000148208,0.45852700490998366
7429,0.7931,0,2,0,580799,24811,86944,21012,0.22982511393530697,0.45854701787312047
7430,0.7932,1,13,1,580812,24798,86945,21011,0.22970469450516878,0.4586653277740182
7431,0.7933,105,164,105,580976,24634,87050,20906,0.2281855570788099,0.4590689503732982
7432,0.7934,0,1,0,580977,24633,87050,20906,0.22817629404572234,0.4590790311601045
7433,0.7935,4,5,4,580982,24628,87054,20902,0.22812997888028455,0.4590819240061498
7434,0.7936,1,1,1,580983,24627,87055,20901,0.228120715847197,0.45908012651555086
7435,0.7937,6,9,6,580992,24618,87061,20895,0.22803734854940902,0.45909959791707866
7436,0.7938,6,7,6,580999,24611,87067,20889,0.22797250731779614,0.4590989010989011
7437,0.7939,0,3,0,581002,24608,87067,20889,0.2279447182185335,0.45912917335208914
7438,0.794,17,28,17,581030,24580,87084,20872,0.22768535329208195,0.45920971574408165
7439,0.7941,0,1,0,581031,24579,87084,20872,0.2276760902589944,0.4592198191458934
7440,0.7942,15,38,15,581069,24541,87099,20857,0.22732409500166734,0.4594255253535398
7441,0.7943,6,23,6,581092,24518,87105,20851,0.2271110452406536,0.4595869426260222
7442,0.7944,1,4,1,581096,24514,87106,20850,0.2270739931083034,0.4596155541839344
7443,0.7945,3,6,3,581102,24508,87109,20847,0.22701841490977806,0.4596406129423437
7444,0.7946,0,7,0,581109,24501,87109,20847,0.22695357367816518,0.4597115639057952
7445,0.7947,6,15,6,581124,24486,87115,20841,0.22681462818185186,0.45979217684823614
7446,0.7948,0,1,0,581125,24485,87115,20841,0.22680536514876432,0.4598023209636853
7447,0.7949,2,3,2,581128,24482,87117,20839,0.22677757604950166,0.45980891860285517
7448,0.795,165,304,165,581432,24178,87282,20674,0.22396161399088518,0.4609381967359315
7449,0.7951,0,1,0,581433,24177,87282,20674,0.2239523509577976,0.46094847383558896
7450,0.7952,3,5,3,581438,24172,87285,20671,0.22390603579235985,0.46096380706018775
7451,0.7953,7,11,7,581449,24161,87292,20664,0.22380414242839675,0.46099274958170666
7452,0.7954,0,4,0,581453,24157,87292,20664,0.22376709029604655,0.4610338903638919
7453,0.7955,3,10,3,581463,24147,87295,20661,0.223674459965171,0.4611006963042314
7454,0.7957,3,9,3,581472,24138,87298,20658,0.223591092667383,0.4611572461826949
7455,0.7958,16,39,16,581511,24099,87314,20642,0.2232298343769684,0.4613665318164547
7456,0.796,18,29,18,581540,24070,87332,20624,0.22296120641742934,0.4614489640667651
7457,0.7961,0,2,0,581542,24068,87332,20624,0.22294268035125422,0.4614696142486351
7458,0.7962,2,10,2,581552,24058,87334,20622,0.22285005002037866,0.4615487914055506
7459,0.7963,6,11,6,581563,24047,87340,20616,0.22274815665641556,0.46159013053310344
7460,0.7964,1,3,1,581566,24044,87341,20615,0.2227203675571529,0.4616090821558924
7461,0.7965,1,15,1,581581,24029,87342,20614,0.2225814220608396,0.46175212239320834
7462,0.7966,1,5,1,581586,24024,87343,20613,0.22253510689540182,0.4617917870824652
7463,0.7967,95,151,95,581737,23873,87438,20518,0.22113638889918114,0.4622108084972179
7464,0.7968,3,5,3,581742,23868,87441,20515,0.22109007373374337,0.4622265281752022
7465,0.7969,2,1,2,581743,23867,87443,20513,0.22108081070065583,0.46221270842721945
7466,0.797,5,15,5,581758,23852,87448,20508,0.2209418652043425,0.4623083859332732
7467,0.7971,3,3,3,581761,23849,87451,20505,0.22091407610507985,0.4623032871894305
7468,0.7972,0,6,0,581767,23843,87451,20505,0.2208584979065545,0.46236583385947505
7469,0.7973,7,16,7,581783,23827,87458,20498,0.22071028937715365,0.4624478285391991
7470,0.7974,2,2,2,581785,23825,87460,20496,0.22069176331097853,0.4624444394305183
7471,0.7975,46,80,46,581865,23745,87506,20450,0.21995072066397423,0.46272202737866275
7472,0.7976,2,1,2,581866,23744,87508,20448,0.21994145763088666,0.46270818247646633
7473,0.7977,4,8,4,581874,23736,87512,20444,0.21986735336618624,0.46274332277048436
7474,0.7978,5,6,5,581880,23730,87517,20439,0.2198117751676609,0.46274536439584324
7475,0.7979,1,3,1,581883,23727,87518,20438,0.21978398606839825,0.46276463262764633
7476,0.798,18,29,18,581912,23698,87536,20420,0.21951535810885917,0.462849630536289
7477,0.7981,1,8,1,581920,23690,87537,20419,0.21944125384415872,0.4629213992609218
7478,0.7982,2,11,2,581931,23679,87539,20417,0.21933936048019564,0.4630125181422351
7479,0.7983,49,63,49,581994,23616,87588,20368,0.21875578939567972,0.4630774827209895
7480,0.7984,3,2,3,581996,23614,87591,20365,0.2187372633295046,0.4630619159144137
7481,0.7985,4,6,4,582002,23608,87595,20361,0.2186816851309793,0.4630762582728741
7482,0.7986,3,1,3,582003,23607,87598,20358,0.21867242209789173,0.46305015353121803
7483,0.7987,3,10,3,582013,23597,87601,20355,0.2185797917670162,0.463118856934838
7484,0.7988,3,12,3,582025,23585,87604,20352,0.21846863536996555,0.4632086851628468
7485,0.7989,1,3,1,582028,23582,87605,20351,0.21844084627070287,0.4632280973300253
7486,0.799,7,27,7,582055,23555,87612,20344,0.2181907443773389,0.46342741292512357
7487,0.7992,13,32,13,582087,23523,87625,20331,0.2178943273185372,0.4636065125188124
7488,0.7993,9,14,9,582101,23509,87634,20322,0.2177646448553114,0.46364445255640985
7489,0.7994,0,1,0,582102,23508,87634,20322,0.21775538182222387,0.4636550308008214
7490,0.7995,3,10,3,582112,23498,87637,20319,0.21766275149134834,0.4637241253394801
7491,0.7996,1,3,1,582115,23495,87638,20318,0.21763496239208566,0.4637436377330929
7492,0.7997,1,6,1,582121,23489,87639,20317,0.21757938419356035,0.46379491393872985
7493,0.7998,2,8,2,582129,23481,87641,20315,0.2175052799288599,0.46385514658872956
7494,0.7999,0,4,0,582133,23477,87641,20315,0.21746822779650968,0.46389751552795033
7495,0.8,784,1038,784,583171,22439,88425,19531,0.20785319945162845,0.4653562068143912
7496,0.8001,0,6,0,583177,22433,88425,19531,0.2077976212531031,0.4654227433037842
7497,0.8002,1,10,1,583187,22423,88426,19530,0.20770499092222758,0.4655209400996353
7498,0.8003,11,8,11,583195,22415,88437,19519,0.20763088665752713,0.4654695473839844
7499,0.8004,0,3,0,583198,22412,88437,19519,0.20760309755826448,0.4655028499201068
7500,0.8005,3,9,3,583207,22403,88440,19516,0.2075197302604765,0.46556454113886303
7501,0.8006,2,0,2,583207,22403,88442,19514,0.2075197302604765,0.4655390414390343
7502,0.8007,2,20,2,583227,22383,88444,19512,0.2073344695987254,0.4657357679914071
7503,0.8008,11,40,11,583267,22343,88455,19501,0.20696394827522324,0.4660405314979447
7504,0.8009,1,2,1,583269,22341,88456,19500,0.20694542220904813,0.46605004660500465
7505,0.801,12,13,12,583282,22328,88468,19488,0.20682500277890992,0.46604170652381866
7506,0.8011,0,3,0,583285,22325,88468,19488,0.20679721367964726,0.4660751440939421
7507,0.8012,3,7,3,583292,22318,88471,19485,0.20673237244803438,0.4661148721383633
7508,0.8013,8,10,8,583302,22308,88479,19477,0.20663974211715885,0.466124207251406
7509,0.8014,1,5,1,583307,22303,88480,19476,0.20659342695172106,0.46616721319323107
7510,0.8015,1,9,1,583316,22294,88481,19475,0.20651005965393307,0.46625487801958393
7511,0.8016,1,7,1,583323,22287,88482,19474,0.2064452184223202,0.46632025095184504
7512,0.8017,36,74,36,583397,22213,88518,19438,0.2057597539738412,0.46668747449040837
7513,0.8018,5,7,5,583404,22206,88523,19433,0.20569491274222831,0.4667018900549965
7514,0.8019,0,1,0,583405,22205,88523,19433,0.20568564970914077,0.46671309861184496
7515,0.802,10,12,10,583417,22193,88533,19423,0.2055744933120901,0.46671953094963475
7516,0.8021,2,3,2,583420,22190,88535,19421,0.20554670421282745,0.4667275480041335
7517,0.8022,2,7,2,583427,22183,88537,19419,0.20548186298121457,0.4667804432479208
7518,0.8023,5,11,5,583438,22172,88542,19414,0.20537996961725147,0.46683980185639395
7519,0.8024,4,5,4,583443,22167,88546,19410,0.2053336544518137,0.46684464968612455
7520,0.8025,51,91,51,583534,22076,88597,19359,0.20449071844084626,0.46721370821769037
7521,0.8026,0,1,0,583535,22075,88597,19359,0.20448145540775872,0.46722498431240045
7522,0.8027,4,9,4,583544,22066,88601,19355,0.20439808810997073,0.46727505371671374
7523,0.8028,6,7,6,583551,22059,88607,19349,0.20433324687835785,0.46727685471406494
7524,0.8029,2,6,2,583557,22053,88609,19347,0.20427766867983252,0.4673188405797101
7525,0.803,5,13,5,583570,22040,88614,19342,0.20415724924969433,0.4674012855831038
7526,0.8031,2,5,2,583575,22035,88616,19340,0.20411093408425654,0.4674320241691843
7527,0.8032,1,7,1,583582,22028,88617,19339,0.20404609285264366,0.46749824739526674
7528,0.8033,96,134,96,583716,21894,88713,19243,0.20280484641891142,0.4677783990081921
7529,0.8034,2,1,2,583717,21893,88715,19241,0.20279558338582385,0.46776389361598675
7530,0.8035,4,12,4,583729,21881,88719,19237,0.2026844269887732,0.46784863076997907
7531,0.8036,2,1,2,583730,21880,88721,19235,0.20267516395568566,0.4678341237991001
7532,0.8037,3,8,3,583738,21872,88724,19232,0.2026010596909852,0.46788633709614635
7533,0.8038,1,6,1,583744,21866,88725,19231,0.20254548149245988,0.46794169890746284
7534,0.8039,1,3,1,583747,21863,88726,19230,0.20251769239319722,0.4679629133915752
7535,0.804,15,29,15,583776,21834,88741,19215,0.20224906443365814,0.4680991010743258
7536,0.8041,0,1,0,583777,21833,88741,19215,0.2022398014005706,0.4681105047748977
7537,0.8042,14,24,14,583801,21809,88755,19201,0.20201748860646931,0.46820287734698857
7538,0.8043,4,11,4,583812,21798,88759,19197,0.2019155952425062,0.4682766190998902
7539,0.8044,1,1,1,583813,21797,88760,19196,0.20190633220941864,0.46827507135364577
7540,0.8045,6,9,6,583822,21788,88766,19190,0.20182296491163065,0.4683000634486798
7541,0.8046,0,4,0,583826,21784,88766,19190,0.20178591277928046,0.4683457802508908
7542,0.8047,0,7,0,583833,21777,88766,19190,0.20172107154766758,0.4684258061366466
7543,0.8048,2,9,2,583842,21768,88768,19188,0.2016377042498796,0.4685027834749487
7544,0.8049,0,1,0,583843,21767,88768,19188,0.20162844121679202,0.4685142229276035
7545,0.805,173,269,173,584112,21498,88941,19015,0.19913668531623996,0.4693555155135389
7546,0.8052,4,4,4,584116,21494,88945,19011,0.19909963318388973,0.4693494630292556
7547,0.8053,5,5,5,584121,21489,88950,19006,0.19905331801845197,0.4693418940609952
7548,0.8054,4,1,4,584122,21488,88954,19002,0.1990440549853644,0.46930106199061494
7549,0.8055,2,7,2,584129,21481,88956,19000,0.19897921375375152,0.4693559941701045
7550,0.8056,0,5,0,584134,21476,88956,19000,0.19893289858831376,0.46941397371281746
7551,0.8057,2,11,2,584145,21465,88958,18998,0.19883100522435065,0.46951535971134123
7552,0.8058,17,23,17,584168,21442,88975,18981,0.1986179554633369,0.46955940924721074
7553,0.8059,0,1,0,584169,21441,88975,18981,0.19860869243024937,0.46957102567908565
7554,0.806,24,20,24,584189,21421,88999,18957,0.19842343176849828,0.4694883352320571
7555,0.8061,0,1,0,584190,21420,88999,18957,0.19841416873541073,0.46949996285013745
7556,0.8062,2,3,2,584193,21417,89001,18955,0.19838637963614805,0.46950857029624493
7557,0.8063,1,12,1,584205,21405,89002,18954,0.1982752232390974,0.46963502564483756
7558,0.8064,0,5,0,584210,21400,89002,18954,0.19822890807365964,0.46969321504683553
7559,0.8065,2,11,2,584221,21389,89004,18952,0.19812701470969654,0.4697949976450757
7560,0.8067,87,137,87,584358,21252,89091,18865,0.19685797917670161,0.47024952015355087
7561,0.8068,3,2,3,584360,21250,89094,18862,0.1968394531105265,0.47023334662943755
7562,0.807,6,11,6,584371,21239,89100,18856,0.19673755974656343,0.4702830776904851
7563,0.8071,4,12,4,584383,21227,89104,18852,0.19662640334951276,0.47037101724094915
7564,0.8072,1,8,1,584391,21219,89105,18851,0.19655229908481234,0.47045170950836035
7565,0.8073,7,8,7,584399,21211,89112,18844,0.1964781948201119,0.47045312695044317
7566,0.8074,2,7,2,584406,21204,89114,18842,0.196413353588499,0.47050891474803974
7567,0.8075,46,64,46,584470,21140,89160,18796,0.19582051947089554,0.4706530448717949
7568,0.8076,1,1,1,584471,21139,89161,18795,0.195811256437808,0.4706515750989132
7569,0.8077,3,13,3,584484,21126,89164,18792,0.1956908370076698,0.47076506839019994
7570,0.8078,2,6,2,584490,21120,89166,18790,0.19563525880914448,0.4708093209721874
7571,0.8079,1,0,1,584490,21120,89167,18789,0.19563525880914448,0.4707960610388634
7572,0.808,10,26,10,584516,21094,89177,18779,0.19539441994886805,0.47097033080029094
7573,0.8081,0,2,0,584518,21092,89177,18779,0.19537589388269294,0.47099395550650847
7574,0.8082,1,11,1,584529,21081,89178,18778,0.19527400051872984,0.471110665094458
7575,0.8083,45,68,45,584597,21013,89223,18733,0.19464411426877617,0.47131786846475116
7576,0.8084,0,1,0,584598,21012,89223,18733,0.1946348512356886,0.4713297270096867
7577,0.8085,1,4,1,584602,21008,89224,18732,0.1945977991033384,0.4713638651233015
7578,0.8086,3,6,3,584608,21002,89227,18729,0.19454222090481307,0.4713951322644786
7579,0.8087,1,12,1,584620,20990,89228,18728,0.19443106450776243,0.4715242459338335
7580,0.8088,2,8,2,584628,20982,89230,18726,0.19435696024306198,0.47159262617104863
7581,0.8089,1,0,1,584628,20982,89231,18725,0.19435696024306198,0.4715793185080716
7582,0.809,9,19,9,584647,20963,89240,18716,0.19418096261439846,0.4716852743264699
7583,0.8091,0,4,0,584651,20959,89240,18716,0.19414391048204824,0.47173282923755516
7584,0.8092,10,22,10,584673,20937,89250,18706,0.19394012375412206,0.47186136266175616
7585,0.8093,6,21,6,584694,20916,89256,18700,0.1937456000592834,0.4720315024232633
7586,0.8094,1,0,1,584694,20916,89257,18699,0.1937456000592834,0.4720181749337372
7587,0.8095,4,7,4,584701,20909,89261,18695,0.19368075882767052,0.47204827795172205
7588,0.8096,3,1,3,584702,20908,89264,18692,0.19367149579458298,0.472020202020202
7589,0.8097,5,7,5,584709,20901,89269,18687,0.1936066545629701,0.47203698090330404
7590,0.8098,2,7,2,584716,20894,89271,18685,0.19354181333135723,0.47209378710932565
7591,0.8099,0,2,0,584718,20892,89271,18685,0.19352328726518211,0.4721176440862117
7592,0.81,821,1031,821,585749,19861,90092,17864,0.18397310015191373,0.473532140490391
7593,0.8101,0,3,0,585752,19858,90092,17864,0.18394531105265108,0.4735698001166428
7594,0.8102,1,10,1,585762,19848,90093,17863,0.18385268072177555,0.47368141921455276
7595,0.8103,3,8,3,585770,19840,90096,17860,0.1837785764570751,0.4737400530503979
7596,0.8104,1,2,1,585772,19838,90097,17859,0.1837600503909,0.4737512268880813
7597,0.8105,3,6,3,585778,19832,90100,17856,0.18370447219237468,0.47378475907450646
7598,0.8106,2,3,2,585781,19829,90102,17854,0.183676683093112,0.47379454926624737
7599,0.8107,5,7,5,585788,19822,90107,17849,0.18361184186149912,0.47381274720607364
7600,0.8108,14,32,14,585820,19790,90121,17835,0.18331542480269739,0.47401993355481725
7601,0.8109,2,1,2,585821,19789,90123,17833,0.18330616176960984,0.4740045717930998
7602,0.811,10,23,10,585844,19766,90133,17823,0.1830931120085961,0.4741546729096278
7603,0.8111,0,4,0,585848,19762,90133,17823,0.18305605987624587,0.4742051350272715
7604,0.8112,1,8,1,585856,19754,90134,17822,0.18298195561154545,0.4742921013412817
7605,0.8113,3,9,3,585865,19745,90137,17819,0.18289858831375747,0.47436375252901714
7606,0.8114,3,8,3,585873,19737,90140,17816,0.18282448404905702,0.47442281575373474
7607,0.8115,3,7,3,585880,19730,90143,17813,0.18275964281744414,0.47446927523106835
7608,0.8116,1,2,1,585882,19728,90144,17812,0.18274111675126903,0.47448055407565265
7609,0.8117,36,61,36,585943,19667,90180,17776,0.18217607173292824,0.4747482840584355
7610,0.8118,5,3,5,585946,19664,90185,17771,0.18214828263366556,0.47471617470281824
7611,0.8119,2,2,2,585948,19662,90187,17769,0.18212975656749045,0.4747134727899335
7612,0.812,3,27,3,585975,19635,90190,17766,0.1818796546741265,0.4750140370578327
7613,0.8121,0,3,0,585978,19632,90190,17766,0.18185186557486382,0.4750521418257661
7614,0.8122,6,4,6,585982,19628,90196,17760,0.18181481344251363,0.47501872258478656
7615,0.8123,3,12,3,585994,19616,90199,17757,0.18170365704546296,0.47512910389853635
7616,0.8124,3,0,3,585994,19616,90202,17754,0.18170365704546296,0.4750869681562751
7617,0.8125,50,75,50,586069,19541,90252,17704,0.18100892956389641,0.4753389716740502
7618,0.8126,3,2,3,586071,19539,90255,17701,0.1809904034977213,0.4753222341568206
7619,0.8127,8,14,8,586085,19525,90263,17693,0.18086072103449555,0.47538825299586224
7620,0.8128,4,4,4,586089,19521,90267,17689,0.18082366890214532,0.4753829615694706
7621,0.8129,1,4,1,586093,19517,90268,17688,0.1807866167697951,0.47541997043408146
7622,0.813,5,8,5,586101,19509,90273,17683,0.18071251250509468,0.475451710045171
7623,0.8131,0,3,0,586104,19506,90273,17683,0.180684723405832,0.4754900642663153
7624,0.8132,2,8,2,586112,19498,90275,17681,0.18061061914113158,0.47556416256488876
7625,0.8133,100,131,100,586243,19367,90375,17581,0.179397161806662,0.475830897477536
7626,0.8134,1,1,1,586244,19366,90376,17580,0.17938789877357442,0.4758295891300817
7627,0.8135,2,7,2,586251,19359,90378,17578,0.17932305754196154,0.4758913826244687
7628,0.8136,2,1,2,586252,19358,90380,17576,0.179313794508874,0.4758758867168463
7629,0.8137,4,8,4,586260,19350,90384,17572,0.17923969024417355,0.47592221439791993
7630,0.8138,6,11,6,586271,19339,90390,17566,0.17913779688021045,0.4759788646524861
7631,0.8139,1,2,1,586273,19337,90391,17565,0.17911927081403534,0.475990461221614
7632,0.814,12,33,12,586306,19304,90403,17553,0.17881359072214606,0.47624603196136417
7633,0.8141,1,2,1,586308,19302,90404,17552,0.17879506465597095,0.4762576653823194
7634,0.8142,14,31,14,586339,19271,90418,17538,0.17850791063025678,0.47645956152028035
7635,0.8143,4,14,4,586353,19257,90422,17534,0.178378228167031,0.47658394716099045
7636,0.8145,3,13,3,586366,19244,90425,17531,0.17825780873689281,0.4767097212780422
7637,0.8146,1,0,1,586366,19244,90426,17530,0.17825780873689281,0.4766954913797792
7638,0.8147,3,11,3,586377,19233,90429,17527,0.1781559153729297,0.4767954298150163
7639,0.8148,2,8,2,586385,19225,90431,17525,0.17808181110822927,0.47687074829931975
7640,0.8149,0,4,0,586389,19221,90431,17525,0.17804475897587907,0.4769226582485169
7641,0.815,172,253,172,586642,18968,90603,17353,0.17570121160472785,0.47776768260785774
7642,0.8151,0,1,0,586643,18967,90603,17353,0.1756919485716403,0.47778083700440527
7643,0.8152,6,9,6,586652,18958,90609,17347,0.17560858127385232,0.4778129734196392
7644,0.8153,4,9,4,586661,18949,90613,17343,0.17552521397606433,0.47787391160586357
7645,0.8154,0,3,0,586664,18946,90613,17343,0.17549742487680167,0.4779134172889856
7646,0.8155,5,10,5,586674,18936,90618,17338,0.1754047945459261,0.4779732039477312
7647,0.8156,0,1,0,586675,18935,90618,17338,0.17539553151283857,0.47798638105477903
7648,0.8157,6,9,6,586684,18926,90624,17332,0.17531216421505058,0.47801864416128853
7649,0.8158,12,19,12,586703,18907,90636,17320,0.17513616658638706,0.4780964474011097
7650,0.8159,2,4,2,586707,18903,90638,17318,0.17509911445403684,0.4781204273763839
7651,0.816,21,22,21,586729,18881,90659,17297,0.17489532772611063,0.47810824257836254
7652,0.8161,1,4,1,586733,18877,90660,17296,0.1748582755937604,0.4781466839908219
7653,0.8162,5,9,5,586742,18868,90665,17291,0.17477490829597242,0.4781935341132222
7654,0.8163,9,7,9,586749,18861,90674,17282,0.17471006706435954,0.47815621282129317
7655,0.8164,1,5,1,586754,18856,90675,17281,0.17466375189892178,0.47820793092951824
7656,0.8165,5,3,5,586757,18853,90680,17276,0.17463596279965912,0.4781754269423455
7657,0.8167,69,135,69,586892,18718,90749,17207,0.1733854533328393,0.47897007654836465
7658,0.8168,5,15,5,586907,18703,90754,17202,0.17324650783652598,0.4790976187160563
7659,0.8169,3,2,3,586909,18701,90757,17199,0.1732279817703509,0.4790807799442897
7660,0.817,2,13,2,586922,18688,90759,17197,0.17310756234021268,0.47922530305141425
7661,0.8171,3,4,3,586926,18684,90762,17194,0.17307051020786246,0.4792351859077987
7662,0.8172,3,3,3,586929,18681,90765,17191,0.1730427211085998,0.4792317127564674
7663,0.8173,15,13,15,586942,18668,90780,17176,0.1729223016784616,0.47918759067068406
7664,0.8174,2,1,2,586943,18667,90782,17174,0.17291303864537405,0.47917189810552163
7665,0.8175,54,84,54,587027,18583,90836,17120,0.1721349438660195,0.4795115256421029
7666,0.8176,0,7,0,587034,18576,90836,17120,0.1720701026344066,0.4796055580457194
7667,0.8177,0,13,0,587047,18563,90836,17120,0.1719496832042684,0.4797802875318779
7668,0.8178,4,6,4,587053,18557,90840,17116,0.1718941050057431,0.4798026518655566
7669,0.8179,3,3,3,587056,18554,90843,17113,0.1718663159064804,0.47979925421257746
7670,0.818,11,15,11,587071,18539,90854,17102,0.1717273704101671,0.47984063297887264
7671,0.8181,0,6,0,587077,18533,90854,17102,0.17167179221164178,0.47992142556475376
7672,0.8182,3,6,3,587083,18527,90857,17099,0.17161621401311644,0.4799584573064616
7673,0.8183,37,59,37,587142,18468,90894,17062,0.17106969506095077,0.4802139037433155
7674,0.8185,1,7,1,587149,18461,90895,17061,0.1710048538293379,0.480293902370362
7675,0.8186,2,6,2,587155,18455,90897,17059,0.17094927563081255,0.48034577912935744
7676,0.8187,2,12,2,587167,18443,90899,17057,0.1708381192337619,0.4804788732394366
7677,0.8188,6,6,6,587173,18437,90905,17051,0.17078254103523657,0.4804722723174031
7678,0.8189,1,2,1,587175,18435,90906,17050,0.17076401496906146,0.4804847118500775
7679,0.819,5,10,5,587185,18425,90911,17045,0.17067138463818593,0.48054694107696644
7680,0.8191,0,1,0,587186,18424,90911,17045,0.17066212160509836,0.4805604894414841
7681,0.8192,9,32,9,587218,18392,90920,17036,0.17036570454629663,0.48086259455797675
7682,0.8193,5,12,5,587230,18380,90925,17031,0.17025454814924598,0.4809522464770834
7683,0.8194,0,1,0,587231,18379,90925,17031,0.17024528511615844,0.4809658288619034
7684,0.8195,0,4,0,587235,18375,90925,17031,0.17020823298380822,0.48102016607354686
7685,0.8196,3,5,3,587240,18370,90928,17028,0.17016191781837045,0.4810441267868241
7686,0.8197,1,4,1,587244,18366,90929,17027,0.17012486568602023,0.48108383013590256
7687,0.8198,0,8,0,587252,18358,90929,17027,0.1700507614213198,0.4811925957326551
7688,0.8199,1,0,1,587252,18358,90930,17026,0.1700507614213198,0.4811779335292788
7689,0.82,730,919,730,588171,17439,91660,16296,0.1615380340138575,0.4830591373943975
7690,0.8201,1,1,1,588172,17438,91661,16295,0.16152877098076995,0.4830581329855038
7691,0.8202,1,3,1,588175,17435,91662,16294,0.16150098188150727,0.4830857718876931
7692,0.8203,2,11,2,588186,17424,91664,16292,0.1613990885175442,0.48321271799738996
7693,0.8204,1,1,1,588187,17423,91665,16291,0.16138982548445663,0.48321172213323843
7694,0.8205,2,9,2,588196,17414,91667,16289,0.16130645818666864,0.483310091089814
7695,0.8206,2,0,2,588196,17414,91669,16287,0.16130645818666864,0.48327942791015105
7696,0.8207,6,16,6,588212,17398,91675,16281,0.16115824965726777,0.4834169660619377
7697,0.8208,17,24,17,588236,17374,91692,16264,0.16093593686316648,0.4835008026636542
7698,0.8209,0,2,0,588238,17372,91692,16264,0.16091741079699137,0.4835295516708289
7699,0.821,6,19,6,588257,17353,91698,16258,0.16074141316832782,0.48371068995269406
7700,0.8211,2,5,2,588262,17348,91700,16256,0.16069509800289006,0.48375193429353647
7701,0.8212,3,10,3,588272,17338,91703,16253,0.16060246767201453,0.48384984073114823
7702,0.8213,3,7,3,588279,17331,91706,16250,0.16053762644040165,0.48390458890444
7703,0.8214,2,2,2,588281,17329,91708,16248,0.16051910037422654,0.48390267147154303
7704,0.8215,2,11,2,588292,17318,91710,16246,0.16041720701026344,0.48403050887856036
7705,0.8217,36,68,36,588360,17250,91746,16210,0.15978732076030974,0.4844590555887627
7706,0.8218,1,9,1,588369,17241,91747,16209,0.15970395346252178,0.48457399103139015
7707,0.8219,0,2,0,588371,17239,91747,16209,0.15968542739634667,0.48460296579765605
7708,0.822,9,11,9,588382,17228,91756,16200,0.15958353403238357,0.48462366878066293
7709,0.8221,1,3,1,588385,17225,91757,16199,0.1595557449331209,0.48465174724748683
7710,0.8222,4,4,4,588389,17221,91761,16195,0.1595186928007707,0.48464807277950683
7711,0.8223,3,11,3,588400,17210,91764,16192,0.1594167994368076,0.4847613915334411
7712,0.8224,3,3,3,588403,17207,91767,16189,0.15938901033754493,0.48475865373098576
7713,0.8225,33,77,33,588480,17130,91800,16156,0.15867575678980325,0.4853692242985039
7714,0.8226,4,6,4,588486,17124,91804,16152,0.15862017859127792,0.4853948791922106
7715,0.8227,2,9,2,588495,17115,91806,16150,0.15853681129348993,0.4854952652938524
7716,0.8228,1,6,1,588501,17109,91807,16149,0.15848123309496462,0.48556738228396173
7717,0.8229,0,5,0,588506,17104,91807,16149,0.15843491792952685,0.4856403933479686
7718,0.823,8,16,8,588522,17088,91815,16141,0.15828670940012599,0.4857503987480815
7719,0.8231,0,1,0,588523,17087,91815,16141,0.15827744636703842,0.4857650174551583
7720,0.8232,6,10,6,588533,17077,91821,16135,0.15818481603616288,0.48581837889919305
7721,0.8233,85,139,85,588672,16938,91906,16050,0.15689725443699284,0.48654056020371045
7722,0.8234,0,3,0,588675,16935,91906,16050,0.1568694653377302,0.4865848112778536
7723,0.8235,2,8,2,588683,16927,91908,16048,0.15679536107302974,0.4866717210007582
7724,0.8236,0,5,0,588688,16922,91908,16048,0.15674904590759198,0.4867455262359721
7725,0.8237,1,3,1,588691,16919,91909,16047,0.15672125680832932,0.4867742522599041
7726,0.8238,5,6,5,588697,16913,91914,16042,0.156665678609804,0.48678500986193296
7727,0.8239,1,2,1,588699,16911,91915,16041,0.15664715254362888,0.48679898033503277
7728,0.824,20,26,20,588725,16885,91935,16021,0.15640631368335248,0.48687169513158696
7729,0.8241,0,1,0,588726,16884,91935,16021,0.15639705065026493,0.4868864914146786
7730,0.8242,11,23,11,588749,16861,91946,16010,0.1561840008892512,0.4870554592193727
7731,0.8243,1,11,1,588760,16850,91947,16009,0.1560821075252881,0.487202897227548
7732,0.8244,0,2,0,588762,16848,91947,16009,0.15606358145911298,0.48723255318501385
7733,0.8245,1,8,1,588770,16840,91948,16008,0.15598947719441253,0.4873356064296152
7734,0.8246,0,3,0,588773,16837,91948,16008,0.15596168809514988,0.4873801187395342
7735,0.8247,3,10,3,588783,16827,91951,16005,0.15586905776427434,0.4874817251461988
7736,0.8248,1,3,1,588786,16824,91952,16004,0.15584126866501166,0.4875106616303156
7737,0.8249,0,1,0,588787,16823,91952,16004,0.15583200563192412,0.48752551253541293
7738,0.825,169,251,169,589038,16572,92121,15835,0.153506984326948,0.4886289999074274
7739,0.8251,0,1,0,589039,16571,92121,15835,0.15349772129386047,0.48864407825711287
7740,0.8252,1,6,1,589045,16565,92122,15834,0.15344214309533513,0.48871878761690174
7741,0.8253,3,8,3,589053,16557,92125,15831,0.1533680388306347,0.4887921452389774
7742,0.8254,1,1,1,589054,16556,92126,15830,0.15335877579754714,0.4887914530970172
7743,0.8255,5,4,5,589058,16552,92131,15825,0.15332172366519692,0.4887728943385737
7744,0.8256,1,2,1,589060,16550,92132,15824,0.15330319759902183,0.48878729844937296
7745,0.8257,4,8,4,589068,16542,92136,15820,0.1532290933343214,0.4888449415981707
7746,0.8258,12,25,12,589093,16517,92148,15808,0.15299751750713253,0.48903325599381287
7747,0.8259,1,1,1,589094,16516,92149,15807,0.152988254474045,0.48903257742165024
7748,0.826,17,27,17,589121,16489,92166,15790,0.15273815258068102,0.48917252702995756
7749,0.8261,4,0,4,589121,16489,92170,15786,0.15273815258068102,0.4891092176607281
7750,0.8262,0,10,0,589131,16479,92170,15786,0.1526455222498055,0.48926080892608087
7751,0.8263,4,10,4,589141,16469,92174,15782,0.15255289191892993,0.4893491674676754
7752,0.8264,3,7,3,589148,16462,92177,15779,0.15248805068731705,0.48940789677739527
7753,0.8265,4,10,4,589158,16452,92181,15775,0.15239542035644152,0.4894963850187731
7754,0.8266,1,4,1,589162,16448,92182,15774,0.1523583682240913,0.48954130718142885
7755,0.8267,88,128,88,589290,16320,92270,15686,0.15117269998888436,0.49009560707367367
7756,0.8268,0,10,0,589300,16310,92270,15686,0.15108006965800883,0.4902487810976372
7757,0.8269,2,3,2,589303,16307,92272,15684,0.15105228055874614,0.4902628864368104
7758,0.827,6,4,6,589307,16303,92278,15678,0.15101522842639595,0.49022857321534663
7759,0.8271,3,3,3,589310,16300,92281,15675,0.15098743932713327,0.490226739640344
7760,0.8272,2,8,2,589318,16292,92283,15673,0.15091333506243285,0.49031753480369156
7761,0.8273,7,7,7,589325,16285,92290,15666,0.15084849383081997,0.4903132922287252
7762,0.8274,0,3,0,589328,16282,92290,15666,0.15082070473155731,0.4903593339176161
7763,0.8275,35,44,35,589372,16238,92325,15631,0.1504131312757049,0.4904766387398412
7764,0.8276,0,3,0,589375,16235,92325,15631,0.15038534217644225,0.4905228142848177
7765,0.8277,5,4,5,589379,16231,92330,15626,0.15034829004409203,0.4905044417239539
7766,0.8278,3,4,3,589383,16227,92333,15623,0.1503112379117418,0.4905180533751962
7767,0.828,12,20,12,589403,16207,92345,15611,0.15012597724999074,0.49063423219561253
7768,0.8281,1,4,1,589407,16203,92346,15610,0.15008892511764052,0.4906799107283186
7769,0.8282,7,7,7,589414,16196,92353,15603,0.15002408388602764,0.4906758074153275
7770,0.8283,23,61,23,589475,16135,92376,15580,0.14945903886768683,0.4912501970676336
7771,0.8284,1,6,1,589481,16129,92377,15579,0.14940346066916152,0.4913271098776334
7772,0.8285,3,8,3,589489,16121,92380,15576,0.14932935640446107,0.49140297189008425
7773,0.8286,0,1,0,589490,16120,92380,15576,0.14932009337137353,0.49141847551741547
7774,0.8287,5,10,5,589500,16110,92385,15571,0.14922746304049797,0.49149332407436636
7775,0.8288,1,4,1,589504,16106,92386,15570,0.14919041090814777,0.49153933577471903
7776,0.8289,0,1,0,589505,16105,92386,15570,0.1491811478750602,0.49155485398579324
7777,0.829,8,14,8,589519,16091,92394,15562,0.14905146541183445,0.4916437620446719
7778,0.8291,0,2,0,589521,16089,92394,15562,0.14903293934565934,0.49167482859941236
7779,0.8292,13,27,13,589548,16062,92407,15549,0.14878283745229537,0.49188573597798235
7780,0.8293,8,8,8,589556,16054,92415,15541,0.14870873318759495,0.49188162683968983
7781,0.8294,0,4,0,589560,16050,92415,15541,0.14867168105524473,0.4919439080750847
7782,0.8295,4,4,4,589564,16046,92419,15537,0.1486346289228945,0.4919418674603426
7783,0.8296,2,3,2,589567,16043,92421,15535,0.14860683982363185,0.49195642535942746
7784,0.8297,7,4,7,589571,16039,92428,15528,0.14856978769128162,0.4919061044761935
7785,0.8298,4,7,4,589578,16032,92432,15524,0.14850494645966875,0.4919508175941184
7786,0.8299,1,3,1,589581,16029,92433,15523,0.1484771573604061,0.49198149087221094
7787,0.83,774,958,774,590539,15071,93207,14749,0.13960317166252917,0.49460093896713614
7788,0.8301,0,1,0,590540,15070,93207,14749,0.13959390862944163,0.494617525738623
7789,0.8302,1,3,1,590543,15067,93208,14748,0.13956611953017897,0.49465034378668454
7790,0.8303,3,5,3,590548,15062,93211,14745,0.13951980436474118,0.49468245714094006
7791,0.8304,2,1,2,590549,15061,93213,14743,0.13951054133165364,0.49466514561803787
7792,0.8305,2,5,2,590554,15056,93215,14741,0.13946422616621587,0.49471423297647416
7793,0.8306,1,5,1,590559,15051,93216,14740,0.1394179110007781,0.49478030277600615
7794,0.8307,7,8,7,590567,15043,93223,14733,0.13934380673607766,0.4947944653412144
7795,0.8308,12,23,12,590590,15020,93235,14721,0.1391307569750639,0.4949732692243031
7796,0.8309,0,2,0,590592,15018,93235,14721,0.1391122309088888,0.4950065570463028
7797,0.831,8,14,8,590606,15004,93243,14713,0.13898254844566305,0.4951038126324999
7798,0.8311,2,2,2,590608,15002,93245,14711,0.13896402237948793,0.4951031535018342
7799,0.8312,3,5,3,590613,14997,93248,14708,0.13891770721405017,0.49513549907422993
7800,0.8313,2,7,2,590620,14990,93250,14706,0.1388528659824373,0.4952182112068966
7801,0.8314,1,6,1,590626,14984,93251,14705,0.13879728778391195,0.49530129004008216
7802,0.8315,0,8,0,590634,14976,93251,14705,0.13872318351921153,0.49543478993295376
7803,0.8317,28,37,28,590671,14939,93279,14677,0.13838045129497203,0.49557671528903297
7804,0.8318,2,9,2,590680,14930,93281,14675,0.13829708399718404,0.49569329505151155
7805,0.832,6,12,6,590692,14918,93287,14669,0.1381859276001334,0.49579207084192384
7806,0.8321,2,6,2,590698,14912,93289,14667,0.13813034940160807,0.49585854829439807
7807,0.8322,2,1,2,590699,14911,93291,14665,0.1381210863685205,0.4958412226129294
7808,0.8323,2,9,2,590708,14902,93293,14663,0.13803771907073253,0.49595805851513614
7809,0.8324,2,4,2,590712,14898,93295,14661,0.1380006669383823,0.49599106871003756
7810,0.8325,29,64,29,590776,14834,93324,14632,0.13740783282077884,0.4965723206407385
7811,0.8326,1,1,1,590777,14833,93325,14631,0.13739856978769127,0.49657208797176217
7812,0.8327,5,18,5,590795,14815,93330,14626,0.13723183519211532,0.4967901905505927
7813,0.8328,2,3,2,590798,14812,93332,14624,0.13720404609285264,0.4968066313357793
7814,0.8329,1,7,1,590805,14805,93333,14623,0.13713920486123976,0.4969077069457659
7815,0.833,3,14,3,590819,14791,93336,14620,0.137009522398014,0.4970929244160348
7816,0.8331,0,1,0,590820,14790,93336,14620,0.13700025936492646,0.49710982658959535
7817,0.8332,5,5,5,590825,14785,93341,14615,0.13695394419948867,0.49710884353741497
7818,0.8333,85,94,85,590919,14691,93426,14530,0.13608321908925858,0.4972451319256699
7819,0.8334,0,1,0,590920,14690,93426,14530,0.13607395605617104,0.4972621492128679
7820,0.8335,0,7,0,590927,14683,93426,14530,0.13600911482455816,0.49738130284462395
7821,0.8336,3,4,3,590931,14679,93429,14527,0.13597206269220793,0.49739779497363557
7822,0.8337,3,10,3,590941,14669,93432,14524,0.1358794323613324,0.4975165279347789
7823,0.8338,4,9,4,590950,14660,93436,14520,0.1357960650635444,0.4976010966415353
7824,0.8339,2,1,2,590951,14659,93438,14518,0.13578680203045684,0.49758371319875244
7825,0.834,15,26,15,590977,14633,93453,14503,0.13554596317018044,0.4977690829214717
7826,0.8342,14,29,14,591006,14604,93467,14489,0.13527733521064136,0.4980235795552195
7827,0.8343,6,9,6,591015,14595,93473,14483,0.13519396791285337,0.49807414540202216
7828,0.8344,0,5,0,591020,14590,93473,14483,0.1351476527474156,0.4981598046297252
7829,0.8345,3,2,3,591022,14588,93476,14480,0.1351291266812405,0.4981422870510527
7830,0.8346,1,3,1,591025,14585,93477,14479,0.13510133758197784,0.49817643820533997
7831,0.8347,3,19,3,591044,14566,93480,14476,0.13492533995331432,0.49845051993664347
7832,0.8348,2,4,2,591048,14562,93482,14474,0.1348882878209641,0.49848463975754237
7833,0.8349,1,0,1,591048,14562,93483,14473,0.1348882878209641,0.4984673669708972
7834,0.835,157,225,157,591273,14337,93640,14316,0.13280410537626441,0.49963354622552614
7835,0.8351,1,0,1,591273,14337,93641,14315,0.13280410537626441,0.49961608264693563
7836,0.8352,0,3,0,591276,14334,93641,14315,0.13277631627700173,0.499668400293204
7837,0.8353,0,8,0,591284,14326,93641,14315,0.1327022120123013,0.4998079675988967
7838,0.8354,1,5,1,591289,14321,93642,14314,0.13265589684686355,0.4998777719573948
7839,0.8355,3,2,3,591291,14319,93645,14311,0.13263737078068844,0.4998602864128536
7840,0.8356,1,2,1,591293,14317,93646,14310,0.13261884471451332,0.499877737799979
7841,0.8357,8,7,8,591300,14310,93654,14302,0.13255400348290045,0.4998601985181043
7842,0.8358,8,28,8,591328,14282,93662,14294,0.13229463855644893,0.5002099664053752
7843,0.8359,3,2,3,591330,14280,93665,14291,0.13227611249027382,0.5001925028875434
7844,0.836,26,32,26,591362,14248,93691,14265,0.1319796954314721,0.500298109634202
7845,0.8361,2,5,2,591367,14243,93693,14263,0.13193338026603432,0.5003508033396478
7846,0.8362,4,8,4,591375,14235,93697,14259,0.13185927600133387,0.5004211412929037
7847,0.8363,2,8,2,591383,14227,93699,14257,0.13178517173663346,0.5005266114309788
7848,0.8365,5,5,5,591388,14222,93704,14252,0.13173885657119566,0.5005267963756409
7849,0.8367,96,113,96,591501,14109,93800,14156,0.13069213383230205,0.5008314169467539
7850,0.8368,1,8,1,591509,14101,93801,14155,0.13061802956760163,0.5009555492638732
7851,0.8369,0,1,0,591510,14100,93801,14155,0.13060876653451406,0.5009732790656521
7852,0.837,1,5,1,591515,14095,93802,14154,0.1305624513690763,0.5010442847534426
7853,0.8371,2,5,2,591520,14090,93804,14152,0.13051613620363853,0.501097655973373
7854,0.8372,3,5,3,591525,14085,93807,14149,0.13046982103820076,0.5011333852801587
7855,0.8373,5,13,5,591538,14072,93812,14144,0.13034940160806255,0.5012758718457613
7856,0.8374,1,1,1,591539,14071,93813,14143,0.13034013857497498,0.5012759622882257
7857,0.8375,35,43,35,591582,14028,93848,14108,0.12994182815221017,0.501421666192778
7858,0.8376,1,5,1,591587,14023,93849,14107,0.12989551298677238,0.5014930678990401
7859,0.8377,0,4,0,591591,14019,93849,14107,0.12985846085442218,0.5015643888217308
7860,0.8378,4,4,4,591595,14015,93853,14103,0.12982140872207196,0.5015648339142187
7861,0.8379,1,2,1,591597,14013,93854,14102,0.12980288265589685,0.5015827849902188
7862,0.838,4,29,4,591626,13984,93858,14098,0.12953425469635776,0.5020297699594046
7863,0.8381,1,1,1,591627,13983,93859,14097,0.12952499166327022,0.5020299145299145
7864,0.8382,1,3,1,591630,13980,93860,14096,0.12949720256400757,0.5020658213420716
7865,0.8383,32,51,32,591681,13929,93892,14064,0.12902478787654229,0.502411317114993
7866,0.8384,2,9,2,591690,13920,93894,14062,0.1289414205787543,0.502537345436352
7867,0.8385,4,12,4,591702,13908,93898,14058,0.12883026418170365,0.5026818279339198
7868,0.8386,2,1,2,591703,13907,93900,14056,0.1288210011486161,0.5026642348818081
7869,0.8387,5,5,5,591708,13902,93905,14051,0.12877468598317834,0.502665187994133
7870,0.8388,5,5,5,591713,13897,93910,14046,0.12872837081774055,0.5026661417886411
7871,0.8389,0,3,0,591716,13894,93910,14046,0.1287005817184779,0.5027201145311382
7872,0.839,3,15,3,591731,13879,93913,14043,0.1285616362221646,0.5029367523816346
7873,0.8392,12,16,12,591747,13863,93925,14031,0.12841342769276373,0.50301140030114
7874,0.8393,5,9,5,591756,13854,93930,14026,0.12833006039497574,0.5030846484935437
7875,0.8395,4,7,4,591763,13847,93934,14022,0.12826521916336286,0.5031396892604686
7876,0.8396,1,1,1,591764,13846,93935,14021,0.1282559561302753,0.5031399145943231
7877,0.8397,5,4,5,591768,13842,93940,14016,0.12821890399792507,0.5031229808313591
7878,0.8398,8,4,8,591772,13838,93948,14008,0.12818185186557488,0.503052503052503
7879,0.84,744,836,744,592608,13002,94692,13264,0.12043795620437957,0.5049874362293459
7880,0.8401,2,3,2,592611,12999,94694,13262,0.1204101671051169,0.5050074254598074
7881,0.8402,2,8,2,592619,12991,94696,13260,0.12033606284041647,0.5051236143385014
7882,0.8403,1,3,1,592622,12988,94697,13259,0.1203082737411538,0.505162494761306
7883,0.8404,0,3,0,592625,12985,94697,13259,0.12028048464189114,0.5052202408169486
7884,0.8405,1,9,1,592634,12976,94698,13258,0.12019711734410315,0.5053747045818403
7885,0.8406,0,1,0,592635,12975,94698,13258,0.1201878543110156,0.5053939694278199
7886,0.8407,5,11,5,592646,12964,94703,13253,0.1200859609470525,0.5055116908875921
7887,0.8408,12,16,12,592662,12948,94715,13241,0.11993775241765163,0.5055939516590935
7888,0.8409,1,2,1,592664,12946,94716,13240,0.11991922635147653,0.5056136867028183
7889,0.841,13,12,13,592676,12934,94729,13227,0.11980806995442587,0.5055999388402584
7890,0.8411,0,2,0,592678,12932,94729,13227,0.11978954388825076,0.5056385947475056
7891,0.8412,1,4,1,592682,12928,94730,13226,0.11975249175590055,0.5056970253116159
7892,0.8413,4,7,4,592689,12921,94734,13222,0.11968765052428768,0.5057567991431741
7893,0.8414,2,5,2,592694,12916,94736,13220,0.1196413353588499,0.5058157330884604
7894,0.8415,4,5,4,592699,12911,94740,13216,0.11959502019341213,0.5058368737321545
7895,0.8417,34,50,34,592749,12861,94774,13182,0.11913186853903442,0.5061628844603157
7896,0.8418,2,3,2,592752,12858,94776,13180,0.11910407943977176,0.5061832706045011
7897,0.8419,0,4,0,592756,12854,94776,13180,0.11906702730742154,0.5062610432511331
7898,0.842,11,17,11,592773,12837,94787,13169,0.11890955574493312,0.506383142351765
7899,0.8421,3,5,3,592778,12832,94790,13166,0.11886324057949535,0.5064235710439264
7900,0.8422,4,2,4,592780,12830,94794,13162,0.11884471451332024,0.5063865804863035
7901,0.8423,2,7,2,592787,12823,94796,13160,0.11877987328170736,0.5064850094292422
7902,0.8424,0,2,0,592789,12821,94796,13160,0.11876134721553225,0.5065239983064547
7903,0.8425,36,47,36,592836,12774,94832,13124,0.1183259846604172,0.5067572785543285
7904,0.8426,0,3,0,592839,12771,94832,13124,0.11829819556115455,0.506815987642402
7905,0.8427,4,6,4,592845,12765,94836,13120,0.11824261736262921,0.5068572532354646
7906,0.8428,0,2,0,592847,12763,94836,13120,0.11822409129645411,0.5068964184986284
7907,0.8429,2,7,2,592854,12756,94838,13118,0.11815925006484124,0.506995439437273
7908,0.843,8,11,8,592865,12745,94846,13110,0.11805735670087814,0.5070585960162445
7909,0.8431,0,1,0,592866,12744,94846,13110,0.11804809366779058,0.5070782084010211
7910,0.8432,1,9,1,592875,12735,94847,13109,0.11796472637000259,0.5072357220244544
7911,0.8433,83,80,83,592955,12655,94930,13026,0.11722368372299825,0.5072232389704451
7912,0.8434,0,1,0,592956,12654,94930,13026,0.1172144206899107,0.5072429906542056
7913,0.8435,3,11,3,592967,12643,94933,13023,0.11711252732594761,0.5074027896828489
7914,0.8436,0,3,0,592970,12640,94933,13023,0.11708473822668494,0.5074621049760355
7915,0.8437,1,10,1,592980,12630,94934,13022,0.11699210789580941,0.5076407297676594
7916,0.8438,5,16,5,592996,12614,94939,13017,0.11684389936640854,0.5078615738753853
7917,0.8439,0,4,0,593000,12610,94939,13017,0.11680684723405832,0.5079408436414719
7918,0.844,16,27,16,593027,12583,94955,13001,0.11655674534069435,0.5081691682301438
7919,0.8441,0,2,0,593029,12581,94955,13001,0.11653821927451925,0.5082088968806192
7920,0.8442,16,17,16,593046,12564,94971,12985,0.11638074771203083,0.5082390700223101
7921,0.8443,5,6,5,593052,12558,94976,12980,0.11632516951350551,0.5082621975095936
7922,0.8444,0,2,0,593054,12556,94976,12980,0.1163066434473304,0.5083020050125313
7923,0.8445,3,2,3,593056,12554,94979,12977,0.11628811738115528,0.5082840468450119
7924,0.8446,0,3,0,593059,12551,94979,12977,0.11626032828189262,0.5083437793795048
7925,0.8447,1,5,1,593064,12546,94980,12976,0.11621401311645485,0.5084241046939895
7926,0.8448,2,6,2,593070,12540,94982,12974,0.11615843491792953,0.5085051344359959
7927,0.8449,0,1,0,593071,12539,94982,12974,0.11614917188484197,0.5085250656528044
7928,0.845,146,195,146,593266,12344,95128,12828,0.11434288043276891,0.509613856666137
7929,0.8451,2,0,2,593266,12344,95130,12826,0.11434288043276891,0.5095748907429479
7930,0.8452,1,6,1,593272,12338,95131,12825,0.11428730223424358,0.509676906569169
7931,0.8453,1,7,1,593279,12331,95132,12824,0.1142224610026307,0.5097992446829656
7932,0.8454,3,2,3,593281,12329,95135,12821,0.11420393493645559,0.5097813121272365
7933,0.8455,2,1,2,593282,12328,95137,12819,0.11419467190336804,0.5097625959358969
7934,0.8456,1,1,1,593283,12327,95138,12818,0.11418540887028049,0.5097633724398489
7935,0.8457,3,5,3,593288,12322,95141,12815,0.11413909370484271,0.5098062616859609
7936,0.8458,17,13,17,593301,12309,95158,12798,0.11401867427470451,0.509738319990441
7937,0.846,24,17,24,593318,12292,95182,12774,0.11386120271221609,0.5096146174100376
7938,0.8461,0,1,0,593319,12291,95182,12774,0.11385193967912853,0.5096349491322562
7939,0.8462,0,3,0,593322,12288,95182,12774,0.11382415057986588,0.5096959540339957
7940,0.8463,4,3,4,593325,12285,95186,12770,0.11379636148060321,0.5096787068449411
7941,0.8464,2,4,2,593329,12281,95188,12768,0.113759309348253,0.5097209469439897
7942,0.8465,4,4,4,593333,12277,95192,12764,0.11372225721590278,0.5097240525538117
7943,0.8466,1,7,1,593340,12270,95193,12763,0.1136574159842899,0.5098470019574162
7944,0.8467,83,84,83,593424,12186,95276,12680,0.11287932120493534,0.5099332421780745
7945,0.8468,2,5,2,593429,12181,95278,12678,0.11283300603949757,0.5099963795808359
7946,0.847,4,10,4,593439,12171,95282,12674,0.11274037570862203,0.5101227611189374
7947,0.8471,2,2,2,593441,12169,95284,12672,0.11272184964244693,0.5101243911275714
7948,0.8472,3,2,3,593443,12167,95287,12669,0.11270332357627182,0.510106297310356
7949,0.8473,1,6,1,593449,12161,95288,12668,0.1126477453777465,0.5102098352732691
7950,0.8474,0,3,0,593452,12158,95288,12668,0.11261995627848383,0.510271489567389
7951,0.8475,42,56,42,593508,12102,95330,12626,0.11210122642558079,0.5105952766095115
7952,0.8476,1,2,1,593510,12100,95331,12625,0.11208270035940568,0.5106167846309403
7953,0.8477,4,3,4,593513,12097,95335,12621,0.11205491126014303,0.5105995630714459
7954,0.8478,1,4,1,593517,12093,95336,12620,0.1120178591277928,0.5106624044025412
7955,0.848,13,17,13,593534,12076,95349,12607,0.11186038756530438,0.5107563910383665
7956,0.8481,0,2,0,593536,12074,95349,12607,0.11184186149912928,0.510797779668571
7957,0.8482,1,6,1,593542,12068,95350,12606,0.11178628330060394,0.5109021642214476
7958,0.8483,27,53,27,593595,12015,95377,12579,0.11129534254696358,0.5114662112710417
7959,0.8484,0,1,0,593596,12014,95377,12579,0.11128607951387602,0.5114870084983532
7960,0.8485,5,0,5,593596,12014,95382,12574,0.11128607951387602,0.5113876687815194
7961,0.8486,1,4,1,593600,12010,95383,12573,0.11124902738152581,0.5114510027254607
7962,0.8487,3,6,3,593606,12004,95386,12570,0.11119344918300048,0.5115162366729064
7963,0.8488,0,5,0,593611,11999,95386,12570,0.11114713401756271,0.5116203345679515
7964,0.8489,0,2,0,593613,11997,95386,12570,0.1111286079513876,0.5116619855904262
7965,0.849,10,10,10,593623,11987,95396,12560,0.11103597762051207,0.5116714873507965
7966,0.8491,0,3,0,593626,11984,95396,12560,0.1110081885212494,0.5117340286831812
7967,0.8492,10,12,10,593638,11972,95406,12550,0.11089703212419874,0.511785335616997
7968,0.8493,4,6,4,593644,11966,95410,12546,0.11084145392567342,0.5118309399477807
7969,0.8495,4,2,4,593646,11964,95414,12542,0.11082292785949831,0.5117930302782991
7970,0.8496,1,0,1,593646,11964,95415,12541,0.11082292785949831,0.5117731075290757
7971,0.8497,1,3,1,593649,11961,95416,12540,0.11079513876023565,0.511815844251255
7972,0.8498,2,6,2,593655,11955,95418,12538,0.11073956056171033,0.5119013595721227
7973,0.8499,0,2,0,593657,11953,95418,12538,0.11072103449553522,0.5119431627944959
7974,0.85,759,783,759,594440,11170,96177,11779,0.1034680795879803,0.5132685520066234
7975,0.8501,1,2,1,594442,11168,96178,11778,0.10344955352180518,0.5132920770504663
7976,0.8502,2,4,2,594446,11164,96180,11776,0.10341250138945496,0.5133391455972102
7977,0.8503,3,9,3,594455,11155,96183,11773,0.10332913409166697,0.5134769713886951
7978,0.8504,2,3,2,594458,11152,96185,11771,0.10330134499240431,0.5135017231601449
7979,0.8505,2,6,2,594464,11146,96187,11769,0.10324576679387899,0.5135937159066114
7980,0.8506,0,2,0,594466,11144,96187,11769,0.10322724072770388,0.5136385458036923
7981,0.8507,4,7,4,594473,11137,96191,11765,0.103162399496091,0.5137105929613134
7982,0.8508,7,15,7,594488,11122,96198,11758,0.10302345399977769,0.5138986013986014
7983,0.8509,0,1,0,594489,11121,96198,11758,0.10301419096669014,0.513921062983522
7984,0.851,8,11,8,594500,11110,96206,11750,0.10291229760272703,0.5139982502187227
7985,0.8511,0,1,0,594501,11109,96206,11750,0.10290303456963948,0.514020735815215
7986,0.8512,1,5,1,594506,11104,96207,11749,0.10285671940420171,0.5141119327878177
7987,0.8513,2,9,2,594515,11095,96209,11747,0.10277335210641372,0.5142719551703003
7988,0.8514,1,2,1,594517,11093,96210,11746,0.10275482604023861,0.5142957222295197
7989,0.8515,2,4,2,594521,11089,96212,11744,0.1027177739078884,0.5143432750843078
7990,0.8517,31,42,31,594563,11047,96243,11713,0.10232872651821112,0.5146309314586994
7991,0.8518,7,6,7,594569,11041,96250,11706,0.1022731483196858,0.5146173121730339
7992,0.8519,1,4,1,594573,11037,96251,11705,0.10223609618733558,0.5146864831589131
7993,0.852,11,9,11,594582,11028,96262,11694,0.10215272888954759,0.5146554000528123
7994,0.8521,2,0,2,594582,11028,96264,11692,0.10215272888954759,0.514612676056338
7995,0.8522,5,6,5,594588,11022,96269,11687,0.10209715069102226,0.5146417719846756
7996,0.8523,5,16,5,594604,11006,96274,11682,0.1019489421616214,0.5148977433004231
7997,0.8524,1,7,1,594611,10999,96275,11681,0.10188410093000852,0.5150352733686067
7998,0.8525,41,33,41,594644,10966,96316,11640,0.10157842083811923,0.5149075466690259
7999,0.8526,0,3,0,594647,10963,96316,11640,0.10155063173885658,0.5149758881564395
8000,0.8527,1,7,1,594654,10956,96317,11639,0.1014857905072437,0.5151139632662093
8001,0.8528,2,7,2,594661,10949,96319,11637,0.1014209492756308,0.5152306738687683
8002,0.8529,2,4,2,594665,10945,96321,11635,0.1013838971432806,0.5152790079716564
8003,0.853,3,11,3,594676,10934,96324,11632,0.1012820037793175,0.5154657449259948
8004,0.8531,1,6,1,594682,10928,96325,11631,0.10122642558079217,0.5155813644221818
8005,0.8532,1,4,1,594686,10924,96326,11630,0.10118937344844196,0.5156513257071916
8006,0.8533,65,97,65,594783,10827,96391,11565,0.1002908592389492,0.5164790996784566
8007,0.8534,0,5,0,594788,10822,96391,11565,0.10024454407351142,0.5165944521374012
8008,0.8535,1,5,1,594793,10817,96392,11564,0.10019822890807366,0.5166882623653992
8009,0.8536,1,2,1,594795,10815,96393,11563,0.10017970284189855,0.5167128429707749
8010,0.8537,2,2,2,594797,10813,96395,11561,0.10016117677572345,0.516715830875123
8011,0.8538,0,3,0,594800,10810,96395,11561,0.10013338767646078,0.5167851235975146
8012,0.8539,0,1,0,594801,10809,96395,11561,0.10012412464337322,0.5168082253017434
8013,0.854,16,23,16,594824,10786,96411,11545,0.09991107488235948,0.5169943128386548
8014,0.8541,2,0,2,594824,10786,96413,11543,0.09991107488235948,0.5169510502037709
8015,0.8542,8,28,8,594852,10758,96421,11535,0.09965170995590797,0.5174269950208585
8016,0.8543,5,7,5,594859,10751,96426,11530,0.09958686872429508,0.5174812620618464
8017,0.8544,0,2,0,594861,10749,96426,11530,0.09956834265811998,0.5175277166838727
8018,0.8545,1,3,1,594864,10746,96427,11529,0.09954055355885731,0.5175757575757576
8019,0.8546,0,5,0,594869,10741,96427,11529,0.09949423839341955,0.5176919622810956
8020,0.8547,4,0,4,594869,10741,96431,11525,0.09949423839341955,0.5176053175244768
8021,0.8548,2,4,2,594873,10737,96433,11523,0.09945718626106932,0.5176549865229111
8022,0.8549,0,3,0,594876,10734,96433,11523,0.09942939716180667,0.5177247607494272
8023,0.855,161,169,161,595045,10565,96594,11362,0.09786394457001,0.5181739408035755
8024,0.8551,1,1,1,595046,10564,96595,11361,0.09785468153692245,0.5181755986316989
8025,0.8552,4,5,4,595051,10559,96599,11357,0.09780836637148468,0.5182058769848512
8026,0.8553,5,8,5,595059,10551,96604,11352,0.09773426210678425,0.5182851664155596
8027,0.8554,1,6,1,595065,10545,96605,11351,0.09767868390825891,0.5184051881622214
8028,0.8555,3,7,3,595072,10538,96608,11348,0.09761384267664604,0.518504980352737
8029,0.8556,1,1,1,595073,10537,96609,11347,0.09760457964355848,0.5185066715408517
8030,0.8557,8,6,8,595079,10531,96617,11339,0.09754900144503316,0.5184727937814357
8031,0.8558,15,17,15,595096,10514,96632,11324,0.09739152988254474,0.5185456543639527
8032,0.856,18,18,18,595114,10496,96650,11306,0.09722479528696877,0.5185762774057426
8033,0.8561,0,2,0,595116,10494,96650,11306,0.09720626922079366,0.5186238532110091
8034,0.8562,3,9,3,595125,10485,96653,11303,0.09712290192300567,0.5187718009913714
8035,0.8563,0,6,0,595131,10479,96653,11303,0.09706732372448035,0.5189147002111836
8036,0.8564,0,1,0,595132,10478,96653,11303,0.09705806069139279,0.5189385244020017
8037,0.8565,4,6,4,595138,10472,96657,11299,0.09700248249286747,0.5189931560332552
8038,0.8566,0,1,0,595139,10471,96657,11299,0.09699321945977991,0.5190169958658705
8039,0.8567,64,86,64,595225,10385,96721,11235,0.09619659861425026,0.5196577243293247
8040,0.8568,2,3,2,595228,10382,96723,11233,0.09616880951498759,0.5196854036548693
8041,0.8569,0,1,0,595229,10381,96723,11233,0.09615954648190003,0.519709447580272
8042,0.857,2,5,2,595234,10376,96725,11231,0.09611323131646227,0.519785254778544
8043,0.8571,2,2,2,595236,10374,96727,11229,0.09609470525028715,0.5197889182058048
8044,0.8572,0,1,0,595237,10373,96727,11229,0.0960854422171996,0.5198129802796038
8045,0.8573,2,5,2,595242,10368,96729,11227,0.09603912705176183,0.5198888631627692
8046,0.8574,1,2,1,595244,10366,96730,11226,0.09602060098558672,0.5199147832530567
8047,0.8575,40,49,40,595293,10317,96770,11186,0.09556671236429656,0.5202064828163512
8048,0.8576,1,3,1,595296,10314,96771,11185,0.09553892326503391,0.520256756128192
8049,0.8577,2,5,2,595301,10309,96773,11183,0.09549260809959613,0.5203331472175693
8050,0.8578,1,4,1,595305,10305,96774,11182,0.09545555596724592,0.520407688369712
8051,0.8579,3,2,3,595307,10303,96777,11179,0.09543702990107081,0.520389163020203
8052,0.858,13,15,13,595322,10288,96790,11166,0.0952980844047575,0.5204623846368975
8053,0.8582,4,9,4,595331,10279,96794,11162,0.09521471710696951,0.5205913903269437
8054,0.8583,21,52,21,595383,10227,96815,11141,0.09473303938641668,0.5213871209284912
8055,0.8584,2,1,2,595384,10226,96817,11139,0.09472377635332914,0.5213667212731102
8056,0.8585,9,10,9,595394,10216,96826,11130,0.0946311460224536,0.5214091633092851
8057,0.8586,3,1,3,595395,10215,96829,11127,0.09462188298936604,0.5213663199325274
8058,0.8587,2,4,2,595399,10211,96831,11125,0.09458483085701583,0.5214191976003
8059,0.8588,5,5,5,595404,10206,96836,11120,0.09453851569157805,0.5214292413016974
8060,0.8589,0,3,0,595407,10203,96836,11120,0.0945107265923154,0.5215026028232425
8061,0.859,8,4,8,595411,10199,96844,11112,0.09447367445996517,0.5214208624653934
8062,0.8591,1,3,1,595414,10196,96845,11111,0.0944458853607025,0.5214718167738301
8063,0.8592,8,16,8,595430,10180,96853,11103,0.09429767683130164,0.5216839731240897
8064,0.8593,6,12,6,595442,10168,96859,11097,0.09418652043425099,0.5218434046555372
8065,0.8594,1,0,1,595442,10168,96860,11096,0.09418652043425099,0.5218209179834462
8066,0.8595,5,5,5,595447,10163,96865,11091,0.09414020526881323,0.5218311847181707
8067,0.8596,2,2,2,595449,10161,96867,11089,0.09412167920263811,0.5218352941176471
8068,0.8597,4,7,4,595456,10154,96871,11085,0.09405683797102524,0.5219172277414191
8069,0.8598,1,5,1,595461,10149,96872,11084,0.09401052280558746,0.522017614091273
8070,0.8599,2,2,2,595463,10147,96874,11082,0.09399199673941236,0.5220217626831222
8071,0.86,715,697,715,596160,9450,97589,10367,0.08753566267738708,0.5231367008124338
8072,0.8601,1,0,1,596160,9450,97590,10366,0.08753566267738708,0.5231126362535325
8073,0.8602,3,3,3,596163,9447,97593,10363,0.08750787357812442,0.5231196365471984
8074,0.8603,3,3,3,596166,9444,97596,10360,0.08748008447886176,0.5231266410826095
8075,0.8604,0,1,0,596167,9443,97596,10360,0.0874708214457742,0.5231530576175327
8076,0.8605,3,4,3,596171,9439,97599,10357,0.08743376931342399,0.5231865023237018
8077,0.8606,2,1,2,596172,9438,97601,10355,0.08742450628033643,0.5231647552164906
8078,0.8607,5,5,5,596177,9433,97606,10350,0.08737819111489867,0.5231764646413587
8079,0.8608,7,14,7,596191,9419,97613,10343,0.0872485086516729,0.5233782005869851
8080,0.8609,1,3,1,596194,9416,97614,10342,0.08722071955241024,0.523433545905456
8081,0.861,7,13,7,596207,9403,97621,10335,0.08710030012227203,0.5236092815888135
8082,0.8611,4,2,4,596209,9401,97625,10331,0.08708177405609693,0.5235657814717211
8083,0.8612,4,5,4,596214,9396,97629,10327,0.08703545889065915,0.5236018861228008
8084,0.8613,3,16,3,596230,9380,97632,10324,0.08688725036125829,0.523954526999594
8085,0.8614,1,0,1,596230,9380,97633,10323,0.08688725036125829,0.5239303659341217
8086,0.8615,3,3,3,596233,9377,97636,10320,0.08685946126199563,0.5239376554805301
8087,0.8616,1,0,1,596233,9377,97637,10319,0.08685946126199563,0.5239134849715679
8088,0.8617,28,44,28,596277,9333,97665,10291,0.08645188780614324,0.5244088870770485
8089,0.8618,1,4,1,596281,9329,97666,10290,0.08641483567379303,0.5244915642999134
8090,0.862,7,6,7,596287,9323,97673,10283,0.0863592574752677,0.5244823013363256
8091,0.8621,1,1,1,596288,9322,97674,10282,0.08634999444218015,0.5244847990206081
8092,0.8622,2,6,2,596294,9316,97676,10280,0.08629441624365482,0.5245968565013268
8093,0.8623,4,7,4,596301,9309,97680,10276,0.08622957501204194,0.5246872606586673
8094,0.8624,0,2,0,596303,9307,97680,10276,0.08621104894586683,0.524740846652709
8095,0.8625,28,42,28,596345,9265,97708,10248,0.08582200155618956,0.5251883359811408
8096,0.8626,0,1,0,596346,9264,97708,10248,0.085812738523102,0.5252152521525215
8097,0.8627,6,13,6,596359,9251,97714,10242,0.0856923190929638,0.52541938131637
8098,0.8628,1,12,1,596371,9239,97715,10241,0.08558116269591315,0.5257186858316222
8099,0.8629,3,3,3,596374,9236,97718,10238,0.08555337359665048,0.5257266098387594
8100,0.863,2,7,2,596381,9229,97720,10236,0.0854885323650376,0.525866940662728
8101,0.8631,0,2,0,596383,9227,97720,10236,0.0854700062988625,0.5259209782664543
8102,0.8632,2,3,2,596386,9224,97722,10234,0.08544221719959984,0.5259533353890431
8103,0.8633,84,70,84,596456,9154,97806,10150,0.08479380488347105,0.52579776212184
8104,0.8634,1,3,1,596459,9151,97807,10149,0.08476601578420838,0.5258549222797927
8105,0.8635,3,2,3,596461,9149,97810,10146,0.08474748971803327,0.5258357087328324
8106,0.8636,0,4,0,596465,9145,97810,10146,0.08471043758568306,0.5259447410709658
8107,0.8637,5,10,5,596475,9135,97815,10141,0.08461780725480751,0.5260946254409629
8108,0.8638,1,6,1,596481,9129,97816,10140,0.08456222905628219,0.5262338471119414
8109,0.8639,1,7,1,596488,9122,97817,10139,0.08449738782466931,0.5264004984164893
8110,0.864,7,12,7,596500,9110,97824,10132,0.08438623142761865,0.5265564910092506
8111,0.8641,1,3,1,596503,9107,97825,10131,0.084358442328356,0.5266139931385799
8112,0.8642,4,19,4,596522,9088,97829,10127,0.08418244469969247,0.5270361696591205
8113,0.8643,5,11,5,596533,9077,97834,10122,0.08408055133572936,0.5272149591124538
8114,0.8644,0,2,0,596535,9075,97834,10122,0.08406202526955427,0.5272698859196749
8115,0.8645,4,4,4,596539,9071,97838,10118,0.08402497313720404,0.5272812548856115
8116,0.8646,1,4,1,596543,9067,97839,10117,0.08398792100485383,0.5273665554628857
8117,0.8647,2,5,2,596548,9062,97841,10115,0.08394160583941605,0.5274547635187986
8118,0.8648,0,4,0,596552,9058,97841,10115,0.08390455370706584,0.5275648046732384
8119,0.8649,0,2,0,596554,9056,97841,10115,0.08388602764089073,0.527619842470398
8120,0.865,135,179,135,596733,8877,97976,9980,0.08222794471821854,0.5292464336851037
8121,0.8651,2,6,2,596739,8871,97978,9978,0.0821723665196932,0.5293649530479071
8122,0.8652,3,4,3,596743,8867,97981,9975,0.08213531438734299,0.5294023988960832
8123,0.8653,3,4,3,596747,8863,97984,9972,0.08209826225499277,0.529439872577648
8124,0.8655,1,3,1,596750,8860,97985,9971,0.08207047315573011,0.5294992299930965
8125,0.8656,0,2,0,596752,8858,97985,9971,0.082051947089555,0.5295554729406766
8126,0.8657,0,4,0,596756,8854,97985,9971,0.08201489495720479,0.529667994687915
8127,0.8658,10,13,10,596769,8841,97995,9961,0.08189447552706658,0.5297840655249442
8128,0.8659,1,3,1,596772,8838,97996,9960,0.08186668642780393,0.5298436003830195
8129,0.866,14,17,14,596789,8821,98010,9946,0.0817092148653155,0.529972824638994
8130,0.8661,1,9,1,596798,8812,98011,9945,0.08162584756752751,0.5302020578983846
8131,0.8662,2,3,2,596801,8809,98013,9943,0.08159805846826484,0.5302367747440273
8132,0.8663,2,3,2,596804,8806,98015,9941,0.08157026936900219,0.530271510108284
8133,0.8664,1,1,1,596805,8805,98016,9940,0.08156100633591463,0.5302747399306482
8134,0.8665,5,8,5,596813,8797,98021,9935,0.0814869020712142,0.5303758274610293
8135,0.8666,4,1,4,596814,8796,98025,9931,0.08147763903812665,0.5303038393763015
8136,0.8667,66,89,66,596903,8707,98091,9865,0.08065322909333432,0.531175963816498
8137,0.8668,4,5,4,596908,8702,98095,9861,0.08060691392789655,0.5312180143295804
8138,0.8669,1,3,1,596911,8699,98096,9860,0.08057912482863389,0.5312786249259119
8139,0.867,2,7,2,596918,8692,98098,9858,0.08051428359702101,0.5314285714285715
8140,0.8671,4,4,4,596922,8688,98102,9854,0.0804772314646708,0.5314421313774135
8141,0.8672,4,1,4,596923,8687,98106,9850,0.08046796843158324,0.5313696930463397
8142,0.8673,2,12,2,596935,8675,98108,9848,0.08035681203453258,0.5316633374723317
8143,0.8674,0,2,0,596937,8673,98108,9848,0.08033828596835747,0.5317207494195778
8144,0.8675,36,37,36,596974,8636,98144,9812,0.07999555374411797,0.5318733738074588
8145,0.8676,2,2,2,596976,8634,98146,9810,0.07997702767794286,0.5318802862719584
8146,0.8677,3,6,3,596982,8628,98149,9807,0.07992144947941754,0.5319772172497966
8147,0.8678,3,5,3,596987,8623,98152,9804,0.07987513431397977,0.5320453682096923
8148,0.8679,1,1,1,596988,8622,98153,9803,0.07986587128089222,0.5320488466757124
8149,0.868,7,4,7,596992,8618,98160,9796,0.079828819148542,0.531986531986532
8150,0.8681,0,1,0,596993,8617,98160,9796,0.07981955611545444,0.5320154238852984
8151,0.8682,3,11,3,597004,8606,98163,9793,0.07971766275149135,0.5322571878906462
8152,0.8683,23,20,23,597024,8586,98186,9770,0.07953240208974026,0.5322510350838963
8153,0.8685,2,6,2,597030,8580,98188,9768,0.07947682389121494,0.5323741007194245
8154,0.8686,1,1,1,597031,8579,98189,9767,0.07946756085812738,0.5323776300010902
8155,0.8687,2,9,2,597040,8570,98191,9765,0.07938419356033939,0.5325879465503136
8156,0.8688,2,2,2,597042,8568,98193,9763,0.0793656674941643,0.5325950575527795
8157,0.8689,1,1,1,597043,8567,98194,9762,0.07935640446107674,0.532598614217906
8158,0.869,7,10,7,597053,8557,98201,9755,0.07926377413020119,0.5327107907383136
8159,0.8691,1,2,1,597055,8555,98202,9754,0.07924524806402608,0.5327434595007919
8160,0.8692,8,21,8,597076,8534,98210,9746,0.07905072436918745,0.5331509846827134
8161,0.8693,4,3,4,597079,8531,98214,9742,0.07902293526992478,0.5331363213484376
8162,0.8694,1,2,1,597081,8529,98215,9741,0.07900440920374968,0.5331691297208538
8163,0.8695,1,2,1,597083,8527,98216,9740,0.07898588313757457,0.5332019488695462
8164,0.8696,1,0,1,597083,8527,98217,9739,0.07898588313757457,0.5331763932990256
8165,0.8697,3,1,3,597084,8526,98220,9736,0.07897662010448701,0.5331289015441901
8166,0.8698,1,2,1,597086,8524,98221,9735,0.0789580940383119,0.533161728462676
8167,0.8699,1,1,1,597087,8523,98222,9734,0.07894883100522435,0.5331653612313085
8168,0.87,629,628,629,597715,7895,98851,9105,0.07313164622624033,0.5355882352941177
8169,0.8701,0,1,0,597716,7894,98851,9105,0.07312238319315277,0.5356197423377845
8170,0.8702,2,6,2,597722,7888,98853,9103,0.07306680499462744,0.5357542228238479
8171,0.8703,2,6,2,597728,7882,98855,9101,0.07301122679610211,0.535888830006477
8172,0.8704,1,4,1,597732,7878,98856,9100,0.0729741746637519,0.5359877488514548
8173,0.8705,4,3,4,597735,7875,98860,9096,0.07294638556448924,0.5359731306346119
8174,0.8707,7,7,7,597742,7868,98867,9089,0.07288154433287636,0.5360028306893908
8175,0.8708,3,10,3,597752,7858,98870,9086,0.07278891400200081,0.5362370160528801
8176,0.8709,3,1,3,597753,7857,98873,9083,0.07277965096891326,0.5361865407319952
8177,0.871,6,11,6,597764,7846,98879,9077,0.07267775760495017,0.536370619866454
8178,0.8711,1,0,1,597764,7846,98880,9076,0.07267775760495017,0.5363432218413899
8179,0.8712,0,3,0,597767,7843,98880,9076,0.0726499685056875,0.536438323778001
8180,0.8713,1,4,1,597771,7839,98881,9075,0.07261291637333729,0.536537779354381
8181,0.8714,3,0,3,597771,7839,98884,9072,0.07261291637333729,0.5364555614688664
8182,0.8715,5,7,5,597778,7832,98889,9067,0.0725480751417244,0.5365406237055447
8183,0.8716,2,1,2,597779,7831,98891,9065,0.07253881210863686,0.5365175189393939
8184,0.8717,23,39,23,597818,7792,98914,9042,0.07217755381822225,0.5371272424854461
8185,0.8718,4,7,4,597825,7785,98918,9038,0.07211271258660935,0.5372406823990965
8186,0.8719,1,0,1,597825,7785,98919,9037,0.07211271258660935,0.537213173225538
8187,0.872,5,10,5,597835,7775,98924,9032,0.07202008225573382,0.5373951329803058
8188,0.8721,7,3,7,597838,7772,98931,9025,0.07199229315647115,0.537298327082217
8189,0.8722,2,3,2,597841,7769,98933,9023,0.07196450405720849,0.537339209147213
8190,0.8723,7,5,7,597846,7764,98940,9016,0.07191818889177072,0.5373063170441001
8191,0.8724,0,2,0,597848,7762,98940,9016,0.07189966282559561,0.5373703659554178
8192,0.8725,37,31,37,597879,7731,98977,8979,0.07161250879988143,0.5373429084380611
8193,0.8726,0,1,0,597880,7730,98977,8979,0.07160324576679387,0.5373750673289844
8194,0.8727,2,10,2,597890,7720,98979,8977,0.07151061543591834,0.5376414924836797
8195,0.8728,1,6,1,597896,7714,98980,8976,0.07145503723739301,0.5378070701018574
8196,0.8729,2,5,2,597901,7709,98982,8974,0.07140872207195524,0.5379128454114968
8197,0.873,4,4,4,597905,7705,98986,8970,0.07137166993960502,0.5379310344827586
8198,0.8731,1,0,1,597905,7705,98987,8969,0.07137166993960502,0.5379033225380833
8199,0.8732,5,3,5,597908,7702,98992,8964,0.07134388084034236,0.5378615144605784
8200,0.8733,56,69,56,597977,7633,99048,8908,0.07070473155730113,0.538540596094553
8201,0.8734,1,0,1,597977,7633,99049,8907,0.07070473155730113,0.5385126964933494
8202,0.8735,1,2,1,597979,7631,99050,8906,0.07068620549112602,0.5385499183648788
8203,0.8736,0,3,0,597982,7628,99050,8906,0.07065841639186335,0.538647635176001
8204,0.8737,2,8,2,597990,7620,99052,8904,0.07058431212716292,0.5388525780682644
8205,0.8738,2,6,2,597996,7614,99054,8902,0.0705287339286376,0.5389924921288447
8206,0.874,10,21,10,598017,7593,99064,8892,0.07033421023379896,0.5393994540491356
8207,0.8742,14,16,14,598033,7577,99078,8878,0.0701860017043981,0.5395320571254938
8208,0.8743,2,4,2,598037,7573,99080,8876,0.07014894957204787,0.5396072709587209
8209,0.8744,0,2,0,598039,7571,99080,8876,0.07013042350587276,0.5396728886727062
8210,0.8745,1,5,1,598044,7566,99081,8875,0.07008410834043499,0.5398090140502403
8211,0.8746,0,4,0,598048,7562,99081,8875,0.07004705620808478,0.5399403784145526
8212,0.8747,2,4,2,598052,7558,99083,8873,0.07001000407573456,0.5400158237477938
8213,0.8748,3,3,3,598055,7555,99086,8870,0.06998221497647189,0.5400304414003044
8214,0.875,145,144,145,598199,7411,99231,8725,0.0686483382118641,0.5407164105106594
8215,0.8751,2,7,2,598206,7404,99233,8723,0.06858349698025121,0.5408941526632356
8216,0.8752,2,5,2,598211,7399,99235,8721,0.06853718181481344,0.5410049627791563
8217,0.8753,3,3,3,598214,7396,99238,8718,0.06850939271555077,0.541020230855157
8218,0.8754,0,3,0,598217,7393,99238,8718,0.06848160361628812,0.5411209732480914
8219,0.8755,5,8,5,598225,7385,99243,8713,0.06840749935158769,0.541247359920487
8220,0.8756,1,2,1,598227,7383,99244,8712,0.06838897328541257,0.5412861136999068
8221,0.8757,4,9,4,598236,7374,99248,8708,0.06830560598762458,0.5414749409277453
8222,0.8758,6,14,6,598250,7360,99254,8702,0.06817592352439883,0.5417756194745361
8223,0.8759,1,0,1,598250,7360,99255,8701,0.06817592352439883,0.5417470892223398
8224,0.876,16,20,16,598270,7340,99271,8685,0.06799066286264775,0.5419656786271451
8225,0.8762,0,4,0,598274,7336,99271,8685,0.06795361073029753,0.5421009924474127
8226,0.8763,3,10,3,598284,7326,99274,8682,0.06786098039942198,0.5423538230884558
8227,0.8764,1,0,1,598284,7326,99275,8681,0.06786098039942198,0.5423252327106891
8228,0.8765,2,0,2,598284,7326,99277,8679,0.06786098039942198,0.5422680412371134
8229,0.8766,0,5,0,598289,7321,99277,8679,0.06781466523398422,0.5424375
8230,0.8767,52,64,52,598353,7257,99329,8627,0.06722183111638075,0.5431251573910854
8231,0.8768,1,1,1,598354,7256,99330,8626,0.06721256808329319,0.5431305880871427
8232,0.8769,1,0,1,598354,7256,99331,8625,0.06721256808329319,0.5431018197846483
8233,0.877,7,3,7,598357,7253,99338,8618,0.06718477898403052,0.5430029613760947
8234,0.8771,1,3,1,598360,7250,99339,8617,0.06715698988476787,0.5430768261170984
8235,0.8772,2,3,2,598363,7247,99341,8615,0.0671292007855052,0.5431219266170723
8236,0.8773,2,3,2,598366,7244,99343,8613,0.06710141168624255,0.5431670555590591
8237,0.8774,1,1,1,598367,7243,99344,8612,0.06709214865315499,0.5431725007883949
8238,0.8775,31,44,31,598411,7199,99375,8581,0.0666845751973026,0.5437896070975919
8239,0.8776,1,1,1,598412,7198,99376,8580,0.06667531216421504,0.5437951578146787
8240,0.8777,1,9,1,598421,7189,99377,8579,0.06659194486642707,0.5440766108574328
8241,0.8778,1,6,1,598427,7183,99378,8578,0.06653636666790173,0.5442548061671214
8242,0.8779,0,1,0,598428,7182,99378,8578,0.06652710363481418,0.5442893401015229
8243,0.878,9,10,9,598438,7172,99387,8569,0.06643447330393865,0.5443745632424878
8244,0.8781,1,0,1,598438,7172,99388,8568,0.06643447330393865,0.5443456162642948
8245,0.8782,0,5,0,598443,7167,99388,8568,0.06638815813850087,0.5445185891325072
8246,0.8783,15,28,15,598471,7139,99403,8553,0.06612879321204936,0.5450548049961764
8247,0.8784,2,0,2,598471,7139,99405,8551,0.06612879321204936,0.5449968132568515
8248,0.8785,2,2,2,598473,7137,99407,8549,0.06611026714587424,0.5450082876450338
8249,0.8786,1,1,1,598474,7136,99408,8548,0.06610100411278669,0.5450140270339199
8250,0.8787,3,10,3,598484,7126,99411,8545,0.06600837378191114,0.5452747112500798
8251,0.8788,1,4,1,598488,7122,99412,8544,0.06597132164956093,0.5453849099961701
8252,0.8789,1,3,1,598491,7119,99413,8543,0.06594353255029826,0.545460349891457
8253,0.879,3,3,3,598494,7116,99416,8540,0.06591574345103561,0.5454777721001532
8254,0.8792,12,13,12,598507,7103,99428,8528,0.0657953240208974,0.5455824963214125
8255,0.8793,2,11,2,598518,7092,99430,8526,0.06569343065693431,0.545908567038033
8256,0.8794,0,2,0,598520,7090,99430,8526,0.0656749045907592,0.5459784836065574
8257,0.8795,3,4,3,598524,7086,99433,8523,0.06563785245840899,0.5460311358831443
8258,0.8796,1,0,1,598524,7086,99434,8522,0.06563785245840899,0.546002050230651
8259,0.8797,1,7,1,598531,7079,99435,8521,0.0655730112267961,0.5462179487179487
8260,0.8798,0,3,0,598534,7076,99435,8521,0.06554522212753344,0.5463230108354171
8261,0.88,660,572,660,599106,6504,100095,7861,0.060246767201452445,0.5472328576400974
8262,0.8801,0,6,0,599112,6498,100095,7861,0.060191189002927116,0.5474615223901386
8263,0.8802,3,3,3,599115,6495,100098,7858,0.060163399903664455,0.5474813627813001
8264,0.8804,2,0,2,599115,6495,100100,7856,0.060163399903664455,0.5474182983764198
8265,0.8805,1,2,1,599117,6493,100101,7855,0.06014487383748935,0.5474630610538054
8266,0.8806,0,1,0,599118,6492,100101,7855,0.060135610804401794,0.5475012197671987
8267,0.8807,6,6,6,599124,6486,100107,7849,0.060080032605876466,0.5475409836065573
8268,0.8808,8,13,8,599137,6473,100115,7841,0.059959613175738266,0.5477853849378231
8269,0.881,9,9,9,599146,6464,100124,7832,0.059876245877950277,0.5478455512031337
8270,0.8811,1,1,1,599147,6463,100125,7831,0.05986698284486272,0.5478522456974955
8271,0.8812,3,3,3,599150,6460,100128,7828,0.05983919374560006,0.5478723404255319
8272,0.8813,6,5,6,599155,6455,100134,7822,0.05979287858016229,0.547874203263991
8273,0.8814,3,4,3,599159,6451,100137,7819,0.05975582644781207,0.5479327259985984
8274,0.8815,2,2,2,599161,6449,100139,7817,0.059737300381636965,0.5479461657086779
8275,0.8816,1,8,1,599169,6441,100140,7816,0.05966319611693653,0.5482219260714035
8276,0.8817,23,30,23,599199,6411,100163,7793,0.0593853051243099,0.5486482680934948
8277,0.8818,4,5,4,599204,6406,100167,7789,0.059338989958872136,0.5487143360338147
8278,0.8819,1,1,1,599205,6405,100168,7788,0.05932972692578458,0.548721200591841
8279,0.882,6,6,6,599211,6399,100174,7782,0.05927414872725925,0.5487624286016501
8280,0.8821,1,3,1,599214,6396,100175,7781,0.05924635962799659,0.5488467235663399
8281,0.8822,4,3,4,599217,6393,100179,7777,0.05921857052873393,0.5488355681016232
8282,0.8823,2,5,2,599222,6388,100181,7775,0.05917225536329616,0.5489656146296689
8283,0.8825,26,27,26,599249,6361,100207,7749,0.058922153469932195,0.5491849751948973
8284,0.8826,2,1,2,599250,6360,100209,7747,0.05891289043684464,0.5491599914935847
8285,0.8827,4,3,4,599253,6357,100213,7743,0.05888510133758198,0.5491489361702128
8286,0.8828,0,1,0,599254,6356,100213,7743,0.05887583830449442,0.54918788566565
8287,0.8829,1,1,1,599255,6355,100214,7742,0.05886657527140687,0.5491948641554941
8288,0.883,7,8,7,599263,6347,100221,7735,0.05879247100670643,0.5492827723334753
8289,0.8831,0,1,0,599264,6346,100221,7735,0.058783207973618884,0.5493217811234997
8290,0.8832,4,3,4,599267,6343,100225,7731,0.058755418874356216,0.5493107858462413
8291,0.8833,55,56,55,599323,6287,100280,7676,0.05823668902145319,0.5497385948578386
8292,0.8834,0,2,0,599325,6285,100280,7676,0.058218162955278076,0.5498173483274837
8293,0.8835,1,3,1,599328,6282,100281,7675,0.058190373856015415,0.5499032743426238
8294,0.8836,0,3,0,599331,6279,100281,7675,0.058162584756752754,0.5500214992116955
8295,0.8837,2,4,2,599335,6275,100283,7673,0.05812553262440254,0.5501147117866361
8296,0.8838,4,6,4,599341,6269,100287,7669,0.05806995442587721,0.5502224135457024
8297,0.8839,1,3,1,599344,6266,100288,7668,0.05804216532661455,0.5503085976747524
8298,0.884,11,11,11,599355,6255,100299,7657,0.05794027196265145,0.5503881541115584
8299,0.8842,9,16,9,599371,6239,100308,7648,0.057792063433250586,0.5507308994023187
8300,0.8843,4,6,4,599377,6233,100312,7644,0.05773648523472526,0.5508395186279456
8301,0.8844,1,0,1,599377,6233,100313,7643,0.05773648523472526,0.5508071490343038
8302,0.8845,2,5,2,599382,6228,100315,7641,0.057690170069287484,0.5509409474367294
8303,0.8846,0,2,0,599384,6226,100315,7641,0.05767164400311238,0.5510204081632653
8304,0.8847,1,1,1,599385,6225,100316,7640,0.057662380970024824,0.5510277677605482
8305,0.8848,2,3,2,599388,6222,100318,7638,0.05763459187076216,0.5510822510822511
8306,0.8849,1,1,1,599389,6221,100319,7637,0.05762532883767461,0.5510896233222687
8307,0.885,114,147,114,599536,6074,100433,7523,0.05626366297380414,0.5532838126057219
8308,0.8851,1,2,1,599538,6072,100434,7522,0.056245136907629036,0.5533323525084596
8309,0.8852,2,4,2,599542,6068,100436,7520,0.05620808477527882,0.55342949661466
8310,0.8853,1,11,1,599553,6057,100437,7519,0.056106191411315724,0.5538450206246317
8311,0.8854,0,1,0,599554,6056,100437,7519,0.05609692837822817,0.5538858195211787
8312,0.8855,5,2,5,599556,6054,100442,7514,0.056078402312053056,0.5538030660377359
8313,0.8856,1,3,1,599559,6051,100443,7513,0.056050613212790396,0.5538926570333235
8314,0.8857,3,7,3,599566,6044,100446,7510,0.05598577198117752,0.5540799763907334
8315,0.8858,7,9,7,599575,6035,100453,7503,0.05590240468338953,0.5542177574235485
8316,0.886,8,12,8,599587,6023,100461,7495,0.05579124828633888,0.5544459239532475
8317,0.8861,1,1,1,599588,6022,100462,7494,0.05578198525325132,0.554453980467594
8318,0.8862,2,6,2,599594,6016,100464,7492,0.055726407054726,0.5546342907906426
8319,0.8863,0,3,0,599597,6013,100464,7492,0.05569861795546334,0.5547574972232506
8320,0.8864,0,2,0,599599,6011,100464,7492,0.05568009188928823,0.554839665259572
8321,0.8865,2,5,2,599604,6006,100466,7490,0.055633776723850455,0.5549792531120332
8322,0.8866,0,1,0,599605,6005,100466,7490,0.055624513690762906,0.5550203779177473
8323,0.8867,57,61,57,599666,5944,100523,7433,0.0550594686724221,0.5556552291246168
8324,0.8868,2,3,2,599669,5941,100525,7431,0.05503167957315944,0.5557134310499551
8325,0.8869,1,6,1,599675,5935,100526,7430,0.05497610137463411,0.5559296670407782
8326,0.887,6,5,6,599680,5930,100532,7424,0.05492978620919634,0.5559382956417552
8327,0.8871,0,1,0,599681,5929,100532,7424,0.054920523176108786,0.5559799296038344
8328,0.8872,1,4,1,599685,5925,100533,7423,0.05488347104375857,0.5561132753970632
8329,0.8873,2,8,2,599693,5917,100535,7421,0.054809366779058136,0.5563802669065827
8330,0.8874,1,1,1,599694,5916,100536,7420,0.05480010374597058,0.5563887222555489
8331,0.8875,22,25,22,599719,5891,100558,7398,0.05456852791878172,0.5567010309278351
8332,0.8876,1,2,1,599721,5889,100559,7397,0.05455000185260662,0.5567514677103719
8333,0.8877,3,4,3,599725,5885,100562,7394,0.0545129497202564,0.5568190375781309
8334,0.8878,3,1,3,599726,5884,100565,7391,0.054503686687168845,0.5567608286252355
8335,0.8879,1,3,1,599729,5881,100566,7390,0.054475897587906184,0.5568532891266672
8336,0.888,4,13,4,599742,5868,100570,7386,0.05435547815776798,0.5572657311000453
8337,0.8881,2,4,2,599746,5864,100572,7384,0.05431842602541776,0.5573671497584541
8338,0.8882,2,2,2,599748,5862,100574,7382,0.054299899959242656,0.5573844759891271
8339,0.8883,18,33,18,599781,5829,100592,7364,0.053994219867353366,0.558174789661184
8340,0.8884,1,1,1,599782,5828,100593,7363,0.05398495683426581,0.5581836100371466
8341,0.8885,4,0,4,599782,5828,100597,7359,0.05398495683426581,0.5580495942974141
8342,0.8886,3,1,3,599783,5827,100600,7356,0.05397569380117826,0.5579913524994311
8343,0.8887,2,3,2,599786,5824,100602,7354,0.05394790470191559,0.5580512976172408
8344,0.8888,3,2,3,599788,5822,100605,7351,0.05392937863574049,0.5580353753890533
8345,0.8889,0,1,0,599789,5821,100605,7351,0.05392011560265293,0.5580777406620103
8346,0.889,4,4,4,599793,5817,100609,7347,0.053883063470302715,0.5581130355515042
8347,0.8892,6,7,6,599800,5810,100615,7341,0.05381822223868984,0.5582085012546575
8348,0.8893,2,3,2,599803,5807,100617,7339,0.05379043313942718,0.5582686748820934
8349,0.8895,1,1,1,599804,5806,100618,7338,0.05378117010633962,0.558277541083384
8350,0.8896,1,2,1,599806,5804,100619,7337,0.05376264404016451,0.5583288943002815
8351,0.8897,4,3,4,599809,5801,100623,7333,0.05373485494090185,0.5583219125932694
8352,0.8898,2,5,2,599814,5796,100625,7331,0.053688539775464075,0.5584672811762017
8353,0.8899,1,3,1,599817,5793,100626,7330,0.053660750676201414,0.5585613045797455
8354,0.89,643,474,643,600291,5319,101269,6687,0.04927007299270073,0.5569715142428786
8355,0.8901,0,2,0,600293,5317,101269,6687,0.04925154692652562,0.5570643118960347
8356,0.8902,3,2,3,600295,5315,101272,6684,0.049233020860350515,0.5570464205350446
8357,0.8903,0,1,0,600296,5314,101272,6684,0.04922375782726296,0.5570928488081347
8358,0.8904,0,1,0,600297,5313,101272,6684,0.049214494794175404,0.5571392848212053
8359,0.8905,1,8,1,600305,5305,101273,6683,0.04914039052947497,0.5574741408074741
8360,0.8906,3,3,3,600308,5302,101276,6680,0.04911260143021231,0.5575029210482391
8361,0.8907,2,5,2,600313,5297,101278,6678,0.049066286264774536,0.5576617954070981
8362,0.8908,8,6,8,600319,5291,101286,6670,0.049010708066249214,0.5576456817991807
8363,0.891,6,3,6,600322,5288,101292,6664,0.04898291896698655,0.5575635876840697
8364,0.8911,1,3,1,600325,5285,101293,6663,0.048955129867723886,0.5576665550719786
8365,0.8912,1,3,1,600328,5282,101294,6662,0.048927340768461225,0.5577695914266577
8366,0.8913,2,1,2,600329,5281,101296,6660,0.04891807773537367,0.5577422326438322
8367,0.8914,1,1,1,600330,5280,101297,6659,0.04890881470228612,0.5577519055197253
8368,0.8915,2,4,2,600334,5276,101299,6657,0.0488717625699359,0.5578647448252745
8369,0.8916,0,2,0,600336,5274,101299,6657,0.04885323650376079,0.5579582599949711
8370,0.8917,10,26,10,600362,5248,101309,6647,0.048612397643484385,0.5588062211013031
8371,0.8918,1,3,1,600365,5245,101310,6646,0.04858460854422172,0.5589101000756875
8372,0.8919,4,0,4,600365,5245,101314,6642,0.04858460854422172,0.5587616724152435
8373,0.892,10,14,10,600379,5231,101324,6632,0.04845492608099596,0.5590491443985501
8374,0.8921,2,5,2,600384,5226,101326,6630,0.04840861091555819,0.5592105263157895
8375,0.8922,0,3,0,600387,5223,101326,6630,0.04838082181629553,0.5593520627689192
8376,0.8923,4,1,4,600388,5222,101330,6626,0.04837155878320797,0.5592505064145847
8377,0.8924,0,2,0,600390,5220,101330,6626,0.04835303271703287,0.5593449265574878
8378,0.8925,19,24,19,600414,5196,101349,6607,0.04813071992293157,0.559772939083284
8379,0.8927,2,5,2,600419,5191,101351,6605,0.048084404757493794,0.5599355713801288
8380,0.8928,3,1,3,600420,5190,101354,6602,0.04807514172440624,0.5598710990502035
8381,0.8929,2,2,2,600422,5188,101356,6600,0.04805661565823113,0.5598914149983033
8382,0.893,3,8,3,600430,5180,101359,6597,0.0479825113935307,0.5601596331833234
8383,0.8931,1,1,1,600431,5179,101360,6596,0.047973248360443144,0.5601698513800425
8384,0.8932,2,3,2,600434,5176,101362,6594,0.04794545926118048,0.5602378929481733
8385,0.8933,57,49,57,600483,5127,101419,6537,0.047491570639890325,0.5604423868312757
8386,0.8934,1,0,1,600483,5127,101420,6536,0.047491570639890325,0.5604046986195661
8387,0.8935,2,1,2,600484,5126,101422,6534,0.04748230760680277,0.560377358490566
8388,0.8936,0,1,0,600485,5125,101422,6534,0.04747304457371522,0.5604254224204477
8389,0.8937,2,4,2,600489,5121,101424,6532,0.047435992441365,0.5605423496095426
8390,0.8938,1,3,1,600492,5118,101425,6531,0.047408203342102335,0.5606489827453001
8391,0.8939,0,4,0,600496,5114,101425,6531,0.04737115120975212,0.5608415629025333
8392,0.894,13,10,13,600506,5104,101438,6518,0.04727852087887658,0.5608329031147823
8393,0.8942,10,7,10,600513,5097,101448,6508,0.0472136796472637,0.5607927617406291
8394,0.8943,1,2,1,600515,5095,101449,6507,0.04719515358108859,0.5608515773142562
8395,0.8944,1,3,1,600518,5092,101450,6506,0.04716736448182593,0.5609587859975858
8396,0.8945,4,2,4,600520,5090,101454,6502,0.04714883841565082,0.560904071773637
8397,0.8946,4,1,4,600521,5089,101458,6498,0.04713957538256327,0.5608008975576076
8398,0.8947,4,6,4,600527,5083,101462,6494,0.04708399718403794,0.5609397944199707
8399,0.8948,1,6,1,600533,5077,101463,6493,0.04702841898551262,0.5611927398444252
8400,0.895,110,97,110,600630,4980,101573,6383,0.04612990477601986,0.5617354571856024
8401,0.8951,4,1,4,600631,4979,101577,6379,0.0461206417429323,0.561630568762106
8402,0.8952,0,1,0,600632,4978,101577,6379,0.046111378709844754,0.5616800211323413
8403,0.8953,4,1,4,600633,4977,101581,6375,0.0461021156767572,0.5615750528541226
8404,0.8954,4,1,4,600634,4976,101585,6371,0.04609285264366964,0.5614699920683881
8405,0.8955,2,5,2,600639,4971,101587,6369,0.04604653747823187,0.5616402116402116
8406,0.8956,2,0,2,600639,4971,101589,6367,0.04604653747823187,0.5615628858705239
8407,0.8957,3,10,3,600649,4961,101592,6364,0.04595390714735633,0.5619426048565122
8408,0.8958,4,5,4,600654,4956,101596,6360,0.04590759198191856,0.5620360551431601
8409,0.896,7,5,7,600659,4951,101603,6353,0.045861276816480785,0.5620134465675867
8410,0.8961,1,1,1,600660,4950,101604,6352,0.045852013783393236,0.5620244204565563
8411,0.8962,1,5,1,600665,4945,101605,6351,0.04580569861795546,0.5622344192634561
8412,0.8964,0,2,0,600667,4943,101605,6351,0.04578717255178035,0.5623339826456526
8413,0.8965,6,2,6,600669,4941,101611,6345,0.04576864648560525,0.562200956937799
8414,0.8967,47,50,47,600719,4891,101658,6298,0.04530549483122754,0.562874251497006
8415,0.8968,2,2,2,600721,4889,101660,6296,0.04528696876505243,0.5628967367009388
8416,0.897,1,5,1,600726,4884,101661,6295,0.045240653599614655,0.5631094015564898
8417,0.8971,0,4,0,600730,4880,101661,6295,0.04520360146726444,0.5633109619686801
8418,0.8972,1,1,1,600731,4879,101662,6294,0.04519433843417689,0.5633222948178644
8419,0.8973,1,7,1,600738,4872,101663,6293,0.045129497202564005,0.5636363636363636
8420,0.8974,1,0,1,600738,4872,101664,6292,0.045129497202564005,0.5635972769616625
8421,0.8975,21,29,21,600767,4843,101685,6271,0.04486086924302494,0.5642432967428469
8422,0.8977,1,6,1,600773,4837,101686,6270,0.04480529104449961,0.5645088682812641
8423,0.8978,0,2,0,600775,4835,101686,6270,0.044786764978324504,0.5646105357946871
8424,0.8979,2,2,2,600777,4833,101688,6268,0.04476823891214939,0.5646338167732636
8425,0.898,11,6,11,600783,4827,101699,6257,0.04471266071362407,0.5645073980512451
8426,0.8981,1,7,1,600790,4820,101700,6256,0.04464781948201119,0.5648248465149873
8427,0.8982,1,4,1,600794,4816,101701,6255,0.044610767349660976,0.5649896125011291
8428,0.8983,20,17,20,600811,4799,101721,6235,0.04445329578717255,0.5650715968823636
8429,0.8984,1,2,1,600813,4797,101722,6234,0.04443476972099744,0.5651346206146315
8430,0.8985,3,4,3,600817,4793,101725,6231,0.044397717588647224,0.565221335268505
8431,0.8986,3,7,3,600824,4786,101728,6228,0.04433287635703435,0.5654621390956964
8432,0.8987,3,9,3,600833,4777,101731,6225,0.04424950905924636,0.5658062170514452
8433,0.8988,2,2,2,600835,4775,101733,6223,0.04423098299307125,0.5658301509365339
8434,0.8989,0,2,0,600837,4773,101733,6223,0.04421245692689614,0.5659330665696617
8435,0.899,5,2,5,600839,4771,101738,6218,0.044193930860721035,0.5658385658385658
8436,0.8991,1,2,1,600841,4769,101739,6217,0.044175404794545924,0.5659020571636628
8437,0.8992,9,8,9,600849,4761,101748,6208,0.04410130052984549,0.5659586106299571
8438,0.8993,3,6,3,600855,4755,101751,6205,0.04404572233132017,0.5661496350364964
8439,0.8994,1,2,1,600857,4753,101752,6204,0.044027196265145056,0.5662133795747011
8440,0.8995,1,2,1,600859,4751,101753,6203,0.04400867019896995,0.5662771590286654
8441,0.8996,0,3,0,600862,4748,101753,6203,0.04398088109970729,0.5664322892886494
8442,0.8997,1,2,1,600864,4746,101754,6202,0.04396235503353218,0.5664961636828645
8443,0.8998,0,1,0,600865,4745,101754,6202,0.04395309200044462,0.5665479126701379
8444,0.8999,1,0,1,600865,4745,101755,6201,0.04395309200044462,0.5665083135391924
8445,0.9,611,492,611,601357,4253,102366,5590,0.03939567972136796,0.5679162856852585
8446,0.9001,1,1,1,601358,4252,102367,5589,0.03938641668828041,0.5679300884056498
8447,0.9002,3,1,3,601359,4251,102370,5586,0.039377153655192856,0.5678560536749009
8448,0.9003,3,1,3,601360,4250,102373,5583,0.0393678906221053,0.5677819587104648
8449,0.9004,0,2,0,601362,4248,102373,5583,0.039349364555930195,0.5678974671956057
8450,0.9005,0,2,0,601364,4246,102373,5583,0.039330838489755084,0.5680130226879642
8451,0.9006,0,2,0,601366,4244,102373,5583,0.03931231242357998,0.568128625216241
8452,0.9007,4,2,4,601368,4242,102377,5579,0.03929378635740487,0.5680684248039914
8453,0.9008,8,11,8,601379,4231,102385,5571,0.03919189299344177,0.5683533972658641
8454,0.9009,0,1,0,601380,4230,102385,5571,0.039182629960354216,0.5684113865932048
8455,0.901,6,6,6,601386,4224,102391,5565,0.039127051761828895,0.5684952497701502
8456,0.9011,0,1,0,601387,4223,102391,5565,0.03911778872874134,0.5685533306089089
8457,0.9012,3,3,3,601390,4220,102394,5562,0.03908999962947868,0.5685953792680434
8458,0.9013,3,5,3,601395,4215,102397,5559,0.039043684464040905,0.5687538367096379
8459,0.9014,1,0,1,601395,4215,102398,5558,0.039043684464040905,0.5687097104266857
8460,0.9015,0,3,0,601398,4212,102398,5558,0.039015895364778244,0.5688843398157626
8461,0.9016,1,3,1,601401,4209,102399,5557,0.03898810626551558,0.5690149498259267
8462,0.9017,13,16,13,601417,4193,102412,5544,0.038839897736114716,0.5693745506829619
8463,0.9018,0,5,0,601422,4188,102412,5544,0.03879358257067694,0.5696670776818742
8464,0.9019,1,3,1,601425,4185,102413,5543,0.03876579347141428,0.5697985197368421
8465,0.902,8,5,8,601430,4180,102421,5535,0.03871947830597651,0.5697375193000515
8466,0.9021,1,3,1,601433,4177,102422,5534,0.03869168920671385,0.5698692204716301
8467,0.9022,0,4,0,601437,4173,102422,5534,0.03865463707436363,0.5701040486247039
8468,0.9023,1,4,1,601441,4169,102423,5533,0.038617584942013415,0.5702947845804989
8469,0.9024,0,2,0,601443,4167,102423,5533,0.0385990588758383,0.5704123711340207
8470,0.9025,14,14,14,601457,4153,102437,5519,0.03846937641261255,0.570616211745244
8471,0.9027,1,3,1,601460,4150,102438,5518,0.03844158731334988,0.5707488622258998
8472,0.9028,1,4,1,601464,4146,102439,5517,0.03840453518099966,0.5709407016454517
8473,0.9029,2,4,2,601468,4142,102441,5515,0.038367483048649446,0.5710883297090193
8474,0.903,4,4,4,601472,4138,102445,5511,0.03833043091629923,0.5711472691470618
8475,0.9031,0,3,0,601475,4135,102445,5511,0.03830264181703657,0.5713249015135807
8476,0.9032,1,0,1,601475,4135,102446,5510,0.03830264181703657,0.5712804561949196
8477,0.9033,52,38,52,601513,4097,102498,5458,0.03795064655970951,0.5712192569335427
8478,0.9034,0,2,0,601515,4095,102498,5458,0.0379321204935344,0.5713388464356747
8479,0.9035,2,6,2,601521,4089,102500,5456,0.03787654229500908,0.5716081718177056
8480,0.9036,0,2,0,601523,4087,102500,5456,0.03785801622883397,0.5717279681441895
8481,0.9037,3,2,3,601525,4085,102503,5453,0.03783949016265886,0.5717131474103586
8482,0.9038,1,3,1,601528,4082,102504,5452,0.0378117010633962,0.5718481225089155
8483,0.9039,0,2,0,601530,4080,102504,5452,0.03779317499722109,0.5719681074276123
8484,0.904,6,6,6,601536,4074,102510,5446,0.03773759679869577,0.5720588235294117
8485,0.9041,1,1,1,601537,4073,102511,5445,0.03772833376560821,0.5720739651187224
8486,0.9042,5,6,5,601543,4067,102516,5440,0.03767275556708288,0.5722099505627433
8487,0.9043,1,4,1,601547,4063,102517,5439,0.037635703434732666,0.5724058093033045
8488,0.9045,4,4,4,601551,4059,102521,5435,0.03759865130238245,0.5724668211502001
8489,0.9046,1,1,1,601552,4058,102522,5434,0.0375893882692949,0.5724820901812052
8490,0.9047,1,4,1,601556,4054,102523,5433,0.03755233613694468,0.572678402023822
8491,0.9048,3,2,3,601558,4052,102526,5430,0.03753381007076957,0.5726639949377769
8492,0.9049,0,1,0,601559,4051,102526,5430,0.037524547037682016,0.5727243961607426
8493,0.905,97,69,97,601628,3982,102623,5333,0.03688539775464078,0.572517444981213
8494,0.9051,0,3,0,601631,3979,102623,5333,0.03685760865537812,0.5727018900343642
8495,0.9052,1,2,1,601633,3977,102624,5332,0.03683908258920301,0.5727790310452251
8496,0.9053,3,2,3,601635,3975,102627,5329,0.0368205565230279,0.5727644024075667
8497,0.9054,0,4,0,601639,3971,102627,5329,0.036783504390677686,0.573010752688172
8498,0.9055,2,1,2,601640,3970,102629,5327,0.03677424135759013,0.5729805313542002
8499,0.9056,2,3,2,601643,3967,102631,5325,0.03674645225832747,0.573073611708997
8500,0.9057,3,1,3,601644,3966,102634,5322,0.036737189225239913,0.5729974160206718
8501,0.9058,9,3,9,601647,3963,102643,5313,0.03670940012597725,0.5727684346701164
8502,0.9059,1,1,1,601648,3962,102644,5312,0.0367001370928897,0.5727841276687513
8503,0.906,10,4,10,601652,3958,102654,5302,0.03666308496053948,0.5725701943844492
8504,0.9061,0,1,0,601653,3957,102654,5302,0.036653821927451924,0.5726320336969435
8505,0.9062,2,1,2,601654,3956,102656,5300,0.03664455889436437,0.5726015557476232
8506,0.9063,2,1,2,601655,3955,102658,5298,0.03663529586127682,0.5725710580352318
8507,0.9064,1,0,1,601655,3955,102659,5297,0.03663529586127682,0.57252485948984
8508,0.9065,5,5,5,601660,3950,102664,5292,0.036588980695839046,0.5726033326119887
8509,0.9066,0,2,0,601662,3948,102664,5292,0.036570454629663934,0.5727272727272728
8510,0.9067,56,41,56,601703,3907,102720,5236,0.03619067027307422,0.5726785518976266
8511,0.9068,4,3,4,601706,3904,102724,5232,0.036162881173811556,0.5726795096322241
8512,0.907,3,3,3,601709,3901,102727,5229,0.03613509207454889,0.5727272727272728
8513,0.9071,2,1,2,601710,3900,102729,5227,0.03612582904146134,0.5726963953106169
8514,0.9072,1,1,1,601711,3899,102730,5226,0.036116566008373784,0.5727123287671233
8515,0.9073,3,3,3,601714,3896,102733,5223,0.03608877690911112,0.5727601710713894
8516,0.9074,1,3,1,601717,3893,102734,5222,0.036060987809848455,0.5729018102029622
8517,0.9075,20,22,20,601739,3871,102754,5202,0.035857201081922266,0.5733494985120687
8518,0.9076,2,0,2,601739,3871,102756,5200,0.035857201081922266,0.5732554293903649
8519,0.9077,1,1,1,601740,3870,102757,5199,0.03584793804883471,0.5732715845186901
8520,0.9078,1,1,1,601741,3869,102758,5198,0.035838675015747154,0.5732877467740156
8521,0.9079,0,4,0,601745,3865,102758,5198,0.03580162288339694,0.5735407701644047
8522,0.908,7,7,7,601752,3858,102765,5191,0.03573678165178406,0.5736545474638082
8523,0.9082,5,3,5,601755,3855,102770,5186,0.0357089925525214,0.573609114036058
8524,0.9083,14,12,14,601767,3843,102784,5172,0.03559783615547075,0.5737104825291182
8525,0.9084,0,1,0,601768,3842,102784,5172,0.03558857312238319,0.5737741291324606
8526,0.9085,2,2,2,601770,3840,102786,5170,0.03557004705620809,0.5738068812430632
8527,0.9086,1,2,1,601772,3838,102787,5169,0.035551520990032975,0.5738869767958255
8528,0.9087,0,6,0,601778,3832,102787,5169,0.035495942791507654,0.5742695256082657
8529,0.9088,5,1,5,601779,3831,102792,5164,0.0354866797584201,0.5740967204002223
8530,0.9089,1,0,1,601779,3831,102793,5163,0.0354866797584201,0.5740493662441628
8531,0.909,0,6,0,601785,3825,102793,5163,0.03543110155989477,0.5744325767690254
8532,0.9091,1,2,1,601787,3823,102794,5162,0.035412575493719664,0.5745130773511408
8533,0.9092,5,8,5,601795,3815,102799,5157,0.03533847122901923,0.5747882300490414
8534,0.9093,3,2,3,601797,3813,102802,5154,0.03531994516284412,0.5747741719638675
8535,0.9094,1,0,1,601797,3813,102803,5153,0.03531994516284412,0.5747267454829356
8536,0.9095,2,1,2,601798,3812,102805,5151,0.03531068212975657,0.5746959723306928
8537,0.9096,2,4,2,601802,3808,102807,5149,0.03527362999740635,0.5748576532321089
8538,0.9097,2,0,2,601802,3808,102809,5147,0.03527362999740635,0.5747627024008933
8539,0.9098,2,1,2,601803,3807,102811,5145,0.0352643669643188,0.5747319034852547
8540,0.9099,0,2,0,601805,3805,102811,5145,0.035245840898143685,0.5748603351955307
8541,0.91,534,408,534,602213,3397,103345,4611,0.03146652339842158,0.5757992007992008
8542,0.9102,2,1,2,602214,3396,103347,4609,0.03145726036533403,0.5757651467832605
8543,0.9103,3,1,3,602215,3395,103350,4606,0.03144799733224647,0.5756780402449694
8544,0.9104,0,1,0,602216,3394,103350,4606,0.031438734299158916,0.57575
8545,0.9105,2,2,2,602218,3392,103352,4604,0.03142020823298381,0.5757878939469735
8546,0.9106,0,1,0,602219,3391,103352,4604,0.031410945199896255,0.5758599124452783
8547,0.9107,2,2,2,602221,3389,103354,4602,0.03139241913372114,0.5758978851207609
8548,0.9108,4,4,4,602225,3385,103358,4598,0.031355367001370926,0.5759739446323437
8549,0.9109,0,1,0,602226,3384,103358,4598,0.03134610396828338,0.5760461037334001
8550,0.911,1,1,1,602227,3383,103359,4597,0.03133684093519582,0.5760651629072682
8551,0.9111,0,2,0,602229,3381,103359,4597,0.03131831486902071,0.576209576334921
8552,0.9112,1,1,1,602230,3380,103360,4596,0.03130905183593316,0.5762286860581746
8553,0.9113,2,2,2,602232,3378,103362,4594,0.03129052576975805,0.5762669342699448
8554,0.9115,3,5,3,602237,3373,103365,4591,0.03124421060432028,0.5764691109994977
8555,0.9116,0,3,0,602240,3370,103365,4591,0.031216421505057615,0.5766863459364402
8556,0.9117,19,18,19,602258,3352,103384,4572,0.03104968690948164,0.5769813225643614
8557,0.9118,1,1,1,602259,3351,103385,4571,0.031040423876394087,0.5770007573844989
8558,0.912,2,5,2,602264,3346,103387,4569,0.030994108710956314,0.5772583701831965
8559,0.9121,1,3,1,602267,3343,103388,4568,0.030966319611693653,0.5774238402224751
8560,0.9122,1,0,1,602267,3343,103389,4567,0.030966319611693653,0.5773704171934261
8561,0.9123,1,2,1,602269,3341,103390,4566,0.030947793545518545,0.5774630074617427
8562,0.9124,0,1,0,602270,3340,103390,4566,0.03093853051243099,0.5775360485707058
8563,0.9125,15,22,15,602292,3318,103405,4551,0.0307347437845048,0.578345406023637
8564,0.9126,0,2,0,602294,3316,103405,4551,0.03071621771832969,0.5784924367611541
8565,0.9127,0,2,0,602296,3314,103405,4551,0.030697691652154583,0.5786395422759059
8566,0.9128,0,7,0,602303,3307,103405,4551,0.030632850420541702,0.5791550012725885
8567,0.9129,1,2,1,602305,3305,103406,4550,0.030614324354366593,0.5792488860598345
8568,0.913,2,6,2,602311,3299,103408,4548,0.030558746155841268,0.5795845546068561
8569,0.9131,2,2,2,602313,3297,103410,4546,0.03054022008966616,0.5796251434400101
8570,0.9132,1,4,1,602317,3293,103411,4545,0.030503167957315943,0.579867313090074
8571,0.9133,44,36,44,602353,3257,103455,4501,0.03016969876616399,0.5801753029131219
8572,0.9135,0,3,0,602356,3254,103455,4501,0.03014190966690133,0.5803997421018697
8573,0.9137,0,3,0,602359,3251,103455,4501,0.030114120567638666,0.58062435500516
8574,0.9139,0,1,0,602360,3250,103455,4501,0.030104857534551114,0.580699264611018
8575,0.914,9,14,9,602374,3236,103464,4492,0.029975175071325355,0.5812629399585921
8576,0.9141,0,1,0,602375,3235,103464,4492,0.0299659120382378,0.5813381648764074
8577,0.9142,7,4,7,602379,3231,103471,4485,0.029928859905887582,0.5812597200622084
8578,0.9143,1,1,1,602380,3230,103472,4484,0.02991959687280003,0.5812807881773399
8579,0.9144,1,0,1,602380,3230,103473,4483,0.02991959687280003,0.5812265007130818
8580,0.9145,2,1,2,602381,3229,103475,4481,0.029910333839712474,0.5811932555123217
8581,0.9147,0,4,0,602385,3225,103475,4481,0.029873281707362257,0.5814949390085647
8582,0.9148,0,1,0,602386,3224,103475,4481,0.029864018674274705,0.581570408825438
8583,0.9149,1,2,1,602388,3222,103476,4480,0.029845492608099596,0.5816670994546871
8584,0.915,78,85,78,602473,3137,103554,4402,0.02905813479565749,0.5838970685767343
8585,0.9151,0,1,0,602474,3136,103554,4402,0.029048871762569935,0.5839745290527991
8586,0.9152,0,2,0,602476,3134,103554,4402,0.029030345696394826,0.5841295116772823
8587,0.9154,0,2,0,602478,3132,103554,4402,0.029011819630219718,0.5842845765861429
8588,0.9155,0,3,0,602481,3129,103554,4402,0.028984030530957057,0.5845173283760456
8589,0.9156,0,4,0,602485,3125,103554,4402,0.02894697839860684,0.5848279527036003
8590,0.9157,0,5,0,602490,3120,103554,4402,0.028900663233169067,0.5852166976867854
8591,0.9158,2,2,2,602492,3118,103556,4400,0.02888213716699396,0.5852620377760043
8592,0.9159,1,1,1,602493,3117,103557,4399,0.028872874133906407,0.5852847259180415
8593,0.916,5,9,5,602502,3108,103562,4394,0.028789506836118417,0.5857104772060784
8594,0.9162,2,4,2,602506,3104,103564,4392,0.0287524547037682,0.5859124866595518
8595,0.9163,2,1,2,602507,3103,103566,4390,0.028743191670680648,0.5858801548111571
8596,0.9164,2,0,2,602507,3103,103568,4388,0.028743191670680648,0.5857695901748765
8597,0.9165,2,2,2,602509,3101,103570,4386,0.02872466560450554,0.5858154133831975
8598,0.9166,1,0,1,602509,3101,103571,4385,0.02872466560450554,0.5857600854929201
8599,0.9167,33,35,33,602544,3066,103604,4352,0.028400459446441144,0.5866810461040711
8600,0.9168,0,3,0,602547,3063,103604,4352,0.02837267034717848,0.5869184086311531
8601,0.917,2,0,2,602547,3063,103606,4350,0.02837267034717848,0.5868069607446378
8602,0.9171,3,1,3,602548,3062,103609,4347,0.028363407314090927,0.586718855446079
8603,0.9172,1,1,1,602549,3061,103610,4346,0.02835414428100337,0.5867422708248954
8604,0.9173,1,2,1,602551,3059,103611,4345,0.028335618214828263,0.5868449486763911
8605,0.9174,2,0,2,602551,3059,103613,4343,0.028335618214828263,0.5867333153201837
8606,0.9175,11,21,11,602572,3038,103624,4332,0.028141094519989626,0.5877883310719132
8607,0.9176,3,2,3,602574,3036,103627,4329,0.028122568453814518,0.5877800407331976
8608,0.9177,2,5,2,602579,3031,103629,4327,0.028076253288376745,0.58806740962218
8609,0.9178,1,1,1,602580,3030,103630,4326,0.028066990255289193,0.5880913539967374
8610,0.9179,1,2,1,602582,3028,103631,4325,0.028048464189114084,0.5881952944376445
8611,0.918,4,9,4,602591,3019,103635,4321,0.027965096891326095,0.588692098092643
8612,0.9182,2,2,2,602593,3017,103637,4319,0.027946570825150986,0.5887404580152672
8613,0.9183,8,14,8,602607,3003,103645,4311,0.027816888361925227,0.5894175553732568
8614,0.9185,0,2,0,602609,3001,103645,4311,0.02779836229575012,0.5895787746170679
8615,0.9186,1,3,1,602612,2998,103646,4310,0.027770573196487458,0.5897646414887794
8616,0.9188,1,0,1,602612,2998,103647,4309,0.027770573196487458,0.5897084986998768
8617,0.9189,2,1,2,602613,2997,103649,4307,0.027761310163399902,0.5896768893756845
8618,0.919,4,4,4,602617,2993,103653,4303,0.027724258031049685,0.5897752192982456
8619,0.9192,3,7,3,602624,2986,103656,4300,0.027659416799436808,0.5901729343947296
8620,0.9193,2,1,2,602625,2985,103658,4298,0.027650153766349255,0.590141425236853
8621,0.9194,1,5,1,602630,2980,103659,4297,0.027603838600911482,0.5904905867802666
8622,0.9195,1,0,1,602630,2980,103660,4296,0.027603838600911482,0.5904343045629467
8623,0.9196,1,1,1,602631,2979,103661,4295,0.02759457556782393,0.5904591696453121
8624,0.9197,1,2,1,602633,2977,103662,4294,0.02757604950164882,0.5905652592490717
8625,0.9198,1,3,1,602636,2974,103663,4293,0.027548260402386157,0.5907527177652401
8626,0.92,562,349,562,602985,2625,104225,3731,0.024315461854829745,0.5870044052863436
8627,0.9201,2,5,2,602990,2620,104227,3729,0.024269146689391976,0.5873365884391243
8628,0.9202,2,1,2,602991,2619,104229,3727,0.02425988365630442,0.5872990860384494
8629,0.9203,0,1,0,602992,2618,104229,3727,0.024250620623216868,0.587391646966115
8630,0.9204,1,0,1,602992,2618,104230,3726,0.024250620623216868,0.5873266078184111
8631,0.9205,1,1,1,602993,2617,104231,3725,0.02424135759012931,0.587354146956796
8632,0.9206,1,1,1,602994,2616,104232,3724,0.02423209455704176,0.5873817034700315
8633,0.9207,0,1,0,602995,2615,104232,3724,0.024222831523954203,0.5874743650418047
8634,0.9208,3,8,3,603003,2607,104235,3721,0.02414872725925377,0.5880214917825537
8635,0.9209,0,1,0,603004,2606,104235,3721,0.024139464226166217,0.5881144302196933
8636,0.921,1,7,1,603011,2599,104236,3720,0.024074622994553336,0.5887007437885742
8637,0.9212,1,1,1,603012,2598,104237,3719,0.024065359961465783,0.5887288269748299
8638,0.9213,0,1,0,603013,2597,104237,3719,0.024056096928378227,0.5888220392653578
8639,0.9214,0,1,0,603014,2596,104237,3719,0.024046833895290675,0.5889152810768012
8640,0.9215,2,0,2,603014,2596,104239,3717,0.024046833895290675,0.5887850467289719
8641,0.9216,1,0,1,603014,2596,104240,3716,0.024046833895290675,0.5887198986058302
8642,0.9217,10,14,10,603028,2582,104250,3706,0.023917151432064916,0.5893765903307888
8643,0.9218,1,0,1,603028,2582,104251,3705,0.023917151432064916,0.5893112772387467
8644,0.922,5,4,5,603032,2578,104256,3700,0.0238800992997147,0.5893596686842943
8645,0.9223,1,1,1,603033,2577,104257,3699,0.023870836266627143,0.5893881453154876
8646,0.9224,0,2,0,603035,2575,104257,3699,0.023852310200452035,0.5895760280522793
8647,0.9225,17,13,17,603048,2562,104274,3682,0.023731890770313832,0.5896860986547086
8648,0.9226,0,1,0,603049,2561,104274,3682,0.023722627737226276,0.5897805542207272
8649,0.9227,3,4,3,603053,2557,104277,3679,0.02368557560487606,0.5899615137908916
8650,0.9228,1,1,1,603054,2556,104278,3678,0.023676312571788507,0.5899903753609239
8651,0.9229,1,1,1,603055,2555,104279,3677,0.02366704953870095,0.5900192554557124
8652,0.923,2,0,2,603055,2555,104281,3675,0.02366704953870095,0.5898876404494382
8653,0.9231,0,2,0,603057,2553,104281,3675,0.023648523472525843,0.5900770712909441
8654,0.9232,1,1,1,603058,2552,104282,3674,0.02363926043943829,0.5901060070671378
8655,0.9233,35,29,35,603087,2523,104317,3639,0.02337063247989922,0.5905550146056475
8656,0.9235,0,1,0,603088,2522,104317,3639,0.023361369446811664,0.590650868365525
8657,0.9238,0,2,0,603090,2520,104317,3639,0.023342843380636556,0.590842669264491
8658,0.924,7,6,7,603096,2514,104324,3632,0.02328726518211123,0.5909534656687276
8659,0.9241,1,0,1,603096,2514,104325,3631,0.02328726518211123,0.5908868999186331
8660,0.9242,2,4,2,603100,2510,104327,3629,0.023250213049761013,0.591138621925395
8661,0.9243,0,1,0,603101,2509,104327,3629,0.02324095001667346,0.5912349299446074
8662,0.9244,0,1,0,603102,2508,104327,3629,0.023231686983585905,0.5913312693498453
8663,0.9245,0,2,0,603104,2506,104327,3629,0.023213160917410797,0.5915240423797881
8664,0.9246,1,0,1,603104,2506,104328,3628,0.023213160917410797,0.5914574502771438
8665,0.9247,2,3,2,603107,2503,104330,3626,0.023185371818148136,0.5916136400717898
8666,0.9249,1,0,1,603107,2503,104331,3625,0.023185371818148136,0.5915469973890339
8667,0.925,63,58,63,603165,2445,104394,3562,0.022648115899069992,0.5929748626602297
8668,0.9252,0,7,0,603172,2438,104394,3562,0.02258327466745711,0.5936666666666667
8669,0.9253,1,4,1,603176,2434,104395,3561,0.022546222535106894,0.5939949958298583
8670,0.9257,2,2,2,603178,2432,104397,3559,0.022527696468931786,0.5940577532966116
8671,0.9258,2,3,2,603181,2429,104399,3557,0.022499907369669125,0.5942198463080521
8672,0.926,11,3,11,603184,2426,104410,3546,0.02247211827040646,0.5937709310113864
8673,0.9261,0,2,0,603186,2424,104410,3546,0.022453592204231352,0.5939698492462312
8674,0.9262,3,4,3,603190,2420,104413,3543,0.022416540071881135,0.5941640114036558
8675,0.9263,1,2,1,603192,2418,104414,3542,0.022398014005706027,0.5942953020134228
8676,0.9264,1,0,1,603192,2418,104415,3541,0.022398014005706027,0.5942272193321027
8677,0.9266,1,0,1,603192,2418,104416,3540,0.022398014005706027,0.594159113796576
8678,0.9267,35,41,35,603233,2377,104451,3505,0.022018229649116306,0.5958857531451887
8679,0.9268,2,1,2,603234,2376,104453,3503,0.022008966616028754,0.5958496342915461
8680,0.9269,1,2,1,603236,2374,104454,3502,0.021990440549853645,0.5959836623553437
8681,0.927,4,4,4,603240,2370,104458,3498,0.02195338841750343,0.5961145194274029
8682,0.9271,2,1,2,603241,2369,104460,3496,0.021944125384415872,0.596078431372549
8683,0.9272,2,1,2,603242,2368,104462,3494,0.02193486235132832,0.596042306380075
8684,0.9273,1,0,1,603242,2368,104463,3493,0.02193486235132832,0.5959733833816755
8685,0.9274,1,2,1,603244,2366,104464,3492,0.02191633628515321,0.596107886650734
8686,0.9275,20,21,20,603265,2345,104484,3472,0.02172181259031457,0.5968712394705175
8687,0.9277,1,4,1,603269,2341,104485,3471,0.021684760457964355,0.5972126634549209
8688,0.9278,1,1,1,603270,2340,104486,3470,0.021675497424876802,0.5972461273666093
8689,0.9279,1,1,1,603271,2339,104487,3469,0.021666234391789246,0.5972796143250688
8690,0.928,4,6,4,603277,2333,104491,3465,0.02161065619326392,0.5976198689203174
8691,0.9281,0,3,0,603280,2330,104491,3465,0.02158286709400126,0.5979292493528904
8692,0.9282,1,3,1,603283,2327,104492,3464,0.021555077994738596,0.5981695734760836
8693,0.9283,3,7,3,603290,2320,104495,3461,0.021490236763125718,0.5986853485556132
8694,0.9284,0,2,0,603292,2318,104495,3461,0.02147171069695061,0.5988925419622773
8695,0.9285,3,1,3,603293,2317,104498,3458,0.021462447663863054,0.5987878787878788
8696,0.9286,3,1,3,603294,2316,104501,3455,0.0214531846307755,0.598683070525039
8697,0.9287,3,0,3,603294,2316,104504,3452,0.0214531846307755,0.5984743411927878
8698,0.9288,1,2,1,603296,2314,104505,3451,0.021434658564600393,0.5986123156981786
8699,0.9289,0,1,0,603297,2313,104505,3451,0.021425395531512837,0.5987161693268563
8700,0.929,4,3,4,603300,2310,104509,3447,0.021397606432250176,0.5987493486190725
8701,0.9292,0,3,0,603303,2307,104509,3447,0.021369817332987512,0.5990615224191866
8702,0.9294,0,1,0,603304,2306,104509,3447,0.02136055429989996,0.5991656527029376
8703,0.9295,1,2,1,603306,2304,104510,3446,0.02134202823372485,0.599304347826087
8704,0.9297,1,1,1,603307,2303,104511,3445,0.021332765200637295,0.5993389004871259
8705,0.9298,2,0,2,603307,2303,104513,3443,0.021332765200637295,0.5991994430908458
8706,0.93,448,344,448,603651,1959,104961,2995,0.018146281818518656,0.6045619701251513
8707,0.9302,1,2,1,603653,1957,104962,2994,0.018127755752343547,0.6047263179155726
8708,0.9303,3,4,3,603657,1953,104965,2991,0.01809070361999333,0.6049757281553398
8709,0.9304,0,1,0,603658,1952,104965,2991,0.018081440586905778,0.605098118551487
8710,0.9305,1,3,1,603661,1949,104966,2990,0.018053651487643114,0.6053857056084228
8711,0.9306,1,1,1,603662,1948,104967,2989,0.01804438845455556,0.6054283978124367
8712,0.9307,2,1,2,603663,1947,104969,2987,0.018035125421468005,0.6053911633563032
8713,0.9308,1,7,1,603670,1940,104970,2986,0.017970284189855128,0.606171335769387
8714,0.931,2,3,2,603673,1937,104972,2984,0.017942495090592463,0.6063808169071327
8715,0.9311,0,3,0,603676,1934,104972,2984,0.017914705991329802,0.6067507116714111
8716,0.9312,2,1,2,603677,1933,104974,2982,0.017905442958242247,0.6067141403865717
8717,0.9313,2,0,2,603677,1933,104976,2980,0.017905442958242247,0.6065540403012416
8718,0.9314,1,2,1,603679,1931,104977,2979,0.017886916892067138,0.6067209775967414
8719,0.9315,1,0,1,603679,1931,104978,2978,0.017886916892067138,0.6066408637196985
8720,0.9316,2,0,2,603679,1931,104980,2976,0.017886916892067138,0.6064805380069289
8721,0.9317,4,12,4,603691,1919,104984,2972,0.017775760495016488,0.6076466980167655
8722,0.9318,3,5,3,603696,1914,104987,2969,0.01772944532957872,0.6080278517304936
8723,0.9319,0,1,0,603697,1913,104987,2969,0.017720182296491162,0.6081523965587874
8724,0.932,0,4,0,603701,1909,104987,2969,0.017683130164140946,0.6086510865108651
8725,0.9321,0,2,0,603703,1907,104987,2969,0.017664604097965837,0.6089007383100903
8726,0.9323,1,4,1,603707,1903,104988,2968,0.01762755196561562,0.6093204680763703
8727,0.9324,0,1,0,603708,1902,104988,2968,0.017618288932528068,0.6094455852156058
8728,0.9325,7,11,7,603719,1891,104995,2961,0.01751639556856497,0.6102638087386645
8729,0.9326,1,0,1,603719,1891,104996,2960,0.01751639556856497,0.6101834673263244
8730,0.9327,4,0,4,603719,1891,105000,2956,0.01751639556856497,0.6098617701671136
8731,0.9328,1,4,1,603723,1887,105001,2955,0.017479343436214753,0.6102850061957868
8732,0.9329,0,1,0,603724,1886,105001,2955,0.0174700804031272,0.6104110720925429
8733,0.9332,0,2,0,603726,1884,105001,2955,0.017451554336952092,0.6106633601983881
8734,0.9333,26,29,26,603755,1855,105027,2929,0.01718292637741302,0.6122491638795987
8735,0.9334,0,1,0,603756,1854,105027,2929,0.017173663344325466,0.6123771691407067
8736,0.9335,1,1,1,603757,1853,105028,2928,0.01716440031123791,0.6124241790420414
8737,0.9336,2,0,2,603757,1853,105030,2926,0.01716440031123791,0.6122619794936179
8738,0.9337,0,1,0,603758,1852,105030,2926,0.017155137278150358,0.6123901213897028
8739,0.9338,1,3,1,603761,1849,105031,2925,0.017127348178887693,0.6126937578550482
8740,0.9339,0,1,0,603762,1848,105031,2925,0.01711808514580014,0.6128221244500315
8741,0.934,7,4,7,603766,1844,105038,2918,0.017081033013449924,0.6127677446451071
8742,0.9341,0,2,0,603768,1842,105038,2918,0.017062506947274816,0.6130252100840337
8743,0.9342,3,2,3,603770,1840,105041,2915,0.017043980881099707,0.6130389064143007
8744,0.9343,0,3,0,603773,1837,105041,2915,0.017016191781837046,0.6134259259259259
8745,0.9345,1,0,1,603773,1837,105042,2914,0.017016191781837046,0.613344559040202
8746,0.9346,0,2,0,603775,1835,105042,2914,0.016997665715661938,0.6136028637607918
8747,0.9347,1,4,1,603779,1831,105043,2913,0.01696061358331172,0.6140387858347386
8748,0.9348,2,3,2,603782,1828,105045,2911,0.016932824484049057,0.6142646127875079
8749,0.935,61,38,61,603820,1790,105106,2850,0.016580829226721997,0.6142241379310345
8750,0.9352,1,3,1,603823,1787,105107,2849,0.016553040127459336,0.6145383951682485
8751,0.9353,1,0,1,603823,1787,105108,2848,0.016553040127459336,0.6144552319309601
8752,0.9354,1,2,1,603825,1785,105109,2847,0.016534514061284228,0.6146373056994818
8753,0.9355,1,1,1,603826,1784,105110,2846,0.016525251028196672,0.6146868250539956
8754,0.9357,3,3,3,603829,1781,105113,2843,0.01649746192893401,0.6148356401384083
8755,0.9358,4,2,4,603831,1779,105117,2839,0.016478935862758903,0.6147682979644868
8756,0.936,10,5,10,603836,1774,105127,2829,0.01643262069732113,0.6145991744514447
8757,0.9361,1,2,1,603838,1772,105128,2828,0.01641409463114602,0.6147826086956522
8758,0.9362,0,1,0,603839,1771,105128,2828,0.01640483159805847,0.6149162861491628
8759,0.9363,0,2,0,603841,1769,105128,2828,0.01638630553188336,0.6151838155318686
8760,0.9365,1,1,1,603842,1768,105129,2827,0.016377042498795805,0.615233949945593
8761,0.9366,0,1,0,603843,1767,105129,2827,0.016367779465708252,0.6153678711362647
8762,0.9367,29,20,29,603863,1747,105158,2798,0.016182518803957168,0.6156215621562157
8763,0.9368,0,1,0,603864,1746,105158,2798,0.016173255770869612,0.6157570422535211
8764,0.937,1,3,1,603867,1743,105159,2797,0.01614546667160695,0.616079295154185
8765,0.9374,0,1,0,603868,1742,105159,2797,0.016136203638519395,0.616215025335977
8766,0.9375,8,10,8,603878,1732,105167,2789,0.016043573307643853,0.6168989161689892
8767,0.9377,2,4,2,603882,1728,105169,2787,0.016006521175293636,0.6172757475083056
8768,0.9378,1,0,1,603882,1728,105170,2786,0.016006521175293636,0.6171909614532566
8769,0.9379,1,0,1,603882,1728,105171,2785,0.016006521175293636,0.6171061378240638
8770,0.938,2,3,2,603885,1725,105173,2783,0.015978732076030976,0.6173469387755102
8771,0.9381,0,1,0,603886,1724,105173,2783,0.01596946904294342,0.6174839139116929
8772,0.9382,3,4,3,603890,1720,105176,2780,0.015932416910593206,0.6177777777777778
8773,0.9383,4,8,4,603898,1712,105180,2776,0.015858312645892773,0.6185383244206774
8774,0.9384,1,2,1,603900,1710,105181,2775,0.015839786579717664,0.6187290969899666
8775,0.9385,1,1,1,603901,1709,105182,2774,0.01583052354663011,0.6187820655810841
8776,0.9386,1,2,1,603903,1707,105183,2773,0.015811997480455,0.6189732142857143
8777,0.9387,1,2,1,603905,1705,105184,2772,0.01579347141427989,0.6191646191646192
8778,0.9388,2,1,2,603906,1704,105186,2770,0.01578420838119234,0.6191327670987931
8779,0.9389,1,0,1,603906,1704,105187,2769,0.01578420838119234,0.6190476190476191
8780,0.939,4,1,4,603907,1703,105191,2765,0.015774945348104783,0.618845120859445
8781,0.9391,0,3,0,603910,1700,105191,2765,0.015747156248842122,0.6192609182530795
8782,0.9392,3,5,3,603915,1695,105194,2762,0.01570084108340435,0.6196993493381198
8783,0.9393,2,1,2,603916,1694,105196,2760,0.015691578050316797,0.6196677144140099
8784,0.9394,0,1,0,603917,1693,105196,2760,0.01568231501722924,0.6198068717718392
8785,0.9395,0,1,0,603918,1692,105196,2760,0.01567305198414169,0.6199460916442049
8786,0.9396,3,0,3,603918,1692,105199,2757,0.01567305198414169,0.6196898179366149
8787,0.9397,0,2,0,603920,1690,105199,2757,0.01565452591796658,0.6199685181020913
8788,0.9398,2,3,2,603923,1687,105201,2755,0.015626736818703916,0.620216118865376
8789,0.94,440,279,440,604202,1408,105641,2315,0.013042350587276298,0.6218103679828095
8790,0.9401,0,2,0,604204,1406,105641,2315,0.01302382452110119,0.6221445847890352
8791,0.9402,1,0,1,604204,1406,105642,2314,0.01302382452110119,0.6220430107526882
8792,0.9403,1,0,1,604204,1406,105643,2313,0.01302382452110119,0.6219413820919603
8793,0.9404,1,0,1,604204,1406,105644,2312,0.01302382452110119,0.6218396987627757
8794,0.9405,0,2,0,604206,1404,105644,2312,0.013005298454926081,0.6221743810548978
8795,0.9407,1,1,1,604207,1403,105645,2311,0.012996035421838527,0.6222401723209477
8796,0.9408,1,1,1,604208,1402,105646,2310,0.012986772388750973,0.6223060344827587
8797,0.941,2,4,2,604212,1398,105648,2308,0.012949720256400756,0.6227738801942796
8798,0.9411,1,0,1,604212,1398,105649,2307,0.012949720256400756,0.622672064777328
8799,0.9412,0,1,0,604213,1397,105649,2307,0.012940457223313202,0.6228401727861771
8800,0.9415,1,2,1,604215,1395,105650,2306,0.012921931157138094,0.6230748446365847
8801,0.9416,1,0,1,604215,1395,105651,2305,0.012921931157138094,0.6229729729729729
8802,0.9417,5,13,5,604228,1382,105656,2300,0.012801511726999889,0.6246605105920695
8803,0.9418,0,1,0,604229,1381,105656,2300,0.012792248693912335,0.6248302091822874
8804,0.9419,0,1,0,604230,1380,105656,2300,0.01278298566082478,0.625
8805,0.942,5,3,5,604233,1377,105661,2295,0.012755196561562118,0.625
8806,0.9421,0,4,0,604237,1373,105661,2295,0.012718144429211901,0.6256815703380589
8807,0.9422,1,2,1,604239,1371,105662,2294,0.012699618363036793,0.6259208731241473
8808,0.9423,1,0,1,604239,1371,105663,2293,0.012699618363036793,0.6258187772925764
8809,0.9424,0,1,0,604240,1370,105663,2293,0.012690355329949238,0.625989625989626
8810,0.9425,5,5,5,604245,1365,105668,2288,0.012644040164511467,0.6263345195729537
8811,0.9427,1,1,1,604246,1364,105669,2287,0.012634777131423913,0.6264037250068475
8812,0.9429,0,1,0,604247,1363,105669,2287,0.012625514098336359,0.6265753424657534
8813,0.943,2,2,2,604249,1361,105671,2285,0.01260698803216125,0.6267142073505211
8814,0.9433,17,19,17,604268,1342,105688,2268,0.01243099040349772,0.6282548476454294
8815,0.9435,3,1,3,604269,1341,105691,2265,0.012421727370410167,0.6281198003327787
8816,0.9438,0,1,0,604270,1340,105691,2265,0.012412464337322612,0.6282940360610264
8817,0.9439,1,0,1,604270,1340,105692,2264,0.012412464337322612,0.6281908990011099
8818,0.944,9,2,9,604272,1338,105701,2255,0.012393938271147504,0.6276092401892569
8819,0.9441,0,1,0,604273,1337,105701,2255,0.01238467523805995,0.6277839643652561
8820,0.9442,0,3,0,604276,1334,105701,2255,0.012356886138797287,0.6283087210922262
8821,0.9443,0,2,0,604278,1332,105701,2255,0.012338360072622179,0.6286590465570114
8822,0.9448,2,4,2,604282,1328,105703,2253,0.012301307940271962,0.6291538676347389
8823,0.945,46,43,46,604325,1285,105749,2207,0.011902997517507133,0.6320160366552119
8824,0.9454,2,1,2,604326,1284,105751,2205,0.011893734484419579,0.6319862424763543
8825,0.9455,1,5,1,604331,1279,105752,2204,0.011847419318981808,0.6327878265862762
8826,0.9456,0,1,0,604332,1278,105752,2204,0.011838156285894253,0.6329695577254452
8827,0.9457,2,0,2,604332,1278,105754,2202,0.011838156285894253,0.6327586206896552
8828,0.9458,2,5,2,604337,1273,105756,2200,0.011791841120456482,0.6334581053843938
8829,0.9459,2,0,2,604337,1273,105758,2198,0.011791841120456482,0.6332469029098242
8830,0.946,7,2,7,604339,1271,105765,2191,0.011773315054281374,0.6328711727325246
8831,0.9463,1,1,1,604340,1270,105766,2190,0.01176405202119382,0.6329479768786127
8832,0.9465,2,1,2,604341,1269,105768,2188,0.011754788988106266,0.632918715649407
8833,0.9467,37,22,37,604363,1247,105805,2151,0.011551002260180073,0.6330194231901118
8834,0.9469,0,1,0,604364,1246,105805,2151,0.011541739227092519,0.6332057697968796
8835,0.947,0,3,0,604367,1243,105805,2151,0.011513950127829856,0.6337654684737772
8836,0.9472,1,3,1,604370,1240,105806,2150,0.011486161028567194,0.6342182890855457
8837,0.9474,1,0,1,604370,1240,105807,2149,0.011486161028567194,0.6341103570374742
8838,0.9475,10,9,10,604379,1231,105817,2139,0.011402793730779206,0.6347181008902077
8839,0.9477,2,1,2,604380,1230,105819,2137,0.011393530697691652,0.6346896346896347
8840,0.948,1,1,1,604381,1229,105820,2136,0.011384267664604097,0.6347696879643387
8841,0.9482,2,1,2,604382,1228,105822,2134,0.011375004631516543,0.6347412254610351
8842,0.9483,6,9,6,604391,1219,105828,2128,0.011291637333728555,0.6357932476844935
8843,0.9484,1,2,1,604393,1217,105829,2127,0.011273111267553447,0.6360645933014354
8844,0.9485,0,3,0,604396,1214,105829,2127,0.011245322168290784,0.6366357378030529
8845,0.9486,1,1,1,604397,1213,105830,2126,0.01123605913520323,0.6367175801138065
8846,0.9487,2,1,2,604398,1212,105832,2124,0.011226796102115676,0.6366906474820144
8847,0.9488,0,1,0,604399,1211,105832,2124,0.011217533069028122,0.6368815592203898
8848,0.9489,0,2,0,604401,1209,105832,2124,0.011199007002853013,0.6372637263726373
8849,0.949,0,1,0,604402,1208,105832,2124,0.01118974396976546,0.6374549819927972
8850,0.9491,1,1,1,604403,1207,105833,2123,0.011180480936677905,0.6375375375375375
8851,0.9492,3,1,3,604404,1206,105836,2120,0.01117121790359035,0.6374022850270595
8852,0.9493,1,0,1,604404,1206,105837,2119,0.01117121790359035,0.6372932330827068
8853,0.9496,1,0,1,604404,1206,105838,2118,0.01117121790359035,0.6371841155234657
8854,0.9497,1,0,1,604404,1206,105839,2117,0.01117121790359035,0.6370749322900993
8855,0.95,400,248,400,604652,958,106239,1717,0.008873985697876913,0.6418691588785047
8856,0.9502,1,0,1,604652,958,106240,1716,0.008873985697876913,0.6417352281226627
8857,0.9504,2,1,2,604653,957,106242,1714,0.00886472266478936,0.641707225758143
8858,0.9507,2,3,2,604656,954,106244,1712,0.008836933565526697,0.6421605401350338
8859,0.9508,1,0,1,604656,954,106245,1711,0.008836933565526697,0.6420262664165103
8860,0.9512,0,1,0,604657,953,106245,1711,0.008827670532439142,0.6422672672672672
8861,0.9515,0,1,0,604658,952,106245,1711,0.008818407499351588,0.6425084491175366
8862,0.9517,2,3,2,604661,949,106247,1709,0.008790618400088926,0.6429646350639578
8863,0.9518,0,1,0,604662,948,106247,1709,0.008781355367001371,0.6432066240120436
8864,0.9519,0,1,0,604663,947,106247,1709,0.008772092333913817,0.6434487951807228
8865,0.952,3,0,3,604663,947,106250,1706,0.008772092333913817,0.6430456087448172
8866,0.9521,1,2,1,604665,945,106251,1705,0.008753566267738709,0.6433962264150943
8867,0.9522,0,1,0,604666,944,106251,1705,0.008744303234651155,0.6436391090977728
8868,0.9525,6,5,6,604671,939,106257,1699,0.008697988069213384,0.6440485216072782
8869,0.9527,1,0,1,604671,939,106258,1698,0.008697988069213384,0.6439135381114903
8870,0.9528,1,2,1,604673,937,106259,1697,0.008679462003038275,0.6442672741078208
8871,0.953,0,1,0,604674,936,106259,1697,0.008670198969950721,0.6445119635396885
8872,0.9532,1,1,1,604675,935,106260,1696,0.008660935936863167,0.6446218167996959
8873,0.9533,14,14,14,604689,921,106274,1682,0.008531253473637408,0.6461774875144064
8874,0.9534,0,1,0,604690,920,106274,1682,0.008521990440549854,0.6464258262874711
8875,0.9535,0,3,0,604693,917,106274,1682,0.008494201341287191,0.6471719892266257
8876,0.9536,1,0,1,604693,917,106275,1681,0.008494201341287191,0.647036181678214
8877,0.9537,3,0,3,604693,917,106278,1678,0.008494201341287191,0.6466281310211947
8878,0.9538,0,1,0,604694,916,106278,1678,0.008484938308199637,0.6468774094063223
8879,0.954,3,2,3,604696,914,106281,1675,0.008466412242024528,0.6469679412900734
8880,0.9541,2,2,2,604698,912,106283,1673,0.00844788617584942,0.6471953578336557
8881,0.9542,1,0,1,604698,912,106284,1672,0.00844788617584942,0.6470588235294118
8882,0.9543,3,2,3,604700,910,106287,1669,0.008429360109674312,0.6471500581620784
8883,0.9544,1,3,1,604703,907,106288,1668,0.008401571010411649,0.6477669902912622
8884,0.955,49,22,49,604725,885,106337,1619,0.008197784282485457,0.6465654952076677
8885,0.9552,0,1,0,604726,884,106337,1619,0.008188521249397902,0.6468238114262884
8886,0.9553,1,1,1,604727,883,106338,1618,0.008179258216310348,0.6469412235105958
8887,0.9555,0,2,0,604729,881,106338,1618,0.00816073215013524,0.6474589835934373
8888,0.9556,1,1,1,604730,880,106339,1617,0.008151469117047686,0.6475770925110133
8889,0.9558,1,1,1,604731,879,106340,1616,0.008142206083960131,0.6476953907815631
8890,0.956,3,5,3,604736,874,106343,1613,0.00809589091852236,0.648572577402493
8891,0.9561,0,1,0,604737,873,106343,1613,0.008086627885434806,0.6488334674175382
8892,0.9563,1,2,1,604739,871,106344,1612,0.008068101819259698,0.6492146596858639
8893,0.9567,18,12,18,604751,859,106362,1594,0.007956945422209049,0.6498165511618427
8894,0.957,1,0,1,604751,859,106363,1593,0.007956945422209049,0.649673735725938
8895,0.9572,1,1,1,604752,858,106364,1592,0.007947682389121495,0.649795918367347
8896,0.9573,1,0,1,604752,858,106365,1591,0.007947682389121495,0.6496529195590037
8897,0.9574,0,1,0,604753,857,106365,1591,0.00793841935603394,0.6499183006535948
8898,0.9575,3,6,3,604759,851,106368,1588,0.007882841157508615,0.6510865108651086
8899,0.9576,2,2,2,604761,849,106370,1586,0.007864315091333507,0.6513347022587269
8900,0.9578,3,3,3,604764,846,106373,1583,0.007836525992070844,0.6517085220255249
8901,0.9579,0,1,0,604765,845,106373,1583,0.00782726295898329,0.6519769357495881
8902,0.958,3,2,3,604767,843,106376,1580,0.007808736892808181,0.6520841931489889
8903,0.9581,0,2,0,604769,841,106376,1580,0.007790210826633072,0.6526228831061545
8904,0.9582,2,0,2,604769,841,106378,1578,0.007790210826633072,0.6523356758991319
8905,0.9583,8,3,8,604772,838,106386,1570,0.00776242172737041,0.6519933554817275
8906,0.9584,0,1,0,604773,837,106386,1570,0.007753158694282856,0.6522642293311176
8907,0.9585,0,2,0,604775,835,106386,1570,0.007734632628107747,0.6528066528066528
8908,0.9586,0,1,0,604776,834,106386,1570,0.007725369595020193,0.6530782029950083
8909,0.959,0,1,0,604777,833,106386,1570,0.007716106561932639,0.6533499791926758
8910,0.9592,1,0,1,604777,833,106387,1569,0.007716106561932639,0.6532056619483764
8911,0.9593,1,0,1,604777,833,106388,1568,0.007716106561932639,0.6530612244897959
8912,0.9595,0,1,0,604778,832,106388,1568,0.0077068435288450855,0.6533333333333333
8913,0.9596,0,2,0,604780,830,106388,1568,0.007688317462669977,0.6538782318598833
8914,0.9597,1,2,1,604782,828,106389,1567,0.007669791396494869,0.6542797494780793
8915,0.9598,1,2,1,604784,826,106390,1566,0.00765126533031976,0.6546822742474916
8916,0.96,373,192,373,604976,634,106763,1193,0.005872762977509356,0.6529830322933772
8917,0.9602,1,1,1,604977,633,106764,1192,0.0058634999444218015,0.6531506849315069
8918,0.9604,0,1,0,604978,632,106764,1192,0.005854236911334247,0.6535087719298246
8919,0.9605,0,2,0,604980,630,106764,1192,0.005835710845159139,0.6542261251372119
8920,0.9607,0,1,0,604981,629,106764,1192,0.005826447812071585,0.6545853926414058
8921,0.9608,1,2,1,604983,627,106765,1191,0.005807921745896476,0.6551155115511551
8922,0.9609,0,1,0,604984,626,106765,1191,0.005798658712808922,0.6554760594386351
8923,0.961,3,0,3,604984,626,106768,1188,0.005798658712808922,0.6549062844542448
8924,0.9611,1,0,1,604984,626,106769,1187,0.005798658712808922,0.6547159404302262
8925,0.9615,0,1,0,604985,625,106769,1187,0.005789395679721368,0.6550772626931567
8926,0.9616,0,1,0,604986,624,106769,1187,0.005780132646633814,0.6554389839867476
8927,0.9617,0,3,0,604989,621,106769,1187,0.005752343547371151,0.6565265486725663
8928,0.962,1,1,1,604990,620,106770,1186,0.005743080514283597,0.6566998892580288
8929,0.9621,0,2,0,604992,618,106770,1186,0.0057245544481084884,0.6574279379157428
8930,0.9623,0,1,0,604993,617,106770,1186,0.005715291415020934,0.6577925679423183
8931,0.9624,1,0,1,604993,617,106771,1185,0.005715291415020934,0.6576026637069923
8932,0.9625,2,1,2,604994,616,106773,1183,0.00570602838193338,0.6575875486381323
8933,0.9628,1,0,1,604994,616,106774,1182,0.00570602838193338,0.657397107897664
8934,0.9633,18,13,18,605007,603,106792,1164,0.005585608951795175,0.6587436332767402
8935,0.9635,1,0,1,605007,603,106793,1163,0.005585608951795175,0.6585503963759909
8936,0.9638,0,1,0,605008,602,106793,1163,0.005576345918707622,0.6589235127478753
8937,0.964,5,2,5,605010,600,106798,1158,0.005557819852532514,0.658703071672355
8938,0.9645,0,2,0,605012,598,106798,1158,0.005539293786357405,0.6594533029612756
8939,0.9646,1,0,1,605012,598,106799,1157,0.005539293786357405,0.6592592592592592
8940,0.965,28,25,28,605037,573,106827,1129,0.00530771795916855,0.663337250293772
8941,0.9653,1,1,1,605038,572,106828,1128,0.005298454926080996,0.6635294117647059
8942,0.9654,1,1,1,605039,571,106829,1127,0.005289191892993442,0.6637220259128387
8943,0.9655,0,1,0,605040,570,106829,1127,0.0052799288599058875,0.6641131408367708
8944,0.966,3,1,3,605041,569,106832,1124,0.005270665826818333,0.6639102185469581
8945,0.9663,1,0,1,605041,569,106833,1123,0.005270665826818333,0.6637115839243499
8946,0.9665,1,0,1,605041,569,106834,1122,0.005270665826818333,0.6635127143701951
8947,0.9667,12,8,12,605049,561,106846,1110,0.0051965615621179,0.6642728904847397
8948,0.9669,0,1,0,605050,560,106846,1110,0.0051872985290303455,0.6646706586826348
8949,0.9671,1,1,1,605051,559,106847,1109,0.005178035495942791,0.6648681055155875
8950,0.9672,1,0,1,605051,559,106848,1108,0.005178035495942791,0.6646670665866826
8951,0.9675,4,4,4,605055,555,106852,1104,0.0051409833635925745,0.6654611211573237
8952,0.9676,0,1,0,605056,554,106852,1104,0.00513172033050502,0.6658624849215923
8953,0.9678,0,1,0,605057,553,106852,1104,0.005122457297417466,0.6662643331321666
8954,0.968,6,4,6,605061,549,106858,1098,0.005085405165067249,0.6666666666666666
8955,0.9683,4,2,4,605063,547,106862,1094,0.005066879098892141,0.6666666666666666
8956,0.9685,1,1,1,605064,546,106863,1093,0.005057616065804587,0.6668700427089689
8957,0.9687,2,0,2,605064,546,106865,1091,0.005057616065804587,0.6664630421502749
8958,0.9689,2,0,2,605064,546,106867,1089,0.005057616065804587,0.6660550458715596
8959,0.969,1,0,1,605064,546,106868,1088,0.005057616065804587,0.6658506731946144
8960,0.9692,3,0,3,605064,546,106871,1085,0.005057616065804587,0.6652360515021459
8961,0.9698,1,1,1,605065,545,106872,1084,0.005048353032717033,0.665438919582566
8962,0.97,308,167,308,605232,378,107180,776,0.0035014265070954834,0.6724436741767764
8963,0.9705,0,1,0,605233,377,107180,776,0.003492163474007929,0.6730268863833477
8964,0.9706,1,1,1,605234,376,107181,775,0.003482900440920375,0.6733275412684622
8965,0.9708,2,0,2,605234,376,107183,773,0.003482900440920375,0.6727589208006962
8966,0.9712,0,1,0,605235,375,107183,773,0.003473637407832821,0.6733449477351916
8967,0.9713,1,2,1,605237,373,107184,772,0.0034551113416577124,0.674235807860262
8968,0.9717,2,2,2,605239,371,107186,770,0.003436585275482604,0.6748466257668712
8969,0.9718,1,0,1,605239,371,107187,769,0.003436585275482604,0.6745614035087719
8970,0.972,1,0,1,605239,371,107188,768,0.003436585275482604,0.6742756804214223
8971,0.9725,3,8,3,605247,363,107191,765,0.0033624810107821704,0.6781914893617021
8972,0.9726,1,0,1,605247,363,107192,764,0.0033624810107821704,0.6779059449866903
8973,0.9728,0,1,0,605248,362,107192,764,0.003353217977694616,0.6785079928952042
8974,0.973,1,1,1,605249,361,107193,763,0.003343954944607062,0.6788256227758007
8975,0.9733,4,5,4,605254,356,107197,759,0.0032976397791692914,0.6807174887892377
8976,0.974,3,4,3,605258,352,107200,756,0.0032605876468190746,0.6823104693140795
8977,0.9742,1,1,1,605259,351,107201,755,0.0032513246137315203,0.6826401446654611
8978,0.9743,0,1,0,605260,350,107201,755,0.003242061580643966,0.6832579185520362
8979,0.9745,0,2,0,605262,348,107201,755,0.0032235355144688577,0.6844968268359021
8980,0.975,20,12,20,605274,336,107221,735,0.0031123791174182073,0.6862745098039216
8981,0.976,0,1,0,605275,335,107221,735,0.003103116084330653,0.6869158878504673
8982,0.9761,1,0,1,605275,335,107222,734,0.003103116084330653,0.686623012160898
8983,0.9767,6,6,6,605281,329,107228,728,0.0030475378858053283,0.6887417218543046
8984,0.9773,1,0,1,605281,329,107229,727,0.0030475378858053283,0.6884469696969697
8985,0.9775,1,4,1,605285,325,107230,726,0.0030104857534551115,0.6907706945765937
8986,0.978,0,1,0,605286,324,107230,726,0.0030012227203675573,0.6914285714285714
8987,0.9783,2,4,2,605290,320,107232,724,0.0029641705880173405,0.6934865900383141
8988,0.9789,0,3,0,605293,317,107232,724,0.002936381488754678,0.6954851104707013
8989,0.979,1,0,1,605293,317,107233,723,0.002936381488754678,0.6951923076923077
8990,0.9799,0,1,0,605294,316,107233,723,0.0029271184556671236,0.6958614051973051
8991,0.98,291,126,291,605420,190,107524,432,0.001759976286635296,0.6945337620578779
8992,0.9802,0,3,0,605423,187,107524,432,0.0017321871873726333,0.6978998384491115
8993,0.9808,1,0,1,605423,187,107525,431,0.0017321871873726333,0.6974110032362459
8994,0.9813,0,3,0,605426,184,107525,431,0.0017043980881099707,0.7008130081300813
8995,0.9817,1,0,1,605426,184,107526,430,0.0017043980881099707,0.7003257328990228
8996,0.982,1,0,1,605426,184,107527,429,0.0017043980881099707,0.6998368678629691
8997,0.9825,1,1,1,605427,183,107528,428,0.0016951350550224165,0.7004909983633388
8998,0.9827,0,1,0,605428,182,107528,428,0.0016858720219348623,0.7016393442622951
8999,0.9833,5,2,5,605430,180,107533,423,0.0016673459557597539,0.7014925373134329
9000,0.9835,0,1,0,605431,179,107533,423,0.0016580829226721999,0.7026578073089701
9001,0.984,0,2,0,605433,177,107533,423,0.0016395568564970915,0.705
9002,0.9842,1,0,1,605433,177,107534,422,0.0016395568564970915,0.7045075125208681
9003,0.9843,0,2,0,605435,175,107534,422,0.001621030790321983,0.7068676716917923
9004,0.9846,1,0,1,605435,175,107535,421,0.001621030790321983,0.7063758389261745
9005,0.985,9,6,9,605441,169,107544,412,0.0015654525917966578,0.7091222030981067
9006,0.986,2,0,2,605441,169,107546,410,0.0015654525917966578,0.7081174438687392
9007,0.9864,0,1,0,605442,168,107546,410,0.0015561895587091036,0.7093425605536332
9008,0.9867,8,3,8,605445,165,107554,402,0.0015284004594464412,0.708994708994709
9009,0.9871,1,0,1,605445,165,107555,401,0.0015284004594464412,0.7084805653710248
9010,0.9875,6,2,6,605447,163,107561,395,0.0015098743932713328,0.7078853046594982
9011,0.988,0,1,0,605448,162,107561,395,0.0015006113601837786,0.7091561938958707
9012,0.9883,1,2,1,605450,160,107562,394,0.0014820852940086702,0.7111913357400722
9013,0.9894,0,1,0,605451,159,107562,394,0.001472822260921116,0.7124773960216998
9014,0.99,209,97,209,605548,62,107771,185,0.0005743080514283597,0.7489878542510121
9015,0.9907,1,1,1,605549,61,107772,184,0.0005650450183408056,0.7510204081632653
9016,0.9917,2,0,2,605549,61,107774,182,0.0005650450183408056,0.7489711934156379
9017,0.9925,2,0,2,605549,61,107776,180,0.0005650450183408056,0.7468879668049793
9018,0.9933,2,1,2,605550,60,107778,178,0.0005557819852532514,0.7478991596638656
9019,0.9943,1,1,1,605551,59,107779,177,0.0005465189521656972,0.75
9020,0.995,3,4,3,605555,55,107782,174,0.0005094668198154803,0.759825327510917
9021,0.9967,4,0,4,605555,55,107786,170,0.0005094668198154803,0.7555555555555555
9022,0.9975,1,0,1,605555,55,107787,169,0.0005094668198154803,0.7544642857142857
9023,0.9978,0,1,0,605556,54,107787,169,0.0005002037867279261,0.757847533632287
9024,0.9986,0,5,0,605561,49,107787,169,0.00045388862129015523,0.7752293577981652
9025,1.0,169,49,169,605610,0,107956,0,0.0,
